galstreams/tracks/track.st.LMS-1.malhan2021.ecsv
# %ECSV 0.9
# ---
# datatype:
# - {name: ra, unit: deg, datatype: float64}
# - {name: dec, unit: deg, datatype: float64}
# - {name: distance, unit: kpc, datatype: float64}
# - {name: pm_ra_cosdec, unit: mas / yr, datatype: float64}
# - {name: pm_dec, unit: mas / yr, datatype: float64}
# - {name: radial_velocity, unit: km / s, datatype: float64}
# delimiter: ','
# meta: !!omap
# - __serialized_columns__:
#     dec:
#       __class__: astropy.coordinates.angles.Latitude
#       unit: &id001 !astropy.units.Unit {unit: deg}
#       value: !astropy.table.SerializedColumn {name: dec}
#     distance:
#       __class__: astropy.coordinates.distances.Distance
#       unit: !astropy.units.Unit {unit: kpc}
#       value: !astropy.table.SerializedColumn {name: distance}
#     pm_dec:
#       __class__: astropy.units.quantity.Quantity
#       unit: !astropy.units.Unit {unit: mas / yr}
#       value: !astropy.table.SerializedColumn {name: pm_dec}
#     pm_ra_cosdec:
#       __class__: astropy.units.quantity.Quantity
#       unit: !astropy.units.Unit {unit: mas / yr}
#       value: !astropy.table.SerializedColumn {name: pm_ra_cosdec}
#     ra:
#       __class__: astropy.coordinates.angles.Longitude
#       unit: *id001
#       value: !astropy.table.SerializedColumn {name: ra}
#       wrap_angle: !astropy.coordinates.Angle
#         unit: *id001
#         value: 360.0
#     radial_velocity:
#       __class__: astropy.units.quantity.Quantity
#       unit: !astropy.units.Unit {unit: km / s}
#       value: !astropy.table.SerializedColumn {name: radial_velocity}
# schema: astropy-2.0
ra,dec,distance,pm_ra_cosdec,pm_dec,radial_velocity
[from data line 3770]
232.68762053966307,29.48551498724092,19.000000000000032,0.26649501925475216,-1.5748424061787967,-111.1042655004542
232.69953526305466,29.486036363782485,19.00000000000003,0.26666078886064354,-1.5751469202347512,-111.12079714910183
232.71145009853694,29.48655661877251,19.00000000000003,0.2668264266727931,-1.5754514638887545,-111.13735798165865
232.72336504384268,29.487075758233768,19.00000000000003,0.26699193263948495,-1.5757560363271472,-111.15394808017489
232.73528009670406,29.48759378820022,19.000000000000032,0.2671573067093085,-1.5760606367343035,-111.17056752673145
232.74719525485295,29.488110714716978,19.00000000000003,0.2673225488311602,-1.5763652642926311,-111.18721640343938
232.7591105160208,29.488626543840375,19.00000000000003,0.2674876589542445,-1.576669918182569,-111.20389479244017
232.7710258779385,29.489141281637924,19.00000000000003,0.26765263702807496,-1.5769745975825864,-111.22060277590565
232.7829413383368,29.48965493418834,19.000000000000032,0.2678174830024751,-1.5772793016691808,-111.23734043603787
232.7948568949459,29.490167507581525,19.00000000000003,0.2679821968275802,-1.57758402961688,-111.2541078550692
232.8067725454956,29.490679007918644,19.000000000000032,0.26814677845383555,-1.5778887805982313,-111.27090511526227
232.8186882877153,29.491189441312063,19.000000000000032,0.2683112278320011,-1.578193553783812,-111.2877322989099
232.83060411933408,29.491698813885368,19.00000000000003,0.26847554491314995,-1.5784983483422195,-111.30458948833511
232.84252003808066,29.492207131773405,19.000000000000032,0.26863972964867,-1.5788031634400708,-111.32147676589123
232.85443604168333,29.492714401122274,19.00000000000003,0.2688037819902652,-1.5791079982420047,-111.33839421396158
232.86635212787004,29.493220628089293,19.00000000000003,0.26896770188995645,-1.579412851910679,-111.35534191495971
232.8782682943684,29.493725818843078,19.00000000000003,0.26913148930008174,-1.5797177236067634,-111.37231995132923
232.8901845389057,29.4942299795635,19.00000000000003,0.269295144173299,-1.5800226124889483,-111.38932840554388
232.9021008592087,29.494733116441715,19.000000000000032,0.2694586664625841,-1.5803275177139338,-111.40636736010754
232.91401725300412,29.495235235680138,19.00000000000003,0.2696220561212361,-1.5806324384364339,-111.42343689755391
232.92593371801806,29.49573634349252,19.00000000000003,0.2697853131028734,-1.5809373738091719,-111.44053710044705
232.9378502519764,29.49623644610388,19.000000000000032,0.26994843736143853,-1.5812423229828811,-111.45766805138071
232.94976685260488,29.49673554975055,19.00000000000003,0.27011142885119777,-1.5815472851063022,-111.47482983297873
232.96168351762853,29.49723366068019,19.000000000000032,0.2702742875267403,-1.5818522593261808,-111.49202252789499
232.97360024477243,29.497730785151756,19.00000000000003,0.2704370133429833,-1.5821572447872687,-111.50924621881319
232.9855170317612,29.49822692943556,19.00000000000003,0.2705996062551695,-1.5824622406323199,-111.52650098844698
232.99743387631906,29.498722099813236,19.00000000000003,0.2707620662188687,-1.582767246002089,-111.54378691953993
233.00935077617012,29.49921630257777,19.00000000000003,0.27092439318998024,-1.5830722600353324,-111.56110409486551
233.02126772903816,29.4997095440335,19.00000000000003,0.2710865871247327,-1.5833772818688034,-111.5784525972268
233.0331847326465,29.500201830496117,19.00000000000003,0.27124864797968484,-1.5836823106372533,-111.59583250945701
233.0451017847184,29.500693168292678,19.000000000000032,0.2714105757117274,-1.583987345473428,-111.61324391441897
233.05701888297682,29.501183563761643,19.00000000000003,0.2715723702780847,-1.5842923855080686,-111.6306868950053
233.06893602514427,29.501673023252796,19.000000000000032,0.27173403163631227,-1.584597429869907,-111.6481615341384
233.08085320894315,29.50216155312737,19.000000000000032,0.27189555974430213,-1.5849024776856684,-111.66566791477038
233.09277043209562,29.502649159757958,19.00000000000003,0.27205695456028134,-1.585207528080066,-111.6832061198831
233.1046876923235,29.503135849528586,19.00000000000003,0.2722182160428128,-1.5855125801757985,-111.70077623248805
233.11660498734847,29.503621628834654,19.00000000000003,0.27237934415079873,-1.5858176330935576,-111.71837833562637
233.12852231489177,29.504106504083012,19.00000000000003,0.27254033884347734,-1.5861226859520134,-111.73601251236894
233.1404396726747,29.504590481691938,19.000000000000032,0.27270120008042853,-1.5864277378678224,-111.75367884581614
233.152357058418,29.505073568091124,19.00000000000003,0.2728619278215716,-1.5867327879556241,-111.77137741909796
233.16427446984252,29.505555769721703,19.000000000000032,0.2730225220271677,-1.5870378353280357,-111.78910831537404
233.1761919046686,29.506037093036287,19.00000000000003,0.2731829826578204,-1.5873428790956556,-111.80687161783348
233.1881093606166,29.506517544498923,19.000000000000032,0.2733433096744772,-1.5876479183670584,-111.82466740969497
233.20002683540653,29.506997130585113,19.00000000000003,0.2735035030384297,-1.5879529522487974,-111.84249577420663
233.21194432675824,29.507475857781863,19.00000000000003,0.27366356271131487,-1.588257979845396,-111.86035679464624
233.22386183239138,29.507953732587616,19.00000000000003,0.27382348865511674,-1.5885630002593532,-111.87825055432067
233.23577935002547,29.508430761512344,19.00000000000003,0.2739832808321665,-1.5888680125911394,-111.8961771365666
233.2476968773796,29.50890695107747,19.00000000000003,0.2741429392051433,-1.5891730159391948,-111.91413662475001
233.25961441217316,29.509382307815955,19.00000000000003,0.2743024637370778,-1.5894780093999286,-111.93212910226609
233.27153195212492,29.509856838272253,19.00000000000003,0.27446185439134874,-1.5897829920677156,-111.95015465253967
233.28344949495366,29.510330549002347,19.00000000000003,0.274621111131688,-1.590087963034897,-111.96821335902474
233.29536703837798,29.510803446573696,19.00000000000003,0.2747802339221793,-1.5903929213917785,-111.98630530520464
233.30728458011632,29.51127553756536,19.000000000000036,0.2749392227272604,-1.5906978662266273,-112.00443057459208
233.31920211788702,29.511746828567894,19.000000000000032,0.2750980775117236,-1.5910027966256737,-112.02258925072893
233.33111964940827,29.51221732618343,19.00000000000003,0.2752567982407162,-1.5913077116731047,-112.04078141718644
233.343037172398,29.512687037025596,19.00000000000003,0.27541538487974265,-1.5916126104510675,-112.05900715756506
233.35495468457412,29.513155967719648,19.00000000000003,0.27557383739466446,-1.5919174920396637,-112.07726655549426
233.36687218365446,29.51362412490236,19.00000000000003,0.2757321557517029,-1.5922223555169532,-112.09555969463298
233.3787896673566,29.514091515222113,19.00000000000003,0.2758903399174373,-1.5925271999589463,-112.11388665866916
233.39070713339802,29.514558145338878,19.000000000000032,0.2760483898588084,-1.592832024439607,-112.13224753131999
233.4026245794963,29.515024021924162,19.00000000000003,0.27620630554311953,-1.5931368280308509,-112.1506423963315
233.41454200336852,29.51548915166114,19.000000000000032,0.2763640869380345,-1.59344160980254,-112.1690713374792
233.426459402732,29.51595354124455,19.000000000000032,0.2765217340115827,-1.5937463688224853,-112.1875344385674
233.43837677530388,29.516417197380747,19.00000000000003,0.2766792467321568,-1.594051104156446,-112.20603178342954
233.45029411880117,29.51688012678772,19.00000000000003,0.2768366250685169,-1.5943558148681218,-112.22456345592815
233.46221143094087,29.51734233619508,19.00000000000003,0.2769938689897888,-1.5946605000191594,-112.24312953995455
233.47412870943978,29.51780383234407,19.00000000000003,0.2771509784654651,-1.5949651586691438,-112.26173011942942
233.48604595201476,29.518264621987583,19.00000000000003,0.27730795346540876,-1.5952697898756032,-112.2803652783019
233.49796315638258,29.518724711890147,19.000000000000032,0.27746479395985213,-1.5955743926940034,-112.29903510055053
233.50988032025978,29.519184108827965,19.000000000000032,0.27762149991939783,-1.5958789661777457,-112.31773967018243
233.52179744136316,29.519642819588903,19.000000000000032,0.27777807131502047,-1.5961835093781713,-112.33647907123387
233.53371451740924,29.52010085097249,19.00000000000003,0.27793450811806825,-1.5964880213445516,-112.35525338776976
233.5456315461145,29.520558209789936,19.00000000000003,0.2780908103002616,-1.5967925011240913,-112.37406270388405
233.55754852519559,29.521014902864145,19.00000000000003,0.2782469778336979,-1.5970969477619286,-112.39290710369926
233.5694654523689,29.521470937029715,19.00000000000003,0.27840301069084883,-1.5974013603011297,-112.41178667136707
233.5813823253509,29.521926319132934,19.00000000000003,0.27855890884456397,-1.5977057377826895,-112.43070149106757
233.59329914185804,29.52238105603183,19.00000000000003,0.2787146722680703,-1.5980100792455307,-112.44965164700977
233.60521589960672,29.52283515459612,19.00000000000003,0.278870300934974,-1.598314383726499,-112.46863722343156
233.6171325963134,29.523288621707234,19.000000000000036,0.27902579481926104,-1.5986186502603659,-112.48765830459922
233.62904922969452,29.52374146425837,19.00000000000003,0.27918115389529913,-1.598922877879827,-112.50671497480789
233.64096579746646,29.52419368915445,19.000000000000032,0.2793363781378374,-1.599227065615493,-112.52580731838145
233.65288229734574,29.524645303312138,19.00000000000003,0.2794914675220085,-1.5995312124959011,-112.54493541967227
233.6647987270487,29.52509631365984,19.000000000000032,0.27964642202332807,-1.5998353175475,-112.56409936306142
233.6767150842919,29.525546727137755,19.00000000000003,0.27980124161769865,-1.6001393797946601,-112.58329923295845
233.6886313667918,29.525996550697847,19.00000000000003,0.2799559262814082,-1.6004433982596633,-112.60253511380179
233.700547572265,29.526445791303804,19.00000000000003,0.28011047599113126,-1.600747371962707,-112.62180709005798
233.71246369842802,29.526894455931174,19.000000000000032,0.28026489072393185,-1.6010512999218993,-112.64111524622244
233.72437974299757,29.527342551567234,19.00000000000003,0.2804191704572626,-1.6013551811532605,-112.66045966681888
233.73629570369025,29.52779008521109,19.00000000000003,0.2805733151689661,-1.6016590146707175,-112.67984043639966
233.74821157822285,29.528237063873664,19.00000000000003,0.2807273248372771,-1.6019627994861065,-112.69925763954545
233.76012736431213,29.528683494577663,19.00000000000003,0.2808811994408222,-1.6022665346091702,-112.71871136086544
233.77204305967496,29.529129384357628,19.000000000000032,0.2810349389586218,-1.6025702190475548,-112.73820168499722
233.78395866202837,29.529574740259932,19.00000000000003,0.28118854337009075,-1.60287385180681,-112.75772869660672
233.7958741690893,29.530019569342766,19.00000000000003,0.281342012655039,-1.6031774318903882,-112.77729248038833
233.8077895785749,29.530463878676194,19.00000000000003,0.28149534679367333,-1.6034809582996403,-112.79689312106468
233.81970488820238,29.5309076753421,19.00000000000003,0.2816485457665983,-1.6037844300338169,-112.8165307033869
233.83162009568906,29.531350966434246,19.00000000000003,0.2818016095548168,-1.604087846090066,-112.8362053121342
233.84353519875228,29.531793759058253,19.00000000000003,0.28195453813973165,-1.6043912054634306,-112.85591703211414
233.85545019510965,29.532236060331606,19.00000000000003,0.282107331503146,-1.604694507146849,-112.87566594816262
233.86736508247876,29.53267787738368,19.00000000000003,0.28225998962726523,-1.6049977501311519,-112.89545214514366
233.87927985857738,29.533119217355743,19.00000000000003,0.28241251249469695,-1.6053009334050614,-112.91527570794962
233.8911945211234,29.533560087400932,19.00000000000003,0.2825649000884532,-1.605604055955189,-112.93513672150084
233.90310906783483,29.534000494684307,19.00000000000003,0.28271715239195055,-1.6059071167660353,-112.95503527074605
233.91502349642982,29.534440446382842,19.00000000000003,0.2828692693890118,-1.606210114819988,-112.974971440662
233.92693780462668,29.53487994968541,19.00000000000003,0.28302125106386605,-1.6065130490973198,-112.99494531625355
233.9388519901439,29.53531901179282,19.00000000000003,0.2831730974011515,-1.6068159185761877,-113.01495698255368
233.95076605070005,29.53575763991781,19.000000000000032,0.2833248083859146,-1.6071187222326306,-113.0350065246235
233.96267998401393,29.536195841285046,19.00000000000003,0.2834763840036122,-1.6074214590405698,-113.05509402755203
233.97459378780454,29.536633623131163,19.000000000000032,0.28362782424011224,-1.6077241279718042,-113.0752195764565
233.98650745979086,29.537070992704738,19.000000000000032,0.28377912908169445,-1.6080267279960134,-113.09538325648201
233.99842099769234,29.537507957266296,19.00000000000003,0.28393029851505325,-1.608329258080752,-113.11558515280161
234.0103343992283,29.537944524088346,19.00000000000003,0.28408133252729545,-1.6086317171914493,-113.13582535061649
234.02224766211862,29.538380700455367,19.00000000000003,0.2842322311059449,-1.6089341042914098,-113.15610393515556
234.03416078408307,29.538816493663834,19.00000000000003,0.28438299423894087,-1.6092364183418093,-113.17642099167585
234.0460737628417,29.539251911022177,19.00000000000003,0.2845336219146404,-1.6095386583016957,-113.19677660546213
234.05798659611486,29.53968695985086,19.00000000000003,0.2846841141218187,-1.6098408231279842,-113.21717086182704
234.06989928162298,29.540121647482355,19.00000000000003,0.2848344708496719,-1.6101429117754598,-113.23760384611123
234.0818118170869,29.540555981261118,19.000000000000032,0.28498469208781496,-1.6104449231967717,-113.25807564368299
234.09372420022757,29.540989968543638,19.00000000000003,0.28513477782628593,-1.6107468563424368,-113.27858633993846
234.10563642876608,29.541423616698424,19.00000000000003,0.2852847280555449,-1.6110487101608344,-113.29913602030165
234.11754850042396,29.541856933106036,19.00000000000003,0.28543454276647556,-1.6113504835982047,-113.31972477022414
234.1294604129228,29.542289925159064,19.00000000000003,0.2855842219503867,-1.6116521755986477,-113.34035267518547
234.14137216398464,29.542722600262156,19.000000000000032,0.28573376559901437,-1.6119537851041268,-113.36101982069269
234.15328375133151,29.543154965831995,19.00000000000003,0.28588317370451927,-1.6122553110544593,-113.3817262922807
234.165195172686,29.543587029297353,19.00000000000003,0.28603244625949165,-1.6125567523873192,-113.40247217551189
234.17710642577077,29.54401879809907,19.000000000000032,0.2861815832569506,-1.6128581080382358,-113.42325755597646
234.1890175083088,29.544450279690043,19.000000000000032,0.28633058469034467,-1.6131593769405925,-113.4440825192921
234.2009284180234,29.5448814815353,19.000000000000032,0.286479450553555,-1.6134605580256212,-113.46494715110423
234.2128391526381,29.54531241111189,19.000000000000032,0.2866281808408942,-1.613761650222409,-113.48585153708574
234.22474970987682,29.545743075909034,19.000000000000032,0.2867767755471077,-1.6140626524578878,-113.50679576293703
234.23666008746363,29.54617348342802,19.00000000000003,0.28692523466737696,-1.6143635636568392,-113.52777991438613
234.24857028312303,29.546603641182283,19.00000000000003,0.2870735581973167,-1.6146643827418885,-113.54880407718854
234.26048029457976,29.54703355669734,19.00000000000003,0.28722174613298,-1.6149651086335086,-113.56986833712732
234.2723901195589,29.54746323751086,19.00000000000003,0.28736979847085725,-1.6152657402500126,-113.59097278001286
234.2842997557859,29.54789269117266,19.00000000000003,0.2875177152078766,-1.6155662765075565,-113.61211749168298
234.2962092009865,29.54832192524469,19.00000000000003,0.2876654963414072,-1.6158667163201363,-113.63330255800307
234.30811845288673,29.548750947301045,19.000000000000032,0.2878131418692577,-1.6161670585995864,-113.65452806486576
234.32002750921302,29.549179764927977,19.000000000000032,0.28796065178967967,-1.6164673022555789,-113.67579409819108
234.33193636769212,29.549608385723946,19.00000000000003,0.2881080261013673,-1.6167674461956216,-113.69710074392654
