galstreams/tracks/track.st.Gaia-12.ibata2021.ecsv
# %ECSV 0.9
# ---
# datatype:
# - {name: ra, unit: deg, datatype: float64}
# - {name: dec, unit: deg, datatype: float64}
# - {name: distance, unit: kpc, datatype: float64}
# - {name: pm_ra_cosdec, unit: mas / yr, datatype: float64}
# - {name: pm_dec, unit: mas / yr, datatype: float64}
# - {name: radial_velocity, unit: km / s, datatype: float64}
# delimiter: ','
# meta: !!omap
# - __serialized_columns__:
#     dec:
#       __class__: astropy.coordinates.angles.Latitude
#       unit: &id001 !astropy.units.Unit {unit: deg}
#       value: !astropy.table.SerializedColumn {name: dec}
#     distance:
#       __class__: astropy.coordinates.distances.Distance
#       unit: !astropy.units.Unit {unit: kpc}
#       value: !astropy.table.SerializedColumn {name: distance}
#     pm_dec:
#       __class__: astropy.units.quantity.Quantity
#       unit: !astropy.units.Unit {unit: mas / yr}
#       value: !astropy.table.SerializedColumn {name: pm_dec}
#     pm_ra_cosdec:
#       __class__: astropy.units.quantity.Quantity
#       unit: !astropy.units.Unit {unit: mas / yr}
#       value: !astropy.table.SerializedColumn {name: pm_ra_cosdec}
#     ra:
#       __class__: astropy.coordinates.angles.Longitude
#       unit: *id001
#       value: !astropy.table.SerializedColumn {name: ra}
#       wrap_angle: !astropy.coordinates.Angle
#         unit: *id001
#         value: 360.0
#     radial_velocity:
#       __class__: astropy.units.quantity.Quantity
#       unit: !astropy.units.Unit {unit: km / s}
#       value: !astropy.table.SerializedColumn {name: radial_velocity}
# schema: astropy-2.0
ra,dec,distance,pm_ra_cosdec,pm_dec,radial_velocity
[from data line 276]
38.27281850609366,18.539681418591375,12.752467163652282,5.5002457933882845,-5.3419849429640225,-1.1789073981821273e-13
38.28088472594331,18.533224503924536,12.749559733019915,5.501409952283577,-5.3430114089837835,-1.515738083377021e-13
38.28895086195507,18.526767849132774,12.74664740844575,5.50257073231769,-5.34403878854172,-1.6841534259744677e-13
38.2970169126194,18.520311452267983,12.743730209275443,5.5037281450242554,-5.345067080457215,-8.420767129872338e-14
38.30508287642651,18.513855311382365,12.740808154854644,5.504882201937139,-5.346096283552037,-6.73661370389787e-14
38.31314875186656,18.50739942452843,12.737881264529017,5.506032914590408,-5.347126396650323,-1.515738083377021e-13
38.32121453742945,18.50094378975901,12.734949557644214,5.507180294518361,-5.348157418578598,-1.1789073981821273e-13
38.32928023160499,18.49448840512724,12.73201305354588,5.508324353255511,-5.34918934816577,-1.515738083377021e-13
38.3373458328828,18.488033268686547,12.729071771579685,5.509465102336589,-5.350222184243109,-1.347322740779574e-13
38.34541133975231,18.48157837849071,12.726125731091276,5.510602553296545,-5.351255925644271,-1.347322740779574e-13
38.35347675070283,18.475123732593783,12.723174951426305,5.511736717670548,-5.35229057120528,-1.347322740779574e-13
38.36154206422347,18.46866932905015,12.720219451930435,5.512867606993979,-5.353326119764532,-1.1789073981821273e-13
38.3696072788032,18.46221516591449,12.717259251949315,5.513995232802439,-5.354362570162798,-1.1789073981821273e-13
38.37767239293078,18.455761241241834,12.714294370828602,5.5151196066317505,-5.355399921243217,-1.8525687685719145e-13
38.385737405094936,18.449307553087422,12.711324827913948,5.516240740017944,-5.3564381718512974,-1.6841534259744677e-13
38.3938023137841,18.442854099506903,12.708350642551016,5.517358644497264,-5.357477320834909,-1.1789073981821273e-13
38.40186711748658,18.436400878556185,12.705371834085456,5.51847333160618,-5.358517367044292,-6.73661370389787e-14
38.40993181469052,18.429947888291522,12.702388421862924,5.519584812881369,-5.359558309332051,-8.420767129872338e-14
38.41799640388393,18.423495126769446,12.699400425229069,5.5206930998597255,-5.360600146553154,-1.8525687685719145e-13
38.42606088355464,18.417042592046798,12.696407863529554,5.521798204078356,-5.36164287756493,-1.347322740779574e-13
38.43412525219029,18.410590282180745,12.69341075611003,5.522900137074586,-5.362686501227062,-1.515738083377021e-13
38.44218950827842,18.40413819522875,12.690409122316158,5.523998910385943,-5.3637310164016,-1.347322740779574e-13
38.450253650306344,18.397686329248586,12.687402981493584,5.525094535550181,-5.36477642195295,-1.1789073981821273e-13
38.45831767676125,18.39123468229834,12.684392352987965,5.52618702410526,-5.365822716747872,-1.515738083377021e-13
38.46638158613017,18.384783252436392,12.681377256144957,5.527276387589353,-5.3668698996554856,-1.515738083377021e-13
38.47444537689996,18.37833203772144,12.678357710310218,5.528362637540845,-5.367917969547256,-1.347322740779574e-13
38.48250904755727,18.371881036212525,12.675333734829405,5.5294457854983285,-5.368966925297001,-1.515738083377021e-13
38.49057259658875,18.365430245968877,12.672305349048164,5.5305258430006115,-5.3700167657809015,-1.8525687685719145e-13
38.49863602248072,18.358979665050157,12.669272572312158,5.531602821586718,-5.371067489877476,-1.1789073981821273e-13
38.50669932371939,18.352529291516284,12.666235423967036,5.532676732795874,-5.3721190964675944,-1.0104920555846805e-13
38.51476249879083,18.346079123427486,12.663193923358458,5.533747588167518,-5.373171584434473,-1.347322740779574e-13
38.52282554618094,18.339629158844303,12.660148089832077,5.534815399241294,-5.374224952663669,-1.6841534259744677e-13
38.53088846437547,18.333179395827568,12.657097942733547,5.535880177557069,-5.375279200043098,-1.1789073981821273e-13
38.538951251859984,18.32672983243843,12.654043501408525,5.536941934654902,-5.376334325462994,-1.515738083377021e-13
38.54701390711991,18.320280466738346,12.650984785202667,5.538000682075074,-5.377390327815959,-1.0104920555846805e-13
38.555076428640525,18.31383129678907,12.647921813461625,5.539056431358063,-5.378447205996915,-6.73661370389787e-14
38.5631388149069,18.307382320652664,12.644854605531048,5.540109194044568,-5.379504958903133,-8.420767129872338e-14
38.571201064404,18.30093353639149,12.641783180756606,5.541158981675482,-5.380563585434213,-1.1789073981821273e-13
38.57926317561656,18.294484942068262,12.638707558483945,5.542205805791912,-5.381623084492095,-1.515738083377021e-13
38.587325147029304,18.28803653574588,12.63562775805872,5.543249677935171,-5.3826834549810565,-2.1893994537668078e-13
38.59538697712667,18.281588315487664,12.632543798826585,5.544290609646781,-5.383744695807704,-8.420767129872338e-14
38.60344866439294,18.275140279357196,12.6294557001332,5.54532861246846,-5.38480680588097,-1.1789073981821273e-13
38.61151020731228,18.26869242541836,12.626363481324217,5.546363697942146,-5.385869784112128,-1.515738083377021e-13
38.61957160436869,18.262244751735363,12.623267161745291,5.547395877609973,-5.386933629414773,-1.1789073981821273e-13
38.62763285404599,18.255797256372684,12.620166760742073,5.548425163014283,-5.387998340704827,-1.0104920555846805e-13
38.63569395482789,18.249349937395127,12.617062297660228,5.549451565697617,-5.389063916900538,-6.73661370389787e-14
38.64375490519788,18.242902792867795,12.613953791845397,5.550475097202729,-5.390130356922484,-1.1789073981821273e-13
38.65181570363935,18.236455820856083,12.610841262643252,5.551495769072567,-5.391197659693553,-1.1789073981821273e-13
38.6598763486355,18.23000901942571,12.607724729399434,5.5525135928502936,-5.392265824138971,-1.6841534259744677e-13
38.667936838669384,18.223562386642687,12.604604211459604,5.553528580079267,-5.393334849186273,-1.6841534259744677e-13
38.675997172223894,18.217115920573313,12.601479728169416,5.554540742303049,-5.394404733765313,-1.8525687685719145e-13
38.684057347781724,18.21066961928424,12.598351298874526,5.555550091065402,-5.3954754768082624,-2.1893994537668078e-13
38.69211736382556,18.204223480842316,12.595218942920587,5.5565566379102975,-5.39654707724962,-5.0524602779234026e-14
38.70017721883777,18.197777503314793,12.592082679653252,5.5575603943819,-5.397619534026182,-6.73661370389787e-14
38.70823691130062,18.191331684769185,12.588942528418183,5.558561372024579,-5.398692846077061,-1.515738083377021e-13
38.716296439696244,18.18488602327332,12.585798508561027,5.559559582382907,-5.399767012343693,-1.6841534259744677e-13
38.72435580250657,18.17844051689531,12.582650639427449,5.560555037001651,-5.400842031769807,-1.515738083377021e-13
38.73241499821344,18.171995163703574,12.579498940363093,5.561547747425787,-5.401917903301456,-1.0104920555846805e-13
38.74047402529849,18.165549961766843,12.57634343071362,5.562537725200483,-5.402994625886988,-1.0104920555846805e-13
38.7485328822432,18.159104909154127,12.573184129824687,5.563524981871105,-5.4040721984770625,-8.420767129872338e-14
38.75659156752891,18.152660003934756,12.570021057041947,5.564509528983223,-5.405150620024641,-1.347322740779574e-13
38.764650079636816,18.146215244178357,12.566854231711048,5.565491378082612,-5.406229889484994,-1.6841534259744677e-13
38.772708417047944,18.139770627954835,12.563683673177653,5.5664705407152315,-5.407310005815681,-6.73661370389787e-14
38.78076657824317,18.133326153334423,12.560509400787417,5.567447028427244,-5.408390967976569,-6.73661370389787e-14
38.78882456170316,18.126881818387677,12.557331433885992,5.568420852765014,-5.4094727749298235,-1.8525687685719145e-13
38.79688236590858,18.12043762118534,12.554149791819034,5.569392025275098,-5.41055542563991,-1.6841534259744677e-13
38.80493998933981,18.113993559798566,12.550964493932197,5.570360557504251,-5.411638919073578,-1.347322740779574e-13
38.81299743047708,18.107549632298774,12.547775559571138,5.571326460999424,-5.412723254199882,-1.347322740779574e-13
38.82105468780052,18.10110583675768,12.544583008081508,5.572289747307768,-5.413808429990162,-1.347322740779574e-13
38.82911175979007,18.09466217124729,12.541386858808972,5.573250427976618,-5.414894445418049,-8.420767129872338e-14
38.83716864492554,18.08821863383993,12.538187131099171,5.57420851455352,-5.415981299459471,-1.1789073981821273e-13
38.84522534168656,18.081775222608197,12.534983844297768,5.575164018586207,-5.417068991092638,-1.1789073981821273e-13
38.85328184855264,18.075331935625,12.53177701775042,5.5761169516226,-5.418157519298043,-6.73661370389787e-14
38.86133816400311,18.068888770963547,12.528566670802778,5.577067325210831,-5.419246883058471,-1.1789073981821273e-13
38.869394286517156,18.062445726697337,12.525352822800501,5.578015150899205,-5.4203370813589835,-1.1789073981821273e-13
38.877450214573834,18.05600280090017,12.522135493089236,5.57896044023624,-5.421428113186933,-1.347322740779574e-13
38.88550594665202,18.049559991646138,12.518914701014642,5.5799032047706385,-5.422519977531945,-3.368306851948935e-14
38.89356148123037,18.043117297009676,12.515690465922377,5.580843456051293,-5.423612673385923,-8.420767129872338e-14
38.901616816787595,18.036674715065388,12.512462807158096,5.581781205627289,-5.424706199743056,-1.8525687685719145e-13
38.90967195180207,18.030232243888307,12.509231744067453,5.582716465047908,-5.4258005555998,-6.73661370389787e-14
38.91772688475206,18.023789881553704,12.505997295996096,5.583649245862626,-5.42689573995489,-8.420767129872338e-14
38.925781614115685,18.01734762613716,12.502759482289692,5.584579559621098,-5.427991751809333,-1.6841534259744677e-13
38.93383613837095,18.01090547571454,12.499518322293888,5.585507417873181,-5.429088590166408,-1.0104920555846805e-13
38.94189045599566,18.00446342836202,12.496273835354337,5.586432832168921,-5.430186254031666,-1.6841534259744677e-13
38.949944565467476,17.99802148215605,12.493026040816703,5.58735581405855,-5.431284742412917,-1.347322740779574e-13
38.957998465263955,17.991579635173398,12.489774958026633,5.5882763750924935,-5.432384054320249,-8.420767129872338e-14
38.96605215386244,17.985137885491106,12.486520606329787,5.5891945268213625,-5.433484188766007,-1.0104920555846805e-13
38.974105629740166,17.97869623118652,12.483263005071818,5.59011028079596,-5.434585144764805,-6.73661370389787e-14
38.982158891374205,17.972254670337286,12.48000217359838,5.591023648567281,-5.435686921333518,-1.347322740779574e-13
38.990211937241476,17.96581320102133,12.47673813125513,5.5919346416865015,-5.436789517491283,-1.0104920555846805e-13
38.998264765818696,17.95937182131692,12.47347089738772,5.59284327170499,-5.437892932259486,-1.6841534259744677e-13
39.00631737558261,17.952930529302506,12.470200491341807,5.593749550174305,-5.438997164661791,-1.1789073981821273e-13
39.01436976500963,17.946489323056934,12.466926932463046,5.594653488646184,-5.440102213724098,-1.0104920555846805e-13
39.02242193257607,17.940048200659316,12.463650240097095,5.595555098672556,-5.441208078474568,-6.73661370389787e-14
39.03047387675812,17.93360716018904,12.460370433589604,5.596454391805543,-5.4423147579436195,-1.347322740779574e-13
39.038525596031825,17.927166199725818,12.45708753228623,5.597351379597442,-5.443422251163921,-1.1789073981821273e-13
39.04657708887303,17.92072531734962,12.453801555532628,5.598246073600745,-5.444530557170386,-1.6841534259744677e-13
39.05462835375747,17.91428451114073,12.450512522674455,5.599138485368122,-5.445639675000177,-1.6841534259744677e-13
39.062679389160756,17.907843779179714,12.44722045305736,5.600028626452433,-5.446749603692712,-1.347322740779574e-13
39.07073019355831,17.90140311954743,12.443925366027,5.600916508406723,-5.447860342289643,-1.1789073981821273e-13
39.07878076542541,17.89496253032505,12.440627280929037,5.601802142784214,-5.448971889834869,-5.0524602779234026e-14
39.086831103237195,17.88852200959399,12.437326217109122,5.60268554113832,-5.450084245374535,-1.6841534259744677e-13
39.09488120546867,17.882081555436006,12.434022193912908,5.603566715022639,-5.451197407957021,-1.6841534259744677e-13
39.10293107059462,17.875641165933153,12.430715230686049,5.604445675990951,-5.452311376632952,-2.020984111169361e-13
39.11098069708985,17.86920083916768,12.4274053467742,5.605322435597212,-5.453426150455186,-1.0104920555846805e-13
39.11903008342887,17.86276057322222,12.424092561523024,5.606197005395568,-5.4545417284788185,-6.73661370389787e-14
39.12707922808605,17.856320366179688,12.420776894278164,5.607069396940345,-5.455658109761178,-6.73661370389787e-14
39.13512812953567,17.849880216123253,12.417458364385284,5.60793962178605,-5.456775293361821,-1.1789073981821273e-13
39.14317678625185,17.84344012113641,12.414136991190036,5.6088076914873755,-5.457893278342549,-1.1789073981821273e-13
39.15122519670854,17.83700007930291,12.410812794038074,5.609673617599186,-5.459012063767375,-1.347322740779574e-13
39.159273359379576,17.830560088706818,12.407485792275056,5.610537411676538,-5.460131648702553,-8.420767129872338e-14
39.16732127273861,17.82412014743248,12.404156005246632,5.611399085274659,-5.461252032216559,-1.1789073981821273e-13
39.17536893525919,17.817680253564536,12.40082345229846,5.612258649948966,-5.4623732133800935,-1.515738083377021e-13
39.183416345414685,17.811240405187895,12.397488152776198,5.613116117255045,-5.463495191266078,-1.515738083377021e-13
39.19146350167834,17.80480060038778,12.394150126025494,5.61397149874867,-5.464617964949663,-6.73661370389787e-14
39.1995104025232,17.798360837249728,12.390809391392011,5.614824805985785,-5.465741533508203,-1.1789073981821273e-13
39.2075570464223,17.79192111385945,12.387465968221399,5.615676050522525,-5.466865896021295,-1.515738083377021e-13
39.215603431848415,17.785481428303058,12.38411987585931,5.616525243915193,-5.467991051570731,-6.73661370389787e-14
39.22364955727417,17.779041778666922,12.380771133651407,5.6173723977202705,-5.469116999240524,-1.1789073981821273e-13
39.23169542117211,17.772602163037686,12.37741976094334,5.6182175234944225,-5.470243738116908,-1.1789073981821273e-13
39.23974102201459,17.766162579502296,12.374065777080764,5.6190606327944845,-5.471371267288319,-1.1789073981821273e-13
39.247786358273835,17.759723026147963,12.370709201409335,5.619901737177474,-5.472499585845408,-1.515738083377021e-13
39.25583142842194,17.753283501062217,12.367350053274711,5.62074084820058,-5.473628692881034,-1.347322740779574e-13
39.26387623093084,17.746844002332846,12.363988352022542,5.621577977421174,-5.474758587490264,-8.420767129872338e-14
39.27192076427233,17.740404528047936,12.360624116998485,5.622413136396794,-5.475889268770368,-1.515738083377021e-13
39.279965026918056,17.733965076295856,12.357257367548193,5.623246336685167,-5.477020735820825,-1.0104920555846805e-13
39.288009017339526,17.727525645165272,12.353888123017324,5.624077589844179,-5.478152987743305,-1.347322740779574e-13
39.296052734008114,17.721086232745115,12.350516402751534,5.6249069074319,-5.479286023641687,-1.6841534259744677e-13
39.304096175395,17.714646837124654,12.347142226096475,5.625734301006576,-5.48041984262205,-1.1789073981821273e-13
39.31213933997135,17.70820745639333,12.3437656123978,5.626559782126618,-5.481554443792668,-1.1789073981821273e-13
39.32018222620808,17.701768088640975,12.340386581001171,5.627383362350619,-5.482689826264008,-6.73661370389787e-14
39.328224832575955,17.695328731957666,12.337005151252237,5.628205053237342,-5.483825989148733,-8.420767129872338e-14
39.33626715754565,17.688889384433786,12.333621342496656,5.6290248663457225,-5.4849629315617,-1.1789073981821273e-13
39.34430919958767,17.68245004415997,12.33023517408008,5.629842813234868,-5.486100652619952,-1.0104920555846805e-13
39.352350957172405,17.676010709227164,12.326846665348166,5.630658905464059,-5.487239151442727,-1.0104920555846805e-13
39.36039242877007,17.66957137772658,12.32345583564657,5.6314731545927454,-5.488378427151443,-1.0104920555846805e-13
39.36843361285076,17.66313204774972,12.320062704320947,5.632285572180556,-5.48951847886971,-8.420767129872338e-14
