galstreams/tracks/track.st.Sagittarius.antoja2020.ecsv
# %ECSV 1.0
# ---
# datatype:
# - {name: ra, unit: deg, datatype: float64}
# - {name: dec, unit: deg, datatype: float64}
# - {name: distance, unit: kpc, datatype: float64}
# - {name: pm_ra_cosdec, unit: mas / yr, datatype: float64}
# - {name: pm_dec, unit: mas / yr, datatype: float64}
# - {name: radial_velocity, unit: km / s, datatype: float64}
# delimiter: ','
# meta: !!omap
# - __serialized_columns__:
#     dec:
#       __class__: astropy.coordinates.angles.Latitude
#       unit: &id001 !astropy.units.Unit {unit: deg}
#       value: !astropy.table.SerializedColumn {name: dec}
#     distance:
#       __class__: astropy.coordinates.distances.Distance
#       unit: !astropy.units.Unit {unit: kpc}
#       value: !astropy.table.SerializedColumn {name: distance}
#     pm_dec:
#       __class__: astropy.units.quantity.Quantity
#       unit: !astropy.units.Unit {unit: mas / yr}
#       value: !astropy.table.SerializedColumn {name: pm_dec}
#     pm_ra_cosdec:
#       __class__: astropy.units.quantity.Quantity
#       unit: !astropy.units.Unit {unit: mas / yr}
#       value: !astropy.table.SerializedColumn {name: pm_ra_cosdec}
#     ra:
#       __class__: astropy.coordinates.angles.Longitude
#       unit: *id001
#       value: !astropy.table.SerializedColumn {name: ra}
#       wrap_angle: !astropy.coordinates.Angle
#         unit: *id001
#         value: 360.0
#     radial_velocity:
#       __class__: astropy.units.quantity.Quantity
#       unit: !astropy.units.Unit {unit: km / s}
#       value: !astropy.table.SerializedColumn {name: radial_velocity}
# schema: astropy-2.0
ra,dec,distance,pm_ra_cosdec,pm_dec,radial_velocity
[from data line 17483]
247.69247342912996,-18.236392388643832,41.81480874954624,-1.5120056114561813,-0.7819511298862061,1.6841534259744676e-14
247.68291948855094,-18.232189266319445,41.820006487185026,-1.5117387091031822,-0.7818454437578639,-4.210383564936169e-14
247.67336600972237,-18.227985670610682,41.825204423843,-1.511471869112515,-0.781739745170523,-9.262843842859572e-14
247.6638129925598,-18.22378160165727,41.83040255841972,-1.511205091515141,-0.7816340341063989,-3.368306851948935e-14
247.65426043697897,-18.21957705959897,41.835600889814174,-1.5109383763420077,-0.7815283105477491,1.0946997268834039e-13
247.6447083428955,-18.215372044575506,41.84079941692479,-1.5106717236240468,-0.7814225744768727,2.5262301389617013e-14
247.6351567102249,-18.211166556726596,41.84599813864939,-1.5104051333921769,-0.7813168258761091,1.0104920555846805e-13
247.6256055388826,-18.20696059619192,41.85119705388526,-1.510138605677303,-0.7812110647278402,7.578690416885104e-14
247.61605482878426,-18.20275416311123,41.85639616152906,-1.5098721405103177,-0.7811052910144898,1.0104920555846805e-13
247.60650457984516,-18.198547257624202,41.861595460476906,-1.5096057379220962,-0.7809995047185226,6.73661370389787e-14
247.5969547919808,-18.19433987987051,41.86679494962435,-1.509339397943501,-0.7808937058224446,1.1789073981821273e-13
247.5874054651065,-18.19013202998986,41.87199462786633,-1.5090731206053825,-0.7807878943088042,1.0104920555846805e-13
247.57785659913768,-18.185923708121912,41.87719449409723,-1.5088069059385754,-0.7806820701601908,-2.5262301389617013e-14
247.56830819398945,-18.181714914406317,41.882394547210886,-1.5085407539739002,-0.7805762333592353,8.420767129872338e-15
247.55876024957718,-18.17750564898273,41.88759478610051,-1.5082746647421639,-0.7804703838886113,3.368306851948935e-14
247.54921276581607,-18.173295911990838,41.89279520965877,-1.5080086382741618,-0.7803645217310327,1.0946997268834039e-13
247.5396657426213,-18.16908570357024,41.89799581677775,-1.5077426746006708,-0.7802586468692561,-1.6841534259744676e-14
247.53011917990796,-18.164875023860578,41.90319660634899,-1.5074767737524561,-0.7801527592860787,2.5262301389617013e-14
247.52057307759117,-18.160663873001482,41.9083975772634,-1.5072109357602717,-0.78004685896434,1.9367764398706378e-13
247.51102743558607,-18.156452251132567,41.91359872841135,-1.5069451606548527,-0.7799409458869226,-8.420767129872338e-15
247.50148225380752,-18.15224015839343,41.91880005868266,-1.5066794484669226,-0.7798350200367481,8.420767129872338e-15
247.49193753217068,-18.148027594923686,41.92400156696653,-1.5064137992271924,-0.7797290813967815,-1.6841534259744676e-14
247.4823932705904,-18.143814560862914,41.92920325215162,-1.506148212966357,-0.7796231299500296,8.420767129872338e-15
247.47284946898156,-18.13960105635071,41.93440511312601,-1.505882689715098,-0.7795171656795398,1.6841534259744677e-13
247.4633061272591,-18.135387081526627,41.93960714877723,-1.5056172295040824,-0.7794111885684032,1.0946997268834039e-13
247.45376324533788,-18.13117263653026,41.94480935799217,-1.505351832363965,-0.7793051985997512,-9.262843842859572e-14
247.44422082313255,-18.126957721501153,41.95001173965723,-1.5050864983253855,-0.7791991957567569,1.4315304120782974e-13
247.434678860558,-18.12274233657885,41.95521429265821,-1.5048212274189692,-0.7790931800226363,1.8525687685719145e-13
247.42513735752897,-18.11852648190292,41.96041701588031,-1.5045560196753283,-0.7789871513806472,3.368306851948935e-14
247.41559631396,-18.11431015761288,41.965619908208176,-1.5042908751250623,-0.7788811098140878,1.6841534259744677e-13
247.40605572976588,-18.11009336384826,41.97082296852593,-1.5040257937987533,-0.7787750553063002,9.262843842859572e-14
247.39651560486112,-18.105876100748567,41.9760261957171,-1.5037607757269713,-0.7786689878406653,7.578690416885104e-14
247.38697593916035,-18.10165836845333,41.981229588664576,-1.503495820940274,-0.7785629074006106,3.368306851948935e-14
247.37743673257805,-18.097440167102047,41.98643314625077,-1.5032309294692032,-0.7784568139696011,1.1789073981821273e-13
247.36789798502872,-18.093221496834204,41.9916368673575,-1.5029661013442865,-0.7783507075311459,1.5999457546757442e-13
247.3583596964269,-18.089002357789305,41.996840750865964,-1.5027013365960395,-0.7782445880687964,0.0
247.34882186668693,-18.084782750106818,42.00204479565688,-1.5024366352549623,-0.7781384555661444,-9.262843842859572e-14
247.33928449572318,-18.080562673926213,42.00724900061032,-1.5021719973515415,-0.7780323100068245,-9.262843842859572e-14
247.32974758344997,-18.07634212938694,42.012453364605875,-1.5019074229162488,-0.7779261513745127,3.368306851948935e-14
247.3202111297817,-18.072121116628487,42.01765788652245,-1.501642911979544,-0.7778199796529293,4.210383564936169e-14
247.31067513463262,-18.06789963579027,42.02286256523848,-1.5013784645718717,-0.7777137948258335,1.515738083377021e-13
247.3011395979169,-18.063677687011733,42.0280673996318,-1.5011140807236623,-0.777607596877029,9.262843842859572e-14
247.29160451954877,-18.059455270432316,42.03327238857968,-1.5008497604653337,-0.7775013857903599,1.0946997268834039e-13
247.2820698994424,-18.055232386191438,42.03847753095882,-1.5005855038272882,-0.7773951615497129,1.0946997268834039e-13
247.27253573751193,-18.051009034428514,42.043682825645355,-1.500321310839915,-0.7772889241390175,-3.368306851948935e-14
247.26300203367128,-18.046785215282924,42.04888827151489,-1.5000571815335886,-0.7771826735422434,3.368306851948935e-14
247.2534687878347,-18.04256092889411,42.05409386744239,-1.4997931159386715,-0.777076409743405,7.578690416885104e-14
247.24393599991612,-18.038336175401433,42.05929961230231,-1.4995291140855103,-0.7769701327265572,4.210383564936169e-14
247.23440366982948,-18.03411095494427,42.064505504968544,-1.4992651760044384,-0.7768638424757972,2.5262301389617013e-14
247.2248717974887,-18.029885267662017,42.06971154431441,-1.4990013017257757,-0.7767575389752644,9.262843842859572e-14
247.2153403828078,-18.02565911369402,42.07491772921262,-1.4987374912798275,-0.7766512222091406,-9.262843842859572e-14
247.20580942570044,-18.021432493179635,42.080124058535425,-1.4984737446968839,-0.7765448921616492,8.420767129872338e-15
247.19627892608057,-18.017205406258228,42.08533053115438,-1.4982100620072263,-0.7764385488170571,1.0104920555846805e-13
247.186748883862,-18.01297785306913,42.09053714594059,-1.4979464432411156,-0.7763321921596723,-1.0946997268834039e-13
247.17721929895836,-18.008749833751672,42.095743901764536,-1.497682888428803,-0.776225822173845,1.0104920555846805e-13
247.16769017128343,-18.00452134844516,42.10095079749617,-1.497419397600523,-0.7761194388439678,9.262843842859572e-14
247.15816150075088,-18.00029239728894,42.10615783200483,-1.497155970786499,-0.7760130421544762,1.2631150694808508e-13
247.14863328727438,-17.996062980422316,42.11136500415937,-1.496892608016939,-0.7759066320898477,-1.6841534259744676e-14
247.1391055307674,-17.991833097984568,42.116572312828026,-1.4966293093220362,-0.7758002086346008,1.0946997268834039e-13
247.12957823114363,-17.987602750115006,42.12177975687845,-1.4963660747319731,-0.775693771773299,-4.210383564936169e-14
247.12005138831654,-17.983371936952913,42.12698733517782,-1.4961029042769143,-0.7755873214905444,2.5262301389617013e-14
247.11052500219964,-17.979140658637554,42.132195046592685,-1.4958397979870124,-0.7754808577709851,-4.210383564936169e-14
247.10099907270626,-17.974908915308188,42.13740288998904,-1.4955767558924067,-0.775374380599309,1.0104920555846805e-13
247.09147359975003,-17.970676707104097,42.14261086423235,-1.4953137780232213,-0.7752678899602481,-3.368306851948935e-14
247.08194858324413,-17.96644403416452,42.14781896818749,-1.4950508644095675,-0.7751613858385751,1.6841534259744676e-14
247.07242402310195,-17.96221089662869,42.15302720071879,-1.494788015081542,-0.7750548682191064,1.0104920555846805e-13
247.06289991923688,-17.957977294635857,42.158235560689995,-1.4945252300692287,-0.7749483370867011,-9.262843842859572e-14
247.05337627156203,-17.953743228325248,42.16344404696436,-1.4942625094026947,-0.7748417924262581,1.347322740779574e-13
247.04385307999078,-17.94950869783607,42.1686526584045,-1.4939998531119965,-0.7747352342227223,2.5262301389617013e-14
247.03433034443617,-17.945273703307528,42.173861393872514,-1.4937372612271749,-0.7746286624610781,2.1051917824680845e-13
247.02480806481154,-17.94103824487884,42.17907025222995,-1.4934747337782577,-0.7745220771263546,-1.6841534259744676e-14
247.0152862410298,-17.93680232268919,42.18427923233776,-1.4932122707952582,-0.7744154782036212,2.442022467662978e-13
247.00576487300415,-17.932565936877747,42.189488333056396,-1.4929498723081749,-0.7743088656779917,2.020984111169361e-13
246.99624396064763,-17.928329087583716,42.19469755324569,-1.492687538346995,-0.774202239534622,6.73661370389787e-14
246.98672350387324,-17.924091774946255,42.19990689176496,-1.4924252689416897,-0.7740955997587091,8.420767129872338e-15
246.97720350259385,-17.919853999104514,42.20511634747296,-1.4921630641222166,-0.773988946335494,1.1789073981821273e-13
246.96768395672254,-17.915615760197664,42.210325919227856,-1.4919009239185206,-0.7738822792502599,1.515738083377021e-13
246.95816486617213,-17.911377058364835,42.21553560588731,-1.4916388483605305,-0.7737755984883323,9.262843842859572e-14
246.9486462308555,-17.90713789374517,42.22074540630841,-1.4913768374781626,-0.773668904035079,2.5262301389617013e-14
246.93912805068538,-17.902898266477777,42.22595531934766,-1.4911148913013192,-0.7735621958759116,1.0104920555846805e-13
246.9296103255747,-17.898658176701797,42.23116534386105,-1.4908530098598902,-0.773455473996282,3.368306851948935e-14
246.92009305543615,-17.89441762455634,42.23637547870397,-1.490591193183748,-0.7733487383816884,-6.73661370389787e-14
246.91057624018237,-17.89017661018049,42.24158572273133,-1.4903294413027541,-0.7732419890176666,2.5262301389617013e-14
246.90105987972612,-17.88593513371336,42.24679607479738,-1.4900677542467555,-0.7731352258898001,9.262843842859572e-14
246.89154397398002,-17.881693195294027,42.252006533755896,-1.4898061320455844,-0.7730284489837123,-1.6841534259744676e-14
246.88202852285667,-17.87745079506157,42.257217098460096,-1.4895445747290599,-0.7729216582850684,1.6841534259744676e-14
246.87251352626856,-17.873207933155058,42.262427767762624,-1.489283082326987,-0.7728148537795784,1.6841534259744677e-13
246.86299898412835,-17.868964609713554,42.267638540515556,-1.4890216548691566,-0.7727080354529944,1.768361097273191e-13
246.8534848963485,-17.864720824876116,42.27284941557045,-1.4887602923853467,-0.7726012032911106,5.894536990910637e-14
246.84397126284142,-17.860476578781768,42.27806039177829,-1.4884989949053193,-0.7724943572797645,-6.73661370389787e-14
246.8344580835195,-17.85623187156957,42.283271467989515,-1.4882377624588248,-0.7723874974048358,8.420767129872338e-15
246.8249453582952,-17.851986703378536,42.28848264305402,-1.487976595075599,-0.7722806236522473,1.515738083377021e-13
246.81543308708083,-17.8477410743477,42.293693915821116,-1.487715492785363,-0.7721737360079647,4.210383564936169e-14
246.80592126978868,-17.84349498461604,42.29890528513963,-1.4874544556178235,-0.7720668344579955,8.420767129872338e-15
246.79640990633106,-17.8392484343226,42.304116749857755,-1.4871934836026774,-0.7719599189883914,1.0104920555846805e-13
246.7868989966202,-17.835001423606347,42.30932830882319,-1.4869325767696024,-0.7718529895852463,0.0
246.77738854056827,-17.830753952606276,42.31453996088309,-1.4866717351482643,-0.7717460462346961,8.420767129872338e-14
246.7678785380875,-17.82650602146137,42.319751704884006,-1.4864109587683172,-0.7716390889229212,-2.5262301389617013e-14
246.75836898908994,-17.822257630310602,42.324963539672,-1.4861502476593977,-0.7715321176361427,-1.6841534259744676e-14
246.7488598934877,-17.818008779292928,42.33017546409253,-1.4858896018511316,-0.7714251323606257,2.020984111169361e-13
246.73935125119286,-17.813759468547275,42.33538747699056,-1.485629021373128,-0.7713181330826792,1.515738083377021e-13
246.72984306211748,-17.809509698212636,42.34059957721046,-1.4853685062549848,-0.7712111197886538,-1.0104920555846805e-13
246.7203353261734,-17.80525946842792,42.345811763596075,-1.4851080565262849,-0.7711040924649419,2.020984111169361e-13
246.71082804327273,-17.801008779332044,42.35102403499072,-1.4848476722165957,-0.7709970510979813,5.894536990910637e-14
246.7013212133273,-17.796757631063954,42.3562363902371,-1.4845873533554739,-0.7708899956742514,1.6841534259744676e-14
246.69181483624902,-17.792506023762552,42.361448828177444,-1.484327099972461,-0.7707829261802743,1.6841534259744676e-14
246.68230891194963,-17.788253957566734,42.3666613476534,-1.4840669120970822,-0.7706758426026149,1.6841534259744676e-14
246.67280344034106,-17.784001432615405,42.371873947506046,-1.4838067897588532,-0.7705687449278825,1.6841534259744676e-14
246.66329842133499,-17.779748449047442,42.377086626575974,-1.483546732987272,-0.7704616331427272,1.8525687685719145e-13
246.6537938548432,-17.775495007001723,42.38229938370318,-1.483286741811825,-0.7703545072338442,5.0524602779234026e-14
246.64428974077737,-17.771241106617122,42.38751221772715,-1.483026816261983,-0.7702473671879696,-1.6841534259744676e-14
246.63478607904912,-17.766986748032508,42.39272512748676,-1.4827669563672057,-0.7701402129918847,3.368306851948935e-14
246.6252828695701,-17.762731931386725,42.39793811182044,-1.4825071621569355,-0.7700330446324118,5.894536990910637e-14
246.61578011225188,-17.758476656818605,42.403151169565994,-1.482247433660603,-0.7699258620964174,1.515738083377021e-13
246.6062778070061,-17.754220924467013,42.40836429956072,-1.4819877709076252,-0.769818665370811,-3.368306851948935e-14
246.59677595374416,-17.749964734470762,42.413577500641345,-1.481728173927404,-0.7697114544425449,2.5262301389617013e-14
246.58727455237755,-17.74570808696867,42.418790771644105,-1.481468642749328,-0.7696042292986136,1.0946997268834039e-13
246.57777360281776,-17.741450982099533,42.42400411140463,-1.4812091774027705,-0.7694969899260563,2.5262301389617013e-14
246.56827310497616,-17.737193420002185,42.42921751875803,-1.480949777917095,-0.7693897363119542,1.0104920555846805e-13
246.55877305876416,-17.7329354008154,42.434430992538886,-1.4806904443216469,-0.7692824684434323,7.578690416885104e-14
246.54927346409303,-17.728676924677966,42.43964453158123,-1.4804311766457585,-0.7691751863076577,9.262843842859572e-14
246.53977432087416,-17.724417991728675,42.44485813471854,-1.4801719749187505,-0.7690678898918415,4.210383564936169e-14
246.53027562901875,-17.720158602106277,42.45007180078377,-1.479912839169927,-0.7689605791832372,2.5262301389617013e-14
246.520777388438,-17.715898755949546,42.4552855286093,-1.4796537694285807,-0.7688532541691432,-5.0524602779234026e-14
246.51127959904315,-17.71163845339722,42.46049931702706,-1.479394765723987,-0.768745914836898,8.420767129872338e-15
246.50178226074533,-17.70737769458805,42.46571316486828,-1.479135828085413,-0.7686385611738861,-2.5262301389617013e-14
246.49228537345567,-17.70311647966078,42.4709270709638,-1.4788769565421052,-0.7685311931675336,-8.420767129872338e-15
246.48278893708527,-17.69885480875412,42.47614103414387,-1.4786181511233008,-0.7684238108053105,-1.6841534259744676e-14
246.47329295154515,-17.694592682006814,42.48135505323814,-1.4783594118582228,-0.7683164140747303,6.73661370389787e-14
246.46379741674636,-17.690330099557553,42.4865691270758,-1.4781007387760787,-0.7682090029633486,-1.347322740779574e-13
246.45430233259975,-17.686067061545028,42.49178325448549,-1.4778421319060624,-0.7681015774587645,8.420767129872338e-14
246.44480769901645,-17.68180356810796,42.496997434295274,-1.4775835912773556,-0.7679941375486212,1.347322740779574e-13
246.43531351590724,-17.67753961938502,42.5022116653327,-1.4773251169191237,-0.7678866832206046,1.347322740779574e-13
246.42581978318307,-17.673275215514884,42.507425946424775,-1.4770667088605205,-0.7677792144624441,5.0524602779234026e-14
