galstreams/tracks/track.po.PS1-B.bernard2016.ecsv
# %ECSV 0.9
# ---
# datatype:
# - {name: ra, unit: deg, datatype: float64}
# - {name: dec, unit: deg, datatype: float64}
# - {name: distance, unit: kpc, datatype: float64}
# - {name: pm_ra_cosdec, unit: mas / yr, datatype: float64}
# - {name: pm_dec, unit: mas / yr, datatype: float64}
# - {name: radial_velocity, unit: km / s, datatype: float64}
# delimiter: ','
# meta: !!omap
# - __serialized_columns__:
#     dec:
#       __class__: astropy.coordinates.angles.Latitude
#       unit: &id001 !astropy.units.Unit {unit: deg}
#       value: !astropy.table.SerializedColumn {name: dec}
#     distance:
#       __class__: astropy.coordinates.distances.Distance
#       unit: !astropy.units.Unit {unit: kpc}
#       value: !astropy.table.SerializedColumn {name: distance}
#     pm_dec:
#       __class__: astropy.units.quantity.Quantity
#       unit: !astropy.units.Unit {unit: mas / yr}
#       value: !astropy.table.SerializedColumn {name: pm_dec}
#     pm_ra_cosdec:
#       __class__: astropy.units.quantity.Quantity
#       unit: !astropy.units.Unit {unit: mas / yr}
#       value: !astropy.table.SerializedColumn {name: pm_ra_cosdec}
#     ra:
#       __class__: astropy.coordinates.angles.Longitude
#       unit: *id001
#       value: !astropy.table.SerializedColumn {name: ra}
#       wrap_angle: !astropy.coordinates.Angle
#         unit: *id001
#         value: 360.0
#     radial_velocity:
#       __class__: astropy.units.quantity.Quantity
#       unit: !astropy.units.Unit {unit: km / s}
#       value: !astropy.table.SerializedColumn {name: radial_velocity}
# schema: astropy-2.0
ra,dec,distance,pm_ra_cosdec,pm_dec,radial_velocity
145.5602071278418,-15.270859082680607,14.500000000000176,0.0,0.0,0.0
145.56599684668362,-15.262552121797125,14.500000000000174,0.0,0.0,0.0
145.57178610744245,-15.254245012347502,14.500000000000169,0.0,0.0,0.0
145.5775749104078,-15.24593775442839,14.500000000000169,0.0,0.0,0.0
145.58336325586913,-15.237630348136273,14.500000000000167,0.0,0.0,0.0
145.58915114411593,-15.229322793567608,14.500000000000158,0.0,0.0,0.0
145.59493857543742,-15.221015090818975,14.500000000000158,0.0,0.0,0.0
145.600725550123,-15.212707239986731,14.500000000000156,0.0,0.0,0.0
145.60651206846185,-15.204399241167396,14.500000000000151,0.0,0.0,0.0
145.61229813074306,-15.196091094457332,14.500000000000153,0.0,0.0,0.0
145.61808373725586,-15.187782799952865,14.50000000000015,0.0,0.0,0.0
145.62386888828917,-15.179474357750442,14.500000000000146,0.0,0.0,0.0
145.62965358413194,-15.171165767946341,14.500000000000144,0.0,0.0,0.0
145.63543782507318,-15.162857030636815,14.50000000000014,0.0,0.0,0.0
145.64122161140162,-15.15454814591823,14.500000000000139,0.0,0.0,0.0
145.6470049434061,-15.14623911388674,14.500000000000137,0.0,0.0,0.0
145.65278782137528,-15.137929934638661,14.500000000000133,0.0,0.0,0.0
145.6585702455978,-15.129620608270134,14.500000000000131,0.0,0.0,0.0
145.66435221636232,-15.121311134877296,14.500000000000128,0.0,0.0,0.0
145.67013373395724,-15.11300151455638,14.50000000000013,0.0,0.0,0.0
145.67591479867113,-15.104691747403457,14.500000000000126,0.0,0.0,0.0
145.68169541079232,-15.096381833514569,14.500000000000126,0.0,0.0,0.0
145.6874755706091,-15.088071772985884,14.500000000000124,0.0,0.0,0.0
145.6932552784098,-15.079761565913394,14.500000000000124,0.0,0.0,0.0
145.69903453448262,-15.071451212393068,14.500000000000119,0.0,0.0,0.0
145.70481333911562,-15.063140712520989,14.500000000000117,0.0,0.0,0.0
145.71059169259698,-15.054830066393034,14.500000000000115,0.0,0.0,0.0
145.7163695952146,-15.046519274105226,14.500000000000114,0.0,0.0,0.0
145.72214704725647,-15.038208335753438,14.500000000000112,0.0,0.0,0.0
145.7279240490105,-15.029897251433512,14.500000000000112,0.0,0.0,0.0
145.7337006007645,-15.021586021241397,14.500000000000108,0.0,0.0,0.0
145.7394767028062,-15.013274645272892,14.500000000000108,0.0,0.0,0.0
145.74525235542336,-15.004963123623755,14.500000000000107,0.0,0.0,0.0
145.7510275589035,-14.996651456389875,14.500000000000101,0.0,0.0,0.0
145.75680231353428,-14.988339643666906,14.500000000000101,0.0,0.0,0.0
145.76257661960315,-14.980027685550683,14.500000000000101,0.0,0.0,0.0
145.76835047739755,-14.971715582136873,14.500000000000101,0.0,0.0,0.0
145.77412388720492,-14.963403333521105,14.500000000000096,0.0,0.0,0.0
145.7798968493125,-14.955090939799137,14.500000000000098,0.0,0.0,0.0
145.7856693640076,-14.946778401066553,14.500000000000098,0.0,0.0,0.0
145.7914414315774,-14.938465717418914,14.500000000000094,0.0,0.0,0.0
145.79721305230896,-14.9301528889519,14.500000000000092,0.0,0.0,0.0
145.80298422648946,-14.92183991576097,14.50000000000009,0.0,0.0,0.0
145.80875495440577,-14.913526797941753,14.500000000000089,0.0,0.0,0.0
145.81452523634493,-14.905213535589708,14.500000000000089,0.0,0.0,0.0
145.8202950725938,-14.896900128800263,14.500000000000089,0.0,0.0,0.0
145.82606446343914,-14.888586577668981,14.500000000000087,0.0,0.0,0.0
145.83183340916773,-14.88027288229124,14.500000000000083,0.0,0.0,0.0
145.8376019100663,-14.871959042762395,14.500000000000087,0.0,0.0,0.0
145.84336996642142,-14.863645059177925,14.500000000000082,0.0,0.0,0.0
145.84913757851965,-14.855330931633134,14.500000000000082,0.0,0.0,0.0
145.85490474664758,-14.847016660223309,14.500000000000082,0.0,0.0,0.0
145.8606714710915,-14.838702245043851,14.500000000000078,0.0,0.0,0.0
145.86643775213795,-14.83038768618994,14.50000000000008,0.0,0.0,0.0
145.87220359007313,-14.82207298375693,14.500000000000075,0.0,0.0,0.0
145.8779689851833,-14.813758137839999,14.500000000000076,0.0,0.0,0.0
145.8837339377547,-14.805443148534312,14.500000000000075,0.0,0.0,0.0
145.88949844807343,-14.797128015935137,14.500000000000075,0.0,0.0,0.0
145.89526251642553,-14.78881274013758,14.500000000000073,0.0,0.0,0.0
145.9010261430971,-14.780497321236721,14.500000000000075,0.0,0.0,0.0
145.90678932837397,-14.772181759327774,14.500000000000073,0.0,0.0,0.0
145.91255207254213,-14.76386605450571,14.500000000000071,0.0,0.0,0.0
145.91831437588723,-14.755550206865681,14.500000000000071,0.0,0.0,0.0
145.9240762386952,-14.747234216502676,14.50000000000007,0.0,0.0,0.0
145.92983766125167,-14.738918083511646,14.50000000000007,0.0,0.0,0.0
145.9355986438422,-14.730601807987659,14.500000000000068,0.0,0.0,0.0
145.94135918675246,-14.722285390025638,14.50000000000007,0.0,0.0,0.0
145.94711929026798,-14.713968829720457,14.500000000000068,0.0,0.0,0.0
145.95287895467408,-14.705652127167117,14.500000000000068,0.0,0.0,0.0
145.95863818025626,-14.6973352824604,14.500000000000068,0.0,0.0,0.0
145.96439696729976,-14.689018295695268,14.500000000000064,0.0,0.0,0.0
145.9701553160899,-14.680701166966491,14.500000000000064,0.0,0.0,0.0
145.9759132269119,-14.672383896368835,14.500000000000062,0.0,0.0,0.0
145.9816707000508,-14.664066483997175,14.500000000000062,0.0,0.0,0.0
145.98742773579178,-14.655748929946217,14.500000000000062,0.0,0.0,0.0
145.99318433441985,-14.647431234310655,14.500000000000059,0.0,0.0,0.0
145.9989404962199,-14.639113397185277,14.50000000000006,0.0,0.0,0.0
146.00469622147685,-14.630795418664723,14.500000000000059,0.0,0.0,0.0
146.01045151047558,-14.622477298843613,14.500000000000059,0.0,0.0,0.0
146.01620636350077,-14.61415903781666,14.50000000000006,0.0,0.0,0.0
146.02196078083722,-14.605840635678385,14.500000000000057,0.0,0.0,0.0
146.02771476276956,-14.597522092523471,14.500000000000059,0.0,0.0,0.0
146.0334683095823,-14.589203408446425,14.500000000000055,0.0,0.0,0.0
146.03922142156011,-14.580884583541735,14.500000000000053,0.0,0.0,0.0
146.0449740989873,-14.572565617904006,14.500000000000055,0.0,0.0,0.0
146.05072634214838,-14.56424651162767,14.500000000000053,0.0,0.0,0.0
146.05647815132767,-14.55592726480715,14.500000000000052,0.0,0.0,0.0
146.06222952680943,-14.547607877536974,14.500000000000053,0.0,0.0,0.0
146.06798046887792,-14.539288349911457,14.500000000000052,0.0,0.0,0.0
146.07373097781726,-14.530968682025081,14.500000000000052,0.0,0.0,0.0
146.07948105391156,-14.522648873972162,14.500000000000053,0.0,0.0,0.0
146.08523069744493,-14.514328925847002,14.50000000000005,0.0,0.0,0.0
146.09097990870123,-14.506008837743996,14.50000000000005,0.0,0.0,0.0
146.09672868796446,-14.497688609757391,14.500000000000052,0.0,0.0,0.0
146.10247703551846,-14.489368241981412,14.500000000000046,0.0,0.0,0.0
146.10822495164703,-14.481047734510382,14.50000000000005,0.0,0.0,0.0
146.11397243663393,-14.472727087438429,14.500000000000046,0.0,0.0,0.0
146.11971949076275,-14.464406300859842,14.500000000000044,0.0,0.0,0.0
146.1254661143172,-14.456085374868744,14.500000000000044,0.0,0.0,0.0
146.1312123075808,-14.447764309559226,14.500000000000044,0.0,0.0,0.0
146.136958070837,-14.4394431050255,14.500000000000044,0.0,0.0,0.0
146.14270340436934,-14.43112176136162,14.500000000000046,0.0,0.0,0.0
146.14844830846113,-14.42280027866161,14.500000000000046,0.0,0.0,0.0
146.15419278339564,-14.414478657019611,14.500000000000043,0.0,0.0,0.0
146.1599368294562,-14.406156896529593,14.500000000000043,0.0,0.0,0.0
146.16568044692602,-14.39783499728551,14.500000000000043,0.0,0.0,0.0
146.17142363608812,-14.389512959381436,14.500000000000044,0.0,0.0,0.0
146.17716639722568,-14.381190782911219,14.50000000000004,0.0,0.0,0.0
146.1829087306217,-14.372868467968885,14.50000000000004,0.0,0.0,0.0
146.18865063655906,-14.364546014648285,14.50000000000004,0.0,0.0,0.0
146.19439211532077,-14.356223423043248,14.50000000000004,0.0,0.0,0.0
146.20013316718956,-14.347900693247727,14.500000000000039,0.0,0.0,0.0
146.20587379244824,-14.339577825355503,14.50000000000004,0.0,0.0,0.0
146.21161399137955,-14.331254819460336,14.500000000000039,0.0,0.0,0.0
146.21735376426614,-14.322931675656097,14.50000000000004,0.0,0.0,0.0
146.22309311139057,-14.314608394036453,14.500000000000037,0.0,0.0,0.0
146.22883203303536,-14.306284974695235,14.500000000000037,0.0,0.0,0.0
146.23457052948302,-14.297961417726093,14.500000000000037,0.0,0.0,0.0
146.240308601016,-14.289637723222677,14.500000000000039,0.0,0.0,0.0
146.2460462479166,-14.281313891278742,14.500000000000036,0.0,0.0,0.0
146.25178347046713,-14.272989921987879,14.500000000000036,0.0,0.0,0.0
146.25752026894986,-14.264665815443648,14.500000000000036,0.0,0.0,0.0
146.26325664364694,-14.256341571739737,14.500000000000036,0.0,0.0,0.0
146.26899259484043,-14.248017190969666,14.500000000000034,0.0,0.0,0.0
146.27472812281252,-14.239692673226934,14.500000000000034,0.0,0.0,0.0
146.28046322784508,-14.231368018605147,14.500000000000034,0.0,0.0,0.0
146.28619791022012,-14.223043227197707,14.500000000000034,0.0,0.0,0.0
146.29193217021952,-14.214718299098184,14.500000000000034,0.0,0.0,0.0
146.29766600812505,-14.206393234399975,14.500000000000032,0.0,0.0,0.0
146.30339942421855,-14.198068033196448,14.500000000000034,0.0,0.0,0.0
146.30913241878167,-14.189742695581108,14.500000000000034,0.0,0.0,0.0
146.31486499209603,-14.181417221647283,14.500000000000032,0.0,0.0,0.0
146.32059714444333,-14.17309161148827,14.500000000000032,0.0,0.0,0.0
146.32632887610492,-14.164765865197499,14.50000000000003,0.0,0.0,0.0
146.33206018736243,-14.156439982868173,14.500000000000032,0.0,0.0,0.0
146.33779107849716,-14.148113964593682,14.50000000000003,0.0,0.0,0.0
146.34352154979052,-14.139787810467222,14.500000000000032,0.0,0.0,0.0
146.3492516015238,-14.131461520581988,14.500000000000027,0.0,0.0,0.0
146.35498123397818,-14.123135095031278,14.500000000000028,0.0,0.0,0.0
146.36071044743483,-14.114808533908239,14.50000000000003,0.0,0.0,0.0
146.36643924217495,-14.106481837305978,14.50000000000003,0.0,0.0,0.0
146.37216761847952,-14.09815500531774,14.50000000000003,0.0,0.0,0.0
146.37789557662956,-14.089828038036583,14.500000000000027,0.0,0.0,0.0
146.383623116906,-14.08150093555556,14.500000000000028,0.0,0.0,0.0
146.3893502395897,-14.073173697967832,14.500000000000027,0.0,0.0,0.0
146.39507694496157,-14.064846325366348,14.500000000000027,0.0,0.0,0.0
146.40080323330227,-14.056518817844228,14.500000000000027,0.0,0.0,0.0
146.40652910489248,-14.048191175494422,14.500000000000027,0.0,0.0,0.0
146.412254560013,-14.039863398409858,14.500000000000025,0.0,0.0,0.0
146.41797959894424,-14.031535486683586,14.500000000000027,0.0,0.0,0.0
146.42370422196683,-14.02320744040848,14.500000000000025,0.0,0.0,0.0
146.42942842936125,-14.014879259677404,14.500000000000025,0.0,0.0,0.0
146.43515222140783,-14.006550944583331,14.500000000000027,0.0,0.0,0.0
146.44087559838704,-13.998222495219023,14.500000000000023,0.0,0.0,0.0
146.44659856057905,-13.989893911677415,14.500000000000025,0.0,0.0,0.0
146.45232110826416,-13.98156519405127,14.500000000000023,0.0,0.0,0.0
146.45804324172258,-13.973236342433331,14.500000000000023,0.0,0.0,0.0
146.46376496123435,-13.964907356916452,14.500000000000023,0.0,0.0,0.0
146.4694862670796,-13.956578237593332,14.500000000000021,0.0,0.0,0.0
146.47520715953834,-13.948248984556642,14.500000000000021,0.0,0.0,0.0
146.48092763889042,-13.939919597899172,14.500000000000023,0.0,0.0,0.0
146.48664770541586,-13.9315900777135,14.500000000000023,0.0,0.0,0.0
146.49236735939436,-13.923260424092367,14.500000000000023,0.0,0.0,0.0
146.49808660110583,-13.914930637128355,14.500000000000021,0.0,0.0,0.0
146.50380543082989,-13.906600716914022,14.500000000000021,0.0,0.0,0.0
146.5095238488462,-13.89827066354204,14.500000000000021,0.0,0.0,0.0
146.5152418554344,-13.889940477104911,14.50000000000002,0.0,0.0,0.0
146.52095945087402,-13.881610157695134,14.500000000000018,0.0,0.0,0.0
146.52667663544452,-13.873279705405304,14.500000000000018,0.0,0.0,0.0
146.53239340942537,-13.864949120327868,14.500000000000018,0.0,0.0,0.0
146.53810977309593,-13.856618402555235,14.500000000000018,0.0,0.0,0.0
146.5438257267355,-13.848287552179952,14.50000000000002,0.0,0.0,0.0
146.5495412706233,-13.839956569294335,14.50000000000002,0.0,0.0,0.0
146.55525640503856,-13.831625453990874,14.500000000000018,0.0,0.0,0.0
146.5609711302604,-13.8232942063619,14.500000000000018,0.0,0.0,0.0
146.56668544656802,-13.81496282649971,14.500000000000018,0.0,0.0,0.0
146.57239935424025,-13.80663131449673,14.500000000000016,0.0,0.0,0.0
146.57811285355615,-13.798299670445205,14.50000000000002,0.0,0.0,0.0
146.58382594479468,-13.789967894437385,14.500000000000018,0.0,0.0,0.0
146.58953862823464,-13.78163598656561,14.500000000000018,0.0,0.0,0.0
146.59525090415485,-13.773303946922026,14.500000000000016,0.0,0.0,0.0
146.60096277283398,-13.764971775598939,14.500000000000014,0.0,0.0,0.0
146.60667423455078,-13.756639472688489,14.500000000000016,0.0,0.0,0.0
146.6123852895839,-13.748307038282796,14.500000000000016,0.0,0.0,0.0
146.6180959382118,-13.739974472474097,14.500000000000016,0.0,0.0,0.0
146.62380618071307,-13.731641775354472,14.500000000000016,0.0,0.0,0.0
146.62951601736623,-13.723308947015964,14.500000000000016,0.0,0.0,0.0
146.63522544844952,-13.71497598755075,14.500000000000016,0.0,0.0,0.0
146.6409344742414,-13.70664289705078,14.500000000000018,0.0,0.0,0.0
146.64664309502007,-13.698309675608186,14.500000000000016,0.0,0.0,0.0
146.6523513110638,-13.689976323314927,14.500000000000014,0.0,0.0,0.0
146.6580591226508,-13.681642840262935,14.500000000000014,0.0,0.0,0.0
146.66376653005906,-13.673309226544273,14.500000000000014,0.0,0.0,0.0
146.66947353356676,-13.664975482250831,14.500000000000012,0.0,0.0,0.0
146.67518013345187,-13.656641607474475,14.500000000000014,0.0,0.0,0.0
146.68088632999232,-13.648307602307199,14.500000000000014,0.0,0.0,0.0
146.68659212346597,-13.639973466840823,14.500000000000014,0.0,0.0,0.0
146.6922975141507,-13.63163920116715,14.500000000000012,0.0,0.0,0.0
146.69800250232427,-13.623304805378103,14.500000000000012,0.0,0.0,0.0
146.7037070882644,-13.61497027956539,14.50000000000001,0.0,0.0,0.0
146.70941127224867,-13.606635623820885,14.500000000000012,0.0,0.0,0.0
146.7151150545548,-13.598300838236304,14.500000000000012,0.0,0.0,0.0
146.7208184354603,-13.58996592290333,14.500000000000012,0.0,0.0,0.0
146.72652141524262,-13.58163087791378,14.50000000000001,0.0,0.0,0.0
146.73222399417926,-13.573295703359287,14.500000000000012,0.0,0.0,0.0
146.73792617254756,-13.564960399331483,14.500000000000012,0.0,0.0,0.0
146.74362795062487,-13.556624965922103,14.50000000000001,0.0,0.0,0.0
146.74932932868842,-13.54828940322268,14.500000000000012,0.0,0.0,0.0
146.75503030701546,-13.539953711324912,14.50000000000001,0.0,0.0,0.0
146.7607308858831,-13.531617890320325,14.50000000000001,0.0,0.0,0.0
146.7664310655685,-13.52328194030044,14.50000000000001,0.0,0.0,0.0
146.77213084634863,-13.51494586135687,14.500000000000012,0.0,0.0,0.0
146.77783022850053,-13.50660965358109,14.50000000000001,0.0,0.0,0.0
146.78352921230115,-13.498273317064548,14.50000000000001,0.0,0.0,0.0
146.7892277980273,-13.489936851898797,14.50000000000001,0.0,0.0,0.0
146.7949259859559,-13.481600258175192,14.500000000000012,0.0,0.0,0.0
146.8006237763636,-13.473263535985248,14.50000000000001,0.0,0.0,0.0
146.80632116952714,-13.464926685420327,14.50000000000001,0.0,0.0,0.0
146.81201816572326,-13.456589706571751,14.500000000000007,0.0,0.0,0.0
146.81771476522843,-13.448252599530978,14.500000000000009,0.0,0.0,0.0
146.82341096831925,-13.439915364389293,14.500000000000007,0.0,0.0,0.0
146.8291067752723,-13.43157800123796,14.50000000000001,0.0,0.0,0.0
146.83480218636382,-13.423240510168368,14.500000000000007,0.0,0.0,0.0
146.84049720187033,-13.414902891271732,14.500000000000009,0.0,0.0,0.0
146.84619182206814,-13.406565144639258,14.500000000000009,0.0,0.0,0.0
146.8518860472334,-13.398227270362256,14.500000000000009,0.0,0.0,0.0
146.85757987764245,-13.389889268531842,14.500000000000007,0.0,0.0,0.0
146.8632733135714,-13.381551139239289,14.500000000000007,0.0,0.0,0.0
146.86896635529632,-13.3732128825757,14.500000000000007,0.0,0.0,0.0
146.8746590030933,-13.364874498632169,14.500000000000009,0.0,0.0,0.0
