galstreams/tracks/track.st.GD-1.ibata2021.ecsv
# %ECSV 0.9
# ---
# datatype:
# - {name: ra, unit: deg, datatype: float64}
# - {name: dec, unit: deg, datatype: float64}
# - {name: distance, unit: kpc, datatype: float64}
# - {name: pm_ra_cosdec, unit: mas / yr, datatype: float64}
# - {name: pm_dec, unit: mas / yr, datatype: float64}
# - {name: radial_velocity, unit: km / s, datatype: float64}
# delimiter: ','
# meta: !!omap
# - __serialized_columns__:
#     dec:
#       __class__: astropy.coordinates.angles.Latitude
#       unit: &id001 !astropy.units.Unit {unit: deg}
#       value: !astropy.table.SerializedColumn {name: dec}
#     distance:
#       __class__: astropy.coordinates.distances.Distance
#       unit: !astropy.units.Unit {unit: kpc}
#       value: !astropy.table.SerializedColumn {name: distance}
#     pm_dec:
#       __class__: astropy.units.quantity.Quantity
#       unit: !astropy.units.Unit {unit: mas / yr}
#       value: !astropy.table.SerializedColumn {name: pm_dec}
#     pm_ra_cosdec:
#       __class__: astropy.units.quantity.Quantity
#       unit: !astropy.units.Unit {unit: mas / yr}
#       value: !astropy.table.SerializedColumn {name: pm_ra_cosdec}
#     ra:
#       __class__: astropy.coordinates.angles.Longitude
#       unit: *id001
#       value: !astropy.table.SerializedColumn {name: ra}
#       wrap_angle: !astropy.coordinates.Angle
#         unit: *id001
#         value: 360.0
#     radial_velocity:
#       __class__: astropy.units.quantity.Quantity
#       unit: !astropy.units.Unit {unit: km / s}
#       value: !astropy.table.SerializedColumn {name: radial_velocity}
# schema: astropy-2.0
ra,dec,distance,pm_ra_cosdec,pm_dec,radial_velocity
[from data line 7197]
168.44564861327316,50.429279396625724,8.278003843744248,-7.385280959778348,-9.412160585146266,-3.368306851948935e-14
168.458316358406,50.4352375883065,8.278607826317689,-7.386148237922503,-9.409857290484924,1.0104920555846805e-13
168.47098751761968,50.44119422590962,8.279212115953232,-7.387015206756049,-9.407553262523484,3.368306851948935e-14
168.48366209159258,50.44714930872377,8.27981671269409,-7.387881865864428,-9.405248501365747,0.0
168.4963400810024,50.45310283603733,8.280421616583467,-7.388748214832831,-9.402943007115844,3.368306851948935e-14
168.50902148652614,50.459054807138486,8.281026827664567,-7.389614253246144,-9.400636779878187,3.368306851948935e-14
168.52170630884012,50.465005221315124,8.281632345980595,-7.390479980688975,-9.398329819757478,0.0
168.53439454861999,50.47095407785489,8.282238171574763,-7.391345396745642,-9.396022126858742,3.368306851948935e-14
168.54708620654065,50.47690137604521,8.282844304490274,-7.392210501000188,-9.393713701287297,1.0104920555846805e-13
168.55978128327638,50.48284711517323,8.28345074477033,-7.393075293036374,-9.391404543148756,0.0
168.57247977950072,50.48879129452583,8.284057492458144,-7.393939772437645,-9.389094652549035,-6.73661370389787e-14
168.58518169588652,50.49473391338965,8.28466454759692,-7.394803938787192,-9.386784029594363,1.0104920555846805e-13
168.59788703310596,50.50067497105114,8.285271910229861,-7.395667791667918,-9.384472674391258,0.0
168.6105957918305,50.50661446679639,8.285879580400177,-7.396531330662419,-9.382160587046553,1.0104920555846805e-13
168.6233079727309,50.51255239991136,8.286487558151073,-7.39739455535303,-9.379847767667366,0.0
168.63602357647727,50.518488769681625,8.287095843525753,-7.3982574653217865,-9.377534216361145,3.368306851948935e-14
168.64874260373895,50.52442357539263,8.287704436567426,-7.399120060150446,-9.375219933235613,0.0
168.66146505518458,50.53035681632948,8.2883133373193,-7.399982339420471,-9.37290491839882,-6.73661370389787e-14
168.67419093148214,50.53628849177711,8.288922545824576,-7.4008443027130495,-9.37058917195912,-6.73661370389787e-14
168.68692023329893,50.54221860102014,8.289532062126463,-7.4017059496090845,-9.368272694025158,0.0
168.6996529613014,50.548147143342966,8.290141886268167,-7.4025672796891735,-9.365955484705895,1.0104920555846805e-13
168.71238911615552,50.55407411802975,8.290752018292892,-7.4034282925336665,-9.363637544110595,3.368306851948935e-14
168.72512869852636,50.55999952436436,8.29136245824385,-7.404288987722589,-9.36131887234883,3.368306851948935e-14
168.73787170907832,50.56592336163047,8.29197320616424,-7.405149364835707,-9.358999469530483,3.368306851948935e-14
168.75061814847516,50.57184562911144,8.292584262097273,-7.406009423452491,-9.356679335765735,1.0104920555846805e-13
168.76336801737983,50.57776632609045,8.293195626086156,-7.406869163152126,-9.354358471165083,6.73661370389787e-14
168.77612131645463,50.583685451850364,8.293807298174091,-7.407728583513521,-9.352036875839332,0.0
168.78887804636116,50.58960300567385,8.294419278404288,-7.408587684115285,-9.349714549899593,6.73661370389787e-14
168.80163820776025,50.5955189868433,8.295031566819947,-7.409446464535754,-9.347391493457286,6.73661370389787e-14
168.81440180131202,50.60143339464085,8.295644163464281,-7.410304924352979,-9.345067706624144,1.0104920555846805e-13
168.8271688276759,50.60734622834843,8.296257068380493,-7.411163063144723,-9.342743189512209,-6.73661370389787e-14
168.8399392875106,50.61325748724766,8.296870281611792,-7.412020880488447,-9.34041794223382,-3.368306851948935e-14
168.85271318147403,50.61916717061993,8.29748380320138,-7.412878375961361,-9.338091964901654,-3.368306851948935e-14
168.86549051022345,50.62507527774643,8.298097633192464,-7.413735549140367,-9.335765257628688,6.73661370389787e-14
168.87827127441545,50.630981807908036,8.298711771628254,-7.414592399602084,-9.33343782052819,3.368306851948935e-14
168.8910554747057,50.636886760385416,8.29932621855195,-7.415448926922846,-9.331109653713773,-3.368306851948935e-14
168.90384311174938,50.64279013445897,8.299940974006766,-7.4163051306787136,-9.328780757299336,-3.368306851948935e-14
168.91663418620075,50.64869192940885,8.300556038035902,-7.417161010445445,-9.326451131399114,-3.368306851948935e-14
168.92942869871348,50.65459214451497,8.301171410682569,-7.418016565798534,-9.324120776127634,0.0
168.94222664994035,50.660490779057,8.301787091989967,-7.418871796313165,-9.321789691599754,-3.368306851948935e-14
168.95502804053356,50.666387832314335,8.302403082001305,-7.419726701564261,-9.319457877930637,3.368306851948935e-14
168.9678328711445,50.67228330356616,8.30301938075979,-7.420581281126441,-9.317125335235758,3.368306851948935e-14
168.98064114242382,50.678177192091376,8.303635988308628,-7.421435534574058,-9.314792063630925,6.73661370389787e-14
168.9934528550215,50.68406949716868,8.304252904691024,-7.422289461481165,-9.312458063232235,-3.368306851948935e-14
169.00626800958668,50.68996021807645,8.304870129950187,-7.423143061421536,-9.310123334156124,3.368306851948935e-14
169.01908660676781,50.69584935409289,8.305487664129323,-7.423996333968654,-9.307787876519322,3.368306851948935e-14
169.03190864721262,50.70173690449593,8.306105507271631,-7.424849278695735,-9.30545169043891,-6.73661370389787e-14
169.04473413156805,50.70762286856324,8.306723659420328,-7.4257018951756875,-9.30311477603225,3.368306851948935e-14
169.05756306048033,50.71350724557225,8.307342120618612,-7.426554182981148,-9.300777133417043,3.368306851948935e-14
169.07039543459496,50.71939003480015,8.307960890909694,-7.427406141684476,-9.2984387627113,0.0
169.0832312545566,50.725271235523884,8.308579970336776,-7.428257770857727,-9.296099664033356,-6.73661370389787e-14
169.09607052100927,50.73115084702011,8.309199358943069,-7.429109070072684,-9.293759837501861,0.0
169.10891323459617,50.73702886856532,8.309819056771776,-7.429960038900848,-9.291419283235783,1.0104920555846805e-13
169.12175939595983,50.74290529943568,8.3104390638661,-7.430810676913427,-9.289078001354419,6.73661370389787e-14
169.1346090057419,50.748780138907165,8.311059380269255,-7.431660983681349,-9.286735991977373,1.0104920555846805e-13
169.1474620645834,50.75465338625547,8.311680006024442,-7.432510958775263,-9.28439325522458,-3.368306851948935e-14
169.16031857312453,50.76052504075605,8.312300941174868,-7.433360601765515,-9.282049791216291,0.0
169.17317853200473,50.7663951016841,8.312922185763739,-7.434209912222192,-9.279705600073079,-3.368306851948935e-14
169.1860419418627,50.77226356831463,8.313543739834262,-7.435058889715082,-9.277360681915848,0.0
169.19890880333634,50.77813043992233,8.314165603429645,-7.435907533813682,-9.275015036865812,-1.0104920555846805e-13
169.2117791170629,50.783995715781664,8.314787776593091,-7.436755844087217,-9.27266866504451,6.73661370389787e-14
169.22465288367871,50.789859395166886,8.315410259367805,-7.437603820104627,-9.270321566573811,-3.368306851948935e-14
169.2375301038195,50.795721477351975,8.316033051797,-7.43845146143457,-9.267973741575899,6.73661370389787e-14
169.25041077812008,50.80158196161066,8.316656153923871,-7.439298767645409,-9.2656251901733,0.0
169.2632949072146,50.807440847216434,8.317279565791635,-7.440145738305228,-9.263275912488838,-3.368306851948935e-14
169.2761824917364,50.81329813344255,8.317903287443494,-7.440992372981822,-9.260925908645678,3.368306851948935e-14
169.28907353231804,50.819153819562004,8.318527318922653,-7.441838671242721,-9.258575178767314,-3.368306851948935e-14
169.30196802959134,50.82500790484756,8.31915166027232,-7.442684632655148,-9.256223722977557,1.0104920555846805e-13
169.31486598418732,50.83086038857172,8.319776311535698,-7.443530256786056,-9.253871541400553,3.368306851948935e-14
169.32776739673628,50.83671127000677,8.320401272755998,-7.444375543202107,-9.251518634160757,0.0
169.34067226786766,50.842560548424686,8.321026543976423,-7.445220491469679,-9.249165001382975,6.73661370389787e-14
169.35358059821016,50.84840822309731,8.321652125240181,-7.446065101154873,-9.246810643192324,1.347322740779574e-13
169.36649238839172,50.85425429329613,8.322278016590476,-7.446909371823505,-9.244455559714257,3.368306851948935e-14
169.37940763903953,50.860098758292445,8.322904218070516,-7.447753303041101,-9.242099751074552,0.0
169.3923263507799,50.86594161735729,8.323530729723506,-7.448596894372898,-9.239743217399315,0.0
169.4052485242384,50.87178286976148,8.324157551592652,-7.4494401453838694,-9.237385958814993,3.368306851948935e-14
169.41817416003988,50.87762251477558,8.32478468372116,-7.450283055638685,-9.235027975448336,3.368306851948935e-14
169.43110325880835,50.88346055166988,8.325412126152239,-7.451125624701747,-9.23266926742646,6.73661370389787e-14
169.44403582116706,50.889296979714466,8.326039878929095,-7.451967852137163,-9.230309834876774,-3.368306851948935e-14
169.45697184773837,50.895131798179136,8.326667942094929,-7.452809737508758,-9.227949677927052,0.0
169.469911339144,50.90096500633351,8.327296315692955,-7.453651280380072,-9.225588796705377,3.368306851948935e-14
169.48285429600477,50.90679660344689,8.327924999766369,-7.454492480314377,-9.223227191340182,0.0
169.49580071894079,50.912626588788406,8.328553994358385,-7.455333336874636,-9.220864861960212,0.0
169.50875060857126,50.91845496162688,8.329183299512207,-7.456173849623553,-9.218501808694562,0.0
169.52170396551475,50.92428172123093,8.329812915271043,-7.45701401812353,-9.216138031672644,0.0
169.53466079038887,50.93010686686892,8.3304428416781,-7.457853841936696,-9.213773531024225,-3.368306851948935e-14
169.54762108381053,50.935930397808974,8.331073078776575,-7.458693320624899,-9.211408306879392,6.73661370389787e-14
169.56058484639587,50.941752313318986,8.331703626609684,-7.4595324537496985,-9.209042359368556,-3.368306851948935e-14
169.57355207876003,50.94757261266657,8.33233448522063,-7.4603712408723615,-9.206675688622498,-3.368306851948935e-14
169.58652278151763,50.95339129511913,8.332965654652622,-7.461209681553897,-9.204308294772297,6.73661370389787e-14
169.59949695528226,50.95920835994382,8.333597134948858,-7.462047775355005,-9.20194017794939,3.368306851948935e-14
169.61247460066687,50.96502380640756,8.334228926152553,-7.462885521836117,-9.199571338285537,0.0
169.62545571828346,50.970837633776995,8.334861028306909,-7.463722920557378,-9.197201775912852,3.368306851948935e-14
169.6384403087433,50.97664984131858,8.335493441455132,-7.464559971078655,-9.194831490963775,0.0
169.65142837265685,50.98246042829849,8.336126165640431,-7.465396672959513,-9.192460483571079,-3.368306851948935e-14
169.66441991063374,50.988269393982655,8.336759200906009,-7.46623302575926,-9.190088753867876,0.0
169.67741492328278,50.994076737636796,8.337392547295071,-7.467069029036908,-9.187716301987642,3.368306851948935e-14
169.69041341121198,50.99988245852634,8.338026204850829,-7.467904682351187,-9.18534312806415,-1.0104920555846805e-13
169.70341537502856,51.00568655591655,8.338660173616486,-7.468739985260542,-9.18296923223155,3.368306851948935e-14
169.71642081533886,51.01148902907237,8.339294453635247,-7.4695749373231415,-9.180594614624304,3.368306851948935e-14
169.7294297327485,51.01728987725856,8.339929044950319,-7.470409538096873,-9.178219275377234,6.73661370389787e-14
169.74244212786218,51.023089099739614,8.340563947604908,-7.47124378713933,-9.175843214625495,-6.73661370389787e-14
169.7554580012838,51.02888669577977,8.34119916164222,-7.472077684007833,-9.17346643250458,3.368306851948935e-14
169.76847735361648,51.03468266464304,8.341834687105464,-7.472911228259412,-9.171088929150326,3.368306851948935e-14
169.78150018546248,51.04047700559323,8.342470524037841,-7.473744419450836,-9.168710704698922,0.0
169.79452649742325,51.04626971789384,8.343106672482563,-7.474577257138552,-9.166331759286878,6.73661370389787e-14
169.80755629009943,51.052060800808185,8.34374313248283,-7.475409740878778,-9.163952093051071,3.368306851948935e-14
169.82058956409077,51.0578502535993,8.344379904081853,-7.476241870227396,-9.161571706128708,3.368306851948935e-14
169.83362631999626,51.063638075530015,8.345016987322838,-7.477073644740036,-9.159190598657338,0.0
169.84666655841403,51.06942426586289,8.34565438224899,-7.47790506397205,-9.156808770774859,3.368306851948935e-14
169.85971027994134,51.075208823860265,8.34629208890351,-7.47873612747849,-9.154426222619522,3.368306851948935e-14
169.87275748517473,51.08099174878425,8.346930107329612,-7.479566834814143,-9.1520429543299,-6.73661370389787e-14
169.88580817470975,51.08677303989667,8.3475684375705,-7.480397185533491,-9.149658966044939,0.0
169.89886234914127,51.09255269645916,8.34820707966938,-7.481227179190763,-9.14727425790391,-3.368306851948935e-14
169.91192000906312,51.09833071773308,8.348846033669457,-7.482056815339884,-9.144888830046446,1.6841534259744677e-13
169.92498115506854,51.10410710297959,8.349485299613939,-7.482886093534504,-9.142502682612509,1.0104920555846805e-13
169.93804578774973,51.10988185145958,8.350124877546028,-7.483715013328002,-9.140115815742437,-1.0104920555846805e-13
169.95111390769816,51.115654962433695,8.350764767508934,-7.48454357427346,-9.13772822957688,3.368306851948935e-14
169.96418551550434,51.12142643516238,8.351404969545863,-7.4853717759236815,-9.135339924256865,-3.368306851948935e-14
169.97726061175808,51.127196268905784,8.352045483700023,-7.486199617831198,-9.13295089992375,1.0104920555846805e-13
169.99033919704826,51.13296446292388,8.352686310014613,-7.48702709954825,-9.13056115671926,6.73661370389787e-14
170.0034212719629,51.13873101647637,8.353327448532847,-7.487854220626803,-9.128170694785451,-3.368306851948935e-14
170.01650683708917,51.144495928822714,8.353968899297927,-7.488680980618522,-9.125779514264737,3.368306851948935e-14
170.02959589301346,51.15025919922214,8.354610662353062,-7.489507379074832,-9.12338761529989,3.368306851948935e-14
170.04268844032123,51.156020826933656,8.355252737741454,-7.4903334155468375,-9.120994998034018,3.368306851948935e-14
170.05578447959712,51.16178081121599,8.355895125506313,-7.491159089585378,-9.118601662610594,-6.73661370389787e-14
170.0688840114249,51.16753915132769,8.356537825690843,-7.49198440074101,-9.11620760917343,0.0
170.08198703638746,51.17329584652701,8.357180838338252,-7.492809348564008,-9.113812837866709,3.368306851948935e-14
170.0950935550669,51.179050896072006,8.357824163491747,-7.493633932604372,-9.111417348834946,6.73661370389787e-14
170.10820356804442,51.18480429922047,8.358467801194527,-7.494458152411811,-9.109021142223025,6.73661370389787e-14
170.12131707590035,51.19055605522998,8.359111751489808,-7.495282007535764,-9.106624218176167,0.0
170.13443407921412,51.19630616335787,8.35975601442079,-7.496105497525371,-9.104226576839972,0.0
170.14755457856438,51.202054622861226,8.36040059003068,-7.496928621929517,-9.101828218360371,0.0
170.16067857452887,51.207801432996916,8.361045478362687,-7.497751380296798,-9.09942914288366,0.0
170.17380606768447,51.213546593021555,8.361690679460015,-7.498573772175507,-9.097029350556491,-3.368306851948935e-14
170.18693705860713,51.219290102191536,8.362336193365868,-7.499395797113689,-9.094628841525871,-6.73661370389787e-14
170.20007154787206,51.22503195976298,8.362982020123457,-7.500217454659085,-9.09222761593916,6.73661370389787e-14
170.21320953605348,51.23077216499185,8.363628159775985,-7.501038744359179,-9.089825673944084,3.368306851948935e-14
170.22635102372476,51.23651071713378,8.36427461236666,-7.5018596657611445,-9.087423015688712,-3.368306851948935e-14
170.23949601145847,51.24224761544423,8.364921377938686,-7.5026802184118955,-9.08501964132148,1.347322740779574e-13
170.25264449982618,51.24798285917841,8.365568456535268,-7.5035004018580755,-9.082615550991196,0.0
170.26579648939867,51.25371644759127,8.366215848199618,-7.504320215646018,-9.08021074484699,3.368306851948935e-14
170.27895198074583,51.259448379937574,8.366863552974937,-7.505139659321801,-9.077805223038387,3.368306851948935e-14
170.29211097443664,51.265178655471814,8.367511570904432,-7.505958732431215,-9.075398985715259,-3.368306851948935e-14
