galstreams/tracks/track.st.Jhelum.ibata2021.ecsv
# %ECSV 1.0
# ---
# datatype:
# - {name: ra, unit: deg, datatype: float64}
# - {name: dec, unit: deg, datatype: float64}
# - {name: distance, unit: kpc, datatype: float64}
# - {name: pm_ra_cosdec, unit: mas / yr, datatype: float64}
# - {name: pm_dec, unit: mas / yr, datatype: float64}
# - {name: radial_velocity, unit: km / s, datatype: float64}
# delimiter: ','
# meta: !!omap
# - __serialized_columns__:
#     dec:
#       __class__: astropy.coordinates.angles.Latitude
#       unit: &id001 !astropy.units.Unit {unit: deg}
#       value: !astropy.table.SerializedColumn {name: dec}
#     distance:
#       __class__: astropy.coordinates.distances.Distance
#       unit: !astropy.units.Unit {unit: kpc}
#       value: !astropy.table.SerializedColumn {name: distance}
#     pm_dec:
#       __class__: astropy.units.quantity.Quantity
#       unit: !astropy.units.Unit {unit: mas / yr}
#       value: !astropy.table.SerializedColumn {name: pm_dec}
#     pm_ra_cosdec:
#       __class__: astropy.units.quantity.Quantity
#       unit: !astropy.units.Unit {unit: mas / yr}
#       value: !astropy.table.SerializedColumn {name: pm_ra_cosdec}
#     ra:
#       __class__: astropy.coordinates.angles.Longitude
#       unit: *id001
#       value: !astropy.table.SerializedColumn {name: ra}
#       wrap_angle: !astropy.coordinates.Angle
#         unit: *id001
#         value: 360.0
#     radial_velocity:
#       __class__: astropy.units.quantity.Quantity
#       unit: !astropy.units.Unit {unit: km / s}
#       value: !astropy.table.SerializedColumn {name: radial_velocity}
# schema: astropy-2.0
ra,dec,distance,pm_ra_cosdec,pm_dec,radial_velocity
[from data line 2563]
330.2697850090324,-49.37965231782573,11.152578311777024,5.470828656386639,-6.137489206641888,-7.7264001321957405
330.25529679511357,-49.37615659761106,11.152816402166366,5.469883360466947,-6.138110132632238,-8.498925314289494
330.2408110902705,-49.37265803932725,11.153053178726383,5.468939305569765,-6.138730615730313,-9.273657273318241
330.2263278961252,-49.36915664298135,11.15328863980727,5.467996493037015,-6.139350656788995,-10.050598137135832
330.21184721429876,-49.365652408580786,11.153522783759223,5.467054924210016,-6.139970256661937,-10.82975003359521
330.19736904641115,-49.36214533613338,11.153755608932432,5.466114600429504,-6.140589416203563,-11.611115090550227
330.1828933940811,-49.35863542564735,11.153987113677086,5.465175523035597,-6.14120813626908,-12.394695435853926
330.1684202589265,-49.35512267713129,11.154217296343388,5.464237693367831,-6.141826417714455,-13.18049319735996
330.1539496425641,-49.351607090594214,11.154446155281526,5.463301112765135,-6.142444261396419,-13.968510502920964
330.1394815466094,-49.348088666045506,11.154673688841696,5.4623657825658345,-6.1430616681724945,-14.758749480391364
330.1250159726771,-49.344567403494935,11.15489989537409,5.461431704107662,-6.143678638900951,-15.551212257623497
330.1105529223805,-49.34104330295267,11.155124773228904,5.460498878727747,-6.144295174440832,-16.345900962471216
330.0960923973321,-49.33751636442926,11.155348320756328,5.459567307762617,-6.144911275651955,-17.142817722788354
330.0816343991432,-49.33398658793566,11.155570536306563,5.458636992548204,-6.145526943394884,-17.941964666427268
330.06717892942396,-49.330453973483195,11.15579141822979,5.457707934419836,-6.146142178530969,-18.743343921242378
330.05272598978354,-49.32691852108359,11.15601096487622,5.456780134712238,-6.146756981922306,-19.546957615086104
330.03827558182996,-49.32338023074894,11.15622917459603,5.455853594759539,-6.147371354431767,-20.352807875812537
330.02382770717026,-49.319839102491734,11.15644604573942,5.454928315895261,-6.147985296922971,-21.160896831274417
330.00938236741024,-49.31629513632486,11.15666157665659,5.454004299452324,-6.1485988102603075,-21.971226609325782
329.99493956415466,-49.3127483322616,11.156875765697725,5.453081546763055,-6.149211895308925,-22.783799337819406
329.9804992990073,-49.30919869031558,11.15708861121302,5.45216005915916,-6.1498245529347235,-23.598617144609207
329.96606157357076,-49.30564621050086,11.15730011155267,5.451239837971768,-6.15043678400437,-24.41568215754767
329.95162638944646,-49.30209089283185,11.157510265066868,5.450320884531373,-6.151048589385278,-25.23499650448926
329.9371937482349,-49.298532737323356,11.157719070105811,5.449403200167898,-6.151659969945623,-26.05656231328656
329.9227636515354,-49.29497174399058,11.157926525019692,5.448486786210637,-6.152270926554337,-26.88038171179304
329.90833610094614,-49.29140791284909,11.1581326281587,5.447571643988293,-6.152881460081099,-27.706456827862766
329.8939110980644,-49.28784124391485,11.158337377873035,5.446657774828967,-6.153491571396335,-28.534789789348093
329.8794886444861,-49.2842717372042,11.158540772512886,5.4457451800601495,-6.154101261371244,-29.365382724103092
329.8650687418063,-49.280699392733865,11.158742810428446,5.444833861008727,-6.154710530877756,-30.198237759980742
329.8506513916187,-49.27712421052095,11.158943489969914,5.443923819000976,-6.1553193807885584,-31.033357024834807
329.8362365955163,-49.27354619058297,11.15914280948748,5.4430150553625865,-6.155927811977087,-31.870742646517925
329.8218243550906,-49.26996533293776,11.159340767331337,5.4421075714186244,-6.156535825317517,-32.71039675288429
329.8074146719322,-49.26638163760359,11.159537361851678,5.441201368493553,-6.15714342168479,-33.552321471786726
329.7930075476305,-49.2627951045991,11.159732591398704,5.440296447911232,-6.157750601954573,-34.39651893107913
329.778602983774,-49.25920573394329,11.159926454322596,5.439392810994926,-6.158357367003289,-35.24299125861415
329.7642009819499,-49.25561352565558,11.160118948973562,5.438490459067269,-6.158963717708099,-36.09174058224573
329.74980154374435,-49.25201847975571,11.160310073701783,5.4375893934503114,-6.159569654946912,-36.9427690298268
329.73540467074247,-49.24842059626386,11.160499826857459,5.436689615465488,-6.160175179598374,-37.796078729211075
329.72101036452824,-49.24481987520056,11.160688206790788,5.435791126433625,-6.160780292541873,-38.65167180825184
329.7066186266844,-49.241216316586716,11.160875211851952,5.4348939276749375,-6.161384994657546,-39.509550394802424
329.6922294587928,-49.23760992044362,11.161060840391155,5.433998020509037,-6.161989286826254,-40.3697166167163
329.67784286243403,-49.23400068679293,11.161245090758582,5.433103406254943,-6.162593169929603,-41.23217260184635
329.6634588391877,-49.23038861565671,11.161427961304435,5.43221008623103,-6.163196644849941,-42.09692047804682
329.64907739063216,-49.22677370705736,11.161609450378906,5.4313180617551,-6.163799712470339,-42.96396237317012
329.6346985183448,-49.2231559610177,11.161789556332185,5.43042733414433,-6.164402373674621,-43.83330041507037
329.62032222390184,-49.219535377560895,11.161968277514468,5.429537904715283,-6.165004629347327,-44.704936731600505
329.6059485088784,-49.21591195671051,11.16214561227595,5.428649774783929,-6.165606480373744,-45.57887345061412
329.59157737484844,-49.21228569849044,11.16232155896682,5.427762945665618,-6.166207927639879,-46.45511269996419
329.57720882338486,-49.20865660292502,11.162496115937273,5.426877418675089,-6.166808972032486,-47.33365660750463
329.5628428560595,-49.2050246700389,11.162669281537509,5.425993195126478,-6.16740961443903,-48.214507301088396
329.5484794744429,-49.201389899857155,11.162841054117713,5.425110276333305,-6.168009855747721,-49.097666908568705
329.5341186801047,-49.1977522924052,11.163011432028087,5.424228663608482,-6.168609696847487,-49.983137557799765
329.5197604746134,-49.19411184770882,11.163180413618818,5.423348358264308,-6.169209138627992,-50.870921376634186
329.5054048595362,-49.19046856579421,11.163347997240102,5.422469361612483,-6.169808181979622,-51.761020492925766
329.49105183643945,-49.18682244668791,11.16351418124213,5.421591674964084,-6.170406827793482,-52.653437034527244
329.47670140688814,-49.18317349041682,11.163678963975103,5.420715299629576,-6.171005076961411,-53.548173129292834
329.46235357244626,-49.17952169700825,11.163842343789208,5.41984023691882,-6.1716029303759665,-54.44523090507483
329.44800833467673,-49.17586706648984,11.16400431903464,5.418966488141055,-6.172200388930433,-55.34461248972798
329.43366569514126,-49.17220959888965,11.164164888061595,5.418094054604925,-6.172797453518809,-56.246320011104444
329.4193256554005,-49.16854929423605,11.164324049220262,5.417222937618445,-6.173394125035816,-57.1503555970581
329.4049882170139,-49.164886152557855,11.164481800860841,5.41635313848903,-6.1739904043769,-58.056721375442116
329.39065338153995,-49.161220173884175,11.164638141333521,5.415484658523472,-6.174586292438219,-58.965419474110426
329.3763211505359,-49.15755135824453,11.164793068988498,5.414617499027963,-6.1751817901166515,-59.87645202091523
329.36199152555776,-49.1538797056688,11.164946582175965,5.413751661308063,-6.1757768983097945,-60.78982114371115
329.3476645081607,-49.15020521618724,11.165098679246112,5.412887146668737,-6.1763716179159545,-61.70552897035106
329.3333400998986,-49.14652788983048,11.165249358549138,5.412023956414333,-6.1769659498341545,-62.62357762868801
329.3190183023242,-49.14284772662948,11.165398618435233,5.411162091848584,-6.177559894964138,-63.543969246575976
329.3046991169892,-49.13916472661565,11.1655464572546,5.4103015542746,-6.178153454206349,-64.46670595186748
329.29038254544406,-49.135478889820654,11.165692873357418,5.4094423449948845,-6.178746628461957,-65.39178987241696
329.27606858923826,-49.13179021627663,11.165837865093891,5.408584465311332,-6.179339418632834,-66.31922313607686
329.26175724992004,-49.12809870601599,11.165981430814208,5.407727916525213,-6.179931825621556,-67.24900787070128
329.2474485290366,-49.1244043590716,11.166123568868565,5.406872699937196,-6.180523850331418,-68.18114620414285
329.2331424281339,-49.12070717547661,11.166264277607155,5.40601881684732,-6.181115493666418,-69.11564026425559
329.21883894875685,-49.1170071552646,11.166403555380167,5.405166268555013,-6.181706756531266,-70.05249217889217
329.2045380924493,-49.11330429846947,11.166541400537806,5.404315056359102,-6.182297639831362,-70.9917040759066
329.1902398607537,-49.10959860512555,11.166677811430256,5.403465181557769,-6.182888144472837,-71.93327808315226
329.17594425521173,-49.10589007526743,11.166812786407712,5.4026166454486155,-6.183478271362497,-72.87721632848162
329.1616512773637,-49.10217870893016,11.16694632382037,5.401769449328598,-6.184068021407874,-73.82352093974941
329.147360928749,-49.09846450614909,11.167078422018424,5.400923594494082,-6.184657395517183,-74.77219404480763
329.1330732109054,-49.09474746695997,11.167209079352064,5.400079082240782,-6.1852463945993605,-75.72323777151088
329.1187881253702,-49.09102759139891,11.167338294171492,5.399235913863839,-6.185835019564018,-76.67665424771164
329.10450567367917,-49.08730487950237,11.167466064826892,5.398394090657746,-6.186423271321487,-77.63244560126367
329.09022585736693,-49.08357933130716,11.167592389668464,5.397553613916393,-6.187011150782786,-78.59061396001987
329.0759486779671,-49.079850946850485,11.167717267046397,5.396714484933042,-6.187598658859637,-79.5511614518345
329.0616741370122,-49.07611972616987,11.167840695310886,5.395876705000351,-6.188185796464451,-80.51409020456015
329.04740223603346,-49.07238566930325,11.167962672812127,5.395040275410359,-6.188772564510339,-81.47940234605055
329.033132976561,-49.06864877628889,11.168083197900312,5.394205197454471,-6.1893589639111015,-82.44710000415876
329.0188663601239,-49.0649090471654,11.168202268925635,5.393371472423498,-6.189944995581235,-83.4171853067381
329.0046023882501,-49.06116648197178,11.168319884238294,5.3925391016076105,-6.19053066043593,-84.38966038164276
328.9903410624663,-49.05742108074738,11.168436042188468,5.391708086296384,-6.191115959391062,-85.364527356725
328.976082384298,-49.053672843531906,11.16855074112637,5.390878427778747,-6.191700893363202,-86.34178835983921
328.96182635527,-49.04992177036543,11.168663979402181,5.390050127343046,-6.192285463269606,-87.32144551883773
328.9475729769053,-49.04616786128834,11.168775755366102,5.389223186276974,-6.19286967002822,-88.30350096157494
328.93332225072623,-49.04241111634144,11.16888606736832,5.38839760586762,-6.193453514557676,-89.28795681590319
328.9190741782538,-49.03865153556588,11.168994913759033,5.387573387401457,-6.194036997777297,-90.27481520967683
328.904828761008,-49.034889119003125,11.16910229288843,5.386750532164339,-6.194620120607084,-91.26407827074839
328.89058600050737,-49.031123866695054,11.169208203106713,5.385929041441487,-6.195202883967729,-92.2557481269721
328.87634589826985,-49.02735577868385,11.16931264276407,5.385108916517526,-6.195785288780593,-93.24982690620024
328.86210845581166,-49.02358485501208,11.169415610210692,5.384290158676439,-6.196367335967739,-94.24631673628728
328.84787367464816,-49.01981109572266,11.169517103796778,5.383472769201595,-6.1969490264519,-95.2452197450856
328.8336415562936,-49.01603450085887,11.16961712187252,5.3826567493757524,-6.197530361156488,-96.24653806044914
328.8194121022611,-49.01225507046433,11.16971566278811,5.381842100481039,-6.198111341005594,-97.25027381023146
328.8051853140623,-49.008472804583,11.169812724893744,5.381028823798973,-6.198691966923995,-98.25642912228535
328.7909611932082,-49.00468770325924,11.169908306539615,5.380216920610432,-6.199272239837139,-99.26500612446469
328.77673974120813,-49.00089976653775,11.170002406075918,5.379406392195688,-6.199852160671153,-100.27600694462228
328.76252095957074,-48.99710899446352,11.170095021852845,5.378597239834404,-6.200431730352831,-101.28943371061213
328.7483048498032,-48.993315387081964,11.170186152220587,5.37778946480559,-6.201010949809655,-102.30528855028714
328.7340914134117,-48.98951894443884,11.170275795529342,5.37698306838766,-6.201589819969769,-103.32357359150093
328.71988065190124,-48.98571966658022,11.170363950129303,5.376178051858395,-6.202168341761994,-104.34429096210658
328.7056725667756,-48.981917553552584,11.170450614370663,5.375374416494961,-6.202746516115823,-105.36744278995789
328.6914671595376,-48.978112605402686,11.170535786603615,5.374572163573907,-6.2033243439614125,-106.39303120290758
328.67726443168857,-48.97430482217769,11.170619465178357,5.373771294371139,-6.203901826229599,-107.42105832880978
328.66306438472895,-48.97049420392509,11.17070164844507,5.372971810161958,-6.204478963851887,-108.45152629551737
328.6488670201581,-48.96668075069276,11.170782334753964,5.372173712221043,-6.205055757760431,-109.48443723088349
328.6346723394739,-48.96286446252885,11.170861522455223,5.371377001822448,-6.20563220888807,-110.51979326276242
328.6204803441735,-48.95904533948193,11.170939209899043,5.370581680239596,-6.206208318168306,-111.55759651900655
328.60629103575235,-48.955223381600874,11.171015395435614,5.3697877487453,-6.206784086535297,-112.59784912747001
328.59210441570525,-48.95139858893496,11.171090077415139,5.368995208611741,-6.2073595149238745,-113.64055321600551
328.5779204855257,-48.94757096153374,11.171163254187803,5.368204061110488,-6.207934604269519,-114.68571091246693
328.5637392467058,-48.94374049944716,11.171234924103805,5.367414307512473,-6.208509355508386,-115.73332434470699
328.5495607007367,-48.9399072027255,11.171305085513335,5.3666259490880055,-6.20908376957729,-116.78339564058007
328.53538484910854,-48.93607107141939,11.171373736766588,5.3658389871067955,-6.209657847413692,-117.83592692793843
328.52121169330997,-48.93223210557982,11.171440876213753,5.365053422837895,-6.210231589955732,-118.89092033463632
328.5070412348287,-48.92839030525808,11.171506502205037,5.364269257549752,-6.210804998142182,-119.94837798852659
328.4928734751512,-48.92454567050584,11.171570613090617,5.363486492510192,-6.211378072912496,-121.00830201746297
328.4787084157628,-48.92069820137514,11.171633207220701,5.362705128986403,-6.211950815206766,-122.07069454929801
328.46454605814773,-48.91684789791831,11.171694282945477,5.361925168244974,-6.212523225965741,-123.13555771188575
328.4503864037889,-48.91299476018803,11.171753838615132,5.361146611551835,-6.213095306130841,-124.20289363308
328.4362294541682,-48.90913878823737,11.17181187257987,5.3603694601723175,-6.213667056644108,-125.27270444073315
328.4220752107662,-48.90527998211969,11.171868383189878,5.359593715371117,-6.214238478448267,-126.34499226269955
328.40792367506253,-48.90141834188874,11.171923368795353,5.3588193784123135,-6.214809572486672,-127.41975922683157
328.39377484853554,-48.89755386759858,11.17197682774649,5.358046450559355,-6.21538033970333,-128.49700746098318
328.37962873266235,-48.89368655930362,11.172028758393475,5.3572749330750655,-6.215950781042906,-129.5767390930076
328.36548532891896,-48.889816417058604,11.172079159086513,5.356504827221639,-6.216520897450705,-130.65895625075845
328.3513446387803,-48.885943440918645,11.17212802817579,5.35573613426066,-6.217090689872675,-131.74366106208845
328.33720666371994,-48.88206763093915,11.172175364011498,5.354968855453074,-6.21766015925542,-132.8308556548517
328.3230714052105,-48.878188987175925,11.172221164943839,5.354202992059195,-6.218229306546183,-133.92054215690072
328.30893886472325,-48.87430750968505,11.172265429322998,5.35343854533873,-6.218798132692853,-135.01272269608998
328.29480904372843,-48.87042319852301,11.172308155499175,5.352675516550756,-6.219366638643954,-136.10739940027187
328.280681943695,-48.86653605374659,11.172349341822558,5.351913906953707,-6.219934825348665,-137.20457439729995
328.26655756609085,-48.862646075412904,11.172388986643348,5.35115371780541,-6.220502693756792,-138.30424981502821
