galstreams/tracks/track.st.OmegaCen-Fimbulthul.ibata2021.ecsv
# %ECSV 0.9
# ---
# datatype:
# - {name: ra, unit: deg, datatype: float64}
# - {name: dec, unit: deg, datatype: float64}
# - {name: distance, unit: kpc, datatype: float64}
# - {name: pm_ra_cosdec, unit: mas / yr, datatype: float64}
# - {name: pm_dec, unit: mas / yr, datatype: float64}
# - {name: radial_velocity, unit: km / s, datatype: float64}
# delimiter: ','
# meta: !!omap
# - __serialized_columns__:
#     dec:
#       __class__: astropy.coordinates.angles.Latitude
#       unit: &id001 !astropy.units.Unit {unit: deg}
#       value: !astropy.table.SerializedColumn {name: dec}
#     distance:
#       __class__: astropy.coordinates.distances.Distance
#       unit: !astropy.units.Unit {unit: kpc}
#       value: !astropy.table.SerializedColumn {name: distance}
#     pm_dec:
#       __class__: astropy.units.quantity.Quantity
#       unit: !astropy.units.Unit {unit: mas / yr}
#       value: !astropy.table.SerializedColumn {name: pm_dec}
#     pm_ra_cosdec:
#       __class__: astropy.units.quantity.Quantity
#       unit: !astropy.units.Unit {unit: mas / yr}
#       value: !astropy.table.SerializedColumn {name: pm_ra_cosdec}
#     ra:
#       __class__: astropy.coordinates.angles.Longitude
#       unit: *id001
#       value: !astropy.table.SerializedColumn {name: ra}
#       wrap_angle: !astropy.coordinates.Angle
#         unit: *id001
#         value: 360.0
#     radial_velocity:
#       __class__: astropy.units.quantity.Quantity
#       unit: !astropy.units.Unit {unit: km / s}
#       value: !astropy.table.SerializedColumn {name: radial_velocity}
# schema: astropy-2.0
ra,dec,distance,pm_ra_cosdec,pm_dec,radial_velocity
[from data line 2886]
206.35517395531832,-23.324070593219236,3.7985034527078985,-14.301929864485952,-10.853197977228895,5.0524602779234026e-14
206.36579983517856,-23.317924995775726,3.797063354728423,-14.310916230751335,-10.856967943891735,1.347322740779574e-13
206.37642619029174,-23.31177958020882,3.7956234121252175,-14.319903889385433,-10.860737825516129,1.347322740779574e-13
206.38705301640667,-23.30563434451883,3.794183625770239,-14.328892837517657,-10.864507618797854,1.0946997268834039e-13
206.3976803092723,-23.299489286707228,3.792743996535449,-14.33788307227811,-10.868277320430774,4.210383564936169e-14
206.40830806463788,-23.293344404776736,3.791304525292808,-14.346874590797608,-10.872046927106853,5.0524602779234026e-14
206.41893627825277,-23.28719969673125,3.7898652129142785,-14.355867390207631,-10.87581643551615,1.2631150694808508e-13
206.42956494586676,-23.281055160575875,3.7884260602718163,-14.364861467640402,-10.879585842346843,1.2631150694808508e-13
206.4401940632296,-23.274910794316916,3.7869870682373836,-14.373856820228802,-10.883355144285195,3.368306851948935e-14
206.4508236260914,-23.268766595961896,3.7855482376829417,-14.382853445106417,-10.887124338015578,5.894536990910637e-14
206.46145363020239,-23.26262256351953,3.78410956948045,-14.39185133940753,-10.890893420220483,1.4315304120782974e-13
206.47208407131316,-23.256478694999714,3.782671064501868,-14.400850500267108,-10.894662387580503,1.1789073981821273e-13
206.48271494517437,-23.250334988413552,3.7812327236191567,-14.409850924820798,-10.898431236774341,5.894536990910637e-14
206.49334624753695,-23.244191441773363,3.7797945477042765,-14.418852610204954,-10.902199964478823,1.2631150694808508e-13
206.50397797415206,-23.238048053092626,3.7783565376291874,-14.427855553556599,-10.905968567368888,9.262843842859572e-14
206.5146101207711,-23.23190482038604,3.7769186942658495,-14.436859752013453,-10.909737042117591,3.368306851948935e-14
206.52524268314556,-23.225761741669487,3.775481018486223,-14.445865202713911,-10.91350538539611,1.1789073981821273e-13
206.53587565702728,-23.219618814960032,3.7740435111622688,-14.45487190279705,-10.917273593873752,9.262843842859572e-14
206.54650903816827,-23.213476038275946,3.772606173165947,-14.46387984940264,-10.921041664217954,8.420767129872338e-14
206.55714282232077,-23.20733340963667,3.7711690053692166,-14.472889039671117,-10.924809593094267,9.262843842859572e-14
206.56777700523716,-23.201190927062846,3.7697320086440387,-14.4818994707436,-10.928577377166379,5.894536990910637e-14
206.57841158267016,-23.195048588576302,3.768295183862374,-14.490911139761888,-10.932345013096118,1.5999457546757442e-13
206.58904655037267,-23.188906392200042,3.7668585318961822,-14.49992404386845,-10.936112497543448,6.73661370389787e-14
206.5996819040977,-23.182764335958264,3.765422053617423,-14.508938180206435,-10.939879827166456,9.262843842859572e-14
206.6103176395987,-23.17662241787633,3.7639857498980573,-14.517953545919653,-10.943646998621386,8.420767129872338e-15
206.62095375262902,-23.170480635980816,3.762549621610046,-14.526970138152596,-10.947414008562596,1.0946997268834039e-13
206.63159023894258,-23.164338988299438,3.761113669625348,-14.535987954050428,-10.951180853642638,1.2631150694808508e-13
206.6422270942933,-23.158197472861115,3.7596778948159244,-14.54500699075897,-10.954947530512166,5.894536990910637e-14
206.65286431443533,-23.152056087695932,3.758242298053735,-14.554027245424725,-10.958714035819996,9.262843842859572e-14
206.66350189512315,-23.145914830835178,3.7568068802107413,-14.56304871519485,-10.962480366213113,9.262843842859572e-14
206.67413983211134,-23.13977370031126,3.755371642158901,-14.572071397217169,-10.96624651833662,9.262843842859572e-14
206.6847781211548,-23.13363269415783,3.7539365847701753,-14.581095288640173,-10.970012488833815,9.262843842859572e-14
206.6954167580086,-23.127491810409637,3.752501708916527,-14.590120386613009,-10.97377827434613,9.262843842859572e-14
206.70605573842803,-23.121351047102667,3.751067015469913,-14.599146688285492,-10.97754387151316,7.578690416885104e-14
206.7166950581686,-23.11521040227403,3.7496325053022943,-14.608174190808093,-10.981309276972683,3.368306851948935e-14
206.72733471298608,-23.10906987396204,3.748198179285632,-14.617202891331939,-10.985074487360613,4.210383564936169e-14
206.7379746986364,-23.10292946020615,3.7467640382918863,-14.626232787008796,-10.988839499311045,7.578690416885104e-14
206.7486150108758,-23.096789159046985,3.745330083193018,-14.635263874991123,-10.99260430945625,1.347322740779574e-13
206.75925564546066,-23.090648968526338,3.743896314860984,-14.644296152432007,-10.996368914426663,1.0104920555846805e-13
206.76989659814765,-23.08450888668718,3.742462734167748,-14.653329616485184,-11.000133310850904,3.368306851948935e-14
206.7805378646936,-23.07836891157361,3.7410293419852687,-14.662364264305058,-11.003897495355753,8.420767129872338e-14
206.79117944085564,-23.072229041230926,3.7395961391855077,-14.671400093046659,-11.007661464566183,5.0524602779234026e-14
206.80182132239102,-23.06608927370555,3.7381631266404245,-14.680437099865685,-11.01142521510535,1.0946997268834039e-13
206.8124635050573,-23.059949607045095,3.736730305221979,-14.689475281918469,-11.015188743594573,7.578690416885104e-14
206.8231059846123,-23.053810039298323,3.7352976758021303,-14.698514636361999,-11.018952046653393,1.347322740779574e-13
206.83374875681395,-23.04767056851511,3.7338652392528413,-14.707555160353891,-11.022715120899502,9.262843842859572e-14
206.84439181742047,-23.041531192746543,3.7324329964460707,-14.716596851052419,-11.026477962948814,1.0104920555846805e-13
206.85503516219038,-23.03539191004484,3.731000948253779,-14.725639705616484,-11.030240569415424,3.368306851948935e-14
206.86567878688223,-23.029252718463372,3.7295690955479253,-14.734683721205641,-11.03400293691161,1.4315304120782974e-13
206.876322687255,-23.023113616056644,3.728137439200472,-14.74372889498007,-11.037765062047875,2.5262301389617013e-14
206.8869668590678,-23.01697460088035,3.7267059800833784,-14.752775224100585,-11.041526941432894,1.1789073981821273e-13
206.89761129808,-23.010835670991273,3.725274719068603,-14.761822705728656,-11.045288571673575,7.578690416885104e-14
206.90825600005113,-23.004696824447404,3.7238436570281093,-14.770871337026353,-11.049049949374997,1.0104920555846805e-13
206.91890096074104,-22.998558059307836,3.722412794833855,-14.779921115156418,-11.05281107114048,1.2631150694808508e-13
206.92954617590982,-22.992419373632828,3.7209821333578,-14.78897203728218,-11.056571933571536,4.210383564936169e-14
206.94019164131768,-22.986280765483784,3.7195516734719085,-14.798024100567636,-11.060332533267886,7.578690416885104e-14
206.95083735272513,-22.980142232923225,3.718121416048136,-14.807077302177383,-11.064092866827481,1.1789073981821273e-13
206.96148330589293,-22.97400377401483,3.716691361958445,-14.816131639276662,-11.067852930846474,1.1789073981821273e-13
206.972129496582,-22.967865386823426,3.7152615120747945,-14.825187109031328,-11.07161272191925,1.2631150694808508e-13
206.98277592055362,-22.961727069414962,3.7138318672691466,-14.83424370860787,-11.075372236638406,7.578690416885104e-14
206.99342257356915,-22.955588819856512,3.7124024284134607,-14.843301435173373,-11.079131471594772,8.420767129872338e-14
207.00406945139025,-22.949450636216326,3.710973196379697,-14.852360285895575,-11.08289042337739,6.73661370389787e-14
207.01471654977885,-22.94331251656374,3.709544172039814,-14.86142025794282,-11.086649088573555,4.210383564936169e-14
207.02536386449702,-22.937174458969253,3.708115356265775,-14.870481348484061,-11.09040746376877,1.0104920555846805e-13
207.0360113913072,-22.93103646150448,3.7066867499295393,-14.879543554688876,-11.09416554554679,1.0946997268834039e-13
207.04665912597193,-22.92489852224218,3.705258353903066,-14.888606873727452,-11.097923330489595,6.73661370389787e-14
207.05730706425405,-22.918760639256227,3.703830169058316,-14.897671302770597,-11.101680815177408,7.578690416885104e-14
207.06795520191662,-22.912622810621635,3.702402196267248,-14.906736838989724,-11.105437996188693,1.4315304120782974e-13
207.07860353472296,-22.906485034414516,3.7009744364018253,-14.915803479556855,-11.10919487010016,3.368306851948935e-14
207.08925205843656,-22.90034730871214,3.6995468903340067,-14.924871221644622,-11.112951433486755,1.0946997268834039e-13
207.09990076882121,-22.89420963159288,3.698119558935751,-14.933940062426263,-11.116707682921692,7.578690416885104e-14
207.11054966164093,-22.888072001136226,3.696692443079021,-14.943009999075628,-11.12046361497641,9.262843842859572e-14
207.12119873265993,-22.881934415422823,3.6952655436357746,-14.952081028767166,-11.124219226220625,6.73661370389787e-14
207.13184797764268,-22.875796872534387,3.693838861477974,-14.961153148675916,-11.127974513222298,1.768361097273191e-13
207.14249739235396,-22.869659370553787,3.692412397477579,-14.970226355977545,-11.131729472547645,9.262843842859572e-14
207.1531469725587,-22.863521907564984,3.6909861525065484,-14.979300647848293,-11.135484100761158,1.6841534259744676e-14
207.163796714022,-22.857384481653078,3.689560127436843,-14.98837602146502,-11.139238394425568,8.420767129872338e-14
207.1744466125094,-22.851247090904266,3.6881343231404236,-14.99745247400516,-11.142992350101892,5.0524602779234026e-14
207.1850966637865,-22.84510973340586,3.686708740489251,-15.006530002646763,-11.146745964349405,1.0104920555846805e-13
207.19574686361926,-22.83897240724629,3.6852833803552842,-15.015608604568461,-11.150499233725657,1.347322740779574e-13
207.2063972077738,-22.832835110515077,3.6838582436104836,-15.02468827694947,-11.154252154786475,1.347322740779574e-13
207.2170476920165,-22.826697841302874,3.6824333311268114,-15.033769016969615,-11.158004724085945,9.262843842859572e-14
207.227698312114,-22.82056059770143,3.6810086437762237,-15.042850821809312,-11.161756938176453,7.578690416885104e-14
207.23834906383317,-22.814423377803593,3.6795841824306845,-15.051933688649525,-11.165508793608641,5.894536990910637e-14
207.2489999429411,-22.808286179703327,3.6781599479621527,-15.061017614671862,-11.169260286931458,5.0524602779234026e-14
207.25965094520515,-22.802149001495685,3.676735941242589,-15.070102597058455,-11.173011414692127,6.73661370389787e-14
207.2703020663929,-22.796011841276837,3.6753121631439525,-15.079188632992075,-11.176762173436144,6.73661370389787e-14
207.28095330227222,-22.789874697144047,3.6738886145382055,-15.088275719656036,-11.18051255970732,1.0104920555846805e-13
207.29160464861116,-22.783737567195672,3.672465296297306,-15.097363854234231,-11.18426257004775,9.262843842859572e-14
207.30225610117807,-22.777600449531167,3.671042209293215,-15.106453033911167,-11.188012200997825,3.368306851948935e-14
207.31290765574144,-22.771463342251096,3.6696193543978923,-15.115543255871888,-11.19176144909622,1.0946997268834039e-13
207.32355930807017,-22.7653262434571,3.668196732483299,-15.124634517302038,-11.195510310879937,8.420767129872338e-14
207.3342110539333,-22.759189151251928,3.666774344421395,-15.133726815387814,-11.19925878288426,5.0524602779234026e-14
207.34486288910006,-22.753052063739407,3.6653521910841413,-15.142820147316,-11.203006861642773,5.0524602779234026e-14
207.35551480934004,-22.74691497902446,3.6639302733434977,-15.151914510273944,-11.20675454368737,1.2631150694808508e-13
207.366166810423,-22.74077789521312,3.6625085920714233,-15.161009901449574,-11.210501825548295,1.0104920555846805e-13
207.37681888811903,-22.734640810412458,3.661087148139879,-15.170106318031372,-11.214248703754048,7.578690416885104e-14
207.38747103819838,-22.728503722730682,3.6596659424208253,-15.179203757208382,-11.217995174831476,1.0104920555846805e-13
207.39812325643157,-22.722366630277058,3.658244975786222,-15.18830221617022,-11.221741235305732,1.2631150694808508e-13
207.40877553858937,-22.716229531161957,3.656824249108031,-15.197401692107066,-11.22548688170029,1.768361097273191e-13
207.4194278804428,-22.710092423496786,3.65540376325821,-15.206502182209663,-11.229232110536957,1.347322740779574e-13
207.43008027776318,-22.703955305394093,3.6539835191087207,-15.215603683669306,-11.232976918335858,1.768361097273191e-13
207.440732726322,-22.69781817496746,3.652563517531524,-15.224706193677843,-11.236721301615438,3.368306851948935e-14
207.45138522189103,-22.69168103033157,3.651143759398577,-15.233809709427701,-11.240465256892486,1.0104920555846805e-13
207.46203776024225,-22.685543869602174,3.649724245581844,-15.242914228111836,-11.24420878068211,5.0524602779234026e-14
207.47269033714795,-22.679406690896105,3.6483049769532827,-15.252019746923759,-11.247951869497768,1.2631150694808508e-13
207.48334294838068,-22.67326949233126,3.646885954384855,-15.26112626305755,-11.251694519851243,1.0104920555846805e-13
207.49399558971314,-22.66713227202662,3.645467178748519,-15.270233773707835,-11.255436728252665,1.4315304120782974e-13
207.50464825691844,-22.660995028102217,3.6440486509162358,-15.279342276069768,-11.259178491210504,8.420767129872338e-14
207.51530094576978,-22.65485775867918,3.642630371759967,-15.288451767339067,-11.262919805231576,1.515738083377021e-13
207.5259536520407,-22.648720461879687,3.641212342151671,-15.29756224471199,-11.266660666821041,1.515738083377021e-13
207.53660637150497,-22.64258313582699,3.639794562963309,-15.306673705385348,-11.27040107248242,1.4315304120782974e-13
207.54725909993667,-22.6364457786454,3.6383770350668407,-15.315786146556475,-11.274141018717579,4.210383564936169e-14
207.55791183310996,-22.630308388460303,3.6369597593342275,-15.324899565423275,-11.277880502026738,1.5999457546757442e-13
207.56856456679952,-22.624170963398143,3.635542736637428,-15.33401395918414,-11.281619518908478,7.578690416885104e-14
207.57921729678003,-22.618033501586414,3.6341259678484032,-15.343129325038051,-11.28535806585974,3.368306851948935e-14
207.58987001882656,-22.611896001153685,3.6327094538391127,-15.352245660184504,-11.28909613937584,5.894536990910637e-14
207.6005227287144,-22.60575846022958,3.6312931954815193,-15.361362961823513,-11.292833735950424,6.73661370389787e-14
207.6111754222191,-22.599620876944776,3.6298771936475807,-15.370481227155649,-11.296570852075545,7.578690416885104e-14
207.6218280951165,-22.593483249431003,3.6284614492092566,-15.37960045338201,-11.300307484241616,1.0946997268834039e-13
207.63248074318267,-22.58734557582105,3.627045963038509,-15.388720637704196,-11.304043628937412,0.0
207.64313336219385,-22.58120785424877,3.6256307360072983,-15.397841777324366,-11.307779282650094,1.1789073981821273e-13
207.6537859479267,-22.57507008284904,3.6242157689875825,-15.406963869445196,-11.311514441865194,1.0104920555846805e-13
207.664438496158,-22.56893225975782,3.6228010628513245,-15.416086911269876,-11.31524910306664,1.2631150694808508e-13
207.67509100266489,-22.562794383112085,3.621386618470483,-15.425210900002115,-11.31898326273672,9.262843842859572e-14
207.68574346322467,-22.556656451049864,3.619972436717018,-15.434335832846179,-11.322716917356134,5.894536990910637e-14
207.69639587361493,-22.55051846171027,3.6185585184628906,-15.443461707006797,-11.326450063403952,9.262843842859572e-14
207.7070482296136,-22.5443804132334,3.6171448645800606,-15.452588519689257,-11.330182697357642,5.894536990910637e-14
207.71770052699878,-22.538242303760455,3.6157314759404886,-15.461716268099352,-11.333914815693069,5.0524602779234026e-14
207.72835276154885,-22.53210413143362,3.614318353416134,-15.470844949443386,-11.33764641488449,5.894536990910637e-14
207.73900492904244,-22.525965894396155,3.6129054978789594,-15.47997456092816,-11.341377491404547,1.1789073981821273e-13
207.7496570252585,-22.519827590792353,3.611492910200921,-15.489105099761023,-11.345108041724325,5.894536990910637e-14
207.76030904597616,-22.513689218767546,3.6100805912539826,-15.498236563149797,-11.34883806231327,1.0104920555846805e-13
207.77096098697484,-22.507550776468076,3.608668541910102,-15.507368948302844,-11.35256754963926,1.515738083377021e-13
