galstreams/tracks/track.st.Gaia-8.ibata2021.ecsv
# %ECSV 0.9
# ---
# datatype:
# - {name: ra, unit: deg, datatype: float64}
# - {name: dec, unit: deg, datatype: float64}
# - {name: distance, unit: kpc, datatype: float64}
# - {name: pm_ra_cosdec, unit: mas / yr, datatype: float64}
# - {name: pm_dec, unit: mas / yr, datatype: float64}
# - {name: radial_velocity, unit: km / s, datatype: float64}
# delimiter: ','
# meta: !!omap
# - __serialized_columns__:
#     dec:
#       __class__: astropy.coordinates.angles.Latitude
#       unit: &id001 !astropy.units.Unit {unit: deg}
#       value: !astropy.table.SerializedColumn {name: dec}
#     distance:
#       __class__: astropy.coordinates.distances.Distance
#       unit: !astropy.units.Unit {unit: kpc}
#       value: !astropy.table.SerializedColumn {name: distance}
#     pm_dec:
#       __class__: astropy.units.quantity.Quantity
#       unit: !astropy.units.Unit {unit: mas / yr}
#       value: !astropy.table.SerializedColumn {name: pm_dec}
#     pm_ra_cosdec:
#       __class__: astropy.units.quantity.Quantity
#       unit: !astropy.units.Unit {unit: mas / yr}
#       value: !astropy.table.SerializedColumn {name: pm_ra_cosdec}
#     ra:
#       __class__: astropy.coordinates.angles.Longitude
#       unit: *id001
#       value: !astropy.table.SerializedColumn {name: ra}
#       wrap_angle: !astropy.coordinates.Angle
#         unit: *id001
#         value: 360.0
#     radial_velocity:
#       __class__: astropy.units.quantity.Quantity
#       unit: !astropy.units.Unit {unit: km / s}
#       value: !astropy.table.SerializedColumn {name: radial_velocity}
# schema: astropy-2.0
ra,dec,distance,pm_ra_cosdec,pm_dec,radial_velocity
[from data line 1101]
191.6096570380219,-18.80982838744963,7.074974586984535,-9.724136231055432,-8.698926289766174,1.1789073981821273e-13
191.6178621524911,-18.80353133483167,7.075349894958214,-9.724682234770864,-8.699123091510621,1.515738083377021e-13
191.62606671719672,-18.797233999165076,7.075725190589505,-9.72522696491043,-8.6993188566542,1.515738083377021e-13
191.6342707346236,-18.790936383234587,7.076100470230542,-9.725770413735264,-8.699513581683162,8.420767129872338e-14
191.6424742072568,-18.784638489824534,7.076475730233451,-9.726312573507165,-8.69970726308236,1.515738083377021e-13
191.65067713758154,-18.77834032171883,7.076850966950369,-9.726853436488604,-8.699899897335248,8.420767129872338e-14
191.6588795280832,-18.772041881700964,7.077226176733425,-9.727392994942749,-8.7000914809239,1.347322740779574e-13
191.6670813812473,-18.76574317255401,7.077601355934749,-9.72793124113342,-8.700282010328984,1.1789073981821273e-13
191.67528269955957,-18.75944419706063,7.077976500906477,-9.728468167325124,-8.700471482029776,1.0104920555846805e-13
191.6834834855058,-18.75314495800306,7.078351608000736,-9.729003765783046,-8.700659892504165,1.8525687685719145e-13
191.6916837415721,-18.746845458163115,7.0787266735696575,-9.729538028773048,-8.700847238228654,1.347322740779574e-13
191.69988347024457,-18.740545700322215,7.079101693965379,-9.73007094856164,-8.701033515678338,5.0524602779234026e-14
191.7080826740096,-18.73424568726134,7.0794766655400245,-9.730602517416038,-8.701218721326956,6.73661370389787e-14
191.71628135535363,-18.727945421761063,7.079851584645731,-9.731132727604125,-8.701402851646831,8.420767129872338e-14
191.72447951676338,-18.721644906601558,7.080226447634625,-9.73166157139445,-8.701585903108922,8.420767129872338e-14
191.73267716072561,-18.71534414456255,7.080601250858842,-9.732189041056246,-8.70176787218279,8.420767129872338e-14
191.74087428972734,-18.709043138423375,7.080975990670514,-9.7327151288594,-8.701948755336614,1.0104920555846805e-13
191.74907090625567,-18.702741890962947,7.081350663421769,-9.733239827074495,-8.702128549037205,1.1789073981821273e-13
191.75726701279788,-18.696440404959755,7.081725265464741,-9.733763127972777,-8.70230724974997,1.515738083377021e-13
191.76546261184149,-18.690138683191915,7.082099793151561,-9.734285023826153,-8.702484853938957,1.0104920555846805e-13
191.773657705874,-18.683836728437065,7.08247424283436,-9.734805506907225,-8.702661358066823,1.0104920555846805e-13
191.78185229738324,-18.677534543472486,7.082848610865271,-9.735324569489254,-8.70283675859486,6.73661370389787e-14
191.7900463888571,-18.67123213107501,7.0832228935964245,-9.735842203846174,-8.70301105198296,8.420767129872338e-14
191.79823998278366,-18.66492949402108,7.083597087379951,-9.736358402252584,-8.703184234689672,1.0104920555846805e-13
191.8064330816511,-18.658626635086723,7.083971188567983,-9.736873156983778,-8.703356303172143,2.020984111169361e-13
191.8146256879479,-18.652323557047538,7.084345193512652,-9.737386460315692,-8.703527253886165,1.8525687685719145e-13
191.82281780416255,-18.64602026267872,7.084719098566089,-9.737898304524945,-8.703697083286142,1.6841534259744677e-13
191.83100943278376,-18.639716754755078,7.085092900080427,-9.738408681888833,-8.703865787825121,6.73661370389787e-14
191.83920057630036,-18.63341303605096,7.085466594407797,-9.738917584685316,-8.704033363954775,8.420767129872338e-14
191.8473912372013,-18.62710910934035,7.085840177900328,-9.739425005193024,-8.704199808125406,1.6841534259744677e-13
191.85558141797583,-18.6208049773968,7.086213646910156,-9.739930935691246,-8.704365116785945,1.347322740779574e-13
191.86377112111322,-18.614500642993455,7.08658699778941,-9.740435368459964,-8.70452928638397,1.6841534259744677e-13
191.87196034910292,-18.608196108903048,7.08696022689022,-9.740938295779818,-8.704692313365678,1.515738083377021e-13
191.88014910443457,-18.601891377897918,7.087333330564718,-9.741439709932113,-8.704854194175915,1.347322740779574e-13
191.88833738959792,-18.595586452749963,7.087706305165042,-9.741939603198817,-8.705014925258146,3.368306851948935e-14
191.89652520708285,-18.58928133623072,7.088079147043313,-9.742437967862585,-8.705174503054497,2.020984111169361e-13
191.90471255937953,-18.582976031111265,7.088451852551668,-9.742934796206733,-8.70533292400572,1.6841534259744677e-13
191.9128994489781,-18.576670540162304,7.08882441804224,-9.743430080515235,-8.705490184551198,1.8525687685719145e-13
191.92108587836898,-18.57036486615412,7.089196839867158,-9.743923813072739,-8.705646281128976,1.1789073981821273e-13
191.92927185004268,-18.56405901185659,7.089569114378554,-9.744415986164563,-8.705801210175723,1.0104920555846805e-13
191.93745736648987,-18.557752980039194,7.089941237928561,-9.744906592076699,-8.70595496812676,1.6841534259744677e-13
191.9456424302014,-18.551446773470982,7.090313206869308,-9.745395623095783,-8.706107551416055,1.1789073981821273e-13
191.95382704366818,-18.545140394920633,7.0906850175529295,-9.745883071509148,-8.706258956476216,1.515738083377021e-13
191.96201120938142,-18.538833847156386,7.091056666331553,-9.746368929604769,-8.7064091797385,1.515738083377021e-13
191.97019492983236,-18.532527132946097,7.0914281495573155,-9.74685318967129,-8.706558217632802,6.73661370389787e-14
191.9783782075124,-18.52622025505721,7.091799463582343,-9.747335843998043,-8.706706066587687,1.8525687685719145e-13
191.98656104491315,-18.51991321625675,7.09217060475877,-9.747816884875,-8.70685272303035,1.6841534259744677e-13
191.99474344452634,-18.513606019311364,7.092541569438725,-9.74829630459281,-8.706998183386647,1.515738083377021e-13
192.0029254088438,-18.507298666987275,7.092912353974343,-9.748774095442784,-8.707142444081077,1.0104920555846805e-13
192.01110694035754,-18.500991162050305,7.093282954717757,-9.749250249716903,-8.7072855015368,1.8525687685719145e-13
192.0192880415598,-18.494683507265883,7.0936533680210925,-9.749724759707801,-8.707427352175634,6.73661370389787e-14
192.0274687149428,-18.48837570539902,7.094023590236486,-9.750197617708794,-8.707567992418037,5.0524602779234026e-14
192.03564896299906,-18.482067759214335,7.094393617716067,-9.750668816013848,-8.707707418683137,1.515738083377021e-13
192.0438287882212,-18.475759671476037,7.094763446811968,-9.751138346917596,-8.707845627388705,5.0524602779234026e-14
192.05200819310187,-18.469451444947943,7.09513307387632,-9.751606202715342,-8.707982614951192,1.6841534259744677e-13
192.06018718013408,-18.463143082393458,7.095502495261255,-9.752072375703039,-8.708118377785686,8.420767129872338e-14
192.06836575181083,-18.45683458657559,7.095871707318902,-9.75253685817732,-8.708252912305953,1.8525687685719145e-13
192.07654391062533,-18.45052596025694,7.096240706401395,-9.752999642435466,-8.708386214924408,5.0524602779234026e-14
192.08472165907085,-18.444217206199717,7.096609488860866,-9.753460720775431,-8.708518282052125,1.6841534259744677e-13
192.09289899964097,-18.43790832716573,7.096978051049446,-9.753920085495825,-8.70864911009886,1.6841534259744677e-13
192.10107593482923,-18.43159932591636,7.097346389319266,-9.754377728895923,-8.70877869547302,6.73661370389787e-14
192.1092524671294,-18.42529020521264,7.097714500022455,-9.75483364327567,-8.708907034581681,1.515738083377021e-13
192.1174285990355,-18.41898096781516,7.098082379511149,-9.755287820935656,-8.709034123830584,1.347322740779574e-13
192.12560433304145,-18.412671616484122,7.0984500241374775,-9.755740254177141,-8.709159959624134,8.420767129872338e-14
192.13377967164152,-18.406362153979334,7.098817430253571,-9.756190935302048,-8.709284538365416,1.347322740779574e-13
192.14195461733004,-18.400052583060205,7.099184594211566,-9.756639856612953,-8.709407856456172,1.1789073981821273e-13
192.15012917260148,-18.39374290648575,7.099551512363587,-9.75708701041311,-8.709529910296826,2.020984111169361e-13
192.15830333995052,-18.38743312701456,7.099918181061769,-9.757532389006409,-8.70965069628647,8.420767129872338e-14
192.16647712187188,-18.381123247404865,7.100284596658242,-9.757975984697431,-8.709770210822871,6.73661370389787e-14
192.17465052086047,-18.37481327041447,7.100650755505141,-9.758417789791375,-8.70988845030245,3.368306851948935e-14
192.18282353941134,-18.368503198800802,7.101016653954595,-9.758857796594137,-8.710005411120337,1.6841534259744677e-13
192.19099618001977,-18.36219303532088,7.101382288358733,-9.759295997412261,-8.710121089670315,5.0524602779234026e-14
192.199168445181,-18.35588278273133,7.101747655069692,-9.75973238455294,-8.710235482344844,1.515738083377021e-13
192.20734033739055,-18.34957244378838,7.1021127504396,-9.760166950324042,-8.71034858553508,1.347322740779574e-13
192.21551185914402,-18.343262021247863,7.10247757082059,-9.760599687034079,-8.710460395630836,8.420767129872338e-14
192.22368301293716,-18.336951517865213,7.102842112564793,-9.761030586992229,-8.710570909020616,1.515738083377021e-13
192.2318538012659,-18.33064093639548,7.103206372024339,-9.76145964250833,-8.710680122091608,8.420767129872338e-14
192.24002422662628,-18.324330279593298,7.10357034555136,-9.761886845892867,-8.710788031229674,1.6841534259744677e-13
192.24819429151447,-18.318019550212938,7.1039340294979905,-9.762312189457003,-8.710894632819368,5.0524602779234026e-14
192.25636399842674,-18.311708751008254,7.1042974202163585,-9.762735665512539,-8.710999923243923,1.347322740779574e-13
192.26453334985962,-18.30539788473271,7.1046605140585966,-9.763157266371934,-8.711103898885254,6.73661370389787e-14
192.27270234830965,-18.29908695413938,7.105023307376836,-9.76357698434832,-8.711206556123969,1.0104920555846805e-13
192.28087099627362,-18.292775961980933,7.105385796523213,-9.763994811755465,-8.71130789133936,6.73661370389787e-14
192.28903929624832,-18.286464911009666,7.10574797784985,-9.764410740907813,-8.711407900909405,1.515738083377021e-13
192.29720725073082,-18.280153803977473,7.106109847708885,-9.764824764120451,-8.711506581210777,2.1893994537668078e-13
192.3053748622183,-18.273842643635845,7.106471402452448,-9.765236873709123,-8.711603928618835,5.0524602779234026e-14
192.31354213320796,-18.267531432735893,7.106832638432672,-9.765647061990233,-8.711699939507632,1.1789073981821273e-13
192.32170906619726,-18.26122017402835,7.107193552001687,-9.766055321280845,-8.711794610249912,1.0104920555846805e-13
192.32987566368377,-18.254908870263527,7.107554139511621,-9.766461643898662,-8.711887937217112,6.73661370389787e-14
192.33804192816515,-18.24859752419136,7.107914397314613,-9.766866022162054,-8.71197991677936,8.420767129872338e-14
192.34620786213924,-18.242286138561408,7.108274321762788,-9.767268448390052,-8.712070545305489,1.8525687685719145e-13
192.3543734681041,-18.235974716122804,7.108633909208281,-9.767668914902321,-8.71215981916302,1.347322740779574e-13
192.36253874855768,-18.229663259624324,7.108993156003223,-9.7680674140192,-8.71224773471817,1.347322740779574e-13
192.3707037059983,-18.223351771814347,7.109352058499744,-9.768463938061661,-8.712334288335859,1.6841534259744677e-13
192.37886834292436,-18.217040255440853,7.109710613049977,-9.768858479351357,-8.712419476379711,5.0524602779234026e-14
192.38703266183433,-18.210728713251445,7.110068816006053,-9.769251030210574,-8.71250329521204,8.420767129872338e-14
192.39519666522685,-18.204417147993325,7.110426663720103,-9.76964158296226,-8.712585741193866,1.1789073981821273e-13
192.4033603556007,-18.19810556241331,7.110784152544261,-9.770030129930001,-8.712666810684908,1.347322740779574e-13
192.41152373545486,-18.19179395925784,7.111141278830656,-9.770416663438054,-8.712746500043599,6.73661370389787e-14
192.41968680728826,-18.185482341272948,7.111498038931418,-9.770801175811325,-8.712824805627067,1.515738083377021e-13
192.42784957360016,-18.1791707112043,7.111854429198686,-9.771183659375364,-8.712901723791143,8.420767129872338e-14
192.43601203688985,-18.17285907179716,7.112210445984581,-9.771564106456385,-8.712977250890376,1.6841534259744677e-13
192.4441741996568,-18.16654742579641,7.112566085641242,-9.77194250938123,-8.713051383278007,3.368306851948935e-14
192.45233606440055,-18.16023577594655,7.112921344520797,-9.772318860477428,-8.713124117305998,1.515738083377021e-13
192.46049763362086,-18.153924124991693,7.113276218975379,-9.772693152073124,-8.713195449325019,8.420767129872338e-14
192.46865890981755,-18.147612475675547,7.113630705357122,-9.773065376497138,-8.713265375684436,5.0524602779234026e-14
192.47681989549056,-18.141300830741468,7.113984800018151,-9.773435526078933,-8.713333892732349,6.73661370389787e-14
192.48498059314008,-18.134989192932398,7.114338499310604,-9.77380359314861,-8.713400996815547,3.368306851948935e-14
192.49314100526627,-18.12867756499092,7.114691799586607,-9.774169570036944,-8.713466684279554,1.8525687685719145e-13
192.50130113436958,-18.122365949659198,7.115044697198297,-9.774533449075342,-8.71353095146859,3.368306851948935e-14
192.50946098295046,-18.11605434967904,7.115397188497801,-9.77489522259587,-8.713593794725602,1.515738083377021e-13
192.51762055350957,-18.109742767791868,7.115749269837252,-9.77525488293123,-8.71365521039225,1.6841534259744677e-13
192.5257798485477,-18.10343120673871,7.116100937568785,-9.775612422414794,-8.713715194808906,6.73661370389787e-14
192.5339388705657,-18.097119669260213,7.116452188044526,-9.77596783338056,-8.713773744314665,1.6841534259744677e-13
192.5420976220646,-18.090808158096642,7.11680301761661,-9.776321108163193,-8.71383085524734,1.6841534259744677e-13
192.5502561055456,-18.084496675987882,7.117153422637165,-9.776672239098001,-8.71388652394347,1.0104920555846805e-13
192.55841432350994,-18.078185225673437,7.117503399458327,-9.77702121852094,-8.713940746738306,1.347322740779574e-13
192.5665722784591,-18.071873809892416,7.117852944432226,-9.7773680387686,-8.713993519965822,5.0524602779234026e-14
192.57472997289454,-18.06556243138357,7.118202053910993,-9.777712692178241,-8.714044839958717,3.368306851948935e-14
192.58288740931798,-18.05925109288524,7.118550724246758,-9.778055171087761,-8.714094703048417,1.515738083377021e-13
192.59104459023123,-18.052939797135416,7.118898951791655,-9.778395467835702,-8.714143105565073,8.420767129872338e-14
192.59920151813625,-18.046628546871684,7.119246732897814,-9.778733574761256,-8.714190043837553,8.420767129872338e-14
192.60735819553506,-18.040317344831255,7.119594063917366,-9.779069484204259,-8.714235514193462,1.347322740779574e-13
192.61551462492983,-18.034006193750965,7.119940941202446,-9.779403188505196,-8.714279512959124,1.515738083377021e-13
192.62367080882296,-18.027695096367268,7.120287361105181,-9.779734680005202,-8.714322036459603,1.1789073981821273e-13
192.63182674971682,-18.021384055416235,7.120633319977706,-9.78006395104605,-8.714363081018679,5.0524602779234026e-14
192.63998245011402,-18.01507307363357,7.120978814172149,-9.78039099397016,-8.714402642958875,1.6841534259744677e-13
192.64813791251726,-18.008762153754578,7.121323840040646,-9.780715801120602,-8.714440718601438,6.73661370389787e-14
192.65629313942932,-18.0024512985142,7.121668393935326,-9.781038364841084,-8.714477304266346,1.515738083377021e-13
192.66444813335323,-17.99614051064699,7.122012472208319,-9.781358677475978,-8.714512396272324,1.1789073981821273e-13
192.67260289679203,-17.989829792887146,7.12235607121176,-9.781676731370268,-8.714545990936816,1.6841534259744677e-13
192.68075743224895,-17.98351914796845,7.122699187297777,-9.78199251886961,-8.714578084576008,8.420767129872338e-14
192.68891174222728,-17.977208578624342,7.123041816818506,-9.78230603232029,-8.714608673504816,8.420767129872338e-14
192.69706582923052,-17.970898087587877,7.123383956126073,-9.782617264069257,-8.71463775403691,1.515738083377021e-13
192.70521969576225,-17.964587677591705,7.1237256015726125,-9.782926206464069,-8.714665322484684,6.73661370389787e-14
192.7133733443262,-17.958277351368146,7.1240667495102565,-9.783232851852961,-8.714691375159271,1.6841534259744676e-14
