galstreams/tracks/track.st.Gaia-1.ibata2024.ecsv
# %ECSV 1.0
# ---
# datatype:
# - {name: ra, unit: deg, datatype: float64}
# - {name: dec, unit: deg, datatype: float64}
# - {name: distance, unit: kpc, datatype: float64}
# - {name: pm_ra_cosdec, unit: mas / yr, datatype: float64}
# - {name: pm_dec, unit: mas / yr, datatype: float64}
# - {name: radial_velocity, unit: km / s, datatype: float64}
# delimiter: ','
# meta: !!omap
# - __serialized_columns__:
#     dec:
#       __class__: astropy.coordinates.angles.Latitude
#       unit: &id001 !astropy.units.Unit {unit: deg}
#       value: !astropy.table.SerializedColumn {name: dec}
#     distance:
#       __class__: astropy.coordinates.distances.Distance
#       unit: !astropy.units.Unit {unit: kpc}
#       value: !astropy.table.SerializedColumn {name: distance}
#     pm_dec:
#       __class__: astropy.units.quantity.Quantity
#       unit: !astropy.units.Unit {unit: mas / yr}
#       value: !astropy.table.SerializedColumn {name: pm_dec}
#     pm_ra_cosdec:
#       __class__: astropy.units.quantity.Quantity
#       unit: !astropy.units.Unit {unit: mas / yr}
#       value: !astropy.table.SerializedColumn {name: pm_ra_cosdec}
#     ra:
#       __class__: astropy.coordinates.angles.Longitude
#       unit: *id001
#       value: !astropy.table.SerializedColumn {name: ra}
#       wrap_angle: !astropy.coordinates.Angle
#         unit: *id001
#         value: 360.0
#     radial_velocity:
#       __class__: astropy.units.quantity.Quantity
#       unit: !astropy.units.Unit {unit: km / s}
#       value: !astropy.table.SerializedColumn {name: radial_velocity}
# schema: astropy-2.0
ra,dec,distance,pm_ra_cosdec,pm_dec,radial_velocity
[from data line 697]
185.8173467223383,-16.162152771630364,0.9999999999999994,-13.366467759222736,-17.820932713019488,297.07807889359657
185.8238249397371,-16.15432335250878,0.9999999999999996,-13.367205352312922,-17.82281198456579,296.9789789520088
185.83030232206477,-16.146493504446333,0.9999999999999994,-13.367943827358395,-17.82469131614134,296.87988706781033
185.83677886985916,-16.138663227756975,0.9999999999999996,-13.368683183641973,-17.826570707195618,296.7808032318224
185.84325458365817,-16.13083252275454,0.9999999999999996,-13.369423420446633,-17.828450157177937,296.6817274348662
185.84972946399955,-16.123001389752798,0.9999999999999994,-13.370164537055427,-17.830329665537377,296.5826596677626
185.85620351142097,-16.115169829065444,0.9999999999999996,-13.37090653275153,-17.832209231722825,296.4835999213326
185.8626767264601,-16.10733784100596,0.9999999999999997,-13.371649406818266,-17.834088855183012,296.38454818639735
185.86914910965444,-16.09950542588788,0.9999999999999997,-13.372393158539028,-17.835968535366362,296.2855044537777
185.8756206615415,-16.091672584024582,0.9999999999999996,-13.373137787197386,-17.83784827172124,296.18646871429496
185.88209138265861,-16.083839315729367,0.9999999999999996,-13.37388329207699,-17.839728063695674,296.08744095876983
185.8885612735431,-16.076005621315435,0.9999999999999997,-13.374629672461587,-17.841607910737572,295.98842117802366
185.8950303347322,-16.068171501095907,0.9999999999999997,-13.37537692763511,-17.843487812294637,295.88940936287736
185.9014985667631,-16.060336955383804,0.9999999999999996,-13.376125056881524,-17.84536776781433,295.7904055041519
185.90796597017288,-16.052501984492043,0.9999999999999997,-13.376874059485,-17.847247776743934,295.6914095926684
185.9144325454985,-16.044666588733474,0.9999999999999994,-13.377623934729751,-17.849127838530563,295.5924216192478
185.9208982932769,-16.036830768420845,0.9999999999999997,-13.37837468190014,-17.851007952621064,295.49344157471137
185.92736321404496,-16.02899452386681,0.9999999999999997,-13.379126300280635,-17.852888118462133,295.39446944988
185.93382730833943,-16.02115785538398,0.9999999999999997,-13.379878789155885,-17.854768335500275,295.29550523557447
185.94029057669707,-16.01332076328474,0.9999999999999997,-13.380632147810546,-17.856648603181746,295.1965489226162
185.94675301965444,-16.00548324788152,0.9999999999999997,-13.381386375529468,-17.858528920952637,295.0976005018261
185.95321463774815,-15.99764530948661,0.9999999999999996,-13.38214147159762,-17.86040928825886,294.9986599640252
185.95967543151463,-15.989806948412213,0.9999999999999997,-13.382897435300025,-17.862289704546058,294.89972730003444
185.96613540149028,-15.98196816497044,0.9999999999999996,-13.383654265921875,-17.86417016925975,294.8008025006749
185.97259454821142,-15.974128959473305,0.9999999999999994,-13.384411962748471,-17.866050681845216,294.7018855567677
185.9790528722143,-15.966289332232753,0.9999999999999996,-13.385170525065245,-17.867931241747545,294.6029764591338
185.9855103740351,-15.958449283560606,0.9999999999999998,-13.3859299521577,-17.869811848411622,294.50407519859436
185.9919670542099,-15.950608813768632,0.9999999999999996,-13.386690243311495,-17.871692501282155,294.4051817659702
185.99842291327474,-15.942767923168477,0.9999999999999993,-13.387451397812383,-17.873573199803626,294.30629615208244
186.00487795176548,-15.934926612071758,0.9999999999999996,-13.388213414946254,-17.875453943420332,294.20741834775225
186.01133217021805,-15.927084880789858,0.9999999999999996,-13.388976293999065,-17.87733473157637,294.1085483438005
186.01778556916827,-15.919242729634215,0.9999999999999996,-13.38974003425699,-17.87921556371566,294.0096861310484
186.02423814915184,-15.911400158916129,0.9999999999999994,-13.390504635006229,-17.881096439281883,293.91083170031675
186.03068991070433,-15.903557168946799,0.9999999999999996,-13.391270095533107,-17.882977357718552,293.8119850424268
186.03714085436135,-15.89571376003735,0.9999999999999997,-13.392036415124094,-17.884858318468996,293.71314614819954
186.04359098065837,-15.887869932498809,0.9999999999999994,-13.392803593065757,-17.886739320976318,293.6143150084558
186.05004029013082,-15.880025686642108,0.9999999999999996,-13.39357162864481,-17.888620364683405,293.5154916140168
186.05648878331402,-15.872181022778106,0.9999999999999996,-13.394340521148045,-17.89050144903301,293.41667595570357
186.0629364607432,-15.864335941217545,0.9999999999999994,-13.395110269862371,-17.89238257346764,293.3178680243371
186.06938332295357,-15.85649044227111,0.9999999999999997,-13.395880874074848,-17.894263737429643,293.2190678107386
186.07582937048025,-15.848644526249378,0.9999999999999996,-13.396652333072613,-17.896144940361108,293.1202753057288
186.0822746038582,-15.840798193462875,0.9999999999999994,-13.397424646142948,-17.89802618170401,293.0214905001289
186.08871902362245,-15.832951444221921,0.9999999999999996,-13.398197812573216,-17.89990746090006,292.92271338475996
186.09516263030784,-15.825104278836859,0.9999999999999996,-13.398971831650913,-17.901788777390824,292.823943950443
186.10160542444916,-15.81725669761792,0.9999999999999998,-13.399746702663663,-17.903670130617627,292.72518218799894
186.1080474065812,-15.809408700875242,0.9999999999999997,-13.400522424899222,-17.90555152002164,292.626428088249
186.1144885772385,-15.801560288918857,0.9999999999999994,-13.401298997645377,-17.907432945043823,292.5276816420141
186.12092893695575,-15.793711462058722,0.9999999999999996,-13.402076420190143,-17.909314405124924,292.4289428401152
186.12736848626736,-15.785862220604704,0.9999999999999997,-13.402854691821537,-17.911195899705497,292.3302116733737
186.13380722570778,-15.778012564866584,0.9999999999999996,-13.403633811827813,-17.913077428225947,292.23148813261014
186.14024515581139,-15.770162495154041,0.9999999999999996,-13.404413779497203,-17.914958990126422,292.13277220864586
186.1466822771124,-15.762312011776679,0.9999999999999996,-13.405194594118159,-17.91684058484693,292.03406389230173
186.153118590145,-15.754461115044043,0.9999999999999996,-13.405976254979224,-17.91872221182725,291.9353631743991
186.15955409544338,-15.746609805265475,0.9999999999999997,-13.406758761368998,-17.920603870506987,291.8366700457586
186.16598879354157,-15.738758082750353,0.9999999999999997,-13.407542112576316,-17.922485560325537,291.7379844972015
186.17242268497347,-15.730905947807909,0.9999999999999997,-13.408326307889979,-17.92436728072211,291.63930651954877
186.178855770273,-15.723053400747311,0.9999999999999996,-13.409111346598996,-17.92624903113571,291.54063610362147
186.18528804997405,-15.715200441877622,0.9999999999999994,-13.409897227992502,-17.928130811005175,291.44197324024066
186.19171952461025,-15.707347071507815,0.9999999999999997,-13.41068395135968,-17.930012619769133,291.3433179202272
186.1981501947153,-15.699493289946787,0.9999999999999996,-13.411471515989863,-17.93189445686601,291.24467013440244
186.20458006082285,-15.691639097503337,0.9999999999999994,-13.41225992117252,-17.93377632173405,291.1460298735871
186.21100912346634,-15.683784494486181,0.9999999999999994,-13.413049166197194,-17.935658213811323,291.0473971286024
186.21743738317926,-15.675929481203939,0.9999999999999996,-13.413839250353552,-17.937540132535673,290.94877189026954
186.22386484049488,-15.668074057965159,0.9999999999999997,-13.414630172931371,-17.939422077344737,290.8501541494091
186.23029149594655,-15.660218225078328,0.9999999999999997,-13.415421933220568,-17.941304047676052,290.75154389684246
186.23671735006752,-15.652361982851716,0.9999999999999996,-13.416214530511166,-17.94318604296685,290.65294112339046
186.24314240339083,-15.64450533159366,0.9999999999999997,-13.41700796409325,-17.945068062654222,290.5543458198743
186.24956665644964,-15.636648271612318,0.9999999999999996,-13.417802233257106,-17.946950106175095,290.45575797711496
186.25599010977686,-15.628790803215812,0.9999999999999996,-13.41859733729304,-17.948832172966164,290.3571775859334
186.26241276390544,-15.62093292671215,0.9999999999999996,-13.419393275491569,-17.950714262463933,290.2586046371508
186.26883461936816,-15.61307464240924,0.9999999999999997,-13.42019004714324,-17.952596374104736,290.1600391215881
186.27525567669787,-15.605215950614937,0.9999999999999996,-13.420987651538766,-17.95447850732471,290.0614810300662
186.28167593642715,-15.597356851636976,0.9999999999999996,-13.421786087968922,-17.9563606615598,289.9629303534064
186.28809539908866,-15.589497345783029,0.9999999999999996,-13.422585355724646,-17.95824283624575,289.8643870824297
186.29451406521488,-15.581637433360703,0.9999999999999996,-13.423385454096975,-17.960125030818112,289.765851207957
186.30093193533835,-15.573777114677412,0.9999999999999994,-13.424186382377037,-17.962007244712282,289.66732272080935
186.30734900999138,-15.565916390040588,0.9999999999999996,-13.424988139856097,-17.963889477363434,289.5688016118079
186.3137652897063,-15.558055259757545,0.9999999999999997,-13.425790725825514,-17.965771728206533,289.4702878717735
186.32018077501536,-15.550193724135509,0.9999999999999996,-13.42659413957679,-17.967653996676418,289.3717814915274
186.32659546645067,-15.542331783481622,0.9999999999999996,-13.427398380401492,-17.969536282207677,289.2732824618905
186.33300936454435,-15.534469438102942,0.9999999999999996,-13.428203447591365,-17.971418584234748,289.1747907736838
186.33942246982835,-15.526606688306417,0.9999999999999997,-13.429009340438183,-17.973300902191852,289.0763064177286
186.34583478283463,-15.518743534398938,0.9999999999999998,-13.429816058233898,-17.975183235513036,288.97782938484545
186.35224630409505,-15.5108799766873,0.9999999999999994,-13.430623600270556,-17.977065583632157,288.8793596658558
186.35865703414134,-15.503016015478195,0.9999999999999997,-13.431431965840297,-17.97894794598289,288.7808972515806
186.36506697350526,-15.495151651078254,0.9999999999999994,-13.432241154235417,-17.98083032199869,288.68244213284083
186.37147612271838,-15.487286883794043,0.9999999999999996,-13.433051164748285,-17.98271271111286,288.58399430045745
186.3778844823123,-15.479421713931933,0.9999999999999997,-13.433861996671354,-17.984595112758488,288.4855537452518
186.3842920528185,-15.47155614179831,0.9999999999999996,-13.434673649297274,-17.986477526368517,288.3871204580444
186.39069883476833,-15.46369016769946,0.9999999999999997,-13.435486121918728,-17.98835995137564,288.2886944296568
186.39710482869316,-15.455823791941567,0.9999999999999996,-13.436299413828575,-17.99024238721242,288.1902756509097
186.4035100351242,-15.44795701483073,0.9999999999999996,-13.437113524319727,-17.99212483331118,288.09186411262436
186.40991445459267,-15.440089836672964,0.9999999999999997,-13.437928452685235,-17.99400728910409,287.9934598056217
186.4163180876296,-15.432222257774198,0.9999999999999996,-13.438744198218256,-17.995889754023146,287.89506272072265
186.4227209347661,-15.42435427844028,0.9999999999999994,-13.439560760212075,-17.997772227500093,287.79667284874847
186.42912299653304,-15.416485898976964,0.9999999999999996,-13.44037813796007,-17.99965470896656,287.6982901805201
186.43552427346134,-15.408617119689913,0.9999999999999996,-13.441196330755718,-18.001537197853942,287.5999147068585
186.44192476608174,-15.400747940884772,0.9999999999999996,-13.442015337892645,-18.003419693593482,287.5015464185847
186.44832447492507,-15.392878362866936,0.9999999999999994,-13.442835158664582,-18.005302195616228,287.40318530651984
186.45472340052189,-15.385008385941877,0.9999999999999994,-13.443655792365298,-18.007184703353005,287.30483136148507
186.4611215434028,-15.377138010414912,0.9999999999999996,-13.444477238288787,-18.009067216234484,287.20648457430116
186.46751890409834,-15.369267236591291,0.9999999999999996,-13.445299495729076,-18.010949733691167,287.10814493578926
186.47391548313885,-15.361396064776176,0.9999999999999996,-13.446122563980339,-18.01283225515333,287.0098124367704
186.48031128105472,-15.353524495274632,0.9999999999999997,-13.446946442336813,-18.014714780051094,286.9114870680655
186.48670629837628,-15.345652528391652,0.9999999999999994,-13.447771130092914,-18.016597307814376,286.81316882049583
186.4931005356336,-15.337780164432127,0.9999999999999997,-13.448596626543099,-18.01847983787291,286.7148576848825
186.4994939933569,-15.329907403700886,0.9999999999999997,-13.449422930982001,-18.02036236965624,286.61655365204604
186.5058866720762,-15.32203424650266,0.9999999999999994,-13.450250042704333,-18.022244902593776,286.518256712808
186.5122785723215,-15.314160693142089,0.9999999999999996,-13.451077961004884,-18.02412743611466,286.4199668579891
186.5186696946226,-15.30628674392378,0.9999999999999997,-13.451906685178608,-18.026009969647873,286.3216840784105
186.5250600395094,-15.29841239915213,0.9999999999999996,-13.452736214520534,-18.027892502622286,286.22340836489326
186.5314496075117,-15.290537659131564,0.9999999999999996,-13.453566548325837,-18.029775034466496,286.1251397082584
186.5378383991591,-15.282662524166392,0.9999999999999997,-13.454397685889766,-18.031657564608935,286.02687809932695
186.5442264149812,-15.274786994560843,0.9999999999999996,-13.455229626507695,-18.033540092477892,285.9286235289199
186.55061365550753,-15.266911070619056,0.9999999999999997,-13.456062369475088,-18.035422617501418,285.83037598785836
186.55700012126758,-15.259034752645071,0.9999999999999997,-13.456895914087559,-18.03730513910742,285.73213546696326
186.56338581279067,-15.25115804094287,0.9999999999999996,-13.457730259640812,-18.039187656723584,285.6339019570557
186.5697707306061,-15.243280935816339,0.9999999999999997,-13.458565405430633,-18.04107016977746,285.53567544895674
186.57615487524316,-15.23540343756927,0.9999999999999997,-13.459401350752987,-18.042952677696398,285.43745593348734
186.58253824723093,-15.227525546505387,0.9999999999999994,-13.460238094903872,-18.044835179907523,285.3392434014686
186.58892084709848,-15.219647262928357,0.9999999999999994,-13.461075637179423,-18.046717675837826,285.2410378437216
186.59530267537485,-15.211768587141648,0.9999999999999997,-13.461913976875886,-18.048600164914106,285.1428392510673
186.60168373258898,-15.203889519448767,0.9999999999999996,-13.462753113289645,-18.05048264656297,285.0446476143267
186.60806401926965,-15.196010060153082,0.9999999999999996,-13.463593045717133,-18.05236512021085,284.94646292432094
186.61444353594572,-15.188130209557906,0.9999999999999997,-13.464433773454966,-18.054247585283946,284.8482851718709
186.62082228314583,-15.180249967966445,0.9999999999999993,-13.46527529579979,-18.056130041208405,284.7501143477978
186.62720026139863,-15.172369335681815,0.9999999999999996,-13.466117612048407,-18.058012487410025,284.65195044292255
186.6335774712327,-15.164488313007082,0.9999999999999994,-13.466960721497758,-18.059894923314552,284.55379344806636
186.63995391317644,-15.156606900245187,0.9999999999999997,-13.467804623444788,-18.06177734834747,284.45564335405
186.64632958775834,-15.148725097699021,0.9999999999999996,-13.468649317186697,-18.063659761934147,284.3575001516947
186.65270449550667,-15.140842905671366,0.9999999999999997,-13.469494802020652,-18.065542163499725,284.2593638318213
186.6590786369497,-15.13296032446494,0.9999999999999997,-13.470341077244,-18.06742455246917,284.16123438525113
186.6654520126156,-15.125077354382418,0.9999999999999999,-13.471188142154208,-18.069306928267267,284.06311180280494
186.67182462303248,-15.117193995726238,0.9999999999999998,-13.472035996048813,-18.071189290318635,283.964996075304
186.67819646872837,-15.109310248798923,0.9999999999999997,-13.472884638225475,-18.073071638047708,283.866887193569
186.68456755023126,-15.101426113902837,0.9999999999999998,-13.473734067981987,-18.074953970878727,283.7687851484215
186.690937868069,-15.093541591340285,0.9999999999999997,-13.474584284616206,-18.076836288235754,283.6706899306821
186.69730742276937,-15.085656681413461,0.9999999999999998,-13.47543528742612,-18.078718589542675,283.5726015311721
