galstreams/tracks/track.st.Hrid.ibata2021.ecsv
# %ECSV 0.9
# ---
# datatype:
# - {name: ra, unit: deg, datatype: float64}
# - {name: dec, unit: deg, datatype: float64}
# - {name: distance, unit: kpc, datatype: float64}
# - {name: pm_ra_cosdec, unit: mas / yr, datatype: float64}
# - {name: pm_dec, unit: mas / yr, datatype: float64}
# - {name: radial_velocity, unit: km / s, datatype: float64}
# delimiter: ','
# meta: !!omap
# - __serialized_columns__:
#     dec:
#       __class__: astropy.coordinates.angles.Latitude
#       unit: &id001 !astropy.units.Unit {unit: deg}
#       value: !astropy.table.SerializedColumn {name: dec}
#     distance:
#       __class__: astropy.coordinates.distances.Distance
#       unit: !astropy.units.Unit {unit: kpc}
#       value: !astropy.table.SerializedColumn {name: distance}
#     pm_dec:
#       __class__: astropy.units.quantity.Quantity
#       unit: !astropy.units.Unit {unit: mas / yr}
#       value: !astropy.table.SerializedColumn {name: pm_dec}
#     pm_ra_cosdec:
#       __class__: astropy.units.quantity.Quantity
#       unit: !astropy.units.Unit {unit: mas / yr}
#       value: !astropy.table.SerializedColumn {name: pm_ra_cosdec}
#     ra:
#       __class__: astropy.coordinates.angles.Longitude
#       unit: *id001
#       value: !astropy.table.SerializedColumn {name: ra}
#       wrap_angle: !astropy.coordinates.Angle
#         unit: *id001
#         value: 360.0
#     radial_velocity:
#       __class__: astropy.units.quantity.Quantity
#       unit: !astropy.units.Unit {unit: km / s}
#       value: !astropy.table.SerializedColumn {name: radial_velocity}
# schema: astropy-2.0
ra,dec,distance,pm_ra_cosdec,pm_dec,radial_velocity
[from data line 3616]
281.4092438575639,51.29107023955388,3.184828951611268,-5.267227326986651,23.03339693526337,-6.73661370389787e-14
281.41020141918926,51.30105838907542,3.1849481323006517,-5.266546479428195,23.03382289440482,6.73661370389787e-14
281.41115939659653,51.311046530824306,3.185067418310972,-5.265865330598619,23.034247430049184,-6.73661370389787e-14
281.41211779025554,51.32103466478899,3.185186809671489,-5.265183880391989,23.034670542059164,-3.368306851948935e-14
281.41307660063666,51.33102279095788,3.1853063064114644,-5.264502128702223,23.035092230297472,-3.368306851948935e-14
281.4140358282107,51.341010909319415,3.185425908560159,-5.263820075423123,23.035512494626822,-6.73661370389787e-14
281.4149954734489,51.35099901986199,3.185545616146833,-5.263137720448323,23.035931334909996,-6.73661370389787e-14
281.4159555368231,51.360987122574016,3.185665429200748,-5.262455063671308,23.03634875100977,-1.0104920555846805e-13
281.41691601880535,51.370975217443856,3.185785347751164,-5.261772104985482,23.036764742788908,-1.0104920555846805e-13
281.41787691986843,51.38096330445991,3.185905371827342,-5.261088844284034,23.03717931011024,-3.368306851948935e-14
281.4188382404854,51.39095138361053,3.1860255014585426,-5.260405281460067,23.037592452836584,0.0
281.4197999811298,51.40093945488406,3.186145736674026,-5.259721416406534,23.038004170830796,0.0
281.4207621422758,51.410927518268835,3.1862660775030553,-5.259037249016225,23.03841446395569,-6.73661370389787e-14
281.4217247243978,51.420915573753234,3.18638652397489,-5.258352779181816,23.038823332074195,-3.368306851948935e-14
281.4226877279708,51.430903621325534,3.1865070761187893,-5.257668006795828,23.039230775049198,-3.368306851948935e-14
281.42365115347025,51.44089166097404,3.186627733964016,-5.256982931750677,23.039636792743586,-3.368306851948935e-14
281.42461500137205,51.45087969268707,3.186748497539829,-5.256297553938571,23.04004138502033,-6.73661370389787e-14
281.42557927215256,51.4608677164529,3.1868693668754915,-5.255611873251632,23.040444551742354,-3.368306851948935e-14
281.4265439662886,51.470855732259814,3.1869903420002634,-5.254925889581826,23.04084629277263,-3.368306851948935e-14
281.42750908425757,51.48084374009608,3.187111422943403,-5.254239602820958,23.04124660797416,-1.0104920555846805e-13
281.42847462653714,51.490831739949925,3.187232609734175,-5.253553012860745,23.041645497209927,-6.73661370389787e-14
281.4294405936056,51.50081973180962,3.187353902401837,-5.252866119592717,23.042042960342954,-3.368306851948935e-14
281.43040698594166,51.510807715663375,3.1874753009756525,-5.252178922908255,23.04243899723628,-3.368306851948935e-14
281.43137380402453,51.52079569149943,3.18759680548488,-5.251491422698627,23.04283360775299,-6.73661370389787e-14
281.4323410483338,51.53078365930597,3.187718415958781,-5.250803618854975,23.043226791756112,-1.347322740779574e-13
281.43330871934967,51.540771619071215,3.1878401324266177,-5.250115511268248,23.043618549108757,-3.368306851948935e-14
281.43427681755276,51.55075957078335,3.187961954917648,-5.249427099829282,23.044008879674067,0.0
281.43524534342396,51.56074751443051,3.1880838834611347,-5.248738384428792,23.04439778331513,-6.73661370389787e-14
281.43621429744513,51.57073545000092,3.188205918086338,-5.248049364957283,23.044785259895114,-1.0104920555846805e-13
281.4371836800979,51.58072337748269,3.1883280588225196,-5.247360041305227,23.045171309277162,0.0
281.43815349186514,51.59071129686397,3.1884503056989386,-5.246670413362828,23.045555931324493,0.0
281.4391237332296,51.60069920813288,3.1885726587448566,-5.245980481020237,23.04593912590026,-3.368306851948935e-14
281.4400944046748,51.61068711127758,3.188695117989535,-5.2452902441674425,23.04632089286772,-1.0104920555846805e-13
281.44106550668465,51.62067500628613,3.1888176834622337,-5.244599702694263,23.046701232090093,-1.0104920555846805e-13
281.4420370397435,51.63066289314665,3.188940355192214,-5.243908856490409,23.047080143430634,-6.73661370389787e-14
281.4430090043364,51.640650771847206,3.1890631332087374,-5.243217705445415,23.04745762675262,-1.0104920555846805e-13
281.4439814009485,51.65063864237591,3.1891860175410613,-5.242526249448709,23.047833681919336,0.0
281.4449542300657,51.660626504720774,3.189309008218451,-5.241834488389529,23.048208308794095,0.0
281.44592749217435,51.67061435886987,3.1894321052701633,-5.241142422157027,23.048581507240222,-3.368306851948935e-14
281.4469011877613,51.68060220481124,3.1895553087254624,-5.240450050640154,23.048953277121043,-6.73661370389787e-14
281.4478753173137,51.690590042532904,3.1896786186136072,-5.239757373727754,23.049323618299944,-1.0104920555846805e-13
281.4488498813194,51.70057787202289,3.1898020349638587,-5.239064391308512,23.049692530640293,-3.368306851948935e-14
281.44982488026665,51.71056569326921,3.1899255578054775,-5.238371103270964,23.05006001400551,-3.368306851948935e-14
281.45080031464414,51.720553506259826,3.190049187167725,-5.237677509503537,23.050426068258975,-1.0104920555846805e-13
281.4517761849411,51.730541310982744,3.190172923079862,-5.23698360989448,23.050790693264144,-6.73661370389787e-14
281.4527524916471,51.74052910742592,3.190296765571148,-5.236289404331898,23.051153888884464,6.73661370389787e-14
281.4537292352526,51.75051689557731,3.190420714670844,-5.235594892703748,23.05151565498342,-3.368306851948935e-14
281.45470641624803,51.76050467542487,3.190544770408213,-5.234900074897848,23.051875991424478,-1.0104920555846805e-13
281.4556840351246,51.77049244695655,3.1906689328125126,-5.234204950801905,23.052234898071156,-3.368306851948935e-14
281.45666209237396,51.78048021016025,3.190793201913006,-5.233509520303427,23.052592374786983,-3.368306851948935e-14
281.45764058848823,51.790467965023886,3.190917577738954,-5.232813783289815,23.05294842143548,0.0
281.45861952396007,51.800455711535356,3.191042060319615,-5.2321177396483005,23.05330303788024,-1.347322740779574e-13
281.4595988992825,51.810443449682566,3.191166649684253,-5.231421389265965,23.053656223984813,0.0
281.46057871494924,51.82043117945339,3.1912913458621253,-5.230724732029775,23.054007979612834,-3.368306851948935e-14
281.4615589714543,51.830418900835674,3.1914161488824955,-5.230027767826533,23.05435830462787,-3.368306851948935e-14
281.4625396692922,51.84040661381728,3.1915410587746234,-5.229330496542885,23.05470719889358,-6.73661370389787e-14
281.46352080895804,51.85039431838608,3.191666075567769,-5.228632918065369,23.055054662273626,-6.73661370389787e-14
281.4645023909474,51.860382014529854,3.1917911992911936,-5.227935032280321,23.055400694631665,-3.368306851948935e-14
281.46548441575635,51.87036970223645,3.191916429974159,-5.227236839073971,23.055745295831372,-3.368306851948935e-14
281.4664668838814,51.880357381493674,3.1920417676459243,-5.226538338332392,23.056088465736476,0.0
281.4674497958197,51.89034505228931,3.192167212335751,-5.225839529941482,23.0564302042107,-1.0104920555846805e-13
281.46843315206854,51.90033271461115,3.192292764072901,-5.225140413787066,23.05677051111776,-3.368306851948935e-14
281.4694169531262,51.910320368446975,3.192418422886633,-5.224440989754733,23.057109386321457,-1.0104920555846805e-13
281.4704011994911,51.920308013784535,3.1925441888062096,-5.223741257729989,23.057446829685542,-3.368306851948935e-14
281.47138589166224,51.93029565061157,3.1926700618608903,-5.223041217598156,23.057782841073813,-6.73661370389787e-14
281.4723710301392,51.940283278915835,3.192796042079937,-5.2223408692444355,23.058117420350097,3.368306851948935e-14
281.47335661542195,51.95027089868503,3.192922129492608,-5.221640212553853,23.05845056737823,-3.368306851948935e-14
281.4743426480111,51.960258509906886,3.193048324128167,-5.2209392474113,23.05878228202205,-1.0104920555846805e-13
281.47532912840745,51.97024611256911,3.1931746260158747,-5.220237973701542,23.05911256414543,-3.368306851948935e-14
281.4763160571128,51.98023370665938,3.193301035184989,-5.219536391309154,23.05944141361227,0.0
281.477303434629,51.99022129216536,3.1934275516647737,-5.218834500118575,23.059768830286473,-3.368306851948935e-14
281.4782912614586,52.00020886907473,3.193554175484488,-5.2181323000141395,23.060094814031956,6.73661370389787e-14
281.4792795381046,52.010196437375136,3.1936809066733938,-5.217429790879954,23.060419364712672,-3.368306851948935e-14
281.4802682650706,52.02018399705423,3.1938077452607487,-5.216726972600055,23.060742482192587,0.0
281.48125744286057,52.03017154809964,3.1939346912758184,-5.216023845058281,23.061064166335655,0.0
281.4822470719791,52.04015909049897,3.194061744747861,-5.215320408138327,23.061384417005907,0.0
281.48323715293117,52.05014662423983,3.1941889057061363,-5.214616661723755,23.061703234067345,-3.368306851948935e-14
281.4842276862224,52.06013414930981,3.1943161741799067,-5.213912605697951,23.06202061738401,-3.368306851948935e-14
281.48521867235877,52.07012166569651,3.1944435501984323,-5.213208239944214,23.06233656681995,-6.73661370389787e-14
281.48621011184684,52.0801091733875,3.1945710337909743,-5.212503564345601,23.06265108223924,0.0
281.4872020051937,52.090096672370294,3.1946986249867937,-5.211798578785096,23.06296416350596,-6.73661370389787e-14
281.4881943529069,52.10008416263247,3.1948263238151497,-5.2110932831455,23.063275810484242,-6.73661370389787e-14
281.48918715549456,52.11007164416156,3.1949541303053053,-5.210387677309449,23.063586023038184,-1.0104920555846805e-13
281.4901804134653,52.120059116945086,3.1950820444865196,-5.209681761159468,23.06389480103195,-3.368306851948935e-14
281.4911741273281,52.13004658097054,3.195210066388054,-5.208975534577897,23.064202144329712,-6.73661370389787e-14
281.49216829759274,52.14003403622542,3.19533819603917,-5.208268997446946,23.064508052795638,-1.0104920555846805e-13
281.49316292476925,52.15002148269724,3.195466433469125,-5.207562149648668,23.064812526293938,-3.368306851948935e-14
281.4941580093683,52.160008920373436,3.1955947787071852,-5.206854991064957,23.065115564688803,-1.347322740779574e-13
281.49515355190096,52.16999634924149,3.195723231782607,-5.206147521577568,23.065417167844522,0.0
281.49614955287905,52.17998376928883,3.195851792724653,-5.2054397410681,23.065717335625315,-3.368306851948935e-14
281.49714601281465,52.189971180502916,3.1959804615625846,-5.2047316494179885,23.066016067895458,-3.368306851948935e-14
281.49814293222045,52.19995858287115,3.1961092383256604,-5.204023246508542,23.06631336451926,-6.73661370389787e-14
281.4991403116097,52.20994597638094,3.1962381230431434,-5.203314532220894,23.06660922536102,3.368306851948935e-14
281.5001381514962,52.219933361019706,3.1963671157442923,-5.202605506436041,23.066903650285077,-3.368306851948935e-14
281.501136452394,52.22992073677481,3.19649621645837,-5.201896169034823,23.06719663915578,-3.368306851948935e-14
281.50213521481805,52.23990810363364,3.1966254252146347,-5.201186519897933,23.06748819183749,3.368306851948935e-14
281.5031344392836,52.24989546158355,3.1967547420423514,-5.200476558905878,23.067778308194598,-1.0104920555846805e-13
281.5041341263063,52.2598828106119,3.196884166970775,-5.199766285939077,23.068066988091505,-3.368306851948935e-14
281.5051342764027,52.26987015070601,3.197013700029172,-5.199055700877739,23.068354231392625,-3.368306851948935e-14
281.5061348900895,52.27985748185323,3.1971433412467998,-5.198344803601934,23.06864003796243,-3.368306851948935e-14
281.5071359678842,52.28984480404084,3.197273090652919,-5.197633593991595,23.068924407665353,3.368306851948935e-14
281.50813751030455,52.29983211725615,3.197402948276793,-5.19692207192648,23.069207340365875,-3.368306851948935e-14
281.509139517869,52.30981942148645,3.19753291414768,-5.196210237286218,23.069488835928503,-6.73661370389787e-14
281.51014199109653,52.31980671671903,3.1976629882948417,-5.195498089950277,23.06976889421776,-3.368306851948935e-14
281.51114493050653,52.32979400294112,3.1977931707475387,-5.194785629797963,23.070047515098157,-3.368306851948935e-14
281.5121483366191,52.33978128014,3.1979234615350327,-5.194072856708407,23.07032469843426,-3.368306851948935e-14
281.5131522099546,52.3497685483029,3.198053860686583,-5.193359770560622,23.07060044409065,0.0
281.5141565510342,52.35975580741701,3.198184368231452,-5.1926463712334705,23.070874751931903,-3.368306851948935e-14
281.5151613603794,52.36974305746958,3.198314984198899,-5.191932658605623,23.07114762182264,-3.368306851948935e-14
281.5161666385123,52.37973029844779,3.1984457086181854,-5.191218632555647,23.071419053627473,0.0
281.51717238595546,52.389717530338835,3.1985765415185723,-5.190504292961905,23.07168904721106,-6.73661370389787e-14
281.51817860323223,52.39970475312989,3.19870748292932,-5.1897896397026155,23.071957602438072,-3.368306851948935e-14
281.5191852908661,52.40969196680811,3.1988385328796887,-5.189074672655859,23.072224719173178,-1.0104920555846805e-13
281.5201924493814,52.41967917136065,3.1989696913989403,-5.188359391699562,23.072490397281097,-6.73661370389787e-14
281.5212000793028,52.42966636677465,3.1991009585163352,-5.187643796711471,23.072754636626534,-3.368306851948935e-14
281.5222081811556,52.43965355303721,3.1992323342611333,-5.186927887569217,23.073017437074242,-6.73661370389787e-14
281.52321675546557,52.44964073013548,3.1993638186625977,-5.186211664150223,23.07327879848897,0.0
281.52422580275913,52.45962789805651,3.1994954117499868,-5.185495126331805,23.073538720735513,-6.73661370389787e-14
281.52523532356315,52.46961505678743,3.1996271135525625,-5.184778273991107,23.07379720367863,6.73661370389787e-14
281.526245318405,52.47960220631528,3.1997589240995845,-5.18406110700508,23.074054247183177,-3.368306851948935e-14
281.52725578781263,52.48958934662713,3.1998908434203153,-5.183343625250582,23.074309851113973,-3.368306851948935e-14
281.52826673231465,52.49957647771002,3.2000228715440153,-5.182625828604259,23.074564015335863,-6.73661370389787e-14
281.5292781524399,52.509563599551,3.200155008499942,-5.181907716942662,23.07481673971373,-3.368306851948935e-14
281.53029004871803,52.51955071213709,3.200287254317362,-5.181189290142095,23.075068024112447,0.0
281.53130242167913,52.52953781545528,3.2004196090255315,-5.180470548078809,23.075317868396944,-3.368306851948935e-14
281.53231527185386,52.53952490949257,3.200552072653713,-5.179751490628803,23.07556627243214,-1.347322740779574e-13
281.5333285997734,52.549511994235964,3.2006846452311666,-5.179032117667997,23.07581323608298,-6.73661370389787e-14
281.5343424059695,52.55949906967241,3.2008173267871536,-5.178312429072095,23.076058759214433,-3.368306851948935e-14
281.5353566909743,52.56948613578887,3.2009501173509354,-5.177592424716674,23.076302841691472,-3.368306851948935e-14
281.5363714553208,52.579473192572294,3.201083016951771,-5.176872104477146,23.076545483379107,0.0
281.5373866995422,52.589460240009615,3.201216025618923,-5.176151468228773,23.076786684142366,-6.73661370389787e-14
281.53840242417243,52.59944727808772,3.2013491433816506,-5.17543051584663,23.0770264438463,-1.0104920555846805e-13
281.53941862974597,52.60943430679355,3.2014823702692166,-5.174709247205682,23.07726476235593,-3.368306851948935e-14
281.54043531679775,52.61942132611399,3.2016157063108794,-5.173987662180683,23.07750163953638,-1.0104920555846805e-13
281.5414524858634,52.6294083360359,3.201749151535901,-5.173265760646267,23.077737075252713,0.0
281.5424701374788,52.639395336546166,3.201882705973542,-5.172543542476893,23.07797106937007,0.0
281.5434882721808,52.649382327631635,3.2020163696530637,-5.171821007546853,23.078203621753566,-6.73661370389787e-14
281.54450689050645,52.65936930927914,3.202150142603726,-5.171098155730315,23.078434732268367,-3.368306851948935e-14
281.54552599299353,52.669356281475515,3.2022840248547904,-5.170374986901233,23.078664400779644,0.0
281.5465455801803,52.67934324420758,3.2024180164355176,-5.169651500933442,23.078892627152587,3.368306851948935e-14
281.54756565260556,52.689330197462105,3.2025521173751677,-5.168927697700609,23.07911941125242,-6.73661370389787e-14
