galstreams/tracks/track.st.M68-Fjorm.ibata2021.ecsv
# %ECSV 1.0
# ---
# datatype:
# - {name: ra, unit: deg, datatype: float64}
# - {name: dec, unit: deg, datatype: float64}
# - {name: distance, unit: kpc, datatype: float64}
# - {name: pm_ra_cosdec, unit: mas / yr, datatype: float64}
# - {name: pm_dec, unit: mas / yr, datatype: float64}
# - {name: radial_velocity, unit: km / s, datatype: float64}
# delimiter: ','
# meta: !!omap
# - __serialized_columns__:
#     dec:
#       __class__: astropy.coordinates.angles.Latitude
#       unit: &id001 !astropy.units.Unit {unit: deg}
#       value: !astropy.table.SerializedColumn {name: dec}
#     distance:
#       __class__: astropy.coordinates.distances.Distance
#       unit: !astropy.units.Unit {unit: kpc}
#       value: !astropy.table.SerializedColumn {name: distance}
#     pm_dec:
#       __class__: astropy.units.quantity.Quantity
#       unit: !astropy.units.Unit {unit: mas / yr}
#       value: !astropy.table.SerializedColumn {name: pm_dec}
#     pm_ra_cosdec:
#       __class__: astropy.units.quantity.Quantity
#       unit: !astropy.units.Unit {unit: mas / yr}
#       value: !astropy.table.SerializedColumn {name: pm_ra_cosdec}
#     ra:
#       __class__: astropy.coordinates.angles.Longitude
#       unit: *id001
#       value: !astropy.table.SerializedColumn {name: ra}
#       wrap_angle: !astropy.coordinates.Angle
#         unit: *id001
#         value: 360.0
#     radial_velocity:
#       __class__: astropy.units.quantity.Quantity
#       unit: !astropy.units.Unit {unit: km / s}
#       value: !astropy.table.SerializedColumn {name: radial_velocity}
# schema: astropy-2.0
ra,dec,distance,pm_ra_cosdec,pm_dec,radial_velocity
[from data line 1536]
190.14669928460913,-31.361475163515944,2.8956379854162986,-2.9961760173516643,1.7148036541037788,-31.15131552127458
190.14764140181933,-31.351204672600225,2.8971243192663727,-2.996402604065806,1.7148507941356659,-31.164827057683798
190.14858392613192,-31.34093425100346,2.8986101714117223,-2.996628979553481,1.7148982753558704,-31.17833669846095
190.14952685739638,-31.33066389874427,2.900095541924792,-2.996855143830691,1.7149460976802586,-31.19184444357847
190.15047019546242,-31.32039361584119,2.9015804308780204,-2.997081096913455,1.7149942610247058,-31.205350293008742
190.15141394017985,-31.310123402312716,2.9030648383438535,-2.9973068388178166,1.7150427653050924,-31.218854246724167
190.15235809139872,-31.299853258177368,2.904548764394732,-2.9975323695598375,1.715091610437308,-31.232356304697205
190.15330264896912,-31.2895831834537,2.9060322091030995,-2.9977576891556055,1.715140796337251,-31.24585646690024
190.15424761274141,-31.279313178160045,2.9075151725414004,-2.9979827976212237,1.7151903229208258,-31.259354733305685
190.15519298256606,-31.26904324231495,2.908997654782077,-2.998207694972822,1.7152401901039456,-31.272851103885994
190.15613875829362,-31.258773375936887,2.910479655897568,-2.99843238122655,1.71529039780253,-31.28634557861352
190.1570849397749,-31.248503579044343,2.9119611759603234,-2.9986568563985756,1.7153409459325073,-31.29983815746075
190.1580315268608,-31.238233851655625,2.913442215042779,-2.9988811205050925,1.7153918344098158,-31.31332884040003
190.15897851940244,-31.227964193789244,2.9149227732173824,-2.9991051735623135,1.715443063150397,-31.32681762740383
190.159925917251,-31.21769460546357,2.9164028505565742,-2.9993290155864725,1.7154946320702056,-31.34030451844452
190.16087372025785,-31.207425086697036,2.917882447132798,-2.9995526465938225,1.7155465410851964,-31.35378951349454
190.16182192827455,-31.19715563750802,2.9193615630184966,-2.999776066600644,1.7155987901113408,-31.367272612526335
190.16277054115275,-31.186886257914935,2.9208401982861134,-2.99999927562323,1.715651379064612,-31.38075381551226
190.1637195587443,-31.176616947936065,2.9223183530080883,-3.0002222736779016,1.715704307860992,-31.39423312242476
190.1646689809012,-31.166347707589786,2.923796027256867,-3.000445060781,1.715757576416471,-31.407710533236273
190.1656188074756,-31.15607853689445,2.9252732211048933,-3.0006676369488834,1.7158111846470483,-31.42118604791917
190.16656903831972,-31.145809435868433,2.9267499346246066,-3.000890002197933,1.7158651324687288,-31.4346596664459
190.16751967328608,-31.135540404529948,2.9282261678884534,-3.0011121565445538,1.7159194197975252,-31.44813138878885
190.16847071222728,-31.12527144289736,2.9297019209688733,-3.001334100005168,1.7159740465494588,-31.461601214920456
190.16942215499597,-31.115002550988955,2.931177193938311,-3.001555832596221,1.7160290126405595,-31.475069144813133
190.17037400144514,-31.104733728823017,2.932651986869208,-3.0017773543341786,1.716084317986863,-31.488535178439307
190.1713262514278,-31.094464976417875,2.9341262998340074,-3.001998665235527,1.7161399625044118,-31.501999315771364
190.17227890479714,-31.08419629379166,2.9356001329051544,-3.002219765316773,1.7161959461092602,-31.515461556781716
190.17323196140651,-31.0739276809627,2.9370734861550876,-3.0024406545944444,1.716252268717466,-31.52892190144281
190.17418542110948,-31.063659137949205,2.938546359656253,-3.002661333085092,1.7163089302450951,-31.542380349727047
190.1751392837596,-31.053390664769456,2.9400187534810915,-3.002881800805284,1.7163659306082242,-31.555836901606845
190.17609354921075,-31.04312226144157,2.9414906677020496,-3.0031020577716094,1.7164232697229331,-31.569291557054623
190.17704821731684,-31.032853927983798,2.942962102391566,-3.003322104000683,1.716480947505314,-31.582744316042756
190.178003287932,-31.022585664414315,2.944433057622085,-3.003541939509135,1.7165389638714617,-31.596195178543738
190.17895876091046,-31.012317470751327,2.9459035334660495,-3.003761564313616,1.7165973187374821,-31.609644144529923
190.17991463610662,-31.002049347012964,2.9473735299959016,-3.003980978430804,1.7166560120194905,-31.62309121397372
190.1808709133751,-30.991781293217453,2.948843047284085,-3.004200181877389,1.7167150436336025,-31.636536386847602
190.18182759257053,-30.98151330938283,2.9503120854030427,-3.004419174670086,1.7167744134959482,-31.649979663123936
190.18278467354776,-30.97124539552728,2.9517806444252175,-3.0046379568256314,1.7168341215226637,-31.663421042775152
190.18374215616186,-30.960977551668904,2.9532487244230503,-3.004856528360778,1.7168941676298906,-31.67686052577366
190.18470004026793,-30.950709777825892,2.954716325468987,-3.005074889292305,1.7169545517337788,-31.690298112091874
190.1856583257213,-30.94044207401621,2.956183447635467,-3.0052930396370074,1.7170152737504858,-31.703733801702224
190.18661701237744,-30.930174440258014,2.9576500909949366,-3.005510979411703,1.7170763335961774,-31.717167594577113
190.1875761000919,-30.919906876569364,2.9591162556198363,-3.005728708633228,1.7171377311870288,-31.73059949068896
190.18853558872044,-30.909639382968322,2.9605819415826105,-3.005946227318443,1.7171994664392178,-31.744029490010178
190.189495478119,-30.899371959472955,2.9620471489557003,-3.0061635354842227,1.7172615392689339,-31.757457592513184
190.1904557681436,-30.889104606101334,2.9635118778115483,-3.006380633147469,1.7173239495923713,-31.770883798170395
190.19141645865048,-30.878837322871394,2.9649761282225993,-3.006597520325098,1.7173866973257343,-31.784308106954217
190.1923775494959,-30.868570109801208,2.9664399002612964,-3.0068141970340507,1.7174497823852317,-31.797730518837085
190.19333904053644,-30.858302966908767,2.96790319400008,-3.0070306632912867,1.717513204687084,-31.811151033791415
190.19430093162867,-30.84803589421212,2.9693660095113956,-3.0072469191137845,1.7175769641475145,-31.82456965178958
190.19526322262945,-30.83776889172915,2.9708283468676826,-3.0074629645185453,1.7176410606827552,-31.837986372804036
190.19622591339572,-30.827501959477868,2.972290206141384,-3.007678799522591,1.7177054942090493,-31.851401196807192
190.1971890037845,-30.817235097476246,2.9737515874049487,-3.0078944241429584,1.7177702646426443,-31.864814123771456
190.1981524936531,-30.806968305742245,2.975212490730814,-3.0081098383967095,1.7178353718997914,-31.87822515366925
190.19911638285888,-30.79670158429376,2.9766729161914234,-3.0083250423009273,1.7179008158967584,-31.89163428647299
190.20008067125931,-30.78643493314882,2.9781328638592197,-3.0085400358727084,1.7179665965498125,-31.90504152215507
190.20104535871218,-30.77616835232519,2.979592333806647,-3.0087548191291766,1.7180327137752318,-31.91844686068794
190.20201044507522,-30.765901841840847,2.981051326106146,-3.0089693920874736,1.718099167489302,-31.931850302043976
190.2029759302065,-30.75563540171367,2.9825098408301627,-3.0091837547647584,1.7181659576083148,-31.94525184619563
190.20394181396404,-30.74536903196159,2.9839678780511383,-3.0093979071782115,1.71823308404857,-31.95865149311531
190.20490809620614,-30.735102732602414,2.9854254378415144,-3.0096118493450366,1.718300546726375,-31.97204924277542
190.2058747767913,-30.724836503653986,2.9868825202737344,-3.0098255812824517,1.7183683455580443,-31.98544509514836
190.20684185557798,-30.71457034513419,2.988339125420242,-3.0100391030076996,1.7184364804598988,-31.998839050206566
190.20780933242494,-30.70430425706086,2.98979525335348,-3.0102524145380403,1.7185049513482693,-32.012231107922474
190.20877720719102,-30.694038239451864,2.9912509041458906,-3.0104655158907527,1.7185737581394918,-32.025621268268466
190.20974547973523,-30.6837722923249,2.992706077869918,-3.01067840708314,1.7186429007499107,-32.03900953121697
190.21071414991673,-30.673506415697833,2.9941607745980026,-3.010891088132521,1.718712379095877,-32.052395896740386
190.21168321759478,-30.663240609588463,2.995614994402588,-3.011103559056237,1.718782193093749,-32.065780364811154
190.21265268262886,-30.6529748740146,2.997068737356117,-3.0113158198716463,1.7188523426598932,-32.07916293540168
190.21362254487858,-30.642709208993907,2.9985220035310354,-3.0115278705961286,1.7189228277106818,-32.092543608484384
190.2145928042036,-30.63244361454421,2.999974792999783,-3.0117397112470847,1.7189936481624983,-32.10592238403165
190.21556346046387,-30.622178090683253,3.0014271058348028,-3.01195134184193,1.7190648039317267,-32.11929926201594
190.2165345135194,-30.611912637428738,3.002878942108536,-3.0121627623981073,1.7191362949347673,-32.13267424240963
190.21750596323034,-30.60164725479842,3.0043303018934293,-3.012373972933073,1.7192081210880188,-32.146047325185165
190.21847780945697,-30.591381942810056,3.005781185261924,-3.0125849734643055,1.7192802823078925,-32.159418510314936
190.21945005205987,-30.581116701481232,3.0072315922864608,-3.0127957640093,1.7193527785108043,-32.17278779777138
190.22042269089957,-30.570851530829696,3.0086815230394865,-3.0130063445855764,1.7194256096131806,-32.1861551875269
190.22139572583686,-30.560586430873137,3.0101309775934406,-3.0132167152106697,1.7194987755314513,-32.19952067955392
190.22236915673258,-30.550321401629237,3.011579956020766,-3.013426875902136,1.7195722761820573,-32.212884273824834
190.22334298344782,-30.540056443115574,3.0130284583939075,-3.013636826677552,1.7196461114814436,-32.22624597031208
190.2243172058438,-30.529791555349856,3.0144764847853076,-3.0138465675545114,1.7197202813460624,-32.23960576898808
190.2252918237818,-30.519526738349683,3.015924035267408,-3.01405609855063,1.7197947856923774,-32.25296366982523
190.22626683712332,-30.509261992132714,3.0173711099126517,-3.0142654196835403,1.7198696244368545,-32.26631967279597
190.22724224572994,-30.49899731671652,3.0188177087934815,-3.014474530970898,1.7199447974959694,-32.27967377787264
190.2282180494635,-30.4887327121188,3.0202638319823403,-3.014683432430372,1.7200203047862053,-32.293025985027754
190.22919424818588,-30.478468178356987,3.0217094795516735,-3.0148921240796573,1.7200961462240503,-32.306376294233665
190.23017084175916,-30.468203715448748,3.0231546515739183,-3.015100605936463,1.7201723217260019,-32.31972470546282
190.2311478300455,-30.457939323411626,3.024599348121524,-3.015308878018521,1.7202488312085644,-32.333071218687635
190.23212521290722,-30.447675002263246,3.0260435692669283,-3.015516940343582,1.7203256745882496,-32.34641583388046
190.23310299020693,-30.437410752021044,3.0274873150825754,-3.015724792929413,1.7204028517815728,-32.35975855101382
190.23408116180713,-30.427146572702604,3.02893058564091,-3.0159324357938027,1.7204803627050629,-32.37309937006005
190.2350597275707,-30.41688246432544,3.0303733810143743,-3.0161398689545593,1.720558207275252,-32.38643829099159
190.2360386873605,-30.406618426907073,3.0318157012754083,-3.016347092429511,1.7206363854086788,-32.39977531378086
190.2370180410396,-30.39635446046501,3.033257546496458,-3.0165541062365,1.7207148970218904,-32.41311043840026
190.2379977884712,-30.386090565016783,3.034698916749964,-3.0167609103933932,1.7207937420314436,-32.426443664822216
190.23897792951868,-30.37582674057976,3.036139812108371,-3.0169675049180746,1.7208729203538953,-32.43977499301915
190.23995846404551,-30.365562987171476,3.037580232644122,-3.017173889828446,1.720952431905818,-32.453104422963456
190.24093939191536,-30.355299304809368,3.0390201784296575,-3.0173800651424316,1.7210322766037847,-32.466431954627566
190.24192071299194,-30.34503569351094,3.0404596495374223,-3.017586030877971,1.7211124543643799,-32.47975758798389
190.24290242713926,-30.33477215329355,3.041898646039859,-3.017791787053025,1.721192965104191,-32.493081323004866
190.2438845342213,-30.324508684174624,3.0433371680094097,-3.01799733368557,1.7212738087398174,-32.50640315966287
190.24486703410236,-30.314245286171612,3.0447752155185173,-3.0182026707936087,1.7213549851878622,-32.51972309793032
190.24584992664668,-30.303981959301897,3.0462127886396253,-3.0184077983951547,1.7214364943649372,-32.533041137779676
190.2468332117189,-30.293718703582886,3.0476498874451776,-3.0186127165082435,1.721518336187657,-32.54635727918334
190.24781688918347,-30.283455519032007,3.0490865120076123,-3.018817425150931,1.7216005105726522,-32.559671522113675
190.24880095890532,-30.273192405666492,3.050522662399377,-3.0190219243412892,1.7216830174365518,-32.57298386654313
190.24978542074928,-30.262929363503805,3.0519583386929128,-3.019226214097414,1.721765856695995,-32.586294312444124
190.25077027458047,-30.252666392561263,3.0533935409606636,-3.0194302944374116,1.7218490282676289,-32.59960285978911
190.25175552026406,-30.242403492856248,3.054828269275071,-3.0196341653794168,1.7219325320681085,-32.612909508550445
190.2527411576654,-30.23214066440599,3.056262523708577,-3.0198378269415738,1.7220163680140925,-32.626214258700564
190.25372718665,-30.221877907227864,3.0576963043336267,-3.020041279142051,1.7221005360222483,-32.63951711021186
190.25471360708346,-30.211615221339148,3.05912961122266,-3.0202445219990364,1.7221850360092508,-32.652818063056785
190.25570041883154,-30.20135260675716,3.0605624444481236,-3.0204475555307333,1.7222698678917832,-32.66611711720774
190.25668762176014,-30.191090063499242,3.0619948040824583,-3.0206503797553634,1.7223550315865321,-32.67941427263716
190.2576752157354,-30.180827591582542,3.063426690198107,-3.0208529946911717,1.722440527010193,-32.692709529317426
190.2586632006234,-30.170565191024355,3.064858102867511,-3.021055400356417,1.722526354079469,-32.706002887220976
190.25965157629057,-30.160302861841966,3.066289042163114,-3.0212575967693778,1.7226125127110703,-32.719294346320204
190.2606403426033,-30.15004060405265,3.0677195081573596,-3.021459583948352,1.7226990028217124,-32.73258390658755
190.26162949942827,-30.139778417673533,3.069149500922691,-3.0216613619116584,1.7227858243281198,-32.74587156799542
190.2626190466322,-30.129516302721864,3.0705790205315506,-3.021862930677626,1.7228729771470235,-32.75915733051624
190.263608984082,-30.119254259214905,3.072008067056381,-3.022064290264614,1.72296046119516,-32.77244119412238
190.26459931164473,-30.108992287169777,3.073436640569624,-3.0222654406909917,1.7230482763892727,-32.78572315878631
190.26559002918754,-30.09873038660372,3.074864741143724,-3.022466381975146,1.7231364226461137,-32.79900322448041
190.2665811365777,-30.088468557533936,3.0762923688511234,-3.0226671141354893,1.723224899882442,-32.812281391177116
190.26757263368276,-30.078206799977494,3.077719523764264,-3.0228676371904486,1.723313708015024,-32.825557658848844
190.26856452037026,-30.067945113951588,3.0791462059555914,-3.0230679511584646,1.7234028469606284,-32.838832027467994
190.269556796508,-30.057683499473377,3.0805724154975445,-3.023268056058005,1.7234923166360359,-32.852104497006984
190.27054946196375,-30.047421956560033,3.081998152462568,-3.0234679519075494,1.7235821169580348,-32.86537506743823
190.27154251660562,-30.037160485228565,3.0834234169231056,-3.0236676387255983,1.723672247843413,-32.87864373873416
190.27253596030175,-30.02689908549614,3.0848482089515996,-3.0238671165306705,1.7237627092089753,-32.891910510867184
190.2735297929204,-30.01663775737987,3.0862725286204924,-3.0240663853413006,1.723853500971525,-32.90517538380971
190.27452401433004,-30.006376500896828,3.087696376002227,-3.0242654451760473,1.7239446230478774,-32.91843835753418
190.27551862439924,-29.996115316064095,3.0891197511692456,-3.0244642960534778,1.7240360753548514,-32.931699432012955
190.27651362299673,-29.98585420289879,3.090542654193992,-3.0246629379921863,1.7241278578092771,-32.9449586072185
190.27750900999132,-29.975593161417866,3.091965085148907,-3.0248613710107843,1.7242199703279857,-32.95821588312321
190.278504785252,-29.965332191638435,3.093387044106439,-3.025059595127894,1.7243124128278182,-32.97147125969951
190.27950094864798,-29.9550712935775,3.094808531139024,-3.0252576103621642,1.7244051852256257,-32.9847247369198
190.28049750004843,-29.94481046725217,3.096229546319109,-3.0254554167322576,1.724498287438258,-32.99797631475651
