galstreams/tracks/track.st.GD-1.ibata2021.ecsv
# %ECSV 1.0
# ---
# datatype:
# - {name: ra, unit: deg, datatype: float64}
# - {name: dec, unit: deg, datatype: float64}
# - {name: distance, unit: kpc, datatype: float64}
# - {name: pm_ra_cosdec, unit: mas / yr, datatype: float64}
# - {name: pm_dec, unit: mas / yr, datatype: float64}
# - {name: radial_velocity, unit: km / s, datatype: float64}
# delimiter: ','
# meta: !!omap
# - __serialized_columns__:
#     dec:
#       __class__: astropy.coordinates.angles.Latitude
#       unit: &id001 !astropy.units.Unit {unit: deg}
#       value: !astropy.table.SerializedColumn {name: dec}
#     distance:
#       __class__: astropy.coordinates.distances.Distance
#       unit: !astropy.units.Unit {unit: kpc}
#       value: !astropy.table.SerializedColumn {name: distance}
#     pm_dec:
#       __class__: astropy.units.quantity.Quantity
#       unit: !astropy.units.Unit {unit: mas / yr}
#       value: !astropy.table.SerializedColumn {name: pm_dec}
#     pm_ra_cosdec:
#       __class__: astropy.units.quantity.Quantity
#       unit: !astropy.units.Unit {unit: mas / yr}
#       value: !astropy.table.SerializedColumn {name: pm_ra_cosdec}
#     ra:
#       __class__: astropy.coordinates.angles.Longitude
#       unit: *id001
#       value: !astropy.table.SerializedColumn {name: ra}
#       wrap_angle: !astropy.coordinates.Angle
#         unit: *id001
#         value: 360.0
#     radial_velocity:
#       __class__: astropy.units.quantity.Quantity
#       unit: !astropy.units.Unit {unit: km / s}
#       value: !astropy.table.SerializedColumn {name: radial_velocity}
# schema: astropy-2.0
ra,dec,distance,pm_ra_cosdec,pm_dec,radial_velocity
[from data line 4819]
146.11932014772586,33.12407797227964,7.613341968755325,-5.048331418996845,-12.792489583995433,29.80406991168908
146.12620537345902,33.132272312711336,7.613337971977233,-5.049285652169391,-12.791922396032112,29.751017851294154
146.13309212994287,33.14046612761762,7.613334179516956,-5.050239964677339,-12.791354516408466,29.697964486627185
146.13998041777603,33.14865941677973,7.613330591417699,-5.051194356506436,-12.79078594510095,29.644909818821407
146.1468702375571,33.15685217997864,7.613327207722667,-5.052148827642323,-12.790216682085969,29.591853849010057
146.153761589885,33.16504441699524,7.613324028475067,-5.053103378070611,-12.789646727339921,29.53879657832657
146.16065447535883,33.173236127610316,7.6133210537181055,-5.05405800777684,-12.789076080839155,29.485738007904107
146.16754889457795,33.18142731160452,7.613318283494986,-5.055012716746499,-12.788504742560008,29.432678138876277
146.17444484814192,33.18961796875842,7.613315717848919,-5.055967504965005,-12.787932712478773,29.37961697237611
146.18134233665052,33.19780809885235,7.613313356823108,-5.056922372417738,-12.787359990571737,29.32655450953707
146.1882413607038,33.20599770166674,7.613311200460761,-5.057877319089995,-12.786786576815121,29.27349075149246
146.19514192090202,33.2141867769817,7.6133092488050815,-5.058832344967032,-12.786212471185152,29.220425699375618
146.20204401784557,33.22237532457731,7.6133075018992775,-5.059787450034035,-12.785637673658018,29.167359354319878
146.2089476521352,33.230563344233495,7.613305959786554,-5.060742634276145,-12.785062184209872,29.114291717458364
146.21585282437178,33.238750835730094,7.613304622510119,-5.061697897678419,-12.784486002816834,29.061222789924724
146.22275953515646,33.2469377988468,7.613303490113179,-5.062653240225879,-12.783909129455012,29.008152572852083
146.22966778509056,33.255124233363205,7.6133025626389355,-5.063608661903479,-12.783331564100477,28.95508106737381
146.23657757477565,33.26331013905871,7.613301840130601,-5.064564162696106,-12.78275330672926,28.90200827462321
146.24348890481363,33.27149551571278,7.6133013226313775,-5.065519742588609,-12.782174357317388,28.84893419573354
146.2504017758064,33.27968036310456,7.613301010184473,-5.06647540156575,-12.781594715840829,28.79585883183835
146.2573161883563,33.287864681013176,7.6133009028330925,-5.067431139612258,-12.781014382275552,28.742782184070727
146.26423214306575,33.29604846921758,7.6133010006204405,-5.068386956712784,-12.780433356597474,28.689704253564212
146.2711496405375,33.30423172749667,7.613301303589728,-5.069342852851921,-12.77985163878249,28.63662504145187
146.27806868137432,33.312414455629124,7.613301811784158,-5.070298828014211,-12.77926922880648,28.58354454886717
146.28498926617954,33.320596653393665,7.613302525246937,-5.071254882184135,-12.778686126645276,28.530462776943445
146.29191139555644,33.32877832056872,7.613303444021272,-5.072211015346105,-12.77810233227468,28.477379726813925
146.2988350701086,33.3369594569327,7.613304568150367,-5.073167227484486,-12.777517845670488,28.42429539961212
146.30576029043985,33.34514006226385,7.6133058976774315,-5.074123518583577,-12.776932666808449,28.371209796471188
146.31268705715422,33.35332013634033,7.613307432645673,-5.07507988862761,-12.77634679566427,28.318122918524303
146.31961537085598,33.361499678940106,7.613309173098288,-5.076036337600776,-12.775760232213685,28.265034766905263
146.3265452321496,33.36967868984113,7.613311119078492,-5.076992865487186,-12.775172976432327,28.211945342746937
146.33347664163983,33.37785716882116,7.613313270629491,-5.077949472270895,-12.774585028295839,28.158854647182856
146.34040959993146,33.38603511565779,7.613315627794485,-5.0789061579359025,-12.773996387779844,28.10576268134639
146.34734410762985,33.39421253012868,7.613318190616687,-5.079862922466166,-12.773407054859902,28.052669446370608
146.35428016534024,33.40238941201115,7.6133209591392985,-5.080819765845548,-12.77281702951159,27.99957494338924
146.3612177736683,33.41056576108254,7.613323933405526,-5.081776688057868,-12.772226311710408,27.946479173535327
146.3681569332198,33.41874157711998,7.6133271134585785,-5.082733689086888,-12.771634901431865,27.893382137942126
146.37509764460088,33.426916859900544,7.613330499341662,-5.083690768916306,-12.771042798651411,27.840283837743076
146.3820399084177,33.435091609201116,7.613334091097977,-5.0846479275297565,-12.7704500033445,27.787184274071514
146.3889837252769,33.44326582479859,7.613337888770737,-5.085605164910826,-12.769856515486524,27.734083448060737
146.39592909578508,33.45143950646959,7.613341892403146,-5.086562481043017,-12.769262335052861,27.680981360844182
146.4028760205493,33.459612653990696,7.613346102038406,-5.087519875909801,-12.768667462018879,27.62787801355488
146.40982450017663,33.46778526713834,7.61335051771973,-5.088477349494565,-12.768071896359887,27.574773407326568
146.4167745352745,33.47595734568885,7.613355139490317,-5.089434901780644,-12.76747563805118,27.521667543292246
146.4237261264506,33.48412888941842,7.6133599673933805,-5.090392532751313,-12.766878687068008,27.468560422585277
146.43067927431267,33.49229989810314,7.613365001472119,-5.0913502423897885,-12.766281043385632,27.41545204633897
146.43763397946884,33.500470371518894,7.613370241769747,-5.092308030679217,-12.76568270697924,27.362342415686918
146.44459024252743,33.508640309441624,7.613375688329464,-5.093265897602698,-12.76508367782401,27.309231531762194
146.45154806409693,33.51680971164699,7.613381341194478,-5.09422384314326,-12.764483955895098,27.2561193956982
146.45850744478608,33.52497857791058,7.613387200407997,-5.0951818672838725,-12.763883541167623,27.20300600862816
146.46546838520388,33.533146908007865,7.613393266013225,-5.096139970007441,-12.763282433616672,27.149891371685452
146.4724308859595,33.541314701714185,7.61339953805337,-5.097098151296824,-12.762680633217306,27.096775486003505
146.47939494766243,33.54948195880476,7.613406016571637,-5.098056411134795,-12.76207813994456,27.043658352715354
146.48636057092216,33.557648679054644,7.613412701611233,-5.099014749504084,-12.761474953773444,26.9905399729547
146.49332775634872,33.56581486223891,7.6134195932153625,-5.099973166387362,-12.760871074678933,26.937420347854577
146.50029650455213,33.57398050813237,7.6134266914272315,-5.100931661767223,-12.760266502635968,26.884299478548485
146.50726681614273,33.58214561650974,7.61343399629005,-5.101890235626218,-12.759661237619472,26.83117736616976
146.51423869173104,33.59031018714565,7.61344150784702,-5.102848887946819,-12.75905527960434,26.77805401185174
146.52121213192788,33.59847421981457,7.61344922614135,-5.103807618711449,-12.758448628565422,26.724929416727345
146.52818713734422,33.60663771429087,7.613457151216246,-5.104766427902465,-12.75784128447756,26.671803581930256
146.53516370859126,33.61480067034879,7.613465283114915,-5.105725315502164,-12.757233247315556,26.618676508593904
146.54214184628043,33.62296308776242,7.613473621880559,-5.106684281492768,-12.756624517054181,26.56554819785132
146.54912155102346,33.631124966305826,7.613482167556388,-5.107643325856468,-12.756015093668188,26.51241865083604
146.55610282343224,33.63928630575283,7.613490920185607,-5.108602448575366,-12.755404977132288,26.45928786868123
146.5630856641189,33.6474471058772,7.613499879811423,-5.109561649631509,-12.754794167421172,26.406155852520495
146.57007007369572,33.65560736645255,7.6135090464770405,-5.1105209290068885,-12.754182664509507,26.3530226034868
146.57705605277533,33.66376708725238,7.613518420225667,-5.111480286683428,-12.753570468371917,26.299888122713675
146.58404360197054,33.67192626805008,7.61352800110051,-5.112439722642989,-12.752957578983,26.246752411334395
146.5910327218943,33.68008490861885,7.613537789144773,-5.1133992368673695,-12.752343996317345,26.193615470482285
146.59802341315995,33.68824300873194,7.613547784401664,-5.114358829338319,-12.75172972034949,26.14047730129052
146.60501567638093,33.69640056816227,7.613557986914386,-5.11531850003751,-12.75111475105395,26.0873379048927
146.61200951217094,33.70455758668275,7.613568396726151,-5.116278248946554,-12.750499088405213,26.034197282421886
146.6190049211439,33.712714064066155,7.61357901388016,-5.117238076047,-12.749882732377742,25.981055435011655
146.626001903914,33.72087000008511,7.613589838419622,-5.1181979813203515,-12.749265682945964,25.9279123637952
146.63300046109555,33.729025394512114,7.6136008703877405,-5.119157964748027,-12.74864794008429,25.874768069905723
146.64000059330317,33.737180247119575,7.613612109827724,-5.120118026311393,-12.748029503767086,25.821622554476864
146.64700230115173,33.74533455767971,7.613623556782779,-5.121078165991751,-12.747410373968695,25.76847581864165
146.65400558525627,33.75348832596477,7.61363521129611,-5.122038383770347,-12.746790550663441,25.715327863533552
146.66101044623213,33.76164155174669,7.613647073410921,-5.122998679628356,-12.746170033825603,25.66217869028577
146.6680168846947,33.76979423479741,7.613659143170424,-5.123959053546895,-12.745548823429449,25.609028300031706
146.6750249012598,33.77794637488865,7.613671420617824,-5.124919505507011,-12.744926919449194,25.555876693904892
146.68203449654334,33.78609797179211,7.613683905796323,-5.125880035489702,-12.744304321859055,25.502723873038228
146.68904567116155,33.79424902527923,7.613696598749131,-5.126840643475887,-12.743681030633201,25.44956983856525
146.6960584257308,33.8023995351215,7.613709499519452,-5.127801329446438,-12.743057045745775,25.396414591619497
146.7030727608678,33.810549501090165,7.613722608150493,-5.128762093382158,-12.742432367170892,25.343258133333926
146.71008867718936,33.81869892295638,7.61373592468546,-5.1297229352637785,-12.74180699488264,25.290100464841977
146.71710617531258,33.82684780049114,7.61374944916756,-5.130683855071974,-12.741180928855076,25.236941587277048
146.72412525585477,33.83499613346537,7.613763181639996,-5.131644852787366,-12.740554169062236,25.183781501772344
146.7311459194335,33.843143921649826,7.613777122145979,-5.132605928390493,-12.739926715478113,25.130620209461362
146.73816816666653,33.851291164815166,7.613791270728713,-5.1335670818618535,-12.739298568076682,25.077457711477308
146.74519199817183,33.85943786273192,7.613805627431402,-5.134528313181859,-12.738669726831898,25.02429400895344
146.7522174145676,33.86758401517043,7.613820192297257,-5.13548962233087,-12.738040191717655,24.971129103023305
146.7592444164724,33.87572962190107,7.613834965369479,-5.136451009289189,-12.73740996270786,24.917962994820126
146.76627300450482,33.883874682693964,7.613849946691279,-5.137412474037048,-12.736779039776359,24.86479568547704
146.7733031792838,33.892019197319094,7.613865136305859,-5.138374016554612,-12.736147422896986,24.811627176127615
146.7803349414285,33.90016316554641,7.6138805342564275,-5.139335636821997,-12.735515112043544,24.75845746790499
146.78736829155818,33.90830658714564,7.613896140586189,-5.140297334819227,-12.734882107189796,24.70528656194259
146.79440323029246,33.916449461886415,7.613911955338353,-5.141259110526293,-12.7342484083095,24.65211445937382
146.8014397582512,33.92459178953835,7.613927978556121,-5.142220963923114,-12.733614015376364,24.59894116133182
146.8084778760544,33.932733569870784,7.613944210282702,-5.143182894989534,-12.732978928364076,24.54576666894998
146.81551758432235,33.940874802653,7.613960650561304,-5.144144903705343,-12.732343147246294,24.49259098336174
146.82255888367553,33.94901548765414,7.613977299435129,-5.145106990050268,-12.731706671996644,24.439414105700337
146.8296017747346,33.95715562464325,7.613994156947387,-5.146069154003959,-12.731069502588733,24.386236037098996
146.83664625812062,33.96529521338918,7.61401122314128,-5.147031395546021,-12.73043163899613,24.333056778691127
146.8436923344547,33.97343425366074,7.6140284980600175,-5.147993714655982,-12.72979308119238,24.279876331610126
146.85074000435816,33.98157274522651,7.614045981746804,-5.148956111313303,-12.729153829151002,24.22669469698916
146.85778926845273,33.9897106878551,7.614063674244848,-5.149918585497399,-12.728513882845476,24.173511875961665
146.86484012736025,33.99784808131488,7.614081575597353,-5.150881137187602,-12.727873242249267,24.120327869660944
146.8718925817028,34.00598492537408,7.614099685847528,-5.151843766363195,-12.727231907335796,24.067142679220325
146.87894663210267,34.01412121980087,7.6141180050385735,-5.1528064730033805,-12.726589878078476,24.01395630577318
146.8860022791824,34.022256964363244,7.614136533213702,-5.153769257087307,-12.725947154450669,23.96076875045271
146.89305952356477,34.03039215882911,7.614155270416118,-5.154732118594059,-12.725303736425726,23.90758001439225
146.9001183658727,34.03852680296615,7.614174216689028,-5.155695057502643,-12.724659623976963,23.854390098725293
146.90717880672952,34.046660896542136,7.614193372075634,-5.156658073792034,-12.724014817077666,23.801199004584845
146.9142408467586,34.05479443932449,7.614212736619147,-5.157621167441098,-12.723369315701092,23.748006733104745
146.9213044865836,34.06292743108064,7.614232310362771,-5.158584338428674,-12.722723119820474,23.69481328541772
146.92836972682852,34.07105987157778,7.6142520933497115,-5.159547586733517,-12.722076229409012,23.64161866265754
146.93543656811735,34.07919176058311,7.6142720856231785,-5.160510912334317,-12.721428644439882,23.588422865957035
146.9425050110745,34.087323097863575,7.614292287226373,-5.1614743152096985,-12.720780364886227,23.535225896450182
146.94957505632462,34.09545388318606,7.614312698202505,-5.162437795338239,-12.720131390721162,23.482027755269907
146.95664670449239,34.10358411631729,7.614333318594781,-5.1634013526984255,-12.719481721917779,23.428828443549513
146.96371995620297,34.11171379702398,7.614354148446403,-5.164364987268702,-12.718831358449133,23.375627962422367
146.97079481208155,34.11984292507254,7.614375187800579,-5.1653286990274365,-12.718180300288253,23.32242631302194
146.9778712727537,34.12797150022938,7.6143964367005195,-5.166292487952934,-12.717528547408147,23.26922349648139
146.98494933884507,34.13609952226071,7.614417895189424,-5.16725635402343,-12.71687609978179,23.216019513934263
146.9920290109816,34.144226990932665,7.614439563310505,-5.168220297217099,-12.716222957382127,23.162814366513487
146.9991102897895,34.15235390601118,7.614461441106962,-5.169184317512047,-12.715569120182074,23.109608055352762
147.0061931758952,34.16048026726219,7.6144835286220065,-5.170148414886321,-12.714914588154517,23.05640058158519
147.0132776699253,34.1686060744514,7.614505825898842,-5.171112589317905,-12.714259361272319,23.00319194634414
147.02036377250664,34.17673132734439,7.614528332980676,-5.1720768407846975,-12.713603439508315,22.94998215076311
147.02745148426635,34.18485602570667,7.6145510499107125,-5.17304116926456,-12.712946822835299,22.896771195975067
147.03454080583174,34.19298016930356,7.614573976732161,-5.174005574735266,-12.71228951122606,22.843559083113718
147.04163173783033,34.20110375790029,7.614597113488227,-5.17497005717453,-12.711631504653333,22.790345813312157
147.04872428088993,34.209226791261955,7.614620460222114,-5.175934616559999,-12.71097280308984,22.73713138770372
147.0558184356385,34.217349269153516,7.61464401697703,-5.176899252869273,-12.71031340650828,22.683915807421805
147.06291420270426,34.22547119133976,7.614667783796182,-5.177863966079848,-12.709653314881301,22.630699073599754
147.07001158271575,34.233592557585496,7.614691760722773,-5.178828756169193,-12.708992528181543,22.57748118737083
147.07711057630158,34.241713367655265,7.614715947800014,-5.179793623114691,-12.708331046381605,22.52426214986833
147.0842111840907,34.249833621313506,7.614740345071108,-5.180758566893662,-12.707668869454071,22.471041962225524
147.09131340671226,34.257953318324546,7.614764952579262,-5.181723587483362,-12.707005997371486,22.417820625575985
147.0984172447956,34.26607245845259,7.61478977036768,-5.182688684860977,-12.706342430106368,22.36459814105274
147.10552269897028,34.274191041461656,7.614814798479573,-5.183653859003625,-12.705678167631213,22.31137450978932
