galstreams/tracks/track.st.Kshir.ibata2024.ecsv
# %ECSV 1.0
# ---
# datatype:
# - {name: ra, unit: deg, datatype: float64}
# - {name: dec, unit: deg, datatype: float64}
# - {name: distance, unit: kpc, datatype: float64}
# - {name: pm_ra_cosdec, unit: mas / yr, datatype: float64}
# - {name: pm_dec, unit: mas / yr, datatype: float64}
# - {name: radial_velocity, unit: km / s, datatype: float64}
# delimiter: ','
# meta: !!omap
# - __serialized_columns__:
#     dec:
#       __class__: astropy.coordinates.angles.Latitude
#       unit: &id001 !astropy.units.Unit {unit: deg}
#       value: !astropy.table.SerializedColumn {name: dec}
#     distance:
#       __class__: astropy.coordinates.distances.Distance
#       unit: !astropy.units.Unit {unit: kpc}
#       value: !astropy.table.SerializedColumn {name: distance}
#     pm_dec:
#       __class__: astropy.units.quantity.Quantity
#       unit: !astropy.units.Unit {unit: mas / yr}
#       value: !astropy.table.SerializedColumn {name: pm_dec}
#     pm_ra_cosdec:
#       __class__: astropy.units.quantity.Quantity
#       unit: !astropy.units.Unit {unit: mas / yr}
#       value: !astropy.table.SerializedColumn {name: pm_ra_cosdec}
#     ra:
#       __class__: astropy.coordinates.angles.Longitude
#       unit: *id001
#       value: !astropy.table.SerializedColumn {name: ra}
#       wrap_angle: !astropy.coordinates.Angle
#         unit: *id001
#         value: 360.0
#     radial_velocity:
#       __class__: astropy.units.quantity.Quantity
#       unit: !astropy.units.Unit {unit: km / s}
#       value: !astropy.table.SerializedColumn {name: radial_velocity}
# schema: astropy-2.0
ra,dec,distance,pm_ra_cosdec,pm_dec,radial_velocity
[from data line 284]
210.80336341821587,67.78658596425946,0.9999999999999998,-7.732352620624542,-3.325770076377747,-237.55296179045476
210.8292960716944,67.7885774095918,0.9999999999999997,-7.73164159708066,-3.3215626244299123,-237.5326313966782
210.85523319582168,67.79056463095345,0.9999999999999997,-7.730929676828306,-3.3173562269627723,-237.5124302228095
210.8811747822504,67.79254762731135,0.9999999999999997,-7.73021685939768,-3.3131508850470386,-237.492358157967
210.90712082262434,67.79452639763441,0.9999999999999997,-7.7295031443209545,-3.3089465997544725,-237.47241509126886
210.93307130857744,67.7965009408936,0.9999999999999998,-7.728788531132253,-3.304743372157988,-237.45260091183334
210.95902623173436,67.79847125606189,0.9999999999999998,-7.728073019367643,-3.300541203331562,-237.43291550877862
210.98498558371097,67.80043734211438,0.9999999999999999,-7.72735660856517,-3.296340094350219,-237.4133587712231
211.01094935611326,67.80239919802816,0.9999999999999997,-7.726639298264849,-3.292140046290106,-237.39393058828472
211.03691754053816,67.80435682278234,0.9999999999999998,-7.725921088008624,-3.2879410602284516,-237.37463084908197
211.0628901285736,67.80631021535815,0.9999999999999997,-7.725201977340467,-3.2837431372435084,-237.35545944273292
211.08886711179792,67.80825937473887,0.9999999999999997,-7.7244819658062704,-3.279546278414612,-237.33641625835577
211.1148484817802,67.81020429990976,0.9999999999999997,-7.7237610529539165,-3.2753504848222192,-237.31750118506886
211.14083423008074,67.81214498985824,0.9999999999999998,-7.723039238333284,-3.2711557575477492,-237.2987141119904
211.16682434825023,67.81408144357377,0.9999999999999999,-7.7223165214962135,-3.2669620976737423,-237.28005492823857
211.19281882783017,67.8160136600478,0.9999999999999996,-7.721592901996519,-3.2627695062838136,-237.26152352293153
211.21881766035324,67.81794163827398,0.9999999999999998,-7.720868379390032,-3.2585779844625424,-237.24311978518776
211.24482083734262,67.8198653772479,0.9999999999999997,-7.720142953234543,-3.2543875332956436,-237.2248436041251
211.2708283503123,67.82178487596734,0.9999999999999999,-7.719416623089836,-3.250198153869823,-237.20669486886206
211.2968401907676,67.82370013343208,0.9999999999999997,-7.718689388517715,-3.246009847272834,-237.1886734685169
211.3228563502042,67.82561114864404,0.9999999999999998,-7.717961249081954,-3.241822614593465,-237.1707792922076
211.34887682010887,67.82751792060718,0.9999999999999998,-7.717232204348317,-3.2376364569215568,-237.1530122290526
211.37490159195946,67.82942044832754,0.9999999999999997,-7.71650225388461,-3.2334513753479435,-237.13537216817002
211.4009306572245,67.83131873081331,0.9999999999999996,-7.715771397260608,-3.229267370964502,-237.11785899867803
211.42696400736344,67.83321276707471,0.9999999999999998,-7.715039634048092,-3.2250844448641516,-237.100472609695
211.45300163382706,67.8351025561241,0.9999999999999996,-7.714306963820887,-3.220902598140773,-237.0832128903391
211.47904352805665,67.83698809697592,0.9999999999999998,-7.713573386154793,-3.2167218318892985,-237.06607972972856
211.50508968148458,67.83886938864669,0.9999999999999996,-7.712838900627617,-3.212542147205683,-237.04907301698148
211.53114008553456,67.8407464301551,0.9999999999999999,-7.712103506819243,-3.208363545186817,-237.0321926412163
211.5571947316209,67.84261922052184,0.9999999999999997,-7.7113672043115224,-3.2041860269306905,-237.0154384915511
211.58325361114896,67.84448775876982,0.9999999999999998,-7.710629992688328,-3.2000095935362456,-236.99881045710418
211.60931671551558,67.846352043924,0.9999999999999997,-7.709891871535583,-3.1958342461033666,-236.98230842699374
211.63538403610818,67.84821207501147,0.9999999999999998,-7.7091528404412255,-3.1916599857330024,-236.96593229033792
211.66145556430524,67.85006785106145,0.9999999999999997,-7.708412898995214,-3.1874868135270926,-236.94968193625505
211.68753129147686,67.85191937110525,0.9999999999999997,-7.707672046789564,-3.1833147305884744,-236.9335572538633
211.71361120898365,67.85376663417637,0.9999999999999997,-7.70693028341831,-3.1791437380210397,-236.917558132281
211.73969530817743,67.85560963931032,0.9999999999999997,-7.706187608477515,-3.174973836929672,-236.90168446062626
211.76578358040157,67.85744838554484,0.9999999999999996,-7.70544402156531,-3.170805028420144,-236.88593612801728
211.7918760169902,67.85928287191979,0.9999999999999998,-7.704699522281828,-3.1666373135992494,-236.87031302357246
211.81797260926842,67.86111309747712,0.9999999999999996,-7.703954110229286,-3.1624706935747646,-236.8548150364098
211.84407334855317,67.86293906126096,0.9999999999999998,-7.703207785011942,-3.1583051694553497,-236.8394420556477
211.870178226152,67.86476076231757,0.9999999999999998,-7.702460546236075,-3.1541407423507053,-236.82419397040434
211.89628723336375,67.8665781996953,0.9999999999999998,-7.701712393510034,-3.1499774133714595,-236.80907066979788
211.92240036147882,67.86839137244473,0.9999999999999998,-7.700963326444257,-3.145815183629143,-236.79407204294657
211.9485176017785,67.87020027961854,0.9999999999999998,-7.700213344651171,-3.141654054236298,-236.7791979789687
211.9746389455352,67.87200492027158,0.9999999999999999,-7.699462447745325,-3.137494026306367,-236.7644483669825
212.00076438401317,67.87380529346082,0.9999999999999998,-7.698710635343297,-3.133335100953726,-236.74982309610598
212.02689390846746,67.87560139824545,0.9999999999999999,-7.697957907063738,-3.1291772792936925,-236.7353220554577
212.05302751014437,67.87739323368673,0.9999999999999997,-7.697204262527362,-3.1250205624425433,-236.7209451341556
212.07916518028202,67.87918079884818,0.9999999999999997,-7.696449701356962,-3.1208649515174223,-236.7066922213181
212.10530691010933,67.88096409279541,0.9999999999999998,-7.695694223177401,-3.1167104476364464,-236.69256320606328
212.13145269084666,67.88274311459622,0.9999999999999997,-7.694937827615603,-3.1125570519186425,-236.67855797750948
212.15760251370605,67.8845178633206,0.9999999999999998,-7.694180514300597,-3.1084047654839075,-236.6646764247749
212.18375636989063,67.88628833804069,0.9999999999999996,-7.69342228286346,-3.1042535894530765,-236.65091843697763
212.20991425059472,67.88805453783078,0.9999999999999998,-7.692663132937357,-3.10010352494794,-236.63728390323615
212.23607614700467,67.88981646176742,0.9999999999999996,-7.691903064157567,-3.0959545730910776,-236.62377271266848
212.26224205029766,67.89157410892926,0.9999999999999997,-7.691142076161438,-3.091806735006072,-236.61038475439292
212.28841195164244,67.8933274783972,0.9999999999999998,-7.690380168588365,-3.0876600118173467,-236.59711991752758
212.31458584219956,67.89507656925423,0.9999999999999998,-7.689617341079904,-3.083514404650222,-236.58397809119091
212.34076371312062,67.89682138058564,0.9999999999999997,-7.688853593279666,-3.07936991463092,-236.57095916450095
212.36694555554874,67.89856191147882,0.9999999999999997,-7.688088924833349,-3.0752265428865364,-236.55806302657615
212.3931313606189,67.90029816102343,0.9999999999999997,-7.687323335388779,-3.0710842905450075,-236.5452895665344
212.4193211194572,67.90203012831125,0.9999999999999998,-7.686556824595869,-3.066943158735217,-236.53263867349415
212.44551482318147,67.90375781243634,0.9999999999999996,-7.685789392106622,-3.0628031485868554,-236.5201102365735
212.47171246290085,67.90548121249489,0.9999999999999997,-7.685021037575155,-3.0586642612305397,-236.50770414489077
212.49791402971655,67.90720032758534,0.9999999999999998,-7.684251760657716,-3.054526497797651,-236.49542028756426
212.52411951472087,67.90891515680833,0.9999999999999998,-7.683481561012625,-3.050389859420516,-236.48325855371198
212.55032890899773,67.91062569926669,0.9999999999999997,-7.6827104383003295,-3.0462543472323116,-236.4712188324524
212.57654220362315,67.91233195406546,0.9999999999999998,-7.681938392183399,-3.042119962367007,-236.45930101290358
212.60275938966424,67.91403392031195,0.9999999999999998,-7.681165422326513,-3.0379867059594705,-236.4475049841837
212.6289804581798,67.91573159711561,0.9999999999999998,-7.680391528396473,-3.033854579145391,-236.4358306354112
212.6552054002208,67.91742498358815,0.9999999999999997,-7.67961671006219,-3.0297235830612834,-236.42427785570405
212.68143420682935,67.91911407884353,0.9999999999999996,-7.678840966994708,-3.0255937188445117,-236.4128465341806
212.7076668690393,67.92079888199787,0.9999999999999997,-7.678064298867199,-3.021464987633287,-236.40153655995917
212.73390337787666,67.92247939216958,0.9999999999999998,-7.677286705354963,-3.017337390566585,-236.39034782215788
212.76014372435867,67.92415560847925,0.9999999999999997,-7.676508186135427,-3.0132109287842717,-236.37928020989492
212.78638789949437,67.92582753004974,0.9999999999999997,-7.675728740888129,-3.0090856034270033,-236.36833361228855
212.81263589428505,67.92749515600613,0.9999999999999999,-7.674948369294786,-3.004961415636224,-236.35750791845703
212.8388876997232,67.92915848547575,0.9999999999999998,-7.674167071039223,-3.0008383665542375,-236.3468030175185
212.86514330679321,67.93081751758815,0.9999999999999998,-7.673384845807388,-2.9967164573241085,-236.33621879859143
212.89140270647172,67.93247225147513,0.9999999999999997,-7.672601693287426,-2.9925956890897005,-236.3257551507936
212.9176658897267,67.93412268627077,0.9999999999999998,-7.671817613169553,-2.9884760629957317,-236.31541196324375
212.94393284751803,67.93576882111131,0.9999999999999998,-7.671032605146175,-2.984357580187657,-236.30518912505963
212.97020357079785,67.93741065513537,0.9999999999999998,-7.670246668911858,-2.9802402418117033,-236.29508652535975
212.9964780505097,67.9390481874837,0.9999999999999997,-7.669459804163279,-2.9761240490149525,-236.28510405326233
213.02275627758917,67.94068141729939,0.9999999999999998,-7.668672010599277,-2.972009002945235,-236.27524159788553
213.04903824296403,67.94231034372774,0.9999999999999998,-7.667883287920862,-2.967895104751106,-236.2654990483476
213.07532393755366,67.94393496591634,0.9999999999999997,-7.667093635831189,-2.963782355581955,-236.25587629376662
213.1016133522693,67.94555528301504,0.9999999999999997,-7.666303054035576,-2.959670756587938,-236.24637322326106
213.12790647801467,67.94717129417592,0.9999999999999998,-7.665511542241486,-2.9555603089199316,-236.236989725949
213.154203305685,67.94878299855337,0.9999999999999997,-7.6647191001585595,-2.951451013729601,-236.22772569094872
213.1805038261675,67.95039039530405,0.9999999999999997,-7.663925727498591,-2.947342872169381,-236.21858100737836
213.2068080303419,67.95199348358688,0.9999999999999998,-7.663131423975555,-2.943235885392408,-236.20955556435624
213.23311590907946,67.95359226256305,0.9999999999999996,-7.662336189305591,-2.939130054552601,-236.2006492510005
213.25942745324357,67.95518673139603,0.9999999999999997,-7.661540023206972,-2.935025380804639,-236.1918619564294
213.28574265369002,67.95677688925159,0.9999999999999998,-7.660742925400211,-2.9309218653038833,-236.18319356976133
213.31206150126627,67.95836273529775,0.9999999999999997,-7.659944895607959,-2.926819509206478,-236.17464398011418
213.33838398681203,67.95994426870486,0.9999999999999998,-7.659145933555008,-2.922718313669277,-236.16621307660643
213.36471010115943,67.96152148864553,0.9999999999999997,-7.658346038968395,-2.918618279849845,-236.1579007483562
213.39103983513232,67.96309439429467,0.9999999999999997,-7.657545211577305,-2.9145194089064965,-236.14970688448182
213.4173731795467,67.96466298482946,0.9999999999999998,-7.656743451113099,-2.9104217019982723,-236.14163137410142
213.44371012521125,67.96622725942942,0.9999999999999997,-7.655940757309339,-2.9063251602848563,-236.13367410633322
213.47005066292638,67.96778721727632,0.9999999999999998,-7.655137129901754,-2.902229784926707,-236.12583497029541
213.4963947834847,67.96934285755425,0.9999999999999999,-7.654332568628284,-2.8981355770850055,-236.11811385510637
213.52274247767144,67.97089417944964,0.9999999999999997,-7.6535270732290455,-2.8940425379215498,-236.11051064988428
213.54909373626376,67.97244118215119,0.9999999999999998,-7.652720643446342,-2.889950668598882,-236.1030252437472
213.57544855003096,67.97398386484986,0.9999999999999997,-7.651913279024683,-2.885859970280265,-236.09565752581355
213.6018069097351,67.97552222673902,0.9999999999999997,-7.651104979710783,-2.881770444129579,-236.08840738520146
213.62816880613022,67.97705626701429,0.9999999999999998,-7.650295745253526,-2.8776820913114314,-236.08127471102912
213.65453422996245,67.97858598487359,0.9999999999999997,-7.649485575404005,-2.8735949129911464,-236.07425939241486
213.68090317197095,67.98011137951724,0.9999999999999998,-7.648674469915545,-2.869508910334595,-236.06736131847688
213.7072756228866,67.98163245014779,0.9999999999999998,-7.647862428543635,-2.8654240845084473,-236.06058037833338
213.73365157343278,67.98314919597014,0.9999999999999999,-7.647049451045987,-2.8613404366799866,-236.05391646110252
213.76003101432562,67.98466161619154,0.9999999999999998,-7.646235537182533,-2.8572579680171657,-236.04736945590264
213.78641393627328,67.98616971002157,0.9999999999999998,-7.645420686715381,-2.8531766796885574,-236.04093925185188
213.81280032997626,67.98767347667206,0.9999999999999997,-7.644604899408887,-2.8490965728634716,-236.03462573806846
213.8391901861281,67.98917291535729,0.9999999999999996,-7.643788175029598,-2.845017648711746,-236.02842880367075
213.86558349541426,67.9906680252938,0.9999999999999997,-7.642970513346274,-2.840939908403966,-236.0223483377768
213.8919802485127,67.99215880570046,0.9999999999999997,-7.642151914129894,-2.836863353111326,-236.0163842295049
213.91838043609437,67.99364525579851,0.9999999999999998,-7.641332377153688,-2.832787984005627,-236.01053636797334
213.94478404882219,67.99512737481153,0.9999999999999999,-7.640511902193053,-2.828713802259326,-236.00480464230034
213.97119107735173,67.99660516196542,0.9999999999999998,-7.639690489025636,-2.82464080904551,-235.99918894160388
213.99760151233153,67.99807861648846,0.9999999999999997,-7.638868137431326,-2.8205690055378714,-235.99368915500247
214.0240153444023,67.99954773761125,0.9999999999999998,-7.638044847192188,-2.816498392910713,-235.98830517161423
214.05043256419728,68.00101252456673,0.9999999999999998,-7.637220618092559,-2.8124289723390046,-235.98303688055745
214.0768531623428,68.00247297659025,0.9999999999999999,-7.636395449919001,-2.808360744998229,-235.97788417095023
214.10327712945733,68.00392909291945,0.9999999999999999,-7.635569342460287,-2.804293712064567,-235.97284693191094
214.12970445615215,68.00538087279436,0.9999999999999997,-7.63474229550741,-2.8002278747147518,-235.96792505255763
214.1561351330315,68.00682831545737,0.9999999999999998,-7.633914308853655,-2.7961632341261176,-235.96311842200876
214.18256915069196,68.00827142015322,0.9999999999999997,-7.633085382294482,-2.792099791476579,-235.9584269293823
214.2090064997227,68.00971018612901,0.9999999999999997,-7.632255515627622,-2.788037547944679,-235.95385046379667
214.23544717070624,68.01114461263424,0.9999999999999998,-7.631424708653047,-2.783976504709475,-235.94938891437
214.26189115421727,68.01257469892074,0.9999999999999996,-7.630592961172956,-2.7799166629506775,-235.94504217022052
214.2883384408233,68.01400044424273,0.9999999999999998,-7.629760272991778,-2.7758580238485138,-235.9408101204665
214.31478902108506,68.0154218478568,0.9999999999999997,-7.628926643916223,-2.771800588583785,-235.9366926542261
214.34124288555563,68.01683890902191,0.9999999999999998,-7.628092073755229,-2.7677443583378825,-235.9326896606176
214.36770002478096,68.01825162699942,0.9999999999999997,-7.6272565623199675,-2.7636893342927635,-235.92880102875918
214.39416042930026,68.01966000105303,0.9999999999999999,-7.626420109423893,-2.759635517630871,-235.9250266477691
214.42062408964514,68.02106403044885,0.9999999999999997,-7.625582714882672,-2.7555829095352937,-235.9213664067656
214.44709099634014,68.02246371445538,0.9999999999999998,-7.624744378514254,-2.7515315111896044,-235.91782019486686
