galstreams/tracks/track.st.GD-1.ibata2021.ecsv
# %ECSV 0.9
# ---
# datatype:
# - {name: ra, unit: deg, datatype: float64}
# - {name: dec, unit: deg, datatype: float64}
# - {name: distance, unit: kpc, datatype: float64}
# - {name: pm_ra_cosdec, unit: mas / yr, datatype: float64}
# - {name: pm_dec, unit: mas / yr, datatype: float64}
# - {name: radial_velocity, unit: km / s, datatype: float64}
# delimiter: ','
# meta: !!omap
# - __serialized_columns__:
#     dec:
#       __class__: astropy.coordinates.angles.Latitude
#       unit: &id001 !astropy.units.Unit {unit: deg}
#       value: !astropy.table.SerializedColumn {name: dec}
#     distance:
#       __class__: astropy.coordinates.distances.Distance
#       unit: !astropy.units.Unit {unit: kpc}
#       value: !astropy.table.SerializedColumn {name: distance}
#     pm_dec:
#       __class__: astropy.units.quantity.Quantity
#       unit: !astropy.units.Unit {unit: mas / yr}
#       value: !astropy.table.SerializedColumn {name: pm_dec}
#     pm_ra_cosdec:
#       __class__: astropy.units.quantity.Quantity
#       unit: !astropy.units.Unit {unit: mas / yr}
#       value: !astropy.table.SerializedColumn {name: pm_ra_cosdec}
#     ra:
#       __class__: astropy.coordinates.angles.Longitude
#       unit: *id001
#       value: !astropy.table.SerializedColumn {name: ra}
#       wrap_angle: !astropy.coordinates.Angle
#         unit: *id001
#         value: 360.0
#     radial_velocity:
#       __class__: astropy.units.quantity.Quantity
#       unit: !astropy.units.Unit {unit: km / s}
#       value: !astropy.table.SerializedColumn {name: radial_velocity}
# schema: astropy-2.0
ra,dec,distance,pm_ra_cosdec,pm_dec,radial_velocity
[from data line 7184]
168.28127829800425,50.35168180691186,8.270179993282332,-7.373978384732084,-9.442036638740012,6.73661370389787e-14
168.29390172212752,50.357660136984634,8.27077998798016,-7.374849646321408,-9.439742886291882,6.73661370389787e-14
168.30652855145098,50.363636922204236,8.271380289178413,-7.375720603963105,-9.43744839922108,3.368306851948935e-14
168.31915878666186,50.369612161862634,8.2719808969203,-7.376591257246353,-9.43515317762757,6.73661370389787e-14
168.33179242844662,50.3755858552515,8.27258181124902,-7.3774616057600415,-9.43285722161161,0.0
168.34442947749108,50.38155800166228,8.27318303220779,-7.378331649092769,-9.430560531273752,3.368306851948935e-14
168.3570699344804,50.38752860038614,8.273784559839807,-7.379201386832861,-9.428263106714844,0.0
168.36971380009902,50.39349765071401,8.27438639418828,-7.380070818568342,-9.425964948036032,0.0
168.38236107503087,50.399465151936575,8.274988535296414,-7.380939943886968,-9.423666055338742,-3.368306851948935e-14
168.39501175995895,50.40543110334425,8.275590983207419,-7.381808762376189,-9.421366428724719,3.368306851948935e-14
168.4076658555658,50.41139550422721,8.2761937379645,-7.38267727362319,-9.41906606829598,0.0
168.42032336253314,50.41735835387538,8.276796799610857,-7.38354547721486,-9.416764974154859,6.73661370389787e-14
168.43298428154213,50.4233196515784,8.277400168189708,-7.384413372737803,-9.414463146403978,3.368306851948935e-14
168.44564861327316,50.429279396625724,8.278003843744244,-7.385280959778344,-9.412160585146262,-3.368306851948935e-14
168.458316358406,50.4352375883065,8.278607826317689,-7.386148237922502,-9.409857290484915,1.0104920555846805e-13
168.47098751761968,50.441194225909626,8.27921211595323,-7.387015206756046,-9.407553262523479,3.368306851948935e-14
168.48366209159258,50.44714930872377,8.279816712694089,-7.387881865864425,-9.405248501365744,0.0
168.4963400810024,50.45310283603733,8.280421616583466,-7.388748214832827,-9.402943007115837,0.0
168.50902148652614,50.45905480713849,8.281026827664565,-7.389614253246138,-9.400636779878178,3.368306851948935e-14
168.52170630884012,50.46500522131512,8.281632345980594,-7.39047998068897,-9.398329819757475,3.368306851948935e-14
168.53439454861999,50.4709540778549,8.28223817157476,-7.39134539674564,-9.39602212685874,3.368306851948935e-14
168.54708620654065,50.47690137604523,8.282844304490268,-7.392210501000188,-9.393713701287295,6.73661370389787e-14
168.55978128327638,50.48284711517322,8.283450744770327,-7.393075293036369,-9.391404543148752,-3.368306851948935e-14
168.57247977950072,50.48879129452583,8.28405749245814,-7.393939772437645,-9.389094652549034,0.0
168.58518169588652,50.49473391338965,8.284664547596915,-7.3948039387871916,-9.386784029594363,6.73661370389787e-14
168.59788703310596,50.50067497105114,8.28527191022986,-7.395667791667916,-9.384472674391253,0.0
168.6105957918305,50.50661446679641,8.285879580400174,-7.396531330662418,-9.382160587046553,0.0
168.62330797273094,50.51255239991136,8.286487558151071,-7.3973945553530305,-9.379847767667359,-1.0104920555846805e-13
168.63602357647727,50.51848876968162,8.287095843525751,-7.398257465321779,-9.377534216361138,6.73661370389787e-14
168.64874260373895,50.524423575392625,8.287704436567422,-7.399120060150445,-9.37521993323561,0.0
168.66146505518458,50.53035681632948,8.288313337319297,-7.399982339420465,-9.372904918398817,6.73661370389787e-14
168.67419093148214,50.53628849177711,8.288922545824573,-7.400844302713043,-9.370589171959114,-3.368306851948935e-14
168.68692023329893,50.54221860102014,8.28953206212646,-7.401705949609077,-9.368272694025151,3.368306851948935e-14
168.6996529613014,50.548147143342966,8.290141886268165,-7.402567279689168,-9.36595548470589,1.0104920555846805e-13
168.71238911615552,50.554074118029746,8.29075201829289,-7.4034282925336585,-9.36363754411059,3.368306851948935e-14
168.72512869852633,50.55999952436436,8.291362458243846,-7.404288987722581,-9.36131887234883,6.73661370389787e-14
168.73787170907832,50.56592336163046,8.291973206164238,-7.405149364835701,-9.358999469530477,6.73661370389787e-14
168.75061814847516,50.57184562911145,8.292584262097272,-7.406009423452484,-9.356679335765726,3.368306851948935e-14
168.76336801737983,50.57776632609045,8.293195626086154,-7.406869163152119,-9.354358471165078,6.73661370389787e-14
168.77612131645463,50.583685451850364,8.29380729817409,-7.407728583513513,-9.352036875839328,0.0
168.7888780463612,50.589603005673844,8.294419278404284,-7.408587684115281,-9.349714549899584,6.73661370389787e-14
168.80163820776025,50.59551898684331,8.295031566819944,-7.409446464535753,-9.347391493457284,3.368306851948935e-14
168.81440180131204,50.60143339464085,8.295644163464278,-7.410304924352978,-9.345067706624139,6.73661370389787e-14
168.8271688276759,50.60734622834842,8.29625706838049,-7.411163063144718,-9.342743189512204,3.368306851948935e-14
168.8399392875106,50.61325748724765,8.296870281611788,-7.412020880488444,-9.340417942233815,-3.368306851948935e-14
168.85271318147403,50.61916717061993,8.297483803201375,-7.41287837596136,-9.338091964901652,0.0
168.86549051022345,50.62507527774643,8.29809763319246,-7.41373554914036,-9.335765257628681,3.368306851948935e-14
168.87827127441543,50.630981807908036,8.298711771628252,-7.414592399602077,-9.333437820528186,6.73661370389787e-14
168.8910554747057,50.636886760385416,8.29932621855195,-7.415448926922839,-9.331109653713767,0.0
168.90384311174938,50.64279013445897,8.299940974006763,-7.416305130678708,-9.32878075729933,-3.368306851948935e-14
168.91663418620075,50.64869192940885,8.300556038035902,-7.41716101044544,-9.32645113139911,3.368306851948935e-14
168.92942869871348,50.65459214451498,8.301171410682565,-7.418016565798528,-9.324120776127629,-1.0104920555846805e-13
168.94222664994035,50.660490779057,8.301787091989961,-7.4188717963131605,-9.321789691599749,0.0
168.95502804053356,50.666387832314335,8.3024030820013,-7.4197267015642545,-9.319457877930633,0.0
168.9678328711445,50.67228330356616,8.303019380759789,-7.420581281126439,-9.317125335235755,3.368306851948935e-14
168.98064114242382,50.678177192091376,8.303635988308624,-7.421435534574056,-9.314792063630923,0.0
168.9934528550215,50.68406949716868,8.304252904691023,-7.422289461481159,-9.312458063232231,0.0
169.00626800958668,50.68996021807644,8.304870129950185,-7.4231430614215315,-9.310123334156119,3.368306851948935e-14
169.01908660676781,50.69584935409289,8.305487664129318,-7.423996333968649,-9.30778787651932,6.73661370389787e-14
169.03190864721262,50.70173690449593,8.306105507271631,-7.424849278695728,-9.305451690438904,-6.73661370389787e-14
169.04473413156805,50.70762286856324,8.306723659420324,-7.425701895175683,-9.303114776032247,0.0
169.05756306048033,50.713507245572245,8.307342120618612,-7.426554182981145,-9.30077713341704,1.0104920555846805e-13
169.07039543459496,50.71939003480015,8.30796089090969,-7.427406141684472,-9.298438762711292,0.0
169.0832312545566,50.72527123552388,8.308579970336774,-7.428257770857725,-9.29609966403335,0.0
169.09607052100927,50.73115084702012,8.309199358943067,-7.4291090700726805,-9.293759837501858,-6.73661370389787e-14
169.10891323459617,50.73702886856532,8.309819056771772,-7.429960038900845,-9.291419283235783,6.73661370389787e-14
169.12175939595983,50.742905299435684,8.310439063866099,-7.430810676913423,-9.289078001354415,0.0
169.1346090057419,50.74878013890717,8.311059380269253,-7.431660983681344,-9.286735991977368,3.368306851948935e-14
169.1474620645834,50.75465338625547,8.311680006024439,-7.432510958775257,-9.284393255224574,3.368306851948935e-14
169.16031857312453,50.76052504075604,8.312300941174868,-7.433360601765511,-9.282049791216282,6.73661370389787e-14
169.17317853200473,50.7663951016841,8.312922185763737,-7.434209912222189,-9.279705600073077,3.368306851948935e-14
169.1860419418627,50.77226356831462,8.31354373983426,-7.435058889715076,-9.277360681915843,3.368306851948935e-14
169.19890880333634,50.778130439922315,8.314165603429641,-7.435907533813674,-9.275015036865806,3.368306851948935e-14
169.2117791170629,50.783995715781664,8.314787776593088,-7.43675584408721,-9.272668665044506,3.368306851948935e-14
169.22465288367871,50.789859395166886,8.315410259367802,-7.437603820104629,-9.270321566573806,0.0
169.2375301038195,50.795721477351975,8.316033051796996,-7.438451461434563,-9.267973741575895,1.0104920555846805e-13
169.25041077812008,50.80158196161066,8.31665615392387,-7.439298767645405,-9.265625190173294,3.368306851948935e-14
169.2632949072146,50.80744084721643,8.317279565791631,-7.440145738305223,-9.263275912488833,0.0
169.2761824917364,50.81329813344255,8.31790328744349,-7.440992372981821,-9.260925908645676,3.368306851948935e-14
169.289073532318,50.81915381956201,8.318527318922651,-7.441838671242714,-9.258575178767313,-3.368306851948935e-14
169.30196802959134,50.82500790484756,8.319151660272315,-7.442684632655142,-9.256223722977552,1.0104920555846805e-13
169.31486598418732,50.830860388571736,8.319776311535694,-7.443530256786049,-9.253871541400548,-1.0104920555846805e-13
169.32776739673628,50.83671127000676,8.320401272755994,-7.444375543202102,-9.251518634160753,0.0
169.34067226786766,50.84256054842469,8.321026543976421,-7.445220491469675,-9.249165001382972,0.0
169.35358059821016,50.848408223097316,8.32165212524018,-7.44606510115487,-9.246810643192319,0.0
169.36649238839172,50.85425429329612,8.322278016590472,-7.4469093718235,-9.244455559714254,6.73661370389787e-14
169.37940763903953,50.860098758292445,8.322904218070512,-7.447753303041097,-9.242099751074546,3.368306851948935e-14
169.3923263507799,50.86594161735729,8.323530729723501,-7.448596894372894,-9.239743217399312,0.0
169.4052485242384,50.87178286976148,8.324157551592648,-7.449440145383863,-9.237385958814988,0.0
169.4181741600399,50.877622514775574,8.324784683721159,-7.450283055638686,-9.235027975448332,-6.73661370389787e-14
169.43110325880835,50.88346055166987,8.325412126152237,-7.451125624701743,-9.232669267426454,6.73661370389787e-14
169.44403582116706,50.889296979714466,8.326039878929091,-7.451967852137158,-9.230309834876769,3.368306851948935e-14
169.45697184773834,50.895131798179136,8.326667942094925,-7.452809737508755,-9.227949677927054,0.0
169.469911339144,50.900965006333514,8.32729631569295,-7.453651280380068,-9.225588796705374,0.0
169.48285429600477,50.90679660344689,8.327924999766367,-7.454492480314368,-9.223227191340177,0.0
169.49580071894079,50.912626588788406,8.328553994358385,-7.455333336874629,-9.220864861960205,-3.368306851948935e-14
169.50875060857126,50.91845496162688,8.329183299512206,-7.4561738496235455,-9.218501808694556,-3.368306851948935e-14
169.52170396551475,50.924281721230926,8.329812915271042,-7.457014018123528,-9.216138031672642,-3.368306851948935e-14
169.53466079038887,50.93010686686892,8.330442841678096,-7.457853841936694,-9.21377353102422,0.0
169.54762108381053,50.935930397808974,8.331073078776573,-7.458693320624895,-9.211408306879386,-1.0104920555846805e-13
169.56058484639584,50.941752313318986,8.331703626609682,-7.4595324537496905,-9.209042359368555,3.368306851948935e-14
169.57355207876003,50.94757261266657,8.332334485220628,-7.46037124087236,-9.206675688622497,0.0
169.58652278151763,50.95339129511913,8.332965654652616,-7.461209681553893,-9.204308294772295,1.0104920555846805e-13
169.59949695528226,50.959208359943815,8.333597134948855,-7.462047775355,-9.201940177949387,6.73661370389787e-14
169.61247460066687,50.965023806407565,8.334228926152552,-7.462885521836113,-9.199571338285532,0.0
169.62545571828346,50.970837633777,8.334861028306905,-7.463722920557374,-9.19720177591285,0.0
169.6384403087433,50.97664984131859,8.335493441455128,-7.46455997107865,-9.194831490963772,-3.368306851948935e-14
169.65142837265685,50.98246042829849,8.336126165640428,-7.465396672959508,-9.192460483571073,-3.368306851948935e-14
169.66441991063374,50.988269393982655,8.336759200906005,-7.466233025759257,-9.190088753867874,-3.368306851948935e-14
169.67741492328278,50.99407673763679,8.337392547295071,-7.467069029036904,-9.187716301987635,3.368306851948935e-14
169.69041341121198,50.99988245852634,8.338026204850827,-7.467904682351182,-9.185343128064146,0.0
169.70341537502856,51.00568655591655,8.338660173616482,-7.4687399852605365,-9.182969232231544,3.368306851948935e-14
169.71642081533886,51.01148902907238,8.339294453635244,-7.469574937323138,-9.180594614624301,3.368306851948935e-14
169.7294297327485,51.01728987725857,8.339929044950317,-7.470409538096869,-9.178219275377229,0.0
169.74244212786215,51.023089099739614,8.340563947604906,-7.471243787139321,-9.175843214625491,3.368306851948935e-14
169.7554580012838,51.028886695779775,8.341199161642217,-7.472077684007827,-9.173466432504572,0.0
169.76847735361648,51.03468266464305,8.34183468710546,-7.472911228259412,-9.171088929150324,0.0
169.78150018546248,51.04047700559323,8.34247052403784,-7.473744419450824,-9.168710704698913,0.0
169.79452649742325,51.04626971789385,8.34310667248256,-7.474577257138549,-9.166331759286876,0.0
169.8075562900994,51.05206080080819,8.34374313248283,-7.475409740878769,-9.163952093051066,6.73661370389787e-14
169.82058956409077,51.0578502535993,8.34437990408185,-7.476241870227392,-9.161571706128704,0.0
169.83362631999626,51.063638075530015,8.345016987322833,-7.4770736447400346,-9.159190598657336,0.0
169.84666655841403,51.06942426586289,8.345654382248986,-7.4779050639720435,-9.156808770774855,-3.368306851948935e-14
169.85971027994134,51.075208823860265,8.346292088903509,-7.478736127478485,-9.154426222619517,0.0
169.87275748517473,51.08099174878424,8.346930107329612,-7.479566834814136,-9.152042954329893,3.368306851948935e-14
169.88580817470975,51.08677303989667,8.347568437570498,-7.48039718553349,-9.149658966044935,3.368306851948935e-14
169.89886234914127,51.09255269645916,8.348207079669377,-7.481227179190759,-9.147274257903904,0.0
169.91192000906312,51.09833071773308,8.348846033669451,-7.48205681533988,-9.144888830046444,6.73661370389787e-14
169.92498115506854,51.1041071029796,8.349485299613935,-7.482886093534504,-9.142502682612507,3.368306851948935e-14
169.93804578774973,51.10988185145958,8.350124877546024,-7.4837150133279975,-9.140115815742432,0.0
169.95111390769816,51.1156549624337,8.350764767508933,-7.484543574273457,-9.137728229576874,0.0
169.96418551550434,51.12142643516237,8.351404969545861,-7.485371775923681,-9.135339924256861,3.368306851948935e-14
169.97726061175808,51.127196268905784,8.352045483700017,-7.486199617831196,-9.132950899923753,3.368306851948935e-14
169.99033919704826,51.13296446292389,8.352686310014612,-7.4870270995482455,-9.130561156719255,0.0
170.0034212719629,51.13873101647637,8.353327448532845,-7.4878542206267955,-9.128170694785446,-1.0104920555846805e-13
170.01650683708917,51.144495928822714,8.353968899297925,-7.48868098061852,-9.125779514264734,6.73661370389787e-14
170.02959589301346,51.15025919922215,8.35461066235306,-7.489507379074826,-9.123387615299883,6.73661370389787e-14
170.04268844032123,51.156020826933656,8.355252737741452,-7.490333415546832,-9.120994998034014,-3.368306851948935e-14
170.05578447959712,51.16178081121599,8.35589512550631,-7.491159089585373,-9.118601662610589,0.0
170.06888401142487,51.16753915132769,8.356537825690841,-7.491984400741005,-9.11620760917343,6.73661370389787e-14
170.08198703638746,51.17329584652702,8.35718083833825,-7.492809348564003,-9.113812837866705,0.0
170.09509355506694,51.179050896072,8.357824163491744,-7.493633932604368,-9.111417348834937,3.368306851948935e-14
170.10820356804442,51.18480429922047,8.358467801194525,-7.494458152411807,-9.109021142223018,1.0104920555846805e-13
170.12131707590035,51.19055605522998,8.359111751489806,-7.495282007535755,-9.106624218176162,6.73661370389787e-14
170.13443407921412,51.196306163357875,8.359756014420789,-7.496105497525368,-9.104226576839967,-6.73661370389787e-14
170.14755457856438,51.202054622861226,8.360400590030679,-7.496928621929516,-9.101828218360367,3.368306851948935e-14
170.16067857452887,51.20780143299691,8.361045478362685,-7.497751380296788,-9.099429142883654,6.73661370389787e-14
