galstreams/tracks/track.st.Aquarius.williams2011.ecsv
# %ECSV 0.9
# ---
# datatype:
# - {name: ra, unit: deg, datatype: float64}
# - {name: dec, unit: deg, datatype: float64}
# - {name: distance, unit: kpc, datatype: float64}
# - {name: pm_ra_cosdec, unit: mas / yr, datatype: float64}
# - {name: pm_dec, unit: mas / yr, datatype: float64}
# - {name: radial_velocity, unit: km / s, datatype: float64}
# delimiter: ','
# meta: !!omap
# - __serialized_columns__:
#     dec:
#       __class__: astropy.coordinates.angles.Latitude
#       unit: &id001 !astropy.units.Unit {unit: deg}
#       value: !astropy.table.SerializedColumn {name: dec}
#     distance:
#       __class__: astropy.coordinates.distances.Distance
#       unit: !astropy.units.Unit {unit: kpc}
#       value: !astropy.table.SerializedColumn {name: distance}
#     pm_dec:
#       __class__: astropy.units.quantity.Quantity
#       unit: !astropy.units.Unit {unit: mas / yr}
#       value: !astropy.table.SerializedColumn {name: pm_dec}
#     pm_ra_cosdec:
#       __class__: astropy.units.quantity.Quantity
#       unit: !astropy.units.Unit {unit: mas / yr}
#       value: !astropy.table.SerializedColumn {name: pm_ra_cosdec}
#     ra:
#       __class__: astropy.coordinates.angles.Longitude
#       unit: *id001
#       value: !astropy.table.SerializedColumn {name: ra}
#       wrap_angle: !astropy.coordinates.Angle
#         unit: *id001
#         value: 360.0
#     radial_velocity:
#       __class__: astropy.units.quantity.Quantity
#       unit: !astropy.units.Unit {unit: km / s}
#       value: !astropy.table.SerializedColumn {name: radial_velocity}
# schema: astropy-2.0
ra,dec,distance,pm_ra_cosdec,pm_dec,radial_velocity
[from data line 1136]
350.3420818841915,-9.79577379382288,3.429861202708631,9.112143295182165,-31.990026114740886,-210.19095779946574
350.3523198266873,-9.797593497091261,3.4286240789915277,9.117446368740227,-31.996559483918094,-210.19980721315306
350.3625578833354,-9.799412870789306,3.4273869552744243,9.122750169672866,-32.00309245816198,-210.2086566268402
350.37279605413994,-9.801231914822377,3.42614983155732,9.128054698114939,-32.00962503731434,-210.21750604052744
350.38303433910505,-9.803050629095836,3.424912707840217,9.133359954201286,-32.01615722121694,-210.2263554542147
350.3932727382348,-9.80486901351506,3.4236755841231137,9.138665938066715,-32.02268900971154,-210.23520486790204
350.4035112515333,-9.80668706798543,3.4224384604060107,9.143972649845946,-32.02922040263989,-210.24405428158911
350.4137498790045,-9.808504792412338,3.4212013366889074,9.149280089673622,-32.035751399843754,-210.25290369527636
350.42398862065244,-9.810322186701185,3.4199642129718035,9.154588257684352,-32.042282001164835,-210.2617531089637
350.4342274764812,-9.812139250757372,3.4187270892547006,9.159897154012741,-32.0488122064449,-210.27060252265085
350.4444664464947,-9.813955984486324,3.417489965537597,9.16520677879325,-32.05534201552564,-210.27945193633798
350.45470553069686,-9.815772387793459,3.416252841820492,9.170517132160324,-32.061871428248786,-210.28830135002534
350.4649447290917,-9.817588460584204,3.4150157181033904,9.17582821424838,-32.06840044445601,-210.2971507637125
350.4751840416831,-9.819404202764016,3.413778594386286,9.181140025191713,-32.074929063989046,-210.30600017739985
350.485423468475,-9.821219614238329,3.4125414706691832,9.18645256512465,-32.08145728668955,-210.31484959108704
350.4956630094713,-9.823034694912602,3.4113043469520794,9.191765834181375,-32.0879851123992,-210.32369900477417
350.5059026646758,-9.824849444692306,3.410067223234976,9.19707983249607,-32.094512540959684,-210.3325484184614
350.51614243409233,-9.826663863482915,3.408830099517873,9.202394560202812,-32.101039572212656,-210.34139783214874
350.5263823177248,-9.828477951189905,3.4075929758007697,9.20771001743571,-32.10756620599975,-210.35024724583602
350.536622315577,-9.830291707718771,3.406355852083666,9.213026204328742,-32.11409244216264,-210.35909665952306
350.5468624276527,-9.832105132975009,3.4051187283665625,9.218343121015817,-32.12061828054293,-210.36794607321048
350.55710265395567,-9.83391822686413,3.4038816046494595,9.223660767630864,-32.127143720982254,-210.37679548689772
350.56734299448965,-9.835730989291648,3.4026444809323553,9.228979144307694,-32.133668763322255,-210.38564490058485
350.5775834492583,-9.837543420163081,3.401407357215253,9.234298251180086,-32.14019340740451,-210.39449431427215
350.5878240182655,-9.839355519383968,3.400170233498149,9.239618088381746,-32.14671765307064,-210.40334372795937
350.59806470151483,-9.841167286859852,3.3989331097810447,9.244938656046362,-32.15324150016224,-210.41219314164655
350.60830549901,-9.842978722496268,3.397695986063942,9.250259954307506,-32.159764948520866,-210.42104255533383
350.61854641075456,-9.844789826198788,3.396458862346839,9.255581983298752,-32.166287997988135,-210.42989196902096
350.62878743675225,-9.84660059787297,3.3952217386297354,9.260904743153574,-32.172810648405594,-210.43874138270834
350.6390285770066,-9.84841103742439,3.393984614912632,9.266228234005425,-32.1793328996148,-210.44759079639562
350.64926983152134,-9.850221144758628,3.3927474911955287,9.271552455987692,-32.1858547514573,-210.4564402100828
350.6595112002999,-9.852030919781276,3.391510367478424,9.27687740923368,-32.19237620377467,-210.46528962377002
350.66975268334585,-9.853840362397936,3.390273243761321,9.282203093876658,-32.1988972564084,-210.4741390374572
350.67999428066275,-9.85564947251421,3.389036120044218,9.287529510049854,-32.20541790920003,-210.4829884511445
350.6902359922542,-9.857458250035716,3.387798996327115,9.292856657886418,-32.211938161991085,-210.49183786483178
350.7004778181236,-9.85926669486808,3.3865618726100113,9.298184537519464,-32.218458014623096,-210.50068727851894
350.7107197582744,-9.861074806916928,3.385324748892908,9.303513149082,-32.22497746693754,-210.50953669220613
350.7209618127101,-9.862882586087908,3.384087625175805,9.308842492707024,-32.23149651877589,-210.51838610589343
350.7312039814341,-9.864690032286669,3.3828505014587003,9.314172568527491,-32.23801516997968,-210.5272355195806
350.74144626444985,-9.866497145418863,3.3816133777415978,9.319503376676249,-32.24453342039034,-210.53608493326786
350.7516886617608,-9.86830392539016,3.3803762540244944,9.324834917286136,-32.25105126984937,-210.54493434695507
350.7619311733702,-9.870110372106234,3.3791391303073905,9.330167190489895,-32.25756871819823,-210.55378376064226
350.77217379928146,-9.871916485472767,3.377902006590287,9.335500196420238,-32.26408576527835,-210.5626331743295
350.78241653949794,-9.87372226539545,3.376664882873184,9.340833935209824,-32.27060241093119,-210.5714825880168
350.79265939402296,-9.875527711779982,3.3754277591560813,9.34616840699123,-32.27711865499818,-210.5803320017041
350.8029023628598,-9.877332824532077,3.374190635438978,9.351503611897005,-32.28363449732076,-210.5891814153913
350.8131454460118,-9.879137603557446,3.3729535117218736,9.35683955005964,-32.290149937740345,-210.59803082907843
350.8233886434821,-9.880942048761815,3.3717163880047707,9.362176221611511,-32.29666497609833,-210.60688024276575
350.8336319552739,-9.882746160050916,3.370479264287667,9.367513626685017,-32.30317961223612,-210.615729656453
350.84387538139066,-9.884549937330492,3.369242140570563,9.37285176541248,-32.30969384599515,-210.62457907014013
350.8541189218354,-9.8863533805063,3.3680050168534597,9.37819063792612,-32.31620767721676,-210.6334284838274
350.8643625766113,-9.888156489484086,3.366767893136356,9.38353024435816,-32.322721105742346,-210.64227789751465
350.8746063457216,-9.889959264169626,3.365530769419253,9.38887058484073,-32.32923413141328,-210.65112731120192
350.88485022916933,-9.89176170446869,3.36429364570215,9.39421165950591,-32.33574675407092,-210.65997672488916
350.8950942269578,-9.89356381028707,3.3630565219850466,9.399553468485744,-32.342258973556625,-210.66882613857626
350.9053383390899,-9.895365581530555,3.3618193982679427,9.404896011912188,-32.34877078971176,-210.67767555226348
350.91558256556874,-9.897167018104943,3.3605822745508394,9.410239289917145,-32.35528220237763,-210.68652496595075
350.9258269063975,-9.898968119916047,3.359345150833735,9.415583302632488,-32.361793211395586,-210.69537437963808
350.9360713615792,-9.900768886869686,3.3581080271166326,9.420928050190025,-32.36830381660694,-210.70422379332518
350.94631593111677,-9.90256931887168,3.3568709033995288,9.426273532721464,-32.374814017853026,-210.71307320701254
350.9565606150133,-9.904369415827873,3.355633779682426,9.431619750358545,-32.38132381497512,-210.72192262069967
350.96680541327174,-9.906169177644104,3.354396655965323,9.436966703232848,-32.38783320781454,-210.73077203438703
350.97705032589505,-9.907968604226223,3.3531595322482186,9.442314391475973,-32.3943421962126,-210.73962144807416
350.9872953528861,-9.909767695480092,3.3519224085311157,9.447662815219417,-32.40085078001052,-210.74847086176143
350.997540494248,-9.911566451311588,3.350685284814012,9.45301197459467,-32.407358959049624,-210.75732027544856
351.0077857499835,-9.913364871626577,3.3494481610969085,9.458361869733112,-32.41386673317117,-210.76616968913584
351.01803112009554,-9.915162956330947,3.3482110373798055,9.463712500766093,-32.42037410221641,-210.7750191028231
351.02827660458695,-9.916960705330597,3.3469739136627017,9.469063867824902,-32.426881066026596,-210.7838685165104
351.0385222034606,-9.918758118531429,3.345736789945598,9.474415971040763,-32.43338762444298,-210.7927179301976
351.0487679167193,-9.920555195839354,3.344499666228495,9.479768810544881,-32.43989377730678,-210.80156734388476
351.059013744366,-9.922351937160292,3.3432625425113915,9.485122386468348,-32.44639952445923,-210.810416757572
351.0692596864032,-9.924148342400171,3.3420254187942886,9.49047669894221,-32.45290486574155,-210.81926617125933
