galstreams/tracks/track.st.Cetus.yam2013.ecsv
# %ECSV 1.0
# ---
# datatype:
# - {name: ra, unit: deg, datatype: float64}
# - {name: dec, unit: deg, datatype: float64}
# - {name: distance, unit: kpc, datatype: float64}
# - {name: pm_ra_cosdec, unit: mas / yr, datatype: float64}
# - {name: pm_dec, unit: mas / yr, datatype: float64}
# - {name: radial_velocity, unit: km / s, datatype: float64}
# delimiter: ','
# meta: !!omap
# - __serialized_columns__:
#     dec:
#       __class__: astropy.coordinates.angles.Latitude
#       unit: &id001 !astropy.units.Unit {unit: deg}
#       value: !astropy.table.SerializedColumn {name: dec}
#     distance:
#       __class__: astropy.coordinates.distances.Distance
#       unit: !astropy.units.Unit {unit: kpc}
#       value: !astropy.table.SerializedColumn {name: distance}
#     pm_dec:
#       __class__: astropy.units.quantity.Quantity
#       unit: !astropy.units.Unit {unit: mas / yr}
#       value: !astropy.table.SerializedColumn {name: pm_dec}
#     pm_ra_cosdec:
#       __class__: astropy.units.quantity.Quantity
#       unit: !astropy.units.Unit {unit: mas / yr}
#       value: !astropy.table.SerializedColumn {name: pm_ra_cosdec}
#     ra:
#       __class__: astropy.coordinates.angles.Longitude
#       unit: *id001
#       value: !astropy.table.SerializedColumn {name: ra}
#       wrap_angle: !astropy.coordinates.Angle
#         unit: *id001
#         value: 360.0
#     radial_velocity:
#       __class__: astropy.units.quantity.Quantity
#       unit: !astropy.units.Unit {unit: km / s}
#       value: !astropy.table.SerializedColumn {name: radial_velocity}
# schema: astropy-2.0
ra,dec,distance,pm_ra_cosdec,pm_dec,radial_velocity
[from data line 658]
22.387567907866693,2.0216162510262286,29.20062405337184,-2.7755575615628914e-16,-5.100087019371813e-16,-105.57910126884617
22.39132478247687,2.030888857918343,29.202949467373955,-3.3306690738754696e-16,-4.996003610813204e-16,-105.60656733122349
22.39508206508761,2.0401612989375693,29.20527293034458,-1.6653345369377348e-16,-4.822531263215524e-16,-105.63402851942854
22.39883975561429,2.0494335741645147,29.207594443767423,-3.3306690738754696e-16,-5.100087019371813e-16,-105.66148483292115
22.402597853972463,2.058705683679913,29.209914009126177,-1.1102230246251565e-16,-5.100087019371813e-16,-105.68893627116104
22.406356360077606,2.0679776275643302,29.21223162790457,-1.1102230246251565e-16,-5.169475958410885e-16,-105.71638283360805
22.41011527384531,2.077249405898358,29.21454730158629,-2.220446049250313e-16,-4.891920202254596e-16,-105.74382451972183
22.413874595191203,2.086521018762568,29.216861031655068,-2.220446049250313e-16,-4.753142324176451e-16,-105.77126132896234
22.417634324030974,2.0957924662375067,29.21917281959459,-1.1102230246251565e-16,-4.85722573273506e-16,-105.79869326078924
22.42139446028033,2.1050637484037096,29.22148266688859,-2.220446049250313e-16,-4.544975507059235e-16,-105.82612031466226
22.425155003855053,2.1143348653416285,29.223790575020747,-2.220446049250313e-16,-4.753142324176451e-16,-105.85354249004129
22.428915954671,2.1236058171318652,29.226096545474796,-3.3306690738754696e-16,-4.85722573273506e-16,-105.88095978638604
22.43267731264405,2.132876603854824,29.228400579734434,-1.6653345369377348e-16,-5.169475958410885e-16,-105.90837220315632
22.43643907769011,2.142147225590964,29.23070267928337,-1.1102230246251565e-16,-5.169475958410885e-16,-105.93577973981189
22.440201249725177,2.1514176824207007,29.233002845605316,-2.7755575615628914e-16,-5.100087019371813e-16,-105.96318239581252
22.44396382866529,2.160687974424451,29.23530108018398,-2.7755575615628914e-16,-5.030698080332741e-16,-105.99058017061797
22.447726814426517,2.169958101682596,29.23759738450306,-2.7755575615628914e-16,-5.100087019371813e-16,-106.01797306368807
22.45149020692498,2.1792280642754434,29.23989176004628,-2.220446049250313e-16,-4.926614671774132e-16,-106.04536107448257
22.455254006076903,2.1884978622834477,29.242184208297346,-2.220446049250313e-16,-4.85722573273506e-16,-106.07274420246122
22.459018211798504,2.197767495786877,29.244474730739956,-2.220446049250313e-16,-5.100087019371813e-16,-106.10012244708385
22.46278282400606,2.207036964866038,29.246763328857828,-1.6653345369377348e-16,-4.961309141293668e-16,-106.12749580781018
22.466547842615903,2.2163062696012044,29.249050004134666,-2.220446049250313e-16,-5.204170427930421e-16,-106.1548642841
22.470313267544427,2.2255754100726484,29.251334758054192,-2.220446049250313e-16,-4.926614671774132e-16,-106.18222787541312
22.474079098708064,2.234844386360605,29.253617592100078,-2.7755575615628914e-16,-4.996003610813204e-16,-106.20958658120927
22.47784533602328,2.244113198545248,29.255898507756086,-2.220446049250313e-16,-4.683753385137379e-16,-106.23694040094828
22.48161197940664,2.2533818467068736,29.25817750650587,-2.7755575615628914e-16,-4.996003610813204e-16,-106.26428933408984
22.485379028774723,2.262650330925615,29.26045458983319,-2.7755575615628914e-16,-4.996003610813204e-16,-106.29163338009381
22.489146484044163,2.27191865128163,29.26272975922172,-2.220446049250313e-16,-4.926614671774132e-16,-106.31897253841994
22.49291434513164,2.281186807855058,29.265003016155177,-1.6653345369377348e-16,-4.787836793695988e-16,-106.34630680852798
22.49668261195389,2.290454800726016,29.267274362117274,-2.7755575615628914e-16,-4.822531263215524e-16,-106.37363618987777
22.500451284427697,2.2997226299746036,29.269543798591723,-2.7755575615628914e-16,-5.134781488891349e-16,-106.40096068192908
22.50422036246989,2.308990295680841,29.271811327062213,-1.6653345369377348e-16,-5.238864897449957e-16,-106.4282802841416
22.507989845997372,2.3182577979248946,29.274076949012475,-1.6653345369377348e-16,-5.100087019371813e-16,-106.45559499597515
22.51175973492708,2.3275251367867464,29.27634066592621,-3.3306690738754696e-16,-5.030698080332741e-16,-106.48290481688953
22.515530029175988,2.3367923123464154,29.27860247928712,-2.220446049250313e-16,-4.926614671774132e-16,-106.51020974634453
22.519300728661136,2.3460593246838934,29.28086239057892,-1.6653345369377348e-16,-5.204170427930421e-16,-106.53750978379983
22.523071833299607,2.355326173879159,29.28312040128533,-1.6653345369377348e-16,-4.996003610813204e-16,-106.56480492871533
22.526843343008526,2.3645928600121655,29.285376512890036,-2.220446049250313e-16,-5.134781488891349e-16,-106.59209518055077
22.530615257705072,2.3738593831627925,29.287630726876756,-1.6653345369377348e-16,-5.134781488891349e-16,-106.61938053876581
22.534387577306518,2.3831257434110658,29.2898830447292,-1.6653345369377348e-16,-4.926614671774132e-16,-106.6466610028204
22.53816030173012,2.392391940836819,29.292133467931084,-1.6653345369377348e-16,-4.85722573273506e-16,-106.67393657217423
22.541933430893216,2.401657975519936,29.294381997966102,-2.220446049250313e-16,-4.787836793695988e-16,-106.70120724628704
22.54570696471319,2.4109238475402597,29.296628636317976,-1.6653345369377348e-16,-4.85722573273506e-16,-106.7284730246187
22.54948090310748,2.4201895569776295,29.2988733844704,-1.1102230246251565e-16,-4.787836793695988e-16,-106.75573390662896
22.55325524599355,2.429455103911855,29.3011162439071,-2.220446049250313e-16,-5.204170427930421e-16,-106.7829898917775
22.557029993288932,2.4387204884226814,29.303357216111774,-2.220446049250313e-16,-5.134781488891349e-16,-106.8102409795242
22.560805144911242,2.4479857105899816,29.30559630256813,-2.220446049250313e-16,-4.996003610813204e-16,-106.83748716932882
22.564580700778095,2.457250770493458,29.307833504759888,-2.220446049250313e-16,-4.926614671774132e-16,-106.86472846065112
22.568356660807158,2.4665156682128413,29.31006882417073,-2.7755575615628914e-16,-4.996003610813204e-16,-106.89196485295086
22.572133024916177,2.4757804038278435,29.3123022622844,-2.7755575615628914e-16,-5.065392549852277e-16,-106.91919634568784
22.575909793022927,2.485044977418159,29.31453382058458,-1.6653345369377348e-16,-4.996003610813204e-16,-106.94642293832186
22.579686965045234,2.4943093890634573,29.316763500554995,-1.6653345369377348e-16,-4.787836793695988e-16,-106.97364463031263
22.583464540900955,2.503573638843334,29.318991303679343,-2.7755575615628914e-16,-5.204170427930421e-16,-107.00086142111996
22.587242520508067,2.5128377268375313,29.32121723144133,-1.1102230246251565e-16,-5.204170427930421e-16,-107.02807331020367
22.59102090378452,2.522101653125609,29.323441285324677,-1.1102230246251565e-16,-5.065392549852277e-16,-107.05528029702346
22.594799690648344,2.531365417787154,29.325663466813086,-1.1102230246251565e-16,-4.926614671774132e-16,-107.08248238103918
22.59857888101761,2.5406290209017395,29.32788377739027,-2.220446049250313e-16,-5.134781488891349e-16,-107.10967956171054
22.602358474810444,2.5498924625489128,29.330102218539924,-2.7755575615628914e-16,-5.204170427930421e-16,-107.13687183849733
22.60613847194503,2.559155742808214,29.332318791745777,-2.220446049250313e-16,-4.926614671774132e-16,-107.1640592108594
22.60991887233958,2.5684188617591435,29.33453349849152,-2.220446049250313e-16,-5.204170427930421e-16,-107.19124167825639
22.613699675912354,2.5776818194811466,29.33674634026087,-2.220446049250313e-16,-5.204170427930421e-16,-107.21841924014817
22.617480882581713,2.5869446160538025,29.338957318537535,-2.220446049250313e-16,-5.204170427930421e-16,-107.24559189599454
22.62126249226601,2.596207251556501,29.34116643480522,-2.220446049250313e-16,-5.065392549852277e-16,-107.27275964525519
22.62504450488366,2.6054697260686814,29.343373690547647,-1.6653345369377348e-16,-4.85722573273506e-16,-107.29992248739
22.628826920353134,2.614732039669746,29.345579087248503,-1.1102230246251565e-16,-5.273559366969494e-16,-107.32708042185865
22.63260973859295,2.6239941924390955,29.34778262639152,-2.220446049250313e-16,-5.065392549852277e-16,-107.35423344812098
22.636392959521682,2.633256184456094,29.349984309460382,-2.220446049250313e-16,-5.134781488891349e-16,-107.3813815656367
22.640176583057908,2.642518015800047,29.35218413793882,-2.220446049250313e-16,-5.204170427930421e-16,-107.40852477386566
22.64396060912036,2.6517796865503875,29.354382113310532,-1.6653345369377348e-16,-5.273559366969494e-16,-107.43566307226759
22.64774503762771,2.6610411967863743,29.35657823705922,-3.3306690738754696e-16,-5.204170427930421e-16,-107.46279646030229
22.651529868498734,2.670302546587298,29.3587725106686,-2.7755575615628914e-16,-5.204170427930421e-16,-107.48992493742949
22.655315101652242,2.679563736032437,29.36096493562239,-2.220446049250313e-16,-5.204170427930421e-16,-107.51704850310904
22.659100737007094,2.6888247652010393,29.363155513404287,-2.7755575615628914e-16,-4.996003610813204e-16,-107.54416715680065
22.6628867744822,2.6980856341723336,29.365344245498,-2.7755575615628914e-16,-5.273559366969494e-16,-107.57128089796416
22.666673213996493,2.7073463430254865,29.367531133387246,-2.220446049250313e-16,-5.412337245047638e-16,-107.59838972605928
22.670460055469036,2.7166068918397954,29.36971617855572,-2.220446049250313e-16,-4.787836793695988e-16,-107.62549364054586
22.67424729881884,2.725867280694376,29.37189938248714,-1.1102230246251565e-16,-4.996003610813204e-16,-107.65259264088357
22.67803494396503,2.735127509668385,29.374080746665218,-1.6653345369377348e-16,-5.273559366969494e-16,-107.67968672653228
22.68182299082676,2.744387578840954,29.376260272573653,-2.220446049250313e-16,-5.204170427930421e-16,-107.70677589695173
22.68561143932322,2.7536474882911994,29.37843796169616,-2.220446049250313e-16,-5.204170427930421e-16,-107.7338601516017
22.68940028937368,2.7629072380982147,29.380613815516444,-1.6653345369377348e-16,-4.996003610813204e-16,-107.76093948994198
22.693189540897393,2.7721668283410215,29.38278783551822,-1.6653345369377348e-16,-5.273559366969494e-16,-107.78801391143232
22.696979193813767,2.7814262590987826,29.384960023185187,-2.7755575615628914e-16,-5.204170427930421e-16,-107.81508341553256
22.700769248042178,2.7906855304504723,29.38713038000106,-1.6653345369377348e-16,-5.134781488891349e-16,-107.84214800170236
22.704559703502063,2.7999446424751167,29.389298907449554,-2.220446049250313e-16,-5.134781488891349e-16,-107.8692076694016
22.70835056011292,2.8092035952517027,29.391465607014364,-2.220446049250313e-16,-5.134781488891349e-16,-107.89626241808999
22.712141817794297,2.818462388859212,29.393630480179194,-1.6653345369377348e-16,-5.065392549852277e-16,-107.92331224722736
22.715933476465775,2.8277210233766,29.395793528427777,-1.6653345369377348e-16,-5.065392549852277e-16,-107.95035715627347
22.719725536046976,2.8369794988827537,29.39795475324381,-2.7755575615628914e-16,-5.273559366969494e-16,-107.97739714468806
22.723517996457637,2.84623781545669,29.400114156110998,-2.220446049250313e-16,-5.065392549852277e-16,-108.00443221193095
22.72731085761746,2.855495973177258,29.402271738513047,-2.220446049250313e-16,-5.134781488891349e-16,-108.03146235746192
22.731104119446243,2.864753972123336,29.404427501933675,-3.885780586188048e-16,-4.926614671774132e-16,-108.05848758074069
22.73489778186381,2.874011812373783,29.40658144785658,-1.6653345369377348e-16,-5.204170427930421e-16,-108.08550788122709
22.738691844790047,2.883269494007437,29.40873357776548,-1.6653345369377348e-16,-5.273559366969494e-16,-108.11252325838086
22.742486308144876,2.89252701710312,29.41088389314408,-2.220446049250313e-16,-5.273559366969494e-16,-108.13953371166181
22.746281171848263,2.90178438173958,29.41303239547609,-2.7755575615628914e-16,-5.065392549852277e-16,-108.16653924052972
22.75007643582028,2.911041587995702,29.415179086245217,-2.220446049250313e-16,-4.85722573273506e-16,-108.19353984444436
22.75387209998096,2.920298635950192,29.417323966935168,-2.220446049250313e-16,-5.412337245047638e-16,-108.2205355228654
22.75766816425045,2.929555525681797,29.419467039029655,-5.551115123125783e-17,-5.065392549852277e-16,-108.24752627525281
22.7614646285489,2.938812257269239,29.421608304012384,-1.1102230246251565e-16,-5.204170427930421e-16,-108.27451210106621
22.765261492796533,2.94806883079122,29.423747763367068,-2.7755575615628914e-16,-4.996003610813204e-16,-108.30149299976546
22.76905875691363,2.9573252463264237,29.42588541857741,-2.220446049250313e-16,-4.996003610813204e-16,-108.32846897081029
22.77285642082047,2.9665815039534618,29.42802127112713,-2.220446049250313e-16,-4.996003610813204e-16,-108.3554400136605
22.77665448443746,2.9758376037510863,29.43015532249992,-2.7755575615628914e-16,-5.065392549852277e-16,-108.38240612777594
22.780452947685006,2.9850935457978727,29.432287574179494,-1.6653345369377348e-16,-4.926614671774132e-16,-108.4093673126162
22.784251810483546,2.994349330172419,29.434418027649563,-2.220446049250313e-16,-5.204170427930421e-16,-108.43632356764118
22.788051072753596,3.0036049569533234,29.436546684393843,-2.220446049250313e-16,-5.204170427930421e-16,-108.46327489231066
22.791850734415714,3.0128604262191456,29.438673545896034,-2.220446049250313e-16,-5.065392549852277e-16,-108.49022128608439
22.795650795390497,3.0221157380484374,29.44079861363985,-2.220446049250313e-16,-4.926614671774132e-16,-108.51716274842217
22.79945125559858,3.0313708925196785,29.44292188910899,-3.3306690738754696e-16,-5.065392549852277e-16,-108.54409927878376
22.8032521149607,3.040625889711478,29.445043373787172,-1.6653345369377348e-16,-5.065392549852277e-16,-108.57103087662894
22.807053373397586,3.049880729702277,29.447163069158098,-2.220446049250313e-16,-5.273559366969494e-16,-108.59795754141744
22.810855030830023,3.0591354125705514,29.449280976705484,-2.7755575615628914e-16,-5.134781488891349e-16,-108.62487927260909
22.814657087178873,3.0683899383947475,29.451397097913024,-5.551115123125783e-17,-5.065392549852277e-16,-108.65179606966366
22.818459542365,3.077644307253305,29.45351143426445,-2.220446049250313e-16,-5.065392549852277e-16,-108.67870793204092
22.822262396309362,3.086898519224632,29.455623987243452,-1.6653345369377348e-16,-5.065392549852277e-16,-108.7056148592007
22.826065648932918,3.0961525743870735,29.457734758333746,-2.7755575615628914e-16,-5.065392549852277e-16,-108.73251685060265
22.829869300156744,3.1054064728191104,29.459843749019043,-2.7755575615628914e-16,-4.926614671774132e-16,-108.75941390570665
22.833673349901897,3.114660214599048,29.461950960783046,-2.220446049250313e-16,-5.134781488891349e-16,-108.78630602397241
22.837477798089502,3.1239137998052215,29.464056395109466,-2.220446049250313e-16,-5.273559366969494e-16,-108.81319320485981
22.84128264464075,3.1331672285159544,29.466160053482003,-1.1102230246251565e-16,-5.134781488891349e-16,-108.84007544782848
22.845087889476844,3.14242050080954,29.468261937384387,-2.220446049250313e-16,-4.996003610813204e-16,-108.86695275233834
22.84889353251907,3.1516736167642643,29.4703620483003,-1.6653345369377348e-16,-4.926614671774132e-16,-108.89382511784909
22.85269957368872,3.1609265764583334,29.47246038771347,-2.220446049250313e-16,-5.204170427930421e-16,-108.92069254382048
22.856506012907207,3.1701793799700946,29.47455695710761,-2.220446049250313e-16,-4.926614671774132e-16,-108.94755502971233
22.860312850095923,3.179432027377717,29.476651757966398,-2.220446049250313e-16,-5.134781488891349e-16,-108.9744125749844
22.864120085176324,3.1886845187594104,29.478744791773575,-1.6653345369377348e-16,-5.204170427930421e-16,-109.0012651790965
22.867927718069925,3.1979368541933564,29.480836060012834,-1.1102230246251565e-16,-5.204170427930421e-16,-109.02811284150837
22.871735748698285,3.207189033757722,29.482925564167896,-1.6653345369377348e-16,-5.204170427930421e-16,-109.05495556167982
22.87554417698299,3.2164410575306555,29.485013305722457,-2.220446049250313e-16,-5.065392549852277e-16,-109.08179333907057
