galstreams/tracks/track.st.C-7.ibata2021.ecsv
# %ECSV 1.0
# ---
# datatype:
# - {name: ra, unit: deg, datatype: float64}
# - {name: dec, unit: deg, datatype: float64}
# - {name: distance, unit: kpc, datatype: float64}
# - {name: pm_ra_cosdec, unit: mas / yr, datatype: float64}
# - {name: pm_dec, unit: mas / yr, datatype: float64}
# - {name: radial_velocity, unit: km / s, datatype: float64}
# delimiter: ','
# meta: !!omap
# - __serialized_columns__:
#     dec:
#       __class__: astropy.coordinates.angles.Latitude
#       unit: &id001 !astropy.units.Unit {unit: deg}
#       value: !astropy.table.SerializedColumn {name: dec}
#     distance:
#       __class__: astropy.coordinates.distances.Distance
#       unit: !astropy.units.Unit {unit: kpc}
#       value: !astropy.table.SerializedColumn {name: distance}
#     pm_dec:
#       __class__: astropy.units.quantity.Quantity
#       unit: !astropy.units.Unit {unit: mas / yr}
#       value: !astropy.table.SerializedColumn {name: pm_dec}
#     pm_ra_cosdec:
#       __class__: astropy.units.quantity.Quantity
#       unit: !astropy.units.Unit {unit: mas / yr}
#       value: !astropy.table.SerializedColumn {name: pm_ra_cosdec}
#     ra:
#       __class__: astropy.coordinates.angles.Longitude
#       unit: *id001
#       value: !astropy.table.SerializedColumn {name: ra}
#       wrap_angle: !astropy.coordinates.Angle
#         unit: *id001
#         value: 360.0
#     radial_velocity:
#       __class__: astropy.units.quantity.Quantity
#       unit: !astropy.units.Unit {unit: km / s}
#       value: !astropy.table.SerializedColumn {name: radial_velocity}
# schema: astropy-2.0
ra,dec,distance,pm_ra_cosdec,pm_dec,radial_velocity
[from data line 1265]
290.18997933321526,-49.28348650109968,5.729885222109921,-13.223916607411168,-13.204123689001275,-18.38860787827934
290.2037504603234,-49.279088439959324,5.730078375698564,-13.221243207734329,-13.207743884133166,-18.344004076072885
290.2175189030869,-49.27468843901658,5.730271870801545,-13.218568711788585,-13.211361615125558,-18.299306974926473
290.23128466112905,-49.27028649877927,5.730465706350643,-13.215893120886852,-13.21497687922562,-18.254516856776416
290.2450477340746,-49.26588261975527,5.730659881277633,-13.213216436343178,-13.218589673681475,-18.209634003559525
290.25880812154924,-49.26147680245246,5.730854394514287,-13.210538659472832,-13.222199995742162,-18.164658697212218
290.2725658231796,-49.257069047378735,5.731049244992381,-13.20785979159222,-13.225807842657646,-18.11959121967144
290.28632083859355,-49.25265935504206,5.731244431643686,-13.20517983401892,-13.229413211678823,-18.074431852873676
290.30007316741984,-49.24824772595042,5.731439953399982,-13.202498788071706,-13.233016100057505,-18.02918087875547
290.31382280928835,-49.24383416061183,5.731635809193043,-13.199816655070448,-13.236616505046433,-17.983838579253668
290.32756976383,-49.23941865953431,5.73183199795464,-13.19713343633628,-13.240214423899278,-17.938405236304583
290.34131403067676,-49.235001223225936,5.73202851861655,-13.194449133191405,-13.24380985387064,-17.892881131845268
290.35505560946154,-49.230581852194796,5.7322253701105454,-13.19176374695925,-13.247402792216029,-17.847266547811863
290.3687944998185,-49.22616054694902,5.732422551368402,-13.189077278964358,-13.250993236191905,-17.801561766141457
290.3825307013827,-49.221737307996776,5.732620061321895,-13.18638973053244,-13.254581183055617,-17.755767068770357
290.39626421379023,-49.21731213584623,5.732817898902799,-13.183701102990387,-13.258166630065478,-17.70988273763531
290.4099950366783,-49.212885031005605,5.733016063042888,-13.181011397666207,-13.261749574480714,-17.663909054672867
290.4237231696852,-49.20845599398314,5.733214552673937,-13.178320615889069,-13.265330013561472,-17.617846301819842
290.43744861245017,-49.20402502528708,5.733413366727719,-13.175628758989307,-13.26890794456883,-17.57169476101271
290.45117136461346,-49.19959212542574,5.733612504136009,-13.172935828298396,-13.272483364764778,-17.52545471418799
290.4648914258166,-49.195157294907425,5.7338119638305844,-13.17024182514893,-13.276056271412267,-17.4791264432827
290.47860879570175,-49.190720534240505,5.734011744743214,-13.167546750874688,-13.279626661775144,-17.43271023023321
290.49232347391245,-49.18628184393332,5.73421184580568,-13.164850606810571,-13.28319453311817,-17.386206356976107
290.50603546009324,-49.181841224494306,5.734412265949752,-13.162153394292607,-13.286759882707075,-17.339615105448104
290.5197447538896,-49.17739867643187,5.734613004107202,-13.159455114657996,-13.290322707808498,-17.29293675758595
290.53345135494806,-49.17295420025445,5.734814059209811,-13.156755769245061,-13.29388300568997,-17.24617159532602
290.5471552629162,-49.16850779647054,5.73501543018935,-13.154055359393224,-13.29744077362,-17.19931990060517
290.56085647744266,-49.16405946558865,5.735217115977594,-13.15135388644311,-13.300996008867985,-17.152381955359633
290.5745549981772,-49.15960920811727,5.735419115506316,-13.148651351736415,-13.30454870870429,-17.105358041526774
290.5882508247703,-49.155157024564986,5.7356214277072946,-13.145947756616007,-13.308098870400142,-17.05824844104229
290.6019439568739,-49.150702915440355,5.735824051512299,-13.143243102425856,-13.31164649122777,-17.011053435843607
290.6156343941408,-49.14624688125198,5.736026985853109,-13.140537390511048,-13.315191568460275,-16.963773307867207
290.6293221362246,-49.14178892250848,5.736230229661498,-13.137830622217841,-13.318734099371689,-16.916408339049223
290.64300718278025,-49.13732903971851,5.736433781869236,-13.13512279889358,-13.322274081237003,-16.86895881132678
290.65668953346375,-49.13286723339072,5.736637641408102,-13.132413921886721,-13.325811511332114,-16.821425006636495
290.6703691879318,-49.12840350403382,5.73684180720987,-13.129703992546888,-13.329346386933828,-16.77380720691467
290.68404614584244,-49.12393785215651,5.7370462782063125,-13.126993012224776,-13.33287870531991,-16.726105694098163
290.6977204068546,-49.11947027826753,5.7372510533292065,-13.124280982272216,-13.336408463769024,-16.67832075012348
290.71139197062837,-49.11500078287564,5.737456131510326,-13.12156790404214,-13.33993565956079,-16.630452656927506
290.7250608368247,-49.11052936648963,5.737661511681445,-13.118853778888608,-13.343460289975729,-16.582501696446688
290.7387270051056,-49.10605602961828,5.737867192774337,-13.116138608166807,-13.346982352295285,-16.53446815061754
290.7523904751343,-49.10158077277042,5.738073173720779,-13.113422393232986,-13.350501843801865,-16.48635230137697
290.76605124657476,-49.09710359645491,5.738279453452544,-13.110705135444542,-13.354018761778761,-16.438154430661402
290.77970931909226,-49.09262450118059,5.738486030901407,-13.107986836159956,-13.357533103510214,-16.389874820407545
290.79336469235284,-49.08814348745635,5.738692904999141,-13.105267496738833,-13.361044866281375,-16.341513752551943
290.8070173660238,-49.0836605557911,5.738900074677523,-13.102547118541851,-13.364554047378334,-16.293071509031247
290.82066733977337,-49.07917570669377,5.7391075388683275,-13.099825702930815,-13.368060644088134,-16.24454837178234
290.8343146132707,-49.07468894067329,5.739315296503325,-13.097103251268624,-13.37156465369868,-16.195944622741465
290.8479591861861,-49.070200258238636,5.739523346514295,-13.094379764919273,-13.37506607349886,-16.1472605438455
290.86160105819084,-49.06570965989877,5.739731687833011,-13.091655245247837,-13.378564900778454,-16.098496417030965
290.8752402289573,-49.06121714616272,5.739940319391246,-13.088929693620502,-13.382061132828184,-16.04965252423447
290.88887669815875,-49.05672271753948,5.740149240120773,-13.086203111404549,-13.38555476693972,-16.000729147392935
290.9025104654696,-49.05222637453811,5.740358448953371,-13.083475499968326,-13.389045800405597,-15.951726568442531
290.9161415305652,-49.04772811766764,5.740567944820812,-13.080746860681305,-13.392534230519342,-15.902645069320178
290.929769893122,-49.04322794743716,5.74077772665487,-13.078017194914011,-13.396020054575363,-15.853484931962354
290.9433955528174,-49.03872586435576,5.740987793387322,-13.075286504038061,-13.399503269869035,-15.804246438305976
290.95701850932977,-49.03422186893255,5.74119814394994,-13.072554789426178,-13.402983873696613,-15.754929870287421
290.97063876233864,-49.029715961676644,5.741408777274499,-13.069822052452151,-13.406461863355307,-15.705535509843306
290.98425631152446,-49.02520814309718,5.741619692292774,-13.06708829449085,-13.409937236143243,-15.65606363891031
290.99787115656875,-49.02069841370332,5.74183088793654,-13.064353516918207,-13.413409989359495,-15.606514539425381
291.011483297154,-49.016186774004254,5.742042363137571,-13.061617721111261,-13.416880120304025,-15.556888493324532
291.0250927329637,-49.011673224509146,5.742254116827642,-13.05888090844812,-13.420347626277746,-15.507185782544642
291.0386994636824,-49.00715776572721,5.742466147938526,-13.056143080307928,-13.423812504582505,-15.457406689022628
291.0523034889958,-49.00264039816768,5.742678455402,-13.053404238070938,-13.427274752521054,-15.407551494694971
291.06590480859023,-48.99812112233977,5.742891038149836,-13.050664383118484,-13.430734367397077,-15.357620481498014
291.07950342215344,-48.99359993875273,5.743103895113812,-13.047923516832919,-13.43419134651519,-15.307613931368842
291.09309932937396,-48.989076847915825,5.743317025225701,-13.045181640597717,-13.437645687180922,-15.25753212624363
291.1066925299414,-48.984551850338356,5.743530427417275,-13.042438755797356,-13.44109738670075,-15.207375348059365
291.1202830235464,-48.98002494652958,5.74374410062031,-13.039694863817457,-13.444546442382062,-15.157143878752457
291.1338708098806,-48.975496136998835,5.743958043766582,-13.03694996604462,-13.447992851533167,-15.106838000259655
291.1474558886366,-48.970965422255425,5.744172255787864,-13.034204063866556,-13.451436611463318,-15.056457994517572
291.16103825950813,-48.96643280280868,5.744386735615931,-13.031457158672012,-13.454877719482667,-15.006004143462754
291.1746179221897,-48.96189827916795,5.744601482182559,-13.02870925185079,-13.45831617290232,-14.955476729032052
291.18819487637717,-48.95736185184258,5.744816494419521,-13.025960344793774,-13.46175196903429,-14.904876033161877
291.20176912176703,-48.95282352134195,5.745031771258592,-13.023210438892871,-13.46518510519152,-14.854202337788875
291.215340658057,-48.94828328817545,5.745247311631545,-13.020459535541043,-13.46861557868788,-14.803455924849729
291.2289094849458,-48.94374115285246,5.745463114470157,-13.017707636132316,-13.472043386838155,-14.752637076280951
291.2424756021332,-48.939197115882386,5.745679178706201,-13.014954742061748,-13.475468526958087,-14.701746074019491
291.25603900931975,-48.93465117777466,5.745895503271452,-13.01220085472545,-13.478890996364308,-14.650783200001696
291.26959970620726,-48.930103339038695,5.746112087097684,-13.009445975520578,-13.482310792374395,-14.599748736164276
291.2831576924984,-48.925553600183925,5.7463289291166735,-13.006690105845328,-13.485727912306832,-14.54864296444388
291.29671296789684,-48.92100196171982,5.746546028260193,-13.003933247098935,-13.489142353481054,-14.497466166777125
291.31026553210734,-48.91644842415581,5.746763383460018,-13.001175400681678,-13.492554113217398,-14.446218625100656
291.32381538483554,-48.91189298800138,5.746980993647921,-12.998416567994884,-13.495963188837127,-14.39490062135085
291.33736252578825,-48.90733565376601,5.747198857755681,-12.995656750440872,-13.49936957766246,-14.343512437464828
291.3509069546732,-48.90277642195919,5.747416974715068,-12.992895949423042,-13.502773277016498,-14.292054355378898
291.36444867119894,-48.89821529309041,5.747635343457859,-12.990134166345825,-13.506174284223299,-14.240526657029676
291.3779876750753,-48.893652267669175,5.747853962915829,-12.987371402614638,-13.509572596607825,-14.188929624354044
291.39152396601304,-48.889087346205,5.74807283202075,-12.984607659635984,-13.512968211495977,-14.137263539288346
291.4050575437237,-48.88452052920742,5.748291949704399,-12.981842938817364,-13.516361126214566,-14.085528683769198
291.4185884079201,-48.879951817185955,5.748511314898548,-12.979077241567282,-13.519751338091346,-14.03372533973338
291.4321165583159,-48.87538121065013,5.748730926534974,-12.976310569295306,-13.523138844454976,-13.981853789117572
291.4456419946259,-48.870808710109536,5.748950783545451,-12.973542923412003,-13.526523642635059,-13.929914313858392
291.4591647165656,-48.86623431607368,5.749170884861752,-12.970774305328991,-13.529905729962103,-13.877907195892247
291.4726847238519,-48.86165802905214,5.749391229415655,-12.968004716458848,-13.53328510376756,-13.825832717156157
291.48620201620236,-48.85707984955449,5.7496118161389305,-12.965234158215234,-13.536661761383781,-13.773691159586333
291.4997165933356,-48.85249977809029,5.749832643963354,-12.962462632012782,-13.540035700144063,-13.721482805119587
291.51322845497145,-48.84791781516914,5.750053711820704,-12.959690139267149,-13.543406917382626,-13.669207935692738
291.5267376008304,-48.843333961300615,5.75027501864275,-12.956916681395013,-13.546775410434595,-13.616866833242028
291.5402440306342,-48.838748216994304,5.750496563361267,-12.95414225981406,-13.550141176636037,-13.564459779704375
291.55374774410546,-48.834160582759814,5.7507183449080355,-12.951366875942966,-13.553504213323931,-13.511987057016425
291.5672487409678,-48.82957105910675,5.7509403622148225,-12.948590531201457,-13.556864517836189,-13.45944894711442
291.58074702094586,-48.824979646544705,5.751162614213406,-12.945813227010206,-13.560222087511642,-13.406845731935416
291.59424258376526,-48.82038634558331,5.75138509983556,-12.943034964790924,-13.563576919690057,-13.354177693416055
291.60773542915257,-48.81579115673216,5.751607818013061,-12.940255745966342,-13.566929011712087,-13.301445113492754
291.6212255568353,-48.811194080500904,5.7518307676776805,-12.937475571960151,-13.570278360919357,-13.248648274102155
291.6347129665422,-48.80659511739914,5.752053947761194,-12.93469444419706,-13.573624964654378,-13.195787457180977
291.64819765800263,-48.80199426793652,5.7522773571953785,-12.931912364102795,-13.576968820260593,-13.14286294466563
291.6616796309473,-48.79739153262267,5.752500994912004,-12.929129333104028,-13.580309925082396,-13.0898750184932
291.6751588851076,-48.79278691196721,5.752724859842847,-12.926345352628468,-13.583648276465063,-13.03682396060003
291.68863542021603,-48.7881804064798,5.752948950919685,-12.923560424104796,-13.586983871754803,-12.983710052922632
291.70210923600615,-48.78357201667008,5.753173267074288,-12.920774548962704,-13.590316708298758,-12.930533577397622
291.7155803322125,-48.77896174304769,5.753397807238435,-12.91798772863283,-13.59364678344501,-12.877294815962017
291.7290487085704,-48.77434958612226,5.753622570343897,-12.915199964546842,-13.596974094542514,-12.823994050552095
291.7425143648164,-48.76973554640347,5.753847555322449,-12.912411258137375,-13.60029863894119,-12.770631563104635
291.75597730068785,-48.765119624400945,5.754072761105867,-12.909621610838059,-13.603620413991873,-12.717207635556253
291.76943751592313,-48.76050182062434,5.754298186625925,-12.906831024083477,-13.606939417046299,-12.663722549843596
291.78289501026165,-48.755882135583306,5.7545238308143976,-12.904039499309228,-13.610255645457144,-12.610176587903313
291.7963497834438,-48.75126056978751,5.754749692603058,-12.90124703795187,-13.613569096577997,-12.556570031671745
291.8098018352108,-48.74663712374659,5.754975770923682,-12.898453641448949,-13.616879767763374,-12.502903163085744
291.8232511653052,-48.742011797970214,5.755202064708046,-12.895659311238965,-13.620187656368724,-12.44917626408226
291.83669777347,-48.737384592968034,5.755428572887921,-12.892864048761416,-13.623492759750398,-12.3953896165974
291.8501416594496,-48.73275550924969,5.755655294395083,-12.890067855456763,-13.626795075265665,-12.341543502567916
291.86358282298926,-48.72812454732485,5.755882228161308,-12.887270732766417,-13.630094600272743,-12.287638203930788
291.8770212638351,-48.72349170770316,5.756109373118367,-12.884472682132818,-13.63339133213074,-12.233674002622127
291.8904569817344,-48.71885699089427,5.75633672819804,-12.881673704999294,-13.636685268199702,-12.179651180578883
291.9038899764353,-48.71422039740784,5.756564292332096,-12.87887380281019,-13.6399764058406,-12.125570019737635
291.917320247687,-48.70958192775353,5.756792064452312,-12.876072977010795,-13.643264742415322,-12.0714308020352
291.9307477952395,-48.704941582440966,5.757020043490463,-12.873271229047381,-13.64655027528666,-12.01723380940789
291.9441726188438,-48.700299361979795,5.757248228378322,-12.870468560367158,-13.649833001818337,-11.962979323792283
291.9575947182521,-48.69565526687968,5.757476618047665,-12.867664972418304,-13.653112919375008,-11.908667627125261
291.97101409321743,-48.69100929765025,5.757705211430268,-12.864860466649942,-13.656390025322242,-11.854299001343643
291.9844307434936,-48.686361454801144,5.7579340074579015,-12.862055044512195,-13.659664317026508,-11.799873728383298
291.9978446688358,-48.681711738842,5.758163005062343,-12.859248707456052,-13.662935791855231,-11.745392090181753
292.01125586899974,-48.67706015028244,5.758392203175366,-12.856441456933554,-13.666204447176732,-11.690854368675181
292.0246643437425,-48.67240668963213,5.758621600728745,-12.853633294397627,-13.669470280360255,-11.636260845800164
292.0380700928217,-48.66775135740067,5.7588511966542555,-12.850824221302172,-13.672733288775957,-11.581611803493349
292.05147311599643,-48.66309415409766,5.759080989883671,-12.848014239102032,-13.675993469794932,-11.526907523691719
