galstreams/tracks/track.st.Indus.shipp2019.ecsv
# %ECSV 0.9
# ---
# datatype:
# - {name: ra, unit: deg, datatype: float64}
# - {name: dec, unit: deg, datatype: float64}
# - {name: distance, unit: kpc, datatype: float64}
# - {name: pm_ra_cosdec, unit: mas / yr, datatype: float64}
# - {name: pm_dec, unit: mas / yr, datatype: float64}
# - {name: radial_velocity, unit: km / s, datatype: float64}
# delimiter: ','
# meta: !!omap
# - __serialized_columns__:
#     dec:
#       __class__: astropy.coordinates.angles.Latitude
#       unit: &id001 !astropy.units.Unit {unit: deg}
#       value: !astropy.table.SerializedColumn {name: dec}
#     distance:
#       __class__: astropy.coordinates.distances.Distance
#       unit: !astropy.units.Unit {unit: kpc}
#       value: !astropy.table.SerializedColumn {name: distance}
#     pm_dec:
#       __class__: astropy.units.quantity.Quantity
#       unit: !astropy.units.Unit {unit: mas / yr}
#       value: !astropy.table.SerializedColumn {name: pm_dec}
#     pm_ra_cosdec:
#       __class__: astropy.units.quantity.Quantity
#       unit: !astropy.units.Unit {unit: mas / yr}
#       value: !astropy.table.SerializedColumn {name: pm_ra_cosdec}
#     ra:
#       __class__: astropy.coordinates.angles.Longitude
#       unit: *id001
#       value: !astropy.table.SerializedColumn {name: ra}
#       wrap_angle: !astropy.coordinates.Angle
#         unit: *id001
#         value: 360.0
#     radial_velocity:
#       __class__: astropy.units.quantity.Quantity
#       unit: !astropy.units.Unit {unit: km / s}
#       value: !astropy.table.SerializedColumn {name: radial_velocity}
# schema: astropy-2.0
ra,dec,distance,pm_ra_cosdec,pm_dec,radial_velocity
[from data line 691]
332.3407060323554,-57.02300432668953,16.600000000009445,2.8781048314113886,-4.870398921991165,5.143404562926024e-11
332.3538069647706,-57.03004165129443,16.60000000000944,2.879011486322325,-4.870410199265951,3.8903944140010204e-11
332.3669119653882,-57.037078053498334,16.600000000009437,2.8799186162948565,-4.8704213456097705,2.6373842650760165e-11
332.3800210364402,-57.044113532683276,16.600000000009437,2.8808262216202563,-4.8704323606753785,1.3843741161510123e-11
332.39313418015973,-57.051148088230946,16.600000000009437,2.8817343025898836,-4.870443244115162,1.448371946338042e-12
332.4062513987804,-57.058181719522466,16.60000000000943,2.882642859495123,-4.870453995581167,-1.1149095679950975e-11
332.4193726945371,-57.065214425938564,16.600000000009434,2.8835518926274393,-4.870464614725063,-2.3611831032162036e-11
332.43249806966537,-57.072246206859525,16.600000000009427,2.884461402278343,-4.87047510119818,-3.604088331585361e-11
332.4456275264017,-57.07927706166511,16.600000000009427,2.8853713887394052,-4.870485454651479,-4.8570984805103646e-11
332.45876106698364,-57.086306989734815,16.600000000009427,2.8862818523022655,-4.870495674735554,-6.100003708879521e-11
332.47189869364934,-57.093335990447514,16.60000000000942,2.8871927932586083,-4.870505761100658,-7.353013857804526e-11
332.48504040863816,-57.10036406318169,16.60000000000942,2.8881042119001803,-4.870515713396665,-8.589182472469785e-11
332.49818621418996,-57.10739120731539,16.600000000009416,2.8890161085187804,-4.870525531273107,-9.835456007690891e-11
332.51133611254573,-57.11441742222615,16.600000000009413,2.889928483406271,-4.870535214379145,-1.1081729542911997e-10
332.52449010594756,-57.121442707291195,16.600000000009413,2.890841336854574,-4.870544762363578,-1.2317898157577257e-10
332.53764819663803,-57.12846706188717,16.60000000000941,2.89175466915566,-4.870554174874851,-1.3550698465390566e-10
332.55081038686075,-57.135490485390314,16.60000000000941,2.8926684806015563,-4.8705634515610425,-1.4796972000611672e-10
332.5639766788603,-57.142512977176416,16.60000000000941,2.8935827714843487,-4.870572592069872,-1.6033140615276933e-10
332.5771470748821,-57.14953453662078,16.600000000009402,2.8944975420961816,-4.870581596048702,-1.7259204309386343e-10
332.5903215771724,-57.15655516309836,16.6000000000094,2.89541279272925,-4.8705904631445165,-1.8495372924051604e-10
332.60350018797845,-57.16357485598355,16.6000000000094,2.8963285236758063,-4.870599193003955,-1.9728173231864913e-10
332.6166829095482,-57.17059361465035,16.6000000000094,2.8972447352281607,-4.870607785273287,-2.0960973539678225e-10
332.6298697441308,-57.177611438472276,16.600000000009395,2.898161427678675,-4.870616239598416,-2.2203878768047382e-10
332.643060693976,-57.18462832682242,16.600000000009395,2.899078601319764,-4.870624555624882,-2.3433310769008744e-10
332.6562557613344,-57.19164427907335,16.60000000000939,2.899996256443904,-4.870632732997876,-2.465600615626621e-10
332.6694549484578,-57.19865929459735,16.600000000009388,2.9009143933436223,-4.8706407713622015,-2.5885438157227566e-10
332.6826582575987,-57.20567337276609,16.60000000000939,2.901833012311496,-4.870648670362315,-2.711487015818893e-10
332.69586569101034,-57.21268651295082,16.600000000009388,2.9027521136401644,-4.870656429642301,-2.835103877285419e-10
332.7090772509471,-57.21969871452237,16.600000000009388,2.903671697622314,-4.87066404884588,-2.9573734160111653e-10
332.722292939664,-57.22670997685107,16.600000000009384,2.90459176455068,-4.870671527616413,-3.078969293366522e-10
332.73551275941725,-57.233720299306874,16.600000000009384,2.9055123147180675,-4.870678865596884,-3.2019124934626576e-10
332.74873671246365,-57.24072968125922,16.600000000009377,2.9064333484173233,-4.8706860624299235,-3.325192524243989e-10
332.7619648010611,-57.247738122077095,16.60000000000938,2.907354865941346,-4.8706931177577815,-3.4464515709141505e-10
332.7751970274681,-57.25474562112903,16.600000000009377,2.9082768675830923,-4.870700031222357,-3.568047448269507e-10
332.7884333939443,-57.26175217778309,16.600000000009373,2.9091993536355556,-4.870706802465175,-3.6906538176804484e-10
332.80167390275017,-57.268757791406955,16.60000000000937,2.9101223243918133,-4.870713431127392,-3.812923356406195e-10
332.81491855614695,-57.27576246136778,16.600000000009366,2.9110457801449647,-4.870719916849796,-3.935192895131941e-10
332.828167356397,-57.28276618703228,16.600000000009366,2.911969721188177,-4.8707262592728116,-4.055441449746518e-10
332.8414203057632,-57.2897689677667,16.600000000009363,2.91289414781466,-4.870732458036493,-4.1773741577870696e-10
332.85467740650967,-57.296770802936834,16.600000000009363,2.9138190603176817,-4.870738512780528,-4.299643696512816e-10
332.867938660901,-57.303771691908004,16.600000000009363,2.914744458990547,-4.870744423144233,-4.419892251127393e-10
332.8812040712032,-57.31077163404516,16.600000000009363,2.915670344126638,-4.870750188766557,-4.5414881284827495e-10
332.8944736396827,-57.31777062871268,16.600000000009356,2.9165967160193667,-4.87075580928608,-4.662747175152911e-10
332.9077473686069,-57.324768675274576,16.600000000009356,2.9175235749621953,-4.870761284341009,-4.782995729767489e-10
332.9210252602443,-57.3317657730943,16.600000000009352,2.91845092124865,-4.870766613569187,-4.904928437808039e-10
332.9343073168639,-57.33876192153489,16.600000000009356,2.9193787551722874,-4.870771796608086,-5.025513823107812e-10
332.947593540736,-57.34575711995901,16.600000000009352,2.920307077026738,-4.870776833094797,-5.146436039092778e-10
332.9608839341316,-57.35275136772876,16.600000000009356,2.92123588710566,-4.870781722666049,-5.266010932336966e-10
332.9741784993223,-57.35974466420577,16.60000000000935,2.9221651857027755,-4.870786464958208,-5.387606809692322e-10
332.98747723858094,-57.3667370087513,16.60000000000935,2.9230949731118474,-4.870791059607252,-5.507855364306899e-10
333.00078015418103,-57.37372840072601,16.600000000009345,2.9240252496266788,-4.8707955062487995,-5.629114410977061e-10
333.01408724839723,-57.38071883949031,16.600000000009345,2.924956015541152,-4.870799804518085,-5.747678812165663e-10
333.0273985235047,-57.387708324403945,16.60000000000934,2.925887271149163,-4.870803954049984,-5.868937858835825e-10
333.0407139817797,-57.39469685482629,16.600000000009345,2.9268190167446773,-4.8708079544789875,-5.988849582765207e-10
333.05403362549924,-57.401684430116255,16.60000000000934,2.927751252621701,-4.870811805439226,-6.109098137379784e-10
333.06735745694124,-57.408671049632225,16.60000000000934,2.928683979074282,-4.870815506564446,-6.228336199938776e-10
333.0806854783847,-57.41565671273226,16.600000000009345,2.9296171963965327,-4.870819057488022,-6.348247923868158e-10
333.0940176921091,-57.42264141877383,16.60000000000934,2.930550904882592,-4.870822457842957,-6.467822817112346e-10
333.10735410039507,-57.42962516711397,16.60000000000934,2.9314851048266615,-4.870825707261884,-6.587397710356532e-10
333.12069470552404,-57.43660795710927,16.600000000009334,2.9324197965229852,-4.870828805377052,-6.70764626497111e-10
333.13403950977835,-57.44358978811585,16.600000000009334,2.933354980265849,-4.870831751820339,-6.825873835474518e-10
333.147388515441,-57.45057065948933,16.600000000009338,2.9342906563495808,-4.870834546223251,-6.944775067348314e-10
333.16074172479614,-57.45755057058496,16.600000000009334,2.935226825068575,-4.870837188216916,-7.064349960592502e-10
333.17409914012865,-57.46452952075743,16.600000000009334,2.936163486717251,-4.870839677432082,-7.1832511924663e-10
333.1874607637243,-57.471507509361004,16.60000000000933,2.9371006415900816,-4.8708420134991295,-7.301815593654902e-10
333.2008265978696,-57.47848453574947,16.60000000000933,2.9380382899815842,-4.870844196048059,-7.421390486899089e-10
333.21419664485205,-57.48546059927613,16.600000000009327,2.9389764321863185,-4.870846224708489,-7.538270734661717e-10
333.2275709069601,-57.492435699293885,16.60000000000933,2.9399150684988955,-4.870848099109668,-7.657845627905904e-10
333.240949386483,-57.49940983515511,16.60000000000933,2.940854199213971,-4.870849818880458,-7.776073198409312e-10
333.25433208571064,-57.50638300621175,16.600000000009327,2.9417938246262345,-4.8708513836493585,-7.893963938227525e-10
333.26771900693416,-57.5133552118152,16.600000000009324,2.9427339450304313,-4.8708527930444765,-8.013202000786517e-10
333.28111015244514,-57.52032645131647,16.600000000009327,2.9436745607213313,-4.870854046693548,-8.130755909919535e-10
333.2945055245364,-57.52729672406614,16.600000000009327,2.9446156719937786,-4.870855144223931,-8.249657141793333e-10
333.3079051255015,-57.53426602941421,16.600000000009324,2.945557279142638,-4.870856085262593,-8.36721105092635e-10
333.32130895763476,-57.54123436671027,16.600000000009324,2.9464993824628243,-4.870856869436138,-8.484764960059368e-10
333.33471702323135,-57.54820173530345,16.600000000009324,2.947441982249291,-4.870857496370784,-8.602318869192386e-10
333.3481293245874,-57.55516813454232,16.60000000000932,2.948385078797032,-4.870857965692369,-8.720546439695794e-10
333.36154586400005,-57.56213356377517,16.60000000000932,2.9493286724011063,-4.870858277026344,-8.836416195402837e-10
333.37496664376687,-57.56909802234962,16.60000000000932,2.9502727633565806,-4.870858429997791,-8.954980596591439e-10
333.3883916661867,-57.57606150961295,16.600000000009313,2.951217351958589,-4.8708584242314075,-9.071524013668873e-10
333.401820933559,-57.58302402491189,16.600000000009317,2.95216243850229,-4.8708582593515075,-9.190088414857475e-10
333.4152544481842,-57.589985567592755,16.60000000000932,2.953108023282902,-4.870857934982021,-9.307305493305298e-10
333.4286922123635,-57.596946137001304,16.600000000009317,2.9540541065956645,-4.870857450746504,-9.423175249012342e-10
333.442134228399,-57.603905732482964,16.600000000009317,2.9550006887358755,-4.870856806268122,-9.54072915814536e-10
333.4555804985938,-57.610864353382574,16.600000000009313,2.9559477699988648,-4.870856001169666,-9.657272575222792e-10
333.4690310252516,-57.617821999044544,16.600000000009313,2.95689535068,-4.870855035073536,-9.774489653670616e-10
333.4824858106771,-57.624778668812795,16.600000000009313,2.9578434310746977,-4.870853907601755,-9.889348917322075e-10
333.49594485717563,-57.63173436203075,16.600000000009313,2.958792011478395,-4.8708526183759675,-1.0005892334399508e-09
333.5094081670538,-57.63868907804146,16.600000000009313,2.959741092186594,-4.870851167017418,-1.012310941284733e-09
333.5228757426188,-57.6456428161874,16.600000000009313,2.9606906734948257,-4.870849553146981,-1.0238642337869179e-09
333.5363475861786,-57.65259557581061,16.600000000009317,2.961640755698653,-4.870847776385142,-1.0356196247002197e-09
333.54982370004217,-57.65954735625264,16.60000000000931,2.9625913390936907,-4.870845836352006,-1.0471729172024044e-09
333.5633040865192,-57.666498156854544,16.60000000000931,2.9635424239755697,-4.870843732667289,-1.0587262097045894e-09
333.57678874792055,-57.67344797695699,16.600000000009313,2.9644940106399913,-4.870841464950316,-1.0703468683438132e-09
333.5902776865575,-57.680396815900096,16.60000000000931,2.96544609938267,-4.870839032820037,-1.081967526983037e-09
333.6037709047424,-57.68734467302353,16.60000000000931,2.966398690499367,-4.87083643589501,-1.0933860872111439e-09
333.6172684047885,-57.69429154766644,16.60000000000931,2.967351784285881,-4.870833673793412,-1.1050067458503677e-09
333.63077018900964,-57.7012374391675,16.600000000009306,2.96830538103804,-4.870830746133031,-1.116526355284033e-09
333.64427625972087,-57.70818234686503,16.600000000009306,2.969259481051729,-4.870827652531261,-1.1279785985806594e-09
333.65778661923775,-57.71512627009674,16.60000000000931,2.970214084622845,-4.870824392605121,-1.1395655741513638e-09
333.67130126987695,-57.7220692081999,16.600000000009306,2.97116919204734,-4.870820965971234,-1.1509167682424317e-09
333.6848202139558,-57.72901116051129,16.60000000000931,2.972124803621189,-4.870817372245841,-1.162571109950175e-09
333.6983434537926,-57.73595212636725,16.600000000009306,2.9730809196404167,-4.870813611044787,-1.1739896701782818e-09
333.71187099170623,-57.74289210510356,16.600000000009306,2.9740375404010626,-4.870809681983545,-1.1855429626804668e-09
333.7254028300169,-57.74983109605568,16.600000000009302,2.9749946661992315,-4.870805584677175,-1.1969615229085735e-09
333.73893897104523,-57.75676909855842,16.600000000009302,2.975952297331038,-4.870801318740365,-1.2085148154107585e-09
333.7524794171128,-57.76370611194623,16.600000000009306,2.976910434092642,-4.87079688378741,-1.2198996925703458e-09
333.7660241705422,-57.770642135552976,16.600000000009306,2.977869076780241,-4.870792279432216,-1.2312845697299332e-09
333.7795732336565,-57.7775771687121,16.60000000000931,2.978828225690044,-4.8707875052883,-1.2427031299580402e-09
333.79312660878,-57.7845112107566,16.600000000009306,2.9797878811183365,-4.870782560968783,-1.254189056323186e-09
333.80668429823766,-57.79144426101897,16.60000000000931,2.980748043361399,-4.870777446086401,-1.265540250414254e-09
333.8202463043553,-57.79837631883115,16.60000000000931,2.981708712715564,-4.870772160253495,-1.276958810642361e-09
333.83381262945943,-57.805307383524706,16.600000000009302,2.9826698894771937,-4.870766703082023,-1.2883100047334288e-09
333.8473832758776,-57.8122374544306,16.600000000009302,2.9836315739426786,-4.870761074183543,-1.299627515755977e-09
333.8609582459381,-57.81916653087947,16.600000000009306,2.9845937664084543,-4.87075527316922,-1.3110123929155646e-09
333.8745375419702,-57.82609461220136,16.600000000009306,2.9855564671709756,-4.870749299649835,-1.3223635870066325e-09
333.88812116630373,-57.83302169772584,16.600000000009302,2.9865196765267354,-4.870743153235768,-1.3337484641662199e-09
333.9017091212697,-57.83994778678203,16.600000000009306,2.9874833947722603,-4.870736833537012,-1.3449312429146904e-09
333.9153014091995,-57.846872878698534,16.600000000009306,2.9884476222041036,-4.870730340163168,-1.3562824370057583e-09
333.92889803242576,-57.85379697280344,16.600000000009306,2.9894123591188464,-4.870723672723443,-1.3675999480283067e-09
333.9424989932819,-57.860720068424506,16.600000000009302,2.9903776058131184,-4.870716830826642,-1.3788837759823356e-09
333.9561042941019,-57.867642164888835,16.600000000009302,2.9913433625835673,-4.870709814081185,-1.3901002377993255e-09
333.96971393722083,-57.87456326152312,16.600000000009302,2.9923096297268614,-4.870702622095093,-1.401485114958913e-09
333.98332792497445,-57.88148335765358,16.600000000009306,2.993276407539721,-4.870695254475996,-1.4126678937073835e-09
333.99694625969937,-57.88840245260584,16.600000000009306,2.9942436963188825,-4.87068771083113,-1.423918038592893e-09
334.0105689437332,-57.89532054570524,16.600000000009302,2.995211496361118,-4.870679990767329,-1.4351681834784023e-09
334.0241959794141,-57.90223763627647,16.600000000009306,2.9961798079632276,-4.870672093891031,-1.4463172791583534e-09
334.03782736908124,-57.90915372364377,16.600000000009306,2.9971486314220326,-4.870664019808291,-1.4575674240438627e-09
334.05146311507457,-57.91606880713093,16.60000000000931,2.998117967034391,-4.870655768124754,-1.4688512519978917e-09
334.0651032197348,-57.922982886061156,16.600000000009306,2.999087815097192,-4.8706473384456785,-1.4799329815408037e-09
334.07874768540364,-57.92989595975735,16.60000000000931,3.000058175907352,-4.870638730375914,-1.4910820772207546e-09
334.09239651442346,-57.93680802754175,16.600000000009306,3.0010290497618097,-4.870629943519923,-1.502264855969225e-09
334.1060497091375,-57.943719088736195,16.600000000009306,3.002000436957535,-4.870620977481773,-1.5134476347176956e-09
334.1197072718898,-57.950629142662,16.60000000000931,3.0029723377915203,-4.870611831865118,-1.524630413466166e-09
334.13336920502525,-57.95753818863995,16.60000000000931,3.003944752560794,-4.870602506273236,-1.535779509146117e-09
