galstreams/tracks/track.st.M30.sollima2020.ecsv
# %ECSV 1.0
# ---
# datatype:
# - {name: ra, unit: deg, datatype: float64}
# - {name: dec, unit: deg, datatype: float64}
# - {name: distance, unit: kpc, datatype: float64}
# - {name: pm_ra_cosdec, unit: mas / yr, datatype: float64}
# - {name: pm_dec, unit: mas / yr, datatype: float64}
# - {name: radial_velocity, unit: km / s, datatype: float64}
# delimiter: ','
# meta: !!omap
# - __serialized_columns__:
#     dec:
#       __class__: astropy.coordinates.angles.Latitude
#       unit: &id001 !astropy.units.Unit {unit: deg}
#       value: !astropy.table.SerializedColumn {name: dec}
#     distance:
#       __class__: astropy.coordinates.distances.Distance
#       unit: !astropy.units.Unit {unit: kpc}
#       value: !astropy.table.SerializedColumn {name: distance}
#     pm_dec:
#       __class__: astropy.units.quantity.Quantity
#       unit: !astropy.units.Unit {unit: mas / yr}
#       value: !astropy.table.SerializedColumn {name: pm_dec}
#     pm_ra_cosdec:
#       __class__: astropy.units.quantity.Quantity
#       unit: !astropy.units.Unit {unit: mas / yr}
#       value: !astropy.table.SerializedColumn {name: pm_ra_cosdec}
#     ra:
#       __class__: astropy.coordinates.angles.Longitude
#       unit: *id001
#       value: !astropy.table.SerializedColumn {name: ra}
#       wrap_angle: !astropy.coordinates.Angle
#         unit: *id001
#         value: 360.0
#     radial_velocity:
#       __class__: astropy.units.quantity.Quantity
#       unit: !astropy.units.Unit {unit: km / s}
#       value: !astropy.table.SerializedColumn {name: radial_velocity}
# schema: astropy-2.0
ra,dec,distance,pm_ra_cosdec,pm_dec,radial_velocity
[from data line 491]
325.60926657124145,-23.116812631436485,8.458,0.0,0.0,0.0
325.61942527959565,-23.115258854216993,8.458000000000002,0.0,0.0,0.0
325.62957710784053,-23.11366826975439,8.458000000000004,0.0,0.0,0.0
325.6397219174153,-23.112040169424038,8.458000000000002,0.0,0.0,0.0
325.6498595697221,-23.11037384549292,8.458000000000004,0.0,0.0,0.0
325.6599899261447,-23.10866859121262,8.458000000000004,0.0,0.0,0.0
325.67011284806654,-23.1069237009131,8.458000000000004,0.0,0.0,0.0
325.68022819688946,-23.10513847009692,8.458000000000002,0.0,0.0,0.0
325.6903358340526,-23.10331219553418,8.458000000000004,0.0,0.0,0.0
325.70043562105116,-23.10144417535804,8.458000000000004,0.0,0.0,0.0
325.7105274194557,-23.099533709160813,8.458000000000004,0.0,0.0,0.0
325.7206110909312,-23.09758009809072,8.458000000000004,0.0,0.0,0.0
325.7306864972567,-23.095582644949257,8.458000000000002,0.0,0.0,0.0
325.7407535003448,-23.093540654289093,8.458000000000002,0.0,0.0,0.0
325.7508119622615,-23.09145343251269,8.458000000000004,0.0,0.0,0.0
325.76086174524596,-23.08932028797145,8.458000000000002,0.0,0.0,0.0
325.77090271173097,-23.087140531065504,8.458000000000004,0.0,0.0,0.0
325.7809347243631,-23.08491347434412,8.458000000000004,0.0,0.0,0.0
325.7909576460227,-23.08263843260668,8.458000000000006,0.0,0.0,0.0
325.80097133984543,-23.080314723004328,8.458000000000002,0.0,0.0,0.0
325.8109756692421,-23.077941665142156,8.458000000000004,0.0,0.0,0.0
325.8209704979203,-23.075518581182095,8.458000000000002,0.0,0.0,0.0
325.83095568990524,-23.073044795946277,8.458000000000002,0.0,0.0,0.0
325.84093110956087,-23.070519637021174,8.458000000000002,0.0,0.0,0.0
325.8508966216118,-23.067942434862218,8.458000000000004,0.0,0.0,0.0
325.8608520911645,-23.06531252289906,8.458000000000004,0.0,0.0,0.0
325.87079738372927,-23.062629237641495,8.458000000000004,0.0,0.0,0.0
325.88073236524207,-23.05989191878592,8.458000000000002,0.0,0.0,0.0
325.8906569020868,-23.057099909322453,8.458000000000002,0.0,0.0,0.0
325.9005708611176,-23.054252555642638,8.458000000000002,0.0,0.0,0.0
325.91047410968105,-23.05134920764777,8.458000000000004,0.0,0.0,0.0
325.92036651563893,-23.048389218857835,8.458000000000002,0.0,0.0,0.0
325.9302479473911,-23.04537194652104,8.458000000000004,0.0,0.0,0.0
325.9401182738981,-23.042296751723953,8.458000000000004,0.0,0.0,0.0
325.94997736470486,-23.039162999502288,8.458000000000002,0.0,0.0,0.0
325.95982508996326,-23.035970058952255,8.458000000000004,0.0,0.0,0.0
325.9696613204561,-23.03271730334256,8.458000000000004,0.0,0.0,0.0
325.97948592762015,-23.02940411022697,8.458000000000004,0.0,0.0,0.0
325.9892987835707,-23.02602986155753,8.458000000000004,0.0,0.0,0.0
325.9990997611246,-23.02259394379836,8.458000000000004,0.0,0.0,0.0
326.008888733825,-23.019095748040073,8.458000000000002,0.0,0.0,0.0
326.01866557596514,-23.01553467011481,8.458000000000004,0.0,0.0,0.0
326.028430162613,-23.011910110711888,8.458000000000002,0.0,0.0,0.0
326.0381823696357,-23.00822147549401,8.458000000000004,0.0,0.0,0.0
326.04792207372446,-23.004468175214154,8.458000000000006,0.0,0.0,0.0
326.05764915241906,-23.00064962583303,8.458000000000002,0.0,0.0,0.0
326.06736348413347,-22.99676524863715,8.458000000000004,0.0,0.0,0.0
326.07706494818024,-22.99281447035751,8.458000000000002,0.0,0.0,0.0
326.0867534247966,-22.988796723288903,8.458000000000002,0.0,0.0,0.0
326.0964287951696,-22.9847114454098,8.458000000000002,0.0,0.0,0.0
326.1060909414617,-22.98055808050289,8.458000000000002,0.0,0.0,0.0
326.11573974683665,-22.976336078276177,8.458000000000002,0.0,0.0,0.0
326.1253750954858,-22.97204489448473,8.458000000000004,0.0,0.0,0.0
326.1349968726536,-22.967683991053008,8.458000000000004,0.0,0.0,0.0
326.1446049646644,-22.963252836197842,8.458000000000004,0.0,0.0,0.0
326.1541992589484,-22.95875090455198,8.458000000000002,0.0,0.0,0.0
326.1637796440689,-22.954177677288246,8.458000000000004,0.0,0.0,0.0
326.17334600974823,-22.949532642244353,8.458000000000002,0.0,0.0,0.0
326.18289824689526,-22.94481529404826,8.458000000000004,0.0,0.0,0.0
326.1924362476322,-22.940025134244213,8.458000000000004,0.0,0.0,0.0
326.20195990532164,-22.93516167141929,8.458000000000004,0.0,0.0,0.0
326.2114691145941,-22.930224421330717,8.458000000000004,0.0,0.0,0.0
326.2209637713754,-22.925212907033625,8.458000000000004,0.0,0.0,0.0
326.2304437729144,-22.920126659009505,8.458000000000002,0.0,0.0,0.0
326.2399090178105,-22.91496521529528,8.458000000000004,0.0,0.0,0.0
326.2493594060419,-22.909728121612943,8.458000000000002,0.0,0.0,0.0
326.25879483899337,-22.904414931499836,8.458000000000002,0.0,0.0,0.0
326.26821521948466,-22.899025206439543,8.458000000000004,0.0,0.0,0.0
326.2776204517989,-22.89355851599336,8.458000000000004,0.0,0.0,0.0
326.28701044171055,-22.888014437932412,8.458000000000006,0.0,0.0,0.0
326.29638509651494,-22.882392558370334,8.458000000000002,0.0,0.0,0.0
326.3057443250562,-22.876692471896632,8.458000000000007,0.0,0.0,0.0
326.3150880377567,-22.8709137817106,8.458000000000004,0.0,0.0,0.0
326.324416146646,-22.865056099755833,8.458000000000006,0.0,0.0,0.0
326.33372856538966,-22.85911904685543,8.458000000000004,0.0,0.0,0.0
326.34302520931936,-22.85310225284771,8.458000000000004,0.0,0.0,0.0
326.35230599546156,-22.84700535672259,8.458000000000004,0.0,0.0,0.0
326.3615708425675,-22.840828006758596,8.458000000000006,0.0,0.0,0.0
326.37081967114307,-22.834569860660427,8.458000000000006,0.0,0.0,0.0
326.3800524034784,-22.82823058569718,8.458000000000006,0.0,0.0,0.0
326.3892689636779,-22.821809858841128,8.458000000000006,0.0,0.0,0.0
326.3984692776907,-22.815307366907174,8.458000000000004,0.0,0.0,0.0
326.4076532733406,-22.808722806692884,8.458000000000004,0.0,0.0,0.0
326.4168208803566,-22.802055885119117,8.458000000000006,0.0,0.0,0.0
326.42597203040356,-22.795306319371278,8.458000000000006,0.0,0.0,0.0
326.43510665711267,-22.788473837041213,8.458000000000004,0.0,0.0,0.0
326.4442246961123,-22.781558176269645,8.458000000000004,0.0,0.0,0.0
326.453326085059,-22.774559085889276,8.458000000000006,0.0,0.0,0.0
326.4624107636688,-22.76747632556851,8.458000000000006,0.0,0.0,0.0
326.47147867374775,-22.760309665955713,8.458000000000006,0.0,0.0,0.0
326.4805297592237,-22.75305888882417,8.458000000000006,0.0,0.0,0.0
326.48956396617785,-22.74572378721761,8.458000000000004,0.0,0.0,0.0
326.49858124287596,-22.73830416559632,8.458000000000006,0.0,0.0,0.0
326.5075815398002,-22.730799839983916,8.458000000000006,0.0,0.0,0.0
326.51656480968103,-22.723210638114722,8.458000000000006,0.0,0.0,0.0
326.5255310075289,-22.715536399581698,8.458000000000006,0.0,0.0,0.0
326.53448009066665,-22.707776975985073,8.458000000000006,0.0,0.0,0.0
326.5434120187614,-22.699932231081505,8.458000000000004,0.0,0.0,0.0
326.55232675385696,-22.692002040933893,8.458000000000004,0.0,0.0,0.0
326.5612242604062,-22.68398629406181,8.458000000000006,0.0,0.0,0.0
326.5701045053037,-22.675884891592517,8.458000000000006,0.0,0.0,0.0
326.5789674579182,-22.667697747412603,8.458000000000006,0.0,0.0,0.0
326.58781309012556,-22.659424788320244,8.458000000000004,0.0,0.0,0.0
326.5966413763418,-22.651065954178048,8.458000000000004,0.0,0.0,0.0
326.60545229355546,-22.642621198066532,8.458000000000006,0.0,0.0,0.0
326.61424582136146,-22.634090486438225,8.458000000000007,0.0,0.0,0.0
326.6230219419939,-22.625473799272346,8.458000000000006,0.0,0.0,0.0
326.63178064035964,-22.616771130230102,8.458000000000004,0.0,0.0,0.0
326.6405219040717,-22.60798248681063,8.458000000000004,0.0,0.0,0.0
326.6492457234825,-22.599107890507483,8.458000000000004,0.0,0.0,0.0
326.6579520917183,-22.590147376965838,8.458000000000004,0.0,0.0,0.0
326.66664100471223,-22.581100996140176,8.458000000000006,0.0,0.0,0.0
326.67531246123866,-22.571968812452692,8.458000000000006,0.0,0.0,0.0
326.6839664629472,-22.562750904952242,8.458000000000004,0.0,0.0,0.0
326.6926030143966,-22.553447367473943,8.458000000000007,0.0,0.0,0.0
326.7012221230891,-22.544058308799364,8.458000000000006,0.0,0.0,0.0
326.70982379950516,-22.534583852817338,8.458000000000004,0.0,0.0,0.0
326.7184080571373,-22.52502413868538,8.458000000000004,0.0,0.0,0.0
326.72697491252507,-22.515379320991713,8.458000000000006,0.0,0.0,0.0
326.7355243852898,-22.505649569917914,8.458000000000006,0.0,0.0,0.0
326.7440564981691,-22.495835071402162,8.458000000000007,0.0,0.0,0.0
326.7525712770519,-22.485936027303115,8.458000000000006,0.0,0.0,0.0
326.7610687510138,-22.475952655564374,8.458000000000004,0.0,0.0,0.0
326.7695489523515,-22.465885190379584,8.458000000000006,0.0,0.0,0.0
326.77801191661865,-22.455733882358118,8.458000000000006,0.0,0.0,0.0
326.78645768266097,-22.445498998691395,8.458000000000006,0.0,0.0,0.0
326.79488629265165,-22.435180823319794,8.458000000000004,0.0,0.0,0.0
326.8032977921269,-22.424779657100206,8.458000000000007,0.0,0.0,0.0
326.8116922300217,-22.414295817974168,8.458000000000004,0.0,0.0,0.0
326.8200696587058,-22.403729641136593,8.458000000000006,0.0,0.0,0.0
326.82843013401873,-22.3930814792052,8.458000000000004,0.0,0.0,0.0
326.83677371530706,-22.382351702390405,8.458000000000006,0.0,0.0,0.0
326.84510046545944,-22.371540698665992,8.458000000000006,0.0,0.0,0.0
326.8534104509434,-22.360648873940274,8.458000000000004,0.0,0.0,0.0
326.86170374184127,-22.349676652227906,8.458000000000006,0.0,0.0,0.0
326.8699804118869,-22.338624475822307,8.458000000000004,0.0,0.0,0.0
326.8782405385022,-22.327492805468697,8.458000000000004,0.0,0.0,0.0
326.88648420283357,-22.316282120537757,8.458000000000006,0.0,0.0,0.0
326.8947114897886,-22.304992919199854,8.458000000000006,0.0,0.0,0.0
326.9029224880734,-22.293625718599927,8.458000000000004,0.0,0.0,0.0
326.911117290229,-22.282181055032968,8.458000000000006,0.0,0.0,0.0
326.9192959926688,-22.270659484120102,8.458000000000004,0.0,0.0,0.0
326.92745869571564,-22.25906158098527,8.458000000000004,0.0,0.0,0.0
326.935605503639,-22.24738794043257,8.458000000000006,0.0,0.0,0.0
326.9437365246928,-22.235639177124153,8.458000000000006,0.0,0.0,0.0
326.9518518711523,-22.223815925758768,8.458000000000006,0.0,0.0,0.0
326.9599516593525,-22.211918841250878,8.458000000000007,0.0,0.0,0.0
326.96803600972527,-22.199948598910453,8.458000000000006,0.0,0.0,0.0
326.9761050468375,-22.187905894623285,8.458000000000006,0.0,0.0,0.0
326.98415889942925,-22.175791445031976,8.458000000000007,0.0,0.0,0.0
326.99219770045147,-22.163605987717542,8.458000000000006,0.0,0.0,0.0
327.00022158710453,-22.151350281381575,8.458000000000006,0.0,0.0,0.0
327.00823070087665,-22.139025106029035,8.458000000000006,0.0,0.0,0.0
327.016225187582,-22.1266312631517,8.458000000000006,0.0,0.0,0.0
327.0242051973997,-22.11416957591215,8.458000000000006,0.0,0.0,0.0
327.03217088491226,-22.1016408893284,8.458000000000007,0.0,0.0,0.0
327.0401224091446,-22.089046070459162,8.458000000000006,0.0,0.0,0.0
327.0480599336029,-22.076386008589658,8.458000000000007,0.0,0.0,0.0
327.0559836263137,-22.063661615418106,8.458000000000007,0.0,0.0,0.0
327.06389365986354,-22.05087382524276,8.458000000000006,0.0,0.0,0.0
327.0717902114375,-22.038023595149596,8.458000000000007,0.0,0.0,0.0
327.07967346285955,-22.025111905200603,8.458000000000006,0.0,0.0,0.0
327.08754360063153,-22.012139758622634,8.458000000000006,0.0,0.0,0.0
327.0954008159735,-21.99910818199696,8.458000000000007,0.0,0.0,0.0
327.1032453048632,-21.986018225449325,8.458000000000007,0.0,0.0,0.0
327.11107726807614,-21.97287096284068,8.458000000000007,0.0,0.0,0.0
327.1188969112261,-21.95966749195852,8.458000000000007,0.0,0.0,0.0
327.1267044448051,-21.94640893470878,8.458000000000006,0.0,0.0,0.0
327.13450008422416,-21.93309643730839,8.458000000000007,0.0,0.0,0.0
327.1422840498538,-21.919731170478403,8.458000000000007,0.0,0.0,0.0
327.1500565670649,-21.906314329637766,8.458000000000006,0.0,0.0,0.0
327.15781786626945,-21.89284713509765,8.458000000000006,0.0,0.0,0.0
327.1655681829619,-21.87933083225642,8.458000000000007,0.0,0.0,0.0
327.1733077577603,-21.86576669179521,8.458000000000007,0.0,0.0,0.0
327.1810368364477,-21.852156009874072,8.458000000000007,0.0,0.0,0.0
327.18875567001373,-21.83850010832879,8.458000000000007,0.0,0.0,0.0
327.19646451469634,-21.824800334868225,8.458000000000007,0.0,0.0,0.0
327.2041636320239,-21.811058063272316,8.458000000000006,0.0,0.0,0.0
327.21185328885696,-21.79727469359069,8.458000000000006,0.0,0.0,0.0
327.2195337574309,-21.783451652341817,8.458000000000009,0.0,0.0,0.0
327.22720531539795,-21.769590392712857,8.458000000000007,0.0,0.0,0.0
327.23486824587036,-21.755692394760025,8.458000000000006,0.0,0.0,0.0
327.2425228374626,-21.74175916560962,8.458000000000006,0.0,0.0,0.0
327.25016938433504,-21.72779223965962,8.458000000000007,0.0,0.0,0.0
327.25780818623656,-21.71379317878191,8.458000000000007,0.0,0.0,0.0
327.26543954854833,-21.69976357252507,8.458000000000007,0.0,0.0,0.0
327.2730637823272,-21.68570503831783,8.458000000000006,0.0,0.0,0.0
327.2806812043497,-21.67161922167304,8.458000000000006,0.0,0.0,0.0
327.2882921371559,-21.657507796392327,8.458000000000007,0.0,0.0,0.0
327.2958969090938,-21.643372464771293,8.458000000000007,0.0,0.0,0.0
327.3034958543636,-21.629214957805353,8.458000000000007,0.0,0.0,0.0
327.3110893130624,-21.615037035396117,8.458000000000007,0.0,0.0,0.0
327.3186776312293,-21.600840486558454,8.458000000000007,0.0,0.0,0.0
327.32626116089034,-21.586627129628074,8.458000000000007,0.0,0.0,0.0
327.33384026010395,-21.572398812469785,8.458000000000006,0.0,0.0,0.0
327.34141529300643,-21.55815741268623,8.458000000000006,0.0,0.0,0.0
327.34898662985796,-21.543904837827405,8.458000000000006,0.0,0.0,0.0
327.35655464708867,-21.52964302560058,8.458000000000006,0.0,0.0,0.0
327.36411972734487,-21.515373944080935,8.458000000000007,0.0,0.0,0.0
327.3716822595359,-21.501099591922788,8.458000000000006,0.0,0.0,0.0
327.3792426388807,-21.486821998571333,8.458000000000007,0.0,0.0,0.0
327.38680126695533,-21.472543224475096,8.458000000000007,0.0,0.0,0.0
327.39435855174,-21.45826536129889,8.458000000000007,0.0,0.0,0.0
327.4019149076674,-21.44399053213738,8.458000000000006,0.0,0.0,0.0
327.4094707556698,-21.429720891729293,8.458000000000007,0.0,0.0,0.0
327.4170265232282,-21.41545862667218,8.458000000000006,0.0,0.0,0.0
327.4245826444204,-21.401205955637746,8.458000000000006,0.0,0.0,0.0
327.4321395599704,-21.386965129587825,8.458000000000007,0.0,0.0,0.0
327.4396977172969,-21.372738431990932,8.458000000000007,0.0,0.0,0.0
327.4472575705636,-21.358528179039375,8.458000000000006,0.0,0.0,0.0
327.45481958072855,-21.344336719866988,8.458000000000007,0.0,0.0,0.0
327.4623842155947,-21.330166436767446,8.458000000000007,0.0,0.0,0.0
327.46995194986005,-21.316019745413158,8.458000000000007,0.0,0.0,0.0
327.477523265169,-21.30189909507476,8.458000000000007,0.0,0.0,0.0
327.48509865016314,-21.287806968841203,8.458000000000004,0.0,0.0,0.0
327.49267860053334,-21.27374588384039,8.458000000000006,0.0,0.0,0.0
327.5002636190713,-21.259718391460442,8.458000000000004,0.0,0.0,0.0
327.5078542157221,-21.245727077571534,8.458000000000006,0.0,0.0,0.0
327.5154509076371,-21.231774562748296,8.458000000000004,0.0,0.0,0.0
327.52305421922665,-21.21786350249282,8.458000000000004,0.0,0.0,0.0
327.5306646822142,-21.203996587458263,8.458000000000006,0.0,0.0,0.0
327.53828283568964,-21.19017654367298,8.458000000000006,0.0,0.0,0.0
327.54590922616427,-21.176406132765294,8.458000000000006,0.0,0.0,0.0
327.5535444076251,-21.1626881521888,8.458000000000006,0.0,0.0,0.0
327.5611889415905,-21.149025435448298,8.458000000000006,0.0,0.0,0.0
327.56884339716555,-21.135420852326263,8.458000000000004,0.0,0.0,0.0
327.5765083510984,-21.12187730910989,8.458000000000004,0.0,0.0,0.0
327.5841843878369,-21.108397748818767,8.458000000000004,0.0,0.0,0.0
327.59187209958543,-21.094985151433054,8.458000000000004,0.0,0.0,0.0
327.5995720863627,-21.081642534122302,8.458000000000006,0.0,0.0,0.0
327.60728495605997,-21.06837295147478,8.458000000000006,0.0,0.0,0.0
327.61501132449916,-21.055179495727437,8.458000000000006,0.0,0.0,0.0
327.6227518154923,-21.042065296996398,8.458000000000006,0.0,0.0,0.0
327.6305070609012,-21.02903352350804,8.458000000000004,0.0,0.0,0.0
