galstreams/tracks/track.Acheron.grillmair2009.ecsv
# %ECSV 0.9
# ---
# datatype:
# - {name: sc.ra, unit: deg, datatype: float64}
# - {name: sc.dec, unit: deg, datatype: float64}
# - {name: sc.distance, unit: kpc, datatype: float64}
# - {name: width, datatype: float64}
# meta: !!omap
# - __serialized_columns__:
#     sc:
#       __class__: astropy.coordinates.sky_coordinate.SkyCoord
#       dec: !astropy.table.SerializedColumn
#         __class__: astropy.coordinates.angles.Latitude
#         unit: &id001 !astropy.units.Unit {unit: deg}
#         value: !astropy.table.SerializedColumn {name: sc.dec}
#       distance: !astropy.table.SerializedColumn
#         __class__: astropy.coordinates.distances.Distance
#         unit: !astropy.units.Unit {unit: kpc}
#         value: !astropy.table.SerializedColumn {name: sc.distance}
#       frame: icrs
#       ra: !astropy.table.SerializedColumn
#         __class__: astropy.coordinates.angles.Longitude
#         unit: *id001
#         value: !astropy.table.SerializedColumn {name: sc.ra}
#         wrap_angle: !astropy.coordinates.Angle
#           unit: *id001
#           value: 360.0
#       representation_type: spherical
# schema: astropy-2.0
sc.ra sc.dec sc.distance width
[from data line 1605]
242.27410252019934 8.395922821232787 3.6269734743468898 0.9
242.28186693092061 8.402325959518532 3.6270537958371096 0.9
242.28963159798207 8.408728945700112 3.6271341199791247 0.9
242.29739652158418 8.415131779654908 3.6272144467750085 0.9
242.30516170192757 8.421534461260288 3.627294776226837 0.9
242.31292713921286 8.427936990393608 3.6273751083366848 0.9
242.3206928336405 8.434339366932214 3.6274554431066255 0.9
242.3284587854111 8.440741590753428 3.6275357805387354 0.9
242.3362249947253 8.447143661734573 3.627616120635089 0.9
242.34399146178367 8.453545579752962 3.627696463397762 0.9
242.35175818678675 8.459947344685856 3.6277768088288282 0.9
242.35952516993527 8.466348956410565 3.627857156930365 0.9
242.3672924114297 8.472750414804349 3.627937507704445 0.9
242.37505991147074 8.479151719744442 3.6280178611531455 0.9
242.3828276702591 8.485552871108109 3.6280982172785423 0.9
242.39059568799522 8.49195386877255 3.628178576082709 0.9
242.39836396487988 8.498354712615 3.6282589375677228 0.9
242.4061325011137 8.504755402512664 3.6283393017356587 0.9
242.41390129689725 8.511155938342704 3.628419668588592 0.9
242.4216703524314 8.517556319982322 3.6285000381286006 0.9
242.42943966791657 8.523956547308668 3.6285804103577575 0.9
242.43720924355355 8.53035662019888 3.6286607852781403 0.9
242.44497907954312 8.536756538530124 3.628741162891825 0.9
242.45274917608583 8.543156302179503 3.6288215432008877 0.9
242.4605195333824 8.549555911024123 3.628901926207404 0.9
242.46829015163357 8.555955364941095 3.6289823119134508 0.9
242.47606103104002 8.562354663807502 3.6290627003211036 0.9
242.48383217180248 8.568753807500396 3.6291430914324394 0.9
242.4916035741217 8.575152795896859 3.629223485249535 0.9
242.49937523819833 8.581551628873925 3.629303881774465 0.9
242.50714716423317 8.587950306308631 3.6293842810093087 0.9
242.514919352427 8.594348828078 3.6294646829561414 0.9
242.52269180298043 8.600747194059016 3.6295450876170388 0.9
242.53046451609444 8.607145404128698 3.6296254949940803 0.9
242.53823749196957 8.613543458164022 3.6297059050893403 0.9
242.5460107308067 8.619941356041931 3.629786317904897 0.9
242.5537842328066 8.626339097639415 3.6298667334428267 0.9
242.56155799817012 8.632736682833386 3.629947151705208 0.9
242.5693320270979 8.639134111500775 3.630027572694116 0.9
242.57710631979086 8.645531383518518 3.6301079964116294 0.9
242.58488087644972 8.651928498763482 3.6301884228598245 0.9
242.5926556972754 8.658325457112593 3.63026885204078 0.9
242.60043078246866 8.664722258442696 3.6303492839565723 0.9
242.60820613223026 8.671118902630656 3.6304297186092787 0.9
242.61598174676118 8.677515389553344 3.6305101560009776 0.9
242.6237576262622 8.683911719087575 3.630590596133747 0.9
242.63153377093414 8.690307891110171 3.6306710390096635 0.9
242.63931018097782 8.696703905497952 3.630751484630805 0.9
242.64708685659417 8.703099762127712 3.63083193299925 0.9
242.65486379798406 8.70949546087621 3.6309123841170763 0.9
242.66264100534832 8.715891001620246 3.630992837986362 0.9
242.67041847888785 8.72228638423657 3.631073294609185 0.9
242.6781962188036 8.728681608601901 3.6311537539876233 0.9
242.68597422529638 8.735076674593003 3.6312342161237554 0.9
242.6937524985671 8.74147158208656 3.6313146810196595 0.9
242.70153103881674 8.747866330959294 3.6313951486774143 0.9
242.70930984624613 8.754260921087901 3.6314756190990978 0.9
242.71708892105627 8.76065535234903 3.631556092286789 0.9
242.724868263448 8.767049624619373 3.6316365682425653 0.9
242.73264787362243 8.773443737775558 3.631717046968508 0.9
242.74042775178032 8.779837691694224 3.631797528466693 0.9
242.74820789812267 8.786231486252012 3.6318780127392 0.9
242.75598831285052 8.79262512132551 3.6319584997881087 0.9
242.76376899616474 8.79901859679132 3.632038989615497 0.9
242.77154994826634 8.805411912526031 3.6321194822234446 0.9
242.77933116935634 8.811805068406198 3.632199977614031 0.9
242.78711265963562 8.818198064308401 3.632280475789334 0.9
242.79489441930536 8.824590900109161 3.6323609767514347 0.9
242.80267644856636 8.830983575685014 3.6324414805024103 0.9
242.8104587476197 8.837376090912477 3.6325219870443415 0.9
242.81824131666644 8.843768445668056 3.6326024963793078 0.9
242.8260241559076 8.850160639828216 3.632683008509389 0.9
242.83380726554412 8.85655267326946 3.632763523436663 0.9
242.8415906457771 8.862944545868245 3.6328440411632115 0.9
242.8493742968076 8.869336257501002 3.632924561691113 0.9
242.85715821883662 8.875727808044191 3.6330050850224476 0.9
242.8649424120653 8.88211919737421 3.633085611159296 0.9
242.8727268766946 8.888510425367471 3.633166140103737 0.9
242.88051161292566 8.894901491900386 3.6332466718578518 0.9
242.88829662095952 8.90129239684931 3.633327206423719 0.9
242.8960819009973 8.907683140090636 3.6334077438034202 0.9
242.90386745324003 8.914073721500696 3.633488283999035 0.9
242.9116532778889 8.92046414095583 3.6335688270126436 0.9
242.91943937514495 8.92685439833239 3.633649372846327 0.9
242.92722574520934 8.933244493506661 3.6337299215021654 0.9
242.93501238828316 8.939634426354951 3.6338104729822396 0.9
242.94279930456753 8.946024196753546 3.6338910272886293 0.9
242.9505864942636 8.952413804578729 3.6339715844234166 0.9
242.9583739575725 8.95880324970673 3.634052144388681 0.9
242.96616169469533 8.96519253201382 3.6341327071865033 0.9
242.97394970583338 8.97158165137622 3.634213272818966 0.9
242.98173799118769 8.977970607670146 3.6342938412881485 0.9
242.98952655095945 8.984359400771815 3.634374412596132 0.9
242.99731538534988 8.99074803055739 3.6344549867449985 0.9
243.00510449456016 8.99713649690307 3.6345355637368293 0.9
243.01289387879143 9.00352479968502 3.6346161435737043 0.9
243.02068353824498 9.00991293877936 3.634696726257707 0.9
243.0284734731219 9.016300914062263 3.634777311790916 0.9
243.03626368362347 9.022688725409823 3.6348579001754153 0.9
243.04405416995087 9.029076372698151 3.6349384914132847 0.9
243.05184493230536 9.035463855803359 3.635019085506607 0.9
243.0596359708882 9.04185117460151 3.635099682457464 0.9
243.06742728590055 9.048238328968672 3.6351802822679367 0.9
243.07521887754376 9.054625318780904 3.635260884940108 0.9
243.08301074601894 9.061012143914233 3.635341490476058 0.9
243.0908028915275 9.067398804244707 3.6354220988778705 0.9
243.09859531427057 9.073785299648314 3.6355027101476267 0.9
243.1063880144496 9.080171630001063 3.63558332428741 0.9
243.11418099226572 9.086557795178935 3.6356639412993004 0.9
243.12197424792026 9.092943795057906 3.635744561185382 0.9
243.1297677816145 9.099329629513909 3.6358251839477362 0.9
243.13756159354986 9.105715298422913 3.6359058095884467 0.9
243.1453556839275 9.112100801660839 3.6359864381095948 0.9
243.15315005294883 9.118486139103588 3.6360670695132637 0.9
243.16094470081512 9.12487131062708 3.6361477038015355 0.9
243.16873962772772 9.131256316107178 3.6362283409764937 0.9
243.17653483388798 9.137641155419779 3.6363089810402203 0.9
243.18433031949726 9.14402582844074 3.6363896239947993 0.9
243.1921260847569 9.150410335045875 3.6364702698423126 0.9
243.19992212986824 9.156794675111056 3.636550918584844 0.9
243.2077184550327 9.163178848512073 3.636631570224476 0.9
243.21551506045154 9.169562855124726 3.6367122247632917 0.9
243.22331194632628 9.175946694824832 3.636792882203375 0.9
243.23110911285826 9.18233036748814 3.6368735425468097 0.9
243.23890656024884 9.188713872990418 3.6369542057956776 0.9
243.24670428869948 9.195097211207417 3.6370348719520633 0.9
243.25450229841152 9.201480382014873 3.63711554101805 0.9
243.26230058958646 9.207863385288485 3.637196212995722 0.9
243.27009916242562 9.214246220903977 3.6372768878871615 0.9
243.27789801713052 9.22062888873704 3.6373575656944537 0.9
243.2856971539026 9.227011388663344 3.637438246419682 0.9
243.29349657294324 9.233393720558558 3.63751893006493 0.9
243.301296274454 9.239775884298314 3.6375996166322824 0.9
243.3090962586362 9.246157879758266 3.6376803061238228 0.9
243.31689652569142 9.252539706814034 3.6377609985416353 0.9
243.324697075821 9.258921365341202 3.6378416938878035 0.9
243.33249790922665 9.265302855215397 3.6379223921644135 0.9
243.34029902610968 9.271684176312169 3.6380030933735483 0.9
243.34810042667155 9.278065328507083 3.6380837975172917 0.9
243.35590211111386 9.284446311675715 3.6381645045977296 0.9
243.3637040796382 9.290827125693564 3.638245214616947 0.9
243.3715063324459 9.297207770436193 3.6383259275770263 0.9
243.37930886973865 9.303588245779077 3.638406643480055 0.9
243.38711169171785 9.309968551597711 3.6384873623281155 0.9
243.3949147985851 9.316348687767599 3.638568084123294 0.9
243.40271819054198 9.322728654164182 3.6386488088676754 0.9
243.41052186778992 9.329108450662916 3.638729536563344 0.9
243.41832583053065 9.335488077139246 3.638810267212386 0.9
243.42613007896563 9.341867533468593 3.6388910008168858 0.9
243.43393461329643 9.348246819526347 3.6389717373789283 0.9
243.44173943372465 9.35462593518792 3.6390524769006 0.9
243.44954454045197 9.361004880328698 3.639133219383986 0.9
243.4573499336798 9.36738365482402 3.6392139648311703 0.9
243.46515561360988 9.373762258549267 3.63929471324424 0.9
243.47296158044378 9.380140691379742 3.6393754646252803 0.9
243.4807678343832 9.386518953190794 3.6394562189763775 0.9
243.48857437562958 9.392897043857737 3.6395369762996164 0.9
243.4963812043847 9.399274963255833 3.639617736597083 0.9
243.5041883208502 9.405652711260396 3.639698499870864 0.9
243.51199572522768 9.412030287746667 3.639779266123045 0.9
243.51980341771875 9.418407692589895 3.639860035355711 0.9
243.52761139852512 9.42478492566534 3.6399408075709494 0.9
243.53541966784854 9.431161986848206 3.640021582770847 0.9
243.54322822589057 9.437538876013706 3.6401023609574885 0.9
243.5510370728529 9.44391559303703 3.640183142132961 0.9
243.55884620893727 9.450292137793351 3.640263926299351 0.9
243.56665563434532 9.456668510157861 3.6403447134587448 0.9
243.57446534927882 9.463044710005677 3.640425503613229 0.9
243.58227535393948 9.469420737211951 3.640506296764891 0.9
243.5900856485289 9.475796591651804 3.6405870929158164 0.9
243.597896233249 9.482172273200339 3.640667892068093 0.9
243.6057071083013 9.48854778173265 3.6407486942238063 0.9
243.61351827388768 9.494923117123811 3.640829499385045 0.9
243.6213297302099 9.501298279248902 3.6409103075538956 0.9
243.6291414774696 9.50767326798294 3.640991118732444 0.9
243.63695351586867 9.514048083200995 3.641071932922779 0.9
243.64476584560873 9.520422724778062 3.6411527501269867 0.9
243.6525784668917 9.526797192589147 3.6412335703471554 0.9
243.66039137991933 9.533171486509262 3.6413143935853722 0.9
243.66820458489335 9.539545606413359 3.6413952198437243 0.9
243.67601808201564 9.545919552176423 3.6414760491242997 0.9
243.6838318714879 9.552293323673382 3.641556881429185 0.9
243.69164595351205 9.558666920779167 3.6416377167604694 0.9
243.69946032828983 9.56504034336872 3.6417185551202396 0.9
243.70727499602313 9.571413591316922 3.641799396510584 0.9
243.71508995691374 9.577786664498666 3.6418802409335904 0.9
243.7229052111635 9.584159562788834 3.6419610883913465 0.9
243.73072075897423 9.590532286062276 3.6420419388859404 0.9
243.73853660054786 9.596904834193845 3.6421227924194604 0.9
243.7463527360863 9.603277207058367 3.642203648993996 0.9
243.75416916579124 9.609649404530662 3.6422845086116333 0.9
243.7619858898647 9.616021426485524 3.642365371274462 0.9
243.76980290850852 9.622393272797746 3.6424462369845707 0.9
243.77762022192456 9.628764943342096 3.642527105744047 0.9
243.78543783031478 9.635136437993335 3.6426079775549804 0.9
243.7932557338811 9.64150775662621 3.6426888524194596 0.9
243.8010739328253 9.647878899115423 3.642769730339572 0.9
243.80889242734943 9.654249865335716 3.642850611317408 0.9
243.81671121765544 9.660620655161786 3.642931495355056 0.9
243.82453030394515 9.666991268468289 3.643012382454605 0.9
243.83234968642054 9.673361705129928 3.6430932726181435 0.9
243.84016936528363 9.679731965021336 3.6431741658477614 0.9
243.8479893407363 9.686102048017155 3.6432550621455477 0.9
243.8558096129805 9.692471953992012 3.6433359615135914 0.9
243.8636301822183 9.69884168282051 3.6434168639539823 0.9
243.8714510486516 9.705211234377265 3.6434977694688095 0.9
243.87927221248245 9.711580608536835 3.6435786780601633 0.9
243.88709367391274 9.717949805173793 3.643659589730132 0.9
243.89491543314455 9.724318824162687 3.6437405044808058 0.9
243.90273749037985 9.73068766537806 3.643821422314274 0.9
243.91055984582073 9.737056328694424 3.6439023432326283 0.9
243.91838249966912 9.743424813986291 3.643983267237956 0.9
243.92620545212705 9.749793121128151 3.6440641943323486 0.9
243.93402870339665 9.756161249994472 3.6441451245178964 0.9
243.9418522536799 9.762529200459722 3.6442260577966885 0.9
243.9496761031788 9.768896972398354 3.6443069941708153 0.9
243.9575002520955 9.775264565684788 3.6443879336423675 0.9
243.9653247006321 9.781631980193458 3.6444688762134354 0.9
243.97314944899054 9.787999215798736 3.644549821886109 0.9
243.980974497373 9.794366272375033 3.6446307706624794 0.9
243.98879984598153 9.800733149796724 3.6447117225446366 0.9
243.9966254950182 9.807099847938133 3.644792677534671 0.9
244.0044514446852 9.813466366673648 3.6448736356346743 0.9
244.01227769518454 9.819832705877557 3.6449545968467367 0.9
244.0201042467184 9.826198865424194 3.645035561172949 0.9
244.02793109948888 9.832564845187848 3.645116528615402 0.9
244.03575825369808 9.838930645042797 3.645197499176187 0.9
244.0435857095482 9.845296264863318 3.6452784728573953 0.9
244.0514134672414 9.851661704523654 3.6453594496611177 0.9
244.05924152697975 9.858026963898048 3.6454404295894456 0.9
244.06706988896545 9.864392042860716 3.64552141264447 0.9
244.07489855340074 9.870756941285874 3.6456023988282835 0.9
244.08272752048765 9.877121659047704 3.6456833881429755 0.9
244.09055679042854 9.883486196020385 3.64576438059064 0.9
244.09838636342545 9.889850552078089 3.6458453761733667 0.9
244.10621623968063 9.89621472709494 3.645926374893248 0.9
244.1140464193963 9.902578720945087 3.6460073767523755 0.9
244.1218769027746 9.908942533502652 3.6460883817528407 0.9
244.12970769001785 9.915306164641708 3.6461693898967362 0.9
244.13753878132826 9.921669614236377 3.6462504011861543 0.9
244.14537017690805 9.928032882160691 3.6463314156231865 0.9
244.15320187695937 9.934395968288735 3.6464124332099246 0.9
244.16103388168463 9.940758872494554 3.6464934539484615 0.9
244.16886619128596 9.947121594652138 3.6465744778408893 0.9
244.17669880596569 9.953484134635538 3.6466555048893 0.9
244.18453172592604 9.95984649231872 3.6467365350957865 0.9
244.1923649513693 9.96620866757567 3.646817568462441 0.9
244.20019848249783 9.972570660280365 3.6468986049913568 0.9
244.20803231951382 9.978932470306743 3.6469796446846257 0.9
244.21586646261963 9.985294097528739 3.6470606875443408 0.9
244.2237009120176 9.991655541820272 3.6471417335725955 0.9
244.23153566790992 9.998016803055256 3.647222782771482 0.9
244.239370730499 10.004377881107553 3.647303835143093 0.9
244.24720609998718 10.010738775851062 3.6473848906895223 0.9
244.25504177657672 10.01709948715963 3.6474659494128625 0.9
244.26287776047008 10.023460014907103 3.6475470113152078 0.9
244.27071405186953 10.029820358967315 3.64762807639865 0.9
244.2785506509775 10.036180519214053 3.6477091446652845 0.9
244.28638755799622 10.042540495521138 3.647790216117202 0.9
244.29422477312818 10.048900287762349 3.6478712907564983 0.9
244.3020622965757 10.05525989581143 3.647952368585266 0.9
244.30990012854124 10.061619319542162 3.648033449605599 0.9
244.31773826922716 10.06797855882826 3.6481145338195913 0.9
244.3255767188358 10.074337613543438 3.648195621229336 0.9
244.33341547756964 10.080696483561427 3.6482767118369273 0.9
244.3412545456311 10.08705516875589 3.6483578056444594 0.9
244.34909392322257 10.093413669000519 3.6484389026540267 0.9
244.35693361054652 10.099771984168958 3.6485200028677225 0.9
244.3647736078053 10.106130114134851 3.6486011062876407 0.9
244.3726139152015 10.112488058771845 3.6486822129158774 0.9
