galstreams/tracks/track.st.Murrumbidgee.grillmair2017b.ecsv
# %ECSV 0.9
# ---
# datatype:
# - {name: ra, unit: deg, datatype: float64}
# - {name: dec, unit: deg, datatype: float64}
# - {name: distance, unit: kpc, datatype: float64}
# - {name: pm_ra_cosdec, unit: mas / yr, datatype: float64}
# - {name: pm_dec, unit: mas / yr, datatype: float64}
# - {name: radial_velocity, unit: km / s, datatype: float64}
# delimiter: ','
# meta: !!omap
# - __serialized_columns__:
#     dec:
#       __class__: astropy.coordinates.angles.Latitude
#       unit: &id001 !astropy.units.Unit {unit: deg}
#       value: !astropy.table.SerializedColumn {name: dec}
#     distance:
#       __class__: astropy.coordinates.distances.Distance
#       unit: !astropy.units.Unit {unit: kpc}
#       value: !astropy.table.SerializedColumn {name: distance}
#     pm_dec:
#       __class__: astropy.units.quantity.Quantity
#       unit: !astropy.units.Unit {unit: mas / yr}
#       value: !astropy.table.SerializedColumn {name: pm_dec}
#     pm_ra_cosdec:
#       __class__: astropy.units.quantity.Quantity
#       unit: !astropy.units.Unit {unit: mas / yr}
#       value: !astropy.table.SerializedColumn {name: pm_ra_cosdec}
#     ra:
#       __class__: astropy.coordinates.angles.Longitude
#       unit: *id001
#       value: !astropy.table.SerializedColumn {name: ra}
#       wrap_angle: !astropy.coordinates.Angle
#         unit: *id001
#         value: 360.0
#     radial_velocity:
#       __class__: astropy.units.quantity.Quantity
#       unit: !astropy.units.Unit {unit: km / s}
#       value: !astropy.table.SerializedColumn {name: radial_velocity}
# schema: astropy-2.0
ra,dec,distance,pm_ra_cosdec,pm_dec,radial_velocity
[from data line 9904]
8.363243355248507,-0.800145836114029,20.00000000000002,0.0,0.0,0.0
8.35904239044455,-0.7913140269431095,20.00000000000003,0.0,0.0,0.0
8.354839886781503,-0.782483019137222,20.00000000000002,0.0,0.0,0.0
8.350635845837974,-0.7736528116242217,20.000000000000025,0.0,0.0,0.0
8.346430269194563,-0.7648234033312805,20.000000000000025,0.0,0.0,0.0
8.342223158433802,-0.75599479318485,20.00000000000002,0.0,0.0,0.0
8.338014515140202,-0.7471669801108185,20.00000000000003,0.0,0.0,0.0
8.333804340900235,-0.7383399630343296,20.00000000000003,0.0,0.0,0.0
8.329592637302294,-0.7295137408798691,20.000000000000025,0.0,0.0,0.0
8.325379405936744,-0.7206883125712872,20.000000000000025,0.0,0.0,0.0
8.321164648395873,-0.7118636770317447,20.00000000000003,0.0,0.0,0.0
8.31694836627393,-0.7030398331837668,20.00000000000002,0.0,0.0,0.0
8.312730561167097,-0.6942167799492113,20.000000000000025,0.0,0.0,0.0
8.308511234673462,-0.6853945162492983,20.00000000000003,0.0,0.0,0.0
8.304290388393078,-0.6765730410045746,20.000000000000025,0.0,0.0,0.0
8.300068023927894,-0.6677523531349617,20.000000000000025,0.0,0.0,0.0
8.295844142881808,-0.6589324515597168,20.00000000000003,0.0,0.0,0.0
8.291618746860621,-0.6501133351974642,20.000000000000025,0.0,0.0,0.0
8.287391837472038,-0.641295002966172,20.00000000000003,0.0,0.0,0.0
8.283163416325705,-0.6324774537832111,20.000000000000025,0.0,0.0,0.0
8.278933485033143,-0.6236606865652654,20.000000000000025,0.0,0.0,0.0
8.274702045207805,-0.6148447002284214,20.000000000000025,0.0,0.0,0.0
8.270469098465018,-0.6060294936880872,20.00000000000003,0.0,0.0,0.0
8.26623464642203,-0.5972150658591111,20.00000000000003,0.0,0.0,0.0
8.261998690697963,-0.588401415655634,20.000000000000032,0.0,0.0,0.0
8.257761232913849,-0.5795885419912474,20.00000000000002,0.0,0.0,0.0
8.253522274692589,-0.5707764437788846,20.000000000000025,0.0,0.0,0.0
8.249281817658959,-0.5619651199308463,20.00000000000003,0.0,0.0,0.0
8.245039863439638,-0.5531545693588509,20.00000000000002,0.0,0.0,0.0
8.240796413663173,-0.544344790973959,20.000000000000025,0.0,0.0,0.0
8.236551469959947,-0.5355357836866483,20.000000000000025,0.0,0.0,0.0
8.232305033962275,-0.5267275464067914,20.000000000000025,0.0,0.0,0.0
8.228057107304283,-0.5179200780436415,20.000000000000025,0.0,0.0,0.0
8.223807691621959,-0.5091133775058208,20.00000000000002,0.0,0.0,0.0
8.219556788553188,-0.5003074437013967,20.000000000000025,0.0,0.0,0.0
8.21530439973767,-0.4915022755377978,20.00000000000003,0.0,0.0,0.0
8.211050526816962,-0.4826978719218667,20.000000000000025,0.0,0.0,0.0
8.206795171434484,-0.47389423175987305,20.000000000000025,0.0,0.0,0.0
8.202538335235458,-0.46509135395744317,20.00000000000003,0.0,0.0,0.0
8.19828001986699,-0.4562892374196669,20.000000000000025,0.0,0.0,0.0
8.194020226977978,-0.44748788105098974,20.000000000000032,0.0,0.0,0.0
8.1897589582192,-0.43868728375532223,20.00000000000002,0.0,0.0,0.0
8.185496215243187,-0.42988744443595867,20.00000000000003,0.0,0.0,0.0
8.181231999704375,-0.4210883619956195,20.000000000000032,0.0,0.0,0.0
8.176966313258951,-0.4122900353364557,20.000000000000025,0.0,0.0,0.0
8.172699157564958,-0.4034924633600371,20.00000000000003,0.0,0.0,0.0
8.168430534282232,-0.3946956449673364,20.00000000000002,0.0,0.0,0.0
8.164160445072413,-0.38589957905878225,20.00000000000003,0.0,0.0,0.0
8.159888891598946,-0.37710426453422036,20.00000000000003,0.0,0.0,0.0
8.1556158755271,-0.36830970029295756,20.00000000000003,0.0,0.0,0.0
8.151341398523916,-0.35951588523370503,20.000000000000025,0.0,0.0,0.0
8.147065462258215,-0.3507228182545924,20.00000000000003,0.0,0.0,0.0
8.142788068400634,-0.3419304982532398,20.00000000000003,0.0,0.0,0.0
8.138509218623572,-0.3331389241266767,20.000000000000025,0.0,0.0,0.0
8.134228914601216,-0.32434809477139365,20.000000000000025,0.0,0.0,0.0
8.129947158009534,-0.3155580090833103,20.000000000000025,0.0,0.0,0.0
8.12566395052626,-0.30676866595784075,20.00000000000003,0.0,0.0,0.0
8.121379293830898,-0.29798006428977497,20.00000000000002,0.0,0.0,0.0
8.117093189604715,-0.28919220297344217,20.00000000000002,0.0,0.0,0.0
8.112805639530725,-0.2804050809025599,20.00000000000002,0.0,0.0,0.0
8.10851664529373,-0.27161869697034247,20.00000000000003,0.0,0.0,0.0
8.104226208580261,-0.26283305006946434,20.00000000000003,0.0,0.0,0.0
8.099934331078602,-0.2540481390920613,20.00000000000002,0.0,0.0,0.0
8.09564101447879,-0.24526396292972863,20.00000000000002,0.0,0.0,0.0
8.091346260472575,-0.23648052047353202,20.00000000000002,0.0,0.0,0.0
8.087050070753477,-0.2276978106140233,20.000000000000025,0.0,0.0,0.0
8.082752447016723,-0.21891583224118627,20.00000000000003,0.0,0.0,0.0
8.078453390959297,-0.21013458424457165,20.000000000000025,0.0,0.0,0.0
8.074152904279872,-0.20135406551311427,20.000000000000025,0.0,0.0,0.0
8.069850988678871,-0.1925742749352849,20.000000000000025,0.0,0.0,0.0
8.065547645858409,-0.18379521139899596,20.00000000000003,0.0,0.0,0.0
8.061242877522343,-0.1750168737917142,20.00000000000003,0.0,0.0,0.0
8.056936685376197,-0.16623926100030098,20.000000000000025,0.0,0.0,0.0
8.05262907112724,-0.15746237191122803,20.000000000000025,0.0,0.0,0.0
8.04832003648443,-0.1486862054103574,20.000000000000025,0.0,0.0,0.0
8.04400958315839,-0.1399107603831114,20.000000000000025,0.0,0.0,0.0
8.039697712861482,-0.13113603571437138,20.00000000000002,0.0,0.0,0.0
8.035384427307719,-0.1223620302885452,20.00000000000003,0.0,0.0,0.0
8.031069728212813,-0.11358874298950951,20.00000000000003,0.0,0.0,0.0
8.026753617294169,-0.10481617270072556,20.000000000000025,0.0,0.0,0.0
8.022436096270832,-0.09604431830509387,20.00000000000003,0.0,0.0,0.0
8.018117166863554,-0.08727317868503567,20.00000000000003,0.0,0.0,0.0
8.013796830794739,-0.07850275272252095,20.00000000000002,0.0,0.0,0.0
8.009475089788449,-0.06973303929899452,20.00000000000002,0.0,0.0,0.0
8.005151945570388,-0.06096403729544249,20.000000000000025,0.0,0.0,0.0
8.00082739986797,-0.05219574559237744,20.000000000000025,0.0,0.0,0.0
7.996501454410215,-0.04342816306984443,20.00000000000002,0.0,0.0,0.0
7.992174110927789,-0.03466128860737043,20.000000000000025,0.0,0.0,0.0
7.987845371153022,-0.02589512108407167,20.00000000000003,0.0,0.0,0.0
7.983515236819858,-0.017129659378543213,20.00000000000003,0.0,0.0,0.0
7.979183709663907,-0.008364902368940134,20.000000000000025,0.0,0.0,0.0
7.974850791422372,0.00039915106701385355,20.000000000000025,0.0,0.0,0.0
7.970516483834106,0.009162502052111908,20.00000000000002,0.0,0.0,0.0
7.96618078863956,0.01792515170958483,20.00000000000003,0.0,0.0,0.0
7.9618437075808375,0.026687101163110256,20.000000000000025,0.0,0.0,0.0
7.957505242401621,0.03544835153681038,20.00000000000002,0.0,0.0,0.0
7.9531653948472005,0.04420890395529289,20.00000000000003,0.0,0.0,0.0
7.948824166664496,0.05296875954357569,20.00000000000003,0.0,0.0,0.0
7.944481559602022,0.061727919427136665,20.00000000000002,0.0,0.0,0.0
7.940137575409859,0.07048638473188981,20.00000000000003,0.0,0.0,0.0
7.93579221583971,0.07924415658420399,20.000000000000025,0.0,0.0,0.0
7.931445482644857,0.08800123611087331,20.00000000000003,0.0,0.0,0.0
7.927097377580142,0.09675762443913835,20.00000000000003,0.0,0.0,0.0
7.922747902402012,0.10551332269665982,20.00000000000003,0.0,0.0,0.0
7.918397058868495,0.11426833201151618,20.000000000000025,0.0,0.0,0.0
7.914044848739153,0.12302265351222746,20.00000000000002,0.0,0.0,0.0
7.909691273775131,0.13177628832776137,20.000000000000025,0.0,0.0,0.0
7.905336335739142,0.14052923758746544,20.000000000000025,0.0,0.0,0.0
7.900980036395454,0.14928150242113986,20.000000000000025,0.0,0.0,0.0
7.89662237750986,0.15803308395899116,20.00000000000002,0.0,0.0,0.0
7.8922633608497375,0.16678398333160732,20.00000000000002,0.0,0.0,0.0
7.8879029881839875,0.17553420167004433,20.00000000000003,0.0,0.0,0.0
7.883541261283057,0.1842837401057146,20.00000000000002,0.0,0.0,0.0
7.8791781819189035,0.19303259977050047,20.000000000000025,0.0,0.0,0.0
7.874813751865055,0.20178078179662212,20.00000000000003,0.0,0.0,0.0
7.870447972896512,0.21052828731673975,20.00000000000003,0.0,0.0,0.0
7.8660808467898695,0.21927511746389278,20.00000000000002,0.0,0.0,0.0
7.861712375323165,0.2280212733715163,20.00000000000002,0.0,0.0,0.0
7.857342560275975,0.236766756173475,20.000000000000025,0.0,0.0,0.0
7.8529714034294065,0.2455115670039671,20.000000000000025,0.0,0.0,0.0
7.848598906566032,0.2542557069976244,20.000000000000025,0.0,0.0,0.0
7.844225071469935,0.26299917728944916,20.000000000000025,0.0,0.0,0.0
7.839849899926708,0.2717419790148206,20.00000000000003,0.0,0.0,0.0
7.835473393723427,0.28048411330949913,20.00000000000003,0.0,0.0,0.0
7.831095554648627,0.2892255813096391,20.000000000000025,0.0,0.0,0.0
7.826716384492366,0.2979663841517455,20.00000000000003,0.0,0.0,0.0
7.822335885046132,0.306706522972714,20.00000000000003,0.0,0.0,0.0
7.81795405810291,0.3154459989098113,20.00000000000003,0.0,0.0,0.0
7.813570905457164,0.32418481310065506,20.00000000000003,0.0,0.0,0.0
7.809186428904794,0.3329229666832271,20.00000000000003,0.0,0.0,0.0
7.804800630243164,0.34166046079589935,20.000000000000025,0.0,0.0,0.0
7.800413511271097,0.35039729657736784,20.00000000000003,0.0,0.0,0.0
7.796025073788851,0.3591334751667123,20.00000000000003,0.0,0.0,0.0
7.791635319598153,0.3678689977033646,20.00000000000002,0.0,0.0,0.0
7.78724425050214,0.3766038653270693,20.000000000000025,0.0,0.0,0.0
7.782851868305407,0.3853380791779738,20.00000000000003,0.0,0.0,0.0
7.778458174813958,0.3940716403965256,20.00000000000003,0.0,0.0,0.0
7.774063171835233,0.402804550123571,20.000000000000025,0.0,0.0,0.0
7.76966686117809,0.4115368095002234,20.000000000000025,0.0,0.0,0.0
7.765269244652814,0.42026841966801204,20.000000000000025,0.0,0.0,0.0
7.760870324071072,0.42899938176872193,20.000000000000025,0.0,0.0,0.0
7.756470101245964,0.4377296969445474,20.00000000000003,0.0,0.0,0.0
7.752068577991987,0.4464593663379487,20.000000000000025,0.0,0.0,0.0
7.747665756125017,0.4551883910917602,20.000000000000025,0.0,0.0,0.0
7.743261637462351,0.46391677234911394,20.00000000000003,0.0,0.0,0.0
7.7388562238226335,0.47264451125349966,20.00000000000003,0.0,0.0,0.0
7.734449517025942,0.4813716089486509,20.000000000000032,0.0,0.0,0.0
7.7300415188937,0.49009806657868793,20.000000000000025,0.0,0.0,0.0
7.725632231248703,0.49882388528803534,20.000000000000025,0.0,0.0,0.0
7.721221655915127,0.507549066221402,20.000000000000025,0.0,0.0,0.0
7.716809794718495,0.5162736105238184,20.00000000000003,0.0,0.0,0.0
7.712396649485696,0.5249975193406485,20.00000000000002,0.0,0.0,0.0
7.70798222204499,0.5337207938175078,20.00000000000003,0.0,0.0,0.0
7.703566514225981,0.5424434351003184,20.00000000000003,0.0,0.0,0.0
7.699149527859582,0.551165444335364,20.00000000000003,0.0,0.0,0.0
7.694731264778091,0.5598868226691627,20.000000000000032,0.0,0.0,0.0
7.690311726815117,0.5686075712485265,20.000000000000025,0.0,0.0,0.0
7.685890915805596,0.5773276912206023,20.00000000000003,0.0,0.0,0.0
7.681468833585808,0.5860471837327379,20.000000000000025,0.0,0.0,0.0
7.67704548199334,0.5947660499326818,20.000000000000025,0.0,0.0,0.0
7.672620862867093,0.6034842909683729,20.00000000000002,0.0,0.0,0.0
7.66819497804727,0.6122019079880466,20.00000000000002,0.0,0.0,0.0
7.663767829375415,0.6209189021402457,20.000000000000025,0.0,0.0,0.0
7.659339418694322,0.6296352745737758,20.00000000000003,0.0,0.0,0.0
7.654909747848121,0.6383510264376739,20.00000000000003,0.0,0.0,0.0
7.6504788186822275,0.6470661588812967,20.00000000000003,0.0,0.0,0.0
7.646046633043303,0.6557806730542289,20.000000000000032,0.0,0.0,0.0
7.64161319277936,0.6644945701063508,20.000000000000025,0.0,0.0,0.0
7.6371784997396155,0.6732078511877655,20.000000000000025,0.0,0.0,0.0
7.632742555774599,0.6819205174488768,20.00000000000003,0.0,0.0,0.0
7.628305362736106,0.6906325700402892,20.000000000000025,0.0,0.0,0.0
7.623866922477168,0.6993440101128905,20.000000000000025,0.0,0.0,0.0
7.619427236852094,0.708054838817815,20.00000000000003,0.0,0.0,0.0
7.61498630771644,0.716765057306466,20.00000000000003,0.0,0.0,0.0
7.61054413692701,0.7254746667304292,20.00000000000003,0.0,0.0,0.0
7.606100726341828,0.7341836682415865,20.00000000000003,0.0,0.0,0.0
7.601656077820175,0.7428920629920385,20.000000000000032,0.0,0.0,0.0
7.5972101932225815,0.7515998521340996,20.000000000000025,0.0,0.0,0.0
7.592763074410748,0.76030703682036,20.000000000000032,0.0,0.0,0.0
7.588314723247658,0.7690136182035912,20.00000000000003,0.0,0.0,0.0
7.5838651415974505,0.7777195974368255,20.000000000000036,0.0,0.0,0.0
7.579414331325535,0.7864249756733134,20.000000000000025,0.0,0.0,0.0
7.574962294298469,0.7951297540665223,20.00000000000003,0.0,0.0,0.0
7.570509032384065,0.8038339337701186,20.000000000000032,0.0,0.0,0.0
7.566054547451292,0.8125375159380159,20.000000000000032,0.0,0.0,0.0
7.561598841370322,0.8212405017243188,20.00000000000003,0.0,0.0,0.0
7.5571419160125135,0.8299428922833502,20.000000000000032,0.0,0.0,0.0
7.552683773250401,0.8386446887696336,20.000000000000036,0.0,0.0,0.0
7.5482244149577,0.8473458923379351,20.00000000000003,0.0,0.0,0.0
7.543763843009288,0.8560465041431371,20.000000000000036,0.0,0.0,0.0
7.539302059281227,0.8647465253403964,20.00000000000003,0.0,0.0,0.0
7.5348390656506945,0.8734459570850445,20.00000000000003,0.0,0.0,0.0
7.53037486399607,0.8821448005325888,20.00000000000003,0.0,0.0,0.0
7.525909456196856,0.8908430568387669,20.00000000000003,0.0,0.0,0.0
7.5214428441336985,0.899540727159434,20.000000000000032,0.0,0.0,0.0
7.516975029688407,0.9082378126507165,20.000000000000032,0.0,0.0,0.0
7.512506014743889,0.9169343144688487,20.00000000000003,0.0,0.0,0.0
7.508035801184203,0.9256302337702846,20.00000000000003,0.0,0.0,0.0
7.503564390894518,0.934325571711637,20.00000000000003,0.0,0.0,0.0
7.499091785761132,0.9430203294497115,20.000000000000032,0.0,0.0,0.0
7.494617987671447,0.9517145081414728,20.00000000000003,0.0,0.0,0.0
7.490142998513987,0.960408108944024,20.00000000000003,0.0,0.0,0.0
7.485666820178348,0.9691011330146728,20.000000000000032,0.0,0.0,0.0
7.4811894545552535,0.9777935815108717,20.00000000000003,0.0,0.0,0.0
7.4767109035364925,0.9864854555902502,20.00000000000003,0.0,0.0,0.0
7.47223116901497,0.9951767564105575,20.000000000000032,0.0,0.0,0.0
7.467750252884631,1.0038674851297507,20.00000000000003,0.0,0.0,0.0
7.463268157040542,1.0125576429058663,20.00000000000003,0.0,0.0,0.0
7.458784883378797,1.021247230897153,20.000000000000032,0.0,0.0,0.0
7.454300433796597,1.0299362502619627,20.000000000000032,0.0,0.0,0.0
7.449814810192153,1.0386247021588049,20.00000000000003,0.0,0.0,0.0
7.445328014464769,1.0473125877463283,20.00000000000003,0.0,0.0,0.0
7.440840048514767,1.055999908183339,20.00000000000003,0.0,0.0,0.0
7.4363509142435555,1.0646866646287307,20.00000000000003,0.0,0.0,0.0
7.431860613553539,1.0733728582415343,20.000000000000032,0.0,0.0,0.0
7.427369148348167,1.0820584901809525,20.00000000000003,0.0,0.0,0.0
7.422876520531927,1.0907435616062775,20.000000000000032,0.0,0.0,0.0
7.418382732010311,1.0994280736769217,20.000000000000032,0.0,0.0,0.0
7.41388778468984,1.1081120275524412,20.000000000000032,0.0,0.0,0.0
7.409391680478033,1.1167954243924743,20.00000000000003,0.0,0.0,0.0
7.404894421283431,1.12547826535679,20.00000000000003,0.0,0.0,0.0
7.4003960090155525,1.134160551605276,20.000000000000032,0.0,0.0,0.0
7.395896445584947,1.1428422842979185,20.00000000000002,0.0,0.0,0.0
7.3913957329030895,1.1515234645947965,20.00000000000003,0.0,0.0,0.0
7.386893872882485,1.1602040936561107,20.00000000000003,0.0,0.0,0.0
7.3823908674366345,1.168884172642153,20.00000000000003,0.0,0.0,0.0
7.377886718479968,1.1775637027132864,20.000000000000032,0.0,0.0,0.0
7.373381427927893,1.1862426850300125,20.000000000000032,0.0,0.0,0.0
7.368874997696785,1.1949211207528991,20.000000000000032,0.0,0.0,0.0
7.364367429703971,1.2035990110425976,20.000000000000032,0.0,0.0,0.0
7.359858725867728,1.2122763570598483,20.000000000000032,0.0,0.0,0.0
7.355348888107285,1.220953159965442,20.000000000000032,0.0,0.0,0.0
7.3508379183427985,1.229629420920313,20.00000000000003,0.0,0.0,0.0
7.346325818495363,1.2383051410854173,20.000000000000036,0.0,0.0,0.0
