galstreams/tracks/track.st.NGC1261a.ibata2024.ecsv
# %ECSV 1.0
# ---
# datatype:
# - {name: ra, unit: deg, datatype: float64}
# - {name: dec, unit: deg, datatype: float64}
# - {name: distance, unit: kpc, datatype: float64}
# - {name: pm_ra_cosdec, unit: mas / yr, datatype: float64}
# - {name: pm_dec, unit: mas / yr, datatype: float64}
# - {name: radial_velocity, unit: km / s, datatype: float64}
# delimiter: ','
# meta: !!omap
# - __serialized_columns__:
#     dec:
#       __class__: astropy.coordinates.angles.Latitude
#       unit: &id001 !astropy.units.Unit {unit: deg}
#       value: !astropy.table.SerializedColumn {name: dec}
#     distance:
#       __class__: astropy.coordinates.distances.Distance
#       unit: !astropy.units.Unit {unit: kpc}
#       value: !astropy.table.SerializedColumn {name: distance}
#     pm_dec:
#       __class__: astropy.units.quantity.Quantity
#       unit: !astropy.units.Unit {unit: mas / yr}
#       value: !astropy.table.SerializedColumn {name: pm_dec}
#     pm_ra_cosdec:
#       __class__: astropy.units.quantity.Quantity
#       unit: !astropy.units.Unit {unit: mas / yr}
#       value: !astropy.table.SerializedColumn {name: pm_ra_cosdec}
#     ra:
#       __class__: astropy.coordinates.angles.Longitude
#       unit: *id001
#       value: !astropy.table.SerializedColumn {name: ra}
#       wrap_angle: !astropy.coordinates.Angle
#         unit: *id001
#         value: 360.0
#     radial_velocity:
#       __class__: astropy.units.quantity.Quantity
#       unit: !astropy.units.Unit {unit: km / s}
#       value: !astropy.table.SerializedColumn {name: radial_velocity}
# schema: astropy-2.0
ra,dec,distance,pm_ra_cosdec,pm_dec,radial_velocity
[from data line 428]
47.3047997810777,-57.48505374479079,1.0,1.5381374747312178,-1.8738888130207503,89.40253668168559
47.31066248583665,-57.47550097986644,1.0,1.5385270613688347,-1.8742272436761276,89.35152073397687
47.31651339854602,-57.46594668653703,0.9999999999999998,1.5389202949100294,-1.8745613743579614,89.29999807915961
47.322352554562286,-57.45639087007104,0.9999999999999999,1.5393171666273484,-1.8748912110872027,89.24797024350346
47.32817998920912,-57.44683353572848,0.9999999999999998,1.539717667800217,-1.875216759892247,89.19543875327804
47.33399573777758,-57.437274688760766,0.9999999999999999,1.5401217897148922,-1.875538026808881,89.14240513475308
47.33979983552593,-57.42771433441102,1.0,1.5405295236644414,-1.875855017880264,89.08887091419815
47.34559231767975,-57.418152477913964,1.0,1.5409408609486963,-1.8761677391568536,89.03483761788286
47.35137321943192,-57.40858912449594,0.9999999999999998,1.5413557928742168,-1.8764761966964238,88.98030677207696
47.35714257594276,-57.39902427937485,0.9999999999999999,1.5417743107542563,-1.876780396563971,88.92527990304998
47.3629004223398,-57.38945794776042,0.9999999999999998,1.5421964059087347,-1.8770803448317075,88.86975853707168
47.368646793718035,-57.37989013485407,1.0,1.542622069664179,-1.8773760475790233,88.81374420041159
47.37438172513979,-57.37032084584903,0.9999999999999999,1.5430512933537144,-1.87766751089244,88.75723841933943
47.380105251634866,-57.36075008593012,0.9999999999999999,1.5434840683170066,-1.8779547408655795,88.70024272012486
47.38581740820042,-57.3511778602742,0.9999999999999999,1.5439203859002446,-1.8782377435991222,88.64275862903746
47.391518229801065,-57.341604174049856,0.9999999999999999,1.5443602374560852,-1.8785165252007827,88.5847876723469
47.39720775136883,-57.332029032417644,1.0,1.5448036143436328,-1.8787910917852573,88.52633137632284
47.40288600780334,-57.32245244052986,0.9999999999999998,1.5452505079284018,-1.8790614494741948,88.46739126723492
47.408553033971565,-57.312874403530905,0.9999999999999999,1.5457009095822718,-1.879327604396158,88.40796887135276
47.41420886470807,-57.30329492655706,0.9999999999999999,1.546154810683463,-1.8795895626866095,88.34806571494603
47.419853534814884,-57.293714014736686,0.9999999999999998,1.5466122026164921,-1.879847330487837,88.28768332428437
47.42548707906166,-57.28413167318998,0.9999999999999999,1.547073076772151,-1.8801009139489402,88.22682322563739
47.43110953218556,-57.274547907029394,1.0,1.547537424547452,-1.8803503192257978,88.16548694527478
47.43672092889132,-57.264962721359375,0.9999999999999998,1.548005237345612,-1.880595552481024,88.10367600946614
47.442321303851266,-57.25537612127655,0.9999999999999998,1.5484765065760024,-1.8808366198839384,88.04139194448119
47.447910691705424,-57.2457881118695,1.0,1.5489512236541265,-1.8810735276105284,87.97863627658953
47.45348912706135,-57.236198698219184,1.0,1.5494293800015808,-1.8813062818434094,87.91541053206079
47.4590566444943,-57.22660788539872,0.9999999999999999,1.5499109670460145,-1.8815348887718066,87.85171623716464
47.46461327854722,-57.21701567847331,1.0,1.5503959762211035,-1.8817593545914857,87.78755491817068
47.470159063730726,-57.207422082500564,0.9999999999999999,1.5508843989665149,-1.881979685504767,87.72292810134859
47.47569403452314,-57.197827102530326,1.0,1.5513762267278692,-1.8821958877204512,87.657837312968
47.4812182253705,-57.1882307436048,0.9999999999999998,1.5518714509567033,-1.882407967453812,87.59228407929858
47.48673167068667,-57.17863301075838,1.0,1.5523700631104513,-1.8826159309265247,87.52626992660996
47.4922344048532,-57.16903390901797,0.9999999999999999,1.5528720546523949,-1.8828197843666876,87.45979638117174
47.49772646221947,-57.15943344340285,0.9999999999999999,1.5533774170516335,-1.8830195340087315,87.39286496925367
47.50320787710261,-57.149831618924765,0.9999999999999999,1.5538861417830594,-1.8832151860934196,87.32547721712528
47.5086786837877,-57.140228440587705,0.9999999999999999,1.5543982203273137,-1.8834067468678235,87.25763465105632
47.51413891652754,-57.13062391338838,1.0000000000000002,1.554913644170754,-1.8835942225852378,87.18933879731634
47.519588609542886,-57.1210180423159,0.9999999999999999,1.5554324048054329,-1.8837776195052172,87.120591182175
47.525027797022304,-57.111410832351964,1.0,1.5559544937290446,-1.883956943893489,87.05139333190203
47.530456513122374,-57.10180228847071,1.0,1.5564799024449165,-1.8841322020219344,86.98174677276697
47.53587479196749,-57.092192415638976,1.0,1.5570086224619502,-1.8843034001685748,86.91165303103948
47.54128266765008,-57.08258121881622,0.9999999999999999,1.5575406452946128,-1.884470544617507,86.84111363298928
47.54668017423047,-57.07296870295455,0.9999999999999999,1.5580759624628802,-1.8846336416589091,86.770130104886
47.55206734573708,-57.06335487299859,0.9999999999999999,1.5586145654922294,-1.8847926975889662,86.69870397299921
47.55744421616626,-57.05373973388585,1.0,1.5591564459135907,-1.8849477187098689,86.62683676359855
47.562810819482394,-57.044123290546494,1.0,1.5597015952633129,-1.8850987113297677,86.55453000295375
47.56816718961793,-57.034505547903485,1.0000000000000002,1.5602500050831378,-1.8852456817627496,86.48178521733443
47.57351336047345,-57.024886510872406,1.0,1.5608016669201739,-1.8853886363287913,86.40860393301017
47.578849365917556,-57.01526618436182,1.0,1.561356572326849,-1.885527581353747,86.33498767625072
47.58417523978698,-57.00564457327309,1.0,1.5619147128608861,-1.8856625231692998,86.26093797332562
47.58949101588664,-56.996021682500306,1.0,1.5624760800852808,-1.8857934681129365,86.1864563505046
47.594796727989554,-56.98639751693059,1.0,1.5630406655682498,-1.8859204225279207,86.11154433405717
47.60009240983697,-56.97677208144391,1.0,1.563608460883216,-1.8860433927632538,86.03620345025318
47.60537809513828,-56.96714538091325,1.0,1.5641794576087662,-1.88616238517365,85.9604352253621
47.610653817571205,-56.95751742020435,1.0,1.5647536473286294,-1.8862774061195022,85.88424118565366
47.615919610781646,-56.94788820417614,1.0000000000000002,1.565331021631633,-1.8863884619668507,85.80762285739749
47.62117550838373,-56.93825773768049,1.0,1.5659115721116899,-1.8864955590873524,85.73058176686321
47.62642154395994,-56.928626025562366,1.0000000000000002,1.5664952903677403,-1.8865987038582528,85.65311944032051
47.63165775106111,-56.91899307265963,1.0,1.5670821680037519,-1.8866979026623607,85.57523740403896
47.63688416320633,-56.9093588838034,1.0,1.5676721966286649,-1.8867931618880007,85.49693718428829
47.64210081388308,-56.89972346381784,1.0,1.5682653678563687,-1.8868844879290005,85.41822030733809
47.6473077365472,-56.89008681752034,0.9999999999999999,1.5688616733056797,-1.8869718871846475,85.33908829945798
47.65250496462302,-56.88044894972126,1.0,1.5694611046002946,-1.8870553660596698,85.2595426869177
47.6576925315032,-56.87080986522434,1.0,1.5700636533687735,-1.8871349309642076,85.17958499598683
47.66287047054889,-56.86116956882645,1.0,1.570669311244505,-1.8872105883137582,85.09921675293499
47.6680388150897,-56.85152806531776,0.9999999999999999,1.57127806986567,-1.8872823445291944,85.01843948403186
47.673197598423776,-56.841885359481566,0.9999999999999999,1.5718899208752242,-1.8873502060366842,84.93725471554708
47.67834685381774,-56.83224145609459,1.0,1.5725048559208528,-1.887414179267692,84.85566397375032
47.6834866145068,-56.82259635992682,1.0,1.5731228666549524,-1.8874742706589398,84.77366878491118
47.68861691369464,-56.81295007574163,1.0,1.5737439447345998,-1.8875304866523859,84.69127067529932
47.693737784553655,-56.803302608295624,1.0,1.5743680818215142,-1.8875828336951788,84.60847117118439
47.6988492602248,-56.7936539623389,1.0,1.5749952695820295,-1.8876313182396487,84.52527179883604
47.70395137381762,-56.78400414261501,1.0,1.575625499687078,-1.8876759467432684,84.44167408452394
47.7090441584104,-56.77435315386076,1.0,1.5762587638121444,-1.8877167256686214,84.35767955451762
47.71412764705007,-56.76470100080659,1.0000000000000002,1.5768950536372413,-1.8877536614833819,84.27328973508686
47.71920187275227,-56.75504768817634,1.0,1.5775343608468861,-1.8877867606602816,84.18850615250119
47.72426686850136,-56.74539322068744,1.0,1.5781766771300583,-1.8878160296770883,84.10333033303039
47.72932266725049,-56.735737603050666,1.0,1.5788219941801906,-1.8878414750165593,84.01776380294399
47.734369301921575,-56.726080839970514,1.0,1.5794703036951234,-1.8878631031664383,83.93180808851167
47.73940680540534,-56.71642293614501,0.9999999999999999,1.580121597377076,-1.8878809206194127,83.8454647160031
47.744435210561285,-56.706763896265834,1.0,1.5807758669326266,-1.8878949338730848,83.75873521168786
47.74945455021787,-56.69710372501812,0.9999999999999999,1.5814331040726848,-1.8879051494299546,83.67162110183565
47.75446485717235,-56.687442427080796,0.9999999999999999,1.5820933005124487,-1.887911573797382,83.58412391271615
47.75946616419092,-56.67778000712644,1.0,1.5827564479713914,-1.887914213487564,83.49624517059888
47.76445850400865,-56.66811646982134,1.0,1.5834225381732256,-1.8879130750175106,83.40798640175359
47.76944190932966,-56.65845181982535,1.0,1.5840915628458814,-1.8879081649090166,83.31934913244991
47.77441641282696,-56.648786061792244,1.0,1.5847635137214615,-1.8878994896886212,83.23033488895747
47.77938204714258,-56.63911920036948,1.0,1.5854383825362373,-1.8878870558876013,83.14094519754588
47.7843388448876,-56.62945124019836,1.0,1.5861161610305983,-1.8878708700419384,83.05118158448482
47.78928683864215,-56.61978218591379,1.0,1.586796840949047,-1.8878509386922886,82.96104557604393
47.79422606095544,-56.61011204214476,0.9999999999999999,1.587480414040146,-1.8878272683839485,82.87053869849288
47.799156544345735,-56.60044081351396,1.0,1.5881668720565099,-1.8877998656668469,82.77966247810126
47.804078321300466,-56.59076850463806,0.9999999999999999,1.58885620675477,-1.8877687370955059,82.68841844113877
47.80899142427624,-56.58109512012745,1.0,1.5895484098955497,-1.8877338892290192,82.59680811387497
47.81389588569883,-56.57142066458658,1.0,1.5902434732434272,-1.8876953286310325,82.5048330225796
47.81879173796316,-56.56174514261384,1.0,1.5909413885669275,-1.8876530618696874,82.41249469352229
47.82367901343342,-56.552068558801544,1.0,1.5916421476384741,-1.8876070955176516,82.31979465297266
47.82855774444311,-56.54239091773591,1.0,1.5923457422343756,-1.8875574361520329,82.22673442720028
47.83342796329493,-56.53271222399728,1.0,1.5930521641348006,-1.8875040903544003,82.13331554247495
47.838289702260894,-56.523032482160026,1.0,1.5937614051237339,-1.8874470647107238,82.03953952506619
47.84314299358241,-56.51335169679243,1.0,1.5944734569889727,-1.8873863658113716,81.9454079012437
47.8479878694702,-56.50366987245695,1.0,1.5951883115220777,-1.8873220002510909,81.85092219727716
47.85282436210438,-56.49398701371015,1.0,1.595905960518364,-1.8872539746289494,81.75608393943612
47.85765250363444,-56.4843031251027,1.0,1.5966263957768643,-1.8871822955483415,81.66089465399025
47.8624723261794,-56.47461821117927,1.0,1.5973496091003097,-1.8871069696169531,81.56535586720922
47.86728386182766,-56.46493227647883,1.0,1.598075592295097,-1.8870280034467406,81.46946910536269
47.87208714263712,-56.455245325534484,1.0,1.598804337171266,-1.8869454036538986,81.3732358947203
47.876882200635215,-56.44555736287357,1.0,1.5995358355424703,-1.886859176858838,81.27665776155166
47.88166906781895,-56.43586839301751,1.0,1.6002700792259597,-1.8867693296861665,81.17973623212643
47.88644777615486,-56.42617842048207,1.0,1.6010070600425408,-1.886675868764664,81.08247283271423
47.89121835757906,-56.41648744977726,1.0000000000000002,1.6017467698165686,-1.8865788007272553,80.98486908958478
47.895980843997314,-56.40679548540742,1.0,1.6024892003759015,-1.8864781322109803,80.88692652900765
47.900735267285086,-56.39710253187101,1.0,1.6032343435518888,-1.8863738698569845,80.7886466772525
47.9054816592874,-56.38740859366099,0.9999999999999999,1.6039821911793455,-1.8862660203104804,80.69003106058902
47.9102200518191,-56.37771367526457,0.9999999999999999,1.6047327350965177,-1.8861545902207393,80.59108120528677
47.91495047666465,-56.36801778116342,1.0,1.6054859671450634,-1.886039586241056,80.4917986376155
47.91967296557838,-56.358320915833374,0.9999999999999999,1.6062418791700352,-1.8859210150287247,80.39218488384479
47.92438755028434,-56.34862308374486,1.0,1.6070004630198347,-1.885798883245025,80.29224147024425
47.92909426247636,-56.33892428936272,1.0,1.6077617105462063,-1.885673197555196,80.1919699230836
47.933793133818206,-56.329224537146075,1.0,1.6085256136042094,-1.8855439646284005,80.09137176863243
47.938484195943445,-56.31952383154865,1.0,1.6092921640521798,-1.8854111911377185,79.9904485331604
47.94316748045552,-56.3098221770186,1.0,1.610061353751726,-1.8852748837601272,79.88920174293719
47.947843018927834,-56.30011957799865,1.0,1.610833174567682,-1.8851350491764505,79.7876329242324
47.95251084290374,-56.29041603892583,1.0,1.6116076183681063,-1.884991694071374,79.68574360331566
47.95717098389653,-56.28071156423193,1.0,1.612384677024243,-1.8848448251333947,79.58353530645668
47.96182347338954,-56.27100615834319,1.0,1.61316434241049,-1.8846944490548037,79.48100955992504
47.966468342836066,-56.261299825680524,0.9999999999999998,1.6139466064044008,-1.8845405725316748,79.37816788999041
47.971105623659575,-56.25159257065923,1.0,1.6147314608866354,-1.8843832022638312,79.27501182292248
47.97573534725353,-56.241884397689404,1.0,1.6155188977409494,-1.8842223449548356,79.1715428849908
47.98035754498154,-56.23217531117571,1.0,1.6163089088541618,-1.8840580073119533,79.06776260246505
47.98497224817729,-56.222465315517546,1.0,1.6171014861161397,-1.883890196046135,78.96367250161494
47.98957948814479,-56.21275441510877,1.0000000000000002,1.6178966214197703,-1.8837189178720024,78.85927410871004
47.99417929615811,-56.20304261433812,1.0,1.6186943066609376,-1.8835441795078234,78.75456895002002
47.99877170346155,-56.19332991758899,1.0,1.6194945337385018,-1.8833659876754831,78.64955855181454
48.003356741269734,-56.18361632923951,1.0,1.6202972945542617,-1.8831843491004765,78.54424444036322
48.00793444076754,-56.17390185366244,1.0,1.62110258101296,-1.8829992705118679,78.43862814193568
48.012504833110135,-56.16418649522545,1.0,1.6219103850222316,-1.882810758642285,78.3327111828016
48.01706794942304,-56.15447025829092,1.0,1.622720698492592,-1.8826188202278953,78.22649508923064
48.02162382080209,-56.14475314721607,1.0,1.6235335133374207,-1.8824234620083935,78.11998138749237
48.026172478313654,-56.13503516635282,1.0,1.6243488214729234,-1.882224690726943,78.01317160385659
48.03071395299439,-56.12531632004804,1.0,1.625166614818121,-1.8820225131302113,77.90606726459276
48.035248275851444,-56.11559661264343,1.0,1.6259868852948287,-1.8818169359683035,77.79866989597063
48.03977547786243,-56.10587604847557,1.0000000000000002,1.626809624827617,-1.881607965994771,77.69098102425981
48.044295589975526,-56.09615463187582,1.0,1.6276348253438107,-1.8813956099665656,77.58300217572997
48.0488086431094,-56.086432367170566,0.9999999999999999,1.62846247877345,-1.8811798746440367,77.47473487665071
48.05331466815327,-56.07670925868112,1.0,1.6292925770492723,-1.8809607667909187,77.36618065329174
48.05781369596701,-56.066985310723595,1.0,1.630125112106695,-1.8807382931742795,77.25734103192265
48.062305757381075,-56.05726052760919,1.0,1.630960075883792,-1.8805124605645407,77.14821753881313
48.06679088319655,-56.04753491364404,1.0,1.6317974603212688,-1.8802832757354118,77.03881170023276
48.07126910418524,-56.03780847312935,1.0,1.6326372573624308,-1.8800507454639224,76.92912504245123
48.075740451089665,-56.028081210361115,1.0,1.6334794589531896,-1.8798148765303626,76.81915909173819
48.08020495462306,-56.01835312963056,1.0,1.634324057042008,-1.8795756757182733,76.70891537436323
48.084662645469415,-56.00862423522389,1.0,1.6351710435799056,-1.879333149814438,76.59839541659608
48.089113554283536,-55.99889453142241,0.9999999999999999,1.6360204105204148,-1.8790873056088522,76.48760074470633
