galstreams/tracks/track.st.M3-Svol.yang2023.ecsv
# %ECSV 1.0
# ---
# datatype:
# - {name: ra, unit: deg, datatype: float64}
# - {name: dec, unit: deg, datatype: float64}
# - {name: distance, unit: kpc, datatype: float64}
# - {name: pm_ra_cosdec, unit: mas / yr, datatype: float64}
# - {name: pm_dec, unit: mas / yr, datatype: float64}
# - {name: radial_velocity, unit: km / s, datatype: float64}
# delimiter: ','
# meta: !!omap
# - __serialized_columns__:
#     dec:
#       __class__: astropy.coordinates.angles.Latitude
#       unit: &id001 !astropy.units.Unit {unit: deg}
#       value: !astropy.table.SerializedColumn {name: dec}
#     distance:
#       __class__: astropy.coordinates.distances.Distance
#       unit: !astropy.units.Unit {unit: kpc}
#       value: !astropy.table.SerializedColumn {name: distance}
#     pm_dec:
#       __class__: astropy.units.quantity.Quantity
#       unit: !astropy.units.Unit {unit: mas / yr}
#       value: !astropy.table.SerializedColumn {name: pm_dec}
#     pm_ra_cosdec:
#       __class__: astropy.units.quantity.Quantity
#       unit: !astropy.units.Unit {unit: mas / yr}
#       value: !astropy.table.SerializedColumn {name: pm_ra_cosdec}
#     ra:
#       __class__: astropy.coordinates.angles.Longitude
#       unit: *id001
#       value: !astropy.table.SerializedColumn {name: ra}
#       wrap_angle: !astropy.coordinates.Angle
#         unit: *id001
#         value: 360.0
#     radial_velocity:
#       __class__: astropy.units.quantity.Quantity
#       unit: !astropy.units.Unit {unit: km / s}
#       value: !astropy.table.SerializedColumn {name: radial_velocity}
# schema: astropy-2.0
ra,dec,distance,pm_ra_cosdec,pm_dec,radial_velocity
[from data line 2084]
212.29384003255777,28.305645139905852,9.885550108969651,0.4610005044826401,-3.229880150705459,-168.16483428198288
212.30542372055564,28.306442010102778,9.884159596862252,0.4618148294046672,-3.2307012086706273,-168.20008788225087
212.31700760857515,28.307237615329843,9.882769437210369,0.4626292521999107,-3.23152247657113,-168.23532048617867
212.32859169631863,28.308031955532034,9.881379630014008,0.4634437728409476,-3.232343954469094,-168.27053209376632
212.34017598348834,28.308825030654415,9.879990175273166,0.464258391300359,-3.233165642426629,-168.30572270501375
212.35176046978643,28.30961684064211,9.878601072987845,0.46507310755073067,-3.2339875405058205,-168.34089231992115
212.36334515491512,28.31040738544031,9.877212323158044,0.4658879215646498,-3.234809648768739,-168.37604093848836
212.37493003857648,28.31119666499428,9.875823925783763,0.4667028333147107,-3.2356319672774303,-168.41116856071534
212.38651512047258,28.311984679249385,9.874435880864999,0.46751784277350855,-3.236454496093922,-168.44627518660212
212.39810040030537,28.312771428151006,9.873048188401757,0.46833294991364327,-3.2372772352802213,-168.48136081614882
212.4096858777768,28.31355691164464,9.871660848394033,0.4691481547077201,-3.238100184898313,-168.51642544935527
212.42127155258876,28.314341129675835,9.870273860841833,0.4699634571283453,-3.2389233450101624,-168.55146908622163
212.43285742444309,28.315124082190213,9.868887225745148,0.47077885714813117,-3.239746715677717,-168.58649172674782
212.4444434930415,28.315905769133476,9.867500943103988,0.47159435473969247,-3.2405702969628964,-168.62149337093382
212.45602975808578,28.316686190451385,9.866115012918344,0.4724099498756486,-3.2413940889276103,-168.65647401877968
212.46761621927755,28.31746534608977,9.86472943518822,0.4732256425286224,-3.2422180916337418,-168.69143367028533
212.47920287631842,28.318243235994558,9.86334420991362,0.474041432671241,-3.243042305143148,-168.7263723254509
212.49078972890996,28.319019860111716,9.861959337094536,0.4748573202761348,-3.2438667295176784,-168.76128998427623
212.50237677675364,28.319795218387295,9.860574816730974,0.4756733053159375,-3.2446913648191527,-168.7961866467614
212.51396401955094,28.320569310767418,9.859190648822933,0.47648938776328903,-3.245516211109371,-168.83106231290648
212.52555145700322,28.321342137198275,9.857806833370407,0.47730556759083,-3.2463412684501187,-168.8659169827113
212.53713908881184,28.322113697626147,9.856423370373403,0.47812184477120817,-3.247166536903151,-168.90075065617603
212.5487269146781,28.322883991997344,9.855040259831922,0.47893821927707275,-3.2479920165302083,-168.93556333330054
212.5603149343032,28.323653020258295,9.85365750174596,0.47975469108107754,-3.2488177073930125,-168.97035501408496
212.5719031473883,28.324420782355464,9.852275096115514,0.48057126015588114,-3.2496436095532624,-169.00512569852913
212.58349155363456,28.3251872782354,9.850893042940594,0.48138792647414413,-3.2504697230726345,-169.03987538663316
212.59508015274304,28.325952507844747,9.84951134222119,0.4822046900085327,-3.251296048012784,-169.0746040783971
212.60666894441476,28.32671647113017,9.848129993957306,0.483021550731718,-3.2521225844353525,-169.1093117738208
212.61825792835063,28.327479168038433,9.84674899814894,0.48383850861637107,-3.252949332401953,-169.1439984729043
212.62984710425164,28.32824059851639,9.845368354796097,0.48465556363517176,-3.2537762919741815,-169.1786641756477
212.64143647181862,28.329000762510947,9.843988063898774,0.4854727157608005,-3.254603463213612,-169.2133088820509
212.65302603075233,28.329759659969067,9.842608125456968,0.4862899649659426,-3.2554308461817976,-169.247932592114
212.6646157807536,28.330517290837797,9.841228539470686,0.4871073112232888,-3.2562584409402753,-169.28253530583692
212.67620572152305,28.33127365506427,9.839849305939921,0.48792475450553163,-3.2570862475505535,-169.31711702321957
212.68779585276133,28.332028752595672,9.838470424864678,0.48874229478536846,-3.2579142660741285,-169.3516777442622
212.69938617416906,28.33278258337927,9.837091896244955,0.48955993203550213,-3.2587424965724647,-169.3862174689646
212.7109766854468,28.3335351473624,9.835713720080747,0.49037766622863704,-3.2595709391070216,-169.42073619732676
212.722567386295,28.334286444492456,9.834335896372066,0.49119549733748386,-3.2603995937392227,-169.4552339293489
212.7341582764141,28.335036474716937,9.832958425118902,0.4920134253347555,-3.2612284605304747,-169.48971066503086
212.74574935550447,28.335785237983366,9.831581306321256,0.4928314501931698,-3.2620575395421727,-169.52416640437255
212.75734062326646,28.336532734239395,9.83020453997913,0.4936495718854486,-3.2628868308356784,-169.55860114737416
212.76893207940032,28.337278963432688,9.828828126092528,0.4944677903843177,-3.263716334472341,-169.59301489403563
212.78052372360628,28.33802392551102,9.827452064661445,0.4952861056625072,-3.264546050513483,-169.62740764435685
212.79211555558456,28.338767620422228,9.826076355685878,0.4961045176927523,-3.2653759790204155,-169.66177939833796
212.80370757503516,28.339510048114224,9.824700999165833,0.49692302644778924,-3.266206120054413,-169.6961301559789
212.8152997816583,28.340251208534976,9.82332599510131,0.49774163190036136,-3.2670364736767463,-169.7304599172796
212.8268921751539,28.340991101632547,9.821951343492303,0.4985603340232157,-3.267867039948656,-169.76476868224023
212.83848475522188,28.34172972735504,9.820577044338817,0.49937913278910123,-3.2686978189313614,-169.79905645086066
212.85007752156227,28.34246708565067,9.819203097640855,0.5001980281707741,-3.2695288106860625,-169.83332322314092
212.86167047387485,28.343203176467682,9.817829503398409,0.5010170201409925,-3.2703600152739423,-169.86756899908104
212.87326361185947,28.34393799975444,9.816456261611483,0.5018361086725199,-3.271191432756155,-169.90179377868094
212.88485693521585,28.344671555459332,9.815083372280078,0.5026552937381227,-3.2720230631938425,-169.93599756194078
212.89645044364372,28.345403843530832,9.81371083540419,0.5034745753105734,-3.2728549066481194,-169.97018034886037
212.9080441368427,28.346134863917513,9.812338650983826,0.5042939533626454,-3.27368696318008,-170.0043421394398
212.9196380145124,28.346864616567984,9.81096681901898,0.5051134278671212,-3.274519232850803,-170.03848293367912
212.9312320763524,28.347593101430952,9.809595339509654,0.5059329987967836,-3.2753517157213374,-170.07260273157826
212.94282632206216,28.348320318455173,9.80822421245585,0.5067526661244204,-3.2761844118527197,-170.10670153313717
212.95442075134116,28.34904626758949,9.806853437857566,0.507572429822825,-3.2770173213059572,-170.140779338356
212.96601536388877,28.349770948782812,9.805483015714799,0.5083922898647921,-3.2778504441420475,-170.17483614723463
212.97761015940435,28.350494361984133,9.804112946027551,0.5092122462231244,-3.2786837804219555,-170.20887195977315
212.98920513758716,28.351216507142496,9.802743228795824,0.5100322988706265,-3.2795173302066307,-170.24288677597139
213.00080029813654,28.35193738420703,9.801373864019618,0.5108524477801092,-3.2803510935570035,-170.27688059582954
213.01239564075155,28.35265699312694,9.800004851698935,0.5116726929243834,-3.281185070533974,-170.31085341934758
213.02399116513143,28.353375333851485,9.798636191833767,0.5124930342762689,-3.2820192611984336,-170.34480524652534
213.0355868709752,28.35409240633001,9.79726788442412,0.5133134718085879,-3.282853665611245,-170.37873607736304
213.047182757982,28.354808210511933,9.795899929469995,0.5141340054941668,-3.2836882838332535,-170.4126459118605
213.0587788258507,28.355522746346736,9.794532326971387,0.5149546353058361,-3.2845231159252792,-170.4465347500178
213.07037507428032,28.356236013783985,9.7931650769283,0.5157753612164311,-3.2853581619481225,-170.48040259183497
213.0819715029697,28.356948012773294,9.791798179340732,0.5165961831987929,-3.2861934219625644,-170.51424943731192
213.09356811161774,28.35765874326438,9.790431634208687,0.5174171012257633,-3.2870288960293634,-170.5480752864488
213.10516489992315,28.358368205207004,9.789065441532163,0.5182381152701907,-3.287864584209257,-170.58188013924544
213.11676186758473,28.359076398551025,9.787699601311155,0.519059225304929,-3.2887004865629628,-170.61566399570196
213.1283590143011,28.359783323246347,9.786334113545665,0.519880431302834,-3.289536603151177,-170.64942685581826
213.139956339771,28.36048897924297,9.7849689782357,0.5207017332367678,-3.290372934034572,-170.68316871959442
213.15155384369294,28.36119336649096,9.783604195381251,0.521523131079596,-3.291209479273799,-170.7168895870305
213.1631515257655,28.361896484940424,9.782239764982325,0.5223446248041892,-3.292046238929495,-170.75058945812634
213.17474938568714,28.362598334541595,9.780875687038916,0.5231662143834216,-3.292883213062265,-170.78426833288202
213.18634742315626,28.363298915244744,9.77951196155103,0.5239878997901699,-3.2937204017327,-170.8179262112975
213.19794563787136,28.36399822700022,9.778148588518663,0.5248096809973213,-3.294557805001372,-170.85156309337287
213.20954402953066,28.364696269758436,9.776785567941815,0.5256315579777613,-3.2953954229288227,-170.88517897910808
213.22114259783254,28.365393043469894,9.775422899820487,0.5264535307043834,-3.2962332555755802,-170.9187738685031
213.23274134247518,28.36608854808516,9.77406058415468,0.5272755991500826,-3.297071303002146,-170.95234776155797
213.2443402631568,28.366782783554875,9.772698620944393,0.5280977632877619,-3.297909565269007,-170.98590065827267
213.25593935957554,28.367475749829744,9.771337010189624,0.5289200230903262,-3.2987480424366207,-171.0194325586472
213.2675386314295,28.368167446860554,9.769975751890376,0.5297423785306847,-3.299586734565431,-171.05294346268147
213.2791380784167,28.368857874598156,9.768614846046649,0.5305648295817542,-3.300425641715856,-171.08643337037574
213.29073770023513,28.36954703299347,9.767254292658441,0.5313873762164515,-3.301264763948291,-171.11990228172976
213.30233749658277,28.37023492199751,9.76589409172575,0.5322100184077025,-3.302104101323116,-171.15335019674365
213.3139374671575,28.370921541561337,9.764534243248583,0.5330327561284338,-3.302943653900683,-171.18677711541736
213.32553761165715,28.37160689163611,9.763174747226936,0.5338555893515786,-3.303783421741326,-171.22018303775096
213.33713792977954,28.37229097217302,9.761815603660807,0.5346785180500744,-3.3046234049053584,-171.25356796374436
213.34873842122244,28.37297378312337,9.760456812550201,0.5355015421968625,-3.3054636034530684,-171.2869318933975
213.3603390856835,28.37365532443852,9.75909837389511,0.5363246617648897,-3.306304017444731,-171.32027482671066
213.37193992286043,28.37433559606991,9.757740287695542,0.5371478767271066,-3.3071446469405874,-171.3535967636835
213.38354093245079,28.37501459796902,9.756382553951495,0.537971187056469,-3.307985492000866,-171.38689770431625
213.39514211415212,28.37569233008745,9.755025172662965,0.5387945927259357,-3.3088265526857756,-171.42017764860879
213.406743467662,28.376368792376837,9.753668143829954,0.5396180937084745,-3.3096678290554977,-171.4534365965612
213.41834499267785,28.377043984788916,9.752311467452467,0.5404416899770512,-3.310509321170191,-171.48667454817343
213.42994668889708,28.37771790727547,9.750955143530497,0.5412653815046422,-3.311351029090001,-171.5198915034455
213.44154855601704,28.37839055978837,9.749599172064046,0.5420891682642244,-3.3121929528750433,-171.55308746237745
213.45315059373505,28.379061942279556,9.748243553053118,0.5429130502287813,-3.313035092585417,-171.5862624249692
213.4647528017484,28.379732054701034,9.74688828649771,0.5437370273713017,-3.3138774482812,-171.6194163912207
213.4763551797543,28.380400897004893,9.745533372397821,0.5445610996647771,-3.314720020022445,-171.65254936113215
213.48795772744995,28.381068469143298,9.744178810753452,0.5453852670822055,-3.315562807869185,-171.68566133470338
213.4995604445324,28.38173477106845,9.742824601564603,0.5462095295965878,-3.3164058118814306,-171.71875231193454
213.5111633306988,28.382399802732674,9.741470744831274,0.5470338871809312,-3.3172490321191725,-171.7518222928254
213.52276638564615,28.38306356408834,9.740117240553463,0.547858339808246,-3.3180924686423836,-171.78487127737617
213.5343696090714,28.383726055087898,9.738764088731173,0.5486828874515488,-3.3189361215110047,-171.81789926558682
213.54597300067155,28.38438727568385,9.737411289364402,0.5495075300838603,-3.3197799907849634,-171.8509062574572
213.55757656014347,28.3850472258288,9.736058842453152,0.5503322676782061,-3.320624076524163,-171.88389225298752
213.56918028718397,28.3857059054754,9.734706747997423,0.5511571002076151,-3.3214683787884853,-171.91685725217758
213.58078418148986,28.386363314576403,9.733355005997215,0.5519820276451224,-3.3223128976377923,-171.9498012550275
213.59238824275786,28.38701945308461,9.732003616452525,0.5528070499637685,-3.3231576331319195,-171.98272426153733
213.60399247068474,28.3876743209529,9.730652579363353,0.5536321671365975,-3.3240025853306903,-172.01562627170694
213.61559686496707,28.388327918134223,9.729301894729705,0.5544573791366572,-3.3248477542938915,-172.04850728553646
213.6272014253015,28.388980244581624,9.727951562551572,0.5552826859370028,-3.3256931400813023,-172.08136730302567
213.63880615138459,28.38963130024817,9.726601582828962,0.5561080875106927,-3.326538742752676,-172.1142063241748
213.65041104291282,28.39028108508706,9.72525195556187,0.5569335838307893,-3.32738456236774,-172.14702434898376
213.6620160995827,28.39092959905154,9.7239026807503,0.5577591748703626,-3.328230598986204,-172.17982137745255
213.67362132109062,28.391576842094896,9.722553758394252,0.5585848606024838,-3.329076852667754,-172.21259740958118
213.68522670713295,28.392222814170545,9.72120518849372,0.5594106410002329,-3.3299233234720558,-172.24535244536966
213.69683225740604,28.39286751523195,9.71985697104871,0.5602365160366911,-3.3307700114587546,-172.27808648481792
213.70843797160612,28.39351094523262,9.718509106059217,0.5610624856849458,-3.331616916687472,-172.31079952792606
213.72004384942946,28.394153104126193,9.71716159352525,0.5618885499180899,-3.3324640392178035,-172.34349157469404
213.73164989057224,28.394793991866333,9.715814433446798,0.5627147087092206,-3.3333113791093316,-172.37616262512188
213.7432560947306,28.3954336084068,9.714467625823866,0.5635409620314407,-3.334158936421612,-172.40881267920955
213.7548624616007,28.396071953701416,9.713121170656454,0.5643673098578572,-3.3350067112141817,-172.441441736957
213.76646899087848,28.39670902770407,9.711775067944565,0.5651937521615806,-3.335854703546548,-172.47404979836432
213.77807568225998,28.397344830368745,9.710429317688194,0.5660202889157288,-3.3367029134782076,-172.50663686343142
213.78968253544116,28.397979361649487,9.709083919887341,0.5668469200934241,-3.3375513410686253,-172.5392029321585
213.80128955011796,28.398612621500405,9.70773887454201,0.5676736456677918,-3.338399986377251,-172.57174800454524
213.8128967259862,28.39924460987569,9.706394181652197,0.5685004656119651,-3.3392488494635093,-172.60427208059198
213.82450406274177,28.399875326729603,9.705049841217905,0.569327379899079,-3.340097930386805,-172.63677516029853
213.83611156008038,28.400504772016486,9.703705853239134,0.5701543885022765,-3.3409472292065185,-172.6692572436648
213.84771921769777,28.401132945690744,9.702362217715882,0.5709814913947024,-3.34179674598201,-172.70171833069097
213.85932703528965,28.40175984770685,9.70101893464815,0.5718086885495097,-3.3426464807726175,-172.73415842137695
213.87093501255163,28.402385478019372,9.69967600403594,0.5726359799398537,-3.3434964336376574,-172.76657751572284
213.88254314917933,28.403009836582925,9.698333425879248,0.5734633655388965,-3.3443466046364243,-172.79897561372852
213.89415144486827,28.40363292335221,9.696991200178074,0.5742908453198046,-3.34519699382819,-172.83135271539396
213.90575989931398,28.40425473828201,9.695649326932422,0.5751184192557479,-3.346047601272205,-172.8637088207194
213.9173685122119,28.40487528132715,9.694307806142293,0.575946087319905,-3.346898427027697,-172.8960439297046
