galstreams/tracks/track.po.PS1-E.bernard2016.ecsv
# %ECSV 0.9
# ---
# datatype:
# - {name: ra, unit: deg, datatype: float64}
# - {name: dec, unit: deg, datatype: float64}
# - {name: distance, unit: kpc, datatype: float64}
# - {name: pm_ra_cosdec, unit: mas / yr, datatype: float64}
# - {name: pm_dec, unit: mas / yr, datatype: float64}
# - {name: radial_velocity, unit: km / s, datatype: float64}
# delimiter: ','
# meta: !!omap
# - __serialized_columns__:
#     dec:
#       __class__: astropy.coordinates.angles.Latitude
#       unit: &id001 !astropy.units.Unit {unit: deg}
#       value: !astropy.table.SerializedColumn {name: dec}
#     distance:
#       __class__: astropy.coordinates.distances.Distance
#       unit: !astropy.units.Unit {unit: kpc}
#       value: !astropy.table.SerializedColumn {name: distance}
#     pm_dec:
#       __class__: astropy.units.quantity.Quantity
#       unit: !astropy.units.Unit {unit: mas / yr}
#       value: !astropy.table.SerializedColumn {name: pm_dec}
#     pm_ra_cosdec:
#       __class__: astropy.units.quantity.Quantity
#       unit: !astropy.units.Unit {unit: mas / yr}
#       value: !astropy.table.SerializedColumn {name: pm_ra_cosdec}
#     ra:
#       __class__: astropy.coordinates.angles.Longitude
#       unit: *id001
#       value: !astropy.table.SerializedColumn {name: ra}
#       wrap_angle: !astropy.coordinates.Angle
#         unit: *id001
#         value: 360.0
#     radial_velocity:
#       __class__: astropy.units.quantity.Quantity
#       unit: !astropy.units.Unit {unit: km / s}
#       value: !astropy.table.SerializedColumn {name: radial_velocity}
# schema: astropy-2.0
ra,dec,distance,pm_ra_cosdec,pm_dec,radial_velocity
[from data line 473]
164.4332954832181,49.90764878048394,12.600000000000016,0.0,0.0,0.0
164.4431024675978,49.91540739385488,12.600000000000014,0.0,0.0,0.0
164.45291260813238,49.92316517998169,12.600000000000016,0.0,0.0,0.0
164.46272590636858,49.93092213837057,12.600000000000014,0.0,0.0,0.0
164.47254236385396,49.93867826852751,12.600000000000016,0.0,0.0,0.0
164.48236198213655,49.94643356995815,12.600000000000014,0.0,0.0,0.0
164.49218476276516,49.954188042167814,12.600000000000014,0.0,0.0,0.0
164.50201070728914,49.96194168466145,12.600000000000014,0.0,0.0,0.0
164.51183981725853,49.96969449694377,12.600000000000016,0.0,0.0,0.0
164.52167209422393,49.977446478519006,12.600000000000014,0.0,0.0,0.0
164.53150753973668,49.98519762889121,12.600000000000014,0.0,0.0,0.0
164.54134615534872,49.99294794756404,12.600000000000016,0.0,0.0,0.0
164.55118794261261,50.00069743404084,12.600000000000014,0.0,0.0,0.0
164.5610329030816,50.008446087824645,12.600000000000014,0.0,0.0,0.0
164.57088103830958,50.01619390841815,12.600000000000014,0.0,0.0,0.0
164.58073234985096,50.02394089532366,12.600000000000014,0.0,0.0,0.0
164.5905868392609,50.03168704804324,12.600000000000016,0.0,0.0,0.0
164.60044450809522,50.039432366078586,12.60000000000001,0.0,0.0,0.0
164.61030535791028,50.047176848931066,12.600000000000012,0.0,0.0,0.0
164.62016939026316,50.054920496101744,12.600000000000012,0.0,0.0,0.0
164.6300366067116,50.06266330709135,12.60000000000001,0.0,0.0,0.0
164.63990700881382,50.07040528140021,12.60000000000001,0.0,0.0,0.0
164.64978059812887,50.0781464185284,12.600000000000014,0.0,0.0,0.0
164.65965737621633,50.08588671797567,12.60000000000001,0.0,0.0,0.0
164.66953734463644,50.09362617924138,12.60000000000001,0.0,0.0,0.0
164.67942050495012,50.10136480182462,12.60000000000001,0.0,0.0,0.0
164.68930685871888,50.10910258522418,12.60000000000001,0.0,0.0,0.0
164.69919640750487,50.11683952893834,12.600000000000014,0.0,0.0,0.0
164.70908915287086,50.124575632465245,12.60000000000001,0.0,0.0,0.0
164.71898509638032,50.13231089530261,12.60000000000001,0.0,0.0,0.0
164.72888423959733,50.14004531694787,12.600000000000012,0.0,0.0,0.0
164.7387865840866,50.14777889689809,12.600000000000012,0.0,0.0,0.0
164.74869213141352,50.15551163465006,12.600000000000012,0.0,0.0,0.0
164.758600883144,50.1632435297001,12.600000000000014,0.0,0.0,0.0
164.76851284084466,50.17097458154435,12.600000000000014,0.0,0.0,0.0
164.77842800608283,50.17870478967854,12.600000000000012,0.0,0.0,0.0
164.7883463804264,50.186434153598114,12.60000000000001,0.0,0.0,0.0
164.79826796544387,50.19416267279813,12.60000000000001,0.0,0.0,0.0
164.80819276270452,50.20189034677338,12.600000000000012,0.0,0.0,0.0
164.818120773778,50.209617175018224,12.600000000000012,0.0,0.0,0.0
164.82805200023483,50.21734315702673,12.60000000000001,0.0,0.0,0.0
164.83798644364614,50.22506829229271,12.600000000000014,0.0,0.0,0.0
164.8479241055836,50.23279258030953,12.600000000000012,0.0,0.0,0.0
164.85786498761962,50.240516020570354,12.600000000000014,0.0,0.0,0.0
164.86780909132713,50.2482386125678,12.600000000000014,0.0,0.0,0.0
164.87775641827977,50.25596035579436,12.60000000000001,0.0,0.0,0.0
164.88770697005182,50.26368124974208,12.600000000000012,0.0,0.0,0.0
164.89766074821824,50.27140129390272,12.600000000000014,0.0,0.0,0.0
164.90761775435448,50.27912048776767,12.600000000000012,0.0,0.0,0.0
164.91757799003685,50.28683883082806,12.60000000000001,0.0,0.0,0.0
164.92754145684202,50.29455632257452,12.60000000000001,0.0,0.0,0.0
164.93750815634746,50.302272962497504,12.60000000000001,0.0,0.0,0.0
164.94747809013128,50.30998875008707,12.600000000000009,0.0,0.0,0.0
164.95745125977223,50.31770368483294,12.60000000000001,0.0,0.0,0.0
164.96742766684966,50.32541776622451,12.600000000000012,0.0,0.0,0.0
164.97740731294354,50.333130993750856,12.60000000000001,0.0,0.0,0.0
164.98739019963443,50.340843366900636,12.60000000000001,0.0,0.0,0.0
164.9973763285037,50.34855488516224,12.60000000000001,0.0,0.0,0.0
165.00736570113315,50.35626554802372,12.60000000000001,0.0,0.0,0.0
165.01735831910537,50.36397535497277,12.600000000000009,0.0,0.0,0.0
165.0273541840035,50.37168430549678,12.60000000000001,0.0,0.0,0.0
165.0373532974114,50.37939239908278,12.60000000000001,0.0,0.0,0.0
165.0473556609134,50.38709963521739,12.60000000000001,0.0,0.0,0.0
165.0573612760946,50.39480601338701,12.600000000000012,0.0,0.0,0.0
165.06737014454075,50.40251153307762,12.600000000000009,0.0,0.0,0.0
165.07738226783812,50.41021619377493,12.60000000000001,0.0,0.0,0.0
165.0873976475737,50.41791999496424,12.60000000000001,0.0,0.0,0.0
165.09741628533516,50.42562293613058,12.60000000000001,0.0,0.0,0.0
165.1074381827106,50.43332501675854,12.60000000000001,0.0,0.0,0.0
165.11746334128898,50.44102623633246,12.60000000000001,0.0,0.0,0.0
165.1274917626598,50.44872659433631,12.60000000000001,0.0,0.0,0.0
165.1375234484132,50.45642609025372,12.60000000000001,0.0,0.0,0.0
165.14755840013993,50.46412472356803,12.60000000000001,0.0,0.0,0.0
165.15759661943136,50.471822493762105,12.60000000000001,0.0,0.0,0.0
165.16763810787958,50.47951940031858,12.600000000000009,0.0,0.0,0.0
165.1776828670772,50.48721544271972,12.600000000000009,0.0,0.0,0.0
165.1877308986176,50.49491062044748,12.60000000000001,0.0,0.0,0.0
165.19778220409464,50.50260493298341,12.60000000000001,0.0,0.0,0.0
165.20783678510296,50.510298379808816,12.60000000000001,0.0,0.0,0.0
165.21789464323763,50.517990960404504,12.60000000000001,0.0,0.0,0.0
165.2279557800946,50.525682674251065,12.60000000000001,0.0,0.0,0.0
165.23802019727023,50.53337352082872,12.60000000000001,0.0,0.0,0.0
165.24808789636168,50.54106349961734,12.60000000000001,0.0,0.0,0.0
165.25815887896667,50.54875261009646,12.60000000000001,0.0,0.0,0.0
165.2682331466836,50.55644085174528,12.60000000000001,0.0,0.0,0.0
165.27831070111134,50.56412822404259,12.60000000000001,0.0,0.0,0.0
165.28839154384954,50.571814726466904,12.60000000000001,0.0,0.0,0.0
165.29847567649847,50.57950035849639,12.600000000000009,0.0,0.0,0.0
165.30856310065906,50.587185119608854,12.60000000000001,0.0,0.0,0.0
165.31865381793273,50.594869009281766,12.600000000000012,0.0,0.0,0.0
165.3287478299217,50.60255202699227,12.60000000000001,0.0,0.0,0.0
165.33884513822863,50.61023417221707,12.600000000000009,0.0,0.0,0.0
165.348945744457,50.61791544443264,12.60000000000001,0.0,0.0,0.0
165.35904965021084,50.62559584311505,12.600000000000009,0.0,0.0,0.0
165.36915685709477,50.63327536774006,12.600000000000007,0.0,0.0,0.0
165.37926736671412,50.64095401778305,12.600000000000007,0.0,0.0,0.0
165.3893811806748,50.64863179271911,12.600000000000009,0.0,0.0,0.0
165.39949830058333,50.65630869202286,12.60000000000001,0.0,0.0,0.0
165.40961872804687,50.6639847151687,12.600000000000009,0.0,0.0,0.0
165.41974246467325,50.67165986163063,12.600000000000009,0.0,0.0,0.0
165.42986951207092,50.679334130882324,12.600000000000007,0.0,0.0,0.0
165.43999987184893,50.687007522397074,12.600000000000009,0.0,0.0,0.0
165.45013354561704,50.6946800356479,12.600000000000009,0.0,0.0,0.0
165.46027053498543,50.70235167010735,12.60000000000001,0.0,0.0,0.0
165.4704108415651,50.710022425247715,12.600000000000007,0.0,0.0,0.0
165.48055446696767,50.717692300540946,12.600000000000009,0.0,0.0,0.0
165.49070141280532,50.72536129545858,12.60000000000001,0.0,0.0,0.0
165.50085168069094,50.73302940947193,12.600000000000009,0.0,0.0,0.0
165.51100527223784,50.74069664205175,12.600000000000007,0.0,0.0,0.0
165.5211621890602,50.748362992668646,12.600000000000009,0.0,0.0,0.0
165.5313224327727,50.75602846079278,12.600000000000007,0.0,0.0,0.0
165.54148600499073,50.76369304589398,12.600000000000009,0.0,0.0,0.0
165.5516529073302,50.77135674744173,12.600000000000007,0.0,0.0,0.0
165.5618231414078,50.779019564905205,12.600000000000009,0.0,0.0,0.0
165.57199670884063,50.7866814977531,12.600000000000009,0.0,0.0,0.0
165.5821736112466,50.7943425454539,12.600000000000007,0.0,0.0,0.0
165.5923538502441,50.80200270747567,12.600000000000009,0.0,0.0,0.0
165.60253742745235,50.80966198328616,12.600000000000007,0.0,0.0,0.0
165.61272434449097,50.817320372352725,12.600000000000009,0.0,0.0,0.0
165.62291460298042,50.824977874142455,12.600000000000009,0.0,0.0,0.0
165.63310820454151,50.83263448812193,12.600000000000009,0.0,0.0,0.0
165.64330515079598,50.84029021375753,12.600000000000009,0.0,0.0,0.0
165.653505443366,50.84794505051522,12.600000000000007,0.0,0.0,0.0
165.66370908387438,50.85559899786062,12.600000000000009,0.0,0.0,0.0
165.67391607394464,50.86325205525901,12.600000000000007,0.0,0.0,0.0
165.68412641520092,50.870904222175334,12.60000000000001,0.0,0.0,0.0
165.69434010926784,50.878555498074086,12.600000000000009,0.0,0.0,0.0
165.70455715777075,50.8862058824195,12.600000000000009,0.0,0.0,0.0
165.71477756233568,50.89385537467546,12.600000000000009,0.0,0.0,0.0
165.72500132458921,50.90150397430546,12.600000000000007,0.0,0.0,0.0
165.73522844615852,50.909151680772645,12.600000000000009,0.0,0.0,0.0
165.74545892867152,50.91679849353986,12.600000000000009,0.0,0.0,0.0
165.75569277375658,50.92444441206947,12.600000000000009,0.0,0.0,0.0
165.76592998304278,50.93208943582359,12.600000000000007,0.0,0.0,0.0
165.77617055815992,50.939733564263975,12.600000000000009,0.0,0.0,0.0
165.78641450073823,50.947376796851984,12.600000000000007,0.0,0.0,0.0
165.7966618124087,50.95501913304866,12.600000000000007,0.0,0.0,0.0
165.80691249480296,50.96266057231471,12.600000000000009,0.0,0.0,0.0
165.8171665495531,50.97030111411036,12.600000000000007,0.0,0.0,0.0
165.82742397829196,50.97794075789561,12.600000000000007,0.0,0.0,0.0
165.837684782653,50.98557950313007,12.600000000000007,0.0,0.0,0.0
165.84794896427024,50.993217349272996,12.600000000000007,0.0,0.0,0.0
165.85821652477847,51.000854295783306,12.600000000000007,0.0,0.0,0.0
165.86848746581285,51.008490342119444,12.600000000000007,0.0,0.0,0.0
165.87876178900933,51.01612548773964,12.600000000000007,0.0,0.0,0.0
165.88903949600447,51.02375973210172,12.600000000000007,0.0,0.0,0.0
165.89932058843544,51.031393074663136,12.600000000000005,0.0,0.0,0.0
165.90960506794,51.03902551488101,12.600000000000007,0.0,0.0,0.0
165.9198929361566,51.04665705221212,12.600000000000007,0.0,0.0,0.0
165.93018419472415,51.05428768611277,12.600000000000005,0.0,0.0,0.0
165.9404788452823,51.06191741603905,12.60000000000001,0.0,0.0,0.0
165.9507768894714,51.06954624144662,12.600000000000007,0.0,0.0,0.0
165.96107832893222,51.07717416179079,12.600000000000005,0.0,0.0,0.0
165.97138316530632,51.08480117652655,12.600000000000007,0.0,0.0,0.0
165.98169140023583,51.0924272851085,12.600000000000007,0.0,0.0,0.0
165.99200303536338,51.10005248699082,12.600000000000007,0.0,0.0,0.0
166.00231807233237,51.10767678162742,12.600000000000007,0.0,0.0,0.0
166.01263651278674,51.115300168471826,12.600000000000009,0.0,0.0,0.0
166.0229583583711,51.122922646977194,12.600000000000009,0.0,0.0,0.0
166.03328361073062,51.13054421659632,12.600000000000007,0.0,0.0,0.0
166.0436122715112,51.1381648767817,12.600000000000007,0.0,0.0,0.0
166.0539443423591,51.14578462698532,12.600000000000007,0.0,0.0,0.0
166.06427982492147,51.153403466658936,12.600000000000009,0.0,0.0,0.0
166.07461872084593,51.16102139525391,12.600000000000007,0.0,0.0,0.0
166.0849610317808,51.16863841222123,12.600000000000005,0.0,0.0,0.0
166.09530675937498,51.17625451701155,12.600000000000007,0.0,0.0,0.0
166.10565590527798,51.18386970907516,12.600000000000007,0.0,0.0,0.0
166.11600847113985,51.191483987861915,12.600000000000007,0.0,0.0,0.0
166.12636445861136,51.19909735282138,12.600000000000007,0.0,0.0,0.0
166.13672386934388,51.206709803402745,12.600000000000009,0.0,0.0,0.0
166.14708670498933,51.21432133905484,12.600000000000007,0.0,0.0,0.0
166.15745296720036,51.22193195922613,12.600000000000007,0.0,0.0,0.0
166.16782265763018,51.22954166336475,12.600000000000007,0.0,0.0,0.0
166.17819577793247,51.23715045091835,12.600000000000007,0.0,0.0,0.0
166.18857232976177,51.244758321334345,12.600000000000007,0.0,0.0,0.0
166.19895231477304,51.252365274059734,12.600000000000007,0.0,0.0,0.0
166.20933573462193,51.259971308541175,12.600000000000007,0.0,0.0,0.0
166.2197225909648,51.26757642422497,12.600000000000007,0.0,0.0,0.0
166.2301128854584,51.27518062055698,12.600000000000007,0.0,0.0,0.0
166.24050661976023,51.28278389698276,12.600000000000007,0.0,0.0,0.0
166.25090379552842,51.290386252947506,12.600000000000007,0.0,0.0,0.0
166.26130441442166,51.29798768789607,12.600000000000007,0.0,0.0,0.0
166.27170847809927,51.30558820127286,12.600000000000007,0.0,0.0,0.0
166.28211598822125,51.31318779252203,12.600000000000007,0.0,0.0,0.0
166.29252694644796,51.32078646108722,12.600000000000007,0.0,0.0,0.0
166.3029413544407,51.328384206411826,12.600000000000007,0.0,0.0,0.0
166.31335921386116,51.33598102793884,12.600000000000005,0.0,0.0,0.0
166.3237805263717,51.34357692511089,12.600000000000005,0.0,0.0,0.0
166.3342052936354,51.35117189737023,12.600000000000005,0.0,0.0,0.0
166.34463351731577,51.3587659441588,12.600000000000005,0.0,0.0,0.0
166.355065199077,51.366359064918015,12.600000000000007,0.0,0.0,0.0
166.36550034058385,51.3739512590891,12.600000000000005,0.0,0.0,0.0
166.3759389435018,51.38154252611283,12.600000000000007,0.0,0.0,0.0
166.3863810094969,51.389132865429644,12.600000000000005,0.0,0.0,0.0
166.39682654023568,51.396722276479565,12.600000000000005,0.0,0.0,0.0
166.40727553738552,51.40431075870235,12.600000000000005,0.0,0.0,0.0
166.41772800261413,51.41189831153721,12.600000000000003,0.0,0.0,0.0
166.42818393758995,51.41948493442314,12.600000000000005,0.0,0.0,0.0
166.43864334398216,51.42707062679873,12.600000000000005,0.0,0.0,0.0
166.44910622346032,51.43465538810217,12.600000000000005,0.0,0.0,0.0
166.45957257769476,51.44223921777131,12.600000000000007,0.0,0.0,0.0
166.4700424083564,51.44982211524367,12.600000000000007,0.0,0.0,0.0
166.48051571711656,51.45740407995625,12.600000000000005,0.0,0.0,0.0
166.49099250564743,51.464985111345825,12.600000000000005,0.0,0.0,0.0
166.50147277562175,51.47256520884876,12.600000000000007,0.0,0.0,0.0
166.51195652871272,51.48014437190105,12.600000000000007,0.0,0.0,0.0
166.52244376659428,51.487722599938294,12.600000000000007,0.0,0.0,0.0
166.532934490941,51.49529989239579,12.600000000000005,0.0,0.0,0.0
166.54342870342785,51.50287624870835,12.600000000000005,0.0,0.0,0.0
166.55392640573064,51.51045166831049,12.600000000000005,0.0,0.0,0.0
166.56442759952566,51.51802615063636,12.600000000000005,0.0,0.0,0.0
166.57493228648983,51.525599695119716,12.600000000000005,0.0,0.0,0.0
166.58544046830073,51.533172301193986,12.600000000000005,0.0,0.0,0.0
166.59595214663636,51.540743968292105,12.600000000000007,0.0,0.0,0.0
166.6064673231755,51.548314695846756,12.600000000000005,0.0,0.0,0.0
166.61698599959752,51.55588448329022,12.600000000000005,0.0,0.0,0.0
166.6275081775823,51.56345333005438,12.600000000000007,0.0,0.0,0.0
166.6380338588104,51.571021235570775,12.600000000000005,0.0,0.0,0.0
166.64856304496297,51.57858819927058,12.600000000000007,0.0,0.0,0.0
166.65909573772166,51.5861542205845,12.600000000000007,0.0,0.0,0.0
166.66963193876887,51.593719298942965,12.600000000000007,0.0,0.0,0.0
166.68017164978747,51.60128343377602,12.600000000000005,0.0,0.0,0.0
166.69071487246103,51.608846624513326,12.600000000000005,0.0,0.0,0.0
166.7012616084737,51.61640887058413,12.600000000000005,0.0,0.0,0.0
166.7118118595102,51.623970171417405,12.600000000000005,0.0,0.0,0.0
166.7223656272558,51.631530526441594,12.600000000000005,0.0,0.0,0.0
166.73292291339646,51.63908993508489,12.600000000000005,0.0,0.0,0.0
166.7434837196187,51.646648396775056,12.600000000000005,0.0,0.0,0.0
166.75404804760964,51.654205910939524,12.600000000000005,0.0,0.0,0.0
166.76461589905702,51.66176247700529,12.600000000000007,0.0,0.0,0.0
166.7751872756492,51.66931809439907,12.600000000000007,0.0,0.0,0.0
166.78576217907494,51.676872762547035,12.600000000000005,0.0,0.0,0.0
166.79634061102385,51.684426480875125,12.600000000000005,0.0,0.0,0.0
166.806922573186,51.69197924880886,12.600000000000003,0.0,0.0,0.0
166.81750806725208,51.6995310657734,12.600000000000005,0.0,0.0,0.0
