galstreams/tracks/track.po.Sangarius.grillmair2017.ecsv
# %ECSV 0.9
# ---
# datatype:
# - {name: ra, unit: deg, datatype: float64}
# - {name: dec, unit: deg, datatype: float64}
# - {name: distance, unit: kpc, datatype: float64}
# - {name: pm_ra_cosdec, unit: mas / yr, datatype: float64}
# - {name: pm_dec, unit: mas / yr, datatype: float64}
# - {name: radial_velocity, unit: km / s, datatype: float64}
# delimiter: ','
# meta: !!omap
# - __serialized_columns__:
#     dec:
#       __class__: astropy.coordinates.angles.Latitude
#       unit: &id001 !astropy.units.Unit {unit: deg}
#       value: !astropy.table.SerializedColumn {name: dec}
#     distance:
#       __class__: astropy.coordinates.distances.Distance
#       unit: !astropy.units.Unit {unit: kpc}
#       value: !astropy.table.SerializedColumn {name: distance}
#     pm_dec:
#       __class__: astropy.units.quantity.Quantity
#       unit: !astropy.units.Unit {unit: mas / yr}
#       value: !astropy.table.SerializedColumn {name: pm_dec}
#     pm_ra_cosdec:
#       __class__: astropy.units.quantity.Quantity
#       unit: !astropy.units.Unit {unit: mas / yr}
#       value: !astropy.table.SerializedColumn {name: pm_ra_cosdec}
#     ra:
#       __class__: astropy.coordinates.angles.Longitude
#       unit: *id001
#       value: !astropy.table.SerializedColumn {name: ra}
#       wrap_angle: !astropy.coordinates.Angle
#         unit: *id001
#         value: 360.0
#     radial_velocity:
#       __class__: astropy.units.quantity.Quantity
#       unit: !astropy.units.Unit {unit: km / s}
#       value: !astropy.table.SerializedColumn {name: radial_velocity}
# schema: astropy-2.0
ra,dec,distance,pm_ra_cosdec,pm_dec,radial_velocity
[from data line 464]
133.81019506831532,-12.96532692979327,20.99999999999999,0.0,0.0,0.0
133.8097151038883,-12.955335876112892,20.999999999999993,0.0,0.0,0.0
133.8092351779672,-12.945344821554137,20.999999999999993,0.0,0.0,0.0
133.80875529051815,-12.935353766117784,20.999999999999993,0.0,0.0,0.0
133.80827544150745,-12.92536270980459,20.99999999999999,0.0,0.0,0.0
133.8077956309012,-12.91537165261527,20.99999999999999,0.0,0.0,0.0
133.80731585866567,-12.905380594550714,20.999999999999993,0.0,0.0,0.0
133.8068361247671,-12.895389535611644,20.99999999999999,0.0,0.0,0.0
133.80635642917173,-12.885398475798816,20.99999999999999,0.0,0.0,0.0
133.80587677184573,-12.875407415112996,20.999999999999993,0.0,0.0,0.0
133.80539715275546,-12.865416353554965,20.99999999999999,0.0,0.0,0.0
133.80491757186715,-12.855425291125442,20.999999999999993,0.0,0.0,0.0
133.80443802914704,-12.845434227825296,20.999999999999993,0.0,0.0,0.0
133.80395852456144,-12.835443163655246,20.99999999999999,0.0,0.0,0.0
133.80347905807665,-12.825452098616056,20.999999999999993,0.0,0.0,0.0
133.80299962965898,-12.8154610327085,20.999999999999993,0.0,0.0,0.0
133.80252023927477,-12.805469965933348,20.999999999999993,0.0,0.0,0.0
133.80204088689032,-12.795478898291304,20.999999999999993,0.0,0.0,0.0
133.80156157247194,-12.785487829783257,20.99999999999999,0.0,0.0,0.0
133.80108229598602,-12.775496760409911,20.99999999999999,0.0,0.0,0.0
133.80060305739892,-12.765505690172038,20.999999999999993,0.0,0.0,0.0
133.800123856677,-12.755514619070404,20.99999999999999,0.0,0.0,0.0
133.79964469378663,-12.745523547105776,20.99999999999999,0.0,0.0,0.0
133.79916556869418,-12.735532474278866,20.99999999999999,0.0,0.0,0.0
133.79868648136605,-12.725541400590558,20.99999999999999,0.0,0.0,0.0
133.79820743176867,-12.715550326041548,20.99999999999999,0.0,0.0,0.0
133.79772841986846,-12.705559250632607,20.999999999999993,0.0,0.0,0.0
133.79724944563182,-12.695568174364512,20.999999999999993,0.0,0.0,0.0
133.7967705090252,-12.68557709723802,20.999999999999993,0.0,0.0,0.0
133.79629161001503,-12.675586019253833,20.999999999999993,0.0,0.0,0.0
133.79581274856778,-12.665594940412854,20.999999999999993,0.0,0.0,0.0
133.79533392464995,-12.655603860715763,20.999999999999993,0.0,0.0,0.0
133.79485513822797,-12.645612780163336,20.999999999999993,0.0,0.0,0.0
133.79437638926828,-12.635621698756342,20.999999999999996,0.0,0.0,0.0
133.79389767773748,-12.62563061649554,20.999999999999996,0.0,0.0,0.0
133.793419003602,-12.61563953338164,20.999999999999996,0.0,0.0,0.0
133.79294036682842,-12.60564844941552,20.99999999999999,0.0,0.0,0.0
133.79246176738317,-12.59565736459788,20.999999999999993,0.0,0.0,0.0
133.79198320523284,-12.585666278929498,20.999999999999996,0.0,0.0,0.0
133.79150468034402,-12.575675192411122,20.999999999999993,0.0,0.0,0.0
133.79102619268318,-12.565684105043466,20.999999999999993,0.0,0.0,0.0
133.79054774221692,-12.555693016827401,20.999999999999993,0.0,0.0,0.0
133.7900693289118,-12.54570192776364,20.999999999999993,0.0,0.0,0.0
133.78959095273441,-12.53571083785294,20.99999999999999,0.0,0.0,0.0
133.78911261365138,-12.525719747096073,20.999999999999993,0.0,0.0,0.0
133.78863431162924,-12.515728655493785,20.999999999999993,0.0,0.0,0.0
133.78815604663464,-12.505737563046786,20.999999999999993,0.0,0.0,0.0
133.78767781863425,-12.49574646975596,20.999999999999993,0.0,0.0,0.0
133.7871996275946,-12.485755375622004,20.999999999999993,0.0,0.0,0.0
133.7867214734824,-12.47576428064568,20.99999999999999,0.0,0.0,0.0
133.78624335626427,-12.465773184827752,20.999999999999993,0.0,0.0,0.0
133.78576527590687,-12.455782088168972,20.999999999999993,0.0,0.0,0.0
133.7852872323769,-12.445790990670057,20.999999999999993,0.0,0.0,0.0
133.78480922564103,-12.43579989233187,20.999999999999996,0.0,0.0,0.0
133.78433125566593,-12.425808793155118,20.999999999999993,0.0,0.0,0.0
133.78385332241828,-12.415817693140564,20.999999999999993,0.0,0.0,0.0
133.78337542586485,-12.405826592288959,20.999999999999993,0.0,0.0,0.0
133.7828975659723,-12.395835490601065,20.999999999999996,0.0,0.0,0.0
133.7824197427074,-12.385844388077588,20.999999999999996,0.0,0.0,0.0
133.78194195603683,-12.375853284719398,20.999999999999996,0.0,0.0,0.0
133.78146420592742,-12.365862180527206,20.999999999999993,0.0,0.0,0.0
133.78098649234585,-12.355871075501753,20.999999999999993,0.0,0.0,0.0
133.7805088152589,-12.345879969643805,20.999999999999996,0.0,0.0,0.0
133.78003117463336,-12.335888862954064,20.999999999999996,0.0,0.0,0.0
133.77955357043604,-12.325897755433411,20.999999999999996,0.0,0.0,0.0
133.77907600263367,-12.315906647082537,20.999999999999993,0.0,0.0,0.0
133.7785984711931,-12.305915537902193,20.999999999999993,0.0,0.0,0.0
133.77812097608114,-12.295924427893148,20.99999999999999,0.0,0.0,0.0
133.77764351726458,-12.285933317056148,20.999999999999993,0.0,0.0,0.0
133.77716609471028,-12.27594220539196,20.999999999999993,0.0,0.0,0.0
133.77668870838508,-12.265951092901284,20.99999999999999,0.0,0.0,0.0
133.7762113582558,-12.255959979584977,20.999999999999993,0.0,0.0,0.0
133.77573404428935,-12.245968865443743,20.999999999999996,0.0,0.0,0.0
133.77525676645254,-12.235977750478353,20.999999999999993,0.0,0.0,0.0
133.77477952471233,-12.22598663468954,20.999999999999996,0.0,0.0,0.0
133.7743023190355,-12.215995518078026,20.999999999999993,0.0,0.0,0.0
133.77382514938907,-12.206004400644655,20.999999999999993,0.0,0.0,0.0
133.77334801573986,-12.196013282390142,20.999999999999993,0.0,0.0,0.0
133.7728709180548,-12.186022163315243,20.999999999999993,0.0,0.0,0.0
133.77239385630082,-12.1760310434207,20.999999999999993,0.0,0.0,0.0
133.77191683044487,-12.166039922707274,20.999999999999993,0.0,0.0,0.0
133.77143984045387,-12.156048801175663,20.999999999999993,0.0,0.0,0.0
133.77096288629477,-12.146057678826736,20.999999999999993,0.0,0.0,0.0
133.77048596793458,-12.136066555661186,20.999999999999993,0.0,0.0,0.0
133.77000908534023,-12.126075431679766,20.999999999999993,0.0,0.0,0.0
133.76953223847872,-12.11608430688324,20.999999999999993,0.0,0.0,0.0
133.76905542731703,-12.106093181272344,20.999999999999993,0.0,0.0,0.0
133.76857865182214,-12.096102054847783,20.999999999999996,0.0,0.0,0.0
133.76810191196108,-12.086110927610429,20.999999999999993,0.0,0.0,0.0
133.7676252077009,-12.076119799560963,20.999999999999996,0.0,0.0,0.0
133.76714853900856,-12.066128670700156,20.999999999999996,0.0,0.0,0.0
133.76667190585115,-12.056137541028741,21.0,0.0,0.0,0.0
133.7661953081957,-12.046146410547482,20.999999999999996,0.0,0.0,0.0
133.7657187460093,-12.03615527925707,20.999999999999996,0.0,0.0,0.0
133.76524221925894,-12.026164147158372,20.999999999999996,0.0,0.0,0.0
133.76476572791174,-12.016173014252075,21.0,0.0,0.0,0.0
133.76428927193476,-12.006181880538936,21.0,0.0,0.0,0.0
133.7638128512951,-11.996190746019716,21.0,0.0,0.0,0.0
133.7633364659599,-11.98619961069509,20.999999999999996,0.0,0.0,0.0
133.76286011589625,-11.976208474565928,21.0,0.0,0.0,0.0
133.76238380107122,-11.966217337632928,21.0,0.0,0.0,0.0
133.761907521452,-11.956226199896841,20.999999999999996,0.0,0.0,0.0
133.7614312770057,-11.946235061358403,21.0,0.0,0.0,0.0
133.76095506769946,-11.936243922018377,21.0,0.0,0.0,0.0
133.76047889350045,-11.926252781877519,20.999999999999996,0.0,0.0,0.0
133.76000275437585,-11.916261640936499,20.999999999999996,0.0,0.0,0.0
133.7595266502928,-11.906270499196195,21.0,0.0,0.0,0.0
133.7590505812185,-11.896279356657299,20.999999999999996,0.0,0.0,0.0
133.75857454712013,-11.886288213320555,21.0,0.0,0.0,0.0
133.75809854796495,-11.876297069186707,20.999999999999996,0.0,0.0,0.0
133.7576225837201,-11.866305924256451,20.999999999999996,0.0,0.0,0.0
133.7571466543528,-11.856314778530653,21.0,0.0,0.0,0.0
133.75667075983034,-11.84632363201,20.999999999999996,0.0,0.0,0.0
133.75619490011988,-11.836332484695234,20.999999999999996,0.0,0.0,0.0
133.75571907518875,-11.826341336587108,20.999999999999996,0.0,0.0,0.0
133.75524328500413,-11.816350187686371,20.999999999999993,0.0,0.0,0.0
133.75476752953332,-11.806359037993706,20.999999999999996,0.0,0.0,0.0
133.7542918087436,-11.796367887509977,21.0,0.0,0.0,0.0
133.75381612260222,-11.78637673623588,21.0,0.0,0.0,0.0
133.75334047107654,-11.776385584172147,21.0,0.0,0.0,0.0
133.75286485413378,-11.76639443131954,20.999999999999996,0.0,0.0,0.0
133.7523892717413,-11.756403277678794,20.999999999999996,0.0,0.0,0.0
133.75191372386638,-11.7464121232506,20.999999999999996,0.0,0.0,0.0
133.75143821047638,-11.736420968035818,21.0,0.0,0.0,0.0
133.7509627315386,-11.726429812035128,21.0,0.0,0.0,0.0
133.75048728702043,-11.716438655249299,20.999999999999996,0.0,0.0,0.0
133.75001187688923,-11.706447497679047,20.999999999999996,0.0,0.0,0.0
133.74953650111232,-11.696456339325136,20.999999999999996,0.0,0.0,0.0
133.7490611596571,-11.68646518018824,21.0,0.0,0.0,0.0
133.74858585249092,-11.676474020269229,20.999999999999996,0.0,0.0,0.0
133.74811057958118,-11.666482859568779,20.999999999999996,0.0,0.0,0.0
133.74763534089533,-11.656491698087647,21.0,0.0,0.0,0.0
133.7471601364007,-11.646500535826563,21.0,0.0,0.0,0.0
133.74668496606478,-11.63650937278622,20.999999999999996,0.0,0.0,0.0
133.74620982985493,-11.626518208967479,20.999999999999996,0.0,0.0,0.0
133.7457347277386,-11.616527044371018,20.999999999999996,0.0,0.0,0.0
133.74525965968326,-11.60653587899758,21.0,0.0,0.0,0.0
133.74478462565634,-11.596544712847919,20.999999999999996,0.0,0.0,0.0
133.7443096256253,-11.586553545922763,20.999999999999996,0.0,0.0,0.0
133.74383465955762,-11.576562378222862,20.999999999999996,0.0,0.0,0.0
133.74335972742077,-11.566571209748895,20.999999999999993,0.0,0.0,0.0
133.7428848291822,-11.556580040501723,20.999999999999996,0.0,0.0,0.0
133.7424099648095,-11.546588870482028,20.999999999999996,0.0,0.0,0.0
133.74193513427008,-11.536597699690558,21.0,0.0,0.0,0.0
133.7414603375315,-11.526606528128047,20.999999999999996,0.0,0.0,0.0
133.74098557456128,-11.516615355795185,20.999999999999993,0.0,0.0,0.0
133.74051084532695,-11.506624182692809,21.0,0.0,0.0,0.0
133.740036149796,-11.496633008821624,21.0,0.0,0.0,0.0
133.73956148793604,-11.486641834182365,20.999999999999996,0.0,0.0,0.0
133.7390868597146,-11.476650658775764,21.0,0.0,0.0,0.0
133.73861226509928,-11.466659482602571,20.999999999999996,0.0,0.0,0.0
133.73813770405758,-11.456668305663461,20.999999999999996,0.0,0.0,0.0
133.73766317655713,-11.446677127959296,20.999999999999996,0.0,0.0,0.0
133.73718868256555,-11.436685949490744,21.0,0.0,0.0,0.0
133.73671422205035,-11.42669477025856,21.0,0.0,0.0,0.0
133.7362397949792,-11.416703590263475,20.999999999999996,0.0,0.0,0.0
133.73576540131978,-11.406712409506222,21.0,0.0,0.0,0.0
133.73529104103957,-11.396721227987502,20.999999999999996,0.0,0.0,0.0
133.73481671410633,-11.386730045708147,21.0,0.0,0.0,0.0
133.73434242048762,-11.376738862668848,20.999999999999996,0.0,0.0,0.0
133.7338681601511,-11.366747678870341,20.999999999999996,0.0,0.0,0.0
133.7333939330645,-11.35675649431336,21.0,0.0,0.0,0.0
133.73291973919544,-11.346765308998652,20.999999999999996,0.0,0.0,0.0
133.73244557851157,-11.336774122926883,21.0,0.0,0.0,0.0
133.73197145098064,-11.326782936098923,21.0,0.0,0.0,0.0
133.73149735657026,-11.316791748515438,21.0,0.0,0.0,0.0
133.7310232952482,-11.306800560177166,21.0,0.0,0.0,0.0
133.73054926698217,-11.29680937108485,21.0,0.0,0.0,0.0
133.73007527173985,-11.28681818123917,21.0,0.0,0.0,0.0
133.729601309489,-11.276826990640963,20.999999999999996,0.0,0.0,0.0
133.72912738019733,-11.26683579929092,21.0,0.0,0.0,0.0
133.7286534838326,-11.256844607189779,20.999999999999993,0.0,0.0,0.0
133.7281796203626,-11.246853414338261,21.0,0.0,0.0,0.0
133.72770578975502,-11.23686222073712,20.999999999999993,0.0,0.0,0.0
133.72723199197767,-11.226871026387077,20.999999999999996,0.0,0.0,0.0
133.7267582269983,-11.216879831288818,20.999999999999993,0.0,0.0,0.0
133.72628449478478,-11.206888635443182,20.999999999999996,0.0,0.0,0.0
133.72581079530482,-11.19689743885086,21.0,0.0,0.0,0.0
133.72533712852626,-11.186906241512578,21.0,0.0,0.0,0.0
133.7248634944169,-11.176915043429071,21.0,0.0,0.0,0.0
133.72438989294454,-11.16692384460102,20.999999999999996,0.0,0.0,0.0
133.72391632407707,-11.156932645029274,20.999999999999996,0.0,0.0,0.0
133.7234427877823,-11.146941444714505,20.999999999999996,0.0,0.0,0.0
133.72296928402804,-11.136950243657441,20.999999999999996,0.0,0.0,0.0
133.7224958127822,-11.126959041858834,20.999999999999993,0.0,0.0,0.0
133.7220223740126,-11.11696783931939,21.0,0.0,0.0,0.0
133.72154896768714,-11.106976636039805,21.0,0.0,0.0,0.0
133.7210755937737,-11.096985432020928,20.999999999999996,0.0,0.0,0.0
133.72060225224013,-11.086994227263428,20.999999999999993,0.0,0.0,0.0
133.72012894305436,-11.077003021768025,20.999999999999996,0.0,0.0,0.0
133.71965566618428,-11.067011815535473,20.999999999999993,0.0,0.0,0.0
133.71918242159782,-11.05702060856649,21.0,0.0,0.0,0.0
133.71870920926287,-11.047029400861753,20.999999999999996,0.0,0.0,0.0
133.71823602914742,-11.037038192422113,20.999999999999993,0.0,0.0,0.0
133.71776288121933,-11.027046983248242,21.0,0.0,0.0,0.0
133.71728976544662,-11.017055773340868,20.999999999999996,0.0,0.0,0.0
133.71681668179718,-11.007064562700721,20.999999999999996,0.0,0.0,0.0
133.716343630239,-10.997073351328536,21.0,0.0,0.0,0.0
133.71587061074007,-10.987082139224995,20.999999999999996,0.0,0.0,0.0
133.71539762326833,-10.977090926390924,20.999999999999996,0.0,0.0,0.0
133.71492466779182,-10.967099712827011,20.999999999999993,0.0,0.0,0.0
133.71445174427848,-10.957108498533975,21.0,0.0,0.0,0.0
133.71397885269633,-10.947117283512553,21.0,0.0,0.0,0.0
133.71350599301343,-10.937126067763417,20.999999999999996,0.0,0.0,0.0
133.7130331651977,-10.92713485128741,20.999999999999996,0.0,0.0,0.0
133.71256036921727,-10.917143634085203,21.0,0.0,0.0,0.0
133.7120876050401,-10.90715241615753,20.999999999999996,0.0,0.0,0.0
133.71161487263427,-10.897161197505115,20.999999999999996,0.0,0.0,0.0
133.71114217196785,-10.887169978128691,20.999999999999996,0.0,0.0,0.0
133.71066950300886,-10.877178758028977,20.999999999999996,0.0,0.0,0.0
133.71019686572544,-10.867187537206656,20.999999999999996,0.0,0.0,0.0
133.70972426008555,-10.857196315662566,20.999999999999993,0.0,0.0,0.0
133.7092516860574,-10.847205093397374,21.0,0.0,0.0,0.0
133.70877914360898,-10.837213870411809,21.0,0.0,0.0,0.0
133.70830663270849,-10.827222646706613,20.999999999999996,0.0,0.0,0.0
133.70783415332392,-10.817231422282434,20.999999999999996,0.0,0.0,0.0
133.7073617054235,-10.807240197140125,21.0,0.0,0.0,0.0
133.7068892889753,-10.79724897128036,20.999999999999996,0.0,0.0,0.0
133.70641690394743,-10.787257744703862,20.999999999999996,0.0,0.0,0.0
133.70594455030812,-10.777266517411345,21.0,0.0,0.0,0.0
133.70547222802543,-10.767275289403557,20.999999999999996,0.0,0.0,0.0
133.70499993706756,-10.75728406068116,20.999999999999996,0.0,0.0,0.0
133.70452767740267,-10.747292831244984,21.0,0.0,0.0,0.0
133.70405544899893,-10.737301601095714,21.0,0.0,0.0,0.0
133.7035832518245,-10.727310370234067,20.999999999999993,0.0,0.0,0.0
133.70311108584764,-10.717319138660768,21.0,0.0,0.0,0.0
133.70263895103645,-10.707327906376541,20.999999999999996,0.0,0.0,0.0
133.70216684735922,-10.69733667338206,20.999999999999996,0.0,0.0,0.0
133.70169477478416,-10.687345439678161,21.0,0.0,0.0,0.0
133.7012227332794,-10.677354205265512,21.0,0.0,0.0,0.0
133.70075072281327,-10.667362970144842,21.0,0.0,0.0,0.0
133.70027874335395,-10.65737173431687,20.999999999999996,0.0,0.0,0.0
133.69980679486972,-10.647380497782319,20.999999999999996,0.0,0.0,0.0
133.69933487732882,-10.637389260541866,20.999999999999993,0.0,0.0,0.0
133.69886299069952,-10.62739802259634,20.999999999999996,0.0,0.0,0.0
133.69839113495004,-10.617406783946409,21.0,0.0,0.0,0.0
133.69791931004875,-10.607415544592799,20.999999999999996,0.0,0.0,0.0
133.69744751596383,-10.597424304536236,20.999999999999996,0.0,0.0,0.0
133.69697575266366,-10.587433063777377,20.999999999999996,0.0,0.0,0.0
133.6965040201165,-10.57744182231707,20.999999999999993,0.0,0.0,0.0
133.69603231829063,-10.567450580155965,20.999999999999996,0.0,0.0,0.0
