galstreams/tracks/track.st.C-5.ibata2020.ecsv
# %ECSV 0.9
# ---
# datatype:
# - {name: ra, unit: deg, datatype: float64}
# - {name: dec, unit: deg, datatype: float64}
# - {name: distance, unit: kpc, datatype: float64}
# - {name: pm_ra_cosdec, unit: mas / yr, datatype: float64}
# - {name: pm_dec, unit: mas / yr, datatype: float64}
# - {name: radial_velocity, unit: km / s, datatype: float64}
# delimiter: ','
# meta: !!omap
# - __serialized_columns__:
#     dec:
#       __class__: astropy.coordinates.angles.Latitude
#       unit: &id001 !astropy.units.Unit {unit: deg}
#       value: !astropy.table.SerializedColumn {name: dec}
#     distance:
#       __class__: astropy.coordinates.distances.Distance
#       unit: !astropy.units.Unit {unit: kpc}
#       value: !astropy.table.SerializedColumn {name: distance}
#     pm_dec:
#       __class__: astropy.units.quantity.Quantity
#       unit: !astropy.units.Unit {unit: mas / yr}
#       value: !astropy.table.SerializedColumn {name: pm_dec}
#     pm_ra_cosdec:
#       __class__: astropy.units.quantity.Quantity
#       unit: !astropy.units.Unit {unit: mas / yr}
#       value: !astropy.table.SerializedColumn {name: pm_ra_cosdec}
#     ra:
#       __class__: astropy.coordinates.angles.Longitude
#       unit: *id001
#       value: !astropy.table.SerializedColumn {name: ra}
#       wrap_angle: !astropy.coordinates.Angle
#         unit: *id001
#         value: 360.0
#     radial_velocity:
#       __class__: astropy.units.quantity.Quantity
#       unit: !astropy.units.Unit {unit: km / s}
#       value: !astropy.table.SerializedColumn {name: radial_velocity}
# schema: astropy-2.0
ra,dec,distance,pm_ra_cosdec,pm_dec,radial_velocity
[from data line 139]
117.95796116453754,34.63919322282424,4.685758149057604,-0.686398332711085,-9.602401727288846,1.6841534259744676e-14
117.99022847256826,34.62384982765139,4.6972297145346165,-0.683470920983617,-9.588243042989586,1.6841534259744676e-14
118.02245630013098,34.60845553795562,4.708809217558136,-0.6805174891805594,-9.573895820547996,-3.368306851948935e-14
118.05464404149268,34.593009496867296,4.720498384702974,-0.6775370950563593,-9.55935356128752,-1.6841534259744676e-14
118.08679109019427,34.577510848093425,4.732298942543937,-0.6745287890157368,-9.544609767433654,-1.6841534259744676e-14
118.11889683906028,34.56195873591591,4.744212617655832,-0.6714916141607472,-9.5296579421143,-1.6841534259744676e-14
118.15096068020895,34.546352305189856,4.756241136613472,-0.6684246063385866,-9.51449158935991,-1.6841534259744676e-14
118.182982005062,34.53069070134178,4.768386225991661,-0.6653267941901153,-9.499104214103518,1.6841534259744676e-14
118.21496020435478,34.51497307036785,4.78064961236521,-0.6621971991990945,-9.483489322180567,1.6841534259744676e-14
118.24689466814642,34.499198558831985,4.7930330223089275,-0.6590348357421578,-9.467640420328575,-1.6841534259744676e-14
118.27878478583015,34.48336631386402,4.805538182397623,-0.6558387111394797,-9.451551016186638,-3.368306851948935e-14
118.31062994614358,34.46747548315781,4.818166819206101,-0.6526078257061814,-9.435214618294799,-3.368306851948935e-14
118.3424295371792,34.451525214969266,4.830920659309176,-0.6493411728044252,-9.418624736093157,-1.6841534259744676e-14
118.37418294639495,34.43551465811439,4.843801429281653,-0.6460377388962388,-9.401774879920914,1.6841534259744676e-14
118.40588956062474,34.41944296196729,4.85681085569834,-0.6426965035970156,-9.384658561015174,-3.368306851948935e-14
118.43754876608931,34.40330927645807,4.8699506651340485,-0.6393164397297559,-9.367269291509594,-3.368306851948935e-14
118.46915994840703,34.387112752070784,4.883222584163586,-0.6358965133799825,-9.349600584432878,0.0
118.50072249260472,34.37085253984137,4.896628339361759,-0.6324356839513512,-9.33164595370708,1.6841534259744676e-14
118.53223578312884,34.35452779135544,4.91016965730338,-0.6289329042219665,-9.313398914145724,0.0
118.56369920385627,34.33813765874611,4.923848264563253,-0.6253871204013794,-9.294852981451783,-1.6841534259744676e-14
118.59511213810588,34.321681294691786,4.93766588771619,-0.621797272188281,-9.27600167221544,0.0
118.62647396864945,34.3051578524139,4.951624253337001,-0.6181622928288586,-9.256838503911707,1.6841534259744676e-14
118.65778407772324,34.28856648567467,4.96572508800049,-0.6144811091758551,-9.237356994897869,-1.6841534259744676e-14
118.68904184703936,34.27190634877471,4.979970118281471,-0.6107526417482971,-9.217550664410702,1.6841534259744676e-14
118.72024665779728,34.25517659655074,4.994361070754747,-0.606975804791873,-9.19741303256359,-1.6841534259744676e-14
118.7513978906955,34.238376384373126,5.00889967199513,-0.6031495063400094,-9.176937620343399,0.0
118.78249492594314,34.221504868143526,5.023587648577428,-0.5992726482755917,-9.156117949607198,1.6841534259744676e-14
118.81353714327183,34.204561204292396,5.03842672707645,-0.5953441263933517,-9.134947543078813,0.0
118.8445239219475,34.18754454977648,5.053418634067003,-0.5913628304629095,-9.113419924345193,0.0
118.87545464078234,34.17045406207633,5.068565096123899,-0.5873276442924604,-9.091528617852573,1.6841534259744676e-14
118.90632867814682,34.15328889919372,5.083867839821943,-0.5832374457931182,-9.069267148902501,-3.368306851948935e-14
118.93714541198179,34.13604821964903,5.0993285917359445,-0.5790911070438869,-9.04662904364766,-1.6841534259744676e-14
118.96790421981069,34.11873118247866,5.114949078440715,-0.5748874943572859,-9.0236078290875,0.0
118.99860447875173,34.101336947232355,5.130731026511059,-0.5706254683455934,-9.000197033063722,0.0
119.02924556553025,34.083864673970496,5.146676162521788,-0.5663038839877148,-8.976390184255548,-1.6841534259744676e-14
119.05982685649121,34.06631352326137,5.16278621304771,-0.5619215906967037,-8.95218081217485,1.6841534259744676e-14
119.09034772761157,34.04868265617846,5.179062904663632,-0.5574774323878473,-8.927562447161048,-1.6841534259744676e-14
119.12080755451285,34.030971234297546,5.1955079639443635,-0.5529702475474134,-8.902528620375886,1.6841534259744676e-14
119.1512057124739,34.013178419693986,5.2121231174647145,-0.5483988693019841,-8.87707286379796,1.6841534259744676e-14
119.18154157644332,33.9953033749398,5.228910091799494,-0.5437621254883729,-8.851188710217151,3.368306851948935e-14
119.2118145210526,33.977345263100794,5.245870613523508,-0.5390588387241784,-8.8248696932288,0.0
119.24202392062865,33.95930324773361,5.263006409211568,-0.53428782647889,-8.79810934722774,0.0
119.27216914920686,33.94117649288278,5.280319205438479,-0.5294479011455966,-8.770901207402165,-1.6841534259744676e-14
119.30224958054401,33.92296416307775,5.297810728779052,-0.5245378701132677,-8.743238809727268,1.6841534259744676e-14
119.33226458813145,33.90466542332983,5.315482705808097,-0.5195565358396124,-8.715115690958754,3.368306851948935e-14
119.36221354520806,33.886279439129176,5.333336863100418,-0.5145026959244998,-8.686525388626155,-1.6841534259744676e-14
119.39209582477342,33.86780537644166,5.351374927230829,-0.5093751431839286,-8.657461441025948,0.0
119.42191079960122,33.84924240170574,5.369598624774135,-0.5041726657245829,-8.62791738721452,3.368306851948935e-14
119.45165784225239,33.830589681829416,5.388009682305148,-0.4988940470188974,-8.597886767000967,1.6841534259744676e-14
119.4813363250885,33.81184638418689,5.406609826398673,-0.4935380659806757,-8.567363120939671,1.6841534259744676e-14
119.5109456202853,33.79301167661548,5.425400783629518,-0.48810349704126893,-8.536339990322748,1.6841534259744676e-14
119.54048509984601,33.77408472741231,5.444384280572497,-0.4825891102262274,-8.504810917172286,0.0
119.56995413561502,33.75506470533103,5.4635620438024155,-0.47699367123252934,-8.472769444232437,5.0524602779234026e-14
119.59935209929142,33.73595077957859,5.48293579989408,-0.471315941506278,-8.440209114961336,1.6841534259744676e-14
119.62867836244266,33.71674211981176,5.502507275422303,-0.465554678320931,-8.407123473522795,0.0
119.65793229651818,33.697437896133934,5.5222781969618895,-0.459708634856014,-8.3735060647779,5.0524602779234026e-14
119.6871132728634,33.678037279091605,5.542250291087648,-0.45377656027633884,-8.339350434276387,1.6841534259744676e-14
119.71622066273322,33.65853943967095,5.5624252843743935,-0.4477571998116792,-8.30465012824785,3.368306851948935e-14
119.74525383730615,33.63894354929446,5.582804903396929,-0.4416492948369648,-8.269398693592828,3.368306851948935e-14
119.77421216769807,33.61924877981736,5.6033908747300645,-0.4354515829528928,-8.233589677873642,3.368306851948935e-14
119.80309502497622,33.59945430352415,5.624184924948608,-0.42916279806703256,-8.197216629305139,-3.368306851948935e-14
