galstreams/tracks/track.st.Parallel.weiss2018.ecsv
# %ECSV 1.0
# ---
# datatype:
# - {name: ra, unit: deg, datatype: float64}
# - {name: dec, unit: deg, datatype: float64}
# - {name: distance, unit: kpc, datatype: float64}
# - {name: pm_ra_cosdec, unit: mas / yr, datatype: float64}
# - {name: pm_dec, unit: mas / yr, datatype: float64}
# - {name: radial_velocity, unit: km / s, datatype: float64}
# delimiter: ','
# meta: !!omap
# - __serialized_columns__:
#     dec:
#       __class__: astropy.coordinates.angles.Latitude
#       unit: &id001 !astropy.units.Unit {unit: deg}
#       value: !astropy.table.SerializedColumn {name: dec}
#     distance:
#       __class__: astropy.coordinates.distances.Distance
#       unit: !astropy.units.Unit {unit: kpc}
#       value: !astropy.table.SerializedColumn {name: distance}
#     pm_dec:
#       __class__: astropy.units.quantity.Quantity
#       unit: !astropy.units.Unit {unit: mas / yr}
#       value: !astropy.table.SerializedColumn {name: pm_dec}
#     pm_ra_cosdec:
#       __class__: astropy.units.quantity.Quantity
#       unit: !astropy.units.Unit {unit: mas / yr}
#       value: !astropy.table.SerializedColumn {name: pm_ra_cosdec}
#     ra:
#       __class__: astropy.coordinates.angles.Longitude
#       unit: *id001
#       value: !astropy.table.SerializedColumn {name: ra}
#       wrap_angle: !astropy.coordinates.Angle
#         unit: *id001
#         value: 360.0
#     radial_velocity:
#       __class__: astropy.units.quantity.Quantity
#       unit: !astropy.units.Unit {unit: km / s}
#       value: !astropy.table.SerializedColumn {name: radial_velocity}
# schema: astropy-2.0
ra,dec,distance,pm_ra_cosdec,pm_dec,radial_velocity
[from data line 702]
186.1051295057839,2.5259771343765465,14.87876652432746,0.0,0.0,0.0
186.09527166039655,2.527410471786673,14.878247023226765,0.0,0.0,0.0
186.0854137932335,2.5288437344395627,14.87772752212607,0.0,0.0,0.0
186.07555590428342,2.5302769222926185,14.877208021025377,0.0,0.0,0.0
186.0656979935351,2.531710035303206,14.87668851992468,0.0,0.0,0.0
186.0558400609772,2.5331430734287306,14.876169018823985,0.0,0.0,0.0
186.0459821065985,2.5345760366265715,14.87564951772329,0.0,0.0,0.0
186.03612413038778,2.5360089248541122,14.875130016622593,0.0,0.0,0.0
186.02626613233366,2.5374417380687593,14.874610515521898,0.0,0.0,0.0
186.016408112425,2.538874476227894,14.874091014421204,0.0,0.0,0.0
186.00655007065043,2.540307139288926,14.873571513320503,0.0,0.0,0.0
185.99669200699873,2.541739727209245,14.873052012219814,0.0,0.0,0.0
185.9868339214587,2.5431722399462435,14.872532511119115,0.0,0.0,0.0
185.976975814019,2.54460467745734,14.87201301001842,0.0,0.0,0.0
185.9671176846685,2.546037039699921,14.871493508917723,0.0,0.0,0.0
185.9572595333958,2.547469326631407,14.87097400781703,0.0,0.0,0.0
185.94740136018982,2.5489015382091913,14.870454506716332,0.0,0.0,0.0
185.93754316503916,2.550333674390697,14.869935005615638,0.0,0.0,0.0
185.92768494793265,2.551765735133329,14.869415504514942,0.0,0.0,0.0
185.9178267088591,2.5531977203944902,14.868896003414244,0.0,0.0,0.0
185.90796844780724,2.5546296301316125,14.86837650231355,0.0,0.0,0.0
185.89811016476582,2.5560614643020956,14.867857001212853,0.0,0.0,0.0
185.88825185972362,2.5574932228633744,14.86733750011216,0.0,0.0,0.0
185.8783935326694,2.5589249057728605,14.866817999011461,0.0,0.0,0.0
185.868535183592,2.5603565129879686,14.866298497910767,0.0,0.0,0.0
185.8586768124801,2.5617880444661396,14.865778996810073,0.0,0.0,0.0
185.8488184193226,2.5632195001647804,14.865259495709376,0.0,0.0,0.0
185.83896000410815,2.564650880041339,14.86473999460868,0.0,0.0,0.0
185.82910156682564,2.5660821840532257,14.864220493507986,0.0,0.0,0.0
185.81924310746376,2.5675134121578886,14.86370099240729,0.0,0.0,0.0
185.8093846260114,2.568944564312753,14.863181491306598,0.0,0.0,0.0
185.79952612245737,2.5703756404752482,14.862661990205899,0.0,0.0,0.0
185.78966759679034,2.571806640602826,14.862142489105205,0.0,0.0,0.0
185.7798090489992,2.573237564652908,14.861622988004509,0.0,0.0,0.0
185.76995047907272,2.574668412582952,14.861103486903815,0.0,0.0,0.0
185.76009188699973,2.5760991843503858,14.860583985803116,0.0,0.0,0.0
185.75023327276898,2.577529879912669,14.86006448470242,0.0,0.0,0.0
185.74037463636932,2.5789604992272412,14.859544983601724,0.0,0.0,0.0
185.7305159777896,2.580391042251541,14.859025482501028,0.0,0.0,0.0
185.72065729701856,2.5818215089430363,14.858505981400333,0.0,0.0,0.0
185.7107985940451,2.583251899259162,14.857986480299639,0.0,0.0,0.0
185.70093986885792,2.5846822131573903,14.857466979198941,0.0,0.0,0.0
185.69108112144596,2.5861124505951585,14.856947478098249,0.0,0.0,0.0
185.68122235179797,2.5875426115299427,14.856427976997551,0.0,0.0,0.0
185.67136355990274,2.5889726959191925,14.855908475896856,0.0,0.0,0.0
185.66150474574928,2.5904027037203634,14.85538897479616,0.0,0.0,0.0
185.6516459093262,2.5918326348909346,14.854869473695464,0.0,0.0,0.0
185.6417870506225,2.593262489388355,14.85434997259477,0.0,0.0,0.0
185.6319281696269,2.594692267170107,14.853830471494074,0.0,0.0,0.0
185.62206926632828,2.5961219681936547,14.853310970393379,0.0,0.0,0.0
185.6122103407155,2.5975515924164587,14.852791469292681,0.0,0.0,0.0
185.6023513927774,2.5989811397960088,14.852271968191989,0.0,0.0,0.0
185.59249242250283,2.600410610289764,14.851752467091295,0.0,0.0,0.0
185.58263342988062,2.6018400038552167,14.851232965990596,0.0,0.0,0.0
185.57277441489964,2.6032693204498307,14.850713464889903,0.0,0.0,0.0
185.5629153775487,2.6046985600311023,14.850193963789208,0.0,0.0,0.0
185.5530563178167,2.606127722556504,14.84967446268851,0.0,0.0,0.0
185.54319723569253,2.6075568079835145,14.849154961587818,0.0,0.0,0.0
185.53333813116498,2.6089858162696364,14.84863546048712,0.0,0.0,0.0
185.523479004223,2.61041474737234,14.848115959386423,0.0,0.0,0.0
185.51361985485534,2.611843601249134,14.847596458285725,0.0,0.0,0.0
185.5037606830509,2.6132723778575007,14.84707695718503,0.0,0.0,0.0
185.49390148879868,2.6147010771549257,14.846557456084337,0.0,0.0,0.0
185.4840422720874,2.616129699098922,14.846037954983638,0.0,0.0,0.0
185.47418303290607,2.617558243646971,14.845518453882944,0.0,0.0,0.0
185.46432377124341,2.618986710756589,14.84499895278225,0.0,0.0,0.0
185.45446448708844,2.62041510038526,14.844479451681556,0.0,0.0,0.0
185.44460518042996,2.621843412490506,14.843959950580858,0.0,0.0,0.0
185.43474585125688,2.6232716470298234,14.843440449480163,0.0,0.0,0.0
185.42488649955817,2.6246998039607106,14.842920948379469,0.0,0.0,0.0
185.41502712532258,2.6261278832406942,14.842401447278773,0.0,0.0,0.0
185.40516772853914,2.6275558848272684,14.841881946178077,0.0,0.0,0.0
185.39530830919665,2.6289838086779627,14.841362445077381,0.0,0.0,0.0
185.38544886728408,2.630411654750277,14.840842943976684,0.0,0.0,0.0
185.37558940279027,2.6318394230017437,14.840323442875993,0.0,0.0,0.0
185.36572991570415,2.633267113389875,14.839803941775296,0.0,0.0,0.0
185.35587040601467,2.6346947258721816,14.839284440674598,0.0,0.0,0.0
185.3460108737107,2.636122260406203,14.838764939573903,0.0,0.0,0.0
185.33615131878113,2.637549716949449,14.838245438473205,0.0,0.0,0.0
185.32629174121493,2.638977095459461,14.837725937372513,0.0,0.0,0.0
185.31643214100094,2.64040439589376,14.837206436271813,0.0,0.0,0.0
185.3065725181282,2.641831618209869,14.836686935171121,0.0,0.0,0.0
185.29671287258552,2.6432587623653365,14.836167434070425,0.0,0.0,0.0
185.28685320436193,2.644685828317679,14.835647932969728,0.0,0.0,0.0
185.27699351344623,2.646112816024452,14.835128431869034,0.0,0.0,0.0
185.2671337998275,2.647539725443175,14.834608930768338,0.0,0.0,0.0
185.25727406349452,2.6489665565314064,14.834089429667644,0.0,0.0,0.0
185.24741430443632,2.6503933092466774,14.833569928566948,0.0,0.0,0.0
185.2375545226419,2.6518199835465275,14.833050427466253,0.0,0.0,0.0
185.2276947181,2.653246579388517,14.832530926365555,0.0,0.0,0.0
185.2178348907998,2.6546730967301784,14.832011425264858,0.0,0.0,0.0
185.20797504073005,2.6560995355290764,14.831491924164165,0.0,0.0,0.0
185.1981151678798,2.6575258957427565,14.83097242306347,0.0,0.0,0.0
185.18825527223802,2.658952177328762,14.830452921962774,0.0,0.0,0.0
185.1783953537936,2.6603783802446688,14.829933420862078,0.0,0.0,0.0
185.16853541253556,2.661804504448015,14.829413919761382,0.0,0.0,0.0
185.1586754484528,2.663230549896377,14.82889441866069,0.0,0.0,0.0
185.14881546153435,2.664656516547301,14.828374917559993,0.0,0.0,0.0
185.13895545176908,2.6660824043583675,14.827855416459297,0.0,0.0,0.0
185.12909541914604,2.6675082132871326,14.8273359153586,0.0,0.0,0.0
185.1192353636542,2.6689339432911554,14.826816414257907,0.0,0.0,0.0
185.10937528528245,2.6703595943280223,14.826296913157211,0.0,0.0,0.0
185.0995151840199,2.6717851663552885,14.825777412056516,0.0,0.0,0.0
185.08965505985537,2.6732106593305427,14.825257910955822,0.0,0.0,0.0
185.079794912778,2.674636073211346,14.824738409855124,0.0,0.0,0.0
185.0699347427766,2.6760614079552894,14.82421890875443,0.0,0.0,0.0
185.06007454984027,2.6774866635199457,14.82369940765373,0.0,0.0,0.0
185.05021433395802,2.678911839862887,14.823179906553037,0.0,0.0,0.0
185.04035409511877,2.680336936941713,14.822660405452341,0.0,0.0,0.0
185.0304938333116,2.681761954713992,14.822140904351645,0.0,0.0,0.0
185.02063354852538,2.683186893137329,14.821621403250948,0.0,0.0,0.0
185.01077324074924,2.684611752169295,14.821101902150254,0.0,0.0,0.0
185.00091290997207,2.686036531767498,14.820582401049561,0.0,0.0,0.0
184.99105255618292,2.687461231889523,14.820062899948866,0.0,0.0,0.0
184.98119217937085,2.6888858524929575,14.819543398848163,0.0,0.0,0.0
184.97133177952475,2.690310393535412,14.81902389774747,0.0,0.0,0.0
184.9614713566338,2.691734854974472,14.818504396646777,0.0,0.0,0.0
184.95161091068684,2.693159236767752,14.81798489554608,0.0,0.0,0.0
184.94175044167295,2.6945835388728487,14.817465394445383,0.0,0.0,0.0
184.93188994958126,2.6960077612473583,14.81694589334469,0.0,0.0,0.0
184.9220294344006,2.697431903848905,14.81642639224399,0.0,0.0,0.0
184.9121688961202,2.698855966635079,14.815906891143298,0.0,0.0,0.0
184.90230833472887,2.700279949563509,14.815387390042602,0.0,0.0,0.0
184.89244775021584,2.7017038525917907,14.814867888941908,0.0,0.0,0.0
184.88258714256997,2.7031276756775546,14.81434838784121,0.0,0.0,0.0
184.8727265117804,2.7045514187784097,14.813828886740515,0.0,0.0,0.0
184.86286585783623,2.7059750818519688,14.81330938563982,0.0,0.0,0.0
184.8530051807263,2.707398664855865,14.812789884539125,0.0,0.0,0.0
184.8431444804399,2.7088221677477056,14.812270383438428,0.0,0.0,0.0
184.83328375696587,2.7102455904851337,14.811750882337732,0.0,0.0,0.0
184.8234230102933,2.7116689330257664,14.81123138123704,0.0,0.0,0.0
184.81356224041141,2.713092195327223,14.810711880136342,0.0,0.0,0.0
184.803701447309,2.7145153773471518,14.810192379035646,0.0,0.0,0.0
184.79384063097535,2.7159384790431687,14.809672877934952,0.0,0.0,0.0
184.78397979139936,2.717361500372925,14.809153376834258,0.0,0.0,0.0
184.77411892857023,2.71878444129404,14.808633875733557,0.0,0.0,0.0
184.76425804247685,2.7202073017641695,14.808114374632863,0.0,0.0,0.0
184.75439713310843,2.721630081740945,14.807594873532171,0.0,0.0,0.0
184.74453620045404,2.7230527811820022,14.807075372431473,0.0,0.0,0.0
184.73467524450265,2.7244754000450007,14.80655587133078,0.0,0.0,0.0
184.72481426524345,2.725897938287572,14.80603637023008,0.0,0.0,0.0
184.7149532626654,2.7273203958673786,14.805516869129388,0.0,0.0,0.0
184.7050922367577,2.728742772742057,14.80499736802869,0.0,0.0,0.0
184.69523118750934,2.730165068869275,14.804477866927995,0.0,0.0,0.0
184.68537011490943,2.731587284206681,14.803958365827297,0.0,0.0,0.0
184.67550901894714,2.7330094187119194,14.803438864726605,0.0,0.0,0.0
184.66564789961146,2.734431472342669,14.802919363625909,0.0,0.0,0.0
184.65578675689156,2.735853445056571,14.802399862525213,0.0,0.0,0.0
184.64592559077641,2.737275336811307,14.801880361424518,0.0,0.0,0.0
184.63606440125525,2.7386971475645323,14.801360860323822,0.0,0.0,0.0
184.62620318831713,2.740118877273904,14.800841359223128,0.0,0.0,0.0
184.61634195195114,2.7415405258971086,14.800321858122432,0.0,0.0,0.0
184.60648069214645,2.7429620933918,14.799802357021736,0.0,0.0,0.0
184.59661940889205,2.744383579715668,14.79928285592104,0.0,0.0,0.0
184.58675810217719,2.745804984826369,14.798763354820345,0.0,0.0,0.0
184.57689677199085,2.7472263086815976,14.798243853719647,0.0,0.0,0.0
184.56703541832226,2.7486475512390234,14.797724352618951,0.0,0.0,0.0
184.55717404116052,2.75006871245632,14.79720485151826,0.0,0.0,0.0
184.54731264049465,2.751489792291184,14.796685350417562,0.0,0.0,0.0
184.53745121631397,2.752910790701287,14.796165849316864,0.0,0.0,0.0
184.52758976860744,2.754331707644331,14.795646348216174,0.0,0.0,0.0
184.51772829736421,2.7557525430779943,14.795126847115476,0.0,0.0,0.0
184.50786680257355,2.757173296959963,14.794607346014777,0.0,0.0,0.0
184.4980052842244,2.758593969247945,14.794087844914085,0.0,0.0,0.0
184.4881437423061,2.760014559899618,14.793568343813389,0.0,0.0,0.0
184.47828217680762,2.7614350688726956,14.793048842712691,0.0,0.0,0.0
184.46842058771824,2.7628554961248604,14.792529341611997,0.0,0.0,0.0
184.458558975027,2.7642758416138293,14.792009840511305,0.0,0.0,0.0
184.4486973387231,2.7656961052972986,14.79149033941061,0.0,0.0,0.0
184.43883567879573,2.767116287132964,14.790970838309912,0.0,0.0,0.0
184.42897399523397,2.768536387078549,14.790451337209214,0.0,0.0,0.0
184.41911228802704,2.7699564050917456,14.78993183610852,0.0,0.0,0.0
184.40925055716403,2.7713763411302827,14.789412335007823,0.0,0.0,0.0
184.39938880263423,2.7727961951518556,14.788892833907127,0.0,0.0,0.0
184.38952702442668,2.774215967114196,14.788373332806433,0.0,0.0,0.0
184.37966522253058,2.775635656975014,14.787853831705736,0.0,0.0,0.0
184.36980339693514,2.7770552646920206,14.787334330605042,0.0,0.0,0.0
184.35994154762952,2.7784747902229525,14.786814829504346,0.0,0.0,0.0
184.3500796746029,2.7798942335255163,14.786295328403654,0.0,0.0,0.0
184.34021777784443,2.781313594557455,14.785775827302956,0.0,0.0,0.0
184.33035585734333,2.78273287327648,14.78525632620226,0.0,0.0,0.0
184.32049391308874,2.7841520696403363,14.784736825101565,0.0,0.0,0.0
184.3106319450699,2.7855711836067454,14.784217324000869,0.0,0.0,0.0
184.30076995327602,2.786990215133436,14.783697822900175,0.0,0.0,0.0
184.29090793769618,2.788409164178157,14.783178321799475,0.0,0.0,0.0
184.28104589831972,2.789828030698633,14.782658820698781,0.0,0.0,0.0
184.27118383513573,2.7912468146526166,14.78213931959809,0.0,0.0,0.0
184.26132174813344,2.792665515997845,14.78161981849739,0.0,0.0,0.0
184.25145963730213,2.7940841346920506,14.781100317396694,0.0,0.0,0.0
184.24159750263087,2.795502670692996,14.780580816295998,0.0,0.0,0.0
184.231735344109,2.7969211239584157,14.780061315195303,0.0,0.0,0.0
184.22187316172563,2.798339494446073,14.779541814094609,0.0,0.0,0.0
184.2120109554701,2.7997577821137036,14.779022312993913,0.0,0.0,0.0
184.20214872533145,2.8011759869190795,14.778502811893217,0.0,0.0,0.0
184.19228647129904,2.8025941088199473,14.777983310792523,0.0,0.0,0.0
184.18242419336212,2.8040121477740585,14.77746380969183,0.0,0.0,0.0
184.1725618915098,2.805430103739187,14.77694430859113,0.0,0.0,0.0
184.16269956573137,2.806847976673083,14.776424807490434,0.0,0.0,0.0
184.15283721601602,2.808265766533524,14.775905306389738,0.0,0.0,0.0
184.142974842353,2.8096834732782683,14.775385805289043,0.0,0.0,0.0
184.13311244473167,2.8111010968650785,14.774866304188349,0.0,0.0,0.0
184.12325002314108,2.812518637251739,14.774346803087651,0.0,0.0,0.0
184.11338757757062,2.813936094396008,14.773827301986957,0.0,0.0,0.0
184.10352510800942,2.815353468255675,14.773307800886265,0.0,0.0,0.0
184.09366261444686,2.816770758788502,14.772788299785567,0.0,0.0,0.0
184.083800096872,2.818187965952283,14.772268798684872,0.0,0.0,0.0
184.07393755527428,2.81960508970479,14.771749297584176,0.0,0.0,0.0
184.0640749896429,2.8210221300038008,14.771229796483478,0.0,0.0,0.0
184.05421239996704,2.822439086807114,14.770710295382782,0.0,0.0,0.0
184.04434978623613,2.823855960072502,14.770190794282087,0.0,0.0,0.0
184.03448714843924,2.8252727497577697,14.769671293181391,0.0,0.0,0.0
184.0246244865658,2.8266894558206923,14.769151792080693,0.0,0.0,0.0
184.01476180060493,2.828106078219079,14.768632290980003,0.0,0.0,0.0
184.004899090546,2.829522616910718,14.768112789879307,0.0,0.0,0.0
183.99503635637834,2.830939071853398,14.767593288778608,0.0,0.0,0.0
183.98517359809108,2.832355443004934,14.767073787677916,0.0,0.0,0.0
183.97531081567365,2.833771730323113,14.766554286577222,0.0,0.0,0.0
183.9654480091152,2.8351879337657557,14.76603478547652,0.0,0.0,0.0
183.95558517840504,2.8366040532906593,14.765515284375827,0.0,0.0,0.0
183.9457223235326,2.8380200888556213,14.76499578327513,0.0,0.0,0.0
183.93585944448702,2.8394360404184713,14.764476282174437,0.0,0.0,0.0
183.9259965412577,2.8408519079370027,14.763956781073741,0.0,0.0,0.0
183.9161336138338,2.8422676913690474,14.763437279973047,0.0,0.0,0.0
183.9062706622048,2.843683390672405,14.762917778872348,0.0,0.0,0.0
183.89640768635982,2.845099005804911,14.762398277771656,0.0,0.0,0.0
183.8865446862883,2.8465145367243765,14.761878776670958,0.0,0.0,0.0
183.87668166197952,2.8479299833886156,14.761359275570264,0.0,0.0,0.0
183.86681861342274,2.8493453457554723,14.760839774469568,0.0,0.0,0.0
183.85695554060737,2.8507606237827545,14.760320273368873,0.0,0.0,0.0
183.8470924435226,2.852175817428307,14.759800772268177,0.0,0.0,0.0
183.8372293221578,2.8535909266499546,14.75928127116748,0.0,0.0,0.0
183.8273661765024,2.8550059514055213,14.758761770066789,0.0,0.0,0.0
183.81750300654556,2.8564208916528586,14.75824226896609,0.0,0.0,0.0
183.80763981227676,2.857835747349787,14.757722767865395,0.0,0.0,0.0
183.79777659368523,2.8592505184541634,14.757203266764698,0.0,0.0,0.0
