galstreams/tracks/track.st.Orphan-Chenab.ibata2021.ecsv
# %ECSV 0.9
# ---
# datatype:
# - {name: ra, unit: deg, datatype: float64}
# - {name: dec, unit: deg, datatype: float64}
# - {name: distance, unit: kpc, datatype: float64}
# - {name: pm_ra_cosdec, unit: mas / yr, datatype: float64}
# - {name: pm_dec, unit: mas / yr, datatype: float64}
# - {name: radial_velocity, unit: km / s, datatype: float64}
# delimiter: ','
# meta: !!omap
# - __serialized_columns__:
#     dec:
#       __class__: astropy.coordinates.angles.Latitude
#       unit: &id001 !astropy.units.Unit {unit: deg}
#       value: !astropy.table.SerializedColumn {name: dec}
#     distance:
#       __class__: astropy.coordinates.distances.Distance
#       unit: !astropy.units.Unit {unit: kpc}
#       value: !astropy.table.SerializedColumn {name: distance}
#     pm_dec:
#       __class__: astropy.units.quantity.Quantity
#       unit: !astropy.units.Unit {unit: mas / yr}
#       value: !astropy.table.SerializedColumn {name: pm_dec}
#     pm_ra_cosdec:
#       __class__: astropy.units.quantity.Quantity
#       unit: !astropy.units.Unit {unit: mas / yr}
#       value: !astropy.table.SerializedColumn {name: pm_ra_cosdec}
#     ra:
#       __class__: astropy.coordinates.angles.Longitude
#       unit: *id001
#       value: !astropy.table.SerializedColumn {name: ra}
#       wrap_angle: !astropy.coordinates.Angle
#         unit: *id001
#         value: 360.0
#     radial_velocity:
#       __class__: astropy.units.quantity.Quantity
#       unit: !astropy.units.Unit {unit: km / s}
#       value: !astropy.table.SerializedColumn {name: radial_velocity}
# schema: astropy-2.0
ra,dec,distance,pm_ra_cosdec,pm_dec,radial_velocity
[from data line 8187]
175.33137442689625,-37.108032026556394,14.102543754138104,-3.253392723623064,2.682567227785168,5.0524602779234026e-14
175.3351929038243,-37.11762577622225,14.103160107992288,-3.253737552156517,2.6828614849065215,5.0524602779234026e-14
175.3390115942643,-37.12721966546208,14.103777466491085,-3.2540823385706283,2.683155570733705,-3.368306851948935e-14
175.34283049831717,-37.13681369433533,14.104395829769253,-3.2544270828316613,2.683449485219239,0.0
175.34664961608394,-37.146407862901434,14.105015197961567,-3.2547717849058557,2.6837432283156373,3.368306851948935e-14
175.35046894766572,-37.15600217121989,14.105635571202779,-3.255116444759452,2.6840367999754284,-1.6841534259744676e-14
175.35428849316355,-37.16559661935016,14.106256949627651,-3.2554610623586653,2.6843302001511438,-1.6841534259744676e-14
175.35810825267865,-37.175191207351695,14.106879333370944,-3.255805637669705,2.6846234287953235,1.6841534259744676e-14
175.36192822631222,-37.1847859352841,14.107502722567425,-3.2561501706587634,2.684916485860512,0.0
175.36574841416552,-37.194380803206805,14.10812711735185,-3.256494661292022,2.6852093712992615,3.368306851948935e-14
175.36956881633995,-37.20397581117939,14.108752517858983,-3.256839109535647,2.6855020850641314,3.368306851948935e-14
175.37338943293682,-37.213570959261396,14.109378924223583,-3.25718351535579,2.6857946271076822,1.6841534259744676e-14
175.37721026405757,-37.22316624751241,14.110006336580417,-3.2575278787185886,2.686086997382491,1.6841534259744676e-14
175.38103130980366,-37.232761675991966,14.110634755064245,-3.257872199590176,2.686379195841132,5.0524602779234026e-14
175.3848525702767,-37.24235724475969,14.11126417980982,-3.258216477936658,2.686671222436189,1.6841534259744676e-14
175.3886740455782,-37.25195295387516,14.111894610951918,-3.2585607137241364,2.686963077120254,5.0524602779234026e-14
175.39249573580983,-37.261548803398014,14.11252604862529,-3.2589049069187,2.6872547598459233,-1.6841534259744676e-14
175.39631764107327,-37.27114479338791,14.113158492964699,-3.259249057486418,2.6875462705658,1.6841534259744676e-14
175.40013976147026,-37.280740923904446,14.113791944104914,-3.2595931653933485,2.6878376092324943,-1.6841534259744676e-14
175.40396209710258,-37.29033719500734,14.114426402180683,-3.2599372306055425,2.688128775798624,1.6841534259744676e-14
175.4077846480721,-37.29993360675623,14.115061867326784,-3.2602812530890275,2.68841977021681,1.6841534259744676e-14
175.41160741448073,-37.309530159210794,14.11569833967797,-3.260625232809824,2.6887105924396812,1.6841534259744676e-14
175.41543039643042,-37.31912685243078,14.116335819368993,-3.26096916973394,2.689001242419874,-1.6841534259744676e-14
175.4192535940231,-37.32872368647587,14.116974306534631,-3.2613130638273633,2.689291720110031,5.0524602779234026e-14
175.42307700736094,-37.33832066140583,14.117613801309638,-3.2616569150560752,2.6895820254628022,0.0
175.42690063654598,-37.34791777728037,14.11825430382878,-3.262000723386041,2.689872158430838,6.73661370389787e-14
175.43072448168036,-37.357515034159285,14.11889581422681,-3.2623444887832114,2.6901621189668035,1.6841534259744676e-14
175.43454854286637,-37.36711243210234,14.119538332638498,-3.2626882112135283,2.690451907023366,1.6841534259744676e-14
175.4383728202062,-37.376709971169305,14.120181859198603,-3.263031890642913,2.6907415225531994,-3.368306851948935e-14
175.4421973138022,-37.386307651420005,14.120826394041885,-3.2633755270372795,2.6910309655089857,-3.368306851948935e-14
175.44602202375677,-37.39590547291423,14.121471937303106,-3.2637191203625244,2.69132023584341,6.73661370389787e-14
175.4498469501723,-37.40550343571187,14.122118489117028,-3.2640626705845355,2.6916093335091666,5.0524602779234026e-14
175.45367209315125,-37.415101539872715,14.122766049618415,-3.264406177669181,2.691898258458958,5.0524602779234026e-14
175.45749745279622,-37.424699785456625,14.123414618942023,-3.2647496415823216,2.692187010645487,6.73661370389787e-14
175.46132302920975,-37.43429817252349,14.12406419722262,-3.2650930622898025,2.692475590021467,1.6841534259744676e-14
175.46514882249446,-37.4438967011332,14.124714784594964,-3.2654364397574516,2.69276399653962,5.0524602779234026e-14
175.46897483275305,-37.45349537134567,14.125366381193817,-3.265779773951091,2.6930522301526714,-1.6841534259744676e-14
175.47280106008827,-37.46309418322076,14.12601898715394,-3.2661230648365227,2.693340290813352,0.0
175.47662750460293,-37.472693136818464,14.126672602610096,-3.26646631237954,2.6936281784744023,0.0
175.48045416639988,-37.48229223219868,14.127327227697052,-3.2668095165459166,2.6939158930885645,0.0
175.48428104558198,-37.491891469421375,14.127982862549556,-3.267152677301422,2.6942034346085926,0.0
175.48810814225223,-37.50149084854654,14.12863950730238,-3.267495794611806,2.694490802987246,5.0524602779234026e-14
175.4919354565136,-37.511090369634125,14.129297162090282,-3.2678388684428046,2.694777998177286,6.73661370389787e-14
175.4957629884692,-37.520690032744184,14.129955827048022,-3.2681818987601443,2.695065020131484,3.368306851948935e-14
175.4995907382221,-37.53028983793668,14.130615502310368,-3.268524885529532,2.695351868802619,6.73661370389787e-14
175.50341870587553,-37.53988978527165,14.131276188012079,-3.268867828716671,2.695638544143473,6.73661370389787e-14
175.50724689153267,-37.54948987480915,14.131937884287913,-3.269210728287243,2.6959250461068374,1.6841534259744676e-14
175.5110752952968,-37.55909010660921,14.132600591272631,-3.269553584206917,2.696211374645511,6.73661370389787e-14
175.51490391727125,-37.568690480731945,14.133264309101003,-3.2698963964413528,2.6964975297122926,-3.368306851948935e-14
175.5187327575594,-37.57829099723738,14.13392903790778,-3.2702391649561924,2.696783511259995,-3.368306851948935e-14
175.5225618162647,-37.587891656185654,14.134594777827731,-3.270581889717069,2.697069319241433,0.0
175.52639109349062,-37.59749245763684,14.135261528995615,-3.2709245706895964,2.6973549536094277,3.368306851948935e-14
175.53022058934076,-37.607093401651106,14.135929291546194,-3.271267207839383,2.697640414316811,1.6841534259744676e-14
175.53405030391866,-37.61669448828858,14.13659806561423,-3.271609801132017,2.6979257013164144,-1.6841534259744676e-14
175.537880237328,-37.626295717609395,14.137267851334485,-3.2719523505330748,2.6982108145610817,0.0
175.5417103896725,-37.63589708967371,14.137938648841715,-3.2722948560081218,2.698495754003662,6.73661370389787e-14
175.5455407610559,-37.64549860454174,14.138610458270692,-3.2726373175227064,2.6987805195970074,-1.6841534259744676e-14
175.549371351582,-37.65510026227368,14.13928327975617,-3.272979735042368,2.6990651112939803,0.0
175.5532021613547,-37.66470206292969,14.13995711343291,-3.273322108532629,2.6993495290474496,-3.368306851948935e-14
175.55703319047794,-37.67430400657004,14.14063195943568,-3.273664437959,2.6996337728102855,5.0524602779234026e-14
175.56086443905568,-37.68390609325497,14.141307817899234,-3.274006723286981,2.6999178425353723,1.6841534259744676e-14
175.56469590719192,-37.69350832304466,14.141984688958342,-3.2743489644820474,2.7002017381755916,5.0524602779234026e-14
175.5685275949908,-37.70311069599947,14.142662572747756,-3.274691161509679,2.7004854596838417,5.0524602779234026e-14
175.57235950255642,-37.712713212179615,14.143341469402246,-3.275033314335327,2.7007690070130193,-1.6841534259744676e-14
175.57619162999302,-37.72231587164539,14.14402137905657,-3.275375422924438,2.701052380116031,0.0
175.5800239774048,-37.731918674457134,14.144702301845488,-3.2757174872424395,2.7013355789457916,0.0
175.5838565448961,-37.74152162067514,14.14538423790376,-3.276059507254749,2.7016186034552154,1.6841534259744676e-14
175.58768933257124,-37.751124710359754,14.146067187366157,-3.276401482926772,2.7019014535972294,3.368306851948935e-14
175.5915223405347,-37.760727943571304,14.146751150367434,-3.276743414223896,2.702184129324766,1.6841534259744676e-14
175.59535556889094,-37.7703313203702,14.147436127042347,-3.2770853011115006,2.7024666305907648,-1.6841534259744676e-14
175.5991890177444,-37.779934840816736,14.148122117525668,-3.2774271435549456,2.7027489573481667,8.420767129872338e-14
175.60302268719977,-37.78953850497138,14.148809121952155,-3.277768941519585,2.7030311095499258,0.0
175.60685657736158,-37.799142312894496,14.14949714045657,-3.2781106949707532,2.7033130871489974,1.6841534259744676e-14
175.6106906883346,-37.80874626464651,14.15018617317367,-3.2784524038737732,2.703594890098345,-1.6841534259744676e-14
175.61452502022357,-37.81835036028786,14.150876220238224,-3.2787940681939567,2.7038765183509406,-1.6841534259744676e-14
175.61835957313323,-37.82795459987896,14.151567281784983,-3.2791356878966,2.704157971859761,1.6841534259744676e-14
175.6221943471685,-37.837558983480314,14.152259357948724,-3.2794772629469846,2.704439250577787,-1.6841534259744676e-14
175.62602934243418,-37.847163511152345,14.152952448864195,-3.279818793310382,2.7047203544580096,5.0524602779234026e-14
175.62986455903538,-37.85676818295559,14.153646554666164,-3.2801602789520494,2.7050012834534227,1.6841534259744676e-14
175.63369999707703,-37.86637299895053,14.154341675489393,-3.2805017198372295,2.7052820375170317,-3.368306851948935e-14
175.63753565666423,-37.87597795919766,14.155037811468636,-3.280843115931152,2.7055626166018447,-5.0524602779234026e-14
175.6413715379021,-37.88558306375752,14.155734962738666,-3.281184467199034,2.7058430206608746,-1.6841534259744676e-14
175.64520764089582,-37.89518831269065,14.156433129434232,-3.2815257736060794,2.7061232496471463,3.368306851948935e-14
175.64904396575065,-37.90479370605764,14.157132311690109,-3.281867035117477,2.7064033035136843,-3.368306851948935e-14
175.65288051257187,-37.914399243918986,14.157832509641048,-3.282208251698402,2.7066831822135238,1.6841534259744676e-14
175.65671728146486,-37.924004926335336,14.158533723421819,-3.282549423314021,2.7069628856997068,3.368306851948935e-14
175.66055427253497,-37.93361075336728,14.15923595316718,-3.282890549929483,2.7072424139252793,5.0524602779234026e-14
175.66439148588773,-37.94321672507539,14.159939199011884,-3.2832316315099224,2.7075217668432954,3.368306851948935e-14
175.66822892162864,-37.95282284152033,14.160643461090709,-3.2835726680204664,2.707800944406816,-3.368306851948935e-14
175.67206657986324,-37.96242910276271,14.161348739538404,-3.283913659426222,2.7080799465689065,1.6841534259744676e-14
175.6759044606972,-37.97203550886322,14.162055034489736,-3.284254605692286,2.7083587732826384,-5.0524602779234026e-14
175.6797425642362,-37.98164205988248,14.162762346079464,-3.2845955067837425,2.708637424501093,3.368306851948935e-14
175.68358089058594,-37.991248755881216,14.163470674442351,-3.2849363626656616,2.708915900177357,6.73661370389787e-14
175.6874194398523,-38.0008555969201,14.164180019713159,-3.285277173303101,2.7091942002645184,-1.6841534259744676e-14
175.69125821214104,-38.010462583059805,14.164890382026654,-3.2856179386610993,2.7094723247156782,1.6841534259744676e-14
175.69509720755815,-38.020069714361114,14.165601761517584,-3.285958658704693,2.709750273483942,1.6841534259744676e-14
175.69893642620954,-38.029676990884724,14.166314158320725,-3.2862993333988944,2.7100280465224196,5.0524602779234026e-14
175.70277586820126,-38.0392844126914,14.167027572570833,-3.286639962708709,2.7103056437842294,6.73661370389787e-14
175.7066155336394,-38.048891979841905,14.167742004402669,-3.2869805465991244,2.710583065222496,5.0524602779234026e-14
175.7104554226301,-38.05849969239701,14.168457453950994,-3.287321085035122,2.710860310790346,-3.368306851948935e-14
175.7142955352795,-38.06810755041749,14.16917392135057,-3.287661577981661,2.7111373804409244,8.420767129872338e-14
175.71813587169387,-38.07771555396419,14.169891406736161,-3.2880020254036926,2.711414274127366,0.0
175.72197643197956,-38.087323703097894,14.170609910242524,-3.288342427266156,2.711690991802826,0.0
175.72581721624286,-38.09693199787943,14.171329432004425,-3.2886827835339703,2.7119675334204567,0.0
175.72965822459025,-38.10654043836968,14.172049972156628,-3.289023094172049,2.7122438989334237,5.0524602779234026e-14
175.73349945712818,-38.11614902462948,14.172771530833892,-3.289363359145286,2.7125200882948928,-8.420767129872338e-14
175.73734091396315,-38.125757756719686,14.173494108170969,-3.28970357841857,2.712796101458043,1.6841534259744676e-14
175.7411825952018,-38.135366634701214,14.174217704302635,-3.290043751956766,2.7130719383760526,3.368306851948935e-14
175.74502450095073,-38.14497565863496,14.174942319363645,-3.2903838797247342,2.7133475990021116,5.0524602779234026e-14
175.74886663131667,-38.15458482858184,14.175667953488757,-3.290723961687319,2.7136230832894146,-3.368306851948935e-14
175.75270898640633,-38.16419414460275,14.17639460681274,-3.2910639978093457,2.7138983911911616,3.368306851948935e-14
175.75655156632664,-38.17380360675868,14.177122279470352,-3.2914039880556367,2.714173522660559,0.0
175.76039437118433,-38.18341321511056,14.177850971596358,-3.2917439323909927,2.7144484776508224,3.368306851948935e-14
175.7642374010864,-38.19302296971935,14.178580683325514,-3.292083830780206,2.714723256115171,1.6841534259744676e-14
175.76808065613986,-38.202632870646056,14.179311414792585,-3.292423683188053,2.7149978580068312,3.368306851948935e-14
175.7719241364517,-38.21224291795167,14.180043166132327,-3.292763489579297,2.7152722832790364,0.0
175.77576784212906,-38.22185311169721,14.180775937479511,-3.293103249918691,2.715546531885024,-5.0524602779234026e-14
175.77961177327907,-38.23146345194365,14.181509728968896,-3.293442964170968,2.715820603778041,-3.368306851948935e-14
175.78345593000896,-38.241073938752095,14.182244540735237,-3.293782632300856,2.7160944989113407,-3.368306851948935e-14
175.78730031242597,-38.25068457218357,14.182980372913306,-3.2941222542730637,2.7163682172381787,-8.420767129872338e-14
175.79114492063746,-38.26029535229912,14.183717225637853,-3.294461830052289,2.7166417587118223,3.368306851948935e-14
175.79498975475084,-38.26990627915986,14.184455099043646,-3.294801359603218,2.716915123285541,0.0
175.7988348148735,-38.27951735282685,14.185193993265448,-3.2951408428905165,2.7171883109126123,1.6841534259744676e-14
175.80268010111297,-38.28912857336124,14.185933908438017,-3.2954802798788485,2.7174613215463204,-3.368306851948935e-14
175.8065256135768,-38.298739940824106,14.186674844696118,-3.2958196705328526,2.717734155139958,1.6841534259744676e-14
175.81037135237264,-38.30835145527661,14.187416802174507,-3.296159014817163,2.718006811646819,5.0524602779234026e-14
175.81421731760813,-38.31796311677991,14.188159781007954,-3.2964983126963987,2.718279291020208,3.368306851948935e-14
175.818063509391,-38.327574925395105,14.188903781331211,-3.2968375641351604,2.71855159321343,3.368306851948935e-14
175.82190992782907,-38.33718688118344,14.189648803279054,-3.2971767690980407,2.7188237181798076,5.0524602779234026e-14
175.82575657303016,-38.34679898420608,14.190394846986225,-3.297515927549619,2.7190956658726595,-3.368306851948935e-14
175.8296034451022,-38.356411234524224,14.1911419125875,-3.2978550394544577,2.7193674362453155,3.368306851948935e-14
175.83345054415315,-38.3660236321991,14.19189000021764,-3.29819410477711,2.719639029251108,-5.0524602779234026e-14
175.83729787029097,-38.3756361772919,14.192639110011394,-3.2985331234821134,2.719910444843382,1.6841534259744676e-14
175.84114542362386,-38.385248869863915,14.193389242103539,-3.2988720955339934,2.7201816829754835,-3.368306851948935e-14
175.84499320425985,-38.394861709976375,14.194140396628828,-3.29921102089726,2.720452743600765,3.368306851948935e-14
175.84884121230718,-38.40447469769057,14.19489257372203,-3.2995498995364114,2.72072362667259,1.6841534259744676e-14
175.85268944787413,-38.41408783306776,14.195645773517892,-3.299888731415935,2.720994332144324,0.0
175.85653791106898,-38.42370111616926,14.196399996151195,-3.300227516500301,2.72126485996934,1.6841534259744676e-14
