galstreams/tracks/track.st.Phoenix.shipp2019.ecsv
# %ECSV 0.9
# ---
# datatype:
# - {name: ra, unit: deg, datatype: float64}
# - {name: dec, unit: deg, datatype: float64}
# - {name: distance, unit: kpc, datatype: float64}
# - {name: pm_ra_cosdec, unit: mas / yr, datatype: float64}
# - {name: pm_dec, unit: mas / yr, datatype: float64}
# - {name: radial_velocity, unit: km / s, datatype: float64}
# delimiter: ','
# meta: !!omap
# - __serialized_columns__:
#     dec:
#       __class__: astropy.coordinates.angles.Latitude
#       unit: &id001 !astropy.units.Unit {unit: deg}
#       value: !astropy.table.SerializedColumn {name: dec}
#     distance:
#       __class__: astropy.coordinates.distances.Distance
#       unit: !astropy.units.Unit {unit: kpc}
#       value: !astropy.table.SerializedColumn {name: distance}
#     pm_dec:
#       __class__: astropy.units.quantity.Quantity
#       unit: !astropy.units.Unit {unit: mas / yr}
#       value: !astropy.table.SerializedColumn {name: pm_dec}
#     pm_ra_cosdec:
#       __class__: astropy.units.quantity.Quantity
#       unit: !astropy.units.Unit {unit: mas / yr}
#       value: !astropy.table.SerializedColumn {name: pm_ra_cosdec}
#     ra:
#       __class__: astropy.coordinates.angles.Longitude
#       unit: *id001
#       value: !astropy.table.SerializedColumn {name: ra}
#       wrap_angle: !astropy.coordinates.Angle
#         unit: *id001
#         value: 360.0
#     radial_velocity:
#       __class__: astropy.units.quantity.Quantity
#       unit: !astropy.units.Unit {unit: km / s}
#       value: !astropy.table.SerializedColumn {name: radial_velocity}
# schema: astropy-2.0
ra,dec,distance,pm_ra_cosdec,pm_dec,radial_velocity
[from data line 674]
24.699992307042372,-49.085902861497885,17.500000000001386,2.6915741992434707,-0.06391475240460615,1.2090856907923693e-08
24.705615339333555,-49.07659526370366,17.50000000000139,2.6915156489935246,-0.06403494343179233,1.2092300016890575e-08
24.71123409684103,-49.067286833816986,17.500000000001386,2.6914573933658605,-0.06415553651648764,1.209366102337794e-08
24.716848582013977,-49.057977572343525,17.500000000001382,2.6913994323875845,-0.06427653144956313,1.2094869403461077e-08
24.72245879729983,-49.04866747978834,17.500000000001382,2.691341766085691,-0.06439792802209277,1.2096007259619501e-08
24.728064745144184,-49.0393565566559,17.500000000001386,2.6912843944870612,-0.06451972602535776,1.2096991436777805e-08
24.73366642799089,-49.03004480345008,17.500000000001386,2.6912273176184667,-0.06464192525084309,1.209782298753188e-08
24.739263848281983,-49.02073222067416,17.500000000001382,2.691170535506568,-0.06476452549023833,1.2098570330614656e-08
24.744857008457725,-49.01141880883082,17.500000000001382,2.691114048177914,-0.06488752653543803,1.2099166099889095e-08
24.7504459109566,-49.00210456842216,17.500000000001386,2.6910578556589404,-0.0650109281785416,1.209961924242027e-08
24.756030558215297,-48.99278949994967,17.500000000001386,2.6910019579759745,-0.06513473021185048,1.2099987650982202e-08
24.761610952668732,-48.98347360391427,17.500000000001382,2.6909463551552375,-0.06525893242787192,1.2100236063612533e-08
24.76718709675002,-48.97415688081627,17.500000000001382,2.690891047222831,-0.06538353461931684,1.210035658584208e-08
24.772758992890513,-48.96483933115539,17.500000000001382,2.690836034204755,-0.065508536579099,1.2100318692389996e-08
24.77832664351978,-48.95552095543078,17.500000000001382,2.690781316126894,-0.06563393810033638,1.2100175539348787e-08
24.78389005106562,-48.946201754140986,17.500000000001382,2.6907268930150288,-0.06575973897634876,1.209993028450613e-08
24.789449217954022,-48.936881727783955,17.500000000001382,2.690672764894825,-0.0658859390006617,1.2099538192536645e-08
24.79500414660923,-48.92756087685706,17.50000000000138,2.6906189317918425,-0.0660125379670008,1.2099023473145832e-08
24.8005548394537,-48.91823920185708,17.500000000001382,2.6905653937315326,-0.06613953566929572,1.2098374547778886e-08
24.806101298908125,-48.908916703280234,17.500000000001382,2.690512150739237,-0.06626693190167855,1.2097621941716654e-08
24.811643527391386,-48.89959338162208,17.50000000000138,2.6904592028401906,-0.06639472645848431,1.2096715656654301e-08
24.817181527320646,-48.890269237377716,17.50000000000138,2.690406550059516,-0.06652291913424827,1.2095696743831586e-08
24.82271530111125,-48.880944271041514,17.500000000001382,2.6903541924222325,-0.0666515097237112,1.2094559940269054e-08
24.8282448511768,-48.871618483107376,17.50000000000137,2.6903021299532526,-0.06678049802181077,1.2093315771925615e-08
24.833770179929115,-48.86229187406853,17.50000000000137,2.690250362677374,-0.06690988382369185,1.2091932134626588e-08
24.83929128977824,-48.8529644444177,17.500000000001375,2.690198890619294,-0.06703966692469654,1.2090418501734994e-08
24.844808183132454,-48.843636194646976,17.50000000000138,2.6901477138036007,-0.06716984712037012,1.208875329503506e-08
24.850320862398295,-48.83430712524787,17.500000000001375,2.6900968322547767,-0.06730042420645863,1.2087011775133015e-08
24.855829329980498,-48.824977236711355,17.500000000001375,2.6900462459971966,-0.06743139797890897,1.208514868040553e-08
24.861333588282044,-48.81564652952776,17.50000000000137,2.689995955055128,-0.06756276823386922,1.2083137695955327e-08
24.86683363970415,-48.806315004186885,17.50000000000137,2.6899459594527335,-0.06769453476768794,1.2080989874039265e-08
24.87232948664628,-48.79698266117792,17.50000000000137,2.6898962592140676,-0.06782669737691296,1.2078723108787492e-08
24.877821131506124,-48.78764950098952,17.500000000001368,2.6898468543630845,-0.06795925585829421,1.2076360031011672e-08
24.883308576679617,-48.77831552410967,17.50000000000137,2.689797744923627,-0.06809221000878106,1.2073839063852167e-08
24.888791824560922,-48.7689807310259,17.500000000001368,2.6897489309194365,-0.06822555962552136,1.2071222836764505e-08
24.894270877542453,-48.759645122225066,17.500000000001368,2.689700412374147,-0.06835930450586589,1.2068440299526026e-08
24.899745738014857,-48.75030869819351,17.500000000001368,2.689652189311289,-0.068493444447361,1.206556408125323e-08
24.905216408367046,-48.740971459416926,17.500000000001364,2.689604261754288,-0.06862797924775521,1.2062572603730343e-08
24.91068289098615,-48.7316334063805,17.500000000001364,2.689556629726464,-0.06876290870499503,1.2059457446190236e-08
24.91614518825753,-48.72229453956886,17.500000000001364,2.689509293251036,-0.06889823261722733,1.205616913662602e-08
24.921603302564847,-48.71295485946597,17.500000000001364,2.689462252351116,-0.06903395078279523,1.2052815039818603e-08
24.927057236289944,-48.70361436655528,17.500000000001364,2.689415507049712,-0.06917006300024414,1.2049295159158317e-08
24.932506991812954,-48.69427306131968,17.50000000000136,2.6893690573697313,-0.069306569068314,1.2045666861121233e-08
24.937952571512245,-48.68493094424145,17.50000000000136,2.6893229033339763,-0.0694434687859462,1.2041915409364875e-08
24.94339397776444,-48.67558801580232,17.500000000001354,2.689277044965145,-0.06958076195227851,1.203806501359474e-08
24.94883121294438,-48.666244276483454,17.500000000001357,2.689231482285833,-0.06971844836664778,1.2034035150225151e-08
24.954264279425225,-48.656899726765424,17.500000000001354,2.689186215318536,-0.06985652782858731,1.2029924236971936e-08
24.959693179578302,-48.647554367128265,17.500000000001354,2.6891412440856457,-0.06999500013782965,1.2025655434335037e-08
24.965117915773252,-48.638208198051416,17.500000000001357,2.6890965686094486,-0.0701338650943035,1.2021268740958318e-08
24.97053849037796,-48.62886122001375,17.500000000001354,2.689052188912133,-0.0702731224981345,1.2016792576930845e-08
24.97595490575853,-48.61951343349357,17.50000000000135,2.689008105015785,-0.07041277214964789,1.2012147997560776e-08
24.981367164279387,-48.610164838968636,17.50000000000135,2.6889643169423856,-0.0705528138493622,1.2007431315372156e-08
24.986775268303134,-48.60081543691613,17.50000000000135,2.6889208247138185,-0.07069324739799586,1.2002528850008733e-08
24.992179220190703,-48.59146522781264,17.500000000001346,2.6888776283518645,-0.07083407259646136,1.1997546913655523e-08
24.99757902230123,-48.58211421213423,17.500000000001346,2.6888347278782048,-0.07097528924587021,1.1992395509363823e-08
25.00297467699216,-48.57276239035638,17.500000000001346,2.688792123314416,-0.07111689714752747,1.1987174633743302e-08
25.008366186619142,-48.563409762953995,17.500000000001346,2.6887498146819775,-0.07125889610293552,1.1981787447971967e-08
25.013753553536148,-48.55405633040146,17.500000000001346,2.688707802002268,-0.07140128591379315,1.1976303949676583e-08
25.019136780095344,-48.54470209317251,17.500000000001346,2.6886660852965654,-0.07154406638199375,1.1970638352292016e-08
25.02451586864724,-48.53534705174043,17.500000000001346,2.688624664586049,-0.07168723730962617,1.196490907285603e-08
25.02989082154054,-48.525991206577864,17.500000000001346,2.688583539891796,-0.07183079849897567,1.1959048218933638e-08
25.035261641122244,-48.51663455815691,17.50000000000134,2.6885427112347884,-0.07197474975252241,1.1953034212309072e-08
25.040628329737626,-48.507277106949125,17.50000000000134,2.6885021786359,-0.07211909087293908,1.19469070516262e-08
25.04599088973021,-48.4979188534255,17.50000000000134,2.688461942115916,-0.07226382166309782,1.1940683052121331e-08
25.05134932344179,-48.48855979805645,17.50000000000134,2.6884220016955167,-0.07240894192606162,1.1934304321020453e-08
25.056703633212447,-48.47919994131184,17.500000000001332,2.688382357395287,-0.07255445146508901,1.192782296182018e-08
25.062053821380506,-48.469839283661,17.500000000001336,2.688343009235707,-0.07270035008363372,1.1921201081068426e-08
25.06739989028259,-48.46047782557267,17.500000000001332,2.6883039572371676,-0.07284663758534175,1.1914458678087128e-08
25.072741842253564,-48.451115567515025,17.50000000000133,2.688265201419955,-0.0729933137740548,1.1907567859085163e-08
25.0780796796266,-48.44175250995573,17.500000000001325,2.6882267418042605,-0.0731403784538079,1.1900549149682415e-08
25.08341340473313,-48.43238865336187,17.500000000001325,2.688188578410175,-0.07328783142882783,1.1893456232269334e-08
25.088743019902843,-48.42302399819996,17.50000000000133,2.688150711257695,-0.07343567250353727,1.1886194899513656e-08
25.094068527463733,-48.413658544935984,17.500000000001325,2.6881131403667204,-0.07358390148255115,1.1878852516874353e-08
25.09938992974205,-48.40429229403535,17.50000000000132,2.688075865757049,-0.07373251817067761,1.1871326982549976e-08
25.104707229062328,-48.39492524596293,17.50000000000132,2.688038887448388,-0.07388152237291748,1.1863697241232365e-08
25.11002042774739,-48.38555740118305,17.50000000000132,2.6880022054603416,-0.07403091389446323,1.1855968029603034e-08
25.115329528118327,-48.37618876015945,17.500000000001318,2.6879658198124257,-0.07418069254070314,1.184808777046331e-08
25.120634532494524,-48.36681932335538,17.500000000001318,2.687929730524052,-0.07433085811721293,1.184012435624818e-08
25.125935443193626,-48.357449091233455,17.500000000001315,2.68789393761454,-0.07448141042976528,1.1831999368563743e-08
25.131232262531576,-48.34807806425581,17.50000000000131,2.687858441103113,-0.07463234928432178,1.1823759647927164e-08
25.136524992822604,-48.338706242883994,17.50000000000131,2.6878232410088985,-0.07478367448703765,1.1815391510591852e-08
25.14181363637922,-48.329333627579025,17.50000000000131,2.6877883373509297,-0.07493538584425859,1.1806914955879745e-08
25.147098195512218,-48.31996021880136,17.500000000001307,2.687753730148143,-0.07508748316252215,1.1798268406931203e-08
25.152378672530673,-48.31058601701091,17.500000000001307,2.6877194194193805,-0.07523996624855779,1.1789521861372993e-08
25.157655069741963,-48.301211022667054,17.500000000001307,2.6876854051833883,-0.075392834909285,1.1780662161756477e-08
25.162927389451752,-48.2918352362286,17.500000000001307,2.687651687458819,-0.07554608895181476,1.1771655625013133e-08
25.16819563396398,-48.28245865815383,17.500000000001304,2.687618266264236,-0.07569972818344943,1.176252646084846e-08
25.1734598055809,-48.27308128890047,17.500000000001304,2.687585141618095,-0.07585375241168073,1.1753299405265902e-08
25.17871990660303,-48.263703128925705,17.500000000001304,2.6875523135387724,-0.07600816144419195,1.1743934459621593e-08
25.183975939329198,-48.25432417868616,17.500000000001297,2.687519782044542,-0.07616295508885584,1.1734450044343628e-08
25.189227906056523,-48.24494443863796,17.500000000001297,2.6874875471535864,-0.07631813315373706,1.1724823528620347e-08
25.19447580908041,-48.235563909236625,17.5000000000013,2.6874556088839956,-0.07647369544708696,1.1715069648794228e-08
25.199719650694583,-48.226182590937185,17.500000000001293,2.687423967253766,-0.07662964177734868,1.1705229982402972e-08
25.204959433191032,-48.21680048419409,17.50000000000129,2.6873926222808007,-0.07678597195315592,1.16952240058609e-08
25.21019515886007,-48.207417589461286,17.50000000000129,2.6873615739829075,-0.0769426857833295,1.168512066419889e-08
25.215426829990285,-48.19803390719214,17.500000000001286,2.6873308223778056,-0.07709978307688084,1.1674857327961412e-08
25.220654448868597,-48.188649437839516,17.500000000001283,2.687300367483122,-0.07725726364301005,1.166449610030605e-08
25.225878017780186,-48.17926418185569,17.500000000001283,2.687270209316388,-0.07741512729110597,1.1653971193989602e-08
25.23109753900857,-48.16987813969247,17.500000000001283,2.6872403478950444,-0.07757337383074667,1.1643366290385418e-08
25.23631301483555,-48.16049131180104,17.500000000001283,2.687210783236442,-0.07773200307169785,1.1632614549654408e-08
25.241524447541227,-48.15110369863211,17.50000000000128,2.687181515357837,-0.07789101482391475,1.1621757549334275e-08
25.246731839404028,-48.14171530063583,17.500000000001275,2.687152544276396,-0.07805040889753961,1.1610769500825683e-08
25.25193519270066,-48.13232611826182,17.500000000001275,2.687123870009195,-0.07821018510290376,1.1599637772977937e-08
25.25713450970615,-48.12293615195916,17.500000000001275,2.6870954925732167,-0.0783703432505253,1.158838868068832e-08
25.26232979269384,-48.11354540217638,17.500000000001272,2.687067411985354,-0.07853088315111117,1.1577024855446556e-08
25.267521043935357,-48.10415386936149,17.50000000000127,2.6870396282624114,-0.07869180461555483,1.1565559980999236e-08
25.272708265700654,-48.094761553961966,17.50000000000127,2.6870121414211,-0.07885310745493773,1.1553927743805208e-08
25.277891460257994,-48.08536845642476,17.50000000000127,2.68698495147804,-0.07901479148052783,1.1542165511018613e-08
25.283070629873954,-48.07597457719626,17.500000000001265,2.686958058449765,-0.07917685650378041,1.153032485983812e-08
25.28824577681341,-48.066579916722354,17.500000000001258,2.6869314623527174,-0.07933930233633694,1.151831842480476e-08
25.293416903339562,-48.05718447544837,17.50000000000126,2.686905163203246,-0.07950212879002738,1.1506185678264452e-08
25.29858401171392,-48.04778825381914,17.50000000000126,2.686879161017616,-0.07966533567686557,1.1493975565926137e-08
25.3037471041963,-48.03839125227891,17.500000000001254,2.6868534558120025,-0.07982892280905449,1.1481563355176704e-08
25.30890618304488,-48.02899347127147,17.500000000001254,2.686828047602487,-0.07999288999898033,1.1469075357523103e-08
25.314061250516083,-48.01959491123999,17.50000000000125,2.686802936405067,-0.08015723705921697,1.1456443154232404e-08
25.319212308864707,-48.010195572627204,17.50000000000125,2.686778122235647,-0.08032196380252339,1.1443727795866296e-08
25.324359360343834,-48.00079545587524,17.500000000001247,2.6867536051100465,-0.080487070041845,1.1430848758839102e-08
25.3295024072049,-47.991394561425736,17.500000000001243,2.6867293850439955,-0.08065255559031115,1.1417868146308404e-08
25.334641451697628,-47.98199288971983,17.500000000001247,2.6867054620531357,-0.08081842026123917,1.1404731223287858e-08
25.33977649607009,-47.972590441198044,17.50000000000124,2.686681836153021,-0.0809846638681275,1.1391494303657643e-08
25.344907542568663,-47.963187216300476,17.500000000001236,2.686658507359118,-0.08115128622466258,1.1378117915071842e-08
25.350034593438057,-47.95378321546662,17.500000000001236,2.6866354756868036,-0.08131828714471528,1.136461889906471e-08
25.355157650921306,-47.944378439135505,17.500000000001233,2.6866127411513694,-0.08148566644233915,1.1351019886447913e-08
25.360276717259765,-47.93497288774557,17.500000000001233,2.6865903037680194,-0.08165342393177402,1.1337268773724832e-08
25.36539179469312,-47.92556656173481,17.500000000001233,2.68656816355187,-0.08182155942744286,1.1323384507621508e-08
25.37050288545939,-47.91615946154063,17.50000000000123,2.686546320517954,-0.08199007274395415,1.1309370245925618e-08
25.37560999179492,-47.90675158759992,17.500000000001226,2.6865247746812133,-0.08215896369609782,1.1295257566513898e-08
25.380713115934377,-47.897342940349084,17.500000000001226,2.6865035260565038,-0.08232823209885004,1.1281020680787012e-08
25.38581226011076,-47.887933520223974,17.50000000000122,2.686482574658598,-0.0824978777673688,1.1266621695292875e-08
25.390907426555415,-47.87852332765992,17.50000000000122,2.6864619205021785,-0.08266790051699603,1.1252134818041822e-08
25.39599861749801,-47.869112363091766,17.500000000001215,2.6864415636018477,-0.08283830016325658,1.1237507945537234e-08
25.401085835166544,-47.85970062695379,17.50000000000122,2.6864215039721135,-0.08300907652185907,1.1222771603059957e-08
25.40616908178735,-47.85028811967976,17.500000000001215,2.6864017416274093,-0.08318022940869421,1.1207883686774343e-08
25.411248359585105,-47.84087484170296,17.50000000000121,2.686382276582075,-0.08335175863983574,1.1192892089793442e-08
