galstreams/tracks/track.st.Leiptr.ibata2021.ecsv
# %ECSV 1.0
# ---
# datatype:
# - {name: ra, unit: deg, datatype: float64}
# - {name: dec, unit: deg, datatype: float64}
# - {name: distance, unit: kpc, datatype: float64}
# - {name: pm_ra_cosdec, unit: mas / yr, datatype: float64}
# - {name: pm_dec, unit: mas / yr, datatype: float64}
# - {name: radial_velocity, unit: km / s, datatype: float64}
# delimiter: ','
# meta: !!omap
# - __serialized_columns__:
#     dec:
#       __class__: astropy.coordinates.angles.Latitude
#       unit: &id001 !astropy.units.Unit {unit: deg}
#       value: !astropy.table.SerializedColumn {name: dec}
#     distance:
#       __class__: astropy.coordinates.distances.Distance
#       unit: !astropy.units.Unit {unit: kpc}
#       value: !astropy.table.SerializedColumn {name: distance}
#     pm_dec:
#       __class__: astropy.units.quantity.Quantity
#       unit: !astropy.units.Unit {unit: mas / yr}
#       value: !astropy.table.SerializedColumn {name: pm_dec}
#     pm_ra_cosdec:
#       __class__: astropy.units.quantity.Quantity
#       unit: !astropy.units.Unit {unit: mas / yr}
#       value: !astropy.table.SerializedColumn {name: pm_ra_cosdec}
#     ra:
#       __class__: astropy.coordinates.angles.Longitude
#       unit: *id001
#       value: !astropy.table.SerializedColumn {name: ra}
#       wrap_angle: !astropy.coordinates.Angle
#         unit: *id001
#         value: 360.0
#     radial_velocity:
#       __class__: astropy.units.quantity.Quantity
#       unit: !astropy.units.Unit {unit: km / s}
#       value: !astropy.table.SerializedColumn {name: radial_velocity}
# schema: astropy-2.0
ra,dec,distance,pm_ra_cosdec,pm_dec,radial_velocity
[from data line 4729]
92.34446761425403,-30.577650295861826,6.950595712593324,10.267461955192731,-9.25931860969824,158.74130202906753
92.35307295299542,-30.584374703526475,6.950457921176007,10.267258288453691,-9.257883089305542,158.77323144729988
92.36167934153367,-30.591098687462157,6.950320011287544,10.267054240427292,-9.256446964795005,158.80517239550775
92.37028678024753,-30.59782224748036,6.950181982779086,10.266849810997533,-9.255010236243503,158.83712488487123
92.37889526951574,-30.604545383392495,6.950043835501793,10.266645000048353,-9.253572903727976,158.86908892657007
92.38750480971721,-30.611268095009947,6.949905569306819,10.266439807463623,-9.252134967325416,158.9010645317844
92.39611540123082,-30.617990382144008,6.949767184045317,10.266234233127133,-9.250696427112898,158.93305171169402
92.40472704443557,-30.62471224460595,6.949628679568444,10.26602827692262,-9.24925728316754,158.9650504774792
92.4133397397105,-30.631433682206932,6.949490055727355,10.265821938733746,-9.247817535566538,158.99706084031942
92.4219534874347,-30.63815469475811,6.949351312373202,10.265615218444115,-9.246377184387155,159.0290828113951
92.43056828798736,-30.64487528207056,6.949212449357146,10.265408115937241,-9.2449362297067,159.061116401886
92.43918414174767,-30.65159544395528,6.9490734665303355,10.265200631096596,-9.243494671602571,159.0931616229721
92.44780104909496,-30.65831518022323,6.94893436374393,10.264992763805564,-9.242052510152206,159.12521848583333
92.45641901040855,-30.665034490685304,6.948795140849082,10.264784513947466,-9.240609745433119,159.15728700164962
92.46503802606786,-30.671753375152345,6.948655797696948,10.264575881405566,-9.239166377522894,159.18936718160109
92.47365809645238,-30.678471833435122,6.948516334138683,10.264366866063046,-9.23772240649916,159.2214590368675
92.48227922194161,-30.685189865344356,6.9483767500254405,10.264157467803026,-9.236277832439635,159.25356257862882
92.49090140291518,-30.691907470690715,6.948237045208378,10.26394768650855,-9.234832655422082,159.28567781806527
92.49952463975276,-30.698624649284795,6.948097219538648,10.263737522062613,-9.233386875524332,159.31780476635652
92.50814893283402,-30.705341400937126,6.947957272867408,10.263526974348123,-9.231940492824293,159.34994343468273
92.51677428253878,-30.712057725458195,6.947817205045811,10.263316043247919,-9.230493507399917,159.38209383422364
92.52540068924687,-30.718773622658436,6.947677015925012,10.263104728644793,-9.229045919329248,159.41425597615947
92.5340281533382,-30.725489092348205,6.947536705356168,10.262893030421449,-9.227597728690359,159.44642987166992
92.54265667519275,-30.732204134337792,6.947396273190432,10.262680948460526,-9.22614893556142,159.47861553193522
92.5512862551905,-30.73891874843746,6.94725571927896,10.262468482644602,-9.224699540020653,159.51081296813518
92.5599168937116,-30.745632934457394,6.947115043472906,10.262255632856176,-9.223249542146332,159.54302219144964
92.56854859113618,-30.752346692207695,6.946974245623427,10.26204239897769,-9.221798942016823,159.57524321305877
92.57718134784444,-30.75906002149845,6.946833325581679,10.261828780891507,-9.220347739710531,159.6074760441424
92.58581516421668,-30.765772922139682,6.946692283198812,10.261614778479936,-9.218895935305945,159.63972069588067
92.59445004063319,-30.7724853939413,6.946551118325983,10.261400391625209,-9.217443528881608,159.67197717945328
92.60308597747442,-30.779197436713215,6.946409830814352,10.261185620209472,-9.215990520516119,159.70424550604028
92.61172297512081,-30.785909050265257,6.946268420515067,10.260970464114845,-9.214536910288173,159.73652568682175
92.62036103395286,-30.79262023440718,6.946126887279285,10.26075492322334,-9.213082698276505,159.76881773297757
92.62900015435117,-30.79933098894871,6.945985230958166,10.260538997416916,-9.211627884559912,159.80112165568772
92.6376403366964,-30.80604131369948,6.945843451402858,10.260322686577465,-9.21017246921727,159.83343746613198
92.64628158136922,-30.81275120846909,6.9457015484645215,10.260105990586814,-9.208716452327518,159.86576517549062
92.65492388875042,-30.81946067306708,6.9455595219943085,10.259888909326712,-9.207259833969657,159.8981047949435
92.66356725922083,-30.82616970730291,6.945417371843373,10.259671442678851,-9.205802614222756,159.93045633567044
92.67221169316132,-30.832878310985983,6.945275097862874,10.259453590524833,-9.204344793165937,159.96281980885146
92.68085719095284,-30.83958648392565,6.945132699903963,10.25923535274622,-9.202886370878407,159.99519522566652
92.68950375297642,-30.846294225931228,6.944990177817796,10.259016729224486,-9.201427347439424,160.02758259729566
92.6981513796131,-30.853001536811917,6.944847531455529,10.258797719841045,-9.19996772292832,160.05998193491874
92.70680007124406,-30.859708416376915,6.9447047606683165,10.258578324477233,-9.198507497424485,160.09239324971577
92.71544982825046,-30.86641486443531,6.944561865307315,10.258358543014332,-9.197046671007381,160.12481655286675
92.72410065101356,-30.87312088079619,6.944418845223675,10.258138375333548,-9.195585243756536,160.1572518555516
92.7327525399147,-30.87982646526851,6.944275700268555,10.257917821316017,-9.194123215751535,160.18969916895017
92.74140549533524,-30.88653161766121,6.944132430293111,10.257696880842804,-9.19266058707204,160.22215850424257
92.75005951765662,-30.893236337783186,6.943989035148496,10.257475553794913,-9.191197357797767,160.2546298726088
92.75871460726034,-30.89994062544324,6.943845514685865,10.257253840053277,-9.189733528008508,160.2871132852287
92.76737076452798,-30.906644480450105,6.943701868756374,10.257031739498759,-9.18826909778412,160.31960875328224
92.77602798984114,-30.913347902612497,6.943558097211178,10.256809252012147,-9.186804067204518,160.35211628794943
92.78468628358152,-30.920050891739034,6.943414199901432,10.256586377474173,-9.185338436349683,160.38463590041013
92.79334564613086,-30.9267534476383,6.943270176678288,10.2563631157655,-9.183872205299686,160.4171676018444
92.80200607787096,-30.933455570118802,6.943126027392906,10.256139466766708,-9.182405374134623,160.44971140343225
92.8106675791837,-30.940157258989,6.942981751896439,10.255915430358323,-9.180937942934689,160.4822673163534
92.81933015045098,-30.946858514057286,6.94283735004004,10.255691006420792,-9.179469911780133,160.51483535178815
92.82799379205484,-30.953559335131985,6.942692821674869,10.255466194834499,-9.178001280751266,160.54741552091613
92.8366585043773,-30.960259722021377,6.942548166652075,10.25524099547976,-9.176532049928479,160.58000783491764
92.84532428780045,-30.96695967453366,6.942403384822818,10.255015408236822,-9.17506221939222,160.61261230497232
92.8539911427065,-30.973659192476994,6.94225847603825,10.25478943298586,-9.173591789222995,160.64522894226025
92.86265906947769,-30.980358275659487,6.942113440149526,10.254563069606984,-9.172120759501398,160.67785775796145
92.87132806849627,-30.98705692388914,6.9419682770078035,10.254336317980233,-9.170649130308066,160.71049876325577
92.87999814014462,-30.993755136973952,6.941822986464234,10.25410917798558,-9.169176901723722,160.74315196932324
92.88866928480516,-31.00045291472182,6.941677568369975,10.253881649502922,-9.167704073829144,160.77581738734384
92.89734150286036,-31.00715025694059,6.941532022576183,10.253653732412095,-9.166230646705175,160.8084950284974
92.90601479469277,-31.01384716343807,6.941386348934009,10.25342542659286,-9.164756620432737,160.84118490396412
92.91468916068497,-31.02054363402197,6.941240547294612,10.253196731924929,-9.163281995092808,160.87388702492373
92.92336460121965,-31.027239668499977,6.941094617509142,10.252967648287912,-9.161806770766434,160.90660140255636
92.93204111667947,-31.033935266679684,6.940948559428761,10.252738175561369,-9.160330947534732,160.93932804804177
92.94071870744729,-31.04063042836865,6.940802372904617,10.252508313624796,-9.15885452547888,160.97206697256016
92.9493973739059,-31.047325153374366,6.94065605778787,10.252278062357611,-9.157377504680131,161.00481818729133
92.9580771164382,-31.05401944150425,6.940509613929674,10.252047421639165,-9.155899885219796,161.03758170341524
92.9667579354272,-31.06071329256568,6.940363041181182,10.251816391348747,-9.154421667179257,161.07035753211196
92.97543983125587,-31.067406706365954,6.940216339393549,10.251584971365563,-9.152942850639967,161.10314568456135
92.98412280430732,-31.07409968271231,6.940069508417934,10.251353161568764,-9.15146343568344,161.13594617194335
92.9928068549647,-31.08079222141195,6.939922548105489,10.251120961837419,-9.149983422391255,161.16875900543795
93.0014919836112,-31.087484322271994,6.939775458307369,10.250888372050552,-9.14850281084507,161.20158419622527
93.0101781906301,-31.0941759850995,6.939628238874728,10.250655392087086,-9.1470216011266,161.23442175548496
93.01886547640471,-31.10086720970148,6.939480889658723,10.250422021825893,-9.145539793317628,161.2672716943973
93.02755384131845,-31.107557995884864,6.93933341051051,10.25018826114578,-9.144057387500009,161.30013402414187
93.03624328575475,-31.114248343456556,6.939185801281241,10.249954109925469,-9.142574383755655,161.33300875589902
93.04493381009712,-31.120938252223354,6.939038061822073,10.249719568043636,-9.141090782166563,161.3658959008485
93.05362541472911,-31.12762772199203,6.938890191984162,10.249484635378863,-9.139606582814782,161.39879547017037
93.06231810003437,-31.134316752569283,6.93874219161866,10.249249311809688,-9.138121785782436,161.43170747504448
93.07101186639659,-31.141005343761755,6.938594060576725,10.249013597214555,-9.136636391151711,161.46463192665087
93.07970671419955,-31.147693495376018,6.93844579870951,10.248777491471856,-9.13515039900487,161.4975688361695
93.088402643827,-31.154381207218588,6.93829740586817,10.248540994459907,-9.133663809424233,161.53051821478024
93.09709965566284,-31.161068479095928,6.938148881903862,10.248304106056965,-9.132176622492194,161.56348007366316
93.105797750091,-31.167755310814425,6.93800022666774,10.248066826141196,-9.130688838291212,161.59645442399813
93.1144969274955,-31.174441702180424,6.937851440010956,10.247829154590724,-9.129200456903819,161.6294412769652
93.12319718826036,-31.18112765300019,6.93770252178467,10.247591091283585,-9.127711478412605,161.66244064374428
93.1318985327697,-31.187813163079937,6.937553471840037,10.247352636097753,-9.12622190290024,161.69545253551536
93.14060096140769,-31.194498232225822,6.937404290028206,10.247113788911127,-9.124731730449449,161.72847696345818
93.14930447455858,-31.20118286024393,6.937254976200337,10.246874549601548,-9.123240961143038,161.76151393875307
93.15800907260665,-31.20786704694028,6.937105530207586,10.246634918046778,-9.12174959506387,161.79456347257974
93.16671475593627,-31.214550792120864,6.936955951901105,10.246394894124517,-9.120257632294884,161.82762557611824
93.17542152493183,-31.22123409559157,6.936806241132048,10.246154477712391,-9.118765072919086,161.86070026054855
93.18412937997785,-31.227916957158264,6.936656397751575,10.245913668687955,-9.11727191701954,161.89378753705063
93.19283832145881,-31.234599376626694,6.936506421610836,10.245672466928701,-9.115778164679396,161.9268874168043
93.20154834975935,-31.241281353802623,6.9363563125609895,10.245430872312046,-9.114283815981851,161.95999991098972
93.21025946526407,-31.247962888491696,6.936206070453188,10.245188884715345,-9.112788871010196,161.99312503078664
93.21897166835775,-31.254643980499512,6.936055695138588,10.244946504015873,-9.111293329847765,162.0262627873752
93.22768495942513,-31.26132462963162,6.935905186468343,10.244703730090848,-9.10979719257798,162.05941319193528
93.23639933885107,-31.268004835693482,6.93575454429361,10.244460562817407,-9.10830045928432,162.09257625564686
93.24511480702043,-31.274684598490527,6.935603768465545,10.244217002072629,-9.106803130050336,162.12575198968983
93.2538313643182,-31.281363917828116,6.935452858835302,10.243973047733517,-9.105305204959642,162.1589404052443
93.26254901112937,-31.288042793511536,6.935301815254034,10.243728699677002,-9.103806684095936,162.19214151349004
93.27126774783902,-31.294721225346017,6.935150637572897,10.24348395777996,-9.10230756754297,162.2253553256072
93.2799875748323,-31.301399213136733,6.934999325643045,10.243238821919181,-9.10080785538457,162.2585818527756
93.28870849249442,-31.30807675668881,6.934847879315637,10.242993291971391,-9.09930754770463,162.2918211061753
93.2974305012106,-31.314753855807275,6.934696298441824,10.242747367813251,-9.097806644587113,162.32507309698613
93.30615360136616,-31.321430510297123,6.9345445828727605,10.24250104932135,-9.096305146116054,162.35833783638813
93.31487779334653,-31.328106719963273,6.9343927324596075,10.242254336372202,-9.094803052375552,162.39161533556134
93.32360307753706,-31.334782484610603,6.934240747053514,10.242007228842267,-9.093300363449774,162.42490560568552
93.33232945432331,-31.341457804043905,6.934088626505638,10.24175972660791,-9.091797079422962,162.4582086579409
93.34105692409082,-31.34813267806793,6.933936370667131,10.24151182954546,-9.090293200379426,162.49152450350715
93.34978548722519,-31.354807106487346,6.933783979389154,10.241263537531148,-9.088788726403541,162.52485315356446
93.35851514411212,-31.361481089106775,6.9336314525228575,10.24101485044115,-9.08728365757975,162.5581946192926
93.36724589513732,-31.368154625730774,6.9334787899193975,10.240765768151576,-9.085777993992581,162.59154891187168
93.3759777406866,-31.374827716163836,6.933325991429928,10.240516290538444,-9.084271735726603,162.62491604248152
93.38471068114582,-31.38150036021041,6.933173056905606,10.24026641747773,-9.08276488286648,162.65829602230232
93.39344471690085,-31.38817255767483,6.933019986197587,10.24001614884533,-9.081257435496939,162.69168886251376
93.40217984833772,-31.39484430836145,6.932866779157023,10.239765484517058,-9.079749393702757,162.72509457429607
93.41091607584245,-31.401515612074483,6.932713435635073,10.239514424368682,-9.07824075756882,162.75851316882896
93.41965339980112,-31.408186468618126,6.93255995548289,10.23926296827588,-9.076731527180037,162.79194465729245
93.4283918205999,-31.414856877796506,6.932406338551625,10.239011116114275,-9.075221702621429,162.8253890508667
93.43713133862498,-31.42152683941368,6.932252584692441,10.238758867759415,-9.073711283978053,162.8588463607314
93.44587195426264,-31.428196353273652,6.9320986937564895,10.238506223086773,-9.072200271335058,162.89231659806666
93.45461366789921,-31.43486541918035,6.931944665594923,10.238253181971757,-9.070688664777654,162.9257997740523
93.46335647992112,-31.44153403693767,6.931790500058896,10.237999744289713,-9.069176464391118,162.95929589986855
93.47210039071476,-31.44820220634941,6.93163619699957,10.237745909915905,-9.067663670260808,162.9928049866951
93.48084540066665,-31.45486992721932,6.931481756268096,10.237491678725533,-9.066150282472142,163.026327045712
93.48959151016341,-31.46153719935111,6.931327177715627,10.23723705059373,-9.064636301110603,163.05986208809932
93.49833871959162,-31.468204022548388,6.93117246119332,10.236982025395559,-9.063121726261757,163.09341012503677
93.507087029338,-31.47487039661472,6.931017606552332,10.236726603005996,-9.061606558011237,163.12697116770465
93.51583643978925,-31.48153632135362,6.930862613643815,10.23647078329998,-9.060090796444742,163.16054522728254
93.52458695133224,-31.48820179656854,6.930707482318926,10.236214566152361,-9.058574441648034,163.1941323149508
93.53333856435381,-31.49486682206283,6.93055221242882,10.23595795143791,-9.057057493706964,163.22773244188897
93.54209127924086,-31.501531397639827,6.93039680382465,10.235700939031352,-9.055539952707443,163.26134561927742
93.55084509638041,-31.50819552310279,6.930241256357572,10.235443528807323,-9.05402181873545,163.29497185829572
93.5596000161595,-31.514859198254896,6.9300855698787425,10.235185720640398,-9.052503091877036,163.32861117012413
93.56835603896522,-31.5215224228993,6.929929744239315,10.23492751440508,-9.050983772218318,163.36226356594253
