galstreams/tracks/track.st.Spectre.chandra2022.ecsv
# %ECSV 1.0
# ---
# datatype:
# - {name: ra, unit: deg, datatype: float64}
# - {name: dec, unit: deg, datatype: float64}
# - {name: distance, unit: kpc, datatype: float64}
# - {name: pm_ra_cosdec, unit: mas / yr, datatype: float64}
# - {name: pm_dec, unit: mas / yr, datatype: float64}
# - {name: radial_velocity, unit: km / s, datatype: float64}
# delimiter: ','
# meta: !!omap
# - __serialized_columns__:
#     dec:
#       __class__: astropy.coordinates.angles.Latitude
#       unit: &id001 !astropy.units.Unit {unit: deg}
#       value: !astropy.table.SerializedColumn {name: dec}
#     distance:
#       __class__: astropy.coordinates.distances.Distance
#       unit: !astropy.units.Unit {unit: kpc}
#       value: !astropy.table.SerializedColumn {name: distance}
#     pm_dec:
#       __class__: astropy.units.quantity.Quantity
#       unit: !astropy.units.Unit {unit: mas / yr}
#       value: !astropy.table.SerializedColumn {name: pm_dec}
#     pm_ra_cosdec:
#       __class__: astropy.units.quantity.Quantity
#       unit: !astropy.units.Unit {unit: mas / yr}
#       value: !astropy.table.SerializedColumn {name: pm_ra_cosdec}
#     ra:
#       __class__: astropy.coordinates.angles.Longitude
#       unit: *id001
#       value: !astropy.table.SerializedColumn {name: ra}
#       wrap_angle: !astropy.coordinates.Angle
#         unit: *id001
#         value: 360.0
#     radial_velocity:
#       __class__: astropy.units.quantity.Quantity
#       unit: !astropy.units.Unit {unit: km / s}
#       value: !astropy.table.SerializedColumn {name: radial_velocity}
# schema: astropy-2.0
ra,dec,distance,pm_ra_cosdec,pm_dec,radial_velocity
218.59563604618796,43.39611401055606,12.5,-5.786780350402359,-4.819989684770064,-149.01176033160684
218.58562029826498,43.389226699263524,12.499999999999998,-5.7864645773842,-4.821344506931421,-148.97567089778434
218.57560682651075,43.382338514073915,12.5,-5.786148760107461,-4.822699085556527,-148.939581463962
218.56559563016424,43.37544945538529,12.5,-5.785832898675925,-4.824053420717375,-148.90349203013955
218.5555867084647,43.3685595235956,12.5,-5.785516993193291,-4.825407512485958,-148.86740259631722
218.5455800606513,43.36166871910258,12.499999999999998,-5.785201043763177,-4.826761360934284,-148.83131316249467
218.53557568596335,43.35477704230375,12.499999999999998,-5.784885050489099,-4.828114966134372,-148.7952237286722
218.52557358364024,43.34788449359652,12.5,-5.784569013474503,-4.829468328158249,-148.7591342948498
218.5155737529214,43.34099107337807,12.499999999999998,-5.78425293282275,-4.83082144707795,-148.72304486102738
218.5055761930464,43.33409678204543,12.5,-5.78393680863711,-4.832174322965523,-148.6869554272049
218.49558090325485,43.32720161999545,12.499999999999998,-5.783620641020772,-4.833526955893028,-148.65086599338247
218.4855878827864,43.320305587624794,12.499999999999998,-5.783304430076836,-4.834879345932531,-148.61477655955997
218.4755971308809,43.31340868532994,12.499999999999998,-5.782988175908325,-4.836231493156108,-148.57868712573764
218.46560864677812,43.306510913507196,12.5,-5.7826718786181655,-4.837583397635845,-148.54259769191526
218.45562242971798,43.299612272552686,12.5,-5.782355538309215,-4.8389350594438465,-148.50650825809274
218.44563847894054,43.29271276286241,12.500000000000002,-5.782039155084237,-4.840286478652203,-148.47041882427027
218.4356567936858,43.28581238483206,12.5,-5.781722729045907,-4.84163765533305,-148.43432939044797
218.42567737319396,43.27891113885727,12.5,-5.781406260296821,-4.842988589558502,-148.3982399566254
218.4157002167053,43.27200902533343,12.5,-5.781089748939493,-4.844339281400696,-148.36215052280306
218.40572532346002,43.265106044655816,12.5,-5.78077319507635,-4.845689730931778,-148.32606108898048
218.3957526926986,43.25820219721947,12.499999999999998,-5.78045659880973,-4.847039938223899,-148.28997165515807
218.38578232366154,43.251297483419265,12.5,-5.780139960241897,-4.848389903349222,-148.25388222133574
218.37581421558932,43.244391903649905,12.500000000000002,-5.779823279475021,-4.8497396263799235,-148.2177927875132
218.3658483677226,43.23748545830595,12.5,-5.779506556611199,-4.8510891073881846,-148.1817033536909
218.35588477930213,43.230578147781685,12.499999999999998,-5.779189791752433,-4.8524383464461955,-148.14561391986837
218.34592344956874,43.22366997247137,12.5,-5.778872985000645,-4.853787343626145,-148.10952448604607
218.33596437776322,43.216760932768885,12.499999999999998,-5.778556136457674,-4.8551360990002586,-148.07343505222346
218.32600756312655,43.20985102906812,12.499999999999998,-5.778239246225272,-4.856484612640748,-148.03734561840105
218.31605300489977,43.202940261762684,12.5,-5.777922314405112,-4.857832884619839,-148.00125618457872
218.30610070232404,43.19602863124604,12.499999999999998,-5.7776053410987815,-4.859180915009768,-147.9651667507562
218.29615065464054,43.18911613791147,12.5,-5.777288326407781,-4.860528703882778,-147.92907731693379
218.2862028610906,43.18220278215209,12.5,-5.776971270433538,-4.861876251311122,-147.89298788311143
218.27625732091553,43.175288564360805,12.499999999999998,-5.776654173277378,-4.863223557367062,-147.856898449289
218.26631403335682,43.16837348493039,12.499999999999998,-5.776337035040559,-4.864570622122869,-147.82080901546658
218.25637299765606,43.16145754425343,12.500000000000002,-5.776019855824249,-4.865917445650815,-147.78471958164405
218.24643421305475,43.15454074272226,12.499999999999998,-5.775702635729535,-4.8672640280232,-147.74863014782167
218.23649767879468,43.147623080729126,12.499999999999998,-5.775385374857416,-4.868610369312313,-147.71254071399923
218.2265633941176,43.14070455866608,12.499999999999998,-5.775068073308812,-4.869956469590457,-147.67645128017676
218.2166313582654,43.13378517692499,12.499999999999998,-5.774750731184559,-4.871302328929944,-147.6403618463544
218.20670157048002,43.12686493589752,12.5,-5.774433348585408,-4.872647947403095,-147.6042724125319
218.19677403000352,43.1199438359752,12.5,-5.774115925612032,-4.873993325082239,-147.56818297870953
218.18684873607802,43.11302187754936,12.499999999999998,-5.77379846236501,-4.875338462039714,-147.53209354488706
218.17692568794575,43.10609906101114,12.5,-5.773480958944853,-4.876683358347863,-147.4960041110647
218.16700488484898,43.09917538675154,12.499999999999996,-5.773163415451978,-4.878028014079041,-147.45991467724212
218.1570863260302,43.09225085516139,12.499999999999998,-5.7728458319867215,-4.879372429305602,-147.42382524341974
218.14717001073168,43.08532546663125,12.5,-5.7725282086493355,-4.880716604099921,-147.38773580959722
218.13725593819612,43.07839922155161,12.500000000000002,-5.7722105455399895,-4.882060538534372,-147.35164637577492
218.1273441076661,43.07147212031273,12.499999999999998,-5.771892842758781,-4.883404232681343,-147.31555694195245
218.11743451838433,43.0645441633047,12.499999999999998,-5.771575100405709,-4.884747686613224,-147.27946750812998
218.10752716959374,43.05761535091746,12.5,-5.7712573185807,-4.8860909004024125,-147.24337807430757
218.0976220605371,43.05068568354075,12.499999999999998,-5.770939497383591,-4.887433874121315,-147.20728864048513
218.08771919045748,43.043755161564135,12.499999999999998,-5.770621636914141,-4.888776607842351,-147.17119920666266
218.07781855859793,43.03682378537701,12.5,-5.77030373727203,-4.890119101637936,-147.1351097728403
218.0679201642016,43.029891555368586,12.5,-5.769985798556844,-4.891461355580502,-147.09902033901787
218.05802400651186,43.022958471927936,12.5,-5.7696678208681025,-4.892803369742486,-147.06293090519537
218.04813008477188,43.01602453544387,12.5,-5.769349804305223,-4.894145144196331,-147.02684147137302
218.03823839822516,43.00908974630508,12.5,-5.769031748967558,-4.895486679014496,-146.99075203755052
218.02834894611524,43.00215410490012,12.500000000000002,-5.76871365495437,-4.8968279742694305,-146.95466260372814
218.0184617276857,42.995217611617285,12.5,-5.768395522364841,-4.898169030033605,-146.91857316990567
218.00857674218022,42.98828026684476,12.5,-5.76807735129807,-4.899509846379492,-146.88248373608315
217.99869398884263,42.98134207097053,12.499999999999998,-5.767759141853073,-4.9008504233795644,-146.8463943022607
217.9888134669168,42.9744030243824,12.5,-5.7674408941287885,-4.902190761106318,-146.81030486843838
217.9789351756467,42.967463127468,12.500000000000002,-5.767122608224065,-4.903530859632239,-146.77421543461597
217.96905911427643,42.96052238061481,12.5,-5.7668042842376845,-4.904870719029829,-146.73812600079353
217.95918528205,42.953580784210075,12.500000000000002,-5.766485922268324,-4.906210339371605,-146.70203656697103
217.94931367821175,42.946638338640916,12.5,-5.766167522414598,-4.90754972073007,-146.66594713314865
217.939444302006,42.93969504429427,12.5,-5.765849084775032,-4.908888863177749,-146.62985769932627
217.92957715267715,42.932750901556886,12.499999999999998,-5.765530609448069,-4.910227766787168,-146.5937682655038
217.9197122294697,42.925805910815356,12.499999999999998,-5.765212096532073,-4.911566431630862,-146.55767883168122
217.9098495316283,42.91886007245608,12.499999999999998,-5.764893546125324,-4.9129048577813705,-146.5215893978589
217.8999890583976,42.911913386865294,12.5,-5.764574958326023,-4.9142430453112365,-146.48549996403645
217.89013080902245,42.90496585442905,12.499999999999998,-5.764256333232288,-4.915580994293022,-146.44941053021392
217.88027478274765,42.89801747553323,12.499999999999998,-5.763937670942157,-4.916918704799276,-146.4133210963915
217.8704209788183,42.89106825056359,12.5,-5.763618971553583,-4.918256176902567,-146.3772316625691
217.8605693964793,42.88411817990556,12.5,-5.76330023516444,-4.919593410675474,-146.34114222874663
217.8507200349759,42.87716726394458,12.5,-5.762981461872526,-4.920930406190566,-146.30505279492442
217.84087289355332,42.87021550306578,12.5,-5.762662651775544,-4.922267163520434,-146.2689633611019
217.83102797145693,42.86326289765419,12.5,-5.762343804971131,-4.923603682737665,-146.23287392727946
217.82118526793215,42.85630944809464,12.499999999999998,-5.7620249215568355,-4.924939963914858,-146.1967844934569
217.81134478222455,42.8493551547718,12.500000000000002,-5.761706001630122,-4.9262760071246054,-146.16069505963458
217.80150651357974,42.842400018070144,12.5,-5.761387045288386,-4.927611812439529,-146.12460562581214
217.79167046124337,42.835444038373986,12.499999999999998,-5.761068052628927,-4.928947379932236,-146.0885161919896
217.78183662446136,42.82848721606745,12.5,-5.760749023748973,-4.930282709675344,-146.0524267581672
217.77200500247966,42.82152955153455,12.5,-5.7604299587456715,-4.931617801741473,-146.01633732434485
217.76217559454412,42.81457104515899,12.5,-5.760110857716079,-4.932952656203269,-145.98024789052232
217.75234839990094,42.807611697324404,12.499999999999998,-5.759791720757188,-4.9342872731333625,-145.94415845669994
217.74252341779632,42.80065150841427,12.500000000000002,-5.759472547965891,-4.935621652604386,-145.9080690228776
217.7327006474765,42.79369047881181,12.5,-5.759153339439021,-4.936955794689004,-145.87197958905514
217.72288008818788,42.78672860890014,12.5,-5.758834095273311,-4.938289699459855,-145.83589015523268
217.713061739177,42.77976589906216,12.499999999999998,-5.7585148155654275,-4.939623366989605,-145.79980072141035
217.7032455996904,42.77280234968064,12.5,-5.758195500411949,-4.940956797350914,-145.76371128758782
217.69343166897477,42.76583796113811,12.499999999999998,-5.757876149909376,-4.942289990616456,-145.72762185376538
217.68361994627696,42.75887273381703,12.499999999999998,-5.757556764154133,-4.943622946858895,-145.69153241994292
217.67381043084367,42.751906668099544,12.5,-5.757237343242546,-4.944955666150921,-145.65544298612053
217.664003121922,42.74493976436773,12.5,-5.7569178872708875,-4.946288148565216,-145.61935355229798
217.654198018759,42.737972023003465,12.5,-5.756598396335332,-4.947620394174468,-145.58326411847565
217.64439512060179,42.73100344438845,12.499999999999998,-5.75627887053198,-4.948952403051374,-145.5471746846531
217.6345944266977,42.72403402890421,12.5,-5.75595930995685,-4.950284175268628,-145.51108525083077
217.62479593629405,42.71706377693209,12.499999999999998,-5.75563971470588,-4.95161571089894,-145.47499581700825
217.61499964863833,42.71009268885329,12.499999999999998,-5.7553200848749295,-4.952947010015017,-145.43890638318578
217.60520556297809,42.70312076504881,12.499999999999998,-5.755000420559778,-4.954278072689572,-145.40281694936343
217.59541367856093,42.69614800589948,12.499999999999998,-5.7546807218561264,-4.955608898995325,-145.36672751554096
217.58562399463477,42.689174411786006,12.5,-5.754360988859597,-4.956939489004997,-145.3306380817186
217.57583651044726,42.682199983088765,12.5,-5.754041221665721,-4.958269842791325,-145.29454864789608
217.5660512252465,42.675224720188176,12.5,-5.753721420369965,-4.959599960427029,-145.25845921407375
217.55626813828047,42.66824862346433,12.5,-5.753401585067708,-4.960929841984855,-145.22236978025134
217.5464872487974,42.661271693297216,12.499999999999998,-5.753081715854252,-4.962259487537541,-145.18628034642884
217.53670855604548,42.65429393006663,12.5,-5.752761812824816,-4.963588897157837,-145.1501909126064
217.5269320592731,42.64731533415218,12.499999999999998,-5.752441876074544,-4.964918070918491,-145.11410147878382
217.5171577577287,42.64033590593335,12.5,-5.7521219056984965,-4.96624700889225,-145.07801204496167
217.5073856506609,42.633355645789365,12.5,-5.751801901791662,-4.967575711151886,-145.04192261113917
217.49761573731828,42.62637455409938,12.499999999999998,-5.751481864448941,-4.968904177770155,-145.00583317731662
217.48784801694967,42.61939263124232,12.5,-5.751161793765153,-4.9702324088198235,-144.96974374349423
217.47808248880386,42.61240987759692,12.499999999999998,-5.750841689835055,-4.971560404373671,-144.93365430967182
217.4683191521299,42.60542629354178,12.5,-5.750521552753303,-4.972888164504461,-144.89756487584944
217.4585580061768,42.59844187945532,12.5,-5.750201382614492,-4.974215689284982,-144.86147544202694
217.44879905019374,42.5914566357158,12.5,-5.749881179513125,-4.975542978788012,-144.82538600820453
217.43904228343,42.58447056270126,12.499999999999998,-5.7495609435436315,-4.9768700330863425,-144.78929657438204
217.42928770513498,42.57748366078961,12.5,-5.7492406748003635,-4.978196852252761,-144.7532071405597
217.41953531455812,42.5704959303586,12.499999999999998,-5.748920373377597,-4.979523436360067,-144.71711770673718
217.409785110949,42.563507371785754,12.499999999999998,-5.748600039369518,-4.9808497854810545,-144.6810282729147
217.40003709355736,42.55651798544847,12.5,-5.7482796728702406,-4.982175899688524,-144.6449388390924
217.39029126163288,42.54952777172395,12.5,-5.7479592739738035,-4.983501779055289,-144.60884940526986
217.38054761442558,42.542536730989255,12.5,-5.747638842774164,-4.984827423654153,-144.57275997144748
217.37080615118538,42.53554486362123,12.499999999999998,-5.747318379365197,-4.986152833557931,-144.536670537625
217.3610668711624,42.52855216999658,12.5,-5.746997883840702,-4.98747800883944,-144.50058110380257
217.35132977360684,42.52155865049184,12.5,-5.746677356294402,-4.988802949571497,-144.46449166998022
217.341594857769,42.51456430548335,12.500000000000002,-5.7463567968199385,-4.990127655826927,-144.42840223615778
217.3318621228993,42.507569135347275,12.499999999999998,-5.74603620551088,-4.991452127678561,-144.39231280233523
217.32213156824827,42.500573140459665,12.5,-5.745715582460702,-4.99277636519922,-144.35622336851281
217.31240319306653,42.49357632119633,12.5,-5.745394927762821,-4.994100368461743,-144.32013393469038
217.30267699660484,42.48657867793294,12.5,-5.745074241510565,-4.995424137538965,-144.28404450086794
217.292952978114,42.47958021104501,12.5,-5.744753523797183,-4.996747672503724,-144.2479550670456
217.2832311368449,42.472580920907845,12.5,-5.744432774715849,-4.998070973428865,-144.21186563322314
217.2735114720487,42.46558080789659,12.5,-5.744111994359658,-4.99939404038723,-144.1757761994007
217.26379398297647,42.45857987238627,12.499999999999998,-5.74379118282163,-5.000716873451672,-144.13968676557823
217.25407866887952,42.45157811475164,12.499999999999998,-5.743470340194698,-5.002039472695035,-144.10359733175594
217.24436552900917,42.44457553536738,12.500000000000002,-5.743149466571724,-5.003361838190178,-144.06750789793352
217.23465456261692,42.43757213460795,12.499999999999998,-5.742828562045497,-5.004683970009958,-144.03141846411094
217.22494576895437,42.430567912847636,12.5,-5.7425076267087185,-5.006005868227233,-143.9953290302885
217.21523914727317,42.42356287046059,12.499999999999998,-5.742186660654017,-5.007327532914867,-143.95923959646603
217.20553469682517,42.41655700782075,12.499999999999998,-5.741865663973944,-5.008648964145723,-143.92315016264362
217.19583241686217,42.40955032530192,12.499999999999998,-5.741544636760971,-5.009970161992671,-143.88706072882118
217.1861323066363,42.4025428232777,12.5,-5.741223579107489,-5.011291126528573,-143.85097129499883
217.17643436539961,42.395534502121535,12.5,-5.740902491105823,-5.012611857826314,-143.8148818611764
217.16673859240436,42.388525362206714,12.5,-5.740581372848208,-5.013932355958761,-143.77879242735395
217.1570449869029,42.38151540390632,12.500000000000002,-5.740260224426807,-5.015252620998792,-143.7427029935315
217.1473535481476,42.37450462759332,12.500000000000002,-5.739939045933707,-5.01657265301929,-143.70661355970915
217.13766427539107,42.367493033640436,12.499999999999998,-5.7396178374609175,-5.017892452093139,-143.67052412588663
217.12797716788597,42.360480622420305,12.499999999999998,-5.739296599100363,-5.019212018293215,-143.63443469206413
