galstreams/tracks/track.st.C-19.martin2022.ecsv
# %ECSV 0.9
# ---
# datatype:
# - {name: ra, unit: deg, datatype: float64}
# - {name: dec, unit: deg, datatype: float64}
# - {name: distance, unit: kpc, datatype: float64}
# - {name: pm_ra_cosdec, unit: mas / yr, datatype: float64}
# - {name: pm_dec, unit: mas / yr, datatype: float64}
# - {name: radial_velocity, unit: km / s, datatype: float64}
# delimiter: ','
# meta: !!omap
# - __serialized_columns__:
#     dec:
#       __class__: astropy.coordinates.angles.Latitude
#       unit: &id001 !astropy.units.Unit {unit: deg}
#       value: !astropy.table.SerializedColumn {name: dec}
#     distance:
#       __class__: astropy.coordinates.distances.Distance
#       unit: !astropy.units.Unit {unit: kpc}
#       value: !astropy.table.SerializedColumn {name: distance}
#     pm_dec:
#       __class__: astropy.units.quantity.Quantity
#       unit: !astropy.units.Unit {unit: mas / yr}
#       value: !astropy.table.SerializedColumn {name: pm_dec}
#     pm_ra_cosdec:
#       __class__: astropy.units.quantity.Quantity
#       unit: !astropy.units.Unit {unit: mas / yr}
#       value: !astropy.table.SerializedColumn {name: pm_ra_cosdec}
#     ra:
#       __class__: astropy.coordinates.angles.Longitude
#       unit: *id001
#       value: !astropy.table.SerializedColumn {name: ra}
#       wrap_angle: !astropy.coordinates.Angle
#         unit: *id001
#         value: 360.0
#     radial_velocity:
#       __class__: astropy.units.quantity.Quantity
#       unit: !astropy.units.Unit {unit: km / s}
#       value: !astropy.table.SerializedColumn {name: radial_velocity}
# schema: astropy-2.0
ra,dec,distance,pm_ra_cosdec,pm_dec,radial_velocity
[from data line 599]
354.5834084736893,29.88639693618742,18.000000000000004,1.321329055374721,-2.6247157445028413,-189.44000000000005
354.5840159903295,29.875994333234377,18.000000000000004,1.321189417962187,-2.6254351639604154,-189.44000000000003
354.58462318087294,29.865591719504827,18.000000000000004,1.3210498528546322,-2.6261541828918444,-189.44000000000005
354.5852300454633,29.85518909500335,18.000000000000004,1.3209103600594185,-2.6268728013046068,-189.44000000000003
354.5858365842441,29.844786459734614,18.000000000000004,1.3207709395838916,-2.627591019206168,-189.44
354.58644279735853,29.83438381370307,18.0,1.3206315914353794,-2.6283088366039937,-189.44000000000005
354.58704868495,29.82398115691336,18.000000000000004,1.320492315621195,-2.6290262535055393,-189.4400000000001
354.58765424716154,29.81357848937007,18.0,1.3203531121486365,-2.6297432699182552,-189.44000000000003
354.58825948413613,29.803175811077754,18.000000000000004,1.3202139810249842,-2.6304598858495867,-189.44000000000003
354.58886439601673,29.792773122040995,18.000000000000004,1.3200749222575037,-2.6311761013069717,-189.44
354.5894689829461,29.782370422264396,18.000000000000004,1.3199359358534435,-2.6318919162978434,-189.44
354.59007324506683,29.77196771175241,18.0,1.3197970218200372,-2.6326073308296274,-189.44000000000005
354.5906771825215,29.761564990509623,18.000000000000004,1.3196581801645024,-2.633322344909744,-189.44000000000005
354.59128079545263,29.751162258540607,18.0,1.3195194108940402,-2.6340369585456065,-189.4400000000001
354.5918840840024,29.740759515849888,18.0,1.3193807140158365,-2.6347511717446226,-189.4400000000001
354.59248704831316,29.730356762441993,18.0,1.3192420895370605,-2.6354649845141975,-189.44000000000003
354.59308968852685,29.719953998321472,18.000000000000004,1.3191035374648659,-2.636178396861722,-189.44000000000005
354.5936920047855,29.7095512234929,18.000000000000004,1.3189650578063916,-2.636891408794591,-189.44000000000014
354.594293997231,29.69914843796067,18.000000000000004,1.318826650568759,-2.637604020320185,-189.4400000000001
354.5948956660051,29.688745641729366,18.0,1.3186883157590752,-2.6383162314458852,-189.44000000000003
354.5954970112493,29.67834283480349,18.000000000000007,1.318550053384429,-2.639028042179058,-189.44000000000005
354.59609803310525,29.66794001718756,18.0,1.318411863451898,-2.6397394525270736,-189.4400000000001
354.5966987317144,29.657537188886074,18.000000000000004,1.3182737459685396,-2.6404504624972884,-189.44
354.59729910721785,29.64713434990358,18.000000000000004,1.3181357009413965,-2.6411610720970575,-189.44000000000014
354.59789915975693,29.636731500244462,18.0,1.317997728377498,-2.6418712813337315,-189.44000000000005
354.59849888947264,29.626328639913243,18.0,1.3178598282838552,-2.6425810902146463,-189.44000000000005
354.59909829650593,29.615925768914416,18.000000000000004,1.3177220006674635,-2.6432904987471413,-189.44000000000005
354.59969738099767,29.60552288725246,18.0,1.3175842455353046,-2.643999506938546,-189.44000000000003
354.6002961430885,29.59511999493185,18.0,1.3174465628943424,-2.644708114796182,-189.44000000000014
354.60089458291907,29.584717091957085,18.000000000000004,1.3173089527515267,-2.6454163223273675,-189.44000000000014
354.60149270063,29.57431417833254,18.000000000000004,1.3171714151137917,-2.646124129539416,-189.44000000000003
354.6020904963614,29.563911254062713,18.000000000000004,1.317033949988054,-2.646831536439631,-189.44000000000005
354.6026879702538,29.55350831915206,18.000000000000004,1.3168965573812166,-2.6475385430353127,-189.44000000000005
354.60328512244723,29.54310537360502,18.000000000000007,1.3167592373001669,-2.648245149333756,-189.44
354.6038819530817,29.53270241742605,18.0,1.3166219897517755,-2.648951355342249,-189.44000000000005
354.60447846229727,29.522299450619627,18.0,1.3164848147428978,-2.6496571610680695,-189.44000000000005
354.60507465023363,29.511896473190077,18.000000000000004,1.3163477122803742,-2.6503625665184973,-189.44000000000003
354.60567051703055,29.50149348514188,18.000000000000004,1.3162106823710291,-2.651067571700801,-189.44000000000003
354.60626606282756,29.491090486479454,18.000000000000007,1.3160737250216707,-2.6517721766222437,-189.44000000000005
354.6068612877642,29.480687477207237,18.0,1.3159368402390954,-2.6524763812900862,-189.44000000000005
354.6074561919799,29.470284457329605,18.0,1.3158000280300794,-2.6531801857115775,-189.44000000000003
354.6080507756138,29.45988142685099,18.000000000000007,1.3156632884013852,-2.6538835898939643,-189.44000000000003
354.608645038805,29.449478385775855,18.0,1.31552662135976,-2.6545865938444884,-189.4400000000001
354.60923898169267,29.439075334108466,18.000000000000004,1.3153900269119363,-2.6552891975703825,-189.4400000000001
354.6098326044157,29.428672271853284,18.0,1.3152535050646306,-2.655991401078878,-189.44
354.61042590711276,29.4182691990147,18.0,1.3151170558245417,-2.6566932043771927,-189.44000000000014
354.6110188899227,29.40786611559708,18.000000000000004,1.3149806791983576,-2.657394607472546,-189.44000000000005
354.61161155298413,29.397463021604825,18.000000000000004,1.3148443751927483,-2.6580956103721483,-189.44000000000014
354.6122038964354,29.387059917042343,18.0,1.3147081438143682,-2.658796213083206,-189.44
354.61279592041495,29.376656801913906,18.000000000000004,1.3145719850698554,-2.6594964156129133,-189.4400000000001
354.6133876250609,29.36625367622392,18.000000000000004,1.3144358989658362,-2.6601962179684686,-189.44000000000005
354.6139790105116,29.355850539976757,18.000000000000004,1.3142998855089187,-2.660895620157056,-189.44000000000005
354.61457007690495,29.34544739317676,18.000000000000007,1.3141639447056965,-2.661594622185858,-189.44000000000005
354.61516082437885,29.335044235828292,18.0,1.3140280765627481,-2.6622932240620503,-189.4400000000001
354.61575125307115,29.32464106793574,18.0,1.3138922810866365,-2.662991425792802,-189.44000000000005
354.61634136311955,29.314237889503335,18.0,1.313756558283909,-2.663689227385278,-189.44
354.61693115466153,29.303834700535468,18.0,1.3136209081610979,-2.664386628846631,-189.44000000000003
354.6175206278347,29.293431501036483,17.999999999999996,1.3134853307247218,-2.66508363018402,-189.4400000000001
354.6181097827764,29.283028291010677,18.0,1.3133498259812821,-2.665780231404589,-189.44000000000003
354.61869861962384,29.272625070462386,18.0,1.3132143939372658,-2.6664764325154775,-189.44000000000003
354.6192871385141,29.262221839395995,18.0,1.3130790345991443,-2.667172233523819,-189.4400000000001
354.6198753395843,29.251818597815678,18.000000000000004,1.3129437479733748,-2.6678676344367442,-189.44000000000014
354.62046322297147,29.24141534572582,18.0,1.3128085340664002,-2.668562635261377,-189.44000000000005
354.6210507888121,29.2310120831307,18.0,1.3126733928846432,-2.6692572360048326,-189.44000000000005
354.6216380372432,29.220608810034626,18.000000000000004,1.3125383244345183,-2.669951436674222,-189.44000000000003
354.6222249684012,29.210205526441896,17.999999999999996,1.3124033287224206,-2.6706452372766534,-189.44
354.62281158242257,29.1998022323568,18.0,1.3122684057547305,-2.6713386378192214,-189.44000000000014
354.6233978794438,29.189398927783653,18.0,1.3121335555378157,-2.6720316383090257,-189.44000000000003
354.6239838596011,29.178995612726634,18.0,1.3119987780780251,-2.672724238753151,-189.44000000000005
354.6245695230305,29.168592287190084,18.0,1.3118640733816964,-2.673416439158682,-189.44000000000003
354.6251548698682,29.15818895117825,18.0,1.3117294414551488,-2.6741082395326936,-189.44000000000005
354.62573990025004,29.147785604695414,18.0,1.31159488230469,-2.674799639882257,-189.44000000000005
354.62632461431184,29.137382247745837,17.999999999999996,1.3114603959366098,-2.6754906402144374,-189.44000000000005
354.6269090121894,29.1269788803338,18.0,1.3113259823571837,-2.676181240536295,-189.44000000000005
354.6274930940183,29.11657550246347,17.999999999999996,1.3111916415726745,-2.6768714408548817,-189.44000000000005
354.6280768599339,29.106172114139135,17.999999999999996,1.3110573735893256,-2.677561241177246,-189.4400000000001
354.6286603100717,29.09576871536503,18.0,1.3109231784133706,-2.6782506415104326,-189.44000000000003
354.629243444567,29.085365306145402,18.0,1.3107890560510238,-2.678939641861473,-189.44000000000005
354.6298262635549,29.07496188648447,18.0,1.3106550065084877,-2.679628242237402,-189.44
354.6304087671705,29.064558456386543,18.0,1.3105210297919483,-2.6803164426452417,-189.44000000000005
354.63099095554867,29.054155015855706,18.0,1.3103871259075763,-2.681004243092013,-189.44000000000014
354.63157282882435,29.043751564896215,17.999999999999996,1.3102532948615304,-2.6816916435847302,-189.44000000000003
354.63215438713223,29.033348103512317,18.0,1.31011953665995,-2.6823786441303987,-189.44000000000005
354.63273563060693,29.022944631708217,18.0,1.3099858513089633,-2.683065244736022,-189.4400000000001
354.63331655938293,29.01254114948809,18.0,1.3098522388146823,-2.6837514454085953,-189.44000000000005
354.63389717359473,29.00213765685621,18.000000000000004,1.3097186991832042,-2.684437246155111,-189.4400000000001
354.63447747337653,28.991734153816665,17.999999999999996,1.309585232420613,-2.6851226469825535,-189.44000000000005
354.6350574588626,28.981330640373685,18.0,1.3094518385329734,-2.6858076478979,-189.44000000000014
354.635637130187,28.970927116531453,18.0,1.3093185175263413,-2.6864922489081278,-189.4400000000001
354.63621648748364,28.960523582294158,18.0,1.309185269406755,-2.687176450020203,-189.44000000000003
354.63679553088645,28.95012003766597,18.0,1.3090520941802355,-2.6878602512410867,-189.44000000000014
354.63737426052916,28.939716482651058,18.0,1.3089189918527948,-2.6885436525777378,-189.44000000000005
354.6379526765454,28.929312917253647,18.0,1.3087859624304243,-2.689226654037105,-189.4400000000001
354.63853077906884,28.91890934147778,18.0,1.3086530059191057,-2.6899092556261373,-189.44
354.6391085682327,28.90850575532768,18.0,1.3085201223248022,-2.6905914573517684,-189.44000000000014
354.63968604417056,28.89810215880749,18.0,1.3083873116534661,-2.691273259220939,-189.44000000000014
354.6402632070154,28.887698551921364,17.999999999999996,1.3082545739110307,-2.691954661240572,-189.4400000000001
354.64084005690046,28.87729493467343,18.0,1.3081219091034177,-2.692635663417592,-189.44000000000005
354.64141659395875,28.866891307067913,18.0,1.307989317236534,-2.6933162657589174,-189.44000000000014
354.6419928183231,28.85648766910879,18.0,1.3078567983162708,-2.6939964682714597,-189.44000000000014
354.6425687301264,28.846084020800284,18.000000000000004,1.3077243523485058,-2.6946762709621224,-189.4400000000001
354.64314432950124,28.835680362146498,18.0,1.3075919793391007,-2.695355673837808,-189.44000000000005
354.64371961658026,28.82527669315156,17.999999999999996,1.3074596792939044,-2.69603467690541,-189.44000000000005
354.64429459149585,28.814873013819582,18.0,1.3073274522187495,-2.696713280171818,-189.4400000000001
354.64486925438047,28.804469324154738,17.999999999999996,1.3071952981194561,-2.6973914836439157,-189.44000000000005
354.6454436053663,28.794065624161014,18.0,1.3070632170018273,-2.6980692873285794,-189.44000000000014
354.6460176445856,28.783661913842565,18.0,1.3069312088716547,-2.698746691232684,-189.44000000000005
354.6465913721703,28.7732581932035,18.0,1.3067992737347125,-2.699423695363092,-189.44000000000005
354.6471647882523,28.76285446224789,18.0,1.3066674115967623,-2.70010029972667,-189.44000000000005
354.6477378929636,28.75245072097985,17.999999999999996,1.306535622463551,-2.70077650433027,-189.44000000000005
354.6483106864359,28.7420469694035,18.0,1.3064039063408102,-2.701452309180743,-189.44000000000003
354.64888316880064,28.73164320752282,18.0,1.306272263234258,-2.7021277142849325,-189.44000000000003
354.6494553401895,28.72123943534192,18.0,1.3061406931495976,-2.7028027196496778,-189.4400000000001
354.65002720073375,28.710835652864887,18.0,1.306009196092518,-2.7034773252818143,-189.4400000000001
354.6505987505648,28.70043186009579,18.0,1.3058777720686936,-2.704151531188166,-189.4400000000001
354.6511699898139,28.690028057038674,18.0,1.3057464210837855,-2.7048253373755564,-189.4400000000001
354.651740918612,28.679624243697596,18.0,1.3056151431434382,-2.705498743850805,-189.44000000000005
354.65231153709016,28.669220420076677,18.000000000000004,1.3054839382532841,-2.70617175062072,-189.44000000000005
354.6528818453793,28.658816586179846,18.0,1.305352806418941,-2.7068443576921073,-189.44000000000003
354.65345184361,28.6484127420112,18.0,1.30522174764601,-2.7075165650717685,-189.44000000000003
354.65402153191314,28.638008887574774,18.0,1.3050907619400818,-2.7081883727664953,-189.44000000000005
354.6545909104192,28.627605022874604,18.0,1.3049598493067291,-2.708859780783082,-189.44000000000005
354.6551599792586,28.617201147914724,18.0,1.3048290097515127,-2.709530789128306,-189.4400000000001
354.6557287385618,28.60679726269921,18.0,1.3046982432799794,-2.7102013978089485,-189.44000000000003
354.6562971884589,28.596393367231975,18.0,1.3045675498976588,-2.7108716068317813,-189.4400000000001
354.6568653290802,28.585989461517087,17.999999999999996,1.3044369296100704,-2.711541416203575,-189.44000000000005
354.65743316055557,28.575585545558553,18.000000000000004,1.3043063824227155,-2.712210825931084,-189.44000000000014
354.658000683015,28.565181619360388,18.0,1.3041759083410838,-2.712879836021071,-189.4400000000001
354.6585678965884,28.554777682926588,17.999999999999996,1.3040455073706516,-2.7135484464802855,-189.4400000000001
354.65913480140546,28.544373736261214,18.0,1.3039151795168769,-2.7142166573154674,-189.4400000000001
354.6597013975957,28.533969779368135,18.0,1.3037849247852087,-2.7148844685333637,-189.44000000000005
354.66026768528883,28.523565812251405,18.0,1.3036547431810788,-2.715551880140705,-189.44
354.660833664614,28.513161834915014,18.0,1.303524634709904,-2.716218892144219,-189.44000000000003
354.6613993357007,28.502757847362926,18.0,1.3033945993770897,-2.71688550455063,-189.44000000000005
354.6619646986781,28.492353849599137,18.0,1.3032646371880257,-2.717551717366658,-189.4400000000001
354.66252975367524,28.48194984162766,18.0,1.3031347481480886,-2.718217530599013,-189.44000000000005
354.66309450082116,28.471545823452367,17.999999999999996,1.30300493226264,-2.7188829442544025,-189.44000000000014
354.6636589402448,28.46114179507725,17.999999999999996,1.3028751895370272,-2.71954795833953,-189.44000000000005
354.6642230720748,28.45073775650627,18.0,1.3027455199765847,-2.720212572861088,-189.44
354.6647868964399,28.440333707743406,18.0,1.3026159235866324,-2.7208767878257696,-189.44
354.66535041346873,28.42992964879259,18.0,1.3024864003724752,-2.7215406032402596,-189.44000000000005
354.6659136232897,28.419525579657773,18.0,1.3023569503394066,-2.7222040191112375,-189.44000000000003
354.6664765260312,28.409121500342945,18.0,1.3022275734927036,-2.72286703544538,-189.44000000000003
354.6670391218216,28.398717410851923,18.0,1.3020982698376298,-2.7235296522493537,-189.44000000000005
354.6676014107888,28.38831331118872,18.000000000000004,1.3019690393794352,-2.724191869529821,-189.44000000000005
354.6681633930611,28.377909201357234,18.0,1.301839882123356,-2.7248536872934443,-189.44
354.6687250687664,28.367505081361415,18.0,1.301710798074615,-2.7255151055468736,-189.44000000000005
354.6692864380325,28.357100951205165,17.999999999999996,1.3015817872384203,-2.7261761242967575,-189.44
354.66984750098715,28.346696810892457,18.0,1.3014528496199644,-2.726836743549737,-189.44000000000005
354.6704082577581,28.33629266042708,17.999999999999996,1.3013239852244303,-2.7274969633124515,-189.44
354.6709687084727,28.325888499813022,18.0,1.3011951940569828,-2.7281567835915297,-189.44000000000005
354.67152885325856,28.315484329054158,18.0,1.3010664761227746,-2.728816204393598,-189.44000000000005
354.672088692243,28.305080148154392,18.0,1.3009378314269462,-2.7294752257252783,-189.44000000000003
