galstreams/tracks/track.st.M30.ibata2024.ecsv
# %ECSV 1.0
# ---
# datatype:
# - {name: ra, unit: deg, datatype: float64}
# - {name: dec, unit: deg, datatype: float64}
# - {name: distance, unit: kpc, datatype: float64}
# - {name: pm_ra_cosdec, unit: mas / yr, datatype: float64}
# - {name: pm_dec, unit: mas / yr, datatype: float64}
# - {name: radial_velocity, unit: km / s, datatype: float64}
# delimiter: ','
# meta: !!omap
# - __serialized_columns__:
#     dec:
#       __class__: astropy.coordinates.angles.Latitude
#       unit: &id001 !astropy.units.Unit {unit: deg}
#       value: !astropy.table.SerializedColumn {name: dec}
#     distance:
#       __class__: astropy.coordinates.distances.Distance
#       unit: !astropy.units.Unit {unit: kpc}
#       value: !astropy.table.SerializedColumn {name: distance}
#     pm_dec:
#       __class__: astropy.units.quantity.Quantity
#       unit: !astropy.units.Unit {unit: mas / yr}
#       value: !astropy.table.SerializedColumn {name: pm_dec}
#     pm_ra_cosdec:
#       __class__: astropy.units.quantity.Quantity
#       unit: !astropy.units.Unit {unit: mas / yr}
#       value: !astropy.table.SerializedColumn {name: pm_ra_cosdec}
#     ra:
#       __class__: astropy.coordinates.angles.Longitude
#       unit: *id001
#       value: !astropy.table.SerializedColumn {name: ra}
#       wrap_angle: !astropy.coordinates.Angle
#         unit: *id001
#         value: 360.0
#     radial_velocity:
#       __class__: astropy.units.quantity.Quantity
#       unit: !astropy.units.Unit {unit: km / s}
#       value: !astropy.table.SerializedColumn {name: radial_velocity}
# schema: astropy-2.0
ra,dec,distance,pm_ra_cosdec,pm_dec,radial_velocity
[from data line 1110]
327.7345878518161,-21.728885724550896,1.0000000000000004,0.00848481341895635,-6.9147627778245955,-180.04924138287504
327.74113436607286,-21.72006236079119,1.0000000000000004,0.01133631995138984,-6.912514369920547,-180.09692303801884
327.7476690183555,-21.71122007204967,1.0000000000000007,0.014187996197637887,-6.91026206583346,-180.1442004695669
327.7541917874786,-21.702358824577345,1.0000000000000004,0.01703984379867407,-6.908005858982313,-180.19107193630884
327.7607026522632,-21.693478584626153,1.0000000000000007,0.019891864399443904,-6.905745742786588,-180.2375356970343
327.76720159153746,-21.68457931844893,1.0000000000000007,0.02274405964924142,-6.903481710666249,-180.28359001053292
327.7736885841359,-21.675660992299406,1.0000000000000004,0.02559643120139299,-6.901213756041716,-180.32923313559425
327.78016360890024,-21.66672357243221,1.0000000000000007,0.028448980713385197,-6.8989418723338956,-180.37446333100797
327.78662664467873,-21.657767025102842,1.0000000000000007,0.03130170984699987,-6.896666052964154,-180.41927885556368
327.7930776703268,-21.64879131656766,1.0000000000000007,0.03415462026812932,-6.894386291354317,-180.46367796805094
327.7995166647064,-21.63979641308389,1.0000000000000004,0.0370077136468403,-6.892102580926682,-180.5076589272594
327.80594360668687,-21.630782280909578,1.0000000000000007,0.039860991657548084,-6.8898149151039645,-180.55121999197857
327.81235847514415,-21.62174888630362,1.0000000000000007,0.04271445597876067,-6.8875232873093575,-180.59435942099825
327.8187612489614,-21.61269619552573,1.0000000000000004,0.045568108293295495,-6.88522769096649,-180.63707547310796
327.82515190702867,-21.60362417483643,1.0000000000000007,0.048421950288183524,-6.882928119499411,-180.67936640709726
327.83153042824324,-21.59453279049702,1.0000000000000007,0.05127598365479713,-6.880624566332612,-180.72123048175578
327.83789679150925,-21.585422008769623,1.0000000000000007,0.05413021008865826,-6.87831702489101,-180.76266595587322
327.8442509757383,-21.576291795917115,1.0000000000000004,0.056984631289711984,-6.87600548859994,-180.80367108823913
327.8505929598489,-21.567142118203144,1.0000000000000004,0.05983924896207071,-6.87368995088515,-180.8442441376431
327.8569227227667,-21.557972941892103,1.0000000000000007,0.06269406481424156,-6.871370405172811,-180.88438336287481
327.86324024342474,-21.548784233249155,1.0000000000000004,0.06554908055898068,-6.869046844889489,-180.92408702272382
327.86954550076337,-21.539575958540166,1.0000000000000007,0.06840429791348512,-6.866719263462145,-180.96335337597972
327.87583847372986,-21.53034808403174,1.0000000000000004,0.07125971859913349,-6.864387654318153,-181.0021806814322
327.88211914127925,-21.52110057599118,1.0000000000000007,0.07411534434179146,-6.862052010885252,-181.04056719787087
327.88838748237356,-21.511833400686513,1.0000000000000004,0.0769711768716057,-6.859712326591598,-181.0785111840852
327.8946434759824,-21.502546524386435,1.0000000000000007,0.0798272179231212,-6.857368594865682,-181.11601089886497
327.9008871010826,-21.493239913360323,1.0000000000000004,0.08268346923525982,-6.85502080913642,-181.15306460099964
327.9071183366587,-21.48391353387823,1.0000000000000007,0.08553993255138082,-6.852668962833047,-181.18967054927901
327.91333716170243,-21.474567352210858,1.0000000000000007,0.08839660961914575,-6.850313049385208,-181.22582700249257
327.919543555213,-21.465201334629562,1.0000000000000007,0.09125350219072814,-6.847953062222868,-181.26153221942994
327.92573749619737,-21.455815447406334,1.0000000000000007,0.09411061202268556,-6.845588994776369,-181.29678445888072
327.9319189636699,-21.44640965681379,1.0000000000000007,0.09696794087599869,-6.843220840476384,-181.33158197963456
327.93808793665255,-21.43698392912515,1.0000000000000004,0.09982549051611755,-6.8408485927539395,-181.36592304048105
327.9442443941749,-21.427538230614267,1.0000000000000007,0.10268326271296857,-6.8384722450403865,-181.39980590020986
327.9503883152741,-21.41807252755555,1.0000000000000007,0.10554125924087643,-6.836091790767421,-181.43322881761054
327.9565196789951,-21.408586786224017,1.0000000000000007,0.10839948187871684,-6.8337072233670435,-181.46619005147272
327.9626384643904,-21.399080972895256,1.0000000000000007,0.1112579324097922,-6.831318536271603,-181.498687860586
327.96874465052036,-21.389555053845402,1.0000000000000007,0.11411661262195594,-6.828925722913739,-181.53072050374
327.974838216453,-21.38000899535117,1.0000000000000007,0.11697552430754499,-6.826528776726406,-181.56228623972433
327.98091914126405,-21.37044276368978,1.0000000000000007,0.11983466926336916,-6.824127691142862,-181.59338332732858
327.9869874040373,-21.360856325139014,1.0000000000000007,0.12269404929087813,-6.821722459596663,-181.6240100253424
327.9930429838641,-21.35124964597716,1.0000000000000007,0.12555366619595532,-6.8193130755216576,-181.65416459255542
327.99908585984383,-21.34162269248301,1.0000000000000004,0.1284135217890814,-6.816899532351979,-181.68384528775712
328.00511601108377,-21.331975430935884,1.0000000000000004,0.13127361788530933,-6.814481823522052,-181.71305036973737
328.011133416699,-21.322307827615543,1.0000000000000007,0.134133956304197,-6.81205994246653,-181.7417780972856
328.0171380558126,-21.312619848802285,1.0000000000000004,0.1369945388699385,-6.809633882620417,-181.7700267291914
328.0231299075557,-21.302911460776826,1.0000000000000007,0.13985536741130034,-6.80720363741889,-181.79779452424444
328.02910895106737,-21.293182629820368,1.0000000000000004,0.1427164437616817,-6.8047692002974545,-181.82507974123433
328.0350751654946,-21.28343332221456,1.0000000000000007,0.14557776975898307,-6.802330564691823,-181.8518806389507
328.04102852999284,-21.273663504241497,1.0000000000000004,0.14843934724590468,-6.799887724037993,-181.87819547618315
328.046969023725,-21.263873142183655,1.0000000000000007,0.15130117806955212,-6.797440671772134,-181.9040225117212
328.0528966258627,-21.254062202323993,1.0000000000000007,0.15416326408186976,-6.794989401330733,-181.92936000435463
328.0588113155853,-21.244230650945838,1.0000000000000004,0.1570256071393139,-6.792533906150453,-181.9542062128729
328.0647130720805,-21.234378454332923,1.0000000000000007,0.15988820910308732,-6.790074179668186,-181.9785593960657
328.07060187454425,-21.224505578769364,1.0000000000000007,0.16275107183901838,-6.787610215321046,-182.00241781272268
328.0764777021805,-21.214611990539677,1.0000000000000007,0.16561419721758597,-6.785142006546366,-182.02577972163337
328.0823405342017,-21.204697655928715,1.0000000000000007,0.1684775871140083,-6.782669546781662,-182.04864338158742
328.0881903498283,-21.194762541221724,1.0000000000000004,0.1713412434081647,-6.780192829464665,-182.07100705137444
328.09402712828927,-21.18480661270426,1.0000000000000007,0.17420516798464192,-6.777711848033292,-182.09286898978402
328.09985084882186,-21.174829836662227,1.0000000000000007,0.17706936273275886,-6.775226595925636,-182.11422745560583
328.1056614906716,-21.16483217938189,1.0000000000000007,0.17993382954657022,-6.772737066579988,-182.13508070762947
328.1114590330924,-21.15481360714979,1.0000000000000007,0.1827985703247954,-6.770243253434805,-182.15542700464445
328.1172434553467,-21.1447740862528,1.0000000000000007,0.18566358697100682,-6.767745149928708,-182.1752646054405
328.12301473670504,-21.13471358297808,1.0000000000000007,0.188528881393367,-6.765242749500481,-182.19459176880721
328.12877285644686,-21.124632063613088,1.0000000000000007,0.19139445550496603,-6.762736045589056,-182.21340675353417
328.13451779385974,-21.114529494445556,1.0000000000000004,0.19426031122359433,-6.760225031633532,-182.23170781841102
328.1402495282399,-21.10440584176349,1.0000000000000007,0.19712645047179578,-6.757709701073127,-182.24949322222727
328.145968038892,-21.09426107185515,1.0000000000000007,0.19999287517693176,-6.755190047347218,-182.26676122377268
328.15167330512935,-21.084095151009052,1.0000000000000004,0.20285958727115982,-6.752666063895297,-182.28351008183677
328.15736530627373,-21.073908045513956,1.0000000000000007,0.20572658869143368,-6.750137744156991,-182.2997380552092
328.16304402165565,-21.063699721658846,1.0000000000000007,0.2085938813795032,-6.747605081572019,-182.31544340267953
328.168709430614,-21.053470145732923,1.0000000000000007,0.21146146728195703,-6.745068069580249,-182.33062438303742
328.1743615124966,-21.04321928402561,1.0000000000000004,0.21432934835029016,-6.742526701621622,-182.34527925507243
328.18000024665986,-21.032947102826533,1.0000000000000004,0.21719752654070845,-6.739980971136192,-182.35940627757418
328.1856256124687,-21.022653568425515,1.0000000000000007,0.22006600381434183,-6.737430871564096,-182.37300370933238
328.191237589297,-21.01233864711254,1.0000000000000004,0.22293478213715545,-6.7348763963455625,-182.38606980913656
328.1968361565272,-21.002002305177797,1.0000000000000004,0.2258038634800137,-6.732317538920896,-182.3986028357764
328.2024212935505,-20.991644508911627,1.0000000000000004,0.22867324981858417,-6.729754292730474,-182.41060104804131
328.20799297976714,-20.98126522460452,1.0000000000000007,0.23154294313352608,-6.727186651214737,-182.42206270472116
328.21355119458593,-20.970864418547134,1.0000000000000004,0.23441294541031255,-6.724614607814194,-182.4329860646054
328.2190959174245,-20.96044205703024,1.0000000000000004,0.23728325863927324,-6.722038155969389,-182.4433693864837
328.2246271277094,-20.949998106344747,1.0000000000000004,0.2401538848157898,-6.71945728912092,-182.45321092914574
328.2301448048762,-20.939532532781694,1.0000000000000007,0.24302482594004715,-6.716872000709426,-182.46250895138098
328.235648928369,-20.929045302632222,1.0000000000000004,0.24589608401714358,-6.714282284175583,-182.47126171197908
328.24113947764124,-20.918536382187575,1.0000000000000007,0.2487676610571974,-6.711688132960076,-182.47946746972968
328.246616432155,-20.908005737739078,1.0000000000000007,0.2516395590752225,-6.7090895405036255,-182.48712448342252
328.2520797713815,-20.89745333557817,1.0000000000000007,0.25451178009116404,-6.706486500246958,-182.4942310118469
328.2575294748008,-20.886879141996328,1.0000000000000004,0.2573843261299409,-6.703879005630801,-182.5007853137928
328.26296552190206,-20.87628312328511,1.0000000000000007,0.26025719922145285,-6.7012670500958755,-182.50678564804957
328.2683878921835,-20.86566524573614,1.0000000000000004,0.263130401400538,-6.698650627082914,-182.51223027340686
328.2737965651522,-20.85502547564108,1.0000000000000007,0.2660039347070189,-6.6960297300326115,-182.5171174486544
328.2791915203247,-20.84436377929164,1.0000000000000007,0.26887780118576643,-6.69340435238566,-182.52144543258177
328.2845727372261,-20.83368012297955,1.0000000000000007,0.27175200288658274,-6.69077448758271,-182.5252124839784
328.28994019539107,-20.822974472996567,1.0000000000000007,0.27462654186427926,-6.688140129064376,-182.5284168616341
328.2952938743631,-20.812246795634454,1.0000000000000007,0.2775014201787087,-6.685501270271227,-182.53105682433844
328.300633753695,-20.801497057185003,1.0000000000000007,0.2803766398947012,-6.682857904643803,-182.53313063088103
328.3059598129488,-20.790725223939965,1.0000000000000007,0.2832522030821707,-6.680210025622552,-182.53463654005142
328.3112720316956,-20.77993126219111,1.0000000000000004,0.28612811181601217,-6.677557626647884,-182.53557281063934
328.31657038951556,-20.769115138230173,1.0000000000000004,0.2890043681761725,-6.674900701160136,-182.53593770143428
328.3218548659985,-20.75827681834886,1.0000000000000004,0.2918809742477144,-6.672239242599548,-182.53572947122595
328.3271254407431,-20.74741626883884,1.0000000000000004,0.29475793212061774,-6.669573244406295,-182.53494637880394
328.33238209335747,-20.736533455991744,1.0000000000000004,0.29763524389004914,-6.666902700020441,-182.53358668295778
328.337624803459,-20.72562834609914,1.0000000000000007,0.3005129116562095,-6.664227602881972,-182.5316486424772
328.3428535506743,-20.714700905452528,1.0000000000000004,0.3033909375243091,-6.6615479464307485,-182.5291305161517
328.3480683146395,-20.703751100343357,1.0000000000000007,0.30626932360476644,-6.658863724106518,-182.52603056277093
328.3532690749999,-20.692778897062972,1.0000000000000007,0.3091480720130271,-6.6561749293489205,-182.52234704112456
328.3584558114101,-20.68178426190266,1.0000000000000007,0.31202718486959924,-6.653481555597449,-182.51807821000216
328.36362850353436,-20.67076716115358,1.0000000000000007,0.31490666430011416,-6.6507835962914745,-182.51322232819334
328.368787131046,-20.659727561106813,1.0000000000000007,0.3177865124353616,-6.648081044870215,-182.50777765448774
328.373931673628,-20.648665428053317,1.0000000000000004,0.3206667314111904,-6.645373894772745,-182.50174244767493
328.37906211097277,-20.637580728283933,1.0000000000000007,0.32354732336863634,-6.642662139437966,-182.49511496654455
328.38417842278193,-20.626473428089383,1.0000000000000007,0.32642829045382626,-6.639945772304631,-182.48789346988625
328.38928058876684,-20.615343493760243,1.0000000000000004,0.32930963481799225,-6.637224786811317,-182.48007621648952
328.3943685886481,-20.60419089158694,1.0000000000000007,0.3321913586175782,-6.634499176396395,-182.47166146514405
328.39944240215607,-20.593015587859774,1.0000000000000007,0.3350734640141404,-6.631768934498092,-182.4626474746395
328.4045020090304,-20.581817548868873,1.0000000000000004,0.3379559531743901,-6.629034054554407,-182.45303250376546
328.4095473890204,-20.57059674090419,1.0000000000000004,0.3408388282702077,-6.626294530003137,-182.44281481131142
328.4145785218849,-20.559353130255516,1.0000000000000007,0.3437220914786856,-6.623550354281872,-182.43199265606717
328.4195953873923,-20.548086683212468,1.0000000000000004,0.34660574498201413,-6.620801520828001,-182.42056429682222
328.4245979653206,-20.536797366064448,1.0000000000000007,0.34948979096763466,-6.618048023078653,-182.4085279923662
328.4295862354572,-20.525485145100696,1.0000000000000007,0.3523742316281151,-6.615289854470751,-182.39588200148873
328.4345601775994,-20.514149986610228,1.0000000000000007,0.35525906916127425,-6.61252700844097,-182.38262458297942
328.439519771554,-20.50279185688185,1.0000000000000004,0.3581443057700717,-6.609759478425726,-182.36875399562786
328.44446499713735,-20.491410722204144,1.0000000000000004,0.3610299436626896,-6.606987257861178,-182.3542684982237
328.4493958341757,-20.480006548865493,1.0000000000000004,0.3639159850526248,-6.604210340183235,-182.33916634955656
328.45431226250463,-20.468579303154012,1.0000000000000007,0.3668024321584227,-6.601428718827513,-182.32344580841587
328.4592142619697,-20.457128951357596,1.0000000000000007,0.3696892872039328,-6.598642387229359,-182.30710513359162
328.464101812426,-20.445655459763906,1.0000000000000004,0.37257655241826626,-6.595851338823841,-182.29014258387312
328.46897489373845,-20.434158794660316,1.0000000000000007,0.37546423003571405,-6.593055567045703,-182.27255641805002
328.4738334857816,-20.422638922333967,1.0000000000000007,0.3783523222958216,-6.590255065329413,-182.25434489491204
328.4786775684397,-20.41109580907171,1.0000000000000004,0.3812408314433604,-6.5874498271091095,-182.2355062732487
328.48350712160686,-20.39952942116014,1.0000000000000007,0.38412975972839547,-6.5846398458186135,-182.2160388118496
328.488322125187,-20.387939724885555,1.0000000000000007,0.3870191094062143,-6.5818251148914175,-182.1959407695045
328.4931225590937,-20.376326686533982,1.0000000000000007,0.38990888273740154,-6.579005627760688,-182.1752104050028
328.4979084032503,-20.36469027239113,1.0000000000000007,0.39279908198771807,-6.576181377859222,-182.15384597713427
328.50267963759,-20.353030448742416,1.0000000000000007,0.3956897094283178,-6.573352358619489,-182.13184574468843
328.507436242056,-20.34134718187297,1.0000000000000007,0.3985807673355133,-6.5705185634735965,-182.109207966455
328.5121781966009,-20.32964043806756,1.0000000000000007,0.40147225799097797,-6.567679985853256,-182.0859309012235
