galstreams/tracks/track.st.Phlegethon.ibata2024.ecsv
# %ECSV 1.0
# ---
# datatype:
# - {name: ra, unit: deg, datatype: float64}
# - {name: dec, unit: deg, datatype: float64}
# - {name: distance, unit: kpc, datatype: float64}
# - {name: pm_ra_cosdec, unit: mas / yr, datatype: float64}
# - {name: pm_dec, unit: mas / yr, datatype: float64}
# - {name: radial_velocity, unit: km / s, datatype: float64}
# delimiter: ','
# meta: !!omap
# - __serialized_columns__:
#     dec:
#       __class__: astropy.coordinates.angles.Latitude
#       unit: &id001 !astropy.units.Unit {unit: deg}
#       value: !astropy.table.SerializedColumn {name: dec}
#     distance:
#       __class__: astropy.coordinates.distances.Distance
#       unit: !astropy.units.Unit {unit: kpc}
#       value: !astropy.table.SerializedColumn {name: distance}
#     pm_dec:
#       __class__: astropy.units.quantity.Quantity
#       unit: !astropy.units.Unit {unit: mas / yr}
#       value: !astropy.table.SerializedColumn {name: pm_dec}
#     pm_ra_cosdec:
#       __class__: astropy.units.quantity.Quantity
#       unit: !astropy.units.Unit {unit: mas / yr}
#       value: !astropy.table.SerializedColumn {name: pm_ra_cosdec}
#     ra:
#       __class__: astropy.coordinates.angles.Longitude
#       unit: *id001
#       value: !astropy.table.SerializedColumn {name: ra}
#       wrap_angle: !astropy.coordinates.Angle
#         unit: *id001
#         value: 360.0
#     radial_velocity:
#       __class__: astropy.units.quantity.Quantity
#       unit: !astropy.units.Unit {unit: km / s}
#       value: !astropy.table.SerializedColumn {name: radial_velocity}
# schema: astropy-2.0
ra,dec,distance,pm_ra_cosdec,pm_dec,radial_velocity
[from data line 2273]
319.11630620921346,-35.90019247959167,1.0000000000000009,-4.792941191523187,-36.93260429232219,52.12421645007913
319.119495738104,-35.89050236463646,1.000000000000001,-4.791017367116227,-36.93446778926014,52.01545434549674
319.12268404576747,-35.88081209246797,1.0000000000000007,-4.789093876039745,-36.93632888190322,51.90670286691675
319.12587113274685,-35.871121663164494,1.0000000000000009,-4.787170718358455,-36.93818757055112,51.79796201146378
319.1290569995849,-35.86143107680444,1.0000000000000009,-4.785247894136862,-36.94004385550352,51.68923177626257
319.1322416468236,-35.85174033346599,1.0000000000000007,-4.783325403439324,-36.941897737059975,51.58051215843786
319.135425075005,-35.842049433227295,1.0000000000000009,-4.781403246329957,-36.94374921552001,51.47180315511442
319.13860728467034,-35.83235837616644,1.0000000000000009,-4.779481422872747,-36.94559829118303,51.363104763416914
319.1417882763606,-35.822667162361405,1.0000000000000009,-4.777559933131481,-36.94744496434843,51.254416980470126
319.14496805061646,-35.81297579189025,1.0000000000000009,-4.775638777169773,-36.949289235315455,51.14573980339877
319.1481466079781,-35.80328426483083,1.0000000000000007,-4.773717955051037,-36.951131104383364,51.03707322932757
319.1513239489853,-35.793592581260924,1.0000000000000009,-4.771797466838514,-36.95297057185123,50.92841725538122
319.1545000741774,-35.78390074125834,1.0000000000000007,-4.769877312595266,-36.95480763801817,50.81977187868452
319.15767498409355,-35.77420874490066,1.0000000000000007,-4.76795749238418,-36.956642303183145,50.71113709636223
319.16084867927225,-35.76451659226566,1.0000000000000009,-4.766038006267959,-36.958474567645055,50.60251290553899
319.1640211602517,-35.75482428343081,1.0000000000000009,-4.764118854309106,-36.96030443170277,50.49389930333952
319.1671924275698,-35.745131818473595,1.0000000000000009,-4.762200036569967,-36.962131895655034,50.38529628688872
319.1703624817639,-35.7354391974714,1.0000000000000009,-4.760281553112689,-36.96395695980054,50.276703853311105
319.17353132337104,-35.725746420501665,1.0000000000000007,-4.758363403999262,-36.96577962443792,50.16812199973152
319.1766989529279,-35.71605348764164,1.0000000000000009,-4.75644558929147,-36.96759988986571,50.05955072327468
319.17986537097056,-35.70636039896853,1.0000000000000009,-4.754528109050943,-36.96941775638236,49.95099002106535
319.183030578035,-35.69666715455949,1.0000000000000007,-4.7526109633391105,-36.9712332242863,49.8424398902282
319.18619457465655,-35.686973754491554,1.0000000000000007,-4.7506941522172275,-36.97304629387584,49.733900327887994
319.18935736137036,-35.677280198841856,1.0000000000000009,-4.748777675746364,-36.974856965449206,49.62537133116954
319.192518938711,-35.667586487687274,1.0000000000000007,-4.7468615339874365,-36.97666523930461,49.51685289719739
319.1956793072127,-35.6578926211047,1.0000000000000009,-4.74494572700114,-36.978471115740106,49.408345023096416
319.1988384674094,-35.64819859917091,1.0000000000000007,-4.743030254848028,-36.9802745950538,49.2998477059913
319.20199641983453,-35.63850442196276,1.0000000000000009,-4.741115117588457,-36.98207567754356,49.191360943006806
319.2051531650211,-35.62881008955687,1.0000000000000009,-4.739200315282622,-36.98387436350731,49.082884731267605
319.2083087035019,-35.61911560202987,1.0000000000000009,-4.737285847990497,-36.985670653242835,48.97441906789846
319.2114630358091,-35.60942095945831,1.0000000000000007,-4.735371715771943,-36.98746454704792,48.86596395002415
319.2146161624748,-35.59972616191861,1.0000000000000009,-4.733457918686561,-36.989256045220166,48.75751937476936
319.21776808403024,-35.59003120948732,1.0000000000000009,-4.731544456793856,-36.99104514805718,48.64908533925883
319.2209188010067,-35.580336102240736,1.0000000000000009,-4.729631330153101,-36.99283185585647,48.54066184061722
319.22406831393477,-35.57064084025513,1.0000000000000009,-4.727718538823415,-36.9946161689155,48.43224887596944
319.2272166233449,-35.56094542360673,1.0000000000000007,-4.725806082863743,-36.99639808753162,48.32384644244002
319.23036372976696,-35.551249852371654,1.0000000000000009,-4.723893962332814,-36.998177612002095,48.21545453715385
319.2335096337305,-35.54155412662608,1.0000000000000009,-4.721982177289226,-36.99995474262418,48.10707315723554
319.2366543357647,-35.531858246445985,1.0000000000000009,-4.720070727791386,-37.00172947969503,47.998702299809985
319.2397978363983,-35.52216221190733,1.0000000000000009,-4.718159613897512,-37.003501823511684,47.89034196200166
319.24294013615963,-35.512466023086,1.0000000000000009,-4.716248835665651,-37.00527177437116,47.78199214093558
319.2460812355768,-35.50276968005775,1.0000000000000007,-4.71433839315368,-37.007039332570386,47.67365283373624
319.2492211351773,-35.49307318289848,1.0000000000000009,-4.712428286419284,-37.0088044984062,47.56532403752846
319.2523598354884,-35.483376531683824,1.0000000000000009,-4.710518515520003,-37.01056727217541,47.45700574943709
319.25549733703684,-35.473679726489415,1.0000000000000009,-4.708609080513167,-37.0123276541747,47.348697966586734
319.25863364034905,-35.463982767390725,1.0000000000000009,-4.706699981455946,-37.0140856447007,47.24040068610207
319.26176874595114,-35.4542856544634,1.0000000000000007,-4.704791218405329,-37.01584124405,47.132113905107964
319.26490265436877,-35.444588387782794,1.0000000000000009,-4.7028827914181335,-37.017594452519056,47.02383762072911
319.26803536612715,-35.43489096742429,1.0000000000000009,-4.7009747005509945,-37.01934527040431,46.91557183009018
319.2711668817512,-35.42519339346318,1.0000000000000007,-4.699066945860386,-37.02109369800209,46.80731653031596
319.27429720176536,-35.41549566597464,1.0000000000000009,-4.697159527402591,-37.022839735608656,46.69907171853117
319.2774263266938,-35.405797785033975,1.0000000000000009,-4.695252445233713,-37.02458338352022,46.5908373918605
319.28055425706015,-35.3960997507162,1.0000000000000009,-4.693345699409716,-37.0263246420329,46.48261354742879
319.28368099338775,-35.38640156309637,1.0000000000000007,-4.691439289986365,-37.02806351144275,46.374400182360645
319.2868065361997,-35.37670322224941,1.0000000000000009,-4.6895332170192106,-37.02979999204575,46.26619729378088
319.2899308860184,-35.36700472825034,1.0000000000000007,-4.687627480563716,-37.0315340841378,46.1580048788142
319.29305404336606,-35.35730608117393,1.0000000000000009,-4.685722080675092,-37.03326578801474,46.04982293458536
319.2961760087645,-35.34760728109499,1.0000000000000009,-4.683817017408419,-37.0349951039723,45.941651458219
319.2992967827351,-35.337908328088204,1.0000000000000007,-4.681912290818587,-37.03672203230621,45.83349044683999
319.302416365799,-35.328209222228175,1.0000000000000007,-4.680007900960299,-37.03844657331206,45.7253398975729
319.3055347584766,-35.31850996358961,1.0000000000000009,-4.678103847888139,-37.040168727285376,45.61719980754266
319.3086519612883,-35.30881055224697,1.0000000000000009,-4.676200131656447,-37.04188849452166,45.50907017387387
319.31176797475405,-35.2991109882747,1.0000000000000009,-4.674296752319428,-37.04360587531629,45.400950993691175
319.31488279939316,-35.289411271747184,1.0000000000000009,-4.672393709931127,-37.0453208699646,45.292842264119535
319.31799643572487,-35.27971140273871,1.0000000000000007,-4.670491004545364,-37.04703347876184,45.18474398228356
319.3211088842678,-35.27001138132364,1.0000000000000009,-4.668588636215848,-37.04874370200318,45.07665614530798
319.3242201455404,-35.26031120757611,1.0000000000000009,-4.666686604996061,-37.050451539983726,44.968578750317505
319.3273302200605,-35.25061088157026,1.0000000000000009,-4.664784910939363,-37.052156992998505,44.860511794436846
319.3304391083458,-35.24091040338015,1.0000000000000009,-4.6628835540989035,-37.053860061342526,44.752455274790925
319.3335468109134,-35.23120977307973,1.0000000000000009,-4.660982534527667,-37.05556074531063,44.64440918850424
319.3366533282802,-35.221508990743054,1.0000000000000007,-4.659081852278486,-37.05725904519765,44.536373532701646
319.33975866096256,-35.21180805644392,1.0000000000000009,-4.657181507403987,-37.05895496129831,44.428348304507736
319.34286280947657,-35.20210697025616,1.0000000000000007,-4.65528149995666,-37.06064849390733,44.32033350104746
319.34596577433786,-35.192405732253455,1.0000000000000009,-4.6533818299888,-37.06233964331926,44.21232911944543
319.34906755606175,-35.182704342509574,1.0000000000000009,-4.65148249755255,-37.06402840982865,44.10433515682632
319.3521681551632,-35.17300280109813,1.0000000000000009,-4.649583502699852,-37.06571479372997,43.99635161031507
319.35526757215666,-35.16330110809261,1.0000000000000009,-4.647684845482504,-37.06739879531758,43.888378477036134
319.35836580755637,-35.15359926356656,1.0000000000000007,-4.645786525952112,-37.06908041488581,43.78041575411443
319.36146286187596,-35.14389726759332,1.0000000000000009,-4.6438885441601485,-37.07075965272886,43.67246343867461
319.36455873562903,-35.13419512024635,1.0000000000000009,-4.641990900157869,-37.07243650914096,43.56452152784146
319.36765342932847,-35.12449282159891,1.0000000000000007,-4.640093593996372,-37.07411098441618,43.45659001873967
319.37074694348684,-35.11479037172423,1.0000000000000007,-4.638196625726628,-37.07578307884851,43.34866890849397
319.37383927861663,-35.10508777069541,1.0000000000000009,-4.636299995399352,-37.07745279273193,43.24075819422912
319.3769304352295,-35.09538501858568,1.0000000000000009,-4.634403703065184,-37.07912012636034,43.13285787306986
319.3800204138371,-35.08568211546801,1.0000000000000009,-4.632507748774523,-37.08078508002752,43.024967942140925
319.3831092149505,-35.0759790614154,1.0000000000000009,-4.630612132577634,-37.082447654027185,42.91708839856699
319.38619683908047,-35.06627585650073,1.0000000000000009,-4.628716854524593,-37.08410784865305,42.80921923947284
319.3892832867374,-35.056572500796825,1.0000000000000007,-4.626821914665319,-37.08576566419869,42.7013604619831
319.39236855843126,-35.04686899437657,1.0000000000000007,-4.624927313049576,-37.087421100957606,42.59351206322269
319.3954526546717,-35.03716533731262,1.0000000000000009,-4.623033049726913,-37.08907415922324,42.48567404031621
319.3985355759679,-35.02746152967765,1.0000000000000009,-4.621139124746766,-37.090724839288995,42.37784639038846
319.4016173228289,-35.01775757154424,1.0000000000000009,-4.61924553815836,-37.092373141448185,42.27002911056406
319.4046978957631,-35.0080534629849,1.0000000000000007,-4.617352290010756,-37.09401906599402,42.16222219796786
319.40777729527855,-34.99834920407215,1.0000000000000009,-4.6154593803528785,-37.095662613219666,42.054425649724564
319.4108555218831,-34.9886447948784,1.0000000000000009,-4.613566809233451,-37.09730378341821,41.94663946295885
319.41393257608416,-34.97894023547594,1.0000000000000009,-4.611674576701031,-37.09894257688269,41.838863634795516
319.41700845838864,-34.96923552593704,1.0000000000000009,-4.609782682804032,-37.10057899390602,41.73109816235919
319.4200831693032,-34.95953066633399,1.0000000000000009,-4.607891127590675,-37.102213034781116,41.62334304277478
319.42315670933414,-34.949825656738916,1.0000000000000009,-4.605999911109022,-37.103844699800746,41.515598273166844
319.42622907898726,-34.94012049722389,1.0000000000000007,-4.604109033406969,-37.105473989257675,41.40786385066021
319.42930027876815,-34.93041518786093,1.0000000000000009,-4.60221849453225,-37.10710090344453,41.30013977237961
319.432370309182,-34.92070972872195,1.0000000000000009,-4.600328294532398,-37.108725442653906,41.19242603544968
319.4354391707334,-34.91100411987898,1.0000000000000009,-4.598438433454838,-37.11034760717834,41.08472263699525
319.4385068639268,-34.90129836140378,1.0000000000000009,-4.5965489113467894,-37.11196739731028,40.97702957414103
319.44157338926635,-34.89159245336813,1.0000000000000007,-4.594659728255296,-37.11358481334212,40.86934684401179
319.44463874725557,-34.88188639584375,1.0000000000000009,-4.592770884227261,-37.11519985556609,40.76167444373214
319.44770293839787,-34.87218018890223,1.0000000000000009,-4.590882379309397,-37.11681252427449,40.65401237042693
319.45076596319603,-34.86247383261525,1.0000000000000007,-4.588994213548275,-37.11842281975947,40.54636062122083
319.4538278221526,-34.85276732705429,1.0000000000000009,-4.5871063869902935,-37.12003074231311,40.43871919323863
319.45688851576995,-34.843060672290825,1.0000000000000009,-4.58521889968165,-37.12163629222744,40.33108808360506
319.4599480445496,-34.833353868396166,1.0000000000000009,-4.583331751668428,-37.123239469794385,40.22346728944463
319.4630064089931,-34.82364691544179,1.0000000000000009,-4.581444942996529,-37.12484027530584,40.11585680788245
319.4660636096016,-34.8139398134989,1.0000000000000009,-4.579558473711675,-37.12643870905363,40.00825663604296
319.4691196468756,-34.804232562638724,1.0000000000000009,-4.577672343859418,-37.12803477132944,39.90066677105102
319.47217452131565,-34.79452516293237,1.0000000000000009,-4.5757865534851545,-37.129628462424996,39.79308721003132
319.4752282334215,-34.784817614450915,1.0000000000000009,-4.573901102634133,-37.13121978263184,39.6855179501086
319.47828078369287,-34.775109917265446,1.0000000000000007,-4.572015991351422,-37.13280873224154,39.57795898840752
319.48133217262887,-34.76540207144692,1.0000000000000009,-4.5701312196819215,-37.13439531154549,39.47041032205298
319.48438240072846,-34.7556940770662,1.0000000000000009,-4.56824678767035,-37.135979520835114,39.362871948169634
319.48743146849006,-34.74598593419408,1.0000000000000009,-4.566362695361303,-37.137561360401726,39.25534386388218
319.4904793764118,-34.736277642901456,1.0000000000000009,-4.564478942799182,-37.13914083053653,39.14782606631537
319.4935261249915,-34.72656920325896,1.0000000000000009,-4.562595530028234,-37.1407179315307,39.04031855259388
319.49657171472643,-34.716860615337254,1.0000000000000009,-4.560712457092535,-37.14229266367539,38.93282131984256
319.4996161461137,-34.70715187920694,1.0000000000000009,-4.558829724035999,-37.14386502726154,38.82533436518604
319.50265941964983,-34.69744299493847,1.0000000000000007,-4.556947330902401,-37.14543502258019,38.71785768574911
319.5057015358313,-34.68773396260243,1.0000000000000009,-4.555065277735292,-37.14700264992215,38.61039127865645
319.50874249515385,-34.67802478226916,1.0000000000000007,-4.553183564578128,-37.14856790957828,38.50293514103279
319.51178229811313,-34.66831545400901,1.0000000000000009,-4.551302191474168,-37.1501308018393,38.395489270003004
319.5148209452043,-34.65860597789225,1.0000000000000009,-4.549421158466494,-37.15169132699589,38.28805366269156
319.5178584369222,-34.64889635398906,1.0000000000000007,-4.547540465598053,-37.15324948533869,38.18062831622348
319.5208947737613,-34.63918658236969,1.0000000000000009,-4.5456601129116105,-37.15480527715815,38.073213227723244
319.5239299562157,-34.62947666310417,1.0000000000000007,-4.543780100449789,-37.15635870274481,37.96580839431575
319.52696398477906,-34.619766596262565,1.0000000000000009,-4.541900428255021,-37.157909762389025,37.85841381312569
319.5299968599448,-34.610056381914816,1.0000000000000009,-4.540021096369607,-37.15945845638112,37.75102948127779
319.533028582206,-34.600346020130786,1.0000000000000009,-4.5381421048356465,-37.16100478501136,37.64365539589676
319.53605915205515,-34.59063551098044,1.0000000000000009,-4.536263453695122,-37.162548748569904,37.53629155410732
319.53908856998464,-34.5809248545335,1.0000000000000009,-4.53438514298981,-37.16409034734686,37.42893795303426
319.5421168364864,-34.5712140508597,1.0000000000000009,-4.532507172761358,-37.16562958163229,37.32159458980221
319.5451439520519,-34.561503100028645,1.0000000000000009,-4.530629543051237,-37.16716645171613,37.21426146153602
319.54816991717234,-34.551792002110055,1.0000000000000007,-4.528752253900772,-37.16870095788832,37.1069385653604
319.5511947323387,-34.5420807571734,1.0000000000000009,-4.5268753053510995,-37.17023310043865,36.99962589840003
