galstreams/tracks/track.st.Orphan-Chenab.koposov2023.ecsv
# %ECSV 1.0
# ---
# datatype:
# - {name: ra, unit: deg, datatype: float64}
# - {name: dec, unit: deg, datatype: float64}
# - {name: distance, unit: kpc, datatype: float64}
# - {name: pm_ra_cosdec, unit: mas / yr, datatype: float64}
# - {name: pm_dec, unit: mas / yr, datatype: float64}
# - {name: radial_velocity, unit: km / s, datatype: float64}
# delimiter: ','
# meta: !!omap
# - __serialized_columns__:
#     dec:
#       __class__: astropy.coordinates.angles.Latitude
#       unit: &id001 !astropy.units.Unit {unit: deg}
#       value: !astropy.table.SerializedColumn {name: dec}
#     distance:
#       __class__: astropy.coordinates.distances.Distance
#       unit: !astropy.units.Unit {unit: kpc}
#       value: !astropy.table.SerializedColumn {name: distance}
#     pm_dec:
#       __class__: astropy.units.quantity.Quantity
#       unit: !astropy.units.Unit {unit: mas / yr}
#       value: !astropy.table.SerializedColumn {name: pm_dec}
#     pm_ra_cosdec:
#       __class__: astropy.units.quantity.Quantity
#       unit: !astropy.units.Unit {unit: mas / yr}
#       value: !astropy.table.SerializedColumn {name: pm_ra_cosdec}
#     ra:
#       __class__: astropy.coordinates.angles.Longitude
#       unit: *id001
#       value: !astropy.table.SerializedColumn {name: ra}
#       wrap_angle: !astropy.coordinates.Angle
#         unit: *id001
#         value: 360.0
#     radial_velocity:
#       __class__: astropy.units.quantity.Quantity
#       unit: !astropy.units.Unit {unit: km / s}
#       value: !astropy.table.SerializedColumn {name: radial_velocity}
# schema: astropy-2.0
ra,dec,distance,pm_ra_cosdec,pm_dec,radial_velocity
[from data line 838]
320.94709674658435,-58.41984446252952,31.492186641179742,0.11453330517466531,-2.8800703552227396,-124.54722638018396
320.9380601434066,-58.42866881448586,31.486817617685748,0.11412939951924317,-2.880674530342746,-124.51490753931974
320.9290190770913,-58.43749255186014,31.481448594191754,0.1137251057478963,-2.88127865827884,-124.48258869845543
320.9199735441356,-58.446315674118935,31.476079570697763,0.11332042354753513,-2.8818827389096597,-124.45026985759117
320.910923541033,-58.45513818072848,31.47071054720375,0.1129153526047797,-2.882486772113628,-124.41795101672696
320.9018690642743,-58.46396007115431,31.465341523709764,0.11250989260598288,-2.8830907577689353,-124.38563217586263
320.89281011034666,-58.47278134486153,31.459972500215766,0.11210404323721157,-2.883694695753556,-124.35331333499842
320.88374667573447,-58.48160200131451,31.454603476721775,0.11169780418426778,-2.884298585945239,-124.32099449413425
320.87467875691857,-58.49042203997725,31.449234453227778,0.1112911751326644,-2.884902428221507,-124.2886756532699
320.86560635037677,-58.499241460313115,31.443865429733787,0.11088415576763877,-2.88550622245966,-124.25635681240584
320.85652945258363,-58.50806026178486,31.438496406239786,0.11047674577415734,-2.886109968536775,-124.22403797154152
320.8474480600106,-58.5168784438548,31.43312738274579,0.1100689448369001,-2.886713666329699,-124.19171913067744
320.83836216912584,-58.52569600598449,31.4277583592518,0.10966075264027908,-2.887317315715057,-124.15940028981335
320.82927177639425,-58.5345129476352,31.422389335757806,0.10925216886841427,-2.8879209165692457,-124.12708144894907
320.8201768782777,-58.543329268267335,31.417020312263812,0.10884319320516123,-2.8885244687684377,-124.09476260808488
320.8110774712347,-58.552144967340986,31.41165128876981,0.10843382533408441,-2.8891279721885765,-124.06244376722063
320.8019735517205,-58.5609600443156,31.406282265275827,0.10802406493847516,-2.8897314267053775,-124.03012492635658
320.7928651161872,-58.569774498649934,31.400913241781826,0.10761391170134305,-2.8903348321943336,-123.99780608549248
320.7837521610837,-58.57858832980242,31.395544218287835,0.10720336530542274,-2.8909381885307033,-123.96548724462838
320.7746346828557,-58.58740153723068,31.39017519479384,0.10679242543316447,-2.89154149558952,-123.93316840376418
320.7655126779456,-58.59621412039197,31.384806171299854,0.10638109176673827,-2.892144753245586,-123.90084956290004
320.7563861427925,-58.6050260787428,31.37943714780586,0.10596936398803702,-2.892747961373478,-123.86853072203594
320.7472550738325,-58.61383741173924,31.37406812431186,0.10555724177867365,-2.8933511198475386,-123.83621188117189
320.73811946749805,-58.622648118836835,31.36869910081787,0.10514472481996773,-2.8939542285418822,-123.80389304030787
320.72897932021885,-58.63145819949036,31.36333007732388,0.10473181279298016,-2.894557287330395,-123.77157419944368
320.719834628421,-58.64026765315425,31.357961053829886,0.10431850537846876,-2.8951602960867278,-123.73925535857956
320.7106853885275,-58.64907647928214,31.35259203033589,0.10390480225692755,-2.8957632546843044,-123.70693651771548
320.701531596958,-58.65788467732733,31.347223006841897,0.10349070310855324,-2.8963661629963107,-123.67461767685144
320.69237325012904,-58.66669224674233,31.341853983347914,0.10307620761327518,-2.896969020895707,-123.6422988359874
320.6832103444538,-58.67549918697923,31.336484959853912,0.10266131545072921,-2.8975718282552183,-123.60997999512333
320.6740428763421,-58.68430549748954,31.331115936359918,0.10224602630027113,-2.898174584947337,-123.57766115425935
320.6648708422008,-58.69311117772406,31.325746912865934,0.10183033984098366,-2.8987772908443183,-123.54534231339528
320.65569423843317,-58.7019162271332,31.320377889371937,0.1014142557516522,-2.899379945818191,-123.51302347253129
320.64651306143946,-58.71072064516663,31.315008865877946,0.100997773710791,-2.8999825497407437,-123.48070463166714
320.6373273076164,-58.719524431273555,31.30963984238396,0.1005808933966219,-2.900585102483531,-123.44838579080327
320.6281369733576,-58.728327584902544,31.304270818889968,0.10016361448708921,-2.901187603917876,-123.41606694993918
320.6189420550534,-58.73713010550158,31.298901795395974,0.09974593665985432,-2.901790053914862,-123.38374810907531
320.6097425490908,-58.745931992518194,31.293532771901987,0.09932785959228774,-2.902392452345339,-123.35142926821122
320.60053845185354,-58.75473324539913,31.288163748407992,0.09890938296148266,-2.9029947990799196,-123.3191104273473
320.59132975972204,-58.763533863590766,31.28279472491401,0.09849050644424273,-2.903597093988979,-123.28679158648318
320.5821164690735,-58.772333846538686,31.277425701420007,0.09807122971709425,-2.9041993369426597,-123.25447274561935
320.5728985762817,-58.781133193688106,31.272056677926024,0.09765155245626866,-2.904801527810858,-123.22215390475537
320.56367607771733,-58.78993190448347,31.266687654432026,0.09723147433772317,-2.905403666463241,-123.18983506389134
320.55444896974745,-58.79872997836882,31.261318630938046,0.0968109950371161,-2.9060057527692313,-123.15751622302746
320.5452172487361,-58.80752741478741,31.25594960744405,0.0963901142298349,-2.906607786598016,-123.1251973821635
320.53598091104396,-58.816324213182135,31.25058058395006,0.09596883159097125,-2.907209767818542,-123.0928785412996
320.52673995302837,-58.825120372995094,31.24521156045607,0.0955471467953346,-2.907811696299516,-123.0605597004357
320.51749437104326,-58.83391589366796,31.239842536962083,0.09512505951745087,-2.9084135719094033,-123.02824085957174
320.50824416143934,-58.84271077464177,31.23447351346809,0.09470256943154798,-2.909015394516434,-122.99592201870787
320.4989893205641,-58.85150501535689,31.2291044899741,0.09427967621158406,-2.9096171639885897,-122.96360317784405
320.4897298447614,-58.86029861525329,31.223735466480118,0.09385637953121373,-2.910218880193615,-122.93128433698
320.48046573037215,-58.869091573770085,31.218366442986124,0.09343267906381714,-2.9108205429990135,-122.89896549611633
320.4711969737336,-58.87788389034612,31.21299741949214,0.09300857448247934,-2.9114221522720434,-122.86664665525237
320.46192357117997,-58.88667556441932,31.207628395998146,0.09258406546000542,-2.912023707879723,-122.8343278143885
320.4526455190419,-58.89546659542725,31.202259372504162,0.09215915166890243,-2.912625209688824,-122.8020089735246
320.4433628136467,-58.904256982806864,31.196890349010175,0.09173383278139524,-2.9132266575658785,-122.76969013266086
320.4340754513185,-58.913046725994384,31.191521325516188,0.09130810846942095,-2.9138280513771737,-122.737371291797
320.424783428378,-58.92183582442563,31.186152302022194,0.09088197840462686,-2.91442939098875,-122.70505245093305
320.4154867411426,-58.93062427753559,31.180783278528214,0.09045544225837299,-2.915030676266405,-122.67273361006941
320.40618538592616,-58.939412084758956,31.17541425503422,0.09002849970172466,-2.9156319070756904,-122.64041476920549
320.39687935903953,-58.948199245529544,31.170045231540236,0.08960115040546701,-2.9162330832819126,-122.60809592834157
320.3875686567898,-58.95698575928073,31.164676208046252,0.08917339404008895,-2.9168342047501294,-122.5757770874777
320.3782532754809,-58.965771625445306,31.159307184552258,0.0887452302757874,-2.9174352713451572,-122.543458246614
320.36893321141355,-58.97455684345536,31.153938161058274,0.0883166587824804,-2.9180362829315594,-122.51113940575021
320.3596084608849,-58.98334141274251,31.148569137564287,0.08788767922978646,-2.9186372393736573,-122.47882056488638
320.3502790201886,-58.99212533273762,31.1432001140703,0.0874582912870352,-2.9192381405355197,-122.44650172402268
320.3409448856153,-59.00090860287116,31.137831090576313,0.08702849462326623,-2.9198389862809693,-122.41418288315894
320.331606053452,-59.009691222572776,31.132462067082326,0.08659828890723476,-2.9204397764735814,-122.38186404229505
320.32226251998236,-59.01847319127166,31.127093043588335,0.08616767380739199,-2.9210405109766784,-122.34954520143131
320.3129142814867,-59.02725450839644,31.121724020094348,0.08573664899190558,-2.921641189653336,-122.31722636056762
320.303561334242,-59.036035173374934,31.116354996600368,0.08530521412865211,-2.922241812366379,-122.28490751970389
320.29420367452167,-59.044815185634626,31.110985973106377,0.08487336888521702,-2.9228423789783813,-122.25258867884011
320.284841298596,-59.053594544602134,31.105616949612397,0.08444111292889267,-2.9234428893516653,-122.2202698379765
320.27547420273163,-59.06237324970373,31.10024792611841,0.08400844592667411,-2.924043343348304,-122.1879509971128
320.266102383192,-59.071151300364825,31.094878902624423,0.08357536754527306,-2.924643740830115,-122.15563215624901
320.25672583623697,-59.079928696010406,31.089509879130436,0.08314187745110213,-2.9252440816586676,-122.1233133153854
320.24734455812296,-59.08870543606487,31.084140855636452,0.08270797531027685,-2.925844365695277,-122.09099447452161
320.23802152291285,-59.09749705831709,31.07883550885633,0.0822745790009507,-2.9264428336507375,-122.05848329820117
320.2288802233634,-59.10633403900917,31.07371864514925,0.08184349569016391,-2.927036038136418,-122.0254028089284
320.2197342772372,-59.11517039692807,31.068601781442162,0.08141201179793534,-2.9276291865108366,-121.9923223196555
320.21058368081066,-59.12400613152491,31.063484917735074,0.08098012699609525,-2.928222278640085,-121.95924183038271
320.2014284303567,-59.132841242250024,31.058368054027987,0.08054784095617928,-2.92881531439001,-121.9261613411099
320.19226852214473,-59.141675728553345,31.053251190320903,0.08011515334942843,-2.9294082936262145,-121.8930808518371
320.18310395244066,-59.15050958988416,31.048134326613816,0.07968206384678611,-2.930001216214055,-121.86000036256446
320.17393471750694,-59.15934282569112,31.04301746290674,0.07924857211889913,-2.930594082018642,-121.82691987329159
320.1647608136026,-59.168175435422256,31.037900599199652,0.0788146778361225,-2.9311868909048395,-121.79383938401891
320.15558223698315,-59.177007418525115,31.03278373549257,0.07838038066851061,-2.9317796427372658,-121.76075889474612
320.1463989839004,-59.18583877444667,31.027666871785478,0.07794568028581583,-2.932372337380292,-121.72767840547337
320.13721105060307,-59.19466950263312,31.022550008078394,0.07751057635750658,-2.932964974698037,-121.69459791620069
320.12801843333585,-59.20349960253031,31.017433144371317,0.07707506855273571,-2.933557554554375,-121.66151742692797
320.1188211283405,-59.212329073583255,31.01231628066423,0.07663915654037967,-2.934150076812933,-121.62843693765512
320.10961913185474,-59.22115791523658,31.007199416957146,0.0762028399889938,-2.9347425413370862,-121.59535644838255
320.1004124401132,-59.22998612693416,31.00208255325006,0.07576611856685656,-2.9353349479899595,-121.5622759591099
320.0912010493467,-59.23881370811939,30.996965689542975,0.07532899194193221,-2.9359272966344303,-121.52919546983696
320.08198495578256,-59.247640658235035,30.99184882583589,0.07489145978189105,-2.9365195871331236,-121.49611498056439
320.07276415564485,-59.256466976723175,30.986731962128804,0.07445352175410935,-2.9371118193484143,-121.46303449129184
320.06353864515387,-59.26529266302546,30.981615098421724,0.07401517752565989,-2.9377039931424256,-121.42995400201916
320.05430842052647,-59.27411771658277,30.976498234714647,0.07357642676331522,-2.9382961083770285,-121.39687351274651
320.0450734779758,-59.28294213683555,30.97138137100756,0.0731372691335479,-2.938888164913843,-121.36379302347375
320.0358338137118,-59.291765923223444,30.966264507300473,0.0726977043025343,-2.939480162614234,-121.33071253420115
320.02658942394055,-59.300589075185684,30.961147643593392,0.07225773193614549,-2.940072101339316,-121.29763204492845
320.01734030486483,-59.30941159216085,30.95603077988631,0.07181735169995651,-2.9406639809499473,-121.26455155565584
320.0080864526837,-59.31823347358683,30.950913916179225,0.07137656325923802,-2.9412558013067325,-121.23147106638316
319.9988278635926,-59.32705471890106,30.94579705247214,0.07093536627895913,-2.9418475622700244,-121.19839057711044
319.9895645337838,-59.33587532754019,30.94068018876506,0.07049376042379585,-2.942439263699916,-121.16531008783785
319.9802964594455,-59.34469529894045,30.93556332505798,0.0700517453581102,-2.943030905456248,-121.13222959856525
319.9710236367629,-59.35351463253729,30.930446461350893,0.06960932074597537,-2.9436224873986063,-121.0991491092927
319.96174606191704,-59.36233332776571,30.925329597643813,0.0691664862511514,-2.9442140093863167,-121.06606862002016
319.9524637310858,-59.371151384060084,30.920212733936726,0.06872324153710263,-2.9448054712784506,-121.03298813074746
319.94317664044337,-59.37996880085401,30.91509587022965,0.0682795862669876,-2.9453968729338205,-120.99990764147486
319.9338847861603,-59.38878557758071,30.909979006522562,0.06783552010366578,-2.9459882142109857,-120.96682715220243
319.92458816440376,-59.39760171367261,30.904862142815475,0.06739104270969065,-2.9465794949682387,-120.93374666292964
319.91528677133704,-59.40641720856166,30.899745279108398,0.06694615374730972,-2.9471707150636197,-120.90066617365703
319.9059806031201,-59.41523206167907,30.89462841540132,0.06650085287847851,-2.947761874354909,-120.86758568438455
319.89666965590925,-59.42404627245556,30.889511551694238,0.06605513976483501,-2.9483529726996256,-120.83450519511197
319.88735392585704,-59.43285984032122,30.884394687987143,0.06560901406771857,-2.9489440099550306,-120.80142470583944
319.8780334091126,-59.44167276470543,30.879277824280077,0.06516247544816678,-2.949534985978121,-120.76834421656683
319.8687081018214,-59.45048504503709,30.87416096057299,0.06471552356690946,-2.950125900625637,-120.73526372729441
319.8593780001255,-59.45929668074433,30.869044096865906,0.06426815808437647,-2.9507167537540524,-120.7021832380219
319.85004310016296,-59.46810767125487,30.863927233158826,0.06382037866068702,-2.9513075452195827,-120.66910274874938
319.8407033980685,-59.47691801599559,30.858810369451746,0.0633721849556581,-2.951898274878181,-120.6360222594768
319.8313588899732,-59.4857277143929,30.853693505744666,0.06292357662879966,-2.9524889425855356,-120.60294177020428
319.82200957200445,-59.4945367658726,30.84857664203758,0.06247455333931362,-2.9530795481970724,-120.56986128093173
319.8126554402861,-59.503345169859756,30.843459778330498,0.06202511474610817,-2.9536700915679526,-120.53678079165928
319.8032964909383,-59.51215292577897,30.838342914623418,0.061575260507765295,-2.9542605725530735,-120.50370030238673
319.79393272007763,-59.52096003305403,30.83322605091634,0.061124990282580116,-2.9548509910070675,-120.47061981311428
319.78456412381695,-59.52976649110832,30.828109187209254,0.060674303728527335,-2.9554413467843035,-120.43753932384185
319.7751906982656,-59.538572299364404,30.822992323502174,0.060223200503281005,-2.956031639738881,-120.40445883456925
319.76581243952927,-59.54737745724441,30.817875459795093,0.05977168026420854,-2.956621869724636,-120.37137834529682
319.75642934370995,-59.55618196416964,30.812758596088013,0.059319742668365816,-2.957212036595137,-120.33829785602445
319.7470414069059,-59.56498581956101,30.807641732380937,0.05886738737250319,-2.9578021402036847,-120.30521736675189
319.737648625212,-59.57378902283855,30.802524868673856,0.05841461403306791,-2.9583921804033135,-120.27213687747947
319.72825099471913,-59.58259157342187,30.797408004966773,0.05796142230618728,-2.9589821570467896,-120.23905638820705
319.71884851151486,-59.591393470729926,30.79229114125969,0.05750781184769216,-2.9595720699866077,-120.2059758989346
319.70944117168284,-59.60019471418091,30.787174277552616,0.057053782313098766,-2.9601619190749955,-120.17289540966212
319.7000289713031,-59.60899530319257,30.782057413845536,0.05659933335761136,-2.960751704163913,-120.13981492038971
319.6906119064522,-59.61779523718185,30.776940550138455,0.05614446463613598,-2.9613414251050467,-120.1067344311174
319.68118997320266,-59.62659451556525,30.771823686431375,0.05568917580325361,-2.961931081749814,-120.07365394184488
