galstreams/tracks/track.st.Phlegethon.ibata2021.ecsv
# %ECSV 0.9
# ---
# datatype:
# - {name: ra, unit: deg, datatype: float64}
# - {name: dec, unit: deg, datatype: float64}
# - {name: distance, unit: kpc, datatype: float64}
# - {name: pm_ra_cosdec, unit: mas / yr, datatype: float64}
# - {name: pm_dec, unit: mas / yr, datatype: float64}
# - {name: radial_velocity, unit: km / s, datatype: float64}
# delimiter: ','
# meta: !!omap
# - __serialized_columns__:
#     dec:
#       __class__: astropy.coordinates.angles.Latitude
#       unit: &id001 !astropy.units.Unit {unit: deg}
#       value: !astropy.table.SerializedColumn {name: dec}
#     distance:
#       __class__: astropy.coordinates.distances.Distance
#       unit: !astropy.units.Unit {unit: kpc}
#       value: !astropy.table.SerializedColumn {name: distance}
#     pm_dec:
#       __class__: astropy.units.quantity.Quantity
#       unit: !astropy.units.Unit {unit: mas / yr}
#       value: !astropy.table.SerializedColumn {name: pm_dec}
#     pm_ra_cosdec:
#       __class__: astropy.units.quantity.Quantity
#       unit: !astropy.units.Unit {unit: mas / yr}
#       value: !astropy.table.SerializedColumn {name: pm_ra_cosdec}
#     ra:
#       __class__: astropy.coordinates.angles.Longitude
#       unit: *id001
#       value: !astropy.table.SerializedColumn {name: ra}
#       wrap_angle: !astropy.coordinates.Angle
#         unit: *id001
#         value: 360.0
#     radial_velocity:
#       __class__: astropy.units.quantity.Quantity
#       unit: !astropy.units.Unit {unit: km / s}
#       value: !astropy.table.SerializedColumn {name: radial_velocity}
# schema: astropy-2.0
ra,dec,distance,pm_ra_cosdec,pm_dec,radial_velocity
[from data line 2597]
322.31643291840555,-23.00581484946783,3.243046920692454,-2.6357782724475065,-37.487143786175665,6.73661370389787e-14
322.3180058175984,-22.995796480443676,3.2430101253801964,-2.6343317156076997,-37.4858859645649,1.347322740779574e-13
322.3195779739828,-22.985778038910475,3.2429734164989092,-2.632885302210034,-37.48462581972486,1.0104920555846805e-13
322.321149387989,-22.975759524912704,3.2429367940989953,-2.6314390322126036,-37.483363352147336,1.0104920555846805e-13
322.3227200600473,-22.96574093849498,3.242900258230859,-2.629992905573517,-37.48209856232408,1.0104920555846805e-13
322.32428999058726,-22.95572227970188,3.2428638089449047,-2.628546922251009,-37.48083145074687,1.347322740779574e-13
322.3258591800386,-22.945703548577775,3.242827446291535,-2.6271010822033647,-37.47956201790732,1.347322740779574e-13
322.3274276288307,-22.935684745167237,3.242791170321155,-2.6256553853889404,-37.47829026429708,1.0104920555846805e-13
322.32899533739266,-22.925665869514564,3.2427549810841674,-2.6242098317661613,-37.477016190407724,6.73661370389787e-14
322.3305623061533,-22.915646921664205,3.242718878630975,-2.6227644212935415,-37.47573979673082,1.0104920555846805e-13
322.3321285355413,-22.905627901660548,3.2426828630119853,-2.6213191539296554,-37.47446108375784,1.0104920555846805e-13
322.333694025985,-22.89560880954781,3.242646934277598,-2.619874029633168,-37.47318005198021,1.347322740779574e-13
322.33525877791254,-22.885589645370356,3.24261109247822,-2.618429048362775,-37.47189670188935,1.0104920555846805e-13
322.3368227917519,-22.875570409172337,3.2425753376642534,-2.6169842100772955,-37.4706110339766,1.0104920555846805e-13
322.3383860679306,-22.86555110099801,3.2425396698861024,-2.615539514735607,-37.46932304873326,1.0104920555846805e-13
322.33994860687625,-22.855531720891598,3.2425040891941705,-2.614094962296627,-37.468032746650614,1.347322740779574e-13
322.3415104090158,-22.845512268897128,3.2424685956388624,-2.6126505527193995,-37.46674012821987,1.0104920555846805e-13
322.3430714747764,-22.835492745058822,3.2424331892705807,-2.611206285963002,-37.46544519393217,1.0104920555846805e-13
322.3446318045846,-22.825473149420628,3.2423978701397296,-2.6097621619866214,-37.46414794427867,1.347322740779574e-13
322.3461913988669,-22.815453482026626,3.2423626382967137,-2.608318180749465,-37.462848379750405,1.347322740779574e-13
322.34775025804953,-22.80543374292089,3.2423274937919353,-2.6068743422108653,-37.46154650083845,1.0104920555846805e-13
322.3493083825584,-22.795413932147262,3.2422924366757995,-2.6054306463302073,-37.46024230803375,1.6841534259744677e-13
322.35086577281936,-22.785394049749776,3.2422574669987103,-2.6039870930669506,-37.458935801827266,1.0104920555846805e-13
322.3524224292578,-22.775374095772214,3.2422225848110706,-2.6025436823806327,-37.45762698270987,6.73661370389787e-14
322.353978352299,-22.76535407025851,3.242187790163284,-2.601100414230868,-37.45631585117244,1.347322740779574e-13
322.355533542368,-22.75533397325253,3.242153083105755,-2.599657288577335,-37.45500240770576,1.347322740779574e-13
322.35708799988953,-22.74531380479794,3.2421184636888865,-2.5982143053797957,-37.453686652800585,1.0104920555846805e-13
322.35864172528824,-22.73529356493864,3.2420839319630836,-2.5967714645980715,-37.452368586947614,1.6841534259744677e-13
322.3601947189883,-22.725273253718214,3.24204948797875,-2.595328766192087,-37.45104821063753,6.73661370389787e-14
322.36174698141383,-22.71525287118047,3.242015131786288,-2.593886210121819,-37.44972552436093,6.73661370389787e-14
322.36329851298865,-22.70523241736895,3.241980863436102,-2.592443796347319,-37.44840052860841,0.0
322.3648493141363,-22.695211892327332,3.2419466829785963,-2.5910015248287257,-37.447073223870476,6.73661370389787e-14
322.36639938528015,-22.68519129609925,3.2419125904641755,-2.589559395526236,-37.445743610637614,1.0104920555846805e-13
322.36794872684334,-22.67517062872815,3.241878585943242,-2.588117408400146,-37.44441168940027,2.020984111169361e-13
322.3694973392487,-22.665149890257595,3.2418446694661993,-2.5866755634107994,-37.44307746064881,1.347322740779574e-13
322.3710452229189,-22.655129080731122,3.2418108410834527,-2.5852338605186373,-37.4417409248736,6.73661370389787e-14
322.37259237827624,-22.645108200192084,3.241777100845404,-2.5837922996841725,-37.44040208256495,2.020984111169361e-13
322.3741388057431,-22.63508724868398,3.2417434488024597,-2.582350880867957,-37.43906093421309,1.0104920555846805e-13
322.3756845057411,-22.62506622625011,3.2417098850050214,-2.5809096040306834,-37.43771748030821,1.0104920555846805e-13
322.37722947869213,-22.615045132933904,3.241676409503494,-2.579468469133073,-37.43637172134052,1.0104920555846805e-13
322.37877372501754,-22.605023968778582,3.24164302234828,-2.5780274761359365,-37.4350236578001,1.347322740779574e-13
322.3803172451386,-22.595002733827467,3.241609723589784,-2.5765866250001475,-37.433673290177055,1.0104920555846805e-13
322.38186003947624,-22.584981428123864,3.2415765132784107,-2.575145915686676,-37.432320618961384,1.0104920555846805e-13
322.3834021084512,-22.57496005171087,3.241543391464563,-2.5737053481565617,-37.43096564464307,1.0104920555846805e-13
322.38494345248404,-22.56493860463172,3.2415103581986435,-2.57226492237091,-37.42960836771207,1.0104920555846805e-13
322.386484071995,-22.55491708692961,3.241477413531059,-2.5708246382908984,-37.42824878865824,6.73661370389787e-14
322.3880239674041,-22.544895498647538,3.24144455751221,-2.5693844958778174,-37.42688690797147,3.368306851948935e-14
322.3895631391311,-22.5348738398287,3.241411790192503,-2.567944495092984,-37.42552272614152,6.73661370389787e-14
322.3911015875956,-22.52485211051602,3.2413791116223405,-2.5665046358978225,-37.42415624365817,1.347322740779574e-13
322.3926393132169,-22.514830310752604,3.241346521852127,-2.5650649182538263,-37.42278746101111,6.73661370389787e-14
322.3941763164141,-22.50480844058135,3.241314020932263,-2.5636253421225765,-37.421416378690054,1.347322740779574e-13
322.39571259760606,-22.494786500045223,3.241281608913158,-2.562185907465688,-37.42004299718455,6.73661370389787e-14
322.39724815721144,-22.48476448918721,3.241249285845211,-2.5607466142449056,-37.41866731698422,1.0104920555846805e-13
322.39878299564856,-22.47474240805006,3.241217051778829,-2.5593074624220193,-37.417289338578584,1.0104920555846805e-13
322.4003171133356,-22.46472025667672,3.2411849067644143,-2.5578684519589094,-37.41590906245712,0.0
322.40185051069045,-22.454698035109917,3.24115285085237,-2.55642958281753,-37.41452648910928,1.0104920555846805e-13
322.4033831881308,-22.44467574339245,3.2411208840931005,-2.554990854959904,-37.413141619024444,1.347322740779574e-13
322.40491514607425,-22.434653381567138,3.2410890065370106,-2.553552268348132,-37.41175445269199,2.020984111169361e-13
322.4064463849378,-22.42463094967656,3.2410572182345025,-2.55211382294441,-37.41036499060118,1.6841534259744677e-13
322.4079769051386,-22.414608447763513,3.241025519235981,-2.550675518710979,-37.408973233241305,6.73661370389787e-14
322.40950670709327,-22.404585875870527,3.24099390959185,-2.5492373556101917,-37.40757918110157,3.368306851948935e-14
322.4110357912184,-22.394563234040266,3.2409623893525135,-2.547799333604458,-37.40618283467116,1.0104920555846805e-13
322.4125641579302,-22.38454052231537,3.2409309585683737,-2.5463614526562797,-37.40478419443919,6.73661370389787e-14
322.41409180764487,-22.37451774073826,3.2408996172898368,-2.5449237127282,-37.40338326089473,2.020984111169361e-13
322.4156187407782,-22.364494889351555,3.240868365567304,-2.5434861137828753,-37.40198003452684,6.73661370389787e-14
322.4171449577456,-22.354471968197632,3.2408372034511808,-2.542048655783044,-37.4005745158245,1.347322740779574e-13
322.41867045896265,-22.344448977318983,3.2408061309918703,-2.5406113386914875,-37.39916670527665,1.347322740779574e-13
322.42019524484436,-22.33442591675808,3.240775148239776,-2.5391741624710997,-37.39775660337219,1.0104920555846805e-13
322.4217193158056,-22.324402786557183,3.240744255245304,-2.5377371270848377,-37.3963442106,1.0104920555846805e-13
322.42324267226115,-22.314379586758758,3.240713452058855,-2.536300232495715,-37.39492952744888,1.0104920555846805e-13
322.42476531462535,-22.304356317405006,3.240682738730835,-2.5348634786668685,-37.39351255440759,6.73661370389787e-14
322.4262872433124,-22.294332978538257,3.2406521153116463,-2.53342686556148,-37.392093291964876,1.347322740779574e-13
322.42780845873625,-22.284309570200822,3.2406215818516926,-2.5319903931428183,-37.39067174060939,1.347322740779574e-13
322.4293289613107,-22.27428609243479,3.24059113840138,-2.5305540613742243,-37.38924790082979,6.73661370389787e-14
322.4308487514493,-22.264262545282477,3.24056078501111,-2.529117870219128,-37.387821773114666,1.347322740779574e-13
322.43236782956524,-22.254238928785902,3.240530521731287,-2.52768181964103,-37.386393357952535,1.0104920555846805e-13
322.4338861960715,-22.24421524298725,3.2405003486123145,-2.526245909603521,-37.384962655831934,1.0104920555846805e-13
322.4354038513811,-22.234191487928655,3.2404702657045976,-2.5248101400702394,-37.38352966724132,1.0104920555846805e-13
322.4369207959065,-22.224167663652057,3.240440273058539,-2.523374511004957,-37.382094392669075,6.73661370389787e-14
322.43843703006,-22.214143770199602,3.2404103707245424,-2.5219390223714644,-37.38065683260358,6.73661370389787e-14
322.43995255425386,-22.20411980761315,3.240380558753012,-2.5205036741336677,-37.37921698753319,1.347322740779574e-13
322.4414673688999,-22.194095775934716,3.2403508371943515,-2.5190684662555416,-37.377774857946136,1.0104920555846805e-13
322.4429814744098,-22.18407167520629,3.2403212060989643,-2.517633398701136,-37.37633044433069,1.6841534259744677e-13
322.44449487119505,-22.17404750546963,3.240291665517256,-2.5161984714345795,-37.37488374717502,1.0104920555846805e-13
322.4460075596668,-22.164023266766723,3.2402622154996275,-2.5147636844201005,-37.3734347669673,6.73661370389787e-14
322.44751954023604,-22.153998959139283,3.2402328560964846,-2.5133290376219675,-37.37198350419562,1.0104920555846805e-13
322.4490308133136,-22.143974582629156,3.2402035873582293,-2.5118945310045664,-37.37052995934803,1.0104920555846805e-13
322.4505413793099,-22.133950137278163,3.240174409335269,-2.5104601645323426,-37.369074132912544,1.0104920555846805e-13
322.4520512386353,-22.123925623127914,3.240145322078004,-2.509025938169822,-37.36761602537716,1.0104920555846805e-13
322.4535603916999,-22.113901040220227,3.2401163256368393,-2.507591851881613,-37.36615563722978,6.73661370389787e-14
322.45506883891346,-22.103876388596653,3.2400874200621783,-2.506157905632402,-37.36469296895828,6.73661370389787e-14
322.4565765806857,-22.093851668298893,3.240058605404425,-2.504724099386955,-37.363228021050524,1.347322740779574e-13
322.45808361742587,-22.08382687936859,3.2400298817139843,-2.5032904331101173,-37.36176079399429,1.0104920555846805e-13
322.4595899495432,-22.073802021847214,3.240001249041258,-2.501856906766828,-37.36029128827735,1.6841534259744677e-13
322.4610955774467,-22.063777095776402,3.2399727074366518,-2.500423520322066,-37.35881950438737,1.347322740779574e-13
322.462600501545,-22.053752101197563,3.2399442569505683,-2.4989902737409366,-37.35734544281205,1.0104920555846805e-13
322.4641047222466,-22.04372703815222,3.2399158976334115,-2.4975571669886065,-37.355869104039016,1.0104920555846805e-13
322.46560823995975,-22.033701906681877,3.239887629535585,-2.496124200030306,-37.35439048855581,6.73661370389787e-14
322.46711105509246,-22.02367670682784,3.2398594527074938,-2.4946913728313778,-37.352909596849976,1.347322740779574e-13
322.46861316805257,-22.013651438631577,3.2398313671995407,-2.493258685357209,-37.351426429408974,6.73661370389787e-14
322.4701145792476,-22.00362610213435,3.239803373062128,-2.4918261375733017,-37.349940986720334,1.0104920555846805e-13
322.4716152890849,-21.993600697377524,3.2397754703456627,-2.4903937294452163,-37.34845326927137,1.0104920555846805e-13
322.4731152979717,-21.983575224402426,3.239747659100547,-2.4889614609385973,-37.34696327754947,1.0104920555846805e-13
322.4746146063148,-21.973549683250223,3.2397199393771845,-2.4875293320191663,-37.34547101204194,6.73661370389787e-14
322.4761132145209,-21.963524073962237,3.239692311225979,-2.48609734265274,-37.34397647323606,1.347322740779574e-13
322.47761112299645,-21.953498396579537,3.2396647746973337,-2.4846654928051963,-37.342479661619045,1.347322740779574e-13
322.4791083321477,-21.94347265114335,3.2396373298416545,-2.483233782442513,-37.340980577678096,1.0104920555846805e-13
322.48060484238056,-21.933446837694863,3.2396099767093434,-2.481802211530735,-37.33947922190032,1.347322740779574e-13
322.4821006541009,-21.923420956275056,3.2395827153508043,-2.4803707800359955,-37.33797559477284,1.0104920555846805e-13
322.4835957677143,-21.9133950069251,3.239555545816442,-2.4789394879244933,-37.3364696967827,6.73661370389787e-14
322.4850901836259,-21.903368989685934,3.2395284681566596,-2.4775083351625398,-37.33496152841686,1.0104920555846805e-13
322.486583902241,-21.893342904598597,3.2395014824218604,-2.4760773217164838,-37.33345109016237,6.73661370389787e-14
322.48807692396446,-21.88331675170414,3.239474588662449,-2.4746464475527885,-37.33193838250611,1.0104920555846805e-13
322.48956924920077,-21.873290531043367,3.239447786928829,-2.473215712638,-37.33042340593494,1.347322740779574e-13
322.4910608783545,-21.863264242657312,3.239421077271404,-2.4717851169387224,-37.3289061609357,6.73661370389787e-14
322.49255181182986,-21.853237886586747,3.2393944597405775,-2.4703546604216555,-37.32738664799521,3.368306851948935e-14
322.4940420500307,-21.843211462872627,3.2393679343867543,-2.468924343053585,-37.32586486760019,1.347322740779574e-13
322.49553159336097,-21.833184971555646,3.2393415012603386,-2.4674941648013506,-37.32434082023733,1.0104920555846805e-13
322.49702044222414,-21.82315841267667,3.2393151604117314,-2.4660641256319105,-37.32281450639332,1.347322740779574e-13
322.49850859702343,-21.813131786276486,3.2392889118913395,-2.464634225512289,-37.32128592655478,1.347322740779574e-13
322.499996058162,-21.80310509239571,3.239262755749565,-2.4632044644095803,-37.31975508120825,1.0104920555846805e-13
322.50148282604283,-21.793078331075105,3.239236692036812,-2.4617748422909784,-37.31822197084031,1.347322740779574e-13
322.50296890106836,-21.78305150235538,3.2392107208034853,-2.4603453591237505,-37.316686595937384,1.6841534259744677e-13
322.5044542836412,-21.77302460627705,3.239184842099987,-2.4589160148752374,-37.31514895698598,1.0104920555846805e-13
322.5059389741634,-21.762997642880844,3.2391590559767223,-2.457486809512895,-37.313609054472465,1.6841534259744677e-13
322.507422973037,-21.752970612207193,3.2391333624840946,-2.456057743004214,-37.31206688888319,1.347322740779574e-13
322.5089062806639,-21.74294351429678,3.2391077616725066,-2.4546288153167914,-37.31052246070449,1.6841534259744677e-13
322.51038889744547,-21.732916349189967,3.2390822535923642,-2.4532000264183083,-37.30897577042263,6.73661370389787e-14
322.51187082378306,-21.72288911692732,3.2390568382940703,-2.451771376276535,-37.30742681852382,1.347322740779574e-13
322.51335206007775,-21.71286181754932,3.239031515828028,-2.4503428648593184,-37.30587560549428,3.368306851948935e-14
322.5148326067305,-21.702834451096294,3.2390062862446416,-2.448914492134552,-37.30432213182013,3.368306851948935e-14
322.5163124641419,-21.692807017608672,3.238981149594314,-2.447486258070274,-37.302766397987476,1.347322740779574e-13
322.51779163271243,-21.68277951712686,3.2389561059274503,-2.4460581626345688,-37.30120840448238,1.6841534259744677e-13
322.51927011284226,-21.672751949691076,3.238931155294455,-2.444630205795592,-37.29964815179084,1.347322740779574e-13
322.5207479049314,-21.662724315341734,3.23890629774573,-2.4432023875216258,-37.29808564039884,1.0104920555846805e-13
322.52222500937967,-21.652696614118987,3.2388815333316794,-2.4417747077809775,-37.2965208707923,2.020984111169361e-13
