galstreams/tracks/track.st.C-5.ibata2021.ecsv
# %ECSV 1.0
# ---
# datatype:
# - {name: ra, unit: deg, datatype: float64}
# - {name: dec, unit: deg, datatype: float64}
# - {name: distance, unit: kpc, datatype: float64}
# - {name: pm_ra_cosdec, unit: mas / yr, datatype: float64}
# - {name: pm_dec, unit: mas / yr, datatype: float64}
# - {name: radial_velocity, unit: km / s, datatype: float64}
# delimiter: ','
# meta: !!omap
# - __serialized_columns__:
#     dec:
#       __class__: astropy.coordinates.angles.Latitude
#       unit: &id001 !astropy.units.Unit {unit: deg}
#       value: !astropy.table.SerializedColumn {name: dec}
#     distance:
#       __class__: astropy.coordinates.distances.Distance
#       unit: !astropy.units.Unit {unit: kpc}
#       value: !astropy.table.SerializedColumn {name: distance}
#     pm_dec:
#       __class__: astropy.units.quantity.Quantity
#       unit: !astropy.units.Unit {unit: mas / yr}
#       value: !astropy.table.SerializedColumn {name: pm_dec}
#     pm_ra_cosdec:
#       __class__: astropy.units.quantity.Quantity
#       unit: !astropy.units.Unit {unit: mas / yr}
#       value: !astropy.table.SerializedColumn {name: pm_ra_cosdec}
#     ra:
#       __class__: astropy.coordinates.angles.Longitude
#       unit: *id001
#       value: !astropy.table.SerializedColumn {name: ra}
#       wrap_angle: !astropy.coordinates.Angle
#         unit: *id001
#         value: 360.0
#     radial_velocity:
#       __class__: astropy.units.quantity.Quantity
#       unit: !astropy.units.Unit {unit: km / s}
#       value: !astropy.table.SerializedColumn {name: radial_velocity}
# schema: astropy-2.0
ra,dec,distance,pm_ra_cosdec,pm_dec,radial_velocity
[from data line 569]
119.41072589533563,33.856221601838136,5.362735396439785,-0.5061345881421784,-8.63906521277707,157.93463183850497
119.42044607254189,33.850157426393466,5.368698010843415,-0.504430295550176,-8.629381696963618,158.67663963916928
119.43015902330542,33.844083704115704,5.374680556126416,-0.5027179059882769,-8.619646431789295,159.42251072375842
119.43986472583764,33.83800040609052,5.380683092234081,-0.5009973771218363,-8.60985919297739,160.17225495676732
119.44956315834779,33.83190750340887,5.386705679111712,-0.49926866656481783,-8.600019756259595,160.92588220269099
119.45925429904295,33.82580496716697,5.392748376704605,-0.4975317318800716,-8.590127897375996,161.6834023260242
119.46893812612808,33.81969276846624,5.39881124495806,-0.49578653057961297,-8.580183392075043,162.444825191262
119.47861461780609,33.813570878413394,5.4048943438173715,-0.49403302012491723,-8.57018601611352,163.21016066289923
119.48828375227788,33.80743926812033,5.410997733227842,-0.492271157927179,-8.560135545256514,163.97941860543088
119.49794550774232,33.801297908704186,5.417121473134768,-0.4905009013476187,-8.550031755277391,164.75260888335183
119.5075998623964,33.795146771287264,5.423265623483446,-0.48872220769775687,-8.539874421957764,165.529741361157
119.51724679443528,33.78898582699709,5.429430244219176,-0.4869350342397003,-8.529663321087462,166.31082590334123
119.52688628205227,33.78281504696635,5.435615395287256,-0.48513933818643284,-8.519398228464503,167.09587237439968
119.5365183034389,33.77663440233288,5.441821136632982,-0.483335076702089,-8.509078919895071,167.8848906388272
119.54614283678497,33.770443864239695,5.448047528201656,-0.4815222069022451,-8.498705171193466,168.67789056111846
119.55575986027868,33.764243403834925,5.4542946299385715,-0.479700685854239,-8.488276758182106,169.47488200576868
119.56536935210656,33.75803299227183,5.460562501789031,-0.4778704705773942,-8.477793456691462,170.27587483727268
119.5749712904536,33.75181260070881,5.46685120369833,-0.4760315180433663,-8.46725504256005,171.08087892012526
119.58456565350323,33.74558220030931,5.473160795611766,-0.47418378517640036,-8.456661291634397,171.88990411882153
119.59415241943748,33.73934176224192,5.47949133747464,-0.4723272288536391,-8.446011979768999,172.70296029785646
119.6037315664369,33.73309125768031,5.485842889232247,-0.4704618059053969,-8.435306882826307,173.5200573217247
119.61330307268076,33.726830657803134,5.492215510829888,-0.46858747311547333,-8.424545776676677,174.34120505492152
119.62286691634694,33.72055993379422,5.498609262212858,-0.4667041872214126,-8.413728437198364,175.16641336194138
119.63242307561207,33.71427905684232,5.505024203326458,-0.46481190491482316,-8.402854640277457,175.99569210727967
119.6419715286516,33.70798799814129,5.511460394115983,-0.4629105828416673,-8.39192416180788,176.82905115543113
119.65151225363981,33.701686728889975,5.517917894526735,-0.4610001776025392,-8.380936777691327,177.66650037089062
119.66104522874987,33.69537522029221,5.524396764504009,-0.45908064575298013,-8.369892263837263,178.5080496181531
119.67057043215388,33.689053443556844,5.5308970639931045,-0.4571519438037477,-8.358790396162874,179.35370876171356
119.68008784202291,33.68272136989766,5.537418852939319,-0.4552140282211363,-8.347630950593027,180.20348766606688
119.68959743652718,33.67637897053346,5.543962191287951,-0.4532668554272625,-8.336413703060254,181.0573961957079
119.69909919383586,33.67002621668796,5.550527138984299,-0.45131038180035254,-8.325138429504706,181.91544421513183
119.70859309211738,33.66366307958983,5.557113755973659,-0.4493445636750568,-8.313804905874138,182.77764158883306
119.71807910953929,33.657289530472646,5.563722102201333,-0.4473693573427271,-8.30241290812383,183.64399818130707
119.72755722426847,33.65090554057491,5.570352237612616,-0.4453847190517415,-8.290962212216625,184.5145238570485
119.73702741447102,33.64451108114003,5.577004222152806,-0.4433906050077745,-8.279452594122835,185.3892284805524
119.74648965831244,33.63810612341629,5.583678115767204,-0.44138697137411764,-8.267883829820224,186.26812191631348
119.75594393395764,33.63169063865685,5.590373978401105,-0.4393737742719592,-8.256255695293987,187.15121402882693
119.76539021957096,33.62526459811971,5.597091869999807,-0.437350969780713,-8.2445679665367,188.03851468258745
119.77482849331625,33.61882797306777,5.60383185050861,-0.435318513938288,-8.232820419548293,188.93003374209002
119.78425873335692,33.61238073476871,5.610593979872814,-0.43327636274140335,-8.221012830336004,189.82578107182982
119.79368091785602,33.605922854495056,5.617378318037711,-0.4312244721459013,-8.209144974914368,190.72576653630136
119.80309502497622,33.59945430352415,5.6241849249486044,-0.4291627980670327,-8.197216629305162,191.62999999999988
