galstreams/tracks/track.st.Monoceros.ramos2021.ecsv
# %ECSV 0.9
# ---
# datatype:
# - {name: ra, unit: deg, datatype: float64}
# - {name: dec, unit: deg, datatype: float64}
# - {name: distance, unit: kpc, datatype: float64}
# - {name: pm_ra_cosdec, unit: mas / yr, datatype: float64}
# - {name: pm_dec, unit: mas / yr, datatype: float64}
# - {name: radial_velocity, unit: km / s, datatype: float64}
# delimiter: ','
# meta: !!omap
# - __serialized_columns__:
#     dec:
#       __class__: astropy.coordinates.angles.Latitude
#       unit: &id001 !astropy.units.Unit {unit: deg}
#       value: !astropy.table.SerializedColumn {name: dec}
#     distance:
#       __class__: astropy.coordinates.distances.Distance
#       unit: !astropy.units.Unit {unit: kpc}
#       value: !astropy.table.SerializedColumn {name: distance}
#     pm_dec:
#       __class__: astropy.units.quantity.Quantity
#       unit: !astropy.units.Unit {unit: mas / yr}
#       value: !astropy.table.SerializedColumn {name: pm_dec}
#     pm_ra_cosdec:
#       __class__: astropy.units.quantity.Quantity
#       unit: !astropy.units.Unit {unit: mas / yr}
#       value: !astropy.table.SerializedColumn {name: pm_ra_cosdec}
#     ra:
#       __class__: astropy.coordinates.angles.Longitude
#       unit: *id001
#       value: !astropy.table.SerializedColumn {name: ra}
#       wrap_angle: !astropy.coordinates.Angle
#         unit: *id001
#         value: 360.0
#     radial_velocity:
#       __class__: astropy.units.quantity.Quantity
#       unit: !astropy.units.Unit {unit: km / s}
#       value: !astropy.table.SerializedColumn {name: radial_velocity}
# schema: astropy-2.0
ra,dec,distance,pm_ra_cosdec,pm_dec,radial_velocity
[from data line 957]
94.86033763620311,64.28447958880342,10.600000000000005,0.3031376234070081,-0.2719110698841563,-8.420767129872338e-15
94.86872498240488,64.27484311020501,10.600000000000007,0.30303272792589947,-0.2725681073217222,-7.368171238638296e-15
94.87710343681889,64.26520521491373,10.600000000000005,0.3029283894406982,-0.2732241145894263,-9.47336302110638e-15
94.88547309436879,64.25556592985858,10.600000000000005,0.30282461171053787,-0.27387909172101144,-8.420767129872338e-15
94.89383404963013,64.24592528187357,10.600000000000007,0.3027213984713936,-0.27453303881321767,-9.47336302110638e-15
94.90218639682901,64.2362832976973,10.600000000000003,0.3026187534358505,-0.2751859560253747,-7.368171238638296e-15
94.91053022984013,64.22664000397259,10.600000000000007,0.30251668029287493,-0.27583784357898705,-1.0525958912340423e-14
94.91886564218579,64.21699542724579,10.600000000000005,0.3024151827075939,-0.27648870175731916,-1.1578554803574466e-14
94.92719272703401,64.20734959396651,10.600000000000003,0.3023142643210636,-0.2771385309049807,-1.0525958912340423e-14
94.93551157719719,64.19770253048712,10.600000000000007,0.30221392875005354,-0.27778733142750967,-1.0525958912340423e-14
94.94382228513057,64.18805426306226,10.600000000000005,0.30211417958682213,-0.27843510379095116,-7.368171238638296e-15
94.95212494293068,64.1784048178486,10.600000000000007,0.30201502039890193,-0.27908184852144496,-8.420767129872338e-15
94.96041964233417,64.1687542209041,10.600000000000005,0.3019164547288802,-0.27972756620480144,-1.0525958912340423e-14
94.96870647471629,64.15910249818783,10.600000000000005,0.3018184860941856,-0.280372257486079,-8.420767129872338e-15
94.97698553108947,64.14944967555941,10.600000000000003,0.3017211179868736,-0.28101592306916723,-1.2631150694808506e-14
94.9852569021018,64.13979577877873,10.600000000000003,0.30162435387341907,-0.28165856371635617,-6.315575347404253e-15
94.99352067803603,64.13014083350541,10.600000000000003,0.3015281971945035,-0.2823001802479218,-8.420767129872338e-15
95.00177694880806,64.12048486529841,10.600000000000005,0.3014326513648086,-0.2829407735416942,-6.315575347404253e-15
95.01002580396562,64.11082789961573,10.600000000000003,0.30133771977281226,-0.2835803445326331,-9.47336302110638e-15
95.01826733268712,64.10116996181381,10.600000000000003,0.30124340578058306,-0.28421889421240515,-1.1578554803574466e-14
95.02650162378004,64.09151107714743,10.600000000000003,0.30114971272357977,-0.2848564236289494,-1.0525958912340423e-14
95.03472876568021,64.0818512707691,10.600000000000005,0.30105664391045134,-0.2854929338860566,-9.47336302110638e-15
95.04294884645027,64.07219056772868,10.600000000000005,0.30096420262283774,-0.28612842614293466,-1.0525958912340423e-14
95.05116195377859,64.0625289929731,10.600000000000005,0.3008723921151756,-0.2867629016137832,-8.420767129872338e-15
95.05936817497782,64.052866571346,10.600000000000007,0.3007812156145028,-0.28739636156735765,-1.0525958912340423e-14
95.0675675969842,64.04320332758728,10.600000000000007,0.3006906763202676,-0.2880288073265448,-7.368171238638296e-15
95.07576030635609,64.03353928633271,10.600000000000003,0.3006007774041338,-0.2886602402679252,-9.47336302110638e-15
95.08394638927304,64.02387447211368,10.600000000000007,0.300511522009798,-0.2892906618213423,-8.420767129872338e-15
95.0921259315344,64.01420890935685,10.600000000000005,0.30042291325279913,-0.2899200734694711,-8.420767129872338e-15
95.10029901855864,64.00454262238367,10.600000000000007,0.30033495422033474,-0.29054847674738304,-1.3683746586042549e-14
95.1084657353821,63.99487563541014,10.600000000000007,0.30024764797107456,-0.2911758732421102,-1.0525958912340423e-14
95.11662616665797,63.98520797254642,10.600000000000003,0.30016099753498693,-0.29180226459221237,-7.368171238638296e-15
95.12478039665513,63.975539657796645,10.600000000000005,0.3000750059131527,-0.2924276524873435,-7.368171238638296e-15
95.13292850925745,63.965870715058344,10.600000000000007,0.2999896760775893,-0.29305203866780904,-9.47336302110638e-15
95.14107058796266,63.956201168122305,10.600000000000005,0.29990501097107936,-0.29367542492413834,-9.47336302110638e-15
95.14920671588139,63.946531040672184,10.600000000000003,0.29982101350698886,-0.29429781309663944,-1.0525958912340423e-14
95.15733697573631,63.93686035628418,10.600000000000007,0.2997376865691035,-0.2949192050749678,-8.420767129872338e-15
95.16546144986098,63.92718913842687,10.600000000000005,0.2996550330114579,-0.2955396027976866,-7.368171238638296e-15
95.17358022019934,63.91751741046067,10.600000000000007,0.29957305565816067,-0.29615900825182756,-1.0525958912340423e-14
95.18169336830452,63.907845195637684,10.600000000000003,0.2994917573032357,-0.29677742347245484,-1.2631150694808506e-14
95.18980097533826,63.898172517101315,10.600000000000005,0.29941114071045427,-0.297394850542223,-9.47336302110638e-15
95.19790312206959,63.88849939788622,10.600000000000003,0.2993312086131762,-0.2980112915909416,-9.47336302110638e-15
95.20599988887466,63.878825860917686,10.600000000000005,0.2992519637141846,-0.2986267487951334,-1.2631150694808506e-14
95.21409135573543,63.86915192901152,10.600000000000007,0.29917340868553094,-0.29924122437759487,-1.0525958912340423e-14
95.2221776022392,63.8594776248738,10.600000000000003,0.299095546168378,-0.2998547206069595,-7.368171238638296e-15
95.23025870757772,63.84980297110051,10.600000000000005,0.29901837877284254,-0.3004672397972512,-1.2631150694808506e-14
95.23833475054626,63.840127990177436,10.600000000000007,0.2989419090778476,-0.3010787843074512,-8.420767129872338e-15
95.24640580954333,63.83045270447969,10.600000000000005,0.2988661396309661,-0.3016893565410536,-9.47336302110638e-15
95.25447196256964,63.820777136271595,10.600000000000003,0.29879107294827423,-0.30229895894562314,-1.0525958912340423e-14
95.26253328722758,63.81110130770634,10.600000000000003,0.2987167115142049,-0.302907594012362,-7.368171238638296e-15
95.2705898607203,63.80142524082595,10.600000000000005,0.29864305778140243,-0.30351526427565856,-7.368171238638296e-15
95.27864175985147,63.79174895756072,10.600000000000003,0.29857011417057694,-0.3041219723126556,-7.368171238638296e-15
95.2866890610243,63.78207247972921,10.600000000000005,0.2984978830703669,-0.30472772074280363,-9.47336302110638e-15
95.29473184024118,63.77239582903787,10.600000000000007,0.2984263668371937,-0.30533251222742264,-9.47336302110638e-15
95.30277017310277,63.76271902708104,10.600000000000005,0.2983555677951317,-0.30593634946926096,-1.0525958912340423e-14
95.31080413480778,63.75304209534042,10.600000000000003,0.2982854882357653,-0.3065392352120519,-7.368171238638296e-15
95.31883380015225,63.743365055185066,10.600000000000005,0.29821613041805844,-0.30714117224007587,-9.47336302110638e-15
95.32685924352897,63.73368792787111,10.600000000000007,0.2981474965682237,-0.3077421633777185,-1.3683746586042549e-14
95.33488053892714,63.724010734541444,10.600000000000007,0.29807958887958796,-0.3083422114890285,-8.420767129872338e-15
95.34289775993147,63.714333496225855,10.600000000000005,0.2980124095124719,-0.308941319477279,-8.420767129872338e-15
95.35091097972224,63.7046562338404,10.600000000000005,0.29794596059405254,-0.3095394902845232,-9.47336302110638e-15
95.35892027107444,63.694978968187456,10.600000000000007,0.2978802442182493,-0.3101367268911595,-1.0525958912340423e-14
95.36692570635753,63.685301719955426,10.600000000000003,0.29781526244559686,-0.3107330323154868,-1.1578554803574466e-14
95.37492735753472,63.67562450971873,10.600000000000003,0.2977510173031237,-0.31132840961326613,-7.368171238638296e-15
95.38292529616297,63.6659473579374,10.600000000000007,0.29768751078423517,-0.31192286187727863,-1.2631150694808506e-14
95.39091959339227,63.65627028495697,10.600000000000003,0.2976247448485974,-0.31251639223688954,-1.3683746586042549e-14
95.39891031996551,63.64659331100835,10.600000000000007,0.297562721422019,-0.3131090038576053,-9.47336302110638e-15
95.40689754621772,63.63691645620775,10.600000000000005,0.2975014423963429,-0.3137006999406356,-1.0525958912340423e-14
95.41488134207621,63.62723974055626,10.600000000000007,0.29744090962933,-0.314291483722456,-1.1578554803574466e-14
95.42286177705998,63.61756318393989,10.600000000000005,0.2973811249445546,-0.3148813584743648,-9.47336302110638e-15
95.43083892027937,63.60788680612938,10.600000000000007,0.297322090131293,-0.31547032750204906,-9.47336302110638e-15
95.43881284043599,63.59821062677994,10.600000000000005,0.2972638069444213,-0.31605839414514714,-6.315575347404253e-15
95.44678360582203,63.58853466543137,10.600000000000005,0.29720627710431086,-0.3166455617768035,-6.315575347404253e-15
95.45475128432055,63.57885894150761,10.600000000000007,0.2971495022967245,-0.3172318338032431,-7.368171238638296e-15
95.46271594340479,63.569183474316745,10.600000000000005,0.2970934841727205,-0.3178172136633237,-6.315575347404253e-15
95.47067765013824,63.559508283050874,10.600000000000007,0.29703822434855087,-0.31840170482810726,-1.0525958912340423e-14
95.47863647117408,63.54983338678606,10.600000000000003,0.29698372440556964,-0.3189853108004193,-8.420767129872338e-15
95.48659247275536,63.54015880448204,10.600000000000005,0.2969299858901332,-0.31956803511441345,-9.47336302110638e-15
95.49454572071463,63.53048455498219,10.600000000000005,0.2968770103135132,-0.3201498813351401,-9.47336302110638e-15
95.50249628047389,63.520810657013364,10.600000000000003,0.2968247991518033,-0.3207308530581082,-7.368171238638296e-15
95.51044421704412,63.51113712918601,10.600000000000003,0.2967733538458322,-0.3213109539088523,-7.368171238638296e-15
95.51838959502561,63.50146398999374,10.600000000000005,0.29672267580107536,-0.32189018754249843,-1.0525958912340423e-14
95.52633247860757,63.49179125781336,10.600000000000005,0.2966727663875727,-0.3224685576433335,-9.47336302110638e-15
95.5342729315681,63.48211895090485,10.600000000000003,0.2966236269398419,-0.3230460679243691,-6.315575347404253e-15
95.54221101727413,63.47244708741115,10.600000000000005,0.29657525875680224,-0.32362272212691306,-8.420767129872338e-15
95.55014679868111,63.46277568535828,10.600000000000001,0.2965276631016923,-0.3241985240201354,-1.1578554803574466e-14
95.55808033833344,63.45310476265493,10.600000000000003,0.2964808412019929,-0.32477347740064055,-9.47336302110638e-15
95.56601169836402,63.44343433709267,10.600000000000003,0.2964347942493548,-0.32534758609203535,-9.47336302110638e-15
95.5739409404945,63.43376442634567,10.600000000000007,0.29638952339951874,-0.32592085394449904,-9.47336302110638e-15
95.58186812603485,63.42409504797088,10.600000000000003,0.296345029772252,-0.32649328483435636,-6.315575347404253e-15
95.58979331588397,63.41442621940769,10.600000000000003,0.2963013144512727,-0.32706488266364997,-1.1578554803574466e-14
95.59771657052931,63.40475795797801,10.600000000000005,0.2962583784841844,-0.327635651359711,-9.47336302110638e-15
95.60563795004705,63.39509028088617,10.600000000000007,0.29621622288240906,-0.32820559487473566,-1.0525958912340423e-14
95.61355751410196,63.38542320521901,10.600000000000007,0.2961748486211243,-0.328774717185354,-8.420767129872338e-15
95.62147532194778,63.37575674794559,10.600000000000003,0.2961342566391997,-0.3293430222922117,-1.1578554803574466e-14
95.6293914324271,63.36609092591728,10.600000000000005,0.2960944478391373,-0.32991051421953993,-8.420767129872338e-15
95.63730590397154,63.35642575586774,10.600000000000005,0.29605542308701166,-0.33047719701473743,-7.368171238638296e-15
95.64521879460185,63.34676125441282,10.600000000000003,0.29601718321241605,-0.3310430747479419,-1.1578554803574466e-14
95.65313016192785,63.337097438050634,10.600000000000005,0.2959797290084032,-0.3316081515116115,-1.2631150694808506e-14
95.66104006314896,63.32743432316136,10.600000000000005,0.29594306123143843,-0.332172431420106,-6.315575347404253e-15
95.66894855505402,63.317771926007396,10.600000000000007,0.29590718060134047,-0.3327359186092608,-1.2631150694808506e-14
95.67685569402173,63.30811026273313,10.600000000000003,0.2958720878012402,-0.33329861723597365,-9.47336302110638e-15
95.6847615360204,63.29844934936527,10.600000000000005,0.29583778347752815,-0.33386053147778155,-1.0525958912340423e-14
95.69266613660872,63.28878920181244,10.600000000000005,0.2958042682398107,-0.3344216655324475,-1.1578554803574466e-14
95.7005695509356,63.27912983586539,10.600000000000005,0.29577154266086453,-0.33498202361753876,-1.0525958912340423e-14
95.7084718337405,63.26947126719695,10.600000000000003,0.29573960727659787,-0.3355416099700182,-1.0525958912340423e-14
95.71637303935353,63.25981351136213,10.600000000000003,0.29570846258600736,-0.33610042884582114,-1.1578554803574466e-14
95.72427322169602,63.250156583797924,10.600000000000007,0.29567810905114145,-0.3366584845194511,-9.47336302110638e-15
95.73217243428053,63.24050049982347,10.600000000000007,0.29564854709706384,-0.3372157812835591,-1.0525958912340423e-14
95.74007073021122,63.23084527464,10.600000000000005,0.2956197771118184,-0.3377723234485367,-1.1578554803574466e-14
95.74796816218416,63.221190923330845,10.600000000000003,0.2955917994463947,-0.3383281153421026,-9.47336302110638e-15
95.75586478248749,63.21153746086167,10.600000000000005,0.2955646144147006,-0.33888316130889273,-1.0525958912340423e-14
95.763760643002,63.201884902080124,10.600000000000003,0.2955382222935321,-0.3394374657100572,-1.0525958912340423e-14
95.7716557952013,63.19223326171614,10.600000000000005,0.29551262332254313,-0.33999103292284605,-1.0525958912340423e-14
95.77955029015223,63.182582554381874,10.600000000000003,0.2954878177042222,-0.3405438673402055,-1.2631150694808506e-14
95.78744417851503,63.172932794571835,10.600000000000003,0.2954638056038706,-0.34109597337037156,-7.368171238638296e-15
95.79533751054407,63.163283996662805,10.600000000000007,0.2954405871495758,-0.341647355436467,-9.47336302110638e-15
95.80323033608798,63.15363617491396,10.600000000000005,0.2954181624321959,-0.3421980179760995,-1.473634247727659e-14
95.81112270459016,63.14398934346679,10.600000000000007,0.295396531505339,-0.3427479654409568,-1.0525958912340423e-14
95.81901466508899,63.134343516345474,10.600000000000007,0.29537569438534594,-0.34329720229640387,-9.47336302110638e-15
95.82690626621857,63.124698707456545,10.600000000000007,0.29535565105127826,-0.3438457330210895,-8.420767129872338e-15
95.83479755620898,63.115054930589224,10.600000000000005,0.2953364014449029,-0.3443935621065447,-1.1578554803574466e-14
95.84268858288674,63.10541219941531,10.600000000000003,0.29531794547068185,-0.3449406940567824,-8.420767129872338e-15
95.85057939367535,63.09577052748937,10.600000000000005,0.2953002829957624,-0.3454871333879046,-9.47336302110638e-15
95.85847003559549,63.08612992824886,10.600000000000003,0.2952834138499715,-0.346032884627708,-6.315575347404253e-15
95.86636055526597,63.076490415014014,10.600000000000003,0.2952673378258074,-0.34657795231528643,-1.1578554803574466e-14
95.87425099890389,63.06685200098802,10.600000000000007,0.2952520546784362,-0.34712234100064254,-8.420767129872338e-15
95.88214141232528,63.05721469925713,10.600000000000007,0.29523756412569113,-0.34766605524429417,-1.0525958912340423e-14
95.89003184094544,63.04757852279083,10.600000000000005,0.29522386584807087,-0.3482090996168846,-1.1578554803574466e-14
95.8979223297798,63.03794348444166,10.600000000000005,0.29521095948874,-0.3487514786987933,-9.47336302110638e-15
95.90581292344423,63.02830959694562,10.600000000000005,0.2951988446535344,-0.34929319707975226,-1.0525958912340423e-14
95.91370366615574,63.018676872921986,10.600000000000007,0.295187520910963,-0.3498342593584531,-1.0525958912340423e-14
95.92159460173275,63.00904532487377,10.600000000000003,0.29517698779221807,-0.3503746701421684,-7.368171238638296e-15
95.9294857735961,62.999414965187434,10.600000000000005,0.29516724479117856,-0.3509144340463639,-8.420767129872338e-15
95.93737722476939,62.989785806133256,10.600000000000001,0.2951582913644273,-0.3514535556943218,-9.47336302110638e-15
