galstreams/tracks/track.st.Cetus-Palca.yuan2021.ecsv
# %ECSV 0.9
# ---
# datatype:
# - {name: ra, unit: deg, datatype: float64}
# - {name: dec, unit: deg, datatype: float64}
# - {name: distance, unit: kpc, datatype: float64}
# - {name: pm_ra_cosdec, unit: mas / yr, datatype: float64}
# - {name: pm_dec, unit: mas / yr, datatype: float64}
# - {name: radial_velocity, unit: km / s, datatype: float64}
# delimiter: ','
# meta: !!omap
# - __serialized_columns__:
#     dec:
#       __class__: astropy.coordinates.angles.Latitude
#       unit: &id001 !astropy.units.Unit {unit: deg}
#       value: !astropy.table.SerializedColumn {name: dec}
#     distance:
#       __class__: astropy.coordinates.distances.Distance
#       unit: !astropy.units.Unit {unit: kpc}
#       value: !astropy.table.SerializedColumn {name: distance}
#     pm_dec:
#       __class__: astropy.units.quantity.Quantity
#       unit: !astropy.units.Unit {unit: mas / yr}
#       value: !astropy.table.SerializedColumn {name: pm_dec}
#     pm_ra_cosdec:
#       __class__: astropy.units.quantity.Quantity
#       unit: !astropy.units.Unit {unit: mas / yr}
#       value: !astropy.table.SerializedColumn {name: pm_ra_cosdec}
#     ra:
#       __class__: astropy.coordinates.angles.Longitude
#       unit: *id001
#       value: !astropy.table.SerializedColumn {name: ra}
#       wrap_angle: !astropy.coordinates.Angle
#         unit: *id001
#         value: 360.0
#     radial_velocity:
#       __class__: astropy.units.quantity.Quantity
#       unit: !astropy.units.Unit {unit: km / s}
#       value: !astropy.table.SerializedColumn {name: radial_velocity}
# schema: astropy-2.0
ra,dec,distance,pm_ra_cosdec,pm_dec,radial_velocity
[from data line 7924]
28.421198749450305,-39.93600098733565,37.271651185167855,0.9782251780556009,-0.25048637302940857,-4.631421921429786e-14
28.422686394627224,-39.94751049330596,37.26862673582096,0.9784092548063229,-0.2501477570590903,-2.5262301389617013e-14
28.424173818229047,-39.95902018370992,37.265600037663305,0.9785933660060587,-0.24980898918654912,-2.947268495455318e-14
28.425661020229445,-39.970530058540966,37.262571091448606,0.9787775116005195,-0.2494700694787344,-3.368306851948935e-14
28.42714800060278,-39.98204011779254,37.259539897932,0.9789616915353893,-0.24913099800267136,-2.5262301389617013e-14
28.42863475932388,-39.99355036145769,37.25650645787007,0.9791459057563221,-0.24879177482546153,-2.1051917824680846e-14
28.43012129636823,-40.00506078952944,37.25347077202081,0.9793301542089442,-0.24845240001428293,-2.5262301389617013e-14
28.43160761171188,-40.016571402000594,37.25043284114369,0.9795144368388521,-0.24811287363639006,-2.947268495455318e-14
28.433093705331405,-40.02808219886361,37.24739266599956,0.9796987535916156,-0.24777319575911325,-3.789345208442552e-14
28.43457957720404,-40.03959318011098,37.24435024735078,0.9798831044127725,-0.24743336644985903,-2.1051917824680846e-14
28.436065227307505,-40.05110434573476,37.241305585961044,0.9800674892478355,-0.24709338577611173,-3.789345208442552e-14
28.437550655620196,-40.06261569572701,37.23825868259559,0.9802519080422853,-0.24675325380543064,-1.2631150694808506e-14
28.439035862121056,-40.07412723007955,37.235209538020996,0.9804363607415767,-0.24641297060545092,-1.2631150694808506e-14
28.44052084678957,-40.085638948783924,37.23215815300535,0.9806208472911325,-0.24607253624388553,-4.631421921429786e-14
28.44200560960585,-40.09715085183147,37.22910452831813,0.9808053676363505,-0.24573195078852314,-2.5262301389617013e-14
28.44349015055057,-40.10866293921346,37.22604866473029,0.980989921722596,-0.24539121430722888,-2.1051917824680846e-14
28.444974469605047,-40.120175210920934,37.2229905630142,0.9811745094952087,-0.245050326867943,-2.947268495455318e-14
28.446458566751094,-40.1316876669446,37.21993022394365,0.9813591308994974,-0.24470928853868396,-1.2631150694808506e-14
28.4479424419712,-40.14320030727519,37.21686764829392,0.9815437858807428,-0.24436809938754545,-3.368306851948935e-14
28.449426095248345,-40.15471313190299,37.21380283684169,0.9817284743841973,-0.24402675948269775,-1.6841534259744676e-14
28.45090952656619,-40.16622614081827,37.210735790365085,0.9819131963550833,-0.24368526889238756,-2.5262301389617013e-14
28.452392735908955,-40.177739334011115,37.20766650964371,0.9820979517385947,-0.24334362768493703,-2.947268495455318e-14
28.45387572326141,-40.189252711471234,37.20459499545854,0.9822827404798979,-0.243001835928747,-3.789345208442552e-14
28.455358488609004,-40.200766273188385,37.20152124859206,0.9824675625241294,-0.24265989369229152,-2.1051917824680846e-14
28.456841031937653,-40.212280019151876,37.19844526982816,0.9826524178163959,-0.24231780104412354,-3.789345208442552e-14
28.458323353234,-40.22379394935098,37.195367059952204,0.9828373063017763,-0.24197555805287135,-3.789345208442552e-14
28.45980545248522,-40.2353080637748,37.19228661975096,0.9830222279253223,-0.24163316478723856,-2.947268495455318e-14
28.461287329679067,-40.246822362412125,37.18920395001267,0.9832071826320531,-0.24129062131600687,-2.5262301389617013e-14
28.462768984803887,-40.258336845251534,37.18611905152702,0.9833921703669616,-0.24094792770803372,-2.947268495455318e-14
28.464250417848675,-40.2698515122815,37.183031925085125,0.983577191075011,-0.24060508403225275,-3.368306851948935e-14
28.46573162880301,-40.28136636349034,37.17994257147955,0.9837622447011356,-0.24026209035767357,-4.210383564936169e-14
28.467212617657008,-40.29288139886599,37.17685099150432,0.9839473311902416,-0.2399189467533828,-2.5262301389617013e-14
28.46869338440149,-40.30439661839641,37.1737571859549,0.9841324504872048,-0.2395756532885426,-2.1051917824680846e-14
28.470173929027762,-40.31591202206911,37.17066115562819,0.9843176025368732,-0.23923221003239345,-2.947268495455318e-14
28.471654251527816,-40.32742760987161,37.16756290132257,0.9845027872840658,-0.23888861705424885,-2.5262301389617013e-14
28.473134351894245,-40.33894338179121,37.16446242383783,0.9846880046735714,-0.23854487442350097,0.0
28.474614230120174,-40.35045933781485,37.161359723975245,0.984873254650152,-0.23820098220961902,-1.6841534259744676e-14
28.476093886199422,-40.36197547792948,37.158254802537506,0.9850585371585393,-0.23785694048214567,-2.1051917824680846e-14
28.477573320126336,-40.37349180212164,37.15514766032877,0.9852438521434359,-0.23751274931070274,-1.6841534259744676e-14
28.479052531895928,-40.385008310377906,37.15203829815467,0.9854291995495154,-0.23716840876498696,-3.368306851948935e-14
28.480531521503778,-40.396525002684385,37.14892671682223,0.9856145793214235,-0.236823918914772,-1.6841534259744676e-14
28.482010288946107,-40.40804187902726,37.14581291713999,0.985799991403776,-0.23647927982990674,-1.2631150694808506e-14
28.48348883421969,-40.41955893939226,37.1426968999179,0.9859854357411602,-0.23613449158031832,-2.1051917824680846e-14
28.484967157321982,-40.4310761837651,37.139578665967385,0.9861709122781332,-0.23578955423600864,-8.420767129872338e-15
28.48644525825103,-40.442593612131255,37.136458216101325,0.9863564209592244,-0.2354444678670558,-1.2631150694808506e-14
28.487923137005435,-40.45411122447588,37.133335551134024,0.9865419617289338,-0.23509923254361575,-2.5262301389617013e-14
28.4894007935845,-40.46562902078413,37.13021067188127,0.9867275345317323,-0.23475384833591934,-1.2631150694808506e-14
28.490878227988052,-40.477147001040734,37.127083579160306,0.9869131393120618,-0.234408315314275,-2.5262301389617013e-14
28.492355440216606,-40.48866516523039,37.123954273789806,0.9870987760143347,-0.23406263354906617,-2.1051917824680846e-14
28.49383243027128,-40.50018351333759,37.12082275658993,0.9872844445829351,-0.2337168031107529,-1.6841534259744676e-14
28.495309198153763,-40.51170204534652,37.11768902838228,0.9874701449622174,-0.23337082406987275,-3.789345208442552e-14
28.496785743866383,-40.523220761241156,37.11455308998991,0.9876558770965075,-0.23302469649703877,-2.5262301389617013e-14
28.498262067412107,-40.53473966100539,37.111414942237346,0.9878416409301012,-0.23267842046293968,-2.5262301389617013e-14
28.499738168794533,-40.546258744622925,37.108274585950554,0.988027436407267,-0.2323319960383411,-2.5262301389617013e-14
28.50121404801781,-40.55777801207705,37.10513202195698,0.9882132634722418,-0.23198542329408606,-1.6841534259744676e-14
28.502689705086798,-40.56929746335113,37.10198725108552,0.9883991220692356,-0.23163870230109213,-1.6841534259744676e-14
28.50416514000689,-40.580817098428064,37.0988402741665,0.9885850121424287,-0.23129183313035406,0.0
28.50564035278416,-40.59233691729073,37.095691092031785,0.9887709336359709,-0.23094481585294294,-2.1051917824680846e-14
28.507115343425323,-40.60385691992181,37.09253970551461,0.9889568864939845,-0.23059765054000647,-4.210383564936169e-14
28.50859011193765,-40.615377106303605,37.08938611544972,0.9891428706605627,-0.23025033726276753,-1.2631150694808506e-14
28.510064658329107,-40.626897476418435,37.08623032267333,0.9893288860797674,-0.22990287609252646,-3.368306851948935e-14
28.511538982608222,-40.63841803024819,37.0830723280231,0.9895149326956342,-0.22955526710065977,-1.6841534259744676e-14
28.51301308478419,-40.64993876777475,37.07991213233813,0.9897010104521672,-0.22920751035861986,-2.1051917824680846e-14
28.514486964866876,-40.66145968897975,37.076749736459035,0.989887119293343,-0.22885960593793486,-2.5262301389617013e-14
28.515960622866686,-40.67298079384453,37.07358514122786,0.9900732591631076,-0.22851155391021102,-2.947268495455318e-14
28.517434058794684,-40.68450208235025,37.07041834748813,0.9902594300053779,-0.22816335434712992,-4.210383564936169e-15
28.518907272662595,-40.69602355447793,37.06724935608481,0.9904456317640431,-0.22781500732044888,-2.1051917824680846e-14
28.520380264482796,-40.70754521020843,37.06407816786436,0.9906318643829621,-0.22746651290200148,-2.5262301389617013e-14
28.521853034268204,-40.719067049522195,37.06090478367469,0.9908181278059638,-0.22711787116369933,-2.947268495455318e-14
28.5233255820325,-40.730589072399724,37.05772920436518,0.9910044219768483,-0.22676908217752847,-8.420767129872338e-15
28.524797907789857,-40.742111278821056,37.05455143078669,0.9911907468393881,-0.22642014601555221,-1.6841534259744676e-14
28.526270011555187,-40.75363366876623,37.05137146379151,0.9913771023373243,-0.22607106274990957,-4.210383564936169e-14
28.52774189334405,-40.76515624221504,37.048189304233475,0.9915634884143689,-0.2257218324528159,-2.5262301389617013e-14
28.529213553172532,-40.77667899914695,37.04500495296779,0.9917499050142058,-0.22537245519656393,-1.6841534259744676e-14
28.530684991057495,-40.7882019395414,37.0418184108512,0.9919363520804891,-0.2250229310535209,-2.947268495455318e-14
28.532156207016325,-40.79972506337742,37.038629678741884,0.992122829556843,-0.2246732600961319,-8.420767129872338e-15
28.533627201067134,-40.81124837063402,37.035438757499534,0.9923093373868624,-0.2243234423969179,-4.210383564936169e-15
28.53509797322864,-40.82277186128995,37.03224564798526,0.9924958755141134,-0.22397347802847514,-2.5262301389617013e-14
28.53656852352021,-40.83429553532369,37.02905035106168,0.9926824438821333,-0.22362336706347713,-2.5262301389617013e-14
28.538038851961826,-40.8458193927135,37.025852867592874,0.9928690424344285,-0.22327310957467433,-8.420767129872338e-15
28.539508958574146,-40.857343433437556,37.02265319844438,0.9930556711144766,-0.22292270563489164,-3.368306851948935e-14
28.54097884337851,-40.8688676574738,37.01945134448323,0.9932423298657271,-0.22257215531703092,-1.6841534259744676e-14
28.542448506396816,-40.88039206479982,37.01624730657793,0.9934290186315977,-0.22222145869407164,-3.368306851948935e-14
28.543917947651707,-40.8919166553932,37.013041085598445,0.9936157373554788,-0.22187061583906773,-1.2631150694808506e-14
28.545387167166368,-40.90344142923113,37.00983268241622,0.9938024859807304,-0.22151962682515058,-2.1051917824680846e-14
28.546856164964733,-40.914966386290715,37.006622097904184,0.9939892644506829,-0.22116849172552655,-2.947268495455318e-14
28.548324941071357,-40.926491526548894,37.00340933293673,0.9941760727086374,-0.22081721061347964,-3.789345208442552e-14
28.5497934955114,-40.93801684998221,37.00019438838974,0.9943629106978663,-0.22046578356236973,-3.368306851948935e-14
28.55126182831075,-40.94954235656721,36.99697726514055,0.9945497783616117,-0.2201142106456321,-2.947268495455318e-14
28.552729939495865,-40.961068046280026,36.993757964068,0.9947366756430862,-0.21976249193677924,-3.789345208442552e-14
28.55419782909394,-40.97259391909675,36.99053648605241,0.9949236024854732,-0.2194106275093998,4.210383564936169e-15
28.555665497132793,-40.98411997499325,36.987312831975544,0.9951105588319272,-0.21905861743715763,-2.1051917824680846e-14
28.557132943640884,-40.99564621394509,36.98408700272067,0.9952975446255716,-0.21870646179379408,-1.6841534259744676e-14
28.558600168647313,-41.007172635927624,36.98085899917254,0.9954845598095015,-0.21835416065312674,-2.1051917824680846e-14
28.560067172181906,-41.0186992409161,36.97762882221737,0.9956716043267819,-0.2180017140890484,-2.1051917824680845e-15
28.561533954275113,-41.03022602888556,36.974396472742875,0.9958586781204489,-0.2176491221755284,-1.473634247727659e-14
28.563000514958013,-41.041752999810655,36.97116195163824,0.9960457811335083,-0.21729638498661272,-2.5262301389617013e-14
28.564466854262424,-41.05328015366609,36.96792525979412,0.9962329133089363,-0.21694350259642356,-1.2631150694808506e-14
28.565932972220722,-41.06480749042609,36.96468639810267,0.9964200745896804,-0.21659047507915863,-1.473634247727659e-14
28.56739886886603,-41.07633501006487,36.96144536745753,0.996607264918658,-0.21623730250909282,-1.2631150694808506e-14
28.56886454423214,-41.087862712556415,36.95820216875382,0.9967944842387559,-0.21588398496057587,-6.315575347404253e-15
28.570329998353436,-41.09939059787435,36.95495680288811,0.996981732492833,-0.21553052250803606,-3.157787673702127e-14
28.57179523126505,-41.1109186659923,36.95170927075851,0.9971690096237175,-0.21517691522597468,-4.210383564936169e-15
28.573260243002704,-41.12244691688344,36.94845957326461,0.9973563155742076,-0.21482316318897204,-2.5262301389617013e-14
28.57472503360288,-41.13397535052101,36.9452077113074,0.9975436502870734,-0.2144692664716829,-2.1051917824680846e-14
28.576189603102648,-41.145503966877776,36.94195368578948,0.9977310137050531,-0.2141152251488396,-2.315710960714893e-14
28.577653951539794,-41.15703276592651,36.93869749761484,0.9979184057708574,-0.21376103929524842,-3.157787673702127e-14
28.57911807895274,-41.16856174763955,36.935439147689024,0.9981058264271658,-0.21340670898579456,-2.315710960714893e-14
28.580581985380636,-41.18009091198924,36.93217863691901,0.9982932756166285,-0.2130522342954377,-2.1051917824680846e-14
28.582045670863273,-41.191620258947644,36.9289159662133,0.9984807532818664,-0.21269761529921344,-1.2631150694808506e-14
28.583509135441084,-41.20314978848649,36.92565113648186,0.99866825936547,-0.21234285207223497,-2.7367493172085098e-14
28.58497237915526,-41.2146795005775,36.92238414863616,0.9988557938100002,-0.2119879446896899,-3.157787673702127e-14
28.58643540204758,-41.22620939519197,36.91911500358916,0.9990433565579886,-0.2116328932268443,-1.6841534259744676e-14
28.58789820416056,-41.23773947230116,36.9158437022553,0.9992309475519369,-0.21127769775903776,-1.6841534259744676e-14
28.589360785537398,-41.24926973187607,36.91257024555055,0.9994185667343155,-0.210922358361687,-1.6841534259744676e-14
28.59082314622191,-41.26080017388739,36.909294634392296,0.9996062140475672,-0.2105668751102866,-1.0525958912340423e-14
28.592285286258683,-41.27233079830576,36.90601686969947,0.9997938894341039,-0.21021124808040426,-1.2631150694808506e-14
28.593747205692885,-41.28386160510142,36.902736952392495,0.9999815928363077,-0.20985547734768586,-1.2631150694808506e-14
28.595208904570477,-41.2953925942446,36.89945488339326,1.0001693241965315,-0.20949956298785277,-2.315710960714893e-14
28.596670382937997,-41.306923765705115,36.896170663625185,1.0003570834570965,-0.2091435050767033,-2.5262301389617013e-14
28.59813164084277,-41.31845511945277,36.89288429401315,1.0005448705602964,-0.2087873036901096,-3.789345208442552e-14
28.599592678332698,-41.32998665545695,36.88959577548354,1.000732685448393,-0.20843095890402258,-3.368306851948935e-14
28.601053495456465,-41.34151837368697,36.88630510896425,1.0009205280636193,-0.20807447079446773,-2.1051917824680846e-14
28.602514092263434,-41.353050274111936,36.88301229538466,1.001108398348178,-0.20771783943754718,-1.894672604221276e-14
28.60397446880357,-41.36458235670062,36.87971733567562,1.0012962962442424,-0.20736106490943856,-1.0525958912340423e-14
28.60543462512764,-41.37611462142173,36.87642023076951,1.0014842216939552,-0.20700414728639643,-2.7367493172085098e-14
28.606894561287014,-41.38764706824359,36.873120981600216,1.001672174639429,-0.2066470866447509,-1.0525958912340423e-14
28.608354277333806,-41.399179697134436,36.86981958910308,1.0018601550227475,-0.206289883060908,-4.210383564936169e-14
28.609813773320845,-41.41071250806233,36.866516054214976,1.0020481627859632,-0.2059325366113497,-1.894672604221276e-14
28.61127304930158,-41.422245500994975,36.86321037787427,1.0022361978710987,-0.20557504737263477,-2.7367493172085098e-14
28.612732105330192,-41.433778675899894,36.8599025610208,1.0024242602201474,-0.20521741542139849,-2.7367493172085098e-14
28.614190941461583,-41.44531203274447,36.85659260459595,1.0026123497750725,-0.20485964083434982,-1.0525958912340423e-14
28.615649557751336,-41.45684557149587,36.853280509542586,1.002800466477806,-0.2045017236882758,-2.7367493172085098e-14
28.617107954255708,-41.46837929212093,36.84996627680505,1.002988610270251,-0.20414366406003964,-2.315710960714893e-14
