galstreams/tracks/track.st.Pal5.pricewhelan2019.ecsv
# %ECSV 1.0
# ---
# datatype:
# - {name: ra, unit: deg, datatype: float64}
# - {name: dec, unit: deg, datatype: float64}
# - {name: distance, unit: kpc, datatype: float64}
# - {name: pm_ra_cosdec, unit: mas / yr, datatype: float64}
# - {name: pm_dec, unit: mas / yr, datatype: float64}
# - {name: radial_velocity, unit: km / s, datatype: float64}
# delimiter: ','
# meta: !!omap
# - __serialized_columns__:
#     dec:
#       __class__: astropy.coordinates.angles.Latitude
#       unit: &id001 !astropy.units.Unit {unit: deg}
#       value: !astropy.table.SerializedColumn {name: dec}
#     distance:
#       __class__: astropy.coordinates.distances.Distance
#       unit: !astropy.units.Unit {unit: kpc}
#       value: !astropy.table.SerializedColumn {name: distance}
#     pm_dec:
#       __class__: astropy.units.quantity.Quantity
#       unit: !astropy.units.Unit {unit: mas / yr}
#       value: !astropy.table.SerializedColumn {name: pm_dec}
#     pm_ra_cosdec:
#       __class__: astropy.units.quantity.Quantity
#       unit: !astropy.units.Unit {unit: mas / yr}
#       value: !astropy.table.SerializedColumn {name: pm_ra_cosdec}
#     ra:
#       __class__: astropy.coordinates.angles.Longitude
#       unit: *id001
#       value: !astropy.table.SerializedColumn {name: ra}
#       wrap_angle: !astropy.coordinates.Angle
#         unit: *id001
#         value: 360.0
#     radial_velocity:
#       __class__: astropy.units.quantity.Quantity
#       unit: !astropy.units.Unit {unit: km / s}
#       value: !astropy.table.SerializedColumn {name: radial_velocity}
# schema: astropy-2.0
ra,dec,distance,pm_ra_cosdec,pm_dec,radial_velocity
[from data line 1563]
228.42848369383162,-0.8301878001022532,20.362044502095394,-2.7701917778984777,-2.7313989529959692,999.0000221073846
228.42156630501046,-0.8378606870601399,20.359991417278785,-2.7703012500025523,-2.73193259692383,999.0000221070886
228.41463560116603,-0.845513485896693,20.357937066282876,-2.770410335145229,-2.7324666097404515,999.0000221067903
228.40769149284708,-0.8531460616982894,20.355881449107667,-2.770519033664209,-2.7330009911210973,999.0000221064894
228.40073389535235,-0.860758286724128,20.35382456575317,-2.770627345895672,-2.733535740742833,999.0000221061863
228.39376272877251,-0.868350040469627,20.35176641621937,-2.7707352721740635,-2.7340708582847415,999.0000221058807
228.3867779180306,-0.8759212097272397,20.349707000506267,-2.770842812831918,-2.7346063434281107,999.0000221055731
228.37977939292037,-0.8834716886446398,20.34764631861387,-2.770949968199629,-2.7351421958566267,999.0000221052627
228.37276708814326,-0.8910013787802544,20.34558437054217,-2.7710567386052904,-2.7356784152565847,999.00002210495
228.36574094334333,-0.8985101891560849,20.343521156291175,-2.771163124374474,-2.7362150013170714,999.0000221046353
228.3587009031405,-0.9059980363077903,20.341456675860876,-2.7712691258300683,-2.7367519537301668,999.0000221043175
228.3516469171617,-0.9134648443319984,20.339390929251277,-2.7713747432920397,-2.7372892721911297,999.000022103998
228.34457894007076,-0.9209105449307945,20.337323916462378,-2.771479977077296,-2.7378269563985973,999.000022103676
228.33749693159555,-0.9283350774533771,20.335255637494182,-2.771584827499451,-2.738365006054767,999.0000221033515
228.3304008565541,-0.9357383889348182,20.333186092346686,-2.771689294868678,-2.73890342086559,999.0000221030244
228.32329068487795,-0.9431204341319177,20.331115281019887,-2.771793379491488,-2.7394422005409513,999.000022102695
228.3161663916343,-0.9504811755561066,20.32904320351378,-2.7718970816705633,-2.739981344794864,999.0000221023632
228.30902795704569,-0.9578205835033698,20.326969859828377,-2.772000401704571,-2.7405208533456347,999.0000221020289
228.30187536650783,-0.9651386360811729,20.324895249963678,-2.7721033398879875,-2.7410607259160544,999.000022101692
228.29470861060548,-0.9724353192323384,20.32281937391968,-2.7722058965109277,-2.741600962233579,999.0000221013531
228.2875276851262,-0.9797106267558636,20.320742231696368,-2.772308071858939,-2.7421415620304934,999.0000221010116
228.2803325910722,-0.9869645603246479,20.318663823293765,-2.77240986621286,-2.742682525044088,999.0000221006679
228.27312333466995,-0.994197129500095,20.316584148711858,-2.772511279848642,-2.7432238510168303,999.0000221003214
228.26589992737775,-1.0014083517435877,20.31450320795065,-2.772612313037172,-2.743765539696531,999.0000220999731
228.2586623858913,-1.008598252424784,20.312421001010144,-2.772712966044104,-2.744307590836502,999.000022099622
228.25141073214706,-1.0157668648267302,20.310337527890333,-2.772813239129712,-2.7448500041957278,999.000022099269
228.2441449933236,-1.0229142301477694,20.308252788591226,-2.7729131325487266,-2.7453927795390096,999.0000220989127
228.2368652018406,-1.0300403975002124,20.306166783112815,-2.7730126465501654,-2.7459359166371353,999.000022098555
228.22957139535586,-1.0371454239057765,20.30407951145511,-2.773111781377188,-2.746479415267013,999.0000220981946
228.2222636167602,-1.0442293742877462,20.3019909736181,-2.7732105372669436,-2.747023275211837,999.0000220978316
228.21494191416997,-1.0512923214598613,20.299901169601792,-2.7733089144504275,-2.7475674962612153,999.0000220974663
228.2076063409177,-1.0583343461119097,20.29781009940619,-2.7734069131523356,-2.748112078211323,999.0000220970987
228.20025695554008,-1.065355536792008,20.295717763031288,-2.7735045335909203,-2.748657020865032,999.0000220967291
228.1928938217643,-1.072355989885572,20.293624160477087,-2.7736017759778577,-2.7492023240320496,999.0000220963568
228.18551700849176,-1.0793358095909449,20.291529291743586,-2.7736986405181057,-2.7497479875290396,999.0000220959828
228.17812658977968,-1.086295107891694,20.289433156830786,-2.773795127409781,-2.750294011179758,999.000022095606
228.17072264482064,-1.0932340045255553,20.28733575573869,-2.7738912368440474,-2.7508403948151665,999.0000220952267
228.16330525791977,-1.1001526269500232,20.2852370884673,-2.7739869690049677,-2.7513871382735555,999.0000220948455
228.15587451846955,-1.10705111030459,20.283137155016618,-2.774082324069392,-2.751934241400654,999.0000220944621
228.14843052092274,-1.1139295973696037,20.28103595538664,-2.774177302206855,-2.75248170404974,999.0000220940767
228.1409733647629,-1.1207882385217898,20.278933489577362,-2.7742719035794723,-2.7530295260817477,999.0000220936888
228.13350315447255,-1.1276271916863672,20.2768297575888,-2.7743661283418044,-2.753577707365362,999.0000220932991
228.12601999949928,-1.1344466222858458,20.274724759420934,-2.7744599766407867,-2.7541262477771262,999.0000220929068
228.11852401421956,-1.141246703185417,20.27261849507378,-2.7745534486156056,-2.754675147201516,999.0000220925122
228.11101531790032,-1.1480276146350141,20.27051096454734,-2.7746465443976236,-2.755224405531047,999.0000220921161
228.10349403465852,-1.154789544208017,20.268402167841607,-2.7747392641102873,-2.7557740226663445,999.0000220917174
228.095960293418,-1.1615326867365874,20.266292104956577,-2.7748316078690527,-2.756323998516228,999.0000220913167
228.08841422786458,-1.1682572442436985,20.264180775892264,-2.7749235757812727,-2.756874332997776,999.000022090914
228.08085597639885,-1.1749634258718047,20.262068180648665,-2.775015167946151,-2.757425026036409,999.0000220905091
228.07328568208658,-1.1816514478082132,20.259954319225773,-2.775106384454667,-2.757976077565942,999.0000220901029
228.06570349260718,-1.1883215332071564,20.2578391916236,-2.7751972253895096,-2.758527487528652,999.0000220896944
228.05810956019985,-1.194973912108547,20.255722797842132,-2.7752876908250053,-2.7590792558753283,999.0000220892834
228.0505040416075,-1.201608821353498,20.253605137881387,-2.7753777808270756,-2.7596313825653214,999.0000220888707
228.04288709801867,-1.2082265044965497,20.25148621174136,-2.7754674954531655,-2.7601838675665937,999.0000220884561
228.03525889500722,-1.2148272117146899,20.24936601942205,-2.7755568347522175,-2.760736710855756,999.0000220880403
228.02761960246988,-1.2214111997131512,20.247244560923452,-2.7756457987646304,-2.761289912418106,999.0000220876216
228.01996939456174,-1.227978731627998,20.245121836245577,-2.775734387522188,-2.7618434722476572,999.0000220872017
228.01230844962956,-1.2345300769255814,20.242997845388423,-2.775822601048066,-2.762397390347161,999.0000220867797
228.00463695014298,-1.241065511298815,20.240872588351987,-2.77591043935678,-2.7629516667281395,999.0000220863564
227.99695508262397,-1.2475853165603588,20.23874606513628,-2.7759979024541774,-2.7635063014108843,999.0000220859309
227.98926303757372,-1.254089780532725,20.236618275741286,-2.7760849903374027,-2.7640612944244847,999.0000220855036
227.98156100939792,-1.2605791969352933,20.23448922016703,-2.7761717029948922,-2.764616645806821,999.0000220850751
227.9738491963299,-1.2670538652683578,20.23235889841349,-2.776258040406368,-2.7651723556045775,999.0000220846442
227.96612780035167,-1.273514090694131,20.23022731048069,-2.776344002542828,-2.7657284238732256,999.0000220842126
227.95839702711336,-1.27996018391484,20.228094456368602,-2.7764295893665483,-2.766284850677028,999.0000220837787
227.95065708585028,-1.2863924610478914,20.225960336077257,-2.776514800831106,-2.766841636089016,999.0000220833432
227.94290818929835,-1.29281124349815,20.223824949606634,-2.776599636881347,-2.7673987801909763,999.0000220829068
227.9351505536077,-1.2992168578274104,20.22168829695675,-2.776684097453452,-2.767956283073424,999.0000220824683
227.9273843982541,-1.305609635621048,20.219550378127597,-2.7767681824749206,-2.768514144835581,999.0000220820286
227.91960994594896,-1.3119899133519413,20.21741119311918,-2.7768518918646103,-2.769072365585335,999.0000220815874
227.9118274225474,-1.318358032241695,20.215270741931498,-2.776935225532781,-2.7696309454392063,999.0000220811448
227.9040370569543,-1.3247143381191813,20.21312902456456,-2.777018183381097,-2.7701898845223054,999.0000220807012
227.89623908102908,-1.3310591812765165,20.21098604101835,-2.777100765302692,-2.7707491829682818,999.000022080256
227.8884337294884,-1.3373929163224418,20.208841791292887,-2.777182971182202,-2.7713088409192776,999.0000220798094
227.88062123980754,-1.3437159020332283,20.20669627538816,-2.7772648008958254,-2.7718688585258655,999.0000220793618
227.87280185211978,-1.3500285012011302,20.204549493304185,-2.7773462543113627,-2.7724292359469875,999.0000220789127
227.86497580911453,-1.356331080480424,20.20240144504095,-2.777427331288292,-2.7729899733498913,999.0000220784628
227.85714335593374,-1.3626240102311418,20.20025213059846,-2.7775080316778125,-2.7735510709100577,999.0000220780114
227.8493047400668,-1.368907664360496,20.19810154997672,-2.777588355322933,-2.7741125288111244,999.0000220775592
227.8414602112441,-1.3751824201621075,20.195949703175728,-2.777668302058529,-2.7746743472448054,999.0000220771057
227.8336100213291,-1.3814486581530756,20.193796590195486,-2.7777478717114334,-2.775236526410808,999.0000220766509
227.8257544242087,-1.387706761908935,20.191642211036,-2.7778270641005016,-2.775799066516738,999.000022076196
227.81789367568302,-1.3939571178966166,20.189486565697266,-2.777905879036711,-2.776361967778014,999.0000220757395
227.8100280333531,-1.4002001153054144,20.18732965417928,-2.777984316323262,-2.7769252304177643,999.0000220752819
227.80215775650768,-1.4064361458760781,20.185171476482065,-2.7780623757556384,-2.777488854666719,999.0000220748238
227.79428310600895,-1.4126656037280851,20.183012032605596,-2.778140057121746,-2.7780528407631153,999.0000220743646
227.78640434417673,-1.4188888851851287,20.180851322549888,-2.7782173602019884,-2.778617188952575,999.000022073905
227.778521734672,-1.4251063885989659,20.178689346314943,-2.7782942847694057,-2.7791818994879907,999.0000220734441
227.7706355423789,-1.4313185141716194,20.176526103900763,-2.778370830589752,-2.7797469726294115,999.0000220729829
227.762746033286,-1.437525663776068,20.17436159530735,-2.7784469974216366,-2.7803124086439093,999.000022072521
227.7548534743667,-1.4437282407754823,20.17219582053469,-2.778522785016645,-2.780878207805463,999.0000220720581
227.7469581334584,-1.449926649841057,20.1700287795828,-2.778598193119453,-2.781444370394813,999.0000220715946
227.73906027914103,-1.4561212967685782,20.16786047245169,-2.7786732214679644,-2.7820108966993318,999.000022071131
227.73116018061475,-1.4623125882937376,20.165690899141346,-2.7787478697934485,-2.7825777870128827,999.0000220706667
227.7232581075769,-1.46850093190633,20.16352005965177,-2.7788221378206717,-2.783145041635676,999.0000220702015
227.71535433009808,-1.474686735663399,20.161347953982972,-2.778896025268038,-2.7837126608741167,999.0000220697364
227.70744911849795,-1.4808704080013857,20.15917458213495,-2.7789695318477365,-2.7842806450406603,999.0000220692704
227.6995427432201,-1.4870523575474297,20.1569999441077,-2.7790426572659013,-2.7848489944536468,999.0000220688047
227.69163547470654,-1.4932329929298365,20.154824039901236,-2.779115401222757,-2.7854177094371493,999.0000220683381
227.68372758327183,-1.4994127225878595,20.152646869515543,-2.7791877634127715,-2.785986790320808,999.0000220678712
227.67581933897648,-1.5055919545808538,20.150468432950635,-2.7792597435248307,-2.7865562374396635,999.000022067404
227.66791101150037,-1.5117710963968851,20.148288730206513,-2.7793313412423806,-2.787126051133983,999.0000220669373
227.66000287001563,-1.5179505547609267,20.14610776128317,-2.7794025562436286,-2.7876962317490954,999.0000220664697
227.6520951830595,-1.5241307354426747,20.143925526180617,-2.779473388201694,-2.788266779635205,999.0000220660019
227.6441882184067,-1.5303120430641337,20.141742024898853,-2.7795438367847787,-2.788837695147217,999.0000220655345
227.6362822429421,-1.5364948809070382,20.139557257437882,-2.77961390165637,-2.789408978644551,999.0000220650669
227.62837752253301,-1.5426796507201914,20.137371223797697,-2.779683582475392,-2.7899806304909545,999.0000220645993
227.62047432190175,-1.5488667525268611,20.1351839239783,-2.7797528788964248,-2.790552651054316,999.0000220641315
227.61257290449814,-1.5550565844322715,20.132995357979702,-2.779821790569869,-2.7911250407064627,999.000022063664
227.6046735323721,-1.561249542431347,20.130805525801907,-2.7798903171421476,-2.7916977998229773,999.0000220631961
227.59677646604675,-1.5674460202167744,20.128614427444894,-2.7799584582558987,-2.792270928782993,999.0000220627287
227.58888196439145,-1.5736464089874633,20.126422062908688,-2.7800262135501805,-2.792844427968985,999.0000220622612
227.58099028449539,-1.5798510972575677,20.12422843219328,-2.7800935826606588,-2.7934182977665802,999.000022061794
227.5731016815416,-1.5860604706660932,20.122033535298673,-2.7801605652198353,-2.7939925385643374,999.0000220613273
227.56521640868132,-1.5922749117872537,20.119837372224872,-2.7802271608572178,-2.7945671507535415,999.0000220608605
227.55733471690908,-1.5984947999416477,20.117639942971874,-2.7802933691995815,-2.7951421347279957,999.0000220603944
227.54945685493814,-1.604720511008345,20.11544124753968,-2.780359189871131,-2.7957174908838,999.0000220599283
227.541583069077,-1.6109524172380392,20.113241285928297,-2.7804246224937432,-2.796293219619137,999.0000220594626
227.53371360310635,-1.617190887067293,20.111040058137714,-2.7804896666871812,-2.7968693213340514,999.0000220589975
227.5258486981569,-1.6234362849340511,20.10883756416795,-2.7805543220693107,-2.797445796430227,999.0000220585327
227.51798859258818,-1.6296889710944857,20.106633804018994,-2.7806185882563343,-2.7980226453107706,999.0000220580681
227.51013352186837,-1.635949301441275,20.104428777690853,-2.7806824648629958,-2.7985998683799718,999.0000220576045
227.50228371845486,-1.6422176273234552,20.10222248518352,-2.780745951502822,-2.799177466043089,999.0000220571412
227.49443941167624,-1.6484942953678976,20.100014926497007,-2.780809047788354,-2.7997554387061103,999.0000220566785
227.48660082761526,-1.6547796473025664,20.09780610163131,-2.7808717533313665,-2.8003337867755254,999.0000220562163
227.47876818899326,-1.6610740197816407,20.09559601058643,-2.7809340677431287,-2.800912510658094,999.0000220557545
227.47094171505535,-1.6673777442125803,20.09338465336237,-2.780995990634589,-2.801491610760604,999.0000220552937
227.4631216214577,-1.673691146585301,20.091172029959132,-2.781057521616666,-2.8020710874896455,999.0000220548338
227.45530812015593,-1.6800145473034915,20.088958140376715,-2.7811186603004656,-2.8026509412513643,999.0000220543743
227.44750141929472,-1.6863482610182354,20.086742984615125,-2.781179406297504,-2.8032311724512247,999.0000220539156
227.43970172309955,-1.6926925964640251,20.084526562674352,-2.781239759219984,-2.8038117814937733,999.0000220534574
227.43190923176974,-1.6990478562972355,20.082308874554403,-2.781299718681003,-2.804392768782389,999.0000220530006
227.42412414137328,-1.7054143369372305,20.08008992025529,-2.7813592842948256,-2.804974134719049,999.0000220525443
227.41634664374365,-1.7117923284101428,20.077869699776997,-2.7814184556771235,-2.8055558797040825,999.0000220520888
227.408576926378,-1.7181821141954565,20.07564821311953,-2.7814772324452033,-2.8061380041359243,999.0000220516339
227.40081517233793,-1.7245839710755173,20.073425460282895,-2.7815356142182814,-2.806720508410872,999.0000220511798
227.39306156015164,-1.7309981689880078,20.071201441267092,-2.781593600617715,-2.807303392922839,999.000022050727
227.38531626371858,-1.7374249708815757,20.06897615607212,-2.7816511912672532,-2.8078866580631114,999.0000220502752
227.37757945221597,-1.7438646325746303,20.066749604697982,-2.7817083857932916,-2.8084703042200996,999.000022049824
