galstreams/tracks/track.st.M2.grillmair2022.ecsv
# %ECSV 0.9
# ---
# datatype:
# - {name: ra, unit: deg, datatype: float64}
# - {name: dec, unit: deg, datatype: float64}
# - {name: distance, unit: kpc, datatype: float64}
# - {name: pm_ra_cosdec, unit: mas / yr, datatype: float64}
# - {name: pm_dec, unit: mas / yr, datatype: float64}
# - {name: radial_velocity, unit: km / s, datatype: float64}
# delimiter: ','
# meta: !!omap
# - __serialized_columns__:
#     dec:
#       __class__: astropy.coordinates.angles.Latitude
#       unit: &id001 !astropy.units.Unit {unit: deg}
#       value: !astropy.table.SerializedColumn {name: dec}
#     distance:
#       __class__: astropy.coordinates.distances.Distance
#       unit: !astropy.units.Unit {unit: kpc}
#       value: !astropy.table.SerializedColumn {name: distance}
#     pm_dec:
#       __class__: astropy.units.quantity.Quantity
#       unit: !astropy.units.Unit {unit: mas / yr}
#       value: !astropy.table.SerializedColumn {name: pm_dec}
#     pm_ra_cosdec:
#       __class__: astropy.units.quantity.Quantity
#       unit: !astropy.units.Unit {unit: mas / yr}
#       value: !astropy.table.SerializedColumn {name: pm_ra_cosdec}
#     ra:
#       __class__: astropy.coordinates.angles.Longitude
#       unit: *id001
#       value: !astropy.table.SerializedColumn {name: ra}
#       wrap_angle: !astropy.coordinates.Angle
#         unit: *id001
#         value: 360.0
#     radial_velocity:
#       __class__: astropy.units.quantity.Quantity
#       unit: !astropy.units.Unit {unit: km / s}
#       value: !astropy.table.SerializedColumn {name: radial_velocity}
# schema: astropy-2.0
ra,dec,distance,pm_ra_cosdec,pm_dec,radial_velocity
[from data line 4383]
322.62626295240517,-0.6168262332016713,11.693,3.612098173527402,-2.071729953688832,-2.368340755276595e-15
322.63549371779067,-0.6130262765806423,11.693000000000001,3.6111927412855023,-2.0716202052303276,6.71029880661702e-14
322.64472474985314,-0.6092271065944608,11.693000000000001,3.6102872330721087,-2.0715104548904506,-7.97341387609787e-14
322.6539560504006,-0.6054287282599847,11.693000000000001,3.6093816483959738,-2.071400703637435,-8.97337997277021e-14
322.6631876212438,-0.6016311466023951,11.693000000000001,3.6084759867651948,-2.0712909524411627,-4.920885791519147e-14
322.6724194641966,-0.597834366655182,11.693000000000003,3.6075702476872125,-2.071181202273146,-3.97354948940851e-14
322.68165158107564,-0.5940383934601512,11.693000000000001,3.606664430668814,-2.071071454106539,2.6314897280851058e-15
322.6908839737005,-0.5902432320674413,11.693000000000001,3.605758535216128,-2.0709617089161347,-1.0920682371553189e-14
322.70011664389386,-0.5864488875355063,11.693,3.604852560834628,-2.070851967678366,-1.159171225221489e-13
322.70934959348114,-0.5826553649311441,11.693,3.603946507029126,-2.0707422313713075,-1.1052256857957444e-14
322.71858282429076,-0.578862669329489,11.693000000000001,3.60304037330378,-2.070632500974675,-1.2368001721999996e-14
322.727816338154,-0.5750708058140211,11.693000000000001,3.60213415916209,-2.0705227774698307,-9.933873723521274e-14
322.7370501369053,-0.5712797794765667,11.693000000000003,3.601227864106896,-2.070413061839777,-1.294692946217872e-13
322.7462842223818,-0.567489595417305,11.693000000000001,3.600321487640379,-2.070303355069162,2.986740841376595e-14
322.75551859642366,-0.5637002587447769,11.693000000000003,3.5994150292640597,-2.070193658144283,-7.59184786552553e-14
322.76475326087404,-0.5599117745758854,11.693000000000001,3.598508488478802,-2.07008397205308,-1.2499576208404253e-13
322.77398821757896,-0.5561241480359062,11.693000000000001,3.597601864784804,-2.0699742977851416,-9.749669442555316e-14
322.7832234683874,-0.5523373842584888,11.693000000000001,3.596695157681609,-2.0698646363317064,-1.318376353770638e-13
322.7924590151513,-0.5485514883856525,11.693000000000001,3.5957883666680948,-2.0697549886856614,-2.4736003443999992e-14
322.8016948597255,-0.5447664655678124,11.693000000000001,3.5948814912424814,-2.0696453558415446,-1.1025941960676593e-13
322.81093100396794,-0.5409823209637674,11.693000000000001,3.593974530902322,-2.069535738795543,-8.59181396219787e-14
322.8201674497393,-0.537199059740713,11.693000000000001,3.593067485144512,-2.0694261385454995,-3.1577876737021266e-15
322.8294041989033,-0.5334166870742376,11.693,3.5921603534652817,-2.069316556090909,-9.21021404829787e-16
322.8386412533266,-0.5296352081483423,11.693000000000001,3.5912531353601955,-2.069206992432917,-1.2381159170640422e-13
322.84787861487894,-0.5258546281554328,11.693000000000003,3.590345830324159,-2.0690974485743285,-5.907694439551062e-14
322.8571162854329,-0.5220749522963269,11.693000000000001,3.5894384378514124,-2.068987925519603,2.4209705498382972e-14
322.8663542668638,-0.5182961857802711,11.693000000000001,3.5885309574355295,-2.0688784242748546,-9.644409853431912e-14
322.8755925610504,-0.5145183338249212,11.693,3.5876233885694204,-2.0687689458478555,-5.2892943534510626e-14
322.884831169874,-0.5107414016563765,11.693000000000001,3.5867157307453272,-2.068659491248039,-7.236596752234041e-14
322.8940700952191,-0.5069653945091629,11.693000000000001,3.5858079834548295,-2.068550061486497,-1.1499610111731912e-13
322.90330933897303,-0.5031903176262464,11.693000000000001,3.584900146188841,-2.0684406575759784,7.999728773378721e-14
322.9125489030261,-0.4994161762590436,11.693000000000001,3.5839922184376056,-2.068331280530898,8.0918309138617e-14
322.92178878927166,-0.4956429756674096,11.693,3.583084199690702,-2.0682219313673316,2.5920173821638292e-14
322.9310289996059,-0.4918707211196632,11.693000000000001,3.5821760894370405,-2.068112611103013,4.170911219014893e-14
322.94026953592817,-0.4880994178925772,11.693000000000001,3.581267887164863,-2.0680033207573465,-8.644443756759572e-14
322.94951040014064,-0.48432907127139285,11.693000000000001,3.580359592361747,-2.0678940613514,-1.3157448640425529e-15
322.95875159414845,-0.48055968654982034,11.693000000000003,3.5794512045145943,-2.067784833907903,2.1051917824680846e-14
322.9679931198597,-0.47679126903004015,11.693000000000001,3.5785427231096434,-2.067675639451256,-8.97337997277021e-14
322.97723497918565,-0.4730238240227181,11.693000000000003,3.577634147632459,-2.067566479007524,-5.855064644989361e-14
322.98647717404026,-0.4692573568469994,11.693000000000001,3.5767254775679405,-2.067457353604444,7.4734308277617e-14
322.9957197063406,-0.46549187283052296,11.693000000000001,3.5758167124003113,-2.0673482642714194,-5.776119953146807e-14
323.0049625780067,-0.46172737730942354,11.693000000000001,3.5749078516131263,-2.067239212039523,-1.1104886652519146e-13
323.01420579096174,-0.45796387562832835,11.693,3.5739988946892693,-2.0671301979415038,-2.6314897280851057e-16
323.02344934713153,-0.45420137314037656,11.693000000000001,3.573089841110952,-2.0670212230117757,-3.960392040768084e-14
323.0326932484451,-0.45043987520721296,11.693000000000001,3.5721806903597138,-2.0669122882864315,-5.105090072485105e-14
323.0419374968345,-0.44667938719900374,11.693000000000001,3.5712714419164224,-2.066803394803235,1.842042809659574e-15
323.05118209423455,-0.44291991449442264,11.693,3.5703620952612694,-2.066694543601625,-1.5525789395702124e-13
323.0604270425833,-0.4391614624806797,11.692999999999998,3.569452649873776,-2.066585735722716,4.8682559969574454e-15
323.06967234382154,-0.43540403655350923,11.693000000000001,3.5685431052327883,-2.0664769722093,-2.2499237175127655e-14
323.0789179998933,-0.43164764211718354,11.693000000000001,3.567633460816477,-2.0663682541058446,-1.9604598474234038e-14
323.0881640127454,-0.4278922845845153,11.693000000000003,3.5667237161023406,-2.0662595824584966,6.026111477314892e-14
323.0974103843277,-0.42413796937685466,11.693000000000003,3.565813870567199,-2.066150958315084,-3.6182983761170205e-14
323.1066571165931,-0.4203847019241103,11.692999999999998,3.5649039236872007,-2.066042382725111,-7.236596752234041e-14
323.11590421149754,-0.41663248766474326,11.693000000000001,3.5639938749378106,-2.0659338567397656,-9.21021404829787e-15
323.12515167099986,-0.41288133204577404,11.693000000000001,3.5630837237938264,-2.0658253814119147,-5.302451802091488e-14
323.13439949706185,-0.4091312405227916,11.693000000000001,3.5621734697293643,-2.065716957796114,1.8815151555808505e-14
323.1436476916484,-0.40538221855994716,11.693000000000001,3.56126311221786,-2.0656085869485974,9.999660966723401e-15
323.1528962567274,-0.4016342716299759,11.693000000000001,3.560352650732076,-2.0655002699272846,3.4998813383531905e-14
323.16214519426967,-0.39788740521418825,11.693,3.5594420847440977,-2.065392007791781,-4.276170808138297e-14
323.1713945062491,-0.39414162480248194,11.693000000000001,3.5585314137253237,-2.0652838016033797,1.394689555885106e-14
323.1806441946425,-0.39039693589334645,11.693000000000001,3.557620637146483,-2.065175652425058,-5.776119953146807e-14
323.1898942614298,-0.38665334399385887,11.693000000000001,3.556709754477621,-2.0650675613214866,-1.0433856771857445e-13
323.1991447085939,-0.38291085461970753,11.693000000000001,3.5557987651881007,-2.0649595293590184,8.947065075489359e-15
323.2083955381206,-0.3791694732951778,11.693000000000001,3.5548876687466078,-2.064851557605701,5.0656177265638285e-14
323.2176467519988,-0.37542920555317627,11.693,3.55397646462115,-2.0647436471312726,-1.1683814392697868e-13
323.2268983522205,-0.37169005693520685,11.693000000000003,3.5530651522790433,-2.0646357990071595,1.8025704637382973e-14
323.23615034078045,-0.36795203299141166,11.693000000000003,3.5521537311869347,-2.0645280143064864,4.315643154059573e-14
323.24540271967663,-0.3642151392805484,11.693000000000003,3.551242200810779,-2.064420294104065,7.039235022627658e-14
323.25465549091,-0.3604793813700121,11.693000000000001,3.5503305606158566,-2.064312639476409,-4.828783651036169e-14
323.2639086564846,-0.3567447648358302,11.693000000000001,3.5494188100667596,-2.06420505150172,3.1577876737021266e-15
323.27316221840726,-0.3530112952626661,11.693,3.5485069486273977,-2.0640975312598995,1.6052087341319144e-14
323.282416178688,-0.3492789782438366,11.692999999999998,3.5475949757609957,-2.063990079832544,-7.328698892717019e-14
323.2916705393398,-0.3455478193813071,11.693000000000001,3.546682890930094,-2.063882698302951,-9.381260880623401e-14
323.30092530237886,-0.3418178242856961,11.693000000000001,3.545770693596553,-2.063775387756115,7.631320211446807e-14
323.310180469824,-0.3380889985762907,11.693000000000001,3.5448583832215457,-2.0636681492787305,-1.3157448640425528e-16
323.3194360436974,-0.3343613478810301,11.692999999999998,3.5439459592655553,-2.0635609839591935,-5.986639131393616e-14
323.3286920260242,-0.3306348778365366,11.693000000000001,3.5430334211883814,-2.0634538928875985,1.0657533398744677e-14
323.3379484188325,-0.3269095940881053,11.693000000000001,3.5421207684491396,-2.0633468771557464,6.723456255257445e-14
323.3472052241534,-0.3231855022897122,11.693000000000001,3.541208000506258,-2.063239937857138,2.3025535120744675e-14
323.3564624440211,-0.3194626081040203,11.693000000000005,3.540295116817473,-2.0631330760869804,6.131371066438297e-14
323.36572008047284,-0.31574091720237785,11.693000000000001,3.53938211683984,-2.0630262929421863,-1.1578554803574466e-14
323.3749781355489,-0.31202043526483736,11.693000000000001,3.538469000029719,-2.062919589521371,2.7367493172085098e-14
323.3842366112924,-0.3083011679801478,11.693000000000001,3.5375557658427867,-2.0628129669248607,2.394655652557446e-14
323.3934955097498,-0.304583121045772,11.693000000000001,3.5366424137340298,-2.0627064262546857,-4.7629964078340415e-14
323.40275483297046,-0.30086630016786803,11.693000000000001,3.5357289431577423,-2.0625999686145886,-4.157753770374467e-14
323.41201458300674,-0.2971507110613287,11.693000000000001,3.534815353567533,-2.0624935951100176,4.9735155860808497e-14
323.421274761914,-0.29343635944975627,11.693000000000001,3.533901644416317,-2.0623873068481355,4.335379327020212e-14
323.4305353717507,-0.2897232510654838,11.693000000000001,3.532987815156318,-2.0622811049378122,1.0065448209925529e-14
323.43979641457844,-0.28601139164958034,11.693000000000001,3.5320738652390737,-2.062174990489631,3.0788429818595735e-14
323.44905789246167,-0.282300786951842,11.693000000000001,3.531159794115424,-2.0620689646158916,9.604937507510635e-15
323.458319807468,-0.2785914427308107,11.693,3.5302456012355172,-2.061963028430603,-1.0657533398744678e-13
323.46758216166813,-0.2748833647537789,11.693000000000001,3.529331286048815,-2.0618571830494923,-9.920716274880849e-14
323.4768449571357,-0.2711765587967867,11.693000000000001,3.5284168480040794,-2.061751429589998,-2.5854386578436163e-14
323.48610819594745,-0.2674710306446352,11.693000000000001,3.5275022865493826,-2.0616457691712817,-1.0743056814907444e-13
323.4953718801832,-0.2637667860908783,11.693000000000001,3.5265876011321025,-2.0615402029142165,-8.026043670659572e-15
323.5046360119257,-0.26006383093784735,11.693000000000003,3.525672791198919,-2.0614347319413957,-2.9406897711351056e-14
323.51390059326087,-0.25636217099663994,11.693000000000001,3.524757856195826,-2.0613293573771347,-2.4078131011978716e-14
323.5231656262776,-0.2526618120871324,11.693,3.523842795568114,-2.0612240803474657,-6.026111477314892e-14
323.532431113068,-0.2489627600379857,11.693000000000001,3.522927608760379,-2.0611189019801412,9.012852318691487e-15
323.54169705572696,-0.24526502068664058,11.693000000000005,3.5220122952165234,-2.0610138234046387,-1.0177286523369146e-13
323.55096345635275,-0.24156859987933582,11.693,3.521096854379756,-2.060908845752158,-6.453728558128721e-14
323.56023031704643,-0.2378735034711074,11.693,3.5201812856925794,-2.0608039701556176,-5.118247521125531e-14
323.56949763991224,-0.23417973732579397,11.693000000000001,3.519265588596807,-2.060699197749667,2.0459832635861696e-14
323.5787654270574,-0.23048730731604022,11.693000000000001,3.5183497625335534,-2.060594529670679,-1.3552172099638295e-14
323.5880336805924,-0.22679621932329935,11.693000000000001,3.517433806943232,-2.060489967056751,5.04588155360319e-14
323.59730240263053,-0.22310647923784754,11.693000000000001,3.516517721265558,-2.060385511047708,4.078809078531914e-15
323.6065715952883,-0.2194180929587851,11.693000000000001,3.515601504939549,-2.0602811627851034,-2.848587630652127e-14
323.6158412606853,-0.21573106639403644,11.693000000000001,3.514685157403524,-2.060176923412222,-9.394418329263828e-14
323.6251114009441,-0.21204540546035527,11.693000000000003,3.513768678095099,-2.060072794074074,4.73668151055319e-15
323.6343820181903,-0.20836111608333968,11.693000000000001,3.5128520664511935,-2.0599687759174037,-6.795822222779785e-14
323.6436531145528,-0.20467820419742766,11.693000000000001,3.5119353219080196,-2.059864870090684,-7.82868194105319e-15
323.65292469216337,-0.20099667574590446,11.693000000000001,3.5110184439010963,-2.0597610777441235,1.6315236314127656e-14
323.6621967531568,-0.19731653668091279,11.693000000000003,3.5101014318652353,-2.059657400029662,-1.0953575993154252e-13
323.67146929967123,-0.19363779296344524,11.693000000000001,3.5091842852345474,-2.0595538381009737,-1.9341449501425526e-14
323.6807423338476,-0.1899604505633638,11.693000000000003,3.5082670034424406,-2.0594503931134667,-2.2630811661531907e-14
323.6900158578301,-0.18628451545939567,11.693000000000001,3.5073495859216233,-2.059347066224288,-1.4210044531659571e-14
323.6992898737658,-0.18260999363914515,11.693000000000001,3.5064320321040934,-2.0592438585923203,-5.466919910096807e-14
323.708564383805,-0.17893689109909305,11.693000000000003,3.505514341421152,-2.0591407713781806,-6.670826460695743e-14
323.7178393901013,-0.17526521384459445,11.692999999999998,3.504596513303394,-2.059037805744231,-1.9999321933446802e-14
323.7271148948108,-0.17159496788990827,11.693000000000003,3.5036785471807024,-2.0589349628545657,-1.40192615263734e-13
323.73639090009334,-0.16792615925817697,11.693000000000001,3.5027604424822663,-2.0588322438750257,-5.2761369048106366e-14
323.74566740811133,-0.16425879398144486,11.693000000000001,3.5018421986365613,-2.0587296499731877,-1.0743056814907444e-13
323.75494442103053,-0.16059287810066095,11.693000000000001,3.5009238150713604,-2.058627182318375,1.2894299667617018e-14
323.7642219410197,-0.15692841766567706,11.693000000000001,3.5000052912137285,-2.0585248420816504,-7.368171238638296e-14
323.7734999702508,-0.1532654187352633,11.693000000000001,3.4990866264900227,-2.0584226304358215,-3.039370635938297e-14
323.78277851089865,-0.14960388737710942,11.693000000000003,3.4981678203258957,-2.0583205485554426,-7.611584038486168e-14
323.7920575651414,-0.14594382966782984,11.693000000000001,3.4972488721462893,-2.0582185976168113,-7.795788319452126e-14
323.8013371351603,-0.1422852516929608,11.693,3.4963297813754384,-2.0581167787979724,-7.335277617037232e-15
323.81061722313933,-0.1386281595469792,11.693,3.4954105474368666,-2.058015093278716,-6.624775390454254e-14
323.8198978312661,-0.13497255933330032,11.693000000000001,3.4944911697533927,-2.057913542240584,-2.983451479216489e-14
323.82917896173086,-0.13131845716428184,11.693000000000001,3.4935716477471237,-2.0578121268668648,-7.601715952005848e-14
323.8384606167272,-0.1276658591612345,11.693000000000001,3.492651980839459,-2.0577108483425963,-6.249788104202126e-16
323.8477427984518,-0.12401477145441327,11.693000000000001,3.491732168451078,-2.0576097078545685,2.907796149534042e-14
323.85702550910435,-0.12036520018304443,11.693000000000001,3.49081221000196,-2.0575087065913245,-7.874733011294679e-14
323.86630875088764,-0.11671715149531207,11.693,3.4898921049113714,-2.0574078457431564,-1.0923971733713295e-13
323.8755925260077,-0.11307063154837307,11.693000000000001,3.4889718525978597,-2.0573071265021103,4.032758008290424e-14
