galstreams/tracks/track.st.AAU-ATLAS.ibata2024.ecsv
# %ECSV 1.0
# ---
# datatype:
# - {name: ra, unit: deg, datatype: float64}
# - {name: dec, unit: deg, datatype: float64}
# - {name: distance, unit: kpc, datatype: float64}
# - {name: pm_ra_cosdec, unit: mas / yr, datatype: float64}
# - {name: pm_dec, unit: mas / yr, datatype: float64}
# - {name: radial_velocity, unit: km / s, datatype: float64}
# delimiter: ','
# meta: !!omap
# - __serialized_columns__:
#     dec:
#       __class__: astropy.coordinates.angles.Latitude
#       unit: &id001 !astropy.units.Unit {unit: deg}
#       value: !astropy.table.SerializedColumn {name: dec}
#     distance:
#       __class__: astropy.coordinates.distances.Distance
#       unit: !astropy.units.Unit {unit: kpc}
#       value: !astropy.table.SerializedColumn {name: distance}
#     pm_dec:
#       __class__: astropy.units.quantity.Quantity
#       unit: !astropy.units.Unit {unit: mas / yr}
#       value: !astropy.table.SerializedColumn {name: pm_dec}
#     pm_ra_cosdec:
#       __class__: astropy.units.quantity.Quantity
#       unit: !astropy.units.Unit {unit: mas / yr}
#       value: !astropy.table.SerializedColumn {name: pm_ra_cosdec}
#     ra:
#       __class__: astropy.coordinates.angles.Longitude
#       unit: *id001
#       value: !astropy.table.SerializedColumn {name: ra}
#       wrap_angle: !astropy.coordinates.Angle
#         unit: *id001
#         value: 360.0
#     radial_velocity:
#       __class__: astropy.units.quantity.Quantity
#       unit: !astropy.units.Unit {unit: km / s}
#       value: !astropy.table.SerializedColumn {name: radial_velocity}
# schema: astropy-2.0
ra,dec,distance,pm_ra_cosdec,pm_dec,radial_velocity
[from data line 414]
6.075270392672194,-18.300757484950786,1.0000000000000016,-0.799397184103888,-1.0133442518071352,-159.3215629886179
6.084098253528531,-18.306319008279306,1.0000000000000013,-0.7988068595192392,-1.0135609998777078,-159.29485391022615
6.092926207542738,-18.31188067916885,1.0000000000000013,-0.7982166947429565,-1.0137774052269624,-159.2681379563579
6.101754254978371,-18.317442497456252,1.0000000000000013,-0.7976266897951461,-1.0139934679914386,-159.24141512525134
6.110582396099012,-18.323004462978364,1.0000000000000013,-0.7970368446959419,-1.014209188307671,-159.2146854151447
6.119410631168145,-18.328566575571923,1.0000000000000016,-0.7964471594654636,-1.0144245663122113,-159.187948824276
6.128238960449471,-18.33412883507386,1.0000000000000013,-0.795857634123859,-1.0146396021416475,-159.1612053508834
6.137067384206515,-18.339691241320928,1.0000000000000013,-0.7952682686912707,-1.0148542959325848,-159.13445499320514
6.145895902703043,-18.345253794150064,1.0000000000000013,-0.7946790631878606,-1.0150686478216464,-159.10769774947926
6.154724516202674,-18.35081649339807,1.0000000000000013,-0.794090017633788,-1.0152826579454644,-159.080933617944
6.163553224969213,-18.356379338901892,1.0000000000000013,-0.7935011320492293,-1.0154963264407275,-159.0541625968374
6.172382029266332,-18.361942330498344,1.0000000000000016,-0.7929124064543598,-1.0157096534441195,-159.02738468439765
6.1812109293579205,-18.36750546802441,1.0000000000000013,-0.7923238408693694,-1.0159226390923468,-159.00059987886291
6.190039925507706,-18.37306875131692,1.0000000000000013,-0.7917354353144548,-1.0161352835221376,-158.9738081784713
6.198869017979639,-18.37863218021288,1.0000000000000013,-0.7911471898098221,-1.0163475868702463,-158.94700958146086
6.207698207037509,-18.38419575454914,1.0000000000000013,-0.7905591043756846,-1.0165595492734507,-158.92020408606993
6.216527492945284,-18.389759474162695,1.0000000000000016,-0.7899711790322632,-1.0167711708685516,-158.89339169053667
6.2253568759669555,-18.395323338890524,1.0000000000000013,-0.7893834137997828,-1.0169824517923551,-158.86657239309895
6.234186356366424,-18.400887348569533,1.0000000000000016,-0.7887958086984761,-1.0171933921817011,-158.83974619199518
6.24301593440778,-18.406451503036763,1.0000000000000013,-0.7882083637485984,-1.0174039921734597,-158.81291308546335
6.251845610354985,-18.412015802129144,1.0000000000000013,-0.7876210789703988,-1.0176142519044955,-158.78607307174175
6.260675384472204,-18.417580245683727,1.0000000000000013,-0.7870339543841247,-1.0178241715117267,-158.75922614906835
6.269505257023451,-18.423144833537464,1.0000000000000016,-0.7864469900100559,-1.0180337511320712,-158.73237231568143
6.27833522827296,-18.428709565527452,1.0000000000000016,-0.7858601858684633,-1.018242990902479,-158.705511569819
6.2871652984848065,-18.434274441490636,1.0000000000000016,-0.7852735419796306,-1.0184518909599092,-158.6786439097193
6.295995467923238,-18.439839461264107,1.0000000000000013,-0.7846870583638514,-1.0186604514413489,-158.6517693336205
6.304825736852539,-18.445404624684947,1.0000000000000013,-0.7841007350414184,-1.0188686724838156,-158.62488783976067
6.313656105536879,-18.45096993159016,1.0000000000000013,-0.7835145720326406,-1.0190765542243376,-158.597999426378
6.322486574240647,-18.456535381816877,1.0000000000000013,-0.7829285693578298,-1.0192840967999715,-158.57110409171057
6.331317143228077,-18.462100975202116,1.0000000000000016,-0.7823427270373084,-1.0194913003477808,-158.54420183399665
6.340147812763621,-18.467666711583043,1.0000000000000013,-0.7817570450914042,-1.0196981650048613,-158.51729265147418
6.348978583111582,-18.473232590796698,1.0000000000000013,-0.7811715235404568,-1.0199046909083371,-158.49037654238154
6.3578094545364685,-18.478798612680265,1.0000000000000016,-0.7805861624048038,-1.0201108781953447,-158.4634535049567
6.3666404273026505,-18.4843647770708,1.0000000000000013,-0.7800009617047978,-1.0203167270030349,-158.43652353743786
6.375471501674703,-18.489931083805512,1.0000000000000013,-0.7794159214607976,-1.0205222374685974,-158.40958663806313
6.384302677917048,-18.495497532721487,1.0000000000000013,-0.7788310416931683,-1.020727409729231,-158.3826428050708
6.393133956294329,-18.501064123655944,1.0000000000000016,-0.7782463224222878,-1.0209322439221626,-158.3556920366988
6.401965337071035,-18.506630856445977,1.0000000000000016,-0.7776617636685281,-1.0211367401846232,-158.32873433118544
6.410796820511818,-18.512197730928808,1.0000000000000013,-0.7770773654522838,-1.0213408986538912,-158.30176968676872
6.419628406881376,-18.517764746941662,1.0000000000000016,-0.7764931277939491,-1.021544719467249,-158.27479810168694
6.428460096444288,-18.523331904321665,1.0000000000000013,-0.775909050713917,-1.0217482027620122,-158.2478195741781
6.43729188946536,-18.528899202906114,1.0000000000000016,-0.7753251342326068,-1.021951348675504,-158.22083410248044
6.44612378620922,-18.53446664253213,1.0000000000000013,-0.7747413783704356,-1.0221541573450708,-158.19384168483208
6.454955786940747,-18.540034223037036,1.0000000000000013,-0.7741577831478188,-1.0223566289080939,-158.1668423194711
6.4637878919246425,-18.545601944257992,1.0000000000000013,-0.7735743485851962,-1.0225587635019586,-158.13983600463575
6.472620101425839,-18.551169806032334,1.0000000000000013,-0.7729910747029978,-1.0227605612640875,-158.11282273856415
6.4814524157090965,-18.55673780819723,1.0000000000000016,-0.7724079615216697,-1.0229620223319174,-158.08580251949425
6.490284835039415,-18.56230595059005,1.0000000000000013,-0.7718250090616667,-1.023163146842906,-158.05877534566454
6.499117359681623,-18.567874233047984,1.0000000000000013,-0.7712422173434468,-1.023363934934526,-158.03174121531288
6.507949989900779,-18.5734426554084,1.0000000000000016,-0.7706595863874779,-1.0235643867442779,-158.0047001266776
6.516782725961772,-18.579011217508533,1.0000000000000013,-0.7700771162142259,-1.0237645024096942,-157.9776520779967
6.525615568129676,-18.584579919185725,1.0000000000000013,-0.7694948068441776,-1.023964282068306,-157.95059706750834
6.534448516669589,-18.590148760277348,1.0000000000000013,-0.7689126582978187,-1.0241637258576812,-157.92353509345074
6.54328157184651,-18.595717740620643,1.0000000000000016,-0.7683306705956352,-1.0243628339154096,-157.89646615406198
6.55211473392564,-18.60128686005303,1.0000000000000013,-0.7677488437581337,-1.024561606379093,-157.86939024758027
6.560948003172037,-18.606856118411795,1.0000000000000013,-0.7671671778058191,-1.0247600433863653,-157.8423073722437
6.569781379850979,-18.612425515534373,1.000000000000001,-0.7665856727592062,-1.024958145074871,-157.81521752629035
6.578614864227587,-18.617995051258056,1.0000000000000013,-0.766004328638815,-1.0251559115822797,-157.78812070795857
6.587448456567188,-18.623564725420305,1.000000000000001,-0.7654231454651708,-1.0253533430462909,-157.76101691548632
6.596282157134964,-18.62913453785843,1.0000000000000013,-0.7648421232588078,-1.0255504396046113,-157.73390614711178
6.605115966196283,-18.634704488409884,1.000000000000001,-0.7642612620402702,-1.0257472013949833,-157.70678840107314
6.6139498840165185,-18.640274576912113,1.000000000000001,-0.7636805618300979,-1.0259436285551562,-157.6796636756085
6.622783910860942,-18.645844803202444,1.000000000000001,-0.7631000226488482,-1.0261397212228989,-157.65253196895597
6.631618046995059,-18.651415167118405,1.0000000000000013,-0.7625196445170812,-1.0263354795360318,-157.62539327935377
6.640452292684206,-18.656985668497352,1.0000000000000013,-0.7619394274553639,-1.0265309036323558,-157.59824760503997
6.649286648193938,-18.662556307176814,1.000000000000001,-0.7613593714842692,-1.026725993649725,-157.57109494425288
6.65812111378966,-18.668127082994175,1.0000000000000013,-0.7607794766243741,-1.0269207497259902,-157.54393529523045
6.666955689736994,-18.673697995786977,1.000000000000001,-0.7601997428962655,-1.0271151719990463,-157.51676865621084
6.675790376301409,-18.67926904539263,1.000000000000001,-0.7596201703205345,-1.0273092606067902,-157.4895950254323
6.6846251737485805,-18.6848402316487,1.000000000000001,-0.7590407589177826,-1.027503015687154,-157.46241440113286
6.693460082344047,-18.690411554392607,1.000000000000001,-0.7584615087086122,-1.0276964373780846,-157.4352267815508
6.702295102353553,-18.695983013461927,1.000000000000001,-0.7578824197136349,-1.027889525817546,-157.40803216492412
6.711130234042689,-18.701554608694114,1.000000000000001,-0.7573034919534711,-1.0280822811435293,-157.38083054949104
6.719965477677221,-18.707126339926734,1.000000000000001,-0.756724725448739,-1.0282747034940538,-157.3536219334898
6.72880083352295,-18.71269820699735,1.000000000000001,-0.7561461202200737,-1.028466793007139,-157.32640631515827
6.737636301845553,-18.71827020974345,1.000000000000001,-0.7555676762881061,-1.028658549820852,-157.29918369273483
6.746471882910948,-18.723842348002652,1.000000000000001,-0.754989393673482,-1.0288499740732604,-157.27195406445756
6.7553075769848725,-18.72941462161245,1.0000000000000013,-0.7544112723968497,-1.0290410659024634,-157.24471742856457
6.764143384333305,-18.73498703041049,1.000000000000001,-0.7538333124788621,-1.0292318254465762,-157.21747378329408
6.7729793052220595,-18.74055957423429,1.000000000000001,-0.7532555139401786,-1.0294222528437391,-157.1902231268841
6.781815339917171,-18.746132252921516,1.000000000000001,-0.7526778768014708,-1.0296123482321118,-157.16296545757297
6.790651488684501,-18.751705066309697,1.000000000000001,-0.7521004010834034,-1.0298021117498788,-157.13570077359861
6.799487751790163,-18.75727801423651,1.000000000000001,-0.7515230868066607,-1.0299915435352371,-157.10842907319926
6.808324129500088,-18.762851096539517,1.000000000000001,-0.7509459339919253,-1.0301806437264194,-157.08115035461316
6.817160622080393,-18.76842431305638,1.000000000000001,-0.7503689426598861,-1.0303694124616634,-157.05386461607833
6.825997229797222,-18.773997663624773,1.0000000000000013,-0.7497921128312415,-1.0305578498792354,-157.0265718558329
6.834833952916602,-18.77957114808227,1.000000000000001,-0.7492154445266941,-1.0307459561174266,-156.9992720721151
6.8436707917048,-18.785144766266615,1.000000000000001,-0.7486389377669473,-1.0309337313145477,-156.9719652631631
6.852507746427906,-18.790718518015392,1.000000000000001,-0.7480625925727216,-1.0311211756089254,-156.94465142721495
6.8613448173522436,-18.796292403166355,1.000000000000001,-0.7474864089647282,-1.0313082891389058,-156.91733056250877
6.870182004743966,-18.80186642155711,1.000000000000001,-0.7469103869636959,-1.0314950720428744,-156.89000266728274
6.879019308869462,-18.807440573025442,1.000000000000001,-0.7463345265903589,-1.0316815244592128,-156.8626677397751
6.887856729994956,-18.813014857408966,1.000000000000001,-0.7457588278654508,-1.0318676465263437,-156.83532577822385
6.896694268386886,-18.818589274545467,1.0000000000000013,-0.7451832908097074,-1.032053438382695,-156.80797678086725
6.905531924311551,-18.82416382427262,1.000000000000001,-0.7446079154438872,-1.0322389001667442,-156.78062074594337
6.914369698035401,-18.82973850642816,1.000000000000001,-0.7440327017887407,-1.0324240320169444,-156.75325767169036
6.9232075898249335,-18.83531332084988,1.000000000000001,-0.7434576498650203,-1.0326088340718105,-156.7258875563464
6.932045599946529,-18.84088826737546,1.000000000000001,-0.7428827596934968,-1.032793306469861,-156.69851039814958
6.940883728666801,-18.84646334584272,1.0000000000000013,-0.7423080312949351,-1.0329774493496355,-156.67112619533808
6.949721976252183,-18.852038556089365,1.000000000000001,-0.7417334646901188,-1.0331612628497044,-156.64373494615006
6.9585603429693474,-18.85761389795324,1.000000000000001,-0.741159059899815,-1.0333447471086412,-156.61633664882362
6.967398829084805,-18.86318937127205,1.000000000000001,-0.7405848169448208,-1.033527902265062,-156.58893130159686
6.976237434865283,-18.868764975883675,1.000000000000001,-0.7400107358459254,-1.0337107284575904,-156.5615189027081
6.985076160577352,-18.874340711625837,1.000000000000001,-0.7394368166239276,-1.033893225824876,-156.5340994503953
6.9939150064878115,-18.879916578336424,1.000000000000001,-0.7388630592996228,-1.0340753945055887,-156.50667294289673
7.002753972863294,-18.885492575853174,1.000000000000001,-0.7382894638938224,-1.0342572346384067,-156.47923937845042
7.011593059970658,-18.891068704014003,1.000000000000001,-0.7377160304273391,-1.0344387463620652,-156.4517987552946
7.0204322680766005,-18.896644962656662,1.0000000000000013,-0.7371427589209936,-1.0346199298152818,-156.4243510716674
7.029271597448001,-18.902221351619044,1.0000000000000013,-0.7365696493956038,-1.034800785136822,-156.3968963258068
7.038111048351755,-18.907797870739035,1.000000000000001,-0.7359967018720006,-1.0349813124654421,-156.3694345159512
7.046950621054665,-18.91337451985443,1.000000000000001,-0.7354239163710159,-1.035161511939954,-156.34196564033869
7.055790315823746,-18.91895129880317,1.000000000000001,-0.7348512929134898,-1.0353413836991745,-156.3144896972073
7.064630132925849,-18.924528207423062,1.000000000000001,-0.7342788315202622,-1.0355209278819384,-156.28700668479522
7.07347007262806,-18.930105245552078,1.000000000000001,-0.7337065322121892,-1.0357001446271088,-156.25951660134064
7.082310135197296,-18.935682413028033,1.000000000000001,-0.7331343950101177,-1.0358790340735649,-156.2320194450816
7.091150320900708,-18.94125970968891,1.000000000000001,-0.732562419934907,-1.0360575963602159,-156.20451521425636
7.099990630005266,-18.946837135372547,1.000000000000001,-0.7319906070074222,-1.0362358316259712,-156.177003907103
7.108831062778188,-18.952414689916946,1.000000000000001,-0.7314189562485307,-1.0364137400097935,-156.1494855218597
7.117671619486519,-18.957992373159968,1.000000000000001,-0.7308474676791081,-1.0365913216506346,-156.12196005676455
7.126512300397482,-18.963570184939588,1.000000000000001,-0.7302761413200316,-1.0367685766874892,-156.09442751005568
7.135353105778327,-18.969148125093785,1.000000000000001,-0.7297049771921831,-1.0369455052593644,-156.06688787997135
7.144194035896199,-18.974726193460455,1.000000000000001,-0.7291339753164481,-1.0371221075052972,-156.03934116474954
7.153035091018465,-18.980304389877624,1.0000000000000013,-0.7285631357137246,-1.0372983835643215,-156.01178736262858
7.16187627141233,-18.9858827141832,1.000000000000001,-0.727992458404906,-1.0374743335755205,-155.9842264718464
7.170717577345223,-18.991461166215238,1.000000000000001,-0.7274219434108957,-1.0376499576779885,-155.9566584906413
7.179559009084411,-18.997039745811655,1.000000000000001,-0.7268515907526014,-1.0378252560108354,-155.92908341725143
7.18840056689739,-19.002618452810527,1.000000000000001,-0.7262814004509313,-1.0380002287131962,-155.9015012499149
7.197242251051493,-19.008197287049775,1.000000000000001,-0.7257113725268045,-1.0381748759242324,-155.87391198686976
7.206084061814272,-19.013776248367503,1.0000000000000013,-0.7251415070011435,-1.0383491977831127,-155.84631562635423
7.214925999453127,-19.019355336601656,1.000000000000001,-0.7245718038948663,-1.0385231944290485,-155.8187121666065
7.223768064235631,-19.0249345515903,1.000000000000001,-0.7240022632289103,-1.0386968660012545,-155.79110160586467
7.232610256429374,-19.030513893171506,1.000000000000001,-0.7234328850242062,-1.038870212638967,-155.76348394236683
7.24145257630187,-19.03609336118326,1.000000000000001,-0.7228636693016885,-1.0390432344814489,-155.73585917435128
7.250295024120814,-19.04167295546368,1.000000000000001,-0.7222946160823098,-1.0392159316679859,-155.70822730005594
7.25913760015378,-19.04725267585076,1.000000000000001,-0.7217257253870097,-1.0393883043378835,-155.6805883177191
7.2679803046685265,-19.05283252218266,1.000000000000001,-0.7211569972367431,-1.0395603526304722,-155.65294222557893
7.2768231379326815,-19.058412494297365,1.000000000000001,-0.7205884316524687,-1.0397320766850875,-155.62528902187344
7.285666100214089,-19.063992592033056,1.000000000000001,-0.7200200286551404,-1.0399034766411042,-155.5976287048409
