galstreams/tracks/track.st.M2.ibata2021.ecsv
# %ECSV 1.0
# ---
# datatype:
# - {name: ra, unit: deg, datatype: float64}
# - {name: dec, unit: deg, datatype: float64}
# - {name: distance, unit: kpc, datatype: float64}
# - {name: pm_ra_cosdec, unit: mas / yr, datatype: float64}
# - {name: pm_dec, unit: mas / yr, datatype: float64}
# - {name: radial_velocity, unit: km / s, datatype: float64}
# delimiter: ','
# meta: !!omap
# - __serialized_columns__:
#     dec:
#       __class__: astropy.coordinates.angles.Latitude
#       unit: &id001 !astropy.units.Unit {unit: deg}
#       value: !astropy.table.SerializedColumn {name: dec}
#     distance:
#       __class__: astropy.coordinates.distances.Distance
#       unit: !astropy.units.Unit {unit: kpc}
#       value: !astropy.table.SerializedColumn {name: distance}
#     pm_dec:
#       __class__: astropy.units.quantity.Quantity
#       unit: !astropy.units.Unit {unit: mas / yr}
#       value: !astropy.table.SerializedColumn {name: pm_dec}
#     pm_ra_cosdec:
#       __class__: astropy.units.quantity.Quantity
#       unit: !astropy.units.Unit {unit: mas / yr}
#       value: !astropy.table.SerializedColumn {name: pm_ra_cosdec}
#     ra:
#       __class__: astropy.coordinates.angles.Longitude
#       unit: *id001
#       value: !astropy.table.SerializedColumn {name: ra}
#       wrap_angle: !astropy.coordinates.Angle
#         unit: *id001
#         value: 360.0
#     radial_velocity:
#       __class__: astropy.units.quantity.Quantity
#       unit: !astropy.units.Unit {unit: km / s}
#       value: !astropy.table.SerializedColumn {name: radial_velocity}
# schema: astropy-2.0
ra,dec,distance,pm_ra_cosdec,pm_dec,radial_velocity
[from data line 1365]
323.530219623432,-1.2828672311622324,11.485496503291607,3.604707508525696,-2.3193948512306117,7.94709897881702e-14
323.5396515337325,-1.2795364487173657,11.487140381466679,3.6037599958083204,-2.3195016039431793,-8.841805486365955e-14
323.5490828506387,-1.276203798043132,11.488783747895376,3.602812239409165,-2.3196077874541636,8.420767129872338e-15
323.55851357351213,-1.2728692770371404,11.490426598178512,3.601864238332625,-2.3197134003368007,-1.021018014497021e-13
323.5679437017148,-1.2695328835969828,11.492068927916918,3.600915991583111,-2.319818441164317,-6.894503087582976e-14
323.5773732346085,-1.2661946156202313,11.493710732711412,3.59996749816505,-2.319922908509931,-2.7367493172085098e-14
323.5868021715552,-1.2628544710044383,11.495352008162815,3.599018757082895,-2.3200268009468608,-6.21031575828085e-14
323.59623051191676,-1.2595124476471409,11.49699274987196,3.5980697673411086,-2.3201301170483113,-1.2841669873055315e-13
323.6056582550554,-1.2561685434458543,11.498632953439655,3.5971205279441842,-2.3202328553874896,-1.1631184598136167e-13
323.61508540033316,-1.2528227562980756,11.500272614466734,3.5961710378966245,-2.320335014537589,-1.1157516447080849e-13
323.6245119471122,-1.2494750841012847,11.501911728554017,3.595221296202957,-2.3204365930718014,-2.2104513715914887e-14
323.6339378947547,-1.2461255247529406,11.503550291302318,3.59427130186773,-2.3205375895633114,-1.2104852749191487e-13
323.643363242623,-1.242774076150484,11.505188298312474,3.5933210538955045,-2.3206380025852944,-6.683983909336168e-14
323.6527879900794,-1.2394207361913385,11.506825745185292,3.5923705512908732,-2.3207378307109225,-6.8418732930212744e-15
323.66221213648623,-1.2360655027729046,11.508462627521606,3.591419793058434,-2.320837072513359,-3.684085619319148e-14
323.67163568120594,-1.232708373792568,11.510098940922239,3.5904687782028186,-2.320935726565763,-1.0894367474272338e-13
323.68105862360113,-1.229349347147691,11.511734680988004,3.5895175057286703,-2.3210337914412844,-2.2104513715914887e-14
323.69048096303436,-1.2259884207356215,11.513369843319733,3.588565974640657,-2.3211312657130665,1.7367832205361697e-14
323.6999026988681,-1.2226255924536837,11.515004423518244,3.587614183943465,-2.3212281479542467,-5.789277401787233e-14
323.70932383046505,-1.2192608601991852,11.51663841718436,3.586662132641804,-2.3213244367379566,-4.631421921429786e-14
323.7187443571881,-1.2158942218694127,11.518271819918905,3.5857098197404,-2.3214201306373177,-9.104954459174465e-14
323.72816427839996,-1.212525675361635,11.519904627322704,3.5847572442440043,-2.3215152282254454,9.157584253736168e-14
323.73758359346334,-1.2091552185730994,11.521536834996573,3.583804405157387,-2.32160972807545,3.684085619319148e-14
323.7470023017413,-1.2057828494010356,11.523168438541335,3.5828513014853405,-2.321703628760433,-3.8946047975659563e-14
323.7564204025968,-1.2024085657426524,11.524799433557817,3.581897932232677,-2.3217969288534874,-6.420834936527658e-14
323.76583789539285,-1.1990323654951396,11.526429815646836,3.5809442964042315,-2.3218896269277,-1.5788938368510635e-14
323.77525477949246,-1.1956542465556668,11.528059580409224,3.579990393004858,-2.3219817215561487,9.999660966723401e-15
323.7846710542588,-1.1922742068213843,11.529688723445796,3.5790362210394355,-2.322073211311908,1.1578554803574466e-14
323.7940867190551,-1.1888922441894223,11.53131724035738,3.578081779512862,-2.3221640947680373,-6.631354114774466e-14
323.80350177324465,-1.1855083565568916,11.532945126744794,3.5771270674300606,-2.322254370497597,-5.4734986344170195e-14
323.8129162161907,-1.1821225418208812,11.534572378208862,3.5761720837959725,-2.3223440370736337,9.999660966723401e-15
323.82233004725657,-1.1787347978784632,11.536198990350403,3.5752168276155647,-2.3224330930691877,-1.1578554803574466e-13
323.83174326580587,-1.175345122626687,11.537824958770248,3.5742612978938233,-2.3225215370572907,-2.6841195226468077e-14
323.841155871202,-1.171953513962584,11.539450279069209,3.5733054936357593,-2.3226093676109687,1.894672604221276e-14
323.8505678628084,-1.1685599697831632,11.54107494684812,3.5723494138464034,-2.322696583303236,-3.4735664410723393e-14
323.85997923998895,-1.1651644879854148,11.542698957707792,3.5713930575308117,-2.3227831827071026,4.105123975812765e-14
323.869390002107,-1.1617670664663091,11.544322307249061,3.5704364236940602,-2.322869164395566,-6.947132882144679e-14
323.8788001485266,-1.158367703122795,11.545944991072735,3.569479511341253,-2.3229545269416207,-5.2629794561702115e-15
323.88820967861136,-1.154966395851802,11.547567004779644,3.568522319477512,-2.3230392689182486,5.210349661608509e-14
323.8976185917252,-1.151563142550237,11.549188343970611,3.567564847107982,-2.323123388898422,1.4210044531659571e-14
323.9070268872319,-1.1481579411149905,11.55080900424646,3.5666070932378338,-2.323206885455111,-2.1578215770297867e-14
323.91643456449566,-1.144750789442929,11.552428981208012,3.565649056872261,-2.323289757161269,1.4210044531659571e-14
323.9258416228803,-1.1413416854308989,11.554048270456086,3.5646907370164795,-2.323372002589848,-1.1578554803574466e-14
323.9352480617501,-1.137930626975727,11.555666867591507,3.5637321326757307,-2.3234536203137863,-3.684085619319148e-14
323.9446538804691,-1.1345176119742189,11.557284768215098,3.562773242855277,-2.3235346089060136,-1.4210044531659571e-14
323.95405907840154,-1.1311026383231597,11.558901967927683,3.5618140665604083,-2.3236149669394535,-6.157685963719147e-14
323.9634636549118,-1.1276857039193142,11.560518462330085,3.560854602796433,-2.323694692987019,1.5788938368510635e-14
323.972867609364,-1.1242668066594244,11.562134247023119,3.5598948505686914,-2.323773785621616,-3.5788260301957434e-14
323.9822709411228,-1.1208459444402126,11.56374931760762,3.558934808882538,-2.323852243416135,3.526196235634042e-14
323.99167364955247,-1.1174231151583804,11.565363669684398,3.557974476743362,-2.3239300649434655,1.473634247727659e-14
324.00107573401766,-1.1139983167106096,11.566977298854287,3.5570138531565667,-2.3240072487764802,3.526196235634042e-14
324.0104771938829,-1.110571546993557,11.568590200718102,3.556052937127589,-2.3240837934880503,-6.841873293021275e-14
324.0198780285128,-1.1071428039038622,11.570202370876665,3.555091727661888,-2.324159697651031,-1.047332911777872e-13
324.0292782372722,-1.1037120853381415,11.571813804930805,3.554130223764942,-2.32423495983827,-6.73661370389787e-14
324.0386778195258,-1.100279389192992,11.573424498481335,3.553168424442263,-2.3243095786226067,6.73661370389787e-14
324.04807677463833,-1.0968447133649866,11.575034447129092,3.552206328699379,-2.3243835525768675,-1.1473295214451061e-13
324.05747510197483,-1.0934080557506782,11.576643646474887,3.5512439355418506,-2.3244568802738748,-5.578758223540424e-14
324.0668728009003,-1.0899694142465997,11.57825209211954,3.5502812439752613,-2.324529560286435,5.947166785472339e-14
324.07626987077964,-1.086528786749261,11.579859779663884,3.5493182530052168,-2.3246015911873488,-3.1577876737021266e-15
324.08566631097796,-1.0830861711551503,11.581466704708737,3.5483549616373535,-2.324672971549405,1.6841534259744676e-14
324.0950621208604,-1.0796415653607347,11.583072862854918,3.5473913688773293,-2.3247436999453837,-6.368205141965955e-14
324.1044572997923,-1.0761949672624602,11.584678249703257,3.5464274737308297,-2.324813774948052,-1.5788938368510633e-15
324.1138518471388,-1.0727463747567514,11.58628286085457,3.5454632752035664,-2.32488319513017,-9.368103431982976e-14
324.1232457622653,-1.0692957857400085,11.587886691909688,3.544498772301276,-2.3249519590644865,5.262979456170211e-16
324.13263904453714,-1.0658431981086127,11.58948973846942,3.5435339640297236,-2.325020065323741,-8.841805486365955e-14
324.14203169331984,-1.062388609758924,11.591091996134598,3.5425688493946943,-2.325087512480659,-4.815626202395743e-14
324.151423707979,-1.058932018587278,11.592693460506045,3.5416034274020074,-2.32515429910796,5.3682390452936155e-14
324.16081508788005,-1.0554734224899884,11.594294127184577,3.540637697057505,-2.3252204237783505,4.289328256778722e-14
324.1702058323888,-1.0520128193633491,11.595893991771023,3.5396716573670544,-2.3252858850645257,-9.999660966723401e-15
324.17959594087085,-1.0485502071036312,11.597493049866205,3.538705307336552,-2.3253506815391707,2.763064214489361e-14
324.18898541269203,-1.045085583607083,11.599091297070945,3.5377386459719187,-2.325414811774964,-7.131337163110636e-14
324.1983742472183,-1.0416189467699302,11.600688728986063,3.536771672279105,-2.3254782743445648,-9.736511993914891e-15
324.20776244381534,-1.0381502944883774,11.602285341212383,3.535804385264086,-2.3255410678206303,-7.94709897881702e-14
324.21715000184935,-1.0346796246586067,11.603881129350727,3.534836783932869,-2.3256031907758006,-3.947234592127659e-14
324.22653692068627,-1.0312069351767785,11.605476089001924,3.5338688672914795,-2.3256646417827067,-6.289260450123402e-14
324.23592319969225,-1.0277322239390294,11.607070215766786,3.532900634345978,-2.3257254194139683,-9.315473637421274e-14
324.2453088382335,-1.0242554888414743,11.608663505246144,3.531932084102452,-2.325785522242195,7.605005314165955e-14
324.25469383567605,-1.0207767277802058,11.610255953040813,3.530963215567012,-2.3258449488399844,5.3945539425744666e-14
324.26407819138643,-1.0172959386512936,11.61184755475162,3.529994027745801,-2.3259036977799226,-1.1631184598136167e-13
324.27346190473094,-1.013813119350787,11.61343830597939,3.529024519644987,-2.325961767634583,-1.1841703776382977e-13
324.282844975076,-1.010328267774708,11.615028202324941,3.5280546902707677,-2.326019156976529,2.5525450362425525e-14
324.2922274017881,-1.00684138181906,11.616617239389097,3.5270845386293677,-2.3260758643783137,3.368306851948935e-14
324.3016091842338,-1.0033524593798218,11.618205412772687,3.526114063727039,-2.3261318884124758,-1.24732613111234e-13
324.31099032177985,-0.9998614983529504,11.619792718076521,3.525143264570066,-2.326187227651544,3.868289900285105e-14
324.32037081379275,-0.9963684966343794,11.62137915090143,3.524172140164759,-2.326241880668034,-1.763098117817021e-14
324.3297506596394,-0.9928734521200198,11.622964706848235,3.523200689517454,-2.3262958460344527,-4.8419410996765944e-14
324.33912985868665,-0.9893763627057589,11.624549381517761,3.52222891163452,-2.3263491223232897,6.368205141965955e-14
324.3485084103012,-0.9858772262874627,11.626133170510824,3.521256805522354,-2.3264017081070283,-7.289226546795742e-14
324.3578863138502,-0.9823760407609713,11.627716069428251,3.5202843701873814,-2.326453601958135,-7.552375519604253e-14
324.3672635687007,-0.978872804022105,11.629298073870867,3.519311604636054,-2.3265048024490698,1.5788938368510635e-14
324.3766401742197,-0.9753675139666584,11.630879179439495,3.5183385078748577,-2.3265553081522716,-1.5788938368510635e-14
324.3860161297743,-0.971860168490405,11.632459381734947,3.5173650789103057,-2.3266051176401774,-1.9473023987829782e-14
324.39539143473183,-0.9683507654890925,11.634038676358053,3.5163913167489396,-2.326654229485206,-7.157652060391487e-14
324.4047660884596,-0.9648393028584474,11.635617058909641,3.515417220397329,-2.326702642259763,-5.841907196348934e-14
324.41414009032496,-0.9613257784941716,11.637194524990525,3.5144427888620786,-2.326750354536244,4.263013359497871e-14
324.4235134396952,-0.957810190291945,11.63877107020153,3.5134680211498184,-2.3267973648870313,-6.131371066438297e-14
324.4328861359381,-0.9542925361474227,11.640346690143481,3.5124929162672087,-2.326843671884494,-1.6052087341319144e-14
324.4422581784209,-0.950772813956236,11.641921380417196,3.51151747322094,-2.326889274100989,-2.815694009051063e-14
324.4516295665115,-0.9472510216139944,11.643495136623505,3.510541691017737,-2.326934170108862,1.6052087341319144e-14
324.4610002995774,-0.9437271570162824,11.645067954363222,3.509565568664346,-2.3269783584804435,-8.736545897242551e-14
324.47037037698647,-0.9402012180586605,11.646639829237175,3.508589105167554,-2.32702183778805,2.342025857995744e-14
324.47973979810655,-0.9366732026366672,11.648210756846185,3.50761229953417,-2.3270646066039893,3.4209366465106376e-14
324.4891085623055,-0.9331431086458152,11.649780732791076,3.5066351507710367,-2.327106663500551,5.026145380642552e-14
324.49847666895124,-0.9296109339815947,11.651349752672669,3.505657657885028,-2.327148007050017,-6.184000860999999e-14
324.507844117412,-0.9260766765394708,11.652917812091784,3.5046798198830498,-2.327188635824652,3.657770722038297e-14
324.51721090705564,-0.9225403342148865,11.65448490664925,3.5037016357720354,-2.327228548396709,-6.315575347404254e-14
324.52657703725055,-0.9190019049032587,11.656051031945887,3.5027231045589504,-2.3272677433384272,5.499813531697871e-14
324.53594250736484,-0.915461386499982,11.657616183582515,3.5017442252507953,-2.327306219222033,-1.0525958912340423e-14
324.54530731676687,-0.9119187769004272,11.659180357159954,3.5007649968545973,-2.327343974619739,3.4735664410723393e-14
324.554671464825,-0.9083740739999375,11.660743548279038,3.4997854183774146,-2.327381008103742,-5.920851888191488e-14
324.5640349509077,-0.9048272756938358,11.662305752540576,3.498805488826343,-2.327417318246231,-7.315541444076594e-14
324.57339777438347,-0.9012783798774194,11.663866965545397,3.4978252072085017,-2.3274529036193745,4.9998304833617005e-15
324.5827599346209,-0.8977273844459609,11.665427182894327,3.4968445725310477,-2.3274877627953323,-7.552375519604253e-14
324.5921214309887,-0.8941742872947082,11.666986400188188,3.4958635838011665,-2.3275218943462463,-6.21031575828085e-14
324.60148226285554,-0.8906190863188862,11.668544613027796,3.494882240026078,-2.3275552968442486,-1.6315236314127656e-14
324.6108424295902,-0.8870617794136937,11.670101817013979,3.4939005402130334,-2.3275879688614554,-8.368137335310636e-14
324.6202019305616,-0.8835023644743082,11.671658007747554,3.4929184833693165,-2.327619908969968,-1.1710129289978721e-13
324.6295607651387,-0.8799408393958769,11.673213180829352,3.4919360685022385,-2.3276511157418733,2.0788768851872334e-14
324.6389189326904,-0.876377202073528,11.674767331860188,3.4909532946191515,-2.327681587749247,-1.0762792987868083e-13
324.6482764325859,-0.8728114504023614,11.676320456440887,3.4899701607274354,-2.3277113235641487,3.23673236554468e-14
324.6576332641942,-0.8692435822774554,11.677872550172276,3.4889866658345006,-2.3277403217586223,5.631388018102126e-14
324.66698942688464,-0.86567359559386,11.679423608655172,3.488002808947795,-2.3277685809046993,1.3157448640425528e-14
324.6763449200264,-0.8621014882466027,11.680973627490397,3.487018589074797,-2.3277960995743974,-7.499745725042552e-14
324.68569974298896,-0.8585272581306859,11.682522602278777,3.486034005223018,-2.327822876339716,3.631455824757446e-14
324.69505389514165,-0.8549509031410869,11.684070528621136,3.4850490564000025,-2.327848909772645,3.97354948940851e-14
324.7044073758539,-0.8513724211727571,11.685617402118293,3.484063741613329,-2.327874198445156,-1.0368069528655317e-13
324.7137601844955,-0.8477918101206243,11.68716321837107,3.4830780598706084,-2.3278987409292067,6.44714983380851e-14
324.7231123204359,-0.8442090678795906,11.688707972980293,3.4820920101794863,-2.327922535796741,-7.315541444076594e-14
324.7324637830449,-0.8406241923445323,11.690251661546784,3.4811055915476397,-2.327945581619685,-1.1894333570944678e-13
324.74181457169226,-0.8370371814103018,11.691794279671361,3.4801188029827825,-2.327967876969955,-1.044701422049787e-13
324.7511646857479,-0.8334480329717249,11.693335822954854,3.4791316434926594,-2.3279894204194473,-4.289328256778722e-14
324.76051412458156,-0.8298567449236031,11.69487628699808,3.478144112085049,-2.3280102105400458,1.3157448640425528e-14
324.76986288756336,-0.8262633151607129,11.696415667401864,3.4771562077677673,-2.328030245903619,1.842042809659574e-14
324.77921097406335,-0.822667741577804,11.697953959767025,3.4761679295486614,-2.3280495250820192,-8.578656513557444e-14
324.78855838345163,-0.8190700220696013,11.699491159694391,3.475179276435613,-2.328068046647085,-7.447115930480849e-14
