galstreams/tracks/track.st.TucanaIII.shipp2019.ecsv
# %ECSV 0.9
# ---
# datatype:
# - {name: ra, unit: deg, datatype: float64}
# - {name: dec, unit: deg, datatype: float64}
# - {name: distance, unit: kpc, datatype: float64}
# - {name: pm_ra_cosdec, unit: mas / yr, datatype: float64}
# - {name: pm_dec, unit: mas / yr, datatype: float64}
# - {name: radial_velocity, unit: km / s, datatype: float64}
# delimiter: ','
# meta: !!omap
# - __serialized_columns__:
#     dec:
#       __class__: astropy.coordinates.angles.Latitude
#       unit: &id001 !astropy.units.Unit {unit: deg}
#       value: !astropy.table.SerializedColumn {name: dec}
#     distance:
#       __class__: astropy.coordinates.distances.Distance
#       unit: !astropy.units.Unit {unit: kpc}
#       value: !astropy.table.SerializedColumn {name: distance}
#     pm_dec:
#       __class__: astropy.units.quantity.Quantity
#       unit: !astropy.units.Unit {unit: mas / yr}
#       value: !astropy.table.SerializedColumn {name: pm_dec}
#     pm_ra_cosdec:
#       __class__: astropy.units.quantity.Quantity
#       unit: !astropy.units.Unit {unit: mas / yr}
#       value: !astropy.table.SerializedColumn {name: pm_ra_cosdec}
#     ra:
#       __class__: astropy.coordinates.angles.Longitude
#       unit: *id001
#       value: !astropy.table.SerializedColumn {name: ra}
#       wrap_angle: !astropy.coordinates.Angle
#         unit: *id001
#         value: 360.0
#     radial_velocity:
#       __class__: astropy.units.quantity.Quantity
#       unit: !astropy.units.Unit {unit: km / s}
#       value: !astropy.table.SerializedColumn {name: radial_velocity}
# schema: astropy-2.0
ra,dec,distance,pm_ra_cosdec,pm_dec,radial_velocity
354.5845653065028,-59.757859008709865,23.373560052344406,-0.4505660603536974,-1.786134849205105,-1.8875304463724035e-07
354.604450898165,-59.757070213197075,23.381903706168732,-0.44806408784973806,-1.7851115412272613,-1.8595517739220323e-07
354.6243355944356,-59.756282235932225,23.390247300303116,-0.44556872272753073,-1.784088727577687,-1.8317255173567118e-07
354.6442193986239,-59.75549507710948,23.39859083474756,-0.4430799637954701,-1.7830664140070003,-1.8040526871684975e-07
354.66410231403955,-59.75470873692185,23.406934309502052,-0.4405978098588377,-1.782044606264105,-1.7765321044499914e-07
354.6839843439913,-59.75392321556115,23.41527772456661,-0.43812225971983143,-1.781023310096191,-1.7491644428625637e-07
354.7038654917883,-59.75313851321806,23.423621079941228,-0.4356533121775407,-1.780002531248735,-1.7219488603295014e-07
354.7237457607392,-59.75235463008201,23.431964375625896,-0.43319096602796126,-1.7789822754655054,-1.6948853568508048e-07
354.7436251541521,-59.751571566341326,23.44030761162063,-0.43073522006399867,-1.7779625484885568,-1.667974606087844e-07
354.76350367533524,-59.750789322183145,23.448650787925413,-0.4282860730754607,-1.7769433560582362,-1.6412150923025356e-07
354.7833813275967,-59.750007897793374,23.45699390454026,-0.4258435238490579,-1.7759247039131871,-1.6146086680636484e-07
354.8032581142438,-59.74922729335682,23.465336961465162,-0.42340757116841804,-1.7749065977903404,-1.5881543228791265e-07
354.8231340385841,-59.748447509057065,23.47367995870012,-0.4209782138140698,-1.7738890434249257,-1.5618513830876e-07
354.8430091039245,-59.74766854507654,23.482022896245144,-0.41855545056345816,-1.772872046550468,-1.5357001855197535e-07
354.8628833135719,-59.74689040159651,23.49036577410022,-0.4161392801909334,-1.7718556128987908,-1.5097002249295598e-07
354.88275667083315,-59.74611307879701,23.498708592265356,-0.41372970146775356,-1.7708397482000167,-1.4838531854704445e-07
354.90262917901424,-59.74533657685698,23.507051350740547,-0.41132671316210323,-1.7698244581825653,-1.4581568777429539e-07
354.92250084142137,-59.74456089595414,23.5153940495258,-0.408930314039069,-1.7688097485731615,-1.4326118069931156e-07
354.94237166136054,-59.74378603626502,23.523736688621106,-0.40654050286064997,-1.7677956250968303,-1.4072186468823004e-07
354.96224164213703,-59.74301199796502,23.532079268026475,-0.4041572783857714,-1.7667820934769014,-1.3819767237491378e-07
354.98211078705634,-59.74223878122835,23.540421787741902,-0.4017806393702652,-1.765769159435009,-1.3568857007629424e-07
355.0019790994234,-59.74146638622803,23.548764247767387,-0.39941058456688683,-1.7647568286910942,-1.3319464200004272e-07
355.021846582543,-59.74069481313594,23.557106648102927,-0.3970471127253057,-1.7637451069634047,-1.307157365723509e-07
355.0417132397198,-59.73992406212274,23.565448988748525,-0.3946902225921072,-1.7627339999685012,-1.2825198852549285e-07
355.0615790742578,-59.739154133357964,23.573791269704184,-0.39233991291080816,-1.761723513421247,-1.2580329681026303e-07
355.0814440894612,-59.73838502700995,23.5821334909699,-0.3899961824218344,-1.7607136530348237,-1.2336969510972992e-07
355.1013082886337,-59.737616743245844,23.590475652545674,-0.3876590298625354,-1.759704424520723,-1.2095116658235927e-07
355.12117167507853,-59.736849282231695,23.59881775443151,-0.38532845396719234,-1.7586958335887481,-1.1854764386201407e-07
355.14103425209925,-59.736082644132274,23.6071597966274,-0.3830044534669959,-1.7576878859470217,-1.161592111563656e-07
355.16089602299843,-59.735316829111255,23.615501779133353,-0.3806870270900733,-1.756680587301979,-1.137858516238796e-07
355.1807569910789,-59.73455183733111,23.623843701949358,-0.37837617356147063,-1.7556739433583761,-1.1142753158148755e-07
355.2006171596431,-59.73378766895316,23.632185565075428,-0.3760718916031573,-1.7546679598192856,-1.0908418366305243e-07
355.2204765319929,-59.73302432413755,23.640527368511552,-0.37377417993404083,-1.7536626423861001,-1.0675585839317698e-07
355.24033511143034,-59.73226180304324,23.648869112257742,-0.3714830372699435,-1.752657996758536,-1.0444258945492976e-07
355.2601929012571,-59.73150010582798,23.65721079631398,-0.36919846232362175,-1.75165402863463,-1.0214432632370796e-07
355.28004990477416,-59.73073923264846,23.665552420680278,-0.36692045380476535,-1.7506507437107441,-9.986103531644307e-08
355.29990612528286,-59.72997918366009,23.673893985356642,-0.3646490104199872,-1.749648147681564,-9.759273327466936e-08
355.3197615660836,-59.72921995901716,23.682235490343064,-0.36238413087284005,-1.7486462462401016,-9.533943703992107e-08
355.3396162304771,-59.7284615588728,23.690576935639534,-0.3601258138638005,-1.7476450450776995,-9.310101187992416e-08
355.3594701217636,-59.72770398337892,23.698918321246072,-0.3578740580902771,-1.746644549884026,-9.08776598930897e-08
355.3793232432428,-59.726947232686314,23.70725964716267,-0.3556288622466237,-1.7456447663470793,-8.866922950560938e-08
355.3991755982146,-59.72619130694456,23.715600913389324,-0.3533902250241162,-1.7446457001531916,-8.647577124208598e-08
355.4190271899781,-59.72543620630212,23.72394211992603,-0.3511581451109745,-1.7436473569870257,-8.429716721177966e-08
355.4388780218325,-59.724681930906215,23.7322832667728,-0.34893262119234963,-1.742649742531578,-8.213355214696452e-08
355.45872809707674,-59.72392848090297,23.740624353929633,-0.34671365195032816,-1.7416528624681817,-7.9984824998435e-08
355.47857741900907,-59.72317585643728,23.748965381396523,-0.34450123606394156,-1.7406567224765044,-7.785105313232813e-08
355.4984259909279,-59.722424057652916,23.75730634917347,-0.34229537220915546,-1.739661328234553,-7.573213549943836e-08
355.5182738161312,-59.72167308469243,23.76564725726047,-0.34009605905887097,-1.7386666854186723,-7.362817314897123e-08
355.53812089791654,-59.72092293769727,23.773988105657537,-0.33790329528293994,-1.7376727997035455,-7.153909871478972e-08
355.5579672395815,-59.720173616807664,23.78232889436466,-0.3357170795481423,-1.736679676762201,-6.946484483075678e-08
355.5778128444229,-59.71942512216269,23.79066962338185,-0.33353741051821345,-1.7356873222660052,-6.740549570454372e-08
355.59765771573774,-59.71867745390024,23.799010292709088,-0.331364286853823,-1.734695741884672,-6.536105133615054e-08
355.61750185682257,-59.71793061215708,23.80735090234639,-0.3291977072125798,-1.7337049412862586,-6.333141067637167e-08
355.6373452709735,-59.71718459706876,23.81569145229375,-0.32703767024905017,-1.7327149261371682,-6.13166242498099e-08
355.6571879614865,-59.71643940876967,23.824031942551166,-0.324884174614736,-1.731725702102152,-5.9316742581067995e-08
355.6770299316575,-59.715695047393076,23.832372373118645,-0.32273721895808105,-1.73073727484431,-5.733166462094041e-08
355.69687118478146,-59.714951513071036,23.84071274399618,-0.3205968019244905,-1.7297496500250915,-5.536135668635862e-08
355.7167117241538,-59.714208805934426,23.849053055183784,-0.3184629221562997,-1.7287628333042977,-5.3405919826528185e-08
355.7365515530691,-59.713466926112986,23.857393306681434,-0.31633557829280573,-1.727776830340082,-5.146530351684633e-08
355.75639067482183,-59.7127258737353,23.865733498489146,-0.31421476897024836,-1.7267916467889508,-4.953944039117601e-08
355.7762290927065,-59.71198564892874,23.874073630606926,-0.312100492821811,-1.725807288305767,-4.762843149872278e-08
355.7960668100166,-59.711246251819546,23.882413703034757,-0.3099927484776427,-1.7248237605437466,-4.573214210721256e-08
355.815903830046,-59.71050768253276,23.890753715772647,-0.30789153456483,-1.7238410691544663,-4.385074063198797e-08
355.8357401560881,-59.7097699411923,23.8990936688206,-0.3057968497074126,-1.7228592197878594,-4.1984041816172126e-08
355.8555757914357,-59.7090330279209,23.907433562178614,-0.30370869252639165,-1.72187821809222,-4.01320625012993e-08
355.8754107393816,-59.708296942840086,23.915773395846678,-0.3016270616397121,-1.7208980697142033,-3.8294954261177836e-08
355.89524500321824,-59.7075616860703,23.92411316982481,-0.2995519556622806,-1.7199187802988243,-3.6472498155862345e-08
355.91507858623766,-59.70682725773075,23.932452884113,-0.29748337320595136,-1.7189403554894644,-3.466482891762691e-08
355.9349114917319,-59.70609365793949,23.940792538711243,-0.29542131287953655,-1.7179628009278698,-3.287187918033449e-08
355.9547437229922,-59.70536088681342,23.949132133619557,-0.2933657732888083,-1.7169861222541498,-3.109364894398509e-08
355.97457528330995,-59.70462894446829,23.957471668837922,-0.29131675303648963,-1.716010325106784,-2.9330205574715744e-08
355.9944061759761,-59.703897831018665,23.965811144366345,-0.28927425072226326,-1.7150354151226186,-2.7581363815649596e-08
356.0142364042812,-59.70316754657792,23.97415056020484,-0.2872382649427747,-1.7140613979368688,-2.5847325765197766e-08
356.03406597151553,-59.7024380912583,23.98248991635338,-0.2852087942916202,-1.7130882791831226,-2.4127973532620432e-08
356.0538948809691,-59.70170946517091,23.99082921281198,-0.28318583735936487,-1.71211606449334,-2.2423256593314816e-08
356.0737231359316,-59.7009816684256,23.99916844958065,-0.2811693927335265,-1.7111447594978517,-2.0733292838020737e-08
356.09355073969255,-59.70025470113117,24.00750762665938,-0.2791594589985837,-1.7101743698253662,-1.9057947534464115e-08
356.11337769554086,-59.69952856339514,24.015846744048158,-0.27715603473598605,-1.7092049011029657,-1.739733857338477e-08
356.1332040067655,-59.698803255323966,24.024185801747002,-0.27515911852413383,-1.7082363589561096,-1.5751314380974364e-08
356.1530296766547,-59.69807877702288,24.03252479975591,-0.2731687089384014,-1.707268749008635,-1.4119976006438455e-08
356.17285470849674,-59.69735512859596,24.04086373807487,-0.2711848045511186,-1.7063020768827604,-1.2503272925174266e-08
356.19267910557954,-59.696632310146136,24.049202616703884,-0.2692074039315801,-1.7053363481990838,-1.0901205137181794e-08
356.2125028711904,-59.69591032177514,24.057541435642975,-0.2672365056460533,-1.7043715685765835,-9.31384000859808e-09
356.2323260086168,-59.695189163583585,24.06588019489211,-0.2652721082577628,-1.7034077436326238,-7.741059648683303e-09
356.2521485211456,-59.69446883567092,24.07421889445131,-0.2633142103268997,-1.7024448789829507,-6.182847215903206e-09
356.27197041206324,-59.69374933813537,24.082557534320575,-0.26136281041063314,-1.7014829802416958,-4.639286917929087e-09
356.2917916846562,-59.69303067107405,24.0908961144999,-0.2594179070630852,-1.7005220530213803,-3.1103619132266856e-09
356.3116123422102,-59.6923128345829,24.099234634989276,-0.2574794988353587,-1.6995621029329095,-1.5960216771932236e-09
356.3314323880111,-59.69159582875671,24.10757309578872,-0.2555475842755176,-1.6986031355855806,-9.623252676018107e-11
356.35125182534415,-59.69087965368908,24.115911496898217,-0.2536221619285952,-1.6976451565870798,1.3889550134696629e-09
356.37107065749433,-59.69016430947245,24.124249838317784,-0.25170323033660386,-1.6966881715434847,2.859557785030568e-09
356.3908888877463,-59.68944979619814,24.132588120047398,-0.24979078803851737,-1.6957321860592667,4.3156599955938334e-09
356.4107065193847,-59.688736113956224,24.14092634208708,-0.24788483357028046,-1.6947772057372898,5.757042705214081e-09
356.4305235556932,-59.68802326283572,24.14926450443682,-0.24598536546482136,-1.6938232361788148,7.183958536905209e-09
356.4503399999559,-59.68731124292439,24.157602607096614,-0.24409238225202662,-1.6928702829834974,8.596340124530176e-09
356.4701558554558,-59.68660005430888,24.165940650066478,-0.24220588245876956,-1.6919183517493916,9.994136943486206e-09
356.48997112547625,-59.68588969707469,24.174278633346393,-0.24032586460888827,-1.6909674480729495,1.1377450042978853e-08
356.5097858133,-59.685180171306115,24.182616556936374,-0.23845232722319593,-1.6900175775490247,1.2746178373802564e-08
356.52959992220946,-59.684471477086326,24.190954420836416,-0.2365852688194871,-1.6890687457708697,1.4100473509765672e-08
356.5494134554867,-59.683763614497295,24.199292225046513,-0.23472468791252493,-1.688120958330142,1.544013335245706e-08
356.5692264164136,-59.68305658361987,24.207629969566675,-0.23287058301405125,-1.6871742208169018,1.6765360000287853e-08
356.5890388082714,-59.68235038453371,24.21596765439689,-0.2310229526327905,-1.686228538819612,1.807603556251822e-08
356.6088506343416,-59.68164501731734,24.224305279537173,-0.2291817952744337,-1.685283917925144,1.937222740528521e-08
356.62866189790464,-59.6809404820481,24.232642844987517,-0.2273471094416611,-1.684340363718776,2.0653986053191598e-08
356.64847260224104,-59.680236778802175,24.240980350747908,-0.22551889363412603,-1.683397881784194,2.1921227298566085e-08
356.66828275063125,-59.67953390765461,24.249317796818374,-0.2236971463484561,-1.6824564777034934,2.3173984824477196e-08
356.6880923463547,-59.678831868679254,24.257655183198896,-0.22188186607827137,-1.6815161570571808,2.4412224947856403e-08
356.70790139269104,-59.678130661948835,24.26599250988947,-0.22007305131416277,-1.680576925424176,2.563606555944353e-08
356.7277098929195,-59.67743028753487,24.274329776890113,-0.21827070054370068,-1.67963878838181,2.6845422451567275e-08
356.7475178503188,-59.67673074550779,24.282666984200816,-0.21647481225144602,-1.6787017515058282,2.8040362990364677e-08
356.7673252681674,-59.67603203593679,24.29100413182157,-0.2146853849189332,-1.6777658203703936,2.922085349276722e-08
356.7871321497434,-59.67533415888995,24.299341219752392,-0.2129024170246858,-1.6768310005480838,3.0386877117240646e-08
356.80693849832466,-59.67463711443419,24.30767824799327,-0.2111259070442062,-1.6758972976098954,3.1538484388387724e-08
356.8267443171888,-59.673940902635245,24.316015216544212,-0.20935585344997856,-1.674964717125245,3.2675692147742725e-08
356.8465496096126,-59.6732455235577,24.32435212540522,-0.20759225471147902,-1.6740332646619664,3.379844987070286e-08
356.8663543788732,-59.672550977265026,24.33268897457628,-0.20583510929516155,-1.6731029457863196,3.490679124033666e-08
356.886158628247,-59.67185726381947,24.341025764057406,-0.20408441566446436,-1.6721737660629827,3.6000766781246893e-08
356.9059623610099,-59.67116438328213,24.349362493848584,-0.20234017227982096,-1.671245731055061,3.708024176115949e-08
356.9257655804379,-59.670472335712994,24.357699163949825,-0.20060237759864014,-1.6703188463240837,3.8145384595417044e-08
356.9455682898063,-59.66978112117084,24.366035774361126,-0.19887103007532514,-1.6693931174300047,3.9196161600951034e-08
356.9653704923902,-59.669090739713326,24.374372325082494,-0.1971461281612638,-1.668468549931208,4.023250541162442e-08
356.98517219146447,-59.66840119139693,24.382708816113915,-0.195427670304829,-1.6675451493845057,4.1254533918177026e-08
357.0049733903034,-59.66771247627696,24.39104524745539,-0.19371565495138748,-1.6666229213451382,4.226212922986903e-08
357.02477409218113,-59.66702459440761,24.399381619106943,-0.192010080543289,-1.6657018713667773,4.3255442920508775e-08
357.04457430037127,-59.66633754584187,24.407717931068547,-0.19031094551988054,-1.664782005001529,4.423435709935643e-08
357.06437401814725,-59.66565133063159,24.41605418334021,-0.18861824831749158,-1.663863327799929,4.519890544948053e-08
357.0841732487821,-59.664965948827465,24.424390375921934,-0.18693198736944322,-1.6629458453109514,4.6149087970881065e-08
357.1039719955485,-59.664281400479055,24.432726508813726,-0.18525216110605155,-1.6620295630820028,4.7084988871229334e-08
357.12377026171873,-59.66359768563472,24.44106258201557,-0.18357876795462064,-1.66111448665893,4.8006507101319784e-08
357.14356805056485,-59.662914804341696,24.44939859552748,-0.18191180633944354,-1.6602006215860143,4.891376055189223e-08
357.1633653653584,-59.66223275664602,24.45773454934944,-0.18025127468181382,-1.6592879734059789,4.9806614490672594e-08
357.1831622093707,-59.66155154259263,24.466070443481467,-0.17859717140000847,-1.6583765476599859,5.0685169966866435e-08
357.20295858587264,-59.660871162225284,24.474406277923556,-0.17694949490930734,-1.6574663498876392,5.1549410138939495e-08
357.2227544981348,-59.66019161558657,24.4827420526757,-0.17530824362197564,-1.656557385626985,5.2399402373028804e-08
