galstreams/tracks/track.st.Gaia-11.ibata2021.ecsv
# %ECSV 1.0
# ---
# datatype:
# - {name: ra, unit: deg, datatype: float64}
# - {name: dec, unit: deg, datatype: float64}
# - {name: distance, unit: kpc, datatype: float64}
# - {name: pm_ra_cosdec, unit: mas / yr, datatype: float64}
# - {name: pm_dec, unit: mas / yr, datatype: float64}
# - {name: radial_velocity, unit: km / s, datatype: float64}
# delimiter: ','
# meta: !!omap
# - __serialized_columns__:
#     dec:
#       __class__: astropy.coordinates.angles.Latitude
#       unit: &id001 !astropy.units.Unit {unit: deg}
#       value: !astropy.table.SerializedColumn {name: dec}
#     distance:
#       __class__: astropy.coordinates.distances.Distance
#       unit: !astropy.units.Unit {unit: kpc}
#       value: !astropy.table.SerializedColumn {name: distance}
#     pm_dec:
#       __class__: astropy.units.quantity.Quantity
#       unit: !astropy.units.Unit {unit: mas / yr}
#       value: !astropy.table.SerializedColumn {name: pm_dec}
#     pm_ra_cosdec:
#       __class__: astropy.units.quantity.Quantity
#       unit: !astropy.units.Unit {unit: mas / yr}
#       value: !astropy.table.SerializedColumn {name: pm_ra_cosdec}
#     ra:
#       __class__: astropy.coordinates.angles.Longitude
#       unit: *id001
#       value: !astropy.table.SerializedColumn {name: ra}
#       wrap_angle: !astropy.coordinates.Angle
#         unit: *id001
#         value: 360.0
#     radial_velocity:
#       __class__: astropy.units.quantity.Quantity
#       unit: !astropy.units.Unit {unit: km / s}
#       value: !astropy.table.SerializedColumn {name: radial_velocity}
# schema: astropy-2.0
ra,dec,distance,pm_ra_cosdec,pm_dec,radial_velocity
[from data line 1865]
276.06900816913407,31.134376256850786,13.203208818081995,-3.4897840366534734,4.682881771915935,1000.0000000000002
276.07298863145184,31.12496523467733,13.20482302392421,-3.4891471887506564,4.683493325572461,1000.0000000000006
276.07696857695737,31.115554167278724,13.206439863801535,-3.488510695705659,4.684105914955576,1000.0000000000002
276.08094800565135,31.106143054596895,13.208059340774659,-3.4878745580677086,4.684719540116132,1000.0000000000008
276.0849269175348,31.096731896573765,13.209681457904264,-3.487238776386157,4.6853342011050305,1000.0000000000002
276.0889053126084,31.087320693151305,13.211306218251043,-3.486603351210422,4.685949897973244,1000.0000000000003
276.0928831908729,31.0779094442715,13.212933624875664,-3.485968283090021,4.686566630771781,1000.0000000000003
276.0968605523289,31.068498149876373,13.214563680838829,-3.485333572574563,4.687184399551723,1000.0
276.1008373969771,31.059086809907964,13.216196389201215,-3.4846992202137477,4.687803204364193,1000.0000000000006
276.104813724818,31.049675424308337,13.217831753023509,-3.4840652265573486,4.688423045260384,1000.0000000000002
276.10878953585217,31.040263993019597,13.219469775366393,-3.483431592155263,4.689043922291524,1000.0000000000006
276.11276483008,31.030852515983867,13.221110459290555,-3.482798317557434,4.689665835508909,1000.0000000000002
276.116739607502,31.021440993143298,13.22275380785668,-3.482165403313936,4.690288784963895,1000.0000000000002
276.1207138681184,31.012029424440065,13.224399824125452,-3.4815328499748865,4.69091277070788,1000.0000000000006
276.12468761192963,31.002617809816382,13.226048511157556,-3.480900658090558,4.691537792792323,1000.0000000000002
276.12866083893584,30.99320614921447,13.22769987201368,-3.4802688282112473,4.6921638512687345,1000.0000000000006
276.1326335491373,30.983794442576595,13.229353909754503,-3.479637360887387,4.692790946188689,1000.0000000000002
276.1366057425342,30.974382689845054,13.231010627440716,-3.4790062566694617,4.693419077603796,1000.0000000000006
276.1405774191265,30.96497089096214,13.232670028132997,-3.478375516108077,4.694048245565738,1000.0000000000003
276.1445485789144,30.9555590458702,13.234332114892037,-3.4777451397539165,4.694678450126254,1000.0000000000003
276.1485192218978,30.946147154511596,13.235996890778521,-3.477115128157754,4.69530969133712,1000.0000000000002
276.15248934807664,30.936735216828744,13.237664358853133,-3.4764854818704523,4.69594196925017,1000.0000000000003
276.1564589574509,30.92732323276404,13.239334522176556,-3.4758562014429653,4.696575283917306,1000.0000000000003
276.1604280500204,30.91791120225994,13.241007383809476,-3.475227287426324,4.697209635390466,1000.0000000000007
276.1643966257849,30.908499125258913,13.242682946812579,-3.474598740371675,4.6978450237216665,1000.0000000000001
276.16836468474406,30.899087001703457,13.244361214246547,-3.473970560830228,4.698481448962934,1000.0000000000002
276.17233222689777,30.889674831536112,13.24604218917207,-3.4733427493533053,4.699118911166403,1000.0000000000006
276.1762992522454,30.880262614699415,13.24772587464983,-3.4727153064922884,4.699757410384231,1000.0000000000002
276.1802657607869,30.870850351135967,13.249412273740512,-3.4720882327986997,4.700396946668615,1000.0000000000006
276.1842317525214,30.861438040788343,13.251101389504798,-3.4714615288240793,4.701037520071841,1000.0000000000003
276.18819722744865,30.85202568359921,13.25279322500338,-3.4708351951201264,4.7016791306462205,1000.0000000000003
276.192162185568,30.842613279511202,13.254487783296938,-3.4702092322385827,4.702321778444143,1000.0000000000003
276.1961266268788,30.83320082846702,13.256185067446156,-3.4695836407312965,4.702965463518023,1000.0000000000003
276.2000905513805,30.823788330409368,13.257885080511723,-3.4689584211502167,4.70361018592035,1000.0000000000006
276.20405395907227,30.814375785280994,13.259587825554325,-3.468333574047363,4.704255945703652,1000.0000000000003
276.2080168499533,30.804963193024644,13.261293305634645,-3.467709099974842,4.704902742920523,1000.0000000000006
276.2119792240229,30.795550553583137,13.263001523813363,-3.4670849994848716,4.705550577623599,1000.0000000000006
276.2159410812801,30.786137866899267,13.26471248315117,-3.466461273129749,4.7061994498655775,1000.0000000000002
276.219902421724,30.776725132915896,13.266426186708747,-3.465837921461851,4.706849359699202,1000.0000000000007
276.2238632453536,30.767312351575878,13.268142637546783,-3.465214945033651,4.707500307177275,1000.0000000000003
276.2278235521679,30.757899522822104,13.26986183872596,-3.464592344397716,4.708152292352644,1000.0000000000002
276.2317833421658,30.748486646597545,13.271583793306965,-3.4639701201066906,4.708805315278211,1000.0000000000003
276.23574261534617,30.73907372284509,13.273308504350481,-3.4633482727133256,4.70945937600693,1000.0000000000006
276.2397013717078,30.72966075150774,13.2750359749172,-3.4627268027704363,4.71011447459182,1000.0000000000003
276.24365961124954,30.720247732528506,13.276766208067796,-3.462105710830965,4.710770611085939,1000.0000000000006
276.24761733397,30.71083466585041,13.27849920686296,-3.4614849974479025,4.711427785542388,1000.0000000000002
276.25157453986793,30.701421551416495,13.280234974363374,-3.4608646631743505,4.712085998014346,1000.0000000000003
276.2555312289419,30.69200838916984,13.281973513629728,-3.460244708563497,4.7127452485550245,1000.0000000000006
276.25948740119054,30.682595179053575,13.2837148277227,-3.459625134168635,4.713405537217696,1000.0000000000003
276.26344305661223,30.67318192101079,13.285458919702988,-3.459005940543096,4.714066864055675,1000.0000000000006
276.2673981952055,30.66376861498469,13.28720579263126,-3.458387128240366,4.714729229122342,1000.0000000000002
276.2713528169688,30.65435526091843,13.288955449568215,-3.4577686978139766,4.715392632471107,1000.0000000000002
276.27530692190044,30.644941858755224,13.290707893574526,-3.4571506498175646,4.71605707415546,1000.0000000000002
276.2792605099987,30.63552840843832,13.29246312771089,-3.456532984804844,4.716722554228924,1000.0000000000001
276.2832135812619,30.626114909910953,13.294221155037983,-3.4559157033296315,4.7173890727450765,1000.0000000000006
276.2871661356882,30.616701363116434,13.295981978616494,-3.4552988059458283,4.718056629757544,1000.0000000000003
276.29111817327583,30.60728776799807,13.297745601507104,-3.4546822932074273,4.718725225320013,1000.0000000000002
276.29506969402274,30.597874124499203,13.299512026770502,-3.4540661656684994,4.719394859486218,1000.0000000000001
276.2990206979271,30.58846043256319,13.301281257467377,-3.4534504238832135,4.720065532309942,1000.0000000000002
276.3029711849869,30.579046692133424,13.303053296658405,-3.4528350684058315,4.720737243845012,1000.0000000000002
276.3069211552001,30.56963290315332,13.304828147404276,-3.4522200997906887,4.72140999414532,1000.0000000000002
276.3108706085646,30.560219065566315,13.306605812765675,-3.4516055185922343,4.722083783264806,1000.0000000000002
276.31481954507814,30.550805179315898,13.308386295803286,-3.4509913253649733,4.722758611257445,1000.0000000000001
276.31876796473864,30.541391244345533,13.31016959957779,-3.4503775206635314,4.723434478177288,1000.0000000000002
276.32271586754376,30.53197726059877,13.311955727149881,-3.4497641050426027,4.724111384078415,1000.0000000000002
276.32666325349123,30.522563228019134,13.313744681580237,-3.449151079056978,4.724789329014965,1000.0000000000006
276.33061012257883,30.5131491465502,13.315536465929544,-3.448538443261551,4.725468313041133,1000.0000000000002
276.33455647480395,30.503735016135547,13.317331083258491,-3.4479261982112694,4.72614833621116,1000.0000000000002
276.3385023101642,30.494320836718824,13.319128536627758,-3.4473143444611853,4.7268293985793255,1000.0000000000003
276.34244762865706,30.48490660824366,13.320928829098033,-3.4467028825664663,4.727511500199983,1000.0000000000002
276.3463924302801,30.47549233065374,13.322731963729998,-3.4460918130823384,4.728194641127512,1000.0
276.35033671503055,30.46607800389275,13.324537943584343,-3.4454811365641165,4.728878821416356,1000.0
276.3542804829058,30.456663627904405,13.32634677172175,-3.444870853567216,4.729564041121015,1000.0000000000001
276.3582237339032,30.447249202632474,13.328158451202903,-3.444260964647138,4.730250300296016,1000.0000000000006
276.3621664680199,30.437834728020714,13.329972985088485,-3.443651470359477,4.730937598995958,1000.0
276.3661086852531,30.428420204012934,13.331790376439194,-3.4430423712598994,4.73162593727548,1000.0000000000006
276.3700503856,30.419005630552967,13.333610628315691,-3.442433667904189,4.732315315189259,1000.0000000000003
276.37399156905764,30.40959100758464,13.335433743778685,-3.4418253608481804,4.733005732792053,1000.0000000000006
276.3779322356231,30.40017633505184,13.337259725888849,-3.4412174506478292,4.7336971901386375,1000.0000000000002
276.38187238529326,30.39076161289845,13.339088577706868,-3.4406099378591612,4.734389687283863,1000.0000000000006
276.3858120180652,30.381346841068428,13.340920302293432,-3.4400028230383097,4.735083224282602,1000.0000000000003
276.38975113393576,30.371932019505707,13.342754902709219,-3.4393961067414773,4.735777801189798,1000.0000000000003
276.3936897329017,30.362517148154254,13.34459238201492,-3.4387897895249537,4.736473418060439,1000.0000000000003
276.3976278149599,30.353102226958068,13.346432743271219,-3.4381838719451467,4.737170074949565,1000.0
276.401565380107,30.343687255861198,13.348275989538799,-3.437578354558506,4.737867771912241,1000.0000000000002
276.40550242833973,30.33427223480768,13.350122123878347,-3.436973237921617,4.738566509003617,1000.0000000000002
276.40943895965466,30.324857163741587,13.351971149350545,-3.436368522591113,4.739266286278864,1000.0000000000002
276.41337497404857,30.31544204260703,13.353823069016082,-3.435764209123757,4.73996710379322,1000.0000000000002
276.41731047151774,30.306026871348124,13.355677885935641,-3.43516029807636,4.740668961601961,1000.0000000000002
276.4212454520588,30.29661164990903,13.357535603169902,-3.4345567900058542,4.7413718597604095,1000.0000000000002
276.4251799156681,30.287196378233908,13.35939622377956,-3.4339536854692234,4.742075798323955,1000.0000000000002
276.4291138623421,30.277781056266974,13.361259750825296,-3.433350985023586,4.742780777348001,1000.0000000000006
276.4330472920771,30.268365683952442,13.363126187367794,-3.432748689226126,4.743486796888041,1000.0000000000001
276.43698020486937,30.25895026123458,13.364995536467736,-3.432146798634098,4.7441938569995825,1000.0000000000001
276.44091260071514,30.24953478805764,13.366867801185808,-3.4315453138048717,4.744901957738203,1000.0
276.44484447961054,30.240119264365926,13.3687429845827,-3.430944235295888,4.745611099159523,1000.0000000000003
276.44877584155176,30.230703690103788,13.370621089719096,-3.4303435636646924,4.7463212813191875,1000.0000000000002
276.45270668653484,30.221288065215543,13.372502119655675,-3.4297432994689117,4.74703250427293,1000.0000000000002
276.45663701455584,30.21187238964558,13.374386077453131,-3.4291434432662498,4.747744768076502,1000.0000000000001
276.4605668256107,30.202456663338317,13.376272966172138,-3.428543995614514,4.748458072785716,1000.0000000000003
276.4644961196954,30.193040886238137,13.378162788873388,-3.427944957071588,4.74917241845643,1000.0000000000002
276.46842489680574,30.183625058289504,13.380055548617566,-3.427346328195463,4.749887805144549,1000.0000000000002
276.47235315693763,30.17420917943691,13.38195124846536,-3.426748109544196,4.750604232906015,1000.0000000000002
276.47628090008675,30.164793249624832,13.383849891477446,-3.426150301675932,4.751321701796837,1000.0000000000006
276.4802081262489,30.15537726879779,13.385751480714513,-3.425552905148934,4.752040211873064,1000.0000000000002
276.48413483541975,30.145961236900337,13.387656019237248,-3.424955920521534,4.752759763190777,1000.0000000000001
276.4880610275949,30.13654515387705,13.389563510106338,-3.4243593483521293,4.753480355806132,1000.0000000000006
276.4919867027699,30.12712901967252,13.391473956382466,-3.4237631891992377,4.7542019897753,1000.0000000000006
276.4959118609403,30.117712834231373,13.39338736112631,-3.4231674436214554,4.754924665154528,1000.0000000000002
276.4998365021016,30.108296597498228,13.395303727398563,-3.422572112177476,4.755648382000099,1000.0000000000002
276.5037606262491,30.09888030941778,13.397223058259907,-3.421977195426059,4.756373140368337,1000.0000000000002
276.50768423337837,30.08946396993471,13.39914535677103,-3.4213826939260645,4.757098940315621,1000.0000000000002
276.5116073234846,30.080047578993742,13.401070625992613,-3.4207886082364487,4.7578257818983705,1000.0000000000001
276.5155298965631,30.070631136539618,13.402998868985344,-3.4201949389162367,4.758553665173052,1000.0000000000001
276.5194519526091,30.061214642517086,13.404930088809907,-3.419601686524563,4.759282590196194,1000.0000000000001
276.5233734916177,30.051798096870968,13.406864288526988,-3.4190088516206267,4.7600125570243454,1000.0000000000001
276.5272945135841,30.04238149954605,13.40880147119727,-3.4184164347637367,4.760743565714118,1000.0000000000002
276.53121501850336,30.032964850487183,13.410741639881438,-3.4178244365132797,4.761475616322166,1000.0000000000002
276.5351350063705,30.023548149639232,13.41268479764018,-3.41723285742874,4.762208708905199,1000.0000000000002
276.5390544771804,30.01413139694706,13.414630947534178,-3.4166416980696583,4.762942843519954,1000.0000000000006
276.54297343092816,30.004714592355626,13.416580092624114,-3.416050958995707,4.7636780202232325,1000.0000000000007
276.54689186760857,29.99529773580982,13.41853223597068,-3.4154606407666313,4.764414239071871,1000.0000000000002
276.55080978721634,29.98588082725462,13.420487380634558,-3.4148707439422386,4.765151500122746,1000.0000000000001
276.55472718974636,29.976463866635008,13.42244552967643,-3.4142812690824496,4.7658898034328,1000.0000000000002
276.5586440751934,29.967046853896,13.424406686156988,-3.4136922167472763,4.766629149058999,1000.0000000000001
276.56256044355194,29.95762978898261,13.426370853136909,-3.4131035874967974,4.767369537058377,1000.0000000000006
276.5664762948168,29.9482126718399,13.428338033676885,-3.4125153818912075,4.7681109674880044,1000.0000000000002
276.5703916289825,29.93879550241296,13.430308230837598,-3.4119276004907704,4.768853440404979,1000.0000000000002
276.57430644604347,29.92937828064687,13.432281447679733,-3.411340243855819,4.769596955866473,1000.0000000000002
276.57822074599426,29.919961006486787,13.434257687263969,-3.410753312546822,4.7703415139296785,1000.0000000000001
276.5821345288293,29.910543679877843,13.436236952651004,-3.4101668071243028,4.771087114651855,1000.0000000000003
276.5860477945429,29.9011263007652,13.43821924690151,-3.409580728148871,4.771833758090302,1000.0000000000002
276.5899605431294,29.89170886909408,13.440204573076183,-3.408995076181233,4.772581444302347,1000.0000000000002
276.5938727745831,29.882291384809704,13.442192934235702,-3.4084098517821886,4.773330173345375,1000.0000000000006
276.5977844888982,29.87287384785731,13.44418433344075,-3.4078250555126166,4.774079945276826,1000.0000000000002
276.60169568606887,29.863456258182172,13.446178773752017,-3.4072406879334887,4.774830760154166,1000.0000000000002
276.60560636608926,29.854038615729568,13.448176258230182,-3.406656749605859,4.775582618034925,1000.0000000000002
276.6095165289534,29.84462092044484,13.450176789935938,-3.4060732410908643,4.776335518976654,1000.0000000000002
276.61342617465533,29.835203172273317,13.452180371929963,-3.405490162949751,4.777089463036969,1000.0000000000002
276.61733530318907,29.82578537116035,13.454187007272948,-3.4049075157438224,4.777844450273517,1000.0
276.6212439145485,29.816367517051344,13.456196699025572,-3.404325300034492,4.778600480744007,1000.0000000000001
276.62515200872735,29.80694960989172,13.458209450248521,-3.403743516383246,4.779357554506167,1000.0000000000002
