galstreams/tracks/track.st.NGC3201-Gjoll.ibata2021.ecsv
# %ECSV 0.9
# ---
# datatype:
# - {name: ra, unit: deg, datatype: float64}
# - {name: dec, unit: deg, datatype: float64}
# - {name: distance, unit: kpc, datatype: float64}
# - {name: pm_ra_cosdec, unit: mas / yr, datatype: float64}
# - {name: pm_dec, unit: mas / yr, datatype: float64}
# - {name: radial_velocity, unit: km / s, datatype: float64}
# delimiter: ','
# meta: !!omap
# - __serialized_columns__:
#     dec:
#       __class__: astropy.coordinates.angles.Latitude
#       unit: &id001 !astropy.units.Unit {unit: deg}
#       value: !astropy.table.SerializedColumn {name: dec}
#     distance:
#       __class__: astropy.coordinates.distances.Distance
#       unit: !astropy.units.Unit {unit: kpc}
#       value: !astropy.table.SerializedColumn {name: distance}
#     pm_dec:
#       __class__: astropy.units.quantity.Quantity
#       unit: !astropy.units.Unit {unit: mas / yr}
#       value: !astropy.table.SerializedColumn {name: pm_dec}
#     pm_ra_cosdec:
#       __class__: astropy.units.quantity.Quantity
#       unit: !astropy.units.Unit {unit: mas / yr}
#       value: !astropy.table.SerializedColumn {name: pm_ra_cosdec}
#     ra:
#       __class__: astropy.coordinates.angles.Longitude
#       unit: *id001
#       value: !astropy.table.SerializedColumn {name: ra}
#       wrap_angle: !astropy.coordinates.Angle
#         unit: *id001
#         value: 360.0
#     radial_velocity:
#       __class__: astropy.units.quantity.Quantity
#       unit: !astropy.units.Unit {unit: km / s}
#       value: !astropy.table.SerializedColumn {name: radial_velocity}
# schema: astropy-2.0
ra,dec,distance,pm_ra_cosdec,pm_dec,radial_velocity
[from data line 2185]
80.74424601038608,-12.795524877579778,3.3599797647513987,23.427062660437702,-23.830293676180837,-1.0104920555846805e-13
80.75184020113296,-12.802246259119194,3.3598263479605897,23.42806698459522,-23.830305825143437,0.0
80.75943493724972,-12.808967268554312,3.359673131294449,23.429070014340837,-23.830315610118628,-2.694645481559148e-13
80.76703021895696,-12.815687905748606,3.359520114745591,23.430071750088707,-23.830323031642493,-5.0524602779234026e-14
80.77462604647495,-12.822408170565854,3.359367298306308,23.43107219225305,-23.830328090252223,0.0
80.7822224200237,-12.829128062870105,3.359214681968582,23.432071341248292,-23.830330786486122,-2.5262301389617017e-13
80.78981933982294,-12.835847582525714,3.3590622657240834,23.43306919748895,-23.83033112088361,-2.5262301389617017e-13
80.79741680609213,-12.842566729397305,3.358910049564163,23.43406576138975,-23.83032909398525,-3.368306851948935e-14
80.8050148190504,-12.849285503349805,3.3587580334798592,23.435061033365486,-23.83032470633262,-1.8525687685719145e-13
80.81261337891667,-12.856003904248432,3.358606217461896,23.43605501383116,-23.8303179584685,1.6841534259744676e-14
80.82021248590951,-12.86272193195868,3.3584546015006898,23.437047703201902,-23.830308850936724,-3.1998915093514883e-13
80.82781214024726,-12.869439586346326,3.3583031855863372,23.438039101892922,-23.83029738428222,-2.3578147963642546e-13
80.83541234214793,-12.876156867277448,3.358151969708623,23.439029210319678,-23.830283559051068,-1.6841534259744677e-13
80.84301309182932,-12.882873774618409,3.3580009538570215,23.4400180288977,-23.830267375790406,-2.1893994537668078e-13
80.85061438950888,-12.889590308235851,3.3578501380206975,23.441005558042633,-23.830248835048483,-1.6841534259744677e-13
80.8582162354038,-12.896306467996705,3.3576995221884975,23.441991798170356,-23.830227937374655,-2.1893994537668078e-13
80.86581862973101,-12.903022253768201,3.3575491063489604,23.442976749696818,-23.830204683319373,-3.536722194546382e-13
80.87342157270716,-12.909737665417833,3.357398890490313,23.443960413038116,-23.83017907343416,-1.6841534259744677e-13
80.8810250645486,-12.916452702813398,3.35724887460047,23.44494278861052,-23.830151108271668,-2.694645481559148e-13
80.88862910547142,-12.923167365823012,3.3570990586670364,23.445923876830374,-23.830120788385614,-1.6841534259744677e-13
80.8962336956914,-12.92988165431495,3.3569494426773074,23.44690367811424,-23.830088114330838,-1.0104920555846805e-13
80.90383883542404,-12.936595568157905,3.356800026618267,23.44788219287875,-23.830053086663238,-2.1893994537668078e-13
80.91144452488463,-12.94330910722082,3.3566508104765864,23.448859421540728,-23.830015705939836,1.6841534259744676e-14
80.91905076428809,-12.9500222713729,3.3565017942386333,23.44983536451711,-23.829975972718724,-3.031476166754042e-13
80.92665755384914,-12.956735060483654,3.35635297789046,23.45081002222496,-23.829933887559054,-1.0104920555846805e-13
80.9342648937822,-12.963447474422862,3.356204361417813,23.45178339508147,-23.829889451021103,-1.1789073981821273e-13
80.94187278430135,-12.970159513060604,3.3560559448061276,23.45275548350402,-23.82984266366624,-2.1893994537668078e-13
80.94948122562049,-12.976871176267224,3.355907728040534,23.453726287910076,-23.82979352605689,-1.6841534259744676e-14
80.95709021795315,-12.983582463913372,3.3557597111058506,23.45469580871727,-23.82974203875657,-1.515738083377021e-13
80.96469976151268,-12.990293375869971,3.355611893986588,23.45566404634333,-23.82968820232988,-2.694645481559148e-13
80.97230985651208,-12.997003912008212,3.355464276666951,23.45663100120617,-23.829632017342483,-8.420767129872338e-14
80.9799205031641,-13.003714072199598,3.355316859130836,23.4575966737238,-23.829573484361166,5.0524602779234026e-14
80.98753170168118,-13.010423856315901,3.3551696413618317,23.45856106431437,-23.82951260395374,-6.73661370389787e-14
80.99514345227556,-13.01713326422917,3.3550226233432205,23.45952417339617,-23.82944937668912,-2.020984111169361e-13
81.00275575515913,-13.023842295811745,3.3548758050579766,23.460486001387615,-23.8293838031373,-2.1893994537668078e-13
81.01036861054352,-13.030550950936247,3.3547291864887705,23.461446548707276,-23.829315883869338,-6.73661370389787e-14
81.01798201864014,-13.037259229475573,3.3545827676179623,23.46240581577384,-23.82924561945737,-2.5262301389617017e-13
81.02559597966003,-13.043967131302917,3.3544365484276115,23.463363803006136,-23.829173010474598,-2.8630608241565947e-13
81.03321049381402,-13.05067465629174,3.3542905288994684,23.464320510823065,-23.829098057495298,-1.0104920555846805e-13
81.04082556131266,-13.057381804315787,3.3541447090149794,23.465275939643742,-23.82902076109481,-3.368306851948935e-14
81.04844118236622,-13.064088575249086,3.353999088755284,23.466230089887365,-23.828941121849557,-3.536722194546382e-13
81.05605735718468,-13.070794968965952,3.3538536681012197,23.467182961973286,-23.828859140336995,-2.020984111169361e-13
81.06367408597778,-13.077500985340965,3.3537084470333185,23.468134556320965,-23.82877481713568,1.6841534259744676e-14
81.07129136895493,-13.084206624249015,3.3535634255318048,23.469084873350024,-23.82868815282524,-1.0104920555846805e-13
81.07890920632532,-13.090911885565237,3.3534186035766047,23.47003391348017,-23.828599147986328,-2.3578147963642546e-13
81.08652759829789,-13.09761676916511,3.3532739811473387,23.470981677131242,-23.82850780320065,3.368306851948935e-14
81.09414654508117,-13.104321274924272,3.353129558223322,23.471928164723266,-23.82841411905104,5.0524602779234026e-14
81.10176604688355,-13.111025402718743,3.352985334783566,23.472873376676343,-23.828318096121343,-3.368306851948935e-14
81.10938610391314,-13.1177291524248,3.352841310806783,23.473817313410702,-23.82821973499648,-1.6841534259744676e-14
81.1170067163777,-13.124432523918996,3.3526974862713814,23.4747599753467,-23.828119036262372,-1.6841534259744677e-13
81.1246278844848,-13.131135517078162,3.3525538611554664,23.475701362904857,-23.828016000506082,1.6841534259744676e-14
81.13224960844165,-13.137838131779404,3.3524104354368407,23.47664147650578,-23.82791062831568,-1.6841534259744677e-13
81.13987188845529,-13.144540367900118,3.352267209093005,23.4775803165702,-23.82780292028029,5.0524602779234026e-14
81.14749472473241,-13.151242225317958,3.352124182101162,23.47851788351901,-23.827692876990106,3.368306851948935e-14
81.15511811747947,-13.157943703910876,3.3519813544382093,23.479454177773203,-23.82758049903635,-6.73661370389787e-14
81.16274206690264,-13.164644803557106,3.351838726080747,23.480389199753855,-23.827465787011292,-2.3578147963642546e-13
81.17036657320782,-13.171345524135125,3.3516962970050703,23.48132294988226,-23.827348741508285,-1.6841534259744677e-13
81.17799163660064,-13.178045865523737,3.3515540671871795,23.482255428579766,-23.82722936312169,-1.0104920555846805e-13
81.18561725728645,-13.184745827601985,3.3514120366027678,23.483186636267863,-23.827107652446948,-8.420767129872338e-14
81.19324343547036,-13.191445410249209,3.351270205227233,23.484116573368176,-23.82698361008052,-2.8630608241565947e-13
81.2008701713572,-13.198144613345018,3.3511285730356755,23.485045240302426,-23.826857236619915,-1.0104920555846805e-13
81.2084974651515,-13.204843436769298,3.350987140002892,23.485972637492477,-23.82672853266369,-2.694645481559148e-13
81.21612531705753,-13.21154188040222,3.3508459061033826,23.486898765360294,-23.82659749881142,-2.694645481559148e-13
81.22375372727934,-13.21823994412422,3.3507048713113496,23.487823624327984,-23.82646413566375,-1.8525687685719145e-13
81.23138269602065,-13.224937627816022,3.3505640356006907,23.488747214817785,-23.826328443822362,-5.0524602779234026e-14
81.23901222348492,-13.231634931358618,3.3504233989450127,23.489669537252023,-23.826190423889983,-3.536722194546382e-13
81.24664230987538,-13.238331854633271,3.350282961317624,23.49059059205315,-23.82605007647031,-1.0104920555846805e-13
81.25427295539497,-13.245028397521533,3.35014272269153,23.491510379643763,-23.82590740216813,-1.8525687685719145e-13
81.26190416024637,-13.25172455990526,3.350002683039442,23.492428900446562,-23.825762401589305,-3.705137537143829e-13
81.26953592463192,-13.258420341666483,3.3498628423337764,23.493346154884346,-23.825615075340636,-1.347322740779574e-13
81.2771682487538,-13.2651157426876,3.34972320054665,23.494262143380077,-23.825465424030014,-1.347322740779574e-13
81.28480113281384,-13.271810762851254,3.349583757649884,23.49517686635678,-23.825313448266343,-2.5262301389617017e-13
81.29243457701367,-13.278505402040382,3.349444513615002,23.49609032423765,-23.825159148659548,-3.1998915093514883e-13
81.3000685815546,-13.28519966013817,3.349305468413232,23.49700251744601,-23.825002525820633,-3.536722194546382e-13
81.3077031466377,-13.291893537028079,3.3491666220155096,23.49791344640517,-23.82484358036153,-3.1998915093514883e-13
81.31533827246378,-13.298587032593865,3.3490279743924716,23.498823111538723,-23.82468231289527,-8.420767129872338e-14
81.32297395923334,-13.305280146719543,3.3488895255144575,23.499731513270323,-23.82451872403593,-2.8630608241565947e-13
81.33061020714665,-13.31197287928941,3.34875127535152,23.50063865202368,-23.82435281439852,-8.420767129872338e-14
81.33824701640371,-13.318665230188019,3.348613223873409,23.501544528222663,-23.82418458459914,-3.3683068519489354e-13
81.34588438720428,-13.325357199300214,3.348475371049583,23.502449142291297,-23.82401403525489,-1.347322740779574e-13
81.35352231974778,-13.3320487865111,3.3483377168492074,23.50335249465365,-23.823841166983897,-3.368306851948935e-14
81.36116081423343,-13.338739991706072,3.3482002612411548,23.504254585733932,-23.823665980405277,5.0524602779234026e-14
81.36879987086017,-13.345430814770774,3.348063004193999,23.505155415956487,-23.823488476139207,-1.6841534259744676e-14
81.37643948982665,-13.35212125559115,3.3479259456760273,23.506054985745738,-23.82330865480685,-3.368306851948935e-14
81.38407967133129,-13.35881131405338,3.347789085655231,23.506953295526245,-23.82312651703037,-3.368306851948935e-14
81.39172041557222,-13.365500990043953,3.3476524240993046,23.507850345722694,-23.822942063433,-1.6841534259744676e-14
81.39936172274733,-13.372190283449605,3.34751596097566,23.508746136759804,-23.822755294638895,-1.515738083377021e-13
81.40700359305423,-13.378879194157347,3.347379696251409,23.509640669062506,-23.82256621127331,-3.705137537143829e-13
81.41464602669024,-13.385567722054494,3.3472436298933723,23.510533943055812,-23.822374813962476,-3.8735528797412755e-13
81.42228902385247,-13.392255867028572,3.3471077618680822,23.51142595916479,-23.822181103333588,-2.3578147963642546e-13
81.42993258473773,-13.39894362896743,3.346972092141779,23.512316717814688,-23.821985080014926,-2.020984111169361e-13
81.43757670954257,-13.40563100775916,3.34683662068041,23.51320621943083,-23.821786744635702,-8.420767129872338e-14
81.4452213984633,-13.412318003292135,3.346701347449632,23.514094464438656,-23.821586097826195,-1.6841534259744676e-14
81.45286665169598,-13.419004615455032,3.346566272414814,23.51498145326372,-23.821383140217627,-2.694645481559148e-13
81.46051246943634,-13.425690844136689,3.346431395541033,23.515867186331658,-23.821177872442274,-1.6841534259744677e-13
81.46815885187986,-13.432376689226318,3.346296716793076,23.51675166406826,-23.820970295133364,-1.6841534259744676e-14
81.47580579922182,-13.439062150613374,3.34616223613544,23.51763488689938,-23.820760408925192,1.0104920555846805e-13
81.48345331165719,-13.445747228187576,3.346027953532334,23.518516855251015,-23.820548214452973,-1.6841534259744676e-14
81.49110138938067,-13.452431921838926,3.345893868947673,23.51939756954926,-23.820333712352973,-2.694645481559148e-13
81.49875003258678,-13.459116231457658,3.345759982345094,23.520277030220292,-23.820116903262413,-2.1893994537668078e-13
81.50639924146968,-13.465800156934321,3.3456262936879337,23.521155237690444,-23.819897787819585,-3.3683068519489354e-13
81.5140490162233,-13.472483698159696,3.3454928029392508,23.522032192386067,-23.81967636666364,-2.3578147963642546e-13
81.52169935704133,-13.479166855024856,3.345359510061805,23.52290789473371,-23.819452640434825,-1.6841534259744676e-14
81.52935026411717,-13.48584962742113,3.3452264150180775,23.52378234515999,-23.819226609774397,-6.73661370389787e-14
81.53700173764399,-13.492532015240124,3.345093517770258,23.524655544091644,-23.818998275324514,-2.020984111169361e-13
81.54465377781467,-13.499214018373703,3.3449608182802497,23.525527491955504,-23.818767637728378,-2.020984111169361e-13
81.55230638482189,-13.505895636713985,3.3448283165096684,23.52639818917845,-23.818534697630167,-1.6841534259744677e-13
81.55995955885795,-13.512576870153403,3.344696012419844,23.52726763618758,-23.818299455675042,-1.8525687685719145e-13
81.56761330011501,-13.51925771858462,3.344563905971821,23.528135833409994,-23.81806191250915,0.0
81.57526760878496,-13.525938181900555,3.3444319971263563,23.529002781272943,-23.8178220687796,-2.3578147963642546e-13
81.58292248505934,-13.532618259994432,3.344300285843922,23.529868480203785,-23.817579925134538,1.6841534259744676e-14
81.5905779291295,-13.53929795275972,3.3441687720847026,23.53073293062995,-23.817335482223037,-3.031476166754042e-13
81.59823394118652,-13.545977260090142,3.3440374558086003,23.531596132978986,-23.817088740695173,-1.1789073981821273e-13
81.60589052142124,-13.552656181879708,3.3439063369752318,23.532458087678528,-23.81683970120197,-5.0524602779234026e-14
81.61354767002423,-13.559334718022695,3.343775415543926,23.533318795156376,-23.8165883643955,-3.368306851948935e-14
81.62120538718577,-13.566012868413642,3.3436446914737306,23.53417825584033,-23.816334730928734,-2.5262301389617017e-13
81.62886367309596,-13.572690632947365,3.3435141647234086,23.535036470158378,-23.816078801455685,-3.8735528797412755e-13
81.6365225279445,-13.579368011518874,3.34338383525144,23.535893438538537,-23.815820576631236,-3.031476166754042e-13
81.64418195192098,-13.586045004023536,3.3432537030160194,23.536749161408967,-23.815560057111366,-2.5262301389617017e-13
81.65184194521468,-13.592721610356923,3.3431237679750576,23.537603639197922,-23.81529724355296,-6.73661370389787e-14
81.6595025080146,-13.599397830414937,3.342994030086184,23.538456872333747,-23.815032136613862,-2.694645481559148e-13
81.6671636405095,-13.606073664093678,3.342864489306746,23.539308861244905,-23.81476473695293,-3.368306851948935e-14
81.67482534288791,-13.61274911128953,3.3427351455938075,23.540159606359893,-23.81449504522992,-3.031476166754042e-13
81.68248761533806,-13.619424171899153,3.342605998904149,23.541009108107392,-23.814223062105626,-3.368306851948935e-14
81.69015045804797,-13.626098845819481,3.3424770491942692,23.54185736691612,-23.813948788241785,-1.1789073981821273e-13
81.69781387120535,-13.632773132947674,3.3423482964203877,23.542704383214925,-23.81367222430108,-2.8630608241565947e-13
81.7054778549977,-13.639447033181183,3.3422197405384404,23.543550157432712,-23.813393370947146,-2.1893994537668078e-13
81.71314240961223,-13.646120546417722,3.342091381504083,23.544394689998533,-23.813112228844624,-1.6841534259744676e-14
81.72080753523595,-13.65279367255525,3.3419632192726914,23.54523798134147,-23.812828798659066,-3.368306851948935e-14
81.72847323205555,-13.659466411492012,3.3418352537993585,23.54608003189077,-23.812543081057022,-2.020984111169361e-13
81.7361395002575,-13.666138763126494,3.3417074850388975,23.546920842075753,-23.812255076705988,-2.3578147963642546e-13
81.743806340028,-13.672810727357463,3.3415799129458432,23.547760412325797,-23.8119647862744,-2.3578147963642546e-13
81.75147375155304,-13.679482304083932,3.3414525374744493,23.548598743070414,-23.811672210431656,-1.8525687685719145e-13
81.75914173501829,-13.686153493205191,3.341325358578693,23.549435834739178,-23.811377349848115,-8.420767129872338e-14
81.7668102906092,-13.692824294620793,3.341198376212265,23.55027168776179,-23.81108020519509,1.6841534259744676e-14
81.77447941851096,-13.699494708230532,3.3410715903285855,23.55110630256804,-23.81078077714485,-8.420767129872338e-14
