galstreams/tracks/track.st.C-22.ibata2024.ecsv
# %ECSV 1.0
# ---
# datatype:
# - {name: ra, unit: deg, datatype: float64}
# - {name: dec, unit: deg, datatype: float64}
# - {name: distance, unit: kpc, datatype: float64}
# - {name: pm_ra_cosdec, unit: mas / yr, datatype: float64}
# - {name: pm_dec, unit: mas / yr, datatype: float64}
# - {name: radial_velocity, unit: km / s, datatype: float64}
# delimiter: ','
# meta: !!omap
# - __serialized_columns__:
#     dec:
#       __class__: astropy.coordinates.angles.Latitude
#       unit: &id001 !astropy.units.Unit {unit: deg}
#       value: !astropy.table.SerializedColumn {name: dec}
#     distance:
#       __class__: astropy.coordinates.distances.Distance
#       unit: !astropy.units.Unit {unit: kpc}
#       value: !astropy.table.SerializedColumn {name: distance}
#     pm_dec:
#       __class__: astropy.units.quantity.Quantity
#       unit: !astropy.units.Unit {unit: mas / yr}
#       value: !astropy.table.SerializedColumn {name: pm_dec}
#     pm_ra_cosdec:
#       __class__: astropy.units.quantity.Quantity
#       unit: !astropy.units.Unit {unit: mas / yr}
#       value: !astropy.table.SerializedColumn {name: pm_ra_cosdec}
#     ra:
#       __class__: astropy.coordinates.angles.Longitude
#       unit: *id001
#       value: !astropy.table.SerializedColumn {name: ra}
#       wrap_angle: !astropy.coordinates.Angle
#         unit: *id001
#         value: 360.0
#     radial_velocity:
#       __class__: astropy.units.quantity.Quantity
#       unit: !astropy.units.Unit {unit: km / s}
#       value: !astropy.table.SerializedColumn {name: radial_velocity}
# schema: astropy-2.0
ra,dec,distance,pm_ra_cosdec,pm_dec,radial_velocity
[from data line 851]
202.81036372759058,17.65998630670614,1.0000000000000004,1.5607635781170135,-3.4735762751040333,197.00496782341924
202.82060564518824,17.662238546992157,1.0000000000000007,1.560529331763357,-3.47419729108001,197.43112556644522
202.8308472528805,17.66449317616096,1.0000000000000007,1.5602989801403009,-3.4748246520205157,197.85932243213873
202.8410885493795,17.666750203204902,1.0000000000000007,1.5600725318414437,-3.475458378631499,198.28956256977023
202.85132953339942,17.669009637116655,1.0000000000000007,1.5598499954558918,-3.4760984916209754,198.7218501286101
202.86157020365653,17.671271486889243,1.0000000000000007,1.559631379568172,-3.4767450116990357,199.15618925792865
202.87181055886907,17.673535761516018,1.0000000000000007,1.5594166927582176,-3.477397959577848,199.59258410699653
202.88205059775729,17.67580246999069,1.0000000000000007,1.5592059436014694,-3.478057355971643,200.0310388250841
202.89229031904355,17.678071621307275,1.0000000000000007,1.5589991406687247,-3.478723221596713,200.47155756146174
202.90252972145214,17.68034322446014,1.0000000000000007,1.5587962925263188,-3.479395577171429,200.91414446540003
202.9127688037095,17.682617288444007,1.0000000000000007,1.5585974077359097,-3.4800744434162247,201.35880368616924
202.92300756454392,17.684893822253905,1.0000000000000007,1.5584024948547377,-3.480759841053608,201.8055393730399
202.93324600268596,17.68717283488521,1.0000000000000009,1.5582115624353374,-3.481451790808144,202.25435567528257
202.94348411686795,17.689454335333647,1.0000000000000004,1.5580246190257991,-3.482150313406482,202.7052567421673
202.9537219058244,17.691738332595254,1.0000000000000007,1.5578416731695732,-3.482855429577299,203.15824672296503
202.96395936829188,17.694024835666415,1.0000000000000007,1.557662733405607,-3.4835671600513667,203.61332976694584
202.9741965030089,17.696313853543867,1.0000000000000007,1.557487808268208,-3.48428552556153,204.07051002338025
202.98443330871604,17.698605395224646,1.0000000000000007,1.5573169062872054,-3.4850105468426555,204.5297916415388
202.99466978415586,17.70089946970615,1.0000000000000007,1.5571500359878225,-3.485742244631709,204.99117877069176
203.00490592807304,17.703196085986104,1.0000000000000007,1.5569872058907173,-3.4864806396677004,205.45467556010976
203.01514173921424,17.705495253062566,1.0000000000000007,1.5568284245120019,-3.487225752691712,205.92028615906312
203.0253772163282,17.707796979933928,1.0000000000000007,1.556673700363179,-3.4879776044468755,206.3880147168223
203.03561235816557,17.71010127559892,1.0000000000000007,1.5565230419512748,-3.4887362156783848,206.85786538265774
203.04584716347918,17.7124081490566,1.0000000000000004,1.5563764577786223,-3.489501607133505,207.32984230583978
203.05608163102374,17.714717609306355,1.0000000000000007,1.5562339563431333,-3.4902737995615354,207.8039496356391
203.06631575955618,17.71702966534793,1.0000000000000004,1.5560955461380193,-3.491052813713859,208.28019152132592
203.07654954783527,17.719344326181368,1.0000000000000007,1.5559612356520418,-3.4918386703438955,208.75857211217078
203.08678299462196,17.721661600807074,1.0000000000000007,1.5558310333692837,-3.49263139020713,209.23909555744407
203.09701609867912,17.723981498225765,1.0000000000000007,1.5557049477693656,-3.4934309940611037,209.7217660064163
203.10724885877175,17.726304027438502,1.0000000000000007,1.5555829873272753,-3.4942375026654133,210.2065876083579
203.1174812736668,17.72862919744668,1.0000000000000007,1.555465160513446,-3.4950509367817038,210.69356451253918
203.12771334213338,17.73095701725201,1.0000000000000007,1.5553514757937403,-3.4958713171736786,211.18270086823068
203.13794506294244,17.73328749585655,1.0000000000000007,1.5552419416294558,-3.496698664607088,211.67400082470272
203.14817643486714,17.73562064226269,1.0000000000000007,1.5551365664773371,-3.497532999849742,212.16746853122592
203.1584074566826,17.737956465473136,1.0000000000000007,1.5550353587895245,-3.4983743436715056,212.66310813707074
203.16863812716593,17.740294974490944,1.0000000000000007,1.5549383270136143,-3.499222716844276,213.16092379150743
203.1788684450964,17.74263617831948,1.0000000000000007,1.5548454795926379,-3.5000781401420245,213.66091964380655
203.1890984092552,17.744980085962467,1.0000000000000004,1.5547568249650272,-3.500940634340754,214.1630998432384
203.1993280184256,17.747326706423927,1.0000000000000007,1.5546723715646564,-3.5018102202185126,214.66746853907364
203.20955727139292,17.749676048708235,1.0000000000000007,1.5545921278208485,-3.5026869185554173,215.1740298805826
203.2197861669445,17.752028121820096,1.0000000000000004,1.5545161021583151,-3.503570750133621,215.6827880170357
203.23001470386967,17.75438293476452,1.0000000000000007,1.554444302997247,-3.504461735737312,216.19374709770338
203.24024288095984,17.756740496546875,1.0000000000000007,1.5543767387532181,-3.5053598961527417,216.70691127185603
203.25047069700852,17.759100816172847,1.0000000000000004,1.5543134178372515,-3.506265252168202,217.22228468876426
203.26069815081112,17.761463902648448,1.0000000000000007,1.5542543486557854,-3.5071778245740184,217.7398714976982
203.27092524116523,17.763829764980013,1.0000000000000007,1.554199539610682,-3.5080976341625814,218.2596758479287
203.28115196687034,17.76619841217423,1.0000000000000007,1.5541489990992439,-3.5090247017283023,218.78170188872576
203.2913783267281,17.768569853238073,1.0000000000000007,1.554102735514192,-3.509959048067639,219.30595376936023
203.30160431954212,17.770944097178894,1.0000000000000007,1.554060757243679,-3.510900693979112,219.8324356391025
203.31182994411805,17.773321153004332,1.0000000000000007,1.554023072671285,-3.51184966026325,220.3611516472225
203.32205519926362,17.77570102972238,1.0000000000000007,1.5539896901759782,-3.512805967722656,220.8921059429912
203.33228008378853,17.778083736341337,1.0000000000000009,1.5539606181322263,-3.5137696371619356,221.42530267567892
203.34250459650465,17.78046928186985,1.0000000000000004,1.5539358649098176,-3.5147406893877697,221.960745994556
203.3527287362257,17.782857675316865,1.0000000000000007,1.5539154388740926,-3.51571914520885,222.498440048893
203.36295250176764,17.785248925691683,1.0000000000000007,1.5538993483856949,-3.516705025435913,223.0383889879602
203.3731758919483,17.787643042003914,1.0000000000000007,1.5538876018007386,-3.517698350881739,223.58059696102822
203.3833989055876,17.790040033263505,1.0000000000000007,1.5538802074708222,-3.5186991423611396,224.1250681173673
203.3936215415076,17.79243990848072,1.0000000000000007,1.553877173742844,-3.519707420690958,224.6718066062481
203.40384379853225,17.79484267666615,1.0000000000000007,1.5538785089592189,-3.5207232066900787,225.22081657694073
203.41406567548762,17.797248346830717,1.0000000000000007,1.5538842214577677,-3.521746521179413,225.7721021787161
203.4242871712018,17.799656927985655,1.0000000000000007,1.5538943195716968,-3.522777384981909,226.3256675608443
203.43450828450494,17.802068429142548,1.0000000000000007,1.5539088116296824,-3.523815818922552,226.88151687259582
203.44472901422924,17.80448285931326,1.0000000000000009,1.553927705955772,-3.5248618438283312,227.43965426324112
203.45494935920885,17.806900227510038,1.0000000000000007,1.5539510108694756,-3.52591548052831,228.00008388205066
203.4651693182801,17.8093205427454,1.0000000000000007,1.5539787346857175,-3.5269767498535547,228.56280987829493
203.4753888902812,17.81174381403222,1.0000000000000007,1.554010885714824,-3.5280456726371554,229.12783640124422
203.4856080740526,17.814170050383684,1.0000000000000007,1.5540474722625426,-3.5291222697142555,229.69516760016916
203.49582686843658,17.8165992608133,1.0000000000000007,1.5540885026300764,-3.530206561922002,230.26480762434016
203.50604527227765,17.819031454334915,1.0000000000000004,1.5541339851139782,-3.5312985700995814,230.83676062302735
203.51626328442217,17.82146663996267,1.0000000000000004,1.5541839280063208,-3.532398315088205,231.41103074550153
203.52648090371872,17.823904826711047,1.0000000000000007,1.554238339594491,-3.5335058177311023,231.98762214103297
203.53669812901782,17.82634602359485,1.0000000000000007,1.5542972281613778,-3.5346210988735365,232.56653895889224
203.54691495917206,17.828790239629207,1.0000000000000007,1.5543606019852376,-3.5357441793627924,233.14778534834971
203.55713139303606,17.831237483829565,1.0000000000000007,1.5544284693397614,-3.536875080048185,233.73136545867573
203.56734742946654,17.833687765211682,1.0000000000000007,1.5545008384940573,-3.538013821781023,234.31728343914085
203.57756306732213,17.836141092791653,1.0000000000000007,1.5545777177126823,-3.539160425414682,234.90554343901533
203.58777830546364,17.83859747558589,1.0000000000000007,1.5546591152555536,-3.5403149118045185,235.49614960756995
203.59799314275392,17.84105692261112,1.0000000000000007,1.554745039378016,-3.541477301807932,236.0891060940748
203.60820757805772,17.8435194428844,1.0000000000000004,1.5548354983309025,-3.542647616284336,236.68441704780048
203.61842161024197,17.845985045423088,1.0000000000000007,1.5549305003603884,-3.5438258760951538,237.28208661801756
203.62863523817558,17.848453739244896,1.0000000000000007,1.5550300537080801,-3.5450121021038417,237.8821189539961
203.63884846072955,17.85092553336782,1.0000000000000007,1.5551341666110154,-3.546206315175864,238.48451820500694
203.64906127677688,17.853400436810208,1.0000000000000007,1.5552428473016562,-3.5474085361787093,239.08928852032022
203.65927368519266,17.85587845859069,1.0000000000000004,1.5553561040078492,-3.5486187859818603,239.69643404920663
203.66948568485392,17.85835960772826,1.0000000000000007,1.555473944952901,-3.549837085456849,240.30595894093628
203.67969727463992,17.86084389324219,1.0000000000000007,1.5555963783554603,-3.5510634554771876,240.91786734477995
203.68990845343177,17.8633313241521,1.0000000000000007,1.5557234124296855,-3.552297916918427,241.53216341000802
203.70011922011275,17.865821909477912,1.0000000000000004,1.5558550553850878,-3.5535404906581185,242.14885128589066
203.7103295735681,17.86831565823986,1.0000000000000004,1.5559913154266347,-3.554791197575822,242.76793512169868
203.72053951268518,17.870812579458526,1.0000000000000007,1.5561322007546394,-3.556050058553124,243.38941906670223
203.73074903635333,17.873312682154783,1.0000000000000007,1.5562777195649247,-3.5573170944736017,244.01330727017185
203.74095814346404,17.875815975349834,1.0000000000000007,1.5564278800486342,-3.5585923262228665,244.63960388137804
203.75116683291068,17.87832246806517,1.0000000000000007,1.5565826903924105,-3.5598757746884964,245.26831304959106
203.7613751035888,17.88083216932266,1.0000000000000007,1.5567421587782668,-3.561167460760128,245.89943892408164
203.771582954396,17.88334508814443,1.0000000000000004,1.5569062933835873,-3.5624674053293823,246.53298565411987
203.78179038423178,17.885861233552955,1.0000000000000009,1.5570751023812583,-3.5637756292898786,247.16895738897648
203.79199739199788,17.888380614571016,1.0000000000000009,1.5572485939395477,-3.5650921535372486,247.80735827792168
203.80220397659792,17.890903240221707,1.0000000000000009,1.5574267762221083,-3.5664169989691317,248.44819247022613
203.8124101369377,17.89342911952844,1.0000000000000009,1.5576096573880243,-3.5677501864851706,249.0914641151602
203.8226158719249,17.89595826151495,1.0000000000000009,1.5577972455918392,-3.569091736987003,249.73717736199416
203.83282118046952,17.89849067520528,1.0000000000000009,1.5579895489833895,-3.5704416713782923,250.3853363599987
203.84302606148327,17.901026369623793,1.0000000000000009,1.5581865757080564,-3.571800010564674,251.0359452584441
203.85323051388013,17.90356535379516,1.0000000000000009,1.558388333906585,-3.5731667754538012,251.68900820660076
203.8634345365761,17.90610763674437,1.0000000000000009,1.5585948317150873,-3.5745419869553317,252.34452935373918
203.8736381284892,17.908653227496725,1.0000000000000009,1.5588060772651673,-3.575925665980913,253.00251284912994
203.88384128853943,17.911202135077847,1.0000000000000009,1.5590220786837925,-3.5773178334441873,253.66296284204324
203.89404401564897,17.913754368513665,1.0000000000000007,1.559242844093312,-3.578718510260808,254.32588348174957
203.90424630874193,17.916309936830423,1.0000000000000009,1.5594683816115733,-3.5801277173484127,254.99127891751965
203.9144481667445,17.91886884905468,1.0000000000000009,1.559698699351788,-3.5815454756266423,255.6591532986234
203.924649588585,17.921431114213306,1.0000000000000009,1.559933805422574,-3.582971806017147,256.3295107743318
203.9348505731937,17.923996741333486,1.0000000000000009,1.5601737079279552,-3.584406729443531,257.00235549391505
203.94505111950295,17.92656573944272,1.0000000000000009,1.5604184149673692,-3.5858502668314447,257.6776916066434
203.9552512264471,17.929138117568804,1.0000000000000009,1.560667934635724,-3.5873024391084822,258.35552326178765
203.96545089296268,17.931713884739874,1.0000000000000009,1.5609222750232554,-3.588763267204264,259.03585460861785
203.9756501179881,17.934293049984355,1.0000000000000009,1.5611814442156629,-3.5902327720503866,259.7186897964049
203.985848900464,17.936875622330994,1.0000000000000009,1.5614454502940056,-3.591710974580449,260.40403297441867
203.99604723933285,17.93946161080884,1.0000000000000009,1.5617143013348453,-3.59319789573002,261.09188829193
204.00624513353938,17.942051024447277,1.0000000000000009,1.5619880054100577,-3.5946935564366918,261.7822598982095
204.0164425820302,17.944643872275954,1.0000000000000009,1.5622665705869885,-3.596197977639992,262.475151942527
204.02663958375416,17.94724016332488,1.0000000000000009,1.5625500049283438,-3.597711180281488,263.1705685741535
204.03683613766196,17.949839906624355,1.0000000000000009,1.5628383164922965,-3.59923318530471,263.8685139423592
204.04703224270642,17.95244311120497,1.0000000000000009,1.5631315133324186,-3.600764013655164,264.5689921964145
204.05722789784244,17.95504978609766,1.0000000000000009,1.5634296034976742,-3.6023036862803774,265.27200748558994
204.067423102027,17.957659940333645,1.0000000000000009,1.5637325950324197,-3.603852224129815,265.977563959156
204.07761785421906,17.96027358294446,1.0000000000000009,1.5640404959764496,-3.605409648154957,266.6856657663829
204.0878121533796,17.962890722961955,1.000000000000001,1.5643533143649861,-3.606975979309258,267.39631705654125
204.09800599847173,17.96551136941828,1.0000000000000007,1.5646710582286154,-3.6085512385481504,268.1095219789015
204.1081993884606,17.9681355313459,1.0000000000000009,1.5649937355933687,-3.6101354468290463,268.8252846827339
204.11839232231338,17.97076321777759,1.0000000000000009,1.5653213544806697,-3.6117286251113505,269.5436093173093
204.12858479899933,17.97339443774643,1.000000000000001,1.5656539229073552,-3.6133307943564397,270.2645000318978
204.13877681748966,17.9760292002858,1.0000000000000009,1.565991448885704,-3.6149419755276675,270.98796097576974
204.14896837675772,17.978667514429397,1.0000000000000007,1.5663339404233305,-3.6165621895903524,271.7139962981958
204.15915947577895,17.981309389211223,1.0000000000000009,1.566681405523326,-3.618191457511811,272.4426101484463
204.1693501135307,17.983954833665592,1.0000000000000007,1.567033852184185,-3.6198298002613427,273.1738066757919
204.1795402889925,17.98660385682712,1.0000000000000009,1.5673912883997652,-3.62147723881019,273.90759002950267
204.18973000114588,17.989256467730723,1.0000000000000009,1.5677537221593738,-3.6231337941315918,274.6439643588494
204.19991924897442,17.99191267541163,1.0000000000000009,1.5681211614477206,-3.6247994872007574,275.3829338131023
204.2101080314637,17.994572488905376,1.0000000000000009,1.5684936142449324,-3.6264743389948517,276.12450254153174
204.2202963476015,17.997235917247806,1.0000000000000009,1.5688710885265138,-3.628158370493063,276.8686746934086
204.23048419637746,17.999902969475055,1.000000000000001,1.5692535922634008,-3.6298516026764904,277.61545441800274
