galstreams/tracks/track.st.NGC5466.ibata2021.ecsv
# %ECSV 0.9
# ---
# datatype:
# - {name: ra, unit: deg, datatype: float64}
# - {name: dec, unit: deg, datatype: float64}
# - {name: distance, unit: kpc, datatype: float64}
# - {name: pm_ra_cosdec, unit: mas / yr, datatype: float64}
# - {name: pm_dec, unit: mas / yr, datatype: float64}
# - {name: radial_velocity, unit: km / s, datatype: float64}
# delimiter: ','
# meta: !!omap
# - __serialized_columns__:
#     dec:
#       __class__: astropy.coordinates.angles.Latitude
#       unit: &id001 !astropy.units.Unit {unit: deg}
#       value: !astropy.table.SerializedColumn {name: dec}
#     distance:
#       __class__: astropy.coordinates.distances.Distance
#       unit: !astropy.units.Unit {unit: kpc}
#       value: !astropy.table.SerializedColumn {name: distance}
#     pm_dec:
#       __class__: astropy.units.quantity.Quantity
#       unit: !astropy.units.Unit {unit: mas / yr}
#       value: !astropy.table.SerializedColumn {name: pm_dec}
#     pm_ra_cosdec:
#       __class__: astropy.units.quantity.Quantity
#       unit: !astropy.units.Unit {unit: mas / yr}
#       value: !astropy.table.SerializedColumn {name: pm_ra_cosdec}
#     ra:
#       __class__: astropy.coordinates.angles.Longitude
#       unit: *id001
#       value: !astropy.table.SerializedColumn {name: ra}
#       wrap_angle: !astropy.coordinates.Angle
#         unit: *id001
#         value: 360.0
#     radial_velocity:
#       __class__: astropy.units.quantity.Quantity
#       unit: !astropy.units.Unit {unit: km / s}
#       value: !astropy.table.SerializedColumn {name: radial_velocity}
# schema: astropy-2.0
ra,dec,distance,pm_ra_cosdec,pm_dec,radial_velocity
[from data line 409]
212.80032484747184,27.61210501878289,14.725509174645614,-5.57489325786277,-0.8116287706936626,1.8104649329225526e-13
212.8099451964115,27.606876826410538,14.723939463651265,-5.575741633311788,-0.8113623265784433,9.262843842859572e-14
212.8195644003442,27.60164763674068,14.722372493584002,-5.576592098499676,-0.8110942191821229,2.1051917824680845e-13
212.82918246097478,27.59641745236407,14.720808262025589,-5.577444648101743,-0.8108244515272556,2.315710960714893e-13
212.83879938000868,27.591186275870918,14.719246766557779,-5.578299276794531,-0.8105530266382451,1.221011233831489e-13
212.8484151591519,27.585954109851013,14.71768800476233,-5.579155979255828,-0.8102799475413398,1.894672604221276e-13
212.85802980011132,27.580720956893536,14.716131974220996,-5.580014750164656,-0.8100052172646272,1.3052189051302125e-13
212.86764330459428,27.57548681958729,14.71457867251553,-5.580875584201278,-0.8097288388380457,1.5999457546757442e-13
212.87725567430874,27.570251700520572,14.713028097227694,-5.581738476047183,-0.8094508152933743,1.894672604221276e-13
212.88686691096333,27.56501560228119,14.711480245939242,-5.582603420385106,-0.8091711496642301,1.515738083377021e-13
212.89647701626748,27.559778527456412,14.709935116231929,-5.583470411899011,-0.8088898449860672,1.7262572616238293e-13
212.906085991931,27.554540478633097,14.70839270568751,-5.584339445274103,-0.8086069042961774,1.515738083377021e-13
212.91569383966447,27.54930145839761,14.706853011887743,-5.585210515196812,-0.8083223306336923,2.063087946818723e-13
212.92530056117917,27.544061469335766,14.705316032414386,-5.5860836163548075,-0.808036127039569,1.3052189051302125e-13
212.9349061581869,27.538820514032953,14.703781764849188,-5.5869587434369885,-0.8077482965566025,4.631421921429786e-14
212.94451063240007,27.53357859507408,14.702250206773906,-5.58783589113349,-0.8074588422294185,8.420767129872338e-15
212.9541139855318,27.528335715043575,14.700721355770304,-5.588715054135668,-0.8071677671044699,1.0525958912340423e-13
212.96371621929583,27.523091876525303,14.699195209420129,-5.589596227136119,-0.8068750742300347,2.2736071250655313e-13
212.9733173354066,27.51784708210273,14.697671765305145,-5.590479404828665,-0.8065807666562173,1.347322740779574e-13
212.98291733557897,27.512601334358823,14.696151021007099,-5.591364581908363,-0.8062848474349509,2.3578147963642546e-13
212.99251622152863,27.50735463587608,14.694632974107753,-5.592251753071489,-0.8059873196199864,1.347322740779574e-13
213.00211399497184,27.502106989236427,14.693117622188861,-5.593140913015549,-0.8056881862668958,1.2631150694808508e-13
213.01171065762546,27.49685839702141,14.691604962832185,-5.59403205643928,-0.8053874504330736,2.694645481559148e-13
213.021306211207,27.491608861812043,14.69009499361947,-5.594925178042652,-0.8050851151777276,1.1368035625327657e-13
213.0309006574345,27.486358386188904,14.688587712132476,-5.595820272526845,-0.8047811835618912,1.9367764398706378e-13
213.04049399802685,27.48110697273199,14.687083115952966,-5.596717334594278,-0.8044756586483941,1.1368035625327657e-13
213.05008623470334,27.475854624020908,14.685581202662684,-5.597616358948587,-0.8041685435018993,1.642049590325106e-13
213.05967736918393,27.47060134263478,14.684081969843394,-5.598517340294633,-0.8038598411888725,1.768361097273191e-13
213.06926740318934,27.465347131152164,14.68258541507685,-5.599420273338505,-0.8035495547775845,1.2631150694808508e-13
213.07885633844074,27.46009199215121,14.681091535944809,-5.600325152787509,-0.8032376873381205,2.610437810260425e-13
213.08844417666003,27.45483592820957,14.679600330029025,-5.601231973350179,-0.8029242419423722,1.2631150694808508e-13
213.09803091956954,27.449578941904445,14.678111794911253,-5.602140729736265,-0.8026092216640398,2.1893994537668078e-13
213.10761656889258,27.444321035812457,14.676625928173252,-5.603051416656745,-0.8022926295786147,1.1789073981821273e-13
213.11720112635274,27.439062212509846,14.675142727396777,-5.603964028823807,-0.8019744687634045,1.1789073981821273e-13
213.12678459367433,27.433802474572325,14.673662190163583,-5.6048785609508665,-0.8016547422975087,1.347322740779574e-13
213.13636697258227,27.428541824575163,14.672184314055427,-5.605795007752556,-0.8013334532618347,2.3578147963642546e-13
213.1459482648022,27.42328026509308,14.670709096654063,-5.606713363944728,-0.8010106047390725,2.442022467662978e-13
213.15552847206027,27.41801779870037,14.669236535541252,-5.607633624244446,-0.8006861998137205,2.063087946818723e-13
213.16510759608323,27.412754427970828,14.667766628298743,-5.60855578337,-0.8003602415720689,1.347322740779574e-13
213.17468563859842,27.407490155477824,14.666299372508293,-5.609479836040892,-0.8000327331022025,2.063087946818723e-13
213.18426260133396,27.402224983794113,14.664834765751666,-5.610405776977838,-0.7997036774939863,4.210383564936169e-14
213.1938384860184,27.396958915492114,14.663372805610607,-5.61133360090277,-0.7993730778390918,1.9367764398706378e-13
213.20341329438088,27.391691953143702,14.661913489666881,-5.612263302538837,-0.7990409372309653,1.5999457546757442e-13
213.21298702815136,27.38642409932024,14.660456815502238,-5.613194876610403,-0.7987072587648449,1.8104649329225526e-13
213.22255968906026,27.381155356592668,14.659002780698435,-5.61412831784304,-0.7983720455377533,8.420767129872338e-14
213.23213127883855,27.37588572753144,14.657551382837228,-5.615063620963534,-0.7980353006485007,1.768361097273191e-13
213.24170179921785,27.370615214706525,14.656102619500377,-5.616000780699887,-0.7976970271976734,2.063087946818723e-13
213.25127125193055,27.365343820687364,14.654656488269632,-5.616939791781309,-0.7973572282876389,2.020984111169361e-13
213.2608396387094,27.36007154804298,14.653212986726754,-5.617880648938224,-0.7970159070225452,1.4315304120782974e-13
213.27040696128788,27.35479839934191,14.651772112453493,-5.618823346902262,-0.79667306650832,1.6841534259744677e-13
213.2799732214,27.349524377152214,14.65033386303161,-5.619767880406265,-0.7963287098526667,2.2315032894161697e-13
213.28953842078053,27.344249484041413,14.648898236042859,-5.620714244184282,-0.7959828401650555,1.1368035625327657e-13
213.29910256116466,27.33897372257662,14.647465229068997,-5.621662432971575,-0.7956354605567395,1.8104649329225526e-13
213.30866564428825,27.333697095324446,14.646034839691778,-5.622612441504609,-0.7952865741407366,1.3052189051302125e-13
213.3182276718877,27.328419604851057,14.64460706549296,-5.623564264521054,-0.7949361840318425,1.8525687685719145e-13
213.3277886457002,27.32314125372204,14.643181904054298,-5.624517896759794,-0.7945842933466065,9.683882199353189e-14
213.3373485674633,27.31786204450262,14.641759352957546,-5.625473332960914,-0.7942309052033615,1.0525958912340423e-13
213.34690743891525,27.312581979757507,14.640339409784465,-5.626430567865704,-0.7938760227221965,8.420767129872338e-14
213.3564652617949,27.307301062050882,14.638922072116808,-5.627389596216658,-0.7935196490249645,1.8525687685719145e-13
213.36602203784176,27.302019293946515,14.637507337536327,-5.628350412757481,-0.7931617872352821,2.2315032894161697e-13
213.37557776879578,27.29673667800767,14.636095203624784,-5.629313012233069,-0.7928024404785279,1.7262572616238293e-13
213.38513245639757,27.291453216797166,14.634685667963934,-5.630277389389531,-0.7924416118818414,6.315575347404254e-14
213.3946861023884,27.28616891287728,14.633278728135531,-5.631243538974173,-0.7920793045741118,9.262843842859572e-14
213.40423870851,27.28088376880985,14.63187438172133,-5.632211455735504,-0.7917155216859962,2.5262301389617017e-13
213.41379027650487,27.275597787156265,14.630472626303089,-5.633181134423235,-0.7913502663498936,1.0104920555846805e-13
213.42334080811582,27.270310970477432,14.629073459462562,-5.634152569788275,-0.7909835416999725,1.221011233831489e-13
213.43289030508657,27.26502332133369,14.627676878781509,-5.635125756582732,-0.7906153508721347,2.1051917824680845e-13
213.44243876916127,27.259734842285024,14.626282881841682,-5.636100689559916,-0.7902456970040477,7.578690416885104e-14
213.4519862020846,27.25444553589088,14.624891466224836,-5.637077363474334,-0.789874583235119,1.0525958912340423e-13
213.46153260560183,27.24915540471027,14.623502629512735,-5.638055773081687,-0.7895020127065102,1.768361097273191e-13
213.47107798145905,27.24386445130165,14.62211636928712,-5.639035913138884,-0.7891279885611191,1.4736342477276593e-13
213.48062233140263,27.23857267822308,14.620732683129763,-5.640017778404013,-0.7887525139435981,1.6841534259744677e-13
213.4901656571796,27.233280088032142,14.619351568622413,-5.641001363636378,-0.788375592000336,1.6841534259744677e-13
213.4997079605378,27.227986683285863,14.61797302334682,-5.641986663596463,-0.7879972258794647,1.2631150694808508e-13
213.5092492432253,27.222692466540884,14.61659704488475,-5.642973673045953,-0.7876174187308573,2.9472684954553185e-13
213.51878950699103,27.217397440353334,14.615223630817955,-5.643962386747724,-0.7872361737061235,1.9367764398706378e-13
213.5283287535843,27.212101607278907,14.613852778728189,-5.644952799465853,-0.7868534939586136,1.1789073981821273e-13
213.53786698475517,27.206804969872724,14.612484486197207,-5.645944905965596,-0.7864693826434098,1.9788802755199994e-13
213.54740420225417,27.20150753068952,14.61111875080677,-5.646938701013417,-0.7860838429173256,4.210383564936169e-14
213.55694040783246,27.196209292283537,14.609755570138631,-5.647934179376959,-0.7856968779389158,5.0524602779234026e-14
213.56647560324163,27.190910257208575,14.608394941774549,-5.648931335825062,-0.7853084908684631,1.0946997268834039e-13
213.57600979023414,27.185610428017842,14.607036863296278,-5.649930165127755,-0.7849186848679716,1.642049590325106e-13
213.58554297056278,27.180309807264216,14.605681332285569,-5.650930662056263,-0.7845274631011832,1.5999457546757442e-13
213.59507514598099,27.17500839750001,14.604328346324182,-5.651932821382986,-0.7841348287335653,1.1789073981821273e-13
213.60460631824267,27.169706201277137,14.602977902993873,-5.652936637881525,-0.7837407849323094,1.5578419190263825e-13
213.61413648910258,27.16440322114693,14.601629999876401,-5.653942106326662,-0.7833453348663253,1.221011233831489e-13
213.62366566031577,27.15909945966035,14.600284634553514,-5.654949221494373,-0.7829484817062534,1.642049590325106e-13
213.63319383363796,27.153794919367865,14.598941804606977,-5.6559579781618154,-0.7825502286244546,1.0946997268834039e-13
213.6427210108255,27.148489602819403,14.597601507618542,-5.656968371107331,-0.7821505787949999,9.683882199353189e-14
213.6522471936352,27.143183512564494,14.596263741169963,-5.657980395110451,-0.7817495353936906,1.221011233831489e-13
213.66177238382448,27.137876651152183,14.594928502842997,-5.658994044951896,-0.7813471015980352,2.2315032894161697e-13
213.67129658315133,27.13256902113105,14.593595790219402,-5.660009315413558,-0.7809432805872646,1.1789073981821273e-13
213.68081979337438,27.12726062504913,14.59226560088093,-5.661026201278528,-0.7805380755423154,1.894672604221276e-13
213.69034201625274,27.121951465454067,14.590937932409343,-5.662044697331064,-0.7801314896458424,3.368306851948935e-14
213.69986325354603,27.116641544893014,14.58961278238639,-5.663064798356621,-0.7797235260822107,1.4736342477276593e-13
213.7093835070145,27.111330865912677,14.58829014839383,-5.664086499141826,-0.7793141880374943,9.683882199353189e-14
213.71890277841908,27.106019431059188,14.586970028013422,-5.665109794474491,-0.778903478699471,1.2631150694808508e-13
213.7284210695211,27.10070724287833,14.585652418826916,-5.666134679143612,-0.7784914012576305,7.999728773378721e-14
213.73793838208246,27.095394303915345,14.584337318416077,-5.667161147939359,-0.7780779589031662,1.0525958912340423e-13
213.74745471786565,27.090080616715067,14.583024724362646,-5.668189195653081,-0.7776631548289764,2.020984111169361e-13
213.7569700786338,27.08476618382176,14.581714634248394,-5.669218817077314,-0.7772469922296557,1.768361097273191e-13
213.76648446615056,27.079451007779298,14.58040704565507,-5.670250007005766,-0.7768294743015028,7.157652060391487e-14
213.77599788217998,27.074135091131094,14.579101956164429,-5.671282760233323,-0.7764106042425224,1.347322740779574e-13
213.7855103284869,27.068818436419992,14.577799363358231,-5.672317071556048,-0.7759903852524048,1.642049590325106e-13
213.79502180683664,27.06350104618847,14.576499264818226,-5.6733529357711845,-0.7755688205325453,6.73661370389787e-14
213.80453231899497,27.058182922978496,14.575201658126176,-5.674390347677143,-0.7751459132860338,1.3894265764289357e-13
213.81404186672825,27.052864069331598,14.573906540863833,-5.67542930207352,-0.7747216667176535,1.2631150694808508e-13
213.82355045180358,27.047544487788755,14.572613910612956,-5.676469793761081,-0.774296084033872,1.0104920555846805e-13
213.8330580759884,27.042224180890557,14.571323764955302,-5.677511817541761,-0.7738691684428601,2.063087946818723e-13
213.84256474105078,27.036903151177096,14.570036101472619,-5.678555368218682,-0.77344092315447,1.5578419190263825e-13
213.8520704487593,27.031581401188024,14.56875091774667,-5.679600440596124,-0.773011351380247,1.4315304120782974e-13
213.8615752008832,27.02625893346244,14.56746821135921,-5.680647029479548,-0.7725804563334143,5.894536990910637e-14
213.87107899919212,27.020935750539063,14.566187979891994,-5.681695129675585,-0.7721482412288899,2.315710960714893e-13
213.8805818454564,27.01561185495613,14.564910220926777,-5.68274473599204,-0.7717147092832736,3.368306851948935e-14
213.8900837414468,27.010287249251345,14.563634932045316,-5.683795843237876,-0.7712798637148424,7.999728773378721e-14
213.89958468893474,27.00496193596201,14.562362110829367,-5.684848446223242,-0.7708437077435593,8.841805486365955e-14
213.9090846896921,26.999635917624953,14.561091754860685,-5.685902539759447,-0.7704062445910632,7.999728773378721e-14
213.91858374549128,26.994309196776534,14.559823861721025,-5.686958118658972,-0.7699674774806805,1.642049590325106e-13
213.9280818581054,26.98898177595258,14.55855842899215,-5.688015177735463,-0.7695274096373982,1.3052189051302125e-13
213.93757902930795,26.983653657688535,14.557295454255804,-5.689073711803739,-0.7690860442878907,1.8104649329225526e-13
213.94707526087302,26.978324844519335,14.556034935093756,-5.690133715679781,-0.7686433846605035,6.315575347404254e-14
213.95657055457517,26.97299533897949,14.554776869087751,-5.691195184180737,-0.7681994339852589,1.7262572616238293e-13
213.96606491218972,26.96766514360295,14.553521253819556,-5.692258112124922,-0.7677541954938405,2.1893994537668078e-13
213.97555833549237,26.96233426092329,14.55226808687091,-5.693322494331818,-0.76730767241961,1.6841534259744677e-13
213.98505082625928,26.957002693473584,14.551017365823583,-5.69438832562207,-0.7668598679975926,1.0525958912340423e-13
213.99454238626728,26.951670443786472,14.549769088259326,-5.695455600817482,-0.766410785464488,6.315575347404254e-14
214.00403301729378,26.94633751439404,14.5485232517599,-5.69652431474103,-0.765960428058653,5.894536990910637e-14
214.0135227211166,26.941003907827977,14.547279853907057,-5.697594462216846,-0.7655087990201115,1.642049590325106e-13
214.02301149951415,26.935669626619553,14.54603889228255,-5.698666038070228,-0.7650559015905555,1.1368035625327657e-13
214.0324993542654,26.930334673299438,14.544800364468141,-5.699739037127639,-0.7646017390133291,1.221011233831489e-13
214.0419862871499,26.924999050397936,14.543564268045579,-5.700813454216694,-0.7641463145334456,1.768361097273191e-13
214.05147229994762,26.919662760444876,14.542330600596623,-5.701889284166176,-0.7636896313975696,6.73661370389787e-14
214.06095739443901,26.91432580596962,14.541099359703033,-5.702966521806021,-0.763231692854034,1.642049590325106e-13
214.07044157240537,26.908988189501002,14.53987054294656,-5.704045161967333,-0.762772502152813,1.9367764398706378e-13
214.07992483562822,26.903649913567463,14.538644147908961,-5.705125199482368,-0.7623120625455463,2.2315032894161697e-13
