galstreams/tracks/track.st.New-16.ibata2024.ecsv
# %ECSV 1.0
# ---
# datatype:
# - {name: ra, unit: deg, datatype: float64}
# - {name: dec, unit: deg, datatype: float64}
# - {name: distance, unit: kpc, datatype: float64}
# - {name: pm_ra_cosdec, unit: mas / yr, datatype: float64}
# - {name: pm_dec, unit: mas / yr, datatype: float64}
# - {name: radial_velocity, unit: km / s, datatype: float64}
# delimiter: ','
# meta: !!omap
# - __serialized_columns__:
#     dec:
#       __class__: astropy.coordinates.angles.Latitude
#       unit: &id001 !astropy.units.Unit {unit: deg}
#       value: !astropy.table.SerializedColumn {name: dec}
#     distance:
#       __class__: astropy.coordinates.distances.Distance
#       unit: !astropy.units.Unit {unit: kpc}
#       value: !astropy.table.SerializedColumn {name: distance}
#     pm_dec:
#       __class__: astropy.units.quantity.Quantity
#       unit: !astropy.units.Unit {unit: mas / yr}
#       value: !astropy.table.SerializedColumn {name: pm_dec}
#     pm_ra_cosdec:
#       __class__: astropy.units.quantity.Quantity
#       unit: !astropy.units.Unit {unit: mas / yr}
#       value: !astropy.table.SerializedColumn {name: pm_ra_cosdec}
#     ra:
#       __class__: astropy.coordinates.angles.Longitude
#       unit: *id001
#       value: !astropy.table.SerializedColumn {name: ra}
#       wrap_angle: !astropy.coordinates.Angle
#         unit: *id001
#         value: 360.0
#     radial_velocity:
#       __class__: astropy.units.quantity.Quantity
#       unit: !astropy.units.Unit {unit: km / s}
#       value: !astropy.table.SerializedColumn {name: radial_velocity}
# schema: astropy-2.0
ra,dec,distance,pm_ra_cosdec,pm_dec,radial_velocity
[from data line 141]
185.74103953939553,-45.39239875113975,1.0000000000000009,-4.244921118853418,11.308574482399097,-191.38109975913179
185.74358999137712,-45.382563429932006,1.0000000000000009,-4.245393687497526,11.307544192497973,-189.57929307973515
185.74614289676677,-45.372728603037096,1.0000000000000007,-4.2458654092794434,11.306509401310448,-187.78183769647345
185.74869824911246,-45.36289426938219,1.0000000000000009,-4.246336283302883,11.30547011171135,-185.98872884863445
185.75125604196705,-45.35306042789487,1.0000000000000009,-4.246806308672859,11.304426326575264,-184.19996177550587
185.75381626888833,-45.34322707750301,1.0000000000000009,-4.247275484495663,11.30337804877663,-182.41553171637588
185.756378923439,-45.33339421713491,1.0000000000000009,-4.247743809878834,11.302325281189663,-180.6354339105316
185.7589439991865,-45.3235618457192,1.0000000000000009,-4.248211283931227,11.301268026688394,-178.85966359726106
185.7615114897034,-45.31372996218491,1.0000000000000009,-4.2486779057629365,11.300206288146656,-177.08821601585203
185.7640813885669,-45.3038985654614,1.0000000000000009,-4.249143674485369,11.299140068438106,-175.32108640559233
185.76665368935917,-45.29406765447841,1.0000000000000009,-4.249608589211239,11.298069370436151,-173.5582700057695
185.76922838566725,-45.284237228166155,1.0000000000000009,-4.250072649054502,11.296994197014069,-171.7997620556715
185.77180547108296,-45.2744072854551,1.0000000000000009,-4.2505358531304465,11.295914551044886,-170.04555779458647
185.77438493920303,-45.2645778252761,1.0000000000000009,-4.250998200555646,11.294830435401467,-168.2956524618014
185.776966783629,-45.25474884656045,1.0000000000000009,-4.251459690447977,11.293741852956419,-166.55004129660438
185.77955099796725,-45.24492034823975,1.0000000000000007,-4.251920321926621,11.292648806582239,-164.80871953828316
185.78213757582893,-45.23509232924603,1.0000000000000009,-4.252380094112059,11.291551299151138,-163.07168242612548
185.78472651083004,-45.225264788511694,1.000000000000001,-4.252839006126086,11.290449333535179,-161.33892519941924
185.78731779659142,-45.215437724969505,1.0000000000000009,-4.253297057091815,11.289342912606198,-159.610443097452
185.78991142673866,-45.20561113755264,1.0000000000000009,-4.253754246133669,11.288232039235833,-157.88623135951187
185.79250739490215,-45.195785025194624,1.0000000000000009,-4.254210572377387,11.287116716295516,-156.16628522488622
185.7951056947171,-45.18595938682934,1.0000000000000009,-4.254666034950041,11.285996946656502,-154.4505999328632
185.79770631982348,-45.176134221391216,1.0000000000000007,-4.255120632980011,11.284872733189781,-152.73917072273002
185.80030926386596,-45.16630952781491,1.0000000000000007,-4.255574365597028,11.283744078766198,-151.03199283377475
185.8029145204941,-45.15648530503551,1.0000000000000007,-4.256027231932128,11.282610986256362,-149.32906150528524
185.80552208336215,-45.146661551988494,1.0000000000000009,-4.2564792311176936,11.281473458530682,-147.6303719765491
185.80813194612912,-45.13683826760975,1.0000000000000007,-4.25693036228745,11.280331498459356,-145.93591948685415
185.81074410245878,-45.12701545083552,1.0000000000000007,-4.2573806245764505,11.279185108912369,-144.24569927548825
185.81335854601963,-45.117193100602506,1.0000000000000007,-4.257830017121091,11.278034292759518,-142.55970658173928
185.8159752704849,-45.107371215847735,1.0000000000000007,-4.258278539059122,11.276879052870367,-140.8779366448944
185.81859426953247,-45.09754979550868,1.0000000000000004,-4.258726189529642,11.275719392114269,-139.20038470424183
185.82121553684513,-45.08772883852316,1.0000000000000007,-4.2591729676730825,11.274555313360393,-137.52704599906917
185.82383906611017,-45.07790834382947,1.0000000000000004,-4.259618872631255,11.273386819477674,-135.85791576866438
185.82646485101975,-45.068088310366164,1.0000000000000007,-4.2600639035473105,11.272213913334827,-134.1929892523151
185.8290928852706,-45.05826873707242,1.0000000000000004,-4.260508059565762,11.271036597800386,-132.53226168930888
185.83172316256423,-45.04844962288763,1.0000000000000007,-4.260951339832484,11.269854875742634,-130.8757283189341
185.83435567660675,-45.03863096675166,1.0000000000000007,-4.261393743494734,11.268668750029665,-129.22338438047788
185.83699042110905,-45.02881276760475,1.0000000000000007,-4.261835269701107,11.267478223529356,-127.5752251132281
185.83962738978664,-45.01899502438758,1.0000000000000007,-4.262275917601597,11.266283299109347,-125.93124575647269
185.8422665763597,-45.00917773604122,1.0000000000000004,-4.262715686347553,11.26508397963708,-124.29144154949931
185.844907974553,-44.99936090150714,1.0000000000000007,-4.263154575091714,11.263880267979795,-122.65580773159581
185.84755157809607,-44.98954451972723,1.0000000000000004,-4.263592582988197,11.262672167004471,-121.02433954204977
185.85019738072307,-44.97972858964379,1.0000000000000007,-4.264029709192486,11.261459679577907,-119.3970322201495
185.85284537617272,-44.96991311019952,1.0000000000000004,-4.26446595286147,11.260242808566671,-117.773881005182
185.85549555818847,-44.9600980803375,1.0000000000000007,-4.264901313153418,11.259021556837105,-116.15488113643539
185.85814792051826,-44.95028349900136,1.0000000000000007,-4.265335789227983,11.25779592725533,-114.5400278531973
185.86080245691477,-44.94046936513499,1.0000000000000007,-4.2657693802462235,11.256565922687264,-112.9293163947556
185.8634591611353,-44.930655677682765,1.0000000000000007,-4.266202085370584,11.255331545998583,-111.32274200039818
185.86611802694165,-44.92084243558945,1.0000000000000007,-4.266633903764918,11.254092800054744,-109.72029990941263
185.86877904810032,-44.91102963780026,1.0000000000000007,-4.267064834594468,11.252849687720989,-108.12198536108666
185.87144221838233,-44.9012172832608,1.0000000000000007,-4.267494877025892,11.251602211862329,-106.52779359470813
185.8741075315633,-44.8914053709171,1.0000000000000007,-4.267924030227255,11.250350375343567,-104.93771984956516
185.8767749814235,-44.88159389971562,1.0000000000000007,-4.268352293368023,11.24909418102924,-103.35175936494481
185.87944456174768,-44.87178286860324,1.0000000000000007,-4.268779665619079,11.247833631783708,-101.76990738013502
185.88211626632517,-44.861972276527254,1.0000000000000007,-4.269206146152724,11.246568730471084,-100.19215913442386
185.88479008894996,-44.852162122435324,1.0000000000000007,-4.269631734142681,11.245299479955229,-98.61850986709882
185.88746602342044,-44.84235240527573,1.0000000000000009,-4.270056428764074,11.244025883099829,-97.04895481744782
185.8901440635397,-44.832543123996984,1.0000000000000007,-4.270480229193471,11.242747942768297,-95.48348922475864
185.89282420311523,-44.82273427754808,1.0000000000000007,-4.27090313460886,11.241465661823828,-93.92210832831914
185.8955064359591,-44.812925864878444,1.0000000000000004,-4.271325144189652,11.240179043129405,-92.36480736741655
185.898190755888,-44.80311788493794,1.0000000000000007,-4.271746257116699,11.238888089547757,-90.81158158133908
185.90087715672306,-44.79331033667687,1.0000000000000004,-4.272166472572276,11.237592803941393,-89.26242620937435
185.90356563228985,-44.783503219045926,1.0000000000000007,-4.2725857897401,11.236293189172592,-87.7173364908102
185.90625617641865,-44.77369653099628,1.0000000000000007,-4.27300420780533,11.234989248103393,-86.17630766493441
185.908948782944,-44.76389027147953,1.0000000000000007,-4.273421725954561,11.233680983595612,-84.6393349710346
185.91164344570518,-44.754084439447645,1.0000000000000007,-4.273838343375838,11.23236839851082,-83.10641364839894
185.9143401585458,-44.74427903385308,1.0000000000000004,-4.274254059258644,11.231051495710362,-81.57753893631443
185.91703891531392,-44.7344740536488,1.0000000000000007,-4.274668872793923,11.229730278055342,-80.0527060740694
185.91973970986223,-44.7246694977881,1.0000000000000009,-4.27508278317406,11.228404748406628,-78.53191030095157
185.92244253604775,-44.714865365224725,1.0000000000000004,-4.275495789592903,11.227074909624866,-77.01514685624836
185.9251473877321,-44.705061654912875,1.0000000000000009,-4.275907891245753,11.22574076457044,-75.50241097924798
185.92785425878125,-44.69525836580723,1.0000000000000007,-4.2763190873293695,11.224402316103516,-73.99369790923775
185.93056314306563,-44.685455496862815,1.0000000000000007,-4.276729377041982,11.223059567084022,-72.48900288550615
185.93327403446014,-44.67565304703524,1.0000000000000007,-4.277138759583273,11.221712520371614,-70.98832114734
185.93598692684418,-44.66585101528038,1.0000000000000007,-4.277547234154397,11.220361178825765,-69.49164793402767
185.93870181410145,-44.656049400554735,1.0000000000000007,-4.277954799957988,11.219005545305654,-67.99897848485665
185.9414186901202,-44.64624820181511,1.0000000000000007,-4.278361456198137,11.217645622670247,-66.51030803911489
185.9441375487931,-44.63644741801876,1.0000000000000007,-4.278767202080422,11.21628141377827,-65.02563183608996
185.94685838401705,-44.62664704812358,1.0000000000000007,-4.279172036811887,11.214912921488189,-63.544945115069815
185.94958118969356,-44.61684709108767,1.0000000000000004,-4.279575959601066,11.21354014865825,-62.06824311534237
185.9523059597285,-44.607047545869705,1.0000000000000007,-4.279978969657966,11.212163098146421,-60.59552107619468
185.9550326880321,-44.59724841142877,1.0000000000000007,-4.280381066194087,11.210781772810464,-59.126774236915345
185.957761368519,-44.587449686724426,1.0000000000000007,-4.280782248422415,11.209396175507873,-57.66199783679159
185.96049199510819,-44.57765137071666,1.0000000000000007,-4.28118251555742,11.208006309095891,-56.20118711511139
185.96322456172305,-44.56785346236592,1.0000000000000004,-4.2815818668150705,11.206612176431545,-54.744337311162376
185.9659590622914,-44.55805596063311,1.0000000000000007,-4.281980301412821,11.20521378037158,-53.291443664232354
185.96869549074535,-44.54825886447959,1.0000000000000007,-4.282377818569632,11.203811123772509,-51.84250141360909
185.9714338410214,-44.53846217286719,1.0000000000000004,-4.282774417505963,11.202404209490604,-50.39750579858041
185.97417410706038,-44.5286658847581,1.0000000000000007,-4.283170097443767,11.20099304038187,-48.95645205843424
185.97691628280748,-44.51886999911517,1.0000000000000007,-4.283564857606507,11.199577619302074,-47.519335432457964
185.97966036221223,-44.50907451490153,1.0000000000000007,-4.283958697219149,11.198157949106733,-46.08615115993948
185.98240633922848,-44.49927943108081,1.0000000000000004,-4.284351615508174,11.196734032651113,-44.65689448016653
185.98515420781447,-44.48948474661712,1.0000000000000007,-4.284743611701568,11.195305872790215,-43.2315606324269
185.98790396193272,-44.47969046047502,1.0000000000000009,-4.285134685028835,11.193873472378797,-41.810144856008485
185.99065559555004,-44.469896571619536,1.0000000000000004,-4.285524834720992,11.192436834271389,-40.39264239019875
185.99340910263757,-44.46010307901615,1.0000000000000007,-4.285914060010575,11.190995961322221,-38.979048474285996
185.9961644771708,-44.45030998163082,1.0000000000000007,-4.28630236013164,11.189550856385287,-37.569358347557326
185.99892171312945,-44.44051727842994,1.0000000000000007,-4.28668973431977,11.188101522314346,-36.16356724930083
186.0016808044976,-44.430724968380396,1.0000000000000004,-4.28707618181207,11.186647961962876,-34.7616704188042
186.00444174526353,-44.420933050449534,1.0000000000000007,-4.2874617018471675,11.185190178184108,-33.3636630953552
186.00720452941994,-44.411141523605096,1.0000000000000004,-4.287846293665235,11.183728173831016,-31.969540518241704
186.00996915096363,-44.40135038681548,1.0000000000000007,-4.288229956507957,11.182261951756317,-30.57929792675137
186.01273560389583,-44.39155963904937,1.0000000000000009,-4.288612689618567,11.180791514812462,-29.19293056017208
186.0155038822219,-44.38176927927598,1.0000000000000007,-4.288994492241834,11.17931686585166,-27.810433657791386
186.0182739799516,-44.37197930646499,1.0000000000000007,-4.28937536362406,11.177838007725846,-26.431802458897092
186.02104589109877,-44.36218971958656,1.0000000000000007,-4.289755303013095,11.176354943286698,-25.057032202776988
186.02381960968165,-44.352400517611294,1.0000000000000004,-4.290134309658324,11.17486767538563,-23.68611812871879
186.02659512972266,-44.34261169951032,1.0000000000000004,-4.29051238281069,11.173376206873806,-22.319055476010494
186.0293724452484,-44.332823264255175,1.0000000000000004,-4.29088952172267,11.17188054060211,-20.955839483939666
186.03215155028983,-44.323035210817935,1.0000000000000002,-4.291265725648305,11.170380679421186,-19.59646539179428
186.034932438882,-44.31324753817103,1.0000000000000007,-4.2916409938431785,11.168876626181378,-18.24092843886139
186.03771510506422,-44.303460245287575,1.0000000000000004,-4.292015325564434,11.167368383732818,-16.8892238644298
186.04049954288007,-44.29367333114101,1.0000000000000004,-4.292388720070768,11.165855954925327,-15.5413469077865
186.04328574637725,-44.283886794705225,1.0000000000000007,-4.29276117662244,11.164339342608473,-14.197292808219492
186.04607370960767,-44.274100634954706,1.0000000000000004,-4.293132694481268,11.162818549631579,-12.857056805016544
186.04886342662752,-44.264314850864324,1.0000000000000004,-4.293503272910639,11.161293578843672,-11.520634137465404
186.0516548914971,-44.254529441409446,1.0000000000000004,-4.293872911175496,11.159764433093528,-10.188020044854063
186.0544480982809,-44.244744405565974,1.0000000000000004,-4.294241608542361,11.15823111522965,-8.859209766469561
186.05724304104754,-44.23495974231023,1.0000000000000002,-4.294609364279318,11.156693628100275,-7.534198541600734
186.06003971386997,-44.22517545061903,1.0000000000000004,-4.294976177656025,11.155151974553362,-6.212981609534342
186.0628381108251,-44.21539152946969,1.0000000000000004,-4.295342047943716,11.15360615743661,-4.8955542095587425
186.06563822599418,-44.20560797784,1.0000000000000002,-4.295706974415203,11.152056179597453,-3.5819115809614046
186.0684400534625,-44.19582479470819,1.0000000000000004,-4.296070956344875,11.150502043883026,-2.2720489630302088
186.07124358731951,-44.18604197905311,1.0000000000000004,-4.296433993008696,11.148943753140227,-0.9659615950529856
186.07404882165883,-44.176259529853944,1.0000000000000004,-4.296796083684221,11.147381310215653,0.33635528368266165
186.0768557505782,-44.166477446090454,1.0000000000000004,-4.297157227650586,11.145814717955652,1.6349064338886543
186.07966436817952,-44.15669572674284,1.0000000000000004,-4.297517424188519,11.144243979206273,2.929696616277751
186.08247466856878,-44.14691437079179,1.0000000000000004,-4.297876672580328,11.142669096813304,4.220730591561839
186.08528664585612,-44.13713337721852,1.0000000000000004,-4.298234972109922,11.14109007362226,5.508013120453245
186.08810029415577,-44.127352745004714,1.0000000000000004,-4.298592322062801,11.139506912478378,6.791548963664283
186.09091560758606,-44.117572473132526,1.0000000000000002,-4.298948721726053,11.137919616226615,8.071342881907004
186.0937325802694,-44.10779256058464,1.0000000000000004,-4.299304170388369,11.13632818771164,9.347399635893776
186.0965512063324,-44.09801300634419,1.0000000000000007,-4.2996586673400445,11.134732629777876,10.61972398633667
186.0993714799057,-44.08823380939478,1.0000000000000004,-4.3000122118729704,11.133132945269441,11.888320693948208
186.10219339512395,-44.07845496872065,1.0000000000000004,-4.300364803280641,11.131529137030174,13.153194519440586
186.10501694612597,-44.068676483306376,1.0000000000000004,-4.300716440858157,11.129921207903653,14.414350223525913
186.10784212705465,-44.058898352137106,1.0000000000000004,-4.301067123902225,11.128309160733151,15.671792566916418
186.11066893205694,-44.04912057419843,1.0000000000000002,-4.301416851711172,11.126692998361683,16.925526310324454
186.1134973552838,-44.03934314847648,1.0000000000000004,-4.301765623584919,11.125072723631963,18.175556214462137
186.11632739089038,-44.02956607395788,1.0000000000000004,-4.302113438825021,11.123448339386433,19.42188704004162
