galstreams/tracks/track.st.Molonglo.grillmair2017b.ecsv
# %ECSV 0.9
# ---
# datatype:
# - {name: ra, unit: deg, datatype: float64}
# - {name: dec, unit: deg, datatype: float64}
# - {name: distance, unit: kpc, datatype: float64}
# - {name: pm_ra_cosdec, unit: mas / yr, datatype: float64}
# - {name: pm_dec, unit: mas / yr, datatype: float64}
# - {name: radial_velocity, unit: km / s, datatype: float64}
# delimiter: ','
# meta: !!omap
# - __serialized_columns__:
#     dec:
#       __class__: astropy.coordinates.angles.Latitude
#       unit: &id001 !astropy.units.Unit {unit: deg}
#       value: !astropy.table.SerializedColumn {name: dec}
#     distance:
#       __class__: astropy.coordinates.distances.Distance
#       unit: !astropy.units.Unit {unit: kpc}
#       value: !astropy.table.SerializedColumn {name: distance}
#     pm_dec:
#       __class__: astropy.units.quantity.Quantity
#       unit: !astropy.units.Unit {unit: mas / yr}
#       value: !astropy.table.SerializedColumn {name: pm_dec}
#     pm_ra_cosdec:
#       __class__: astropy.units.quantity.Quantity
#       unit: !astropy.units.Unit {unit: mas / yr}
#       value: !astropy.table.SerializedColumn {name: pm_ra_cosdec}
#     ra:
#       __class__: astropy.coordinates.angles.Longitude
#       unit: *id001
#       value: !astropy.table.SerializedColumn {name: ra}
#       wrap_angle: !astropy.coordinates.Angle
#         unit: *id001
#         value: 360.0
#     radial_velocity:
#       __class__: astropy.units.quantity.Quantity
#       unit: !astropy.units.Unit {unit: km / s}
#       value: !astropy.table.SerializedColumn {name: radial_velocity}
# schema: astropy-2.0
ra,dec,distance,pm_ra_cosdec,pm_dec,radial_velocity
10.256167889668388,-24.500882587651777,20.0000000000001,0.0,0.0,0.0
10.170536348010348,-24.442693177101752,20.00000000000009,0.0,0.0,0.0
10.084970992603143,-24.3844711355329,20.00000000000008,0.0,0.0,0.0
9.999471905185874,-24.32621623372569,20.000000000000078,0.0,0.0,0.0
9.914039168052556,-24.267928242894165,20.000000000000075,0.0,0.0,0.0
9.82867286404568,-24.209606934682757,20.00000000000007,0.0,0.0,0.0
9.743373076550624,-24.151252081163722,20.000000000000068,0.0,0.0,0.0
9.658139889489293,-24.092863454833864,20.000000000000064,0.0,0.0,0.0
9.572973387314574,-24.034440828611903,20.000000000000057,0.0,0.0,0.0
9.487873655004293,-23.97598397583532,20.000000000000053,0.0,0.0,0.0
9.402840778055252,-23.91749267025735,20.00000000000005,0.0,0.0,0.0
9.3178748424778,-23.85896668604418,20.00000000000004,0.0,0.0,0.0
9.232975934789662,-23.800405797771624,20.000000000000043,0.0,0.0,0.0
9.148144142010626,-23.741809780422336,20.000000000000036,0.0,0.0,0.0
9.063379551656677,-23.68317840938266,20.000000000000036,0.0,0.0,0.0
8.978682251734282,-23.62451146043938,20.000000000000032,0.0,0.0,0.0
8.894052330735107,-23.565808709776928,20.000000000000025,0.0,0.0,0.0
8.80948987763012,-23.507069933973902,20.00000000000002,0.0,0.0,0.0
8.724994981864462,-23.448294910000275,20.00000000000002,0.0,0.0,0.0
8.640567733351606,-23.3894834152139,20.000000000000014,0.0,0.0,0.0
8.556208222468273,-23.330635227357583,20.000000000000014,0.0,0.0,0.0
8.471916540048937,-23.27175012455579,20.000000000000007,0.0,0.0,0.0
8.387692777380291,-23.212827885311306,20.000000000000007,0.0,0.0,0.0
8.303537026196336,-23.15386828850225,20.000000000000004,0.0,0.0,0.0
8.219449378672719,-23.094871113378545,19.999999999999996,0.0,0.0,0.0
8.135429927421898,-23.03583613955892,19.999999999999996,0.0,0.0,0.0
8.051478765487586,-22.976763147027345,19.999999999999996,0.0,0.0,0.0
7.967595986339965,-22.917651916129955,19.999999999999996,0.0,0.0,0.0
7.8837816838704216,-22.858502227571634,19.999999999999993,0.0,0.0,0.0
7.800035952386364,-22.799313862412564,19.999999999999993,0.0,0.0,0.0
7.716358886606533,-22.740086602065134,19.99999999999999,0.0,0.0,0.0
7.632750581655645,-22.680820228290237,19.999999999999982,0.0,0.0,0.0
7.549211133059783,-22.621514523194172,19.999999999999982,0.0,0.0,0.0
7.465740636741373,-22.56216926922512,19.999999999999986,0.0,0.0,0.0
7.3823391890141625,-22.50278424916962,19.99999999999998,0.0,0.0,0.0
7.299006886578748,-22.443359246149353,19.99999999999998,0.0,0.0,0.0
7.215743826517406,-22.383894043617463,19.99999999999998,0.0,0.0,0.0
7.132550106289746,-22.324388425355323,19.99999999999997,0.0,0.0,0.0
7.04942582372761,-22.26484217546878,19.999999999999975,0.0,0.0,0.0
6.966371077030757,-22.205255078384933,19.999999999999975,0.0,0.0,0.0
6.883385964762102,-22.145626918848496,19.999999999999964,0.0,0.0,0.0
6.800470585842971,-22.085957481918168,19.999999999999964,0.0,0.0,0.0
6.717625039548901,-22.026246552963332,19.999999999999968,0.0,0.0,0.0
6.634849425504748,-21.966493917660255,19.999999999999968,0.0,0.0,0.0
6.552143843680564,-21.906699361988757,19.999999999999968,0.0,0.0,0.0
6.46950839438701,-21.846862672228493,19.999999999999968,0.0,0.0,0.0
6.386943178270826,-21.786983634955302,19.99999999999997,0.0,0.0,0.0
6.304448296310819,-21.727062037037822,19.99999999999996,0.0,0.0,0.0
6.222023849813158,-21.667097665633595,19.999999999999964,0.0,0.0,0.0
6.139669940407487,-21.60709030818573,19.999999999999968,0.0,0.0,0.0
6.0573866700423125,-21.547039752418986,19.999999999999964,0.0,0.0,0.0
5.975174140981125,-21.486945786336317,19.99999999999996,0.0,0.0,0.0
5.893032455798097,-21.426808198215163,19.999999999999964,0.0,0.0,0.0
5.8109617173738295,-21.36662677660364,19.999999999999964,0.0,0.0,0.0
5.728962028891591,-21.306401310317106,19.99999999999996,0.0,0.0,0.0
5.647033493832889,-21.246131588434164,19.999999999999954,0.0,0.0,0.0
5.5651762159738,-21.1858174002932,19.99999999999996,0.0,0.0,0.0
5.483390299380857,-21.125458535488594,19.999999999999957,0.0,0.0,0.0
5.401675848406964,-21.065054783866827,19.99999999999996,0.0,0.0,0.0
5.320032967687845,-21.004605935523042,19.999999999999957,0.0,0.0,0.0
5.238461762137794,-20.944111780796963,19.99999999999996,0.0,0.0,0.0
5.156962336946249,-20.88357211026946,19.999999999999957,0.0,0.0,0.0
5.075534797573617,-20.822986714758454,19.999999999999957,0.0,0.0,0.0
4.99417924974787,-20.762355385315406,19.999999999999964,0.0,0.0,0.0
4.912895799460687,-20.70167791322145,19.999999999999964,0.0,0.0,0.0
4.8316845529636465,-20.640954089983435,19.99999999999996,0.0,0.0,0.0
4.750545616764924,-20.5801837073304,19.99999999999996,0.0,0.0,0.0
4.669479097625318,-20.519366557209448,19.999999999999964,0.0,0.0,0.0
4.588485102555067,-20.45850243178228,19.999999999999964,0.0,0.0,0.0
4.507563738809953,-20.397591123420984,19.999999999999964,0.0,0.0,0.0
4.42671511388814,-20.336632424704497,19.999999999999964,0.0,0.0,0.0
4.345939335526599,-20.275626128414665,19.999999999999964,0.0,0.0,0.0
4.26523651169754,-20.214572027532235,19.999999999999964,0.0,0.0,0.0
4.184606750605379,-20.15346991523329,19.999999999999968,0.0,0.0,0.0
4.104050160683019,-20.092319584885075,19.99999999999997,0.0,0.0,0.0
4.023566850588881,-20.031120830042372,19.99999999999997,0.0,0.0,0.0
3.9431569292034987,-19.96987344444352,19.99999999999997,0.0,0.0,0.0
3.8628205056261495,-19.90857722200642,19.999999999999968,0.0,0.0,0.0
3.782557689171997,-19.847231956824874,19.999999999999968,0.0,0.0,0.0
3.702368589368556,-19.785837443164443,19.99999999999997,0.0,0.0,0.0
3.622253315952958,-19.724393475458776,19.999999999999975,0.0,0.0,0.0
3.542211978868489,-19.66289984830548,19.999999999999968,0.0,0.0,0.0
3.4622446882618747,-19.601356356462368,19.999999999999964,0.0,0.0,0.0
3.382351554480131,-19.53976279484351,19.99999999999997,0.0,0.0,0.0
3.302532688067458,-19.478118958515186,19.99999999999998,0.0,0.0,0.0
3.2227881997626264,-19.416424642692174,19.99999999999998,0.0,0.0,0.0
3.1431182004957074,-19.354679642733558,19.999999999999975,0.0,0.0,0.0
3.0635228013855773,-19.292883754139076,19.99999999999998,0.0,0.0,0.0
2.984002113736729,-19.231036772544897,19.99999999999998,0.0,0.0,0.0
2.9045562490367955,-19.1691384937199,19.99999999999998,0.0,0.0,0.0
2.825185318953664,-19.10718871356168,19.999999999999982,0.0,0.0,0.0
2.7458894353326153,-19.045187228092413,19.999999999999986,0.0,0.0,0.0
2.6666687101939623,-18.98313383345521,19.999999999999982,0.0,0.0,0.0
2.5875232557300416,-18.92102832590985,19.999999999999986,0.0,0.0,0.0
2.508453184302917,-18.85887050182908,19.999999999999986,0.0,0.0,0.0
2.4294586084416716,-18.796660157694546,19.999999999999993,0.0,0.0,0.0
2.350539640839731,-18.734397090092738,19.99999999999999,0.0,0.0,0.0
2.2716963943526762,-18.67208109571123,19.99999999999999,0.0,0.0,0.0
2.192928981995416,-18.609711971334477,19.999999999999993,0.0,0.0,0.0
2.1142375169401193,-18.547289513840138,19.999999999999993,0.0,0.0,0.0
2.0356221125134475,-18.48481352019475,19.999999999999993,0.0,0.0,0.0
1.957082882194544,-18.422283787450123,20.0,0.0,0.0,0.0
1.8786199396124614,-18.359700112739098,20.0,0.0,0.0,0.0
1.8002333985439731,-18.29706229327172,19.999999999999993,0.0,0.0,0.0
1.721923372911309,-18.234370126331203,20.000000000000004,0.0,0.0,0.0
1.6436899767799296,-18.171623409269994,20.000000000000004,0.0,0.0,0.0
1.56553332435635,-18.108821939505788,20.0,0.0,0.0,0.0
1.487453529985985,-18.045965514517565,20.000000000000004,0.0,0.0,0.0
1.4094507081510435,-17.983053931841596,20.000000000000007,0.0,0.0,0.0
1.3315249734684527,-17.920086989067528,20.00000000000001,0.0,0.0,0.0
1.2536764406878087,-17.857064483834364,20.000000000000007,0.0,0.0,0.0
1.1759052246893835,-17.79398621382651,20.000000000000007,0.0,0.0,0.0
1.0982114404821415,-17.73085197676983,20.000000000000014,0.0,0.0,0.0
1.0205952032018168,-17.667661570427665,20.000000000000014,0.0,0.0,0.0
0.9430566281090033,-17.604414792596884,20.00000000000001,0.0,0.0,0.0
0.8655958305872989,-17.541111441103908,20.000000000000018,0.0,0.0,0.0
0.7882129261414724,-17.47775131380078,20.00000000000001,0.0,0.0,0.0
0.7109080303956662,-17.414334208561172,20.000000000000018,0.0,0.0,0.0
0.6336812590916472,-17.350859923276495,20.000000000000014,0.0,0.0,0.0
0.5565327280870715,-17.287328255851868,20.000000000000025,0.0,0.0,0.0
0.4794625533538092,-17.223739004202276,20.000000000000018,0.0,0.0,0.0
0.4024708509762793,-17.160091966248523,20.000000000000025,0.0,0.0,0.0
0.32555773714984054,-17.096386939913376,20.00000000000002,0.0,0.0,0.0
0.24872332817920914,-17.03262372311759,20.00000000000002,0.0,0.0,0.0
0.17196774047689958,-16.968802113775986,20.00000000000002,0.0,0.0,0.0
0.09529109056173068,-16.90492190979355,20.00000000000002,0.0,0.0,0.0
0.01869349505733263,-16.840982909061474,20.00000000000003,0.0,0.0,0.0
359.9421750706907,-16.77698490945326,20.00000000000003,0.0,0.0,0.0
359.86573593429085,-16.712927708820818,20.00000000000003,0.0,0.0,0.0
359.7893762027873,-16.648811104990546,20.00000000000003,0.0,0.0,0.0
359.713095993209,-16.584634895759443,20.00000000000003,0.0,0.0,0.0
359.6368954226826,-16.52039887889119,20.000000000000032,0.0,0.0,0.0
359.5607746084316,-16.456102852112302,20.000000000000036,0.0,0.0,0.0
359.48473366777506,-16.39174661310821,20.000000000000036,0.0,0.0,0.0
359.40877271812616,-16.32732995951941,20.000000000000036,0.0,0.0,0.0
359.3328918769912,-16.26285268893757,20.000000000000036,0.0,0.0,0.0
359.2570912619684,-16.19831459890167,20.000000000000036,0.0,0.0,0.0
359.18137099074715,-16.13371548689419,20.000000000000043,0.0,0.0,0.0
359.1057311811063,-16.069055150337192,20.000000000000036,0.0,0.0,0.0
359.0301719509138,-16.004333386588534,20.000000000000032,0.0,0.0,0.0
358.9546934181254,-15.939549992938002,20.00000000000004,0.0,0.0,0.0
358.8792957007834,-15.874704766603502,20.000000000000043,0.0,0.0,0.0
358.8039789170166,-15.809797504727259,20.00000000000004,0.0,0.0,0.0
358.72874318503835,-15.744828004371943,20.000000000000043,0.0,0.0,0.0
358.65358862314673,-15.679796062516957,20.000000000000043,0.0,0.0,0.0
358.5785153497229,-15.61470147605456,20.00000000000004,0.0,0.0,0.0
358.5035234832308,-15.549544041786149,20.00000000000004,0.0,0.0,0.0
358.4286131422164,-15.484323556418445,20.000000000000036,0.0,0.0,0.0
358.3537844453067,-15.419039816559732,20.00000000000004,0.0,0.0,0.0
358.2790375112094,-15.35369261871611,20.000000000000043,0.0,0.0,0.0
358.20437245871204,-15.288281759287758,20.000000000000043,0.0,0.0,0.0
358.12978940668154,-15.22280703456518,20.000000000000043,0.0,0.0,0.0
358.05528847406356,-15.157268240725472,20.000000000000043,0.0,0.0,0.0
357.98086977988197,-15.091665173828641,20.000000000000043,0.0,0.0,0.0
357.90653344323846,-15.025997629813844,20.00000000000004,0.0,0.0,0.0
357.83227958331196,-14.960265404495756,20.000000000000036,0.0,0.0,0.0
357.7581083193583,-14.894468293560829,20.000000000000043,0.0,0.0,0.0
357.6840197707098,-14.828606092563676,20.00000000000004,0.0,0.0,0.0
357.610014056775,-14.762678596923344,20.000000000000043,0.0,0.0,0.0
357.53609129703807,-14.69668560191972,20.000000000000036,0.0,0.0,0.0
357.462251611059,-14.630626902689865,20.00000000000004,0.0,0.0,0.0
357.3884951184729,-14.564502294224383,20.000000000000043,0.0,0.0,0.0
357.3148219389901,-14.498311571363846,20.000000000000043,0.0,0.0,0.0
357.24123219239596,-14.432054528795122,20.000000000000036,0.0,0.0,0.0
357.16772599855034,-14.365730961047861,20.000000000000036,0.0,0.0,0.0
357.0943034773882,-14.29934066249087,20.00000000000004,0.0,0.0,0.0
357.02096474891897,-14.232883427328563,20.000000000000036,0.0,0.0,0.0
356.9477099332267,-14.166359049597407,20.000000000000036,0.0,0.0,0.0
356.8745391504702,-14.099767323162402,20.000000000000036,0.0,0.0,0.0
356.80145252088295,-14.033108041713529,20.000000000000036,0.0,0.0,0.0
356.728450164773,-13.966380998762272,20.00000000000003,0.0,0.0,0.0
356.65553220252366,-13.899585987638082,20.00000000000003,0.0,0.0,0.0
356.5826987545931,-13.83272280148494,20.00000000000003,0.0,0.0,0.0
356.5099499415148,-13.76579123325786,20.00000000000003,0.0,0.0,0.0
356.43728588389763,-13.698791075719448,20.000000000000025,0.0,0.0,0.0
356.36470670242636,-13.63172212143646,20.00000000000002,0.0,0.0,0.0
356.2922125178618,-13.564584162776374,20.00000000000002,0.0,0.0,0.0
356.21980345104106,-13.497376991903993,20.000000000000018,0.0,0.0,0.0
356.1474796228782,-13.43010040077805,20.00000000000002,0.0,0.0,0.0
356.0752411543643,-13.362754181147828,20.000000000000014,0.0,0.0,0.0
356.00308816656826,-13.295338124549799,20.000000000000014,0.0,0.0,0.0
355.93102078063697,-13.227852022304269,20.000000000000014,0.0,0.0,0.0
355.85903911779616,-13.160295665512088,20.00000000000001,0.0,0.0,0.0
355.7871432993506,-13.09266884505127,20.00000000000001,0.0,0.0,0.0
355.715333446685,-13.024971351573777,20.000000000000004,0.0,0.0,0.0
355.6436096812646,-12.957202975502163,20.000000000000007,0.0,0.0,0.0
355.57197212463575,-12.889363507026365,20.0,0.0,0.0,0.0
355.5004208984266,-12.821452736100454,19.999999999999993,0.0,0.0,0.0
355.428956124348,-12.753470452439354,19.999999999999996,0.0,0.0,0.0
355.35757792419423,-12.685416445515706,19.99999999999999,0.0,0.0,0.0
355.28628641984363,-12.617290504556623,19.99999999999999,0.0,0.0,0.0
355.21508173326004,-12.549092418540551,19.999999999999986,0.0,0.0,0.0
355.14396398649285,-12.480821976194061,19.99999999999998,0.0,0.0,0.0
355.07293330167875,-12.41247896598878,19.999999999999982,0.0,0.0,0.0
355.0019898010422,-12.344063176138205,19.999999999999975,0.0,0.0,0.0
354.9311336068967,-12.275574394594647,19.999999999999964,0.0,0.0,0.0
354.86036484164566,-12.20701240904613,19.999999999999964,0.0,0.0,0.0
354.7896836277839,-12.138377006913327,19.999999999999957,0.0,0.0,0.0
354.7190900878981,-12.069667975346537,19.999999999999957,0.0,0.0,0.0
354.64858434466873,-12.000885101222607,19.999999999999957,0.0,0.0,0.0
