galstreams/tracks/track.st.Hydrus.ibata2024.ecsv
# %ECSV 1.0
# ---
# datatype:
# - {name: ra, unit: deg, datatype: float64}
# - {name: dec, unit: deg, datatype: float64}
# - {name: distance, unit: kpc, datatype: float64}
# - {name: pm_ra_cosdec, unit: mas / yr, datatype: float64}
# - {name: pm_dec, unit: mas / yr, datatype: float64}
# - {name: radial_velocity, unit: km / s, datatype: float64}
# delimiter: ','
# meta: !!omap
# - __serialized_columns__:
#     dec:
#       __class__: astropy.coordinates.angles.Latitude
#       unit: &id001 !astropy.units.Unit {unit: deg}
#       value: !astropy.table.SerializedColumn {name: dec}
#     distance:
#       __class__: astropy.coordinates.distances.Distance
#       unit: !astropy.units.Unit {unit: kpc}
#       value: !astropy.table.SerializedColumn {name: distance}
#     pm_dec:
#       __class__: astropy.units.quantity.Quantity
#       unit: !astropy.units.Unit {unit: mas / yr}
#       value: !astropy.table.SerializedColumn {name: pm_dec}
#     pm_ra_cosdec:
#       __class__: astropy.units.quantity.Quantity
#       unit: !astropy.units.Unit {unit: mas / yr}
#       value: !astropy.table.SerializedColumn {name: pm_ra_cosdec}
#     ra:
#       __class__: astropy.coordinates.angles.Longitude
#       unit: *id001
#       value: !astropy.table.SerializedColumn {name: ra}
#       wrap_angle: !astropy.coordinates.Angle
#         unit: *id001
#         value: 360.0
#     radial_velocity:
#       __class__: astropy.units.quantity.Quantity
#       unit: !astropy.units.Unit {unit: km / s}
#       value: !astropy.table.SerializedColumn {name: radial_velocity}
# schema: astropy-2.0
ra,dec,distance,pm_ra_cosdec,pm_dec,radial_velocity
[from data line 143]
36.462228609452666,-79.05766710359299,1.0000000000000004,3.7032219097522443,-1.4624232850311216,-1737.934172867943
36.51174284259228,-79.06136822318852,1.0000000000000004,3.7027643727220543,-1.459691346186041,-1518.6505091574218
36.56125926661343,-79.06507160584084,1.0000000000000004,3.7023109118362534,-1.4569470426924056,-1317.253320052725
36.61077801799461,-79.06877723582416,1.0000000000000004,3.701861562965995,-1.4541904738172562,-1132.9999330490537
36.660299233082036,-79.07248509734234,1.0000000000000004,3.701416362337479,-1.4514217386717903,-965.1476756412013
36.70982304809096,-79.07619517452939,1.0000000000000004,3.700975346531303,-1.4486409362108148,-812.9538753245141
36.75934959910295,-79.07990745144922,1.0000000000000004,3.700538552481822,-1.4458481652315989,-675.6758595939611
36.8088790220672,-79.08362191209606,1.0000000000000009,3.7001060174766156,-1.4430435243729498,-552.5709559447423
36.858411452797775,-79.0873385403943,1.0000000000000007,3.699677779155884,-1.4402271121144352,-442.8964918715937
36.90794702697495,-79.0910573201989,1.0000000000000007,3.699253875511819,-1.4373990267753012,-345.9097948698035
36.95748588014242,-79.09477823529522,1.0000000000000007,3.69883434488808,-1.4345593665137333,-260.8681924342818
37.0070281477086,-79.09850126939945,1.0000000000000004,3.6984192259791673,-1.4317082293258157,-187.02901206037498
37.05657396494385,-79.10222640615835,1.0000000000000009,3.6980085578298523,-1.4288457130446393,-123.64958124296392
37.10612346698182,-79.10595362914978,1.0000000000000007,3.697602379834643,-1.4259719153393973,-69.98722747695865
37.15567678881684,-79.1096829218825,1.0000000000000007,3.6972007317371567,-1.4230869337144783,-25.299278257618422
37.20523406530399,-79.11341426779636,1.0000000000000007,3.6968036536295847,-1.420190865508528,11.156938920088578
37.25479543115912,-79.11714765026262,1.0000000000000007,3.6964111859521473,-1.4172838078934893,40.12409656099044
37.30436102095621,-79.12088305258374,1.0000000000000007,3.696023369492484,-1.4143658578737806,62.34486717008984
37.353930969128776,-79.1246204579938,1.0000000000000007,3.695640245385154,-1.4114371122852427,78.56192325241865
37.40350540996691,-79.12835984965834,1.0000000000000007,3.6952618551110317,-1.4084976677943493,89.51793731286305
37.45308447761872,-79.13210121067478,1.0000000000000009,3.6948882404968026,-1.4055476208971402,95.95558185639675
37.502668306087294,-79.13584452407217,1.0000000000000007,3.694519443714381,-1.4025870679184522,98.61752938787687
37.55225702923216,-79.13958977281175,1.0000000000000007,3.6941555072803984,-1.3996161050108062,98.2464524121897
37.601850780766284,-79.14333693978655,1.0000000000000007,3.693796474055631,-1.3966348281536733,95.58502343445434
37.65144969425743,-79.14708600782203,1.0000000000000007,3.693442387244509,-1.393643333152367,91.37591495944069
37.70105390312525,-79.15083695967576,1.0000000000000007,3.693093290394526,-1.3906417156372584,86.36179949229701
37.75066354064254,-79.15458977803782,1.0000000000000007,3.6927492273957716,-1.3876300710627145,81.28534953785129
37.800278739932615,-79.15834444553077,1.0000000000000007,3.692410242480357,-1.3846084947062713,76.88923760093166
37.849899633969265,-79.16210094470976,1.0000000000000007,3.6920763802219074,-1.3815770816676558,73.91613618662814
37.899526355576754,-79.1658592580628,1.0000000000000007,3.691747685535071,-1.378535926867794,73.1087177997979
37.94915903742707,-79.16961936801066,1.0000000000000007,3.6914242036749454,-1.3754851250479914,75.20965494550182
37.99879781204129,-79.17338125690713,1.0000000000000009,3.6911059802366286,-1.3724247707688617,80.96162012862627
38.048442811786515,-79.17714490703908,1.0000000000000009,3.6907930611546504,-1.3693549584095153,91.1072858539701
38.098094168877246,-79.1809103006266,1.0000000000000007,3.6904854927025204,-1.3662757821664915,106.3893246265943
38.14775201537235,-79.18467741982305,1.0000000000000007,3.6901833214921673,-1.3631873360529339,127.55040895153068
38.19741648317632,-79.18844624671526,1.0000000000000007,3.6898865944734998,-1.360089713897529,155.3332113335782
38.24708770403632,-79.19221676332353,1.0000000000000007,3.6895953589338473,-1.3569830093436837,190.48040427779773
38.296765809543395,-79.1959889516019,1.0000000000000007,3.689309662497528,-1.3538673158484462,233.73466028895928
38.3464509311295,-79.19976279343811,1.0000000000000007,3.689029553125295,-1.350742726681684,285.8386518720945
38.39614320006876,-79.20353827065382,1.0000000000000009,3.688755079113908,-1.3476093349250107,347.53505153223523
38.44584274747463,-79.2073153650046,1.0000000000000007,3.6884862890956,-1.344467233470958,419.5665317742097
38.49554970429992,-79.21109405818018,1.0000000000000007,3.6882232320376147,-1.3413165150219086,502.67576510304934
38.5452642013366,-79.21487433180447,1.0000000000000007,3.687965957241742,-1.3381572720892478,597.6054240235825
38.59498636921309,-79.21865616743568,1.0000000000000009,3.687714514343817,-1.3349895969922763,705.0981810406956
38.64471633839542,-79.2224395465665,1.000000000000001,3.6874689533132603,-1.331813581857407,825.8967086595951
38.694454239184225,-79.22622445062412,1.0000000000000009,3.6872293244525913,-1.3286293186170468,960.7436793850212
38.74420020171595,-79.23001086097038,1.0000000000000009,3.686995678396997,-1.3254368990087642,1110.381765722035
38.793954355959734,-79.23379875890186,1.0000000000000009,3.686768066113821,-1.3222364145743057,1275.5536401753488
38.84371683171868,-79.23758812565006,1.0000000000000009,3.686546538902153,-1.3190279566585232,1457.0019752501098
38.89348775862673,-79.24137894238139,1.0000000000000009,3.686331148392302,-1.3158116164085385,1655.469443451293
38.943267266149874,-79.24517119019742,1.0000000000000009,3.686121946545427,-1.3125874847727346,1871.698717283696
38.99305548358303,-79.24896485013483,1.0000000000000009,3.685918985652954,-1.309355652499704,2106.4324692522932
39.042852540051236,-79.2527599031657,1.0000000000000009,3.685722318336346,-1.3061162101374322,2360.4133718621156
39.09265856450682,-79.25655633019747,1.0000000000000009,3.685531997546363,-1.302869248032124,2634.3840976179345
39.14247368572922,-79.26035411207303,1.0000000000000009,3.6853480765628817,-1.2996148563276222,2929.087319024926
39.1922980323248,-79.26415322957108,1.0000000000000009,3.6851706089942766,-1.296353124963872,3245.26570858786
39.24213173272398,-79.26795366340589,1.0000000000000009,3.6849996487770795,-1.2930841436761682,3583.6619388116524
39.291974915182415,-79.2717553942277,1.0000000000000009,3.68483525017551,-1.2898080019945155,3945.0186822013634
39.341827707777824,-79.27555840262258,1.000000000000001,3.684677467780986,-1.2865247892423781,4330.078611261881
39.39169023841113,-79.2793626691128,1.0000000000000009,3.684526356511853,-1.283234594535486,4739.5843984981475
39.44156263480334,-79.28316817415669,1.0000000000000009,3.68438197161268,-1.279937506780982,5174.278716415138
39.491445024496585,-79.28697489814897,1.0000000000000009,3.684244368654248,-1.276633614676598,5634.90423751768
39.54133753485107,-79.29078282142062,1.0000000000000009,3.684113603532552,-1.2733230067100862,6122.203634310863
39.59124029304604,-79.29459192423924,1.000000000000001,3.6839897324690583,-1.2700057711565194,6636.919579299544
39.64115342607675,-79.29840218680893,1.0000000000000009,3.6838728120095823,-1.2666819960797397,7179.794744988671
39.69107706075545,-79.30221358927058,1.0000000000000009,3.683762899024373,-1.263351769329688,7751.571803883185
39.74101132370849,-79.30602611170184,1.000000000000001,3.683660050707715,-1.26001517854138,8352.993428488087
39.79095634137606,-79.3098397341173,1.0000000000000009,3.6835643245771053,-1.2566723111349916,8984.80229130818
39.84091224001198,-79.31365443646862,1.0000000000000009,3.6834757784731096,-1.253323254313898,9647.741064848611
39.89087914568065,-79.31747019864454,1.0000000000000009,3.683394470559051,-1.2499680950638776,10342.552421614095
39.94085718425824,-79.3212870004711,1.0000000000000009,3.683320459320356,-1.2466069201531127,11069.979034109712
39.99084648142931,-79.32510482171162,1.000000000000001,3.683253803564554,-1.2432398161295737,11830.763574840412
40.040847162687996,-79.328923642067,1.0000000000000009,3.6831945624202262,-1.2398668693199966,12625.648716311081
40.0908593533347,-79.33274344117557,1.0000000000000009,3.6831427953370053,-1.2364881658311333,13455.377131026647
40.14088317847714,-79.3365641986134,1.0000000000000009,3.6830985620854335,-1.2331037915475918,14320.69149149212
40.190918763027064,-79.34038589389435,1.0000000000000009,3.683061922756224,-1.2297138321274588,15222.334470212374
40.240966231701314,-79.34420850647017,1.000000000000001,3.68303293775989,-1.2263183730079845,16161.048739692373
40.29102570901857,-79.34803201573052,1.0000000000000009,3.6830116678262357,-1.222917499398136,17137.57697243712
40.341097319300275,-79.35185640100327,1.0000000000000009,3.6829981740044673,-1.2195112962824624,18152.66184095142
40.391181186667424,-79.3556816415544,1.0000000000000009,3.6829925176621714,-1.2160998484170022,19207.046017740297
40.441277435041556,-79.3595077165883,1.000000000000001,3.6829947604854283,-1.212683240328147,20301.472175308736
40.49138618814167,-79.36333460524767,1.000000000000001,3.683004964478073,-1.209261556313436,21436.68298616161
40.541507569483905,-79.36716228661379,1.000000000000001,3.6830231919615812,-1.2058348804408752,22613.421122803877
40.591641702381175,-79.37099073970657,1.000000000000001,3.6830495055750134,-1.2024032965460947,23832.42925774053
40.641788709940094,-79.37481994348464,1.0000000000000013,3.6830839682733085,-1.1989668882301885,25094.4500634764
40.691948715061976,-79.37864987684547,1.000000000000001,3.683126643328478,-1.1955257388636937,26400.226212516536
40.742121840439424,-79.38248051862548,1.000000000000001,3.683177594328299,-1.1920799315801105,27750.50037736582
40.79230820855739,-79.3863118476002,1.000000000000001,3.6832368851765978,-1.188629549278403,29146.015230529247
40.84250794168965,-79.39014384248416,1.000000000000001,3.6833045800922264,-1.1851746746192475,30587.51344451159
40.892721161899956,-79.39397648193136,1.000000000000001,3.6833807436087227,-1.1817153900271933,32075.737691817976
40.942947991038466,-79.39780974453501,1.000000000000001,3.683465440575219,-1.178251777685773,33611.43064495334
40.99318855074281,-79.40164360882788,1.000000000000001,3.6835587361534863,-1.174783919541369,35195.33497642258
41.0434429624346,-79.40547805328228,1.000000000000001,3.6836606958205493,-1.1713118972963912,36828.19335873058
41.09371134732042,-79.40931305631027,1.000000000000001,3.6837713853660716,-1.167835792413598,38510.74846438234
41.14399382638864,-79.41314859626361,1.000000000000001,3.6838908708937197,-1.16435568610882,40243.74296588285
41.194290520408956,-79.416984651434,1.000000000000001,3.684019218819003,-1.1608716593600548,42027.919535736946
41.244601549932,-79.42082120005323,1.000000000000001,3.684156495870184,-1.157383792895871,43864.02084644959
41.2949270352861,-79.42465822029304,1.000000000000001,3.684302769088049,-1.1538921671970002,45752.7895705258
41.34526709657825,-79.42849569026556,1.000000000000001,3.6844581058243193,-1.1503968624999743,47694.96838047038
41.39562185369052,-79.4323335880231,1.000000000000001,3.6846225737432405,-1.1468979587934882,49691.29994878841
41.4459914262811,-79.4361718915585,1.000000000000001,3.684796240819196,-1.1433955358118055,51742.526947984785
41.49637593378067,-79.44001057880506,1.000000000000001,3.684979175337048,-1.1398896730465822,53849.39205056443
41.54677549539338,-79.44384962763682,1.000000000000001,3.68517144589282,-1.1363804497282217,56012.63792903235
41.597190230093304,-79.44768901586843,1.000000000000001,3.685373121391649,-1.1328679448429284,58233.007255893375
41.64762025662523,-79.45152872125554,1.0000000000000013,3.6855842710501747,-1.1293522371224753,60511.242703652555
41.69806569350131,-79.45536872149466,1.000000000000001,3.685804964391309,-1.1258334050357917,62848.08694481472
41.748526659001755,-79.45920899422345,1.000000000000001,3.686035271249466,-1.1223115268030597,65244.28265188492
41.7990032711716,-79.46304951702065,1.000000000000001,3.6862752617671504,-1.1187866803857105,67700.57249736805
41.849495647820206,-79.46689026740633,1.000000000000001,3.6865250063954136,-1.1152589434859692,70217.69915376887
41.90000390652073,-79.47073122284196,1.000000000000001,3.686784575891579,-1.1117283935564046,72796.4052935927
41.95052816460677,-79.47457236073048,1.000000000000001,3.687054041321744,-1.1081951077685517,75437.43358934423
42.001068539173225,-79.47841365841646,1.000000000000001,3.6873334740612336,-1.1046591630529292,78141.52671352844
42.051625147072706,-79.48225509318614,1.000000000000001,3.6876229457900536,-1.1011206360662982,80909.42733865038
42.10219810491633,-79.4860966422676,1.0000000000000013,3.6879225284933455,-1.0975796032080325,83741.87813721478
42.152787529070125,-79.4899382828308,1.0000000000000013,3.688232294466161,-1.0940361406142074,86639.62178172673
42.203393535655806,-79.49377999198782,1.0000000000000013,3.688552316309142,-1.0904903241425927,89603.40094469117
42.25401624054715,-79.49762174679277,1.0000000000000016,3.6888826669246555,-1.0869422294003925,92633.958298613
42.304655759370824,-79.5014635242421,1.0000000000000013,3.689223419525433,-1.083391931715596,95732.03651599716
42.35531220750268,-79.50530530127449,1.0000000000000013,3.6895746476263866,-1.0798395061547126,98898.37826934857
42.40598570006853,-79.50914705477123,1.0000000000000013,3.689936425048245,-1.0762850275077653,102133.7262311721
42.45667635194082,-79.51298876155604,1.0000000000000013,3.6903088259143715,-1.0727285702987501,105438.82307397292
42.50738427773793,-79.51683039839537,1.0000000000000013,3.6906919246534926,-1.069170208776086,108814.41147025589
42.558109591823545,-79.5206719419985,1.0000000000000013,3.6910857960010617,-1.0656100169135243,112261.23409252582
42.60885240830332,-79.5245133690175,1.0000000000000013,3.6914905149888,-1.0620480684137874,115780.0336132878
42.65961284102551,-79.5283546560475,1.0000000000000013,3.6919061569574296,-1.058484436714025,119371.5527050467
42.71039100357733,-79.53219577962673,1.0000000000000016,3.6923327975482607,-1.0549191949467058,123036.53404030744
42.76118700928564,-79.53603671623665,1.0000000000000013,3.6927705127063746,-1.0513524159914596,126775.72029157504
42.81200097121323,-79.53987744230199,1.0000000000000013,3.6932193786778953,-1.0477841724386963,130589.85413135435
42.86283300215955,-79.54371793419098,1.0000000000000013,3.693679472011354,-1.044214536610525,134479.67823215039
42.91368321465692,-79.54755816821532,1.0000000000000013,3.6941508695540506,-1.040643580523465,138445.9352664679
42.964551720971265,-79.55139812063044,1.0000000000000013,3.6946336484588755,-1.0370713759321006,142489.36790681205
43.015438633098306,-79.55523776763546,1.0000000000000013,3.695127886176124,-1.033497994305435,146610.71882568783
43.066344062764294,-79.55907708537343,1.0000000000000013,3.695633660461226,-1.0299235068168855,150810.7306956
43.117268121422455,-79.56291604993133,1.0000000000000013,3.6961510493633796,-1.026347984372478,155090.1461890536
43.16821092025227,-79.56675463734022,1.0000000000000013,3.696680131237372,-1.022771497571739,159449.70797855352
43.21917257015881,-79.57059282357545,1.000000000000001,3.697220984733576,-1.0191941167349796,163890.15873660476
43.27015318176907,-79.57443058455657,1.0000000000000013,3.6977736888052277,-1.0156159118978394,168412.24113571222
43.32115286543277,-79.57826789614762,1.0000000000000013,3.698338322699783,-1.0120369527949151,173016.69784838083
43.37217173121837,-79.58210473415713,1.0000000000000013,3.698914965970289,-1.0084573088806792,177704.27154711555
43.42320988891383,-79.58594107433832,1.0000000000000013,3.699503698465378,-1.0048770493176562,182475.70490442112
43.474267448022694,-79.58977689238911,1.0000000000000016,3.700104600325176,-1.001296242956414,187331.74059280285
43.5253445177647,-79.59361216395234,1.0000000000000016,3.7007177519985817,-0.9977149583664868,192273.1212847655
