galstreams/tracks/track.st.M3-Svol.yang2023.ecsv
# %ECSV 1.0
# ---
# datatype:
# - {name: ra, unit: deg, datatype: float64}
# - {name: dec, unit: deg, datatype: float64}
# - {name: distance, unit: kpc, datatype: float64}
# - {name: pm_ra_cosdec, unit: mas / yr, datatype: float64}
# - {name: pm_dec, unit: mas / yr, datatype: float64}
# - {name: radial_velocity, unit: km / s, datatype: float64}
# delimiter: ','
# meta: !!omap
# - __serialized_columns__:
#     dec:
#       __class__: astropy.coordinates.angles.Latitude
#       unit: &id001 !astropy.units.Unit {unit: deg}
#       value: !astropy.table.SerializedColumn {name: dec}
#     distance:
#       __class__: astropy.coordinates.distances.Distance
#       unit: !astropy.units.Unit {unit: kpc}
#       value: !astropy.table.SerializedColumn {name: distance}
#     pm_dec:
#       __class__: astropy.units.quantity.Quantity
#       unit: !astropy.units.Unit {unit: mas / yr}
#       value: !astropy.table.SerializedColumn {name: pm_dec}
#     pm_ra_cosdec:
#       __class__: astropy.units.quantity.Quantity
#       unit: !astropy.units.Unit {unit: mas / yr}
#       value: !astropy.table.SerializedColumn {name: pm_ra_cosdec}
#     ra:
#       __class__: astropy.coordinates.angles.Longitude
#       unit: *id001
#       value: !astropy.table.SerializedColumn {name: ra}
#       wrap_angle: !astropy.coordinates.Angle
#         unit: *id001
#         value: 360.0
#     radial_velocity:
#       __class__: astropy.units.quantity.Quantity
#       unit: !astropy.units.Unit {unit: km / s}
#       value: !astropy.table.SerializedColumn {name: radial_velocity}
# schema: astropy-2.0
ra,dec,distance,pm_ra_cosdec,pm_dec,radial_velocity
[from data line 2933]
222.1692336796509,28.522809362234824,8.831880858025587,1.1849221923265316,-4.008366821976559,-190.53696236263303
222.18087608817584,28.52251994091448,8.830789580654605,1.1858103248499121,-4.009386180481316,-190.55439007010182
222.19251843209415,28.52222923459341,8.829698655739136,1.1866985342811454,-4.010405793294926,-190.57179678123043
222.20416071108997,28.521937243280306,8.828608083279189,1.187586820599423,-4.0114256604587935,-190.58918249601885
222.21580292484734,28.521643966983884,8.82751786327476,1.1884751837839487,-4.012445782014297,-190.6065472144671
222.22744507305046,28.521349405712993,8.826427995725856,1.1893636238139385,-4.0134661580027835,-190.62389093657524
222.2390871553834,28.521053559476513,8.825338480632468,1.1902521406686188,-4.014486788465584,-190.64121366234318
222.25072917153034,28.52075642828342,8.8242493179946,1.1911407343272282,-4.015507673443992,-190.65851539177098
222.26237112117545,28.52045801214276,8.823160507812254,1.192029404769019,-4.016528812979274,-190.67579612485864
222.2740130040029,28.520158311063682,8.822072050085424,1.1929181519732535,-4.01755020711268,-190.6930558616061
222.28565481969687,28.519857325055362,8.820983944814117,1.1938069759192045,-4.01857185588542,-190.71029460201336
222.2972965679416,28.51955505412709,8.81989619199833,1.19469587658616,-4.019593759338683,-190.7275123460805
222.30893824842127,28.519251498288224,8.818808791638062,1.195584853953417,-4.020615917513631,-190.74470909380747
222.3205798608202,28.518946657548188,8.817721743733317,1.1964739080002857,-4.021638330451395,-190.76188484519423
222.33222140482255,28.518640531916496,8.816635048284086,1.1973630387060905,-4.022660998193087,-190.77903960024094
222.34386288011262,28.518333121402733,8.815548705290377,1.198252246050162,-4.023683920779783,-190.79617335894739
222.3555042863747,28.51802442601655,8.814462714752189,1.1991415300118464,-4.024707098252533,-190.8132861213136
222.36714562329308,28.517714445767705,8.813377076669525,1.2000308905705026,-4.0257305306523605,-190.8303778873398
222.37878689055208,28.517403180665994,8.812291791042373,1.2009203277054987,-4.026754218020272,-190.8474486570258
222.390428087836,28.517090630721306,8.811206857870747,1.201809841396218,-4.027778160397228,-190.8644984303717
222.40206921482923,28.5167767959436,8.810122277154639,1.2026994316220507,-4.028802357824179,-190.88152720737725
222.41371027121608,28.516461676342946,8.80903804889405,1.2035890983624045,-4.029826810342033,-190.89853498804277
222.42535125668093,28.516145271929446,8.807954173088982,1.2044788415966963,-4.030851517991685,-190.91552177236815
222.43699217090816,28.515827582713282,8.806870649739432,1.205368661304353,-4.031876480813997,-190.93248756035325
222.4486330135822,28.515508608704735,8.805787478845405,1.206258557464818,-4.032901698849796,-190.9494323519983
222.46027378438748,28.515188349914162,8.804704660406896,1.2071485300575446,-4.033927172139896,-190.96635614730315
222.47191448300842,28.51486680635197,8.803622194423907,1.2080385790619956,-4.034952900725074,-190.98325894626782
222.4835551091294,28.51454397802867,8.802540080896438,1.2089287044576498,-4.035978884646081,-191.00014074889233
222.49519566243504,28.514219864954832,8.801458319824489,1.2098189062239961,-4.0370051239436435,-191.01700155517665
222.50683614260964,28.513894467141114,8.80037691120806,1.2107091843405342,-4.038031618658459,-191.03384136512085
222.51847654933783,28.513567784598234,8.79929585504715,1.2115995387867782,-4.0390583688311965,-191.05066017872488
222.5301168823041,28.513239817337002,8.79821515134176,1.2124899695422542,-4.040085374502503,-191.06745799598866
222.54175714119287,28.512910565368298,8.797134800091895,1.2133804765864944,-4.041112635712992,-191.0842348169124
222.55339732568888,28.51258002870308,8.796054801297544,1.2142710598990547,-4.042140152503251,-191.10099064149594
222.5650374354765,28.512248207352386,8.794975154958713,1.2151617194594904,-4.043167924913842,-191.11772546973927
222.57667747024047,28.511915101327308,8.793895861075406,1.216052455247378,-4.0441959529853015,-191.13443930164246
222.58831742966527,28.511580710639056,8.792816919647617,1.216943267242301,-4.045224236758134,-191.15113213720548
222.59995731343557,28.51124503529887,8.791738330675345,1.2178341554238603,-4.046252776272818,-191.16780397642842
222.61159712123597,28.510908075318106,8.790660094158595,1.2187251197716598,-4.047281571569811,-191.18445481931113
222.62323685275112,28.510569830708164,8.789582210097366,1.219616160265324,-4.04831062268953,-191.20108466585367
222.63487650766572,28.510230301480536,8.788504678491657,1.2205072768844867,-4.049339929672381,-191.217693516056
222.6465160856644,28.50988948764679,8.787427499341469,1.2213984696087914,-4.050369492558727,-191.23428136991822
222.65815558643186,28.509547389218575,8.786350672646797,1.2222897384178983,-4.0513993113889155,-191.2508482274402
222.66979500965283,28.509204006207607,8.785274198407647,1.2231810832914767,-4.052429386203261,-191.26739408862215
222.68143435501202,28.508859338625687,8.784198076624016,1.2240725042092069,-4.053459717042049,-191.28391895346388
222.69307362219422,28.508513386484665,8.783122307295908,1.2249640011507845,-4.054490303945547,-191.3004228219654
222.70471281088413,28.508166149796505,8.782046890423318,1.2258555740959158,-4.055521146953982,-191.31690569412677
222.7163519207666,28.507817628573232,8.780971826006247,1.2267472230243204,-4.056552246107566,-191.33336756994805
222.7279909515264,28.507467822826936,8.779897114044697,1.2276389479157275,-4.057583601446474,-191.34980844942908
222.73962990284835,28.5071167325698,8.778822754538666,1.2285307487498796,-4.058615213010862,-191.36622833256996
222.75126877441727,28.506764357814077,8.777748747488156,1.2294226255065315,-4.059647080840849,-191.38262721937076
222.76290756591803,28.506410698572097,8.776675092893162,1.230314578165451,-4.060679204976534,-191.3990051098313
222.77454627703545,28.50605575485625,8.775601790753692,1.2312066067064171,-4.06171158545799,-191.41536200395177
222.78618490745453,28.50569952667902,8.774528841069744,1.2320987111092219,-4.062744222325256,-191.43169790173195
222.79782345686004,28.50534201405298,8.773456243841311,1.2329908913536687,-4.0637771156183495,-191.44801280317205
222.809461924937,28.504983216990748,8.772383999068397,1.2338831474195748,-4.0648102653772575,-191.46430670827195
222.82110031137032,28.504623135505035,8.771312106751012,1.2347754792867671,-4.065843671641936,-191.4805796170317
222.83273861584496,28.504261769608632,8.770240566889136,1.2356678869350861,-4.066877334452324,-191.4968315294513
222.84437683804592,28.503899119314386,8.769169379482788,1.2365603703443844,-4.067911253848327,-191.51306244553078
222.85601497765816,28.50353518463525,8.768098544531956,1.2374529294945273,-4.068945429869821,-191.52927236526997
222.8676530343667,28.503169965584235,8.767028062036644,1.2383455643653927,-4.069979862556656,-191.5454612886691
222.87929100785658,28.502803462174427,8.765957931996855,1.2392382749368687,-4.071014551948656,-191.56162921572806
222.8909288978129,28.502435674418976,8.76488815441258,1.2401310611888592,-4.072049498085622,-191.57777614644678
222.90256670392063,28.50206660233115,8.763818729283829,1.241023923101276,-4.073084701007316,-191.59390208082542
222.914204425865,28.50169624592425,8.762749656610598,1.2419168606540463,-4.074120160753484,-191.6100070188638
222.92584206333098,28.501324605211682,8.761680936392887,1.2428098738271092,-4.07515587736384,-191.62609096056212
222.93747961600377,28.500951680206892,8.760612568630696,1.2437029626004172,-4.076191850878068,-191.64215390592022
222.9491170835685,28.50057747092345,8.759544553324023,1.2445961269539296,-4.077228081335832,-191.65819585493819
222.96075446571038,28.500201977374974,8.758476890472872,1.2454893668676261,-4.078264568776758,-191.674216807616
222.9723917621145,28.499825199575156,8.75740958007724,1.2463826823214925,-4.079301313240455,-191.69021676395366
222.98402897246618,28.499447137537764,8.756342622137126,1.24727607329553,-4.080338314766499,-191.70619572395103
222.99566609645055,28.499067791276655,8.755276016652534,1.2481695397697519,-4.081375573394441,-191.72215368760834
223.0073031337529,28.498687160805762,8.75420976362346,1.2490630817241821,-4.0824130891638015,-191.73809065492546
223.01894008405847,28.498305246139076,8.753143863049909,1.2499566991388578,-4.083450862114078,-191.75400662590246
223.03057694705257,28.497922047290686,8.752078314931877,1.25085039199383,-4.084488892284734,-191.76990160053924
223.04221372242048,28.49753756427473,8.751013119269366,1.2517441602691615,-4.085527179715214,-191.78577557883594
223.05385040984754,28.497151797105456,8.749948276062373,1.2526380039449254,-4.086565724444931,-191.8016285607924
223.0654870090191,28.496764745797154,8.748883785310898,1.25353192300121,-4.087604526513269,-191.81746054640865
223.07712351962047,28.49637641036421,8.747819647014946,1.2544259174181134,-4.088643585959584,-191.83327153568476
223.08875994133706,28.4959867908211,8.746755861174513,1.2553199871757492,-4.089682902823211,-191.8490615286208
223.1003962738543,28.49559588718233,8.745692427789601,1.2562141322542408,-4.0907224771434505,-191.8648305252166
223.1120325168576,28.495203699462532,8.744629346860208,1.2571083526337252,-4.09176230895958,-191.88057852547226
223.12366867003237,28.494810227676382,8.743566618386334,1.2580026482943523,-4.092802398310846,-191.89630552938777
223.13530473306415,28.49441547183864,8.742504242367982,1.2588970192162832,-4.093842745236472,-191.9120115369631
223.14694070563831,28.494019431964155,8.741442218805146,1.2597914653796918,-4.09488334977565,-191.9276965481982
223.15857658744045,28.49362210806783,8.740380547697836,1.260685986764765,-4.095924211967544,-191.94336056309317
223.17021237815604,28.493223500164667,8.739319229046044,1.2615805833517022,-4.096965331851295,-191.95900358164812
223.18184807747065,28.49282360826972,8.738258262849769,1.262475255120715,-4.098006709466017,-191.97462560386273
223.19348368506985,28.49242243239814,8.737197649109014,1.263370002052028,-4.09904834485079,-191.99022662973724
223.20511920063922,28.492019972565128,8.736137387823783,1.2642648241258765,-4.1000902380446735,-192.00580665927157
223.21675462386435,28.491616228786004,8.735077478994068,1.2651597213225108,-4.101132389086696,-192.02136569246576
223.2283899544309,28.491211201076116,8.734017922619874,1.2660546936221935,-4.102174798015856,-192.03690372931976
223.24002519202452,28.490804889450917,8.732958718701202,1.2669497410051958,-4.103217464871131,-192.05242076983356
223.25166033633084,28.490397293925945,8.731899867238043,1.2678448634518082,-4.1042603896914684,-192.06791681400728
223.2632953870356,28.489988414516773,8.730841368230411,1.2687400609423285,-4.105303572515782,-192.08339186184085
223.27493034382448,28.489578251239077,8.729783221678298,1.2696353334570682,-4.106347013382971,-192.09884591333417
223.28656520638324,28.489166804108624,8.728725427581704,1.270530680976352,-4.107390712331894,-192.1142789684874
223.29819997439765,28.48875407314122,8.727667985940629,1.271426103480517,-4.108434669401392,-192.12969102730042
223.30983464755343,28.48834005835278,8.726610896755075,1.2723216009499136,-4.109478884630272,-192.14508208977327
223.32146922553642,28.487924759759274,8.725554160025041,1.273217173364903,-4.110523358057318,-192.16045215590606
223.33310370803247,28.487508177376757,8.724497775750528,1.2741128207058598,-4.11156808972128,-192.17580122569856
223.34473809472735,28.48709031122135,8.723441743931533,1.275008542953173,-4.112613079660894,-192.19112929915087
223.35637238530703,28.48667116130928,8.722386064568058,1.2759043400872427,-4.113658327914852,-192.20643637626307
223.3680065794573,28.486250727656813,8.721330737660104,1.2768002120884798,-4.114703834521829,-192.22172245703516
223.37964067686408,28.48582901028029,8.72027576320767,1.2776961589373097,-4.115749599520468,-192.23698754146707
223.3912746772134,28.485406009196176,8.719221141210753,1.2785921806141751,-4.116795622949391,-192.25223162955876
223.40290858019108,28.484981724420958,8.71816687166936,1.2794882770995197,-4.117841904847181,-192.26745472131032
223.4145423854832,28.484556155971227,8.717112954583484,1.280384448373811,-4.118888445252407,-192.28265681672167
223.42617609277573,28.484129303863632,8.716059389953129,1.2812806944175263,-4.119935244203599,-192.29783791579294
223.43780970175465,28.483701168114933,8.715006177778294,1.28217701521115,-4.120982301739266,-192.312998018524
223.44944321210605,28.483271748741906,8.713953318058978,1.2830734107351862,-4.122029617897889,-192.32813712491486
223.461076623516,28.482841045761475,8.712900810795185,1.283969880970149,-4.123077192717919,-192.34325523496562
223.47270993567057,28.482409059190584,8.711848655986907,1.2848664258965654,-4.124125026237784,-192.35835234867622
223.48434314825585,28.48197578904627,8.710796853634152,1.2857630454949722,-4.125173118495878,-192.37342846604662
223.49597626095803,28.481541235345656,8.709745403736918,1.2866597397459252,-4.12622146953057,-192.38848358707682
223.50760927346323,28.48110539810593,8.7086943062952,1.2875565086299872,-4.127270079380206,-192.40351771176694
223.51924218545764,28.480668277344357,8.707643561309007,1.288453352127736,-4.1283189480831,-192.4185308401168
223.5308749966275,28.480229873078276,8.706593168778332,1.2893502702197617,-4.129368075677541,-192.43352297212664
223.54250770665897,28.479790185325122,8.705543128703173,1.290247262886671,-4.130417462201786,-192.44849410779617
223.55414031523839,28.479349214102367,8.704493441083537,1.2911443301090761,-4.131467107694069,-192.4634442471256
223.56577282205194,28.47890695942759,8.703444105919422,1.2920414718676065,-4.1325170121925945,-192.47837339011485
223.577405226786,28.478463421318438,8.702395123210826,1.292938688142903,-4.133567175735542,-192.49328153676393
223.58903752912684,28.47801859979263,8.70134649295775,1.2938359789156222,-4.13461759836106,-192.5081686870729
223.6006697287608,28.477572494867964,8.700298215160194,1.294733344166429,-4.1356682801072715,-192.5230348410417
223.61230182537432,28.477125106562312,8.699250289818158,1.2956307838760055,-4.13671922101227,-192.53787999867023
223.62393381865368,28.47667643489363,8.698202716931641,1.2965282980250414,-4.137770421114124,-192.5527041599587
223.63556570828544,28.476226479879923,8.697155496500645,1.2974258865942454,-4.138821880450874,-192.56750732490698
223.6471974939559,28.475775241539306,8.696108628525167,1.298323549564333,-4.139873599060532,-192.58228949351513
223.65882917535163,28.475322719889952,8.695062113005209,1.2992212869160384,-4.140925576981086,-192.59705066578303
223.67046075215907,28.474868914950115,8.694015949940775,1.3001190986301023,-4.141977814250488,-192.61179084171079
223.68209222406475,28.474413826738118,8.692970139331859,1.301016984687285,-4.143030310906671,-192.62651002129851
223.69372359075518,28.473957455272355,8.691924681178463,1.3019149450683523,-4.144083066987538,-192.6412082045459
223.70535485191695,28.473499800571325,8.690879575480585,1.3028129797540906,-4.145136082530962,-192.65588539145315
223.71698600723664,28.47304086265357,8.689834822238229,1.3037110887252932,-4.146189357574793,-192.67054158202032
223.72861705640088,28.472580641537714,8.68879042145139,1.3046092719627704,-4.14724289215685,-192.6851767762473
223.74024799909628,28.472119137242473,8.687746373120074,1.305507529447341,-4.148296686314925,-192.6997909741341
223.7518788350095,28.471656349786624,8.686702677244277,1.3064058611598413,-4.149350740086781,-192.71438417568066
223.76350956382726,28.471192279189015,8.685659333823999,1.3073042670811175,-4.150405053510159,-192.7289563808872
223.77514018523627,28.470726925468604,8.68461634285924,1.30820274719203,-4.151459626622767,-192.7435075897535
223.7867706989232,28.470260288644372,8.683573704350003,1.3091013014734503,-4.152514459462285,-192.7580378022797
223.79840110457488,28.46979236873542,8.682531418296284,1.3099999299062666,-4.153569552066372,-192.77254701846567
