galstreams/tracks/track.st.GD-1.ibata2021.ecsv
# %ECSV 1.0
# ---
# datatype:
# - {name: ra, unit: deg, datatype: float64}
# - {name: dec, unit: deg, datatype: float64}
# - {name: distance, unit: kpc, datatype: float64}
# - {name: pm_ra_cosdec, unit: mas / yr, datatype: float64}
# - {name: pm_dec, unit: mas / yr, datatype: float64}
# - {name: radial_velocity, unit: km / s, datatype: float64}
# delimiter: ','
# meta: !!omap
# - __serialized_columns__:
#     dec:
#       __class__: astropy.coordinates.angles.Latitude
#       unit: &id001 !astropy.units.Unit {unit: deg}
#       value: !astropy.table.SerializedColumn {name: dec}
#     distance:
#       __class__: astropy.coordinates.distances.Distance
#       unit: !astropy.units.Unit {unit: kpc}
#       value: !astropy.table.SerializedColumn {name: distance}
#     pm_dec:
#       __class__: astropy.units.quantity.Quantity
#       unit: !astropy.units.Unit {unit: mas / yr}
#       value: !astropy.table.SerializedColumn {name: pm_dec}
#     pm_ra_cosdec:
#       __class__: astropy.units.quantity.Quantity
#       unit: !astropy.units.Unit {unit: mas / yr}
#       value: !astropy.table.SerializedColumn {name: pm_ra_cosdec}
#     ra:
#       __class__: astropy.coordinates.angles.Longitude
#       unit: *id001
#       value: !astropy.table.SerializedColumn {name: ra}
#       wrap_angle: !astropy.coordinates.Angle
#         unit: *id001
#         value: 360.0
#     radial_velocity:
#       __class__: astropy.units.quantity.Quantity
#       unit: !astropy.units.Unit {unit: km / s}
#       value: !astropy.table.SerializedColumn {name: radial_velocity}
# schema: astropy-2.0
ra,dec,distance,pm_ra_cosdec,pm_dec,radial_velocity
[from data line 9087]
198.56916553199827,58.03156541942937,10.01620795535086,-7.898038261801196,-4.1122177614144935,-193.82379727835803
198.58790362190103,58.03317884909924,10.017469412869168,-7.897400309667701,-4.109271048461475,-193.8720961837838
198.6066434934626,58.03478929393934,10.018731259109257,-7.896761136599778,-4.1063247533887015,-193.92039155645855
198.62538514369285,58.03639675347751,10.019993494114338,-7.896120742458274,-4.1033788773457145,-193.9686833952493
198.64412856959945,58.03800122724235,10.021256117927614,-7.895479127104953,-4.100433421482315,-194.0169716990225
198.66287376818823,58.039602714763134,10.022519130592286,-7.894836290402493,-4.097488386948497,-194.06525646664497
198.681620736463,58.04120121556996,10.02378253215157,-7.89419223221446,-4.094543774894485,-194.1135376969832
198.70036947142557,58.04279672919361,10.025046322648667,-7.893546952405353,-4.09159958647073,-194.16181538890407
198.7191199700759,58.0443892551656,10.026310502126785,-7.89290045084059,-4.088655822827884,-194.21008954127413
198.73787222941183,58.045978793018236,10.02757507062913,-7.892252727386475,-4.085712485116833,-194.25836015296
198.75662624642948,58.04756534228456,10.028840028198907,-7.8916037819102485,-4.082769574488655,-194.30662722282878
198.77538201812274,58.049148902498295,10.030105374879321,-7.890953614280056,-4.0798270920946615,-194.35489074974652
198.7941395414838,58.05072947319399,10.031371110713577,-7.890302224364959,-4.0768850390863625,-194.40315073258031
198.81289881350267,58.05230705390688,10.032637235744888,-7.8896496120349315,-4.0739434166154895,-194.4514071701965
198.83165983116768,58.05388164417301,10.033903750016457,-7.888995777160868,-4.0710022258339595,-194.49966006146244
198.85042259146496,58.055453243529094,10.035170653571486,-7.888340719614585,-4.068061467893938,-194.547909405244
198.8691870913789,58.057021851512616,10.036437946453185,-7.8876844392688055,-4.065121143947758,-194.59615520040833
198.88795332789184,58.05858746766188,10.037705628704762,-7.88702693599717,-4.06218125514797,-194.644397445822
198.90672129798418,58.060150091515816,10.038973700369418,-7.886368209674252,-4.059241802647342,-194.69263614035145
198.92549099863456,58.061709722614204,10.040242161490363,-7.885708260175528,-4.056302787598817,-194.74087128286385
198.94426242681936,58.063266360497515,10.0415110121108,-7.885047087377409,-4.0533642111555706,-194.7891028722255
198.96303557951342,58.064820004707016,10.042780252273943,-7.8843846911572015,-4.050426074470947,-194.83733090730317
198.98181045368935,58.066370654784684,10.044049882022986,-7.88372107139317,-4.04748837869851,-194.88555538696357
199.00058704631806,58.06791831027325,10.045319901401147,-7.883056227964464,-4.044551124992011,-194.93377631007337
199.0193653543684,58.06946297071623,10.046590310451624,-7.882390160751189,-4.041614314505397,-194.98199367549935
199.0381453748073,58.071004635657864,10.047861109217623,-7.8817228696343395,-4.0386779483928175,-195.03020748210787
199.0569271045999,58.07254330464315,10.049132297742357,-7.881054354495857,-4.035742027808601,-195.0784177287659
199.07571054070934,58.07407897721784,10.05040387606903,-7.880384615218602,-4.032806553907283,-195.12662441433986
199.09449568009694,58.075611652928465,10.051675844240846,-7.879713651686355,-4.029871527843561,-195.1748275376968
199.1132825197219,58.07714133132227,10.052948202301009,-7.879041463783824,-4.026936950772363,-195.22302709770312
199.13207105654186,58.07866801194726,10.054220950292725,-7.878368051396646,-4.024002823848765,-195.27122309322556
199.1508612875122,58.080191694352244,10.055494088259211,-7.877693414411379,-4.021069148228058,-195.3194155231308
199.16965320958676,58.081712378086706,10.05676761624366,-7.877017552715515,-4.018135925065694,-195.36760438628545
199.18844681971714,58.083230062701,10.058041534289284,-7.876340466197463,-4.015203155517325,-195.41578968155633
199.20724211485333,58.084744747746136,10.059315842439291,-7.875662154746562,-4.012270840738772,-195.46397140781016
199.22603909194328,58.08625643277391,10.060590540736886,-7.874982618253098,-4.00933898188605,-195.5121495639133
199.2448377479331,58.087765117336914,10.061865629225272,-7.874301856608261,-4.006407580115342,-195.56032414873263
199.26363807976705,58.089270800988466,10.063141107947654,-7.8736198697041955,-4.003476636583013,-195.60849516113504
199.28244008438742,58.090773483282625,10.064416976947243,-7.872936657433947,-4.0005461524456045,-195.6566625999867
199.30124375873476,58.092273163774294,10.065693236267247,-7.872252219691513,-3.997616128859827,-195.70482646415488
199.3200490997476,58.09376984201902,10.066969885950863,-7.871566556371825,-3.994686566982576,-195.75298675250565
199.33885610436272,58.09526351757321,10.068246926041306,-7.8708796673707315,-3.991757467970909,-195.8011434639062
199.35766476951497,58.096754189993995,10.069524356581782,-7.870191552585023,-3.9888288329820565,-195.84929659722283
199.37647509213738,58.098241858839266,10.070802177615493,-7.8695022119124305,-3.9859006631734184,-195.89744615132253
199.39528706916107,58.09972652366768,10.07208038918564,-7.8688116452516015,-3.982972959702567,-195.94559212507178
199.41410069751532,58.101208184038654,10.073358991335443,-7.868119852502124,-3.9800457237272315,-195.99373451733732
199.43291597412758,58.1026868395124,10.074637984108097,-7.86742683356454,-3.9771189564053184,-196.0418733269859
199.45173289592339,58.10416248964987,10.075917367546813,-7.866732588340293,-3.97419265889489,-196.09000855288386
199.47055145982648,58.105635134012765,10.077197141694798,-7.866037116731789,-3.9712668323541744,-196.13814019389827
199.4893716627588,58.1071047721636,10.078477306595255,-7.865340418642366,-3.968341477941548,-196.18626824889574
199.5081935016403,58.108571403665614,10.079757862291386,-7.864642493976291,-3.9654165968155732,-196.2343927167427
199.5270169733892,58.110035028082855,10.08103880882641,-7.86394334263877,-3.962492190134946,-196.28251359630607
199.54584207492192,58.11149564498009,10.082320146243527,-7.8632429645359565,-3.959568259058526,-196.33063088645258
199.5646688031529,58.11295325392289,10.083601874585934,-7.862541359574939,-3.9566448047453364,-196.37874458604867
199.5834971549949,58.11440785447761,10.084883993896852,-7.861838527663738,-3.9537218283545394,-196.42685469396133
199.60232712735865,58.11585944621134,10.086166504219477,-7.8611344687113185,-3.9507993310454714,-196.47496120905672
199.62115871715335,58.11730802869192,10.08744940559702,-7.860429182627595,-3.947877313977598,-196.52306413020193
199.6399919212861,58.11875360148806,10.088732698072683,-7.859722669323411,-3.9449557783105487,-196.5711634562636
199.65882673666235,58.12019616416914,10.09001638168968,-7.859014928710556,-3.9420347252040897,-196.61925918610825
199.67766316018563,58.12163571630534,10.091300456491206,-7.858305960701761,-3.939114155818148,-196.66735131860275
199.69650118875776,58.123072257467676,10.09258492252048,-7.8575957652106965,-3.9361940713127788,-196.71543985261368
199.71534081927857,58.12450578722783,10.093869779820695,-7.856884342151994,-3.9332744728482107,-196.76352478700767
199.7341820486463,58.125936305158355,10.095155028435068,-7.856171691441196,-3.9303553615847755,-196.81160612065162
199.75302487375723,58.127363810832534,10.096440668406801,-7.855457812994821,-3.927436738682977,-196.85968385241173
199.77186929150594,58.12878830382439,10.097726699779095,-7.854742706730319,-3.924518605303449,-196.90775798115516
199.7907152987851,58.130209783708835,10.099013122595167,-7.85402637256608,-3.9216009626069592,-196.95582850574849
199.80956289248564,58.131628250061425,10.100299936898212,-7.853308810421449,-3.9186838117544216,-197.00389542505806
199.82841206949678,58.1330437024586,10.101587142731447,-7.852590020216711,-3.915767153906874,-197.05195873795114
199.84726282670573,58.1344561404775,10.102874740138068,-7.851870001873107,-3.912850990225508,-197.10001844329378
199.86611516099813,58.135865563696115,10.104162729161288,-7.851148755312815,-3.909935321871619,-197.14807453995297
199.88496906925775,58.13727197169314,10.105451109844312,-7.850426280458964,-3.907020150006666,-197.19612702679544
199.9038245483666,58.1386753640481,10.106739882230347,-7.849702577235635,-3.904105475792209,-197.24417590268786
199.9226815952048,58.14007574034129,10.108029046362594,-7.848977645567856,-3.901191300389961,-197.2922211664967
199.94154020665084,58.14147310015377,10.109318602284262,-7.848251485381605,-3.8982776249617483,-197.34026281708879
199.96040037958142,58.14286744306741,10.11060855003856,-7.847524096603809,-3.8953644506695215,-197.3883008533308
199.97926211087136,58.14425876866484,10.111898889668687,-7.846795479162345,-3.892451778675365,-197.43633527408926
199.9981253973938,58.145647076529485,10.11318962121786,-7.846065632986039,-3.8895396101414756,-197.48436607823123
200.01699023602012,58.14703236624555,10.114480744729278,-7.845334558004677,-3.886627946230183,-197.532393264623
200.0358566236199,58.14841463739799,10.115772260246148,-7.844602254148986,-3.8837167881039254,-197.58041683213142
200.05472455706098,58.149793889572614,10.117064167811677,-7.843868721350654,-3.8808061369252713,-197.62843677962317
200.07359403320942,58.15117012235596,10.118356467469072,-7.8431339595423175,-3.8778959938568933,-197.6764531059648
200.09246504892957,58.15254333533537,10.119649159261535,-7.842397968657574,-3.874986360061596,-197.72446581002305
200.11133760108405,58.15391352809898,10.120942243232276,-7.841660748630957,-3.8720772367022787,-197.77247489066482
200.1302116865336,58.15528070023567,10.122235719424502,-7.840922299397977,-3.8691686249419734,-197.82048034675648
200.14908730213736,58.15664485133519,10.12352958788141,-7.840182620895084,-3.8662605259438148,-197.8684821771647
200.1679644447527,58.158005980987994,10.124823848646226,-7.839441713059684,-3.863352940871036,-197.9164803807563
200.18684311123522,58.159364088785374,10.126118501762136,-7.838699575830157,-3.860445870886998,-197.96447495639816
200.20572329843878,58.1607191743194,10.127413547272358,-7.83795620914581,-3.85753931715516,-198.01246590295662
200.22460500321557,58.1620712371829,10.128708985220092,-7.83721161294693,-3.854633280839089,-198.0604532192983
200.24348822241598,58.16342027696955,10.130004815648547,-7.836465787174756,-3.8517277631024514,-198.10843690429024
200.26237295288868,58.16476629327378,10.131301038600927,-7.835718731771482,-3.8488227651090265,-198.15641695679886
200.28125919148073,58.16610928569081,10.132597654120444,-7.834970446680254,-3.8459182880226788,-198.20439337569093
200.30014693503722,58.16744925381664,10.133894662250293,-7.834220931845194,-3.8430143330073987,-198.25236615983277
200.3190361804019,58.16878619724812,10.135192063033696,-7.8334701872113675,-3.84011090122724,-198.30033530809183
200.33792692441642,58.17012011558283,10.136489856513844,-7.832718212724808,-3.8372079938463886,-198.34830081933418
200.356819163921,58.17145100841916,10.137788042733948,-7.831965008332508,-3.8343056120291057,-198.3962626924266
200.37571289575402,58.172778875356315,10.139086621737222,-7.831210573982412,-3.831403756939747,-198.44422092623583
200.39460811675215,58.17410371599428,10.140385593566862,-7.830454909623444,-3.8285024297427706,-198.4921755196284
200.41350482375046,58.17542552993384,10.141684958266081,-7.829698015205472,-3.8256016316027175,-198.54012647147132
200.43240301358225,58.17674431677656,10.142984715878079,-7.828939890679336,-3.822701363684222,-198.58807378063108
200.4513026830791,58.1780600761248,10.144284866446068,-7.8281805359968315,-3.819801627152012,-198.63601744597423
200.47020382907093,58.17937280758174,10.145585410013247,-7.827419951110725,-3.816902423170892,-198.68395746636753
200.48910644838605,58.180682510751375,10.146886346622832,-7.826658135974743,-3.8140037529057516,-198.73189384067797
200.5080105378509,58.181989185238415,10.148187676318019,-7.825895090543574,-3.811105617521589,-198.77982656777175
200.52691609429044,58.18329283064846,10.149489399142023,-7.825130814772866,-3.8082080181834437,-198.82775564651567
200.54582311452782,58.184593446587854,10.150791515138048,-7.824365308619247,-3.8053109560564744,-198.8756810757766
200.5647315953846,58.185891032663754,10.152094024349292,-7.823598572040302,-3.802414432305896,-198.9236028544211
200.58364153368052,58.187185588484134,10.153396926818973,-7.822830604994566,-3.7995184480970177,-198.9715209813156
200.6025529262339,58.18847711365775,10.154700222590288,-7.822061407441574,-3.7966230045952076,-199.01943545532734
200.62146576986115,58.18976560779417,10.156003911706454,-7.821290979341796,-3.7937281029659196,-199.06734627532262
200.64038006137716,58.19105107050371,10.157307994210662,-7.8205193206566905,-3.7908337443746927,-199.11525344016815
200.65929579759512,58.1923335013976,10.15861247014613,-7.819746431348666,-3.787939929987112,-199.16315694873063
200.6782129753265,58.19361290008775,10.159917339556062,-7.818972311381112,-3.785046660968862,-199.21105679987664
200.6971315913813,58.19488926618698,10.161222602483662,-7.818196960718376,-3.782153938485667,-199.2589529924731
200.71605164256758,58.19616259930882,10.162528258972134,-7.817420379325794,-3.7792617637033543,-199.3068455253863
200.7349731256921,58.197432899067685,10.163834309064688,-7.816642567169647,-3.7763701377877776,-199.35473439748353
200.75389603755968,58.19870016507873,10.16514075280453,-7.815863524217189,-3.7734790619048977,-199.40261960763078
200.77282037497363,58.19996439695796,10.166447590234869,-7.815083250436665,-3.7705885372207057,-199.4505011546952
200.7917461347357,58.201225594322175,10.167754821398903,-7.814301745797269,-3.767698564901266,-199.49837903754337
200.81067331364576,58.20248375678893,10.169062446339842,-7.813519010269169,-3.7648091461127193,-199.5462532550417
200.82960190850235,58.203738883976676,10.170370465100895,-7.812735043823517,-3.7619202820212325,-199.5941238060572
200.8485319161022,58.20499097550462,10.171678877725267,-7.8119498464324195,-3.759031973793064,-199.6419906894564
200.8674633332404,58.206240030992774,10.172987684256164,-7.811163418068968,-3.756144222594508,-199.68985390410606
200.8863961567105,58.20748605006198,10.174296884736789,-7.810375758707222,-3.7532570295919223,-199.73771344887274
200.90533038330446,58.20872903233387,10.175606479210355,-7.809586868322212,-3.750370395951709,-199.78556932262316
200.9242660098125,58.20996897743088,10.176916467720055,-7.808796746889946,-3.7474843228403367,-199.833421524224
200.94320303302334,58.21120588497629,10.17822685030911,-7.808005394387404,-3.7445988114243094,-199.88127005254205
200.96214144972402,58.21243975459416,10.17953762702072,-7.807212810792533,-3.741713862870191,-199.92911490644377
200.98108125669998,58.21367058590937,10.180848797898093,-7.806418996084268,-3.7388294783445883,-199.976956084796
201.00002245073514,58.2148983785476,10.18216036298443,-7.805623950242513,-3.735945659014158,-200.0247935864654
201.01896502861175,58.21612313213537,10.18347232232294,-7.8048276732481385,-3.733062406045594,-200.07262741031846
201.0379089871105,58.217344846300016,10.184784675956838,-7.804030165083001,-3.73017972060563,-200.12045755522215
201.0568543230104,58.21856352066962,10.186097423929313,-7.803231425729936,-3.7272976038610652,-200.16828402004285
201.07580103308902,58.21977915487315,10.187410566283585,-7.802431455172744,-3.7244160569787077,-200.21610680364768
201.0947491141222,58.22099174854037,10.188724103062855,-7.801630253396209,-3.7215350811254253,-200.26392590490278
201.1136985628843,58.22220130130184,10.19003803431033,-7.800827820386098,-3.718654677468113,-200.31174132267518
201.13264937614804,58.223407812788935,10.191352360069214,-7.80002415612914,-3.7157748471737144,-200.35955305583136
201.15160155068463,58.22461128263389,10.192667080382716,-7.7992192606130635,-3.7128955914091835,-200.40736110323837
201.17055508326357,58.22581171046969,10.19398219529404,-7.798413133826547,-3.7100169113415347,-200.4551654637622
201.18950997065298,58.22700909593021,10.195297704846395,-7.7976057757592745,-3.707138808137793,-200.50296613627035
