galstreams/tracks/track.st.Kwando.ibata2021.ecsv
# %ECSV 1.0
# ---
# datatype:
# - {name: ra, unit: deg, datatype: float64}
# - {name: dec, unit: deg, datatype: float64}
# - {name: distance, unit: kpc, datatype: float64}
# - {name: pm_ra_cosdec, unit: mas / yr, datatype: float64}
# - {name: pm_dec, unit: mas / yr, datatype: float64}
# - {name: radial_velocity, unit: km / s, datatype: float64}
# delimiter: ','
# meta: !!omap
# - __serialized_columns__:
#     dec:
#       __class__: astropy.coordinates.angles.Latitude
#       unit: &id001 !astropy.units.Unit {unit: deg}
#       value: !astropy.table.SerializedColumn {name: dec}
#     distance:
#       __class__: astropy.coordinates.distances.Distance
#       unit: !astropy.units.Unit {unit: kpc}
#       value: !astropy.table.SerializedColumn {name: distance}
#     pm_dec:
#       __class__: astropy.units.quantity.Quantity
#       unit: !astropy.units.Unit {unit: mas / yr}
#       value: !astropy.table.SerializedColumn {name: pm_dec}
#     pm_ra_cosdec:
#       __class__: astropy.units.quantity.Quantity
#       unit: !astropy.units.Unit {unit: mas / yr}
#       value: !astropy.table.SerializedColumn {name: pm_ra_cosdec}
#     ra:
#       __class__: astropy.coordinates.angles.Longitude
#       unit: *id001
#       value: !astropy.table.SerializedColumn {name: ra}
#       wrap_angle: !astropy.coordinates.Angle
#         unit: *id001
#         value: 360.0
#     radial_velocity:
#       __class__: astropy.units.quantity.Quantity
#       unit: !astropy.units.Unit {unit: km / s}
#       value: !astropy.table.SerializedColumn {name: radial_velocity}
# schema: astropy-2.0
ra,dec,distance,pm_ra_cosdec,pm_dec,radial_velocity
[from data line 1672]
27.55041467651227,-27.018759782524363,8.071012016284708,-0.1359658137537778,0.008657366639450714,1000.0000000000006
27.55721281206713,-27.027607183235357,8.068833614876686,-0.13613124298521306,0.008963591943714988,1000.0000000000001
27.564008857527732,-27.03645714020111,8.066643991852427,-0.13629737619289095,0.009270371056198101,1000.0000000000002
27.57080281074006,-27.045309655884648,8.06444313155603,-0.1364642145539836,0.009577704027574185,1000.0000000000002
27.577594669549494,-27.05416473274944,8.062231018331584,-0.13663175924561344,0.009885590908348618,1000.0000000000001
27.58438443180079,-27.06302237325935,8.060007636523185,-0.13680001144485665,0.010194031748836707,1000.0000000000003
27.591172095338067,-27.071882579878668,8.057772970474929,-0.13696897232873262,0.010503026599186782,1000.0000000000003
27.597957658004837,-27.0807453550721,8.055527004530907,-0.13713864307421275,0.010812575509367761,1000.0000000000002
27.60474111764397,-27.08961070130478,8.053269723035212,-0.13730902485823293,0.011122678529170926,1000.0000000000001
27.611522472097704,-27.098478621042243,8.051001110331944,-0.13748011885765266,0.011433335708213477,1000.0000000000006
27.618301719207654,-27.10734911675044,8.048721150765193,-0.13765192624930478,0.0117445470959332,1000.0000000000002
27.62507885681481,-27.11622219089575,8.04642982867905,-0.13782444820995998,0.012056312741595576,1000.0000000000006
27.63185388275949,-27.125097845944964,8.044127128417614,-0.1379976859163392,0.012368632694286674,1000.0000000000006
27.638626794881407,-27.133976084365266,8.041813034324976,-0.13817164054511188,0.01268150700291848,1000.0000000000006
27.64539759101964,-27.142856908624285,8.039487530745232,-0.13834631327290126,0.012994935716232447,1000.0000000000002
27.652166269012582,-27.151740321190047,8.037150602022473,-0.1385217052762684,0.013308918882797727,1000.0000000000006
27.658932826698038,-27.160626324531002,8.034802232500795,-0.13869781773173706,0.013623456551002278,1000.0000000000002
27.665697261913124,-27.169514921115994,8.032442406524295,-0.13887465181576175,0.013938548769070636,1000.0000000000002
27.672459572494322,-27.178406113414287,8.030071108437062,-0.139052208704749,0.014254195585037266,1000.0000000000007
27.679219756277472,-27.187299903895575,8.027688322583192,-0.13923048957506623,0.01457039704678742,1000.0000000000006
27.68597781109775,-27.196196295029946,8.025294033306778,-0.13940949560300453,0.014887153202018055,1000.0000000000003
27.692733734789698,-27.205095289287897,8.022888224951915,-0.1395892279648212,0.015204464098259152,1000.0000000000002
27.699487525187177,-27.21399688914034,8.0204708818627,-0.13976968783671317,0.015522329782866606,1000.0000000000006
27.7062391801234,-27.22290109705861,8.018041988383215,-0.13995087639481518,0.015840750303034667,1000.0000000000002
27.712988697430927,-27.231807915514416,8.01560152885757,-0.14013279481521934,0.01615972570577462,1000.0000000000006
27.719736074941647,-27.240717346979924,8.01314948762985,-0.14031544427395737,0.016479256037936096,1000.0000000000003
27.726481310486797,-27.249629393927673,8.01068584904415,-0.14049882594700946,0.016799341346192875,1000.0000000000006
27.733224401896926,-27.258544058830623,8.008210597444563,-0.14068294101028656,0.01711998167705353,1000.0000000000002
27.73996534700195,-27.267461344162136,8.005723717175186,-0.14086779063967114,0.01744117707685966,1000.0000000000003
27.746704143631067,-27.276381252395993,8.003225192580112,-0.14105337601095336,0.01776292759178233,1000.0000000000003
27.753440789612846,-27.285303786006377,8.000715008003436,-0.14123969829990202,0.0180852332678203,1000.0000000000006
27.76017528277517,-27.294228947467875,7.998193147789245,-0.1414267586822131,0.01840809415081246,1000.0000000000007
27.76690762094523,-27.303156739255474,7.995659596281642,-0.14161455833352043,0.018731510286421837,1000.0000000000002
27.77363780194955,-27.312087163844584,7.993114337824715,-0.1418030984294134,0.019055481720153367,1000.0000000000007
27.780365823613998,-27.321020223710995,7.990557356762564,-0.14199238014542104,0.019380008497334344,1000.0000000000007
27.78709168376371,-27.329955921330928,7.987988637439277,-0.14218240465700482,0.019705090663133973,1000.0000000000003
27.793815380223162,-27.338894259180993,7.98540816419895,-0.14237317313957298,0.020030728262556252,1000.0000000000002
27.800536910816167,-27.347835239738206,7.9828159213856775,-0.1425646867684911,0.020356921340439982,1000.0000000000002
27.807256273365816,-27.356778865479995,7.980211893343553,-0.1427569467190395,0.02068366994145876,1000.0000000000008
27.813973465694517,-27.365725138884176,7.977596064416669,-0.14294995416645584,0.021010974110106773,1000.0000000000002
27.820688485623997,-27.374674062428976,7.974968418949123,-0.1431437102859192,0.021338833890743203,1000.0000000000002
27.827401330975274,-27.383625638593028,7.9723289412850065,-0.14333821625254828,0.021667249327540716,1000.0000000000002
27.834111999568684,-27.392579869855346,7.969677615768415,-0.14353347324138888,0.021996220464512106,1000.0000000000002
27.84082048922385,-27.401536758695382,7.967014426743439,-0.14372948242745132,0.022325747345519176,1000.0000000000002
27.847526797759706,-27.410496307592958,7.964339358554177,-0.14392624498566242,0.02265583001425142,1000.0000000000003
27.854230922994464,-27.41945851902829,7.9616523955447205,-0.14412376209089928,0.02298646851422781,1000.0000000000006
27.860932862745663,-27.42842339548203,7.958953522059163,-0.14432203491798212,0.023317662888830526,1000.0000000000002
27.8676326148301,-27.437390939435193,7.9562427224416,-0.14452106464165304,0.02364941318125524,1000.0000000000006
27.874330177063886,-27.446361153369214,7.953519981036126,-0.14472085243661148,0.023981719434550186,1000.0000000000006
27.88102554726241,-27.455334039765923,7.950785282186831,-0.1449213994774876,0.024314581691600168,1000.0000000000003
27.88771872324034,-27.464309601107534,7.9480386102378136,-0.1451227069388512,0.02464799999514078,1000.0000000000007
27.89440970281165,-27.473287839876672,7.945279949533166,-0.14532477599519922,0.024981974387726424,1000.0000000000006
27.901098483789575,-27.48226875855635,7.942509284416983,-0.14552760782097884,0.02531650491176407,1000.0000000000007
27.907785063986655,-27.491252359630003,7.939726599233354,-0.1457312035905769,0.02565159160951147,1000.0000000000002
27.914469441214674,-27.500238645581415,7.936931878326378,-0.14593556447829847,0.025987234523055847,1000.0000000000006
27.921151613284714,-27.5092276188948,7.934125106040148,-0.14614069165840782,0.026323433694328102,1000.0000000000007
27.92783157800712,-27.518219282054755,7.931306266718757,-0.14634658630508035,0.026660189165097492,1000.0000000000002
27.934509333191514,-27.527213637546286,7.9284753447063,-0.14655324959245242,0.026997500976994715,1000.0000000000002
27.941184876646794,-27.53621068785477,7.9256323243468705,-0.14676068269458042,0.027335369171478163,1000.0000000000006
27.947858206181113,-27.545210435465993,7.922777189984562,-0.14696888678545683,0.027673793789846357,1000.0000000000002
27.95452931960189,-27.554212882866118,7.919909925963469,-0.14717786303901903,0.028012774873261037,1000.0000000000003
27.961198214715814,-27.563218032541734,7.917030516627685,-0.14738761262912448,0.02835231246271519,1000.0000000000002
27.96786488932882,-27.57222588697978,7.914138946321305,-0.14759813672957378,0.02869240659904193,1000.0000000000003
27.97452934124612,-27.5812364486676,7.911235199388423,-0.14780943651410716,0.029033057322932265,1000.0000000000007
27.98119156827217,-27.59024972009296,7.90831926017313,-0.14802151315637957,0.029374264674924433,1000.0000000000002
27.987851568210687,-27.599265703743967,7.9053911130195225,-0.14823436783000332,0.02971602869539325,1000.0000000000006
27.99450933886462,-27.608284402109156,7.902450742271696,-0.14844800170849837,0.030058349424567865,1000.0000000000002
28.001164878036196,-27.61730581767743,7.899498132273742,-0.1486624159653438,0.03040122690251934,1000.0000000000002
28.00781818352687,-27.6263299529381,7.896533267369754,-0.14887761177393344,0.03074466116917307,1000.0000000000002
28.01446925313735,-27.635356810380838,7.893556131903827,-0.14909359030759894,0.031088652264303462,1000.0000000000007
28.021118084667584,-27.644386392495722,7.890566710220057,-0.1493103527396027,0.031433200227521496,1000.0000000000002
28.02776467591675,-27.65341870177322,7.887564986662534,-0.14952790024313423,0.031778305098304926,1000.0000000000007
28.03440902468328,-27.66245374070418,7.884550945575354,-0.1497462339913227,0.032123966915962754,1000.0000000000003
28.04105112876484,-27.671491511779838,7.881524571302612,-0.14996535515722265,0.03247018571967075,1000.0000000000006
28.047690985958326,-27.680532017491817,7.878485848188401,-0.15018526491382467,0.03281696154845548,1000.0000000000002
28.054328594059857,-27.68957526033212,7.8754347605768125,-0.15040596443404652,0.0331642944411783,1000.0000000000002
28.060963950864803,-27.69862124279315,7.872371292811943,-0.15062745489073492,0.03351218443656556,1000.0000000000002
28.067597054167724,-27.707669967367668,7.869295429237889,-0.15084973745665486,0.03386063157319086,1000.0000000000002
28.07422790176245,-27.71672143654885,7.866207154198741,-0.15107281330453048,0.03420963588948567,1000.0000000000002
28.080856491442006,-27.72577565283023,7.8631064520385925,-0.15129668360699,0.034559197423728705,1000.0000000000003
28.087482820998634,-27.734832618705735,7.85999330710154,-0.15152134953659413,0.03490931621405302,1000.0000000000003
28.094106888223813,-27.74389233666967,7.856867703731676,-0.1517468122658432,0.03525999229844601,1000.0000000000002
28.10072869090822,-27.752954809216746,7.853729626273093,-0.15197307296714868,0.0356112257147565,1000.0000000000003
28.10734822684175,-27.762020038842017,7.850579059069888,-0.15220013281287414,0.03596301650067879,1000.0000000000007
28.113965493813524,-27.771088028040943,7.847415986466152,-0.15242799297527831,0.03631536469376506,1000.0000000000003
28.120580489611832,-27.780158779309346,7.844240392805982,-0.15265665462657374,0.03666827033142184,1000.0000000000002
28.127193212024228,-27.789232295143453,7.84105226243347,-0.15288611893890014,0.03702173345092241,1000.0000000000003
28.13380365883741,-27.79830857803985,7.837851579692711,-0.15311638708429598,0.03737575408937843,1000.0000000000001
28.14041182783733,-27.80738763049551,7.834638328927798,-0.15334746023475887,0.037730332283780754,1000.0000000000002
28.147017716809103,-27.81646945500778,7.831412494482825,-0.15357933956219583,0.03808546807096036,1000.0000000000002
28.153621323537056,-27.82555405407439,7.828174060701886,-0.1538120262384357,0.03844116148761323,1000.0000000000006
28.16022264580471,-27.83464143019344,7.824923011929077,-0.1540455214352452,0.03879741257029323,1000.0000000000002
28.16682168139477,-27.843731585863413,7.821659332508489,-0.15427982632430748,0.039154221355415686,1000.0000000000006
28.173418428089143,-27.852824523583166,7.8183830067842175,-0.1545149420772347,0.03951158787925202,1000.0000000000002
28.180012883668926,-27.861920245851934,7.815094019100356,-0.15475086986556263,0.039869512177940436,1000.0000000000003
28.18660504591439,-27.87101875516932,7.811792353800997,-0.1549876108607524,0.040227994287469926,1000.0000000000003
28.19319491260498,-27.880120054035306,7.8084779952302386,-0.15522516623417637,0.0405870342436927,1000.0000000000002
28.19978248151935,-27.88922414495025,7.805150927732172,-0.15546353715715178,0.04094663208234017,1000.0000000000006
28.20636775043531,-27.898331030414887,7.801811135650888,-0.15570272480090175,0.041306787838973236,1000.0000000000003
28.212950717129857,-27.907440712930306,7.798458603330489,-0.15594273033658723,0.041667501549040864,1000.0000000000006
28.21953137937914,-27.91655319499799,7.795093315115062,-0.1561835549352697,0.042028773247855256,1000.0000000000008
28.226109734958527,-27.925668479119793,7.791715255348701,-0.15642519976796265,0.04239060297057584,1000.0000000000002
28.2326857816425,-27.934786567797918,7.788324408375504,-0.15666766600556947,0.04275299075223593,1000.0000000000002
28.239259517204733,-27.94390746353496,7.784920758539562,-0.15691095481894202,0.04311593662774449,1000.0000000000002
28.245830939418067,-27.953031168833878,7.781504290184971,-0.15715506737883445,0.04347944063184883,1000.0000000000002
28.252400046054507,-27.962157686198008,7.778074987655823,-0.15740000485594052,0.04384350279918792,1000.0000000000006
28.25896683488519,-27.971287018131036,7.774632835296213,-0.1576457684208492,0.04420812316424083,1000.0000000000002
28.265531303680454,-27.980419167137033,7.771177817450235,-0.15789235924409795,0.04457330176138896,1000.0000000000006
28.272093450209752,-27.989554135720446,7.767709918461982,-0.15813977849612826,0.044939038624852046,1000.0000000000003
28.278653272241698,-27.99869192638606,7.764229122675549,-0.1583880273472964,0.045305333788716595,1000.0000000000003
28.28521076754407,-28.007832541639054,7.76073541443503,-0.15863710696788935,0.04567218728695899,1000.0000000000006
28.29176593388378,-28.016975983984956,7.757228778084518,-0.1588870185281106,0.04603959915339928,1000.0000000000002
28.298318769026892,-28.026122255929675,7.753709197968107,-0.15913776319808193,0.04640756942175628,1000.0000000000006
28.30486927073861,-28.03527135997948,7.750176658429893,-0.15938934214784162,0.046776098125585364,1000.0000000000006
28.31141743678327,-28.044423298640986,7.746631143813968,-0.1596417565473427,0.04714518529833889,1000.0000000000006
28.317963264924362,-28.053578074421214,7.743072638464424,-0.15989500756647423,0.047514830973321764,1000.0000000000002
28.32450675292447,-28.0627356898275,7.739501126725361,-0.16014909637500985,0.04788503518372167,1000.0000000000006
28.331047898545386,-28.071896147367585,7.735916592940867,-0.16040402414267518,0.04825579796259305,1000.0000000000003
28.33758669954795,-28.08105944954955,7.732319021455039,-0.16065979203908753,0.048627119342858904,1000.0000000000001
28.344123153692177,-28.090225598881833,7.728708396611972,-0.16091640123379491,0.04899899935732677,1000.0000000000002
28.350657258737197,-28.099394597873253,7.7250847027557565,-0.16117385289624941,0.04937143803866917,1000.0000000000006
28.357189012441246,-28.108566449032978,7.72144792423049,-0.16143214819583562,0.04974443541943252,1000.0000000000003
28.36371841256172,-28.11774115487054,7.7177980453802615,-0.16169128830184043,0.05011799153203711,1000.0000000000002
28.37024545685509,-28.126918717895826,7.714135050549171,-0.1619512743834708,0.05049210640878243,1000.0000000000006
28.376770143076957,-28.136099140619088,7.710458924081308,-0.16221210760984484,0.050866780081832985,1000.0000000000002
28.38329246898204,-28.14528242555093,7.706769650320769,-0.162473789149999,0.05124201258324668,1000.0000000000002
28.389812432324163,-28.154468575202326,7.70306721361165,-0.16273632017288442,0.05161780394494819,1000.0000000000003
28.396330030856262,-28.163657592084597,7.699351598298037,-0.16299970184736523,0.051994154198732545,1000.0000000000006
28.40284526233036,-28.172849478709423,7.695622788724029,-0.16326393534220784,0.05237106337628106,1000.0000000000006
28.409358124497608,-28.182044237588833,7.691880769233723,-0.16352902182611473,0.052748531509152485,1000.0000000000002
28.415868615108238,-28.191241871235235,7.688125524171209,-0.16379496246769243,0.05312655862878479,1000.0000000000003
28.422376731911584,-28.20044238216136,7.684357037880581,-0.16406175843544446,0.053505144766488044,1000.0000000000003
28.428882472656078,-28.20964577288034,7.680575294705935,-0.1643294108978015,0.053884289953460396,1000.0000000000006
28.43538583508924,-28.2188520459056,7.676780278991364,-0.16459792102311077,0.05426399422077566,1000.0000000000002
28.441886816957688,-28.228061203750972,7.672971975080961,-0.16486728997962175,0.05464425759939573,1000.0000000000006
28.448385416007106,-28.23727324893061,7.669150367318821,-0.16513751893548623,0.05502508012014751,1000.0000000000002
28.454881629982292,-28.24648818395903,7.6653154400490395,-0.16540860905879384,0.055406461813751307,1000.0000000000003
