galstreams/tracks/track.st.NGC3201.ibata2020.ecsv
# %ECSV 0.9
# ---
# datatype:
# - {name: ra, unit: deg, datatype: float64}
# - {name: dec, unit: deg, datatype: float64}
# - {name: distance, unit: kpc, datatype: float64}
# - {name: pm_ra_cosdec, unit: mas / yr, datatype: float64}
# - {name: pm_dec, unit: mas / yr, datatype: float64}
# - {name: radial_velocity, unit: km / s, datatype: float64}
# delimiter: ','
# meta: !!omap
# - __serialized_columns__:
#     dec:
#       __class__: astropy.coordinates.angles.Latitude
#       unit: &id001 !astropy.units.Unit {unit: deg}
#       value: !astropy.table.SerializedColumn {name: dec}
#     distance:
#       __class__: astropy.coordinates.distances.Distance
#       unit: !astropy.units.Unit {unit: kpc}
#       value: !astropy.table.SerializedColumn {name: distance}
#     pm_dec:
#       __class__: astropy.units.quantity.Quantity
#       unit: !astropy.units.Unit {unit: mas / yr}
#       value: !astropy.table.SerializedColumn {name: pm_dec}
#     pm_ra_cosdec:
#       __class__: astropy.units.quantity.Quantity
#       unit: !astropy.units.Unit {unit: mas / yr}
#       value: !astropy.table.SerializedColumn {name: pm_ra_cosdec}
#     ra:
#       __class__: astropy.coordinates.angles.Longitude
#       unit: *id001
#       value: !astropy.table.SerializedColumn {name: ra}
#       wrap_angle: !astropy.coordinates.Angle
#         unit: *id001
#         value: 360.0
#     radial_velocity:
#       __class__: astropy.units.quantity.Quantity
#       unit: !astropy.units.Unit {unit: km / s}
#       value: !astropy.table.SerializedColumn {name: radial_velocity}
# schema: astropy-2.0
ra,dec,distance,pm_ra_cosdec,pm_dec,radial_velocity
[from data line 139]
158.7623958635256,-47.01373121488319,4.851115187857496,6.7373674700656805,-1.5830381617339389,4.4209027431829774e-14
158.84887092085734,-47.02290017676211,4.858406455381194,6.704770088619548,-1.5725666917479688,1.473634247727659e-14
158.93539744740204,-47.03191900865463,4.865781435585287,6.672462443229895,-1.5618814920474835,4.210383564936169e-15
159.02197550982868,-47.040785031061645,4.8732385209796165,6.640463202987662,-1.5509740551067512,1.6841534259744676e-14
159.10860515667875,-47.0494955633302,4.880776104074015,6.608790999639019,-1.5398357890152716,8.420767129872338e-15
159.1952864183129,-47.058047923685436,4.8883925773783234,6.577464427289724,-1.5284580173875333,3.157787673702127e-14
159.28201930685813,-47.066439429262815,4.896086333402378,6.546502042109594,-1.5168319792748375,0.0
159.36880381615626,-47.074667396140335,4.903855764656018,6.515922362037177,-1.5049488290792876,1.2631150694808506e-14
159.45563992171287,-47.08272913937108,4.911699263649078,6.485743866484702,-1.492799636470175,3.789345208442552e-14
159.54252758064766,-47.09062197301578,4.919615222891399,6.4559849960434095,-1.480375386302871,4.210383564936169e-15
159.62946673164566,-47.098343210175706,4.927602034892817,6.426664152189295,-1.467666978540404,3.157787673702127e-14
159.7164572949094,-47.105890163025514,4.9356580921631705,6.397799696989445,-1.4546652281779222,-2.1051917824680845e-15
159.80349917211242,-47.113260142846485,4.943781787212297,6.369409952808931,-1.4413608651701342,3.368306851948935e-14
159.89059224635355,-47.120450460059665,4.951971512550034,6.341513202018472,-1.4277445343619706,2.7367493172085098e-14
159.97773638211285,-47.127458424259444,4.960225660686217,6.314127686702866,-1.4138067954225633,2.1051917824680846e-14
160.06493142520833,-47.134281344247064,4.968542624130689,6.2872716083703315,-1.3995381227827584,1.2631150694808506e-14
160.15217720275416,-47.14091652806438,4.9769207953932835,6.260963127662844,-1.384928905576293,4.210383564936169e-15
160.2394735231201,-47.147361283027834,4.985358566983837,6.2352203640675565,-1.3699694475848223,3.5788260301957434e-14
160.3268201758923,-47.15361291576241,4.993854331412193,6.210061395629389,-1.354649967186939,1.2631150694808506e-14
160.41421693183557,-47.159668732235986,5.002406481188182,6.185504258664951,-1.3389605973113703,4.4209027431829774e-14
160.50166354285676,-47.16552603779356,5.011013408821648,6.161566947477786,-1.322891385394509,3.5788260301957434e-14
160.58915974196998,-47.171182137191884,5.019673506822426,6.138267414075162,-1.3064322933424253,1.6841534259744676e-14
160.6767052432631,-47.1766343346341,5.028385167700353,6.115623567886418,-1.2895731974975506,1.0525958912340423e-14
160.76429974186567,-47.18187993380448,5.037146783965267,6.093653275483028,-1.2723038886101716,1.894672604221276e-14
160.85194291391892,-47.1869162379035,5.045956748127008,6.072374360300447,-1.2546140718149068,2.947268495455318e-14
160.9396344165466,-47.191740549682876,5.0548134526954085,6.051804602361911,-1.2364933666123354,0.0
161.02737388782833,-47.19635017148077,5.063715290180314,6.031961738004207,-1.2179313068558941,1.2631150694808506e-14
161.1151609467739,-47.200742405257266,5.072660653091553,6.012863459605646,-1.1989173407442837,1.6841534259744676e-14
161.2029951932998,-47.20491455262978,5.08164793393897,5.9945274153161865,-1.1794408308194506,3.9998643866893604e-14
161.29087620820735,-47.20886391490875,5.0906755252324,5.976971208790024,-1.1594910539703718,-6.315575347404253e-15
161.37880355316258,-47.21258779313341,5.099741819481683,5.960212398920584,-1.1390572014427531,-8.420767129872338e-15
161.46677677067817,-47.216083488107685,5.108845209196653,5.9442684995781345,-1.1181283788548355,8.420767129872338e-15
161.554795384097,-47.2193483004362,5.117984086887151,5.929156979350096,-1.0966936062194292,2.5262301389617013e-14
161.64285889757784,-47.22237953056043,5.127156845063012,5.914895261284202,-1.0747418179723471,2.5262301389617013e-14
161.7309667960831,-47.22517447879497,5.136361876234076,5.901500722634567,-1.0522618630073803,3.5788260301957434e-14
161.81911854536816,-47.22773044536388,5.145597572910178,5.8889906946108725,-1.0292425047179816,1.0525958912340423e-14
161.90731359197332,-47.2300447304372,5.15486232760116,5.8773824621307025,-1.0056724210457788,3.9998643866893604e-14
161.9955513632174,-47.23211463416749,5.164154532816855,5.866693263575212,-0.9815402045360964,2.1051917824680846e-14
162.08383126719363,-47.2339374567266,5.173472581067103,5.856940290548221,-0.9568343624005973,2.7367493172085098e-14
162.17215269276764,-47.235510498342364,5.182814864861742,5.848140687638889,-0.9315433165872224,2.1051917824680845e-15
162.26051500957783,-47.23683105933555,5.192179776710609,5.84031155218805,-0.9056554038575386,1.6841534259744676e-14
162.34891756803768,-47.237896440156824,5.2015657091235425,5.833469934058375,-0.8791588758716613,3.157787673702127e-14
162.43735969934048,-47.23870394142377,5.210971054610378,5.82763283540848,-0.8520418992808755,-6.315575347404253e-15
162.52584071546656,-47.2392508639581,5.220394205680956,5.822817210471078,-0.8242925558280754,-6.315575347404253e-15
162.61435990919236,-47.2395345088228,5.229833554845113,5.819039965335351,-0.7958988424562056,6.315575347404253e-15
162.70291655410247,-47.23955217735945,5.239287494612687,5.816317957733635,-0.7668486714247775,2.7367493172085098e-14
162.79150990460352,-47.23930117122562,5.2487544174935135,5.814667996832548,-0.7371298704346307,-3.1577876737021266e-15
162.88013919594104,-47.238778792432214,5.258232715997433,5.814106843028705,-0.7067301827610335,-6.315575347404253e-15
162.96880364421827,-47.23798234338102,5.267720782634283,5.8146512077491606,-0.67563726739529,-1.1578554803574466e-14
163.0575024464179,-47.236909126902205,5.2772170099139,5.816317753256683,-0.6438386991949281,8.420767129872338e-15
163.14623478042625,-47.23555644629189,5.28671979034612,5.819123092459974,-0.6113219690426174,1.9999321933446802e-14
163.23499980505972,-47.233921605349785,5.296227516440785,5.8230837887290265,-0.5780744840139206,1.6841534259744676e-14
163.32379666009422,-47.23200190841684,5.3057385807077315,5.828216355715709,-0.5440835675539962,-3.1577876737021266e-15
163.4126244662972,-47.22979466041294,5.315251375656793,5.834537257179696,-0.5093364596633633,-1.3683746586042549e-14
163.50148232546204,-47.227297166874614,5.324764293797812,5.842062906819893,-0.47382031709282324,-3.368306851948935e-14
163.59036932044543,-47.224506733992726,5.334275727640624,5.85080966811151,-0.43752221354766696,-8.420767129872338e-15
163.6792845152073,-47.221420668650296,5.343784069695068,5.860793854148854,-0.40042913990124474,-2.8420089063319142e-14
163.76822695485365,-47.21803627846018,5.353287712470979,5.87203172749402,-0.36252800441799915,-3.157787673702127e-14
163.85719566568196,-47.214350871802885,5.3627850484782,5.884539500031598,-0.32380563298607007,-3.9998643866893604e-14
163.94618965522952,-47.21036175786424,5.372274470226562,5.898333332829515,-0.28424876935955246,-3.5788260301957434e-14
164.0352079123246,-47.206066246673245,5.3817543702259085,5.913429336006133,-0.2438440754104827,-3.5788260301957434e-14
