galstreams/tracks/track.st.Sagittarius.antoja2020.ecsv
# %ECSV 0.9
# ---
# datatype:
# - {name: ra, unit: deg, datatype: float64}
# - {name: dec, unit: deg, datatype: float64}
# - {name: distance, unit: kpc, datatype: float64}
# - {name: pm_ra_cosdec, unit: mas / yr, datatype: float64}
# - {name: pm_dec, unit: mas / yr, datatype: float64}
# - {name: radial_velocity, unit: km / s, datatype: float64}
# delimiter: ','
# meta: !!omap
# - __serialized_columns__:
#     dec:
#       __class__: astropy.coordinates.angles.Latitude
#       unit: &id001 !astropy.units.Unit {unit: deg}
#       value: !astropy.table.SerializedColumn {name: dec}
#     distance:
#       __class__: astropy.coordinates.distances.Distance
#       unit: !astropy.units.Unit {unit: kpc}
#       value: !astropy.table.SerializedColumn {name: distance}
#     pm_dec:
#       __class__: astropy.units.quantity.Quantity
#       unit: !astropy.units.Unit {unit: mas / yr}
#       value: !astropy.table.SerializedColumn {name: pm_dec}
#     pm_ra_cosdec:
#       __class__: astropy.units.quantity.Quantity
#       unit: !astropy.units.Unit {unit: mas / yr}
#       value: !astropy.table.SerializedColumn {name: pm_ra_cosdec}
#     ra:
#       __class__: astropy.coordinates.angles.Longitude
#       unit: *id001
#       value: !astropy.table.SerializedColumn {name: ra}
#       wrap_angle: !astropy.coordinates.Angle
#         unit: *id001
#         value: 360.0
#     radial_velocity:
#       __class__: astropy.units.quantity.Quantity
#       unit: !astropy.units.Unit {unit: km / s}
#       value: !astropy.table.SerializedColumn {name: radial_velocity}
# schema: astropy-2.0
ra,dec,distance,pm_ra_cosdec,pm_dec,radial_velocity
62.818636124944334,16.006257900744988,37.267271953055314,0.30747575755538364,-1.2471313924379226,-1.6841534259744676e-14
61.51028239493865,15.379189326469632,36.51689701759569,0.369395439618316,-1.3343302474809808,-2.5262301389617013e-14
60.20982918608837,14.744527407954862,35.86480585190268,0.3983414415837825,-1.4001821617365513,-8.420767129872338e-15
58.9169786143375,14.102643260406344,35.28351484744057,0.40267654602564606,-1.4508554308157793,-1.6841534259744676e-14
57.63142352796688,13.453904265427244,34.75173504391519,0.3892809129526192,-1.491221464866473,-8.420767129872338e-15
56.35284834405831,12.798674075399754,34.253331754752104,0.3637371319567694,-1.5250686421425481,-2.5262301389617013e-14
55.08092983149212,12.137312646052898,33.77641693512406,0.33050030173225586,-1.5552871239057928,-4.210383564936169e-14
53.81533784157795,11.470176294997026,33.31256135113385,0.29305347168289825,-1.584027906964616,-4.210383564936169e-14
52.55573598779893,10.797617784095738,32.85611456436462,0.2540488998906268,-1.612839097063998,-3.368306851948935e-14
51.30178227647351,10.11998642364402,32.40362164956601,0.21543567810689224,-1.6427821096245772,-4.210383564936169e-14
50.05312969040905,9.437628196422148,31.95332641671535,0.17857434990590515,-1.6745302445371573,-3.368306851948935e-14
48.809426727845185,8.750885899798023,31.504751713989517,0.14433920490741575,-1.7084518390903858,-4.210383564936169e-14
47.570317899166156,8.060099304153505,31.058348147273712,0.11320897217810921,-1.7446799776340058,-2.1051917824680846e-14
46.335444184007784,7.365605326011634,30.615203266447814,0.08534666158256941,-1.783170528023947,-4.210383564936169e-14
45.10444345149801,6.667738214339657,30.176803940751547,0.06066931489580657,-1.8237500828522144,-3.368306851948935e-14
43.87695084645795,5.966829748597212,29.744845276702364,0.038908430691589224,-1.866155207381717,-2.947268495455318e-14
42.65259914445531,5.263209447187659,29.32108002405777,0.019661820026423152,-1.9100642353207045,-3.368306851948935e-14
41.43101907864882,4.557204785054003,28.907202969871935,0.002437635253582704,-1.955122707340429,-3.789345208442552e-14
40.21183964139442,3.84914141923721,28.504765339357768,-0.013308706716708044,-2.000963414758851,-1.2631150694808506e-14
38.99468836360355,3.1393434212841456,28.11511470666799,-0.028144011521563317,-2.047221891245842,-3.157787673702127e-14
37.77919157485653,2.428133515454643,27.73935637033507,-0.04263253976944312,-2.093548087893873,-3.368306851948935e-14
36.564974647277786,1.7158333217309474,27.3783325684924,-0.05731635293747421,-2.1396148706848552,-3.4735664410723393e-14
35.35166222618248,1.0027636026794728,27.032616299560313,-0.072700176300812,-2.1851238934184147,-2.2104513715914887e-14
34.13887845050048,0.2892445132517751,26.702516876245834,-0.08924021932799434,-2.2298093227214846,-4.8419410996765944e-14
32.926247165982666,-0.42440414735832127,26.388094675841387,-0.10733643168525835,-2.273439824030767,-3.789345208442552e-14
31.71339213419165,-1.137862682664041,26.089182859236228,-0.1273277109920207,-2.3158191576620824,-4.210383564936169e-14
30.49993724027638,-1.8508112454918304,25.805414116077785,-0.1494896162986979,-2.356785681522953,-4.315643154059573e-14
29.285506702530892,-2.5629295850912284,25.53625075537278,-0.17403417853170466,-2.396211010998708,-4.631421921429786e-14
28.069725286737214,-3.2738967956004115,25.28101670073254,-0.20111143555091568,-2.4339980464018898,-5.894536990910637e-14
26.852218528294788,-3.9833910667333323,25.03893016859616,-0.23081235473394046,-2.4700785435169426,-4.210383564936169e-14
25.632612965141586,-4.691089437576532,24.809136007264126,-0.2631728399340632,-2.504410372637687,-4.210383564936169e-14
24.410536384473968,-5.396667554414967,24.590736855534352,-0.2981785520953957,-2.536974585568294,-5.0524602779234026e-14
23.185618086274232,-6.099799433545286,24.38282244321834,-0.33577030363129384,-2.5677723878635184,-4.631421921429786e-14
21.957489166652433,-6.800157230082729,24.18449650285952,-0.37584981579676574,-2.5968220946871647,-5.0524602779234026e-14
20.72578282400353,-7.497411013823504,23.994900893565976,-0.41828565565896075,-2.6241561326720406,-5.894536990910637e-14
19.49013469096733,-8.191228553287853,23.813236654972563,-0.46291919486455957,-2.649818136710164,-4.210383564936169e-14
18.250183195156897,-8.881275109139981,23.63878181287775,-0.5095704562128878,-2.673860179362794,-5.894536990910637e-14
17.005569951586374,-9.567213238258779,23.470905848961074,-0.558043736081784,-2.6963401612613915,-5.0524602779234026e-14
15.755940189679336,-10.248702609817618,23.30908082602558,-0.6081329110473838,-2.7173193832090647,-5.0524602779234026e-14
14.500943217669633,-10.92539983482156,23.15288922825965,-0.6596263556295137,-2.7368603144498205,-6.73661370389787e-14
13.24023292711499,-11.596958310644997,23.00202863386364,-0.7123114150318736,-2.755024566538915,-4.210383564936169e-14
11.973468340122915,-12.263028082212246,22.85631338580495,-0.7659783920890118,-2.7718710782329112,-5.0524602779234026e-14
10.700314201737436,-12.923255721564697,22.715673466178227,-0.8204240214449754,-2.78745451365586,-6.73661370389787e-14
9.420441619745413,-13.577284227661469,22.580150811362024,-0.8754544163405994,-2.8018238735403163,-5.0524602779234026e-14
8.133528753929314,-14.224752948363218,22.44989332954674,-0.9308874843497077,-2.8150213174584673,-3.368306851948935e-14
6.839261556513169,-14.865297526649531,22.325146899907015,-0.9865548180532414,-2.827081193535273,-5.0524602779234026e-14
5.537334565214974,-15.498549873216472,22.20624564431727,-1.0423030750492717,-2.8380292710720996,-5.0524602779234026e-14
4.227451749925673,-16.124138167690543,22.093600768648784,-1.0979948689406493,-2.847882170719246,-6.73661370389787e-14
2.9093274135771163,-16.741686890775387,21.987688271898616,-1.1535091990944388,-2.856646986243598,-5.0524602779234026e-14
1.5826871472342428,-17.350816889714988,21.889035818216115,-1.208741452100452,-2.8643210914791615,-5.0524602779234026e-14
0.24726883884469122,-17.951145479508344,21.79820905981768,-1.263603012040017,-2.8708921256682496,-8.420767129872338e-14
358.902823734399,-18.54228658234295,21.71579768829257,-1.318020519977871,-2.876338150053753,-6.73661370389787e-14
357.54911754949507,-19.12385090772127,21.64240147835668,-1.3719348255739865,-2.880627968229771,-3.368306851948935e-14
356.1859316284545,-19.695446175736045,21.578616572135882,-1.4252996754391107,-2.8837216023683276,-3.368306851948935e-14
354.8130641472171,-20.256677385896605,21.525022233960307,-1.4780801838850335,-2.885570916989833,-1.6841534259744676e-14
353.4303313552309,-20.807147133820013,21.482168285806004,-1.5302511321018988,-2.886120381416815,-3.368306851948935e-14
352.03756885047716,-21.346455977969708,21.450563412290094,-1.5817951415799636,-2.8853079614328987,0.0
350.63463288061996,-21.874202858447774,21.430664501842607,-1.6327007668286344,-2.8830661299563065,-5.0524602779234026e-14
349.22140166206464,-22.389985569619416,21.422867167656918,-1.6829605511739658,-2.8793229857295306,8.420767129872338e-14
347.79777670746006,-22.893401288066695,21.42749756855193,-1.7325690876769764,-2.8740034681298825,3.368306851948935e-14
346.3636841509015,-23.384047157028895,21.44480562623269,-1.781521125045976,-2.86703065523058,0.0
344.91907605881505,-23.8615209280868,21.474959711861935,-1.8298097558511104,-2.858327131205491,3.368306851948935e-14
343.4639317132386,-24.32542166038515,21.518042851583033,-1.8774247214217359,-2.8478164080942983,-6.73661370389787e-14
341.9982588530098,-24.775350477162327,21.574050477874366,-1.9243508645489376,-2.8354243858558013,-3.368306851948935e-14
340.52209485724165,-25.210911378767804,21.64288973155876,-1.9705667575584185,-2.8210808335669126,8.420767129872338e-14
339.0355078544578,-25.631712110700192,21.72438029811152,-2.016043529496029,-2.80472087360973,0.0
337.5385977399141,-26.03736508449496,21.818256741762024,-2.060743912113569,-2.786286449768929,6.73661370389787e-14
336.0314970829784,-26.42748834853775,21.924172281905676,-2.104621520093292,-2.765727759379434,-1.0104920555846805e-13
334.51437190603485,-26.801706605084707,22.041703938654845,-2.1476203765464126,-2.743004629065018,1.0104920555846805e-13
332.98742231625135,-27.159652268946616,22.170358958066274,-2.1896746903084234,-2.718087813237949,-5.0524602779234026e-14
331.45088297174044,-27.50096656245098,22.3095824127763,-2.230708886982243,-2.690960194433388,-1.0104920555846805e-13
329.90502336419996,-27.82530064045082,22.45876586052861,-2.270637891103777,-2.66161786477294,-5.0524602779234026e-14
328.3501479010507,-28.132316738318625,22.617256931453362,-2.3093676522842017,-2.6300710684283595,5.0524602779234026e-14
326.78659577143867,-28.42168933506591,22.784369704994656,-2.346795903784448,-2.5963449859220686,3.368306851948935e-14
325.21474058223015,-28.693106322984974,22.959395729120537,-2.3828131377702895,-2.560480342480238,-8.420767129872338e-14
323.63498975231994,-28.946270174539684,23.14161552790313,-2.417303777554473,-2.522533824461848,-6.73661370389787e-14
322.04778365616875,-29.18089909665799,23.330310438734774,-2.4501475235308696,-2.4825782901259235,0.0
320.45359451046977,-29.396728162121548,23.524774617342985,-2.481220846319989,-2.440702763658618,-1.1789073981821273e-13
318.85292500117407,-29.5935104074269,23.72432704736818,-2.510398597947851,-2.3970122044367805,-5.0524602779234026e-14
317.24630665172657,-29.771017886325414,23.928323391544396,-2.537555709738963,-2.351627046914799,-1.0104920555846805e-13
315.63429793720445,-29.92904266825142,24.13616752343978,-2.5625689440781776,-2.304682510231065,8.420767129872338e-14
314.01748215303934,-30.067397771030492,24.34732258222211,-2.5853186663340373,-2.256327680569349,-6.73661370389787e-14
312.3964650510357,-30.18591801762976,24.561321397959613,-2.605690603072329,-2.2067243733953408,-5.0524602779234026e-14
310.771872259389,-30.284460807272833,24.777776141484683,-2.623577553241022,-2.156045786825353,5.0524602779234026e-14
309.144346507233,-30.36290679198879,24.99638706076451,-2.6388810202764468,-2.1044749614702942,0.0
307.5145446778211,-30.421160450591284,25.216950174958946,-2.651512735044921,-2.0522030660266735,-5.0524602779234026e-14
305.8831347176579,-30.459150553174943,25.439363807813947,-2.661396042153773,-1.9994275315500007,8.420767129872338e-14
304.25079243164805,-30.47683051045385,25.66363385364667,-2.6684671253796504,-1.9463500606401525,1.0104920555846805e-13
302.61819819654477,-30.474178603626175,25.889877681824643,-2.672676051690582,-1.893174540597119,5.0524602779234026e-14
300.9860336265875,-30.451198091903194,26.118326599223735,-2.673987617484626,-1.840104891884127,3.368306851948935e-14
299.35497822616287,-30.407917196358,26.34932680455605,-2.6723819851220108,-1.7873428848944988,1.1789073981821273e-13
297.7257060645808,-30.344388960296,26.583338783578235,-2.6678551024689985,-1.7350859590077783,1.0104920555846805e-13
296.0988825076202,-30.26069098789209,26.82093510990305,-2.660418902874429,-1.6835250782094924,8.420767129872338e-14
294.47516103937494,-30.156925064342747,27.062796632323646,-2.650101287637218,-1.632842657128703,-1.6841534259744676e-14
292.8551802061613,-30.033216662213903,27.30970704609645,-2.6369458974718505,-1.583210590231421,6.73661370389787e-14
291.23956071188684,-29.889714339995457,27.562545862390067,-2.621011683624231,-1.534788415130493,1.1789073981821273e-13
289.62890269139683,-29.726589040074685,27.822279806966755,-2.602372293029922,-1.487721638586912,-5.0524602779234026e-14
288.0237831850035,-29.544033294390907,28.089952695992526,-2.5811152851539423,-1.4421402508540142,3.368306851948935e-14
286.42475383375,-29.34226034691419,28.366673853542515,-2.5573412008381426,-1.3981574506379215,-8.420767129872338e-14
284.8323388110818,-29.121503202790304,28.653605151752686,-2.531162505560543,-1.3558685992079784,8.420767129872338e-14
283.247033002587,-28.88201361450462,28.951946770538118,-2.502702430954312,-1.3153504181885949,1.8525687685719145e-13
281.6693004414381,-28.624061015738516,29.262921789227068,-2.472093739235985,-1.2766604413991571,8.420767129872338e-15
280.09957300320855,-28.347931413726666,29.587759737222235,-2.43947743536679,-1.2398367268803514,1.768361097273191e-13
278.5382493599459,-28.053926250879748,29.927679244775025,-2.405001451349194,-1.2048978310463851,2.1893994537668078e-13
276.98569418983243,-27.742361246228853,30.28386994802417,-2.3688193260899215,-1.171843042818747,-8.420767129872338e-15
275.44223763551963,-27.413565226889396,30.657473814490583,-2.331088902800625,-1.1406528717034337,5.894536990910637e-14
273.9081750013384,-27.06787895925213,31.049566066124044,-2.2919710640272224,-1.1112897801334254,-5.0524602779234026e-14
272.38376667709076,-26.705653989008443,31.46113588665388,-2.251628522174593,-1.083699147062818,-1.6841534259744676e-14
270.8692382740535,-26.327251498425483,31.893067108304923,-2.2102246809036936,-1.0578104468067933,2.5262301389617013e-14
269.3647809571676,-25.933041188526833,32.346119079800154,-2.16792258010306,-1.0335386244986857,2.1051917824680845e-13
267.8705519561508,-25.52340019302622,32.82090792289507,-2.1248839343535826,-1.010785647296507,2.1893994537668078e-13
266.38667523743544,-25.0987120300256,33.317888388386336,-2.0812682719880313,-0.9894422086208974,9.262843842859572e-14
264.91324231838246,-24.659365596642715,33.83733652453454,-2.037232179062828,-0.9693895612402087,2.020984111169361e-13
263.45031320511214,-24.205754210894167,34.37933337106407,-1.9929286498698555,-0.9505014539246562,1.8525687685719145e-13
261.9979174354974,-23.73827470434177,34.94374989029284,-1.9485065430736308,-0.93264614565298,-5.894536990910637e-14
260.55605520934324,-23.257326568225576,35.530233343445374,-1.9041101402087905,-0.915688470950532,7.578690416885104e-14
259.1246985884794,-22.76331115506585,36.138195314770826,-1.859878801151031,-0.8994919298432178,8.420767129872338e-15
257.703792750389,-22.25663093702661,36.76680157868935,-1.8159467093098625,-0.883920776102113,7.578690416885104e-14
256.29325728003874,-21.737688821700853,37.414963995800676,-1.772442697704495,-0.8688420779035082,2.1893994537668078e-13
254.8929874857276,-21.206887525405346,38.08133461219475,-1.729490145788625,-0.8541277257140149,1.0104920555846805e-13
253.50285572599685,-20.664629003563807,38.76430212310547,-1.687206935893066,-0.8396563631070738,-2.5262301389617013e-14
252.12271273591327,-20.111313937310975,39.461990846553306,-1.6457054574587195,-0.8253152173046132,1.0946997268834039e-13
250.75238894231785,-19.54734127506578,40.17226233525468,-1.6050926468330924,-0.8110018074968399,-2.5262301389617013e-14
249.39169575890338,-18.973107827497703,40.89271973577224,-1.5654700502938037,-0.7966255104077955,5.0524602779234026e-14
248.0404268532253,-18.389007914043333,41.62071498268801,-1.5269338981314746,-0.78210896413043,8.420767129872338e-15
246.6983593789404,-17.795433058916093,42.35335889256603,-1.4895751780579671,-0.7673892929409025,1.6841534259744677e-13
245.3652551677017,-17.192771734388366,43.08753419771073,-1.4534796968879007,-0.7524191376081864,8.420767129872338e-14
244.04086187619683,-16.581409149004934,43.81991153331483,-1.4187281203533377,-0.7371674776341848,1.8525687685719145e-13
242.724914084805,-15.96172707830822,44.54696836363613,-1.3853959820336172,-0.7216202338855222,1.515738083377021e-13
241.4171343452482,-15.334103735612246,45.265010803471114,-1.3535536536932642,-0.7057806422060752,-1.4315304120782974e-13
240.11723417543658,-14.69891368034967,45.97019826054826,-1.3232662707982294,-0.6896693908252196,2.1472956181174462e-13
238.82491500044674,-14.05652776153156,46.65857079270444,-1.2945936086010998,-0.6733245166972279,2.48412630331234e-13
237.53986903922916,-13.407313093896036,47.326079041012406,-1.2675899059249702,-0.656801058318783,1.7262572616238293e-13
236.2617801372263,-12.75163306437856,47.96861656659189,-1.2423036356081922,-0.6401704650706702,9.262843842859572e-14
234.99032454558824,-12.089847366607101,48.58205438487738,-1.2187772224721494,-0.6235197657119497,-9.683882199353189e-14
