galstreams/tracks/track.st.NGC2298.ibata2021.ecsv
# %ECSV 0.9
# ---
# datatype:
# - {name: ra, unit: deg, datatype: float64}
# - {name: dec, unit: deg, datatype: float64}
# - {name: distance, unit: kpc, datatype: float64}
# - {name: pm_ra_cosdec, unit: mas / yr, datatype: float64}
# - {name: pm_dec, unit: mas / yr, datatype: float64}
# - {name: radial_velocity, unit: km / s, datatype: float64}
# delimiter: ','
# meta: !!omap
# - __serialized_columns__:
#     dec:
#       __class__: astropy.coordinates.angles.Latitude
#       unit: &id001 !astropy.units.Unit {unit: deg}
#       value: !astropy.table.SerializedColumn {name: dec}
#     distance:
#       __class__: astropy.coordinates.distances.Distance
#       unit: !astropy.units.Unit {unit: kpc}
#       value: !astropy.table.SerializedColumn {name: distance}
#     pm_dec:
#       __class__: astropy.units.quantity.Quantity
#       unit: !astropy.units.Unit {unit: mas / yr}
#       value: !astropy.table.SerializedColumn {name: pm_dec}
#     pm_ra_cosdec:
#       __class__: astropy.units.quantity.Quantity
#       unit: !astropy.units.Unit {unit: mas / yr}
#       value: !astropy.table.SerializedColumn {name: pm_ra_cosdec}
#     ra:
#       __class__: astropy.coordinates.angles.Longitude
#       unit: *id001
#       value: !astropy.table.SerializedColumn {name: ra}
#       wrap_angle: !astropy.coordinates.Angle
#         unit: *id001
#         value: 360.0
#     radial_velocity:
#       __class__: astropy.units.quantity.Quantity
#       unit: !astropy.units.Unit {unit: km / s}
#       value: !astropy.table.SerializedColumn {name: radial_velocity}
# schema: astropy-2.0
ra,dec,distance,pm_ra_cosdec,pm_dec,radial_velocity
[from data line 825]
102.2199815319337,-35.97577814538416,10.834920900359235,3.3127455178016736,-2.1560350644120017,-1.6841534259744676e-14
102.22993618120157,-35.98181694688507,10.83007751438474,3.31355743590204,-2.156091758067885,1.6841534259744676e-14
102.23988988052467,-35.98785832984364,10.825254672291964,3.3143644759144637,-2.156148434560529,8.420767129872338e-15
102.24984263409331,-35.993902290261644,10.820452474091338,3.3151666128973774,-2.1562050955816776,0.0
102.25979444609693,-35.99994882413974,10.815671019793303,3.315963821909678,-2.156261742833151,-3.368306851948935e-14
102.26974532072408,-36.0059979274774,10.810910409408287,3.3167560780107372,-2.156318378026845,8.420767129872338e-15
102.27969526216249,-36.01204959627294,10.806170742946724,3.3175433562603915,-2.1563750028847357,1.6841534259744676e-14
102.28964427459896,-36.01810382652355,10.801452120419052,3.318325631718948,-2.156431619138879,0.0
102.29959236221943,-36.02416061422525,10.796754641835706,3.3191028794471986,-2.156488228531414,-1.6841534259744676e-14
102.30953952920903,-36.030219955372935,10.792078407207114,3.319875074506408,-2.156544832814565,-8.420767129872338e-15
102.31948577975197,-36.03628184596031,10.787423516543717,3.320642191958322,-2.1566014337506427,-3.368306851948935e-14
102.3294311180316,-36.04234628197998,10.782790069855945,3.321404206865172,-2.1566580331120457,-1.6841534259744676e-14
102.33937554823041,-36.04841325942336,10.778178167154229,3.3221610942896778,-2.1567146326812656,8.420767129872338e-15
102.34931907453003,-36.05448277428073,10.773587908449015,3.3229128292950425,-2.1567712342508836,0.0
102.35926170111124,-36.06055482254123,10.769019393750726,3.323659386944971,-2.1568278396235767,2.5262301389617013e-14
102.36920343215388,-36.066629400192824,10.764472723069803,3.3244007423036495,-2.1568844506121208,-8.420767129872338e-15
102.37914427183705,-36.07270650322237,10.759947996416674,3.325136870435776,-2.1569410690393886,2.5262301389617013e-14
102.38908422433889,-36.07878612761554,10.755445313801777,3.325867746406539,-2.156997696738353,0.0
102.39902329383672,-36.08486826935689,10.750964775235547,3.326593345281631,-2.157054335552091,-8.420767129872338e-15
102.40896148450699,-36.0909529244298,10.746506480728415,3.327313642127253,-2.1571109873337853,5.894536990910637e-14
102.41889880052528,-36.09704008881652,10.742070530290817,3.3280286120101117,-2.1571676539467246,5.0524602779234026e-14
102.42883524606633,-36.103129758498135,10.73765702393319,3.3287382299974237,-2.1572243372643074,-1.6841534259744676e-14
102.438770825304,-36.109221929454606,10.733266061665965,3.329442471156922,-2.1572810391700425,0.0
102.44870554241133,-36.11531659766475,10.728897743499576,3.330141310556853,-2.157337761557555,3.368306851948935e-14
102.45863940156045,-36.12141375910621,10.724552169444458,3.330834723265983,-2.1573945063305837,1.6841534259744676e-14
102.46857240692268,-36.127513409755515,10.720229439511044,3.3315226843535988,-2.1574512754029866,-8.420767129872338e-15
102.47850456266843,-36.13361554558803,10.715929653709772,3.3322051688895136,-2.157508070698742,8.420767129872338e-15
102.48843587296733,-36.139720162577966,10.71165291205107,3.332882151944066,-2.1575648941519496,2.5262301389617013e-14
102.49836634198809,-36.14582725669841,10.707399314545379,3.3335536085881214,-2.157621747706836,-8.420767129872338e-15
102.5082959738986,-36.15193682392132,10.70316896120313,3.3342195138930797,-2.1576786333177513,1.6841534259744676e-14
102.51822477286588,-36.158048860217434,10.698961952034757,3.3348798429308797,-2.1577355529491795,0.0
102.5281527430561,-36.16416336155644,10.694778387050691,3.3355345707739907,-2.157792508575734,1.6841534259744676e-14
102.53807988863461,-36.17028032390684,10.690618366261376,3.336183672495428,-2.1578495021821618,4.210383564936169e-14
102.54800621376585,-36.17639974323597,10.686481989677237,3.3368271231687463,-2.157906535763348,8.420767129872338e-15
102.55793172261343,-36.182521615510055,10.682369357308712,3.3374648978680455,-2.1579636113243152,-2.5262301389617013e-14
102.56785641934017,-36.188645936694165,10.678280569166231,3.338096971667977,-2.1580207308802266,-8.420767129872338e-15
102.57778030810795,-36.194772702752246,10.674215725260234,3.3387233196437425,-2.1580778964563923,-1.6841534259744676e-14
102.58770339307786,-36.20090190964707,10.670174925601154,3.3393439168710946,-2.158135110088263,1.6841534259744676e-14
102.59762567841013,-36.20703355334029,10.66615827019942,3.3399587384263487,-2.1581923738214437,1.6841534259744676e-14
102.6075471682641,-36.2131676297924,10.662165859065478,3.3405677593863685,-2.158249689711687,-8.420767129872338e-15
102.61746786679836,-36.21930413496278,10.658197792209748,3.3411709548285917,-2.1583070598248977,2.5262301389617013e-14
102.62738777817056,-36.22544306480963,10.654254169642673,3.3417682998310116,-2.1583644862371405,-2.5262301389617013e-14
102.63730690653753,-36.23158441529003,10.650335091374686,3.3423597694721963,-2.1584219710346355,-3.368306851948935e-14
102.6472252560553,-36.23772818235995,10.646440657416218,3.342945338831277,-2.158479516313763,8.420767129872338e-15
102.657142830879,-36.243874361974164,10.6425709677777,3.3435249829879625,-2.1585371241810716,8.420767129872338e-15
102.66705963516293,-36.25002295008631,10.638726122469581,3.3440986770225316,-2.158594796753269,-2.5262301389617013e-14
102.67697567306057,-36.25617394264894,10.634906221502282,3.3446663960158487,-2.1586525361572373,2.5262301389617013e-14
102.68689094872452,-36.26232733561343,10.631111364886245,3.3452281150493506,-2.158710344530025,8.420767129872338e-15
102.6968054663066,-36.26848312493,10.627341652631891,3.345783809205072,-2.1587682240188633,-8.420767129872338e-15
102.70671922995773,-36.274641306547764,10.62359718474967,3.346333453565613,-2.1588261767811474,-1.6841534259744676e-14
102.71663224382802,-36.28080187641467,10.619878061250008,3.34687702321418,-2.1588842049844588,0.0
102.7265445120667,-36.28696483047757,10.61618438214334,3.3474144932345657,-2.158942310806563,5.894536990910637e-14
102.73645603882221,-36.293130164682104,10.612516247440107,3.347945838711153,-2.1590004964354024,0.0
102.74636682824215,-36.29929787497283,10.60887375715073,3.3484710347289304,-2.1590587640691155,-3.368306851948935e-14
102.75627688447324,-36.305467957293196,10.605257011285651,3.3489900563734807,-2.1591171159160245,0.0
102.7661862116614,-36.311640407585415,10.601666109855309,3.3495028787309895,-2.1591755541946447,8.420767129872338e-15
102.77609481395172,-36.31781522179065,10.598101152870127,3.35000947688825,-2.1592340811336896,3.368306851948935e-14
102.78600269548838,-36.32399239584888,10.594562240340553,3.3505098259326616,-2.1592926989720684,8.420767129872338e-15
102.79590986041484,-36.330171925699,10.591049472277005,3.3510039009522368,-2.1593514099588944,-1.6841534259744676e-14
102.80581631287365,-36.33635380727868,10.587562948689929,3.3514916770356016,-2.1594102163534803,1.6841534259744676e-14
102.81572205700651,-36.34253803652452,10.584102769589757,3.351973129271996,-2.1594691204253476,0.0
102.82562709695436,-36.348724609372006,10.58066903498692,3.3524482327512803,-2.159528124454228,1.6841534259744676e-14
102.83553143685724,-36.3549135217554,10.577261844891858,3.352916962563939,-2.159587230730066,-1.6841534259744676e-14
102.8454350808544,-36.36110476960792,10.573881299314994,3.3533792938010816,-2.1596464415530217,8.420767129872338e-15
102.85533803308424,-36.36729834886157,10.570527498266776,3.3538352015544377,-2.159705759233466,1.6841534259744676e-14
102.86524029768431,-36.37349425544729,10.567200541757627,3.354284660916375,-2.1597651860920024,2.5262301389617013e-14
102.87514187879134,-36.37969248529483,10.563900529797992,3.3547276469798906,-2.15982472445945,0.0
102.88504278054128,-36.38589303433284,10.560627562398295,3.3551641348386196,-2.159884376676858,0.0
102.89494300706917,-36.392095898488826,10.55738173956898,3.3555940995868343,-2.1599441450955057,2.5262301389617013e-14
102.90484256250932,-36.39830107368913,10.554163161320469,3.3560175163194463,-2.160004032076904,-1.6841534259744676e-14
102.91474145099508,-36.40450855585901,10.550971927663207,3.3564343601320155,-2.1600640399928,0.0
102.92463967665908,-36.410718340922564,10.547808138607623,3.3568446061207444,-2.1601241712251795,1.6841534259744676e-14
102.93453724363309,-36.41693042480275,10.544671894164152,3.357248229382487,-2.160184428166274,8.420767129872338e-15
102.94443415604803,-36.4231448034214,10.54156329434323,3.357645205014749,-2.160244813218554,-8.420767129872338e-15
102.95433041803403,-36.42936147269924,10.538482439155288,3.358035508115694,-2.1603053287947436,8.420767129872338e-15
102.9642260337204,-36.43558042855582,10.535429428610763,3.358419113784137,-2.160365977317811,0.0
102.97412100723557,-36.44180166690956,10.53240436272009,3.3587959971195613,-2.1604267612209878,-8.420767129872338e-15
102.98401534270718,-36.44802518367779,10.529407341493702,3.359166133222108,-2.1604876829477577,8.420767129872338e-15
102.99390904426207,-36.45425097477668,10.526438464942027,3.359529497192588,-2.160548744951865,2.5262301389617013e-14
103.00380211602622,-36.46047903612124,10.52349783307551,3.3598860641324797,-2.160609949697319,1.6841534259744676e-14
103.01369456212478,-36.46670936362541,10.52058554590458,3.3602358091439286,-2.160671299658395,1.6841534259744676e-14
103.02358638668213,-36.472941953201946,10.517701703439672,3.3605787073297653,-2.1607327973196417,-2.5262301389617013e-14
103.0334775938218,-36.47917680076253,10.514846405691214,3.3609147337934924,-2.1607944451758776,4.210383564936169e-14
103.04336818766646,-36.48541390221763,10.512019752669651,3.361243863639286,-2.1608562457321976,8.420767129872338e-15
103.053258172338,-36.49165325347665,10.509221844385412,3.3615660719720144,-2.1609182015039794,-1.6841534259744676e-14
103.06314755195751,-36.49789485044784,10.506452780848928,3.361881333897229,-2.1609803150168823,8.420767129872338e-15
103.07303633064524,-36.50413868903835,10.503712662070637,3.3621896245211706,-2.1610425888068523,4.210383564936169e-14
103.08292451252056,-36.51038476515413,10.501001588060975,3.362490918950768,-2.1611050254201265,-1.6841534259744676e-14
103.09281210170211,-36.51663307470008,10.498319658830372,3.362785192293648,-2.161167627413232,-1.6841534259744676e-14
103.10269910230771,-36.52288361357992,10.495666974389264,3.3630724196581308,-2.1612303973529947,4.210383564936169e-14
103.11258551845427,-36.52913637769624,10.493043634748087,3.363352576153237,-2.161293337816542,0.0
103.122471354258,-36.53539136295055,10.490449739917276,3.363625636888694,-2.1613564513913,0.0
103.13235661383418,-36.54164856524317,10.487885389907259,3.3638915769749302,-2.1614197406750058,-8.420767129872338e-15
103.14224130129739,-36.54790798047333,10.485350684728475,3.364150371523085,-2.1614832082757047,2.5262301389617013e-14
103.15212542076131,-36.554169604539126,10.482845724391357,3.364401995645007,-2.1615468568117553,1.6841534259744676e-14
103.16200897633881,-36.56043343333752,10.480370608906338,3.364646424453257,-2.1616106889118356,-8.420767129872338e-15
103.171891972142,-36.56669946276433,10.477925438283854,3.3648836330611176,-2.16167470721494,1.6841534259744676e-14
103.18177441228212,-36.572967688714286,10.475510312534341,3.365113596582586,-2.1617389143703902,0.0
103.19165630086964,-36.579238107080954,10.47312533166823,3.365336290132386,-2.1618033130378356,1.6841534259744676e-14
103.20153764201417,-36.58551071375678,10.470770595695958,3.3655516888259602,-2.161867905887252,8.420767129872338e-15
103.21141843982456,-36.591785504633116,10.468446204627954,3.3657597677794873,-2.1619326955989564,2.5262301389617013e-14
103.2212986984088,-36.59806247560013,10.466152258474656,3.3659605021098726,-2.1619976848636,-1.6841534259744676e-14
103.23117842187409,-36.60434162254691,10.4638888572465,3.366153866934754,-2.162062876382177,-1.6841534259744676e-14
103.24105761432685,-36.61062294136141,10.461656100953919,3.366339837372508,-2.1621282728660263,1.6841534259744676e-14
103.25093627987262,-36.61690642793045,10.459454089607341,3.366518388542252,-2.1621938770368363,2.5262301389617013e-14
103.26081442261618,-36.623192078139695,10.457282923217209,3.3666894955638402,-2.1622596916266477,-8.420767129872338e-15
103.27069204666148,-36.62947988787376,10.455142701793955,3.366853133557877,-2.162325719377858,3.368306851948935e-14
103.2805691561117,-36.635769853016036,10.453033525348012,3.3670092776457117,-2.162391963043224,3.368306851948935e-14
103.29044575506914,-36.64206196944889,10.450955493889811,3.367157902949447,-2.1624584253858674,0.0
103.30032184763535,-36.64835623305348,10.448908707429796,3.3672989845919363,-2.1625251091792768,-8.420767129872338e-15
103.31019743791106,-36.654652639709894,10.446893265978385,3.3674324976967966,-2.162592017207312,2.5262301389617013e-14
103.32007252999617,-36.660951185297066,10.44490926954603,3.3675584173883912,-2.162659152264206,-8.420767129872338e-15
103.32994712798981,-36.66725186569281,10.442956818143156,3.367676718791858,-2.1627265171545726,0.0
103.33982123599026,-36.67355467677383,10.441036011780197,3.3677873770330944,-2.1627941146934084,0.0
103.34969485809503,-36.67985961441572,10.439146950467588,3.3678903672387674,-2.162861947706096,-8.420767129872338e-15
103.3595679984008,-36.68616667449288,10.437289734215764,3.367985664536313,-2.1629300190284066,-8.420767129872338e-15
103.3694406610035,-36.69247585287867,10.43546446303516,3.3680732440539414,-2.162998331506506,-8.420767129872338e-15
103.37931284999813,-36.69878714544529,10.433671236936204,3.3681530809206435,-2.1630668879969606,8.420767129872338e-15
103.38918456947904,-36.70510054806379,10.431910155929343,3.3682251502661824,-2.1631356913667323,2.5262301389617013e-14
103.39905582353965,-36.71141605660414,10.430181320025001,3.368289427221111,-2.1632047444931963,8.420767129872338e-15
103.40892661627267,-36.71773366693518,10.428484829233613,3.3683458869167624,-2.163274050264133,0.0
103.41879695176995,-36.724053374924615,10.426820783565615,3.3683945044852583,-2.1633436115777354,0.0
103.42866683412255,-36.73037517643904,10.425189283031445,3.368435255059515,-2.163413431342618,2.5262301389617013e-14
103.43853626742072,-36.7366990673439,10.423590427641528,3.36846811377324,-2.1634835124778125,8.420767129872338e-15
103.44840525575394,-36.74302504350356,10.422024317406308,3.3684930557609367,-2.1635538579127798,1.6841534259744676e-14
103.45827380321087,-36.74935310078123,10.420491052336212,3.368510056157912,-2.163624470587407,2.5262301389617013e-14
103.46814191387934,-36.755683235039,10.418990732441678,3.3685190901002695,-2.1636953534520162,-3.368306851948935e-14
103.47800959184643,-36.76201544213789,10.417523457733138,3.3685201327249272,-2.1637665094673677,2.5262301389617013e-14
103.4878768411984,-36.76834971793771,10.416089328221034,3.3685131591696003,-2.1638379416046623,-1.6841534259744676e-14
103.49774366602068,-36.774686058297235,10.414688443915786,3.368498144572828,-2.1639096528455486,5.0524602779234026e-14
103.50761007039794,-36.781024459074054,10.413320904827843,3.3684750640739516,-2.1639816461821213,-1.6841534259744676e-14
103.51747605841405,-36.787364916124695,10.411986810967623,3.36844389281314,-2.164053924616935,8.420767129872338e-15
103.52734163415205,-36.79370742530449,10.410686262345576,3.3684046059313744,-2.164126491162995,-3.368306851948935e-14
103.53720680169423,-36.800051982467735,10.40941935897213,3.3683571785704642,-2.1641993488437743,0.0
103.547071565122,-36.806398583467555,10.40818620085772,3.36830158587304,-2.16427250069321,0.0
103.55693592851607,-36.81274722415596,10.406986888012774,3.36823780298257,-2.164345949755713,5.0524602779234026e-14
103.56679989595628,-36.819097900383845,10.405821520447734,3.368165805043343,-2.164419699086165,-8.420767129872338e-15
103.57666347152174,-36.825450608001,10.404690198173034,3.3680855672004895,-2.1644937517499283,0.0
