galstreams/tracks/track.st.M2.grillmair2022.ecsv
# %ECSV 0.9
# ---
# datatype:
# - {name: ra, unit: deg, datatype: float64}
# - {name: dec, unit: deg, datatype: float64}
# - {name: distance, unit: kpc, datatype: float64}
# - {name: pm_ra_cosdec, unit: mas / yr, datatype: float64}
# - {name: pm_dec, unit: mas / yr, datatype: float64}
# - {name: radial_velocity, unit: km / s, datatype: float64}
# delimiter: ','
# meta: !!omap
# - __serialized_columns__:
#     dec:
#       __class__: astropy.coordinates.angles.Latitude
#       unit: &id001 !astropy.units.Unit {unit: deg}
#       value: !astropy.table.SerializedColumn {name: dec}
#     distance:
#       __class__: astropy.coordinates.distances.Distance
#       unit: !astropy.units.Unit {unit: kpc}
#       value: !astropy.table.SerializedColumn {name: distance}
#     pm_dec:
#       __class__: astropy.units.quantity.Quantity
#       unit: !astropy.units.Unit {unit: mas / yr}
#       value: !astropy.table.SerializedColumn {name: pm_dec}
#     pm_ra_cosdec:
#       __class__: astropy.units.quantity.Quantity
#       unit: !astropy.units.Unit {unit: mas / yr}
#       value: !astropy.table.SerializedColumn {name: pm_ra_cosdec}
#     ra:
#       __class__: astropy.coordinates.angles.Longitude
#       unit: *id001
#       value: !astropy.table.SerializedColumn {name: ra}
#       wrap_angle: !astropy.coordinates.Angle
#         unit: *id001
#         value: 360.0
#     radial_velocity:
#       __class__: astropy.units.quantity.Quantity
#       unit: !astropy.units.Unit {unit: km / s}
#       value: !astropy.table.SerializedColumn {name: radial_velocity}
# schema: astropy-2.0
ra,dec,distance,pm_ra_cosdec,pm_dec,radial_velocity
[from data line 5752]
336.7523638575447,0.292992026421974,11.69300000000001,1.9780456540030968,-2.6039636862499558,-7.631320211446806e-15
336.76503921264003,0.28671905147218757,11.69300000000001,1.9762291530745772,-2.6055728427016405,-5.026145380642552e-14
336.777720391872,0.2804284181014348,11.69300000000001,1.9744110943640625,-2.607185184478667,8.289192643468082e-15
336.79040740163657,0.27412010498198486,11.69300000000001,1.972591476095109,-2.6088007154830484,2.3814982039170207e-14
336.80310024833386,0.267794090770516,11.69300000000001,1.970770296490438,-2.610419439619493,4.078809078531914e-14
336.81579893836783,0.26145035410812706,11.693000000000012,1.9689475537719443,-2.6120413607954016,1.6973108746148932e-14
336.8285034781464,0.2550888736203318,11.69300000000001,1.9671232461606958,-2.6136664829208787,-3.644613273397871e-14
336.84121387408146,0.24870962791704798,11.69300000000001,1.965297371876932,-2.6152948099087205,5.934009336831914e-14
336.85393013258863,0.2423125955925858,11.693000000000012,1.9634699291400757,-2.6169263456744316,-5.920851888191488e-15
336.8666522600878,0.2358977552256555,11.69300000000001,1.9616409161687238,-2.6185610941362194,5.2629794561702115e-15
336.8793802630026,0.22946508537936455,11.69300000000001,1.9598103311806596,-2.620199059214993,4.572213402547871e-14
336.8921141477605,0.2230145646012008,11.69300000000001,1.9579781723928538,-2.621840244834372,-1.1841703776382976e-15
336.90485392079324,0.21654617142304428,11.693000000000012,1.9561444380214639,-2.623484654920684,-3.157787673702127e-14
336.9175995885364,0.21005988436114925,11.69300000000001,1.9543091262818413,-2.6251322934029697,-4.861677272637233e-14
336.9303511574295,0.2035556819161307,11.69300000000001,1.9524722353885253,-2.6267831642129784,1.0657533398744677e-14
336.94310863391604,0.19703354257299202,11.693000000000012,1.950633763555258,-2.6284372712851765,-1.2499576208404252e-14
336.9558720244435,0.1904934448010988,11.69300000000001,1.9487937089949798,-2.6300946185567478,-3.868289900285105e-14
336.96864133546353,0.1839353670541673,11.69300000000001,1.9469520699198326,-2.631755209967595,7.433958481840424e-15
336.98141657343155,0.17735928777027823,11.693000000000014,1.945108844541165,-2.633419049460336,-5.789277401787233e-15
336.9941977448071,0.17076518537185917,11.69300000000001,1.943264031069532,-2.6350861409803206,-1.5131065936489357e-15
337.0069848560537,0.1641530382656913,11.69300000000001,1.9414176277147,-2.6367564884756156,-2.61833227944468e-14
337.0197779136391,0.15752282484288768,11.69300000000001,1.9395696326856497,-2.638430095897015,2.0262470906255314e-14
337.0325769240347,0.150874523478912,11.69300000000001,1.93772004419058,-2.6401069671980433,6.249788104202126e-15
337.0453818937163,0.14420811253356286,11.69300000000001,1.935868860436908,-2.6417871063349523,5.328766699372339e-15
337.05819282916354,0.1375235703509496,11.693000000000014,1.9340160796312693,-2.643470517266729,4.473532537744679e-15
337.0710097368603,0.13082087525952707,11.69300000000001,1.932161699979533,-2.6451572039550943,6.453728558128721e-14
337.08383262329414,0.12410000557206632,11.69300000000001,1.9303057196867912,-2.6468471703645022,-2.2630811661531907e-14
337.09666149495723,0.1173609395856515,11.693000000000012,1.928448136957369,-2.648540420462146,-2.8288514576914884e-15
337.1094963583453,0.11060365558167094,11.69300000000001,1.9265889499948243,-2.6502369582179606,-1.3025874154021273e-14
337.12233721995864,0.10382813182584019,11.69300000000001,1.9247281570019545,-2.651936787604621,1.0197022696329785e-15
337.13518408630125,0.09703434656816635,11.693000000000012,1.922865756180796,-2.6536399125975487,2.960425944095744e-16
337.1480369638814,0.09022227804295056,11.69300000000001,1.9210017457326298,-2.65534633717491,2.7860897496101055e-14
337.16089585921145,0.08339190446880883,11.69300000000001,1.9191361238579843,-2.6570560653176165,4.381430397261701e-14
337.1737607788078,0.07654320404861809,11.69300000000001,1.9172688887566316,-2.658769101009334,-4.670894267351062e-15
337.1866317291911,0.06967615496956572,11.693000000000012,1.9154000386276027,-2.660485448236479,4.4932687107053177e-14
337.199508716886,0.06279073540311161,11.693000000000008,1.9135295716691838,-2.6622051109882228,-3.2235749169042546e-15
337.21239174842145,0.055886923504996716,11.69300000000001,1.9116574860789166,-2.663928093256491,-2.2548577607529248e-14
337.2252808303304,0.048964697415233974,11.693000000000008,1.909783780053609,-2.6656543990359687,-5.624809293781914e-15
337.23817596915006,0.04202403525809754,11.693000000000007,1.9079084517893294,-2.667384032324106,3.320611100627393e-14
337.2510771714216,0.03506491514213894,11.693000000000008,1.9060314994814171,-2.669116997121105,3.034436592698138e-14
337.2639844436906,0.02808731516015637,11.69300000000001,1.9041529213244834,-2.670853297429943,-2.9546695603155576e-14
337.27689779250676,0.021091213389220227,11.69300000000001,1.9022727155124142,-2.672592937256358,1.8132608907586432e-14
337.2898172244238,0.01407658789064712,11.693000000000007,1.9003908802383747,-2.6743359206088595,7.40106486023936e-16
337.30274274599986,0.0070434167099894624,11.69300000000001,1.898507413694805,-2.6760822514987255,-2.7322264442383635e-14
337.31567436379714,-8.322122942873195e-06,11.69300000000001,1.8966223140734384,-2.6778319339400096,2.032439539750673e-14
337.3286120843821,-0.007078650594106196,11.69300000000001,1.8947355795652896,-2.67958497194954,-3.330479187107712e-14
337.3415559143254,-0.014167590705215664,11.69300000000001,1.8928472083606687,-2.6813413695469195,1.6372800151929516e-14
337.3545058602019,-0.0212751644737707,11.69300000000001,1.8909571986491769,-2.6831011307545354,2.1808471121505312e-14
337.36746192859084,-0.028401393933031528,11.693000000000008,1.889065548619715,-2.684864259597554,2.197293922951063e-14
337.3804241260754,-0.035546301132036585,11.693000000000007,1.8871722564604843,-2.686630760103924,2.9653599873359035e-14
337.3933924592434,-0.042709908135607544,11.69300000000001,1.8852773203589912,-2.688400636304381,2.4226152309183505e-14
337.40636693468656,-0.04989223702434949,11.69300000000001,1.8833807385020516,-2.6901738922324503,-8.420767129872338e-15
337.41934755900115,-0.05709330989467076,11.693000000000008,1.8814825090757876,-2.691950531924449,-4.124860148773403e-14
337.43233433878754,-0.0643131488587567,11.69300000000001,1.8795826302656422,-2.693730559419481,-1.9505917609430845e-14
337.4453272806505,-0.07155177604460328,11.693000000000007,1.8776811002563731,-2.695513978759452,6.28268172580319e-15
337.4583263911989,-0.07880921359599963,11.693000000000008,1.875777917232059,-2.697300793989058,5.703753985624467e-14
337.47133167704624,-0.08608548367254615,11.69300000000001,1.8738730793761078,-2.6990910091557967,3.7761877598021263e-14
337.48434314480994,-0.09338060844965963,11.693000000000008,1.8719665848712526,-2.7008846283099732,-4.4636644512643605e-14
337.49736080111217,-0.10069461011856082,11.693000000000008,1.87005843189956,-2.7026816555046893,-2.1940045607909568e-14
337.5103846525791,-0.10802751088629998,11.69300000000001,1.8681486186424314,-2.7044820947958543,2.7499067658489354e-14
337.5234147058413,-0.11537933297574052,11.693000000000007,1.866237143280612,-2.706285950242188,-2.598596106484042e-14
337.5364509675338,-0.12275009862557328,11.69300000000001,1.8643240039941837,-2.7080932259052166,1.480212972047872e-14
337.54949344429593,-0.1301398300903347,11.693000000000008,1.8624091989625793,-2.7099039258492867,6.578724320212764e-15
337.5625421427714,-0.13754854964038554,11.69300000000001,1.8604927263645783,-2.7117180541415515,3.97354948940851e-14
337.57559706960814,-0.14497627956192122,11.69300000000001,1.8585745843783197,-2.7135356148519865,-3.677506894998935e-14
337.58865823145874,-0.15242304215698607,11.69300000000001,1.8566547711812957,-2.715356612053386,-2.888059976573403e-14
337.6017256349801,-0.15988885974347555,11.69300000000001,1.8547332849503602,-2.7171810498213693,4.1906473919755307e-14
337.6147992868333,-0.16737375465514073,11.69300000000001,1.8528101238617325,-2.7190089322343765,4.1972261162957433e-14
337.62787919368407,-0.17487774924156615,11.693000000000008,1.8508852860910026,-2.7208402633736726,-4.091966527172339e-14
337.6409653622026,-0.1824008658682208,11.693000000000008,1.8489587698131307,-2.7226750473233583,1.730204496215957e-14
337.6540577990633,-0.1899431269164196,11.69300000000001,1.8470305732024548,-2.724513288170359,-2.289396063434042e-14
337.66715651094523,-0.19750455478336032,11.693000000000008,1.8451006944326902,-2.726354990004442,-2.565702484882978e-14
337.6802615045318,-0.20508517188210057,11.693000000000008,1.8431691316769405,-2.728200156918203,4.3682729486212757e-14
337.6933727865108,-0.21268500064157153,11.69300000000001,1.8412358831076927,-2.7300487930070805,-9.276001291499997e-15
337.7064903635747,-0.22030406350659612,11.69300000000001,1.839300946896829,-2.7319009023693535,3.6972430679595734e-14
337.7196142424202,-0.22794238293786345,11.693000000000007,1.8373643212156265,-2.733756489106144,2.1841364743106378e-14
337.7327444297488,-0.23559998141197522,11.69300000000001,1.835426004234757,-2.7356155573214207,-7.894469184255318e-15
337.74588093226623,-0.24327688142140014,11.693000000000008,1.8334859941243018,-2.737478111122003,7.368171238638296e-15
337.75902375668284,-0.2509731054745153,11.693000000000008,1.8315442890537474,-2.7393441546175548,-3.8156601057234034e-14
337.7721729097136,-0.25868867609558527,11.69300000000001,1.82960088719199,-2.7412136919205974,-1.7104683232553186e-15
337.78532839807775,-0.2664236158247875,11.693000000000008,1.8276557867073446,-2.7430867271465087,-4.907728342878722e-14
337.7984902284994,-0.27417794721820715,11.693000000000008,1.8257089857675397,-2.744963264413525,-1.0525958912340423e-15
337.811658407707,-0.28195169284783494,11.693000000000008,1.8237604825397322,-2.74684330784274,-5.262979456170211e-16
337.8248329424336,-0.2897448753015759,11.69300000000001,1.821810275190503,-2.748726861558113,8.947065075489359e-15
337.83801383941676,-0.29755751718326034,11.69300000000001,1.8198583618858684,-2.750613929686471,-3.0788429818595735e-14
337.8512011053989,-0.30538964111262723,11.69300000000001,1.8179047407912772,-2.752504516357502,2.5920173821638292e-14
337.86439474712665,-0.3132412697253608,11.69300000000001,1.8159494100716158,-2.754398625703775,4.9998304833617005e-15
337.8775947713516,-0.32111242567305825,11.69300000000001,1.8139923678912186,-2.7562962618607236,3.1972600196234035e-14
337.8908011848296,-0.3290031316232606,11.693000000000008,1.8120336124138663,-2.758197428966663,2.1709790256702122e-14
337.90401399432153,-0.3369134102594326,11.69300000000001,1.8100731418027927,-2.7601021311627814,5.1314049697659564e-15
337.91723320659264,-0.3448432842810085,11.693000000000008,1.8081109542206841,-2.7620103725931533,-3.97354948940851e-14
337.93045882841284,-0.3527927764033362,11.69300000000001,1.8061470478296904,-2.763922157404735,-2.6841195226468077e-14
337.94369086655684,-0.36076190935773234,11.69300000000001,1.8041814207914275,-2.7658374897473674,-3.565668581555318e-14
337.95692932780383,-0.36875070589146286,11.693000000000008,1.8022140712669774,-2.7677563737737807,-4.710366613272339e-14
337.9701742189379,-0.37675918876773595,11.69300000000001,1.8002449974168988,-2.7696788136395964,-1.0131235453127657e-14
337.9834255467477,-0.3847873807657469,11.693000000000008,1.7982741974012233,-2.771604813503333,6.97344777942553e-15
337.9966833180266,-0.392835304680627,11.693000000000008,1.7963016693794684,-2.773534377526401,8.420767129872338e-15
338.0099475395727,-0.40090298332349705,11.693000000000012,1.7943274115106362,-2.7754675098731134,-3.4998813383531905e-14
338.02321821818884,-0.4089904395214369,11.693000000000007,1.7923514219532217,-2.777404214710684,5.460341185776594e-14
338.0364953606825,-0.4170976961174963,11.69300000000001,1.7903736988652121,-2.779344496209227,-1.7104683232553188e-14
338.04977897386624,-0.4252247759707242,11.69300000000001,1.788394240404097,-2.781288358541774,3.5788260301957434e-14
338.0630690645569,-0.4333717019561366,11.69300000000001,1.786413044726867,-2.783235805884258,6.184000860999998e-15
338.07636563957647,-0.4415384969647427,11.693000000000007,1.784430109990024,-2.7851868424155284,-1.0525958912340423e-15
338.08966870575154,-0.44972518390352995,11.693000000000007,1.7824454343495817,-2.787141472317345,-7.368171238638296e-15
338.10297826991365,-0.4579317856954807,11.69300000000001,1.780459015961073,-2.7890996997743893,2.1841364743106378e-14
338.1162943388989,-0.4661583252796029,11.693000000000008,1.7784708529795494,-2.791061528974267,5.2629794561702115e-15
338.12961691954854,-0.4744048256108696,11.69300000000001,1.7764809435595919,-2.7930269641075034,-4.289328256778722e-14
338.1429460187084,-0.48267130966027066,11.69300000000001,1.7744892858553127,-2.7949960093675466,-2.0788768851872334e-14
338.1562816432293,-0.49095780041480463,11.693000000000008,1.7724958780203606,-2.7969686689507816,2.789379111770212e-14
338.16962379996676,-0.49926432087748385,11.693000000000008,1.770500718207921,-2.798944947056518,-2.9735833927361694e-14
338.18297249578137,-0.5075908940673342,11.693000000000007,1.7685038045707293,-2.8009248478870066,1.4999491450085103e-14
338.19632773753847,-0.5159375430194069,11.69300000000001,1.7665051352610674,-2.8029083756474282,-1.9736172960638293e-14
338.20968953210837,-0.5243042907847549,11.693000000000007,1.764504708430775,-2.8048955345459103,4.105123975812765e-14
338.2230578863662,-0.5326911604304704,11.69300000000001,1.7625025222312498,-2.806886328793518,4.73668151055319e-15
338.23643280719205,-0.5410981750396856,11.693000000000008,1.7604985748134514,-2.808880762604268,-7.8944691842553165e-16
338.249814301471,-0.5495253577115515,11.693000000000008,1.7584928643279114,-2.810878840195122,-4.078809078531914e-14
338.26320237609315,-0.5579727315612514,11.69300000000001,1.7564853889247343,-2.8128805657859908,-2.5788599335234036e-14
338.27659703795325,-0.566440319720024,11.69300000000001,1.7544761467536039,-2.814885943599747,4.210383564936169e-15
338.2899982939513,-0.5749281453351297,11.69300000000001,1.752465135963787,-2.816894977862212,6.8418732930212744e-15
338.30340615099226,-0.5834362315699044,11.69300000000001,1.7504523547041364,-2.8189076728021747,2.368340755276595e-14
338.3168206159859,-0.5919646016037161,11.69300000000001,1.748437801123102,-2.820924032651382,2.6314897280851058e-15
338.3302416958472,-0.6005132786319791,11.693000000000008,1.7464214733687295,-2.822944061644548,-4.131438873093616e-14
338.3436693974961,-0.6090822858661836,11.693000000000007,1.74440336958867,-2.8249677640193593,-3.657770722038297e-14
338.35710372785763,-0.6176716465338614,11.693000000000007,1.7423834879301816,-2.8269951440164647,-6.578724320212764e-15
338.3705446938617,-0.626281383878627,11.693000000000008,1.7403618265401335,-2.8290262058795,-2.4209705498382972e-14
338.3839923024435,-0.6349115211601595,11.69300000000001,1.7383383835650155,-2.8310609538550713,9.47336302110638e-15
338.39744656054313,-0.6435620816541914,11.69300000000001,1.7363131571509427,-2.833099392192767,1.763098117817021e-14
338.4109074751059,-0.6522330886525406,11.693000000000008,1.7342861454436547,-2.8351415251451595,-4.9998304833617005e-15
338.4243750530821,-0.6609245654631057,11.693000000000008,1.7322573465885283,-2.8371873569678066,-3.552511132914893e-14
338.43784930142726,-0.6696365354098672,11.69300000000001,1.7302267587305746,-2.8392368919192577,-3.0788429818595735e-14
338.451330227102,-0.6783690218328821,11.693000000000008,1.7281943800144526,-2.841290134261055,-2.5525450362425525e-14
338.46481783707213,-0.6871220480883049,11.693000000000008,1.7261602085844687,-2.8433470882577323,1.473634247727659e-14
338.4783121383084,-0.6958956375483561,11.69300000000001,1.7241242425845846,-2.845407758176827,-6.8418732930212744e-15
338.4918131377871,-0.7046898136013883,11.693000000000012,1.7220864801584201,-2.847472148288877,-2.6051748308042545e-14
