galstreams/tracks/track.st.M5.grillmair2019.ecsv
# %ECSV 1.0
# ---
# datatype:
# - {name: ra, unit: deg, datatype: float64}
# - {name: dec, unit: deg, datatype: float64}
# - {name: distance, unit: kpc, datatype: float64}
# - {name: pm_ra_cosdec, unit: mas / yr, datatype: float64}
# - {name: pm_dec, unit: mas / yr, datatype: float64}
# - {name: radial_velocity, unit: km / s, datatype: float64}
# delimiter: ','
# meta: !!omap
# - __serialized_columns__:
#     dec:
#       __class__: astropy.coordinates.angles.Latitude
#       unit: &id001 !astropy.units.Unit {unit: deg}
#       value: !astropy.table.SerializedColumn {name: dec}
#     distance:
#       __class__: astropy.coordinates.distances.Distance
#       unit: !astropy.units.Unit {unit: kpc}
#       value: !astropy.table.SerializedColumn {name: distance}
#     pm_dec:
#       __class__: astropy.units.quantity.Quantity
#       unit: !astropy.units.Unit {unit: mas / yr}
#       value: !astropy.table.SerializedColumn {name: pm_dec}
#     pm_ra_cosdec:
#       __class__: astropy.units.quantity.Quantity
#       unit: !astropy.units.Unit {unit: mas / yr}
#       value: !astropy.table.SerializedColumn {name: pm_ra_cosdec}
#     ra:
#       __class__: astropy.coordinates.angles.Longitude
#       unit: *id001
#       value: !astropy.table.SerializedColumn {name: ra}
#       wrap_angle: !astropy.coordinates.Angle
#         unit: *id001
#         value: 360.0
#     radial_velocity:
#       __class__: astropy.units.quantity.Quantity
#       unit: !astropy.units.Unit {unit: km / s}
#       value: !astropy.table.SerializedColumn {name: radial_velocity}
# schema: astropy-2.0
ra,dec,distance,pm_ra_cosdec,pm_dec,radial_velocity
[from data line 2774]
201.29921441330274,15.65234744443915,13.543429482010575,3.0256140551561956,-8.018737979185676,1.347322740779574e-13
201.28971114434407,15.656390953016322,13.542547795218944,3.0251411685443093,-8.017849109599592,6.73661370389787e-14
201.2802076046104,15.660434290693669,13.541666083233027,3.024668301469438,-8.016960128397374,1.1789073981821273e-13
201.27070379404884,15.664477457477135,13.540784346048133,3.0241954540300875,-8.016071035535541,1.0104920555846805e-13
201.2611997126064,15.668520453372668,13.539902583659567,3.023722626324744,-8.0151818309706,1.515738083377021e-13
201.25169536023026,15.672563278386237,13.539020796062633,3.0232498184518772,-8.014292514659033,6.73661370389787e-14
201.2421907368674,15.676605932523808,13.53813898325264,3.0227770305099297,-8.013403086557295,8.420767129872338e-14
201.23268584246495,15.68064841579135,13.537257145224892,3.0223042625973386,-8.012513546621816,1.0104920555846805e-13
201.22318067696997,15.684690728194864,13.53637528197469,3.021831514812514,-8.011623894809007,1.1789073981821273e-13
201.21367524032948,15.688732869740338,13.535493393497347,3.0213587872538543,-8.010734131075251,1.347322740779574e-13
201.20416953249054,15.692774840433769,13.534611479788165,3.020886080019729,-8.009844255376908,1.6841534259744676e-14
201.19466355340018,15.696816640281183,13.533729540842446,3.0204133932085013,-8.008954267670322,1.347322740779574e-13
201.18515730300544,15.70085826928858,13.532847576655499,3.0199407269185086,-8.0080641679118,6.73661370389787e-14
201.17565078125332,15.704899727462001,13.531965587222631,3.019468081248072,-8.007173956057633,8.420767129872338e-14
201.16614398809088,15.70894101480749,13.531083572539144,3.018995456295493,-8.00628363206409,8.420767129872338e-14
201.1566369234651,15.712982131331069,13.530201532600344,3.0185228521590597,-8.005393195887414,5.0524602779234026e-14
201.147129587323,15.717023077038812,13.529319467401542,3.0180502689370297,-8.004502647483818,8.420767129872338e-14
201.1376219796116,15.721063851936767,13.528437376938033,3.0175777067276623,-8.003611986809505,1.1789073981821273e-13
201.12811410027783,15.725104456031012,13.527555261205134,3.017105165629177,-8.002721213820637,1.347322740779574e-13
201.1186059492687,15.729144889327626,13.526673120198138,3.016632645739791,-8.001830328473373,1.515738083377021e-13
201.10909752653117,15.73318515183269,13.52579095391236,3.016160147157692,-8.000939330723826,3.368306851948935e-14
201.09958883201227,15.737225243552306,13.5249087623431,3.015687669981057,-8.000048220528102,1.1789073981821273e-13
201.09007986565888,15.741265164492566,13.52402654548567,3.0152152143080397,-7.999156997842271,6.73661370389787e-14
201.080570627418,15.745304914659599,13.523144303335368,3.0147427802367766,-7.998265662622395,6.73661370389787e-14
201.0710611172366,15.749344494059512,13.522262035887504,3.0142703678653895,-7.997374214824491,1.6841534259744676e-14
201.06155133506158,15.753383902698435,13.521379743137386,3.0137979772919743,-7.996482654404567,8.420767129872338e-14
201.05204128083986,15.757423140582514,13.52049742508031,3.013325608614618,-7.995590981318608,3.368306851948935e-14
201.0425309545184,15.761462207717885,13.519615081711589,3.0128532619313786,-7.994699195522564,5.0524602779234026e-14
201.03302035604418,15.765501104110708,13.518732713026527,3.0123809373403034,-7.9938072969723715,1.8525687685719145e-13
201.02350948536397,15.769539829767146,13.517850319020425,3.0119086349394184,-7.99291528562394,3.368306851948935e-14
201.01399834242474,15.773578384693364,13.516967899688598,3.011436354826734,-7.992023161433147,1.0104920555846805e-13
201.00448692717345,15.77761676889555,13.516085455026342,3.0109640971002354,-7.991130924355859,3.368306851948935e-14
200.9949752395569,15.781654982379877,13.515202985028969,3.010491861857896,-7.990238574347912,1.0104920555846805e-13
200.98546327952204,15.785693025152561,13.514320489691778,3.010019649197668,-7.989346111365117,1.515738083377021e-13
200.9759510470157,15.789730897219792,13.513437969010083,3.0095474592174862,-7.988453535363264,3.368306851948935e-14
200.9664385419848,15.793768598587791,13.512555422979183,3.0090752920152615,-7.9875608462981145,6.73661370389787e-14
200.95692576437614,15.797806129262773,13.511672851594382,3.0086031476888975,-7.9866680441254125,1.6841534259744676e-14
200.94741271413665,15.801843489250974,13.510790254850988,3.008131026336268,-7.985775128800873,3.368306851948935e-14
200.9378993912131,15.805880678558628,13.509907632744314,3.007658928055232,-7.984882100280188,8.420767129872338e-14
200.92838579555243,15.809917697191981,13.509024985269651,3.0071868529436347,-7.983988958519025,1.1789073981821273e-13
200.91887192710138,15.813954545157296,13.508142312422311,3.006714801099297,-7.983095703473032,8.420767129872338e-14
200.90935778580683,15.817991222460831,13.507259614197606,3.006242772620023,-7.982202335097824,1.1789073981821273e-13
200.89984337161556,15.822027729108859,13.506376890590829,3.0057707676035976,-7.981308853348999,8.420767129872338e-14
200.8903286844744,15.826064065107657,13.505494141597298,3.005298786147787,-7.98041525818213,5.0524602779234026e-14
200.88081372433024,15.83010023046352,13.504611367212311,3.0048268283503434,-7.97952154955276,1.1789073981821273e-13
200.87129849112975,15.834136225182744,13.503728567431173,3.004354894308994,-7.978627727416418,6.73661370389787e-14
200.8617829848198,15.838172049271632,13.502845742249189,3.0038829841214496,-7.977733791728603,1.6841534259744677e-13
200.85226720534712,15.842207702736506,13.501962891661671,3.003411097885405,-7.976839742444785,8.420767129872338e-14
200.84275115265854,15.846243185583674,13.50108001566392,3.0029392356985314,-7.975945579520416,8.420767129872338e-14
200.83323482670082,15.850278497819483,13.50019711425124,3.0024673976584855,-7.975051302910926,1.6841534259744677e-13
200.8237182274207,15.85431363945027,13.499314187418937,3.0019955838629078,-7.9741569125717175,6.73661370389787e-14
200.81420135476498,15.858348610482377,13.49843123516232,3.0015237944094113,-7.973262408458166,8.420767129872338e-14
200.80468420868036,15.86238341092216,13.497548257476689,3.001052029395597,-7.972367790525626,1.0104920555846805e-13
200.7951667891136,15.866418040775997,13.496665254357355,3.000580288919045,-7.9714730587294245,5.0524602779234026e-14
200.78564909601147,15.870452500050247,13.49578222579962,3.000108573077321,-7.970578213024872,3.368306851948935e-14
200.77613112932062,15.874486788751298,13.49489917179879,2.999636881967966,-7.969683253367244,3.368306851948935e-14
200.76661288898785,15.878520906885539,13.494016092350172,2.9991652156885054,-7.968788179711801,1.347322740779574e-13
200.75709437495982,15.882554854459379,13.493132987449068,2.998693574336444,-7.967892992013775,1.347322740779574e-13
200.7475755871833,15.886588631479214,13.492249857090782,2.9982219580092737,-7.966997690228377,1.1789073981821273e-13
200.7380565256049,15.89062223795146,13.491366701270628,2.997750366804459,-7.9661022743107806,8.420767129872338e-14
200.72853719017138,15.894655673882552,13.490483519983904,2.99727880081945,-7.965206744216155,1.1789073981821273e-13
200.7190175808294,15.898688939278918,13.489600313225917,2.996807260151682,-7.9643110998996285,8.420767129872338e-14
200.7094976975256,15.902722034146995,13.488717080991975,2.9963357448985666,-7.963415341316315,5.0524602779234026e-14
200.69997754020673,15.906754958493236,13.487833823277382,2.995864255157495,-7.962519468421302,6.73661370389787e-14
200.6904571088194,15.910787712324097,13.486950540077446,2.995392791025843,-7.961623481169647,1.1789073981821273e-13
200.68093640331028,15.914820295646047,13.486067231387466,2.994921352600973,-7.960727379516391,1.0104920555846805e-13
200.67141542362603,15.91885270846557,13.48518389720275,2.9944499399802162,-7.959831163416544,8.420767129872338e-14
200.66189416971324,15.922884950789141,13.484300537518607,2.9939785532608942,-7.9589348328250935,6.73661370389787e-14
200.6523726415186,15.92691702262325,13.483417152330338,2.993507192540308,-7.9580383876970044,6.73661370389787e-14
200.64285083898872,15.93094892397441,13.48253374163325,2.9930358579157392,-7.957141827987218,1.6841534259744676e-14
200.63332876207022,15.934980654849122,13.481650305422649,2.9925645494844506,-7.956245153650649,0.0
200.62380641070973,15.939012215253898,13.480766843693843,2.992093267343682,-7.955348364642182,3.368306851948935e-14
200.61428378485382,15.943043605195278,13.479883356442128,2.9916220115906653,-7.954451460916694,1.0104920555846805e-13
200.60476088444912,15.947074824679788,13.478999843662823,2.9911507823226042,-7.953554442429015,1.0104920555846805e-13
200.59523770944216,15.951105873713978,13.47811630535122,2.9906795796366867,-7.952657309133965,1.0104920555846805e-13
200.5857142597796,15.955136752304394,13.477232741502634,2.990208403630081,-7.951760060986336,1.0104920555846805e-13
200.576190535408,15.959167460457602,13.47634915211237,2.9897372543999365,-7.950862697940898,1.1789073981821273e-13
200.56666653627386,15.96319799818017,13.475465537175728,2.9892661320433866,-7.94996521995239,1.1789073981821273e-13
200.5571422623238,15.96722836547867,13.474581896688017,2.9887950366575424,-7.949067626975531,1.515738083377021e-13
200.54761771350434,15.971258562359703,13.473698230644539,2.9883239683395004,-7.948169918965019,8.420767129872338e-14
200.53809288976208,15.975288588829846,13.472814539040602,2.987852927186332,-7.947272095875521,3.368306851948935e-14
200.52856779104354,15.979318444895707,13.471930821871515,2.9873819132950916,-7.946374157661675,1.1789073981821273e-13
200.5190424172952,15.983348130563915,13.471047079132578,2.9869109267628184,-7.945476104278109,1.6841534259744676e-14
200.50951676846367,15.987377645841065,13.4701633108191,2.9864399676865334,-7.944577935679414,8.420767129872338e-14
200.49999084449541,15.991406990733802,13.469279516926383,2.9859690361632314,-7.943679651820158,6.73661370389787e-14
200.49046464533694,15.995436165248757,13.468395697449733,2.9854981322898966,-7.9427812526548935,5.0524602779234026e-14
200.48093817093476,15.999465169392577,13.467511852384458,2.9850272561634896,-7.941882738138135,3.368306851948935e-14
200.47141142123536,16.003494003171923,13.466627981725862,2.9845564078809512,-7.940984108224382,5.0524602779234026e-14
200.46188439618524,16.007522666593445,13.46574408546925,2.984085587539207,-7.9400853628681025,1.6841534259744677e-13
200.4523570957309,16.011551159663828,13.464860163609933,2.983614795235159,-7.939186502023745,8.420767129872338e-14
200.44282951981876,16.01557948238975,13.463976216143204,2.9831440310656983,-7.938287525645735,1.0104920555846805e-13
200.43330166839533,16.01960763477789,13.463092243064377,2.9826732951276878,-7.937388433688463,1.1789073981821273e-13
200.42377354140703,16.023635616834955,13.462208244368759,2.9822025875179783,-7.936489226106305,1.347322740779574e-13
200.41424513880034,16.02766342856765,13.46132422005165,2.981731908333396,-7.935589902853607,1.515738083377021e-13
200.40471646052168,16.031691069982678,13.460440170108358,2.981261257670754,-7.934690463884695,8.420767129872338e-14
200.39518750651754,16.035718541086784,13.45955609453419,2.980790635626844,-7.933790909153862,3.368306851948935e-14
200.38565827673426,16.03974584188668,13.458671993324451,2.9803200422984326,-7.932891238615381,3.368306851948935e-14
200.37612877111837,16.043772972389107,13.457787866474442,2.979849477782279,-7.931991452223503,8.420767129872338e-14
200.3665989896162,16.047799932600828,13.456903713979475,2.979378942175116,-7.93109154993245,1.1789073981821273e-13
200.35706893217414,16.051826722528588,13.456019535834852,2.9789084355736595,-7.930191531696421,1.347322740779574e-13
200.34753859873868,16.05585334217916,13.455135332035878,2.9784379580746037,-7.929291397469587,3.368306851948935e-14
200.33800798925614,16.059879791559315,13.454251102577858,2.9779675097746288,-7.9283911472061,6.73661370389787e-14
200.32847710367292,16.063906070675827,13.453366847456099,2.9774970907703917,-7.927490780860078,1.8525687685719145e-13
200.3189459419354,16.067932179535507,13.452482566665907,2.9770267011585307,-7.926590298385623,1.515738083377021e-13
200.30941450398993,16.07195811814514,13.451598260202585,2.97655634103567,-7.925689699736811,1.1789073981821273e-13
200.2998827897829,16.075983886511544,13.450713928061443,2.976086010498404,-7.924788984867684,8.420767129872338e-14
200.29035079926066,16.080009484641533,13.44982957023778,2.975615709643326,-7.923888153732273,6.73661370389787e-14
200.28081853236955,16.084034912541913,13.44894518672691,2.9751454385669875,-7.92298720628457,1.1789073981821273e-13
200.27128598905588,16.088060170219556,13.448060777524125,2.9746751973659418,-7.922086142478554,6.73661370389787e-14
200.26175316926606,16.092085257681276,13.44717634262474,2.9742049861367064,-7.921184962268171,1.8525687685719145e-13
200.2522200729463,16.096110174933937,13.446291882024065,2.9737348049757957,-7.920283665607343,1.515738083377021e-13
200.242686700043,16.100134921984406,13.44540739571739,2.973264653979692,-7.919382252449973,0.0
200.23315305050247,16.104159498839536,13.444522883700039,2.9727945332448615,-7.91848072274993,0.0
200.22361912427098,16.10818390550621,13.44363834596731,2.9723244428677535,-7.917579076461058,1.8525687685719145e-13
200.2140849212948,16.112208141991314,13.442753782514501,2.9718543829448034,-7.916677313537193,1.6841534259744676e-14
200.2045504415203,16.116232208301746,13.441869193336924,2.971384353572416,-7.915775433932122,6.73661370389787e-14
200.19501568489366,16.120256104444405,13.44098457842988,2.9709143548469856,-7.914873437599624,1.347322740779574e-13
200.18548065136122,16.124279830426204,13.440099937788686,2.9704443868648824,-7.913971324493442,1.6841534259744677e-13
200.1759453408692,16.128303386254068,13.439215271408633,2.969974449722465,-7.913069094567305,6.73661370389787e-14
200.1664097533639,16.13232677193492,13.438330579285035,2.9695045435160607,-7.912166747774906,6.73661370389787e-14
200.15687388879152,16.136349987475697,13.437445861413197,2.969034668341988,-7.911264284069914,6.73661370389787e-14
200.14733774709833,16.140373032883353,13.43656111778842,2.968564824296544,-7.910361703405983,6.73661370389787e-14
200.13780132823058,16.144395908164835,13.435676348406012,2.968095011476005,-7.909459005736734,6.73661370389787e-14
200.12826463213446,16.148418613327113,13.43479155326128,2.967625229976625,-7.908556191015762,6.73661370389787e-14
200.11872765875617,16.15244114837715,13.433906732349527,2.9671554798946467,-7.907653259196636,3.368306851948935e-14
200.109190408042,16.156463513321935,13.433021885666061,2.966685761326288,-7.906750210232908,1.6841534259744676e-14
200.09965287993808,16.16048570816846,13.432137013206182,2.9662160743677495,-7.905847044078095,6.73661370389787e-14
200.0901150743906,16.164507732923703,13.431252114965208,2.9657464191152108,-7.904943760685691,1.0104920555846805e-13
200.08057699134582,16.168529587594694,13.43036719093843,2.965276795664834,-7.904040360009171,5.0524602779234026e-14
200.07103863074988,16.172551272188443,13.429482241121159,2.964807204112761,-7.903136842001977,6.73661370389787e-14
200.06149999254896,16.176572786711958,13.428597265508703,2.9643376445551173,-7.902233206617527,1.1789073981821273e-13
200.05196107668917,16.180594131172295,13.42771226409636,2.963868117088004,-7.901329453809225,8.420767129872338e-14
200.04242188311673,16.184615305576475,13.42682723687945,2.96339862180751,-7.900425583530429,1.0104920555846805e-13
200.03288241177776,16.18863630993157,13.425942183853259,2.9629291588096986,-7.899521595734493,6.73661370389787e-14
200.02334266261846,16.192657144244606,13.425057105013112,2.96245972819061,-7.898617490374724,1.6841534259744677e-13
200.01380263558485,16.196677808522686,13.424172000354297,2.961990330046284,-7.8977132674044235,5.0524602779234026e-14
200.00426233062313,16.200698302772857,13.423286869872133,2.9615209644727183,-7.896808926776856,6.73661370389787e-14
199.99472174767948,16.20471862700222,13.422401713561912,2.9610516315659066,-7.895904468445267,1.1789073981821273e-13
