galstreams/tracks/track.st.Kshir.ibata2021.ecsv
# %ECSV 1.0
# ---
# datatype:
# - {name: ra, unit: deg, datatype: float64}
# - {name: dec, unit: deg, datatype: float64}
# - {name: distance, unit: kpc, datatype: float64}
# - {name: pm_ra_cosdec, unit: mas / yr, datatype: float64}
# - {name: pm_dec, unit: mas / yr, datatype: float64}
# - {name: radial_velocity, unit: km / s, datatype: float64}
# delimiter: ','
# meta: !!omap
# - __serialized_columns__:
#     dec:
#       __class__: astropy.coordinates.angles.Latitude
#       unit: &id001 !astropy.units.Unit {unit: deg}
#       value: !astropy.table.SerializedColumn {name: dec}
#     distance:
#       __class__: astropy.coordinates.distances.Distance
#       unit: !astropy.units.Unit {unit: kpc}
#       value: !astropy.table.SerializedColumn {name: distance}
#     pm_dec:
#       __class__: astropy.units.quantity.Quantity
#       unit: !astropy.units.Unit {unit: mas / yr}
#       value: !astropy.table.SerializedColumn {name: pm_dec}
#     pm_ra_cosdec:
#       __class__: astropy.units.quantity.Quantity
#       unit: !astropy.units.Unit {unit: mas / yr}
#       value: !astropy.table.SerializedColumn {name: pm_ra_cosdec}
#     ra:
#       __class__: astropy.coordinates.angles.Longitude
#       unit: *id001
#       value: !astropy.table.SerializedColumn {name: ra}
#       wrap_angle: !astropy.coordinates.Angle
#         unit: *id001
#         value: 360.0
#     radial_velocity:
#       __class__: astropy.units.quantity.Quantity
#       unit: !astropy.units.Unit {unit: km / s}
#       value: !astropy.table.SerializedColumn {name: radial_velocity}
# schema: astropy-2.0
ra,dec,distance,pm_ra_cosdec,pm_dec,radial_velocity
[from data line 995]
218.1000660678946,68.2621429468569,10.926618650017552,-7.523138301117154,-2.2077551619209848,-217.33335272599012
218.12697621505967,68.26300427286327,10.928465533744873,-7.5226192550248,-2.204049944051108,-217.225081955902
218.15388852984643,68.26386066357156,10.93031051975789,-7.5220989513144545,-2.200344765298965,-217.11730331805046
218.1808030009945,68.264712115082,10.93215359604194,-7.521577388102967,-2.196639628821172,-217.01002103820102
218.2077196172221,68.26555862349748,10.933994750582348,-7.52105456351164,-2.1929345377788154,-216.90323934211932
218.2346383672262,68.26640018492361,10.935833971364438,-7.520530475666208,-2.1892294953374067,-216.79696245557093
218.26155923968258,68.2672367954686,10.937671246373537,-7.520005122696856,-2.18552450466692,-216.6911946043213
218.28848222324564,68.26806845124347,10.939506563594975,-7.519478502738233,-2.181819568941749,-216.58594001413604
218.3154073065487,68.26889514836186,10.941339911014074,-7.518950613929465,-2.178114691340717,-216.48120291078072
218.3423344782038,68.26971688294017,10.943171276616159,-7.518421454414155,-2.1744098750470577,-216.37698752002083
218.36926372680185,68.27053365109751,10.945000648386564,-7.5178910223404065,-2.1707051232484122,-216.27329806762202
218.39619504091257,68.27134544895571,10.94682801431061,-7.517359315860818,-2.167000439136825,-216.17013877934968
218.42312840908457,68.27215227263937,10.948653362373625,-7.516826333132503,-2.163295825908727,-216.0675138809695
218.45006381984535,68.2729541182758,10.950476680560932,-7.516292072317093,-2.159591286764935,-215.96542759824686
218.4770012617014,68.27375098199512,10.952297956857862,-7.5157565315807595,-2.15588682491063,-215.86388415694748
218.503940723138,68.27454285993014,10.95411717924974,-7.515219709094211,-2.1521824435553665,-215.76288778283683
218.53088219261952,68.2753297482165,10.955934335721892,-7.514681603032709,-2.1484781459130513,-215.66244270168048
218.5578256585892,68.27611164299257,10.957749414259643,-7.51414221157607,-2.1447739352019495,-215.56255313924387
218.58477110946947,68.27688854039957,10.959562402848324,-7.513601532908689,-2.1410698146446414,-215.46322332129273
218.61171853366162,68.27766043658147,10.961373289473258,-7.513059565219548,-2.137365787468064,-215.3644574735925
218.63866791954607,68.27842732768505,10.96318206211977,-7.512516306702196,-2.133661856903462,-215.2662598219088
218.66561925548228,68.27918920985992,10.964988708773193,-7.511971755554812,-2.1299580261863964,-215.16863459200698
218.6925725298089,68.2799460792585,10.966793217418848,-7.511425909980164,-2.126254298556733,-215.07158600965292
218.71952773084362,68.28069793203602,10.96859557604206,-7.510878768185652,-2.122550677258631,-214.97511830061185
218.7464848468833,68.28144476435058,10.970395772628159,-7.510330328383295,-2.1188471655405436,-214.87923569064944
218.773443866204,68.28218657236312,10.972193795162472,-7.509780588789759,-2.115143766655196,-214.78394240553115
218.80040477706098,68.28292335223738,10.973989631630324,-7.509229547626359,-2.11144048385958,-214.6892426710228
218.8273675676887,68.28365510014002,10.97578327001704,-7.508677203119063,-2.107737320414959,-214.59514071288973
218.85433222630087,68.28438181224055,10.97757469830795,-7.508123553498509,-2.1040342795868385,-214.50164075689736
218.88129874109052,68.28510348471137,10.979363904488377,-7.507568597000015,-2.100331364644969,-214.40874702881152
218.90826710022998,68.28582011372772,10.98115087654365,-7.50701233186359,-2.0966285788633288,-214.31646375439766
218.93523729187078,68.28653169546777,10.982935602459094,-7.506454756333927,-2.09292592552014,-214.22479515942118
218.96220930414395,68.28723822611259,10.984718070220037,-7.505895868660433,-2.0892234078978182,-214.1337454696478
218.98918312515983,68.28793970184614,10.986498267811804,-7.50533566709724,-2.0855210292829964,-214.04331891084306
219.0161587430082,68.2886361188553,10.988276183219721,-7.50477414990319,-2.081818792966504,-213.95351970877238
219.04313614575818,68.28932747332989,10.990051804429113,-7.504211315341871,-2.078116702243359,-213.86435208920136
219.07011532145845,68.29001376146266,10.991825119425316,-7.503647161681604,-2.0744147604127567,-213.77582027789566
219.09709625813704,68.29069497944927,10.993596116193643,-7.503081687195479,-2.070712970778066,-213.68792850062061
219.12407894380166,68.29137112348836,10.99536478271943,-7.502514890161336,-2.067011336646806,-213.60068098314204
219.1510633664394,68.29204218978151,10.997131106987998,-7.501946768861796,-2.063309861330663,-213.51408195122525
219.17804951401692,68.29270817453327,10.99889507698468,-7.50137732158426,-2.0596085481454574,-213.42813563063584
219.20503737448058,68.29336907395117,11.000656680694792,-7.500806546620922,-2.055907400411135,-213.34284624713953
219.2320269357562,68.29402488424572,11.002415906103671,-7.5002344422687655,-2.05220642145178,-213.25821802650165
219.25901818574934,68.29467560163036,11.00417274119664,-7.499661006829605,-2.048505614595582,-213.17425519448778
219.2860111123452,68.29532122232163,11.005927173959021,-7.49908623861006,-2.044804983174833,-213.09096197686358
219.3130057034086,68.29596174253899,11.007679192376145,-7.498510135921585,-2.041104530525925,-213.00834259939452
219.3400019467842,68.29659715850495,11.00942878443334,-7.497932697080467,-2.037404259989337,-212.9264012878462
219.36699983029632,68.29722746644501,11.011175938115928,-7.4973539204078445,-2.0337041749096176,-212.8451422679841
219.39399934174907,68.29785266258774,11.012920641409236,-7.4967738042297105,-2.03000427863539,-212.76456976557373
219.42100046892637,68.2984727431647,11.014662882298596,-7.496192346876931,-2.0263045745193278,-212.68468800638075
219.4480031995919,68.2990877044105,11.016402648769327,-7.495609546685245,-2.022605065918154,-212.6055012161708
219.47500752148935,68.29969754256284,11.018139928806763,-7.495025401995266,-2.0189057561926287,-212.5270136207091
219.50201342234215,68.30030225386244,11.019874710396223,-7.494439911152513,-2.0152066487075455,-212.4492294457615
219.52902088985365,68.30090183455312,11.021606981523037,-7.493853072507404,-2.0115077468317137,-212.37215291709327
219.55602991170724,68.3014962808817,11.023336730172533,-7.493264884415272,-2.007809053937942,-212.2957882604703
219.5830404755662,68.30208558909817,11.025063944330036,-7.492675345236361,-2.004110573403053,-212.22013970165793
219.61005256907376,68.30266975545555,11.026788611980873,-7.4920844533358535,-2.0004123086078502,-212.14521146642159
219.63706617985332,68.30324877621003,11.028510721110369,-7.49149220708388,-1.9967142629371084,-212.0710077805272
219.6640812955082,68.3038226476208,11.03023025970385,-7.490898604855499,-1.9930164397795926,-211.99753286973993
219.69109790362182,68.30439136595024,11.03194721574664,-7.49030364503075,-1.989318842528012,-211.92479095982551
219.7181159917578,68.30495492746385,11.033661577224079,-7.489707325994609,-1.9856214745790233,-211.85278627654944
219.74513554745982,68.30551332843021,11.035373332121479,-7.489109646137062,-1.981924339333235,-211.78152304567735
219.7721565582517,68.30606656512106,11.037082468424174,-7.4885106038530544,-1.978227440195176,-211.71100549297458
219.7991790116376,68.30661463381132,11.038788974117484,-7.487910197542535,-1.9745307805732943,-211.64123784420687
219.82620289510177,68.307157530779,11.04049283718674,-7.487308425610458,-1.9708343638799544,-211.57222432513979
219.85322819610874,68.30769525230531,11.042194045617267,-7.48670528646678,-1.967138193531415,-211.50396916153878
219.88025490210336,68.30822779467461,11.043892587394392,-7.4861007785264855,-1.9634422729478263,-211.43647657916932
219.90728300051086,68.30875515417448,11.045588450503441,-7.485494900209584,-1.9597466055532093,-211.36975080379722
219.93431247873664,68.30927732709559,11.047281622929745,-7.484887649941129,-1.9560511947754713,-211.3037960611877
219.96134332416665,68.3097943097319,11.048972092658627,-7.484279026151209,-1.9523560440463628,-211.2386165771066
219.9883755241672,68.31030609838048,11.050659847675407,-7.483669027274987,-1.9486611568014907,-211.17421657731927
220.015409066085,68.3108126893417,11.05234487596542,-7.483057651752669,-1.944966536480298,-211.11060028759138
220.04244393724724,68.31131407891903,11.054027165513991,-7.482444898029552,-1.9412721865260525,-211.04777193368832
220.06948012496164,68.31181026341929,11.055706704306447,-7.481830764556005,-1.937578110385847,-210.9857357413758
220.09651761651642,68.3123012391524,11.057383480328113,-7.481215249787493,-1.9338843115105753,-210.92449593641925
220.12355639918042,68.31278700243163,11.059057481564311,-7.480598352184578,-1.9301907933549283,-210.8640567445844
220.15059646020296,68.31326754957341,11.060728696000377,-7.479980070212931,-1.9264975593773899,-210.8044223916365
220.17763778681413,68.31374287689748,11.062397111621628,-7.479360402343341,-1.9228046130402114,-210.74559710334134
220.20468036622455,68.31421298072678,11.064062716413394,-7.478739347051725,-1.9191119578094151,-210.68758510546442
220.2317241856256,68.31467785738757,11.06572549836101,-7.478116902819119,-1.9154195971547758,-210.63039062377132
220.25876923218937,68.31513750320936,11.067385445449787,-7.477493068131729,-1.911727534549818,-210.57401788402743
220.28581549306864,68.31559191452493,11.069042545665065,-7.476867841480889,-1.9080357734717892,-210.51847111199837
220.3128629553971,68.3160410876704,11.070696786992162,-7.476241221363104,-1.904344317401671,-210.46375453344973
220.3399116062891,68.31648501898513,11.072348157416407,-7.475613206280043,-1.9006531698241536,-210.4098723741471
220.36696143283996,68.3169237048118,11.073996644923128,-7.474983794738558,-1.8969623342276298,-210.35682885985602
220.39401242212585,68.31735714149642,11.075642237497647,-7.474352985250679,-1.8932718141041778,-210.3046282163419
220.42106456120376,68.31778532538831,11.077284923125296,-7.473720776333632,-1.8895816129495737,-210.2532746693704
220.44811783711182,68.31820825284012,11.0789246897914,-7.473087166509851,-1.8858917342632349,-210.20277244470702
220.47517223686893,68.31862592020784,11.080561525481283,-7.472452154306975,-1.8822021815482672,-210.1531257681174
220.5022277474751,68.31903832385075,11.082195418180273,-7.471815738257866,-1.87851295831141,-210.10433886536686
220.5292843559114,68.31944546013153,11.083826355873695,-7.471177916900611,-1.874824068063042,-210.05641596222114
220.55634204913994,68.31984732541628,11.085454326546879,-7.470538688778534,-1.87113551431716,-210.00936128444582
220.58340081410395,68.3202439160743,11.087079318185152,-7.469898052440202,-1.8674473005913956,-209.9631790578063
220.6104606377278,68.32063522847842,11.088701318773836,-7.469256006439437,-1.8637594304069676,-209.91787350806825
220.63752150691704,68.32102125900477,11.090320316298259,-7.468612549335324,-1.8600719072886995,-209.87344886099714
220.66458340855846,68.32140200403286,11.091936298743748,-7.467967679692211,-1.8563847347649898,-209.82990934235866
220.69164632952004,68.32177745994565,11.093549254095631,-7.467321396079726,-1.8526979163678132,-209.78725917791817
220.71871025665104,68.32214762312945,11.095159170339235,-7.466673697072785,-1.849011455632705,-209.74550259344136
220.7457751767821,68.322512489974,11.096766035459877,-7.466024581251601,-1.8453253560987501,-209.70464381469364
220.77284107672511,68.32287205687246,11.098369837442895,-7.465374047201674,-1.8416396213085704,-209.6646870674405
220.7999079432735,68.32322632022141,11.099970564273612,-7.464722093513832,-1.8379542548083116,-209.6256365774478
220.82697576320186,68.32357527642085,11.10156820393735,-7.464068718784212,-1.8342692601476462,-209.5874965704808
220.8540445232665,68.32391892187424,11.103162744419446,-7.463413921614273,-1.8305846408797384,-209.55027127230522
220.88111421020506,68.32425725298847,11.104754173705214,-7.4627577006108226,-1.8269004005612572,-209.51396490868652
220.90818481073669,68.3245902661739,11.106342479779988,-7.462100054385996,-1.8232165427523526,-209.47858170539013
220.9352563115622,68.3249179578443,11.107927650629094,-7.461440981557293,-1.8195330710166349,-209.44412588818196
220.96232869936387,68.32524032441701,11.109509674237856,-7.460780480747555,-1.8158499889211912,-209.41060168282715
220.98940196080568,68.32555736231272,11.111088538591602,-7.460118550585005,-1.8121673000365432,-209.3780133150915
221.0164760825333,68.32586906795571,11.112664231675657,-7.459455189703229,-1.8084850079366537,-209.3463650107404
221.04355105117398,68.32617543777367,11.11423674147535,-7.4587903967412075,-1.8048031161989182,-209.31566099553953
221.07062685333685,68.32647646819787,11.115806055976005,-7.458124170343298,-1.8011216284041367,-209.2859054952544
221.09770347561263,68.32677215566298,11.117372163162951,-7.457456509159261,-1.7974405481365185,-209.25710273565056
221.124780904574,68.32706249660728,11.118935051021513,-7.456787411844269,-1.7937598789836617,-209.22925694249352
221.1518591267754,68.32734748747251,11.120494707537018,-7.456116877058898,-1.7900796245365431,-209.20237234154888
221.17893812875317,68.32762712470395,11.122051120694792,-7.455444903469155,-1.7863997883895149,-209.1764531585821
221.2060178970256,68.32790140475043,11.12360427848016,-7.454771489746465,-1.7827203741402773,-209.15150361935883
221.2330984180928,68.32817032406432,11.125154168878447,-7.454096634567701,-1.7790413853898779,-209.12752794964447
221.26017967843697,68.3284338791015,11.126700779874987,-7.453420336615173,-1.7753628257427037,-209.10453037520475
221.28726166452236,68.32869206632142,11.128244099455102,-7.4527425945766455,-1.7716846988064572,-209.0825151218052
221.3143443627952,68.32894488218714,11.129784115604117,-7.452063407145342,-1.7680070081921537,-209.06148641521122
221.3414277596838,68.32919232316522,11.131320816307358,-7.4513827730199615,-1.7643297575141084,-209.04144848118847
221.36851184159866,68.32943438572585,11.132854189550157,-7.450700690904659,-1.760652950389923,-209.0224055455024
221.3955965949325,68.32967106634277,11.134384223317834,-7.450017159509095,-1.7569765904404682,-209.00436183391864
221.4226820060601,68.32990236149332,11.135910905595718,-7.4493321775484045,-1.7533006812898877,-208.98732157220275
221.44976806133863,68.33012826765845,11.137434224369137,-7.4486457437432225,-1.7496252265655667,-208.97128898612021
221.4768547471074,68.33034878132271,11.138954167623417,-7.447957856819697,-1.7459502298981437,-208.9562683014366
221.5039420496882,68.33056389897423,11.140470723343883,-7.44726851550948,-1.7422756949214695,-208.94226374391758
221.531029955385,68.33077361710482,11.141983879515863,-7.446577718549747,-1.7386016252726215,-208.92927953932855
221.55811845048427,68.33097793220986,11.143493624124682,-7.445885464683201,-1.7349280245918812,-208.9173199134349
221.58520752125497,68.3311768407884,11.144999945155666,-7.4451917526580775,-1.7312548965227084,-208.9063890920026
221.6122971539484,68.3313703393431,11.146502830594143,-7.444496581228161,-1.7275822447117628,-208.89649130079692
221.6393873347984,68.33155842438029,11.148002268425444,-7.443799949152771,-1.723910072808858,-208.88763076558348
221.66647805002148,68.33174109240994,11.149498246634883,-7.443101855196803,-1.7202383844669666,-208.87981171212775
221.6935692858166,68.33191833994572,11.150990753207802,-7.442402298130702,-1.7165671833422091,-208.87303836619537
221.72066102836533,68.33209016350489,11.152479776129512,-7.441701276730491,-1.7128964730938399,-208.86731495355178
221.74775326383204,68.33225655960845,11.15396530338535,-7.440998789777767,-1.7092262573842183,-208.8626456999627
221.77484597836371,68.33241752478108,11.155447322960638,-7.44029483605972,-1.7055565398788284,-208.85903483119353
221.80193915809002,68.33257305555111,11.156925822840705,-7.439589414369118,-1.7018873242462427,-208.85648657300985
221.82903278912357,68.33272314845058,11.158400791010875,-7.438882523504349,-1.6982186141581155,-208.85500515117724
