galstreams/tracks/track.st.Jhelum-b.bonaca2019.ecsv
# %ECSV 0.9
# ---
# datatype:
# - {name: ra, unit: deg, datatype: float64}
# - {name: dec, unit: deg, datatype: float64}
# - {name: distance, unit: kpc, datatype: float64}
# - {name: pm_ra_cosdec, unit: mas / yr, datatype: float64}
# - {name: pm_dec, unit: mas / yr, datatype: float64}
# - {name: radial_velocity, unit: km / s, datatype: float64}
# delimiter: ','
# meta: !!omap
# - __serialized_columns__:
#     dec:
#       __class__: astropy.coordinates.angles.Latitude
#       unit: &id001 !astropy.units.Unit {unit: deg}
#       value: !astropy.table.SerializedColumn {name: dec}
#     distance:
#       __class__: astropy.coordinates.distances.Distance
#       unit: !astropy.units.Unit {unit: kpc}
#       value: !astropy.table.SerializedColumn {name: distance}
#     pm_dec:
#       __class__: astropy.units.quantity.Quantity
#       unit: !astropy.units.Unit {unit: mas / yr}
#       value: !astropy.table.SerializedColumn {name: pm_dec}
#     pm_ra_cosdec:
#       __class__: astropy.units.quantity.Quantity
#       unit: !astropy.units.Unit {unit: mas / yr}
#       value: !astropy.table.SerializedColumn {name: pm_ra_cosdec}
#     ra:
#       __class__: astropy.coordinates.angles.Longitude
#       unit: *id001
#       value: !astropy.table.SerializedColumn {name: ra}
#       wrap_angle: !astropy.coordinates.Angle
#         unit: *id001
#         value: 360.0
#     radial_velocity:
#       __class__: astropy.units.quantity.Quantity
#       unit: !astropy.units.Unit {unit: km / s}
#       value: !astropy.table.SerializedColumn {name: radial_velocity}
# schema: astropy-2.0
ra,dec,distance,pm_ra_cosdec,pm_dec,radial_velocity
[from data line 1386]
345.03947725393857,-50.72244577631245,12.999999999999991,6.718692023487894,-4.753834487376908,-1.0104920555846805e-13
345.02394640757933,-50.72060259641601,12.999999999999993,6.71779826215658,-4.755025930617852,-3.368306851948935e-14
345.0084167545144,-50.71875745221161,12.999999999999991,6.716904173898185,-4.756216990153618,-3.368306851948935e-14
344.99288829583895,-50.716910343987884,12.99999999999999,6.716009758980574,-4.757407665694935,1.6841534259744676e-14
344.9773610326475,-50.71506127203374,12.99999999999999,6.715115017671743,-4.758597956952736,-3.368306851948935e-14
344.96183496603373,-50.71321023663831,12.99999999999999,6.7142199502397535,-4.759787863638228,1.6841534259744676e-14
344.94631009709076,-50.711357238091,12.99999999999999,6.713324556952763,-4.760977385462853,-1.1789073981821273e-13
344.9307864269112,-50.70950227668144,12.999999999999991,6.712428838079045,-4.762166522138279,-3.368306851948935e-14
344.91526395658633,-50.70764535269955,12.99999999999999,6.711532793886923,-4.763355273376465,-1.6841534259744677e-13
344.8997426872074,-50.70578646643549,12.999999999999991,6.71063642464485,-4.764543638889561,-1.6841534259744677e-13
344.8842226198645,-50.70392561817966,12.999999999999991,6.709739730621341,-4.7657316183900065,0.0
344.8687037556471,-50.70206280822273,12.999999999999991,6.708842712085015,-4.766919211590464,1.6841534259744676e-14
344.8531860956442,-50.7001980368556,12.999999999999991,6.707945369304578,-4.768106418203839,-1.1789073981821273e-13
344.8376696409438,-50.69833130436945,12.99999999999999,6.707047702548828,-4.769293237943299,-1.6841534259744676e-14
344.8221543926332,-50.696462611055686,12.999999999999991,6.706149712086653,-4.770479670522233,-1.6841534259744676e-14
344.8066403517991,-50.69459195720598,12.999999999999993,6.705251398187016,-4.7716657156543105,-8.420767129872338e-14
344.79112751952744,-50.69271934311225,12.999999999999991,6.704352761118993,-4.772851373053412,-1.1789073981821273e-13
344.7756158969037,-50.690844769066686,12.999999999999991,6.703453801151741,-4.774036642433668,6.73661370389787e-14
344.76010548501193,-50.688968235361685,12.99999999999999,6.70255451855449,-4.775221523509488,-5.0524602779234026e-14
344.7445962849364,-50.68708974228995,12.999999999999993,6.70165491359658,-4.776406015995475,6.73661370389787e-14
344.72908829775986,-50.685209290144364,12.999999999999991,6.700754986547419,-4.7775901196065345,-3.368306851948935e-14
344.7135815245648,-50.68332687921812,12.999999999999993,6.699854737676519,-4.778773834057775,-1.6841534259744677e-13
344.69807596643295,-50.68144250980466,12.999999999999991,6.6989541672534765,-4.779957159064558,-1.347322740779574e-13
344.68257162444513,-50.67955618219764,12.999999999999991,6.69805327554797,-4.781140094342512,8.420767129872338e-14
344.6670684996816,-50.677667896691005,12.999999999999991,6.69715206282977,-4.782322639607492,-1.0104920555846805e-13
344.6515665932218,-50.67577765357889,12.999999999999993,6.6962505293687204,-4.7835047945756095,-8.420767129872338e-14
344.6360659061445,-50.67388545315574,12.999999999999993,6.695348675434778,-4.784686558963217,-3.368306851948935e-14
344.62056643952786,-50.671991295716225,12.999999999999991,6.694446501297965,-4.785867932486907,-1.515738083377021e-13
344.60506819444913,-50.670095181555276,12.999999999999991,6.693544007228395,-4.7870489148635365,3.368306851948935e-14
344.58957117198497,-50.66819711096805,12.999999999999991,6.6926411934962715,-4.788229505810188,-6.73661370389787e-14
344.57407537321114,-50.66629708424997,12.99999999999999,6.691738060371874,-4.789409705044214,6.73661370389787e-14
344.558580799203,-50.664395101696705,12.999999999999991,6.690834608125582,-4.790589512283184,-5.0524602779234026e-14
344.54308745103486,-50.66249116360416,12.99999999999999,6.689930837027844,-4.791768927244949,1.6841534259744676e-14
344.52759532978047,-50.66058527026849,12.99999999999999,6.689026747349205,-4.792947949647576,3.368306851948935e-14
344.5121044365129,-50.658677421986134,12.999999999999991,6.688122339360295,-4.794126579209389,-1.0104920555846805e-13
344.4966147723044,-50.656767619053724,12.999999999999991,6.68721761333182,-4.79530481564897,0.0
344.4811263382265,-50.65485586176818,12.999999999999991,6.686312569534582,-4.79648265868513,-5.0524602779234026e-14
344.46563913534993,-50.652942150426654,12.99999999999999,6.685407208239451,-4.797660108036945,5.0524602779234026e-14
344.4501531647449,-50.65102648532652,12.999999999999991,6.684501529717389,-4.798837163423725,-6.73661370389787e-14
344.4346684274809,-50.64910886676546,12.999999999999993,6.6835955342394575,-4.800013824565019,3.368306851948935e-14
344.4191849246264,-50.647189295041336,12.999999999999991,6.682689222076766,-4.801190091180653,0.0
344.4037026572494,-50.6452677704523,12.999999999999991,6.681782593500541,-4.802365962990671,-2.3578147963642546e-13
344.3882216264172,-50.64334429329673,12.999999999999991,6.680875648782075,-4.803541439715378,3.368306851948935e-14
344.3727418331961,-50.64141886387325,12.99999999999999,6.6799683881927425,-4.8047165210753295,-8.420767129872338e-14
344.35726327865194,-50.63949148248078,12.999999999999991,6.679060812004006,-4.805891206791305,1.0104920555846805e-13
344.3417859638497,-50.63756214941837,12.99999999999999,6.678152920487408,-4.807065496584371,6.73661370389787e-14
344.3263098898538,-50.635630864985444,12.999999999999991,6.677244713914568,-4.808239390175798,8.420767129872338e-14
344.3108350577276,-50.63369762948156,12.999999999999991,6.676336192557197,-4.809412887287148,-1.6841534259744676e-14
344.29536146853405,-50.63176244320661,12.99999999999999,6.675427356687075,-4.810585987640197,-1.6841534259744677e-13
344.27988912333535,-50.62982530646072,12.999999999999991,6.67451820657608,-4.811758690956964,-5.0524602779234026e-14
344.26441802319266,-50.62788621954417,12.999999999999991,6.673608742496152,-4.812930996959759,-1.515738083377021e-13
344.2489481691669,-50.625945182757604,12.99999999999999,6.672698964719328,-4.81410290537109,-1.1789073981821273e-13
344.23347956231777,-50.62400219640182,12.99999999999999,6.67178887351771,-4.81527441591375,-1.0104920555846805e-13
344.2180122037045,-50.6220572607779,12.999999999999993,6.670878469163487,-4.816445528310755,1.6841534259744676e-14
344.20254609438564,-50.620110376187185,12.999999999999991,6.66996775192894,-4.817616242285378,5.0524602779234026e-14
344.18708123541876,-50.61816154293121,12.999999999999991,6.669056722086401,-4.818786557561154,-1.6841534259744676e-14
344.171617627861,-50.61621076131182,12.999999999999991,6.668145379908317,-4.819956473861835,-1.0104920555846805e-13
344.15615527276856,-50.61425803163101,12.999999999999991,6.667233725667183,-4.82112599091145,1.6841534259744676e-14
344.1406941711969,-50.612303354191106,12.999999999999991,6.666321759635586,-4.8222951084342665,1.6841534259744676e-14
344.12523432420096,-50.610346729294655,12.999999999999991,6.665409482086198,-4.823463826154786,-1.347322740779574e-13
344.1097757328347,-50.60838815724442,12.999999999999991,6.664496893291756,-4.8246321437977855,-5.0524602779234026e-14
344.0943183981515,-50.606427638343405,12.999999999999991,6.66358399352509,-4.825800061088261,-3.368306851948935e-14
344.07886232120387,-50.60446517289488,12.999999999999991,6.662670783059088,-4.826967577751486,-1.6841534259744676e-14
344.06340750304366,-50.60250076120235,12.999999999999991,6.661757262166733,-4.828134693512965,-6.73661370389787e-14
344.04795394472217,-50.60053440356958,12.99999999999999,6.660843431121083,-4.829301408098442,-1.6841534259744677e-13
344.0325016472897,-50.598566100300516,12.999999999999991,6.65992929019527,-4.830467721233932,8.420767129872338e-14
344.0170506117958,-50.59659585169941,12.999999999999991,6.659014839662495,-4.831633632645685,-8.420767129872338e-14
344.00160083928944,-50.59462365807072,12.99999999999999,6.658100079796053,-4.832799142060206,0.0
343.98615233081887,-50.59264951971915,12.99999999999999,6.6571850108693,-4.8339642492042385,0.0
343.9707050874314,-50.59067343694966,12.99999999999999,6.65626963315567,-4.835128953804794,-1.6841534259744677e-13
343.9552591101738,-50.58869541006743,12.99999999999999,6.655353946928686,-4.8362932555891085,-8.420767129872338e-14
343.9398144000922,-50.58671543937789,12.999999999999991,6.6544379524619375,-4.837457154284673,-8.420767129872338e-14
343.9243709582316,-50.5847335251867,12.99999999999999,6.653521650029089,-4.838620649619251,-6.73661370389787e-14
343.9089287856366,-50.58274966779979,12.999999999999993,6.652605039903876,-4.8397837413208205,-1.347322740779574e-13
343.8934878833508,-50.58076386752328,12.999999999999991,6.6516881223601185,-4.840946429117637,-6.73661370389787e-14
343.8780482524174,-50.57877612466356,12.999999999999991,6.650770897671701,-4.842108712738192,-2.020984111169361e-13
343.86260989387864,-50.576786439527275,12.999999999999991,6.649853366112602,-4.843270591911209,-8.420767129872338e-14
343.84717280877595,-50.57479481242127,12.99999999999999,6.648935527956849,-4.8444320663657034,-6.73661370389787e-14
343.8317369981503,-50.57280124365266,12.999999999999991,6.648017383478563,-4.845593135830892,-5.0524602779234026e-14
343.8163024630415,-50.57080573352877,12.999999999999991,6.647098932951921,-4.8467538000362875,-5.0524602779234026e-14
343.800869204489,-50.56880828235719,12.99999999999999,6.646180176651189,-4.8479140587116145,-1.8525687685719145e-13
343.78543722353146,-50.566808890445735,12.999999999999988,6.645261114850707,-4.849073911586851,-1.0104920555846805e-13
343.77000652120654,-50.56480755810245,12.999999999999993,6.644341747824874,-4.8502333583922494,-3.368306851948935e-14
343.7545770985514,-50.56280428563565,12.999999999999991,6.643422075848176,-4.851392398858287,-3.368306851948935e-14
343.73914895660226,-50.56079907335382,12.999999999999991,6.642502099195155,-4.852551032715711,-1.8525687685719145e-13
343.7237220963949,-50.55879192156577,12.999999999999991,6.641581818140447,-4.853709259695493,-1.6841534259744676e-14
343.7082965189642,-50.556782830580495,12.999999999999991,6.640661232958746,-4.854867079528871,-8.420767129872338e-14
343.69287222534405,-50.5547718007072,12.999999999999991,6.639740343924818,-4.856024491947333,-3.368306851948935e-14
343.677449216568,-50.552758832255414,12.999999999999991,6.638819151313511,-4.857181496682605,3.368306851948935e-14
343.6620274936685,-50.550743925534796,12.999999999999991,6.63789765539972,-4.858338093466688,-1.8525687685719145e-13
343.6466070576776,-50.54872708085532,12.99999999999999,6.6369758564584425,-4.859494282031798,-5.0524602779234026e-14
343.6311879096264,-50.54670829852718,12.99999999999999,6.636053754764732,-4.860650062110415,-1.6841534259744677e-13
343.6157700505452,-50.54468757886077,12.999999999999991,6.63513135059371,-4.8618054334352845,-1.6841534259744676e-14
343.6003534814638,-50.542664922166765,12.999999999999991,6.63420864422057,-4.86296039573938,-1.6841534259744676e-14
343.5849382034109,-50.540640328756034,12.99999999999999,6.633285635920576,-4.864114948755943,3.368306851948935e-14
343.5695242174147,-50.538613798939714,12.999999999999991,6.6323623259690665,-4.865269092218451,1.6841534259744676e-14
343.5541115245028,-50.53658533302918,12.999999999999991,6.631438714641448,-4.866422825860628,6.73661370389787e-14
343.53870012570155,-50.534554931336,12.999999999999991,6.630514802213188,-4.867576149416471,3.368306851948935e-14
343.52329002203703,-50.53252259417201,12.99999999999999,6.629590588959839,-4.868729062620199,-5.0524602779234026e-14
343.5078812145344,-50.53048832184927,12.99999999999999,6.628666075157006,-4.869881565206305,1.6841534259744676e-14
343.4924737042179,-50.52845211468008,12.999999999999991,6.627741261080366,-4.871033656909519,-6.73661370389787e-14
343.4770674921115,-50.52641397297697,12.999999999999991,6.626816147005686,-4.87218533746481,-6.73661370389787e-14
343.4616625792378,-50.5243738970527,12.999999999999993,6.625890733208763,-4.873336606607431,-1.0104920555846805e-13
343.44625896661927,-50.52233188722026,12.99999999999999,6.624965019965508,-4.874487464072844,1.6841534259744676e-14
343.43085665527695,-50.52028794379289,12.99999999999999,6.624039007551849,-4.875637909596807,-1.6841534259744676e-14
343.4154556462318,-50.51824206708406,12.99999999999999,6.62311269624382,-4.876787942915282,-1.6841534259744677e-13
343.4000559405036,-50.516194257407435,12.999999999999991,6.622186086317509,-4.8779375637645135,0.0
343.38465753911146,-50.51414451507696,12.99999999999999,6.621259178049064,-4.879086771880992,-1.515738083377021e-13
343.36926044307404,-50.512092840406794,12.999999999999991,6.620331971714722,-4.880235567001427,-8.420767129872338e-14
343.3538646534087,-50.510039233711325,12.999999999999991,6.619404467590758,-4.881383948862834,-1.1789073981821273e-13
343.33847017113254,-50.5079836953052,12.99999999999999,6.618476665953539,-4.882531917202428,-1.0104920555846805e-13
343.32307699726164,-50.505926225503224,12.999999999999991,6.617548567079475,-4.883679471757703,3.368306851948935e-14
343.3076851328113,-50.50386682462051,12.999999999999991,6.616620171245055,-4.884826612266403,-1.6841534259744677e-13
343.2922945787964,-50.50180549297239,12.99999999999999,6.615691478726846,-4.8859733384664965,-1.1789073981821273e-13
343.2769053362306,-50.49974223087438,12.99999999999999,6.614762489801452,-4.887119650096237,0.0
343.26151740612715,-50.49767703864229,12.999999999999993,6.613833204745557,-4.88826554689411,-1.1789073981821273e-13
343.24613078949847,-50.4956099165921,12.999999999999988,6.612903623835919,-4.8894110285988575,-1.8525687685719145e-13
343.23074548735616,-50.49354086504006,12.99999999999999,6.611973747349336,-4.890556094949457,-8.420767129872338e-14
343.215361500711,-50.491469884302646,12.999999999999991,6.6110435755627,-4.891700745685162,-1.6841534259744676e-14
343.1999788305733,-50.48939697469655,12.99999999999999,6.6101131087529446,-4.892844980545462,1.6841534259744676e-14
343.18459747795225,-50.487322136538694,12.999999999999991,6.609182347197076,-4.893988799270101,-1.6841534259744677e-13
343.16921744385655,-50.48524537014624,12.999999999999991,6.608251291172164,-4.895132201599068,-1.6841534259744677e-13
343.1538387292941,-50.483166675836586,12.999999999999991,6.607319940955343,-4.896275187272609,-1.0104920555846805e-13
343.13846133527187,-50.481086053927335,12.999999999999991,6.606388296823807,-4.897417756031217,-3.368306851948935e-14
343.1230852627962,-50.479003504736326,12.99999999999999,6.605456359054817,-4.898559907615649,-1.8525687685719145e-13
343.10771051287287,-50.476919028581655,12.999999999999991,6.6045241279256865,-4.899701641766888,-1.6841534259744677e-13
343.0923370865065,-50.4748326257816,12.999999999999991,6.603591603713814,-4.9008429582261925,-1.6841534259744677e-13
343.07696498470136,-50.4727442966547,12.999999999999993,6.602658786696634,-4.901983856735056,-8.420767129872338e-14
343.0615942084606,-50.470654041519715,12.999999999999991,6.601725677151662,-4.903124337035233,0.0
343.0462247587867,-50.46856186069563,12.999999999999991,6.60079227535646,-4.904264398868725,1.6841534259744676e-14
343.0308566366817,-50.46646775450164,12.999999999999991,6.599858581588666,-4.905404041977785,-3.368306851948935e-14
343.0154898431464,-50.46437172325721,12.999999999999993,6.598924596125973,-4.906543266104916,-3.368306851948935e-14
343.0001243791812,-50.462273767281985,12.999999999999991,6.597990319246132,-4.907682070992878,-1.0104920555846805e-13
342.98476024578565,-50.46017388689588,12.999999999999991,6.59705575122696,-4.908820456384667,-3.368306851948935e-14
342.9693974439584,-50.458072082418994,12.999999999999991,6.596120892346333,-4.909958422023552,-1.1789073981821273e-13
342.95403597469755,-50.4559683541717,12.999999999999991,6.595185742882182,-4.911095967653036,1.6841534259744676e-14
342.93867583900027,-50.45386270247453,12.99999999999999,6.594250303112511,-4.912233093016884,-3.368306851948935e-14
342.923317037863,-50.45175512764832,12.99999999999999,6.593314573315366,-4.913369797859109,-1.515738083377021e-13
