galstreams/tracks/track.ep.Indus.shipp2018.ecsv
# %ECSV 0.9
# ---
# datatype:
# - {name: ra, unit: deg, datatype: float64}
# - {name: dec, unit: deg, datatype: float64}
# - {name: distance, unit: kpc, datatype: float64}
# - {name: pm_ra_cosdec, unit: mas / yr, datatype: float64}
# - {name: pm_dec, unit: mas / yr, datatype: float64}
# - {name: radial_velocity, unit: km / s, datatype: float64}
# delimiter: ','
# meta: !!omap
# - __serialized_columns__:
#     dec:
#       __class__: astropy.coordinates.angles.Latitude
#       unit: &id001 !astropy.units.Unit {unit: deg}
#       value: !astropy.table.SerializedColumn {name: dec}
#     distance:
#       __class__: astropy.coordinates.distances.Distance
#       unit: !astropy.units.Unit {unit: kpc}
#       value: !astropy.table.SerializedColumn {name: distance}
#     pm_dec:
#       __class__: astropy.units.quantity.Quantity
#       unit: !astropy.units.Unit {unit: mas / yr}
#       value: !astropy.table.SerializedColumn {name: pm_dec}
#     pm_ra_cosdec:
#       __class__: astropy.units.quantity.Quantity
#       unit: !astropy.units.Unit {unit: mas / yr}
#       value: !astropy.table.SerializedColumn {name: pm_ra_cosdec}
#     ra:
#       __class__: astropy.coordinates.angles.Longitude
#       unit: *id001
#       value: !astropy.table.SerializedColumn {name: ra}
#       wrap_angle: !astropy.coordinates.Angle
#         unit: *id001
#         value: 360.0
#     radial_velocity:
#       __class__: astropy.units.quantity.Quantity
#       unit: !astropy.units.Unit {unit: km / s}
#       value: !astropy.table.SerializedColumn {name: radial_velocity}
# schema: astropy-2.0
ra,dec,distance,pm_ra_cosdec,pm_dec,radial_velocity
323.70000000000005,-50.69999999999998,16.6,0.0,0.0,0.0
323.793881806709,-50.783179246508766,16.6,0.0,0.0,0.0
323.8880980797752,-50.86628287155814,16.6,0.0,0.0,0.0
323.98265070045187,-50.94931038034613,16.599999999999998,0.0,0.0,0.0
324.07754156041733,-51.032261274346006,16.6,0.0,0.0,0.0
324.1727725618076,-51.11513505127636,16.600000000000005,0.0,0.0,0.0
324.26834561724854,-51.19793120507075,16.6,0.0,0.0,0.0
324.36426264988626,-51.280649225847206,16.600000000000005,0.0,0.0,0.0
324.4605255934179,-51.36328859987746,16.600000000000005,0.0,0.0,0.0
324.55713639212144,-51.44584880955615,16.6,0.0,0.0,0.0
324.6540970008839,-51.52832933336946,16.6,0.0,0.0,0.0
324.7514093852296,-51.61072964586397,16.599999999999998,0.0,0.0,0.0
324.8490755213475,-51.693049217614934,16.600000000000005,0.0,0.0,0.0
324.94709739611704,-51.77528751519461,16.6,0.0,0.0,0.0
325.0454770071339,-51.85744400114019,16.6,0.0,0.0,0.0
325.1442163627343,-51.93951813392179,16.6,0.0,0.0,0.0
325.2433174820185,-52.02150936790979,16.599999999999998,0.0,0.0,0.0
325.3427823948731,-52.103417153342384,16.6,0.0,0.0,0.0
325.4426131419929,-52.185240936292715,16.6,0.0,0.0,0.0
325.5428117749012,-52.26698015863587,16.6,0.0,0.0,0.0
325.64338035596904,-52.34863425801555,16.6,0.0,0.0,0.0
325.74432095843355,-52.430202667810875,16.6,0.0,0.0,0.0
325.8456356664152,-52.51168481710238,16.6,0.0,0.0,0.0
325.9473265749336,-52.59308013063841,16.6,0.0,0.0,0.0
326.0493957899221,-52.674388028801,16.600000000000005,0.0,0.0,0.0
326.15184542824153,-52.75560792757153,16.6,0.0,0.0,0.0
326.2546776176924,-52.83673923849638,16.6,0.0,0.0,0.0
326.3578944970255,-52.917781368652236,16.600000000000005,0.0,0.0,0.0
326.4614982159516,-52.99873372061111,16.6,0.0,0.0,0.0
326.5654909351499,-53.07959569240536,16.6,0.0,0.0,0.0
326.669874826274,-53.16036667749243,16.600000000000005,0.0,0.0,0.0
326.77465207195775,-53.24104606471933,16.6,0.0,0.0,0.0
326.87982486581865,-53.321633238286964,16.6,0.0,0.0,0.0
326.98539541246043,-53.40212757771443,16.6,0.0,0.0,0.0
327.0913659274729,-53.48252845780274,16.6,0.0,0.0,0.0
327.1977386374315,-53.56283524859871,16.6,0.0,0.0,0.0
327.30451577989413,-53.64304731535853,16.6,0.0,0.0,0.0
327.41169960339727,-53.7231640185111,16.6,0.0,0.0,0.0
327.5192923674488,-53.80318471362122,16.6,0.0,0.0,0.0
327.62729634252094,-53.88310875135279,16.6,0.0,0.0,0.0
327.73571381003944,-53.96293547743137,16.600000000000005,0.0,0.0,0.0
327.84454706237227,-54.042664232606974,16.6,0.0,0.0,0.0
327.9537984028156,-54.12229435261658,16.6,0.0,0.0,0.0
328.0634701455783,-54.201825168146364,16.6,0.0,0.0,0.0
328.17356461576327,-54.281256004793875,16.6,0.0,0.0,0.0
328.2840841493485,-54.36058618303012,16.6,0.0,0.0,0.0
328.39503109316405,-54.43981501816111,16.6,0.0,0.0,0.0
328.50640780486816,-54.51894182028975,16.6,0.0,0.0,0.0
328.6182166529204,-54.597965894277166,16.6,0.0,0.0,0.0
328.7304600165526,-54.676886539704114,16.600000000000005,0.0,0.0,0.0
328.84314028573806,-54.75570305083226,16.6,0.0,0.0,0.0
328.95625986115675,-54.834414716564964,16.600000000000005,0.0,0.0,0.0
329.06982115416,-54.9130208204084,16.6,0.0,0.0,0.0
329.1838265867311,-54.99152064043219,16.6,0.0,0.0,0.0
329.29827859144376,-55.069913449230064,16.6,0.0,0.0,0.0
329.4131796114184,-55.14819851388028,16.6,0.0,0.0,0.0
329.52853210027496,-55.22637509590622,16.599999999999998,0.0,0.0,0.0
329.64433852208305,-55.30444245123624,16.6,0.0,0.0,0.0
329.7606013513098,-55.382399830164125,16.6,0.0,0.0,0.0
329.8773230727637,-55.46024647730893,16.6,0.0,0.0,0.0
329.99450618153713,-55.53798163157492,16.6,0.0,0.0,0.0
330.11215318294353,-55.615604526111376,16.6,0.0,0.0,0.0
330.2302665924538,-55.69311438827238,16.599999999999998,0.0,0.0,0.0
330.3488489356276,-55.77051043957627,16.6,0.0,0.0,0.0
330.4679027480426,-55.847791895665274,16.6,0.0,0.0,0.0
330.58743057521986,-55.92495796626495,16.6,0.0,0.0,0.0
330.7074349725456,-56.00200785514359,16.600000000000005,0.0,0.0,0.0
330.8279185051901,-56.07894076007142,16.6,0.0,0.0,0.0
330.9488837480225,-56.15575587278013,16.6,0.0,0.0,0.0
331.07033328552217,-56.232452378921764,16.6,0.0,0.0,0.0
331.19226971168615,-56.30902945802805,16.6,0.0,0.0,0.0
331.3146956299333,-56.38548628346953,16.6,0.0,0.0,0.0
331.4376136530037,-56.46182202241465,16.599999999999998,0.0,0.0,0.0
331.56102640285513,-56.538035835788754,16.600000000000005,0.0,0.0,0.0
331.6849365105548,-56.61412687823336,16.6,0.0,0.0,0.0
331.8093466161668,-56.690094298064984,16.6,0.0,0.0,0.0
331.9342593686362,-56.765937237234326,16.6,0.0,0.0,0.0
332.05967742566804,-56.84165483128537,16.6,0.0,0.0,0.0
332.185603453602,-56.91724620931445,16.6,0.0,0.0,0.0
332.31204012728347,-56.992710493929344,16.6,0.0,0.0,0.0
332.43899012992875,-57.06804680120865,16.599999999999998,0.0,0.0,0.0
332.5664561529866,-57.143254240660774,16.6,0.0,0.0,0.0
332.6944408959946,-57.21833191518332,16.600000000000005,0.0,0.0,0.0
332.82294706643086,-57.29327892102251,16.6,0.0,0.0,0.0
332.9519773795608,-57.36809434773255,16.6,0.0,0.0,0.0
333.0815345582786,-57.44277727813536,16.6,0.0,0.0,0.0
333.21162133294405,-57.51732678827994,16.6,0.0,0.0,0.0
333.34224044121373,-57.591741947402376,16.6,0.0,0.0,0.0
333.4733946278673,-57.66602181788566,16.600000000000005,0.0,0.0,0.0
333.60508664462793,-57.74016545521975,16.6,0.0,0.0,0.0
333.7373192499774,-57.814171907961786,16.600000000000005,0.0,0.0,0.0
333.8700952089663,-57.8880402176965,16.6,0.0,0.0,0.0
334.0034172930169,-57.9617694189967,16.6,0.0,0.0,0.0
334.1372882797218,-58.03535853938404,16.6,0.0,0.0,0.0
334.2717109526361,-58.1088065992901,16.6,0.0,0.0,0.0
334.40668810106314,-58.182112612017384,16.6,0.0,0.0,0.0
334.5422225198345,-58.255275583700914,16.6,0.0,0.0,0.0
334.67831700908454,-58.328294513269974,16.6,0.0,0.0,0.0
334.8149743740166,-58.40116839240983,16.599999999999998,0.0,0.0,0.0
334.95219742466475,-58.47389620552421,16.6,0.0,0.0,0.0
335.0899889756482,-58.54647692969774,16.6,0.0,0.0,0.0
335.2283518459189,-58.618909534658904,16.6,0.0,0.0,0.0
335.3672888585023,-58.69119298274316,16.6,0.0,0.0,0.0
335.50680284023196,-58.76332622885663,16.6,0.0,0.0,0.0
335.64689662147623,-58.835308220439934,16.6,0.0,0.0,0.0
335.7875730358585,-58.907137897432655,16.6,0.0,0.0,0.0
335.9288349199699,-58.97881419223793,16.6,0.0,0.0,0.0
336.07068511307483,-59.050336029687806,16.6,0.0,0.0,0.0
336.21312645680877,-59.12170232700874,16.6,0.0,0.0,0.0
336.35616179486885,-59.19291199378781,16.600000000000005,0.0,0.0,0.0
336.4997939726968,-59.26396393193919,16.6,0.0,0.0,0.0
336.64402583715344,-59.33485703567138,16.600000000000005,0.0,0.0,0.0
336.7888602361863,-59.4055901914548,16.6,0.0,0.0,0.0
336.9343000184883,-59.47616227798997,16.6,0.0,0.0,0.0
337.0803480331486,-59.546572166176325,16.6,0.0,0.0,0.0
337.22700712929566,-59.6168187190816,16.599999999999998,0.0,0.0,0.0
337.374280155731,-59.6869007919118,16.6,0.0,0.0,0.0
337.5221699605554,-59.756817231981906,16.6,0.0,0.0,0.0
337.6706793907857,-59.826566878687125,16.600000000000005,0.0,0.0,0.0
337.81981129196356,-59.89614856347506,16.599999999999998,0.0,0.0,0.0
337.96956850775496,-59.965561109818296,16.6,0.0,0.0,0.0
338.11995387954073,-60.03480333318805,16.599999999999998,0.0,0.0,0.0
338.27097024599846,-60.10387404102837,16.6,0.0,0.0,0.0
338.4226204426745,-60.17277203273118,16.599999999999998,0.0,0.0,0.0
338.5749073015474,-60.24149609961232,16.600000000000005,0.0,0.0,0.0
338.72783365058154,-60.3100450248882,16.6,0.0,0.0,0.0
338.88140231327117,-60.37841758365352,16.6,0.0,0.0,0.0
339.035616108175,-60.4466125428598,16.599999999999998,0.0,0.0,0.0
339.1904778484412,-60.51462866129494,16.6,0.0,0.0,0.0
339.3459903413219,-60.5824646895637,16.6,0.0,0.0,0.0
339.5021563876785,-60.65011937006917,16.6,0.0,0.0,0.0
339.65897878147655,-60.71759143699533,16.6,0.0,0.0,0.0
339.81646030927027,-60.78487961629067,16.6,0.0,0.0,0.0
339.9746037496771,-60.85198262565282,16.600000000000005,0.0,0.0,0.0
340.1334118728418,-60.91889917451449,16.6,0.0,0.0,0.0
340.2928874398897,-60.985627964030385,16.600000000000005,0.0,0.0,0.0
340.45303320236997,-61.05216768706542,16.6,0.0,0.0,0.0
340.6138519016879,-61.11851702818416,16.6,0.0,0.0,0.0
340.775346268526,-61.184674663641545,16.599999999999998,0.0,0.0,0.0
340.93751902225495,-61.25063926137483,16.6,0.0,0.0,0.0
341.1003728703332,-61.31640948099699,16.6,0.0,0.0,0.0
341.2639105076956,-61.38198397379137,16.6,0.0,0.0,0.0
341.4281346161306,-61.447361382707854,16.6,0.0,0.0,0.0
341.59304786364663,-61.51254034236044,16.600000000000005,0.0,0.0,0.0
341.7586529038272,-61.57751947902625,16.599999999999998,0.0,0.0,0.0
341.9249523751742,-61.64229741064618,16.6,0.0,0.0,0.0
342.0919489004401,-61.70687274682696,16.6,0.0,0.0,0.0
342.25964508594865,-61.77124408884505,16.600000000000005,0.0,0.0,0.0
342.42804352090354,-61.835410029651804,16.600000000000005,0.0,0.0,0.0
342.5971467766863,-61.89936915388077,16.6,0.0,0.0,0.0
342.7669574061415,-61.96312003785634,16.6,0.0,0.0,0.0
342.9374779428509,-62.026661249604345,16.6,0.0,0.0,0.0
343.10871090039547,-62.0899913488644,16.6,0.0,0.0,0.0
343.2806587716058,-62.153108887104196,16.6,0.0,0.0,0.0
343.4533240278002,-62.21601240753543,16.6,0.0,0.0,0.0
343.6267091180118,-62.27870044513199,16.6,0.0,0.0,0.0
343.80081646820236,-62.34117152664991,16.600000000000005,0.0,0.0,0.0
343.9756484804653,-62.403424170649316,16.6,0.0,0.0,0.0
344.1512075322163,-62.46545688751861,16.6,0.0,0.0,0.0
344.3274959753717,-62.52726817950061,16.600000000000005,0.0,0.0,0.0
344.5045161355154,-62.588856540720904,16.6,0.0,0.0,0.0
344.68227031105346,-62.650220457218346,16.600000000000005,0.0,0.0,0.0
344.8607607723566,-62.711358406977894,16.6,0.0,0.0,0.0
345.03998976089116,-62.77226885996563,16.6,0.0,0.0,0.0
345.21995948833785,-62.832950278166166,16.6,0.0,0.0,0.0
345.4006721356984,-62.893401115622446,16.600000000000005,0.0,0.0,0.0
345.58212985239106,-62.95361981847788,16.6,0.0,0.0,0.0
345.7643347553334,-63.013604825021105,16.600000000000005,0.0,0.0,0.0
345.9472889280141,-63.07335456573305,16.6,0.0,0.0,0.0
346.1309944195524,-63.13286746333684,16.600000000000005,0.0,0.0,0.0
346.31545324374656,-63.19214193285003,16.6,0.0,0.0,0.0
346.5006673781105,-63.25117638163971,16.6,0.0,0.0,0.0
346.68663876289867,-63.30996920948019,16.6,0.0,0.0,0.0
346.8733693001204,-63.368518808613516,16.600000000000005,0.0,0.0,0.0
347.06086085254196,-63.426823563812725,16.6,0.0,0.0,0.0
347.2491152426786,-63.484881852448,16.6,0.0,0.0,0.0
347.43813425177495,-63.54269204455569,16.599999999999998,0.0,0.0,0.0
347.62791961877446,-63.600252502910266,16.600000000000005,0.0,0.0,0.0
347.8184730392789,-63.65756158309928,16.600000000000005,0.0,0.0,0.0
348.00979616449666,-63.71461763360139,16.6,0.0,0.0,0.0
348.2018906001809,-63.77141899586742,16.600000000000005,0.0,0.0,0.0
348.3947579055578,-63.82796400440452,16.6,0.0,0.0,0.0
348.58839959224474,-63.88425098686362,16.6,0.0,0.0,0.0
348.7828171231583,-63.94027826413,16.600000000000005,0.0,0.0,0.0
348.9780119114136,-63.99604415041714,16.6,0.0,0.0,0.0
349.17398531921384,-64.05154695336391,16.6,0.0,0.0,0.0
349.3707386567306,-64.10678497413517,16.6,0.0,0.0,0.0
349.5682731809763,-64.16175650752557,16.600000000000005,0.0,0.0,0.0
349.76659009466687,-64.21645984206707,16.6,0.0,0.0,0.0
349.9656905450776,-64.27089326013974,16.600000000000005,0.0,0.0,0.0
350.1655756228901,-64.32505503808619,16.599999999999998,0.0,0.0,0.0
350.3662463610324,-64.37894344632952,16.600000000000005,0.0,0.0,0.0
350.5677037335111,-64.43255674949485,16.6,0.0,0.0,0.0
350.76994865423745,-64.48589320653475,16.6,0.0,0.0,0.0
350.97298197584655,-64.53895107085792,16.6,0.0,0.0,0.0
351.17680448851013,-64.59172859046201,16.6,0.0,0.0,0.0
351.38141691874415,-64.64422400807005,16.6,0.0,0.0,0.0
351.58681992821084,-64.69643556127063,16.6,0.0,0.0,0.0
351.7930141125156,-64.74836148266199,16.6,0.0,0.0,0.0
352.0,-64.8,16.600000000000005,0.0,0.0,0.0
