galstreams/tracks/track.st.Slidr.ibata2024.ecsv
# %ECSV 1.0
# ---
# datatype:
# - {name: ra, unit: deg, datatype: float64}
# - {name: dec, unit: deg, datatype: float64}
# - {name: distance, unit: kpc, datatype: float64}
# - {name: pm_ra_cosdec, unit: mas / yr, datatype: float64}
# - {name: pm_dec, unit: mas / yr, datatype: float64}
# - {name: radial_velocity, unit: km / s, datatype: float64}
# delimiter: ','
# meta: !!omap
# - __serialized_columns__:
#     dec:
#       __class__: astropy.coordinates.angles.Latitude
#       unit: &id001 !astropy.units.Unit {unit: deg}
#       value: !astropy.table.SerializedColumn {name: dec}
#     distance:
#       __class__: astropy.coordinates.distances.Distance
#       unit: !astropy.units.Unit {unit: kpc}
#       value: !astropy.table.SerializedColumn {name: distance}
#     pm_dec:
#       __class__: astropy.units.quantity.Quantity
#       unit: !astropy.units.Unit {unit: mas / yr}
#       value: !astropy.table.SerializedColumn {name: pm_dec}
#     pm_ra_cosdec:
#       __class__: astropy.units.quantity.Quantity
#       unit: !astropy.units.Unit {unit: mas / yr}
#       value: !astropy.table.SerializedColumn {name: pm_ra_cosdec}
#     ra:
#       __class__: astropy.coordinates.angles.Longitude
#       unit: *id001
#       value: !astropy.table.SerializedColumn {name: ra}
#       wrap_angle: !astropy.coordinates.Angle
#         unit: *id001
#         value: 360.0
#     radial_velocity:
#       __class__: astropy.units.quantity.Quantity
#       unit: !astropy.units.Unit {unit: km / s}
#       value: !astropy.table.SerializedColumn {name: radial_velocity}
# schema: astropy-2.0
ra,dec,distance,pm_ra_cosdec,pm_dec,radial_velocity
[from data line 1277]
156.1927639915659,11.684173417400729,0.9999999999999999,-26.15375013053255,-7.341571379223977,-63.04748911069045
156.2018867586936,11.679881776180462,1.0,-26.150763405373198,-7.340139911050063,-63.080241354807036
156.2110099134427,11.675591490021699,1.0000000000000002,-26.147775010219675,-7.33870887063056,-63.11300026674318
156.22013345541268,11.671302557448687,1.0,-26.14478494599004,-7.337278257687892,-63.14576586159062
156.22925738420264,11.667014976985785,1.0,-26.14179321360225,-7.335848071944169,-63.17853815444078
156.2383816994118,11.66272874715738,1.0,-26.138799813974288,-7.334418313121151,-63.21131716038541
156.24750640063877,11.65844386648805,1.0000000000000002,-26.135804748024103,-7.33298898094033,-63.24410289451594
156.25663148748228,11.654160333502384,1.0,-26.132808016669625,-7.33156007512287,-63.276895371924134
156.2657569595406,11.649878146725156,1.0,-26.129809620828738,-7.330131595389638,-63.309694607701545
156.27488281641195,11.645597304681157,1.0,-26.12680956141932,-7.3287035414611745,-63.34250061693979
156.28400905769413,11.641317805895358,1.0,-26.12380783935923,-7.32727591305774,-63.375313414730456
156.293135682985,11.637039648892753,1.0,-26.120804455566287,-7.325848709899253,-63.40813301616511
156.30226269188188,11.632762832198509,1.0,-26.117799410958277,-7.3244219317053485,-63.440959436335426
156.31139008398216,11.62848735433782,1.0,-26.114792706452988,-7.322995578195338,-63.47379269033299
156.32051785888277,11.624213213836056,1.0,-26.11178434296817,-7.3215696490882465,-63.50663279324939
156.32964601618062,11.619940409218607,0.9999999999999999,-26.10877432142155,-7.320144144102757,-63.539479760176214
156.33877455547224,11.61566893901104,1.0,-26.10576264273081,-7.318719062957279,-63.5723336062051
156.34790347635408,11.611398801738948,1.0,-26.102749307813653,-7.317294405369884,-63.60519434642765
156.35703277842222,11.607129995928078,1.0,-26.099734317587714,-7.3158701710583545,-63.63806199593545
156.3661624612726,11.602862520104287,1.0,-26.096717672970627,-7.31444635974017,-63.67093656982009
156.37529252450102,11.598596372793454,1.0,-26.093699374880003,-7.313022971132478,-63.7038180831732
156.3844229677029,11.594331552521654,1.0,-26.09067942423338,-7.3116000049521315,-63.73670655108643
156.3935537904736,11.590068057814968,1.0,-26.087657821948348,-7.310177460915684,-63.769601988651324
156.40268499240804,11.585805887199665,1.0,-26.084634568942434,-7.308755338739372,-63.80250441095947
156.41181657310122,11.581545039202037,1.0,-26.081609666133126,-7.30733363813912,-63.83541383310252
156.42094853214763,11.577285512348546,1.0,-26.07858311443789,-7.305912358830563,-63.868330270172024
156.4300808691418,11.573027305165677,1.0000000000000002,-26.075554914774212,-7.304491500528999,-63.90125373725964
156.43921358367774,11.568770416180106,1.0,-26.072525068059505,-7.303071062949442,-63.93418424945691
156.4483466753496,11.564514843918504,1.0000000000000002,-26.069493575211165,-7.301651045806593,-63.96712182185555
156.45748014375098,11.560260586907743,1.0,-26.06646043714658,-7.300231448814847,-64.00006646954706
156.46661398847553,11.556007643674707,1.0,-26.063425654783092,-7.298812271688276,-64.03301820762309
156.47574820911643,11.55175601274646,0.9999999999999999,-26.06038922903805,-7.297393514140667,-64.06597705117525
156.48488280526686,11.54750569265008,0.9999999999999999,-26.05735116082873,-7.295975175885496,-64.09894301529508
156.49401777651968,11.543256681912814,1.0,-26.05431145107243,-7.294557256635908,-64.1319161150743
156.5031531224674,11.539008979062002,1.0,-26.051270100686395,-7.293139756104775,-64.16489636560442
156.51228884270267,11.53476258262503,1.0,-26.04822711058786,-7.291722674004644,-64.1978837819771
156.52142493681748,11.530517491129453,1.0,-26.045182481694027,-7.290306010047747,-64.2308783792838
156.53056140440404,11.526273703102856,0.9999999999999999,-26.042136214922074,-7.288889763946022,-64.26388017261635
156.5396982450539,11.522031217072993,1.0,-26.039088311189154,-7.2874739354111036,-64.29688917706619
156.54883545835884,11.517790031567646,1.0,-26.036038771412386,-7.286058524154299,-64.32990540772504
156.55797304390998,11.513550145114774,0.9999999999999998,-26.032987596508896,-7.284643529886643,-64.36292887968435
156.56711100129863,11.50931155624235,1.0,-26.02993478739574,-7.283228952318819,-64.39595960803588
156.57624933011556,11.505074263478539,0.9999999999999999,-26.026880344989976,-7.281814791161238,-64.4289976078712
156.58538802995153,11.50083826535151,0.9999999999999999,-26.023824270208646,-7.280401046123991,-64.46204289428181
156.59452710039693,11.496603560389621,0.9999999999999998,-26.02076656396874,-7.278987716916872,-64.49509548235945
156.6036665410421,11.492370147121244,1.0,-26.01770722718723,-7.277574803249354,-64.52815538719564
156.61280635147693,11.488138024074937,1.0,-26.014646260781078,-7.276162304830616,-64.56122262388203
156.6219465312914,11.48390718977927,0.9999999999999999,-26.011583665667217,-7.274750221369521,-64.59429720751015
156.631087080075,11.479677642762981,1.0,-26.00851944276254,-7.273338552574632,-64.62737915317169
156.64022799741707,11.475449381554894,0.9999999999999998,-26.005453592983933,-7.271927298154204,-64.66046847595821
156.6493692829069,11.471222404683882,0.9999999999999999,-26.002386117248236,-7.270516457816189,-64.69356519096137
156.65851093613324,11.466996710678995,0.9999999999999999,-25.999317016472283,-7.269106031268225,-64.72666931327265
156.66765295668498,11.462772298069305,1.0,-25.996246291572866,-7.267696018217652,-64.75978085798378
156.67679534415052,11.458549165384056,1.0,-25.993173943466775,-7.2662864183715,-64.7928998401863
156.68593809811824,11.454327311152518,0.9999999999999999,-25.990099973070755,-7.264877231436486,-64.8260262749719
156.69508121817609,11.450106733904137,0.9999999999999999,-25.98702438130154,-7.263468457119043,-64.85916017743205
156.70422470391205,11.445887432168377,0.9999999999999998,-25.98394716907582,-7.262060095125267,-64.89230156265842
156.71336855491364,11.441669404474885,1.0,-25.980868337310252,-7.260652145160975,-64.92545044574267
156.7225127707684,11.437452649353322,0.9999999999999998,-25.977787886921526,-7.259244606931656,-64.9586068417763
156.73165735106338,11.43323716533353,1.0,-25.974705818826223,-7.257837480142529,-64.99177076585094
156.74080229538572,11.429022950945372,1.0,-25.971622133940983,-7.256430764498459,-65.02494223305827
156.74994760332203,11.42481000471889,0.9999999999999999,-25.96853683318235,-7.255024459704045,-65.05812125848982
156.75909327445902,11.420598325184141,0.9999999999999999,-25.965449917466884,-7.253618565463556,-65.0913078572373
156.76823930838293,11.416387910871345,1.0,-25.96236138771112,-7.252213081480969,-65.12450204439214
156.7773857046798,11.41217876031082,0.9999999999999999,-25.95927124483153,-7.250808007459957,-65.15770383504602
156.78653246293572,11.407970872032921,0.9999999999999999,-25.956179489744603,-7.249403343103871,-65.19091324429061
156.79567958273623,11.403764244568187,1.0,-25.953086123366774,-7.247999088115774,-65.22413028721748
156.80482706366683,11.399558876447164,0.9999999999999999,-25.949991146614487,-7.246595242198425,-65.25735497891814
156.8139749053128,11.395354766200596,0.9999999999999999,-25.94689456040411,-7.2451918050542545,-65.29058733448437
156.82312310725914,11.391151912359224,0.9999999999999999,-25.943796365652023,-7.243788776385416,-65.32382736900757
156.83227166909066,11.386950313453989,1.0,-25.940696563274578,-7.242386155893746,-65.35707509757952
156.84142059039203,11.382749968015833,0.9999999999999999,-25.937595154188084,-7.2409839432807654,-65.39033053529174
156.85056987074753,11.378550874575888,1.0,-25.934492139308837,-7.23958213824771,-65.42359369723587
156.85971950974147,11.374353031665303,1.0,-25.931387519553112,-7.238180740495496,-65.45686459850353
156.86886950695765,11.3701564378154,1.0,-25.928281295837145,-7.236779749724745,-65.49014325418624
156.8780198619799,11.365961091557526,1.0,-25.92517346907716,-7.235379165635767,-65.52342967937561
156.88717057439172,11.361766991423206,1.0,-25.92206404018934,-7.233978987928573,-65.55672388916331
156.89632164377642,11.357574135943977,1.0,-25.918953010089858,-7.232579216302852,-65.59002589864097
156.90547306971712,11.353382523651545,0.9999999999999999,-25.915840379694856,-7.231179850458021,-65.6233357229001
156.91462485179662,11.34919215307771,0.9999999999999999,-25.912726149920434,-7.229780890093163,-65.65665337703238
156.92377698959766,11.345003022754307,0.9999999999999999,-25.909610321682692,-7.228382334907068,-65.68997887612937
156.9329294827026,11.340815131213352,1.0,-25.906492895897692,-7.226984184598225,-65.72331223528269
156.94208233069378,11.336628476986887,0.9999999999999998,-25.903373873481478,-7.225586438864813,-65.75665346958397
156.95123553315307,11.332443058607119,0.9999999999999999,-25.900253255350055,-7.224189097404704,-65.79000259412477
156.9603890896624,11.328258874606288,1.0,-25.897131042419417,-7.2227921599154685,-65.8233596239967
156.9695429998033,11.3240759235168,0.9999999999999999,-25.894007235605514,-7.221395626094386,-65.85672457429135
156.97869726315716,11.319894203871087,1.0,-25.89088183582429,-7.219999495638412,-65.8900974601004
156.98785187930505,11.31571371420176,0.9999999999999999,-25.887754843991654,-7.218603768244206,-65.9234782965154
156.99700684782803,11.311534453041439,0.9999999999999999,-25.88462626102349,-7.217208443608129,-65.95686709862792
157.00616216830676,11.307356418922934,1.0,-25.881496087835636,-7.215813521426226,-65.9902638815297
157.01531784032176,11.30317961037907,1.0,-25.878364325343973,-7.214419001394252,-66.02366866031214
157.02447386345327,11.299004025942851,0.9999999999999999,-25.875230974464266,-7.213024883207654,-66.05708145006693
157.0336302372815,11.294829664147295,1.0,-25.872096036112303,-7.211631166561558,-66.09050226588577
157.0427869613862,11.29065652352558,1.0,-25.868959511203848,-7.210237851150817,-66.12393112286014
157.05194403534705,11.28648460261099,1.0,-25.865821400654617,-7.20884493666996,-66.15736803608178
157.06110145874354,11.282313899936835,0.9999999999999998,-25.862681705380346,-7.207452422813216,-66.19081302064215
157.07025923115478,11.278144414036612,0.9999999999999999,-25.859540426296682,-7.20606030927451,-66.22426609163291
157.0794173521599,11.273976143443836,0.9999999999999998,-25.856397564319284,-7.204668595747462,-66.25772726414567
157.0885758213376,11.269809086692192,1.0,-25.853253120363775,-7.203277281925409,-66.29119655327202
157.09773463826656,11.265643242315395,1.0,-25.85010709534577,-7.201886367501345,-66.32467397410365
157.106893802525,11.261478608847336,0.9999999999999999,-25.846959490180836,-7.200495852168004,-66.35815954173201
157.11605331369125,11.257315184821914,0.9999999999999999,-25.84381030578451,-7.199105735617783,-66.39165327124881
157.12521317134312,11.253152968773216,1.0,-25.840659543072334,-7.197716017542792,-66.42515517774567
157.1343733750584,11.248991959235347,0.9999999999999999,-25.8375072029598,-7.196326697634841,-66.45866527631411
157.14353392441453,11.244832154742586,1.0,-25.834353286362376,-7.194937775585424,-66.49218358204575
157.15269481898892,11.240673553829232,1.0,-25.831197794195504,-7.193549251085747,-66.52571011003229
157.16185605835852,11.236516155029765,1.0,-25.828040727374614,-7.192161123826699,-66.55924487536521
157.1710176421003,11.232359956878676,1.0,-25.82488208681509,-7.190773393498876,-66.59278789313619
157.18017956979097,11.228204957910624,0.9999999999999999,-25.821721873432313,-7.189386059792563,-66.62633917843684
157.18934184100678,11.224051156660357,1.0,-25.81856008814161,-7.187999122397762,-66.65989874635869
157.19850445532416,11.219898551662665,0.9999999999999999,-25.815396731858307,-7.1866125810041455,-66.6934666119934
157.20766741231898,11.215747141452521,0.9999999999999999,-25.812231805497692,-7.185226435301107,-66.72704279043262
157.21683071156716,11.211596924564903,0.9999999999999999,-25.809065309975026,-7.183840684977714,-66.76062729676788
157.2259943526442,11.207447899534982,1.0,-25.805897246205543,-7.182455329722757,-66.79422014609078
157.23515833512556,11.203300064897935,0.9999999999999998,-25.80272761510448,-7.181070369224695,-66.82782135349295
157.24432265858636,11.199153419189123,0.9999999999999999,-25.799556417586984,-7.179685803171723,-66.86143093406606
157.2534873226016,11.19500796094393,1.0,-25.79638365456824,-7.17830163125169,-66.8950489029016
157.2626523267459,11.19086368869791,0.9999999999999999,-25.793209326963385,-7.176917853152184,-66.92867527509118
157.27181767059398,11.18672060098663,1.0,-25.79003343568751,-7.175534468560462,-66.96231006572654
157.28098335372,11.182578696345852,1.0,-25.78685598165572,-7.174151477163498,-66.99595328989913
157.29014937569812,11.178437973311338,0.9999999999999999,-25.783676965783066,-7.17276887864794,-67.0296049627006
157.29931573610224,11.174298430419038,0.9999999999999999,-25.780496388984556,-7.171386672700167,-67.06326509922263
157.30848243450606,11.170160066204922,0.9999999999999998,-25.777314252175216,-7.1700048590062195,-67.09693371455676
157.31764947048305,11.166022879205107,0.9999999999999999,-25.774130556270016,-7.168623437251872,-67.13061082379456
157.32681684360637,11.161886867955818,1.0,-25.77094530218391,-7.167242407122573,-67.1642964420277
157.33598455344918,11.157752030993317,0.9999999999999999,-25.76775849083183,-7.165861768303486,-67.19799058434776
157.34515259958422,11.153618366854035,0.9999999999999999,-25.76457012312867,-7.164481520479452,-67.2316932658463
157.35432098158424,11.149485874074431,0.9999999999999999,-25.761380199989315,-7.163101663335027,-67.265404501615
157.36348969902147,11.145354551191136,1.0,-25.75818872232859,-7.16172219655447,-67.29912430674544
157.37265875146832,11.141224396740798,1.0,-25.754995691061325,-7.160343119821713,-67.33285269632924
157.3818281384966,11.137095409260251,1.0,-25.751801107102324,-7.158964432820423,-67.36658968545797
157.39099785967812,11.132967587286332,1.0,-25.74860497136637,-7.157586135233934,-67.40033528922316
157.4001679145845,11.128840929356071,0.9999999999999999,-25.74540728476817,-7.156208226745291,-67.43408952271656
157.40933830278712,11.124715434006507,0.9999999999999999,-25.742208048222473,-7.1548307070372426,-67.46785240102973
157.41850902385698,11.120591099774858,1.0,-25.739007262643952,-7.153453575792236,-67.50162393925427
157.42768007736515,11.116467925198364,0.9999999999999999,-25.73580492894729,-7.152076832692408,-67.53540415248172
157.43685146288226,11.112345908814431,0.9999999999999999,-25.7326010480471,-7.1507004774196075,-67.56919305580375
157.44602317997888,11.108225049160497,0.9999999999999999,-25.729395620858018,-7.149324509655357,-67.60299066431193
157.4551952282253,11.104105344774146,0.9999999999999999,-25.726188648294624,-7.147948929080919,-67.63679699309792
157.46436760719158,11.099986794193066,1.0,-25.72298013127147,-7.146573735377219,-67.67061205725331
157.47354031644758,11.095869395954985,0.9999999999999998,-25.719770070703113,-7.145198928224903,-67.70443587186959
157.482713355563,11.091753148597798,1.0,-25.716558467504022,-7.14382450730431,-67.73826845203855
157.49188672410733,11.087638050659425,0.9999999999999999,-25.71334532258872,-7.142450472295468,-67.77210981285165
157.5010604216497,11.083524100677968,0.9999999999999999,-25.71013063687164,-7.141076822878129,-67.80595996940058
157.51023444775925,11.079411297191532,0.9999999999999999,-25.706914411267217,-7.139703558731715,-67.83981893677691
157.51940880200476,11.075299638738416,0.9999999999999999,-25.70369664668985,-7.138330679535377,-67.87368673007222
157.52858348395486,11.07118912385692,0.9999999999999998,-25.70047734405393,-7.136958184967942,-67.90756336437812
157.53775849317793,11.067079751085537,0.9999999999999999,-25.697256504273795,-7.135586074707956,-67.9414488547863
157.54693382924222,11.062971518962762,0.9999999999999999,-25.694034128263773,-7.134214348433643,-67.97534321638823
157.55610949171563,11.058864426027283,1.0,-25.690810216938157,-7.132843005822947,-68.00924646427565
