galstreams/tracks/track.st.LMS-1.yuan2020.ecsv
# %ECSV 1.0
# ---
# datatype:
# - {name: ra, unit: deg, datatype: float64}
# - {name: dec, unit: deg, datatype: float64}
# - {name: distance, unit: kpc, datatype: float64}
# - {name: pm_ra_cosdec, unit: mas / yr, datatype: float64}
# - {name: pm_dec, unit: mas / yr, datatype: float64}
# - {name: radial_velocity, unit: km / s, datatype: float64}
# delimiter: ','
# meta: !!omap
# - __serialized_columns__:
#     dec:
#       __class__: astropy.coordinates.angles.Latitude
#       unit: &id001 !astropy.units.Unit {unit: deg}
#       value: !astropy.table.SerializedColumn {name: dec}
#     distance:
#       __class__: astropy.coordinates.distances.Distance
#       unit: !astropy.units.Unit {unit: kpc}
#       value: !astropy.table.SerializedColumn {name: distance}
#     pm_dec:
#       __class__: astropy.units.quantity.Quantity
#       unit: !astropy.units.Unit {unit: mas / yr}
#       value: !astropy.table.SerializedColumn {name: pm_dec}
#     pm_ra_cosdec:
#       __class__: astropy.units.quantity.Quantity
#       unit: !astropy.units.Unit {unit: mas / yr}
#       value: !astropy.table.SerializedColumn {name: pm_ra_cosdec}
#     ra:
#       __class__: astropy.coordinates.angles.Longitude
#       unit: *id001
#       value: !astropy.table.SerializedColumn {name: ra}
#       wrap_angle: !astropy.coordinates.Angle
#         unit: *id001
#         value: 360.0
#     radial_velocity:
#       __class__: astropy.units.quantity.Quantity
#       unit: !astropy.units.Unit {unit: km / s}
#       value: !astropy.table.SerializedColumn {name: radial_velocity}
# schema: astropy-2.0
ra,dec,distance,pm_ra_cosdec,pm_dec,radial_velocity
[from data line 838]
156.0297805249964,-2.271971898128859,15.463215725395447,0.8091212178760523,-0.9209254886375831,187.61385998336084
156.04188593845467,-2.2728472351470566,15.462850920410041,0.8086629589698,-0.9206167691024325,187.62936488792835
156.05398950804997,-2.273718819704723,15.462487151454988,0.8082047544611497,-0.9203085449812072,187.64483719547928
156.0660912339934,-2.274586653270222,15.462124417909148,0.8077466044338163,-0.9200008159771977,187.66027691863437
156.07819111649636,-2.2754507373116213,15.461762719151572,0.807288508971439,-0.9196935817937605,187.67568407001113
156.0902891557708,-2.2763110732965752,15.461402054561487,0.8068304681575673,-0.9193868421343282,187.69105866222435
156.10238535202907,-2.2771676626923347,15.461042423518325,0.8063724820756681,-0.919080596702399,187.70640070788542
156.11447970548392,-2.2780205069658837,15.460683825401698,0.8059145508091261,-0.9187748452015428,187.72171021960233
156.1265722163485,-2.2788696075837436,15.460326259591408,0.8054566744412408,-0.918469587335402,187.7369872099802
156.13866288483655,-2.2797149660120737,15.459969725467445,0.8049988530552272,-0.9181648228076852,187.75223169162095
156.15075171116203,-2.28055658371675,15.45961422240999,0.8045410867342164,-0.9178605513221759,187.76744367712328
156.16283869553945,-2.281394462163206,15.459259749799406,0.8040833755612574,-0.917556772582725,187.78262317908278
156.1749238381838,-2.2822286028164944,15.458906307016253,0.8036257196193136,-0.9172534862932551,187.79777021009173
156.1870071393103,-2.283059007141366,15.458553893441263,0.8031681189912678,-0.9169506921577595,187.8128847827394
156.19908859913483,-2.283885676602165,15.458202508455386,0.8027105737599121,-0.9166483898803016,187.82796690961197
156.21116821787348,-2.284708612662844,15.457852151439731,0.8022530840079654,-0.916346579165015,187.8430166032922
156.22324599574296,-2.2855278167870416,15.457502821775611,0.8017956498180543,-0.9160452597161062,187.85803387636005
156.2353219329604,-2.286343290437954,15.457154518844519,0.8013382712727245,-0.9157444312378491,187.8730187413919
156.24739602974313,-2.287155035078516,15.456807242028141,0.8008809484544395,-0.915444093434591,187.8879712109612
156.25946828630916,-2.287963052171223,15.456460990708349,0.8004236814455766,-0.9151442460107491,187.90289129763846
156.27153870287685,-2.288767343178155,15.456115764267214,0.7999664703284328,-0.9148448886708107,187.91777901399064
156.2836072796649,-2.289567909561163,15.455771562086973,0.7995093151852197,-0.9145460211193351,187.93263437258167
156.29567401689252,-2.2903647527816005,15.455428383550068,0.7990522160980658,-0.9142476430609517,187.94745738597234
156.30773891477943,-2.2911578743004917,15.455086228039127,0.7985951731490148,-0.9139497542003611,187.9622480667205
156.3198019735456,-2.2919472755785617,15.454745094936962,0.798138186420029,-0.9136523542423344,187.9770064273805
156.3318631934115,-2.2927329580760594,15.454404983626574,0.7976812559929882,-0.9133554428917141,187.99173248050377
156.3439225745981,-2.2935149232529035,15.454065893491153,0.7972243819496865,-0.9130590198534148,188.0064262386384
156.35598011732668,-2.294293172568716,15.453727823914077,0.7967675643718333,-0.9127630848324192,188.0210877143294
156.36803582181903,-2.295067707482645,15.453390774278912,0.7963108033410613,-0.9124676375337848,188.03571692011872
156.38008968829732,-2.2958385294535337,15.453054743969414,0.7958540989389121,-0.9121726776626371,188.05031386854517
156.39214171698418,-2.2966056399398287,15.452719732369518,0.795397451246851,-0.9118782049241743,188.0648785721443
156.4041919081027,-2.297369040399607,15.452385738863358,0.794940860346254,-0.9115842190236647,188.0794110434483
156.41624026187625,-2.298128732290642,15.452052762835251,0.7944843263184185,-0.9112907196664498,188.09391129498684
156.42828677852876,-2.2988847170702424,15.451720803669703,0.7940278492445579,-0.9109977065579405,188.1083793392856
156.44033145828462,-2.299636996195389,15.451389860751402,0.7935714292057996,-0.9107051794036198,188.12281518886786
156.45237430136845,-2.3003855711227477,15.451059933465233,0.793115066283192,-0.9104131379090419,188.1372188562533
156.46441530800553,-2.301130443308544,15.450731021196269,0.7926587605576978,-0.9101215817798316,188.15159035395874
156.47645447842137,-2.3018716142086224,15.450403123329753,0.792202512110201,-0.9098305107216867,188.1659296944975
156.48849181284206,-2.3026090852785677,15.450076239251139,0.7917463210214944,-0.9095399244403756,188.18023689038
156.50052731149398,-2.303342857973486,15.449750368346054,0.7912901873722971,-0.9092498226417365,188.19451195411352
156.5125609746041,-2.304072933748139,15.449425510000324,0.7908341112432393,-0.9089602050316822,188.20875489820213
156.52459280239958,-2.304799314056996,15.449101663599949,0.79037809271487,-0.9086710713161948,188.22296573514672
156.53662279510823,-2.305522000354062,15.448778828531125,0.7899221318676564,-0.908382421201329,188.23714447744513
156.5486509529582,-2.3062409940929838,15.448457004180238,0.7894662287819818,-0.9080942543932105,188.25129113759186
156.560677276178,-2.306956296727131,15.448136189933848,0.7890103835381477,-0.9078065705980374,188.26540572807826
156.57270176499665,-2.3076679097094104,15.447816385178719,0.788554596216374,-0.9075193695220777,188.2794882613931
156.58472441964355,-2.3083758344924012,15.447497589301795,0.7880988668967943,-0.9072326508716735,188.2935387500212
156.59674524034858,-2.3090800725282903,15.44717980169021,0.7876431956594612,-0.9069464143532374,188.30755720644478
156.608764227342,-2.3097806252689153,15.446863021731279,0.7871875825843471,-0.9066606596732522,188.3215436431427
156.62078138085442,-2.310477494165773,15.446547248812513,0.786732027751339,-0.9063753865382765,188.33549807259058
156.632796701117,-2.3111706806699415,15.446232482321603,0.786276531240244,-0.9060905946549367,188.34942050726116
156.64481018836133,-2.3118601862321277,15.445918721646434,0.7858210931307823,-0.9058062837299335,188.3633109596239
156.65682184281926,-2.312546012302761,15.445605966175075,0.7853657135025967,-0.9055224534700388,188.37716944214503
156.66883166472323,-2.3132281603317946,15.445294215295775,0.7849103924352432,-0.9052391035820957,188.39099596728784
156.68083965430606,-2.3139066317688526,15.444983468396988,0.7844551300081996,-0.9049562337730189,188.40479054751222
156.69284581180088,-2.314581428063225,15.444673724867341,0.7839999263008599,-0.9046738437497984,188.4185531952751
156.7048501374414,-2.315252550663799,15.444364984095653,0.783544781392532,-0.9043919332194928,188.4322839230305
156.71685263146173,-2.3159200010190566,15.444057245470924,0.7830896953624484,-0.9041105018892339,188.4459827432285
156.72885329409624,-2.3165837805772176,15.44375050838236,0.7826346682897534,-0.9038295494662261,188.459649668317
156.74085212557992,-2.317243890786049,15.443444772219326,0.7821797002535119,-0.903549075657745,188.47328471074016
156.75284912614808,-2.3179003330929477,15.443140036371403,0.781724791332707,-0.9032690801711373,188.4868878829393
156.7648442960365,-2.3185531089450055,15.442836300228327,0.7812699416062374,-0.9029895627138264,188.50045919735217
156.77683763548126,-2.3192022197889073,15.442533563180058,0.7808151511529232,-0.9027105229933027,188.51399866641404
156.78882914471907,-2.3198476670709507,15.442231824616716,0.7803604200514986,-0.9024319607171327,188.52750630255636
156.8008188239869,-2.3204894522371062,15.441931083928619,0.7799057483806158,-0.9021538755929523,188.54098211820795
156.8128066735222,-2.3211275767329274,15.441631340506262,0.7794511362188519,-0.9018762673284698,188.55442612579418
156.82479269356278,-2.321762042003668,15.441332593740348,0.7789965836446938,-0.9015991356314699,188.5678383377374
156.83677688434693,-2.3223928494941717,15.441034843021745,0.7785420907365482,-0.9013224802098055,188.581218766457
156.8487592461134,-2.3230200006488824,15.440738087741511,0.7780876575727449,-0.9010463007714041,188.59456742436885
156.86073977910127,-2.3236434969119624,15.440442327290908,0.7776332842315239,-0.9007705970242635,188.60788432388597
156.87271848355002,-2.3242633397271475,15.440147561061371,0.7771789707910514,-0.9004953686764556,188.62116947741828
156.8846953596997,-2.32487953053778,15.439853788444516,0.7767247173294067,-0.9002206154361256,188.63442289737222
156.89667040779062,-2.3254920707869253,15.439561008832168,0.7762705239245871,-0.8999463370114893,188.6476445961516
156.9086436280636,-2.3261009619172066,15.43926922161631,0.7758163906545128,-0.8996725331108363,188.66083458615657
156.92061502075987,-2.3267062053708583,15.43897842618914,0.775362317597018,-0.8993992034425288,188.6739928797845
156.93258458612098,-2.3273078025898504,15.43868862194302,0.7749083048298568,-0.8991263477150016,188.68711948942953
156.94455232438906,-2.3279057550157054,15.438399808270514,0.7744543524307013,-0.8988539656367607,188.7002144274825
156.9565182358066,-2.3285000640895674,15.438111984564362,0.7740004604771415,-0.8985820569163876,188.71327770633164
156.9684823206164,-2.3290907312522813,15.4378251502175,0.7735466290466892,-0.8983106212625349,188.7263093383613
156.9804445790618,-2.3296777579442853,15.437539304623046,0.7730928582167704,-0.898039658383927,188.73930933595327
156.99240501138655,-2.3302611456056184,15.437254447174308,0.7726391480647309,-0.8977691679893645,188.75227771148602
157.00436361783477,-2.330840895676016,15.436970577264772,0.7721854986678369,-0.897499149787716,188.7652144773348
157.01632039865106,-2.33141700959477,15.43668769428812,0.7717319101032711,-0.8972296034879272,188.7781196458719
157.0282753540803,-2.3319894888008985,15.436405797638212,0.7712783824481354,-0.8969605287990159,188.79099322946632
157.04022848436796,-2.332558334733007,15.436124886709107,0.7708249157794509,-0.8966919254300691,188.8038352404841
157.0521797897599,-2.3331235488292683,15.43584496089504,0.7703715101741573,-0.8964237930902528,188.81664569128793
157.0641292705022,-2.3336851325276142,15.435566019590436,0.7699181657091128,-0.8961561314888015,188.82942459423768
157.07607692684158,-2.3342430872655267,15.435288062189903,0.7694648824610941,-0.895888940335025,188.8421719616897
157.08802275902516,-2.334797414480105,15.435011088088249,0.7690116605067974,-0.895622219338305,188.85488780599755
157.09996676730032,-2.3353481156081775,15.434735096680443,0.7685584999228371,-0.8953559682080967,188.86757213951154
157.11190895191498,-2.335895192086096,15.434460087361668,0.7681054007857476,-0.8950901866539285,188.88022497457882
157.12384931311752,-2.3364386453498693,15.434186059527274,0.7676523631719818,-0.8948248743854015,188.89284632354338
157.13578785115655,-2.336978476835234,15.433913012572807,0.7671993871579096,-0.8945600311121922,188.90543619874606
157.14772456628128,-2.3375146879774387,15.433640945894002,0.7667464728198228,-0.8942956565440463,188.91799461252495
157.15965945874123,-2.3380472802114256,15.43336985888676,0.7662936202339321,-0.8940317503907863,188.93052157721442
157.17159252878642,-2.3385762549717466,15.433099750947191,0.7658408294763639,-0.8937683123623064,188.9430171051462
157.18352377666722,-2.3391016136925806,15.432830621471595,0.7653881006231675,-0.8935053421685737,188.95548120864862
157.19545320263438,-2.3396233578078007,15.432562469856432,0.7649354337503089,-0.8932428395196315,188.96791390004697
157.2073808069392,-2.3401414887508447,15.432295295498367,0.7644828289336738,-0.8929808041255932,188.9803151916635
157.21930658983328,-2.3406560079547734,15.432029097794251,0.7640302862490729,-0.8927192356966462,188.99268509581717
157.23123055156861,-2.341166916852374,15.431763876141112,0.7635778057722229,-0.8924581339430532,189.00502362482393
157.24315269239767,-2.3416742168759854,15.431499629936173,0.7631253875787731,-0.8921974985751484,189.0173307909966
157.25507301257343,-2.34217790945755,15.431236358576836,0.7626730317442851,-0.8919373293033415,189.0296066066448
157.26699151234905,-2.342677996028776,15.430974061460699,0.7622207383442419,-0.891677625838113,189.0418510840752
157.27890819197827,-2.3431744780208668,15.430712737985536,0.7617685074540463,-0.8914183878900196,189.05406423559103
157.2908230517153,-2.3436673568647057,15.430452387549312,0.761316339149019,-0.8911596151696906,189.06624607349286
157.30273609181447,-2.3441566339908744,15.430193009550175,0.7608642335044025,-0.8909013073878286,189.07839661007756
157.31464731253087,-2.34464231082949,15.429934603386465,0.7604121905953554,-0.8906434642552101,189.09051585763956
157.32655671411987,-2.3451243888103206,15.429677168456697,0.7599602104969572,-0.8903860854826853,189.10260382846968
157.33846429683712,-2.34560286936285,15.429420704159584,0.7595082932842109,-0.8901291707811787,189.11466053485557
157.35037006093884,-2.346077753916098,15.429165209894018,0.7590564390320356,-0.8898727198616886,189.12668598908218
157.36227400668164,-2.3465490438987633,15.428910685059083,0.7586046478152679,-0.8896167324352859,189.13868020343105
157.37417613432254,-2.347016740739158,15.42865712905404,0.7581529197086686,-0.8893612082131168,189.15064319018046
157.38607644411897,-2.3474808458652325,15.42840454127834,0.7577012547869153,-0.8891061469063991,189.16257496160605
157.3979749363287,-2.3479413607046165,15.428152921131627,0.7572496531246068,-0.8888515482264273,189.1744755299799
157.40987161120998,-2.348398286684495,15.427902268013709,0.7567981147962619,-0.8885974118845683,189.18634490757108
157.4217664690215,-2.3488516252317098,15.427652581324612,0.7563466398763173,-0.888343737592264,189.19818310664584
157.43365951002224,-2.349301377772808,15.427403860464521,0.7558952284391334,-0.8880905250610279,189.2099901394668
157.44555073447174,-2.3497475457338775,15.427156104833822,0.7554438805589859,-0.8878377740024501,189.221766018294
157.4574401426299,-2.3501901305406574,15.42690931383307,0.754992596310073,-0.8875854841281937,189.23351075538378
157.46932773475694,-2.350629133618581,15.426663486863035,0.7545413757665135,-0.8873336551499956,189.24522436298994
157.48121351111362,-2.3510645563926404,15.426418623324636,0.7540902190023451,-0.887082286779668,189.25690685336284
157.49309747196105,-2.3514964002874854,15.426174722619008,0.7536391260915266,-0.8868313787290959,189.26855823874982
157.5049796175607,-2.3519246667274345,15.425931784147451,0.753188097107935,-0.8865809307102385,189.28017853139502
157.51685994817453,-2.352349357136397,15.42568980731147,0.75273713212537,-0.8863309424351302,189.2917677435395
157.528738464065,-2.3527704729379146,15.42544879151273,0.7522862312175478,-0.8860814136158788,189.30332588742147
157.54061516549461,-2.3531880155551974,15.425208736153113,0.7518353944581114,-0.8858323439646677,189.3148529752755
157.55249005272674,-2.3536019864110735,15.424969640634657,0.751384621920617,-0.8855837331937527,189.32634901933352
157.5643631260249,-2.354012386927978,15.424731504359608,0.7509339136785442,-0.8853355810154643,189.3378140318241
157.57623438565304,-2.3544192185280184,15.424494326730374,0.7504832698052943,-0.8850878871422094,189.34924802497272
157.5881038318756,-2.3548224826328834,15.424258107149575,0.7500326903741881,-0.8848406512864663,189.360651011002
157.59997146495732,-2.3552221806639944,15.424022845020001,0.7495821754584631,-0.884593873160789,189.37202300213113
157.61183728516346,-2.355618314042302,15.423788539744626,0.7491317251312828,-0.8843475524778082,189.38336401057632
157.6237012927596,-2.3560108841884078,15.423555190726617,0.7486813394657316,-0.884101688950225,189.39467404855057
157.63556348801177,-2.3563998925226213,15.423322797369318,0.7482310185348058,-0.8838562822908178,189.40595312826395
157.64742387118636,-2.356785340464825,15.42309135907627,0.7477807624114331,-0.883611332212438,189.41720126192342
157.6592824425503,-2.3571672294345,15.422860875251187,0.7473305711684555,-0.8833668384280131,189.4284184617326
157.67113920237077,-2.357545560850873,15.422631345297978,0.7468804448786375,-0.8831228006505434,189.4396047398922
157.68299415091542,-2.357920336132705,15.422402768620726,0.7464303836146637,-0.882879218593106,189.45076010859978
