galstreams/tracks/track.st.Gaia-10.ibata2021.ecsv
# %ECSV 0.9
# ---
# datatype:
# - {name: ra, unit: deg, datatype: float64}
# - {name: dec, unit: deg, datatype: float64}
# - {name: distance, unit: kpc, datatype: float64}
# - {name: pm_ra_cosdec, unit: mas / yr, datatype: float64}
# - {name: pm_dec, unit: mas / yr, datatype: float64}
# - {name: radial_velocity, unit: km / s, datatype: float64}
# delimiter: ','
# meta: !!omap
# - __serialized_columns__:
#     dec:
#       __class__: astropy.coordinates.angles.Latitude
#       unit: &id001 !astropy.units.Unit {unit: deg}
#       value: !astropy.table.SerializedColumn {name: dec}
#     distance:
#       __class__: astropy.coordinates.distances.Distance
#       unit: !astropy.units.Unit {unit: kpc}
#       value: !astropy.table.SerializedColumn {name: distance}
#     pm_dec:
#       __class__: astropy.units.quantity.Quantity
#       unit: !astropy.units.Unit {unit: mas / yr}
#       value: !astropy.table.SerializedColumn {name: pm_dec}
#     pm_ra_cosdec:
#       __class__: astropy.units.quantity.Quantity
#       unit: !astropy.units.Unit {unit: mas / yr}
#       value: !astropy.table.SerializedColumn {name: pm_ra_cosdec}
#     ra:
#       __class__: astropy.coordinates.angles.Longitude
#       unit: *id001
#       value: !astropy.table.SerializedColumn {name: ra}
#       wrap_angle: !astropy.coordinates.Angle
#         unit: *id001
#         value: 360.0
#     radial_velocity:
#       __class__: astropy.units.quantity.Quantity
#       unit: !astropy.units.Unit {unit: km / s}
#       value: !astropy.table.SerializedColumn {name: radial_velocity}
# schema: astropy-2.0
ra,dec,distance,pm_ra_cosdec,pm_dec,radial_velocity
[from data line 1507]
166.2585585706992,14.319905230234605,12.421585961175735,-4.888038170605338,-3.247452853918562,-5.894536990910637e-14
166.26881497974395,14.318742284253386,12.41997699915456,-4.889898225336605,-3.2479400982221347,-4.210383564936169e-14
166.27907127518776,14.317578845349788,12.418368733972331,-4.891761837542539,-3.2484290896812174,-1.1789073981821273e-13
166.28932745687234,14.31641491268303,12.416761162577894,-4.893629012492299,-3.248919831773013,-1.6841534259744676e-14
166.29958352463944,14.315250485412367,12.415154281920067,-4.895499755455648,-3.2494123279739275,-4.210383564936169e-14
166.30983947833053,14.314085562697095,12.413548088947698,-4.897374071702935,-3.2499065817595714,-1.6841534259744676e-14
166.32009531778695,14.312920143696545,12.411942580609622,-4.899251966505115,-3.2504025966047507,-2.5262301389617013e-14
166.33035104284997,14.311754227570074,12.410337753854664,-4.901133445133732,-3.250900375983481,-4.210383564936169e-14
166.3406066533606,14.310587813477081,12.408733605631669,-4.90301851286093,-3.251399923368973,-4.210383564936169e-14
166.35086214915984,14.30942090057701,12.407130132889467,-4.904907174959445,-3.2519012422336475,0.0
166.36111753008848,14.308253488029319,12.405527332576888,-4.906799436702612,-3.2524043360491217,-4.210383564936169e-14
166.37137279598716,14.307085574993515,12.403925201642782,-4.9086953033643566,-3.2529092082862143,-5.0524602779234026e-14
166.3816279466964,14.305917160629145,12.402323737035967,-4.9105947802192,-3.253415862414958,-7.578690416885104e-14
166.3918829820566,14.304748244095778,12.400722935705291,-4.912497872542261,-3.253924301904578,-4.210383564936169e-14
166.40213790190793,14.303578824553025,12.399122794599581,-4.914404585609248,-3.254434530223508,-1.6841534259744676e-14
166.41239270609057,14.302408901160538,12.397523310667676,-4.916314924696469,-3.2549465508393842,4.210383564936169e-14
166.42264739444445,14.301238473077984,12.395924480858412,-4.918228895080812,-3.25546036721905,-2.5262301389617013e-14
166.43290196680934,14.300067539465099,12.394326302120618,-4.920146502039777,-3.2559759828285495,-1.6841534259744676e-14
166.44315642302496,14.29889609948162,12.392728771403135,-4.922067750851442,-3.25649340113313,-8.420767129872338e-14
166.4534107629308,14.297724152287344,12.391131885654795,-4.923992646794483,-3.2570126255972522,-4.210383564936169e-14
166.46366498636627,14.296551697042089,12.389535641824432,-4.925921195148171,-3.2575336596845736,-3.368306851948935e-14
166.47391909317062,14.295378732905712,12.387940036860886,-4.92785340119236,-3.258056506857958,-1.6841534259744676e-14
166.48417308318298,14.294205259038106,12.386345067712988,-4.929789270207506,-3.25858117057948,-3.368306851948935e-14
166.4944269562423,14.293031274599212,12.384750731329571,-4.9317288074746495,-3.2591076543104136,-8.420767129872338e-14
166.5046807121874,14.291856778748977,12.383157024659473,-4.933672018275424,-3.2596359615112465,1.6841534259744676e-14
166.51493435085698,14.29068177064741,12.381563944651528,-4.935618907892059,-3.2601660956416616,-8.420767129872338e-15
166.5251878720896,14.28950624945455,12.379971488254576,-4.937569481607363,-3.260698060160557,-9.262843842859572e-14
166.53544127572363,14.288330214330458,12.378379652417445,-4.9395237447047435,-3.2612318585260387,-2.5262301389617013e-14
166.54569456159734,14.28715366443525,12.376788434088972,-4.941481702468196,-3.2617674941954142,-2.5262301389617013e-14
166.5559477295489,14.285976598929059,12.375197830217997,-4.943443360182303,-3.262304970625199,-2.5262301389617013e-14
166.5662007794163,14.284799016972068,12.373607837753342,-4.945408723132244,-3.262844291271122,-7.578690416885104e-14
166.57645371103735,14.283620917724487,12.372018453643857,-4.947377796603778,-3.263385459588111,-5.0524602779234026e-14
166.58670652424976,14.282442300346565,12.370429674838368,-4.949350585883257,-3.2639284790303082,-8.420767129872338e-14
166.5969592188911,14.281263163998585,12.368841498285716,-4.951327096257621,-3.264473353051061,-5.0524602779234026e-14
166.60721179479881,14.280083507840866,12.367253920934727,-4.9533073330144015,-3.2650200851029276,-9.262843842859572e-14
166.6174642518102,14.278903331033762,12.365666939734249,-4.955291301441709,-3.2655686786376728,-7.578690416885104e-14
166.62771658976234,14.277722632737664,12.364080551633103,-4.957279006828254,-3.2661191371062723,-5.0524602779234026e-14
166.6379688084923,14.276541412113001,12.362494753580132,-4.959270454463326,-3.2666714639589087,8.420767129872338e-15
166.64822090783696,14.275359668320226,12.360909542524169,-4.9612656496368,-3.2672256626449734,8.420767129872338e-15
166.658472887633,14.274177400519843,12.359324915414051,-4.963264597639145,-3.267781736613073,3.368306851948935e-14
166.66872474771708,14.272994607872382,12.357740869198606,-4.96526730376141,-3.2683396893110186,-7.578690416885104e-14
166.67897648792555,14.27181128953841,12.35615740082668,-4.9672737732952355,-3.2688995241858314,0.0
166.6892281080948,14.27062744467853,12.354574507247102,-4.96928401153284,-3.269461244683745,-3.368306851948935e-14
166.699479608061,14.269443072453376,12.35299218540871,-4.9712980237670354,-3.2700248542502033,-9.262843842859572e-14
166.70973098766012,14.268258172023637,12.35141043226033,-4.973315815291216,-3.270590356329862,-5.0524602779234026e-14
166.7199822467281,14.267072742550004,12.349829244750806,-4.975337391399364,-3.2711577543665875,2.5262301389617013e-14
166.73023338510072,14.265886783193233,12.348248619828974,-4.977362757386038,-3.2717270518034542,0.0
166.74048440261353,14.26470029311411,12.34666855444366,-4.979391918546391,-3.272298252082751,-8.420767129872338e-15
166.75073529910205,14.263513271473444,12.345089045543704,-4.981424880176152,-3.2728713586459808,-1.6841534259744676e-14
166.7609860744016,14.262325717432088,12.343510090077945,-4.983461647571638,-3.273446374933855,2.5262301389617013e-14
166.77123672834736,14.26113763015093,12.341931684995211,-4.9855022260297535,-3.274023304386297,0.0
166.7814872607744,14.259949008790898,12.340353827244341,-4.987546620847976,-3.274602150442446,-1.6841534259744676e-14
166.7917376715177,14.258759852512943,12.33877651377417,-4.989594837324374,-3.2751829165406505,-1.6841534259744676e-14
166.80198796041194,14.257570160478068,12.33719974153353,-4.991646880757599,-3.2757656061184757,-8.420767129872338e-15
166.81223812729183,14.256379931847297,12.335623507471263,-4.993702756446873,-3.2763502226126957,-2.5262301389617013e-14
166.82248817199184,14.255189165781703,12.334047808536196,-4.995762469692019,-3.2769367694593026,-3.368306851948935e-14
166.83273809434635,14.253997861442386,12.332472641677166,-4.997826025793429,-3.2775252500935,-8.420767129872338e-14
166.84298789418958,14.252806017990478,12.330898003843009,-4.999893430052079,-3.2781156679497054,3.368306851948935e-14
166.85323757135563,14.251613634587155,12.329323891982561,-5.001964687769527,-3.278708026461549,-6.73661370389787e-14
166.86348712567843,14.250420710393625,12.32775030304466,-5.0040398042479115,-3.2793023290618804,0.0
166.87373655699182,14.24922724457114,12.326177233978132,-5.006118784789951,-3.279898579182757,-7.578690416885104e-14
166.8839858651294,14.248033236280968,12.324604681731822,-5.008201634698949,-3.280496780255459,-8.420767129872338e-15
166.8942350499248,14.246838684684436,12.323032643254553,-5.01028835927878,-3.281096935710478,-3.368306851948935e-14
166.90448411121136,14.245643588942887,12.321461115495172,-5.012378963833905,-3.2816990489775195,-5.0524602779234026e-14
166.9147330488223,14.244447948217715,12.319890095402512,-5.014473453669363,-3.2823031234855056,-1.6841534259744676e-14
166.92498186259087,14.24325176167034,12.318319579925397,-5.0165718340907794,-3.282909162662576,-8.420767129872338e-14
166.9352305523499,14.24205502846222,12.316749566012673,-5.018674110404343,-3.2835171699360868,-5.894536990910637e-14
166.9454791179323,14.240857747754848,12.315180050613177,-5.020780287916827,-3.284127148732607,3.368306851948935e-14
166.9557275591708,14.239659918709762,12.31361103067573,-5.022890371935595,-3.284739102477928,-8.420767129872338e-14
166.96597587589795,14.238461540488519,12.312042503149184,-5.02500436776857,-3.285353034597052,-4.210383564936169e-14
166.97622406794616,14.237262612252726,12.310474464982361,-5.027122280724268,-3.285968948514203,-5.894536990910637e-14
166.98647213514775,14.23606313316402,12.308906913124101,-5.029244116111773,-3.2865868476528224,-1.0104920555846805e-13
166.9967200773348,14.234863102384068,12.307339844523243,-5.0313698792407475,-3.287206735435564,-8.420767129872338e-15
167.00696789433943,14.233662519074588,12.305773256128614,-5.033499575421437,-3.287828615284307,3.368306851948935e-14
167.01721558599345,14.232461382397329,12.304207144889054,-5.035633209964659,-3.288452490620143,-6.73661370389787e-14
167.02746315212863,14.231259691514056,12.302641507753393,-5.0377707881818035,-3.289078364863386,-1.0946997268834039e-13
167.03771059257656,14.23005744558659,12.301076341670475,-5.039912315384841,-3.289706241433564,-7.578690416885104e-14
167.0479579071687,14.228854643776797,12.299511643589128,-5.042057796886318,-3.2903361237494315,-3.368306851948935e-14
167.05820509573638,14.227651285246548,12.297947410458189,-5.044207237999358,-3.290968015228954,-2.5262301389617013e-14
167.06845215811083,14.226447369157773,12.296383639226496,-5.046360644037652,-3.2916019192893224,8.420767129872338e-15
167.07869909412304,14.225242894672439,12.294820326842878,-5.048518020315474,-3.292237839346943,4.210383564936169e-14
167.08894590360399,14.224037860952533,12.293257470256169,-5.05067937214767,-3.2928757788174456,-4.210383564936169e-14
167.0991925863844,14.22283226716009,12.29169506641521,-5.052844704849659,-3.2935157411156784,-4.210383564936169e-14
167.10943914229492,14.221626112457175,12.290133112268833,-5.0550140237374315,-3.294157729655711,8.420767129872338e-15
167.11968557116612,14.220419396005891,12.288571604765876,-5.057187334127558,-3.294801747850832,-6.73661370389787e-14
167.12993187282825,14.219212116968377,12.287010540855173,-5.059364641337177,-3.295447799113554,0.0
167.14017804711168,14.218004274506814,12.285449917485554,-5.061545950684002,-3.2960958868556074,-1.6841534259744676e-14
167.1504240938464,14.216795867783405,12.283889731605859,-5.06373126748632,-3.2967460144879466,0.0
167.1606700128624,14.215586895960401,12.28232998016492,-5.065920597062991,-3.297398185420745,8.420767129872338e-15
167.17091580398954,14.214377358200082,12.280770660111578,-5.068113944733441,-3.2980524030634024,-7.578690416885104e-14
167.18116146705742,14.213167253664771,12.279211768394662,-5.070311315817676,-3.298708670824537,-8.420767129872338e-14
167.19140700189564,14.211956581516818,12.277653301963008,-5.072512715636271,-3.29936699211199,-1.6841534259744676e-14
167.20165240833362,14.210745340918614,12.276095257765448,-5.074718149510372,-3.3000273703328276,-3.368306851948935e-14
167.2118976862006,14.209533531032589,12.27453763275082,-5.076927622761694,-3.300689808893337,0.0
167.2221428353257,14.208321151021199,12.272980423867965,-5.07914114071252,-3.301354311199028,-4.210383564936169e-14
167.23238785553798,14.207108200046946,12.271423628065712,-5.0813587086857135,-3.302020880654637,8.420767129872338e-15
167.24263274666632,14.20589467727236,12.269867242292896,-5.0835803320047,-3.3026895206641194,-7.578690416885104e-14
167.2528775085393,14.204680581860021,12.268311263498349,-5.085806015993478,-3.303360234630662,4.210383564936169e-14
167.26312214098573,14.203465912972524,12.266755688630914,-5.0880357659766124,-3.304033025956666,-7.578690416885104e-14
167.2733666438339,14.202250669772514,12.26520051463942,-5.090269587279242,-3.3047078980437665,-2.5262301389617013e-14
167.28361101691215,14.201034851422673,12.263645738472702,-5.092507485227068,-3.3053848542928175,-4.210383564936169e-14
167.29385526004873,14.199818457085712,12.262091357079594,-5.0947494651463705,-3.3060638981039006,2.5262301389617013e-14
167.30409937307164,14.198601485924373,12.260537367408938,-5.0969955323639855,-3.3067450328763206,-4.210383564936169e-14
167.3143433558088,14.19738393710146,12.258983766409564,-5.099245692207326,-3.30742826200861,-1.1789073981821273e-13
167.32458720808796,14.196165809779778,12.257430551030309,-5.101499950004365,-3.3081135888985287,-5.0524602779234026e-14
167.3348309297368,14.194947103122196,12.25587771822,-5.1037583110836575,-3.3088010169430566,-8.420767129872338e-14
167.34507452058278,14.193727816291599,12.25432526492748,-5.106020780774307,-3.3094905495384066,0.0
167.35531798045335,14.19250794845092,12.252773188101587,-5.108287364405997,-3.3101821900800137,-5.894536990910637e-14
167.36556130917563,14.191287498763128,12.251221484691145,-5.110558067308976,-3.310875941962542,-6.73661370389787e-14
167.3758045065768,14.190066466391224,12.249670151644997,-5.11283289481405,-3.3115718085798824,-2.5262301389617013e-14
167.38604757248376,14.188844850498242,12.24811918591198,-5.115111852252602,-3.3122697933251506,5.0524602779234026e-14
167.39629050672337,14.18762265024726,12.246568584440922,-5.1173949449565725,-3.312969899590694,-4.210383564936169e-14
167.40653330912232,14.18639986480138,12.245018344180663,-5.119682178258471,-3.3136721307680848,8.420767129872338e-15
167.41677597950718,14.185176493323763,12.243468462080036,-5.121973557491374,-3.3143764902481263,8.420767129872338e-15
167.4270185177043,14.183952534977578,12.241918935087877,-5.124269087988919,-3.3150829814208453,-1.6841534259744676e-14
167.43726092354004,14.182727988926054,12.240369760153017,-5.126568775085312,-3.3157916076755045,-4.210383564936169e-14
167.44750319684053,14.181502854332429,12.238820934224298,-5.128872624115317,-3.3165023724005875,-5.894536990910637e-14
167.45774533743173,14.180277130360011,12.237272454250547,-5.13118064041427,-3.317215278983816,3.368306851948935e-14
167.46798734513956,14.179050816172118,12.235724317180605,-5.133492829318063,-3.317930330812131,-3.368306851948935e-14
167.47822921978977,14.17782391093211,12.234176519963304,-5.135809196163156,-3.3186475312717088,-2.5262301389617013e-14
167.48847096120795,14.176596413803392,12.232629059547481,-5.138129746286569,-3.3193668837479584,0.0
167.49871256921958,14.175368323949394,12.231081932881974,-5.140454485025889,-3.320088391625512,-6.73661370389787e-14
167.50895404365,14.174139640533593,12.22953513691561,-5.142783417719261,-3.3208120582882397,-5.0524602779234026e-14
167.51919538432438,14.17291036271949,12.227988668597227,-5.145116549705396,-3.321537887119237,-6.73661370389787e-14
167.52943659106782,14.17168048967063,12.226442524875663,-5.147453886323562,-3.322265881500831,-3.368306851948935e-14
167.53967766370522,14.170450020550588,12.22489670269975,-5.149795432913594,-3.322996044814583,3.368306851948935e-14
167.54991860206147,14.169218954522988,12.223351199018321,-5.152141194815886,-3.323728380441283,-5.0524602779234026e-14
167.56015940596112,14.167987290751475,12.22180601078022,-5.154491177371386,-3.324462891760954,-5.894536990910637e-14
167.57040007522875,14.166755028399741,12.220261134934274,-5.156845385921619,-3.3251995821528513,-1.1789073981821273e-13
167.58064060968874,14.165522166631503,12.218716568429322,-5.159203825808653,-3.32593845499546,1.6841534259744676e-14
167.59088100916537,14.164288704610527,12.217172308214192,-5.161566502375128,-3.326679513666504,8.420767129872338e-15
167.6011212734828,14.163054641500613,12.215628351237724,-5.163933420964239,-3.327422761542932,-1.1789073981821273e-13
167.6113614024649,14.161819976465582,12.214084694448758,-5.166304586919735,-3.328168202000932,8.420767129872338e-15
167.6216013959356,14.16058470866931,12.21254133479612,-5.168680005585937,-3.3289158384159228,-8.420767129872338e-15
167.63184125371868,14.159348837275703,12.21099826922865,-5.171059682307717,-3.329665674162556,0.0
167.64208097563764,14.158112361448692,12.209455494695183,-5.173443622430502,-3.330417712614718,-1.6841534259744676e-14
