galstreams/tracks/track.st.Ophiuchus.caldwell2020.ecsv
# %ECSV 0.9
# ---
# datatype:
# - {name: ra, unit: deg, datatype: float64}
# - {name: dec, unit: deg, datatype: float64}
# - {name: distance, unit: kpc, datatype: float64}
# - {name: pm_ra_cosdec, unit: mas / yr, datatype: float64}
# - {name: pm_dec, unit: mas / yr, datatype: float64}
# - {name: radial_velocity, unit: km / s, datatype: float64}
# delimiter: ','
# meta: !!omap
# - __serialized_columns__:
#     dec:
#       __class__: astropy.coordinates.angles.Latitude
#       unit: &id001 !astropy.units.Unit {unit: deg}
#       value: !astropy.table.SerializedColumn {name: dec}
#     distance:
#       __class__: astropy.coordinates.distances.Distance
#       unit: !astropy.units.Unit {unit: kpc}
#       value: !astropy.table.SerializedColumn {name: distance}
#     pm_dec:
#       __class__: astropy.units.quantity.Quantity
#       unit: !astropy.units.Unit {unit: mas / yr}
#       value: !astropy.table.SerializedColumn {name: pm_dec}
#     pm_ra_cosdec:
#       __class__: astropy.units.quantity.Quantity
#       unit: !astropy.units.Unit {unit: mas / yr}
#       value: !astropy.table.SerializedColumn {name: pm_ra_cosdec}
#     ra:
#       __class__: astropy.coordinates.angles.Longitude
#       unit: *id001
#       value: !astropy.table.SerializedColumn {name: ra}
#       wrap_angle: !astropy.coordinates.Angle
#         unit: *id001
#         value: 360.0
#     radial_velocity:
#       __class__: astropy.units.quantity.Quantity
#       unit: !astropy.units.Unit {unit: km / s}
#       value: !astropy.table.SerializedColumn {name: radial_velocity}
# schema: astropy-2.0
ra,dec,distance,pm_ra_cosdec,pm_dec,radial_velocity
[from data line 415]
245.1796881972553,-7.068362299625082,8.333333333333332,-8.070417824279723,-4.356982312116582,1.0104920555846805e-13
245.18947260122607,-7.070896006037321,8.333333333333332,-8.074358024016243,-4.354947721442898,8.420767129872338e-14
245.19925517287302,-7.073443901939179,8.333333333333332,-8.078244874029782,-4.35287401051129,4.210383564936169e-15
245.20903592464825,-7.076005901625471,8.33333333333333,-8.082078691898966,-4.3507611555959205,-3.789345208442552e-14
245.21881486940651,-7.0785819163488375,8.33333333333333,-8.085859807730468,-4.348609142291524,1.0104920555846805e-13
245.22859202040846,-7.081171854293996,8.33333333333333,-8.089588564248885,-4.346417965607409,5.0524602779234026e-14
245.23836739132364,-7.083775620552049,8.33333333333333,-8.093265316886578,-4.344187630061463,-7.157652060391487e-14
245.24814099623362,-7.086393117094746,8.33333333333333,-8.096890433873536,-4.341918149774186,1.6841534259744676e-14
245.25791284963537,-7.08902424274879,8.33333333333333,-8.100464296327218,-4.339609548562714,1.8525687685719145e-13
245.26768296644417,-7.091668893170096,8.333333333333332,-8.103987298342354,-4.337261860034872,2.73674931720851e-13
245.27745136199692,-7.094326960818084,8.33333333333333,-8.1074598470808,-4.334875127683227,-2.020984111169361e-13
245.28721805205495,-7.096998334929967,8.33333333333333,-8.110882362861306,-4.332449404979153,-8.841805486365955e-14
245.29698305280755,-7.099682901495012,8.33333333333333,-8.114255279249322,-4.329984755466921,6.315575347404254e-14
245.306746380875,-7.102380543228843,8.33333333333333,-8.117579043146794,-4.327481252857779,-1.2631150694808506e-14
245.31650805331148,-7.105091139547712,8.333333333333332,-8.120854114881915,-4.324938981124055,7.999728773378721e-14
245.3262680876084,-7.10781456654277,8.33333333333333,-8.124080968298893,-4.322358034593283,2.1051917824680846e-14
245.33602650169746,-7.110550696954359,8.33333333333333,-8.127260090847695,-4.319738518042304,3.368306851948935e-14
245.34578331395372,-7.113299400146283,8.33333333333333,-8.130391983673796,-4.317080546791423,1.6841534259744676e-14
245.35553854319875,-7.116060542080097,8.333333333333332,-8.133477161707885,-4.314384246798545,1.7262572616238293e-13
245.3652922087039,-7.118833985289369,8.333333333333334,-8.13651615375561,-4.311649754753347,1.0525958912340423e-13
245.37504433019302,-7.121619588853973,8.333333333333334,-8.13950950258724,-4.3088772181714265,8.420767129872338e-15
245.38479492784595,-7.124417208374349,8.333333333333334,-8.142457765027396,-4.306066795488508,-4.631421921429786e-14
245.39454402230135,-7.127226695945803,8.333333333333334,-8.145361512044712,-4.303218656154609,1.347322740779574e-13
245.4042916346601,-7.130047900132765,8.333333333333334,-8.148221328841503,-4.3003329807282755,3.368306851948935e-14
245.41403778648797,-7.132880665943068,8.333333333333332,-8.151037814943438,-4.297409960970772,1.5578419190263825e-13
245.42378249981923,-7.135724834802231,8.333333333333332,-8.153811584289173,-4.2944497999403275,-6.73661370389787e-14
245.43352579715912,-7.138580244527724,8.333333333333334,-8.156543265319986,-4.291452712086359,7.999728773378721e-14
245.4432677014876,-7.141446729303256,8.333333333333334,-8.159233501069421,-4.288418923343738,1.642049590325106e-13
245.45300823626192,-7.1443241196530325,8.333333333333334,-8.161882949252876,-4.285348671227047,-6.315575347404254e-14
245.4627474254199,-7.147212242416045,8.333333333333336,-8.164492282357223,-4.282242204924848,4.210383564936169e-15
245.47248529338304,-7.150110920720336,8.333333333333334,-8.167062187730387,-4.279099785393982,-5.894536990910637e-14
245.48222186505947,-7.15301997395727,8.333333333333332,-8.169593367670934,-4.275921685453852,2.315710960714893e-13
245.49195716584728,-7.155939217755815,8.333333333333334,-8.172086539517622,-4.272708189880745,1.5578419190263825e-13
245.50169122163717,-7.158868463956805,8.333333333333334,-8.174542435738985,-4.269459595502148,8.420767129872338e-14
245.51142405881592,-7.161807520587224,8.333333333333334,-8.176961804022854,-4.2661762112910875,-1.4736342477276593e-13
245.52115570426906,-7.164756191834461,8.333333333333334,-8.179345407365892,-4.2628583584604645,-2.947268495455318e-14
245.5308861853844,-7.167714278020593,8.333333333333332,-8.181694024163136,-4.259506370557422,3.789345208442552e-14
245.54061553005465,-7.170681575576657,8.333333333333334,-8.184008448297469,-4.256120593557708,-8.420767129872338e-15
245.55034376668075,-7.173657877016901,8.333333333333332,-8.18628948922917,-4.25270138596007,-2.947268495455318e-14
245.5600709241747,-7.176642970913089,8.333333333333334,-8.188537972085344,-4.249249118880623,-2.947268495455318e-14
245.56979703196282,-7.179636641868729,8.333333333333336,-8.190754737749444,-4.245764176147291,-5.4734986344170195e-14
245.5795221199886,-7.182638670493382,8.333333333333334,-8.192940642950713,-4.2422469543941945,-5.4734986344170195e-14
245.5892462187159,-7.185648833376888,8.333333333333336,-8.19509656035363,-4.238697863156095,1.221011233831489e-13
245.5989693591319,-7.188666903063672,8.333333333333334,-8.197223378647365,-4.235117324962845,1.894672604221276e-13
245.60869157275013,-7.191692648026992,8.333333333333332,-8.199322002635203,-4.231505775433822,-2.1051917824680846e-14
245.61841289161342,-7.194725832643206,8.333333333333332,-8.201393353323947,-4.227863663372418,1.0946997268834039e-13
245.62813334829715,-7.197766217166048,8.333333333333334,-8.203438368013344,-4.22419145086051,-1.1368035625327657e-13
245.63785297591204,-7.200813557700886,8.333333333333332,-8.205458000385462,-4.2204896133529575,-7.578690416885104e-14
245.64757180810722,-7.203867606178988,8.333333333333334,-8.207453220594076,-4.2167586397721,8.420767129872338e-14
245.6572898790735,-7.2069281103317975,8.333333333333332,-8.209425015354038,-4.212999032602291,-1.221011233831489e-13
245.6670072235458,-7.209994813665183,8.333333333333334,-8.211374388030626,-4.209211307984406,1.3894265764289357e-13
245.67672387680696,-7.213067455433708,8.333333333333334,-8.2133023587289,-4.205395995810413,-3.368306851948935e-14
245.68643987468985,-7.216145770614909,8.333333333333332,-8.215209964383025,-4.201553639817915,1.1368035625327657e-13
245.69615525358122,-7.219229489883537,8.333333333333332,-8.217098258845585,-4.19768479768472,2.5262301389617013e-14
245.70587005042398,-7.2223183395858275,8.333333333333332,-8.218968312976923,-4.193790041123428,1.3894265764289357e-13
245.7155843027208,-7.225412041713782,8.333333333333332,-8.220821214734384,-4.189869955976032,1.6841534259744676e-14
245.7252980485365,-7.228510313879399,8.333333333333334,-8.222658069261648,-4.185925142308514,6.73661370389787e-14
245.73501132650162,-7.231612869288964,8.333333333333334,-8.224479998977978,-4.181956214505492,0.0
245.74472417581495,-7.234719416717281,8.333333333333334,-8.226288143667468,-4.177963801364827,1.1368035625327657e-13
245.75443663624677,-7.237829660481973,8.333333333333334,-8.228083660568306,-4.1739485461923005,6.315575347404254e-14
245.7641487481417,-7.240943300417705,8.333333333333332,-8.229867724462006,-4.169911106896263,9.683882199353189e-14
245.7738605524218,-7.244060031850458,8.333333333333332,-8.23164152776261,-4.165852156082313,-4.210383564936169e-14
245.78357209058927,-7.247179545571799,8.333333333333332,-8.233406280605926,-4.161772381147999,9.683882199353189e-14
245.79328340472978,-7.250301527813125,8.333333333333332,-8.23516321093869,-4.157672484377509,1.6841534259744677e-13
245.80299453751513,-7.25342566021993,8.333333333333332,-8.236913564607772,-4.153553183036407,-9.262843842859572e-14
245.81270553220625,-7.256551619826052,8.333333333333332,-8.238658605449327,-4.149415209466354,1.1789073981821273e-13
245.82241643265647,-7.259679079027954,8.333333333333332,-8.240399615377962,-4.145259311179864,-7.578690416885104e-14
245.8321272833139,-7.2628077055589495,8.333333333333332,-8.242137894475876,-4.141086250955062,-4.631421921429786e-14
245.8418381292249,-7.265937162463488,8.333333333333334,-8.243874761081987,-4.13689680693046,1.3894265764289357e-13
245.85154901603673,-7.269067108071396,8.333333333333334,-8.245611551881046,-4.132691772699757,1.1789073981821273e-13
245.8612599900006,-7.27219719597213,8.333333333333334,-8.24734962199274,-4.128471957406634,2.5262301389617013e-14
245.87097109797455,-7.275327074989047,8.333333333333334,-8.249090345060788,-4.124238185839584,-6.73661370389787e-14
245.88068238742628,-7.278456389153646,8.333333333333334,-8.250835113342006,-4.119991298526739,3.368306851948935e-14
245.89039390643637,-7.2815847776798215,8.333333333333332,-8.252585337795372,-4.115732151830734,1.0946997268834039e-13
245.90010570370094,-7.284711874938134,8.333333333333332,-8.25434244817107,-4.11146161804356,9.262843842859572e-14
245.90981782853459,-7.287837310430039,8.333333333333336,-8.256107893099536,-4.107180585481457,9.262843842859572e-14
245.9195303308734,-7.290960708762157,8.333333333333332,-8.257883140180466,-4.102889958579806,-6.73661370389787e-14
245.92924326127778,-7.294081689620525,8.333333333333332,-8.259669676071821,-4.098590657988034,-5.0524602779234026e-14
245.93895667093543,-7.297199867744842,8.333333333333332,-8.261469006578823,-4.094283620664558,-1.7262572616238293e-13
245.94867061166408,-7.300314852902723,8.333333333333334,-8.263282656742929,-4.089969799971721,1.0525958912340423e-13
245.95838513591468,-7.3034262498639535,8.333333333333336,-8.265112170930795,-4.085650165770758,2.947268495455318e-14
245.96810029677397,-7.306533658374728,8.333333333333332,-8.266959112923233,-4.081325704516763,-7.157652060391487e-14
245.97781614796753,-7.3096366731319184,8.333333333333334,-8.268825066004117,-4.076997419353685,-2.5262301389617013e-14
245.9875327438626,-7.312734883757307,8.333333333333332,-8.270711633049329,-4.072666330209348,7.999728773378721e-14
245.99725013947113,-7.315827874771847,8.333333333333334,-8.272620436615647,-4.068333473890464,-5.894536990910637e-14
246.00696839045224,-7.318915225569901,8.333333333333332,-8.274553119029644,-4.063999904177689,-1.2631150694808506e-14
246.01668755311562,-7.321996510393498,8.333333333333334,-8.276511342476542,-4.0596666919206665,9.683882199353189e-14
246.026407684424,-7.325071298306569,8.333333333333332,-8.278496789089102,-4.055334925133126,1.6841534259744676e-14
246.0361288419961,-7.328139153169208,8.333333333333334,-8.280511161036417,-4.051005709087953,-6.73661370389787e-14
246.0458510841095,-7.331199633611915,8.333333333333332,-8.282556180612803,-4.046680166412328,9.262843842859572e-14
246.05557446970363,-7.334252293009828,8.333333333333334,-8.284633590326536,-4.042359437182831,1.6841534259744677e-13
246.06529905838232,-7.337296679456984,8.333333333333334,-8.286745152988713,-4.038044679020609,4.210383564936169e-14
246.07502491041691,-7.340332335740556,8.333333333333332,-8.288892651801987,-4.033737067186531,-5.4734986344170195e-14
246.0847520867488,-7.343358799315108,8.333333333333332,-8.29107789044935,-4.029437794676374,8.420767129872338e-15
246.09448064899266,-7.346375602276821,8.333333333333334,-8.293302693182868,-4.025148072316024,-4.631421921429786e-14
246.10421065943876,-7.349382271337745,8.333333333333332,-8.295568904912416,-4.020869128856706,1.5999457546757442e-13
246.1139421810564,-7.352378327800044,8.333333333333332,-8.297878391294388,-4.016602211070211,2.5262301389617013e-14
246.12367527749598,-7.355363287530241,8.333333333333332,-8.300233038820405,-4.012348583844162,1.3052189051302125e-13
246.13341001309254,-7.358336660933443,8.333333333333334,-8.302634754905961,-4.008109530277291,-4.210383564936169e-15
246.14314645286797,-7.361297952927606,8.333333333333334,-8.305085467979131,-4.003886351774736,1.221011233831489e-13
246.15288466253423,-7.364246662917752,8.333333333333332,-8.30758712756917,-3.9996803681433635,-1.2631150694808506e-14
246.16262470849583,-7.3671822847702195,8.333333333333332,-8.310141704395164,-3.995492917687092,-9.683882199353189e-14
246.17236665785273,-7.370104306786913,8.333333333333332,-8.312751190454637,-3.991325357302264,1.2631150694808508e-13
246.18211057840335,-7.373012211679517,8.333333333333334,-8.315417599112134,-3.98717906257301,-3.789345208442552e-14
246.19185653864685,-7.375905476543752,8.333333333333334,-8.318142965187798,-3.9830554278666583,-1.347322740779574e-13
246.20160460778624,-7.378783572833617,8.333333333333334,-8.320929345045922,-3.9789558664291476,-7.578690416885104e-14
246.2113548557311,-7.381645966335603,8.333333333333334,-8.32377881668349,-3.9748818104804657,-4.631421921429786e-14
246.22110735310028,-7.384492117142957,8.333333333333334,-8.326693479818683,-3.9708347113101095,2.2315032894161697e-13
246.23086217122474,-7.387321479629893,8.333333333333334,-8.329675455979386,-3.9668160393725707,8.420767129872338e-14
246.24061938215004,-7.390133502425841,8.333333333333334,-8.33272688859166,-3.9628272843828363,1.1368035625327657e-13
246.2503790586394,-7.392927628389681,8.333333333333332,-8.335849943068206,-3.9588699554119176,-4.631421921429786e-14
246.26014127417616,-7.3957032945839725,8.333333333333332,-8.3390468068968,-3.954945580982391,-8.420767129872338e-15
246.2699061029667,-7.398459932249188,8.333333333333334,-8.342319689728718,-3.9510557091639757,-1.515738083377021e-13
246.279673619943,-7.401196966777952,8.333333333333334,-8.345670823467138,-3.947201907669122,1.6841534259744676e-14
246.28944390076546,-7.403913817689265,8.333333333333332,-8.349102462355505,-3.9433857639486294,9.683882199353189e-14
246.2992170218256,-7.406609898602736,8.333333333333332,-8.352616883065899,-3.939608885287282,7.999728773378721e-14
246.30899306024867,-7.409284617212818,8.333333333333332,-8.356216384787377,-3.9358728988995164,4.210383564936169e-15
246.31877209389637,-7.411937375263029,8.333333333333332,-8.35990328931429,-3.932179452025096,-5.894536990910637e-14
246.32855420136949,-7.414567568520196,8.333333333333334,-8.363679941134567,-3.9285302120248353,8.841805486365955e-14
246.33833946201085,-7.417174586748677,8.333333333333332,-8.367548707518003,-3.924926866476327,8.420767129872338e-15
246.3481279559075,-7.419757813684576,8.333333333333334,-8.3715119786045,-3.9213711232696933,1.515738083377021e-13
246.3579197638939,-7.422316627009989,8.333333333333332,-8.375572167492315,-3.917864710703387,-1.0946997268834039e-13
246.367714967554,-7.424850398327223,8.333333333333334,-8.379731710326249,-3.9144093775799726,-1.2631150694808506e-14
246.37751364922448,-7.42735849313302,8.333333333333332,-8.383993066385846,-3.9110068933019937,4.210383564936169e-15
246.387315891997,-7.42984027079279,8.333333333333334,-8.388358718173542,-3.9076590479678015,-8.420767129872338e-15
246.39712177972086,-7.432295084514832,8.333333333333334,-8.392831171502838,-3.9043676524674584,3.789345208442552e-14
246.4069313970058,-7.434722281324546,8.333333333333334,-8.397412955586374,-3.901134538578641,1.347322740779574e-13
246.41674482922454,-7.43712120203868,8.333333333333332,-8.402106623124046,-3.8979615590625807,-1.1789073981821273e-13
246.42656216251524,-7.439491181239531,8.333333333333332,-8.406914750391088,-3.894850587760024,-1.7262572616238293e-13
246.43638348378425,-7.4418315472491825,8.333333333333334,-8.411839937326084,-3.8918035196872323,-1.6841534259744676e-14
246.44620888070884,-7.444141622103716,8.33333333333333,-8.416884807619025,-3.8888222711319917,-2.1051917824680846e-14
246.4560384417394,-7.446420721527431,8.333333333333332,-8.42205200879928,-3.8859087797496636,-2.1051917824680846e-14
246.46587225610233,-7.448668154907081,8.33333333333333,-8.427344212323575,-3.883065004659259,8.420767129872338e-14
246.47571041380255,-7.450883225266057,8.333333333333332,-8.43276411366395,-3.880292926539539,1.0525958912340423e-13
246.48555300562595,-7.453065229238657,8.333333333333332,-8.43831443239566,-3.8775945477251508,1.4315304120782974e-13
246.49540012314208,-7.4552134570442545,8.33333333333333,-8.443997912285102,-3.8749718923027827,-1.0525958912340423e-13
