galstreams/tracks/track.st.C-5.ibata2021.ecsv
# %ECSV 0.9
# ---
# datatype:
# - {name: ra, unit: deg, datatype: float64}
# - {name: dec, unit: deg, datatype: float64}
# - {name: distance, unit: kpc, datatype: float64}
# - {name: pm_ra_cosdec, unit: mas / yr, datatype: float64}
# - {name: pm_dec, unit: mas / yr, datatype: float64}
# - {name: radial_velocity, unit: km / s, datatype: float64}
# delimiter: ','
# meta: !!omap
# - __serialized_columns__:
#     dec:
#       __class__: astropy.coordinates.angles.Latitude
#       unit: &id001 !astropy.units.Unit {unit: deg}
#       value: !astropy.table.SerializedColumn {name: dec}
#     distance:
#       __class__: astropy.coordinates.distances.Distance
#       unit: !astropy.units.Unit {unit: kpc}
#       value: !astropy.table.SerializedColumn {name: distance}
#     pm_dec:
#       __class__: astropy.units.quantity.Quantity
#       unit: !astropy.units.Unit {unit: mas / yr}
#       value: !astropy.table.SerializedColumn {name: pm_dec}
#     pm_ra_cosdec:
#       __class__: astropy.units.quantity.Quantity
#       unit: !astropy.units.Unit {unit: mas / yr}
#       value: !astropy.table.SerializedColumn {name: pm_ra_cosdec}
#     ra:
#       __class__: astropy.coordinates.angles.Longitude
#       unit: *id001
#       value: !astropy.table.SerializedColumn {name: ra}
#       wrap_angle: !astropy.coordinates.Angle
#         unit: *id001
#         value: 360.0
#     radial_velocity:
#       __class__: astropy.units.quantity.Quantity
#       unit: !astropy.units.Unit {unit: km / s}
#       value: !astropy.table.SerializedColumn {name: radial_velocity}
# schema: astropy-2.0
ra,dec,distance,pm_ra_cosdec,pm_dec,radial_velocity
[from data line 138]
114.83269551966936,35.978447922610364,3.842857395574114,-0.9521273245515758,-11.022458371256675,-6.73661370389787e-14
114.84359160533442,35.973723589556684,3.8458104684428167,-0.9509743234729422,-11.014072007283103,-5.0524602779234026e-14
114.85448913000967,35.96900276324803,3.8487576357674027,-0.9498240571932589,-11.005731420493012,-1.6841534259744676e-14
114.86538807605343,35.96428541193346,3.8516989574931695,-0.9486765208488712,-10.997436383002105,-3.368306851948935e-14
114.87628842581094,35.95957150386871,3.8546344935654164,-0.9475317094811024,-10.989186666929823,-5.0524602779234026e-14
114.88719016161437,35.954861007316175,3.8575643039294394,-0.9463896180361812,-10.9809820443994,-5.0524602779234026e-14
114.89809326578289,35.950153890544996,3.860488448530539,-0.9452502413651416,-10.972822287537866,-5.0524602779234026e-14
114.90899772062261,35.945450121831016,3.863406987314011,-0.9441135742237432,-10.964707168476101,-8.420767129872338e-14
114.91990350842656,35.94074966945673,3.8663199802251547,-0.9429796112723725,-10.956636459348864,-6.73661370389787e-14
114.93081061147471,35.9360525017114,3.869227487209269,-0.9418483470759659,-10.94860993229483,-5.0524602779234026e-14
114.94171901203403,35.93135858689097,3.8721295682116503,-0.9407197761039144,-10.940627359456613,-1.6841534259744676e-14
114.95262869235835,35.92666789329813,3.8750262831775983,-0.9395938927299867,-10.932688512980807,0.0
114.96353963468846,35.92198038924229,3.8779176920524097,-0.9384706912322369,-10.924793165018025,-5.0524602779234026e-14
114.9744518212521,35.917296043039535,3.8808038547813832,-0.9373501657929273,-10.916941087722915,-1.6841534259744676e-14
114.9853652342639,35.91261482301276,3.8836848313098176,-0.9362323104984362,-10.909132053254211,-5.0524602779234026e-14
114.99627985592542,35.90793669749153,3.8865606815830103,-0.9351171193391867,-10.901365833774753,-6.73661370389787e-14
115.00719566842514,35.903261634812196,3.8894314655462594,-0.9340045862095614,-10.893642201451536,-1.6841534259744676e-14
115.01811265393846,35.89858960331784,3.892297243144863,-0.9328947049078218,-10.885960928455727,-5.0524602779234026e-14
115.02903079462772,35.893920571358265,3.8951580743241188,-0.9317874691360286,-10.878321786962708,-3.368306851948935e-14
115.03995007264214,35.88925450729007,3.898014019029326,-0.9306828724999631,-10.870724549152095,-6.73661370389787e-14
115.05087047011786,35.884591379476575,3.900865137205782,-0.9295809085090504,-10.8631689872078,-6.73661370389787e-14
115.06179196917793,35.879931156287874,3.9037114887987854,-0.9284815705762853,-10.855654873318034,-3.368306851948935e-14
115.07271455193222,35.875273806100864,3.9065531337536332,-0.9273848520181418,-10.84818197967536,-1.6841534259744676e-14
115.08363820047776,35.87061929729911,3.9093901320156244,-0.9262907460545413,-10.84075007847672,-3.368306851948935e-14
115.09456289689824,35.86596759827303,3.912222543530058,-0.9251992458087155,-10.833358941923448,-5.0524602779234026e-14
115.1054886232643,35.861318677419796,3.915050428242231,-0.9241103443071778,-10.826008342221353,-1.6841534259744676e-14
115.11641536163356,35.85667250314337,3.9178738460974407,-0.9230240344796425,-10.818698051580704,-3.368306851948935e-14
115.12734309405045,35.852029043854486,3.920692857040986,-0.921940309158944,-10.81142784221627,-6.73661370389787e-14
115.13827180254636,35.84738826797066,3.9235075210181654,-0.9208591610809757,-10.804197486347386,-1.6841534259744676e-14
115.14920146913956,35.8427501439162,3.926317897974278,-0.9197805828846155,-10.797006756197945,-1.6841534259744676e-14
115.16013207583524,35.838114640122235,3.929124047854619,-0.9187045671116606,-10.789855423996464,-6.73661370389787e-14
115.17106360462542,35.83348172502664,3.9319260306044885,-0.9176311062067505,-10.782743261976089,-1.6841534259744676e-14
115.18199603748911,35.82885136707415,3.9347239061691854,-0.9165601925173229,-10.775670042374648,-5.0524602779234026e-14
115.19292935639216,35.82422353471626,3.937517734494005,-0.9154918182935149,-10.76863553743468,-3.368306851948935e-14
115.20386354328733,35.819598196411306,3.9403075755242485,-0.9144259756881254,-10.761639519403449,-5.0524602779234026e-14
115.21479858011426,35.8149753206244,3.943093489205211,-0.913362656756538,-10.754681760533018,-1.6841534259744676e-14
115.22573444879956,35.81035487582751,3.9458755354821937,-0.9123018534566613,-10.747762033080235,-5.0524602779234026e-14
115.23667113125663,35.805736830499406,3.948653774300492,-0.9112435576488594,-10.740880109306794,-3.368306851948935e-14
115.24760860938586,35.80112115312566,3.9514282656054065,-0.9101877610959079,-10.734035761479259,-5.0524602779234026e-14
115.25854686507452,35.79650781219871,3.9541990693422324,-0.9091344554629123,-10.727228761869114,-1.6841534259744676e-14
115.26948588019673,35.791896776217804,3.956966245456271,-0.9080836323172592,-10.720458882752752,-1.6841534259744676e-14
115.2804256366136,35.787288013689015,3.959729853892818,-0.9070352831285601,-10.713725896411555,-1.6841534259744676e-14
115.29136611617305,35.78268149312525,3.9624899545971726,-0.9059893992685806,-10.707029575131905,-5.0524602779234026e-14
115.30230730070996,35.77807718304629,3.965246607514633,-0.9049459720111981,-10.700369691205216,-1.6841534259744676e-14
115.31324917204613,35.77347505197873,3.967999872590496,-0.9039049925323408,-10.693746016927973,-3.368306851948935e-14
115.32419171199022,35.768875068456,3.970749809770062,-0.9028664519099245,-10.68715832460175,-3.368306851948935e-14
115.33513490233776,35.76427720101844,3.9734964789986273,-0.9018303411237951,-10.68060638653327,-5.0524602779234026e-14
115.3460787248714,35.759681418213134,3.9762399402214896,-0.9007966510557185,-10.674089975034402,-3.368306851948935e-14
115.35702316136049,35.75508768859412,3.97898025338395,-0.8997653724892604,-10.66760886242223,-6.73661370389787e-14
115.36796819356137,35.75049598072225,3.981717478431303,-0.8987364961097787,-10.66116282101906,-5.0524602779234026e-14
115.37891380321726,35.74590626316527,3.984451675308849,-0.8977100125043576,-10.65475162315245,-5.0524602779234026e-14
115.38985997205837,35.741318504497734,3.987182903961884,-0.8966859121617687,-10.64837504115527,0.0
115.40080668180182,35.73673267330115,3.9899112243357084,-0.8956641854724103,-10.642032847365694,-6.73661370389787e-14
115.41175391415157,35.7321487381638,3.9926366963756186,-0.8946448227282595,-10.635724814127274,-3.368306851948935e-14
115.42270165079863,35.72756666768092,3.9953593800269154,-0.8936278141228373,-10.629450713788941,-3.368306851948935e-14
115.43364987342088,35.72298643045456,3.998079335234893,-0.8926131497511481,-10.623210318705052,-5.0524602779234026e-14
115.4445985636831,35.718407995093706,4.000796621944852,-0.8916008196096379,-10.617003401235412,0.0
115.45554770323712,35.7138313302142,4.00351130010209,-0.8905908135961605,-10.610829733745323,-5.0524602779234026e-14
115.46649727372157,35.709256404438754,4.006223429651906,-0.8895831215099079,-10.604689088605593,-5.0524602779234026e-14
115.47744725676219,35.70468318639699,4.008933070539596,-0.8885777330514052,-10.59858123819259,-5.0524602779234026e-14
115.4883976339715,35.70011164472542,4.011640282710461,-0.8875746378224318,-10.592505954888258,-5.0524602779234026e-14
115.49934838694911,35.695541748067434,4.014345126109796,-0.8865738253259989,-10.586463011080156,-1.6841534259744676e-14
115.51029949728151,35.690973465073334,4.017047660682901,-0.8855752849663076,-10.580452179161483,-3.368306851948935e-14
115.52125094654218,35.68640676440033,4.019747946375074,-0.8845790060487082,-10.574473231531123,-3.368306851948935e-14
115.53220271629156,35.68184161471251,4.0224460431316125,-0.8835849777796644,-10.568525940593661,-6.73661370389787e-14
115.54315478807709,35.67727798468087,4.025142010897816,-0.8825931892667073,-10.562610078759423,0.0
115.55410714343314,35.67271584298333,4.027835909618979,-0.8816036295184068,-10.556725418444517,-1.6841534259744676e-14
115.56505976388108,35.668155158304714,4.030527799240404,-0.8806162874443374,-10.550871732070835,-5.0524602779234026e-14
115.57601263092927,35.66359589933675,4.033217739707387,-0.8796311518550327,-10.545048792066117,-8.420767129872338e-14
115.5869657260731,35.65903803477806,4.035905790965226,-0.8786482114619624,-10.53925637086396,-5.0524602779234026e-14
115.59791903079487,35.654481533334234,4.038592012959219,-0.8776674548774975,-10.533494240903874,-3.368306851948935e-14
115.60887252656389,35.64992636371778,4.041276465634665,-0.8766888706148588,-10.527762174631265,-6.73661370389787e-14
115.61982619483663,35.645372494648036,4.043959208936863,-0.875712447088135,-10.522059944497531,-1.6841534259744676e-14
115.63078001705641,35.640819894851376,4.046640302811108,-0.8747381726121891,-10.516387322960046,-1.6841534259744676e-14
115.64173397465362,35.63626853306105,4.0493198072027,-0.8737660354026725,-10.510744082482203,-3.368306851948935e-14
115.65268804904568,35.631718378017226,4.0519977820569375,-0.8727960235759822,-10.50512999553345,-3.368306851948935e-14
115.663642221637,35.62716939846703,4.054674287319118,-0.8718281251492278,-10.49954483458932,-5.0524602779234026e-14
115.6745964738191,35.62262156316451,4.057349382934539,-0.8708623280402212,-10.49398837213146,-3.368306851948935e-14
115.68555078697051,35.61807484087065,4.060023128848502,-0.8698986200674359,-10.488460380647652,-6.73661370389787e-14
115.69650514245679,35.61352920035335,4.062695585006299,-0.8689369889499834,-10.482960632631874,-3.368306851948935e-14
115.7074595216306,35.608984610387516,4.065366811353233,-0.8679774223075957,-10.477488900584289,-5.0524602779234026e-14
115.71841390583161,35.60444103975491,4.068036867834601,-0.8670199076606007,-10.472044957011304,-3.368306851948935e-14
115.72936827638661,35.599898457244294,4.0707058143957,-0.866064432429892,-10.466628574425602,-5.0524602779234026e-14
115.74032261460943,35.595356831651344,4.073373710981829,-0.865110983936913,-10.461239525346155,0.0
115.75127690180105,35.59081613177872,4.076040617538286,-0.8641595494036466,-10.455877582298257,0.0
115.76223111924945,35.586276326436014,4.07870659401037,-0.8632101159525736,-10.450542517813581,-5.0524602779234026e-14
115.7731852482298,35.581737384439755,4.081371700343378,-0.8622626706066738,-10.44523410443017,-3.368306851948935e-14
115.78413927000432,35.57719927461344,4.0840359964826085,-0.8613172002893944,-10.439952114692492,-6.73661370389787e-14
115.79509316582235,35.57266196578751,4.086699542373358,-0.860373691824644,-10.43469632115147,0.0
115.8060469169204,35.56812542679939,4.089362397960927,-0.8594321319367654,-10.429466496364496,-3.368306851948935e-14
115.81700050452207,35.563589626493446,4.092024623190612,-0.8584925072505332,-10.424262412895484,-3.368306851948935e-14
115.82795390983809,35.55905453372098,4.094686278007712,-0.8575548042911266,-10.419083843314873,-3.368306851948935e-14
115.83890711406642,35.5545201173403,4.097347422357527,-0.8566190094841284,-10.41393056019968,0.0
115.84986009839206,35.54998634621668,4.10000811618535,-0.8556851091554991,-10.40880233613353,-3.368306851948935e-14
115.86081284398728,35.54545318922231,4.102668419436483,-0.854753089531578,-10.403698943706651,-3.368306851948935e-14
115.87176533201144,35.540920615236374,4.105328392056224,-0.8538229367390645,-10.398620155515955,-1.6841534259744676e-14
115.88271754361112,35.53638859314507,4.107988093989869,-0.8528946368050081,-10.393565744165038,-1.6841534259744676e-14
115.89366945992019,35.53185709184148,4.1106475851827184,-0.8519681756568155,-10.388535482264196,-3.368306851948935e-14
115.90462106205956,35.52732608022571,4.113306925580069,-0.8510435391222146,-10.383529142430485,-3.368306851948935e-14
115.91557233113745,35.52279552720484,4.11596617512722,-0.8501207129292702,-10.378546497287742,-3.368306851948935e-14
115.92652324824932,35.518265401692915,4.1186253937694675,-0.8491996827063686,-10.373587319466601,-1.6841534259744676e-14
115.93747379447775,35.51373567261096,4.121284641452112,-0.8482804339822073,-10.368651381604533,-1.6841534259744676e-14
115.94842395089266,35.509206308887,4.12394397812045,-0.8473629521858054,-10.363738456345882,-6.73661370389787e-14
115.9593736985512,35.504677279455976,4.126603463719779,-0.8464472226464925,-10.35884831634187,-3.368306851948935e-14
115.9703230184978,35.50014855325986,4.1292631581954,-0.8455332305939013,-10.353980734250651,0.0
115.9812718917641,35.495620099247624,4.131923121492608,-0.8446209611579679,-10.349135482737319,-5.0524602779234026e-14
115.99222029936908,35.49109188637516,4.134583413556704,-0.8437103993689403,-10.344312334473965,-3.368306851948935e-14
116.003168222319,35.48656388360539,4.137244094332982,-0.8428015301573695,-10.339511062139682,-3.368306851948935e-14
116.01411564160742,35.48203605990822,4.139905223766745,-0.8418943383541035,-10.334731438420588,-3.368306851948935e-14
116.02506253821522,35.477508384260524,4.142566861803288,-0.8409888086903181,-10.329973236009888,-8.420767129872338e-14
116.03600889311059,35.472980825646154,4.14522906838791,-0.8400849257974807,-10.32523622760786,-5.0524602779234026e-14
116.04695468724908,35.46845335305599,4.147891903465908,-0.8391826742073849,-10.320520185921922,-6.73661370389787e-14
116.05789990157359,35.46392593548788,4.1505554269825815,-0.8382820383521402,-10.315824883666629,-5.0524602779234026e-14
116.06884451701437,35.45939854194666,4.153219698883228,-0.8373830025641814,-10.311150093563727,-3.368306851948935e-14
116.079788514489,35.454871141444144,4.155884779113146,-0.8364855510762741,-10.30649558834216,-3.368306851948935e-14
116.0907318749025,35.450343702999184,4.158550727617635,-0.8355896680215242,-10.301861140738117,-1.6841534259744676e-14
116.10167457914731,35.445816195637576,4.161217604341989,-0.8346953374333896,-10.297246523495042,-3.368306851948935e-14
116.1126166081032,35.44128858839213,4.16388546923151,-0.8338025432456764,-10.292651509363674,-1.6841534259744676e-14
116.12355794263738,35.43676085030267,4.166554382231494,-0.8329112692925592,-10.288075871102071,-3.368306851948935e-14
116.13449856360455,35.43223295041598,4.169224403287241,-0.8320214993085996,-10.283519381475633,-1.6841534259744676e-14
116.14543845184676,35.42770485778588,4.171895592344047,-0.8311332169287338,-10.278981813257149,-3.368306851948935e-14
116.15637758819364,35.42317654147314,4.17456800934721,-0.8302464056883208,-10.274462939226796,-5.0524602779234026e-14
116.1673159534622,35.41864797054555,4.177241714242032,-0.8293610490231162,-10.269962532172176,-6.73661370389787e-14
116.1782535284569,35.41411911407791,4.179916766973807,-0.8284771302693142,-10.26548036488837,-1.6841534259744676e-14
116.18919029396984,35.409589941152035,4.182593227487833,-0.8275946326635645,-10.261016210177923,-3.368306851948935e-14
116.20012623078047,35.40506042085669,4.18527115572941,-0.8267135393429623,-10.256569840850894,-3.368306851948935e-14
116.21106131965584,35.400530522287674,4.187950611643836,-0.8258338333450974,-10.252141029724886,-3.368306851948935e-14
116.22199554135054,35.39600021454778,4.19063165517641,-0.8249554976080533,-10.247729549625063,-3.368306851948935e-14
116.23292887660666,35.39146946674682,4.193314346272427,-0.8240785149704347,-10.243335173384192,-5.0524602779234026e-14
116.24386130615396,35.38693824800156,4.195998744877188,-0.823202868171381,-10.238957673842643,-3.368306851948935e-14
116.2547928107096,35.38240652743581,4.198684910935991,-0.8223285398505904,-10.234596823848442,-1.6841534259744676e-14
116.26572337097855,35.37787427418038,4.201372904394131,-0.8214555125483438,-10.230252396257276,-3.368306851948935e-14
116.27665296765319,35.37334145737307,4.20406278519691,-0.8205837687055269,-10.22592416393255,-3.368306851948935e-14
116.2875815814136,35.36880804615868,4.206754613289622,-0.8197132906636538,-10.221611899745376,-3.368306851948935e-14
116.29850919292754,35.36427400968904,4.20944844861757,-0.8188440606648891,-10.217315376574625,-5.0524602779234026e-14
