galstreams/tracks/track.st.C-22.ibata2024.ecsv
# %ECSV 1.0
# ---
# datatype:
# - {name: ra, unit: deg, datatype: float64}
# - {name: dec, unit: deg, datatype: float64}
# - {name: distance, unit: kpc, datatype: float64}
# - {name: pm_ra_cosdec, unit: mas / yr, datatype: float64}
# - {name: pm_dec, unit: mas / yr, datatype: float64}
# - {name: radial_velocity, unit: km / s, datatype: float64}
# delimiter: ','
# meta: !!omap
# - __serialized_columns__:
#     dec:
#       __class__: astropy.coordinates.angles.Latitude
#       unit: &id001 !astropy.units.Unit {unit: deg}
#       value: !astropy.table.SerializedColumn {name: dec}
#     distance:
#       __class__: astropy.coordinates.distances.Distance
#       unit: !astropy.units.Unit {unit: kpc}
#       value: !astropy.table.SerializedColumn {name: distance}
#     pm_dec:
#       __class__: astropy.units.quantity.Quantity
#       unit: !astropy.units.Unit {unit: mas / yr}
#       value: !astropy.table.SerializedColumn {name: pm_dec}
#     pm_ra_cosdec:
#       __class__: astropy.units.quantity.Quantity
#       unit: !astropy.units.Unit {unit: mas / yr}
#       value: !astropy.table.SerializedColumn {name: pm_ra_cosdec}
#     ra:
#       __class__: astropy.coordinates.angles.Longitude
#       unit: *id001
#       value: !astropy.table.SerializedColumn {name: ra}
#       wrap_angle: !astropy.coordinates.Angle
#         unit: *id001
#         value: 360.0
#     radial_velocity:
#       __class__: astropy.units.quantity.Quantity
#       unit: !astropy.units.Unit {unit: km / s}
#       value: !astropy.table.SerializedColumn {name: radial_velocity}
# schema: astropy-2.0
ra,dec,distance,pm_ra_cosdec,pm_dec,radial_velocity
[from data line 143]
195.57850741856177,16.134681152375887,1.000000000000001,2.146905389925145,-3.4189672869054757,160.60978055671987
195.58853045153631,16.137477052804666,1.000000000000001,2.1463307478072036,-3.4201660420377884,160.63364824141817
195.59855456125445,16.140269070177638,1.000000000000001,2.145752840238462,-3.4213570189309177,160.6566173653135
195.60857974516435,16.14305721321235,1.000000000000001,2.1451716786884756,-3.422540236792428,160.67869207767643
195.61860600071566,16.145841490626815,1.0000000000000009,2.1445872746236603,-3.42371571483183,160.6998765277773
195.62863332535952,16.148621911139447,1.000000000000001,2.1439996395071432,-3.42488347226056,160.72017486488662
195.63866171654817,16.15139848346901,1.000000000000001,2.1434087847989147,-3.426043528291964,160.7395912382747
195.64869117173558,16.154171216334735,1.000000000000001,2.142814721955702,-3.4271959021413387,160.75812979721215
195.65872168837677,16.156940118456195,1.000000000000001,2.142217462431077,-3.4283406130258864,160.77579469096926
195.66875326392844,16.15970519855339,1.000000000000001,2.141617017675344,-3.429477680164738,160.7925900688166
195.67878589584856,16.162466465346757,1.0000000000000009,2.141013399135577,-3.430607122778988,160.80852008002444
195.68881958159642,16.165223927557072,1.000000000000001,2.1404066182556747,-3.431728960091628,160.82358887386346
195.69885431863284,16.167977593905572,1.0000000000000009,2.139796686476279,-3.432843211327601,160.83780059960378
195.7088901044199,16.17072747311384,1.000000000000001,2.1391836152347956,-3.4339498957137735,160.8511594065162
195.71892693642124,16.17347357390391,1.000000000000001,2.1385674159654204,-3.4350490324789593,160.86366944387083
195.72896481210176,16.176215904998177,1.000000000000001,2.1379481000990506,-3.436140640853904,160.87533486093835
195.73900372892777,16.178954475119475,1.000000000000001,2.13732567906343,-3.437224740071289,160.886159806989
195.74904368436717,16.181689292991035,1.000000000000001,2.1367001642829866,-3.438301349365748,160.8961484312935
195.75908467588897,16.18442036733646,1.000000000000001,2.13607156717892,-3.4393704879738465,160.9053048831219
195.76912670096385,16.187147706879795,1.0000000000000013,2.13543989916918,-3.4404321751340854,160.91363331174495
195.77916975706367,16.189871320345446,1.0000000000000013,2.1348051716684804,-3.4414864300869317,160.921137866433
195.78921384166193,16.19259121645828,1.000000000000001,2.1341673960882286,-3.4425332720747717,160.92782269645647
195.79925895223332,16.1953074039435,1.000000000000001,2.133526583836627,-3.4435727203419555,160.93369195108576
195.8093050862541,16.198019891526744,1.000000000000001,2.1328827463185434,-3.444604794134774,160.93874977959132
195.8193522412019,16.200728687934088,1.000000000000001,2.1322358949356612,-3.445629512701469,160.9430003312437
195.82940041455572,16.203433801891943,1.000000000000001,2.1315860410863117,-3.4466468952922327,160.94644775531322
195.83944960379606,16.20613524212718,1.000000000000001,2.130933196165593,-3.4476569611592103,160.94909620107026
195.8494998064047,16.208833017367027,1.0000000000000009,2.130277371565313,-3.4486597295564945,160.95094981778544
195.85955101986505,16.21152713633916,1.0000000000000013,2.1296185786740125,-3.449655219740131,160.95201275472917
195.8696032416617,16.214217607771616,1.000000000000001,2.128956828876902,-3.4506434509681325,160.9522891611718
195.87965646928083,16.21690444039287,1.000000000000001,2.1282921335559646,-3.451624442500454,160.95178318638372
195.88971070021012,16.219587642931803,1.000000000000001,2.1276245040898214,-3.452598213599023,160.95049897963548
195.8997659319383,16.22226722411765,1.0000000000000009,2.1269539518538814,-3.4535647835277103,160.94844069019751
195.90982216195607,16.224943192680108,1.0000000000000013,2.1262804882201536,-3.4545241715523503,160.94561246734034
195.919879387755,16.22761555734924,1.000000000000001,2.1256041245574444,-3.455476396940745,160.9420184603341
195.92993760682862,16.230284326855536,1.000000000000001,2.1249248722311602,-3.4564214789626595,160.9376628184495
195.93999681667142,16.23294950992987,1.000000000000001,2.1242427426034762,-3.4573594368898215,160.9325496909569
195.95005701477962,16.23561111530353,1.000000000000001,2.123557747033214,-3.4582902899959116,160.9266832271267
195.9601181986509,16.238269151708224,1.000000000000001,2.1228698968758746,-3.4592140575565917,160.9200675762294
195.97018036578407,16.240923627876022,1.000000000000001,2.122179203483677,-3.460130758849484,160.91270688753545
195.98024351367974,16.243574552539457,1.000000000000001,2.121485678205463,-3.4610404131541816,160.90460531031525
195.99030763983973,16.246221934431393,1.000000000000001,2.1207893323867797,-3.461943039752245,160.8957669938392
196.00037274176736,16.248865782285172,1.000000000000001,2.120090177369848,-3.462838657927213,160.88619608737778
196.0104388169675,16.2515061048345,1.000000000000001,2.1193882244935605,-3.463727286964584,160.87589674020145
196.02050586294624,16.254142910813478,1.0000000000000009,2.1186834850934364,-3.464608946151836,160.8648731015806
196.03057387721134,16.256776208956655,1.000000000000001,2.117975970501707,-3.465483654778433,160.85312932078574
196.04064285727188,16.259406007998923,1.000000000000001,2.1172656920471926,-3.466351432135788,160.8406695470872
196.05071280063845,16.26203231667564,1.000000000000001,2.116552661055458,-3.4672122975173156,160.82749792975554
196.06078370482297,16.264655143722525,1.0000000000000013,2.1158368888486443,-3.468066270218401,160.8136186180611
196.07085556733898,16.26727449787572,1.000000000000001,2.11511838674555,-3.4689133695364074,160.79903576127438
196.08092838570144,16.269890387871797,1.0000000000000009,2.1143971660616607,-3.469753614770675,160.78375350866577
196.09100215742663,16.27250282244766,1.000000000000001,2.1136732381090493,-3.470587025222523,160.76777600950575
196.10107688003248,16.275111810340697,1.000000000000001,2.11294661419646,-3.4714136201952677,160.75110741306477
196.11115255103817,16.277717360288648,1.000000000000001,2.1122173056292652,-3.4722334189942003,160.73375186861327
196.12122916796454,16.280319481029697,1.000000000000001,2.111485323709454,-3.473046440926594,160.7157135254216
196.13130672833373,16.28291818130238,1.000000000000001,2.110750679735661,-3.473852705301712,160.69699653276027
196.14138522966945,16.285513469845696,1.000000000000001,2.110013385003123,-3.474652231430807,160.67760503989967
196.15146466949687,16.288105355399036,1.000000000000001,2.109273450803725,-3.4754450386271154,160.6575431961103
196.16154504534256,16.290693846702155,1.000000000000001,2.1085308884259337,-3.4762311462058664,160.63681515066264
196.17162635473463,16.29327895249526,1.000000000000001,2.107785709154877,-3.477010573484275,160.61542505282705
196.1817085952025,16.295860681518935,1.000000000000001,2.1070379242722534,-3.4777833397815607,160.59337705187392
196.19179176427733,16.2984390425142,1.000000000000001,2.106287545056402,-3.4785494644189203,160.57067529707373
196.20187585949148,16.301014044222427,1.000000000000001,2.1055345827822265,-3.4793089667195556,160.54732393769697
196.21196087837896,16.303585695385443,1.000000000000001,2.1047790487212765,-3.4800618660086515,160.5233271230141
196.22204681847523,16.306154004745483,1.000000000000001,2.1040209541416566,-3.480808181613412,160.49868900229544
196.23213367731717,16.308718981045136,1.000000000000001,2.1032603103080802,-3.481547932863016,160.47341372481156
196.24222145244318,16.311280633027458,1.000000000000001,2.102497128481902,-3.4822811390886477,160.44750543983275
196.25231014139305,16.313838969435857,1.000000000000001,2.1017314199209824,-3.483007819623494,160.42096829662955
196.26239974170824,16.3163939990142,1.000000000000001,2.100963195879814,-3.4837279938027486,160.39380644447243
196.27249025093144,16.318945730506695,1.000000000000001,2.1001924676094728,-3.48444168096359,160.3660240326317
196.28258166660706,16.321494172658007,1.000000000000001,2.0994192463575967,-3.485148900445208,160.33762521037795
196.2926739862809,16.32403933421321,1.000000000000001,2.098643543368423,-3.485849671588814,160.30861412698152
196.30276720750018,16.32658122391774,1.000000000000001,2.097865369882733,-3.4865440137375936,160.27899493171287
196.31286132781375,16.329119850517483,1.000000000000001,2.0970847371378856,-3.4872319462367605,160.24877177384238
196.32295634477177,16.331655222758684,1.000000000000001,2.0963016563678174,-3.487913488433521,160.21794880264065
196.3330522559261,16.334187349388056,1.0000000000000009,2.095516138803017,-3.4885886596771103,160.1865301673779
196.34314905882988,16.33671623915266,1.000000000000001,2.0947281956705393,-3.4892574793187574,160.1545200173248
196.3532467510379,16.339241900799987,1.000000000000001,2.093937838193991,-3.4899199667116996,160.1219225017516
196.36334533010643,16.341764343077955,1.000000000000001,2.0931450775935314,-3.4905761412111955,160.0887417699289
196.3734447935931,16.344283574734842,1.000000000000001,2.0923499250858733,-3.491226022174512,160.05498197112695
196.38354513905725,16.34679960451938,1.000000000000001,2.091552391884276,-3.4918696289609343,160.0206472546164
196.39364636405952,16.349312441180658,1.000000000000001,2.0907524891985414,-3.492506980931756,159.9857417696675
196.40374846616214,16.35182209346821,1.000000000000001,2.0899502282350007,-3.493138097450287,159.9502696655507
196.41385144292897,16.35432857013198,1.0000000000000009,2.0891456201965504,-3.4937629978818583,159.9142350915366
196.4239552919251,16.356831879922265,1.000000000000001,2.088338676282582,-3.4943817015938183,159.87764219689555
196.43406001071733,16.35933203158985,1.000000000000001,2.087529407689061,-3.4949942279555355,159.84049513089795
196.44416559687392,16.361829033885844,1.000000000000001,2.0867178256084475,-3.4956005963383943,159.80279804281432
196.45427204796465,16.364322895561827,1.0000000000000009,2.0859039412297395,-3.496200826115807,159.764555081915
196.46437936156067,16.366813625369733,1.000000000000001,2.0850877657384608,-3.4967949366631936,159.72577039747043
196.47448753523486,16.369301232061932,1.000000000000001,2.0842693103166567,-3.497382947358008,159.68644813875116
196.48459656656158,16.371785724391223,1.000000000000001,2.083448586142852,-3.497964877579741,159.64659245502762
196.49470645311644,16.37426711111075,1.000000000000001,2.082625604392147,-3.4985407467098835,159.60620749557006
196.504817192477,16.376745400974134,1.000000000000001,2.0818003762360817,-3.4991105741319712,159.56529740964908
196.5149287822219,16.379220602735327,1.0000000000000013,2.080972912842757,-3.4996743792315597,159.52386634653513
196.5250412199316,16.38169272514876,1.000000000000001,2.080143225376755,-3.50023218139623,159.48191845549857
196.53515450318793,16.38416177696922,1.000000000000001,2.079311324999157,-3.500784000015601,159.43945788580987
196.5452686295743,16.38662776695192,1.000000000000001,2.078477222867539,-3.50132985448131,159.39648878673958
196.55538359667574,16.3890907038525,1.000000000000001,2.077640930135967,-3.5018697641870444,159.3530153075579
196.56549940207856,16.391550596426956,1.000000000000001,2.0768024579550133,-3.502403748528506,159.30904159753553
196.5756160433708,16.394007453431744,1.0000000000000009,2.0759618174717414,-3.50293182690344,159.26457180594264
196.5857335181419,16.39646128362368,1.000000000000001,2.0751190198296534,-3.5034540187116168,159.2196100820499
196.595851823983,16.398912095760036,1.000000000000001,2.074274076168807,-3.5039703433548555,159.17416057512762
196.60597095848655,16.401359898598436,1.000000000000001,2.073426997625649,-3.504480820236995,159.1282274344463
196.61609091924666,16.40380470089695,1.000000000000001,2.072577795333194,-3.5049854687639277,159.08181480927635
196.62621170385904,16.406246511414064,1.000000000000001,2.071726480420855,-3.5054843083435756,159.03492684888818
196.6363333099208,16.408685338908622,1.0000000000000013,2.0708730640145383,-3.505977358385903,158.98756770255235
196.64645573503063,16.41112119213994,1.000000000000001,2.070017557236648,-3.5064646383029183,158.93974151953913
196.65657897678872,16.41355407986766,1.000000000000001,2.0691599712060036,-3.506946167508656,158.89145244911902
196.6667030327969,16.41598401085192,1.000000000000001,2.0683003170379184,-3.5074219654192014,158.8427046405625
196.67682790065845,16.41841099385318,1.000000000000001,2.0674386058441225,-3.5078920514526883,158.79350224314
196.68695357797822,16.420835037632372,1.000000000000001,2.066574848732852,-3.5083564450293006,158.74384940612188
196.6970800623627,16.423256150950827,1.000000000000001,2.0657090568087444,-3.5088151655712476,158.69375027877868
196.70720735141967,16.425674342570233,1.000000000000001,2.064841241172928,-3.5092682325027935,158.64320901038087
196.71733544275875,16.42808962125275,1.000000000000001,2.0639714129229425,-3.5097156652502495,158.59222975019867
196.72746433399087,16.43050199576089,1.000000000000001,2.0630995831527894,-3.510157483241981,158.54081664750285
196.73759402272864,16.432911474857605,1.000000000000001,2.0622257629528846,-3.5105937059083976,158.48897385156351
196.74772450658628,16.435318067306262,1.000000000000001,2.061349963410116,-3.511024352681954,158.43670551165127
196.75785578317937,16.437721781870597,1.000000000000001,2.0604721956077636,-3.5114494429971606,158.38401577703658
196.7679878501252,16.440122627314796,1.000000000000001,2.0595924706255797,-3.5118689962905814,158.33090879698986
196.77812070504248,16.442520612403417,1.000000000000001,2.0587107995397087,-3.512283032000826,158.27738872078146
196.78825434555168,16.444915745901458,1.000000000000001,2.0578271934227192,-3.512691569568571,158.22345969768193
196.79838876927457,16.447308036574274,1.0000000000000009,2.0569416633436326,-3.5130946284365265,158.16912587696163
196.80852397383464,16.449697493187685,1.0000000000000009,2.056054220367866,-3.5134922280494694,158.11439140789102
196.818659956857,16.4520841245079,1.000000000000001,2.0551648755572263,-3.513884387854243,158.05926043974063
196.8287967159681,16.454467939301498,1.0000000000000009,2.0542736399699866,-3.514271127299728,158.00373712178077
196.83893424879625,16.456848946335533,1.000000000000001,2.053380524660776,-3.5146524658368827,157.94782560328196
196.84907255297094,16.459227154377402,1.000000000000001,2.0524855406806726,-3.515028422918708,157.89153003351453
196.85921162612365,16.461602572194952,1.000000000000001,2.0515886990771186,-3.515399018000278,157.83485456174915
196.869351465887,16.46397520855641,1.000000000000001,2.050690010893998,-3.515764270538714,157.7778033372559
196.87949206989558,16.466345072230418,1.000000000000001,2.0497894871715285,-3.516124199993204,157.72038050930553
196.88963343578533,16.468712171986063,1.0000000000000009,2.048887138946405,-3.516478825825014,157.66259022716838
196.89977556119368,16.471076516592767,1.000000000000001,2.0479829772516496,-3.516828167497449,157.60443664011484
196.9099184437599,16.47343811482042,1.000000000000001,2.047077013116688,-3.517172244475888,157.54592389741543
196.92006208112454,16.475796975439287,1.0000000000000009,2.0461692575673354,-3.517511076227785,157.48705614834049
196.93020647093,16.478153107220074,1.000000000000001,2.045259721625788,-3.5178446822226475,157.42783754216057
196.94035161081996,16.480506518933836,1.0000000000000009,2.0443484163106387,-3.518173081932055,157.36827222814603
196.95049749843997,16.482857219352102,1.0000000000000009,2.0434353526368074,-3.518496294829652,157.30836435556733
196.960644131437,16.485205217246776,1.0000000000000009,2.042520541615641,-3.518814340391157,157.24811807369488
196.97079150745955,16.48755052139015,1.0000000000000009,2.0416039942548387,-3.5191272380943524,157.18753753179917
196.9809396241579,16.48989314055498,1.0000000000000007,2.0406857215584395,-3.5194350074191014,157.12662687915065
196.99108847918365,16.492233083514353,1.0000000000000009,2.039765734526908,-3.519737667847317,157.06539026501972
197.00123807019028,16.49457035904184,1.0000000000000009,2.038844044156992,-3.520035238863004,157.00383183867675
