galstreams/tracks/track.st.NGC2808.ibata2024.ecsv
# %ECSV 1.0
# ---
# datatype:
# - {name: ra, unit: deg, datatype: float64}
# - {name: dec, unit: deg, datatype: float64}
# - {name: distance, unit: kpc, datatype: float64}
# - {name: pm_ra_cosdec, unit: mas / yr, datatype: float64}
# - {name: pm_dec, unit: mas / yr, datatype: float64}
# - {name: radial_velocity, unit: km / s, datatype: float64}
# delimiter: ','
# meta: !!omap
# - __serialized_columns__:
#     dec:
#       __class__: astropy.coordinates.angles.Latitude
#       unit: &id001 !astropy.units.Unit {unit: deg}
#       value: !astropy.table.SerializedColumn {name: dec}
#     distance:
#       __class__: astropy.coordinates.distances.Distance
#       unit: !astropy.units.Unit {unit: kpc}
#       value: !astropy.table.SerializedColumn {name: distance}
#     pm_dec:
#       __class__: astropy.units.quantity.Quantity
#       unit: !astropy.units.Unit {unit: mas / yr}
#       value: !astropy.table.SerializedColumn {name: pm_dec}
#     pm_ra_cosdec:
#       __class__: astropy.units.quantity.Quantity
#       unit: !astropy.units.Unit {unit: mas / yr}
#       value: !astropy.table.SerializedColumn {name: pm_ra_cosdec}
#     ra:
#       __class__: astropy.coordinates.angles.Longitude
#       unit: *id001
#       value: !astropy.table.SerializedColumn {name: ra}
#       wrap_angle: !astropy.coordinates.Angle
#         unit: *id001
#         value: 360.0
#     radial_velocity:
#       __class__: astropy.units.quantity.Quantity
#       unit: !astropy.units.Unit {unit: km / s}
#       value: !astropy.table.SerializedColumn {name: radial_velocity}
# schema: astropy-2.0
ra,dec,distance,pm_ra_cosdec,pm_dec,radial_velocity
[from data line 419]
135.35326752662394,-63.97745564159506,1.0000000000000007,1.0054683199667949,0.21283269989307563,102.66926102403478
135.37280246416083,-63.982768454249154,1.0000000000000004,1.0051613262947097,0.213621894253178,102.64718416301326
135.39234847540695,-63.98807616212108,1.0000000000000007,1.0048582498643404,0.21440818322980526,102.62502557224029
135.41190552785642,-63.9933787826829,1.0000000000000007,1.0045590855456243,0.21519157413747791,102.60278537811698
135.43147358901956,-63.998676333422274,1.0000000000000004,1.0042638282059366,0.21597207428831133,102.58046370704459
135.4510526264238,-64.00396883184257,1.0000000000000007,1.0039724727100472,0.2167496909919855,102.55806068542444
135.47064260761314,-64.0092562954627,1.0000000000000007,1.0036850139201237,0.21752443155568102,102.53557643965766
135.4902435001491,-64.01453874181738,1.0000000000000007,1.0034014466956735,0.21829630328410055,102.51301109614552
135.50985527160995,-64.01981618845686,1.0000000000000004,1.0031217658935638,0.21906531347938518,102.49036478128922
135.52947788959213,-64.0250886529472,1.0000000000000007,1.002845966367941,0.21983146944113052,102.46763762149003
135.549111321709,-64.03035615287007,1.0000000000000007,1.0025740429702656,0.22059477846631914,102.44482974314914
135.56875553559235,-64.03561870582291,1.0000000000000007,1.0023059905492433,0.2213552478492975,102.42194127266782
135.58841049889153,-64.04087632941882,1.0000000000000007,1.0020418039508225,0.2221128848817724,102.3989723364473
135.60807617927415,-64.0461290412866,1.0000000000000007,1.0017814780181782,0.22286769685272745,102.3759230608888
135.6277525444264,-64.05137685907091,1.0000000000000004,1.0015250075916615,0.2236196910484587,102.35279357239355
135.64743956205263,-64.05661980043203,1.0000000000000007,1.0012723875087968,0.22436887475248568,102.32958399736273
135.66713719987624,-64.06185788304609,1.0000000000000007,1.0010236126042562,0.2251152552455462,102.30629446219766
135.68684542563915,-64.06709112460486,1.0000000000000009,1.0007786777098326,0.22585883980556964,102.28292509329954
135.70656420710267,-64.07231954281602,1.0000000000000007,1.0005375776544243,0.22659963570762542,102.25947601706955
135.7262935120469,-64.07754315540289,1.0000000000000007,1.0003003072639896,0.2273376502239266,102.23594735990898
135.74603330827185,-64.08276198010476,1.0000000000000007,1.0000668613615566,0.22807289062376945,102.21233924821904
135.76578356359659,-64.08797603467653,1.0000000000000004,0.9998372347671634,0.22880536417349795,102.18865180840093
135.78554424586028,-64.09318533688902,1.0000000000000007,0.9996114222978818,0.22953507813651264,102.16488516685595
135.80531532292184,-64.09838990452886,1.0000000000000007,0.9993894187677403,0.23026203977320137,102.1410394499853
135.8250967626601,-64.10358975539842,1.0000000000000007,0.9991712189877555,0.23098625634092862,102.11711478419019
135.84488853297466,-64.10878490731601,1.0000000000000007,0.9989568177658548,0.23170773509398934,102.09311129587184
135.86469060178493,-64.11397537811568,1.0000000000000007,0.9987462099069067,0.23242648328360005,102.06902911143152
135.88450293703147,-64.11916118564744,1.0000000000000007,0.9985393902126569,0.23314250815785087,102.04486835727042
135.9043255066751,-64.12434234777704,1.0000000000000007,0.9983363534817435,0.23385581696167712,102.02062915978986
135.9241582786981,-64.1295188823862,1.0000000000000004,0.9981370945096284,0.23456641693685576,101.99631164539095
135.94400122110335,-64.13469080737235,1.0000000000000007,0.9979416080886248,0.23527431532191478,101.971915940475
135.96385430191557,-64.13985814064903,1.0000000000000007,0.9977498890078351,0.23597951935217942,101.94744217144324
135.98371748918055,-64.14502090014545,1.0000000000000007,0.997561932053153,0.23668203625967443,101.92289046469685
136.00359075096566,-64.15017910380682,1.0000000000000007,0.9973777320072355,0.2373818732731543,101.89826094663705
136.02347405536054,-64.15533276959422,1.0000000000000004,0.9971972836494762,0.23807903761800375,101.87355374366517
136.0433673704762,-64.16048191548464,1.0000000000000007,0.9970205817559954,0.23877353651628042,101.84876898218234
136.06327066444643,-64.16562655947101,1.0000000000000004,0.9968476210995965,0.2394653771866384,101.82390678858982
136.08318390542675,-64.17076671956208,1.0000000000000007,0.9966783964497727,0.24015456684429815,101.79896728928894
136.10310706159564,-64.1759024137827,1.0000000000000007,0.9965129025726656,0.24084111270106412,101.77395061068077
136.12304010115386,-64.18103366017343,1.0000000000000007,0.9963511342310465,0.24152502196522008,101.74885687916661
136.14298299232544,-64.18616047679096,1.0000000000000007,0.9961930861843014,0.24220630184156633,101.72368622114774
136.1629357033569,-64.19128288170779,1.0000000000000007,0.9960387531884125,0.24288495953135758,101.69843876302528
136.18289820251843,-64.1964008930125,1.0000000000000007,0.995888129995925,0.24356100223228339,101.67311463120055
136.2028704581032,-64.20151452880947,1.0000000000000004,0.9957412113559352,0.24423443713841486,101.64771395207474
136.22285243842794,-64.20662380721915,1.0000000000000007,0.9955979920140665,0.244905271440226,101.62223685204914
136.24284411183336,-64.21172874637793,1.0000000000000007,0.9954584667124555,0.24557351232451197,101.59668345752492
136.2628454466836,-64.21682936443813,1.0000000000000007,0.9953226301897145,0.2462391669743873,101.5710538949033
136.2828564113672,-64.22192567956812,1.0000000000000007,0.9951904771809366,0.24690224256924864,101.54534829058555
136.30287697429657,-64.22701770995216,1.0000000000000007,0.9950620024176375,0.2475627462847516,101.51956677097292
136.32290710390876,-64.23210547379063,1.0000000000000004,0.9949372006277946,0.2482206852927753,101.49370946246651
136.3429467686651,-64.2371889892997,1.0000000000000007,0.9948160665357486,0.24887606676138674,101.46777649146776
136.3629959370519,-64.24226827471176,1.0000000000000004,0.9946985948622569,0.2495288978548338,101.44176798437773
136.38305457758003,-64.24734334827502,1.0000000000000007,0.9945847803244279,0.2501791857334936,101.41568406759775
136.4031226587855,-64.25241422825377,1.0000000000000007,0.9944746176357153,0.25082693755385144,101.38952486752898
136.4232001492297,-64.25748093292835,1.0000000000000007,0.9943681015059003,0.25147216046848264,101.36329051057267
136.44328701749905,-64.262543480595,1.0000000000000004,0.9942652266410672,0.2521148616259996,101.33698112313009
136.46338323220587,-64.2676018895661,1.0000000000000004,0.9941659877435933,0.2527550481710499,101.31059683160241
136.48348876198787,-64.27265617816992,1.0000000000000007,0.9940703795121033,0.25339272724426287,101.28413776239091
136.50360357550892,-64.27770636475093,1.0000000000000004,0.9939783966414888,0.25402790598224634,101.2576040418968
136.5237276414586,-64.28275246766943,1.0000000000000007,0.9938900338228542,0.2546605915175295,101.23099579652136
136.54386092855304,-64.28779450530189,1.0000000000000007,0.9938052857435213,0.2552907909785507,101.20431315266573
136.56400340553438,-64.29283249604073,1.0000000000000007,0.9937241470869891,0.2559185114896394,101.17755623673118
136.5841550411717,-64.29786645829451,1.0000000000000004,0.9936466125329355,0.2565437601709686,101.15072517511896
136.6043158042604,-64.30289641048772,1.0000000000000007,0.9935726767571831,0.2571665441385278,101.12382009423033
136.62448566362292,-64.30792237106091,1.0000000000000007,0.9935023344316773,0.257786870504102,101.0968411204664
136.6446645881088,-64.31294435847079,1.0000000000000007,0.9934355802244976,0.2584047463752501,101.06978838022852
136.66485254659457,-64.31796239118995,1.0000000000000004,0.9933724087997975,0.25902017885525197,101.04266199991784
136.68504950798447,-64.32297648770718,1.0000000000000004,0.9933128148178048,0.2596331750431098,101.01546210593568
136.7052554412098,-64.32798666652721,1.0000000000000007,0.9932567929348153,0.2602437420334933,100.98818882468319
136.72547031523007,-64.33299294617095,1.0000000000000007,0.9932043378031539,0.26085188691674155,100.96084228256163
136.7456940990321,-64.3379953451752,1.0000000000000007,0.9931554440711663,0.26145761677878987,100.93342260597227
136.7659267616313,-64.34299388209301,1.0000000000000004,0.9931101063831926,0.2620609387012056,100.90592992131627
136.78616827207074,-64.34798857549332,1.0000000000000004,0.99306831937957,0.26266185976109035,100.87836435499489
136.80641859942227,-64.35297944396129,1.0000000000000007,0.9930300776965817,0.263260387031103,100.85072603340939
136.82667771278602,-64.35796650609802,1.0000000000000007,0.9929953759664629,0.2638565275794118,100.82301508296094
136.84694558129064,-64.36294978052071,1.0000000000000007,0.9929642088173942,0.2644502884696678,100.79523163005081
136.8672221740941,-64.36792928586272,1.0000000000000007,0.9929365708734323,0.2650416767609798,100.76737580108023
136.8875074603829,-64.3729050407733,1.0000000000000007,0.9929124567545538,0.26563069950787366,100.73944772245045
136.90780140937304,-64.37787706391798,1.0000000000000007,0.9928918610766049,0.2662173637602976,100.71144752056263
136.92810399030952,-64.3828453739782,1.0000000000000007,0.9928747784512746,0.266801676563567,100.68337532181806
136.9484151724673,-64.38780998965157,1.0000000000000007,0.9928612034861048,0.2673836449583238,100.65523125261798
136.96873492515033,-64.39277092965169,1.0000000000000007,0.9928511307844614,0.2679632759805486,100.6270154393636
136.98906321769311,-64.39772821270834,1.0000000000000004,0.9928445549455018,0.268540576661513,100.59872800845612
137.00940001945963,-64.4026818575673,1.0000000000000007,0.9928414705641835,0.26911555402773324,100.57036908629681
137.02974529984397,-64.40763188299042,1.0000000000000007,0.9928418722312298,0.26968821510098984,100.54193879928691
137.05009902827095,-64.41257830775565,1.0000000000000004,0.992845754533108,0.27025856689824046,100.51343727382758
137.07046117419532,-64.41752115065702,1.0000000000000007,0.9928531120520399,0.2708266164316573,100.48486463632014
137.09083170710295,-64.42246043050467,1.0000000000000007,0.9928639393659457,0.27139237070853817,100.45622101316579
137.11121059651003,-64.42739616612474,1.0000000000000007,0.992878231048473,0.2719558367313333,100.4275065307657
137.1315978119641,-64.43232837635948,1.0000000000000007,0.9928959816689318,0.2725170214975652,100.39872131552119
137.15199332304346,-64.43725708006723,1.0000000000000004,0.992917185792308,0.2730759319998608,100.36986549383346
137.17239709935794,-64.44218229612241,1.0000000000000007,0.9929418379792532,0.27363257522588214,100.34093919210375
137.19280911054847,-64.44710404341548,1.0000000000000007,0.9929699327860426,0.27418695815829786,100.31194253673324
137.213229326288,-64.45202234085299,1.0000000000000004,0.9930014647645722,0.27473908777477973,100.2828756541232
137.23365771628085,-64.4569372073576,1.0000000000000009,0.9930364284623376,0.27528897104798133,100.2537386706749
137.25409425026322,-64.46184866186793,1.0000000000000004,0.9930748184224374,0.27583661494546874,100.22453171278947
137.27453889800375,-64.46675672333883,1.0000000000000004,0.9931166291835307,0.2763820264297365,100.19525490686821
137.2949916293028,-64.47166141074109,1.0000000000000004,0.9931618552798254,0.2769252124581687,100.16590837931236
137.31545241399357,-64.47656274306166,1.0000000000000007,0.9932104912410944,0.2774661799830014,100.13649225652308
137.3359212219413,-64.48146073930346,1.0000000000000007,0.9932625315926051,0.2780049359513104,100.1070066649017
137.35639802304445,-64.48635541848556,1.0000000000000007,0.9933179708551485,0.2785414873049721,100.0774517308494
137.3768827872338,-64.49124679964304,1.0000000000000007,0.9933768035450088,0.27907584098064575,100.04782758076738
137.39737548447357,-64.49613490182709,1.0000000000000007,0.9934390241739424,0.2796080039097575,100.0181343410569
137.41787608476076,-64.50101974410491,1.0000000000000007,0.9935046272491723,0.2801379830184505,99.98837213811923
137.43838455812607,-64.5059013455598,1.0000000000000007,0.9935736072733672,0.2806657852275709,99.95854109835551
137.45890087463334,-64.5107797252911,1.0000000000000007,0.9936459587446214,0.2811914174526482,99.92864134816703
137.4794250043801,-64.51565490241416,1.0000000000000007,0.9937216761564507,0.281714886603849,99.89867301395506
137.49995691749785,-64.52052689606047,1.0000000000000007,0.9938007539977773,0.28223619958599144,99.86863622212076
137.5204965841518,-64.52539572537746,1.0000000000000007,0.9938831867528926,0.2827553632984614,99.83853109906539
137.54104397454145,-64.53026140952875,1.0000000000000007,0.9939689689014832,0.2832723846352412,99.80835777119013
137.56159905890027,-64.53512396769382,1.0000000000000009,0.9940580949185733,0.2837872704848472,99.77811636489633
137.58216180749653,-64.53998341906838,1.0000000000000007,0.9941505592745337,0.2843000277303247,99.74780700658509
137.60273219063262,-64.54483978286397,1.0000000000000004,0.9942463564350676,0.2848106632492122,99.7174298226577
137.62331017864608,-64.5496930783084,1.0000000000000007,0.9943454808611882,0.28531918391352384,99.68698493951541
137.64389574190895,-64.55454332464532,1.0000000000000007,0.9944479270092073,0.2858255965897136,99.6564724835594
137.66448885082835,-64.55939054113446,1.0000000000000007,0.9945536893307176,0.28632990813865256,99.625892581191
137.68508947584684,-64.56423474705166,1.0000000000000007,0.994662762272589,0.2868321254156285,99.59524535881131
137.70569758744188,-64.56907596168861,1.0000000000000007,0.9947751402769462,0.28733225527025397,99.56453094282163
137.7263131561269,-64.57391420435319,1.0000000000000004,0.9948908177811457,0.2878303045465369,99.53374945962312
137.74693615245044,-64.57874949436918,1.0000000000000007,0.9950097892177849,0.2883262800827744,99.50290103561717
137.76756654699733,-64.58358185107645,1.0000000000000007,0.9951320490146713,0.28882018871156845,99.47198579720487
137.78820431038787,-64.58841129383076,1.0000000000000007,0.9952575915948101,0.28931203725977106,99.44100387078748
137.8088494132789,-64.593237842004,1.0000000000000007,0.9953864113763897,0.2898018325485072,99.40995538276628
137.829501826363,-64.59806151498394,1.0000000000000007,0.995518502772784,0.2902895813931021,99.37884045954245
137.85016152036965,-64.60288233217446,1.0000000000000009,0.9956538601925198,0.2907752906030847,99.34765922751718
137.8708284660645,-64.60770031299532,1.0000000000000007,0.9957924780392702,0.29125896698214504,99.3164118130918
137.89150263424997,-64.6125154768823,1.0000000000000007,0.995934350711833,0.29174061732812007,99.28509834266748
137.9121839957655,-64.61732784328717,1.0000000000000007,0.9960794726041495,0.2922202484329759,99.25371894264552
137.93287252148724,-64.62213743167766,1.0000000000000004,0.9962278381052387,0.2926978670827616,99.22227373942702
137.9535681823288,-64.6269442615375,1.0000000000000007,0.9963794415992373,0.2931734800576127,99.19076285941334
137.97427094924078,-64.6317483523663,1.0000000000000007,0.996534277465349,0.29364709413169976,99.15918642900564
137.99498079321154,-64.63654972367974,1.0000000000000007,0.9966923400778454,0.29411871607321594,99.12754457460518
138.01569768526664,-64.64134839500935,1.0000000000000004,0.9968536238060679,0.294588352644368,99.09583742261317
138.0364215964698,-64.64614438590267,1.0000000000000007,0.9970181230143806,0.29505601060132136,99.06406509943085
138.05715249792223,-64.65093771592313,1.0000000000000007,0.9971858320621934,0.2955216966941894,99.03222773145947
138.07789036076358,-64.65572840465015,1.0000000000000007,0.9973567453039305,0.2959854176670209,99.0003254451002
138.0986351561714,-64.66051647167905,1.0000000000000007,0.9975308570890125,0.29644718025777195,98.96835836675437
138.11938685536154,-64.66530193662103,1.0000000000000007,0.9977081617618584,0.2969069911982647,98.93632662282307
138.14014542958864,-64.67008481910331,1.0000000000000004,0.9978886536618718,0.2973648572141716,98.90423033970765
138.16091085014557,-64.67486513876892,1.0000000000000007,0.9980723271234266,0.29782078502502074,98.87206964380931
