galstreams/tracks/track.st.M5.ibata2021.ecsv
# %ECSV 0.9
# ---
# datatype:
# - {name: ra, unit: deg, datatype: float64}
# - {name: dec, unit: deg, datatype: float64}
# - {name: distance, unit: kpc, datatype: float64}
# - {name: pm_ra_cosdec, unit: mas / yr, datatype: float64}
# - {name: pm_dec, unit: mas / yr, datatype: float64}
# - {name: radial_velocity, unit: km / s, datatype: float64}
# delimiter: ','
# meta: !!omap
# - __serialized_columns__:
#     dec:
#       __class__: astropy.coordinates.angles.Latitude
#       unit: &id001 !astropy.units.Unit {unit: deg}
#       value: !astropy.table.SerializedColumn {name: dec}
#     distance:
#       __class__: astropy.coordinates.distances.Distance
#       unit: !astropy.units.Unit {unit: kpc}
#       value: !astropy.table.SerializedColumn {name: distance}
#     pm_dec:
#       __class__: astropy.units.quantity.Quantity
#       unit: !astropy.units.Unit {unit: mas / yr}
#       value: !astropy.table.SerializedColumn {name: pm_dec}
#     pm_ra_cosdec:
#       __class__: astropy.units.quantity.Quantity
#       unit: !astropy.units.Unit {unit: mas / yr}
#       value: !astropy.table.SerializedColumn {name: pm_ra_cosdec}
#     ra:
#       __class__: astropy.coordinates.angles.Longitude
#       unit: *id001
#       value: !astropy.table.SerializedColumn {name: ra}
#       wrap_angle: !astropy.coordinates.Angle
#         unit: *id001
#         value: 360.0
#     radial_velocity:
#       __class__: astropy.units.quantity.Quantity
#       unit: !astropy.units.Unit {unit: km / s}
#       value: !astropy.table.SerializedColumn {name: radial_velocity}
# schema: astropy-2.0
ra,dec,distance,pm_ra_cosdec,pm_dec,radial_velocity
[from data line 138]
197.24161451173455,17.15544442950888,7.089613602636074,3.0445203428274965,-8.29746857465433,-8.420767129872338e-14
197.251968657517,17.153198096054698,7.088257336701717,3.043390324571127,-8.300759383277516,-1.347322740779574e-13
197.26232004665744,17.15094443541775,7.086918316210408,3.0422746632075146,-8.304032576594063,-1.515738083377021e-13
197.2726686853643,17.148683467837778,7.085596490892528,3.0411732946522054,-8.307288199744377,-1.0104920555846805e-13
197.2830145798511,17.14641521355299,7.084291810478458,3.0400861548080833,-8.31052629785267,-1.347322740779574e-13
197.2933577363367,17.14413969279993,7.083004224698577,3.039013179565368,-8.313746916026966,-1.1789073981821273e-13
197.3036981610452,17.141856925813546,7.081733683283269,3.037954304801647,-8.316950099359133,-1.0104920555846805e-13
197.314035860206,17.13956693282712,7.080480135962913,3.0369094663818843,-8.320135892924895,-1.1789073981821273e-13
197.32437084005375,17.137269734072362,7.07924353246789,3.0358786001584543,-8.32330434178385,-1.1789073981821273e-13
197.33470310682821,17.134965349779353,7.078023822528582,3.0348616419711627,-8.32645549097949,-1.347322740779574e-13
197.34503266677453,17.13265380017658,7.076820955875369,3.0338585276472525,-8.329589385539226,-1.0104920555846805e-13
197.355359526143,17.130335105490836,7.075634882238634,3.0328691930014293,-8.332706070474392,-8.420767129872338e-14
197.36568369118913,17.128009285947385,7.074465551348756,3.031893573835893,-8.335805590780286,-8.420767129872338e-14
197.3760051681736,17.125676361769848,7.073312912936114,3.0309316059403426,-8.338887991436154,-8.420767129872338e-14
197.3863239633623,17.123336353180253,7.0721769167310935,3.0299832250920136,-8.341953317405245,-1.1789073981821273e-13
197.39664008302637,17.120989280398934,7.07105751246407,3.0290483670556663,-8.34500161363481,-6.73661370389787e-14
197.40695353344208,17.118635163644722,7.069954649865432,3.0281269675836517,-8.348032925056117,-1.347322740779574e-13
197.41726432089084,17.116274023134782,7.068868278665553,3.027218962415892,-8.351047296584484,-1.515738083377021e-13
197.42757245165924,17.11390587908467,7.0677983485948195,3.0263242872799183,-8.354044773119279,-8.420767129872338e-14
197.43787793203902,17.111530751708372,7.066744809383607,3.0254428778908933,-8.357025399543966,-1.1789073981821273e-13
197.44818076832715,17.109148661218196,7.065707610762301,3.0245746699516123,-8.359989220726085,-8.420767129872338e-14
197.4584809668256,17.10675962782491,7.064686702461279,3.0237195991525514,-8.362936281517303,-1.0104920555846805e-13
197.46877853384157,17.10436367173764,7.063682034210926,3.022877601171865,-8.365866626753412,-1.1789073981821273e-13
197.47907347568724,17.10196081316395,7.062693555741619,3.0220486116754204,-8.36878030125437,-1.1789073981821273e-13
197.48936579868018,17.09955107230972,7.061721216783742,3.0212325663167947,-8.37167734982428,-8.420767129872338e-14
197.4996555091428,17.097134469379306,7.060764967067676,3.0204294007373247,-8.374557817251455,-1.0104920555846805e-13
197.5099426134027,17.09471102457542,7.059824756323798,3.0196390505661066,-8.377421748308402,-1.0104920555846805e-13
197.5202271177925,17.09228075809922,7.058900534282493,3.0188614514200283,-8.38026918775185,-1.0104920555846805e-13
197.53050902865013,17.08984369015018,7.057992250674142,3.0180965389037655,-8.383100180322767,-1.1789073981821273e-13
197.54078835231834,17.087399840926246,7.05709985522912,3.0173442486098367,-8.385914770746394,-1.1789073981821273e-13
197.55106509514505,17.084949230623735,7.056223297677817,3.016604516118591,-8.388713003732224,-8.420767129872338e-14
197.56133926348318,17.082491879437384,7.0553625277506065,3.01587727699825,-8.391494923974072,-8.420767129872338e-14
197.57161086369075,17.080027807560345,7.0545174951778735,3.0151624668049113,-8.394260576150039,-1.0104920555846805e-13
197.58187990213088,17.077557035184103,7.053688149689997,3.014460021082578,-8.397010004922576,-1.1789073981821273e-13
197.59214638517162,17.075079582498624,7.052874441017359,3.013769875363171,-8.399743254938471,-1.347322740779574e-13
197.6024103191861,17.072595469692253,7.05207631889034,3.013091965166557,-8.402460370828877,-1.0104920555846805e-13
197.61267171055235,17.07010471695176,7.051293733039322,3.0124262260005685,-8.405161397209335,-1.347322740779574e-13
197.62293056565366,17.06760734446226,7.050526633194685,3.0117725933610062,-8.407846378679782,-8.420767129872338e-14
197.6331868908781,17.06510337240735,7.049774969086809,3.0111310027316747,-8.410515359824574,-1.347322740779574e-13
197.6434406926188,17.06259282096901,7.049038690446077,3.0105013895843995,-8.413168385212503,-1.1789073981821273e-13
197.65369197727387,17.06007571032763,7.048317747002868,3.0098836893790484,-8.415805499396813,-6.73661370389787e-14
197.66394075124643,17.057552060661983,7.047612088487566,3.0092778375635336,-8.418426746915218,-8.420767129872338e-14
197.67418702094454,17.05502189214931,7.046921664630547,3.0086837695738597,-8.421032172289925,-1.347322740779574e-13
197.68443079278128,17.05248522496521,7.046246425162197,3.0081014208341164,-8.423621820027634,-1.347322740779574e-13
197.69467207317453,17.049942079283756,7.045586319812894,3.007530726756512,-8.42619573461958,-8.420767129872338e-14
197.7049108685473,17.047392475277352,7.044941298313019,3.0069716227413834,-8.42875396054153,-1.347322740779574e-13
197.71514718532754,17.04483643311689,7.044311310392954,3.0064240441772334,-8.43129654225381,-8.420767129872338e-14
197.7253810299479,17.042273972971653,7.0436963057830795,3.0058879264407232,-8.433823524201319,-1.1789073981821273e-13
197.73561240884618,17.039705115009337,7.043096234213777,3.005363204896717,-8.436334950813551,-1.515738083377021e-13
197.745841328465,17.037129879396083,7.042511045415428,3.0048498148982805,-8.438830866504603,-1.1789073981821273e-13
197.75606779525197,17.034548286296392,7.04194068911841,3.0043476917867147,-8.441311315673198,-1.1789073981821273e-13
197.7662918156595,17.031960355873235,7.041385115053108,3.003856770891561,-8.44377634270271,-1.347322740779574e-13
197.776513396145,17.029366108288,7.040844272949901,3.0033769875306398,-8.446225991961164,-1.0104920555846805e-13
197.78673254317056,17.02676556370049,7.040318112539171,3.002908277010048,-8.448660307801259,-1.515738083377021e-13
197.7969492632035,17.024158742268895,7.039806583551297,3.0024505746241923,-8.451079334560397,-1.0104920555846805e-13
197.80716356271563,17.02154566414989,7.03930963571666,3.002003815655798,-8.453483116560681,-1.1789073981821273e-13
197.81737544818387,17.01892634949852,7.038827218765647,3.001567935375939,-8.455871698108945,-1.347322740779574e-13
197.82758492608988,17.016300818468327,7.03835928242863,3.0011428690440494,-8.458245123496773,-1.347322740779574e-13
197.8377920029203,17.013669091211163,7.037905776435994,3.000728551907935,-8.4606034370005,-8.420767129872338e-14
197.84799668516646,17.011031187877414,7.0374666505181205,3.000324919203809,-8.462946682881245,-1.347322740779574e-13
197.85819897932458,17.008387128615833,7.037041854405391,2.9999319061563003,-8.465274905384916,-1.0104920555846805e-13
197.8683988918957,17.005736933573644,7.036631337828185,2.999549447978476,-8.467588148742236,-1.1789073981821273e-13
197.87859642938565,17.00308062289648,7.036235050516884,2.999177479871851,-8.469886457168753,-1.1789073981821273e-13
197.88879159830523,17.000418216728377,7.035852942201869,2.9988159370264125,-8.472169874864859,-1.0104920555846805e-13
197.8989844051698,16.99774973521184,7.03548496261352,2.998464754620647,-8.474438446015814,-1.347322740779574e-13
197.9091748564997,16.995075198487786,7.03513106148222,2.998123867821543,-8.476692214791743,-1.347322740779574e-13
197.9193629588199,16.992394626695592,7.034791188538347,2.9977932117846273,-8.478931225347672,-1.1789073981821273e-13
197.9295487186604,16.989708039973024,7.034465293512284,2.9974727216539603,-8.48115552182354,-1.0104920555846805e-13
197.93973214255573,16.9870154584563,7.034153326134413,2.9971623325621755,-8.483365148344198,-1.1789073981821273e-13
197.94991323704525,16.984316902280092,7.033855236135111,2.9968619796304905,-8.485560149019461,-6.73661370389787e-14
197.9600920086731,16.98161239157752,7.033570973244764,2.996571597968723,-8.487740567944083,-8.420767129872338e-14
197.97026846398822,16.97890194648007,7.03330048719375,2.996291122675303,-8.489906449197807,-1.0104920555846805e-13
197.9804426095442,16.97618558711773,7.03304372771245,2.9960204888373103,-8.492057836845364,-1.0104920555846805e-13
197.9906144518995,16.973463333618906,7.032800644531243,2.9957596315304715,-8.494194774936489,-1.0104920555846805e-13
198.00078399761705,16.970735206110472,7.0325711873805155,2.9955084858192,-8.496317307505938,-1.1789073981821273e-13
198.01095125326484,16.968001224717668,7.032355305990643,2.9952669867565875,-8.49842547857352,-8.420767129872338e-14
198.02111622541534,16.965261409564242,7.032152950092011,2.995035069384441,-8.500519332144087,-1.347322740779574e-13
198.0312789206458,16.96251578077237,7.031964069414997,2.9948126687333043,-8.502598912207572,-1.347322740779574e-13
198.0414393455382,16.95976435846266,7.031788613689983,2.994599719822454,-8.504664262738988,-1.1789073981821273e-13
198.0515975066791,16.957007162754195,7.03162653264735,2.9943961576599443,-8.50671542769846,-1.0104920555846805e-13
198.06175341065986,16.954244213764422,7.031477776017478,2.994201917242599,-8.50875245103123,-1.347322740779574e-13
198.07190706407656,16.951475531609322,7.0313422935307495,2.994016933556053,-8.510775376667665,-1.1789073981821273e-13
198.08205847352977,16.948701136403276,7.031220034917546,2.993841141574756,-8.512784248523303,-1.0104920555846805e-13
198.09220764562482,16.94592104825915,7.031110949908248,2.9936744762619956,-8.514779110498834,-1.347322740779574e-13
198.10235458697184,16.943135287288193,7.031014988233234,2.9935168725699053,-8.516760006480142,-1.0104920555846805e-13
198.11249930418535,16.940343873600142,7.030932099622888,2.993368265439499,-8.518726980338299,-1.1789073981821273e-13
198.12264180388468,16.93754682730321,7.030862233807588,2.993228589800677,-8.520680075929597,-1.347322740779574e-13
198.13278209269373,16.93474416850402,7.030805340517718,2.993097780572249,-8.52261933709556,-8.420767129872338e-14
198.1429201772411,16.93193591730764,7.030761369483657,2.992975772661942,-8.52454480766295,-1.0104920555846805e-13
198.15305606415995,16.92912209381763,7.030730270435788,2.992862500966432,-8.526456531443799,-1.0104920555846805e-13
198.16318976008807,16.926302718135968,7.030711993104488,2.992757900371353,-8.52835455223541,-1.0104920555846805e-13
198.1733212716678,16.923477810363124,7.030706487220141,2.992661905751321,-8.530238913820376,-1.1789073981821273e-13
198.1834506055462,16.920647390597953,7.030713702513128,2.992574451969935,-8.532109659966611,-1.347322740779574e-13
198.1935777683749,16.917811478937832,7.03073358871383,2.9924954738798153,-8.53396683442733,-1.1789073981821273e-13
198.20370276680998,16.91497009547856,7.030766095552628,2.992424906322614,-8.535810480941098,-1.347322740779574e-13
198.21382560751226,16.912123260314424,7.030811172759899,2.992362684129022,-8.537640643231846,-1.0104920555846805e-13
198.223946297147,16.909270993538147,7.03086877006603,2.9923087421188064,-8.53945736500884,-8.420767129872338e-14
198.2340648423842,16.906413315240883,7.030938837201399,2.992263015100802,-8.541260689966764,-1.1789073981821273e-13
198.24418124989828,16.903550245512292,7.031021323896387,2.9922254378729503,-8.54305066178568,-6.73661370389787e-14
198.25429552636817,16.90068180444048,7.031116179881374,2.992195945222313,-8.544827324131074,-1.515738083377021e-13
198.26440767847748,16.89780801211202,7.031223354886743,2.992174471925079,-8.546590720653855,-1.1789073981821273e-13
198.27451771291436,16.894928888611904,7.031342798642874,2.992160952746586,-8.548340894990378,-1.0104920555846805e-13
198.28462563637137,16.892044454023633,7.031474460880146,2.9921553224413486,-8.550077890762461,-1.0104920555846805e-13
198.29473145554564,16.88915472842917,7.031618291328944,2.9921575157530578,-8.55180175157739,-1.0104920555846805e-13
198.30483517713878,16.886259731908936,7.031774239719646,2.992167467414617,-8.553512521027942,-1.515738083377021e-13
198.31493680785715,16.883359484541774,7.031942255782634,2.992185112148131,-8.555210242692395,-8.420767129872338e-14
198.32503635441128,16.880454006405056,7.0321222892482895,2.992210384664957,-8.55689496013455,-8.420767129872338e-14
198.3351338235164,16.87754331757459,7.03231428984699,2.992243219665699,-8.558566716903739,-1.515738083377021e-13
198.34522922189214,16.874627438124655,7.032518207309122,2.9922835518402264,-8.560225556534842,-1.347322740779574e-13
198.35532255626262,16.87170638812802,7.032733991365063,2.9923313158677134,-8.561871522548302,-1.1789073981821273e-13
198.3654138333566,16.868780187655858,7.032961591745195,2.992386446416609,-8.563504658450137,-1.1789073981821273e-13
198.3755030599071,16.86584885677788,7.033200958179898,2.992448878144705,-8.56512500773196,-1.347322740779574e-13
198.38559024265166,16.862912415562246,7.033452040399553,2.992518545699124,-8.56673261387099,-8.420767129872338e-14
198.39567538833225,16.859970884075597,7.033714788134541,2.9925953837163433,-8.568327520330058,-1.0104920555846805e-13
198.4057585036955,16.857024282383005,7.033989151115243,2.9926793268222056,-8.569909770557649,-1.0104920555846805e-13
198.4158395954922,16.85407263054806,7.034275079072042,2.992770309631944,-8.571479407987876,-1.0104920555846805e-13
198.42591867047773,16.851115948632803,7.034572521735317,2.992868266750201,-8.573036476040532,-1.0104920555846805e-13
198.43599573541186,16.848154256697786,7.034881428835448,2.9929731327710325,-8.57458101812108,-1.0104920555846805e-13
198.44607079705884,16.84518757480196,7.035201750102819,2.993084842277928,-8.576113077620677,-1.347322740779574e-13
198.45614386218728,16.842215923002822,7.035533435267808,2.9932033298438414,-8.577632697916192,-8.420767129872338e-14
198.4662149375702,16.83923932135633,7.035876434060795,2.993328530031185,-8.57913992237021,-1.0104920555846805e-13
198.47628402998495,16.83625778991692,7.036230696212164,2.993460377391872,-8.580634794331049,-1.0104920555846805e-13
198.48635114621354,16.833271348737473,7.036596171452296,2.9935988064673023,-8.582117357132779,-1.0104920555846805e-13
198.49641629304207,16.83028001786939,7.036972809511571,2.9937437517884016,-8.583587654095238,-1.1789073981821273e-13
198.50647947726122,16.82728381736254,7.037360560120369,2.993895147875636,-8.585045728524033,-1.347322740779574e-13
198.516540705666,16.824282767265277,7.037759373009073,2.9940529292390132,-8.58649162371057,-6.73661370389787e-14
198.5265999850556,16.821276887624435,7.038169197908061,2.994217030378118,-8.587925382932049,-1.0104920555846805e-13
198.53665732223396,16.818266198485308,7.038589984547716,2.994387385782112,-8.589347049451504,-1.0104920555846805e-13
198.54671272400907,16.815250719891697,7.039021682658421,2.9945639299297624,-8.590756666517793,-1.1789073981821273e-13
198.5567661971934,16.81223047188589,7.0394642419705535,2.9947465972894474,-8.592154277365617,-1.1789073981821273e-13
198.56681774860365,16.809205474508676,7.039917612214496,2.9949353223191832,-8.593539925215548,-1.0104920555846805e-13
198.5768673850611,16.806175747799255,7.040381743120627,2.9951300394666296,-8.594913653274027,-1.1789073981821273e-13
198.58691511339111,16.803141311795386,7.04085658441933,2.9953306831691155,-8.59627550473338,-1.1789073981821273e-13
198.5969609404235,16.800102186533305,7.041342085840985,2.995537187853645,-8.597625522771839,-1.1789073981821273e-13
198.6070048729923,16.797058392047735,7.0418381971159745,2.9957494879369264,-8.598963750553544,-8.420767129872338e-14
198.617046917936,16.79400994837184,7.04234486797468,2.995967517825368,-8.600290231228573,-1.1789073981821273e-13
198.62708708209738,16.790956875537336,7.042862048147479,2.9961912119151153,-8.601605007932939,-1.0104920555846805e-13
