galstreams/tracks/track.st.TucanaIII.ibata2024.ecsv
# %ECSV 1.0
# ---
# datatype:
# - {name: ra, unit: deg, datatype: float64}
# - {name: dec, unit: deg, datatype: float64}
# - {name: distance, unit: kpc, datatype: float64}
# - {name: pm_ra_cosdec, unit: mas / yr, datatype: float64}
# - {name: pm_dec, unit: mas / yr, datatype: float64}
# - {name: radial_velocity, unit: km / s, datatype: float64}
# delimiter: ','
# meta: !!omap
# - __serialized_columns__:
#     dec:
#       __class__: astropy.coordinates.angles.Latitude
#       unit: &id001 !astropy.units.Unit {unit: deg}
#       value: !astropy.table.SerializedColumn {name: dec}
#     distance:
#       __class__: astropy.coordinates.distances.Distance
#       unit: !astropy.units.Unit {unit: kpc}
#       value: !astropy.table.SerializedColumn {name: distance}
#     pm_dec:
#       __class__: astropy.units.quantity.Quantity
#       unit: !astropy.units.Unit {unit: mas / yr}
#       value: !astropy.table.SerializedColumn {name: pm_dec}
#     pm_ra_cosdec:
#       __class__: astropy.units.quantity.Quantity
#       unit: !astropy.units.Unit {unit: mas / yr}
#       value: !astropy.table.SerializedColumn {name: pm_ra_cosdec}
#     ra:
#       __class__: astropy.coordinates.angles.Longitude
#       unit: *id001
#       value: !astropy.table.SerializedColumn {name: ra}
#       wrap_angle: !astropy.coordinates.Angle
#         unit: *id001
#         value: 360.0
#     radial_velocity:
#       __class__: astropy.units.quantity.Quantity
#       unit: !astropy.units.Unit {unit: km / s}
#       value: !astropy.table.SerializedColumn {name: radial_velocity}
# schema: astropy-2.0
ra,dec,distance,pm_ra_cosdec,pm_dec,radial_velocity
[from data line 696]
358.44210537523907,-59.64898337276044,1.0000000000000004,-0.16909434223167877,-1.773540372986261,-105.84187964901824
358.4223650379202,-59.650692305697184,1.0000000000000007,-0.16980870498062414,-1.7743996563767244,-105.91762930720444
358.4026225712125,-59.65239775445035,1.0000000000000004,-0.17052365392975957,-1.7752589992766605,-105.99326761571197
358.38287797377035,-59.65409969507681,1.0000000000000004,-0.17123919241782873,-1.7761183974916506,-106.06879471318189
358.36313124430455,-59.655798103631305,1.0000000000000004,-0.17195532377746034,-1.776977846823561,-106.14421073825523
358.343382381583,-59.65749295616637,1.0000000000000004,-0.17267205133505428,-1.777837343070507,-106.21951582957301
358.3236313844305,-59.65918422873237,1.0000000000000004,-0.17338937841081084,-1.7786968820268747,-106.29471012577626
358.30387825172863,-59.660871897377525,1.0000000000000004,-0.1741073083187378,-1.7795564594833149,-106.36979376550596
358.2841229824159,-59.662555938147875,1.0000000000000004,-0.1748258443666395,-1.7804160712267425,-106.44476688740319
358.2643655754879,-59.66423632708744,1.0000000000000004,-0.17554498985609196,-1.7812757130403813,-106.51962963010888
358.24460602999716,-59.6659130402381,1.0000000000000004,-0.17626474808240838,-1.782135380703723,-106.59438213226419
358.2248443450533,-59.667586053639674,1.0000000000000004,-0.17698512233471655,-1.7829950699925554,-106.66902453251005
358.20508051982296,-59.66925534332992,1.0000000000000004,-0.17770611589583554,-1.783854776678945,-106.74355696948751
358.1853145535298,-59.67092088534465,1.0000000000000007,-0.1784277320423727,-1.7847144965313078,-106.81797958183759
358.1655464454549,-59.67258265571758,1.0000000000000004,-0.17914997404464644,-1.7855742253143205,-106.89229250820125
358.1457761949363,-59.67424063048046,1.0000000000000004,-0.17987284516669358,-1.7864339587889955,-106.96649588721961
358.12600380136934,-59.67589478566316,1.0000000000000004,-0.1805963486662706,-1.787293692712673,-107.04058985753363
358.1062292642066,-59.6775450972935,1.0000000000000007,-0.181320487794839,-1.7881534228389953,-107.11457455778442
358.08645258295803,-59.679191541397465,1.0000000000000004,-0.1820452657975667,-1.789013144917961,-107.1884501266129
358.0666737571909,-59.680834093999046,1.0000000000000004,-0.1827706859132769,-1.7898728546958829,-107.26221670266008
358.04689278652967,-59.682472731120484,1.0000000000000004,-0.18349675137449756,-1.7907325479154412,-107.3358744245671
358.0271096706563,-59.68410742878205,1.0000000000000004,-0.18422346540743323,-1.7915922203156232,-107.40942343097487
358.00732440931006,-59.68573816300224,1.0000000000000004,-0.18495083123191924,-1.792451867631815,-107.48286386052449
357.9875370022881,-59.6873649097977,1.0000000000000004,-0.18567885206144402,-1.7933114855957353,-107.55619585185697
357.9677474494445,-59.68898764518333,1.0000000000000004,-0.18640753110317004,-1.7941710699354836,-107.62941954361322
357.94795575069134,-59.690606345172185,1.0000000000000004,-0.18713687155786302,-1.7950306163755023,-107.70253507443441
357.9281619059979,-59.69222098577562,1.0000000000000004,-0.18786687661991458,-1.7958901206366384,-107.77554258296152
357.9083659153914,-59.69383154300326,1.0000000000000002,-0.1885975494773398,-1.7967495784361134,-107.84844220783556
357.8885677789564,-59.69543799286302,1.0000000000000004,-0.1893288933117433,-1.7976089854875337,-107.92123408769754
357.8687674968352,-59.69704031136108,1.0000000000000004,-0.19006091129836084,-1.7984683375008927,-107.99391836118852
357.84896506922786,-59.698638474501976,1.0000000000000007,-0.19079360660596767,-1.7993276301825922,-108.06649516694945
357.82916049639226,-59.70023245828863,1.0000000000000004,-0.19152698239695726,-1.800186859235433,-108.13896464362145
357.80935377864387,-59.701822238722315,1.0000000000000004,-0.19226104182725912,-1.8010460203586423,-108.21132692984547
357.7895449163559,-59.703407791802675,1.0000000000000004,-0.19299578804640566,-1.8019051092478389,-108.28358216426253
357.76973390995977,-59.70498909352779,1.0000000000000004,-0.19373122419742872,-1.8027641215950805,-108.35573048551372
357.7499207599444,-59.70656611989418,1.0000000000000004,-0.19446735341694743,-1.8036230530888435,-108.42777203224001
357.7301054668566,-59.70813884689684,1.0000000000000004,-0.19520417883507862,-1.8044818994140535,-108.49970694308243
357.71028803130133,-59.7097072505292,1.0000000000000004,-0.19594170357549906,-1.8053406562520617,-108.57153535668193
357.6904684539414,-59.71127130678324,1.0000000000000004,-0.19667993075536683,-1.8061993192806725,-108.64325741167976
357.6706467354976,-59.712830991649426,1.0000000000000004,-0.19741886348536364,-1.8070578841741511,-108.71487324671666
357.6508228767487,-59.714386281116774,1.0000000000000004,-0.19815850486967235,-1.8079163466031858,-108.78638300043383
357.6309968785317,-59.715937151172874,1.0000000000000004,-0.19889885800594953,-1.808774702234972,-108.85778681147222
357.61116874174144,-59.7174835778039,1.0000000000000004,-0.19963992598533686,-1.8096329467331476,-108.9290848184729
357.5913384673313,-59.71902553699462,1.0000000000000004,-0.2003817118924462,-1.810491075757831,-109.00027716007689
357.5715060563122,-59.720563004728454,1.0000000000000004,-0.20112421880536174,-1.8113490849656309,-109.07136397492519
357.55167150975365,-59.72209595698746,1.0000000000000004,-0.2018674497956094,-1.8122069700096457,-109.1423454016588
357.53183482878336,-59.72362436975232,1.0000000000000002,-0.20261140792815868,-1.8130647265394462,-109.21322157891878
357.5119960145872,-59.72514821900251,1.0000000000000004,-0.20335609626140766,-1.8139223502011212,-109.28399264534613
357.4921550684093,-59.726667480716145,1.0000000000000002,-0.20410151784719338,-1.8147798366372694,-109.35465873958186
357.4723119915522,-59.72818213087008,1.0000000000000002,-0.20484767573075502,-1.8156371814869896,-109.42522000026705
357.4524667853766,-59.72969214543993,1.0000000000000004,-0.20559457295075462,-1.816494380385894,-109.4956765660427
357.43261945130183,-59.7311975004001,1.0000000000000004,-0.20634221253924034,-1.8173514289661412,-109.56602857554982
357.4127699908052,-59.732698171723804,1.0000000000000004,-0.20709059752166925,-1.818208322856396,-109.63627616742939
357.3929184054229,-59.73419413538306,1.0000000000000004,-0.20783973091684438,-1.8190650576818843,-109.70641948032254
357.37306469674934,-59.73568536734872,1.0000000000000004,-0.20858961573697193,-1.8199216290643498,-109.77645865287015
357.35320886643734,-59.737171843590495,1.0000000000000004,-0.20934025498761338,-1.820778032622096,-109.84639382371338
357.33335091619847,-59.73865354007702,1.0000000000000004,-0.21009165166768345,-1.8216342639699885,-109.91622513149319
357.31349084780277,-59.7401304327758,1.0000000000000004,-0.2108438087694225,-1.8224903187194474,-109.98595271485058
357.29362866307866,-59.741602497653275,1.0000000000000004,-0.21159672927844325,-1.8233461924784553,-110.0555767124266
357.27376436391353,-59.743069710674824,1.0000000000000004,-0.21235041617366862,-1.824201880851584,-110.12509726286228
357.2538979522529,-59.744532047804825,1.0000000000000004,-0.2131048724273203,-1.8250573794399614,-110.19451450479862
357.2340294301014,-59.74598948500664,1.0000000000000007,-0.21386010100497177,-1.8259126838413309,-110.26382857687668
357.21415879952207,-59.74744199824263,1.0000000000000007,-0.21461610486546534,-1.8267677896500043,-110.33303961773746
357.1942860626368,-59.7488895634742,1.0000000000000004,-0.2153728869609456,-1.8276226924569166,-110.40214776602194
357.1744112216263,-59.75033215666181,1.0000000000000004,-0.21613045023684446,-1.8284773878495795,-110.4711531603712
357.15453427872984,-59.751769753765004,1.0000000000000004,-0.21688879763186775,-1.8293318714121458,-110.54005593942625
357.13465523624575,-59.75320233074242,1.0000000000000004,-0.2176479320779564,-1.830186138725356,-110.60885624182816
357.11477409653094,-59.75462986355182,1.0000000000000004,-0.21840785650036765,-1.8310401853666036,-110.67755420621778
357.09489086200114,-59.7560523281501,1.0000000000000004,-0.21916857381756732,-1.8318940069098861,-110.74614997123638
357.0750055351312,-59.75746970049337,1.0000000000000007,-0.21993008694125954,-1.8327475989258843,-110.81464367552478
357.0551181184548,-59.75888195653685,1.0000000000000004,-0.22069239877639885,-1.8336009569818632,-110.88303545772412
357.0352286145645,-59.76028907223501,1.0000000000000004,-0.22145551222113902,-1.8344540766417818,-110.95132545647535
357.0153370261118,-59.761691023541566,1.0000000000000004,-0.22221943016687862,-1.8353069534662403,-111.01951381041953
356.99544335580737,-59.763087786409464,1.0000000000000004,-0.2229841554981749,-1.8361595830125061,-111.08760065819766
356.9755476064206,-59.76447933679092,1.0000000000000004,-0.22374969109283643,-1.8370119608345128,-111.1555861384508
356.9556497807803,-59.765865650637444,1.0000000000000004,-0.22451603982180146,-1.83786408248287,-111.22347038981998
356.93574988177375,-59.7672467038999,1.0000000000000007,-0.2252832045492425,-1.8387159435048854,-111.29125355094615
356.915847912348,-59.76862247252845,1.0000000000000007,-0.22605118813245667,-1.8395675394445359,-111.35893576047035
356.89594387550875,-59.76999293247263,1.0000000000000007,-0.2268199934219327,-1.8404188658425014,-111.4265171570337
356.87603777432105,-59.77135805968136,1.0000000000000007,-0.22758962326129162,-1.841269918236181,-111.49399787927712
356.85612961190907,-59.77271783010297,1.0000000000000007,-0.2283600804873167,-1.8421206921596536,-111.56137806584162
356.8362193914562,-59.774072219685216,1.0000000000000007,-0.22913136792990518,-1.8429711831437476,-111.62865785536833
356.81630711620494,-59.77542120437528,1.0000000000000004,-0.2299034884120994,-1.8438213867159856,-111.69583738649818
356.79639278945723,-59.77676476011983,1.0000000000000007,-0.23067644475004911,-1.8446712984006446,-111.76291679787222
356.7764764145739,-59.77810286286507,1.0000000000000007,-0.2314502397530217,-1.8455209137187243,-111.82989622813149
356.7565579949755,-59.779435488556636,1.0000000000000007,-0.2322248762233835,-1.8463702281879613,-111.896775815917
356.7366375341416,-59.78076261313974,1.0000000000000004,-0.23300035695657695,-1.8472192373228644,-111.96355569986974
356.71671503561123,-59.7820842125592,1.0000000000000007,-0.23377668474116298,-1.8480679366346813,-112.03023601863079
356.69679050298276,-59.7834002627593,1.0000000000000007,-0.2345538623587463,-1.848916321631421,-112.09681691084113
356.67686393991397,-59.78471073968405,1.0000000000000007,-0.23533189258400966,-1.849764387817892,-112.16329851514179
356.65693535012184,-59.78601561927699,1.0000000000000007,-0.2361107781847095,-1.8506121306956356,-112.22968097017382
356.63700473738317,-59.78731487748136,1.0000000000000007,-0.23689052192162363,-1.851459545763026,-112.2959644145782
356.61707210553374,-59.78860849024004,1.0000000000000007,-0.23767112654858813,-1.8523066285151888,-112.36214898699595
356.59713745846915,-59.78989643349563,1.0000000000000007,-0.23845259481246484,-1.8531533744440694,-112.42823482606813
356.5772008001443,-59.791178683190395,1.0000000000000007,-0.2392349294531534,-1.8539997790384035,-112.49422207043577
356.5572621345736,-59.792455215266386,1.0000000000000007,-0.2400181332035758,-1.8548458377837633,-112.56011085873988
356.53732146583127,-59.79372600566538,1.0000000000000007,-0.240802208789623,-1.8556915461625199,-112.62590132962143
356.5173787980507,-59.79499103032894,1.0000000000000004,-0.24158715893021343,-1.8565368996538787,-112.69159362172151
356.4974341354251,-59.7962502651984,1.0000000000000009,-0.2423729863372649,-1.8573818937338622,-112.75718787368116
356.47748748220727,-59.79750368621499,1.0000000000000007,-0.2431596937156667,-1.8582265238753646,-112.82268422414131
356.4575388427093,-59.79875126931971,1.0000000000000004,-0.2439472837632899,-1.859070785548104,-112.88808281174303
356.43758822130343,-59.799992990453454,1.0000000000000009,-0.24473575917094392,-1.8599146742186452,-112.95338377512738
356.4176356224212,-59.801228825557025,1.0000000000000007,-0.24552512262243786,-1.8607581853504556,-113.01858725293535
356.39768105055384,-59.80245875057109,1.0000000000000007,-0.2463153767945,-1.861601314403817,-113.08369338380793
356.37772451025245,-59.803682741436305,1.0000000000000007,-0.2471065243568259,-1.8624440568359262,-113.14870230638617
356.3577660061278,-59.80490077409323,1.0000000000000007,-0.2478985679720005,-1.8632864081008442,-113.21361415931112
356.3378055428501,-59.80611282448243,1.0000000000000007,-0.2486915102956031,-1.8641283636495345,-113.27842908122379
356.31784312515,-59.807318868544485,1.0000000000000007,-0.24948535397604754,-1.8649699189298534,-113.34314721076515
356.2978787578169,-59.80851888221996,1.0000000000000007,-0.25028010165473513,-1.8658110693865577,-113.40776868657629
356.27791244570085,-59.809712841449496,1.0000000000000007,-0.25107575596591614,-1.866651810461315,-113.47229364729823
356.2579441937114,-59.81090072217377,1.0000000000000007,-0.2518723195367487,-1.8674921375927287,-113.53672223157196
356.23797400681786,-59.812082500333574,1.0000000000000009,-0.2526697949872816,-1.868332046216299,-113.60105457803847
356.21800189004944,-59.813258151869796,1.0000000000000007,-0.2534681849304258,-1.8691715317644864,-113.66529082533886
356.19802784849526,-59.81442765272346,1.0000000000000007,-0.2542674919719876,-1.8700105896666805,-113.72943111211407
356.1780518873042,-59.815590978835765,1.0000000000000007,-0.2550677187105913,-1.8708492153492244,-113.79347557700525
356.15807401168524,-59.81674810614805,1.0000000000000007,-0.2558688677377473,-1.8716874042354146,-113.85742435865326
356.13809422690684,-59.81789901060189,1.0000000000000007,-0.2566709416378139,-1.8725251517455082,-113.92127759569925
356.1181125382978,-59.81904366813906,1.0000000000000007,-0.25747394298796633,-1.8733624532967372,-113.98503542678421
356.0981289512467,-59.82018205470158,1.0000000000000007,-0.2582778743582038,-1.8741993043033105,-114.04869799054912
356.078143471202,-59.82131414623178,1.0000000000000007,-0.25908273831137385,-1.8750357001764257,-114.11226542563504
356.0581561036722,-59.822439918672195,1.0000000000000009,-0.25988853740311524,-1.8758716363242627,-114.175737870683
356.0381668542259,-59.82355934796574,1.0000000000000007,-0.2606952741818669,-1.8767071081520044,-114.23911546433396
356.0181757284915,-59.824672410055676,1.0000000000000007,-0.2615029511888899,-1.8775421110618744,-114.30239834522902
355.9981827321575,-59.825779080885546,1.0000000000000007,-0.26231157095820057,-1.8783766404530535,-114.36558665200916
355.9781878709723,-59.82687933639935,1.0000000000000007,-0.26312113601663767,-1.8792106917217932,-114.42868052331544
355.9581911507446,-59.827973152541446,1.0000000000000007,-0.2639316488837722,-1.8800442602613572,-114.49168009778883
355.9381925773429,-59.829060505256614,1.0000000000000007,-0.26474311207196755,-1.8808773414620479,-114.5545855140704
355.91819215669574,-59.8301413704901,1.0000000000000007,-0.26555552808634797,-1.881709930711212,-114.61739691080115
355.898189894792,-59.83121572418762,1.0000000000000007,-0.26636889942475805,-1.882542023393265,-114.6801144266221
355.8781857976805,-59.83228354229537,1.0000000000000007,-0.26718322857780596,-1.883373614889667,-114.74273820017429
355.85817987147,-59.83334480076007,1.0000000000000007,-0.2679985180288593,-1.88420470057895,-114.80526837009869
355.8381721223297,-59.83439947552896,1.0000000000000007,-0.26881477025395584,-1.885035275836735,-114.86770507503638
355.8181625564886,-59.83544754254985,1.0000000000000007,-0.26963198772190533,-1.8858653360357014,-114.9300484536284
355.798151180236,-59.83648897777113,1.0000000000000007,-0.2704501728942036,-1.8866948765456577,-114.99229864451571
355.7781379999214,-59.8375237571418,1.0000000000000007,-0.27126932822506045,-1.887523892733487,-115.05445578633933
355.7581230219543,-59.83855185661148,1.0000000000000007,-0.2720894561613719,-1.8883523799631785,-115.11652001774036
