galstreams/tracks/track.st.Pegasus.perottoni2019.ecsv
# %ECSV 1.0
# ---
# datatype:
# - {name: ra, unit: deg, datatype: float64}
# - {name: dec, unit: deg, datatype: float64}
# - {name: distance, unit: kpc, datatype: float64}
# - {name: pm_ra_cosdec, unit: mas / yr, datatype: float64}
# - {name: pm_dec, unit: mas / yr, datatype: float64}
# - {name: radial_velocity, unit: km / s, datatype: float64}
# delimiter: ','
# meta: !!omap
# - __serialized_columns__:
#     dec:
#       __class__: astropy.coordinates.angles.Latitude
#       unit: &id001 !astropy.units.Unit {unit: deg}
#       value: !astropy.table.SerializedColumn {name: dec}
#     distance:
#       __class__: astropy.coordinates.distances.Distance
#       unit: !astropy.units.Unit {unit: kpc}
#       value: !astropy.table.SerializedColumn {name: distance}
#     pm_dec:
#       __class__: astropy.units.quantity.Quantity
#       unit: !astropy.units.Unit {unit: mas / yr}
#       value: !astropy.table.SerializedColumn {name: pm_dec}
#     pm_ra_cosdec:
#       __class__: astropy.units.quantity.Quantity
#       unit: !astropy.units.Unit {unit: mas / yr}
#       value: !astropy.table.SerializedColumn {name: pm_ra_cosdec}
#     ra:
#       __class__: astropy.coordinates.angles.Longitude
#       unit: *id001
#       value: !astropy.table.SerializedColumn {name: ra}
#       wrap_angle: !astropy.coordinates.Angle
#         unit: *id001
#         value: 360.0
#     radial_velocity:
#       __class__: astropy.units.quantity.Quantity
#       unit: !astropy.units.Unit {unit: km / s}
#       value: !astropy.table.SerializedColumn {name: radial_velocity}
# schema: astropy-2.0
ra,dec,distance,pm_ra_cosdec,pm_dec,radial_velocity
328.3440426147909,20.876419268931837,17.99999999999941,0.0,0.0,0.0
328.34926446772397,20.88516328279456,17.999999999999417,0.0,0.0,0.0
328.35448763503433,20.893906739211534,17.99999999999942,0.0,0.0,0.0
328.3597121173568,20.902649637904506,17.99999999999943,0.0,0.0,0.0
328.3649379153263,20.911391978595162,17.999999999999442,0.0,0.0,0.0
328.370165029578,20.920133761005076,17.99999999999945,0.0,0.0,0.0
328.3753934607471,20.92887498485584,17.99999999999945,0.0,0.0,0.0
328.3806232094689,20.937615649868825,17.999999999999456,0.0,0.0,0.0
328.385854276379,20.946355755765342,17.99999999999947,0.0,0.0,0.0
328.39108666211314,20.955095302266628,17.999999999999474,0.0,0.0,0.0
328.39632036730694,20.963834289093754,17.999999999999485,0.0,0.0,0.0
328.4015553925965,20.97257271596786,17.99999999999949,0.0,0.0,0.0
328.40679173861776,20.981310582609833,17.9999999999995,0.0,0.0,0.0
328.41202940600704,20.990047888740516,17.999999999999503,0.0,0.0,0.0
328.4172683954007,20.99878463408065,17.99999999999951,0.0,0.0,0.0
328.42250870743527,21.00752081835085,17.99999999999952,0.0,0.0,0.0
328.4277503427474,21.016256441271775,17.999999999999524,0.0,0.0,0.0
328.43299330197385,21.02499150256381,17.99999999999953,0.0,0.0,0.0
328.43823758575155,21.033726001947354,17.999999999999538,0.0,0.0,0.0
328.44348319471766,21.042459939142603,17.99999999999955,0.0,0.0,0.0
328.4487301295094,21.051193313869838,17.999999999999556,0.0,0.0,0.0
328.45397839076406,21.059926125849078,17.999999999999556,0.0,0.0,0.0
328.45922797911913,21.06865837480031,17.999999999999563,0.0,0.0,0.0
328.4644788952124,21.077390060443417,17.99999999999957,0.0,0.0,0.0
328.4697311396816,21.08612118249813,17.999999999999577,0.0,0.0,0.0
328.4749847131646,21.09485174068423,17.999999999999588,0.0,0.0,0.0
328.48023961629957,21.103581734721267,17.999999999999588,0.0,0.0,0.0
328.48549584972477,21.112311164328734,17.9999999999996,0.0,0.0,0.0
328.49075341407854,21.121040029226027,17.999999999999602,0.0,0.0,0.0
328.4960123099993,21.1297683291324,17.999999999999606,0.0,0.0,0.0
328.5012725381258,21.13849606376714,17.999999999999616,0.0,0.0,0.0
328.5065340990969,21.147223232849313,17.999999999999616,0.0,0.0,0.0
328.51179699355146,21.155949836097925,17.999999999999623,0.0,0.0,0.0
328.5170612221285,21.16467587323182,17.999999999999627,0.0,0.0,0.0
328.5223267854675,21.173401343969914,17.999999999999634,0.0,0.0,0.0
328.52759368420766,21.18212624803087,17.999999999999638,0.0,0.0,0.0
328.53286191898854,21.190850585133298,17.999999999999645,0.0,0.0,0.0
328.53813149044987,21.1995743549957,17.99999999999965,0.0,0.0,0.0
328.5434023992313,21.208297557336465,17.999999999999655,0.0,0.0,0.0
328.548674645973,21.21702019187398,17.99999999999966,0.0,0.0,0.0
328.55394823131496,21.22574225832643,17.999999999999666,0.0,0.0,0.0
328.5592231558975,21.234463756411927,17.99999999999967,0.0,0.0,0.0
328.5644994203609,21.243184685848433,17.999999999999673,0.0,0.0,0.0
328.56977702534584,21.251905046353965,17.99999999999968,0.0,0.0,0.0
328.57505597149293,21.2606248376463,17.999999999999677,0.0,0.0,0.0
328.5803362594431,21.26934405944315,17.99999999999969,0.0,0.0,0.0
328.5856178898371,21.278062711462137,17.999999999999694,0.0,0.0,0.0
328.59090086331634,21.28678079342072,17.999999999999694,0.0,0.0,0.0
328.5961851805219,21.29549830503642,17.999999999999698,0.0,0.0,0.0
328.60147084209535,21.304215246026516,17.9999999999997,0.0,0.0,0.0
328.60675784867806,21.312931616108216,17.999999999999705,0.0,0.0,0.0
328.612046200912,21.321647414998633,17.999999999999712,0.0,0.0,0.0
328.6173358994388,21.330362642414737,17.999999999999716,0.0,0.0,0.0
328.6226269449005,21.33907729807354,17.999999999999716,0.0,0.0,0.0
328.6279193379393,21.347791381691803,17.99999999999972,0.0,0.0,0.0
328.6332130791976,21.356504892986237,17.999999999999726,0.0,0.0,0.0
328.6385081693177,21.365217831673416,17.99999999999973,0.0,0.0,0.0
328.64380460894216,21.373930197469935,17.99999999999973,0.0,0.0,0.0
328.6491023987139,21.38264199009216,17.999999999999734,0.0,0.0,0.0
328.6544015392757,21.391353209256387,17.99999999999974,0.0,0.0,0.0
328.65970203127057,21.40006385467883,17.99999999999974,0.0,0.0,0.0
328.66500387534165,21.408773926075533,17.99999999999974,0.0,0.0,0.0
328.67030707213246,21.417483423162597,17.999999999999748,0.0,0.0,0.0
328.6756116222863,21.426192345655878,17.999999999999748,0.0,0.0,0.0
328.6809175264469,21.434900693271157,17.999999999999755,0.0,0.0,0.0
328.68622478525793,21.443608465724132,17.99999999999976,0.0,0.0,0.0
328.69153339936344,21.452315662730346,17.99999999999976,0.0,0.0,0.0
328.69684336940736,21.46102228400538,17.999999999999762,0.0,0.0,0.0
328.70215469603403,21.469728329264566,17.999999999999762,0.0,0.0,0.0
328.70746737988776,21.47843379822319,17.99999999999977,0.0,0.0,0.0
328.71278142161304,21.48713869059637,17.999999999999773,0.0,0.0,0.0
328.7180968218546,21.495843006099285,17.99999999999977,0.0,0.0,0.0
328.7234135812572,21.504546744446852,17.999999999999773,0.0,0.0,0.0
328.7287317004658,21.513249905353945,17.99999999999978,0.0,0.0,0.0
328.7340511801256,21.521952488535312,17.99999999999978,0.0,0.0,0.0
328.7393720208818,21.530654493705573,17.999999999999783,0.0,0.0,0.0
328.7446942233797,21.53935592057937,17.999999999999783,0.0,0.0,0.0
328.75001778826504,21.548056768871106,17.999999999999787,0.0,0.0,0.0
328.7553427161834,21.556757038295135,17.999999999999787,0.0,0.0,0.0
328.7606690077808,21.565456728565685,17.99999999999979,0.0,0.0,0.0
328.765996663703,21.574155839396848,17.99999999999979,0.0,0.0,0.0
328.7713256845964,21.58285437050275,17.999999999999797,0.0,0.0,0.0
328.7766560711071,21.591552321597266,17.999999999999797,0.0,0.0,0.0
328.78198782388165,21.60024969239422,17.999999999999797,0.0,0.0,0.0
328.7873209435668,21.608946482607283,17.9999999999998,0.0,0.0,0.0
328.792655430809,21.61764269195014,17.999999999999808,0.0,0.0,0.0
328.79799128625547,21.626338320136277,17.999999999999808,0.0,0.0,0.0
328.80332851055306,21.635033366879068,17.999999999999808,0.0,0.0,0.0
328.808667104349,21.643727831891812,17.999999999999808,0.0,0.0,0.0
328.8140070682907,21.652421714887648,17.999999999999805,0.0,0.0,0.0
328.81934840302574,21.661115015579753,17.99999999999981,0.0,0.0,0.0
328.8246911092017,21.66980773368105,17.99999999999981,0.0,0.0,0.0
328.83003518746636,21.67849986890441,17.999999999999815,0.0,0.0,0.0
328.83538063846777,21.68719142096258,17.999999999999815,0.0,0.0,0.0
328.84072746285386,21.69588238956819,17.999999999999815,0.0,0.0,0.0
328.8460756612731,21.704572774433856,17.999999999999815,0.0,0.0,0.0
328.8514252343739,21.713262575271987,17.999999999999822,0.0,0.0,0.0
328.8567761828047,21.72195179179491,17.999999999999826,0.0,0.0,0.0
328.8621285072143,21.730640423714803,17.999999999999822,0.0,0.0,0.0
328.8674822082516,21.739328470743878,17.999999999999826,0.0,0.0,0.0
328.8728372865655,21.748015932594093,17.999999999999822,0.0,0.0,0.0
328.87819374280537,21.75670280897736,17.999999999999833,0.0,0.0,0.0
328.8835515776204,21.765389099605464,17.999999999999833,0.0,0.0,0.0
328.88891079165995,21.77407480419005,17.99999999999983,0.0,0.0,0.0
328.894271385574,21.782759922442796,17.999999999999833,0.0,0.0,0.0
328.89963336001205,21.791444454075105,17.999999999999837,0.0,0.0,0.0
328.90499671562407,21.800128398798353,17.999999999999837,0.0,0.0,0.0
328.9103614530602,21.80881175632379,17.999999999999837,0.0,0.0,0.0
328.91572757297075,21.817494526362513,17.999999999999844,0.0,0.0,0.0
328.921095076006,21.826176708625653,17.999999999999844,0.0,0.0,0.0
328.9264639628166,21.83485830282409,17.99999999999984,0.0,0.0,0.0
328.9318342340532,21.84353930866863,17.999999999999844,0.0,0.0,0.0
328.9372058903666,21.852219725869944,17.999999999999844,0.0,0.0,0.0
328.9425789324079,21.86089955413872,17.999999999999847,0.0,0.0,0.0
328.94795336082825,21.869578793185394,17.999999999999847,0.0,0.0,0.0
328.95332917627894,21.87825744272035,17.999999999999847,0.0,0.0,0.0
328.9587063794114,21.886935502453866,17.99999999999985,0.0,0.0,0.0
328.96408497087725,21.89561297209603,17.999999999999854,0.0,0.0,0.0
328.9694649513284,21.90428985135701,17.99999999999985,0.0,0.0,0.0
328.97484632141663,21.91296613994668,17.999999999999854,0.0,0.0,0.0
328.98022908179416,21.921641837574867,17.999999999999854,0.0,0.0,0.0
328.98561323311304,21.9303169439513,17.99999999999985,0.0,0.0,0.0
328.9909987760258,21.93899145878552,17.99999999999986,0.0,0.0,0.0
328.99638571118504,21.947665381787143,17.999999999999858,0.0,0.0,0.0
329.0017740392433,21.956338712665485,17.999999999999858,0.0,0.0,0.0
329.0071637608536,21.965011451129815,17.99999999999986,0.0,0.0,0.0
329.0125548766688,21.973683596889263,17.99999999999986,0.0,0.0,0.0
329.0179473873421,21.98235514965296,17.99999999999987,0.0,0.0,0.0
329.02334129352687,21.991026109129812,17.99999999999987,0.0,0.0,0.0
329.0287365958766,21.999696475028628,17.999999999999865,0.0,0.0,0.0
329.0341332950449,22.00836624705813,17.99999999999987,0.0,0.0,0.0
329.0395313916855,22.017035424926878,17.999999999999872,0.0,0.0,0.0
329.04493088645245,22.025704008343453,17.999999999999865,0.0,0.0,0.0
329.05033177999974,22.034371997016184,17.999999999999872,0.0,0.0,0.0
329.0557340729817,22.04303939065333,17.999999999999872,0.0,0.0,0.0
329.06113776605264,22.05170618896306,17.999999999999872,0.0,0.0,0.0
329.0665428598672,22.06037239165335,17.99999999999988,0.0,0.0,0.0
329.0719493550801,22.069037998432226,17.999999999999872,0.0,0.0,0.0
329.07735725234625,22.077703009007468,17.999999999999876,0.0,0.0,0.0
329.08276655232055,22.086367423086763,17.999999999999876,0.0,0.0,0.0
329.08817725565825,22.09503124037764,17.999999999999883,0.0,0.0,0.0
329.09358936301476,22.103694460587693,17.99999999999988,0.0,0.0,0.0
329.0990028750456,22.11235708342422,17.99999999999988,0.0,0.0,0.0
329.10441779240625,22.121019108594464,17.999999999999886,0.0,0.0,0.0
329.1098341157526,22.129680535805566,17.999999999999883,0.0,0.0,0.0
329.1152518457408,22.138341364764482,17.999999999999883,0.0,0.0,0.0
329.1206709830267,22.147001595178228,17.99999999999989,0.0,0.0,0.0
329.1260915282667,22.15566122675354,17.99999999999989,0.0,0.0,0.0
329.1315134821173,22.164320259197087,17.999999999999886,0.0,0.0,0.0
329.1369368452351,22.172978692215434,17.99999999999989,0.0,0.0,0.0
329.14236161827665,22.18163652551498,17.99999999999989,0.0,0.0,0.0
329.14778780189914,22.19029375880213,17.999999999999893,0.0,0.0,0.0
329.15321539675944,22.198950391783082,17.99999999999989,0.0,0.0,0.0
329.1586444035149,22.207606424163927,17.999999999999893,0.0,0.0,0.0
329.1640748228228,22.216261855650586,17.999999999999893,0.0,0.0,0.0
329.16950665534074,22.22491668594904,17.999999999999897,0.0,0.0,0.0
329.1749399017265,22.233570914764982,17.9999999999999,0.0,0.0,0.0
329.1803745626378,22.242224541804056,17.9999999999999,0.0,0.0,0.0
329.1858106387326,22.250877566771777,17.999999999999897,0.0,0.0,0.0
329.1912481306693,22.259529989373515,17.999999999999897,0.0,0.0,0.0
329.1966870391061,22.268181809314637,17.999999999999904,0.0,0.0,0.0
329.2021273647015,22.276833026300277,17.9999999999999,0.0,0.0,0.0
329.2075691081141,22.285483640035487,17.9999999999999,0.0,0.0,0.0
329.2130122700029,22.294133650225213,17.999999999999904,0.0,0.0,0.0
329.21845685102653,22.30278305657421,17.999999999999904,0.0,0.0,0.0
329.22390285184446,22.311431858787305,17.999999999999908,0.0,0.0,0.0
329.22935027311576,22.320080056569015,17.999999999999904,0.0,0.0,0.0
329.2347991154999,22.328727649623826,17.99999999999991,0.0,0.0,0.0
329.2402493796566,22.337374637656023,17.999999999999908,0.0,0.0,0.0
329.2457010662455,22.34602102036996,17.99999999999991,0.0,0.0,0.0
329.2511541759266,22.35466679746969,17.99999999999991,0.0,0.0,0.0
329.2566087093599,22.36331196865922,17.999999999999915,0.0,0.0,0.0
329.2620646672057,22.371956533642425,17.99999999999991,0.0,0.0,0.0
329.2675220501244,22.380600492123026,17.99999999999991,0.0,0.0,0.0
329.27298085877646,22.389243843804753,17.99999999999991,0.0,0.0,0.0
329.2784410938227,22.397886588391096,17.999999999999915,0.0,0.0,0.0
329.28390275592403,22.406528725585463,17.999999999999915,0.0,0.0,0.0
329.2893658457414,22.41517025509108,17.99999999999992,0.0,0.0,0.0
329.294830363936,22.42381117661122,17.999999999999915,0.0,0.0,0.0
329.3002963111693,22.43245148984889,17.999999999999922,0.0,0.0,0.0
329.30576368810273,22.44109119450702,17.99999999999992,0.0,0.0,0.0
329.3112324953979,22.449730290288418,17.99999999999992,0.0,0.0,0.0
329.3167027337168,22.45836877689573,17.99999999999992,0.0,0.0,0.0
329.3221744037213,22.467006654031618,17.99999999999992,0.0,0.0,0.0
329.3276475060737,22.47564392139849,17.999999999999922,0.0,0.0,0.0
329.33312204143624,22.484280578698687,17.999999999999922,0.0,0.0,0.0
329.3385980104714,22.49291662563441,17.999999999999922,0.0,0.0,0.0
329.3440754138417,22.50155206190771,17.999999999999925,0.0,0.0,0.0
329.3495542522102,22.510186887220648,17.999999999999925,0.0,0.0,0.0
329.35503452623976,22.51882110127503,17.99999999999993,0.0,0.0,0.0
329.36051623659347,22.527454703772598,17.999999999999925,0.0,0.0,0.0
329.3659993839346,22.53608769441489,17.999999999999925,0.0,0.0,0.0
329.3714839689266,22.544720072903505,17.999999999999925,0.0,0.0,0.0
329.37696999223317,22.553351838939758,17.99999999999993,0.0,0.0,0.0
329.382457454518,22.561982992224888,17.99999999999993,0.0,0.0,0.0
329.3879463564451,22.570613532460044,17.99999999999993,0.0,0.0,0.0
329.39343669867844,22.57924345934615,17.99999999999993,0.0,0.0,0.0
329.39892848188236,22.587872772584205,17.999999999999932,0.0,0.0,0.0
329.40442170672134,22.596501471874898,17.99999999999993,0.0,0.0,0.0
329.4099163738599,22.60512955691889,17.999999999999932,0.0,0.0,0.0
329.41541248396277,22.613757027416668,17.999999999999936,0.0,0.0,0.0
329.4209100376948,22.622383883068608,17.999999999999936,0.0,0.0,0.0
329.4264090357212,22.63101012357505,17.999999999999932,0.0,0.0,0.0
329.4319094787071,22.6396357486361,17.999999999999932,0.0,0.0,0.0
329.43741136731796,22.648260757951785,17.999999999999932,0.0,0.0,0.0
329.4429147022193,22.656885151221957,17.999999999999932,0.0,0.0,0.0
329.4484194840768,22.665508928146483,17.999999999999932,0.0,0.0,0.0
329.4539257135565,22.674132088424983,17.999999999999936,0.0,0.0,0.0
329.45943339132424,22.682754631756975,17.99999999999994,0.0,0.0,0.0
329.46494251804637,22.691376557841867,17.999999999999936,0.0,0.0,0.0
329.4704530943892,22.69999786637891,17.999999999999936,0.0,0.0,0.0
329.47596512101927,22.708618557067343,17.999999999999936,0.0,0.0,0.0
329.48147859860336,22.717238629606157,17.999999999999936,0.0,0.0,0.0
329.48699352780824,22.72585808369426,17.999999999999936,0.0,0.0,0.0
329.4925099093009,22.734476919030463,17.999999999999932,0.0,0.0,0.0
329.49802774374865,22.74309513531335,17.99999999999994,0.0,0.0,0.0
329.5035470318188,22.751712732241565,17.99999999999994,0.0,0.0,0.0
329.5090677741789,22.760329709513485,17.999999999999943,0.0,0.0,0.0
329.51458997149655,22.768946066827382,17.999999999999936,0.0,0.0,0.0
329.5201136244396,22.777561803881373,17.99999999999994,0.0,0.0,0.0
329.52563873367615,22.786176920373602,17.999999999999943,0.0,0.0,0.0
329.5311652998743,22.794791416001928,17.99999999999994,0.0,0.0,0.0
329.5366933237024,22.80340529046414,17.999999999999943,0.0,0.0,0.0
329.54222280582906,22.812018543457903,17.99999999999994,0.0,0.0,0.0
329.5477537469228,22.820631174680692,17.99999999999994,0.0,0.0,0.0
329.5532861476525,22.82924318383002,17.99999999999994,0.0,0.0,0.0
329.55882000868723,22.837854570603124,17.999999999999943,0.0,0.0,0.0
329.56435533069606,22.84646533469715,17.999999999999947,0.0,0.0,0.0
329.56989211434836,22.855075475809144,17.999999999999947,0.0,0.0,0.0
329.57543036031353,22.863684993635957,17.999999999999947,0.0,0.0,0.0
329.5809700692614,22.872293887874456,17.999999999999943,0.0,0.0,0.0
329.58651124186173,22.880902158221254,17.999999999999943,0.0,0.0,0.0
329.59205387878444,22.88950980437286,17.999999999999943,0.0,0.0,0.0
329.59759798069973,22.898116826025625,17.999999999999943,0.0,0.0,0.0
329.603143548278,22.90672322287593,17.999999999999943,0.0,0.0,0.0
329.60869058218964,22.915328994619845,17.999999999999943,0.0,0.0,0.0
