galstreams/tracks/track.st.Orphan.koposov2019.ecsv
# %ECSV 0.9
# ---
# datatype:
# - {name: ra, unit: deg, datatype: float64}
# - {name: dec, unit: deg, datatype: float64}
# - {name: distance, unit: kpc, datatype: float64}
# - {name: pm_ra_cosdec, unit: mas / yr, datatype: float64}
# - {name: pm_dec, unit: mas / yr, datatype: float64}
# - {name: radial_velocity, unit: km / s, datatype: float64}
# delimiter: ','
# meta: !!omap
# - __serialized_columns__:
#     dec:
#       __class__: astropy.coordinates.angles.Latitude
#       unit: &id001 !astropy.units.Unit {unit: deg}
#       value: !astropy.table.SerializedColumn {name: dec}
#     distance:
#       __class__: astropy.coordinates.distances.Distance
#       unit: !astropy.units.Unit {unit: kpc}
#       value: !astropy.table.SerializedColumn {name: distance}
#     pm_dec:
#       __class__: astropy.units.quantity.Quantity
#       unit: !astropy.units.Unit {unit: mas / yr}
#       value: !astropy.table.SerializedColumn {name: pm_dec}
#     pm_ra_cosdec:
#       __class__: astropy.units.quantity.Quantity
#       unit: !astropy.units.Unit {unit: mas / yr}
#       value: !astropy.table.SerializedColumn {name: pm_ra_cosdec}
#     ra:
#       __class__: astropy.coordinates.angles.Longitude
#       unit: *id001
#       value: !astropy.table.SerializedColumn {name: ra}
#       wrap_angle: !astropy.coordinates.Angle
#         unit: *id001
#         value: 360.0
#     radial_velocity:
#       __class__: astropy.units.quantity.Quantity
#       unit: !astropy.units.Unit {unit: km / s}
#       value: !astropy.table.SerializedColumn {name: radial_velocity}
# schema: astropy-2.0
ra,dec,distance,pm_ra_cosdec,pm_dec,radial_velocity
[from data line 137]
164.14553862430444,-7.887120009338928,17.98560513205302,-1.8685251095711708,1.0736919787488401,234.5840137946429
163.69031242653134,-6.808933254434104,18.14112742211204,-1.8282843931729076,0.9777239841678709,235.7242962441702
163.23639675782695,-5.730506629355291,18.315713490885013,-1.7889830870997097,0.8842656044875246,236.72265851275182
162.78448307681478,-4.6516761520733905,18.509628342827988,-1.750673074553242,0.7937458687862495,237.58479726706764
162.3352973332651,-3.5722702937674304,18.725460691354282,-1.7134852764733237,0.7069989977005338,238.29840633919224
161.8893996894369,-2.492158370838541,18.962070508043762,-1.6774226511678427,0.6242471941825342,238.86905141855198
161.44763844946604,-1.4111362396028324,19.220398175576403,-1.6425903137861662,0.54618411513432,239.28485237541747
161.01047240772593,-0.3290935858721905,19.49896629576952,-1.6089730944637253,0.47292073417704045,239.55114561749727
160.57881767801396,0.7541981483021888,19.798580057033483,-1.5766107946020669,0.4048305438450122,239.6566210021112
160.15245097259654,1.83868834684378,20.117893373683913,-1.5453476945127838,0.34140817609426033,239.60760643265644
159.73120683462798,2.924345143770908,20.457583018028643,-1.5151387960069012,0.2826232670991562,239.39584280788213
159.31433491568532,4.010993845261678,20.816428424090848,-1.4858425815365566,0.22797825465681656,239.0282367788388
158.90162457470498,5.0985983836694,21.1949837408669,-1.4574111038700066,0.1773779475118078,238.49731004566212
158.49237805275064,6.187003059612261,21.592148129295982,-1.4297205795264367,0.13036152231279052,237.8092575665817
158.086359141723,7.276171413990636,22.008358907854227,-1.4027197248268783,0.08678260570923069,236.95734487371013
157.68291515353616,8.365963933637293,22.442629171605457,-1.3762996903590459,0.04621930295814558,235.9470462067982
157.28178181744863,9.456342238033569,22.89528520129692,-1.350405610765241,0.008486685601277577,234.77238143819568
156.8823440625991,10.54718044355868,23.36544823332574,-1.3249407507108169,-0.02679827198706053,233.43809539273917
156.48430686586514,11.638436829318035,23.853339303501524,-1.2998464885425818,-0.059847805261433684,231.93897239055164
156.08708528291058,12.729996777951396,24.35818199676344,-1.2750353835402164,-0.09100796771668324,230.27901945355345
155.69035057678755,13.82181389208999,24.880097896774725,-1.2504449032081502,-0.12050854634102609,228.4537949726157
155.29354028612013,14.913782595663976,25.418407144225256,-1.2259940955353343,-0.14866189876978897,226.46656007321988
154.8962886348097,16.005850532693895,25.973137663423238,-1.201616347700468,-0.17570704174911916,224.31365627942048
154.49804771616883,17.097919028321733,26.543700358017993,-1.1772344044126437,-0.2019268504510009,221.99759101102927
154.09841091623008,18.18992850908964,27.130035285753898,-1.152777362270075,-0.22756251774304714,219.51549736189455
153.6968365185879,19.281785092783878,27.73163832044846,-1.1281688699000805,-0.25287219788393717,216.86912151209035
153.2928726685686,20.373420719148136,28.348367446073603,-1.1033334670957458,-0.27809323112285295,214.0563958838022
152.8859748636772,21.46474416642496,28.979797713823682,-1.0782051358998923,-0.30342232085160536,211.07829814808485
152.47564084448152,22.555677569558153,29.62569678692827,-1.05276140174124,-0.3288950889409906,207.93356709860927
152.061313527572,23.646130152479767,30.285505268043142,-1.026991477359501,-0.3545060363876175,204.6224048793541
151.64243413462387,24.736012834436895,30.95856560027175,-1.0008833284768452,-0.3802504713982776,201.14436295977325
151.2186040557217,25.82528391484358,31.64420938707317,-0.974426885640719,-0.40611542143440493,197.4985018549504
150.79017045256882,26.91411607723654,32.34171198560489,-0.9476166616913747,-0.4320742611056334,193.68329493014463
150.35782782744005,28.00279038418224,33.05045821289583,-0.9204506522570322,-0.4580920475452527,189.69486216516765
149.92217942334966,29.09157452019751,33.769676737475855,-0.892930556827438,-0.48412644305290653,185.53198306394168
149.48401117335263,30.18080100851156,34.49879254005256,-0.8650615024613493,-0.5101297936264186,181.18986258787885
149.043906645797,31.27075760603217,35.23700065042258,-0.8368520807731576,-0.5360493382085699,176.66815934955125
148.60277704587608,32.36183954824093,35.98375316307887,-0.8083158901995391,-0.561826508465786,171.96110724986505
148.16117546251542,33.454351494817836,36.73822451897863,-0.7794686476678022,-0.587401717011559,167.0692933882511
147.72017929600062,34.548763200398795,37.49988087650706,-0.750333978033254,-0.6127069650650067,161.98592255067146
147.28030184019062,35.645391388511754,38.26788913767596,-0.7209315749393886,-0.6376884080932865,156.71256599427224
146.8428336895578,36.74479170284006,39.041716474869865,-0.6912732139478412,-0.662333356518248,151.24134653772688
146.40824169030034,37.84728612087203,39.82053530104928,-0.661357281989068,-0.6866599566391381,145.5748830964115
145.97808353801858,38.953526353029396,40.603800752705354,-0.631195167026786,-0.7106752887371761,139.70417387055605
145.55237510750348,40.06371077599625,41.3907038036429,-0.6007870005272582,-0.7343968716133745,133.63366916258994
145.13079425121563,41.17793698831592,42.18067450457285,-0.570133431894827,-0.7578448050691188,127.35704790766185
144.7110660318209,42.29571999943957,42.972935440042484,-0.539215527665817,-0.7810470958727312,120.88363411609365
144.2922145038042,43.416962584643834,43.766878525085055,-0.5080255310385413,-0.8040265860543149,114.20727641783515
143.87178452595094,44.54113160328758,44.56177100487687,-0.4765379950025483,-0.82680535383199,107.33820782224515
143.44856805982434,45.66807310044294,45.35695360887821,-0.44473825330377564,-0.8494052977777692,100.26957720720667
143.01989386900223,46.79721146627026,46.1517512927871,-0.41259249327500114,-0.8718413652063727,93.01247457007196
142.58421958655452,47.92832299469429,46.945440550596786,-0.3800763423926751,-0.8941338424054461,85.55938224998512
142.13860314695796,49.06079396943212,47.73741709841959,-0.34714529985597736,-0.9162888306838439,77.92218733217419
141.68103860050127,50.19431513013335,48.52688014488796,-0.313761674447301,-0.9383236115424216,70.0927311556332
141.20823457252217,51.32823699117077,49.313309216420954,-0.27986730279969707,-0.9602329946077662,3.355658859719867e-07
140.7175556331271,52.46214460239849,50.09581318639611,-0.24540645264042568,-0.9820288498491929,2.870737869133557e-07
140.2052494667228,53.59535137517409,50.87396844143205,-0.21030341126812885,-1.0036911817241916,2.38494953953287e-07
139.6678353007324,54.72730998557206,51.64678046975735,-0.1744781927111148,-1.0252225465922837,1.9019021696329566e-07
139.10094172587677,55.85728941018781,52.413935568083,-0.13783239857092489,-1.0465830071162177,1.4250688206288612e-07
138.49995842828676,56.98457347136204,53.17432278959441,-0.10025361196478028,-1.067759618294526,9.582797626572776e-08
137.85967144609603,58.10836997775591,53.92775139098822,-0.06161395447438878,-1.0886848225382233,5.0430374395050756e-08
137.17396346027033,59.22774277938564,54.67298094051243,-0.021757893928783523,-1.1093204019319145,6.712816615988851e-09
136.4364637954523,60.34180735662017,55.40995670474262,0.019480794474410534,-1.1295594342294255,-3.5129284749442146e-08
