galstreams/tracks/track.st.C-7.ibata2024.ecsv
# %ECSV 1.0
# ---
# datatype:
# - {name: ra, unit: deg, datatype: float64}
# - {name: dec, unit: deg, datatype: float64}
# - {name: distance, unit: kpc, datatype: float64}
# - {name: pm_ra_cosdec, unit: mas / yr, datatype: float64}
# - {name: pm_dec, unit: mas / yr, datatype: float64}
# - {name: radial_velocity, unit: km / s, datatype: float64}
# delimiter: ','
# meta: !!omap
# - __serialized_columns__:
#     dec:
#       __class__: astropy.coordinates.angles.Latitude
#       unit: &id001 !astropy.units.Unit {unit: deg}
#       value: !astropy.table.SerializedColumn {name: dec}
#     distance:
#       __class__: astropy.coordinates.distances.Distance
#       unit: !astropy.units.Unit {unit: kpc}
#       value: !astropy.table.SerializedColumn {name: distance}
#     pm_dec:
#       __class__: astropy.units.quantity.Quantity
#       unit: !astropy.units.Unit {unit: mas / yr}
#       value: !astropy.table.SerializedColumn {name: pm_dec}
#     pm_ra_cosdec:
#       __class__: astropy.units.quantity.Quantity
#       unit: !astropy.units.Unit {unit: mas / yr}
#       value: !astropy.table.SerializedColumn {name: pm_ra_cosdec}
#     ra:
#       __class__: astropy.coordinates.angles.Longitude
#       unit: *id001
#       value: !astropy.table.SerializedColumn {name: ra}
#       wrap_angle: !astropy.coordinates.Angle
#         unit: *id001
#         value: 360.0
#     radial_velocity:
#       __class__: astropy.units.quantity.Quantity
#       unit: !astropy.units.Unit {unit: km / s}
#       value: !astropy.table.SerializedColumn {name: radial_velocity}
# schema: astropy-2.0
ra,dec,distance,pm_ra_cosdec,pm_dec,radial_velocity
[from data line 859]
277.4264107065761,-52.48431297690934,0.9999999999999997,-14.590694395240991,-9.662197013373126,185.17621732091996
277.4419542844827,-52.48105578568597,0.9999999999999996,-14.59020094389114,-9.666770847531554,184.9781715182293
277.45749590913744,-52.477797273079396,0.9999999999999996,-14.589704895020674,-9.671343959632463,184.7802067443103
277.4730355801355,-52.474537438970785,0.9999999999999996,-14.589206249206509,-9.67591634745304,184.58232296991417
277.4885732970721,-52.47127628324153,0.9999999999999996,-14.588705007026705,-9.680488008770979,184.38452016579276
277.5041090595423,-52.468013805773104,0.9999999999999994,-14.588201169060598,-9.685058941364622,184.1867983026976
277.51964286714156,-52.464750006447105,0.9999999999999996,-14.587694735888741,-9.689629143012908,183.98915735138016
277.53517471946503,-52.46148488514527,0.9999999999999994,-14.587185708092866,-9.69419861149536,183.79159728259202
277.5507046161079,-52.45821844174954,0.9999999999999996,-14.58667408625597,-9.698767344592033,183.59411806708474
277.56623255666557,-52.4549506761419,0.9999999999999994,-14.586159870962232,-9.703335340083662,183.39671967560997
277.5817585407333,-52.45168158820454,0.9999999999999997,-14.585643062797033,-9.707902595751516,183.19940207891915
277.5972825679065,-52.448411177819736,0.9999999999999996,-14.585123662347026,-9.712469109377505,183.002165247764
277.6128046377806,-52.44513944486993,0.9999999999999996,-14.5846016702,-9.717034878744107,182.8050091528959
277.6283247499509,-52.44186638923769,0.9999999999999996,-14.584077086945017,-9.721599901634402,182.6079337650665
277.6438429040129,-52.43859201080572,0.9999999999999996,-14.583549913172316,-9.726164175832059,182.41093905502726
277.65935909956204,-52.43531630945685,0.9999999999999996,-14.58302014947332,-9.73072769912135,182.2140249935301
277.6748733361937,-52.43203928507409,0.9999999999999996,-14.582487796440745,-9.735290469287145,182.01719155132616
277.6903856135035,-52.42876093754054,0.9999999999999997,-14.58195285466846,-9.739852484114941,181.82043869916714
277.70589593108696,-52.42548126673945,0.9999999999999993,-14.581415324751521,-9.744413741390769,181.6237664078047
277.72140428853953,-52.42220027255422,0.9999999999999994,-14.58087520728622,-9.748974238901315,181.42717464799037
277.7369106854569,-52.41891795486837,0.9999999999999994,-14.580332502870037,-9.753533974433862,181.2306633904757
277.7524151214348,-52.41563431356554,0.9999999999999996,-14.579787212101689,-9.75809294577629,181.0342326060122
277.76791759606874,-52.412349348529546,0.9999999999999994,-14.579239335581054,-9.762651150717092,180.83788226535148
277.7834181089544,-52.40906305964434,0.9999999999999996,-14.578688873909261,-9.76720858704532,180.6416123392451
277.79891665968734,-52.405775446793974,0.9999999999999997,-14.578135827688566,-9.771765252550654,180.44542279844464
277.8144132478636,-52.402486509862655,0.9999999999999994,-14.577580197522535,-9.776321145023449,180.24931361370153
277.82990787307875,-52.39919624873473,0.9999999999999997,-14.577021984015802,-9.780876262254539,180.05328475576758
277.84540053492856,-52.3959046632947,0.9999999999999994,-14.576461187774308,-9.78543060203545,179.8573361953941
277.86089123300894,-52.392611753427154,0.9999999999999993,-14.575897809405122,-9.789984162158325,179.66146790333295
277.87637996691586,-52.38931751901686,0.9999999999999994,-14.575331849516553,-9.794536940415872,179.46567985033542
277.89186673624494,-52.386021959948735,0.9999999999999996,-14.57476330871809,-9.799088934601402,179.26997200715317
277.90735154059223,-52.382725076107775,0.9999999999999996,-14.574192187620419,-9.803640142508872,179.07434434453776
277.92283437955365,-52.37942686737918,0.9999999999999994,-14.573618486835421,-9.808190561932824,178.87879683324087
277.93831525272526,-52.37612733364823,0.9999999999999994,-14.573042206976185,-9.812740190668457,178.68332944401376
277.9537941597029,-52.37282647480038,0.9999999999999996,-14.57246334865692,-9.81728902651151,178.48794214760835
277.9692711000828,-52.36952429072118,0.9999999999999994,-14.57188191249312,-9.82183706725839,178.292634914776
277.98474607346105,-52.36622078129636,0.9999999999999996,-14.571297899101413,-9.82638431070611,178.09740771626826
278.00021907943363,-52.36291594641181,0.9999999999999996,-14.570711309099678,-9.83093075465228,177.90226052283683
278.01569011759665,-52.35960978595349,0.9999999999999997,-14.57012214310687,-9.8354763968951,177.70719330523318
278.0311591875465,-52.356302299807524,0.9999999999999996,-14.569530401743268,-9.84002123523347,177.51220603420876
278.04662628887917,-52.352993487860175,0.9999999999999994,-14.568936085630206,-9.844565267466818,177.31729868051536
278.0620914211911,-52.34968334999786,0.9999999999999994,-14.56833919539031,-9.849108491395242,177.12247121490446
278.0775545840785,-52.346371886107114,0.9999999999999996,-14.567739731647336,-9.853650904819457,176.9277236081275
278.0930157771376,-52.34305909607462,0.9999999999999996,-14.567137695026235,-9.858192505540766,176.73305583093634
278.108474999965,-52.339744979787156,0.9999999999999997,-14.566533086153111,-9.862733291361126,176.53846785408223
278.12393225215686,-52.33642953713173,0.9999999999999997,-14.56592590565534,-9.867273260083074,176.34395964831685
278.1393875333097,-52.33311276799541,0.9999999999999996,-14.565316154161385,-9.871812409509788,176.1495311843918
278.1548408430199,-52.32979467226541,0.9999999999999996,-14.564703832300918,-9.876350737445096,175.95518243305867
278.170292180884,-52.32647524982911,0.9999999999999994,-14.56408894070481,-9.88088824169341,175.76091336506886
278.1857415464987,-52.32315450057402,0.9999999999999996,-14.563471480005099,-9.885424920059778,175.56672395117417
278.20118893946045,-52.31983242438776,0.9999999999999996,-14.562851450834993,-9.889960770349889,175.37261416212593
278.2166343593659,-52.316509021158126,0.9999999999999994,-14.562228853828843,-9.894495790370023,175.17858396867587
278.2320778058117,-52.313184290773016,0.9999999999999996,-14.561603689622292,-9.899029977927125,174.98463334157543
278.24751927839446,-52.30985823312052,0.9999999999999996,-14.56097595885202,-9.903563330828703,174.79076225157633
278.26295877671106,-52.30653084808881,0.9999999999999996,-14.560345662155969,-9.908095846882972,174.59697066942996
278.2783963003581,-52.3032021355662,0.9999999999999994,-14.5597128001732,-9.912627523898724,174.403258565888
278.2938318489326,-52.29987209544119,0.9999999999999996,-14.559077373543996,-9.917158359685397,174.20962591170198
278.3092654220313,-52.296540727602356,0.9999999999999996,-14.55843938290976,-9.921688352053046,174.01607267762347
278.32469701925106,-52.29320803193848,0.9999999999999996,-14.557798828913125,-9.92621749881237,173.82259883440403
278.340126640189,-52.289874008338366,0.9999999999999996,-14.557155712197805,-9.930745797774708,173.6292043527952
278.3555542844419,-52.28653865669114,0.9999999999999996,-14.556510033408797,-9.935273246751983,173.43588920354858
278.37097995160684,-52.28320197688589,0.9999999999999996,-14.555861793192177,-9.9397998435568,173.24265335741572
278.38640364128094,-52.27986396881196,0.9999999999999993,-14.555210992195208,-9.944325586002355,173.0494967851481
278.40182535306116,-52.27652463235874,0.9999999999999994,-14.554557631066311,-9.948850471902519,172.85641945749748
278.4172450865448,-52.27318396741583,0.9999999999999996,-14.553901710455131,-9.953374499071796,172.6634213452152
278.432662841329,-52.269841973872936,0.9999999999999996,-14.553243231012381,-9.957897665325271,172.47050241905305
278.44807861701116,-52.26649865161989,0.9999999999999996,-14.552582193390023,-9.962419968478766,172.2776626497624
278.4634924131882,-52.26315400054671,0.9999999999999996,-14.55191859824112,-9.966941406348607,172.08490200809499
278.47890422945767,-52.25980802054352,0.9999999999999996,-14.551252446219934,-9.971461976751836,171.89222046480222
278.49431406541686,-52.256460711500566,0.9999999999999997,-14.550583737981862,-9.975981677506152,171.69961799063566
278.50972192066325,-52.253112073308266,0.9999999999999996,-14.549912474183479,-9.980500506429845,171.50709455634697
278.5251277947943,-52.249762105857165,0.9999999999999994,-14.54923865548249,-9.985018461341859,171.3146501326877
278.54053168740745,-52.24641080903793,0.9999999999999997,-14.548562282537809,-9.989535540061798,171.12228469040934
278.55593359810035,-52.243058182741386,0.9999999999999994,-14.547883356009423,-9.994051740409892,170.92999820026355
278.5713335264704,-52.2397042268585,0.9999999999999994,-14.54720187655856,-9.998567060206977,170.73779063300185
278.58673147211545,-52.236348941280355,0.9999999999999996,-14.546517844847564,-10.003081497274593,170.54566195937574
278.602127434633,-52.2329923258982,0.9999999999999996,-14.545831261539933,-10.007595049434888,170.35361215013688
278.617521413621,-52.229634380603414,0.9999999999999994,-14.545142127300311,-10.012107714510663,170.16164117603677
278.63291340867704,-52.22627510528749,0.9999999999999996,-14.54445044279449,-10.016619490325354,169.9697490078271
278.648303419399,-52.22291449984209,0.9999999999999996,-14.543756208689436,-10.021130374703054,169.77793561625924
278.66369144538476,-52.21955256415901,0.9999999999999994,-14.543059425653254,-10.025640365468492,169.5862009720849
278.67907748623236,-52.21618929813014,0.9999999999999994,-14.542360094355162,-10.030149460447072,169.39454504605547
278.6944615415396,-52.21282470164761,0.9999999999999997,-14.54165821546561,-10.03465765746478,169.20296780892286
278.7098436109046,-52.2094587746036,0.9999999999999994,-14.540953789656124,-10.039164954348319,169.01146923143816
278.72522369392544,-52.206091516890446,0.9999999999999996,-14.540246817599378,-10.043671348925006,168.8200492843533
278.7406017902002,-52.20272292840064,0.9999999999999996,-14.539537299969211,-10.048176839022801,168.62870793841975
278.755977899327,-52.19935300902681,0.9999999999999996,-14.538825237440596,-10.052681422470343,168.43744516438906
278.77135202090415,-52.19598175866171,0.9999999999999997,-14.538110630689673,-10.05718509709689,168.2462609330128
278.78672415453,-52.192609177198236,0.9999999999999994,-14.537393480393684,-10.061687860732405,168.05515521504242
278.8020942998027,-52.189235264529465,0.9999999999999994,-14.536673787231056,-10.066189711207421,167.8641279812296
278.8174624563207,-52.18586002054854,0.9999999999999996,-14.535951551881313,-10.070690646353178,167.67317920232594
278.8328286236824,-52.18248344514879,0.9999999999999996,-14.535226775025157,-10.07519066400157,167.4823088490829
278.84819280148633,-52.179105538223695,0.9999999999999996,-14.534499457344378,-10.079689761985117,167.29151689225213
278.863554989331,-52.17572629966683,0.9999999999999993,-14.533769599521982,-10.084187938137037,167.1008033025851
278.878915186815,-52.17234572937192,0.9999999999999994,-14.533037202242014,-10.088685190291148,166.9101680508335
278.894273393537,-52.168963827232865,0.9999999999999994,-14.532302266189724,-10.093181516281973,166.7196111077488
278.9096296090957,-52.16558059314367,0.9999999999999994,-14.531564792051464,-10.097676913944685,166.52913244408256
278.9249838330897,-52.1621960269985,0.9999999999999997,-14.530824780514745,-10.102171381115058,166.33873203058644
278.94033606511795,-52.15881012869165,0.9999999999999994,-14.530082232268207,-10.106664915629604,166.14840983801187
278.9556863047792,-52.15542289811754,0.9999999999999994,-14.529337148001598,-10.111157515325456,165.95816583711044
278.9710345516724,-52.152034335170754,0.9999999999999996,-14.528589528405785,-10.11564917804039,165.76799999863385
278.9863808053966,-52.14864443974599,0.9999999999999996,-14.527839374172823,-10.120139901612886,165.5779122933335
279.0017250655507,-52.14525321173812,0.9999999999999996,-14.527086685995855,-10.124629683882047,165.38790269196102
279.01706733173387,-52.14186065104211,0.9999999999999996,-14.52633146456912,-10.12911852268767,165.19797116526806
279.03240760354515,-52.138466757553125,0.9999999999999996,-14.525573710588073,-10.13360641587016,165.00811768400607
279.04774588058376,-52.135071531166396,0.9999999999999996,-14.524813424749226,-10.138093361270656,164.81834221892655
279.0630821624489,-52.13167497177737,0.9999999999999996,-14.52405060775022,-10.142579356730899,164.62864474078117
279.0784164487399,-52.12827707928159,0.9999999999999996,-14.523285260289834,-10.147064400093328,164.43902522032155
279.09374873905625,-52.12487785357472,0.9999999999999993,-14.522517383067992,-10.15154848920107,164.24948362829917
279.1090790329972,-52.12147729455262,0.9999999999999994,-14.5217469767857,-10.156031621897856,164.0600199354655
279.12440733016234,-52.11807540211122,0.9999999999999996,-14.520974042145065,-10.160513796028136,163.87063411257236
279.139733630151,-52.11467217614667,0.9999999999999994,-14.5201985798494,-10.164995009436993,163.68132613037108
279.15505793256295,-52.1112676165552,0.9999999999999996,-14.51942059060307,-10.169475259970183,163.49209595961335
279.17038023699786,-52.1078617232332,0.9999999999999996,-14.51864007511159,-10.17395454547417,163.30294357105066
279.1857005430553,-52.104454496077196,0.9999999999999996,-14.517857034081546,-10.178432863796033,163.11386893543457
279.2010188503351,-52.10104593498385,0.9999999999999996,-14.517071468220694,-10.182910212783558,162.92487202351668
279.2163351584372,-52.09763603984999,0.9999999999999997,-14.51628337823788,-10.187386590285195,162.73595280604863
279.23164946696136,-52.09422481057253,0.9999999999999996,-14.515492764843032,-10.191861994150042,162.54711125378185
279.2469617755076,-52.09081224704859,0.9999999999999996,-14.514699628747282,-10.196336422227901,162.35834733746796
279.2622720836758,-52.08739834917539,0.9999999999999996,-14.513903970662785,-10.200809872369206,162.16966102785852
279.27758039106607,-52.083983116850284,0.9999999999999993,-14.513105791302838,-10.20528234242511,161.98105229570513
279.2928866972787,-52.08056654997079,0.9999999999999994,-14.512305091381865,-10.209753830247433,161.79252111175927
279.3081910019137,-52.07714864843455,0.9999999999999994,-14.51150187161537,-10.214224333688621,161.60406744677266
279.32349330457146,-52.073729412139365,0.9999999999999996,-14.510696132719985,-10.218693850601866,161.4156912714966
279.33879360485224,-52.070308840983145,0.9999999999999997,-14.50988787541346,-10.223162378840989,161.2273925566829
279.3540919023565,-52.066886934863945,0.9999999999999996,-14.509077100414597,-10.2276299162605,161.03917127308299
279.3693881966845,-52.063463693680006,0.9999999999999996,-14.508263808443372,-10.232096460715573,160.8510273914485
279.3846824874369,-52.06003911732967,0.9999999999999994,-14.507448000220858,-10.236562010062098,160.66296088253097
279.39997477421423,-52.05661320571141,0.9999999999999994,-14.506629676469151,-10.241026562156597,160.47497171708204
279.41526505661716,-52.05318595872386,0.9999999999999994,-14.505808837911564,-10.245490114856308,160.28705986585305
279.43055333424627,-52.04975737626579,0.9999999999999997,-14.504985485272412,-10.249952666019109,160.09922529959584
279.44583960670246,-52.0463274582361,0.9999999999999997,-14.50415961927718,-10.25441421350362,159.91146798906178
279.4611238735867,-52.04289620453384,0.9999999999999997,-14.503331240652415,-10.258874755169096,159.72378790500252
279.47640613449954,-52.03946361505821,0.9999999999999994,-14.502500350125805,-10.263334288875484,159.5361850181696
279.4916863890422,-52.03602968970855,0.9999999999999994,-14.501666948426065,-10.267792812483375,159.34865929931465
279.5069646368155,-52.03259442838431,0.9999999999999994,-14.50083103628307,-10.27225032385413,159.16121071918909
279.5222408774207,-52.0291578309851,0.9999999999999996,-14.499992614427748,-10.276706820849709,158.97383924854464
279.53751511045897,-52.02571989741068,0.9999999999999994,-14.49915168359218,-10.281162301332843,158.78654485813274
279.5527873355315,-52.02228062756093,0.9999999999999997,-14.498308244509465,-10.285616763166857,158.59932751870497
