galstreams/tracks/track.st.Cetus-New.yuan2021.ecsv
# %ECSV 0.9
# ---
# datatype:
# - {name: ra, unit: deg, datatype: float64}
# - {name: dec, unit: deg, datatype: float64}
# - {name: distance, unit: kpc, datatype: float64}
# - {name: pm_ra_cosdec, unit: mas / yr, datatype: float64}
# - {name: pm_dec, unit: mas / yr, datatype: float64}
# - {name: radial_velocity, unit: km / s, datatype: float64}
# delimiter: ','
# meta: !!omap
# - __serialized_columns__:
#     dec:
#       __class__: astropy.coordinates.angles.Latitude
#       unit: &id001 !astropy.units.Unit {unit: deg}
#       value: !astropy.table.SerializedColumn {name: dec}
#     distance:
#       __class__: astropy.coordinates.distances.Distance
#       unit: !astropy.units.Unit {unit: kpc}
#       value: !astropy.table.SerializedColumn {name: distance}
#     pm_dec:
#       __class__: astropy.units.quantity.Quantity
#       unit: !astropy.units.Unit {unit: mas / yr}
#       value: !astropy.table.SerializedColumn {name: pm_dec}
#     pm_ra_cosdec:
#       __class__: astropy.units.quantity.Quantity
#       unit: !astropy.units.Unit {unit: mas / yr}
#       value: !astropy.table.SerializedColumn {name: pm_ra_cosdec}
#     ra:
#       __class__: astropy.coordinates.angles.Longitude
#       unit: *id001
#       value: !astropy.table.SerializedColumn {name: ra}
#       wrap_angle: !astropy.coordinates.Angle
#         unit: *id001
#         value: 360.0
#     radial_velocity:
#       __class__: astropy.units.quantity.Quantity
#       unit: !astropy.units.Unit {unit: km / s}
#       value: !astropy.table.SerializedColumn {name: radial_velocity}
# schema: astropy-2.0
ra,dec,distance,pm_ra_cosdec,pm_dec,radial_velocity
[from data line 4299]
26.291217011641137,-43.764754210052054,17.313965200364052,1.9155165546946826,1.5519514429124972,-5.0524602779234026e-14
26.291750762049194,-43.77487409744135,17.313038437979426,1.9157027704674865,1.5524354976910826,0.0
26.292284495211764,-43.784993988193754,17.312112459535,1.9158889960730014,1.552919498059265,-3.368306851948935e-14
26.292818210930317,-43.79511388231674,17.31118726564783,1.9160752315041634,1.553403443875645,-4.210383564936169e-14
26.293351909006137,-43.805233779817776,17.310262856934983,1.9162614767539203,1.5538873349988107,-4.210383564936169e-14
26.2938855892404,-43.81535368070438,17.309339234013507,1.9164477318152398,1.5543711712873431,0.0
26.294419251434086,-43.825473584984046,17.308416397500455,1.9166339966811012,1.5548549525998134,8.420767129872338e-15
26.29495289538807,-43.83559349266427,17.307494348012888,1.9168202713445006,1.555338678794783,-1.6841534259744676e-14
26.295486520903047,-43.845713403752555,17.306573086167862,1.9170065557984495,1.555822349730803,-1.6841534259744676e-14
26.29602012777957,-43.85583331825639,17.305652612582442,1.9171928500359727,1.5563059652664162,-4.210383564936169e-14
26.29655371581806,-43.86595323618331,17.304732927873665,1.9173791540501117,1.5567895252601547,-2.5262301389617013e-14
26.297087284818762,-43.876073157540816,17.303814032658607,1.917565467833926,1.5572730295705424,-8.420767129872338e-15
26.297620834581792,-43.886193082336455,17.30289592755431,1.9177517913804853,1.5577564780560924,-2.5262301389617013e-14
26.2981543649071,-43.89631301057773,17.301978613177848,1.9179381246828762,1.5582398705753078,-1.6841534259744676e-14
26.29868787559449,-43.90643294227217,17.301062090146264,1.918124467734205,1.5587232069866848,-2.5262301389617013e-14
26.299221366443625,-43.9165528774273,17.30014635907661,1.9183108205275885,1.5592064871487077,1.6841534259744676e-14
26.299754837254003,-43.92667281605069,17.299231420585954,1.9184971830561597,1.559689710919851,-1.6841534259744676e-14
26.300288287824984,-43.93679275814985,17.29831727529135,1.918683555313068,1.5601728781585813,-1.6841534259744676e-14
26.30082171795576,-43.946912703732345,17.297403923809853,1.9188699372914775,1.5606559887233533,-3.368306851948935e-14
26.30135512744539,-43.957032652805715,17.296491366758527,1.9190563289845683,1.5611390424726146,-1.6841534259744676e-14
26.30188851609277,-43.96715260537751,17.29557960475441,1.9192427303855375,1.561622039264802,0.0
26.302421883696653,-43.9772725614553,17.294668638414578,1.9194291414875926,1.5621049789583414,-1.6841534259744676e-14
26.302955230055627,-43.987392521046644,17.293758468356074,1.9196155622839621,1.5625878614116513,8.420767129872338e-15
26.303488554968133,-43.9975124841591,17.29284909519597,1.9198019927678864,1.563070686483138,-1.6841534259744676e-14
26.304021858232467,-44.00763245080026,17.291940519551304,1.9199884329326247,1.5635534540312022,-2.5262301389617013e-14
26.304555139646766,-44.01775242097767,17.291032742039143,1.920174882771447,1.56403616391423,-1.6841534259744676e-14
26.30508839900901,-44.02787239469893,17.290125763276546,1.9203613422776435,1.5645188159905996,-5.0524602779234026e-14
26.305621636117046,-44.03799237197162,17.28921958388056,1.9205478114445167,1.565001410118683,-2.5262301389617013e-14
26.306154850768532,-44.04811235280333,17.28831420446825,1.9207342902653866,1.5654839461568373,-4.210383564936169e-14
26.306688042761014,-44.05823233720164,17.28740962565668,1.9209207787335874,1.5659664239634106,-8.420767129872338e-15
26.30722121189185,-44.06835232517415,17.286505848062884,1.9211072768424697,1.566448843396746,-3.368306851948935e-14
26.30775435795826,-44.07847231672849,17.285602872303933,1.9212937845854001,1.5669312043151713,-3.368306851948935e-14
26.30828748075732,-44.08859231187221,17.28470069899689,1.9214803019557596,1.5674135065770072,-2.5262301389617013e-14
26.30882058008592,-44.09871231061297,17.283799328758793,1.9216668289469452,1.5678957500405648,0.0
26.309353655740832,-44.10883231295834,17.282898762206713,1.921853365552369,1.5683779345641435,-3.368306851948935e-14
26.309886707518654,-44.11895231891598,17.281998999957704,1.9220399117654603,1.5688600600060356,-2.5262301389617013e-14
26.310419735215824,-44.12907232849348,17.28110004262882,1.9222264675796632,1.5693421262245217,-2.5262301389617013e-14
26.31095273862864,-44.139192341698475,17.28020189083712,1.9224130329884377,1.5698241330778728,-2.5262301389617013e-14
26.311485717553246,-44.14931235853861,17.279304545199658,1.9225996079852583,1.5703060804243512,-3.368306851948935e-14
26.31201867178561,-44.159432379021496,17.278408006333493,1.9227861925636158,1.5707879681222068,-6.73661370389787e-14
26.312551601121562,-44.16955240315476,17.27751227485568,1.922972786717018,1.5712697960296835,0.0
26.313084505356773,-44.179672430946106,17.276617351383283,1.9231593904389872,1.5717515640050117,-1.6841534259744676e-14
26.313617384286754,-44.18979246240311,17.27572323653334,1.9233460037230605,1.5722332719064145,-2.5262301389617013e-14
26.314150237706865,-44.19991249753347,17.274829930922927,1.923532626562794,1.572714919592104,-4.210383564936169e-14
26.314683065412304,-44.210032536344805,17.273937435169092,1.9237192589517547,1.5731965069202816,-8.420767129872338e-15
26.315215867198123,-44.22015257884482,17.273045749888894,1.9239059008835293,1.57367803374914,-2.5262301389617013e-14
26.315748642859205,-44.23027262504113,17.272154875699382,1.9240925523517205,1.5741594999368635,-2.5262301389617013e-14
26.316281392190277,-44.24039267494144,17.271264813217623,1.924279213349943,1.5746409053416226,-4.210383564936169e-14
26.316814114985913,-44.2505127285534,17.27037556306067,1.9244658838718303,1.575122249821581,-2.5262301389617013e-14
26.317346811040547,-44.2606327858847,17.26948712584558,1.924652563911031,1.57560353323489,-1.6841534259744676e-14
26.317879480148413,-44.270752846943004,17.268599502189407,1.9248392534612109,1.5760847554396946,3.368306851948935e-14
26.318412122103627,-44.28087291173604,17.26771269270921,1.9250259525160482,1.5765659162941266,-4.210383564936169e-14
26.318944736700132,-44.29099298027145,17.266826698022044,1.9252126610692404,1.5770470156563088,-4.210383564936169e-14
26.31947732373171,-44.301113052556914,17.265941518744963,1.925399379114499,1.5775280533843548,-3.368306851948935e-14
26.320009882991986,-44.311233128600186,17.26505715549504,1.9255861066455524,1.5780090293363658,-4.210383564936169e-14
26.320542414274435,-44.321353208408944,17.264173608889305,1.9257728436561448,1.5784899433704371,-1.6841534259744676e-14
26.32107491737236,-44.331473291990875,17.263290879544833,1.925959590140034,1.5789707953446501,-2.5262301389617013e-14
26.321607392078914,-44.34159337935372,17.262408968078677,1.9261463460909978,1.579451585117078,-1.6841534259744676e-14
26.322139838187084,-44.351713470505146,17.26152787510789,1.9263331115028273,1.5799323125457836,0.0
26.322672255489717,-44.36183356545293,17.260647601249534,1.9265198863693291,1.5804129774888203,0.0
26.32320464377947,-44.37195366420477,17.259768147120663,1.9267066706843283,1.5808935798042296,-4.210383564936169e-14
26.323737002848866,-44.382073766768386,17.258889513338325,1.9268934644416635,1.581374119350047,-8.420767129872338e-15
26.32426933249024,-44.39219387315151,17.2580117005196,1.9270802676351886,1.581854595984291,-1.6841534259744676e-14
26.324801632495802,-44.40231398336189,17.257134709281512,1.9272670802587795,1.5823350095649777,-1.6841534259744676e-14
26.325333902657583,-44.41243409740726,17.25625854024115,1.9274539023063186,1.582815359950108,-3.368306851948935e-14
26.325866142767456,-44.422554215295364,17.255383194015547,1.927640733771713,1.5832956469976756,-8.420767129872338e-15
26.326398352617122,-44.432674337033944,17.25450867122177,1.9278275746488804,1.5837758705656606,-1.6841534259744676e-14
26.326930531998144,-44.442794462630765,17.25363497247687,1.9280144249317581,1.5842560305120377,8.420767129872338e-15
26.327462680701895,-44.452914592093556,17.252762098397916,1.9282012846142966,1.584736126694766,-1.6841534259744676e-14
26.327994798519615,-44.46303472543013,17.25189004960195,1.928388153690464,1.5852161589718003,-2.5262301389617013e-14
26.328526885242365,-44.4731548626482,17.251018826706044,1.9285750321542439,1.5856961272010803,-2.5262301389617013e-14
26.329058940661056,-44.48327500375556,17.250148430327233,1.9287619199996373,1.586176031240539,-8.420767129872338e-15
26.329590964566417,-44.49339514875998,17.249278861082594,1.9289488172206593,1.5866558709480967,-8.420767129872338e-15
26.330122956749047,-44.50351529766925,17.248410119589174,1.929135723811343,1.5871356461816646,-8.420767129872338e-15
26.33065491699934,-44.51363545049113,17.247542206464026,1.9293226397657373,1.587615356799145,-1.6841534259744676e-14
26.331186845107567,-44.52375560723343,17.246675122324213,1.9295095650779055,1.5880950026584273,-3.368306851948935e-14
26.331718740863817,-44.53387576790392,17.245808867786792,1.9296964997419292,1.588574583617393,-8.420767129872338e-15
26.332250604058014,-44.54399593251039,17.244943443468824,1.9298834437519046,1.589054099533911,-8.420767129872338e-15
26.332782434479924,-44.55411610106067,17.24407884998735,1.9300703971019466,1.5895335502658434,-2.5262301389617013e-14
26.33331423191916,-44.56423627356255,17.24321508795944,1.9302573597861832,1.5900129356710389,-1.6841534259744676e-14
26.333845996165152,-44.57435645002383,17.24235215800215,1.9304443317987605,1.5904922556073373,0.0
26.334377727007176,-44.58447663045232,17.241490060732527,1.9306313131338404,1.5909715099325683,0.0
26.334909424234343,-44.59459681485584,17.240628796767634,1.9308183037856013,1.5914506985045502,-1.6841534259744676e-14
26.33544108763559,-44.60471700324223,17.239768366724533,1.9310053037482373,1.591929821181092,-8.420767129872338e-15
26.335972716999713,-44.61483719561929,17.238908771220274,1.9311923130159587,1.5924088778199925,-3.368306851948935e-14
26.336504312115327,-44.62495739199486,17.23805001087191,1.9313793315829948,1.5928878682790404,-3.368306851948935e-14
26.337035872770887,-44.63507759237676,17.237192086296503,1.9315663594435868,1.5933667924160126,-8.420767129872338e-15
26.337567398754658,-44.645197796772834,17.23633499811111,1.9317533965919949,1.5938456500886757,-1.6841534259744676e-14
26.33809888985479,-44.65531800519095,17.23547874693279,1.9319404430224945,1.5943244411547886,-2.5262301389617013e-14
26.338630345859226,-44.665438217638915,17.234623333378593,1.9321274987293793,1.5948031654720978,-2.5262301389617013e-14
26.33916176655575,-44.6755584341246,17.233768758065576,1.932314563706958,1.5952818228983394,0.0
26.339693151732003,-44.68567865465587,17.232915021610804,1.9325016379495543,1.5957604132912386,-8.420767129872338e-15
26.34022450117543,-44.69579887924054,17.232062124631323,1.9326887214515112,1.596238936508512,-8.420767129872338e-15
26.340755814673336,-44.70591910788653,17.231210067744197,1.9328758142071862,1.5967173924078648,0.0
26.341287092012816,-44.716039340601654,17.23035885156648,1.9330629162109545,1.5971957808469919,-1.6841534259744676e-14
26.34181833298087,-44.72615957739383,17.229508476715225,1.9332500274572053,1.5976741016835772,-1.6841534259744676e-14
26.34234953736426,-44.73627981827091,17.2286589438075,1.9334371479403463,1.5981523547752947,-2.5262301389617013e-14
26.34288070494963,-44.74640006324077,17.227810253460348,1.9336242776548018,1.598630539979808,-2.5262301389617013e-14
26.34341183552342,-44.75652031231131,17.226962406290834,1.9338114165950127,1.5991086571547708,-2.5262301389617013e-14
26.343942928871932,-44.76664056549041,17.226115402916005,1.933998564755435,1.5995867061578264,-1.6841534259744676e-14
26.344473984781274,-44.77676082278596,17.225269243952937,1.9341857221305414,1.6000646868466046,-3.368306851948935e-14
26.345005003037404,-44.786881084205845,17.224423930018666,1.9343728887148222,1.6005425990787276,-8.420767129872338e-15
26.345535983426114,-44.797001349758006,17.22357946173026,1.9345600645027827,1.6010204427118082,-2.5262301389617013e-14
26.346066925733005,-44.807121619450314,17.222735839704768,1.9347472494889484,1.6014982176034456,-3.368306851948935e-14
26.34659782974355,-44.81724189329069,17.221893064559257,1.9349344436678557,1.6019759236112303,-2.5262301389617013e-14
26.347128695243015,-44.82736217128705,17.22105113691077,1.935121647034062,1.6024535605927426,1.6841534259744676e-14
26.347659522016492,-44.83748245344731,17.22021005737638,1.9353088595821397,1.60293112840555,-2.5262301389617013e-14
26.348190309848945,-44.84760273977939,17.219369826573132,1.9354960813066777,1.6034086269072119,-4.210383564936169e-14
26.34872105852514,-44.857723030291226,17.21853044511808,1.9356833122022832,1.6038860559552772,-4.210383564936169e-14
26.349251767829664,-44.86784332499072,17.217691913628293,1.935870552263576,1.6043634154072814,1.6841534259744676e-14
26.349782437546953,-44.877963623885854,17.21685423272082,1.9360578014851966,1.6048407051207514,-3.368306851948935e-14
26.350313067461286,-44.888083926984535,17.216017403012714,1.936245059861801,1.605317924953205,0.0
26.350843657356734,-44.89820423429472,17.215181425121038,1.936432327388061,1.6057950747621472,-1.6841534259744676e-14
26.35137420701721,-44.90832454582435,17.214346299662843,1.9366196040586674,1.6062721544050718,-2.5262301389617013e-14
26.35190471622648,-44.918444861581385,17.21351202725519,1.9368068898683228,1.6067491637394637,-3.368306851948935e-14
26.3524351847681,-44.92856518157376,17.212678608515144,1.9369941848117516,1.6072261026227963,-2.5262301389617013e-14
26.352965612425518,-44.93868550580947,17.21184604405974,1.9371814888836931,1.6077029709125341,-8.420767129872338e-15
26.353495998981913,-44.94880583429646,17.211014334506057,1.9373688020789028,1.6081797684661274,-1.6841534259744676e-14
26.354026344220387,-44.9589261670427,17.210183480471137,1.9375561243921529,1.6086564951410187,-8.420767129872338e-15
26.354556647923822,-44.96904650405617,17.20935348257204,1.9377434558182332,1.6091331507946396,-1.6841534259744676e-14
26.355086909874924,-44.97916684534484,17.208524341425825,1.9379307963519514,1.6096097352844092,-5.0524602779234026e-14
26.35561712985625,-44.9892871909167,17.207696057649546,1.9381181459881283,1.6100862484677378,0.0
26.356147307650165,-44.99940754077974,17.206868631860264,1.9383055047216042,1.6105626902020238,-3.368306851948935e-14
26.356677443038876,-45.00952789494194,17.20604206467503,1.9384928725472361,1.6110390603446567,-3.368306851948935e-14
26.357207535804417,-45.0196482534113,17.205216356710906,1.9386802494598985,1.611515358753011,-8.420767129872338e-15
26.35773758572862,-45.02976861619582,17.204391508584937,1.9388676354544814,1.6119915852844569,-8.420767129872338e-15
26.358267592593194,-45.0398889833035,17.203567520914195,1.9390550305258905,1.6124677397963467,-8.420767129872338e-15
26.35879755617962,-45.05000935474235,17.20274439431573,1.9392424346690502,1.6129438221460277,-2.5262301389617013e-14
26.35932747626925,-45.06012973052039,17.201922129406597,1.9394298478789027,1.613419832190834,8.420767129872338e-15
26.359857352643232,-45.07025011064563,17.201100726803855,1.9396172701504046,1.6138957697880887,0.0
26.360387185082555,-45.08037049512608,17.200280187124562,1.939804701478532,1.6143716347951034,-8.420767129872338e-15
26.360916973368013,-45.09049088396979,17.199460510985766,1.939992141858276,1.614847427069182,-2.5262301389617013e-14
26.36144671728027,-45.10061127718476,17.198641699004536,1.940179591284644,1.6153231464676134,1.6841534259744676e-14
26.361976416599756,-45.110731674779046,17.197823751797916,1.9403670497526642,1.6157987928476798,-8.420767129872338e-15
26.362506071106775,-45.120852076760684,17.19700666998297,1.9405545172573775,1.6162743660666496,0.0
26.363035680581422,-45.1309724831377,17.19619045417676,1.9407419937938428,1.61674986598178,8.420767129872338e-15
26.36356524480364,-45.14109289391815,17.195375104996334,1.9409294793571379,1.6172252924503197,8.420767129872338e-15
26.364094763553176,-45.1512133091101,17.194560623058745,1.9411169739423564,1.617700645329506,0.0
