galstreams/tracks/track.st.NGC5466.ibata2021.ecsv
# %ECSV 0.9
# ---
# datatype:
# - {name: ra, unit: deg, datatype: float64}
# - {name: dec, unit: deg, datatype: float64}
# - {name: distance, unit: kpc, datatype: float64}
# - {name: pm_ra_cosdec, unit: mas / yr, datatype: float64}
# - {name: pm_dec, unit: mas / yr, datatype: float64}
# - {name: radial_velocity, unit: km / s, datatype: float64}
# delimiter: ','
# meta: !!omap
# - __serialized_columns__:
#     dec:
#       __class__: astropy.coordinates.angles.Latitude
#       unit: &id001 !astropy.units.Unit {unit: deg}
#       value: !astropy.table.SerializedColumn {name: dec}
#     distance:
#       __class__: astropy.coordinates.distances.Distance
#       unit: !astropy.units.Unit {unit: kpc}
#       value: !astropy.table.SerializedColumn {name: distance}
#     pm_dec:
#       __class__: astropy.units.quantity.Quantity
#       unit: !astropy.units.Unit {unit: mas / yr}
#       value: !astropy.table.SerializedColumn {name: pm_dec}
#     pm_ra_cosdec:
#       __class__: astropy.units.quantity.Quantity
#       unit: !astropy.units.Unit {unit: mas / yr}
#       value: !astropy.table.SerializedColumn {name: pm_ra_cosdec}
#     ra:
#       __class__: astropy.coordinates.angles.Longitude
#       unit: *id001
#       value: !astropy.table.SerializedColumn {name: ra}
#       wrap_angle: !astropy.coordinates.Angle
#         unit: *id001
#         value: 360.0
#     radial_velocity:
#       __class__: astropy.units.quantity.Quantity
#       unit: !astropy.units.Unit {unit: km / s}
#       value: !astropy.table.SerializedColumn {name: radial_velocity}
# schema: astropy-2.0
ra,dec,distance,pm_ra_cosdec,pm_dec,radial_velocity
[from data line 1631]
224.26347518910603,21.223902812555135,14.118477668254096,-6.657714250176731,-0.3047419538837381,9.262843842859572e-14
224.2731040407208,21.219256015808458,14.1184532851236,-6.6574727109343215,-0.30514795238256237,1.4525823299029783e-13
224.2827341337869,21.214611073371,14.118428687825944,-6.657227535318405,-0.30555702224279485,1.2525891105685104e-13
224.2923654704263,21.209967987357857,14.118403873942881,-6.656978719206937,-0.30596916800783963,6.21031575828085e-14
224.30199805276112,21.205326759883796,14.118378841056169,-6.6567262584787175,-0.3063843942219848,1.3999525353412762e-13
224.31163188291387,21.200687393063316,14.11835358674756,-6.656470149013396,-0.3068027054304128,1.7052053437991484e-13
224.32126696300708,21.196049889010624,14.118328108598813,-6.656210386691468,-0.30722410617919393,6.420834936527658e-14
224.3309032951636,21.19141424983962,14.11830240419168,-6.655946967394289,-0.3076486010152864,1.7999389740102124e-13
224.34054088150654,21.186780477663927,14.118276471107922,-6.655679887004051,-0.30807619448653406,1.0104920555846805e-13
224.35017972415912,21.182148574596873,14.118250306929294,-6.6554091414037995,-0.3085068911416751,1.4315304120782974e-13
224.3598198252448,21.17751854275148,14.11822390923755,-6.655134726477433,-0.30894069553032955,9.578622610229784e-14
224.36946118688735,21.172890384240517,14.118197275614444,-6.654856638109698,-0.3093776122030073,1.7473091794485103e-13
224.37910381121068,21.168264101176405,14.11817040364174,-6.654574872186183,-0.30981764571110404,1.1578554803574466e-13
224.3887477003389,21.16363969567134,14.11814329090118,-6.654289424593336,-0.3102608006069027,2.2209773305038292e-13
224.39839285639638,21.15901716983718,14.118115934974535,-6.654000291218441,-0.31070708144357173,1.6841534259744676e-14
224.40803928150774,21.154396525785504,14.118088333443554,-6.653707467949641,-0.3111564927751645,7.368171238638296e-14
224.4176869777977,21.149777765627608,14.118060483889987,-6.653410950675927,-0.3116090391566212,1.9894062344323399e-13
224.42733594739133,21.1451608914745,14.118032383895603,-6.653110735287125,-0.312064725143766,1.7788870561855314e-13
224.4369861924138,21.14054590543688,14.118004031042148,-6.652806817673929,-0.3125235552933051,2.020984111169361e-13
224.44663771499066,21.13593280962519,14.117975422911382,-6.652499193727865,-0.31298553416283564,1.6946793848868082e-13
224.45629051724748,21.13132160614955,14.117946557085062,-6.652187859341314,-0.3134506663108301,4.4209027431829774e-14
224.46594460131016,21.126712297119806,14.117917431144939,-6.6518728104075056,-0.3139189562966522,2.4209705498382974e-13
224.4755999693048,21.12210488464552,14.117888042672774,-6.651554042820512,-0.31439040868054163,1.842042809659574e-13
224.4852566233577,21.117499370835958,14.117858389250317,-6.651231552475266,-0.314865028023626,1.6631015081497867e-13
224.49491456559545,21.112895757800096,14.117828468459331,-6.650905335267524,-0.31534281888791205,1.642049590325106e-13
224.50457379814475,21.10829404764663,14.117798277881567,-6.650575387093914,-0.3158237858362928,2.8735867830689355e-13
224.5142343231326,21.103694242483954,14.117767815098782,-6.650241703851901,-0.3163079334325321,6.947132882144679e-14
224.52389614268614,21.099096344420186,14.117737077692738,-6.649904281439793,-0.31679526624129084,8.631286308119147e-14
224.53355925893277,21.094500355563152,14.117706063245176,-6.649563115756758,-0.3172857888280957,1.2525891105685104e-13
224.54322367400016,21.08990627802038,14.117674769337869,-6.649218202702794,-0.3177795057593634,1.0525958912340423e-13
224.55288939001608,21.085314113899145,14.117643193552562,-6.6488695381787615,-0.3182764216023881,2.2209773305038292e-13
224.56255640910865,21.08072386530639,14.117611333471013,-6.6485171180863585,-0.3187765409253404,1.4631082888153188e-13
224.57222473340605,21.076135534348797,14.117579186674982,-6.648160938328134,-0.31927986829727323,2.3262369196272335e-13
224.58189436503685,21.07154912313275,14.117546750746218,-6.647800994807483,-0.3197864082881177,1.589419795763404e-13
224.59156530612972,21.066964633764357,14.117514023266486,-6.647437283428644,-0.32029616546868434,8.736545897242551e-14
224.60123755881355,21.062382068349432,14.117481001817536,-6.6470698000967054,-0.3208091444106602,9.368103431982976e-14
224.61091112521748,21.0578014289935,14.117447683981121,-6.646698540717602,-0.32132534968661103,1.1157516447080849e-13
224.62058600747088,21.053222717801805,14.117414067339004,-6.646323501198111,-0.32184478586998333,3.073580002403403e-13
224.6302622077033,21.048645936879314,14.117380149472934,-6.64594467744586,-0.32236745753508816,1.842042809659574e-13
224.63993972804454,21.044071088330675,14.117345927964676,-6.645562065369322,-0.32289336925712975,2.49465226222468e-13
224.64961857062463,21.039498174260295,14.117311400395975,-6.645175660877813,-0.32342252561217755,1.4210044531659572e-13
224.6592987375737,21.03492719677226,14.117276564348598,-6.644785459881499,-0.3239549311771815,1.9578283576953187e-13
224.66898023102223,21.030358157970383,14.117241417404292,-6.644391458291386,-0.3244905905299659,2.715697399383829e-13
224.6786630531009,21.025791059958184,14.117205957144815,-6.643993652019333,-0.3250295082492272,1.820990891834893e-13
224.68834720594054,21.021225904838936,14.117170181151925,-6.643592036978038,-0.3255716889145421,1.2841669873055315e-13
224.69803269167224,21.016662694715567,14.11713408700738,-6.643186609081049,-0.3261171371063599,1.3367967818672336e-13
