galstreams/tracks/track.st.AAU-ATLAS.li2020.ecsv
# %ECSV 0.9
# ---
# datatype:
# - {name: ra, unit: deg, datatype: float64}
# - {name: dec, unit: deg, datatype: float64}
# - {name: distance, unit: kpc, datatype: float64}
# - {name: pm_ra_cosdec, unit: mas / yr, datatype: float64}
# - {name: pm_dec, unit: mas / yr, datatype: float64}
# - {name: radial_velocity, unit: km / s, datatype: float64}
# delimiter: ','
# meta: !!omap
# - __serialized_columns__:
#     dec:
#       __class__: astropy.coordinates.angles.Latitude
#       unit: &id001 !astropy.units.Unit {unit: deg}
#       value: !astropy.table.SerializedColumn {name: dec}
#     distance:
#       __class__: astropy.coordinates.distances.Distance
#       unit: !astropy.units.Unit {unit: kpc}
#       value: !astropy.table.SerializedColumn {name: distance}
#     pm_dec:
#       __class__: astropy.units.quantity.Quantity
#       unit: !astropy.units.Unit {unit: mas / yr}
#       value: !astropy.table.SerializedColumn {name: pm_dec}
#     pm_ra_cosdec:
#       __class__: astropy.units.quantity.Quantity
#       unit: !astropy.units.Unit {unit: mas / yr}
#       value: !astropy.table.SerializedColumn {name: pm_ra_cosdec}
#     ra:
#       __class__: astropy.coordinates.angles.Longitude
#       unit: *id001
#       value: !astropy.table.SerializedColumn {name: ra}
#       wrap_angle: !astropy.coordinates.Angle
#         unit: *id001
#         value: 360.0
#     radial_velocity:
#       __class__: astropy.units.quantity.Quantity
#       unit: !astropy.units.Unit {unit: km / s}
#       value: !astropy.table.SerializedColumn {name: radial_velocity}
# schema: astropy-2.0
ra,dec,distance,pm_ra_cosdec,pm_dec,radial_velocity
[from data line 137]
24.340660170616292,-29.303977789566076,20.298791248903974,-0.2765500992471738,-0.9743631472212679,-92.15174661271719
24.455949619970387,-29.366292489051045,20.272426281315852,-0.28155507492355325,-0.9743732198691868,-91.63674306816694
24.571303473524395,-29.42862733252122,20.24623568879939,-0.2865874730243733,-0.9743677828001522,-91.12005391677712
24.686722288008106,-29.490982161754577,20.220219471354564,-0.29164735527955843,-0.9743469580500461,-90.60167915854781
24.802206621647695,-29.553356818131647,20.194377628981385,-0.2967347834305586,-0.9743108682178632,-90.08161879347898
24.91775703417065,-29.615751142628657,20.16871016167984,-0.30184981922786486,-0.9742596364680918,-89.55987282157064
25.033374086810788,-29.678164975810674,20.14321706944994,-0.3069925244285117,-0.9741933865331078,-89.03644124282282
25.149058342313214,-29.740598157824817,20.117898352291686,-0.3121629607935777,-0.974112242715589,-88.51132405723546
25.264810364939315,-29.8030505283933,20.092754010205073,-0.3173611900856781,-0.9740163298909396,-87.9845212648086
25.380630720471764,-29.86552192680668,20.067784043190102,-0.3225872740664438,-0.9739057735097334,-87.4560328655423
25.4965199762195,-29.92801219191689,20.04298845124677,-0.327841274494001,-0.97378069960017,-86.92585885943639
25.61247870102278,-29.99052116213042,20.018367234375084,-0.33312325312043456,-0.9736412347705505,-86.393999246491
25.728507465258147,-30.053048675401428,19.993920392575042,-0.3384332716892516,-0.9734875062117649,-85.86045402670611
25.844606840843475,-30.115594569224793,19.96964792584664,-0.34377139193282713,-0.9733196416997982,-85.32522320008175
25.960777401243018,-30.178158680629313,19.94554983418988,-0.34913767556984926,-0.9731377695982516,-84.7883067666178
26.077019721472357,-30.24074084617069,19.921626117604763,-0.35453218430275296,-0.9729420188608771,-84.2497047263144
26.19333437810355,-30.303340901924685,19.89787677609129,-0.3599549798151425,-0.9727325190341315,-83.70941707917144
26.30972194927009,-30.365958683480162,19.87430180964946,-0.3654061237692088,-0.972509400259747,-83.16744382518905
26.42618301467197,-30.428594025932192,19.85090121827927,-0.37088567780313414,-0.9722727932773121,-82.6237849643671
26.54271815558073,-30.49124676387506,19.827675001980722,-0.3763937035284908,-0.9720228294268753,-82.07844049670564
26.659327954844514,-30.55391673139537,19.804623160753824,-0.3819302625276273,-0.971759640651562,-81.5314104222047
26.776012996893115,-30.616603762065076,19.781745694598555,-0.3874954163510472,-0.9714833595002066,-80.98269474086423
26.892773867743028,-30.67930768893451,19.75904260351494,-0.393089226514775,-0.9711941191300025,-80.43229345268425
27.009611155002503,-30.742028344525405,19.736513887502966,-0.3987117544977159,-0.9708920533091685,-79.88020655766476
27.126525447876624,-30.804765560823974,19.714159546562627,-0.40436306173900227,-0.9705772964196318,-79.32643405580576
27.24351733717233,-30.86751916927384,19.691979580693936,-0.41004320963533036,-0.9702499834597248,-78.77097594710729
27.360587415303513,-30.93028900076909,19.669973989896885,-0.41575225953828754,-0.969910250046901,-78.21383223156928
27.477736276296046,-30.993074885647314,19.648142774171482,-0.4214902727516671,-0.969558232420469,-77.65500290919175
27.59496451579285,-31.055876653682496,19.626485933517714,-0.4272573105287738,-0.9691940674443382,-77.09448797997476
27.712272731058984,-31.11869413407812,19.605003467935596,-0.43305343406971564,-0.9688178926097851,-76.53228744391822
27.82966152098665,-31.181527155460017,19.583695377425116,-0.4388787045186876,-0.9684298460382346,-75.96840130102217
27.947131486100293,-31.24437554586944,19.562561661986276,-0.44473318296124087,-0.9680300664840594,-75.40282955128662
28.064683228561616,-31.307239132755967,19.541602321619077,-0.45061693042154183,-0.9676186933373943,-74.83557219471155
28.182317352174646,-31.370117742970454,19.52081735632353,-0.4565300078596185,-0.9671958666269678,-74.266629231297
28.30003446239082,-31.433011202758017,19.500206766099616,-0.4624724761685957,-0.9667617270229538,-73.6960006610429
28.417835166313964,-31.4959193377509,19.479770550947354,-0.4684443961719154,-0.9663164158398332,-73.12368648394931
28.535720072705367,-31.558841972961492,19.459508710866732,-0.4744458286205481,-0.9658600750392818,-72.54968670001625
28.653689791988825,-31.62177893277514,19.439421245857748,-0.4804768341901883,-0.9653928472330662,-71.97400130924365
28.771744936255654,-31.68473004094317,19.419508155920404,-0.48653747347843784,-0.9649148756859621,-71.39663031163154
28.88988611926972,-31.747695120575678,19.399769441054712,-0.4926278070019774,-0.9644263043186871,-70.81757370717992
29.00811395647246,-31.810673994134536,19.38020510126066,-0.4987478951937218,-0.9639272777108551,-70.2368314958888
29.126429064987914,-31.87366648342617,19.360815136538243,-0.504897798399965,-0.9634179411039409,-69.65440367775815
29.24483206362768,-31.936672409594536,19.341599546887476,-0.5110775768775075,-0.9628984404042664,-69.07029025278798
29.363323572895972,-31.999691593113877,19.322558332308347,-0.5172872907907728,-0.9623689221860047,-68.48449122097837
29.481904214994568,-32.062723853781726,19.303691492800862,-0.5235270002089076,-0.9618295336941987,-67.8970065823292
29.600574613827806,-32.12576901071163,19.28499902836502,-0.529796765102869,-0.9612804228477985,-67.30783633684052
29.71933539500755,-32.18882688232604,19.266480939000818,-0.536096645342494,-0.9607217382427159,-66.71698048451232
29.838187185858175,-32.25189728634918,19.248137224708266,-0.5424267006935578,-0.9601536291548955,-66.12443902534467
29.957130615421505,-32.31498003979981,19.22996788548735,-0.5487869908148133,-0.9595762455434056,-65.53021195933748
30.07616631446172,-32.37807495898411,19.21197292133807,-0.555177575255019,-0.9589897380535427,-64.93429928649076
30.195294915470328,-32.44118185948841,19.194152332260444,-0.561598513449945,-0.9583942580199556,-64.33670100680455
30.314517052671093,-32.50430055617208,19.17650611825446,-0.5680498647193708,-0.9577899574697883,-63.73741712027883
30.433833362024888,-32.56743086316026,19.159034279320117,-0.5745316882640601,-0.9571769891258383,-63.136447626913636
30.553244481234625,-32.630572593836675,19.141736815457406,-0.5810440431627241,-0.9565555064097313,-62.533792526708865
30.672751049750104,-32.69372556083637,19.124613726666354,-0.587586988368963,-0.955925663445116,-61.92945181966461
30.792353708772918,-32.75688957603853,19.10766501294693,-0.5941605827081948,-0.9552876150608758,-61.32342550578085
30.912053101261254,-32.82006445055921,19.090890674299157,-0.600764884874567,-0.9546415167943567,-60.715713585057586
31.031849871934735,-32.88324999474406,19.07429071072303,-0.6073999534278447,-0.9539875248946134,-60.10631605749486
31.151744667279257,-32.946446018161126,19.057865122218537,-0.614065846790291,-0.9533257963256749,-59.49523292309254
31.27173813555177,-33.00965232959352,19.04161390878569,-0.6207626232435179,-0.9526564887698233,-58.88246418185076
31.391830926785033,-33.07286873703218,19.025537070424484,-0.6274903409253294,-0.9519797606308933,-58.26800983376946
31.512023692792393,-33.13609504766858,19.00963460713492,-0.6342490578265383,-0.9512957710375901,-57.65186987884868
31.63231708717256,-33.19933106788743,18.993906518917,-0.6410388317877682,-0.9506046798468217,-57.03404431708834
