galstreams/tracks/track.st.ACS.ramos2021.ecsv
# %ECSV 1.0
# ---
# datatype:
# - {name: ra, unit: deg, datatype: float64}
# - {name: dec, unit: deg, datatype: float64}
# - {name: distance, unit: kpc, datatype: float64}
# - {name: pm_ra_cosdec, unit: mas / yr, datatype: float64}
# - {name: pm_dec, unit: mas / yr, datatype: float64}
# - {name: radial_velocity, unit: km / s, datatype: float64}
# delimiter: ','
# meta: !!omap
# - __serialized_columns__:
#     dec:
#       __class__: astropy.coordinates.angles.Latitude
#       unit: &id001 !astropy.units.Unit {unit: deg}
#       value: !astropy.table.SerializedColumn {name: dec}
#     distance:
#       __class__: astropy.coordinates.distances.Distance
#       unit: !astropy.units.Unit {unit: kpc}
#       value: !astropy.table.SerializedColumn {name: distance}
#     pm_dec:
#       __class__: astropy.units.quantity.Quantity
#       unit: !astropy.units.Unit {unit: mas / yr}
#       value: !astropy.table.SerializedColumn {name: pm_dec}
#     pm_ra_cosdec:
#       __class__: astropy.units.quantity.Quantity
#       unit: !astropy.units.Unit {unit: mas / yr}
#       value: !astropy.table.SerializedColumn {name: pm_ra_cosdec}
#     ra:
#       __class__: astropy.coordinates.angles.Longitude
#       unit: *id001
#       value: !astropy.table.SerializedColumn {name: ra}
#       wrap_angle: !astropy.coordinates.Angle
#         unit: *id001
#         value: 360.0
#     radial_velocity:
#       __class__: astropy.units.quantity.Quantity
#       unit: !astropy.units.Unit {unit: km / s}
#       value: !astropy.table.SerializedColumn {name: radial_velocity}
# schema: astropy-2.0
ra,dec,distance,pm_ra_cosdec,pm_dec,radial_velocity
[from data line 2086]
130.28947420122662,60.393908399176496,11.699999999999998,0.3603560318264934,-0.45529612238983136,6.315575347404253e-15
130.28710068167814,60.38396589144965,11.7,0.3605039092027436,-0.4555366114631054,4.210383564936169e-15
130.28472794664032,60.37402339457861,11.7,0.3606522934667816,-0.45577732929447745,8.420767129872338e-15
130.2823559932567,60.36408090873307,11.699999999999996,0.3608011795233293,-0.4560182744046485,-2.1051917824680845e-15
130.27998481867712,60.354138434082444,11.699999999999998,0.36095056227200834,-0.45625944531518997,0.0
130.27761442005774,60.34419597079575,11.7,0.36110043660744695,-0.45650084054854856,0.0
130.27524479456102,60.33425351904159,11.7,0.3612507974193807,-0.4567424586280543,2.1051917824680845e-15
130.27287593935554,60.324311078988195,11.699999999999998,0.3614016395927567,-0.4569842980779272,2.1051917824680845e-15
130.27050785161623,60.31436865080343,11.7,0.3615529580078353,-0.45722635742328377,6.315575347404253e-15
130.2681405285243,60.30442623465474,11.699999999999998,0.3617047475402945,-0.45746863519014497,6.315575347404253e-15
130.26577396726705,60.29448383070924,11.7,0.36185700306133317,-0.45771112990544155,0.0
130.2634081650382,60.284541439133584,11.700000000000001,0.36200971943777294,-0.4579538400970212,-2.1051917824680845e-15
130.26104311903757,60.27459906009412,11.699999999999998,0.3621628915321626,-0.4581967642936554,4.210383564936169e-15
130.25867882647117,60.26465669375678,11.7,0.362316514202881,-0.45843990102504373,-4.210383564936169e-15
130.2563152845513,60.25471434028711,11.699999999999998,0.36247058230423945,-0.4586832488218229,4.210383564936169e-15
130.25395249049637,60.24477199985028,11.7,0.3626250906865863,-0.45892680621556947,0.0
130.25159044153108,60.234829672611085,11.7,0.3627800341964092,-0.45917057173880926,-4.210383564936169e-15
130.2492291348862,60.22488735873394,11.7,0.3629354076764386,-0.45941454392502046,-4.210383564936169e-15
130.24686856779874,60.214945058382916,11.699999999999998,0.36309120596575106,-0.4596587213086404,-2.1051917824680845e-15
130.24450873751186,60.20500277172156,11.7,0.3632474238998722,-0.4599031024250698,0.0
130.24214964127484,60.195060498913186,11.699999999999998,0.3634040563108806,-0.460147685810681,6.315575347404253e-15
130.23979127634306,60.1851182401207,11.7,0.3635610980275108,-0.46039247000281996,-4.210383564936169e-15
130.23743363997824,60.175175995506585,11.699999999999998,0.36371854387525543,-0.460637453539814,-2.1051917824680845e-15
130.23507672944805,60.16523376523298,11.699999999999998,0.36387638867646976,-0.4608826349609749,-2.1051917824680845e-15
130.23272054202627,60.15529154946165,11.699999999999998,0.3640346272504753,-0.4611280128066051,-4.210383564936169e-15
130.23036507499293,60.14534934835393,11.699999999999998,0.3641932544136612,-0.46137358561800246,0.0
130.22801032563405,60.135407162070834,11.699999999999998,0.3643522649795891,-0.46161935193746423,4.210383564936169e-15
130.22565629124182,60.125464990772976,11.7,0.36451165375909494,-0.46186531030829203,-2.1051917824680845e-15
130.22330296911446,60.11552283462056,11.699999999999996,0.3646714155603946,-0.46211145927479674,-2.1051917824680845e-15
130.2209503565563,60.10558069377348,11.699999999999998,0.36483154518918315,-0.462357797382302,-2.1051917824680845e-15
130.21859845087775,60.095638568391195,11.699999999999998,0.3649920374487417,-0.4626043231771496,2.1051917824680845e-15
130.21624724939528,60.08569645863281,11.700000000000001,0.3651528871400383,-0.4628510352067023,-2.1051917824680845e-15
130.2138967494314,60.07575436465704,11.7,0.3653140890618318,-0.46309793201934873,0.0
130.21154694831472,60.06581228662223,11.699999999999998,0.3654756380107752,-0.46334501216450763,-2.1051917824680845e-15
130.20919784337988,60.055870224686366,11.699999999999998,0.3656375287815171,-0.4635922741926306,4.210383564936169e-15
130.20684943196744,60.04592817900701,11.7,0.3657997561668071,-0.4638397166552057,0.0
130.20450171142417,60.03598614974147,11.7,0.36596231495759673,-0.4640873381047629,-2.1051917824680845e-15
130.20215467910276,60.02604413704644,11.7,0.3661251999431434,-0.4643351370948755,0.0
130.19980833236187,60.016102141078456,11.7,0.3662884059111129,-0.464583112180165,0.0
130.19746266856626,60.00616016199359,11.7,0.3664519276476822,-0.4648312619163027,2.1051917824680845e-15
130.19511768508661,59.996218199947585,11.699999999999998,0.3666157599376422,-0.4650795848600146,4.210383564936169e-15
130.19277337929967,59.98627625509577,11.7,0.3667798975645013,-0.46532807956908323,0.0
130.19042974858806,59.976334327593094,11.700000000000001,0.3669443353105861,-0.4655767446023513,0.0
130.1880867903404,59.966392417594136,11.700000000000001,0.36710906795714726,-0.4658255785197241,-4.210383564936169e-15
130.1857445019514,59.95645052525312,11.7,0.3672740902844585,-0.4660745798821728,6.315575347404253e-15
130.18340288082157,59.9465086507239,11.7,0.3674393970719214,-0.4663237472517359,0.0
130.18106192435744,59.93656679415992,11.699999999999998,0.36760498309816747,-0.46657307919152347,4.210383564936169e-15
130.17872162997145,59.92662495571429,11.7,0.3677708431411603,-0.4668225742657173,0.0
130.176381995082,59.91668313553971,11.7,0.367936971978298,-0.4670722310395762,-2.1051917824680845e-15
130.17404301711343,59.90674133378853,11.7,0.3681033643865159,-0.46732204807943534,2.1051917824680845e-15
130.17170469349594,59.89679955061272,11.699999999999998,0.36827001514238744,-0.46757202395271047,4.210383564936169e-15
130.1693670216657,59.88685778616394,11.7,0.36843691902222875,-0.46782215722789805,4.210383564936169e-15
130.16702999906474,59.876916040593315,11.699999999999998,0.368604070802198,-0.46807244647457946,0.0
130.164693623141,59.86697431405173,11.699999999999998,0.3687714652583998,-0.46832289026342033,6.315575347404253e-15
130.16235789134834,59.8570326066897,11.699999999999998,0.36893909716698564,-0.4685734871661745,-2.1051917824680845e-15
130.16002280114643,59.847090918657294,11.7,0.3691069613042559,-0.46882423575568366,4.210383564936169e-15
130.15768835000088,59.83714925010428,11.7,0.369275052446763,-0.469075134605881,-2.1051917824680845e-15
130.1553545353831,59.827207601180014,11.700000000000001,0.36944336537141104,-0.46932618229179063,2.1051917824680845e-15
130.15302135477046,59.817265972033496,11.699999999999998,0.36961189485555956,-0.4695773773895303,4.210383564936169e-15
130.150688805646,59.80732436281336,11.7,0.36978063567712305,-0.4698287184763116,0.0
130.14835688549886,59.79738277366785,11.700000000000001,0.36994958261467425,-0.47008020413044227,-2.1051917824680845e-15
130.14602559182373,59.78744120474484,11.699999999999998,0.3701187304475447,-0.4703318329313265,2.1051917824680845e-15
130.14369492212134,59.77749965619187,11.699999999999998,0.3702880739559252,-0.47058360345946576,-2.1051917824680845e-15
130.14136487389814,59.76755812815606,11.700000000000001,0.37045760792096954,-0.47083551429646,2.1051917824680845e-15
130.1390354446664,59.75761662078421,11.7,0.3706273271248921,-0.47108756402500873,-4.210383564936169e-15
130.13670663194426,59.747675134222696,11.7,0.37079722635107226,-0.47133975122891125,2.1051917824680845e-15
130.13437843325553,59.73773366861757,11.699999999999998,0.3709673003841528,-0.4715920744930669,2.1051917824680845e-15
130.13205084612997,59.7277922241145,11.7,0.37113754401014215,-0.4718445324034769,0.0
130.12972386810299,59.71785080085879,11.7,0.37130795201651473,-0.4720971235472433,-2.1051917824680845e-15
130.12739749671582,59.70790939899541,11.7,0.3714785191923114,-0.4723498465125702,-4.210383564936169e-15
130.12507172951544,59.69796801866882,11.699999999999998,0.37164924032824015,-0.47260269988876374,-4.210383564936169e-15
130.1227465640546,59.688026660023255,11.699999999999998,0.371820110216776,-0.4728556822662321,0.0
130.12042199789192,59.67808532320256,11.7,0.37199112365226195,-0.4731087922364858,6.315575347404253e-15
130.1180980285915,59.66814400835018,11.699999999999998,0.3721622754310099,-0.4733620283921381,4.210383564936169e-15
130.1157746537234,59.65820271560923,11.7,0.37233356035139753,-0.4736153893269036,4.210383564936169e-15
130.11345187086337,59.648261445122394,11.7,0.37250497321397236,-0.4738688736356002,8.420767129872338e-15
130.1111296775928,59.63832019703207,11.7,0.3726765088215489,-0.47412247991414613,0.0
130.10880807149888,59.62837897148022,11.699999999999998,0.37284816197930915,-0.4743762067595623,2.1051917824680845e-15
130.10648705017448,59.618437768608466,11.699999999999998,0.3730199274949018,-0.47463005276996983,2.1051917824680845e-15
130.10416661121815,59.60849658855807,11.7,0.3731918001785425,-0.47488401654459067,2.1051917824680845e-15
130.10184675223414,59.59855543146995,11.699999999999998,0.373363774843113,-0.4751380966837469,0.0
130.0995274708324,59.5886142974846,11.7,0.37353584630425896,-0.47539229178885944,4.210383564936169e-15
130.0972087646286,59.578673186742186,11.7,0.373708009380491,-0.4756466004624482,-6.315575347404253e-15
130.09489063124397,59.56873209938251,11.7,0.37388025889328236,-0.47590102130813083,-2.1051917824680845e-15
130.0925730683055,59.55879103554499,11.7,0.37405258966716864,-0.4761555529306213,6.315575347404253e-15
130.09025607344586,59.54884999536876,11.699999999999998,0.3742249965298451,-0.4764101939357302,0.0
130.08793964430322,59.538908978992424,11.699999999999998,0.3743974743122662,-0.4766649429303625,2.1051917824680845e-15
130.08562377852155,59.528967986554335,11.7,0.3745700178487448,-0.47691979852251665,0.0
130.08330847375035,59.5190270181925,11.7,0.37474262197704844,-0.47717475932128445,-4.210383564936169e-15
130.08099372764485,59.5090860740445,11.7,0.37491528153849807,-0.47742982393684874,6.315575347404253e-15
130.07867953786578,59.49914515424759,11.7,0.3750879913780673,-0.4776849909804812,2.1051917824680845e-15
130.0763659020796,59.48920425893866,11.700000000000001,0.375260746344479,-0.4779402590645439,4.210383564936169e-15
130.0740528179583,59.47926338825423,11.700000000000001,0.37543354129030265,-0.4781956268024841,-2.1051917824680845e-15
130.0717402831795,59.46932254233043,11.7,0.37560637107205314,-0.4784510928088362,2.1051917824680845e-15
130.0694282954264,59.45938172130308,11.700000000000001,0.37577923055028667,-0.4787066556992171,-2.1051917824680845e-15
130.0671168523878,59.44944092530759,11.700000000000001,0.37595211458969924,-0.4789623140903269,0.0
130.06480595175807,59.43950015447904,11.7,0.3761250180592229,-0.47921806659994576,4.210383564936169e-15
130.0624955912371,59.42955940895214,11.7,0.3762979358321231,-0.47947391184693183,2.1051917824680845e-15
130.0601857685305,59.419618688861206,11.699999999999998,0.37647086278609443,-0.47972984845122113,0.0
130.0578764813492,59.40967799434025,11.700000000000001,0.3766437938033582,-0.4799858750338236,4.210383564936169e-15
130.05556772740988,59.39973732552287,11.700000000000001,0.3768167237707595,-0.4802419902168221,-2.1051917824680845e-15
130.05325950443472,59.38979668254234,11.7,0.37698964757986037,-0.48049819262337057,2.1051917824680845e-15
130.0509518101513,59.37985606553156,11.7,0.37716256012703986,-0.4807544808776904,0.0
130.048644642293,59.36991547462311,11.700000000000001,0.37733545631358656,-0.4810108536050708,4.210383564936169e-15
130.0463379985984,59.35997490994907,11.700000000000001,0.37750833104579684,-0.4812673094318632,0.0
130.04403187681183,59.35003437164131,11.700000000000001,0.3776811792350684,-0.4815238469854821,-4.210383564936169e-15
130.04172627468301,59.34009385983126,11.7,0.37785399579799633,-0.48178046489440074,0.0
130.03942118996724,59.330153374650045,11.700000000000001,0.37802677565646914,-0.48203716178814876,0.0
130.03711662042522,59.3202129162284,11.700000000000001,0.3781995137377626,-0.4822939362973109,-4.210383564936169e-15
130.03481256382327,59.3102724846967,11.7,0.37837220497463464,-0.482550787053523,-4.210383564936169e-15
130.03250901793302,59.300332080184965,11.699999999999998,0.37854484430542096,-0.4828077126894703,0.0
130.03020598053172,59.29039170282285,11.700000000000001,0.3787174266741282,-0.48306471183888355,-2.1051917824680845e-15
130.02790344940203,59.280451352739654,11.7,0.37888994703052875,-0.4833217831365388,2.1051917824680845e-15
130.02560142233202,59.270511030064334,11.700000000000001,0.3790624003302558,-0.4835789252182512,4.210383564936169e-15
130.0232998971153,59.26057073492546,11.700000000000003,0.379234781534895,-0.48383613672087467,2.1051917824680845e-15
130.02099887155083,59.250630467451266,11.700000000000001,0.37940708561208025,-0.4840934162822985,2.1051917824680845e-15
130.0186983434431,59.240690227769605,11.700000000000001,0.3795793075355858,-0.4843507625414432,0.0
130.01639831060203,59.230750016008,11.700000000000001,0.3797514422854199,-0.4846081741382587,2.1051917824680845e-15
130.01409877084282,59.22080983229362,11.700000000000001,0.37992348484791905,-0.4848656497137209,2.1051917824680845e-15
130.0117997219863,59.21086967675329,11.700000000000001,0.3800954302158382,-0.4851231879098293,4.210383564936169e-15
130.00950116185854,59.200929549513354,11.7,0.38026727338844685,-0.4853807873696012,4.210383564936169e-15
130.00720308829108,59.19098945069995,11.700000000000003,0.38043900937161873,-0.48563844673707207,6.315575347404253e-15
130.00490549912087,59.181049380438814,11.700000000000001,0.3806106331779251,-0.48589616465729013,-4.210383564936169e-15
130.0026083921902,59.17110933885528,11.700000000000001,0.38078213982672693,-0.4861539397763128,0.0
130.00031176534685,59.1611693260744,11.699999999999998,0.3809535243442667,-0.4864117707412051,-2.1051917824680845e-15
129.99801561644384,59.15122934222081,11.7,0.3811247817637599,-0.48666965620003394,-2.1051917824680845e-15
129.99571994333965,59.14128938741883,11.7,0.38129590712548617,-0.4869275948018667,0.0
129.99342474389806,59.1313494617924,11.700000000000001,0.3814668954768814,-0.48718558519676636,-6.315575347404253e-15
129.9911300159883,59.12140956546509,11.7,0.38163774187262783,-0.4874436260357887,0.0
129.98883575748482,59.11146969856017,11.699999999999998,0.38180844137474496,-0.48770171597097844,2.1051917824680845e-15
129.98654196626754,59.10152986120051,11.700000000000001,0.3819789890526807,-0.48795985365536493,0.0
129.98424864022164,59.09159005350864,11.7,0.3821493799834009,-0.48821803774296035,0.0
129.98195577723766,59.08165027560672,11.700000000000001,0.3823196092514803,-0.4884762668887538,6.315575347404253e-15
129.97966337521143,59.0717105276166,11.7,0.3824896719491913,-0.4887345397487093,4.210383564936169e-15
129.9773714320441,59.06177080965971,11.7,0.3826595631765948,-0.48899285497975997,4.210383564936169e-15
129.9750799456422,59.05183112185719,11.7,0.38282927804162875,-0.48925121123980686,6.315575347404253e-15
129.97278891391747,59.04189146432979,11.700000000000001,0.38299881166019756,-0.48950960718771264,6.315575347404253e-15
129.97049833478698,59.03195183719798,11.7,0.38316815915626196,-0.489768041483299,2.1051917824680845e-15
129.9682082061731,59.02201224058168,11.700000000000001,0.38333731566192586,-0.49002651278734244,2.1051917824680845e-15
129.96591852600346,59.01207267460065,11.7,0.38350627631752654,-0.49028501976157013,6.315575347404253e-15
129.963629292211,59.002133139374266,11.7,0.38367503627172206,-0.4905435610686555,2.1051917824680845e-15
129.96134050273392,58.99219363502149,11.700000000000001,0.38384359068157936,-0.49080213537221573,0.0
129.95905215551562,58.982254161661,11.700000000000001,0.38401193471266243,-0.491060741336805,0.0
129.95676424850484,58.97231471941104,11.7,0.3841800635391193,-0.4913193776279137,4.210383564936169e-15
129.95447677965555,58.96237530838958,11.7,0.3843479723437697,-0.4915780429119606,6.315575347404253e-15
129.9521897469269,58.95243592871422,11.7,0.3845156563181919,-0.491836735856292,2.1051917824680845e-15
129.9499031482834,58.94249658050218,11.700000000000001,0.3846831106628093,-0.4920954551291751,0.0
129.94761698169464,58.932557263870336,11.700000000000001,0.38485033058697793,-0.49235419939979524,2.1051917824680845e-15
