galstreams/tracks/track.st.NGC5466.ibata2024.ecsv
# %ECSV 1.0
# ---
# datatype:
# - {name: ra, unit: deg, datatype: float64}
# - {name: dec, unit: deg, datatype: float64}
# - {name: distance, unit: kpc, datatype: float64}
# - {name: pm_ra_cosdec, unit: mas / yr, datatype: float64}
# - {name: pm_dec, unit: mas / yr, datatype: float64}
# - {name: radial_velocity, unit: km / s, datatype: float64}
# delimiter: ','
# meta: !!omap
# - __serialized_columns__:
#     dec:
#       __class__: astropy.coordinates.angles.Latitude
#       unit: &id001 !astropy.units.Unit {unit: deg}
#       value: !astropy.table.SerializedColumn {name: dec}
#     distance:
#       __class__: astropy.coordinates.distances.Distance
#       unit: !astropy.units.Unit {unit: kpc}
#       value: !astropy.table.SerializedColumn {name: distance}
#     pm_dec:
#       __class__: astropy.units.quantity.Quantity
#       unit: !astropy.units.Unit {unit: mas / yr}
#       value: !astropy.table.SerializedColumn {name: pm_dec}
#     pm_ra_cosdec:
#       __class__: astropy.units.quantity.Quantity
#       unit: !astropy.units.Unit {unit: mas / yr}
#       value: !astropy.table.SerializedColumn {name: pm_ra_cosdec}
#     ra:
#       __class__: astropy.coordinates.angles.Longitude
#       unit: *id001
#       value: !astropy.table.SerializedColumn {name: ra}
#       wrap_angle: !astropy.coordinates.Angle
#         unit: *id001
#         value: 360.0
#     radial_velocity:
#       __class__: astropy.units.quantity.Quantity
#       unit: !astropy.units.Unit {unit: km / s}
#       value: !astropy.table.SerializedColumn {name: radial_velocity}
# schema: astropy-2.0
ra,dec,distance,pm_ra_cosdec,pm_dec,radial_velocity
[from data line 707]
210.22501243984587,29.13386683075645,0.999999999999999,-5.142999303137277,-0.8416127712962789,59.519846232134746
210.23476155445286,29.12862562333604,0.9999999999999991,-5.144335865751843,-0.8411582624751581,59.52377311553163
210.24450943593035,29.123383370540964,0.999999999999999,-5.1456724096405,-0.840703564213098,59.52798315035586
210.25425608565595,29.11814007443255,0.9999999999999992,-5.1470089339830345,-0.8402486767675299,59.53247556233081
210.26400150500785,29.11289573707167,0.999999999999999,-5.148345437959304,-0.8397936003960957,59.53724957717986
210.2737456953647,29.107650360518868,0.999999999999999,-5.1496819207492806,-0.8393383353566506,59.5423044206264
210.2834886581059,29.102403946834183,0.999999999999999,-5.151018381533001,-0.8388828819072529,59.54763931839382
210.2932303946113,29.097156498077258,0.9999999999999991,-5.152354819490615,-0.8384272403061725,59.55325349620554
210.30297090626127,29.091908016307336,0.999999999999999,-5.153691233802324,-0.8379714108119005,59.55914617978489
210.31271019443696,29.08665850358321,0.9999999999999991,-5.155027623648456,-0.8375153936831188,59.5653165948553
210.32244826051976,29.08140796196334,0.9999999999999991,-5.156363988209401,-0.8370591891787393,59.571763967140114
210.33218510589188,29.07615639350567,0.9999999999999991,-5.157700326665648,-0.8366027975578696,59.57848752236274
210.341920731936,29.070903800267793,0.999999999999999,-5.159036638197766,-0.8361462190798319,59.58548648624659
210.35165514003535,29.065650184306826,0.9999999999999991,-5.160372921986418,-0.8356894540041555,59.59276008451502
210.36138833157383,29.06039554767951,0.9999999999999991,-5.161709177212355,-0.8352325025905811,59.600307542891436
210.37112030793568,29.05513989244221,0.9999999999999991,-5.163045403056411,-0.834775365099059,59.6081280870992
210.38085107050588,29.049883220650806,0.9999999999999992,-5.164381598699508,-0.83431804178975,59.61622094286171
210.3905806206699,29.044625534360787,0.9999999999999991,-5.16571776332266,-0.8338605329230191,59.62458533590234
210.4003089598138,29.039366835627227,0.9999999999999991,-5.167053896106968,-0.8334028387594428,59.63322049194451
210.41003608932422,29.03410712650475,0.9999999999999991,-5.168389996233613,-0.8329449595598026,59.64212563671158
210.41976201058822,29.028846409047677,0.9999999999999991,-5.169726062883869,-0.8324868955850997,59.651299995926955
210.4294867249935,29.023584685309785,0.999999999999999,-5.171062095239093,-0.8320286470965286,59.66074279531398
210.43921023392838,29.0183219573445,0.9999999999999991,-5.17239809248074,-0.8315702143555042,59.67045326059611
210.44893253878163,29.01305822720482,0.9999999999999991,-5.17373405379034,-0.8311115976236447,59.68043061749668
210.45865364094269,29.007793496943293,0.999999999999999,-5.1750699783495175,-0.8306527971627702,59.69067409173907
210.46837354180136,29.00252776861215,0.999999999999999,-5.17640586533998,-0.8301938132349225,59.70118290904669
210.47809224274815,28.997261044263116,0.9999999999999991,-5.177741713943526,-0.8297346461023389,59.71195629514293
210.48780974517408,28.99199332594754,0.9999999999999993,-5.179077523342032,-0.8292752960274727,59.72299347575117
210.49752605047067,28.986724615716344,0.9999999999999991,-5.180413292717475,-0.8288157632729822,59.734293676594795
210.50724116003016,28.98145491562,0.999999999999999,-5.1817490212519175,-0.8283560481017238,59.74585612339718
210.516955075245,28.976184227708668,0.9999999999999991,-5.183084708127483,-0.8278961507767804,59.757680041881734
210.52666779750854,28.97091255403202,0.9999999999999991,-5.1844203525264225,-0.827436071561424,59.76976465777184
210.53637932821445,28.9656398966393,0.999999999999999,-5.185755953631043,-0.8269758107191443,59.78210919679087
210.54608966875708,28.960366257579373,0.999999999999999,-5.187091510623756,-0.8265153685136308,59.794712884662204
210.55579882053127,28.95509163890066,0.9999999999999991,-5.188427022687042,-0.8260547452087854,59.80757494710926
210.56550678493227,28.949816042651243,0.9999999999999992,-5.189762489003482,-0.8255939410687176,59.82069460985541
210.5752135633561,28.944539470878713,0.999999999999999,-5.191097908755749,-0.8251329563577405,59.83407109862402
210.58491915719924,28.939261925630262,0.9999999999999991,-5.192433281126587,-0.8246717913403669,59.84770363913849
210.5946235678586,28.93398340895269,0.9999999999999992,-5.19376860529883,-0.8242104462813336,59.86159145712225
210.6043267967319,28.928703922892346,0.9999999999999993,-5.1951038804554095,-0.82374892144556,59.87573377829859
210.61402884521695,28.923423469495237,0.9999999999999991,-5.196439105779328,-0.8232872170981942,59.89012982839098
210.62372971471257,28.918142050806914,0.9999999999999991,-5.197774280453687,-0.8228253335045803,59.90477883312278
210.6334294066178,28.912859668872485,0.9999999999999991,-5.19910940366167,-0.822363270930266,59.91968001821737
210.64312792233238,28.907576325736684,0.9999999999999992,-5.200444474586539,-0.8219010296410039,59.934832609398164
210.6528252632566,28.9022920234438,0.9999999999999992,-5.201779492411656,-0.8214386099027591,59.950235832388515
210.66252143079106,28.897006764037798,0.9999999999999992,-5.20311445632046,-0.8209760119817018,59.965888912911794
210.67221642633717,28.891720549562127,0.9999999999999992,-5.204449365496485,-0.8205132361441985,59.98179107669144
210.68191025129673,28.886433382059863,0.9999999999999991,-5.205784219123336,-0.8200502826568288,59.99794154945082
210.69160290707205,28.88114526357369,0.9999999999999993,-5.2071190163847145,-0.8195871517863749,60.0143395569133
210.70129439506613,28.87585619614581,0.9999999999999993,-5.20845375646441,-0.819123843799825,60.030984324802304
210.7109847166823,28.870566181818134,0.9999999999999991,-5.209788438546298,-0.8186603589643715,60.047875078841145
210.7206738733245,28.86527522263207,0.9999999999999992,-5.2111230618143285,-0.8181966975474149,60.065011044753305
210.73036186639723,28.85998332062863,0.9999999999999991,-5.212457625452546,-0.817732859816557,60.08239144826213
210.74004869730553,28.85469047784842,0.9999999999999992,-5.2137921286450855,-0.8172688460395978,60.100015515090995
210.74973436745498,28.8493966963316,0.9999999999999992,-5.21512657057616,-0.8168046564845515,60.11788247096327
210.7594188782515,28.844101978118037,0.9999999999999992,-5.21646095043007,-0.8163402914196363,60.135991541602394
210.76910223110175,28.838806325247052,0.9999999999999993,-5.217795267391206,-0.8158757511132677,60.15434195273169
210.77878442741286,28.833509739757627,0.9999999999999991,-5.219129520644038,-0.8154110358340727,60.172932930074616
210.78846546859245,28.828212223688315,0.9999999999999992,-5.220463709373123,-0.8149461458508798,60.19176369935449
210.79814535604874,28.82291377907722,0.9999999999999991,-5.221797832763105,-0.8144810814327155,60.21083348629476
210.80782409119027,28.81761440796213,0.9999999999999992,-5.223131889998716,-0.8140158428488151,60.23014151661879
210.8175016754264,28.81231411238035,0.9999999999999991,-5.224465880264774,-0.8135504303686218,60.24968701604991
210.82717811016676,28.807012894368796,0.9999999999999992,-5.225799802746175,-0.8130848442617786,60.26946921031159
210.83685339682162,28.801710755963953,0.9999999999999992,-5.227133656627902,-0.8126190847981247,60.28948732512718
210.84652753680183,28.796407699201893,0.9999999999999992,-5.2284674410950345,-0.8121531522477108,60.309740586220066
210.85620053151854,28.791103726118365,0.9999999999999993,-5.229801155332722,-0.8116870468807935,60.330228219313646
210.86587238238366,28.7857988387486,0.9999999999999992,-5.231134798526218,-0.8112207689678224,60.350949450131274
210.87554309080943,28.78049303912747,0.9999999999999992,-5.232468369860833,-0.810754318779459,60.3719035043964
210.88521265820876,28.775186329289426,0.9999999999999991,-5.233801868521988,-0.8102876965865642,60.39308960783232
210.89488108599502,28.76987871126848,0.9999999999999991,-5.235135293695183,-0.8098209026601948,60.4145069861625
210.90454837558198,28.764570187098332,0.9999999999999992,-5.236468644565997,-0.8093539372716254,60.43615486511029
210.91421452838412,28.75926075881218,0.9999999999999991,-5.237801920320107,-0.8088868006923224,60.45803247039909
210.92387954581628,28.75395042844284,0.9999999999999991,-5.2391351201432546,-0.8084194931939539,60.48013902775228
210.93354342929388,28.748639198022715,0.9999999999999992,-5.240468243221279,-0.8079520150483948,60.50247376289326
210.94320618023295,28.74332706958378,0.9999999999999992,-5.241801288740107,-0.8074843665277163,60.525035901545394
210.95286780004975,28.73801404515769,0.9999999999999991,-5.243134255885746,-0.8070165479041993,60.547824669432046
210.96252829016132,28.7327001267756,0.9999999999999992,-5.24446714384429,-0.8065485594503246,60.57083929227669
210.9721876519851,28.727385316468286,0.9999999999999992,-5.245799951801916,-0.8060804014387708,60.59407899580261
210.98184588693908,28.7220696162661,0.9999999999999993,-5.247132678944882,-0.805612074142422,60.61754300573325
210.99150299644174,28.716753028198987,0.9999999999999992,-5.248465324459545,-0.8051435778343556,60.641230547792006
211.00115898191197,28.711435554296557,0.9999999999999991,-5.249797887532321,-0.8046749127878705,60.665140847702226
211.01081384476933,28.706117196587915,0.9999999999999991,-5.251130367349742,-0.8042060792764403,60.68927313118731
211.0204675864338,28.700797957101802,0.9999999999999991,-5.252462763098401,-0.8037370775737624,60.713626623970676
211.03012020832585,28.695477837866548,0.9999999999999992,-5.253795073964987,-0.803267907953721,60.73820055177568
211.03977171186662,28.690156840910042,0.9999999999999991,-5.255127299136271,-0.8027985706904088,60.76299414032569
211.04942209847744,28.684834968259857,0.9999999999999991,-5.256459437799108,-0.802329066058113,60.78800661534411
211.05907136958038,28.67951222194307,0.9999999999999992,-5.257791489140432,-0.8018593943313324,60.81323720255434
211.06871952659793,28.674188603986387,0.9999999999999992,-5.259123452347268,-0.8013895557847563,60.83868512767978
211.07836657095314,28.668864116416085,0.9999999999999992,-5.260455326606725,-0.8009195506932771,60.864349616443775
211.08801250406958,28.66353876125804,0.9999999999999992,-5.2617871111060035,-0.8004493793319876,60.89022989456975
211.09765732737114,28.65821254053777,0.9999999999999991,-5.263118805032368,-0.799979041976183,60.91632518778105
211.1073010422824,28.65288545628034,0.9999999999999992,-5.264450407573187,-0.7995085389013621,60.942634721801106
211.11694365022834,28.6475575105104,0.9999999999999993,-5.265781917915901,-0.799037870383212,60.96915772235325
211.1265851526345,28.642228705252215,0.9999999999999993,-5.267113335248039,-0.7985670366976354,60.995893415160936
211.13622555092695,28.636899042529613,0.9999999999999992,-5.268444658757229,-0.79809603812072,61.02284102594749
211.14586484653205,28.6315685243661,0.9999999999999993,-5.269775887631148,-0.797624874928764,61.04999978043633
211.15550304087688,28.62623715278468,0.9999999999999993,-5.271107021057582,-0.7971535473982581,61.07736890435085
211.1651401353889,28.620904929807995,0.9999999999999994,-5.272438058224404,-0.7966820558058973,61.10494762341442
211.17477613149615,28.615571857458296,0.9999999999999991,-5.273768998319563,-0.796210400428583,61.13273516335039
211.18441103062713,28.610237937757347,0.9999999999999993,-5.275099840531093,-0.7957385815433913,61.16073074988223
211.19404483421067,28.60490317272664,0.9999999999999992,-5.276430584047098,-0.7952665994276256,61.188933608733265
211.20367754367635,28.599567564387172,0.9999999999999993,-5.277761228055797,-0.7947944543587786,61.217342965626905
211.21330916045412,28.594231114759534,0.9999999999999992,-5.279091771745467,-0.7943221466145332,61.24595804628653
211.22293968597447,28.588893825863902,0.9999999999999993,-5.280422214304477,-0.7938496764727772,61.27477807643553
211.2325691216682,28.58355569972015,0.9999999999999992,-5.2817525549212805,-0.793377044211609,61.303802281797246
211.24219746896682,28.57821673834764,0.9999999999999992,-5.283082792784411,-0.7929042501093067,61.33302988809517
211.2518247293022,28.572876943765348,0.9999999999999993,-5.284412927082485,-0.7924312944443583,61.3624601210526
211.26145090410682,28.567536317991877,0.9999999999999993,-5.285742957004217,-0.7919581774954496,61.392092206392945
211.2710759948135,28.562194863045402,0.9999999999999993,-5.287072881738382,-0.7914848995414641,61.42192536983959
211.2807000028557,28.556852580943673,0.9999999999999993,-5.288402700473864,-0.7910114608614718,61.45195883711592
211.29032292966713,28.551509473704115,0.9999999999999993,-5.289732412399607,-0.790537861734764,61.48219183394536
211.29994477668222,28.54616554334368,0.9999999999999994,-5.291062016704647,-0.7900641024408142,61.51262358605124
211.30956554533583,28.54082079187892,0.9999999999999993,-5.292391512578109,-0.7895901832592971,61.54325331915699
211.31918523706324,28.535475221325978,0.9999999999999993,-5.293720899209195,-0.7891161044700805,61.57408025898595
211.3288038533002,28.53012883370067,0.9999999999999992,-5.295050175787193,-0.7886418663532462,61.60510363126154
211.33842139548304,28.524781631018318,0.9999999999999992,-5.2963793415014795,-0.7881674691890526,61.636322661707126
211.3480378650485,28.51943361529388,0.9999999999999993,-5.297708395541501,-0.787692913257974,61.66773657604613
211.35765326343378,28.514084788541894,0.9999999999999994,-5.299037337096796,-0.7872181988406668,61.699344600001915
211.36726759207667,28.508735152776485,0.9999999999999994,-5.300366165356984,-0.786743326217997,61.731145959297855
211.37688085241527,28.503384710011446,0.9999999999999993,-5.301694879511768,-0.7862682956710216,61.763139879657366
211.38649304588833,28.498033462260093,0.9999999999999994,-5.3030234787509425,-0.7857931074809983,61.7953255868038
211.39610417393493,28.49268141153537,0.9999999999999992,-5.304351962264363,-0.7853177619293801,61.82770230646059
211.40571423799477,28.48732855984979,0.9999999999999993,-5.305680329241994,-0.7848422592978128,61.86026926435107
211.41532323950796,28.481974909215477,0.9999999999999993,-5.307008578873868,-0.7843665998681413,61.893025686198676
211.42493117991498,28.476620461644213,0.9999999999999992,-5.308336710350098,-0.783890783922419,61.925970797726734
211.43453806065693,28.471265219147295,0.9999999999999992,-5.309664722860891,-0.7834148117428832,61.95910382465869
211.44414388317531,28.465909183735643,0.9999999999999993,-5.310992615596523,-0.782938683611965,61.992423992717924
211.45374864891218,28.46055235741979,0.9999999999999992,-5.312320387747365,-0.7824623998123039,62.025930527627764
211.46335235931002,28.455194742209823,0.9999999999999991,-5.313648038503878,-0.781985960626721,62.05962265511167
211.4729550158117,28.449836340115514,0.9999999999999993,-5.314975567056575,-0.7815093663382511,62.09349960089299
211.48255661986065,28.444477153146178,0.9999999999999993,-5.3163029725960875,-0.7810326172301174,62.12756059069512
211.49215717290073,28.4391171833107,0.9999999999999993,-5.317630254313096,-0.7805557135857342,62.16180485024145
211.50175667637637,28.433756432617614,0.9999999999999993,-5.318957411398397,-0.7800786556887171,62.19623160525533
211.51135513173242,28.428394903075,0.9999999999999993,-5.320284443042844,-0.7796014438228704,62.230840081460194
211.520952540414,28.42303259669064,0.9999999999999993,-5.32161134843738,-0.7791240782722149,62.26562950457941
211.53054890386701,28.417669515471797,0.9999999999999993,-5.322938126773045,-0.7786465593209364,62.30059910033636
211.5401442235376,28.41230566142541,0.9999999999999993,-5.324264777240936,-0.7781688872534449,62.335748094454466
211.54973850087254,28.406941036557967,0.9999999999999993,-5.325591299032251,-0.7776910623543287,62.37107571265703
211.55933173731896,28.40157564287556,0.9999999999999993,-5.326917691338264,-0.7772130849083716,62.40658118066754
211.5689239343244,28.396209482383963,0.9999999999999994,-5.3282439533503325,-0.7767349552005642,62.442263724209305
