galstreams/tracks/track.st.Cetus-Palca.thomas2021.ecsv
# %ECSV 1.0
# ---
# datatype:
# - {name: ra, unit: deg, datatype: float64}
# - {name: dec, unit: deg, datatype: float64}
# - {name: distance, unit: kpc, datatype: float64}
# - {name: pm_ra_cosdec, unit: mas / yr, datatype: float64}
# - {name: pm_dec, unit: mas / yr, datatype: float64}
# - {name: radial_velocity, unit: km / s, datatype: float64}
# delimiter: ','
# meta: !!omap
# - __serialized_columns__:
#     dec:
#       __class__: astropy.coordinates.angles.Latitude
#       unit: &id001 !astropy.units.Unit {unit: deg}
#       value: !astropy.table.SerializedColumn {name: dec}
#     distance:
#       __class__: astropy.coordinates.distances.Distance
#       unit: !astropy.units.Unit {unit: kpc}
#       value: !astropy.table.SerializedColumn {name: distance}
#     pm_dec:
#       __class__: astropy.units.quantity.Quantity
#       unit: !astropy.units.Unit {unit: mas / yr}
#       value: !astropy.table.SerializedColumn {name: pm_dec}
#     pm_ra_cosdec:
#       __class__: astropy.units.quantity.Quantity
#       unit: !astropy.units.Unit {unit: mas / yr}
#       value: !astropy.table.SerializedColumn {name: pm_ra_cosdec}
#     ra:
#       __class__: astropy.coordinates.angles.Longitude
#       unit: *id001
#       value: !astropy.table.SerializedColumn {name: ra}
#       wrap_angle: !astropy.coordinates.Angle
#         unit: *id001
#         value: 360.0
#     radial_velocity:
#       __class__: astropy.units.quantity.Quantity
#       unit: !astropy.units.Unit {unit: km / s}
#       value: !astropy.table.SerializedColumn {name: radial_velocity}
# schema: astropy-2.0
ra,dec,distance,pm_ra_cosdec,pm_dec,radial_velocity
[from data line 5046]
25.022105561433882,-18.064187150538526,34.20565617237605,0.771381072299939,-0.5680428369087699,1.2631150694808506e-14
25.02449560370646,-18.07361177902538,34.20614492913084,0.7714361305194466,-0.5680164527714746,-4.210383564936169e-15
25.02688577868957,-18.083036421263813,34.20663341304363,0.7714912106188048,-0.567990005089827,8.420767129872338e-15
25.029276086487698,-18.092461077268734,34.20712162419736,0.7715463125929652,-0.5679634938705879,0.0
25.031666527205374,-18.101885747055,34.20760956267501,0.771601436436874,-0.5679369191205157,2.1051917824680846e-14
25.03405710094716,-18.111310430637527,34.20809722855953,0.7716565821454756,-0.5679102808463654,8.420767129872338e-15
25.03644780781767,-18.120735128031157,34.208584621933845,0.7717117497137099,-0.5678835790548903,-4.210383564936169e-15
25.038838647921544,-18.130159839250766,34.20907174288094,0.771766939136513,-0.5678568137528403,2.1051917824680846e-14
25.04122962136347,-18.139584564311182,34.20955859148375,0.7718221504088171,-0.5678299849469616,3.368306851948935e-14
25.04362072824818,-18.14900930322724,34.21004516782522,0.7718773835255518,-0.5678030926439992,8.420767129872338e-15
25.046011968680432,-18.15843405601377,34.21053147198833,0.7719326384816416,-0.5677761368506941,1.6841534259744676e-14
25.048403342765035,-18.167858822685595,34.21101750405602,0.7719879152720084,-0.5677491175737852,4.210383564936169e-15
25.050794850606835,-18.17728360325747,34.21150326411123,0.7720432138915702,-0.5677220348200074,4.210383564936169e-15
25.05318649231072,-18.186708397744226,34.21198875223694,0.77209853433524,-0.5676948885960946,3.789345208442552e-14
25.055578267981602,-18.19613320616061,34.212473968516065,0.7721538765979301,-0.567667678908776,0.0
25.057970177724474,-18.205558028521402,34.21295891303159,0.7722092406745458,-0.5676404057647793,1.2631150694808506e-14
25.060362221644308,-18.214982864841353,34.21344358586646,0.7722646265599905,-0.5676130691708285,4.210383564936169e-15
25.062754399846167,-18.224407715135197,34.213927987103624,0.7723200342491635,-0.5675856691336456,3.368306851948935e-14
25.06514671243513,-18.233832579417655,34.21441211682604,0.7723754637369606,-0.5675582056599487,1.2631150694808506e-14
25.06753915951633,-18.24325745770346,34.214895975116654,0.7724309150182738,-0.5675306787564544,4.210383564936169e-15
25.06993174119492,-18.252682350007316,34.21537956205842,0.7724863880879911,-0.5675030884298754,1.6841534259744676e-14
25.0723244575761,-18.262107256343903,34.215862877734295,0.7725418829409975,-0.567475434686922,4.210383564936169e-15
25.074717308765145,-18.27153217672793,34.21634592222723,0.7725973995721737,-0.5674477175343011,4.210383564936169e-15
25.07711029486731,-18.280957111174054,34.21682869562018,0.7726529379763964,-0.5674199369787181,4.210383564936169e-15
25.079503415987926,-18.290382059696928,34.21731119799609,0.7727084981485403,-0.5673920930268739,4.210383564936169e-15
25.081896672232375,-18.299807022311207,34.21779342943792,0.7727640800834745,-0.5673641856854676,3.368306851948935e-14
25.084290063706053,-18.309231999031542,34.21827539002862,0.7728196837760647,-0.5673362149611955,2.5262301389617013e-14
25.086683590514394,-18.31865698987252,34.218757079851144,0.7728753092211741,-0.5673081808607506,1.6841534259744676e-14
25.089077252762884,-18.328081994848795,34.219238498988446,0.7729309564136613,-0.5672800833908234,-8.420767129872338e-15
25.091471050557075,-18.33750701397495,34.219719647523476,0.7729866253483808,-0.5672519225581009,2.1051917824680846e-14
25.09386498400252,-18.346932047265582,34.220200525539205,0.7730423160201845,-0.5672236983692684,4.210383564936169e-14
25.096259053204818,-18.356357094735248,34.22068113311855,0.77309802842392,-0.5671954108310076,4.210383564936169e-15
25.098653258269618,-18.365782156398552,34.221161470344484,0.7731537625544312,-0.5671670599499969,0.0
25.101047599302625,-18.375207232270032,34.221641537299966,0.7732095184065582,-0.5671386457329132,-4.210383564936169e-15
25.103442076409557,-18.38463232236423,34.22212133406794,0.7732652959751373,-0.5671101681864296,3.789345208442552e-14
25.10583668969617,-18.394057426695685,34.22260086073136,0.7733210952550028,-0.5670816273172167,2.5262301389617013e-14
25.108231439268287,-18.4034825452789,34.223080117373186,0.7733769162409825,-0.5670530231319415,0.0
25.110626325231774,-18.41290767812842,34.22355910407635,0.7734327589279022,-0.5670243556372694,2.947268495455318e-14
25.113021347692484,-18.42233282525871,34.22403782092385,0.7734886233105835,-0.566995624839862,1.6841534259744676e-14
25.115416506756382,-18.431757986684254,34.22451626799859,0.7735445093838451,-0.5669668307463783,-4.210383564936169e-15
25.117811802529435,-18.441183162419563,34.22499444538353,0.7736004171425013,-0.566937973363475,8.420767129872338e-15
25.120207235117636,-18.450608352479076,34.22547235316165,0.7736563465813625,-0.5669090526978053,2.1051917824680846e-14
25.12260280462706,-18.460033556877242,34.22594999141588,0.7737122976952356,-0.5668800687560195,3.368306851948935e-14
25.124998511163792,-18.469458775628492,34.22642736022918,0.7737682704789247,-0.5668510215447655,-1.2631150694808506e-14
25.12739435483397,-18.478884008747297,34.226904459684505,0.7738242649272287,-0.5668219110706884,3.789345208442552e-14
25.129790335743767,-18.488309256248034,34.22738128986481,0.7738802810349438,-0.5667927373404295,0.0
25.132186453999406,-18.497734518145112,34.22785785085304,0.7739363187968615,-0.5667635003606283,4.210383564936169e-15
25.13458270970715,-18.50715979445295,34.22833414273216,0.7739923782077714,-0.5667342001379214,2.1051917824680846e-14
25.136979102973267,-18.516585085185902,34.2288101655851,0.7740484592624582,-0.5667048366789418,-8.420767129872338e-15
25.139375633904134,-18.526010390358348,34.229285919494835,0.7741045619557025,-0.5666754099903207,1.2631150694808506e-14
25.141772302606118,-18.535435709984657,34.22976140454431,0.7741606862822821,-0.5666459200786854,1.6841534259744676e-14
25.14416910918564,-18.54486104407916,34.23023662081648,0.7742168322369709,-0.566616366950661,8.420767129872338e-15
25.146566053749165,-18.554286392656206,34.23071156839429,0.7742729998145381,-0.5665867506128691,0.0
25.14896313640319,-18.563711755730125,34.2311862473607,0.7743291890097515,-0.5665570710719293,1.6841534259744676e-14
25.151360357254266,-18.573137133315196,34.23166065779866,0.7743853998173724,-0.566527328334458,-1.2631150694808506e-14
25.15375771640898,-18.58256252542575,34.23213479979113,0.7744416322321603,-0.5664975224070686,-4.210383564936169e-15
25.156155213973967,-18.59198793207609,34.232608673421055,0.7744978862488703,-0.5664676532963712,3.789345208442552e-14
25.158552850055884,-18.601413353280453,34.23308227877139,0.774554161862254,-0.5664377210089744,1.2631150694808506e-14
25.160950624761444,-18.610838789053126,34.233555615925084,0.7746104590670599,-0.5664077255514828,0.0
25.163348538197404,-18.620264239408368,34.2340286849651,0.7746667778580313,-0.566377666930498,2.1051917824680846e-14
25.165746590470555,-18.629689704360413,34.23450148597438,0.7747231182299087,-0.5663475451526198,2.947268495455318e-14
25.168144781687726,-18.639115183923504,34.23497401903589,0.7747794801774287,-0.5663173602244443,2.947268495455318e-14
25.170543111955794,-18.64854067811184,34.23544628423257,0.7748358636953254,-0.566287112152565,8.420767129872338e-15
25.17294158138169,-18.657966186939657,34.23591828164737,0.7748922687783272,-0.5662568009435723,1.6841534259744676e-14
25.17534019007235,-18.667391710421132,34.23639001136326,0.7749486954211601,-0.5662264266040548,2.1051917824680846e-14
25.177738938134787,-18.676817248570444,34.236861473463186,0.7750051436185459,-0.5661959891405962,1.6841534259744676e-14
25.180137825676045,-18.686242801401782,34.2373326680301,0.7750616133652029,-0.5661654885597797,2.5262301389617013e-14
25.182536852803196,-18.695668368929304,34.237803595146936,0.7751181046558461,-0.5661349248681837,4.210383564936169e-15
25.18493601962337,-18.705093951167164,34.23827425489668,0.7751746174851853,-0.5661042980723844,-4.210383564936169e-15
25.187335326243748,-18.71451954812949,34.23874464736226,0.7752311518479285,-0.5660736081789561,1.2631150694808506e-14
25.189734772771523,-18.72394515983041,34.239214772626646,0.775287707738779,-0.5660428551944684,2.1051917824680846e-14
25.19213435931394,-18.733370786284052,34.23968463077277,0.7753442851524364,-0.5660120391254899,4.210383564936169e-15
25.194534085978304,-18.742796427504484,34.24015422188361,0.7754008840835966,-0.5659811599785846,-4.210383564936169e-15
25.196933952871948,-18.752222083505856,34.2406235460421,0.7754575045269525,-0.5659502177603154,3.789345208442552e-14
25.199333960102233,-18.761647754302203,34.2410926033312,0.775514146477192,-0.5659192124772409,0.0
25.201734107776595,-18.771073439907607,34.24156139383387,0.7755708099290003,-0.5658881441359175,3.789345208442552e-14
25.204134396002477,-18.780499140336115,34.24202991763304,0.7756274948770592,-0.5658570127428982,3.789345208442552e-14
25.20653482488738,-18.789924855601782,34.24249817481169,0.7756842013160453,-0.5658258183047342,2.5262301389617013e-14
25.208935394538866,-18.799350585718653,34.242966165452756,0.7757409292406328,-0.565794560827973,3.368306851948935e-14
25.211336105064493,-18.80877633070073,34.24343388963919,0.7757976786454921,-0.5657632403191587,2.5262301389617013e-14
25.213736956571918,-18.81820209056203,34.243901347453956,0.775854449525289,-0.5657318567848341,1.2631150694808506e-14
25.216137949168782,-18.827627865316543,34.244368538980005,0.7759112418746867,-0.5657004102315379,-4.210383564936169e-15
25.21853908296281,-18.837053654978284,34.24483546430029,0.7759680556883443,-0.565668900665806,1.6841534259744676e-14
25.220940358061753,-18.8464794595612,34.24530212349775,0.7760248909609163,-0.5656373280941724,2.1051917824680846e-14
25.22334177457341,-18.855905279079263,34.24576851665535,0.7760817476870552,-0.565605692523167,2.1051917824680846e-14
25.2257433326056,-18.86533111354643,34.24623464385604,0.7761386258614086,-0.5655739939593174,2.1051917824680846e-14
25.228145032266234,-18.87475696297664,34.24670050518278,0.77619552547862,-0.5655422324091486,2.5262301389617013e-14
25.230546873663215,-18.88418282738382,34.2471661007185,0.7762524465333313,-0.5655104078791819,3.368306851948935e-14
25.23294885690449,-18.89360870678187,34.24763143054618,0.776309389020178,-0.5654785203759366,2.5262301389617013e-14
25.2353509820981,-18.903034601184743,34.248096494748765,0.7763663529337933,-0.565446569905929,1.6841534259744676e-14
25.237753249352075,-18.912460510606266,34.2485612934092,0.7764233382688069,-0.5654145564756718,0.0
25.2401556587745,-18.92188643506037,34.24902582661045,0.7764803450198444,-0.5653824800916754,8.420767129872338e-15
25.242558210473536,-18.93131237456092,34.249490094435465,0.7765373731815277,-0.5653503407604473,1.6841534259744676e-14
25.244960904557328,-18.940738329121768,34.24995409696719,0.7765944227484751,-0.5653181384884925,4.210383564936169e-15
25.247363741134112,-18.95016429875674,34.25041783428858,0.7766514937153008,-0.5652858732823121,3.368306851948935e-14
25.249766720312138,-18.959590283479702,34.25088130648257,0.7767085860766161,-0.5652535451484054,-8.420767129872338e-15
25.252169842199716,-18.969016283304455,34.251344513632155,0.7767656998270279,-0.5652211540932677,1.6841534259744676e-14
25.254573106905205,-18.978442298244843,34.251807455820256,0.7768228349611395,-0.5651887001233925,1.2631150694808506e-14
25.25697651453697,-18.987868328314626,34.25227013312984,0.7768799914735504,-0.5651561832452697,4.210383564936169e-15
25.259380065203462,-18.997294373527613,34.25273254564386,0.7769371693588569,-0.5651236034653868,2.5262301389617013e-14
25.26178375901313,-19.006720433897577,34.25319469344526,0.7769943686116512,-0.5650909607902285,-4.210383564936169e-15
25.264187596074525,-19.0161465094383,34.25365657661699,0.7770515892265217,-0.565058255226276,3.368306851948935e-14
25.26659157649618,-19.02557260016351,34.254118195242015,0.7771088311980536,-0.5650254867800073,8.420767129872338e-15
25.268995700386707,-19.034998706086956,34.25457954940328,0.7771660945208274,-0.5649926554578992,4.210383564936169e-15
25.27139996785475,-19.044424827222382,34.25504063918375,0.7772233791894214,-0.5649597612664243,2.1051917824680846e-14
25.273804379009,-19.053850963583486,34.25550146466635,0.7772806851984088,-0.5649268042120521,2.1051917824680846e-14
25.276208933958184,-19.06327711518399,34.25596202593407,0.7773380125423592,-0.5648937843012503,1.2631150694808506e-14
25.278613632811094,-19.072703282037583,34.256422323069835,0.77739536121584,-0.564860701540483,5.894536990910637e-14
25.281018475676508,-19.082129464157948,34.25688235615659,0.7774527312134127,-0.564827555936211,2.1051917824680846e-14
25.28342346266332,-19.091555661558754,34.25734212527734,0.7775101225296366,-0.5647943474948931,1.2631150694808506e-14
25.28582859388041,-19.10098187425366,34.257801630514976,0.7775675351590672,-0.5647610762229853,0.0
25.28823386943674,-19.110408102256315,34.258260871952494,0.7776249690962554,-0.5647277421269394,-8.420767129872338e-15
25.290639289441305,-19.11983434558038,34.258719849672815,0.7776824243357492,-0.5646943452132058,4.210383564936169e-15
25.293044854003124,-19.129260604239445,34.25917856375892,0.7777399008720927,-0.5646608854882313,3.368306851948935e-14
25.295450563231267,-19.138686878247135,34.259637014293745,0.7777973986998257,-0.5646273629584603,4.210383564936169e-15
25.297856417234865,-19.14811316761705,34.260095201360244,0.7778549178134855,-0.5645937776303327,8.420767129872338e-15
25.300262416123076,-19.15753947236278,34.26055312504137,0.7779124582076047,-0.5645601295102878,3.789345208442552e-14
25.3026685600051,-19.16696579249791,34.26101078542008,0.7779700198767125,-0.5645264186047603,2.5262301389617013e-14
25.3050748489902,-19.176392128035985,34.261468182579335,0.7780276028153343,-0.5644926449201835,4.210383564936169e-15
25.30748128318766,-19.185818478990594,34.26192531660208,0.7780852070179918,-0.5644588084629858,-8.420767129872338e-15
25.30988786270681,-19.19524484537525,34.262382187571255,0.7781428324792027,-0.5644249092395947,-8.420767129872338e-15
25.31229458765701,-19.204671227203505,34.26283879556983,0.778200479193482,-0.5643909472564338,1.6841534259744676e-14
25.314701458147727,-19.21409762448884,34.26329514068075,0.7782581471553405,-0.5643569225199234,-8.420767129872338e-15
25.317108474288403,-19.22352403724482,34.26375122298697,0.7783158363592844,-0.5643228350364822,0.0
25.319515636188537,-19.232950465484905,34.26420704257145,0.7783735467998165,-0.5642886848125248,3.368306851948935e-14
25.32192294395769,-19.242376909222575,34.264662599517116,0.7784312784714374,-0.564254471854464,2.5262301389617013e-14
25.32433039770547,-19.251803368471304,34.26511789390695,0.7784890313686419,-0.5642201961687082,4.210383564936169e-15
25.3267379975415,-19.26122984324457,34.2655729258239,0.7785468054859226,-0.564185857761664,-2.1051917824680846e-14
25.329145743575474,-19.270656333555813,34.266027695350914,0.7786046008177674,-0.5641514566397354,-4.210383564936169e-15
25.33155363591711,-19.28008283941846,34.266482202570955,0.7786624173586612,-0.5641169928093223,8.420767129872338e-15
25.33396167467619,-19.289509360845948,34.26693644756695,0.7787202551030848,-0.5640824662768231,2.5262301389617013e-14
25.336369859962517,-19.298935897851692,34.26739043042188,0.7787781140455156,-0.5640478770486318,1.2631150694808506e-14
25.33877819188596,-19.3083624504491,34.26784415121867,0.7788359941804264,-0.5640132251311408,3.789345208442552e-14
25.34118667055641,-19.317789018651517,34.26829761004031,0.7788938955022875,-0.5639785105307391,1.6841534259744676e-14
25.343595296083823,-19.327215602472386,34.26875080696971,0.7789518180055646,-0.5639437332538128,1.6841534259744676e-14
25.34600406857818,-19.336642201925024,34.269203742089864,0.7790097616847197,-0.5639088933067444,3.368306851948935e-14
25.348412988149523,-19.34606881702281,34.269656415483695,0.7790677265342126,-0.5638739906959148,4.210383564936169e-14
