galstreams/tracks/track.st.New-17.ibata2024.ecsv
# %ECSV 1.0
# ---
# datatype:
# - {name: ra, unit: deg, datatype: float64}
# - {name: dec, unit: deg, datatype: float64}
# - {name: distance, unit: kpc, datatype: float64}
# - {name: pm_ra_cosdec, unit: mas / yr, datatype: float64}
# - {name: pm_dec, unit: mas / yr, datatype: float64}
# - {name: radial_velocity, unit: km / s, datatype: float64}
# delimiter: ','
# meta: !!omap
# - __serialized_columns__:
#     dec:
#       __class__: astropy.coordinates.angles.Latitude
#       unit: &id001 !astropy.units.Unit {unit: deg}
#       value: !astropy.table.SerializedColumn {name: dec}
#     distance:
#       __class__: astropy.coordinates.distances.Distance
#       unit: !astropy.units.Unit {unit: kpc}
#       value: !astropy.table.SerializedColumn {name: distance}
#     pm_dec:
#       __class__: astropy.units.quantity.Quantity
#       unit: !astropy.units.Unit {unit: mas / yr}
#       value: !astropy.table.SerializedColumn {name: pm_dec}
#     pm_ra_cosdec:
#       __class__: astropy.units.quantity.Quantity
#       unit: !astropy.units.Unit {unit: mas / yr}
#       value: !astropy.table.SerializedColumn {name: pm_ra_cosdec}
#     ra:
#       __class__: astropy.coordinates.angles.Longitude
#       unit: *id001
#       value: !astropy.table.SerializedColumn {name: ra}
#       wrap_angle: !astropy.coordinates.Angle
#         unit: *id001
#         value: 360.0
#     radial_velocity:
#       __class__: astropy.units.quantity.Quantity
#       unit: !astropy.units.Unit {unit: km / s}
#       value: !astropy.table.SerializedColumn {name: radial_velocity}
# schema: astropy-2.0
ra,dec,distance,pm_ra_cosdec,pm_dec,radial_velocity
[from data line 572]
210.6201008144668,20.01128266791996,1.0,-23.126993623713517,0.4602057251863698,1000.0000000000002
210.6298710446158,20.00598292385501,1.0,-23.126587394229148,0.46213490836017,1000.0
210.63963910622275,20.000680217355637,1.0,-23.126173132283725,0.4640591540774608,1000.0000000000002
210.64940497589922,19.9953745114953,1.0,-23.125750839011104,0.46597845522569514,1000.0000000000003
210.65916863025117,19.990065769352384,1.0,-23.125320515546008,0.46789280469648986,1000.0000000000002
210.66893004587902,19.984753954010156,1.0,-23.12488216302438,0.46980219538605184,1000.0000000000001
210.6786891993775,19.97943902855681,1.0,-23.124435782582893,0.4717066201948228,1000.0000000000002
210.68844606733578,19.974120956085407,1.0,-23.123981375359236,0.4736060720277351,1000.0000000000001
210.69820062633758,19.968799699693935,1.0,-23.123518942492026,0.4755005437941122,1000.0000000000002
210.707952852961,19.963475222485222,1.0000000000000002,-23.123048485120933,0.47739002840776834,1000.0000000000002
210.71770272377856,19.95814748756701,1.0,-23.12257000438632,0.4792745187870082,1000.0000000000001
210.7274502153574,19.952816458051906,1.0,-23.122083501429657,0.48115400785449935,1000.0000000000001
210.73719530425907,19.947482097057378,1.0,-23.121588977393245,0.48302848853749936,1000.0000000000002
210.74693796703968,19.94214436770577,0.9999999999999999,-23.121086433420288,0.4848979537677991,1000.0
210.75667818024985,19.936803233124284,1.0,-23.120575870654804,0.4867623964817511,1000.0
210.76641592043478,19.931458656444974,1.0,-23.120057290241775,0.48862180962019863,1000.0000000000001
210.7761511641342,19.926110600804737,1.0,-23.11953069332702,0.4904761861285607,1000.0000000000001
210.78588388788253,19.920759029345326,1.0,-23.118996081057247,0.49232551895691756,1000.0000000000001
210.79561406820866,19.915403905213317,1.0,-23.11845345458002,0.494169801059968,1000.0000000000006
210.80534168163615,19.91004519156013,1.0,-23.11790281504362,0.49600902539698666,1000.0000000000002
210.8150667046832,19.904682851542006,0.9999999999999999,-23.11734416359728,0.497843184931952,1000.0000000000001
210.8247891138627,19.899316848320016,1.0,-23.116777501390885,0.49967227263350367,1000.0000000000003
210.8345088856821,19.893947145060046,1.0,-23.116202829575514,0.5014962814748998,1000.0000000000001
210.8442259966437,19.88857370493277,1.0,-23.1156201493027,0.503315204434287,1000.0000000000003
210.85394042324435,19.883196491113715,1.0,-23.11502946172483,0.505129034494388,1000.0000000000003
210.86365214197565,19.877815466783154,1.0,-23.114430767995145,0.5069377646427142,1000.0000000000002
210.873361129324,19.872430595126197,1.0,-23.11382406926755,0.5087413878715381,1000.0000000000001
210.8830673617705,19.867041839332714,1.0,-23.113209366696978,0.510539897177992,1000.0000000000006
210.89277081579098,19.861649162597374,1.0,-23.11258666143867,0.5123332855639404,1000.0000000000001
210.90247146785615,19.856252528119626,1.0,-23.111955954649048,0.5141215460360655,1000.0000000000002
210.9121692944315,19.850851899103667,1.0,-23.111317247485204,0.515904671606009,1000.0000000000002
210.92186427197726,19.845447238758496,1.0,-23.110670541104597,0.5176826552901446,1000.0
210.93155637694858,19.840038510297845,0.9999999999999999,-23.110015836665838,0.5194554901097916,1000.0000000000001
210.94124558579546,19.834625676940192,1.0,-23.10935313532802,0.5212231690912432,1000.0000000000003
210.9509318749627,19.829208701908808,1.0,-23.108682438250938,0.5229856852655388,1000.0000000000002
210.96061522089016,19.82378754843165,1.0,-23.108003746595358,0.5247430316688906,1000.0000000000002
210.97029560001238,19.81836217974146,0.9999999999999999,-23.107317061522224,0.5264952013422288,1000.0000000000003
210.97997298875902,19.812932559075684,0.9999999999999999,-23.106622384193585,0.5282421873316991,1000.0000000000001
210.98964736355455,19.807498649676496,1.0,-23.105919715771932,0.5299839826883357,1000.0000000000003
210.99931870081855,19.802060414790795,1.0,-23.105209057420595,0.5317205804682459,1000.0000000000001
211.0089869769654,19.796617817670192,1.0,-23.104490410303313,0.5334519737324115,1000.0000000000002
211.0186521684046,19.791170821571,0.9999999999999999,-23.103763775584625,0.5351781555471149,1000.0000000000001
211.02831425154068,19.785719389754234,1.0,-23.103029154429592,0.5368991189837118,999.9999999999999
211.03797320277314,19.78026348548561,1.0,-23.102286548004088,0.538614857118418,1000.0000000000001
211.04762899849652,19.774803072035528,1.0,-23.10153595747424,0.5403253630328066,1000.0000000000002
211.05728161510055,19.769338112679065,1.0,-23.10077738400723,0.5420306298135102,1000.0000000000003
211.06693102896998,19.763868570695987,1.0,-23.10001082877048,0.5437306505523765,1000.0000000000003
211.0765772164846,19.758394409370723,1.0000000000000002,-23.099236292932062,0.5454254183462979,1000.0000000000002
211.0862201540194,19.752915591992355,1.0000000000000002,-23.09845377766061,0.547114926297624,1000.0000000000002
211.09585981794456,19.747432081854637,1.0000000000000002,-23.09766328412549,0.5487991675136357,1000.0000000000001
211.1054961846254,19.741943842255974,1.0000000000000004,-23.096864813496538,0.5504781351071131,1000.0000000000001
211.11512923042233,19.736450836499415,1.0000000000000002,-23.096058366943822,0.5521518221959241,1000.0000000000006
211.12475893169113,19.73095302789264,1.0000000000000002,-23.095243945638515,0.5538202219033224,1000.0000000000002
211.13438526478268,19.72545037974795,1.0000000000000002,-23.094421550751818,0.5554833273578907,1000.0000000000002
211.14400820604314,19.719942855382307,1.0000000000000002,-23.0935911834556,0.5571411316934274,1000.0000000000006
211.15362773181397,19.714430418117278,1.0000000000000002,-23.0927528449224,0.558793628049159,1000.0000000000002
211.16324381843185,19.70891303127901,1.0000000000000002,-23.091906536325027,0.560440809569684,1000.0000000000003
211.17285644222878,19.703390658198302,1.0,-23.091052258836868,0.5620826694050152,1000.0000000000002
211.18246557953213,19.69786326221053,1.0000000000000002,-23.09019001363177,0.5637192007104233,1000.0000000000002
211.1920712066646,19.69233080665566,1.0000000000000004,-23.089319801884088,0.5653503966468776,1000.0000000000006
211.20167329994416,19.686793254878264,1.0000000000000002,-23.088441624768564,0.566976250380506,1000.0000000000003
211.21127183568427,19.681250570227476,1.0000000000000002,-23.087555483460406,0.568596755083135,1000.0000000000002
211.22086679019378,19.675702716057003,1.0000000000000002,-23.086661379135307,0.5702119039319911,1000.0000000000002
211.2304581397769,19.670149655725126,1.0000000000000002,-23.085759312969387,0.5718216901098288,1000.0000000000002
211.24004586073332,19.664591352594684,1.0000000000000004,-23.084849286139047,0.5734261068049591,1000.0000000000006
211.2496299293582,19.65902777003307,1.0000000000000002,-23.083931299821316,0.5750251472111785,1000.0000000000006
211.25921032194216,19.653458871412226,1.0000000000000002,-23.083005355193436,0.5766188045279392,1000.0000000000002
211.26878701477133,19.64788462010862,1.0000000000000002,-23.082071453432974,0.5782070719602928,1000.0000000000002
211.2783599841274,19.642304979503262,1.0000000000000002,-23.081129595718238,0.5797899427189321,1000.0000000000001
211.28792920628754,19.636719912981697,1.0000000000000002,-23.080179783227592,0.5813674100200359,1000.0000000000003
211.2974946575245,19.63112938393397,1.0000000000000002,-23.079222017139813,0.58293946708568,1000.0000000000002
211.3070563141067,19.625533355754666,1.0000000000000002,-23.078256298634102,0.5845061071433832,1000.0000000000006
211.31661415229803,19.619931791842838,1.0000000000000002,-23.077282628889918,0.5860673234266045,1000.0000000000003
211.32616814835808,19.614324655602058,1.0000000000000002,-23.076301009087132,0.5876231091743591,1000.0000000000003
211.33571827854206,19.608711910440395,1.0000000000000002,-23.075311440405798,0.5891734576315315,1000.0000000000002
211.3452645191009,19.60309351977039,1.0000000000000002,-23.07431392402644,0.5907183620486336,1000.0000000000006
211.3548068462812,19.59746944700907,1.0000000000000002,-23.073308461129827,0.5922578156821174,1000.0000000000002
211.36434523632522,19.591839655577918,1.0,-23.072295052896976,0.5937918117942189,1000.0000000000001
211.37387966547104,19.58620410890289,1.0000000000000002,-23.071273700509423,0.5953203436528725,1000.0000000000002
211.38341010995237,19.580562770414407,1.0000000000000002,-23.07024440514843,0.5968434045320521,1000.0000000000002
211.39293654599882,19.574915603547318,1.0000000000000002,-23.069207167996154,0.5983609877115441,1000.0
211.40245894983568,19.56926257174093,1.0000000000000002,-23.06816199023457,0.5998730864770323,1000.0000000000006
211.41197729768422,19.56360363843898,1.0000000000000004,-23.06710887304621,0.6013796941199985,1000.0000000000006
211.4214915657613,19.557938767089624,1.0000000000000002,-23.066047817613452,0.6028808039381062,1000.0000000000003
211.43100173027995,19.552267921145436,1.0000000000000002,-23.064978825119397,0.6043764092348596,1000.0000000000006
211.4405077674488,19.54659106406343,1.0000000000000002,-23.063901896746827,0.6058665033196888,1000.0000000000003
211.45000965347253,19.540908159304983,1.0000000000000002,-23.062817033679167,0.6073510795081489,1000.0000000000006
211.45950736455174,19.535219170335907,1.0,-23.06172423709984,0.6088301311218061,1000.0000000000003
211.46900087688297,19.52952406062638,1.0000000000000004,-23.060623508192435,0.6103036514882376,1000.0000000000006
211.47849016665864,19.52382279365098,1.0000000000000002,-23.05951484814078,0.6117716339410464,1000.0000000000006
211.48797521006733,19.518115332888637,1.0,-23.058398258128832,0.6132340718201021,1000.0000000000003
211.4974559832935,19.512401641822674,1.0000000000000002,-23.057273739340815,0.6146909584712006,1000.0000000000006
211.50693246251763,19.50668168394076,1.0000000000000004,-23.05614129296076,0.6161422872464755,1000.0000000000007
211.5164046239164,19.500955422734922,1.0000000000000002,-23.055000920173427,0.6175880515040433,1000.0000000000007
211.52587244366242,19.49522282170153,1.0000000000000002,-23.053852622163078,0.6190282446083302,1000.0000000000007
211.53533589792454,19.489483844341304,1.0000000000000002,-23.052696400114485,0.6204628599299014,1000.0000000000007
211.54479496286757,19.483738454159273,1.0000000000000002,-23.05153225521242,0.621891890845589,1000.0000000000002
211.55424961465263,19.477986614664786,1.0000000000000002,-23.050360188641662,0.6233153307384924,1000.0000000000006
211.56369982943696,19.472228289371536,1.0000000000000002,-23.049180201587347,0.6247331729979635,1000.0000000000003
211.5731455833739,19.466463441797515,1.0000000000000002,-23.047992295234266,0.6261454110196212,1000.0000000000003
211.5825868526131,19.460692035464984,1.0000000000000002,-23.04679647076766,0.6275520382054793,1000.0000000000006
211.5920236133005,19.454914033900536,1.0,-23.045592729372743,0.628953047963833,1000.0000000000003
211.60145584157814,19.449129400635012,1.0000000000000002,-23.044381072234444,0.6303484337094005,1000.0000000000006
211.61088351358453,19.44333809920356,1.0000000000000002,-23.043161500538346,0.6317381888632241,1000.0000000000003
211.62030660545432,19.437540093145596,1.0000000000000002,-23.041934015469522,0.6331223068527976,1000.0000000000006
211.62972509331857,19.431735346004753,1.0000000000000002,-23.04069861821324,0.6345007811120809,1000.0000000000007
211.63913895330472,19.42592382132897,1.0000000000000004,-23.039455309954903,0.6358736050814002,1000.0000000000002
211.64854816153655,19.420105482670404,1.0000000000000004,-23.038204091879805,0.6372407722076474,1000.0000000000006
211.65795269413425,19.414280293585445,1.0000000000000007,-23.036944965173205,0.6386022759441659,1000.0000000000007
211.66735252721443,19.40844821763474,1.0000000000000004,-23.03567793102033,0.6399581097508218,1000.0000000000003
211.67674763689016,19.402609218383112,1.0000000000000004,-23.034402990606424,0.6413082670941463,1000.0000000000006
211.68613799927093,19.396763259399645,1.0000000000000004,-23.033120145116726,0.6426527414470229,1000.0000000000007
211.6955235904628,19.390910304257588,1.0000000000000004,-23.031829395736438,0.643991526289156,1000.0000000000003
211.70490438656833,19.385050316534414,1.0000000000000004,-23.03053074365043,0.6453246151066736,1000.0000000000006
211.71428036368658,19.379183259811775,1.0000000000000007,-23.02922419004399,0.6466520013924821,1000.0000000000006
211.72365149791318,19.3733090976755,1.0000000000000004,-23.02790973610189,0.6479736786461245,1000.0000000000006
211.73301776534038,19.367427793715592,1.0000000000000004,-23.026587383008916,0.6492896403737802,1000.0000000000006
211.74237914205708,19.36153931152623,1.0000000000000004,-23.025257131950028,0.6505998800883219,1000.0000000000006
211.75173560414873,19.355643614705734,1.0000000000000004,-23.0239189841097,0.6519043913095146,1000.0000000000007
211.7610871276975,19.349740666856572,1.0000000000000004,-23.022572940672546,0.6532031675636603,1000.0000000000006
211.77043368878222,19.343830431585374,1.0000000000000004,-23.02121900282289,0.6544962023839673,1000.0000000000007
211.7797752634784,19.33791287250287,1.0000000000000007,-23.019857171744974,0.6557834893104371,1000.0000000000007
211.7891118278584,19.331987953223937,1.0000000000000004,-23.01848744862295,0.6570650218899061,1000.0000000000006
211.79844335799118,19.326055637367553,1.0000000000000004,-23.017109834640735,0.6583407936760182,1000.0000000000006
211.80776982994263,19.32011588855682,1.0000000000000004,-23.015724330982152,0.6596107982292523,1000.0000000000008
211.8170912197753,19.314168670418912,1.0000000000000004,-23.014330938830653,0.6608750291171219,1000.0000000000007
211.82640750354875,19.30821394658512,1.0000000000000004,-23.012929659369846,0.6621334799138765,1000.0000000000006
211.8357186573192,19.30225168069079,1.0000000000000007,-23.01152049378274,0.6633861442009561,1000.0000000000008
211.8450246571399,19.296281836375375,1.0000000000000004,-23.010103443252518,0.6646330155664515,1000.0000000000007
211.85432547906092,19.290304377282357,1.0000000000000004,-23.00867850896185,0.6658740876057294,1000.0000000000003
211.86362109912932,19.2843192670593,1.0000000000000004,-23.007245692093292,0.6671093539209778,1000.0000000000006
211.87291149338904,19.2783264693578,1.0000000000000007,-23.00580499382923,0.6683388081215185,1000.0000000000008
211.8821966378811,19.272325947833508,1.0000000000000004,-23.00435641535161,0.6695624438236933,1000.0000000000006
211.8914765086434,19.266317666146083,1.0000000000000004,-23.00289995784233,0.6707802546509782,1000.0000000000006
211.90075108171098,19.260301587959233,1.0000000000000007,-23.001435622482944,0.6719922342338549,1000.0000000000008
211.91002033311588,19.254277676940657,1.0000000000000004,-22.999963410454612,0.6731983762100526,1000.0000000000003
211.9192842388872,19.248245896762068,1.0000000000000004,-22.99848332293837,0.6743986742243777,1000.0000000000006
211.9285427750512,19.242206211099173,1.0000000000000004,-22.996995361114884,0.6755931219288982,1000.0000000000008
211.93779591763126,19.23615858363168,1.0000000000000007,-22.995499526164565,0.6767817129827307,1000.0000000000008
211.94704364264786,19.230102978043252,1.0000000000000004,-22.993995819267468,0.6779644410524099,1000.0000000000009
211.95628592611868,19.224039358021543,1.0000000000000002,-22.992484241603265,0.6791412998115192,1000.0000000000006
211.96552274405866,19.217967687258152,1.0000000000000004,-22.990964794351328,0.680312282941145,1000.0000000000006
211.9747540724799,19.21188792944864,1.0000000000000004,-22.989437478690675,0.6814773841295079,1000.0000000000006
211.98397988739177,19.20580004829252,1.0000000000000004,-22.987902295799998,0.68263659707209,1000.0000000000008
211.99320016480095,19.199704007493224,1.0000000000000004,-22.98635924685766,0.683789915471948,1000.0000000000008
212.00241488071143,19.19359977075812,1.0000000000000004,-22.9848083330416,0.6849373330393291,1000.0000000000008
