galstreams/tracks/track.st.TucanaIII.ibata2024.ecsv
# %ECSV 1.0
# ---
# datatype:
# - {name: ra, unit: deg, datatype: float64}
# - {name: dec, unit: deg, datatype: float64}
# - {name: distance, unit: kpc, datatype: float64}
# - {name: pm_ra_cosdec, unit: mas / yr, datatype: float64}
# - {name: pm_dec, unit: mas / yr, datatype: float64}
# - {name: radial_velocity, unit: km / s, datatype: float64}
# delimiter: ','
# meta: !!omap
# - __serialized_columns__:
#     dec:
#       __class__: astropy.coordinates.angles.Latitude
#       unit: &id001 !astropy.units.Unit {unit: deg}
#       value: !astropy.table.SerializedColumn {name: dec}
#     distance:
#       __class__: astropy.coordinates.distances.Distance
#       unit: !astropy.units.Unit {unit: kpc}
#       value: !astropy.table.SerializedColumn {name: distance}
#     pm_dec:
#       __class__: astropy.units.quantity.Quantity
#       unit: !astropy.units.Unit {unit: mas / yr}
#       value: !astropy.table.SerializedColumn {name: pm_dec}
#     pm_ra_cosdec:
#       __class__: astropy.units.quantity.Quantity
#       unit: !astropy.units.Unit {unit: mas / yr}
#       value: !astropy.table.SerializedColumn {name: pm_ra_cosdec}
#     ra:
#       __class__: astropy.coordinates.angles.Longitude
#       unit: *id001
#       value: !astropy.table.SerializedColumn {name: ra}
#       wrap_angle: !astropy.coordinates.Angle
#         unit: *id001
#         value: 360.0
#     radial_velocity:
#       __class__: astropy.units.quantity.Quantity
#       unit: !astropy.units.Unit {unit: km / s}
#       value: !astropy.table.SerializedColumn {name: radial_velocity}
# schema: astropy-2.0
ra,dec,distance,pm_ra_cosdec,pm_dec,radial_velocity
[from data line 833]
355.71808769900184,-59.840587919649614,1.0000000000000007,-0.27373263960143057,-1.8900077489897598,-115.24037030383855
355.6980673671365,-59.841595835120636,1.0000000000000007,-0.2745556999624036,-1.8908346215002396,-115.3021566358178
355.67804526385873,-59.84259697449589,1.0000000000000009,-0.2753797426432737,-1.891660946479833,-115.36385061193845
355.658021395879,-59.84359131372842,1.0000000000000007,-0.2762047700543152,-1.8924867192781658,-115.4254523708416
355.6379957699681,-59.84457882877211,1.0000000000000007,-0.27703078459847075,-1.893311935242064,-115.48696205116826
355.61796839295687,-59.84555949558159,1.0000000000000007,-0.27785778867129474,-1.8941365897155045,-115.54837979155941
355.59793927173655,-59.84653329011231,1.0000000000000007,-0.27868578466102356,-1.8949606780396255,-115.60970573065616
355.5779084132585,-59.84750018832053,1.0000000000000007,-0.2795147749484843,-1.8957841955527606,-115.67094000709943
355.5578758245344,-59.84846016616339,1.0000000000000007,-0.2803447619071612,-1.896607137590415,-115.73208275953029
355.5378415126361,-59.8494131995989,1.0000000000000007,-0.28117574790311806,-1.8974294994852947,-115.79313412658979
355.51780548469566,-59.85035926458594,1.0000000000000007,-0.2820077352950784,-1.8982512765673203,-115.8540942469189
355.49776774790564,-59.851298337084344,1.0000000000000007,-0.28284072643430835,-1.8990724641636145,-115.91496325915868
355.4777283095186,-59.852230393054874,1.0000000000000007,-0.28367472366472357,-1.8998930575985185,-115.97574130195011
355.4576871768476,-59.85315540845925,1.0000000000000007,-0.2845097293227832,-1.9007130521935984,-116.03642851393424
355.4376443572658,-59.85407335926019,1.0000000000000007,-0.2853457457375581,-1.9015324432676675,-116.09702503375212
355.41759985820687,-59.85498422142142,1.0000000000000007,-0.28618277523066527,-1.902351226136771,-116.1575310000447
355.3975536871644,-59.85588797090772,1.0000000000000007,-0.28702082011632224,-1.9031693961142224,-116.21794655145314
355.37750585169266,-59.856784583684885,1.0000000000000007,-0.2878598827012916,-1.9039869485105818,-116.27827182661825
355.35745635940606,-59.85767403571981,1.0000000000000007,-0.2886999652848634,-1.9048038786336736,-116.33850696418125
355.33740521797915,-59.858556302980524,1.0000000000000007,-0.2895410701589234,-1.9056201817886311,-116.39865210278305
355.31735243514714,-59.859431361436116,1.0000000000000007,-0.29038319960784775,-1.9064358532778307,-116.45870738106471
355.2972980187053,-59.860299187056874,1.0000000000000004,-0.2912263559085716,-1.9072508884009718,-116.51867293766726
355.2772419765093,-59.86115975581422,1.0000000000000007,-0.29207054133054433,-1.9080652824550395,-116.57854891123172
355.257184316475,-59.8620130436808,1.0000000000000007,-0.2929157581357622,-1.9088790307343437,-116.63833544039909
355.23712504657885,-59.86285902663047,1.0000000000000007,-0.2937620085786753,-1.9096921285305104,-116.69803266381042
355.2170641748573,-59.863697680638296,1.0000000000000007,-0.2946092949063053,-1.9105045711324866,-116.75764072010669
355.1970017094073,-59.86452898168064,1.0000000000000007,-0.295457619358125,-1.9113163538265567,-116.817159747929
355.17693765838607,-59.865352905735115,1.0000000000000007,-0.29630698416611745,-1.9121274718963424,-116.87658988591829
355.15687203001124,-59.86616942878067,1.000000000000001,-0.2971573915547554,-1.912937920622836,-116.93593127271566
355.13680483256064,-59.866978526797574,1.0000000000000009,-0.298008843740983,-1.9137476952843873,-116.99518404696208
355.1167360743725,-59.86778017576744,1.0000000000000009,-0.2988613429342073,-1.9145567911566967,-117.05434834729851
355.0966657638454,-59.868574351673274,1.0000000000000007,-0.29971489133631923,-1.9153652035128719,-117.1134243123661
355.0765939094381,-59.86936103049944,1.0000000000000007,-0.3005694911416612,-1.9161729276233803,-117.17241208080581
355.0565205196698,-59.87014018823177,1.0000000000000009,-0.30142514453701863,-1.9169799587561034,-117.23131179125872
355.03644560311994,-59.870911800857506,1.0000000000000009,-0.3022818537016545,-1.9177862921763094,-117.29012358236574
355.01636916842847,-59.87167584436537,1.0000000000000009,-0.30313962080722245,-1.9185919231467015,-117.34884759276802
354.9962912242953,-59.87243229474559,1.0000000000000009,-0.30399844801786435,-1.9193968469273983,-117.40748396110644
354.9762117794811,-59.873181127989845,1.000000000000001,-0.30485833749010094,-1.920201058775918,-117.46603282602216
354.95613084280643,-59.87392232009142,1.000000000000001,-0.30571929137291354,-1.921004553947272,-117.52449432615609
354.93604842315233,-59.87465584704513,1.0000000000000009,-0.30658131180767423,-1.9218073276938785,-117.58286860014933
354.9159645294603,-59.87538168484735,1.0000000000000009,-0.3074444009281624,-1.9226093752656226,-117.64115578664288
354.8958791707319,-59.87609980949609,1.0000000000000009,-0.3083085608605729,-1.9234106919098561,-117.69935602427778
354.875792356029,-59.876810196990945,1.0000000000000009,-0.3091737937235056,-1.9242112728714051,-117.75746945169502
354.85570409447394,-59.87751282333322,1.0000000000000009,-0.31004010162792395,-1.9250111133925785,-117.8154962075356
354.8356143952492,-59.87820766452583,1.000000000000001,-0.3109074866771947,-1.9258102087131768,-117.87343643044063
354.81552326759754,-59.878894696573425,1.0000000000000009,-0.31177595096705757,-1.9266085540704996,-117.93129025905104
354.79543072082197,-59.87957389548235,1.0000000000000009,-0.31264549658564256,-1.9274061446993525,-117.9890578320079
354.7753367642859,-59.880245237260695,1.0000000000000009,-0.31351612561339903,-1.928202975832063,-118.04673928795228
354.75524140741294,-59.880908697918315,1.0000000000000009,-0.31438784012318755,-1.928999042698491,-118.10433476552505
354.73514465968685,-59.88156425346687,1.0000000000000009,-0.315260642180201,-1.9297943405260298,-118.16184440336738
354.7150465306517,-59.88221187991977,1.0000000000000009,-0.31613453384199075,-1.9305888645396063,-118.21926834012027
354.6949470299119,-59.88285155329235,1.0000000000000009,-0.31700951715843406,-1.9313826099617213,-118.27660671442469
354.6748461671319,-59.883483249601696,1.0000000000000009,-0.31788559417176654,-1.932175572012417,-118.3338596649217
354.6547439520365,-59.88410694486685,1.0000000000000009,-0.31876276691654715,-1.9329677459093269,-118.3910273302523
354.63464039441067,-59.884722615108714,1.0000000000000009,-0.319641037419651,-1.9337591268676473,-118.44810984905752
354.6145355040996,-59.88533023635011,1.0000000000000009,-0.32052040770029877,-1.9345497101001765,-118.50510735997841
354.59442929100857,-59.885929784615854,1.0000000000000009,-0.32140087977001186,-1.9353394908173325,-118.56202000165594
354.5743217651032,-59.88652123593267,1.0000000000000009,-0.3222824556326156,-1.9361284642270924,-118.61884791273116
354.55421293640916,-59.88710456632931,1.000000000000001,-0.32316513728425744,-1.936916625535087,-118.67559123184512
354.5341028150123,-59.88767975183652,1.0000000000000009,-0.32404892671336105,-1.9377039699445664,-118.7322500976388
354.5139914110588,-59.888246768487114,1.000000000000001,-0.32493382590065467,-1.938490492656415,-118.78882464875322
354.4938787347546,-59.88880559231593,1.0000000000000009,-0.3258198368191645,-1.939276188869167,-118.84531502382944
354.4737647963661,-59.889356199359916,1.0000000000000009,-0.3267069614341922,-1.9400610537790044,-118.90172136150849
354.4536496062196,-59.88989856565809,1.000000000000001,-0.32759520170332035,-1.9408450825797736,-118.95804380043131
354.4335331747016,-59.890432667251666,1.0000000000000009,-0.3284845595763908,-1.9416282704629975,-119.014282479239
354.41341551225867,-59.89095848018394,1.0000000000000009,-0.32937503699553394,-1.9424106126178788,-119.07043753657257
354.3932966293975,-59.8914759805004,1.0000000000000009,-0.3302666358951223,-1.943192104231306,-119.12650911107302
354.37317653668475,-59.89198514424878,1.0000000000000009,-0.3311593582018004,-1.9439727404878973,-119.1824973413814
354.35305524474705,-59.89248594747897,1.0000000000000009,-0.3320532058344623,-1.9447525165699346,-119.23840236613873
354.3329327642713,-59.892978366243135,1.0000000000000009,-0.33294818070424403,-1.945531427657457,-119.29422432398596
354.3128091060042,-59.89346237659571,1.0000000000000009,-0.3338442847145271,-1.9463094689282165,-119.34996335356423
354.29268428075244,-59.89393795459338,1.0000000000000009,-0.33474151976092825,-1.9470866355577048,-119.40561959351447
354.2725582993828,-59.89440507629522,1.0000000000000009,-0.33563988773130604,-1.9478629227191728,-119.46119318247781
354.25243117282196,-59.894863717762576,1.0000000000000009,-0.33653939050574944,-1.9486383255836142,-119.51668425909516
354.2323029120566,-59.89531385505914,1.0000000000000009,-0.3374400299565432,-1.949412839319793,-119.57209296200757
354.2121735281332,-59.895755464251046,1.0000000000000009,-0.3383418079482239,-1.9501864590942528,-119.62741942985603
354.1920430321582,-59.896188521406806,1.0000000000000009,-0.33924472633752045,-1.9509591800713402,-119.6826638012817
354.17191143529806,-59.89661300259731,1.0000000000000009,-0.3401487869733921,-1.9517309974131472,-119.73782621492548
354.1517787487789,-59.89702888389596,1.0000000000000007,-0.34105399169697215,-1.9525019062796307,-119.7929068094284
354.1316449838869,-59.89743614137861,1.0000000000000009,-0.34196034234162065,-1.953271901828522,-119.84790572343154
354.1115101519678,-59.897834751123625,1.0000000000000009,-0.3428678407328889,-1.954040979215403,-119.90282309557585
354.0913742644274,-59.89822468921184,1.000000000000001,-0.3437764886885091,-1.954809133593665,-119.95765906450241
354.0712373327312,-59.89860593172667,1.0000000000000009,-0.34468628801840295,-1.9555763601145575,-120.01241376885223
354.0510993684045,-59.898978454754086,1.0000000000000009,-0.34559724052467744,-1.9563426539271855,-120.06708734726632
354.0309603830321,-59.89934223438265,1.0000000000000009,-0.3465093480016448,-1.957108010178512,-120.12167993838571
354.01082038825894,-59.89969724670352,1.0000000000000009,-0.3474226122357351,-1.9578724240133667,-120.17619168085147
353.9906793957894,-59.90004346781049,1.0000000000000009,-0.3483370350055903,-1.9586358905744774,-120.2306227133045
353.97053741738756,-59.900380873800025,1.0000000000000009,-0.3492526180820126,-1.9593984050024567,-120.28497317438591
353.9503944648772,-59.90070944077125,1.0000000000000009,-0.35016936322795833,-1.9601599624358137,-120.33924320273672
353.93025055014164,-59.90102914482598,1.0000000000000009,-0.35108727219855096,-1.960920558010974,-120.39343293699795
353.91010568512394,-59.90133996206879,1.0000000000000009,-0.3520063467410586,-1.961680186862285,-120.44754251581061
353.8899598818267,-59.901641868606966,1.0000000000000007,-0.35292658859488424,-1.9624388441220333,-120.50157207781571
353.869813152312,-59.901934840550595,1.0000000000000009,-0.3538479994916326,-1.9631965249204377,-120.5555217616543
353.84966550870155,-59.902218854012524,1.0000000000000009,-0.3547705811549844,-1.9639532243856639,-120.60939170596738
353.8295169631765,-59.90249388510842,1.0000000000000009,-0.35569433530078864,-1.9647089376438522,-120.66318204939599
353.80936752797743,-59.90275990995681,1.0000000000000009,-0.3566192636370511,-1.9654636598191075,-120.7168929305812
353.7892172154045,-59.90301690467908,1.0000000000000009,-0.3575453678638614,-1.9662173860335201,-120.77052448816393
353.76906603781725,-59.903264845399455,1.0000000000000009,-0.358472649673484,-1.9669701114071643,-120.82407686078523
353.74891400763454,-59.90350370824514,1.0000000000000009,-0.35940111075028436,-1.9677218310581246,-120.87755018708614
353.7287611373347,-59.90373346934618,1.000000000000001,-0.36033075277073,-1.9684725401024785,-120.93094460570778
353.70860743945525,-59.903954104835634,1.000000000000001,-0.36126157740344444,-1.9692222336543566,-120.98426025529099
353.6884529265932,-59.90416559084954,1.000000000000001,-0.36219358630914456,-1.9699709068258926,-121.0374972744769
353.66829761140474,-59.90436790352689,1.0000000000000013,-0.36312678114065733,-1.9707185547272683,-121.09065580190651
353.6481415066053,-59.90456101900971,1.000000000000001,-0.36406116354290674,-1.9714651724667274,-121.14373597622084
353.62798462496966,-59.904744913443096,1.0000000000000009,-0.36499673515295505,-1.9722107551505683,-121.19673793606094
353.60782697933143,-59.90491956297519,1.000000000000001,-0.36593349759994,-1.9729552978831606,-121.24966182006783
353.5876685825839,-59.90508494375719,1.0000000000000013,-0.36687145250507647,-1.9736987957669587,-121.30250776688246
353.567509447679,-59.90524103194347,1.0000000000000009,-0.36781060148172395,-1.9744412439025005,-121.35527591514595
353.54734958762805,-59.90538780369149,1.000000000000001,-0.36875094613530934,-1.9751826373884462,-121.40796640349927
353.52718901550134,-59.90552523516187,1.000000000000001,-0.3696924880633281,-1.9759229713215412,-121.46057937058345
353.50702774442806,-59.90565330251843,1.0000000000000013,-0.37063522885538625,-1.9766622407966814,-121.51311495503954
353.4868657875966,-59.905771981928176,1.0000000000000009,-0.37157917009317387,-1.9774004409068766,-121.56557329550849
353.4667031582542,-59.90588124956132,1.000000000000001,-0.37252431335045566,-1.9781375667432801,-121.61795453063141
353.44653986970695,-59.90598108159138,1.000000000000001,-0.3734706601930584,-1.9788736133952227,-121.67025879904924
353.42637593532,-59.906071454195065,1.000000000000001,-0.37441821217890947,-1.9796085759501665,-121.72248623940307
353.40621136851723,-59.906152343552435,1.000000000000001,-0.37536697085797655,-1.9803424494937705,-121.77463699033389
353.3860461827813,-59.90622372584684,1.000000000000001,-0.376316937772343,-1.9810752291098694,-121.82671119048274
353.36588039165366,-59.90628557726498,1.000000000000001,-0.37726811445612185,-1.9818069098804898,-121.87870897849062
353.3457140087346,-59.90633787399688,1.0000000000000009,-0.37822050243549077,-1.9825374868858798,-121.93063049299855
353.3255470476831,-59.90638059223601,1.000000000000001,-0.3791741032287117,-1.9832669552044848,-121.9824758726476
353.3053795222165,-59.9064137081792,1.000000000000001,-0.38012891834610163,-1.9839953099129968,-122.03424525607873
353.2852114461113,-59.9064371980267,1.000000000000001,-0.381084949290009,-1.9847225460863136,-122.085938781933
353.26504283320213,-59.90645103798224,1.000000000000001,-0.382042197554866,-1.985448658797612,-122.13755658885145
353.24487369738233,-59.906455204252985,1.000000000000001,-0.38300066462714955,-1.9861736431183061,-122.18909881547505
353.2247040526037,-59.906449673049664,1.000000000000001,-0.38396035198539713,-1.9868974941180948,-122.24056560044488
353.2045339128766,-59.90643442058645,1.000000000000001,-0.384921261100166,-1.9876202068649462,-122.2919570824019
353.1843632922698,-59.90640942308109,1.000000000000001,-0.38588339343410016,-1.9883417764251128,-122.34327339998718
353.16419220491014,-59.90637465675488,1.000000000000001,-0.38684675044186356,-1.9890621978631504,-122.39451469184169
353.1440206649834,-59.90633009783271,1.000000000000001,-0.3878113335701445,-1.989781466241931,-122.44568109660652
353.123848686733,-59.9062757225431,1.000000000000001,-0.38877714425772947,-1.990499576622648,-122.49677275292267
353.1036762844611,-59.90621150711815,1.0000000000000009,-0.3897441839354021,-1.9912165240648179,-122.54778979943116
353.08350347252775,-59.90613742779368,1.000000000000001,-0.3907124540259943,-1.9919323036263172,-122.59873237477302
353.0633302653514,-59.9060534608091,1.000000000000001,-0.39168195594436006,-1.9926469103633462,-122.64960061758921
353.04315667740843,-59.90595958240759,1.000000000000001,-0.3926526910974286,-1.9933603393304953,-122.70039466652082
353.02298272323344,-59.90585576883603,1.000000000000001,-0.39362466088411274,-1.9940725855807244,-122.75111466020887
353.00280841741886,-59.90574199634501,1.000000000000001,-0.3945978666953991,-1.9947836441653575,-122.80176073729432
