galstreams/tracks/track.st.Orphan-Chenab.shipp2019.ecsv
# %ECSV 0.9
# ---
# datatype:
# - {name: ra, unit: deg, datatype: float64}
# - {name: dec, unit: deg, datatype: float64}
# - {name: distance, unit: kpc, datatype: float64}
# - {name: pm_ra_cosdec, unit: mas / yr, datatype: float64}
# - {name: pm_dec, unit: mas / yr, datatype: float64}
# - {name: radial_velocity, unit: km / s, datatype: float64}
# delimiter: ','
# meta: !!omap
# - __serialized_columns__:
#     dec:
#       __class__: astropy.coordinates.angles.Latitude
#       unit: &id001 !astropy.units.Unit {unit: deg}
#       value: !astropy.table.SerializedColumn {name: dec}
#     distance:
#       __class__: astropy.coordinates.distances.Distance
#       unit: !astropy.units.Unit {unit: kpc}
#       value: !astropy.table.SerializedColumn {name: distance}
#     pm_dec:
#       __class__: astropy.units.quantity.Quantity
#       unit: !astropy.units.Unit {unit: mas / yr}
#       value: !astropy.table.SerializedColumn {name: pm_dec}
#     pm_ra_cosdec:
#       __class__: astropy.units.quantity.Quantity
#       unit: !astropy.units.Unit {unit: mas / yr}
#       value: !astropy.table.SerializedColumn {name: pm_ra_cosdec}
#     ra:
#       __class__: astropy.coordinates.angles.Longitude
#       unit: *id001
#       value: !astropy.table.SerializedColumn {name: ra}
#       wrap_angle: !astropy.coordinates.Angle
#         unit: *id001
#         value: 360.0
#     radial_velocity:
#       __class__: astropy.units.quantity.Quantity
#       unit: !astropy.units.Unit {unit: km / s}
#       value: !astropy.table.SerializedColumn {name: radial_velocity}
# schema: astropy-2.0
ra,dec,distance,pm_ra_cosdec,pm_dec,radial_velocity
[from data line 547]
325.30184094016266,-53.74329842506137,39.79999999999995,0.3071542756480362,-2.539008004800209,1.0041259556344972e-09
325.3084349501496,-53.7340796800954,39.79999999999993,0.3074266241365306,-2.538421148112027,1.0011281625362626e-09
325.31503177496063,-53.72486211964252,39.799999999999926,0.3076987837078453,-2.5378339639475174,9.982987847806255e-10
325.3216314136834,-53.715645743043936,39.799999999999926,0.30797075413908614,-2.537246452351583,9.956041392990664e-10
325.32823386540736,-53.70643054964073,39.799999999999926,0.3082425352074547,-2.536658613369216,9.928758107489876e-10
325.33483912922327,-53.69721653877399,39.79999999999993,0.30851412669025147,-2.53607044704549,9.90147482198909e-10
325.3414472042234,-53.68800370978455,39.79999999999993,0.3087855283648716,-2.5354819534255673,9.874528367173498e-10
325.3480580895018,-53.67879206201307,39.79999999999992,0.30905674000881334,-2.534893132554691,9.847581912357907e-10
325.3546717841536,-53.669581594800285,39.79999999999991,0.309327761399662,-2.534303984478193,9.82231961096829e-10
325.3612882872757,-53.66037230748658,39.799999999999926,0.309598592315108,-2.533714509241487,9.796046817523089e-10
325.36790759796645,-53.65116419941226,39.79999999999992,0.3098692325329333,-2.5331247068900744,9.770447685448277e-10
325.37452971532565,-53.641957269917626,39.799999999999905,0.3101396818310187,-2.5325345774695394,9.745859045429049e-10
325.38115463845463,-53.632751518342694,39.799999999999905,0.3104099399873416,-2.53194412102555,9.720259913354237e-10
325.3877823664562,-53.623546944027424,39.799999999999905,0.310680006779976,-2.531353337603862,9.696008104020205e-10
325.39441289843455,-53.61434354631156,39.799999999999905,0.31094988198708884,-2.5307622272503134,9.670745802630587e-10
325.40104623349555,-53.605141324534905,39.7999999999999,0.31121956538694995,-2.530170790010827,9.646493993296555e-10
325.40768237074644,-53.595940278036956,39.799999999999905,0.3114890567579208,-2.52957902593141,9.623589506703303e-10
325.4143213092959,-53.58674040615707,39.79999999999989,0.31175835587845957,-2.528986935058155,9.600348189424856e-10
325.420963048254,-53.577541708234676,39.799999999999905,0.3120274625271183,-2.528394517437239,9.577780533516798e-10
325.4276075867326,-53.56834418360885,39.79999999999988,0.3122963764825514,-2.5278017731149234,9.55386555486796e-10
325.4342549238449,-53.55914783161862,39.79999999999988,0.3125650975235079,-2.5272087021375502,9.531634729645096e-10
325.44090505870514,-53.54995265160297,39.79999999999988,0.31283362542882376,-2.5266153045515525,9.509067073737038e-10
325.44755799042963,-53.54075864290065,39.79999999999988,0.3131019599774416,-2.526021580403441,9.48784674056976e-10
325.4542137181359,-53.5315658048503,39.79999999999988,0.31337010094839723,-2.5254275297398157,9.466963238087678e-10
325.4608722409429,-53.52237413679041,39.79999999999988,0.31363804812082074,-2.5248331526073553,9.446079735605594e-10
325.4675335579709,-53.51318363805948,39.799999999999876,0.3139058012739345,-2.5242384490528273,9.42384891038273e-10
325.47419766834196,-53.50399430799573,39.799999999999876,0.3141733601870629,-2.523643419123082,9.404312730641428e-10
325.4808645711793,-53.49480614593728,39.799999999999876,0.31444072463962347,-2.5230480628650525,9.384102889529733e-10
325.4875342656078,-53.48561915122223,39.79999999999987,0.3147078944111279,-2.5224523803257544,9.36389304841804e-10
325.4942067507536,-53.47643332318845,39.79999999999987,0.3149748692811855,-2.5218563715522913,9.344356868676736e-10
325.5008820257444,-53.46724866117365,39.79999999999987,0.3152416490294987,-2.5212600365918467,9.324820688935431e-10
325.50756008970916,-53.458065164515595,39.79999999999986,0.3155082334358663,-2.5206633754916905,9.306295001249713e-10
325.51424094177855,-53.448882832551746,39.79999999999986,0.3157746222801813,-2.5200663882991736,9.286758821508409e-10
325.52092458108456,-53.439701664619534,39.79999999999986,0.316040815342436,-2.5194690750617323,9.26958045656347e-10
325.5276110067605,-53.430521660056165,39.799999999999855,0.31630681240271374,-2.5188714358268873,9.251391599562945e-10
325.5343002179412,-53.421342818198895,39.79999999999986,0.3165726132411948,-2.5182734706422396,9.233876403932811e-10
325.54099221376293,-53.41216513838472,39.79999999999985,0.31683821763815034,-2.517675179555477,9.216024377617481e-10
325.5476869933634,-53.4029886199505,39.79999999999985,0.31710362537395465,-2.5170765626143687,9.199182843357737e-10
325.55438455588165,-53.39381326223312,39.799999999999855,0.31736883622906864,-2.516477619866766,9.182004478412797e-10
325.5610849004581,-53.3846390645692,39.799999999999855,0.317633849984052,-2.5158783513606084,9.166173436208637e-10
325.5677880262349,-53.37546602629525,39.79999999999985,0.3178986664195611,-2.515278757143913,9.150005563319282e-10
325.5744939323552,-53.36629414674778,39.79999999999985,0.3181632853163442,-2.5146788372647837,9.134848182485512e-10
325.58120261796375,-53.35712342526303,39.79999999999984,0.3184277064552421,-2.514078591771406,9.117669817540573e-10
325.5879140822068,-53.34795386117723,39.79999999999985,0.3186919296171955,-2.5134780207120486,9.102849267391998e-10
325.5946283242319,-53.33878545382637,39.79999999999984,0.31895595458323833,-2.5128771241350636,9.088028717243422e-10
325.60134534318786,-53.3296182025465,39.79999999999984,0.31921978113449445,-2.5122759020888843,9.073881828465237e-10
325.6080651382252,-53.3204521066734,39.799999999999834,0.31948340905218764,-2.511674354622032,9.059398109001857e-10
325.61478770849556,-53.311287165542716,39.79999999999984,0.3197468381176327,-2.5110724817831027,9.046261712279255e-10
325.62151305315217,-53.30212337849015,39.79999999999984,0.3200100681122412,-2.510470283620783,9.03211482350107e-10
325.62824117134943,-53.29296074485112,39.79999999999984,0.3202730988175152,-2.5098677601838375,9.018641596093274e-10
325.63497206224355,-53.28379926396094,39.79999999999983,0.32053593001505887,-2.5092649115211163,9.005505199370674e-10
325.6417057249915,-53.27463893515493,39.799999999999834,0.3207985614865593,-2.5086617376815488,8.993379294703657e-10
325.6484421587522,-53.26547975776817,39.79999999999983,0.32106099301380553,-2.508058238714151,8.980579728666251e-10
325.6551813626856,-53.256321731135664,39.799999999999834,0.3213232243786809,-2.5074544146680164,8.969127485369625e-10
325.66192333595336,-53.24716485459224,39.79999999999983,0.32158525536315913,-2.5068502655923273,8.957001580702608e-10
325.66866807771805,-53.23800912747278,39.79999999999982,0.32184708574930854,-2.506245791536344,8.945886168091177e-10
325.675415587144,-53.22885454911188,39.79999999999982,0.32210871531929114,-2.5056409925494085,8.934770755479746e-10
325.6821658633969,-53.21970111884403,39.79999999999982,0.322370143855368,-2.5050358686809493,8.92331851218312e-10
325.68891890564356,-53.21054883600376,39.79999999999982,0.32263137113988516,-2.504430419980473,8.913213591627272e-10
325.69567471305226,-53.20139769992534,39.79999999999982,0.32289239695528793,-2.5038246464975713,8.903108671071425e-10
325.7024332847928,-53.19224770994288,39.79999999999983,0.3231532210841167,-2.503218548281916,8.892666919830384e-10
325.7091946200361,-53.1830988653906,39.79999999999982,0.3234138433090006,-2.502612125383262,8.883909322015317e-10
325.71595871795466,-53.17395116560241,39.79999999999982,0.32367426341266525,-2.5020053778514466,8.874141232144664e-10
325.7227255777222,-53.16480460991215,39.79999999999981,0.3239344811779303,-2.501398305736388,8.865720465014792e-10
325.72949519851386,-53.15565919765353,39.79999999999982,0.32419449638770736,-2.500790909088087,8.856962867199725e-10
325.736267579506,-53.146514928160265,39.79999999999982,0.32445430882500104,-2.5001831879566265,8.848542100069853e-10
325.7430427198765,-53.13737180076583,39.79999999999982,0.3247139182729112,-2.499575142392171,8.840458163625176e-10
325.7498206188045,-53.128229814803575,39.79999999999981,0.3249733245146299,-2.498966772444967,8.833384719236083e-10
325.7566012754705,-53.119088969606906,39.7999999999998,0.3252325273334429,-2.4983580781653414,8.825974444161795e-10
325.7633846890563,-53.10994926450895,39.799999999999805,0.32549152651272717,-2.4977490596037035,8.818227338402312e-10
325.7701708587452,-53.10081069884272,39.7999999999998,0.32575032183595654,-2.497139716810547,8.811827555383609e-10
325.7769597837216,-53.09167327194129,39.799999999999805,0.32600891308669544,-2.496530049836442,8.805764603050102e-10
325.7837514631713,-53.082536983137466,39.799999999999805,0.32626730004859916,-2.495920058732045,8.800038481401788e-10
325.7905458962817,-53.073401831763974,39.799999999999805,0.326525482505421,-2.4953097435480904,8.793638698383085e-10
325.79734308224107,-53.06426781715341,39.799999999999805,0.32678346024100624,-2.494699104335395,8.787912576734772e-10
325.80414302023945,-53.05513493863839,39.799999999999805,0.3270412330392898,-2.4940881411448594,8.783533777827239e-10
325.8109457094678,-53.04600319555128,39.79999999999981,0.3272988006842995,-2.4934768540274606,8.77881814823451e-10
325.8177511491188,-53.03687258722433,39.79999999999979,0.3275561629601619,-2.4928652430342626,8.773428857271391e-10
325.82455933838605,-53.02774311298985,39.7999999999998,0.3278133196510863,-2.4922533082164064,8.769050058363858e-10
325.83137027646484,-53.01861477217989,39.7999999999998,0.3280702705413868,-2.4916410496251142,8.765681751511909e-10
325.8381839625516,-53.00948756412636,39.79999999999979,0.3283270154154627,-2.4910284673116925,8.762313444659961e-10
325.84500039584395,-53.00036148816124,39.7999999999998,0.32858355405780126,-2.4904155613275254,8.758271476437622e-10
325.851819575541,-52.991236543616274,39.79999999999981,0.3288398862529928,-2.48980233172408,8.755576830956062e-10
325.8586415008432,-52.98211272982309,39.7999999999998,0.3290960117857151,-2.4891887785529048,8.752882185474503e-10
325.8654661709522,-52.97299004611323,39.7999999999998,0.32935193044074085,-2.4885749018656265,8.750524370678139e-10
325.87229358507085,-52.963868491818225,39.79999999999979,0.3296076420029286,-2.4879607017139547,8.749177047937359e-10
325.8791237424035,-52.954748066269374,39.79999999999979,0.329863146257237,-2.4873461781496795,8.74715606382619e-10
325.88595664215586,-52.94562876879787,39.79999999999979,0.3301184429887132,-2.4867313312246706,8.744798249029826e-10
325.8927922835345,-52.93651059873496,39.79999999999979,0.33037353198249353,-2.486116160990881,8.74446141834463e-10
325.89963066574785,-52.927393555411605,39.79999999999979,0.3306284130238151,-2.4855006675003417,8.742777264918656e-10
325.90647178800526,-52.918277638158706,39.79999999999979,0.3308830858980014,-2.4848848508051633,8.743114095603852e-10
325.9133156495174,-52.90916284630718,39.79999999999979,0.3311375503904648,-2.484268710957543,8.743114095603852e-10
325.92016224949646,-52.9000491791877,39.7999999999998,0.33139180628671794,-2.4836522480097503,8.742440434233462e-10
325.92701158715556,-52.890936636130895,39.7999999999998,0.3316458533723592,-2.483035462014141,8.742777264918656e-10
325.93386366170955,-52.88182521646723,39.7999999999998,0.33189969143308473,-2.4824183530231485,8.74513507971502e-10
325.94071847237404,-52.87271491952718,39.79999999999979,0.3321533202546738,-2.481800921089288,8.744798249029826e-10
325.94757601836625,-52.86360574464107,39.79999999999979,0.3324067396230065,-2.4811831662651525,8.746819233140995e-10
325.95443629890474,-52.85449769113903,39.79999999999979,0.3326599493240503,-2.4805650886034183,8.748503386566969e-10
325.96129931320905,-52.84539075835127,39.7999999999998,0.3329129491438647,-2.4799466881568395,8.750187539992945e-10
325.9681650605002,-52.83628494560776,39.79999999999979,0.3331657388686019,-2.4793279649782516,8.752545354789308e-10
325.9750335400005,-52.82718025223835,39.7999999999998,0.33341831828450474,-2.47870891912057,8.754903169585672e-10
325.9819047509333,-52.81807667757296,39.79999999999979,0.3336706871779094,-2.4780895506367893,8.758608307122816e-10
325.98877869252345,-52.808974220941245,39.7999999999998,0.3339228453352422,-2.477469859579984,8.761976613974765e-10
325.995655363997,-52.79987288167281,39.79999999999979,0.33417479254302174,-2.4768498460033097,8.765008090141519e-10
326.0025347645812,-52.79077265909711,39.79999999999979,0.33442652858785893,-2.4762295099599996,8.768039566308274e-10
326.0094168935046,-52.78167355254369,39.79999999999979,0.3346780532564545,-2.4756088515033694,8.772755195901002e-10
326.0163017499969,-52.77257556134178,39.7999999999998,0.33492936633560066,-2.4749878706868125,8.777133994808536e-10
326.02318933328934,-52.76347868482056,39.79999999999979,0.33518046761218545,-2.474366567563803,8.782860116456849e-10
326.03007964261406,-52.75438292230924,39.79999999999979,0.33543135687317854,-2.473744942187894,8.785891592623603e-10
326.0369726772046,-52.74528827313682,39.79999999999979,0.33568203390565166,-2.473122994612717,8.79330186769789e-10
326.04386843629584,-52.73619473663214,39.79999999999979,0.3359324984967632,-2.472500724891986,8.798691158661009e-10
326.0507669191237,-52.727102312124146,39.79999999999979,0.33618275043376067,-2.4718781330794934,8.804417280309322e-10
326.05766812492556,-52.718010998941516,39.7999999999998,0.33643278950398525,-2.471255219229108,8.810817063328025e-10
326.0645720529398,-52.70892079641288,39.79999999999979,0.33668261549486955,-2.4706319833947825,8.817553677031923e-10
326.07147870240635,-52.699831703866735,39.79999999999979,0.3369322281939394,-2.470008425630545,8.823616629365431e-10
326.07838807256593,-52.69074372063163,39.7999999999998,0.3371816273888032,-2.4693845459905046,8.830690073754524e-10
326.085300162661,-52.681656846035864,39.7999999999998,0.337430812867172,-2.4687603445288495,8.83944767156959e-10
326.0922149719348,-52.67257107940763,39.7999999999998,0.33767978441684066,-2.468135821299848,8.846857946643879e-10
326.0991324996321,-52.6634864200752,39.79999999999979,0.3379285418256925,-2.467510976357845,8.854941883088556e-10
326.1060527449988,-52.65440286736659,39.7999999999998,0.3381770848817103,-2.466885809757267,8.862688988848038e-10
326.11297570728203,-52.64532042060972,39.799999999999805,0.33842541337296456,-2.4662603215526153,8.87245707871869e-10
326.11990138573,-52.63623907913257,39.799999999999805,0.33867352708760856,-2.4656345117984775,8.881214676533757e-10
326.12682977959236,-52.627158842262894,39.79999999999979,0.338921425813899,-2.465008380549513,8.890982766404409e-10
326.1337608881198,-52.618079709328356,39.79999999999979,0.33916910934017463,-2.4643819278604617,8.900414025589866e-10
326.14069471056445,-52.60900167965654,39.7999999999998,0.3394165774548702,-2.463755153786144,8.910518946145714e-10
326.1476312461793,-52.59992475257504,39.7999999999998,0.33966382994650546,-2.463128058381459,8.920960697386755e-10
326.1545704942189,-52.59084892741124,39.79999999999979,0.33991086660369685,-2.462500641701382,8.931402448627797e-10
326.16151245393877,-52.581774203492394,39.79999999999979,0.3401576872151476,-2.4618729038009706,8.942517861239228e-10
326.1684571245958,-52.57270058014586,39.7999999999998,0.3404042915696529,-2.4612448447353548,8.953633273850659e-10
326.17540450544794,-52.56362805669875,39.79999999999979,0.34065067945609756,-2.4606164645597506,8.965759178517676e-10
326.1823545957544,-52.55455663247803,39.7999999999998,0.34089685066345704,-2.4599877633294467,8.977211421814303e-10
326.1893073947757,-52.5454863068108,39.7999999999998,0.34114280498079785,-2.459358741099814,8.988663665110929e-10
326.1962629017733,-52.5364170790239,39.7999999999998,0.3413885421972778,-2.4587293979262985,9.002473723203919e-10
326.20322111601007,-52.52734894844408,39.79999999999979,0.3416340621021443,-2.458099733864427,9.014599627870935e-10
326.2101820367501,-52.51828191439801,39.79999999999979,0.34187936448473444,-2.4574697489698014,9.027062363223146e-10
326.2171456632584,-52.5092159762124,39.799999999999805,0.3421244491344756,-2.4568394432981053,9.040872421316137e-10
326.2241119948015,-52.50015113321374,39.799999999999805,0.3423693158408863,-2.4562088169050984,9.054682479409128e-10
