galstreams/tracks/track.st.Cetus.yam2013.ecsv
# %ECSV 0.9
# ---
# datatype:
# - {name: ra, unit: deg, datatype: float64}
# - {name: dec, unit: deg, datatype: float64}
# - {name: distance, unit: kpc, datatype: float64}
# - {name: pm_ra_cosdec, unit: mas / yr, datatype: float64}
# - {name: pm_dec, unit: mas / yr, datatype: float64}
# - {name: radial_velocity, unit: km / s, datatype: float64}
# delimiter: ','
# meta: !!omap
# - __serialized_columns__:
#     dec:
#       __class__: astropy.coordinates.angles.Latitude
#       unit: &id001 !astropy.units.Unit {unit: deg}
#       value: !astropy.table.SerializedColumn {name: dec}
#     distance:
#       __class__: astropy.coordinates.distances.Distance
#       unit: !astropy.units.Unit {unit: kpc}
#       value: !astropy.table.SerializedColumn {name: distance}
#     pm_dec:
#       __class__: astropy.units.quantity.Quantity
#       unit: !astropy.units.Unit {unit: mas / yr}
#       value: !astropy.table.SerializedColumn {name: pm_dec}
#     pm_ra_cosdec:
#       __class__: astropy.units.quantity.Quantity
#       unit: !astropy.units.Unit {unit: mas / yr}
#       value: !astropy.table.SerializedColumn {name: pm_ra_cosdec}
#     ra:
#       __class__: astropy.coordinates.angles.Longitude
#       unit: *id001
#       value: !astropy.table.SerializedColumn {name: ra}
#       wrap_angle: !astropy.coordinates.Angle
#         unit: *id001
#         value: 360.0
#     radial_velocity:
#       __class__: astropy.units.quantity.Quantity
#       unit: !astropy.units.Unit {unit: km / s}
#       value: !astropy.table.SerializedColumn {name: radial_velocity}
# schema: astropy-2.0
ra,dec,distance,pm_ra_cosdec,pm_dec,radial_velocity
[from data line 962]
23.548073684995167,4.833216291595435,29.82457212780559,-5.551115123125783e-17,0.0,-113.70179471287562
23.55195092249823,4.8424420964542065,29.82637276191876,0.0,0.0,-113.72775414634368
23.55582854450549,4.851667759070328,29.828171896047856,1.1102230246251565e-16,4.163336342344337e-17,-113.75370854141151
23.559706550946586,4.8608932795187725,29.829969531676607,-5.551115123125783e-17,-2.7755575615628914e-17,-113.77965789753883
23.56358494175128,4.870118657874672,29.831765670288707,5.551115123125783e-17,0.0,-113.8056022141854
23.567463716849282,4.87934389421297,29.83356031336787,0.0,2.7755575615628914e-17,-113.83154149081106
23.571342876170387,4.888568988608655,29.8353534623978,0.0,0.0,-113.85747572687552
23.575222419644433,4.897793941136694,29.837145118862217,0.0,0.0,-113.8834049218386
23.57910234720129,4.907018751872044,29.838935284244812,5.551115123125783e-17,2.7755575615628914e-17,-113.90932907516003
23.582982658770884,4.916243420889644,29.8407239600293,5.551115123125782e-17,1.3877787807814457e-17,-113.93524818629967
23.586863354283146,4.925467948264361,29.842511147699405,5.551115123125783e-17,0.0,-113.96116225471721
23.590744433668135,4.934692334071205,29.844296848738818,0.0,1.3877787807814457e-17,-113.9870712798725
23.594625896855877,4.94391657838502,29.846081064631253,0.0,1.3877787807814457e-17,-114.01297526122525
23.59850774377646,4.953140681280674,29.84786379686042,0.0,-1.3877787807814457e-17,-114.0388741982353
23.602389974360023,4.962364642833031,29.849645046910027,5.551115123125783e-17,-1.3877787807814457e-17,-114.06476809036239
23.606272588536743,4.971588463116933,29.85142481626377,0.0,4.163336342344337e-17,-114.0906569370663
23.610155586236836,4.980812142207207,29.853203106405385,0.0,0.0,-114.11654073780676
23.614038967390577,4.990035680178663,29.85497991881856,0.0,0.0,-114.14241949204359
23.61792273192824,4.999259077106048,29.856755254987014,1.1102230246251565e-16,1.3877787807814457e-17,-114.16829319923663
23.621806879780223,5.008482333064243,29.858529116394443,5.551115123125783e-17,-1.3877787807814457e-17,-114.19416185884552
23.6256914108769,5.017705448127964,29.86030150452457,1.1102230246251565e-16,1.3877787807814457e-17,-114.22002547033017
23.629576325148697,5.026928422371959,29.862072420861093,5.551115123125783e-17,0.0,-114.24588403315023
23.633461622526102,5.036151255870956,29.86384186688772,5.551115123125782e-17,2.7755575615628914e-17,-114.27173754676558
23.63734730293963,5.045373948699678,29.865609844088173,5.551115123125783e-17,-2.7755575615628914e-17,-114.29758601063597
23.641233366319856,5.054596500932824,29.867376353946153,-5.551115123125783e-17,-1.3877787807814457e-17,-114.32342942422113
23.645119812597354,5.06381891264503,29.869141397945363,5.551115123125783e-17,-1.3877787807814457e-17,-114.34926778698093
23.64900664170281,5.07304118391107,29.870904977569513,5.551115123125783e-17,1.3877787807814457e-17,-114.37510109837505
23.652893853566916,5.082263314805547,29.872667094302322,5.551115123125782e-17,0.0,-114.40092935786328
23.65678144812039,5.091485305403101,29.87442774962749,0.0,1.3877787807814457e-17,-114.42675256490546
23.66066942529402,5.100707155778352,29.87618694502872,5.551115123125782e-17,4.163336342344337e-17,-114.4525707189613
23.66455778501862,5.1099288660059115,29.877944681989742,-5.551115123125783e-17,0.0,-114.4783838194906
23.66844652722505,5.119150436160372,29.87970096199424,-5.551115123125783e-17,-1.3877787807814457e-17,-114.50419186595316
23.67233565184421,5.128371866316262,29.881455786525933,5.551115123125782e-17,1.3877787807814457e-17,-114.5299948578087
23.676225158807068,5.137593156548241,29.883209157068535,-1.1102230246251565e-16,0.0,-114.55579279451705
23.680115048044616,5.146814306930807,29.884961075105746,5.551115123125782e-17,-1.3877787807814457e-17,-114.58158567553798
23.684005319487873,5.156035317538491,29.886711542121283,1.1102230246251565e-16,0.0,-114.60737350033126
23.68789597306792,5.165256188445811,29.88846055959884,5.551115123125783e-17,-1.3877787807814457e-17,-114.63315626835663
23.69178700871587,5.17447691972726,29.89020812902214,-5.551115123125783e-17,5.551115123125783e-17,-114.6589339790739
23.695678426362896,5.183697511457327,29.89195425187489,0.0,0.0,-114.68470663194283
23.69957022594017,5.19291796371043,29.893698929640795,5.551115123125783e-17,2.7755575615628914e-17,-114.71047422642324
23.703462407378982,5.2021382765611275,29.895442163803562,-5.551115123125782e-17,1.3877787807814457e-17,-114.73623676197481
23.70735497061061,5.211358450083802,29.89718395584691,5.551115123125783e-17,1.3877787807814457e-17,-114.76199423805748
23.711247915566364,5.22057848435288,29.898924307254536,-5.551115123125783e-17,2.7755575615628914e-17,-114.78774665413084
23.715141242177637,5.229798379442771,29.900663219510147,0.0,2.7755575615628914e-17,-114.81349400965479
23.719034950375836,5.2390181354278615,29.902400694097462,0.0,2.7755575615628914e-17,-114.83923630408906
23.722929040092424,5.248237752382535,29.904136732500184,0.0,-1.3877787807814457e-17,-114.86497353689347
23.726823511258864,5.2574572303811,29.90587133620202,0.0,0.0,-114.8907057075277
23.730718363806766,5.266676569498008,29.907604506686685,0.0,-1.3877787807814457e-17,-114.91643281545161
23.734613597667675,5.275895769807536,29.90933624543789,1.1102230246251564e-16,2.7755575615628914e-17,-114.94215486012494
23.738509212773227,5.285114831384003,29.911066553939325,5.551115123125783e-17,-1.3877787807814457e-17,-114.96787184100751
23.742405209055086,5.29433375430171,29.912795433674713,0.0,2.7755575615628914e-17,-114.99358375755908
23.74630158644497,5.303552538634943,29.914522886127763,0.0,0.0,-115.01929060923938
23.75019834487463,5.31277118445797,29.916248912782187,0.0,-2.7755575615628914e-17,-115.04499239550822
23.754095484275844,5.321989691845001,29.91797351512168,0.0,-1.3877787807814457e-17,-115.07068911582536
23.757993004580488,5.331208060870379,29.91969669462996,0.0,0.0,-115.09638076965064
23.76189090572042,5.340426291608277,29.921418452790736,0.0,4.163336342344337e-17,-115.12206735644375
23.76578918762757,5.349644384132902,29.923138791087716,0.0,-1.3877787807814457e-17,-115.14774887566449
23.76968785023389,5.3588623385184535,29.92485771100461,0.0,1.3877787807814457e-17,-115.17342532677273
23.773586893471407,5.368080154839112,29.92657521402512,-5.551115123125783e-17,2.7755575615628914e-17,-115.1990967092281
23.777486317272153,5.37729783316904,29.92829130163296,5.551115123125783e-17,-1.3877787807814457e-17,-115.22476302249042
23.781386121568197,5.386515373582341,29.93000597531184,-5.551115123125782e-17,-1.3877787807814457e-17,-115.25042426601954
23.785286306291734,5.395732776153251,29.93171923654546,0.0,0.0,-115.27608043927519
23.789186871374895,5.404950040955837,29.93343108681754,-5.551115123125783e-17,-1.3877787807814457e-17,-115.30173154171709
23.793087816749917,5.414167168064209,29.935141527611783,5.551115123125783e-17,0.0,-115.32737757280512
23.796989142349037,5.423384157552457,29.936850560411898,-5.551115123125783e-17,1.3877787807814457e-17,-115.35301853199896
23.800890848104576,5.432601009494653,29.93855818670159,-5.551115123125783e-17,-2.7755575615628914e-17,-115.3786544187584
23.804792933948864,5.4418177239648635,29.940264407964584,-1.1102230246251565e-16,-1.3877787807814457e-17,-115.4042852325433
23.808695399814273,5.451034301037077,29.941969225684563,5.551115123125783e-17,0.0,-115.42991097281343
23.812598245633268,5.460250740785433,29.94367264134526,5.551115123125783e-17,0.0,-115.45553163902842
23.8165014713383,5.469467043283892,29.945374656430364,-5.551115123125782e-17,-2.7755575615628914e-17,-115.4811472306482
23.82040507686187,5.47868320860646,29.947075272423593,0.0,2.7755575615628914e-17,-115.5067577471325
23.824309062136543,5.4878992368271176,29.948774490808663,0.0,-2.7755575615628914e-17,-115.53236318794104
23.8282134270949,5.497115128019842,29.950472313069266,5.551115123125783e-17,1.3877787807814457e-17,-115.55796355253369
23.83211817166959,5.50633088225859,29.952168740689125,5.551115123125783e-17,0.0,-115.58355884037013
23.836023295793257,5.515546499617248,29.95386377515193,0.0,4.163336342344337e-17,-115.60914905091022
23.839928799398677,5.524761980169851,29.955557417941417,5.551115123125783e-17,-1.3877787807814457e-17,-115.63473418361369
23.843834682418574,5.533977323990259,29.95724967054127,5.551115123125783e-17,-1.3877787807814457e-17,-115.66031423794038
23.84774094478576,5.543192531152371,29.958940534435218,5.551115123125783e-17,1.3877787807814457e-17,-115.68588921334995
23.85164758643308,5.552407601730067,29.960630011106957,-5.551115123125783e-17,-1.3877787807814457e-17,-115.71145910930224
23.855554607293424,5.561622535797222,29.96231810204019,0.0,0.0,-115.73702392525705
23.859462007299708,5.570837333427687,29.96400480871864,1.1102230246251565e-16,4.163336342344337e-17,-115.7625836606741
23.863369786384887,5.580051994695247,29.965690132626012,5.551115123125782e-17,-1.3877787807814457e-17,-115.78813831501326
23.86727794448201,5.589266519673834,29.96737407524601,5.551115123125783e-17,-1.3877787807814457e-17,-115.8136878877342
23.871186481524116,5.598480908437208,29.969056638062344,5.551115123125782e-17,-2.7755575615628914e-17,-115.83923237829678
23.875095397444298,5.607695161059164,29.970737822558725,5.551115123125783e-17,0.0,-115.86477178616073
23.879004692175688,5.616909277613479,29.97241763021886,0.0,-2.7755575615628914e-17,-115.8903061107858
23.882914365651462,5.626123258173924,29.974096062526456,0.0,-2.7755575615628914e-17,-115.9158353516318
23.886824417804842,5.6353371028142485,29.97577312096522,1.1102230246251565e-16,1.3877787807814457e-17,-115.94135950815853
23.890734848569068,5.644550811608141,29.977448807018874,5.551115123125783e-17,0.0,-115.96687857982577
23.894645657877476,5.653764384629429,29.979123122171107,-1.1102230246251565e-16,1.3877787807814457e-17,-115.99239256609323
23.898556845663403,5.662977821951767,29.980796067905644,5.551115123125783e-17,1.3877787807814457e-17,-116.01790146642075
23.902468411860227,5.67219112364885,29.98246764570618,0.0,1.3877787807814457e-17,-116.04340528026806
23.906380356401357,5.681404289794357,29.984137857056442,0.0,0.0,-116.068904007095
23.910292679220294,5.690617320461957,29.985806703440108,0.0,1.3877787807814457e-17,-116.0943976463612
23.914205380250518,5.6998302157252985,29.987474186340922,5.551115123125783e-17,0.0,-116.11988619752661
23.918118459425568,5.7090429756579635,29.98914030724257,-5.551115123125783e-17,-2.7755575615628914e-17,-116.14536966005095
23.92203191667908,5.718255600333685,29.990805067628777,5.551115123125782e-17,1.3877787807814457e-17,-116.17084803339397
23.925945751944667,5.727468089826013,29.992468468983237,0.0,0.0,-116.19632131701547
23.92985996515599,5.736680444208545,29.99413051278966,1.1102230246251565e-16,0.0,-116.22178951037517
23.93377455624678,5.745892663554858,29.995791200531762,0.0,0.0,-116.24725261293295
23.937689525150788,5.755104747938519,29.997450533693247,0.0,-2.7755575615628914e-17,-116.27271062414852
23.941604871801815,5.764316697433079,29.999108513757818,0.0,1.3877787807814457e-17,-116.29816354348164
23.94552059613367,5.77352851211202,30.000765142209197,5.551115123125783e-17,1.3877787807814457e-17,-116.32361137039211
23.949436698080277,5.782740192048971,30.002420420531084,0.0,0.0,-116.34905410433973
23.953353177575543,5.7919517373173885,30.00407435020719,5.551115123125783e-17,2.7755575615628914e-17,-116.37449174478421
23.95727003455343,5.801163147990763,30.005726932721235,0.0,-1.3877787807814457e-17,-116.39992429118539
23.961187268947935,5.810374424142578,30.0073781695569,5.551115123125782e-17,2.7755575615628914e-17,-116.42535174300305
23.965104880693108,5.819585565846298,30.00902806219791,0.0,-2.7755575615628914e-17,-116.45077409969693
23.96902286972303,5.8287965731753735,30.01067661212798,0.0,-5.551115123125783e-17,-116.47619136072679
23.972941235971817,5.838007446203192,30.01232382083081,0.0,-1.3877787807814457e-17,-116.50160352555247
23.97685997937366,5.847218185003279,30.01396968979011,0.0,0.0,-116.52701059363368
23.980779099862776,5.856428789648993,30.01561422048959,1.1102230246251565e-16,0.0,-116.55241256443027
23.984698597373384,5.865639260213726,30.017257414412956,1.1102230246251565e-16,-1.3877787807814457e-17,-116.5778094374019
23.988618471839793,5.874849596770866,30.01889927304392,1.1102230246251565e-16,0.0,-116.60320121200849
23.99253872319633,5.884059799393771,30.02053979786619,0.0,-1.3877787807814457e-17,-116.6285878877097
23.99645935137737,5.893269868155804,30.022178990363475,0.0,1.3877787807814457e-17,-116.65396946396538
24.0003803563173,5.902479803130244,30.023816852019472,5.551115123125782e-17,1.3877787807814457e-17,-116.6793459402353
24.004301737950627,5.911689604390522,30.025453384317917,-5.551115123125783e-17,0.0,-116.70471731597914
24.00822349621182,5.920899272009898,30.027088588742494,5.551115123125783e-17,-1.3877787807814457e-17,-116.73008359065679
24.012145631035413,5.930108806061671,30.028722466776916,5.551115123125783e-17,-5.551115123125783e-17,-116.75544476372801
24.016068142355984,5.939318206619122,30.030355019904903,0.0,1.3877787807814457e-17,-116.78080083465254
24.01999103010815,5.948527473755524,30.03198624961015,-5.551115123125783e-17,0.0,-116.80615180289014
24.023914294226582,5.957736607544128,30.033616157376372,0.0,0.0,-116.83149766790063
24.02783793464594,5.966945608058124,30.035244744687276,-5.551115123125783e-17,-4.163336342344337e-17,-116.85683842914376
24.031761951301025,5.976154475370845,30.03687201302657,1.1102230246251565e-16,0.0,-116.88217408607933
24.035686344126578,5.985363209555458,30.038497963877965,0.0,-1.3877787807814457e-17,-116.90750463816711
24.039611113057443,5.994571810685151,30.040122598725173,5.551115123125783e-17,-2.7755575615628914e-17,-116.93283008486686
24.043536258028457,6.00378027883312,30.041745919051895,-1.1102230246251565e-16,-1.3877787807814457e-17,-116.95815042563838
24.047461778974547,6.012988614072539,30.04336792634185,-5.551115123125783e-17,-1.3877787807814457e-17,-116.98346565994143
24.051387675830647,6.022196816476562,30.044988622078737,5.551115123125782e-17,-1.3877787807814457e-17,-117.00877578723578
24.055313948531715,6.031404886118279,30.046608007746265,-5.551115123125783e-17,1.3877787807814457e-17,-117.03408080698125
24.059240597012835,6.040612823070935,30.04822608482815,0.0,0.0,-117.05938071863751
24.063167621209036,6.049820627407589,30.04984285480809,0.0,5.551115123125783e-17,-117.0846755216645
24.067095021055437,6.059028299201344,30.051458319169804,5.551115123125782e-17,-1.3877787807814457e-17,-117.10996521552178
24.07102279648717,6.068235838525295,30.053072479397,0.0,-4.163336342344337e-17,-117.13524979966935
24.074950947439437,6.077443245452517,30.054685336973368,1.1102230246251565e-16,-2.7755575615628914e-17,-117.16052927356688
24.07887947384746,6.086650520056073,30.056296893382648,5.551115123125783e-17,4.163336342344337e-17,-117.18580363667411
24.08280837564648,6.095857662408959,30.057907150108523,-5.551115123125783e-17,1.3877787807814457e-17,-117.21107288845087
24.08673765277186,6.105064672584316,30.059516108634714,-1.1102230246251565e-16,-2.7755575615628914e-17,-117.23633702835694
24.090667305158938,6.114271550655115,30.06112377044493,1.1102230246251565e-16,0.0,-117.26159605585208
24.094597332743078,6.123478296694366,30.06273013702287,0.0,0.0,-117.28684997039605
24.09852773545973,6.132684910775063,30.06433520985225,5.551115123125783e-17,0.0,-117.31209877144869
24.102458513244358,6.141891392970183,30.06593899041678,5.551115123125782e-17,1.3877787807814457e-17,-117.33734245846968
24.106389666032474,6.1510977433527,30.067541480200163,-5.551115123125782e-17,-1.3877787807814457e-17,-117.36258103091885
24.110321193759628,6.160303961995568,30.06914268068611,0.0,-1.3877787807814457e-17,-117.38781448825597
24.114253096361402,6.169510048971679,30.070742593358336,5.551115123125783e-17,1.3877787807814457e-17,-117.41304282994084
24.118185373773457,6.178716004354057,30.072341219700544,5.551115123125783e-17,1.3877787807814457e-17,-117.43826605543323
