galstreams/tracks/track.st.Yangtze.yang2023.ecsv
# %ECSV 1.0
# ---
# datatype:
# - {name: ra, unit: deg, datatype: float64}
# - {name: dec, unit: deg, datatype: float64}
# - {name: distance, unit: kpc, datatype: float64}
# - {name: pm_ra_cosdec, unit: mas / yr, datatype: float64}
# - {name: pm_dec, unit: mas / yr, datatype: float64}
# - {name: radial_velocity, unit: km / s, datatype: float64}
# delimiter: ','
# meta: !!omap
# - __serialized_columns__:
#     dec:
#       __class__: astropy.coordinates.angles.Latitude
#       unit: &id001 !astropy.units.Unit {unit: deg}
#       value: !astropy.table.SerializedColumn {name: dec}
#     distance:
#       __class__: astropy.coordinates.distances.Distance
#       unit: !astropy.units.Unit {unit: kpc}
#       value: !astropy.table.SerializedColumn {name: distance}
#     pm_dec:
#       __class__: astropy.units.quantity.Quantity
#       unit: !astropy.units.Unit {unit: mas / yr}
#       value: !astropy.table.SerializedColumn {name: pm_dec}
#     pm_ra_cosdec:
#       __class__: astropy.units.quantity.Quantity
#       unit: !astropy.units.Unit {unit: mas / yr}
#       value: !astropy.table.SerializedColumn {name: pm_ra_cosdec}
#     ra:
#       __class__: astropy.coordinates.angles.Longitude
#       unit: *id001
#       value: !astropy.table.SerializedColumn {name: ra}
#       wrap_angle: !astropy.coordinates.Angle
#         unit: *id001
#         value: 360.0
#     radial_velocity:
#       __class__: astropy.units.quantity.Quantity
#       unit: !astropy.units.Unit {unit: km / s}
#       value: !astropy.table.SerializedColumn {name: radial_velocity}
# schema: astropy-2.0
ra,dec,distance,pm_ra_cosdec,pm_dec,radial_velocity
[from data line 2133]
146.8929922180085,8.339935810361895,9.120108393559095,-0.6999999999999993,1.0999999999999992,-3.1577876737021266e-15
146.894320507152,8.349882791056373,9.120108393559097,-0.6999999999999993,1.0999999999999985,3.1577876737021266e-15
146.8956498165281,8.359829715043357,9.120108393559097,-0.6999999999999991,1.0999999999999988,-9.47336302110638e-15
146.89698014611758,8.369776582310829,9.120108393559097,-0.6999999999999993,1.099999999999999,-2.1051917824680845e-15
146.89831149590125,8.379723392846751,9.120108393559097,-0.6999999999999993,1.0999999999999992,-8.420767129872338e-15
146.89964386585993,8.389670146639036,9.120108393559097,-0.6999999999999993,1.0999999999999992,1.0525958912340423e-15
146.90097725597437,8.399616843675581,9.120108393559095,-0.6999999999999994,1.0999999999999992,-3.1577876737021266e-15
146.90231166622536,8.409563483944241,9.120108393559095,-0.6999999999999994,1.0999999999999988,0.0
146.9036470965937,8.419510067432837,9.120108393559095,-0.6999999999999993,1.0999999999999994,-1.0525958912340423e-15
146.9049835470601,8.429456594129176,9.120108393559095,-0.6999999999999992,1.0999999999999992,-1.1578554803574466e-14
146.90632101760534,8.43940306402101,9.120108393559097,-0.6999999999999993,1.099999999999999,0.0
146.90765950821014,8.449349477096074,9.120108393559097,-0.6999999999999993,1.0999999999999988,2.1051917824680845e-15
146.90899901885527,8.45929583334207,9.120108393559097,-0.6999999999999993,1.099999999999999,-1.0525958912340423e-15
146.9103395495214,8.469242132746658,9.120108393559097,-0.6999999999999993,1.099999999999999,-1.0525958912340423e-15
146.9116811001893,8.479188375297477,9.120108393559095,-0.6999999999999995,1.099999999999999,-3.1577876737021266e-15
146.91302367083964,8.489134560982123,9.120108393559097,-0.6999999999999991,1.0999999999999992,-5.2629794561702115e-15
146.9143672614531,8.499080689788173,9.120108393559097,-0.6999999999999991,1.0999999999999988,-1.0525958912340423e-15
146.91571187201038,8.50902676170316,9.120108393559097,-0.6999999999999992,1.0999999999999985,-8.420767129872338e-15
146.91705750249216,8.518972776714596,9.120108393559097,-0.6999999999999993,1.0999999999999988,-9.47336302110638e-15
146.91840415287908,8.52891873480995,9.120108393559097,-0.6999999999999993,1.0999999999999988,-5.2629794561702115e-15
146.91975182315184,8.538864635976665,9.120108393559097,-0.6999999999999993,1.099999999999999,5.2629794561702115e-15
146.92110051329107,8.548810480202148,9.120108393559097,-0.6999999999999993,1.099999999999999,-1.1578554803574466e-14
146.92245022327737,8.558756267473775,9.120108393559097,-0.6999999999999993,1.0999999999999992,-3.1577876737021266e-15
146.92380095309142,8.568701997778899,9.120108393559097,-0.6999999999999993,1.0999999999999988,-1.0525958912340423e-15
146.92515270271383,8.57864767110482,9.120108393559097,-0.6999999999999991,1.0999999999999992,-1.1578554803574466e-14
146.92650547212517,8.58859328743883,9.120108393559097,-0.6999999999999993,1.0999999999999992,-1.0525958912340423e-14
146.92785926130605,8.598538846768164,9.120108393559097,-0.6999999999999991,1.0999999999999988,-6.315575347404253e-15
146.92921407023712,8.608484349080046,9.120108393559097,-0.6999999999999992,1.099999999999999,-1.2631150694808506e-14
146.93056989889888,8.618429794361658,9.120108393559097,-0.6999999999999992,1.0999999999999988,-9.47336302110638e-15
146.93192674727194,8.628375182600145,9.120108393559097,-0.6999999999999993,1.0999999999999992,-2.1051917824680845e-15
146.93328461533687,8.638320513782627,9.120108393559097,-0.6999999999999992,1.0999999999999988,-1.3683746586042549e-14
146.9346435030742,8.648265787896197,9.120108393559097,-0.6999999999999993,1.099999999999999,-6.315575347404253e-15
146.93600341046448,8.65821100492789,9.120108393559095,-0.6999999999999994,1.0999999999999992,-1.0525958912340423e-15
146.93736433748822,8.668156164864737,9.120108393559097,-0.6999999999999993,1.099999999999999,-8.420767129872338e-15
146.93872628412598,8.678101267693725,9.120108393559095,-0.6999999999999995,1.099999999999999,-5.2629794561702115e-15
146.94008925035826,8.688046313401813,9.120108393559097,-0.6999999999999993,1.0999999999999988,-9.47336302110638e-15
146.9414532361655,8.697991301975911,9.120108393559095,-0.6999999999999995,1.099999999999999,-4.210383564936169e-15
146.9428182415283,8.707936233402918,9.120108393559097,-0.6999999999999992,1.0999999999999988,-1.1578554803574466e-14
146.94418426642707,8.717881107669692,9.120108393559097,-0.6999999999999993,1.099999999999999,-7.368171238638296e-15
146.94555131084232,8.727825924763046,9.120108393559095,-0.6999999999999995,1.0999999999999992,-1.0525958912340423e-15
146.9469193747545,8.73777068466978,9.120108393559095,-0.6999999999999994,1.0999999999999992,4.210383564936169e-15
146.94828845814405,8.747715387376646,9.120108393559097,-0.6999999999999992,1.099999999999999,-5.2629794561702115e-15
146.9496585609914,8.757660032870374,9.120108393559097,-0.6999999999999991,1.0999999999999992,1.0525958912340423e-15
146.95102968327703,8.767604621137659,9.120108393559097,-0.6999999999999992,1.099999999999999,-6.315575347404253e-15
146.95240182498134,8.777549152165154,9.120108393559097,-0.6999999999999992,1.099999999999999,-6.315575347404253e-15
146.95377498608474,8.787493625939492,9.120108393559097,-0.6999999999999993,1.0999999999999988,-8.420767129872338e-15
146.9551491665676,8.797438042447261,9.120108393559097,-0.6999999999999993,1.099999999999999,-7.368171238638296e-15
146.9565243664104,8.80738240167503,9.120108393559097,-0.6999999999999992,1.099999999999999,-9.47336302110638e-15
146.95790058559342,8.817326703609318,9.120108393559095,-0.6999999999999995,1.099999999999999,0.0
146.95927782409714,8.827270948236624,9.120108393559097,-0.6999999999999992,1.0999999999999988,-1.1578554803574466e-14
146.96065608190185,8.837215135543415,9.120108393559097,-0.6999999999999993,1.0999999999999992,-6.315575347404253e-15
146.96203535898792,8.847159265516112,9.120108393559097,-0.6999999999999993,1.0999999999999985,-2.1051917824680845e-15
146.9634156553357,8.85710333814111,9.120108393559097,-0.6999999999999993,1.0999999999999985,-7.368171238638296e-15
146.9647969709255,8.867047353404782,9.120108393559095,-0.6999999999999994,1.099999999999999,-8.420767129872338e-15
146.96617930573768,8.87699131129345,9.120108393559097,-0.6999999999999992,1.0999999999999988,0.0
146.96756265975256,8.886935211793412,9.120108393559097,-0.6999999999999992,1.0999999999999985,-9.47336302110638e-15
146.96894703295038,8.89687905489093,9.120108393559097,-0.6999999999999993,1.099999999999999,-1.1578554803574466e-14
146.97033242531148,8.906822840572234,9.120108393559095,-0.6999999999999993,1.0999999999999994,-9.47336302110638e-15
146.97171883681614,8.91676656882352,9.120108393559097,-0.6999999999999993,1.0999999999999988,-1.2631150694808506e-14
146.97310626744462,8.92671023963096,9.120108393559095,-0.6999999999999995,1.0999999999999992,-5.2629794561702115e-15
146.97449471717718,8.936653852980669,9.120108393559097,-0.6999999999999993,1.099999999999999,-4.210383564936169e-15
146.9758841859941,8.94659740885876,9.120108393559095,-0.6999999999999994,1.099999999999999,-5.2629794561702115e-15
146.97727467387554,8.956540907251291,9.120108393559097,-0.6999999999999993,1.0999999999999988,1.0525958912340423e-15
146.97866618080184,8.966484348144286,9.120108393559095,-0.6999999999999994,1.0999999999999988,-1.0525958912340423e-14
146.98005870675317,8.976427731523748,9.120108393559097,-0.6999999999999995,1.099999999999999,-8.420767129872338e-15
146.98145225170973,8.986371057375642,9.120108393559097,-0.6999999999999993,1.099999999999999,-2.1051917824680845e-15
146.98284681565173,8.996314325685894,9.120108393559097,-0.6999999999999993,1.0999999999999988,-1.2631150694808506e-14
146.98424239855933,9.006257536440405,9.120108393559095,-0.6999999999999995,1.099999999999999,4.210383564936169e-15
146.98563900041276,9.016200689625032,9.120108393559097,-0.6999999999999993,1.0999999999999988,-4.210383564936169e-15
146.98703662119215,9.026143785225607,9.120108393559097,-0.6999999999999993,1.0999999999999988,5.2629794561702115e-15
146.9884352608777,9.036086823227928,9.120108393559097,-0.6999999999999993,1.0999999999999988,-6.315575347404253e-15
146.98983491944952,9.046029803617762,9.120108393559097,-0.6999999999999993,1.0999999999999988,-3.1577876737021266e-15
146.99123559688778,9.055972726380828,9.120108393559095,-0.6999999999999993,1.0999999999999992,-9.47336302110638e-15
146.99263729317255,9.065915591502828,9.120108393559097,-0.6999999999999993,1.0999999999999988,-9.47336302110638e-15
146.99404000828397,9.075858398969427,9.120108393559095,-0.6999999999999996,1.0999999999999994,0.0
146.99544374220218,9.085801148766238,9.120108393559097,-0.6999999999999992,1.099999999999999,-7.368171238638296e-15
146.99684849490725,9.095743840878873,9.120108393559095,-0.6999999999999995,1.099999999999999,-2.1051917824680845e-15
146.99825426637926,9.10568647529288,9.120108393559097,-0.6999999999999993,1.0999999999999988,2.1051917824680845e-15
146.9996610565983,9.115629051993798,9.120108393559097,-0.6999999999999993,1.099999999999999,-1.0525958912340423e-14
147.0010688655444,9.125571570967118,9.120108393559093,-0.6999999999999996,1.099999999999999,2.1051917824680845e-15
147.00247769319762,9.135514032198284,9.120108393559097,-0.6999999999999995,1.099999999999999,-5.2629794561702115e-15
147.00388753953803,9.145456435672742,9.120108393559095,-0.6999999999999995,1.0999999999999994,-3.1577876737021266e-15
147.00529840454567,9.155398781375869,9.120108393559095,-0.6999999999999995,1.0999999999999992,-1.0525958912340423e-15
147.0067102882005,9.165341069293035,9.120108393559095,-0.6999999999999995,1.099999999999999,0.0
147.0081231904826,9.175283299409552,9.120108393559095,-0.6999999999999994,1.0999999999999992,2.1051917824680845e-15
147.00953711137188,9.18522547171072,9.120108393559097,-0.6999999999999994,1.099999999999999,-3.1577876737021266e-15
147.0109520508484,9.195167586181794,9.120108393559095,-0.6999999999999995,1.099999999999999,-1.0525958912340423e-15
147.01236800889214,9.205109642807995,9.120108393559095,-0.6999999999999994,1.0999999999999992,0.0
147.01378498548303,9.215051641574505,9.120108393559097,-0.6999999999999993,1.099999999999999,-1.1578554803574466e-14
147.015202980601,9.224993582466483,9.120108393559097,-0.6999999999999993,1.0999999999999992,-4.210383564936169e-15
147.01662199422606,9.234935465469064,9.120108393559095,-0.6999999999999995,1.0999999999999992,0.0
147.01804202633812,9.244877290567313,9.120108393559097,-0.6999999999999993,1.099999999999999,-6.315575347404253e-15
147.01946307691708,9.254819057746289,9.120108393559097,-0.6999999999999994,1.0999999999999988,-3.1577876737021266e-15
147.02088514594288,9.264760766991014,9.120108393559097,-0.6999999999999995,1.0999999999999992,0.0
147.02230823339542,9.274702418286468,9.120108393559097,-0.6999999999999995,1.0999999999999988,0.0
147.02373233925456,9.28464401161761,9.120108393559097,-0.6999999999999993,1.0999999999999988,-6.315575347404253e-15
147.0251574635002,9.294585546969342,9.120108393559097,-0.6999999999999993,1.099999999999999,1.0525958912340423e-15
147.0265836061122,9.304527024326553,9.120108393559097,-0.6999999999999994,1.0999999999999992,-8.420767129872338e-15
147.02801076707044,9.314468443674098,9.120108393559097,-0.6999999999999993,1.0999999999999988,-8.420767129872338e-15
147.0294389463547,9.324409804996773,9.120108393559097,-0.6999999999999993,1.099999999999999,7.368171238638296e-15
147.0308681439449,9.33435110827937,9.120108393559097,-0.6999999999999995,1.099999999999999,3.1577876737021266e-15
147.03229835982083,9.344292353506628,9.120108393559097,-0.6999999999999993,1.099999999999999,-9.47336302110638e-15
147.03372959396228,9.35423354066326,9.120108393559097,-0.6999999999999993,1.0999999999999992,-1.7894130150978717e-14
147.03516184634904,9.364174669733949,9.120108393559097,-0.6999999999999993,1.0999999999999988,-3.1577876737021266e-15
147.03659511696094,9.374115740703317,9.120108393559095,-0.6999999999999995,1.0999999999999992,-6.315575347404253e-15
147.03802940577776,9.384056753555996,9.120108393559095,-0.6999999999999993,1.0999999999999994,-1.473634247727659e-14
147.03946471277922,9.393997708276535,9.120108393559097,-0.6999999999999993,1.0999999999999988,-6.315575347404253e-15
147.04090103794513,9.403938604849493,9.120108393559097,-0.6999999999999993,1.0999999999999988,3.1577876737021266e-15
147.0423383812552,9.41387944325936,9.120108393559097,-0.6999999999999995,1.0999999999999988,0.0
147.0437767426892,9.423820223490615,9.120108393559095,-0.6999999999999993,1.0999999999999988,-7.368171238638296e-15
147.04521612222678,9.433760945527691,9.120108393559097,-0.6999999999999993,1.0999999999999988,-2.1051917824680845e-15
147.04665651984772,9.443701609354981,9.120108393559097,-0.6999999999999994,1.0999999999999992,5.2629794561702115e-15
147.0480979355317,9.453642214956862,9.120108393559095,-0.6999999999999995,1.0999999999999992,-6.315575347404253e-15
147.0495403692584,9.463582762317657,9.120108393559095,-0.6999999999999995,1.099999999999999,-9.47336302110638e-15
147.0509838210075,9.473523251421671,9.120108393559097,-0.6999999999999993,1.0999999999999988,2.1051917824680845e-15
147.05242829075868,9.48346368225316,9.120108393559095,-0.6999999999999994,1.0999999999999994,-1.0525958912340423e-15
147.05387377849155,9.493404054796349,9.120108393559098,-0.6999999999999991,1.0999999999999985,-7.368171238638296e-15
147.0553202841858,9.503344369035444,9.120108393559095,-0.6999999999999995,1.0999999999999988,-1.0525958912340423e-15
147.05676780782105,9.513284624954592,9.120108393559095,-0.6999999999999995,1.099999999999999,-2.1051917824680845e-15
147.0582163493769,9.523224822537921,9.120108393559095,-0.6999999999999995,1.099999999999999,-1.0525958912340423e-15
147.05966590883298,9.533164961769517,9.120108393559097,-0.6999999999999995,1.0999999999999985,-9.47336302110638e-15
147.06111648616886,9.543105042633442,9.120108393559097,-0.6999999999999995,1.0999999999999988,5.2629794561702115e-15
147.06256808136416,9.553045065113707,9.120108393559095,-0.6999999999999996,1.099999999999999,-1.0525958912340423e-15
147.0640206943984,9.562985029194301,9.120108393559097,-0.6999999999999993,1.099999999999999,1.0525958912340423e-15
147.06547432525122,9.572924934859177,9.120108393559097,-0.6999999999999995,1.099999999999999,1.1578554803574466e-14
147.0669289739021,9.582864782092235,9.120108393559097,-0.6999999999999993,1.099999999999999,-4.210383564936169e-15
147.06838464033063,9.59280457087738,9.120108393559095,-0.6999999999999995,1.099999999999999,-4.210383564936169e-15
147.0698413245163,9.602744301198436,9.120108393559097,-0.6999999999999994,1.0999999999999988,-2.1051917824680845e-15
147.07129902643862,9.612683973039227,9.120108393559097,-0.6999999999999994,1.099999999999999,-4.210383564936169e-15
147.07275774607712,9.62262358638352,9.120108393559097,-0.6999999999999995,1.0999999999999988,-5.2629794561702115e-15
147.07421748341127,9.632563141215064,9.120108393559095,-0.6999999999999993,1.099999999999999,-7.368171238638296e-15
147.07567823842058,9.642502637517554,9.120108393559095,-0.6999999999999993,1.0999999999999992,-8.420767129872338e-15
147.07714001108448,9.65244207527467,9.120108393559095,-0.6999999999999993,1.0999999999999992,-8.420767129872338e-15
147.07860280138246,9.662381454470044,9.120108393559095,-0.6999999999999993,1.0999999999999988,-1.3683746586042549e-14
147.08006660929394,9.672320775087274,9.120108393559098,-0.6999999999999992,1.0999999999999988,-1.1578554803574466e-14
147.08153143479834,9.682260037109938,9.120108393559095,-0.6999999999999995,1.0999999999999992,-1.0525958912340423e-15
147.08299727787514,9.692199240521552,9.120108393559095,-0.6999999999999995,1.0999999999999994,-2.1051917824680845e-15
147.0844641385037,9.702138385305613,9.120108393559097,-0.6999999999999995,1.0999999999999985,-5.2629794561702115e-15
