galstreams/tracks/track.st.Cetus-Palca.thomas2021.ecsv
# %ECSV 0.9
# ---
# datatype:
# - {name: ra, unit: deg, datatype: float64}
# - {name: dec, unit: deg, datatype: float64}
# - {name: distance, unit: kpc, datatype: float64}
# - {name: pm_ra_cosdec, unit: mas / yr, datatype: float64}
# - {name: pm_dec, unit: mas / yr, datatype: float64}
# - {name: radial_velocity, unit: km / s, datatype: float64}
# delimiter: ','
# meta: !!omap
# - __serialized_columns__:
#     dec:
#       __class__: astropy.coordinates.angles.Latitude
#       unit: &id001 !astropy.units.Unit {unit: deg}
#       value: !astropy.table.SerializedColumn {name: dec}
#     distance:
#       __class__: astropy.coordinates.distances.Distance
#       unit: !astropy.units.Unit {unit: kpc}
#       value: !astropy.table.SerializedColumn {name: distance}
#     pm_dec:
#       __class__: astropy.units.quantity.Quantity
#       unit: !astropy.units.Unit {unit: mas / yr}
#       value: !astropy.table.SerializedColumn {name: pm_dec}
#     pm_ra_cosdec:
#       __class__: astropy.units.quantity.Quantity
#       unit: !astropy.units.Unit {unit: mas / yr}
#       value: !astropy.table.SerializedColumn {name: pm_ra_cosdec}
#     ra:
#       __class__: astropy.coordinates.angles.Longitude
#       unit: *id001
#       value: !astropy.table.SerializedColumn {name: ra}
#       wrap_angle: !astropy.coordinates.Angle
#         unit: *id001
#         value: 360.0
#     radial_velocity:
#       __class__: astropy.units.quantity.Quantity
#       unit: !astropy.units.Unit {unit: km / s}
#       value: !astropy.table.SerializedColumn {name: radial_velocity}
# schema: astropy-2.0
ra,dec,distance,pm_ra_cosdec,pm_dec,radial_velocity
[from data line 9280]
15.182356629886367,22.436617802075318,28.540294680488685,0.7584154336458149,0.020616475863370527,0.0
15.179852765872683,22.446334607526694,28.53784709236971,0.758466454631577,0.020954410950222394,-3.1577876737021266e-15
15.177348664464958,22.456051399883112,28.535398868721128,0.758517495926138,0.021292455638895348,-6.97344777942553e-15
15.174844325517947,22.465768179136997,28.532950009460354,0.7585685575194642,0.021630609942554696,5.394553942574467e-15
15.17233974888632,22.47548494528072,28.530500514504826,0.7586196394015141,0.021968873874367204,-5.1314049697659564e-15
15.169834934424713,22.4852016983067,28.52805038377196,0.7586707415622388,0.022307247447502943,1.4473193504468082e-15
15.16732988198769,22.494918438207304,28.525599617179182,0.7587218639915804,0.022645730675132654,-2.8946387008936164e-15
15.164824591429749,22.504635164974957,28.523148214643914,0.7587730066794744,0.022984323570431033,4.473532537744679e-15
15.162319062605318,22.51435187860205,28.520696176083568,0.7588241696158475,0.02332302614657442,9.21021404829787e-16
15.15981329536879,22.524068579080925,28.518243501415593,0.7588753527906181,0.0236618384167404,-5.394553942574467e-15
15.157307289574481,22.53378526640401,28.5157901905574,0.7589265561936971,0.024000760394110213,-7.499745725042552e-15
15.154801045076644,22.543501940563694,28.513336243426398,0.7589777798149876,0.024339792091867117,3.9472345921276583e-16
15.152294561729471,22.553218601552324,28.51088165994003,0.759029023644384,0.024678933523195026,-1.2499576208404252e-14
15.149787839387113,22.562935249362287,28.50842644001571,0.7590802876717736,0.02501818470128228,0.0
15.147280877903619,22.57265188398598,28.50597058357086,0.7591315718870348,0.025357545639318652,-9.47336302110638e-15
15.14477367713302,22.582368505415754,28.503514090522916,0.7591828762800381,0.02569701635049497,-4.9998304833617005e-15
15.142266236929258,22.592085113643975,28.501056960789295,0.7592342008406471,0.026036596848005855,-5.526128428978722e-15
15.139758557146214,22.601801708663043,28.498599194287404,0.7592855455587159,0.026376287145048288,-7.631320211446806e-15
15.137250637637731,22.611518290465284,28.49614079093469,0.7593369104240912,0.026716087254819703,8.683916102680848e-15
15.134742478257555,22.621234859043085,28.493681750648573,0.7593882954266118,0.027055997190521427,-3.4209366465106372e-15
15.132234078859405,22.630951414388804,28.49122207334646,0.7594397005561087,0.027396016965356887,-2.6314897280851057e-16
15.129725439296921,22.640667956494774,28.488761758945802,0.7594911258024035,0.02773614659253059,-3.947234592127659e-15
15.127216559423676,22.65038448535338,28.486300807363993,0.7595425711553118,0.028076386085250794,-5.262979456170211e-16
15.124707439093196,22.66010100095696,28.48383921851847,0.7595940366046393,0.02841673545672654,7.8944691842553165e-16
15.122198078158934,22.66981750329786,28.48137699232666,0.759645522140185,0.028757194720170274,-3.947234592127659e-15
15.119688476474277,22.679533992368455,28.47891412870598,0.7596970277517391,0.02909776388879672,-7.894469184255318e-15
15.117178633892573,22.68925046816104,28.476450627573865,0.7597485534290833,0.02943844297582151,-1.0525958912340423e-14
15.114668550267083,22.69896693066799,28.47398648884772,0.7598000991619929,0.029779231994463553,-3.947234592127659e-15
15.112158225451012,22.70868337988166,28.47152171244498,0.7598516649402337,0.030120130957944878,-5.2629794561702115e-15
15.109647659297522,22.718399815794342,28.46905629828306,0.7599032507535634,0.030461139879487342,-7.8944691842553165e-16
15.107136851659682,22.728116238398396,28.4665902462794,0.759954856591732,0.030802258772317202,-8.683916102680848e-15
15.104625802390517,22.73783264768616,28.464123556351414,0.7600064824444819,0.0311434876496627,2.1051917824680845e-15
15.102114511342995,22.747549043649954,28.461656228416523,0.7600581283015466,0.03148482652475266,4.210383564936169e-15
15.099602978370008,22.7572654262821,28.45918826239215,0.7601097941526522,0.03182627541082012,-2.6314897280851058e-15
15.097091203324382,22.766981795574935,28.456719658195723,0.7601614799875155,0.03216783432109986,-1.842042809659574e-15
15.094579186058905,22.776698151520772,28.45425041574467,0.7602131857958466,0.03250950326882775,-4.210383564936169e-15
15.092066926426282,22.78641449411191,28.451780534956402,0.760264911567347,0.03285128226724325,-2.368340755276595e-15
15.089554424279154,22.796130823340707,28.44931001574835,0.76031665729171,0.03319317132958814,-4.9998304833617005e-15
15.087041679470119,22.805847139199447,28.446838858037932,0.7603684229586208,0.03353517046910507,-4.473532537744679e-15
15.084528691851691,22.815563441680442,28.44436706174258,0.7604202085577562,0.03387727969904021,3.1577876737021266e-15
15.082015461276326,22.825279730776018,28.441894626779714,0.760472014078785,0.034219499032642195,-3.4209366465106372e-15
15.079501987596428,22.834996006478463,28.43942155306675,0.7605238395113681,0.034561828483160265,-8.947065075489359e-15
15.076988270664337,22.84471226878009,28.43694784052112,0.7605756848451586,0.03490426806384799,-6.8418732930212744e-15
15.074474310332318,22.85442851767319,28.434473489060256,0.7606275500698004,0.035246817787959066,5.2629794561702115e-15
15.071960106452577,22.864144753150054,28.431998498601565,0.7606794351749303,0.035589477668751285,-9.736511993914891e-15
15.069445658877262,22.87386097520302,28.42952286906247,0.7607313401501767,0.03593224771948442,7.8944691842553165e-16
15.06693096745846,22.883577183824322,28.42704660036041,0.7607832649851588,0.036275127953418945,-3.947234592127659e-15
15.064416032048186,22.89329337900629,28.4245696924128,0.7608352096694893,0.036618118383819384,-9.47336302110638e-15
15.061900852498399,22.903009560741197,28.422092145137054,0.7608871741927717,0.03696121902395217,-9.999660966723401e-15
15.05938542866099,22.91272572902133,28.419613958450622,0.7609391585446011,0.03730442988708477,-5.789277401787233e-15
15.0568697603878,22.92244188383896,28.41713513227089,0.7609911627145658,0.03764775098648826,5.2629794561702115e-15
15.054353847530578,22.9321580251864,28.414655666515312,0.7610431866922445,0.03799118233543625,-1.5788938368510633e-15
15.051837689941046,22.94187415305589,28.412175561101304,0.761095230467208,0.03833472394720275,-1.3157448640425529e-15
15.049321287470839,22.95159026743971,28.40969481594628,0.7611472940290195,0.03867837583506553,2.6314897280851057e-16
15.046804639971525,22.961306368330153,28.40721343096768,0.7611993773672335,0.039022138012305134,-8.157618157063828e-15
15.04428774729463,22.971022455719474,28.404731406082906,0.7612514804713966,0.03936601049220234,2.368340755276595e-15
15.041770609291603,22.980738529599922,28.4022487412094,0.7613036033310467,0.03970999328804185,3.1577876737021266e-15
15.03925322581382,22.99045458996379,28.399765436264577,0.7613557459357144,0.04005408641311074,-3.947234592127659e-15
15.036735596712616,23.000170636803325,28.397281491165863,0.7614079082749209,0.04039828988069654,-1.473634247727659e-14
15.034217721839246,23.00988667011079,28.394796905830685,0.7614600903381804,0.0407426037040918,-5.2629794561702115e-15
15.031699601044911,23.019602689878432,28.392311680176455,0.761512292114998,0.04108702789658828,-1.1315405830765954e-14
15.029181234180736,23.0293186960985,28.389825814120602,0.7615645135948709,0.04143156247148234,-8.947065075489359e-15
15.026662621097794,23.03903468876327,28.38733930758056,0.761616754767288,0.041776207442072395,-3.947234592127659e-15
15.024143761647085,23.048750667864955,28.38485216047374,0.7616690156217297,0.0421209628216572,-9.47336302110638e-15
15.021624655679558,23.058466633395817,28.38236437271757,0.7617212961476691,0.04246582862354008,-8.947065075489359e-15
15.019105303046082,23.068182585348115,28.379875944229468,0.7617735963345703,0.04281080486102576,-4.73668151055319e-15
15.016585703597471,23.077898523714055,28.377386874926874,0.7618259161718886,0.04315589154742056,-6.052426374595743e-15
15.014065857184479,23.08761444848588,28.374897164727187,0.7618782556490724,0.043501088696034,-9.21021404829787e-15
15.011545763657786,23.09733035965586,28.372406813547848,0.7619306147555611,0.043846396320178144,-3.684085619319148e-15
15.009025422868016,23.107046257216172,28.36991582130628,0.7619829934807854,0.044191814433165534,-5.789277401787233e-15
15.006504834665717,23.11676214115908,28.3674241879199,0.7620353918141688,0.04453734304831304,-1.842042809659574e-15
15.003983998901386,23.126478011476827,28.36493191330613,0.7620878097451259,0.044882982178939206,-4.9998304833617005e-15
15.001462915425458,23.136193868161573,28.3624389973824,0.7621402472630627,0.045228731838363824,-8.157618157063828e-15
14.99894158408829,23.145909711205586,28.359945440066134,0.7621927043573778,0.045574592039910065,-3.684085619319148e-15
14.996420004740171,23.155625540601086,28.357451241274745,0.7622451810174604,0.045920562796903576,-3.947234592127659e-15
14.993898177231355,23.16534135634027,28.354956400925673,0.7622976772326926,0.04626664412267096,4.210383564936169e-15
14.991376101411994,23.175057158415367,28.35246091893632,0.7623501929924473,0.04661283603054284,-7.894469184255318e-15
14.988853777132208,23.184772946818555,28.349964795224135,0.7624027282860892,0.04695913853385014,-3.1577876737021266e-15
14.986331204242028,23.19448872154206,28.347468029706526,0.7624552831029758,0.04730555164592774,-9.47336302110638e-15
14.983808382591432,23.204204482578113,28.34497062230091,0.7625078574324546,0.04765207538011252,-7.8944691842553165e-16
14.981285312030339,23.213920229918873,28.342472572924727,0.7625604512638656,0.047998709749742345,4.473532537744679e-15
14.978761992408582,23.223635963556546,28.339973881495396,0.7626130645865408,0.04834545476815926,-1.0525958912340423e-14
14.97623842357595,23.23335168348336,28.337474547930327,0.7626656973898036,0.04869231044870644,-3.1577876737021266e-15
14.973714605382158,23.24306738969147,28.334974572146965,0.762718349662969,0.04903927680472916,-4.73668151055319e-15
14.971190537676867,23.25278308217308,28.332473954062714,0.7627710213953434,0.049386353849575515,5.2629794561702115e-15
14.968666220309647,23.262498760920387,28.329972693595007,0.7628237125762253,0.04973354159659654,-8.420767129872338e-15
14.966141653130032,23.27221442592556,28.327470790661277,0.7628764231949041,0.05008084005914363,-4.210383564936169e-15
14.963616835987482,23.281930077180796,28.324968245178923,0.7629291532406631,0.05042824925057193,5.262979456170211e-16
14.961091768731373,23.291645714678264,28.32246505706539,0.7629819027027741,0.05077576918423952,1.5788938368510633e-15
14.958566451211043,23.301361338410153,28.31996122623809,0.7630346715705032,0.05112339987350446,-5.262979456170211e-16
14.956040883275751,23.311076948368605,28.317456752614458,0.7630874598331054,0.05147114133172912,-1.6315236314127656e-14
14.953515064774692,23.320792544545835,28.314951636111896,0.7631402674798305,0.051818993572277795,-5.2629794561702115e-15
14.950988995556997,23.33050812693399,28.312445876647857,0.7631930944999173,0.05216695660851595,-1.5788938368510633e-15
14.948462675471733,23.340223695525218,28.30993947413974,0.7632459408825981,0.052515030453812464,5.262979456170211e-16
14.945936104367899,23.349939250311717,28.307432428504978,0.7632988066170953,0.05286321512153898,1.5788938368510633e-15
14.943409282094418,23.35965479128562,28.30492473966099,0.7633516916926237,0.05321151062506747,-5.2629794561702115e-15
14.940882208500176,23.369370318439113,28.302416407525204,0.7634045960983901,0.05355991697777426,1.0525958912340423e-15
14.938354883433965,23.379085831764318,28.299907432015043,0.7634575198235923,0.05390843419303645,0.0
14.935827306744525,23.388801331253372,28.297397813047944,0.7635104628574189,0.05425706228423424,-5.262979456170211e-16
14.933299478280523,23.39851681689849,28.294887550541297,0.7635634251890524,0.05460580126475063,-5.2629794561702115e-15
14.930771397890572,23.40823228869176,28.292376644412567,0.7636164068076642,0.054954651147969144,-3.684085619319148e-15
14.92824306542321,23.41794774662534,28.289865094579145,0.7636694077024198,0.05530361194727744,-1.0525958912340423e-15
14.925714480726903,23.427663190691394,28.287352900958464,0.7637224278624744,0.05565268367606511,1.5788938368510633e-15
14.923185643650072,23.437378620882026,28.284840063467954,0.7637754672769752,0.056001866347722605,-2.6314897280851058e-15
14.920656554041047,23.44709403718938,28.282326582025025,0.7638285259350619,0.056351159975644285,5.2629794561702115e-15
14.918127211748105,23.456809439605617,28.27981245654712,0.7638816038258645,0.05670056457322674,-6.315575347404253e-15
14.915597616619468,23.46652482812282,28.277297686951645,0.7639347009385051,0.0570500801538674,5.2629794561702115e-15
14.913067768503266,23.476240202733145,28.27478227315603,0.7639878172620981,0.05739970673096773,2.6314897280851058e-15
14.910537667247578,23.48595556342871,28.2722662150777,0.7640409527857482,0.057749444317931,5.2629794561702115e-15
14.908007312700418,23.495670910201632,28.26974951263408,0.7640941074985519,0.05809929292816166,-1.0525958912340423e-15
14.905476704709736,23.505386243044033,28.267232165742588,0.7641472813895984,0.058449252575067744,-1.0525958912340423e-15
14.902945843123396,23.515101561948025,28.264714174320645,0.764200474447967,0.05879932327205981,-9.999660966723401e-15
14.90041472778923,23.524816866905713,28.26219553828568,0.764253686662729,0.05914950503254895,3.1577876737021266e-15
14.897883358554962,23.53453215790924,28.259676257555117,0.7643069180229476,0.059499797869950785,-5.262979456170211e-16
14.895351735268287,23.544247434950652,28.25715633204639,0.764360168517677,0.0598502017976813,-1.2104852749191486e-14
14.89281985777681,23.5539626980221,28.254635761676898,0.7644134381359633,0.060200716829159874,-6.8418732930212744e-15
14.89028772592808,23.563677947115682,28.252114546364083,0.7644667268668439,0.06055134297780878,1.5788938368510633e-15
14.887755339569566,23.573393182223477,28.24959268602536,0.7645200346993483,0.06090208025705076,-1.2104852749191486e-14
14.8852226985487,23.583108403337587,28.247070180578156,0.7645733616224962,0.06125292868031215,4.210383564936169e-15
14.882689802712806,23.592823610450115,28.244547029939895,0.7646267076253002,0.0616038882610221,-3.684085619319148e-15
14.880156651909175,23.602538803553134,28.242023234028004,0.7646800726967632,0.06195495901261011,-1.0525958912340423e-15
14.877623245985019,23.61225398263873,28.2394987927599,0.7647334568258806,0.06230614094850982,-5.262979456170211e-16
14.87508958478747,23.621969147699012,28.236973706053,0.7647868600016391,0.06265743408215699,4.210383564936169e-15
14.872555668163617,23.631684298726036,28.234447973824743,0.7648402822130157,0.06300883842698857,0.0
14.870021495960472,23.641399435711882,28.23192159599255,0.7648937234489805,0.06336035399644457,3.1577876737021266e-15
14.86748706802497,23.651114558648636,28.229394572473833,0.764947183698494,0.06371198080396795,-7.368171238638296e-15
14.864952384203988,23.66082966752836,28.22686690318602,0.7650006629505094,0.0640637188630023,5.262979456170211e-16
14.862417444344345,23.670544762343138,28.224338588046546,0.7650541611939693,0.06441556818699501,-5.2629794561702115e-15
14.859882248292767,23.68025984308503,28.22180962697282,0.7651076784178095,0.0647675287893958,-8.947065075489359e-15
14.857346795895944,23.68997490974608,28.21928001988227,0.7651612146109569,0.06511960068365527,5.789277401787233e-15
14.854811087000465,23.699689962318377,28.216749766692327,0.7652147697623289,0.06547178388322808,-1.0525958912340423e-14
14.85227512145289,23.709405000793954,28.2142188673204,0.7652683438608359,0.06582407840156976,-4.210383564936169e-15
14.849738899099677,23.719120025164877,28.21168732168393,0.7653219368953782,0.06617648425213885,-5.2629794561702115e-15
14.847202419787234,23.728835035423213,28.209155129700317,0.7653755488548492,0.06652900144839669,-3.684085619319148e-15
14.8446656833619,23.73855003156099,28.206622291287008,0.7654291797281313,0.0668816300038058,8.420767129872338e-15
