galstreams/tracks/track.st.Elqui.shipp2019.ecsv
# %ECSV 1.0
# ---
# datatype:
# - {name: ra, unit: deg, datatype: float64}
# - {name: dec, unit: deg, datatype: float64}
# - {name: distance, unit: kpc, datatype: float64}
# - {name: pm_ra_cosdec, unit: mas / yr, datatype: float64}
# - {name: pm_dec, unit: mas / yr, datatype: float64}
# - {name: radial_velocity, unit: km / s, datatype: float64}
# delimiter: ','
# meta: !!omap
# - __serialized_columns__:
#     dec:
#       __class__: astropy.coordinates.angles.Latitude
#       unit: &id001 !astropy.units.Unit {unit: deg}
#       value: !astropy.table.SerializedColumn {name: dec}
#     distance:
#       __class__: astropy.coordinates.distances.Distance
#       unit: !astropy.units.Unit {unit: kpc}
#       value: !astropy.table.SerializedColumn {name: distance}
#     pm_dec:
#       __class__: astropy.units.quantity.Quantity
#       unit: !astropy.units.Unit {unit: mas / yr}
#       value: !astropy.table.SerializedColumn {name: pm_dec}
#     pm_ra_cosdec:
#       __class__: astropy.units.quantity.Quantity
#       unit: !astropy.units.Unit {unit: mas / yr}
#       value: !astropy.table.SerializedColumn {name: pm_ra_cosdec}
#     ra:
#       __class__: astropy.coordinates.angles.Longitude
#       unit: *id001
#       value: !astropy.table.SerializedColumn {name: ra}
#       wrap_angle: !astropy.coordinates.Angle
#         unit: *id001
#         value: 360.0
#     radial_velocity:
#       __class__: astropy.units.quantity.Quantity
#       unit: !astropy.units.Unit {unit: km / s}
#       value: !astropy.table.SerializedColumn {name: radial_velocity}
# schema: astropy-2.0
ra,dec,distance,pm_ra_cosdec,pm_dec,radial_velocity
[from data line 993]
21.485651748187276,-42.82651525383384,50.099999999999994,0.08843509753829965,-0.14255946677528414,-76.86874130590124
21.497059309444293,-42.83200877385082,50.09999999999999,0.08807224974899389,-0.14125496489600026,-77.09581182516293
21.50846837909696,-42.837501772045,50.099999999999994,0.08770864074489446,-0.13994907147288638,-77.32341563917022
21.519878957671736,-42.84299424815774,50.09999999999999,0.08734426982035683,-0.13864178677896716,-77.551552747923
21.5312910456951,-42.848486201930314,50.099999999999994,0.08697913626950785,-0.1373331110875784,-77.78022315142132
21.54270464369359,-42.85397763310394,50.099999999999994,0.0866132393862456,-0.13602304467236598,-78.00942684966522
21.554119752193756,-42.8594685414197,50.099999999999994,0.08624657846423969,-0.13471158780728731,-78.23916384265466
21.56553637172221,-42.864958926618606,50.099999999999994,0.08587915279693087,-0.1333987407666105,-78.46943413038963
21.57695450280557,-42.870448788441585,50.099999999999994,0.08551096167753158,-0.13208450382491535,-78.70023771287016
21.588374145970512,-42.875938126629464,50.099999999999994,0.08514200439902565,-0.13076887725709346,-78.93157459009619
21.599795301743754,-42.88142694092298,50.099999999999994,0.08477228025416846,-0.12945186133834785,-79.1634447620678
21.611217970652024,-42.88691523106277,50.09999999999999,0.08440178853548702,-0.128133456344194,-79.39584822878496
21.622642153222117,-42.89240299678941,50.1,0.08403052853527963,-0.12681366255045934,-79.62878499024765
21.634067849980845,-42.89789023784335,50.09999999999999,0.08365849954561683,-0.1254924802332848,-79.86225504645583
21.645495061455055,-42.90337695396495,50.099999999999994,0.08328570085834011,-0.12416990966912259,-80.09625839740961
21.65692378817164,-42.908863144894525,50.099999999999994,0.08291213176506329,-0.12284595113473924,-80.33079504310892
21.66835403065752,-42.91434881037223,50.099999999999994,0.08253779155717171,-0.12152060490721409,-80.56586498355384
21.67978578943966,-42.919833950138184,50.099999999999994,0.08216267952582264,-0.12019387126394017,-80.80146821874419
21.69121906504505,-42.9253185639324,50.099999999999994,0.08178679496194476,-0.1188657504826236,-81.03760474868007
21.702653858000726,-42.930802651494766,50.099999999999994,0.08141013715623914,-0.11753624284128517,-81.2742745733616
21.714090168833753,-42.936286212565136,50.099999999999994,0.08103270539917856,-0.11620534861825949,-81.5114776927886
21.72552799807121,-42.941769246883226,50.1,0.0806544989810077,-0.11487306809219598,-81.74921410696119
21.736967346240277,-42.94725175418871,50.09999999999999,0.08027551719174361,-0.11353940154205822,-81.98748381587927
21.748408213868096,-42.9527337342211,50.099999999999994,0.07989575932117468,-0.11220434924712475,-82.22628681954293
21.759850601481862,-42.95821518671986,50.099999999999994,0.07951522465886196,-0.1108679114869895,-82.46562311795215
21.77129450960884,-42.96369611142437,50.1,0.07913391249413856,-0.10953008854156172,-82.70549271110687
21.7827399387763,-42.96917650807389,50.099999999999994,0.07875182211610957,-0.1081908806910658,-82.94589559900716
21.79418688951154,-42.97465637640762,50.09999999999999,0.07836895281365225,-0.10685028821604246,-83.18683178165297
21.805635362341913,-42.98013571616465,50.09999999999999,0.07798530387541638,-0.10550831139734826,-83.42830125904436
21.817085357794795,-42.98561452708396,50.09999999999999,0.07760087458982383,-0.1041649505161563,-83.67030403118125
21.828536876397596,-42.99109280890447,50.1,0.07721566424506873,-0.10282020585395525,-83.91284009806371
21.839989918677773,-42.99657056136502,50.09999999999999,0.0768296721291179,-0.101474077692552,-84.15590945969171
21.851444485162787,-43.00204778420429,50.099999999999994,0.07644289752971005,-0.10012656631406905,-84.39951211606524
21.862900576380174,-43.00752447716095,50.09999999999999,0.07605533973435691,-0.09877767200094706,-84.64364806718436
21.874358192857464,-43.013000639973534,50.09999999999999,0.07566699803034235,-0.09742739503594397,-84.88831731304892
21.885817335122244,-43.01847627238046,50.099999999999994,0.07527787170472276,-0.09607573570213448,-85.13351985365912
21.897278003702137,-43.02395137412012,50.099999999999994,0.07488796004432734,-0.09472269428291241,-85.37925568901483
21.908740199124782,-43.029425944930765,50.099999999999994,0.0744972623357579,-0.09336827106198914,-85.6255248191161
21.92020392191786,-43.03489998455057,50.099999999999994,0.07410577786538863,-0.09201246632339483,-85.87232724396284
21.931669172609094,-43.04037349271761,50.099999999999994,0.07371350591936654,-0.09065528035147749,-86.11966296355516
21.943135951726223,-43.04584646916988,50.09999999999999,0.07332044578361158,-0.0892967134309044,-86.36753197789305
21.954604259797026,-43.05131891364526,50.099999999999994,0.07292659674381621,-0.08793676584666224,-86.6159342869765
21.966074097349328,-43.056790825881585,50.09999999999999,0.07253195808544625,-0.08657543788405705,-86.86486989080542
21.977545464910964,-43.062262205616534,50.09999999999999,0.0721365290937395,-0.08521272982871325,-87.11433878937996
21.989018363009816,-43.067733052587734,50.09999999999999,0.07174030905370754,-0.0838486419665764,-87.36434098270001
22.000492792173794,-43.073203366532724,50.09999999999999,0.07134329725013443,-0.08248317458391138,-87.6148764707656
22.011968752930837,-43.07867314718893,50.09999999999999,0.07094549296757754,-0.08111632796730386,-87.86594525357671
22.023446245808923,-43.084142394293686,50.099999999999994,0.07054689549036694,-0.07974810240365912,-88.1175473311334
22.034925271336068,-43.08961110758425,50.099999999999994,0.07014750410260617,-0.07837849818020393,-88.36968270343564
22.046405830040296,-43.09507928679777,50.099999999999994,0.06974731808817153,-0.07700751558448579,-88.62235137048341
22.057887922449687,-43.10054693167134,50.099999999999994,0.06934633673071292,-0.07563515490437367,-88.87555333227667
22.06937154909234,-43.10601404194189,50.1,0.0689445593136531,-0.07426141642805711,-89.12928858881556
22.0808567104964,-43.11148061734633,50.099999999999994,0.06854198512018836,-0.07288630044404809,-89.38355714009997
22.092343407190008,-43.11694665762142,50.099999999999994,0.06813861343328813,-0.07150980724118025,-89.63835898612992
22.103831639701387,-43.12241216250388,50.099999999999994,0.0677344435356953,-0.07013193710860971,-89.89369412690533
22.115321408558746,-43.12787713173029,50.099999999999994,0.06732947470992606,-0.06875269033581402,-90.14956256242638
22.126812714290356,-43.13334156503717,50.09999999999999,0.06692370623827021,-0.06737206721259423,-90.40596429269293
22.138305557424506,-43.13880546216093,50.09999999999999,0.06651713740279094,-0.06599006802907426,-90.66289931770505
22.14979993848951,-43.1442688228379,50.099999999999994,0.06610976748532499,-0.06460669307570027,-90.9203676374627
22.161295858013727,-43.149731646804305,50.09999999999999,0.06570159576748288,-0.0632219426432428,-91.17836925196586
22.17279331652553,-43.15519393379627,50.099999999999994,0.06529262153064824,-0.061835817022794726,-91.43690416121461
22.18429231455335,-43.16065568354984,50.099999999999994,0.06488284405597897,-0.06044831650577362,-91.69597236520893
22.195792852625615,-43.16611689580099,50.09999999999999,0.06447226262440642,-0.05905944138392108,-91.95557386394874
22.2072949312708,-43.171577570285564,50.099999999999994,0.06406087651663576,-0.057669191949302784,-92.21570865743404
22.218798551017407,-43.17703770673931,50.09999999999999,0.06364868501314583,-0.05627756849430826,-92.47637674566496
22.23030371239398,-43.18249730489793,50.09999999999999,0.06323568739418939,-0.05488457131165264,-92.73757812864142
22.241810415929073,-43.18795636449697,50.099999999999994,0.06282188293979335,-0.053490200694375656,-92.99931280636343
22.253318662151283,-43.193414885271935,50.09999999999999,0.06240727092975849,-0.05209445693584275,-93.26158077883093
22.264828451589224,-43.198872866958226,50.099999999999994,0.061991850643659197,-0.05069734032974363,-93.52438204604402
22.27633978477156,-43.204330309291116,50.1,0.06157562136084437,-0.04929885117009461,-93.78771660800265
22.28785266222698,-43.209787212005835,50.099999999999994,0.06115858236043684,-0.0478989897512378,-94.05158446470682
22.29936708448417,-43.215243574837466,50.099999999999994,0.060740732921333564,-0.0464977563678417,-94.31598561615651
22.310883052071897,-43.22069939752106,50.09999999999999,0.060322072322205655,-0.04509515131490027,-94.58092006235174
22.322400565518915,-43.22615467979153,50.099999999999994,0.05990259984149861,-0.043691174887735024,-94.84638780329254
22.33391962535402,-43.231609421383695,50.099999999999994,0.05948231475743195,-0.04228582738199399,-95.11238883897889
22.345440232106043,-43.23706362203231,50.09999999999999,0.059061216347999816,-0.04087910909365222,-95.37892316941075
22.35696238630384,-43.242517281472004,50.099999999999994,0.05863930389097051,-0.039471020319012146,-95.64599079458816
22.368486088476306,-43.24797039943735,50.09999999999999,0.05821657666388706,-0.03806156135470384,-95.9135917145111
22.380011339152336,-43.253422975662794,50.099999999999994,0.05779303394406654,-0.0366507324976853,-96.18172592917965
22.391538138860874,-43.2588750098827,50.099999999999994,0.05736867500860085,-0.035238534045242687,-96.45039343859362
22.4030664881309,-43.26432650183135,50.1,0.05694349913435631,-0.033824966294989656,-96.71959424275323
22.4145963874914,-43.26977745124289,50.1,0.05651750559797401,-0.032410029544869184,-96.98932834165839
22.426127837471405,-43.275227857851434,50.099999999999994,0.05609069367586954,-0.030993724093152764,-97.25959573530908
22.437660838599967,-43.280677721390965,50.1,0.05566306264423354,-0.029576050238441065,-97.5303964237053
22.449195391406167,-43.28612704159537,50.099999999999994,0.05523461177903097,-0.028157008279663887,-97.80173040684701
22.460731496419108,-43.29157581819845,50.09999999999999,0.05480534035600182,-0.026736598516079985,-98.07359768473431
22.472269154167932,-43.297024050933935,50.099999999999994,0.05437524765066093,-0.025314821247278768,-98.34599825736719
22.483808365181797,-43.302471739535406,50.099999999999994,0.053944332938298076,-0.0238916767731788,-98.6189321247456
22.495349129989894,-43.30791888373641,50.099999999999994,0.053512595493978216,-0.022467165394029903,-98.89239928686949
22.506891449121436,-43.313365483270374,50.099999999999994,0.05308003459254068,-0.021041287410410836,-99.16639974373898
22.51843532310568,-43.318811537870616,50.099999999999994,0.05264664950860046,-0.019614043123232117,-99.44093349535396
22.529980752471886,-43.32425704727036,50.1,0.05221243951654751,-0.018185432833734888,-99.71600054171458
22.541527737749348,-43.32970201120279,50.1,0.05177740389054704,-0.016755456843491806,-99.99160088282063
22.5530762794674,-43.33514642940093,50.1,0.051341541904539226,-0.015324115454405873,-100.26773451867228
22.564626378155385,-43.34059030159774,50.1,0.0509048528322394,-0.013891408968712882,-100.54440144926947
22.576178034342686,-43.34603362752609,50.1,0.050467335947138814,-0.012457337688979747,-100.82160167461221
22.587731248558697,-43.351476406918735,50.099999999999994,0.050028990522503536,-0.011021901918106314,-101.09933519470047
22.59928602133285,-43.35691863950836,50.1,0.04958981583137517,-0.0095851019593238,-101.37760200953427
22.6108423531946,-43.36236032502752,50.099999999999994,0.04914981114657091,-0.008146938116196406,-101.65640211911365
22.62240024467344,-43.367801463208735,50.099999999999994,0.048708975740683585,-0.006707410692621568,-101.93573552343858
22.63395969629885,-43.37324205378437,50.099999999999994,0.04826730888608115,-0.0052665199928292605,-102.21560222250899
