galstreams/tracks/track.st.M68-Fjorm.palau2019.ecsv
# %ECSV 0.9
# ---
# datatype:
# - {name: ra, unit: deg, datatype: float64}
# - {name: dec, unit: deg, datatype: float64}
# - {name: distance, unit: kpc, datatype: float64}
# - {name: pm_ra_cosdec, unit: mas / yr, datatype: float64}
# - {name: pm_dec, unit: mas / yr, datatype: float64}
# - {name: radial_velocity, unit: km / s, datatype: float64}
# delimiter: ','
# meta: !!omap
# - __serialized_columns__:
#     dec:
#       __class__: astropy.coordinates.angles.Latitude
#       unit: &id001 !astropy.units.Unit {unit: deg}
#       value: !astropy.table.SerializedColumn {name: dec}
#     distance:
#       __class__: astropy.coordinates.distances.Distance
#       unit: !astropy.units.Unit {unit: kpc}
#       value: !astropy.table.SerializedColumn {name: distance}
#     pm_dec:
#       __class__: astropy.units.quantity.Quantity
#       unit: !astropy.units.Unit {unit: mas / yr}
#       value: !astropy.table.SerializedColumn {name: pm_dec}
#     pm_ra_cosdec:
#       __class__: astropy.units.quantity.Quantity
#       unit: !astropy.units.Unit {unit: mas / yr}
#       value: !astropy.table.SerializedColumn {name: pm_ra_cosdec}
#     ra:
#       __class__: astropy.coordinates.angles.Longitude
#       unit: *id001
#       value: !astropy.table.SerializedColumn {name: ra}
#       wrap_angle: !astropy.coordinates.Angle
#         unit: *id001
#         value: 360.0
#     radial_velocity:
#       __class__: astropy.units.quantity.Quantity
#       unit: !astropy.units.Unit {unit: km / s}
#       value: !astropy.table.SerializedColumn {name: radial_velocity}
# schema: astropy-2.0
ra,dec,distance,pm_ra_cosdec,pm_dec,radial_velocity
[from data line 4430]
194.33086324016944,-1.9366276345226137,4.69091622741684,-2.453370705398508,3.2131176341335794,1.5788938368510633e-15
194.33301240222474,-1.9266912996476224,4.6908776877540985,-2.453132350370391,3.213783171579068,1.0525958912340423e-15
194.33516201151278,-1.916755102036406,4.690839380870206,-2.4528938812002723,3.2144487248855738,3.684085619319148e-15
194.33731206808497,-1.9068190416879365,4.690801306687865,-2.452655297890504,3.2151142940086754,5.262979456170211e-16
194.33946257199287,-1.8968831186012023,4.690763465129775,-2.4524166004434296,3.215779878903947,1.2894299667617018e-14
194.34161352328815,-1.8869473327751864,4.690725856118637,-2.45217778886138,3.2164454795269557,-2.6314897280851057e-16
194.34376492202247,-1.877011684208897,4.690688479577151,-2.4519388631466756,3.2171110958332623,-7.368171238638296e-15
194.3459167682476,-1.8670761729013385,4.690651335428021,-2.4516998233016247,3.217776727778423,-2.1051917824680845e-15
194.34806906201538,-1.8571407988515458,4.690614423593946,-2.451460669328526,3.2184423753179874,6.315575347404253e-15
194.35022180337782,-1.8472055620585428,4.6905777439976255,-2.4512214012296663,3.219108038407499,4.473532537744679e-15
194.35237499238684,-1.8372704625213754,4.690541296561764,-2.450982019007322,3.2197737170024947,7.1050222658297854e-15
194.35452862909457,-1.8273355002390907,4.690505081209058,-2.4507425226637585,3.2204394110585066,2.368340755276595e-14
194.3566827135532,-1.8174006752107505,4.690469097862213,-2.4505029122012285,3.2211051205310612,-9.21021404829787e-15
194.3588372458149,-1.8074659874354357,4.690433346443927,-2.450263187621977,3.2217708453756746,6.578724320212764e-15
194.36099222593205,-1.7975314369122222,4.690397826876901,-2.450023348928235,3.222436585547865,-2.368340755276595e-15
194.36314765395701,-1.787597023640205,4.6903625390838375,-2.4497833961222235,3.223102341003136,6.8418732930212744e-15
194.36530352994225,-1.7776627476184819,4.690327482987437,-2.449543329206152,3.223768111696991,5.526128428978722e-15
194.36745985394037,-1.7677286088461701,4.690292658510399,-2.4493031481822194,3.2244338975849254,-2.368340755276595e-15
194.36961662600396,-1.7577946073223933,4.690258065575426,-2.4490628530526135,3.225099698622427,8.683916102680848e-15
194.3717738461857,-1.7478607430462803,4.690223704105216,-2.448822443819514,3.225765514764982,8.420767129872338e-15
194.37393151453844,-1.7379270160169766,4.690189574022474,-2.4485819204850823,3.2264313459680665,3.947234592127659e-15
194.376089631115,-1.7279934262336276,4.690155675249901,-2.448341283051474,3.2270971921871503,1.2631150694808506e-14
194.37824819596833,-1.7180599736954074,4.690122007710194,-2.4481005315208364,3.227763053377701,1.1315405830765954e-14
194.3804072091514,-1.7081266584014871,4.690088571326058,-2.447859665895298,3.2284289294951765,8.947065075489359e-15
194.38256667071735,-1.6981934803510488,4.690055366020189,-2.447618686176983,3.229094820495031,1.4210044531659571e-14
194.38472658071933,-1.6882604395432699,4.690022391715291,-2.4473775923680012,3.2297607263327124,1.4999491450085103e-14
194.38688693921063,-1.6783275359773822,4.689989648334066,-2.4471363844704523,3.23042664696366,1.9736172960638293e-14
194.38904774624453,-1.6683947696525863,4.6899571357992125,-2.446895062486425,3.2310925823433108,-4.473532537744679e-15
194.39120900187442,-1.6584621405681004,4.6899248540334355,-2.446653626417995,3.231758532427092,1.6578385286936164e-14
194.3933707061538,-1.6485296487231629,4.68989280295943,-2.4464120762672312,3.232424497170429,3.1577876737021266e-15
194.39553285913624,-1.638597294117026,4.689860982499903,-2.446170412036187,3.2330904765287345,1.5525789395702124e-14
194.39769546087535,-1.6286650767489368,4.689829392577549,-2.4459286337269086,3.2337564704574278,-5.2629794561702115e-15
194.39985851142487,-1.6187329966181547,4.689798033115074,-2.4456867413414276,3.2344224789119056,3.684085619319148e-15
194.40202201083855,-1.608801053723967,4.689766904035175,-2.4454447348817685,3.2350885018475726,1.2104852749191486e-14
194.4041859591703,-1.5988692480656406,4.689736005260558,-2.445202614349939,3.235754539219816,2.8946387008936164e-15
194.406350356474,-1.5889375796424985,4.689705336713922,-2.4449603797479416,3.236420590984026,-6.578724320212764e-15
194.40851520280376,-1.5790060484538229,4.689674898317963,-2.444718031077765,3.2370866570955847,3.4209366465106372e-15
194.41068049821357,-1.569074654498938,4.689644689995387,-2.444475568341387,3.2377527375098647,1.0789107885148933e-14
194.4128462427577,-1.559143397777168,4.689614711668895,-2.4442329915407743,3.238418832182236,1.7367832205361697e-14
194.41501243649037,-1.5492122782878552,4.689584963261188,-2.443990300677883,3.2390849410680587,2.23676626887234e-14
194.4171790794659,-1.5392812960303466,4.689555444694964,-2.4437474957546583,3.239751064122692,-7.368171238638296e-15
194.4193461717387,-1.5293504510039932,4.689526155892925,-2.4435045767730337,3.2404172013014856,3.4209366465106372e-15
194.42151371336328,-1.5194197432081513,4.689497096777773,-2.443261543734931,3.241083352559784,2.0788768851872334e-14
194.42368170439417,-1.5094891726422257,4.6894682672722094,-2.443018396642262,3.2417495178529236,-3.947234592127659e-15
194.42585014488603,-1.4995587393055883,4.6894396672989345,-2.442775135496928,3.242415697136239,2.0262470906255314e-14
194.42801903489357,-1.4896284431976412,4.689411296780648,-2.442531760300819,3.243081890365055,1.7104683232553188e-14
194.43018837447158,-1.4796982843177908,4.6893831556400505,-2.4422882710558125,3.243748097494693,4.210383564936169e-15
194.43235816367496,-1.4697682626654507,4.689355243799844,-2.442044667763776,3.2444143184804664,-8.420767129872338e-15
194.4345284025586,-1.4598383782400668,4.689327561182732,-2.441800950426565,3.2450805532776825,-1.0525958912340423e-15
194.4366990911776,-1.4499086310410692,4.68930010771141,-2.4415571190460263,3.2457468018416447,8.157618157063828e-15
194.43887022958702,-1.439979021067901,4.6892728833085835,-2.4413131736239917,3.2464130641276463,3.1577876737021266e-15
194.44104181784206,-1.4300495483200295,4.689245887896952,-2.4410691141622864,3.247079340090979,-1.0262809939531913e-14
194.44321385599795,-1.420120212796927,4.689219121399217,-2.4408249406627207,3.247745629686925,2.0262470906255314e-14
194.4453863441101,-1.410191014498083,4.689192583738078,-2.4405806531270975,3.2484119328707637,-1.3157448640425529e-15
194.4475592822338,-1.4002619534229743,4.689166274836235,-2.440336251557205,3.2490782495977655,8.683916102680848e-15
194.44973267042468,-1.3903330295711056,4.689140194616393,-2.4400917359548218,3.2497445798231936,6.578724320212764e-15
194.4519065087382,-1.3804042429419956,4.689114343001248,-2.4398471063217166,3.2504109235023115,-7.8944691842553165e-16
194.4540807972301,-1.3704755935351702,4.689088719913506,-2.4396023626596435,3.2510772805903683,-3.1577876737021266e-15
194.456255535956,-1.3605470813501601,4.689063325275863,-2.439357504970351,3.2517436510426134,1.3420597613234039e-14
194.45843072497178,-1.3506187063865047,4.689038159011023,-2.4391125332555728,3.2524100348142864,1.6578385286936164e-14
194.46060636433333,-1.340690468643756,4.689013221041686,-2.4388674475170316,3.253076431860623,-5.262979456170211e-16
194.46278245409655,-1.3307623681214882,4.688988511290554,-2.4386222477564377,3.2537428421368513,4.473532537744679e-15
194.46495899431747,-1.3208344048192793,4.688964029680325,-2.4383769339754955,3.254409265598193,1.2104852749191486e-14
194.46713598505227,-1.3109065787367076,4.6889397761337035,-2.438131506175893,3.255075702199866,-1.5788938368510633e-15
194.46931342635708,-1.3009788898733643,4.688915750573391,-2.4378859643593085,3.2557421518970813,1.3683746586042549e-14
194.4714913182882,-1.2910513382288678,4.688891952922082,-2.4376403085274134,3.2564086146450415,8.420767129872338e-15
194.47366966090192,-1.2811239238028365,4.688868383102482,-2.4373945386818603,3.2570750903989456,1.4999491450085103e-14
194.47584845425473,-1.2711966465948927,4.688845041037293,-2.437148654824297,3.257741579113984,1.3157448640425528e-14
194.4780276984031,-1.2612695066046713,4.688821926649215,-2.436902656956357,3.2584080807453453,3.4209366465106372e-15
194.48020739340362,-1.2513425038318315,4.68879903986095,-2.436656545079663,3.259074595248204,1.3420597613234039e-14
194.48238753931292,-1.2414156382760273,4.6887763805951925,-2.4364103191958297,3.259741122577741,-3.684085619319148e-15
194.48456813618773,-1.2314889099369377,4.688753948774652,-2.4361639793064565,3.260407662689118,1.5788938368510635e-14
194.48674918408489,-1.2215623188142362,4.688731744322025,-2.435917525413134,3.261074215537499,-5.526128428978722e-15
194.48893068306126,-1.211635864907604,4.688709767160012,-2.4356709575174413,3.261740781078039,1.842042809659574e-15
194.4911126331738,-1.2017095482167632,4.688688017211316,-2.435424275620946,3.262407359265886,7.368171238638296e-15
194.49329503447956,-1.1917833687414143,4.688666494398637,-2.435177479725205,3.263073950056184,8.157618157063828e-15
194.49547788703566,-1.1818573264812924,4.688645198644676,-2.4349305698317636,3.2637405534040678,6.315575347404253e-15
194.49766119089932,-1.1719314214361152,4.688624129872134,-2.434683545942156,3.264407169264671,-3.684085619319148e-15
194.49984494612778,-1.1620056536056411,4.688603288003709,-2.434436408057909,3.2650737975931174,1.5262640422893612e-14
194.50202915277842,-1.1520800229896229,4.688582672962107,-2.4341891561805307,3.265740438344523,-4.210383564936169e-15
194.50421381090862,-1.1421545295878268,4.688562284670027,-2.4339417903115232,3.2664070914740004,1.0525958912340423e-15
194.50639892057595,-1.132229173400016,4.688542123050167,-2.4336943104523776,3.2670737569366586,1.0262809939531913e-14
194.50858448183797,-1.1223039544260047,4.688522188025234,-2.4334467166045717,3.267740434687594,-1.0789107885148933e-14
194.5107704947523,-1.1123788726655695,4.688502479517924,-2.4331990087695754,3.268407124681901,-3.947234592127659e-15
194.51295695937674,-1.1024539281185295,4.688482997450938,-2.4329511869488427,3.269073826874669,4.473532537744679e-15
194.51514387576907,-1.092529120784702,4.68846374174698,-2.432703251143822,3.2697405412209797,-8.420767129872338e-15
194.5173312439872,-1.08260445066391,4.688444712328748,-2.4324552013559453,3.2704072676759055,-5.789277401787233e-15
194.5195190640891,-1.0726799177560107,4.688425909118945,-2.432207037586637,3.2710740061945156,-8.157618157063828e-15
194.5217073361328,-1.0627555220608407,4.68840733204027,-2.4319587598373094,3.271740756731876,8.683916102680848e-15
194.52389606017647,-1.0528312635782695,4.688388981015424,-2.431710368109364,3.2724075192430417,1.5788938368510635e-14
194.5260852362783,-1.0429071423081682,4.6883708559671105,-2.4314618624041904,3.273074293683062,8.420767129872338e-15
194.52827486449652,-1.0329831582504299,4.688352956818029,-2.4312132427231665,3.273741080006982,1.920987501502127e-14
194.5304649448896,-1.0230593114049427,4.688335283490879,-2.430964509067662,3.274407878169842,-6.8418732930212744e-15
194.53265547751585,-1.0131356017716056,4.688317835908363,-2.430715661439032,3.275074688126671,7.894469184255318e-15
194.53484646243385,-1.0032120293503368,4.688300613993181,-2.4304666998386217,3.275741509832497,1.7104683232553188e-14
194.53703789970217,-0.9932885941410795,4.688283617668035,-2.4302176242677667,3.2764083432423368,8.683916102680848e-15
194.53922978937953,-0.9833652961437607,4.688266846855624,-2.429968434727789,3.277075188311208,-4.9998304833617005e-15
194.54142213152463,-0.973442135358331,4.688250301478652,-2.4297191312200024,3.2777420449941137,9.999660966723401e-15
194.54361492619634,-0.9635191117847435,4.688233981459819,-2.429469713745705,3.2784089132460568,-1.2104852749191486e-14
194.54580817345348,-0.9535962254229708,4.688217886721823,-2.4292201823061883,3.279075793022034,2.8946387008936164e-15
194.5480018733551,-0.9436734762730092,4.6882020171873675,-2.428970536902731,3.279742684277031,7.631320211446806e-15
194.55019602596025,-0.9337508643348342,4.688186372779152,-2.4287207775365998,3.2804095869660324,1.0789107885148933e-14
194.55239063132805,-0.923828389608459,4.68817095341988,-2.428470904209053,3.281076501044013,1.7762555664574464e-14
194.55458568951772,-0.9139060520938848,4.688155759032251,-2.428220916921331,3.281743426465944,1.7367832205361697e-14
194.55678120058855,-0.903983851791156,4.688140789538966,-2.4279708156746738,3.282410363186788,8.552341616276594e-15
194.55897716459992,-0.8940617887002977,4.6881260448627255,-2.4277206004703005,3.283077311161503,1.0525958912340423e-15
194.56117358161126,-0.8841398628213571,4.688111524926229,-2.427470271309424,3.2837442703450423,5.526128428978722e-15
194.5633704516821,-0.8742180741543866,4.688097229652179,-2.4272198281932456,3.2844112406923505,2.6314897280851057e-16
194.56556777487202,-0.864296422699467,4.688083158963277,-2.426969271122953,3.285078222158365,-1.1841703776382976e-15
194.56776555124077,-0.8543749084566749,4.688069312782224,-2.426718600099726,3.2857452146980193,-1.2631150694808506e-14
194.56996378084798,-0.8444535314260948,4.68805569103172,-2.426467815124731,3.286412218266239,1.2499576208404252e-14
194.57216246375364,-0.8345322916078377,4.688042293634467,-2.4262169161991234,3.287079232817948,-6.052426374595743e-15
194.57436160001754,-0.8246111890019974,4.688029120513163,-2.4259659033240486,3.2877462583080588,3.0262131872978715e-15
194.57656118969973,-0.8146902236087226,4.688016171590513,-2.4257147765006404,3.288413294691477,-3.0262131872978715e-15
194.57876123286024,-0.8047693954281352,4.688003446789215,-2.4254635357300236,3.2890803419231065,1.0262809939531913e-14
194.58096172955925,-0.7948487044603807,4.687990946031969,-2.4252121810133054,3.289747399957844,-4.341958051340424e-15
194.58316267985697,-0.7849281507056137,4.687978669241481,-2.424960712351588,3.290414468750575,7.894469184255318e-15
194.5853640838137,-0.775007734164009,4.687966616340448,-2.424709129745959,3.291081548256185,7.1050222658297854e-15
194.5875659414898,-0.7650874548357423,4.68795478725157,-2.4244574331974986,3.291748638429552,8.552341616276594e-15
194.58976825294576,-0.7551673127210037,4.68794318189755,-2.4242056227072735,3.2924157392255453,9.736511993914891e-15
194.5919710182421,-0.7452473078199852,4.687931800201089,-2.4239536982763368,3.293082850599028,4.078809078531914e-15
194.59417423743943,-0.7353274401329115,4.6879206420848885,-2.423701659905733,3.29374997250486,-1.5788938368510633e-15
194.59637791059842,-0.7254077096600005,4.687909707471646,-2.423449507596499,3.294417104897892,1.2499576208404252e-14
194.59858203777983,-0.7154881164014897,4.687898996284068,-2.423197241349652,3.2950842477329676,7.762894697851062e-15
194.60078661904458,-0.7055686603576219,4.687888508444852,-2.422944861166205,3.2957514009649307,4.73668151055319e-15
194.6029916544535,-0.6956493415286404,4.687878243876695,-2.4226923670471585,3.296418564548613,1.3420597613234039e-14
194.6051971440677,-0.6857301599148306,4.6878682025023055,-2.4224397589935,3.297085738438841,-2.2367662688723396e-15
194.60740308794811,-0.6758111155164649,4.687858384244379,-2.422187037006208,3.297752922590433,-1.3157448640425528e-16
194.60960948615596,-0.6658922083338362,4.687848789025618,-2.4219342010862466,3.2984201169582055,1.3289023126829784e-14
194.61181633875253,-0.6559734383672311,4.6878394167687265,-2.421681251234572,3.2990873214969656,1.0920682371553189e-14
194.61402364579908,-0.646054805616985,4.687830267396403,-2.421428187452126,3.2997545361615166,-2.4999152416808503e-15
194.61623140735696,-0.6361363100833972,4.687821340831345,-2.4211750097398457,3.3004217609066537,2.4078131011978716e-14
194.61843962348775,-0.6262179517668185,4.687812636996258,-2.4209217180986498,3.3010889956871656,-4.078809078531914e-15
194.62064829425285,-0.6162997306675811,4.687804155813842,-2.4206683125294464,3.3017562404578356,1.171012928997872e-14
194.62285741971402,-0.6063816467860557,4.687795897206796,-2.420414793033138,3.3024234951734384,2.1051917824680845e-15
