galstreams/tracks/track.st.Jhelum-b.shipp2019.ecsv
# %ECSV 1.0
# ---
# datatype:
# - {name: ra, unit: deg, datatype: float64}
# - {name: dec, unit: deg, datatype: float64}
# - {name: distance, unit: kpc, datatype: float64}
# - {name: pm_ra_cosdec, unit: mas / yr, datatype: float64}
# - {name: pm_dec, unit: mas / yr, datatype: float64}
# - {name: radial_velocity, unit: km / s, datatype: float64}
# delimiter: ','
# meta: !!omap
# - __serialized_columns__:
#     dec:
#       __class__: astropy.coordinates.angles.Latitude
#       unit: &id001 !astropy.units.Unit {unit: deg}
#       value: !astropy.table.SerializedColumn {name: dec}
#     distance:
#       __class__: astropy.coordinates.distances.Distance
#       unit: !astropy.units.Unit {unit: kpc}
#       value: !astropy.table.SerializedColumn {name: distance}
#     pm_dec:
#       __class__: astropy.units.quantity.Quantity
#       unit: !astropy.units.Unit {unit: mas / yr}
#       value: !astropy.table.SerializedColumn {name: pm_dec}
#     pm_ra_cosdec:
#       __class__: astropy.units.quantity.Quantity
#       unit: !astropy.units.Unit {unit: mas / yr}
#       value: !astropy.table.SerializedColumn {name: pm_ra_cosdec}
#     ra:
#       __class__: astropy.coordinates.angles.Longitude
#       unit: *id001
#       value: !astropy.table.SerializedColumn {name: ra}
#       wrap_angle: !astropy.coordinates.Angle
#         unit: *id001
#         value: 360.0
#     radial_velocity:
#       __class__: astropy.units.quantity.Quantity
#       unit: !astropy.units.Unit {unit: km / s}
#       value: !astropy.table.SerializedColumn {name: radial_velocity}
# schema: astropy-2.0
ra,dec,distance,pm_ra_cosdec,pm_dec,radial_velocity
[from data line 284]
346.4363721865442,-51.09584626659612,13.199999999999994,7.269615660052953,-5.438556382279889,-28.921829034292198
346.4523523999986,-51.096554632052644,13.199999999999992,7.270529954485302,-5.436724717718711,-28.873536962677527
346.4683331022744,-51.09726081776485,13.199999999999994,7.271443861200786,-5.4348928256117714,-28.82524489106267
346.48431429189,-51.09796482357899,13.199999999999996,7.2723573799707415,-5.433060706230641,-28.776952819448116
346.5002959673633,-51.09866664934179,13.199999999999994,7.273270510566679,-5.431228359847062,-28.728660747833175
346.51627812721193,-51.099366294900285,13.199999999999994,7.274183252760268,-5.4293957867329565,-28.680368676218386
346.5322607699529,-51.10006376010189,13.199999999999996,7.275095606323355,-5.427562987160429,-28.632076604603864
346.54824389410334,-51.10075904479438,13.199999999999996,7.276007571027988,-5.425729961401741,-28.583784532989192
346.5642274981795,-51.10145214882592,13.199999999999994,7.276919146646356,-5.4238967097293465,-28.53549246137442
346.5802115806975,-51.10214307204502,13.199999999999996,7.277830332950831,-5.422063232415867,-28.487200389759696
346.59619614017305,-51.102831814300565,13.199999999999994,7.278741129713978,-5.420229529734099,-28.438908318144858
346.6121811751214,-51.10351837544181,13.199999999999996,7.2796515367085135,-5.418395601957023,-28.39061624653027
346.6281666840576,-51.10420275531839,13.199999999999996,7.280561553707339,-5.416561449357783,-28.3423241749156
346.6441526654963,-51.104884953780285,13.199999999999996,7.2814711804835355,-5.414727072209693,-28.294032103300758
346.66013911795153,-51.105564970677854,13.199999999999994,7.282380416810355,-5.412892470786262,-28.245740031686005
346.6761260399373,-51.10624280586185,13.199999999999992,7.2832892624612295,-5.411057645361154,-28.19744796007118
346.69211342996704,-51.106918459183326,13.199999999999996,7.284197717209753,-5.409222596208214,-28.14915588845656
346.7081012865538,-51.10759193049379,13.199999999999994,7.28510578082972,-5.407387323601465,-28.10086381684187
346.72408960821053,-51.108263219645046,13.199999999999996,7.286013453095081,-5.405551827815085,-28.052571745227265
346.7400783934495,-51.10893232648934,13.199999999999994,7.2869207337799775,-5.403716109123451,-28.004279673612377
346.7560676407827,-51.10959925087919,13.199999999999992,7.287827622658719,-5.401880167801096,-27.955987601997787
346.7720573487219,-51.11026399266758,13.199999999999996,7.288734119505793,-5.400044004122725,-27.907695530382863
346.78804751577826,-51.11092655170781,13.199999999999994,7.289640224095869,-5.398207618363237,-27.859403458768345
346.804038140463,-51.11158692785356,13.199999999999992,7.290545936203794,-5.396371010797667,-27.81111138715349
346.8200292212864,-51.112245120958875,13.199999999999992,7.2914512556045885,-5.394534181701255,-27.7628193155388
346.83602075675884,-51.11290113087821,13.199999999999998,7.292356182073448,-5.392697131349398,-27.71452724392411
346.8520127453902,-51.113554957466306,13.199999999999994,7.293260715385765,-5.39085986001767,-27.666235172309506
346.86800518569,-51.11420660057838,13.199999999999996,7.294164855317088,-5.3890223679818074,-27.61794310069475
346.88399807616736,-51.114856060069904,13.199999999999996,7.295068601643161,-5.3871846555177285,-27.56965102908006
346.8999914153311,-51.115503335796824,13.199999999999998,7.295971954139891,-5.385346722901515,-27.521358957465306
346.91598520168975,-51.11614842761539,13.199999999999998,7.296874912583382,-5.383508570409429,-27.473066885850667
346.93197943375134,-51.11679133538225,13.199999999999994,7.297777476749908,-5.381670198317894,-27.424774814235843
346.94797411002367,-51.11743205895443,13.199999999999992,7.298679646415923,-5.379831606903508,-27.376482742621036
346.9639692290141,-51.11807059818929,13.199999999999994,7.299581421358055,-5.377992796443041,-27.328190671006265
346.97996478922965,-51.11870695294459,13.199999999999994,7.300482801353126,-5.376153767213429,-27.27989859939166
346.99596078917716,-51.11934112307848,13.199999999999996,7.301383786178131,-5.374314519491782,-27.231606527776954
347.01195722736287,-51.11997310844942,13.199999999999996,7.3022843756102445,-5.372475053555377,-27.183314456162165
347.0279541022928,-51.12060290891628,13.199999999999994,7.303184569426821,-5.370635369681663,-27.13502238454763
347.0439514124728,-51.12123052433834,13.199999999999996,7.304084367405403,-5.368795468148252,-27.086730312932755
347.0599491564079,-51.12185595457517,13.199999999999994,7.304983769323708,-5.366955349232935,-27.038438241318016
347.07594733260333,-51.122479199486754,13.199999999999992,7.305882774959633,-5.365115013213668,-26.99014616970338
347.09194593956363,-51.123100258933455,13.199999999999996,7.3067813840912645,-5.363274460368565,-26.941854098088555
347.1079449757931,-51.123719132775996,13.199999999999992,7.307679596496863,-5.361433690975932,-26.893562026473983
347.12394443979576,-51.124335820875466,13.199999999999996,7.308577411954877,-5.359592705314215,-26.845269954859077
347.13994433007514,-51.12495032309334,13.199999999999994,7.309474830243933,-5.357751503662056,-26.796977883244356
347.1559446451345,-51.12556263929145,13.199999999999992,7.3103718511428415,-5.355910086298247,-26.748685811629752
347.17194538347695,-51.12617276933202,13.199999999999992,7.311268474430603,-5.354068453501748,-26.70039374001496
347.187946543605,-51.12678071307762,13.199999999999992,7.3121646998863845,-5.352226605551687,-26.65210166840014
347.2039481240208,-51.1273864703912,13.199999999999994,7.313060527289548,-5.350384542727376,-26.60380959678567
347.21995012322657,-51.12799004113612,13.199999999999992,7.313955956419645,-5.348542265308267,-26.55551752517073
347.2359525397237,-51.12859142517605,13.199999999999992,7.314850987056394,-5.346699773574005,-26.50722545355607
347.2519553720135,-51.12919062237507,13.199999999999992,7.3157456189797045,-5.344857067804382,-26.458933381941485
347.267958618597,-51.12978763259763,13.199999999999994,7.31663985196968,-5.343014148279358,-26.41064131032658
347.28396227797475,-51.13038245570855,13.199999999999994,7.317533685806592,-5.341171015279077,-26.362349238711854
347.299966348647,-51.13097509157302,13.199999999999992,7.318427120270906,-5.3393276690838345,-26.314057167097268
347.3159708291138,-51.13156554005659,13.199999999999994,7.31932015514327,-5.337484109974087,-26.265765095482614
347.33197571787474,-51.13215380102523,13.199999999999994,7.320212790204519,-5.335640338230464,-26.217473023867704
347.3479810134291,-51.132739874345226,13.199999999999996,7.321105025235671,-5.333796354133768,-26.16918095225305
347.3639867142758,-51.133323759883254,13.199999999999996,7.321996860017925,-5.331952157964953,-26.12088888063828
347.3799928189137,-51.13390545750639,13.199999999999994,7.322888294332672,-5.330107750005147,-26.072596809023658
347.39599932584093,-51.13448496708206,13.199999999999996,7.32377932796149,-5.328263130535632,-26.02430473740885
347.41200623355564,-51.13506228847807,13.199999999999996,7.324669960686136,-5.326418299837871,-25.976012665794077
347.4280135405554,-51.13563742156258,13.199999999999994,7.325560192288559,-5.324573258193478,-25.927720594179423
347.44402124533764,-51.13621036620416,13.199999999999998,7.326450022550888,-5.322728005884235,-25.87942852256482
347.4600293463994,-51.13678112227174,13.199999999999994,7.32733945125545,-5.320882543192089,-25.831136450950012
347.4760378422374,-51.13734968963462,13.199999999999994,7.328228478184748,-5.319036870399145,-25.782844379335224
347.4920467313481,-51.137916068162454,13.199999999999996,7.329117103121467,-5.317190987787686,-25.73455230772062
347.5080560122276,-51.13848025772529,13.199999999999994,7.330005325848504,-5.315344895640138,-25.68626023610593
347.5240656833716,-51.13904225819357,13.199999999999996,7.330893146148914,-5.313498594239103,-25.637968164491106
347.5400757432757,-51.1396020694381,13.199999999999994,7.331780563805959,-5.31165208386735,-25.589676092876402
347.55608619043494,-51.14015969133,13.199999999999994,7.332667578603082,-5.30980536480779,-25.541384021261546
347.57209702334416,-51.14071512374086,13.199999999999994,7.333554190323911,-5.307958437343525,-25.493091949646807
347.588108240498,-51.14126836654258,13.199999999999994,7.334440398752266,-5.306111301757798,-25.444799878032285
347.6041198403906,-51.14181941960746,13.199999999999992,7.335326203672162,-5.304263958334021,-25.39650780641768
347.6201318215159,-51.14236828280819,13.199999999999992,7.336211604867791,-5.302416407355761,-25.348215734802793
347.63614418236756,-51.14291495601778,13.199999999999996,7.337096602123538,-5.300568649106753,-25.29992366318795
347.65215692143875,-51.14345943910966,13.199999999999992,7.337981195223982,-5.298720683870906,-25.251631591573382
347.6681700372226,-51.144001731957644,13.199999999999996,7.338865383953882,-5.296872511932261,-25.203339519958675
347.6841835282117,-51.144541834435884,13.199999999999996,7.339749168098198,-5.29502413357504,-25.155047448343904
347.7001973928985,-51.145079746418936,13.199999999999994,7.340632547442067,-5.293175549083626,-25.106755376729165
347.71621162977505,-51.1456154677817,13.199999999999994,7.341515521770829,-5.291326758742551,-25.058463305114305
347.7322262373331,-51.14614899839949,13.199999999999994,7.342398090869998,-5.289477762836521,-25.010171233499854
347.7482412140643,-51.14668033814797,13.199999999999992,7.3432802545252995,-5.287628561650385,-24.96187916188493
347.76425655845964,-51.1472094869032,13.199999999999992,7.344162012522631,-5.285779155469166,-24.913587090270173
347.78027226901,-51.14773644454159,13.199999999999996,7.345043364648084,-5.2839295445780445,-24.865295018655402
347.7962883442061,-51.14826121093995,13.199999999999994,7.345924310687955,-5.282079729262357,-24.817002947040763
347.81230478253815,-51.148783785975446,13.199999999999994,7.34680485042871,-5.280229709807599,-24.768710875426226
347.82832158249613,-51.149304169525614,13.199999999999996,7.347684983657029,-5.278379486499418,-24.720418803811352
347.84433874256973,-51.14982236146842,13.199999999999994,7.3485647101597635,-5.276529059623641,-24.672126732196663
347.8603562612484,-51.150338361682145,13.199999999999996,7.349444029723964,-5.274678429466233,-24.623834660582027
347.87637413702123,-51.15085217004547,13.199999999999996,7.350322942136886,-5.272827596313318,-24.57554258896717
347.892392368377,-51.15136378643745,13.199999999999994,7.351201447185951,-5.270976560451201,-24.5272505173526
347.9084109538043,-51.15187321073752,13.199999999999996,7.3520795446588005,-5.269125322166311,-24.478958445737742
347.92442989179136,-51.152380442825496,13.199999999999996,7.352957234343244,-5.267273881745264,-24.43066637412302
347.9404491808261,-51.152885482581546,13.199999999999992,7.3538345160273035,-5.265422239474815,-24.382374302508282
347.95646881939615,-51.15338832988626,13.199999999999992,7.35471138949918,-5.263570395641885,-24.334082230893575
347.9724888059889,-51.15388898462056,13.199999999999996,7.355587854547281,-5.261718350533543,-24.285790159278854
347.98850913909155,-51.154387446665766,13.199999999999994,7.356463910960189,-5.2598661044370285,-24.237498087664232
348.00452981719076,-51.154883715903566,13.199999999999994,7.357339558526702,-5.258013657639721,-24.189206016049425
348.0205508387731,-51.15537779221605,13.199999999999996,7.3582147970357905,-5.256161010429173,-24.14091394443472
348.0365722023248,-51.155869675485654,13.199999999999994,7.359089626276637,-5.254308163093084,-24.092621872820047
348.05259390633194,-51.1563593655952,13.199999999999996,7.359964046038609,-5.252455115919299,-24.04432980120519
348.06861594928,-51.15684686242789,13.199999999999994,7.360838056111266,-5.250601869195843,-23.996037729590537
348.08463832965447,-51.15733216586733,13.199999999999994,7.361711656284373,-5.248748423210875,-23.947745657975748
348.10066104594046,-51.15781527579743,13.199999999999996,7.362584846347873,-5.24689477825272,-23.89945358636121
348.11668409662286,-51.15829619210258,13.199999999999996,7.3634576260919244,-5.245040934609852,-23.851161514746387
348.1327074801862,-51.158774914667454,13.199999999999996,7.36432999530686,-5.243186892570904,-23.802869443131648
348.1487311951147,-51.15925144337716,13.199999999999996,7.365201953783224,-5.241332652424666,-23.75457737151711
348.1647552398925,-51.15972577811718,13.199999999999994,7.366073501311756,-5.239478214460069,-23.70628529990222
348.1807796130032,-51.16019791877335,13.199999999999996,7.366944637683373,-5.237623578966211,-23.657993228287463
348.1968043129304,-51.16066786523187,13.199999999999996,7.367815362689204,-5.2357687462323454,-23.60970115667303
348.2128293381573,-51.161135617379394,13.199999999999996,7.368685676120579,-5.233913716547862,-23.561409085058187
348.2288546871667,-51.16160117510287,13.199999999999996,7.369555577769013,-5.232058490202324,-23.513117013443484
348.2448803584414,-51.162064538289656,13.199999999999994,7.37042506742622,-5.2302030674854345,-23.464824941828795
348.2609063504637,-51.16252570682752,13.199999999999996,7.371294144884108,-5.228347448687051,-23.41653287021392
348.2769326617157,-51.16298468060456,13.199999999999994,7.3721628099347924,-5.226491634097195,-23.3682407985992
348.2929592906794,-51.16344145950926,13.199999999999994,7.3730310623705755,-5.224635624006025,-23.31994872698451
348.30898623583624,-51.16389604343052,13.199999999999992,7.373898901983962,-5.222779418703863,-23.271656655369856
348.32501349566763,-51.16434843225759,13.199999999999994,7.374766328567648,-5.2209230184811695,-23.22336458375505
348.34104106865465,-51.16479862588008,13.199999999999992,7.375633341914541,-5.219066423628574,-23.17507251214031
348.35706895327803,-51.16524662418803,13.199999999999996,7.37649994181773,-5.217209634436845,-23.12678044052564
348.37309714801836,-51.16569242707181,13.199999999999994,7.377366128070522,-5.215352651196906,-23.078488368910882
348.3891256513559,-51.16613603442221,13.199999999999994,7.3782319004663925,-5.213495474199834,-23.030196297296126
348.40515446177073,-51.166577446130354,13.199999999999996,7.379097258799048,-5.211638103736851,-22.98190422568144
348.42118357774257,-51.167016662087796,13.199999999999996,7.37996220286237,-5.209780540099335,-22.93361215406675
348.43721299775086,-51.16745368218644,13.199999999999996,7.380826732450455,-5.207922783578816,-22.885320082452097
348.453242720275,-51.16788850631854,13.199999999999992,7.381690847357593,-5.206064834466959,-22.837028010837322
348.46927274379397,-51.168321134376804,13.199999999999996,7.382554547378266,-5.204206693055595,-22.788735939222516
348.4853030667864,-51.168751566254265,13.199999999999994,7.383417832307164,-5.202348359636708,-22.740443867607812
348.50133368773083,-51.169179801844344,13.199999999999994,7.384280701939175,-5.200489834502412,-22.692151795993155
348.51736460510557,-51.16960584104085,13.199999999999994,7.385143156069386,-5.198631117944984,-22.64385972437835
348.5333958173885,-51.17002968373795,13.199999999999994,7.386005194493088,-5.196772210256851,-22.595567652763744
348.5494273230575,-51.17045132983024,13.199999999999992,7.386866817005767,-5.194913111730582,-22.547275581149073
348.56545912058994,-51.17087077921266,13.199999999999992,7.387728023403106,-5.193053822658895,-22.498983509534334
348.5814912084631,-51.17128803178053,13.199999999999996,7.388588813481004,-5.191194343334661,-22.45069143791968
348.597523585154,-51.17170308742955,13.199999999999996,7.389449187035547,-5.18933467405089,-22.402399366304707
348.6135562491394,-51.172115946055804,13.199999999999996,7.390309143863024,-5.18747481510076,-22.354107294690184
348.6295891988957,-51.172526607555774,13.199999999999998,7.391168683759928,-5.185614766777572,-22.305815223075413
348.64562243289936,-51.172935071826295,13.199999999999992,7.392027806522961,-5.183754529374785,-22.25752315146057
348.66165594962627,-51.17334133876459,13.199999999999996,7.392886511949005,-5.181894103186009,-22.20923107984602
