galstreams/tracks/track.st.NGC6397.ibata2021.ecsv
# %ECSV 1.0
# ---
# datatype:
# - {name: ra, unit: deg, datatype: float64}
# - {name: dec, unit: deg, datatype: float64}
# - {name: distance, unit: kpc, datatype: float64}
# - {name: pm_ra_cosdec, unit: mas / yr, datatype: float64}
# - {name: pm_dec, unit: mas / yr, datatype: float64}
# - {name: radial_velocity, unit: km / s, datatype: float64}
# delimiter: ','
# meta: !!omap
# - __serialized_columns__:
#     dec:
#       __class__: astropy.coordinates.angles.Latitude
#       unit: &id001 !astropy.units.Unit {unit: deg}
#       value: !astropy.table.SerializedColumn {name: dec}
#     distance:
#       __class__: astropy.coordinates.distances.Distance
#       unit: !astropy.units.Unit {unit: kpc}
#       value: !astropy.table.SerializedColumn {name: distance}
#     pm_dec:
#       __class__: astropy.units.quantity.Quantity
#       unit: !astropy.units.Unit {unit: mas / yr}
#       value: !astropy.table.SerializedColumn {name: pm_dec}
#     pm_ra_cosdec:
#       __class__: astropy.units.quantity.Quantity
#       unit: !astropy.units.Unit {unit: mas / yr}
#       value: !astropy.table.SerializedColumn {name: pm_ra_cosdec}
#     ra:
#       __class__: astropy.coordinates.angles.Longitude
#       unit: *id001
#       value: !astropy.table.SerializedColumn {name: ra}
#       wrap_angle: !astropy.coordinates.Angle
#         unit: *id001
#         value: 360.0
#     radial_velocity:
#       __class__: astropy.units.quantity.Quantity
#       unit: !astropy.units.Unit {unit: km / s}
#       value: !astropy.table.SerializedColumn {name: radial_velocity}
# schema: astropy-2.0
ra,dec,distance,pm_ra_cosdec,pm_dec,radial_velocity
[from data line 993]
275.0402897532896,-53.96749793501918,2.532061410069891,4.633063603052883,-16.029329425843393,5.376125509147755
275.0570870029226,-53.96829628333573,2.5321504409935414,4.6352768489718645,-16.026667244748765,5.423841130498469
275.0738847928529,-53.969093219667464,2.5322394075908763,4.637490282962919,-16.02400557926973,5.4716903305757105
275.09068312372074,-53.969888731423495,2.5323283099997003,4.639703908661069,-16.02134443179501,5.5196728976531
275.10748199614596,-53.970682806012356,2.5324171483578164,4.641917729699217,-16.018683804711415,5.567788620004276
275.12428141072814,-53.971475430841984,2.53250592280303,4.644131749708165,-16.016023700403814,5.616037285903024
275.14108136804657,-53.97226659331967,2.5325946334731464,4.646345972316613,-16.013364121255158,5.664418683623002
275.1578818686601,-53.97305628085212,2.532683280505968,4.648560401151157,-16.01070506964646,5.712932601437896
275.17468291310763,-53.97384448084546,2.5327718640392995,4.650775039836308,-16.008046547956837,5.761578827621446
275.1914845019073,-53.97463118070522,2.532860384210946,4.652989891994464,-16.005388558563475,5.810357150447204
275.20828663555756,-53.97541636783636,2.5329488411587096,4.655204961245947,-16.002731103841633,5.859267358189059
275.2250893145359,-53.97620002964324,2.5330372350203976,4.657420251208955,-16.000074186164653,5.908309239120532
275.24189253929995,-53.97698215352971,2.5331255659338123,4.65963576549961,-15.997417807903973,5.957482581515413
275.258696310287,-53.977762726899016,2.5332138340367596,4.661851507731953,-15.994761971429105,6.006787173647371
275.2755006279137,-53.97854173715388,2.533302039467042,4.664067481517886,-15.992106679107675,6.056222803790078
275.29230549257676,-53.97931917169647,2.533390182362464,4.666283690467271,-15.989451933305372,6.105789260217189
275.30911090465224,-53.98009501792842,2.5334782628608306,4.668500138187839,-15.986797736385977,6.155486331202508
275.3259168644962,-53.98086926325085,2.5335662810999464,4.670716828285255,-15.98414409071139,6.205313805019691
275.342723372444,-53.98164189506431,2.533654237217614,4.672933764363077,-15.981490998641583,6.255271469942256
275.35953042881107,-53.98241290076892,2.5337421313516395,4.6751509500227915,-15.978838462534629,6.305359114244213
275.37633803389207,-53.983182267764214,2.533829963639826,4.6773683888637745,-15.976186484746705,6.3555765261990125
275.39314618796163,-53.98394998344925,2.5339177342199792,4.679586084483333,-15.973535067632094,6.405923494080393
275.4099548912738,-53.98471603522261,2.5340054432299017,4.681804040476681,-15.970884213543162,6.456399806162094
275.4267641440624,-53.985480410482374,2.534093090807398,4.684022260436942,-15.968233924830407,6.507005250717786
275.44357394654094,-53.98624309662614,2.5341806770902737,4.686240747955157,-15.965584203842397,6.557739616021106
275.4603842989024,-53.98700408105104,2.534268202216331,4.688459506620293,-15.962935052925847,6.608602690345809
275.4771952013195,-53.98776335115374,2.5343556663233766,4.690678540019229,-15.960286474425544,6.659594261965568
275.49400665394455,-53.98852089433045,2.5344430695492135,4.692897851736758,-15.957638470684405,6.7107141191541535
275.51081865690946,-53.989276697976926,2.534530412031644,4.695117445355582,-15.954991044043481,6.761962050185103
275.5276312103258,-53.990030749488476,2.5346176939084764,4.697337324456339,-15.952344196841885,6.813337843332204
275.54444431428465,-53.990783036259984,2.534704915317513,4.69955749261757,-15.949697931416889,6.864841286869129
275.56125796885686,-53.99153354568587,2.534792076396557,4.701777953415783,-15.947052250103873,6.916472169069581
275.57807217409277,-53.99228226516018,2.5348791772834147,4.7039987104253385,-15.94440715523632,6.968230278207233
275.5948869300222,-53.993029182076505,2.5349662181158887,4.706219767218567,-15.941762649145865,7.020115402555773
275.61170223665493,-53.99377428382805,2.535053199031784,4.708441127365725,-15.939118734162228,7.0721273303889385
275.6285180939799,-53.9945175578076,2.5351401201689048,4.710662794434963,-15.93647541261329,7.124265849980333
275.64533450196586,-53.99525899140757,2.5352269816650557,4.712884771992377,-15.933832686825038,7.176530749603746
275.6621514605611,-53.99599857201995,2.53531378365804,4.715107063601996,-15.9311905591216,7.228921817532815
275.67896896969364,-53.996736287036384,2.535400526285664,4.717329672825774,-15.928549031825206,7.281438842041244
275.6957870292707,-53.99747212384813,2.5354872096857286,4.719552603223566,-15.925908107256266,7.334081611402723
275.7126056391794,-53.998206069846056,2.535573833996041,4.721775858353192,-15.92326778773327,7.386849913890921
275.72942479928633,-53.998938112420724,2.5356603993544047,4.723999441770388,-15.920628075572882,7.439743537779527
275.74624450943753,-53.9996682389623,2.5357469058986237,4.726223357028822,-15.917988973089889,7.492762271342295
275.76306476945877,-54.000396436860605,2.5358333537665034,4.728447607680097,-15.91535048259721,7.545905902852898
275.7798855791552,-54.00112269350516,2.5359197430958456,4.730672197273734,-15.91271260640594,7.599174220584989
275.79670693831156,-54.0018469962851,2.5360060740244568,4.732897129357208,-15.910075346825256,7.65256701281224
275.81352884669224,-54.002569332589275,2.5360923466901406,4.735122407475917,-15.907438706162534,7.706084067808388
275.83035130404113,-54.003289689806216,2.5361785612307006,4.737348035173207,-15.904802686723265,7.759725173847139
275.8471743100815,-54.004008055324114,2.5362647177839417,4.739574015990358,-15.902167290811107,7.813490119202147
275.86399786451636,-54.00472441653091,2.5363508164876687,4.741800353466558,-15.899532520727842,7.867378692147117
275.88082196702817,-54.00543876081418,2.5364368574796847,4.744027051138984,-15.896898378773438,7.921390680955736
275.8976466172787,-54.006151075561284,2.5365228408977947,4.7462541125427045,-15.894264867245987,7.975525873901761
275.9144718149097,-54.006861348159234,2.5366087668798034,4.74848154121077,-15.891631988441743,8.029784059258727
275.93129755954203,-54.007569565994814,2.536694635563514,4.750709340674156,-15.888999744655123,8.084165025300473
275.9481238507761,-54.00827571645452,2.5367804470867314,4.752937514461758,-15.886368138178709,8.138668560300637
275.9649506881921,-54.00897978692459,2.53686620158726,4.75516606610046,-15.883737171303213,8.193294452532875
275.9817780713494,-54.009681764791026,2.5369518992029034,4.7573949991150535,-15.88110684631755,8.248042490271025
275.9986059997872,-54.01038163743955,2.5370375400714664,4.759624317028283,-15.878477165508768,8.302912461788555
276.01543447302373,-54.01107939225567,2.5371231243307535,4.761854023360858,-15.875848131162094,8.357904155359357
276.03226349055717,-54.01177501662464,2.5372086521185673,4.764084121631401,-15.873219745560913,8.41301735925695
276.04909305186493,-54.01246849793154,2.5372941235727153,4.766314615356528,-15.870592010986798,8.468251861755139
276.0659231564041,-54.013159823561175,2.537379538830999,4.768545508050768,-15.867964929719461,8.523607451127612
276.082753803611,-54.01384898089815,2.537464898031224,4.770776803226626,-15.865338504036814,8.57908391564804
276.0995849929016,-54.01453595732689,2.537550201311194,4.77300850439453,-15.86271273621494,8.634681043590078
276.11641672367125,-54.01522074023162,2.537635448808713,4.775240615062874,-15.860087628528095,8.690398623227448
276.1332489952949,-54.01590331699635,2.537720640661586,4.777473138738019,-15.857463183248704,8.746236442833839
276.1500818071268,-54.01658367500493,2.5378057770076166,4.7797060789242725,-15.854839402647384,8.802194290683035
276.1669151585008,-54.017261801641034,2.5378908579846096,4.781939439123871,-15.852216288992935,8.858271955048561
276.18374904873014,-54.01793768428815,2.5379758837303696,4.784173222837053,-15.849593844552322,8.91446922420417
276.2005834771075,-54.01861131032964,2.5380608543827,4.786407433561981,-15.84697207159072,8.970785886423617
276.21741844290506,-54.01928266714866,2.5381457700794057,4.788642074794789,-15.844350972371466,9.027221729980523
276.23425394537446,-54.01995174212828,2.5382306309582905,4.790877150029578,-15.841730549156111,9.083776543148643
276.2510899837467,-54.02061852265138,2.5383154371571592,4.793112662758379,-15.839110804204385,9.140450114201599
276.2679265572322,-54.021282996100716,2.5384001888138146,4.7953486164712205,-15.836491739774212,9.197242231413044
276.2847636650211,-54.02194514985898,2.5384848860660636,4.797585014656081,-15.833873358121696,9.254152683056867
276.30160130628263,-54.022604971308645,2.538569529051709,4.799821860798894,-15.831255661501164,9.311181257406558
276.31843948016564,-54.02326244783215,2.5386541179085533,4.802059158383566,-15.828638652165127,9.3683277427359
276.33527818579824,-54.0239175668118,2.538738652774404,4.804296910891959,-15.82602233236429,9.425591927318552
276.35211742228825,-54.02457031562979,2.538823133787063,4.806535121803929,-15.82340670434757,9.482973599428217
276.3689571887227,-54.02522068166827,2.538907561084337,4.808773794597263,-15.820791770362083,9.540472547338632
276.38579748416794,-54.02586865230926,2.538991934804028,4.8110129327477456,-15.818177532653145,9.598088559323422
276.4026383076701,-54.026514214934735,2.539076255083941,4.813252539729119,-15.815563993464298,9.655821423656286
276.4194796582543,-54.02715735692658,2.5391605220618807,4.815492619013095,-15.812951155037274,9.7136709286109
276.43632153492547,-54.027798065666644,2.53924473587565,4.817733174069373,-15.810339019612027,9.771636862461017
276.45316393666764,-54.0284363285367,2.5393288966630547,4.819974208365603,-15.807727589426715,9.829719013480275
276.4700068624444,-54.02907213291849,2.539413004561899,4.822215725367431,-15.805116866717707,9.88791716994248
276.4868503111986,-54.029705466193704,2.5394970597099857,4.824457728538459,-15.80250685371961,9.946231120121151
276.50369428185275,-54.030336315744,2.5395810622451207,4.82670022134028,-15.799897552665234,10.00466065229006
276.5205387733084,-54.03096466895103,2.539665012305108,4.828943207232452,-15.797288965785597,10.063205554722895
276.5373837844469,-54.03159051319639,2.5397489100277513,4.831186689672539,-15.794681095309965,10.121865615693395
276.5542293141285,-54.032213835861704,2.5398327555508544,4.833430672116039,-15.792073943465816,10.18064062347518
276.5710753611934,-54.03283462432857,2.5399165490122226,4.835675158016484,-15.78946751247885,10.239530366341922
276.5879219244607,-54.03345286597861,2.540000290549661,4.837920150825343,-15.786861804572993,10.298534632567392
276.6047690027292,-54.034068548193424,2.5400839803009716,4.840165653992102,-15.78425682197041,10.357653210425312
276.62161659477687,-54.03468165835465,2.54016761840396,4.842411670964203,-15.781652566891488,10.416885888189253
276.6384646993612,-54.03529218384394,2.54025120499643,4.844658205187102,-15.779049041554863,10.476232454132985
276.6553133152189,-54.03590011204302,2.540334740216186,4.846905260104215,-15.776446248177383,10.535692696530148
276.6721624410663,-54.03650543033357,2.5404182242010327,4.849152839156966,-15.773844188974163,10.595266403654445
276.6890120755988,-54.037108126097415,2.5405016570887744,4.851400945784752,-15.77124286615851,10.65495336377965
276.70586221749136,-54.037708186716344,2.5405850390172144,4.853649583424982,-15.768642281942016,10.714753365179348
276.7227128653983,-54.03830559957229,2.540668370124158,4.855898755513033,-15.766042438534502,10.774666196127345
276.7395640179532,-54.038900352047165,2.540751650547409,4.858148465482286,-15.763443338144025,10.834691644897145
276.75641567376914,-54.039492431523044,2.5408348804247716,4.86039871676412,-15.7608449829769,10.89482949976262
276.7732678314384,-54.040081825382025,2.5409180598940515,4.862649512787893,-15.758247375237673,10.955079548997373
276.7901204895327,-54.0406685210063,2.5410011890930506,4.864900856980983,-15.755650517129158,11.015441580875144
276.80697364660307,-54.04125250577819,2.5410842681595742,4.867152752768744,-15.753054410852421,11.075915383669571
276.82382730117996,-54.0418337670801,2.5411672972314268,4.869405203574542,-15.750459058606769,11.136500745654441
276.8406814517732,-54.04241229229452,2.541250276446412,4.871658212819744,-15.74786446258977,11.197197455103293
276.85753609687174,-54.042988068804114,2.5413332059423355,4.8739117839236865,-15.745270624997257,11.258005300289913
276.8743912349442,-54.04356108399163,2.5414160858569996,4.876165920303755,-15.742677548023305,11.318924069488041
276.8912468644382,-54.04413132523995,2.5414989163282113,4.8784206253753055,-15.740085233860263,11.379953550971264
276.90810298378096,-54.0446987799321,2.5415816974937724,4.880675902551724,-15.73749368469875,11.44109353301332
276.924959591379,-54.04526343545128,2.541664429491488,4.882931755244373,-15.734902902727644,11.50234380388793
276.94181668561794,-54.0458252791808,2.541747112459162,4.8851881868626394,-15.732312890134079,11.563704151868716
276.95867426486313,-54.046384298504165,2.5418297465345994,4.887445200813929,-15.729723649103462,11.625174365229466
276.9755323274589,-54.04694048080503,2.5419123318556043,4.889702800503625,-15.727135181819497,11.686754232243784
276.99239087172907,-54.04749381346721,2.54199486855998,4.891960989335162,-15.72454749046413,11.748443541185376
277.0092498959768,-54.048044283874766,2.542077356785533,4.8942197707099435,-15.721960577217574,11.810242080327962
277.0261093984845,-54.04859187941187,2.5421597966700644,4.896479148027428,-15.719374444258367,11.872149637945213
277.042969377514,-54.04913658746294,2.542242188351381,4.898739124685063,-15.716789093763271,11.934166002310903
277.0598298313064,-54.04967839541257,2.5423245319672865,4.900999704078321,-15.714204527907363,11.996290961698532
277.076690758082,-54.050217290645605,2.5424068276555847,4.903260889600672,-15.711620748863995,12.058524304381976
277.09355215604074,-54.050753260547054,2.5424890755540797,4.90552268464365,-15.709037758804797,12.120865818634819
277.1104140233615,-54.05128629250222,2.542571275800577,4.907785092596751,-15.706455559899688,12.183315292730835
277.1272763582027,-54.05181637389655,2.542653428532879,4.9100481168475385,-15.703874154316884,12.245872514943645
277.1441391587021,-54.05234349211582,2.542735533888792,4.9123117607815825,-15.701293544222871,12.308537273546937
277.16100242297665,-54.052867634546,2.542817592006119,4.914576027782459,-15.698713731782442,12.371309356814448
277.1778661491227,-54.053388788573336,2.542899603022664,4.916840921231814,-15.696134719158694,12.43418855301995
277.19473033521587,-54.05390694158432,2.5429815670762332,4.91910644450927,-15.693556508512993,12.497174650436982
277.21159497931103,-54.05442208096573,2.5430634843046285,4.921372600992497,-15.690979102005034,12.560267437339279
277.22846007944247,-54.0549341941046,2.543145354845655,4.9236393940572105,-15.68840250179278,12.623466702000531
277.2453256336238,-54.05544326838827,2.543227178837117,4.925906827077131,-15.685826710032522,12.686772232694477
277.26219163984786,-54.05594929120435,2.5433089564168205,4.928174903424022,-15.68325172887884,12.750183817694753
277.27905809608677,-54.05645224994077,2.543390687722567,4.930443626467692,-15.680677560484622,12.813701245275114
277.295925000292,-54.05695213198573,2.543472372892162,4.932712999575947,-15.67810420700108,12.877324303709148
277.3127923503944,-54.05744892472778,2.54355401206341,4.934983026114677,-15.675531670577701,12.941052781270661
277.32966014430394,-54.05794261555578,2.5436356053741154,4.9372537094477735,-15.672959953362327,13.00488646623324
277.34652837991007,-54.0584331918589,2.5437171529620817,4.939525052937191,-15.670389057501069,13.068825146870688
277.3633970550814,-54.05892064102667,2.5437986549651135,4.941797059942888,-15.667818985138393,13.13286861145663
277.38026616766604,-54.05940495044891,2.5438801115210152,4.944069733822918,-15.665249738417064,13.197016648264734
277.3971357154911,-54.05988610751585,2.5439615227675905,4.946343077933321,-15.662681319478168,13.261269045568724
