galstreams/tracks/track.st.Jhelum.ibata2024.ecsv
# %ECSV 1.0
# ---
# datatype:
# - {name: ra, unit: deg, datatype: float64}
# - {name: dec, unit: deg, datatype: float64}
# - {name: distance, unit: kpc, datatype: float64}
# - {name: pm_ra_cosdec, unit: mas / yr, datatype: float64}
# - {name: pm_dec, unit: mas / yr, datatype: float64}
# - {name: radial_velocity, unit: km / s, datatype: float64}
# delimiter: ','
# meta: !!omap
# - __serialized_columns__:
#     dec:
#       __class__: astropy.coordinates.angles.Latitude
#       unit: &id001 !astropy.units.Unit {unit: deg}
#       value: !astropy.table.SerializedColumn {name: dec}
#     distance:
#       __class__: astropy.coordinates.distances.Distance
#       unit: !astropy.units.Unit {unit: kpc}
#       value: !astropy.table.SerializedColumn {name: distance}
#     pm_dec:
#       __class__: astropy.units.quantity.Quantity
#       unit: !astropy.units.Unit {unit: mas / yr}
#       value: !astropy.table.SerializedColumn {name: pm_dec}
#     pm_ra_cosdec:
#       __class__: astropy.units.quantity.Quantity
#       unit: !astropy.units.Unit {unit: mas / yr}
#       value: !astropy.table.SerializedColumn {name: pm_ra_cosdec}
#     ra:
#       __class__: astropy.coordinates.angles.Longitude
#       unit: *id001
#       value: !astropy.table.SerializedColumn {name: ra}
#       wrap_angle: !astropy.coordinates.Angle
#         unit: *id001
#         value: 360.0
#     radial_velocity:
#       __class__: astropy.units.quantity.Quantity
#       unit: !astropy.units.Unit {unit: km / s}
#       value: !astropy.table.SerializedColumn {name: radial_velocity}
# schema: astropy-2.0
ra,dec,distance,pm_ra_cosdec,pm_dec,radial_velocity
[from data line 1218]
60.30533559289237,-37.625825332007366,1.0,5.692796654615005,0.20629152123170513,357.71513420326875
60.28317888945793,-37.63672613503927,1.0,5.694656470520112,0.20608461449598536,357.70760581948105
60.26101772636624,-37.647625134046024,1.0,5.696516633418248,0.20587640883740477,357.6998224166834
60.23885209981083,-37.65852232664501,1.0,5.6983771422024,0.2056669028531246,357.6917841637037
60.2166820059853,-37.66941771045241,1.0,5.700237995764418,0.20545609514071117,357.68349122937
60.19450744108339,-37.68031128308313,0.9999999999999999,5.702099192994925,0.20524398429813573,357.6749437825102
60.1723284012989,-37.69120304215086,0.9999999999999999,5.703960732783418,0.2050305689236751,357.6661419919524
60.15014488282572,-37.70209298526801,1.0,5.705822614018214,0.20481584761601823,357.65708602652444
60.12795688185788,-37.71298111004579,0.9999999999999999,5.7076848355864485,0.20459981897428037,357.6477760550546
60.10576439458951,-37.723867414094116,0.9999999999999999,5.709547396374049,0.20438248159790362,357.6382122463707
60.08356741721483,-37.734751895021724,1.0,5.711410295265814,0.20416383408675642,357.6283947693009
60.06136594592819,-37.745634550435994,1.0,5.713273531145344,0.20394387504104827,357.6183237926728
60.03915997692404,-37.756515377943174,1.0,5.715137102895085,0.203722603061415,357.6079994853149
60.016949506396976,-37.76739437514818,1.0,5.717001009396238,0.20350001674888318,357.59742201605496
59.9947345305417,-37.778271539654696,0.9999999999999999,5.718865249528914,0.20327611470484896,357.5865915537209
59.97251504555303,-37.789146869065185,0.9999999999999999,5.720729822171968,0.20305089553113476,357.5755082671408
59.95029104762596,-37.800020360980795,0.9999999999999999,5.722594726203102,0.20282435782986852,357.56417232514275
59.92806253295557,-37.810892013001485,1.0,5.724459960498841,0.20259650020372533,357.55258389655467
59.90582949773711,-37.821761822725904,0.9999999999999999,5.726325523934516,0.20236732125567158,357.54074315020455
59.88359193816596,-37.83262978775147,1.0,5.728191415384266,0.20213681958905738,357.5286502549204
59.86134985043762,-37.84349590567434,1.0,5.7300576337210885,0.2019049938077515,357.5163053795303
59.83910323074779,-37.85436017408941,0.9999999999999999,5.73192417781673,0.20167184251589276,357.5037086928622
59.81685207529227,-37.865222590590314,0.9999999999999999,5.7337910465418105,0.20143736431813153,357.490860363744
59.79459638026708,-37.87608315276942,1.0,5.735658238765659,0.20120155781942373,357.47776056100395
59.77233614186834,-37.88694185821784,0.9999999999999998,5.73752575335655,0.20096442162524397,357.46440945346967
59.75007135629234,-37.89779870452541,1.0,5.739393589181489,0.20072595434139373,357.4508072099693
59.727802019735556,-37.908653689280726,0.9999999999999999,5.741261745106307,0.2004861545741221,357.43695399933125
59.70552812839463,-37.919506810071105,1.0,5.7431302199956455,0.20024502093008323,357.4228499903831
59.68324967846638,-37.93035806448259,1.0,5.744999012712935,0.20000255201637884,357.40849535195304
59.66096666614781,-37.941207450099945,1.0,5.746868122120418,0.19975874644045177,357.3938902528688
59.63867908763606,-37.9520549645067,1.0,5.748737547079163,0.199513602810228,357.3790348619586
59.6163869391285,-37.962900605285085,0.9999999999999999,5.750607286449043,0.19926711973407407,357.3639293480504
59.59409021682267,-37.97374437001608,1.0,5.7524773390886885,0.19901929582068334,357.3485738799721
59.57178891691631,-37.98458625627935,1.0,5.75434770385559,0.19877012967925367,357.33296862655203
59.549483035607345,-37.99542626165338,0.9999999999999999,5.756218379606015,0.19851961991943057,357.31711375661786
59.52717256909391,-38.00626438371527,0.9999999999999999,5.758089365195001,0.1982677651512077,357.30100943899765
59.50485751357432,-38.0171006200409,0.9999999999999998,5.759960659476452,0.19801456398501216,357.2846558425195
59.48253786524715,-38.02793496820488,1.0,5.761832261302999,0.19776001503180396,357.2680531360115
59.4602136203111,-38.03876742578053,1.0,5.763704169526115,0.19750411690284864,357.25120148830126
59.43788477496516,-38.04959799033988,0.9999999999999999,5.7655763829960875,0.19724686820995885,357.2341010682172
59.415551325408515,-38.06042665945371,1.0,5.767448900561924,0.196988267565267,357.21675204458705
59.39321326784053,-38.071253430691485,1.0,5.769321721071517,0.1967283135814526,357.199154586239
59.370870598460854,-38.08207830162141,1.0,5.7711948433714895,0.19646700487156465,357.18130886200095
59.348523313469336,-38.09290126981041,0.9999999999999999,5.773068266307302,0.19620434004914955,357.16321504070095
59.326171409066056,-38.10372233282411,1.0,5.774941988723157,0.19594031772813025,357.14487329116696
59.303814881451345,-38.11454148822688,1.0,5.776816009462095,0.19567493652292,357.12628378222706
59.281453726825745,-38.12535873358174,0.9999999999999999,5.778690327365933,0.1954081950483726,357.10744668270894
59.259087941390085,-38.13617406645051,0.9999999999999999,5.7805649412752516,0.19514009191977522,357.088362161441
59.236717521345376,-38.146987484393655,1.0,5.782439850029483,0.19487062575289826,357.0690303872512
59.21434246289295,-38.1577989849704,0.9999999999999999,5.784315052466766,0.19459979516393133,357.04945152896715
59.19196276223436,-38.16860856573862,1.0,5.786190547424084,0.19432759876951877,357.02962575541744
59.16957841557141,-38.179416224254965,0.9999999999999999,5.7880663337371985,0.1940540351867739,357.00955323542956
59.14718941910618,-38.190221958074765,0.9999999999999999,5.789942410240631,0.19377910303331447,356.98923413783183
59.124795769041015,-38.20102576475203,1.0,5.7918187757677195,0.19350280092707095,356.96866863145203
59.102397461578505,-38.21182764183953,1.0,5.793695429150571,0.19322512748661325,356.9478568851183
59.07999449292158,-38.22262758688869,1.0,5.795572369220057,0.19294608133088076,356.92679906765864
59.05758685927337,-38.233425597449674,1.0,5.797449594805862,0.19266566107926053,356.905495347901
59.03517455683732,-38.24422167107133,0.9999999999999999,5.799327104736452,0.1923838653516512,356.88394589467333
59.01275758181717,-38.25501580530123,1.0,5.801204897839035,0.19210069276840613,356.8621508768038
58.99033593041693,-38.26580799768561,1.0,5.8030829729396345,0.19181614195034058,356.84011046312037
58.96790959884094,-38.27659824576944,1.0,5.804961328863012,0.19153021151874583,356.81782482245086
58.945478583293756,-38.28738654709639,1.0,5.806839964432783,0.19124290009541767,356.7952941236234
58.92304287998033,-38.29817289920879,0.9999999999999999,5.8087188784712644,0.19095420630255688,356.77251853546596
58.90060248510586,-38.30895729964771,1.0,5.810598069799568,0.19066412876289718,356.7494982268067
58.87815739487587,-38.31973974595289,1.0,5.812477537237594,0.1903726660996341,356.72623336647354
58.855707605496185,-38.33052023566279,0.9999999999999999,5.814357279604014,0.19007981693649612,356.7027241232942
58.83325311317298,-38.34129876631452,0.9999999999999999,5.8162372957162525,0.18978557989756695,356.6789706660971
58.8107939141127,-38.35207533544395,0.9999999999999999,5.818117584390553,0.1894899536075485,356.65497316371
58.78833000452216,-38.36284994058558,1.0,5.819998144441858,0.1891929366915548,356.6307317849609
58.765861380608456,-38.37362257927262,1.0,5.821878974683955,0.18889452777520432,356.60624669867786
58.743388038579084,-38.384393249037,1.0,5.823760073929343,0.1885947254846343,356.58151807368904
58.720909974641806,-38.39516194740929,1.0,5.825641440989312,0.18829352844641534,356.556546078822
58.69842718500476,-38.40592867191881,1.0,5.8275230746739375,0.18799093528770783,356.53133088290525
58.67593966587643,-38.41669342009348,1.0,5.829404973792041,0.1876869446360061,356.5058726547664
58.65344741346563,-38.42745618946,1.0,5.8312871371512,0.18738155511950083,356.48017156323385
58.63095042398153,-38.438216977543696,1.0,5.833169563557792,0.18707476536673084,356.45422777713515
58.608448693633676,-38.44897578186858,1.0000000000000002,5.835052251816936,0.1867665740067892,356.4280414652985
58.58594221863194,-38.4597325999574,1.0000000000000002,5.836935200732501,0.18645697966929475,356.4016127965522
58.563430995186614,-38.47048742933153,1.0000000000000002,5.838818409107123,0.18614598098434243,356.3749419397238
58.54091501950829,-38.48124026751103,1.0000000000000002,5.8407018757422335,0.18583357658252453,356.34802906364143
58.51839428780797,-38.49199111201469,1.0000000000000002,5.8425855994380065,0.18551976509497337,356.3208743371331
58.49586879629704,-38.50273996035991,1.0000000000000004,5.844469578993337,0.18520454515332574,356.293477929027
58.47333854118724,-38.51348681006284,1.0000000000000002,5.84635381320593,0.1848879153896945,356.2658400081508
58.45080351869072,-38.52423165863823,1.0000000000000002,5.848238300872229,0.18456987443674677,356.2379607433328
58.428263725019974,-38.534974503599585,1.0000000000000002,5.850123040787455,0.18425042092768962,356.2098403034009
58.40571915638796,-38.54571534245903,1.0,5.85200803174553,0.18392955349614937,356.1814788571829
58.38316980900798,-38.55645417272739,1.0000000000000002,5.853893272539192,0.1836072707763705,356.15287657350717
58.360615679093755,-38.56719099191417,1.0000000000000002,5.8557787619599,0.18328357140310203,356.1240336212014
58.338056762859395,-38.577925797527506,1.0,5.857664498797881,0.18295845401156896,356.0949501690939
58.31549305651942,-38.58865858707427,1.0000000000000002,5.859550481842106,0.18263191723757188,356.0656263860123
58.292924556288796,-38.59938935805995,1.0000000000000002,5.861436709880316,0.18230395971742297,356.03606244078486
58.270351258382874,-38.61011810798873,1.0000000000000002,5.863323181698977,0.18197458008793888,356.0062585022395
58.24777315901744,-38.620844834363474,1.0,5.865209896083304,0.181643776986526,355.97621473920424
58.22519025440871,-38.631569534685674,1.0000000000000002,5.867096851817294,0.18131154905105973,355.9459313205071
58.20260254077331,-38.64229220645552,1.0000000000000002,5.86898404768365,0.18097789491998384,355.915408414976
58.18001001432832,-38.65301284717189,1.0000000000000002,5.870871482463873,0.18064281323230347,355.88464619143906
58.15741267129125,-38.663731454332265,1.0000000000000002,5.872759154938166,0.18030630262752823,355.8536448187242
58.134810507880026,-38.67444802543284,1.0000000000000002,5.874647063885522,0.17996836174568642,355.8224044656594
58.112203520313095,-38.685162557968454,1.0,5.8765352080836095,0.1796289892273819,355.79092530107266
58.08959170480929,-38.69587504943263,1.0000000000000002,5.878423586308905,0.1792881837138296,355.75920749379213
58.06697505758788,-38.70658549731752,1.0000000000000002,5.8803121973366395,0.17894594384666362,355.7272512126457
58.044353574868694,-38.71729389911397,1.0000000000000002,5.882201039940696,0.1786022682681434,355.6950566264612
58.02172725287193,-38.72800025231145,1.0000000000000002,5.884090112893794,0.17825715562105415,355.66262390406695
57.99909608781829,-38.73870455439811,1.0000000000000002,5.885979414967352,0.17791060454877083,355.6299532142909
57.97646007592894,-38.74940680286078,1.0000000000000002,5.887868944931526,0.17756261369518,355.59704472596076
57.95381921342553,-38.760106995184906,1.0000000000000002,5.889758701555234,0.17721318170473666,355.56389860790483
57.9311734965302,-38.7708051288546,1.0,5.8916486836060855,0.1768623072224571,355.53051502895096
57.908522921465526,-38.78150120135265,1.0000000000000002,5.893538889850522,0.17650998889395453,355.4968941579272
57.88586748445464,-38.79219521016048,1.0000000000000002,5.895429319053612,0.17615622536533948,355.46303616366174
57.86320718172116,-38.802887152758174,1.0000000000000002,5.897319969979186,0.17580101528331937,355.4289412149823
57.84054200948913,-38.81357702662447,1.0000000000000002,5.899210841389884,0.1754443572952198,355.3946094807169
57.81787196398318,-38.82426482923676,1.0,5.901101932046991,0.17508625004881395,355.3600411296936
57.79519704142841,-38.83495055807108,1.0000000000000002,5.902993240710572,0.17472669219257853,355.32523633074055
57.77251723805043,-38.8456342106021,1.0,5.904884766139411,0.17436568237545913,355.29019525268546
57.74983255007538,-38.85631578430318,1.0000000000000002,5.9067765070910205,0.17400321924705509,355.2549180643566
57.7271429737299,-38.86699527664629,1.0000000000000002,5.908668462321675,0.1736393014574773,355.2194049345819
57.70444850524118,-38.87767268510208,1.0000000000000002,5.9105606305863105,0.17327392765745486,355.1836560321893
57.6817491408369,-38.888348007139804,1.0000000000000002,5.9124530106386715,0.1729070964982924,355.1476715260067
57.65904487674533,-38.899021240227405,1.0000000000000002,5.914345601231169,0.17253880663189136,355.1114515848624
57.63633570919522,-38.909692381831434,1.0000000000000002,5.9162384011149705,0.17216905671067195,355.0749963775841
57.6136216344159,-38.920361429417135,1.0,5.9181314090399795,0.17179784538772935,355.038306073
57.59090264863724,-38.93102838044833,1.0000000000000002,5.920024623754788,0.17142517131670587,355.0013808399381
57.56817874808964,-38.94169323238752,1.0000000000000002,5.9219180440067625,0.17105103315184067,354.9642208472262
57.5454499290041,-38.95235598269586,1.0,5.923811668541941,0.17067542954794135,354.92682626369253
57.522716187612104,-38.963016628833124,1.0000000000000002,5.925705496105131,0.17029835916044078,354.889197258165
57.4999775201458,-38.97367516825772,1.0000000000000002,5.92759952543981,0.1699198206453687,354.8513339994715
57.47723392283781,-38.9843315984267,1.0000000000000002,5.929493755288249,0.16953981265933749,354.8132366564403
57.454485391921395,-38.99498591679577,1.0,5.931388184391384,0.16915833385957768,354.77490539789915
57.43173192363037,-39.005638120819256,1.0,5.933282811488873,0.1687753829039238,354.73634039267614
57.40897351419913,-39.016288207950105,1.0000000000000002,5.935177635319114,0.16839095845075747,354.69754180959933
57.38621015986267,-39.02693617563993,1.0000000000000002,5.937072654619218,0.16800505915918507,354.6585098174966
57.36344185685656,-39.037582021338984,1.0000000000000002,5.938967868125026,0.16761768368883168,354.61924458519604
57.34066860141695,-39.048225742496115,1.0000000000000002,5.940863274571058,0.16722883069992633,354.57974628152573
57.31789038978065,-39.05886733655881,1.0000000000000002,5.942758872690575,0.1668384988533731,354.5400150753133
57.29510721818504,-39.06950680097322,1.0000000000000002,5.944654661215566,0.16644668681067287,354.50005113538725
57.27231908286808,-39.080144133184106,1.0000000000000002,5.946550638876701,0.166053393233895,354.4598546305754
57.249525980068405,-39.09077933063485,1.0,5.948446804403389,0.16565861678579097,354.41942572970555
57.226727906025225,-39.10141239076748,1.0000000000000002,5.950343156523747,0.1652623561297304,354.3787646016059
57.20392485697838,-39.11204331102263,1.0,5.9522396939645965,0.16486460992963003,354.33787141510453
57.18111682916836,-39.12267208883959,1.0,5.954136415451458,0.1644653768501385,354.29674633902914
57.15830381883627,-39.13329872165626,1.0000000000000002,5.956033319708599,0.16406465555648708,354.25538954220804
57.13548582222385,-39.14392320690916,1.0000000000000002,5.957930405458978,0.16366244471450386,354.21380119346907
57.11266283557349,-39.15454554203344,1.0000000000000002,5.959827671424236,0.1632587429906991,354.17198146164014
57.08983485512824,-39.165165724462874,1.0000000000000002,5.961725116324757,0.16285354905217986,354.1299305155495
57.06700187713176,-39.17578375162988,1.0000000000000002,5.9636227388796215,0.16244686156673538,354.0876485240251
57.04416389782842,-39.18639962096545,1.0000000000000002,5.965520537806608,0.16203867920277304,354.04513565589474
57.02132091346321,-39.19701332989925,1.0000000000000002,5.967418511822213,0.1616290006293042,354.0023920799867
56.9984729202818,-39.20762487585954,1.0000000000000002,5.96931665964161,0.1612178245160507,353.9594179651287
56.97561991453053,-39.21823425627318,1.0000000000000002,5.971214979978733,0.16080514953331715,353.91621348014894
