galstreams/tracks/track.st.Gaia-2.ibata2020.ecsv
# %ECSV 0.9
# ---
# datatype:
# - {name: ra, unit: deg, datatype: float64}
# - {name: dec, unit: deg, datatype: float64}
# - {name: distance, unit: kpc, datatype: float64}
# - {name: pm_ra_cosdec, unit: mas / yr, datatype: float64}
# - {name: pm_dec, unit: mas / yr, datatype: float64}
# - {name: radial_velocity, unit: km / s, datatype: float64}
# delimiter: ','
# meta: !!omap
# - __serialized_columns__:
#     dec:
#       __class__: astropy.coordinates.angles.Latitude
#       unit: &id001 !astropy.units.Unit {unit: deg}
#       value: !astropy.table.SerializedColumn {name: dec}
#     distance:
#       __class__: astropy.coordinates.distances.Distance
#       unit: !astropy.units.Unit {unit: kpc}
#       value: !astropy.table.SerializedColumn {name: distance}
#     pm_dec:
#       __class__: astropy.units.quantity.Quantity
#       unit: !astropy.units.Unit {unit: mas / yr}
#       value: !astropy.table.SerializedColumn {name: pm_dec}
#     pm_ra_cosdec:
#       __class__: astropy.units.quantity.Quantity
#       unit: !astropy.units.Unit {unit: mas / yr}
#       value: !astropy.table.SerializedColumn {name: pm_ra_cosdec}
#     ra:
#       __class__: astropy.coordinates.angles.Longitude
#       unit: *id001
#       value: !astropy.table.SerializedColumn {name: ra}
#       wrap_angle: !astropy.coordinates.Angle
#         unit: *id001
#         value: 360.0
#     radial_velocity:
#       __class__: astropy.units.quantity.Quantity
#       unit: !astropy.units.Unit {unit: km / s}
#       value: !astropy.table.SerializedColumn {name: radial_velocity}
# schema: astropy-2.0
ra,dec,distance,pm_ra_cosdec,pm_dec,radial_velocity
[from data line 135]
6.779842899251183,-16.96302316589764,7.105976682252621,0.1831626357200397,0.12367405948373142,-1.3157448640425528e-16
6.8195691817255675,-17.02461531869918,7.107196954051485,0.18674527784166384,0.13037610405975716,-2.6314897280851057e-16
6.859244805284484,-17.08624715089991,7.108367436692943,0.19015082882284082,0.13694898439130293,-2.6314897280851057e-16
6.8988676055835905,-17.147920050249223,7.109486859177825,0.19337409219332286,0.1433864705368755,0.0
6.93843541626436,-17.209635406415114,7.110553950506967,0.1964098772337214,0.14968232763981565,-2.6314897280851057e-16
6.977946068925848,-17.27139461099067,7.111567439681198,0.1992529989874719,0.1558303159347713,0.0
7.017397393095899,-17.33319905750023,7.11252605570135,0.20189827827062376,0.1618241907562168,-2.6314897280851057e-16
7.056787216201689,-17.39505014140511,7.113428527568253,0.20434054167941337,0.16765770254904463,-2.6314897280851057e-16
7.096113363539651,-17.4569492601089,7.114273584282743,0.20657462159558215,0.17332459688126098,0.0
7.135373658244754,-17.51889781296238,7.115059954845648,0.20859535618939737,0.17881861445881514,-5.262979456170211e-16
7.174565921259121,-17.580897201268012,7.115786368257801,0.2103975894203345,0.18413349114259198,5.262979456170211e-16
7.213687971299967,-17.642948828284,7.116451553520034,0.21197617103537975,0.18926295796759743,-2.6314897280851057e-16
7.252737624826868,-17.705054099227887,7.117054239633178,0.213325956564912,0.19420074116436825,-2.6314897280851057e-16
7.291712696008328,-17.76721442127978,7.117593155598066,0.2144418073161204,0.19894056218263628,0.0
7.330610996687617,-17.82943120358509,7.118067030415529,0.21531859036391662,0.20347613771727624,-2.6314897280851057e-16
7.369430336347923,-17.89170585725681,7.1184745930864,0.21595117853929804,0.20780117973656997,2.6314897280851057e-16
7.408168522076728,-17.95403979537735,7.118814572611507,0.2163344504151199,0.21190939551281807,-2.6314897280851057e-16
7.446823358529457,-18.016434432999933,7.119085697991686,0.21646329028923153,0.21579448765532733,-2.6314897280851057e-16
7.485392647892369,-18.078891187149477,7.11928669822777,0.21633258816493448,0.21945015414580968,-7.8944691842553165e-16
7.523874189844651,-18.141411476823038,7.119416302320583,0.21593723972871762,0.22287008837622074,-7.8944691842553165e-16
7.562265781519727,-18.203996722989743,7.119473239270965,0.21527214632522368,0.22604797918907096,2.6314897280851057e-16
7.600565217465782,-18.266648348590284,7.119456238079742,0.2143322149294053,0.22897751092024377,5.262979456170211e-16
7.63877028960543,-18.329367778535833,7.11936402774775,0.21311235811582116,0.23165236344434828,0.0
7.676878787194588,-18.392156439706525,7.119195337275819,0.21160749402503184,0.23406621222264465,5.262979456170211e-16
7.714888496780479,-18.45501576094944,7.118948895664778,0.209812546327043,0.23621272835357116,-5.262979456170211e-16
7.752797202158765,-18.517947173075992,7.118623431915467,0.20772244418175537,0.23808557862590776,0.0
7.790602684329841,-18.580952108858906,7.118217675028709,0.20533212219637115,0.23967842557461014,-5.262979456170211e-16
7.828302721454173,-18.64403200302854,7.117730354005338,0.20263652037971003,0.2409849275393464,0.0
7.865895088806805,-18.707188292268825,7.117160197846189,0.19963058409338838,0.24199873872577274,1.0525958912340423e-15
7.903377558730872,-18.770422415212522,7.116505935552091,0.19630926399981155,0.24271350926958146,0.0
7.940747900590227,-18.833735812436018,7.1157662961238755,0.19266751600693244,0.24312288530335568,-5.262979456170211e-16
7.978003880721083,-18.89712992645352,7.114940008562376,0.18870030120972586,0.2432205090262669,-5.262979456170211e-16
8.015143262382697,-18.960606201710743,7.114025801868423,0.18440258582832947,0.24300001877665184,0.0
8.052163805707059,-19.02416608457797,7.113022405042849,0.17976934114280213,0.24245504910750165,-5.262979456170211e-16
8.08906326764759,-19.087811023342564,7.111928547086485,0.1747955434244472,0.24157923086490338,5.262979456170211e-16
8.125839401926823,-19.151542468200926,7.110742957000165,0.16947617386365152,0.24036619126946862,0.0
8.162489958983018,-19.215361871249787,7.109464363784718,0.16380621849418786,0.23880955400078588,-5.262979456170211e-16
8.199012685915761,-19.279270686477,7.108091496440976,0.15778066811392802,0.2369029392849374,0.0
8.235405326430469,-19.343270369751636,7.1066230839697715,0.1513945182019144,0.23463996398511444,0.0
8.271665620781825,-19.407362378813566,7.105057855371936,0.14464276883173868,0.23201424169537413,-5.262979456170211e-16
8.307791305716083,-19.471548173262303,7.103394539648304,0.13752042458116895,0.22901938283757248,5.262979456170211e-16
8.343780114412276,-19.53582921454538,7.1016318657997015,0.13002249443797836,0.22564899476151837,0.0
8.379629776422261,-19.600206965945905,7.099768562826966,0.12214399170191197,0.22189668184838265,-7.8944691842553165e-16
8.415338017609628,-19.664682892569644,7.097803359730925,0.11387993388274284,0.21775604561740908,0.0
8.450902560087394,-19.72925846133136,7.095734985512413,0.10522534259435948,0.21322068483596407,0.0
8.48632112215455,-19.793935140940533,7.093562169172261,0.09617524344482582,0.20828419563296954,-2.6314897280851057e-16
8.521591418231345,-19.85871440188639,7.0912836397113,0.08672466592235849,0.202940171615759,-5.262979456170211e-16
8.556711158793354,-19.923597716422304,7.088898126130363,0.07686864327716394,0.19718220399040334,-2.6314897280851057e-16
8.591678050304296,-19.988586558549464,7.086404357430282,0.06660221239907509,0.19100388168554713,-5.262979456170211e-16
8.626489795147577,-20.053682403999918,7.083801062611886,0.05592041369092815,0.18439879147979965,-2.6314897280851057e-16
8.661144091556528,-20.11888673021886,7.081086970676009,0.04481829093762279,0.1773605181327287,-2.6314897280851057e-16
8.69563863354332,-20.184201016346236,7.078260810623484,0.03329089117080078,0.1698826445195,0.0
8.729971110826574,-20.249626743197695,7.0753213114551405,0.021333264529084676,0.16195875176920876,0.0
8.764139208757591,-20.3151653932447,7.07226720217181,0.008940464113814332,0.1535824194069533,2.6314897280851057e-16
8.798140608245197,-20.380818450594067,7.069097211774326,-0.003892454159784471,0.14474722549969377,-5.262979456170211e-16
8.831972985679213,-20.446587400966557,7.06581006926352,-0.017170431716056152,0.1354467468059512,0.0
8.865634012852489,-20.512473731674987,7.062404503640223,-0.030898407477068478,0.12567455892938995,-2.6314897280851057e-16
8.899121356881487,-20.578478931601357,7.058879243905267,-0.04508131802552357,0.11542423647633598,0.0
8.932432680125414,-20.644604491173336,7.055233019059481,-0.059724097772488716,0.10468935321728698,-1.3157448640425528e-16
8.965565640103854,-20.710851902339925,7.0514645581037065,-0.0748316791300222,0.09346348225245668,-3.9472345921276583e-16
8.998517889412913,-20.777222658546396,7.047572590038763,-0.09040899268875587,0.08174019618141494,1.3157448640425528e-16
9.031287075639783,-20.843718254708396,7.04355584386549,-0.10646096740049972,0.06951306727687397,-1.3157448640425528e-16
9.063870841275795,-20.910340187185216,7.0394130485847155,-0.12299253076594602,0.05677566766267432,-1.3157448640425528e-16
9.096266823627866,-20.97708995375236,7.035142933197272,-0.14000860902753687,0.043521569496026924,-5.920851888191488e-16
9.128472654728332,-21.043969053573193,7.030744226703994,-0.15751412736756276,0.029744345154072396,-3.9472345921276583e-16
