galstreams/tracks/track.st.Jhelum-b.bonaca2019.ecsv
# %ECSV 0.9
# ---
# datatype:
# - {name: ra, unit: deg, datatype: float64}
# - {name: dec, unit: deg, datatype: float64}
# - {name: distance, unit: kpc, datatype: float64}
# - {name: pm_ra_cosdec, unit: mas / yr, datatype: float64}
# - {name: pm_dec, unit: mas / yr, datatype: float64}
# - {name: radial_velocity, unit: km / s, datatype: float64}
# delimiter: ','
# meta: !!omap
# - __serialized_columns__:
#     dec:
#       __class__: astropy.coordinates.angles.Latitude
#       unit: &id001 !astropy.units.Unit {unit: deg}
#       value: !astropy.table.SerializedColumn {name: dec}
#     distance:
#       __class__: astropy.coordinates.distances.Distance
#       unit: !astropy.units.Unit {unit: kpc}
#       value: !astropy.table.SerializedColumn {name: distance}
#     pm_dec:
#       __class__: astropy.units.quantity.Quantity
#       unit: !astropy.units.Unit {unit: mas / yr}
#       value: !astropy.table.SerializedColumn {name: pm_dec}
#     pm_ra_cosdec:
#       __class__: astropy.units.quantity.Quantity
#       unit: !astropy.units.Unit {unit: mas / yr}
#       value: !astropy.table.SerializedColumn {name: pm_ra_cosdec}
#     ra:
#       __class__: astropy.coordinates.angles.Longitude
#       unit: *id001
#       value: !astropy.table.SerializedColumn {name: ra}
#       wrap_angle: !astropy.coordinates.Angle
#         unit: *id001
#         value: 360.0
#     radial_velocity:
#       __class__: astropy.units.quantity.Quantity
#       unit: !astropy.units.Unit {unit: km / s}
#       value: !astropy.table.SerializedColumn {name: radial_velocity}
# schema: astropy-2.0
ra,dec,distance,pm_ra_cosdec,pm_dec,radial_velocity
7.143180671436857,-51.306903113255615,12.999999999999966,9.607947421902562,-5.807792909831647,75.81554318416553
6.903179437399305,-51.32205803017478,12.999999999999972,9.597684938924765,-5.834721867688264,75.53122737225775
6.663026109356042,-51.33674481179952,12.999999999999973,9.587264472210505,-5.8616849886545905,75.24646534111126
6.422725299471242,-51.350962902584676,12.999999999999975,9.576686098735326,-5.888680385574549,74.96125903969327
6.182281641895175,-51.36471176391594,12.999999999999979,9.5659499131757,-5.915706167448278,74.67561042060964
5.941699792121401,-51.37799087420575,12.999999999999979,9.555056027955182,-5.942760439725516,74.38952144008988
5.700984426336361,-51.390799728986515,12.99999999999998,9.544004573285429,-5.969841304600955,74.10299405797277
5.46014024076242,-51.4031378410008,12.999999999999984,9.532795697202193,-5.996946861311342,73.81603023769146
5.219171950992346,-51.41500474028885,12.999999999999984,9.521429565596002,-6.024075206434505,73.52863194625925
4.978084291318165,-51.42639997427293,12.999999999999988,9.509906362237757,-6.0512244341897965,73.24080115425369
4.736882014052323,-51.43732310783903,12.999999999999991,9.498226288799001,-6.078392636740193,72.95253983580339
4.495569888842332,-51.447773723415224,12.999999999999991,9.48638956486693,-6.105577904495738,72.66384996857256
4.2541527019799,-51.45775142104734,12.999999999999993,9.474396427954133,-6.132778326418144,72.3747335337461
4.012635255703164,-51.46725581847126,12.999999999999991,9.462247133503004,-6.159991990326645,72.0851925160151
3.771022367493131,-51.47628655118247,12.999999999999993,9.449941954884718,-6.187216983204823,71.7952289035628
3.529318869365302,-51.484843272502104,12.999999999999998,9.437481183392999,-6.214451391508213,71.50484468804855
3.2875296071551614,-51.49292565364023,12.999999999999998,9.424865128232378,-6.241693301472782,71.21404186459448
3.0456594397985874,-51.5005333837557,12.999999999999998,9.412094116501095,-6.268940799423982,70.92282243176994
2.8037132386082995,-51.507666170012826,12.999999999999996,9.399168493168643,-6.296191972086213,70.63118839157687
2.5616958865444075,-51.514323737635046,12.999999999999998,9.386088621047838,-6.323444906892792,70.33914174943578
2.3196122774820207,-51.52050582995504,13.0,9.37285488076157,-6.350697692295983,70.04668451417028
2.077467315473831,-51.52621220846178,13.0,9.359467670704063,-6.377948418077251,69.75381869799246
1.8352659140090193,-51.53144265284426,13.000000000000002,9.345927406996742,-6.405195175657439,69.46054631648879
1.5930129952693541,-51.536196961031855,13.000000000000002,9.332234523438798,-6.432436058406714,69.16686938860477
1.3507134893813508,-51.54047494923144,13.000000000000004,9.318389471452278,-6.459669161954292,68.8727899366305
1.1083723336653901,-51.54427645196107,13.000000000000002,9.304392720021802,-6.486892584497728,68.57830998618618
0.865994471882973,-51.5476013220804,13.000000000000004,9.29024475562901,-6.514104427111542,68.28343156620696
0.623584853480818,-51.55044943081771,13.000000000000005,9.275946082181635,-6.5413027940552695,67.98815670892878
0.3811484328327525,-51.552820667793426,13.000000000000002,9.261497220937219,-6.568485793080622,67.69248744987286
0.13869016848070817,-51.55471494104052,13.000000000000004,9.246898710421663,-6.595651535737645,67.39642582783216
359.8962150223728,-51.5561321770212,13.000000000000004,9.232151106342409,-6.622798137679912,67.09997388485556
359.6537279591015,-51.557072320640415,13.000000000000005,9.21725498149652,-6.649923718968323,66.803133666234
359.4112339451397,-51.557535335255885,13.000000000000005,9.202210925673517,-6.6770264043736915,66.50590722048507
359.1687379480768,-51.55752120268459,13.000000000000007,9.187019545553062,-6.704104323677812,66.20829659933914
358.92624493585384,-51.5570299232061,13.000000000000005,9.17168146459761,-6.731155611972875,65.91030385772358
358.6837598759994,-51.55606151556219,13.000000000000007,9.15619732294,-6.758178409959159,65.61193105374952
358.44128773486375,-51.554616016953254,13.000000000000009,9.140567777265963,-6.785170864240985,65.31318024869496
358.19883347685646,-51.55269348303121,13.000000000000007,9.124793500691844,-6.812131127620433,65.01405350699316
357.9564020636816,-51.55029398788894,13.000000000000007,9.108875182637288,-6.839057359389187,64.71455289621467
357.71399845357575,-51.54741762404644,13.000000000000007,9.092813528693133,-6.865947725618062,64.41468048705521
357.4716276005473,-51.54406450243343,13.000000000000009,9.076609260484608,-6.89280039944412,64.11443835331914
357.2292944536168,-51.54023475236867,13.000000000000004,9.060263115529747,-6.919613561355384,63.81382857190627
356.9870039560585,-51.53592852153582,13.000000000000007,9.043775847093112,-6.946385399473,63.51285322279572
356.7447610446464,-51.53114597595599,13.000000000000007,9.027148224035146,-6.973114109830545,63.21151438903279
356.5025706488997,-51.52588729995681,13.000000000000009,9.010381030656768,-6.999797896650722,62.90981415671282
356.2604376903333,-51.520152696138226,13.000000000000005,8.993475066539755,-7.0264349726189295,62.60775461496683
356.01836708171055,-51.51394238533497,13.000000000000007,8.976431146382682,-7.0530235591539,62.305337855947855
355.77636372629837,-51.5072566065757,13.000000000000005,8.959250099832564,-7.079561886675224,62.002565974815
355.53443251712747,-51.500095617038724,13.000000000000007,8.941932771312418,-7.106048194867496,61.69944106971891
355.2925783362552,-51.49245969200465,13.000000000000004,8.924480019844651,-7.132480732941195,61.39596524178852
355.0508060540328,-51.484349124805505,13.000000000000004,8.906892718870388,-7.158857759890131,61.09214059511396
354.8091205283774,-51.47576422677087,13.000000000000004,8.88917175606503,-7.185177544745229,60.78796923673363
354.5675266040478,-51.46670532717063,13.000000000000004,8.871318033149835,-7.211438366824743,60.483453276619215
354.3260291119258,-51.45717277315457,13.000000000000007,8.853332465699772,-7.237638515980755,60.17859482766008
354.0846328683026,-51.4471669296888,13.000000000000004,8.835215982947858,-7.2637762928416905,59.87339600565006
353.8433426741699,-51.436688179489096,13.000000000000004,8.816969527585739,-7.289850009051094,59.56785892927154
353.60216331451727,-51.425736922951,13.000000000000004,8.798594055561031,-7.315857987502234,59.261985720080986
353.3610995576356,-51.414313578076964,13.000000000000009,8.780090535871166,-7.341798562568704,58.955778502495
353.1201561544253,-51.40241858040033,13.000000000000005,8.76145995035402,-7.3676700803308695,58.649239403774004
352.8793378377125,-51.39005238290644,13.000000000000004,8.742703293475456,-7.393470898797922,58.34237055400972
352.6386493215713,-51.377215455950534,13.000000000000002,8.723821572113778,-7.419199388125749,58.0351740861091
352.39809530065105,-51.36390828717294,13.000000000000002,8.704815805341184,-7.444853930830415,57.727652135779465
352.1576804495142,-51.35013138141116,13.000000000000002,8.68568702420257,-7.470432921996984,57.41980684151432
351.91740942197794,-51.3358852606092,13.000000000000004,8.666436271491444,-7.495934769484045,57.111640344578724
351.6772868504649,-51.321170463723895,13.000000000000002,8.647064601523294,-7.521357894123498,56.803154788994405
351.43731734536186,-51.3059875466287,13.000000000000004,8.627573079906506,-7.546700729915701,56.49435232152485
351.19750549438487,-51.29033708201442,13.000000000000002,8.607962783310787,-7.571961724219966,56.185235091660786
350.9578558619542,-51.2742196592874,13.000000000000002,8.58823479923344,-7.597139337940184,55.87580525160611
350.7183729885761,-51.25763588446504,13.000000000000002,8.568390225763398,-7.622232045705733,55.56606495626239
350.4790613902333,-51.2405863800685,13.0,8.548430171343163,-7.647238336047512,55.25601636321396
350.23992555778483,-51.22307178501305,13.0,8.528355754528954,-7.672156711568968,54.94566163271349
350.0009699563742,-51.20509275449569,13.000000000000002,8.508168103748954,-7.696985689112266,54.635002927668594
349.76219902484576,-51.186649959880306,13.000000000000004,8.487868357059774,-7.721723799919504,54.32404241362454
349.52361717517186,-51.167744088580505,13.0,8.467457661901514,-7.746369589788767,54.0127822587525
349.2852287918877,-51.14837584393977,13.000000000000002,8.446937174851168,-7.770921619225257,53.70122463383186
349.0470382315365,-51.128545945109515,13.000000000000002,8.426308061374773,-7.795378463587325,53.38937171223831
348.80904982212405,-51.108255126924696,13.000000000000004,8.405571495578297,-7.819738713227298,53.07722566992695
348.5712678625829,-51.087504139777124,13.000000000000004,8.384728659957362,-7.844000973627335,52.76478868541841
348.3336966222467,-51.06629374948677,12.999999999999998,8.363780745146036,-7.868163865529965,52.452062939785456
348.0963403403342,-51.04462473717055,13.0,8.3427289496646,-7.8922260250636045,52.139050616635494
347.8592032254433,-51.022497899109375,12.999999999999998,8.321574479666639,-7.916186103862858,51.82575390209838
347.622289455056,-50.99991404661291,13.0,8.300318548685427,-7.940042769183561,51.51217498481058
347.38560317505295,-50.976874005882365,13.000000000000002,8.278962377379761,-7.963794704012722,51.19831605590098
347.14914849923866,-50.95337861787134,13.0,8.257507193279286,-7.987440607173287,50.884179308975334
346.91292950887765,-50.929428738144836,12.999999999999998,8.235954230529607,-8.01097919342359,50.56976694010248
346.6769502522409,-50.90502523673629,13.0,8.214304729637073,-8.034409193551724,50.25508114779877
346.4412147441628,-50.880168998002915,13.0,8.192559937213488,-8.057729354464701,49.9401241330151
346.20572696560953,-50.85486092047924,13.0,8.17072110572084,-8.080938439272389,49.62489809911928
345.9704908632579,-50.829101916729,12.999999999999998,8.148789493216094,-8.10403522736635,49.309405251884954
345.73551034908525,-50.802892913195365,12.999999999999998,8.12676636309622,-8.127018514493482,48.993647799473116
345.5007892999705,-50.77623485004961,13.000000000000002,8.104652983843565,-8.149887112824501,48.677627952420885
345.2663315573057,-50.74912868103826,13.0,8.082450628771568,-8.172639851017454,48.36134792362419
345.0321409266198,-50.72157537332874,13.0,8.060160575771082,-8.195275574275914,48.0448099283242
344.7982211772126,-50.69357590735368,13.000000000000002,8.037784107057334,-8.217793144402261,47.72801618409342
344.56457604180014,-50.66513127665376,13.0,8.01532250891749,-8.240191439845963,47.41096891081927
344.33120921617166,-50.636242487719386,13.0,7.992777071459208,-8.262469355746685,47.09367033069012
344.09812435885766,-50.606910559830965,13.0,7.970149088360017,-8.284625803972537,46.77612266818098
343.8653250908088,-50.57713652489818,13.0,7.947439856617738,-8.306659713153406,46.45832815003904
343.6328149950872,-50.54692142729789,13.0,7.924650676302051,-8.328570028709265,46.140289005267576
343.4005976165674,-50.516266323711214,13.0,7.901782850307216,-8.350355712873775,45.82200746511231
343.1686764616504,-50.4851722829594,13.0,7.878837684106167,-8.372015744712893,45.503485763047095
342.9370549979879,-50.45364038583881,13.0,7.8558164855059305,-8.39354912013886,45.18472613475789
342.7057366542178,-50.42167172495496,13.000000000000002,7.832720564404549,-8.414954851919372,44.865730818129464
342.4747248197117,-50.38926740455573,12.999999999999998,7.809551232549577,-8.436231969682103,44.54650205322937
342.2440228443332,-50.35642854036376,13.0,7.786309803298198,-8.45737951991455,44.22704208229481
342.01363403820733,-50.323156259408066,13.0,7.7629975913790865,-8.478396565959393,43.90735314971633
341.7835616715014,-50.28945169985504,12.999999999999998,7.739615912656073,-8.499282188005242,43.587437502023924
341.5538089742171,-50.25531601083871,13.0,7.716166083893693,-8.520035483072945,43.26729738787276
341.32437913599347,-50.220750352290516,12.999999999999998,7.69264942252471,-8.540655564997511,42.946935058027364
341.09527530592135,-50.185755894768455,13.0,7.669067246419636,-8.561141564405663,42.62635276534813
340.86650059236825,-50.150333819285805,13.000000000000002,7.645420873658392,-8.581492628689094,42.305552764775484
340.6380580628149,-50.11448531713945,13.000000000000002,7.621711622304156,-8.601707921973532,41.98453731331624
340.40995074370204,-50.07821158973771,13.0,7.59794081017938,-8.6217866250836,41.663308670027625
340.18218162028893,-50.04151384842801,13.000000000000002,7.574109754644218,-8.641727935503601,41.34186909600443
339.95475363652173,-50.00439331432415,13.000000000000004,7.550219772377248,-8.66153106733429,41.02022085436302
339.72766969491295,-49.96685121813332,13.000000000000002,7.526272179158618,-8.681195251245692,40.698366210225444
339.50093265643204,-49.92888879998317,13.000000000000002,7.502268289655776,-8.700719734425945,40.37630743070827
339.27454534040567,-49.89050730924849,13.000000000000002,7.47820941721162,-8.72010378052646,40.05404678490409
339.048510524429,-49.85170800437796,13.000000000000002,7.454096873635325,-8.739346669603206,39.7315865438692
338.8228309442874,-49.81249215272085,13.000000000000002,7.429931968995833,-8.758447698054407,39.40892898060851
338.59750929388804,-49.77286103035375,13.0,7.405716011417966,-8.777406178554596,39.086076370059594
338.3725482252022,-49.73281592190732,13.000000000000002,7.381450306881386,-8.796221439985127,38.76303098908016
338.1479503482172,-49.692358120393216,13.000000000000002,7.357136159022253,-8.81489282736128,38.4397951164308
337.92371823089843,-49.6514889270312,13.000000000000002,7.332774868937815,-8.833419701755954,38.11637103276296
337.6998543991616,-49.61020965107636,13.000000000000004,7.308367734993777,-8.851801440220079,37.792761020601866
337.4763613368542,-49.568521609646616,13.000000000000002,7.283916052634687,-8.87003743569978,37.46896736433291
337.25324148574737,-49.52642612755065,13.000000000000004,7.259421114197188,-8.888127096950416,37.14499235018774
337.0304972455362,-49.48392453711596,13.000000000000004,7.234884208726316,-8.90606984844754,36.820838266227895
336.80813097385067,-49.44101817801751,13.000000000000004,7.2103066217947855,-8.923865130294892,36.4965074023316
336.586144986275,-49.39770839710659,13.000000000000002,7.185689635325329,-8.941512398129447,36.172002050177404
336.3645415563767,-49.35399654824038,13.000000000000004,7.161034527416148,-8.959011123023643,35.84732450323182
336.1433229157442,-49.30988399211181,13.000000000000004,7.136342572169408,-8.976360791384884,35.522477056732264
335.9224912540339,-49.26537209608006,13.000000000000004,7.111615039522893,-8.993560904852323,35.19746200767364
335.7020487190255,-49.22046223400168,13.000000000000004,7.086853195084834,-9.010610980191085,34.87228165479333
335.4819974166868,-49.17515578606226,13.000000000000007,7.0620582999718575,-9.027510549183953,34.54693829855721
335.2623394112455,-49.12945413860879,13.000000000000004,7.037231610650139,-9.044259158520664,34.22143424114352
335.04307672527125,-49.08335868398272,13.000000000000004,7.012374378779765,-9.06085636968476,33.895771786429115
334.82421133976436,-49.03687082035377,13.000000000000007,6.987487851062291,-9.077301758838278,33.56995323997457
334.6057451942539,-48.98999195155444,13.000000000000002,6.96257326909158,-9.093594916704134,33.24398090901002
334.38768018690246,-48.94272348691537,13.000000000000004,6.937631869207776,-9.109735448446463,32.91785710241909
334.17001817461977,-48.89506684110164,13.000000000000004,6.9126648823546315,-9.12572297354889,32.59158413072571
333.95276097318356,-48.84702343394965,13.000000000000004,6.887673533940001,-9.141557125690822,32.26516430607852
333.7359103573678,-48.79859469030525,13.000000000000004,6.862659043699646,-9.157237552621895,31.9385999422365
333.5194680610788,-48.74978203986251,13.000000000000002,6.837622625564268,-9.172763916034583,31.61189335455411
333.3034357774977,-48.700586917003626,13.000000000000007,6.812565487529786,-9.188135891435081,31.285046859966712
333.08781515923124,-48.65101076063974,13.000000000000007,6.787488831530923,-9.20335316801256,30.958062776975584
332.8726078184682,-48.601055014052804,13.000000000000007,6.762393853317975,-9.218415448506788,30.63094342563407
