galstreams/tracks/track.po.PS1-B.bernard2016.ecsv
# %ECSV 1.0
# ---
# datatype:
# - {name: ra, unit: deg, datatype: float64}
# - {name: dec, unit: deg, datatype: float64}
# - {name: distance, unit: kpc, datatype: float64}
# - {name: pm_ra_cosdec, unit: mas / yr, datatype: float64}
# - {name: pm_dec, unit: mas / yr, datatype: float64}
# - {name: radial_velocity, unit: km / s, datatype: float64}
# delimiter: ','
# meta: !!omap
# - __serialized_columns__:
#     dec:
#       __class__: astropy.coordinates.angles.Latitude
#       unit: &id001 !astropy.units.Unit {unit: deg}
#       value: !astropy.table.SerializedColumn {name: dec}
#     distance:
#       __class__: astropy.coordinates.distances.Distance
#       unit: !astropy.units.Unit {unit: kpc}
#       value: !astropy.table.SerializedColumn {name: distance}
#     pm_dec:
#       __class__: astropy.units.quantity.Quantity
#       unit: !astropy.units.Unit {unit: mas / yr}
#       value: !astropy.table.SerializedColumn {name: pm_dec}
#     pm_ra_cosdec:
#       __class__: astropy.units.quantity.Quantity
#       unit: !astropy.units.Unit {unit: mas / yr}
#       value: !astropy.table.SerializedColumn {name: pm_ra_cosdec}
#     ra:
#       __class__: astropy.coordinates.angles.Longitude
#       unit: *id001
#       value: !astropy.table.SerializedColumn {name: ra}
#       wrap_angle: !astropy.coordinates.Angle
#         unit: *id001
#         value: 360.0
#     radial_velocity:
#       __class__: astropy.units.quantity.Quantity
#       unit: !astropy.units.Unit {unit: km / s}
#       value: !astropy.table.SerializedColumn {name: radial_velocity}
# schema: astropy-2.0
ra,dec,distance,pm_ra_cosdec,pm_dec,radial_velocity
145.56020712784172,-15.270859082680628,14.500000000000005,0.0,0.0,0.0
145.56599684668356,-15.262552121797151,14.500000000000005,0.0,0.0,0.0
145.57178610744242,-15.25424501234753,14.500000000000002,0.0,0.0,0.0
145.57757491040775,-15.245937754428416,14.500000000000002,0.0,0.0,0.0
145.58336325586907,-15.237630348136301,14.500000000000002,0.0,0.0,0.0
145.58915114411587,-15.22932279356764,14.499999999999998,0.0,0.0,0.0
145.59493857543737,-15.221015090819007,14.499999999999998,0.0,0.0,0.0
145.60072555012292,-15.212707239986809,14.499999999999996,0.0,0.0,0.0
145.6065120684618,-15.204399241167428,14.499999999999998,0.0,0.0,0.0
145.61229813074303,-15.196091094457367,14.499999999999995,0.0,0.0,0.0
145.6180837372558,-15.187782799952902,14.499999999999996,0.0,0.0,0.0
145.6238688882891,-15.17947435775048,14.499999999999995,0.0,0.0,0.0
145.6296535841319,-15.171165767946377,14.499999999999995,0.0,0.0,0.0
145.63543782507313,-15.162857030636854,14.499999999999995,0.0,0.0,0.0
145.6412216114016,-15.15454814591827,14.499999999999993,0.0,0.0,0.0
145.64700494340605,-15.146239113886825,14.499999999999993,0.0,0.0,0.0
145.65278782137523,-15.137929934638697,14.499999999999993,0.0,0.0,0.0
145.65857024559776,-15.129620608270177,14.499999999999993,0.0,0.0,0.0
145.6643522163623,-15.12131113487734,14.499999999999991,0.0,0.0,0.0
145.67013373395724,-15.11300151455642,14.49999999999999,0.0,0.0,0.0
145.67591479867107,-15.104691747403491,14.499999999999991,0.0,0.0,0.0
145.68169541079226,-15.09638183351461,14.49999999999999,0.0,0.0,0.0
145.68747557060905,-15.088071772985925,14.49999999999999,0.0,0.0,0.0
145.69325527840974,-15.079761565913433,14.499999999999991,0.0,0.0,0.0
145.69903453448256,-15.071451212393107,14.499999999999991,0.0,0.0,0.0
145.7048133391156,-15.063140712521031,14.499999999999991,0.0,0.0,0.0
145.7105916925969,-15.05483006639312,14.49999999999999,0.0,0.0,0.0
145.71636959521456,-15.046519274105266,14.499999999999988,0.0,0.0,0.0
145.72214704725644,-15.038208335753477,14.499999999999991,0.0,0.0,0.0
145.72792404901048,-15.02989725143355,14.49999999999999,0.0,0.0,0.0
145.73370060076448,-15.02158602124144,14.499999999999988,0.0,0.0,0.0
145.73947670280617,-15.013274645272933,14.49999999999999,0.0,0.0,0.0
145.74525235542333,-15.0049631236238,14.499999999999988,0.0,0.0,0.0
145.75102755890347,-14.996651456389912,14.49999999999999,0.0,0.0,0.0
145.75680231353422,-14.988339643666995,14.49999999999999,0.0,0.0,0.0
145.7625766196031,-14.980027685550724,14.49999999999999,0.0,0.0,0.0
145.76835047739752,-14.97171558213691,14.499999999999988,0.0,0.0,0.0
145.7741238872049,-14.963403333521141,14.49999999999999,0.0,0.0,0.0
145.77989684931248,-14.955090939799176,14.499999999999988,0.0,0.0,0.0
145.78566936400756,-14.946778401066593,14.499999999999988,0.0,0.0,0.0
145.79144143157734,-14.938465717418955,14.49999999999999,0.0,0.0,0.0
145.7972130523089,-14.93015288895194,14.49999999999999,0.0,0.0,0.0
145.80298422648937,-14.921839915761058,14.49999999999999,0.0,0.0,0.0
145.80875495440574,-14.913526797941795,14.49999999999999,0.0,0.0,0.0
145.81452523634488,-14.905213535589745,14.49999999999999,0.0,0.0,0.0
145.82029507259375,-14.896900128800304,14.49999999999999,0.0,0.0,0.0
145.8260644634391,-14.88858657766902,14.499999999999991,0.0,0.0,0.0
145.83183340916767,-14.880272882291276,14.499999999999991,0.0,0.0,0.0
145.83760191006624,-14.871959042762432,14.499999999999991,0.0,0.0,0.0
145.84336996642136,-14.863645059177962,14.49999999999999,0.0,0.0,0.0
145.8491375785196,-14.855330931633173,14.49999999999999,0.0,0.0,0.0
145.85490474664752,-14.847016660223348,14.499999999999993,0.0,0.0,0.0
145.86067147109145,-14.838702245043887,14.499999999999991,0.0,0.0,0.0
145.86643775213787,-14.83038768619003,14.49999999999999,0.0,0.0,0.0
145.87220359007307,-14.822072983756966,14.49999999999999,0.0,0.0,0.0
145.87796898518323,-14.81375813784004,14.49999999999999,0.0,0.0,0.0
145.88373393775467,-14.80544314853435,14.49999999999999,0.0,0.0,0.0
145.8894984480734,-14.79712801593517,14.49999999999999,0.0,0.0,0.0
145.89526251642553,-14.788812740137615,14.499999999999993,0.0,0.0,0.0
145.90102614309706,-14.780497321236764,14.49999999999999,0.0,0.0,0.0
145.90678932837395,-14.772181759327811,14.49999999999999,0.0,0.0,0.0
145.91255207254204,-14.763866054505794,14.49999999999999,0.0,0.0,0.0
145.9183143758872,-14.75555020686572,14.49999999999999,0.0,0.0,0.0
145.92407623869516,-14.74723421650271,14.499999999999991,0.0,0.0,0.0
145.9298376612516,-14.73891808351168,14.499999999999993,0.0,0.0,0.0
145.93559864384216,-14.730601807987702,14.499999999999991,0.0,0.0,0.0
145.9413591867524,-14.722285390025675,14.499999999999991,0.0,0.0,0.0
145.94711929026792,-14.713968829720496,14.499999999999988,0.0,0.0,0.0
145.95287895467402,-14.705652127167154,14.499999999999993,0.0,0.0,0.0
145.95863818025617,-14.69733528246049,14.499999999999993,0.0,0.0,0.0
145.9643969672997,-14.689018295695304,14.499999999999993,0.0,0.0,0.0
145.97015531608983,-14.680701166966527,14.499999999999993,0.0,0.0,0.0
145.97591322691184,-14.67238389636887,14.499999999999993,0.0,0.0,0.0
145.98167070005076,-14.664066483997214,14.499999999999991,0.0,0.0,0.0
145.98742773579173,-14.655748929946252,14.499999999999993,0.0,0.0,0.0
145.9931843344198,-14.647431234310687,14.499999999999991,0.0,0.0,0.0
145.99894049621986,-14.639113397185309,14.499999999999993,0.0,0.0,0.0
146.0046962214768,-14.630795418664759,14.499999999999993,0.0,0.0,0.0
146.01045151047552,-14.622477298843647,14.499999999999993,0.0,0.0,0.0
146.01620636350071,-14.614159037816696,14.49999999999999,0.0,0.0,0.0
146.02196078083716,-14.605840635678469,14.499999999999991,0.0,0.0,0.0
146.0277147627695,-14.597522092523505,14.499999999999993,0.0,0.0,0.0
146.03346830958228,-14.58920340844646,14.49999999999999,0.0,0.0,0.0
146.03922142156006,-14.580884583541767,14.499999999999991,0.0,0.0,0.0
146.04497409898727,-14.572565617904035,14.49999999999999,0.0,0.0,0.0
146.05072634214832,-14.564246511627703,14.49999999999999,0.0,0.0,0.0
146.05647815132764,-14.555927264807181,14.49999999999999,0.0,0.0,0.0
146.06222952680938,-14.547607877537002,14.49999999999999,0.0,0.0,0.0
146.06798046887786,-14.539288349911537,14.49999999999999,0.0,0.0,0.0
146.0737309778172,-14.530968682025115,14.49999999999999,0.0,0.0,0.0
146.07948105391154,-14.522648873972201,14.49999999999999,0.0,0.0,0.0
146.08523069744487,-14.514328925847037,14.49999999999999,0.0,0.0,0.0
146.0909799087012,-14.50600883774403,14.49999999999999,0.0,0.0,0.0
146.09672868796443,-14.497688609757423,14.49999999999999,0.0,0.0,0.0
146.1024770355184,-14.48936824198144,14.49999999999999,0.0,0.0,0.0
146.108224951647,-14.48104773451041,14.499999999999991,0.0,0.0,0.0
146.11397243663382,-14.472727087438509,14.49999999999999,0.0,0.0,0.0
146.11971949076272,-14.464406300859874,14.499999999999991,0.0,0.0,0.0
146.12546611431713,-14.456085374868776,14.49999999999999,0.0,0.0,0.0
146.1312123075807,-14.447764309559302,14.499999999999993,0.0,0.0,0.0
146.13695807083695,-14.439443105025532,14.499999999999993,0.0,0.0,0.0
146.14270340436929,-14.431121761361652,14.499999999999993,0.0,0.0,0.0
146.14844830846107,-14.422800278661642,14.49999999999999,0.0,0.0,0.0
146.1541927833956,-14.41447865701964,14.49999999999999,0.0,0.0,0.0
146.15993682945614,-14.406156896529625,14.49999999999999,0.0,0.0,0.0
146.16568044692596,-14.397834997285546,14.49999999999999,0.0,0.0,0.0
146.1714236360881,-14.389512959381467,14.49999999999999,0.0,0.0,0.0
146.17716639722562,-14.381190782911299,14.49999999999999,0.0,0.0,0.0
146.18290873062165,-14.372868467968914,14.49999999999999,0.0,0.0,0.0
146.188650636559,-14.364546014648313,14.499999999999988,0.0,0.0,0.0
146.1943921153207,-14.35622342304328,14.499999999999988,0.0,0.0,0.0
146.2001331671895,-14.347900693247759,14.499999999999986,0.0,0.0,0.0
146.2058737924482,-14.339577825355535,14.49999999999999,0.0,0.0,0.0
146.21161399137952,-14.331254819460368,14.49999999999999,0.0,0.0,0.0
146.21735376426605,-14.32293167565613,14.499999999999988,0.0,0.0,0.0
146.22309311139048,-14.314608394036531,14.49999999999999,0.0,0.0,0.0
146.2288320330353,-14.306284974695265,14.499999999999988,0.0,0.0,0.0
146.234570529483,-14.297961417726123,14.49999999999999,0.0,0.0,0.0
146.24030860101595,-14.289637723222707,14.49999999999999,0.0,0.0,0.0
146.24604624791655,-14.281313891278774,14.49999999999999,0.0,0.0,0.0
146.25178347046707,-14.272989921987907,14.499999999999988,0.0,0.0,0.0
146.2575202689498,-14.264665815443676,14.49999999999999,0.0,0.0,0.0
146.26325664364686,-14.25634157173977,14.499999999999988,0.0,0.0,0.0
146.2689925948404,-14.248017190969701,14.499999999999988,0.0,0.0,0.0
146.27472812281243,-14.239692673226967,14.499999999999988,0.0,0.0,0.0
146.28046322784502,-14.23136801860518,14.49999999999999,0.0,0.0,0.0
146.28619791022007,-14.223043227197788,14.49999999999999,0.0,0.0,0.0
146.29193217021947,-14.214718299098216,14.499999999999988,0.0,0.0,0.0
146.29766600812502,-14.206393234400002,14.499999999999988,0.0,0.0,0.0
146.3033994242185,-14.198068033196478,14.499999999999986,0.0,0.0,0.0
146.30913241878162,-14.189742695581137,14.499999999999988,0.0,0.0,0.0
146.314864992096,-14.181417221647308,14.499999999999988,0.0,0.0,0.0
146.32059714444327,-14.1730916114883,14.499999999999988,0.0,0.0,0.0
146.32632887610487,-14.164765865197527,14.499999999999988,0.0,0.0,0.0
146.33206018736237,-14.156439982868253,14.49999999999999,0.0,0.0,0.0
146.33779107849713,-14.148113964593712,14.499999999999986,0.0,0.0,0.0
146.34352154979047,-14.139787810467253,14.499999999999988,0.0,0.0,0.0
146.34925160152375,-14.131461520582018,14.499999999999988,0.0,0.0,0.0
146.3549812339781,-14.123135095031305,14.49999999999999,0.0,0.0,0.0
146.36071044743477,-14.114808533908269,14.499999999999988,0.0,0.0,0.0
146.36643924217492,-14.10648183730601,14.499999999999986,0.0,0.0,0.0
146.37216761847947,-14.098155005317766,14.499999999999986,0.0,0.0,0.0
146.3778955766295,-14.089828038036611,14.499999999999988,0.0,0.0,0.0
146.38362311690594,-14.081500935555589,14.499999999999986,0.0,0.0,0.0
146.38935023958967,-14.07317369796786,14.499999999999984,0.0,0.0,0.0
146.39507694496152,-14.064846325366378,14.499999999999986,0.0,0.0,0.0
146.4008032333022,-14.056518817844259,14.499999999999986,0.0,0.0,0.0
146.40652910489246,-14.04819117549445,14.499999999999986,0.0,0.0,0.0
146.41225456001294,-14.039863398409889,14.499999999999986,0.0,0.0,0.0
146.41797959894419,-14.031535486683616,14.499999999999986,0.0,0.0,0.0
146.42370422196677,-14.023207440408513,14.499999999999984,0.0,0.0,0.0
146.4294284293612,-14.014879259677436,14.499999999999984,0.0,0.0,0.0
146.4351522214078,-14.006550944583363,14.499999999999984,0.0,0.0,0.0
146.44087559838695,-13.998222495219101,14.499999999999986,0.0,0.0,0.0
146.446598560579,-13.989893911677449,14.499999999999984,0.0,0.0,0.0
146.4523211082641,-13.981565194051306,14.499999999999984,0.0,0.0,0.0
146.45804324172252,-13.97323634243336,14.499999999999988,0.0,0.0,0.0
146.46376496123432,-13.964907356916484,14.499999999999984,0.0,0.0,0.0
146.46948626707953,-13.956578237593362,14.499999999999984,0.0,0.0,0.0
146.47520715953826,-13.948248984556674,14.499999999999986,0.0,0.0,0.0
146.48092763889036,-13.939919597899202,14.499999999999986,0.0,0.0,0.0
146.48664770541575,-13.931590077713576,14.499999999999984,0.0,0.0,0.0
146.49236735939434,-13.923260424092398,14.499999999999984,0.0,0.0,0.0
146.49808660110577,-13.91493063712839,14.499999999999982,0.0,0.0,0.0
146.50380543082983,-13.906600716914054,14.499999999999982,0.0,0.0,0.0
146.50952384884616,-13.898270663542066,14.499999999999982,0.0,0.0,0.0
146.51524185543434,-13.88994047710494,14.499999999999984,0.0,0.0,0.0
146.520959450874,-13.88161015769516,14.499999999999984,0.0,0.0,0.0
146.5266766354445,-13.87327970540533,14.499999999999982,0.0,0.0,0.0
146.5323934094253,-13.864949120327895,14.499999999999982,0.0,0.0,0.0
146.53810977309587,-13.856618402555265,14.499999999999984,0.0,0.0,0.0
146.54382572673543,-13.84828755217998,14.499999999999984,0.0,0.0,0.0
146.54954127062325,-13.839956569294364,14.499999999999984,0.0,0.0,0.0
146.5552564050385,-13.831625453990906,14.499999999999984,0.0,0.0,0.0
146.56097113026038,-13.823294206361929,14.499999999999982,0.0,0.0,0.0
146.56668544656793,-13.814962826499741,14.499999999999984,0.0,0.0,0.0
146.5723993542402,-13.806631314496757,14.499999999999984,0.0,0.0,0.0
146.5781128535561,-13.798299670445239,14.499999999999984,0.0,0.0,0.0
146.58382594479463,-13.789967894437412,14.499999999999986,0.0,0.0,0.0
146.58953862823458,-13.78163598656564,14.499999999999984,0.0,0.0,0.0
146.59525090415477,-13.773303946922102,14.499999999999984,0.0,0.0,0.0
146.60096277283392,-13.764971775598971,14.499999999999982,0.0,0.0,0.0
146.60667423455072,-13.75663947268852,14.499999999999984,0.0,0.0,0.0
146.61238528958384,-13.748307038282826,14.499999999999982,0.0,0.0,0.0
146.61809593821175,-13.73997447247413,14.499999999999982,0.0,0.0,0.0
146.62380618071305,-13.7316417753545,14.499999999999984,0.0,0.0,0.0
146.62951601736617,-13.723308947015996,14.499999999999984,0.0,0.0,0.0
146.63522544844946,-13.714975987550778,14.499999999999986,0.0,0.0,0.0
146.6409344742413,-13.70664289705086,14.499999999999982,0.0,0.0,0.0
146.64664309502,-13.698309675608218,14.499999999999984,0.0,0.0,0.0
146.65235131106374,-13.689976323314953,14.499999999999984,0.0,0.0,0.0
146.65805912265074,-13.681642840262965,14.499999999999984,0.0,0.0,0.0
146.66376653005904,-13.673309226544305,14.499999999999984,0.0,0.0,0.0
146.6694735335667,-13.66497548225086,14.499999999999984,0.0,0.0,0.0
146.67518013345185,-13.656641607474505,14.499999999999982,0.0,0.0,0.0
146.68088632999226,-13.648307602307224,14.499999999999984,0.0,0.0,0.0
146.6865921234659,-13.639973466840852,14.499999999999984,0.0,0.0,0.0
146.69229751415068,-13.631639201167179,14.499999999999984,0.0,0.0,0.0
146.69800250232421,-13.623304805378131,14.499999999999984,0.0,0.0,0.0
146.7037070882643,-13.614970279565417,14.499999999999982,0.0,0.0,0.0
146.70941127224864,-13.606635623820914,14.499999999999984,0.0,0.0,0.0
146.71511505455473,-13.598300838236328,14.499999999999984,0.0,0.0,0.0
146.72081843546027,-13.589965922903358,14.499999999999984,0.0,0.0,0.0
146.7265214152426,-13.581630877913808,14.499999999999984,0.0,0.0,0.0
146.7322239941792,-13.573295703359316,14.499999999999984,0.0,0.0,0.0
146.7379261725475,-13.564960399331511,14.499999999999984,0.0,0.0,0.0
146.74362795062478,-13.556624965922133,14.499999999999984,0.0,0.0,0.0
146.74932932868833,-13.54828940322276,14.499999999999984,0.0,0.0,0.0
146.75503030701537,-13.539953711324944,14.499999999999982,0.0,0.0,0.0
146.76073088588305,-13.531617890320355,14.499999999999984,0.0,0.0,0.0
146.76643106556844,-13.523281940300466,14.499999999999984,0.0,0.0,0.0
146.77213084634857,-13.5149458613569,14.499999999999984,0.0,0.0,0.0
146.77783022850048,-13.50660965358112,14.499999999999984,0.0,0.0,0.0
146.7835292123011,-13.498273317064578,14.499999999999984,0.0,0.0,0.0
146.78922779802727,-13.489936851898825,14.499999999999984,0.0,0.0,0.0
146.7949259859558,-13.481600258175263,14.499999999999986,0.0,0.0,0.0
146.80062377636352,-13.473263535985277,14.499999999999984,0.0,0.0,0.0
146.80632116952708,-13.464926685420355,14.499999999999982,0.0,0.0,0.0
146.8120181657232,-13.456589706571778,14.499999999999982,0.0,0.0,0.0
146.81771476522837,-13.448252599531003,14.499999999999984,0.0,0.0,0.0
146.82341096831922,-13.43991536438932,14.499999999999982,0.0,0.0,0.0
146.8291067752722,-13.431578001237988,14.499999999999986,0.0,0.0,0.0
146.83480218636376,-13.423240510168396,14.499999999999982,0.0,0.0,0.0
146.84049720187028,-13.41490289127176,14.499999999999986,0.0,0.0,0.0
146.84619182206808,-13.406565144639286,14.499999999999986,0.0,0.0,0.0
146.85188604723336,-13.398227270362286,14.499999999999986,0.0,0.0,0.0
146.8575798776424,-13.38988926853187,14.499999999999986,0.0,0.0,0.0
146.86327331357134,-13.381551139239312,14.499999999999988,0.0,0.0,0.0
146.86896635529627,-13.373212882575723,14.499999999999986,0.0,0.0,0.0
146.87465900309326,-13.364874498632197,14.499999999999988,0.0,0.0,0.0
146.8803512572382,-13.356535987499933,14.499999999999986,0.0,0.0,0.0
