galstreams/tracks/track.st.M92.ibata2021.ecsv
# %ECSV 0.9
# ---
# datatype:
# - {name: ra, unit: deg, datatype: float64}
# - {name: dec, unit: deg, datatype: float64}
# - {name: distance, unit: kpc, datatype: float64}
# - {name: pm_ra_cosdec, unit: mas / yr, datatype: float64}
# - {name: pm_dec, unit: mas / yr, datatype: float64}
# - {name: radial_velocity, unit: km / s, datatype: float64}
# delimiter: ','
# meta: !!omap
# - __serialized_columns__:
#     dec:
#       __class__: astropy.coordinates.angles.Latitude
#       unit: &id001 !astropy.units.Unit {unit: deg}
#       value: !astropy.table.SerializedColumn {name: dec}
#     distance:
#       __class__: astropy.coordinates.distances.Distance
#       unit: !astropy.units.Unit {unit: kpc}
#       value: !astropy.table.SerializedColumn {name: distance}
#     pm_dec:
#       __class__: astropy.units.quantity.Quantity
#       unit: !astropy.units.Unit {unit: mas / yr}
#       value: !astropy.table.SerializedColumn {name: pm_dec}
#     pm_ra_cosdec:
#       __class__: astropy.units.quantity.Quantity
#       unit: !astropy.units.Unit {unit: mas / yr}
#       value: !astropy.table.SerializedColumn {name: pm_ra_cosdec}
#     ra:
#       __class__: astropy.coordinates.angles.Longitude
#       unit: *id001
#       value: !astropy.table.SerializedColumn {name: ra}
#       wrap_angle: !astropy.coordinates.Angle
#         unit: *id001
#         value: 360.0
#     radial_velocity:
#       __class__: astropy.units.quantity.Quantity
#       unit: !astropy.units.Unit {unit: km / s}
#       value: !astropy.table.SerializedColumn {name: radial_velocity}
# schema: astropy-2.0
ra,dec,distance,pm_ra_cosdec,pm_dec,radial_velocity
[from data line 1798]
270.6549086907776,38.66812554292771,7.99653352610235,-5.0662430510596135,1.245092150111161,4.210383564936169e-15
270.66859496368437,38.665693633790575,7.991627199302862,-5.067811106788592,1.248865246610807,1.2631150694808506e-14
270.68229206638625,38.663270569683526,7.986710513013749,-5.069382788471129,1.2526452597555116,1.6841534259744676e-14
270.69600001985856,38.66085636196297,7.981783457863182,-5.0709580959208,1.2564322000157246,7.999728773378721e-14
270.7097188450899,38.65845102197481,7.97684602447933,-5.07253702893939,1.2602260778675372,-6.315575347404254e-14
270.7234485630821,38.65605456105446,7.971898203490352,-5.07411958731689,1.264026903792682,-2.947268495455318e-14
270.73718919485043,38.653666990526794,7.966939985524419,-5.075705770831445,1.267834688278561,-5.4734986344170195e-14
270.7509407614237,38.651288321706225,7.9619713612097,-5.077295579249349,1.2716494418182385,5.4734986344170195e-14
270.764703283844,38.6489185658965,7.956992321174357,-5.078889012324998,1.275471174910475,-4.210383564936169e-14
270.77847678316704,38.64655773439088,7.952002856046557,-5.080486069800871,1.2792998980597008,6.73661370389787e-14
270.79226128046196,38.644205838472026,7.9470029564544715,-5.082086751407511,1.2831356217760743,-3.368306851948935e-14
270.8060567968114,38.64186288941195,7.941992613026262,-5.083691056863476,1.28697835657545,3.789345208442552e-14
270.81986335331175,38.63952889847208,7.9369718163900975,-5.085298985875329,1.2908281129794221,-1.6841534259744676e-14
270.8336809710727,38.6372038769032,7.931940557174143,-5.086910538137608,1.294684901515311,5.894536990910637e-14
270.84750967121795,38.634887835945435,7.926898826006567,-5.088525713332785,1.2985487327161969,-5.0524602779234026e-14
270.8613494748845,38.63258078682821,7.921846613515533,-5.090144511131255,1.3024196171209046,3.789345208442552e-14
270.8752004032234,38.63028274077027,7.9167839103292135,-5.091766931191296,1.306297565274043,4.210383564936169e-15
270.88906247739914,38.627993708979666,7.911710707075768,-5.093392973159041,1.310182587725992,7.999728773378721e-14
270.9029357185902,38.625713702653684,7.906626994383367,-5.095022636668463,1.3140746950329378,0.0
270.91682014798863,38.62344273297889,7.901532762880176,-5.096655921341325,1.3179738977568505,7.157652060391487e-14
270.93071578680053,38.621180811131055,7.896428003194362,-5.098292826787168,1.321880206465535,4.210383564936169e-15
270.9446226562457,38.6189279482752,7.891312705954093,-5.099933352603276,1.325793631732608,3.368306851948935e-14
270.958540777558,38.6166841555655,7.886186861787535,-5.101577498374651,1.3297141841375284,8.420767129872338e-15
270.97247017198504,38.614449444145336,7.88105046132285,-5.103225263673978,1.3336418742656053,-8.420767129872338e-15
270.98641086078845,38.61222382514727,7.8759034951882105,-5.104876648061601,1.3375767127080056,8.420767129872338e-15
271.0003628652439,38.61000730969296,7.870745954011781,-5.106531651085491,1.341518710061762,8.420767129872338e-14
271.01432620664104,38.6077999088932,7.865577828421728,-5.108190272281224,1.3454678769298016,1.0525958912340423e-13
271.0283009062836,38.60560163384792,7.860399109046218,-5.109852511171941,1.349424223920935,3.368306851948935e-14
271.0422869854894,38.60341249564608,7.855209786513419,-5.111518367268323,1.3533877616498762,8.420767129872338e-15
271.0562844655903,38.60123250536578,7.850009851451493,-5.113187840068572,1.3573585007372606,0.0
271.07029336793244,38.59906167407409,7.84479929448861,-5.114860929058361,1.361336451809645,2.1051917824680846e-14
271.08431371387604,38.596900012827184,7.839578106252941,-5.116537633710823,1.365321625499527,-8.420767129872338e-15
271.09834552479555,38.59474753267021,7.834346277372644,-5.118217953486515,1.369314032445358,5.894536990910637e-14
271.1123888220799,38.5926042446373,7.829103798475889,-5.119901887833385,1.3733136832915438,2.947268495455318e-14
271.1264436271319,38.5904701597516,7.823850660190845,-5.12158943618674,1.3773205886884592,1.2631150694808506e-14
271.140509961369,38.58834528902515,7.818586853145676,-5.123280597969238,1.3813347592924738,-2.947268495455318e-14
271.15458784622285,38.58622964345899,7.81331236796855,-5.12497537259082,1.385356205765941,-4.631421921429786e-14
271.1686773031396,38.58412323404307,7.808027195287633,-5.126673759448717,1.3893849387772212,1.2631150694808506e-14
271.1827783535797,38.58202607175618,7.80273132573109,-5.128375757927402,1.3934209690007027,6.315575347404254e-14
271.1968910190181,38.57993816756604,7.79742474992709,-5.130081367398553,1.3974643071167907,4.631421921429786e-14
271.2110153209443,38.57785953242926,7.7921074585038,-5.131790587221045,1.401514963811932,1.0946997268834039e-13
271.2251512808622,38.5757901772912,7.786779442089384,-5.133503416740895,1.405572949778632,7.999728773378721e-14
271.2392989202903,38.573730113086135,7.781440691312008,-5.135219855291253,1.409638275715453,-1.2631150694808506e-14
271.25345826076176,38.57167935073711,7.776091196799844,-5.1369399021923545,1.4137109523270266,8.420767129872338e-15
271.2676293238243,38.569637901155915,7.770730949181053,-5.138663556751503,1.4177909903240802,4.210383564936169e-15
271.2818121310401,38.567605775243166,7.765359939083804,-5.140390818263028,1.4218784004234308,1.0104920555846805e-13
271.2960067039865,38.5655829838882,7.759978157136265,-5.142121686008266,1.4259731933480086,3.368306851948935e-14
271.3102130642551,38.56356953796905,7.754585593966597,-5.143856159255516,1.4300753798268593,1.0525958912340423e-13
271.3244312334525,38.56156544835252,7.7491822402029715,-5.1455942372600205,1.4341849705951644,6.315575347404254e-14
271.3386612332,38.55957072589405,7.743768086473556,-5.147335919263934,1.4383019763942428,-2.947268495455318e-14
271.35290308513373,38.55758538143776,7.738343123406514,-5.149081204496283,1.4424264079715674,2.947268495455318e-14
271.3671568109047,38.55560942581642,7.73290734163001,-5.150830092172939,1.446558276080784,3.368306851948935e-14
271.38142243217885,38.55364286985145,7.727460731772218,-5.152582581496587,1.4506975914817057,-1.2631150694808506e-14
271.39569997063694,38.55168572435283,7.722003284461299,-5.154338671656701,1.4548443649403429,-4.210383564936169e-14
271.4099894479747,38.54973800011917,7.716534990325419,-5.156098361829507,1.4589986072288972,9.683882199353189e-14
271.42429088590296,38.547799707937635,7.71105583999275,-5.15786165117794,1.463160329125791,-2.1051917824680846e-14
271.43860430614757,38.54587085858395,7.705565824091452,-5.1596285388516385,1.4673295414156655,-2.5262301389617013e-14
271.4529297304493,38.543951462822356,7.700064933249696,-5.1613990239868865,1.4715062548893902,4.210383564936169e-14
271.4672671805641,38.54204153140561,7.694553158095646,-5.163173105706601,1.4756904803440913,1.0104920555846805e-13
271.48161667826315,38.540141075074935,7.68903048925747,-5.164950783120284,1.47988222858315,-1.2631150694808506e-14
271.4959782453326,38.53825010456008,7.683496917363335,-5.166732055324008,1.484081510416209,5.0524602779234026e-14
271.510351903574,38.536368630579176,7.6779524330414075,-5.168516921400369,1.4882883366592021,0.0
271.524737674804,38.53449666383882,7.672397026919852,-5.17030538041846,1.4925027181343484,1.6841534259744676e-14
271.5391355808545,38.53263421503404,7.666830689626839,-5.172097431433839,1.4967246656701734,8.420767129872338e-15
271.5535456435728,38.5307812948482,7.66125341179053,-5.173893073488499,1.50095419010152,4.210383564936169e-14
271.5679678848216,38.52893791395306,7.655665184039095,-5.1756923056108315,1.5051913022695549,4.631421921429786e-14
271.58240232647876,38.52710408300873,7.6500659970007,-5.177495126815595,1.5094360130217868,-5.894536990910637e-14
271.5968489904377,38.52527981266364,7.644455841303512,-5.179301536103883,1.513688333212071,1.2631150694808506e-14
271.6113078986073,38.52346511355453,7.638834707575695,-5.18111153246309,1.517948273700628,-2.5262301389617013e-14
271.6257790729118,38.52165999630643,7.63320258644542,-5.182925114866882,1.5222158453540495,-5.0524602779234026e-14
271.6402625352911,38.51986447153262,7.627559468540852,-5.1847422822751605,1.5264910590453136,2.1051917824680846e-14
271.65475830770055,38.51807854983467,7.621905344490154,-5.18656303363403,1.530773925653801,4.210383564936169e-15
271.6692664121111,38.5163022418023,7.616240204921498,-5.188387367875768,1.535064456065291,-2.5262301389617013e-14
271.6837868705093,38.5145355580135,7.610564040463044,-5.190215283918784,1.5393626611719895,2.5262301389617013e-14
271.69831970489753,38.51277850903441,7.604876841742966,-5.192046780667594,1.5436685518725324,7.157652060391487e-14
271.71286493729366,38.51103110541936,7.599178599389426,-5.193881857012791,1.547982139072005,-2.5262301389617013e-14
271.7274225897313,38.50929335771076,7.593469304030592,-5.195720511830995,1.5523034336819372,8.420767129872338e-15
271.7419926842599,38.50756527643924,7.58774894629463,-5.1975627439848315,1.5566324466203345,6.315575347404254e-14
271.75657524294485,38.50584687212342,7.5820175168097075,-5.1994085523229,1.5609691888116826,-2.5262301389617013e-14
271.77117028786694,38.50413815527008,7.576275006203989,-5.20125793567974,1.5653136711869475,2.947268495455318e-14
271.7857778411233,38.502439136374,7.570521405105643,-5.203110892875781,1.569665904683613,-2.5262301389617013e-14
271.8003979248267,38.50074982591806,7.564756704142837,-5.204967422717336,1.5740259002456611,6.315575347404254e-14
271.8150305611061,38.49907023437309,7.558980893943737,-5.206827523996533,1.5783936688236149,-3.368306851948935e-14
271.829675772106,38.497400372197944,7.553193965136505,-5.20869119549132,1.582769221374523,-3.368306851948935e-14
271.8443335799872,38.49574024983946,7.547395908349316,-5.210558435965402,1.5871525688619874,6.315575347404254e-14
271.8590040069268,38.49408987773239,7.541586714210328,-5.212429244168214,1.5915437222561786,-7.157652060391487e-14
271.87368707511746,38.49244926629945,7.535766373347712,-5.214303618834898,1.595942692533828,3.789345208442552e-14
271.88838280676833,38.49081842595125,7.529934876389636,-5.216181558686244,1.600349490678262,1.2631150694808506e-14
271.9030912241046,38.489197367086284,7.524092213964261,-5.218063062428681,1.6047641276794002,1.2631150694808506e-14
271.9178123493678,38.487586100090915,7.51823837669976,-5.219948128754229,1.609186614533772,-1.6841534259744676e-14
271.9325462048153,38.485984635339356,7.512373355224299,-5.221836756340468,1.613616962244521,-8.420767129872338e-15
271.94729281272123,38.48439298319361,7.506497140166041,-5.2237289438505,1.6180551818214342,-1.6841534259744676e-14
271.96205219537575,38.48281115400352,7.500609722153153,-5.225624689932916,1.6225012842809348,-4.210383564936169e-15
271.9768243750853,38.481239158106675,7.494711091813803,-5.227523993221765,1.6269552806461007,5.4734986344170195e-14
271.991609374173,38.47967700582845,7.488801239776158,-5.229426852336503,1.6314171819466883,0.0
272.0064072149781,38.478124707481925,7.482880156668382,-5.231333265881986,1.6358869992191263,0.0
272.0212179198563,38.47658227336791,7.476947833118644,-5.233243232448406,1.6403647435065287,6.73661370389787e-14
272.0360415111802,38.475049713774894,7.4710042597551105,-5.235156750611272,1.6448504258587318,-1.2631150694808506e-14
272.05087801133834,38.473527038979014,7.465049427205946,-5.237073818931366,1.649344057332264,7.999728773378721e-14
272.06572744273626,38.472014259244126,7.459083326099322,-5.238994435954715,1.6538456489904032,5.894536990910637e-14
272.0805898277959,38.47051138482162,7.453105947063399,-5.240918600212551,1.658355211903153,1.2631150694808506e-14
272.095465188956,38.46901842595055,7.4471172807263475,-5.2428463102212755,1.662872757147276,-8.420767129872338e-15
272.11035354867164,38.4675353928575,7.441117317716334,-5.244777564482422,1.6673982958062872,3.368306851948935e-14
272.12525492941506,38.46606229575666,7.435106048661521,-5.246712361482623,1.6719318389704916,3.789345208442552e-14
272.14016935367493,38.464599144849714,7.429083464190078,-5.24865069969357,1.6764733977369703,9.262843842859572e-14
272.15509684395687,38.46314595032587,7.423049554930175,-5.250592577571982,1.681022983209612,8.420767129872338e-15
272.1700374227833,38.46170272236182,7.417004311509973,-5.252537993559567,1.6855806064991097,-4.210383564936169e-14
272.1849911126933,38.46026947112175,7.410947724557639,-5.254486946082982,1.6901462787229797,8.420767129872338e-14
272.1999579362432,38.45884620675725,7.404879784701346,-5.256439433553795,1.6947200110055793,6.73661370389787e-14
272.2149379160061,38.45743293940735,7.398800482569254,-5.258395454368467,1.6993018144781113,2.5262301389617013e-14
272.229931074572,38.45602967919849,7.392709808789529,-5.2603550069082905,1.7038917002786378,8.420767129872338e-15
272.244937434548,38.45463643624444,7.386607753990345,-5.26231808953936,1.7084896795520845,-1.2631150694808506e-14
272.25995701855817,38.45325322064638,7.38049430879986,-5.2642847006125475,1.7130957634502701,6.315575347404254e-14
272.27498984924387,38.45188004249277,7.374369463846245,-5.266254838463454,1.7177099631319075,5.894536990910637e-14
272.2900359492635,38.450516911859424,7.368233209757666,-5.268228501412362,1.722332289762614,3.789345208442552e-14
272.30509534129243,38.449163838809376,7.36208553716229,-5.270205687764225,1.7269627545149269,8.841805486365955e-14
272.32016804802356,38.447820833392996,7.355926436688285,-5.272186395808607,1.7316013685683167,0.0
272.3352540921667,38.44648790564781,7.349755898963811,-5.274170623819661,1.736248143109195,5.0524602779234026e-14
272.3503534964492,38.44516506559862,7.343573914617043,-5.276158370056073,1.740903089330932,9.683882199353189e-14
272.3654662836158,38.443852323257396,7.3373804742761415,-5.278149632761042,1.7455662184338658,-2.1051917824680846e-14
272.3805924764281,38.44254968862326,7.331175568569276,-5.280144410162234,1.7502375416253086,1.6841534259744676e-14
272.39573209766576,38.44125717168251,7.3249591881246126,-5.282142700471742,1.7549170701195744,-1.6841534259744676e-14
272.41088517012537,38.439974782408534,7.3187313235703195,-5.284144501886053,1.7596048151379693,5.4734986344170195e-14
272.42605171662126,38.438702530761795,7.3124919655345595,-5.28614981258601,1.7643007879088304,4.210383564936169e-15
272.44123175998516,38.4374404266899,7.3062411046455,-5.288158630736769,1.7690049996675101,3.368306851948935e-14
272.4564253230664,38.43618848012746,7.299978731531315,-5.290170954487758,1.7737174616564064,-2.1051917824680846e-14
272.47163242873194,38.43494670099609,7.293704836820156,-5.292186781972654,1.77843818512497,4.210383564936169e-14
272.4868530998663,38.43371509920445,7.287419411140205,-5.294206111309325,1.7831671813297214,-5.0524602779234026e-14
272.5020873593716,38.43249368464815,7.281122445119621,-5.2962289405998035,1.7879044615342432,3.789345208442552e-14
272.51733523016793,38.431282467209755,7.2748139293865695,-5.298255267930249,1.7926500370092293,2.1051917824680846e-14
272.5325967351928,38.43008145675878,7.26849385456922,-5.300285091370889,1.7974039190324522,7.578690416885104e-14
272.54787189740176,38.42889066315161,7.262162211295741,-5.3023184089760145,1.802166118888814,8.420767129872338e-15
272.563160739768,38.42771009623156,7.255818990194293,-5.30435521878391,1.8069366478703357,5.894536990910637e-14
272.57846328528285,38.42653976582872,7.249464181893047,-5.306395518816826,1.8117155172761787,2.947268495455318e-14
272.59377955695516,38.425379681760106,7.24309777702017,-5.308439307080943,1.8165027384126495,-4.210383564936169e-15
272.60910957781203,38.4242298538295,7.236719766203825,-5.310486581566329,1.8212983225932218,2.947268495455318e-14
272.62445337089844,38.42309029182746,7.230330140072182,-5.312537340246894,1.826102281138545,2.947268495455318e-14
272.6398109592774,38.4219610055313,7.223928889253407,-5.314591581080362,1.830914625376449,0.0
272.6551823660299,38.4208420047051,7.217516004375664,-5.316649302008218,1.8357353666419702,2.5262301389617013e-14
272.6705676142552,38.41973329909962,7.211091476067123,-5.318710500955678,1.8405645162773512,-1.6841534259744676e-14
