galstreams/tracks/track.st.New-4.ibata2024.ecsv
# %ECSV 1.0
# ---
# datatype:
# - {name: ra, unit: deg, datatype: float64}
# - {name: dec, unit: deg, datatype: float64}
# - {name: distance, unit: kpc, datatype: float64}
# - {name: pm_ra_cosdec, unit: mas / yr, datatype: float64}
# - {name: pm_dec, unit: mas / yr, datatype: float64}
# - {name: radial_velocity, unit: km / s, datatype: float64}
# delimiter: ','
# meta: !!omap
# - __serialized_columns__:
#     dec:
#       __class__: astropy.coordinates.angles.Latitude
#       unit: &id001 !astropy.units.Unit {unit: deg}
#       value: !astropy.table.SerializedColumn {name: dec}
#     distance:
#       __class__: astropy.coordinates.distances.Distance
#       unit: !astropy.units.Unit {unit: kpc}
#       value: !astropy.table.SerializedColumn {name: distance}
#     pm_dec:
#       __class__: astropy.units.quantity.Quantity
#       unit: !astropy.units.Unit {unit: mas / yr}
#       value: !astropy.table.SerializedColumn {name: pm_dec}
#     pm_ra_cosdec:
#       __class__: astropy.units.quantity.Quantity
#       unit: !astropy.units.Unit {unit: mas / yr}
#       value: !astropy.table.SerializedColumn {name: pm_ra_cosdec}
#     ra:
#       __class__: astropy.coordinates.angles.Longitude
#       unit: *id001
#       value: !astropy.table.SerializedColumn {name: ra}
#       wrap_angle: !astropy.coordinates.Angle
#         unit: *id001
#         value: 360.0
#     radial_velocity:
#       __class__: astropy.units.quantity.Quantity
#       unit: !astropy.units.Unit {unit: km / s}
#       value: !astropy.table.SerializedColumn {name: radial_velocity}
# schema: astropy-2.0
ra,dec,distance,pm_ra_cosdec,pm_dec,radial_velocity
[from data line 1006]
94.08949881791315,-35.32937461851685,1.0000000000000004,3.964336569755078,0.03208294064440764,90.70647362273985
94.0999725429194,-35.324155216095434,1.0000000000000004,3.9648086489078866,0.0321160450707314,90.72161193214586
94.11044498794439,-35.3189350066956,1.0000000000000002,3.965280653840818,0.032149209405780255,90.73679645316943
94.12091615322126,-35.31371399060017,1.0000000000000002,3.965752583814486,0.032182433596414484,90.75202698133315
94.13138603898327,-35.30849216809189,1.0000000000000004,3.966224438089532,0.03221571758916397,90.76730331215944
94.14185464546375,-35.30326953945349,1.0000000000000002,3.966696215926636,0.03224906133031524,90.78262524117089
94.1523219728962,-35.298046104967625,1.0000000000000004,3.9671679165864813,0.03228246476585461,90.79799256388995
94.16278802151423,-35.29282186491689,1.0000000000000004,3.967639539329785,0.03231592784149662,90.81340507583914
94.17325279155153,-35.28759681958383,1.0000000000000004,3.968111083417284,0.03234945050267157,90.82886257254101
94.18371628324194,-35.282370969250934,1.0000000000000004,3.968582548109738,0.03238303269452203,90.84436484951804
94.19417849681939,-35.27714431420064,1.0000000000000004,3.96905393266793,0.03241667436192408,90.85991170229275
94.20463943251796,-35.27191685471534,1.0000000000000004,3.9695252363526703,0.03245037544947138,90.87550292638763
94.21509909057181,-35.26668859107736,1.0000000000000002,3.9699964584247844,0.032484135901468036,90.89113831732519
94.22555747121524,-35.26145952356897,1.0000000000000004,3.9704675981451234,0.0325179556619517,90.90681767062799
94.23601457468264,-35.25622965247239,1.0000000000000002,3.97093865477457,0.03255183467466338,90.92254078181846
94.24647040120854,-35.25099897806979,1.0000000000000002,3.971409627574022,0.032585772883086506,90.93830744641915
94.25692495102759,-35.24576750064328,1.0000000000000004,3.9718805158043984,0.03261977023040785,90.95411745995261
94.2673782243745,-35.24053522047491,1.0000000000000004,3.972351318726651,0.032653826659544194,90.96997061794124
94.27783022148415,-35.23530213784668,1.0000000000000002,3.972822035601755,0.03268794211313164,90.98586671590768
94.28828094259154,-35.23006825304055,1.0000000000000004,3.9732926656906953,0.03272211653352386,91.00180554937438
94.29873038793176,-35.2248335663384,1.0000000000000004,3.9737632082544954,0.03275634986280984,91.0177869138638
94.30917855773998,-35.21959807802207,1.0000000000000002,3.974233662554196,0.03279064204278548,91.03381060489848
94.31962545225156,-35.214361788373324,1.0000000000000004,3.974704027850864,0.032824993014966,91.04987641800102
94.33007107170191,-35.20912469767393,1.0000000000000004,3.9751743034055895,0.03285940272060728,91.06598414869381
94.3405154163266,-35.203886806205524,1.0000000000000004,3.9756444884794875,0.03289387110067565,91.0821335924994
94.35095848636126,-35.19864811424975,1.0000000000000004,3.9761145823336905,0.032928398095860345,91.09832454494033
94.3614002820417,-35.193408622088164,1.0000000000000002,3.976584584229368,0.03296298364657879,91.114556801539
94.3718408036038,-35.188168330002284,1.0000000000000004,3.977054493427699,0.032997627692969544,91.13083015781811
94.38228005128354,-35.182927238273535,1.0000000000000007,3.9775243091899024,0.03303233017488161,91.1471444093
94.39271802531705,-35.17768534718335,1.0000000000000004,3.977994030777211,0.03306709103191352,91.16349935150726
94.40315472594057,-35.17244265701306,1.0000000000000002,3.978463657450879,0.03310191020336184,91.17989477996237
94.41359015339042,-35.167199168043965,1.0000000000000004,3.978933188472198,0.033136787628263775,91.19633049018785
94.42402430790307,-35.16195488055728,1.0000000000000004,3.9794026231024686,0.03317172324537232,91.2128062777062
94.43445718971506,-35.1567097948342,1.0000000000000004,3.979871960603032,0.03320671699316691,91.22932193803993
94.44488879906308,-35.151463911155865,1.0000000000000004,3.98034120023524,0.03324176880985519,91.24587726671162
94.45531913618393,-35.14621722980331,1.0000000000000004,3.980810341260481,0.03327687863335704,91.26247205924368
94.4657482013145,-35.14096975105759,1.0000000000000004,3.9812793829401585,0.033312046401338335,91.27910611115861
94.47617599469181,-35.135721475199645,1.0000000000000004,3.9817483245357033,0.0333472720511665,91.29577921797902
94.48660251655299,-35.13047240251039,1.0000000000000004,3.9822171653085743,0.033382555519956725,91.31249117522734
94.49702776713528,-35.125222533270666,1.0000000000000002,3.9826859045202556,0.033417896744524,91.32924177842608
94.507451746676,-35.11997186776129,1.0000000000000004,3.9831545414322544,0.03345329566143462,91.34603082309783
94.51787445541264,-35.11472040626298,1.0000000000000004,3.983623075306097,0.03348875220696179,91.36285810476502
94.52829589358274,-35.109468149056454,1.0000000000000004,3.98409150540335,0.0335242663171158,91.37972341895018
94.53871606142403,-35.10421509642233,1.0000000000000004,3.984559830985588,0.03355983792762984,91.39662656117581
94.54913495917424,-35.09896124864118,1.0000000000000004,3.985028051314428,0.033595466973959986,91.41356732696441
94.55955258707134,-35.09370660599354,1.0000000000000004,3.985496165651493,0.03363115339129408,91.43054551183856
94.5699689453533,-35.08845116875986,1.0000000000000004,3.985964173258449,0.033666897114539296,91.4475609113207
94.58038403425826,-35.083194937220576,1.0000000000000004,3.986432073396979,0.033702698078338145,91.46461332093335
94.59079785402446,-35.077937911656015,1.0000000000000004,3.986899865328792,0.03373855621705424,91.48170253619904
94.60121040489022,-35.072680092346516,1.0000000000000004,3.9873675483156226,0.03377447146478474,91.49882835264027
94.61162168709403,-35.06742147957232,1.0000000000000004,3.9878351216192325,0.033810443755349695,91.51599056577953
94.62203170087444,-35.0621620736136,1.0000000000000004,3.988302584501411,0.0338464730222956,91.53318897113935
94.63244044647011,-35.05690187475051,1.0000000000000004,3.988769936223969,0.033882559198891826,91.55042336424222
94.64284792411988,-35.05164088326314,1.0000000000000004,3.98923717604874,0.03391870221815374,91.5676935406107
94.65325413406256,-35.046379099431505,1.0000000000000004,3.9897043032375983,0.03395490201281248,91.58499929576723
94.66365907653721,-35.04111652353558,1.0000000000000004,3.9901713170524293,0.033991158515316755,91.6023404252344
94.67406275178294,-35.03585315585529,1.0000000000000004,3.9906382167551473,0.03402747165786835,91.61971672453465
94.68446516003898,-35.03058899667051,1.0000000000000004,3.991105001607694,0.03406384137238483,91.63712798919049
94.69486630154462,-35.02532404626103,1.0000000000000004,3.9915716708720446,0.03410026759050311,91.65457401472447
94.70526617653934,-35.020058304906605,1.0000000000000002,3.9920382238101917,0.0341367502436114,91.67205459665907
94.71566478526269,-35.01479177288696,1.0000000000000004,3.992504659684151,0.034173289262811934,91.68956953051685
94.7260621279543,-35.009524450481706,1.0000000000000004,3.992970977755977,0.034209884578926264,91.70711861182023
94.73645820485393,-35.004256337970446,1.0000000000000004,3.99343717728774,0.03424653612253792,91.72470163609182
94.74685301620148,-34.99898743563272,1.0000000000000004,3.993903257541541,0.03428324382393377,91.74231839885404
94.75724656223694,-34.99371774374799,1.0000000000000004,3.9943692177795063,0.03432000761313958,91.75996869562941
94.76763884320039,-34.98844726259569,1.0000000000000004,3.9948350572637894,0.034356827419905756,91.77765232194051
94.77802985933202,-34.983175992455195,1.0000000000000004,3.9953007752565677,0.03439370317372159,91.7953690733098
94.78841961087214,-34.97790393360581,1.0000000000000004,3.9957663710200535,0.034430634803799265,91.8131187452598
94.79880809806116,-34.97263108632679,1.0000000000000002,3.996231843816481,0.034467622239095164,91.83090113331299
94.80919532113961,-34.96735745089737,1.0000000000000004,3.9966971929081034,0.0345046654082779,91.84871603299194
94.81958128034812,-34.96208302759664,1.0000000000000004,3.9971624175572136,0.03454176423975852,91.86656323981907
94.82996597592742,-34.95680781670375,1.0000000000000004,3.997627517026123,0.03457891866168339,91.88444254931699
94.84034940811836,-34.9515318184977,1.0000000000000004,3.998092490577176,0.03461612860191465,91.90235375700817
94.85073157716188,-34.946255033257486,1.0000000000000004,3.998557337472734,0.034653393988060444,91.92029665841508
94.86111248329904,-34.94097746126204,1.0000000000000004,3.9990220569751993,0.03469071474746244,91.93827104906028
94.871492126771,-34.93569910279023,1.0000000000000004,3.9994866483469886,0.034728090807181644,91.95627672446626
94.88187050781904,-34.93041995812088,1.0000000000000004,3.9999511108505565,0.03476552209401795,91.97431348015552
94.89224762668452,-34.92514002753275,1.0000000000000004,4.000415443748379,0.034803008534515456,91.99238111165056
94.90262348360895,-34.919859311304535,1.0000000000000002,4.000879646302957,0.034840550054925146,92.01047941447395
94.91299807883391,-34.9145778097149,1.0000000000000004,4.001343717776824,0.0348781465812511,92.02860818414814
94.92337141260107,-34.90929552304244,1.0000000000000004,4.001807657432541,0.0349157980392274,92.04676721619568
94.93374348515226,-34.904012451565684,1.0000000000000004,4.002271464532694,0.03495350435431632,92.06495630613902
94.94411429672937,-34.89872859556314,1.0000000000000004,4.002735138339892,0.034991265451713716,92.08317524950073
94.95448384757441,-34.89344395531324,1.0000000000000002,4.003198678116785,0.03502908125636495,92.10142384180327
94.96485213792953,-34.88815853109432,1.0000000000000002,4.003662083126035,0.03506695169291518,92.11970187856919
94.9752191680369,-34.88287232318474,1.0000000000000007,4.004125352630343,0.03510487668577866,92.13800915532101
94.98558493813889,-34.877585331862754,1.0000000000000004,4.004588485892436,0.03514285615908008,92.15634546758119
94.99594944847792,-34.872297557406576,1.0000000000000002,4.005051482175065,0.03518089003670255,92.17471061087222
95.00631269929652,-34.867009000094356,1.0000000000000004,4.005514340741007,0.035218978242232524,92.19310438071672
95.01667469083733,-34.86171966020418,1.0000000000000004,4.0059770608530725,0.035257120699020206,92.21152657263711
95.02703542334312,-34.856429538014126,1.0000000000000004,4.006439641774104,0.03529531733013336,92.2299769821559
95.03739489705674,-34.851138633802144,1.0000000000000004,4.006902082766959,0.03533356805837329,92.24845540479564
95.04775311222113,-34.845846947846205,1.0000000000000004,4.007364383094535,0.03537187280629972,92.26696163607883
95.05811006907935,-34.84055448042416,1.0000000000000004,4.007826542019751,0.03541023149617395,92.28549547152792
95.06846576787457,-34.835261231813845,1.0000000000000004,4.008288558805555,0.03544864405002812,92.30405670666553
95.07882020885006,-34.82996720229302,1.0000000000000004,4.008750432714932,0.03548711038959418,92.32264513701409
95.0891733922492,-34.824672392139405,1.0000000000000004,4.009212163010881,0.03552563043636958,92.3412605580961
95.09952531831546,-34.81937680163066,1.0000000000000002,4.00967374895644,0.03556420411158179,92.35990276543411
95.10987598729241,-34.81408043104437,1.0000000000000002,4.010135189814664,0.035602831336174035,92.37857155455065
95.12022539942375,-34.80878328065809,1.0000000000000004,4.010596484848657,0.03564151203085686,92.39726672096815
95.13057355495326,-34.80348535074932,1.0000000000000004,4.011057633321533,0.0356802461160548,92.41598806020917
95.14092045412482,-34.79818664159548,1.0000000000000004,4.011518634496439,0.03571903351194017,92.4347353677962
95.15126609718244,-34.79288715347396,1.0000000000000004,4.011979487636554,0.03575787413842768,92.45350843925183
95.16161048437023,-34.7875868866621,1.0000000000000004,4.012440192005084,0.035796767915147854,92.47230707009845
95.17195361593234,-34.78228584143714,1.0000000000000004,4.012900746865268,0.03583571476149494,92.49113105585862
95.1822954921131,-34.77698401807629,1.0000000000000004,4.013361151480364,0.035874714596577206,92.50998019205487
95.19263611315692,-34.77168141685675,1.0000000000000004,4.013821405113669,0.03591376733926488,92.52885427420968
95.2029754793083,-34.766378038055585,1.0000000000000004,4.014281507028502,0.035952872908138644,92.54775309784557
95.21331359081184,-34.76107388194986,1.0000000000000002,4.014741456488217,0.035992031221550036,92.56667645848506
95.22365044791226,-34.75576894881656,1.0000000000000002,4.01520125275619,0.036031242197559266,92.58562415165062
95.23398605085437,-34.750463238932625,1.0000000000000002,4.015660895095831,0.03607050575398674,92.60459597286484
95.2443203998831,-34.745156752574935,1.0000000000000004,4.01612038277058,0.03610982180837219,92.62359171765014
95.25465349524343,-34.73984949002031,1.0000000000000004,4.016579715043904,0.036149190278010224,92.64261118152906
95.26498533718052,-34.73454145154555,1.0000000000000004,4.017038891179298,0.03618861107993787,92.66165416002414
95.27531592593955,-34.72923263742733,1.0000000000000004,4.017497910440291,0.03622808413090439,92.68072044865782
95.28564526176588,-34.723923047942336,1.0000000000000004,4.017956772090436,0.03626760934743878,92.69980984295272
95.2959733449049,-34.718612683367155,1.0000000000000004,4.018415475393323,0.036307186645771594,92.71892213843125
95.30630017560215,-34.71330154397834,1.0000000000000004,4.018874019612557,0.03634681594189537,92.73805713061597
95.31662575410323,-34.7079896300524,1.0000000000000004,4.019332404011791,0.03638649715154685,92.75721461502931
95.32695008065389,-34.70267694186577,1.0000000000000004,4.0197906278546975,0.036426230190187425,92.77639438719392
95.33727315549996,-34.69736347969479,1.0000000000000004,4.020248690404975,0.03646601497301738,92.7955962426322
95.34759497888734,-34.692049243815845,1.0000000000000004,4.02070659092636,0.03650585141500606,92.81481997686669
95.35791555106209,-34.68673423450517,1.0000000000000002,4.021164328682614,0.03654573943082262,92.83406538541989
95.3682348722703,-34.68141845203898,1.0000000000000004,4.021621902937532,0.03658567893491238,92.85333226381438
95.37855294275822,-34.67610189669345,1.0000000000000004,4.022079312954934,0.03662566984144355,92.87262040757255
95.38886976277216,-34.670784568744686,1.0000000000000004,4.022536557998676,0.03666571206432678,92.89192961221697
95.39918533255857,-34.66546646846872,1.0000000000000004,4.022993637332638,0.03670580551723113,92.91125967327017
95.40949965236396,-34.660147596141556,1.0000000000000007,4.023450550220731,0.03674595011354498,92.93061038625464
95.41981272243497,-34.654827952039135,1.0000000000000004,4.0239072959269,0.03678614576640804,92.94998154669288
95.4301245430183,-34.649507536437326,1.0000000000000004,4.024363873715121,0.036826392388697116,92.96937295010741
95.4404351143608,-34.64418634961196,1.0000000000000004,4.024820282849394,0.036866689893050975,92.98878439202068
95.45074443670937,-34.638864391838815,1.0000000000000004,4.0252765225937495,0.036907038191827723,93.00821566795533
95.46105251031108,-34.6335416633936,1.0000000000000004,4.025732592212252,0.03694743719714211,93.02766657343375
95.47135933541298,-34.628218164551974,1.0000000000000004,4.026188490969002,0.03698788682083709,93.0471369039785
95.48166491226235,-34.62289389558954,1.0000000000000004,4.026644218128119,0.03702838697452293,93.06662645511209
95.49196924110649,-34.61756885678186,1.0000000000000004,4.027099772953758,0.03706893756953278,93.08613502235701
95.50227232219281,-34.61224304840441,1.0000000000000004,4.027555154710106,0.03710953851694754,93.1056624012358
95.51257415576885,-34.60691647073263,1.0000000000000004,4.028010362661375,0.037150189727599425,93.12520838727093
95.5228747420822,-34.6015891240419,1.0000000000000002,4.028465396071818,0.03719089111205598,93.14477277598495
95.5331740813806,-34.59626100860755,1.0000000000000004,4.028920254205705,0.037231642580632496,93.16435536290034
95.54347217391181,-34.59093212470486,1.0000000000000007,4.0293749363273506,0.03727244404339025,93.18395594353963
95.5537690199238,-34.58560247260902,1.0000000000000004,4.029829441701091,0.03731329541012762,93.20357431342529
