galstreams/tracks/track.st.NGC1261.ibata2021.ecsv
# %ECSV 1.0
# ---
# datatype:
# - {name: ra, unit: deg, datatype: float64}
# - {name: dec, unit: deg, datatype: float64}
# - {name: distance, unit: kpc, datatype: float64}
# - {name: pm_ra_cosdec, unit: mas / yr, datatype: float64}
# - {name: pm_dec, unit: mas / yr, datatype: float64}
# - {name: radial_velocity, unit: km / s, datatype: float64}
# delimiter: ','
# meta: !!omap
# - __serialized_columns__:
#     dec:
#       __class__: astropy.coordinates.angles.Latitude
#       unit: &id001 !astropy.units.Unit {unit: deg}
#       value: !astropy.table.SerializedColumn {name: dec}
#     distance:
#       __class__: astropy.coordinates.distances.Distance
#       unit: !astropy.units.Unit {unit: kpc}
#       value: !astropy.table.SerializedColumn {name: distance}
#     pm_dec:
#       __class__: astropy.units.quantity.Quantity
#       unit: !astropy.units.Unit {unit: mas / yr}
#       value: !astropy.table.SerializedColumn {name: pm_dec}
#     pm_ra_cosdec:
#       __class__: astropy.units.quantity.Quantity
#       unit: !astropy.units.Unit {unit: mas / yr}
#       value: !astropy.table.SerializedColumn {name: pm_ra_cosdec}
#     ra:
#       __class__: astropy.coordinates.angles.Longitude
#       unit: *id001
#       value: !astropy.table.SerializedColumn {name: ra}
#       wrap_angle: !astropy.coordinates.Angle
#         unit: *id001
#         value: 360.0
#     radial_velocity:
#       __class__: astropy.units.quantity.Quantity
#       unit: !astropy.units.Unit {unit: km / s}
#       value: !astropy.table.SerializedColumn {name: radial_velocity}
# schema: astropy-2.0
ra,dec,distance,pm_ra_cosdec,pm_dec,radial_velocity
[from data line 142]
43.19245836573675,-61.366853610357374,17.27693940116482,1.560451686122037,-2.561523266305483,0.0
43.20213302933755,-61.358021979650786,17.28216826225071,1.5606869760209592,-2.5607098995349595,-1.6841534259744676e-14
43.211797140435706,-61.349188604492134,17.287391267439954,1.5609219297750938,-2.559897443957561,-3.368306851948935e-14
43.22145072270292,-61.340353489866615,17.292608423665364,1.5611565489810106,-2.559085898077429,-5.0524602779234026e-14
43.23109379979175,-61.33151664075235,17.297819737859708,1.56139083523163,-2.558275260398811,0.0
43.24072639533556,-61.3226780621204,17.303025216955767,1.5616247901162341,-2.5574655294260658,-5.0524602779234026e-14
43.25034853294863,-61.313837758934795,17.30822486788632,1.561858415220472,-2.556656703663662,-1.6841534259744676e-14
43.259960236225915,-61.30499573615262,17.313418697584158,1.5620917121263604,-2.5558487816161852,-3.368306851948935e-14
43.26956152874336,-61.29615199872385,17.318606712982064,1.5623246824123012,-2.5550417617883348,-5.0524602779234026e-14
43.27915243405767,-61.28730655159153,17.323788921012813,1.56255732765308,-2.554235642684933,0.0
43.288732975706374,-61.27845939969165,17.328965328609193,1.5627896494198734,-2.5534304228109233,-3.368306851948935e-14
43.29830317720781,-61.269610547953356,17.334135942703984,1.5630216492802602,-2.5526261006713766,-3.368306851948935e-14
43.30786306206117,-61.26076000129874,17.33930077022997,1.563253328798223,-2.5518226747714894,-3.368306851948935e-14
43.31741265374647,-61.25190776464302,17.344459818119926,1.5634846895341592,-2.5510201436165887,-1.6841534259744676e-14
43.32695197572441,-61.243053842894554,17.349613093306647,1.5637157330448794,-2.5502185057121376,-1.6841534259744676e-14
43.336481051436635,-61.234198240954704,17.35476060272291,1.5639464608836224,-2.549417759563732,-1.6841534259744676e-14
43.34599990430555,-61.225340963718,17.359902353301493,1.5641768746000606,-2.5486179036771066,-1.6841534259744676e-14
43.355508557734375,-61.21648201607206,17.36503835197518,1.5644069757403025,-2.547818936558138,0.0
43.365007035107126,-61.20762140289771,17.370168605676756,1.5646367658469031,-2.5470208567128463,-1.6841534259744676e-14
43.374495359788654,-61.19875912906885,17.375293121339006,1.5648662464588676,-2.5462236626473937,-5.0524602779234026e-14
43.383973555124484,-61.1898951994527,17.380411905894704,1.5650954191116573,-2.545427352868098,-5.0524602779234026e-14
43.39344164444107,-61.18102961890955,17.38552496627664,1.5653242853371987,-2.5446319258814216,-5.0524602779234026e-14
43.402899651045615,-61.17216239229293,17.390632309417594,1.5655528466638922,-2.5438373801939824,-5.0524602779234026e-14
43.41234759822611,-61.16329352444961,17.39573394225035,1.5657811046166104,-2.5430437143125553,-1.6841534259744676e-14
43.42178550925136,-61.15442302021953,17.400829871707685,1.5660090607167123,-2.5422509267440705,-6.73661370389787e-14
43.43121340737097,-61.14555088443595,17.405920104722384,1.5662367164820497,-2.5414590159956214,0.0
43.44063131581523,-61.13667712192542,17.41100464822723,1.5664640734269633,-2.5406679805744647,-1.6841534259744676e-14
43.450039257795346,-61.12780173750772,17.41608350915501,1.5666911330623008,-2.5398778189880202,-1.6841534259744676e-14
43.45943725650327,-61.1189247359959,17.421156694438494,1.5669178968954225,-2.539088529743878,-5.0524602779234026e-14
43.468825335111724,-61.11004612219638,17.426224211010478,1.5671443664301998,-2.5383001113497974,-1.6841534259744676e-14
43.47820351677424,-61.101165900908875,17.43128606580374,1.5673705431670286,-2.537512562313709,0.0
43.48757182462511,-61.09228407692644,17.43634226575106,1.5675964286028308,-2.5367258811437208,-1.6841534259744676e-14
43.496930281779484,-61.083400655035426,17.441392817785218,1.5678220242310676,-2.535940066348115,-5.0524602779234026e-14
43.50627891133315,-61.07451564001576,17.446437728839,1.5680473315417358,-2.535155116435358,0.0
43.51561773636282,-61.06562903664051,17.451477005845184,1.5682723520213835,-2.534371029914092,-1.6841534259744676e-14
43.52494677992594,-61.05674084967627,17.456510655736565,1.5684970871531125,-2.5335878052931466,0.0
43.534266065060756,-61.047851083883,17.461538685445912,1.568721538416584,-2.53280544108154,-1.6841534259744676e-14
43.54357561478628,-61.03895974401411,17.466561101906017,1.5689457072880266,-2.532023935788472,-3.368306851948935e-14
43.55287545210236,-61.03006683481638,17.471577912049653,1.569169595240243,-2.5312432879233397,-3.368306851948935e-14
43.56216559998952,-61.02117236103023,17.47658912280961,1.5693932037426106,-2.5304634959957335,-5.0524602779234026e-14
43.571446081409185,-61.01227632738938,17.48159474111867,1.5696165342610973,-2.529684558515433,-3.368306851948935e-14
43.580716919303526,-61.00337873862106,17.486594773909605,1.5698395882582625,-2.5289064739924205,-1.6841534259744676e-14
43.58997813659548,-60.99447959944604,17.491589228115206,1.5700623671932603,-2.528129240936877,-3.368306851948935e-14
43.59922975618884,-60.98557891457857,17.49657811066826,1.5702848725218526,-2.52735285785918,-1.6841534259744676e-14
43.608471800968125,-60.97667668872644,17.501561428501546,1.5705071056964113,-2.5265773232699185,-3.368306851948935e-14
43.61770429379872,-60.96777292659094,17.506539188547833,1.5707290681659267,-2.5258026356798835,-1.6841534259744676e-14
43.62692725752666,-60.95886763286705,17.511511397739923,1.570950761376008,-2.5250287936000753,-3.368306851948935e-14
43.636140714978914,-60.94996081224317,17.516478063010588,1.571172186768898,-2.5242557955417038,-3.368306851948935e-14
43.645344688963206,-60.941052469401335,17.52143919129261,1.5713933457834734,-2.523483640016191,-3.368306851948935e-14
43.65453920226806,-60.93214260901719,17.526394789518775,1.5716142398552562,-2.522712325535173,-1.6841534259744676e-14
43.66372427766278,-60.92323123575996,17.53134486462187,1.5718348704164102,-2.521941850610501,-1.6841534259744676e-14
43.67289993789754,-60.91431835429247,17.536289423534665,1.5720552388957623,-2.521172213754249,0.0
43.68206620570317,-60.905403969271326,17.541228473189953,1.57227534671879,-2.520403413478709,-6.73661370389787e-14
43.691223103791465,-60.89648808534665,17.54616202052051,1.5724951953076478,-2.5196354482963943,-3.368306851948935e-14
43.70037065485494,-60.88757070716224,17.551090072459118,1.5727147860811552,-2.5188683167200447,0.0
43.709508881566954,-60.878651839355605,17.556012635938565,1.5729341204548155,-2.518102017262624,-5.0524602779234026e-14
43.71863780658167,-60.86973148655797,17.560929717891632,1.573153199840816,-2.5173365484373282,0.0
43.72775745253406,-60.8608096533942,17.565841325251096,1.5733720256480361,-2.5165719087575793,-3.368306851948935e-14
43.73686784203997,-60.851886344482885,17.570747464949743,1.573590599282055,-2.515808096737035,-5.0524602779234026e-14
43.74596899769591,-60.8429615644365,17.57564814392036,1.5738089221451472,-2.515045110889586,-1.6841534259744676e-14
43.75506094207939,-60.834035317861094,17.580543369095725,1.5740269956363067,-2.5142829497293606,0.0
43.76414369774864,-60.825107609356515,17.585433147408615,1.574244821151241,-2.5135216117707238,-1.6841534259744676e-14
43.773217287242794,-60.81617844351643,17.590317485791818,1.5744624000823773,-2.51276109552828,-5.0524602779234026e-14
43.78228173308176,-60.80724782492827,17.595196391178124,1.5746797338188736,-2.5120013995168766,-1.6841534259744676e-14
43.79133705776635,-60.798315758173196,17.600069870500295,1.5748968237466237,-2.511242522251605,-3.368306851948935e-14
43.80038328377807,-60.789382247826374,17.60493793069114,1.5751136712482547,-2.510484462247802,-1.6841534259744676e-14
43.80942043357941,-60.78044729845664,17.609800578683412,1.575330277703149,-2.5097272180210526,0.0
43.818448529613676,-60.7715109146267,17.614657821409917,1.5755466444874373,-2.5089707880871885,-1.6841534259744676e-14
43.827467594304984,-60.76257310089313,17.619509665803424,1.5757627729740094,-2.5082151709622966,-5.0524602779234026e-14
43.83647765005835,-60.75363386180638,17.62435611879673,1.5759786645325187,-2.5074603651627125,-6.73661370389787e-14
43.84547871925967,-60.74469320191073,17.629197187322603,1.5761943205293962,-2.5067063692050278,-1.6841534259744676e-14
43.85447082427554,-60.73575112574448,17.63403287831383,1.5764097423278376,-2.5059531816060945,-1.6841534259744676e-14
43.86345398745362,-60.72680763783972,17.63886319870319,1.5766249312878315,-2.505200800883018,-3.368306851948935e-14
43.87242823112233,-60.71786274272249,17.643688155423476,1.5768398887661506,-2.5044492255531647,-3.368306851948935e-14
43.881393577591,-60.708916444912795,17.64850775540745,1.5770546161163668,-2.503698454134166,-3.368306851948935e-14
43.89035004914984,-60.69996874892454,17.65332200558792,1.5772691146888467,-2.502948485143911,-6.73661370389787e-14
43.899297668069934,-60.69101965926564,17.658130912897654,1.5774833858307689,-2.502199317100558,-1.6841534259744676e-14
43.908236456603284,-60.682069180437885,17.66293448426943,1.577697430886125,-2.5014509485225327,-5.0524602779234026e-14
43.91716643698265,-60.67311731693725,17.667732726636043,1.5779112511957178,-2.500703377928528,0.0
43.92608763142186,-60.66416407325351,17.672525646930264,1.5781248480971835,-2.4999566038375085,-3.368306851948935e-14
43.93500006211555,-60.65520945387054,17.677313252084883,1.5783382229249854,-2.499210624768707,-5.0524602779234026e-14
43.94390375123931,-60.646253463266234,17.68209554903268,1.5785513770104245,-2.498465439241634,1.6841534259744676e-14
43.952798720949595,-60.63729610591248,17.686872544706443,1.5787643116816414,-2.4977210457760717,-5.0524602779234026e-14
43.96168499338384,-60.62833738627525,17.691644246038944,1.578977028263632,-2.4969774428920837,-5.0524602779234026e-14
43.97056259066029,-60.61937730881465,17.696410659962968,1.5791895280782362,-2.4962346291100097,-1.6841534259744676e-14
43.979431534878216,-60.61041587798475,17.701171793411298,1.579401812444163,-2.4954926029504674,-3.368306851948935e-14
43.98829184811779,-60.60145309823375,17.70592765331672,1.5796138826769828,-2.4947513629343607,-3.368306851948935e-14
43.99714355244012,-60.59248897400397,17.710678246612016,1.5798257400891413,-2.4940109075828727,0.0
44.005986669887264,-60.58352350973178,17.715423580229963,1.580037385989959,-2.493271235417472,-5.0524602779234026e-14
44.01482122248225,-60.57455670984778,17.720163661103353,1.580248821685643,-2.492532344959916,0.0
44.023647232229024,-60.56558857877656,17.724898496164954,1.5804600484792894,-2.4917942347322475,-3.368306851948935e-14
44.032464721112454,-60.55661912093706,17.72962809234756,1.580671067670885,-2.4910569032568017,-3.368306851948935e-14
44.041273711098455,-60.547648340742235,17.73435245658395,1.5808818805573233,-2.4903203490562023,-3.368306851948935e-14
44.05007422413387,-60.53867624259926,17.73907159580691,1.5810924884324034,-2.4895845706533644,-3.368306851948935e-14
44.05886628214656,-60.52970283090947,17.74378551694921,1.5813028925868386,-2.4888495665715027,-3.368306851948935e-14
44.067649907045336,-60.520728110068454,17.74849422694365,1.5815130943082576,-2.488115335334121,-1.6841534259744676e-14
44.07642512072003,-60.511752084465925,17.753197732722995,1.5817230948812182,-2.4873818754650223,-1.6841534259744676e-14
44.08519194504139,-60.50277475848598,17.757896041220047,1.5819328955872018,-2.4866491854883095,-1.6841534259744676e-14
44.093950401861235,-60.4937961365068,17.762589159367565,1.582142497704632,-2.485917263928387,0.0
44.10270051301241,-60.48481622290088,17.767277094098354,1.5823519025088708,-2.485186109309954,-3.368306851948935e-14
44.111442300308745,-60.47583502203497,17.771959852345173,1.582561111272231,-2.48445572015802,-3.368306851948935e-14
44.1201757855451,-60.4668525382701,17.776637441040833,1.5827701252639739,-2.483726094997892,1.6841534259744676e-14
44.12890099049737,-60.45786877596155,17.78130986711809,1.582978945750325,-2.482997232355189,0.0
44.13761793692253,-60.44888373945889,17.785977137509743,1.5831875739944719,-2.4822691307558316,-3.368306851948935e-14
44.14632664655844,-60.439897433106175,17.79063925914857,1.5833960112565701,-2.481541788726053,-1.6841534259744676e-14
44.155027141124194,-60.43090986124154,17.79529623896734,1.583604258793757,-2.4808152047923944,0.0
44.16371944231986,-60.42192102819759,17.799948083898858,1.5838123178601475,-2.4800893774817077,-1.6841534259744676e-14
44.17240357182658,-60.41293093830123,17.80459480087589,1.5840201897068453,-2.4793643053211576,-3.368306851948935e-14
44.181079551306574,-60.40393959587375,17.809236396831235,1.5842278755819472,-2.478639986838222,-1.6841534259744676e-14
44.1897474024032,-60.39494700523074,17.81387287869765,1.5844353767305521,-2.477916420560696,1.6841534259744676e-14
44.19840714674073,-60.38595317068233,17.818504253407937,1.584642694394757,-2.4771936050166907,-1.6841534259744676e-14
44.207058805924696,-60.37695809653292,17.823130527894875,1.5848498298136722,-2.4764715387346343,3.368306851948935e-14
44.215702401541705,-60.3679617870813,17.827751709091242,1.5850567842234276,-2.475750220243274,-1.6841534259744676e-14
44.22433795515942,-60.35896424662073,17.832367803929827,1.5852635588571686,-2.475029648071677,-3.368306851948935e-14
44.23296548832666,-60.3499654794389,17.836978819343404,1.5854701549450705,-2.4743098207492347,-3.368306851948935e-14
44.241585022573425,-60.34096548981786,17.841584762264763,1.5856765737143426,-2.473590736805657,-5.0524602779234026e-14
44.25019657941068,-60.33196428203429,17.84618563962668,1.58588281638923,-2.4728723947709845,-1.6841534259744676e-14
44.25880018033068,-60.32296186035916,17.850781458361944,1.5860888841910203,-2.4721547931755774,-1.0104920555846805e-13
44.26739584680679,-60.313958229057995,17.85537222540333,1.586294778338055,-2.471437930550125,-1.6841534259744676e-14
44.27598360029354,-60.30495339239075,17.859957947683625,1.5865005000457288,-2.470721805425645,-3.368306851948935e-14
44.28456346222661,-60.295947354611954,17.86453863213561,1.5867060505264954,-2.470006416333485,-3.368306851948935e-14
44.29313545402285,-60.286940119970616,17.86911428569207,1.5869114309898757,-2.4692917618053185,1.6841534259744676e-14
44.30169959708036,-60.27793169271017,17.873684915285782,1.5871166426424645,-2.468577840373156,-1.6841534259744676e-14
44.31025591277829,-60.26892207706879,17.878250527849538,1.5873216866879283,-2.4678646505693393,-3.368306851948935e-14
44.3188044224771,-60.25991127727904,17.882811130316107,1.5875265643270202,-2.4671521909265435,-5.0524602779234026e-14
44.32734514751845,-60.25089929756805,17.887366729618286,1.5877312767575817,-2.4664404599777767,-3.368306851948935e-14
44.335878109225185,-60.24188614215756,17.891917332688845,1.5879358251745466,-2.465729456256388,-3.368306851948935e-14
44.3444033289014,-60.23287181526387,17.896462946460563,1.5881402107699498,-2.4650191782960613,-1.6841534259744676e-14
44.352920827832406,-60.22385632109785,17.901003577866245,1.5883444347329256,-2.464309624630816,-1.6841534259744676e-14
44.36143062728482,-60.21483966386495,17.905539233838653,1.5885484982497282,-2.4636007937950186,-5.0524602779234026e-14
44.369932748506365,-60.20582184776537,17.910069921310576,1.5887524025037167,-2.4628926843233705,-3.368306851948935e-14
44.37842721272616,-60.19680287699379,17.914595647214792,1.5889561486753776,-2.4621852947509177,-1.6841534259744676e-14
44.386914041154554,-60.187782755739555,17.919116418484098,1.5891597379423206,-2.4614786236130457,-1.6841534259744676e-14
44.39539325498317,-60.178761488186666,17.92363224205125,1.5893631714792915,-2.460772669445492,-5.0524602779234026e-14
44.40386487538491,-60.16973907851379,17.928143124849058,1.589566450458169,-2.4600674307843295,-1.6841534259744676e-14
44.412328923514046,-60.160715530894194,17.932649073810286,1.5897695760479782,-2.4593629061659836,-3.368306851948935e-14
44.42078542050603,-60.15169084949597,17.93715009586772,1.5899725494148886,-2.4586590941272264,-5.0524602779234026e-14
44.429234387477706,-60.14266503848177,17.941646197954146,1.590175371722226,-2.4579559932051778,-5.0524602779234026e-14
