galstreams/tracks/track.st.NGC6397.ibata2021.ecsv
# %ECSV 1.0
# ---
# datatype:
# - {name: ra, unit: deg, datatype: float64}
# - {name: dec, unit: deg, datatype: float64}
# - {name: distance, unit: kpc, datatype: float64}
# - {name: pm_ra_cosdec, unit: mas / yr, datatype: float64}
# - {name: pm_dec, unit: mas / yr, datatype: float64}
# - {name: radial_velocity, unit: km / s, datatype: float64}
# delimiter: ','
# meta: !!omap
# - __serialized_columns__:
#     dec:
#       __class__: astropy.coordinates.angles.Latitude
#       unit: &id001 !astropy.units.Unit {unit: deg}
#       value: !astropy.table.SerializedColumn {name: dec}
#     distance:
#       __class__: astropy.coordinates.distances.Distance
#       unit: !astropy.units.Unit {unit: kpc}
#       value: !astropy.table.SerializedColumn {name: distance}
#     pm_dec:
#       __class__: astropy.units.quantity.Quantity
#       unit: !astropy.units.Unit {unit: mas / yr}
#       value: !astropy.table.SerializedColumn {name: pm_dec}
#     pm_ra_cosdec:
#       __class__: astropy.units.quantity.Quantity
#       unit: !astropy.units.Unit {unit: mas / yr}
#       value: !astropy.table.SerializedColumn {name: pm_ra_cosdec}
#     ra:
#       __class__: astropy.coordinates.angles.Longitude
#       unit: *id001
#       value: !astropy.table.SerializedColumn {name: ra}
#       wrap_angle: !astropy.coordinates.Angle
#         unit: *id001
#         value: 360.0
#     radial_velocity:
#       __class__: astropy.units.quantity.Quantity
#       unit: !astropy.units.Unit {unit: km / s}
#       value: !astropy.table.SerializedColumn {name: radial_velocity}
# schema: astropy-2.0
ra,dec,distance,pm_ra_cosdec,pm_dec,radial_velocity
[from data line 427]
265.5149626799234,-53.66552005438586,2.4671614636921,3.2905893075806545,-17.537096359885258,6.235635528677075
265.53215428567825,-53.6651457476605,2.4673090155216695,3.2933473540823717,-17.53459194157625,6.173771775654214
265.5493429257008,-53.66477684687805,2.4674564250277053,3.296103161432482,-17.532086320582984,6.112161438448466
265.56652861175985,-53.664413340913974,2.4676036923480114,3.2988567346680226,-17.529579500717475,6.050804305333553
265.5837113556028,-53.664055218638914,2.4677508176203924,3.3016080788226967,-17.5270714857883,5.9897001645830965
265.600891168956,-53.66370246891892,2.4678978009826524,3.3043571989270917,-17.524562279600605,5.928848804470783
265.6180680635243,-53.66335508061524,2.468044642572596,3.3071041000084724,-17.522051885956166,5.8682500132703845
265.6352420509915,-53.663013042584446,2.4681913425280273,3.3098487870909343,-17.519540308653305,5.80790357925554
265.6524131430205,-53.66267634367844,2.46833790098675,3.31259126519541,-17.517027551486972,5.7478092906998866
265.66958135125276,-53.66234497274444,2.46848431808657,3.315331539339571,-17.5145136182487,5.6879669358772285
265.68674668730876,-53.66201891862495,2.4686305939652895,3.318069614537897,-17.511998512726652,5.628376303061154
265.7039091627879,-53.66169817015786,2.468776728760715,3.320805495801708,-17.509482238705587,5.569037180525486
265.72106878926854,-53.6613827161764,2.4689227226106483,3.3235391881391267,-17.506964799966887,5.50994935654376
265.73822557830755,-53.6610725455091,2.469068575652895,3.3262706965550066,-17.504446200288577,5.451112619389748
265.7553795414415,-53.66076764697993,2.4692142880252606,3.329000026051184,-17.501926443445267,5.392526757337122
265.7725306901853,-53.66046800940819,2.469359859865547,3.331727181626159,-17.499405533208257,5.334191558659604
265.7896790360332,-53.66017362160858,2.4695052913115596,3.3344521682753845,-17.496883473345445,5.2761068116308465
265.8068245904582,-53.65988447239118,2.4696505825011026,3.3371749909910653,-17.494360267621396,5.218272304524556
265.82396736491245,-53.659600550561464,2.4697957335719805,3.339895654762268,-17.491835919797314,5.160687825614469
265.84110737082733,-53.65932184492032,2.469940744661997,3.3426141645749405,-17.48931043363107,5.103353163174191
265.8582446196129,-53.65904834426408,2.4700856159089573,3.3453305254118275,-17.48678381287718,5.046268105477511
265.8753791226584,-53.65878003738444,2.4702303474506646,3.3480447422525135,-17.484256061286846,4.9894324407980655
265.89251089133245,-53.6585169130686,2.470374939424924,3.350756820073527,-17.481727182607916,4.9328459574094925
265.9096399369824,-53.658258960099175,2.47051939196954,3.3534667638481714,-17.479197180584936,4.876508443585547
265.9267662709348,-53.658006167254214,2.470663705222315,3.3561745785466375,-17.476666058959132,4.820419687599934
265.94388990449556,-53.65775852330727,2.470807879321055,3.3588802691360264,-17.474133821468396,4.764579477726325
265.9610108489495,-53.657516017027326,2.4709519144035648,3.3615838405802476,-17.471600471847317,4.7089876022383725
265.97812911556076,-53.65727863717888,2.4710958106076464,3.364285297840159,-17.46906601382721,4.6536438494098675
265.99524471557254,-53.65704637252189,2.471239568071107,3.3669846458734627,-17.46653045113604,4.598548007514379
266.01235766020716,-53.65681921181182,2.4713831869317473,3.369681889634701,-17.463993787498538,4.543699864825713
266.02946796066647,-53.65659714379966,2.471526667327375,3.372377034075429,-17.461456026636085,4.48909920961744
266.0465756281314,-53.6563801572319,2.4716700093957926,3.3750700841440073,-17.45891717226682,4.434745830163417
266.06368067376184,-53.65616824085051,2.4718132132748045,3.377761044785699,-17.456377228105595,4.380639514737128
266.08078310869735,-53.65596138339311,2.471956279102215,3.3804499209427226,-17.45383619786397,4.326780051612464
266.09788294405666,-53.65575957359272,2.4720992070158294,3.3831367175541702,-17.451294085250247,4.273167229062961
266.11498019093756,-53.655562800178,2.472241997153451,3.385821439556034,-17.448750893969475,4.219800835362426
266.1320748604175,-53.65537105187315,2.472384649652883,3.388504091881272,-17.44620662772344,4.166680658784444
266.14916696355294,-53.65518431739791,2.4725271646519316,3.3911846794597302,-17.443661290210642,4.113806487602789
266.1662565113799,-53.655002585467656,2.4726695422884,3.393863207218193,-17.441114885126378,4.061178110091131
266.1833435149137,-53.65482584479328,2.4728117827000937,3.396539680080383,-17.43856741616265,4.008795314523141
266.20042798514874,-53.6546540840813,2.4729538860248153,3.399214102966905,-17.436018887008277,3.9566578891725412
266.2175099330594,-53.65448729203386,2.4730958524003697,3.401886480795406,-17.433469301348797,3.9047656223130365
266.23458936959884,-53.65432545734867,2.4732376819645623,3.404556818480394,-17.43091866286652,3.8531183022182303
266.2516663056999,-53.65416856871906,2.473379374855196,3.4072251209333038,-17.42836697524057,3.801715717161878
266.26874075227505,-53.65401661483402,2.473520931210075,3.4098913930626438,-17.4258142421468,3.7505576554176505
266.2858127202157,-53.65386958437818,2.4736623511670044,3.412555639773728,-17.42326046725788,3.699643905259337
266.30288222039326,-53.65372746603177,2.4738036348637875,3.415217865968974,-17.420705654243243,3.6489742549604234
266.31994926365826,-53.65359024847074,2.47394478243823,3.417878076547656,-17.418149806769136,3.5985484927948668
266.33701386084067,-53.653457920366584,2.4740857940281353,3.420536276406044,-17.41559292849859,3.5483664070361196
266.3540760227503,-53.65333047038662,2.4742266697713067,3.4231924704374332,-17.413035023091453,3.4984277859579875
266.3711357601761,-53.653207887193766,2.4743674098055504,3.425846663532035,-17.410476094204352,3.448732417834209
266.3881930838867,-53.65309015944657,2.474508014268669,3.4284988605770272,-17.407916145490756,3.399280090938304
266.4052480046304,-53.6529772757994,2.4746484832984685,3.431149066456681,-17.40535518060092,3.3500705935441455
266.4223005331348,-53.65286922490223,2.4747888170327523,3.43379728605213,-17.402793203181954,3.301103713925303
266.43935068010705,-53.65276599540079,2.474929015609324,3.4364435242415525,-17.400230216877773,3.252379240355516
266.4563984562343,-53.65266757593654,2.4750690791659893,3.4390877859001634,-17.397666225329104,3.203896961108522
266.47344387218277,-53.65257395514662,2.4752090078405504,3.441730075900101,-17.39510123217355,3.1556566644579083
266.4904869385987,-53.65248512166399,2.475348801770814,3.4443703991105923,-17.3925352410455,3.107658138677447
266.50752766610765,-53.652401064117285,2.475488461094582,3.447008760397819,-17.389968255576235,3.0599011720408265
266.5245660653149,-53.65232177113089,2.475627985949661,3.4496451646249553,-17.387400279393866,3.012385552821717
266.5416021468055,-53.652247231325035,2.475767376473853,3.4522796166522696,-17.38483131612335,2.9651110692938407
266.558635921144,-53.65217743331563,2.4759066328049646,3.4549121213369896,-17.382261369386487,2.918077509730784
266.5756673988746,-53.652112365714416,2.4760457550807984,3.4575426835333696,-17.379690442801973,2.871284662406337
266.5926965905214,-53.652052017128916,2.476184743439158,3.460171308092748,-17.377118539985336,2.82473231559417
266.60972350658807,-53.651996376162444,2.4763235980178506,3.4627979998634433,-17.374545664549,2.7784202575680212
266.62674815755776,-53.65194543141411,2.4764623189546784,3.4654227636907913,-17.371971820102246,2.7323482766014777
266.64377055389383,-53.65189917147888,2.4766009063874446,3.468045604417259,-17.369397010251237,2.686516160968329
266.6607907060389,-53.65185758494745,2.476739360453956,3.4706665268822467,-17.366821238599027,2.640923698942128
266.6778086244157,-53.651820660406464,2.4768776812920157,3.473285535922324,-17.36424450874553,2.5955706787967814
266.6948243194265,-53.65178838643833,2.4770158690394273,3.475902636370996,-17.361666824287582,2.5504568888057753
266.7118378014533,-53.65176075162129,2.477153923833996,3.4785178330588855,-17.359088188818916,2.5055821172429322
266.72884908085825,-53.65173774452951,2.477291845813526,3.4811311308136954,-17.356508605930138,2.4609461523819234
266.7458581679828,-53.651719353732965,2.477429635115821,3.4837425344601334,-17.35392807920877,2.416548782496386
266.7628650731485,-53.6517055677975,2.477567291878686,3.4863520488200024,-17.351346612239247,2.372389795860042
266.7798698066567,-53.65169637528488,2.4777048162399256,3.4889596787121953,-17.34876420860293,2.328468980746545
266.7968723787885,-53.65169176475272,2.477842208337343,3.4915654289526667,-17.34618087187806,2.284786125429634
266.81387279980487,-53.65169172475453,2.477979468308742,3.494169304354405,-17.34359660563985,2.2413410181829976
266.8308710799468,-53.651696243839766,2.4781165962919283,3.4967713097275848,-17.341011413460365,2.1981334472803225
266.84786722943477,-53.65170531055376,2.478253592424706,3.4993714498793476,-17.33842529890869,2.155163200995314
266.86486125846966,-53.651718913437776,2.478390456844879,3.5019697296140375,-17.33583826555077,2.11243006760166
266.8818531772318,-53.65173704102899,2.4785271896902517,3.5045661537330153,-17.333250316949513,2.069933835372948
266.8988429958814,-53.65175968186053,2.4786637910986276,3.5071607270347274,-17.33066145666479,2.02767429258305
266.9158307245592,-53.651786824461496,2.4788002612078115,3.509753454314827,-17.328071688253395,1.9856512275055875
266.9328163733851,-53.6518184573569,2.4789366001556083,3.512344340365948,-17.325481015269062,1.9438644284141975
266.9497999524592,-53.651854569067716,2.479072808079822,3.514933389977874,-17.322889441262518,1.9023136835825682
266.9667814718619,-53.65189514811091,2.4792088851182563,3.5175206079375645,-17.320296969781403,1.860998781284438
266.98376094165303,-53.65194018299942,2.479344831408716,3.5201059990289885,-17.317703604370358,1.8199195097935283
267.00073837187284,-53.65198966224216,2.4794806470890047,3.522689568033352,-17.31510934857096,1.779075657383477
267.01771377254124,-53.65204357434404,2.479616332296927,3.525271319728883,-17.312514205921783,1.7384670123279884
267.0346871536581,-53.65210190780598,2.4797518871702877,3.527851258890941,-17.309918179958373,1.6980933629007169
267.0516585252037,-53.652164651124906,2.4798873118468916,3.5304293902921176,-17.307321274213212,1.657954497375418
267.068627897138,-53.65223179279377,2.480022606464541,3.5330057187020274,-17.304723492215828,1.6180502040258131
267.0855952794009,-53.6523033213015,2.4801577711610414,3.5355802488874435,-17.3021248374927,1.5783802711254387
267.1025606819127,-53.65237922513316,2.480292806074197,3.538152985612362,-17.299525313567287,1.5389444869481848
267.1195241145734,-53.65245949276975,2.480427711341812,3.5407239336378176,-17.296924923960095,1.4997426397675708
267.1364855872631,-53.65254411268836,2.480562487101691,3.543293097722021,-17.294323672188554,1.4607745178573859
267.15344510984227,-53.652633073362175,2.4806971334916375,3.5458604826203888,-17.29172156176716,1.4220399094913012
267.17040269215113,-53.652726363260385,2.4808316506494563,3.5484260930854217,-17.289118596207388,1.3835386029430046
267.1873583440102,-53.652823970848296,2.480966038712951,3.5509899338668443,-17.28651477901772,1.3452703864862008
267.2043120752199,-53.65292588458728,2.4811002978199275,3.5535520097114945,-17.283910113703662,1.3072350483945607
267.22126389556075,-53.65303209293479,2.481234428108188,3.5561123253633515,-17.281304603767737,1.269432376941739
267.2382138147937,-53.65314258434439,2.4813684297155394,3.5586708855636493,-17.278698252709482,1.231862160401491
267.25516184265956,-53.65325734726575,2.4815023027797825,3.561227695050743,-17.276091064025483,1.1945241870475378
267.27210798887916,-53.65337637014465,2.481636047438724,3.563782758560114,-17.273483041209328,1.1574182451535007
267.2890522631539,-53.65349964142298,2.4817696638301685,3.566336080824533,-17.27087418775165,1.1205441229930502
267.3059946751649,-53.65362714953878,2.4819031520919186,3.5688876665738736,-17.268264507140117,1.0839016088398745
267.32293523457366,-53.653758882926205,2.4820365123617796,3.5714375205351807,-17.26565400285945,1.0474904909677962
267.33987395102196,-53.653894830015595,2.482169744777555,3.573985647432778,-17.263042678391404,1.0113105576503856
267.35681083413147,-53.65403497923339,2.4823028494770507,3.576532051988085,-17.260430537214766,0.9753615971614481
267.3737458935043,-53.65417931900222,2.4824358265980693,3.57907673891978,-17.257817582805426,0.9396433977745541
267.39067913872265,-53.65432783774088,2.4825686762784156,3.581619712943702,-17.255203818636268,0.9041557477633408
267.40761057934884,-53.654480523864336,2.4827013986558932,3.5841609787729003,-17.2525892481773,0.8688984354016479
267.42454022492575,-53.65463736578376,2.4828339938683084,3.5867005411176667,-17.249973874895527,0.8338712489631296
267.44146808497624,-53.65479835190649,2.4829664620534633,3.5892384046854664,-17.24735770225508,0.7990739767215244
267.4583941690032,-53.65496347063606,2.483098803349163,3.591774574180932,-17.244740733717123,0.7645064069503517
267.4753184864902,-53.65513271037225,2.483231017893212,3.5943090543060165,-17.24212297273992,0.7301683279234847
267.49224104690103,-53.655306059511,2.483363105823415,3.596841849759836,-17.239504422778786,0.6960595279145274
267.50916185967924,-53.65548350644452,2.4834950672775755,3.5993729652386803,-17.23688508728615,0.6621797951972012
267.52608093424925,-53.65566503956124,2.483626902393497,3.60190240543616,-17.23426496971151,0.6285289180451267
267.54299828001535,-53.65585064724582,2.483758611308985,3.6044301750430248,-17.231644073501457,0.5951066847321266
267.55991390636257,-53.65604031787917,2.4838901941618445,3.6069562787473406,-17.229022402099655,0.5619128835317708
267.57682782265573,-53.65623403983844,2.484021651089878,3.6094807212343456,-17.2263999589469,0.5289473027177645
267.59374003824024,-53.656431801497064,2.48415298223089,3.6120035071865013,-17.22377674748108,0.49620973056387935
267.6106505624419,-53.65663359122475,2.484284187722686,3.6145246412836025,-17.22115277113716,0.46369995534371944
267.62755940456657,-53.656839397387465,2.4844152677030698,3.6170441282025907,-17.21852803334724,0.43141776533109044
267.6444665739007,-53.65704920834745,2.4845462223098442,3.6195619726176824,-17.21590253754053,0.39936294879954565
267.66137207971093,-53.65726301246329,2.4846770516808157,3.622078179200394,-17.21327628714334,0.367535294022874
267.6782759312444,-53.6574807980898,2.484807755953788,3.6245927526194404,-17.210649285579095,0.3359345892746624
267.69517813772825,-53.657702553578176,2.484938335266564,3.6271056975407605,-17.208021536268387,0.3045606228287672
267.7120787083706,-53.657928267275864,2.4850687897569497,3.629617018627682,-17.205393042628863,0.27341318295877537
267.7289776523593,-53.65815792752666,2.4851991195627474,3.6321267205406365,-17.202763808075368,0.24249205793827372
267.74587497886307,-53.65839152267075,2.485329324821764,3.6346348079374633,-17.200133836019816,0.2117970360412028
267.76277069703076,-53.65862904104455,2.4854594056718016,3.63714128547317,-17.197503129871308,0.1813279055411159
267.7796648159916,-53.65887047098088,2.485589362250665,3.6396461578000645,-17.19487169303606,0.15108445471165038
267.7965573448555,-53.65911580080895,2.4857191946961588,3.6421494295677674,-17.192239528917437,0.12106647182656158
267.81344829271245,-53.65936501885425,2.4858489031460875,3.6446511054231134,-17.189606640915937,0.09127374515955426
267.830337668633,-53.65961811343869,2.4859784877382536,3.6471511900102622,-17.18697303242925,0.061706062984299544
267.84722548166815,-53.65987507288059,2.4861079486104654,3.6496496879706553,-17.184338706852145,0.03236321357450221
267.86411174084935,-53.66013588549455,2.4862372859005237,3.65214660394299,-17.18170366757662,0.003244985203799672
267.8809964551885,-53.66040053959167,2.4863664997462323,3.654641942563315,-17.179067917991805,-0.025648833854035914
267.897879633678,-53.66066902347941,2.486495590285398,3.6571357084649163,-17.176431461483975,-0.054318455325367124
