galstreams/tracks/track.st.Cetus.yam2013.ecsv
# %ECSV 0.9
# ---
# datatype:
# - {name: ra, unit: deg, datatype: float64}
# - {name: dec, unit: deg, datatype: float64}
# - {name: distance, unit: kpc, datatype: float64}
# - {name: pm_ra_cosdec, unit: mas / yr, datatype: float64}
# - {name: pm_dec, unit: mas / yr, datatype: float64}
# - {name: radial_velocity, unit: km / s, datatype: float64}
# delimiter: ','
# meta: !!omap
# - __serialized_columns__:
#     dec:
#       __class__: astropy.coordinates.angles.Latitude
#       unit: &id001 !astropy.units.Unit {unit: deg}
#       value: !astropy.table.SerializedColumn {name: dec}
#     distance:
#       __class__: astropy.coordinates.distances.Distance
#       unit: !astropy.units.Unit {unit: kpc}
#       value: !astropy.table.SerializedColumn {name: distance}
#     pm_dec:
#       __class__: astropy.units.quantity.Quantity
#       unit: !astropy.units.Unit {unit: mas / yr}
#       value: !astropy.table.SerializedColumn {name: pm_dec}
#     pm_ra_cosdec:
#       __class__: astropy.units.quantity.Quantity
#       unit: !astropy.units.Unit {unit: mas / yr}
#       value: !astropy.table.SerializedColumn {name: pm_ra_cosdec}
#     ra:
#       __class__: astropy.coordinates.angles.Longitude
#       unit: *id001
#       value: !astropy.table.SerializedColumn {name: ra}
#       wrap_angle: !astropy.coordinates.Angle
#         unit: *id001
#         value: 360.0
#     radial_velocity:
#       __class__: astropy.units.quantity.Quantity
#       unit: !astropy.units.Unit {unit: km / s}
#       value: !astropy.table.SerializedColumn {name: radial_velocity}
# schema: astropy-2.0
ra,dec,distance,pm_ra_cosdec,pm_dec,radial_velocity
[from data line 137]
28.07584241814006,15.004544653389212,31.237545494509703,-2.220446049250313e-16,-1.942890293094024e-16,-139.2970793114702
28.140456706780935,15.14235711750751,31.253427158516256,-1.1102230246251565e-16,-1.3877787807814457e-16,-139.59949017341881
28.205146200695953,15.280155071924703,31.269347305013667,-1.6653345369377348e-16,-1.6653345369377348e-16,-139.9006093645705
28.269910791370084,15.41793875745056,31.285311068392343,-1.6653345369377348e-16,-1.1102230246251565e-16,-140.2004350154748
28.3347503717884,15.555708415284515,31.30132358304269,-1.6653345369377348e-16,-1.942890293094024e-16,-140.4989652566814
28.39966483643209,15.693464287033242,31.317389983355117,-1.1102230246251565e-16,-2.220446049250313e-16,-140.79619821873976
28.464654081274688,15.831206614728181,31.333515403720032,-1.6653345369377348e-16,-1.6653345369377348e-16,-141.09213203219971
28.529718003778388,15.968935640843139,31.349704978527836,-2.7755575615628914e-16,-1.1102230246251565e-16,-141.38676482761073
28.594856502890586,16.10665160831184,31.365963842168934,-2.7755575615628914e-16,-2.220446049250313e-16,-141.68009473552252
28.66006947904052,16.24435476054548,31.382297129033745,-2.220446049250313e-16,-5.551115123125783e-17,-141.97211988648453
28.725356834136083,16.38204534145028,31.398709973512673,-1.1102230246251565e-16,-1.6653345369377348e-16,-142.26283841104657
28.790718471560815,16.519723595445008,31.41520750999613,-2.7755575615628914e-16,-2.7755575615628914e-16,-142.5522484397582
28.856154296171038,16.65738976747857,31.431794872874498,-1.1102230246251565e-16,-1.1102230246251565e-16,-142.8403481031689
28.921664214293095,16.79504410304744,31.44847719653822,-1.6653345369377348e-16,-1.6653345369377348e-16,-143.12713553182846
28.987248133720854,16.932686848213294,31.465259615377683,-1.6653345369377348e-16,-5.551115123125783e-17,-143.41260885628648
29.0529059637133,17.07031824962039,31.48214726378329,-5.551115123125783e-17,-5.551115123125783e-17,-143.69676620709245
29.118637614992263,17.20793855451315,31.499145276145466,-1.1102230246251565e-16,-1.6653345369377348e-16,-143.97960571479604
29.184442999740362,17.345548010753582,31.516258786854607,-1.6653345369377348e-16,-5.551115123125783e-17,-144.2611255099469
29.250322031599097,17.483146866838766,31.533492930301126,-5.551115123125783e-17,-1.1102230246251565e-16,-144.5413237230947
29.316274625667052,17.620735371918265,31.550852840875418,-1.1102230246251565e-16,-1.1102230246251565e-16,-144.82019848478896
29.382300698498344,17.758313775811562,31.5683436529679,-2.220446049250313e-16,-1.1102230246251565e-16,-145.09774792557928
29.448400168101166,17.895882329025472,31.585970500968983,-1.1102230246251565e-16,-2.220446049250313e-16,-145.37397017601532
29.51457295393649,18.033441282771506,31.60373851926907,-1.6653345369377348e-16,-2.220446049250313e-16,-145.64886336664668
29.58081897691697,18.170990888983216,31.62165284225857,-1.1102230246251564e-16,-1.1102230246251565e-16,-145.92242562802303
29.647138159406012,18.308531400333568,31.639718604327886,-1.1102230246251565e-16,0.0,-146.19465509069397
29.71353042521696,18.446063070252197,31.65794093986743,-1.1102230246251565e-16,-1.1102230246251565e-16,-146.46554988520901
29.779995699612485,18.583586152942754,31.67632498326761,-3.3306690738754696e-16,-1.1102230246251565e-16,-146.73510814211787
29.84653390930416,18.721100903400114,31.69487586891882,-1.1102230246251565e-16,-1.1102230246251565e-16,-147.00332799197017
29.9131449824521,18.8586075774276,31.71359873121149,-5.551115123125783e-17,-2.220446049250313e-16,-147.27020756531542
29.979828848664923,18.996106431654212,31.73249870453601,-1.1102230246251565e-16,-1.1102230246251565e-16,-147.53574499270334
30.046585438999745,19.133597723551755,31.751580923282795,-5.551115123125783e-17,-1.1102230246251565e-16,-147.79993840468353
30.113414685962425,19.271081711452013,31.770850521842252,-5.551115123125783e-17,-1.1102230246251565e-16,-148.0627859318056
30.180316523507923,19.408558654563784,31.79031263460478,-1.6653345369377348e-16,-1.1102230246251565e-16,-148.32428570461903
30.24729088704089,19.54602881299001,31.809972395960802,-1.1102230246251565e-16,-1.1102230246251565e-16,-148.58443585367368
30.314337713416368,19.683492447744776,31.82983494030071,-1.1102230246251564e-16,0.0,-148.84323450951905
30.381456940940716,19.82094982077027,31.849905402014922,-1.1102230246251564e-16,5.551115123125783e-17,-149.1006798027047
30.448648509372674,19.958401194953787,31.870188915493845,-1.6653345369377348e-16,0.0,-149.35676986378027
30.515912359924613,20.095846834144584,31.890690615127877,-1.6653345369377348e-16,-5.551115123125783e-17,-149.61150282329547
30.58324843526397,20.233287003170812,31.91141563530743,-1.6653345369377348e-16,-5.551115123125783e-17,-149.8648768117998
30.65065667951484,20.370721967856266,31.93236911042292,-1.6653345369377348e-16,5.551115123125783e-17,-150.11688995984298
30.718137038259787,20.508151995037224,31.953556174864737,-1.1102230246251565e-16,0.0,-150.36754039797444
30.78568945854177,20.645577352579163,31.974981963023307,-5.551115123125782e-17,5.551115123125783e-17,-150.61682625674402
30.853313888866307,20.78299830939344,31.996651609289025,0.0,0.0,-150.8647456667012
30.921010279203813,20.92041513545397,32.018570248052306,1.1102230246251565e-16,5.551115123125783e-17,-151.11129675839564
30.988778580992058,21.057828101813747,32.04074301370355,5.551115123125782e-17,-5.551115123125783e-17,-151.35647766237693
31.05661874713894,21.195237480621483,32.06317504063317,5.551115123125783e-17,0.0,-151.6002865091947
31.124530732025285,21.332643545138033,32.08587146323157,-5.551115123125783e-17,1.1102230246251565e-16,-151.84272142939858
31.192514491507957,21.470046569752828,32.10883741588917,-5.551115123125783e-17,-5.551115123125783e-17,-152.08378055353813
31.260569982923123,21.607446830000317,32.13207803299635,0.0,-1.1102230246251565e-16,-152.32346201216308
31.328697165089647,21.744844602576247,32.155598448943536,5.551115123125783e-17,0.0,-152.5617639358229
31.396895998312765,21.882240165353952,32.179403798121136,1.6653345369377348e-16,-1.1102230246251565e-16,-152.7986844550673
31.465166444387926,22.01963379740058,32.20349921491956,0.0,1.1102230246251565e-16,-153.03422170044587
31.533508466604776,22.157025778993223,32.227889833729215,0.0,5.551115123125783e-17,-153.2683738025082
31.601922029751414,22.294416391635057,32.252580788940485,0.0,1.6653345369377348e-16,-153.50113889180398
31.670407100118773,22.431805918071323,32.27757721494381,5.551115123125782e-17,1.6653345369377348e-16,-153.73251509888277
31.73896364550529,22.569194642305355,32.30288424612957,-5.551115123125783e-17,5.551115123125783e-17,-153.9625005542942
31.807591635221662,22.70658284961445,32.3285070168882,5.551115123125783e-17,0.0,-154.1910933885878
31.87629104009591,22.843970826565737,32.35445066161008,0.0,1.6653345369377348e-16,-154.41829173231332
31.945061832478583,22.981358861031946,32.38072031468564,0.0,1.1102230246251565e-16,-154.64409371602028
32.01390398624819,23.1187472422071,32.40732111050527,0.0,5.551115123125783e-17,-154.8684974702584
32.082817476816864,23.2561362606222,32.4342581834594,-5.551115123125782e-17,1.1102230246251565e-16,-155.09150112557722
32.15180228113617,23.393526208160754,32.46153666793841,0.0,3.3306690738754696e-16,-155.3131028125263
32.22085837770319,23.530917378074307,32.48916169833273,1.1102230246251564e-16,2.220446049250313e-16,-155.5333006616554
