galstreams/tracks/track.st.Gunnthra.ibata2021.ecsv
# %ECSV 0.9
# ---
# datatype:
# - {name: ra, unit: deg, datatype: float64}
# - {name: dec, unit: deg, datatype: float64}
# - {name: distance, unit: kpc, datatype: float64}
# - {name: pm_ra_cosdec, unit: mas / yr, datatype: float64}
# - {name: pm_dec, unit: mas / yr, datatype: float64}
# - {name: radial_velocity, unit: km / s, datatype: float64}
# delimiter: ','
# meta: !!omap
# - __serialized_columns__:
#     dec:
#       __class__: astropy.coordinates.angles.Latitude
#       unit: &id001 !astropy.units.Unit {unit: deg}
#       value: !astropy.table.SerializedColumn {name: dec}
#     distance:
#       __class__: astropy.coordinates.distances.Distance
#       unit: !astropy.units.Unit {unit: kpc}
#       value: !astropy.table.SerializedColumn {name: distance}
#     pm_dec:
#       __class__: astropy.units.quantity.Quantity
#       unit: !astropy.units.Unit {unit: mas / yr}
#       value: !astropy.table.SerializedColumn {name: pm_dec}
#     pm_ra_cosdec:
#       __class__: astropy.units.quantity.Quantity
#       unit: !astropy.units.Unit {unit: mas / yr}
#       value: !astropy.table.SerializedColumn {name: pm_ra_cosdec}
#     ra:
#       __class__: astropy.coordinates.angles.Longitude
#       unit: *id001
#       value: !astropy.table.SerializedColumn {name: ra}
#       wrap_angle: !astropy.coordinates.Angle
#         unit: *id001
#         value: 360.0
#     radial_velocity:
#       __class__: astropy.units.quantity.Quantity
#       unit: !astropy.units.Unit {unit: km / s}
#       value: !astropy.table.SerializedColumn {name: radial_velocity}
# schema: astropy-2.0
ra,dec,distance,pm_ra_cosdec,pm_dec,radial_velocity
[from data line 136]
272.0497374126152,-76.02387598401778,3.1039064261087765,-19.446700178205425,-19.064576195026397,2.442022467662978e-13
272.09168991888737,-76.01989124527236,3.104002204249016,-19.433361019222136,-19.07915759001123,2.2736071250655313e-13
272.1335971283371,-76.01589375293283,3.1040974646229365,-19.420028142735205,-19.0937209317638,2.9472684954553185e-13
272.1754590038299,-76.01188352860362,3.104192208043716,-19.406701584677723,-19.108266228353727,2.2736071250655313e-13
272.2172755086605,-76.0078605938799,3.1042864353245365,-19.39338138084934,-19.122793488010487,2.1051917824680845e-13
272.25904660655095,-76.0038249703475,3.1043801472785773,-19.38006756691617,-19.137302719122417,2.5262301389617017e-13
272.3007722616504,-75.99977667958271,3.104473344719017,-19.366760178410438,-19.15179393023596,2.020984111169361e-13
272.34245243853314,-75.99571574315229,3.104566028459036,-19.353459250730456,-19.16626713005445,2.1051917824680845e-13
272.38408710219886,-75.99164218261303,3.1046581993118143,-19.340164819140018,-19.18072232743772,2.1051917824680845e-13
272.4256762180709,-75.98755601951187,3.104749858090533,-19.32687691876838,-19.195159531400893,2.610437810260425e-13
272.4672197519959,-75.98345727538555,3.1048410056083693,-19.31359558460989,-19.209578751113746,2.7788531528578715e-13
272.50871767024165,-75.97934597176068,3.104931642678505,-19.300320851524006,-19.223979995899477,2.442022467662978e-13
272.5501699394973,-75.97522213015337,3.105021770114119,-19.287052754234736,-19.23836327523423,2.694645481559148e-13
272.5915765268722,-75.97108577206919,3.1051113887283917,-19.273791327330567,-19.252728598746092,2.1051917824680845e-13
272.6329373998944,-75.966936919003,3.1052004993345017,-19.260536605264225,-19.267075976214116,2.442022467662978e-13
272.6742525265097,-75.9627755924389,3.1052891027456315,-19.247288622352578,-19.281405417567484,2.442022467662978e-13
272.71552187508127,-75.95860181384995,3.105377199774958,-19.234047412776178,-19.295716932884766,2.2736071250655313e-13
272.75674541438815,-75.95441560469804,3.105464791235662,-19.220813010579253,-19.310010532392948,2.5262301389617017e-13
272.79792311362445,-75.9502169864338,3.105551877940924,-19.20758544966934,-19.324286226466583,2.5262301389617017e-13
272.83905494239775,-75.94600598049654,3.105638460703923,-19.194364763817383,-19.338544025626803,2.5262301389617017e-13
272.88014087072895,-75.94178260831389,3.105724540337838,-19.181150986657197,-19.35278394054067,2.8630608241565947e-13
272.9211808690511,-75.93754689130176,3.1058101176558512,-19.16794415168537,-19.367005982020228,2.7788531528578715e-13
272.96217490820743,-75.93329885086439,3.105895193471141,-19.154744292261334,-19.38121016102144,1.6841534259744677e-13
273.00312295945156,-75.92903850839389,3.1059797685968875,-19.141551441606868,-19.39539648864361,2.1893994537668078e-13
273.04402499444575,-75.92476588527028,3.10606384384627,-19.12836563280604,-19.409564976128358,2.442022467662978e-13
273.08488098526027,-75.92048100286125,3.106147420032468,-19.115186898805035,-19.42371563485885,1.6841534259744677e-13
273.1256909043715,-75.91618388252233,3.106230497968663,-19.102015272412164,-19.43784847635863,2.610437810260425e-13
273.16645472466206,-75.91187454559625,3.106313078468033,-19.08885078629736,-19.451963512291215,2.442022467662978e-13
273.2071724194191,-75.9075530134132,3.1063951623437585,-19.0756934729923,-19.46606075445891,2.2736071250655313e-13
273.2478439623334,-75.90321930729051,3.10647675040902,-19.062543364890075,-19.48014021480207,2.1893994537668078e-13
273.2884693274976,-75.89887344853268,3.1065578434769963,-19.049400494245386,-19.49420190539805,2.694645481559148e-13
273.3290484894066,-75.894515458431,3.1066384423608673,-19.036264893173886,-19.508245838460663,2.3578147963642546e-13
273.36958142295526,-75.89014535826364,3.1067185478738133,-19.02313659365247,-19.52227202633902,2.7788531528578715e-13
273.4100681034381,-75.8857631692953,3.106798160829014,-19.010015627518875,-19.536280481516908,2.1893994537668078e-13
273.4505085065471,-75.88136891277743,3.1068772820396497,-18.996902026471883,-19.55027121661159,1.8525687685719145e-13
273.49090260837204,-75.87696260994771,3.1069559123188997,-18.9837958220708,-19.56424424437332,2.442022467662978e-13
273.5312503853986,-75.87254428203009,3.107034052479942,-18.970697045735605,-19.578199577684305,2.2736071250655313e-13
273.5715518145075,-75.86811395023469,3.1071117033359594,-18.9576057287467,-19.59213722955786,2.1893994537668078e-13
273.6118068729728,-75.8636716357577,3.107188865700131,-18.944521902245047,-19.60605721313741,2.5262301389617017e-13
273.65201553846197,-75.85921735978107,3.107265540385635,-18.93144559723171,-19.619959541695938,2.694645481559148e-13
273.692177789034,-75.85475114347258,3.1073417282056526,-18.918376844567998,-19.633844228634892,2.2736071250655313e-13
273.7322936031384,-75.85027300798555,3.107417429973364,-18.905315674975263,-19.647711287483407,2.1893994537668078e-13
273.77236295961376,-75.84578297445894,3.1074926465019477,-18.89226211903502,-19.66156073189735,2.020984111169361e-13
273.8123858376876,-75.84128106401697,3.1075673786045845,-18.87921620718855,-19.675392575658652,2.610437810260425e-13
273.8523622169744,-75.83676729776911,3.107641627094453,-18.866177969736995,-19.68920683267433,2.2736071250655313e-13
273.89229207747513,-75.83224169680997,3.1077153927847347,-18.8531474368412,-19.7030035169757,2.020984111169361e-13
273.93217539957493,-75.82770428221923,3.1077886764886085,-18.84012463852193,-19.7167826427173,2.2736071250655313e-13
273.97201216404363,-75.82315507506132,3.1078614790192542,-18.827109604659366,-19.730544224176402,2.1051917824680845e-13
274.01180235203344,-75.81859409638552,3.1079338011898514,-18.81410236499331,-19.74428827575193,2.8630608241565947e-13
274.05154594507854,-75.81402136722565,3.1080056438135815,-18.801102949122978,-19.75801481196374,2.1893994537668078e-13
274.09124292509296,-75.80943690860019,3.1080770077036206,-18.78811138650732,-19.771723847451483,2.2736071250655313e-13
274.1308932743707,-75.8048407415119,3.1081478936731526,-18.775127706464367,-19.785415396974177,2.1051917824680845e-13
274.17049697558394,-75.8002328869478,3.1082183025353554,-18.762151938171645,-19.799089475409108,2.694645481559148e-13
274.21005401178144,-75.79561336587915,3.108288235103408,-18.74918411066605,-19.812746097750964,1.5999457546757442e-13
274.24956436638837,-75.79098219926122,3.1083576921904927,-18.736224252843694,-19.8263852791111,2.020984111169361e-13
274.28902802320454,-75.78633940803317,3.108426674609787,-18.72327239345994,-19.840007034716713,2.8630608241565947e-13
274.32844496640365,-75.78168501311794,3.108495183174472,-18.71032856112928,-19.853611379909953,2.442022467662978e-13
274.36781518053135,-75.77701903542227,3.1085632186977272,-18.697392784325643,-19.86719833014696,2.3578147963642546e-13
274.40713865050515,-75.77234149583639,3.1086307819927326,-18.68446509138191,-19.88076790099726,2.3578147963642546e-13
274.4464153616124,-75.767652415234,3.1086978738726665,-18.671545510490194,-19.894320108142793,2.1051917824680845e-13
274.48564529951,-75.76295181447212,3.10876449515071,-18.658634069701726,-19.907854967377165,2.3578147963642546e-13
274.52482845022195,-75.75823971439111,3.108830646640044,-18.645730796926987,-19.921372494604583,2.2736071250655313e-13
274.56396480013944,-75.75351613581437,3.108896329153847,-18.632835719935475,-19.934872705839336,2.442022467662978e-13
274.60305433601917,-75.7487810995483,3.108961543505298,-18.619948866355852,-19.94835561720481,2.5262301389617017e-13
274.64209704498234,-75.7440346263822,3.1090262905075794,-18.607070263675865,-19.96182124493271,2.7788531528578715e-13
274.68109291451276,-75.73927673708826,3.1090905709738674,-18.59419993924259,-19.97526960536202,2.3578147963642546e-13
274.7200419324569,-75.73450745242128,3.1091543857173445,-18.58133792026207,-19.988700714938545,2.1893994537668078e-13
274.7589440870218,-75.72972679311859,3.1092177355511907,-18.568484233799616,-20.002114590213793,2.610437810260425e-13
274.7977993667745,-75.72493477990002,3.1092806212885837,-18.555638906779624,-20.015511247844394,2.1893994537668078e-13
274.8366077606397,-75.72013143346786,3.1093430437427054,-18.542801965985927,-20.028890704590882,2.1893994537668078e-13
274.8753692579004,-75.71531677450652,3.1094050037267342,-18.529973438061397,-20.042252977317375,2.694645481559148e-13
274.91408384819516,-75.71049082368258,3.10946650205385,-18.517153349508245,-20.055598082990432,2.1051917824680845e-13
274.9527515215178,-75.70565360164467,3.109527539537235,-18.504341726687937,-20.068926038678367,2.1893994537668078e-13
274.99137226821557,-75.70080512902348,3.1095881169900648,-18.491538595821478,-20.082236861550257,2.442022467662978e-13
275.0299460789885,-75.69594542643134,3.1096482352255226,-18.478743982989084,-20.095530568875386,2.442022467662978e-13
275.068472944888,-75.69107451446244,3.109707895056787,-18.465957914130406,-20.10880717802232,2.1051917824680845e-13
275.10695285731595,-75.68619241369252,3.1097670972970386,-18.453180415044592,-20.12206670645809,2.1051917824680845e-13
275.14538580802247,-75.68129914467899,3.109825842759455,-18.44041151139051,-20.135309171747252,2.2736071250655313e-13
275.18377178910623,-75.67639472796053,3.109884132257219,-18.4276512286864,-20.148534591551353,2.5262301389617017e-13
275.2221107930122,-75.6714791840572,3.1099419666035075,-18.414899592310224,-20.161742983627967,2.1893994537668078e-13
275.2604028125309,-75.66655253347031,3.109999346611503,-18.402156627499622,-20.174934365829944,2.1051917824680845e-13
275.2986478407968,-75.66161479668234,3.1100562730943833,-18.389422359352196,-20.188108756104437,2.5262301389617017e-13
275.3368458712876,-75.65666599415674,3.1101127468653296,-18.376696812825227,-20.201266172492407,2.5262301389617017e-13
275.374996897823,-75.65170614633783,3.1101687687375206,-18.363980012735936,-20.214406633127652,2.7788531528578715e-13
275.4131009145628,-75.64673527365098,3.1102243395241365,-18.351271983761677,-20.227530156235918,1.8525687685719145e-13
275.4511579160066,-75.64175339650212,3.110279460038358,-18.338572750439806,-20.2406367601343,2.3578147963642546e-13
275.48916789699217,-75.63676053527787,3.1103341310933628,-18.325882337167858,-20.253726463230407,1.9367764398706378e-13
275.5271308526942,-75.63175671034541,3.1103883535023336,-18.313200768203604,-20.266799284021495,2.1051917824680845e-13
275.565046778623,-75.62674194205246,3.1104421280784473,-18.300528067665287,-20.279855241093642,2.7788531528578715e-13
275.60291567062376,-75.62171625072699,3.1104954556348865,-18.287864259531485,-20.292894353121174,2.5262301389617017e-13
275.6407375248749,-75.6166796566773,3.1105483369848277,-18.275209367641377,-20.305916638865693,2.7788531528578715e-13
275.6785123378872,-75.61163218019183,3.1106007729414538,-18.26256341569471,-20.318922117175415,2.1051917824680845e-13
275.7162401065018,-75.60657384153924,3.110652764317943,-18.249926427252163,-20.331910806984173,2.3578147963642546e-13
275.75392082789017,-75.60150466096805,3.110704311927475,-18.237298425735137,-20.344882727310956,2.694645481559148e-13
275.79155449955203,-75.59642465870674,3.1107554165832316,-18.22467943442601,-20.35783789725891,2.2736071250655313e-13
275.8291411193147,-75.59133385496361,3.11080607909839,-18.212069476468233,-20.370776336014732,2.020984111169361e-13
275.86668068533106,-75.58623226992677,3.110856300286131,-18.199468574866636,-20.383698062847582,2.694645481559148e-13
275.9041731960792,-75.58111992376388,3.110906080959635,-18.18687675248716,-20.39660309710874,2.8630608241565947e-13
275.941618650361,-75.5759968366222,3.110955421932082,-18.174294032057286,-20.40949145823058,2.5262301389617017e-13
275.9790170473006,-75.57086302862841,3.11100432401665,-18.161720436166057,-20.42236316572585,2.9472684954553185e-13
276.0163683863432,-75.56571851988873,3.111052788026521,-18.149155987264276,-20.435218239186877,2.5262301389617017e-13
276.05367266725415,-75.56056333048855,3.111100814774873,-18.136600707664538,-20.44805669828489,2.2736071250655313e-13
276.0909298901177,-75.55539748049249,3.111148405074887,-18.12405461954141,-20.460878562769242,2.1893994537668078e-13
276.12814005533573,-75.55022098994432,3.111195559739742,-18.111517744931547,-20.473683852466653,2.1051917824680845e-13
276.165303163626,-75.54503387886696,3.1112422795826187,-18.09899010573397,-20.4864725872803,2.1051917824680845e-13
276.2024192160219,-75.5398361672622,3.111288565416696,-18.086471723709984,-20.49924478718941,2.2736071250655313e-13
276.23948821387035,-75.53462787511071,3.111334418055154,-18.073962620483524,-20.512000472248136,2.610437810260425e-13
276.2765101588314,-75.52940902237198,3.1113798383111733,-18.06146281754109,-20.52473966258513,2.442022467662978e-13
276.313485052876,-75.52417962898436,3.1114248269979328,-18.04897233623226,-20.5374623784025,2.442022467662978e-13
276.3504128982857,-75.51893971486466,3.1114693849286126,-18.03649119776946,-20.55016863997529,2.442022467662978e-13
276.387293697651,-75.51368929990835,3.111513512916393,-18.02401942322832,-20.562858467650702,2.020984111169361e-13
276.4241274538703,-75.50842840398937,3.111557211774452,-18.01155703354775,-20.575531881847343,2.1051917824680845e-13
276.46091417014816,-75.5031570469602,3.1116004823159717,-17.999104049530317,-20.5881889030543,2.610437810260425e-13
276.497653849995,-75.49787524865145,3.1116433253541307,-17.986660491842095,-20.600829551830778,2.5262301389617017e-13
276.5343464972252,-75.4925830288721,3.1116857417021095,-17.974226381013004,-20.613453848805126,1.8525687685719145e-13
276.57099211595573,-75.4872804074094,3.1117277321730867,-17.961801737437114,-20.62606181467405,2.2736071250655313e-13
276.6075907106057,-75.48196740402858,3.111769297580243,-17.949386581372522,-20.638653470202087,2.5262301389617017e-13
276.6441422858944,-75.47664403847293,3.1118104387367587,-17.936980932941733,-20.651228836220792,2.2736071250655313e-13
276.6806468468406,-75.47131033046371,3.1118511564558125,-17.924584812131776,-20.663787933627994,2.1051917824680845e-13
276.71710439876057,-75.46596629970016,3.111891451550584,-17.912198238794552,-20.676330783386998,2.7788531528578715e-13
276.753514947268,-75.46061196585923,3.111931324834255,-17.899821232646673,-20.68885740652612,2.442022467662978e-13
276.78987849827183,-75.45524734859566,3.1119707771200034,-17.887453813269943,-20.701367824137733,2.2736071250655313e-13
276.82619505797544,-75.44987246754182,3.1120098092210093,-17.87509600011144,-20.713862057377693,2.3578147963642546e-13
276.86246463287506,-75.44448734230782,3.1120484219504534,-17.86274781248381,-20.726340127464443,2.442022467662978e-13
276.8986872297593,-75.43909199248115,3.112086616121515,-17.850409269565276,-20.738802055678605,2.694645481559148e-13
276.93486285570697,-75.43368643762686,3.112124392547374,-17.83808039039998,-20.751247863362,2.442022467662978e-13
276.9709915180869,-75.42827069728729,3.112161752041209,-17.825761193898117,-20.76367757191717,2.694645481559148e-13
277.0070732245556,-75.42284479098228,3.112198695416202,-17.81345169883628,-20.77609120280642,1.8525687685719145e-13
277.04310798305687,-75.41740873820885,3.112235223485532,-17.801151923857436,-20.78848877755136,2.3578147963642546e-13
277.07909580182024,-75.41196255844116,3.1122713370623774,-17.788861887471324,-20.800870317732084,2.7788531528578715e-13
277.11503668936024,-75.4065062711305,3.1123070369599195,-17.776581608054467,-20.8132358449866,2.020984111169361e-13
277.15093065447394,-75.4010398957054,3.1123423239913373,-17.764311103850744,-20.825585381009887,2.1051917824680845e-13
277.1867777062413,-75.39556345157119,3.1123771989698117,-17.752050392971185,-20.83791894755348,1.8525687685719145e-13
277.2225778540228,-75.39007695811023,3.112411662708521,-17.739799493394443,-20.850236566424677,1.768361097273191e-13
277.25833110745896,-75.38458043468168,3.112445716020647,-17.727558422966908,-20.86253825948587,2.610437810260425e-13
