galstreams/tracks/track.st.C-7.ibata2021.ecsv
# %ECSV 1.0
# ---
# datatype:
# - {name: ra, unit: deg, datatype: float64}
# - {name: dec, unit: deg, datatype: float64}
# - {name: distance, unit: kpc, datatype: float64}
# - {name: pm_ra_cosdec, unit: mas / yr, datatype: float64}
# - {name: pm_dec, unit: mas / yr, datatype: float64}
# - {name: radial_velocity, unit: km / s, datatype: float64}
# delimiter: ','
# meta: !!omap
# - __serialized_columns__:
#     dec:
#       __class__: astropy.coordinates.angles.Latitude
#       unit: &id001 !astropy.units.Unit {unit: deg}
#       value: !astropy.table.SerializedColumn {name: dec}
#     distance:
#       __class__: astropy.coordinates.distances.Distance
#       unit: !astropy.units.Unit {unit: kpc}
#       value: !astropy.table.SerializedColumn {name: distance}
#     pm_dec:
#       __class__: astropy.units.quantity.Quantity
#       unit: !astropy.units.Unit {unit: mas / yr}
#       value: !astropy.table.SerializedColumn {name: pm_dec}
#     pm_ra_cosdec:
#       __class__: astropy.units.quantity.Quantity
#       unit: !astropy.units.Unit {unit: mas / yr}
#       value: !astropy.table.SerializedColumn {name: pm_ra_cosdec}
#     ra:
#       __class__: astropy.coordinates.angles.Longitude
#       unit: *id001
#       value: !astropy.table.SerializedColumn {name: ra}
#       wrap_angle: !astropy.coordinates.Angle
#         unit: *id001
#         value: 360.0
#     radial_velocity:
#       __class__: astropy.units.quantity.Quantity
#       unit: !astropy.units.Unit {unit: km / s}
#       value: !astropy.table.SerializedColumn {name: radial_velocity}
# schema: astropy-2.0
ra,dec,distance,pm_ra_cosdec,pm_dec,radial_velocity
[from data line 1684]
295.7216922222285,-47.27702181704536,5.827720493764454,-12.025049307111878,-14.472856580221691,5.038830037675879
295.73431762169935,-47.271855500676466,5.827963196291106,-12.022043696535473,-14.4752144145179,5.097836623170606
295.7469402631884,-47.26668745691062,5.828205792745636,-12.019037622313444,-14.477568711134028,5.156818376157743
295.7595601467015,-47.26151768624705,5.828448282059815,-12.016031086107713,-14.479919467692852,5.2157750147002355
295.772177272245,-47.25634618918492,5.828690663165423,-12.013024089580771,-14.482266681817949,5.274706256861675
295.78479163982615,-47.25117296622331,5.8289329349942305,-12.010016634395594,-14.484610351133758,5.333611820705446
295.79740324945294,-47.245998017861275,5.829175096478015,-12.00700872221568,-14.486950473265537,5.392491424294667
295.8100121011341,-47.24082134459776,5.829417146548547,-12.004000354705079,-14.48928704583938,5.45134478569289
295.82261819487906,-47.235642946931684,5.829659084137605,-12.000991533528309,-14.491620066482199,5.5101716229636715
295.8352215306981,-47.23046282536186,5.829900908176962,-11.997982260350438,-14.493949532821755,5.56897165416996
295.8478221086023,-47.22528098038706,5.830142617598392,-11.994972536837029,-14.496275442486628,5.627744597375445
295.8604199286034,-47.22009741250599,5.830384211333672,-11.99196236465417,-14.498597793106217,5.686490170643681
295.87301499071384,-47.21491212221726,5.830625688314573,-11.988951745468448,-14.500916582310783,5.745208092037581
295.88560729494714,-47.20972511001944,5.830867047472871,-11.985940680946955,-14.503231807731396,5.803898079620467
295.8981968413171,-47.20453637641103,5.831108287740341,-11.982929172757316,-14.505543466999933,5.862559851456262
295.91078362983865,-47.19934592189045,5.83134940804876,-11.97991722256763,-14.507851557749142,5.921193125607746
295.92336766052733,-47.19415374695606,5.831590407329896,-11.976904832046541,-14.510156077612562,5.979797620138677
295.9359489333995,-47.18895985210616,5.83183128451553,-11.973892002863154,-14.512457024224577,6.038373053112273
295.9485274484722,-47.183764237838965,5.832072038537432,-11.970878736687109,-14.5147543952204,6.096919142591986
295.9611032057632,-47.178566904652634,5.832312668327382,-11.967865035188531,-14.517048188236052,6.155435606641069
295.9736762052911,-47.17336785304525,5.832553172817148,-11.964850900038053,-14.5193384009084,6.2139221633230415
295.9862464470753,-47.1681670835148,5.832793550938507,-11.961836332906808,-14.521625030875125,6.272378530701089
295.9988139311358,-47.16296459655929,5.833033801623235,-11.95882133546642,-14.523908075774738,6.330804426838632
296.0113786574934,-47.15776039267655,5.833273923803106,-11.955805909389014,-14.526187533246556,6.38919956979919
296.0239406261698,-47.152554472364415,5.8335139164098955,-11.952790056347197,-14.528463400930747,6.44756367764615
296.03649983718725,-47.14734683612061,5.833753778375375,-11.949773778014105,-14.530735676468296,6.505896468442696
296.0490562905689,-47.14213748444279,5.8339935086313215,-11.946757076063319,-14.533004357501007,6.564197660252012
296.06160998633845,-47.1369264178286,5.834233106109511,-11.943739952168954,-14.53526944167148,6.622466971138193
296.0741609245206,-47.13171363677552,5.834472569741714,-11.94072240800557,-14.537530926623194,6.6807041191636465
296.0867091051405,-47.12649914178104,5.834711898459707,-11.937704445248272,-14.539788810000385,6.73890882239267
296.09925452822444,-47.12128293334253,5.834951091195264,-11.93468606557261,-14.542043089448168,6.79708079888784
296.1117971937991,-47.11606501195731,5.83519014688016,-11.931667270654621,-14.544293762612451,6.85521976671298
296.12433710189197,-47.11084537812263,5.8354290644461715,-11.928648062170854,-14.546540827139935,6.91332544393158
296.13687425253147,-47.105624032335676,5.83566784282507,-11.92562844179832,-14.548784280678207,6.971397548606654
296.14940864574663,-47.100400975093535,5.835906480948632,-11.9226084112145,-14.551024120875626,7.029435798801521
296.1619402815672,-47.09517620689324,5.8361449777486305,-11.919587972097398,-14.553260345381357,7.087439912579938
296.1744691600236,-47.089949728231765,5.836383332156841,-11.91656712612546,-14.555492951845427,7.145409608005089
296.1869952811473,-47.084721539606,5.836621543105039,-11.913545874977618,-14.557721937918663,7.20334460314026
296.1995186449701,-47.07949164151275,5.836859609524998,-11.910524220333302,-14.559947301252684,7.2612446160491055
296.2120392515249,-47.07426003444877,5.837097530348491,-11.907502163872376,-14.562169039499977,7.319109364794508
296.2245571008451,-47.06902671891072,5.837335304507294,-11.904479707275225,-14.5643871503138,7.3769385674401216
296.23707219296494,-47.0637916953952,5.837572930933183,-11.901456852222683,-14.566601631348234,7.4347319420495355
296.2495845279194,-47.05855496439877,5.83781040855793,-11.898433600396046,-14.568812480258206,7.492489206685732
296.2620941057441,-47.05331652641786,5.838047736313311,-11.895409953477103,-14.571019694699427,7.550210079412299
296.27460092647556,-47.048076381948846,5.838284913131101,-11.892385913148098,-14.573223272328434,7.607894278292455
296.28710499015085,-47.04283453148806,5.8385219379430735,-11.889361481091749,-14.575423210802574,7.665541521389889
296.2996062968079,-47.037590975531714,5.838758809681004,-11.886336658991246,-14.577619507780014,7.723151526767483
296.31210484648534,-47.032345714575975,5.838995527276663,-11.883311448530229,-14.579812160919738,7.780724012489059
296.3246006392226,-47.02709874911695,5.8392320896618335,-11.8802858513928,-14.582001167881518,7.8382586966177685
296.33709367505975,-47.02185007965064,5.839468495768282,-11.877259869263547,-14.584186526325983,7.89575529721673
296.3495839540375,-47.01659970667298,5.8397047445277845,-11.87423350382752,-14.586368233914522,7.953213532349765
296.3620714761975,-47.01134763067985,5.83994083487212,-11.871206756770194,-14.588546288309358,8.010633120080227
296.374556241582,-47.006093852167034,5.8401767657330605,-11.868179629777536,-14.59072068717354,8.068013778471336
296.38703825023407,-47.00083837163025,5.840412536042378,-11.865152124535959,-14.592891428170915,8.125355225586341
296.3995175021974,-46.99558118956516,5.840648144731851,-11.862124242732333,-14.595058508966137,8.182657179488796
296.4119939975165,-46.99032230646729,5.8408835907332515,-11.85909598605398,-14.597221927224666,8.239919358241956
296.4244677362365,-46.98506172283217,5.841118872978354,-11.856067356188701,-14.59938168061279,8.297141479909206
296.4369387184035,-46.979799439155215,5.841353990398935,-11.853038354824692,-14.601537766797577,8.354323262553995
296.4494069440639,-46.97453545593176,5.841588941926769,-11.850008983650667,-14.603690183446929,8.411464424239616
296.46187241326527,-46.969269773657054,5.841823726493628,-11.846979244355754,-14.605838928229536,8.468564683029518
296.4743351260556,-46.96400239282631,5.842058343031287,-11.84394913862953,-14.60798399881492,8.525623756986818
296.48679508248375,-46.95873331393465,5.842292790471524,-11.840918668162029,-14.610125392873366,8.582641364175409
296.49925228259923,-46.9534625374771,5.8425270677461105,-11.837887834643745,-14.612263108076018,8.639617222658337
296.51170672645236,-46.948190063948616,5.842761173786821,-11.834856639765565,-14.614397142094791,8.696551050498657
296.52415841409413,-46.9429158938441,5.84299510752543,-11.831825085218886,-14.616527492602419,8.753442565760256
296.5366073455762,-46.93764002765836,5.843228867893714,-11.82879317269552,-14.618654157272424,8.810291486506388
296.549053520951,-46.932362465886115,5.843462453823445,-11.825760903887698,-14.620777133779159,8.867097530800203
296.56149694027175,-46.92708320902204,5.843695864246401,-11.822728280488123,-14.622896419797762,8.923860416705288
296.57393760359224,-46.9218022575607,5.843929098094352,-11.819695304189917,-14.625012013004177,8.980579862284896
296.58637551096706,-46.91651961199661,5.844162154299077,-11.816661976686657,-14.627123911075152,9.037255585602413
296.5988106624515,-46.911235272824186,5.84439503179235,-11.813628299672345,-14.629232111688232,9.093887304721292
296.61124305810165,-46.90594924053777,5.84462772950594,-11.810594274841431,-14.631336612521784,9.150474737704819
296.6236726979742,-46.900661515631654,5.844860246371627,-11.807559903888755,-14.633437411254949,9.207017602616347
296.6360995821265,-46.89537209860001,5.845092581321186,-11.804525188509656,-14.635534505567684,9.263515617519396
296.64852371061687,-46.89008098993695,5.845324733286387,-11.801490130399864,-14.637627893140749,9.319968500477081
296.6609450835041,-46.88478819013652,5.84555670119901,-11.79845473125555,-14.63971757165569,9.376375969553164
296.6733637008478,-46.87949369969267,5.845788483990824,-11.795418992773289,-14.641803538794878,9.432737742810454
296.68577956270826,-46.874197519099276,5.846020080593608,-11.792382916650126,-14.64388579224146,9.489053538312643
296.6981926691464,-46.868899648850146,5.846251489939135,-11.789346504583522,-14.645964329679359,9.54532307412352
296.71060302022414,-46.86360008943899,5.8464827109591795,-11.786309758271326,-14.648039148793373,9.601546068305495
296.72301061600376,-46.85829884135946,5.846713742585516,-11.783272679411851,-14.650110247269012,9.657722238922728
296.73541545654837,-46.852995905105104,5.846944583749918,-11.78023526970384,-14.652177622792635,9.71385130403834
296.7478175419219,-46.84769128116943,5.847175233384164,-11.777197530846404,-14.654241273051381,9.769932981715744
296.7602168721889,-46.84238497004581,5.847405690420023,-11.774159464539123,-14.656301195733189,9.825966990018063
296.7726134474146,-46.837076972227585,5.847635953789272,-11.771121072481996,-14.658357388526781,9.881953047009118
296.7850072676649,-46.831767288208,5.847866022423688,-11.768082356375409,-14.660409849121693,9.937890870751993
296.7973983330067,-46.826455918480214,5.8480958952550415,-11.765043317920174,-14.662458575208259,9.993780179309805
296.80978664350715,-46.821142863537304,5.848325571215109,-11.762003958817544,-14.664503564477563,10.049620690746545
296.82217219923444,-46.81582812387228,5.848555049235664,-11.758964280769158,-14.666544814621535,10.105412123125063
296.8345550002573,-46.81051169997807,5.848784328248485,-11.755924285477064,-14.668582323332874,10.161154194508812
296.8469350466453,-46.80519359234749,5.84901340718534,-11.752883974643769,-14.670616088305085,10.216846622961379
296.8593123384685,-46.79987380147334,5.8492422849780095,-11.749843349972126,-14.672646107232431,10.272489126546116
296.8716868757979,-46.794552327848265,5.849470960558262,-11.746802413165458,-14.674672377810007,10.32808142332631
296.884058658705,-46.78922917196489,5.849699432857881,-11.74376116592743,-14.676694897733675,10.383623231365247
296.8964276872622,-46.7839043343157,5.849927700808632,-11.740719609962179,-14.678713664700105,10.43911426872631
296.9087939615424,-46.778577815393156,5.850155763342294,-11.737677746974207,-14.680728676406742,10.494554253472788
296.92115748161933,-46.7732496156896,5.850383619390642,-11.734635578668428,-14.682739930551818,10.54994290366847
296.9335182475674,-46.76791973569731,5.850611267885447,-11.731593106750173,-14.684747424834375,10.605279937376203
296.94587625946167,-46.76258817590849,5.850838707758489,-11.728550332925156,-14.686751156954223,10.660565072659708
296.9582315173779,-46.757254936815215,5.851065937941538,-11.725507258899519,-14.688751124611958,10.715798027582341
296.97058402139254,-46.751920018909516,5.851292957366368,-11.722463886379769,-14.69074732550899,10.770978520207253
296.98293377158285,-46.746583422683365,5.851519764964758,-11.719420217072829,-14.692739757347494,10.82610626859786
296.9952807680266,-46.7412451486286,5.85174635966848,-11.716376252686032,-14.694728417830426,10.881180990817821
297.0076250108023,-46.73590519723699,5.851972740409306,-11.713331994927085,-14.696713304661554,10.936202404930185
297.01996649998944,-46.730563569000246,5.852198906119017,-11.710287445504084,-14.698694415545408,10.99117022899837
297.0323052356677,-46.72522026440998,5.8524248557293825,-11.707242606125567,-14.700671748187304,11.046084181085932
297.04464121791784,-46.71987528395769,5.852650588172177,-11.704197478500397,-14.702645300293362,11.100943979256023
297.05697444682113,-46.71452862813486,5.852876102379177,-11.701152064337874,-14.704615069570478,11.155749341572061
297.06930492245965,-46.709180297432816,5.853101397282156,-11.698106365347678,-14.706581053726321,11.210499986097467
297.08163264491606,-46.703830292342865,5.853326471812889,-11.695060383239877,-14.70854325046934,11.265195630895628
297.09395761427373,-46.69847861335619,5.853551324903152,-11.692014119724918,-14.710501657508786,11.31983599402996
297.10627983061676,-46.69312526096389,5.853775955484716,-11.688967576513647,-14.712456272554682,11.374420793563718
297.11859929402993,-46.687770235656984,5.8540003624893595,-11.685920755317277,-14.714407093317828,11.428949747560255
297.13091600459865,-46.68241353792644,5.854224544848854,-11.682873657847434,-14.716354117509816,11.483422574083125
297.1432299624091,-46.67705516826309,5.854448501494975,-11.679826285816096,-14.718297342843014,11.537838991195443
297.1555411675481,-46.671695127157705,5.854672231359497,-11.676778640935652,-14.72023676703056,11.592198716960766
297.1678496201031,-46.66633341510097,5.854895733374194,-11.673730724918842,-14.722172387786381,11.646501469442512
297.1801553201623,-46.66097003258351,5.855119006470845,-11.670682539478788,-14.724104202825181,11.700746966703868
297.19245826781463,-46.655604980095816,5.8553420495812185,-11.667634086329027,-14.726032209862453,11.75493492680832
297.20475846314963,-46.65023825812831,5.85556486163709,-11.66458536718344,-14.72795640661446,11.809065067819017
297.2170559062575,-46.644869867171366,5.855787441570238,-11.66153638375628,-14.729876790798226,11.863137107799682
297.22935059722914,-46.639499807715225,5.856009788312432,-11.658487137762194,-14.731793360131576,11.917150764813435
297.2416425361562,-46.63412808025006,5.856231900795451,-11.655437630916191,-14.733706112333099,11.971105756923828
297.2539317231309,-46.62875468526595,5.8564537779510655,-11.652387864933651,-14.735615045122161,12.025001802194147
297.2662181582462,-46.62337962325291,5.856675418711055,-11.649337841530334,-14.737520156218912,12.07883861868761
297.2785018415958,-46.61800289470085,5.85689682200719,-11.646287562422348,-14.739421443344266,12.132615924467705
297.2907827732739,-46.6126245000996,5.857117986771244,-11.643237029326217,-14.741318904219924,12.186333437597952
297.3030609533756,-46.607244439938896,5.857338911934997,-11.640186243958762,-14.743212536568338,12.2399908761415
297.3153363819964,-46.601862714708396,5.85755959643022,-11.637135208037243,-14.745102338112758,12.293587958161941
297.3276090592329,-46.596479324897665,5.857780039188685,-11.634083923279226,-14.746988306577212,12.347124401722288
297.33987898518177,-46.59109427099618,5.858000239142173,-11.631032391402686,-14.748870439686446,12.4005999248864
297.35214615994096,-46.58570755349334,5.8582201952224535,-11.627980614125914,-14.75074873516606,12.454014245717023
297.3644105836086,-46.580319172878454,5.858439906361302,-11.624928593167626,-14.752623190742352,12.507367082278149
297.37667225628394,-46.57492912964072,5.858659371490495,-11.621876330246824,-14.754493804142436,12.560658152632762
297.3889311780665,-46.56953742426929,5.858878589541804,-11.618823827082936,-14.756360573094177,12.613887174844514
297.40118734905684,-46.564144057253216,5.859097559447008,-11.61577108539569,-14.758223495326218,12.667053866976527
297.41344076935576,-46.55874902908143,5.859316280137874,-11.612718106905227,-14.760082568567965,12.720157947092385
297.42569143906513,-46.5533523402428,5.859534750546186,-11.609664893331994,-14.761937790549595,12.773199133255039
297.4379393582873,-46.54795399122612,5.8597529696037105,-11.60661144639683,-14.763789159002059,12.82617714352848
297.45018452712526,-46.54255398252005,5.859970936242227,-11.60355776782089,-14.765636671657058,12.879091695975488
