galstreams/tracks/track.st.Gaia-1.ibata2021.ecsv
# %ECSV 1.0
# ---
# datatype:
# - {name: ra, unit: deg, datatype: float64}
# - {name: dec, unit: deg, datatype: float64}
# - {name: distance, unit: kpc, datatype: float64}
# - {name: pm_ra_cosdec, unit: mas / yr, datatype: float64}
# - {name: pm_dec, unit: mas / yr, datatype: float64}
# - {name: radial_velocity, unit: km / s, datatype: float64}
# delimiter: ','
# meta: !!omap
# - __serialized_columns__:
#     dec:
#       __class__: astropy.coordinates.angles.Latitude
#       unit: &id001 !astropy.units.Unit {unit: deg}
#       value: !astropy.table.SerializedColumn {name: dec}
#     distance:
#       __class__: astropy.coordinates.distances.Distance
#       unit: !astropy.units.Unit {unit: kpc}
#       value: !astropy.table.SerializedColumn {name: distance}
#     pm_dec:
#       __class__: astropy.units.quantity.Quantity
#       unit: !astropy.units.Unit {unit: mas / yr}
#       value: !astropy.table.SerializedColumn {name: pm_dec}
#     pm_ra_cosdec:
#       __class__: astropy.units.quantity.Quantity
#       unit: !astropy.units.Unit {unit: mas / yr}
#       value: !astropy.table.SerializedColumn {name: pm_ra_cosdec}
#     ra:
#       __class__: astropy.coordinates.angles.Longitude
#       unit: *id001
#       value: !astropy.table.SerializedColumn {name: ra}
#       wrap_angle: !astropy.coordinates.Angle
#         unit: *id001
#         value: 360.0
#     radial_velocity:
#       __class__: astropy.units.quantity.Quantity
#       unit: !astropy.units.Unit {unit: km / s}
#       value: !astropy.table.SerializedColumn {name: radial_velocity}
# schema: astropy-2.0
ra,dec,distance,pm_ra_cosdec,pm_dec,radial_velocity
[from data line 1541]
192.00267320098865,-7.997856951696612,5.104782192510146,-14.486382009255628,-19.95036267272793,221.6593039664674
192.00850818282822,-7.989692368798417,5.104820581529087,-14.487795001659931,-19.952094419541364,221.5485709366957
192.01434322416333,-7.981527912040195,5.104858773714546,-14.489207893047562,-19.953824887681982,221.4376700414809
192.02017832497896,-7.973363581316814,5.104896768777689,-14.490620683394997,-19.95555407705577,221.32660152786195
192.02601348526036,-7.965199376522972,5.104934566429683,-14.492033372678613,-19.95728198756876,221.2153656428777
192.03184870499263,-7.957035297553548,5.104972166381697,-14.493445960874674,-19.959008619126994,221.10396263356733
192.03768398416082,-7.9488713443034476,5.1050095683448955,-14.494858447959333,-19.96073397163654,220.9923927469703
192.04351932275014,-7.940707516667448,5.105046772030449,-14.496270833908625,-19.96245804500347,220.88065623012534
192.0493547207457,-7.932543814540553,5.105083777149523,-14.497683118698472,-19.96418083913389,220.76875333007155
192.05519017813262,-7.924380237817593,5.105120583413289,-14.499095302304674,-19.965902353933906,220.6566842938483
192.06102569489602,-7.916216786393587,5.105157190532906,-14.500507384702969,-19.9676225893097,220.54444936849433
192.066861271021,-7.908053460163551,5.105193598219549,-14.501919365868913,-19.969341545167413,220.432048801049
192.0726969064927,-7.899890259022408,5.105229806184384,-14.503331245777996,-19.971059221413224,220.31948283855144
192.07853260129625,-7.891727182865288,5.105265814138574,-14.504743024405586,-19.972775617953364,220.20675172804053
192.08436835541676,-7.883564231587155,5.105301621793294,-14.506154701726924,-19.974490734694033,220.09385571655548
192.09020416883936,-7.875401405083152,5.105337228859704,-14.507566277717164,-19.976204571541498,219.98079505113543
192.09604004154914,-7.867238703248427,5.105372635048977,-14.508977752351324,-19.97791712840201,219.86756997881932
192.10187597353124,-7.859076125978037,5.105407840072276,-14.510389125604322,-19.97962840518187,219.75418074664648
192.10771196477077,-7.85091367316724,5.105442843640773,-14.51180039745096,-19.98133840178738,219.64062760165584
192.1135480152529,-7.842751344711136,5.105477645465631,-14.513211567865937,-19.983047118124883,219.52691079088638
192.11938412496264,-7.834589140504981,5.10551224525802,-14.514622636823816,-19.984754554100714,219.41303056137767
192.12522029388515,-7.826427060444075,5.1055466427291085,-14.516033604299073,-19.98646070962125,219.29898716016822
192.13105652200557,-7.818265104423592,5.105580837590059,-14.517444470266062,-19.988165584592892,219.18478083429758
192.136892809309,-7.810103272338916,5.105614829552046,-14.518855234699025,-19.98986917892204,219.07041183080437
192.14272915578053,-7.801941564085281,5.1056486183262315,-14.520265897572074,-19.991571492515142,218.95588039672836
192.1485655614053,-7.793779979558079,5.1056822036237826,-14.521676458859247,-19.993272525278645,218.84118677910809
192.15440202616836,-7.785618518652725,5.105715585155872,-14.523086918534426,-19.994972277119015,218.72633122498274
192.1602385500549,-7.777457181264532,5.105748762633663,-14.524497276571422,-19.996670747942773,218.61131398139153
192.16607513304993,-7.769295967289017,5.105781735768322,-14.525907532943897,-19.99836793765643,218.4961352953737
192.17191177513868,-7.761134876621533,5.105814504271021,-14.52731768762542,-20.000063846166505,218.3807954139681
192.1777484763062,-7.752973909157605,5.105847067852925,-14.528727740589435,-20.001758473379578,218.26529458421388
192.1835852365375,-7.744813064792784,5.105879426225199,-14.530137691809298,-20.003451819202226,218.14963305315018
192.18942205581786,-7.736652343422499,5.105911579099013,-14.531547541258224,-20.00514388354106,218.03381106781595
192.19525893413226,-7.72849174494235,5.105943526185537,-14.53295728890932,-20.00683466630268,217.91782887525062
192.2010958714658,-7.720331269247969,5.105975267195934,-14.534366934735596,-20.008524167393748,217.80168672249295
192.20693286780366,-7.712170916234861,5.106006801841372,-14.535776478709936,-20.010212386720927,217.68538485658217
192.21276992313088,-7.70401068579875,5.10603812983302,-14.537185920805118,-20.011899324190903,217.56892352455733
192.21860703743258,-7.695850577835203,5.106069250882044,-14.538595260993802,-20.01358497971039,217.45230297345776
192.2244442106939,-7.687690592239944,5.1061001646996145,-14.540004499248523,-20.015269353186103,217.33552345032214
192.2302814428998,-7.679530728908725,5.106130870996895,-14.541413635541735,-20.0169524445248,217.21858520218984
192.23611873403556,-7.671370987737191,5.106161369485054,-14.542822669845744,-20.018634253633262,217.1014884761001
192.24195608408613,-7.6632113686211865,5.106191659875262,-14.544231602132772,-20.020314780418264,216.98423351909156
192.2477934930367,-7.655051871456403,5.106221741878683,-14.545640432374903,-20.021994024786633,216.86682057820371
192.25363096087236,-7.646892496138699,5.106251615206486,-14.547049160544121,-20.023671986645198,216.7492499004755
192.25946848757812,-7.638733242563953,5.106281279569838,-14.548457786612293,-20.025348665900818,216.63152173294614
192.26530607313916,-7.630574110627934,5.106310734679904,-14.549866310551186,-20.027024062460377,216.51363632265463
192.27114371754053,-7.622415100226613,5.1063399802478555,-14.551274732332432,-20.02869817623077,216.39559391663985
192.27698142076736,-7.614256211255817,5.106369015984859,-14.552683051927557,-20.030371007118916,216.2773947619412
192.2828191828047,-7.60609744361152,5.106397841602081,-14.554091269307978,-20.03204255503174,216.15903910559777
192.2886570036376,-7.5979387971897365,5.106426456810688,-14.555499384445003,-20.033712819876246,216.0405271946487
192.29449488325128,-7.589780271886355,5.10645486132185,-14.556907397309812,-20.035381801559396,215.92185927613284
192.30033282163072,-7.58162186759748,5.1064830548467315,-14.558315307873487,-20.037049499988193,215.80303559708938
192.30617081876107,-7.573463584219059,5.106511037096503,-14.559723116106984,-20.038715915069666,215.68405640455745
192.3120088746274,-7.5653054216472,5.1065388077823295,-14.561130821981157,-20.040381046710888,215.56492194557615
192.31784698921473,-7.557147379778035,5.106566366615379,-14.562538425466727,-20.042044894818897,215.44563246718457
192.32368516250824,-7.5489894585075845,5.106593713306821,-14.563945926534322,-20.04370745930081,215.3261882164219
192.32952339449298,-7.540831657732084,5.106620847567819,-14.565353325154451,-20.04536874006373,215.20658944032698
192.33536168515403,-7.532673977347593,5.106647769109544,-14.566760621297497,-20.047028737014802,215.08683638593922
192.34120003447646,-7.524516417250357,5.1066744776431605,-14.568167814933755,-20.048687450061177,214.9669293002977
192.34703844244538,-7.516358977336627,5.10670097287984,-14.569574906033367,-20.05034487911003,214.84686843044108
192.35287690904585,-7.508201657502557,5.106727254530745,-14.570981894566406,-20.052001024068584,214.72665402340903
192.35871543426296,-7.5000444576444965,5.106753322307047,-14.572388780502797,-20.053655884844037,214.60628632624017
192.36455401808183,-7.491887377658646,5.106779175919912,-14.573795563812364,-20.05530946134365,214.4857655859739
192.37039266048745,-7.483730417441362,5.106804815080505,-14.575202244464826,-20.056961753474692,214.36509204964932
192.376231361465,-7.475573576889031,5.106830239499999,-14.576608822429767,-20.058612761144428,214.24426596430524
192.3820701209995,-7.467416855897926,5.106855448889555,-14.578015297676673,-20.060262484260203,214.1232875769811
192.387908939076,-7.4592602543645254,5.106880442960345,-14.579421670174913,-20.061910922729318,214.00215713471584
192.39374781567963,-7.451103772185153,5.106905221423534,-14.580827939893732,-20.063558076459152,213.8808748845485
192.3995867507955,-7.44294740925629,5.106929783990291,-14.582234106802284,-20.06520394535706,213.75944107351816
192.40542574440857,-7.434791165474447,5.1069541303717845,-14.583640170869579,-20.066848529330453,213.63785594866414
192.41126479650399,-7.426635040736024,5.10697826027918,-14.585046132064528,-20.068491828286742,213.51611975702554
192.41710390706683,-7.418479034937625,5.107002173423643,-14.586451990355943,-20.07013384213338,213.39423274564103
192.4229430760822,-7.410323147975695,5.107025869516346,-14.587857745712492,-20.071774570777823,213.27219516155
192.42878230353512,-7.402167379746841,5.107049348268451,-14.589263398102752,-20.073414014127565,213.15000725179164
192.43462158941065,-7.394011730147699,5.10707260939113,-14.590668947495168,-20.075052172090096,213.027669263405
192.44046093369388,-7.385856199074792,5.107095652595548,-14.592074393858077,-20.07668904457297,212.90518144342903
192.44630033636994,-7.377700786424799,5.107118477592873,-14.59347973715972,-20.078324631483724,212.7825440389028
192.45213979742377,-7.369545492094431,5.1071410840942715,-14.594884977368203,-20.079958932729944,212.65975729686568
192.45797931684058,-7.361390315980286,5.107163471810911,-14.59629011445151,-20.081591948219216,212.53682146435654
192.4638188946053,-7.353235257979159,5.107185640453963,-14.597695148377522,-20.083223677859145,212.41373678841464
192.46965853070316,-7.345080317987701,5.107207589734589,-14.599100079114026,-20.084854121557402,212.29050351607881
192.4754982251191,-7.33692549590272,5.10722931936396,-14.600504906628647,-20.08648327922163,212.16712189438866
192.48133797783822,-7.328770791621044,5.107250829053243,-14.60190963088895,-20.088111150759524,212.0435921703827
192.4871777888456,-7.320616205039391,5.107272118513603,-14.603314251862338,-20.08973773607878,211.91991459110028
192.4930176581263,-7.312461736054689,5.107293187456212,-14.604718769516136,-20.091363035087145,211.79608940358037
192.49885758566538,-7.304307384563707,5.107314035592234,-14.606123183817523,-20.092987047692354,211.67211685486237
192.5046975714479,-7.296153150463374,5.107334662632837,-14.607527494733581,-20.09460977380219,211.54799719198522
192.51053761545893,-7.287999033650645,5.1073550682891895,-14.608931702231283,-20.096231213324447,211.42373066198775
192.51637771768355,-7.279845034022362,5.107375252272457,-14.610335806277472,-20.09785136616695,211.29931751190955
192.52221787810677,-7.271691151475574,5.107395214293807,-14.611739806838886,-20.09947023223753,211.1747579887893
192.52805809671372,-7.263537385907169,5.107414954064412,-14.613143703882132,-20.101087811444057,211.0500523396664
192.53389837348942,-7.255383737214201,5.107434471295433,-14.614547497373733,-20.10270410369441,210.9252008115796
192.53973870841892,-7.247230205293751,5.107453765698039,-14.615951187280075,-20.10431910889652,210.80020365156832
192.54557910148733,-7.239076790042775,5.1074728369834,-14.61735477356742,-20.105932826958288,210.67506110667148
192.55141955267965,-7.230923491358452,5.107491684862682,-14.61875825620195,-20.107545257787695,210.54977342392837
192.55726006198097,-7.222770309137795,5.107510309047051,-14.620161635149687,-20.109156401292704,210.42434085037803
192.56310062937635,-7.214617243277968,5.107528709247678,-14.621564910376568,-20.110766257381304,210.29876363305928
192.5689412548508,-7.206464293676182,5.107546885175724,-14.622968081848422,-20.11237482596153,210.17304201901143
192.57478193838946,-7.198311460229516,5.107564836542363,-14.624371149530932,-20.11398210694143,210.0471762552737
192.58062267997732,-7.190158742835266,5.10758256305876,-14.625774113389694,-20.11558810022907,209.9211665888848
192.58646347959947,-7.182006141390567,5.107600064436081,-14.62717697339017,-20.117192805732525,209.79501326688438
192.59230433724096,-7.17385365579271,5.107617340385498,-14.628579729497703,-20.118796223359908,209.66871653631102
192.59814525288678,-7.16570128593902,5.107634390618174,-14.629982381677557,-20.12039835301936,209.54227664420418
192.6039862265221,-7.157549031726702,5.107651214845276,-14.63138492989484,-20.121999194619058,209.4156938376028
192.60982725813187,-7.149396893053172,5.107667812777975,-14.632787374114567,-20.123598748067153,209.28896836354593
192.61566834770122,-7.141244869815685,5.107684184127436,-14.634189714301625,-20.125197013271862,209.1621004690727
192.62150949521515,-7.1330929619116565,5.107700328604828,-14.635591950420789,-20.1267939901414,209.03509040122233
192.62735070065872,-7.1249411692385305,5.107716245921315,-14.63699408243673,-20.128389678584025,208.90793840703364
192.63319196401702,-7.1167894916936305,5.1077319357880695,-14.638396110313991,-20.129984078508016,208.78064473354593
192.63903328527502,-7.108637929174496,5.107747397916256,-14.639798034017,-20.131577189821652,208.6532096277984
192.64487466441787,-7.100486481578503,5.10776263201704,-14.64119985351008,-20.133169012433264,208.5256333368298
192.65071610143053,-7.092335148803185,5.107777637801595,-14.642601568757415,-20.134759546251168,208.39791610767958
192.6565575962981,-7.084183930746105,5.1077924149810805,-14.644003179723116,-20.13634879118376,208.27005818738672
192.6623991490056,-7.076032827304712,5.107806963266671,-14.645404686371121,-20.137936747139406,208.1420598229903
192.66824075953807,-7.067881838376662,5.107821282369529,-14.646806088665308,-20.139523414026517,208.01392126152933
192.67408242788062,-7.059730963859451,5.107835372000826,-14.648207386569396,-20.141108791753517,207.88564275004313
192.67992415401824,-7.051580203650731,5.107849231871728,-14.649608580047014,-20.14269288022888,207.75722453557057
192.68576593793594,-7.0434295576481905,5.1078628616934,-14.651009669061677,-20.144275679361076,207.62866686515088
192.6916077796189,-7.035279025749398,5.1078762611770125,-14.652410653576757,-20.145857189058606,207.49996998582316
192.69744967905203,-7.027128607852072,5.1078894300337305,-14.653811533555547,-20.147437409229997,207.37113414462624
192.7032916362204,-7.018978303853975,5.107902367974724,-14.65521230896119,-20.149016339783778,207.24215958859958
192.7091336511091,-7.010828113652747,5.107915074711158,-14.656612979756737,-20.15059398062855,207.11304656478217
192.71497572370313,-7.002678037146229,5.1079275499542005,-14.65801354590512,-20.15217033167289,206.983795320213
192.72081785398757,-6.994528074232108,5.107939793415021,-14.65941400736913,-20.153745392825414,206.85440610193123
192.72666004194744,-6.986378224808284,5.1079518048047845,-14.660814364111484,-20.15531916399476,206.72487915697593
192.73250228756777,-6.978228488772485,5.1079635838346595,-14.66221461609474,-20.156891645089605,206.59521473238638
192.73834459083363,-6.97007886602261,5.107975130215814,-14.663614763281373,-20.158462836018625,206.46541307520152
192.74418695173006,-6.961929356456578,5.1079864436594145,-14.66501480563373,-20.160032736690525,206.3354744324602
192.75002937024206,-6.953779959972196,5.107997523876627,-14.666414743114041,-20.16160134701405,206.20539905120188
192.75587184635472,-6.945630676467425,5.108008370578624,-14.667814575684408,-20.16316866689796,206.07518717846568
192.761714380053,-6.937481505840264,5.108018983476567,-14.669214303306847,-20.164734696251013,205.94483906129048
192.76755697132205,-6.929332447988581,5.108029362281625,-14.670613925943233,-20.166299434982044,205.81435494671544
192.77339962014682,-6.921183502810468,5.108039506704968,-14.672013443555327,-20.16786288299985,205.68373508177964
192.7792423265124,-6.91303467020384,5.108049416457762,-14.67341285610478,-20.1694250402133,205.5529797135222
192.78508509040378,-6.904885950066787,5.1080590912511745,-14.67481216355312,-20.170985906531254,205.4220890889824
192.79092791180602,-6.896737342297419,5.1080685307963725,-14.676211365861779,-20.172545481862628,205.291063455199
192.79677079070416,-6.888588846793724,5.108077734804523,-14.677610462992039,-20.174103766116325,205.15990305921136
192.8026137270832,-6.88044046345391,5.108086702986796,-14.679009454905101,-20.175660759201296,205.02860814805842
192.8084567209283,-6.872292192176014,5.108095435054354,-14.680408341562023,-20.177216461026518,204.89717896877926
192.81429977222433,-6.864144032858241,5.10810393071837,-14.68180712292375,-20.17877087150097,204.76561576841326
