galstreams/tracks/track.st.New-9.ibata2024.ecsv
# %ECSV 1.0
# ---
# datatype:
# - {name: ra, unit: deg, datatype: float64}
# - {name: dec, unit: deg, datatype: float64}
# - {name: distance, unit: kpc, datatype: float64}
# - {name: pm_ra_cosdec, unit: mas / yr, datatype: float64}
# - {name: pm_dec, unit: mas / yr, datatype: float64}
# - {name: radial_velocity, unit: km / s, datatype: float64}
# delimiter: ','
# meta: !!omap
# - __serialized_columns__:
#     dec:
#       __class__: astropy.coordinates.angles.Latitude
#       unit: &id001 !astropy.units.Unit {unit: deg}
#       value: !astropy.table.SerializedColumn {name: dec}
#     distance:
#       __class__: astropy.coordinates.distances.Distance
#       unit: !astropy.units.Unit {unit: kpc}
#       value: !astropy.table.SerializedColumn {name: distance}
#     pm_dec:
#       __class__: astropy.units.quantity.Quantity
#       unit: !astropy.units.Unit {unit: mas / yr}
#       value: !astropy.table.SerializedColumn {name: pm_dec}
#     pm_ra_cosdec:
#       __class__: astropy.units.quantity.Quantity
#       unit: !astropy.units.Unit {unit: mas / yr}
#       value: !astropy.table.SerializedColumn {name: pm_ra_cosdec}
#     ra:
#       __class__: astropy.coordinates.angles.Longitude
#       unit: *id001
#       value: !astropy.table.SerializedColumn {name: ra}
#       wrap_angle: !astropy.coordinates.Angle
#         unit: *id001
#         value: 360.0
#     radial_velocity:
#       __class__: astropy.units.quantity.Quantity
#       unit: !astropy.units.Unit {unit: km / s}
#       value: !astropy.table.SerializedColumn {name: radial_velocity}
# schema: astropy-2.0
ra,dec,distance,pm_ra_cosdec,pm_dec,radial_velocity
[from data line 577]
147.01513112729705,30.20452285822705,1.000000000000001,10.29289537840599,-6.840587340797372,95.7330950451639
147.0289360128722,30.204819897584013,1.000000000000001,10.290725982688743,-6.841263430325805,95.75709441170142
147.04271506138053,30.205084354490598,1.0000000000000009,10.288566405280086,-6.84193037143673,95.78328310490386
147.05646806332314,30.205316001521165,1.0000000000000009,10.286416700937497,-6.842588097059101,95.81167197723741
147.07019480912834,30.205514611315067,1.000000000000001,10.284276924435684,-6.843236540143712,95.84227188116802
147.08389508915337,30.205679956576187,1.0000000000000009,10.28214713056603,-6.843875633663194,95.87509366916183
147.0975686936855,30.20581181007255,1.0000000000000009,10.280027374136111,-6.844505310612027,95.91014819368492
147.11121541294347,30.20590994463591,1.0000000000000009,10.277917709969213,-6.845125504006589,95.94744630720331
147.12483503707898,30.20597413316125,1.0000000000000009,10.27581819290378,-6.845736146885166,95.98699886218317
147.13842735617817,30.20600414860641,1.0000000000000009,10.273728877792896,-6.846337172307953,96.02881671109047
147.15199216026292,30.205999763991635,1.0000000000000009,10.271649819503846,-6.846928513357119,96.07291070639137
147.1655292392924,30.205960752399104,1.0000000000000009,10.26958107291748,-6.847510103136784,96.11929170055187
147.1790383831644,30.205886886972547,1.0000000000000007,10.267522692927793,-6.848081874773078,96.1679705460381
147.19251938171695,30.205777940916693,1.0000000000000009,10.265474734441296,-6.848643761414125,96.21895809531617
147.2059720247297,30.205633687496945,1.0000000000000009,10.263437252376594,-6.849195696230108,96.27226520085203
147.21939610192547,30.205453900038815,1.0000000000000009,10.26141030166373,-6.84973761241326,96.3279027151119
147.23279140297157,30.20523835192751,1.000000000000001,10.259393937243765,-6.850269443177873,96.38588149056176
147.24615771748154,30.204986816607484,1.0000000000000009,10.257388214068143,-6.850791121760372,96.4462123796677
147.25949483501654,30.20469906758194,1.0000000000000009,10.255393187098168,-6.85130258141929,96.50890623489585
147.27280254508682,30.204374878412363,1.0000000000000009,10.25340891130451,-6.851803755435286,96.5739739087122
147.2860806371534,30.20401402271807,1.000000000000001,10.25143544166655,-6.852294577111207,96.64142625358294
147.29932890062935,30.203616274175705,1.0000000000000009,10.249472833171925,-6.85277497977207,96.71127412197401
147.3125471248817,30.20318140651876,1.000000000000001,10.247521140815898,-6.8532448967651085,96.78352836635159
147.3257350992327,30.202709193537125,1.000000000000001,10.245580419600804,-6.85370426145977,96.85819983918172
147.33889261296142,30.20219940907655,1.000000000000001,10.243650724535543,-6.854153007247762,96.93529939293049
147.35201945530554,30.201651827038162,1.0000000000000009,10.241732110634908,-6.854591067543044,97.01483788006388
147.36511541546272,30.20106622137802,1.000000000000001,10.239824632919078,-6.8550183757818814,97.09682615304813
147.3781802825922,30.200442366106554,1.0000000000000009,10.237928346413057,-6.855434865422845,97.1812750643492
147.3912138458165,30.199780035288097,1.000000000000001,10.236043306146026,-6.855840469946822,97.26819546643321
147.40421589422309,30.199079003040364,1.0000000000000009,10.2341695671508,-6.856235122857083,97.35759821176622
147.41718621686573,30.19833904353393,1.000000000000001,10.232307184463254,-6.856618757679221,97.44949415281427
147.4301246027664,30.197559930991773,1.000000000000001,10.230456213121688,-6.856991307961262,97.54389414204353
147.44303084091678,30.19674143968867,1.0000000000000009,10.228616708166273,-6.85735270727362,97.64080903191997
147.45590472027996,30.19588334395078,1.0000000000000009,10.226788724638416,-6.857702889209164,97.7402496749097
147.46874602979207,30.194985418155007,1.000000000000001,10.224972317580189,-6.858041787383195,97.84222692347889
147.4815545583639,30.194047436728574,1.0000000000000009,10.223167542033714,-6.8583693354334985,97.94675163009349
147.49433009488263,30.193069174148437,1.0000000000000009,10.221374453040568,-6.858685467020345,98.05383464721959
147.50707242821352,30.192050404940755,1.000000000000001,10.21959310564111,-6.858990115826529,98.16348682732338
147.5197813472016,30.190990903680355,1.0000000000000009,10.217823554873966,-6.85928321555736,98.2757190228708
147.53245664067325,30.189890444990237,1.0000000000000009,10.216065855775339,-6.859564699940736,98.39054208632795
147.5450980974381,30.188748803540943,1.0000000000000009,10.214320063378384,-6.859834502727093,98.50796687016097
147.55770550629063,30.187565754050052,1.0000000000000009,10.212586232712644,-6.860092557689463,98.62800422683594
147.57027865601188,30.18634107128171,1.0000000000000007,10.210864418803357,-6.860338798623536,98.75066500881883
147.58281733537123,30.185074530045892,1.0000000000000009,10.209154676670869,-6.860573159347583,98.8759600685758
147.59532133312814,30.183765905198026,1.0000000000000009,10.207457061329961,-6.8607955737025605,99.00390025857294
147.60779043803387,30.18241497163832,1.0000000000000009,10.20577162778927,-6.861005975552091,99.13449643127622
147.62022443883328,30.181021504311246,1.0000000000000009,10.204098431050575,-6.861204298782491,99.26775943915187
147.6326231242665,30.179585278204957,1.0000000000000009,10.202437526108216,-6.861390477302795,99.40370013466585
147.6449862830709,30.178106068350715,1.0000000000000009,10.200788967948405,-6.8615644450447695,99.54232937028425
147.6573137039826,30.176583649822312,1.000000000000001,10.199152811548611,-6.8617261359629325,99.68365799847324
147.66960517573852,30.17501779773552,1.0000000000000009,10.197529111876865,-6.861875484034599,99.82769687169876
147.68186048707804,30.173408287247454,1.000000000000001,10.195917923891134,-6.862012423259844,99.97445684242697
147.6940794267448,30.171754893556052,1.0000000000000009,10.19431930253868,-6.862136887661592,100.1239487631239
147.70626178348854,30.17005739189944,1.0000000000000009,10.192733302755338,-6.862248811285585,100.27618348625563
147.718407346067,30.168315557555374,1.0000000000000009,10.191159979464913,-6.862348128200428,100.43117186428826
147.73051590324764,30.166529165840586,1.0000000000000009,10.189599387578465,-6.862434772497597,100.58892474968788
147.74258724380948,30.16469799211028,1.0000000000000009,10.188051581993665,-6.862508678291473,100.74945299492057
147.75462115654506,30.162821811757446,1.0000000000000009,10.186516617594108,-6.862569779719354,100.91276745245236
147.7666174302622,30.16090040021231,1.000000000000001,10.184994549248652,-6.862618010941471,101.07887897474933
147.77857585378578,30.158933532941667,1.0000000000000009,10.183485431810723,-6.862653306141015,101.24779841427753
147.7904962159599,30.15692098544836,1.0000000000000009,10.181989320117612,-6.862675599524166,101.41953662350318
147.80237830564946,30.15486253327056,1.0000000000000009,10.180506268989841,-6.862684825320088,101.59410445489219
147.8142219117421,30.152757951981254,1.0000000000000009,10.179036333230435,-6.862680917780979,101.77151276091072
147.82602682315022,30.15060701718755,1.0000000000000009,10.177579567624248,-6.862663811182083,101.95177239402479
147.83779282881284,30.148409504530054,1.0000000000000009,10.176136026937236,-6.862633439821691,102.13489420670054
147.84951971769738,30.14616518968231,1.0000000000000009,10.17470576591583,-6.862589738021194,102.32088905140402
147.86120727880174,30.1438738483501,1.0000000000000009,10.173288839286124,-6.86253264012508,102.5097677806013
147.87285530115614,30.141535256270835,1.0000000000000009,10.171885301753298,-6.862462080500972,102.70154124675842
147.884463573825,30.13914918921293,1.0000000000000009,10.170495208000826,-6.862377993539631,102.89622030234156
147.896031885909,30.13671542297516,1.0000000000000009,10.169118612689816,-6.862280313654994,103.09381579981668
147.90756002654692,30.134233733386015,1.0000000000000009,10.167755570458237,-6.8621689752842014,103.2943385916499
147.91904778491767,30.131703896303037,1.0000000000000009,10.166406135920276,-6.862043912887594,103.49779953030729
147.93049495024218,30.129125687612213,1.0000000000000007,10.165070363665578,-6.8619050609487555,103.70420946825497
147.94190131178536,30.12649888322727,1.0000000000000007,10.163748308258553,-6.861752353974521,103.91357925795899
147.95326665885815,30.12382325908909,1.0000000000000007,10.162440024237632,-6.861585726495022,104.12591975188538
147.96459078081944,30.121098591164966,1.0000000000000007,10.161145566114545,-6.86140511306367,104.34124180250026
147.97587346707806,30.118324655448028,1.0000000000000007,10.159864988373606,-6.861210448257233,104.55955626226971
147.9871145070948,30.115501227956532,1.0000000000000009,10.158598345470981,-6.861001666675815,104.78087398365977
147.9983136903843,30.11262808473317,1.0000000000000007,10.15734569183395,-6.860778702942887,105.00520581913659
148.00947080651727,30.109705001844482,1.0000000000000009,10.156107081860174,-6.860541491705327,105.2325626211662
148.02058564512228,30.106731755380117,1.0000000000000007,10.154882569916957,-6.86028996763344,105.46295524221459
148.0316579958879,30.10370812145217,1.0000000000000007,10.153672210340522,-6.860024065420959,105.696394534748
148.04268764856477,30.10063387619451,1.0000000000000007,10.152476057435221,-6.859743719785095,105.93289135123233
148.05367439296737,30.097508795762096,1.0000000000000007,10.151294165472883,-6.859448865466543,106.17245654413381
148.0646180189764,30.09433265633033,1.0000000000000007,10.150126588691954,-6.859139437229546,106.41510096591846
148.07551831654064,30.0911052340943,1.0000000000000009,10.148973381296845,-6.858815369861851,106.66083546905233
148.08637507567906,30.087826305268166,1.0000000000000009,10.147834597457091,-6.858476598174812,106.90967090600151
148.0971880864827,30.08449564608441,1.0000000000000007,10.146710291306706,-6.858123057003354,107.16161812923208
148.10795713911708,30.08111303279316,1.0000000000000007,10.145600516943322,-6.857754681206023,107.41668799121014
148.11868202382385,30.077678241661523,1.0000000000000007,10.144505328427492,-6.857371405665021,107.6748913444017
148.12936253092326,30.07419104897284,1.0000000000000007,10.14342477978191,-6.856973165286221,107.93623904127287
148.139998450816,30.070651231025998,1.0000000000000007,10.142358924990646,-6.856559894999188,108.20074193428977
148.15058957398523,30.06705856413476,1.0000000000000007,10.14130781799841,-6.856131529757239,108.4684108759184
148.16113569099895,30.063412824626987,1.0000000000000009,10.14027151270973,-6.855688004537413,108.73925671862494
148.17163659251182,30.059713788844014,1.0000000000000009,10.13925006298824,-6.855229254340571,109.01329031487533
148.1820920692674,30.05596123313984,1.0000000000000009,10.13824352265587,-6.8547552141913455,109.29052251713573
148.1925019121003,30.052154933880498,1.0000000000000009,10.137251945492078,-6.854265819138246,109.57096417787226
148.20286591193812,30.048294667443304,1.0000000000000009,10.136275385233112,-6.853761004253625,109.85462614955087
148.21318385980368,30.044380210216122,1.0000000000000007,10.135313895571189,-6.85324070463376,110.1415192846377
148.2234555468172,30.04041133859664,1.0000000000000009,10.134367530153714,-6.852704855398824,110.43165443559884
148.2336807641983,30.036387828991707,1.0000000000000007,10.133436342582538,-6.852153391693003,110.72504245490038
148.2438593032683,30.0323094578165,1.0000000000000009,10.132520386413145,-6.851586248684417,111.02169419500837
148.25399095545205,30.028176001493886,1.0000000000000009,10.131619715153896,-6.851003361565251,111.32162050838885
148.2640755122805,30.023987236453628,1.0000000000000007,10.130734382265167,-6.850404665551723,111.62483224750797
148.27411276539257,30.0197429391317,1.0000000000000007,10.12986444115867,-6.849790095884156,111.93134026483169
148.28410250653724,30.015442885969506,1.0000000000000007,10.129009945196579,-6.849159587826972,112.24115541282625
148.29404452757598,30.011086853413172,1.0000000000000007,10.128170947690785,-6.8485130766687705,112.55428854395757
148.3039386204847,30.006674617912772,1.0000000000000009,10.12734750190206,-6.847850497722316,112.87075051069182
148.313784577356,30.002205955921607,1.0000000000000007,10.126539661039303,-6.847171786324618,113.19055216549502
148.32358219040128,29.99768064389548,1.0000000000000007,10.125747478258726,-6.846476877836939,113.5137043608333
148.33333125195304,29.99309845829188,1.0000000000000007,10.124971006663031,-6.845765707644812,113.84021794917274
148.34303155446688,29.988459175569275,1.0000000000000004,10.124210299300668,-6.845038211158128,114.17010378297935
148.35268289052385,29.98376257218639,1.0000000000000004,10.123465409164966,-6.844294323811139,114.50337271471926
148.36228505283262,29.979008424601375,1.0000000000000004,10.122736389193383,-6.843533981062489,114.84003559685851
148.37183783423148,29.974196509271103,1.0000000000000004,10.122023292266665,-6.842757118395274,115.18010328186321
148.38134102769087,29.96932660265041,1.0000000000000004,10.121326171208057,-6.841963671317071,115.52358662219942
148.39079442631527,29.96439848119129,1.0000000000000004,10.120645078782497,-6.841153575359982,115.87049647033318
148.4001978233455,29.959411921342184,1.0000000000000004,10.119980067695804,-6.840326766080654,116.2208436787306
148.40955101216113,29.95436669954717,1.0000000000000004,10.119331190593853,-6.8394831790603545,116.5746390998578
148.41885378628234,29.949262592245237,1.0000000000000004,10.118698500061784,-6.838622749904989,116.93189358618076
148.42810593937244,29.94409937586946,1.0000000000000007,10.118082048623187,-6.8377454142451315,117.29261799016562
148.4373072652399,29.938876826846297,1.0000000000000004,10.117481888739261,-6.8368511077361145,117.65682316427845
148.44645755784072,29.93359472159476,1.0000000000000004,10.116898072808022,-6.835939766058017,118.02451996098533
148.45555661128043,29.928252836525655,1.0000000000000007,10.116330653163502,-6.83501132491575,118.39571923275231
148.4646042198166,29.92285094804083,1.0000000000000004,10.115779682074894,-6.834065720039074,118.77043183204546
148.47360017786093,29.917388832532342,1.0000000000000007,10.11524521174575,-6.833102887182665,119.14866861133088
148.48254427998143,29.911866266381736,1.0000000000000004,10.114727294313163,-6.832122762126158,119.53044042307462
148.49143632090474,29.906283025959237,1.0000000000000004,10.114225981846928,-6.831125280674187,119.91575811974286
148.50027609551836,29.90063888762295,1.0000000000000004,10.11374132634877,-6.83011037865643,120.30463255380153
148.50906339887294,29.894933627718075,1.0000000000000004,10.113273379751444,-6.829077991927672,120.69707457771678
148.51779802618435,29.889167022576164,1.0000000000000004,10.112822193917996,-6.828028056367845,121.09309504395462
148.5264797728362,29.883338848514274,1.0000000000000004,10.11238782064084,-6.826960507882096,121.49270480498127
148.53510843438187,29.87744888183422,1.0000000000000004,10.11197031164103,-6.8258752824008,121.89591471326264
148.54368380654677,29.871496898821743,1.0000000000000004,10.111569718567381,-6.824772315879664,122.30273562126484
148.55220568523077,29.86548267574576,1.0000000000000004,10.111186092995645,-6.823651544299746,122.7131783814541
148.56067386651037,29.859405988857542,1.0000000000000007,10.11081948642766,-6.822512903667525,123.12725384629637
148.56908814664084,29.8532666143899,1.0000000000000002,10.110469950290618,-6.821356330014942,123.54497286825767
148.57744832205864,29.847064328556428,1.0000000000000004,10.110137535936072,-6.82018175939947,123.96634629980414
148.58575418938366,29.840798907550678,1.0000000000000004,10.109822294639276,-6.818989127904166,124.39138499340193
148.5940055454214,29.834470127545377,1.0000000000000002,10.109524277598254,-6.817778371637754,124.82009980151696
148.60220218716535,29.828077764691564,1.0000000000000002,10.109243535932974,-6.816549426734629,125.25250157661547
148.61034391179916,29.821621595117886,1.0000000000000002,10.108980120684544,-6.815302229354973,125.68860117116343
