galstreams/tracks/track.st.Gaia-8.ibata2021.ecsv
# %ECSV 0.9
# ---
# datatype:
# - {name: ra, unit: deg, datatype: float64}
# - {name: dec, unit: deg, datatype: float64}
# - {name: distance, unit: kpc, datatype: float64}
# - {name: pm_ra_cosdec, unit: mas / yr, datatype: float64}
# - {name: pm_dec, unit: mas / yr, datatype: float64}
# - {name: radial_velocity, unit: km / s, datatype: float64}
# delimiter: ','
# meta: !!omap
# - __serialized_columns__:
#     dec:
#       __class__: astropy.coordinates.angles.Latitude
#       unit: &id001 !astropy.units.Unit {unit: deg}
#       value: !astropy.table.SerializedColumn {name: dec}
#     distance:
#       __class__: astropy.coordinates.distances.Distance
#       unit: !astropy.units.Unit {unit: kpc}
#       value: !astropy.table.SerializedColumn {name: distance}
#     pm_dec:
#       __class__: astropy.units.quantity.Quantity
#       unit: !astropy.units.Unit {unit: mas / yr}
#       value: !astropy.table.SerializedColumn {name: pm_dec}
#     pm_ra_cosdec:
#       __class__: astropy.units.quantity.Quantity
#       unit: !astropy.units.Unit {unit: mas / yr}
#       value: !astropy.table.SerializedColumn {name: pm_ra_cosdec}
#     ra:
#       __class__: astropy.coordinates.angles.Longitude
#       unit: *id001
#       value: !astropy.table.SerializedColumn {name: ra}
#       wrap_angle: !astropy.coordinates.Angle
#         unit: *id001
#         value: 360.0
#     radial_velocity:
#       __class__: astropy.units.quantity.Quantity
#       unit: !astropy.units.Unit {unit: km / s}
#       value: !astropy.table.SerializedColumn {name: radial_velocity}
# schema: astropy-2.0
ra,dec,distance,pm_ra_cosdec,pm_dec,radial_velocity
[from data line 826]
189.32372501178745,-20.520911534824887,6.984078814165138,-9.552938816922705,-8.617422279848181,2.1893994537668078e-13
189.3321749403888,-20.514799554667526,6.9843190796865064,-9.553538927103174,-8.617775998964047,1.8525687685719145e-13
189.34062364359605,-20.508686508523002,6.984560336029321,-9.554139918534718,-8.618129590262992,2.3578147963642546e-13
189.34907112383152,-20.502572399304846,6.98480257954571,-9.554741783281763,-8.618483050666008,1.6841534259744677e-13
189.35751738351775,-20.49645722992607,6.98504580658781,-9.55534451340949,-8.61883637709229,1.8525687685719145e-13
189.36596242507753,-20.490341003299168,6.985290013507749,-9.555948100983871,-8.619189566459243,1.8525687685719145e-13
189.37440625093404,-20.484223722336136,6.985535196657658,-9.556552538071593,-8.619542615682478,2.5262301389617017e-13
189.3828488635108,-20.478105389948414,6.985781352389671,-9.557157816740112,-8.619895521675815,1.347322740779574e-13
189.39129026523153,-20.47198600904693,6.986028477055917,-9.557763929057655,-8.6202482813513,1.1789073981821273e-13
189.39973045852025,-20.465865582542172,6.986276567008529,-9.558370867093187,-8.620600891619173,1.515738083377021e-13
189.4081694458014,-20.459744113344005,6.986525618599641,-9.558978622916435,-8.620953349387904,2.8630608241565947e-13
189.4166072294997,-20.45362160436182,6.98677562818138,-9.559587188597881,-8.621305651564185,2.694645481559148e-13
189.42504381204012,-20.447498058504493,6.98702659210588,-9.56019655620876,-8.621657795052924,2.694645481559148e-13
189.43347919584798,-20.44137347868037,6.987278506725271,-9.560806717821063,-8.622009776757247,1.6841534259744677e-13
189.44191338334886,-20.43524786779729,6.9875313683916875,-9.561417665507529,-8.622361593578503,1.6841534259744677e-13
189.45034637696867,-20.429121228762586,6.987785173457258,-9.562029391341662,-8.622713242416284,1.515738083377021e-13
189.45877817913367,-20.422993564483015,6.988039918274115,-9.562641887397692,-8.623064720168381,1.6841534259744677e-13
189.4672087922703,-20.416864877864942,6.988295599194388,-9.563255145750656,-8.623416023730838,1.6841534259744677e-13
189.4756382188054,-20.410735171814114,6.988552212570213,-9.563869158476278,-8.623767149997915,2.1893994537668078e-13
189.4840664611661,-20.404604449235777,6.988809754753718,-9.564483917651083,-8.62411809586212,1.8525687685719145e-13
189.4924935217798,-20.398472713034693,6.989068222097037,-9.565099415352318,-8.624468858214174,1.347322740779574e-13
189.5009194030742,-20.392339966115085,6.9893276109523,-9.565715643658,-8.624819433943053,2.020984111169361e-13
189.50934410747735,-20.38620621138067,6.989587917671637,-9.566332594646893,-8.625169819935971,1.6841534259744677e-13
189.51776763741756,-20.38007145173463,6.989849138607182,-9.5669502603985,-8.625520013078361,2.5262301389617017e-13
189.5261899953234,-20.37393569007973,6.990111270111064,-9.567568632993092,-8.625870010253925,1.8525687685719145e-13
189.53461118362372,-20.367798929318106,6.990374308535418,-9.568187704511683,-8.626219808344585,1.515738083377021e-13
189.54303120474782,-20.361661172351436,6.990638250232373,-9.568807467036025,-8.626569404230517,1.515738083377021e-13
189.5514500611251,-20.35552242208088,6.990903091554061,-9.569427912648644,-8.626918794790152,1.515738083377021e-13
189.5598677551854,-20.349382681407075,6.991168828852615,-9.570049033432795,-8.627267976900152,2.1893994537668078e-13
189.5682842893588,-20.343241953230176,6.991435458480163,-9.570670821472486,-8.627616947435445,2.020984111169361e-13
189.57669966607568,-20.337100240449764,6.991702976788839,-9.571293268852482,-8.627965703269213,2.5262301389617017e-13
189.58511388776662,-20.33095754596503,6.991971380130777,-9.571916367658279,-8.628314241272863,1.515738083377021e-13
189.5935269568626,-20.324813872674547,6.992240664858103,-9.572540109976146,-8.62866255831609,2.3578147963642546e-13
189.6019388757949,-20.318669223476416,6.992510827322952,-9.57316448789308,-8.629010651266832,2.3578147963642546e-13
189.61034964699505,-20.31252360126822,6.992781863877455,-9.573789493496824,-8.629358516991287,1.1789073981821273e-13
189.61875927289478,-20.306377008947056,6.993053770873742,-9.574415118875883,-8.629706152353913,2.694645481559148e-13
189.62716775592634,-20.300229449409485,6.993326544663948,-9.575041356119499,-8.630053554217433,1.347322740779574e-13
189.63557509852197,-20.294080925551587,6.993600181600201,-9.575668197317663,-8.630400719442825,2.020984111169361e-13
189.64398130311451,-20.287931440268874,6.993874678034635,-9.576295634561102,-8.630747644889349,1.347322740779574e-13
189.6523863721368,-20.281780996456487,6.994150030319379,-9.57692365994131,-8.631094327414514,2.3578147963642546e-13
189.66079030802211,-20.275629597008923,6.994426234806566,-9.577552265550501,-8.631440763874112,1.1789073981821273e-13
189.66919311320402,-20.269477244820234,6.994703287848329,-9.578181443481654,-8.631786951122193,1.8525687685719145e-13
189.6775947901163,-20.263323942783956,6.994981185796797,-9.578811185828487,-8.632132886011096,1.515738083377021e-13
189.6859953411931,-20.257169693793116,6.9952599250041025,-9.579441484685455,-8.632478565391418,2.1893994537668078e-13
189.69439476886876,-20.251014500740247,6.995539501822375,-9.580072332147767,-8.632823986112044,2.020984111169361e-13
189.702793075578,-20.24485836651737,6.995819912603751,-9.580703720311362,-8.633169145020124,1.8525687685719145e-13
189.71119026375578,-20.23870129401597,6.996101153700358,-9.58133564127294,-8.633514038961101,2.3578147963642546e-13
189.71958633583722,-20.232543286127136,6.996383221464327,-9.581968087129939,-8.633858664778689,1.6841534259744677e-13
189.72798129425792,-20.22638434574133,6.996666112247793,-9.582601049980529,-8.634203019314882,2.3578147963642546e-13
189.7363751414536,-20.220224475748587,6.996949822402884,-9.583234521923634,-8.634547099409971,2.3578147963642546e-13
189.74476787986043,-20.2140636790384,6.997234348281732,-9.583868495058914,-8.634890901902523,1.1789073981821273e-13
189.75315951191462,-20.20790195849977,6.997519686236472,-9.584502961486773,-8.635234423629392,2.020984111169361e-13
189.7615500400529,-20.20173931702122,6.997805832619233,-9.585137913308357,-8.635577661425724,1.347322740779574e-13
189.76993946671215,-20.195575757490698,6.998092783782146,-9.58577334262555,-8.635920612124963,2.020984111169361e-13
189.77832779432947,-20.189411282795806,6.9983805360773435,-9.586409241540986,-8.636263272558828,2.3578147963642546e-13
189.78671502534235,-20.183245895823486,6.998669085856956,-9.587045602158028,-8.63660563955735,2.020984111169361e-13
189.7951011621885,-20.177079599460242,6.998958429473115,-9.587682416580781,-8.636947709948847,1.515738083377021e-13
189.80348620730595,-20.170912396592097,6.999248563277953,-9.5883196769141,-8.637289480559932,1.347322740779574e-13
189.8118701631329,-20.16474429010454,6.999539483623602,-9.588957375263575,-8.637630948215525,2.3578147963642546e-13
189.82025303210796,-20.158575282882577,6.999831186862193,-9.589595503735517,-8.637972109738836,1.8525687685719145e-13
189.82863481666996,-20.152405377810684,7.0001236693458555,-9.590234054437003,-8.638312961951398,2.020984111169361e-13
189.83701551925787,-20.14623457777294,7.000416927426724,-9.590873019475834,-8.63865350167302,1.6841534259744677e-13
189.8453951423111,-20.14006288565283,7.000710957456929,-9.591512390960558,-8.638993725721832,2.020984111169361e-13
189.85377368826929,-20.133890304333352,7.0010057557886025,-9.592152161000454,-8.639333630914274,1.0104920555846805e-13
189.8621511595723,-20.127716836697036,7.001301318773872,-9.592792321705543,-8.639673214065093,1.347322740779574e-13
189.8705275586603,-20.12154248562591,7.001597642764874,-9.593432865186571,-8.640012471987342,1.8525687685719145e-13
189.8789028879737,-20.115367254001487,7.001894724113739,-9.594073783555036,-8.640351401492387,2.3578147963642546e-13
189.88727714995326,-20.109191144704795,7.002192559172596,-9.59471506892317,-8.640689999389913,1.347322740779574e-13
189.89565034703995,-20.103014160616357,7.002491144293579,-9.595356713403936,-8.641028262487918,1.8525687685719145e-13
189.90402248167484,-20.096836304616254,7.002790475828821,-9.595998709111038,-8.641366187592709,1.1789073981821273e-13
189.91239355629955,-20.09065757958402,7.003090550130449,-9.59664104815891,-8.641703771508919,2.1893994537668078e-13
189.92076357335577,-20.08447798839869,7.003391363550597,-9.597283722662738,-8.642041011039513,2.1893994537668078e-13
189.9291325352856,-20.078297533938834,7.003692912441398,-9.59792672473841,-8.642377902985755,1.347322740779574e-13
189.93750044453122,-20.07211621908251,7.003995193154978,-9.59857004650259,-8.64271444414725,1.8525687685719145e-13
189.94586730353527,-20.065934046707294,7.0042982020434765,-9.599213680072646,-8.643050631321913,1.8525687685719145e-13
189.95423311474053,-20.059751019690225,7.004601935459021,-9.599857617566688,-8.643386461306006,1.1789073981821273e-13
189.96259788059,-20.053567140907973,7.004906389753742,-9.600501851103564,-8.643721930894095,1.8525687685719145e-13
189.97096160352706,-20.047382413236587,7.005211561279771,-9.601146372802857,-8.6440570368791,1.8525687685719145e-13
189.97932428599532,-20.041196839551674,7.005517446389241,-9.601791174784884,-8.644391776052254,1.347322740779574e-13
189.98768593043857,-20.03501042272835,7.005824041434283,-9.602436249170681,-8.644726145203137,1.8525687685719145e-13
189.99604653930095,-20.028823165641246,7.006131342767029,-9.603081588082034,-8.645060141119648,1.8525687685719145e-13
190.00440611502682,-20.02263507116447,7.0064393467396116,-9.603727183641453,-8.64539376058804,2.3578147963642546e-13
190.0127646600608,-20.016446142171688,7.006748049704158,-9.604373027972185,-8.645727000392892,2.1893994537668078e-13
190.02112217684785,-20.010256381536017,7.007057448012803,-9.605019113198194,-8.646059857317123,2.020984111169361e-13
190.02947866783296,-20.004065792130184,7.007367538017679,-9.6056654314442,-8.646392328142003,1.6841534259744677e-13
190.03783413546157,-19.99787437682633,7.007678316070914,-9.606311974835638,-8.646724409647133,1.0104920555846805e-13
190.04618858217933,-19.99168213849615,7.007989778524642,-9.60695873549867,-8.647056098610458,1.0104920555846805e-13
190.05454201043216,-19.985489080010836,7.008301921730995,-9.607605705560198,-8.647387391808275,1.6841534259744677e-13
190.06289442266618,-19.979295204241104,7.008614742042104,-9.608252877147853,-8.64771828601523,1.6841534259744677e-13
190.0712458213278,-19.973100514057172,7.0089282358100995,-9.608900242389998,-8.648048778004318,1.6841534259744677e-13
190.07959620886376,-19.966905012328766,7.009242399387115,-9.609547793415715,-8.648378864546874,2.3578147963642546e-13
190.08794558772087,-19.96070870192519,7.009557229125279,-9.610195522354825,-8.648708542412594,1.515738083377021e-13
190.0962939603463,-19.954511585715164,7.009872721376724,-9.610843421337885,-8.64903780836953,1.347322740779574e-13
190.10464132918744,-19.948313666567,7.0101888724935835,-9.611491482496154,-8.649366659184079,2.1893994537668078e-13
190.11298769669204,-19.942114947348465,7.010505678827987,-9.612139697961652,-8.649695091621004,1.8525687685719145e-13
190.12133306530794,-19.935915430926887,7.010823136732067,-9.612788059867102,-8.650023102443418,2.020984111169361e-13
190.12967743748334,-19.929715120169085,7.011141242557957,-9.613436560345965,-8.6503506884128,1.8525687685719145e-13
190.13802081566666,-19.92351401794137,7.011459992657784,-9.614085191532434,-8.650677846289,2.020984111169361e-13
190.1463632023065,-19.917312127109675,7.011779383383683,-9.61473394556142,-8.651004572830203,1.8525687685719145e-13
190.15470459985178,-19.911109450539332,7.012099411087783,-9.61538281456857,-8.651330864792985,2.5262301389617017e-13
190.16304501075166,-19.904905991095227,7.012420072122216,-9.61603179069025,-8.651656718932276,2.020984111169361e-13
190.17138443745554,-19.898701751641784,7.012741362839115,-9.616680866063552,-8.651982132001372,1.515738083377021e-13
190.17972288241302,-19.892496735042926,7.013063279590612,-9.6173300328263,-8.652307100751944,2.3578147963642546e-13
190.18806034807403,-19.886290944162095,7.013385818728838,-9.617979283117037,-8.652631621934034,1.6841534259744677e-13
190.19639683688868,-19.880084381862268,7.013708976605922,-9.618628609075044,-8.65295569229605,2.020984111169361e-13
190.20473235130743,-19.873877051005877,7.014032749574,-9.619278002840304,-8.653279308584779,2.020984111169361e-13
190.2130668937807,-19.867668954455002,7.0143571339851984,-9.619927456553553,-8.653602467545376,2.1893994537668078e-13
190.22140046675952,-19.861460095071134,7.014682126191651,-9.620576962356228,-8.65392516592138,1.1789073981821273e-13
190.22973307269487,-19.855250475715312,7.01500772254549,-9.621226512390509,-8.654247400454711,2.1893994537668078e-13
190.2380647140382,-19.849040099248104,7.015333919398847,-9.621876098799282,-8.654569167885658,8.420767129872338e-14
190.246395393241,-19.84282896852959,7.015660713103855,-9.622525713726155,-8.65489046495289,1.347322740779574e-13
190.25472511275512,-19.83661708641938,7.01598810001264,-9.623175349315494,-8.655211288393478,1.8525687685719145e-13
190.26305387503268,-19.83040445577656,7.01631607647734,-9.623824997712342,-8.655531634942859,2.020984111169361e-13
190.27138168252588,-19.824191079459844,7.0166446388500825,-9.624474651062496,-8.655851501334856,1.8525687685719145e-13
190.2797085376873,-19.817976960327385,7.0169737834829995,-9.625124301512463,-8.656170884301694,1.515738083377021e-13
190.28803444296972,-19.811762101236866,7.017303506728222,-9.625773941209475,-8.65648978057397,1.0104920555846805e-13
190.29635940082613,-19.805546505045516,7.017633804937885,-9.626423562301484,-8.656808186880678,1.347322740779574e-13
190.3046834137098,-19.79933017461005,7.017964674464116,-9.627073156937165,-8.657126099949204,1.8525687685719145e-13
190.3130064840742,-19.79311311278676,7.018296111659048,-9.62772271726591,-8.65744351650533,1.1789073981821273e-13
190.32132861437307,-19.786895322431427,7.018628112874815,-9.62837223543784,-8.65776043327323,1.515738083377021e-13
190.32964980706035,-19.780676806399317,7.018960674463543,-9.62902170360379,-8.658076846975472,2.020984111169361e-13
190.33797006459022,-19.77445756754536,7.019293792777368,-9.629671113915318,-8.658392754333022,1.8525687685719145e-13
190.3462893894171,-19.768237608723872,7.01962746416842,-9.630320458524707,-8.658708152065248,8.420767129872338e-14
190.35460778399565,-19.76201693278874,7.01996168498883,-9.630969729584939,-8.659023036889916,1.515738083377021e-13
190.36292525078073,-19.75579554259339,7.020296451590731,-9.631618919249746,-8.659337405523196,2.020984111169361e-13
190.3712417922275,-19.74957344099076,7.020631760326254,-9.632268019673557,-8.659651254679655,2.020984111169361e-13
190.37955741079134,-19.74335063083332,7.020967607547529,-9.63291702301152,-8.659964581072284,1.347322740779574e-13
190.38787210892775,-19.737127114973024,7.021303989606691,-9.633565921419518,-8.660277381412453,2.020984111169361e-13
190.3961858890926,-19.73090289626148,7.021640902855869,-9.63421470705413,-8.660589652409962,1.515738083377021e-13
190.40449875374188,-19.7246779775497,7.021978343647193,-9.634863372072685,-8.660901390773011,2.3578147963642546e-13
190.4128107053319,-19.71845236168825,7.0223163083327975,-9.635511908633191,-8.661212593208214,1.347322740779574e-13
190.42112174631913,-19.71222605152726,7.022654793264811,-9.636160308894405,-8.661523256420589,1.515738083377021e-13
190.42943187916032,-19.705999049916365,7.022993794795369,-9.636808565015778,-8.66183337711358,1.515738083377021e-13
190.43774110631242,-19.699771359704723,7.023333309276602,-9.637456669157487,-8.662142951989038,2.1893994537668078e-13
190.44604943023265,-19.693542983741,7.023673333060637,-9.63810461348043,-8.66245197774724,2.020984111169361e-13
190.45435685337836,-19.687313924873504,7.0240138624996105,-9.638752390146218,-8.662760451086868,1.6841534259744677e-13
