galstreams/tracks/track.st.M68-Fjorm.ibata2021.ecsv
# %ECSV 1.0
# ---
# datatype:
# - {name: ra, unit: deg, datatype: float64}
# - {name: dec, unit: deg, datatype: float64}
# - {name: distance, unit: kpc, datatype: float64}
# - {name: pm_ra_cosdec, unit: mas / yr, datatype: float64}
# - {name: pm_dec, unit: mas / yr, datatype: float64}
# - {name: radial_velocity, unit: km / s, datatype: float64}
# delimiter: ','
# meta: !!omap
# - __serialized_columns__:
#     dec:
#       __class__: astropy.coordinates.angles.Latitude
#       unit: &id001 !astropy.units.Unit {unit: deg}
#       value: !astropy.table.SerializedColumn {name: dec}
#     distance:
#       __class__: astropy.coordinates.distances.Distance
#       unit: !astropy.units.Unit {unit: kpc}
#       value: !astropy.table.SerializedColumn {name: distance}
#     pm_dec:
#       __class__: astropy.units.quantity.Quantity
#       unit: !astropy.units.Unit {unit: mas / yr}
#       value: !astropy.table.SerializedColumn {name: pm_dec}
#     pm_ra_cosdec:
#       __class__: astropy.units.quantity.Quantity
#       unit: !astropy.units.Unit {unit: mas / yr}
#       value: !astropy.table.SerializedColumn {name: pm_ra_cosdec}
#     ra:
#       __class__: astropy.coordinates.angles.Longitude
#       unit: *id001
#       value: !astropy.table.SerializedColumn {name: ra}
#       wrap_angle: !astropy.coordinates.Angle
#         unit: *id001
#         value: 360.0
#     radial_velocity:
#       __class__: astropy.units.quantity.Quantity
#       unit: !astropy.units.Unit {unit: km / s}
#       value: !astropy.table.SerializedColumn {name: radial_velocity}
# schema: astropy-2.0
ra,dec,distance,pm_ra_cosdec,pm_dec,radial_velocity
[from data line 279]
189.3545296880512,-44.318598808797084,0.6224177465616166,-2.5421744932708155,1.9542721159610874,-12.677679960720019
189.3547724878663,-44.30826101980957,0.6245668603838627,-2.542668413358702,1.953820337845973,-12.693552496738596
189.35501606639107,-44.297923263232896,0.6267154014407579,-2.5431621317677338,1.9533690159293988,-12.709423171799015
189.35526042311395,-44.28758553911197,0.6288633698047459,-2.543655648452533,1.9529181501095767,-12.725291985873746
189.355505557524,-44.277247847491395,0.63101076554827,-2.544148963367814,1.9524677402847421,-12.741158938935152
189.35575146911074,-44.26691018841596,0.6331575887437763,-2.5446420764683864,1.952017786353152,-12.757024030955687
189.3559981573642,-44.25657256193035,0.6353038394637008,-2.545134987709151,1.9515682882130854,-12.772887261907742
189.35624562177486,-44.24623496807926,0.6374495177804899,-2.545627697045095,1.9511192457628428,-12.7887486317637
189.35649386183385,-44.235897406907206,0.6395946237665859,-2.546120204431303,1.9506706589007448,-12.804608140496041
189.35674287703267,-44.225559878458824,0.641739157494432,-2.546612509822952,1.9502225275251417,-12.820465788077156
189.3569926668634,-44.215222382778634,0.6438831190364748,-2.5471046131753052,1.9497748515343916,-12.836321574479456
189.3572432308185,-44.204884919911194,0.6460265084651502,-2.54759651444372,1.9493276308268856,-12.852175499675358
189.35749456839113,-44.19454748990091,0.6481693258529032,-2.5480882135836462,1.948880865301037,-12.868027563637249
189.35774667907475,-44.18421009279235,0.6503115712721766,-2.548579710550623,1.9484345548552757,-12.883877766337584
189.35799956236352,-44.17387272862978,0.6524532447954154,-2.549071005300282,1.9479886993880542,-12.89972610774877
189.3582532177519,-44.163535397457636,0.6545943464950623,-2.5495620977883435,1.9475432987978472,-12.91557258784319
189.35850764473506,-44.15319809932024,0.6567348764435597,-2.5500529879706226,1.9470983529831518,-12.931417206593336
189.35876284280843,-44.142860834261974,0.6588748347133483,-2.5505436758030204,1.9466538618424902,-12.947259963971549
189.35901881146816,-44.132523602327,0.6610142213768714,-2.5510341612415304,1.946209825274399,-12.963100859950263
189.35927555021078,-44.12218640355958,0.6631530365065723,-2.551524444242242,1.9457662431774432,-12.978939894501902
189.35953305853337,-44.111849238003934,0.6652912801748958,-2.552014524761323,1.9453231154502049,-12.994777067598866
189.35979133593347,-44.10151210570424,0.6674289524542819,-2.552504402755045,1.944880441991291,-13.010612379213605
189.3600503819091,-44.09117500670459,0.6695660534171771,-2.5529940781797595,1.9444382226993304,-13.026445829318533
189.36031019595882,-44.08083794104919,0.6717025831360202,-2.553483550991916,1.9439964574729698,-13.042277417886009
189.36057077758173,-44.07050090878198,0.6738385416832556,-2.553972821148046,1.9435551462108782,-13.058107144888487
189.3608321262773,-44.06016390994704,0.6759739291313257,-2.5544618886047776,1.943114288811754,-13.073935010298381
189.36109424154557,-44.0498269445884,0.678108745552673,-2.5549507533188254,1.942673885174306,-13.089761014088111
189.36135712288714,-44.03949001274996,0.6802429910197462,-2.555439415246994,1.9422339351972697,-13.105585156230104
189.36162076980298,-44.02915311447567,0.682376665604978,-2.55592787434618,1.941794438779405,-13.121407436696739
189.36188518179463,-44.01881624980943,0.6845097693808172,-2.5564161305733637,1.9413553958194878,-13.137227855460447
189.36215035836406,-44.008479418795126,0.6866423024197063,-2.556904183885622,1.940916806216322,-13.153046412493628
189.36241629901383,-43.99814262147655,0.6887742647940849,-2.557392034240117,1.940478669868726,-13.168863107768747
189.3626830032469,-43.98780585789751,0.6909056565764039,-2.5578796815940983,1.940040986675546,-13.1846779412582
189.36295047056672,-43.97746912810184,0.6930364778390966,-2.558367125904909,1.9396037565356439,-13.200490912934358
189.36321870047732,-43.967132432133134,0.6951667286546092,-2.558854367129979,1.9391669793479096,-13.216302022769682
189.36348769248318,-43.956795770035136,0.6972964090953866,-2.559341405226826,1.9387306550112475,-13.232111270736565
189.3637574460892,-43.94645914185159,0.69942551923387,-2.559828240153059,1.9382947834245872,-13.247918656807423
189.36402796080088,-43.936122547625956,0.7015540591425006,-2.560314871866372,1.9378593644868822,-13.263724180954704
189.36429923612414,-43.92578598740194,0.703682028893728,-2.560801300324552,1.9374243980971018,-13.279527843150792
189.36457127156538,-43.91544946122306,0.7058094285599861,-2.5612875254854703,1.9369898841542423,-13.295329643368111
189.36484406663152,-43.905112969132865,0.7079362582137217,-2.561773547307089,1.9365558225573152,-13.31112958157906
189.36511762082998,-43.894776511174854,0.7100625179273764,-2.562259365747458,1.9361222132053582,-13.326927657756073
189.3653919336686,-43.88444008739249,0.7121882077733964,-2.5627449807647142,1.9356890559974314,-13.34272387187157
189.36566700465576,-43.874103697829135,0.7143133278242226,-2.5632303923170867,1.9352563508326128,-13.35851822389794
189.36594283330038,-43.86376734252823,0.7164378781522983,-2.563715600362886,1.9348240976099995,-13.374310713807642
189.3662194191117,-43.8534310215331,0.7185618588300643,-2.5642006048605133,1.9343922962287174,-13.39010134157306
189.36649676159962,-43.843094734887146,0.7206852699299643,-2.5646854057684596,1.933960946587908,-13.405890107166599
189.3667748602744,-43.83275848263356,0.7228081115244401,-2.565170003045302,1.9335300485867355,-13.421677010560686
189.3670537146469,-43.82242226481564,0.7249303836859377,-2.565654396649704,1.9330996021243863,-13.437462051727758
189.3673333242283,-43.8120860814766,0.7270520864868991,-2.566138586540418,1.9326696071000653,-13.45324523064021
189.3676136885304,-43.80174993265965,0.7291732199997645,-2.566622572676284,1.9322400634130037,-13.46902654727046
189.36789480706548,-43.79141381840793,0.7312937842969786,-2.567106355016225,1.9318109709624487,-13.484806001590908
189.36817667934622,-43.781077738764644,0.7334137794509845,-2.567589933519257,1.9313823296476715,-13.500583593573992
189.3684593048858,-43.770741693772756,0.7355332055342229,-2.5680733081444838,1.9309541393679641,-13.516359323192125
189.36874268319795,-43.760405683475376,0.7376520626191434,-2.568556478851087,1.9305264000226379,-13.532133190417733
189.36902681379675,-43.75006970791552,0.7397703507781783,-2.5690394455983445,1.9300991115110309,-13.547905195223201
189.36931169619695,-43.739733767136265,0.7418880700837766,-2.5695222083456146,1.929672273732494,-13.563675337580937
189.36959732991355,-43.72939786118045,0.7440052206083801,-2.570004767052348,1.9292458865864073,-13.579443617463387
189.36988371446225,-43.71906199009105,0.7461218024244325,-2.5704871216780765,1.9288199499721657,-13.59521003484296
189.37017084935908,-43.70872615391094,0.7482378156043749,-2.5709692721824204,1.9283944637891897,-13.61097458969208
189.37045873412055,-43.69839035268301,0.7503532602206553,-2.571451218525089,1.9279694279369184,-13.626737281983159
189.37074736826375,-43.68805458645006,0.7524681363457084,-2.5719329606658716,1.927544842314812,-13.642498111688596
189.37103675130615,-43.67771885525496,0.754582444051981,-2.5724144985646498,1.9271207068223535,-13.658257078780801
189.37132688276571,-43.66738315914037,0.7566961834119176,-2.572895832181388,1.9266970213590449,-13.674014183232208
189.37161776216095,-43.65704749814906,0.7588093544979584,-2.5733769614761375,1.9262737858244128,-13.689769425015227
189.3719093890107,-43.64671187232377,0.7609219573825466,-2.5738578864090336,1.9258510001179985,-13.705522804102273
189.37220176283446,-43.63637628170706,0.7630339921381282,-2.5743386069403025,1.9254286641393699,-13.721274320465785
189.37249488315206,-43.62604072634162,0.7651454588371412,-2.5748191230302475,1.925006777788115,-13.737023974078127
189.37278874948385,-43.615705206270064,0.7672563575520304,-2.575299434639265,1.9245853409638403,-13.75277176491176
189.37308336135064,-43.60536972153492,0.7693666883552385,-2.5757795417278335,1.9241643535661765,-13.76851769293906
189.37337871827373,-43.595034272178765,0.7714764513192095,-2.5762594442565163,1.9237438154947715,-13.78426175813248
189.3736748197749,-43.584698858244046,0.7735856465163878,-2.5767391421859647,1.9233237266492966,-13.800003960464442
189.37397166537633,-43.574363479773325,0.7756942740192115,-2.5772186354769113,1.922904086929445,-13.815744299907314
189.37426925460076,-43.564028136808936,0.7778023339001251,-2.5776979240901765,1.922484896234928,-13.831482776433534
189.37456758697138,-43.5536928293933,0.7799098262315711,-2.5781770079866675,1.9220661544654796,-13.847219390015521
189.3748666620118,-43.54335755756887,0.782016751085994,-2.5786558871273693,1.9216478615208559,-13.862954140625682
189.3751664792462,-43.53302232137785,0.7841231085358366,-2.579134561473359,1.9212300173008297,-13.878687028236454
189.37546703819908,-43.522687120862614,0.7862288986535432,-2.5796130309857945,1.920812621705198,-13.894418052820239
189.37576833839552,-43.51235195606544,0.7883341215115519,-2.5800912956259183,1.9203956746337765,-13.910147214349443
189.376070379361,-43.50201682702856,0.7904387771823087,-2.5805693553550575,1.9199791759864064,-13.925874512796483
189.3763731606216,-43.49168173379421,0.7925428657382538,-2.5810472101346242,1.919563125662941,-13.941599948133783
189.37667668170363,-43.48134667640457,0.7946463872518327,-2.581524859926117,1.9191475235632658,-13.957323520333773
189.37698094213414,-43.47101165490171,0.7967493417954908,-2.582002304691114,1.918732369587276,-13.973045229368834
189.3772859414404,-43.460676669327775,0.7988517294416645,-2.58247954439128,1.9183176636348964,-13.988765075211408
189.37759167915036,-43.45034171972488,0.8009535502627995,-2.5829565789883633,1.917903405606064,-14.004483057833893
189.37789815479218,-43.4400068061351,0.8030548043313389,-2.583433408444194,1.917489595400746,-14.020199177208717
189.3782053678948,-43.42967192860033,0.8051554917197264,-2.583910032720691,1.9170762329189208,-14.035913433308284
189.3785133179873,-43.41933708716264,0.807255612500403,-2.5843864517798534,1.9166633180605959,-14.051625826105031
189.37882200459953,-43.40900228186393,0.8093551667458165,-2.5848626655837617,1.9162508507257932,-14.06733635557135
189.37913142726157,-43.39866751274619,0.8114541545284012,-2.5853386740945847,1.9158388308145589,-14.083045021679666
189.37944158550403,-43.388332779851254,0.8135525759206043,-2.585814477274571,1.9154272582269587,-14.09875182440238
189.37975247885797,-43.37799808322106,0.81565043099487,-2.586290075086055,1.9150161328630784,-14.11445676371193
189.38006410685497,-43.36766342289728,0.8177477198236397,-2.586765467491452,1.9146054546230271,-14.13015983958072
189.38037646902708,-43.357328798921834,0.819844442479357,-2.5872406544532605,1.9141952234069277,-14.145861051981193
189.3806895649067,-43.34699421133639,0.8219405990344645,-2.587715635934064,1.9137854391149312,-14.161560400885701
189.38100339402675,-43.33665966018282,0.8240361895614018,-2.5881904118965253,1.9133761016472066,-14.1772578862667
189.38131795592065,-43.32632514550265,0.8261312141326151,-2.588664982303395,1.912967210903943,-14.192953508096613
189.38163325012226,-43.31599066733762,0.8282256728205475,-2.5891393471175026,1.9125587667853503,-14.208647266347844
189.38194927616578,-43.30565622572936,0.8303195656976411,-2.5896135063017605,1.9121507691916584,-14.224339160992786
189.38226603358606,-43.29532182071946,0.8324128928363397,-2.5900874598191668,1.9117432180231178,-14.240029192003929
189.38258352191824,-43.28498745234951,0.8345056543090836,-2.590561207632795,1.9113361131799986,-14.255717359353604
189.38290174069803,-43.2746531206611,0.8365978501883176,-2.5910347497058095,1.9109294545625959,-14.271403663014246
189.38322068946158,-43.264318825695604,0.8386894805464823,-2.5915080860014514,1.9105232420712186,-14.287088102958307
189.3835403677454,-43.25398456749457,0.8407805454560214,-2.5919812164830454,1.9101174756062012,-14.30277067915815
189.38386077508656,-43.243650346099415,0.8428710449893835,-2.592454141113998,1.9097121550678975,-14.318451391586253
189.38418191102255,-43.233316161551656,0.8449609792190015,-2.592926859857796,1.9093072803566795,-14.334130240214984
189.3845037750913,-43.22298201389252,0.8470503482173248,-2.5933993726780127,1.9089028513729416,-14.349807225016761
189.38482636683122,-43.212647903163415,0.849139152056794,-2.593871679538299,1.9084988680170993,-14.365482345964002
189.38514968578116,-43.20231382940566,0.851227390809851,-2.5943437804023883,1.9080953301895855,-14.381155603029153
189.3854737314804,-43.19197979266057,0.8533150645489418,-2.594815675234093,1.9076922377908576,-14.396826996184586
189.3857985034687,-43.18164579296934,0.8554021733465105,-2.5952873639973157,1.9072895907213865,-14.412496525402767
189.38612400128625,-43.1713118303733,0.8574887172749924,-2.595758846656031,1.9068873888816735,-14.428164190656062
189.38645022447372,-43.160977904913516,0.8595746964068348,-2.5962301231742972,1.9064856321722323,-14.4438299919169
189.38677717257218,-43.150644016631205,0.8616601108144818,-2.596701193516257,1.9060843204935987,-14.4594939291577
189.38710484512325,-43.14031016556753,0.8637449605703741,-2.59717205764613,1.9056834537463287,-14.475156002350865
189.3874332416689,-43.129976351763474,0.8658292457469586,-2.5976427155282202,1.905283031831002,-14.490816211468873
189.38776236175156,-43.11964257526021,0.8679129664166725,-2.5981131671269106,1.9048830546482154,-14.506474556484047
189.3880922049142,-43.10930883609873,0.8699961226519602,-2.5985834124066636,1.9044835220985825,-14.522131037368851
189.38842277070006,-43.09897513432004,0.8720787145252659,-2.5990534513320265,1.9040844340827456,-14.537785654095705
189.38875405865303,-43.08864146996515,0.874160742109031,-2.599523283867622,1.9036857905013598,-14.553438406637012
189.38908606831728,-43.07830784307492,0.8762422054757028,-2.5999929099781594,1.9032875912551073,-14.569089294965192
189.38941879923757,-43.067974253690394,0.8783231046977181,-2.600462329628422,1.9028898362446796,-14.584738319052649
189.38975225095902,-43.057640701852335,0.8804034398475215,-2.6009315427832784,1.9024925253707994,-14.600385478871829
189.39008642302716,-43.047307187601604,0.8824832109975562,-2.601400549407675,1.902095658534206,-14.616030774395096
189.39042131498806,-43.036973710979105,0.8845624182202647,-2.601869349466637,1.9016992356356575,-14.631674205594901
189.39075692638818,-43.026640272025496,0.8866410615880912,-2.602337942925274,1.9013032565759314,-14.64731577244366
189.39109325677444,-43.01630687078161,0.8887191411734794,-2.6028063297487725,1.900907721255826,-14.662955474913813
189.3914303056942,-43.005973507288154,0.8907966570488678,-2.6032745099023984,1.9005126295761632,-14.678593312977707
189.3917680726953,-42.995640181585834,0.8928736092867037,-2.603742483351498,1.9001179814377802,-14.694229286607797
189.3921065573259,-42.9853068937153,0.8949499979594268,-2.6042102500614996,1.899723776741538,-14.70986339577649
189.39244575913472,-42.974973643717256,0.8970258231394813,-2.604677809997907,1.8993300153883128,-14.72549564045622
189.3927856776709,-42.96464043163217,0.8991010848993092,-2.605145163126305,1.8989366972790087,-14.741126020619385
189.39312631248401,-42.954307257500695,0.9011757833113575,-2.605612309412363,1.89854382231454,-14.756754536238418
189.39346766312408,-42.94397412136334,0.9032499184480622,-2.60607924882182,1.8981513903958493,-14.772381187285706
189.3938097291415,-42.933641023260705,0.9053234903818704,-2.6065459813205005,1.8977594014238943,-14.788005973733679
189.39415251008725,-42.92330796323312,0.9073964991852242,-2.607012506874309,1.8973678552996551,-14.803628895554747
189.3944960055126,-42.912974941321146,0.9094689449305655,-2.6074788254492236,1.8969767519241314,-14.819249952721343
189.3948402149693,-42.90264195756513,0.911540827690341,-2.6079449370113084,1.896586091198341,-14.834869145205882
