galstreams/tracks/track.po.PS1-C.bernard2016.ecsv
# %ECSV 1.0
# ---
# datatype:
# - {name: ra, unit: deg, datatype: float64}
# - {name: dec, unit: deg, datatype: float64}
# - {name: distance, unit: kpc, datatype: float64}
# - {name: pm_ra_cosdec, unit: mas / yr, datatype: float64}
# - {name: pm_dec, unit: mas / yr, datatype: float64}
# - {name: radial_velocity, unit: km / s, datatype: float64}
# delimiter: ','
# meta: !!omap
# - __serialized_columns__:
#     dec:
#       __class__: astropy.coordinates.angles.Latitude
#       unit: &id001 !astropy.units.Unit {unit: deg}
#       value: !astropy.table.SerializedColumn {name: dec}
#     distance:
#       __class__: astropy.coordinates.distances.Distance
#       unit: !astropy.units.Unit {unit: kpc}
#       value: !astropy.table.SerializedColumn {name: distance}
#     pm_dec:
#       __class__: astropy.units.quantity.Quantity
#       unit: !astropy.units.Unit {unit: mas / yr}
#       value: !astropy.table.SerializedColumn {name: pm_dec}
#     pm_ra_cosdec:
#       __class__: astropy.units.quantity.Quantity
#       unit: !astropy.units.Unit {unit: mas / yr}
#       value: !astropy.table.SerializedColumn {name: pm_ra_cosdec}
#     ra:
#       __class__: astropy.coordinates.angles.Longitude
#       unit: *id001
#       value: !astropy.table.SerializedColumn {name: ra}
#       wrap_angle: !astropy.coordinates.Angle
#         unit: *id001
#         value: 360.0
#     radial_velocity:
#       __class__: astropy.units.quantity.Quantity
#       unit: !astropy.units.Unit {unit: km / s}
#       value: !astropy.table.SerializedColumn {name: radial_velocity}
# schema: astropy-2.0
ra,dec,distance,pm_ra_cosdec,pm_dec,radial_velocity
[from data line 475]
333.0217818600237,15.60888767014579,17.400000000000013,0.0,0.0,0.0
333.02779278656004,15.61705709985488,17.400000000000013,0.0,0.0,0.0
333.03380419225095,15.62522636605412,17.40000000000001,0.0,0.0,0.0
333.0398160773886,15.63339546864055,17.400000000000013,0.0,0.0,0.0
333.0458284422651,15.641564407511162,17.400000000000013,0.0,0.0,0.0
333.05184128717275,15.649733182562938,17.40000000000001,0.0,0.0,0.0
333.05785461240396,15.657901793692833,17.400000000000013,0.0,0.0,0.0
333.06386841825105,15.666070240797756,17.400000000000013,0.0,0.0,0.0
333.0698827050065,15.674238523774614,17.400000000000013,0.0,0.0,0.0
333.0758974729628,15.682406642520265,17.400000000000013,0.0,0.0,0.0
333.0819127224126,15.69057459693154,17.400000000000013,0.0,0.0,0.0
333.0879284536485,15.698742386905266,17.400000000000013,0.0,0.0,0.0
333.0939446669631,15.706910012338216,17.400000000000013,0.0,0.0,0.0
333.0999613626494,15.71507747312714,17.400000000000013,0.0,0.0,0.0
333.1059785410001,15.723244769168774,17.400000000000013,0.0,0.0,0.0
333.1119962023081,15.731411900359808,17.400000000000013,0.0,0.0,0.0
333.11801434686646,15.739578866596917,17.400000000000013,0.0,0.0,0.0
333.12403297496803,15.747745667776748,17.400000000000013,0.0,0.0,0.0
333.130052086906,15.755912303795911,17.400000000000013,0.0,0.0,0.0
333.1360716829736,15.764078774550995,17.400000000000013,0.0,0.0,0.0
333.14209176346395,15.772245079938555,17.400000000000013,0.0,0.0,0.0
333.14811232867027,15.780411219855125,17.40000000000001,0.0,0.0,0.0
333.15413337888606,15.788577194197204,17.400000000000013,0.0,0.0,0.0
333.16015491440464,15.79674300286128,17.400000000000013,0.0,0.0,0.0
333.1661769355195,15.804908645743781,17.400000000000013,0.0,0.0,0.0
333.1721994425241,15.813074122741146,17.400000000000013,0.0,0.0,0.0
333.17822243571214,15.821239433749751,17.400000000000013,0.0,0.0,0.0
333.1842459153773,15.829404578665963,17.400000000000013,0.0,0.0,0.0
333.1902698818132,15.837569557386114,17.400000000000013,0.0,0.0,0.0
333.1962943353137,15.845734369806516,17.400000000000016,0.0,0.0,0.0
333.2023192761726,15.853899015823448,17.400000000000013,0.0,0.0,0.0
333.20834470468395,15.862063495333153,17.400000000000013,0.0,0.0,0.0
333.2143706211416,15.870227808231856,17.400000000000013,0.0,0.0,0.0
333.2203970258396,15.878391954415754,17.400000000000013,0.0,0.0,0.0
333.2264239190721,15.886555933781004,17.400000000000016,0.0,0.0,0.0
333.23245130113327,15.894719746223755,17.400000000000013,0.0,0.0,0.0
333.23847917231734,15.90288339164011,17.400000000000016,0.0,0.0,0.0
333.2445075329187,15.911046869926144,17.400000000000016,0.0,0.0,0.0
333.2505363832316,15.919210180977917,17.400000000000016,0.0,0.0,0.0
333.25656572355047,15.92737332469145,17.400000000000016,0.0,0.0,0.0
333.2625955541699,15.93553630096274,17.400000000000016,0.0,0.0,0.0
333.2686258753843,15.943699109687744,17.400000000000016,0.0,0.0,0.0
333.27465668748846,15.951861750762422,17.400000000000013,0.0,0.0,0.0
333.280687990777,15.960024224082671,17.400000000000013,0.0,0.0,0.0
333.2867197855447,15.96818652954437,17.400000000000016,0.0,0.0,0.0
333.29275207208633,15.976348667043375,17.400000000000016,0.0,0.0,0.0
333.29878485069673,15.984510636475514,17.400000000000016,0.0,0.0,0.0
333.30481812167096,15.99267243773658,17.400000000000016,0.0,0.0,0.0
333.310851885304,16.000834070722345,17.400000000000013,0.0,0.0,0.0
333.3168861418909,16.008995535328545,17.400000000000016,0.0,0.0,0.0
333.3229208917268,16.017156831450894,17.400000000000016,0.0,0.0,0.0
333.3289561351069,16.025317958985067,17.40000000000002,0.0,0.0,0.0
333.3349918723265,16.033478917826727,17.40000000000002,0.0,0.0,0.0
333.3410281036809,16.041639707871497,17.40000000000002,0.0,0.0,0.0
333.3470648294656,16.04980032901497,17.40000000000002,0.0,0.0,0.0
333.3531020499759,16.057960781152715,17.40000000000002,0.0,0.0,0.0
333.35913976550745,16.06612106418027,17.40000000000002,0.0,0.0,0.0
333.3651779763558,16.07428117799315,17.400000000000023,0.0,0.0,0.0
333.3712166828166,16.082441122486834,17.40000000000002,0.0,0.0,0.0
333.37725588518566,16.090600897556772,17.400000000000016,0.0,0.0,0.0
333.38329558375864,16.098760503098394,17.400000000000016,0.0,0.0,0.0
333.3893357788315,16.10691993900709,17.40000000000002,0.0,0.0,0.0
333.3953764707001,16.115079205178226,17.40000000000002,0.0,0.0,0.0
333.40141765966047,16.123238301507154,17.400000000000016,0.0,0.0,0.0
333.4074593460086,16.131397227889163,17.40000000000002,0.0,0.0,0.0
333.41350153004066,16.139555984219548,17.400000000000016,0.0,0.0,0.0
333.4195442120528,16.14771457039355,17.40000000000002,0.0,0.0,0.0
333.4255873923413,16.1558729863064,17.400000000000023,0.0,0.0,0.0
333.4316310712025,16.164031231853293,17.40000000000002,0.0,0.0,0.0
333.4376752489327,16.172189306929386,17.40000000000002,0.0,0.0,0.0
333.4437199258283,16.18034721142981,17.400000000000023,0.0,0.0,0.0
333.44976510218595,16.188504945249687,17.400000000000023,0.0,0.0,0.0
333.4558107783021,16.19666250828408,17.400000000000023,0.0,0.0,0.0
333.46185695447355,16.204819900428053,17.400000000000023,0.0,0.0,0.0
333.46790363099683,16.212977121576614,17.400000000000023,0.0,0.0,0.0
333.4739508081688,16.221134171624758,17.40000000000002,0.0,0.0,0.0
333.47999848628626,16.229291050467445,17.400000000000023,0.0,0.0,0.0
333.48604666564614,16.23744775799961,17.400000000000023,0.0,0.0,0.0
333.4920953465454,16.245604294116156,17.400000000000023,0.0,0.0,0.0
333.49814452928103,16.253760658711954,17.400000000000023,0.0,0.0,0.0
333.5041942141503,16.261916851681853,17.400000000000023,0.0,0.0,0.0
333.5102444014501,16.270072872920668,17.400000000000027,0.0,0.0,0.0
333.5162950914779,16.27822872232319,17.400000000000023,0.0,0.0,0.0
333.5223462845309,16.286384399784165,17.400000000000023,0.0,0.0,0.0
333.5283979809064,16.294539905198334,17.400000000000027,0.0,0.0,0.0
333.5344501809019,16.30269523846039,17.400000000000027,0.0,0.0,0.0
333.54050288481494,16.310850399465004,17.400000000000027,0.0,0.0,0.0
333.5465560929431,16.319005388106817,17.400000000000027,0.0,0.0,0.0
333.5526098055838,16.327160204280435,17.400000000000027,0.0,0.0,0.0
333.558664023035,16.33531484788045,17.400000000000023,0.0,0.0,0.0
333.56471874559435,16.343469318801414,17.400000000000027,0.0,0.0,0.0
333.5707739735596,16.351623616937847,17.400000000000027,0.0,0.0,0.0
333.57682970722874,16.35977774218424,17.400000000000027,0.0,0.0,0.0
333.58288594689964,16.367931694435054,17.400000000000027,0.0,0.0,0.0
333.58894269287043,16.376085473584737,17.40000000000003,0.0,0.0,0.0
333.5949999454391,16.384239079527692,17.40000000000003,0.0,0.0,0.0
333.60105770490395,16.392392512158285,17.40000000000003,0.0,0.0,0.0
333.6071159715631,16.40054577137087,17.40000000000003,0.0,0.0,0.0
333.61317474571484,16.40869885705977,17.40000000000003,0.0,0.0,0.0
333.6192340276575,16.416851769119262,17.40000000000003,0.0,0.0,0.0
333.6252938176896,16.425004507443614,17.400000000000027,0.0,0.0,0.0
333.6313541161096,16.43315707192704,17.40000000000003,0.0,0.0,0.0
333.637414923216,16.441309462463764,17.400000000000034,0.0,0.0,0.0
333.6434762393075,16.44946167894793,17.400000000000034,0.0,0.0,0.0
333.6495380646827,16.457613721273688,17.40000000000003,0.0,0.0,0.0
333.65560039964055,16.465765589335156,17.400000000000034,0.0,0.0,0.0
333.6616632444796,16.4739172830264,17.40000000000003,0.0,0.0,0.0
333.66772659949896,16.482068802241486,17.40000000000003,0.0,0.0,0.0
333.67379046499747,16.490220146874425,17.400000000000034,0.0,0.0,0.0
333.6798548412742,16.498371316819217,17.400000000000034,0.0,0.0,0.0
333.6859197286283,16.50652231196981,17.40000000000003,0.0,0.0,0.0
333.6919851273588,16.514673132220153,17.400000000000034,0.0,0.0,0.0
333.698051037765,16.522823777464136,17.400000000000034,0.0,0.0,0.0
333.7041174601463,16.530974247595633,17.400000000000034,0.0,0.0,0.0
333.71018439480184,16.5391245425085,17.400000000000034,0.0,0.0,0.0
333.7162518420312,16.54727466209653,17.400000000000034,0.0,0.0,0.0
333.7223198021338,16.55542460625352,17.400000000000034,0.0,0.0,0.0
333.7283882754093,16.56357437487322,17.400000000000034,0.0,0.0,0.0
333.73445726215726,16.571723967849355,17.400000000000034,0.0,0.0,0.0
333.74052676267735,16.579873385075615,17.400000000000034,0.0,0.0,0.0
333.7465967772694,16.58802262644566,17.400000000000034,0.0,0.0,0.0
333.75266730623326,16.596171691853133,17.400000000000034,0.0,0.0,0.0
333.75873834986874,16.604320581191626,17.400000000000034,0.0,0.0,0.0
333.7648099084759,16.612469294354728,17.400000000000034,0.0,0.0,0.0
333.7708819823547,16.620617831235965,17.400000000000034,0.0,0.0,0.0
333.7769545718052,16.628766191728868,17.400000000000038,0.0,0.0,0.0
333.78302767712773,16.63691437572691,17.400000000000038,0.0,0.0,0.0
333.7891012986224,16.645062383123545,17.400000000000038,0.0,0.0,0.0
333.7951754365896,16.653210213812194,17.400000000000038,0.0,0.0,0.0
333.8012500913296,16.661357867686256,17.400000000000038,0.0,0.0,0.0
333.80732526314296,16.66950534463909,17.400000000000038,0.0,0.0,0.0
333.8134009523301,16.677652644564038,17.400000000000034,0.0,0.0,0.0
333.81947715919165,16.685799767354396,17.400000000000034,0.0,0.0,0.0
333.8255538840281,16.69394671290343,17.400000000000038,0.0,0.0,0.0
333.8316311271405,16.702093481104395,17.400000000000034,0.0,0.0,0.0
333.83770888882924,16.710240071850492,17.400000000000034,0.0,0.0,0.0
333.84378716939545,16.718386485034912,17.400000000000038,0.0,0.0,0.0
333.84986596913996,16.7265327205508,17.400000000000038,0.0,0.0,0.0
333.8559452883637,16.734678778291283,17.400000000000038,0.0,0.0,0.0
333.86202512736776,16.74282465814945,17.400000000000038,0.0,0.0,0.0
333.8681054864533,16.750970360018357,17.400000000000034,0.0,0.0,0.0
333.87418636592145,16.759115883791036,17.400000000000038,0.0,0.0,0.0
333.8802677660735,16.767261229360493,17.400000000000038,0.0,0.0,0.0
333.8863496872108,16.775406396619697,17.400000000000038,0.0,0.0,0.0
333.89243212963464,16.783551385461575,17.40000000000004,0.0,0.0,0.0
333.8985150936466,16.791696195779057,17.400000000000038,0.0,0.0,0.0
333.90459857954824,16.799840827464998,17.40000000000004,0.0,0.0,0.0
333.91068258764096,16.80798528041226,17.40000000000004,0.0,0.0,0.0
333.91676711822663,16.816129554513658,17.40000000000004,0.0,0.0,0.0
333.92285217160685,16.824273649661976,17.40000000000004,0.0,0.0,0.0
333.92893774808357,16.832417565749974,17.40000000000004,0.0,0.0,0.0
333.93502384795846,16.840561302670377,17.40000000000004,0.0,0.0,0.0
333.94111047153365,16.84870486031588,17.40000000000004,0.0,0.0,0.0
333.9471976191111,16.856848238579143,17.40000000000004,0.0,0.0,0.0
333.95328529099277,16.864991437352806,17.40000000000004,0.0,0.0,0.0
333.959373487481,16.87313445652947,17.40000000000004,0.0,0.0,0.0
333.96546220887785,16.881277296001706,17.40000000000004,0.0,0.0,0.0
333.9715514554857,16.88941995566206,17.40000000000004,0.0,0.0,0.0
333.9776412276069,16.897562435403042,17.40000000000004,0.0,0.0,0.0
333.9837315255438,16.905704735117126,17.400000000000045,0.0,0.0,0.0
333.98982234959897,16.91384685469677,17.40000000000004,0.0,0.0,0.0
333.99591370007494,16.921988794034394,17.40000000000004,0.0,0.0,0.0
334.00200557727436,16.930130553022384,17.400000000000045,0.0,0.0,0.0
334.0080979814999,16.938272131553088,17.400000000000045,0.0,0.0,0.0
334.0141909130543,16.94641352951885,17.400000000000045,0.0,0.0,0.0
334.0202843722404,16.954554746811954,17.40000000000004,0.0,0.0,0.0
334.02637835936116,16.96269578332467,17.40000000000004,0.0,0.0,0.0
334.0324728747196,16.970836638949226,17.40000000000004,0.0,0.0,0.0
334.0385679186187,16.97897731357783,17.400000000000045,0.0,0.0,0.0
334.0446634913615,16.98711780710266,17.400000000000045,0.0,0.0,0.0
334.0507595932513,16.995258119415844,17.40000000000004,0.0,0.0,0.0
334.05685622459134,17.003398250409504,17.40000000000004,0.0,0.0,0.0
334.0629533856849,17.01153819997571,17.400000000000045,0.0,0.0,0.0
334.0690510768354,17.019677968006523,17.400000000000045,0.0,0.0,0.0
334.0751492983463,17.027817554393952,17.400000000000045,0.0,0.0,0.0
334.0812480505211,17.03595695902998,17.400000000000045,0.0,0.0,0.0
334.0873473336634,17.044096181806573,17.40000000000005,0.0,0.0,0.0
334.0934471480769,17.052235222615643,17.40000000000005,0.0,0.0,0.0
334.09954749406535,17.06037408134909,17.40000000000005,0.0,0.0,0.0
334.1056483719325,17.068512757898773,17.400000000000052,0.0,0.0,0.0
334.1117497819823,17.076651252156537,17.40000000000005,0.0,0.0,0.0
334.1178517245187,17.08478956401416,17.400000000000045,0.0,0.0,0.0
334.1239541998456,17.092927693363418,17.40000000000005,0.0,0.0,0.0
334.13005720826726,17.10106564009606,17.400000000000045,0.0,0.0,0.0
334.13616075008775,17.109203404103777,17.40000000000005,0.0,0.0,0.0
334.1422648256113,17.117340985278243,17.40000000000005,0.0,0.0,0.0
334.1483694351422,17.12547838351112,17.40000000000005,0.0,0.0,0.0
334.1544745789848,17.133615598694,17.400000000000052,0.0,0.0,0.0
334.1605802574436,17.141752630718482,17.400000000000052,0.0,0.0,0.0
334.16668647082304,17.14988947947611,17.400000000000052,0.0,0.0,0.0
334.1727932194277,17.158026144858383,17.400000000000055,0.0,0.0,0.0
334.1789005035624,17.166162626756815,17.400000000000052,0.0,0.0,0.0
334.1850083235316,17.17429892506285,17.40000000000005,0.0,0.0,0.0
334.1911166796403,17.18243503966791,17.400000000000055,0.0,0.0,0.0
334.1972255721932,17.19057097046339,17.400000000000055,0.0,0.0,0.0
334.2033350014953,17.198706717340652,17.400000000000052,0.0,0.0,0.0
334.2094449678516,17.206842280191033,17.400000000000052,0.0,0.0,0.0
334.2155554715672,17.214977658905816,17.400000000000052,0.0,0.0,0.0
334.22166651294725,17.223112853376275,17.400000000000052,0.0,0.0,0.0
334.22777809229683,17.231247863493646,17.40000000000006,0.0,0.0,0.0
334.23389020992136,17.23938268914913,17.400000000000055,0.0,0.0,0.0
334.24000286612613,17.24751733023391,17.400000000000055,0.0,0.0,0.0
334.2461160612165,17.255651786639113,17.40000000000006,0.0,0.0,0.0
334.2522297954982,17.26378605825586,17.40000000000006,0.0,0.0,0.0
334.2583440692765,17.271920144975216,17.400000000000063,0.0,0.0,0.0
334.2644588828573,17.28005404668824,17.40000000000006,0.0,0.0,0.0
334.2705742365461,17.28818776328593,17.400000000000063,0.0,0.0,0.0
334.2766901306488,17.296321294659283,17.400000000000063,0.0,0.0,0.0
334.2828065654711,17.304454640699234,17.400000000000063,0.0,0.0,0.0
334.28892354131904,17.312587801296722,17.400000000000066,0.0,0.0,0.0
334.2950410584986,17.320720776342622,17.40000000000007,0.0,0.0,0.0
334.3011591173159,17.32885356572779,17.400000000000066,0.0,0.0,0.0
334.3072777180769,17.336986169343046,17.400000000000066,0.0,0.0,0.0
334.3133968610879,17.345118587079188,17.40000000000007,0.0,0.0,0.0
334.3195165466552,17.353250818826975,17.40000000000007,0.0,0.0,0.0
334.32563677508506,17.361382864477132,17.40000000000007,0.0,0.0,0.0
334.33175754668406,17.369514723920357,17.400000000000066,0.0,0.0,0.0
334.33787886175844,17.377646397047315,17.400000000000073,0.0,0.0,0.0
334.344000720615,17.385777883748645,17.400000000000073,0.0,0.0,0.0
334.3501231235602,17.393909183914932,17.400000000000073,0.0,0.0,0.0
334.3562460709008,17.402040297436752,17.400000000000073,0.0,0.0,0.0
334.36236956294357,17.410171224204642,17.400000000000077,0.0,0.0,0.0
334.36849359999536,17.41830196410911,17.400000000000073,0.0,0.0,0.0
334.37461818236306,17.42643251704062,17.400000000000077,0.0,0.0,0.0
334.3807433103537,17.434562882889615,17.40000000000008,0.0,0.0,0.0
334.3868689842743,17.442693061546507,17.40000000000008,0.0,0.0,0.0
334.392995204432,17.45082305290167,17.400000000000084,0.0,0.0,0.0
334.3991219711339,17.458952856845453,17.40000000000008,0.0,0.0,0.0
334.4052492846875,17.467082473268157,17.400000000000084,0.0,0.0,0.0
334.41137714539997,17.475211902060067,17.400000000000087,0.0,0.0,0.0
334.41750555357874,17.483341143111435,17.400000000000087,0.0,0.0,0.0
334.4236345095313,17.49147019631247,17.400000000000087,0.0,0.0,0.0
334.42976401356526,17.49959906155336,17.40000000000009,0.0,0.0,0.0
334.4358940659883,17.507727738724252,17.40000000000009,0.0,0.0,0.0
334.44202466710794,17.515856227715265,17.400000000000095,0.0,0.0,0.0
