galstreams/tracks/track.st.Pal5.pricewhelan2019.ecsv
# %ECSV 0.9
# ---
# datatype:
# - {name: ra, unit: deg, datatype: float64}
# - {name: dec, unit: deg, datatype: float64}
# - {name: distance, unit: kpc, datatype: float64}
# - {name: pm_ra_cosdec, unit: mas / yr, datatype: float64}
# - {name: pm_dec, unit: mas / yr, datatype: float64}
# - {name: radial_velocity, unit: km / s, datatype: float64}
# delimiter: ','
# meta: !!omap
# - __serialized_columns__:
#     dec:
#       __class__: astropy.coordinates.angles.Latitude
#       unit: &id001 !astropy.units.Unit {unit: deg}
#       value: !astropy.table.SerializedColumn {name: dec}
#     distance:
#       __class__: astropy.coordinates.distances.Distance
#       unit: !astropy.units.Unit {unit: kpc}
#       value: !astropy.table.SerializedColumn {name: distance}
#     pm_dec:
#       __class__: astropy.units.quantity.Quantity
#       unit: !astropy.units.Unit {unit: mas / yr}
#       value: !astropy.table.SerializedColumn {name: pm_dec}
#     pm_ra_cosdec:
#       __class__: astropy.units.quantity.Quantity
#       unit: !astropy.units.Unit {unit: mas / yr}
#       value: !astropy.table.SerializedColumn {name: pm_ra_cosdec}
#     ra:
#       __class__: astropy.coordinates.angles.Longitude
#       unit: *id001
#       value: !astropy.table.SerializedColumn {name: ra}
#       wrap_angle: !astropy.coordinates.Angle
#         unit: *id001
#         value: 360.0
#     radial_velocity:
#       __class__: astropy.units.quantity.Quantity
#       unit: !astropy.units.Unit {unit: km / s}
#       value: !astropy.table.SerializedColumn {name: radial_velocity}
# schema: astropy-2.0
ra,dec,distance,pm_ra_cosdec,pm_dec,radial_velocity
[from data line 1844]
226.34777328748996,-2.78094919433164,19.735316177408414,-2.7857662929890004,-2.895904892210824,999.0000219923116
226.34060966642542,-2.7882632887664407,19.732907296230124,-2.785766626415701,-2.896543422398117,999.0000219918828
226.33344057219696,-2.7955691866012624,19.730497148872576,-2.7857665856419023,-2.897182315443726,999.0000219914529
226.3262660663643,-2.8028669809898323,19.728085735335785,-2.7857661706517134,-2.897821571397996,999.000021991022
226.31908621901516,-2.810156777971857,19.725673055619744,-2.7857653814063843,-2.898461190333271,999.0000219905899
226.3119011087657,-2.8174386964737823,19.723259109724456,-2.785764217844004,-2.899101172344155,999.0000219901566
226.30471082275284,-2.8247128682975826,19.720843897649914,-2.7857626798792148,-2.8997415175477514,999.0000219897221
226.29751545661884,-2.8319794380972865,19.718427419396125,-2.7857607674029867,-2.90038222608388,999.0000219892867
226.29031511448736,-2.839238563343233,19.716009674963097,-2.7857584802823543,-2.9010232981152795,999.0000219888499
226.28310990893144,-2.846490414273772,19.71359066435081,-2.785755818360218,-2.901664733827782,999.000021988412
226.27589996093306,-2.8537351738342944,19.711170387559292,-2.785752781455155,-2.902306533430467,999.0000219879731
226.26868539983417,-2.8609730376034945,19.708748844588516,-2.78574936936126,-2.9029486971557965,999.0000219875334
226.26146636327928,-2.8682042137066586,19.7063260354385,-2.7857455818479933,-2.90359122525972,999.0000219870923
226.25424299714928,-2.8754289227159155,19.703901960109246,-2.785741418660075,-2.9042341180217583,999.0000219866502
226.24701545548643,-2.882647397537303,19.701476618600747,-2.78573687951739,-2.9048773757450728,999.0000219862076
226.23978390041103,-2.8898598832845432,19.699050010913005,-2.785731964114915,-2.9055209987564865,999.0000219857634
226.23254850202864,-2.8970666371394493,19.69662213704602,-2.7857266721226948,-2.9061649874065125,999.0000219853187
226.22530943832868,-2.9042679281988635,19.6941929969998,-2.785721003185806,-2.9068093420693226,999.0000219848729
226.21806689507432,-2.9114640373080265,19.69176259077434,-2.7857149569244033,-2.907454063142716,999.0000219844262
226.21082106568267,-2.9186552568804043,19.68933091836965,-2.7857085329337283,-2.9080991510480523,999.0000219839784
226.2035721510967,-2.925841890703777,19.686897979785712,-2.7857017307842,-2.908744606230149,999.0000219835298
226.19632035964764,-2.9330242537326967,19.684463775022547,-2.7856945500215136,-2.9093904291571686,999.0000219830808
226.18906590690833,-2.9402026718671523,19.682028304080152,-2.785686990166754,-2.9100366203204615,999.0000219826309
226.1818090155376,-2.947377481717523,19.679591566958518,-2.7856790507165683,-2.9106831802343973,999.0000219821801
226.17454991511556,-2.954549030355772,19.67715356365765,-2.7856707311433393,-2.9113301094361503,999.0000219817287
226.1672888419696,-2.961717675052869,19.67471429417756,-2.785662030895407,-2.911977408485473,999.0000219812762
226.16002603899148,-2.9688837830025134,19.67227375851823,-2.7856529493973214,-2.9126250779644263,999.0000219808236
226.15276175544537,-2.9760477310311346,19.669831956679687,-2.785643486050107,-2.9132731184770915,999.0000219803699
226.1454962467668,-2.9832099052942667,19.66738888866191,-2.7856336402315915,-2.913921530649248,999.0000219799159
226.1382297743525,-2.9903707009593443,19.664944554464913,-2.785623411296724,-2.914570315128024,999.0000219794613
226.1309626053416,-2.9975305218749435,19.662498954088694,-2.7856127985779584,-2.915219472581512,999.0000219790063
226.1236950123877,-3.0046897802266717,19.660052087533252,-2.7856018013856585,-2.9158690036983628,999.0000219785506
226.11642727342226,-3.0118488961796905,19.657603954798592,-2.7855904190085177,-2.916518909187339,999.0000219780943
226.10915967140917,-3.0190082975080754,19.655154555884714,-2.785578650714049,-2.9171691897768515,999.0000219776382
226.1018924940909,-3.02616841921112,19.652703890791617,-2.785566495749065,-2.9178198462144556,999.0000219771808
226.09462603372575,-3.033329703116748,19.650251959519313,-2.785553953340218,-2.918470879266319,999.000021976724
226.0873605868171,-3.0404925974721557,19.64779876206779,-2.785541022694559,-2.919122289716662,999.0000219762666
226.08009645383413,-3.0476575565219837,19.64534429843706,-2.7855277030001306,-2.919774078367167,999.0000219758087
226.07283393892433,-3.0548250400740704,19.642888568627118,-2.785513993426609,-2.9204262460363575,999.0000219753506
226.06557334961818,-3.06199551305314,19.64043157263797,-2.7854998931259596,-2.921078793558947,999.0000219748922
226.05831499652587,-3.069169445042591,19.637973310469615,-2.7854854012331245,-2.9217317217851537,999.0000219744344
226.05105919302625,-3.076347309814654,19.63551378212206,-2.7854705168667278,-2.9223850315799957,999.0000219739762
226.04380625494855,-3.083529584849198,19.6330529875953,-2.785455239129889,-2.9230387238225486,999.0000219735173
226.03655650024652,-3.0907167508414886,19.63059092688934,-2.785439567110946,-2.9236927994051722,999.0000219730591
226.02931024866555,-3.0979092911991954,19.62812760000418,-2.7854234998843315,-2.924347259232713,999.0000219726004
226.0220678214029,-3.1051076915289504,19.62566300693982,-2.7854070365113746,-2.9250021042216825,999.0000219721422
226.01482954076138,-3.1123124391128623,19.623197147696267,-2.785390176041227,-2.9256573352993884,999.0000219716839
226.0075957297964,-3.11952402237534,19.620730022273523,-2.7853729175117485,-2.9263129534030594,999.0000219712255
226.00036671195716,-3.126742930340549,19.618261630671594,-2.7853552599504767,-2.9269689594789314,999.0000219707676
225.99314281072154,-3.133969652081011,19.615791972890463,-2.7853372023755636,-2.9276253544813047,999.00002197031
225.98592434922588,-3.1412046761576637,19.61332104893015,-2.785318743796823,-2.928282139371578,999.0000219698525
225.97871164988902,-3.14844849005194,19.610848858790657,-2.785299883216723,-2.928939315117252,999.0000219693953
225.97150503403168,-3.155701579590224,19.608375402471967,-2.7852806196314934,-2.9295968826909196,999.0000219689383
225.96430482149077,-3.162964428361254,19.605900679974106,-2.785260952032167,-2.930254843069208,999.0000219684821
225.95711133022982,-3.1702375171269375,19.603424691297057,-2.7852408794057313,-2.930913197231721,999.0000219680257
225.94992487594507,-3.177521323227093,19.600947436440826,-2.785220400736266,-2.9315719461599388,999.0000219675701
225.942745771668,-3.184816319978737,19.598468915405427,-2.7851995150061013,-2.9322310908360993,999.0000219671152
225.93557432736472,-3.1921229760703893,19.595989128190844,-2.7851782211970266,-2.932890632242068,999.0000219666603
225.92841084953238,-3.1994417549520446,19.593508074797096,-2.7851565182915063,-2.933550571358169,999.0000219662062
225.9212556407932,-3.2067731142214586,19.591025755224166,-2.785134405273922,-2.9342109091620037,999.0000219657533
225.9141089994863,-3.2141175050072293,19.588542169472078,-2.7851118811318467,-2.9348716466272515,999.0000219653002
225.9069712192582,-3.221475371349529,19.586057317540813,-2.785088944857327,-2.9355327847224486,999.0000219648479
225.8998425886518,-3.2288471495790114,19.58357119943038,-2.7850655954481907,-2.936194324409745,999.0000219643966
225.89272339069493,-3.2362332676946113,19.581083815140783,-2.785041831909391,-2.936856266643654,999.0000219639459
225.8856139024886,-3.243634144741033,19.57859516467202,-2.7850176532543416,-2.937518612369775,999.0000219634959
225.8785143947952,-3.251050190186545,19.576105248024096,-2.78499305850627,-2.9381813625235083,999.0000219630467
225.87142513162814,-3.2584818033019167,19.573614065197006,-2.7849680466996363,-2.9388445180287572,999.0000219625982
225.86434636984194,-3.2659293725412497,19.571121616190762,-2.7849426168814975,-2.93950807979661,999.000021962151
225.85727835872456,-3.2733932749255055,19.56862790100536,-2.784916768112932,-2.9401720487240235,999.0000219617041
225.85022133959208,-3.2808738754295184,19.56613291964079,-2.7848904994704577,-2.940836425692485,999.0000219612587
225.8431755453861,-3.2883715263733553,19.563636672097076,-2.7848638100474745,-2.941501211566668,999.0000219608136
225.83614120027448,-3.2958865668188833,19.561139158374196,-2.7848366989556825,-2.942166407193093,999.0000219603695
225.82911851925653,-3.303419321972389,19.55864037847217,-2.7848091653265716,-2.9428320133987667,999.0000219599266
225.8221077077722,-3.310970102594162,19.55614033239099,-2.7847812083128267,-2.9434980309898315,999.0000219594847
225.8151089613171,-3.3185392044159787,19.553639020130657,-2.784752827089834,-2.944164460750202,999.0000219590437
225.80812246506284,-3.326126907567321,19.55113644169117,-2.784724020857114,-2.94483130344021,999.0000219586035
225.80114839348414,-3.3337334760114254,19.54863259707254,-2.7846947888398037,-2.945498559795251,999.0000219581648
225.7941869099928,-3.341359156991985,19.546127486274752,-2.784665130290072,-2.9461662305244234,999.000021957727
225.7872381665797,-3.3490041804915642,19.543621109297828,-2.7846350444886516,-2.9468343163091895,999.00002195729
225.78030230346482,-3.3566687587027153,19.54111346614174,-2.7846045307462077,-2.947502817802036,999.0000219568543
225.7733794487567,-3.3643530855127937,19.538604556806515,-2.7845735884048413,-2.9481717356251407,999.0000219564198
225.76646971812136,-3.372057336003463,19.53609438129214,-2.784542216839481,-2.9488410703690535,999.000021955986
225.75957321446177,-3.379781665966055,19.533582939598624,-2.784510415459323,-2.949510822591403,999.0000219555534
225.75269002760845,-3.3875262114336646,19.531070231725955,-2.7844781837092287,-2.950180992815605,999.0000219551216
225.74582023402183,-3.3952910882312404,19.528556257674143,-2.7844455210711034,-2.9508515815295877,999.0000219546915
225.7389638965074,-3.4030763915445323,19.52604101744319,-2.784412427065262,-2.951522589184556,999.0000219542624
225.73212106394374,-3.4108821955092092,19.52352451103308,-2.7843789012517886,-2.9521940161937668,999.000021953834
225.7252917710248,-3.4187085528210983,19.52100673844384,-2.7843449432318184,-2.952865862931325,999.0000219534069
225.7184760380171,-3.4265554943687078,19.518487699675443,-2.7843105526488547,-2.9535381297310312,999.0000219529805
225.71167387053168,-3.434423028889142,19.51596739472791,-2.784275729189993,-2.9542108168852312,999.000021952556
225.70488525931344,-3.4423111426485535,19.513445823601227,-2.784240472587186,-2.9548839246437297,999.0000219521318
225.6981101800461,-3.450219799148226,19.510922986295398,-2.784204782618369,-2.955557453212716,999.0000219517087
225.69134859317586,-3.458148938857494,19.508398882810425,-2.784168659108642,-2.956231402753746,999.0000219512871
225.6846004437534,-3.4660984789744975,19.505873513146305,-2.784132101931362,-2.9569057733827657,999.000021950866
225.6778656612944,-3.4740683132161596,19.503346877303038,-2.784095111009157,-2.957580565169174,999.000021950446
225.67114415966097,-3.4820583116381987,19.50081897528062,-2.7840576863149753,-2.958255778134944,999.0000219500267
225.66443583696332,-3.4900683204866434,19.498289807079058,-2.784019827872986,-2.958931412253788,999.0000219496088
225.6577405754828,-3.4980981620817766,19.495759372698345,-2.783981535759492,-2.95960746745039,999.0000219491918
225.65105824161765,-3.506147634735686,19.49322767213848,-2.7839428101037402,-2.960283943599683,999.0000219487756
225.64438868585117,-3.514216512704639,19.490694705399466,-2.7839036510886674,-2.960960840526199,999.0000219483602
225.6377317427442,-3.522304546177314,19.488160472481304,-2.7838640589516213,-2.9616381580034883,999.0000219479455
225.63108723095155,-3.530411461300007,19.485624973383985,-2.78382403398496,-2.9623158957535964,999.0000219475315
225.62445495326395,-3.5385369602399233,19.48308820810751,-2.7837835765365724,-2.96299405344662,999.0000219471185
225.61783469667586,-3.5466807212877143,19.48055017665188,-2.7837426870103825,-2.9636726307003425,999.0000219467059
225.61122623247974,-3.554842399000273,19.478010879017095,-2.7837013658666816,-2.964351627079947,999.0000219462945
225.60462931638787,-3.5630216243847075,19.475470315203147,-2.7836596136224308,-2.9650310420978108,999.0000219458832
225.59804368868208,-3.571218005124909,19.472928485210044,-2.783617430851476,-2.965710875213385,999.0000219454726
225.59146907439214,-3.579431125851251,19.470385389037776,-2.7835748181846136,-2.9663911258331774,999.0000219450628
225.5849051835034,-3.5876605484547683,19.46784102668634,-2.783531776309594,-2.9670717933108124,999.0000219446532
225.57835171119484,-3.595905812446672,19.465295398155746,-2.783488305971047,-2.9677528769471997,999.0000219442439
225.57180833810708,-3.604166435364059,19.462748503445976,-2.7834444079702236,-2.968434375990804,999.0000219438352
225.56527473064205,-3.612441913222756,19.460200342557044,-2.783400083164703,-2.969116289638017,999.0000219434271
225.55875054129422,-3.620731721018249,19.457650915488937,-2.7833553324679254,-2.969798617033642,999.0000219430189
225.55223540901426,-3.629035313275476,19.455100222241654,-2.7833101568486467,-2.970481357271475,999.0000219426109
225.54572895960544,-3.637352124648097,19.452548262815196,-2.7832645573302357,-2.971164509395031,999.0000219422036
225.53923080615348,-3.6456815705683763,19.449995037209565,-2.783218534989881,-2.971848072398366,999.0000219417951
225.53274054948986,-3.6540230479478555,19.44744054542475,-2.7831720909576125,-2.972532045227022,999.000021941388
225.5262577786898,-3.662375935929996,19.444884787460744,-2.783125226415244,-2.973216426779117,999.0000219409804
225.51978207160457,-3.6707395966948826,19.44232776331756,-2.783077942595129,-2.9739012159065332,999.0000219405729
225.51331299542875,-3.6791133763169803,19.43976947299519,-2.783030240778823,-2.9745864114162757,999.0000219401649
225.50685010730282,-3.6874966056759417,19.437209916493625,-2.782982122295548,-2.975272012071926,999.0000219397565
225.5003929549513,-3.695888601421246,19.434649093812865,-2.782933588520537,-2.9759580165952655,999.0000219393482
225.49394107735645,-3.7042886669908666,19.43208700495291,-2.782884640873221,-2.9766444236680245,999.0000219389392
225.48749400546825,-3.7126960936841136,19.429523649913758,-2.7828352808152643,-2.9773312319337726,999.0000219385302
225.4810512629499,-3.721110161788989,19.426959028695396,-2.7827855098484293,-2.9780184399999685,999.0000219381204
225.47461236696003,-3.7295301417639988,19.424393141297838,-2.7827353295122883,-2.978706046440133,999.0000219377104
225.46817682897031,-3.737955295474706,19.42182598772107,-2.7826847413817646,-2.9793940497962055,999.0000219373
225.46174415561987,-3.7463848774844326,19.41925756796509,-2.782633747064533,-2.980082448581023,999.0000219368881
225.45531384960478,-3.754818136399453,19.416687882029898,-2.7825823481981966,-2.980771241280962,999.0000219364755
225.44888541060402,-3.763254316268089,19.414116929915487,-2.7825305464473504,-2.981460426358743,999.0000219360624
225.44245833624066,-3.7716926580333974,19.41154471162186,-2.7824783435004714,-2.9821500022563816,999.0000219356482
225.4360321230777,-3.780132401038822,19.40897122714901,-2.782425741066563,-2.982839967398297,999.000021935233
225.42960626764943,-3.7885727845864743,19.406396476496937,-2.782372740871735,-2.983530320194578,999.000021934817
225.42318026752642,-3.797013049546824,19.40382045966564,-2.78231934465553,-2.9842210590444123,999.0000219343997
225.41675362241415,-3.8054524400193923,19.401243176655104,-2.782265554167104,-2.984912182339662,999.0000219339812
225.41032583528502,-3.8138902050430983,19.398664627465333,-2.7822113711612313,-2.985603688468603,999.0000219335612
225.4038964135419,-3.822325600355239,19.396084812096333,-2.782156797394124,-2.9862955758198133,999.0000219331404
225.39746487021358,-3.8307578901976105,19.39350373054809,-2.782101834619128,-2.9869878427862258,999.0000219327178
225.39103072518,-3.839186349168624,19.390921382820604,-2.7820464845821755,-2.987680487769324,999.0000219322936
225.38459350642722,-3.8476102641194685,19.38833776891387,-2.781990749017122,-2.988373509183484,999.0000219318683
