galstreams/tracks/track.st.M92.ibata2021.ecsv
# %ECSV 1.0
# ---
# datatype:
# - {name: ra, unit: deg, datatype: float64}
# - {name: dec, unit: deg, datatype: float64}
# - {name: distance, unit: kpc, datatype: float64}
# - {name: pm_ra_cosdec, unit: mas / yr, datatype: float64}
# - {name: pm_dec, unit: mas / yr, datatype: float64}
# - {name: radial_velocity, unit: km / s, datatype: float64}
# delimiter: ','
# meta: !!omap
# - __serialized_columns__:
#     dec:
#       __class__: astropy.coordinates.angles.Latitude
#       unit: &id001 !astropy.units.Unit {unit: deg}
#       value: !astropy.table.SerializedColumn {name: dec}
#     distance:
#       __class__: astropy.coordinates.distances.Distance
#       unit: !astropy.units.Unit {unit: kpc}
#       value: !astropy.table.SerializedColumn {name: distance}
#     pm_dec:
#       __class__: astropy.units.quantity.Quantity
#       unit: !astropy.units.Unit {unit: mas / yr}
#       value: !astropy.table.SerializedColumn {name: pm_dec}
#     pm_ra_cosdec:
#       __class__: astropy.units.quantity.Quantity
#       unit: !astropy.units.Unit {unit: mas / yr}
#       value: !astropy.table.SerializedColumn {name: pm_ra_cosdec}
#     ra:
#       __class__: astropy.coordinates.angles.Longitude
#       unit: *id001
#       value: !astropy.table.SerializedColumn {name: ra}
#       wrap_angle: !astropy.coordinates.Angle
#         unit: *id001
#         value: 360.0
#     radial_velocity:
#       __class__: astropy.units.quantity.Quantity
#       unit: !astropy.units.Unit {unit: km / s}
#       value: !astropy.table.SerializedColumn {name: radial_velocity}
# schema: astropy-2.0
ra,dec,distance,pm_ra_cosdec,pm_dec,radial_velocity
[from data line 708]
258.15025319151914,43.64387631342952,9.213099091525992,-5.0812829327955615,-0.8000056769234283,-130.96347806236645
258.1628466698713,43.64022795442062,9.213912163124148,-5.080400052212746,-0.7982848469328361,-131.04625709732218
258.17543267800306,43.63657170316681,9.214725090531108,-5.0795169703812055,-0.7965667326238897,-131.12928295625863
258.1880112278538,43.632907578603486,9.215537864375033,-5.078633693697412,-0.794851326338851,-131.2125537836179
258.20058233138167,43.629235599658514,9.216350475284093,-5.077750228551412,-0.7931386204160935,-131.29606772384196
258.2131460005632,43.62555578525231,9.217162913886456,-5.076866581326812,-0.7914286071901413,-131.37982292137318
258.2257022473936,43.62186815429764,9.217975170810288,-5.0759827584008175,-0.789721278991655,-131.4638175206534
258.2382510838863,43.61817272569986,9.218787236683754,-5.075098766144213,-0.7880166281474676,-131.54804966612477
258.25079252207365,43.61446951835672,9.219599102135021,-5.074214610921381,-0.7863146469805773,-131.63251750222932
258.26332657400576,43.610758551158554,9.220410757792255,-5.073330299090312,-0.784615327810186,-131.7172191734091
258.2758532517515,43.60703984298811,9.221222194283621,-5.072445837002608,-0.7829186629516784,-131.8021528241064
258.28837256739797,43.60331341272059,9.222033402237289,-5.0715612310034865,-0.7812246447166746,-131.8873165987631
258.3008845330502,43.599579279223875,9.222844372281427,-5.070676487431794,-0.7795332654130231,-131.97270864182136
258.31338916083166,43.59583746135816,9.223655095044196,-5.069791612620016,-0.777844517344809,-132.05832709772315
258.32588646288383,43.592087977976284,9.22446556115377,-5.0689066128942715,-0.7761583928123839,-132.1441701109108
258.33837645136623,43.58833084792355,9.225275761238306,-5.068021494574334,-0.774474884112371,-132.23023582582618
258.3508591384564,43.58456609003774,9.226085685925979,-5.067136263973637,-0.7727939835376691,-132.31652238691137
258.36333453634995,43.58079372314926,9.226895325844952,-5.0662509273992695,-0.7711156833774953,-132.4030279386086
258.3758026572601,43.577013766080974,9.22770467162339,-5.065365491152003,-0.7694399759173582,-132.48975062535982
258.3882635134183,43.57322623764833,9.228513713889464,-5.0644799615262786,-0.7677668534391116,-132.5766885916072
258.4007171170735,43.56943115665924,9.229322443271338,-5.063594344810233,-0.7660963082209336,-132.66383998179276
258.4131634804924,43.56562854191429,9.230130850397178,-5.062708647285689,-0.7644283325373664,-132.75120294035858
258.4256026159597,43.56181841220649,9.23093892589515,-5.0618228752281755,-0.7627629186593123,-132.83877561174677
258.43803453577743,43.55800078632146,9.231746660393425,-5.060937034906933,-0.7611000588540491,-132.9265561403995
258.45045925226526,43.55417568303739,9.232554044520164,-5.060051132584916,-0.7594397453852648,-133.0145426707587
258.4628767777606,43.55034312112502,9.233361068903537,-5.059165174518803,-0.7577819705130324,-133.10273334726648
258.47528712461803,43.54650311934768,9.234167724171709,-5.058279166959008,-0.7561267264938636,-133.1911263143648
258.48769030520987,43.54265569646127,9.234974000952848,-5.057393116149678,-0.7544740055806831,-133.27971971649615
258.5000863319258,43.538800871214185,9.23577988987512,-5.056507028328711,-0.7528238000228711,-133.36851169810228
258.5124752171725,43.53493866234758,9.23658538156669,-5.055620909727762,-0.7511761020662748,-133.4575004036253
258.52485697337437,43.53106908859501,9.237390466655727,-5.054734766572241,-0.7495309039531954,-133.54668397750737
258.53723161297273,43.5271921686828,9.238195135770395,-5.053848605081337,-0.7478881979224352,-133.6360605641906
258.54959914842635,43.52330792132975,9.238999379538864,-5.052962431468005,-0.7462479762092773,-133.725628308117
258.5619595922109,43.519416365247324,9.239803188589299,-5.05207625193899,-0.7446102310455347,-133.8153853537287
258.57431295681914,43.51551751913958,9.240606553549867,-5.051190072694831,-0.7429749546595297,-133.9053298454677
258.5866592547611,43.511611401703156,9.241409465048731,-5.050303899929864,-0.7413421392761212,-133.99545992777604
258.5989984985635,43.5076980316274,9.242211913714062,-5.04941773983223,-0.7397117771167294,-134.08577374509593
258.6113307007703,43.50377742759417,9.243013890174021,-5.048531598583888,-0.7380838603993152,-134.1762694418694
258.623655873942,43.49984960827809,9.243815385056784,-5.047645482360612,-0.7364583813384338,-134.26694516253875
258.6359740306562,43.4959145923463,9.244616388990512,-5.046759397332016,-0.7348353321452219,-134.35779905154564
258.64828518350726,43.49197239845859,9.245416892603371,-5.045873349661539,-0.7332147050274043,-134.44882925333243
258.660589345106,43.488023045267504,9.246216886523527,-5.044987345506479,-0.7315964921893394,-134.54003391234113
258.67288652808037,43.484066551418096,9.24701636137915,-5.044101391017968,-0.7299806858319868,-134.63141117301393
258.68517674507444,43.480102935548196,9.247815307798403,-5.043215492341012,-0.7283672781529669,-134.72295917979267
258.6974600087494,43.47613221628817,9.248613716409455,-5.042329655614474,-0.7267562613465286,-134.81467607711957
258.70973633178244,43.4721544122612,9.24941157784047,-5.041443886971098,-0.725147627603598,-134.90656000943693
258.7220057268676,43.46816954208302,9.250208882719619,-5.040558192537508,-0.7235413691117725,-134.99860912118643
258.7342682067154,43.46417762436204,9.251005621675066,-5.03967257843421,-0.7219374780553267,-135.0908215568104
258.7465237840524,43.46017867769944,9.251801785334976,-5.03878705077562,-0.7203359466152526,-135.18319546075077
258.7587724716218,43.456172720688976,9.252597364327517,-5.037901615670045,-0.7187367669692324,-135.27572897744986
258.77101428218293,43.452159771917216,9.253392349280855,-5.037016279219712,-0.7171399312916926,-135.36842025134965
258.7832492285114,43.44813984996332,9.254186730823157,-5.036131047520764,-0.7155454317537848,-135.46126742689202
258.7954773233992,43.44411297339914,9.254980499582592,-5.0352459266632685,-0.7139532605234031,-135.5542686485193
258.807698579654,43.44007916078936,9.255773646187324,-5.034360922731229,-0.712363409765224,-135.64742206067342
258.8199130101001,43.43603843069123,9.256566161265518,-5.033476041802591,-0.7107758716406645,-135.74072580779665
258.83212062757735,43.431990801654834,9.257358035445344,-5.032591289949246,-0.7091906383079585,-135.8341780343308
258.844321444942,43.427936292222846,9.258149259354969,-5.031706673237046,-0.707607701922109,-135.9277768847181
258.8565154750661,43.42387492093082,9.258939823622555,-5.030822197725801,-0.7060270546349481,-136.02152050340072
258.86870273083747,43.41980670630693,9.25972971887627,-5.029937869469296,-0.7044486885951124,-136.1154070348207
258.88088322516,43.41573166687206,9.260518935744285,-5.029053694515294,-0.7028725959480806,-136.20943462342004
258.8930569709531,43.41164982113999,9.261307464854765,-5.028169678905543,-0.7012987688361763,-136.30360141364073
258.90522398115235,43.40756118761705,9.26209529683587,-5.027285828675783,-0.6997271993985679,-136.3979055499251
258.91738426870864,43.40346578480249,9.262882422315778,-5.026402149855754,-0.698157879771302,-136.49234517671525
258.92953784658863,43.39936363118822,9.263668831922645,-5.025518648469211,-0.6965908020873031,-136.5869184384529
258.9416847277748,43.39525474525891,9.26445451628464,-5.0246353305339175,-0.6950259584763772,-136.68162347958048
258.95382492526494,43.391139145492076,9.265239466029936,-5.023752202061661,-0.6934633410652518,-136.77645844453986
258.9659584520724,43.38701685035787,9.26602367178669,-5.02286926905826,-0.6919029419775438,-136.8714214777732
258.97808532122605,43.382887878319366,9.266807124183078,-5.0219865375235715,-0.6903447533338194,-136.96651072372262
258.9902055457703,43.37875224783232,9.26758981384726,-5.021104013451495,-0.6887887672515627,-137.0617243268302
259.0023191387647,43.37460997734533,9.26837173140741,-5.020221702829982,-0.6872349758452212,-137.15706043153796
259.0144261132842,43.370461085299766,9.269152867491682,-5.01933961164105,-0.6856833712261963,-137.25251718228805
259.02652648241906,43.36630559012973,9.269933212728253,-5.018457745860778,-0.6841339455028586,-137.3480927235224
259.0386202592749,43.36214351026226,9.270712757745285,-5.017576111459315,-0.6825866907805671,-137.4437851996834
259.05070745697236,43.357974864117075,9.271491493170949,-5.016694714400903,-0.6810415991616667,-137.53959275521282
259.0627880886472,43.3537996701068,9.272269409633406,-5.0158135606438625,-0.6794986627455222,-137.6355135345529
259.07486216745036,43.349617946636826,9.273046497760827,-5.014932656140621,-0.6779578736285006,-137.73154568214576
259.0869297065479,43.34542971210533,9.273822748181374,-5.014052006837696,-0.6764192239040003,-137.82768734243334
259.09899071912054,43.341234984903416,9.27459815152322,-5.0131716186757265,-0.6748827056624687,-137.9239366598578
259.11104521836444,43.33703378341491,9.275372698414527,-5.0122914975894695,-0.6733483109913863,-138.02029177886115
259.12309321749024,43.332826126016606,9.27614637948346,-5.011411649507806,-0.6718160319753175,-138.11675084388554
259.1351347297238,43.328612031077974,9.276919185358192,-5.010532080353739,-0.6702858606958686,-138.2133119993731
259.14716976830545,43.324391516961484,9.277691106666886,-5.009652796044433,-0.6687577892317633,-138.30997338976582
259.15919834649054,43.320164602022395,9.278462134037706,-5.008773802491182,-0.667231809658793,-138.4067331595059
259.17122047754907,43.31593130460876,9.279232258098823,-5.007895105599442,-0.665707914049865,-138.50358945303532
259.1832361747657,43.31169164306164,9.280001469478398,-5.007016711268834,-0.6641860944750042,-138.60054041479626
259.1952454514396,43.3074456357148,9.280769758804603,-5.00613862539314,-0.6626663430013626,-138.69758418923053
259.20724832088473,43.303193300895046,9.281537116705604,-5.005260853860324,-0.6611486516932248,-138.7947189207805
259.21924479642956,43.29893465692192,9.282303533809563,-5.004383402552535,-0.6596330126120289,-138.89194275388806
259.231234891417,43.29466972210789,9.283069000744652,-5.003506277346107,-0.6581194178163616,-138.9892538329956
259.24321861920436,43.29039851475837,9.283833508139038,-5.002629484111579,-0.6566078593620002,-139.08665030254483
259.25519599316345,43.28612105317156,9.284597046620878,-5.001753028713689,-0.6550983293018815,-139.1841303069781
259.26716702668034,43.28183735563869,9.28535960681835,-5.000876917011394,-0.6535908196861502,-139.2816919907373
259.27913173315557,43.27754744044376,9.286121179359618,-5.000001154857866,-0.6520853225621361,-139.37933349826457
259.2910901260037,43.27325132586379,9.286881754872843,-4.999125748100506,-0.6505818299743982,-139.47705297400208
259.30304221865384,43.26894903016864,9.2876413239862,-4.998250702580945,-0.6490803339647053,-139.5748485623919
259.31498802454905,43.26464057162107,9.288399877327848,-4.997376024135065,-0.6475808265720631,-139.67271840787603
259.3269275571466,43.26032596847689,9.289157405525957,-4.996501718592984,-0.6460832998327286,-139.77066065489663
259.3388608299177,43.25600523898467,9.289913899208694,-4.995627791779092,-0.6445877457801998,-139.8686734478956
259.35078785634784,43.25167840138607,9.29066934900422,-4.994754249512022,-0.6430941564452486,-139.96675493131528
259.3627086499364,43.24734547391558,9.291423745540712,-4.993881097604692,-0.6416025238559195,-140.06490324959756
259.37462322419685,43.24300647480063,9.292177079446331,-4.993008341864286,-0.6401128400375347,-140.16311654718473
259.3865315926562,43.238661422261714,9.29292934134924,-4.992135988092286,-0.6386250970127261,-140.2613929685186
259.3984337688558,43.23431033451213,9.293680521877612,-4.991264042084455,-0.6371392868014152,-140.35973065804137
259.41032976635057,43.22995322975828,9.294430611659607,-4.990392509630852,-0.6356554014208484,-140.45812776019534
259.4222195987092,43.2255901261994,9.2951796013234,-4.9895213965158485,-0.6341734328855932,-140.55658241942226
259.4341032795142,43.2212210420278,9.295927481497149,-4.988650708518128,-0.6326933732075621,-140.65509278016427
259.44598082236166,43.216845995428706,9.296674242809024,-4.987780451410692,-0.6312152143959986,-140.75365698686352
259.4578522408616,43.21246500458029,9.297419875887194,-4.986910630960862,-0.629738948457502,-140.85227318396227
259.4697175486373,43.2080780876538,9.298164371359821,-4.986041252930307,-0.6282645673960596,-140.95093951590223
259.4815767593258,43.203685262813416,9.298907719855077,-4.985172323075025,-0.6267920632130031,-141.04965412712573
259.49342988657764,43.19928654821633,9.299649912001124,-4.984303847145364,-0.6253214279070709,-141.1484151620749
259.5052769440568,43.194881962012715,9.300390938426132,-4.98343583088603,-0.6238526534743882,-141.24722076519174
259.5171179454408,43.19047152234573,9.301130789758265,-4.982568280036089,-0.622385731908484,-141.34606908091828
259.5289529044203,43.18605524735163,9.30186945662569,-4.98170120032898,-0.6209206552003128,-141.44495825369646
259.5407818346997,43.18163315515958,9.302606929656575,-4.980834597492506,-0.6194574153382284,-141.5438864279688
259.55260474999636,43.17720526389185,9.303343199479086,-4.979968477248864,-0.6179960043080499,-141.642851748177
259.5644216640411,43.17277159166365,9.304078256721388,-4.979102845314639,-0.6165364140930158,-141.74185235876328
259.5762325905778,43.168332156583325,9.304812092011646,-4.978237707400806,-0.6150786366738317,-141.84088640416974
259.5880375433636,43.16388697675216,9.305544695978035,-4.977373069212747,-0.6136226640286564,-141.93995202883838
259.599836536169,43.15943607026448,9.306276059248711,-4.976508936450262,-0.6121684881331213,-142.03904737721135
259.6116295827772,43.154979455207766,9.30700617245185,-4.9756453148075535,-0.6107161009603506,-142.1381705937307
259.62341669698475,43.15051714966239,9.307735026215612,-4.974782209973262,-0.6092654944809466,-142.23731982283846
259.635197892601,43.14604917170193,9.308462611168164,-4.973919627630449,-0.6078166606630164,-142.33649320897692
259.6469731834486,43.1415755393929,9.309188917937679,-4.973057573456618,-0.6063695914721747,-142.435688896588
259.65874258336265,43.13709627079499,9.309913937152315,-4.972196053123722,-0.6049242788715661,-142.53490503011372
259.67050610619145,43.13261138396086,9.310637659440243,-4.971335072298159,-0.6034807148218508,-142.6341397539962
259.6822637657963,43.12812089693627,9.311360075429628,-4.970474636640784,-0.6020388912812222,-142.73339121267776
259.69401557605084,43.12362482776013,9.312081175748643,-4.969614751806923,-0.6005988002054399,-142.8326575506001
259.7057615508418,43.11912319446433,9.312800951025443,-4.968755423446379,-0.5991604335478025,-142.93193691220546
259.71750170406864,43.114616015073935,9.313519391888205,-4.967896657203414,-0.5977237832591811,-143.03122744193607
259.72923604964336,43.11010330760707,9.314236488965088,-4.9670384587167975,-0.5962888412880161,-143.13052728423392
259.7409646014907,43.10558509007491,9.314952232884265,-4.966180833619783,-0.5948555995803328,-143.2298345835409
259.7526873735479,43.101061380481866,9.315666614273896,-4.965323787540118,-0.5934240500797514,-143.32914748429943
259.76440437976487,43.09653219682528,9.316379623762154,-4.964467326100063,-0.5919941847274872,-143.42846413095134
259.7761156341039,43.0919975570958,9.317091251977203,-4.96361145491639,-0.5905659954623728,-143.52778266793894
259.7878211505399,43.08745747927705,9.31780148954721,-4.962756179600392,-0.5891394742208551,-143.62710123970393
259.79952094306014,43.0829119813458,9.318510327100336,-4.961901505757884,-0.5877146129370079,-143.7264179906885
259.8112150256644,43.07836108127204,9.319217755264757,-4.961047438989209,-0.5862914035425366,-143.82573106533528
259.8229034123646,43.07380479701875,9.319923764668635,-4.960193984889266,-0.5848698379668043,-143.92503860808566
259.83458611718504,43.06924314654223,9.320628345940136,-4.959341149047487,-0.5834499081368203,-144.02433876338205
