galstreams/tracks/track.st.M68-Fjorm.palau2019.ecsv
# %ECSV 0.9
# ---
# datatype:
# - {name: ra, unit: deg, datatype: float64}
# - {name: dec, unit: deg, datatype: float64}
# - {name: distance, unit: kpc, datatype: float64}
# - {name: pm_ra_cosdec, unit: mas / yr, datatype: float64}
# - {name: pm_dec, unit: mas / yr, datatype: float64}
# - {name: radial_velocity, unit: km / s, datatype: float64}
# delimiter: ','
# meta: !!omap
# - __serialized_columns__:
#     dec:
#       __class__: astropy.coordinates.angles.Latitude
#       unit: &id001 !astropy.units.Unit {unit: deg}
#       value: !astropy.table.SerializedColumn {name: dec}
#     distance:
#       __class__: astropy.coordinates.distances.Distance
#       unit: !astropy.units.Unit {unit: kpc}
#       value: !astropy.table.SerializedColumn {name: distance}
#     pm_dec:
#       __class__: astropy.units.quantity.Quantity
#       unit: !astropy.units.Unit {unit: mas / yr}
#       value: !astropy.table.SerializedColumn {name: pm_dec}
#     pm_ra_cosdec:
#       __class__: astropy.units.quantity.Quantity
#       unit: !astropy.units.Unit {unit: mas / yr}
#       value: !astropy.table.SerializedColumn {name: pm_ra_cosdec}
#     ra:
#       __class__: astropy.coordinates.angles.Longitude
#       unit: *id001
#       value: !astropy.table.SerializedColumn {name: ra}
#       wrap_angle: !astropy.coordinates.Angle
#         unit: *id001
#         value: 360.0
#     radial_velocity:
#       __class__: astropy.units.quantity.Quantity
#       unit: !astropy.units.Unit {unit: km / s}
#       value: !astropy.table.SerializedColumn {name: radial_velocity}
# schema: astropy-2.0
ra,dec,distance,pm_ra_cosdec,pm_dec,radial_velocity
[from data line 11388]
236.71818062504846,60.49955242082055,5.718802430381676,2.7252021433172247,4.34768957324096,8.420767129872338e-15
236.73463398721165,60.505743593718556,5.718512665236903,2.7264301173018923,4.346326643014526,-8.420767129872338e-15
236.7510939808841,60.51193252755913,5.718222595023999,2.7276578712535713,4.34496275833968,-2.5262301389617013e-14
236.76756060783524,60.518119220920774,5.717932219665668,2.7288854044545667,4.343597919005521,-4.210383564936169e-14
236.784033869832,60.52430367238127,5.717641539084607,2.730112716186355,4.342232124801667,0.0
236.80051376863858,60.530485880517794,5.71735055320352,2.7313398057295832,4.3408653755182325,-2.5262301389617013e-14
236.81700030601687,60.53666584390676,5.717059261945106,2.7325666723640896,4.339497670945843,-1.6841534259744676e-14
236.83349348372585,60.54284356112397,5.716767665232069,2.7337933153688656,4.338129010875633,8.420767129872338e-15
236.84999330352204,60.54901903074457,5.716475762987108,2.7350197340220914,4.336759395099257,-8.420767129872338e-15
236.86649976715947,60.555192251342945,5.716183555132922,2.7362459276011215,4.335388823408866,-1.6841534259744676e-14
236.8830128763893,60.56136322149293,5.715891041592214,2.7374718953824746,4.334017295597142,-4.210383564936169e-14
236.8995326329603,60.567531939767605,5.715598222287684,2.738697636641855,4.332644811457268,-4.210383564936169e-14
236.91605903861858,60.573698404739375,5.715305097142037,2.739923150654134,4.33127137078295,-1.6841534259744676e-14
236.93259209510748,60.57986261498003,5.715011666077965,2.7411484366933543,4.329896973368417,-4.210383564936169e-14
236.9491318041678,60.58602456906066,5.71471792901818,2.742373494032732,4.328521619008404,1.6841534259744676e-14
236.9656781675376,60.592184265551644,5.714423885885373,2.743598321944653,4.327145307498187,0.0
236.9822311869524,60.59834170302276,5.714129536602252,2.744822919700681,4.325768038633544,-2.5262301389617013e-14
236.99879086414506,60.60449688004308,5.713834881091515,2.7460472865715566,4.324389812210786,-2.5262301389617013e-14
237.01535720084573,60.610649795181025,5.713539919275862,2.7472714218271785,4.3230106280267515,-8.420767129872338e-15
237.03193019878182,60.616800447004316,5.713244651077992,2.7484953247366257,4.321630485878796,-2.5262301389617013e-14
237.04850985967812,60.622948834080056,5.712949076420615,2.7497189945681377,4.320249385564816,0.0
237.06509618525675,60.62909495497463,5.712653195226421,2.7509424305891397,4.318867326883225,-1.6841534259744676e-14
237.08168917723705,60.63523880825378,5.712357007418117,2.752165632066217,4.317484309632978,-2.5262301389617013e-14
237.0982888373358,60.64138039248262,5.712060512918402,2.753388598265127,4.316100333613548,-2.5262301389617013e-14
237.1148951672669,60.64751970622551,5.711763711649979,2.7546113284508005,4.3147153986249585,-2.5262301389617013e-14
237.13150816874162,60.65365674804618,5.711466603535547,2.755833821887331,4.313329504467756,-3.368306851948935e-14
237.14812784346856,60.659791516507745,5.711169188497809,2.757056077837987,4.311942650943022,-3.368306851948935e-14
237.16475419315344,60.66592401017262,5.710871466459463,2.758278095565202,4.310554837852385,-3.368306851948935e-14
237.1813872194994,60.672054227602516,5.710573437343209,2.759499874330586,4.309166064998006,-8.420767129872338e-15
237.1980269242067,60.67818216735854,5.710275101071754,2.7607214133949047,4.307776332182591,-1.6841534259744676e-14
237.2146733089729,60.68430782800109,5.709976457567793,2.761942712018103,4.306385639209383,-8.420767129872338e-15
237.23132637549284,60.69043120808994,5.709677506754031,2.7631637694592874,4.304993985882169,-4.210383564936169e-14
237.2479861254585,60.696552306184195,5.709378248553164,2.764384584976736,4.303601372005285,-4.210383564936169e-14
237.2646525605592,60.70267112084227,5.709078682887899,2.7656051578278933,4.302207797383609,-2.5262301389617013e-14
237.28132568248142,60.70878765062193,5.708778809680931,2.7668254872693723,4.300813261822567,0.0
237.29800549290874,60.71490189408027,5.708478628854967,2.768045572556944,4.299417765128138,1.6841534259744676e-14
237.31469199352213,60.721013849773755,5.708178140332702,2.769265412945556,4.298021307106845,-2.5262301389617013e-14
237.33138518599966,60.72712351625818,5.707877344036838,2.77048500768932,4.296623887565772,-3.368306851948935e-14
237.3480850720166,60.733230892088656,5.707576239890079,2.7717043560415133,4.295225506312547,-2.5262301389617013e-14
237.36479165324545,60.739335975819635,5.707274827815127,2.7729234572545804,4.293826163155351,-1.6841534259744676e-14
237.38150493135575,60.74543876600496,5.706973107734678,2.7741423105801237,4.292425857902937,-4.210383564936169e-14
237.39822490801436,60.75153926119775,5.706671079571438,2.775360915268919,4.2910245903646,0.0
237.41495158488527,60.75763745995049,5.706368743248102,2.7765792705709105,4.289622360350197,-1.6841534259744676e-14
237.43168496362946,60.763733360815024,5.706066098687375,2.7777973757351955,4.2882191676701575,-5.0524602779234026e-14
237.44842504590542,60.76982696234254,5.7057631458119555,2.7790152300100486,4.286815012135448,-2.5262301389617013e-14
237.46517183336832,60.77591826308354,5.705459884544549,2.7802328326428967,4.285409893557627,-2.5262301389617013e-14
237.48192532767075,60.78200726158787,5.705156314807851,2.7814501828803366,4.284003811748802,-2.5262301389617013e-14
237.49868553046244,60.788093956404765,5.704852436524567,2.7826672799681322,4.2825967665216425,0.0
237.51545244339005,60.79417834608274,5.704548249617395,2.783884123151208,4.281188757689399,-1.6841534259744676e-14
237.53222606809754,60.80026042916972,5.704243754009035,2.7851007116736524,4.279779785065885,0.0
237.54900640622586,60.80634020421292,5.703938949622191,2.7863170447787136,4.27836984846548,-2.5262301389617013e-14
237.56579345941307,60.812417669758936,5.703633836379561,2.7875331217088055,4.276958947703147,-1.6841534259744676e-14
237.58258722929438,60.818492824353704,5.70332841420385,2.7887489417055082,4.275547082594405,-1.6841534259744676e-14
237.59938771750203,60.824565666542505,5.703022683017754,2.7899645040095593,4.274134252955367,8.420767129872338e-15
237.61619492566527,60.83063619486995,5.7027166427439795,2.7911798078608605,4.272720458602713,-3.368306851948935e-14
237.63300885541054,60.83670440788002,5.70241029330522,2.792394852498478,4.271305699353698,-5.894536990910637e-14
237.64982950836128,60.842770304116044,5.702103634624184,2.7936096371606314,4.269889975026168,-8.420767129872338e-15
237.66665688613804,60.84883388212068,5.701796666623565,2.7948241610847178,4.268473285438532,0.0
237.68349099035825,60.85489514043595,5.7014893892260705,2.7960384235072757,4.267055630409799,-1.6841534259744676e-14
237.70033182263657,60.86095407760322,5.701181802354401,2.7972524236640206,4.265637009759551,-1.6841534259744676e-14
237.71717938458457,60.86701069216323,5.700873905931254,2.7984661607898236,4.264217423307959,-8.420767129872338e-15
237.73403367781088,60.873064982656004,5.700565699879331,2.7996796341187156,4.262796870875784,-2.5262301389617013e-14
237.75089470392112,60.87911694762102,5.700257184121332,2.800892842883887,4.261375352284368,-4.210383564936169e-14
237.76776246451806,60.88516658559705,5.699948358579962,2.8021057863176972,4.2599528673556435,-8.420767129872338e-15
237.78463696120116,60.891213895122156,5.699639223177919,2.803318463651648,4.258529415912147,-2.5262301389617013e-14
237.8015181955673,60.89725887473386,5.699329777837904,2.8045308741164274,4.257104997776984,-8.420767129872338e-15
237.81840616920985,60.90330152296899,5.699020022482618,2.8057430169418525,4.2556796127738785,-8.420767129872338e-15
237.8353008837196,60.90934183836374,5.698709957034763,2.806954891356926,4.254253260727135,-8.420767129872338e-15
237.8522023406841,60.91537981945363,5.69839958141704,2.808166496589797,4.252825941461661,-1.6841534259744676e-14
237.86911054168786,60.92141546477357,5.6980888955521465,2.809377831867777,4.251397654802959,8.420767129872338e-15
237.88602548831238,60.92744877285779,5.697777899362788,2.8105888964173342,4.249968400577135,0.0
237.9029471821361,60.93347974223992,5.697466592771663,2.8117996894640975,4.248538178610895,-8.420767129872338e-15
237.91987562473443,60.9395083714529,5.697154975701472,2.8130102102328562,4.2471069887315505,0.0
237.9368108176797,60.94553465902904,5.696843048074919,2.814220457947555,4.24567483076701,-1.6841534259744676e-14
237.9537527625411,60.951558603500075,5.696530809814701,2.8154304318312935,4.244241704545801,-2.5262301389617013e-14
237.97070146088487,60.957580203396965,5.696218260843521,2.8166401311063454,4.242807609897043,-3.368306851948935e-14
237.98765691427405,60.96359945725015,5.695905401084079,2.8178495549941234,4.241372546650479,-2.5262301389617013e-14
238.00461912426863,60.96961636358935,5.695592230459079,2.819058702715202,4.239936514636451,-1.6841534259744676e-14
238.0215880924255,60.975630920943686,5.695278748891215,2.8202675734893257,4.2384995136859205,0.0
238.03856382029832,60.981643127841636,5.694964956303197,2.8214761665353736,4.237061543630464,-1.6841534259744676e-14
238.05554630943794,60.98765298281103,5.694650852617718,2.8226844810714113,4.235622604302261,-8.420767129872338e-15
238.0725355613918,60.99366048437904,5.694336437757483,2.8238925163146398,4.234182695534121,1.6841534259744676e-14
238.08953157770415,60.99966563107225,5.6940217116451946,2.825100271481416,4.232741817159469,0.0
238.10653435991634,61.00566842141655,5.693706674203548,2.826307745787264,4.231299969012344,-3.368306851948935e-14
238.12354390956656,61.011668853937245,5.693391325355248,2.8275149384468703,4.229857150927406,-2.5262301389617013e-14
238.1405602281896,61.01766692715894,5.693075665022998,2.828721848674054,4.228413362739946,-3.368306851948935e-14
238.15758331731735,61.02366263960566,5.6927596931294895,2.829928475681815,4.226968604285874,-2.5262301389617013e-14
238.17461317847838,61.029655989800794,5.692443409597435,2.831134818682294,4.225522875401723,8.420767129872338e-15
238.1916498131981,61.03564697626704,5.692126814349529,2.8323408768867946,4.224076175924654,0.0
238.2086932229987,61.041635597526515,5.691809907308473,2.833546649505771,4.222628505692466,-4.210383564936169e-14
238.22574340939934,61.04762185210069,5.691492688396967,2.8347521357488397,4.221179864543576,-2.5262301389617013e-14
238.2428003739158,61.05360573851039,5.691175157537716,2.8359573348247658,4.219730252317039,-5.0524602779234026e-14
238.25986411806076,61.05958725527582,5.690857314653417,2.837162245941478,4.218279668852538,-2.5262301389617013e-14
238.27693464334365,61.06556640091655,5.690539159666772,2.838366868306051,4.216828113990397,8.420767129872338e-15
238.29401195127062,61.07154317395153,5.690220692500485,2.839571201124719,4.215375587571574,1.6841534259744676e-14
238.3110960433446,61.077517572899026,5.689901913077251,2.840775243602868,4.213922089437671,0.0
238.32818692106542,61.08348959627671,5.6895828213197746,2.841978994945049,4.212467619430916,-1.6841534259744676e-14
238.34528458592948,61.08945924260167,5.689263417150755,2.843182454354953,4.211012177394188,-8.420767129872338e-15
238.36238903943,61.0954265103903,5.688943700492897,2.8443856210354337,4.209555763171009,1.6841534259744676e-14
238.37950028305693,61.10139139815837,5.688623671268895,2.8455884941884952,4.20809837660554,-5.0524602779234026e-14
238.39661831829707,61.107353904421046,5.688303329401459,2.8467910730153045,4.2066400175425835,-4.210383564936169e-14
238.4137431466338,61.11331402769287,5.687982674813282,2.8479933567161764,4.205180685827601,-1.6841534259744676e-14
238.43087476954713,61.119271766487756,5.6876617074270674,2.8491953444905738,4.203720381306698,-2.5262301389617013e-14
238.448013188514,61.125227119318936,5.687340427165514,2.8503970355371235,4.202259103826629,-1.6841534259744676e-14
238.46515840500797,61.13118008469911,5.6870188339513295,2.8515984290536043,4.200796853234795,8.420767129872338e-15
238.4823104204992,61.13713066114025,5.686696927707207,2.852799524236942,4.1993336293792645,-8.420767129872338e-15
238.4994692364546,61.14307884715382,5.686374708355853,2.854000320283218,4.197869432108745,1.6841534259744676e-14
238.5166348543378,61.14902464125052,5.686052175819964,2.8552008163876748,4.196404261272608,-8.420767129872338e-15
238.53380727560895,61.15496804194056,5.685729330022247,2.8564010117446945,4.194938116720889,-1.6841534259744676e-14
238.55098650172516,61.16090904773344,5.685406170885393,2.8576009055478364,4.193470998304268,-8.420767129872338e-15
238.56817253413988,61.16684765713809,5.685082698332114,2.858800496989782,4.192002905874101,1.6841534259744676e-14
238.58536537430322,61.172783868662776,5.684758912285101,2.859999785262379,4.190533839282403,-3.368306851948935e-14
238.60256502366227,61.178717680815176,5.684434812667064,2.8611987695566405,4.18906379838184,-1.6841534259744676e-14
238.61977148366034,61.18464909210232,5.684110399400699,2.862397449062712,4.187592783025764,8.420767129872338e-15
238.63698475573756,61.190578101030646,5.683785672408707,2.863595822969903,4.1861207930681825,-4.210383564936169e-14
238.65420484133077,61.196504706105955,5.683460631613789,2.86479389046668,4.184647828363768,-1.6841534259744676e-14
238.67143174187314,61.202428905833415,5.683135276938646,2.8659916507406464,4.18317388876788,-1.6841534259744676e-14
238.68866545879462,61.20835069871761,5.682809608305981,2.8671891029785685,4.181698974136537,-5.894536990910637e-14
238.70590599352184,61.21427008326249,5.682483625638493,2.8683862463663687,4.180223084326427,0.0
238.72315334747782,61.22018705797138,5.682157328858883,2.86958308008911,4.178746219194927,-8.420767129872338e-15
238.74040752208222,61.22610162134701,5.681830717889853,2.8707796033310116,4.177268378600082,0.0
238.75766851875127,61.23201377189148,5.681503792654103,2.8719758152754498,4.175789562400621,-1.6841534259744676e-14
238.77493633889782,61.23792350810627,5.681176553074334,2.8731717151049487,4.174309770455946,-2.5262301389617013e-14
238.7922109839312,61.24383082849226,5.6808489990732465,2.874367302001187,4.172829002626146,-3.368306851948935e-14
238.80949245525736,61.24973573154966,5.68052113057354,2.8755625751449907,4.171347258771988,-5.0524602779234026e-14
238.8267807542787,61.25563821577822,5.680192947497922,2.8767575337163422,4.169864538754925,-2.5262301389617013e-14
238.8440758823942,61.26153827967686,5.679864449769084,2.8779521768943743,4.168380842437105,-8.420767129872338e-15
238.86137784099935,61.267435921744074,5.679535637309732,2.879146503857365,4.166896169681356,-1.6841534259744676e-14
238.8786866314861,61.273331140477666,5.67920651004257,2.88034051378275,4.1654105203511875,-8.420767129872338e-15
238.89600225524293,61.27922393437479,5.678877067890293,2.881534205847115,4.163923894310824,-3.368306851948935e-14
238.91332471365496,61.28511430193209,5.6785473107756035,2.8827275792262013,4.162436291425156,-4.210383564936169e-14
238.93065400810363,61.291002241645515,5.6782172386212055,2.8839206330948985,4.160947711559784,-2.5262301389617013e-14
238.9479901399669,61.29688775201045,5.677886851349797,2.88511336662724,4.159458154580999,-3.368306851948935e-14
238.9653331106192,61.30277083152166,5.677556148884079,2.886305778996423,4.157967620355793,-1.6841534259744676e-14
238.9826829214315,61.3086514786733,5.677225131146756,2.8874978693747857,4.156476108751855,-8.420767129872338e-15
239.00003957377112,61.31452969195892,5.676893798060521,2.8886896369338237,4.154983619637571,-3.368306851948935e-14
239.0174030690019,61.320405469871474,5.676562149548082,2.889881080844183,4.153490152882039,-2.5262301389617013e-14
239.03477340848409,61.326278810903275,5.676230185532139,2.891072200275653,4.151995708355049,-1.6841534259744676e-14
239.0521505935744,61.33214971354608,5.675897905935391,2.8922629943971856,4.150500285927106,-1.6841534259744676e-14
239.06953462562592,61.33801817629101,5.67556531068054,2.893453462376873,4.149003885469417,-4.210383564936169e-14
