galstreams/tracks/track.st.New-18.ibata2024.ecsv
# %ECSV 1.0
# ---
# datatype:
# - {name: ra, unit: deg, datatype: float64}
# - {name: dec, unit: deg, datatype: float64}
# - {name: distance, unit: kpc, datatype: float64}
# - {name: pm_ra_cosdec, unit: mas / yr, datatype: float64}
# - {name: pm_dec, unit: mas / yr, datatype: float64}
# - {name: radial_velocity, unit: km / s, datatype: float64}
# delimiter: ','
# meta: !!omap
# - __serialized_columns__:
#     dec:
#       __class__: astropy.coordinates.angles.Latitude
#       unit: &id001 !astropy.units.Unit {unit: deg}
#       value: !astropy.table.SerializedColumn {name: dec}
#     distance:
#       __class__: astropy.coordinates.distances.Distance
#       unit: !astropy.units.Unit {unit: kpc}
#       value: !astropy.table.SerializedColumn {name: distance}
#     pm_dec:
#       __class__: astropy.units.quantity.Quantity
#       unit: !astropy.units.Unit {unit: mas / yr}
#       value: !astropy.table.SerializedColumn {name: pm_dec}
#     pm_ra_cosdec:
#       __class__: astropy.units.quantity.Quantity
#       unit: !astropy.units.Unit {unit: mas / yr}
#       value: !astropy.table.SerializedColumn {name: pm_ra_cosdec}
#     ra:
#       __class__: astropy.coordinates.angles.Longitude
#       unit: *id001
#       value: !astropy.table.SerializedColumn {name: ra}
#       wrap_angle: !astropy.coordinates.Angle
#         unit: *id001
#         value: 360.0
#     radial_velocity:
#       __class__: astropy.units.quantity.Quantity
#       unit: !astropy.units.Unit {unit: km / s}
#       value: !astropy.table.SerializedColumn {name: radial_velocity}
# schema: astropy-2.0
ra,dec,distance,pm_ra_cosdec,pm_dec,radial_velocity
[from data line 279]
212.20918140880894,17.80660548686101,0.9999999999999998,-2.577344431611067,-1.252568456379855,1000.0000000000006
212.2176053755775,17.81351007079684,0.9999999999999999,-2.580046998394522,-1.2569048359077257,1000.0000000000008
212.22601142118887,17.82042116510779,0.9999999999999996,-2.5827486963702597,-1.2612496172463707,1000.0000000000006
212.23439952027377,17.827338781148196,0.9999999999999999,-2.585449528789127,-1.2656027920761517,1000.0000000000003
212.24276964745673,17.834262930275102,0.9999999999999998,-2.588149498892278,-1.2699643520799881,1000.0000000000001
212.25112177735622,17.841193623848273,0.9999999999999999,-2.5908486099111627,-1.2743342889433293,1000.0000000000003
212.25945588458455,17.84813087323021,0.9999999999999998,-2.593546865067225,-1.2787125943539763,1000.0000000000006
212.26777194374773,17.85507468978591,0.9999999999999999,-2.596244267572061,-1.2830992600022526,1000.0000000000001
212.27606992944567,17.862025084883182,0.9999999999999999,-2.598940820627533,-1.2874942775810183,1000.0000000000002
212.284349816272,17.8689820698924,0.9999999999999998,-2.601636527425626,-1.2918976387855707,1000.0000000000002
212.29261157881407,17.87594565618649,0.9999999999999998,-2.60433139114825,-1.2963093353137296,1000.0000000000003
212.3008551916529,17.882915855140983,0.9999999999999999,-2.6070254149674525,-1.3007293588658442,1000.0000000000007
212.30908062936325,17.889892678133968,0.9999999999999999,-2.609718602045419,-1.3051577011446795,1000.0000000000002
212.31728786651337,17.896876136545895,1.0,-2.6124109555340027,-1.3095943538556583,1000.0000000000003
212.32547687766527,17.903866241759854,0.9999999999999999,-2.6151024785756363,-1.31403930870664,1000.0000000000002
212.33364763737438,17.91086300516134,0.9999999999999999,-2.617793174301994,-1.3184925574080353,1000.0000000000003
212.3418001201899,17.91786643813828,0.9999999999999998,-2.620483045835428,-1.3229540916728197,1000.0000000000002
212.3499343006543,17.924876552081,1.0,-2.6231720962876466,-1.327423903216527,1000.0000000000006
212.35805015330368,17.931893358382254,0.9999999999999998,-2.625860328760538,-1.3319019837572412,1000.0000000000003
212.36614765266754,17.938916868437,1.0,-2.628547746345859,-1.3363883250155908,1000.0000000000006
212.37422677326882,17.94594709364267,0.9999999999999998,-2.6312343521250483,-1.3408829187146836,1000.0000000000002
212.38228748962382,17.952984045398935,0.9999999999999999,-2.6339201491695263,-1.3453857565804697,1000.0000000000006
212.3903297762423,17.96002773510775,0.9999999999999999,-2.6366051405405244,-1.349896830341244,1000.0000000000003
212.39835360762726,17.967078174173302,0.9999999999999999,-2.639289329288971,-1.3544161317279517,1000.0000000000003
212.406358958275,17.974135374002056,0.9999999999999999,-2.64197271845552,-1.358943652474224,1000.0000000000001
212.41434580267514,17.981199346002505,1.0,-2.6446553110707214,-1.3634793843162143,1000.0000000000006
212.42231411531048,17.988270101585453,0.9999999999999998,-2.6473371101547656,-1.3680233189927122,1000.0000000000003
212.43026387065711,17.99534765216379,0.9999999999999999,-2.6500181187175826,-1.3725754482451578,1000.0000000000006
212.4381950431842,18.00243200915253,0.9999999999999998,-2.6526983397584587,-1.3771357638175843,1000.0000000000003
212.44610760735418,18.00952318396878,1.0,-2.655377776266832,-1.3817042574566827,1000.0000000000006
212.45400153762245,18.016621188031596,0.9999999999999999,-2.6580564312213397,-1.386280920911858,1000.0000000000006
212.4618768084376,18.023726032762163,0.9999999999999998,-2.660734307590431,-1.3908657459349953,1000.0000000000006
212.46973339424127,18.03083772958365,1.0,-2.663411408332138,-1.395458724280843,1000.0000000000002
212.47757126946806,18.037956289921155,1.0,-2.6660877363939477,-1.4000598477066717,1000.0000000000006
212.48539040854558,18.045081725201747,0.9999999999999999,-2.6687632947127895,-1.4046691079725022,1000.0000000000006
212.49319078589446,18.052214046854452,0.9999999999999997,-2.671438086215389,-1.4092864968410055,1000.0000000000006
212.5009723759281,18.05935326631001,0.9999999999999998,-2.674112113817614,-1.4139120060775383,1000.0000000000007
212.5087351530529,18.066499395001188,0.9999999999999999,-2.676785380424974,-1.4185456274502286,1000.0000000000003
212.51647909166815,18.073652444362526,0.9999999999999999,-2.679457888932504,-1.4231873527298617,1000.0000000000006
212.5242041661659,18.080812425830352,0.9999999999999998,-2.682129642224524,-1.4278371736898876,1000.0000000000001
212.531910350931,18.087979350842765,1.0,-2.6848006431746114,-1.4324950821065627,1000.0000000000001
212.5395976203411,18.09515323083968,0.9999999999999998,-2.6874708946459265,-1.4371610697588864,1000.0000000000001
212.5472659487665,18.102334077262533,1.0,-2.6901403994908577,-1.4418351284284654,1000.0000000000006
212.55491531057027,18.109521901554622,0.9999999999999999,-2.6928091605511355,-1.44651724989982,1000.0000000000002
212.5625456801081,18.11671671516083,0.9999999999999998,-2.695477180657761,-1.451207425960078,1000.0000000000002
212.57015703172831,18.123918529527693,0.9999999999999998,-2.698144462631106,-1.455905648399252,1000.0000000000001
212.57774933977188,18.13112735610331,0.9999999999999998,-2.7008110092806277,-1.4606119090100833,1000.0000000000001
212.5853225785723,18.138343206337424,0.9999999999999998,-2.70347682340514,-1.4653261995880413,1000.0000000000001
212.59287672245554,18.14556609168114,0.9999999999999999,-2.706141907792585,-1.470048511931445,1000.0000000000001
212.60041174574013,18.152796023587232,0.9999999999999998,-2.7088062652199767,-1.4747788378413773,1000.0000000000002
212.6079276227371,18.160033013509903,0.9999999999999998,-2.711469898453771,-1.479517169121742,1000.0000000000002
212.61542432774976,18.167277072904813,0.9999999999999997,-2.7141328102492537,-1.4842634975792635,1000.0000000000001
212.62290183507403,18.174528213229063,0.9999999999999998,-2.716795003350896,-1.489017815023388,1000.0000000000001
212.63036011899794,18.181786445941015,1.0,-2.719456480492326,-1.493780113266574,1000.0000000000003
212.63779915380206,18.189051782500528,0.9999999999999997,-2.7221172443962445,-1.498550384123952,1000.0000000000002
212.64521891375915,18.196324234368742,0.9999999999999999,-2.724777297774196,-1.5033286194135371,1000.0000000000002
212.6526193731342,18.203603813008108,0.9999999999999998,-2.727436643326911,-1.5081148109562932,1000.0000000000001
212.66000050618453,18.21089052988231,0.9999999999999999,-2.7300952837440633,-1.5129089505758486,1000.0
212.6673622871596,18.21818439645635,0.9999999999999998,-2.732753221704229,-1.5177110300989014,1000.0000000000001
212.67470469030093,18.225485424196275,0.9999999999999999,-2.7354104598750126,-1.5225210413549135,1000.0000000000002
212.68202768984227,18.232793624569457,0.9999999999999998,-2.7380670009127783,-1.527338976176253,1000.0000000000006
212.68933126000942,18.24010900904436,0.9999999999999998,-2.7407228474629477,-1.5321648263982226,1000.0000000000003
212.69661537502026,18.247431589090564,0.9999999999999998,-2.7433780021597443,-1.5369985838589528,1000.0000000000002
212.70388000908463,18.254761376178735,0.9999999999999999,-2.7460324676261365,-1.541840240399523,1000.0
212.7111251364044,18.26209838178064,0.9999999999999999,-2.7486862464740085,-1.5466897878639543,1000.0000000000001
212.71835073117327,18.269442617368902,1.0,-2.751339341303975,-1.5515472180991239,1000.0000000000002
212.72555676757707,18.27679409441731,1.0,-2.753991754705666,-1.5564125229549575,1000.0000000000002
212.73274321979324,18.28415282440053,0.9999999999999999,-2.7566434892569447,-1.5612856942842157,999.9999999999999
212.73991006199125,18.291518818794174,0.9999999999999999,-2.759294547524931,-1.566166723942679,1000.0000000000002
212.7470572683323,18.298892089074755,1.0,-2.761944932065063,-1.571055603789027,1000.0000000000003
212.75418481296936,18.30627264671967,0.9999999999999999,-2.7645946454215533,-1.5759523256849803,1000.0000000000002
212.76129267004708,18.313660503207018,0.9999999999999998,-2.7672436901274438,-1.5808568814951798,1000.0000000000001
212.7683808137019,18.321055670015852,0.9999999999999998,-2.769892068704081,-1.5857692630873004,1000.0000000000001
212.77544921806185,18.328458158625928,0.9999999999999999,-2.772539783661742,-1.590689462332044,1000.0000000000001
212.7824978572466,18.335867980517733,0.9999999999999998,-2.7751868374990067,-1.5956174711029192,1000.0000000000001
212.7895267053674,18.343285147172523,1.0,-2.777833232703017,-1.6005532812766603,1000.0000000000001
212.79653573652703,18.35070967007206,1.0,-2.7804789717497584,-1.605496884732986,1000.0000000000003
212.80352492481978,18.358141560698904,0.9999999999999999,-2.7831240571032367,-1.6104482733545638,1000.0000000000003
212.8104942443315,18.36558083053616,1.0,-2.7857684912163307,-1.6154074390271944,1000.0000000000002
212.8174436691393,18.373027491067514,0.9999999999999999,-2.78841227653011,-1.6203743736396206,1000.0000000000002
212.82437317331187,18.38048155377718,0.9999999999999999,-2.7910554154742613,-1.6253490690837467,1000.0000000000002
212.8312827309092,18.387943030149952,0.9999999999999999,-2.793697910466875,-1.6303315172545112,1000.0000000000003
212.8381723159825,18.395411931670917,0.9999999999999999,-2.7963397639141334,-1.6353217100498583,1000.0000000000001
212.8450419025744,18.402888269825763,0.9999999999999998,-2.798980978210821,-1.6403196393708939,1000.0000000000002
212.85189146471873,18.41037205610055,0.9999999999999999,-2.8016215557400983,-1.6453252971218149,1000.0000000000001
212.85872097644057,18.41786330198169,1.0,-2.8042614988732737,-1.6503386752098521,1000.0000000000003
212.86553041175608,18.425362018955955,0.9999999999999999,-2.8069008099699886,-1.655359765545434,1000.0000000000002
212.87231974467267,18.432868218510457,1.0,-2.8095394913781035,-1.6603885600420227,1000.0000000000001
212.87908894918874,18.44038191213244,1.0,-2.8121775454338547,-1.665425050616264,1000.0000000000002
212.8858379992938,18.447903111309543,0.9999999999999999,-2.8148149744615125,-1.6704692291879937,1000.0
212.89256686896843,18.455431827529534,0.9999999999999999,-2.817451780773581,-1.6755210876799964,1000.0000000000001
212.8992755321841,18.462968072280386,0.9999999999999999,-2.8200879666707124,-1.6805806180184462,1000.0000000000002
212.90596396290326,18.470511857050184,0.9999999999999998,-2.8227235344416783,-1.6856478121325509,1000.0000000000001
212.91263213507935,18.47806319332719,0.9999999999999999,-2.825358486363527,-1.6907226619547302,1000.0000000000001
212.9192800226565,18.485622092599545,1.0,-2.8279928247010844,-1.6958051594204733,1000.0000000000002
212.9259075995698,18.493188566355624,1.0,-2.8306265517075246,-1.7008952964687154,1000.0000000000001
212.93251483974507,18.500762626083716,1.0,-2.8332596696237857,-1.7059930650413904,1000.0000000000001
212.93910171709894,18.508344283272084,0.9999999999999999,-2.835892180679096,-1.7110984570836436,1000.0
212.9456682055387,18.515933549408985,0.9999999999999999,-2.838524087090363,-1.7162114645439601,1000.0000000000001
212.95221427896234,18.52353043598238,1.0,-2.841155391062699,-1.7213320793738873,1000.0000000000002
212.95873991125842,18.531134954480294,1.0,-2.84378609478901,-1.7264602935283904,1000.0
212.96524507630616,18.538747116390486,1.0,-2.846416200450193,-1.731596098965582,1000.0000000000001
212.97172974797527,18.546366933200535,1.0,-2.849045710214966,-1.736739487646851,1000.0
212.97819390012606,18.553994416397735,1.0,-2.851674626239898,-1.741890451536797,1000.0000000000002
212.9846375066092,18.561629577469198,0.9999999999999999,-2.854302950669421,-1.747048982603431,999.9999999999999
212.99106054126585,18.56927242790153,0.9999999999999999,-2.8569306856356746,-1.7522150728178971,1000.0000000000001
212.9974629779276,18.57692297918115,1.0,-2.859557833258819,-1.7573887141547573,1000.0
213.0038447904163,18.584581242794034,1.0,-2.8621843956465796,-1.7625698985917992,1000.0000000000002
213.01020595254414,18.592247230225745,1.0,-2.8648103748943186,-1.7677586181101788,1000.0000000000001
213.01654643811366,18.599920952961362,1.0,-2.8674357730853615,-1.7729548646942703,1000.0000000000001
213.02286622091754,18.607602422485545,0.9999999999999999,-2.870060592290571,-1.7781586303319301,1000.0
213.0291652747386,18.61529165028226,1.0,-2.872684834568446,-1.7833699070142472,1000.0
213.03544357334997,18.622988647835033,0.9999999999999999,-2.875308501965236,-1.7885886867357144,1000.0000000000002
213.04170109051472,18.630693426626777,1.0,-2.877931596514543,-1.7938149614942063,1000.0000000000001
213.04793779998602,18.638405998139717,1.0,-2.8805541202377185,-1.7990487232908592,1000.0
213.0541536755072,18.646126373855434,1.0,-2.8831760751438225,-1.8042899641303052,1000.0
213.06034869081137,18.65385456525483,1.0,-2.885797463229167,-1.8095386760205372,1000.0000000000003
213.06652281962167,18.661590583817887,1.0,-2.8884182864776164,-1.8147948509729162,1000.0
213.07267603565117,18.669334441023985,1.0,-2.891038546860642,-1.8200584810022988,1000.0000000000003
213.07880831260275,18.677086148351574,1.0,-2.893658246337111,-1.825329558126768,1000.0
213.08491962416912,18.684845717278296,1.0,-2.8962773868533134,-1.830608074368108,1000.0000000000002
213.09100994403272,18.692613159280906,1.0,-2.8988959703427923,-1.8358940217513435,999.9999999999999
213.09707924586573,18.70038848583507,0.9999999999999999,-2.9015139987266565,-1.8411873923050024,1000.0000000000003
213.1031275033301,18.708171708415634,1.0,-2.90413147391331,-1.8464881780610938,999.9999999999999
213.10915469007725,18.71596283849638,1.0,-2.906748397798495,-1.851796371055059,1000.0000000000002
213.1151607797484,18.723761887550033,1.0,-2.9093647722652207,-1.8571119633258704,1000.0000000000001
213.12114574597416,18.73156886704823,0.9999999999999999,-2.9119805991836643,-1.8624349469159895,1000.0
213.12710956237478,18.73938378846152,1.0,-2.9145958804114542,-1.8677653138712458,1000.0
213.13305220255987,18.747206663259146,0.9999999999999998,-2.917210617793316,-1.8731030562412059,1000.0000000000002
213.13897364012848,18.75503750290927,1.0,-2.9198248131610995,-1.8784481660787122,1000.0000000000002
213.1448738486692,18.7628763188788,1.0,-2.922438468334036,-1.883800635440359,999.9999999999999
213.15075280175975,18.77072312263332,0.9999999999999999,-2.9250515851184105,-1.8891604563861293,1000.0000000000001
213.1566104729672,18.778577925637116,0.9999999999999998,-2.9276641653073625,-1.894527620979602,1000.0000000000001
213.16244683584802,18.78644073935316,0.9999999999999999,-2.930276210681498,-1.8999021212879512,1000.0000000000001
213.16826186394766,18.794311575242855,1.0,-2.9328877230083634,-1.9052839493818468,1000.0000000000003
213.1740555308009,18.802190444766325,1.0,-2.9354987040423453,-1.9106730973356036,1000.0000000000002
213.17982780993157,18.81007735938218,1.0,-2.9381091555250833,-1.9160695572270967,1000.0000000000002
213.18557867485256,18.817972330547487,1.0,-2.9407190791852145,-1.9214733211378245,1000.0000000000002
213.19130809906588,18.825875369717778,1.0,-2.943328476738131,-1.9268843811528669,1000.0
213.19701605606244,18.833786488347013,1.0,-2.9459373498862647,-1.93230272936092,1000.0
213.20270251932212,18.841705697887384,1.0,-2.9485457003190305,-1.9377283578543967,1000.0000000000001
213.20836746231362,18.849633009789553,0.9999999999999999,-2.9511535297125704,-1.943161258729269,1000.0
213.21401085849465,18.857568435502397,1.0,-2.9537608397300517,-1.9486014240851048,1000.0000000000001
213.2196326813116,18.865511986473063,1.0,-2.9563676320212835,-1.9540488460252945,1000.0000000000001
213.22523290419966,18.873463674146926,0.9999999999999999,-2.9589739082230295,-1.9595035166568096,1000.0000000000001
213.23081150058272,18.881423509967387,1.0,-2.961579669958738,-1.9649654280902595,1000.0000000000002
213.23636844387332,18.8893915053761,0.9999999999999999,-2.964184918838569,-1.9704345724400483,999.9999999999999
213.24190370747266,18.89736767181278,1.0,-2.966789656459568,-1.975910941824246,1000.0000000000001
213.24741726477055,18.905352020715153,1.0,-2.9693938844053207,-1.981394528364568,1000.0000000000001
