galstreams/tracks/track.st.Gaia-10.ibata2021.ecsv
# %ECSV 0.9
# ---
# datatype:
# - {name: ra, unit: deg, datatype: float64}
# - {name: dec, unit: deg, datatype: float64}
# - {name: distance, unit: kpc, datatype: float64}
# - {name: pm_ra_cosdec, unit: mas / yr, datatype: float64}
# - {name: pm_dec, unit: mas / yr, datatype: float64}
# - {name: radial_velocity, unit: km / s, datatype: float64}
# delimiter: ','
# meta: !!omap
# - __serialized_columns__:
#     dec:
#       __class__: astropy.coordinates.angles.Latitude
#       unit: &id001 !astropy.units.Unit {unit: deg}
#       value: !astropy.table.SerializedColumn {name: dec}
#     distance:
#       __class__: astropy.coordinates.distances.Distance
#       unit: !astropy.units.Unit {unit: kpc}
#       value: !astropy.table.SerializedColumn {name: distance}
#     pm_dec:
#       __class__: astropy.units.quantity.Quantity
#       unit: !astropy.units.Unit {unit: mas / yr}
#       value: !astropy.table.SerializedColumn {name: pm_dec}
#     pm_ra_cosdec:
#       __class__: astropy.units.quantity.Quantity
#       unit: !astropy.units.Unit {unit: mas / yr}
#       value: !astropy.table.SerializedColumn {name: pm_ra_cosdec}
#     ra:
#       __class__: astropy.coordinates.angles.Longitude
#       unit: *id001
#       value: !astropy.table.SerializedColumn {name: ra}
#       wrap_angle: !astropy.coordinates.Angle
#         unit: *id001
#         value: 360.0
#     radial_velocity:
#       __class__: astropy.units.quantity.Quantity
#       unit: !astropy.units.Unit {unit: km / s}
#       value: !astropy.table.SerializedColumn {name: radial_velocity}
# schema: astropy-2.0
ra,dec,distance,pm_ra_cosdec,pm_dec,radial_velocity
[from data line 1369]
164.84215313212727,14.476041024654677,12.651671742895767,-4.663121529411119,-3.195401080447884,-5.0524602779234026e-14
164.8524237648545,14.4749380224221,12.649937353375961,-4.664540917564537,-3.1956809281393936,-9.262843842859572e-14
164.86269430443352,14.473834643628656,12.648204081755873,-4.665963141899175,-3.1959620353731744,-2.5262301389617013e-14
164.87296475072614,14.472730887428783,12.646471924984338,-4.667388207599119,-3.196244405738743,8.420767129872338e-15
164.88323510359402,14.471626752976956,12.6447408800102,-4.668816119849105,-3.196528042824785,-1.6841534259744676e-14
164.89350536289868,14.470522239427691,12.643010943782286,-4.670246883834494,-3.1968129502191642,-7.578690416885104e-14
164.90377552850146,14.46941734593553,12.641282113249432,-4.671680504741286,-3.1970991315089172,-8.420767129872338e-15
164.91404560026362,14.468312071655049,12.639554385360475,-4.673116987756117,-3.1973865902802463,-1.0946997268834039e-13
164.92431557804622,14.467206415740867,12.637827757064247,-4.674556338066256,-3.197675330118532,-7.578690416885104e-14
164.93458546171013,14.466100377347624,12.636102225309589,-4.675998560859601,-3.197965354608327,-9.262843842859572e-14
164.9448552511162,14.464993955630005,12.634377787045333,-4.677443661324693,-3.198256667333355,-7.578690416885104e-14
164.95512494612498,14.463887149742726,12.632654439220309,-4.678891644650702,-3.198549271876514,-3.368306851948935e-14
164.96539454659703,14.462779958840532,12.630932178783358,-4.680342516027431,-3.1988431718198793,0.0
164.9756640523926,14.461672382078214,12.629211002683311,-4.681796280645316,-3.199138370744692,3.368306851948935e-14
164.98593346337194,14.460564418610575,12.62749090786901,-4.6832529436954236,-3.1994348722313717,-1.6841534259744676e-14
164.99620277939508,14.459456067592477,12.62577189128928,-4.684712510369463,-3.1997326798595163,-5.894536990910637e-14
165.0064720003218,14.458347328178808,12.624053949892964,-4.6861749858597594,-3.200031797207889,0.0
165.01674112601196,14.457238199524479,12.62233708062889,-4.687640375359285,-3.200332227854435,1.6841534259744676e-14
165.0270101563251,14.456128680784447,12.620621280445901,-4.689108684061634,-3.2006339753762685,-6.73661370389787e-14
165.03727909112064,14.455018771113698,12.61890654629283,-4.690579917161036,-3.2009370433496818,-3.368306851948935e-14
165.04754793025793,14.453908469667262,12.617192875118505,-4.692054079852351,-3.201241435350144,-8.420767129872338e-14
165.05781667359608,14.452797775600182,12.61548026387177,-4.693531177331071,-3.2015471549522942,-6.73661370389787e-14
165.06808532099407,14.451686688067557,12.613768709501453,-4.6950112147933165,-3.201854205729953,-1.0104920555846805e-13
165.07835387231077,14.450575206224505,12.612058208956395,-4.696494197435838,-3.202162591256111,-5.0524602779234026e-14
165.0886223274049,14.449463329226193,12.610348759185422,-4.697980130456019,-3.202472315102941,8.420767129872338e-15
165.098890686135,14.448351056227807,12.60864035713738,-4.699469019051868,-3.2027833808417836,-7.578690416885104e-14
165.10915894835946,14.447238386384583,12.606932999761094,-4.700960868422031,-3.203095792043164,-4.210383564936169e-14
165.11942711393658,14.446125318851772,12.605226684005409,-4.702455683765771,-3.2034095522767787,-6.73661370389787e-14
165.12969518272445,14.445011852784667,12.603521406819153,-4.7039534702829915,-3.203724665111502,-1.6841534259744676e-14
165.13996315458104,14.443897987338607,12.601817165151164,-4.705454233174217,-3.2040411341153865,-2.5262301389617013e-14
165.15023102936416,14.442783721668949,12.600113955950274,-4.706957977640606,-3.2043589628556592,-3.368306851948935e-14
165.16049880693149,14.441669054931097,12.59841177616532,-4.708464708883941,-3.204678154898729,-4.210383564936169e-14
165.17076648714055,14.440553986280477,12.596710622745139,-4.70997443210663,-3.204998713810177,-8.420767129872338e-15
165.18103406984875,14.439438514872561,12.595010492638561,-4.71148715251172,-3.2053206431547654,-4.210383564936169e-14
165.19130155491328,14.43832263986285,12.593311382794425,-4.713002875302871,-3.2056439464964326,-6.73661370389787e-14
165.20156894219122,14.43720636040688,12.591613290161565,-4.71452160568438,-3.205968627398298,-7.578690416885104e-14
165.2118362315395,14.43608967566021,12.589916211688815,-4.716043348861162,-3.206294689422654,-7.578690416885104e-14
165.22210342281494,14.434972584778453,12.58822014432501,-4.717568110038766,-3.206622136130977,-3.368306851948935e-14
165.2323705158742,14.433855086917244,12.586525085018987,-4.719095894423365,-3.2069509710839186,-6.73661370389787e-14
165.24263751057373,14.432737181232259,12.584831030719581,-4.720626707221756,-3.207281197841309,-6.73661370389787e-14
165.2529044067699,14.431618866879202,12.583137978375625,-4.722160553641364,-3.2076128199621636,-2.5262301389617013e-14
165.26317120431887,14.430500143013814,12.58144592493595,-4.723697438890239,-3.207945841004669,-2.5262301389617013e-14
165.27343790307677,14.429381008791871,12.5797548673494,-4.725237368177052,-3.2082802645261963,-6.73661370389787e-14
165.28370450289947,14.428261463369182,12.578064802564807,-4.726780346711104,-3.2086160940832937,-1.0104920555846805e-13
165.29397100364272,14.427141505901593,12.576375727531,-4.728326379702318,-3.2089533332316917,-5.894536990910637e-14
165.30423740516216,14.42602113554498,12.574687639196819,-4.729875472361241,-3.2092919855263,8.420767129872338e-15
165.31450370731324,14.42490035145526,12.573000534511102,-4.731427629899045,-3.209632054521207,-8.420767129872338e-14
165.3247699099513,14.42377915278837,12.571314410422683,-4.732982857527522,-3.209973543769684,-9.262843842859572e-14
165.33503601293148,14.422657538700308,12.569629263880389,-4.734541160459096,-3.2103164568241844,-2.5262301389617013e-14
165.34530201610886,14.421535508347077,12.56794509183306,-4.736102543906802,-3.210660797236338,-5.894536990910637e-14
165.3555679193383,14.420413060884734,12.566261891229534,-4.737667013084311,-3.2110065685569587,-7.578690416885104e-14
165.36583372247452,14.41929019546937,12.56457965901864,-4.739234573205904,-3.2113537743360436,-5.0524602779234026e-14
165.37609942537216,14.418166911257083,12.562898392149222,-4.740805229486491,-3.211702418122765,-5.894536990910637e-14
165.3863650278856,14.41704320740405,12.561218087570108,-4.7423789871416036,-3.212052503465485,2.5262301389617013e-14
165.39663052986919,14.41591908306645,12.55953874223013,-4.743955851387396,-3.212404033911744,0.0
165.40689593117708,14.414794537400507,12.55786035307813,-4.745535827440639,-3.212757013008262,-9.262843842859572e-14
165.41716123166324,14.413669569562474,12.556182917062943,-4.747118920518729,-3.213111444300944,-5.894536990910637e-14
165.42742643118154,14.41254417870865,12.554506431133397,-4.748705135839682,-3.2134673313348823,8.420767129872338e-15
165.43769152958575,14.41141836399536,12.552830892238337,-4.750294478622133,-3.2138246776543413,-5.0524602779234026e-14
165.4479565267294,14.410292124578959,12.551156297326587,-4.751886954085343,-3.2141834868027783,-8.420767129872338e-14
165.45822142246587,14.409165459615851,12.549482643346987,-4.753482567449182,-3.2145437623228306,-4.210383564936169e-14
165.46848621664853,14.408038368262462,12.547809927248377,-4.755081323934151,-3.214905507756318,-6.73661370389787e-14
165.4787509091304,14.406910849675253,12.546138145979585,-4.756683228761365,-3.2152687266442426,8.420767129872338e-15
165.48901549976458,14.40578290301073,12.544467296489445,-4.758288287152559,-3.2156334225267966,0.0
165.49927998840386,14.404654527425427,12.542797375726797,-4.759896504330089,-3.215999598943348,-5.0524602779234026e-14
165.5095443749009,14.403525722075901,12.541128380640481,-4.761507885516918,-3.2163672594324555,8.420767129872338e-15
165.51980865910835,14.402396486118766,12.539460308179319,-4.7631224359366495,-3.2167364075318594,-1.6841534259744676e-14
165.53007284087852,14.401266818710656,12.537793155292153,-4.764740160813483,-3.2171070467784864,-5.894536990910637e-14
165.5403369200637,14.400136719008247,12.536126918927815,-4.7663610653722515,-3.217479180708448,-5.0524602779234026e-14
165.550600896516,14.39900618616824,12.534461596035147,-4.767985154838394,-3.2178528128570396,-1.6841534259744676e-14
165.5608647700874,14.397875219347371,12.532797183562979,-4.769612434437973,-3.2182279467587414,1.6841534259744676e-14
165.5711285406297,14.396743817702436,12.531133678460138,-4.771242909397672,-3.218604585947223,-1.6841534259744676e-14
165.58139220799464,14.39561198039023,12.529471077675476,-4.772876584944776,-3.2189827339553343,-7.578690416885104e-14
165.59165577203365,14.394479706567601,12.527809378157816,-4.774513466307204,-3.219362394315116,-8.420767129872338e-15
165.60191923259822,14.393346995391429,12.526148576855991,-4.776153558713482,-3.2197435705577933,-5.0524602779234026e-14
165.61218258953954,14.392213846018626,12.524488670718851,-4.77779686739275,-3.2201262662137773,1.6841534259744676e-14
165.62244584270871,14.391080257606149,12.522829656695212,-4.779443397574769,-3.220510484812668,-7.578690416885104e-14
165.63270899195672,14.389946229310969,12.521171531733925,-4.781093154489911,-3.2208962298832473,8.420767129872338e-15
165.64297203713434,14.38881176029012,12.519514292783812,-4.7827461433691685,-3.2212835049534916,-1.0946997268834039e-13
165.65323497809223,14.387676849700648,12.517857936793721,-4.78440236944414,-3.2216723135505565,8.420767129872338e-15
165.66349781468094,14.386541496699644,12.516202460712476,-4.786061837947045,-3.2220626592007924,-7.578690416885104e-14
165.67376054675086,14.38540570044422,12.514547861488916,-4.787724554110716,-3.222454545429734,-7.578690416885104e-14
165.68402317415214,14.38426946009155,12.512894136071873,-4.789390523168601,-3.2228479757621034,-9.262843842859572e-14
165.69428569673494,14.383132774798808,12.511241281410188,-4.791059750354757,-3.2232429537218117,-3.368306851948935e-14
165.70454811434914,14.381995643723238,12.509589294452693,-4.792732240903854,-3.2236394828319597,0.0
165.71481042684462,14.380858066022093,12.507938172148226,-4.794408000051181,-3.2240375666148324,-5.894536990910637e-14
165.72507263407095,14.379720040852675,12.506287911445613,-4.796087033032638,-3.224437208591911,-4.210383564936169e-14
165.73533473587767,14.37858156737231,12.504638509293699,-4.79776934508473,-3.22483841228386,8.420767129872338e-15
165.7455967321142,14.377442644738364,12.502989962641315,-4.799454941444584,-3.225241181210533,-8.420767129872338e-14
165.75585862262963,14.376303272108242,12.501342268437291,-4.801143827349936,-3.2256455188909787,-5.894536990910637e-14
165.76612040727315,14.375163448639377,12.49969542363047,-4.8028360080391295,-3.2260514288434288,-1.0104920555846805e-13
165.7763820858936,14.37402317348924,12.498049425169684,-4.8045314887511195,-3.2264589145853084,-1.6841534259744676e-14
165.78664365833987,14.372882445815334,12.496404270003769,-4.80623027472548,-3.226867979633232,1.6841534259744676e-14
165.79690512446052,14.371741264775208,12.494759955081555,-4.807932371202389,-3.2272786275030043,-1.6841534259744676e-14
165.80716648410407,14.370599629526426,12.493116477351885,-4.809637783422635,-3.2276908617096223,1.6841534259744676e-14
165.8174277371189,14.369457539226604,12.491473833763589,-4.811346516627617,-3.2281046857672715,0.0
165.82768888335318,14.368314993033383,12.4898320212655,-4.813058576059347,-3.228520103189331,1.6841534259744676e-14
165.83794992265499,14.367171990104449,12.48819103680646,-4.814773966960444,-3.2289371174883654,0.0
165.84821085487226,14.366028529597509,12.486550877335295,-4.816492694574136,-3.2293557321761392,-3.368306851948935e-14
165.85847167985278,14.364884610670321,12.484911539800848,-4.818214764144261,-3.229775950763604,-1.0946997268834039e-13
165.86873239744415,14.363740232480662,12.483273021151948,-4.8199401809152675,-3.2301977767609023,1.6841534259744676e-14
165.87899300749393,14.362595394186352,12.481635318337432,-4.821668950132207,-3.2306212136773675,-5.894536990910637e-14
165.88925350984937,14.361450094945253,12.479998428306137,-4.823401077040746,-3.231046265021531,0.0
165.89951390435775,14.360304333915241,12.4783623480069,-4.825136566887152,-3.231472934301114,-8.420767129872338e-15
165.90977419086607,14.359158110254251,12.476727074388547,-4.826875424918308,-3.231901225023029,-1.6841534259744676e-14
165.92003436922133,14.358011423120233,12.475092604399924,-4.828617656381697,-3.2323311406933817,2.5262301389617013e-14
165.93029443927026,14.356864271671189,12.473458934989857,-4.830363266525415,-3.232762684817474,-5.0524602779234026e-14
165.94055440085944,14.355716655065141,12.471826063107185,-4.832112260598159,-3.2331958608997966,3.368306851948935e-14
165.95081425383543,14.354568572460163,12.47019398570074,-4.833864643849237,-3.2336306724440402,3.368306851948935e-14
165.96107399804458,14.353420023014344,12.468562699719365,-4.835620421528563,-3.23406712295308,-8.420767129872338e-14
165.97133363333302,14.352271005885813,12.46693220211189,-4.83737959888665,-3.234505215928997,-5.0524602779234026e-14
165.98159315954686,14.351121520232754,12.465302489827145,-4.839142181174628,-3.234944954873057,-8.420767129872338e-14
165.991852576532,14.34997156521336,12.46367355981397,-4.840908173644226,-3.235386343285726,2.5262301389617013e-14
166.00211188413422,14.348821139985876,12.462045409021203,-4.842677581547775,-3.2358293846666606,-7.578690416885104e-14
166.01237108219914,14.347670243708574,12.460418034397671,-4.844450410138219,-3.2362740825147163,2.5262301389617013e-14
166.02263017057226,14.346518875539756,12.458791432892212,-4.8462266646691,-3.2367204403279413,0.0
166.0328891490989,14.345367034637777,12.457165601453667,-4.848006350394566,-3.2371684616035794,-4.210383564936169e-14
166.04314801762428,14.344214720161007,12.455540537030865,-4.849789472569366,-3.2376181498380725,0.0
166.05340677599344,14.343061931267858,12.453916236572647,-4.85157603644886,-3.2380695085270523,2.5262301389617013e-14
166.06366542405132,14.341908667116792,12.452292697027834,-4.853366047289007,-3.2385225411653584,-6.73661370389787e-14
166.0739239616427,14.340754926866278,12.450669915345276,-4.855159510346367,-3.238977251247013,-5.894536990910637e-14
166.08418238861213,14.339600709674848,12.449047888473803,-4.856956430878105,-3.239433642265243,0.0
166.09444070480419,14.338446014701047,12.447426613362248,-4.858756814141992,-3.2398917177124726,-1.6841534259744676e-14
166.10469891006318,14.337290841103469,12.445806086959445,-4.860560665396396,-3.240351481080319,-9.262843842859572e-14
166.1149570042333,14.336135188040737,12.444186306214235,-4.862367989900286,-3.240812935859598,-6.73661370389787e-14
166.1252149871586,14.334979054671514,12.442567268075445,-4.864178792913237,-3.2412760855403246,-8.420767129872338e-15
166.13547285868304,14.333822440154485,12.440948969491918,-4.865993079695425,-3.241740933611708,-2.5262301389617013e-14
166.1457306186504,14.332665343648387,12.439331407412485,-4.867810855507624,-3.242207483562159,-4.210383564936169e-14
166.15598826690425,14.331507764311988,12.437714578785975,-4.869632125611215,-3.2426757388792877,-5.0524602779234026e-14
166.16624580328812,14.330349701304078,12.43609848056124,-4.871456895268167,-3.243145703049896,-1.0104920555846805e-13
166.17650322764533,14.329191153783501,12.434483109687097,-4.873285169741065,-3.2436173795599927,8.420767129872338e-15
166.18676053981915,14.328032120909127,12.432868463112394,-4.875116954293085,-3.244090771894777,-2.5262301389617013e-14
166.19701773965258,14.326872601839856,12.431254537785952,-4.876952254188,-3.244565883538657,-1.6841534259744676e-14
166.20727482698857,14.325712595734634,12.429641330656615,-4.87879107469019,-3.24504271797523,-4.210383564936169e-14
166.21753180166988,14.324552101752435,12.428028838673223,-4.880633421064628,-3.245521278687299,8.420767129872338e-15
166.2277886635392,14.323391119052266,12.4264170587846,-4.882479298576891,-3.246001569156865,-6.73661370389787e-14
166.23804541243896,14.322229646793181,12.424805987939589,-4.884328712493152,-3.246483592865129,-8.420767129872338e-15
