galstreams/tracks/track.st.M68-Fjorm.ibata2021.ecsv
# %ECSV 1.0
# ---
# datatype:
# - {name: ra, unit: deg, datatype: float64}
# - {name: dec, unit: deg, datatype: float64}
# - {name: distance, unit: kpc, datatype: float64}
# - {name: pm_ra_cosdec, unit: mas / yr, datatype: float64}
# - {name: pm_dec, unit: mas / yr, datatype: float64}
# - {name: radial_velocity, unit: km / s, datatype: float64}
# delimiter: ','
# meta: !!omap
# - __serialized_columns__:
#     dec:
#       __class__: astropy.coordinates.angles.Latitude
#       unit: &id001 !astropy.units.Unit {unit: deg}
#       value: !astropy.table.SerializedColumn {name: dec}
#     distance:
#       __class__: astropy.coordinates.distances.Distance
#       unit: !astropy.units.Unit {unit: kpc}
#       value: !astropy.table.SerializedColumn {name: distance}
#     pm_dec:
#       __class__: astropy.units.quantity.Quantity
#       unit: !astropy.units.Unit {unit: mas / yr}
#       value: !astropy.table.SerializedColumn {name: pm_dec}
#     pm_ra_cosdec:
#       __class__: astropy.units.quantity.Quantity
#       unit: !astropy.units.Unit {unit: mas / yr}
#       value: !astropy.table.SerializedColumn {name: pm_ra_cosdec}
#     ra:
#       __class__: astropy.coordinates.angles.Longitude
#       unit: *id001
#       value: !astropy.table.SerializedColumn {name: ra}
#       wrap_angle: !astropy.coordinates.Angle
#         unit: *id001
#         value: 360.0
#     radial_velocity:
#       __class__: astropy.units.quantity.Quantity
#       unit: !astropy.units.Unit {unit: km / s}
#       value: !astropy.table.SerializedColumn {name: radial_velocity}
# schema: astropy-2.0
ra,dec,distance,pm_ra_cosdec,pm_dec,radial_velocity
[from data line 13685]
289.10574339051493,65.75498314946928,7.051701247804047,2.2539732165029505,-0.48035277636997287,-47.17657665763942
289.129568538662,65.7516126398825,7.052681125859977,2.251704215289442,-0.48171806398035555,-47.165022603584696
289.153387025827,65.74823781316158,7.053661402319004,2.2494338006718726,-0.4830813109185049,-47.153466318771706
289.17719884607413,65.74485867099727,7.054642077253567,2.247161974148694,-0.48444251642265734,-47.14190780317294
289.2010039934805,65.74147521508164,7.055623150736115,2.2448887372184556,-0.48580167973386135,-47.13034705676067
289.22480246213496,65.73808744710819,7.056604622839087,2.242614091379851,-0.4871588000959466,-47.11878407950744
289.2485942461393,65.73469536877171,7.057586493634927,2.2403380381316524,-0.48851387675555824,-47.10721887138559
289.2723793396075,65.73129898176845,7.058568763196081,2.2380605789727617,-0.48986690896212726,-47.09565143236756
289.2961577366655,65.72789828779592,7.059551431594983,2.235781715402178,-0.4912178959678698,-47.084081762425825
289.3199294314525,65.72449328855312,7.060534498904086,2.233501448918979,-0.492566837027814,-47.07250986153268
289.34369441811947,65.72108398574025,7.061517965195823,2.2312197810223555,-0.4939137313997607,-47.06093572966064
289.3674526908298,65.71767038105895,7.062501830542646,2.228936713211566,-0.49525857834430653,-47.04935936678208
289.3912042437595,65.71425247621224,7.0634860950169935,2.226652246985968,-0.49660137712483243,-47.0377807728694
289.4149490710969,65.71083027290437,7.06447075869131,2.2243663838449774,-0.4979421270075095,-47.02619994789503
289.43868716704264,65.707403772841,7.065455821638035,2.222079125288098,-0.49928082726128253,-47.0146168918314
289.46241852580977,65.70397297772915,7.066441283929613,2.2197904728149025,-0.5006174771578756,-47.00303160465096
289.4861431416238,65.70053788927709,7.067427145638489,2.2175004279250095,-0.5019520759718067,-46.991444086326005
289.5098610087226,65.69709850919449,7.068413406837102,2.2152089921181197,-0.5032846229803563,-46.97985433682908
289.5335721213565,65.69365483919228,7.069400067597898,2.2129161668939603,-0.5046151174635851,-46.96826235613254
289.55727647378797,65.69020688098274,7.070387127993319,2.2106219537523346,-0.5059435587043307,-46.95666814420877
289.58097406029214,65.68675463627949,7.071374588095806,2.2083263541930838,-0.5072699459881923,-46.945071701030265
289.60466487515635,65.6832981067974,7.072362447977806,2.2060293697160724,-0.5085942786035496,-46.933473026569395
289.6283489126805,65.67983729425272,7.073350707711756,2.2037310018212257,-0.5099165558415412,-46.92187212079859
289.65202616717687,65.67637220036292,7.074339367370103,2.201431252008478,-0.511236776996081,-46.91026898369021
289.6756966329699,65.67290282684681,7.0753284270252905,2.1991301217778045,-0.5125549413638391,-46.898663615216705
289.6993603043966,65.66942917542451,7.076317886749756,2.1968276126292086,-0.5138710482442431,-46.88705601535053
289.7230171758063,65.66595124781742,7.077307746615949,2.194523726062682,-0.5151850969394922,-46.87544618406407
289.74666724156083,65.66246904574821,7.078298006696307,2.192218463578268,-0.5164970867545324,-46.86383412132974
289.77031049603437,65.65898257094084,7.079288667063276,2.1899118266759836,-0.5178070169970788,-46.85221982711994
289.7939469336133,65.65549182512054,7.080279727789297,2.187603816855871,-0.5191148869775861,-46.84060330140707
289.81757654869654,65.65199681001386,7.081271188946816,2.1852944356179713,-0.5204206960092638,-46.82898454416366
289.8411993356955,65.64849752734855,7.082263050608272,2.182983684462305,-0.5217244434080813,-46.817363555362014
289.8648152890337,65.64499397885368,7.083255312846107,2.180671564888906,-0.5230261284927449,-46.805740334974544
289.8884244031473,65.64148616625958,7.084247975732769,2.1783580783977694,-0.5243257505847161,-46.79411488297368
289.9120266724846,65.6379740912978,7.085241039340696,2.176043226488893,-0.525623309008184,-46.78248719933194
289.9356220915066,65.63445775570119,7.086234503742335,2.1737270106622337,-0.5269188030901014,-46.77085728402155
289.95921065468644,65.63093716120383,7.087228369010127,2.1714094324177347,-0.5282122321601477,-46.75922513701506
289.9827923565095,65.62741230954104,7.0882226352165105,2.1690904932553106,-0.5295035955507331,-46.747590758284865
290.0063671914739,65.62388320244942,7.089217302433937,2.166770194674814,-0.5307928925970198,-46.735954147803376
290.02993515408986,65.62034984166675,7.0902123707348395,2.1644485381760927,-0.532080122636892,-46.724315305543016
290.0534962388802,65.61681222893209,7.091207840191669,2.1621255252589138,-0.5333652850109755,-46.71267423147612
290.0770504403799,65.61327036598573,7.092203710876866,2.1598011574230194,-0.5346483790626124,-46.70103092557523
290.1005977531363,65.60972425456917,7.09319998286287,2.157475436168096,-0.5359294041378779,-46.689385387812656
290.1241381717093,65.60617389642515,7.094196656222128,2.1551483629937533,-0.5372083595855787,-46.67773761816087
290.1476716906711,65.60261929329761,7.095193731027078,2.15281993939956,-0.538485244757232,-46.6660876165923
290.1711983046061,65.59906044693173,7.096191207350171,2.150490166884997,-0.539760059007086,-46.6544353830793
290.19471800811135,65.59549735907387,7.097189085263844,2.1481590469494884,-0.5410328016921051,-46.64278091759435
290.21823079579605,65.59193003147165,7.098187364840537,2.145826581092386,-0.5423034721719647,-46.63112422010981
290.24173666228177,65.58835846587385,7.099186046152699,2.1434927708129403,-0.5435720698090623,-46.61946529059813
290.2652356022025,65.58478266403047,7.100185129272768,2.141157617610339,-0.544838593968499,-46.607804129031756
290.2887276102047,65.58120262769268,7.101184614273191,2.1388211229836593,-0.5461030440181018,-46.596140735383
290.31221268094697,65.57761835861285,7.10218450122641,2.136483288431904,-0.5473654193283856,-46.58447510962436
290.3356908091003,65.57402985854462,7.103184790204865,2.1341441154539753,-0.5486257192725775,-46.57280725172826
290.35916198934825,65.57043712924269,7.104185481280999,2.1318036055486567,-0.54988394322662,-46.561137161667055
290.3826262163864,65.56684017246303,7.105186574527257,2.129461760214647,-0.5511400905691402,-46.54946483941323
290.406083484923,65.56323898996273,7.106188070016083,2.1271185809505115,-0.5523941606814744,-46.537790284939135
290.42953378967843,65.5596335835001,7.107189967819917,2.124774069254726,-0.5536461529476508,-46.526113498217235
290.4529771253854,65.55602395483457,7.108192268011202,2.1224282266256203,-0.5548960667543958,-46.514434479219915
290.47641348678934,65.55241010572679,7.109194970662384,2.1200810545614157,-0.5561439014911277,-46.50275322791955
290.4998428686473,65.54879203793855,7.110198075845901,2.1177325545602135,-0.5573896565499452,-46.49106974428871
290.5232652657295,65.54516975323278,7.111201583634199,2.1153827281199558,-0.5586333313256534,-46.4793840282996
290.54668067281773,65.5415432533736,7.112205494099719,2.1130315767384777,-0.5598749252157208,-46.46769607992482
290.5700890847068,65.53791254012621,7.113209807314907,2.110679101913445,-0.5611144376203219,-46.45600589913665
290.5934904962033,65.53427761525705,7.114214523352206,2.1083253051423996,-0.5623518679422932,-46.44431348590759
290.6168849021264,65.53063848053364,7.115219642284051,2.1059701879227357,-0.5635872155871582,-46.432618840210026
290.64027229730766,65.52699513772465,7.116225164182892,2.1036137517516678,-0.5648204799631193,-46.42092196201639
290.6636526765908,65.52334758859992,7.117231089121171,2.1012559981262813,-0.5660516604810446,-46.40922285129906
290.68702603483206,65.51969583493035,7.118237417171331,2.0988969285434793,-0.5672807565544842,-46.39752150803046
290.7103923668997,65.51603987848802,7.119244148405813,2.09653654450001,-0.568507767599649,-46.38581793218301
290.73375166767454,65.51237972104613,7.120251282897058,2.0941748474924515,-0.5697326930354148,-46.374112123729184
290.7571039320497,65.50871536437899,7.121258820717515,2.0918118390171934,-0.5709555322833362,-46.36240408264132
290.7804491549304,65.505046810262,7.122266761939619,2.0894475205704692,-0.5721762847676127,-46.35069380889186
290.80378733123456,65.50137406047173,7.123275106635823,2.087081893648297,-0.5733949499151202,-46.33898130245319
290.82711845589205,65.4976971167858,7.124283854878562,2.0847149597465364,-0.5746115271553779,-46.32726656329777
290.850442523845,65.494015980983,7.1252930067402795,2.082346720360848,-0.5758260159205643,-46.31554959139803
290.87375953004835,65.4903306548431,7.126302562293419,2.0799771769866844,-0.5770384156455209,-46.30383038672632
290.89706946946865,65.48664114014713,7.127312521610424,2.077606331119318,-0.5782487257677221,-46.29210894925512
290.92037233708527,65.48294743867706,7.128322884763738,2.07523418425379,-0.5794569457273047,-46.280385278956814
290.9436681278896,65.47924955221606,7.129333651825801,2.0728607378849686,-0.5806630749670416,-46.268659375803814
290.96695683688563,65.47554748254832,7.130344822869061,2.0704859935074715,-0.5818671129323615,-46.25693123976851
290.9902384590891,65.47184123145912,7.131356397965956,2.068109952615728,-0.5830690590713171,-46.245200870823375
291.0135129895284,65.46813080073485,7.132368377188931,2.0657326167039405,-0.5842689128346079,-46.233468268940804
291.03678042324435,65.46441619216294,7.133380760610429,2.0633539872660744,-0.5854666736755738,-46.22173343409321
291.0600407552896,65.46069740753188,7.134393548302891,2.0609740657958864,-0.5866623410501779,-46.20999636625301
291.0832939807295,65.45697444863126,7.135406740338758,2.0585928537868767,-0.5878559144170246,-46.198257065392546
291.1065400946414,65.45324731725174,7.136420336790482,2.0562103527323226,-0.5890473932373417,-46.18651553148434
291.1297790921148,65.44951601518498,7.137434337730495,2.053826564125271,-0.5902367769749726,-46.17477176450081
291.1530109682519,65.44578054422375,7.138448743231247,2.051441489458494,-0.5914240650964078,-46.16302576441428
291.17623571816694,65.44204090616184,7.139463553365174,2.049055130224546,-0.5926092570707387,-46.15127753119725
291.19945333698627,65.43829710279407,7.14047876820473,2.046667487915696,-0.5937923523696871,-46.13952706482203
291.2226638198486,65.43454913591636,7.1414943878223465,2.0442785640239833,-0.594973350467578,-46.127774365261175
291.245867161905,65.43079700732564,7.142510412290469,2.0418883600411815,-0.5961522508413631,-46.11601943248701
291.2690633583186,65.42704071881984,7.143526841681546,2.039496877458777,-0.5973290529706,-46.10426226647196
291.29225240426484,65.42328027219799,7.144543676068014,2.0371041177680156,-0.59850375633745,-46.092502867188486
291.3154342949315,65.41951566926005,7.145560915522317,2.0347100824598447,-0.5996763604266917,-46.08074123460893
291.3386090255186,65.41574691180712,7.146578560116903,2.032314773024949,-0.6008468647256977,-46.068977368705724
291.361776591238,65.41197400164123,7.147596609924207,2.0299181909537367,-0.6020152687244384,-46.05721126945138
291.38493698731435,65.40819694056546,7.148615065016677,2.027520337736307,-0.6031815719154932,-46.04544293681819
291.4080902089842,65.40441573038392,7.149633925466754,2.025121214862498,-0.6043457737940306,-46.03367237077864
291.43123625149644,65.40063037290167,7.1506531913468825,2.0227208238218286,-0.6055078738578177,-46.0218995713051
291.45437511011187,65.39684086992487,7.1516728627295,2.0203191661035436,-0.6066678716071987,-46.01012453837006
291.4775067801041,65.39304722326057,7.152692939687059,2.017916243196562,-0.6078257665451252,-45.99834727194581
291.50063125675837,65.38924943471687,7.153713422291993,2.015512056589519,-0.6089815581771215,-45.98656777200487
291.5237485353723,65.3854475061029,7.154734310616748,2.013106607770736,-0.610135246011291,-45.97478603851964
291.546858611256,65.38164143922873,7.155755604733771,2.0106998982282054,-0.6112868295583326,-45.96300207146246
291.5699614797313,65.37783123590542,7.156777304715498,2.008291929449626,-0.6124363083315049,-45.95121587080588
291.5930571361326,65.374016897945,7.157799410634378,2.0058827029223525,-0.6135836818466585,-45.939427436522195
291.6161455758063,65.37019842716052,7.158821922562849,2.0034722201334305,-0.6147289496222033,-45.92763676858391
291.6392267941109,65.36637582536598,7.159844840573354,2.0010604825695784,-0.6158721111791229,-45.91584386696336
291.66230078641746,65.36254909437633,7.160868164738339,1.9986474917171608,-0.6170131660409733,-45.904048731633004
291.68536754810873,65.35871823600756,7.161891895130244,1.996233249062238,-0.6181521137338648,-45.89225136256527
291.70842707458,65.35488325207652,7.162916031821516,1.993817756090493,-0.6192889537864816,-45.8804517597325
291.73147936123854,65.35104414440107,7.163940574884595,1.9914010142872935,-0.6204236857300557,-45.86864992310719
291.7545244035037,65.34720091480007,7.164965524391919,1.9889830251376546,-0.6215563090983757,-45.856845852661756
291.77756219680737,65.34335356509324,7.16599088041594,1.986563790126218,-0.6226868234277997,-45.84503954836853
291.80059273659305,65.33950209710133,7.167016643029093,1.9841433107373019,-0.6238152282572133,-45.833231010200066
291.82361601831684,65.33564651264597,7.168042812303826,1.9817215884548307,-0.6249415231280715,-45.82142023812863
291.84663203744685,65.33178681354977,7.169069388312582,1.9792986247623892,-0.6260657075843638,-45.8096072321267
291.8696407894632,65.32792300163628,7.170096371127798,1.9768744211431963,-0.6271877811726211,-45.797791992166715
291.89264226985824,65.32405507872994,7.171123760821923,1.9744489790800757,-0.6283077434419215,-45.78597451822107
291.9156364741364,65.32018304665617,7.172151557467395,1.9720223000555048,-0.6294255939438758,-45.774154810262196
291.9386233978145,65.31630690724128,7.173179761136664,1.9695943855515543,-0.6305413322326365,-45.762332868262426
291.961603036421,65.31242666231253,7.174208371902162,1.967165237049943,-0.631654957864873,-45.75050869219433
291.9845753854969,65.30854231369807,7.175237389836343,1.964734856031972,-0.6327664703998028,-45.738682282030176
292.0075404405951,65.30465386322696,7.176266815011644,1.962303243978572,-0.6338758693991573,-45.72685363774244
292.03049819728056,65.30076131272921,7.177296647500507,1.9598704023702833,-0.6349831544271933,-45.71502275930359
292.05344865113057,65.29686466403571,7.178326887375375,1.9574363326872286,-0.6360883250506947,-45.70318964668593
292.0763917977343,65.29296391897826,7.179357534708694,1.955001036409151,-0.6371913808389577,-45.69135429986195
292.09932763269313,65.28905907938952,7.180388589572905,1.9525645150153665,-0.638292321363799,-45.679516718804045
292.1222561516205,65.28515014710312,7.181420052040454,1.950126769984798,-0.639391146199543,-45.66767690348462
292.14517735014175,65.28123712395353,7.182451922183774,1.9476878027959634,-0.6404878549230215,-45.65583485387615
292.1680912238947,65.27732001177611,7.183484200075318,1.9452476149269358,-0.6415824471135892,-45.64399056995093
