galstreams/tracks/track.st.300S.fu2018.ecsv
# %ECSV 0.9
# ---
# datatype:
# - {name: ra, unit: deg, datatype: float64}
# - {name: dec, unit: deg, datatype: float64}
# - {name: distance, unit: kpc, datatype: float64}
# - {name: pm_ra_cosdec, unit: mas / yr, datatype: float64}
# - {name: pm_dec, unit: mas / yr, datatype: float64}
# - {name: radial_velocity, unit: km / s, datatype: float64}
# delimiter: ','
# meta: !!omap
# - __serialized_columns__:
#     dec:
#       __class__: astropy.coordinates.angles.Latitude
#       unit: &id001 !astropy.units.Unit {unit: deg}
#       value: !astropy.table.SerializedColumn {name: dec}
#     distance:
#       __class__: astropy.coordinates.distances.Distance
#       unit: !astropy.units.Unit {unit: kpc}
#       value: !astropy.table.SerializedColumn {name: distance}
#     pm_dec:
#       __class__: astropy.units.quantity.Quantity
#       unit: !astropy.units.Unit {unit: mas / yr}
#       value: !astropy.table.SerializedColumn {name: pm_dec}
#     pm_ra_cosdec:
#       __class__: astropy.units.quantity.Quantity
#       unit: !astropy.units.Unit {unit: mas / yr}
#       value: !astropy.table.SerializedColumn {name: pm_ra_cosdec}
#     ra:
#       __class__: astropy.coordinates.angles.Longitude
#       unit: *id001
#       value: !astropy.table.SerializedColumn {name: ra}
#       wrap_angle: !astropy.coordinates.Angle
#         unit: *id001
#         value: 360.0
#     radial_velocity:
#       __class__: astropy.units.quantity.Quantity
#       unit: !astropy.units.Unit {unit: km / s}
#       value: !astropy.table.SerializedColumn {name: radial_velocity}
# schema: astropy-2.0
ra,dec,distance,pm_ra_cosdec,pm_dec,radial_velocity
[from data line 702]
159.03346042262848,15.117651572662885,15.460549064106061,0.0,2.220446049250313e-16,294.69873699728754
159.04370424516912,15.116086155695392,15.457503215107481,-6.661338147750939e-16,0.0,294.6869106661391
159.05394790695553,15.114520218929803,15.454458860783262,-6.661338147750939e-16,-4.440892098500626e-16,294.675067521935
159.06419140805994,15.112953763079705,15.451416001206253,0.0,4.440892098500626e-16,294.6632075703605
159.0744347485547,15.111386788858699,15.448374636449275,6.661338147750939e-16,-2.220446049250313e-16,294.65133081710053
159.08467792851235,15.10981929698037,15.44533476658517,6.661338147750939e-16,0.0,294.63943726784004
159.09492094800558,15.108251288158309,15.442296391686774,0.0,-2.220446049250313e-16,294.6275269282643
159.10516380710717,15.106682763106088,15.439259511826917,-4.4408920985006257e-16,2.220446049250313e-16,294.61559980405815
159.1154065058901,15.105113722537288,15.436224127078441,-2.220446049250313e-16,0.0,294.6036559009066
159.12564904442746,15.103544167165474,15.433190237514173,-4.4408920985006257e-16,-2.220446049250313e-16,294.5916952244947
159.13589142279253,15.101974097704199,15.43015784320696,-8.881784197001251e-16,0.0,294.5797177805076
159.14613364105867,15.10040351486704,15.427126944229627,-4.440892098500626e-16,0.0,294.5677235746304
159.15637569929945,15.09883241936754,15.424097540655014,-4.4408920985006257e-16,2.220446049250313e-16,294.55571261254806
159.16661759758856,15.097260811919249,15.42106963255595,-4.440892098500626e-16,0.0,294.54368489994545
159.1768593359998,15.095688693235711,15.418043220005282,2.220446049250313e-16,2.220446049250313e-16,294.5316404425078
159.18710091460724,15.094116064030468,15.415018303075831,2.220446049250313e-16,2.220446049250313e-16,294.51957924592006
159.19734233348498,15.092542925017044,15.411994881840444,-6.661338147750939e-16,0.0,294.5075013158673
159.2075835927073,15.090969276908973,15.40897295637195,-2.220446049250313e-16,-4.440892098500626e-16,294.4954066580347
159.2178246923486,15.089395120419772,15.405952526743189,-4.4408920985006257e-16,-4.440892098500626e-16,294.483295278107
159.22806563248344,15.087820456262962,15.402933593026995,-8.881784197001252e-16,2.220446049250313e-16,294.47116718176943
159.23830641318654,15.086245285152057,15.399916155296198,6.661338147750939e-16,2.220446049250313e-16,294.459022374707
159.2485470345328,15.084669607800564,15.396900213623635,0.0,2.220446049250313e-16,294.44686086260475
159.25878749659722,15.083093424921985,15.393885768082145,-4.440892098500626e-16,-2.220446049250313e-16,294.4346826511477
159.26902779945496,15.081516737229808,15.390872818744562,6.661338147750939e-16,-2.220446049250313e-16,294.4224877460209
159.2792679431813,15.079939545437535,15.387861365683717,-4.440892098500626e-16,0.0,294.4102761529094
159.28950792785167,15.078361850258645,15.384851408972452,0.0,2.220446049250313e-16,294.39804787749813
159.2997477535417,15.076783652406615,15.3818429486836,2.220446049250313e-16,4.440892098500626e-16,294.3858029254724
159.30998742032713,15.075204952594934,15.378835984889994,-4.4408920985006257e-16,0.0,294.3735413025169
159.32022692828383,15.073625751537064,15.375830517664472,-6.661338147750939e-16,-2.220446049250313e-16,294.36126301431693
159.33046627748783,15.07204604994646,15.372826547079862,-6.661338147750939e-16,-2.220446049250313e-16,294.34896806655735
159.3407054680153,15.070465848536596,15.369824073209012,-1.1102230246251565e-15,-2.220446049250313e-16,294.3366564649234
159.35094449994253,15.068885148020916,15.366823096124744,0.0,-2.220446049250313e-16,294.3243282151
159.36118337334608,15.067303949112873,15.363823615899905,-6.661338147750939e-16,2.220446049250313e-16,294.3119833227721
159.3714220883025,15.065722252525918,15.36082563260732,-2.220446049250313e-16,0.0,294.2996217936249
159.38166064488854,15.06414005897347,15.357829146319835,2.220446049250313e-16,-2.220446049250313e-16,294.28724363334334
159.39189904318113,15.062557369168974,15.354834157110272,-2.220446049250313e-16,2.220446049250313e-16,294.27484884761236
159.4021372832573,15.060974183825856,15.351840665051478,-2.2204460492503128e-16,2.220446049250313e-16,294.26243744211723
159.41237536519426,15.059390503657532,15.348848670216285,2.220446049250313e-16,0.0,294.2500094225429
159.42261328906935,15.057806329377426,15.345858172677524,1.1102230246251565e-15,0.0,294.2375647945743
159.43285105496008,15.05622166169894,15.342869172508033,2.2204460492503128e-16,2.220446049250313e-16,294.22510356389677
159.443088662944,15.054636501335485,15.339881669780647,8.881784197001252e-16,-2.220446049250313e-16,294.2126257361948
159.45332611309897,15.053050849000455,15.336895664568202,6.661338147750939e-16,-2.220446049250313e-16,294.20013131715393
159.4635634055029,15.051464705407252,15.333911156943534,0.0,-2.220446049250313e-16,294.1876203124591
159.47380054023378,15.049878071269251,15.33092814697948,0.0,0.0,294.1750927277953
159.48403751736993,15.048290947299847,15.327946634748868,-6.661338147750939e-16,2.220446049250313e-16,294.16254856884746
159.49427433698963,15.046703334212415,15.324966620324535,-2.220446049250313e-16,-2.220446049250313e-16,294.1499878413007
159.5045109991714,15.045115232720324,15.321988103779324,-6.661338147750939e-16,0.0,294.13741055084006
159.5147475039939,15.043526643536945,15.31901108518606,2.220446049250313e-16,0.0,294.1248167031505
159.52498385153592,15.041937567375628,15.316035564617591,-1.1102230246251565e-15,2.220446049250313e-16,294.1122063039173
159.53522004187636,15.040348004949736,15.313061542146743,6.661338147750939e-16,2.220446049250313e-16,294.0995793588251
159.54545607509436,15.038757956972622,15.310089017846348,-2.2204460492503128e-16,0.0,294.08693587355936
159.5556919512691,15.037167424157621,15.307117991789248,6.661338147750939e-16,2.220446049250313e-16,294.07427585380486
159.56592767048,15.035576407218075,15.304148464048277,4.440892098500626e-16,2.220446049250313e-16,294.0615993052467
159.57616323280652,15.033984906867323,15.301180434696269,2.2204460492503128e-16,-4.440892098500626e-16,294.04890623357
159.58639863832835,15.032392923818676,15.29821390380606,2.2204460492503128e-16,2.220446049250313e-16,294.0361966444596
159.59663388712528,15.030800458785473,15.295248871450486,-2.220446049250313e-16,-4.440892098500626e-16,294.0234705436008
159.6068689792773,15.029207512481012,15.29228533770238,-6.661338147750939e-16,0.0,294.0107279366784
159.61710391486443,15.02761408561862,15.28932330263458,0.0,-4.440892098500626e-16,293.99796882937767
159.62733869396698,15.026020178911587,15.286362766319916,-6.661338147750939e-16,-2.220446049250313e-16,293.9851932273834
159.63757331666528,15.024425793073217,15.283403728831232,8.881784197001251e-16,-4.440892098500626e-16,293.97240113638077
159.64780778303992,15.0228309288168,15.280446190241355,-6.661338147750939e-16,0.0,293.95959256205475
159.6580420931715,15.021235586855632,15.277490150623123,-1.3322676295501878e-15,-4.440892098500626e-16,293.9467675100904
159.66827624714088,15.019639767902982,15.274535610049373,2.220446049250313e-16,-2.220446049250313e-16,293.9339259861728
159.67851024502903,15.01804347267213,15.271582568592944,-8.881784197001252e-16,-2.220446049250313e-16,293.921067995987
159.68874408691698,15.016446701876344,15.268631026326661,2.2204460492503128e-16,2.220446049250313e-16,293.908193545218
159.69897777288608,15.014849456228893,15.265680983323364,0.0,-2.220446049250313e-16,293.895302639551
159.70921130301764,15.013251736443026,15.262732439655888,1.1102230246251565e-15,4.440892098500626e-16,293.8823952846707
159.71944467739326,15.011653543232004,15.259785395397069,1.3322676295501878e-15,0.0,293.8694714862622
159.7296778960946,15.010054877309068,15.256839850619746,-4.440892098500626e-16,0.0,293.85653125001085
159.7399109592035,15.008455739387458,15.253895805396747,-6.661338147750939e-16,0.0,293.8435745816014
159.75014386680186,15.006856130180408,15.250953259800912,-4.440892098500626e-16,2.220446049250313e-16,293.83060148671905
159.7603766189719,15.005256050401153,15.248012213905076,-1.1102230246251565e-15,-4.440892098500626e-16,293.8176119710487
159.77060921579576,15.003655500762907,15.24507266778207,8.881784197001252e-16,0.0,293.80460604027553
159.78084165735592,15.002054481978888,15.242134621504738,4.4408920985006257e-16,0.0,293.79158370008446
159.79107394373492,15.000452994762313,15.239198075145906,-6.661338147750939e-16,-2.220446049250313e-16,293.7785449561606
159.80130607501542,14.998851039826375,15.236263028778412,-4.440892098500626e-16,2.220446049250313e-16,293.76548981418887
159.81153805128028,14.997248617884289,15.23332948247509,-2.2204460492503128e-16,0.0,293.75241827985445
159.82176987261244,14.995645729649235,15.230397436308783,4.440892098500626e-16,2.220446049250313e-16,293.7393303588423
159.83200153909505,14.994042375834406,15.227466890352314,2.220446049250313e-16,0.0,293.72622605683756
159.8422330508114,14.992438557152978,15.224537844678531,-8.881784197001251e-16,2.220446049250313e-16,293.7131053795252
159.8524644078448,14.990834274318132,15.221610299360261,0.0,2.220446049250313e-16,293.69996833259023
159.86269561027888,14.989229528043033,15.218684254470343,-2.220446049250313e-16,0.0,293.68681492171766
159.87292665819731,14.987624319040842,15.215759710081608,2.2204460492503128e-16,-2.220446049250313e-16,293.6736451525927
159.88315755168395,14.986018648024727,15.212836666266893,2.220446049250313e-16,-4.440892098500626e-16,293.6604590309001
159.89338829082277,14.984412515707826,15.209915123099035,-8.881784197001252e-16,0.0,293.6472565623251
159.90361887569784,14.982805922803285,15.206995080650872,-6.661338147750939e-16,-2.220446049250313e-16,293.63403775255273
159.91384930639353,14.981198870024249,15.204076538995233,-1.3322676295501878e-15,0.0,293.620802607268
159.92407958299415,14.979591358083844,15.201159498204953,-4.4408920985006257e-16,2.220446049250313e-16,293.607551132156
159.9343097055843,14.977983387695204,15.198243958352872,2.220446049250313e-16,2.220446049250313e-16,293.59428333290157
159.94453967424866,14.976374959571439,15.195329919511824,2.220446049250313e-16,0.0,293.58099921519
159.9547694890721,14.974766074425677,15.192417381754643,2.220446049250313e-16,-2.220446049250313e-16,293.5676987847062
159.96499915013962,14.973156732971013,15.189506345154165,-6.661338147750939e-16,2.220446049250313e-16,293.5543820471352
159.97522865753626,14.971546935920559,15.186596809783229,-2.220446049250313e-16,2.220446049250313e-16,293.5410490081621
159.98545801134736,14.969936683987404,15.183688775714659,-4.440892098500626e-16,2.220446049250313e-16,293.5276996734719
159.9956872116583,14.968325977884641,15.180782243021302,-2.220446049250313e-16,2.220446049250313e-16,293.5143340487496
160.00591625855463,14.966714818325347,15.177877211775987,-4.440892098500626e-16,2.220446049250313e-16,293.5009521396803
160.01614515212208,14.965103206022613,15.174973682051554,8.881784197001252e-16,-2.220446049250313e-16,293.4875539519491
160.0263738924465,14.963491141689499,15.172071653920828,8.881784197001252e-16,0.0,293.47413949124075
160.0366024796138,14.961878626039072,15.169171127456654,0.0,-4.440892098500626e-16,293.46070876324063
160.04683091371015,14.960265659784383,15.166272102731872,6.661338147750939e-16,0.0,293.4472617736337
160.05705919482187,14.958652243638499,15.163374579819305,-1.1102230246251565e-15,4.440892098500626e-16,293.43379852810483
160.0672873230353,14.957038378314454,15.160478558791793,-8.881784197001251e-16,2.220446049250313e-16,293.4203190323392
160.077515298437,14.955424064525298,15.157584039722169,-8.881784197001252e-16,4.440892098500626e-16,293.40682329202184
160.08774312111365,14.953809302984059,15.154691022683272,4.440892098500626e-16,2.220446049250313e-16,293.39331131283785
160.09797079115214,14.952194094403767,15.151799507747937,-4.4408920985006257e-16,0.0,293.379783100472
160.10819830863943,14.950578439497436,15.148909494989002,-6.661338147750939e-16,2.220446049250313e-16,293.36623866060955
160.11842567366264,14.94896233897809,15.146020984479293,-6.661338147750939e-16,-2.220446049250313e-16,293.35267799893563
160.12865288630906,14.947345793558727,15.143133976291656,0.0,4.440892098500626e-16,293.339101121135
160.13887994666604,14.945728803952356,15.14024847049891,8.881784197001252e-16,0.0,293.3255080328929
160.14910685482118,14.944111370871967,15.137364467173912,-4.4408920985006257e-16,-2.220446049250313e-16,293.31189873989433
160.15933361086215,14.942493495030558,15.134481966389483,-2.220446049250313e-16,0.0,293.2982732478243
160.1695602148768,14.940875177141104,15.13160096821846,4.440892098500626e-16,-2.220446049250313e-16,293.2846315623678
160.1797866669531,14.939256417916576,15.128721472733682,-4.440892098500626e-16,0.0,293.27097368921005
160.19001296717917,14.937637218069959,15.125843480007983,-4.440892098500626e-16,2.220446049250313e-16,293.25729963403586
160.20023911564329,14.936017578314212,15.122966990114193,-4.440892098500626e-16,-2.220446049250313e-16,293.24360940253035
160.21046511243378,14.934397499362285,15.120092003125157,-2.220446049250313e-16,-2.220446049250313e-16,293.22990300037856
160.2206909576393,14.932776981927132,15.117218519113699,-6.661338147750939e-16,0.0,293.2161804332656
160.23091665134845,14.9311560267217,15.114346538152661,6.661338147750939e-16,-4.440892098500626e-16,293.2024417068764
160.24114219365012,14.929534634458918,15.111476060314883,-4.440892098500626e-16,4.440892098500626e-16,293.1886868268962
160.25136758463324,14.927912805851733,15.10860708567319,-2.220446049250313e-16,-2.220446049250313e-16,293.17491579900985
160.26159282438695,14.926290541613053,15.105739614300425,0.0,0.0,293.16112862890225
160.27181791300046,14.924667842455808,15.102873646269416,-8.881784197001251e-16,0.0,293.1473253222588
160.28204285056322,14.923044709092903,15.100009181653004,0.0,-2.220446049250313e-16,293.1335058847643
160.2922676371647,14.921421142237248,15.09714622052402,8.881784197001252e-16,-2.220446049250313e-16,293.11967032210384
160.30249227289465,14.919797142601734,15.094284762955306,2.2204460492503128e-16,-2.220446049250313e-16,293.10581863996237
160.31271675784288,14.918172710899261,15.091424809019694,-8.881784197001252e-16,0.0,293.0919508440252
160.3229410920993,14.916547847842711,15.088566358790015,-2.220446049250313e-16,-2.220446049250313e-16,293.0780669399771
160.33316527575406,14.914922554144962,15.085709412339108,-6.661338147750939e-16,-2.220446049250313e-16,293.06416693350315
160.34338930889737,14.913296830518894,15.082853969739807,4.440892098500626e-16,-2.220446049250313e-16,293.0502508302885
160.35361319161964,14.911670677677359,15.080000031064948,6.661338147750939e-16,0.0,293.03631863601805
160.36383692401145,14.910044096333229,15.077147596387366,-8.881784197001252e-16,-4.440892098500626e-16,293.02237035637694
160.37406050616335,14.908417087199345,15.074296665779901,0.0,-2.220446049250313e-16,293.00840599705015
160.38428393816625,14.90678965098856,15.071447239315377,-8.881784197001252e-16,-4.440892098500626e-16,292.99442556372287
160.39450722011102,14.905161788413714,15.06859931706664,2.2204460492503128e-16,0.0,292.98042906207985
160.40473035208882,14.903533500187635,15.065752899106522,4.4408920985006257e-16,2.220446049250313e-16,292.9664164978063
160.41495333419087,14.901904787023152,15.062907985507852,8.881784197001252e-16,2.220446049250313e-16,292.9523878765873
160.42517616650852,14.900275649633087,15.060064576343477,4.440892098500626e-16,-4.440892098500626e-16,292.93834320410787
160.43539884913332,14.898646088730244,15.057222671686223,-4.440892098500626e-16,2.220446049250313e-16,292.924282486053
160.4456213821569,14.897016105027436,15.05438227160893,0.0,-2.220446049250313e-16,292.9102057281077
160.4558437656711,14.895385699237458,15.051543376184428,-6.661338147750939e-16,0.0,292.8961129359571
160.46606599976775,14.893754872073103,15.048705985485556,0.0,0.0,292.8820041152861
