galstreams/tracks/track.st.Gunnthra.ibata2021.ecsv
# %ECSV 0.9
# ---
# datatype:
# - {name: ra, unit: deg, datatype: float64}
# - {name: dec, unit: deg, datatype: float64}
# - {name: distance, unit: kpc, datatype: float64}
# - {name: pm_ra_cosdec, unit: mas / yr, datatype: float64}
# - {name: pm_dec, unit: mas / yr, datatype: float64}
# - {name: radial_velocity, unit: km / s, datatype: float64}
# delimiter: ','
# meta: !!omap
# - __serialized_columns__:
#     dec:
#       __class__: astropy.coordinates.angles.Latitude
#       unit: &id001 !astropy.units.Unit {unit: deg}
#       value: !astropy.table.SerializedColumn {name: dec}
#     distance:
#       __class__: astropy.coordinates.distances.Distance
#       unit: !astropy.units.Unit {unit: kpc}
#       value: !astropy.table.SerializedColumn {name: distance}
#     pm_dec:
#       __class__: astropy.units.quantity.Quantity
#       unit: !astropy.units.Unit {unit: mas / yr}
#       value: !astropy.table.SerializedColumn {name: pm_dec}
#     pm_ra_cosdec:
#       __class__: astropy.units.quantity.Quantity
#       unit: !astropy.units.Unit {unit: mas / yr}
#       value: !astropy.table.SerializedColumn {name: pm_ra_cosdec}
#     ra:
#       __class__: astropy.coordinates.angles.Longitude
#       unit: *id001
#       value: !astropy.table.SerializedColumn {name: ra}
#       wrap_angle: !astropy.coordinates.Angle
#         unit: *id001
#         value: 360.0
#     radial_velocity:
#       __class__: astropy.units.quantity.Quantity
#       unit: !astropy.units.Unit {unit: km / s}
#       value: !astropy.table.SerializedColumn {name: radial_velocity}
# schema: astropy-2.0
ra,dec,distance,pm_ra_cosdec,pm_dec,radial_velocity
[from data line 1087]
294.0948365132814,-68.84754438980372,3.077303324827948,-11.075898324805362,-27.469405577057987,8.420767129872338e-14
294.10508654812514,-68.83814553468565,3.077274040848606,-11.070981461877446,-27.4748553679307,5.0524602779234026e-14
294.11532191894383,-68.82874505189233,3.0772450124369435,-11.06606962093695,-27.48030057984272,1.1789073981821273e-13
294.12554265671,-68.81934294565526,3.0772162404061425,-11.061162792168725,-27.485741213546394,1.6841534259744677e-13
294.1357487923544,-68.80993922019886,3.0771877255693822,-11.056260965767901,-27.49117726977303,6.73661370389787e-14
294.1459403567656,-68.80053387974044,3.0771594687398425,-11.05136413193994,-27.496608749232966,5.0524602779234026e-14
294.1561173807908,-68.79112692849026,3.077131470730703,-11.046472280900531,-27.50203565261563,1.0104920555846805e-13
294.1662798952352,-68.78171837065149,3.077103732355145,-11.041585402875732,-27.5074579805895,1.1789073981821273e-13
294.1764279308623,-68.77230821042029,3.077076254426344,-11.036703488101873,-27.512875733802296,6.73661370389787e-14
294.18656151839406,-68.7628964519858,3.0770490377574853,-11.031826526825633,-27.51828891288086,3.368306851948935e-14
294.1966806885107,-68.75348309953016,3.0770220831617454,-11.02695450930398,-27.523697518431387,1.0104920555846805e-13
294.20678547185094,-68.7440681572285,3.0769953914523054,-11.022087425804273,-27.529101551039286,1.8525687685719145e-13
294.2168758990118,-68.73465162924902,3.0769689634423436,-11.017225266604168,-27.534501011269388,8.420767129872338e-14
294.2269520005491,-68.72523351975296,3.076942799945041,-11.012368021991687,-27.5398958996659,3.368306851948935e-14
294.23701380697673,-68.71581383289467,3.076916901773577,-11.00751568226526,-27.545286216752476,1.8525687685719145e-13
294.2470613487676,-68.70639257282151,3.0768912697411333,-11.002668237733614,-27.550671963032254,1.1789073981821273e-13
294.25709465635293,-68.69696974367405,3.076865904660887,-10.997825678715945,-27.55605313898793,8.420767129872338e-14
294.26711376012275,-68.68754534958592,3.0768408073460187,-10.992987995541748,-27.561429745081806,8.420767129872338e-14
294.2771186904257,-68.67811939468392,3.0768159786097082,-10.988155178550999,-27.566801781755768,1.1789073981821273e-13
294.2871094775692,-68.66869188308802,3.076791419265136,-10.983327218094027,-27.572169249431454,1.6841534259744676e-14
294.29708615181937,-68.65926281891137,3.0767671301254818,-10.978504104531575,-27.57753214851016,1.515738083377021e-13
294.30704874340125,-68.6498322062603,3.076743112003925,-10.9736858282348,-27.582890479373027,1.6841534259744676e-14
294.3169972824986,-68.6404000492344,3.0767193657136453,-10.968872379585353,-27.588244242380974,1.0104920555846805e-13
294.3269317992543,-68.63096635192646,3.0766958920678222,-10.964063748975217,-27.593593437874816,6.73661370389787e-14
294.33685232376973,-68.62153111842257,3.076672691879636,-10.959259926806922,-27.598938066175258,1.6841534259744677e-13
294.3467588861059,-68.612094352802,3.0766497659622676,-10.954460903493331,-27.604278127582994,5.0524602779234026e-14
294.3566515162821,-68.60265605913744,3.076627115128894,-10.949666669457882,-27.609613622378728,1.1789073981821273e-13
294.3665302442773,-68.59321624149479,3.0766047401926997,-10.944877215134374,-27.61494455082317,8.420767129872338e-14
294.37639510002924,-68.5837749039333,3.0765826419668594,-10.940092530967174,-27.620270913157235,1.0104920555846805e-13
294.3862461134348,-68.5743320505056,3.0765608212645557,-10.93531260741106,-27.62559270960187,1.347322740779574e-13
294.3960833143503,-68.56488768525763,3.0765392788989683,-10.9305374349313,-27.63090994035829,3.368306851948935e-14
294.40590673259084,-68.55544181222875,3.0765180156832748,-10.925767004003703,-27.636222605607934,1.1789073981821273e-13
294.4157163979312,-68.54599443545166,3.076497032430657,-10.921001305114517,-27.641530705512487,5.0524602779234026e-14
294.42551234010534,-68.53654555895257,3.0764763299542968,-10.916240328760509,-27.646834240214005,1.515738083377021e-13
294.43529458880647,-68.527095186751,3.0764559090673704,-10.911484065448967,-27.652133209834943,5.0524602779234026e-14
294.4450631736873,-68.51764332286004,3.0764357705830574,-10.906732505697736,-27.65742761447813,1.515738083377021e-13
294.4548181243599,-68.50818997128614,3.076415915314541,-10.901985640035097,-27.662717454226872,8.420767129872338e-14
294.46455947039595,-68.49873513602934,3.076396344074998,-10.897243458999899,-27.66800272914499,1.515738083377021e-13
294.4742872413264,-68.48927882108305,3.0763770576776106,-10.892505953141578,-27.67328343927688,1.0104920555846805e-13
294.48400146664204,-68.47982103043431,3.076358056935556,-10.887773113020057,-27.678559584647523,1.347322740779574e-13
294.4937021757931,-68.47036176806365,3.076339342662015,-10.883044929205802,-27.683831165262568,6.73661370389787e-14
294.5033893981895,-68.46090103794516,3.07632091567017,-10.878321392279837,-27.689098181108317,1.0104920555846805e-13
294.5130631632008,-68.45143884404649,3.0763027767731956,-10.873602492833808,-27.69436063215184,1.347322740779574e-13
294.52272350015636,-68.44197519032888,3.076284926784276,-10.868888221469813,-27.699618518340994,5.0524602779234026e-14
294.53237043834525,-68.43251008074716,3.07626736651659,-10.864178568800625,-27.70487183960441,1.6841534259744677e-13
294.5420040070165,-68.4230435192498,3.076250096783316,-10.859473525449516,-27.710120595851695,6.73661370389787e-14
294.55162423537877,-68.41357550977892,3.076233118397636,-10.854773082050396,-27.71536478697324,5.0524602779234026e-14
294.5612311526008,-68.40410605627025,3.076216432172728,-10.850077229247727,-27.720604412840515,1.515738083377021e-13
294.5708247878112,-68.39463516265323,3.0762000389217716,-10.845385957696578,-27.725839473305932,1.0104920555846805e-13
294.5804051700986,-68.38516283285094,3.0761839394579478,-10.84069925806261,-27.73106996820294,1.0104920555846805e-13
294.5899723285115,-68.37568907078021,3.076168134594437,-10.836017121022088,-27.736295897346096,3.368306851948935e-14
294.59952629205895,-68.3662138803516,3.0761526251444167,-10.831339537261858,-27.741517260531133,1.6841534259744676e-14
294.6090670897095,-68.35673726546936,3.0761374119210694,-10.826666497479412,-27.7467340575349,1.347322740779574e-13
294.6185947503924,-68.3472592300315,3.0761224957375726,-10.821997992382855,-27.751946288115526,1.515738083377021e-13
294.6281093029966,-68.33777977792981,3.076107877407107,-10.817334012690907,-27.757153952012345,1.6841534259744677e-13
294.63761077637184,-68.32829891304989,3.076093557742853,-10.812674549132854,-27.762357048946082,6.73661370389787e-14
294.64709919932767,-68.31881663927113,3.07607953755799,-10.808019592448744,-27.767555578618733,5.0524602779234026e-14
294.6565746006342,-68.30933296046672,3.0760658176656968,-10.803369133389166,-27.772749540713765,1.0104920555846805e-13
294.66603700902203,-68.29984788050368,3.0760523988791557,-10.79872316271533,-27.777938934896035,8.420767129872338e-14
294.67548645318203,-68.29036140324293,3.076039282011544,-10.794081671199105,-27.78312376081191,5.0524602779234026e-14
294.68492296176544,-68.2808735325392,3.076026467876042,-10.789444649623114,-27.78830401808927,8.420767129872338e-14
294.69434656338433,-68.27138427224115,3.0760139572858316,-10.784812088780459,-27.79347970633759,5.0524602779234026e-14
294.70375728661105,-68.26189362619131,3.076001751054089,-10.780183979475034,-27.798650825147934,8.420767129872338e-14
294.71315515997867,-68.25240159822613,3.0759898499939964,-10.775560312521302,-27.803817374093036,1.0104920555846805e-13
294.7225402119808,-68.24290819217602,3.0759782549187347,-10.770941078744457,-27.808979352727302,5.0524602779234026e-14
294.73191247107195,-68.2334134118653,3.07596696664148,-10.766326268980315,-27.814136760586955,8.420767129872338e-14
294.7412719656671,-68.22391726111225,3.075955985975416,-10.76171587407541,-27.81928959718989,5.0524602779234026e-14
294.7506187241424,-68.21441974372921,3.07594531373372,-10.757109884886848,-27.824437862035946,8.420767129872338e-14
294.7599527748343,-68.20492086352242,3.075934950729573,-10.75250829228255,-27.82958155460674,1.1789073981821273e-13
294.76927414604046,-68.19542062429218,3.0759248977761544,-10.747911087141027,-27.83472067436585,1.347322740779574e-13
294.77858286601946,-68.18591902983279,3.0759151556866433,-10.7433182603515,-27.839855220758803,-1.6841534259744676e-14
294.7878789629907,-68.17641608393265,3.0759057252742217,-10.7387298028139,-27.84498519321309,1.1789073981821273e-13
294.7971624651347,-68.16691179037414,3.0758966073520666,-10.734145705438785,-27.850110591138307,1.347322740779574e-13
294.8064334005929,-68.15740615293377,3.075887802733361,-10.729565959147514,-27.855231413926056,1.347322740779574e-13
294.815691797468,-68.14789917538214,3.0758793122312804,-10.72499055487204,-27.86034766095011,1.1789073981821273e-13
294.82493768382363,-68.1383908614839,3.075871136659009,-10.720419483555084,-27.865459331566377,1.0104920555846805e-13
294.8341710876848,-68.1288812149979,3.0758632768297245,-10.715852736150032,-27.870566425113005,1.6841534259744676e-14
294.8433920370377,-68.1193702396771,3.075855733556606,-10.71129030362098,-27.875668940910362,5.0524602779234026e-14
294.8526005598296,-68.10985793926857,3.075848507652835,-10.706732176942813,-27.880766878261102,6.73661370389787e-14
294.86179668396943,-68.10034431751359,3.0758415999315902,-10.702178347100993,-27.88586023645022,6.73661370389787e-14
294.8709804373272,-68.09082937814762,3.075835011206053,-10.6976288050918,-27.890949014745082,3.368306851948935e-14
294.88015184773445,-68.0813131249003,3.0758287422894006,-10.693083541922217,-27.896033212395487,5.0524602779234026e-14
294.8893109429842,-68.07179556149553,3.0758227939948135,-10.688542548609899,-27.901112828633664,1.347322740779574e-13
294.8984577508308,-68.06227669165135,3.0758171671354746,-10.684005816183301,-27.90618786267431,1.0104920555846805e-13
294.9075922989904,-68.05275651908013,3.0758118625245587,-10.67947333568154,-27.911258313714722,5.0524602779234026e-14
294.9167146151405,-68.0432350474885,3.075806880975251,-10.674945098154494,-27.91632418093472,1.1789073981821273e-13
294.92582472692044,-68.03371228057725,3.0758022233007267,-10.670421094662748,-27.921385463496787,1.6841534259744676e-14
294.9349226619311,-68.02418822204162,3.0757978903141674,-10.665901316277655,-27.92644216054604,1.0104920555846805e-13
294.9440084477352,-68.01466287557103,3.0757938828287537,-10.661385754081286,-27.931494271210266,1.0104920555846805e-13
294.95308211185704,-68.00513624484928,3.0757902016576644,-10.65687439916643,-27.936541794600046,1.6841534259744676e-14
294.9621436817829,-67.99560833355451,3.0757868476140793,-10.652367242636691,-27.941584729808707,5.0524602779234026e-14
294.97119318496107,-67.98607914535916,3.0757838215111795,-10.647864275606272,-27.94662307591242,0.0
294.9802306488013,-67.97654868393009,3.075781124162142,-10.643365489200274,-27.95165683197019,8.420767129872338e-14
294.98925610067573,-67.96701695292847,3.0757787563801497,-10.638870874554474,-27.956685997023936,0.0
294.99826956791827,-67.95748395600997,3.075776718978382,-10.634380422815392,-27.96171057009851,1.0104920555846805e-13
295.00727107782507,-67.94794969682454,3.0757750127700163,-10.629894125140293,-27.9667305502018,1.0104920555846805e-13
295.0162606576541,-67.93841417901665,3.0757736385682346,-10.625411972697261,-27.971745936324613,1.0104920555846805e-13
295.02523833462567,-67.92887740622517,3.0757725971862153,-10.620933956665016,-27.9767567274409,1.0104920555846805e-13
295.0342041359223,-67.91933938208342,3.0757718894371404,-10.616460068233124,-27.98176292250768,5.0524602779234026e-14
295.0431580886886,-67.90980011021922,3.0757715161341865,-10.6119902986019,-27.98676452046512,8.420767129872338e-14
295.05210022003155,-67.90025959425482,3.0757714780905365,-10.607524638982376,-27.991761520236558,6.73661370389787e-14
295.0610305570204,-67.890717837807,3.0757717761193692,-10.603063080596412,-27.99675392072853,1.8525687685719145e-13
295.0699491266869,-67.88117484448703,3.075772411033863,-10.598605614676512,-28.001741720830925,3.368306851948935e-14
295.078855956025,-67.87163061790075,3.075773383647199,-10.594152232466067,-28.006724919416804,-1.6841534259744676e-14
295.08775107199125,-67.86208516164848,3.0757746947725586,-10.589702925219196,-28.011703515342624,1.347322740779574e-13
295.0966345015048,-67.85253847932512,3.0757763452231175,-10.58525768420073,-28.01667750744826,1.6841534259744677e-13
295.1055062714472,-67.84299057452012,3.0757783358120587,-10.5808165006863,-28.02164689455693,8.420767129872338e-14
295.11436640866265,-67.83344145081756,3.0757806673525616,-10.57637936596234,-28.026611675475323,1.347322740779574e-13
295.12321493995796,-67.82389111179604,3.075783340657805,-10.571946271325993,-28.031571848993664,1.6841534259744676e-14
295.13205189210277,-67.81433956102887,3.0757863565409704,-10.567517208085215,-28.036527413885658,3.368306851948935e-14
295.1408772918292,-67.80478680208391,3.075789715815235,-10.563092167558732,-28.041478368908614,6.73661370389787e-14
295.14969116583256,-67.79523283852366,3.075793419293781,-10.558671141075974,-28.04642471280344,8.420767129872338e-14
295.1584935407706,-67.78567767390528,3.0757974677897875,-10.55425411997726,-28.05136644429468,8.420767129872338e-14
295.1672844432642,-67.77612131178064,3.075801862116434,-10.54984109561358,-28.05630356209057,5.0524602779234026e-14
295.17606389989703,-67.76656375569624,3.0758066030868996,-10.54543205934674,-28.0612360648831,1.0104920555846805e-13
295.1848319372158,-67.75700500919326,3.075811691514367,-10.541027002549335,-28.066163951347967,8.420767129872338e-14
295.19358858173024,-67.74744507580766,3.0758171282120115,-10.536625916604697,-28.071087220144715,1.347322740779574e-13
295.20233385991315,-67.73788395907006,3.0758229139930173,-10.532228792906954,-28.076005869916706,3.368306851948935e-14
295.21106779820036,-67.72832166250582,3.075829049670561,-10.52783562286104,-28.0809198992912,0.0
295.2197904229911,-67.7187581896351,3.075835536057825,-10.523446397882596,-28.085829306879322,5.0524602779234026e-14
295.2285017606475,-67.70919354397276,3.0758423739679865,-10.519061109398109,-28.090734091276218,6.73661370389787e-14
295.2372018374951,-67.69962772902846,3.0758495642142276,-10.514679748844818,-28.095634251060957,5.0524602779234026e-14
295.24589067982276,-67.69006074830666,3.0758571076097265,-10.510302307670727,-28.100529784796695,5.0524602779234026e-14
295.25456831388266,-67.68049260530663,3.0758650049676644,-10.50592877733465,-28.10542069103061,3.368306851948935e-14
295.26323476589033,-67.67092330352243,3.0758732571012204,-10.501559149306162,-28.11030696829401,8.420767129872338e-14
295.2718900620249,-67.66135284644297,3.075881864823573,-10.49719341506557,-28.115188615102348,5.0524602779234026e-14
295.28053422842873,-67.651781237552,3.0758908289479043,-10.492831566104062,-28.120065629955203,1.347322740779574e-13
295.289167291208,-67.64220848032812,3.075900150287393,-10.488473593923523,-28.124938011336443,1.1789073981821273e-13
295.2977892764323,-67.63263457824482,3.0759098296552185,-10.484119490036667,-28.129805757714138,5.0524602779234026e-14
295.30640021013477,-67.62305953477045,3.075919867864562,-10.479769245966951,-28.134668867540643,1.6841534259744676e-14
295.3150001183125,-67.6134833533683,3.075930265728602,-10.475422853248615,-28.139527339252673,5.0524602779234026e-14
295.32358902692613,-67.6039060374965,3.0759410240605187,-10.471080303426707,-28.144381171271306,1.0104920555846805e-13
295.33216696190004,-67.59432759060817,3.0759521436734922,-10.466741588057033,-28.14923036200199,1.6841534259744676e-14
295.34073394912247,-67.58474801615135,3.0759636253807026,-10.462406698706198,-28.15407490983461,1.1789073981821273e-13
295.34929001444556,-67.57516731756901,3.0759754699953286,-10.458075626951565,-28.158914813143554,8.420767129872338e-14
295.3578351836853,-67.56558549829911,3.07598767833055,-10.453748364381276,-28.163750070287705,8.420767129872338e-14
