galstreams/tracks/track.st.M92.ibata2021.ecsv
# %ECSV 1.0
# ---
# datatype:
# - {name: ra, unit: deg, datatype: float64}
# - {name: dec, unit: deg, datatype: float64}
# - {name: distance, unit: kpc, datatype: float64}
# - {name: pm_ra_cosdec, unit: mas / yr, datatype: float64}
# - {name: pm_dec, unit: mas / yr, datatype: float64}
# - {name: radial_velocity, unit: km / s, datatype: float64}
# delimiter: ','
# meta: !!omap
# - __serialized_columns__:
#     dec:
#       __class__: astropy.coordinates.angles.Latitude
#       unit: &id001 !astropy.units.Unit {unit: deg}
#       value: !astropy.table.SerializedColumn {name: dec}
#     distance:
#       __class__: astropy.coordinates.distances.Distance
#       unit: !astropy.units.Unit {unit: kpc}
#       value: !astropy.table.SerializedColumn {name: distance}
#     pm_dec:
#       __class__: astropy.units.quantity.Quantity
#       unit: !astropy.units.Unit {unit: mas / yr}
#       value: !astropy.table.SerializedColumn {name: pm_dec}
#     pm_ra_cosdec:
#       __class__: astropy.units.quantity.Quantity
#       unit: !astropy.units.Unit {unit: mas / yr}
#       value: !astropy.table.SerializedColumn {name: pm_ra_cosdec}
#     ra:
#       __class__: astropy.coordinates.angles.Longitude
#       unit: *id001
#       value: !astropy.table.SerializedColumn {name: ra}
#       wrap_angle: !astropy.coordinates.Angle
#         unit: *id001
#         value: 360.0
#     radial_velocity:
#       __class__: astropy.units.quantity.Quantity
#       unit: !astropy.units.Unit {unit: km / s}
#       value: !astropy.table.SerializedColumn {name: radial_velocity}
# schema: astropy-2.0
ra,dec,distance,pm_ra_cosdec,pm_dec,radial_velocity
[from data line 284]
252.01690843037386,44.22670492693776,8.975270218020764,-5.346109014563638,-1.8650721893550217,-141.84438702032685
252.0334283325668,44.22820993005301,8.975300024496278,-5.345978470798149,-1.8615825913840065,-141.65532691903405
252.04993811742878,44.22969829770816,8.975333660437963,-5.345844363471719,-1.8580983843615373,-141.46730039827918
252.06643778383975,44.23117005219072,8.97537111647398,-5.345706702095161,-1.854619563899378,-141.28030560250463
252.08292733072088,44.232625215781034,8.975412383232506,-5.345565496172313,-1.8511461255974975,-141.0943406761521
252.0994067570355,44.23406381075212,8.9754574513417,-5.345420755200037,-1.8476780650440134,-140.9094037636637
252.11587606178833,44.235485859369845,8.975506311429728,-5.3452724886682,-1.8442153778152603,-140.7254930094817
252.13233524402582,44.236891383892726,8.97555895412476,-5.3451207060596655,-1.8407580594757802,-140.54260655804805
252.14878430283625,44.23828040657201,8.97561537005496,-5.344965416850286,-1.837306105578333,-140.36074255380507
252.16522323734893,44.239652949651735,8.975675549848498,-5.344806630508891,-1.833859511663967,-140.17989914119454
252.18165204673522,44.24100903536851,8.975739484133536,-5.3446443564972785,-1.8304182732619616,-140.00007446465872
252.1980707302076,44.242348685951825,8.975807163538246,-5.344478604270201,-1.8269823858899077,-139.82126666863962
252.21447928702023,44.243671923623666,8.975878578690788,-5.344309383275362,-1.8235518450536883,-139.6434738975791
252.23087771646877,44.2449787705988,8.975953720219337,-5.344136702953396,-1.8201266462474963,-139.46669429591986
252.24726601788996,44.24626924908466,8.976032578752054,-5.343960572737869,-1.8167067849538885,-139.2909260081035
252.26364419066212,44.247543381281304,8.976115144917104,-5.343781002055271,-1.8132922566437597,-139.1161671785722
252.28001223420472,44.24880118938149,8.976201409342655,-5.343598000324988,-1.8098830567763957,-138.94241595176788
252.29637014797868,44.25004269557054,8.97629136265688,-5.3434115769593085,-1.8064791807994627,-138.76967047213284
252.31271793148616,44.25126792202645,8.976384995487939,-5.343221741363418,-1.8030806241490276,-138.59792888410917
252.32905558427032,44.252476890919915,8.976482298463996,-5.343028502935375,-1.7996873822496147,-138.42718933213897
252.3453831059157,44.253669624414066,8.976583262213223,-5.342831871066105,-1.7962994505141674,-138.25744996066413
252.36170049604775,44.254846144664825,8.976687877363787,-5.342631855139399,-1.792916824344118,-138.08870891412684
252.37800775433328,44.25600647382058,8.97679613454385,-5.342428464531904,-1.7895394991293558,-137.92096433696932
252.3943048804798,44.25715063402237,8.976908024381581,-5.342221708613099,-1.7861674702483041,-137.7542143736333
252.41059187423622,44.25827864740383,8.977023537505149,-5.342011596745306,-1.7828007330678717,-137.58845716856115
252.42686873539225,44.25939053609106,8.977142664542717,-5.341798138283668,-1.7794392829435166,-137.42369086619496
252.4431354637784,44.260486322202865,8.977265396122451,-5.341581342576143,-1.7760831152192682,-137.25991361097687
252.4593920592662,44.26156602785048,8.977391722872524,-5.3413612189635025,-1.7727322252277131,-137.09712354734847
252.47563852176808,44.2626296751378,8.977521635421095,-5.341137776779304,-1.7693866082900358,-136.93531881975238
252.49187485123736,44.26367728616112,8.977655124396335,-5.3409110253499055,-1.7660462597160298,-136.77449757263062
252.50810104766776,44.264708883009405,8.977792180426409,-5.340680973994441,-1.7627111748041264,-136.61465795042497
252.5243171110942,44.26572448776405,8.977932794139484,-5.340447632024817,-1.7593813488413947,-136.4557980975778
252.5405230415921,44.266724122498964,8.978076956163724,-5.340211008745711,-1.7560567771035687,-136.29791615853117
252.5567188392774,44.2677078092806,8.978224657127301,-5.339971113454542,-1.7527374548550854,-136.14101027772693
252.5729045043069,44.268675570167865,8.978375887658377,-5.339727955441493,-1.7494233773490637,-135.98507859960725
252.58908003687785,44.26962742721222,8.97853063838512,-5.3394815439894705,-1.746114539827361,-135.83011926861437
252.605245437228,44.27056340245753,8.978688899935696,-5.339231888374122,-1.7428109375205674,-135.67613042919024
252.62140070563584,44.27148351794014,8.978850662938276,-5.3389789978638165,-1.7395125656480297,-135.52311022577703
252.63754584241994,44.27238779568892,8.979015918021023,-5.338722881719633,-1.7362194194178866,-135.37105680281675
252.65368084793954,44.27327625772513,8.979184655812098,-5.338463549195369,-1.7329314940270613,-135.2199683047514
252.66980572259422,44.27414892606253,8.979356866939677,-5.3382010095375065,-1.7296487846613016,-135.06984287602333
252.68592046682386,44.27500582270725,8.979532542031922,-5.337935271985229,-1.7263712864951817,-134.92067866107428
252.70202508110862,44.27584696965795,8.979711671717002,-5.337666345770395,-1.723098994692139,-134.77247380434684
252.71811956596883,44.27667238890563,8.979894246623077,-5.337394240117551,-1.7198319044044847,-134.6252264502824
252.7342039219653,44.27748210243371,8.980080257378322,-5.337118964243902,-1.716570010773407,-134.47893474332346
252.75027814969866,44.27827613221811,8.980269694610902,-5.336840527359318,-1.7133133089290222,-134.33359682791206
252.76634224980995,44.27905450022701,8.980462548948978,-5.336558938666323,-1.7100617939903635,-134.1892108484903
252.78239622298005,44.279817228421145,8.98065881102072,-5.336274207360083,-1.7068154610654274,-134.04577494950024
252.79844006993,44.28056433875351,8.980858471454296,-5.335986342628408,-1.703574305251163,-133.9032872753839
252.81447379142094,44.281295853169524,8.981061520877871,-5.335695353651739,-1.700338321633514,-133.7617459705835
252.83049738825363,44.28201179360702,8.981267949919612,-5.335401249603141,-1.6971075052874374,-133.62114917954088
252.84651086126917,44.2827121819961,8.981477749207686,-5.335104039648294,-1.6938818512768965,-133.48149504669834
252.86251421134807,44.283397040259324,8.981690909370258,-5.33480373294549,-1.6906613546549267,-133.3427817164979
252.8785074394111,44.28406639031153,8.981907421035498,-5.3345003386456264,-1.6874460104635978,-133.20500733338164
252.8944905464184,44.284720254059984,8.982127274831571,-5.334193865892194,-1.6842358137340898,-133.06817004179172
252.91046353337012,44.285358653404195,8.98235046138664,-5.333884323821286,-1.6810307594866705,-132.9322679861701
252.92642640130606,44.28598161023602,8.982576971328875,-5.333571721561563,-1.6778308427307251,-132.79729931095878
252.94237915130552,44.28658914643972,8.982806795286441,-5.333256068234264,-1.674636058464798,-132.66326216060006
252.9583217844875,44.28718128389177,8.983039923887507,-5.33293737295321,-1.6714464016765762,-132.53015467953585
252.9742543020106,44.287758044461036,8.98327634776024,-5.332615644824774,-1.668261867342943,-132.39797501220843
252.99017670507277,44.28831945000863,8.983516057532801,-5.332290892947894,-1.665082450429968,-132.26672130305977
253.00608899491158,44.288865522387965,8.983759043833363,-5.331963126414058,-1.6619081458929463,-132.13639169653177
253.02199117280395,44.289396283444816,8.984005297290087,-5.331632354307294,-1.6587389486764152,-132.00698433706683
253.0378832400662,44.28991175501711,8.984254808531146,-5.3312985857041735,-1.6555748537141601,-131.8784973691068
253.0537651980539,44.29041195893518,8.9845075681847,-5.3309618296737975,-1.6524158559292614,-131.75092893709382
253.0696370481621,44.29089691702154,8.984763566878922,-5.330622095277794,-1.6492619502340706,-131.62427718547025
253.08549879182468,44.291366651091046,8.985022795241973,-5.330279391570315,-1.6461131315302926,-131.4985402586776
253.10135043051517,44.29182118295075,8.985285243902023,-5.329933727598022,-1.6429693947089334,-131.37371630115845
253.11719196574606,44.29226053439992,8.985550903487237,-5.329585112400089,-1.6398307346503735,-131.24980345735463
253.13302339906878,44.292684727230196,8.98581976462578,-5.329233555008192,-1.6366971462243765,-131.12679987170827
253.1488447320741,44.29309378322532,8.986091817945825,-5.3288790644465,-1.6335686242900787,-131.00470368866158
253.16465596639154,44.293487724161395,8.986367054075533,-5.32852164973168,-1.6304451636960586,-130.8835130526565
253.18045710368972,44.29386657180664,8.98664546364307,-5.328161319872884,-1.6273267592803125,-130.7632261081353
253.19624814567612,44.294230347921506,8.986927037276606,-5.327798083871743,-1.6242134058702993,-130.6438409995396
253.21202909409706,44.294579074258756,8.987211765604302,-5.327431950722363,-1.6211050982829527,-130.525355871312
253.22779995073782,44.29491277256324,8.987499639254334,-5.327062929411317,-1.6180018313246936,-130.40776886789436
253.24356071742216,44.295231464572105,8.98779064885486,-5.32669102891765,-1.6149035997914774,-130.2910781337287
253.25931139601292,44.29553517201461,8.988084785034047,-5.326316258212861,-1.611810398468766,-130.1752818132573
253.27505198841124,44.295823916612285,8.988382038420072,-5.325938626260899,-1.6087222221316075,-130.06037805092205
253.2907824965571,44.29609772007881,8.988682399641087,-5.325558142018176,-1.6056390655446051,-129.946364991165
253.30650292242922,44.29635660411998,8.98898585932527,-5.325174814433535,-1.602560923461949,-129.8332407784285
253.3222132680444,44.296600590433904,8.98929240810078,-5.324788652448267,-1.599487790627472,-129.72100355715435
253.33791353545843,44.296829700710724,8.989602036595787,-5.324399664996089,-1.5964196617746118,-129.60965147178499
253.353603726765,44.29704395663283,8.98991473543846,-5.3240078610031505,-1.5933565316264917,-129.49918266676198
253.36928384409657,44.29724337987474,8.99023049525696,-5.323613249388031,-1.5902983948958804,-129.38959528652782
253.38495388962392,44.29742799210308,8.990549306679457,-5.323215839061729,-1.5872452462852522,-129.2808874755245
253.4006138655558,44.29759781497672,8.990871160334118,-5.322815638927649,-1.5841970804868137,-129.17305737819393
253.4162637741397,44.29775287014656,8.991196046849106,-5.322412657881616,-1.581153892182471,-129.06610313897852
253.43190361766065,44.29789317925573,8.99152395685259,-5.322006904811863,-1.5781156760439288,-128.96002290231988
253.4475333984425,44.29801876393941,8.99185488097274,-5.321598388599014,-1.5750824267326289,-128.85481481266055
253.46315311884658,44.298129645825,8.992188809837717,-5.321187118116105,-1.5720541388998326,-128.75047701444237
253.47876278127268,44.29822584653192,8.992525734075691,-5.3207731022285545,-1.569030807186608,-128.64700765210756
253.49436238815846,44.298307387671734,8.992865644314826,-5.32035634979418,-1.5660124262238555,-128.54440487009794
253.50995194197944,44.29837429084818,8.993208531183292,-5.319936869663169,-1.5629989906323427,-128.44266681285598
253.52553144524907,44.298426577656976,8.99355438530925,-5.319514670678114,-1.5599904950227068,-128.34179162482346
253.54110090051861,44.298464269686086,8.993903197320876,-5.319089761673957,-1.5569869339954865,-128.2417774504425
253.55666031037717,44.29848738851547,8.994254957846328,-5.318662151478037,-1.5539883021411338,-128.14262243415521
253.5722096774517,44.29849595571717,8.994609657513777,-5.31823184891005,-1.5509945940400287,-128.04432472040384
253.5877490044065,44.29848999285539,8.994967286951383,-5.3177988627820625,-1.5480058042625342,-127.94688245363028
253.6032782939439,44.298469521486304,8.995327836787324,-5.317363201898496,-1.5450219273689658,-127.85029377827674
253.61879754880343,44.29843456315831,8.995691297649756,-5.31692487505614,-1.5420429579096555,-127.75455683878516
253.63430677176248,44.29838513941172,8.996057660166851,-5.316483891044135,-1.5390688904249448,-127.65966977959758
253.64980596563575,44.29832127177904,8.996426914966772,-5.316040258643969,-1.5360997194452164,-127.56563074515631
253.66529513327535,44.29824298178477,8.996799052677693,-5.315593986629481,-1.5331354394909176,-127.47243787990318
253.68077427757103,44.298150290945436,8.997174063927769,-5.315145083766857,-1.5301760450725594,-127.38008932828059
253.69624340144944,44.298043220769706,8.997551939345177,-5.314693558814615,-1.5272215306907793,-127.28858323473031
253.7117025078749,44.29792179275822,8.997932669558079,-5.314239420523623,-1.5242718908363124,-127.19791774369456
253.7271515998487,44.29778602840371,8.998316245194642,-5.31378267763707,-1.5213271199900502,-127.10809099961551
253.74259068040936,44.29763594919093,8.998702656883033,-5.31332333889049,-1.5183872126230409,-127.01910114693503
253.75801975263275,44.29747157659663,8.999091895251418,-5.312861413011736,-1.5154521631965046,-126.93094633009534
253.77343881963134,44.29729293208968,8.999483950927965,-5.312396908720989,-1.512521966161891,-126.84362469353847
253.78884788455514,44.297100037130875,8.999878814540839,-5.311929834730755,-1.509596615960841,-126.75713438170654
253.80424695059068,44.29689291317313,9.000276476718206,-5.311460199745855,-1.5066761070252688,-126.67147353904161
253.8196360209618,44.29667158166128,9.000676928088238,-5.310988012463423,-1.503760433777325,-126.58664030998597
253.83501509892878,44.29643606403227,9.001080159279093,-5.310513281572925,-1.5008495906294765,-126.50263283898121
253.85038418778905,44.296186381715,9.001486160918942,-5.3100360157561175,-1.4979435719844676,-126.41944927046988
253.86574329087665,44.29592255613034,9.001894923635954,-5.309556223687076,-1.49504237223538,-126.33708774889386
253.88109241156226,44.29564460869128,9.002306438058293,-5.309073914032176,-1.4921459857656498,-126.25554641869515
253.89643155325345,44.29535256080266,9.002720694814123,-5.308589095450106,-1.489254406949065,-126.17482342431597
253.91176071939407,44.29504643386147,9.003137684531616,-5.308101776591846,-1.4863676301498143,-126.09491691019848
253.92707991346467,44.29472624925656,9.003557397838932,-5.307611966100679,-1.4834856497224904,-126.01582502078453
253.94238913898243,44.29439202836883,9.003979825364247,-5.307119672612183,-1.4806084600121059,-125.93754590051648
253.95768839950063,44.294043792571166,9.00440495773572,-5.306624904754232,-1.477736055354146,-125.86007769383616
253.9729776986092,44.29368156322838,9.004832785581515,-5.306127671146994,-1.4748684300745407,-125.78341854518571
253.98825703993427,44.29330536169738,9.005263299529808,-5.305627980402919,-1.4720055784897355,-125.70756659900725
254.00352642713838,44.29291520932689,9.005696490208758,-5.305125841126752,-1.4691474949066565,-125.63251999974301
254.01878586392004,44.29251112745776,9.006132348246537,-5.304621261915516,-1.466294173622797,-125.5582768918348
254.03403535401418,44.29209313742267,9.006570864271307,-5.304114251358528,-1.463445608926183,-125.48483541972487
254.04927490119175,44.29166126054631,9.00701202891124,-5.303604818037377,-1.460601795095414,-125.4121937278552
254.06450450925965,44.2912155181454,9.007455832794493,-5.303092970525945,-1.4577627263996926,-125.34034996066795
254.07972418206106,44.29075593152849,9.007902266549243,-5.302578717390373,-1.4549283970988223,-125.26930226260528
254.09493392347468,44.29028252199622,9.00835132080365,-5.3020620671890955,-1.4520988014432703,-125.19904877810906
254.11013373741548,44.289795310841065,9.008802986185884,-5.301543028472814,-1.4492739336741294,-125.12958765162146
254.12532362783423,44.28929431934747,9.00925725332411,-5.301021609784505,-1.446453788023177,-125.06091702758474
254.14050359871723,44.288779568791895,9.009714112846495,-5.300497819659416,-1.4436383587129082,-124.99303505044074
254.15567365408674,44.28825108044264,9.010173555381208,-5.299971666625071,-1.4408276399565136,-124.92593986463153
254.17083379800064,44.28770887556004,9.010635571556412,-5.299443159201245,-1.4380216259579344,-124.85962961459944
254.18598403455243,44.28715297539625,9.011100152000274,-5.298912305900005,-1.4352203109118657,-124.79410244478636
254.20112436787107,44.28658340119551,9.011567287340958,-5.29837911522567,-1.4324236890037958,-124.72935649963445
254.2162548021212,44.28600017419382,9.012036968206637,-5.297843595674819,-1.4296317544099975,-124.6653899235858
