galstreams/tracks/track.st.Kshir.ibata2021.ecsv
# %ECSV 1.0
# ---
# datatype:
# - {name: ra, unit: deg, datatype: float64}
# - {name: dec, unit: deg, datatype: float64}
# - {name: distance, unit: kpc, datatype: float64}
# - {name: pm_ra_cosdec, unit: mas / yr, datatype: float64}
# - {name: pm_dec, unit: mas / yr, datatype: float64}
# - {name: radial_velocity, unit: km / s, datatype: float64}
# delimiter: ','
# meta: !!omap
# - __serialized_columns__:
#     dec:
#       __class__: astropy.coordinates.angles.Latitude
#       unit: &id001 !astropy.units.Unit {unit: deg}
#       value: !astropy.table.SerializedColumn {name: dec}
#     distance:
#       __class__: astropy.coordinates.distances.Distance
#       unit: !astropy.units.Unit {unit: kpc}
#       value: !astropy.table.SerializedColumn {name: distance}
#     pm_dec:
#       __class__: astropy.units.quantity.Quantity
#       unit: !astropy.units.Unit {unit: mas / yr}
#       value: !astropy.table.SerializedColumn {name: pm_dec}
#     pm_ra_cosdec:
#       __class__: astropy.units.quantity.Quantity
#       unit: !astropy.units.Unit {unit: mas / yr}
#       value: !astropy.table.SerializedColumn {name: pm_ra_cosdec}
#     ra:
#       __class__: astropy.coordinates.angles.Longitude
#       unit: *id001
#       value: !astropy.table.SerializedColumn {name: ra}
#       wrap_angle: !astropy.coordinates.Angle
#         unit: *id001
#         value: 360.0
#     radial_velocity:
#       __class__: astropy.units.quantity.Quantity
#       unit: !astropy.units.Unit {unit: km / s}
#       value: !astropy.table.SerializedColumn {name: radial_velocity}
# schema: astropy-2.0
ra,dec,distance,pm_ra_cosdec,pm_dec,radial_velocity
[from data line 430]
203.486608544324,67.1116571450093,9.942779612836528,-7.68613033477533,-4.2336920566861656,-229.49253196942757
203.51116952397902,67.11463780938674,9.943777618918178,-7.685931543176163,-4.230315135879978,-229.78188526782344
203.53573548968097,67.11761592389195,9.944780515576072,-7.685732954888842,-4.2269372980631745,-230.06934314092163
203.56030644221045,67.12059148437989,9.945788290795537,-7.685534567127375,-4.223558543459449,-230.35490981448788
203.5848823823311,67.123564486704,9.9468009325619,-7.68533637710505,-4.220178872297238,-230.6385895142876
203.60946331078952,67.1265349267163,9.947818428860487,-7.6851383820344275,-4.216798284809735,-230.92038646608634
203.63404922831538,67.1295028002673,9.948840767676625,-7.68494057912735,-4.213416781234882,-231.2003048956498
203.65864013562123,67.13246810320607,9.94986793699564,-7.684742965594957,-4.210034361815383,-231.47834902874337
203.68323603340264,67.13543083138012,9.950899924802858,-7.684545538647673,-4.206651026798697,-231.7545230911327
203.70783692233823,67.13839098063568,9.951936719083607,-7.684348295495227,-4.203266776437033,-232.0288313085833
203.73244280308913,67.14134854681731,9.952978307823209,-7.684151233346642,-4.199881610987427,-232.30127790686063
203.7570536762997,67.14430352576835,9.954024679006999,-7.683954349410257,-4.196495530711623,-232.57186711173043
203.78166954259703,67.14725591333051,9.955075820620294,-7.683757640893739,-4.1931085358761795,-232.84060314895797
203.80629040259112,67.15020570534418,9.956131720648425,-7.683561105004063,-4.189720626752414,-233.1074902443092
203.8309162568746,67.15315289764827,9.957192367076722,-7.683364738947536,-4.186331803616447,-233.37253262354926
203.85554710602307,67.15609748608027,9.958257747890507,-7.683168539929797,-4.182942066749179,-233.63573451244395
203.88018295059473,67.15903946647627,9.959327851075106,-7.682972505155823,-4.1795514164363095,-233.8971001367586
203.90482379113067,67.16197883467092,9.960402664615849,-7.682776631829934,-4.176159852968329,-234.15663372225904
203.92946962815455,67.16491558649746,9.961482176498059,-7.682580917155809,-4.172767376640536,-234.41433949471062
203.95412046217277,67.16784971778773,9.962566374707063,-7.682385358336474,-4.169373987753026,-234.6702216798789
203.97877629367434,67.17078122437219,9.963655247228187,-7.682189952574316,-4.1659796866107195,-234.92428450352952
204.00343712313102,67.1737101020799,9.96474878204676,-7.68199469707109,-4.162584473523329,-235.17653219142792
204.02810295099707,67.17663634673849,9.965846967148106,-7.681799589027934,-4.159188348805403,-235.42696896933964
204.05277377770935,67.17955995417427,9.966949790517555,-7.6816046256453445,-4.1557913127762935,-235.6755990630304
204.07744960368737,67.18248092021213,9.968057240140428,-7.68140980412322,-4.152393365760199,-235.92242669826558
204.10213042933307,67.1853992406756,9.969169304002058,-7.681215121660848,-4.148994508086126,-236.16745610081082
204.126816255031,67.18831491138681,9.970285970087764,-7.681020575456907,-4.145594740087932,-236.41069149643153
204.15150708114814,67.19122792816663,9.971407226382883,-7.68082616270947,-4.142194062104291,-236.65213711089348
204.17620290803393,67.19413828683443,9.972533060872728,-7.680631880616036,-4.1387924744787465,-236.89179716996196
204.2009037360203,67.19704598320834,9.973663461542637,-7.680437726373502,-4.1353899775596545,-237.12967589940263
204.2256095654216,67.19995101310509,9.974798416377931,-7.680243697178195,-4.131986571700247,-237.36577752498116
204.25032039653453,67.20285337234012,9.975937913363934,-7.680049790225867,-4.128582257258589,-237.600106272463
204.2750362296382,67.20575305672747,9.97708194048598,-7.679856002711688,-4.125177034597614,-237.83266636761363
204.29975706499403,67.20865006207988,9.97823048572939,-7.679662331830282,-4.121770904085116,-238.06346203619862
204.3244829028458,67.2115443842088,9.979383537079494,-7.6794687747757076,-4.118363866093745,-238.29249750398367
204.34921374341965,67.2144360189243,9.980541082521615,-7.679275328741481,-4.114955921001027,-238.51977699673418
204.37394958692386,67.21732496203518,9.98170311004108,-7.679081990920563,-4.111547069189356,-238.74530474021557
204.39869043354906,67.22021120934892,9.982869607623217,-7.678888758505377,-4.108137311046004,-238.9690849601937
204.4234362834681,67.2230947566717,9.984040563253352,-7.6786956286878265,-4.104726646963122,-239.19112188243395
204.44818713683603,67.22597559980838,9.985215964916808,-7.678502598659273,-4.101315077337748,-239.41141973270192
204.47294299379,67.2288537345626,9.986395800598919,-7.6783096656105725,-4.0979026025718035,-239.62998273676303
204.4977038544495,67.23172915673662,9.987580058285007,-7.678116826732045,-4.0944892230721015,-239.84681512038293
204.522469718916,67.23460186213148,9.988768725960394,-7.677924079213527,-4.091074939250358,-240.06192110932722
204.54724058727314,67.23747184654695,9.989961791610416,-7.677731420244331,-4.087659751523175,-240.27530492936125
204.57201645958665,67.24033910578149,9.991159243220393,-7.677538847013297,-4.084243660312071,-240.48697080625075
204.59679733590428,67.24320363563233,9.992361068775653,-7.677346356708751,-4.080826666043463,-240.69692296576125
204.62158321625594,67.24606543189542,9.993567256261525,-7.677153946518553,-4.077408769148683,-240.90516563365824
204.6463741006534,67.24892449036548,9.994777793663328,-7.676961613630075,-4.073989970063977,-241.11170303570722
204.67116998909054,67.25178080683601,9.995992668966396,-7.6767693552302205,-4.070570269230502,-241.31653939767392
204.6959708815432,67.25463437709917,9.997211870156054,-7.676577168505429,-4.067149667094354,-241.5196789453237
204.72077677796906,67.25748519694598,9.998435385217626,-7.676385050641683,-4.063728164106537,-241.72112590442222
204.74558767830788,67.26033326216621,9.999663202136444,-7.676192998824503,-4.060305760722997,-241.92088450073499
204.77040358248124,67.26317856854837,10.000895308897825,-7.67600101023898,-4.056882457404608,-242.11895896002756
204.79522449039257,67.2660211118798,10.002131693487105,-7.675809082069746,-4.053458254617182,-242.31535350806544
204.82005040192723,67.26886088794657,10.003372343889604,-7.6756172115010095,-4.050033152831475,-242.51007237061424
204.84488131695232,67.27169789253362,10.00461724809065,-7.67542539571655,-4.046607152523189,-242.70311977343945
204.86971723531684,67.27453212142461,10.005866394075573,-7.675233631899728,-4.043180254172966,-242.89449994230662
204.89455815685153,67.27736357040207,10.007119769829696,-7.675041917233482,-4.039752458266411,-243.0842171029813
204.9194040813689,67.2801922352473,10.008377363338345,-7.674850248900352,-4.0363237652940755,-243.2722754812291
204.94425500866316,67.2830181117404,10.009639162586847,-7.674658624082461,-4.032894175751482,-243.4586793028155
204.9691109385103,67.28584119566035,10.010905155560533,-7.674467039961554,-4.029463690139107,-243.64343279350607
204.99397187066796,67.28866148278492,10.012175330244727,-7.674275493718966,-4.0260323089623995,-243.82654017906654
205.01883780487543,67.2914789688907,10.013449674624749,-7.674083982535678,-4.022600032731783,-244.0080056852621
205.04370874085373,67.29429364975314,10.014728176685932,-7.673892503592263,-4.019166861962648,-244.18783353785838
205.0685846783054,67.29710552114655,10.016010824413602,-7.673701054068944,-4.0157327971753665,-244.36602796262113
205.09346561691464,67.29991457884405,10.017297605793086,-7.6735096311455715,-4.01229783889529,-244.5425931853159
205.11835155634722,67.30272081861764,10.018588508809703,-7.6733182320016455,-4.008861987652767,-244.7175334317079
205.14324249625042,67.30552423623818,10.019883521448794,-7.673126853816304,-4.005425243983124,-244.89085292756306
205.1681384362533,67.30832482747543,10.02118263169567,-7.672935493768367,-4.00198760842667,-245.0625558986468
205.19303937596584,67.31112258809794,10.02248582753567,-7.672744149036274,-3.998549081528758,-245.23264657072448
205.21794531498006,67.31391751387319,10.02379309695411,-7.6725528167981665,-3.9951096638396986,-245.40112916956187
205.24285625286927,67.31670960056758,10.025104427936327,-7.672361494231856,-3.991669355914807,-245.5680079209245
205.26777218918818,67.31949884394632,10.02641980846764,-7.672170178514828,-3.988228158314427,-245.7332870505778
205.29269312347296,67.32228523977358,10.027739226533376,-7.67197886682427,-3.984786071603901,-245.89697078428748
205.31761905524118,67.32506878381244,10.029062670118863,-7.671787556337051,-3.981343096353589,-246.05906334781886
205.34254998399172,67.3278494718248,10.03039012720943,-7.671596244229743,-3.9778992331388703,-246.2195689669378
205.36748590920485,67.33062729957159,10.031721585790397,-7.6714049276786405,-3.9744544825401533,-246.3784918674095
205.39242683034215,67.33340226281258,10.033057033847095,-7.671213603859735,-3.971008845142861,-246.5358362749997
205.41737274684655,67.3361743573065,10.034396459364851,-7.6710222699487565,-3.967562321537452,-246.6916064154741
205.44232365814216,67.338943578811,10.035739850328993,-7.670830923121146,-3.964114912319419,-246.84580651459788
205.46727956363443,67.34170992308265,10.03708719472484,-7.6706395605521,-3.9606666180892898,-246.99844079813684
205.49224046271007,67.34447338587701,10.038438480537724,-7.670448179416544,-3.957217439452633,-247.14951349185648
205.51720635473686,67.34723396294855,10.039793695752973,-7.6702567768891505,-3.953767377020063,-247.29902882152226
205.54217723906393,67.34999165005073,10.041152828355909,-7.670065350144358,-3.950316431407237,-247.4469910128999
205.5671531150215,67.35274644293591,10.042515866331865,-7.669873896356357,-3.9468646032348653,-247.59340429175478
205.5921339819209,67.35549833735548,10.043882797666157,-7.66968241269912,-3.943411893128721,-247.7382728838524
205.61711983905465,67.3582473290598,10.045253610344123,-7.6694908963463755,-3.939958301719623,-247.88160101495862
205.64211068569637,67.36099341379814,10.046628292351084,-7.669299344471656,-3.9365038296434536,-248.02339291083865
205.6671065211007,67.36373658731885,10.048006831672362,-7.669107754248277,-3.9330484775411674,-248.1636527972583
205.6921073445033,67.36647684536922,10.04938921629329,-7.668916122849338,-3.929592246058787,-248.30238489998288
205.71711315512104,67.3692141836955,10.050775434199194,-7.668724447447763,-3.9261351358474004,-248.43959344477807
205.7421239521516,67.37194859804305,10.052165473375398,-7.668532725216268,-3.922677147563177,-248.57528265740942
205.76713973477376,67.37468008415613,10.053559321807231,-7.668340953327402,-3.9192182818673564,-248.70945676364258
205.7921605021472,67.37740863777807,10.054956967480015,-7.668149128953522,-3.9157585394262804,-248.84211998924275
205.81718625341264,67.38013425465121,10.05635839837908,-7.667957249266832,-3.912297920911353,-248.97327655997574
205.84221698769164,67.38285693051694,10.05776360248975,-7.667765311439364,-3.90883642699908,-249.10293070160708
205.86725270408664,67.38557666111562,10.059172567797358,-7.667573312642994,-3.9053740583710645,-249.2310866399023
205.892293401681,67.38829344218675,10.060585282287228,-7.667381250049452,-3.901910815713992,-249.35774860062696
205.91733907953898,67.39100726946877,10.062001733944678,-7.667189120830342,-3.8984466997196616,-249.4829208095467
205.94238973670556,67.39371813869923,10.063421910755045,-7.666996922157111,-3.894981711084971,-249.60660749242678
205.96744537220664,67.39642604561475,10.06484580070365,-7.66680465120109,-3.891515850511917,-249.72881287503304
205.9925059850488,67.39913098595095,10.06627339177582,-7.666612305133497,-3.8880491187076207,-249.84954118313073
206.0175715742195,67.40183295544259,10.067704671956882,-7.666419881125421,-3.884581516384302,-249.9687966424857
206.04264213868683,67.40453194982345,10.069139629232161,-7.666227376347863,-3.8811130442593043,-250.08658347886342
206.0677176773997,67.40722796482646,10.070578251586989,-7.666034787971711,-3.8776437030550923,-250.2029059180293
206.09279818928772,67.40992099618356,10.072020527006687,-7.665842113167769,-3.8741734934992493,-250.317768185749
206.11788367326108,67.41261103962583,10.073466443476581,-7.665649349106761,-3.8707024163244945,-250.43117450778809
206.14297412821068,67.41529809088345,10.074915988982005,-7.66545649295933,-3.8672304722686626,-250.54312910991203
206.1680695530081,67.41798214568568,10.07636915150828,-7.6652635418960395,-3.863757662074737,-250.6536362178864
206.1931699465055,67.42066319976094,10.077825919040729,-7.6650704930874065,-3.860283986490824,-250.7627000574768
206.21827530753558,67.42334124883672,10.07928627956468,-7.6648773437038855,-3.856809446270185,-250.87032485444868
206.24338563491173,67.42601628863966,10.080750221065466,-7.664684090915877,-3.853334042171205,-250.97651483456772
206.26850092742777,67.42868831489551,10.082217731528408,-7.664490731893754,-3.849857774957436,-251.0812742235993
206.29362118385808,67.43135732332918,10.083688798938832,-7.664297263807848,-3.846380645397567,-251.1846072473091
206.3187464029576,67.43402330966475,10.085163411282064,-7.664103683828462,-3.8429026542654428,-251.2865181314627
206.34387658346168,67.4366862696254,10.086641556543437,-7.663909989125878,-3.8394238023400598,-251.38701110182544
206.3690117240862,67.43934619893346,10.088123222708273,-7.663716176870379,-3.835944090405589,-251.48609038416302
206.39415182352744,67.44200309331049,10.089608397761898,-7.6635222442322295,-3.8324635192513457,-251.58376020424103
206.41929688046207,67.44465694847716,10.091097069689635,-7.663328188381707,-3.8289820896718214,-251.68002478782486
206.44444689354725,67.44730776015331,10.092589226476816,-7.663134006489097,-3.825499802466674,-251.77488836068022
206.46960186142041,67.44995552405801,10.09408485610877,-7.662939695724695,-3.82201665844074,-251.8683551485726
206.49476178269944,67.45260023590949,10.095583946570814,-7.662745253258839,-3.8185326584040196,-251.96042937726747
206.5199266559825,67.45524189142517,10.097086485848283,-7.662550676261878,-3.815047803171699,-252.05111527253044
206.5450964798481,67.45788048632167,10.098592461926497,-7.662355961904213,-3.8115620935641394,-252.14041706012716
206.57027125285498,67.46051601631483,10.10010186279079,-7.662161107356294,-3.8080755304069007,-252.22833896582299
206.5954509735422,67.46314847711969,10.101614676426479,-7.661966109788623,-3.80458811453072,-252.3148852153835
206.6206356404292,67.46577786445053,10.1031308908189,-7.661770966371767,-3.8010998467715065,-252.40006003457444
206.64582525201527,67.46840417402082,10.104650493953374,-7.661575674276348,-3.7976107279704223,-252.48386764916114
206.67101980678024,67.4710274015433,10.106173473815229,-7.661380230673082,-3.794120758973775,-252.56631228490923
206.69621930318408,67.47364754272989,10.107699818389788,-7.661184632732773,-3.7906299406330826,-252.6473981675842
206.7214237396669,67.47626459329186,10.109229515662387,-7.660988877626301,-3.78713827380507,-252.7271295229517
206.7466331146489,67.47887854893963,10.11076255361834,-7.660792962524662,-3.783645759351673,-252.80551057677724
206.77184742653043,67.48148940538293,10.112298920242981,-7.660596884598943,-3.780152398140034,-252.88254555482638
206.79706667369203,67.48409715833071,10.113838603521637,-7.660400641020361,-3.7766581910425026,-252.95823868286465
206.82229085449418,67.48670180349126,10.115381591439629,-7.660204228960253,-3.7731631389366553,-253.03259418665758
206.84751996727755,67.48930333657209,10.116927871982288,-7.660007645590085,-3.7696672427052786,-253.10561629197068
206.8727540103628,67.49190175328,10.118477433134942,-7.659810888081448,-3.7661705032363813,-253.1773092245695
206.89799298205057,67.4944970493211,10.120030262882914,-7.659613953606101,-3.762672921423199,-253.24767721021968
206.92323688062157,67.49708922040077,10.12158634921153,-7.659416839335941,-3.759174498164195,-253.3167244746867
206.94848570433643,67.49967826222372,10.123145680106122,-7.65921954244303,-3.755675234363064,-253.3844552437361
206.97373945143585,67.50226417049397,10.124708243552007,-7.659022060099606,-3.752175130928731,-253.45087374313349
