galstreams/tracks/track.st.New-13.ibata2024.ecsv
# %ECSV 1.0
# ---
# datatype:
# - {name: ra, unit: deg, datatype: float64}
# - {name: dec, unit: deg, datatype: float64}
# - {name: distance, unit: kpc, datatype: float64}
# - {name: pm_ra_cosdec, unit: mas / yr, datatype: float64}
# - {name: pm_dec, unit: mas / yr, datatype: float64}
# - {name: radial_velocity, unit: km / s, datatype: float64}
# delimiter: ','
# meta: !!omap
# - __serialized_columns__:
#     dec:
#       __class__: astropy.coordinates.angles.Latitude
#       unit: &id001 !astropy.units.Unit {unit: deg}
#       value: !astropy.table.SerializedColumn {name: dec}
#     distance:
#       __class__: astropy.coordinates.distances.Distance
#       unit: !astropy.units.Unit {unit: kpc}
#       value: !astropy.table.SerializedColumn {name: distance}
#     pm_dec:
#       __class__: astropy.units.quantity.Quantity
#       unit: !astropy.units.Unit {unit: mas / yr}
#       value: !astropy.table.SerializedColumn {name: pm_dec}
#     pm_ra_cosdec:
#       __class__: astropy.units.quantity.Quantity
#       unit: !astropy.units.Unit {unit: mas / yr}
#       value: !astropy.table.SerializedColumn {name: pm_ra_cosdec}
#     ra:
#       __class__: astropy.coordinates.angles.Longitude
#       unit: *id001
#       value: !astropy.table.SerializedColumn {name: ra}
#       wrap_angle: !astropy.coordinates.Angle
#         unit: *id001
#         value: 360.0
#     radial_velocity:
#       __class__: astropy.units.quantity.Quantity
#       unit: !astropy.units.Unit {unit: km / s}
#       value: !astropy.table.SerializedColumn {name: radial_velocity}
# schema: astropy-2.0
ra,dec,distance,pm_ra_cosdec,pm_dec,radial_velocity
[from data line 1693]
164.9904926737791,-32.98323257117449,0.9999999999999994,-6.8324044637486665,-12.62460670711988,956.0809357409178
164.99495316762628,-32.97405260350452,0.9999999999999997,-6.834598380666826,-12.628992813078739,956.0475522906555
164.9994122084274,-32.964872297572256,0.9999999999999996,-6.836794417647617,-12.633379260761615,956.0142547809046
165.00386979258195,-32.955691652073256,0.9999999999999997,-6.838992579298072,-12.63776605231537,955.9810433827938
165.0083259164905,-32.946510665703556,0.9999999999999996,-6.841192870224624,-12.642153189887367,955.9479182674525
165.0127805765546,-32.93732933715968,0.9999999999999996,-6.843395295033325,-12.646540675625474,955.9148796060091
165.01723376917715,-32.928147665138674,0.9999999999999996,-6.845599858329862,-12.650928511677847,955.881927569593
165.02168549076188,-32.91896564833806,0.9999999999999997,-6.847806564719278,-12.65531670019331,955.8490623293327
165.02613573771382,-32.90978328545585,0.9999999999999994,-6.850015418806279,-12.659705243320971,955.8162840563576
165.03058450643894,-32.90060057519054,0.9999999999999996,-6.852226425195134,-12.664094143210605,955.783592921796
165.03503179334442,-32.891417516241134,0.9999999999999994,-6.8544395884895195,-12.668483402012257,955.7509890967771
165.03947759483847,-32.88223410730712,0.9999999999999996,-6.856654913292829,-12.672873021876597,955.71847275243
165.04392190733037,-32.87305034708846,0.9999999999999996,-6.858872404207766,-12.677263004954625,955.6860440598832
165.04836472723056,-32.863866234285624,0.9999999999999996,-6.861092065836772,-12.681653353397806,955.6537031902661
165.0528060509505,-32.85468176759956,0.9999999999999996,-6.863313902781677,-12.686044069358218,955.6214503147077
165.0572458749028,-32.845496945731696,0.9999999999999997,-6.865537919644112,-12.690435154988151,955.5892856043363
165.06168419550116,-32.83631176738396,0.9999999999999996,-6.867764121024884,-12.694826612440593,955.5572092302809
165.06612100916027,-32.827126231258745,0.9999999999999994,-6.869992511524636,-12.699218443868816,955.5252213636709
165.070556312296,-32.81794033605896,0.9999999999999993,-6.872223095743308,-12.703610651426615,955.4933221756351
165.07499010132526,-32.80875408048796,0.9999999999999997,-6.8744558782806,-12.708003237268187,955.4615118373018
165.0794223726661,-32.79956746324961,0.9999999999999996,-6.876690863735611,-12.71239620354828,955.4297905198008
165.08385312273757,-32.790380483048246,0.9999999999999996,-6.878928056706997,-12.716789552421972,955.3981583942606
165.08828234795985,-32.7811931385887,0.9999999999999996,-6.88116746179297,-12.721183286044862,955.36661563181
165.09271004475417,-32.77200542857622,0.9999999999999996,-6.883409083591232,-12.725577406572995,955.335162403578
165.09713620954295,-32.76281735171664,0.9999999999999997,-6.885652926699159,-12.729971916162796,955.3037988806935
165.10156083874952,-32.7536289067162,0.9999999999999994,-6.88789899571352,-12.73436681697126,955.2725252342857
165.10598392879837,-32.74444009228163,0.9999999999999993,-6.890147295230626,-12.738762111155637,955.241341635483
165.1104054761151,-32.73525090712014,0.9999999999999996,-6.892397829846324,-12.743157800873803,955.2102482554149
165.11482547712635,-32.72606134993941,0.9999999999999994,-6.894650604156098,-12.747553888283974,955.1792452652097
165.11924392825978,-32.716871419447614,0.9999999999999996,-6.896905622754879,-12.751950375544894,955.1483328359968
165.12366082594426,-32.707681114353406,0.9999999999999993,-6.899162890237157,-12.75634726481556,955.1175111389047
165.12807616660962,-32.69849043336586,0.9999999999999994,-6.901422411196997,-12.760744558255652,955.0867803450631
165.13248994668677,-32.689299375194615,0.9999999999999994,-6.903684190227835,-12.765142258024994,955.0561406256003
165.13690216260775,-32.68010793854968,0.9999999999999996,-6.905948231922814,-12.769540366284218,955.0255921516449
165.14131281080563,-32.670916122141605,0.9999999999999996,-6.908214540874539,-12.773938885194127,954.9951350943263
165.14572188771456,-32.661723924681404,0.9999999999999996,-6.910483121675199,-12.778337816915894,954.9647696247736
165.15012938976975,-32.65253134488053,0.9999999999999994,-6.912753978916456,-12.782737163611344,954.934495914115
165.15453531340742,-32.643338381450924,0.9999999999999993,-6.915027117189467,-12.787136927442674,954.9043141334802
165.158939655065,-32.63414503310501,0.9999999999999994,-6.9173025410850215,-12.79153711057235,954.8742244539975
165.1633424111809,-32.624951298555644,0.9999999999999994,-6.919580255193395,-12.795937715163475,954.8442270467964
165.16774357819455,-32.6157571765162,0.9999999999999994,-6.921860264104382,-12.800338743379399,954.8143220830054
165.1721431525465,-32.60656266570046,0.9999999999999996,-6.924142572407291,-12.804740197384078,954.7845097337537
165.1765411306784,-32.59736776482272,0.9999999999999994,-6.926427184691114,-12.809142079341726,954.7547901701698
165.18093750903284,-32.588172472597705,0.9999999999999996,-6.928714105544017,-12.813544391417125,954.7251635633829
165.1853322840536,-32.57897678774064,0.9999999999999994,-6.931003339554167,-12.817947135775285,954.6956300845217
165.18972545218546,-32.56978070896718,0.9999999999999996,-6.933294891308897,-12.822350314581897,954.6661899047156
165.19411700987425,-32.560584234993456,0.9999999999999994,-6.935588765395245,-12.826753930002823,954.6368431950932
165.1985069535669,-32.55138736453606,0.9999999999999997,-6.937884966399707,-12.831157984204523,954.6075901267833
165.2028952797113,-32.54219009631205,0.9999999999999997,-6.940183498908262,-12.835562479353783,954.5784308709145
165.20728198475652,-32.532992429038934,0.9999999999999996,-6.94248436750658,-12.839967417617842,954.5493655986166
165.21166706515262,-32.523794361434696,0.9999999999999996,-6.94478757677976,-12.84437280116424,954.5203944810182
165.21605051735074,-32.51459589221774,0.9999999999999996,-6.947093131312371,-12.848778632161157,954.4915176892478
165.220432337803,-32.50539702010699,0.9999999999999994,-6.949401035688545,-12.853184912776953,954.4627353944347
165.2248125229627,-32.49619774382177,0.9999999999999996,-6.9517112944920925,-12.857591645180548,954.4340477677077
165.2291910692841,-32.48699806208189,0.9999999999999996,-6.954023912306155,-12.861998831541143,954.4054549801958
165.23356797322248,-32.477797973607586,0.9999999999999994,-6.956338893713458,-12.86640647402858,954.3769572030277
165.2379432312343,-32.46859747711961,0.9999999999999996,-6.958656243296389,-12.870814574812812,954.3485546073326
165.24231683977698,-32.459396571339084,0.9999999999999996,-6.960975965636571,-12.875223136064491,954.3202473642392
165.2466887953089,-32.45019525498767,0.9999999999999994,-6.963298065315364,-12.879632159954284,954.2920356448763
165.2510590942897,-32.440993526787395,0.9999999999999996,-6.9656225469137425,-12.884041648653763,954.2639196203733
165.25542773317989,-32.43179138546081,0.9999999999999994,-6.967949415011979,-12.888451604334534,954.2358994618586
165.2597947084411,-32.42258882973089,0.9999999999999993,-6.970278674189991,-12.892862029168668,954.2079753404612
165.26416001653598,-32.41338585832103,0.9999999999999997,-6.972610329027148,-12.897272925328735,954.1801474273108
165.26852365392824,-32.404182469955124,0.9999999999999994,-6.974944384102514,-12.90168429498759,954.1524158935351
165.27288561708264,-32.39497866335748,0.9999999999999996,-6.977280843994528,-12.906096140318652,954.1247809102638
165.2772459024649,-32.38577443725288,0.9999999999999994,-6.979619713281124,-12.910508463495503,954.0972426486255
165.28160450654192,-32.37656979036651,0.9999999999999997,-6.981960996539932,-12.91492126669236,954.0698012797491
165.28596142578155,-32.36736472142406,0.9999999999999996,-6.984304698347891,-12.919334552083626,954.0424569747643
165.2903166566527,-32.358159229151624,0.9999999999999997,-6.986650823281742,-12.923748321844258,954.0152099047984
165.29467019562526,-32.348953312275746,0.9999999999999997,-6.988999375917395,-12.928162578149525,953.9880602409819
165.29902203917024,-32.33974696952343,0.9999999999999997,-6.991350360830573,-12.932577323174982,953.961008154443
165.30337218375965,-32.33054019962209,0.9999999999999996,-6.993703782596398,-12.936992559096879,953.9340538163107
165.30772062586652,-32.32133300129962,0.9999999999999997,-6.996059645789529,-12.941408288091566,953.9071973977136
165.312067361965,-32.31212537328433,0.9999999999999993,-6.998417954984227,-12.94582451233589,953.8804390697813
165.31641238853015,-32.302917314304985,0.9999999999999996,-7.000778714754141,-12.95024123400708,953.8537790036421
165.32075570203813,-32.293708823090775,0.9999999999999994,-7.003141929672481,-12.954658455282754,953.8272173704253
165.3250972989661,-32.28449989837134,0.9999999999999994,-7.005507604312136,-12.959076178340865,953.8007543412592
165.3294371757923,-32.27529053887676,0.9999999999999993,-7.0078757432452505,-12.963494405359796,953.7743900872738
165.33377532899596,-32.26608074333754,0.9999999999999994,-7.010246351043719,-12.96791313851827,953.7481247795974
165.3381117550573,-32.256870510484625,0.9999999999999996,-7.012619432278768,-12.972332379995493,953.7219585893585
165.3424464504577,-32.24765983904938,0.9999999999999994,-7.014994991521327,-12.976752131970997,953.6958916876868
165.3467794116794,-32.23844872776367,0.9999999999999997,-7.017373033341762,-12.981172396624544,953.6699242457108
165.3511106352058,-32.22923717535972,0.9999999999999996,-7.019753562309965,-12.985593176136462,953.6440564345594
165.35544011752128,-32.22002518057021,0.9999999999999996,-7.022136582995309,-12.990014472687406,953.6182884253615
165.35976785511116,-32.21081274212826,0.9999999999999994,-7.024522099966703,-12.994436288458374,953.5926203892462
165.36409384446196,-32.20159985876742,0.9999999999999996,-7.026910117792724,-12.998858625630731,953.5670524973424
165.36841808206108,-32.19238652922167,0.9999999999999997,-7.029300641041232,-13.003281486386257,953.5415849207789
165.37274056439693,-32.183172752225424,0.9999999999999997,-7.031693674279694,-13.007704872907055,953.5162178306844
165.37706128795907,-32.173958526513516,0.9999999999999996,-7.034089222075181,-13.012128787375644,953.4909513981883
165.381380249238,-32.1647438508212,0.9999999999999996,-7.036487288994266,-13.016553231974882,953.4657857944192
165.38569744472517,-32.1555287238842,0.9999999999999997,-7.0388878796029175,-13.02097820888794,953.4407211905063
165.39001287091318,-32.14631314443861,0.9999999999999994,-7.041290998466735,-13.025403720298456,953.4157577575781
165.3943265242956,-32.137097111220974,0.9999999999999996,-7.0436966501508,-13.029829768390456,953.3908956667638
165.39863840136692,-32.12788062296828,0.9999999999999997,-7.046104839219687,-13.034256355348134,953.3661350891917
165.4029484986228,-32.11866367841792,0.9999999999999994,-7.048515570237576,-13.038683483356266,953.3414761959921
165.40725681255984,-32.10944627630771,0.9999999999999996,-7.050928847768141,-13.043111154599856,953.3169191582928
165.4115633396756,-32.10022841537588,0.9999999999999994,-7.053344676374408,-13.047539371264264,953.2924641472227
165.4158680764688,-32.09101009436111,0.9999999999999997,-7.055763060619157,-13.051968135535304,953.2681113339115
165.42017101943898,-32.08179131200248,0.9999999999999994,-7.058184005064604,-13.056397449599075,953.2438608894872
165.42447216508685,-32.07257206703949,0.9999999999999994,-7.06060751427237,-13.060827315642072,953.2197129850795
165.42877150991407,-32.06335235821207,0.9999999999999994,-7.063033592803805,-13.065257735851063,953.1956677918166
165.43306905042328,-32.05413218426057,0.9999999999999996,-7.065462245219557,-13.069688712413239,953.171725480828
165.43736478311817,-32.04491154392572,0.9999999999999994,-7.06789347607986,-13.074120247516191,953.1478862232424
165.44165870450342,-32.03569043594873,0.9999999999999996,-7.0703272899447,-13.07855234334778,953.1241501901885
165.4459508110847,-32.02646885907119,0.9999999999999996,-7.072763691373048,-13.082985002096095,953.1005175527953
165.45024109936878,-32.01724681203509,0.9999999999999993,-7.0752026849240295,-13.08741822594989,953.0769884821923
165.45452956586325,-32.00802429358286,0.9999999999999994,-7.077644275155762,-13.091852017098049,953.0535631495079
165.4588162070769,-31.998801302457334,0.9999999999999996,-7.0800884666261865,-13.096286377729797,953.030241725871
165.4631010195194,-31.989577837401768,0.9999999999999996,-7.082535263892659,-13.100721310034771,953.0070243824102
165.46738399970147,-31.980353897159837,0.9999999999999994,-7.084984671511997,-13.10515681620295,952.9839112902554
165.47166514413482,-31.971129480475597,0.9999999999999996,-7.087436694040669,-13.10959289842458,952.9609026205343
165.4759444493321,-31.96190458609354,0.9999999999999996,-7.089891336034469,-13.114029558890323,952.9379985443767
165.48022191180712,-31.952679212758554,0.9999999999999996,-7.092348602048936,-13.118466799791193,952.9151992329113
165.4844975280745,-31.94345335921593,0.9999999999999994,-7.094808496638969,-13.122904623318533,952.8925048572669
165.48877129465004,-31.934227024211395,0.9999999999999994,-7.0972710243589745,-13.127343031663912,952.8699155885724
165.49304320805035,-31.92500020649106,0.9999999999999996,-7.09973618976295,-13.13178202701937,952.8474315979571
165.49731326479315,-31.91577290480146,0.9999999999999997,-7.102203997404381,-13.136221611577255,952.8250530565491
165.50158146139717,-31.9065451178895,0.9999999999999997,-7.104674451836246,-13.140661787530206,952.8027801354782
165.50584779438202,-31.897316844502544,0.9999999999999994,-7.107147557610965,-13.145102557071183,952.7806130058729
165.51011226026844,-31.888088083388308,0.9999999999999994,-7.109623319280637,-13.14954392239359,952.7585518388623
165.51437485557813,-31.87885883329494,0.9999999999999997,-7.1121017413968275,-13.153985885690972,952.7365968055748
165.51863557683367,-31.869629092970982,0.9999999999999996,-7.1145828285105495,-13.158428449157427,952.7147480771398
165.52289442055874,-31.86039886116539,0.9999999999999994,-7.11706658517226,-13.162871614987225,952.6930058246862
165.52715138327804,-31.851168136627486,0.9999999999999997,-7.119553015932176,-13.167315385374991,952.6713702193432
165.5314064615171,-31.841936918107038,0.9999999999999996,-7.12204212533976,-13.171759762515691,952.6498414322383
165.5356596518026,-31.832705204354177,0.9999999999999997,-7.1245339179441345,-13.176204748604619,952.6284196345025
165.53991095066218,-31.823472994119438,0.9999999999999997,-7.127028398293952,-13.180650345837407,952.607104997263
165.54416035462435,-31.8142402861538,0.9999999999999994,-7.129525570937233,-13.185096556409903,952.5858976916498
165.54840786021876,-31.805007079208554,0.9999999999999996,-7.132025440421707,-13.18954338251848,952.5647978887913
165.55265346397596,-31.79577337203546,0.9999999999999996,-7.134528011294464,-13.193990826359638,952.5438057598162
165.55689716242745,-31.78653916338663,0.9999999999999994,-7.137033288102131,-13.198438890130234,952.5229214758541
165.56113895210578,-31.777304452014594,0.9999999999999996,-7.139541275390904,-13.20288757602765,952.5021452080337
165.5653788295445,-31.768069236672268,0.9999999999999996,-7.142051977706473,-13.207336886249166,952.4814771274831
165.56961679127807,-31.758833516112947,0.9999999999999994,-7.144565399593873,-13.211786822992778,952.4609174053325
165.57385283384195,-31.749597289090346,0.9999999999999996,-7.14708154559802,-13.216237388456591,952.44046621271
165.57808695377258,-31.740360554358546,0.9999999999999996,-7.149600420262921,-13.220688584839081,952.4201237207444
165.58231914760748,-31.731123310672032,0.9999999999999996,-7.1521220281324105,-13.225140414338952,952.3998901005651
165.58654941188496,-31.72188555678566,0.9999999999999996,-7.154646373749671,-13.229592879155376,952.3797655233011
165.59077774314443,-31.712647291454697,0.9999999999999997,-7.1571734616574005,-13.23404598148771,952.3597501600808
165.59500413792628,-31.703408513434788,0.9999999999999996,-7.159703296397893,-13.23849972353571,952.3398441820336
