galstreams/tracks/track.st.NGC6101.ibata2021.ecsv
# %ECSV 0.9
# ---
# datatype:
# - {name: ra, unit: deg, datatype: float64}
# - {name: dec, unit: deg, datatype: float64}
# - {name: distance, unit: kpc, datatype: float64}
# - {name: pm_ra_cosdec, unit: mas / yr, datatype: float64}
# - {name: pm_dec, unit: mas / yr, datatype: float64}
# - {name: radial_velocity, unit: km / s, datatype: float64}
# delimiter: ','
# meta: !!omap
# - __serialized_columns__:
#     dec:
#       __class__: astropy.coordinates.angles.Latitude
#       unit: &id001 !astropy.units.Unit {unit: deg}
#       value: !astropy.table.SerializedColumn {name: dec}
#     distance:
#       __class__: astropy.coordinates.distances.Distance
#       unit: !astropy.units.Unit {unit: kpc}
#       value: !astropy.table.SerializedColumn {name: distance}
#     pm_dec:
#       __class__: astropy.units.quantity.Quantity
#       unit: !astropy.units.Unit {unit: mas / yr}
#       value: !astropy.table.SerializedColumn {name: pm_dec}
#     pm_ra_cosdec:
#       __class__: astropy.units.quantity.Quantity
#       unit: !astropy.units.Unit {unit: mas / yr}
#       value: !astropy.table.SerializedColumn {name: pm_ra_cosdec}
#     ra:
#       __class__: astropy.coordinates.angles.Longitude
#       unit: *id001
#       value: !astropy.table.SerializedColumn {name: ra}
#       wrap_angle: !astropy.coordinates.Angle
#         unit: *id001
#         value: 360.0
#     radial_velocity:
#       __class__: astropy.units.quantity.Quantity
#       unit: !astropy.units.Unit {unit: km / s}
#       value: !astropy.table.SerializedColumn {name: radial_velocity}
# schema: astropy-2.0
ra,dec,distance,pm_ra_cosdec,pm_dec,radial_velocity
[from data line 809]
264.9234069223663,-68.97758320468483,14.571998527215277,1.626238060895504,0.36160219637628954,-6.315575347404253e-15
264.94710005956085,-68.97225772297483,14.574154154568312,1.6264742428758552,0.36256127286445117,-2.8420089063319142e-14
264.97078525463365,-68.96693070180652,14.576335481362399,1.626712240645405,0.3635143448523777,-2.5262301389617013e-14
264.9944625099298,-68.96160214104374,14.578542580875821,1.6269520669755146,0.3644613890047368,-5.2629794561702115e-15
265.01813182779085,-68.9562720405504,14.580775526386857,1.6271937346699488,0.36540238199844643,-1.0525958912340423e-14
265.0417932105551,-68.95094040019045,14.583034391173804,1.6274372565648274,0.3663373005226973,-2.1051917824680845e-15
265.0654466605574,-68.94560721982802,14.585319248514942,1.627682645528591,0.36726612127897024,-1.473634247727659e-14
265.08909218012934,-68.94027249932728,14.587630171688554,1.6279299144619501,0.36818882098105743,-9.47336302110638e-15
265.1127297715991,-68.93493623855252,14.589967233972926,1.6281790762978465,0.36910537635507673,8.420767129872338e-15
265.13635943729156,-68.92959843736811,14.592330508646349,1.628430144001408,0.37001576413949366,-1.9999321933446802e-14
265.1599811795282,-68.92425909563853,14.594720068987094,1.6286831305699039,0.37091996108514397,-8.420767129872338e-15
265.1835950006273,-68.91891821322838,14.597135988273465,1.6289380490327035,0.3718179439552449,0.0
265.2072009029036,-68.91357579000231,14.599578339783731,1.6291949124512348,0.37270968952541805,-1.9999321933446802e-14
265.2307988886688,-68.9082318258251,14.602047196796187,1.629453733918936,0.37359517458371105,-1.0525958912340423e-14
265.2543889602311,-68.90288632056168,14.604542632589114,1.629714526561217,0.37447437593060895,-2.1051917824680846e-14
265.27797111989537,-68.89753927407702,14.607064720440802,1.629977303535413,0.37534727037905913,-1.473634247727659e-14
265.3015453699634,-68.89219068623622,14.609613533629528,1.6302420780307436,0.37621383475448683,8.420767129872338e-15
265.3251117127334,-68.88684055690452,14.61218914543358,1.6305088632682705,0.37707404589481175,4.210383564936169e-15
265.3486701505005,-68.88148888594722,14.614791629131249,1.630777672500849,0.37792788065047106,-1.1578554803574466e-14
265.3722206855565,-68.87613567322977,14.617421058000815,1.6310485190130892,0.3787753158844353,-1.1578554803574466e-14
265.3957633201899,-68.87078091861771,14.62007750532056,1.6313214161213154,0.37961632847222465,-2.4209705498382972e-14
265.41929805668593,-68.86542462197673,14.622761044368776,1.6315963771735147,0.3804508953019299,-3.0525280845787224e-14
265.44282489732666,-68.86006678317258,14.62547174842375,1.6318734155493013,0.3812789932742293,-5.2629794561702115e-15
265.4663438443906,-68.85470740207118,14.628209690763756,1.6321525446598704,0.3821005993024037,-1.3683746586042549e-14
265.48985490015355,-68.84934647853855,14.630974944667086,1.6324337779479559,0.3829156903123609,1.0525958912340423e-15
265.51335806688746,-68.84398401244081,14.633767583412025,1.6327171288877858,0.3837242432426465,5.2629794561702115e-15
265.5368533468614,-68.83862000364425,14.636587680276863,1.633002610985039,0.38452623504446526,-4.210383564936169e-15
265.5603407423412,-68.83325445201524,14.639435308539879,1.6332902377768068,0.385321642681701,3.1577876737021266e-15
265.58382025558933,-68.82788735742028,14.642310541479356,1.6335800228315447,0.38611044313092663,0.0
265.6072918888651,-68.82251871972602,14.645213452373584,1.6338719797490293,0.3868926133814279,-2.7367493172085098e-14
265.6307556444247,-68.81714853879922,14.648144114500846,1.6341661221603179,0.3876681304352225,0.0
265.6542115245209,-68.81177681450677,14.65110260113943,1.634462463727706,0.3884369713070669,-2.4209705498382972e-14
265.67765953140355,-68.80640354671567,14.654088985567617,1.6347610181446808,0.38919911302448806,2.1051917824680845e-15
265.701099667319,-68.8010287352931,14.657103341063697,1.6350617991358818,0.3899545326277872,-8.420767129872338e-15
265.72453193451054,-68.79565238010635,14.660145740905948,1.6353648204570546,0.39070320717006474,-3.0525280845787224e-14
265.7479563352184,-68.79027448102282,14.663216258372662,1.6356700958950101,0.3914451137172378,-2.947268495455318e-14
265.77137287167955,-68.78489503791006,14.66631496674212,1.6359776392675807,0.3921802293480528,1.473634247727659e-14
265.7947815461276,-68.77951405063578,14.669441939292614,1.636287464423578,0.39290853115410024,-1.1578554803574466e-14
265.81818236079323,-68.77413151906784,14.672597249302417,1.6365995852427488,0.3936299962398434,4.210383564936169e-15
265.8415753179038,-68.76874744307412,14.675780970049825,1.6369140156357336,0.39434460172261915,-6.315575347404253e-15
265.8649604196837,-68.76336182252281,14.67899317481312,1.6372307695440207,0.3950523247326679,-2.1051917824680846e-14
265.88833766835415,-68.75797465728213,14.682233936870585,1.6375498609399075,0.39575314241314463,6.315575347404253e-15
265.9117070661329,-68.7525859472205,14.685503329500508,1.6378713038264539,0.3964470319201293,-2.8420089063319142e-14
265.93506861523497,-68.74719569220642,14.68880142598117,1.638195112237442,0.39713397042265836,-1.894672604221276e-14
265.9584223178721,-68.74180389210859,14.692128299590863,1.6385213002373311,0.39781393510272567,-1.1578554803574466e-14
265.9817681762528,-68.73641054679588,14.695484023607865,1.6388498819212172,0.39848690315530655,-2.1051917824680846e-14
266.00510619258256,-68.73101565613725,14.698868671310468,1.6391808714147869,0.3991528517883754,-1.0525958912340423e-15
266.0284363690638,-68.7256192200018,14.702282315976953,1.6395142828742781,0.3998117582229151,2.1051917824680845e-15
266.0517587078957,-68.72022123825886,14.705725030885603,1.6398501304864361,0.40046359969293915,-3.1577876737021266e-15
266.0750732112745,-68.71482171077784,14.709196889314706,1.6401884284684685,0.40110835344550577,-5.2629794561702115e-15
266.0983798813932,-68.70942063742835,14.712697964542551,1.6405291910680042,0.40174599674073264,-1.9999321933446802e-14
266.1216787204418,-68.70401801808012,14.716228329847414,1.6408724325630506,0.40237650685181436,-1.2631150694808506e-14
266.14496973060716,-68.69861385260306,14.719788058507588,1.6412181672619521,0.4029998610650368,-1.2631150694808506e-14
266.1682529140731,-68.69320814086723,14.723377223801359,1.6415664095033435,0.40361603667979234,-2.5262301389617013e-14
266.19152827302037,-68.68780088274286,14.726995899007003,1.6419171736561127,0.4042250110086001,-1.473634247727659e-14
266.2147958096266,-68.68239207810029,14.730644157402816,1.6422704741193506,0.4048267613771134,2.1051917824680845e-15
266.2380555260664,-68.67698172681011,14.734322072267073,1.642626325322318,0.40542126512414073,-3.157787673702127e-14
266.26130742451136,-68.671569828743,14.738029716878069,1.6429847417243935,0.40600849960166396,-6.315575347404253e-15
266.28455150712995,-68.66615638376983,14.74176716451408,1.6433457378150373,0.40658844217484513,2.1051917824680845e-15
266.3077877760876,-68.66074139176163,14.745534488453401,1.643709328113744,0.407161070222047,-4.210383564936169e-15
266.3310162335468,-68.65532485258962,14.749331761974307,1.6440755271700027,0.407726361134849,-1.2631150694808506e-14
266.35423688166685,-68.64990676612514,14.75315905835509,1.6444443495632548,0.40828429231806057,-1.6841534259744676e-14
266.3774497226042,-68.64448713223976,14.757016450874033,1.6448158099028483,0.40883484118973734,2.1051917824680845e-15
266.40065475851213,-68.63906595080515,14.760904012809423,1.6451899228279983,0.4093779851811906,1.2631150694808506e-14
266.4238519915409,-68.63364322169322,14.76482181743954,1.645566703007743,0.409913701737011,-2.315710960714893e-14
266.447041423838,-68.62821894477601,14.768769938042675,1.6459461651409,0.410441968315079,-1.894672604221276e-14
266.4702230575477,-68.62279311992576,14.77274844789711,1.6463283239560262,0.410962762386579,-2.1051917824680845e-15
266.4933968948112,-68.61736574701484,14.776757420281129,1.6467131942113735,0.41147606143601145,-2.1051917824680845e-15
266.51656293776693,-68.61193682591588,14.78079692847302,1.6471007906948458,0.41198184296121493,-2.1051917824680845e-15
266.5397211885502,-68.6065063565016,14.78486704575107,1.6474911282239577,0.4124800844733734,-1.473634247727659e-14
266.5628716492933,-68.60107433864495,14.788967845393561,1.647884221645793,0.4129707634970359,-3.157787673702127e-14
266.5860143221257,-68.59564077221904,14.793099400678779,1.6482800858369575,0.41345385757012826,-1.2631150694808506e-14
266.60914920917384,-68.59020565709717,14.797261784885006,1.6486787357035424,0.41392934424396405,-2.315710960714893e-14
266.6322763125612,-68.58476899315285,14.80145507129053,1.6490801861810773,0.4143972010832682,-6.315575347404253e-15
266.65539563440814,-68.57933078025968,14.805679333173636,1.6494844522344898,0.4148574056661785,-1.2631150694808506e-14
266.6785071768323,-68.57389101829159,14.809934643812616,1.6498915488580628,0.4153099355842733,-4.210383564936169e-15
266.7016109419482,-68.56844970712255,14.81422107648574,1.6503014910753935,0.41575476844257436,-1.894672604221276e-14
266.7247069318677,-68.56300684662683,14.818538704471308,1.6507142939393453,0.41619188185956724,-8.420767129872338e-15
266.7477951486993,-68.55756243667884,14.822887601047594,1.651129972532013,0.4166212534672117,0.0
266.77087559454895,-68.55211647715315,14.827267839492894,1.6515485419646758,0.41704286091095705,-1.0525958912340423e-14
266.79394827151947,-68.5466689679246,14.83167949308548,1.6519700173777556,0.4174566818497576,4.210383564936169e-15
266.81701318171076,-68.54121990886814,14.836122635103647,1.6523944139407725,0.4178626939560802,-2.1051917824680846e-14
266.84007032721996,-68.53576929985898,14.84059733882568,1.6528217468523094,0.41826087491592734,-2.7367493172085098e-14
266.8631197101412,-68.53031714077248,14.845103677529858,1.6532520313399615,0.41865120242884174,-2.1051917824680846e-14
266.88616133256573,-68.52486343148423,14.84964172449447,1.6536852826602977,0.4190336542079237,-1.0525958912340423e-14
266.90919519658183,-68.51940817186998,14.854211552997803,1.6541215160988199,0.4194082079798444,-2.947268495455318e-14
266.93222130427506,-68.51395136180572,14.858813236318143,1.654560746969916,0.4197748414848604,-2.1051917824680846e-14
266.95523965772793,-68.50849300116762,14.863446847733767,1.6550029906168229,0.4201335324768226,-1.6841534259744676e-14
266.9782502590202,-68.50303308983203,14.868112460522969,1.6554482624115798,0.42048425872319417,-1.2631150694808506e-14
267.0012531102286,-68.49757162767553,14.87281014796403,1.6558965777549888,0.4208269980050611,2.1051917824680845e-15
267.0242482134272,-68.49210861457489,14.877539983335234,1.6563479520765716,0.42116172811714453,-6.315575347404253e-15
267.04723557068706,-68.48664405040708,14.882302039914869,1.6568024008345255,0.42148842686781707,8.420767129872338e-15
267.07021518407646,-68.48117793504933,14.88709639098122,1.6572599395156846,0.4218070720791109,-4.210383564936169e-15
267.09318705566074,-68.47571026837898,14.891923109812574,1.6577205836354754,0.4221176415867364,1.473634247727659e-14
267.1161511875025,-68.47024105027367,14.896782269687208,1.6581843487378751,0.4224201132400871,-4.210383564936169e-15
267.13910758166145,-68.46477028061116,14.901673943883415,1.6586512503953692,0.422714464902261,-1.0525958912340423e-14
267.1620562401945,-68.4592979592695,14.90659820567948,1.6591213042089092,0.42300067445006717,-1.473634247727659e-14
267.18499716515566,-68.45382408612696,14.911555128353685,1.6595945258078701,0.4232787197740407,-1.473634247727659e-14
267.2079303585963,-68.44834866106191,14.916544785184316,1.6600709308500103,0.42354857877845375,-6.315575347404253e-15
267.2308558225647,-68.44287168395304,14.921567249449657,1.6605505350214274,0.4238102293813286,4.210383564936169e-15
267.2537735591065,-68.43739315467921,14.926622594427998,1.6610333540365159,0.42406364951445014,-1.0525958912340423e-14
267.2766835702646,-68.43191307311953,14.931710893397618,1.6615194036379266,0.42430881712337964,0.0
267.2995858580789,-68.42643143915328,14.936832219636802,1.6620086995965249,0.4245457101674627,-2.1051917824680846e-14
267.32248042458673,-68.42094825265997,14.941986646423842,1.6625012577113432,0.42477430661984583,-2.7367493172085098e-14
267.34536727182257,-68.41546351351937,14.947174247037019,1.662997093809547,0.42499458446748867,1.6841534259744676e-14
267.3682464018179,-68.40997722161146,14.95239509475462,1.6634962237463893,0.4252065217111668,8.420767129872338e-15
267.3911178166017,-68.40448937681636,14.957649262854927,1.6639986634051671,0.4254100963654979,1.0525958912340423e-14
267.41398151820005,-68.39899997901452,14.962936824616225,1.6645044286971797,0.425605286458943,0.0
267.4368375086363,-68.39350902808657,14.968257853316802,1.6650135355616889,0.42579207003382213,-2.1051917824680846e-14
267.4596857899311,-68.38801652391335,14.973612422234947,1.6655259999658745,0.42597042514632727,-1.0525958912340423e-14
267.4825263641021,-68.38252246637593,14.979000604648931,1.666041837904796,0.42614032986652894,-2.1051917824680846e-14
267.50535923316465,-68.37702685535565,14.984422473837057,1.6665610654013445,0.4263017622783939,-1.6841534259744676e-14
267.52818439913085,-68.37152969073402,14.989878103077594,1.6670836985062079,0.4264547004797917,-2.7367493172085098e-14
267.55100186401046,-68.3660309723928,14.99536756564884,1.6676097532978222,0.4265991225825104,-6.315575347404253e-15
267.5738116298103,-68.36053070021403,15.000890934829073,1.6681392458823363,0.4267350067122623,-2.1051917824680846e-14
267.59661369853444,-68.35502887407988,15.006448283896582,1.668672192393563,0.42686233100870263,-2.1051917824680845e-15
267.6194080721844,-68.34952549387285,15.01203968612965,1.6692086089929448,0.42698107362543236,-1.894672604221276e-14
267.6421947527588,-68.3440205594756,15.017665214806557,1.6697485118695057,0.42709121273001743,-2.7367493172085098e-14
267.66497374225384,-68.33851407077108,15.023324943205598,1.6702919172398099,0.4271927265039951,-1.0525958912340423e-14
267.6877450426626,-68.33300602764245,15.029018944605054,1.6708388413479238,0.42728559314288433,2.1051917824680845e-15
267.71050865597573,-68.32749642997311,15.034747292283212,1.6713893004653742,0.42736979085619814,-6.315575347404253e-15
267.73326458418114,-68.3219852776467,15.040510059518352,1.6719433108911002,0.42744529786745683,-1.6841534259744676e-14
267.75601282926414,-68.31647257054709,15.046307319588763,1.6725008889514186,0.42751209241419735,2.1051917824680845e-15
267.7787533932071,-68.31095830855841,15.052139145772731,1.6730620509999772,0.42757015274797766,-2.947268495455318e-14
267.8014862779901,-68.305442491565,15.058005611348538,1.6736268134177157,0.4276194571344003,-4.210383564936169e-15
267.82421148559007,-68.29992511945147,15.06390678959447,1.6741951926128251,0.4276599838531101,-1.473634247727659e-14
267.8469290179817,-68.29440619210268,15.069842753788818,1.6747672050207005,0.42769171119781335,2.1051917824680845e-15
267.8696388771368,-68.2888857094037,15.075813577209859,1.6753428671039061,0.42771461747628275,-8.420767129872338e-15
267.8923410650246,-68.28336367123987,15.08181933313588,1.6759221953521284,0.42772868101037237,-1.6841534259744676e-14
267.91503558361165,-68.27784007749678,15.087860094845166,1.6765052062821386,0.4277338801360267,-4.210383564936169e-15
267.9377224348618,-68.27231492806023,15.093935935616004,1.6770919164377467,0.4277301932032865,6.315575347404253e-15
267.96040162073643,-68.26678822281632,15.100046928726682,1.6776823423897627,0.42771759857630415,-1.473634247727659e-14
267.98307314319413,-68.26125996165138,15.10619314745548,1.6782765007359552,0.42769607463335424,-8.420767129872338e-15
268.00573700419096,-68.25573014445196,15.112374665080686,1.678874408101007,0.4276655997668392,-1.2631150694808506e-14
268.02839320568023,-68.25019877110493,15.118591554880586,1.6794760811364777,0.4276261523833026,-8.420767129872338e-15
268.05104174961275,-68.24466584149734,15.124843890133464,1.6800815365207582,0.427577710903438,8.420767129872338e-15
