galstreams/tracks/track.st.M68-Fjorm.palau2019.ecsv
# %ECSV 0.9
# ---
# datatype:
# - {name: ra, unit: deg, datatype: float64}
# - {name: dec, unit: deg, datatype: float64}
# - {name: distance, unit: kpc, datatype: float64}
# - {name: pm_ra_cosdec, unit: mas / yr, datatype: float64}
# - {name: pm_dec, unit: mas / yr, datatype: float64}
# - {name: radial_velocity, unit: km / s, datatype: float64}
# delimiter: ','
# meta: !!omap
# - __serialized_columns__:
#     dec:
#       __class__: astropy.coordinates.angles.Latitude
#       unit: &id001 !astropy.units.Unit {unit: deg}
#       value: !astropy.table.SerializedColumn {name: dec}
#     distance:
#       __class__: astropy.coordinates.distances.Distance
#       unit: !astropy.units.Unit {unit: kpc}
#       value: !astropy.table.SerializedColumn {name: distance}
#     pm_dec:
#       __class__: astropy.units.quantity.Quantity
#       unit: !astropy.units.Unit {unit: mas / yr}
#       value: !astropy.table.SerializedColumn {name: pm_dec}
#     pm_ra_cosdec:
#       __class__: astropy.units.quantity.Quantity
#       unit: !astropy.units.Unit {unit: mas / yr}
#       value: !astropy.table.SerializedColumn {name: pm_ra_cosdec}
#     ra:
#       __class__: astropy.coordinates.angles.Longitude
#       unit: *id001
#       value: !astropy.table.SerializedColumn {name: ra}
#       wrap_angle: !astropy.coordinates.Angle
#         unit: *id001
#         value: 360.0
#     radial_velocity:
#       __class__: astropy.units.quantity.Quantity
#       unit: !astropy.units.Unit {unit: km / s}
#       value: !astropy.table.SerializedColumn {name: radial_velocity}
# schema: astropy-2.0
ra,dec,distance,pm_ra_cosdec,pm_dec,radial_velocity
[from data line 1944]
190.37168309889947,-27.07354867854204,5.704500305035635,-2.6710450380622497,1.7136242364528178,0.0
190.37265655844666,-27.063258038180262,5.703644119346107,-2.6711225317700515,1.7141249622170003,-4.210383564936169e-15
190.3736306301068,-27.05296754245388,5.702788358600934,-2.6711998775994314,1.7146258014516194,-4.210383564936169e-15
190.37460531364172,-27.042677191370835,5.701933022722819,-2.6712770755711337,1.71512675411969,4.210383564936169e-15
190.37558060881372,-27.032386984938814,5.701078111634459,-2.671354125705912,1.7156278201842312,4.210383564936169e-15
190.37655651538515,-27.022096923165705,5.700223625258559,-2.6714310280245135,1.7161289996082587,-4.210383564936169e-15
190.37753303311862,-27.011807006059218,5.699369563517816,-2.671507782547683,1.7166302923547943,1.473634247727659e-14
190.37851016177697,-27.00151723362704,5.698515926334935,-2.671584389296172,1.7171316983868574,2.947268495455318e-14
190.3794879011233,-26.991227605876993,5.697662713632615,-2.6716608482907263,1.7176332176674711,2.1051917824680845e-15
190.38046625092085,-26.980938122816642,5.696809925333557,-2.671737159552088,1.7181348501596585,1.6841534259744676e-14
190.38144521093312,-26.97064878445379,5.695957561360463,-2.6718133231010044,1.7186365958264451,1.2631150694808506e-14
190.38242478092383,-26.960359590796006,5.695105621636031,-2.6718893389582203,1.7191384546308581,2.947268495455318e-14
190.38340496065697,-26.950070541850895,5.694254106082965,-2.671965207144479,1.7196404265359244,1.473634247727659e-14
190.38438574989664,-26.939781637626126,5.693403014623965,-2.6720409276805217,1.7201425115046731,2.1051917824680845e-15
190.38536714840723,-26.92949287812921,5.6925523471817305,-2.6721165005870944,1.7206447095001363,-4.210383564936169e-15
190.3863491559533,-26.919204263367785,5.6917021036789635,-2.6721919258849343,1.7211470204853456,2.5262301389617013e-14
190.38733177229972,-26.90891579334935,5.690852284038367,-2.6722672035947848,1.7216494444233326,1.0525958912340423e-14
190.38831499721152,-26.898627468081347,5.690002888182638,-2.6723423337373853,1.7221519812771335,1.473634247727659e-14
190.3892988304539,-26.888339287571398,5.68915391603448,-2.672417316333473,1.7226546310097837,6.315575347404253e-15
190.3902832717924,-26.878051251826854,5.688305367516592,-2.6724921514037905,1.7231573935843216,-2.1051917824680845e-15
190.39126832099265,-26.867763360855257,5.687457242551677,-2.6725668389690704,1.7236602689637839,-2.1051917824680845e-15
190.3922539778206,-26.85747561466398,5.686609541062436,-2.6726413790500514,1.7241632571112118,0.0
190.39324024204234,-26.847188013260396,5.685762262971568,-2.672715771667471,1.7246663579896464,-8.420767129872338e-15
190.39422711342417,-26.836900556651976,5.6849154082017765,-2.6727900168420624,1.7251695715621302,1.2631150694808506e-14
190.39521459173272,-26.826613244845966,5.684068976675759,-2.6728641145945597,1.725672897791707,2.315710960714893e-14
190.39620267673473,-26.81632607784983,5.68322296831622,-2.672938064945699,1.726176336641422,1.894672604221276e-14
190.39719136819724,-26.806039055670812,5.682377383045856,-2.6730118679162103,1.726679888074321,-4.210383564936169e-15
190.3981806658874,-26.79575217831614,5.681532220787374,-2.6730855235268263,1.7271835520534538,3.157787673702127e-14
190.39917056957262,-26.78546544579322,5.68068748146347,-2.6731590317982783,1.7276873285418666,1.894672604221276e-14
190.40016107902062,-26.77517885810918,5.679843164996846,-2.673232392751296,1.7281912175026117,1.473634247727659e-14
190.4011521939992,-26.764892415271348,5.678999271310204,-2.6733056064066076,1.7286952188987392,1.0525958912340423e-14
190.40214391427642,-26.754606117286887,5.678155800326243,-2.6733786727849433,1.7291993326933037,1.6841534259744676e-14
190.4031362396206,-26.74431996416292,5.677312751967668,-2.6734515919070287,1.729703558849357,4.210383564936169e-15
190.40412916980026,-26.734033955906717,5.676470126157175,-2.673524363793592,1.730207897329957,2.1051917824680846e-14
190.4051227045841,-26.723748092525312,5.675627922817469,-2.673596988465356,1.7307123480981577,2.1051917824680846e-14
190.40611684374102,-26.713462374025916,5.674786141871247,-2.6736694659430484,1.731216911117019,2.7367493172085098e-14
190.40711158704025,-26.703176800415534,5.673944783241212,-2.673741796247391,1.731721586349598,3.157787673702127e-14
190.40810693425112,-26.692891371701357,5.673103846850066,-2.673813979399107,1.732226373758956,0.0
190.40910288514317,-26.682606087890353,5.672263332620508,-2.6738860154189186,1.7327312733081548,1.2631150694808506e-14
190.41009943948626,-26.672320948989515,5.6714232404752405,-2.673957904327545,1.7332362849602565,1.473634247727659e-14
190.41109659705037,-26.662035955005955,5.670583570336963,-2.6740296461457067,1.7337414086783247,1.2631150694808506e-14
190.41209435760575,-26.651751105946627,5.669744322128377,-2.6741012408941236,1.734246644425425,8.420767129872338e-15
190.4130927209228,-26.641466401818413,5.668905495772185,-2.674172688593512,1.734751992164623,0.0
190.41409168677222,-26.63118184262838,5.668067091191085,-2.674243989264589,1.7352574518589867,-6.315575347404253e-15
190.41509125492485,-26.62089742838334,5.667229108307779,-2.6743151429280716,1.7357630234715862,4.210383564936169e-15
190.41609142515173,-26.610613159090303,5.66639154704497,-2.6743861496046732,1.7362687069654883,4.210383564936169e-15
190.41709219722426,-26.60032903475604,5.665554407325356,-2.6744570093151077,1.7367745023037662,1.473634247727659e-14
190.41809357091384,-26.590045055387517,5.664717689071637,-2.67452772208009,1.7372804094494927,1.6841534259744676e-14
190.41909554599226,-26.57976122099152,5.66388139220652,-2.674598287920327,1.7377864283657385,2.1051917824680846e-14
190.42009812223145,-26.5694775315748,5.6630455166527,-2.6746687068565334,1.73829255901558,6.315575347404253e-15
190.42110129940355,-26.559193987144262,5.662210062332879,-2.6747389789094167,1.7387988013620923,2.947268495455318e-14
190.42210507728092,-26.54891058770658,5.6613750291697595,-2.6748091040996855,1.739305155368353,2.315710960714893e-14
190.42310945563614,-26.538627333268604,5.660540417086042,-2.6748790824480486,1.739811620997438,-6.315575347404253e-15
190.42411443424194,-26.528344223837006,5.659706226004427,-2.6749489139752107,1.7403181982124296,2.1051917824680845e-15
190.4251200128714,-26.51806125941844,5.658872455847615,-2.675018598701877,1.740824886976405,1.6841534259744676e-14
190.4261261912977,-26.507778440019713,5.658039106538309,-2.6750881366487502,1.7413316872524467,6.315575347404253e-15
190.42713296929426,-26.49749576564737,5.657206177999207,-2.675157527836536,1.7418385990036378,1.0525958912340423e-14
190.42814034663473,-26.48721323630816,5.656373670153012,-2.6752267722859355,1.742345622193061,-6.315575347404253e-15
190.4291483230929,-26.476930852008667,5.6555415829224245,-2.6752958700176466,1.7428527567838017,-2.1051917824680845e-15
190.4301568984429,-26.466648612755428,5.654709916230145,-2.6753648210523706,1.743360002738945,1.0525958912340423e-14
190.43116607245895,-26.45636651855513,5.653878669998873,-2.675433625410807,1.7438673600215788,1.894672604221276e-14
190.43217584491558,-26.44608456941423,5.653047844151313,-2.6755022831136506,1.744374828594789,1.0525958912340423e-14
190.43318621558743,-26.435802765339368,5.652217438610164,-2.675570794181598,1.7448824084216676,1.6841534259744676e-14
190.43419718424943,-26.42552110633702,5.651387453298125,-2.675639158635344,1.7453900994653022,6.315575347404253e-15
190.43520875067668,-26.415239592413613,5.6505578881379,-2.6757073764955814,1.7458979016887861,2.1051917824680846e-14
190.4362209146445,-26.404958223575726,5.649728743052188,-2.6757754477830034,1.7464058150552098,2.1051917824680846e-14
190.43723367592847,-26.394676999829716,5.648900017963694,-2.675843372518301,1.7469138395276667,1.2631150694808506e-14
190.43824703430425,-26.384395921182122,5.648071712795112,-2.675911150722163,1.7474219750692532,8.420767129872338e-15
190.43926098954788,-26.374114987639295,5.647243827469146,-2.67597878241528,1.7479302216430634,2.1051917824680845e-15
190.44027554143548,-26.36383419920758,5.646416361908499,-2.6760462676183363,1.7484385792121941,6.315575347404253e-15
190.4412906897434,-26.353553555893452,5.645589316035871,-2.6761136063520206,1.7489470477397422,6.315575347404253e-15
190.44230643424828,-26.343273057703144,5.644762689773962,-2.6761807986370165,1.7494556271888073,2.315710960714893e-14
190.44332277472688,-26.332992704643107,5.643936483045471,-2.6762478444940063,1.7499643175224884,4.210383564936169e-15
190.4443397109562,-26.32271249671957,5.643110695773102,-2.6763147439436747,1.7504731187038869,-2.1051917824680845e-15
190.44535724271347,-26.31243243393879,5.642285327879556,-2.6763814970067,1.7509820306961033,8.420767129872338e-15
190.44637536977606,-26.30215251630712,5.641460379287532,-2.676448103703765,1.7514910534622419,8.420767129872338e-15
190.4473940919217,-26.291872743830705,5.640635849919734,-2.6765145640555446,1.752000186965404,-2.1051917824680845e-15
190.4484134089281,-26.28159311651588,5.639811739698859,-2.676580878082717,1.752509431168697,2.5262301389617013e-14
190.4494333205734,-26.271313634368784,5.63898804854761,-2.67664704580596,1.7530187860352253,2.1051917824680846e-14
190.45045382663585,-26.261034297395554,5.638164776388687,-2.6767130672459443,1.7535282515280954,6.315575347404253e-15
190.45147492689384,-26.250755105602458,5.637341923144792,-2.676778942423346,1.7540378276104167,1.0525958912340423e-14
190.45249662112613,-26.24047605899551,5.636519488738627,-2.6768446713588334,1.7545475142452949,1.2631150694808506e-14
190.45351890911152,-26.23019715758097,5.635697473092889,-2.6769102540730803,1.7550573113958428,1.2631150694808506e-14
190.45454179062912,-26.21991840136485,5.634875876130282,-2.6769756905867528,1.755567219025168,6.315575347404253e-15
190.45556526545826,-26.2096397903532,5.634054697773506,-2.677040980920519,1.756077237096385,2.7367493172085098e-14
190.4565893333784,-26.199361324552168,5.6332339379452625,-2.677106125095046,1.7565873655726052,2.1051917824680846e-14
190.45761399416926,-26.18908300396769,5.632413596568252,-2.677171123130998,1.7570976044169413,2.315710960714893e-14
190.45863924761076,-26.178804828605887,5.6315936735651775,-2.6772359750490367,1.7576079535925087,2.1051917824680846e-14
190.459665093483,-26.1685267984727,5.6307741688587365,-2.6773006808698248,1.7581184130624221,0.0
190.46069153156634,-26.158248913574063,5.6299550823716284,-2.677365240614024,1.7586289827898,2.315710960714893e-14
190.4617185616413,-26.14797117391602,5.629136414026561,-2.6774296543022915,1.7591396627377565,1.2631150694808506e-14
190.46274618348863,-26.137693579504408,5.62831816374623,-2.677493921955286,1.759650452869412,0.0
190.46377439688925,-26.127416130345253,5.627500331453338,-2.677558043593662,1.7601613531478844,1.0525958912340423e-14
190.46480320162433,-26.117138826444325,5.626682917070585,-2.6776220192380755,1.7606723635362955,2.315710960714893e-14
190.46583259747524,-26.106861667807614,5.625865920520673,-2.677685848909179,1.7611834839977638,-2.1051917824680845e-15
190.46686258422352,-26.09658465444092,5.625049341726302,-2.6777495326276233,1.7616947144954143,1.894672604221276e-14
190.46789316165098,-26.086307786350012,5.624233180610174,-2.677813070414059,1.7622060549923666,1.473634247727659e-14
190.46892432953953,-26.076031063540825,5.623417437094988,-2.6778764622891362,1.7627175054517468,1.894672604221276e-14
190.46995608767142,-26.065754486019088,5.622602111103446,-2.677939708273501,1.7632290658366787,1.2631150694808506e-14
190.470988435829,-26.0554780537905,5.621787202558251,-2.678002808387797,1.7637407361102868,1.2631150694808506e-14
190.4720213737949,-26.045201766860956,5.620972711382101,-2.6780657626526705,1.7642525162356988,2.1051917824680846e-14
190.47305490135187,-26.03492562523605,5.620158637497698,-2.6781285710887643,1.7647644061760408,2.1051917824680845e-15
190.47408901828288,-26.024649628921615,5.6193449808277425,-2.678191233716716,1.7652764058944426,1.0525958912340423e-14
190.47512372437123,-26.01437377792323,5.618531741294936,-2.678253750557169,1.7657885153540316,8.420767129872338e-15
190.47615901940028,-26.004098072246645,5.617718918821979,-2.678316121630758,1.7663007345179376,1.894672604221276e-14
190.47719490315362,-25.993822511897502,5.616906513331573,-2.6783783469581226,1.7668130633492924,1.6841534259744676e-14
190.47823137541513,-25.98354709688135,5.616094524746419,-2.678440426559893,1.7673255018112264,1.473634247727659e-14
190.47926843596878,-25.973271827203906,5.615282952989216,-2.6785023604567053,1.7678380498668727,1.6841534259744676e-14
190.4803060845988,-25.962996702870655,5.614471797982667,-2.6785641486691913,1.7683507074793647,1.6841534259744676e-14
190.48134432108964,-25.952721723887276,5.613661059649473,-2.6786257912179785,1.7688634746118352,1.6841534259744676e-14
190.48238314522592,-25.942446890259262,5.612850737912333,-2.6786872881236956,1.7693763512274203,4.210383564936169e-15
190.48342255679248,-25.932172201992085,5.612040832693951,-2.67874863940697,1.7698893372892552,2.947268495455318e-14
190.48446255557437,-25.92189765909136,5.611231343917026,-2.678809845088428,1.7704024327604766,6.315575347404253e-15
190.48550314135682,-25.91162326156249,5.610422271504257,-2.67887090518869,1.7709156376042212,1.2631150694808506e-14
190.48654431392526,-25.901349009411017,5.609613615378347,-2.6789318197283793,1.7714289517836284,4.210383564936169e-15
190.48758607306533,-25.89107490264236,5.608805375461999,-2.6789925887281147,1.771942375261836,2.1051917824680846e-14
190.48862841856297,-25.88080094126188,5.607997551677909,-2.679053212208517,1.772455908001984,4.210383564936169e-15
190.48967135020408,-25.87052712527511,5.607190143948782,-2.6791136901902,1.7729695499672133,1.2631150694808506e-14
190.49071486777507,-25.860253454687314,5.606383152197319,-2.679174022693778,1.773483301120664,2.1051917824680845e-15
190.4917589710623,-25.849979929503984,5.605576576346218,-2.6792342097398674,1.7739971614254793,8.420767129872338e-15
190.49280365985243,-25.839706549730394,5.604770416318181,-2.6792942513490776,1.7745111308448025,6.315575347404253e-15
190.49384893393236,-25.829433315371844,5.603964672035911,-2.6793541475420186,1.7750252093417767,1.2631150694808506e-14
190.49489479308914,-25.819160226433723,5.6031593434221065,-2.6794138983392988,1.7755393968795445,8.420767129872338e-15
190.49594123711003,-25.808887282921255,5.602354430399469,-2.6794735037615256,1.7760536934212543,-4.210383564936169e-15
190.49698826578248,-25.798614484839785,5.6015499328907,-2.6795329638293004,1.7765680989300499,8.420767129872338e-15
190.49803587889414,-25.788341832194515,5.600745850818501,-2.679592278563228,1.7770826133690782,1.894672604221276e-14
190.49908407623295,-25.778069324990618,5.599942184105571,-2.6796514479839106,1.777597236701487,2.315710960714893e-14
190.50013285758692,-25.76779696323343,5.59913893267461,-2.6797104721119465,1.7781119688904248,1.2631150694808506e-14
190.50118222274435,-25.757524746928024,5.598336096448323,-2.6797693509679323,1.7786268098990388,1.2631150694808506e-14
190.50223217149366,-25.74725267607967,5.59753367534941,-2.679828084572464,1.7791417596904806,4.210383564936169e-15
190.50328270362354,-25.736980750693476,5.596731669300568,-2.679886672946136,1.7796568182278993,1.6841534259744676e-14
190.50433381892287,-25.726708970774535,5.595930078224502,-2.67994511610954,1.7801719854744464,2.1051917824680846e-14
190.50538551718074,-25.716437336328028,5.595128902043913,-2.680003414083266,1.780687261393273,-6.315575347404253e-15
190.50643779818637,-25.706165847358985,5.594328140681498,-2.6800615668879035,1.7812026459475323,1.6841534259744676e-14
190.50749066172926,-25.69589450387255,5.593527794059961,-2.680119574544039,1.7817181391003771,4.210383564936169e-15
190.50854410759905,-25.685623305873747,5.592727862102004,-2.6801774370722553,1.782233740814962,1.473634247727659e-14
