galstreams/tracks/track.st.Gaia-8.ibata2021.ecsv
# %ECSV 1.0
# ---
# datatype:
# - {name: ra, unit: deg, datatype: float64}
# - {name: dec, unit: deg, datatype: float64}
# - {name: distance, unit: kpc, datatype: float64}
# - {name: pm_ra_cosdec, unit: mas / yr, datatype: float64}
# - {name: pm_dec, unit: mas / yr, datatype: float64}
# - {name: radial_velocity, unit: km / s, datatype: float64}
# delimiter: ','
# meta: !!omap
# - __serialized_columns__:
#     dec:
#       __class__: astropy.coordinates.angles.Latitude
#       unit: &id001 !astropy.units.Unit {unit: deg}
#       value: !astropy.table.SerializedColumn {name: dec}
#     distance:
#       __class__: astropy.coordinates.distances.Distance
#       unit: !astropy.units.Unit {unit: kpc}
#       value: !astropy.table.SerializedColumn {name: distance}
#     pm_dec:
#       __class__: astropy.units.quantity.Quantity
#       unit: !astropy.units.Unit {unit: mas / yr}
#       value: !astropy.table.SerializedColumn {name: pm_dec}
#     pm_ra_cosdec:
#       __class__: astropy.units.quantity.Quantity
#       unit: !astropy.units.Unit {unit: mas / yr}
#       value: !astropy.table.SerializedColumn {name: pm_ra_cosdec}
#     ra:
#       __class__: astropy.coordinates.angles.Longitude
#       unit: *id001
#       value: !astropy.table.SerializedColumn {name: ra}
#       wrap_angle: !astropy.coordinates.Angle
#         unit: *id001
#         value: 360.0
#     radial_velocity:
#       __class__: astropy.units.quantity.Quantity
#       unit: !astropy.units.Unit {unit: km / s}
#       value: !astropy.table.SerializedColumn {name: radial_velocity}
# schema: astropy-2.0
ra,dec,distance,pm_ra_cosdec,pm_dec,radial_velocity
[from data line 284]
184.50041345663428,-23.59693472796932,7.09699603849735,-9.572001227500566,-8.481702594315895,120.11066962696744
184.5098721319146,-23.591844712430557,7.096162484004329,-9.570934461142913,-8.481728221489066,120.28028678709622
184.51932834235288,-23.58675196345942,7.095331897477471,-9.56987299809389,-8.481755065600826,120.4507857947595
184.52878209003572,-23.58165648431757,7.094504275268911,-9.568816829954589,-8.48178312489896,120.62216315278842
184.53823337705091,-23.5765582782658,7.0936796137307745,-9.567765948327047,-8.481812397628007,120.79441536401418
184.5476822054873,-23.57145734856415,7.092857909215196,-9.566720344814248,-8.48184288202923,120.96753893126775
184.55712857743464,-23.566353698471875,7.092039158074309,-9.565680011020113,-8.481874576340616,121.14153035738022
184.56657249498386,-23.561247331247497,7.091223356660244,-9.564644938549518,-8.481907478796908,121.31638614518292
184.57601396022676,-23.556138250148745,7.09041050132513,-9.563615119008285,-8.481941587629576,121.49210279750679
184.58545297525632,-23.55102645843259,7.089600588421102,-9.562590544003184,-8.481976901066849,121.66867681718311
184.59488954216647,-23.545911959355184,7.088793614300288,-9.561571205141934,-8.482013417333707,121.84610470704284
184.60432366305213,-23.540794756172023,7.087989575314822,-9.560557094033195,-8.482051134651865,122.02438296991713
184.61375534000928,-23.535674852137742,7.087188467816836,-9.559548202286564,-8.48209005123981,122.20350810863724
184.62318457513493,-23.530552250506222,7.086390288158459,-9.558544521512603,-8.482130165312798,122.38347662603411
184.63261137052712,-23.525426954530595,7.085595032691822,-9.557546043322818,-8.48217147508284,122.56428502493891
184.6420357282849,-23.520298967463223,7.084802697769062,-9.556552759329634,-8.482213978758706,122.74592980818281
184.65145765050826,-23.51516829255569,7.084013279742306,-9.55556466114645,-8.482257674545956,122.92840747859684
184.66087713929835,-23.510034933058794,7.083226774963686,-9.554581740387588,-8.482302560646914,123.11171453901228
184.67029419675708,-23.50489889222267,7.082443179785333,-9.553603988668335,-8.482348635260683,123.29584749226024
184.67970882498767,-23.499760173296572,7.08166249055938,-9.552631397604907,-8.482395896583162,123.48080284117154
184.68912102609414,-23.494618779529056,7.080884703637959,-9.551663958814462,-8.482444342807009,123.66657708857764
184.69853080218158,-23.48947471416787,7.080109815373199,-9.550701663915113,-8.48249397212171,123.85316673730951
184.7079381553561,-23.484327980460037,7.079337822117234,-9.549744504525911,-8.48254478271351,124.04056829019844
184.71734308772474,-23.479178581651798,7.078568720222193,-9.548792472266845,-8.48259677276548,124.22877825007515
184.7267456013957,-23.47402652098861,7.077802506040212,-9.54784555875884,-8.482649940457469,124.41779311977123
184.7361456984779,-23.468871801715252,7.077039175923417,-9.546903755623795,-8.482704283966136,124.60760940211755
184.74554338108155,-23.463714427075665,7.076278726223944,-9.54596705448451,-8.482759801464958,124.79822359994523
184.7549386513176,-23.45855440031304,7.075521153293922,-9.545035446964757,-8.482816491124217,124.98963221608552
184.7643315112982,-23.453391724669828,7.0747664534854815,-9.544108924689233,-8.482874351111011,125.1818317533694
184.77372196313638,-23.448226403387704,7.074014623150757,-9.543187479283585,-8.48293337958926,125.3748187146279
184.78311000894612,-23.443058439707603,7.073265658641878,-9.542271102374396,-8.482993574719695,125.56858960269247
184.7924956508425,-23.43788783686967,7.0725195563109775,-9.541359785589183,-8.483054934659892,125.763140920394
184.80187889094154,-23.432714598113307,7.071776312510184,-9.540453520556419,-8.483117457564243,125.9584691705637
184.8112597313601,-23.427538726677206,7.0710359235916345,-9.539552298905505,-8.483181141583973,126.15457085603269
184.82063817421627,-23.42236022579923,7.070298385907456,-9.538656112266795,-8.483245984867153,126.35144247963187
184.83001422162891,-23.41717909871653,7.06956369580978,-9.537764952271568,-8.48331198555869,126.54908054419252
184.83938787571793,-23.41199534866548,7.068831849650738,-9.536878810552036,-8.483379141800329,126.74748155254605
184.8487591386043,-23.40680897888169,7.068102843782467,-9.535997678741367,-8.483447451730672,126.94664200752301
184.85812801240974,-23.401619992600047,7.067376674557091,-9.535121548473672,-8.48351691348517,127.14655841195507
184.86749449925722,-23.39642839305463,7.066653338326745,-9.534250411383969,-8.483587525196128,127.34722726867291
184.8768586012704,-23.391234183478865,7.065932831443561,-9.53338425910825,-8.483659284992703,127.54864508050794
184.88622032057413,-23.386037367105327,7.065215150259671,-9.532523083283428,-8.483732191000922,127.75080835029122
184.89557965929407,-23.380837947165865,7.064500291127203,-9.531666875547343,-8.483806241343679,127.95371358085373
184.90493661955693,-23.375635926891597,7.063788250398292,-9.530815627538798,-8.483881434140727,128.15735727502675
184.9142912034904,-23.37043130951285,7.06307902442507,-9.529969330897504,-8.4839577675087,128.36173593564118
184.92364341322295,-23.365224098259255,7.062372609559664,-9.529127977264137,-8.484035239561111,128.56684606552852
184.93299325088427,-23.360014296359626,7.06166900215421,-9.52829155828028,-8.484113848408336,128.77268416751966
184.94234071860484,-23.354801907042056,7.060968198560838,-9.52746006558848,-8.48419359215766,128.97924674444567
184.95168581851607,-23.349586933533942,7.060270195131677,-9.526633490832198,-8.48427446891323,129.18653029913773
184.9610285527504,-23.34436937906185,7.0595749882188645,-9.525811825655834,-8.48435647677609,129.39453133442703
184.97036892344119,-23.339149246851637,7.058882574174526,-9.524995061704736,-8.48443961384419,129.60324635314456
184.97970693272276,-23.333926540128388,7.058192949350797,-9.524183190625175,-8.484523878212368,129.8126718581215
184.98904258273035,-23.328701262116475,7.057506110099806,-9.523376204064364,-8.484609267972365,130.0228043521891
184.99837587560015,-23.323473416039487,7.056822052773689,-9.522574093670434,-8.484695781212807,130.23364033817825
185.00770681346935,-23.31824300512026,7.056140773724572,-9.521776851092467,-8.484783416019273,130.4451763189202
185.01703539847597,-23.313010032580962,7.055462269304588,-9.520984467980481,-8.484872170474212,130.65740879724595
185.026361632759,-23.307774501642925,7.054786535865872,-9.520196935985409,-8.484962042656994,130.87033427598683
185.03568551845845,-23.302536415526777,7.054113569760552,-9.519414246759125,-8.485053030643924,131.0839492579738
185.04500705771517,-23.297295777452387,7.053443367340759,-9.518636391954445,-8.485145132508224,131.2982502460382
185.054326252671,-23.29205259063887,7.05277592495863,-9.5178633632251,-8.485238346320028,131.51323374301086
185.06364310546863,-23.286806858304644,7.0521112389662886,-9.517095152225775,-8.485332670146414,131.72889625172309
185.07295761825188,-23.281558583667294,7.051449305715873,-9.516331750612052,-8.485428102051387,131.94523427500567
185.08226979316512,-23.276307769943788,7.050790121559511,-9.515573150040487,-8.485524640095884,132.16224431569037
185.09157963235404,-23.27105442035025,7.050133682849335,-9.514819342168545,-8.485622282337788,132.37992287660774
185.100887137965,-23.2657985381021,7.0494799859374755,-9.514070318654614,-8.485721026831918,132.59826646058903
185.11019231214541,-23.260540126414007,7.048829027176067,-9.513326071158032,-8.485820871630047,132.81727157046564
185.1194951570436,-23.25527918849989,7.04818080291724,-9.512586591339039,-8.485921814780887,133.03693470906828
185.12879567480866,-23.25001572757297,7.047535309513122,-9.511851870858836,-8.486023854330115,133.25725237922833
185.13809386759075,-23.244749746845663,7.046892543315851,-9.511121901379532,-8.486126988320356,133.4782210837769
185.147389737541,-23.239481249529664,7.046252500677553,-9.51039667456418,-8.486231214791205,133.69983732554508
185.15668328681122,-23.23421023883601,7.045615177950363,-9.509676182076749,-8.486336531779209,133.92209760736392
185.16597451755433,-23.228936717974904,7.044980571486411,-9.508960415582148,-8.486442937317888,134.1449984320645
185.17526343192404,-23.223660690155832,7.044348677637827,-9.508249366746199,-8.486550429437727,134.3685363024782
185.18455003207507,-23.218382158587552,7.043719492756748,-9.507543027235666,-8.486659006166198,134.5927077214358
185.19383432016295,-23.21310112647809,7.043093013195298,-9.506841388718241,-8.486768665527736,134.81750919176864
185.20311629834418,-23.207817597034726,7.042469235305615,-9.506144442862528,-8.48687940554376,135.04293721630782
185.21239596877618,-23.202531573463972,7.041848155439828,-9.505452181338072,-8.486991224232689,135.26898829788453
185.2216733336171,-23.197243058971704,7.041229769950067,-9.50476459581534,-8.487104119609903,135.49565893932964
185.2309483950262,-23.191952056762975,7.040614075188465,-9.504081677965731,-8.487218089687794,135.72294564347456
185.24022115516354,-23.186658570042113,7.040001067507153,-9.503403419461561,-8.48733313247574,135.9508449131501
185.24949161619003,-23.181362602012737,7.039390743258265,-9.50272981197607,-8.487449245980114,136.1793532511877
185.25875978026755,-23.176064155877715,7.038783098793929,-9.502060847183436,-8.487566428204302,136.40846716041838
185.26802564955887,-23.170763234839182,7.038178130466278,-9.501396516758753,-8.487684677148684,136.6381831436731
185.2772892262276,-23.165459842098546,7.037575834627445,-9.500736812378037,-8.487803990810654,136.86849770378308
185.28655051243825,-23.160153980856464,7.036976207629557,-9.500081725718234,-8.487924367184615,137.09940734357951
185.2958095103562,-23.154845654312926,7.03637924582475,-9.499431248457217,-8.488045804261985,137.33090856589345
185.30506622214773,-23.149534865667118,7.035784945565155,-9.498785372273778,-8.488168300031198,137.56299787355604
185.31432064998003,-23.144221618117523,7.035193303202901,-9.498144088847624,-8.488291852477714,137.79567176939835
185.32357279602112,-23.138905914861894,7.034604315090121,-9.49750738985941,-8.488416459584021,138.02892675625162
185.33282266243995,-23.133587759097242,7.034017977578947,-9.496875266990683,-8.488542119329628,138.26275933694677
185.3420702514063,-23.128267154019873,7.033434287021511,-9.496247711923933,-8.488668829691084,138.49716601431516
185.3513155650909,-23.122944102825304,7.032853239769943,-9.49562471634256,-8.48879658864197,138.7321432911877
185.36055860566518,-23.117618608708447,7.032274832176375,-9.495006271930905,-8.488925394152897,138.96768767039572
185.3697993753016,-23.112290674863367,7.031699060592938,-9.494392370374205,-8.489055244191533,139.20379565477003
185.37903787617344,-23.106960304483447,7.031125921371765,-9.493783003358638,-8.48918613672258,139.44046374714213
185.38827411045483,-23.101627500761342,7.030555410864988,-9.493178162571288,-8.489318069707798,139.6776884503429
185.39750808032082,-23.09629226688897,7.029987525424735,-9.492577839700173,-8.489451041105992,139.9154662672035
185.4067397879473,-23.090954606057547,7.02942226140314,-9.49198202643423,-8.489585048873032,140.15379370055507
185.41596923551097,-23.085614521457494,7.028859615152336,-9.491390714463288,-8.489720090961837,140.39266725322878
185.42519642518943,-23.08027201627865,7.028299583024449,-9.490803895478145,-8.489856165322387,140.63208342805558
185.43442135916112,-23.074927093709984,7.027742161371617,-9.490221561170474,-8.489993269901737,140.8720387278667
185.44364403960537,-23.069579756939817,7.027187346545968,-9.489643703232888,-8.490131402644009,141.1125296554934
185.45286446870236,-23.064230009155718,7.026635134899634,-9.489070313358921,-8.490270561490389,141.35355271376662
185.46208264863313,-23.058877853544555,7.026085522784749,-9.488501383243007,-8.490410744379155,141.59510440551747
185.47129858157948,-23.053523293292447,7.02553850655344,-9.487936904580518,-8.490551949245646,141.8371812335772
185.48051226972413,-23.048166331584813,7.024994082557842,-9.487376869067726,-8.490694174022291,142.07977970077698
185.48972371525082,-23.0428069716063,7.024452247150085,-9.486821268401837,-8.490837416638616,142.32289630994754
185.49893292034375,-23.037445216540956,7.0239129966823,-9.486270094280963,-8.490981675021214,142.5665275639204
185.50813988718824,-23.032081069571994,7.023376327506619,-9.485723338404139,-8.49112694709379,142.81066996552656
185.51734461797042,-23.026714533881933,7.022842235975176,-9.4851809924713,-8.49127323077713,143.05532001759713
185.52654711487722,-23.021345612652592,7.0223107184401,-9.484643048183319,-8.491420523989131,143.3004742229632
185.5357473800964,-23.015974309065065,7.02178177125352,-9.484109497241976,-8.491568824644782,143.5461290844559
185.54494541581664,-23.010600626299716,7.021255390767575,-9.483580331349954,-8.491718130656183,143.79228110490652
185.55414122422738,-23.005224567536164,7.0207315733343885,-9.483055542210868,-8.491868439932556,144.03892678714598
185.56333480751883,-22.999846135953412,7.020210315306096,-9.482535121529246,-8.49201975038021,144.28606263400542
185.57252616788216,-22.99446533472966,7.019691613034829,-9.482019061010515,-8.492172059902584,144.53368514831593
185.5817153075093,-22.98908216704239,7.019175462872719,-9.481507352361021,-8.492325366400227,144.7817908329088
185.59090222859308,-22.983696636068405,7.018661861171897,-9.480999987288046,-8.492479667770828,145.03037619061496
185.60008693332705,-22.97830874498377,7.018150804284494,-9.480496957499753,-8.492634961909193,145.27943772426573
185.60926942390566,-22.972918496963853,7.017642288562642,-9.479998254705233,-8.49279124670724,145.52897193669193
185.61844970252417,-22.967525895183268,7.017136310358473,-9.479503870614488,-8.492948520054044,145.77897533072505
185.6276277713787,-22.96213094281593,7.016632866024118,-9.479013796938434,-8.49310677983581,146.02944440919592
185.63680363266607,-22.956733643035122,7.016131951911709,-9.478528025388892,-8.493266023935858,146.28037567493584
185.64597728858402,-22.951333999013308,7.015633564373378,-9.478046547678607,-8.493426250234684,146.5317656307759
185.65514874133106,-22.945932013922278,7.015137699761252,-9.477569355521222,-8.493587456609909,146.78361077954713
185.6643179931066,-22.940527690933095,7.0146443544274675,-9.477096440631296,-8.493749640936302,147.03590762408075
185.67348504611076,-22.935121033216152,7.014153524724155,-9.4766277947243,-8.493912801085797,147.28865266720777
185.6826499025445,-22.929712043941066,7.013665207003448,-9.476163409516607,-8.494076934927469,147.54184241175932
185.6918125646097,-22.924300726276776,7.013179397617472,-9.4757032767255,-8.494242040327562,147.79547336056663
185.70097303450885,-22.918887083391574,7.012696092918365,-9.475247388069192,-8.494408115149467,148.04954201646078
185.71013131444533,-22.913471118452957,7.012215289258254,-9.474795735266788,-8.494575157253756,148.30404488227282
185.71928740662344,-22.908052834627725,7.011736982989273,-9.47434831003829,-8.49474316449816,148.55897846083397
185.7284413132481,-22.902632235081988,7.011261170463554,-9.473905104104631,-8.494912134737584,148.81433925497527
185.73759303652517,-22.89720932298115,7.010787848033225,-9.47346610918764,-8.495082065824109,149.07012376752803
185.74674257866124,-22.891784101489904,7.01031701205042,-9.473031317010054,-8.495252955606981,149.32632850132308
185.75588994186378,-22.88635657377218,7.009848658867273,-9.472600719295519,-8.495424801932653,149.58294995919158
185.76503512834088,-22.880926742991353,7.009382784835908,-9.47217430776859,-8.495597602644729,149.83998464396498
185.77417814030161,-22.875494612309936,7.008919386308465,-9.471752074154724,-8.49577135558403,150.09742905847406
185.78331897995577,-22.87006018488979,7.008458459637071,-9.471334010180291,-8.49594605858855,150.3552797055499
185.79245764951392,-22.864623463892094,7.008000001173858,-9.470920107572555,-8.496121709493481,150.6135330880241
185.80159415118746,-22.859184452477283,7.007544007270959,-9.47051035805969,-8.496298306131214,150.87218570872713
