galstreams/tracks/track.st.C-10.ibata2024.ecsv
# %ECSV 1.0
# ---
# datatype:
# - {name: ra, unit: deg, datatype: float64}
# - {name: dec, unit: deg, datatype: float64}
# - {name: distance, unit: kpc, datatype: float64}
# - {name: pm_ra_cosdec, unit: mas / yr, datatype: float64}
# - {name: pm_dec, unit: mas / yr, datatype: float64}
# - {name: radial_velocity, unit: km / s, datatype: float64}
# delimiter: ','
# meta: !!omap
# - __serialized_columns__:
#     dec:
#       __class__: astropy.coordinates.angles.Latitude
#       unit: &id001 !astropy.units.Unit {unit: deg}
#       value: !astropy.table.SerializedColumn {name: dec}
#     distance:
#       __class__: astropy.coordinates.distances.Distance
#       unit: !astropy.units.Unit {unit: kpc}
#       value: !astropy.table.SerializedColumn {name: distance}
#     pm_dec:
#       __class__: astropy.units.quantity.Quantity
#       unit: !astropy.units.Unit {unit: mas / yr}
#       value: !astropy.table.SerializedColumn {name: pm_dec}
#     pm_ra_cosdec:
#       __class__: astropy.units.quantity.Quantity
#       unit: !astropy.units.Unit {unit: mas / yr}
#       value: !astropy.table.SerializedColumn {name: pm_ra_cosdec}
#     ra:
#       __class__: astropy.coordinates.angles.Longitude
#       unit: *id001
#       value: !astropy.table.SerializedColumn {name: ra}
#       wrap_angle: !astropy.coordinates.Angle
#         unit: *id001
#         value: 360.0
#     radial_velocity:
#       __class__: astropy.units.quantity.Quantity
#       unit: !astropy.units.Unit {unit: km / s}
#       value: !astropy.table.SerializedColumn {name: radial_velocity}
# schema: astropy-2.0
ra,dec,distance,pm_ra_cosdec,pm_dec,radial_velocity
[from data line 1292]
146.76958032587737,7.58522917982505,1.0000000000000009,-0.3478628497576337,0.5114664381516301,37.73210219195454
146.7719817667169,7.595270734763152,1.0000000000000007,-0.34674223956613526,0.5100732373476153,37.363005167451426
146.77438684626102,7.60531191661237,1.0000000000000007,-0.34561858686423363,0.5086760197348164,36.991722060879454
146.7767955685158,7.615352724908805,1.0000000000000007,-0.34449188765564864,0.5072747798245336,36.61824882107782
146.77920793748825,7.625393159188129,1.0000000000000007,-0.3433621379449332,0.5058695121274219,36.242581396885605
146.78162395718638,7.635433218985581,1.0000000000000007,-0.34222933373747644,0.504460211153494,35.864715737141815
146.78404363161923,7.645472903835968,1.0000000000000007,-0.34109347103951304,0.5030468714121127,35.484647790685656
146.7864669647967,7.655512213273666,1.0000000000000009,-0.33995454585810725,0.5016294874119931,35.10237350635614
146.78889396072975,7.66555114683262,1.0000000000000009,-0.33881255420117506,0.5002080536611974,34.71788883299248
146.79132462343037,7.675589704046327,1.0000000000000009,-0.33766749207747937,0.4987825646671338,34.33118971943365
146.79375895691155,7.685627884447859,1.0000000000000007,-0.3365193554966419,0.4973530149365535,33.94227211451887
146.7961969651871,7.695665687569847,1.0000000000000007,-0.3353681404691238,0.4959193989755486,33.55113196708717
146.79863865227205,7.7057031129444775,1.0000000000000007,-0.3342138430062582,0.49448171128954943,33.15776522597771
146.8010840221823,7.715740160103501,1.0000000000000009,-0.33305645912023163,0.4930399463833235,32.76216784002956
146.80353307893472,7.7257768285782245,1.0000000000000009,-0.3318959848240959,0.49159409876097016,32.3643357580818
146.80598582654727,7.735813117899509,1.0000000000000009,-0.3307324161317724,0.49014416292592256,31.96426492897356
146.8084422690388,7.745849027597773,1.0000000000000007,-0.3295657490580486,0.4886901333809409,31.56195130154401
146.8109024104292,7.755884557202987,1.0000000000000009,-0.3283959796185876,0.48723200462811167,31.1573908246321
146.81336625473946,7.765919706244674,1.0000000000000007,-0.32722310382993536,0.48576977116884734,30.750579447077047
146.8158338059914,7.775954474251908,1.0000000000000009,-0.3260471177095079,0.4843034275038809,30.341513117717888
146.81830506820796,7.785988860753318,1.0000000000000007,-0.3248680172756129,0.48283296813326326,29.930187785393795
146.820780045413,7.796022865277068,1.0000000000000009,-0.32368579854743595,0.4813583875563654,29.51659939894379
146.8232587416314,7.80605648735088,1.0000000000000007,-0.3225004575450572,0.4798796802718708,29.100743907207068
146.82574116088912,7.8160897265020175,1.0000000000000009,-0.32131199028945456,0.4783968407777742,28.682617259022635
146.82822730721304,7.8261225822572875,1.0000000000000004,-0.3201203928024938,0.476909863571382,28.26221540322968
146.8307171846311,7.836155054143045,1.0000000000000004,-0.31892566110694665,0.4754187431493051,27.83953428866725
146.8332107971722,7.846187141685177,1.0000000000000004,-0.31772779122648087,0.4739234740074616,27.414569864174485
146.83570814886627,7.856218844409114,1.0000000000000007,-0.3165267791856756,0.47242405064107096,26.987318078590427
146.83820924374425,7.866250161839829,1.0000000000000004,-0.31532262101001995,0.4709204675446511,26.55777488075432
146.84071408583807,7.876281093501829,1.0000000000000004,-0.31411531272591064,0.46941271921201866,26.125936219505057
146.84322267918074,7.886311638919159,1.0000000000000004,-0.31290485036066507,0.4679008001362843,25.691798043681906
146.84573502780614,7.896341797615396,1.0000000000000004,-0.31169122994251586,0.4663847048098513,25.255356302123865
146.84825113574934,7.906371569113645,1.0000000000000004,-0.31047444750062203,0.4648644277244125,24.816606943670127
146.85077100704626,7.916400952936556,1.0000000000000004,-0.30925449906506497,0.46333996337094885,24.375545917159716
146.853294645734,7.926429948606293,1.0000000000000007,-0.30803138066685865,0.4618113062397251,23.932169171431788
146.8558220558505,7.936458555644562,1.0000000000000007,-0.3068050883379474,0.4602784508202884,23.486472655325407
146.85835324143483,7.946486773572592,1.0000000000000004,-0.3055756181112086,0.4587413916014662,23.038452317679752
146.8608882065271,7.956514601911134,1.0000000000000004,-0.30434296602046906,0.4572001230713637,22.58810410733382
146.86342695516834,7.966542040180468,1.0000000000000007,-0.3031071281004851,0.4556546397173592,22.13542397312678
146.86596949140065,7.9765690879003985,1.0000000000000004,-0.3018681003869659,0.454104936026105,21.680407863897717
146.86851581926715,7.986595744590241,1.0000000000000007,-0.3006258789165701,0.45255100648352276,21.22305172848582
146.87106594281204,7.996622009768848,1.0000000000000007,-0.2993804597269094,0.4509928455747996,20.763351515730033
146.87361986608045,8.006647882954576,1.0000000000000004,-0.29813183885655015,0.4494304477843897,20.301303174469485
146.87617759311854,8.016673363665312,1.0000000000000004,-0.2968800123450146,0.4478638075960071,19.8369026535434
146.87873912797357,8.026698451418444,1.0000000000000007,-0.29562497623279627,0.4462929194926275,19.37014590179076
146.8813044746938,8.036723145730887,1.0000000000000004,-0.294366726561347,0.4447177779564825,18.901028868050744
146.88387363732843,8.046747446119067,1.0000000000000004,-0.29310525937309384,0.4431383774690576,18.429547501162368
146.88644661992782,8.056771352098917,1.0000000000000004,-0.2918405707114331,0.4415547125110908,17.955697749964845
146.88902342654333,8.066794863185878,1.0000000000000004,-0.29057265662074294,0.4399667775625694,17.479475563297207
146.89160406122724,8.076817978894912,1.0000000000000004,-0.2893015131463741,0.43837456710272693,17.00087688999859
146.89418852803297,8.086840698740476,1.0000000000000007,-0.28802713633466603,0.43677807561004156,16.51989767890804
146.89677683101496,8.09686302223654,1.0000000000000007,-0.28674952223294725,0.4351772975622324,16.036533878864756
146.89936897422868,8.106884948896575,1.0000000000000007,-0.285468666889531,0.4335722274362584,15.550781438707807
146.90196496173058,8.11690647823356,1.0000000000000004,-0.284184566353727,0.43196285970831294,15.062636307276243
146.90456479757825,8.126927609759969,1.0000000000000007,-0.28289721667584367,0.43034918885382456,14.572094433409159
146.9071684858302,8.136948342987774,1.0000000000000007,-0.2816066139071902,0.4287312093474528,14.079151765945726
146.90977603054606,8.146968677428463,1.0000000000000007,-0.2803127541000756,0.42710891566308506,13.583804253725003
146.91238743578646,8.156988612592995,1.0000000000000007,-0.2790156333078244,0.4254823022738349,13.086047845586087
146.91500270561312,8.167008147991849,1.0000000000000004,-0.2777152475847673,0.4238513636520389,12.585878490368136
146.9176218440887,8.177027283134985,1.0000000000000004,-0.2764115929862516,0.4222160942692544,12.083292136910176
146.92024485527705,8.187046017531854,1.0000000000000004,-0.2751046655686433,0.420576488596256,11.578284734051383
146.9228717432429,8.197064350691408,1.0000000000000004,-0.27379446138932995,0.41893254110303435,11.070852230630809
146.92550251205216,8.207082282122078,1.0000000000000007,-0.2724809765067262,0.41728424625879235,10.560990575487583
146.92813716577172,8.217099811331794,1.0000000000000007,-0.27116420698027355,0.41563159853194226,10.048695717460786
146.93077570846947,8.227116937827963,1.0000000000000007,-0.2698441488704476,0.4139745923901049,9.533963605389635
146.9334181442145,8.237133661117488,1.0000000000000007,-0.26852079823876196,0.41231322230010437,9.016790188113022
146.93606447707677,8.247149980706748,1.0000000000000004,-0.2671941511477677,0.4106474827279666,8.497171414470186
146.9387147111274,8.2571658961016,1.0000000000000004,-0.2658642036610597,0.40897736813891783,7.975103233300167
146.94136885043852,8.267181406807397,1.0000000000000004,-0.26453095184328157,0.40730287299738,7.450581593442133
146.94402689908335,8.277196512328953,1.0000000000000004,-0.26319439176012616,0.40562399176696934,6.92360244373512
146.9466888611361,8.287211212170575,1.0000000000000007,-0.2618545194783415,0.40394071891049244,6.39416173301832
146.9493547406721,8.297225505836037,1.0000000000000007,-0.26051133106573493,0.40225304888994556,5.862255410130723
146.9520245417677,8.307239392828595,1.0000000000000007,-0.2591648225911725,0.4005609761665089,5.327879423911544
146.9546982685003,8.317252872650977,1.0000000000000007,-0.257814990124588,0.39886449520054734,4.791029723199795
146.95737592494834,8.327265944805369,1.0000000000000007,-0.25646182973698306,0.3971636004516053,4.251702256834648
146.96005751519138,8.337278608793449,1.0000000000000004,-0.2551053375004323,0.3954582863784044,3.709892973655135
146.96274304330998,8.34729086411635,1.0000000000000004,-0.2537455094880873,0.39374854743884136,3.165597822500503
146.96543251338582,8.357302710274674,1.0000000000000004,-0.25238234177417795,0.3920343780899846,2.6188127522096845
146.96812592950155,8.36731414676849,1.0000000000000004,-0.2510158304340192,0.3903157727880723,2.0695337116218084
146.97082329574096,8.37732517309733,1.0000000000000007,-0.24964597154401325,0.3885927259885089,1.517756649576047
146.97352461618888,8.387335788760197,1.0000000000000007,-0.24827276118165323,0.38686523214586266,0.9634775149114563
146.9762298949312,8.39734599325554,1.0000000000000004,-0.24689619542552688,0.38513328571386307,0.4066922564671599
146.9789391360549,8.407355786081279,1.0000000000000007,-0.24551627035532056,0.3833968811453972,-0.15260317691777955
146.98165234364797,8.417365166734792,1.0000000000000004,-0.2441329820518229,0.3816560128925083,-0.7144128364041721
146.98436952179944,8.427374134712899,1.0000000000000007,-0.2427463265969287,0.37991067540639156,-1.2787407731530074
146.9870906745996,8.437382689511898,1.0000000000000004,-0.24135630007364228,0.3781608631373929,-1.845591038325111
146.9898158061396,8.447390830627516,1.0000000000000004,-0.23996289856608136,0.3764065705350043,-2.4149676830814526
146.99254492051173,8.457398557554953,1.0000000000000004,-0.23856611815948112,0.37464779204786297,-2.9868747585828577
146.99527802180938,8.467405869788843,1.0000000000000004,-0.23716595494019804,0.37288452212374734,-3.561316315990219
146.99801511412699,8.477412766823281,1.0000000000000004,-0.23576240499571288,0.37111675520957343,-4.138296406464487
147.00075620156008,8.487419248151808,1.0000000000000004,-0.23435546441463478,0.36934448575139456,-4.71781908116661
147.0035012882052,8.497425313267394,1.0000000000000004,-0.2329451292867064,0.36756770819439644,-5.299888391257368
147.00625037816005,8.507430961662473,1.0000000000000004,-0.23153139570280584,0.3657864169828947,-5.884508387897738
147.00900347552334,8.51743619282891,1.0000000000000007,-0.2301142597549506,0.3640006065603326,-6.471683122248563
147.01176058439492,8.527441006258016,1.0000000000000004,-0.22869371753630385,0.3622102713692783,-7.061416645470823
147.01452170887563,8.537445401440541,1.0000000000000004,-0.2272697651411747,0.3604154058514206,-7.653713008725281
147.01728685306753,8.547449377866668,1.0000000000000004,-0.22584239866502442,0.358616004447568,-8.248576263172971
147.0200560210736,8.55745293502602,1.0000000000000007,-0.2244116142044702,0.3568120615976443,-8.846010459974703
147.022829216998,8.567456072407655,1.0000000000000007,-0.2229774078572868,0.35500357174068703,-9.446019650291417
147.025606444946,8.57745878950006,1.0000000000000007,-0.22153977572241323,0.35319052931484307,-10.048607885283985
147.02838770902378,8.587461085791157,1.0000000000000004,-0.2200987138999576,0.3513729287573674,-10.653779216113227
147.03117301333884,8.597462960768294,1.0000000000000004,-0.21865421849119393,0.3495507645046189,-11.261537693940229
147.03396236199956,8.607464413918247,1.0000000000000007,-0.21720628559857635,0.3477240309920578,-11.871887369925792
147.0367557591156,8.617465444727234,1.0000000000000004,-0.21575491132573177,0.34589272265424403,-12.484832295230763
147.03955320879754,8.627466052680866,1.0000000000000004,-0.21430009177747644,0.3440568339248316,-13.100376521016148
147.04235471515713,8.637466237264205,1.0000000000000004,-0.2128418230598068,0.34221635923656907,-13.718524098442748
147.0451602823072,8.64746599796173,1.0000000000000007,-0.21138010127991502,0.340371293021294,-14.339279078671508
147.04796991436163,8.657465334257326,1.0000000000000004,-0.20991492254618405,0.33852162970993066,-14.962645512863299
147.05078361543548,8.667464245634307,1.0000000000000004,-0.20844628296819545,0.33666736373248796,-15.58862745217905
147.05360138964483,8.677462731575405,1.0000000000000007,-0.20697417865673406,0.33480848951805586,-16.21722894777962
147.05642324110684,8.687460791562764,1.0000000000000004,-0.20549860572379086,0.3329450014948022,-16.848454050825943
147.05924917393986,8.697458425077937,1.0000000000000007,-0.2040195602825663,0.33107689408997043,-17.48230681247888
147.0620791922632,8.7074556316019,1.0000000000000007,-0.20253703844747784,0.3292041617298764,-18.118791283899228
147.06491330019745,8.717452410615035,1.0000000000000002,-0.20105103633415533,0.3273267988399051,-18.757911516248182
147.06775150186408,8.727448761597117,1.0000000000000004,-0.19956155005945497,0.3254447998445068,-19.39967156068638
147.07059380138577,8.737444684027354,1.0000000000000007,-0.19806857574146175,0.323558159167197,-20.04407546837486
147.0734402028864,8.747440177384341,1.0000000000000004,-0.19657210949948278,0.32166687123055077,-20.691127290474416
147.07629071049075,8.757435241146084,1.0000000000000004,-0.19507214745406576,0.3197709304562009,-21.340831078146046
147.0791453283248,8.767429874789986,1.0000000000000004,-0.19356868572699715,0.31787033126483405,-21.993190882550532
147.08200406051571,8.777424077792853,1.0000000000000007,-0.19206172044129755,0.3159650680761889,-22.648210754848893
147.0848669111916,8.787417849630895,1.0000000000000007,-0.19055124772124632,0.3140551353090523,-23.305894746201897
147.0877338844818,8.797411189779707,1.0000000000000004,-0.18903726369236207,0.31214052738125764,-23.966246907770568
147.0906049845167,8.807404097714292,1.0000000000000004,-0.18751976448142393,0.31022123870967877,-24.629271290715693
147.09348021542777,8.817396572909034,1.0000000000000007,-0.1859987462164674,0.3082972637102307,-25.29497194619827
147.09635958134768,8.827388614837721,1.0000000000000007,-0.18447420502679135,0.30636859679786466,-25.96335292537899
147.0992430864101,8.837380222973527,1.0000000000000004,-0.18294613704296347,0.3044352323865638,-26.63441827941905
147.10213073474986,8.847371396789008,1.0000000000000007,-0.18141453839681798,0.3024971648893431,-27.308172059479194
147.105022530503,8.857362135756116,1.0000000000000004,-0.17987940522146317,0.3005543887182448,-27.984618316720333
147.10791847780644,8.867352439346181,1.0000000000000004,-0.17834073365129388,0.2986068982843344,-28.663761102303333
147.11081858079842,8.877342307029922,1.0000000000000007,-0.17679851982197947,0.2966546879976999,-29.345604467389197
147.11372284361823,8.887331738277442,1.0000000000000007,-0.17525275987048428,0.294697752267447,-30.030152463138645
147.11663127040623,8.897320732558217,1.0000000000000004,-0.17370344993506093,0.29273608550169605,-30.717409140712757
147.11954386530397,8.907309289341102,1.0000000000000007,-0.17215058615525125,0.29076968210757914,-31.407378551272295
147.12246063245408,8.917297408094333,1.0000000000000007,-0.17059416467190847,0.28879853649123877,-32.100064745978266
147.12538157600028,8.927285088285522,1.0000000000000007,-0.1690341816271812,0.28682264305782235,-32.79547177599144
147.12830670008745,8.937272329381646,1.0000000000000004,-0.1674706331645317,0.28484199621147854,-33.49360369247284
147.13123600886158,8.947259130849062,1.0000000000000004,-0.1659035154287305,0.2828565903553606,-34.19446454658316
147.1341695064698,8.957245492153497,1.0000000000000007,-0.16433282456586573,0.280866419891612,-34.898058389483545
147.1371071970603,8.967231412760038,1.0000000000000007,-0.1627585567233445,0.27887147922137334,-35.604389272334856
