galstreams/tracks/track.st.Jhelum-b.bonaca2019.ecsv
# %ECSV 0.9
# ---
# datatype:
# - {name: ra, unit: deg, datatype: float64}
# - {name: dec, unit: deg, datatype: float64}
# - {name: distance, unit: kpc, datatype: float64}
# - {name: pm_ra_cosdec, unit: mas / yr, datatype: float64}
# - {name: pm_dec, unit: mas / yr, datatype: float64}
# - {name: radial_velocity, unit: km / s, datatype: float64}
# delimiter: ','
# meta: !!omap
# - __serialized_columns__:
#     dec:
#       __class__: astropy.coordinates.angles.Latitude
#       unit: &id001 !astropy.units.Unit {unit: deg}
#       value: !astropy.table.SerializedColumn {name: dec}
#     distance:
#       __class__: astropy.coordinates.distances.Distance
#       unit: !astropy.units.Unit {unit: kpc}
#       value: !astropy.table.SerializedColumn {name: distance}
#     pm_dec:
#       __class__: astropy.units.quantity.Quantity
#       unit: !astropy.units.Unit {unit: mas / yr}
#       value: !astropy.table.SerializedColumn {name: pm_dec}
#     pm_ra_cosdec:
#       __class__: astropy.units.quantity.Quantity
#       unit: !astropy.units.Unit {unit: mas / yr}
#       value: !astropy.table.SerializedColumn {name: pm_ra_cosdec}
#     ra:
#       __class__: astropy.coordinates.angles.Longitude
#       unit: *id001
#       value: !astropy.table.SerializedColumn {name: ra}
#       wrap_angle: !astropy.coordinates.Angle
#         unit: *id001
#         value: 360.0
#     radial_velocity:
#       __class__: astropy.units.quantity.Quantity
#       unit: !astropy.units.Unit {unit: km / s}
#       value: !astropy.table.SerializedColumn {name: radial_velocity}
# schema: astropy-2.0
ra,dec,distance,pm_ra_cosdec,pm_dec,radial_velocity
[from data line 1664]
340.7715486473533,-50.13549148803055,12.999999999999993,6.458606803500721,-5.06931751232046,-2.3578147963642546e-13
340.75638909496143,-50.13311419223061,12.999999999999995,6.457632737914882,-5.0703920268975615,-6.73661370389787e-14
340.74123101164923,-50.13073502139408,12.999999999999993,6.456658422562907,-5.07146608694351,0.0
340.72607439830074,-50.12835397587203,12.999999999999991,6.45568385772903,-5.072539692238653,-1.0104920555846805e-13
340.71091925579924,-50.1259710560157,12.999999999999991,6.454709043697513,-5.073612842563588,-6.73661370389787e-14
340.69576558502706,-50.12358626217656,12.999999999999993,6.453733980752635,-5.074685537699178,-1.0104920555846805e-13
340.680613386866,-50.12119959470622,12.999999999999993,6.452758669178713,-5.075757777426526,-1.347322740779574e-13
340.6654626621969,-50.11881105395656,12.999999999999993,6.451783109260073,-5.076829561526995,-6.73661370389787e-14
340.65031341189973,-50.116420640279586,12.999999999999993,6.450807301281083,-5.077900889782196,-1.347322740779574e-13
340.63516563685386,-50.11402835402752,12.999999999999993,6.449831245526129,-5.078971761973991,-6.73661370389787e-14
340.6200193379376,-50.111634195552774,12.999999999999996,6.448854942279619,-5.080042177884501,-1.0104920555846805e-13
340.6048745160288,-50.10923816520796,12.999999999999993,6.447878391825996,-5.081112137296093,-1.347322740779574e-13
340.5897311720043,-50.10684026334588,12.999999999999993,6.44690159444971,-5.082181639991383,-3.368306851948935e-14
340.57458930674005,-50.10444049031953,12.999999999999991,6.445924550435255,-5.083250685753253,-1.347322740779574e-13
340.5594489211114,-50.102038846482095,12.999999999999993,6.444947260067129,-5.084319274364817,-3.368306851948935e-14
340.54431001599283,-50.099635332186956,12.999999999999993,6.4439697236298725,-5.085387405609463,6.73661370389787e-14
340.5291725922579,-50.09722994778766,12.999999999999991,6.442991941408038,-5.086455079270818,-2.020984111169361e-13
340.5140366507797,-50.094822693638,12.999999999999995,6.442013913686203,-5.087522295132754,-3.368306851948935e-14
340.49890219243,-50.0924135700919,12.999999999999993,6.441035640748971,-5.088589052979415,-2.020984111169361e-13
340.4837692180804,-50.0900025775035,12.999999999999993,6.440057122880974,-5.089655352595177,0.0
340.46863772860115,-50.08758971622715,12.999999999999993,6.439078360366847,-5.090721193764688,-2.020984111169361e-13
340.453507724862,-50.08517498661737,12.999999999999991,6.4380993534912685,-5.091786576272826,-6.73661370389787e-14
340.43837920773177,-50.08275838902887,12.999999999999993,6.437120102538931,-5.092851499904741,-1.0104920555846805e-13
340.4232521780786,-50.08033992381654,12.999999999999991,6.436140607794545,-5.093915964445822,-1.6841534259744677e-13
340.40812663676974,-50.07791959133549,12.999999999999991,6.435160869542846,-5.09497996968171,-3.368306851948935e-14
340.3930025846716,-50.07549739194099,12.999999999999993,6.4341808880686,-5.096043515398309,3.368306851948935e-14
340.3778800226499,-50.07307332598851,12.999999999999993,6.433200663656575,-5.097106601381767,-2.3578147963642546e-13
340.3627589515695,-50.070647393833724,12.999999999999991,6.432220196591579,-5.098169227418478,-1.347322740779574e-13
340.3476393722945,-50.068219595832474,12.999999999999991,6.4312394871584315,-5.099231393295099,-6.73661370389787e-14
340.33252128568813,-50.0657899323408,12.999999999999993,6.430258535641972,-5.100293098798534,-1.0104920555846805e-13
340.3174046926128,-50.06335840371493,12.999999999999993,6.42927734232706,-5.10135434371594,-2.020984111169361e-13
340.3022895939303,-50.06092501031127,12.999999999999993,6.428295907498586,-5.102415127834721,-2.694645481559148e-13
340.2871759905014,-50.05848975248644,12.999999999999995,6.42731423144145,-5.103475450942533,0.0
340.2720638831862,-50.05605263059719,12.999999999999991,6.42633231444057,-5.104535312827297,-3.368306851948935e-14
340.2569532728439,-50.05361364500056,12.999999999999993,6.425350156780886,-5.105594713277172,-1.347322740779574e-13
340.24184416033296,-50.051172796053656,12.999999999999993,6.424367758747373,-5.106653652080569,-1.0104920555846805e-13
340.226736546511,-50.04873008411387,12.999999999999993,6.423385120624987,-5.107712129026156,-1.6841534259744677e-13
340.21163043223504,-50.04628550953872,12.999999999999993,6.4224022426987535,-5.10877014390285,-6.73661370389787e-14
340.19652581836095,-50.04383907268594,12.999999999999991,6.421419125253674,-5.109827696499823,-1.0104920555846805e-13
340.181422705744,-50.04139077391344,12.999999999999991,6.420435768574791,-5.110884786606492,-1.6841534259744677e-13
340.1663210952387,-50.03894061357933,12.999999999999991,6.419452172947155,-5.111941414012529,-6.73661370389787e-14
340.15122098769854,-50.03648859204187,12.999999999999993,6.4184683386558365,-5.112997578507862,-2.020984111169361e-13
340.13612238397656,-50.03403470965955,12.999999999999991,6.417484265985934,-5.114053279882661,-6.73661370389787e-14
340.12102528492466,-50.031578966791024,12.999999999999993,6.416499955222551,-5.1151085179273545,0.0
340.105929691394,-50.02912136379512,12.999999999999993,6.415515406650812,-5.116163292432622,0.0
340.09083560423517,-50.02666190103088,12.999999999999996,6.414530620555857,-5.117217603189394,-1.6841534259744677e-13
340.07574302429765,-50.02420057885751,12.999999999999993,6.4135455972228534,-5.118271449988848,0.0
340.0606519524303,-50.02173739763439,12.999999999999993,6.41256033693697,-5.119324832622419,-1.347322740779574e-13
340.0455623894811,-50.01927235772112,12.999999999999993,6.411574839983401,-5.120377750881788,-1.347322740779574e-13
340.03047433629735,-50.01680545947746,12.999999999999995,6.410589106647356,-5.121430204558891,-3.368306851948935e-14
340.0153877937254,-50.01433670326336,12.999999999999993,6.40960313721406,-5.122482193445913,0.0
340.0003027626107,-50.01186608943894,12.999999999999993,6.4086169319687505,-5.123533717335294,-1.6841534259744677e-13
339.98521924379827,-50.00939361836452,12.999999999999993,6.407630491196693,-5.124584776019719,-1.6841534259744677e-13
339.97013723813194,-50.00691929040062,12.999999999999993,6.406643815183146,-5.125635369292128,-6.73661370389787e-14
339.95505674645494,-50.00444310590789,12.999999999999991,6.405656904213408,-5.126685496945716,3.368306851948935e-14
339.93997776960964,-50.001965065247205,12.999999999999991,6.404669758572772,-5.1277351587739215,-6.73661370389787e-14
339.92490030843754,-49.99948516877963,12.999999999999993,6.403682378546556,-5.12878435457044,-2.3578147963642546e-13
339.90982436377953,-49.99700341686637,12.999999999999993,6.402694764420095,-5.129833084129212,-3.031476166754042e-13
339.8947499364755,-49.99451980986885,12.999999999999993,6.401706916478735,-5.130881347244432,-2.3578147963642546e-13
339.8796770273646,-49.99203434814866,12.999999999999993,6.400718835007831,-5.131929143710548,-1.347322740779574e-13
339.86460563728525,-49.98954703206758,12.999999999999993,6.399730520292759,-5.132976473322255,-3.368306851948935e-14
339.8495357670748,-49.98705786198756,12.999999999999993,6.398741972618903,-5.1340233358745095,-2.020984111169361e-13
339.8344674175702,-49.984566838270744,12.999999999999993,6.397753192271663,-5.135069731162497,-6.73661370389787e-14
339.81940058960726,-49.982073961279454,12.999999999999993,6.39676417953646,-5.136115658981679,0.0
339.8043352840211,-49.97957923137618,12.999999999999991,6.395774934698713,-5.137161119127752,-1.347322740779574e-13
339.789271501646,-49.97708264892363,12.999999999999993,6.39478545804386,-5.138206111396666,-2.020984111169361e-13
339.7742092433156,-49.97458421428462,12.999999999999993,6.393795749857362,-5.139250635584624,-1.347322740779574e-13
339.7591485098625,-49.972083927822226,12.999999999999993,6.392805810424677,-5.140294691488077,-2.694645481559148e-13
339.7440893021186,-49.969581789899664,12.999999999999993,6.391815640031282,-5.141338278903731,-2.3578147963642546e-13
339.729031620915,-49.96707780088032,12.999999999999993,6.390825238962666,-5.142381397628538,-2.3578147963642546e-13
339.71397546708204,-49.964571961127795,12.999999999999993,6.389834607504329,-5.143424047459703,-6.73661370389787e-14
339.698920841449,-49.96206427100584,12.999999999999991,6.38884374594178,-5.14446622819469,-2.3578147963642546e-13
339.6838677448448,-49.95955473087841,12.999999999999993,6.387852654560547,-5.145507939631193,-3.368306851948935e-14
339.6688161780971,-49.95704334110959,12.999999999999993,6.386861333646157,-5.146549181567175,-1.347322740779574e-13
339.653766142033,-49.9545301020637,12.999999999999993,6.385869783484164,-5.147589953800841,-1.0104920555846805e-13
339.63871763747875,-49.9520150141052,12.999999999999993,6.384878004360115,-5.148630256130653,-2.3578147963642546e-13
339.62367066525985,-49.94949807759876,12.999999999999993,6.383885996559576,-5.149670088355314,-2.694645481559148e-13
339.60862522620084,-49.946979292909205,12.999999999999991,6.3828937603681295,-5.150709450273784,-2.3578147963642546e-13
339.59358132112555,-49.944458660401544,12.999999999999991,6.381901296071358,-5.151748341685267,-6.73661370389787e-14
339.578538950857,-49.94193618044097,12.999999999999993,6.38090860395485,-5.152786762389231,-6.73661370389787e-14
339.56349811621743,-49.939411853392826,12.999999999999993,6.379915684304221,-5.153824712185383,-1.347322740779574e-13
339.54845881802817,-49.93688567962268,12.999999999999993,6.378922537405081,-5.154862190873679,-3.368306851948935e-14
339.53342105710976,-49.93435765949623,12.999999999999993,6.377929163543053,-5.155899198254334,-1.0104920555846805e-13
339.5183848342821,-49.93182779337936,12.999999999999993,6.376935563003773,-5.156935734127805,-2.694645481559148e-13
339.50335015036404,-49.929296081638185,12.999999999999991,6.375941736072877,-5.157971798294803,-2.020984111169361e-13
339.4883170061738,-49.92676252463891,12.999999999999993,6.374947683036024,-5.159007390556282,-1.0104920555846805e-13
339.47328540252875,-49.92422712274798,12.999999999999993,6.373953404178858,-5.160042510713464,-1.347322740779574e-13
339.45825534024533,-49.92168987633196,12.999999999999993,6.372958899787053,-5.161077158567805,-2.3578147963642546e-13
339.44322682013944,-49.91915078575767,12.999999999999993,6.37196417014629,-5.162111333921008,-1.0104920555846805e-13
339.4281998430258,-49.91660985139203,12.999999999999993,6.370969215542236,-5.163145036575045,-1.6841534259744677e-13
339.41317440971864,-49.914067073602176,12.999999999999991,6.369974036260588,-5.164178266332122,-3.031476166754042e-13
339.3981505210312,-49.91152245275541,12.999999999999993,6.36897863258704,-5.165211022994695,-2.3578147963642546e-13
339.3831281777761,-49.9089759892192,12.999999999999993,6.367983004807298,-5.166243306365477,-1.347322740779574e-13
339.3681073807648,-49.90642768336119,12.999999999999991,6.366987153207068,-5.167275116247431,-2.3578147963642546e-13
339.3530881308084,-49.9038775355492,12.999999999999993,6.365991078072075,-5.16830645244376,-6.73661370389787e-14
339.3380704287168,-49.90132554615124,12.999999999999991,6.364994779688029,-5.169337314757933,-1.0104920555846805e-13
339.3230542752993,-49.898771715535474,12.999999999999993,6.363998258340666,-5.170367702993648,-3.368306851948935e-14
339.30803967136427,-49.89621604407024,12.999999999999993,6.363001514315718,-5.171397616954874,-2.3578147963642546e-13
339.29302661771953,-49.893658532124064,12.999999999999993,6.362004547898931,-5.172427056445811,-1.347322740779574e-13
339.27801511517174,-49.89109918006562,12.999999999999993,6.361007359376043,-5.173456021270919,-1.0104920555846805e-13
339.26300516452693,-49.88853798826379,12.999999999999993,6.360009949032814,-5.174484511234908,-1.6841534259744677e-13
339.24799676659035,-49.885974957087605,12.999999999999993,6.359012317154989,-5.175512526142736,-3.031476166754042e-13
339.2329899221664,-49.88341008690627,12.999999999999993,6.358014464028341,-5.176540065799603,-2.020984111169361e-13
339.2179846320586,-49.88084337808915,12.999999999999993,6.357016389938635,-5.177567130010965,-6.73661370389787e-14
339.2029808970697,-49.87827483100581,12.999999999999993,6.356018095171634,-5.178593718582537,-1.6841534259744677e-13
339.18797871800166,-49.875704446025985,12.999999999999993,6.355019580013113,-5.179619831320267,-1.6841534259744677e-13
339.17297809565576,-49.873132223519555,12.999999999999993,6.354020844748857,-5.180645468030351,-1.347322740779574e-13
339.15797903083217,-49.87055816385658,12.99999999999999,6.353021889664647,-5.181670628519252,-1.0104920555846805e-13
339.1429815243305,-49.86798226740733,12.999999999999993,6.352022715046263,-5.182695312593669,0.0
339.12798557694936,-49.865404534542165,12.999999999999991,6.351023321179497,-5.183719520060556,-2.020984111169361e-13
339.11299118948676,-49.862824965631695,12.999999999999993,6.350023708350143,-5.184743250727108,-1.6841534259744677e-13
339.0979983627398,-49.86024356104668,12.999999999999995,6.349023876843999,-5.185766504400772,-3.368306851948935e-14
339.08300709750466,-49.85766032115801,12.999999999999995,6.34802382694686,-5.186789280889261,-2.020984111169361e-13
339.0680173945769,-49.85507524633679,12.999999999999993,6.347023558944529,-5.187811580000505,-1.347322740779574e-13
339.05302925475104,-49.852488336954266,12.999999999999993,6.346023073122805,-5.188833401542707,-1.347322740779574e-13
339.03804267882106,-49.84989959338188,12.999999999999993,6.3450223697675,-5.189854745324313,-1.0104920555846805e-13
339.02305766757996,-49.84730901599123,12.999999999999991,6.344021449164416,-5.190875611154018,-1.347322740779574e-13
339.00807422181987,-49.844716605154076,12.999999999999993,6.343020311599361,-5.19189599884076,-1.6841534259744677e-13
338.9930923423323,-49.84212236124235,12.999999999999995,6.342018957358148,-5.192915908193731,-1.0104920555846805e-13
338.9781120299078,-49.839526284628164,12.999999999999993,6.341017386726593,-5.193935339022377,-1.6841534259744677e-13
338.96313328533614,-49.83692837568378,12.999999999999991,6.340015599990498,-5.194954291136382,-1.347322740779574e-13
338.94815610940634,-49.83432863478168,12.999999999999993,6.339013597435683,-5.19597276434568,-6.73661370389787e-14
338.93318050290645,-49.83172706229441,12.999999999999996,6.338011379347962,-5.196990758460463,-1.6841534259744677e-13
338.91820646662393,-49.829123658594774,12.999999999999991,6.337008946013158,-5.198008273291165,-1.347322740779574e-13
338.90323400134525,-49.82651842405573,12.999999999999993,6.336006297717068,-5.199025308648462,-1.347322740779574e-13
338.8882631078561,-49.823911359050356,12.999999999999993,6.335003434745521,-5.200041864343294,-2.3578147963642546e-13
338.87329378694153,-49.821302463951966,12.999999999999991,6.334000357384334,-5.201057940186832,-1.0104920555846805e-13
338.8583260393855,-49.81869173913398,12.999999999999993,6.332997065919306,-5.202073535990512,-1.6841534259744677e-13
338.84335986597125,-49.81607918497003,12.999999999999993,6.331993560636264,-5.203088651566006,-2.3578147963642546e-13
338.8283952674814,-49.813464801833874,12.999999999999991,6.3309898418210215,-5.204103286725234,-1.347322740779574e-13
338.8134322446975,-49.81084859009946,12.999999999999993,6.3299859097593805,-5.205117441280377,-2.3578147963642546e-13
338.79847079840044,-49.80823055014092,12.999999999999995,6.328981764737163,-5.206131115043847,-1.347322740779574e-13
338.7835109293702,-49.805610682332485,12.999999999999993,6.3279774070401755,-5.2071443078283215,-6.73661370389787e-14
338.76855263838604,-49.80298898704863,12.999999999999993,6.326972836954221,-5.208157019446712,-1.6841534259744677e-13
338.75359592622635,-49.80036546466396,12.999999999999993,6.32596805476511,-5.209169249712179,-6.73661370389787e-14
338.7386407936687,-49.79774011555324,12.999999999999993,6.324963060758648,-5.210180998438146,-3.368306851948935e-14
338.72368724148987,-49.79511294009141,12.999999999999993,6.3239578552206295,-5.211192265438262,-3.368306851948935e-14
