galstreams/tracks/track.st.Sylgr.ibata2021.ecsv
# %ECSV 1.0
# ---
# datatype:
# - {name: ra, unit: deg, datatype: float64}
# - {name: dec, unit: deg, datatype: float64}
# - {name: distance, unit: kpc, datatype: float64}
# - {name: pm_ra_cosdec, unit: mas / yr, datatype: float64}
# - {name: pm_dec, unit: mas / yr, datatype: float64}
# - {name: radial_velocity, unit: km / s, datatype: float64}
# delimiter: ','
# meta: !!omap
# - __serialized_columns__:
#     dec:
#       __class__: astropy.coordinates.angles.Latitude
#       unit: &id001 !astropy.units.Unit {unit: deg}
#       value: !astropy.table.SerializedColumn {name: dec}
#     distance:
#       __class__: astropy.coordinates.distances.Distance
#       unit: !astropy.units.Unit {unit: kpc}
#       value: !astropy.table.SerializedColumn {name: distance}
#     pm_dec:
#       __class__: astropy.units.quantity.Quantity
#       unit: !astropy.units.Unit {unit: mas / yr}
#       value: !astropy.table.SerializedColumn {name: pm_dec}
#     pm_ra_cosdec:
#       __class__: astropy.units.quantity.Quantity
#       unit: !astropy.units.Unit {unit: mas / yr}
#       value: !astropy.table.SerializedColumn {name: pm_ra_cosdec}
#     ra:
#       __class__: astropy.coordinates.angles.Longitude
#       unit: *id001
#       value: !astropy.table.SerializedColumn {name: ra}
#       wrap_angle: !astropy.coordinates.Angle
#         unit: *id001
#         value: 360.0
#     radial_velocity:
#       __class__: astropy.units.quantity.Quantity
#       unit: !astropy.units.Unit {unit: km / s}
#       value: !astropy.table.SerializedColumn {name: radial_velocity}
# schema: astropy-2.0
ra,dec,distance,pm_ra_cosdec,pm_dec,radial_velocity
[from data line 1673]
179.67715656616656,-2.2231169379421405,3.766979514109048,-13.961733030774406,-12.809766890585033,-174.34877189605248
179.68661973758554,-2.219437327629262,3.7683944582942375,-13.955983792348517,-12.803502549115182,-174.4973063074655
179.69608378270732,-2.215759536273761,3.769811068587483,-13.950233935164821,-12.797238030450387,-174.64477082113606
179.70554870117672,-2.2120835630352302,3.7712293466797804,-13.94448345623885,-12.790973333507793,-174.79116250538831
179.71501449263852,-2.208409407073346,3.772649294262122,-13.93873235258603,-12.784708457204667,-174.9364784285464
179.72448115673734,-2.2047370675478657,3.7740709130255037,-13.932980621221684,-12.778443400458386,-175.08071565893414
179.7339486931176,-2.2010665436186216,3.77549420466092,-13.927228259161014,-12.772178162186439,-175.22387126487604
179.74341710142374,-2.197397834445536,3.776919170859364,-13.921475263419122,-12.765912741306437,-175.36594231469604
179.7528863812999,-2.193730939188607,3.778345813311832,-13.915721631011012,-12.75964713673611,-175.5069258767182
179.76235653239019,-2.190065857007914,3.7797741337093176,-13.90996735895156,-12.753381347393281,-175.64681901926662
179.7718275543385,-2.1864025870636206,3.781204133742815,-13.904212444255553,-12.747115372195935,-175.78561881066543
179.78129944678867,-2.182741128515969,3.7826358151033186,-13.898456883937671,-12.740849210062127,-175.92332231923862
179.79077220938436,-2.1790814805252827,3.784069179481823,-13.89270067501247,-12.73458285991006,-176.0599266133105
179.8002458417691,-2.1754236422519657,3.7855042285693226,-13.886943814494403,-12.728316320658038,-176.1954287612049
179.80972034358635,-2.171767612856506,3.786940964056812,-13.881186299397818,-12.722049591224492,-176.32982583124627
179.81919571447926,-2.1681133914994657,3.7883793876352856,-13.87542812673697,-12.715782670527963,-176.46311489175818
179.82867195409113,-2.164460977341495,3.7898195009957383,-13.86966929352598,-12.709515557487125,-176.5952930110653
179.83814906206484,-2.1608103695433214,3.791261305829164,-13.863909796778875,-12.70324825102075,-176.72635725749134
179.84762703804333,-2.157161567265753,3.792704803826557,-13.858149633509578,-12.696980750047745,-176.85630469936055
179.8571058816693,-2.153514569669678,3.7941499966789127,-13.852388800731893,-12.690713053487125,-176.98513240499702
179.86658559258535,-2.1498693759160705,3.7955968860772247,-13.84662729545952,-12.68444516025804,-177.11283744272487
179.87606617043394,-2.1462259851659775,3.7970454737124872,-13.840865114706057,-12.678177069279744,-177.23941688086805
179.88554761485747,-2.142584396580531,3.7984957612756953,-13.835102255484998,-12.671908779471615,-177.36486778775085
179.89502992549808,-2.1389446093209457,3.799947750457843,-13.8293387148097,-12.665640289753155,-177.4891872316972
179.90451310199785,-2.135306622548509,3.8014014429499254,-13.82357448969345,-12.659371599043984,-177.61237228103138
179.91399714399876,-2.131670435424598,3.8028568404429373,-13.817809577149394,-12.65310270626384,-177.73442000407744
179.92348205114257,-2.1280360471106627,3.804313944627872,-13.812043974190598,-12.646833610332592,-177.85532746915922
179.93296782307098,-2.1244034567682384,3.805772757195724,-13.80627767783,-12.64056431017022,-177.97509174460126
179.94245445942545,-2.12077266355894,3.807233279837488,-13.800510685080447,-12.634294804696834,-178.09370989872718
179.95194195984752,-2.117143666644459,3.8086955142441585,-13.794742992954657,-12.628025092832656,-178.21117899986154
179.96143032397833,-2.113516465186574,3.810159462106731,-13.788974598465254,-12.621755173498036,-178.32749611632798
179.9709195514591,-2.1098910583471353,3.8116251251161986,-13.783205498624747,-12.615485045613443,-178.44265831645106
179.98040964193078,-2.106267445288079,3.813092504963556,-13.777435690445555,-12.609214708099483,-178.5566626685546
179.9899005950343,-2.1026456251714243,3.814561603339798,-13.77166517093995,-12.602944159876861,-178.66950624096253
179.99939241041034,-2.0990255971592595,3.8160324219359185,-13.765893937120143,-12.59667339986642,-178.78118610199928
180.00888508769953,-2.095407360413764,3.817504962442913,-13.760121985998198,-12.590402426989138,-178.89169931998885
180.01837862654236,-2.091790914097191,3.8189792265517752,-13.754349314586092,-12.584131240166082,-179.0010429632553
180.02787302657916,-2.0881762573718783,3.8204552159534995,-13.74857591989568,-12.57785983831848,-179.10921410012287
180.03736828745014,-2.0845633894002376,3.82193293233908,-13.742801798938736,-12.571588220367673,-179.21620979891537
180.04686440879536,-2.080952309344767,3.8234123773995123,-13.73702694872687,-12.5653163852351,-179.3220271279572
180.05636139025475,-2.0773430163680398,3.8248935528257895,-13.731251366271657,-12.559044331842367,-179.4266631555722
180.06585923146818,-2.0737355096327104,3.826376460308907,-13.725475048584496,-12.552772059111188,-179.53011495008462
180.07535793207526,-2.0701297883015153,3.827861101539859,-13.719697992676727,-12.546499565963384,-179.63237957981858
180.08485749171558,-2.0665258515372638,3.829347478209641,-13.713920195559549,-12.54022685132093,-179.73345411309802
180.09435791002852,-2.062923698502854,3.830835592009245,-13.708141654244077,-12.533953914105913,-179.83333561824716
180.10385918665338,-2.0593233283612573,3.8323254446296686,-13.702362365741283,-12.527680753240542,-179.93202116359006
180.1133613212293,-2.055724740275529,3.8338170377619027,-13.696582327062067,-12.521407367647168,-180.0295078174509
180.12286431339533,-2.0521279334087987,3.8353103730969442,-13.690801535217213,-12.515133756248266,-180.12579264815366
180.13236816279024,-2.04853290692428,3.836805452325788,-13.685019987217379,-12.508859917966408,-180.22087272402246
180.14187286905292,-2.044939659985264,3.8383022771394266,-13.679237680073124,-12.50258585172434,-180.31474511338152
180.15137843182188,-2.0413481917551226,3.8398008492288556,-13.673454610794904,-12.496311556444908,-180.4074068845548
180.16088485073567,-2.037758501397306,3.8413011702850683,-13.667670776393061,-12.490037031051095,-180.49885510586634
180.1703921254326,-2.034170588075343,3.842803241999061,-13.661886173877818,-12.483762274465995,-180.58908684564042
180.17990025555096,-2.0305844509528423,3.8443070660618264,-13.65610080025931,-12.477487285612856,-180.678099172201
180.18940924072876,-2.027000089193493,3.845812644164361,-13.65031465254753,-12.471212063415043,-180.76588915387237
180.19891908060399,-2.023417501961063,3.8473199779976572,-13.644527727752415,-12.464936606796048,-180.85245385897835
180.20842977481448,-2.0198366884193977,3.84882906925271,-13.638740022883745,-12.458660914679498,-180.9377903558431
180.21794132299792,-2.016257647732423,3.8503399196205152,-13.632951534951209,-12.452384985989138,-181.02189571279098
180.22745372479184,-2.012680379064146,3.851852530792066,-13.627162260964392,-12.446108819648861,-181.10476699814578
180.23696697983374,-2.0091048815786476,3.8533669044583565,-13.621372197932752,-12.439832414582684,-181.1864012802318
180.24648108776083,-2.0055311544400936,3.8548830423103815,-13.615581342865664,-12.433555769714742,-181.26679562737294
180.2559960482103,-2.0019591968127246,3.8564009460391357,-13.609789692772376,-12.427278883969317,-181.34594710789338
180.26551186081926,-1.9983890078608593,3.8579206173356133,-13.603997244662018,-12.421001756270808,-181.42385279011734
180.2750285252245,-1.9948205867488997,3.8594420578908095,-13.598203995543644,-12.41472438554376,-181.5005097423689
180.2845460410629,-1.9912539326413237,3.8609652693957197,-13.592409942426157,-12.408446770712839,-181.575915032972
180.29406440797098,-1.9876890447026891,3.8624902535413344,-13.58661508231839,-12.402168910702851,-181.6500657302508
180.30358362558533,-1.984125922097633,3.864017012018652,-13.580819412229044,-12.395890804438729,-181.72295890252937
180.31310369354233,-1.980564563990867,3.8655455465186646,-13.575022929166707,-12.389612450845538,-181.794591618132
180.32262461147815,-1.9770049695471874,3.867075858732369,-13.569225630139872,-12.383333848848475,-181.86496094538242
180.33214637902896,-1.9734471379314666,3.868607950350756,-13.563427512156924,-12.377054997372888,-181.93406395260504
180.34166899583073,-1.9698910683086515,3.8701418230648237,-13.557628572226113,-12.370775895344217,-182.0018977081239
180.35119246151933,-1.966336759843775,3.871677478565565,-13.55182880735562,-12.364496541688078,-182.06845928026308
180.36071677573042,-1.9627842117019432,3.873214918543974,-13.546028214553479,-12.358216935330207,-182.1337457373466
180.37024193809967,-1.9592334230483417,3.8747541446910456,-13.54022679082763,-12.35193707519646,-182.1977541476987
180.37976794826244,-1.9556843930482366,3.8762951586977756,-13.53442453318591,-12.345656960212851,-182.26048157964343
180.38929480585412,-1.9521371208669704,3.877837962255156,-13.528621438636042,-12.339376589305514,-182.32192510150463
180.3988225105099,-1.9485916056699626,3.8793825570541824,-13.522817504185626,-12.333095961400717,-182.3820817816068
180.4083510618648,-1.9450478466227141,3.8809289447858495,-13.517012726842172,-12.326815075424873,-182.44094868827386
180.41788045955377,-1.941505842890805,3.8824771271411502,-13.511207103613078,-12.320533930304528,-182.49852288982973
180.42741070321165,-1.937965593639886,3.8840271058110813,-13.50540063150561,-12.314252524966358,-182.55480145459885
180.43694179247308,-1.934427098035695,3.885578882486637,-13.499593307526943,-12.307970858337175,-182.60978145090516
180.44647372697256,-1.9308903552440415,3.88713245885881,-13.493785128684165,-12.301688929343939,-182.66345994707262
180.45600650634455,-1.9273553644308183,3.888687836618596,-13.487976091984192,-12.295406736913733,-182.71583401142559
180.4655401302233,-1.9238221247619909,3.890245017456989,-13.482166194433896,-12.289124279973787,-182.76690071228782
180.47507459824297,-1.9202906354036087,3.8918040030649843,-13.476355433039998,-12.282841557451464,-182.81665711798388
180.4846099100376,-1.916760895521794,3.893364795133575,-13.470543804809115,-12.276558568274265,-182.86510029683745
180.49414606524098,-1.9132329042827474,3.8949273953537555,-13.464731306747785,-12.270275311369836,-182.9122273171728
180.50368306348696,-1.9097066608527504,3.896491805416523,-13.45891793586238,-12.263991785665945,-182.95803524731397
180.5132209044091,-1.9061821643981633,3.8980580270128677,-13.453103689159216,-12.25770799009052,-183.00252115558516
180.52275958764093,-1.902659414085416,3.899626061833788,-13.447288563644463,-12.251423923571595,-183.04568211031034
180.53229911281582,-1.8991384090810253,3.9011959115702752,-13.441472556324205,-12.245139585037387,-183.0875151798138
180.54183947956696,-1.89561914855158,3.902767577913326,-13.435655664204402,-12.238854973416228,-183.1280174324193
180.5513806875275,-1.8921016316637491,3.904341062553934,-13.429837884290903,-12.232570087636578,-183.16718593645132
180.56092273633035,-1.8885858575842793,3.9059163671830945,-13.424019213589457,-12.226284926627061,-183.20501776023372
180.57046562560842,-1.885071825479994,3.9074934934917995,-13.418199649105691,-12.219999489316432,-183.24150997209065
180.58000935499433,-1.8815595345177933,3.9090724431710466,-13.412379187845138,-12.213713774633575,-183.2766596403462
180.58955392412074,-1.878048983864655,3.9106532179118285,-13.406557826813202,-12.207427781507539,-183.31046383332458
180.59909933262006,-1.8745401726876378,3.912235819405138,-13.400735563015186,-12.201141508867494,-183.34291961934957
180.60864558012463,-1.871033100153872,3.913820249341974,-13.394912393456273,-12.194854955642755,-183.37402406674562
180.6181926662666,-1.8675277654305686,3.9154065094133275,-13.389088315141569,-12.18856812076279,-183.4037742438368
180.6277405906781,-1.8640241676850164,3.916994601310193,-13.383263325076014,-12.182281003157192,-183.43216721894706
180.63728935299096,-1.8605223060845781,3.918584526723567,-13.377437420264505,-12.175993601755712,-183.4592000604004
180.64683895283707,-1.857022179796699,3.9201762873444426,-13.371610597711744,-12.169705915488233,-183.48486983652114
180.65638938984807,-1.8535237879888957,3.921769884863816,-13.365782854422411,-12.16341794328478,-183.5091736156334
180.66594066365548,-1.8500271298287663,3.9233653209726778,-13.35995418740103,-12.157129684075551,-183.53210846606098
180.6754927738907,-1.8465322044839818,3.9249625973620255,-13.354124593652008,-12.150841136790834,-183.5536714561283
180.68504572018503,-1.8430390111222965,3.926561715722852,-13.348294070179659,-12.144552300361102,-183.57385965415924
180.69459950216964,-1.8395475489115336,3.9281626777461542,-13.342462613988168,-12.13826317371696,-183.59267012847803
180.70415411947553,-1.8360578170195985,3.9297654851229242,-13.336630222081634,-12.13197375578915,-183.6100999474087
180.71370957173357,-1.832569814614474,3.931370139544156,-13.330796891464031,-12.125684045508574,-183.62614617927545
180.72326585857454,-1.8290835408642157,3.9329766427008472,-13.324962619139223,-12.119394041806263,-183.6408058924022
180.73282297962908,-1.825598994936961,3.9345849962839896,-13.319127402110965,-12.113103743613408,-183.65407615511313
180.7423809345277,-1.8221161760009184,3.936195201984578,-13.313291237382899,-12.106813149861333,-183.66595403573243
180.75193972290072,-1.8186350832243776,3.9378072614936075,-13.30745412195856,-12.100522259481517,-183.6764366025841
180.76149934437842,-1.8151557157757026,3.939421176502072,-13.301616052841364,-12.09423107140558,-183.68552092399227
180.77105979859093,-1.8116780728233361,3.9410369487009658,-13.295777027034637,-12.08793958456529,-183.69320406828092
180.7806210851682,-1.808202153535794,3.942654579781285,-13.289937041541547,-12.081647797892558,-183.6994831037743
180.7901832037401,-1.8047279570816712,3.944274071434021,-13.284096093365223,-12.075355710319457,-183.70435509879638
180.79974615393635,-1.8012554826296387,3.945895425350172,-13.278254179508611,-12.069063320778179,-183.70781712167155
180.80930993538658,-1.7977847293484444,3.947518643220729,-13.272411296974589,-12.06277062820109,-183.7098662407236
180.81887454772018,-1.7943156964069102,3.949143726736689,-13.266567442765915,-12.056477631520696,-183.71049952427663
180.82843999056655,-1.7908483829739366,3.9507706775890457,-13.260722613885228,-12.05018432966964,-183.70971404065483
180.83800626355495,-1.7873827882185018,3.9523994974687917,-13.254876807335062,-12.04389072158074,-183.7075068581824
180.84757336631432,-1.7839189113096554,3.954030188066925,-13.249030020117845,-12.037596806186928,-183.70387504518325
180.85714129847372,-1.7804567514165281,3.9556627510744375,-13.243182249235877,-12.031302582421313,-183.6988156699816
180.86671005966193,-1.7769963077083235,3.9572971881823245,-13.237333491691372,-12.025008049217142,-183.69232580090147
180.87627964950764,-1.7735375793543204,3.958933501081579,-13.231483744486404,-12.018713205507815,-183.68440250626685
180.88585006763947,-1.7700805655238794,3.9605716914631968,-13.225633004622951,-12.012418050226872,-183.67504285440225
180.8954213136858,-1.7666252653864305,3.9622117610181737,-13.219781269102883,-12.006122582308018,-183.66424391363137
180.90499338727494,-1.763171678111483,3.9638537114375008,-13.213928534927966,-11.999826800685101,-183.65200275227843
180.9145662880351,-1.7597198028686234,3.965497544412176,-13.208074799099812,-11.993530704292121,-183.63831643866754
180.9241400155943,-1.7562696388275099,3.967143261633192,-13.202220058619968,-11.987234292063222,-183.62318204112276
180.9337145695805,-1.7528211851578799,3.968790864791543,-13.196364310489857,-11.980937562932715,-183.6065966279683
180.94328994962143,-1.7493744410295462,3.9704403555782233,-13.190507551710784,-11.974640515835054,-183.58855726752807
180.95286615534482,-1.7459294056123948,3.972091735684228,-13.18464977928394,-11.96834314970484,-183.56906102812627
180.9624431863782,-1.7424860780763913,3.973745006800552,-13.17879099021041,-11.962045463476827,-183.54810497808708
180.97202104234893,-1.7390444575915724,3.9754001706181907,-13.172931181491172,-11.955747456085941,-183.52568618573454
