galstreams/tracks/track.st.NGC6101.ibata2024.ecsv
# %ECSV 1.0
# ---
# datatype:
# - {name: ra, unit: deg, datatype: float64}
# - {name: dec, unit: deg, datatype: float64}
# - {name: distance, unit: kpc, datatype: float64}
# - {name: pm_ra_cosdec, unit: mas / yr, datatype: float64}
# - {name: pm_dec, unit: mas / yr, datatype: float64}
# - {name: radial_velocity, unit: km / s, datatype: float64}
# delimiter: ','
# meta: !!omap
# - __serialized_columns__:
#     dec:
#       __class__: astropy.coordinates.angles.Latitude
#       unit: &id001 !astropy.units.Unit {unit: deg}
#       value: !astropy.table.SerializedColumn {name: dec}
#     distance:
#       __class__: astropy.coordinates.distances.Distance
#       unit: !astropy.units.Unit {unit: kpc}
#       value: !astropy.table.SerializedColumn {name: distance}
#     pm_dec:
#       __class__: astropy.units.quantity.Quantity
#       unit: !astropy.units.Unit {unit: mas / yr}
#       value: !astropy.table.SerializedColumn {name: pm_dec}
#     pm_ra_cosdec:
#       __class__: astropy.units.quantity.Quantity
#       unit: !astropy.units.Unit {unit: mas / yr}
#       value: !astropy.table.SerializedColumn {name: pm_ra_cosdec}
#     ra:
#       __class__: astropy.coordinates.angles.Longitude
#       unit: *id001
#       value: !astropy.table.SerializedColumn {name: ra}
#       wrap_angle: !astropy.coordinates.Angle
#         unit: *id001
#         value: 360.0
#     radial_velocity:
#       __class__: astropy.units.quantity.Quantity
#       unit: !astropy.units.Unit {unit: km / s}
#       value: !astropy.table.SerializedColumn {name: radial_velocity}
# schema: astropy-2.0
ra,dec,distance,pm_ra_cosdec,pm_dec,radial_velocity
221.6269310133569,-73.4405468975798,0.999999999999999,2.3154097558681173,-1.5234992729432015,368.1199999999995
221.66254134052778,-73.43969666763371,0.999999999999999,2.314410820395647,-1.521310000488711,368.1276721073169
221.69814640296923,-73.43884519854014,0.9999999999999992,2.313412801131273,-1.5191232320204975,368.13530564849935
221.73374620839354,-73.4379924859356,0.9999999999999991,2.3124156985082163,-1.5169389624569227,368.1429006288383
221.76934076446926,-73.43713852545126,0.9999999999999991,2.311419512949307,-1.5147571867236138,368.1504570536261
221.80493007882131,-73.43628331271294,0.999999999999999,2.3104242448669936,-1.5125778997532713,368.15797492815454
221.8405141590307,-73.43542684334109,0.9999999999999991,2.309429894663415,-1.5104010964858574,368.1654542577157
221.87609301263478,-73.43456911295085,0.9999999999999992,2.308436462730354,-1.5082267718684719,368.1728950476013
221.9116666471271,-73.43371011715207,0.9999999999999992,2.3074439494492953,-1.5060549208554868,368.18029730310343
221.94723506995751,-73.43284985154934,0.9999999999999991,2.306452355191471,-1.5038855384083725,368.187661029514
221.98279828853217,-73.43198831174196,0.9999999999999991,2.3054616803178423,-1.5017186194958505,368.19498623212485
222.01835631021297,-73.431125493324,0.9999999999999989,2.304471925179122,-1.4995541590938863,368.2022729162281
222.0539091423185,-73.43026139188434,0.9999999999999991,2.3034830901158454,-1.4973921521855793,368.20952108711555
222.0894567921235,-73.42939600300667,0.9999999999999989,2.302495175458347,-1.495232593761319,368.21673075007914
222.12499926685885,-73.42852932226948,0.9999999999999992,2.3015081815268026,-1.4930754788186391,368.22390191041103
222.1605365737115,-73.42766134524614,0.9999999999999991,2.3005221086312417,-1.4909208023623783,368.23103457340295
222.19606871982478,-73.42679206750486,0.9999999999999992,2.299536957071581,-1.4887685594045017,368.2381287443467
222.23159571229817,-73.4259214846088,0.9999999999999992,2.2985527271376256,-1.4866187449642965,368.2451844285346
222.26711755818718,-73.425049592116,0.9999999999999991,2.2975694191091343,-1.4844713540682264,368.2522016312583
222.3026342645037,-73.4241763855794,0.9999999999999991,2.2965870332557916,-1.4823263817499956,368.2591803578099
222.3381458382157,-73.423301860547,0.999999999999999,2.29560556983726,-1.4801838230505524,368.2661206134812
222.37365228624725,-73.42242601256166,0.9999999999999992,2.2946250291032086,-1.4780436730181243,368.2730224035642
222.4091536154787,-73.42154883716131,0.999999999999999,2.2936454112933102,-1.4759059267081476,368.27988573335085
222.4446498327465,-73.42067032987889,0.9999999999999992,2.292666716637269,-1.4737705791833022,368.28671060813315
222.48014094484324,-73.41979048624238,0.9999999999999991,2.291688945354876,-1.4716376255135835,368.293497033203
222.51562695851774,-73.41890930177482,0.9999999999999993,2.2907120976559625,-1.46950706077617,368.3002450138523
222.55110788047483,-73.41802677199435,0.9999999999999991,2.289736173740522,-1.4673788800555236,368.30695455537295
222.58658371737582,-73.4171428924142,0.9999999999999992,2.2887611737986298,-1.4652530784433857,368.31362566305694
222.62205447583744,-73.41625765854272,0.9999999999999993,2.2877870980105257,-1.4631296510388019,368.32025834219627
222.6575201624333,-73.41537106588342,0.999999999999999,2.2868139465466264,-1.4610085929480228,368.3268525980828
222.69298078369272,-73.414483109935,0.9999999999999992,2.28584171956755,-1.4588898992845856,368.3334084360086
222.72843634610135,-73.41359378619133,0.9999999999999992,2.284870417224109,-1.4567735651693674,368.33992586126544
222.76388685610092,-73.41270309014145,0.9999999999999991,2.283900039657368,-1.4546595857304752,368.34640487914544
222.79933232008923,-73.41181101726973,0.9999999999999991,2.2829305869986527,-1.452547956103281,368.3528454949402
222.8347727444202,-73.4109175630557,0.9999999999999994,2.281962059369569,-1.4504386714305042,368.359247713942
222.87020813540389,-73.41002272297422,0.9999999999999992,2.280994456882034,-1.4483317268621612,368.3656115414427
222.9056384993065,-73.40912649249543,0.9999999999999993,2.2800277796382744,-1.4462271175554875,368.3719369827342
222.94106384235025,-73.40822886708479,0.9999999999999992,2.279062027730884,-1.4441248386751155,368.3782240431084
222.97648417071358,-73.40732984220311,0.9999999999999993,2.278097201242808,-1.4420248853928967,368.38447272785737
223.01189949053096,-73.40642941330651,0.9999999999999993,2.2771333002474083,-1.439927252888058,368.3906830422728
223.04730980789301,-73.40552757584655,0.9999999999999992,2.2761703248084384,-1.4378319363471022,368.39685499164716
223.08271512884636,-73.40462432527016,0.9999999999999992,2.275208274980109,-1.4357389309638364,368.4029885812717
223.11811545939386,-73.4037196570197,0.9999999999999992,2.2742471508070707,-1.4336482319394221,368.40908381643885
223.15351080549436,-73.40281356653298,0.9999999999999992,2.273286952324458,-1.4315598344823144,368.4151407024403
223.1889011730629,-73.4019060492433,0.9999999999999993,2.2723276795579093,-1.429473733808269,368.4211592445681
223.22428656797067,-73.40099710057935,0.9999999999999993,2.271369332523605,-1.4273899251404458,368.4271394481142
223.25966699604453,-73.40008671596541,0.9999999999999994,2.2704119112282157,-1.4253084037092734,368.4330813183706
223.29504246306786,-73.3991748908213,0.9999999999999993,2.269455415669036,-1.4232291647524953,368.43898486062915
223.33041297478007,-73.39826162056232,0.9999999999999992,2.268499845833931,-1.4211522035152804,368.44485008018154
223.36577853687655,-73.3973469005994,0.9999999999999993,2.267545201701365,-1.4190775152500308,368.45067698232026
223.40113915500888,-73.39643072633905,0.9999999999999993,2.266591483240429,-1.4170050952165667,368.45646557233675
223.43649483478464,-73.39551309318334,0.9999999999999993,2.2656386904108974,-1.4149349386820305,368.4622158555231
223.47184558176752,-73.39459399653003,0.9999999999999993,2.264686823163192,-1.412867040920915,368.4679278371715
223.50719140147734,-73.39367343177253,0.9999999999999993,2.2637358814384303,-1.4108013972150957,368.4736015225735
223.54253229938996,-73.39275139429988,0.9999999999999993,2.262785865168464,-1.408738002853731,368.4792369170214
223.57786828093734,-73.39182787949686,0.9999999999999992,2.261836774275869,-1.4066768531334297,368.4848340258069
223.6131993515075,-73.39090288274394,0.9999999999999993,2.260888608673996,-1.4046179433580903,368.4903928542221
223.64852551644455,-73.38997639941735,0.9999999999999994,2.2599413682669667,-1.4025612688390083,368.49591340755893
223.68384678104877,-73.38904842488904,0.9999999999999992,2.258995052949704,-1.4005068248948582,368.501395691109
223.7191631505764,-73.3881189545268,0.9999999999999993,2.2580496626079487,-1.3984546068516543,368.5068397101645
223.75447463023986,-73.38718798369416,0.9999999999999993,2.2571051971183156,-1.3964046100428185,368.51224547001755
223.7897812252076,-73.3862555077505,0.9999999999999994,2.256161656348267,-1.39435682980913,368.5176129759599
223.8250829406042,-73.38532152205104,0.9999999999999994,2.2552190401561525,-1.3923112614987687,368.5229422332834
223.8603797815105,-73.38438602194685,0.9999999999999996,2.2542773483912306,-1.3902679004672684,368.52823324728024
223.89567175296284,-73.38344900278487,0.9999999999999994,2.253336580893695,-1.3882267420776024,368.533486023242
223.93095885995425,-73.38251045990799,0.9999999999999994,2.252396737494692,-1.3861877817000696,368.538700566461
223.96624110743363,-73.38157038865499,0.9999999999999992,2.251457818016336,-1.384151014712426,368.543876882229
224.001518500306,-73.38062878436061,0.9999999999999992,2.2505198222717446,-1.3821164364997571,368.5490149758378
224.0367910434325,-73.37968564235555,0.9999999999999994,2.249582750065054,-1.3800840424545768,368.55411485257974
224.07205874163026,-73.37874095796649,0.9999999999999993,2.248646601191405,-1.3780538279768528,368.55917651774644
224.1073215996727,-73.37779472651613,0.9999999999999993,2.2477113754370297,-1.3760257884738856,368.5641999766297
224.1425796222891,-73.37684694332319,0.9999999999999993,2.2467770725792455,-1.3739999193604007,368.5691852345218
224.17783281416507,-73.37589760370243,0.9999999999999994,2.2458436923864245,-1.3719762160585631,368.5741322967148
224.21308117994215,-73.3749467029647,0.9999999999999993,2.24491123461811,-1.369954673997924,368.57904116850017
224.24832472421812,-73.37399423641698,0.9999999999999994,2.243979699024951,-1.3679352886154597,368.58391185517
224.28356345154674,-73.37304019936225,0.9999999999999993,2.243049085348776,-1.3659180553555643,368.5887443620165
224.31879736643802,-73.37208458709972,0.9999999999999994,2.242119393322593,-1.3639029696700469,368.59353869433124
224.35402647335795,-73.37112739492471,0.9999999999999994,2.241190622670617,-1.3618900270181875,368.59829485740636
224.38925077672872,-73.37016861812872,0.9999999999999996,2.240262773108279,-1.3598792228666454,368.6030128565339
224.42447028092866,-73.36920825199947,0.9999999999999994,2.239335844342273,-1.357870552689505,368.6076926970053
224.45968499029235,-73.36824629182087,0.9999999999999996,2.2384098360705416,-1.3558640119683005,368.61233438411324
224.49489490910995,-73.36728273287305,0.9999999999999993,2.2374847479823217,-1.3538595961920485,368.6169379231491
224.5301000416284,-73.36631757043243,0.9999999999999996,2.236560579758148,-1.3518573008571266,368.6215033194054
224.56530039205037,-73.36535079977169,0.9999999999999996,2.2356373310699222,-1.349857121467405,368.62603057817336
224.60049596453496,-73.36438241615981,0.9999999999999994,2.2347150015808435,-1.347859053534183,368.63051970474527
224.63568676319716,-73.36341241486208,0.9999999999999996,2.2337935909455346,-1.3458630925762058,368.6349707044131
224.67087279210827,-73.36244079114016,0.9999999999999994,2.2328730988099608,-1.3438692341196905,368.6393835824687
224.70605405529565,-73.36146754025204,0.9999999999999998,2.2319535248115194,-1.341877473698272,368.6437583442042
224.7412305567429,-73.3604926574521,0.9999999999999994,2.2310348685790533,-1.3398878068530564,368.6480949949112
224.77640230038963,-73.3595161379911,0.9999999999999996,2.230117129732843,-1.337900229132611,368.6523935398819
224.8115692901318,-73.35853797711627,0.9999999999999994,2.229200307884639,-1.335914736092981,368.6566539844082
224.84673152982143,-73.35755817007123,0.9999999999999996,2.228284402637703,-1.3339313232976444,368.66087633378214
224.8818890232667,-73.35657671209609,0.9999999999999996,2.227369413586791,-1.3319499863175785,368.6650605932955
224.91704177423202,-73.35559359842745,0.9999999999999994,2.226455340318209,-1.329970720731179,368.66920676824003
224.95218978643797,-73.35460882429838,0.9999999999999994,2.2255421824098196,-1.3279935221243626,368.6733148639081
224.98733306356135,-73.35362238493852,0.9999999999999996,2.224629939431047,-1.3260183860905137,368.6773848855913
225.02247160923505,-73.35263427557403,0.9999999999999994,2.223718610942921,-1.324045308230449,368.6814168385819
225.05760542704834,-73.35164449142762,0.9999999999999996,2.2228081964980877,-1.3220742841525315,368.6854107281715
225.09273452054666,-73.35065302771862,0.9999999999999994,2.221898695640844,-1.3201053094725523,368.6893665596522
225.12785889323132,-73.34965987966295,0.9999999999999994,2.220990107907113,-1.3181383798138242,368.69328433831606
225.16297854856023,-73.34866504247313,0.9999999999999997,2.2200824328245172,-1.316173490807131,368.69716406945474
225.19809348994747,-73.34766851135838,0.9999999999999997,2.219175669912378,-1.3142106380907421,368.70100575836057
225.23320372076324,-73.34667028152455,0.9999999999999997,2.2182698186817316,-1.3122498173104091,368.7048094103249
225.2683092443341,-73.3456703481742,0.9999999999999997,2.217364878635351,-1.3102910241194081,368.7085750306403
225.30341006394275,-73.34466870650657,0.9999999999999997,2.2164608492677704,-1.3083342541784937,368.7123026245983
225.3385061828282,-73.34366535171766,0.9999999999999997,2.2155577300652958,-1.3063795031559131,368.71599219749106
225.3735976041857,-73.3426602790002,0.9999999999999997,2.2146555205060476,-1.3044267667274525,368.7196437546104
225.40868433116674,-73.34165348354372,0.9999999999999996,2.213754220059963,-1.3024760405763232,368.7232573012484
225.44376636687915,-73.3406449605345,0.9999999999999998,2.212853828188802,-1.3005273203933392,368.72683284269675
225.47884371438695,-73.33963470515566,0.9999999999999998,2.2119543443462018,-1.2985806018767683,368.73037038424764
225.51391637671054,-73.33862271258714,0.9999999999999996,2.211055767977676,-1.2966358807323886,368.7338699311927
225.54898435682654,-73.3376089780057,0.9999999999999998,2.2101580985206333,-1.2946931526735277,368.7373314888243
225.5840476576679,-73.33659349658505,0.9999999999999997,2.209261335404401,-1.2927524134210024,368.740755062434
225.61910628212388,-73.33557626349572,0.9999999999999997,2.208365478050256,-1.2908136587031258,368.7441406573141
225.6541602330401,-73.3345572739052,0.9999999999999997,2.207470525871436,-1.2888768842557923,368.7474882787562
225.68920951321846,-73.33353652297788,0.9999999999999997,2.2065764782731403,-1.2869420858223926,368.75079793205236
225.7242541254174,-73.33251400587511,0.9999999999999997,2.205683334652596,-1.2850092591537816,368.75406962249457
225.75929407235108,-73.33148971775526,0.9999999999999997,2.2047910943990257,-1.2830784000084456,368.75730335537475
225.7943293566907,-73.33046365377362,0.9999999999999997,2.2038997568937067,-1.2811495041523422,368.76049913598496
225.82935998106356,-73.32943580908253,0.9999999999999996,2.203009321509956,-1.2792225673589783,368.7636569696168
225.8643859480533,-73.32840617883137,0.9999999999999996,2.202119787613208,-1.2772975854094,368.7667768615624
225.89940726019998,-73.3273747581666,0.9999999999999997,2.20123115456097,-1.2753745540921386,368.7698588171139
225.93442392000006,-73.32634154223167,0.9999999999999996,2.200343421702872,-1.273453469203364,368.7729028415629
225.9694359299064,-73.32530652616725,0.9999999999999997,2.1994565883806736,-1.2715343265466892,368.77590894020153
226.00444329232823,-73.324269705111,0.9999999999999996,2.1985706539283214,-1.2696171219333152,368.7788771183217
226.0394460096313,-73.32323107419782,0.9999999999999997,2.1976856176719135,-1.267701851182018,368.78180738121546
226.07444408413758,-73.32219062855971,0.9999999999999997,2.1968014789297694,-1.2657885101190516,368.7846997341744
226.10943751812573,-73.32114836332582,0.9999999999999998,2.195918237012396,-1.263877094578291,368.78755418249085
226.1444263138307,-73.32010427362258,0.9999999999999998,2.1950358912225685,-1.2619676004011247,368.7903707314566
226.1794104734439,-73.31905835457358,0.9999999999999997,2.1941544408553124,-1.260060023436484,368.7931493863636
226.21438999911334,-73.31801060129966,0.9999999999999998,2.1932738851979234,-1.2581543595408924,368.79589015250383
226.24936489294333,-73.31696100891892,0.9999999999999997,2.1923942235300053,-1.2562506045784225,368.79859303516906
226.2843351569948,-73.31590957254674,0.9999999999999998,2.1915154551234473,-1.254348754420679,368.8012580396514
226.31930079328535,-73.31485628729578,0.9999999999999998,2.1906375792425266,-1.2524488049468907,368.8038851712427
226.3542618037885,-73.31380114827606,0.9999999999999998,2.1897605951438326,-1.2505507520437753,368.806474435235
226.38921819043483,-73.3127441505949,0.9999999999999997,2.1888845020763394,-1.2486545916056713,368.80902583692006
226.42416995511132,-73.31168528935696,0.9999999999999998,2.1880092992814504,-1.2467603195344914,368.8115393815901
226.4591170996615,-73.31062455966435,0.9999999999999999,2.1871349859929374,-1.2448679317396554,368.8140150745367
226.49405962588548,-73.30956195661653,0.9999999999999997,2.1862615614370284,-1.2429774241382319,368.8164529210522
226.52899753553987,-73.30849747531038,0.9999999999999997,2.1853890248323875,-1.2410887926548213,368.81885292642835
226.5639308303379,-73.30743111084023,0.9999999999999998,2.184517375390186,-1.239202033221627,368.8212150959569
