galstreams/tracks/track.st.Cetus-New.yuan2021.ecsv
# %ECSV 1.0
# ---
# datatype:
# - {name: ra, unit: deg, datatype: float64}
# - {name: dec, unit: deg, datatype: float64}
# - {name: distance, unit: kpc, datatype: float64}
# - {name: pm_ra_cosdec, unit: mas / yr, datatype: float64}
# - {name: pm_dec, unit: mas / yr, datatype: float64}
# - {name: radial_velocity, unit: km / s, datatype: float64}
# delimiter: ','
# meta: !!omap
# - __serialized_columns__:
#     dec:
#       __class__: astropy.coordinates.angles.Latitude
#       unit: &id001 !astropy.units.Unit {unit: deg}
#       value: !astropy.table.SerializedColumn {name: dec}
#     distance:
#       __class__: astropy.coordinates.distances.Distance
#       unit: !astropy.units.Unit {unit: kpc}
#       value: !astropy.table.SerializedColumn {name: distance}
#     pm_dec:
#       __class__: astropy.units.quantity.Quantity
#       unit: !astropy.units.Unit {unit: mas / yr}
#       value: !astropy.table.SerializedColumn {name: pm_dec}
#     pm_ra_cosdec:
#       __class__: astropy.units.quantity.Quantity
#       unit: !astropy.units.Unit {unit: mas / yr}
#       value: !astropy.table.SerializedColumn {name: pm_ra_cosdec}
#     ra:
#       __class__: astropy.coordinates.angles.Longitude
#       unit: *id001
#       value: !astropy.table.SerializedColumn {name: ra}
#       wrap_angle: !astropy.coordinates.Angle
#         unit: *id001
#         value: 360.0
#     radial_velocity:
#       __class__: astropy.units.quantity.Quantity
#       unit: !astropy.units.Unit {unit: km / s}
#       value: !astropy.table.SerializedColumn {name: radial_velocity}
# schema: astropy-2.0
ra,dec,distance,pm_ra_cosdec,pm_dec,radial_velocity
[from data line 5306]
26.7778927164118,-53.95863056204066,16.882502616232674,2.1075853724269753,1.9873320976158497,2.5262301389617013e-14
26.778272495458268,-53.96875831434969,16.882677833757278,2.1077810986310244,1.9876875775333378,1.6841534259744676e-14
26.778651935200884,-53.978886079500036,16.882854456598082,2.1079768377262025,1.988042853462207,2.5262301389617013e-14
26.77903103513045,-53.98901385750238,16.88303248537214,2.10817258972842,1.9883979252433353,-1.6841534259744676e-14
26.779409794737195,-53.999141648367356,16.883211920696514,2.1083683546536243,1.9887527927175725,1.6841534259744676e-14
26.77978821351078,-54.00926945210567,16.883392763188255,2.1085641325177886,1.9891074557257378,1.6841534259744676e-14
26.780166290940297,-54.019397268728,16.883575013464416,2.1087599233369234,1.9894619141086187,3.368306851948935e-14
26.780544026514246,-54.029525098244974,16.88375867214206,2.1089557271270656,1.9898161677069708,8.420767129872338e-15
26.780921419720578,-54.039652940667295,16.883943739838244,2.1091515439042903,1.9901702163615205,-1.6841534259744676e-14
26.781298470046647,-54.04978079600557,16.884130217170014,2.1093473736847,1.9905240599129623,4.210383564936169e-14
26.781675176979267,-54.059908664270544,16.88431810475444,2.1095432164844294,1.9908776982019596,5.0524602779234026e-14
26.782051540004616,-54.070036545472846,16.884507403208573,2.109739072319647,1.9912311310691444,8.420767129872338e-15
26.782427558608344,-54.08016443962313,16.884698113149472,2.1099349412065522,1.9915843583551172,2.5262301389617013e-14
26.78280323227552,-54.09029234673209,16.884890235194185,2.110130823161378,1.991937379900449,0.0
26.783178560490605,-54.10042026681036,16.88508376995978,2.1103267182003855,1.9922901955456775,0.0
26.783553542737504,-54.110548199868624,16.88527871806331,2.110522626339872,1.9926428051313114,1.6841534259744676e-14
26.783928178499536,-54.12067614591754,16.885475080121832,2.1107185475961665,1.992995208497826,8.420767129872338e-15
26.784302467259437,-54.13080410496778,16.885672856752393,2.110914481985628,1.993347405485666,5.0524602779234026e-14
26.78467640849936,-54.140932077030016,16.885872048572057,2.111110429524649,1.993699395935245,-8.420767129872338e-15
26.785050001700878,-54.15106006211487,16.886072656197882,2.1113063902296516,1.9940511796869442,-8.420767129872338e-15
26.785423246344976,-54.161188060233044,16.88627468024693,2.111502364117095,1.9944027565811129,1.6841534259744676e-14
26.785796141912055,-54.17131607139518,16.88647812133625,2.111698351203466,1.994754126458072,2.5262301389617013e-14
26.786168687881933,-54.181444095611965,16.886682980082895,2.1118943515052875,1.9951052891581078,8.420767129872338e-15
26.786540883733842,-54.19157213289403,16.886889257103928,2.112090365039111,1.995456244521475,8.420767129872338e-15
26.78691272894642,-54.20170018325204,16.887096953016407,2.1122863918215207,1.9958069923883979,2.5262301389617013e-14
26.78728422299771,-54.211828246696676,16.887306068437383,2.112482431869137,1.9961575325990684,2.5262301389617013e-14
26.787655365365193,-54.22195632323859,16.88751660398391,2.1126784851986082,1.9965078649936472,-8.420767129872338e-15
26.788026155525742,-54.23208441288842,16.887728560273057,2.112874551826616,1.996857989412262,1.6841534259744676e-14
26.78839659295564,-54.24221251565683,16.887941937921873,2.113070631769877,1.9972079056950092,3.368306851948935e-14
26.78876667713056,-54.252340631554496,16.888156737547416,2.1132667250451354,1.9975576136819544,8.420767129872338e-15
26.78913640752562,-54.262468760592064,16.888372959766738,2.1134628316691737,1.9979071132131305,8.420767129872338e-15
26.789505783615326,-54.272596902780194,16.8885906051969,2.1136589516588016,1.9982564041285376,0.0
26.78987480487358,-54.282725058129536,16.888809674454954,2.113855085030865,1.9986054862681448,-1.6841534259744676e-14
26.7902434707737,-54.292853226650735,16.88903016815797,2.114051231802238,1.9989543594718877,0.0
26.790611780788414,-54.302981408354476,16.889252086922983,2.1142473919898324,1.9993030235796727,3.368306851948935e-14
26.79097973438983,-54.31310960325138,16.88947543136707,2.1144435656105887,1.9996514784313704,0.0
26.791347331049472,-54.32323781135212,16.88970020210728,2.114639752681482,1.999999723866822,0.0
26.791714570238288,-54.33336603266733,16.889926399760665,2.1148359532195173,2.000347759725834,3.368306851948935e-14
26.79208145142658,-54.34349426720769,16.890154024944287,2.1150321672417363,2.000695585848184,1.6841534259744676e-14
26.79244797408408,-54.35362251498382,16.890383078275196,2.11522839476521,2.0010432020736144,1.6841534259744676e-14
26.792814137679933,-54.36375077600639,16.89061356037046,2.1154246358070408,2.001390608241835,1.6841534259744676e-14
26.793179941682627,-54.373879050286035,16.890845471847125,2.1156208903843687,2.0017378041925253,-1.6841534259744676e-14
26.793545385560098,-54.38400733783342,16.89107881332226,2.115817158514363,2.0020847897653304,0.0
26.793910468779657,-54.394135638659165,16.891313585412906,2.116013440214225,2.0024315647998647,-1.6841534259744676e-14
26.79427519080802,-54.40426395277395,16.89154978873613,2.116209735501193,2.0027781291357085,0.0
26.794639551111285,-54.41439228018839,16.89178742390898,2.116406044392532,2.00312448261241,1.6841534259744676e-14
26.795003549154956,-54.424520620913164,16.892026491548524,2.116602366905544,2.0034706250694847,-1.6841534259744676e-14
26.795367184403904,-54.43464897495887,16.892266992271807,2.116798703057562,2.003816556346416,-1.6841534259744676e-14
26.795730456322424,-54.44477734233618,16.892508926695896,2.1169950528659527,2.0041622762826528,3.368306851948935e-14
26.796093364374194,-54.45490572305574,16.892752295437845,2.1171914163481147,2.0045077847176134,5.0524602779234026e-14
26.796455908022267,-54.465034117128184,16.8929970991147,2.117387793521482,2.004853081490683,1.6841534259744676e-14
26.796818086729076,-54.475162524564155,16.893243338343535,2.117584184403518,2.0051981664412097,0.0
26.7971798999565,-54.48529094537428,16.89349101374139,2.1177805890117196,2.0055430394085163,1.6841534259744676e-14
26.79754134716571,-54.49541937956921,16.893740125925337,2.1179770073636197,2.0058877002318862,0.0
26.79790242781736,-54.505547827159575,16.893990675512423,2.1181734394767804,2.006232148750572,0.0
26.79826314137143,-54.51567628815603,16.894242663119705,2.1183698853687987,2.006576384803794,0.0
26.7986234872873,-54.525804762569166,16.89449608936424,2.118566345057305,2.0069204082307395,3.368306851948935e-14
26.798983465023724,-54.53593325040966,16.894750954863085,2.1187628185599605,2.0072642188705596,1.6841534259744676e-14
26.79934307403886,-54.54606175168813,16.895007260233303,2.1189593058944616,2.0076078165623743,-3.368306851948935e-14
26.799702313790245,-54.55619026641522,16.89526500609194,2.119155807078537,2.007951201145274,1.6841534259744676e-14
26.800061183734755,-54.56631879460152,16.895524193056062,2.119352322129948,2.0082943724583076,1.6841534259744676e-14
26.80041968332871,-54.57644733625771,16.895784821742716,2.1195488510664897,2.008637330340498,3.368306851948935e-14
26.80077781202776,-54.58657589139439,16.896046892768965,2.11974539390599,2.0089800746308315,3.368306851948935e-14
26.80113556928695,-54.59670446002221,16.89631040675187,2.1199419506663113,2.0093226051682604,0.0
26.801492954560707,-54.60683304215176,16.896575364308475,2.120138521365347,2.0096649217917064,1.6841534259744676e-14
26.80184996730283,-54.61696163779371,16.896841766055847,2.120335106021023,2.0100070243400547,0.0
26.80220660696647,-54.62709024695863,16.897109612611036,2.120531704651302,2.0103489126521574,3.368306851948935e-14
26.802562873004188,-54.6372188696572,16.897378904591108,2.1207283172741787,2.0106905865668345,-1.6841534259744676e-14
26.802918764867922,-54.6473475059,16.897649642613104,2.1209249439076787,2.0110320459228723,0.0
26.803274282008935,-54.65747615569767,16.8979218272941,2.1211215845698614,2.0113732905590203,3.368306851948935e-14
26.803629423877904,-54.667604819060834,16.898195459251138,2.121318239278822,2.011714320313998,0.0
26.803984189924858,-54.67773349600008,16.898470539101275,2.12151490805269,2.012055135026489,1.6841534259744676e-14
26.804338579599207,-54.687862186526054,16.898747067461578,2.121711590909622,2.0123957345351426,0.0
26.80469259234971,-54.697990890649365,16.899025044949095,2.121908287867813,2.0127361186785766,-1.6841534259744676e-14
26.805046227624523,-54.70811960838062,16.89930447218088,2.122104998945492,2.0130762872953736,0.0
26.805399484871135,-54.71824833973043,16.899585349774004,2.1223017241609163,2.0134162402240805,1.6841534259744676e-14
26.805752363536428,-54.728377084709415,16.899867678345508,2.122498463532384,2.0137559773032128,0.0
26.806104863066636,-54.73850584332818,16.900151458512457,2.122695217078219,2.01409549837125,1.6841534259744676e-14
26.806456982907367,-54.74863461559735,16.900436690891908,2.122891984816786,2.014434803266638,0.0
26.806808722503582,-54.7587634015275,16.900723376100906,2.123088766766477,2.0147738918277907,1.6841534259744676e-14
26.807160081299596,-54.768892201129255,16.901011514756522,2.1232855629457217,2.0151127638930824,1.6841534259744676e-14
26.807511058739095,-54.77902101441321,16.901301107475813,2.123482373372979,2.015451419300858,1.6841534259744676e-14
26.807861654265146,-54.78914984138999,16.901592154875825,2.123679198066748,2.015789857889428,0.0
26.808211867320143,-54.79927868207018,16.90188465757362,2.123876037045555,2.0161280794970646,1.6841534259744676e-14
26.808561697345844,-54.80940753646438,16.902178616186255,2.1240728903279646,2.01646608396201,1.6841534259744676e-14
26.808911143783376,-54.819536404583175,16.902474031330776,2.1242697579325704,2.0168038711224687,0.0
26.809260206073215,-54.829665286437184,16.90277090362426,2.1244666398780043,2.0171414408166117,1.6841534259744676e-14
26.809608883655198,-54.839794182037,16.903069233683745,2.12466353618293,2.017478792882576,1.6841534259744676e-14
26.80995717596851,-54.84992309139321,16.903369022126302,2.1248604468660437,2.0178159271584635,1.6841534259744676e-14
26.810305082451695,-54.86005201451639,16.903670269568977,2.125057371946077,2.0181528434823424,3.368306851948935e-14
26.810652602542635,-54.87018095141717,16.90397297662883,2.1252543114417937,2.0184895416922424,-1.6841534259744676e-14
26.810999735678582,-54.8803099021061,16.904277143922926,2.1254512653719932,2.0188260216261633,1.6841534259744676e-14
26.811346481296138,-54.89043886659378,16.904582772068306,2.1256482337555105,2.0191622831220695,3.368306851948935e-14
26.811692838831238,-54.90056784489082,16.904889861682037,2.1258452166112067,2.0194983260178865,0.0
26.81203880771918,-54.910696837007784,16.905198413381168,2.1260422139579864,2.0198341501515085,-1.6841534259744676e-14
26.812384387394605,-54.920825842955225,16.90550842778277,2.12623922581478,2.0201697553607927,5.0524602779234026e-14
26.8127295772915,-54.930954862743775,16.905819905503883,2.1264362522005595,2.0205051414835635,0.0
26.813074376843183,-54.941083896383994,16.906132847161572,2.126633293134325,2.0208403083576076,0.0
26.813418785482366,-54.95121294388646,16.906447253372892,2.1268303486351123,2.0211752558206806,-3.368306851948935e-14
26.81376280264104,-54.96134200526172,16.906763124754903,2.12702741872199,2.0215099837104957,-1.6841534259744676e-14
26.814106427750588,-54.97147108052039,16.907080461924654,2.1272245034140647,2.0218444918647416,0.0
26.814449660241703,-54.981600169673015,16.907399265499212,2.127421602730471,2.022178780121059,1.6841534259744676e-14
26.814792499544442,-54.99172927273018,16.90771953609562,2.1276187166903844,2.022512848317065,1.6841534259744676e-14
26.815134945088186,-55.001858389702456,16.90804127433095,2.1278158453130085,2.0228466962903324,0.0
26.815476996301662,-55.011987520600385,16.90836448082225,2.1280129886175847,2.023180323878405,0.0
26.815818652612936,-55.02211666543456,16.908689156186576,2.1282101466233865,2.023513730918788,3.368306851948935e-14
26.816159913449408,-55.03224582421553,16.909015301040984,2.128407319349723,2.02384691724895,-1.6841534259744676e-14
26.816500778237824,-55.042374996953875,16.909342916002533,2.128604506815937,2.0241798827063286,3.368306851948935e-14
26.81684124640423,-55.05250418366012,16.90967200168828,2.1288017090414053,2.0245126271283205,1.6841534259744676e-14
26.817181317374043,-55.062633384344835,16.91000255871528,2.1289989260455378,2.024845150352288,1.6841534259744676e-14
26.817520990572007,-55.07276259901859,16.910334587700596,2.1291961578477796,2.0251774522155603,0.0
26.817860265422187,-55.08289182769192,16.91066808926127,2.1293934044676135,2.0255095325554304,5.0524602779234026e-14
26.81819914134798,-55.09302107037539,16.911003064014377,2.12959066592455,2.0258413912091515,1.6841534259744676e-14
26.81853761777213,-55.10315032707955,16.911339512576962,2.1297879422381385,2.026173028013946,3.368306851948935e-14
26.81887569411668,-55.11327959781494,16.91167743556608,2.129985233427962,2.0265044428069965,-1.6841534259744676e-14
26.819213369803023,-55.123408882592095,16.91201683359879,2.130182539513637,2.0268356354254524,1.6841534259744676e-14
26.819550644251876,-55.13353818142159,16.91235770729216,2.130379860514815,2.027166605706425,1.6841534259744676e-14
26.819887516883274,-55.14366749431394,16.91270005726323,2.1305771964511813,2.0274973534869907,1.6841534259744676e-14
26.82022398711659,-55.15379682127968,16.91304388412906,2.1307745473424573,2.0278278786041897,1.6841534259744676e-14
26.82056005437049,-55.16392616232936,16.913389188506716,2.130971913208395,2.028158180895025,-1.6841534259744676e-14
26.820895718063014,-55.174055517473526,16.91373597101325,2.131169294068787,2.028488260196466,0.0
26.821230977611485,-55.18418488672268,16.91408423226571,2.1313666899434547,2.0288181163454415,-1.6841534259744676e-14
26.821565832432558,-55.19431427008739,16.914433972881167,2.1315641008522572,2.0291477491788488,3.368306851948935e-14
26.821900281942188,-55.20444366757815,16.914785193476664,2.131761526815087,2.0294771585335445,1.6841534259744676e-14
26.822234325555694,-55.214573079205515,16.915137894669265,2.1319589678518716,2.029806344246353,-1.6841534259744676e-14
26.822567962687668,-55.22470250497999,16.915492077076028,2.1321564239825737,2.0301353061540572,-1.6841534259744676e-14
26.822901192752045,-55.23483194491209,16.915847741314007,2.132353895227188,2.030464044093407,1.6841534259744676e-14
26.82323401516207,-55.244961399012354,16.916204888000255,2.132551381605747,2.0307925579011155,5.0524602779234026e-14
26.823566429330285,-55.2550908672913,16.91656351775184,2.1327488831383166,2.0311208474138582,0.0
26.823898434668582,-55.26522034975943,16.916923631185803,2.132946399844997,2.0314489124682753,1.6841534259744676e-14
26.82423003058813,-55.27534984642727,16.917285228919212,2.133143931745925,2.031776752900967,1.6841534259744676e-14
26.824561216499436,-55.28547935730533,16.917648311569124,2.133341478861269,2.0321043685485014,3.368306851948935e-14
26.824891991812283,-55.295608882404096,16.918012879752585,2.133539041211236,2.0324317592474053,1.6841534259744676e-14
26.825222355935807,-55.305738421734084,16.91837893408666,2.1337366188160627,2.0327589248341713,1.6841534259744676e-14
26.82555230827842,-55.315867975305814,16.91874647518841,2.133934211696027,2.0330858651452535,1.6841534259744676e-14
26.825881848247864,-55.32599754312978,16.919115503674877,2.1341318198714356,2.0334125800170706,0.0
26.826210975251165,-55.33612712521648,16.91948602016313,2.1343294433626356,2.0337390692860025,1.6841534259744676e-14
26.826539688694673,-55.3462567215764,16.919858025270226,2.1345270821900035,2.034065332788394,1.6841534259744676e-14
26.826867987984024,-55.35638633222003,16.92023151961321,2.1347247363739563,2.0343913703605505,1.6841534259744676e-14
26.82719587252418,-55.36651595715789,16.92060650380915,2.1349224059349408,2.034717181838743,1.6841534259744676e-14
26.827523341719374,-55.376645596400444,16.920982978475095,2.1351200908934427,2.035042767059201,0.0
26.827850394973183,-55.38677524995819,16.921360944228113,2.1353177912699794,2.03536812585812,0.0
