galstreams/tracks/track.st.GD-1.pricewhelan2018.ecsv
# %ECSV 1.0
# ---
# datatype:
# - {name: ra, unit: deg, datatype: float64}
# - {name: dec, unit: deg, datatype: float64}
# - {name: distance, unit: kpc, datatype: float64}
# - {name: pm_ra_cosdec, unit: mas / yr, datatype: float64}
# - {name: pm_dec, unit: mas / yr, datatype: float64}
# - {name: radial_velocity, unit: km / s, datatype: float64}
# delimiter: ','
# meta: !!omap
# - __serialized_columns__:
#     dec:
#       __class__: astropy.coordinates.angles.Latitude
#       unit: &id001 !astropy.units.Unit {unit: deg}
#       value: !astropy.table.SerializedColumn {name: dec}
#     distance:
#       __class__: astropy.coordinates.distances.Distance
#       unit: !astropy.units.Unit {unit: kpc}
#       value: !astropy.table.SerializedColumn {name: distance}
#     pm_dec:
#       __class__: astropy.units.quantity.Quantity
#       unit: !astropy.units.Unit {unit: mas / yr}
#       value: !astropy.table.SerializedColumn {name: pm_dec}
#     pm_ra_cosdec:
#       __class__: astropy.units.quantity.Quantity
#       unit: !astropy.units.Unit {unit: mas / yr}
#       value: !astropy.table.SerializedColumn {name: pm_ra_cosdec}
#     ra:
#       __class__: astropy.coordinates.angles.Longitude
#       unit: *id001
#       value: !astropy.table.SerializedColumn {name: ra}
#       wrap_angle: !astropy.coordinates.Angle
#         unit: *id001
#         value: 360.0
#     radial_velocity:
#       __class__: astropy.units.quantity.Quantity
#       unit: !astropy.units.Unit {unit: km / s}
#       value: !astropy.table.SerializedColumn {name: radial_velocity}
# schema: astropy-2.0
ra,dec,distance,pm_ra_cosdec,pm_dec,radial_velocity
[from data line 8525]
192.02536526608623,57.400643971281,9.771183762003732,-8.273126805919132,-5.283190706500049,1.3214928796854037e-08
192.04332691812783,57.4032732634531,9.771683801438547,-8.273532625046753,-5.28033348503833,1.3214322501620685e-08
192.06129125145563,57.405899829349856,9.772183840873366,-8.27393798431722,-5.277476163642972,1.3213530949510478e-08
192.0792582638775,57.408523668420706,9.772683880308184,-8.274342883611503,-5.274618742957606,1.3212789922003049e-08
192.09722795319863,57.411144780115634,9.773183919743007,-8.274747322811063,-5.271761223626228,1.321213310216692e-08
192.11520031722216,57.41376316388534,9.773683959177824,-8.275151301797909,-5.26890360629309,1.3211459440796529e-08
192.1331753537487,57.41637881918103,9.774183998612642,-8.275554820454557,-5.266045891602802,1.3210701571754842e-08
192.15115306057655,57.41899174545457,9.774684038047463,-8.275957878664041,-5.263188080200253,1.3210027910384451e-08
192.16913343550186,57.42160194215849,9.77518407748228,-8.276360476309954,-5.260330172730636,1.3209236358274242e-08
192.18711647631815,57.42420940874578,9.775684116917098,-8.276762613276363,-5.257472169839479,1.3208596379972372e-08
192.2051021808167,57.42681414467015,9.77618415635192,-8.277164289447889,-5.254614072172616,1.3207855352464945e-08
192.22309054678655,57.429416149385915,9.77668419578674,-8.27756550470968,-5.251755880376169,1.3207232215697334e-08
192.24108157201445,57.43201542234801,9.777184235221558,-8.27796625894742,-5.248897595096556,1.3206457505121386e-08
192.25907525428465,57.434611963011925,9.777684274656375,-8.278366552047297,-5.246039216980542,1.3205783843750995e-08
192.277071591379,57.43720577083379,9.778184314091195,-8.278766383896036,-5.243180746675181,1.3204941767038008e-08
192.29507058107725,57.43979684527035,9.778684353526016,-8.279165754380902,-5.2403221848278205,1.3204318630270398e-08
192.3130722211569,57.44238518577903,9.779184392960833,-8.279564663389689,-5.237463532086106,1.3203594444297229e-08
192.33107650939272,57.44497079181776,9.779684432395653,-8.27996311081072,-5.2346047890980145,1.32028534167898e-08
192.3490834435574,57.44755366284514,9.780184471830472,-8.280361096532832,-5.231745956511828,1.320219659695367e-08
192.36709302142134,57.45013379832037,9.780684511265292,-8.28075862044542,-5.228887034976093,1.320150609404902e-08
192.38510524075267,57.452711197703366,9.78118455070011,-8.28115568243842,-5.226028025139684,1.3200714541938812e-08
192.403120099317,57.45528586045451,9.781684590134931,-8.28155228240227,-5.223168927651782,1.3200007197499903e-08
192.42113759487756,57.457857786034864,9.782184629569748,-8.281948420227963,-5.220309743161878,1.3199333536129514e-08
192.43915772519557,57.46042697390615,9.782684669004567,-8.282344095807023,-5.217450472319738,1.3198693557827644e-08
192.45718048802988,57.46299342353072,9.783184708439386,-8.282739309031532,-5.214591115775419,1.3197868322648916e-08
192.47520588113662,57.46555713437143,9.783684747874206,-8.28313405979407,-5.211731674179333,1.3197194661278526e-08
192.49323390227022,57.46811810589189,9.784184787309025,-8.283528347987797,-5.208872148182125,1.3196487316839617e-08
192.5112645491822,57.47067633755626,9.784684826743844,-8.28392217350638,-5.206012538434797,1.3195678923195148e-08
192.5292978196222,57.47323182882937,9.785184866178664,-8.284315536244051,-5.203152845588599,1.3195038944893278e-08
192.54733371133725,57.475784579176626,9.785684905613483,-8.284708436095567,-5.20029307029513,1.319426423431733e-08
192.5653722220724,57.478334588064094,9.786184945048303,-8.285100872956233,-5.19743321320623,1.3193691622152499e-08
192.58341334956998,57.480881854958426,9.78668498448312,-8.285492846721894,-5.194573274974084,1.3193001119247849e-08
192.6014570915704,57.48342637932701,9.78718502391794,-8.285884357288955,-5.191713256251132,1.3192192725603381e-08
192.61950344581146,57.485968160637675,9.78768506335276,-8.286275404554328,-5.188853157690156,1.319160327190429e-08
192.63755241002892,57.488507198359095,9.78818510278758,-8.286665988415514,-5.185992979944176,1.3190794878259822e-08
192.6556039819559,57.491043491960376,9.788685142222397,-8.287056108770528,-5.183132723666568,1.3190154899957952e-08
192.67365815932365,57.493577040911404,9.789185181657217,-8.287445765517953,-5.180272389510938,1.3189380189382004e-08
192.69171493986065,57.496107844682605,9.789685221092038,-8.287834958556902,-5.177411978131245,1.3188639161874576e-08
192.70977432129345,57.498635902745065,9.790185260526858,-8.288223687787047,-5.174551490181704,1.3187898134367147e-08
192.7278363013462,57.50116121457051,9.790685299961675,-8.288611953108619,-5.17169092631682,1.3187291839133795e-08
192.7459008777407,57.50368377963131,9.791185339396494,-8.28899975442238,-5.1688302871914,1.3186533970092107e-08
192.7639680481963,57.506203597400415,9.791685378831314,-8.289387091629635,-5.165969573460567,1.3185860308721718e-08
192.78203781043032,57.50872066735146,9.792185418266133,-8.289773964632273,-5.16310878577969,1.3185136122748548e-08
192.80011016215786,57.511234988958726,9.792685457700955,-8.290160373332723,-5.160247924804436,1.3184462461378159e-08
192.8181851010914,57.51374656169709,9.79318549713577,-8.290546317633963,-5.1573869911907835,1.318372143387073e-08
192.8362626249412,57.516255385042044,9.793685536570592,-8.290931797439503,-5.154525985595001,1.31830646140346e-08
192.85434273141544,57.518761458469804,9.794185576005413,-8.291316812653449,-5.151664908673615,1.3182222537321613e-08
192.87242541821996,57.521264781457155,9.79468561544023,-8.291701363180444,-5.148803761083452,1.3181666766691041e-08
192.89051068305815,57.52376535348155,9.795185654875052,-8.29208544892569,-5.145942543481629,1.3180824689978054e-08
192.90859852363113,57.526263174021025,9.795685694309867,-8.29246906979493,-5.143081256525573,1.3180201553210444e-08
192.92668893763786,57.52875824255436,9.796185733744686,-8.292852225694487,-5.140219900872955,1.3179426842634496e-08
192.94478192277512,57.53125055856093,9.79668577317951,-8.293234916531233,-5.137358477181734,1.3178770022798364e-08
192.96287747673713,57.5337401215207,9.797185812614329,-8.293617142212613,-5.134496986110185,1.3178012153756676e-08
192.98097559721592,57.536226930914296,9.797685852049147,-8.293998902646607,-5.131635428316859,1.3177304809317767e-08
192.9990762819013,57.53871098622307,9.798185891483964,-8.29438019774177,-5.128773804460572,1.3176580623344598e-08
193.01717952848094,57.54119228692893,9.798685930918785,-8.294761027407237,-5.125912115200416,1.3175906961974208e-08
193.03528533463984,57.54367083251445,9.799185970353607,-8.295141391552669,-5.123050361195805,1.3175266983672338e-08
193.0533936980612,57.54614662246289,9.799686009788426,-8.295521290088326,-5.120188543106386,1.317452595616491e-08
193.0715046164255,57.54861965625809,9.800186049223246,-8.295900722925005,-5.117326661592135,1.317375124558896e-08
193.08961808741134,57.551089933384596,9.800686088658065,-8.296279689974087,-5.114464717313263,1.3173077584218572e-08
193.10773410869473,57.55355745332754,9.801186128092885,-8.296658191147511,-5.111602710930302,1.3172370239779663e-08
193.12585267794972,57.55602221557277,9.801686167527702,-8.297036226357795,-5.108740643104021,1.3171696578409272e-08
193.1439737928477,57.55848421960676,9.802186206962523,-8.297413795517988,-5.105878514495509,1.3170888184764804e-08
193.16209745105826,57.5609434649166,9.802686246397341,-8.297790898541765,-5.103016325766095,1.3170248206462934e-08
193.18022365024828,57.563399950990046,9.80318628583216,-8.298167535343316,-5.1001540775774235,1.3169625069695324e-08
193.1983523880828,57.56585367731558,9.80368632526698,-8.298543705837435,-5.0972917705913705,1.3168816676050856e-08
193.2164836622242,57.568304643382184,9.8041863647018,-8.29891940993947,-5.094429405470136,1.3168075648543427e-08
193.2346174703329,57.57075284867966,9.804686404136623,-8.299294647565356,-5.091566982876152,1.3167435670241557e-08
193.25275381006685,57.573198292698336,9.80518644357144,-8.299669418631586,-5.088704503472168,1.3166627276597088e-08
193.27089267908198,57.575640974929264,9.805686483006259,-8.300043723055232,-5.085841967921163,1.316600413982948e-08
193.28903407503168,57.57808089486413,9.80618652244108,-8.300417560753939,-5.082979376886431,1.316527995385631e-08
193.3071779955674,57.580518051995284,9.8066865618759,-8.300790931645933,-5.080116731031502,1.316458945095166e-08
193.325324438338,57.5829524458157,9.80718660131072,-8.301163835649998,-5.077254031020214,1.3163865264978491e-08
193.34347340099032,57.58538407581905,9.807686640745539,-8.301536272685519,-5.07439127751665,1.3163124237471062e-08
193.36162488116904,57.58781294149967,9.80818668018036,-8.301908242672445,-5.071528471185159,1.3162450576100673e-08
193.3797788765163,57.59023904235251,9.808686719615176,-8.302279745531308,-5.068665612690394,1.3161827439333062e-08
193.3979353846721,57.59266237787319,9.809186759049995,-8.302650781183196,-5.06580270269726,1.3161052728757114e-08
193.41609440327434,57.595082947558026,9.809686798484817,-8.303021349549807,-5.062939741870922,1.3160345384318205e-08
193.43425592995862,57.59750075090397,9.810186837919634,-8.303391450553418,-5.060076730876812,1.3159722247550594e-08
193.45241996235822,57.59991578740865,9.810686877354456,-8.30376108411687,-5.057213670380645,1.3158981220043165e-08
193.47058649810407,57.60232805657032,9.811186916789275,-8.304130250163583,-5.054350561048413,1.3158172826398697e-08
193.48875553482512,57.60473755788792,9.811686956224095,-8.304498948617578,-5.0514874035463535,1.3157583372699606e-08
193.5069270701481,57.607144290861086,9.812186995658914,-8.304867179403459,-5.048624198540958,1.3156892869794956e-08
193.52510110169723,57.60954825499008,9.812687035093736,-8.305234942446397,-5.045760946699011,1.3156151842287529e-08
193.5432776270946,57.611949449775814,9.813187074528557,-8.305602237672161,-5.042897648687571,1.3155427656314358e-08
193.56145664396018,57.6143478747199,9.813687113963375,-8.305969065007101,-5.040034305173929,1.315472031187545e-08
193.57963814991177,57.61674352932463,9.814187153398196,-8.30633542437816,-5.037170916825637,1.3154097175107839e-08
193.5978221425647,57.61913641309293,9.814687192833015,-8.30670131571287,-5.034307484310542,1.315332246453189e-08
193.61600861953212,57.62152652552836,9.815187232267835,-8.307066738939326,-5.0314440082967495,1.3152598278558722e-08
193.63419757842507,57.62391386613526,9.815687271702652,-8.307431693986238,-5.0285804894526045,1.3151907775654072e-08
193.65238901685245,57.62629843441855,9.816187311137474,-8.307796180782915,-5.025716928446706,1.3151217272749423e-08
193.67058293242064,57.62868022988381,9.816687350572295,-8.308160199259216,-5.022853325947956,1.3150509928310514e-08
193.68877932273412,57.631059252037396,9.817187390007113,-8.308523749345643,-5.019989682625473,1.3149853108474384e-08
193.70697818539486,57.6334355003862,9.817687429441934,-8.30888683097324,-5.017125999148673,1.3149179447103994e-08
193.72517951800293,57.63580897443789,9.818187468876753,-8.309249444073686,-5.014262276187183,1.3148421578062305e-08
193.7433833181558,57.63817967370073,9.818687508311573,-8.309611588579214,-5.011398514410943,1.3147781599760435e-08
193.76158958344917,57.64054759768376,9.819187547746393,-8.309973264422698,-5.008534714490096,1.3146956364581707e-08
193.77979831147604,57.64291274589656,9.819687587181212,-8.310334471537555,-5.005670877095102,1.3146350069348357e-08
193.7980094998277,57.64527511784951,9.82018762661603,-8.310695209857853,-5.002807002896605,1.3145625883375187e-08
193.8162231460928,57.64763471305358,9.820687666050851,-8.311055479318195,-4.999943092565576,1.3145019588141837e-08
193.83443924785817,57.649991531020476,9.821187705485674,-8.311415279853849,-4.997079146773178,1.3144295402168667e-08
193.852657802708,57.65234557126256,9.821687744920494,-8.311774611400624,-4.9942151661908865,1.3143537533126979e-08
193.87087880822472,57.65469683329284,9.822187784355314,-8.312133473894963,-4.991351151490372,1.314288071329085e-08
193.88910226198814,57.65704531662505,9.822687823790133,-8.312491867273891,-4.988487103343618,1.314212284424916e-08
193.90732816157626,57.65939102077359,9.823187863224954,-8.312849791475047,-4.985623022422811,1.3141364975207472e-08
193.92555650456472,57.661733945253516,9.823687902659772,-8.313207246436669,-4.982758909400397,1.3140758679974122e-08
193.9437872885269,57.66407408958063,9.824187942094593,-8.313564232097582,-4.979894764949092,1.3139933444795394e-08
193.9620205110339,57.6664114532713,9.824687981529413,-8.313920748397218,-4.9770305897418705,1.3139343991096302e-08
193.98025616965484,57.6687460358427,9.825188020964234,-8.314276795275635,-4.974166384451921,1.3138569280520354e-08
193.99849426195672,57.67107783681265,9.825688060399054,-8.314632372673483,-4.9713021497526935,1.3137912460684225e-08
194.01673478550407,57.6734068556996,9.826188099833873,-8.314987480532006,-4.968437886317896,1.3137255640848095e-08
194.03497773785924,57.67573309202272,9.826688139268693,-8.315342118793062,-4.965573594821496,1.3136548296409185e-08
194.05322311658267,57.6780565453019,9.827188178703512,-8.315696287399115,-4.962709275937681,1.3135857793504536e-08
194.07147091923252,57.68037721505768,9.827688218138332,-8.316049986293255,-4.959844930340872,1.3135150449065626e-08
194.0897211433646,57.682695100811316,9.828188257573153,-8.316403215419147,-4.956980558705783,1.3134426263092457e-08
194.1079737865326,57.68501020208466,9.828688297007973,-8.316755974721085,-4.954116161707351,1.313365155251651e-08
194.1262288462881,57.68732251840036,9.829188336442792,-8.317108264143963,-4.95125174002075,1.3133078940351678e-08
194.1444863201806,57.68963204928175,9.829688375877613,-8.31746008363331,-4.948387294321384,1.313230422977573e-08
194.16274620575726,57.69193879425278,9.830188415312435,-8.31781143313524,-4.945522825284928,1.3131596885336821e-08
194.18100850056294,57.694242752838115,9.830688454747255,-8.318162312596483,-4.942658333587308,1.3130906382432171e-08
194.19927320214063,57.696543924563144,9.831188494182074,-8.318512721964389,-4.939793819904655,1.313024956259604e-08
194.21754030803115,57.69884230895396,9.831688533616894,-8.318862661186932,-4.936929284913348,1.3129508535088612e-08
194.23580981577274,57.70113790553725,9.832188573051713,-8.319212130212666,-4.93406472929004,1.3128902239855261e-08
194.25408172290201,57.70343071384054,9.832688612486535,-8.31956112899081,-4.931200153711571,1.3128161212347833e-08
194.27235602695293,57.7057207333919,9.833188651921354,-8.319909657471143,-4.92833555885508,1.3127521234045961e-08
194.29063272545773,57.70800796372022,9.833688691356175,-8.32025771560411,-4.925470945397882,1.3126830731141313e-08
194.3089118159461,57.710292404355,9.834188730790993,-8.320605303340745,-4.922606314017589,1.3126123386702402e-08
194.32719329594588,57.712574054826504,9.834688770225814,-8.320952420632716,-4.9197416653919905,1.3125432883797754e-08
194.34547716298246,57.714852914665606,9.835188809660636,-8.321299067432285,-4.916877000199168,1.3124708697824584e-08
194.3637634145794,57.71712898340399,9.835688849095455,-8.321645243692373,-4.914012319117394,1.3124001353385675e-08
194.38205204825778,57.719402260573915,9.836188888530275,-8.32199094936648,-4.911147622825213,1.3123310850481025e-08
194.40034306153686,57.72167274570845,9.836688927965096,-8.32233618440876,-4.9082829120013605,1.3122620347576376e-08
194.41863645193337,57.72394043834129,9.837188967399916,-8.322680948773968,-4.905418187324857,1.3121946686205987e-08
194.43693221696228,57.72620533800688,9.837689006834736,-8.3230252424175,-4.9025534494749,1.3121256183301337e-08
194.45523035413606,57.7284674442403,9.838189046269557,-8.323369065295354,-4.899688699130971,1.3120515155793908e-08
194.47353086096538,57.730726756577425,9.838689085704374,-8.32371241736418,-4.896823936972741,1.3119841494423519e-08
194.49183373495842,57.73298327455473,9.839189125139196,-8.32405529858121,-4.893959163680146,1.311913414998461e-08
194.51013897362154,57.7352369977095,9.839689164574017,-8.32439770890436,-4.891094379933314,1.311844364707996e-08
