galstreams/tracks/track.st.Gaia-11.ibata2021.ecsv
# %ECSV 1.0
# ---
# datatype:
# - {name: ra, unit: deg, datatype: float64}
# - {name: dec, unit: deg, datatype: float64}
# - {name: distance, unit: kpc, datatype: float64}
# - {name: pm_ra_cosdec, unit: mas / yr, datatype: float64}
# - {name: pm_dec, unit: mas / yr, datatype: float64}
# - {name: radial_velocity, unit: km / s, datatype: float64}
# delimiter: ','
# meta: !!omap
# - __serialized_columns__:
#     dec:
#       __class__: astropy.coordinates.angles.Latitude
#       unit: &id001 !astropy.units.Unit {unit: deg}
#       value: !astropy.table.SerializedColumn {name: dec}
#     distance:
#       __class__: astropy.coordinates.distances.Distance
#       unit: !astropy.units.Unit {unit: kpc}
#       value: !astropy.table.SerializedColumn {name: distance}
#     pm_dec:
#       __class__: astropy.units.quantity.Quantity
#       unit: !astropy.units.Unit {unit: mas / yr}
#       value: !astropy.table.SerializedColumn {name: pm_dec}
#     pm_ra_cosdec:
#       __class__: astropy.units.quantity.Quantity
#       unit: !astropy.units.Unit {unit: mas / yr}
#       value: !astropy.table.SerializedColumn {name: pm_ra_cosdec}
#     ra:
#       __class__: astropy.coordinates.angles.Longitude
#       unit: *id001
#       value: !astropy.table.SerializedColumn {name: ra}
#       wrap_angle: !astropy.coordinates.Angle
#         unit: *id001
#         value: 360.0
#     radial_velocity:
#       __class__: astropy.units.quantity.Quantity
#       unit: !astropy.units.Unit {unit: km / s}
#       value: !astropy.table.SerializedColumn {name: radial_velocity}
# schema: astropy-2.0
ra,dec,distance,pm_ra_cosdec,pm_dec,radial_velocity
[from data line 1151]
273.09438765038,37.846178495744766,12.536556917235512,-4.002620738570461,4.508241582124451,1000.0000000000008
273.0987407350563,37.83678300003074,12.537071677156014,-4.00186505518812,4.50812234623542,1000.0000000000008
273.10309328763026,37.827387509053615,12.537586885782542,-4.001109358507232,4.508004128821787,1000.0000000000006
273.10744530814645,37.81799202272952,12.53810254617578,-4.000353649008311,4.507886929874429,1000.0000000000009
273.11179679664957,37.80859654097464,12.538618661396415,-3.9995979271720166,4.5077707493843535,1000.0000000000006
273.116147753184,37.7992010637052,12.539135234505128,-3.998842193479068,4.507655587342669,1000.0000000000006
273.1204981777944,37.789805590837474,12.539652268562605,-3.998086448410322,4.5075414437405925,1000.0000000000006
273.12484807052493,37.78041012228777,12.540169766629537,-3.9973306924467114,4.507428318569449,1000.0000000000007
273.1291974314201,37.77101465797246,12.5406877317666,-3.9965749260693055,4.507316211820692,1000.0000000000008
273.1335462605241,37.76161919780794,12.541206167034488,-3.9958191497592477,4.50720512348587,1000.0000000000007
273.137894557881,37.75222374171066,12.54172507549388,-3.9950633639977813,4.507095053556642,1000.0000000000007
273.14224232353496,37.74282828959711,12.542244460205463,-3.994307569266292,4.506986002024801,1000.0000000000008
273.1465895575299,37.733432841383824,12.542764324229918,-3.9935517660462243,4.506877968882216,1000.0000000000007
273.15093625990994,37.72403739698737,12.543284670627937,-3.992795954819151,4.506770954120896,1000.0000000000006
273.1552824307187,37.71464195632442,12.543805502460202,-3.9920401360667315,4.506664957732927,1000.0000000000009
273.15962807000017,37.705246519311586,12.544326822787399,-3.9912843102707463,4.506559979710551,1000.0000000000006
273.1639731777979,37.69585108586561,12.544848634670208,-3.9905284779130694,4.506456020046083,1000.0000000000008
273.1683177541556,37.68645565590326,12.545370941169317,-3.989772639475675,4.506353078731964,1000.0000000000008
273.17266179911684,37.67706022934131,12.545893745345417,-3.9890167954406412,4.50625115576075,1000.0000000000008
273.17700531272504,37.66766480609661,12.546417050259182,-3.988260946290162,4.5061502511250895,1000.0000000000007
273.1813482950237,37.65826938608604,12.546940858971306,-3.9875050925065207,4.506050364817766,1000.0000000000007
273.1856907460561,37.64887396922656,12.547465174542467,-3.9867492345721005,4.505951496831649,1000.0000000000002
273.1900326658655,37.63947855543513,12.547990000033355,-3.985993372969396,4.505853647159718,1000.0000000000008
273.1943740544951,37.63008314462877,12.548515338504652,-3.985237508181005,4.505756815795096,1000.0000000000006
273.19871491198796,37.62068773672455,12.54904119301705,-3.984481640689631,4.50566100273098,1000.0000000000008
273.2030552383872,37.61129233163957,12.549567566631222,-3.9837257709780607,4.505566207960678,1000.0000000000006
273.20739503373574,37.60189692929099,12.550094462407863,-3.9829698995292078,4.50547243147764,1000.0000000000003
273.2117342980764,37.59250152959599,12.550621883407654,-3.9822140268260737,4.505379673275395,1000.0000000000006
273.21607303145214,37.58310613247181,12.551149832691284,-3.9814581533517703,4.505287933347592,1000.0000000000006
273.2204112339056,37.57371073783577,12.551678313319428,-3.9807022795895093,4.505197211687985,1000.0000000000006
273.2247489054795,37.56431534560516,12.55220732835278,-3.9799464060226115,4.505107508290448,1000.0000000000006
273.2290860462163,37.55491995569736,12.552736880852024,-3.9791905331344752,4.505018823148951,1000.0000000000007
273.2334226561587,37.54552456802978,12.553266973877841,-3.9784346614086443,4.504931156257588,1000.0000000000007
273.2377587353491,37.536129182519886,12.55379761049092,-3.9776787913287293,4.50484450761055,1000.0000000000006
273.2420942838297,37.52673379908518,12.554328793751946,-3.9769229233784538,4.504758877202136,1000.0000000000006
273.24642930164305,37.517338417643195,12.5548605267216,-3.976167058041651,4.50467426502677,1000.0000000000002
273.25076378883114,37.507943038111534,12.555392812460571,-3.9754111958022342,4.504590671078962,1000.0000000000008
273.2550977454363,37.49854766040783,12.555925654029542,-3.974655337144264,4.504508095353352,1000.0000000000006
273.2594311715005,37.489152284449744,12.556459054489196,-3.9738994825518597,4.504426537844679,1000.0000000000006
273.2637640670658,37.479756910155004,12.55699301690022,-3.9731436325092546,4.504345998547791,1000.0000000000007
273.26809643217405,37.47036153744138,12.557527544323305,-3.9723877875007974,4.504266477457644,1000.0000000000006
273.27242826686717,37.460966166226676,12.558062639819125,-3.9716319480109306,4.504187974569308,1000.0000000000003
273.2767595711869,37.45157079642874,12.558598306448374,-3.9708761145241973,4.504110489877955,1000.0000000000006
273.28109034517496,37.44217542796545,12.559134547271734,-3.9701202875252393,4.504034023378872,1000.0000000000006
273.28542058887297,37.432780060754766,12.559671365349887,-3.9693644674988158,4.503958575067442,1000.0000000000007
273.2897503023226,37.42338469471467,12.56020876374352,-3.9686086549297817,4.503884144939175,1000.0000000000006
273.2940794855652,37.41398932976316,12.560746745513319,-3.967852850303079,4.503810732989672,1000.0000000000008
273.2984081386422,37.404593965818336,12.561285313719967,-3.9670970541037667,4.503738339214657,1000.0000000000006
273.302736261595,37.39519860279828,12.561824471424153,-3.9663412668170213,4.503666963609952,1000.0000000000006
273.30706385446484,37.38580324062116,12.562364221686561,-3.9655854889280837,4.503596606171489,1000.0000000000006
273.3113909172929,37.37640787920518,12.56290456756787,-3.9648297209223244,4.503527266895306,1000.0000000000006
273.31571745012025,37.36701251846857,12.563445512128771,-3.9640739632852062,4.5034589457775525,1000.0000000000008
273.3200434529881,37.35761715832961,12.563987058429948,-3.963318216502315,4.5033916428144956,1000.0000000000002
273.3243689259373,37.34822179870663,12.564529209532084,-3.962562481059293,4.503325358002485,1000.0000000000002
273.3286938690087,37.33882643951803,12.565071968495864,-3.961806757441923,4.503260091337991,1000.0000000000007
273.3330182822433,37.329431080682184,12.56561533838198,-3.9610510461360984,4.503195842817615,1000.0000000000007
273.3373421656817,37.32003572211756,12.566159322251107,-3.9602953476277722,4.503132612438021,1000.0000000000006
273.34166551936465,37.310640363742664,12.566703923163937,-3.959539662403027,4.503070400196013,1000.0000000000007
273.3459883433328,37.301245005476034,12.567249144181153,-3.958783990948051,4.503009206088499,1000.000000000001
273.3503106376266,37.29184964723626,12.567794988363437,-3.9580283337491244,4.502949030112472,1000.0000000000007
273.3546324022866,37.28245428894197,12.568341458771474,-3.9572726912926397,4.502889872265068,1000.0000000000006
273.3589536373531,37.27305893051184,12.568888558465954,-3.9565170640650638,4.502831732543495,1000.0000000000006
273.36327434286653,37.26366357186459,12.569436290507557,-3.9557614525530034,4.502774610945088,1000.0000000000006
273.36759451886707,37.254268212918966,12.569984657956976,-3.9550058572431412,4.502718507467292,1000.0000000000009
273.37191416539497,37.24487285359376,12.570533663874887,-3.9542502786222817,4.502663422107654,1000.0000000000006
273.3762332824902,37.235477493807856,12.571083311321976,-3.9534947171772945,4.502609354863803,1000.0000000000006
273.3805518701929,37.226082133480105,12.571633603358935,-3.9527391733952038,4.502556305733531,1000.0000000000003
273.38486992854297,37.21668677252946,12.57218454304644,-3.951983647763088,4.502504274714669,1000.0000000000006
273.3891874575803,37.20729141087487,12.572736133445183,-3.95122814076815,4.502453261805211,1000.0000000000008
273.39350445734476,37.19789604843538,12.573288377615844,-3.9504726528977065,4.50240326700323,1000.0000000000006
273.39782092787607,37.18850068513004,12.573841278619112,-3.9497171846391415,4.502354290306912,1000.0000000000006
273.4021368692139,37.179105320877945,12.574394839515667,-3.9489617364799763,4.502306331714542,1000.0000000000007
273.40645228139783,37.169709955598236,12.574949063366203,-3.948206308907814,4.502259391224527,1000.0000000000006
273.4107671644674,37.16031458921011,12.575503953231399,-3.947450902410358,4.502213468835367,1000.0000000000007
273.41508151846205,37.150919221632805,12.576059512171934,-3.946695517475418,4.502168564545671,1000.0000000000008
273.4193953434212,37.14152385278558,12.576615743248505,-3.9459401545909216,4.502124678354153,1000.0000000000007
273.42370863938413,37.13212848258776,12.577172649521788,-3.9451848142448616,4.502081810259645,1000.0000000000008
273.4280214063901,37.122733110958706,12.577730234052474,-3.9444294969253733,4.502039960261067,1000.0000000000006
273.43233364447826,37.113337737817815,12.578288499901245,-3.9436742031206644,4.501999128357455,1000.0000000000006
273.4366453536877,37.103942363084535,12.578847450128782,-3.9429189333190453,4.50195931454795,1000.0000000000008
273.4409565340575,37.09454698667834,12.57940708779578,-3.9421636880089532,4.501920518831798,1000.0000000000006
273.4452671856265,37.08515160851878,12.579967415962917,-3.9414084676788965,4.501882741208352,1000.0000000000006
273.44957730843373,37.07575622852543,12.580528437690877,-3.9406532728175097,4.501845981677065,1000.0000000000008
273.4538869025179,37.066360846617876,12.581090156040347,-3.9398981039135195,4.501810240237508,1000.0000000000006
273.4581959679178,37.056965462715795,12.581652574072015,-3.939142961455732,4.501775516889339,1000.0000000000007
273.46250450467204,37.0475700767389,12.582215694846559,-3.9383878459330965,4.501741811632338,1000.0000000000007
273.46681251281933,37.038174688606915,12.582779521424673,-3.9376327578346335,4.501709124466383,1000.0000000000007
273.47111999239803,37.02877929823962,12.583344056867036,-3.9368776976494786,4.501677455391461,1000.0000000000009
273.47542694344673,37.01938390555687,12.58390930423433,-3.936122665866855,4.501646804407656,1000.0000000000007
273.4797333660038,37.00998851047851,12.584475266587248,-3.935367662976113,4.501617171515167,1000.0000000000003
273.4840392601075,37.00059311292446,12.585041946986472,-3.9346126894666704,4.501588556714286,1000.0000000000006
273.48834462579606,36.99119771281468,12.585609348492682,-3.9338577458280706,4.50156096000543,1000.0000000000006
273.4926494631077,36.98180231006917,12.586177474166572,-3.9331028325499457,4.5015343813890984,1000.0000000000006
273.4969537720805,36.972406904607965,12.58674632706882,-3.932347950122041,4.50150882086591,1000.0000000000008
273.50125755275246,36.96301149635116,12.587315910260113,-3.9315930990341936,4.501484278436581,1000.0000000000006
273.5055608051616,36.95361608521884,12.587886226801137,-3.930838279776356,4.501460754101935,1000.0000000000007
273.5098635293458,36.94422067113121,12.588457279752575,-3.9300834928385546,4.501438247862908,1000.0000000000006
273.5141657253428,36.93482525400849,12.589029072175114,-3.929328738710944,4.50141675972052,1000.0000000000006
273.51846739319046,36.9254298337709,12.58960160712944,-3.9285740178837587,4.501396289675911,1000.0000000000008
273.52276853292636,36.916034410338746,12.590174887676236,-3.927819330847354,4.501376837730333,1000.0000000000007
273.52706914458815,36.90663898363236,12.590748916876182,-3.9270646780921794,4.501358403885122,1000.0000000000006
273.53136922821335,36.89724355357214,12.591323697789973,-3.926310060108774,4.501340988141728,1000.0000000000008
273.5356687838394,36.88784812007848,12.591899233478289,-3.925555477387795,4.501324590501713,1000.0000000000006
273.53996781150374,36.87845268307185,12.592475527001815,-3.9248009304199907,4.501309210966731,1000.0000000000008
273.5442663112437,36.869057242472785,12.593052581421231,-3.9240464196962144,4.501294849538539,1000.0000000000008
273.5485642830965,36.85966179820179,12.593630399797233,-3.9232919457074176,4.501281506219003,1000.0000000000007
273.55286172709924,36.850266350179474,12.594208985190498,-3.9225375089446404,4.501269181010102,1000.0000000000008
273.5571586432892,36.84087089832648,12.594788340661713,-3.921783109899062,4.501257873913903,1000.0000000000006
273.5614550317033,36.83147544256346,12.595368469271564,-3.9210287490619216,4.501247584932581,1000.0000000000006
273.5657508923786,36.82207998281114,12.595949374080735,-3.920274426924589,4.501238314068427,1000.0000000000006
273.5700462253519,36.81268451899028,12.59653105814991,-3.919520143978501,4.5012300613238105,1000.0000000000006
273.57434103066015,36.80328905102167,12.597113524539775,-3.9187659007152393,4.501222826701239,1000.0000000000007
273.57863530834004,36.79389357882617,12.597696776311016,-3.9180116976264485,4.5012166102032865,1000.0000000000008
273.5829290584282,36.78449810232464,12.598280816524321,-3.9172575352038868,4.501211411832654,1000.0000000000006
273.5872222809613,36.77510262143802,12.598865648240366,-3.9165034139394224,4.501207231592135,1000.0000000000007
273.591514975976,36.76570713608729,12.59945127451984,-3.9157493343250236,4.501204069484636,1000.0000000000006
273.5958071435087,36.75631164619344,12.600037698423433,-3.9149952968527413,4.501201925513168,1000.0000000000006
273.6000987835957,36.746916151677524,12.600624923011827,-3.9142413020147364,4.5012007996808165,1000.0000000000007
273.6043898962736,36.73752065246063,12.601212951345703,-3.913487350303292,4.5012006919908165,1000.0000000000006
273.60868048157835,36.72812514846391,12.601801786485748,-3.912733442210754,4.501201602446466,1000.0000000000007
273.61297053954644,36.71872963960853,12.60239143149265,-3.9119795782295923,4.501203531051181,1000.0000000000007
273.61726007021383,36.709334125815715,12.602981889427094,-3.9112257588523756,4.501206477808483,1000.0000000000006
273.6215490736166,36.69993860700672,12.603573163349758,-3.9104719845717733,4.501210442721993,1000.0000000000006
273.62583754979084,36.690543083102845,12.604165256321338,-3.9097182558805486,4.501215425795434,1000.0000000000006
273.63012549877243,36.68114755402544,12.604758171402507,-3.9089645732715725,4.501221427032636,1000.0000000000008
273.63441292059724,36.671752019695894,12.60535191165396,-3.908210937237816,4.501228446437521,1000.0000000000006
273.638699815301,36.66235648003562,12.605946480136376,-3.907457348272347,4.5012364840141235,1000.0000000000006
273.6429861829194,36.6529609349661,12.606541879910443,-3.906703806868326,4.501245539766574,1000.0000000000007
273.6472720234882,36.64356538440883,12.607138114036845,-3.90595031351903,4.501255613699111,1000.0000000000002
273.6515573370429,36.63416982828539,12.607735185576267,-3.9051968687178373,4.501266705816065,1000.0000000000006
273.6558421236191,36.62477426651734,12.608333097589396,-3.9044434729582127,4.50127881612189,1000.0000000000006
273.6601263832521,36.61537869902635,12.608931853136914,-3.9036901267337245,4.501291944621107,1000.0000000000008
273.6644101159774,36.60598312573407,12.609531455279503,-3.9029368305380636,4.501306091318381,1000.0000000000008
273.6686933218302,36.59658754656223,12.610131907077854,-3.9021835848649755,4.501321256218442,1000.0000000000006
273.6729760008458,36.58719196143257,12.610733211592654,-3.90143039020835,4.501337439326142,1000.0000000000006
273.6772581530593,36.57779637026694,12.611335371884579,-3.9006772470621627,4.501354640646422,1000.0000000000006
273.6815397785059,36.56840077298714,12.611938391014323,-3.8999241559204867,4.50137286018435,1000.0000000000006
273.6858208772206,36.559005169515046,12.612542272042566,-3.899171117277489,4.501392097945062,1000.0000000000007
273.6901014492382,36.54960955977262,12.613147018029991,-3.8984181316274427,4.501412353933813,1000.0000000000006
273.69438149459376,36.54021394368183,12.61375263203729,-3.897665199464726,4.501433628155955,1000.0000000000008
273.69866101332207,36.53081832116464,12.614359117125142,-3.896912321283824,4.501455920616957,1000.0000000000006
273.70294000545795,36.52142269214315,12.614966476354233,-3.896159497579312,4.501479231322364,1000.0000000000006
