galstreams/tracks/track.st.Hyllus.grillmair2014.ecsv
# %ECSV 1.0
# ---
# datatype:
# - {name: ra, unit: deg, datatype: float64}
# - {name: dec, unit: deg, datatype: float64}
# - {name: distance, unit: kpc, datatype: float64}
# - {name: pm_ra_cosdec, unit: mas / yr, datatype: float64}
# - {name: pm_dec, unit: mas / yr, datatype: float64}
# - {name: radial_velocity, unit: km / s, datatype: float64}
# delimiter: ','
# meta: !!omap
# - __serialized_columns__:
#     dec:
#       __class__: astropy.coordinates.angles.Latitude
#       unit: &id001 !astropy.units.Unit {unit: deg}
#       value: !astropy.table.SerializedColumn {name: dec}
#     distance:
#       __class__: astropy.coordinates.distances.Distance
#       unit: !astropy.units.Unit {unit: kpc}
#       value: !astropy.table.SerializedColumn {name: distance}
#     pm_dec:
#       __class__: astropy.units.quantity.Quantity
#       unit: !astropy.units.Unit {unit: mas / yr}
#       value: !astropy.table.SerializedColumn {name: pm_dec}
#     pm_ra_cosdec:
#       __class__: astropy.units.quantity.Quantity
#       unit: !astropy.units.Unit {unit: mas / yr}
#       value: !astropy.table.SerializedColumn {name: pm_ra_cosdec}
#     ra:
#       __class__: astropy.coordinates.angles.Longitude
#       unit: *id001
#       value: !astropy.table.SerializedColumn {name: ra}
#       wrap_angle: !astropy.coordinates.Angle
#         unit: *id001
#         value: 360.0
#     radial_velocity:
#       __class__: astropy.units.quantity.Quantity
#       unit: !astropy.units.Unit {unit: km / s}
#       value: !astropy.table.SerializedColumn {name: radial_velocity}
# schema: astropy-2.0
ra,dec,distance,pm_ra_cosdec,pm_dec,radial_velocity
[from data line 236]
248.10233552366273,13.293785527303292,22.551255684941108,0.0,0.0,0.0
248.09864518494365,13.303529671478968,22.549350106712104,0.0,0.0,0.0
248.0949578559876,13.313274047765521,22.54744447947378,0.0,0.0,0.0
248.09127353650285,13.32301865614315,22.54553880322718,0.0,0.0,0.0
248.08759222619832,13.332763496592113,22.543633077973368,0.0,0.0,0.0
248.08391392478333,13.34250856909297,22.541727303713387,0.0,0.0,0.0
248.08023863196777,13.352253873626445,22.53982148044829,0.0,0.0,0.0
248.07656634746195,13.361999410173642,22.537915608179134,0.0,0.0,0.0
248.07289707097655,13.37174517871575,22.536009686906965,0.0,0.0,0.0
248.06923080222296,13.381491179234223,22.53410371663284,0.0,0.0,0.0
248.0655675409129,13.391237411710692,22.532197697357805,0.0,0.0,0.0
248.06190728675867,13.400983876127185,22.530291629082928,0.0,0.0,0.0
248.05825003947285,13.410730572465784,22.52838551180924,0.0,0.0,0.0
248.0545957987688,13.420477500708847,22.52647934553781,0.0,0.0,0.0
248.05094456436012,13.43022466083891,22.524573130269673,0.0,0.0,0.0
248.04729633596102,13.439972052838897,22.522666866005906,0.0,0.0,0.0
248.04365111328607,13.44971967669179,22.52076055274754,0.0,0.0,0.0
248.04000889605052,13.459467532380788,22.518854190495638,0.0,0.0,0.0
248.03636968396995,13.469215619889482,22.51694777925124,0.0,0.0,0.0
248.0327334767604,13.478963939201538,22.515041319015413,0.0,0.0,0.0
248.02910027413856,13.488712490300864,22.513134809789204,0.0,0.0,0.0
248.0254700758214,13.498461273171552,22.511228251573666,0.0,0.0,0.0
248.02184288152657,13.508210287798097,22.509321644369848,0.0,0.0,0.0
248.01821869097202,13.517959534165023,22.5074149881788,0.0,0.0,0.0
248.01459750387627,13.527709012257139,22.505508283001586,0.0,0.0,0.0
248.01097931995838,13.53745872205942,22.503601528839244,0.0,0.0,0.0
248.0073641389378,13.547208663557235,22.50169472569284,0.0,0.0,0.0
248.0037519605345,13.55695883673599,22.499787873563417,0.0,0.0,0.0
248.00014278446884,13.566709241581371,22.497880972452023,0.0,0.0,0.0
247.99653661046196,13.57645987807923,22.495974022359732,0.0,0.0,0.0
247.9929334382351,13.586210746215796,22.494067023287563,0.0,0.0,0.0
247.98933326751023,13.595961845977351,22.492159975236596,0.0,0.0,0.0
247.9857360980097,13.605713177350465,22.490252878207876,0.0,0.0,0.0
247.98214192945645,13.615464740321837,22.48834573220245,0.0,0.0,0.0
247.9785507615737,13.62521653487857,22.486438537221375,0.0,0.0,0.0
247.9749625940854,13.634968561007824,22.48453129326569,0.0,0.0,0.0
247.97137742671586,13.644720818697003,22.48262400033647,0.0,0.0,0.0
247.9677952591898,13.654473307933689,22.480716658434755,0.0,0.0,0.0
247.96421609123257,13.664226028705846,22.478809267561598,0.0,0.0,0.0
247.96063992256995,13.67397898100147,22.47690182771805,0.0,0.0,0.0
247.95706675292817,13.683732164808838,22.474994338905166,0.0,0.0,0.0
247.953496582034,13.693485580116382,22.473086801123998,0.0,0.0,0.0
247.9499294096146,13.703239226912906,22.471179214375596,0.0,0.0,0.0
247.94636523539774,13.712993105187275,22.46927157866101,0.0,0.0,0.0
247.94280405911155,13.722747214928598,22.467363893981304,0.0,0.0,0.0
247.9392458804848,13.732501556126165,22.46545616033751,0.0,0.0,0.0
247.93569069924652,13.742256128769613,22.4635483777307,0.0,0.0,0.0
247.93213851512647,13.752010932848663,22.461640546161924,0.0,0.0,0.0
247.92858932785467,13.761765968353256,22.459732665632224,0.0,0.0,0.0
247.92504313716188,13.77152123527352,22.457824736142655,0.0,0.0,0.0
247.92149994277904,13.781276733599945,22.455916757694272,0.0,0.0,0.0
247.91795974443784,13.791032463323065,22.45400873028813,0.0,0.0,0.0
247.91442254187027,13.800788424433671,22.452100653925278,0.0,0.0,0.0
247.91088833480896,13.81054461692272,22.450192528606763,0.0,0.0,0.0
247.90735712298687,13.82030104078153,22.44828435433365,0.0,0.0,0.0
247.90382890613762,13.830057696001463,22.446376131106984,0.0,0.0,0.0
247.90030368399508,13.83981458257409,22.444467858927812,0.0,0.0,0.0
247.89678145629384,13.84957170049135,22.442559537797194,0.0,0.0,0.0
247.89326222276887,13.859329049745226,22.440651167716176,0.0,0.0,0.0
247.8897459831556,13.86908663032795,22.43874274868582,0.0,0.0,0.0
247.88623273719,13.878844442231914,22.43683428070717,0.0,0.0,0.0
247.88272248460848,13.888602485449884,22.434925763781276,0.0,0.0,0.0
247.879215225148,13.89836075997465,22.4330171979092,0.0,0.0,0.0
247.87571095854582,13.908119265799261,22.43110858309199,0.0,0.0,0.0
247.87220968454005,13.917878002916927,22.429199919330692,0.0,0.0,0.0
247.8687114028689,13.92763697132122,22.42729120662637,0.0,0.0,0.0
247.86521611327132,13.937396171005732,22.42538244498007,0.0,0.0,0.0
247.8617238154866,13.947155601964347,22.42347363439284,0.0,0.0,0.0
247.85823450925457,13.956915264191055,22.421564774865736,0.0,0.0,0.0
247.85474819431562,13.966675157680232,22.41965586639981,0.0,0.0,0.0
247.8512648704104,13.9764352824263,22.417746908996122,0.0,0.0,0.0
247.84778453728035,13.9861956384239,22.41583790265571,0.0,0.0,0.0
247.84430719466715,13.995956225667861,22.413928847379637,0.0,0.0,0.0
247.8408328423131,14.005717044153347,22.412019743168948,0.0,0.0,0.0
247.83736147996095,14.01547809387556,22.410110590024708,0.0,0.0,0.0
247.8338931073539,14.025239374829955,22.40820138794795,0.0,0.0,0.0
247.8304277242357,14.035000887012139,22.40629213693974,0.0,0.0,0.0
247.8269653303505,14.044762630418063,22.40438283700113,0.0,0.0,0.0
247.8235059254431,14.054524605043731,22.402473488133168,0.0,0.0,0.0
247.82004950925858,14.064286810885383,22.40056409033691,0.0,0.0,0.0
247.81659608154263,14.0740492479394,22.3986546436134,0.0,0.0,0.0
247.81314564204138,14.083811916202535,22.396745147963703,0.0,0.0,0.0
247.80969819050148,14.093574815671557,22.394835603388856,0.0,0.0,0.0
247.80625372667006,14.103337946343496,22.392926009889926,0.0,0.0,0.0
247.80281225029472,14.113101308215505,22.391016367467955,0.0,0.0,0.0
247.79937376112358,14.12286490128511,22.389106676124,0.0,0.0,0.0
247.7959382589052,14.132628725549866,22.387196935859112,0.0,0.0,0.0
247.7925057433886,14.142392781007567,22.38528714667434,0.0,0.0,0.0
247.7890762143235,14.152157067656141,22.38337730857075,0.0,0.0,0.0
247.78564967145974,14.161921585493891,22.381467421549377,0.0,0.0,0.0
247.78222611454797,14.171686334519126,22.379557485611286,0.0,0.0,0.0
247.7788055433392,14.181451314730408,22.37764750075752,0.0,0.0,0.0
247.77538795758488,14.191216526126446,22.375737466989136,0.0,0.0,0.0
247.7719733570371,14.200981968706284,22.37382738430718,0.0,0.0,0.0
247.7685617414482,14.21074764246901,22.371917252712716,0.0,0.0,0.0
247.7651531105713,14.220513547413937,22.370007072206786,0.0,0.0,0.0
247.76174746415973,14.230279683540527,22.36809684279045,0.0,0.0,0.0
247.75834480196747,14.240046050848587,22.36618656446476,0.0,0.0,0.0
247.75494512374902,14.249812649337949,22.36427623723075,0.0,0.0,0.0
247.75154842925917,14.259579479008694,22.362365861089497,0.0,0.0,0.0
247.74815471825346,14.269346539861022,22.360455436042045,0.0,0.0,0.0
247.74476399048766,14.279113831895497,22.358544962089436,0.0,0.0,0.0
247.74137624571827,14.288881355112697,22.35663443923274,0.0,0.0,0.0
247.73799148370205,14.29864910951338,22.354723867472998,0.0,0.0,0.0
247.73460970419637,14.308417095098672,22.35281324681127,0.0,0.0,0.0
247.73123090695918,14.31818531186971,22.35090257724859,0.0,0.0,0.0
247.72785509174867,14.327953759827865,22.348991858786025,0.0,0.0,0.0
247.72448225832375,14.337722438974637,22.34708109142463,0.0,0.0,0.0
247.72111240644372,14.347491349311877,22.34517027516545,0.0,0.0,0.0
247.71774553586837,14.35726049084147,22.34325941000954,0.0,0.0,0.0
247.71438164635796,14.367029863565513,22.341348495957956,0.0,0.0,0.0
247.71102073767335,14.376799467486242,22.33943753301174,0.0,0.0,0.0
247.70766280957568,14.386569302606242,22.33752652117196,0.0,0.0,0.0
247.70430786182678,14.396339368928112,22.33561546043965,0.0,0.0,0.0
247.70095589418887,14.406109666454688,22.333704350815875,0.0,0.0,0.0
247.6976069064247,14.415880195188926,22.331793192301674,0.0,0.0,0.0
247.69426089829741,14.425650955134149,22.329881984898115,0.0,0.0,0.0
247.69091786957082,14.435421946293655,22.327970728606253,0.0,0.0,0.0
247.68757782000907,14.44519316867101,22.32605942342712,0.0,0.0,0.0
247.68424074937684,14.454964622269882,22.32414806936178,0.0,0.0,0.0
247.68090665743932,14.46473630709431,22.322236666411285,0.0,0.0,0.0
247.67757554396215,14.474508223148318,22.32032521457669,0.0,0.0,0.0
247.6742474087115,14.484280370436178,22.318413713859048,0.0,0.0,0.0
247.67092225145404,14.49405274896227,22.3165021642594,0.0,0.0,0.0
247.66760007195685,14.503825358731342,22.314590565778808,0.0,0.0,0.0
247.6642808699876,14.513598199748131,22.312678918418325,0.0,0.0,0.0
247.66096464531435,14.523371272017606,22.310767222178995,0.0,0.0,0.0
247.65765139770573,14.533144575544862,22.308855477061883,0.0,0.0,0.0
247.6543411269308,14.542918110335336,22.306943683068027,0.0,0.0,0.0
247.6510338327592,14.55269187639447,22.305031840198488,0.0,0.0,0.0
247.64772951496093,14.56246587372794,22.303119948454317,0.0,0.0,0.0
247.6444281733066,14.572240102341528,22.301208007836568,0.0,0.0,0.0
247.6411298075673,14.58201456224138,22.299296018346283,0.0,0.0,0.0
247.63783441751443,14.591789253433621,22.29738397998453,0.0,0.0,0.0
247.6345420029201,14.60156417592462,22.295471892752357,0.0,0.0,0.0
247.63125256355693,14.611339329720861,22.293559756650808,0.0,0.0,0.0
247.62796609919775,14.621114714829162,22.29164757168094,0.0,0.0,0.0
247.62468260961617,14.63089033125635,22.2897353378438,0.0,0.0,0.0
247.6214020945862,14.640666179009475,22.287823055140453,0.0,0.0,0.0
247.61812455388224,14.650442258095696,22.285910723571934,0.0,0.0,0.0
247.61484998727926,14.660218568522525,22.28399834313932,0.0,0.0,0.0
247.61157839455285,14.669995110297464,22.282085913843638,0.0,0.0,0.0
247.6083097754788,14.679771883428188,22.280173435685953,0.0,0.0,0.0
247.60504412983366,14.689548887922701,22.278260908667313,0.0,0.0,0.0
247.60178145739437,14.699326123789023,22.27634833278878,0.0,0.0,0.0
247.5985217579383,14.709103591035381,22.274435708051396,0.0,0.0,0.0
247.59526503124337,14.718881289670131,22.27252303445621,0.0,0.0,0.0
247.59201127708803,14.72865921970194,22.27061031200428,0.0,0.0,0.0
247.58876049525125,14.738437381139498,22.26869754069666,0.0,0.0,0.0
247.5855126855122,14.748215773991701,22.266784720534407,0.0,0.0,0.0
247.582267847651,14.757994398267565,22.264871851518564,0.0,0.0,0.0
247.5790259814479,14.767773253976431,22.26295893365018,0.0,0.0,0.0
247.57578708668373,14.77755234112764,22.261045966930315,0.0,0.0,0.0
247.57255116313996,14.787331659730752,22.259132951360026,0.0,0.0,0.0
247.5693182105984,14.797111209795439,22.25721988694035,0.0,0.0,0.0
247.56608822884138,14.806890991331711,22.255306773672352,0.0,0.0,0.0
247.5628612176517,14.816671004349553,22.253393611557087,0.0,0.0,0.0
247.5596371768127,14.82645124885917,22.25148040059559,0.0,0.0,0.0
247.55641610610823,14.836231724870919,22.249567140788933,0.0,0.0,0.0
247.55319800532263,14.846012432395415,22.247653832138162,0.0,0.0,0.0
247.54998287424064,14.855793371443319,22.245740474644315,0.0,0.0,0.0
247.54677071264751,14.865574542025497,22.243827068308462,0.0,0.0,0.0
247.54356152032915,14.8753559441529,22.241913613131654,0.0,0.0,0.0
247.54035529707173,14.88513757783684,22.240000109114934,0.0,0.0,0.0
247.5371520426621,14.8949194430886,22.238086556259354,0.0,0.0,0.0
247.53395175688743,14.904701539919667,22.23617295456597,0.0,0.0,0.0
247.5307544395356,14.914483868341668,22.23425930403585,0.0,0.0,0.0
247.52756009039476,14.924266428366515,22.23234560467002,0.0,0.0,0.0
247.5243687092537,14.934049220006138,22.230431856469544,0.0,0.0,0.0
247.52118029590162,14.943832243272679,22.22851805943547,0.0,0.0,0.0
247.5179948501283,14.953615498178364,22.226604213568862,0.0,0.0,0.0
247.5148123717239,14.963398984735758,22.224690318870763,0.0,0.0,0.0
247.51163286047912,14.973182702957411,22.222776375342228,0.0,0.0,0.0
247.50845631618532,14.982966652856081,22.220862382984304,0.0,0.0,0.0
247.50528273863404,14.99275083444464,22.218948341798054,0.0,0.0,0.0
247.50211212761747,15.002535247736263,22.217034251784522,0.0,0.0,0.0
247.4989444829284,15.012319892744125,22.21512011294476,0.0,0.0,0.0
247.49577980435998,15.022104769481606,22.213205925279816,0.0,0.0,0.0
247.49261809170588,15.03188987796219,22.21129168879076,0.0,0.0,0.0
247.4894593447602,15.041675218199671,22.20937740347863,0.0,0.0,0.0
247.48630356331773,15.05146079020784,22.207463069344474,0.0,0.0,0.0
247.48315074717354,15.061246594000625,22.205548686389353,0.0,0.0,0.0
247.48000089612324,15.071032629592313,22.203634254614325,0.0,0.0,0.0
247.47685400996312,15.080818896997117,22.201719774020425,0.0,0.0,0.0
247.4737100884897,15.0906053962295,22.199805244608726,0.0,0.0,0.0
247.47056913150013,15.100392127304017,22.197890666380268,0.0,0.0,0.0
247.46743113879205,15.110179090235514,22.19597603933609,0.0,0.0,0.0
247.4642961101636,15.11996628503885,22.194061363477267,0.0,0.0,0.0
247.46116404541334,15.12975371172906,22.19214663880485,0.0,0.0,0.0
247.45803494434045,15.139541370321314,22.19023186531988,0.0,0.0,0.0
247.45490880674453,15.149329260831058,22.18831704302342,0.0,0.0,0.0
247.45178563242564,15.159117383273733,22.1864021719165,0.0,0.0,0.0
247.4486654211844,15.168905737664998,22.1844872520002,0.0,0.0,0.0
247.4455481728219,15.178694324020578,22.182572283275565,0.0,0.0,0.0
247.4424338871397,15.188483142356539,22.18065726574364,0.0,0.0,0.0
247.43932256393992,15.198272192688908,22.178742199405473,0.0,0.0,0.0
247.43621420302512,15.20806147503391,22.176827084262133,0.0,0.0,0.0
247.43310880419835,15.217850989407884,22.174911920314653,0.0,0.0,0.0
247.4300063672632,15.227640735827471,22.172996707564096,0.0,0.0,0.0
247.4269068920237,15.237430714309275,22.17108144601152,0.0,0.0,0.0
247.42381037828451,15.247220924870117,22.16916613565797,0.0,0.0,0.0
247.42071682585058,15.257011367526905,22.1672507765045,0.0,0.0,0.0
247.41762623452743,15.266802042296856,22.16533536855215,0.0,0.0,0.0
247.4145386041212,15.276592949197152,22.16341991180199,0.0,0.0,0.0
247.4114539344384,15.286384088245198,22.16150440625507,0.0,0.0,0.0
247.40837222528606,15.296175459458462,22.15958885191243,0.0,0.0,0.0
247.40529347647168,15.30596706285474,22.157673248775133,0.0,0.0,0.0
247.40221768780336,15.315758898451792,22.155757596844236,0.0,0.0,0.0
247.3991448590896,15.325550966267572,22.153841896120774,0.0,0.0,0.0
247.39607499013943,15.335343266320134,22.151926146605813,0.0,0.0,0.0
247.39300808076229,15.34513579862782,22.150010348300405,0.0,0.0,0.0
247.38994413076824,15.35492856320898,22.148094501205595,0.0,0.0,0.0
247.38688313996786,15.364721560082101,22.146178605322437,0.0,0.0,0.0
247.38382510817212,15.374514789265811,22.144262660651986,0.0,0.0,0.0
247.38077003519248,15.38430825077901,22.142346667195294,0.0,0.0,0.0
247.37771792084095,15.394101944640596,22.140430624953417,0.0,0.0,0.0
247.37466876493008,15.403895870869636,22.138514533927392,0.0,0.0,0.0
247.37162256727282,15.413690029485288,22.136598394118288,0.0,0.0,0.0
247.3685793276827,15.423484420507007,22.134682205527156,0.0,0.0,0.0
247.3655390459737,15.433279043954244,22.132765968155034,0.0,0.0,0.0
247.36250172196034,15.443073899846611,22.130849682002992,0.0,0.0,0.0
247.3594673554575,15.45286898820381,22.128933347072074,0.0,0.0,0.0
247.35643594628078,15.462664309045868,22.12701696336333,0.0,0.0,0.0
247.35340749424608,15.472459862392745,22.125100530877816,0.0,0.0,0.0
247.3503819991699,15.48225564826461,22.12318404961658,0.0,0.0,0.0
247.34735946086928,15.492051666681713,22.12126751958068,0.0,0.0,0.0
247.34433987916165,15.5018479176646,22.119350940771163,0.0,0.0,0.0
247.34132325386494,15.511644401233784,22.11743431318909,0.0,0.0,0.0
247.33830958479774,15.521441117409912,22.115517636835502,0.0,0.0,0.0
247.33529887177886,15.531238066213927,22.11360091171146,0.0,0.0,0.0
247.33229111462785,15.541035247666743,22.11168413781801,0.0,0.0,0.0
247.32928631316472,15.550832661789464,22.109767315156205,0.0,0.0,0.0
247.32628446720983,15.560630308603256,22.10785044372711,0.0,0.0,0.0
247.32328557658425,15.570428188129604,22.105933523531757,0.0,0.0,0.0
