galstreams/tracks/track.st.NGC5466.ibata2021.ecsv
# %ECSV 0.9
# ---
# datatype:
# - {name: ra, unit: deg, datatype: float64}
# - {name: dec, unit: deg, datatype: float64}
# - {name: distance, unit: kpc, datatype: float64}
# - {name: pm_ra_cosdec, unit: mas / yr, datatype: float64}
# - {name: pm_dec, unit: mas / yr, datatype: float64}
# - {name: radial_velocity, unit: km / s, datatype: float64}
# delimiter: ','
# meta: !!omap
# - __serialized_columns__:
#     dec:
#       __class__: astropy.coordinates.angles.Latitude
#       unit: &id001 !astropy.units.Unit {unit: deg}
#       value: !astropy.table.SerializedColumn {name: dec}
#     distance:
#       __class__: astropy.coordinates.distances.Distance
#       unit: !astropy.units.Unit {unit: kpc}
#       value: !astropy.table.SerializedColumn {name: distance}
#     pm_dec:
#       __class__: astropy.units.quantity.Quantity
#       unit: !astropy.units.Unit {unit: mas / yr}
#       value: !astropy.table.SerializedColumn {name: pm_dec}
#     pm_ra_cosdec:
#       __class__: astropy.units.quantity.Quantity
#       unit: !astropy.units.Unit {unit: mas / yr}
#       value: !astropy.table.SerializedColumn {name: pm_ra_cosdec}
#     ra:
#       __class__: astropy.coordinates.angles.Longitude
#       unit: *id001
#       value: !astropy.table.SerializedColumn {name: ra}
#       wrap_angle: !astropy.coordinates.Angle
#         unit: *id001
#         value: 360.0
#     radial_velocity:
#       __class__: astropy.units.quantity.Quantity
#       unit: !astropy.units.Unit {unit: km / s}
#       value: !astropy.table.SerializedColumn {name: radial_velocity}
# schema: astropy-2.0
ra,dec,distance,pm_ra_cosdec,pm_dec,radial_velocity
[from data line 953]
217.91217673406948,24.688110311265213,14.211882555760916,-6.207209572841375,-0.5077838901264504,9.683882199353189e-14
217.92144030327722,24.68270984043185,14.211446744128281,-6.208439256505203,-0.5071032677105962,1.9367764398706378e-13
217.93070372969981,24.677309714167585,14.211012357897964,-6.2096683009223534,-0.5064228629111331,1.0315439734093615e-13
217.9399670152882,24.671909934822505,14.210579394651718,-6.210896701361311,-0.5057426795663378,4.4209027431829774e-14
217.94923016199368,24.66651050474629,14.210147851971305,-6.212124453091539,-0.5050627215157149,9.683882199353189e-14
217.95849317176783,24.661111426288215,14.209717727438475,-6.213351551383472,-0.5043829925999956,2.1683475359421271e-13
217.96775604656256,24.655712701797185,14.209289018634982,-6.2145779915085155,-0.5037034966611429,1.347322740779574e-13
217.97701878833013,24.650314333621672,14.20886172314259,-6.215803768739045,-0.5030242375423453,1.789413015097872e-13
217.98628139902303,24.644916324109754,14.20843583854305,-6.217028878348411,-0.5023452190880153,1.7052053437991484e-13
217.99554388059417,24.639518675609143,14.20801136241812,-6.21825331561093,-0.5016664451437955,6.947132882144679e-14
218.0048062349967,24.63412139046711,14.207588292349554,-6.21947707580189,-0.5009879195565523,1.221011233831489e-13
218.01406846418413,24.62872447103057,14.20716662591911,-6.220700154197551,-0.5003096461743735,8.841805486365955e-14
218.02333057011023,24.62332791964599,14.206746360708541,-6.22192254607514,-0.4996316288465731,8.841805486365955e-14
218.03259255472915,24.617931738659493,14.206327494299606,-6.223144246712858,-0.49895387142368797,3.368306851948935e-14
218.0418544199953,24.61253593041677,14.205910024274056,-6.224365251389864,-0.49827637775747735,1.4736342477276593e-13
218.05111616786346,24.60714049726311,14.205493948213654,-6.225585555386302,-0.49759915170091673,3.789345208442552e-14
218.06037780028865,24.601745441543432,14.205079263700151,-6.22680515398327,-0.49692219710821134,3.368306851948935e-14
218.06963931922624,24.59635076560225,14.204665968315304,-6.228024042462841,-0.49624551783477916,6.73661370389787e-14
218.07890072663193,24.59095647178367,14.204254059640872,-6.229242216108054,-0.4955691177372577,-2.1051917824680845e-15
218.0881620244617,24.585562562431406,14.203843535258605,-6.23045967020292,-0.49489300067351044,2.442022467662978e-13
218.0974232146719,24.580169039888776,14.20343439275026,-6.231676400032409,-0.4942171705026052,1.9157245220459568e-13
218.10668429921913,24.574775906498687,14.203026629697602,-6.232892400882461,-0.4935416310848394,1.9999321933446803e-13
218.1159452800603,24.569383164603693,14.202620243682375,-6.234107668039986,-0.49286638628171975,9.262843842859572e-14
218.12520615915267,24.56399081654591,14.20221523228634,-6.235322196792858,-0.4921914399559712,1.1157516447080849e-13
218.13446693845378,24.55859886466706,14.201811593091254,-6.236535982429915,-0.49151679597153364,1.8525687685719145e-13
218.1437276199215,24.553207311308505,14.20140932367887,-6.237749020240964,-0.49084245819355893,1.1368035625327657e-13
218.15298820551402,24.54781615881116,14.20100842163095,-6.238961305516773,-0.4901684304884141,1.5367900012017016e-13
218.1622486971898,24.542425409515594,14.200608884529242,-6.240172833549079,-0.4894947167236793,6.73661370389787e-14
218.17150909690764,24.537035065761945,14.200210709955504,-6.241383599630582,-0.4888213207681455,8.420767129872338e-14
218.18076940662664,24.531645129889966,14.199813895491497,-6.2425935990549455,-0.48814824649181354,4.8419410996765944e-14
218.19002962830618,24.526255604239026,14.199418438718974,-6.2438028271168005,-0.48747549776589844,1.7052053437991484e-13
218.19928976390605,24.520866491148094,14.199024337219688,-6.24501127911174,-0.4868030784628225,1.3894265764289357e-13
218.20854981538625,24.515477792955735,14.198631588575397,-6.246218950336315,-0.48613099245621766,8.631286308119147e-14
218.21780978470707,24.51008951200012,14.198240190367857,-6.247425836088048,-0.4854592436209251,1.6841534259744677e-13
218.2270696738292,24.504701650619047,14.197850140178824,-6.24863193166542,-0.484787835832992,2.2315032894161697e-13
218.23632948471356,24.49931421114989,14.197461435590055,-6.2498372323678755,-0.4841167729696741,2.063087946818723e-13
218.24558921932143,24.493927195929643,14.197074074183305,-6.251041733495821,-0.4834460589094311,2.063087946818723e-13
218.25484887961437,24.488540607294915,14.196688053540331,-6.2522454303506265,-0.4827756975319319,1.49468616555234e-13
218.26410846755425,24.483154447581903,14.196303371242886,-6.25344831823462,-0.4821056927180497,1.3262708229548932e-13
218.27336798510325,24.47776871912642,14.195920024872725,-6.254650392451097,-0.48143604834985576,2.315710960714893e-13
218.28262743422385,24.47238342426389,14.195538012011612,-6.255851648304304,-0.4807667683106343,9.262843842859572e-14
218.29188681687882,24.466998565329337,14.195157330241296,-6.257052081099459,-0.48009785648486447,1.1578554803574466e-13
218.30114613503127,24.461614144657393,14.194777977143533,-6.258251686142737,-0.47942931675823225,9.262843842859572e-14
218.31040539064458,24.456230164582294,14.19439995030008,-6.259450458741268,-0.4787611530176237,1.49468616555234e-13
218.31966458568252,24.450846627437887,14.194023247292696,-6.26064839420315,-0.4780933691511238,6.315575347404254e-14
218.32892372210898,24.445463535557636,14.193647865703133,-6.261845487837431,-0.4774259690480218,9.262843842859572e-14
218.33818280188837,24.440080891274587,14.193273803113147,-6.263041734954131,-0.47675895659879886,1.8525687685719145e-13
218.34744182698526,24.434698696921412,14.192901057104496,-6.264237130864215,-0.4760923356951426,1.2631150694808508e-13
218.3567007993646,24.42931695483039,14.192529625258938,-6.265431670879616,-0.4754261102299346,1.221011233831489e-13
218.3659597209916,24.423935667333403,14.192159505158221,-6.266625350313227,-0.47476028409725096,2.1051917824680846e-14
218.37521859383176,24.418554836761945,14.191790694384109,-6.267818164478889,-0.4740948611923742,9.052324664612763e-14
218.38447741985092,24.41317446544712,14.191423190518357,-6.2690101086914085,-0.47342984541176963,5.0524602779234026e-14
218.39373620101523,24.407794555719637,14.191056991142714,-6.27020117826655,-0.47276524065310727,8.420767129872338e-14
218.4029949392911,24.402415109909803,14.190692093838942,-6.27139136852103,-0.4721010508152478,1.4104784942536167e-13
218.41225363664526,24.39703613034755,14.190328496188796,-6.2725806747725255,-0.47143727979824546,4.4209027431829774e-14
218.42151229504478,24.391657619362423,14.189966195774034,-6.2737690923396725,-0.4707739315033479,8.420767129872338e-15
218.43077091645696,24.386279579283546,14.189605190176408,-6.274956616542056,-0.47011100983299725,2.947268495455318e-14
218.44002950284946,24.380902012439684,14.189245476977677,-6.276143242700224,-0.4694485186908254,2.1893994537668078e-13
218.4492880561902,24.375524921159194,14.18888705375959,-6.277328966135677,-0.4687864619816543,7.999728773378721e-14
218.45854657844745,24.37014830777006,14.188529918103916,-6.2785137821708705,-0.4681248436114969,4.4209027431829774e-14
218.4678050715897,24.364772174599842,14.188174067592396,-6.279697686129222,-0.4674636674875589,1.5999457546757442e-13
218.47706353758585,24.35939652397574,14.1878194998068,-6.280880673335091,-0.46680293751822816,1.3052189051302125e-13
218.486321978405,24.354021358224568,14.187466212328868,-6.282062739113803,-0.4661426576130887,8.841805486365955e-14
218.49558039601655,24.348646679672715,14.187114202740373,-6.283243878791633,-0.465482831682909,2.2946590428902123e-13
218.5048387923903,24.343272490646218,14.186763468623061,-6.284424087695811,-0.4648234636396391,5.2629794561702114e-14
218.51409716949624,24.3378987934707,14.186414007558689,-6.285603361154518,-0.4641645573964263,2.1893994537668078e-13
218.52335552930478,24.33252559047141,14.186065817129014,-6.286781694496896,-0.46350611686759213,8.420767129872338e-14
218.5326138737865,24.32715288397319,14.18571889491579,-6.287959083053032,-0.4628481459686513,6.73661370389787e-14
218.54187220491227,24.321780676300513,14.185373238500778,-6.289135522153968,-0.46219064861629844,1.3894265764289357e-13
218.55113052465342,24.31640896977745,14.185028845465732,-6.290311007131704,-0.4615336287284118,3.368306851948935e-14
218.5603888349814,24.311037766727683,14.1846857133924,-6.291485533319184,-0.46087709022405665,1.3052189051302125e-13
218.56964713786806,24.305667069474516,14.184343839862548,-6.2926590960503095,-0.4602210370234755,2.0841398646434036e-13
218.57890543528555,24.30029688034084,14.18400322245793,-6.2938316906599345,-0.4595654730480922,1.6841534259744676e-14
218.58816372920623,24.294927201649198,14.1836638587603,-6.295003312483858,-0.45891040222052015,1.7262572616238293e-13
218.59742202160285,24.28955803572171,14.183325746351407,-6.29617395685884,-0.4582558284645398,4.4209027431829774e-14
218.6066803144484,24.28418938488012,14.18298888281302,-6.297343619122583,-0.457601755705121,6.315575347404254e-14
218.61593860971618,24.278821251445777,14.182653265726895,-6.298512294613742,-0.4569481878684083,7.157652060391487e-14
218.62519690937978,24.273453637739657,14.182318892674774,-6.299679978671927,-0.456295128881726,2.4209705498382974e-13
218.63445521541314,24.26808654608233,14.181985761238424,-6.3008466666376926,-0.45564258267357594,1.5578419190263825e-13
218.6437135297904,24.262719978794006,14.181653868999598,-6.302012353852547,-0.45499055317363346,1.789413015097872e-13
218.65297185448605,24.257353938194477,14.18132321354005,-6.303177035658944,-0.45433904431275757,2.442022467662978e-13
218.6622301914749,24.251988426603166,14.180993792441537,-6.304340707400292,-0.45368806002297424,2.020984111169361e-13
218.671488542732,24.246623446339093,14.180665603285819,-6.305503364420943,-0.45303760423748907,1.1368035625327657e-13
218.68074691023267,24.24125899972092,14.180338643654649,-6.306665002066201,-0.45238768089068265,1.1999593160068083e-13
218.69000529595263,24.235895089066886,14.18001291112978,-6.307825615682319,-0.45173829391810605,1.5788938368510635e-13
218.69926370186784,24.230531716694877,14.17968840329297,-6.308985200616495,-0.4510894472564863,9.894401377599997e-14
218.70852212995447,24.225168884922365,14.179365117725975,-6.310143752216877,-0.45044114484372083,1.642049590325106e-13
218.71778058218914,24.21980659606645,14.17904305201055,-6.31130126583256,-0.4497933906188791,1.6631015081497867e-13
218.72703906054866,24.214444852443854,14.178722203728459,-6.312457736813586,-0.44914618852219995,5.6840178126638284e-14
218.73629756701013,24.20908365637089,14.17840257046145,-6.313613160510946,-0.44849954249509544,2.5262301389617013e-14
218.74555610355094,24.203723010163504,14.178084149791278,-6.314767532276578,-0.44785345648014857,1.789413015097872e-13
218.75481467214888,24.19836291613726,14.177766939299694,-6.3159208474633655,-0.44720793442110457,9.47336302110638e-14
218.76407327478185,24.193003376607308,14.17745093656847,-6.317073101425132,-0.4465629802628828,1.1368035625327657e-13
218.77333191342822,24.18764439388844,14.177136139179352,-6.318224289516657,-0.44591859795156985,1.3894265764289357e-13
218.78259059006655,24.182285970295055,14.176822544714096,-6.319374407093662,-0.44527479143441573,8.420767129872338e-14
218.7918493066757,24.176928108141166,14.176510150754456,-6.320523449512814,-0.4446315646598419,6.315575347404253e-15
218.80110806523479,24.17157080974041,14.176198954882192,-6.321671412131723,-0.44398892157743214,1.0736478090587231e-13
218.81036686772333,24.16621407740601,14.175888954679062,-6.322818290308945,-0.4433468661379384,1.4315304120782974e-13
218.81962571612107,24.16085791345085,14.175580147726812,-6.323964079403986,-0.4427054022932689,-2.315710960714893e-14
218.828884612408,24.15550232018739,14.175272531607206,-6.325108774777286,-0.4420645339965075,5.894536990910637e-14
218.8381435585644,24.150147299927713,14.174966103902003,-6.326252371790236,-0.44142426520189487,1.49468616555234e-13
218.84740255657098,24.144792854983546,14.17466086219295,-6.327394865805173,-0.4407845998648341,1.5999457546757442e-13
218.85666160840861,24.139438987666196,14.17435680406181,-6.328536252185369,-0.4401455419418909,2.0841398646434036e-13
218.86592071605844,24.134085700286604,14.174053927090338,-6.3296765262950485,-0.43950709539079075,1.8736206863965952e-13
218.875179881502,24.128732995155328,14.173752228860288,-6.330815683499376,-0.43886926417042177,1.4315304120782974e-13
218.88443910672098,24.12338087458254,14.17345170695341,-6.3319537191644555,-0.4382320522408342,1.1578554803574466e-13
218.8936983936975,24.118029340878024,14.173152358951468,-6.333090628657338,-0.4375954635632323,1.1578554803574466e-13
218.90295774441384,24.112678396351196,14.172854182436218,-6.334226407346012,-0.43695950209998435,1.7262572616238293e-13
218.9122171608527,24.10732804331106,14.172557174989414,-6.335361050599412,-0.43632417181461103,6.947132882144679e-14
218.92147664499691,24.10197828406627,14.172261334192811,-6.336494553787414,-0.4356894766717965,1.3052189051302125e-13
218.93073619882975,24.09662912092507,14.171966657628168,-6.3376269122808315,-0.43505542063737795,3.368306851948935e-14
218.93999582433466,24.091280556195343,14.17167314287723,-6.338758121451429,-0.43442200767834693,1.1157516447080849e-13
218.94925552349542,24.08593259218458,14.171380787521771,-6.339888176671897,-0.43378924176285794,2.1051917824680846e-14
218.9585152982961,24.080585231199887,14.171089589143534,-6.34101707331588,-0.433157126860213,1.515738083377021e-13
218.96777515072105,24.075238475547987,14.170799545324279,-6.342144806757957,-0.4325256669408712,1.8736206863965952e-13
218.97703508275487,24.069892327535232,14.170510653645762,-6.343271372373646,-0.43189486597644555,2.0841398646434036e-13
218.98629509638255,24.064546789467578,14.170222911689736,-6.344396765539411,-0.4312647279396995,1.4315304120782974e-13
218.9955551935892,24.059201863650618,14.169936317037962,-6.345520981632646,-0.43063525680455356,6.73661370389787e-14
219.00481537636037,24.053857552389534,14.169650867272187,-6.346644016031698,-0.43000645654607883,1.9999321933446803e-13
219.01407564668182,24.048513857989164,14.169366559974183,-6.347765864115835,-0.42937833114049406,9.894401377599997e-14
219.0233360065396,24.043170782753926,14.169083392725689,-6.348886521265281,-0.4287508845651708,7.368171238638296e-14
219.03259645792005,24.0378283289879,14.168801363108468,-6.350005982861191,-0.4281241207986322,1.5367900012017016e-13
219.04185700280982,24.032486498994732,14.168520468704278,-6.351124244285659,-0.42749804382054635,1.221011233831489e-13
219.05111764319577,24.027145295077744,14.168240707094872,-6.352241300921716,-0.4268726576117339,1.1157516447080849e-13
219.0603783810651,24.02180471953983,14.167962075862008,-6.353357148153332,-0.42624796615416416,1.8104649329225526e-13
219.06963921840537,24.016464774683545,14.167684572587438,-6.354471781365417,-0.4256239734309472,6.73661370389787e-14
219.07890015720423,24.011125462811016,14.167408194852923,-6.355585195943813,-0.4250006834263497,1.515738083377021e-13
219.0881611994498,24.005786786224032,14.167132940240217,-6.356697387275306,-0.4243781001257754,1.368374658604255e-13
219.09742234713033,24.00044874722398,14.16685880633107,-6.357808350747613,-0.42375622751578135,1.515738083377021e-13
219.10668360223448,23.99511134811189,14.166585790707249,-6.358918081749389,-0.42313506958406166,8.420767129872338e-14
219.11594496675116,23.989774591188375,14.166313890950507,-6.3600265756702274,-0.42251463031946224,1.1999593160068083e-13
219.12520644266948,23.984438478753702,14.166043104642586,-6.361133827900659,-0.4218949137119686,-3.157787673702127e-14
219.1344680319789,23.979103013107732,14.165773429365261,-6.362239833832142,-0.4212759237527109,6.526094525651062e-14
219.1437297366692,23.973768196549972,14.165504862700281,-6.363344588857079,-0.4206576644339583,1.4315304120782974e-13
