galstreams/tracks/track.po.Corvus.mateu2018.ecsv
# %ECSV 0.9
# ---
# datatype:
# - {name: ra, unit: deg, datatype: float64}
# - {name: dec, unit: deg, datatype: float64}
# - {name: distance, unit: kpc, datatype: float64}
# - {name: pm_ra_cosdec, unit: mas / yr, datatype: float64}
# - {name: pm_dec, unit: mas / yr, datatype: float64}
# - {name: radial_velocity, unit: km / s, datatype: float64}
# delimiter: ','
# meta: !!omap
# - __serialized_columns__:
#     dec:
#       __class__: astropy.coordinates.angles.Latitude
#       unit: &id001 !astropy.units.Unit {unit: deg}
#       value: !astropy.table.SerializedColumn {name: dec}
#     distance:
#       __class__: astropy.coordinates.distances.Distance
#       unit: !astropy.units.Unit {unit: kpc}
#       value: !astropy.table.SerializedColumn {name: distance}
#     pm_dec:
#       __class__: astropy.units.quantity.Quantity
#       unit: !astropy.units.Unit {unit: mas / yr}
#       value: !astropy.table.SerializedColumn {name: pm_dec}
#     pm_ra_cosdec:
#       __class__: astropy.units.quantity.Quantity
#       unit: !astropy.units.Unit {unit: mas / yr}
#       value: !astropy.table.SerializedColumn {name: pm_ra_cosdec}
#     ra:
#       __class__: astropy.coordinates.angles.Longitude
#       unit: *id001
#       value: !astropy.table.SerializedColumn {name: ra}
#       wrap_angle: !astropy.coordinates.Angle
#         unit: *id001
#         value: 360.0
#     radial_velocity:
#       __class__: astropy.units.quantity.Quantity
#       unit: !astropy.units.Unit {unit: km / s}
#       value: !astropy.table.SerializedColumn {name: radial_velocity}
# schema: astropy-2.0
ra,dec,distance,pm_ra_cosdec,pm_dec,radial_velocity
140.72710360954883,-12.95717258953185,4.904067206838254,0.0,0.0,0.0
141.1086174631335,-12.95696455238756,4.926973567378166,0.0,0.0,0.0
141.49005127542986,-12.956910840976454,4.950141094094793,0.0,0.0,0.0
141.87140299974746,-12.957016346212402,4.973571752940973,0.0,0.0,0.0
142.25267063939577,-12.957285976847505,4.997267512607686,0.0,0.0,0.0
142.63385224870814,-12.957724657560162,5.021230343561274,0.0,0.0,0.0
143.01494593403913,-12.958337327060612,5.045462217082681,0.0,0.0,0.0
143.39594985473477,-12.959128936210433,5.069965104307433,0.0,0.0,0.0
143.77686222407712,-12.960104446153212,5.094740975265067,0.0,0.0,0.0
144.1576813102031,-12.961268826453054,5.119791797916749,0.0,0.0,0.0
144.538405436998,-12.962627053238272,5.145119537189813,0.0,0.0,0.0
144.91903298496433,-12.964184107347458,5.170726154007982,0.0,0.0,0.0
145.29956239206564,-12.965944972475254,5.1966136043160684,0.0,0.0,0.0
145.67999215454662,-12.967914633315624,5.222783838097993,0.0,0.0,0.0
146.06032082772842,-12.970098073699958,5.249238798387001,0.0,0.0,0.0
146.44054702678042,-12.972500274728326,5.275980420266972,0.0,0.0,0.0
146.820669427468,-12.975126212891503,5.303010629863887,0.0,0.0,0.0
147.20068676687657,-12.977980858182262,5.3303313433264,0.0,0.0,0.0
147.5805978441119,-12.981069172194056,5.357944465794721,0.0,0.0,0.0
147.9604015209763,-12.984396106205674,5.385851890356931,0.0,0.0,0.0
148.34009672262155,-12.987966599250703,5.414055496992028,0.0,0.0,0.0
148.71968243817744,-12.991785576170264,5.442557151499008,0.0,0.0,0.0
149.0991577213562,-12.99585794564844,5.471358704411427,0.0,0.0,0.0
149.47852169103305,-13.000188598229228,5.500461989896914,0.0,0.0,0.0
149.85777353180185,-13.004782404314561,5.5298688246412375,0.0,0.0,0.0
150.2369124945062,-13.009644212142708,5.559581006716573,0.0,0.0,0.0
150.61593789674563,-13.014778845746863,5.5896003144337385,0.0,0.0,0.0
150.99484912335583,-13.020191102893548,5.6199285051782235,0.0,0.0,0.0
151.37364562686443,-13.025885753000948,5.650567314229965,0.0,0.0,0.0
151.75232692791917,-13.031867535037097,5.681518453566836,0.0,0.0,0.0
152.13089261569084,-13.03814115539838,5.712783610652001,0.0,0.0,0.0
152.50934234824877,-13.044711285768535,5.744364447205302,0.0,0.0,0.0
152.88767585290907,-13.05158256095886,5.776262597958919,0.0,0.0,0.0
153.26589292655535,-13.058759576730141,5.808479669397751,0.0,0.0,0.0
153.64399343593084,-13.066246887597297,5.8410172384848424,0.0,0.0,0.0
154.02197731790216,-13.07404900461745,5.87387685137248,0.0,0.0,0.0
154.3998445796938,-13.082170393162729,5.907060022099523,0.0,0.0,0.0
154.77759529909247,-13.090615470678713,5.940568231275619,0.0,0.0,0.0
155.15522962462217,-13.09938860443006,5.9744029247531385,0.0,0.0,0.0
155.53274777568765,-13.10849410923458,6.008565512287592,0.0,0.0,0.0
155.91015004268738,-13.117936245187288,6.04305736618746,0.0,0.0,0.0
156.2874367870942,-13.127719215376073,6.077879819954423,0.0,0.0,0.0
156.66460844150447,-13.137847163590639,6.11303416691499,0.0,0.0,0.0
157.04166550965428,-13.148324172026605,6.148521658844677,0.0,0.0,0.0
157.41860856640207,-13.159154258986458,6.18434350458583,0.0,0.0,0.0
157.7954382576786,-13.17034137657952,6.220500868660367,0.0,0.0,0.0
158.17215530040207,-13.181889408422823,6.256994869878696,0.0,0.0,0.0
158.54876048235934,-13.193802167345021,6.293826579946061,0.0,0.0,0.0
158.92525466205188,-13.206083393095454,6.3309970220678045,0.0,0.0,0.0
159.30163876850693,-13.218736750060616,6.368507169554816,0.0,0.0,0.0
159.67791380105274,-13.231765824990298,6.4063579444307175,0.0,0.0,0.0
160.05408082905774,-13.245174124735556,6.444550216042211,0.0,0.0,0.0
160.43014099163398,-13.258965074001013,6.483084799674093,0.0,0.0,0.0
160.8060954973037,-13.273142013113793,6.521962455170522,0.0,0.0,0.0
161.18194562362916,-13.287708195811382,6.561183885564063,0.0,0.0,0.0
161.55769271680558,-13.302666787050962,6.600749735714078,0.0,0.0,0.0
161.93333819121693,-13.318020860842527,6.6406605909561165,0.0,0.0,0.0
162.30888352895417,-13.333773398108283,6.680916975763862,0.0,0.0,0.0
162.68433027929672,-13.349927284570681,6.721519352425262,0.0,0.0,0.0
163.0596800581555,-13.366485308671532,6.762468119734532,0.0,0.0,0.0
163.43493454747923,-13.383450159524662,6.803763611701522,0.0,0.0,0.0
163.81009549462297,-13.400824424904435,6.845406096280232,0.0,0.0,0.0
164.18516471167902,-13.418610589272554,6.887395774117954,0.0,0.0,0.0
164.56014407477068,-13.436811031845453,6.9297327773267305,0.0,0.0,0.0
164.93503552330858,-13.455428024704668,6.972417168278685,0.0,0.0,0.0
165.30984105921004,-13.474463730952348,7.01544893842683,0.0,0.0,0.0
165.68456274608178,-13.493920202914307,7.058828007152855,0.0,0.0,0.0
166.0592027083651,-13.513799380392637,7.102554220643502,0.0,0.0,0.0
166.43376313044604,-13.534103088970136,7.146627350796951,0.0,0.0,0.0
166.80824625572856,-13.55483303836863,7.191047094160766,0.0,0.0,0.0
167.18265438567258,-13.57599082086314,7.235813070902787,0.0,0.0,0.0
167.5569898787966,-13.597577909753976,7.280924823816408,0.0,0.0,0.0
167.9312551496459,-13.619595657898508,7.32638181736158,0.0,0.0,0.0
168.30545266772637,-13.64204529630462,7.372183436742891,0.0,0.0,0.0
168.67958495640445,-13.664927932787347,7.418328987025989,0.0,0.0,0.0
169.05365459177455,-13.688244550690667,7.464817692293563,0.0,0.0,0.0
169.42766420149354,-13.711996007675753,7.511648694842106,0.0,0.0,0.0
169.80161646358368,-13.736183034577383,7.558821054420559,0.0,0.0,0.0
170.1755141052046,-13.76080623432982,7.606333747511912,0.0,0.0,0.0
170.54935990139467,-13.78586608096351,7.654185666658821,0.0,0.0,0.0
170.9231566737833,-13.81136291867388,7.702375619834139,0.0,0.0,0.0
171.2969072892738,-13.837296960963238,7.750902329857337,0.0,0.0,0.0
171.67061465869915,-13.863668289856975,7.799764433857601,0.0,0.0,0.0
172.04428173545023,-13.890476855194894,7.8489604827844035,0.0,0.0,0.0
172.41791151407833,-13.917722473998525,7.898488940966278,0.0,0.0,0.0
172.7915070288722,-13.945404829915198,7.948348185718414,0.0,0.0,0.0
173.1650713524112,-13.973523472739442,7.998536506999688,0.0,0.0,0.0
173.5386075940951,-14.002077818012282,8.049052107119607,0.0,0.0,0.0
173.9121188986521,-14.03106714669886,8.099893100495647,0.0,0.0,0.0
174.28560844462493,-14.060490604944597,8.151057513461339,0.0,0.0,0.0
174.65907944283796,-14.090347203910255,8.202543284125419,0.0,0.0,0.0
175.0325351348445,-14.120635819685873,8.254348262282276,0.0,0.0,0.0
175.4059787913569,-14.151355193283615,8.306470209373847,0.0,0.0,0.0
175.77941371065933,-14.182503930709432,8.358906798503119,0.0,0.0,0.0
176.15284321700557,-14.214080503113298,8.411655614499136,0.0,0.0,0.0
176.52627065900185,-14.246083247017662,8.46471415403364,0.0,0.0,0.0
176.89969940797695,-14.278510364623786,8.518079825789076,0.0,0.0,0.0
177.2731328563395,-14.31135992419537,8.571749950677852,0.0,0.0,0.0
177.64657441592493,-14.344629860518747,8.62572176211261,0.0,0.0,0.0
178.0200275163326,-14.378317975439167,8.679992406327159,0.0,0.0,0.0
178.3934956032539,-14.412421938472052,8.73455894274768,0.0,0.0,0.0
178.76698213679376,-14.446939287488494,8.789418344413807,0.0,0.0,0.0
179.14049058978503,-14.48186742947392,8.844567498448974,0.0,0.0,0.0
179.51402444609863,-14.517203641358734,8.900003206579564,0.0,0.0,0.0
179.88758719894955,-14.552945070919906,8.95572218570209,0.0,0.0,0.0
180.26118234920003,-14.589088737752059,9.011721068497835,0.0,0.0,-0.0
180.63481340366152,-14.625631534306825,9.06799640409409,0.0,0.0,-0.0
181.0084838733962,-14.66257022699886,9.124544658771253,0.0,0.0,-0.0
181.38219727201917,-14.699901457377196,9.18136221671483,0.0,0.0,-0.0
181.75595711400283,-14.737621743360148,9.238445380811536,0.0,0.0,-0.0
182.129766912984,-14.775727480532248,9.295790373488407,0.0,0.0,-0.0
182.50363018007553,-14.814214943501394,9.353393337593948,0.0,0.0,-0.0
182.87755042218276,-14.853080287314464,9.411250337320293,0.0,0.0,-0.0
183.25153114032665,-14.892319548929509,9.469357359165189,0.0,0.0,-0.0
183.62557582797393,-14.931928648742652,9.527710312932719,0.0,0.0,-0.0
183.99968796937586,-14.971903392167784,9.586305032771543,0.0,0.0,-0.0
184.3738710379161,-15.012239471266906,9.645137278249438,0.0,0.0,-0.0
184.74812849446926,-15.052932466429278,9.704202735462882,0.0,0.0,-0.0
185.12246378577024,-15.093977848097158,9.763497018180425,0.0,0.0,-0.0
185.49688034279635,-15.135370978536068,9.82301566901849,0.0,0.0,-0.0
185.87138157916195,-15.177107113647505,9.882754160648275,0.0,0.0,-0.0
186.2459708895276,-15.219181404821843,9.942707897032486,0.0,0.0,-0.0
186.6206516480236,-15.261588900829366,10.002872214690358,0.0,0.0,-0.0
186.99542720668927,-15.304324549747141,10.063242383989765,0.0,0.0,-0.0
187.37030089392877,-15.347383200919657,10.123813610464873,0.0,0.0,-0.0
187.7452760129839,-15.390759606950894,10.184581036158022,0.0,0.0,-0.0
188.12035584042482,-15.434448425725815,10.24553974098435,0.0,0.0,-0.0
188.49554362465915,-15.478444222458862,10.306684744117845,0.0,0.0,-0.0
188.87084258446063,-15.522741471767539,10.368011005397271,0.0,0.0,-0.0
189.2462559075173,-15.567334559768668,10.4295134267507,0.0,0.0,-0.0
189.62178674900014,-15.612217786195446,10.491186853637155,0.0,0.0,-0.0
189.99743823015265,-15.657385366532907,10.553026076503992,0.0,0.0,-0.0
190.37321343690212,-15.702831434169967,10.615025832258684,0.0,0.0,-0.0
190.74911541849264,-15.748550042565848,10.677180805753576,0.0,0.0,-0.0
191.1251471861407,-15.794535167428847,10.739485631282303,0.0,0.0,-0.0
191.50131171171364,-15.840780708905665,10.801934894086578,0.0,0.0,-0.0
191.8776119264314,-15.887280493779143,10.864523131871978,0.0,0.0,-0.0
192.25405071959182,-15.934028277672706,10.927244836331523,0.0,0.0,-0.0
192.63063093732003,-15.981017747259582,10.990094454675793,0.0,0.0,-0.0
193.00735538134236,-16.028242522475132,11.053066391168318,0.0,0.0,-0.0
193.38422680778433,-16.07569615873047,11.11615500866514,0.0,0.0,-0.0
193.76124792599396,-16.123372149125853,11.179354630157396,0.0,0.0,-0.0
194.13842139739012,-16.171263926662178,11.242659540315726,0.0,0.0,-0.0
194.5157498343357,-16.21936486644912,11.306063987035602,0.0,0.0,-0.0
194.8932357990372,-16.26766828790845,11.369562182982397,0.0,0.0,-0.0
195.27088180246884,-16.31616745697118,11.433148307135351,0.0,0.0,-0.0
195.64869030332343,-16.364855588267226,11.496816506329386,0.0,0.0,-0.0
196.0266637069885,-16.413725847306406,11.560560896793968,0.0,0.0,-0.0
196.40480436454888,-16.462771352649558,11.624375565688094,0.0,0.0,-0.0
196.78311457181488,-16.511985178068763,11.6882545726307,0.0,0.0,-0.0
197.16159656837723,-16.561360354695676,11.752191951225624,0.0,0.0,-0.0
197.54025253668763,-16.610889873156975,11.816181710580523,0.0,0.0,-0.0
197.91908460116593,-16.660566685696175,11.880217836818996,0.0,0.0,-0.0
198.29809482733341,-16.710383708280972,11.944294294585383,0.0,0.0,-0.0
198.67728522097232,-16.76033382269538,12.00840502854156,0.0,0.0,-0.0
199.05665772731174,-16.81040987861609,12.072543964855328,0.0,0.0,-0.0
199.43621423023964,-16.860604695672485,12.136705012679776,0.0,0.0,-0.0
199.81595655154123,-16.910911065489618,12.200882065623308,0.0,0.0,-0.0
200.1958864501634,-16.961321753713996,12.26506900320976,0.0,0.0,-0.0
200.5760056215055,-17.01182950202146,12.329259692328398,0.0,0.0,-0.0
200.956315696736,-17.062427030107024,12.393447988673316,0.0,0.0,-0.0
201.3368182421355,-17.113107037656246,12.45762773817196,0.0,0.0,-0.0
201.71751475846563,-17.163862206297825,12.52179277840252,0.0,0.0,-0.0
202.0984066803637,-17.214685201537304,12.58593693999983,0.0,0.0,-0.0
202.47949537576383,-17.265568674671457,12.650054048049556,0.0,0.0,-0.0
202.8607821453433,-17.316505264683308,12.714137923470437,0.0,0.0,-0.0
203.24226822199503,-17.367487600117396,12.778182384384229,0.0,0.0,-0.0
203.62395477032575,-17.418508300935233,12.8421812474732,0.0,0.0,-0.0
204.0058428861796,-17.469559980350482,12.906128329324833,0.0,0.0,-0.0
204.38793359618757,-17.520635246643806,12.970017447763432,0.0,0.0,-0.0
204.77022785734204,-17.57172670495684,13.033842423168359,0.0,0.0,-0.0
205.15272655659706,-17.622826959065076,13.09759707977851,0.0,0.0,-0.0
205.53543051049365,-17.673928613129085,13.161275246982596,0.0,0.0,-0.0
205.9183404648102,-17.725024273423585,13.22487076059484,0.0,0.0,-0.0
206.30145709423806,-17.776106550043643,13.28837746411548,0.0,0.0,-0.0
206.68478100208196,-17.827168058587397,13.3517892099755,0.0,0.0,-0.0
207.06831271998507,-17.87820142181414,13.415099860764887,0.0,0.0,-0.0
207.45205270767863,-17.92919927127696,13.47830329044361,0.0,0.0,-0.0
207.83600135275583,-17.980154248928454,13.541393385534397,0.0,0.0,-0.0
208.22015897046992,-18.03105900869831,13.6043640462962,0.0,0.0,-0.0
208.60452580355607,-18.081906218040857,13.667209187877225,0.0,0.0,-0.0
208.98910202207676,-18.13268855945084,13.729922741446128,0.0,0.0,-0.0
209.3738877232901,-18.183398731945182,13.792498655299747,0.0,0.0,-0.0
209.75888293154136,-18.234029452508246,13.854930895945774,0.0,0.0,-0.0
210.1440875981764,-18.28457345749783,13.917213449158222,0.0,0.0,-0.0
210.52950160147708,-18.33502350400871,13.979340321003649,0.0,0.0,-0.0
210.9151247466177,-18.38537237119028,14.041305538835552,0.0,0.0,-0.0
211.30095676564235,-18.435612861514283,14.103103152254247,0.0,0.0,-0.0
211.68699731746136,-18.48573780198825,14.164727234029197,0.0,0.0,-0.0
212.07324598786735,-18.535740045309936,14.226171880980388,0.0,0.0,-0.0
212.4597022895686,-18.585612470957177,14.287431214815069,0.0,0.0,-0.0
212.84636566223998,-18.635347986207485,14.348499382915744,0.0,0.0,-0.0
213.2332354725887,-18.684939527080743,14.409370559074938,0.0,0.0,-0.0
213.620311014435,-18.734380059198013,14.470038944171803,0.0,0.0,-0.0
214.0075915088055,-18.78366257854861,14.530498766785229,0.0,0.0,-0.0
214.39507610403714,-18.83278011215703,14.590744283737498,0.0,0.0,-0.0
214.78276387589133,-18.881725718640517,14.650769780562241,0.0,0.0,-0.0
215.17065382767407,-18.93049248864729,14.71056957188962,0.0,0.0,-0.0
215.55874489036208,-18.979073545164624,14.770138001741335,0.0,0.0,-0.0
215.94703592273044,-19.027462043684967,14.829469443727263,0.0,0.0,-0.0
