galstreams/tracks/track.st.GD-1.ibata2021.ecsv
# %ECSV 1.0
# ---
# datatype:
# - {name: ra, unit: deg, datatype: float64}
# - {name: dec, unit: deg, datatype: float64}
# - {name: distance, unit: kpc, datatype: float64}
# - {name: pm_ra_cosdec, unit: mas / yr, datatype: float64}
# - {name: pm_dec, unit: mas / yr, datatype: float64}
# - {name: radial_velocity, unit: km / s, datatype: float64}
# delimiter: ','
# meta: !!omap
# - __serialized_columns__:
#     dec:
#       __class__: astropy.coordinates.angles.Latitude
#       unit: &id001 !astropy.units.Unit {unit: deg}
#       value: !astropy.table.SerializedColumn {name: dec}
#     distance:
#       __class__: astropy.coordinates.distances.Distance
#       unit: !astropy.units.Unit {unit: kpc}
#       value: !astropy.table.SerializedColumn {name: distance}
#     pm_dec:
#       __class__: astropy.units.quantity.Quantity
#       unit: !astropy.units.Unit {unit: mas / yr}
#       value: !astropy.table.SerializedColumn {name: pm_dec}
#     pm_ra_cosdec:
#       __class__: astropy.units.quantity.Quantity
#       unit: !astropy.units.Unit {unit: mas / yr}
#       value: !astropy.table.SerializedColumn {name: pm_ra_cosdec}
#     ra:
#       __class__: astropy.coordinates.angles.Longitude
#       unit: *id001
#       value: !astropy.table.SerializedColumn {name: ra}
#       wrap_angle: !astropy.coordinates.Angle
#         unit: *id001
#         value: 360.0
#     radial_velocity:
#       __class__: astropy.units.quantity.Quantity
#       unit: !astropy.units.Unit {unit: km / s}
#       value: !astropy.table.SerializedColumn {name: radial_velocity}
# schema: astropy-2.0
ra,dec,distance,pm_ra_cosdec,pm_dec,radial_velocity
[from data line 4820]
146.12620537345896,33.13227231271131,7.6133379719772325,-5.049285652169383,-12.791922396032119,29.75101785129405
146.13309212994287,33.14046612761763,7.613334179516955,-5.050239964677339,-12.791354516408472,29.697964486627118
146.13998041777603,33.14865941677975,7.613330591417697,-5.051194356506435,-12.790785945100955,29.644909818821272
146.14687023755712,33.15685217997864,7.613327207722666,-5.052148827642325,-12.790216682085976,29.591853849009958
146.153761589885,33.16504441699525,7.6133240284750645,-5.053103378070611,-12.789646727339925,29.5387965783265
146.16065447535883,33.17323612761032,7.613321053718105,-5.054058007776842,-12.789076080839159,29.485738007904175
146.16754889457795,33.18142731160454,7.613318283494986,-5.055012716746498,-12.788504742560008,29.43267813887621
146.1744448481419,33.18961796875837,7.613315717848919,-5.055967504965006,-12.787932712478785,29.379616972376073
146.18134233665052,33.19780809885236,7.613313356823107,-5.056922372417735,-12.787359990571737,29.326554509537
146.1882413607038,33.205997701666746,7.6133112004607595,-5.057877319089993,-12.786786576815125,29.27349075149246
146.19514192090202,33.214186776981705,7.613309248805081,-5.058832344967032,-12.786212471185156,29.220425699375586
146.2020440178456,33.222375324577314,7.6133075018992775,-5.059787450034039,-12.78563767365802,29.167359354319743
146.2089476521352,33.2305633442335,7.613305959786554,-5.060742634276142,-12.78506218420987,29.114291717458432
146.21585282437178,33.2387508357301,7.6133046225101175,-5.061697897678419,-12.78448600281684,29.061222789924724
146.22275953515646,33.246937798846815,7.613303490113178,-5.062653240225879,-12.783909129455015,29.008152572852016
146.22966778509053,33.25512423336317,7.613302562638935,-5.063608661903476,-12.783331564100482,28.95508106737371
146.23657757477565,33.263310139058724,7.6133018401306005,-5.064564162696106,-12.782753306729266,28.902008274623142
146.24348890481363,33.271495515712786,7.613301322631376,-5.06551974258861,-12.78217435731739,28.84893419573354
146.2504017758064,33.27968036310457,7.613301010184473,-5.066475401565753,-12.781594715840832,28.795858831838384
146.2573161883563,33.28786468101318,7.613300902833091,-5.06743113961226,-12.781014382275558,28.742782184070695
146.26423214306578,33.2960484692176,7.6133010006204405,-5.068386956712786,-12.780433356597479,28.689704253564077
146.27114964053746,33.30423172749664,7.613301303589727,-5.0693428528519195,-12.7798516387825,28.63662504145167
146.27806868137432,33.312414455629124,7.613301811784157,-5.07029882801421,-12.779269228806484,28.58354454886717
146.28498926617954,33.32059665339367,7.613302525246937,-5.071254882184132,-12.778686126645276,28.530462776943274
146.29191139555644,33.32877832056873,7.613303444021271,-5.072211015346104,-12.778102332274683,28.477379726813894
146.29883507010862,33.33695945693271,7.613304568150367,-5.073167227484489,-12.777517845670491,28.424295399611918
146.30576029043988,33.345140062263866,7.613305897677431,-5.07412351858358,-12.776932666808449,28.37120979647099
146.31268705715422,33.35332013634033,7.61330743264567,-5.075079888627613,-12.776346795664278,28.318122918524235
146.31961537085598,33.36149967894012,7.613309173098287,-5.076036337600776,-12.775760232213685,28.265034766905163
146.3265452321496,33.369678689841145,7.613311119078492,-5.076992865487183,-12.775172976432327,28.211945342746937
146.33347664163978,33.37785716882112,7.61331327062949,-5.077949472270889,-12.774585028295842,28.158854647182892
146.3404095999315,33.386035115657805,7.613315627794484,-5.078906157935909,-12.773996387779848,28.10576268134629
146.34734410762982,33.39421253012869,7.6133181906166865,-5.0798629224661624,-12.773407054859913,28.052669446370643
146.35428016534024,33.40238941201117,7.613320959139297,-5.080819765845547,-12.772817029511593,27.99957494338921
146.3612177736683,33.410565761082545,7.6133239334055265,-5.081776688057868,-12.772226311710412,27.946479173535224
146.36815693321984,33.418741577119995,7.613327113458577,-5.082733689086893,-12.771634901431867,27.893382137942023
146.37509764460086,33.42691685990052,7.613330499341661,-5.083690768916305,-12.771042798651415,27.840283837743076
146.3820399084177,33.43509160920113,7.613334091097975,-5.084647927529755,-12.770450003344504,27.787184274071446
146.3889837252769,33.44326582479861,7.613337888770736,-5.085605164910825,-12.769856515486524,27.734083448060602
146.39592909578508,33.4514395064696,7.613341892403145,-5.086562481043017,-12.769262335052867,27.680981360844182
146.4028760205493,33.4596126539907,7.613346102038404,-5.087519875909801,-12.768667462018884,27.62787801355488
146.40982450017663,33.46778526713835,7.613350517719726,-5.088477349494564,-12.768071896359892,27.574773407326365
146.41677453527453,33.47595734568886,7.6133551394903165,-5.089434901780645,-12.767475638051177,27.52166754329221
146.4237261264506,33.484128889418436,7.61335996739338,-5.090392532751314,-12.766878687068012,27.46856042258521
146.43067927431264,33.492299898103106,7.61336500147212,-5.091350242389782,-12.766281043385632,27.41545204633897
146.43763397946884,33.5004703715189,7.613370241769745,-5.092308030679219,-12.765682706979247,27.362342415686886
146.44459024252743,33.50864030944164,7.613375688329463,-5.0932658976027,-12.76508367782402,27.309231531762094
146.45154806409695,33.516809711647,7.6133813411944775,-5.0942238431432605,-12.764483955895102,27.25611939569803
146.4585074447861,33.524978577910595,7.613387200407996,-5.095181867283874,-12.763883541167626,27.203006008628027
146.4654683852039,33.53314690800788,7.613393266013224,-5.096139970007447,-12.763282433616675,27.149891371685317
146.47243088595954,33.54131470171419,7.61339953805337,-5.097098151296826,-12.762680633217308,27.096775486003303
146.4793949476624,33.549481958804726,7.613406016571637,-5.0980564111347935,-12.762078139944569,27.043658352715354
146.48636057092216,33.55764867905466,7.6134127016112325,-5.099014749504085,-12.761474953773451,26.990539972954664
146.49332775634872,33.56581486223892,7.61341959321536,-5.099973166387362,-12.760871074678937,26.93742034785454
146.50029650455215,33.57398050813238,7.613426691427232,-5.100931661767227,-12.760266502635972,26.884299478548453
146.50726681614273,33.582145616509756,7.613433996290049,-5.1018902356262155,-12.75966123761948,26.831177366169626
146.51423869173107,33.59031018714566,7.613441507847019,-5.102848887946822,-12.759055279604343,26.778054011851435
146.52121213192788,33.59847421981459,7.613449226141351,-5.103807618711449,-12.758448628565425,26.724929416727143
146.52818713734422,33.60663771429088,7.613457151216245,-5.104766427902465,-12.757841284477568,26.671803581930224
146.53516370859123,33.614800670348764,7.6134652831149126,-5.105725315502161,-12.757233247315563,26.618676508593836
146.54214184628043,33.622963087762436,7.6134736218805585,-5.106684281492768,-12.756624517054185,26.56554819785132
146.54912155102346,33.63112496630583,7.613482167556388,-5.107643325856468,-12.756015093668191,26.512418650836075
146.55610282343224,33.63928630575285,7.613490920185606,-5.108602448575366,-12.755404977132292,26.45928786868123
146.5630856641189,33.64744710587721,7.613499879811423,-5.1095616496315115,-12.75479416742118,26.406155852520396
146.57007007369572,33.65560736645256,7.6135090464770405,-5.11052092900689,-12.754182664509507,26.353022603486696
146.5770560527753,33.66376708725235,7.613518420225667,-5.111480286683425,-12.753570468371922,26.29988812271354
146.5840436019705,33.67192626805005,7.613528001100508,-5.112439722642989,-12.752957578983011,26.246752411334292
146.5910327218943,33.680084908618866,7.613537789144771,-5.11339923686737,-12.752343996317354,26.19361547048212
146.59802341315998,33.688243008731945,7.613547784401663,-5.114358829338322,-12.751729720349493,26.14047730129042
146.60501567638093,33.69640056816228,7.613557986914385,-5.11531850003751,-12.751114751053954,26.08733790489263
146.61200951217094,33.70455758668277,7.61356839672615,-5.116278248946554,-12.750499088405215,26.034197282421886
146.6190049211439,33.71271406406617,7.613579013880157,-5.1172380760470055,-12.749882732377749,25.98105543501162
146.626001903914,33.720870000085114,7.613589838419619,-5.118197981320353,-12.74926568294597,25.927912363795134
146.63300046109555,33.72902539451212,7.613600870387739,-5.119157964748029,-12.748647940084295,25.874768069905723
146.64000059330314,33.73718024711953,7.613612109827723,-5.12011802631139,-12.74802950376709,25.821622554476864
146.64700230115173,33.74533455767972,7.613623556782778,-5.121078165991749,-12.7474103739687,25.76847581864165
146.6540055852563,33.75348832596477,7.613635211296109,-5.122038383770349,-12.746790550663443,25.715327863533417
146.66101044623213,33.761641551746706,7.613647073410922,-5.122998679628356,-12.746170033825601,25.662178690285806
146.6680168846947,33.76979423479741,7.613659143170424,-5.123959053546896,-12.745548823429449,25.609028300031774
146.6750249012598,33.777946374888664,7.613671420617823,-5.124919505507014,-12.744926919449192,25.555876693904757
146.68203449654334,33.786097971792074,7.613683905796323,-5.1258800354897,-12.744304321859058,25.502723873038196
146.68904567116155,33.79424902527924,7.613696598749129,-5.126840643475887,-12.743681030633205,25.449569838565218
146.69605842573083,33.80239953512152,7.61370949951945,-5.127801329446443,-12.743057045745779,25.396414591619294
146.7030727608678,33.810549501090186,7.613722608150492,-5.128762093382157,-12.742432367170897,25.343258133333755
146.7100886771894,33.81869892295639,7.613735924685458,-5.129722935263779,-12.74180699488264,25.290100464841807
146.71710617531258,33.82684780049116,7.613749449167557,-5.130683855071977,-12.741180928855083,25.236941587276913
146.72412525585477,33.83499613346538,7.613763181639995,-5.1316448527873675,-12.74055416906224,25.183781501772344
146.73114591943352,33.84314392164985,7.613777122145978,-5.132605928390498,-12.73992671547812,25.130620209461128
146.73816816666647,33.85129116481513,7.613791270728711,-5.133567081861846,-12.739298568076688,25.077457711477173
146.7451919981718,33.85943786273187,7.6138056274314,-5.134528313181857,-12.738669726831901,25.02429400895344
146.7522174145676,33.86758401517045,7.613820192297257,-5.135489622330869,-12.738040191717658,24.971129103023202
146.7592444164724,33.87572962190109,7.613834965369478,-5.136451009289189,-12.737409962707861,24.917962994819923
146.76627300450482,33.883874682693964,7.6138499466912775,-5.137412474037049,-12.736779039776362,24.864795685477073
146.77330317928383,33.89201919731911,7.613865136305857,-5.138374016554616,-12.73614742289699,24.81162717612745
146.7803349414285,33.90016316554642,7.613880534256426,-5.139335636821994,-12.735515112043544,24.758457467904886
146.78736829155815,33.9083065871456,7.613896140586188,-5.140297334819225,-12.734882107189806,24.70528656194259
146.79440323029246,33.91644946188642,7.6139119553383505,-5.1412591105262955,-12.734248408309508,24.652114459373788
146.8014397582512,33.924591789538354,7.613927978556119,-5.142220963923116,-12.73361401537637,24.598941161331716
146.8084778760544,33.93273356987079,7.613944210282701,-5.143182894989536,-12.73297892836408,24.54576666894998
146.81551758432235,33.94087480265302,7.613960650561302,-5.144144903705343,-12.732343147246295,24.49259098336164
146.82255888367553,33.94901548765415,7.6139772994351285,-5.145106990050267,-12.731706671996648,24.43941410570027
146.82960177473464,33.95715562464325,7.613994156947385,-5.146069154003961,-12.731069502588735,24.38623603709886
146.83664625812062,33.96529521338919,7.614011223141278,-5.147031395546021,-12.730431638996132,24.333056778691127
146.84369233445463,33.973434253660706,7.6140284980600175,-5.147993714655975,-12.729793081192387,24.27987633160996
146.85074000435816,33.981572745226515,7.614045981746804,-5.1489561113133036,-12.72915382915101,24.226694696989092
146.85778926845273,33.98971068785512,7.6140636742448455,-5.1499185854973994,-12.72851388284548,24.173511875961633
146.86484012736028,33.997848081314885,7.614081575597352,-5.150881137187605,-12.727873242249267,24.120327869660976
146.8718925817028,34.005984925374094,7.614099685847527,-5.151843766363196,-12.727231907335801,24.06714267922036
146.87894663210267,34.014121219800884,7.6141180050385735,-5.15280647300338,-12.726589878078478,24.013956305773082
146.8860022791824,34.02225696436325,7.614136533213702,-5.153769257087307,-12.725947154450672,23.960768750452644
146.89305952356474,34.030392158829066,7.614155270416118,-5.154732118594058,-12.725303736425733,23.90758001439228
146.90011836587271,34.03852680296616,7.614174216689027,-5.155695057502646,-12.724659623976965,23.85439009872526
146.90717880672952,34.04666089654215,7.614193372075632,-5.156658073792031,-12.72401481707767,23.801199004584777
146.9142408467586,34.05479443932452,7.6142127366191446,-5.157621167441101,-12.723369315701097,23.748006733104578
146.92130448658364,34.062927431080645,7.61423231036277,-5.1585843384286765,-12.722723119820479,23.694813285417585
146.92836972682852,34.07105987157781,7.614252093349711,-5.159547586733516,-12.722076229409018,23.641618662657336
146.93543656811735,34.07919176058312,7.614272085623178,-5.160510912334314,-12.721428644439886,23.588422865957035
146.94250501107453,34.08732309786358,7.614292287226372,-5.161474315209701,-12.72078036488623,23.535225896450047
146.9495750563246,34.095453883186025,7.614312698202505,-5.162437795338233,-12.720131390721164,23.482027755269808
146.95664670449239,34.103584116317315,7.614333318594778,-5.163401352698427,-12.719481721917784,23.428828443549378
146.96371995620297,34.11171379702398,7.614354148446401,-5.164364987268704,-12.718831358449137,23.375627962422367
146.97079481208158,34.11984292507255,7.614375187800579,-5.16532869902744,-12.718180300288253,23.322426313021904
146.9778712727537,34.12797150022939,7.614396436700518,-5.1662924879529335,-12.717528547408152,23.269223496481324
146.98494933884507,34.13609952226073,7.614417895189424,-5.16725635402343,-12.716876099781794,23.21601951393413
146.99202901098158,34.14422699093263,7.614439563310502,-5.168220297217095,-12.716222957382131,23.16281436651342
146.9991102897895,34.152353906011186,7.614461441106961,-5.169184317512047,-12.715569120182082,23.109608055352627
147.0061931758952,34.1604802672622,7.614483528622005,-5.170148414886322,-12.714914588154523,23.05640058158509
147.0132776699253,34.168606074451404,7.614505825898841,-5.171112589317903,-12.714259361272322,23.00319194634404
147.02036377250667,34.176731327344406,7.614528332980675,-5.172076840784701,-12.713603439508315,22.949982150762942
147.02745148426635,34.18485602570668,7.6145510499107125,-5.173041169264559,-12.712946822835306,22.896771195975
147.03454080583174,34.19298016930358,7.61457397673216,-5.174005574735264,-12.71228951122606,22.843559083113615
147.04163173783033,34.2011037579003,7.614597113488226,-5.174970057174527,-12.711631504653335,22.790345813312122
147.04872428088996,34.209226791261955,7.614620460222112,-5.1759346165600055,-12.710972803089845,22.737131387703652
147.05581843563849,34.21734926915347,7.614644016977028,-5.176899252869271,-12.710313406508284,22.68391580742184
147.0629142027043,34.22547119133978,7.614667783796182,-5.177863966079849,-12.7096533148813,22.63069907359962
147.07001158271575,34.23359255758552,7.614691760722773,-5.178828756169197,-12.708992528181543,22.57748118737066
147.0771105763016,34.24171336765528,7.614715947800012,-5.179793623114695,-12.708331046381609,22.524262149868196
147.08421118409072,34.24983362131351,7.614740345071106,-5.180758566893669,-12.707668869454075,22.47104196222549
147.09131340671226,34.25795331832456,7.614764952579261,-5.181723587483367,-12.707005997371489,22.41782062557588
147.09841724479554,34.26607245845256,7.61478977036768,-5.182688684860974,-12.706342430106378,22.364598141052703
147.10552269897028,34.27419104146168,7.614814798479571,-5.183653859003625,-12.70567816763122,22.311374509789154
