galstreams/tracks/track.st.M2.ibata2021.ecsv
# %ECSV 1.0
# ---
# datatype:
# - {name: ra, unit: deg, datatype: float64}
# - {name: dec, unit: deg, datatype: float64}
# - {name: distance, unit: kpc, datatype: float64}
# - {name: pm_ra_cosdec, unit: mas / yr, datatype: float64}
# - {name: pm_dec, unit: mas / yr, datatype: float64}
# - {name: radial_velocity, unit: km / s, datatype: float64}
# delimiter: ','
# meta: !!omap
# - __serialized_columns__:
#     dec:
#       __class__: astropy.coordinates.angles.Latitude
#       unit: &id001 !astropy.units.Unit {unit: deg}
#       value: !astropy.table.SerializedColumn {name: dec}
#     distance:
#       __class__: astropy.coordinates.distances.Distance
#       unit: !astropy.units.Unit {unit: kpc}
#       value: !astropy.table.SerializedColumn {name: distance}
#     pm_dec:
#       __class__: astropy.units.quantity.Quantity
#       unit: !astropy.units.Unit {unit: mas / yr}
#       value: !astropy.table.SerializedColumn {name: pm_dec}
#     pm_ra_cosdec:
#       __class__: astropy.units.quantity.Quantity
#       unit: !astropy.units.Unit {unit: mas / yr}
#       value: !astropy.table.SerializedColumn {name: pm_ra_cosdec}
#     ra:
#       __class__: astropy.coordinates.angles.Longitude
#       unit: *id001
#       value: !astropy.table.SerializedColumn {name: ra}
#       wrap_angle: !astropy.coordinates.Angle
#         unit: *id001
#         value: 360.0
#     radial_velocity:
#       __class__: astropy.units.quantity.Quantity
#       unit: !astropy.units.Unit {unit: km / s}
#       value: !astropy.table.SerializedColumn {name: radial_velocity}
# schema: astropy-2.0
ra,dec,distance,pm_ra_cosdec,pm_dec,radial_velocity
[from data line 275]
313.03605071366076,-4.257267306451616,10.341512773122865,4.707512216113951,-2.1740908943920463,-7.4734308277617e-14
313.04574711353564,-4.254723359421786,10.341098725953337,4.7062419950068755,-2.1739661991017565,-1.8630947274842547e-13
313.05544361427667,-4.252179837508921,10.340688962140819,4.704972598259046,-2.173842503810108,-1.5052121244646804e-13
313.0651402152821,-4.249636738595815,10.340283477286127,4.70370402493203,-2.17371980704931,-9.262843842859572e-14
313.07483691595047,-4.247094060565239,10.33988226699009,4.702436274087275,-2.173598107351648,2.6314897280851057e-14
313.0845337156798,-4.2445518013000685,10.339485326853529,4.701169344786102,-2.1734774032494895,-6.105056169157445e-14
313.0942306138684,-4.24200995868317,10.339092652477264,4.6999032360897175,-2.1733576932752667,1.9999321933446802e-14
313.10392760991397,-4.239468530597507,10.33870423946212,4.698637947059208,-2.173238975961499,1.0525958912340423e-14
313.1136247032145,-4.236927514926031,10.338320083408918,4.6973734767555335,-2.1731212498407753,-5.4734986344170195e-14
313.1233218931676,-4.2343869095518,10.337940179918483,4.696109824239545,-2.173004513445762,-1.24206315165617e-13
313.13301917917096,-4.231846712357849,10.33756452459164,4.694846988571963,-2.1728887653091973,-8.315507540748934e-14
313.14271656062186,-4.2293069212273275,10.337193113029201,4.693584968813397,-2.1727740039639065,-1.3262708229548932e-13
313.15241403691783,-4.2267675340433595,10.336825940832,4.692323764024333,-2.172660227942778,-1.1368035625327657e-13
313.1621116074559,-4.2242285486891795,10.336463003600853,4.691063373265136,-2.1725474357787817,-3.5788260301957434e-14
313.1718092716332,-4.221689963048005,10.336104296936584,4.689803795596056,-2.1724356260049618,-6.631354114774466e-14
313.1815070288467,-4.219151775003155,10.335749816440018,4.68854503007722,-2.1723247971544386,-4.105123975812765e-14
313.1912048784931,-4.216613982437933,10.335399557711977,4.687287075768639,-2.1722149477604082,-3.8946047975659563e-14
313.20090281996914,-4.214076583235752,10.33505351635328,4.686029931730204,-2.172106076356142,-7.368171238638296e-14
313.21060085267146,-4.211539575279998,10.334711687964754,4.684773597021686,-2.171998181474984,-1.1789073981821273e-13
313.22029897599646,-4.2090029564541735,10.334374068147218,4.68351807070274,-2.1718912616503583,4.315643154059573e-14
313.22999718934045,-4.206466724641755,10.334040652501493,4.682263351832902,-2.171785315415761,-2.7367493172085098e-14
313.2396954920995,-4.2039308777263305,10.333711436628409,4.681009439471585,-2.171680341304764,-1.2315371927438294e-13
313.2493938836699,-4.201395413591463,10.333386416128782,4.679756332678089,-2.1715763378510125,-4.631421921429786e-14
313.25909236344734,-4.198860330120827,10.333065586603439,4.6785040305115935,-2.1714733035882325,9.578622610229784e-14
313.2687909308278,-4.1963256251980745,10.332748943653199,4.6772525320311615,-2.17137123705022,-1.2631150694808508e-13
313.2784895852069,-4.193791296706968,10.332436482878888,4.6760018362957325,-2.1712701367708465,-8.104988362502126e-14
313.2881883259803,-4.191257342531245,10.332128199881325,4.674751942364136,-2.1711700012840582,-1.2631150694808506e-14
313.2978871525433,-4.188723760554757,10.331824090261332,4.6735028492950805,-2.1710708291238805,7.368171238638296e-15
313.3075860642913,-4.186190548661326,10.331524149619735,4.672254556147154,-2.1709726188244076,-3.8946047975659563e-14
313.31728506061944,-4.183657704734889,10.331228373557359,4.671007061978829,-2.170875368919812,-1.1473295214451061e-13
313.32698414092283,-4.181125226659362,10.330936757675016,4.6697603658484645,-2.17077907794434,-1.0736478090587231e-13
313.3366833045964,-4.178593112318761,10.33064929757354,4.668514466814292,-2.170683744432314,1.7894130150978717e-14
313.346382551035,-4.176061359597088,10.33036598885375,4.667269363934437,-2.1705893669181258,-5.789277401787233e-14
313.3560818796333,-4.17352996637845,10.330086827116464,4.666025056266903,-2.1704959439362517,3.157787673702127e-14
313.36578128978584,-4.170998930546933,10.32981180796251,4.664781542869573,-2.170403474021232,-4.210383564936169e-15
313.37548078088713,-4.168468249986733,10.32954092699271,4.66353882280022,-2.170311955707687,7.368171238638296e-14
313.3851803523315,-4.165937922582019,10.329274179807884,4.662296895116494,-2.1702213875303116,-9.47336302110638e-15
313.39488000351304,-4.163407946217072,10.329011562008857,4.661055758875932,-2.1701317680238725,-1.9051985631336166e-13
313.404579733826,-4.160878318776168,10.328753069196447,4.659815413135954,-2.1700430957232117,6.73661370389787e-14
313.41427954266425,-4.158349038143618,10.328498696971483,4.658575856953862,-2.1699553691632483,-8.420767129872338e-15
313.42397942942165,-4.15582010220382,10.328248440934786,4.657337089386841,-2.1698685868789696,-3.0525280845787224e-14
313.4336793934919,-4.153291508841206,10.328002296687176,4.656099109491965,-2.169782747405443,-3.8946047975659563e-14
313.44337943426865,-4.15076325594022,10.327760259829475,4.654861916326189,-2.169697849277805,7.4734308277617e-14
313.4530795511453,-4.1482353413853525,10.327522325962514,4.653625508946343,-2.169613891031272,-7.157652060391487e-14
313.4627797435153,-4.145707763061182,10.327288490687101,4.652389886409158,-2.169530871201128,1.2631150694808506e-14
313.4724800107718,-4.1431805188522635,10.32705874960407,4.651155047771235,-2.1694487883227347,-3.789345208442552e-14
313.48218035230786,-4.140653606643262,10.326833098314241,4.649920992089068,-2.169367640931529,-1.24206315165617e-13
313.49188076751665,-4.138127024318818,10.326611532418436,4.648687718419029,-2.1692874275630154,-7.262911649514892e-14
313.5015812557908,-4.135600769763681,10.326394047517477,4.64745522581738,-2.16920814675278,-1.1894333570944678e-13
313.51128181652336,-4.133074840862578,10.326180639212188,4.646223513340263,-2.169129797036475,-3.5788260301957434e-14
313.5209824491067,-4.130549235500342,10.325971303103387,4.644992580043709,-2.1690523769498355,1.2631150694808506e-14
313.5306831529335,-4.128023951561785,10.3257660347919,4.643762424983633,-2.16897588502866,-1.0525958912340423e-14
313.54038392739596,-4.12549898693182,10.325564829878552,4.64253304721583,-2.1689003198088272,-1.6525755492374463e-13
313.5500847718866,-4.122974339495348,10.325367683964162,4.641304445795985,-2.168825679826286,3.0525280845787224e-14
313.5597856857973,-4.120450007137368,10.325174592649555,4.640076619779668,-2.168751963617063,-4.8419410996765944e-14
313.56948666852026,-4.117925987742859,10.324985551535551,4.638849568222334,-2.168679169717252,-1.0420699323217018e-13
313.57918771944736,-4.115402279196907,10.324800556222979,4.637623290179319,-2.1686072966630245,1.5788938368510635e-14
313.5888888379704,-4.112878879384577,10.32461960231265,4.636397784705855,-2.1685363429906266,-1.9894062344323399e-13
313.598590023481,-4.110355786191038,10.324442685405396,4.635173050857044,-2.168466307236371,2.1051917824680845e-15
313.6082912753708,-4.1078329975014345,10.324269801102037,4.63394908768789,-2.168397187936651,-1.3578486996919146e-13
313.6179925930311,-4.105310511201022,10.324100945003394,4.632725894253273,-2.168328983627928,-8.420767129872338e-14
313.62769397585333,-4.102788325175033,10.32393611271029,4.631503469607962,-2.1682616928467393,-5.789277401787233e-14
313.63739542322867,-4.1002664373087985,10.323775299823554,4.630281812806608,-2.1681953141296937,-1.0631218501463827e-13
313.64709693454824,-4.097744845487636,10.323618501943999,4.629060922903756,-2.1681298460134704,5.578758223540424e-14
313.6567985092028,-4.095223547596965,10.323465714672452,4.627840798953834,-2.168065287034831,-3.8946047975659563e-14
313.66650014658353,-4.092702541522182,10.323316933609735,4.626621440011148,-2.1680016357305965,-3.4735664410723393e-14
313.6762018460808,-4.09018182514879,10.323172154356671,4.6254028451299085,-2.1679388906376733,7.368171238638296e-15
313.6859036070855,-4.087661396362265,10.323031372514082,4.624185013364194,-2.1678770502930296,-8.631286308119147e-14
313.69560542898796,-4.085141253048199,10.322894583682793,4.62296794376798,-2.167816113233714,3.789345208442552e-14
313.7053073111786,-4.0826213930921496,10.322761783463624,4.621751635395128,-2.1677560779968434,1.7894130150978717e-14
313.7150092530477,-4.080101814379786,10.322632967457396,4.620536087299385,-2.1676969431196107,9.47336302110638e-15
313.72471125398533,-4.077582514796753,10.322508131264934,4.619321298534384,-2.16763870713928,-1.021018014497021e-13
313.73441331338165,-4.0750634922288,10.322387270487065,4.618107268153651,-2.1675813685931846,-1.3683746586042549e-14
313.74411543062644,-4.072544744561657,10.322270380724602,4.616893995210589,-2.1675249260187344,-1.0631218501463827e-13
313.75381760510953,-4.070026269681153,10.322157457578372,4.615681478758496,-2.1674693779534113,9.47336302110638e-15
313.7635198362206,-4.067508065473098,10.3220484966492,4.614469717850557,-2.167414722934765,1.5788938368510635e-14
313.77322212334917,-4.064990129823406,10.321943493537907,4.613258711539842,-2.1673609595004235,-1.1262776036204252e-13
313.7829244658848,-4.06247246061797,10.321842443845314,4.612048458879315,-2.167308086188083,-1.5367900012017016e-13
313.79262686321664,-4.059955055742782,10.321745343172246,4.610838958921816,-2.1672561015355134,-1.1683814392697868e-13
313.80232931473415,-4.057437913083819,10.321652187119524,4.609630210720084,-2.167205004080556,9.47336302110638e-15
313.8120318198262,-4.054921030527156,10.321562971287971,4.608422213326744,-2.1671547923611216,3.9998643866893604e-14
313.8217343778818,-4.052404405958847,10.32147769127841,4.607214965794302,-2.1671054649152,-1.1052256857957444e-13
313.8314369882899,-4.049888037265052,10.321396342691662,4.6060084671751635,-2.1670570202808457,-9.894401377599997e-14
313.8411396504393,-4.0473719223319025,10.321318921128553,4.604802716521615,-2.1670094569961886,4.8419410996765944e-14
313.8508423637184,-4.044856059045644,10.3212454221899,4.603597712885834,-2.1669627735994297,-8.526026718995742e-14
313.86054512751605,-4.0423404452924885,10.32117584147653,4.602393455319882,-2.16691696862884,2.4209705498382972e-14
313.8702479412203,-4.039825078958756,10.321110174589267,4.601189942875719,-2.1668720406227644,-1.1157516447080849e-13
313.8799508042198,-4.037309957930748,10.321048417128926,4.599987174605185,-2.166827988119619,-3.0525280845787224e-14
313.8896537159025,-4.034795080094862,10.320990564696338,4.598785149560014,-2.1667848096578908,-1.0525958912340423e-14
313.8993566756565,-4.032280443337475,10.320936612892321,4.597583866791823,-2.1667425037761374,-8.526026718995742e-14
313.90905968286984,-4.029766045545071,10.3208865573177,4.596383325352129,-2.16670106901299,-4.210383564936169e-15
313.9187627369303,-4.027251884604107,10.320840393573295,4.595183524292327,-2.1666605039071505,-1.3367967818672336e-13
313.9284658372256,-4.024737958401147,10.320798117259933,4.593984462663709,-2.1666208069973902,-8.736545897242551e-14
313.9381689831434,-4.022224264822722,10.320759723978432,4.592786139517455,-2.166581976822554,-4.9472006887999985e-14
313.9478721740711,-4.019710801755483,10.320725209329614,4.59158855390463,-2.1665440119215553,-6.420834936527658e-14
313.9575754093962,-4.0171975670860425,10.320694568914305,4.590391704876198,-2.166506910833382,2.8420089063319142e-14
313.9672786885059,-4.0146845587011235,10.320667798333327,4.589195591483004,-2.166470672097092,-4.9472006887999985e-14
313.9769820107875,-4.012171774487423,10.320644893187504,4.588000212775784,-2.1664352942518117,8.420767129872338e-15
313.9866853756278,-4.009659212331743,10.320625849077652,4.586805567805172,-2.1664007758367436,-1.473634247727659e-14
313.99638878241393,-4.007146870120862,10.320610661604602,4.585611655621685,-2.166367115391154,-1.0525958912340423e-13
314.00609223053266,-4.004634745741659,10.32059932636917,4.584418475275732,-2.166334311454384,6.315575347404253e-15
314.0157957193708,-4.002122837080991,10.32059183897218,4.583226025817615,-2.1663023625658475,-6.631354114774466e-14
314.02549924831476,-3.999611142025819,10.320588195014457,4.582034306297522,-2.1662712672650275,-1.273641028393191e-13
314.0352028167512,-3.9970996584630747,10.320588390096825,4.580843315765533,-2.1662410240914745,8.420767129872338e-15
314.0449064240664,-3.9945883842798016,10.3205924198201,4.579653053271626,-2.166211631584814,-1.2315371927438294e-13
314.0546100696468,-3.9920773173630115,10.320600279785111,4.578463517865655,-2.1661830882847397,-4.210383564936169e-14
314.0643137528783,-3.989566455599824,10.320611965592676,4.577274708597384,-2.166155392731016,-4.4209027431829774e-14
314.0740174731471,-3.987055796877347,10.32062747284362,4.5760866245164555,-2.1661285434634787,-1.1262776036204252e-13
314.08372122983917,-3.9845453390827257,10.32064679713877,4.574899264672402,-2.166102539022032,-2.2104513715914887e-14
314.0934250223402,-3.9820350801032016,10.320669934078937,4.573712628114655,-2.166077377946653,-5.578758223540424e-14
314.1031288500361,-3.9795250178259813,10.320696879264954,4.572526713892534,-2.166053058777388,-1.7367832205361698e-13
314.11283271231235,-3.9770151501383806,10.32072762829764,4.571341521055249,-2.166029580054352,-7.052392471268083e-14
314.12253660855447,-3.974505474927686,10.320762176777817,4.570157048651906,-2.166006940317733,-1.4525823299029783e-13
314.1322405381478,-3.97199599008129,10.32080052030631,4.568973295731496,-2.1659851381077844,-6.73661370389787e-14
314.1419445004778,-3.96948669348656,10.320842654483936,4.567790261342909,-2.1659641719648346,-2.1051917824680845e-15
314.15164849492936,-3.9669775830309653,10.320888574911523,4.566607944534923,-2.1659440404292813,2.7367493172085098e-14
314.16135252088776,-3.964468656601949,10.320938277189894,4.56542634435621,-2.1659247420415886,2.1051917824680845e-15
314.17105657773783,-3.9619599120870608,10.320991756919868,4.56424545985533,-2.165906275342293,-3.4735664410723393e-14
314.1807606648645,-3.9594513473738204,10.321049009702268,4.563065290080747,-2.165888638872002,-4.105123975812765e-14
314.19046478165245,-3.956942960349852,10.32111003113792,4.561885834080801,-2.1658718311713883,-7.052392471268083e-14
314.2001689274864,-3.9544347489027554,10.321174816827643,4.56070709090374,-2.165855850781199,-3.4735664410723393e-14
314.20987310175065,-3.951926710920233,10.321243362372257,4.559529059597697,-2.1658406962422485,-1.0525958912340423e-13
314.21957730382985,-3.949418844289961,10.321315663372593,4.558351739210696,-2.1658263660954225,-6.315575347404253e-15
314.2292815331081,-3.9469111468997164,10.321391715429469,4.55717512879066,-2.1658128588816727,-1.9894062344323399e-13
314.23898578896984,-3.9444036166372527,10.321471514143706,4.5559992273854,-2.1658001731420224,4.315643154059573e-14
314.2486900707989,-3.9418962513904265,10.321555055116129,4.5548240340426265,-2.1657883074175652,4.5261623323063815e-14
314.2583943779794,-3.939389049047066,10.321642333947558,4.553649547809936,-2.1657772602494636,1.473634247727659e-14
314.2680987098951,-3.9368820074951043,10.321733346238819,4.552475767734823,-2.1657670301789476,-3.8946047975659563e-14
314.27780306592996,-3.934375124622445,10.321828087590733,4.551302692864677,-2.1657576157473173,1.6841534259744676e-14
314.28750744546744,-3.9318683983171,10.32192655360412,4.550130322246776,-2.1657490154959436,3.789345208442552e-14
314.2972118478912,-3.9293618264670482,10.322028739879809,4.548958654928295,-2.165741227966261,1.3683746586042549e-14
314.30691627258466,-3.9268554069603754,10.322134642018614,4.547787689956307,-2.1657342516997824,-1.473634247727659e-14
314.3166207189311,-3.92434913768514,10.322244255621367,4.546617426377768,-2.1657280852380802,-7.262911649514892e-14
314.32632518631385,-3.9218430165295017,10.322357576288882,4.54544786323954,-2.165722727122802,-3.789345208442552e-14
314.33602967411593,-3.919337041381594,10.322474599621989,4.544278999588375,-2.16571817589566,-8.420767129872338e-14
