galstreams/tracks/track.st.Gaia-8.ibata2024.ecsv
# %ECSV 1.0
# ---
# datatype:
# - {name: ra, unit: deg, datatype: float64}
# - {name: dec, unit: deg, datatype: float64}
# - {name: distance, unit: kpc, datatype: float64}
# - {name: pm_ra_cosdec, unit: mas / yr, datatype: float64}
# - {name: pm_dec, unit: mas / yr, datatype: float64}
# - {name: radial_velocity, unit: km / s, datatype: float64}
# delimiter: ','
# meta: !!omap
# - __serialized_columns__:
#     dec:
#       __class__: astropy.coordinates.angles.Latitude
#       unit: &id001 !astropy.units.Unit {unit: deg}
#       value: !astropy.table.SerializedColumn {name: dec}
#     distance:
#       __class__: astropy.coordinates.distances.Distance
#       unit: !astropy.units.Unit {unit: kpc}
#       value: !astropy.table.SerializedColumn {name: distance}
#     pm_dec:
#       __class__: astropy.units.quantity.Quantity
#       unit: !astropy.units.Unit {unit: mas / yr}
#       value: !astropy.table.SerializedColumn {name: pm_dec}
#     pm_ra_cosdec:
#       __class__: astropy.units.quantity.Quantity
#       unit: !astropy.units.Unit {unit: mas / yr}
#       value: !astropy.table.SerializedColumn {name: pm_ra_cosdec}
#     ra:
#       __class__: astropy.coordinates.angles.Longitude
#       unit: *id001
#       value: !astropy.table.SerializedColumn {name: ra}
#       wrap_angle: !astropy.coordinates.Angle
#         unit: *id001
#         value: 360.0
#     radial_velocity:
#       __class__: astropy.units.quantity.Quantity
#       unit: !astropy.units.Unit {unit: km / s}
#       value: !astropy.table.SerializedColumn {name: radial_velocity}
# schema: astropy-2.0
ra,dec,distance,pm_ra_cosdec,pm_dec,radial_velocity
[from data line 4056]
203.75968554753294,-12.02550361154413,0.9999999999999999,-9.632968719435556,-8.637727723517346,43.357421215978796
203.7691755416461,-12.020837692904566,1.0,-9.632672744893345,-8.637540257213072,43.28256745147907
203.77866682621988,-12.016173237046305,0.9999999999999999,-9.63237609449244,-8.637352355306126,43.20769072908823
203.7881594020103,-12.01151024465067,0.9999999999999999,-9.632078767979504,-8.637164017721439,43.13279103468082
203.79765326977332,-12.00684871639908,0.9999999999999999,-9.631780765101194,-8.636975244383969,43.05786835413128
203.80714843026476,-12.002188652973063,0.9999999999999999,-9.631482085604134,-8.636786035218718,42.982922673314036
203.8166448842404,-11.997530055054252,1.0,-9.631182729234933,-8.636596390150698,42.90795397810355
203.82614263245588,-11.992872923324397,0.9999999999999998,-9.630882695740178,-8.63640630910497,42.83296225437422
203.83564167566678,-11.988217258465351,0.9999999999999998,-9.630581984866431,-8.636215792006615,42.75794748800057
203.84514201462866,-11.983563061159074,0.9999999999999999,-9.630280596360242,-8.636024838780749,42.682909664857036
203.85464365009688,-11.978910332087642,0.9999999999999999,-9.62997852996814,-8.635833449352521,42.60784877081805
203.86414658282683,-11.97425907193323,0.9999999999999999,-9.629675785436621,-8.635641623647107,42.53276479175807
203.8736508135737,-11.96960928137813,0.9999999999999999,-9.629372362512179,-8.635449361589716,42.45765771355148
203.88315634309265,-11.964960961104751,0.9999999999999999,-9.629068260941265,-8.635256663105586,42.382527522072856
203.89266317213878,-11.960314111795586,0.9999999999999999,-9.62876348047033,-8.63506352811999,42.30737420319659
203.9021713014671,-11.955668734133257,0.9999999999999999,-9.628458020845795,-8.634869956558234,42.2321977427971
203.91168073183243,-11.9510248288005,0.9999999999999999,-9.628151881814055,-8.634675948345654,42.1569981267489
203.92119146398966,-11.946382396480145,0.9999999999999998,-9.627845063121487,-8.63448150340761,42.08177534092633
203.93070349869348,-11.941741437855146,0.9999999999999998,-9.627537564514459,-8.634286621669503,42.00652937120398
203.94021683669857,-11.93710195360856,0.9999999999999999,-9.627229385739298,-8.634091303056767,41.93126020345623
203.94973147875942,-11.932463944423553,1.0,-9.626920526542317,-8.633895547494856,41.85596782355756
203.95924742563054,-11.92782741098341,0.9999999999999998,-9.62661098666982,-8.633699354909279,41.78065221738238
203.96876467806632,-11.923192353971512,0.9999999999999998,-9.626300765868077,-8.633502725225556,41.70531337080511
203.978283236821,-11.918558774071379,0.9999999999999998,-9.625989863883333,-8.633305658369244,41.62995126970028
203.98780310264885,-11.913926671966607,0.9999999999999998,-9.625678280461823,-8.63310815426594,41.554565899942354
203.99732427630397,-11.909296048340925,0.9999999999999998,-9.625366015349751,-8.632910212841264,41.4791572474057
204.00684675854035,-11.90466690387817,0.9999999999999999,-9.625053068293308,-8.632711834020881,41.40372529796481
204.016370550112,-11.900039239262288,0.9999999999999998,-9.624739439038656,-8.632513017730476,41.32827003749415
204.02589565177274,-11.895413055177338,0.9999999999999999,-9.624425127331943,-8.63231376389578,41.25279145186806
204.0354220642763,-11.890788352307487,0.9999999999999998,-9.62411013291928,-8.632114072442539,41.17728952696117
204.04494978837644,-11.886165131337027,0.9999999999999999,-9.623794455546776,-8.631913943296553,41.10176424864782
204.0544788248267,-11.881543392950345,0.9999999999999997,-9.623478094960507,-8.631713376383644,41.0262156028025
204.06400917438057,-11.876923137831954,0.9999999999999998,-9.623161050906523,-8.631512371629665,40.95064357529966
204.07354083779154,-11.872304366666462,0.9999999999999999,-9.622843323130866,-8.631310928960508,40.87504815201364
204.08307381581287,-11.86768708013862,0.9999999999999998,-9.622524911379546,-8.631109048302106,40.79942931881905
204.09260810919784,-11.863071278933262,1.0,-9.622205815398548,-8.630906729580405,40.72378706159029
204.10214371869955,-11.85845696373535,1.0,-9.621886034933844,-8.630703972721404,40.64812136620179
204.11168064507115,-11.853844135229963,0.9999999999999998,-9.621565569731384,-8.63050077765113,40.572432218527986
204.12121888906552,-11.849232794102264,0.9999999999999999,-9.621244419537078,-8.630297144295644,40.49671960444331
204.13075845143558,-11.844622941037578,0.9999999999999998,-9.620922584096835,-8.630093072581037,40.420983509822314
204.14029933293415,-11.840014576721302,0.9999999999999999,-9.62060006315653,-8.62988856243344,40.34522392053937
204.14984153431394,-11.835407701838973,0.9999999999999999,-9.62027685646203,-8.629683613779024,40.26944082246895
204.15938505632747,-11.830802317076223,0.9999999999999998,-9.619952963759154,-8.629478226543977,40.1936342014855
204.16892989972743,-11.826198423118806,0.9999999999999998,-9.619628384793723,-8.629272400654537,40.1178040434634
204.17847606526612,-11.821596020652601,0.9999999999999998,-9.619303119311517,-8.62906613603697,40.041950334277246
204.18802355369596,-11.81699511036358,0.9999999999999999,-9.618977167058308,-8.628859432617585,39.966073059801396
204.1975723657692,-11.812395692937853,0.9999999999999998,-9.61865052777984,-8.628652290322716,39.89017220591032
204.207122502238,-11.807797769061626,0.9999999999999998,-9.61832320122183,-8.628444709078735,39.81424775847848
204.21667396385445,-11.803201339421223,0.9999999999999998,-9.617995187129974,-8.628236688812052,39.73829970338023
204.22622675137052,-11.798606404703094,0.9999999999999999,-9.617666485249947,-8.628028229449114,39.66232802649019
204.23578086553812,-11.794012965593799,0.9999999999999999,-9.617337095327404,-8.627819330916399,39.58633271368272
204.24533630710906,-11.789421022780012,1.0,-9.617007017107975,-8.627609993140425,39.51031375083223
204.25489307683512,-11.784830576948512,0.9999999999999998,-9.616676250337262,-8.627400216047738,39.43427112381322
204.26445117546783,-11.780241628786216,0.9999999999999999,-9.616344794760849,-8.62718999956493,39.358204818500106
204.27401060375877,-11.775654178980142,0.9999999999999997,-9.616012650124294,-8.626979343618624,39.282114820767404
204.28357136245938,-11.771068228217429,0.9999999999999998,-9.615679816173131,-8.626768248135477,39.20600111648954
204.29313345232106,-11.766483777185329,0.9999999999999998,-9.61534629265288,-8.626556713042188,39.12986369154095
204.30269687409503,-11.761900826571214,0.9999999999999998,-9.615012079309023,-8.626344738265484,39.05370253179609
204.3122616285325,-11.757319377062572,0.9999999999999998,-9.614677175887032,-8.626132323732133,38.97751762312941
204.32182771638455,-11.752739429346999,0.9999999999999997,-9.614341582132349,-8.625919469368952,38.90130895141528
204.33139513840212,-11.748160984112223,0.9999999999999999,-9.614005297790383,-8.625706175102765,38.82507650252828
204.34096389533616,-11.74358404204608,1.0,-9.613668322606545,-8.625492440860468,38.748820262342825
204.3505339879375,-11.739008603836535,0.9999999999999999,-9.613330656326202,-8.62527826656897,38.672540216733374
204.3601054169568,-11.734434670171646,0.9999999999999999,-9.612992298694696,-8.625063652155218,38.59623635157431
204.36967818314474,-11.729862241739603,0.9999999999999998,-9.61265324945736,-8.624848597546206,38.51990865274006
204.37925228725186,-11.725291319228726,0.9999999999999998,-9.612313508359492,-8.624633102668966,38.4435571061052
204.3888277300285,-11.720721903327432,0.9999999999999998,-9.611973075146361,-8.624417167450556,38.36718169754417
204.39840451222517,-11.716153994724275,0.9999999999999998,-9.611631949563233,-8.624200791818081,38.290782412931335
204.40798263459203,-11.7115875941079,1.0,-9.61129013135533,-8.623983975698678,38.21435923814118
204.41756209787926,-11.707022702167102,0.9999999999999999,-9.610947620267861,-8.623766719019535,38.13791215904811
204.42714290283695,-11.702459319590771,0.9999999999999998,-9.610604416046005,-8.623549021707856,38.06144116152668
204.4367250502151,-11.697897447067934,0.9999999999999999,-9.610260518434918,-8.623330883690896,37.98494623145126
204.44630854076354,-11.693337085287714,1.0,-9.609915927179733,-8.623112304895951,37.908427354696336
204.4558933752321,-11.688778234939393,0.9999999999999999,-9.609570642025563,-8.622893285250347,37.831884517136366
204.46547955437052,-11.684220896712311,1.0,-9.609224662717484,-8.622673824681454,37.75531770464572
204.4750670789284,-11.679665071295991,0.9999999999999997,-9.608877989000566,-8.622453923116684,37.678726903098955
204.4846559496552,-11.675110759380033,0.9999999999999997,-9.608530620619838,-8.622233580483472,37.60211209837045
204.4942461673004,-11.670557961654175,0.9999999999999999,-9.608182557320307,-8.622012796709306,37.525473276334694
204.5038377326133,-11.666006678808271,0.9999999999999999,-9.607833798846967,-8.62179157172171,37.448810422866146
204.51343064634315,-11.661456911532289,0.9999999999999999,-9.60748434494478,-8.621569905448247,37.37212352383918
204.52302490923913,-11.65690866051633,0.9999999999999999,-9.607134195358677,-8.621347797816512,37.29541256512835
204.53262052205028,-11.652361926450606,0.9999999999999998,-9.606783349833579,-8.621125248754153,37.21867753260807
204.54221748552553,-11.647816710025449,0.9999999999999998,-9.60643180811437,-8.620902258188844,37.14191841215273
204.55181580041375,-11.643273011931326,0.9999999999999998,-9.606079569945912,-8.620678826048305,37.065135189636855
204.5614154674637,-11.63873083285879,0.9999999999999999,-9.60572663507304,-8.620454952260289,36.98832785093485
204.5710164874241,-11.634190173498562,0.9999999999999998,-9.605373003240578,-8.620230636752604,36.911496381921204
204.5806188610435,-11.629651034541446,0.9999999999999998,-9.6050186741933,-8.620005879453078,36.83464076847033
204.59022258907038,-11.625113416678385,0.9999999999999997,-9.60466364767598,-8.619780680289598,36.757760996456746
204.59982767225316,-11.620577320600447,0.9999999999999999,-9.604307923433351,-8.61955503919007,36.68085705175483
204.60943411134014,-11.616042746998808,0.9999999999999997,-9.603951501210132,-8.61932895608246,36.603928920239056
204.6190419070795,-11.611509696564768,0.9999999999999996,-9.603594380751002,-8.619102430894763,36.526976587783786
204.62865106021934,-11.606978169989763,0.9999999999999997,-9.603236561800628,-8.618875463555014,36.450000040263674
204.6382615715077,-11.602448167965344,0.9999999999999997,-9.602878044103647,-8.618648053991294,36.37299926355301
204.6478734416925,-11.597919691183176,0.9999999999999998,-9.602518827404673,-8.618420202131723,36.29597424352634
204.65748667152155,-11.593392740335057,0.9999999999999998,-9.602158911448289,-8.618191907904462,36.21892496605803
204.66710126174257,-11.588867316112891,0.9999999999999998,-9.601798295979055,-8.61796317123771,36.14185141702252
204.67671721310325,-11.584343419208734,0.9999999999999998,-9.601436980741509,-8.617733992059705,36.064753582294344
204.6863345263511,-11.579821050314738,0.9999999999999998,-9.60107496548016,-8.617504370298734,35.98763144774793
204.6959532022335,-11.575300210123197,0.9999999999999998,-9.600712249939495,-8.617274305883123,35.91048499925771
204.7055732414979,-11.570780899326511,0.9999999999999999,-9.600348833863961,-8.61704379874123,35.83331422269813
204.71519464489148,-11.566263118617213,0.9999999999999996,-9.599984716998009,-8.616812848801466,35.7561191039436
204.72481741316142,-11.561746868687964,0.9999999999999998,-9.59961989908603,-8.616581455992279,35.67889962886866
204.73444154705476,-11.557232150231536,0.9999999999999997,-9.599254379872407,-8.616349620242158,35.60165578334769
204.74406704731848,-11.552718963940848,0.9999999999999998,-9.598888159101499,-8.61611734147963,35.52438755325524
204.75369391469945,-11.54820731050891,0.9999999999999997,-9.598521236517637,-8.61588461963328,35.44709492446567
204.76332214994443,-11.54369719062888,0.9999999999999997,-9.598153611865113,-8.615651454631708,35.36977788285338
204.77295175380007,-11.539188604994038,0.9999999999999998,-9.597785284888213,-8.61541784640358,35.292436414292936
204.78258272701305,-11.534681554297784,0.9999999999999997,-9.597416255331186,-8.615183794877597,35.21507050465874
204.79221507032972,-11.53017603923364,0.9999999999999998,-9.59704652293825,-8.614949299982495,35.13768013982528
204.8018487844965,-11.52567206049526,0.9999999999999998,-9.596676087453611,-8.614714361647062,35.06026530566695
204.81148387025976,-11.521169618776419,0.9999999999999998,-9.596304948621434,-8.614478979800126,34.982825988058174
204.82112032836557,-11.516668714771019,0.9999999999999998,-9.59593310618586,-8.614243154370554,34.905362172873495
204.8307581595601,-11.512169349173087,0.9999999999999997,-9.595560559891023,-8.614006885287262,34.82787384598732
204.84039736458934,-11.507671522676771,0.9999999999999997,-9.595187309481002,-8.613770172479201,34.75036099327411
204.85003794419913,-11.503175235976359,0.9999999999999996,-9.594813354699866,-8.613533015875374,34.672823600608304
204.8596798991353,-11.498680489766242,0.9999999999999999,-9.594438695291647,-8.613295415404814,34.5952616538643
204.8693232301436,-11.494187284740955,0.9999999999999998,-9.59406333100037,-8.613057370996623,34.51767513891662
204.87896793796958,-11.489695621595155,0.9999999999999997,-9.593687261570013,-8.612818882579916,34.440064041639744
204.88861402335874,-11.485205501023634,0.9999999999999997,-9.593310486744528,-8.612579950083864,34.36242834790806
204.89826148705652,-11.480716923721287,0.9999999999999997,-9.592933006267856,-8.61234057343769,34.28476804359604
204.90791032980823,-11.476229890383156,0.9999999999999998,-9.592554819883897,-8.612100752570651,34.207083114578076
204.91756055235908,-11.471744401704402,0.9999999999999996,-9.59217592733653,-8.611860487412049,34.12937354672869
204.92721215545413,-11.46726045838032,0.9999999999999997,-9.5917963283696,-8.611619777891228,34.051639325922324
204.93686513983846,-11.462778061106333,0.9999999999999996,-9.59141602272694,-8.611378623937588,33.97388043803345
204.94651950625695,-11.458297210577964,0.9999999999999997,-9.591035010152337,-8.61113702548056,33.896096868936446
204.95617525545444,-11.453817907490906,0.9999999999999997,-9.590653290389561,-8.610894982449619,33.81828860450583
204.9658323881756,-11.449340152540945,0.9999999999999998,-9.590270863182354,-8.610652494774302,33.74045563061597
204.97549090516512,-11.444863946424023,0.9999999999999998,-9.589887728274435,-8.61040956238417,33.66259793314144
204.98515080716749,-11.44038928983619,0.9999999999999997,-9.589503885409487,-8.61016618520884,33.58471549795657
204.9948120949271,-11.435916183473623,0.9999999999999998,-9.589119334331167,-8.609922363177965,33.50680831093591
205.0044747691883,-11.431444628032649,0.9999999999999997,-9.588734074783108,-8.609678096221257,33.42887635795385
205.01413883069534,-11.42697462420969,0.9999999999999998,-9.588348106508912,-8.609433384268462,33.35091962488477
205.02380428019225,-11.422506172701334,0.9999999999999999,-9.587961429252157,-8.609188227249366,33.27293809760329
205.03347111842314,-11.418039274204279,0.9999999999999998,-9.587574042756396,-8.608942625093826,33.19493176198375
205.0431393461319,-11.413573929415342,0.9999999999999996,-9.587185946765143,-8.608696577731713,33.116900603900646
205.05280896406236,-11.40911013903149,0.9999999999999997,-9.586797141021892,-8.608450085092962,33.03884460922841
205.06247997295824,-11.404647903749803,0.9999999999999998,-9.586407625270109,-8.608203147107545,32.960763763841406
205.07215237356314,-11.400187224267501,0.9999999999999997,-9.586017399253237,-8.607955763705496,32.882658053614264
205.08182616662063,-11.395728101281929,0.9999999999999997,-9.585626462714671,-8.607707934816869,32.804527464421305
205.09150135287408,-11.391270535490566,0.9999999999999996,-9.585234815397808,-8.607459660371791,32.726371982137024
205.10117793306682,-11.386814527591016,0.9999999999999997,-9.584842457045989,-8.607210940300412,32.64819159263586
