galstreams/tracks/track.po.PS1-C.bernard2016.ecsv
# %ECSV 0.9
# ---
# datatype:
# - {name: ra, unit: deg, datatype: float64}
# - {name: dec, unit: deg, datatype: float64}
# - {name: distance, unit: kpc, datatype: float64}
# - {name: pm_ra_cosdec, unit: mas / yr, datatype: float64}
# - {name: pm_dec, unit: mas / yr, datatype: float64}
# - {name: radial_velocity, unit: km / s, datatype: float64}
# delimiter: ','
# meta: !!omap
# - __serialized_columns__:
#     dec:
#       __class__: astropy.coordinates.angles.Latitude
#       unit: &id001 !astropy.units.Unit {unit: deg}
#       value: !astropy.table.SerializedColumn {name: dec}
#     distance:
#       __class__: astropy.coordinates.distances.Distance
#       unit: !astropy.units.Unit {unit: kpc}
#       value: !astropy.table.SerializedColumn {name: distance}
#     pm_dec:
#       __class__: astropy.units.quantity.Quantity
#       unit: !astropy.units.Unit {unit: mas / yr}
#       value: !astropy.table.SerializedColumn {name: pm_dec}
#     pm_ra_cosdec:
#       __class__: astropy.units.quantity.Quantity
#       unit: !astropy.units.Unit {unit: mas / yr}
#       value: !astropy.table.SerializedColumn {name: pm_ra_cosdec}
#     ra:
#       __class__: astropy.coordinates.angles.Longitude
#       unit: *id001
#       value: !astropy.table.SerializedColumn {name: ra}
#       wrap_angle: !astropy.coordinates.Angle
#         unit: *id001
#         value: 360.0
#     radial_velocity:
#       __class__: astropy.units.quantity.Quantity
#       unit: !astropy.units.Unit {unit: km / s}
#       value: !astropy.table.SerializedColumn {name: radial_velocity}
# schema: astropy-2.0
ra,dec,distance,pm_ra_cosdec,pm_dec,radial_velocity
[from data line 711]
334.45428751666844,17.532112640717955,17.3999999999998,0.0,0.0,0.0
334.46041976572513,17.540240564509723,17.3999999999998,0.0,0.0,0.0
334.46655256471,17.548368299681773,17.399999999999796,0.0,0.0,0.0
334.47268591393123,17.556495846124047,17.399999999999793,0.0,0.0,0.0
334.4788198136968,17.564623203726477,17.39999999999979,0.0,0.0,0.0
334.4849542643151,17.57275037237895,17.39999999999979,0.0,0.0,0.0
334.4910892660942,17.58087735197134,17.399999999999782,0.0,0.0,0.0
334.4972248193426,17.58900414239346,17.399999999999775,0.0,0.0,0.0
334.5033609243687,17.59713074353511,17.399999999999775,0.0,0.0,0.0
334.50949758148096,17.605257155286054,17.39999999999977,0.0,0.0,0.0
334.5156347909879,17.61338337753602,17.399999999999768,0.0,0.0,0.0
334.5217725531983,17.621509410174703,17.399999999999768,0.0,0.0,0.0
334.52791086842075,17.629635253091774,17.399999999999764,0.0,0.0,0.0
334.53404973696405,17.637760906176865,17.399999999999757,0.0,0.0,0.0
334.54018915913707,17.645886369319566,17.399999999999753,0.0,0.0,0.0
334.54632913524875,17.654011642409458,17.39999999999975,0.0,0.0,0.0
334.55246966560816,17.66213672533606,17.39999999999975,0.0,0.0,0.0
334.55861075052417,17.67026161798889,17.399999999999743,0.0,0.0,0.0
334.5647523903061,17.6783863202574,17.39999999999974,0.0,0.0,0.0
334.5708945852632,17.686510832031043,17.39999999999974,0.0,0.0,0.0
334.5770373357047,17.69463515319921,17.39999999999973,0.0,0.0,0.0
334.5831806419398,17.70275928365128,17.39999999999973,0.0,0.0,0.0
334.5893245042782,17.710883223276586,17.399999999999725,0.0,0.0,0.0
334.5954689230293,17.71900697196444,17.399999999999718,0.0,0.0,0.0
334.60161389850265,17.727130529604104,17.399999999999718,0.0,0.0,0.0
334.60775943100793,17.73525389608483,17.399999999999707,0.0,0.0,0.0
334.6139055208549,17.743377071295814,17.399999999999707,0.0,0.0,0.0
334.6200521683533,17.751500055126236,17.3999999999997,0.0,0.0,0.0
334.6261993738131,17.759622847465238,17.399999999999697,0.0,0.0,0.0
334.6323471375442,17.767745448201932,17.39999999999969,0.0,0.0,0.0
334.63849545985653,17.775867857225375,17.399999999999686,0.0,0.0,0.0
334.6446443410603,17.783990074424633,17.39999999999968,0.0,0.0,0.0
334.6507937814657,17.792112099688694,17.39999999999968,0.0,0.0,0.0
334.65694378138284,17.80023393290655,17.399999999999668,0.0,0.0,0.0
334.66309434112213,17.80835557396714,17.399999999999668,0.0,0.0,0.0
334.669245460994,17.816477022759372,17.399999999999665,0.0,0.0,0.0
334.67539714130874,17.824598279172125,17.399999999999658,0.0,0.0,0.0
334.681549382377,17.832719343094244,17.399999999999654,0.0,0.0,0.0
334.68770218450936,17.84084021441454,17.399999999999647,0.0,0.0,0.0
334.6938555480166,17.84896089302179,17.399999999999636,0.0,0.0,0.0
334.7000094732093,17.85708137880474,17.399999999999633,0.0,0.0,0.0
334.70616396039844,17.865201671652102,17.399999999999626,0.0,0.0,0.0
334.7123190098948,17.87332177145254,17.399999999999626,0.0,0.0,0.0
334.71847462200947,17.881441678094728,17.39999999999962,0.0,0.0,0.0
334.7246307970534,17.889561391467254,17.399999999999608,0.0,0.0,0.0
334.73078753533775,17.89768091145871,17.399999999999608,0.0,0.0,0.0
334.7369448371737,17.905800237957635,17.3999999999996,0.0,0.0,0.0
334.74310270287253,17.913919370852547,17.399999999999594,0.0,0.0,0.0
334.7492611327457,17.922038310031915,17.399999999999586,0.0,0.0,0.0
334.7554201271044,17.930157055384196,17.39999999999958,0.0,0.0,0.0
334.76157968626023,17.938275606797795,17.399999999999572,0.0,0.0,0.0
334.7677398105248,17.946393964161086,17.399999999999565,0.0,0.0,0.0
334.7739005002097,17.95451212736243,17.399999999999554,0.0,0.0,0.0
334.78006175562666,17.962630096290127,17.39999999999955,0.0,0.0,0.0
334.78622357708747,17.97074787083246,17.399999999999544,0.0,0.0,0.0
334.79238596490393,17.978865450877674,17.399999999999537,0.0,0.0,0.0
334.79854891938805,17.986982836313974,17.39999999999953,0.0,0.0,0.0
334.80471244085186,17.995100027029547,17.39999999999952,0.0,0.0,0.0
334.81087652960736,18.003217022912537,17.399999999999512,0.0,0.0,0.0
334.8170411859667,18.01133382385105,17.399999999999505,0.0,0.0,0.0
334.8232064102421,18.01945042973317,17.399999999999498,0.0,0.0,0.0
334.8293722027461,18.02756684044693,17.399999999999487,0.0,0.0,0.0
334.83553856379075,18.03568305588035,17.399999999999483,0.0,0.0,0.0
334.8417054936887,18.043799075921406,17.399999999999473,0.0,0.0,0.0
334.84787299275246,18.05191490045804,17.399999999999466,0.0,0.0,0.0
334.8540410612946,18.060030529378157,17.399999999999455,0.0,0.0,0.0
334.86020969962783,18.068145962569634,17.399999999999448,0.0,0.0,0.0
334.8663789080648,18.07626119992032,17.39999999999944,0.0,0.0,0.0
334.8725486869185,18.084376241318015,17.399999999999427,0.0,0.0,0.0
334.8787190365017,18.092491086650494,17.399999999999416,0.0,0.0,0.0
334.8848899571274,18.100605735805505,17.39999999999941,0.0,0.0,0.0
334.8910614491087,18.108720188670752,17.3999999999994,0.0,0.0,0.0
334.89723351275876,18.116834445133897,17.39999999999939,0.0,0.0,0.0
334.9034061483907,18.12494850508259,17.39999999999938,0.0,0.0,0.0
334.9095793563177,18.13306236840444,17.399999999999366,0.0,0.0,0.0
334.9157531368533,18.141176034987005,17.39999999999936,0.0,0.0,0.0
334.9219274903109,18.149289504717835,17.399999999999345,0.0,0.0,0.0
334.9281024170039,18.157402777484428,17.399999999999334,0.0,0.0,0.0
334.934277917246,18.16551585317425,17.399999999999327,0.0,0.0,0.0
