galstreams/tracks/track.st.NGC2808.ibata2021.ecsv
# %ECSV 0.9
# ---
# datatype:
# - {name: ra, unit: deg, datatype: float64}
# - {name: dec, unit: deg, datatype: float64}
# - {name: distance, unit: kpc, datatype: float64}
# - {name: pm_ra_cosdec, unit: mas / yr, datatype: float64}
# - {name: pm_dec, unit: mas / yr, datatype: float64}
# - {name: radial_velocity, unit: km / s, datatype: float64}
# delimiter: ','
# meta: !!omap
# - __serialized_columns__:
#     dec:
#       __class__: astropy.coordinates.angles.Latitude
#       unit: &id001 !astropy.units.Unit {unit: deg}
#       value: !astropy.table.SerializedColumn {name: dec}
#     distance:
#       __class__: astropy.coordinates.distances.Distance
#       unit: !astropy.units.Unit {unit: kpc}
#       value: !astropy.table.SerializedColumn {name: distance}
#     pm_dec:
#       __class__: astropy.units.quantity.Quantity
#       unit: !astropy.units.Unit {unit: mas / yr}
#       value: !astropy.table.SerializedColumn {name: pm_dec}
#     pm_ra_cosdec:
#       __class__: astropy.units.quantity.Quantity
#       unit: !astropy.units.Unit {unit: mas / yr}
#       value: !astropy.table.SerializedColumn {name: pm_ra_cosdec}
#     ra:
#       __class__: astropy.coordinates.angles.Longitude
#       unit: *id001
#       value: !astropy.table.SerializedColumn {name: ra}
#       wrap_angle: !astropy.coordinates.Angle
#         unit: *id001
#         value: 360.0
#     radial_velocity:
#       __class__: astropy.units.quantity.Quantity
#       unit: !astropy.units.Unit {unit: km / s}
#       value: !astropy.table.SerializedColumn {name: radial_velocity}
# schema: astropy-2.0
ra,dec,distance,pm_ra_cosdec,pm_dec,radial_velocity
[from data line 822]
135.14648493204413,-63.48693614962705,8.35120757654529,4.065329431063443,-1.296172599354012,-2.5262301389617013e-14
135.16230078230345,-63.4940209746222,8.354576681556356,4.062986326466572,-1.2938717604588528,-8.420767129872338e-15
135.17812272222739,-63.50110480653184,8.357935765209874,4.060643572397173,-1.2915738773451069,-3.368306851948935e-14
135.19395075232572,-63.50818764616723,8.361284830444443,4.058301175473883,-1.289278950712219,-5.0524602779234026e-14
135.20978487311112,-63.5152694943406,8.364623880198643,4.055959142317578,-1.2869869812532242,-1.2631150694808506e-14
135.22562508509864,-63.522350351865015,8.367952917411067,4.053617479551347,-1.2846979696547498,-3.368306851948935e-14
135.24147138880585,-63.52943021955431,8.371271945020302,4.051276193800497,-1.2824119165970238,-4.210383564936169e-14
135.25732378475297,-63.536509098223206,8.374580965964938,4.048935291692541,-1.280128822753829,-1.2631150694808506e-14
135.27318227346285,-63.54358698868733,8.377879983183563,4.046594779857212,-1.277848688792529,-3.368306851948935e-14
135.28904685546078,-63.550663891762994,8.38116899961477,4.044254664926442,-1.2755715153740512,-1.2631150694808506e-14
135.30491753127475,-63.55773980826747,8.384448018197142,4.041914953534369,-1.2732973031528678,-3.789345208442552e-14
135.3207943014354,-63.56481473901891,8.387717041869267,4.0395756523173345,-1.2710260527769923,-1.2631150694808506e-14
135.33667716647574,-63.57188868483613,8.39097607356974,4.037236767913868,-1.2687577648879897,-2.5262301389617013e-14
135.35256612693175,-63.578961646538986,8.394225116237147,4.0348983069647035,-1.2664924401209348,-5.894536990910637e-14
135.36846118334162,-63.586033624948016,8.397464172810077,4.032560276112758,-1.2642300791044372,-2.947268495455318e-14
135.3843623362465,-63.5931046208847,8.400693246227117,4.0302226820031395,-1.2619706824606118,-2.5262301389617013e-14
135.40026958619015,-63.60017463517139,8.403912339426858,4.027885531283142,-1.2597142508050707,-2.1051917824680846e-14
135.4161829337187,-63.60724366863111,8.407121455347891,4.025548830602236,-1.2574607847469381,-8.420767129872338e-15
135.43210237938118,-63.614311722087876,8.410320596928802,4.02321258661207,-1.2552102848888127,-1.6841534259744676e-14
135.4480279237293,-63.62137879636656,8.41350976710818,4.020876805966474,-1.252962751826771,-2.1051917824680846e-14
135.46395956731723,-63.62844489229273,8.416688968824612,4.018541495321443,-1.2507181861503767,-3.368306851948935e-14
135.479897310702,-63.63551001069292,8.41985820501669,4.016206661335139,-1.2484765884426392,-2.1051917824680846e-14
135.49584115444327,-63.642574152394516,8.423017478623,4.013872310667894,-1.2462379592800292,-4.631421921429786e-14
135.51179109910325,-63.64963731822563,8.426166792582139,4.011538449982195,-1.244002299232471,-2.947268495455318e-14
135.52774714524713,-63.65669950901533,8.429306149832684,4.009205085942697,-1.2417696088633148,-2.5262301389617013e-14
135.54370929344248,-63.66376072559344,8.432435553313233,4.006872225216195,-1.2395398887293587,-8.420767129872338e-15
135.55967754425976,-63.67082096879069,8.435555005962366,4.004539874471652,-1.237313139380811,-8.420767129872338e-15
135.5756518982722,-63.67788023943866,8.438664510718684,4.002208040380165,-1.2350893613612888,-2.947268495455318e-14
135.5916323560556,-63.684938538369636,8.441764070520765,3.9998767296149866,-1.2328685552078358,0.0
135.60761891818856,-63.69199586641692,8.444853688307205,3.9975459488515024,-1.2306507214508804,-4.210383564936169e-14
135.62361158525255,-63.69905222441462,8.447933367016585,3.9952157047672454,-1.2284358606142343,-4.631421921429786e-14
135.63961035783146,-63.70610761319755,8.451003109587504,3.9928860040418717,-1.2262239732151103,-3.368306851948935e-14
135.65561523651223,-63.713162033601535,8.454062918958543,3.990556853357178,-1.224015059764083,-1.2631150694808506e-14
135.67162622188457,-63.72021548646316,8.457112798068295,3.9882282593970872,-1.2218091207650905,-1.6841534259744676e-14
135.68764331454065,-63.727267972619806,8.460152749855347,3.9859002288476404,-1.21960615671544,-1.2631150694808506e-14
135.70366651507578,-63.73431949290982,8.463182777258288,3.9835727683970106,-1.217406168105775,-2.947268495455318e-14
135.7196958240878,-63.74137004817225,8.466202883215708,3.981245884735478,-1.2152091554200957,-2.1051917824680846e-14
135.73573124217742,-63.74841963924709,8.469213070666195,3.9789195845554426,-1.2130151191357241,-4.631421921429786e-14
135.75177276994833,-63.75546826697517,8.472213342548336,3.976593874551417,-1.210824059723302,-3.789345208442552e-14
135.76782040800666,-63.762515932198056,8.475203701800723,3.9742687614200145,-1.2086359776468083,-3.368306851948935e-14
135.78387415696162,-63.76956263575826,8.478184151361946,3.971944251859956,-1.206450873363514,-2.5262301389617013e-14
135.79993401742527,-63.77660837849916,8.48115469417059,3.9696203525720675,-1.2042687473239926,-2.1051917824680846e-14
135.81599999001227,-63.783653161264816,8.484115333165244,3.9672970702592596,-1.202089599972122,-1.2631150694808506e-14
135.8320720753404,-63.790696984900315,8.487066071284502,3.9649744116265504,-1.1999134317450477,-2.947268495455318e-14
135.84815027402993,-63.79773985025142,8.490006911466946,3.962652383381037,-1.1977402430732114,-1.2631150694808506e-14
135.86423458670433,-63.804781758164864,8.492937856651167,3.960330992231908,-1.1955700343803062,-2.5262301389617013e-14
135.88032501398985,-63.81182270948818,8.495858909775759,3.958010244890433,-1.1934028060832862,-2.1051917824680846e-14
135.89642155651535,-63.81886270506969,8.498770073779305,3.955690148069962,-1.1912385585923742,-2.947268495455318e-14
135.9125242149129,-63.825901745758614,8.501671351600397,3.9533707084859198,-1.1890772923110184,-2.5262301389617013e-14
135.9286329898174,-63.832939832405046,8.504562746177623,3.9510519328558042,-1.1869190076359049,1.2631150694808506e-14
135.94474788186633,-63.83997696585977,8.507444260449569,3.9487338278991797,-1.1847637049569664,-1.473634247727659e-14
135.9608688917004,-63.84701314697457,8.510315897354827,3.946416400337677,-1.1826113846573323,-2.947268495455318e-14
135.9769960199632,-63.85404837660205,8.513177659831987,3.9440996568949895,-1.1804620471133482,-3.9998643866893604e-14
135.99312926730101,-63.861082655595524,8.516029550819635,3.9417836042968633,-1.1783156926945748,-1.473634247727659e-14
136.00926863436334,-63.868115984809315,8.518871573256362,3.939468249271107,-1.1761723217637519,-1.6841534259744676e-14
136.02541412180227,-63.875148365098426,8.521703730080755,3.9371535985475665,-1.1740319346768247,-2.315710960714893e-14
136.0415657302731,-63.88217979731883,8.524526024231404,3.9348396588581505,-1.1718945317829004,-4.4209027431829774e-14
136.05772346043412,-63.889210282327305,8.527338458646899,3.9325264369368007,-1.1697601134242577,-1.2631150694808506e-14
136.07388731294623,-63.896239820981386,8.530141036265826,3.9302139395194957,-1.1676286799363522,-1.6841534259744676e-14
136.0900572884736,-63.90326841413956,8.532933760026777,3.927902173344261,-1.165500231647782,-1.894672604221276e-14
136.10623338768332,-63.91029606266113,8.535716632868338,3.9255911451511456,-1.1633747688802873,-1.894672604221276e-14
136.12241561124526,-63.917322767406155,8.538489657729102,3.9232808616822266,-1.1612522919487644,-2.947268495455318e-14
136.13860395983255,-63.92434852923562,8.54125283754765,3.9209713296816116,-1.159132801161221,-2.315710960714893e-14
136.1547984341212,-63.93137334901135,8.54400617526258,3.9186625558954242,-1.1570162968187907,-2.1051917824680846e-14
136.17099903479007,-63.938397227595914,8.546749673812476,3.9163545470718066,-1.1549027792157311,-3.368306851948935e-14
136.1872057625213,-63.94542016585286,8.549483336135928,3.914047309960916,-1.152792248639389,-3.789345208442552e-14
136.20341861799983,-63.95244216464643,8.552207165171524,3.9117408513149172,-1.1506847053702245,-1.0525958912340423e-14
136.21963760191366,-63.959463224841784,8.554921163857854,3.90943517788798,-1.1485801496817793,-1.473634247727659e-14
136.235862714954,-63.96648334730499,8.557625335133507,3.9071302964362804,-1.1464785818406662,-4.210383564936169e-14
136.25209395781482,-63.97350253290276,8.56031968193707,3.9048262137179894,-1.1443800021065935,-2.5262301389617013e-14
136.2683313311934,-63.98052078250282,8.563004207207136,3.9025229364932748,-1.142284410732313,-8.420767129872338e-15
136.28457483578995,-63.98753809697369,8.565678913882287,3.9002204715242965,-1.1401918079636384,-1.894672604221276e-14
136.3008244723076,-63.99455447718464,8.568343804901119,3.897918825575193,-1.1381021940394447,-2.5262301389617013e-14
136.31708024145286,-64.0015699240059,8.570998883202218,3.8956180054120946,-1.1360155691916298,-1.2631150694808506e-14
136.33334214393523,-64.00858443830852,8.573644151724169,3.893318017803114,-1.133931933645123,-4.210383564936169e-15
136.34961018046698,-64.01559802096423,8.576279613405568,3.8910188695183248,-1.1318512876179012,-2.5262301389617013e-14
136.36588435176404,-64.02261067284584,8.578905271185,3.8887205673297873,-1.1297736313209237,-1.473634247727659e-14
136.38216465854484,-64.02962239482682,8.581521128001054,3.886423118011521,-1.1276989649581879,-2.5262301389617013e-14
136.39845110153138,-64.03663318778149,8.58412718679232,3.8841265283395088,-1.1256272887266698,-2.7367493172085098e-14
136.41474368144867,-64.04364305258515,8.586723450497384,3.8818308050917048,-1.1235586028163385,-2.947268495455318e-14
136.43104239902465,-64.05065199011375,8.589309922054841,3.8795359550480013,-1.1214929074101596,-1.6841534259744676e-14
136.44734725499063,-64.05766000124417,8.591886604403271,3.877241984990259,-1.119430202684061,-1.2631150694808506e-14
136.46365825008104,-64.0646670868542,8.59445350048127,3.874948901702277,-1.1173704888069351,-2.947268495455318e-14
136.47997538503324,-64.07167324782225,8.597010613227425,3.872656711969801,-1.115313765940647,-2.7367493172085098e-14
136.49629866058817,-64.07867848502782,8.599557945580324,3.870365422580519,-1.1132600342399934,-1.473634247727659e-14
136.5126280774894,-64.08568279935103,8.602095500478555,3.8680750403240536,-1.1112092938527336,-6.315575347404253e-15
136.5289636364841,-64.09268619167298,8.604623280860713,3.865785571991958,-1.1091615449195469,-2.315710960714893e-14
136.54530533832258,-64.09968866287556,8.607141289665378,3.863497024377721,-1.1071167875740313,-4.210383564936169e-15
136.5616531837581,-64.10669021384145,8.609649529831144,3.8612094042767455,-1.105075021942727,-4.210383564936169e-15
136.57800717354732,-64.11369084545423,8.6121480042966,3.8589227184863617,-1.1030362481450633,-4.210383564936169e-14
136.59436730845027,-64.12069055859831,8.614636716000334,3.8566369738058186,-1.1010004662933666,-1.2631150694808506e-14
136.61073358922968,-64.12768935415886,8.617115667880933,3.8543521770362683,-1.0989676764928822,-2.315710960714893e-14
136.62710601665202,-64.13468723302196,8.619584862876987,3.852068334980779,-1.096937878841716,-4.631421921429786e-14
136.64348459148687,-64.14168419607456,8.622044303927087,3.849785454444321,-1.0949110734308516,-3.9998643866893604e-14
136.65986931450684,-64.1486802442043,8.624493993969821,3.847503542233763,-1.0928872603441597,-1.894672604221276e-14
136.67626018648804,-64.15567537829979,8.626933935943775,3.8452226051578746,-1.0908664396583496,-3.157787673702127e-14
136.69265720820968,-64.16266959925038,8.629364132787542,3.84294265002731,-1.0888486114430003,-1.894672604221276e-14
136.70906038045436,-64.16966290794632,8.631784587439709,3.840663683654617,-1.0868337757605222,-1.0525958912340423e-14
136.72546970400796,-64.1766553052787,8.634195302838865,3.838385712854229,-1.0848219326661621,-8.420767129872338e-15
136.74188517965942,-64.18364679213934,8.636596281923596,3.8361087444424515,-1.0828130822080086,-2.7367493172085098e-14
136.7583068082013,-64.19063736942101,8.638987527632494,3.8338327852374747,-1.0808072244269493,-2.947268495455318e-14
136.77473459042935,-64.1976270380173,8.641369042904152,3.831557842059353,-1.07880435935669,-2.947268495455318e-14
136.79116852714245,-64.2046157988225,8.643740830677151,3.8292839217300108,-1.0768044870237532,-3.9998643866893604e-14
136.807608619143,-64.21160365273192,8.646102893890085,3.8270110310732375,-1.0748076074474366,-2.1051917824680846e-14
136.8240548672368,-64.2185906006416,8.648455235481538,3.824739176914682,-1.0728137206398287,-1.473634247727659e-14
136.8405072722327,-64.22557664344838,8.650797858390105,3.8224683660818433,-1.07082282660581,-6.315575347404253e-15
136.8569658349432,-64.23256178205003,8.653130765554371,3.820198605404073,-1.068834925343012,-3.9998643866893604e-14
136.87343055618388,-64.23954601734502,8.655453959912924,3.8179299017125734,-1.0668500168418453,-1.2631150694808506e-14
136.8899014367739,-64.24652935023279,8.657767444404358,3.8156622618403815,-1.0648681010854602,-1.473634247727659e-14
136.90637847753578,-64.25351178161354,8.660071221967257,3.8133956926223815,-1.0628891780497556,-2.5262301389617013e-14
136.9228616792952,-64.26049331238828,8.662365295540212,3.8111302008952817,-1.0609132477033778,-6.315575347404253e-15
136.93935104288147,-64.26747394345887,8.66464966806181,3.808865793497627,-1.0589403100076933,-3.368306851948935e-14
136.95584656912732,-64.27445367572808,8.666924342470642,3.8066024772697884,-1.056970364916779,-2.7367493172085098e-14
136.9723482588686,-64.28143251009935,8.669189321705296,3.8043402590539506,-1.055003412377451,-8.420767129872338e-15
136.98885611294483,-64.28841044747706,8.67144460870436,3.80207914569412,-1.0530394523292097,-8.420767129872338e-15
137.00537013219898,-64.29538748876647,8.673690206406425,3.7998191440361158,-1.051078484704252,-3.789345208442552e-14
137.02189031747722,-64.30236363487347,8.675926117750079,3.797560260927564,-1.0491205094274756,1.473634247727659e-14
137.03841666962938,-64.30933888670499,8.67815234567391,3.7953025032178953,-1.0471655264164423,-2.947268495455318e-14
137.05494918950856,-64.31631324516866,8.68036889311651,3.793045877758339,-1.0452135355814025,-2.7367493172085098e-14
137.07148787797152,-64.32328671117295,8.68257576301646,3.790790391401919,-1.043264536825256,-1.894672604221276e-14
137.0880327358784,-64.33025928562729,8.684772958312358,3.788536051003454,-1.041318530043557,-1.2631150694808506e-14
137.1045837640927,-64.33723096944172,8.686960481942789,3.7862828634195447,-1.0393755151245236,-3.9998643866893604e-14
137.12114096348157,-64.34420176352728,8.68913833684634,3.7840308355085734,-1.0374354919489948,-2.5262301389617013e-14
137.1377043349157,-64.35117166879579,8.691306525961604,3.7817799741307074,-1.035498460390441,-1.473634247727659e-14
137.15427387926894,-64.35814068615981,8.693465052227168,3.779530286147877,-1.033564420314973,-3.789345208442552e-14
137.17084959741916,-64.3651088165329,8.69561391858162,3.777281778423791,-1.0316333715812893,-1.473634247727659e-14
137.18743149024723,-64.37207606082924,8.697753127963548,3.7750344578239137,-1.0297053140407213,-2.5262301389617013e-14
137.20401955863798,-64.37904241996401,8.699882683311545,3.772788331215479,-1.0277802475371793,-1.894672604221276e-14
137.2206138034796,-64.38600789485315,8.702002587564195,3.7705434054674694,-1.0258581719071609,-1.894672604221276e-14
137.2372142256637,-64.39297248641337,8.704112843660093,3.768299687450619,-1.023939086979765,-8.420767129872338e-15
137.25382082608567,-64.39993619556228,8.70621345453782,3.766057184037416,-1.0220229925766446,-1.6841534259744676e-14
137.27043360564446,-64.40689902321834,8.70830442313597,3.763815902102083,-1.0201098885120188,-4.210383564936169e-15
137.28705256524228,-64.4138609703007,8.71038575239313,3.7615758485205824,-1.0181997745926805,-2.7367493172085098e-14
137.30367770578533,-64.42082203772947,8.71245744524789,3.759337030170611,-1.016292650617948,-2.315710960714893e-14
137.3203090281833,-64.42778222642553,8.714519504638838,3.7570994539315947,-1.014388516379687,-6.315575347404253e-15
