galstreams/tracks/track.st.M92.thomas2020.ecsv
# %ECSV 0.9
# ---
# datatype:
# - {name: ra, unit: deg, datatype: float64}
# - {name: dec, unit: deg, datatype: float64}
# - {name: distance, unit: kpc, datatype: float64}
# - {name: pm_ra_cosdec, unit: mas / yr, datatype: float64}
# - {name: pm_dec, unit: mas / yr, datatype: float64}
# - {name: radial_velocity, unit: km / s, datatype: float64}
# delimiter: ','
# meta: !!omap
# - __serialized_columns__:
#     dec:
#       __class__: astropy.coordinates.angles.Latitude
#       unit: &id001 !astropy.units.Unit {unit: deg}
#       value: !astropy.table.SerializedColumn {name: dec}
#     distance:
#       __class__: astropy.coordinates.distances.Distance
#       unit: !astropy.units.Unit {unit: kpc}
#       value: !astropy.table.SerializedColumn {name: distance}
#     pm_dec:
#       __class__: astropy.units.quantity.Quantity
#       unit: !astropy.units.Unit {unit: mas / yr}
#       value: !astropy.table.SerializedColumn {name: pm_dec}
#     pm_ra_cosdec:
#       __class__: astropy.units.quantity.Quantity
#       unit: !astropy.units.Unit {unit: mas / yr}
#       value: !astropy.table.SerializedColumn {name: pm_ra_cosdec}
#     ra:
#       __class__: astropy.coordinates.angles.Longitude
#       unit: *id001
#       value: !astropy.table.SerializedColumn {name: ra}
#       wrap_angle: !astropy.coordinates.Angle
#         unit: *id001
#         value: 360.0
#     radial_velocity:
#       __class__: astropy.units.quantity.Quantity
#       unit: !astropy.units.Unit {unit: km / s}
#       value: !astropy.table.SerializedColumn {name: radial_velocity}
# schema: astropy-2.0
ra,dec,distance,pm_ra_cosdec,pm_dec,radial_velocity
250.28337694840351,39.284584150092975,8.300000000000017,0.0,0.0,0.0
250.3887967418023,39.38179749323113,8.300000000000015,0.0,0.0,0.0
250.4945382624833,39.47748381517469,8.300000000000015,0.0,0.0,0.0
250.6005954634905,39.57165376034975,8.300000000000013,0.0,0.0,0.0
250.70696229798884,39.66431789646471,8.300000000000015,0.0,0.0,0.0
250.81363272003279,39.755486715023665,8.30000000000001,0.0,0.0,0.0
250.92060068534252,39.84517063183768,8.300000000000013,0.0,0.0,0.0
251.02786015208645,39.93337998753363,8.300000000000008,0.0,0.0,0.0
251.1354050816694,40.02012504806076,8.30000000000001,0.0,0.0,0.0
251.24322943952663,40.105416005194996,8.300000000000011,0.0,0.0,0.0
251.35132719592121,40.189262977040755,8.30000000000001,0.0,0.0,0.0
251.45969232674616,40.27167600853052,8.300000000000008,0.0,0.0,0.0
251.5683188143293,40.35266507192193,8.300000000000008,0.0,0.0,0.0
251.677200648241,40.432240067292625,8.300000000000008,0.0,0.0,0.0
251.78633182610335,40.510410823032586,8.300000000000006,0.0,0.0,0.0
251.895706354401,40.587187096334155,8.300000000000006,0.0,0.0,0.0
252.0053182492924,40.66257857367974,8.300000000000008,0.0,0.0,0.0
252.11516153742156,40.73659487132695,8.300000000000006,0.0,0.0,0.0
252.22523025672893,40.80924553579162,8.300000000000004,0.0,0.0,0.0
252.33551845726117,40.88054004432827,8.300000000000006,0.0,0.0,0.0
252.44602020197974,40.95048780540831,8.300000000000004,0.0,0.0,0.0
252.55672956756675,41.01909815919585,8.300000000000006,0.0,0.0,0.0
252.66764064522857,41.086380378021275,8.300000000000004,0.0,0.0,0.0
252.77874754149627,41.1523436668524,8.300000000000006,0.0,0.0,0.0
252.89004437902142,41.21699716376341,8.300000000000006,0.0,0.0,0.0
253.00152529736897,41.28034994040151,8.300000000000006,0.0,0.0,0.0
253.11318445380434,41.34241100245129,8.300000000000004,0.0,0.0,0.0
253.2250160240759,41.40318929009695,8.300000000000004,0.0,0.0,0.0
253.33701420319167,41.462693678482175,8.300000000000002,0.0,0.0,0.0
253.44917320618967,41.52093297816799,8.300000000000004,0.0,0.0,0.0
253.561487268902,41.577915935588415,8.300000000000002,0.0,0.0,0.0
253.6739506487121,41.633651233503876,8.300000000000004,0.0,0.0,0.0
253.78655762530397,41.68814749145274,8.300000000000002,0.0,0.0,0.0
253.89930250140463,41.7414132662006,8.300000000000004,0.0,0.0,0.0
254.01217960351775,41.793457052187705,8.300000000000004,0.0,0.0,0.0
254.1251832826486,41.844287281974196,8.300000000000002,0.0,0.0,0.0
254.23830791502107,41.893912326683605,8.300000000000004,0.0,0.0,0.0
254.3515479027844,41.942340496444245,8.300000000000002,0.0,0.0,0.0
254.4648976747116,41.98958004082886,8.300000000000004,0.0,0.0,0.0
254.5783516868867,42.03563914929233,8.300000000000002,0.0,0.0,0.0
254.6919044233827,42.080525951607605,8.300000000000004,0.0,0.0,0.0
254.8055503969294,42.12424851829993,8.300000000000002,0.0,0.0,0.0
254.91928414956936,42.16681486107926,8.300000000000004,0.0,0.0,0.0
255.03310025330467,42.208232933271006,8.300000000000004,0.0,0.0,0.0
255.14699331073058,42.248510630245185,8.300000000000004,0.0,0.0,0.0
255.2609579556591,42.287655789843946,8.300000000000002,0.0,0.0,0.0
255.37498885373077,42.325676192807556,8.300000000000002,0.0,0.0,0.0
255.48908070301388,42.3625795631988,8.300000000000002,0.0,0.0,0.0
255.60322823459273,42.39837356882607,8.300000000000002,0.0,0.0,0.0
255.71742621314274,42.43306582166483,8.300000000000002,0.0,0.0,0.0
255.83166943749356,42.46666387827791,8.300000000000004,0.0,0.0,0.0
255.94595274117995,42.4991752402343,8.300000000000004,0.0,0.0,0.0
256.0602709929795,42.530607354526765,8.300000000000002,0.0,0.0,0.0
256.1746190974381,42.56096761398813,8.300000000000004,0.0,0.0,0.0
256.2889919953816,42.59026335770651,8.300000000000002,0.0,0.0,0.0
256.40338466441574,42.61850187143918,8.300000000000002,0.0,0.0,0.0
256.51779211941175,42.645690388025606,8.300000000000006,0.0,0.0,0.0
256.63220941297965,42.67183608779914,8.300000000000004,0.0,0.0,0.0
256.74663163592794,42.69694609899796,8.300000000000004,0.0,0.0,0.0
256.8610539177098,42.72102749817484,8.300000000000004,0.0,0.0,0.0
256.9754714268562,42.74408731060611,8.300000000000004,0.0,0.0,0.0
257.0898793713956,42.766132510699784,8.300000000000006,0.0,0.0,0.0
257.2042729992606,42.78717002240271,8.300000000000004,0.0,0.0,0.0
257.31864759867995,42.80720671960706,8.300000000000006,0.0,0.0,0.0
257.4329984985585,42.826249426556046,8.300000000000006,0.0,0.0,0.0
257.54732106884313,42.844304918248966,8.300000000000006,0.0,0.0,0.0
257.66161072087493,42.8613799208455,8.300000000000006,0.0,0.0,0.0
257.775862907729,42.87748111206963,8.300000000000006,0.0,0.0,0.0
257.89007312453975,42.89261512161263,8.300000000000006,0.0,0.0,0.0
258.0042369088133,42.90678853153597,8.300000000000006,0.0,0.0,0.0
258.1183498407274,42.920007876673374,8.300000000000004,0.0,0.0,0.0
258.2324075434167,42.93227964503267,8.300000000000004,0.0,0.0,0.0
258.3464056832463,42.94361027819718,8.300000000000006,0.0,0.0,0.0
258.46033997007135,42.954006171726675,8.300000000000002,0.0,0.0,0.0
258.5742061574838,42.96347367555821,8.300000000000004,0.0,0.0,0.0
258.6880000430468,42.97201909440649,8.300000000000002,0.0,0.0,0.0
258.8017174685158,42.979648688164126,8.300000000000004,0.0,0.0,0.0
258.9153543200473,42.98636867230159,8.300000000000004,0.0,0.0,0.0
259.0289065283946,42.992185218267196,8.300000000000006,0.0,0.0,0.0
259.1423700690919,42.99710445388674,8.300000000000004,0.0,0.0,0.0
259.25574096262505,43.00113246376325,8.300000000000004,0.0,0.0,0.0
259.3690152745913,43.004275289676535,8.300000000000006,0.0,0.0,0.0
259.4821891158461,43.00653893098282,8.300000000000006,0.0,0.0,0.0
259.5952586426385,43.007929345014375,8.300000000000006,0.0,0.0,0.0
259.70822005673443,43.00845244747921,8.300000000000006,0.0,0.0,0.0
259.821069605529,43.00811411286081,8.300000000000006,0.0,0.0,0.0
259.9338035821464,43.006920174818056,8.300000000000004,0.0,0.0,0.0
260.0464183255299,43.00487642658528,8.300000000000006,0.0,0.0,0.0
260.15891022051926,43.00198862137246,8.300000000000004,0.0,0.0,0.0
260.27127569791855,42.99826247276569,8.300000000000004,0.0,0.0,0.0
260.3835112345522,42.993703655127824,8.300000000000002,0.0,0.0,0.0
260.49561335331106,42.98831780399944,8.300000000000006,0.0,0.0,0.0
260.6075786231878,42.982110516500136,8.300000000000006,0.0,0.0,0.0
260.7194036593025,42.97508735172998,8.300000000000004,0.0,0.0,0.0
260.8310851229176,42.96725383117154,8.300000000000006,0.0,0.0,0.0
260.9426197214436,42.95861543909206,8.300000000000006,0.0,0.0,0.0
261.05400420843483,42.94917762294624,8.300000000000004,0.0,0.0,0.0
261.1652353835759,42.93894579377929,8.300000000000006,0.0,0.0,0.0
261.27631009265883,42.927925326630465,8.300000000000006,0.0,0.0,0.0
261.3872252275512,42.91612156093705,8.300000000000006,0.0,0.0,0.0
261.4979777261555,42.90353980093894,8.300000000000004,0.0,0.0,0.0
261.6085645723598,42.89018531608348,8.300000000000004,0.0,0.0,0.0
261.71898279597974,42.87606334143112,8.300000000000004,0.0,0.0,0.0
261.82922947269316,42.861179078061376,8.300000000000004,0.0,0.0,0.0
261.93930172396546,42.84553769347947,8.300000000000006,0.0,0.0,0.0
262.04919671696797,42.82914432202354,8.300000000000006,0.0,0.0,0.0
262.15891166448876,42.812004065272326,8.300000000000006,0.0,0.0,0.0
262.2684438248355,42.794121992453675,8.300000000000004,0.0,0.0,0.0
262.3777905017318,42.775503140853395,8.300000000000006,0.0,0.0,0.0
262.48694904420574,42.756152516225,8.300000000000006,0.0,0.0,0.0
262.59591684647233,42.73607509319991,8.300000000000006,0.0,0.0,0.0
262.7046913478094,42.71527581569841,8.300000000000004,0.0,0.0,0.0
262.81327003242626,42.69375959734128,8.300000000000006,0.0,0.0,0.0
262.92165042932754,42.671531321861956,8.300000000000006,0.0,0.0,0.0
263.0298301121697,42.64859584351963,8.300000000000004,0.0,0.0,0.0
263.13780669911273,42.62495798751282,8.300000000000004,0.0,0.0,0.0
263.24557785266603,42.600622550393794,8.300000000000004,0.0,0.0,0.0
263.3531412795288,42.57559430048358,8.300000000000004,0.0,0.0,0.0
263.46049473042535,42.549877978287796,8.300000000000004,0.0,0.0,0.0
263.5676359999356,42.52347829691323,8.300000000000004,0.0,0.0,0.0
263.6745629263206,42.496399942485006,8.300000000000004,0.0,0.0,0.0
263.781273391344,42.46864757456459,8.300000000000004,0.0,0.0,0.0
263.8877653200879,42.44022582656861,8.300000000000004,0.0,0.0,0.0
263.9940366807663,42.41113930618816,8.300000000000004,0.0,0.0,0.0
264.1000854845335,42.38139259580925,8.300000000000002,0.0,0.0,0.0
264.2059097852883,42.35099025293357,8.300000000000002,0.0,0.0,0.0
264.3115076794758,42.31993681060033,8.300000000000004,0.0,0.0,0.0
264.41687730588495,42.288236777808706,8.300000000000004,0.0,0.0,0.0
264.522016845443,42.25589463994107,8.300000000000002,0.0,0.0,0.0
264.6269245210071,42.22291485918701,8.300000000000006,0.0,0.0,0.0
264.7315985971528,42.189301874967974,8.300000000000002,0.0,0.0,0.0
264.83603737996,42.155060104362896,8.300000000000002,0.0,0.0,0.0
264.9402392167962,42.1201939425343,8.300000000000004,0.0,0.0,0.0
265.04420249609785,42.084707763155436,8.300000000000004,0.0,0.0,0.0
265.14792564714867,42.04860591883788,8.300000000000002,0.0,0.0,0.0
265.2514071398569,42.01189274156009,8.300000000000004,0.0,0.0,0.0
265.35464548452995,41.97457254309667,8.300000000000004,0.0,0.0,0.0
265.45763923164805,41.93664961544822,8.300000000000002,0.0,0.0,0.0
265.56038697163524,41.89812823127212,8.300000000000004,0.0,0.0,0.0
265.6628873346308,41.85901264431393,8.300000000000002,0.0,0.0,0.0
265.7651389902573,41.81930708983951,8.300000000000002,0.0,0.0,0.0
265.86714064738925,41.77901578506795,8.300000000000002,0.0,0.0,0.0
265.96889105392023,41.73814292960504,8.300000000000002,0.0,0.0,0.0
266.07038899652906,41.69669270587766,8.300000000000004,0.0,0.0,0.0
266.1716333004453,41.654669279568715,8.300000000000002,0.0,0.0,0.0
266.27262282921504,41.61207680005278,8.300000000000004,0.0,0.0,0.0
266.3733564844652,41.56891940083251,8.300000000000004,0.0,0.0,0.0
266.4738332056685,41.52520119997568,8.300000000000002,0.0,0.0,0.0
266.5740519699077,41.48092630055284,8.300000000000002,0.0,0.0,0.0
266.6740117916407,41.43609879107572,8.300000000000004,0.0,0.0,0.0
266.77371172246455,41.390722745936266,8.300000000000004,0.0,0.0,0.0
266.87315085088113,41.34480222584628,8.300000000000004,0.0,0.0,0.0
266.9723283020623,41.29834127827774,8.300000000000004,0.0,0.0,0.0
267.0712432376158,41.25134393790371,8.300000000000004,0.0,0.0,0.0
267.1698948553521,41.20381422703993,8.300000000000004,0.0,0.0,0.0
267.26828238905165,41.1557561560869,8.300000000000004,0.0,0.0,0.0
267.3664051082331,41.10717372397271,8.300000000000002,0.0,0.0,0.0
267.46426231792265,41.0580709185963,8.300000000000002,0.0,0.0,0.0
267.5618533584243,41.008451717271456,8.300000000000002,0.0,0.0,0.0
267.6591776050913,40.95832008717116,8.300000000000002,0.0,0.0,0.0
267.7562344680993,40.907679985772816,8.300000000000002,0.0,0.0,0.0
267.8530233922198,40.85653536130364,8.300000000000004,0.0,0.0,0.0
267.94954385659685,40.80489015318685,8.300000000000004,0.0,0.0,0.0
268.04579537452327,40.752748292488306,8.300000000000004,0.0,0.0,0.0
268.14177749322045,40.700113702363645,8.300000000000002,0.0,0.0,0.0
268.2374897936185,40.64699029850587,8.300000000000002,0.0,0.0,0.0
268.332931890139,40.59338198959352,8.300000000000002,0.0,0.0,0.0
268.4281034304794,40.53929267773928,8.300000000000006,0.0,0.0,0.0
268.52300409539953,40.48472625893897,8.300000000000002,0.0,0.0,0.0
268.61763359851034,40.4296866235211,8.300000000000002,0.0,0.0,0.0
268.71199168606427,40.3741776565968,8.3,0.0,0.0,0.0
268.8060781367486,40.31820323851018,8.299999999999999,0.0,0.0,0.0
268.89989276148077,40.261767245289114,8.300000000000002,0.0,0.0,0.0
268.99343540320575,40.204873549096405,8.3,0.0,0.0,0.0
269.08670593669655,40.14752601868134,8.3,0.0,0.0,0.0
269.17970426835683,40.089728519831645,8.3,0.0,0.0,0.0
269.27243033602616,40.03148491582573,8.300000000000002,0.0,0.0,0.0
269.364884108788,39.97279906788538,8.300000000000004,0.0,0.0,0.0
269.45706558678035,39.913674835628676,8.300000000000002,0.0,0.0,0.0
269.54897480100936,39.85411607752329,8.3,0.0,0.0,0.0
269.6406118131655,39.7941266513401,8.3,0.0,0.0,0.0
269.7319767154428,39.733710414607046,8.299999999999999,0.0,0.0,0.0
269.82306963036086,39.672871225063325,8.3,0.0,0.0,0.0
269.91389071059035,39.611612941113755,8.3,0.0,0.0,0.0
270.0044401387808,39.54993942228354,8.299999999999997,0.0,0.0,0.0
270.0947181273924,39.48785452967311,8.299999999999999,0.0,0.0,0.0
270.18472491853,39.42536212641326,8.299999999999999,0.0,0.0,0.0
270.274460783781,39.36246607812053,8.299999999999997,0.0,0.0,0.0
270.36392602405647,39.29917025335276,8.299999999999995,0.0,0.0,0.0
270.453120969435,39.23547852406475,8.299999999999995,0.0,0.0,0.0
270.5420459790105,39.17139476606416,8.299999999999995,0.0,0.0,0.0
270.63070144074305,39.106922859467595,8.299999999999994,0.0,0.0,0.0
270.71908777131335,39.042066689156755,8.299999999999995,0.0,0.0,0.0
270.80720541598043,38.9768301452347,8.299999999999994,0.0,0.0,0.0
270.8950548484429,38.91121712348231,8.299999999999994,0.0,0.0,0.0
270.98263657070396,38.84523152581481,8.299999999999992,0.0,0.0,0.0
271.0699511129397,38.77887726073826,8.299999999999988,0.0,0.0,0.0
271.156999033371,38.71215824380631,8.29999999999999,0.0,0.0,0.0
271.2437809181394,38.64507839807683,8.299999999999988,0.0,0.0,0.0
271.3302973811864,38.57764165456872,8.29999999999999,0.0,0.0,0.0
