galstreams/tracks/track.st.Cetus-Palca.yuan2021.ecsv
# %ECSV 1.0
# ---
# datatype:
# - {name: ra, unit: deg, datatype: float64}
# - {name: dec, unit: deg, datatype: float64}
# - {name: distance, unit: kpc, datatype: float64}
# - {name: pm_ra_cosdec, unit: mas / yr, datatype: float64}
# - {name: pm_dec, unit: mas / yr, datatype: float64}
# - {name: radial_velocity, unit: km / s, datatype: float64}
# delimiter: ','
# meta: !!omap
# - __serialized_columns__:
#     dec:
#       __class__: astropy.coordinates.angles.Latitude
#       unit: &id001 !astropy.units.Unit {unit: deg}
#       value: !astropy.table.SerializedColumn {name: dec}
#     distance:
#       __class__: astropy.coordinates.distances.Distance
#       unit: !astropy.units.Unit {unit: kpc}
#       value: !astropy.table.SerializedColumn {name: distance}
#     pm_dec:
#       __class__: astropy.units.quantity.Quantity
#       unit: !astropy.units.Unit {unit: mas / yr}
#       value: !astropy.table.SerializedColumn {name: pm_dec}
#     pm_ra_cosdec:
#       __class__: astropy.units.quantity.Quantity
#       unit: !astropy.units.Unit {unit: mas / yr}
#       value: !astropy.table.SerializedColumn {name: pm_ra_cosdec}
#     ra:
#       __class__: astropy.coordinates.angles.Longitude
#       unit: *id001
#       value: !astropy.table.SerializedColumn {name: ra}
#       wrap_angle: !astropy.coordinates.Angle
#         unit: *id001
#         value: 360.0
#     radial_velocity:
#       __class__: astropy.units.quantity.Quantity
#       unit: !astropy.units.Unit {unit: km / s}
#       value: !astropy.table.SerializedColumn {name: radial_velocity}
# schema: astropy-2.0
ra,dec,distance,pm_ra_cosdec,pm_dec,radial_velocity
[from data line 11344]
50.6486011711146,-78.1574674961519,29.016807149025208,0.9140446896130523,1.1542912960270357,-8.420767129872338e-15
50.687005718006695,-78.16564924776281,29.02306271618835,0.9130527624953744,1.1546312760119508,-1.2631150694808506e-14
50.72548215092803,-78.17382292513048,29.029330525827124,0.9120590869571653,1.1549708447223888,-8.420767129872338e-15
50.76403057395801,-78.18198850741977,29.035610586700518,0.911063661549347,1.1553099991869493,-1.6841534259744676e-14
50.802651091052084,-78.19014597374435,29.041902907570854,0.9100664848320004,1.155648736419104,0.0
50.841343806038836,-78.19829530316649,29.048207497203673,0.9090675553744746,1.155987053417157,-1.6841534259744676e-14
50.88010882261766,-78.20643647469709,29.054524364367744,0.9080668717554756,1.1563249471641999,-8.420767129872338e-15
50.91894624435651,-78.21456946729562,29.06085351783513,0.9070644325631568,1.1566624146280773,1.6841534259744676e-14
50.95785617468931,-78.2226942598701,29.06719496638111,0.9060602363952218,1.1569994527613436,-4.210383564936169e-15
50.996838716913345,-78.23081083127695,29.073548718784224,0.9050542818590158,1.1573360585012218,0.0
51.03589397418678,-78.23891916032102,29.079914783826272,0.9040465675716265,1.1576722287695629,1.2631150694808506e-14
51.075022049526474,-78.2470192257556,29.08629317029232,0.9030370921599723,1.1580079604728108,-8.420767129872338e-15
51.114223045804906,-78.25511100628216,29.09268388697067,0.9020258542609114,1.158343250501956,-8.420767129872338e-15
51.15349706574795,-78.26319448055054,29.09908694265287,0.9010128525213347,1.1586780957324994,8.420767129872338e-15
51.19284421193225,-78.27126962715877,29.10550234613375,0.8999980855982636,1.1590124930244146,-1.2631150694808506e-14
51.232264586782485,-78.27933642465302,29.11193010621137,0.8989815521589547,1.159346439222104,-2.5262301389617013e-14
51.271758292569004,-78.28739485152762,29.11837023168706,0.8979632508809924,1.1596799311543646,-1.2631150694808506e-14
51.31132543140502,-78.29544488622493,29.124822731365374,0.8969431804523962,1.1600129656343472,1.2631150694808506e-14
51.3509661052442,-78.30348650713543,29.131287614054223,0.895921339571712,1.1603455394595175,-1.6841534259744676e-14
51.39068041587765,-78.31151969259751,29.137764888564643,0.8948977269481293,1.1606776494116202,0.0
51.43046846493146,-78.31954442089756,29.144254563711023,0.8938723413015704,1.161009292256635,8.420767129872338e-15
51.470330353864114,-78.3275606702698,29.15075664831096,0.8928451813627981,1.1613404647447472,-1.6841534259744676e-14
51.510266183963665,-78.33556841889643,29.157271151185345,0.8918162458735172,1.1616711636103039,-4.210383564936169e-15
51.55027605634491,-78.34356764490734,29.1637980811583,0.8907855335864826,1.1620013855717788,1.2631150694808506e-14
51.590360071946826,-78.35155832638029,29.170337447057204,0.8897530432656008,1.1623311273317334,0.0
51.63051833153001,-78.35954044134078,29.176889257712755,0.8887187736860281,1.1626603855767856,-4.210383564936169e-15
51.6707509356734,-78.36751396776198,29.183453521958846,0.8876827236342908,1.1629891569775652,2.947268495455318e-14
51.71105798477184,-78.37547888356474,29.19003024863266,0.8866448919083799,1.1633174381886826,8.420767129872338e-15
51.751439579033274,-78.38343516661753,29.19661944657464,0.8856052773178625,1.1636452258486916,-2.1051917824680846e-14
51.791895818475865,-78.39138279473642,29.203221124628477,0.8845638786839873,1.1639725165800545,-4.210383564936169e-15
51.83242680292506,-78.39932174568503,29.20983529164116,0.8835206948397952,1.164299306989103,4.210383564936169e-15
51.873032632011025,-78.40725199717454,29.216461956462915,0.8824757246302217,1.1646255936660064,-1.6841534259744676e-14
51.91371340516538,-78.41517352686354,29.223101127947224,0.8814289669122168,1.164951373184736,-1.2631150694808506e-14
51.954469221618936,-78.4230863123582,29.22975281495087,0.8803804205548369,1.1652766421030312,-8.420767129872338e-15
51.9953001803981,-78.43099033121197,29.23641702633387,0.8793300844393734,1.1656013969623613,4.210383564936169e-15
52.036206380322305,-78.43888556092583,29.243093770959536,0.8782779574594541,1.165925634287894,-1.2631150694808506e-14
52.077187920001215,-78.44677197894804,29.249783057694412,0.8772240385211548,1.1662493505884628,-2.5262301389617013e-14
52.11824489783142,-78.45464956267419,29.256484895408327,0.8761683265431132,1.1665725423565305,-8.420767129872338e-15
52.159377411993745,-78.46251828944725,29.263199292974374,0.8751108204566402,1.166895206068157,-8.420767129872338e-15
52.20058556045023,-78.47037813655739,29.269926259268907,0.8740515192058331,1.167217338182968,-1.2631150694808506e-14
52.2418694409412,-78.47822908124208,29.2766658031716,0.8729904217476839,1.1675389351441208,-4.210383564936169e-15
52.283229150982,-78.48607110068602,29.28341793356533,0.8719275270522046,1.1678599933782716,-4.210383564936169e-15
52.32466478786002,-78.49390417202108,29.29018265933627,0.8708628341025358,1.1681805092955422,-1.6841534259744676e-14
52.366176448632075,-78.50172827232632,29.296959989373864,0.8697963418950555,1.1685004792894937,-1.2631150694808506e-14
52.40776423012067,-78.50954337862798,29.30374993257083,0.8687280494395085,1.1688198997370887,-4.210383564936169e-15
52.44942822891152,-78.51734946789942,29.310552497823142,0.8676579557591094,1.1691387669986655,-1.6841534259744676e-14
52.491168541349985,-78.52514651706107,29.317367694030064,0.8665860598906714,1.1694570774179007,-1.2631150694808506e-14
52.53298526353846,-78.53293450298057,29.324195530094133,0.8655123608847098,1.1697748273217907,-1.2631150694808506e-14
52.57487849133269,-78.5407134024725,29.331036014921153,0.8644368578055754,1.170092013020606,-3.368306851948935e-14
52.616848320339024,-78.5484831922986,29.337889157420204,0.8633595497315625,1.1704086308078758,-1.2631150694808506e-14
52.65889484591108,-78.5562438491676,29.344754966503615,0.862280435755032,1.1707246769603499,8.420767129872338e-15
52.701018163146585,-78.56399534973526,29.351633451087043,0.8611995149825317,1.1710401477379733,-1.6841534259744676e-14
52.7432183668842,-78.57173767060435,29.358524620089373,0.8601167865349154,1.1713550393838568,4.210383564936169e-15
52.78549555170017,-78.57947078832464,29.365428482432765,0.8590322495474673,1.1716693481242486,-2.5262301389617013e-14
52.827849811905686,-78.5871946793929,29.372345047042703,0.8579459031700089,1.1719830701685099,1.2631150694808506e-14
52.87028124154265,-78.59490932025287,29.379274322847905,0.8568577465670453,1.1722962017090826,8.420767129872338e-15
52.91278993438114,-78.60261468729522,29.38621631878039,0.8557677789178694,1.1726087389214621,1.2631150694808506e-14
52.95537598391595,-78.61031075685759,29.393171043775425,0.8546759994166917,1.1729206779641785,-1.2631150694808506e-14
52.9980394833632,-78.61799750522458,29.400138506771594,0.8535824072727617,1.1732320149787598,-2.1051917824680846e-14
53.040780525657134,-78.62567490862769,29.40711871671072,0.852487001710495,1.1735427460897148,-1.6841534259744676e-14
53.08359920344652,-78.63334294324537,29.414111682537918,0.8513897819696015,1.1738528674045008,-2.1051917824680846e-14
53.12649560909198,-78.64100158520303,29.421117413201628,0.8502907473051929,1.174162375013507,-8.420767129872338e-15
53.16946983466172,-78.64865081057293,29.42813591765351,0.8491898969879349,1.1744712649900206,0.0
53.21252197192879,-78.65629059537432,29.435167204848536,0.8480872303041557,1.1747795333902105,-4.210383564936169e-15
53.255652112367294,-78.6639209155733,29.44221128374495,0.8469827465559815,1.1750871762530972,-1.2631150694808506e-14
53.29886034714939,-78.67154174708293,29.449268163304268,0.845876445061457,1.1753941896005375,-2.5262301389617013e-14
53.34214676714142,-78.67915306576315,29.456337852491323,0.844768325154681,1.175700569437192,0.0
53.38551146290071,-78.68675484742084,29.463420360274185,0.8436583861859321,1.176006311750512,0.0
53.42895452467193,-78.69434706780982,29.470515695624233,0.8425466275217999,1.176311412510709,-2.1051917824680846e-14
53.47247604238405,-78.70192970263076,29.477623867516154,0.8414330485453051,1.176615867670743,-8.420767129872338e-15
53.516076105646206,-78.70950272753139,29.48474488492789,0.840317648656048,1.1769196731662952,8.420767129872338e-15
53.5597548037445,-78.71706611810623,29.491878756840666,0.8392004272703263,1.1772228249157461,-4.631421921429786e-14
53.603512225638504,-78.72461984989681,29.499025492238992,0.8380813838212704,1.177525318820162,8.420767129872338e-15
53.64734845995765,-78.73216389839165,29.50618510011068,0.8369605177589753,1.1778271507632707,4.210383564936169e-15
53.69126359499755,-78.73969823902614,29.513357589446837,0.8358378285506349,1.178128316611442,-1.2631150694808506e-14
53.735257718716475,-78.7472228471827,29.52054296924179,0.8347133156806769,1.1784288122136735,-1.2631150694808506e-14
53.779330918732036,-78.75473769819077,29.527741248493268,0.8335869786508858,1.1787286334015694,-2.5262301389617013e-14
53.82348328231703,-78.76224276732668,29.534952436202214,0.8324588169805528,1.179027775989324,-2.947268495455318e-14
53.86771489639616,-78.76973802981391,29.542176541372847,0.8313288302066014,1.1793262357737058,-1.2631150694808506e-14
53.91202584754222,-78.77722346082284,29.549413573012718,0.8301970178837269,1.1796240085340366,-3.368306851948935e-14
53.956416221972546,-78.78469903547098,29.556663540132654,0.8290633795845295,1.1799210900321828,4.210383564936169e-15
54.00088610554522,-78.79216472882288,29.56392645174676,0.8279279148996519,1.180217476012535,2.5262301389617013e-14
54.04543558375531,-78.79962051589017,29.571202316872427,0.8267906234379206,1.1805131622019924,-2.5262301389617013e-14
54.090064741731524,-78.80706637163162,29.578491144530403,0.8256515048264718,1.180808144309955,-8.420767129872338e-15
54.13477366423193,-78.81450227095308,29.58579294374465,0.8245105587109054,1.1811024180283032,8.420767129872338e-15
54.17956243564046,-78.82192818870762,29.59310772354245,0.8233677847554145,1.1813959790313868,4.210383564936169e-15
54.22443113996305,-78.8293440996954,29.60043549295437,0.8222231826429277,1.1816888229760119,-2.5262301389617013e-14
54.269379860824166,-78.83674997866386,29.6077762610143,0.8210767520752439,1.1819809455014343,-1.2631150694808506e-14
54.31440868146244,-78.84414580030766,29.615130036759393,0.8199284927731821,1.1822723422293382,8.420767129872338e-15
54.35951768472722,-78.8515315392687,29.6224968292301,0.8187784044767156,1.182563008763834,-4.210383564936169e-15
54.40470695307484,-78.8589071701362,29.629876647470205,0.8176264869451105,1.1828529406914445,-1.6841534259744676e-14
54.44997656856429,-78.8662726674467,29.63726950052675,0.8164727399570786,1.183142133581094,2.5262301389617013e-14
54.49532661285375,-78.87362800568411,29.644675397450065,0.8153171633109101,1.183430582984104,8.420767129872338e-15
54.54075716719648,-78.8809731592797,29.6520943472938,0.8141597568246227,1.1837182844341796,0.0
54.586268312436935,-78.88830810261221,29.65952635911492,0.8130005203361022,1.1840052334474018,-8.420767129872338e-15
54.63186012900704,-78.89563281000785,29.666971441973637,0.8118394537032462,1.1842914255222292,8.420767129872338e-15
54.67753269692177,-78.90294725574027,29.674429604933483,0.8106765568041137,1.1845768561394752,8.420767129872338e-15
54.72328609577602,-78.91025141403082,29.68190085706134,0.8095118295370575,1.184861520762321,-2.1051917824680846e-14
54.76912040473962,-78.91754525904828,29.689385207427314,0.8083452718208886,1.1851454148362952,1.2631150694808506e-14
54.815035702553956,-78.92482876490918,29.696882665104848,0.8071768835950089,1.1854285337892763,-2.5262301389617013e-14
54.86103206752787,-78.93210190567764,29.704393239170695,0.8060066648195627,1.1857108730314874,-1.6841534259744676e-14
54.907109577533575,-78.93936465536558,29.711916938704878,0.8048346154755818,1.1859924279554928,8.420767129872338e-15
54.953268310002585,-78.9466169879327,29.719453772790743,0.8036607355651348,1.1862731939361963,-1.6841534259744676e-14
54.999508341921675,-78.95385887728646,29.72700375051493,0.8024850251114775,1.1865531663308384,-1.2631150694808506e-14
55.045829749828684,-78.96109029728223,29.73456688096738,0.801307484159198,1.186832340478992,1.2631150694808506e-14
55.09223260980899,-78.96831122172337,29.742143173241388,0.8001281127743604,1.18711071170257,4.210383564936169e-15
55.138716997490434,-78.97552162436114,29.74973263643347,0.7989469110446716,1.1873882753058174,-4.210383564936169e-15
55.18528298803999,-78.98272147889486,29.757335279643485,0.7977638790796157,1.187665026575316,-8.420767129872338e-15
55.23193065615922,-78.98991075897197,29.76495111197461,0.7965790170106111,1.1879409607799836,1.6841534259744676e-14
55.27866007608029,-78.99708943818806,29.772580142533318,0.7953923249911611,1.1882160731710787,-4.210383564936169e-15
55.325471321561814,-79.00425749008694,29.780222380429365,0.7942038031970027,1.1884903589822051,0.0
55.37236446588421,-79.01141488816064,29.78787783477585,0.7930134518262694,1.188763813429306,-4.210383564936169e-15
55.4193395818465,-79.01856160584967,29.795546514689146,0.7918212710996225,1.1890364317106856,1.2631150694808506e-14
55.46639674176098,-79.02569761654281,29.803228429288982,0.7906272612604253,1.189308209006996,1.2631150694808506e-14
55.513536017449475,-79.0328228935774,29.810923587698344,0.7894314225748909,1.1895791404812535,-2.947268495455318e-14
55.56075748023923,-79.03993741023928,29.81863199904355,0.7882337553322283,1.1898492212788454,-1.2631150694808506e-14
55.60806120095832,-79.04704113976291,29.826353672454214,0.7870342598448061,1.1901184465275332,-4.210383564936169e-15
55.6554472499316,-79.05413405533146,29.83408861706328,0.785832936448301,1.1903868113374632,0.0
55.702915696976014,-79.06121613007683,29.841836842006973,0.7846297855018637,1.190654310801174,-8.420767129872338e-15
55.750466611397115,-79.0682873370798,29.849598356424877,0.7834248073882529,1.1909209399936114,4.210383564936169e-15
55.79810006198377,-79.07534764937002,29.85737316945985,0.7822180025140159,1.1911866939721316,0.0
55.845816117004226,-79.08239703992614,29.86516129025805,0.7810093713096345,1.1914515677765176,-8.420767129872338e-15
55.89361484420184,-79.08943548167588,29.872962727968996,0.7797989142296797,1.191715556428989,8.420767129872338e-15
55.94149631079056,-79.09646294749615,29.88077749174548,0.7785866317529742,1.1919786549342173,0.0
55.98946058345055,-79.10347941021307,29.88860559074361,0.7773725243827462,1.1922408582793373,-1.6841534259744676e-14
56.037507728323675,-79.11048484260202,29.89644703412281,0.7761565926467946,1.1925021614339628,-4.210383564936169e-15
56.085637811009484,-79.11747921738792,29.90430183104585,0.7749388370976346,1.1927625593502047,1.2631150694808506e-14
56.133850896560205,-79.12446250724511,29.912169990678784,0.7737192583126721,1.193022046962682,-2.1051917824680846e-14
56.18214704947655,-79.13143468479751,29.920051522190985,0.7724978568943562,1.1932806191885423,-1.2631150694808506e-14
56.23052633370332,-79.13839572261875,29.927946434755142,0.7712746334703384,1.1935382709274809,-4.210383564936169e-15
56.278988812624846,-79.14534559323226,29.935854737547274,0.770049588693633,1.1937949970617572,-1.6841534259744676e-14
56.32753454906037,-79.15228426911129,29.943776439746692,0.768822723242783,1.1940507924562156,8.420767129872338e-15
56.376163605259784,-79.15921172267909,29.95171155053606,0.7675940378220121,1.1943056519583068,0.0
56.42487604289864,-79.16612792630896,29.959660079101305,0.7663635331614,1.1945595703981062,2.1051917824680846e-14
56.47367192307449,-79.17303285232447,29.96762203463175,0.7651312100170228,1.1948125425883445,-8.420767129872338e-15
56.52255130630119,-79.1799264729993,29.97559742631998,0.7638970691711413,1.19506456332442,-4.210383564936169e-15
56.57151425250504,-79.18680876055767,29.98358626336191,0.7626611114323452,1.1953156273844285,-2.1051917824680846e-14
56.6205608210202,-79.19367968717418,29.991588554956806,0.7614233376357196,1.1955657295291913,-8.420767129872338e-15
