galstreams/tracks/track.st.Elqui.shipp2019.ecsv
# %ECSV 0.9
# ---
# datatype:
# - {name: ra, unit: deg, datatype: float64}
# - {name: dec, unit: deg, datatype: float64}
# - {name: distance, unit: kpc, datatype: float64}
# - {name: pm_ra_cosdec, unit: mas / yr, datatype: float64}
# - {name: pm_dec, unit: mas / yr, datatype: float64}
# - {name: radial_velocity, unit: km / s, datatype: float64}
# delimiter: ','
# meta: !!omap
# - __serialized_columns__:
#     dec:
#       __class__: astropy.coordinates.angles.Latitude
#       unit: &id001 !astropy.units.Unit {unit: deg}
#       value: !astropy.table.SerializedColumn {name: dec}
#     distance:
#       __class__: astropy.coordinates.distances.Distance
#       unit: !astropy.units.Unit {unit: kpc}
#       value: !astropy.table.SerializedColumn {name: distance}
#     pm_dec:
#       __class__: astropy.units.quantity.Quantity
#       unit: !astropy.units.Unit {unit: mas / yr}
#       value: !astropy.table.SerializedColumn {name: pm_dec}
#     pm_ra_cosdec:
#       __class__: astropy.units.quantity.Quantity
#       unit: !astropy.units.Unit {unit: mas / yr}
#       value: !astropy.table.SerializedColumn {name: pm_ra_cosdec}
#     ra:
#       __class__: astropy.coordinates.angles.Longitude
#       unit: *id001
#       value: !astropy.table.SerializedColumn {name: ra}
#       wrap_angle: !astropy.coordinates.Angle
#         unit: *id001
#         value: 360.0
#     radial_velocity:
#       __class__: astropy.units.quantity.Quantity
#       unit: !astropy.units.Unit {unit: km / s}
#       value: !astropy.table.SerializedColumn {name: radial_velocity}
# schema: astropy-2.0
ra,dec,distance,pm_ra_cosdec,pm_dec,radial_velocity
[from data line 404]
15.010914500848614,-39.50857813168601,50.099999999994786,0.19286695932036535,-0.661218751367828,8.145239629382915e-10
15.021523351029861,-39.51433698227766,50.09999999999477,0.19283781148494233,-0.6607717825508318,8.23332085356138e-10
15.032133409006578,-39.5200954489203,50.09999999999475,0.1928082775701626,-0.6603233079871631,8.321233662397248e-10
15.04274467526909,-39.525853531401985,50.099999999994736,0.1927783570081447,-0.659873327803323,8.408472809862725e-10
15.053357150307887,-39.531611229510766,50.099999999994715,0.19274804923077232,-0.6594218421260056,8.495375126643007e-10
15.063970834613345,-39.537368543034496,50.09999999999471,0.19271735366969375,-0.6589688510820988,8.581940612738094e-10
15.074585728676109,-39.5431254717611,50.09999999999469,0.1926862697563246,-0.6585143547986844,8.668169268147988e-10
15.085201832986886,-39.5488820154784,50.099999999994665,0.19265479692184567,-0.6580583534030371,8.754061092872685e-10
15.09581914803628,-39.554638173974055,50.09999999999466,0.19262293459720145,-0.6576008470226269,8.839110840884396e-10
15.106437674315178,-39.5603939470358,50.099999999994644,0.19259068221310413,-0.657141835785117,8.924329004238704e-10
15.117057412314463,-39.56614933445119,50.09999999999462,0.19255803920003017,-0.6566813198183653,9.008705090880025e-10
15.127678362525158,-39.57190433600782,50.0999999999946,0.19252500498822261,-0.6562192992504241,9.092912762178748e-10
15.138300525438188,-39.57765895149306,50.099999999994594,0.1924915790076879,-0.6557557742095409,9.176446772107082e-10
15.148923901544737,-39.58341318069438,50.09999999999457,0.19245776068819975,-0.6552907448241573,9.259812366692818e-10
15.159548491336064,-39.58916702339911,50.099999999994544,0.19242354945929746,-0.6548242112229106,9.342672715250762e-10
15.170174295303328,-39.59492047939444,50.09999999999453,0.192388944750284,-0.6543561735346326,9.424859402438316e-10
15.180801313937945,-39.600673548467626,50.099999999994516,0.19235394599022965,-0.6538866318883514,9.50704608962587e-10
15.19142954773134,-39.606426230405766,50.0999999999945,0.19231855260796885,-0.6534155864132898,9.588727530785632e-10
15.202058997175103,-39.61217852499597,50.09999999999448,0.19228276403210257,-0.6529430372388665,9.670072141260198e-10
15.212689662760678,-39.61793043202514,50.099999999994466,0.19224657969099573,-0.6524689844946965,9.750911505706973e-10
15.223321544979804,-39.62368195128025,50.099999999994445,0.19220999901277974,-0.6519934283105908,9.831414039468553e-10
15.233954644324282,-39.629433082548175,50.09999999999443,0.19217302142535164,-0.651516368816556,9.911748157887534e-10
15.244588961285814,-39.63518382561562,50.09999999999441,0.19213564635637248,-0.6510378061427957,9.991240199593528e-10
15.255224496356353,-39.640934180269355,50.09999999999439,0.1920978732332696,-0.6505577404197095,1.0070563825956926e-09
15.265861250027884,-39.64668414629603,50.099999999994374,0.19205970148323614,-0.6500761717778947,1.014955062163513e-09
15.27649922279251,-39.65243372348223,50.09999999999435,0.19202113053323,-0.6495931003481441,1.0227863755942941e-09
15.287138415142246,-39.65818291161444,50.09999999999436,0.1919821598099738,-0.649108526261449,1.0305587436551663e-09
15.29777882756936,-39.66393171047911,50.09999999999433,0.19194278873995682,-0.6486224496489972,1.0383732155516879e-09
15.308420460566191,-39.66968011986265,50.09999999999432,0.1919030167494329,-0.6481348706421737,1.0460529551741314e-09
15.319063314624994,-39.67542813955131,50.099999999994296,0.19186284326442093,-0.647645789372562,1.0537579570979647e-09
15.329707390238251,-39.681175769331354,50.09999999999427,0.19182226771070537,-0.6471552059719425,1.061378751350499e-09
15.340352687898486,-39.68692300898895,50.09999999999425,0.19178128951383677,-0.6466631205722932,1.0690079663701634e-09
15.350999208098358,-39.69266985831024,50.099999999994246,0.19173990809913008,-0.6461695333057915,1.0765613944856588e-09
15.361646951330409,-39.69841631708119,50.09999999999421,0.1916981228916652,-0.6456744443048126,1.0841148226011545e-09
15.372295918087453,-39.704162385087784,50.09999999999421,0.19165593331628783,-0.6451778537019288,1.0915840430453511e-09
15.382946108862367,-39.70990806211596,50.09999999999418,0.19161333879761006,-0.6446797616299133,1.098994318119639e-09
15.39359752414793,-39.71565334795147,50.09999999999417,0.1915703387600067,-0.6441801682217361,1.1064130139610564e-09
15.404250164437197,-39.721398242380126,50.099999999994154,0.19152693262761972,-0.6436790736105673,1.1137727644325648e-09
15.414904030223202,-39.727142745187585,50.09999999999413,0.19148311982435595,-0.643176477929776,1.1210904110684238e-09
15.425559121999152,-39.73288685615954,50.09999999999412,0.1914388997738873,-0.6426723813129296,1.1283743746357635e-09
15.436215440258128,-39.73863057508143,50.09999999999409,0.1913942718996508,-0.6421667838937968,1.1355825512989342e-09
15.446872985493478,-39.74437390173882,50.09999999999408,0.19134923562484868,-0.641659685806344,1.1428244110306244e-09
15.457531758198598,-39.75011683591709,50.09999999999405,0.19130379037244893,-0.641151087184739,1.1499483800224964e-09
15.46819175886688,-39.7558593774016,50.09999999999404,0.19125793556518395,-0.6406409881633484,1.1570723490143683e-09
15.478852987991845,-39.76160152597761,50.099999999994026,0.1912116706255515,-0.6401293888767396,1.164154214170591e-09
15.489515446067088,-39.76734328143034,50.099999999994004,0.19116499497581524,-0.6396162894596805,1.1711939754911643e-09
15.500179133586288,-39.77308464354493,50.09999999999399,0.19111790803800316,-0.6391016900471387,1.1782253160446076e-09
15.510844051043176,-39.77882561210642,50.09999999999397,0.1910704092339086,-0.6385855907742835,1.1851640281596224e-09
15.521510198931585,-39.78456618689984,50.09999999999395,0.19102249798509074,-0.6380679917764843,1.1920943195075074e-09
15.532177577745403,-39.790306367710095,50.09999999999394,0.19097417371287245,-0.6375488931893114,1.1989319824169637e-09
15.54284618797861,-39.796046154322056,50.09999999999392,0.1909254358383436,-0.6370282951485373,1.20577806609355e-09
15.553516030125259,-39.801785546520534,50.099999999993884,0.19087628378235783,-0.6365061977901351,1.2126073082358765e-09
15.564187104679467,-39.80752454409022,50.09999999999387,0.1908267169655341,-0.635982601250279,1.2193523427069041e-09
15.574859412135446,-39.81326314681578,50.099999999993855,0.19077673480825716,-0.635457505665346,1.2260805356436722e-09
15.585532952987467,-39.8190013544818,50.099999999993834,0.19072633673067604,-0.6349309111719141,1.2327750455119207e-09
15.596207727729894,-39.82473916687278,50.09999999999381,0.19067552215270556,-0.6344028179067642,1.2394106100102601e-09
15.606883736857155,-39.830476583773184,50.099999999993805,0.1906242904940249,-0.6338732260068782,1.24601249144008e-09
15.617560980863752,-39.836213604967355,50.09999999999379,0.1905726411740794,-0.6333421356094425,1.2525554274999907e-09
15.62823946024428,-39.84195023023964,50.09999999999376,0.19052057361207836,-0.6328095468518437,1.2590815220256418e-09
15.638919175493387,-39.84768645937423,50.09999999999374,0.19046808722699696,-0.6322754598716724,1.2655234088799942e-09
15.649600127105822,-39.85342229215533,50.09999999999373,0.19041518143757513,-0.631739874806722,1.2719989788028661e-09
15.660282315576383,-39.85915772836701,50.099999999993706,0.19036185566231756,-0.6312027917949891,1.2783819202873094e-09
15.670965741399964,-39.8648927677933,50.099999999993706,0.19030810931949432,-0.630664210974673,1.2847395994703628e-09
15.681650405071531,-39.87062741021816,50.09999999999367,0.19025394182714095,-0.6301241324841775,1.2910551748177671e-09
15.692336307086117,-39.876361655425484,50.09999999999364,0.19019935260305726,-0.629582556462109,1.2973454878637817e-09
15.703023447938836,-39.88209550319906,50.09999999999363,0.1901443410648085,-0.6290394830472781,1.3035600140056275e-09
15.713711828124884,-39.88782895332267,50.099999999993614,0.19008890662972486,-0.6284949123786995,1.3097492778460838e-09
15.724401448139528,-39.89356200557997,50.099999999993585,0.19003304871490162,-0.6279488445955922,1.31593012091941e-09
15.735092308478102,-39.899294659754574,50.09999999999358,0.18997676673719893,-0.6274012798373789,1.3220435978556972e-09
15.74578440963603,-39.90502691563,50.099999999993564,0.18992006011324195,-0.6268522182436871,1.3280812878878158e-09
15.75647775210881,-39.910758772989745,50.09999999999354,0.18986292825942122,-0.6263016599543494,1.3341610817555837e-09
15.767172336391996,-39.91649023161718,50.09999999999352,0.1898053705918918,-0.6257496051094027,1.3401566679520527e-09
15.777868162981239,-39.92222129129565,50.0999999999935,0.1897473865265738,-0.6251960538490892,1.3461017295457426e-09
15.788565232372267,-39.92795195180839,50.099999999993486,0.18968897547915273,-0.6246410063138561,1.3520299496051728e-09
15.799263545060866,-39.93368221293859,50.099999999993464,0.18963013686507835,-0.6240844626443558,1.3578739619933041e-09
15.809963101542904,-39.939412074469395,50.09999999999344,0.18957087009956625,-0.6235264229814474,1.3637516574499551e-09
15.820663902314333,-39.94514153618381,50.099999999993415,0.18951117459759625,-0.6229668874661944,1.3695283037010474e-09
15.831365947871163,-39.95087059786482,50.09999999999341,0.18945104977391336,-0.6224058562398664,1.3752628461164906e-09
15.842069238709504,-39.956599259295345,50.09999999999338,0.18939049504302768,-0.6218433294439396,1.3809889677648037e-09
15.85277377532552,-39.96232752025821,50.099999999993365,0.18932950981921437,-0.6212793072200965,1.3866814063445974e-09
15.86347955821546,-39.96805538053617,50.099999999993344,0.18926809351651278,-0.6207137897102251,1.3923317410887417e-09
15.874186587875633,-39.97378283991192,50.09999999999332,0.18920624554872822,-0.6201467770564213,1.3979062889287171e-09
15.884894864802456,-39.979509898168104,50.09999999999331,0.18914396532943045,-0.6195782694009868,1.4035145198372122e-09
15.895604389492387,-39.98523655508723,50.09999999999329,0.18908125227195352,-0.6190082668864307,1.4090217015401488e-09
15.906315162441967,-39.9909628104518,50.099999999993265,0.18901810578939765,-0.6184367696554688,1.4144867794074358e-09
15.91702718414783,-39.996688664044235,50.099999999993244,0.18895452529462692,-0.617863777851025,1.4199097534390737e-09
15.927740455106669,-40.002414115646886,50.09999999999323,0.18889051020027076,-0.6172892916162299,1.425366410539231e-09
15.93845497581525,-40.008139165041975,50.0999999999932,0.1888260599187235,-0.6167133110944223,1.4306799145981805e-09
15.949170746770424,-40.01386381201173,50.09999999999319,0.18876117386214428,-0.6161358364291485,1.43598499789e-09
15.959887768469107,-40.01958805633828,50.099999999993166,0.18869585144245704,-0.6155568677641632,1.4412732396475597e-09
15.970606041408294,-40.025311897803675,50.09999999999315,0.18863009207135079,-0.6149764052434284,1.4465277983366e-09
15.981325566085054,-40.031035336189895,50.09999999999312,0.18856389516027902,-0.6143944490111158,1.4517234116557314e-09
15.992046342996538,-40.03675837127885,50.0999999999931,0.18849726012046072,-0.6138109992116048,1.456885341906343e-09
16.002768372639956,-40.042481002852405,50.0999999999931,0.18843018636287923,-0.6132260559894831,1.4620135890884352e-09
16.01349165551261,-40.04820323069231,50.099999999993074,0.188362673298283,-0.6126396194895488,1.467124994736268e-09
16.02421619211186,-40.05392505458027,50.09999999999305,0.18829472033718492,-0.6120516898568076,1.4721521927128016e-09
16.03494198293516,-40.059646474297914,50.09999999999303,0.18822632688986324,-0.6114622672364751,1.4771625491550756e-09
16.04566902848,-40.0653674896268,50.099999999993024,0.18815749236636078,-0.6108713517739763,1.4820971186931809e-09
16.056397329244003,-40.07108810034844,50.099999999992995,0.18808821617648525,-0.6102789436149461,1.4870569505326757e-09
16.067126885724818,-40.0768083062442,50.099999999992974,0.18801849772980925,-0.6096850429052283,1.4919241539337418e-09
16.077857698420186,-40.08252810709547,50.09999999999295,0.18794833643566994,-0.6090896497908778,1.4967660950334186e-09
16.088589767827923,-40.0882475026835,50.09999999999294,0.18787773170316976,-0.6084927644181588,1.501616456900225e-09
16.099323094445904,-40.0939664927895,50.09999999999291,0.1878066829411754,-0.6078943869335459,1.506365769561473e-09
16.11005767877211,-40.09968507719458,50.0999999999929,0.1877351895583187,-0.6072945174837248,1.5110982406884613e-09
16.12079352130457,-40.105403255679825,50.099999999992875,0.18766325096299644,-0.6066931562155914,1.5157717664455404e-09
16.131530622541387,-40.111121028026204,50.099999999992846,0.18759086656336965,-0.6060903032762526,1.5204116091341e-09
16.142268982980756,-40.11683839401465,50.09999999999284,0.18751803576736487,-0.6054859588130261,1.5250177687541402e-09
16.153008603120924,-40.122555353426,50.09999999999281,0.1874447579826728,-0.6048801229734415,1.5295986660727907e-09
16.163749483460233,-40.128271906041014,50.0999999999928,0.18737103261674914,-0.6042727959052385,1.5341037764872725e-09
16.174491624497076,-40.13398805164041,50.09999999999279,0.18729685907681454,-0.6036639777563699,1.5386004661346244e-09
16.185235026729945,-40.13970379000481,50.09999999999275,0.18722223676985433,-0.6030536686749997,1.5430634727134566e-09
16.195979690657385,-40.14541912091477,50.09999999999273,0.18714716510261828,-0.6024418688095028,1.5475012169908993e-09
16.20672561677803,-40.151134044150766,50.099999999992704,0.18707164348162142,-0.6018285783084677,1.5518463328299135e-09
16.21747280559057,-40.15684855949323,50.09999999999268,0.18699567131314332,-0.6012137973206944,1.5561914486689277e-09
16.228221257593784,-40.16256266672248,50.09999999999267,0.18691924800322804,-0.6005975259951957,1.5604860399051625e-09
16.238970973286524,-40.16827636561881,50.09999999999265,0.18684237295768497,-0.5999797644811969,1.564738527305748e-09
16.249721953167704,-40.1739896559624,50.099999999992626,0.1867650455820879,-0.5993605129281362,1.5689573316378141e-09
16.260474197736322,-40.179702537533394,50.09999999999261,0.18668726528177515,-0.5987397714856646,1.5731424529013606e-09
16.271227707491448,-40.18541501011183,50.09999999999258,0.18660903146185007,-0.5981175403036463,1.577268628794998e-09
16.281982482932218,-40.1911270734777,50.09999999999256,0.1865303435271807,-0.5974938195321593,1.5814116462228951e-09
16.292738524557848,-40.19683872741089,50.09999999999255,0.1864512008823998,-0.5968686093214948,1.5854451936781041e-09
16.303495832867625,-40.20254997169125,50.09999999999252,0.18637160293190486,-0.5962419098221579,1.5894534788319233e-09
16.314254408360917,-40.20826080609858,50.099999999992505,0.18629154907985807,-0.595613721184867,1.5934701847528723e-09
16.325014251537144,-40.21397123041251,50.099999999992484,0.18621103873018624,-0.5949840435605555,1.597385841468263e-09
16.335775362895827,-40.2196812444127,50.09999999999248,0.18613007128658116,-0.5943528771003708,1.601284656649394e-09
16.34653774293654,-40.225390847878685,50.09999999999245,0.18604864615249883,-0.5937202219556742,1.6051413679948755e-09
16.357301392158945,-40.231100040589965,50.09999999999242,0.18596676273116058,-0.5930860782780425,1.608998079340357e-09
16.36806631106275,-40.236808822325905,50.099999999992406,0.18588442042555187,-0.5924504462192662,1.6127621622474098e-09
16.378832500147773,-40.24251719286586,50.09999999999238,0.18580161863842337,-0.5918133259313523,1.616517824387333e-09
16.389599959913873,-40.248225151989075,50.099999999992356,0.1857183567722902,-0.5911747175665216,1.6202313826916067e-09
16.40036869086101,-40.25393269947475,50.09999999999234,0.18563463422943183,-0.5905346212772105,1.6239280994616206e-09
16.41113869348918,-40.259639835101986,50.09999999999232,0.18555045041189297,-0.589893037216072,1.6275069254918163e-09
16.421909968298493,-40.265346558649824,50.09999999999229,0.18546580472148283,-0.5892499655359733,1.6311194345905317e-09
16.432682515789104,-40.27105286989724,50.09999999999228,0.18538069655977524,-0.5886054063899988,1.6346814190864676e-09
16.44345633646125,-40.27675876862313,50.09999999999226,0.1852951253281085,-0.5879593599314481,1.638218141281014e-09
