galstreams/tracks/track.st.NGC3201-Gjoll.ibata2021.ecsv
# %ECSV 0.9
# ---
# datatype:
# - {name: ra, unit: deg, datatype: float64}
# - {name: dec, unit: deg, datatype: float64}
# - {name: distance, unit: kpc, datatype: float64}
# - {name: pm_ra_cosdec, unit: mas / yr, datatype: float64}
# - {name: pm_dec, unit: mas / yr, datatype: float64}
# - {name: radial_velocity, unit: km / s, datatype: float64}
# delimiter: ','
# meta: !!omap
# - __serialized_columns__:
#     dec:
#       __class__: astropy.coordinates.angles.Latitude
#       unit: &id001 !astropy.units.Unit {unit: deg}
#       value: !astropy.table.SerializedColumn {name: dec}
#     distance:
#       __class__: astropy.coordinates.distances.Distance
#       unit: !astropy.units.Unit {unit: kpc}
#       value: !astropy.table.SerializedColumn {name: distance}
#     pm_dec:
#       __class__: astropy.units.quantity.Quantity
#       unit: !astropy.units.Unit {unit: mas / yr}
#       value: !astropy.table.SerializedColumn {name: pm_dec}
#     pm_ra_cosdec:
#       __class__: astropy.units.quantity.Quantity
#       unit: !astropy.units.Unit {unit: mas / yr}
#       value: !astropy.table.SerializedColumn {name: pm_ra_cosdec}
#     ra:
#       __class__: astropy.coordinates.angles.Longitude
#       unit: *id001
#       value: !astropy.table.SerializedColumn {name: ra}
#       wrap_angle: !astropy.coordinates.Angle
#         unit: *id001
#         value: 360.0
#     radial_velocity:
#       __class__: astropy.units.quantity.Quantity
#       unit: !astropy.units.Unit {unit: km / s}
#       value: !astropy.table.SerializedColumn {name: radial_velocity}
# schema: astropy-2.0
ra,dec,distance,pm_ra_cosdec,pm_dec,radial_velocity
[from data line 410]
67.76817608867873,-0.5588740488158374,3.783273354484545,19.34769409746378,-20.220802207616064,-1.6052087341319145e-13
67.77550609152541,-0.5656768870952655,3.783161367420195,19.351311026890382,-20.2243205130984,-3.215680447719999e-13
67.78283559435289,-0.5724802681597958,3.7830488401634708,19.354926629807437,-20.227838369202264,-4.263013359497871e-13
67.79016459823691,-0.5792841909760679,3.782935773699849,19.35854090551397,-20.231355772618464,-1.0946997268834039e-13
67.79749310425255,-0.5860886545115287,3.7828221690140005,19.362153853310332,-20.23487272004116,4.47353253774468e-14
67.80482111347423,-0.5928936577343615,3.7827080270897935,19.365765472498143,-20.238389208167654,-6.262945552842552e-14
67.81214862697567,-0.5996991996135115,3.782593348910293,19.369375762380198,-20.241905233698464,-6.999762676706381e-14
67.8194756458299,-0.6065052791187451,3.782478135457763,19.372984722260576,-20.245420793337285,-4.105123975812765e-14
67.82680217110926,-0.6133118952205394,3.7823623877136625,19.37659235144462,-20.248935883791074,-3.7735562700740414e-13
67.83412820388548,-0.6201190468901498,3.782246106658652,19.380198649238892,-20.25245050176995,-3.9946014072331906e-13
67.84145374522953,-0.6269267330996294,3.7821292932725883,19.383803614951255,-20.255964643987266,-2.610437810260425e-13
67.84877879621179,-0.633734952821782,3.7820119485345263,19.387407247890724,-20.259478307159526,-1.289429966761702e-13
67.8561033579018,-0.640543705030106,3.781894073422721,19.39100954736768,-20.262991488006517,-1.5999457546757442e-13
67.86342743136858,-0.6473529886989715,3.7817756689146274,19.394610512693625,-20.266504183251143,-3.015687228385531e-13
67.87075101768045,-0.6541628028034411,3.7816567359868993,19.398210143181394,-20.270016389619542,-1.7788870561855314e-13
67.87807411790494,-0.6609731463193885,3.7815372756153858,19.401808438145057,-20.273528103841112,-3.4419885643353184e-13
67.88539673310903,-0.6677840182234374,3.781417288775142,19.405405396899873,-20.27703932264834,-3.068317022947233e-13
67.89271886435897,-0.6745954174929522,3.7812967764404224,19.40900101876235,-20.280550042776934,-1.668364487605957e-13
67.90004051272034,-0.681407343106074,3.7811757395846795,19.41259530305031,-20.284060260965862,-3.23673236554468e-13
67.907361679258,-0.6882197940417181,3.7810541791805696,19.41618824908273,-20.287569973957222,-1.1578554803574466e-14
67.91468236503621,-0.695032769279544,3.780932096199945,19.41977985617986,-20.291079178496325,-3.5788260301957434e-14
67.92200257111851,-0.701846267799978,3.780809491613866,19.423370123663183,-20.294587871331657,-1.2368001721999998e-13
67.92932229856773,-0.7086602885842174,3.7806863663925885,19.42695905085543,-20.298096049214923,-3.98407544832085e-13
67.93664154844608,-0.7154748306142182,3.7805627215055755,19.43054663708053,-20.30160370890101,-1.2104852749191487e-13
67.94396032181508,-0.7222898928726836,3.7804385579214874,19.4341328816637,-20.30511084714794,-1.5631048984825526e-13
67.95127861973552,-0.7291054743430878,3.7803138766081936,19.43771778393131,-20.30861746071699,-2.3841296936451057e-13
67.95859644326762,-0.7359215740096544,3.780188678532757,19.441301343211066,-20.31212354637258,-1.7841500356417015e-13
67.96591379347082,-0.7427381908573932,3.7800629646614503,19.444883558831854,-20.315629100882376,-3.215680447719999e-13
67.97323067140394,-0.7495553238720475,3.7799367359597498,19.448464430123764,-20.31913412101712,-1.9473023987829782e-13
67.98054707812511,-0.7563729720401229,3.779809993392331,19.452043956418127,-20.32263860355079,-1.589419795763404e-13
67.98786301469178,-0.7631911343488901,3.779682737923075,19.455622137047552,-20.326142545260595,-3.4419885643353184e-13
67.99517848216075,-0.770009809786369,3.779554970515069,19.45919897134582,-20.329645942926838,-3.4525145232476587e-13
68.00249348158809,-0.7768289973413616,3.779426692130603,19.462774458647953,-20.33314879333304,-2.947268495455318e-14
68.00980801402925,-0.7836486960034,3.7792979037311714,19.466348598290228,-20.33665109326592,-3.4946183588970205e-13
68.017122080539,-0.7904689047627721,3.7791686062774756,19.469921389610064,-20.340152839515262,-1.1789073981821273e-13
68.02443568217141,-0.7972896226105347,3.779038800729418,19.47349283194623,-20.343654028874198,-4.8419410996765944e-14
68.03174881997987,-0.8041108485385177,3.778908488046109,19.477062924638666,-20.347154658138944,-1.2104852749191487e-13
68.03906149501717,-0.8109325815393078,3.7787776691858666,19.480631667028447,-20.35065472410883,-2.4209705498382974e-13
68.04637370833528,-0.8177548206061475,3.778646345106211,19.484199058457985,-20.35415422358643,-3.9472345921276586e-13
68.05368546098563,-0.8245775647331757,3.7785145167638734,19.487765098270838,-20.357653153377452,-7.894469184255317e-14
68.06099675401894,-0.8314008129152007,3.778382185114785,19.49132978581187,-20.36115151029085,-2.7262233582961694e-13
68.06830758848524,-0.8382245641478221,3.7782493511140904,19.494893120427058,-20.36464929113863,-3.9998643866893604e-14
68.0756179654339,-0.8450488174273757,3.7781160157161398,19.49845510146365,-20.368146492736017,-2.8314829474195736e-13
68.0829278859136,-0.8518735717509559,3.777982179874486,19.502015728270127,-20.37164311190142,-1.368374658604255e-13
68.09023735097239,-0.8586988261164042,3.777847844541897,19.505575000196153,-20.37513914545638,-9.999660966723402e-14
68.09754636165758,-0.8655245795223302,3.7777130106703405,19.509132916592613,-20.378634590225612,2.2104513715914887e-14
68.10485491901589,-0.8723508309680801,3.777577679211002,19.512689476811655,-20.382129443037005,-5.894536990910637e-14
68.11216302409329,-0.8791775794537667,3.777441851114267,19.51624468020655,-20.38562370072159,-2.7472752761208503e-13
68.11947067793511,-0.8860048239802321,3.777305527329732,19.519798526131837,-20.389117360113538,-3.263047262825531e-14
68.12677788158604,-0.8928325635490967,3.7771687088062063,19.52335101394329,-20.392610418050243,-2.8841127419812757e-13
68.13408463609005,-0.8996607971627237,3.7770313964917035,19.526902142997827,-20.39610287137217,-3.4209366465106375e-13
68.14139094249045,-0.9064895238242074,3.7768935913334527,19.530451912653607,-20.399594716922984,-3.3156770573872333e-13
68.1486968018299,-0.9133187425374194,3.7767552942778857,19.53400032227001,-20.4030859515495,-2.73674931720851e-13
68.15600221515038,-0.9201484523069605,3.77661650627065,19.53754737120762,-20.40657657210172,-2.0315100700817015e-13
68.1633071834932,-0.926978652138193,3.776477228256602,19.541093058828224,-20.410066575432722,-3.410410687598297e-13
68.17061170789897,-0.9338093410372418,3.7763374611798057,19.5446373844948,-20.41355595839879,-9.157584253736168e-14
68.17791578940768,-0.9406405180109415,3.776197205983541,19.548180347571538,-20.41704471785933,-1.0315439734093615e-13
68.1852194290586,-0.9474721820669054,3.7760564636102973,19.55172194742386,-20.42053285067693,9.157584253736168e-14
68.1925226278904,-0.9543043322134859,3.775915235001774,19.555262183418353,-20.42402035371729,-2.631489728085106e-13
68.19982538694104,-0.9611369674598355,3.7757735210988814,19.558801054922846,-20.42750722384928,-3.24199534500085e-13
68.20712770724774,-0.967970086815715,3.7756313228417477,19.562338561306287,-20.430993457944854,-1.8525687685719145e-13
68.21442958984714,-0.9748036892917552,3.7754886411697086,19.56587470193892,-20.434479052879187,-2.8841127419812757e-13
68.22173103577522,-0.9816377738993132,3.7753454770213124,19.569409476192178,-20.437964005530592,-2.3472888374519144e-13
68.22903204606725,-0.9884723396504623,3.7752018313343223,19.57294288343859,-20.441448312780434,-1.9578283576953187e-13
68.23633262175782,-0.9953073855580505,3.775057705045712,19.576474923052015,-20.44493197151333,-1.5999457546757442e-13
68.24363276388091,-1.0021429106356514,3.7749130990916706,19.580005594407456,-20.448414978616967,-2.24202924832851e-13
68.25093247346976,-1.0089789138975955,3.7747680144076017,19.58353489688108,-20.451897330982195,-2.24202924832851e-13
68.258231751557,-1.0158153943589512,3.774622451928123,19.587062829850282,-20.45537902550295,-2.7262233582961694e-13
68.26553059917457,-1.0226523510355272,3.7744764125870627,19.59058939269363,-20.45886005907638,-2.620963769172765e-13
68.27282901735373,-1.0294897829438874,3.7743298973174677,19.594114584790926,-20.462340428602715,-2.7472752761208503e-13
68.2801270071251,-1.0363276891013402,3.774182907051599,19.59763840552314,-20.465820130985342,-2.5262301389617017e-13
68.28742456951862,-1.0431660685259252,3.7740354427209293,19.601160854272404,-20.469299163130756,-5.2629794561702115e-15
68.29472170556355,-1.050004920236433,3.773887505256151,19.604681930422103,-20.47277752194859,-2.0841398646434036e-13
68.30201841628848,-1.0568442432524001,3.7737390955871706,19.60820163335674,-20.476255204351617,-1.8525687685719145e-13
68.30931470272138,-1.063684036594101,3.7735902146431077,19.611719962462104,-20.479732207255775,-2.4736003443999996e-13
68.3166105658895,-1.0705242992825392,3.773440863352303,19.615236917125046,-20.483208527579993,-2.3472888374519144e-13
68.32390600681947,-1.0773650303394848,3.773291042642314,19.618752496733677,-20.486684162246476,-3.3051510984748925e-13
68.33120102653723,-1.0842062287874221,3.7731407534399093,19.622266700677308,-20.490159108180457,-8.420767129872338e-15
68.33849562606802,-1.0910478936496015,3.7729899966710763,19.62577952834644,-20.493633362310387,-3.336728975211914e-13
68.3457898064365,-1.097890023950017,3.7728387732610202,19.629290979132698,-20.497106921567738,-3.010424248929361e-13
68.35308356866656,-1.104732618713364,3.772687084134169,19.63280105242892,-20.500579782887126,-2.8525348652442545e-13
68.36037691378152,-1.1115756769651195,3.772534930214163,19.636309747629117,-20.504051943206296,-1.6525755492374463e-13
68.36766984280399,-1.1184191977314646,3.7723823124238587,19.639817064128543,-20.507523399466166,-2.4209705498382972e-14
68.37496235675592,-1.1252631800393504,3.772229231685336,19.643323001323573,-20.51099414861071,-1.7262572616238293e-13
68.38225445665856,-1.1321076229164622,3.7720756889198914,19.64682755861173,-20.51446418758699,-8.736545897242551e-14
68.38954614353263,-1.1389525253912456,3.771921685048041,19.650330735391805,-20.517933513345266,-3.7998711673548925e-13
68.39683741839796,-1.1457978864927683,3.771767220989518,19.653832531063696,-20.52140212283884,-9.578622610229784e-14
68.40412828227393,-1.1526437052509666,3.7716122976632773,19.657332945028546,-20.524870013024177,-3.3262030162995735e-13
68.41141873617913,-1.1594899806964705,3.7714569159874913,19.660831976688595,-20.528337180860824,-2.7788531528578715e-13
68.41870878113154,-1.1663367118606438,3.771301076879557,19.664329625447266,-20.5318036233114,-1.6841534259744677e-13
68.42599841814848,-1.1731838977755793,3.771144781256088,19.66782589070924,-20.535269337341717,-3.094631920228084e-13
68.43328764824659,-1.1800315374741304,3.7709880300329144,19.67132077188035,-20.5387343199207,-4.3682729486212754e-13
68.44057647244183,-1.1868796299898607,3.770830824125101,19.674814268367438,-20.542198568020194,-4.73668151055319e-14
68.44786489174953,-1.1937281743570767,3.770673164446918,19.67830637957878,-20.545662078615404,-2.48412630331234e-13
68.45515290718436,-1.2005771696108274,3.7705150519118655,19.681797104923625,-20.549124848684478,-4.210383564936169e-15
68.46244051976028,-1.207426614786896,3.7703564874326623,19.68528644381251,-20.552586875208746,-2.1051917824680845e-13
68.46972773049065,-1.2142765089217769,3.7701974719212523,19.68877439565704,-20.55604815517255,-3.4735664410723393e-14
68.4770145403881,-1.2211268510527389,3.770038006288798,19.692260959870087,-20.55950868556344,-2.2315032894161697e-13
68.48430095046469,-1.2279776402177465,3.7698780914456886,19.69574613586557,-20.56296846337194,-1.3367967818672336e-13
68.49158696173174,-1.234828875455518,3.7697177283015315,19.699229923058716,-20.566427485591806,-2.642015686997446e-13
68.49887257519994,-1.241680555805502,3.769556917765161,19.70271232086582,-20.56988574921981,5.2629794561702115e-15
68.5061577918793,-1.2485326803078827,3.7693956607446295,19.706193328704412,-20.573343251255857,-3.115683838052765e-13
68.51344261277922,-1.255385248003559,3.76923395814722,19.70967294599307,-20.57679998870285,-3.757767331705531e-13
68.52072703890836,-1.2622382579341895,3.7690718108794354,19.71315117215165,-20.58025595856692,-3.031476166754042e-13
68.52801107127479,-1.2690917091421354,3.7689092198470004,19.716628006601173,-20.58371115785725,-9.262843842859572e-14
68.5352947108859,-1.2759456006705074,3.768746185954871,19.720103448763698,-20.58716558358603,-1.6946793848868082e-13
68.54257795874841,-1.282799931563138,3.7685827101072245,19.72357749806254,-20.590619232768596,7.4734308277617e-14
68.54986081586839,-1.2896547008646009,3.7684187932074593,19.727050153922224,-20.594072102423464,-1.9578283576953187e-13
68.55714328325125,-1.2965099076202296,3.7682544361582013,19.73052141576833,-20.597524189572116,-3.9472345921276586e-13
68.56442536190171,-1.303365550875976,3.768089639861307,19.733991283027606,-20.60097549123912,-2.4209705498382974e-13
68.57170705282387,-1.3102216296786235,3.7679244052178533,19.737459755128004,-20.604426004452172,-2.1999254126791483e-13
68.57898835702116,-1.3170781430756724,3.7677587331281437,19.740926831498633,-20.607875726242078,-3.1998915093514883e-13
68.58626927549636,-1.3239350901153202,3.7675926244917113,19.744392511569714,-20.61132465364265,-7.052392471268083e-14
68.59354980925157,-1.3307924698465246,3.76742608020731,19.747856794772666,-20.614772783690857,-2.2946590428902123e-13
68.60082995928828,-1.3376502813189401,3.7672591011729266,19.751319680540025,-20.618220113426705,-3.663033701494467e-13
68.60810972660722,-1.344508523582984,3.767091688285772,19.754781168305495,-20.621666639893284,-2.0525619879063824e-13
68.6153891122086,-1.3513671956897617,3.7669238424422855,19.75824125750393,-20.625112360136747,-9.47336302110638e-14
68.62266811709186,-1.3582262966911292,3.766755564538133,19.761699947571373,-20.628557271206372,-2.463074385487659e-13
68.62994674225585,-1.3650858256396754,3.7665868554682107,19.765157237944955,-20.63200137015449,-3.3262030162995735e-13
68.63722498869872,-1.371945781588687,3.7664177161266394,19.76861312806296,-20.635444654036444,-1.9157245220459568e-13
68.64450285741799,-1.3788061635922089,3.766248147406772,19.772067617364886,-20.638887119910738,-1.8736206863965952e-13
68.65178034941053,-1.3856669707049967,3.766078150201189,19.775520705291324,-20.642328764838915,-1.315744864042553e-13
68.6590574656725,-1.3925282019825156,3.7659077254017004,19.778972391284007,-20.64576958588557,-2.968320413279999e-13
68.66633420719948,-1.399389856480984,3.765736873899345,19.782422674785824,-20.649209580118384,-1.315744864042553e-13
68.67361057498634,-1.4062519332573236,3.76556559658439,19.78587155524085,-20.65264874460813,-3.410410687598297e-13
68.68088657002733,-1.4131144313691943,3.765393894346334,19.789319032094248,-20.656087076428594,-1.620997672500425e-13
68.68816219331599,-1.4199773498749728,3.7652217680739066,19.79276510479233,-20.659524572656668,-2.8841127419812757e-13
68.69543744584527,-1.4268406878337534,3.765049218655069,19.79620977278258,-20.66296123037227,-9.262843842859572e-14
68.70271232860743,-1.4337044443053661,3.764876246977006,19.799653035513632,-20.66639704665847,-7.894469184255317e-14
68.70998684259406,-1.4405686183503565,3.7647028539261433,19.803094892435205,-20.66983201860129,-3.4946183588970205e-13
68.71726098879616,-1.447433209029982,3.7645290403881293,19.806535342998203,-20.673266143289883,-1.9051985631336166e-13
68.72453476820402,-1.4542982154062492,3.764354807247851,19.809974386654652,-20.67669941781641,1.0525958912340423e-15
68.73180818180725,-1.461163636541858,3.764180155389424,19.81341202285771,-20.680131839276132,-1.3894265764289357e-13
68.7390812305949,-1.468029471500246,3.764005085696194,19.81684825106171,-20.683563404767387,-2.020984111169361e-13
68.74635391555529,-1.4748957193456118,3.7638295990507427,19.82028307072207,-20.686994111391495,-1.3052189051302125e-13
