galstreams/tracks/track.ep.Jet.jethwa2018.ecsv
# %ECSV 1.0
# ---
# datatype:
# - {name: ra, unit: deg, datatype: float64}
# - {name: dec, unit: deg, datatype: float64}
# - {name: distance, unit: kpc, datatype: float64}
# - {name: pm_ra_cosdec, unit: mas / yr, datatype: float64}
# - {name: pm_dec, unit: mas / yr, datatype: float64}
# - {name: radial_velocity, unit: km / s, datatype: float64}
# delimiter: ','
# meta: !!omap
# - __serialized_columns__:
#     dec:
#       __class__: astropy.coordinates.angles.Latitude
#       unit: &id001 !astropy.units.Unit {unit: deg}
#       value: !astropy.table.SerializedColumn {name: dec}
#     distance:
#       __class__: astropy.coordinates.distances.Distance
#       unit: !astropy.units.Unit {unit: kpc}
#       value: !astropy.table.SerializedColumn {name: distance}
#     pm_dec:
#       __class__: astropy.units.quantity.Quantity
#       unit: !astropy.units.Unit {unit: mas / yr}
#       value: !astropy.table.SerializedColumn {name: pm_dec}
#     pm_ra_cosdec:
#       __class__: astropy.units.quantity.Quantity
#       unit: !astropy.units.Unit {unit: mas / yr}
#       value: !astropy.table.SerializedColumn {name: pm_ra_cosdec}
#     ra:
#       __class__: astropy.coordinates.angles.Longitude
#       unit: *id001
#       value: !astropy.table.SerializedColumn {name: ra}
#       wrap_angle: !astropy.coordinates.Angle
#         unit: *id001
#         value: 360.0
#     radial_velocity:
#       __class__: astropy.units.quantity.Quantity
#       unit: !astropy.units.Unit {unit: km / s}
#       value: !astropy.table.SerializedColumn {name: radial_velocity}
# schema: astropy-2.0
ra,dec,distance,pm_ra_cosdec,pm_dec,radial_velocity
133.75,-27.70000000000001,28.6,0.0,0.0,0.0
133.79475544701015,-27.651527710211255,28.6,0.0,0.0,0.0
133.8394712302068,-27.603041061625127,28.599999999999998,0.0,0.0,0.0
133.88414745455688,-27.554540096474916,28.6,0.0,0.0,0.0
133.92878422484503,-27.50602485689086,28.600000000000005,0.0,0.0,0.0
133.97338164567438,-27.457495384900138,28.599999999999998,0.0,0.0,0.0
134.01793982146643,-27.40895172242751,28.6,0.0,0.0,0.0
134.06245885646177,-27.36039391129537,28.6,0.0,0.0,0.0
134.10693885471997,-27.31182199322439,28.6,0.0,0.0,0.0
134.1513799201203,-27.263236009833545,28.6,0.0,0.0,0.0
134.19578215636156,-27.21463600264074,28.6,0.0,0.0,0.0
134.2401456669629,-27.16602201306286,28.6,0.0,0.0,0.0
134.28447055526368,-27.11739408241641,28.6,0.0,0.0,0.0
134.32875692442423,-27.068752251917516,28.6,0.0,0.0,0.0
134.37300487742567,-27.020096562682603,28.599999999999998,0.0,0.0,0.0
134.41721451707065,-26.97142705572837,28.6,0.0,0.0,0.0
134.46138594598332,-26.922743771972495,28.599999999999998,0.0,0.0,0.0
134.50551926661,-26.87404675223359,28.6,0.0,0.0,0.0
134.54961458121923,-26.825336037231878,28.6,0.0,0.0,0.0
134.59367199190214,-26.77661166758919,28.599999999999998,0.0,0.0,0.0
134.63769160057282,-26.727873683829642,28.6,0.0,0.0,0.0
134.68167350896874,-26.679122126379593,28.6,0.0,0.0,0.0
134.72561781865073,-26.630357035568316,28.6,0.0,0.0,0.0
134.76952463100383,-26.58157845162802,28.6,0.0,0.0,0.0
134.813394047237,-26.532786414694474,28.6,0.0,0.0,0.0
134.8572261683841,-26.483980964806996,28.6,0.0,0.0,0.0
134.90102109530355,-26.43516214190912,28.599999999999998,0.0,0.0,0.0
134.9447789286793,-26.386329985848597,28.6,0.0,0.0,0.0
134.98849976902065,-26.337484536378035,28.6,0.0,0.0,0.0
135.0321837166629,-26.288625833154864,28.599999999999998,0.0,0.0,0.0
135.0758308717674,-26.23975391574203,28.6,0.0,0.0,0.0
135.11944133432232,-26.19086882360794,28.600000000000005,0.0,0.0,0.0
135.16301520414248,-26.141970596127166,28.6,0.0,0.0,0.0
135.20655258087007,-26.093059272580362,28.600000000000005,0.0,0.0,0.0
135.2500535639747,-26.04413489215497,28.6,0.0,0.0,0.0
135.293518252754,-25.99519749394516,28.599999999999998,0.0,0.0,0.0
135.33694674633378,-25.9462471169525,28.600000000000005,0.0,0.0,0.0
135.38033914366846,-25.897283800085944,28.6,0.0,0.0,0.0
135.42369554354127,-25.848307582162448,28.6,0.0,0.0,0.0
135.46701604456487,-25.79931850190697,28.599999999999998,0.0,0.0,0.0
135.5103007451813,-25.750316597953116,28.6,0.0,0.0,0.0
135.55354974366276,-25.701301908843107,28.6,0.0,0.0,0.0
135.5967631381115,-25.652274473028424,28.6,0.0,0.0,0.0
135.63994102646063,-25.603234328869778,28.599999999999998,0.0,0.0,0.0
135.6830835064741,-25.554181514637783,28.599999999999998,0.0,0.0,0.0
135.7261906757472,-25.505116068512862,28.599999999999998,0.0,0.0,0.0
135.7692626317069,-25.456038028585972,28.6,0.0,0.0,0.0
135.81229947161216,-25.406947432858534,28.6,0.0,0.0,0.0
135.8553012925544,-25.357844319242933,28.599999999999998,0.0,0.0,0.0
135.8982681914576,-25.30872872556291,28.6,0.0,0.0,0.0
135.94120026507892,-25.259600689553565,28.600000000000005,0.0,0.0,0.0
135.98409761000886,-25.21046024886202,28.6,0.0,0.0,0.0
136.0269603226718,-25.161307441047366,28.6,0.0,0.0,0.0
136.06978849932614,-25.112142303581315,28.599999999999998,0.0,0.0,0.0
136.11258223606478,-25.062964873848134,28.599999999999998,0.0,0.0,0.0
136.15534162881542,-25.013775189145335,28.6,0.0,0.0,0.0
136.19806677334103,-24.964573286683564,28.599999999999998,0.0,0.0,0.0
136.24075776524,-24.9153592035873,28.6,0.0,0.0,0.0
136.28341469994675,-24.866132976894782,28.599999999999998,0.0,0.0,0.0
136.32603767273181,-24.816894643558634,28.600000000000005,0.0,0.0,0.0
136.36862677870246,-24.767644240445854,28.6,0.0,0.0,0.0
136.41118211280278,-24.718381804338424,28.6,0.0,0.0,0.0
136.45370376981435,-24.66910737193327,28.6,0.0,0.0,0.0
136.4961918443563,-24.619820979842892,28.599999999999998,0.0,0.0,0.0
136.53864643088593,-24.570522664595302,28.6,0.0,0.0,0.0
136.5810676236988,-24.52121246263471,28.599999999999998,0.0,0.0,0.0
136.62345551692937,-24.471890410321393,28.6,0.0,0.0,0.0
136.6658102045511,-24.422556543932398,28.6,0.0,0.0,0.0
136.70813178037707,-24.37321089966143,28.599999999999998,0.0,0.0,0.0
136.75042033806005,-24.32385351361954,28.599999999999998,0.0,0.0,0.0
136.79267597109327,-24.274484421835023,28.6,0.0,0.0,0.0
136.83489877281028,-24.225103660254074,28.6,0.0,0.0,0.0
136.87708883638578,-24.1757112647407,28.6,0.0,0.0,0.0
136.9192462548356,-24.12630727107741,28.6,0.0,0.0,0.0
136.96137112101735,-24.076891714965072,28.599999999999998,0.0,0.0,0.0
137.00346352763066,-24.027464632023612,28.599999999999998,0.0,0.0,0.0
137.04552356721766,-23.97802605779192,28.6,0.0,0.0,0.0
137.08755133216303,-23.928576027728475,28.600000000000005,0.0,0.0,0.0
137.12954691469477,-23.87911457721129,28.599999999999998,0.0,0.0,0.0
137.17151040688427,-23.82964174153854,28.6,0.0,0.0,0.0
137.21344190064696,-23.78015755592847,28.600000000000005,0.0,0.0,0.0
137.25534148774236,-23.730662055520085,28.6,0.0,0.0,0.0
137.29720925977463,-23.681155275372983,28.599999999999998,0.0,0.0,0.0
137.3390453081929,-23.631637250468085,28.6,0.0,0.0,0.0
137.38084972429178,-23.582108015707483,28.6,0.0,0.0,0.0
137.42262259921142,-23.532567605915098,28.6,0.0,0.0,0.0
137.46436402393817,-23.483016055836618,28.6,0.0,0.0,0.0
137.50607408930478,-23.433453400140092,28.6,0.0,0.0,0.0
137.5477528859909,-23.383879673415887,28.6,0.0,0.0,0.0
137.58940050452327,-23.334294910177274,28.6,0.0,0.0,0.0
137.6310170352763,-23.284699144860376,28.6,0.0,0.0,0.0
137.67260256847234,-23.235092411824795,28.600000000000005,0.0,0.0,0.0
137.71415719418206,-23.185474745353506,28.6,0.0,0.0,0.0
137.7556810023247,-23.13584617965351,28.600000000000005,0.0,0.0,0.0
137.79717408266876,-23.086206748855712,28.6,0.0,0.0,0.0
137.83863652483197,-23.03655648701559,28.599999999999998,0.0,0.0,0.0
137.8800684182821,-22.986895428113073,28.6,0.0,0.0,0.0
137.92146985233683,-22.93722360605317,28.599999999999998,0.0,0.0,0.0
137.96284091616462,-22.887541054665892,28.6,0.0,0.0,0.0
138.00418169878478,-22.83784780770687,28.6,0.0,0.0,0.0
138.04549228906788,-22.788143898857278,28.6,0.0,0.0,0.0
138.08677277573625,-22.73842936172438,28.6,0.0,0.0,0.0
138.1280232473642,-22.68870422984159,28.599999999999998,0.0,0.0,0.0
138.16924379237852,-22.63896853666887,28.599999999999998,0.0,0.0,0.0
138.21043449905878,-22.589222315592913,28.6,0.0,0.0,0.0
138.25159545553774,-22.539465599927453,28.599999999999998,0.0,0.0,0.0
138.2927267498017,-22.48969842291348,28.6,0.0,0.0,0.0
138.33382846969081,-22.439920817719553,28.6,0.0,0.0,0.0
138.37490070289974,-22.390132817442023,28.6,0.0,0.0,0.0
138.41594353697766,-22.340334455105285,28.6,0.0,0.0,0.0
138.45695705932883,-22.29052576366206,28.6,0.0,0.0,0.0
138.49794135721297,-22.24070677599367,28.6,0.0,0.0,0.0
138.5388965177456,-22.190877524910224,28.6,0.0,0.0,0.0
138.5798226278984,-22.141038043150967,28.6,0.0,0.0,0.0
138.6207197744997,-22.091188363384457,28.599999999999998,0.0,0.0,0.0
138.66158804423463,-22.041328518208854,28.6,0.0,0.0,0.0
138.70242752364575,-21.991458540152173,28.6,0.0,0.0,0.0
138.74323829913334,-21.941578461672545,28.599999999999998,0.0,0.0,0.0
138.78402045695557,-21.89168831515845,28.6,0.0,0.0,0.0
138.82477408322927,-21.84178813292898,28.6,0.0,0.0,0.0
138.86549926392996,-21.7918779472341,28.600000000000005,0.0,0.0,0.0
138.9061960848924,-21.741957790254865,28.599999999999998,0.0,0.0,0.0
138.94686463181094,-21.69202769410371,28.6,0.0,0.0,0.0
138.98750499023993,-21.642087690824685,28.599999999999998,0.0,0.0,0.0
139.02811724559396,-21.59213781239369,28.6,0.0,0.0,0.0
139.06870148314835,-21.542178090718735,28.599999999999998,0.0,0.0,0.0
139.10925778803957,-21.492208557640197,28.599999999999998,0.0,0.0,0.0
139.14978624526555,-21.44222924493104,28.6,0.0,0.0,0.0
139.19028693968602,-21.392240184297094,28.6,0.0,0.0,0.0
139.23075995602295,-21.34224140737727,28.6,0.0,0.0,0.0
139.2712053788609,-21.292232945743827,28.6,0.0,0.0,0.0
139.31162329264754,-21.242214830902597,28.599999999999998,0.0,0.0,0.0
139.35201378169364,-21.192187094293253,28.599999999999998,0.0,0.0,0.0
139.3923769301739,-21.142149767289517,28.6,0.0,0.0,0.0
139.4327128221271,-21.09210288119944,28.6,0.0,0.0,0.0
139.47302154145646,-21.04204646726563,28.600000000000005,0.0,0.0,0.0
139.51330317193012,-20.991980556665464,28.599999999999998,0.0,0.0,0.0
139.55355779718147,-20.941905180511377,28.6,0.0,0.0,0.0
139.59378550070943,-20.891820369851068,28.600000000000005,0.0,0.0,0.0
139.63398636587905,-20.841726155667743,28.6,0.0,0.0,0.0
139.6741604759217,-20.79162256888037,28.6,0.0,0.0,0.0
139.71430791393544,-20.741509640343896,28.6,0.0,0.0,0.0
139.7544287628856,-20.6913874008495,28.6,0.0,0.0,0.0
139.79452310560492,-20.641255881124817,28.599999999999998,0.0,0.0,0.0
139.8345910247941,-20.59111511183417,28.6,0.0,0.0,0.0
139.874632603022,-20.540965123578854,28.599999999999998,0.0,0.0,0.0
139.91464792272626,-20.49080594689729,28.6,0.0,0.0,0.0
139.95463706621342,-20.440637612265302,28.6,0.0,0.0,0.0
139.99460011565955,-20.390460150096374,28.6,0.0,0.0,0.0
140.03453715311034,-20.340273590741834,28.600000000000005,0.0,0.0,0.0
140.07444826048174,-20.290077964491125,28.599999999999998,0.0,0.0,0.0
140.11433351956026,-20.239873301572004,28.599999999999998,0.0,0.0,0.0
140.1541930120032,-20.189659632150804,28.6,0.0,0.0,0.0
140.1940268193392,-20.13943698633264,28.6,0.0,0.0,0.0
140.2338350229686,-20.089205394161645,28.6,0.0,0.0,0.0
140.27361770416368,-20.038964885621223,28.599999999999998,0.0,0.0,0.0
140.3133749440693,-19.988715490634224,28.6,0.0,0.0,0.0
140.35310682370297,-19.938457239063226,28.6,0.0,0.0,0.0
140.39281342395537,-19.888190160710742,28.599999999999998,0.0,0.0,0.0
140.43249482559077,-19.83791428531942,28.6,0.0,0.0,0.0
140.47215110924736,-19.78762964257233,28.599999999999998,0.0,0.0,0.0
140.51178235543762,-19.737336262093123,28.6,0.0,0.0,0.0
140.55138864454867,-19.687034173446293,28.6,0.0,0.0,0.0
140.59097005684274,-19.636723406137406,28.6,0.0,0.0,0.0
140.63052667245734,-19.5864039896133,28.6,0.0,0.0,0.0
140.670058571406,-19.536075953262323,28.6,0.0,0.0,0.0
140.70956583357824,-19.48573932641455,28.6,0.0,0.0,0.0
140.74904853874017,-19.435394138342005,28.6,0.0,0.0,0.0
140.78850676653485,-19.385040418258892,28.6,0.0,0.0,0.0
140.82794059648268,-19.334678195321807,28.6,0.0,0.0,0.0
140.8673501079816,-19.284307498629946,28.599999999999998,0.0,0.0,0.0
140.9067353803077,-19.233928357225352,28.6,0.0,0.0,0.0
140.9460964926155,-19.183540800093112,28.6,0.0,0.0,0.0
140.9854335239382,-19.13314485616158,28.6,0.0,0.0,0.0
141.02474655318835,-19.08274055430261,28.6,0.0,0.0,0.0
141.06403565915784,-19.032327923331753,28.600000000000005,0.0,0.0,0.0
141.10330092051862,-18.981906992008476,28.6,0.0,0.0,0.0
141.1425424158229,-18.931477789036393,28.6,0.0,0.0,0.0
141.18176022350346,-18.881040343063464,28.599999999999998,0.0,0.0,0.0
141.22095442187427,-18.83059468268222,28.6,0.0,0.0,0.0
141.26012508913058,-18.780140836429975,28.599999999999998,0.0,0.0,0.0
141.29927230334948,-18.72967883278904,28.600000000000005,0.0,0.0,0.0
141.33839614249018,-18.679208700186937,28.599999999999998,0.0,0.0,0.0
141.37749668439446,-18.628730466996604,28.6,0.0,0.0,0.0
141.41657400678693,-18.57824416153662,28.6,0.0,0.0,0.0
141.45562818727555,-18.527749812071413,28.599999999999998,0.0,0.0,0.0
141.49465930335188,-18.47724744681146,28.6,0.0,0.0,0.0
141.53366743239138,-18.426737093913506,28.6,0.0,0.0,0.0
141.57265265165415,-18.37621878148078,28.6,0.0,0.0,0.0
141.6116150382848,-18.325692537563196,28.6,0.0,0.0,0.0
141.6505546693132,-18.275158390157582,28.599999999999998,0.0,0.0,0.0
141.68947162165463,-18.224616367207826,28.6,0.0,0.0,0.0
141.72836597211028,-18.17406649660518,28.6,0.0,0.0,0.0
141.7672377973676,-18.123508806188386,28.6,0.0,0.0,0.0
141.8060871740006,-18.07294332374392,28.6,0.0,0.0,0.0
141.84491417847022,-18.022370077006183,28.6,0.0,0.0,0.0
141.88371888712487,-17.971789093657744,28.599999999999998,0.0,0.0,0.0
141.92250137620056,-17.92120040132948,28.6,0.0,0.0,0.0
141.96126172182142,-17.870604027600837,28.600000000000005,0.0,0.0,0.0
142.0,-17.820000000000007,28.6,0.0,0.0,0.0
