galstreams/tracks/track.st.NGC288.ibata2021.ecsv
# %ECSV 1.0
# ---
# datatype:
# - {name: ra, unit: deg, datatype: float64}
# - {name: dec, unit: deg, datatype: float64}
# - {name: distance, unit: kpc, datatype: float64}
# - {name: pm_ra_cosdec, unit: mas / yr, datatype: float64}
# - {name: pm_dec, unit: mas / yr, datatype: float64}
# - {name: radial_velocity, unit: km / s, datatype: float64}
# delimiter: ','
# meta: !!omap
# - __serialized_columns__:
#     dec:
#       __class__: astropy.coordinates.angles.Latitude
#       unit: &id001 !astropy.units.Unit {unit: deg}
#       value: !astropy.table.SerializedColumn {name: dec}
#     distance:
#       __class__: astropy.coordinates.distances.Distance
#       unit: !astropy.units.Unit {unit: kpc}
#       value: !astropy.table.SerializedColumn {name: distance}
#     pm_dec:
#       __class__: astropy.units.quantity.Quantity
#       unit: !astropy.units.Unit {unit: mas / yr}
#       value: !astropy.table.SerializedColumn {name: pm_dec}
#     pm_ra_cosdec:
#       __class__: astropy.units.quantity.Quantity
#       unit: !astropy.units.Unit {unit: mas / yr}
#       value: !astropy.table.SerializedColumn {name: pm_ra_cosdec}
#     ra:
#       __class__: astropy.coordinates.angles.Longitude
#       unit: *id001
#       value: !astropy.table.SerializedColumn {name: ra}
#       wrap_angle: !astropy.coordinates.Angle
#         unit: *id001
#         value: 360.0
#     radial_velocity:
#       __class__: astropy.units.quantity.Quantity
#       unit: !astropy.units.Unit {unit: km / s}
#       value: !astropy.table.SerializedColumn {name: radial_velocity}
# schema: astropy-2.0
ra,dec,distance,pm_ra_cosdec,pm_dec,radial_velocity
[from data line 1139]
14.781775174580607,-27.980830472090762,10.665704556787698,4.103344758751115,-5.614806728536246,0.0
14.790172410912295,-27.98756338309888,10.664940682491759,4.102956278561153,-5.61439793830453,-1.6841534259744676e-14
14.79857726873943,-27.994290791696205,10.664175620720362,4.102564943045626,-5.613985081349723,-3.368306851948935e-14
14.806989765316617,-28.001012683663763,10.663409368525455,4.102170745528593,-5.61356815050825,6.73661370389787e-14
14.815409917896083,-28.00772904477664,10.662641922958986,4.101773679330381,-5.613147138620052,-3.368306851948935e-14
14.8238377437277,-28.014439860803993,10.661873281072898,4.101373737767572,-5.612722038528579,1.6841534259744676e-14
14.832273260058892,-28.021145117508983,10.661103439919145,4.100970914152982,-5.612292843080822,-5.0524602779234026e-14
14.840716484134685,-28.027844800648843,10.660332396549665,4.100565201795656,-5.611859545127318,3.368306851948935e-14
14.849167433197628,-28.034538895974777,10.65956014801641,4.100156594000848,-5.611422137522168,-1.6841534259744676e-14
14.857626124487801,-28.041227389232013,10.658786691371327,4.099745084069999,-5.610980613123043,1.6841534259744676e-14
14.866092575242762,-28.047910266159747,10.658012023666364,4.099330665300735,-5.610534964791211,-3.368306851948935e-14
14.874566802697569,-28.05458751249119,10.65723614195346,4.098913330986843,-5.610085185391539,5.0524602779234026e-14
14.883048824084701,-28.061259113953444,10.656459043284569,4.098493074418253,-5.609631267792517,-1.6841534259744676e-14
14.891538656634076,-28.06792505626764,10.65568072471164,4.098069888881031,-5.6091732048662575,0.0
14.900036317573,-28.074585325148803,10.654901183286611,4.0976437676573605,-5.608710989488534,0.0
14.908541824126168,-28.081239906305893,10.654120416061437,4.0972147040255225,-5.608244614538768,1.6841534259744676e-14
14.917055193515612,-28.08788878544178,10.65333842008806,4.096782691259885,-5.607774072900057,1.6841534259744676e-14
14.925576442960692,-28.094531948253245,10.652555192418426,4.096347722630884,-5.607299357459193,-3.368306851948935e-14
14.934105589678074,-28.101169380430935,10.65177073010449,4.095909791405015,-5.606820461106669,-3.368306851948935e-14
14.942642650881696,-28.107801067659405,10.650985030198187,4.095468890844809,-5.6063373767366995,0.0
14.95118764378275,-28.114426995617038,10.650198089751473,4.095025014208817,-5.605850097247221,0.0
14.959740585589659,-28.12104714997609,10.64940990581629,4.094578154751605,-5.605358615539925,6.73661370389787e-14
14.968301493508033,-28.12766151640264,10.648620475444588,4.094128305723723,-5.604862924520263,1.6841534259744676e-14
14.97687038474067,-28.134270080556597,10.64782979568831,4.0936754603717045,-5.604363017097459,-3.368306851948935e-14
14.985447276487523,-28.14087282809169,10.647037863599406,4.09321961193804,-5.60385888618453,1.6841534259744676e-14
14.994032185945663,-28.147469744655435,10.646244676229822,4.092760753661161,-5.603350524698294,-1.6841534259744676e-14
15.002625130309266,-28.154060815889135,10.645450230631505,4.092298878775438,-5.6028379255594,0.0
15.011226126769577,-28.160646027427862,10.6446545238564,4.091833980511142,-5.6023210816923115,-5.0524602779234026e-14
15.019835192514904,-28.16722536490047,10.643857552956455,4.091366052094451,-5.601799986025355,-5.0524602779234026e-14
15.028452344730576,-28.17379881392954,10.643059314983615,4.090895086747422,-5.601274631490718,-3.368306851948935e-14
15.037077600598911,-28.180366360131398,10.642259806989829,4.090421077687973,-5.600745011024461,6.73661370389787e-14
15.045710977299207,-28.186927989116068,10.641459026027045,4.0899440181298745,-5.600211117566543,3.368306851948935e-14
15.054352492007707,-28.19348368648731,10.64065696914721,4.08946390128273,-5.599672944060825,0.0
15.063002161897588,-28.20003343784257,10.639853633402264,4.088980720351963,-5.599130483455098,3.368306851948935e-14
15.071660004138906,-28.20657722877298,10.639049015844165,4.088494468538796,-5.598583728701086,0.0
15.08032603589859,-28.213115044863336,10.638243113524853,4.088005139040235,-5.598032672754467,-1.6841534259744676e-14
15.089000274340428,-28.2196468716921,10.637435923496271,4.087512725049058,-5.597477308574884,0.0
15.097682736625007,-28.22617269483136,10.636627442810372,4.087017219753798,-5.596917629125968,1.6841534259744676e-14
15.10637343990971,-28.23269249984685,10.6358176685191,4.086518616338718,-5.596353627375338,-1.6841534259744676e-14
15.115072401348689,-28.23920627229791,10.635006597674405,4.086016907983805,-5.595785296294635,-3.368306851948935e-14
15.123779638092843,-28.245713997737507,10.63419422732823,4.085512087864756,-5.595212628859526,3.368306851948935e-14
15.132495167289743,-28.25221566171216,10.633380554532526,4.085004149152946,-5.594635618049718,1.6841534259744676e-14
15.141219006083706,-28.258711249762,10.632565576339237,4.084493085015429,-5.594054256848976,3.368306851948935e-14
15.149951171615653,-28.265200747420714,10.631749289800307,4.08397888861491,-5.593468538245142,-1.6841534259744676e-14
15.158691681023164,-28.271684140215527,10.630931691967689,4.083461553109742,-5.592878455230149,0.0
15.167440551440425,-28.278161413667213,10.630112779893322,4.08294107165389,-5.592284000800026,-5.0524602779234026e-14
15.17619779999819,-28.284632553290077,10.62929255062916,4.082417437396929,-5.591685167954925,-3.368306851948935e-14
15.18496344382376,-28.291097544591928,10.628471001227147,4.081890643484027,-5.591081949699136,-1.6841534259744676e-14
15.193737500040976,-28.297556373074055,10.627648128739231,4.08136068305592,-5.5904743390410925,1.6841534259744676e-14
15.202519985770161,-28.304009024231277,10.626823930217355,4.080827549248911,-5.589862328993408,1.6841534259744676e-14
15.211310918128103,-28.31045548355183,10.625998402713472,4.08029123519483,-5.589245912572857,0.0
15.220110314228053,-28.316895736517452,10.625171543279526,4.07975173402104,-5.588625082800429,-1.6841534259744676e-14
15.228918191179655,-28.323329768603294,10.624343348967463,4.079209038850408,-5.587999832701312,-6.73661370389787e-14
15.237734566088955,-28.329757565277976,10.623513816829226,4.078663142801296,-5.587370155304939,-3.368306851948935e-14
15.246559456058346,-28.336179112003506,10.622682943916768,4.0781140389875326,-5.586736043644966,1.6841534259744676e-14
15.255392878186557,-28.34259439423528,10.621850727282036,4.077561720518408,-5.586097490759325,8.420767129872338e-14
15.264234849568616,-28.34900339742211,10.62101716397697,4.077006180498655,-5.585454489690215,-3.368306851948935e-14
15.27308538729584,-28.355406107006214,10.620182251053523,4.076447412028426,-5.584807033484127,3.368306851948935e-14
15.281944508455776,-28.361802508423104,10.61934598556364,4.075885408203284,-5.584155115191865,5.0524602779234026e-14
15.290812230132204,-28.3681925871017,10.618508364559267,4.075320162114181,-5.5834987278685455,3.368306851948935e-14
15.299688569405083,-28.374576328464233,10.617669385092354,4.07475166684744,-5.582837864573632,5.0524602779234026e-14
