galstreams/tracks/track.st.Sagittarius.antoja2020.ecsv
# %ECSV 0.9
# ---
# datatype:
# - {name: ra, unit: deg, datatype: float64}
# - {name: dec, unit: deg, datatype: float64}
# - {name: distance, unit: kpc, datatype: float64}
# - {name: pm_ra_cosdec, unit: mas / yr, datatype: float64}
# - {name: pm_dec, unit: mas / yr, datatype: float64}
# - {name: radial_velocity, unit: km / s, datatype: float64}
# delimiter: ','
# meta: !!omap
# - __serialized_columns__:
#     dec:
#       __class__: astropy.coordinates.angles.Latitude
#       unit: &id001 !astropy.units.Unit {unit: deg}
#       value: !astropy.table.SerializedColumn {name: dec}
#     distance:
#       __class__: astropy.coordinates.distances.Distance
#       unit: !astropy.units.Unit {unit: kpc}
#       value: !astropy.table.SerializedColumn {name: distance}
#     pm_dec:
#       __class__: astropy.units.quantity.Quantity
#       unit: !astropy.units.Unit {unit: mas / yr}
#       value: !astropy.table.SerializedColumn {name: pm_dec}
#     pm_ra_cosdec:
#       __class__: astropy.units.quantity.Quantity
#       unit: !astropy.units.Unit {unit: mas / yr}
#       value: !astropy.table.SerializedColumn {name: pm_ra_cosdec}
#     ra:
#       __class__: astropy.coordinates.angles.Longitude
#       unit: *id001
#       value: !astropy.table.SerializedColumn {name: ra}
#       wrap_angle: !astropy.coordinates.Angle
#         unit: *id001
#         value: 360.0
#     radial_velocity:
#       __class__: astropy.units.quantity.Quantity
#       unit: !astropy.units.Unit {unit: km / s}
#       value: !astropy.table.SerializedColumn {name: radial_velocity}
# schema: astropy-2.0
ra,dec,distance,pm_ra_cosdec,pm_dec,radial_velocity
[from data line 1501]
49.22155749251044,8.979210308037706,31.654654298989477,0.15557467088924135,-1.6976451310478697,-1.6841534259744676e-14
49.21272389634898,8.97432414943012,31.651485802197328,0.15533303286550484,-1.6978879067888522,-2.5262301389617013e-14
49.20389053812734,8.969437780980092,31.64831738137334,0.15509154795461455,-1.6981307978181375,-3.368306851948935e-14
49.19505741771761,8.964551202809401,31.645149036688917,0.15485021631077317,-1.6983738041745342,-2.5262301389617013e-14
49.18622453499185,8.959664415039834,31.641980768317037,0.15460903808731036,-1.698616925896325,-4.210383564936169e-14
49.17739188982224,8.95477741779319,31.638812576432546,0.15436801343661327,-1.698860163021262,-4.210383564936169e-14
49.168559482080816,8.949890211191219,31.635644461212596,0.15412714251025783,-1.6991035155866836,-3.368306851948935e-14
49.15972731163967,8.945002795355705,31.63247642283615,0.1538864254589072,-1.6993469836293587,-3.368306851948935e-14
49.150895378370855,8.940115170408387,31.629308461483735,0.15364586243232692,-1.699590567185568,-2.5262301389617013e-14
49.14206368214643,8.935227336471021,31.6261405773385,0.15340545357943527,-1.699834266291125,-4.210383564936169e-14
49.133232222838416,8.930339293665334,31.622972770585665,0.1531651990482429,-1.700078080981303,-2.5262301389617013e-14
49.12440100031885,8.925451042113057,31.61980504141164,0.15292509898589035,-1.7003220112908983,-3.368306851948935e-14
49.115570014459784,8.92056258193593,31.61663739000519,0.1526851535386416,-1.7005660572542063,-1.6841534259744676e-14
49.10673926513321,8.915673913255658,31.613469816557785,0.1524453628519189,-1.7008102189050396,-2.5262301389617013e-14
49.09790875221116,8.910785036193973,31.610302321261624,0.1522057270702111,-1.701054496276679,-2.5262301389617013e-14
49.08907847556563,8.905895950872562,31.60713490431148,0.15196624633717906,-1.7012988894019594,-3.368306851948935e-14
49.080248435068576,8.901006657413122,31.603967565903886,0.1517269207955979,-1.7015433983131878,-3.368306851948935e-14
49.071418630592014,8.896117155937342,31.60080030623758,0.15148775058738545,-1.7017880230422289,-8.420767129872338e-15
49.06258906200787,8.891227446566893,31.597633125513486,0.15124873585357984,-1.7020327636203836,-8.420767129872338e-15
49.053759729188165,8.886337529423468,31.5944660239332,0.1510098767343496,-1.7022776200785066,-2.5262301389617013e-14
49.04493063200477,8.881447404628702,31.591299001701984,0.15077117336902995,-1.7025225924470055,-1.6841534259744676e-14
49.03610177032973,8.876557072304298,31.588132059025632,0.15053262589603103,-1.702767680755705,-1.6841534259744676e-14
49.027273144034915,8.871666532571886,31.584965196112332,0.1502942344529765,-1.703012885034008,-2.5262301389617013e-14
49.01844475299226,8.866775785553111,31.581798413172287,0.15005599917658813,-1.7032582053108383,-2.5262301389617013e-14
49.009616597073695,8.861884831369606,31.57863171041766,0.14981792020270726,-1.703503641614576,-2.5262301389617013e-14
49.000788676151075,8.856993670142995,31.575465088062316,0.1495799976663698,-1.7037491939732055,-4.210383564936169e-14
48.99196099009636,8.852102301994911,31.57229854632194,0.14934223170171348,-1.7039948624141406,-8.420767129872338e-15
48.98313353878139,8.84721072704696,31.569132085414584,0.14910462244206107,-1.704240646964395,-2.5262301389617013e-14
48.97430632207808,8.842318945420768,31.565965705559112,0.14886717001984076,-1.704486547650419,-1.6841534259744676e-14
48.96547933985828,8.837426957237918,31.562799406977916,0.14862987456664833,-1.7047325644982534,-4.210383564936169e-14
48.95665259199386,8.832534762620003,31.559633189893887,0.14839273621324459,-1.7049786975334138,-8.420767129872338e-15
48.94782607835666,8.82764236168862,31.55646705453176,0.14815575508951426,-1.7052249467809868,-2.5262301389617013e-14
48.9389997988185,8.822749754565322,31.553301001119735,0.14791893132452882,-1.7054713122655618,-4.210383564936169e-14
48.93017375325125,8.817856941371703,31.550135029885496,0.1476822650464473,-1.7057177940111963,-1.6841534259744676e-14
48.92134794152672,8.812963922229311,31.546969141060853,0.14744575638265495,-1.7059643920415422,-2.5262301389617013e-14
48.912522363516736,8.808070697259723,31.543803334877847,0.1472094054596605,-1.7062111063797951,-3.368306851948935e-14
48.90369701909311,8.803177266584473,31.540637611570748,0.14697321240314337,-1.7064579370486062,-1.6841534259744676e-14
48.89487190812759,8.798283630325104,31.53747197137648,0.14673717733792488,-1.7067048840702042,-1.6841534259744676e-14
48.88604703049202,8.793389788603152,31.5343064145329,0.146501300388012,-1.706951947466327,-2.5262301389617013e-14
48.8772223860581,8.788495741540117,31.531140941280427,0.14626558167655218,-1.7071991272582454,-3.368306851948935e-14
48.8683979746977,8.783601489257567,31.527975551859527,0.14603002132587223,-1.7074464234667952,-3.368306851948935e-14
48.85957379628251,8.778707031876978,31.524810246515216,0.14579461945745262,-1.7076938361123022,-3.368306851948935e-14
48.85074985068432,8.773812369519876,31.521645025492056,0.14555937619194148,-1.7079413652146418,-1.6841534259744676e-14
48.84192613777485,8.768917502307751,31.51847988903775,0.14532429164914798,-1.7081890107931985,-1.6841534259744676e-14
48.83310265742584,8.764022430362088,31.515314837401082,0.14508936594809502,-1.7084367728669483,-3.368306851948935e-14
48.82427940950899,8.759127153804359,31.51214987083294,0.14485459920690646,-1.7086846514543674,-1.6841534259744676e-14
48.81545639389605,8.754231672756072,31.508984989585706,0.14461999154292993,-1.7089326465734682,-3.368306851948935e-14
48.8066336104587,8.74933598733866,31.505820193914,0.14438554307268148,-1.7091807582418022,-4.210383564936169e-14
48.79781105906867,8.744440097673612,31.502655484073877,0.1441512539118243,-1.7094289864764907,-5.0524602779234026e-14
48.78898873959763,8.739544003882372,31.499490860323505,0.14391712417521615,-1.7096773312941373,-3.368306851948935e-14
48.78016665191724,8.734647706086381,31.496326322922446,0.14368315397687864,-1.7099257927109406,-2.5262301389617013e-14
48.771344795899196,8.729751204407085,31.493161872131836,0.14344934343006796,-1.7101743707426118,-5.0524602779234026e-14
48.76252317141512,8.724854498965893,31.489997508215524,0.14321569264714112,-1.7104230654044428,-2.5262301389617013e-14
48.75370177833672,8.719957589884267,31.486833231438272,0.1429822017396964,-1.7106718767112097,-2.5262301389617013e-14
48.74488061653556,8.71506047728358,31.483669042066687,0.14274887081847432,-1.7109208046772815,-2.5262301389617013e-14
48.73605968588337,8.710163161285289,31.480504940369354,0.14251569999340907,-1.7111698493165268,-3.368306851948935e-14
48.727238986251734,8.705265642010774,31.47734092661664,0.14228268937366706,-1.7114190106424452,-2.5262301389617013e-14
48.71841851751226,8.700367919581437,31.47417700108037,0.142049839067527,-1.7116682886679844,-4.210383564936169e-14
48.709598279536564,8.695469994118659,31.47101316403421,0.1418171491825381,-1.7119176834057588,-5.0524602779234026e-14
48.70077827219622,8.690571865743806,31.46784941575369,0.1415846198253625,-1.7121671948677883,-1.6841534259744676e-14
48.691958495362854,8.685673534578287,31.464685756515888,0.14135225110186414,-1.712416823065696,-5.0524602779234026e-14
48.68313894890799,8.680775000743429,31.461522186599446,0.14112004311718657,-1.7126665680107969,-2.5262301389617013e-14
48.67431963270327,8.675876264360634,31.45835870628564,0.14088799597556442,-1.7129164297137462,-3.368306851948935e-14
48.66550054662025,8.670977325551227,31.45519531585589,0.14065610978047843,-1.7131664081848825,-3.368306851948935e-14
48.65668169053044,8.666078184436556,31.452032015594746,0.14042438463458834,-1.7134165034340494,-3.368306851948935e-14
48.64786306430541,8.661178841137962,31.448868805787733,0.1401928206397659,-1.7136667154706566,-4.210383564936169e-14
48.63904466781667,8.656279295776763,31.445705686721933,0.1399614178970834,-1.7139170443037264,-3.368306851948935e-14
48.63022650093578,8.651379548474297,31.44254265868695,0.13973017650678385,-1.7141674899417318,-8.420767129872338e-15
48.621408563534224,8.646479599351869,31.43937972197303,0.13949909656837822,-1.7144180523927837,-3.368306851948935e-14
48.61259085548356,8.641579448530806,31.436216876872763,0.1392681781805037,-1.7146687316645297,-2.5262301389617013e-14
48.60377337665528,8.636679096132397,31.433054123680296,0.13903742144102404,-1.7149195277641591,-5.0524602779234026e-14
48.59495612692085,8.631778542277933,31.42989146269121,0.1388068264470716,-1.7151704406984698,-5.894536990910637e-14
48.586139106151734,8.62687778708869,31.426728894203205,0.13857639329490426,-1.7154214704737722,-3.789345208442552e-14
48.57732231421943,8.621976830685968,31.423566418515083,0.1383461220800415,-1.7156726170959715,-4.210383564936169e-14
48.568505750995435,8.617075673191037,31.420404035927465,0.13811601289718342,-1.715923880570544,-3.368306851948935e-14
48.559689416351155,8.612174314725154,31.417241746743098,0.13788606584023833,-1.7161752609024534,-5.4734986344170195e-14
48.55087331015809,8.607272755409587,31.41407955126569,0.13765628100239197,-1.7164267580963586,-4.210383564936169e-14
48.542057432287656,8.602370995365586,31.410917449800966,0.13742665847595242,-1.7166783721563834,-3.789345208442552e-14
48.53324178261127,8.597469034714388,31.407755442656196,0.13719719835252206,-1.7169301030862754,-2.1051917824680846e-14
48.52442636100036,8.59256687357723,31.404593530140517,0.13696790072285092,-1.7171819508892856,-2.947268495455318e-14
48.51561116732633,8.587664512075333,31.401431712564143,0.13673876567698265,-1.7174339155683533,-3.368306851948935e-14
48.50679620146062,8.582761950329944,31.398269990238962,0.13650979330409524,-1.7176859971258174,-3.789345208442552e-14
48.49798146327456,8.577859188462245,31.395108363479398,0.13628098369267505,-1.7179381955637631,-4.210383564936169e-14
48.48916695263961,8.572956226593474,31.39194683260048,0.1360523369303812,-1.7181905108837334,-3.368306851948935e-14
48.48035266942711,8.568053064844822,31.388785397918994,0.13582385310409126,-1.718442943086898,-2.947268495455318e-14
48.47153861350845,8.563149703337478,31.385624059753845,0.13559553229992474,-1.718695492173966,-3.789345208442552e-14
48.46272478475497,8.558246142192631,31.38246281842505,0.13536737460326106,-1.718948158145277,-1.2631150694808506e-14
48.453911183037995,8.553342381531449,31.379301674254524,0.13513938009862905,-1.7192009410006581,-1.2631150694808506e-14
48.44509780822892,8.548438421475113,31.37614062756524,0.13491154886985113,-1.7194538407396034,-3.789345208442552e-14
48.43628466019906,8.543534262144789,31.372979678682455,0.13468388099996859,-1.719706857361141,-2.1051917824680846e-14
48.427471738819754,8.538629903661645,31.369818827932306,0.13445637657122445,-1.7199599908638605,-2.947268495455318e-14
48.41865904396231,8.533725346146827,31.366658075643453,0.13422903566513308,-1.7202132412459743,-5.0524602779234026e-14
48.40984657549802,8.528820589721462,31.363497422144675,0.1340018583624375,-1.7204666085052904,-1.2631150694808506e-14
48.40103433329821,8.523915634506704,31.360336867767835,0.13377484474308904,-1.7207200926391062,-2.5262301389617013e-14
48.39222231723415,8.519010480623665,31.35717641284549,0.13354799488629462,-1.7209736936443762,-3.368306851948935e-14
48.38341052717714,8.514105128193487,31.354016057711977,0.13332130887050803,-1.7212274115176551,-4.210383564936169e-14
48.37459896299843,8.509199577337261,31.350855802702974,0.133094786773436,-1.7214812462550426,-5.0524602779234026e-14
48.365787624569315,8.50429382817612,31.347695648156087,0.13286842867196186,-1.721735197852195,-2.5262301389617013e-14
48.356976511761054,8.499387880831154,31.34453559440992,0.13264223464229255,-1.7219892663044172,-3.368306851948935e-14
48.34816562444486,8.494481735423456,31.34137564180533,0.1324162047598335,-1.722243451606587,-3.789345208442552e-14
48.33935496249199,8.489575392074103,31.33821579068376,0.13219033909924013,-1.7224977537531236,-4.631421921429786e-14
48.33054452577369,8.484668850904189,31.335056041389308,0.1319646377344089,-1.7227521727380974,-3.789345208442552e-14
48.32173431416116,8.479762112034782,31.331896394266852,0.13173910073852252,-1.7230067085551515,-2.1051917824680846e-14
48.312924327525614,8.474855175586935,31.328736849662576,0.1315137281839659,-1.723261361197494,-2.5262301389617013e-14
48.30411456573828,8.469948041681725,31.325577407924783,0.13128852014239334,-1.7235161306579252,-1.2631150694808506e-14
48.29530502867032,8.465040710440187,31.322418069402833,0.13106347668471172,-1.7237710169288762,-2.5262301389617013e-14
48.28649571619298,8.460133181983375,31.319258834448316,0.1308385978810917,-1.7240260200023596,-1.6841534259744676e-14
48.27768662817738,8.455225456432315,31.31609970341313,0.13061388380095143,-1.7242811398699476,-4.210383564936169e-15
48.268877764494725,8.450317533908061,31.312940676651635,0.1303893345129372,-1.7245363765228299,-3.789345208442552e-14
48.26006912501615,8.445409414531596,31.30978175451901,0.13016495008498358,-1.7247917299518185,-8.420767129872338e-15
48.25126070961285,8.440501098423974,31.306622937373085,0.1299407305843079,-1.7250472001473087,-8.420767129872338e-15
48.24245251815595,8.435592585706187,31.30346422557141,0.12971667607731702,-1.7253027870992428,-4.210383564936169e-14
48.23364455051659,8.430683876499238,31.300305619474422,0.12949278662973965,-1.7255584907972175,-1.2631150694808506e-14
48.22483680656588,8.425774970924115,31.297147119443373,0.12926906230653346,-1.7258143112304158,-3.368306851948935e-14
48.216029286174944,8.4208658691018,31.29398872584128,0.1290455031719543,-1.72607024838765,-4.210383564936169e-15
48.207221989214915,8.415956571153293,31.29083043903239,0.12882210928947793,-1.7263263022572728,-3.368306851948935e-14
48.19841491555686,8.41104707719954,31.28767225938261,0.12859888072188405,-1.7265824728272676,-2.1051917824680846e-14
48.18960806507193,8.406137387361541,31.28451418725899,0.1283758175311991,-1.7268387600852526,-3.368306851948935e-14
48.18080143763118,8.40122750176023,31.281356223030194,0.12815291977872897,-1.7270951640184,-2.1051917824680846e-14
48.171995033105674,8.39631742051657,31.278198367066654,0.12793018752504548,-1.7273516846135413,-2.1051917824680846e-14
48.163188851366506,8.391407143751499,31.275040619739535,0.1277076208299702,-1.7276083218570053,-2.1051917824680846e-14
48.154382892284694,8.386496671585936,31.27188298142222,0.12748521975265603,-1.727865075734886,-2.5262301389617013e-14
48.14557715573135,8.381586004140853,31.268725452489058,0.1272629843514831,-1.7281219462327797,-4.210383564936169e-14
48.13677164157747,8.376675141537136,31.265568033315514,0.12704091468410486,-1.7283789333359252,-2.1051917824680846e-14
48.12796634969413,8.371764083895737,31.262410724279434,0.12681901080745972,-1.7286360370291092,-3.368306851948935e-14
48.11916127995234,8.366852831337543,31.25925352575898,0.12659727277780242,-1.7288932572968392,-2.5262301389617013e-14
48.11035643222313,8.361941383983464,31.256096438134588,0.1263757006505959,-1.7291505941231495,-2.1051917824680846e-14
48.101551806377486,8.35702974195439,31.252939461787513,0.126154294480638,-1.729408047491716,-1.6841534259744676e-14
48.09274740228638,8.352117905371198,31.24978259710069,0.1259330543220125,-1.729665617385836,-3.789345208442552e-14
48.0839432198209,8.347205874354795,31.24662584445839,0.1257119802280166,-1.7299233037883754,-4.210383564936169e-14
48.07513925885194,8.342293649026026,31.243469204246594,0.1254910722513049,-1.7301811066818598,-4.210383564936169e-15
48.06633551925054,8.337381229505798,31.24031267685165,0.12527033044381622,-1.7304390260484654,-3.368306851948935e-14
48.05753200088764,8.332468615914934,31.237156262662623,0.1250497548567267,-1.7306970618698858,-8.420767129872338e-15
48.04872870363422,8.327555808374314,31.233999962069117,0.12482934554054313,-1.730955214127498,-2.947268495455318e-14
48.0399256273612,8.322642807004765,31.230843775462496,0.1246091025450252,-1.7312134828022792,-2.5262301389617013e-14
