galstreams/tracks/track.st.Gaia-9.ibata2021.ecsv
# %ECSV 1.0
# ---
# datatype:
# - {name: ra, unit: deg, datatype: float64}
# - {name: dec, unit: deg, datatype: float64}
# - {name: distance, unit: kpc, datatype: float64}
# - {name: pm_ra_cosdec, unit: mas / yr, datatype: float64}
# - {name: pm_dec, unit: mas / yr, datatype: float64}
# - {name: radial_velocity, unit: km / s, datatype: float64}
# delimiter: ','
# meta: !!omap
# - __serialized_columns__:
#     dec:
#       __class__: astropy.coordinates.angles.Latitude
#       unit: &id001 !astropy.units.Unit {unit: deg}
#       value: !astropy.table.SerializedColumn {name: dec}
#     distance:
#       __class__: astropy.coordinates.distances.Distance
#       unit: !astropy.units.Unit {unit: kpc}
#       value: !astropy.table.SerializedColumn {name: distance}
#     pm_dec:
#       __class__: astropy.units.quantity.Quantity
#       unit: !astropy.units.Unit {unit: mas / yr}
#       value: !astropy.table.SerializedColumn {name: pm_dec}
#     pm_ra_cosdec:
#       __class__: astropy.units.quantity.Quantity
#       unit: !astropy.units.Unit {unit: mas / yr}
#       value: !astropy.table.SerializedColumn {name: pm_ra_cosdec}
#     ra:
#       __class__: astropy.coordinates.angles.Longitude
#       unit: *id001
#       value: !astropy.table.SerializedColumn {name: ra}
#       wrap_angle: !astropy.coordinates.Angle
#         unit: *id001
#         value: 360.0
#     radial_velocity:
#       __class__: astropy.units.quantity.Quantity
#       unit: !astropy.units.Unit {unit: km / s}
#       value: !astropy.table.SerializedColumn {name: radial_velocity}
# schema: astropy-2.0
ra,dec,distance,pm_ra_cosdec,pm_dec,radial_velocity
[from data line 1710]
241.9348759877563,56.214370877239766,4.598056466404124,-9.758974696638484,6.476755660679105,-233.57723161254395
241.94156769457456,56.2048906482562,4.599143863685642,-9.75617228626674,6.474592253247634,-233.7496129321925
241.94825214551784,56.19540899053521,4.600232778995724,-9.7533733436929,6.47242804500039,-233.92248579961503
241.95492934042701,56.185925903619015,4.601323213750095,-9.750577871417628,6.470263038963941,-234.0958508993109
241.96159927914334,56.17644138704953,4.602415169364478,-9.747785871940835,6.468097238164074,-234.26970891577983
241.96826196150803,56.16695544036845,4.603508647254592,-9.744997347761817,6.465930645625786,-234.44406053352077
241.97491738736258,56.15746806311717,4.6046036488361635,-9.742212301379132,6.463763264373286,-234.61890643703344
241.981565556549,56.14797925483687,4.60570017552491,-9.739430735290632,6.461595097430025,-234.794247310817
241.98820646890906,56.13848901506841,4.606798228736556,-9.736652651993541,6.459426147818633,-234.97008383937091
241.99484012428505,56.12899734335243,4.607897809886825,-9.733878053984366,6.457256418560959,-235.14641670719453
242.0014665225194,56.11950423922932,4.608998920391438,-9.731106943758935,6.455085912678065,-235.32324659878716
242.00808566345484,56.11000970223912,4.610101561666117,-9.728339323812385,6.452914633190229,-235.5005741986486
242.01469754693412,56.1005137319217,4.611205735126585,-9.725575196639229,6.450742583116879,-235.67840019127766
242.02130217280043,56.091016327816575,4.612311442188564,-9.722814564733262,6.448569765476683,-235.85672526117418
242.02789954089695,56.08151748946306,4.613418684267775,-9.72005743058764,6.446396183287479,-236.03555009283718
242.03448965106736,56.07201721640013,4.614527462779942,-9.717303796694829,6.444221839566314,-236.21487537076644
242.04107250315536,56.062515508166555,4.615637779140787,-9.71455366554663,6.442046737329415,-236.394701779461
242.0476480970049,56.053012364300784,4.616749634766032,-9.71180703963422,6.439870879592176,-236.5750300034204
242.0542164324601,56.043507784340974,4.617863031071399,-9.709063921448097,6.437694269369178,-236.75586072714393
242.06077750936552,56.034001767825046,4.618977969472609,-9.706324313478081,6.4355169096742095,-236.93719463513114
242.06733132756565,56.02449431429062,4.620094451385386,-9.703588218213392,6.433338803520195,-237.11903241188128
242.0738778869054,56.01498542327505,4.621212478225454,-9.700855638142539,6.43115995391925,-237.30137474189382
242.08041718722984,56.005475094315365,4.622332051408531,-9.698126575753435,6.428980363882669,-237.4842223096682
242.08694922838416,55.99596332694836,4.623453172350342,-9.695401033533342,6.4268000364208735,-237.66757579970331
242.09347401021395,55.98645012071052,4.624575842466609,-9.69267901396885,6.424618974543501,-237.8514358964993
242.0999915325649,55.976935475138056,4.625700063173054,-9.689960519545942,6.422437181259301,-238.03580328455493
242.10650179528292,55.96741938976685,4.626825835885398,-9.687245552749946,6.420254659576205,-238.22067864836998
242.11300479821426,55.957901864132545,4.627953162019366,-9.684534116065567,6.418071412501309,-238.40606267244374
242.11950054120518,55.948382897770486,4.629082042990676,-9.681826211976894,6.415887443040833,-238.5919560412754
242.12598902410235,55.93886249021568,4.630212480215058,-9.679121842967346,6.413702754200152,-238.7783594393646
242.13247024675252,55.92934064100291,4.631344475108225,-9.676421011519771,6.411517348983802,-238.96527355121046
242.13894420900274,55.919817349666594,4.632478029085903,-9.67372372011636,6.409331230395454,-239.15269906131263
242.1454109107003,55.9102926157409,4.633613143563816,-9.671029971238688,6.407144401437905,-239.34063665417042
242.15187035169262,55.90076643875968,4.634749819957687,-9.668339767367723,6.404956865113103,-239.52908701428314
242.1583225318274,55.891238818256504,4.635888059683233,-9.665653110983822,6.402768624422125,-239.71805082615015
242.16476745095252,55.881709753764596,4.63702786415618,-9.66297000456672,6.400579682365175,-239.90752877427093
242.17120510891615,55.87217924481694,4.638169234792251,-9.660290450595546,6.398390041941595,-240.09752154314484
242.17763550556657,55.86264729094617,4.639312173007165,-9.657614451548834,6.396199706149833,-240.28802981727122
242.1840586407523,55.853113891684636,4.640456680216649,-9.654942009904506,6.394008677987474,-240.47905428114953
242.1904745143223,55.843579046564386,4.641602757836421,-9.652273128139873,6.391816960451232,-240.6705956192791
242.19688312612533,55.83404275511713,4.642750407282205,-9.649607808731684,6.389624556536893,-240.8626545161592
242.20328447601074,55.824505016874305,4.64389962996972,-9.646946054156064,6.387431469239408,-241.05523165628938
242.2096785638279,55.814965831367026,4.645050427314694,-9.64428786688854,6.385237701552813,-241.2483277241691
242.21606538942655,55.80542519812608,4.646202800732848,-9.641633249404066,6.383043256470249,-241.4419434042976
242.22244495265642,55.795883116681956,4.647356751639901,-9.638982204177015,6.38084813698396,-241.63607938117434
242.22881725336765,55.78633958656484,4.648512281451576,-9.636334733681174,6.3786523460853015,-241.8307363392986
242.23518229141055,55.77679460730458,4.649669391583598,-9.633690840389729,6.376455886764725,-242.0259149631698
242.2415400666356,55.76724817843071,4.650828083451687,-9.631050526775306,6.3742587620117614,-242.22161593728737
242.24789057889353,55.75770029947247,4.6519883584715656,-9.628413795309967,6.372060974815059,-242.41783994615062
242.2542338280353,55.74815096995874,4.653150218058955,-9.625780648465172,6.369862528162338,-242.61458767425898
242.26056981391207,55.73860018941811,4.65431366362958,-9.623151088711824,6.367663425040414,-242.81185980611187
242.26689853637524,55.729047957378825,4.655478696599161,-9.62052511852026,6.365463668435179,-243.0096570262087
242.27321999527643,55.71949427336886,4.656645318383421,-9.617902740360247,6.363263261331619,-243.2079800190487
242.27953419046736,55.709939136915764,4.657813530398082,-9.61528395670102,6.361062206713777,-243.4068294691314
242.28584112180013,55.700382547546866,4.658983334058864,-9.612668770011217,6.358860507564792,-243.60620606095605
242.29214078912702,55.69082450478909,4.660154730781495,-9.610057182758915,6.356658166866856,-243.80611047902227
242.29843319230048,55.681265008169085,4.661327721981692,-9.607449197411666,6.354455187601264,-244.00654340782933
242.30471833117306,55.67170405721313,4.6625023090751805,-9.604844816436483,6.352251572748317,-244.20750553187634
242.3109962055979,55.66214165144718,4.66367849347768,-9.602244042299768,6.350047325287461,-244.40899753566322
242.31726681542784,55.65257779039689,4.664856276604914,-9.599646877467457,6.347842448197116,-244.61102010368873
242.32353016051638,55.64301247358753,4.666035659872605,-9.597053324404879,6.345636944454837,-244.81357392045274
242.32978624071706,55.63344570054406,4.6672166446964765,-9.594463385576853,6.343430817037175,-245.0166596704546
242.3360350558835,55.62387747079111,4.668399232492247,-9.591877063447669,6.341224068919766,-245.2202780381934
242.3422766058699,55.61430778385296,4.669583424675642,-9.589294360481043,6.339016703077297,-245.42442970816876
242.34851089053026,55.60473663925354,4.670769222662383,-9.586715279140202,6.336808722483472,-245.62911536487994
242.35473790971912,55.595164036516465,4.671956627868191,-9.58413982188782,6.334600130111085,-245.83433569282647
242.36095766329098,55.58558997516498,4.673145641708791,-9.581567991186057,6.332390928931909,-246.04009137650758
242.36717015110077,55.57601445472201,4.674336265599902,-9.578999789496535,6.3301811219168265,-246.24638310042286
242.37337537300346,55.56643747471011,4.675528500957248,-9.576435219280375,6.327970712035702,-246.45321154907128
242.3795733288544,55.55685903465152,4.676722349196552,-9.573874282998158,6.32575970225744,-246.66057740695268
242.38576401850904,55.54727913406809,4.677917811733535,-9.571316983109954,6.323548095549992,-246.8684813585662
242.39194744182305,55.53769777248136,4.67911488998392,-9.56876332207534,6.321335894880333,-247.07692408841137
242.39812359865238,55.52811494941248,4.680313585363426,-9.566213302353358,6.319123103214454,-247.28590628098746
242.40429248885314,55.51853066438231,4.681513899287782,-9.563666926402544,6.316909723517366,-247.49542862079394
242.41045411228168,55.50894491691129,4.682715833172704,-9.561124196680952,6.314695758753103,-247.70549179233006
242.41660846879452,55.499357706519525,4.683919388433917,-9.558585115646114,6.3124812118847125,-247.9160964800955
242.42275555824844,55.48976903272679,4.685124566487143,-9.556049685755077,6.31026608587425,-248.12724336858906
242.42889538050045,55.48017889505249,4.686331368748105,-9.553517909464361,6.308050383682812,-248.33893314231076
242.43502793540773,55.47058729301564,4.687539796632524,-9.550989789230025,6.3058341082704406,-248.55116648575972
242.44115322282767,55.46099422613494,4.688749851556121,-9.54846532750763,6.303617262596235,-248.76394408343512
242.44727124261792,55.4513996939287,4.689961534934623,-9.545944526752232,6.301399849618275,-248.97726661983674
242.45338199463635,55.441803695914864,4.691174848183746,-9.54342738941841,6.299181872293655,-249.19113477946374
242.45948547874087,55.43220623161105,4.692389792719217,-9.540913917960282,6.296963333578429,-249.40554924681555
242.46558169478993,55.42260730053447,4.693606369956755,-9.538404114831438,6.294744236427697,-249.62051070639146
242.47167064264184,55.413006902201985,4.694824581312085,-9.53589798248504,6.292524583795484,-249.83601984269092
242.47775232215537,55.403405036130096,4.6960444282009295,-9.533395523373738,6.2903043786348665,-250.0520773402134
242.48382673318946,55.393801701834896,4.697265912039009,-9.530896739949725,6.288083623897867,-250.26868388345832
242.48989387560314,55.38419689883218,4.698489034242044,-9.528401634664732,6.285862322535506,-250.48584015692475
242.49595374925576,55.3745906266373,4.69971379622576,-9.525910209970007,6.28364047749777,-250.70354684511236
242.50200635400697,55.364982884765276,4.700940199405878,-9.52342246831633,6.2814180917336415,-250.92180463252058
242.5080516897163,55.35537367273073,4.70216824519812,-9.520938412154058,6.279195168191054,-251.14061420364845
242.5140897562439,55.345762990047916,4.703397935018209,-9.51845804393303,6.276971709816926,-251.35997624299577
242.52012055344983,55.33615083623072,4.704629270281868,-9.51598136610268,6.274747719557139,-251.57989143506168
242.52614408119456,55.32653721079265,4.705862252404817,-9.51350838111196,6.272523200356544,-251.80036046434557
242.53216033933865,55.316922113246825,4.707096882802781,-9.51103909140938,6.270298155158951,-252.02138401534685
242.5381693277429,55.30730554310597,4.7083331628914795,-9.508573499442992,6.268072586907131,-252.24296277256505
242.5441710462684,55.29768749988245,4.709571094086635,-9.506111607660426,6.265846498542821,-252.46509742049935
242.5501654947762,55.288067983088254,4.710810677803972,-9.50365341850886,6.263619893006683,-252.6877886436491
242.55615267312794,55.27844699223495,4.7120519154592095,-9.501198934434997,6.261392773238376,-252.9110371265139
242.5621325811852,55.26882452683374,4.713294808468073,-9.498748157885148,6.259165142176472,-253.1348435535931
242.56810521880985,55.25920058639545,4.7145393582462845,-9.496301091305178,6.256937002758496,-253.359208609386
242.57407058586392,55.24957517043052,4.715785566209565,-9.493857737140509,6.254708357920929,-253.58413297839195
242.58002868220973,55.239948278448956,4.717033433773636,-9.491418097836142,6.252479210599182,-253.80961734511038
242.5859795077098,55.23031990996042,4.718282962354219,-9.488982175836645,6.250249563727609,-254.0356623940407
242.59192306222673,55.22069006447415,4.719534153367041,-9.486549973586172,6.2480194202394905,-254.26226880968224
242.5978593456236,55.21105874149902,4.72078700822782,-9.484121493528434,6.2457887830670575,-254.48943727653446
242.60378835776334,55.20142594054348,4.722041528352278,-9.481696738106763,6.243557655141447,-254.71716847909659
242.60971009850945,55.191791661115595,4.723297715156141,-9.479275709764018,6.241326039392752,-254.94546310186823
242.61562456772543,55.18215590272305,4.724555570055129,-9.476858410942697,6.239093938749967,-255.17432182934866
242.62153176527494,55.17251866487308,4.725815094464963,-9.474444844084871,6.236861356141006,-255.4037453460372
242.62743169102203,55.16287994707258,4.727076289801367,-9.472035011632187,6.234628294492722,-255.63373433643335
242.6333243448309,55.15323974882802,4.728339157480063,-9.469628916025897,6.232394756730883,-255.86428948503666
242.63920972656578,55.14359806964544,4.7296036989167725,-9.46722655970687,6.230160745780141,-256.0954114763459
242.64508783609134,55.13395490903051,4.730869915527218,-9.464827945115546,6.22792626456409,-256.3271009948611
242.65095867327244,55.12431026648848,4.732137808727123,-9.46243307469197,6.225691316005227,-256.55935872508127
242.65682223797396,55.11466414152419,4.733407379932207,-9.460041950875818,6.223455903024943,-256.792185351506
242.66267853006124,55.10501653364209,4.734678630558196,-9.457654576106332,6.221220028543552,-257.02558155863454
242.66852754939958,55.095367442346195,4.735951562020809,-9.455270952822415,6.218983695480238,-257.25954803096647
242.67436929585466,55.08571686714013,4.7372261757357705,-9.452891083462543,6.21674690675311,-257.4940854530009
242.6802037692923,55.07606480752709,4.7385024731188,-9.45051497046483,6.214509665279163,-257.7291945092374
242.68603096957855,55.06641126300988,4.739780455585622,-9.448142616266995,6.212271973974293,-257.96487588417534
242.69185089657958,55.05675623309088,4.741060124551959,-9.4457740233064,6.210033835753248,-258.2011302623139
242.697663550162,55.047099717272026,4.742341481433533,-9.443409194019992,6.2077952535297225,-258.43795832815294
242.7034689301923,55.03744171505489,4.743624527646066,-9.441048130844388,6.205556230216244,-258.67536076619126
242.7092670365374,55.02778222594057,4.744909264605278,-9.438690836215812,6.203316768724247,-258.9133382609286
242.71505786906448,55.01812124942979,4.746195693726896,-9.436337312570101,6.201076871964059,-259.1518914968642
242.7208414276406,55.00845878502283,4.747483816426636,-9.43398756234279,6.198836542844837,-259.3910211584976
242.72661771213347,54.99879483221955,4.748773634120227,-9.431641587968954,6.1965957842746615,-259.63072793032813
242.73238672241067,54.98912939051939,4.750065148223387,-9.429299391883402,6.194354599160457,-259.87101249685503
242.73814845834008,54.97946245942136,4.75135836015184,-9.426960976520542,6.192112990408026,-260.111875542578
242.74390291978983,54.969794038424055,4.7526532713213046,-9.424626344314428,6.189870960922029,-260.3533177519959
242.74965010662814,54.96012412702564,4.753949883147508,-9.422295497698777,6.187628513605986,-260.5953398096086
242.75539001872366,54.950452724723824,4.755248197046171,-9.419968439106915,6.1853856513623064,-260.83794239991533
242.76112265594494,54.94077983101593,4.756548214433015,-9.417645170971886,6.183142377092217,-261.08112620741537
242.76684801816108,54.93110544539881,4.757849936723761,-9.415325695726327,6.180898693695844,-261.32489191660835
242.77256610524108,54.92142956736893,4.759153365334136,-9.413010015802579,6.1786546040721255,-261.5692402119933
242.77827691705434,54.91175219642227,4.760458501679857,-9.410698133632613,6.176410111118887,-261.8141717780701
242.7839804534703,54.902073332054414,4.761765347176649,-9.408390051648091,6.174165217732753,-262.05968729933767
242.78967671435868,54.89239297376049,4.763073903240234,-9.406085772280328,6.171919926809245,-262.3057874602954
242.79536569958955,54.882711121035186,4.764384171286332,-9.403785297960296,6.16967424124271,-262.55247294544296
242.80104740903292,54.873027773372776,4.765696152730668,-9.401488631118664,6.167428163926311,-262.7997444392797
242.80672184255917,54.863342930267066,4.7670098489889625,-9.39919577418576,6.165181697752074,-263.04760262630475
