galstreams/tracks/track.st.Ylgr.ibata2021.ecsv
# %ECSV 0.9
# ---
# datatype:
# - {name: ra, unit: deg, datatype: float64}
# - {name: dec, unit: deg, datatype: float64}
# - {name: distance, unit: kpc, datatype: float64}
# - {name: pm_ra_cosdec, unit: mas / yr, datatype: float64}
# - {name: pm_dec, unit: mas / yr, datatype: float64}
# - {name: radial_velocity, unit: km / s, datatype: float64}
# delimiter: ','
# meta: !!omap
# - __serialized_columns__:
#     dec:
#       __class__: astropy.coordinates.angles.Latitude
#       unit: &id001 !astropy.units.Unit {unit: deg}
#       value: !astropy.table.SerializedColumn {name: dec}
#     distance:
#       __class__: astropy.coordinates.distances.Distance
#       unit: !astropy.units.Unit {unit: kpc}
#       value: !astropy.table.SerializedColumn {name: distance}
#     pm_dec:
#       __class__: astropy.units.quantity.Quantity
#       unit: !astropy.units.Unit {unit: mas / yr}
#       value: !astropy.table.SerializedColumn {name: pm_dec}
#     pm_ra_cosdec:
#       __class__: astropy.units.quantity.Quantity
#       unit: !astropy.units.Unit {unit: mas / yr}
#       value: !astropy.table.SerializedColumn {name: pm_ra_cosdec}
#     ra:
#       __class__: astropy.coordinates.angles.Longitude
#       unit: *id001
#       value: !astropy.table.SerializedColumn {name: ra}
#       wrap_angle: !astropy.coordinates.Angle
#         unit: *id001
#         value: 360.0
#     radial_velocity:
#       __class__: astropy.units.quantity.Quantity
#       unit: !astropy.units.Unit {unit: km / s}
#       value: !astropy.table.SerializedColumn {name: radial_velocity}
# schema: astropy-2.0
ra,dec,distance,pm_ra_cosdec,pm_dec,radial_velocity
[from data line 137]
164.78465223403808,1.2588505863137978,8.346786070995666,-0.5704397069818065,-11.110823424450997,-1.0736478090587231e-13
164.78742841925649,1.2492102856035863,8.346419058818805,-0.5703917568570069,-11.111899419002645,-2.2525552072408504e-13
164.79020612220435,1.2395705599620856,8.346047000883539,-0.5703429230520429,-11.112970301469007,5.6840178126638284e-14
164.79298534210056,1.2299314090628768,8.345669915215217,-0.5702932077999788,-11.114036077139719,-5.999796580034041e-14
164.79576607816344,1.2202928325790934,8.34528781981616,-0.5702426133311955,-11.115096751301554,-2.578859933523404e-13
164.79854832961053,1.2106548301837612,8.344900732665653,-0.5701911418733997,-11.11615232923842,-2.1999254126791483e-13
164.80133209565867,1.2010174015496038,8.344508671719929,-0.5701387956516201,-11.117202816231444,-2.7262233582961694e-13
164.80411737552433,1.1913805463489346,8.344111654912234,-0.5700855768882135,-11.118248217558843,-1.7894130150978717e-14
164.80690416842305,1.1817442642538973,8.343709700152791,-0.5700314878028556,-11.119288538496056,-1.4841602066399995e-13
164.80969247356978,1.1721085549363957,8.343302825328848,-0.569976530612558,-11.120323784315651,-1.7788870561855314e-13
164.8124822901789,1.1624734180678529,8.342891048304642,-0.5699207075316586,-11.121353960287374,-1.3683746586042549e-14
164.81527361746416,1.1528388533196157,8.34247438692148,-0.5698640207718366,-11.1223790716781,-3.789345208442552e-14
164.81806645463848,1.1432048603627027,8.342052858997679,-0.5698064725420996,-11.123399123751922,-9.999660966723402e-14
164.82086080091426,1.1335714388677158,8.34162648232862,-0.5697480650487907,-11.12441412177006,3.684085619319148e-14
164.82365665550336,1.123938588505139,8.341195274686763,-0.5696888004955994,-11.125424070990894,-2.610437810260425e-13
164.82645401761673,1.1143063089451737,8.340759253821611,-0.5696286810835508,-11.126428976670013,-2.49465226222468e-13
164.8292528864649,1.1046745998575533,8.340318437459805,-0.5695677090110182,-11.127428844060105,9.47336302110638e-15
164.8320532612577,1.0950434609119404,8.339872843305027,-0.5695058864737135,-11.128423678411096,-3.084105961315744e-13
164.8348551412042,1.0854128917776948,8.339422489038121,-0.5694432156647072,-11.129413484969996,-2.1051917824680845e-13
164.837658525513,1.0757828921237307,8.338967392317025,-0.569379698774403,-11.130398268981072,9.368103431982976e-14
164.84046341339197,1.066153461618866,8.33850757077682,-0.5693153379905659,-11.131378035685692,-1.515738083377021e-13
164.84326980404833,1.0565245999316233,8.33804304202972,-0.5692501354983218,-11.132352790322434,-2.2630811661531909e-13
164.84607769668867,1.0468963067300794,8.337573823665121,-0.5691840934801348,-11.13332253812701,-2.1578215770297867e-13
164.848887090519,1.0372685816822393,8.33709993324957,-0.5691172141158402,-11.134287284332329,-5.894536990910637e-14
164.8516979847446,1.0276414244557788,8.336621388326794,-0.5690494995826262,-11.135247034168456,6.420834936527658e-14
164.8545103785701,1.018014834717963,8.336138206417724,-0.5689809520550418,-11.136201792862629,-2.315710960714893e-14
164.85732427119962,1.0083888121359432,8.335650405020466,-0.5689115737050028,-11.137151565639273,-2.715697399383829e-13
164.86013966183654,0.9987633563766108,8.335158001610392,-0.5688413667017919,-11.138096357719933,7.368171238638296e-15
164.86295654968367,0.9891384671063866,8.334661013640032,-0.5687703332120533,-11.139036174323413,3.1577876737021266e-15
164.86577493394313,0.979514143991609,8.334159458539212,-0.568698475399803,-11.13997102066561,-2.1578215770297867e-13
164.8685948138164,0.9698903866983469,8.33365335371498,-0.5686257954264308,-11.140900901959634,-2.2104513715914887e-14
164.87141618850438,0.9602671948921861,8.333142716551663,-0.5685522954506976,-11.141825823415735,1.0525958912340423e-14
164.8742390572073,0.9506445682386696,8.33262756441082,-0.5684779776287419,-11.142745790241403,5.999796580034041e-14
164.87706341912474,0.9410225064030271,8.332107914631342,-0.5684028441140754,-11.143660807641231,-7.368171238638296e-14
164.87988927345575,0.9314010090500634,8.331583784529379,-0.568326897057593,-11.144570880817037,4.631421921429786e-14
164.8827166193986,0.9217800758444787,8.33105519139841,-0.5682501386075688,-11.14547601496779,6.631354114774466e-14
164.88554545615108,0.9121597064507048,8.330522152509229,-0.5681725709096594,-11.146376215289635,-2.3578147963642546e-13
164.88837578291017,0.9025399005327205,8.329984685109947,-0.5680941961069096,-11.14727148697591,-1.894672604221276e-14
164.89120759887254,0.8929206577544477,8.329442806426032,-0.5680150163397516,-11.148161835217111,1.9999321933446802e-14
164.89404090323382,0.8833019777794789,8.32889653366028,-0.5679350337460028,-11.149047265200956,-2.599911851348084e-13
164.89687569518935,0.8736838602710159,8.328345883992881,-0.5678542504608708,-11.149927782112275,-2.578859933523404e-13
164.89971197393365,0.8640663048921401,8.327790874581403,-0.5677726686169681,-11.150803391133103,-1.294692946217872e-13
164.90254973866067,0.8544493113056583,8.327231522560757,-0.5676902903442889,-11.151674097442708,-9.578622610229784e-14
164.90538898856389,0.8448328791740038,8.326667845043303,-0.5676071177702275,-11.152539906217461,-1.3894265764289357e-13
164.90822972283584,0.8352170081593979,8.32609985911877,-0.5675231530195839,-11.15340082263096,-1.9999321933446802e-14
164.91107194066873,0.8256016979239038,8.325527581854347,-0.5674383982145509,-11.154256851853972,-2.8420089063319143e-13
164.91391564125405,0.8159869481291047,8.324951030294637,-0.5673528554747285,-11.15510799905443,1.0525958912340423e-14
164.91676082378257,0.8063727584364674,8.324370221461676,-0.5672665269171193,-11.1559542693975,2.315710960714893e-14
164.91960748744458,0.7967591285072316,8.323785172354977,-0.567179414656133,-11.156795668045474,-1.273641028393191e-13
164.92245563142973,0.7871460580021955,8.323195899951516,-0.5670915208035964,-11.157632200157844,-1.1683814392697868e-13
164.92530525492694,0.7775335465820935,8.322602421205735,-0.5670028474687328,-11.158463870891332,-1.620997672500425e-13
164.92815635712466,0.7679215939072245,8.322004753049583,-0.5669133967581887,-11.159290685399768,-2.7472752761208503e-13
164.93100893721066,0.7583101996377394,8.321402912392506,-0.5668231707760181,-11.160112648834225,-2.2209773305038292e-13
164.93386299437208,0.7486993634335499,8.320796916121457,-0.5667321716236986,-11.160929766342933,-1.4525823299029783e-13
164.93671852779542,0.7390890849541284,8.320186781100933,-0.5666404014001245,-11.161742043071333,1.1578554803574466e-14
164.9395755366666,0.7294793638588593,8.319572524172932,-0.5665478622016032,-11.16254948416204,-1.4736342477276593e-13
164.94243402017108,0.7198701998069051,8.31895416215705,-0.5664545561218762,-11.163352094754844,-1.894672604221276e-13
164.94529397749335,0.7102615924569102,8.31833171185039,-0.5663604852521028,-11.164149879986757,-9.47336302110638e-15
164.9481554078177,0.7006535414675195,8.31770519002767,-0.5662656516808637,-11.164942844991936,-1.6104717135880846e-13
164.95101831032747,0.691046046497063,8.317074613441168,-0.5661700574941798,-11.165730994901761,-2.1999254126791483e-13
164.95388268420555,0.6814391072034577,8.31643999882076,-0.5660737047754937,-11.166514334844807,-1.2631150694808508e-13
164.95674852863425,0.6718327232445305,8.315801362873922,-0.5659765956056807,-11.167292869946811,-9.262843842859572e-14
164.9596158427952,0.6622268942778609,8.31515872228577,-0.5658787320630488,-11.168066605330713,-2.631489728085106e-13
164.96248462586948,0.6526216199605993,8.314512093719022,-0.5657801162233499,-11.16883554611665,2.1051917824680846e-14
164.96535487703744,0.6430168999497768,8.313861493814043,-0.5656807501597663,-11.169599697421964,-1.589419795763404e-13
164.96822659547902,0.6334127339022102,8.313206939188868,-0.5655806359429203,-11.17035906436115,-1.5999457546757442e-13
164.9710997803734,0.6238091214742689,8.312548446439166,-0.5654797756408806,-11.171113652045943,-1.473634247727659e-14
164.9739744308992,0.6142060623222483,8.311886032138313,-0.5653781713191507,-11.171863465585238,-1.9473023987829782e-13
164.97685054623446,0.6046035561021635,8.311219712837348,-0.5652758250406941,-11.172608510085123,-1.221011233831489e-13
164.97972812555662,0.5950016024696284,8.310549505065016,-0.5651727388659028,-11.173348790648927,8.473396924434041e-14
164.98260716804248,0.5854002010801713,8.30987542532775,-0.5650689148526383,-11.174084312377131,3.4209366465106376e-14
164.9854876728683,0.5757993515890659,8.309197490109757,-0.5649643550561918,-11.174815080367418,-3.947234592127659e-14
164.98836963920962,0.5661990536511402,8.30851571587292,-0.5648590615293254,-11.175541099714675,-1.9420394193268079e-13
164.9912530662415,0.5565993069211624,8.307830119056892,-0.5647530363222536,-11.176262375511003,-2.415707570382127e-13
164.99413795313842,0.547000111053654,8.307140716079086,-0.5646462814826372,-11.176978912845666,-2.3946556525574464e-13
164.9970242990741,0.5374014657026748,8.306447523334665,-0.5645387990556009,-11.177690716805168,-3.4209366465106376e-14
164.9999121032219,0.5278033705222728,8.3057505571966,-0.5644305910837385,-11.17839779247315,-1.8052019534663825e-13
165.0028013647543,0.5182058251661593,8.305049834015602,-0.5643216596070978,-11.179100144930523,-5.894536990910637e-14
165.00569208284347,0.5086088292876831,8.30434537012024,-0.5642120066631838,-11.179797779255363,-2.0578249673625526e-13
165.00858425666078,0.49901238254010655,8.30363718181685,-0.5641016342869912,-11.180490700522952,-8.894435280927657e-14
165.0114778853771,0.48941648457642256,8.302925285389612,-0.5639905445109605,-11.181178913805772,3.8946047975659563e-14
165.01437296816272,0.4798211350492189,8.302209697100547,-0.5638787393650093,-11.181862424173508,-2.094665823555744e-13
165.01726950418734,0.4702263336110183,8.301490433189528,-0.5637662208765322,-11.182541236693044,-1.3841635969727656e-13
165.02016749261986,0.46063207991402805,8.300767509874264,-0.5636529910703941,-11.183215356428473,7.368171238638296e-14
165.02306693262898,0.4510383736101319,8.300040943350337,-0.5635390519689316,-11.183884788441107,-5.262979456170211e-16
165.02596782338247,0.4414452143510765,8.29931074979124,-0.5634244055919654,-11.18454953778943,-2.468337364943829e-13
165.0288701640477,0.43185260178836815,8.298576945348339,-0.5633090539567961,-11.185209609529146,-4.315643154059573e-14
165.03177395379137,0.42226053557311244,8.297839546150895,-0.5631929990781952,-11.185865008713165,-6.315575347404253e-15
165.0346791917796,0.41266901535631706,8.297098568306096,-0.5630762429684307,-11.186515740391625,-2.520967159505531e-13
165.03758587717792,0.4030780407887658,8.29635402789907,-0.5629587876372495,-11.187161809611826,-2.1630845564859568e-13
165.04049400915142,0.3934876115208472,8.29560594099287,-0.5628406350918866,-11.18780322141831,6.105056169157445e-14
165.04340358686432,0.38389772720278664,8.294854323628499,-0.562721787337061,-11.188439980852813,-1.9262504809582973e-13
165.04631460948045,0.37430838748465006,8.294099191824925,-0.5626022463749908,-11.189072092954293,1.4210044531659571e-14
165.0492270761631,0.3647195920160718,8.293340561579097,-0.5624820142053862,-11.18969956275889,4.210383564936169e-15
165.05214098607485,0.3551313404466593,8.292578448865942,-0.5623610928254446,-11.19032239529998,1.894672604221276e-14
165.05505633837777,0.3455436324255444,8.291812869638383,-0.5622394842298617,-11.190940595608138,-4.052494181251063e-14
165.05797313223331,0.3359564676017987,8.291043839827363,-0.5621171904108369,-11.191554168711146,4.210383564936169e-15
165.06089136680234,0.3263698456242239,8.290271375341822,-0.5619942133580628,-11.192163119634026,-2.2157143510476589e-13
165.06381104124523,0.31678376614127,8.289495492068765,-0.5618705550587424,-11.192767453398966,2.947268495455318e-14
165.06673215472162,0.30719822880123476,8.288716205873188,-0.5617462174975714,-11.193367175025413,-2.4262335292944676e-13
165.0696547063908,0.29761323325226013,8.28793353259823,-0.5616212026567587,-11.193962289529958,-2.1578215770297867e-14
165.0725786954112,0.28802877914201114,8.287147488064981,-0.5614955125160215,-11.194552801926502,-2.1999254126791483e-13
165.07550412094093,0.27844486611810554,8.286358088072705,-0.5613691490525827,-11.195138717226095,-4.131438873093616e-14
165.0784309821374,0.2688614938279328,8.285565348398709,-0.561242114241177,-11.195720040437001,-1.2894299667617018e-14
165.08135927815746,0.2592786619184522,8.284769284798404,-0.5611144100540497,-11.196296776564738,-1.1236461138923401e-13
165.08428900815738,0.24969637003658096,8.28396991300532,-0.5609860384609705,-11.196868930612014,2.4209705498382972e-14
165.08722017129284,0.24011461782897445,8.283167248731113,-0.5608570014292132,-11.197436507578745,-2.1578215770297867e-13
165.09015276671906,0.23053340494188237,8.282361307665582,-0.5607273009235789,-11.197999512462072,1.6578385286936164e-14
165.09308679359054,0.22095273102150437,8.281552105476635,-0.5605969389063803,-11.198557950256387,-1.644681080053191e-13
165.0960222510613,0.21137259571378367,8.28073965781038,-0.560465917337464,-11.199111825953256,-1.868357706940425e-13
165.09895913828478,0.20179299866427267,8.279923980291077,-0.5603342381741967,-11.199661144541473,7.94709897881702e-14
165.10189745441383,0.19221393951843332,8.279105088521163,-0.5602019033714581,-11.200205911007078,-1.344691251051489e-13
165.10483719860073,0.18263541792152416,8.278282998081274,-0.5600689148816771,-11.200746130333306,-2.9735833927361694e-14
165.10777836999725,0.1730574335183977,8.27745772453026,-0.5599352746547953,-11.201281807500596,4.8682559969574456e-14
165.11072096775447,0.16347998595378058,8.276629283405162,-0.559800984638295,-11.201812947486665,3.105157879140425e-14
165.1136649910231,0.15390307487226362,8.275797690221264,-0.5596660467771825,-11.202339555266404,-2.539387587602127e-14
165.11661043895302,0.14432669991795394,8.274962960472095,-0.5595304630140094,-11.202861635811944,-8.512869270355317e-14
165.11955731069384,0.13475086073492007,8.274125109629416,-0.5593942352888571,-11.203379194092633,-2.4380752330708504e-13
165.1225056053944,0.12517555696701677,8.273284153143274,-0.5592573655393488,-11.203892235075037,-2.065719436546808e-14
165.12545532220307,0.11560078825767768,8.272440106441952,-0.5591198557006491,-11.204400763722978,-6.605039217493615e-14
165.1284064602676,0.10602655425026228,8.271592984932054,-0.5589817077054571,-11.204904784997469,-2.2393977586004249e-13
165.1313590187352,0.0964528545879248,8.270742803998461,-0.5588429234840275,-11.205404303856758,-1.2486418759763826e-13
165.1343129967526,0.08687968891341867,8.269889579004372,-0.5587035049641468,-11.20589932525633,-1.9999321933446803e-13
165.13726839346586,0.07730705686940229,8.269033325291302,-0.5585634540711674,-11.206389854148869,-1.259167834888723e-13
165.1402252080205,0.06773495809833459,8.26817405817908,-0.5584227727279706,-11.20687589548433,-3.0834480888837226e-13
165.14318343956157,0.058163392242271725,8.267311792965907,-0.5582814628550052,-11.207357454209859,-2.5643867400189356e-13
165.14614308723347,0.04859235894321156,8.266446544928305,-0.5581395263702643,-11.207834535269845,-3.4768558032324457e-13
165.14910415018005,0.039021857842881896,8.265578329321205,-0.5579969651893005,-11.208307143605895,-2.818325498779148e-13
165.15206662754466,0.029451888582674324,8.26470716137786,-0.5578537812252216,-11.208775284156868,-1.559157663890425e-14
165.1550305184701,0.01988245080389846,8.263833056309956,-0.5577099763886912,-11.209238961858835,-1.136474626316755e-13
165.15799582209854,0.010313544147621305,8.262956029307553,-0.5575655525879312,-11.209698181645098,-1.8063532302224198e-13
165.1609625375717,0.0007451682545319235,8.26207609553913,-0.5574205117287321,-11.21015294844622,-2.1942204251827138e-13
165.1639306640306,-0.00882267723475733,8.261193270151605,-0.5572748557144535,-11.210603267189933,-1.7632625859250262e-13
165.16690020061583,-0.018389992679853837,8.260307568270296,-0.5571285864459983,-11.211049142801267,-1.7428685405323666e-13
