galstreams/tracks/track.st.Triangulum.bonaca2012.ecsv
# %ECSV 0.9
# ---
# datatype:
# - {name: ra, unit: deg, datatype: float64}
# - {name: dec, unit: deg, datatype: float64}
# - {name: distance, unit: kpc, datatype: float64}
# - {name: pm_ra_cosdec, unit: mas / yr, datatype: float64}
# - {name: pm_dec, unit: mas / yr, datatype: float64}
# - {name: radial_velocity, unit: km / s, datatype: float64}
# delimiter: ','
# meta: !!omap
# - __serialized_columns__:
#     dec:
#       __class__: astropy.coordinates.angles.Latitude
#       unit: &id001 !astropy.units.Unit {unit: deg}
#       value: !astropy.table.SerializedColumn {name: dec}
#     distance:
#       __class__: astropy.coordinates.distances.Distance
#       unit: !astropy.units.Unit {unit: kpc}
#       value: !astropy.table.SerializedColumn {name: distance}
#     pm_dec:
#       __class__: astropy.units.quantity.Quantity
#       unit: !astropy.units.Unit {unit: mas / yr}
#       value: !astropy.table.SerializedColumn {name: pm_dec}
#     pm_ra_cosdec:
#       __class__: astropy.units.quantity.Quantity
#       unit: !astropy.units.Unit {unit: mas / yr}
#       value: !astropy.table.SerializedColumn {name: pm_ra_cosdec}
#     ra:
#       __class__: astropy.coordinates.angles.Longitude
#       unit: *id001
#       value: !astropy.table.SerializedColumn {name: ra}
#       wrap_angle: !astropy.coordinates.Angle
#         unit: *id001
#         value: 360.0
#     radial_velocity:
#       __class__: astropy.units.quantity.Quantity
#       unit: !astropy.units.Unit {unit: km / s}
#       value: !astropy.table.SerializedColumn {name: radial_velocity}
# schema: astropy-2.0
ra,dec,distance,pm_ra_cosdec,pm_dec,radial_velocity
20.999989215121158,36.099999621094284,26.000000000000004,0.0,0.0,0.0
21.01511953069422,36.03348331867945,26.000000000000007,0.0,0.0,0.0
21.03022446290692,35.966965137704406,26.000000000000007,0.0,0.0,0.0
21.045353525666407,35.900453573767535,26.000000000000004,0.0,0.0,0.0
21.06045754956799,35.83394017203564,26.000000000000007,0.0,0.0,0.0
21.07558536482257,35.767433312176756,26.000000000000007,0.0,0.0,0.0
21.09068849041548,35.700924656209345,26.000000000000004,0.0,0.0,0.0
21.1058150635133,35.63442246617354,26.000000000000007,0.0,0.0,0.0
21.120917300700757,35.56791852261261,26.0,0.0,0.0,0.0
21.136042637028513,35.50142096829066,26.000000000000007,0.0,0.0,0.0
21.151143995615012,35.43492170389974,26.000000000000004,0.0,0.0,0.0
21.166268100597204,35.36842875132878,26.000000000000004,0.0,0.0,0.0
21.181368590289136,35.30193413299379,25.999999999999996,0.0,0.0,0.0
21.19649146938712,35.235445748357876,25.999999999999996,0.0,0.0,0.0
21.2115910997933,35.16895574308797,25.999999999999993,0.0,0.0,0.0
21.22671275850451,35.10247189271876,26.0,0.0,0.0,0.0
21.241811539136723,35.03598646764709,26.000000000000004,0.0,0.0,0.0
21.256931982993827,34.96950711802442,26.000000000000007,0.0,0.0,0.0
21.272029923267418,34.903026240409005,26.0,0.0,0.0,0.0
21.287149157837494,34.83655135816146,26.0,0.0,0.0,0.0
21.302246267071855,34.770074995386,26.000000000000004,0.0,0.0,0.0
21.31736429795558,34.7036045472915,26.0,0.0,0.0,0.0
21.332460585374758,34.63713266686608,25.999999999999996,0.0,0.0,0.0
21.34757741820562,34.57066661985246,25.999999999999996,0.0,0.0,0.0
21.362672892938768,34.50419918941438,26.0,0.0,0.0,0.0
21.37778853338227,34.43773751055995,26.0,0.0,0.0,0.0
21.392883204464262,34.37127449787447,26.000000000000007,0.0,0.0,0.0
21.40799765821711,34.30481715440849,26.000000000000004,0.0,0.0,0.0
21.42309153458903,34.23835852736956,26.0,0.0,0.0,0.0
21.438204807378394,34.171905486672834,26.0,0.0,0.0,0.0
21.453297897888064,34.105451213303866,26.000000000000004,0.0,0.0,0.0
21.468409995470786,34.039002442909236,26.0,0.0,0.0,0.0
21.483502308873277,33.97255249136377,25.999999999999996,0.0,0.0,0.0
21.49861323703511,33.90610795895657,26.000000000000004,0.0,0.0,0.0
21.513704781993304,33.83966229751902,26.000000000000007,0.0,0.0,0.0
21.52881454654818,33.77322197093764,26.0,0.0,0.0,0.0
21.543905331633216,33.70678056802399,26.0,0.0,0.0,0.0
21.559013938422467,33.6403444152603,26.0,0.0,0.0,0.0
21.574103972114305,33.573907239418716,26.000000000000007,0.0,0.0,0.0
21.58921142700597,33.50747522861858,26.000000000000007,0.0,0.0,0.0
21.604300717693878,33.441042248530174,26.000000000000004,0.0,0.0,0.0
21.61940702658196,33.37461434799383,26.000000000000004,0.0,0.0,0.0
21.63449558256503,33.30818553247325,26.000000000000004,0.0,0.0,0.0
21.649600751368734,33.24176171065581,26.000000000000004,0.0,0.0,0.0
21.664688580856346,33.175337028651924,25.999999999999996,0.0,0.0,0.0
21.67979261551943,33.10891725416375,26.000000000000004,0.0,0.0,0.0
21.694879726631797,33.04249667476022,26.000000000000004,0.0,0.0,0.0
21.709982633121843,32.9760809163674,26.000000000000004,0.0,0.0,0.0
21.725069033890467,32.909664408783364,26.000000000000004,0.0,0.0,0.0
21.740170818198177,32.84325263540807,26.000000000000004,0.0,0.0,0.0
21.75525651656636,32.776840168998675,26.000000000000007,0.0,0.0,0.0
21.77035718470488,32.71043234971956,26.000000000000007,0.0,0.0,0.0
21.785442188528222,32.644023893976616,26.000000000000007,0.0,0.0,0.0
21.80054174653245,32.57761999802921,26.000000000000004,0.0,0.0,0.0
21.81562606357929,32.51121552258172,26.000000000000007,0.0,0.0,0.0
21.830724517505192,32.44481551935879,26.000000000000004,0.0,0.0,0.0
21.84580815545713,32.378414993973536,26.000000000000004,0.0,0.0,0.0
21.860905511381148,32.3120188530254,26.0,0.0,0.0,0.0
21.875988477833513,32.2456222476075,25.999999999999996,0.0,0.0,0.0
21.891084741851788,32.17922993864243,25.999999999999996,0.0,0.0,0.0
21.906167044314103,32.11283722323587,25.999999999999993,0.0,0.0,0.0
21.92126222254192,32.04644871612039,25.999999999999996,0.0,0.0,0.0
21.936343868438374,31.980059860908526,25.999999999999996,0.0,0.0,0.0
21.951437967009483,31.91367512566773,26.0,0.0,0.0,0.0
21.966518963679437,31.84729010097379,26.000000000000014,0.0,0.0,0.0
21.981611988745424,31.780909107791697,26.000000000000007,0.0,0.0,0.0
21.996692343443836,31.714527884079402,25.999999999999996,0.0,0.0,0.0
22.011784301173513,31.64815060329913,26.000000000000004,0.0,0.0,0.0
22.026864021071397,31.581773151173056,26.000000000000004,0.0,0.0,0.0
22.041954917650155,31.51539955329718,26.000000000000007,0.0,0.0,0.0
22.05703400983508,31.449025843503257,26.000000000000004,0.0,0.0,0.0
22.072123851464266,31.382655899194113,26.000000000000004,0.0,0.0,0.0
22.087202322940794,31.316285902620088,26.000000000000007,0.0,0.0,0.0
22.10229111583717,31.249919582699984,26.000000000000007,0.0,0.0,0.0
22.11736897352731,31.183553270375885,26.000000000000007,0.0,0.0,0.0
22.132456723922378,31.117190545827366,26.000000000000004,0.0,0.0,0.0
22.147533974666082,31.050827888925927,26.000000000000004,0.0,0.0,0.0
22.162620688805532,30.984468730891976,26.000000000000004,0.0,0.0,0.0
22.177697339361078,30.918109700729076,26.000000000000004,0.0,0.0,0.0
22.19278302350423,30.85175408051338,25.999999999999996,0.0,0.0,0.0
22.207859080548694,30.785398648548433,26.000000000000004,0.0,0.0,0.0
22.22294374096786,30.719046537615547,26.000000000000004,0.0,0.0,0.0
22.23801921109763,30.652694675451897,25.999999999999996,0.0,0.0,0.0
22.25310285407759,30.586346045427497,26.000000000000004,0.0,0.0,0.0
22.2681777438087,30.5199977248128,26.0,0.0,0.0,0.0
22.283260375646133,30.453652547483834,26.000000000000007,0.0,0.0,0.0
22.298334691414798,30.38730774031047,25.999999999999996,0.0,0.0,0.0
22.31341631841772,30.320965987625332,26.0,0.0,0.0,0.0
22.328490066580724,30.2546246659307,26.0,0.0,0.0,0.0
22.343570695067942,30.188286309999405,26.000000000000004,0.0,0.0,0.0
22.358643881903102,30.121948445966304,26.000000000000004,0.0,0.0,0.0
22.373723518203697,30.05561345906064,26.000000000000007,0.0,0.0,0.0
22.38879614991028,29.989279025017623,26.0,0.0,0.0,0.0
22.403874800363024,29.922947379571273,26.0,0.0,0.0,0.0
22.418946883062212,29.856616347992926,26.0,0.0,0.0,0.0
22.434024554015078,29.790288016601604,25.999999999999996,0.0,0.0,0.0
22.449096093750356,29.723960360108876,26.000000000000004,0.0,0.0,0.0
22.464172791560006,29.657635315530463,26.000000000000004,0.0,0.0,0.0
22.47924379429763,29.591311006890955,26.000000000000007,0.0,0.0,0.0
22.494319525328873,29.524989222045573,26.000000000000004,0.0,0.0,0.0
22.50938999695829,29.45866823417382,26.000000000000004,0.0,0.0,0.0
22.524464767583606,29.39234968214393,26.000000000000004,0.0,0.0,0.0
22.539534713917874,29.326031988101672,26.000000000000004,0.0,0.0,0.0
22.554608530516862,29.2597166421322,26.000000000000004,0.0,0.0,0.0
22.569677957293074,29.193402215128604,25.999999999999996,0.0,0.0,0.0
22.584750826252048,29.127090048626975,25.999999999999996,0.0,0.0,0.0
22.59981973913175,29.06077886201895,26.000000000000004,0.0,0.0,0.0
22.614891666843164,28.994469848555102,26.000000000000004,0.0,0.0,0.0
22.629960071412807,28.928161875847472,26.000000000000007,0.0,0.0,0.0
22.645031064274836,28.861855989154005,26.000000000000004,0.0,0.0,0.0
22.660098966046146,28.79555120399974,26.0,0.0,0.0,0.0
22.675169030462204,28.72924841797186,26.0,0.0,0.0,0.0
22.690236434872634,28.662946794172285,26.000000000000004,0.0,0.0,0.0
22.70530557725088,28.59664708286787,25.999999999999996,0.0,0.0,0.0
22.72037248966402,28.53034859437289,25.999999999999993,0.0,0.0,0.0
22.735440716416917,28.46405193201249,26.0,0.0,0.0,0.0
22.750507142122917,28.39775655292069,25.999999999999996,0.0,0.0,0.0
22.7655744596668,28.331462913887552,25.999999999999996,0.0,0.0,0.0
22.780640403882742,28.26517061844646,26.000000000000004,0.0,0.0,0.0
22.795706818637335,28.19887997728648,26.000000000000007,0.0,0.0,0.0
22.810772286507714,28.132590739892656,26.000000000000004,0.0,0.0,0.0
22.825837804895727,28.066303071314376,26.000000000000004,0.0,0.0,0.0
22.840902801492778,28.000016866513576,25.999999999999996,0.0,0.0,0.0
22.855967429939447,27.933732145388163,25.999999999999996,0.0,0.0,0.0
22.871031960263622,27.867448947875456,25.999999999999996,0.0,0.0,0.0
22.886095705196308,27.80116714923664,25.999999999999996,0.0,0.0,0.0
22.90115977417665,27.73488693385656,25.999999999999996,0.0,0.0,0.0
22.916222642024394,27.66860803290059,26.0,0.0,0.0,0.0
22.931286254518948,27.6023307746472,26.0,0.0,0.0,0.0
22.94634825171207,27.53605474673277,26.0,0.0,0.0,0.0
22.961411412508284,27.469780420749764,26.000000000000004,0.0,0.0,0.0
22.976472545478,27.40350724139793,26.000000000000004,0.0,0.0,0.0
22.991535259293116,27.337235822978744,26.000000000000004,0.0,0.0,0.0
23.00659553447109,27.270965467872852,26.00000000000001,0.0,0.0,0.0
23.021657805952586,27.20469693246069,26.000000000000004,0.0,0.0,0.0
23.03671722977057,27.138429377446254,26.000000000000004,0.0,0.0,0.0
23.05177906349653,27.072163700634164,26.0,0.0,0.0,0.0
23.066837642385977,27.00589892171878,26.0,0.0,0.0,0.0
23.08189904286545,26.939636079249684,26.000000000000007,0.0,0.0,0.0
23.096956783257113,26.873374052602884,26.000000000000007,0.0,0.0,0.0
23.112017754930616,26.80711402036963,26.000000000000004,0.0,0.0,0.0
23.127074663254188,26.74085472232277,26.000000000000004,0.0,0.0,0.0
23.142135210493983,26.67459747636811,26.000000000000014,0.0,0.0,0.0
23.157191293177736,26.60834088341419,26.000000000000007,0.0,0.0,0.0
23.172251420288298,26.542086399930852,26.0,0.0,0.0,0.0
23.187306683758692,26.475832488724397,26.000000000000007,0.0,0.0,0.0
23.202366394977094,26.409580744054992,26.0,0.0,0.0,0.0
23.217420845658474,26.343329491411883,25.999999999999996,0.0,0.0,0.0
23.232480145154746,26.27708046204895,25.999999999999996,0.0,0.0,0.0
23.247533789468914,26.210831844946217,25.999999999999996,1.734723475976807e-18,5.204170427930421e-18,-4.216978703117011
23.262592681346465,26.144585507532167,26.000000000000004,-1.3877787807814455e-17,2.0816681711721685e-17,-16.632012248294497
23.277645525712398,26.078339503107827,26.000000000000004,-2.775557561562891e-17,1.3877787807814457e-17,-24.987514069574654
23.292704014008418,26.012095834434895,26.0,0.0,2.7755575615628914e-17,-24.98751406957466
23.30775606484192,25.945852419987748,26.0,4.163336342344337e-17,4.163336342344337e-17,-24.98751406957466
23.322814153527716,25.879611396997944,26.000000000000007,1.3877787807814457e-17,2.7755575615628914e-17,-24.987514069574665
23.337865417241055,25.813370549987347,26.000000000000007,-2.7755575615628914e-17,2.7755575615628914e-17,-24.987514069574665
23.352923110222495,25.74713214977239,26.0,1.3877787807814457e-17,-1.3877787807814457e-17,-24.98751406957466
23.36797359322413,25.680893847818062,25.999999999999996,0.0,5.551115123125783e-17,-24.98751406957466
23.383030894341992,25.614658047619297,25.999999999999996,2.775557561562891e-17,1.3877787807814457e-17,-24.987514069574665
23.398080603036224,25.54842226850106,25.999999999999996,4.163336342344337e-17,4.163336342344337e-17,-24.987514069574658
23.41313751606658,25.48218904570935,25.999999999999996,1.3877787807814457e-17,0.0,-24.987514069574665
23.4281864568532,25.415955767366896,26.000000000000004,0.0,1.3877787807814457e-17,-24.98751406957466
23.443242985507847,25.349725099522537,26.000000000000004,-1.3877787807814457e-17,-2.7755575615628914e-17,-24.987514069574658
23.458291164781908,25.283494300055196,26.000000000000004,-1.3877787807814457e-17,-1.3877787807814457e-17,-24.98751406957466
23.473347312708714,25.217266164847793,25.999999999999996,-2.7755575615628914e-17,1.3877787807814457e-17,-24.98751406957466
23.48839473686016,25.15103782251422,26.000000000000004,0.0,2.7755575615628914e-17,-24.987514069574658
23.50345050764345,25.084812197782558,26.0,0.0,1.3877787807814457e-17,-24.98751406957466
23.51849718305685,25.01858629100051,26.000000000000004,-2.7755575615628914e-17,-1.3877787807814457e-17,-24.98751406957466
23.533552580217783,24.95236315473238,26.0,-2.7755575615628914e-17,-2.7755575615628914e-17,-24.98751406957466
23.54859851327208,24.88613966207841,26.000000000000004,-1.3877787807814457e-17,-2.7755575615628914e-17,-24.987514069574654
23.56365354026904,24.819918992410514,25.999999999999996,0.0,0.0,-24.987514069574658
23.578698737337177,24.753697892619666,26.000000000000004,1.3877787807814457e-17,1.3877787807814457e-17,-24.987514069574658
23.593753397566147,24.687479667837405,26.0,2.7755575615628914e-17,0.0,-24.987514069574665
23.608797865014854,24.6212609398029,26.000000000000007,-2.7755575615628914e-17,-2.7755575615628914e-17,-24.98751406957466
23.623852161809815,24.555045138340233,26.000000000000004,0.0,1.3877787807814457e-17,-24.987514069574658
23.638895905999355,24.488828761113183,26.0,0.0,0.0,-24.987514069574654
23.65394984263263,24.422615361552385,25.999999999999996,-1.3877787807814457e-17,0.0,-24.987514069574654
23.66899286991645,24.35640131434144,25.999999999999996,2.7755575615628914e-17,-1.3877787807814457e-17,-24.987514069574658
23.6840464495991,24.290190295412952,26.000000000000004,-1.3877787807814457e-17,0.0,-24.987514069574658
23.699088766323637,24.223978557583962,26.000000000000004,0.0,-4.163336342344337e-17,-24.987514069574654
23.714141992205867,24.15776989816615,26.000000000000004,-1.3877787807814457e-17,-1.3877787807814457e-17,-24.98751406957466
23.729183604710283,24.09156044924184,26.000000000000004,0.0,0.0,-24.987514069574658
23.744236479881767,24.025354128360775,25.999999999999996,1.3877787807814455e-17,0.0,-24.98751406957466
23.75927739449768,23.95914694802034,26.000000000000004,1.3877787807814457e-17,0.0,-24.987514069574658
23.774329921987942,23.892942944849562,25.999999999999996,1.3877787807814457e-17,1.3877787807814457e-17,-24.987514069574658
23.7893701450392,23.826738012928356,25.999999999999996,0.0,0.0,-24.987514069574658
23.80442232781803,23.760536306788605,26.000000000000004,0.0,1.3877787807814457e-17,-24.987514069574658
23.81946186562048,23.6943336032777,26.000000000000004,0.0,0.0,-24.98751406957466
23.834513706598266,23.62813417363671,26.0,2.7755575615628914e-17,1.3877787807814457e-17,-24.98751406957466
23.84955256545948,23.56193367868255,26.000000000000004,0.0,1.3877787807814457e-17,-24.987514069574658
23.8646040674876,23.495736505154703,26.0,2.7755575615628914e-17,-2.7755575615628914e-17,-24.98751406957467
23.879642253706702,23.429538199058687,26.000000000000004,2.775557561562891e-17,-1.3877787807814457e-17,-24.987514069574665
23.89469341957789,23.363343261404776,26.000000000000004,-1.3877787807814457e-17,1.3877787807814457e-17,-24.98751406957466
23.9097309394453,23.297147124622846,26.000000000000004,-1.3877787807814457e-17,1.3877787807814457e-17,-24.987514069574658
23.924781771894036,23.230954402749774,25.999999999999996,-1.3877787807814457e-17,-2.7755575615628914e-17,-24.98751406957466
23.939818631691267,23.164760415891998,25.999999999999996,0.0,-1.3877787807814457e-17,-24.98751406957466
23.954869133394112,23.098569889852442,26.0,1.3877787807814455e-17,1.3877787807814457e-17,-24.98751406957466
23.969905339393538,23.032378033682562,26.000000000000004,1.3877787807814455e-17,1.3877787807814457e-17,-24.98751406957466
23.98495551296953,22.966189683674695,26.0,0.0,0.0,-24.987514069574658
23.99999107143423,22.899999939109726,26.000000000000004,-1.3877787807814457e-17,-1.3877787807814457e-17,-24.987514069574658
