galstreams/tracks/track.st.Pal5.starkman2020.ecsv
# %ECSV 0.9
# ---
# datatype:
# - {name: ra, unit: deg, datatype: float64}
# - {name: dec, unit: deg, datatype: float64}
# - {name: distance, unit: kpc, datatype: float64}
# - {name: pm_ra_cosdec, unit: mas / yr, datatype: float64}
# - {name: pm_dec, unit: mas / yr, datatype: float64}
# - {name: radial_velocity, unit: km / s, datatype: float64}
# delimiter: ','
# meta: !!omap
# - __serialized_columns__:
#     dec:
#       __class__: astropy.coordinates.angles.Latitude
#       unit: &id001 !astropy.units.Unit {unit: deg}
#       value: !astropy.table.SerializedColumn {name: dec}
#     distance:
#       __class__: astropy.coordinates.distances.Distance
#       unit: !astropy.units.Unit {unit: kpc}
#       value: !astropy.table.SerializedColumn {name: distance}
#     pm_dec:
#       __class__: astropy.units.quantity.Quantity
#       unit: !astropy.units.Unit {unit: mas / yr}
#       value: !astropy.table.SerializedColumn {name: pm_dec}
#     pm_ra_cosdec:
#       __class__: astropy.units.quantity.Quantity
#       unit: !astropy.units.Unit {unit: mas / yr}
#       value: !astropy.table.SerializedColumn {name: pm_ra_cosdec}
#     ra:
#       __class__: astropy.coordinates.angles.Longitude
#       unit: *id001
#       value: !astropy.table.SerializedColumn {name: ra}
#       wrap_angle: !astropy.coordinates.Angle
#         unit: *id001
#         value: 360.0
#     radial_velocity:
#       __class__: astropy.units.quantity.Quantity
#       unit: !astropy.units.Unit {unit: km / s}
#       value: !astropy.table.SerializedColumn {name: radial_velocity}
# schema: astropy-2.0
ra,dec,distance,pm_ra_cosdec,pm_dec,radial_velocity
[from data line 1935]
223.9754222247878,-5.523056373018047,22.49999999999998,0.0,0.0,-0.0
223.96949698565135,-5.531488317528005,22.499999999999986,0.0,0.0,-0.0
223.9635745260404,-5.539923509455029,22.499999999999982,0.0,0.0,-0.0
223.95765484626864,-5.548361949322513,22.49999999999998,0.0,0.0,-0.0
223.95173794665007,-5.556803637653952,22.49999999999998,0.0,0.0,-0.0
223.94582382749908,-5.565248574972944,22.499999999999982,0.0,0.0,-0.0
223.93991248913036,-5.573696761803198,22.499999999999982,0.0,0.0,-0.0
223.9340039318588,-5.582148198668524,22.499999999999982,0.0,0.0,-0.0
223.92809815599975,-5.590602886092834,22.499999999999982,0.0,0.0,-0.0
223.92219516186879,-5.59906082460015,22.499999999999982,0.0,0.0,-0.0
223.91629494978181,-5.607522014714586,22.499999999999982,0.0,0.0,-0.0
223.9103975200551,-5.615986456960366,22.499999999999982,0.0,0.0,-0.0
223.90450287300516,-5.624454151861815,22.499999999999982,0.0,0.0,-0.0
223.89861100894888,-5.632925099943357,22.499999999999986,0.0,0.0,-0.0
223.89272192820346,-5.641399301729526,22.499999999999982,0.0,0.0,-0.0
223.8868356310864,-5.649876757744952,22.499999999999986,0.0,0.0,-0.0
223.88095211791548,-5.658357468514362,22.499999999999982,0.0,0.0,-0.0
223.87507138900895,-5.666841434562592,22.49999999999998,0.0,0.0,-0.0
223.86919344468518,-5.675328656414572,22.499999999999982,0.0,0.0,-0.0
223.86331828526303,-5.683819134595336,22.49999999999998,0.0,0.0,-0.0
223.8574459110616,-5.6923128696300225,22.499999999999982,0.0,0.0,-0.0
223.85157632240035,-5.700809862043855,22.499999999999986,0.0,0.0,-0.0
223.845709519599,-5.709310112362173,22.49999999999998,0.0,0.0,-0.0
223.83984550297774,-5.717813621110401,22.499999999999986,0.0,0.0,-0.0
223.8339842728569,-5.726320388814072,22.49999999999998,0.0,0.0,-0.0
223.82812582955725,-5.73483041599882,22.499999999999982,0.0,0.0,-0.0
223.82227017339991,-5.743343703190362,22.499999999999982,0.0,0.0,-0.0
223.81641730470625,-5.751860250914525,22.49999999999998,0.0,0.0,-0.0
223.81056722379805,-5.760380059697235,22.49999999999998,0.0,0.0,-0.0
223.80471993099735,-5.768903130064501,22.499999999999986,0.0,0.0,-0.0
223.79887542662658,-5.777429462542449,22.49999999999998,0.0,0.0,-0.0
223.79303371100843,-5.785959057657287,22.499999999999986,0.0,0.0,-0.0
223.787194784466,-5.794491915935321,22.499999999999982,0.0,0.0,-0.0
223.78135864732275,-5.8030280379029575,22.499999999999982,0.0,0.0,-0.0
223.77552529990234,-5.811567424086696,22.499999999999982,0.0,0.0,-0.0
223.7696947425289,-5.820110075013129,22.499999999999982,0.0,0.0,-0.0
223.76386697552684,-5.8286559912089535,22.49999999999998,0.0,0.0,-0.0
223.7580419992209,-5.837205173200946,22.499999999999986,0.0,0.0,-0.0
223.75221981393616,-5.84575762151599,22.499999999999982,0.0,0.0,-0.0
223.74640041999808,-5.854313336681057,22.499999999999982,0.0,0.0,-0.0
223.74058381773244,-5.862872319223213,22.499999999999986,0.0,0.0,-0.0
223.7347700074653,-5.8714345696696215,22.49999999999998,0.0,0.0,-0.0
223.72895898952322,-5.880000088547537,22.49999999999998,0.0,0.0,-0.0
223.72315076423288,-5.888568876384297,22.499999999999982,0.0,0.0,-0.0
223.7173453319215,-5.897140933707349,22.499999999999982,0.0,0.0,-0.0
223.71154269291654,-5.905716261044217,22.49999999999998,0.0,0.0,-0.0
223.70574284754588,-5.914294858922529,22.499999999999982,0.0,0.0,-0.0
223.69994579613763,-5.922876727869998,22.499999999999982,0.0,0.0,-0.0
223.6941515390204,-5.931461868414424,22.499999999999982,0.0,0.0,-0.0
223.688360076523,-5.94005028108371,22.49999999999998,0.0,0.0,-0.0
223.6825714089747,-5.9486419664058365,22.499999999999982,0.0,0.0,-0.0
223.67678553670507,-5.9572369249088855,22.49999999999998,0.0,0.0,-0.0
223.671002460044,-5.965835157121022,22.499999999999986,0.0,0.0,-0.0
223.66522217932183,-5.974436663570502,22.49999999999998,0.0,0.0,-0.0
223.65944469486917,-5.983041444785671,22.49999999999998,0.0,0.0,-0.0
223.65367000701696,-5.991649501294966,22.499999999999982,0.0,0.0,-0.0
223.64789811609657,-6.0002608336269025,22.49999999999999,0.0,0.0,-0.0
223.64212902243975,-6.008875442310106,22.49999999999998,0.0,0.0,-0.0
223.63636272637848,-6.017493327873264,22.499999999999975,0.0,0.0,-0.0
223.6305992282452,-6.026114490845164,22.499999999999982,0.0,0.0,-0.0
223.62483852837263,-6.034738931754691,22.49999999999998,0.0,0.0,-0.0
223.61908062709398,-6.043366651130796,22.499999999999982,0.0,0.0,-0.0
223.61332552474263,-6.0519976495025345,22.499999999999982,0.0,0.0,-0.0
223.60757322165253,-6.060631927399044,22.499999999999986,0.0,0.0,-0.0
223.60182371815782,-6.069269485349534,22.499999999999982,0.0,0.0,-0.0
223.59607701459305,-6.077910323883323,22.49999999999998,0.0,0.0,-0.0
223.5903331112932,-6.086554443529793,22.499999999999982,0.0,0.0,-0.0
223.58459200859355,-6.09520184481843,22.49999999999998,0.0,0.0,-0.0
223.57885370682976,-6.103852528278796,22.49999999999998,0.0,0.0,-0.0
223.57311820633785,-6.112506494440533,22.49999999999998,0.0,0.0,-0.0
223.5673855074542,-6.121163743833371,22.499999999999982,0.0,0.0,-0.0
223.56165561051554,-6.12982427698713,22.49999999999998,0.0,0.0,-0.0
223.55592851585908,-6.138488094431702,22.499999999999982,0.0,0.0,-0.0
223.55020422382225,-6.147155196697074,22.499999999999982,0.0,0.0,-0.0
223.54448273474293,-6.155825584313314,22.49999999999998,0.0,0.0,-0.0
223.5387640489594,-6.164499257810559,22.49999999999998,0.0,0.0,-0.0
223.53304816681015,-6.173176217719041,22.499999999999982,0.0,0.0,-0.0
223.52733508863426,-6.1818564645690754,22.49999999999998,0.0,0.0,-0.0
223.52162481477106,-6.190539998891048,22.499999999999986,0.0,0.0,-0.0
223.51591734556027,-6.1992268212154436,22.499999999999982,0.0,0.0,-0.0
223.510212681342,-6.207916932072803,22.499999999999982,0.0,0.0,-0.0
223.50451082245672,-6.216610331993772,22.499999999999982,0.0,0.0,-0.0
223.49881176924532,-6.225307021509059,22.499999999999982,0.0,0.0,-0.0
223.49311552204895,-6.234007001149464,22.499999999999986,0.0,0.0,-0.0
223.4874220812093,-6.242710271445864,22.499999999999986,0.0,0.0,-0.0
223.48173144706834,-6.251416832929212,22.499999999999982,0.0,0.0,-0.0
223.47604361996844,-6.260126686130533,22.499999999999982,0.0,0.0,-0.0
223.47035860025235,-6.268839831580952,22.499999999999982,0.0,0.0,-0.0
223.4646763882632,-6.27755626981165,22.499999999999982,0.0,0.0,-0.0
223.4589969843445,-6.286276001353902,22.499999999999982,0.0,0.0,-0.0
223.4533203888402,-6.29499902673905,22.499999999999982,0.0,0.0,-0.0
223.44764660209452,-6.303725346498518,22.49999999999998,0.0,0.0,-0.0
223.4419756244522,-6.312454961163803,22.499999999999986,0.0,0.0,-0.0
223.43630745625825,-6.321187871266489,22.49999999999998,0.0,0.0,-0.0
223.43064209785814,-6.329924077338225,22.499999999999982,0.0,0.0,-0.0
223.4249795495977,-6.338663579910742,22.49999999999998,0.0,0.0,-0.0
223.4193198118232,-6.347406379515844,22.499999999999982,0.0,0.0,-0.0
223.41366288488112,-6.356152476685409,22.49999999999998,0.0,0.0,-0.0
223.40800876911862,-6.364901871951395,22.499999999999982,0.0,0.0,-0.0
223.40235746488304,-6.373654565845832,22.499999999999982,0.0,0.0,-0.0
223.39670897252213,-6.382410558900826,22.499999999999982,0.0,0.0,-0.0
223.39106329238413,-6.391169851648552,22.499999999999982,0.0,0.0,-0.0
223.38542042481762,-6.399932444621266,22.49999999999998,0.0,0.0,-0.0
223.37978037017157,-6.408698338351286,22.499999999999982,0.0,0.0,-0.0
223.3741431287953,-6.417467533371019,22.499999999999982,0.0,0.0,-0.0
223.36850870103865,-6.42624003021293,22.499999999999982,0.0,0.0,-0.0
223.36287708725177,-6.43501582940957,22.499999999999982,0.0,0.0,-0.0
223.3572482877852,-6.443794931493544,22.499999999999982,0.0,0.0,-0.0
223.35162230298994,-6.452577336997549,22.49999999999998,0.0,0.0,-0.0
223.34599913321733,-6.461363046454337,22.499999999999982,0.0,0.0,-0.0
223.3403787788192,-6.4701520603967415,22.499999999999982,0.0,0.0,-0.0
223.33476124014763,-6.478944379357664,22.49999999999998,0.0,0.0,-0.0
223.32914651755527,-6.487740003870066,22.49999999999998,0.0,0.0,-0.0
223.32353461139508,-6.496538934466998,22.499999999999982,0.0,0.0,-0.0
223.31792552202043,-6.505341171681567,22.499999999999982,0.0,0.0,-0.0
223.31231924978516,-6.514146716046953,22.499999999999982,0.0,0.0,-0.0
223.30671579504343,-6.522955568096405,22.499999999999982,0.0,0.0,-0.0
223.30111515814986,-6.531767728363241,22.499999999999975,0.0,0.0,-0.0
223.29551733945948,-6.540583197380841,22.49999999999998,0.0,0.0,-0.0
223.28992233932772,-6.549401975682665,22.49999999999998,0.0,0.0,-0.0
223.28433015811038,-6.558224063802233,22.49999999999998,0.0,0.0,-0.0
223.2787407961638,-6.567049462273133,22.49999999999998,0.0,0.0,-0.0
223.27315425384455,-6.575878171629022,22.499999999999982,0.0,0.0,-0.0
223.2675705315098,-6.5847101924036195,22.49999999999998,0.0,0.0,-0.0
223.26198962951696,-6.593545525130715,22.49999999999998,0.0,0.0,-0.0
223.256411548224,-6.602384170344165,22.49999999999998,0.0,0.0,-0.0
223.25083628798924,-6.611226128577886,22.499999999999986,0.0,0.0,-0.0
223.24526384917135,-6.620071400365873,22.499999999999982,0.0,0.0,-0.0
223.23969423212964,-6.628919986242165,22.499999999999982,0.0,0.0,-0.0
223.23412743722358,-6.637771886740884,22.499999999999975,0.0,0.0,-0.0
223.22856346481316,-6.646627102396203,22.49999999999998,0.0,0.0,-0.0
223.2230023152589,-6.655485633742373,22.499999999999975,0.0,0.0,-0.0
223.21744398892156,-6.664347481313699,22.499999999999975,0.0,0.0,-0.0
223.21188848616245,-6.673212645644543,22.49999999999998,0.0,0.0,-0.0
223.20633580734327,-6.68208112726935,22.49999999999998,0.0,0.0,-0.0
223.2007859528261,-6.690952926722606,22.499999999999982,0.0,0.0,-0.0
223.19523892297354,-6.699828044538877,22.49999999999998,0.0,0.0,-0.0
223.18969471814853,-6.708706481252777,22.499999999999975,0.0,0.0,-0.0
223.18415333871445,-6.7175882373989895,22.49999999999998,0.0,0.0,-0.0
223.17861478503517,-6.726473313512255,22.49999999999998,0.0,0.0,-0.0
223.17307905747492,-6.735361710127381,22.499999999999975,0.0,0.0,-0.0
223.16754615639843,-6.744253427779225,22.499999999999975,0.0,0.0,-0.0
223.16201608217077,-6.753148467002717,22.499999999999975,0.0,0.0,-0.0
223.15648883515752,-6.7620468283328385,22.499999999999975,0.0,0.0,-0.0
223.15096441572467,-6.7709485123046305,22.49999999999998,0.0,0.0,-0.0
223.14544282423861,-6.779853519453198,22.49999999999998,0.0,0.0,-0.0
223.13992406106624,-6.788761850313702,22.49999999999998,0.0,0.0,-0.0
223.1344081265748,-6.797673505421362,22.499999999999982,0.0,0.0,-0.0
223.12889502113208,-6.80658848531146,22.49999999999998,0.0,0.0,-0.0
223.12338474510625,-6.815506790519323,22.499999999999975,0.0,0.0,-0.0
223.11787729886586,-6.824428421580347,22.49999999999998,0.0,0.0,-0.0
223.11237268277998,-6.833353379029983,22.49999999999998,0.0,0.0,-0.0
223.1068708972181,-6.842281663403736,22.499999999999982,0.0,0.0,-0.0
223.10137194255017,-6.85121327523718,22.49999999999998,0.0,0.0,-0.0
223.09587581914656,-6.8601482150659185,22.499999999999975,0.0,0.0,-0.0
223.09038252737807,-6.869086483425629,22.49999999999998,0.0,0.0,-0.0
223.08489206761598,-6.878028080852046,22.49999999999998,0.0,0.0,-0.0
223.07940444023197,-6.8869730078809575,22.49999999999998,0.0,0.0,-0.0
223.07391964559824,-6.895921265048198,22.49999999999998,0.0,0.0,-0.0
223.06843768408737,-6.904872852889665,22.499999999999975,0.0,0.0,-0.0
223.0629585560724,-6.9138277719413,22.499999999999975,0.0,0.0,-0.0
223.05748226192685,-6.922786022739107,22.49999999999998,0.0,0.0,-0.0
223.0520088020247,-6.931747605819141,22.499999999999975,0.0,0.0,-0.0
223.04653817674028,-6.940712521717512,22.499999999999982,0.0,0.0,-0.0
223.04107038644852,-6.949680770970383,22.499999999999975,0.0,0.0,-0.0
223.0356054315247,-6.958652354113956,22.49999999999998,0.0,0.0,-0.0
223.03014331234453,-6.967627271684502,22.49999999999998,0.0,0.0,-0.0
223.02468402928432,-6.9766055242183365,22.49999999999998,0.0,0.0,-0.0
223.01922758272073,-6.985587112251819,22.49999999999998,0.0,0.0,-0.0
223.01377397303085,-6.994572036321378,22.49999999999998,0.0,0.0,-0.0
223.00832320059232,-7.0035602969634745,22.499999999999975,0.0,0.0,-0.0
223.00287526578316,-7.012551894714625,22.49999999999998,0.0,0.0,-0.0
222.99743016898188,-7.0215468301114,22.49999999999998,0.0,0.0,-0.0
222.9919879105675,-7.030545103690415,22.499999999999975,0.0,0.0,-0.0
222.9865484909194,-7.0395467159883385,22.49999999999998,0.0,0.0,-0.0
222.9811119104175,-7.048551667541886,22.49999999999998,0.0,0.0,-0.0
222.9756781694422,-7.057559958887811,22.49999999999998,0.0,0.0,-0.0
222.97024726837427,-7.066571590562936,22.499999999999975,0.0,0.0,-0.0
222.96481920759504,-7.0755865631041095,22.49999999999998,0.0,0.0,-0.0
222.95939398748624,-7.084604877048243,22.499999999999982,0.0,0.0,-0.0
222.95397160843015,-7.0936265329322925,22.499999999999975,0.0,0.0,-0.0
222.94855207080943,-7.102651531293246,22.499999999999975,0.0,0.0,-0.0
222.94313537500727,-7.111679872668154,22.499999999999982,0.0,0.0,-0.0
222.9377215214073,-7.120711557594112,22.499999999999975,0.0,0.0,-0.0
222.93231051039365,-7.1297465866082455,22.49999999999998,0.0,0.0,-0.0
222.92690234235087,-7.13878496024775,22.49999999999998,0.0,0.0,-0.0
222.92149701766405,-7.1478266790498415,22.499999999999982,0.0,0.0,-0.0
222.91609453671876,-7.156871743551791,22.49999999999998,0.0,0.0,-0.0
222.91069489990093,-7.165920154290917,22.49999999999998,0.0,0.0,-0.0
222.9052981075971,-7.174971911804573,22.499999999999975,0.0,0.0,-0.0
222.8999041601942,-7.184027016630166,22.499999999999975,0.0,0.0,-0.0
222.89451305807975,-7.193085469305139,22.499999999999982,0.0,0.0,-0.0
222.8891248016416,-7.202147270366973,22.499999999999975,0.0,0.0,-0.0
222.8837393912682,-7.211212420353204,22.49999999999998,0.0,0.0,-0.0
222.87835682734843,-7.220280919801401,22.49999999999998,0.0,0.0,-0.0
222.87297711027162,-7.229352769249177,22.499999999999982,0.0,0.0,-0.0
222.8676002404277,-7.238427969234187,22.499999999999975,0.0,0.0,-0.0
222.86222621820696,-7.247506520294117,22.499999999999975,0.0,0.0,-0.0
222.8568550440002,-7.256588422966712,22.49999999999998,0.0,0.0,-0.0
222.85148671819886,-7.265673677789746,22.49999999999998,0.0,0.0,-0.0
222.84612124119457,-7.274762285301026,22.499999999999982,0.0,0.0,-0.0
222.84075861337973,-7.283854246038413,22.499999999999975,0.0,0.0,-0.0
222.83539883514712,-7.2929495605398,22.49999999999998,0.0,0.0,-0.0
222.83004190688996,-7.302048229343112,22.49999999999998,0.0,0.0,-0.0
222.82468782900207,-7.311150252986321,22.499999999999982,0.0,0.0,-0.0
222.8193366018777,-7.32025563200744,22.499999999999975,0.0,0.0,-0.0
222.81398822591154,-7.32936436694451,22.499999999999975,0.0,0.0,-0.0
222.8086427014989,-7.338476458335617,22.49999999999998,0.0,0.0,-0.0
222.80330002903548,-7.347591906718872,22.49999999999998,0.0,0.0,-0.0
222.7979602089176,-7.3567107126324345,22.49999999999998,0.0,0.0,-0.0
222.79262324154192,-7.3658328766144985,22.49999999999998,0.0,0.0,-0.0
222.78728912730568,-7.374958399203287,22.49999999999998,0.0,0.0,-0.0
222.7819578666066,-7.384087280937072,22.49999999999998,0.0,0.0,-0.0
222.77662945984304,-7.393219522354135,22.49999999999998,0.0,0.0,-0.0
222.7713039074136,-7.402355123992822,22.499999999999982,0.0,0.0,-0.0
222.76598120971758,-7.411494086391493,22.49999999999998,0.0,0.0,-0.0
222.76066136715477,-7.420636410088547,22.499999999999975,0.0,0.0,-0.0
222.75534438012534,-7.429782095622421,22.499999999999982,0.0,0.0,-0.0
222.7500302490301,-7.438931143531583,22.49999999999998,0.0,0.0,-0.0
222.7447189742703,-7.4480835543545245,22.49999999999998,0.0,0.0,-0.0
222.73941055624775,-7.457239328629789,22.499999999999975,0.0,0.0,-0.0
222.7341049953647,-7.466398466895927,22.499999999999975,0.0,0.0,-0.0
222.72880229202397,-7.4755609696915455,22.49999999999998,0.0,0.0,-0.0
222.72350244662883,-7.484726837555266,22.49999999999998,0.0,0.0,-0.0
222.71820545958312,-7.493896071025747,22.49999999999998,0.0,0.0,-0.0
222.71291133129117,-7.503068670641676,22.49999999999998,0.0,0.0,-0.0
222.70762006215784,-7.512244636941771,22.499999999999975,0.0,0.0,-0.0
222.70233165258853,-7.521423970464782,22.499999999999975,0.0,0.0,-0.0
222.69704610298902,-7.530606671749488,22.49999999999998,0.0,0.0,-0.0
222.69176341376578,-7.539792741334688,22.49999999999998,0.0,0.0,-0.0
