galstreams/tracks/track.st.Pegasus.perottoni2019.ecsv
# %ECSV 0.9
# ---
# datatype:
# - {name: ra, unit: deg, datatype: float64}
# - {name: dec, unit: deg, datatype: float64}
# - {name: distance, unit: kpc, datatype: float64}
# - {name: pm_ra_cosdec, unit: mas / yr, datatype: float64}
# - {name: pm_dec, unit: mas / yr, datatype: float64}
# - {name: radial_velocity, unit: km / s, datatype: float64}
# delimiter: ','
# meta: !!omap
# - __serialized_columns__:
#     dec:
#       __class__: astropy.coordinates.angles.Latitude
#       unit: &id001 !astropy.units.Unit {unit: deg}
#       value: !astropy.table.SerializedColumn {name: dec}
#     distance:
#       __class__: astropy.coordinates.distances.Distance
#       unit: !astropy.units.Unit {unit: kpc}
#       value: !astropy.table.SerializedColumn {name: distance}
#     pm_dec:
#       __class__: astropy.units.quantity.Quantity
#       unit: !astropy.units.Unit {unit: mas / yr}
#       value: !astropy.table.SerializedColumn {name: pm_dec}
#     pm_ra_cosdec:
#       __class__: astropy.units.quantity.Quantity
#       unit: !astropy.units.Unit {unit: mas / yr}
#       value: !astropy.table.SerializedColumn {name: pm_ra_cosdec}
#     ra:
#       __class__: astropy.coordinates.angles.Longitude
#       unit: *id001
#       value: !astropy.table.SerializedColumn {name: ra}
#       wrap_angle: !astropy.coordinates.Angle
#         unit: *id001
#         value: 360.0
#     radial_velocity:
#       __class__: astropy.units.quantity.Quantity
#       unit: !astropy.units.Unit {unit: km / s}
#       value: !astropy.table.SerializedColumn {name: radial_velocity}
# schema: astropy-2.0
ra,dec,distance,pm_ra_cosdec,pm_dec,radial_velocity
[from data line 237]
329.61978905169576,22.932538661572423,17.999999999999954,0.0,0.0,0.0
329.6253404886321,22.94114255617277,17.999999999999954,0.0,0.0,0.0
329.6308933945855,22.949745824450027,17.999999999999954,0.0,0.0,0.0
329.6364477702271,22.958348466099636,17.999999999999957,0.0,0.0,0.0
329.6420036162286,22.966950480817086,17.999999999999957,0.0,0.0,0.0
329.64756093326145,22.97555186829755,17.999999999999954,0.0,0.0,0.0
329.65311972199754,22.984152628236156,17.999999999999954,0.0,0.0,0.0
329.65867998310887,22.992752760327846,17.999999999999957,0.0,0.0,0.0
329.66424171726766,23.001352264267567,17.999999999999954,0.0,0.0,0.0
329.66980492514614,23.00995113974999,17.999999999999957,0.0,0.0,0.0
329.67536960741677,23.01854938646973,17.999999999999957,0.0,0.0,0.0
329.68093576475223,23.027147004121254,17.999999999999957,0.0,0.0,0.0
329.6865033978252,23.03574399239885,17.999999999999957,0.0,0.0,0.0
329.692072507309,23.044340350996823,17.999999999999957,0.0,0.0,0.0
329.6976430938765,23.052936079609207,17.999999999999957,0.0,0.0,0.0
329.70321515820103,23.061531177929957,17.999999999999954,0.0,0.0,0.0
329.7087887009562,23.070125645652876,17.999999999999957,0.0,0.0,0.0
329.7143637228155,23.078719482471623,17.999999999999954,0.0,0.0,0.0
329.71994022445296,23.087312688079848,17.99999999999995,0.0,0.0,0.0
329.7255182065424,23.095905262170927,17.999999999999954,0.0,0.0,0.0
329.73109766975807,23.104497204438164,17.999999999999954,0.0,0.0,0.0
329.7366786147742,23.113088514574663,17.999999999999957,0.0,0.0,0.0
329.7422610422653,23.12167919227357,17.999999999999957,0.0,0.0,0.0
329.7478449529061,23.130269237227743,17.999999999999957,0.0,0.0,0.0
329.7534303473714,23.138858649129936,17.999999999999954,0.0,0.0,0.0
329.75901722633614,23.1474474276728,17.999999999999954,0.0,0.0,0.0
329.7646055904755,23.156035572548802,17.999999999999954,0.0,0.0,0.0
329.7701954404649,23.164623083450405,17.999999999999954,0.0,0.0,0.0
329.7757867769797,23.173209960069816,17.999999999999954,0.0,0.0,0.0
329.7813796006957,23.181796202099132,17.999999999999954,0.0,0.0,0.0
329.78697391228866,23.19038180923035,17.999999999999957,0.0,0.0,0.0
329.79256971243456,23.19896678115525,17.999999999999957,0.0,0.0,0.0
329.7981670018096,23.207551117565657,17.999999999999957,0.0,0.0,0.0
329.8037657810902,23.2161348181531,17.99999999999996,0.0,0.0,0.0
329.80936605095275,23.224717882609045,17.99999999999996,0.0,0.0,0.0
329.814967812074,23.233300310624728,17.999999999999957,0.0,0.0,0.0
329.8205710651308,23.241882101891452,17.99999999999996,0.0,0.0,0.0
329.82617581080024,23.250463256100208,17.999999999999957,0.0,0.0,0.0
329.83178204975934,23.25904377294191,17.999999999999957,0.0,0.0,0.0
329.8373897826856,23.267623652107346,17.99999999999996,0.0,0.0,0.0
329.8429990102564,23.27620289328711,17.99999999999996,0.0,0.0,0.0
329.8486097331496,23.284781496171817,17.999999999999957,0.0,0.0,0.0
329.8542219520431,23.293359460451793,17.999999999999957,0.0,0.0,0.0
329.8598356676147,23.301936785817286,17.999999999999957,0.0,0.0,0.0
329.86545088054277,23.310513471958398,17.999999999999957,0.0,0.0,0.0
329.87106759150566,23.31908951856507,17.99999999999996,0.0,0.0,0.0
329.87668580118196,23.327664925327234,17.999999999999957,0.0,0.0,0.0
329.8823055102504,23.33623969193454,17.99999999999996,0.0,0.0,0.0
329.8879267193897,23.344813818076567,17.999999999999957,0.0,0.0,0.0
329.89354942927906,23.353387303442698,17.999999999999957,0.0,0.0,0.0
329.8991736405978,23.36196014772233,17.999999999999957,0.0,0.0,0.0
329.90479935402504,23.370532350604574,17.99999999999996,0.0,0.0,0.0
329.91042657024065,23.37910391177847,17.999999999999957,0.0,0.0,0.0
329.91605528992415,23.387674830932898,17.999999999999957,0.0,0.0,0.0
329.9216855137555,23.396245107756574,17.999999999999957,0.0,0.0,0.0
329.92731724241486,23.404814741938203,17.999999999999957,0.0,0.0,0.0
329.93295047658245,23.413383733166242,17.999999999999957,0.0,0.0,0.0
329.9385852169387,23.42195208112902,17.999999999999957,0.0,0.0,0.0
329.9442214641642,23.43051978551475,17.999999999999957,0.0,0.0,0.0
329.9498592189396,23.439086846011453,17.99999999999996,0.0,0.0,0.0
329.955498481946,23.44765326230717,17.999999999999964,0.0,0.0,0.0
329.9611392538645,23.456219034089656,17.99999999999996,0.0,0.0,0.0
329.96678153537624,23.464784161046556,17.999999999999957,0.0,0.0,0.0
329.97242532716285,23.47334864286536,17.99999999999996,0.0,0.0,0.0
329.9780706299058,23.481912479233543,17.99999999999996,0.0,0.0,0.0
329.983717444287,23.49047566983831,17.99999999999996,0.0,0.0,0.0
329.98936577098834,23.499038214366774,17.999999999999957,0.0,0.0,0.0
329.995015610692,23.507600112505894,17.99999999999996,0.0,0.0,0.0
330.00066696408027,23.516161363942473,17.99999999999996,0.0,0.0,0.0
330.00631983183564,23.524721968363302,17.99999999999996,0.0,0.0,0.0
330.0119742146408,23.53328192545487,17.99999999999996,0.0,0.0,0.0
330.0176301131786,23.541841234903618,17.999999999999964,0.0,0.0,0.0
330.02328752813196,23.55039989639581,17.999999999999964,0.0,0.0,0.0
330.028946460184,23.558957909617547,17.99999999999996,0.0,0.0,0.0
330.0346069100182,23.567515274254923,17.99999999999996,0.0,0.0,0.0
330.0402688783181,23.576071989993753,17.99999999999996,0.0,0.0,0.0
330.0459323657672,23.58462805651977,17.99999999999996,0.0,0.0,0.0
330.05159737304956,23.593183473518483,17.99999999999996,0.0,0.0,0.0
330.05726390084914,23.601738240675452,17.99999999999996,0.0,0.0,0.0
330.0629319498501,23.610292357675927,17.99999999999996,0.0,0.0,0.0
330.0686015207369,23.618845824205067,17.99999999999996,0.0,0.0,0.0
330.07427261419406,23.62739863994789,17.999999999999964,0.0,0.0,0.0
330.0799452309062,23.635950804589243,17.99999999999996,0.0,0.0,0.0
330.0856193715585,23.644502317813956,17.999999999999964,0.0,0.0,0.0
330.0912950368358,23.65305317930657,17.999999999999964,0.0,0.0,0.0
330.09697222742346,23.661603388751566,17.999999999999964,0.0,0.0,0.0
330.1026509440068,23.670152945833248,17.999999999999964,0.0,0.0,0.0
330.10833118727146,23.678701850235747,17.999999999999964,0.0,0.0,0.0
330.11401295790336,23.6872501016432,17.999999999999964,0.0,0.0,0.0
330.1196962565882,23.69579769973944,17.999999999999968,0.0,0.0,0.0
330.12538108401225,23.704344644208238,17.999999999999968,0.0,0.0,0.0
330.1310674408617,23.71289093473314,17.999999999999964,0.0,0.0,0.0
330.1367553278231,23.721436570997717,17.999999999999964,0.0,0.0,0.0
330.1424447455831,23.729981552685246,17.999999999999964,0.0,0.0,0.0
330.1481356948285,23.73852587947891,17.999999999999964,0.0,0.0,0.0
330.15382817624624,23.74706955106175,17.999999999999964,0.0,0.0,0.0
330.1595221905235,23.75561256711662,17.999999999999964,0.0,0.0,0.0
330.1652177383476,23.764154927326373,17.999999999999964,0.0,0.0,0.0
330.17091482040615,23.772696631373556,17.999999999999964,0.0,0.0,0.0
330.1766134373867,23.781237678940656,17.999999999999968,0.0,0.0,0.0
330.1823135899772,23.789778069709957,17.999999999999964,0.0,0.0,0.0
330.18801527886563,23.79831780336371,17.999999999999968,0.0,0.0,0.0
330.1937185047403,23.806856879583933,17.999999999999964,0.0,0.0,0.0
330.1994232682895,23.81539529805251,17.999999999999964,0.0,0.0,0.0
330.2051295702018,23.823933058451185,17.999999999999964,0.0,0.0,0.0
330.2108374111659,23.832470160461533,17.999999999999968,0.0,0.0,0.0
330.2165467918708,23.841006603765106,17.999999999999968,0.0,0.0,0.0
330.22225771300566,23.849542388043172,17.999999999999968,0.0,0.0,0.0
330.22797017525954,23.858077512976905,17.999999999999968,0.0,0.0,0.0
330.233684179322,23.866611978247334,17.999999999999964,0.0,0.0,0.0
330.23939972588255,23.875145783535295,17.999999999999968,0.0,0.0,0.0
330.2451168156311,23.88367892852163,17.999999999999964,0.0,0.0,0.0
330.2508354492576,23.89221141288687,17.999999999999964,0.0,0.0,0.0
330.2565556274521,23.900743236311477,17.999999999999964,0.0,0.0,0.0
330.262277350905,23.9092743984757,17.999999999999968,0.0,0.0,0.0
330.26800062030674,23.917804899059792,17.99999999999997,0.0,0.0,0.0
330.273725436348,23.92633473774371,17.99999999999997,0.0,0.0,0.0
330.27945179971965,23.934863914207337,17.99999999999997,0.0,0.0,0.0
330.2851797111127,23.943392428130373,17.99999999999997,0.0,0.0,0.0
330.2909091712183,23.95192027919235,17.999999999999968,0.0,0.0,0.0
330.2966401807279,23.9604474670728,17.99999999999997,0.0,0.0,0.0
330.30237274033294,23.96897399145094,17.999999999999968,0.0,0.0,0.0
330.30810685072527,23.977499852005913,17.999999999999964,0.0,0.0,0.0
330.31384251259675,23.986025048416693,17.99999999999997,0.0,0.0,0.0
330.3195797266394,23.99454958036208,17.99999999999997,0.0,0.0,0.0
330.3253184935455,24.003073447520865,17.99999999999997,0.0,0.0,0.0
330.3310588140076,24.011596649571533,17.999999999999968,0.0,0.0,0.0
330.3368006887181,24.020119186192474,17.999999999999968,0.0,0.0,0.0
330.34254411837,24.028641057061915,17.99999999999997,0.0,0.0,0.0
330.34828910365604,24.03716226185803,17.999999999999968,0.0,0.0,0.0
330.3540356452695,24.045682800258728,17.999999999999968,0.0,0.0,0.0
330.35978374390373,24.054202671941816,17.99999999999997,0.0,0.0,0.0
330.36553340025216,24.06272187658495,17.99999999999997,0.0,0.0,0.0
330.37128461500845,24.071240413865585,17.999999999999968,0.0,0.0,0.0
330.3770373888665,24.07975828346118,17.999999999999968,0.0,0.0,0.0
330.38279172252027,24.08827548504889,17.99999999999997,0.0,0.0,0.0
330.38854761666397,24.096792018305788,17.99999999999997,0.0,0.0,0.0
330.3943050719921,24.105307882908768,17.99999999999997,0.0,0.0,0.0
330.400064089199,24.113823078534548,17.999999999999968,0.0,0.0,0.0
330.4058246689797,24.122337604859855,17.99999999999997,0.0,0.0,0.0
330.4115868120289,24.130851461561083,17.999999999999968,0.0,0.0,0.0
330.4173505190417,24.139364648314544,17.99999999999997,0.0,0.0,0.0
330.4231157907134,24.147877164796366,17.99999999999997,0.0,0.0,0.0
330.42888262773954,24.156389010682645,17.999999999999968,0.0,0.0,0.0
330.43465103081564,24.164900185649202,17.99999999999997,0.0,0.0,0.0
330.44042100063757,24.173410689371746,17.99999999999997,0.0,0.0,0.0
330.44619253790125,24.181920521525836,17.99999999999997,0.0,0.0,0.0
330.45196564330286,24.190429681786846,17.99999999999997,0.0,0.0,0.0
330.4577403175388,24.19893816983011,17.99999999999997,0.0,0.0,0.0
330.4635165613056,24.207445985330704,17.99999999999997,0.0,0.0,0.0
330.4692943752998,24.215953127963576,17.99999999999997,0.0,0.0,0.0
330.47507376021844,24.224459597403538,17.999999999999975,0.0,0.0,0.0
330.48085471675853,24.23296539332519,17.999999999999975,0.0,0.0,0.0
330.48663724561726,24.241470515403133,17.99999999999997,0.0,0.0,0.0
330.4924213474921,24.249974963311665,17.99999999999997,0.0,0.0,0.0
330.4982070230807,24.258478736724978,17.99999999999997,0.0,0.0,0.0
330.5039942730806,24.26698183531709,17.99999999999997,0.0,0.0,0.0
330.50978309819004,24.27548425876196,17.99999999999998,0.0,0.0,0.0
330.5155734991069,24.283986006733304,17.99999999999997,0.0,0.0,0.0
330.5213654765297,24.292487078904703,17.99999999999997,0.0,0.0,0.0
330.5271590311568,24.30098747494958,17.999999999999975,0.0,0.0,0.0
330.5329541636869,24.30948719454118,17.999999999999975,0.0,0.0,0.0
330.53875087481885,24.317986237352727,17.99999999999997,0.0,0.0,0.0
330.5445491652517,24.32648460305715,17.99999999999997,0.0,0.0,0.0
330.5503490356846,24.334982291327247,17.99999999999997,0.0,0.0,0.0
330.556150486817,24.343479301835714,17.99999999999997,0.0,0.0,0.0
330.56195351934844,24.351975634255002,17.99999999999997,0.0,0.0,0.0
330.56775813397866,24.360471288257568,17.99999999999997,0.0,0.0,0.0
330.57356433140757,24.36896626351557,17.999999999999975,0.0,0.0,0.0
330.5793721123353,24.377460559701053,17.99999999999997,0.0,0.0,0.0
330.58518147746213,24.385954176485875,17.999999999999975,0.0,0.0,0.0
330.5909924274886,24.394447113541865,17.999999999999975,0.0,0.0,0.0
330.59680496311523,24.40293937054056,17.999999999999975,0.0,0.0,0.0
330.60261908504293,24.4114309471534,17.99999999999998,0.0,0.0,0.0
330.6084347939727,24.419921843051654,17.99999999999998,0.0,0.0,0.0
330.61425209060565,24.4284120579064,17.999999999999975,0.0,0.0,0.0
330.62007097564333,24.436901591388683,17.999999999999975,0.0,0.0,0.0
330.6258914497871,24.44539044316928,17.99999999999998,0.0,0.0,0.0
330.63171351373876,24.453878612918853,17.99999999999998,0.0,0.0,0.0
330.63753716820025,24.46236610030787,17.999999999999975,0.0,0.0,0.0
330.6433624138736,24.470852905006648,17.999999999999975,0.0,0.0,0.0
330.64918925146117,24.479339026685462,17.999999999999975,0.0,0.0,0.0
330.6550176816654,24.487824465014288,17.99999999999998,0.0,0.0,0.0
330.6608477051888,24.496309219663,17.999999999999982,0.0,0.0,0.0
330.6666793227343,24.504793290301265,17.999999999999975,0.0,0.0,0.0
330.6725125350049,24.513276676598732,17.99999999999998,0.0,0.0,0.0
330.6783473427037,24.521759378224765,17.99999999999998,0.0,0.0,0.0
330.6841837465342,24.5302413948486,17.999999999999975,0.0,0.0,0.0
330.6900217471998,24.538722726139312,17.99999999999997,0.0,0.0,0.0
330.6958613454043,24.547203371765796,17.999999999999975,0.0,0.0,0.0
330.70170254185155,24.55568333139691,17.999999999999975,0.0,0.0,0.0
330.70754533724573,24.56416260470122,17.99999999999998,0.0,0.0,0.0
330.713389732291,24.57264119134717,17.999999999999975,0.0,0.0,0.0
330.7192357276918,24.581119091003067,17.99999999999998,0.0,0.0,0.0
330.7250833241529,24.58959630333705,17.999999999999975,0.0,0.0,0.0
330.73093252237896,24.59807282801709,17.999999999999975,0.0,0.0,0.0
330.7367833230751,24.606548664711013,17.999999999999975,0.0,0.0,0.0
330.7426357269464,24.615023813086466,17.99999999999998,0.0,0.0,0.0
330.7484897346983,24.62349827281097,17.999999999999975,0.0,0.0,0.0
330.7543453470363,24.63197204355186,17.99999999999997,0.0,0.0,0.0
330.7602025646661,24.64044512497631,17.99999999999998,0.0,0.0,0.0
330.7660613882936,24.64891751675135,17.99999999999998,0.0,0.0,0.0
330.77192181862495,24.657389218543834,17.99999999999998,0.0,0.0,0.0
330.7777838563664,24.665860230020485,17.999999999999975,0.0,0.0,0.0
330.78364750222437,24.674330550847824,17.999999999999975,0.0,0.0,0.0
330.7895127569055,24.682800180692247,17.99999999999998,0.0,0.0,0.0
330.79537962111664,24.691269119219964,17.99999999999998,0.0,0.0,0.0
330.80124809556474,24.699737366097047,17.999999999999975,0.0,0.0,0.0
330.8071181809571,24.708204920989388,17.999999999999975,0.0,0.0,0.0
330.81298987800096,24.716671783562738,17.99999999999998,0.0,0.0,0.0
330.8188631874039,24.725137953482665,17.999999999999975,0.0,0.0,0.0
330.8247381098737,24.733603430414586,17.99999999999998,0.0,0.0,0.0
330.8306146461182,24.742068214023764,17.999999999999975,0.0,0.0,0.0
330.83649279684556,24.750532303975287,17.999999999999975,0.0,0.0,0.0
330.842372562764,24.75899569993409,17.999999999999975,0.0,0.0,0.0
330.8482539445821,24.76745840156493,17.999999999999975,0.0,0.0,0.0
330.8541369430084,24.775920408532436,17.99999999999998,0.0,0.0,0.0
330.8600215587518,24.784381720501045,17.99999999999998,0.0,0.0,0.0
330.8659077925212,24.792842337135035,17.999999999999975,0.0,0.0,0.0
330.87179564502594,24.801302258098524,17.999999999999975,0.0,0.0,0.0
330.8776851169754,24.809761483055475,17.999999999999975,0.0,0.0,0.0
330.88357620907897,24.81822001166969,17.99999999999998,0.0,0.0,0.0
330.88946892204655,24.826677843604788,17.99999999999997,0.0,0.0,0.0
330.895363256588,24.835134978524245,17.99999999999997,0.0,0.0,0.0
330.90125921341354,24.843591416091364,17.99999999999998,0.0,0.0,0.0
330.90715679323336,24.852047155969274,17.99999999999998,0.0,0.0,0.0
330.913055996758,24.860502197820967,17.999999999999975,0.0,0.0,0.0
330.9189568246981,24.86895654130926,17.999999999999982,0.0,0.0,0.0
330.92485927776454,24.877410186096782,17.99999999999998,0.0,0.0,0.0
330.93076335666836,24.885863131846033,17.999999999999982,0.0,0.0,0.0
330.93666906212076,24.89431537821933,17.99999999999998,0.0,0.0,0.0
330.9425763948331,24.902766924878826,17.99999999999998,0.0,0.0,0.0
330.9484853555171,24.91121777148652,17.999999999999982,0.0,0.0,0.0
330.9543959448844,24.919667917704224,17.99999999999998,0.0,0.0,0.0
330.960308163647,24.92811736319361,17.999999999999975,0.0,0.0,0.0
330.9662220125171,24.936566107616166,17.99999999999998,0.0,0.0,0.0
