galstreams/tracks/track.st.M5.ibata2021.ecsv
# %ECSV 0.9
# ---
# datatype:
# - {name: ra, unit: deg, datatype: float64}
# - {name: dec, unit: deg, datatype: float64}
# - {name: distance, unit: kpc, datatype: float64}
# - {name: pm_ra_cosdec, unit: mas / yr, datatype: float64}
# - {name: pm_dec, unit: mas / yr, datatype: float64}
# - {name: radial_velocity, unit: km / s, datatype: float64}
# delimiter: ','
# meta: !!omap
# - __serialized_columns__:
#     dec:
#       __class__: astropy.coordinates.angles.Latitude
#       unit: &id001 !astropy.units.Unit {unit: deg}
#       value: !astropy.table.SerializedColumn {name: dec}
#     distance:
#       __class__: astropy.coordinates.distances.Distance
#       unit: !astropy.units.Unit {unit: kpc}
#       value: !astropy.table.SerializedColumn {name: distance}
#     pm_dec:
#       __class__: astropy.units.quantity.Quantity
#       unit: !astropy.units.Unit {unit: mas / yr}
#       value: !astropy.table.SerializedColumn {name: pm_dec}
#     pm_ra_cosdec:
#       __class__: astropy.units.quantity.Quantity
#       unit: !astropy.units.Unit {unit: mas / yr}
#       value: !astropy.table.SerializedColumn {name: pm_ra_cosdec}
#     ra:
#       __class__: astropy.coordinates.angles.Longitude
#       unit: *id001
#       value: !astropy.table.SerializedColumn {name: ra}
#       wrap_angle: !astropy.coordinates.Angle
#         unit: *id001
#         value: 360.0
#     radial_velocity:
#       __class__: astropy.units.quantity.Quantity
#       unit: !astropy.units.Unit {unit: km / s}
#       value: !astropy.table.SerializedColumn {name: radial_velocity}
# schema: astropy-2.0
ra,dec,distance,pm_ra_cosdec,pm_dec,radial_velocity
[from data line 276]
198.64716179546542,16.7848369225117,7.043927735356885,2.9966553302318415,-8.604199621903543,-8.420767129872338e-14
198.65719635837903,16.781770082376433,7.044476141854258,2.9968956231998867,-8.605479545371635,-1.0104920555846805e-13
198.66722906792415,16.778698693194205,7.045034856587245,2.9971413178514106,-8.606747937272823,-1.0104920555846805e-13
198.677259930965,16.775622774989195,7.045603829286235,2.997392348531427,-8.60800484067302,-8.420767129872338e-14
198.68728895436993,16.772542347784043,7.046183009681606,2.997648649574783,-8.609250298624179,-1.0104920555846805e-13
198.6973161450117,16.76945743159991,7.046772347503739,2.9979101553061636,-8.610484354164283,-1.0104920555846805e-13
198.70734150976736,16.766368046456396,7.0473717924830135,2.9981768000400932,-8.611707050317367,-1.0104920555846805e-13
198.7173650555181,16.76327421237165,7.047981294349813,2.9984485180809775,-8.612918430093515,-1.1789073981821273e-13
198.72738678914934,16.760175949362292,7.048600802834517,2.9987252437231042,-8.614118536488904,-6.73661370389787e-14
198.73740671755075,16.75707327744349,7.0492302676675065,2.9990069112506648,-8.615307412485777,-1.347322740779574e-13
198.74742484761646,16.75396621662881,7.049869638579163,2.9992934549377543,-8.616485101052497,-1.0104920555846805e-13
198.75744118624448,16.750854786930415,7.0505188652998685,2.999584809048411,-8.617651645143528,-1.0104920555846805e-13
198.76745574033728,16.747739008358913,7.051177897560001,2.999880907836612,-8.618807087699466,-8.420767129872338e-14
198.77746851680143,16.74461890092347,7.051846685089943,3.0001816855463006,-8.619951471647038,-1.0104920555846805e-13
198.7874795225478,16.74149448463166,7.052525177620074,3.000487076411389,-8.621084839899133,-1.0104920555846805e-13
198.79748876449145,16.738365779489634,7.053213324880778,3.0007970146557845,-8.6222072353548,-6.73661370389787e-14
198.80749624955152,16.735232805502044,7.053911076602437,3.0011114344934064,-8.623318700899254,-6.73661370389787e-14
198.81750198465147,16.73209558267201,7.054618382515426,3.0014302701281896,-8.624419279403925,-1.0104920555846805e-13
198.82750597671887,16.72895413100121,7.055335192350129,3.0017534557541135,-8.625509013726418,-1.0104920555846805e-13
198.83750823268556,16.72580847048974,7.056061455836929,3.0020809255551932,-8.626587946710568,-1.1789073981821273e-13
198.84750875948748,16.72265862113628,7.056797122706206,3.00241261370553,-8.627656121186432,-5.0524602779234026e-14
198.85750756406478,16.719504602938,7.0575421426883365,3.002748454369297,-8.628713579970313,-8.420767129872338e-14
198.86750465336164,16.716346435890582,7.058296465513707,3.0030883817007674,-8.629760365864753,-1.347322740779574e-13
198.87750003432663,16.71318413998816,7.059060040912698,3.00343232984432,-8.63079652165857,-1.0104920555846805e-13
198.88749371391233,16.710017735223452,7.05983281861569,3.0037802329344694,-8.631822090126855,-1.0104920555846805e-13
198.89748569907547,16.706847241587656,7.060614748353059,3.0041320250958656,-8.632837114030991,-8.420767129872338e-14
198.90747599677687,16.703672679070493,7.061405779855192,3.004487640443319,-8.633841636118653,-1.0104920555846805e-13
198.91746461398165,16.70049406766014,7.062205862852468,3.0048470130818083,-8.63483569912384,-6.73661370389787e-14
198.9274515576589,16.697311427343372,7.063014947075266,3.0052100771064945,-8.63581934576687,-6.73661370389787e-14
198.93743683478186,16.6941247781054,7.063832982253973,3.0055767666027458,-8.636792618754397,-1.1789073981821273e-13
198.947420452328,16.69093413993001,7.06465991811896,3.005947015646144,-8.637755560779436,-8.420767129872338e-14
198.95740241727864,16.68773953279948,7.065495704400618,3.0063207583024933,-8.638708214521339,-1.0104920555846805e-13
198.96738273661956,16.684540976694564,7.066340290829323,3.00669792862785,-8.639650622645863,-1.0104920555846805e-13
198.97736141734038,16.681338491594584,7.067193627135454,3.007078460668525,-8.640582827805126,-8.420767129872338e-14
198.9873384664349,16.678132097477366,7.068055663049397,3.007462288461101,-8.641504872637656,-1.0104920555846805e-13
198.99731389090093,16.67492181431926,7.068926348301529,3.0078493460324593,-8.64241679976838,-8.420767129872338e-14
199.00728769774054,16.671707662095084,7.0698056326222325,3.0082395673997615,-8.643318651808661,-6.73661370389787e-14
199.0172598939597,16.66848966077823,7.070693465741892,3.0086328865705037,-8.644210471356272,-6.73661370389787e-14
199.02723048656853,16.6652678303406,7.071589797390879,3.0090292375425074,-8.645092300995456,-1.1789073981821273e-13
199.03719948258117,16.662042190752622,7.072494577299584,3.009428554303936,-8.645964183296888,-8.420767129872338e-14
199.0471668890159,16.658812761983185,7.073407755198384,3.009830770833312,-8.646826160817723,-8.420767129872338e-14
199.057132712895,16.655579563999773,7.07432928081766,3.0102358210995304,-8.647678276101594,-8.420767129872338e-14
199.06709696124477,16.65234261676836,7.0752591038877926,3.0106436390618794,-8.648520571678626,-6.73661370389787e-14
199.07705964109556,16.649101940253477,7.076197174139162,3.0110541586700474,-8.649353090065436,-5.0524602779234026e-14
199.08702075948185,16.6458575544181,7.077143441302152,3.0114673138641295,-8.650175873765164,-1.0104920555846805e-13
199.0969803234421,16.642609479223797,7.078097855107144,3.011883038574654,-8.65098896526747,-6.73661370389787e-14
199.10693834001873,16.639357734630646,7.079060365284513,3.0123012667225977,-8.651792407048552,-6.73661370389787e-14
199.11689481625822,16.636102340597247,7.080030921564647,3.0127219322193906,-8.652586241571148,-1.0104920555846805e-13
199.1268497592111,16.63284331708075,7.081009473677921,3.013144968966941,-8.653370511284566,-8.420767129872338e-14
199.1368031759319,16.629580684036764,7.081995971354723,3.013570310857622,-8.654145258624672,-1.0104920555846805e-13
199.14675507347917,16.6263144614195,7.0829903643254255,3.013997891774327,-8.654910526013921,-1.1789073981821273e-13
199.15670545891538,16.623044669181652,7.083992602320416,3.01442764559046,-8.655666355861355,-8.420767129872338e-14
199.16665433930706,16.619771327274492,7.085002635070072,3.014859506169937,-8.656412790562614,-1.0104920555846805e-13
199.17660172172472,16.616494455647747,7.086020412304776,3.0152934073672277,-8.657149872499968,-1.0104920555846805e-13
199.18654761324288,16.613214074249736,7.087045883754908,3.015729283027348,-8.657877644042285,-1.1789073981821273e-13
199.19649202093998,16.609930203027297,7.0880789991508495,3.016167066985887,-8.658596147545097,-6.73661370389787e-14
199.20643495189842,16.606642861925803,7.0891197082229835,3.0166066930690123,-8.659305425350558,-8.420767129872338e-14
199.21637641320467,16.603352070889123,7.090167960701685,3.0170480950934833,-8.660005519787497,-1.0104920555846805e-13
199.2263164119491,16.600057849859702,7.091223706317343,3.0174912068666675,-8.660696473171397,-1.0104920555846805e-13
199.23625495522603,16.5967602187785,7.092286894800331,3.0179359621865642,-8.66137832780443,-1.0104920555846805e-13
199.24619205013371,16.59345919758502,7.093357475881036,3.018382294841792,-8.662051125975447,-1.1789073981821273e-13
199.25612770377433,16.59015480621731,7.094435399289836,3.0188301386116336,-8.662714909960005,-6.73661370389787e-14
199.26606192325417,16.58684706461191,7.0955206147571115,3.019279427266018,-8.663369722020374,-6.73661370389787e-14
199.27599471568325,16.58353599270394,7.096613072013242,3.0197300945655616,-8.664015604405535,-8.420767129872338e-14
199.28592608817564,16.58022161042705,7.097712720788613,3.0201820742615624,-8.664652599351207,-8.420767129872338e-14
199.2958560478492,16.57690393771344,7.098819510813603,3.020635300096023,-8.66528074907985,-1.0104920555846805e-13
199.30578460182596,16.573582994493794,7.099933391818592,3.0210897058016597,-8.665900095800673,-1.0104920555846805e-13
199.31571175723167,16.57025880069739,7.101054313533963,3.021545225101914,-8.66651068170965,-6.73661370389787e-14
199.325637521196,16.56693137625204,7.102182225690095,3.022001791710975,-8.667112548989527,-1.1789073981821273e-13
199.3355619008525,16.563600741084084,7.103317078017368,3.022459339333782,-8.667705739809831,-1.1789073981821273e-13
199.34548490333881,16.560266915118387,7.104458820246166,3.022917801666038,-8.668290296326878,-8.420767129872338e-14
199.3554065357963,16.55692991827839,7.105607402106871,3.023377112394229,-8.668866260683801,-8.420767129872338e-14
199.36532680537024,16.55358977048606,7.10676277332986,3.0238372051956426,-8.669433675010533,-1.1789073981821273e-13
199.37524571920977,16.55024649166192,7.1079248836455164,3.0242980137383557,-8.66999258142383,-1.0104920555846805e-13
199.38516328446804,16.546900101725008,7.109093682784219,3.0247594716812762,-8.670543022027289,-1.1789073981821273e-13
199.39507950830196,16.54355062059293,7.110269120476351,3.0252215126741415,-8.67108503891135,-8.420767129872338e-14
199.40499439787234,16.540198068181837,7.1114511464522945,3.02568407035753,-8.671618674153294,-1.0104920555846805e-13
199.41490796034384,16.53684246440642,7.112639710442425,3.026147078362885,-8.672143969817277,-8.420767129872338e-14
199.42482020288492,16.533483829179946,7.113834762177128,3.0266104703125114,-8.672660967954323,-1.0104920555846805e-13
199.43473113266813,16.530122182414154,7.115036251386784,3.027074179819596,-8.673169710602341,-8.420767129872338e-14
199.44464075686957,16.526757544019404,7.116244127801773,3.0275381404882307,-8.67367023978613,-1.0104920555846805e-13
199.45454908266944,16.52338993390457,7.117458341152475,3.028002285913409,-8.674162597517391,-1.0104920555846805e-13
199.46445611725153,16.52001937197713,7.118678841169273,3.0284665496810477,-8.674646825794733,-1.0104920555846805e-13
199.4743618678037,16.516645878143,7.119905577582547,3.0289308653679905,-8.675122966603691,-1.0104920555846805e-13
199.48426634151755,16.513269472306757,7.121138500122679,3.029395166542032,-8.675591061916736,-6.73661370389787e-14
199.49416954558845,16.50989017437147,7.122377558520048,3.0298593867619235,-8.676051153693264,-8.420767129872338e-14
199.50407148721564,16.5065080042388,7.1236227025050365,3.030323459577391,-8.676503283879633,-6.73661370389787e-14
199.51397217360224,16.503122981808907,7.124873881808025,3.030787318529133,-8.676947494409148,-6.73661370389787e-14
199.5238716119551,16.499735126980543,7.126131046159394,3.031250897148851,-8.6773838272021,-8.420767129872338e-14
199.5337698094848,16.496344459651013,7.127394145289527,3.031714128959254,-8.677812324165735,-8.420767129872338e-14
199.54366677340596,16.49295099971616,7.128663128928799,3.032176947474067,-8.678233027194317,-6.73661370389787e-14
199.5535625109367,16.489554767070423,7.1299379468075985,3.032639286198049,-8.678645978169067,-1.0104920555846805e-13
199.5634570292993,16.486155781606712,7.131218548656299,3.0331010786270043,-8.679051218958243,-8.420767129872338e-14
199.57335033571945,16.482754063216575,7.132504884205288,3.0335622582477884,-8.679448791417101,-8.420767129872338e-14
199.58324243742686,16.479349631790086,7.133796903184942,3.034022758538329,-8.67983873738793,-6.73661370389787e-14
199.5931333416549,16.4759425072159,7.1350945553256455,3.0344825129676365,-8.680221098700034,-6.73661370389787e-14
199.60302305564085,16.472532709381163,7.136397790357775,3.0349414549958063,-8.680595917169786,-8.420767129872338e-14
199.61291158662564,16.46912025817165,7.137706558011716,3.0353995180740445,-8.680963234600583,-8.420767129872338e-14
199.622798941854,16.465705173471676,7.139020808017847,3.0358566356446706,-8.681323092782899,-8.420767129872338e-14
199.63268512857434,16.46228747516412,7.140340490106548,3.0363127411411344,-8.68167553349426,-1.0104920555846805e-13
199.64257015403908,16.458867183130387,7.141665554008203,3.036767767988019,-8.682020598499285,-6.73661370389787e-14
199.6524540255041,16.455444317250482,7.142995949453191,3.03722164960107,-8.682358329549668,-8.420767129872338e-14
199.66233675022917,16.452018897402954,7.144331626171893,3.0376743193871856,-8.682688768384203,-1.1789073981821273e-13
199.6722183354778,16.44859094346495,7.14567253389469,3.0381257107444513,-8.683011956728784,-5.0524602779234026e-14
199.6820987885172,16.445160475312104,7.14701862235196,3.038575757062128,-8.68332793629642,-1.0104920555846805e-13
199.69197811661837,16.441727512818684,7.148369841274092,3.039024391720679,-8.683636748787226,-8.420767129872338e-14
199.701856327056,16.438292075857493,7.149726140391461,3.0394715480917824,-8.683938435888464,-6.73661370389787e-14
199.71173342710844,16.43485418429991,7.151087469434448,3.0399171595383314,-8.684233039274527,-5.0524602779234026e-14
199.72160942405782,16.431413858015894,7.152453778133435,3.040361159414466,-8.684520600606952,-1.0104920555846805e-13
199.7314843251901,16.427971116873902,7.153825016218803,3.0408034810655464,-8.684801161534427,-6.73661370389787e-14
199.7413581377948,16.424525980741045,7.155201133420934,3.0412440578282114,-8.685074763692807,-6.73661370389787e-14
199.7512308691652,16.421078469482943,7.156582079470206,3.0416828230303588,-8.685341448705115,-8.420767129872338e-14
199.76110252659817,16.417628602963823,7.157967804097002,3.042119709991172,-8.685601258181551,-5.0524602779234026e-14
199.7709731173945,16.41417640104644,7.159358257031704,3.042554652021113,-8.685854233719507,-1.1789073981821273e-13
199.7808426488586,16.410721883592142,7.160753388004689,3.042987582421953,-8.68610041690357,-8.420767129872338e-14
199.7907111282984,16.40726507046085,7.162153146746341,3.043418434486781,-8.68633984930552,-8.420767129872338e-14
199.80057856302565,16.403805981511056,7.163557482987044,3.0438471415000024,-8.686572572484362,-8.420767129872338e-14
199.81044496035588,16.4003446365998,7.164966346457173,3.0442736367373584,-8.686798627986308,-8.420767129872338e-14
199.82031032760815,16.396881055582714,7.166379686887112,3.044697853465941,-8.687018057344808,-1.0104920555846805e-13
199.83017467210524,16.393415258314,7.167797454007242,3.0451197249441977,-8.68723090208054,-5.0524602779234026e-14
199.84003800117347,16.38994726464646,7.169219597547941,3.045539184421953,-8.68743720370143,-8.420767129872338e-14
199.84990032214316,16.386477094431378,7.170646067239593,3.0459561651403906,-8.687637003702648,-6.73661370389787e-14
199.85976164234796,16.38300476751871,7.1720768128125805,3.046370600332108,-8.687830343566626,-5.0524602779234026e-14
199.8696219691253,16.379530303756955,7.173511783997279,3.0467824232210936,-8.688017264763062,-6.73661370389787e-14
199.87948130981624,16.37605372299317,7.1749509305240755,3.047191567022747,-8.68819780874893,-5.0524602779234026e-14
199.88933967176553,16.37257504507301,7.176394202123346,3.047597964943897,-8.688372016968488,-1.515738083377021e-13
199.89919706232155,16.369094289840678,7.177841548525475,3.0480015501828026,-8.68853993085327,-8.420767129872338e-14
199.9090534888363,16.365611477138984,7.179292919460841,3.04840225592917,-8.688701591822126,-1.0104920555846805e-13
199.9189089586654,16.3621266268093,7.180748264659828,3.0488000153641632,-8.688857041281194,-1.0104920555846805e-13
199.92876347916817,16.35863975869157,7.182207533852812,3.04919476166041,-8.689006320623934,-5.0524602779234026e-14
199.93861705770746,16.355150892624344,7.183670676770179,3.0495864279820157,-8.689149471231117,-1.1789073981821273e-13
199.94846970164983,16.35166004844471,7.185137643142307,3.049974947484573,-8.689286534470847,-6.73661370389787e-14
199.95832141836544,16.34816724598837,7.1866083826995775,3.0503602533151803,-8.68941755169856,-8.420767129872338e-14
199.96817221522798,16.344672505089587,7.188082845172371,3.0507422786124367,-8.689542564257032,-6.73661370389787e-14
199.9780220996149,16.341175845581212,7.189560980291071,3.051120956506465,-8.689661613476387,-5.0524602779234026e-14
199.98787107890712,16.33767728729469,7.191042737786056,3.0514962201189175,-8.689774740674107,-1.0104920555846805e-13
199.99771916048928,16.334176850060004,7.192528067387706,3.0518680025629874,-8.689881987155031,-5.0524602779234026e-14
