galstreams/tracks/track.st.Hrid.ibata2024.ecsv
# %ECSV 1.0
# ---
# datatype:
# - {name: ra, unit: deg, datatype: float64}
# - {name: dec, unit: deg, datatype: float64}
# - {name: distance, unit: kpc, datatype: float64}
# - {name: pm_ra_cosdec, unit: mas / yr, datatype: float64}
# - {name: pm_dec, unit: mas / yr, datatype: float64}
# - {name: radial_velocity, unit: km / s, datatype: float64}
# delimiter: ','
# meta: !!omap
# - __serialized_columns__:
#     dec:
#       __class__: astropy.coordinates.angles.Latitude
#       unit: &id001 !astropy.units.Unit {unit: deg}
#       value: !astropy.table.SerializedColumn {name: dec}
#     distance:
#       __class__: astropy.coordinates.distances.Distance
#       unit: !astropy.units.Unit {unit: kpc}
#       value: !astropy.table.SerializedColumn {name: distance}
#     pm_dec:
#       __class__: astropy.units.quantity.Quantity
#       unit: !astropy.units.Unit {unit: mas / yr}
#       value: !astropy.table.SerializedColumn {name: pm_dec}
#     pm_ra_cosdec:
#       __class__: astropy.units.quantity.Quantity
#       unit: !astropy.units.Unit {unit: mas / yr}
#       value: !astropy.table.SerializedColumn {name: pm_ra_cosdec}
#     ra:
#       __class__: astropy.coordinates.angles.Longitude
#       unit: *id001
#       value: !astropy.table.SerializedColumn {name: ra}
#       wrap_angle: !astropy.coordinates.Angle
#         unit: *id001
#         value: 360.0
#     radial_velocity:
#       __class__: astropy.units.quantity.Quantity
#       unit: !astropy.units.Unit {unit: km / s}
#       value: !astropy.table.SerializedColumn {name: radial_velocity}
# schema: astropy-2.0
ra,dec,distance,pm_ra_cosdec,pm_dec,radial_velocity
[from data line 4834]
278.62411710259977,25.96324429759292,0.9999999999999996,-6.569420714068553,17.331267493250195,-314.52187362870416
278.62326388087416,25.95155543563429,0.9999999999999997,-6.569439758780778,17.326987448972414,-314.5822522148283
278.62241056086793,25.93986657613934,0.9999999999999997,-6.569458505742952,17.32270635222428,-314.6426204187521
278.62155714251355,25.92817771911054,0.9999999999999994,-6.569476954975574,17.318424203524557,-314.702978235414
278.6207036257435,25.91648886455038,0.9999999999999997,-6.5694951064993,17.314141003391978,-314.7633256597526
278.6198500104901,25.904800012461333,0.9999999999999997,-6.569512960334761,17.309856752345315,-314.8236626867065
278.61899629668585,25.8931111628459,0.9999999999999997,-6.569530516502715,17.3055714509033,-314.8839893112145
278.61814248426316,25.88142231570658,0.9999999999999997,-6.569547775023935,17.3012850995847,-314.944305528215
278.61728857315444,25.86973347104585,0.9999999999999997,-6.569564735919117,17.296997698908253,-315.0046113326469
278.6164345632921,25.858044628866228,0.9999999999999996,-6.569581399209222,17.292709249392672,-315.0649067194483
278.61558045460845,25.846355789170214,0.9999999999999997,-6.569597764915054,17.28841975155671,-315.1251916835582
278.6147262470359,25.83466695196031,0.9999999999999996,-6.569613833057565,17.284129205919093,-315.18546621991504
278.6138719405068,25.822978117239046,0.9999999999999997,-6.569629603657775,17.279837612998598,-315.24573032345756
278.61301753495354,25.81128928500892,0.9999999999999997,-6.569645076736617,17.275544973313913,-315.3059839891243
278.6121630303084,25.79960045527246,0.9999999999999996,-6.569660252315234,17.271251287383766,-315.3662272118538
278.61130842650374,25.7879116280322,0.9999999999999998,-6.569675130414678,17.26695655572691,-315.42645998658475
278.61045372347184,25.776222803290672,0.9999999999999998,-6.5696897110561565,17.26266077886207,-315.4866823082556
278.6095989211451,25.764533981050377,0.9999999999999994,-6.569703994260724,17.258363957307942,-315.5468941718052
278.6087440194557,25.752845161313882,0.9999999999999998,-6.569717980049768,17.25406609158326,-315.60709557217194
278.607889018336,25.741156344083713,0.9999999999999997,-6.569731668444472,17.249767182206742,-315.66728650429457
278.6070339177181,25.729467529362424,0.9999999999999997,-6.569745059466275,17.24546722969711,-315.7274669631117
278.6061787175346,25.717778717152555,0.9999999999999997,-6.569758153136359,17.241166234573058,-315.7876369435618
278.60532341771744,25.706089907456665,0.9999999999999997,-6.569770949476299,17.236864197353334,-315.8477964405835
278.604468018199,25.694401100277293,0.9999999999999997,-6.569783448507501,17.23256111855659,-315.9079454491155
278.6036125189114,25.682712295617034,0.9999999999999996,-6.569795650251432,17.228256998701593,-315.96808396409637
278.602756919787,25.671023493478422,0.9999999999999997,-6.5698075547296835,17.223951838306995,-316.0282119804647
278.6019012207579,25.65933469386402,0.9999999999999996,-6.569819161963773,17.219645637891517,-316.0883294931591
278.60104542175634,25.64764589677643,0.9999999999999996,-6.569830471975353,17.2153383979739,-316.14843649711827
278.6001895227145,25.63595710221821,0.9999999999999997,-6.569841484786119,17.21103011907278,-316.20853298728065
278.59933352356455,25.624268310191926,0.9999999999999997,-6.569852200417802,17.20672080170688,-316.26861895858474
278.5984774242386,25.61257952070019,0.9999999999999996,-6.569862618892158,17.20241044639487,-316.32869440596943
278.59762122466884,25.600890733745572,0.9999999999999996,-6.569872740230959,17.19809905365547,-316.3887593243733
278.59676492478746,25.589201949330665,0.9999999999999996,-6.569882564456028,17.19378662400736,-316.44881370873463
278.59590852452646,25.577513167458065,0.9999999999999994,-6.569892091589324,17.189473157969218,-316.5088575539925
278.595052023818,25.56582438813037,0.9999999999999998,-6.569901321652786,17.185158656059723,-316.5688908550853
278.5941954225943,25.554135611350198,0.9999999999999997,-6.569910254668324,17.180843118797576,-316.62891360695147
278.59333872078724,25.54244683712014,0.9999999999999994,-6.569918890658045,17.17652654670144,-316.68892580452973
278.5924819183291,25.530758065442807,0.9999999999999996,-6.569927229643978,17.17220894029,-316.74892744275877
278.5916250151518,25.519069296320822,0.9999999999999998,-6.569935271648189,17.1678903000819,-316.80891851657725
278.5907680111875,25.50738052975679,0.9999999999999996,-6.569943016692875,17.16357062659585,-316.8688990209235
278.58991090636823,25.49569176575336,0.9999999999999996,-6.569950464800211,17.15924992035051,-316.92886895073633
278.5890537006259,25.484003004313134,0.9999999999999998,-6.569957615992536,17.154928181864527,-316.98882830095437
278.58819639389276,25.472314245438763,0.9999999999999996,-6.569964470291961,17.150605411656592,-317.048777066516
278.58733898610063,25.46062548913287,0.9999999999999997,-6.569971027720994,17.146281610245367,-317.1087152423601
278.5864814771816,25.448936735398092,0.9999999999999998,-6.569977288301871,17.14195677814948,-317.1686428234251
278.58562386706757,25.437247984237075,0.9999999999999994,-6.569983252057112,17.137630915887623,-317.2285598046497
278.58476615569066,25.425559235652475,0.9999999999999996,-6.569988919009125,17.133304023978415,-317.28846618097236
278.5839083429827,25.413870489646932,0.9999999999999997,-6.569994289180411,17.128976102940538,-317.34836194733197
278.5830504288757,25.402181746223096,0.9999999999999994,-6.569999362593535,17.124647153292656,-317.4082470986668
278.5821924133016,25.390493005383643,0.9999999999999996,-6.570004139271099,17.120317175553367,-317.4681216299157
278.58133429619227,25.37880426713123,0.9999999999999997,-6.570008619235715,17.115986170241356,-317.5279855360171
278.5804760774798,25.36711553146852,0.9999999999999997,-6.570012802510075,17.111654137875263,-317.5878388119096
278.5796177570959,25.355426798398177,0.9999999999999994,-6.5700166891168905,17.10732107897372,-317.6476814525322
278.5787593349725,25.343738067922896,0.9999999999999997,-6.570020279078973,17.102986994055364,-317.70751345282287
278.5779008110416,25.332049340045323,0.9999999999999997,-6.570023572419101,17.098651883638816,-317.7673348077207
278.577042185235,25.32036061476817,0.9999999999999996,-6.570026569160149,17.094315748242742,-317.82714551216407
278.57618345748455,25.308671892094118,0.9999999999999997,-6.5700292693249445,17.089978588385762,-317.88694556109186
278.57532462772207,25.296983172025847,0.9999999999999997,-6.570031672936553,17.085640404586506,-317.94673494944215
278.5744656958794,25.285294454566067,0.9999999999999996,-6.5700337800179245,17.081301197363587,-318.0065136721541
278.57360666188845,25.273605739717475,0.9999999999999997,-6.57003559059198,17.07696096723566,-318.06628172416583
278.572747525681,25.261917027482767,0.9999999999999998,-6.5700371046819335,17.0726197147213,-318.12603910041645
278.57188828718876,25.250228317864636,0.9999999999999997,-6.570038322310822,17.06827744033917,-318.1857857958442
278.5710289463436,25.238539610865825,0.9999999999999997,-6.570039243501908,17.063934144607867,-318.2455218053878
278.5701695030773,25.226850906489016,0.9999999999999997,-6.570039868278247,17.059589828045986,-318.30524712398585
278.5693099573216,25.21516220473695,0.9999999999999997,-6.5700401966632,17.05524449117219,-318.36496174657685
278.56845030900826,25.203473505612344,0.9999999999999997,-6.570040228680016,17.050898134505047,-318.4246656680996
278.567590558069,25.19178480911792,0.9999999999999996,-6.570039964352063,17.046550758563175,-318.4843588834926
278.56673070443554,25.180096115256436,0.9999999999999997,-6.570039403702738,17.042202363865194,-318.5440413876944
278.56587074803963,25.16840742403058,0.9999999999999996,-6.570038546755432,17.037852950929707,-318.6037131756438
278.56501068881295,25.156718735443135,0.9999999999999997,-6.570037393533607,17.033502520275285,-318.6633742422791
278.5641505266873,25.1450300494968,0.9999999999999996,-6.570035944060766,17.029151072420525,-318.72302458253915
278.56329026159415,25.133341366194358,0.9999999999999997,-6.570034198360544,17.024798607884048,-318.7826641913626
278.5624298934653,25.121652685538557,0.9999999999999994,-6.570032156456506,17.02044512718446,-318.8422930636877
278.5615694222324,25.109964007532135,0.9999999999999998,-6.570029818372289,17.016090630840317,-318.9019111944535
278.56070884782713,25.09827533217787,0.9999999999999997,-6.570027184131579,17.011735119370236,-318.9615185785983
278.55984817018106,25.0865866594785,0.9999999999999997,-6.570024253758067,17.00737859329276,-319.02111521106076
278.55898738922576,25.07489798943682,0.9999999999999996,-6.570021027275624,17.003021053126517,-319.0807010867796
278.5581265048929,25.063209322055584,0.9999999999999996,-6.570017504708002,16.998662499390075,-319.1402762006934
278.5572655171142,25.051520657337583,0.9999999999999997,-6.570013686079053,16.99430293260201,-319.1998405477406
278.55640442582103,25.03983199528557,0.9999999999999996,-6.5700095714127915,16.989942353280885,-319.25939412286
278.55554323094503,25.028143335902346,0.9999999999999996,-6.570005160733055,16.985580761945283,-319.3189369209901
278.5546819324178,25.016454679190716,0.9999999999999996,-6.570000454063921,16.981218159113777,-319.37846893706956
278.55382053017087,25.004766025153426,0.9999999999999998,-6.569995451429401,16.976854545304935,-319.4379901660368
278.5529590241357,24.993077373793327,0.9999999999999996,-6.569990152853578,16.972489921037347,-319.49750060283077
278.5520974142439,24.981388725113177,0.9999999999999997,-6.569984558360586,16.968124286829543,-319.5570002423898
278.55123570042707,24.969700079115782,0.9999999999999997,-6.569978667974553,16.96375764320008,-319.6164890796526
278.55037388261644,24.95801143580398,0.9999999999999997,-6.569972481719807,16.959389990667546,-319.6759671095577
278.54951196074376,24.94632279518055,0.9999999999999997,-6.569965999620457,16.95502132975048,-319.7354343270439
278.5486499347403,24.93463415724833,0.9999999999999994,-6.569959221700968,16.95065166096744,-319.79489072704956
278.5477878045376,24.92294552201013,0.9999999999999996,-6.569952147985626,16.946280984836978,-319.8543363045133
278.5469255700672,24.911256889468778,0.9999999999999996,-6.5699447784987495,16.941909301877637,-319.9137710543739
278.54606323126035,24.899568259627088,0.9999999999999998,-6.569937113264885,16.937536612607943,-319.9731949715699
278.54520078804853,24.887879632487916,0.9999999999999998,-6.569929152308477,16.93316291754651,-320.03260805103986
278.5443382403633,24.876191008054093,0.9999999999999997,-6.569920895653995,16.92878821721182,-320.0920102877224
278.54347558813583,24.864502386328432,0.9999999999999997,-6.569912343326127,16.92441251212241,-320.15140167655613
278.54261283129773,24.852813767313823,0.9999999999999996,-6.569903495349349,16.920035802796857,-320.2107822124797
278.5417499697802,24.84112515101308,0.9999999999999997,-6.569894351748447,16.915658089753663,-320.2701518904317
278.5408870035146,24.82943653742907,0.9999999999999998,-6.569884912548028,16.911279373511356,-320.3295107053506
278.5400239324324,24.817747926564653,0.9999999999999994,-6.569875177772882,16.906899654588507,-320.38885865217503
278.53916075646487,24.806059318422676,0.9999999999999997,-6.56986514744778,16.902518933503593,-320.44819572584385
278.53829747554335,24.794370713006014,0.9999999999999994,-6.5698548215975165,16.898137210775168,-320.50752192129545
278.53743408959906,24.782682110317534,0.9999999999999997,-6.569844200247113,16.89375448692173,-320.5668372334684
278.53657059856334,24.77099351036011,0.9999999999999997,-6.5698332834213495,16.88937076246183,-320.6261416573015
278.53570700236753,24.75930491313661,0.9999999999999998,-6.5698220711452375,16.88498603791396,-320.6854351877332
278.5348433009429,24.747616318649943,0.9999999999999997,-6.5698105634437525,16.88060031379664,-320.7447178197021
278.5339794942206,24.735927726902965,0.9999999999999997,-6.569798760342023,16.87621359062839,-320.80398954814694
278.5331155821319,24.72423913789858,0.9999999999999997,-6.56978666186513,16.871825868927708,-320.863250368006
278.5322515646082,24.712550551639676,0.9999999999999996,-6.569774268038142,16.867437149213107,-320.9225002742183
278.53138744158053,24.700861968129153,0.9999999999999997,-6.5697615788863235,16.863047432003093,-320.9817392617222
278.5305232129802,24.68917338736992,0.9999999999999997,-6.569748594434797,16.858656717816153,-321.0409673254562
278.5296588787383,24.677484809364874,0.9999999999999996,-6.569735314709016,16.854265007170817,-321.10018446035946
278.5287944387861,24.665796234116932,0.9999999999999996,-6.569721739734144,16.849872300585552,-321.1593906613699
278.5279298930547,24.654107661628995,0.9999999999999997,-6.5697078695356375,16.845478598578854,-321.2185859234265
278.5270652414753,24.642419091904006,0.9999999999999996,-6.569693704138851,16.841083901669244,-321.2777702414678
278.5262004839791,24.630730524944866,0.9999999999999996,-6.569679243569221,16.836688210375193,-321.3369436104324
278.5253356204971,24.619041960754505,0.9999999999999996,-6.569664487852286,16.832291525215144,-321.3961060252588
278.52447065096055,24.60735339933586,0.9999999999999997,-6.56964943701354,16.82789384670766,-321.4552574808858
278.5236055753004,24.59566484069187,0.9999999999999996,-6.569634091078644,16.82349517537117,-321.5143979722519
278.5227403934479,24.583976284825468,0.9999999999999997,-6.569618450073083,16.81909551172418,-321.5735274942956
278.521875105334,24.5722877317396,0.9999999999999996,-6.569602514022694,16.814694856285143,-321.6326460419557
278.5210097108898,24.56059918143722,0.9999999999999998,-6.569586282953088,16.810293209572563,-321.69175361017057
278.5201442100464,24.548910633921256,0.9999999999999997,-6.569569756890038,16.80589057210487,-321.75085019387916
278.5192786027348,24.537222089194692,0.9999999999999997,-6.569552935859377,16.801486944400576,-321.8099357880197
278.51841288888596,24.525533547260473,0.9999999999999997,-6.569535819886951,16.7970823269781,-321.8690103875311
278.517547068431,24.513845008121564,0.9999999999999996,-6.569518408998601,16.792676720355967,-321.92807398735175
278.51668114130086,24.502156471780946,0.9999999999999997,-6.569500703220315,16.7882701250526,-321.98712658242033
278.5158151074266,24.49046793824157,0.9999999999999996,-6.569482702578018,16.78386254158644,-322.0461681676756
278.514948966739,24.47877940750643,0.9999999999999996,-6.569464407097815,16.779453970475977,-322.1051987380558
278.51408271916927,24.467090879578496,0.9999999999999997,-6.569445816805677,16.77504441223965,-322.1642182885
278.51321636464814,24.45540235446077,0.9999999999999996,-6.569426931727833,16.770633867395922,-322.2232268139463
278.51234990310667,24.443713832156227,0.9999999999999996,-6.569407751890305,16.766222336463223,-322.2822243093337
278.51148333447577,24.432025312667854,0.9999999999999997,-6.569388277319382,16.76180981996,-322.3412107696007
278.5106166586862,24.420336795998672,0.9999999999999994,-6.569368508041336,16.757396318404723,-322.4001861896858
278.5097498756691,24.408648282151663,0.9999999999999996,-6.56934844408231,16.75298183231581,-322.45915056452776
278.50888298535517,24.396959771129836,0.9999999999999997,-6.569328085468824,16.748566362211694,-322.51810388906506
278.5080159876753,24.385271262936197,0.9999999999999997,-6.569307432227147,16.744149908610822,-322.57704615823627
278.5071488825604,24.373582757573775,0.9999999999999997,-6.56928648438365,16.739732472031633,-322.63597736698017
278.50628166994125,24.361894255045595,0.9999999999999997,-6.569265241964928,16.735314052992557,-322.69489751023525
278.5054143497487,24.350205755354647,0.9999999999999996,-6.569243704997401,16.730894652011983,-322.7538065829401
278.5045469219136,24.338517258503984,0.9999999999999997,-6.569221873507635,16.72647426960839,-322.8127045800333
278.5036793863666,24.32682876449663,0.9999999999999998,-6.569199747522253,16.72205290630019,-322.8715914964538
