galstreams/tracks/track.st.Gaia-6.ibata2021.ecsv
# %ECSV 0.9
# ---
# datatype:
# - {name: ra, unit: deg, datatype: float64}
# - {name: dec, unit: deg, datatype: float64}
# - {name: distance, unit: kpc, datatype: float64}
# - {name: pm_ra_cosdec, unit: mas / yr, datatype: float64}
# - {name: pm_dec, unit: mas / yr, datatype: float64}
# - {name: radial_velocity, unit: km / s, datatype: float64}
# delimiter: ','
# meta: !!omap
# - __serialized_columns__:
#     dec:
#       __class__: astropy.coordinates.angles.Latitude
#       unit: &id001 !astropy.units.Unit {unit: deg}
#       value: !astropy.table.SerializedColumn {name: dec}
#     distance:
#       __class__: astropy.coordinates.distances.Distance
#       unit: !astropy.units.Unit {unit: kpc}
#       value: !astropy.table.SerializedColumn {name: distance}
#     pm_dec:
#       __class__: astropy.units.quantity.Quantity
#       unit: !astropy.units.Unit {unit: mas / yr}
#       value: !astropy.table.SerializedColumn {name: pm_dec}
#     pm_ra_cosdec:
#       __class__: astropy.units.quantity.Quantity
#       unit: !astropy.units.Unit {unit: mas / yr}
#       value: !astropy.table.SerializedColumn {name: pm_ra_cosdec}
#     ra:
#       __class__: astropy.coordinates.angles.Longitude
#       unit: *id001
#       value: !astropy.table.SerializedColumn {name: ra}
#       wrap_angle: !astropy.coordinates.Angle
#         unit: *id001
#         value: 360.0
#     radial_velocity:
#       __class__: astropy.units.quantity.Quantity
#       unit: !astropy.units.Unit {unit: km / s}
#       value: !astropy.table.SerializedColumn {name: radial_velocity}
# schema: astropy-2.0
ra,dec,distance,pm_ra_cosdec,pm_dec,radial_velocity
[from data line 1809]
221.20332154969017,37.06141074393754,9.221585901725128,-7.5981193781240846,-5.831197152895868,0.0
221.2137946832823,37.06692240968761,9.223553853571001,-7.596115039625514,-5.828298711253343,1.515738083377021e-13
221.22427026460443,37.07243214503764,9.22552320354719,-7.594107109704996,-5.825400470577064,1.6841534259744677e-13
221.23474829488796,37.077939948137434,9.227493951068379,-7.592095584645562,-5.822502432864849,5.0524602779234026e-14
221.24522877536327,37.08344581713627,9.229466095549236,-7.5900804607306505,-5.819604600117218,8.420767129872338e-14
221.25571170725974,37.08894975018281,9.23143963640443,-7.588061734244112,-5.8167069743373645,1.1789073981821273e-13
221.26619709180582,37.09445174542519,9.233414573048641,-7.586039401470202,-5.81380955753116,1.515738083377021e-13
221.27668493022898,37.09995180101092,9.23539090489654,-7.58401345869358,-5.81091235170717,5.0524602779234026e-14
221.28717522375567,37.10544991508694,9.237368631362802,-7.581983902199314,-5.808015358876655,1.0104920555846805e-13
221.2976679736114,37.11094608579964,9.239347751862097,-7.579950728272893,-5.805118581053558,1.6841534259744676e-14
221.3081631810206,37.11644031129482,9.2413282658091,-7.577913933200199,-5.802222020254522,8.420767129872338e-14
221.31866084720687,37.1219325897177,9.243310172618484,-7.575873513267554,-5.799325678498883,1.347322740779574e-13
221.3291609733927,37.1274229192129,9.245293471704922,-7.573829464761666,-5.796429557808674,3.368306851948935e-14
221.33966356079955,37.132911297924515,9.247278162483088,-7.571781783969671,-5.793533660208637,1.515738083377021e-13
221.35016861064807,37.138397723996015,9.249264244367657,-7.569730467179127,-5.790637987726205,1.347322740779574e-13
221.36067612415775,37.14388219557031,9.251251716773297,-7.567675510678006,-5.787742542391521,1.0104920555846805e-13
221.37118610254714,37.14936471078975,9.253240579114687,-7.565616910754695,-5.784847326237438,5.0524602779234026e-14
221.3816985470338,37.154845267796055,9.255230830806498,-7.563554663698003,-5.781952341299512,8.420767129872338e-14
221.39221345883425,37.16032386473042,9.257222471263404,-7.561488765797165,-5.779057589616014,1.347322740779574e-13
221.40273083916404,37.16580049973345,9.259215499900076,-7.559419213341836,-5.776163073227927,3.368306851948935e-14
221.41325068923769,37.171275170945144,9.26120991613119,-7.557346002622095,-5.773268794178953,1.347322740779574e-13
221.4237730102688,37.17674787650495,9.263205719371419,-7.555269129928451,-5.770374754515506,1.8525687685719145e-13
221.43429780346986,37.182218614551736,9.265202909035434,-7.553188591551831,-5.767480956286719,6.73661370389787e-14
221.44482507005236,37.187687383223775,9.267201484537908,-7.5511043837836,-5.764587401544459,1.515738083377021e-13
221.45535481122687,37.19315418065876,9.269201445293518,-7.549016502915547,-5.7616940923432995,5.0524602779234026e-14
221.46588702820284,37.19861900499384,9.271202790716936,-7.5469249452398905,-5.758801030740555,2.020984111169361e-13
221.47642172218877,37.20408185436555,9.273205520222836,-7.544829707049287,-5.755908218796256,5.0524602779234026e-14
221.48695889439213,37.209542726909845,9.27520963322589,-7.542730784636816,-5.753015658573172,3.368306851948935e-14
221.4974985460193,37.21500162076213,9.277215129140771,-7.540628174296006,-5.7501233521368125,1.1789073981821273e-13
221.5080406782758,37.2204585340572,9.27922200738215,-7.538521872320808,-5.747231301555399,8.420767129872338e-14
221.518585292366,37.22591346492929,9.281230267364707,-7.5364118750056175,-5.7443395088999125,1.0104920555846805e-13
221.52913238949327,37.231366411512056,9.283239908503107,-7.534298178645271,-5.741447976244062,0.0
221.53968197085993,37.23681737193855,9.28525093021203,-7.532180779535036,-5.738556705664299,1.0104920555846805e-13
221.55023403766737,37.24226634434127,9.287263331906148,-7.530059673970622,-5.7356656992398225,1.8525687685719145e-13
221.5607885911159,37.24771332685212,9.289277113000132,-7.527934858248195,-5.732774959052566,6.73661370389787e-14
221.57134563240473,37.253158317602434,9.291292272908656,-7.525806328664346,-5.729884487187231,6.73661370389787e-14
221.5819051627321,37.258601314722966,9.293308811046394,-7.523674081516121,-5.726994285731247,5.0524602779234026e-14
221.59246718329527,37.264042316343875,9.29532672682802,-7.521538113101007,-5.724104356774811,3.368306851948935e-14
221.60303169529038,37.26948132059477,9.297346019668206,-7.519398419716953,-5.721214702410867,0.0
221.61359869991253,37.27491832560463,9.299366688981625,-7.517254997662332,-5.718325324735117,3.368306851948935e-14
221.6241681983558,37.28035332950189,9.301388734182952,-7.515107843235992,-5.715436225846023,3.368306851948935e-14
221.63474019181328,37.28578633041443,9.303412154686859,-7.512956952737214,-5.712547407844804,3.368306851948935e-14
221.64531468147695,37.29121732646948,9.30543694990802,-7.5108023224657465,-5.709658872835445,3.368306851948935e-14
221.65589166853772,37.29664631579374,9.307463119261108,-7.508643948721778,-5.706770622924699,1.0104920555846805e-13
221.6664711541856,37.302073296513306,9.309490662160792,-7.506481827805969,-5.703882660222076,1.6841534259744677e-13
221.6770531396094,37.30749826675372,9.311519578021755,-7.504315956019421,-5.700994986839864,1.6841534259744676e-14
221.68763762599693,37.3129212246399,9.313549866258663,-7.502146329663704,-5.698107604893125,5.0524602779234026e-14
221.69822461453492,37.318342168296226,9.31558152628619,-7.49997294504084,-5.695220516499684,3.368306851948935e-14
221.7088141064091,37.32376109584648,9.317614557519013,-7.49779579845332,-5.692333723780148,8.420767129872338e-14
221.71940610280416,37.32917800541386,9.3196489593718,-7.495614886204091,-5.689447228857906,6.73661370389787e-14
221.7300006049036,37.33459289512097,9.32168473125923,-7.493430204596567,-5.686561033859119,-1.6841534259744676e-14
221.74059761389,37.34000576308985,9.323721872595973,-7.4912417499346216,-5.683675140912738,1.0104920555846805e-13
221.75119713094483,37.34541660744197,9.325760382796702,-7.489049518522604,-5.680789552150488,5.0524602779234026e-14
221.76179915724848,37.35082542629818,9.32780026127609,-7.486853506665326,-5.677904269706893,1.347322740779574e-13
221.7724036939803,37.3562322177788,9.329841507448812,-7.4846537106680655,-5.675019295719255,3.368306851948935e-14
221.78301074231854,37.361636980003524,9.33188412072954,-7.482450126836568,-5.6721346323276745,1.0104920555846805e-13
221.79362030344043,37.36703971109147,9.333928100532948,-7.480242751477063,-5.669250281675039,5.0524602779234026e-14
221.80423237852204,37.372440409161186,9.33597344627371,-7.478031580896243,-5.666366245907039,8.420767129872338e-14
221.8148469687385,37.377839072330644,9.338020157366499,-7.475816611401281,-5.663482527172155,1.0104920555846805e-13
221.82546407526377,37.38323569871722,9.340068233225987,-7.473597839299818,-5.66059912762167,0.0
221.83608369927072,37.38863028643771,9.342117673266848,-7.47137526089997,-5.657716049409666,1.347322740779574e-13
221.84670584193123,37.39402283360834,9.344168476903755,-7.4691488725103525,-5.654833294693031,5.0524602779234026e-14
221.857330504416,37.399413338344736,9.346220643551382,-7.46691867044004,-5.651950865631466,6.73661370389787e-14
221.86795768789474,37.404801798761945,9.348274172624402,-7.464684650998591,-5.649068764387463,1.1789073981821273e-13
221.878587393536,37.410188212974425,9.350329063537488,-7.46244681049605,-5.646186993126339,1.0104920555846805e-13
221.8892196225073,37.41557257909608,9.352385315705314,-7.460205145242953,-5.643305554016221,1.347322740779574e-13
221.89985437597502,37.42095489524021,9.354442928542554,-7.457959651550305,-5.640424449228044,1.0104920555846805e-13
221.91049165510447,37.426335159519525,9.35650190146388,-7.455710325729611,-5.63754368093557,1.347322740779574e-13
221.92113146105993,37.431713370046154,9.358562233883966,-7.453457164092857,-5.634663251315362,6.73661370389787e-14
221.9317737950045,37.43708952493167,9.36062392521748,-7.451200162952527,-5.631783162546832,6.73661370389787e-14
221.94241865810017,37.44246362228703,9.362686974879106,-7.448939318621576,-5.628903416812184,5.0524602779234026e-14
221.95306605150796,37.44783566022262,9.36475138228351,-7.446674627413482,-5.626024016296471,1.0104920555846805e-13
221.96371597638768,37.45320563684824,9.366817146845365,-7.444406085642187,-5.623144963187562,6.73661370389787e-14
221.97436843389806,37.458573550273115,9.368884267979348,-7.442133689622153,-5.620266259676164,1.0104920555846805e-13
221.98502342519677,37.463939398605895,9.370952745100128,-7.439857435668312,-5.6173879079558,-1.6841534259744676e-14
221.9956809514403,37.46930317995459,9.373022577622384,-7.437577320096115,-5.614509910222844,3.368306851948935e-14
222.0063410137841,37.4746648924267,9.375093764960784,-7.435293339221509,-5.611632268676502,0.0
222.0170036133825,37.4800245341291,9.377166306530004,-7.433005489360933,-5.608754985518809,1.347322740779574e-13
222.02766875138872,37.48538210316811,9.379240201744716,-7.4307137668313334,-5.605878062954648,-3.368306851948935e-14
222.03833642895478,37.49073759764941,9.381315450019592,-7.428418167950159,-5.603001503191748,6.73661370389787e-14
222.04900664723175,37.49609101567816,9.383392050769311,-7.426118689035369,-5.600125308440674,3.368306851948935e-14
222.05967940736946,37.5014423553589,9.38547000340854,-7.42381532640542,-5.597249480914844,-3.368306851948935e-14
222.07035471051665,37.50679161479558,9.387549307351957,-7.421508076379277,-5.594374022830519,3.368306851948935e-14
222.08103255782095,37.5121387920916,9.389629962014231,-7.419196935276427,-5.591498936406825,8.420767129872338e-14
222.09171295042893,37.51748388534974,9.391711966810039,-7.416881899416852,-5.58862422386572,5.0524602779234026e-14
222.10239588948588,37.52282689267222,9.39379532115405,-7.414562965121054,-5.585749887432037,6.73661370389787e-14
222.1130813761361,37.52816781216065,9.395880024460944,-7.41224012871004,-5.582875929333454,1.347322740779574e-13
222.12376941152274,37.5335066419161,9.397966076145389,-7.409913386505346,-5.580002351800514,3.368306851948935e-14
222.1344599967878,37.53884338003899,9.400053475622057,-7.407582734829019,-5.577129157066626,3.368306851948935e-14
222.1451531330721,37.54417802462923,9.402142222305626,-7.405248170003611,-5.57425634736805,8.420767129872338e-14
222.15584882151543,37.54951057378607,9.404232315610768,-7.402909688352207,-5.571383924943927,1.347322740779574e-13
222.1665470632564,37.55484102560825,9.406323754952153,-7.400567286198416,-5.568511892036259,1.0104920555846805e-13
222.1772478594324,37.56016937819384,9.408416539744456,-7.398220959866358,-5.565640250889917,1.515738083377021e-13
222.18795121117986,37.56549562964041,9.410510669402356,-7.3958707056806725,-5.562769003752646,1.1789073981821273e-13
222.1986571196339,37.57081977804489,9.412606143340522,-7.393516519966545,-5.559898152875066,6.73661370389787e-14
222.2093655859286,37.57614182150365,9.41470296097362,-7.391158399049666,-5.557027700510683,6.73661370389787e-14
222.22007661119684,37.581461758112454,9.416801121716336,-7.3887963392562686,-5.554157648915865,-1.6841534259744676e-14
222.23079019657038,37.5867795859665,9.418900624983335,-7.386430336913101,-5.551288000349876,1.515738083377021e-13
222.24150634317982,37.592095303160384,9.421001470189292,-7.384060388347452,-5.548418757074849,3.368306851948935e-14
222.2522250521546,37.59740890778813,9.423103656748882,-7.381686489887143,-5.54554992135582,1.347322740779574e-13
222.2629463246231,37.60272039794318,9.425207184076777,-7.379308637860525,-5.542681495460698,8.420767129872338e-14
222.27367016171237,37.60802977171838,9.427312051587652,-7.376926828596488,-5.539813481660293,8.420767129872338e-14
222.28439656454844,37.61333702720598,9.429418258696177,-7.374541058424454,-5.536945882228297,1.347322740779574e-13
222.2951255342562,37.61864216249766,9.431525804817026,-7.372151323674388,-5.5340786994413005,0.0
222.30585707195922,37.62394517568452,9.433634689364878,-7.369757620676783,-5.531211935578789,5.0524602779234026e-14
222.31659117878013,37.62924606485706,9.435744911754398,-7.367359945762693,-5.528345592923152,1.6841534259744676e-14
222.32732785584017,37.63454482810518,9.437856471400265,-7.364958295263692,-5.52547967375967,5.0524602779234026e-14
222.3380671042596,37.639841463518245,9.439969367717147,-7.362552665511923,-5.522614180376539,0.0
222.3488089251574,37.64513596918498,9.442083600119727,-7.3601430528400495,-5.519749115064845,1.6841534259744676e-14
222.35955331965144,37.65042834319355,9.444199168022667,-7.357729453581296,-5.516884480118591,1.6841534259744676e-14
222.37030028885837,37.65571858363153,9.446316070840647,-7.3553118640694315,-5.514020277834685,6.73661370389787e-14
222.38104983389374,37.6610066885859,9.44843430798834,-7.352890280638781,-5.511156510512951,1.0104920555846805e-13
222.3918019558718,37.666292656143064,9.450553878880415,-7.350464699624209,-5.50829318045612,1.515738083377021e-13
222.4025566559058,37.67157648438886,9.45267478293155,-7.348035117361144,-5.5054302899698415,8.420767129872338e-14
222.41331393510762,37.676858171408476,9.454797019556416,-7.345601530185566,-5.502567841362685,1.8525687685719145e-13
222.42407379458814,37.682137715286565,9.45692058816969,-7.343163934434004,-5.499705836946136,5.0524602779234026e-14
222.43483623545688,37.687415114107196,9.459045488186037,-7.340722326443554,-5.496844279034603,1.6841534259744676e-14
222.44560125882228,37.69269036595382,9.461171719020138,-7.3382767025518625,-5.49398316994542,1.1789073981821273e-13
222.45636886579163,37.69796346890933,9.46329928008666,-7.3358270590971495,-5.491122511998847,1.6841534259744676e-14
222.46713905747092,37.70323442105601,9.465428170800283,-7.333373392418173,-5.488262307518072,5.0524602779234026e-14
222.477911834965,37.70850322047558,9.46755839057568,-7.330915698854281,-5.48540255882921,5.0524602779234026e-14
222.48868719937758,37.71376986524915,9.46968993882752,-7.328453974745373,-5.482543268261319,1.0104920555846805e-13
222.49946515181108,37.719034353457246,9.47182281497048,-7.325988216431913,-5.479684438146376,5.0524602779234026e-14
222.5102456933668,37.72429668317983,9.473957018419226,-7.323518420254944,-5.476826070819312,1.347322740779574e-13
222.5210288251448,37.72955685249624,9.47609254858844,-7.321044582556061,-5.473968168617981,1.347322740779574e-13
222.531814548244,37.73481485948527,9.47822940489279,-7.31856669967745,-5.47111073388319,3.368306851948935e-14
222.54260286376194,37.74007070222509,9.480367586746954,-7.316084767961848,-5.468253768958689,1.515738083377021e-13
222.55339377279523,37.7453243787933,9.482507093565602,-7.313598783752592,-5.465397276191166,1.6841534259744676e-14
222.56418727643904,37.750575887266905,9.484647924763406,-7.311108743393567,-5.462541257930258,-3.368306851948935e-14
222.57498337578744,37.755825225722326,9.48679007975504,-7.308614643229257,-5.459685716528561,5.0524602779234026e-14
222.58578207193327,37.76107239223542,9.488933557955182,-7.306116479604714,-5.456830654341611,-1.6841534259744676e-14
222.59658336596812,37.7663173848814,9.4910783587785,-7.3036142488655695,-5.453976073727905,1.1789073981821273e-13
222.6073872589825,37.77156020173494,9.49322448163967,-7.3011079473580445,-5.451121977048894,1.6841534259744676e-14
222.61819375206548,37.77680084087011,9.495371925953362,-7.298597571428935,-5.448268366668988,6.73661370389787e-14
222.6290028463051,37.782039300360395,9.497520691134255,-7.2960831174256215,-5.445415244955557,1.0104920555846805e-13
222.63981454278814,37.78727557827869,9.499670776597014,-7.293564581696087,-5.442562614278934,8.420767129872338e-14
222.6506288426001,37.7925096726973,9.501822181756319,-7.2910419605888785,-5.439710477012417,1.0104920555846805e-13
222.66144574682525,37.79774158168795,9.503974906026844,-7.288515250453145,-5.436858835532265,1.6841534259744677e-13
222.67226525654675,37.80297130332177,9.50612894882326,-7.285984447638628,-5.434007692217715,1.515738083377021e-13
222.68308737284644,37.808198835669295,9.508284309560239,-7.28344954849566,-5.431157049450973,6.73661370389787e-14
