galstreams/tracks/track.st.Jhelum-b.shipp2019.ecsv
# %ECSV 1.0
# ---
# datatype:
# - {name: ra, unit: deg, datatype: float64}
# - {name: dec, unit: deg, datatype: float64}
# - {name: distance, unit: kpc, datatype: float64}
# - {name: pm_ra_cosdec, unit: mas / yr, datatype: float64}
# - {name: pm_dec, unit: mas / yr, datatype: float64}
# - {name: radial_velocity, unit: km / s, datatype: float64}
# delimiter: ','
# meta: !!omap
# - __serialized_columns__:
#     dec:
#       __class__: astropy.coordinates.angles.Latitude
#       unit: &id001 !astropy.units.Unit {unit: deg}
#       value: !astropy.table.SerializedColumn {name: dec}
#     distance:
#       __class__: astropy.coordinates.distances.Distance
#       unit: !astropy.units.Unit {unit: kpc}
#       value: !astropy.table.SerializedColumn {name: distance}
#     pm_dec:
#       __class__: astropy.units.quantity.Quantity
#       unit: !astropy.units.Unit {unit: mas / yr}
#       value: !astropy.table.SerializedColumn {name: pm_dec}
#     pm_ra_cosdec:
#       __class__: astropy.units.quantity.Quantity
#       unit: !astropy.units.Unit {unit: mas / yr}
#       value: !astropy.table.SerializedColumn {name: pm_ra_cosdec}
#     ra:
#       __class__: astropy.coordinates.angles.Longitude
#       unit: *id001
#       value: !astropy.table.SerializedColumn {name: ra}
#       wrap_angle: !astropy.coordinates.Angle
#         unit: *id001
#         value: 360.0
#     radial_velocity:
#       __class__: astropy.units.quantity.Quantity
#       unit: !astropy.units.Unit {unit: km / s}
#       value: !astropy.table.SerializedColumn {name: radial_velocity}
# schema: astropy-2.0
ra,dec,distance,pm_ra_cosdec,pm_dec,radial_velocity
[from data line 708]
353.23673790970213,-51.199282238739066,13.199999999999992,7.619876631980426,-4.64516071367635,-8.445990669650405
353.2527890866724,-51.19905736629776,13.199999999999994,7.6206084882500305,-4.6432588536963655,-8.3976985980358
353.26884010320185,-51.19883028296454,13.199999999999992,7.621339877911807,-4.641356894278442,-8.349406526421062
353.284890957741,-51.19860098874814,13.199999999999992,7.622070800827584,-4.639454835747953,-8.30111445480644
353.3009416487407,-51.198369483657615,13.199999999999996,7.622801256859449,-4.637552678430341,-8.252822383191685
353.3169921746517,-51.19813576770243,13.199999999999996,7.623531245869722,-4.635650422651117,-8.204530311576962
353.33304253392487,-51.19789984089244,13.199999999999996,7.624260767720974,-4.633748068735864,-8.156238239962105
353.3490927250111,-51.19766170323791,13.199999999999996,7.624989822276014,-4.631845617010244,-8.1079461683476
353.36514274636147,-51.19742135474948,13.199999999999994,7.62571840939791,-4.629943067799971,-8.059654096732796
353.38119259642707,-51.197178795438134,13.199999999999996,7.626446528949959,-4.628040421430842,-8.01136202511804
353.39724227365906,-51.196934025315315,13.199999999999992,7.62717418079572,-4.626137678228723,-7.963069953503351
353.41329177650863,-51.196687044392824,13.199999999999992,7.627901364798982,-4.624234838519541,-7.9147778818886625
353.4293411034272,-51.19643785268285,13.199999999999994,7.62862808082379,-4.622331902629297,-7.866485810273839
353.44539025286605,-51.19618645019798,13.199999999999994,7.629354328734429,-4.620428870884063,-7.818193738658982
353.46143922327667,-51.19593283695116,13.199999999999994,7.630080108395437,-4.618525743609981,-7.769901667044513
353.47748801311076,-51.19567701295576,13.199999999999996,7.630805419671596,-4.616622521133242,-7.721609595429639
353.4935366208198,-51.195418978225526,13.199999999999996,7.631530262427923,-4.6147192037801315,-7.673317523814917
353.50958504485556,-51.1951587327746,13.199999999999996,7.632254636529697,-4.612815791876985,-7.625025452200093
353.52563328366983,-51.19489627661748,13.199999999999994,7.632978541842434,-4.610912285750214,-7.5767333805855905
353.54168133571454,-51.194631609769104,13.199999999999994,7.633701978231901,-4.609008685726284,-7.5284413089707165
353.5577291994416,-51.19436473224477,13.199999999999996,7.634424945564103,-4.607104992131743,-7.48014923735591
353.5737768733031,-51.194095644060155,13.199999999999994,7.635147443705305,-4.605201205293198,-7.431857165741306
353.58982435575115,-51.19382434523134,13.199999999999994,7.63586947252201,-4.603297325537319,-7.383565094126651
353.6058716452381,-51.193550835774815,13.199999999999996,7.636591031880968,-4.601393353190841,-7.3352730225117435
353.62191874021613,-51.193275115707394,13.199999999999992,7.637312121649179,-4.5994892885805765,-7.286980950897072
353.6379656391377,-51.19299718504635,13.199999999999994,7.638032741693884,-4.597585132033391,-7.238688879282485
353.6540123404554,-51.1927170438093,13.199999999999994,7.6387528918825796,-4.595680883876211,-7.190396807667661
353.6700588426217,-51.19243469201428,13.199999999999994,7.639472572083006,-4.5937765444360465,-7.142104736053007
353.6861051440894,-51.19215012967969,13.199999999999994,7.64019178216315,-4.59187211403995,-7.093812664438268
353.7021512433113,-51.19186335682432,13.199999999999996,7.640910521991237,-4.589967593015052,-7.045520592823546
353.71819713874015,-51.191574373467375,13.199999999999994,7.641628791435764,-4.588062981688544,-6.997228521208773
353.7342428288291,-51.19128317962841,13.199999999999996,7.642346590365447,-4.586158280387672,-6.948936449594017
353.7502883120311,-51.190989775327395,13.199999999999996,7.643063918649266,-4.584253489439765,-6.9006443779794635
353.7663335867994,-51.190694160584684,13.199999999999992,7.643780776156456,-4.582348609172188,-6.852352306364623
353.7823786515873,-51.19039633542101,13.199999999999996,7.644497162756472,-4.580443639912392,-6.8040602347499854
353.7984235048481,-51.190096299857515,13.199999999999992,7.645213078319047,-4.578538581987878,-6.755768163135331
353.8144681450354,-51.1897940539157,13.199999999999996,7.645928522714141,-4.57663343572621,-6.7074760915206255
353.83051257060265,-51.189489597617474,13.199999999999998,7.646643495811979,-4.574728201455016,-6.6591840199058865
353.84655678000377,-51.18918293098512,13.199999999999994,7.647357997483026,-4.572822879501981,-6.610891948290996
353.8626007716923,-51.18887405404133,13.199999999999994,7.648072027597985,-4.570917470194864,-6.562599876676358
353.8786445441223,-51.18856296680918,13.199999999999994,7.648785586027824,-4.569011973861468,-6.514307805061501
353.89468809574777,-51.18824966931209,13.199999999999994,7.649498672643747,-4.56710639082967,-6.466015733447015
353.9107314250228,-51.187934161573956,13.199999999999996,7.650211287317219,-4.565200721427393,-6.417723661832293
353.9267745304017,-51.18761644361897,13.199999999999996,7.650923429919947,-4.563294965982629,-6.369431590217503
353.94281741033876,-51.18729651547178,13.199999999999994,7.651635100323885,-4.561389124823432,-6.321139518602629
353.9588600632884,-51.18697437715738,13.199999999999996,7.652346298401231,-4.559483198277917,-6.272847446988126
353.9749024877053,-51.18665002870115,13.199999999999996,7.653057024024449,-4.557577186674239,-6.224555375373303
353.9909446820441,-51.186323470128904,13.199999999999996,7.653767277066238,-4.5556710903406366,-6.176263303758614
354.00698664475954,-51.18599470146682,13.199999999999996,7.654477057399541,-4.553764909605392,-6.127971232143892
354.0230283743067,-51.185663722741424,13.199999999999994,7.655186364897575,-4.551858644796848,-6.079679160529018
354.0390698691404,-51.18533053397969,13.199999999999996,7.655895199433774,-4.549952296243413,-6.031387088914397
354.05511112771603,-51.184995135208936,13.199999999999994,7.656603560881844,-4.548045864273542,-5.983095017299726
354.0711521484887,-51.184657526456895,13.199999999999996,7.657311449115732,-4.546139349215747,-5.934802945685087
354.0871929299139,-51.18431770775168,13.199999999999994,7.65801886400964,-4.54423275139861,-5.886510874070248
354.1032334704471,-51.183975679121794,13.199999999999996,7.658725805438014,-4.542326071150758,-5.838218802455593
354.11927376854396,-51.18363144059611,13.199999999999994,7.659432273275547,-4.540419308800879,-5.789926730840954
354.13531382266024,-51.183284992203916,13.199999999999994,7.66013826739719,-4.538512464677715,-5.741634659226198
354.1513536312519,-51.18293633397486,13.199999999999994,7.660843787678138,-4.536605539110065,-5.693342587611544
354.1673931927749,-51.182585465939006,13.199999999999996,7.661548833993844,-4.534698532426785,-5.645050515996855
354.18343250568546,-51.182232388126785,13.199999999999994,7.66225340622,-4.532791444956781,-5.596758444381915
354.1994715684397,-51.18187710056901,13.199999999999992,7.662957504232551,-4.530884277029026,-5.548466372767193
354.21551037949416,-51.1815196032969,13.199999999999994,7.663661127907698,-4.52897702897253,-5.50017430115252
354.2315489373054,-51.18115989634206,13.199999999999994,7.664364277121887,-4.527069701116375,-5.451882229537882
354.24758724032995,-51.180797979736475,13.199999999999994,7.665066951751814,-4.525162293789685,-5.403590157923143
354.26362528702475,-51.18043385351251,13.199999999999996,7.665769151674431,-4.523254807321637,-5.355298086308253
354.27966307584666,-51.18006751770294,13.199999999999996,7.666470876766933,-4.521347242041477,-5.307006014693565
354.29570060525276,-51.17969897234088,13.199999999999996,7.667172126906771,-4.519439598278491,-5.258713943079095
354.3117378737004,-51.17932821745992,13.199999999999994,7.667872901971653,-4.5175318763620105,-5.210421871464053
354.32777487964665,-51.17895525309394,13.199999999999992,7.668573201839513,-4.515624076621442,-5.1621297998493985
354.3438116215492,-51.178580079277246,13.199999999999994,7.669273026388565,-4.513716199386227,-5.113837728234844
354.35984809786567,-51.178202696044565,13.199999999999994,7.669972375497257,-4.511808244985859,-5.065545656619954
354.3758843070537,-51.17782310343097,13.199999999999994,7.670671249044293,-4.509900213749901,-5.017253585005282
354.39192024757125,-51.17744130147191,13.199999999999992,7.671369646908627,-4.507992106007948,-4.968961513390728
354.40795591787645,-51.17705729020327,13.199999999999992,7.672067568969466,-4.506083922089649,-4.920669441776006
354.4239913164275,-51.176671069661296,13.199999999999992,7.672765015106273,-4.504175662324707,-4.872377370160998
354.4400264416825,-51.176282639882594,13.199999999999996,7.673461985198739,-4.5022673270428895,-4.824085298546359
354.4560612921002,-51.17589200090419,13.199999999999992,7.674158479126841,-4.500358916573991,-4.775793226931604
354.47209586613906,-51.17549915276351,13.199999999999992,7.674854496770779,-4.498450431247872,-4.727501155316915
354.4881301622579,-51.17510409549832,13.199999999999994,7.6755500380110195,-4.496541871394436,-4.679209083702395
354.5041641789157,-51.17470682914682,13.199999999999992,7.676245102728275,-4.494633237343635,-4.630917012087572
354.5201979145715,-51.17430735374755,13.199999999999994,7.676939690803516,-4.492724529425471,-4.5826249404729005
354.5362313676845,-51.17390566933948,13.199999999999996,7.677633802117954,-4.490815747969998,-4.534332868858145
354.5522645367141,-51.173501775961945,13.199999999999996,7.678327436553061,-4.488906893307325,-4.486040797243524
354.56829742011985,-51.17309567365467,13.199999999999996,7.67902059399056,-4.486997965767593,-4.437748725628818
354.5843300163615,-51.17268736245777,13.199999999999994,7.679713274312427,-4.485088965680992,-4.389456654013793
354.6003623238987,-51.172276842411726,13.199999999999994,7.6804054774008765,-4.483179893377784,-4.341164582399222
354.6163943411916,-51.17186411355745,13.199999999999996,7.68109720313839,-4.481270749188253,-4.292872510784534
354.6324260667003,-51.171449175936175,13.199999999999992,7.6817884514077015,-4.4793615334427415,-4.244580439169913
354.6484574988852,-51.1710320295896,13.199999999999994,7.682479222091789,-4.4774522464716275,-4.196288367555056
354.6644886362066,-51.17061267455973,13.199999999999994,7.683169515073891,-4.475542888605354,-4.147996295940435
354.6805194771253,-51.17019111088902,13.199999999999994,7.683859330237488,-4.473633460174396,-4.099704224325662
354.69655002010205,-51.169767338620275,13.199999999999996,7.684548667466321,-4.471723961509277,-4.051412152710974
354.7125802635978,-51.16934135779669,13.199999999999994,7.685237526644386,-4.469814392940575,-4.003120081096268
354.7286102060736,-51.16891316846186,13.199999999999996,7.685925907655921,-4.467904754798896,-3.9548280094815125
354.7446398459909,-51.16848277065977,13.199999999999994,7.6866138103854285,-4.465995047414907,-3.906535937866639
354.76066918181095,-51.16805016443476,13.199999999999992,7.687301234717653,-4.464085271119317,-3.85824386625195
354.77669821199555,-51.16761534983159,13.199999999999996,7.687988180537598,-4.462175426242873,-3.809951794637211
354.7927269350064,-51.16717832689538,13.199999999999994,7.688674647730519,-4.460265513116375,-3.7616597230226407
354.80875534930544,-51.16673909567165,13.199999999999998,7.689360636181925,-4.458355532070657,-3.7133676514080025
354.82478345335494,-51.166297656206325,13.199999999999996,7.690046145777582,-4.4564454834366,-3.6650755797931795
354.84081124561703,-51.16585400854565,13.199999999999996,7.690731176403498,-4.454535367545134,-3.6167835081784405
354.8568387245543,-51.16540815273634,13.199999999999996,7.691415727945944,-4.452625184727225,-3.5684914365637352
354.8728658886293,-51.16496008882544,13.199999999999994,7.692099800291441,-4.450714935313886,-3.520199364948861
354.88889273630485,-51.164509816860374,13.199999999999996,7.692783393326758,-4.448804619636176,-3.4719072933342403
354.9049192660441,-51.164057336889,13.199999999999996,7.693466506938925,-4.446894238025185,-3.423615221719518
354.92094547631007,-51.16360264895953,13.199999999999994,7.694149141015234,-4.4449837908120555,-3.375323150104779
354.9369713655661,-51.16314575312057,13.199999999999996,7.694831295443202,-4.443073278327967,-3.3270310784902084
354.9529969322758,-51.16268664942109,13.199999999999994,7.695512970110626,-4.441162700904137,-3.278739006875503
354.96902217490293,-51.16222533791048,13.199999999999994,7.696194164905552,-4.43925205887183,-3.2304469352607303
354.9850470919113,-51.16176181863848,13.199999999999992,7.696874879716272,-4.437341352562346,-3.182154863645823
355.0010716817649,-51.16129609165525,13.199999999999996,7.697555114431324,-4.43543058230704,-3.13386279203132
355.01709594292817,-51.16082815701132,13.199999999999992,7.6982348689395295,-4.433519748437282,-3.0855707204165133
355.03311987386536,-51.1603580147576,13.199999999999996,7.69891414312993,-4.431608851284503,-3.037278648801808
355.0491434730413,-51.15988566494538,13.199999999999994,7.699592936891852,-4.429697891180161,-2.9889865771868838
355.06516673892065,-51.159411107626326,13.199999999999992,7.700271250114848,-4.427786868455763,-2.9406945055722122
355.08118966996835,-51.158934342852554,13.199999999999994,7.700949082688737,-4.425875783442853,-2.8924024339576078
355.0972122646498,-51.15845537067648,13.199999999999992,7.701626434503602,-4.423964636473,-2.8441103623428523
355.11323452143023,-51.157974191150956,13.199999999999994,7.7023033054497585,-4.422053427877832,-2.795818290728012
355.1292564387752,-51.15749080432921,13.199999999999994,7.702979695417798,-4.420142157989005,-2.747526219113475
355.14527801515055,-51.15700521026483,13.199999999999994,7.703655604298553,-4.4182308271382045,-2.699234147498652
355.16129924902214,-51.15651740901181,13.199999999999992,7.704331031983114,-4.416319435657176,-2.6509420758840307
355.1773201388562,-51.156027400624566,13.199999999999994,7.7050059783628235,-4.414407983877674,-2.602650004269191
355.19334068311895,-51.15553518515781,13.199999999999996,7.705680443329281,-4.412496472131519,-2.554357932654654
355.2093608802771,-51.15504076266672,13.199999999999996,7.706354426774347,-4.4105849007505356,-2.506065861039679
355.2253807287972,-51.154544133206805,13.199999999999994,7.707027928590121,-4.408673270066624,-2.4577737894252096
355.2414002271463,-51.15404529683399,13.199999999999996,7.707700948668974,-4.406761580411681,-2.4094817178103525
355.25741937379144,-51.15354425360458,13.199999999999994,7.708373486903519,-4.4048498321176695,-2.3611896461957484
355.2734381672,-51.15304100357526,13.199999999999994,7.70904554318663,-4.402938025516569,-2.3128975745810263
355.2894566058396,-51.15253554680308,13.199999999999994,7.7097171174114365,-4.401026160940401,-2.2646055029662704
355.3054746881778,-51.152027883345504,13.199999999999996,7.710388209471322,-4.399114238721222,-2.216313431351447
355.3214924126826,-51.15151801326036,13.199999999999996,7.711058819259919,-4.397202259191127,-2.1680213597367923
355.3375097778221,-51.151005936605884,13.199999999999994,7.7117289466711245,-4.3952902226822435,-2.119729288122104
355.35352678206476,-51.15049165344066,13.199999999999994,7.712398591599086,-4.3933781295267185,-2.071437216507365
355.36954342387907,-51.14997516382368,13.199999999999996,7.713067753938205,-4.391465980056755,-2.0231451448926765
355.38555970173377,-51.149456467814325,13.199999999999996,7.71373643358314,-4.3895537746045745,-1.974853073277853
355.4015756140978,-51.148935565472364,13.199999999999996,7.714404630428804,-4.387641513502439,-1.9265610016630974
355.4175911594404,-51.14841245685789,13.199999999999994,7.71507234437037,-4.38572919708264,-1.8782689300484088
355.43360633623087,-51.147887142031465,13.199999999999994,7.715739575303253,-4.3838168256775045,-1.8299768584336698
355.4496211429389,-51.14735962105398,13.199999999999992,7.716406323123145,-4.381904399619385,-1.7816847868188972
355.4656355780342,-51.14682989398674,13.199999999999994,7.7170725877259665,-4.379991919240677,-1.7333927152042423
355.48164963998687,-51.14629796089139,13.199999999999992,7.717738369007922,-4.378079384873791,-1.6851006435894864
