galstreams/tracks/track.st.Murrumbidgee.grillmair2017b.ecsv
# %ECSV 0.9
# ---
# datatype:
# - {name: ra, unit: deg, datatype: float64}
# - {name: dec, unit: deg, datatype: float64}
# - {name: distance, unit: kpc, datatype: float64}
# - {name: pm_ra_cosdec, unit: mas / yr, datatype: float64}
# - {name: pm_dec, unit: mas / yr, datatype: float64}
# - {name: radial_velocity, unit: km / s, datatype: float64}
# delimiter: ','
# meta: !!omap
# - __serialized_columns__:
#     dec:
#       __class__: astropy.coordinates.angles.Latitude
#       unit: &id001 !astropy.units.Unit {unit: deg}
#       value: !astropy.table.SerializedColumn {name: dec}
#     distance:
#       __class__: astropy.coordinates.distances.Distance
#       unit: !astropy.units.Unit {unit: kpc}
#       value: !astropy.table.SerializedColumn {name: distance}
#     pm_dec:
#       __class__: astropy.units.quantity.Quantity
#       unit: !astropy.units.Unit {unit: mas / yr}
#       value: !astropy.table.SerializedColumn {name: pm_dec}
#     pm_ra_cosdec:
#       __class__: astropy.units.quantity.Quantity
#       unit: !astropy.units.Unit {unit: mas / yr}
#       value: !astropy.table.SerializedColumn {name: pm_ra_cosdec}
#     ra:
#       __class__: astropy.coordinates.angles.Longitude
#       unit: *id001
#       value: !astropy.table.SerializedColumn {name: ra}
#       wrap_angle: !astropy.coordinates.Angle
#         unit: *id001
#         value: 360.0
#     radial_velocity:
#       __class__: astropy.units.quantity.Quantity
#       unit: !astropy.units.Unit {unit: km / s}
#       value: !astropy.table.SerializedColumn {name: radial_velocity}
# schema: astropy-2.0
ra,dec,distance,pm_ra_cosdec,pm_dec,radial_velocity
124.26198304521465,-65.59620429021928,19.99999999999998,0.0,0.0,0.0
121.8841002458579,-65.1620170674006,19.999999999999993,0.0,0.0,0.0
119.68389983576739,-64.76691438453794,20.0,0.0,0.0,0.0
117.63233445788828,-64.40929602326375,20.000000000000007,0.0,0.0,0.0
115.70528273183146,-64.08682991800366,20.000000000000018,0.0,0.0,0.0
113.88268397660039,-63.79672203659478,20.00000000000002,0.0,0.0,0.0
112.14782967782462,-63.535913521451214,20.000000000000025,0.0,0.0,0.0
110.48678813932457,-63.30122457514779,20.000000000000032,0.0,0.0,0.0
108.88793849158981,-63.08945921693245,20.000000000000036,0.0,0.0,0.0
107.34159274875404,-62.89748115080746,20.00000000000003,0.0,0.0,0.0
105.83968795732989,-62.722268186072576,20.000000000000032,0.0,0.0,0.0
104.37553379357836,-62.56095063713833,20.000000000000036,0.0,0.0,0.0
102.94360390225837,-62.41083767838762,20.00000000000003,0.0,0.0,0.0
101.53936173664853,-62.26943458124984,20.000000000000032,0.0,0.0,0.0
100.15911367492654,-62.13445300002887,20.00000000000003,0.0,0.0,0.0
98.79988380772598,-62.003815919324566,20.000000000000025,0.0,0.0,0.0
97.4593060808631,-61.875658471662085,20.000000000000025,0.0,0.0,0.0
96.13553049610056,-61.748325538337866,20.000000000000018,0.0,0.0,0.0
94.8271408726452,-61.62036683024409,20.00000000000002,0.0,0.0,0.0
93.53308229470935,-61.49052998740143,20.000000000000014,0.0,0.0,0.0
92.25259684951432,-61.35775212066315,20.000000000000007,0.0,0.0,0.0
90.985166622602,-61.22115013514046,20.000000000000004,0.0,0.0,0.0
89.73046318521754,-61.08001011382137,20.000000000000007,0.0,0.0,0.0
88.48830300007376,-60.933775995205664,20.0,0.0,0.0,0.0
87.2586083024309,-60.782037745730264,20.0,0.0,0.0,0.0
86.04137309642456,-60.624519202677895,19.999999999999993,0.0,0.0,0.0
84.83663395348029,-60.46106574346148,19.999999999999993,0.0,0.0,0.0
83.64444532046261,-60.29163192070154,19.99999999999999,0.0,0.0,0.0
82.46485904846375,-60.11626918800318,19.999999999999986,0.0,0.0,0.0
81.29790784597542,-59.93511382789817,19.999999999999986,0.0,0.0,0.0
80.14359234833307,-59.74837518051181,19.99999999999998,0.0,0.0,0.0
79.00187148320255,-59.55632425888254,19.99999999999998,0.0,0.0,0.0
77.87265580258742,-59.35928282443936,19.999999999999975,0.0,0.0,0.0
76.75580344742094,-59.157612983989516,19.99999999999997,0.0,0.0,0.0
75.65111841223906,-58.95170735782175,19.999999999999975,0.0,0.0,0.0
74.55835078498232,-58.741979857356284,19.999999999999968,0.0,0.0,0.0
73.47719865021303,-58.528857100332345,19.999999999999968,0.0,0.0,0.0
72.40731136220306,-58.31277048196123,19.999999999999964,0.0,0.0,0.0
71.34829391633735,-58.09414891188416,19.999999999999964,0.0,0.0,0.0
70.29971217197361,-57.87341221922566,19.999999999999964,0.0,0.0,0.0
69.26109870608515,-57.65096522153345,19.99999999999997,0.0,0.0,0.0
68.23195910366157,-57.427192447927105,19.999999999999964,0.0,0.0,0.0
67.21177851698832,-57.202453502281905,19.99999999999996,0.0,0.0,0.0
66.20002835083591,-56.977079048667974,19.999999999999964,0.0,0.0,0.0
65.19617295367983,-56.751367398453006,19.999999999999964,0.0,0.0,0.0
64.1996762159579,-56.525581676347734,19.99999999999996,0.0,0.0,0.0
63.210007994820714,-56.29994754111589,19.99999999999996,0.0,0.0,0.0
62.22665030075919,-56.074651435574914,19.99999999999996,0.0,0.0,0.0
61.24910319492712,-55.8498393397757,19.999999999999957,0.0,0.0,0.0
60.27689035704275,-55.6256160007748,19.999999999999957,0.0,0.0,0.0
59.30956429263526,-55.402044612117024,19.99999999999996,0.0,0.0,0.0
58.34671115534112,-55.179146915960686,19.99999999999996,0.0,0.0,0.0
57.38795516521101,-54.95690370064187,19.99999999999996,0.0,0.0,0.0
56.43296260784436,-54.735255666345935,19.99999999999996,0.0,0.0,0.0
55.48144540190092,-54.514104631399746,19.999999999999957,0.0,0.0,0.0
54.53316422442478,-54.29331505149741,19.999999999999954,0.0,0.0,0.0
53.58793118471166,-54.072715823917854,19.999999999999957,0.0,0.0,0.0
52.645612038396195,-53.85210234848423,19.999999999999957,0.0,0.0,0.0
51.70612793424847,-53.63123881666484,19.999999999999957,0.0,0.0,0.0
50.769456687035174,-53.4098606998414,19.999999999999954,0.0,0.0,0.0
49.83563357088368,-53.1876774074002,19.999999999999954,0.0,0.0,0.0
48.904751629014164,-52.96437508496531,19.99999999999996,0.0,0.0,0.0
47.976961497572844,-52.73961952282765,19.99999999999996,0.0,0.0,0.0
47.052470743674654,-52.51305914446956,19.99999999999996,0.0,0.0,0.0
46.13154272067301,-52.28432804507881,19.999999999999957,0.0,0.0,0.0
45.21449494711769,-52.05304905013345,19.999999999999957,0.0,0.0,0.0
44.30169701980154,-51.818836764552515,19.999999999999957,0.0,0.0,0.0
43.39356807566648,-51.58130058358542,19.99999999999996,0.0,0.0,0.0
42.49057382204427,-51.340047637580504,19.999999999999957,0.0,0.0,0.0
41.59322315962877,-51.094685644052916,19.999999999999957,0.0,0.0,0.0
40.70206442757511,-50.84482564207555,19.999999999999957,0.0,0.0,0.0
39.8176813050445,-50.590084585946535,19.99999999999996,0.0,0.0,0.0
38.940688408202895,-50.33008777733418,19.99999999999996,0.0,0.0,0.0
38.07172662597641,-50.064471117645624,19.99999999999996,0.0,0.0,0.0
37.211458241615574,-49.79288316517809,19.999999999999957,0.0,0.0,0.0
36.36056189018403,-49.51498698465045,19.999999999999957,0.0,0.0,0.0
35.519727404349936,-49.23046177992632,19.99999999999996,0.0,0.0,0.0
34.68965060222823,-48.939004304069925,19.99999999999996,0.0,0.0,0.0
33.87102807143939,-48.64033004425809,19.999999999999957,0.0,0.0,0.0
33.06455200298922,-48.33417418243546,19.99999999999996,0.0,0.0,0.0
32.270905127042454,-48.020292335877826,19.999999999999957,0.0,0.0,0.0
31.490755800203342,-47.69846108494888,19.99999999999996,0.0,0.0,0.0
30.724753290601498,-47.368478298235,19.999999999999957,0.0,0.0,0.0
29.973523303013543,-47.03016326786034,19.999999999999957,0.0,0.0,0.0
29.237663781552858,-46.68335667006919,19.999999999999957,0.0,0.0,0.0
28.517741022271185,-46.3279203680721,19.99999999999996,0.0,0.0,0.0
27.81428612248598,-45.96373707565487,19.99999999999996,0.0,0.0,0.0
27.127791787928352,-45.59070990112551,19.99999999999996,0.0,0.0,0.0
26.458709513046735,-45.20876179181573,19.999999999999964,0.0,0.0,0.0
25.807447144140347,-44.81783489956217,19.999999999999957,0.0,0.0,0.0
25.17436682955941,-44.4178898873845,19.999999999999964,0.0,0.0,0.0
24.559783356103885,-44.00890519697454,19.99999999999996,0.0,0.0,0.0
23.963962866065337,-43.590876295646744,19.999999999999964,0.0,0.0,0.0
23.38712194515475,-43.163814920113055,19.999999999999964,0.0,0.0,0.0
22.82942706788726,-42.72774833288259,19.999999999999964,0.0,0.0,0.0
22.290994383871425,-42.28271860529083,19.999999999999964,0.0,0.0,0.0
21.771889825891993,-41.8287819391961,19.999999999999964,0.0,0.0,0.0
21.27212951865194,-41.366008037278,19.999999999999968,0.0,0.0,0.0
20.791680465547135,-40.89447952970471,19.999999999999968,0.0,0.0,0.0
20.330461489826842,-40.41429146272886,19.99999999999997,0.0,0.0,0.0
19.888344405924283,-39.92555085259641,19.99999999999997,0.0,0.0,0.0
19.465155396552262,-39.42837630602631,19.99999999999997,0.0,0.0,0.0
19.06067657132055,-38.9228977065025,19.99999999999998,0.0,0.0,0.0
18.67464768307486,-38.409255963727794,19.999999999999975,0.0,0.0,0.0
18.306767978847354,-37.88760282186277,19.999999999999982,0.0,0.0,0.0
17.956698163191962,-37.358100720629025,19.99999999999998,0.0,0.0,0.0
17.624062452718235,-36.820922702013945,19.999999999999982,0.0,0.0,0.0
17.30845070179648,-36.276252354188514,19.999999999999982,0.0,0.0,0.0
17.009420580656094,-35.724283783346316,19.99999999999999,0.0,0.0,0.0
16.72649978841061,-35.16522160349711,19.999999999999986,0.0,0.0,0.0
16.459188284897866,-34.59928093380013,19.999999999999993,0.0,0.0,0.0
16.206960526603652,-34.02668739279703,19.999999999999993,0.0,0.0,0.0
15.969267693330043,-33.44767707889474,19.999999999999993,0.0,0.0,0.0
15.74553989366417,-32.86249652664358,19.999999999999993,0.0,0.0,0.0
15.535188338691768,-32.27140262874225,20.0,0.0,0.0,0.0
15.337607474775211,-31.674662514264135,20.0,0.0,0.0,0.0
15.15217706757236,-31.07255337432038,20.0,0.0,0.0,0.0
14.978264230804882,-30.465362227236977,20.000000000000004,0.0,0.0,0.0
14.815225394586802,-29.85338561630484,20.0,0.0,0.0,0.0
14.662408209390952,-29.236929234244137,20.000000000000004,0.0,0.0,0.0
14.519153382955357,-28.616307469686134,20.00000000000001,0.0,0.0,0.0
14.384796448607126,-27.991842872196596,20.000000000000007,0.0,0.0,0.0
14.258669464600432,-27.363865533625155,20.000000000000007,0.0,0.0,0.0
14.140102645119203,-26.732712384843722,20.000000000000014,0.0,0.0,0.0
14.028425924576398,-26.09872640821757,20.00000000000001,0.0,0.0,0.0
13.922970457740504,-25.462255767414646,20.000000000000014,0.0,0.0,0.0
13.823070059028542,-24.823652857387536,20.000000000000014,0.0,0.0,0.0
13.728062585014033,-24.183273278541893,20.00000000000002,0.0,0.0,0.0
13.637291264800414,-23.541474740220952,20.000000000000018,0.0,0.0,0.0
13.550105983397968,-22.898615899676,20.00000000000002,0.0,0.0,0.0
13.465864523608941,-22.255055143646334,20.000000000000014,0.0,0.0,0.0
13.383933772165639,-21.611149320528625,20.00000000000002,0.0,0.0,0.0
13.303690895976432,-20.967252431868474,20.00000000000002,0.0,0.0,0.0
13.224524494311241,-20.323714292548168,20.000000000000025,0.0,0.0,0.0
13.14583573260102,-19.68087916957004,20.00000000000003,0.0,0.0,0.0
13.067039463234721,-19.039084409740372,20.00000000000002,0.0,0.0,0.0
12.987565338314536,-18.398659066842853,20.000000000000025,0.0,0.0,0.0
12.906858918780042,-17.759922539051598,20.00000000000003,0.0,0.0,0.0
12.824382783638796,-17.12318322737326,20.00000000000003,0.0,0.0,0.0
12.739617642252552,-16.488737225827347,20.000000000000025,0.0,0.0,0.0
12.652063451733001,-15.856867053876531,20.00000000000003,0.0,0.0,0.0
12.561240540508491,-15.227840441310947,20.00000000000002,0.0,0.0,0.0
12.466690738044738,-14.601909175375667,20.00000000000003,0.0,0.0,0.0
12.36797850955112,-13.979308019419014,20.00000000000003,0.0,0.0,0.0
12.264692093291785,-13.360253711737753,20.00000000000003,0.0,0.0,0.0
12.156444636863412,-12.7449440526149,20.000000000000025,0.0,0.0,0.0
12.042875327511679,-12.133557086797074,20.000000000000025,0.0,0.0,0.0
11.923650510253063,-11.526250387854686,20.000000000000025,0.0,0.0,0.0
11.7984647862615,-10.923160450021799,20.00000000000003,0.0,0.0,0.0
11.66704208268557,-10.324402192239235,20.00000000000003,0.0,0.0,0.0
11.5291366837965,-9.730068578238258,20.00000000000002,0.0,0.0,0.0
11.384534212142508,-9.140230355619893,20.00000000000002,0.0,0.0,0.0
11.233052547215005,-8.554935916022485,20.00000000000002,0.0,0.0,0.0
11.074542668027066,-7.974211277644157,20.000000000000018,0.0,0.0,0.0
10.908889404974975,-7.398060190613875,20.000000000000018,0.0,0.0,0.0
10.7360120854071,-6.82646436500117,20.000000000000014,0.0,0.0,0.0
10.555865056467429,-6.2593838206359065,20.000000000000014,0.0,0.0,0.0
10.368438068017745,-5.696757357390022,20.00000000000002,0.0,0.0,0.0
10.1737564977742,-5.138503144167061,20.000000000000018,0.0,0.0,0.0
9.97188140022112,-4.584519424563594,20.000000000000014,0.0,0.0,0.0
9.762909360383908,-4.034685337019432,20.000000000000014,0.0,0.0,0.0
9.546972133148952,-3.488861847268946,20.000000000000018,0.0,0.0,0.0
9.324236048503934,-2.9468927910474325,20.000000000000014,0.0,0.0,0.0
9.094901162826828,-2.4086060252982904,20.000000000000014,0.0,0.0,0.0
8.859200136164405,-1.8738146865657288,20.000000000000014,0.0,0.0,0.0
8.617396815296473,-1.3423185558413069,20.00000000000002,0.0,0.0,0.0
8.369784502264382,-0.8139055298513179,20.00000000000001,0.0,0.0,0.0
8.116683887933517,-0.2883531996156912,20.000000000000014,0.0,0.0,0.0
7.858440630039149,0.23456946193791894,20.000000000000018,0.0,0.0,0.0
7.595422555012266,0.7551003004776196,20.000000000000014,0.0,0.0,0.0
7.328016462674284,1.273482064947589,20.000000000000014,0.0,0.0,0.0
7.056624512602378,1.7899603713266647,20.00000000000002,0.0,0.0,0.0
6.781660170577694,2.304781539190702,20.000000000000014,0.0,0.0,0.0
6.503543693011088,2.8181902936390197,20.000000000000018,0.0,0.0,0.0
6.222697126572646,3.3304273240190105,20.000000000000014,0.0,0.0,0.0
5.939538799407857,3.841726689825572,20.000000000000018,0.0,0.0,0.0
5.654477279285611,4.352313063188396,20.00000000000002,0.0,0.0,0.0
5.367904772773299,4.862398796513889,20.00000000000002,0.0,0.0,0.0
5.080189938059397,5.372180803134226,20.000000000000018,0.0,0.0,0.0
4.791670082340994,5.881837238243577,20.000000000000025,0.0,0.0,0.0
4.50264271276513,6.391523966962566,20.000000000000025,0.0,0.0,0.0
4.213356407777672,6.901370806048443,20.00000000000003,0.0,0.0,0.0
3.924000973426587,7.4114775255164576,20.00000000000003,0.0,0.0,0.0
3.6346968467430525,7.921909596191729,20.00000000000003,0.0,0.0,0.0
3.345483705869412,8.432693668869724,20.000000000000036,0.0,0.0,0.0
3.056308244234615,8.943812770190075,20.000000000000032,0.0,0.0,0.0
2.767011063957474,9.455201199338028,20.00000000000003,0.0,0.0,0.0
2.477312641997297,9.96673910804015,20.00000000000004,0.0,0.0,0.0
2.186798321647234,10.478246743711948,20.000000000000036,0.0,0.0,0.0
1.8949022821260777,10.989478331665323,20.000000000000032,0.0,0.0,0.0
1.600890440709318,11.500115566529885,20.000000000000036,0.0,0.0,0.0
1.3038422455930037,12.00976067492519,20.000000000000032,0.0,0.0,0.0
1.00263132416669,12.517929000278663,20.00000000000003,0.0,0.0,0.0
0.6959049613924245,13.024041045744644,20.000000000000032,0.0,0.0,0.0
0.3820623975067684,13.527413891557293,20.000000000000018,0.0,0.0,0.0
0.05923195443646561,14.02725187785202,20.00000000000002,0.0,0.0,0.0
359.725247027501,14.522636411924978,20.000000000000007,0.0,0.0,0.0
359.3776210147605,15.01251471891189,20.000000000000004,0.0,0.0,0.0
359.0135213026063,15.495687305774952,19.99999999999999,0.0,0.0,0.0
358.62974248502326,15.97079384916505,19.99999999999997,0.0,0.0,0.0
