galstreams/tracks/track.st.Gaia-2.ibata2021.ecsv
# %ECSV 0.9
# ---
# datatype:
# - {name: ra, unit: deg, datatype: float64}
# - {name: dec, unit: deg, datatype: float64}
# - {name: distance, unit: kpc, datatype: float64}
# - {name: pm_ra_cosdec, unit: mas / yr, datatype: float64}
# - {name: pm_dec, unit: mas / yr, datatype: float64}
# - {name: radial_velocity, unit: km / s, datatype: float64}
# delimiter: ','
# meta: !!omap
# - __serialized_columns__:
#     dec:
#       __class__: astropy.coordinates.angles.Latitude
#       unit: &id001 !astropy.units.Unit {unit: deg}
#       value: !astropy.table.SerializedColumn {name: dec}
#     distance:
#       __class__: astropy.coordinates.distances.Distance
#       unit: !astropy.units.Unit {unit: kpc}
#       value: !astropy.table.SerializedColumn {name: distance}
#     pm_dec:
#       __class__: astropy.units.quantity.Quantity
#       unit: !astropy.units.Unit {unit: mas / yr}
#       value: !astropy.table.SerializedColumn {name: pm_dec}
#     pm_ra_cosdec:
#       __class__: astropy.units.quantity.Quantity
#       unit: !astropy.units.Unit {unit: mas / yr}
#       value: !astropy.table.SerializedColumn {name: pm_ra_cosdec}
#     ra:
#       __class__: astropy.coordinates.angles.Longitude
#       unit: *id001
#       value: !astropy.table.SerializedColumn {name: ra}
#       wrap_angle: !astropy.coordinates.Angle
#         unit: *id001
#         value: 360.0
#     radial_velocity:
#       __class__: astropy.units.quantity.Quantity
#       unit: !astropy.units.Unit {unit: km / s}
#       value: !astropy.table.SerializedColumn {name: radial_velocity}
# schema: astropy-2.0
ra,dec,distance,pm_ra_cosdec,pm_dec,radial_velocity
[from data line 1368]
8.822135562798639,-20.427417566242433,7.066779745523998,-0.013256470889683538,0.13820428011704403,-5.262979456170211e-16
8.8268207387516,-20.43654263534325,7.066319356541106,-0.015115061772848484,0.1368964646735989,0.0
8.831502626310217,-20.44566995741825,7.065856693891074,-0.016982292092530715,0.13557959663871239,0.0
8.836181219260293,-20.454799536435683,7.065391754184298,-0.01885817501753667,0.13425365887807633,-2.6314897280851057e-16
8.840856511385908,-20.463931376364375,7.064924534031172,-0.02074272371580701,0.13291863425701245,-2.6314897280851057e-16
8.8455284964694,-20.473065481173727,7.064455030042098,-0.022635951354424227,0.131574505640481,-2.6314897280851057e-16
8.850197168291377,-20.482201854833722,7.063983238827472,-0.024537871099621616,0.1302212558930885,0.0
8.854862520630704,-20.491340501314927,7.063509156997688,-0.026448496116791897,0.12885886787909637,-5.262979456170211e-16
8.859524547264499,-20.500481424588457,7.06303278116315,-0.028367839570495133,0.1274873244624292,0.0
8.864183241968135,-20.509624628626042,7.062554107934248,-0.03029591462446857,0.12610660850668248,2.6314897280851057e-16
8.86883859851522,-20.518770117399956,7.062073133921387,-0.03223273444163398,0.1247167028751317,-2.6314897280851057e-16
8.873490610677619,-20.527917894883053,7.0615898557349555,-0.03417831218410737,0.12331759043074046,-5.262979456170211e-16
8.878139272225424,-20.537067965048756,7.061104269985359,-0.036132661013207334,0.1219092540361684,0.0
8.882784576926964,-20.54622033187107,7.06061637328299,-0.03809579408946339,0.12049167655378032,-2.6314897280851057e-16
8.8874265185488,-20.555374999324552,7.0601261622382445,-0.040067724572625855,0.11906484084565414,-2.6314897280851057e-16
8.892065090855713,-20.56453197138433,7.059633633461527,-0.042048465621673324,0.11762872977358971,-5.262979456170211e-16
8.89670028761071,-20.573691252026098,7.059138783563228,-0.04403803039482296,0.11618332619911705,0.0
8.901332102575006,-20.58285284522613,7.058641609153747,-0.04603643204953807,0.11472861298350491,-7.8944691842553165e-16
8.905960529508043,-20.592016754961236,7.058142106843483,-0.048043683742538,0.11326457298776953,2.6314897280851057e-16
8.910585562167459,-20.601182985208816,7.05764027324283,-0.05005979862980702,0.11179118907268301,0.0
8.915207194309101,-20.61035153994681,7.057136104962188,-0.05208478986660261,0.11030844409878224,-2.6314897280851057e-16
8.919825419687013,-20.619522423153725,7.056629598611953,-0.05411867060746537,0.10881632092637711,-5.262979456170211e-16
8.924440232053437,-20.628695638808622,7.056120750802524,-0.056161454006227705,0.10731480241555941,2.6314897280851057e-16
8.929051625158806,-20.63787119089113,7.055609558144297,-0.05821315321602233,0.10580387142621213,-1.3157448640425528e-16
8.933659592751736,-20.647049083381425,7.055096017247669,-0.06027378138929316,0.10428351081801686,-1.3157448640425528e-16
8.938264128579029,-20.656229320260234,7.054580124723039,-0.06234335167780253,0.1027537034504638,1.3157448640425528e-16
8.94286522638567,-20.665411905508858,7.0540618771808,-0.0644218772326418,0.10121443218286004,0.0
8.947462879914802,-20.674596843109118,7.053541271231356,-0.06650937120424029,0.09966567987433808,-5.262979456170211e-16
8.952057082907755,-20.6837841370434,7.053018303485099,-0.0686058467423736,0.09810742938386566,-2.6314897280851057e-16
8.95664782910401,-20.692973791294644,7.052492970552428,-0.07071131699617474,0.09653966357025347,2.6314897280851057e-16
8.961235112241225,-20.70216580984635,7.05196526904374,-0.07282579511414164,0.09496236529216498,-2.6314897280851057e-16
8.965818926055192,-20.71136019668252,7.051435195569435,-0.0749492942441482,0.09337551740812491,-1.3157448640425528e-16
8.970399264279873,-20.720556955787757,7.050902746739907,-0.07708182753345247,0.0917791027765283,-2.6314897280851057e-16
8.974976120647373,-20.729756091147163,7.050367919165555,-0.07922340812870673,0.09017310425564969,-3.9472345921276583e-16
8.979549488887933,-20.738957606746403,7.049830709456776,-0.08137404917596719,0.08855750470365178,-1.3157448640425528e-16
8.984119362729945,-20.748161506571687,7.049291114223966,-0.08353376382070275,0.08693228697859517,-3.9472345921276583e-16
8.98868573589992,-20.757367794609753,7.048749130077525,-0.08570256520780549,0.08529743393844638,-3.9472345921276583e-16
8.993248602122513,-20.766576474847884,7.048204753627847,-0.08788046648159963,0.08365292844108836,-2.6314897280851057e-16
8.997807955120493,-20.775787551273886,7.047657981485334,-0.09006748078585182,0.08199875334432828,-1.3157448640425528e-16
9.002363788614758,-20.78500102787613,7.0471088102603785,-0.09226362126378018,0.08033489150590752,0.0
9.006916096324316,-20.794216908643495,7.04655723656338,-0.09446890105806424,0.07866132578351101,-1.3157448640425528e-16
9.011464871966293,-20.803435197565406,7.0460032570047355,-0.09668333331085525,0.07697803903477565,-3.9472345921276583e-16
9.016010109255912,-20.812655898631817,7.045446868194843,-0.09890693116378495,0.07528501411730065,-5.262979456170211e-16
9.02055180190651,-20.821879015833193,7.0448880667441,-0.10113970775797634,0.0735822338886559,-1.3157448640425528e-16
9.025089943629517,-20.831104553160564,7.044326849262903,-0.10338167623405342,0.07186968120639184,-3.9472345921276583e-16
9.029624528134454,-20.84033251460546,7.0437632123616485,-0.10563284973215037,0.07014733892804874,-5.262979456170211e-16
9.034155549128936,-20.849562904159942,7.043197152650737,-0.10789324139192256,0.06841518991116598,-6.578724320212764e-16
9.03868300031866,-20.8587957258166,7.042628666740561,-0.11016286435255565,0.06667321701329165,-3.9472345921276583e-16
9.043206875407398,-20.86803098356854,7.042057751241523,-0.1124417317527761,0.06492140309199186,-2.6314897280851057e-16
9.047727168097007,-20.877268681409404,7.0414844027640155,-0.1147298567308615,0.0631597310048602,-6.578724320212764e-16
9.052243872087413,-20.886508823333347,7.040908617918441,-0.11702725242464952,0.06138818360952742,-3.9472345921276583e-16
9.056756981076598,-20.895751413335024,7.040330393315191,-0.1193339319715498,0.05960674376367096,-2.6314897280851057e-16
9.061266488760614,-20.904996455409623,7.039749725564668,-0.12164990850855228,0.057815394325024666,-2.6314897280851057e-16
9.06577238883357,-20.91424395355287,7.039166611277269,-0.12397519517223907,0.05601411815138744,-5.262979456170211e-16
9.070274674987624,-20.92349391176096,7.038581047063386,-0.12630980509879314,0.05420289810063483,-1.3157448640425528e-16
9.074773340912984,-20.932746334030636,7.03799302953342,-0.1286537514240101,0.052381717030726735,-3.9472345921276583e-16
9.079268380297892,-20.942001224359128,7.03740255529777,-0.13100704728330767,0.05055055779971794,-3.9472345921276583e-16
9.083759786828644,-20.951258586744196,7.036809620966832,-0.13336970581173602,0.048709403265768135,-3.289362160106382e-16
9.088247554189554,-20.960518425184095,7.036214223151002,-0.1357417401439885,0.04685823628715132,1.3157448640425528e-16
9.092731676062979,-20.9697807436776,7.035616358460677,-0.13812316341441172,0.04499703972226569,-1.9736172960638291e-16
9.097212146129282,-20.97904554622397,7.035016023506259,-0.14051398875701668,0.04312579642964338,-1.3157448640425528e-16
9.101688958066864,-20.98831283682299,7.034413214898139,-0.14291422930548892,0.041244489267960295,-2.6314897280851057e-16
9.106162105552128,-20.997582619474933,7.033807929246718,-0.14532389819319835,0.03935310109604633,-4.605107024148935e-16
9.11063158225949,-21.00685489818058,7.033200163162393,-0.14774300855321126,0.03745161477289499,6.578724320212764e-17
9.115097381861373,-21.01612967694121,7.032589913255559,-0.15017157351829993,0.035540013157673384,-3.289362160106382e-16
9.119559498028199,-21.025406959758584,7.031977176136618,-0.15260960622095351,0.03361827910973234,-6.578724320212764e-17
9.124017924428383,-21.034686750634993,7.031361948415963,-0.15505711979338904,0.03168639548861624,-7.8944691842553165e-16
9.128472654728332,-21.043969053573193,7.030744226703994,-0.15751412736756265,0.02974434515407273,-2.6314897280851057e-16
