galstreams/tracks/track.st.Ophiuchus.caldwell2020.ecsv
# %ECSV 1.0
# ---
# datatype:
# - {name: ra, unit: deg, datatype: float64}
# - {name: dec, unit: deg, datatype: float64}
# - {name: distance, unit: kpc, datatype: float64}
# - {name: pm_ra_cosdec, unit: mas / yr, datatype: float64}
# - {name: pm_dec, unit: mas / yr, datatype: float64}
# - {name: radial_velocity, unit: km / s, datatype: float64}
# delimiter: ','
# meta: !!omap
# - __serialized_columns__:
#     dec:
#       __class__: astropy.coordinates.angles.Latitude
#       unit: &id001 !astropy.units.Unit {unit: deg}
#       value: !astropy.table.SerializedColumn {name: dec}
#     distance:
#       __class__: astropy.coordinates.distances.Distance
#       unit: !astropy.units.Unit {unit: kpc}
#       value: !astropy.table.SerializedColumn {name: distance}
#     pm_dec:
#       __class__: astropy.units.quantity.Quantity
#       unit: !astropy.units.Unit {unit: mas / yr}
#       value: !astropy.table.SerializedColumn {name: pm_dec}
#     pm_ra_cosdec:
#       __class__: astropy.units.quantity.Quantity
#       unit: !astropy.units.Unit {unit: mas / yr}
#       value: !astropy.table.SerializedColumn {name: pm_ra_cosdec}
#     ra:
#       __class__: astropy.coordinates.angles.Longitude
#       unit: *id001
#       value: !astropy.table.SerializedColumn {name: ra}
#       wrap_angle: !astropy.coordinates.Angle
#         unit: *id001
#         value: 360.0
#     radial_velocity:
#       __class__: astropy.units.quantity.Quantity
#       unit: !astropy.units.Unit {unit: km / s}
#       value: !astropy.table.SerializedColumn {name: radial_velocity}
# schema: astropy-2.0
ra,dec,distance,pm_ra_cosdec,pm_dec,radial_velocity
[from data line 276]
243.80117324615043,-6.855981742169196,8.333333333333334,-7.019938001423876,-4.377795397193714,1.2631150694808508e-13
243.8112019236895,-6.856683127434649,8.333333333333336,-7.030118936214631,-4.378226101638478,5.0524602779234026e-14
243.82122946569442,-6.857392768156374,8.333333333333334,-7.040282991878334,-4.378668868957488,1.642049590325106e-13
243.83125586069988,-6.858110751467413,8.333333333333334,-7.050429624274431,-4.379123289294873,-5.894536990910637e-14
243.8412810971751,-6.858837165029061,8.333333333333334,-7.060558289186207,-4.379588949160852,1.0525958912340423e-13
243.85130516352783,-6.859572097005182,8.333333333333334,-7.07066844241226,-4.380065431524107,2.2315032894161697e-13
243.86132804810785,-6.860315636036589,8.333333333333332,-7.080759539857981,-4.380552315904178,-2.947268495455318e-14
243.87134973921027,-6.8610678712153685,8.333333333333336,-7.090831037627018,-4.381049178463855,1.0525958912340423e-13
243.88137022507942,-6.8618288920592025,8.333333333333336,-7.100882392112739,-4.381555592101605,1.9788802755199994e-13
243.89138949391238,-6.8625987884857516,8.333333333333334,-7.110913060089665,-4.38207112654399,1.2631150694808508e-13
243.90140753386245,-6.863377650786974,8.333333333333336,-7.120922498804898,-4.382595348438103,-1.2631150694808508e-13
243.91142433304253,-6.864165569603445,8.333333333333332,-7.130910166069559,-4.383127821444021,-1.0525958912340423e-13
243.92143987952912,-6.864962635898742,8.333333333333334,-7.140875520350159,-4.38366810632727,8.420767129872338e-14
243.93145416136582,-6.865768940933758,8.333333333333336,-7.150818020860035,-4.384215761051299,0.0
243.94146716656627,-6.866584576241027,8.333333333333334,-7.160737127650712,-4.384770340869964,7.578690416885104e-14
243.95147888311854,-6.867409633599104,8.333333333333336,-7.170632301703271,-4.385331398420026,1.8104649329225526e-13
243.96148929898823,-6.868244205006866,8.333333333333332,-7.180503005019725,-4.385898483813671,5.4734986344170195e-14
243.97149840212197,-6.869088382657876,8.333333333333336,-7.190348700714344,-4.386471144731014,1.0104920555846805e-13
243.98150618045113,-6.869942258914688,8.333333333333334,-7.20016885310503,-4.387048926512664,-3.368306851948935e-14
243.99151262189525,-6.870805926283225,8.333333333333336,-7.209962927804593,-4.387631372252236,1.5999457546757442e-13
244.00151771436586,-6.871679477387095,8.333333333333334,-7.2197303918121065,-4.388218022888947,2.1051917824680845e-13
244.01152144576957,-6.872563004941905,8.333333333333332,-7.22947071360418,-4.3888084173001545,8.420767129872338e-15
244.0215238040118,-6.873456601729647,8.333333333333334,-7.239183363226267,-4.389402092393961,2.063087946818723e-13
244.0315247770006,-6.874360360573003,8.333333333333336,-7.248867812383933,-4.38999858320181,-1.8525687685719145e-13
244.04152435264942,-6.875274374309664,8.333333333333334,-7.258523534534124,-4.39059742297108,2.1893994537668078e-13
244.05152251888168,-6.876198735766701,8.333333333333332,-7.268150004976419,-4.391198143257725,-1.6841534259744676e-14
244.06151926363333,-6.8771335377348874,8.333333333333332,-7.277746700944271,-4.391800274018881,6.73661370389787e-14
244.07151457485682,-6.878078872943001,8.333333333333336,-7.287313101696243,-4.392403343705535,2.1051917824680846e-14
244.08150844052457,-6.8790348340322085,8.333333333333336,-7.296848688607227,-4.393006879355171,2.2736071250655313e-13
244.09150084863262,-6.880001513530365,8.333333333333334,-7.306352945259639,-4.393610406684442,-5.4734986344170195e-14
244.10149178720366,-6.880979003826363,8.333333333333336,-7.31582535753462,-4.394213450181841,-1.0946997268834039e-13
244.11148124429099,-6.881967397144435,8.333333333333334,-7.325265413703236,-4.3948155332004095,-9.262843842859572e-14
244.12146920798182,-6.88296678551852,8.333333333333334,-7.334672604517612,-4.395416178050428,5.4734986344170195e-14
244.13145566640102,-6.883977260766592,8.333333333333334,-7.344046423302125,-4.396014906092148,-6.73661370389787e-14
244.141440607714,-6.88499891446495,8.333333333333334,-7.353386366044544,-4.396611237828509,-1.6841534259744676e-14
244.1514240201309,-6.886031837922598,8.333333333333334,-7.36269193148715,-4.397204692997882,1.0525958912340423e-13
244.1614058919098,-6.887076122155563,8.333333333333332,-7.37196262121787,-4.397794790666837,-7.999728773378721e-14
244.1713862113598,-6.88813185786118,8.333333333333336,-7.3811979397613925,-4.398381049322879,1.8525687685719145e-13
244.18136496684534,-6.889199135392487,8.333333333333336,-7.390397394670268,-4.398962986967264,-5.4734986344170195e-14
244.19134214678894,-6.890278044732522,8.333333333333334,-7.3995604966159885,-4.399540121207755,2.1051917824680846e-14
244.20131773967495,-6.891368675468628,8.333333333333334,-7.408686759480062,-4.400111969351441,0.0
244.21129173405305,-6.892471116766817,8.333333333333334,-7.417775700445092,-4.40067804849755,2.5262301389617013e-14
244.2212641185417,-6.893585457346091,8.333333333333334,-7.4268268400858135,-4.401237875630271,8.841805486365955e-14
244.2312348818316,-6.894711785452762,8.333333333333334,-7.435839702460138,-4.4017909677115945,-4.631421921429786e-14
244.24120401268888,-6.8958501888347525,8.333333333333334,-7.4448138152001935,-4.402336841774159,8.420767129872338e-14
244.25117149995913,-6.897000754715975,8.333333333333334,-7.453748709603323,-4.402875015014118,1.0525958912340423e-13
244.26113733257037,-6.89816356977062,8.333333333333334,-7.4626439207230995,-4.403405004884011,1.0525958912340423e-13
244.27110149953657,-6.899338720097477,8.333333333333336,-7.471498987460315,-4.403926329185648,-4.210383564936169e-14
244.28106398996127,-6.900526291194286,8.333333333333334,-7.480313452653974,-4.404438506163015,5.4734986344170195e-14
244.29102479304098,-6.901726367932054,8.333333333333336,-7.4890868631722345,-4.404941054595174,2.947268495455318e-14
244.3009838980684,-6.902939034529339,8.333333333333336,-7.4978187700034,-4.4054334938891895,-1.2631150694808506e-14
244.31094129443616,-6.904164374526637,8.333333333333334,-7.5065087283468355,-4.405915344173069,6.73661370389787e-14
244.32089697164017,-6.905402470760671,8.333333333333334,-7.515156297703915,-4.406386126388696,-3.789345208442552e-14
244.33085091928277,-6.906653405338691,8.333333333333334,-7.523761041968946,-4.4068453623847965,5.4734986344170195e-14
244.34080312707655,-6.907917259612847,8.333333333333332,-7.532322529520067,-4.4072925750099134,2.315710960714893e-13
244.3507535848477,-6.9091941141544675,8.333333333333332,-7.540840333310156,-4.407727288205373,7.578690416885104e-14
244.36070228253905,-6.910484048728407,8.333333333333334,-7.549314030957709,-4.408149027098289,2.3999186320136165e-13
244.37064921021405,-6.9117871422673485,8.333333333333334,-7.557743204837724,-4.4085573180945765,1.0525958912340423e-13
244.38059435805974,-6.913103472846132,8.333333333333336,-7.566127442172548,-4.408951688971951,2.020984111169361e-13
244.39053771639044,-6.914433117656078,8.333333333333336,-7.574466335122739,-4.4093316689729685,1.0946997268834039e-13
244.40047927565095,-6.915776152979295,8.333333333333334,-7.58275948087791,-4.409696788898068,2.315710960714893e-13
244.41041902642016,-6.917132654163018,8.333333333333336,-7.591006481747524,-4.4100465811986185,2.1051917824680846e-14
244.42035695941416,-6.9185026955938955,8.333333333333334,-7.5992069452517566,-4.410380580069991,3.368306851948935e-14
244.43029306549005,-6.919886350672343,8.333333333333334,-7.607360484212254,-4.410698321544627,4.210383564936169e-14
244.44022733564893,-6.9212836917868295,8.333333333333334,-7.615466716842957,-4.41099934358514,-6.73661370389787e-14
244.45015976103957,-6.9226947902882205,8.333333333333334,-7.6235252668408515,-4.411283186177401,-3.368306851948935e-14
244.46009033296158,-6.924119716464075,8.333333333333334,-7.631535763476767,-4.4115493914236605,1.642049590325106e-13
244.47001904286915,-6.925558539512969,8.333333333333334,-7.639497841686101,-4.411797503635672,-1.2631150694808506e-14
244.47994588237387,-6.9270113275188185,8.333333333333334,-7.647411142159591,-4.4120270694278245,8.420767129872338e-14
244.48987084324867,-6.928478147425181,8.333333333333334,-7.655275311434017,-4.412237637810293,2.315710960714893e-13
244.49979391743088,-6.929959065009576,8.333333333333334,-7.663090001982949,-4.412428760282195,1.8525687685719145e-13
244.50971509702566,-6.931454144857805,8.333333333333334,-7.6708548723074435,-4.412599990924769,1.7262572616238293e-13
244.5196343743095,-6.932963450338265,8.333333333333334,-7.678569587026725,-4.412750886494548,-8.420767129872338e-15
244.52955174173323,-6.934487043576248,8.333333333333334,-7.686233816968905,-4.412881006516557,2.063087946818723e-13
244.53946719192598,-6.936024985428269,8.333333333333334,-7.693847239261618,-4.412989913377529,-6.73661370389787e-14
244.5493807176978,-6.937577335456375,8.333333333333334,-7.701409537422709,-4.413077172419105,1.8104649329225526e-13
244.55929231204382,-6.9391441519024575,8.333333333333334,-7.708920401450868,-4.413142352031082,1.2631150694808506e-14
244.56920196814687,-6.940725491662557,8.333333333333334,-7.716379527916276,-4.413185023744647,-1.221011233831489e-13
244.5791096793812,-6.942321410261187,8.333333333333334,-7.723786620051227,-4.413204762325619,2.020984111169361e-13
244.58901543931603,-6.94393196182564,8.333333333333334,-7.731141387840738,-4.413201145867738,1.0946997268834039e-13
244.59891924171836,-6.945557199060285,8.333333333333334,-7.738443548113161,-4.413173755885922,-9.683882199353189e-14
244.60882108055668,-6.9471971732209,8.333333333333332,-7.7456928246307655,-4.413122177409564,-2.5262301389617013e-14
244.61872095000427,-6.948851934088972,8.333333333333334,-7.752888948180316,-4.413045999075825,-5.894536990910637e-14
244.62861884444243,-6.950521529945997,8.333333333333336,-7.7600316566636485,-4.412944813222949,1.8525687685719145e-13
244.63851475846405,-6.952206007547806,8.333333333333336,-7.767120695188221,-4.412818215983597,-2.5262301389617013e-14
244.64840868687648,-6.953905412098861,8.333333333333332,-7.774155816157651,-4.412665807378159,-2.1051917824680846e-14
244.65830062470525,-6.955619787226563,8.333333333333332,-7.781136779362257,-4.412487191408112,2.3578147963642546e-13
244.66819056719748,-6.957349174955567,8.333333333333334,-7.788063352069566,-4.4122819761493846,5.0524602779234026e-14
244.67807850982473,-6.959093615682084,8.333333333333334,-7.794935309114845,-4.412049773845717,-5.894536990910637e-14
244.68796444828664,-6.960853148148196,8.333333333333334,-7.801752432991575,-4.411790201002039,8.841805486365955e-14
244.69784837851432,-6.962627809416145,8.333333333333334,-7.808514513941946,-4.411502878477871,6.315575347404254e-14
244.70773029667347,-6.964417634842656,8.333333333333334,-7.815221350047332,-4.411187431580727,3.789345208442552e-14
244.71761019916767,-6.966222658053234,8.333333333333334,-7.821872747318748,-4.410843490159519,-1.6841534259744676e-14
244.72748808264183,-6.968042910916472,8.333333333333336,-7.828468519787305,-4.410470688697993,5.894536990910637e-14
244.73736394398549,-6.969878423518351,8.333333333333334,-7.835008489594654,-4.410068666408169,-2.5262301389617013e-14
244.74723778033595,-6.971729224136553,8.333333333333334,-7.841492487083391,-4.409637067323782,-3.368306851948935e-14
244.75710958908167,-6.973595339214757,8.333333333333334,-7.847920350887507,-4.40917554039375,1.3894265764289357e-13
244.76697936786567,-6.975476793336946,8.333333333333334,-7.854291928022757,-4.408683739575642,2.5262301389617013e-14
244.77684711458863,-6.977373609201707,8.333333333333336,-7.8606070739770795,-4.408161323929167,-1.0525958912340423e-13
244.7867128274122,-6.979285807596538,8.333333333333334,-7.866865652800969,-4.407607957709665,8.841805486365955e-14
244.79657650476253,-6.981213407372145,8.333333333333334,-7.873067537197833,-4.4070233104616126,7.578690416885104e-14
244.80643814533312,-6.98315642541675,8.333333333333334,-7.879212608614369,-4.406407057112143,1.347322740779574e-13
244.81629774808857,-6.98511487663038,8.333333333333336,-7.885300757330899,-4.405758878064579,8.420767129872338e-14
244.82615531226745,-6.987088773899187,8.333333333333332,-7.891331882551714,-4.405078459291967,1.515738083377021e-13
244.83601083738583,-6.989078128069733,8.333333333333334,-7.897305892495382,-4.404365492430631,1.1368035625327657e-13
244.84586432324045,-6.991082947923295,8.333333333333334,-7.903222704485078,-4.403619674873739,4.210383564936169e-15
244.85571576991194,-6.993103240150162,8.333333333333334,-7.909082245038872,-4.402840709864879,5.894536990910637e-14
244.86556517776825,-6.995139009323939,8.333333333333334,-7.914884449960022,-4.4020283065916335,1.2631150694808506e-14
244.8754125474677,-6.997190257875844,8.333333333333334,-7.920629264427251,-4.401182180279193,-1.347322740779574e-13
244.88525787996232,-6.999256986069005,8.333333333333334,-7.926316643085016,-4.400302052283954,2.020984111169361e-13
244.89510117650133,-7.001339191972759,8.333333333333334,-7.931946550133764,-4.3993876501871405,-1.4736342477276593e-13
244.90494243863378,-7.003436871436946,8.333333333333332,-7.937518959420162,-4.398438707888433,4.210383564936169e-15
244.91478166821258,-7.005550018066212,8.333333333333334,-7.943033854527343,-4.397454965699621,7.157652060391487e-14
244.92461886739724,-7.007678623194302,8.333333333333334,-7.948491228865126,-4.396436170438247,-1.347322740779574e-13
244.93445403865707,-7.009822675858359,8.333333333333334,-7.953891085760222,-4.395382075521274,-7.578690416885104e-14
244.94428718477477,-7.011982162773212,8.333333333333334,-7.959233438546422,-4.39429244105876,-1.1368035625327657e-13
244.9541183088494,-7.0141570683056855,8.333333333333334,-7.964518310654799,-4.393167033947551,-9.683882199353189e-14
244.96394741429964,-7.016347374448881,8.333333333333334,-7.969745735703876,-4.39200562796497,1.0525958912340423e-13
244.97377450486724,-7.018553060796477,8.333333333333334,-7.97491575758979,-4.390808003862539,2.5262301389617013e-14
244.98359958461987,-7.020774104517025,8.333333333333334,-7.9800284305764455,-4.389573949459692,-2.1051917824680846e-14
244.9934226579546,-7.023010480328239,8.333333333333334,-7.985083819385648,-4.388303259737502,6.73661370389787e-14
245.00324372960114,-7.025262160471292,8.333333333333334,-7.990081999287247,-4.386995736932445,-2.1051917824680846e-14
245.0130628046249,-7.027529114685113,8.333333333333334,-7.995023056189246,-4.385651190630126,-1.347322740779574e-13
245.02287988843023,-7.029811310180665,8.333333333333332,-7.999907086727912,-4.38426943785907,6.315575347404254e-14
245.0326949867639,-7.0321087116152565,8.333333333333334,-8.004734198357863,-4.382850303184484,9.683882199353189e-14
245.0425081057179,-7.034421281066815,8.333333333333334,-8.00950450944217,-4.381393618802051,0.0
245.05231925173288,-7.036748978008192,8.333333333333334,-8.014218149342414,-4.379899224631729,1.3052189051302125e-13
245.06212843160137,-7.0390917592814475,8.333333333333336,-8.018875258508755,-4.378366968411559,2.2315032894161697e-13
245.0719356524709,-7.0414495790721405,8.333333333333336,-8.023475988569984,-4.376796705791491,9.262843842859572e-14
245.08174092184723,-7.0438223888836236,8.333333333333334,-8.028020502423564,-4.37518830042721,0.0
245.0915442475974,-7.046210137511322,8.333333333333334,-8.03250897432564,-4.373541624073986,1.1368035625327657e-13
245.10134563795324,-7.048612771017032,8.333333333333336,-8.036941589981083,-4.371856556680529,2.2736071250655313e-13
245.11114510151435,-7.051030232703212,8.333333333333336,-8.04131854663348,-4.370132986482853,7.157652060391487e-14
245.12094264725116,-7.053462463087267,8.333333333333332,-8.04564005315514,-4.3683708100981535,2.5262301389617013e-14
245.13073828450834,-7.055909399875829,8.333333333333334,-8.049906330137047,-4.366569932618691,5.0524602779234026e-14
245.14053202300798,-7.058370977939056,8.333333333333334,-8.05411760997888,-4.364730267705708,2.5262301389617013e-14
245.15032387285254,-7.060847129284912,8.333333333333336,-8.058274136978929,-4.36285173768332,-1.4736342477276593e-13
