galstreams/tracks/track.st.M5.grillmair2019.ecsv
# %ECSV 0.9
# ---
# datatype:
# - {name: ra, unit: deg, datatype: float64}
# - {name: dec, unit: deg, datatype: float64}
# - {name: distance, unit: kpc, datatype: float64}
# - {name: pm_ra_cosdec, unit: mas / yr, datatype: float64}
# - {name: pm_dec, unit: mas / yr, datatype: float64}
# - {name: radial_velocity, unit: km / s, datatype: float64}
# delimiter: ','
# meta: !!omap
# - __serialized_columns__:
#     dec:
#       __class__: astropy.coordinates.angles.Latitude
#       unit: &id001 !astropy.units.Unit {unit: deg}
#       value: !astropy.table.SerializedColumn {name: dec}
#     distance:
#       __class__: astropy.coordinates.distances.Distance
#       unit: !astropy.units.Unit {unit: kpc}
#       value: !astropy.table.SerializedColumn {name: distance}
#     pm_dec:
#       __class__: astropy.units.quantity.Quantity
#       unit: !astropy.units.Unit {unit: mas / yr}
#       value: !astropy.table.SerializedColumn {name: pm_dec}
#     pm_ra_cosdec:
#       __class__: astropy.units.quantity.Quantity
#       unit: !astropy.units.Unit {unit: mas / yr}
#       value: !astropy.table.SerializedColumn {name: pm_ra_cosdec}
#     ra:
#       __class__: astropy.coordinates.angles.Longitude
#       unit: *id001
#       value: !astropy.table.SerializedColumn {name: ra}
#       wrap_angle: !astropy.coordinates.Angle
#         unit: *id001
#         value: 360.0
#     radial_velocity:
#       __class__: astropy.units.quantity.Quantity
#       unit: !astropy.units.Unit {unit: km / s}
#       value: !astropy.table.SerializedColumn {name: radial_velocity}
# schema: astropy-2.0
ra,dec,distance,pm_ra_cosdec,pm_dec,radial_velocity
[from data line 138]
200.3963846264374,16.035212586733984,13.459667160712693,2.9808497574240462,-7.933903924901699,-1.0104920555846805e-13
200.19822591025348,16.118901344342266,13.441282416472925,2.971072592195764,-7.915177137844142,-6.73661370389787e-14
199.99994752855017,16.202516560919964,13.422886551122136,2.9613086993072075,-7.896399889851791,-8.420767129872338e-14
199.80154899787283,16.286058299384802,13.404479522481664,2.9515589428026345,-7.8775717629707875,-1.8525687685719145e-13
199.60302983333298,16.369526624269184,13.386061288372844,2.941824183125736,-7.858692334499751,-5.0524602779234026e-14
199.4043895485851,16.452921601727525,13.367631806617007,2.9321052770901717,-7.839761176938901,-1.515738083377021e-13
199.2056276558034,16.536243299543415,13.349191035035492,2.922403077849808,-7.8207778579395555,-8.420767129872338e-14
199.00674366565832,16.619491787136575,13.330738931449636,2.912718434868686,-7.801741940253994,-8.420767129872338e-14
198.80773708729322,16.702667135569662,13.312275453680769,2.903052193890687,-7.782652981685735,-1.347322740779574e-13
198.60860742830073,16.785769417554807,13.293800559550231,2.8934051969089385,-7.763510535040169,-1.1789073981821273e-13
198.409354194699,16.86879870746003,13.275314206879354,2.883778282134912,-7.744314148075577,-1.0104920555846805e-13
198.20997689090828,16.951755081315394,13.256816353489478,2.8741722839672494,-7.725063363454578,-1.347322740779574e-13
198.0104750197267,17.034638616819016,13.238306957201937,2.8645880329602753,-7.705757718695918,-1.8525687685719145e-13
197.8108480823067,17.11744939334283,13.21978597583806,2.855026355792254,-7.686396746126718,-1.1789073981821273e-13
197.61109557813083,17.200187491938184,13.20125336721919,2.845488075233322,-7.666979972835059,-1.347322740779574e-13
197.41121700498775,17.282852995341226,13.182709089166659,2.835974010113135,-7.647506920623025,-1.8525687685719145e-13
197.2112118589481,17.36544598797808,13.164153099501803,2.826484975288239,-7.62797710596014,-1.6841534259744676e-14
197.01107963434006,17.447966555969845,13.14558535604596,2.817021781609116,-7.608390039937195,-1.8525687685719145e-13
196.8108198237253,17.53041478713732,13.12700581662046,2.807585235886946,-7.588745228220523,-1.347322740779574e-13
196.61043191787434,17.61279077100563,13.108414439046644,2.798176140860076,-7.569042171006673,-1.515738083377021e-13
196.40991540574208,17.695094598808573,13.08981118114584,2.7887952951601727,-7.549280362977515,-1.1789073981821273e-13
196.20926977444333,17.777326363492772,13.071196000739395,2.7794434932780963,-7.529459293255756,-8.420767129872338e-14
196.008494509228,17.859486159721623,13.052568855648634,2.7701215255294422,-7.509578445360912,-6.73661370389787e-14
195.80758909345641,17.94157408387907,13.03392970369489,2.7608301780198112,-7.489637297165691,-6.73661370389787e-14
195.60655300857456,18.023590234073094,13.01527850269951,2.7515702326097413,-7.469635320852799,-6.73661370389787e-14
195.40538573408907,18.105534710139114,12.996615210483824,2.742342466879368,-7.449571982872222,-1.1789073981821273e-13
195.20408674754222,18.18740761364302,12.977939784869168,2.733147654092752,-7.429446743898931,-8.420767129872338e-14
195.00265552448704,18.269209047884154,12.959252183676876,2.723986563161912,-7.409259058791013,-1.347322740779574e-13
194.80109153846192,18.350939117897944,12.940552364728282,2.71485995861055,-7.389008376548281,-1.0104920555846805e-13
194.59939426096565,18.432597930458478,12.921840285844723,2.7057686005374526,-7.3686941402713115,-1.0104920555846805e-13
194.397563161432,18.51418559408069,12.903115904847533,2.6967132445796023,-7.3483157871209555,-1.1789073981821273e-13
194.1955977072043,18.595702219022456,12.884379179558053,2.687694641874961,-7.327872748278294,-8.420767129872338e-14
193.99349736351024,18.677147917286476,12.86563006779761,2.678713539024956,-7.307364448905063,-1.1789073981821273e-13
193.7912615934361,18.758522802621858,12.846868527387548,2.6697706780566355,-7.2867903081045275,-6.73661370389787e-14
193.5888898579012,18.83982699052559,12.828094516149196,2.6608667963845334,-7.266149738882833,-8.420767129872338e-14
193.38638161563247,18.921060598243695,12.809307991903891,2.6520026267721977,-7.2454421481108335,-1.1789073981821273e-13
193.18373632313862,19.00222374477228,12.790508912472971,2.643178897293425,-7.224666936486379,-6.73661370389787e-14
192.98095343468424,19.08331655085828,12.771697235677767,2.6343963312931615,-7.203823498497088,-5.0524602779234026e-14
192.77803240226405,19.16433913900004,12.752872919339616,2.625655647348095,-7.18291122238358,-8.420767129872338e-14
192.5749726755771,19.245291633447646,12.734035921279855,2.6169575592269423,-7.161929490103226,-1.6841534259744676e-14
192.37177370200052,19.32617416020308,12.715186199319817,2.6083027758504,-7.140877677294342,-5.0524602779234026e-14
192.1684349265638,19.406986847020107,12.696323711280844,2.599692001250795,-7.1197551532409,-1.0104920555846805e-13
191.96495579192245,19.487729823404,12.67744841498426,2.5911259345313997,-7.098561280837719,-5.0524602779234026e-14
191.76133573833187,19.56840322061102,12.658560268251406,2.582605269825452,-7.077295416556143,-6.73661370389787e-14
191.55757420362127,19.649007171647654,12.639659228903625,2.574130696254831,-7.055956910410217,-5.0524602779234026e-14
191.35367062316723,19.729541811269716,12.620745254762241,2.565702897888446,-7.034545105923384,-1.6841534259744676e-14
191.14962442986746,19.81000727598114,12.601818303648592,2.5573225537002684,-7.013059340095646,-1.6841534259744676e-14
190.94543505411434,19.89040370403257,12.582878333384016,2.5489903375270737,-6.991498943371255,-3.368306851948935e-14
190.74110192376855,19.97073123541983,12.56392530178985,2.540706918025845,-6.969863239606903,-1.6841534259744676e-14
190.53662446413253,20.050990011882053,12.544959166687423,2.532472958630885,-6.948151546040427,-1.6841534259744676e-14
190.33200209792392,20.13118017689964,12.525979885898078,2.524289117510568,-6.926363173260019,-8.420767129872338e-14
190.127234245249,20.211301875692037,12.506987417243144,2.5161560475237983,-6.9044974251739495,-6.73661370389787e-14
189.92232032357603,20.291355255215205,12.487981718543962,2.5080743961761454,-6.882553598980826,-1.6841534259744676e-14
189.71725974770845,20.37134046415901,12.468962747621859,2.5000448055756586,-6.8605309851403495,-8.420767129872338e-14
189.51205192975843,20.451257652944246,12.44993046229818,2.4920679123883533,-6.838428867344602,-5.0524602779234026e-14
189.30669627911968,20.53110697371954,12.430884820394255,2.484144347793377,-6.816246522489868,-1.347322740779574e-13
189.10119220244098,20.610888580357997,12.411825779731421,2.4762747374378717,-6.793983220648976,-3.368306851948935e-14
188.89553910359913,20.690602628453647,12.392753298131014,2.4684597013914997,-6.771638225044168,-1.6841534259744676e-14
188.68973638367206,20.77024927531768,12.373667333414366,2.460699854100647,-6.749210792020506,-6.73661370389787e-14
188.483783440912,20.84982867997441,12.354567843402817,2.4529958043423234,-6.726700171019822,-3.368306851948935e-14
188.27767967071824,20.929341003157152,12.335454785917696,2.445348155177723,-6.704105604555179,-5.0524602779234026e-14
188.07142446561048,21.008786407303663,12.316328118780344,2.4377575039054764,-6.681426328185906,-1.1789073981821273e-13
