galstreams/tracks/track.st.NGC1261b.ibata2024.ecsv
# %ECSV 1.0
# ---
# datatype:
# - {name: ra, unit: deg, datatype: float64}
# - {name: dec, unit: deg, datatype: float64}
# - {name: distance, unit: kpc, datatype: float64}
# - {name: pm_ra_cosdec, unit: mas / yr, datatype: float64}
# - {name: pm_dec, unit: mas / yr, datatype: float64}
# - {name: radial_velocity, unit: km / s, datatype: float64}
# delimiter: ','
# meta: !!omap
# - __serialized_columns__:
#     dec:
#       __class__: astropy.coordinates.angles.Latitude
#       unit: &id001 !astropy.units.Unit {unit: deg}
#       value: !astropy.table.SerializedColumn {name: dec}
#     distance:
#       __class__: astropy.coordinates.distances.Distance
#       unit: !astropy.units.Unit {unit: kpc}
#       value: !astropy.table.SerializedColumn {name: distance}
#     pm_dec:
#       __class__: astropy.units.quantity.Quantity
#       unit: !astropy.units.Unit {unit: mas / yr}
#       value: !astropy.table.SerializedColumn {name: pm_dec}
#     pm_ra_cosdec:
#       __class__: astropy.units.quantity.Quantity
#       unit: !astropy.units.Unit {unit: mas / yr}
#       value: !astropy.table.SerializedColumn {name: pm_ra_cosdec}
#     ra:
#       __class__: astropy.coordinates.angles.Longitude
#       unit: *id001
#       value: !astropy.table.SerializedColumn {name: ra}
#       wrap_angle: !astropy.coordinates.Angle
#         unit: *id001
#         value: 360.0
#     radial_velocity:
#       __class__: astropy.units.quantity.Quantity
#       unit: !astropy.units.Unit {unit: km / s}
#       value: !astropy.table.SerializedColumn {name: radial_velocity}
# schema: astropy-2.0
ra,dec,distance,pm_ra_cosdec,pm_dec,radial_velocity
[from data line 985]
56.585072628451925,-53.99020672826975,1.0000000000000002,1.9900152641357636,-1.5544815364100941,136933.11363367358
56.605694998285806,-53.98863940779193,1.0000000000000002,1.9878742576274817,-1.554812202393805,139968.00214806778
56.62633975528578,-53.98704370107848,1.0000000000000002,1.985719584187791,-1.5551487333159457,143047.3840818137
56.64700690017355,-53.98541954977145,1.0,1.9835512174140604,-1.5554911587369133,146171.58292989922
56.667696433469864,-53.98376689548242,1.0000000000000002,1.9813691309536807,-1.5558395082643983,149340.9221873041
56.688408355494275,-53.9820856797925,1.0000000000000002,1.979173298474052,-1.5561938116024976,152555.7253490104
56.709142666364826,-53.98037584425244,1.0000000000000002,1.9769636936744064,-1.5565540985116968,155816.3159100036
56.7298993659977,-53.97863733038267,1.0000000000000002,1.974740290288537,-1.5569203988143272,159123.01736526468
56.75067845410698,-53.97687007967325,1.0000000000000002,1.9725030620957114,-1.5572927424163936,162476.15320977755
56.77147993020433,-53.975074033584036,1.0000000000000002,1.9702519828806544,-1.5576711592802894,165876.04693852316
56.792303793598684,-53.97324913354467,0.9999999999999999,1.9679870264917554,-1.5580556794302538,169323.02204648496
56.81315004339601,-53.971395320954606,1.0,1.9657081667792227,-1.5584463330014842,172817.40202864792
56.834018678498914,-53.9695125371832,1.0,1.9634153776587482,-1.5588431501491868,176359.51037999213
56.85490969760651,-53.96760072356973,1.0,1.9611086330496619,-1.5592461611086037,179949.670595502
56.87582309921395,-53.96565982142346,1.0,1.9587879069276823,-1.559655396205926,183588.20617016056
56.89675888161233,-53.96368977202365,1.0,1.9564531732812611,-1.560070885821915,187275.44059894973
56.91771704288825,-53.96169051661967,1.0,1.9541044061516004,-1.5604926603991771,191011.6973768531
56.93869758092364,-53.959661996430995,1.0,1.9517415796090063,-1.5609207504712685,194797.2999988515
56.95970049339543,-53.957604152647264,1.0,1.9493646677328798,-1.5613551866117632,198632.57195993027
56.98072577777532,-53.95551692642835,0.9999999999999999,1.9469736446772004,-1.5617959994924604,202517.8367550715
57.00177343132946,-53.953400258904416,1.0,1.9445684845977667,-1.5622432198251772,206453.4178792585
57.02284345111824,-53.9512540911759,1.0,1.942149161701309,-1.5626968784235942,210439.6388274717
57.04393583399595,-53.94907836431366,1.0,1.9397156502163853,-1.5631570061559614,214476.82309469586
57.06505057661061,-53.94687301935897,1.0,1.9372679244188475,-1.563623633934185,218565.2941759145
57.08618767540362,-53.94463799732355,0.9999999999999999,1.9348059586081945,-1.5640967927902238,222705.37556610905
57.10734712660957,-53.94237323918971,1.0,1.9323297271239426,-1.5645765137778653,226897.39076026063
57.128528926255925,-53.94007868591032,1.0,1.929839204343807,-1.5650628280636738,231141.6632533567
57.149733070162846,-53.93775427840887,1.0,1.9273343646618741,-1.5655557668433175,235438.5165403781
57.17095955394286,-53.935399957579584,1.0,1.9248151825377136,-1.5660553614034143,239788.27411630467
57.192208373000675,-53.9330156642874,1.0,1.922281632434533,-1.5665616430997034,244191.25947612218
57.21347952253291,-53.93060133936808,1.0,1.9197336888610153,-1.5670746433643217,248647.79611481493
57.23477299752782,-53.92815692362826,1.0,1.9171713263822312,-1.5675943936694239,253158.20752736225
57.25608879276514,-53.92568235784547,1.0,1.9145945195577951,-1.568120925592666,257722.81720874782
57.277426902815755,-53.92317758276823,1.0,1.9120032430146239,-1.5686542707662738,262341.9486539568
57.29878732204153,-53.92064253911609,1.0,1.909397471406919,-1.5691944608770427,267015.9253579702
57.32017004459504,-53.918077167579696,1.0,1.9067771794234432,-1.5697415277063556,271745.07081576966
57.341575064419374,-53.91548140882083,1.0,1.9041423417693295,-1.5702955030865269,276529.7085223395
57.363002375247866,-53.91285520347252,1.0,1.901492933227928,-1.5708564189262688,281370.1619726642
57.38445197060391,-53.910198492139,0.9999999999999998,1.8988289285880455,-1.571424307207053,286266.7546617224
57.40592384380075,-53.9075112153959,0.9999999999999998,1.8961503026621358,-1.5719991999867489,291219.81008450215
57.42741798794119,-53.9047933137902,1.0,1.8934570303354121,-1.5725811293814331,296229.65173598053
57.44893439591744,-53.90204472784035,1.0,1.8907490865021828,-1.5731701275617525,301296.60311114416
57.470473060410924,-53.89926539803629,1.0,1.8880264460967737,-1.5737662268038548,306420.98770497524
57.49203397389197,-53.89645526483957,1.0,1.8852890841008048,-1.574369459423906,311603.12901245616
57.51361712861972,-53.89361426868333,1.0,1.8825369755177235,-1.574979857847211,316843.35052856966
57.535222516641845,-53.89074234997247,0.9999999999999999,1.8797700954164611,-1.575597454491799,322141.97574829916
57.55685012979437,-53.8878394490836,0.9999999999999998,1.876988418855035,-1.5762222819321323,327499.3281666286
57.578499959701524,-53.884905506365214,0.9999999999999999,1.874191920956946,-1.5768543727463111,332915.731278537
57.600171997775405,-53.88194046213764,1.0,1.8713805768893508,-1.5774937596434029,338391.5085790092
57.62186623521597,-53.87894425669322,1.0,1.8685543618557858,-1.578140475336113,343926.98356303095
57.64358266301069,-53.87591683029627,1.0,1.8657132510597876,-1.5787945526681142,349522.47972558084
57.66532127193446,-53.872858123183256,1.0,1.86285721978129,-1.579456024490355,355178.3205616423
57.68708205254938,-53.86976807556275,1.0000000000000002,1.859986243329331,-1.5801249237993034,360894.82956620055
57.708864995204536,-53.86664662761559,1.0,1.8571002970529662,-1.580801283584151,366672.3302342377
57.73067009003593,-53.86349371949487,1.0,1.854199356312165,-1.581485136943229,372511.1460607344
57.75249732696616,-53.86030929132608,1.0,1.8512833965432947,-1.5821765170549043,378411.60054067447
57.77434669570436,-53.857093283207135,1.0,1.848352393189998,-1.5828754571339232,384374.0171690429
57.796218185746,-53.85384563520841,1.0,1.8454063217541261,-1.5835819905041717,390398.71944081987
57.81811178637268,-53.850566287372914,0.9999999999999999,1.8424451577593572,-1.5842961505040876,396486.03085099044
