galstreams/tracks/track.st.NGC6362.sollima2020.ecsv
# %ECSV 1.0
# ---
# datatype:
# - {name: ra, unit: deg, datatype: float64}
# - {name: dec, unit: deg, datatype: float64}
# - {name: distance, unit: kpc, datatype: float64}
# - {name: pm_ra_cosdec, unit: mas / yr, datatype: float64}
# - {name: pm_dec, unit: mas / yr, datatype: float64}
# - {name: radial_velocity, unit: km / s, datatype: float64}
# delimiter: ','
# meta: !!omap
# - __serialized_columns__:
#     dec:
#       __class__: astropy.coordinates.angles.Latitude
#       unit: &id001 !astropy.units.Unit {unit: deg}
#       value: !astropy.table.SerializedColumn {name: dec}
#     distance:
#       __class__: astropy.coordinates.distances.Distance
#       unit: !astropy.units.Unit {unit: kpc}
#       value: !astropy.table.SerializedColumn {name: distance}
#     pm_dec:
#       __class__: astropy.units.quantity.Quantity
#       unit: !astropy.units.Unit {unit: mas / yr}
#       value: !astropy.table.SerializedColumn {name: pm_dec}
#     pm_ra_cosdec:
#       __class__: astropy.units.quantity.Quantity
#       unit: !astropy.units.Unit {unit: mas / yr}
#       value: !astropy.table.SerializedColumn {name: pm_ra_cosdec}
#     ra:
#       __class__: astropy.coordinates.angles.Longitude
#       unit: *id001
#       value: !astropy.table.SerializedColumn {name: ra}
#       wrap_angle: !astropy.coordinates.Angle
#         unit: *id001
#         value: 360.0
#     radial_velocity:
#       __class__: astropy.units.quantity.Quantity
#       unit: !astropy.units.Unit {unit: km / s}
#       value: !astropy.table.SerializedColumn {name: radial_velocity}
# schema: astropy-2.0
ra,dec,distance,pm_ra_cosdec,pm_dec,radial_velocity
[from data line 236]
262.1255056012505,-66.44074858359379,7.6490000000000045,0.0,0.0,-0.0
262.1458518117517,-66.446005738537,7.649000000000005,0.0,0.0,-0.0
262.1660867333784,-66.45131925834478,7.649000000000005,0.0,0.0,-0.0
262.18620427506227,-66.45669222193592,7.649000000000005,0.0,0.0,-0.0
262.20619834164404,-66.46212771460503,7.649000000000006,0.0,0.0,-0.0
262.2260628376061,-66.46762882599847,7.6490000000000045,0.0,0.0,-0.0
262.2457916708525,-66.47319864805168,7.649000000000006,0.0,0.0,-0.0
262.26537875653713,-66.47884027288762,7.6490000000000045,0.0,0.0,-0.0
262.28481802093927,-66.48455679067663,7.649000000000005,0.0,0.0,-0.0
262.3041034053877,-66.49035128745727,7.649000000000005,0.0,0.0,-0.0
262.3232288702344,-66.49622684291906,7.649000000000006,0.0,0.0,-0.0
262.3421883988768,-66.50218652814614,7.6490000000000045,0.0,0.0,-0.0
262.36097600183035,-66.50823340332263,7.649000000000006,0.0,0.0,-0.0
262.37958572085216,-66.51437051539966,7.6490000000000045,0.0,0.0,-0.0
262.3980116331154,-66.5206008957237,7.6490000000000045,0.0,0.0,-0.0
262.4162478554368,-66.52692755762706,7.649000000000006,0.0,0.0,-0.0
262.43428854855637,-66.53335349397989,7.6490000000000045,0.0,0.0,-0.0
262.4521279214723,-66.5398816747044,7.649000000000006,0.0,0.0,-0.0
262.4697602358297,-66.54651504425108,7.649000000000006,0.0,0.0,-0.0
262.48717981036725,-66.55325651903719,7.649000000000007,0.0,0.0,-0.0
262.5043810254194,-66.56010898484755,7.649000000000005,0.0,0.0,-0.0
262.52135832747905,-66.56707529419816,7.649000000000005,0.0,0.0,-0.0
262.53810623381946,-66.57415826366231,7.649000000000005,0.0,0.0,-0.0
262.5546193371775,-66.58136067115969,7.649000000000006,0.0,0.0,-0.0
262.57089231050014,-66.58868525320862,7.649000000000006,0.0,0.0,-0.0
262.58691991175573,-66.59613470214175,7.6490000000000045,0.0,0.0,-0.0
262.60269698881086,-66.60371166328494,7.6490000000000045,0.0,0.0,-0.0
262.61821848437575,-66.61141873210032,7.649000000000005,0.0,0.0,-0.0
262.6334794410191,-66.6192584512931,7.649000000000005,0.0,0.0,-0.0
262.64847500625444,-66.62723330788276,7.649000000000004,0.0,0.0,-0.0
262.66320043770037,-66.6353457302386,7.649000000000004,0.0,0.0,-0.0
262.6776511083156,-66.64359808508017,7.6490000000000045,0.0,0.0,-0.0
262.6918225117128,-66.65199267444285,7.6490000000000045,0.0,0.0,-0.0
262.70571026755124,-66.66053173260855,7.6490000000000045,0.0,0.0,-0.0
262.7193101270121,-66.66921742300212,7.649000000000004,0.0,0.0,-0.0
262.7326179783575,-66.67805183505376,7.649000000000004,0.0,0.0,-0.0
262.74562985257705,-66.68703698102755,7.649000000000005,0.0,0.0,-0.0
262.75834192912276,-66.69617479281656,7.6490000000000045,0.0,0.0,-0.0
262.7707505417357,-66.70546711870496,7.649000000000005,0.0,0.0,-0.0
262.78285218436747,-66.71491572009708,7.6490000000000045,0.0,0.0,-0.0
262.79464351719724,-66.72452226821432,7.6490000000000045,0.0,0.0,-0.0
262.8061213727491,-66.73428834075956,7.6490000000000045,0.0,0.0,-0.0
262.81728276211095,-66.74421541855031,7.6490000000000045,0.0,0.0,-0.0
262.8281248812582,-66.75430488211973,7.649000000000005,0.0,0.0,-0.0
262.83864511748544,-66.76455800828742,7.649000000000005,0.0,0.0,-0.0
262.8488410559478,-66.77497596669876,7.649000000000006,0.0,0.0,-0.0
262.8587104863158,-66.78555981633431,7.649000000000005,0.0,0.0,-0.0
262.8682514095462,-66.79631050198911,7.6490000000000045,0.0,0.0,-0.0
262.8774620447718,-66.80722885072232,7.649000000000005,0.0,0.0,-0.0
262.8863408363126,-66.8183155682776,7.6490000000000045,0.0,0.0,-0.0
262.8948864608122,-66.82957123547459,7.6490000000000045,0.0,0.0,-0.0
262.903097834501,-66.84099630457182,7.649000000000005,0.0,0.0,-0.0
262.9109741205904,-66.85259109560144,7.649000000000006,0.0,0.0,-0.0
262.91851473679986,-66.864355792676,7.6490000000000045,0.0,0.0,-0.0
262.92571936302005,-66.87629044026777,7.649000000000005,0.0,0.0,-0.0
262.93258794911475,-66.888394939461,7.6490000000000045,0.0,0.0,-0.0
262.9391207228646,-66.90066904417692,7.6490000000000045,0.0,0.0,-0.0
262.9453181980547,-66.91311235737273,7.6490000000000045,0.0,0.0,-0.0
262.95118118270943,-66.9257243272138,7.6490000000000045,0.0,0.0,-0.0
262.95671078747625,-66.93850424322034,7.649000000000004,0.0,0.0,-0.0
262.9619084341616,-66.95145123238804,7.6490000000000045,0.0,0.0,-0.0
262.9667758644209,-66.96456425528349,7.649000000000003,0.0,0.0,-0.0
262.9713151486047,-66.97784210211427,7.6490000000000045,0.0,0.0,-0.0
262.9755286947635,-66.99128338877401,7.649000000000004,0.0,0.0,-0.0
262.9794192578132,-67.0048865528628,7.6490000000000045,0.0,0.0,-0.0
262.98298994886204,-67.01864984968275,7.649000000000003,0.0,0.0,-0.0
262.9862442447017,-67.03257134820909,7.649000000000004,0.0,0.0,-0.0
262.98918599746344,-67.04664892703688,7.649000000000004,0.0,0.0,-0.0
262.99181944444064,-67.06088027030337,7.6490000000000045,0.0,0.0,-0.0
262.99414921807846,-67.07526286358592,7.6490000000000045,0.0,0.0,-0.0
262.99618035613105,-67.08979398977566,7.649000000000004,0.0,0.0,-0.0
262.99791831198786,-67.10447072492678,7.649000000000003,0.0,0.0,-0.0
262.9993689651673,-67.11928993408118,7.649000000000004,0.0,0.0,-0.0
263.00053863197945,-67.13424826706861,7.649000000000004,0.0,0.0,-0.0
263.00143407635534,-67.1493421542819,7.649000000000004,0.0,0.0,-0.0
263.0020625208439,-67.16456780242692,7.649000000000004,0.0,0.0,-0.0
263.0024316577728,-67.17992119024743,7.6490000000000045,0.0,0.0,-0.0
263.00254966057355,-67.1953980642237,7.649000000000004,0.0,0.0,-0.0
263.0024251952674,-67.21099393424514,7.649000000000004,0.0,0.0,-0.0
263.0020674321093,-67.22670406925592,7.649000000000002,0.0,0.0,-0.0
263.001486057387,-67.24252349287318,7.649000000000003,0.0,0.0,-0.0
263.00069128537115,-67.25844697897722,7.649000000000002,0.0,0.0,-0.0
262.999693870412,-67.27446904727258,7.649000000000003,0.0,0.0,-0.0
262.99850511917765,-67.29058395881952,7.649000000000002,0.0,0.0,-0.0
262.99713690302815,-67.30678571153459,7.649000000000003,0.0,0.0,-0.0
262.99560167051834,-67.3230680356594,7.649000000000002,0.0,0.0,-0.0
262.99391246002364,-67.33942438919641,7.649000000000003,0.0,0.0,-0.0
262.9920829124786,-67.3558479533103,7.649000000000001,0.0,0.0,-0.0
262.99012728422167,-67.37233162769364,7.649000000000003,0.0,0.0,-0.0
262.9880604599348,-67.38886802589525,7.649000000000002,0.0,0.0,-0.0
262.9858979656675,-67.4054494706095,7.649000000000001,0.0,0.0,-0.0
262.98365598193504,-67.42206798892494,7.649000000000002,0.0,0.0,-0.0
262.9813513568758,-67.43871530752998,7.649,0.0,0.0,-0.0
262.9790016194562,-67.45538284787375,7.649000000000002,0.0,0.0,-0.0
262.9766249927073,-67.47206172127989,7.649,0.0,0.0,-0.0
262.97424040697706,-67.4887427240104,7.649,0.0,0.0,-0.0
262.97186751318196,-67.50541633227759,7.649000000000001,0.0,0.0,-0.0
262.96952669603775,-67.52207269720078,7.649,0.0,0.0,-0.0
262.9672390872516,-67.53870163970502,7.649,0.0,0.0,-0.0
262.96502657865284,-67.5552926453586,7.649000000000001,0.0,0.0,-0.0
262.96291183524033,-67.57183485914601,7.649000000000001,0.0,0.0,-0.0
262.9609183081227,-67.58831708017263,7.649,0.0,0.0,-0.0
262.9590702473246,-67.6047277562976,7.649,0.0,0.0,-0.0
262.9573927144332,-67.62105497869064,7.648999999999999,0.0,0.0,-0.0
262.95591159505506,-67.63728647630859,7.649,0.0,0.0,-0.0
262.954653611053,-67.65340961028734,7.648999999999999,0.0,0.0,-0.0
262.95364633253035,-67.66941136824428,7.648999999999999,0.0,0.0,-0.0
262.9529181895294,-67.68527835848643,7.649,0.0,0.0,-0.0
262.9524984834064,-67.70099680411897,7.648999999999999,0.0,0.0,-0.0
262.95241739784683,-67.71655253704874,7.648999999999999,0.0,0.0,-0.0
262.95270600947964,-67.73193099187695,7.648999999999999,0.0,0.0,-0.0
262.95339629804937,-67.74711719967524,7.648999999999998,0.0,0.0,-0.0
262.9545211561022,-67.76209578163869,7.648999999999999,0.0,0.0,-0.0
262.95611439813905,-67.77685094260933,7.648999999999998,0.0,0.0,-0.0
262.95821076918867,-67.79136646446351,7.648999999999999,0.0,0.0,-0.0
262.96084595274993,-67.80562569935577,7.648999999999999,0.0,0.0,-0.0
262.9640565780505,-67.81961156281231,7.6489999999999965,0.0,0.0,-0.0
262.96788022656744,-67.83330652666598,7.648999999999997,0.0,0.0,-0.0
262.9723554377536,-67.84669261182536,7.648999999999998,0.0,0.0,-0.0
262.97752171390914,-67.8597513808698,7.6489999999999965,0.0,0.0,-0.0
262.9834195241385,-67.87246393046158,7.648999999999998,0.0,0.0,-0.0
262.9900903073279,-67.88481088356717,7.6489999999999965,0.0,0.0,-0.0
262.9975764740783,-67.89677238147853,7.648999999999998,0.0,0.0,-0.0
263.0059214075268,-67.90832807562496,7.6489999999999965,0.0,0.0,-0.0
263.01516946298347,-67.91945711916703,7.648999999999997,0.0,0.0,-0.0
263.0253659663158,-67.93013815836213,7.6489999999999965,0.0,0.0,-0.0
263.0365572110025,-67.94034932369276,7.6489999999999965,0.0,0.0,-0.0
263.0487904537831,-67.95006822074713,7.6489999999999965,0.0,0.0,-0.0
263.06211390882464,-67.95927192084231,7.648999999999996,0.0,0.0,-0.0
263.07657674032504,-67.96793695137978,7.6489999999999965,0.0,0.0,-0.0
263.092229053473,-67.97603928592292,7.648999999999996,0.0,0.0,-0.0
263.1091218836805,-67.98355433398646,7.648999999999996,0.0,0.0,-0.0
263.1273071840038,-67.99045693052717,7.648999999999996,0.0,0.0,-0.0
263.1468378106681,-67.99672132512566,7.6489999999999965,0.0,0.0,-0.0
263.16776750660813,-68.00232117084889,7.6489999999999965,0.0,0.0,-0.0
263.1901508829393,-68.00722951278306,7.6489999999999965,0.0,0.0,-0.0
263.21404339826967,-68.01141877622672,7.648999999999996,0.0,0.0,-0.0
263.23950133576585,-68.01486075453427,7.6489999999999965,0.0,0.0,-0.0
263.26658177788465,-68.01752659659981,7.648999999999998,0.0,0.0,-0.0
263.2953425786823,-68.01938679397205,7.6489999999999965,0.0,0.0,-0.0
263.325842333615,-68.02041116759099,7.648999999999998,0.0,0.0,-0.0
263.35814034674354,-68.02056885413762,7.648999999999996,0.0,0.0,-0.0
263.39229659525887,-68.01982829198809,7.648999999999996,0.0,0.0,-0.0
263.4283716912449,-68.01815720676491,7.6489999999999965,0.0,0.0,-0.0
263.4664268405977,-68.01552259647765,7.648999999999997,0.0,0.0,-0.0
263.50652379902584,-68.01189071624655,7.6489999999999965,0.0,0.0,-0.0
263.5487248250539,-68.0072270626034,7.6489999999999965,0.0,0.0,-0.0
263.5930926299625,-68.00149635736469,7.6489999999999965,0.0,0.0,-0.0
263.6396903245961,-67.99466253107275,7.6489999999999965,0.0,0.0,-0.0
263.68858136297985,-67.98668870600198,7.648999999999999,0.0,0.0,-0.0
263.7398294826886,-67.97753717872831,7.648999999999998,0.0,0.0,-0.0
263.79349864192073,-67.96716940226058,7.648999999999997,0.0,0.0,-0.0
263.8496529532349,-67.95554596773509,7.648999999999997,0.0,0.0,-0.0
263.9083566139156,-67.94262658567446,7.648999999999998,0.0,0.0,-0.0
263.96967383294304,-67.92837006681458,7.648999999999998,0.0,0.0,-0.0
264.0336687545514,-67.91273430250422,7.648999999999998,0.0,0.0,-0.0
264.1004053783707,-67.89567624468413,7.648999999999998,0.0,0.0,-0.0
264.16994747615684,-67.87715188545374,7.648999999999999,0.0,0.0,-0.0
