galstreams/tracks/track.st.Perpendicular.weiss2018.ecsv
# %ECSV 0.9
# ---
# datatype:
# - {name: ra, unit: deg, datatype: float64}
# - {name: dec, unit: deg, datatype: float64}
# - {name: distance, unit: kpc, datatype: float64}
# - {name: pm_ra_cosdec, unit: mas / yr, datatype: float64}
# - {name: pm_dec, unit: mas / yr, datatype: float64}
# - {name: radial_velocity, unit: km / s, datatype: float64}
# delimiter: ','
# meta: !!omap
# - __serialized_columns__:
#     dec:
#       __class__: astropy.coordinates.angles.Latitude
#       unit: &id001 !astropy.units.Unit {unit: deg}
#       value: !astropy.table.SerializedColumn {name: dec}
#     distance:
#       __class__: astropy.coordinates.distances.Distance
#       unit: !astropy.units.Unit {unit: kpc}
#       value: !astropy.table.SerializedColumn {name: distance}
#     pm_dec:
#       __class__: astropy.units.quantity.Quantity
#       unit: !astropy.units.Unit {unit: mas / yr}
#       value: !astropy.table.SerializedColumn {name: pm_dec}
#     pm_ra_cosdec:
#       __class__: astropy.units.quantity.Quantity
#       unit: !astropy.units.Unit {unit: mas / yr}
#       value: !astropy.table.SerializedColumn {name: pm_ra_cosdec}
#     ra:
#       __class__: astropy.coordinates.angles.Longitude
#       unit: *id001
#       value: !astropy.table.SerializedColumn {name: ra}
#       wrap_angle: !astropy.coordinates.Angle
#         unit: *id001
#         value: 360.0
#     radial_velocity:
#       __class__: astropy.units.quantity.Quantity
#       unit: !astropy.units.Unit {unit: km / s}
#       value: !astropy.table.SerializedColumn {name: radial_velocity}
# schema: astropy-2.0
ra,dec,distance,pm_ra_cosdec,pm_dec,radial_velocity
186.0140981731754,7.4731648507507575,15.100000000000005,0.0,0.0,0.0
186.00455271386664,7.573141928249078,15.085959908413697,0.0,0.0,0.0
185.9949971503482,7.673119865639591,15.071919816827386,0.0,0.0,0.0
185.98543153283467,7.773098637606301,15.057879725241074,0.0,0.0,0.0
185.97585591145824,7.873078218847873,15.043839633654763,0.0,0.0,0.0
185.96627033627047,7.973058584077283,15.02979954206845,0.0,0.0,0.0
185.95667485724326,8.073039708021987,15.015759450482134,0.0,0.0,0.0
185.94706952427057,8.173021565423554,15.001719358895823,0.0,0.0,0.0
185.9374543871696,8.273004131037553,14.987679267309513,0.0,0.0,0.0
185.92782949568226,8.372987379633429,14.973639175723202,0.0,0.0,0.0
185.91819489947642,8.472971285994324,14.95959908413689,0.0,0.0,0.0
185.90855064814755,8.572955824916967,14.945558992550575,0.0,0.0,0.0
185.89889679121976,8.672940971211517,14.931518900964267,0.0,0.0,0.0
185.88923337814737,8.772926699701271,14.917478809377956,0.0,0.0,0.0
185.87956045831632,8.872912985222776,14.903438717791643,0.0,0.0,0.0
185.86987808104539,8.972899802625493,14.889398626205331,0.0,0.0,0.0
185.86018629558765,9.072887126771707,14.87535853461902,0.0,0.0,0.0
185.85048515113192,9.172874932536368,14.861318443032706,0.0,0.0,0.0
185.84077469680395,9.272863194806943,14.847278351446398,0.0,0.0,0.0
185.83105498166793,9.37285188848334,14.833238259860085,0.0,0.0,0.0
185.82132605472793,9.472840988477515,14.819198168273774,0.0,0.0,0.0
185.81158796492903,9.572830469713685,14.80515807668746,0.0,0.0,0.0
185.80184076115893,9.672820307127932,14.79111798510115,0.0,0.0,0.0
185.7920844922492,9.77281047566814,14.77707789351484,0.0,0.0,0.0
185.78231920697667,9.872800950293831,14.763037801928528,0.0,0.0,0.0
185.77254495406487,9.972791705976029,14.748997710342213,0.0,0.0,0.0
185.76276178218527,10.072782717697114,14.734957618755903,0.0,0.0,0.0
185.75296973995876,10.172773960450725,14.72091752716959,0.0,0.0,0.0
185.74316887595708,10.272765409241412,14.706877435583278,0.0,0.0,0.0
185.73335923870403,10.37275703908481,14.692837343996967,0.0,0.0,0.0
185.72354087667696,10.472748825007276,14.678797252410659,0.0,0.0,0.0
185.71371383830817,10.572740742045806,14.664757160824346,0.0,0.0,0.0
185.70387817198608,10.672732765247892,14.650717069238034,0.0,0.0,0.0
185.6940339260569,10.772724869671379,14.636676977651721,0.0,0.0,0.0
185.68418114882587,10.872717030384365,14.622636886065415,0.0,0.0,0.0
185.67431988855867,10.972709222464879,14.608596794479098,0.0,0.0,0.0
185.66445019348268,11.072701421001009,14.594556702892787,0.0,0.0,0.0
185.6545721117885,11.1726936010906,14.580516611306473,0.0,0.0,0.0
185.64468569163134,11.272685737841135,14.566476519720164,0.0,0.0,0.0
185.63479098113234,11.372677806369591,14.552436428133852,0.0,0.0,0.0
185.62488802837993,11.472669781802322,14.53839633654754,0.0,0.0,0.0
185.61497688143137,11.572661639274902,14.524356244961231,0.0,0.0,0.0
185.6050575883139,11.672653353932049,14.510316153374916,0.0,0.0,0.0
185.59513019702646,11.772644900927252,14.496276061788606,0.0,0.0,0.0
185.58519475554075,11.872636255422995,14.482235970202293,0.0,0.0,0.0
185.57525131180273,11.972627392590343,14.46819587861598,0.0,0.0,0.0
185.56529991373424,12.072618287608913,14.454155787029672,0.0,0.0,0.0
185.555340609234,12.1726089156667,14.440115695443357,0.0,0.0,0.0
185.54537344617938,12.272599251959962,14.426075603857047,0.0,0.0,0.0
185.5353984724276,12.37258927169312,14.412035512270737,0.0,0.0,0.0
185.52084850613156,12.47042398123166,14.402565952617737,0.0,0.0,0.0
185.4788577746014,12.55531636806792,14.420537907869987,0.0,0.0,0.0
185.43683930709963,12.640202213282228,14.438509863122237,0.0,0.0,0.0
185.39479289375547,12.725081466911638,14.456481818374485,0.0,0.0,0.0
185.35271832423643,12.809954078872725,14.474453773626735,0.0,0.0,0.0
185.31061538774486,12.894819998960582,14.492425728878985,0.0,0.0,0.0
185.26848387301396,12.979679176847855,14.510397684131233,0.0,0.0,0.0
185.22632356830417,13.064531562083511,14.528369639383481,0.0,0.0,0.0
185.18413426139927,13.149377104092144,14.546341594635734,0.0,0.0,0.0
185.1419157396026,13.234215752172716,14.564313549887979,0.0,0.0,0.0
185.09966778973336,13.319047455497598,14.58228550514023,0.0,0.0,0.0
185.05739019812253,13.40387216311154,14.600257460392479,0.0,0.0,0.0
185.01508275060937,13.488689823930605,14.618229415644729,0.0,0.0,0.0
184.97274523253722,13.57350038674113,14.636201370896979,0.0,0.0,0.0
184.9303774287499,13.65830380019877,14.654173326149225,0.0,0.0,0.0
184.88797912358768,13.743100012827169,14.672145281401475,0.0,0.0,0.0
184.84555010088337,13.827888973017265,14.690117236653727,0.0,0.0,0.0
184.80309014395849,13.912670629025998,14.708089191905975,0.0,0.0,0.0
184.76059903561926,13.997444928975296,14.726061147158227,0.0,0.0,0.0
184.71807655815272,14.082211820851008,14.744033102410473,0.0,0.0,0.0
184.67552249332275,14.166971252501812,14.762005057662725,0.0,0.0,0.0
184.63293662236597,14.251723171638208,14.779977012914971,0.0,0.0,0.0
184.59031872598808,14.3364675258312,14.797948968167221,0.0,0.0,0.0
184.54766858435943,14.42120426251152,14.815920923419469,0.0,0.0,0.0
184.5049859771113,14.50593332896833,14.83389287867172,0.0,0.0,0.0
184.46227068333178,14.590654672348172,14.851864833923967,0.0,0.0,0.0
184.41952248156164,14.67536823965385,14.869836789176217,0.0,0.0,0.0
184.3767411497904,14.760073977743323,14.887808744428463,0.0,0.0,0.0
184.33392646545212,14.844771833328586,14.905780699680713,0.0,0.0,0.0
184.29107820542137,14.929461752974607,14.923752654932965,0.0,0.0,0.0
184.24819614600912,15.014143683097977,14.941724610185213,0.0,0.0,0.0
184.2052800629585,15.098817569966082,14.959696565437465,0.0,0.0,0.0
184.16232973144082,15.18348335969579,14.977668520689713,0.0,0.0,0.0
184.1193449260513,15.268140998252317,14.99564047594196,0.0,0.0,0.0
184.07632542080478,15.352790431448105,15.01361243119421,0.0,0.0,0.0
184.0332709891318,15.437431604941645,15.031584386446458,0.0,0.0,0.0
183.99018140387412,15.522064464236394,15.04955634169871,0.0,0.0,0.0
183.94705643728065,15.606688954679365,15.06752829695096,0.0,0.0,0.0
183.9038958610031,15.69130502146031,15.085500252203207,0.0,0.0,0.0
183.8606994460917,15.775912609610295,15.103472207455454,0.0,0.0,0.0
183.81746696299106,15.860511664000574,15.121444162707709,0.0,0.0,0.0
183.7741981815357,15.945102129341425,15.139416117959955,0.0,0.0,0.0
183.73089287094575,16.02968395018093,15.157388073212203,0.0,0.0,0.0
183.6875507998228,16.114257070903786,15.175360028464455,0.0,0.0,0.0
183.64417173614518,16.198821435730135,15.193331983716703,0.0,0.0,0.0
183.60075544726405,16.28337698871414,15.211303938968951,0.0,0.0,0.0
183.55730169989855,16.36792367374311,15.229275894221203,0.0,0.0,0.0
183.51381026013166,16.452461434536044,15.247247849473451,0.0,0.0,0.0
183.47028089340574,16.536990214642437,15.265219804725701,0.0,0.0,0.0
183.426713364518,16.62150995744107,15.283191759977948,0.0,0.0,0.0
183.38310743761608,16.70602060613873,15.301163715230198,0.0,0.0,0.0
183.33946287619352,16.79052210376906,15.319135670482453,0.0,0.0,0.0
183.29577944308537,16.875014393191066,15.337107625734696,0.0,0.0,0.0
183.25205690046351,16.95949741708814,15.355079580986947,0.0,0.0,0.0
183.20829500983226,17.043971117966645,15.373051536239196,0.0,0.0,0.0
183.16449353202358,17.12843543815462,15.391023491491445,0.0,0.0,0.0
183.12065222719278,17.212890319800564,15.408995446743695,0.0,0.0,0.0
183.07677085481376,17.297335704872093,15.426967401995945,0.0,0.0,0.0
183.03284917367432,17.381771535154705,15.44493935724819,0.0,0.0,0.0
182.9888869418717,17.466197752250352,15.462911312500445,0.0,0.0,0.0
182.9448839168077,17.550614297576292,15.480883267752692,0.0,0.0,0.0
182.90083985518422,17.63502111236368,15.49885522300494,0.0,0.0,0.0
182.8567545129984,17.71941813765625,15.516827178257188,0.0,0.0,0.0
182.81262764553793,17.803805314308992,15.534799133509438,0.0,0.0,0.0
182.76845900737632,17.888182582986843,15.55277108876169,0.0,0.0,0.0
182.72424835236814,17.972549884163293,15.570743044013938,0.0,0.0,0.0
182.67999543364422,18.05690715811907,15.588714999266188,0.0,0.0,0.0
182.63570000360684,18.141254344940766,15.606686954518437,0.0,0.0,0.0
182.5913618139249,18.225591384519493,15.624658909770684,0.0,0.0,0.0
182.5469806155291,18.309918216549445,15.642630865022936,0.0,0.0,0.0
182.50255615860695,18.394234780526627,15.660602820275184,0.0,0.0,0.0
182.45808819259813,18.478541015747357,15.678574775527434,0.0,0.0,0.0
182.41357646618926,18.56283686130694,15.69654673077968,0.0,0.0,0.0
182.3690207273092,18.647122256098246,15.71451868603193,0.0,0.0,0.0
182.32442072312392,18.73139713881028,15.732490641284183,0.0,0.0,0.0
182.2797762000317,18.815661447926804,15.750462596536428,0.0,0.0,0.0
182.235086903658,18.899915121724863,15.768434551788678,0.0,0.0,0.0
182.19035257885037,18.9841580982734,15.78640650704093,0.0,0.0,0.0
182.14557296967362,19.068390315431788,15.80437846229318,0.0,0.0,0.0
182.10074781940452,19.152611710848376,15.822350417545426,0.0,0.0,0.0
182.05587687052684,19.236822221959045,15.840322372797676,0.0,0.0,0.0
182.01095986472626,19.321021785985746,15.858294328049924,0.0,0.0,0.0
181.96599654288502,19.405210339935007,15.876266283302174,0.0,0.0,0.0
181.92098664507705,19.48938782059647,15.894238238554422,0.0,0.0,0.0
181.87592991056252,19.573554164541413,15.912210193806672,0.0,0.0,0.0
181.83082607778275,19.6577093081212,15.930182149058922,0.0,0.0,0.0
181.78567488435502,19.741853187465843,15.948154104311172,0.0,0.0,0.0
181.74047606706722,19.825985738482444,15.96612605956342,0.0,0.0,0.0
181.69522936187258,19.91010689685368,15.98409801481567,0.0,0.0,0.0
181.65994431530757,19.998983705657057,15.999233619241444,0.0,0.0,0.0
181.70157272533464,20.124471951789094,15.99257972558742,0.0,0.0,0.0
181.74326850910805,20.24995006844433,15.985925831933395,0.0,0.0,0.0
181.7850326924875,20.375417654951626,15.97927193827937,0.0,0.0,0.0
181.82686630544768,20.500874309732122,15.972618044625348,0.0,0.0,0.0
181.8687703821201,20.626319630283543,15.965964150971326,0.0,0.0,0.0
181.910745960835,20.751753213164527,15.959310257317302,0.0,0.0,0.0
181.95279408416368,20.87717465397866,15.952656363663278,0.0,0.0,0.0
181.99491579896116,21.00258354735865,15.946002470009251,0.0,0.0,0.0
182.03711215640882,21.127979486950206,15.939348576355227,0.0,0.0,0.0
182.07938421205762,21.253362065395887,15.932694682701205,0.0,0.0,0.0
182.12173302587146,21.3787308743189,15.926040789047178,0.0,0.0,0.0
182.16415966227083,21.5040855043067,15.919386895393155,0.0,0.0,0.0
182.20666519017678,21.62942554489454,15.912733001739133,0.0,0.0,0.0
182.24925068305498,21.7547505845489,15.906079108085105,0.0,0.0,0.0
182.29191721896046,21.88006021065082,15.899425214431082,0.0,0.0,0.0
182.33466588058218,22.00535400947911,15.892771320777058,0.0,0.0,0.0
182.37749775528823,22.13063156619344,15.886117427123034,0.0,0.0,0.0
182.4204139351711,22.255892464817347,15.879463533469009,0.0,0.0,0.0
182.46341551709335,22.381136288221104,15.872809639814987,0.0,0.0,0.0
182.5065036027336,22.50636261810449,15.866155746160961,0.0,0.0,0.0
182.5496792986326,22.631571034979423,15.859501852506938,0.0,0.0,0.0
182.59294371623997,22.756761118152507,15.85284795885291,0.0,0.0,0.0
182.63629797196077,22.881932445707417,15.846194065198889,0.0,0.0,0.0
182.67974318720283,23.00708459448721,15.839540171544867,0.0,0.0,0.0
182.723280488424,23.132217140076488,15.832886277890841,0.0,0.0,0.0
182.7669110071799,23.25732965678343,15.82623238423682,0.0,0.0,0.0
182.81063588017207,23.382421717621725,15.81957849058279,0.0,0.0,0.0
182.854456249296,23.50749289429235,15.81292459692877,0.0,0.0,0.0
182.89837326168995,23.63254275716525,15.806270703274745,0.0,0.0,0.0
182.9423880697839,23.757570875260882,15.79961680962072,0.0,0.0,0.0
182.98650183134865,23.88257681623156,15.792962915966696,0.0,0.0,0.0
183.0307157095454,24.007560146342808,15.786309022312675,0.0,0.0,0.0
183.07503087297567,24.132520430454463,15.779655128658652,0.0,0.0,0.0
183.11944849573138,24.257457232001663,15.773001235004626,0.0,0.0,0.0
183.1639697574453,24.38237011297573,15.766347341350599,0.0,0.0,0.0
183.20859584334198,24.507258633904897,15.75969344769658,0.0,0.0,0.0
183.2533279442887,24.63212235383491,15.753039554042555,0.0,0.0,0.0
183.29816725684702,24.75696083030943,15.746385660388528,0.0,0.0,0.0
183.34311498332437,24.88177361935037,15.739731766734508,0.0,0.0,0.0
183.3881723318262,25.006560275438062,15.733077873080482,0.0,0.0,0.0
183.43334051630848,25.131320351491247,15.726423979426459,0.0,0.0,0.0
183.47862075663014,25.256053398846927,15.719770085772431,0.0,0.0,0.0
183.5240142786063,25.38075896724011,15.713116192118408,0.0,0.0,0.0
183.56952231406152,25.50543660478333,15.706462298464384,0.0,0.0,0.0
183.61514610088352,25.630085857946113,15.699808404810359,0.0,0.0,0.0
183.66088688307727,25.754706271534165,15.693154511156337,0.0,0.0,0.0
183.70674591081905,25.879297388668512,15.686500617502311,0.0,0.0,0.0
183.75272444051146,26.003858750764408,15.679846723848287,0.0,0.0,0.0
183.79882373483812,26.128389897510147,15.673192830194267,0.0,0.0,0.0
183.84504506281914,26.252890366845655,15.666538936540238,0.0,0.0,0.0
183.89138969986678,26.37735969494092,15.659885042886215,0.0,0.0,0.0
183.9378589278414,26.501797416174327,15.65323114923219,0.0,0.0,0.0
183.98445403510763,26.626203063110733,15.646577255578167,0.0,0.0,0.0
184.03117631659137,26.75057616647944,15.639923361924142,0.0,0.0,0.0
184.07802707383644,26.874916255151973,15.633269468270118,0.0,0.0,0.0
184.12500761506206,26.999222856119662,15.626615574616096,0.0,0.0,0.0
184.17211925522048,27.123495494471108,15.61996168096207,0.0,0.0,0.0
184.21936331605505,27.247733693369376,15.613307787308045,0.0,0.0,0.0
184.26674112615837,27.371936974029154,15.606653893654023,0.0,0.0,0.0
184.31425402103113,27.496104855693567,15.6,0.0,0.0,0.0
