galstreams/tracks/track.st.C-19.ibata2024.ecsv
# %ECSV 1.0
# ---
# datatype:
# - {name: ra, unit: deg, datatype: float64}
# - {name: dec, unit: deg, datatype: float64}
# - {name: distance, unit: kpc, datatype: float64}
# - {name: pm_ra_cosdec, unit: mas / yr, datatype: float64}
# - {name: pm_dec, unit: mas / yr, datatype: float64}
# - {name: radial_velocity, unit: km / s, datatype: float64}
# delimiter: ','
# meta: !!omap
# - __serialized_columns__:
#     dec:
#       __class__: astropy.coordinates.angles.Latitude
#       unit: &id001 !astropy.units.Unit {unit: deg}
#       value: !astropy.table.SerializedColumn {name: dec}
#     distance:
#       __class__: astropy.coordinates.distances.Distance
#       unit: !astropy.units.Unit {unit: kpc}
#       value: !astropy.table.SerializedColumn {name: distance}
#     pm_dec:
#       __class__: astropy.units.quantity.Quantity
#       unit: !astropy.units.Unit {unit: mas / yr}
#       value: !astropy.table.SerializedColumn {name: pm_dec}
#     pm_ra_cosdec:
#       __class__: astropy.units.quantity.Quantity
#       unit: !astropy.units.Unit {unit: mas / yr}
#       value: !astropy.table.SerializedColumn {name: pm_ra_cosdec}
#     ra:
#       __class__: astropy.coordinates.angles.Longitude
#       unit: *id001
#       value: !astropy.table.SerializedColumn {name: ra}
#       wrap_angle: !astropy.coordinates.Angle
#         unit: *id001
#         value: 360.0
#     radial_velocity:
#       __class__: astropy.units.quantity.Quantity
#       unit: !astropy.units.Unit {unit: km / s}
#       value: !astropy.table.SerializedColumn {name: radial_velocity}
# schema: astropy-2.0
ra,dec,distance,pm_ra_cosdec,pm_dec,radial_velocity
[from data line 1266]
354.54098518528815,30.585555325951404,1.0000000000000007,1.3425548365432185,-2.60259186504603,-198.6567370906933
354.5396827271555,30.59560391106395,1.0000000000000009,1.3425926807941169,-2.6021212039884496,-198.69547375297444
354.53837881808016,30.605652438315307,1.0000000000000009,1.3426295182945243,-2.601650151083401,-198.73435140374127
354.5370734623609,30.615700907839244,1.0000000000000009,1.3426653471744352,-2.6011787047998283,-198.77337025695678
354.5357666642982,30.625749319769668,1.0000000000000009,1.3427001655636812,-2.6007068636068986,-198.81253052658417
354.5344584281939,30.63579767424059,1.000000000000001,1.3427339715918225,-2.6002346259741316,-198.85183242658658
354.53314875835133,30.645845971386155,1.0000000000000009,1.3427667633881342,-2.5997619903712916,-198.891276170927
354.5318376590755,30.655894211340588,1.0000000000000009,1.3427985390817732,-2.5992889552684453,-198.93086197356882
354.53052513467287,30.66594239423826,1.0000000000000009,1.342829296801574,-2.5988155191359503,-198.97059004847495
354.52921118945153,30.675990520213677,1.0000000000000009,1.3428590346762221,-2.598341680444424,-199.01046060960869
354.52789582772107,30.686038589401413,1.0000000000000009,1.3428877508341368,-2.5978674376647994,-199.05047387093313
354.5265790537925,30.696086601936212,1.0000000000000009,1.3429154434034651,-2.5973927892682767,-199.09063004641132
354.5252608719787,30.706134557952904,1.0000000000000009,1.3429421105122703,-2.596917733726375,-199.13092935000654
354.52394128659375,30.716182457586456,1.0000000000000009,1.3429677502882154,-2.5964422695108524,-199.17137199568182
354.52262030195345,30.72623030097196,1.0000000000000009,1.3429923608588124,-2.5959663950937717,-199.21195819740032
354.5212979223752,30.736278088244617,1.0000000000000009,1.3430159403514246,-2.5954901089475086,-199.2526881691253
354.5199741521779,30.74632581953977,1.000000000000001,1.3430384868930405,-2.595013409544684,-199.29356212481974
354.5186489956819,30.756373494992864,1.0000000000000009,1.3430599986104976,-2.594536295358246,-199.33458027844685
354.51732245720933,30.76642111473948,1.0000000000000009,1.3430804736304416,-2.594058764861405,-199.3757428439697
354.5159945410838,30.77646867891533,1.0000000000000009,1.3430999100792094,-2.5935808165276626,-199.4170500353515
354.5146652516303,30.78651618765624,1.0000000000000009,1.3431183060829452,-2.593102448830802,-199.4585020665554
354.5133345931757,30.796563641098164,1.0000000000000007,1.3431356597676034,-2.5926236602449144,-199.5000991515445
354.5120025700483,30.806611039377195,1.0000000000000009,1.3431519692588485,-2.59214444924433,-199.54184150428196
354.5106691865779,30.816658382629534,1.0000000000000009,1.3431672326821862,-2.591664814303755,-199.58372933873088
354.50933444709597,30.82670567099154,1.0000000000000009,1.3431814481628024,-2.5911847538980837,-199.6257628688544
354.50799835593546,30.836752904599663,1.0000000000000009,1.343194613825713,-2.590704266502563,-199.66794230861566
354.5066609174311,30.846800083590505,1.0000000000000009,1.3432067277957054,-2.590223350592698,-199.7102678719779
354.5053221359189,30.85684720810082,1.0000000000000009,1.3432177881973404,-2.589742004644279,-199.75273977290416
354.50398201573677,30.866894278267438,1.0000000000000009,1.3432277931549423,-2.589260227133426,-199.79535822535755
354.502640561224,30.87694129422736,1.000000000000001,1.3432367407925718,-2.588778016536505,-199.8381234433013
354.50129777672146,30.88698825611772,1.0000000000000009,1.3432446292341162,-2.588295371330169,-199.88103564069849
354.4999536665718,30.89703516407578,1.0000000000000009,1.3432514566032259,-2.587812289991362,-199.92409503151222
354.4986082351191,30.90708201823891,1.0000000000000009,1.3432572210232836,-2.5873287709973525,-199.9673018297057
354.497261486709,30.917128818744647,1.0000000000000009,1.343261920617464,-2.5868448128256603,-200.01065624924206
354.49591342568885,30.927175565730664,1.0000000000000009,1.3432655535087337,-2.5863604139540683,-200.0541585040844
354.4945640564076,30.937222259334742,1.0000000000000009,1.3432681178198114,-2.5858755728607257,-200.097808808196
354.4932133832158,30.947268899694826,1.0000000000000009,1.3432696116731782,-2.5853902880239943,-200.1416073755398
354.49186141046545,30.957315486948968,1.0000000000000009,1.3432700331911307,-2.584904557922574,-200.18555442007892
354.49050814251024,30.967362021235388,1.0000000000000009,1.343269380495625,-2.5844183810354195,-200.2296501557768
354.4891535837057,30.97740850269243,1.0000000000000009,1.3432676517085573,-2.5839317558417925,-200.27389479659618
354.4877977384085,30.98745493145857,1.0000000000000009,1.343264844951452,-2.5834446808212306,-200.31828855650045
354.4864406109774,30.997501307672447,1.0000000000000009,1.3432609583456405,-2.582957154453563,-200.36283164945272
354.48508220577247,31.00754763147282,1.0000000000000009,1.3432559900122705,-2.5824691752189146,-200.40752428941607
354.48372252715546,31.01759390299859,1.0000000000000009,1.3432499380722018,-2.581980741597686,-200.45236669035376
354.48236157948986,31.0276401223888,1.0000000000000009,1.3432428006461326,-2.581491852070595,-200.4973590662288
354.4809993671406,31.03768628978264,1.0000000000000009,1.3432345758544475,-2.581002505118615,-200.54250163100428
354.4796358944744,31.047732405319454,1.0000000000000009,1.3432252618173592,-2.5805126992230036,-200.58779459864354
354.47827116585944,31.0577784691387,1.0000000000000009,1.3432148566548303,-2.5800224328653343,-200.63323818310957
354.4769051856657,31.06782448137999,1.0000000000000009,1.3432033584866208,-2.579531704527465,-200.6788325983655
354.4755379582646,31.077870442183116,1.0000000000000009,1.3431907654321984,-2.5790405126915132,-200.72457805837456
354.4741694880294,31.087916351687962,1.0000000000000007,1.3431770756108938,-2.57854885583993,-200.77047477709974
354.4727997793348,31.097962210034595,1.0000000000000009,1.343162287141709,-2.578056732455387,-200.81652296850436
354.47142883655727,31.10800801736321,1.0000000000000009,1.343146398143476,-2.5775641410209325,-200.86272284655143
354.47005666407483,31.118053773814154,1.0000000000000009,1.3431294067347896,-2.577071080019831,-200.90907462520423
354.4686832662673,31.128099479527922,1.0000000000000009,1.3431113110340411,-2.576577547935674,-200.95557851842565
354.46730864751584,31.13814513464517,1.000000000000001,1.3430921091592851,-2.57608354325232,-201.00223474017912
354.46593281220356,31.14819073930669,1.0000000000000009,1.3430717992284946,-2.5755890644539257,-201.04904350442757
354.46455576471504,31.158236293653392,1.0000000000000009,1.343050379359278,-2.5750941100249314,-201.09600502513416
354.46317750943666,31.16828179782642,1.0000000000000009,1.3430278476691209,-2.574598678450073,-201.1431195162621
354.4617980507563,31.178327251966977,1.0000000000000009,1.343004202275207,-2.574102768214374,-201.19038719177453
354.4604173930635,31.188372656216483,1.0000000000000009,1.3429794412945362,-2.5736063778031344,-201.23780826563456
354.4590355407496,31.198418010716487,1.000000000000001,1.342953562843828,-2.573109505701943,-201.2853829518053
354.45765249820744,31.208463315608675,1.0000000000000009,1.342926565039646,-2.572612150396715,-201.33311146424995
354.4562682698316,31.218508571034924,1.000000000000001,1.3428984459982156,-2.5721143103735855,-201.3809940169316
354.4548828600183,31.228553777137222,1.0000000000000009,1.3428692038356322,-2.571615984119042,-201.42903082381332
354.45349627316546,31.238598934057737,1.0000000000000009,1.3428388366677368,-2.571117170119823,-201.4772220988585
354.4521085136726,31.248644041938803,1.0000000000000009,1.342807342610091,-2.570617866862964,-201.52556805602998
354.450719585941,31.258689100922883,1.0000000000000007,1.342774719778089,-2.5701180728357897,-201.57406890929107
354.4493294943735,31.2687341111526,1.0000000000000009,1.342740966286872,-2.569617786525928,-201.62272487260483
354.4479382433747,31.278779072770767,1.0000000000000009,1.3427060802512902,-2.5691170064212514,-201.67153615993448
354.4465458373509,31.288823985920327,1.0000000000000009,1.3426700597861214,-2.5686157310099667,-201.7205029852431
354.44515228071,31.29886885074436,1.0000000000000009,1.342632903005696,-2.5681139587805504,-201.7696255624939
354.44375757786156,31.308913667386165,1.0000000000000009,1.3425946080243332,-2.567611688221767,-201.81890410564986
354.4423617332169,31.31895843598914,1.0000000000000009,1.3425551729559602,-2.567108917822683,-201.8683388286742
354.44096475118903,31.32900315669688,1.000000000000001,1.3425145959143374,-2.5666056460726097,-201.91792994553015
354.4395666361926,31.339047829653147,1.0000000000000009,1.3424728750129842,-2.566101871461189,-201.96767767018076
354.4381673926439,31.349092455001827,1.0000000000000009,1.3424300083652194,-2.56559759247833,-202.0175822165892
354.43676702496106,31.359137032887,1.0000000000000007,1.3423859940840934,-2.5650928076142563,-202.06764379871854
354.43536553756377,31.369181563452894,1.0000000000000009,1.3423408302824393,-2.564587515359431,-202.11786263053207
354.4339629348735,31.37922604684391,1.0000000000000009,1.3422945150728656,-2.5640817142046615,-202.16823892599263
354.43255922131334,31.38927048320461,1.0000000000000009,1.3422470465677239,-2.5635754026409963,-202.21877289906365
354.4311544013081,31.399314872679714,1.0000000000000009,1.3421984228791604,-2.5630685791597863,-202.26946476370827
354.42974847928446,31.409359215414117,1.0000000000000009,1.3421486421191373,-2.5625612422526807,-202.32031473388943
354.42834145967055,31.41940351155287,1.0000000000000009,1.3420977023992777,-2.562053390411613,-202.37132302357043
354.4269333468963,31.429447761241203,1.0000000000000009,1.342045601831051,-2.561545022128783,-202.4224898467143
354.4255241453934,31.439491964624516,1.0000000000000009,1.341992338525674,-2.561036135896707,-202.47381541728421
354.42411385959525,31.449536121848343,1.0000000000000009,1.3419379105941514,-2.5605267302081636,-202.52529994924336
354.42270249393687,31.45958023305841,1.000000000000001,1.3418823161472289,-2.5600168035562447,-202.57694365655485
354.4212900528551,31.469624298400635,1.0000000000000009,1.3418255532954353,-2.559506354434305,-202.62874675318173
354.4198765407885,31.47966831802108,1.000000000000001,1.341767620149073,-2.5589953813359827,-202.68070945308736
354.4184619621773,31.489712292065967,1.0000000000000009,1.341708514818222,-2.5584838827552367,-202.73283197023457
354.4170463214634,31.4997562206817,1.0000000000000009,1.3416482354127024,-2.5579718571862884,-202.78511451858674
354.41562962309047,31.50980010401487,1.000000000000001,1.3415867800421406,-2.557459303123629,-202.83755731210695
354.41421187150405,31.519843942212233,1.0000000000000009,1.3415241468159014,-2.556946219062066,-202.8901605647583
354.41279307115127,31.529887735420687,1.0000000000000009,1.341460333843151,-2.5564326034967024,-202.942924490504
354.4113732264809,31.53993148378734,1.0000000000000009,1.3413953392327964,-2.555918454922896,-202.99584930330707
354.4099523419437,31.549975187459463,1.0000000000000007,1.3413291610935358,-2.5554037718362785,-203.04893521713075
354.4085304219919,31.560018846584494,1.0000000000000009,1.341261797533774,-2.5548885527328196,-203.1021824459381
354.40710747107966,31.570062461310062,1.0000000000000009,1.3411932466618093,-2.5543727961087477,-203.1555912036924
354.40568349366276,31.580106031783938,1.0000000000000009,1.3411235065856015,-2.5538565004605758,-203.20916170435663
354.40425849419887,31.590149558154113,1.0000000000000009,1.3410525754129408,-2.5533396642850974,-203.26289416189394
354.4028324771473,31.600193040568733,1.0000000000000007,1.340980451251343,-2.5528222860793868,-203.31678879026762
354.40140544696897,31.610236479176113,1.0000000000000009,1.3409071322081143,-2.5523043643408485,-203.37084580344072
354.39997740812686,31.620279874124765,1.0000000000000009,1.3408326163903488,-2.5517858975671146,-203.4250654153763
354.39854836508556,31.63032322556335,1.0000000000000009,1.3407569019049017,-2.5512668842561403,-203.4794478400375
354.3971183223113,31.640366533640762,1.0000000000000009,1.3406799868583765,-2.5507473229061404,-203.53399329138762
354.3956872842722,31.65040979850602,1.0000000000000007,1.3406018693571342,-2.550227212015649,-203.58870198338963
354.3942552554381,31.66045302030833,1.0000000000000009,1.3405225475073763,-2.549706550083439,-203.6435741300068
354.39282224028074,31.67049619919712,1.0000000000000009,1.3404420194150317,-2.549185335608616,-203.69860994520215
354.3913882432733,31.68053933532195,1.0000000000000009,1.3403602831857406,-2.5486635670905464,-203.75380964293893
354.389953268891,31.69058242883261,1.0000000000000009,1.3402773369250482,-2.5481412430288586,-203.80917343718025
354.3885173216109,31.700625479879022,1.0000000000000009,1.3401931787381551,-2.547618361923533,-203.86470154188916
354.38708040591143,31.710668488611326,1.0000000000000009,1.3401078067300678,-2.547094922274752,-203.92039417102885
354.3856425262733,31.720711455179845,1.0000000000000009,1.3400212190056005,-2.54657092258304,-203.97625153856245
354.38420368717846,31.73075437973507,1.0000000000000009,1.3399334136692436,-2.5460463613491804,-204.03227385845315
354.3827638931112,31.74079726242768,1.0000000000000009,1.3398443888253873,-2.545521237074258,-204.0884613446641
354.3813231485572,31.750840103408546,1.0000000000000009,1.3397541425781005,-2.544995548259635,-204.14481421115832
354.379881458004,31.760882902828733,1.0000000000000009,1.3396626730312176,-2.544469293406941,-204.20133267189902
354.37843882594103,31.770925660839477,1.0000000000000009,1.339569978288405,-2.5439424710180916,-204.25801694084933
354.37699525685935,31.780968377592195,1.000000000000001,1.3394760564530372,-2.5434150795953343,-204.3148672319725
354.37555075525205,31.791011053238527,1.0000000000000009,1.339380905628342,-2.5428871176411256,-204.3718837592315
354.3741053256137,31.801053687930253,1.0000000000000007,1.3392845239172204,-2.5423585836582667,-204.42906673658948
354.37265897244095,31.8110962818194,1.0000000000000009,1.3391869094223967,-2.541829476149786,-204.48641637800972
354.37121170023204,31.821138835058125,1.0000000000000009,1.3390880602463913,-2.54129979361905,-204.54393289745522
354.3697635134872,31.831181347798807,1.0000000000000009,1.338987974491451,-2.540769534569691,-204.60161650888912
354.3683144167083,31.84122382019403,1.0000000000000009,1.3388866502595795,-2.540238697505579,-204.65946742627477
354.366864414399,31.851266252396535,1.0000000000000009,1.3387840856526023,-2.5397072809309336,-204.71748586357504
354.36541351106496,31.861308644559255,1.0000000000000009,1.3386802787721046,-2.5391752833502323,-204.7756720347531
354.36396171121345,31.871350996835357,1.0000000000000009,1.3385752277194145,-2.5386427032682093,-204.83402615377227
354.36250901935364,31.881393309378158,1.0000000000000009,1.3384689305956545,-2.538109539189911,-204.89254843459557
354.36105543999656,31.8914355823412,1.0000000000000009,1.338361385501726,-2.5375757896206395,-204.951239091186
354.3596009776549,31.90147781587819,1.0000000000000009,1.338252590538254,-2.5370414530660206,-205.01009833750695
354.3581456368434,31.911520010143054,1.0000000000000009,1.3381425438057302,-2.5365065280319,-205.06912638752152
354.3566894220783,31.921562165289895,1.0000000000000009,1.338031243404306,-2.5359710130244792,-205.12832345519274
354.3552323378781,31.93160428147303,1.0000000000000009,1.3379186874340014,-2.535434906550158,-205.18768975448376
354.35377438876264,31.94164635884696,1.0000000000000009,1.3378048739945498,-2.534898207115692,-205.2472254993578
354.35231557925397,31.951688397566375,1.000000000000001,1.3376898011854599,-2.534360913228067,-205.30693090377795
354.35085591387576,31.961730397786177,1.0000000000000009,1.3375734671060155,-2.5338230233945858,-205.36680618170732
354.3493953971536,31.97177235966147,1.0000000000000009,1.3374558698553325,-2.533284536122782,-205.42685154710904
