galstreams/tracks/track.st.C-5.ibata2021.ecsv
# %ECSV 0.9
# ---
# datatype:
# - {name: ra, unit: deg, datatype: float64}
# - {name: dec, unit: deg, datatype: float64}
# - {name: distance, unit: kpc, datatype: float64}
# - {name: pm_ra_cosdec, unit: mas / yr, datatype: float64}
# - {name: pm_dec, unit: mas / yr, datatype: float64}
# - {name: radial_velocity, unit: km / s, datatype: float64}
# delimiter: ','
# meta: !!omap
# - __serialized_columns__:
#     dec:
#       __class__: astropy.coordinates.angles.Latitude
#       unit: &id001 !astropy.units.Unit {unit: deg}
#       value: !astropy.table.SerializedColumn {name: dec}
#     distance:
#       __class__: astropy.coordinates.distances.Distance
#       unit: !astropy.units.Unit {unit: kpc}
#       value: !astropy.table.SerializedColumn {name: distance}
#     pm_dec:
#       __class__: astropy.units.quantity.Quantity
#       unit: !astropy.units.Unit {unit: mas / yr}
#       value: !astropy.table.SerializedColumn {name: pm_dec}
#     pm_ra_cosdec:
#       __class__: astropy.units.quantity.Quantity
#       unit: !astropy.units.Unit {unit: mas / yr}
#       value: !astropy.table.SerializedColumn {name: pm_ra_cosdec}
#     ra:
#       __class__: astropy.coordinates.angles.Longitude
#       unit: *id001
#       value: !astropy.table.SerializedColumn {name: ra}
#       wrap_angle: !astropy.coordinates.Angle
#         unit: *id001
#         value: 360.0
#     radial_velocity:
#       __class__: astropy.units.quantity.Quantity
#       unit: !astropy.units.Unit {unit: km / s}
#       value: !astropy.table.SerializedColumn {name: radial_velocity}
# schema: astropy-2.0
ra,dec,distance,pm_ra_cosdec,pm_dec,radial_velocity
[from data line 274]
116.32036133182505,35.35520393762619,4.214842380760358,-0.817109273268765,-10.208768644836791,-6.73661370389787e-14
116.33128582048235,35.350667840371635,4.217542597465793,-0.8162436798592343,-10.204517982066442,-3.368306851948935e-14
116.34220922944063,35.346130994539095,4.220245061187654,-0.8153792624685223,-10.20028215190603,-3.368306851948935e-14
116.35313153930602,35.341593369315405,4.222949831871242,-0.814516002842463,-10.196060927273571,0.0
116.36405273067231,35.33705493389439,4.22565696946185,-0.8136538826277013,-10.191854081095,-5.0524602779234026e-14
116.37497278412113,35.3325156574769,4.228366533904778,-0.8127928833717433,-10.187661386304166,-5.0524602779234026e-14
116.38589168022175,35.32797550927074,4.231078585145325,-0.8119329865229679,-10.183482615842882,0.0
116.39680939953126,35.3234344584908,4.233793183128789,-0.8110741734306801,-10.179317542660955,-1.6841534259744676e-14
116.40772592259451,35.31889247435894,4.236510387800467,-0.8102164253451132,-10.175165939716186,-1.6841534259744676e-14
116.41864122994428,35.314349526103975,4.239230259105657,-0.8093597234175189,-10.171027579974417,-3.368306851948935e-14
116.429555302101,35.30980558296176,4.241952856989659,-0.8085040487001403,-10.166902236409548,-5.0524602779234026e-14
116.44046811957301,35.30526061417517,4.24467824139777,-0.8076493821462838,-10.162789682003561,-3.368306851948935e-14
116.4513796628565,35.30071458899407,4.247406472275285,-0.8067957046103544,-10.158689689746552,-1.6841534259744676e-14
116.46228991243552,35.29616747667532,4.250137609567509,-0.8059429968478886,-10.154602032636738,-3.368306851948935e-14
116.47319884878199,35.291619246482796,4.252871713219736,-0.8050912395155874,-10.150526483680508,0.0
116.48410645235575,35.28706986768737,4.255608843177263,-0.8042404131713694,-10.146462815892427,-1.6841534259744676e-14
116.49501270360454,35.28251930956691,4.258349059385389,-0.8033904982744045,-10.142410802295268,-1.6841534259744676e-14
116.50591758296412,35.277967541406284,4.261092421789415,-0.8025414751851601,-10.138370215920027,-3.368306851948935e-14
116.51682107085803,35.273414532497384,4.2638389903346345,-0.8016933241654329,-10.134340829805973,-5.0524602779234026e-14
116.52772314769794,35.26886025213906,4.266588824966348,-0.8008460253784138,-10.130322417000633,-3.368306851948935e-14
116.53862379388345,35.264304669637205,4.269341985629853,-0.7999995588887039,-10.126314750559855,-3.368306851948935e-14
116.54952298980213,35.25974775430468,4.272098532270449,-0.7991539046623886,-10.122317603547799,-1.6841534259744676e-14
116.56042071582964,35.255189475461364,4.274858524833434,-0.7983090425670742,-10.118330749036987,-1.6841534259744676e-14
116.57131695232961,35.25062980243413,4.277622023264104,-0.7974649523719166,-10.11435396010831,-8.420767129872338e-14
116.58221167965378,35.246068704556826,4.280389087507758,-0.796621613747704,-10.110387009851058,-1.6841534259744676e-14
116.59310487814197,35.241506151170334,4.283159777509694,-0.7957790062668744,-10.106429671362942,-1.6841534259744676e-14
116.60399652812207,35.236942111622504,4.285934153215212,-0.7949371094035957,-10.102481717750113,-1.6841534259744676e-14
116.61488660991007,35.23237655526818,4.288712274569608,-0.7940959025337808,-10.098542922127194,-1.6841534259744676e-14
116.62577510381013,35.22780945146923,4.291494201518182,-0.7932553649351797,-10.0946130576173,-3.368306851948935e-14
116.63666199011456,35.22324076959447,4.29427999400623,-0.7924154757873996,-10.090691897352052,-6.73661370389787e-14
116.64754724910378,35.218670479019735,4.297069711979051,-0.7915762141719727,-10.086779214471616,-3.368306851948935e-14
116.6584308610465,35.21409854912785,4.299863415381942,-0.7907375590724219,-10.082874782124707,-5.0524602779234026e-14
116.66931280619951,35.20952494930864,4.302661164160203,-0.7898994893742857,-10.078978373468622,-1.6841534259744676e-14
116.680193064808,35.20494964895888,4.3054630182591325,-0.7890619838652153,-10.07508976166927,-5.0524602779234026e-14
116.69107161710522,35.20037261748237,4.308269037624027,-0.7882250212349937,-10.071208719901175,-1.6841534259744676e-14
116.70194844331282,35.19579382428989,4.311079282200184,-0.7873885800756242,-10.067335021347517,-5.0524602779234026e-14
116.71282352364071,35.191213238799186,4.313893811932903,-0.7865526388813677,-10.063468439200143,-5.0524602779234026e-14
116.72369683828701,35.186630830435014,4.316712686767483,-0.7857171760488137,-10.059608746659585,-1.6841534259744676e-14
116.73456836743836,35.18204656862912,4.3195359666492195,-0.7848821698769488,-10.055755716935101,-6.73661370389787e-14
116.74543809126955,35.17746042282017,4.322363711523415,-0.7840475985672015,-10.05190912324467,-3.368306851948935e-14
116.75630598994384,35.17287236245388,4.3251959813353595,-0.7832134402235147,-10.048068738815036,-1.6841534259744676e-14
116.76717204361283,35.16828235698293,4.32803283603036,-0.7823796728524111,-10.044234336881715,-5.0524602779234026e-14
116.77803623241662,35.163690375866935,4.330874335553709,-0.7815462743630612,-10.040405690689033,-1.6841534259744676e-14
116.7888985364836,35.15909638857254,4.333720539850708,-0.7807132225673323,-10.036582573490122,-3.368306851948935e-14
116.79975893593075,35.15450036457334,4.336571508866652,-0.7798804951798799,-10.032764758546959,-3.368306851948935e-14
116.81061741086343,35.14990227334991,4.3394273025468415,-0.7790480698181983,-10.028952019130392,-5.0524602779234026e-14
116.82147394137549,35.14530208438977,4.342287980836574,-0.7782159240026847,-10.02514412852014,0.0
116.83232850754936,35.140699767187456,4.345153603681147,-0.7773840351567292,-10.021340860004827,-5.0524602779234026e-14
116.84318108945594,35.136095291244445,4.3480242310258586,-0.7765523806067691,-10.017541986882003,-3.368306851948935e-14
116.85403166715471,35.13148862606918,4.350899922816009,-0.775720937582365,-10.013747282458164,-3.368306851948935e-14
116.86488022069375,35.12687974117707,4.353780738996892,-0.7748896832162686,-10.009956520048766,-3.368306851948935e-14
116.87572673010969,35.1222686060905,4.356666739513812,-0.774058594544508,-10.006169472978245,-3.368306851948935e-14
116.88657117542786,35.117655190338816,4.35955798431206,-0.7732276485064506,-10.002385914580055,-6.73661370389787e-14
116.8974135366621,35.11303946345829,4.362454533336939,-0.7723968219448727,-9.998605618196656,-3.368306851948935e-14
116.90825379381506,35.108421394992206,4.3653564465337436,-0.771566091606062,-9.994828357179564,-1.6841534259744676e-14
116.91909192687804,35.103800954490765,4.368263783847777,-0.7707354341398598,-9.991053904889348,0.0
116.92992791583094,35.09917811151112,4.371176605224333,-0.7699048260997616,-9.987282034695669,0.0
116.94076174064257,35.094552835617414,4.374094970608711,-0.7690742439429938,-9.983512519977277,-1.6841534259744676e-14
116.95159338127038,35.0899250963807,4.377018939946208,-0.7682436640305854,-9.979745134122055,-3.368306851948935e-14
116.9624228176606,35.08529486337898,4.3799485731821255,-0.7674130626274458,-9.975979650527016,0.0
116.97325002974834,35.08066210619725,4.382883930261758,-0.7665824159024708,-9.972215842598333,-6.73661370389787e-14
116.98407499745743,35.07602679442739,4.385825071130404,-0.7657516999285836,-9.968453483751361,-3.368306851948935e-14
116.99489770070062,35.07138889766826,4.388772055733364,-0.7649208906828606,-9.964692347410637,-1.6841534259744676e-14
117.00571811937957,35.06674838552564,4.391724944015934,-0.7640899640465908,-9.960932207009932,-5.0524602779234026e-14
117.01653623338468,35.06210522761225,4.394683795923414,-0.7632588958053614,-9.957172835992221,-3.368306851948935e-14
117.02735202259547,35.05745939354777,4.3976486714011,-0.7624276616491503,-9.953414007809751,-5.0524602779234026e-14
117.03816546688023,35.052810852958764,4.40061963039429,-0.7615962371724194,-9.949655495924034,0.0
117.04897654609633,35.04815957547878,4.403596732848285,-0.7607645978741862,-9.945897073805858,-1.6841534259744676e-14
117.05978524009008,35.043505530748234,4.406580038708379,-0.7599327191581291,-9.942138514935314,-1.6841534259744676e-14
117.07059152869682,35.03884868841454,4.409569607919874,-0.7591005763326579,-9.93837959280182,-3.368306851948935e-14
117.08139539174094,35.034189018131976,4.412565500428066,-0.7582681446110289,-9.934620080904132,-3.368306851948935e-14
117.09219680903588,35.02952648956176,4.415567776178254,-0.7574353991114142,-9.930859752750354,-3.368306851948935e-14
117.10299576038416,35.024861072372026,4.418576495115734,-0.756602314857006,-9.92709838185797,-3.368306851948935e-14
117.11379222557746,35.020192736237824,4.421591717185807,-0.7557688667761095,-9.923335741753846,-1.6841534259744676e-14
117.1245861843965,35.01552145084113,4.424613502333769,-0.7549350297022293,-9.91957160597425,0.0
117.1353776166113,35.0108471858708,4.427641910504919,-0.754100778374176,-9.915805748064885,-1.6841534259744676e-14
117.14616650198093,35.00616991102263,4.430677001644556,-0.7532660874361545,-9.912037941580886,-3.368306851948935e-14
117.1569528202538,35.00148959599929,4.433718835697977,-0.7524309314378606,-9.908267960086834,-1.6841534259744676e-14
117.16773655116748,34.99680621051038,4.436767472610482,-0.7515952848345857,-9.904495577156794,-1.6841534259744676e-14
117.17851767444884,34.99211972427238,4.439822972327365,-0.7507591219873104,-9.900720566374314,-3.368306851948935e-14
117.18929616981401,34.98743010700864,4.442885394793927,-0.7499224171628025,-9.896942701332437,-1.6841534259744676e-14
117.20007201696848,34.98273732844949,4.445954799955464,-0.7490851445337232,-9.89316175563374,-1.6841534259744676e-14
117.21084519560704,34.97804135833206,4.449031247757278,-0.7482472781787233,-9.889377502890312,-1.6841534259744676e-14
117.22161568541387,34.97334216640039,4.452114798144665,-0.7474087920825521,-9.885589716723809,-1.6841534259744676e-14
117.2323834660626,34.96863972240542,4.455205511062922,-0.7465696601361613,-9.881798170765439,1.6841534259744676e-14
117.24314851721614,34.963933996105,4.458303446457348,-0.7457298561367907,-9.87800263865601,-3.368306851948935e-14
117.25391081852702,34.959224957263764,4.461408664273241,-0.7448893537881027,-9.87420289404589,-3.368306851948935e-14
117.2646703496371,34.954512575653325,4.4645212244559005,-0.7440481267002688,-9.870398710595092,-1.6841534259744676e-14
117.27542709017786,34.949796821052104,4.467641186950623,-0.743206148390078,-9.866589861973221,-3.368306851948935e-14
117.2861810197702,34.94507766324539,4.470768611702708,-0.7423633922810562,-9.862776121859547,-1.6841534259744676e-14
117.29693211802464,34.94035507202537,4.47390355865745,-0.7415198317035614,-9.85895726394297,0.0
117.3076803645413,34.93562901719108,4.477046087760152,-0.7406754398949016,-9.85513306192207,0.0
117.31842573890987,34.930899468548404,4.480196258956108,-0.7398301899994464,-9.851303289505102,0.0
117.32916822070968,34.92616639591008,4.4833541321906205,-0.7389840550687339,-9.847467720410013,0.0
117.33990778950974,34.92142976909571,4.486519767408983,-0.738137008061583,-9.843626128364464,0.0
117.35064442486878,34.916689557931726,4.489693224556495,-0.7372890218442174,-9.839778287105831,-3.368306851948935e-14
117.36137810633518,34.91194573225143,4.492874563578457,-0.7364400691903612,-9.835923970381218,-5.0524602779234026e-14
117.37210881344713,34.90719826189494,4.496063844420164,-0.7355901227813699,-9.832062951947497,-5.0524602779234026e-14
117.38283652573259,34.90244711670921,4.499261127026918,-0.7347391552063494,-9.828195005571267,1.6841534259744676e-14
117.39356122270927,34.89769226654806,4.502466471344012,-0.7338871389622506,-9.824319905028936,-5.0524602779234026e-14
117.40428288388478,34.892933681272105,4.505679937316747,-0.7330340464540146,-9.820437424106677,-3.368306851948935e-14
117.4150014887566,34.888171330748804,4.508901584890422,-0.7321798499946768,-9.816547336600461,-6.73661370389787e-14
117.42571701681204,34.88340518485241,4.512131474010333,-0.7313245218054851,-9.81264941631607,-3.368306851948935e-14
117.43642944752837,34.87863521346403,4.5153696646217805,-0.7304680340160297,-9.808743437069113,-3.368306851948935e-14
117.44713876037277,34.87386138647158,4.518616216670059,-0.7296103586643556,-9.804829172685032,0.0
117.45784493480247,34.86908367376977,4.5218711901004705,-0.7287514676970983,-9.800906396999114,-3.368306851948935e-14
117.46854795026465,34.864302045260125,4.525134644858311,-0.7278913329695937,-9.796974883856501,-3.368306851948935e-14
117.47924778619652,34.859516470850956,4.528406640888879,-0.7270299262460047,-9.793034407112206,1.6841534259744676e-14
117.48994442202542,34.854726920457416,4.531687238137471,-0.726167219199455,-9.789084740631127,0.0
117.5006378371687,34.8499333640014,4.5349764965493895,-0.7253031834121508,-9.785125658288036,1.6841534259744676e-14
117.51132801103388,34.84513577141165,4.538274476069928,-0.7244377903754984,-9.78115693396763,-5.0524602779234026e-14
117.52201492301865,34.840334112623616,4.541581236644388,-0.7235710114902498,-9.777178341564502,-1.6841534259744676e-14
117.53269855251082,34.835528357579605,4.5448968382180635,-0.7227028180666226,-9.773189654983184,1.6841534259744676e-14
117.54337887888852,34.830718476228675,4.548221340736257,-0.7218331813244294,-9.769190648138123,0.0
117.55405588152001,34.82590443852664,4.551554804144264,-0.7209620723932042,-9.765181094953721,-3.368306851948935e-14
117.5647295397639,34.821086214436114,4.554897288387384,-0.7200894623123453,-9.76116076936433,-1.6841534259744676e-14
117.57539983296911,34.81626377392646,4.558248853410913,-0.7192153220312443,-9.757129445314273,-1.6841534259744676e-14
117.58606674047483,34.811437086973775,4.561609559160152,-0.718339622409407,-9.753086896757841,-1.6841534259744676e-14
117.59673024161067,34.80660612356097,4.564979465580398,-0.7174623342166111,-9.749032897659308,-5.0524602779234026e-14
117.60739031569663,34.80177085367766,4.568358632616948,-0.716583428133021,-9.744967221992942,-5.0524602779234026e-14
117.61804694204314,34.796931247320224,4.571747120215101,-0.7157028747493341,-9.740889643743008,-1.6841534259744676e-14
117.62870009995105,34.7920872744918,4.575144988320155,-0.7148206445669112,-9.736799936903793,-1.6841534259744676e-14
117.63934976871178,34.787238905202216,4.578552296877411,-0.713936707997928,-9.732697875479586,-1.6841534259744676e-14
117.64999592760718,34.7823861094681,4.58196910583216,-0.7130510353654986,-9.728583233484722,0.0
117.66063855590973,34.77752885731274,4.585395475129706,-0.7121635969038227,-9.724455784943565,-5.0524602779234026e-14
117.67127763288244,34.7726671187662,4.588831464715346,-0.7112743627583227,-9.72031530389052,-3.368306851948935e-14
117.68191313777899,34.76780086386523,4.592277134534376,-0.7103833029857982,-9.716161564370047,0.0
117.69254504984366,34.76293006265332,4.595732544532098,-0.7094903875545466,-9.711994340436666,-1.6841534259744676e-14
117.70317334831144,34.75805468518065,4.599197754653806,-0.7085955863445232,-9.707813406154973,-1.6841534259744676e-14
117.71379801240799,34.75317470150412,4.6026728248448,-0.7076988691474837,-9.703618535599633,-5.0524602779234026e-14
117.72441902134979,34.74829008168731,4.606157815050381,-0.7068002056671228,-9.699409502855387,0.0
117.73503635434402,34.743400795800504,4.6096527852158395,-0.7058995655192255,-9.695186082017088,3.368306851948935e-14
117.74564999058872,34.7385068139207,4.613157795286481,-0.7049969182318141,-9.690948047189666,-3.368306851948935e-14
117.75625990927277,34.73360810613154,4.616672905207599,-0.7040922332452924,-9.686695172488164,-5.0524602779234026e-14
117.7668660895759,34.728704642523354,4.620198174924496,-0.7031854799125996,-9.682427232037735,0.0
117.77746851066875,34.723796393193176,4.623733664382466,-0.702276627499353,-9.678143999973651,-1.6841534259744676e-14
117.78806715171291,34.71888332824467,4.627279433526809,-0.7013656451840098,-9.673845250441305,1.6841534259744676e-14
117.79866199186098,34.71396541778821,4.630835542302823,-0.7004525020580095,-9.669530757596219,-1.6841534259744676e-14
117.8092530102565,34.70904263194079,4.634402050655805,-0.6995371671259245,-9.665200295604054,-5.0524602779234026e-14
