galstreams/tracks/track.st.300S.fu2018.ecsv
# %ECSV 0.9
# ---
# datatype:
# - {name: ra, unit: deg, datatype: float64}
# - {name: dec, unit: deg, datatype: float64}
# - {name: distance, unit: kpc, datatype: float64}
# - {name: pm_ra_cosdec, unit: mas / yr, datatype: float64}
# - {name: pm_dec, unit: mas / yr, datatype: float64}
# - {name: radial_velocity, unit: km / s, datatype: float64}
# delimiter: ','
# meta: !!omap
# - __serialized_columns__:
#     dec:
#       __class__: astropy.coordinates.angles.Latitude
#       unit: &id001 !astropy.units.Unit {unit: deg}
#       value: !astropy.table.SerializedColumn {name: dec}
#     distance:
#       __class__: astropy.coordinates.distances.Distance
#       unit: !astropy.units.Unit {unit: kpc}
#       value: !astropy.table.SerializedColumn {name: distance}
#     pm_dec:
#       __class__: astropy.units.quantity.Quantity
#       unit: !astropy.units.Unit {unit: mas / yr}
#       value: !astropy.table.SerializedColumn {name: pm_dec}
#     pm_ra_cosdec:
#       __class__: astropy.units.quantity.Quantity
#       unit: !astropy.units.Unit {unit: mas / yr}
#       value: !astropy.table.SerializedColumn {name: pm_ra_cosdec}
#     ra:
#       __class__: astropy.coordinates.angles.Longitude
#       unit: *id001
#       value: !astropy.table.SerializedColumn {name: ra}
#       wrap_angle: !astropy.coordinates.Angle
#         unit: *id001
#         value: 360.0
#     radial_velocity:
#       __class__: astropy.units.quantity.Quantity
#       unit: !astropy.units.Unit {unit: km / s}
#       value: !astropy.table.SerializedColumn {name: radial_velocity}
# schema: astropy-2.0
ra,dec,distance,pm_ra_cosdec,pm_dec,radial_velocity
[from data line 141]
159.87657689419228,14.987051494418811,15.214716642866577,0.0,-2.220446049250313e-16,293.6689424324874
159.93348718885653,14.978112688678044,15.198478318128668,-2.220446049250313e-16,-2.220446049250313e-16,293.59535069398265
159.99039272010305,14.969159716594897,15.182286441846406,8.881784197001252e-16,-6.661338147750939e-16,293.52125396829933
160.04729350259038,14.960192700923027,15.166141026557703,0.0,0.0,293.44665323406406
160.10418955111385,14.951211764410175,15.150042084800472,-2.220446049250313e-16,-2.220446049250313e-16,293.3715494699035
160.1610808806053,14.942217029798073,15.133989629112623,6.661338147750939e-16,2.220446049250313e-16,293.2959436544442
160.21796750613305,14.933208619822404,15.117983672032066,-1.1102230246251565e-15,-4.440892098500626e-16,293.21983676631254
160.27484944290129,14.924186657212699,15.102024226096722,0.0,0.0,293.1432297841353
160.33172670625027,14.91515126469232,15.08611130384449,8.881784197001252e-16,-2.220446049250313e-16,293.066123686539
160.38859931165578,14.906102564978355,15.07024491781329,-2.220446049250313e-16,2.220446049250313e-16,292.98851945215023
160.44546727472903,14.897040680781584,15.054425080541023,4.440892098500626e-16,0.0,292.91041805959543
160.5023306112163,14.887965734806382,15.038651804565616,4.440892098500626e-16,2.220446049250313e-16,292.83182048750126
160.55918933699894,14.87887784975069,15.02292510242497,2.220446049250313e-16,0.0,292.7527277144943
160.61604346809284,14.869777148305921,15.007244986656998,-6.661338147750939e-16,2.220446049250313e-16,292.6731407192011
160.6728930206483,14.860663753156935,14.991611469799617,0.0,-2.220446049250313e-16,292.59306048024814
160.72973801094997,14.851537786981929,14.97602456439073,2.220446049250313e-16,0.0,292.5124879762621
160.78657845541636,14.842399372452412,14.960484282968254,2.220446049250313e-16,0.0,292.43142418586945
160.8434143705997,14.833248632233131,14.944990638070104,4.440892098500626e-16,4.440892098500626e-16,292.349870087697
160.9002457731857,14.824085688982015,14.929543642234181,-2.2204460492503128e-16,4.440892098500626e-16,292.267826660371
160.95707267999336,14.81491066535009,14.914143307998406,2.220446049250313e-16,2.220446049250313e-16,292.1852948825182
161.01389510797466,14.805723683981462,14.898789647900688,-4.440892098500626e-16,-4.440892098500626e-16,292.10227573276507
161.07071307421427,14.796524867513204,14.883482674478941,-8.881784197001252e-16,2.220446049250313e-16,292.0187701897382
161.12752659592945,14.787314338575353,14.868222400271069,4.4408920985006257e-16,-2.220446049250313e-16,291.9347792320642
161.18433569046977,14.778092219790807,14.853008837814986,-8.881784197001252e-16,-2.220446049250313e-16,291.85030383836977
161.2411403753167,14.768858633775276,14.837841999648614,0.0,0.0,291.7653449872812
161.29794066808367,14.759613703137234,14.82272189830985,-8.881784197001252e-16,2.220446049250313e-16,291.67990365742503
161.35473658651551,14.750357550477865,14.807648546336615,-6.661338147750939e-16,0.0,291.59398082742825
161.41152814848846,14.741090298390983,14.792621956266812,-2.2204460492503128e-16,-4.440892098500626e-16,291.50757747591695
161.4683153720098,14.731812069462979,14.777642140638365,2.220446049250313e-16,-2.220446049250313e-16,291.4206945815182
161.5250982752176,14.722522986272791,14.762709111989178,-8.881784197001252e-16,0.0,291.33333312285805
161.58187687638053,14.71322317139181,14.747822882857161,-2.220446049250313e-16,0.0,291.24549407856324
161.6386511938976,14.703912747383853,14.73298346578023,-4.4408920985006257e-16,2.220446049250313e-16,291.15717842726036
161.6954212462979,14.694591836805092,14.71819087329629,4.440892098500626e-16,-2.220446049250313e-16,291.0683871475761
161.7521870522404,14.68526056220399,14.703445117943263,-4.440892098500626e-16,2.220446049250313e-16,290.97912121813704
161.80894863051356,14.675919046121273,14.688746212259055,2.220446049250313e-16,0.0,290.88938161756954
161.86570600003537,14.666567411089854,14.67409416878157,-8.881784197001252e-16,-4.440892098500626e-16,290.79916932450016
161.92245917985275,14.657205779634776,14.659489000048733,0.0,-2.220446049250313e-16,290.7084853175557
161.97920818914162,14.647834274273167,14.644930718598449,-4.4408920985006257e-16,-2.220446049250313e-16,290.6173305753626
162.03595304720642,14.638453017514196,14.630419336968629,-4.440892098500626e-16,0.0,290.5257060765473
162.09269377348008,14.629062131858992,14.615954867697186,-1.5543122344752192e-15,0.0,290.43361279973664
162.1494303875235,14.619661739800625,14.601537323322033,-1.3322676295501878e-15,0.0,290.3410517235569
162.20616290902555,14.61025196382402,14.587166716381077,2.220446049250313e-16,2.220446049250313e-16,290.24802382663484
162.2628913578028,14.600832926405921,14.572843059412232,-4.440892098500626e-16,0.0,290.1545300875971
162.31961575379904,14.591404750014847,14.55856636495341,6.661338147750939e-16,-4.440892098500626e-16,290.0605714850699
162.37633611708537,14.581967557111025,14.544336645542524,-2.2204460492503128e-16,0.0,289.9661489976802
162.43305246785962,14.572521470146347,14.530153913717484,-6.661338147750939e-16,-2.220446049250313e-16,289.87126360405426
162.48976482644636,14.563066611564308,14.516018182016206,-2.2204460492503128e-16,-2.220446049250313e-16,289.7759162828189
162.54647321329654,14.55360310379999,14.501929462976591,4.440892098500626e-16,2.220446049250313e-16,289.6801080126004
162.6031776489872,14.544131069279961,14.487887769136561,-6.661338147750939e-16,2.220446049250313e-16,289.5838397720257
162.6598781542214,14.534650630422272,14.473893113034025,-2.220446049250313e-16,-2.220446049250313e-16,289.48711253972107
162.71657474982766,14.525161909636365,14.45994550720689,0.0,0.0,289.3899272943131
162.77326745676007,14.515665029323063,14.446044964193069,0.0,0.0,289.29228501442844
162.82995629609775,14.506160111874504,14.432191496530475,4.4408920985006257e-16,-2.220446049250313e-16,289.1941866786937
162.88664128904483,14.496647279674084,14.418385116757024,-1.1102230246251565e-15,2.220446049250313e-16,289.09563326573544
162.94332245692996,14.487126655096423,14.404625837410626,-2.220446049250313e-16,0.0,288.9966257541802
162.99999982120627,14.477598360507322,14.390913671029185,-8.881784197001252e-16,2.220446049250313e-16,288.89716512265437
163.05667340345104,14.468062518263697,14.37724863015062,2.220446049250313e-16,-2.220446049250313e-16,288.7972523497847
163.11334322536538,14.45851925071354,14.363630727312836,-8.881784197001251e-16,0.0,288.69688841419776
163.17000930877413,14.448968680195888,14.350059975053755,-4.4408920985006257e-16,-4.440892098500626e-16,288.59607429452006
