galstreams/tracks/track.st.New-4.ibata2024.ecsv
# %ECSV 1.0
# ---
# datatype:
# - {name: ra, unit: deg, datatype: float64}
# - {name: dec, unit: deg, datatype: float64}
# - {name: distance, unit: kpc, datatype: float64}
# - {name: pm_ra_cosdec, unit: mas / yr, datatype: float64}
# - {name: pm_dec, unit: mas / yr, datatype: float64}
# - {name: radial_velocity, unit: km / s, datatype: float64}
# delimiter: ','
# meta: !!omap
# - __serialized_columns__:
#     dec:
#       __class__: astropy.coordinates.angles.Latitude
#       unit: &id001 !astropy.units.Unit {unit: deg}
#       value: !astropy.table.SerializedColumn {name: dec}
#     distance:
#       __class__: astropy.coordinates.distances.Distance
#       unit: !astropy.units.Unit {unit: kpc}
#       value: !astropy.table.SerializedColumn {name: distance}
#     pm_dec:
#       __class__: astropy.units.quantity.Quantity
#       unit: !astropy.units.Unit {unit: mas / yr}
#       value: !astropy.table.SerializedColumn {name: pm_dec}
#     pm_ra_cosdec:
#       __class__: astropy.units.quantity.Quantity
#       unit: !astropy.units.Unit {unit: mas / yr}
#       value: !astropy.table.SerializedColumn {name: pm_ra_cosdec}
#     ra:
#       __class__: astropy.coordinates.angles.Longitude
#       unit: *id001
#       value: !astropy.table.SerializedColumn {name: ra}
#       wrap_angle: !astropy.coordinates.Angle
#         unit: *id001
#         value: 360.0
#     radial_velocity:
#       __class__: astropy.units.quantity.Quantity
#       unit: !astropy.units.Unit {unit: km / s}
#       value: !astropy.table.SerializedColumn {name: radial_velocity}
# schema: astropy-2.0
ra,dec,distance,pm_ra_cosdec,pm_dec,radial_velocity
[from data line 1292]
97.03374767365537,-33.80481326642907,1.0000000000000007,4.093480901076712,0.043713397474839155,96.1304818022877
97.04386523750706,-33.79937438186807,1.0000000000000007,4.093901724119023,0.043760435289163624,96.15050315419538
97.05398159227907,-33.79393476896171,1.0000000000000004,4.09432226263163,0.04380750706848602,96.17051223715833
97.06409673823244,-33.788494427976914,1.0000000000000007,4.094742515883926,0.04385461268681645,96.19050884669913
97.07421067562822,-33.78305335918053,1.0000000000000007,4.09516248314536,0.04390175201793056,96.21049277834014
97.08432340472761,-33.777611562839354,1.0000000000000007,4.095582163685407,0.04394892493539082,96.230463827604
97.09443492579187,-33.77216903922016,1.0000000000000007,4.096001556773581,0.04399613131251989,96.25042179001315
97.10454523908236,-33.7667257885896,1.0000000000000007,4.0964206616794305,0.04404337102241662,96.27036646109016
97.11465434486044,-33.761281811214346,1.0000000000000007,4.096839477672553,0.04409064393794715,96.29029763635745
97.12476224338766,-33.755837107360954,1.0000000000000004,4.09725800402256,0.04413794993176268,96.31021511133758
97.13486893492555,-33.750391677295944,1.0000000000000007,4.097676239999133,0.0441852888762746,96.33011868155312
97.14497441973579,-33.744945521285786,1.0000000000000004,4.09809418487196,0.04423266064367226,96.35000814252646
97.1550786980801,-33.739498639596896,1.0000000000000007,4.098511837910785,0.044280065105921196,96.36988328978022
97.1651817702203,-33.73405103249561,1.0000000000000007,4.098929198385385,0.044327502134750674,96.38974391883679
97.17528363641827,-33.728602700248224,1.0000000000000007,4.099346265565573,0.0443749716016697,96.40958982521877
97.18538429693596,-33.723153643120995,1.0000000000000007,4.099763038721201,0.04442247337797056,96.42942080444867
97.19548375203543,-33.717703861380095,1.0000000000000007,4.100179517122163,0.04447000733470219,96.44923665204895
97.20558200197881,-33.712253355291644,1.0000000000000007,4.100595700038381,0.04451757334269146,96.46903716354213
97.21567904702829,-33.70680212512171,1.0000000000000004,4.101011586739821,0.044565171272548554,96.48882213445077
97.22577488744615,-33.70135017113633,1.0000000000000007,4.101427176496486,0.04461280099465448,96.50859136029732
97.23586952349474,-33.695897493601436,1.0000000000000007,4.101842468578414,0.04466046237915933,96.52834463660432
97.24596295543651,-33.69044409278294,1.0000000000000004,4.102257462255691,0.04470815529598937,96.5480817588943
97.25605518353395,-33.68498996894669,1.0000000000000004,4.10267215679843,0.04475587961485061,96.56780252268966
97.26614620804965,-33.67953512235846,1.0000000000000004,4.103086551476784,0.04480363520522168,96.58750672351304
97.27623602924628,-33.67407955328399,1.0000000000000007,4.1035006455609455,0.044851421936352054,96.60719415688693
97.28632464738659,-33.668623261988955,1.0000000000000004,4.103914438321145,0.044899239677274494,96.62686461833376
97.2964120627334,-33.663166248738975,1.0000000000000004,4.104327929027653,0.04494708829679617,96.64651790337608
97.30649827554957,-33.65770851379961,1.0000000000000007,4.104741116950773,0.04499496766349331,96.66615380753649
97.31658328609814,-33.652250057436376,1.0000000000000007,4.105154001360853,0.04504287764572723,96.68577212633734
97.32666709464209,-33.64679087991469,1.0000000000000007,4.105566581528279,0.04509081811161586,96.70537265530123
97.33674970144459,-33.64133098149998,1.0000000000000007,4.105978856723464,0.045138788929085294,96.72495518995065
97.34683110676883,-33.63587036245757,1.0000000000000007,4.10639082621687,0.04518678996580938,96.74451952580812
97.35691131087809,-33.63040902305274,1.0000000000000007,4.106802489278996,0.045234821089261246,96.76406545839617
97.3669903140357,-33.62494696355071,1.0000000000000007,4.107213845180382,0.04528288216666887,96.78359278323725
97.37706811650516,-33.61948418421667,1.0000000000000007,4.107624893191591,0.045330973065057734,96.80310129585392
97.38714471854989,-33.61402068531568,1.0000000000000007,4.108035632583247,0.04537909365121351,96.82259079176868
97.39722012043353,-33.60855646711285,1.0000000000000004,4.108446062625994,0.04542724379170693,96.84206106650402
97.40729432241972,-33.603091529873154,1.0000000000000007,4.108856182590523,0.045475423352893785,96.86151191558247
97.4173673247722,-33.59762587386153,1.0000000000000009,4.109265991747563,0.04552363220089184,96.88094313452652
97.42743912775477,-33.592159499342856,1.0000000000000004,4.109675489367883,0.04557187020160569,96.9003545188587
97.43750973163132,-33.58669240658199,1.0000000000000007,4.110084674722279,0.045620137220725,96.91974586410149
97.44757913666581,-33.58122459584368,1.0000000000000007,4.110493547081603,0.04566843312370317,96.93911696577742
97.45764734312228,-33.575756067392646,1.0000000000000007,4.110902105716731,0.045716757775776884,96.95846761940899
97.46771435126483,-33.57028682149354,1.0000000000000007,4.111310349898586,0.045765111041969675,96.97779762051876
97.47778016135766,-33.564816858410985,1.0000000000000009,4.111718278898129,0.04581349278707769,96.99710676462915
97.48784477366503,-33.55934617840952,1.0000000000000007,4.112125891986356,0.04586190287567682,97.01639484726276
97.49790818845126,-33.55387478175363,1.0000000000000007,4.112533188434302,0.04591034117211379,97.03566166394201
97.50797040598077,-33.54840266870775,1.0000000000000007,4.1129401675130435,0.04595880754053461,97.05490701018947
97.51803142651804,-33.54292983953626,1.0000000000000007,4.1133468284937,0.04600730184483659,97.07413068152763
97.52809125032763,-33.53745629450347,1.0000000000000007,4.113753170647415,0.04605582394872698,97.09333247347908
97.53814987767417,-33.53198203387366,1.0000000000000007,4.114159193245384,0.046104373715666114,97.11251218156615
97.54820730882237,-33.52650705791104,1.0000000000000007,4.1145648955588445,0.04615295100892425,97.13166960131147
97.558263544037,-33.52103136687974,1.0000000000000007,4.114970276859058,0.0462015556915194,97.15080452823757
97.56831858358295,-33.51555496104387,1.0000000000000007,4.115375336417332,0.04625018762626709,97.16991675786689
97.57837242772511,-33.51007784066746,1.0000000000000007,4.115780073505017,0.04629884667577322,97.18900608572196
97.5884250767285,-33.50460000601451,1.0000000000000007,4.116184487393504,0.046347532702402106,97.20807230732532
97.59847653085819,-33.49912145734893,1.0000000000000007,4.116588577354207,0.04639624556831379,97.22711521819949
97.60852679037932,-33.493642194934594,1.0000000000000007,4.116992342658605,0.04644498513544626,97.24613461386689
97.61857585555714,-33.4881622190353,1.0000000000000004,4.117395782578187,0.04649375126551014,97.26513028985013
97.62862372665693,-33.48268152991483,1.0000000000000007,4.117798896384509,0.04654254382001177,97.28410204167164
97.63867040394405,-33.477200127836866,1.0000000000000007,4.1182016833491435,0.04659136266023545,97.30304966485399
97.64871588768395,-33.471718013065065,1.0000000000000007,4.118604142743717,0.04664020764723986,97.32197295491967
97.65876017814213,-33.46623518586301,1.0000000000000004,4.119006273839891,0.04668907864187766,97.34087170739116
97.66880327558421,-33.46075164649422,1.0000000000000007,4.119408075909358,0.04673797550476877,97.35974571779103
97.67884518027584,-33.455267395222165,1.0000000000000007,4.119809548223862,0.046786898096323526,97.37859478164175
97.68888589248274,-33.44978243231028,1.0000000000000007,4.120210690055183,0.046835846276737314,97.39741869446578
97.6989254124707,-33.44429675802192,1.0000000000000007,4.120611500675135,0.0468848199059817,97.41621725178572
97.70896374050565,-33.438810372620395,1.0000000000000007,4.121011979355577,0.04693381884382575,97.43499024912406
97.7190008768535,-33.43332327636894,1.0000000000000007,4.1214121253683995,0.046982842949800485,97.45373748200326
97.72903682178027,-33.427835469530756,1.0000000000000007,4.121811937985546,0.047031892083230886,97.47245874594589
97.73907157555209,-33.422346952368976,1.0000000000000004,4.12221141647899,0.04708096610323231,97.49115383647442
97.74910513843508,-33.41685772514668,1.0000000000000007,4.122610560120746,0.04713006486869098,97.50982254911133
97.75913751069551,-33.41136778812688,1.0000000000000007,4.1230093681828635,0.04717918823828171,97.52846467937924
97.76916869259966,-33.40587714157256,1.0000000000000007,4.123407839937443,0.04722833607046617,97.54708002280053
97.77919868441394,-33.400385785746614,1.0000000000000007,4.123805974656621,0.047277508223485754,97.56566837489777
97.7892274864048,-33.3948937209119,1.0000000000000007,4.124203771612558,0.047326704555372245,97.58422953119349
97.79925509883874,-33.38940094733121,1.0000000000000004,4.1246012300774755,0.04737592492392828,97.60276328721017
97.80928152198238,-33.3839074652673,1.0000000000000007,4.124998349323624,0.0474251691867682,97.62126943847032
97.81930675610239,-33.37841327498284,1.0000000000000007,4.125395128623293,0.047474437201259434,97.63974778049645
97.82933080146547,-33.37291837674045,1.0000000000000007,4.12579156724882,0.04752372882457223,97.65819810881109
97.83935365833847,-33.36742277080272,1.0000000000000007,4.126187664472573,0.047573043913667235,97.67662021893672
97.84937532698824,-33.36192645743215,1.0000000000000007,4.126583419566963,0.047622382325267054,97.69501390639586
97.85939580768174,-33.3564294368912,1.0000000000000007,4.126978831804443,0.047671743915906006,97.71337896671102
97.86941510068598,-33.35093170944226,1.0000000000000007,4.1273739004575045,0.047721128541885705,97.73171519540473
97.87943320626809,-33.34543327534771,1.0000000000000004,4.127768624798678,0.04777053605931059,97.75002238799945
97.88945012469517,-33.33993413486978,1.0000000000000004,4.12816300410053,0.04781996632404706,97.76830034001776
97.8994658562345,-33.33443428827076,1.0000000000000004,4.1285570376356775,0.04786941919177323,97.78654884698213
97.90948040115337,-33.328933735812804,1.0000000000000009,4.128950724676764,0.04791889451794695,97.80476770441501
97.91949375971913,-33.32343247775802,1.0000000000000007,4.1293440644964905,0.04796839215779336,97.82295670783903
97.92950593219925,-33.31793051436846,1.0000000000000004,4.129737056367581,0.048017911966343974,97.84111565277658
97.93951691886122,-33.31242784590617,1.0000000000000009,4.130129699562804,0.0480674537984207,97.8592443347503
97.94952671997262,-33.30692447263307,1.0000000000000007,4.13052199335498,0.04811701750862163,97.87734254928257
97.9595353358011,-33.30142039481106,1.0000000000000007,4.130913937016951,0.04816660295133168,97.89541009189597
97.96954276661442,-33.295915612701975,1.0000000000000004,4.131305529821608,0.048216209980722624,97.913446758113
97.97954901268031,-33.29041012656759,1.0000000000000007,4.131696771041893,0.04826583845076016,97.93145234345617
97.98955407426666,-33.28490393666964,1.0000000000000007,4.132087659950763,0.04831548821521281,97.94942664344798
97.9995579516414,-33.27939704326979,1.0000000000000007,4.132478195821242,0.04836515912759154,97.96736945361093
98.00956064507253,-33.273889446629624,1.0000000000000007,4.132868377926373,0.04841485104123855,97.98528056946758
98.01956215482807,-33.26838114701074,1.0000000000000007,4.133258205539257,0.048464563809270444,98.00315978654037
98.0295624811762,-33.2628721446746,1.0000000000000007,4.133647677933017,0.04851429728459422,98.02100690035184
98.03956162438512,-33.25736243988266,1.0000000000000004,4.134036794380835,0.04856405131989305,98.03882170642447
98.04955958472308,-33.25185203289631,1.0000000000000007,4.13442555415592,0.04861382576765294,98.05660400028086
98.05955636245844,-33.246340923976845,1.0000000000000007,4.134813956531522,0.04866362048013961,98.07435357744343
98.06955195785959,-33.24082911338559,1.0000000000000007,4.135202000780943,0.04871343530943406,98.09207023343473
98.07954637119502,-33.235316601383715,1.0000000000000007,4.135589686177512,0.04876327010736148,98.1097537637772
98.08953960273328,-33.2298033882324,1.0000000000000007,4.135977011994604,0.048813124725572976,98.1274039639935
98.09953165274297,-33.22428947419274,1.0000000000000007,4.13636397750564,0.048862999015501174,98.14502062960601
98.10952252149278,-33.21877485952578,1.0000000000000007,4.136750581984068,0.048912892828353094,98.16260355613727
98.11951220925144,-33.21325954449251,1.0000000000000007,4.137136824703393,0.04896280601514391,98.18015253910976
98.12950071628778,-33.20774352935386,1.0000000000000007,4.1375227049371475,0.04901273842667209,98.19766737404606
98.13948804287068,-33.202226814370725,1.0000000000000007,4.137908221958909,0.049062689913533575,98.21514785646866
98.1494741892691,-33.1967093998039,1.0000000000000007,4.138293375042297,0.04911266032610051,98.23259378190004
98.15945915575206,-33.19119128591416,1.0000000000000007,4.13867816346097,0.0491626495145443,98.25000494586268
98.16944294258863,-33.185672472962196,1.0000000000000007,4.139062586488628,0.049212657328832066,98.26738114387919
98.17942555004798,-33.18015296120869,1.0000000000000007,4.139446643399013,0.04926268361871422,98.28472217147201
98.18940697839932,-33.174632750914206,1.0000000000000007,4.139830333465904,0.049312728233735115,98.30202782416366
98.19938722791196,-33.1691118423393,1.0000000000000007,4.140213655963121,0.04936279102323837,98.31929789747664
98.2093662988552,-33.16359023574443,1.0000000000000009,4.140596610164538,0.04941287183633669,98.3365321869335
98.2193441914985,-33.15806793139004,1.0000000000000009,4.140979195344045,0.049462970521959804,98.35373048805666
98.22932090611134,-33.152544929536504,1.0000000000000009,4.141361410775595,0.04951308692881895,98.37089259636873
98.2392964429633,-33.14702123044412,1.0000000000000009,4.141743255733168,0.04956322090542109,98.38801830739213
98.24927080232396,-33.141496834373136,1.0000000000000007,4.142124729490792,0.049613372300058245,98.40510741664947
98.25924398446303,-33.13597174158377,1.0000000000000007,4.142505831322536,0.04966354096081815,98.4221597196632
98.26921598965025,-33.13044595233614,1.0000000000000009,4.142886560502506,0.04971372673558605,98.43917501195584
98.27918681815544,-33.12491946689035,1.0000000000000009,4.143266916304855,0.04976392947202868,98.45615308904986
98.2891564702485,-33.11939228550643,1.0000000000000009,4.143646898003764,0.049814149017629816,98.47309374646785
98.29912494619936,-33.113864408444336,1.0000000000000009,4.144026504873478,0.04986438521963521,98.48999677973227
98.30909224627806,-33.108335835964,1.0000000000000009,4.144405736188254,0.04991463792509521,98.50686198436557
98.31905837075468,-33.10280656832527,1.0000000000000009,4.144784591222416,0.04996490698088252,98.52368915589037
98.32902331989933,-33.09727660578797,1.0000000000000009,4.145163069250316,0.05001519223361406,98.54047808982915
98.33898709398228,-33.091745948611816,1.0000000000000009,4.145541169546346,0.05006549352973266,98.55722858170436
98.34894969327377,-33.08621459705652,1.0000000000000009,4.145918891384946,0.050115810715471554,98.57394042703855
98.35891111804415,-33.08068255138171,1.0000000000000007,4.146296234040594,0.050166143636857896,98.59061342135425
98.36887136856383,-33.07514981184696,1.000000000000001,4.146673196787805,0.05021649213970214,98.60724736017396
98.3788304451033,-33.0696163787118,1.0000000000000009,4.147049778901147,0.05026685606962111,98.62384203902016
98.38878834793309,-33.06408225223567,1.0000000000000009,4.14742597965521,0.050317235272014926,98.64039725341536
98.3987450773238,-33.05854743267801,1.0000000000000007,4.1478017983246485,0.050367629592097174,98.65691279888209
98.40870063354609,-33.053011920298154,1.0000000000000009,4.148177234184138,0.05041803887486829,98.67338847094292
98.41865501687073,-33.0474757153554,1.0000000000000009,4.148552286508406,0.05046846296511198,98.68982406512025
98.42860822756847,-33.041938818108974,1.0000000000000009,4.148926954572222,0.0505189017074148,98.70621937693663
98.4385602659102,-33.036401228818086,1.0000000000000009,4.149301237650393,0.05056935494617498,98.72257420191457
