galstreams/tracks/track.st.300S.fu2018.ecsv
# %ECSV 0.9
# ---
# datatype:
# - {name: ra, unit: deg, datatype: float64}
# - {name: dec, unit: deg, datatype: float64}
# - {name: distance, unit: kpc, datatype: float64}
# - {name: pm_ra_cosdec, unit: mas / yr, datatype: float64}
# - {name: pm_dec, unit: mas / yr, datatype: float64}
# - {name: radial_velocity, unit: km / s, datatype: float64}
# delimiter: ','
# meta: !!omap
# - __serialized_columns__:
#     dec:
#       __class__: astropy.coordinates.angles.Latitude
#       unit: &id001 !astropy.units.Unit {unit: deg}
#       value: !astropy.table.SerializedColumn {name: dec}
#     distance:
#       __class__: astropy.coordinates.distances.Distance
#       unit: !astropy.units.Unit {unit: kpc}
#       value: !astropy.table.SerializedColumn {name: distance}
#     pm_dec:
#       __class__: astropy.units.quantity.Quantity
#       unit: !astropy.units.Unit {unit: mas / yr}
#       value: !astropy.table.SerializedColumn {name: pm_dec}
#     pm_ra_cosdec:
#       __class__: astropy.units.quantity.Quantity
#       unit: !astropy.units.Unit {unit: mas / yr}
#       value: !astropy.table.SerializedColumn {name: pm_ra_cosdec}
#     ra:
#       __class__: astropy.coordinates.angles.Longitude
#       unit: *id001
#       value: !astropy.table.SerializedColumn {name: ra}
#       wrap_angle: !astropy.coordinates.Angle
#         unit: *id001
#         value: 360.0
#     radial_velocity:
#       __class__: astropy.units.quantity.Quantity
#       unit: !astropy.units.Unit {unit: km / s}
#       value: !astropy.table.SerializedColumn {name: radial_velocity}
# schema: astropy-2.0
ra,dec,distance,pm_ra_cosdec,pm_dec,radial_velocity
[from data line 415]
156.08659523501743,15.542601794449695,16.39618965257559,2.220446049250313e-16,-2.220446049250313e-16,297.3754104402007
156.09688758238613,15.541215066950175,16.392717842168814,1.5543122344752192e-15,-1.1102230246251565e-16,297.36864440724355
156.1071797545048,15.539827614700464,16.389247505532694,4.440892098500626e-16,-2.220446049250313e-16,297.36185992962476
156.11747175140192,15.538439438414974,16.385778642740057,8.881784197001252e-16,0.0,297.3550570130297
156.127763573106,15.537050538808133,16.382311253863747,2.220446049250313e-16,0.0,297.34823566314327
156.1380552196457,15.535660916594374,16.378845338976586,6.661338147750939e-16,-1.1102230246251565e-16,297.34139588565046
156.14834669104985,15.534270572488118,16.375380898151427,1.1102230246251565e-15,-1.1102230246251565e-16,297.3345376862364
156.15863798734765,15.532879507203784,16.371917931461088,4.4408920985006257e-16,-6.661338147750939e-16,297.3276610705861
156.16892910856814,15.531487721455788,16.368456438978416,8.881784197001251e-16,2.220446049250313e-16,297.32076604438447
156.1792200547407,15.53009521595856,16.364996420776244,-2.220446049250313e-16,-1.1102230246251565e-16,297.3138526133167
156.18951082589476,15.52870199142653,16.361537876927397,2.220446049250313e-16,0.0,297.306920783068
156.19980142206012,15.527308048574096,16.358080807504724,2.2204460492503128e-16,0.0,297.29997055932296
156.21009184326653,15.525913388115681,16.35462521258106,0.0,0.0,297.293001947767
156.22038208954393,15.52451801076572,16.35117109222923,8.881784197001252e-16,0.0,297.2860149540849
156.2306721609224,15.523121917238623,16.347718446522073,1.3322676295501878e-15,1.1102230246251565e-16,297.2790095839619
156.24096205743243,15.521725108248807,16.34426727553243,0.0,-5.551115123125783e-16,297.2719858430829
156.2512517791043,15.52032758451068,16.340817579333127,0.0,-4.440892098500626e-16,297.264943737133
156.26154132596866,15.51892934673866,16.33736935799701,2.220446049250313e-16,-2.220446049250313e-16,297.2578832717972
156.27183069805625,15.517530395647176,16.333922611596908,0.0,-2.220446049250313e-16,297.25080445276063
156.28211989539804,15.51613073195062,16.330477340205654,2.220446049250313e-16,-2.220446049250313e-16,297.24370728570835
156.29240891802507,15.51473035636342,16.327033543896082,2.2204460492503128e-16,1.1102230246251565e-16,297.2365917763251
156.30269776596862,15.513329269599978,16.323591222741037,0.0,-2.220446049250313e-16,297.2294579302962
156.31298643925993,15.511927472374722,16.320150376813352,1.7763568394002503e-15,0.0,297.2223057533067
156.32327493793082,15.51052496540204,16.31671100618585,2.220446049250313e-16,0.0,297.21513525104154
156.33356326201277,15.509121749396346,16.313273110931377,1.1102230246251565e-15,4.440892098500626e-16,297.20794642918565
156.3438514115377,15.507717825072067,16.309836691122772,1.5543122344752192e-15,0.0,297.2007392934243
156.35413938653778,15.506313193143589,16.30640174683286,0.0,-2.220446049250313e-16,297.1935138494424
156.364427187045,15.504907854325321,16.30296827813448,8.881784197001252e-16,0.0,297.18627010292494
156.37471481309183,15.50350180933167,16.299536285100466,4.440892098500626e-16,1.1102230246251565e-16,297.17900805955713
156.3850022647106,15.502095058877055,16.29610576780366,1.3322676295501878e-15,-1.1102230246251565e-16,297.17172772502386
156.39528954193418,15.500687603675855,16.292676726316888,-2.2204460492503128e-16,1.1102230246251565e-16,297.1644291050102
156.40557664479522,15.499279444442482,16.289249160713,4.440892098500626e-16,3.3306690738754696e-16,297.1571122052012
156.4158635733268,15.497870581891343,16.285823071064804,8.881784197001251e-16,-1.1102230246251565e-16,297.149777031282
156.42615032756188,15.49646101673684,16.282398457445165,1.5543122344752192e-15,-2.220446049250313e-16,297.1424235889375
156.43643690753393,15.495050749693347,16.278975319926904,4.440892098500626e-16,2.220446049250313e-16,297.13505188385267
156.44672331327632,15.49363978147529,16.27555365858285,8.881784197001252e-16,-2.220446049250313e-16,297.1276619217126
156.45700954482265,15.492228112797042,16.272133473485855,2.2204460492503128e-16,3.3306690738754696e-16,297.1202537082025
156.46729560220658,15.490815744373034,16.268714764708736,4.440892098500626e-16,-5.551115123125783e-16,297.1128272490073
156.47758148546217,15.489402676917617,16.265297532324343,1.1102230246251565e-15,-2.220446049250313e-16,297.1053825498119
156.48786719462342,15.487988911145203,16.261881776405513,4.4408920985006257e-16,-1.1102230246251565e-16,297.0979196163018
156.49815272972455,15.48657444777019,16.258467497025055,8.881784197001252e-16,-2.220446049250313e-16,297.09043845416124
156.50843809079993,15.485159287506962,16.255054694255836,1.1102230246251565e-15,-1.1102230246251565e-16,297.082939069076
156.51872327788413,15.483743431069906,16.251643368170676,4.440892098500626e-16,1.1102230246251565e-16,297.0754214667307
156.52900829101185,15.482326879173412,16.248233518842415,1.5543122344752192e-15,-1.1102230246251565e-16,297.0678856528107
156.53929313021794,15.480909632531862,16.24482514634388,0.0,-1.1102230246251565e-16,297.06033163300066
156.54957779553735,15.479491691859659,16.241418250747916,-2.220446049250313e-16,1.1102230246251565e-16,297.05275941298584
156.5598622870053,15.478073057871168,16.238012832127353,6.661338147750939e-16,-4.440892098500626e-16,297.0451689984513
156.57014660465717,15.47665373128077,16.234608890555027,2.220446049250313e-16,1.1102230246251565e-16,297.0375603950821
156.58043074852833,15.475233712802863,16.231206426103775,2.2204460492503128e-16,-3.3306690738754696e-16,297.02993360856306
156.5907147186544,15.47381300315182,16.22780543884643,1.1102230246251565e-15,-1.1102230246251565e-16,297.0222886445795
156.60099851507132,15.472391603042013,16.22440592885583,-2.2204460492503128e-16,2.220446049250313e-16,297.0146255088162
156.61128213781492,15.47096951318782,16.221007896204807,1.3322676295501878e-15,-1.1102230246251565e-16,297.0069442069584
156.62156558692138,15.469546734303622,16.2176113409662,2.2204460492503128e-16,2.220446049250313e-16,296.99924474469094
156.63184886242684,15.468123267103802,16.21421626321284,1.1102230246251565e-15,-1.1102230246251565e-16,296.99152712769916
156.64213196436785,15.466699112302713,16.210822663017563,8.881784197001252e-16,1.1102230246251565e-16,296.98379136166767
156.65241489278097,15.465274270614739,16.207430540453206,-2.2204460492503128e-16,1.1102230246251565e-16,296.976037452282
156.66269764770283,15.463848742754251,16.20403989559261,-2.220446049250313e-16,0.0,296.9682654052268
156.67298022917038,15.462422529435608,16.20065072850859,1.3322676295501878e-15,3.3306690738754696e-16,296.96047522618727
156.68326263722074,15.460995631373187,16.197263039274006,2.220446049250313e-16,0.0,296.95266692084846
156.69354487189102,15.459568049281348,16.19387682796168,6.661338147750939e-16,-3.3306690738754696e-16,296.9448404948953
156.70382693321855,15.458139783874463,16.190492094644448,0.0,-2.220446049250313e-16,296.93699595401296
156.71410882124093,15.45671083586687,16.187108839395155,0.0,2.220446049250313e-16,296.9291333038863
156.72439053599578,15.455281205972963,16.183727062286618,1.1102230246251565e-15,-3.3306690738754696e-16,296.92125255020073
156.73467207752094,15.45385089490708,16.180346763391686,4.440892098500626e-16,0.0,296.9133536986407
156.74495344585435,15.452419903383591,16.17696794278319,8.881784197001252e-16,0.0,296.90543675489187
156.7552346410342,15.450988232116837,16.17359060053397,6.661338147750939e-16,0.0,296.8975017246388
156.7655156630988,15.449555881821182,16.170214736716847,4.440892098500626e-16,-1.1102230246251565e-16,296.8895486135669
156.77579651208657,15.448122853210975,16.166840351404677,0.0,0.0,296.88157742736087
156.78607718803602,15.44668914700058,16.163467444670278,4.4408920985006257e-16,-1.1102230246251565e-16,296.87358817170593
156.79635769098607,15.445254763904325,16.160096016586493,-6.661338147750939e-16,0.0,296.8655808522871
156.80663802097556,15.44381970463657,16.15672606722616,4.4408920985006257e-16,-4.440892098500626e-16,296.85755547478954
156.81691817804358,15.44238396991166,16.153357596662108,2.220446049250313e-16,-2.220446049250313e-16,296.84951204489795
156.82719816222928,15.440947560443945,16.149990604967172,-2.220446049250313e-16,-2.220446049250313e-16,296.8414505682977
156.8374779735722,15.439510476947751,16.146625092214197,-4.4408920985006257e-16,-1.1102230246251565e-16,296.8333710506736
156.8477576121117,15.438072720137432,16.143261058476003,8.881784197001252e-16,0.0,296.8252734977109
156.85803707788764,15.43663429072732,16.13989850382544,2.220446049250313e-16,-2.220446049250313e-16,296.81715791509447
156.8683163709397,15.435195189431761,16.136537428335327,1.3322676295501878e-15,-1.1102230246251565e-16,296.80902430850944
156.8785954913081,15.433755416965084,16.133177832078516,2.220446049250313e-16,0.0,296.80087268364076
156.88887443903283,15.432314974041613,16.129819715127834,8.881784197001252e-16,2.220446049250313e-16,296.7927030461736
156.8991532141543,15.430873861375698,16.126463077556117,0.0,0.0,296.7845154017928
156.90943181671287,15.429432079681668,16.123107919436205,4.440892098500626e-16,-1.1102230246251565e-16,296.77630975618365
156.9197102467493,15.427989629673831,16.119754240840923,-4.440892098500626e-16,-2.220446049250313e-16,296.768086115031
156.9299885043043,15.426546512066524,16.116402041843113,-4.4408920985006257e-16,-3.3306690738754696e-16,296.75984448401994
156.94026658941883,15.425102727574075,16.11305132251561,6.661338147750939e-16,-1.1102230246251565e-16,296.75158486883555
156.95054450213394,15.42365827691081,16.109702082931243,4.440892098500626e-16,-3.3306690738754696e-16,296.7433072751628
156.96082224249096,15.422213160791033,16.10635432316286,6.661338147750939e-16,-3.3306690738754696e-16,296.7350117086867
156.97109981053126,15.420767379929073,16.103008043283282,2.220446049250313e-16,-2.220446049250313e-16,296.7266981750924
156.98137720629632,15.419320935039249,16.099663243365363,8.881784197001252e-16,-2.220446049250313e-16,296.7183666800649
156.99165442982803,15.417873826835862,16.096319923481918,-2.220446049250313e-16,-1.1102230246251565e-16,296.7100172292893
157.0019314811681,15.416426056033233,16.09297808370579,6.661338147750939e-16,0.0,296.70164982845046
157.01220836035867,15.414977623345674,16.08963772410982,4.440892098500626e-16,0.0,296.6932644832335
157.02248506744175,15.413528529487502,16.08629884476683,8.881784197001252e-16,-2.220446049250313e-16,296.6848611993235
157.03276160245989,15.412078775172999,16.082961445749675,8.881784197001252e-16,-4.440892098500626e-16,296.6764399824055
157.04303796545545,15.41062836111648,16.07962552713117,6.661338147750939e-16,0.0,296.6680008381644
157.05331415647112,15.409177288032252,16.076291088984156,6.661338147750939e-16,1.1102230246251565e-16,296.65954377228553
157.06359017554965,15.40772555663462,16.07295813138148,-2.220446049250313e-16,-2.220446049250313e-16,296.6510687904537
157.07386602273405,15.406273167637869,16.06962665439596,4.440892098500626e-16,-1.1102230246251565e-16,296.6425758983539
157.0841416980674,15.404820121756286,16.066296658100445,-6.661338147750939e-16,2.220446049250313e-16,296.63406510167135
157.09441720159302,15.403366419704188,16.062968142567765,-4.440892098500626e-16,-3.3306690738754696e-16,296.62553640609093
157.10469253335415,15.40191206219586,16.059641107870753,0.0,-2.220446049250313e-16,296.61698981729785
157.1149676933946,15.40045704994558,16.056315554082254,6.661338147750939e-16,0.0,296.60842534097696
157.12524268175798,15.399001383667633,16.052991481275086,0.0,0.0,296.5998429828134
157.13551749848818,15.397545064076319,16.049668889522096,4.440892098500626e-16,2.220446049250313e-16,296.5912427484923
157.1457921436292,15.396088091885922,16.046347778896116,8.881784197001252e-16,-1.1102230246251565e-16,296.5826246436984
157.15606661722532,15.394630467810702,16.043028149469986,4.440892098500626e-16,-3.3306690738754696e-16,296.5739886741171
157.16634091932085,15.393172192564947,16.039710001316536,1.3322676295501878e-15,-1.1102230246251565e-16,296.5653348454332
157.17661504996028,15.391713266862935,16.036393334508606,2.220446049250313e-16,1.1102230246251565e-16,296.5566631633317
157.1868890091882,15.390253691418945,16.03307814911902,-2.220446049250313e-16,1.1102230246251565e-16,296.5479736334979
157.19716279704954,15.38879346694723,16.02976444522063,-2.220446049250313e-16,2.220446049250313e-16,296.5392662616166
157.20743641358922,15.387332594162073,16.026452222886252,0.0,-2.220446049250313e-16,296.53054105337293
157.21770985885232,15.385871073777736,16.02314148218874,4.440892098500626e-16,0.0,296.521798014452
157.2279831328841,15.38440890650849,16.019832223200925,-8.881784197001252e-16,1.1102230246251565e-16,296.51303715053865
157.2382562357301,15.382946093068584,16.01652444599563,4.4408920985006257e-16,-3.3306690738754696e-16,296.5042584673181
157.2485291674358,15.38148263417228,16.0132181506457,0.0,-3.3306690738754696e-16,296.49546197047533
157.25880192804695,15.380018530533837,16.00991333722397,6.661338147750939e-16,-1.1102230246251565e-16,296.4866476656953
157.26907451760943,15.378553782867519,16.006610005803275,8.881784197001252e-16,0.0,296.4778155586631
157.27934693616933,15.377088391887561,16.003308156456452,1.1102230246251565e-15,-2.220446049250313e-16,296.46896565506387
157.28961918377283,15.375622358308224,16.000007789256326,-4.440892098500626e-16,-3.3306690738754696e-16,296.4600979605825
157.2998912604662,15.374155682843751,15.996708904275744,-2.220446049250313e-16,0.0,296.4512124809042
157.3101631662961,15.372688366208383,15.993411501587536,8.881784197001252e-16,1.1102230246251565e-16,296.44230922171386
157.32043490130906,15.371220409116368,15.990115581264538,1.3322676295501878e-15,1.1102230246251565e-16,296.4333881886965
157.330706465552,15.369751812281937,15.986821143379586,-2.2204460492503128e-16,0.0,296.42444938753727
157.34097785907173,15.368282576419343,15.983528188005511,-2.2204460492503128e-16,2.220446049250313e-16,296.41549282392106
157.3512490819155,15.366812702242807,15.980236715215158,-4.440892098500626e-16,-1.1102230246251565e-16,296.40651850353305
157.36152013413053,15.365342190466558,15.976946725081353,4.440892098500626e-16,1.1102230246251565e-16,296.39752643205816
157.37179101576433,15.363871041804835,15.973658217676936,-4.4408920985006257e-16,1.1102230246251565e-16,296.3885166151817
157.3820617268643,15.36239925697187,15.97037119307474,8.881784197001252e-16,-2.220446049250313e-16,296.3794890585883
157.39233226747837,15.36092683668187,15.9670856513476,4.440892098500626e-16,-2.220446049250313e-16,296.37044376796337
157.40260263765433,15.359453781649055,15.963801592568355,0.0,-2.220446049250313e-16,296.36138074899156
157.41287283744023,15.357980092587662,15.960519016809833,4.440892098500626e-16,0.0,296.35230000735834
157.42314286688423,15.356505770211902,15.957237924144879,6.661338147750939e-16,0.0,296.3432015487485
157.4334127260348,15.355030815235981,15.953958314646316,4.440892098500626e-16,-2.220446049250313e-16,296.3340853788471
157.44368241494033,15.353555228374104,15.950680188386995,0.0,0.0,296.3249515033391
157.45395193364953,15.352079010340496,15.947403545439736,-4.4408920985006257e-16,-2.220446049250313e-16,296.3157999279098
157.46422128221113,15.350602161849364,15.944128385877379,-2.2204460492503128e-16,-4.440892098500626e-16,296.3066306582439
157.4744904606742,15.349124683614885,15.940854709772763,8.881784197001252e-16,-2.220446049250313e-16,296.2974437000266
157.48475946908778,15.347646576351279,15.937582517198722,8.881784197001252e-16,-2.220446049250313e-16,296.2882390589431
157.4950283075012,15.346167840772734,15.934311808228092,4.440892098500626e-16,2.220446049250313e-16,296.2790167406781
157.50529697596377,15.344688477593468,15.931042582933706,8.881784197001252e-16,-2.220446049250313e-16,296.2697767509169
157.5155654745252,15.343208487527631,15.927774841388397,-2.2204460492503128e-16,2.220446049250313e-16,296.2605190953446
