galstreams/tracks/track.st.M92.ibata2020.ecsv
# %ECSV 0.9
# ---
# datatype:
# - {name: ra, unit: deg, datatype: float64}
# - {name: dec, unit: deg, datatype: float64}
# - {name: distance, unit: kpc, datatype: float64}
# - {name: pm_ra_cosdec, unit: mas / yr, datatype: float64}
# - {name: pm_dec, unit: mas / yr, datatype: float64}
# - {name: radial_velocity, unit: km / s, datatype: float64}
# delimiter: ','
# meta: !!omap
# - __serialized_columns__:
#     dec:
#       __class__: astropy.coordinates.angles.Latitude
#       unit: &id001 !astropy.units.Unit {unit: deg}
#       value: !astropy.table.SerializedColumn {name: dec}
#     distance:
#       __class__: astropy.coordinates.distances.Distance
#       unit: !astropy.units.Unit {unit: kpc}
#       value: !astropy.table.SerializedColumn {name: distance}
#     pm_dec:
#       __class__: astropy.units.quantity.Quantity
#       unit: !astropy.units.Unit {unit: mas / yr}
#       value: !astropy.table.SerializedColumn {name: pm_dec}
#     pm_ra_cosdec:
#       __class__: astropy.units.quantity.Quantity
#       unit: !astropy.units.Unit {unit: mas / yr}
#       value: !astropy.table.SerializedColumn {name: pm_ra_cosdec}
#     ra:
#       __class__: astropy.coordinates.angles.Longitude
#       unit: *id001
#       value: !astropy.table.SerializedColumn {name: ra}
#       wrap_angle: !astropy.coordinates.Angle
#         unit: *id001
#         value: 360.0
#     radial_velocity:
#       __class__: astropy.units.quantity.Quantity
#       unit: !astropy.units.Unit {unit: km / s}
#       value: !astropy.table.SerializedColumn {name: radial_velocity}
# schema: astropy-2.0
ra,dec,distance,pm_ra_cosdec,pm_dec,radial_velocity
[from data line 138]
265.4815310711437,40.38160388744792,9.274702002127773,-4.715999807950793,0.12638504552541713,9.631252404791486e-14
265.5887762927546,40.33156496570155,9.261520976929306,-4.71721440082246,0.14334084940239544,-6.157685963719147e-14
265.696297240014,40.28184528299534,9.24771447072915,-4.7187138725090385,0.16057702977497235,-7.894469184255318e-15
265.8041108420914,40.232459053560525,9.233273405270168,-4.720501204619802,0.17810223260049063,-2.1051917824680845e-15
265.9122340761567,40.18342043145686,9.218188702295224,-4.722579328695023,0.19592512433645665,-2.1051917824680846e-14
266.02068396821437,40.1347435101528,9.202451283547195,-4.724951125506153,0.21405439248439462,6.947132882144679e-14
266.12947759399543,40.08644232208318,9.186052070768932,-4.727619424325152,0.23249874614797617,8.841805486365955e-14
266.23863207990667,40.03853083818438,9.168981985703311,-4.73058700216258,0.25126691660517914,-1.5788938368510635e-14
266.348164604036,39.99102296740655,9.151231950093196,-4.733856582974142,0.2703676578943072,5.789277401787233e-14
266.4580923972142,39.94393255620287,9.132792885681454,-4.737430836835234,0.28980974741368165,4.5261623323063815e-14
266.56843274413126,39.89727338799554,9.11365571421095,-4.741312379083099,0.3096019865347759,-3.684085619319148e-14
266.6792029845071,39.85105918261826,9.093811357424551,-4.745503769426168,0.32975320122866214,7.894469184255317e-14
266.7904205143173,39.805303595735026,9.073250737065118,-4.750007511020114,0.35027224270562074,-5.2629794561702115e-15
266.90210278707036,39.76002021823508,9.051964774875527,-4.754826049510106,0.37116798806767753,7.368171238638296e-15
267.01426731513936,39.715222575603356,9.029944392598637,-4.759961772038827,0.39244934097404194,8.526026718995742e-14
267.1269316711452,39.67092412726677,9.007180511977317,-4.765417006219621,0.4141252323192107,6.21031575828085e-14
267.2401134893915,39.627138265915605,8.983664054754431,-4.77119401907428,0.43620462092365386,6.526094525651062e-14
267.35383046735126,39.58387831679981,8.959385942672847,-4.777295015934854,0.45869649423697834,-8.420767129872338e-15
267.46810036720444,39.541157537000124,8.934337097475431,-4.783722139308834,0.4816098690534222,4.8419410996765944e-14
267.5829410174261,39.49898911467333,8.90850844090505,-4.790477467707103,0.5049537922396267,-2.1051917824680846e-14
267.6983703144246,39.45738616827172,8.881890894704568,-4.797563014433932,0.5287373414745221,-3.368306851948935e-14
267.81440622423037,39.41636174573611,8.854475380616853,-4.8049807263383215,0.5529696260013285,-3.5788260301957434e-14
267.93106678423374,39.37592882366222,8.82625282038477,-4.812732482525939,0.5776597873915198,-5.0524602779234026e-14
268.0483701049727,39.33610030643996,8.797214135751187,-4.820820093030853,0.6028170003207065,9.262843842859572e-14
268.16633437197004,39.296889025365296,8.767350248458964,-4.829245297446272,0.6284504733563883,1.2631150694808506e-14
268.28497784761896,39.25830773772427,8.73665208025098,-4.838009763513394,0.654569449757457,-4.210383564936169e-14
268.4043188731185,39.22036912584874,8.705110552870087,-4.847115085667517,0.6811832082854695,5.0524602779234026e-14
268.5243758704576,39.18308579614331,8.67271658805916,-4.856562783540435,0.7083010640275873,3.9998643866893604e-14
268.6451673444481,39.146470278083235,8.639461107561065,-4.866354300418169,0.7359323692311326,-3.157787673702127e-14
268.76671188480606,39.11053502318255,8.605335033118662,-4.876491001653043,0.764086514149745,-1.473634247727659e-14
268.889028168283,39.07529240393208,8.57032928647482,-4.886974173028986,0.7927729279010893,2.7367493172085098e-14
269.0121349608452,39.040754712706736,8.534434789372408,-4.897805019079042,0.8220010793360516,5.0524602779234026e-14
269.1360511199024,39.00693416064167,8.497642463554294,-4.908984661353866,0.8517804779194115,-2.315710960714893e-14
269.2607955965855,38.973842876476475,8.459943230763338,-4.920514136640098,0.8821206746219337,6.315575347404253e-15
269.386387438074,38.94149290536728,8.421328012742407,-4.932394395127312,0.9130312628238682,-4.4209027431829774e-14
269.5128457899721,38.90989620766554,8.38178773123437,-4.944626298522288,0.9445218792297776,2.1051917824680845e-15
269.6401898987355,38.87906465766349,8.341313307982094,-4.957210618109292,0.9766022047946985,5.4734986344170195e-14
269.7684391141475,38.849010042305125,8.29989566472844,-4.970148032754941,1.0092819656615486,2.5262301389617013e-14
269.8976128918456,38.819744059862344,8.257525723216283,-4.983439126856252,1.0425709341097738,-5.4734986344170195e-14
270.02773079589883,38.7912783185753,8.214194405188477,-4.997084388230381,1.0764789295151478,5.4734986344170195e-14
270.1588125014363,38.76362433525654,8.1698926323879,-5.01108420594448,1.1110158193207045,4.631421921429786e-14
270.29087779732646,38.736793533857636,8.12461132655741,-5.025438868084128,1.1461915200186894,-4.210383564936169e-15
270.42394658890873,38.71079724399823,8.078341409439876,-5.040148559458635,1.1820159981435139,-4.210383564936169e-14
270.5580389007773,38.685646699455994,8.031073802778167,-5.055213359241512,1.2184992712755833,1.2631150694808506e-14
270.69317487961797,38.661353036617,7.982799428315146,-5.070633238544357,1.2556514090559523,-2.947268495455318e-14
270.82937479709756,38.6379272928857,7.933509207793681,-5.086408057922285,1.2934825342116434,5.4734986344170195e-14
270.96665905280827,38.6153804050532,7.883194062956637,-5.102537564809028,1.332002823591591,-8.420767129872338e-15
271.10504817726553,38.59372320762333,7.8318449155468794,-5.119021390879713,1.37122250921299,2.5262301389617013e-14
271.2445628349616,38.572966431095196,7.779452687307274,-5.135859049339318,1.4111518793179822,3.368306851948935e-14
271.38522382747465,38.553120700201376,7.72600829998069,-5.153049932134665,1.451801279440459,4.210383564936169e-14
271.5270520966344,38.53419653210065,7.671502675309993,-5.1705933070878185,1.4931811134828195,9.262843842859572e-14
271.6700687277448,38.51620433452403,7.615926735038047,-5.188488314948611,1.535301844802462,-5.894536990910637e-14
271.8142949528644,38.4991544038733,7.559271400907718,-5.206733966364003,1.578173997307776,0.0
271.95975215414586,38.48305692327054,7.501527594661875,-5.225329138761863,1.6218081565634095,9.262843842859572e-14
272.1064618672347,38.46792196055754,7.442686238043381,-5.244272573146721,1.6662149709044745,4.631421921429786e-14
272.2544457847277,38.453759466244065,7.3827382527951055,-5.2635628708049325,1.7114051525593876,6.73661370389787e-14
272.40372575969315,38.44057927140328,7.321674560659914,-5.283198489916627,1.7573894787810393,2.1051917824680846e-14
272.5543238092527,38.42839108551334,7.2594860833806685,-5.303177742071726,1.8041787929858404,5.0524602779234026e-14
272.706262118226,38.417204494243606,7.196163742700242,-5.323498788687227,1.85178400590027,3.789345208442552e-14
272.85956304283894,38.40702895718408,7.131698460361493,-5.34415963732291,1.9002160967144415,-3.368306851948935e-14
273.01424911449635,38.397873805516646,7.066081158107294,-5.3651581378924345,1.949486114242155,9.683882199353189e-14
273.17034304362113,38.3897482396264,6.999302757680508,-5.386491978766796,1.9996051780869624,4.210383564936169e-15
