galstreams/tracks/track.st.C-4.ibata2021.ecsv
# %ECSV 0.9
# ---
# datatype:
# - {name: ra, unit: deg, datatype: float64}
# - {name: dec, unit: deg, datatype: float64}
# - {name: distance, unit: kpc, datatype: float64}
# - {name: pm_ra_cosdec, unit: mas / yr, datatype: float64}
# - {name: pm_dec, unit: mas / yr, datatype: float64}
# - {name: radial_velocity, unit: km / s, datatype: float64}
# delimiter: ','
# meta: !!omap
# - __serialized_columns__:
#     dec:
#       __class__: astropy.coordinates.angles.Latitude
#       unit: &id001 !astropy.units.Unit {unit: deg}
#       value: !astropy.table.SerializedColumn {name: dec}
#     distance:
#       __class__: astropy.coordinates.distances.Distance
#       unit: !astropy.units.Unit {unit: kpc}
#       value: !astropy.table.SerializedColumn {name: distance}
#     pm_dec:
#       __class__: astropy.units.quantity.Quantity
#       unit: !astropy.units.Unit {unit: mas / yr}
#       value: !astropy.table.SerializedColumn {name: pm_dec}
#     pm_ra_cosdec:
#       __class__: astropy.units.quantity.Quantity
#       unit: !astropy.units.Unit {unit: mas / yr}
#       value: !astropy.table.SerializedColumn {name: pm_ra_cosdec}
#     ra:
#       __class__: astropy.coordinates.angles.Longitude
#       unit: *id001
#       value: !astropy.table.SerializedColumn {name: ra}
#       wrap_angle: !astropy.coordinates.Angle
#         unit: *id001
#         value: 360.0
#     radial_velocity:
#       __class__: astropy.units.quantity.Quantity
#       unit: !astropy.units.Unit {unit: km / s}
#       value: !astropy.table.SerializedColumn {name: radial_velocity}
# schema: astropy-2.0
ra,dec,distance,pm_ra_cosdec,pm_dec,radial_velocity
[from data line 690]
227.66431353829876,82.55280445748363,3.5363961924902565,-17.012192859270037,7.411043450752758,5.2629794561702114e-14
227.7229708676305,82.54618880381479,3.53544991445672,-17.00981316825161,7.4311835669772455,2.947268495455318e-14
227.78152467882123,82.53956543726315,3.5345039910345566,-17.007428339791673,7.451298315508569,3.368306851948935e-14
227.83997509706091,82.53293437394916,3.5335584275539436,-17.005038436044966,7.471387723143704,3.157787673702127e-14
227.89832224780957,82.5262956299601,3.532613229345061,-17.00264351889264,7.491451816778755,2.315710960714893e-14
227.95656625679305,82.51964922135001,3.5316684017380875,-17.00024364994276,7.511490623407214,1.894672604221276e-14
228.0147072499988,82.51299516413967,3.5307239500632015,-16.997838890530836,7.531504170118242,5.6840178126638284e-14
228.072745353672,82.50633347431656,3.529779879650582,-16.995429301720357,7.551492484094985,4.631421921429786e-14
228.1306806943111,82.49966416783494,3.528836195830408,-16.99301494430329,7.571455592612819,3.789345208442552e-14
228.18851339866427,82.4929872606157,3.527892903932859,-16.990595878800658,7.5913935230377145,3.5788260301957434e-14
228.24624359372484,82.4863027685465,3.5269500092881114,-16.98817216546306,7.611306302824516,4.4209027431829774e-14
228.30387140672764,82.47961070748154,3.526007517226346,-16.98574386427124,7.631193959515305,3.9998643866893604e-14
228.361396965145,82.47291109324183,3.5250654330777413,-16.983311034936616,7.651056520737752,2.1051917824680846e-14
228.4188203966825,82.46620394161494,3.5241237621724757,-16.980873736901884,7.670894014203426,3.5788260301957434e-14
228.47614182927552,82.45948926835509,3.523182509840729,-16.97843202934154,7.690706467706222,5.0524602779234026e-14
228.53336139108487,82.45276708918313,3.5222416814126785,-16.97598597116248,7.710493909120696,3.9998643866893604e-14
228.59047921049319,82.44603741978652,3.521301282218503,-16.973535621004576,7.730256366400467,3.5788260301957434e-14
228.647495416101,82.43930027581935,3.5203613175883834,-16.971081037241234,7.749993867576595,4.4209027431829774e-14
228.70441013672286,82.4325556729023,3.519421792852497,-16.96862227798003,7.769706440756056,3.789345208442552e-14
228.76122350138365,82.42580362662264,3.5184827133410224,-16.966159401063248,7.7893941141200935,2.1051917824680846e-14
228.81793563931464,82.41904415253425,3.5175440843841392,-16.96369246406853,7.809056915922672,2.1051917824680846e-14
228.87454667994987,82.41227726615757,3.5166059113120247,-16.96122152430945,7.828694874488947,4.8419410996765944e-14
228.9310567529224,82.40550298297964,3.51566819945486,-16.95874663883611,7.848308018213696,1.894672604221276e-14
228.98746598806048,82.39872131845406,3.5147309541428218,-16.95626786443578,7.8678963755597655,2.947268495455318e-14
229.04377451538403,82.39193228800102,3.5137941807060913,-16.953785257633513,7.887459975056589,2.5262301389617013e-14
229.0999824651009,82.38513590700725,3.5128578844748444,-16.95129887469274,7.906998845298639,2.7367493172085098e-14
229.1560899676033,82.37833219082611,3.511922070779262,-16.948808771615923,7.926513014943958,3.368306851948935e-14
229.21209715346396,82.37152115477748,3.5109867449495216,-16.946315004145184,7.946002512712618,3.368306851948935e-14
229.26800415343288,82.36470281414782,3.510051912315804,-16.943817627762918,7.965467367385271,4.8419410996765944e-14
229.32381109843365,82.35787718419017,3.509117578208286,-16.94131669769244,7.984907607801698,2.7367493172085098e-14
229.37951811955972,82.35104428012416,3.508183747957146,-16.938812268898666,8.004323262859302,3.789345208442552e-14
229.43512534807115,82.34420411713596,3.5072504268925653,-16.93630439608867,8.023714361511699,2.947268495455318e-14
229.490632915391,82.33735671037833,3.5063176203447206,-16.933793133712445,8.04308093276723,1.473634247727659e-14
229.54604095310174,82.33050207497065,3.5053853336437917,-16.931278535963493,8.062423005687569,6.105056169157445e-14
229.60134959294228,82.32364022599883,3.504453572119957,-16.928760656779453,8.081740609386362,-1.2631150694808506e-14
229.65655896680377,82.31677117851542,3.503522341103395,-16.926239549842865,8.101033773027632,5.4734986344170195e-14
229.71166920672707,82.30989494753955,3.502591645924286,-16.923715268581727,8.120302525824636,5.6840178126638284e-14
229.76668044489875,82.30301154805696,3.5016614919128064,-16.92118786617022,8.13954689703828,4.4209027431829774e-14
229.8215928136479,82.29612099501998,3.500731884399137,-16.918657395529404,8.158766915975797,4.631421921429786e-14
229.87640644544308,82.28922330334761,3.4998028287134564,-16.91612390932781,8.17796261198944,3.368306851948935e-14
229.93112147288855,82.28231848792544,3.498874330185942,-16.913587459982217,8.197134014475026,3.368306851948935e-14
229.98573802872147,82.27540656360573,3.497946394146774,-16.911048099658256,8.216281152870685,6.526094525651062e-14
230.04025624580825,82.26848754520735,3.4970190259261313,-16.908505880271143,8.235404056655481,5.894536990910637e-14
230.09467625714163,82.26156144751586,3.496092230854192,-16.905960853486338,8.254502755348051,4.631421921429786e-14
230.14899819583724,82.25462828528349,3.4951660142611343,-16.90341307072029,8.273577278505373,6.315575347404253e-15
230.2032221951304,82.24768807322916,3.494240381477139,-16.90086258314104,8.292627655721345,3.5788260301957434e-14
230.25734838837334,82.24074082603846,3.493315337832383,-16.898309441668992,8.311653916625655,1.473634247727659e-14
230.31137690903157,82.2337865583637,3.492390888657046,-16.8957536969776,8.33065609088231,2.1051917824680846e-14
230.365307890681,82.22682528482396,3.4914670392813063,-16.89319539949404,8.349634208188503,2.5262301389617013e-14
230.41914146700498,82.21985702000497,3.4905437950353435,-16.890634599399963,8.368588298273274,3.157787673702127e-14
230.47287777179076,82.21288177845928,3.4896211612493353,-16.88807134663217,8.387518390896261,4.4209027431829774e-14
230.52651693892716,82.20589957470618,3.4886991432534615,-16.885505690883292,8.40642451584651,2.5262301389617013e-14
230.5800591024007,82.19891042323177,3.487777746377901,-16.882937681602606,8.425306702941144,2.7367493172085098e-14
230.63350439629326,82.19191433848891,3.486856975952832,-16.880367367996648,8.444164982024212,3.9998643866893604e-14
230.6868529547789,82.18491133489732,3.485936837308433,-16.87779479902995,8.462999382965476,1.6841534259744676e-14
230.74010491212078,82.17790142684355,3.4850173357748835,-16.87522002342582,8.481809935659138,2.1051917824680846e-14
230.79326040266827,82.17088462868098,3.484098476682362,-16.872643089666997,8.500596670022693,2.947268495455318e-14
230.84631956085408,82.16386095472988,3.4831802653610473,-16.87006404599638,8.519359615995741,2.947268495455318e-14
230.89928252119145,82.15683041927743,3.4822627071411185,-16.86748294041782,8.538098803538801,2.947268495455318e-14
230.95214941827098,82.14979303657769,3.481345807352755,-16.864899820696763,8.556814262632125,3.368306851948935e-14
231.0049203867582,82.14274882085168,3.4804295713261335,-16.862314734361043,8.575506023274587,0.0
231.05759556139026,82.13569778628738,3.4795140043914357,-16.85972772870157,8.594174115482447,1.6841534259744676e-14
231.11017507697352,82.12863994703973,3.4785991118788373,-16.857138850773108,8.612818569288315,5.0524602779234026e-14
231.1626590683807,82.12157531723068,3.4776848991185183,-16.85454814739495,8.63143941473998,2.5262301389617013e-14
231.21504767054773,82.1145039109492,3.4767713714406594,-16.85195566515172,8.650036681899216,4.210383564936169e-14
231.2673410184716,82.1074257422513,3.4758585341754373,-16.849361450394085,8.668610400840802,8.420767129872338e-15
231.3195392472071,82.10034082516007,3.4749463926530315,-16.84676554923947,8.687160601651305,2.1051917824680846e-14
231.37164249186452,82.09324917366573,3.47403495220362,-16.84416800757284,8.70568731442807,3.789345208442552e-14
231.4236508876067,82.08615080172552,3.4731242181573827,-16.841568871047407,8.724190569278067,3.368306851948935e-14
231.47556456964642,82.07904572326393,3.4722141958444985,-16.83896818508543,8.742670396316857,3.789345208442552e-14
231.5273836732439,82.07193395217256,3.4713048905951456,-16.836365994878896,8.761126825667528,3.789345208442552e-14
231.57910833370408,82.06481550231024,3.4703963077395024,-16.83376234539028,8.779559887459639,0.0
231.63073868637383,82.05769038750299,3.4694884526077483,-16.831157281353377,8.79796961182811,1.6841534259744676e-14
231.68227486663974,82.0505586215441,3.4685813305300623,-16.82855084727391,8.81635602891226,1.2631150694808506e-14
231.73371700992536,82.04342021819416,3.467674946836622,-16.825943087430392,8.834719168854775,1.6841534259744676e-14
231.78506525168862,82.036275191181,3.466769306857609,-16.823334045874827,8.853059061800627,4.210383564936169e-15
231.83631972741927,82.02912355419987,3.4658644159231993,-16.820723766433495,8.871375737896075,3.789345208442552e-14
231.88748057263672,82.02196532091334,3.464960279363572,-16.818112292707667,8.88966922728777,3.789345208442552e-14
231.93854792288707,82.01480050495134,3.4640569025089074,-16.8154996680744,8.90793956012157,3.368306851948935e-14
231.989521913741,82.00762911991127,3.4631542906893835,-16.81288593568725,8.92618676654172,2.1051917824680846e-14
232.0404026807912,82.00045117935801,3.4622524492351787,-16.810271138477077,8.944410876689782,3.789345208442552e-14
232.09119035965003,81.99326669682385,3.461351383476472,-16.807655319152747,8.962611920703727,0.0
232.14188508594694,81.98607568580866,3.4604510987434427,-16.80503852020196,8.98078992871688,4.210383564936169e-14
232.1924869953263,81.9788781597798,3.4595516003662694,-16.802420783891925,8.998944930857105,2.1051917824680846e-14
232.24299622344495,81.97167413217227,3.458652893675131,-16.799802152270182,9.017076957245745,1.2631150694808506e-14
232.29341290596966,81.96446361638864,3.4577549840002058,-16.79718266716537,9.0351860379967,7.157652060391487e-14
232.34373717857537,81.95724662579913,3.456857876671673,-16.794562370187897,9.053272203215636,2.1051917824680846e-14
232.39396917694214,81.95002317374164,3.455961577019711,-16.7919413027308,9.071335482998844,4.210383564936169e-15
232.44410903675342,81.94279327352181,3.4550660903744994,-16.789319505970486,9.089375907432517,-8.420767129872338e-15
232.4941568936935,81.935556938413,3.454171422066217,-16.786697020867436,9.107393506591752,4.210383564936169e-15
232.54411288344548,81.92831418165635,3.4532775774250415,-16.784073888167057,9.12538831053969,1.6841534259744676e-14
232.59397714168884,81.92106501646077,3.4523845617811526,-16.78145014840034,9.143360349326626,2.1051917824680846e-14
232.64374980409727,81.91380945600311,3.4514923804647286,-16.77882584188472,9.161309652989146,8.420767129872338e-15
232.69343100633665,81.90654751342807,3.450601038805949,-16.776201008724758,9.17923625154923,4.210383564936169e-15
232.74302088406256,81.89927920184822,3.4497105421349916,-16.77357568881299,9.197140175013393,1.6841534259744676e-14
232.79251957291845,81.89200453434415,3.448820895782037,-16.770949921830592,9.215021453371866,2.947268495455318e-14
232.84192720853324,81.88472352396444,3.4479321050772613,-16.76832374724824,9.232880116597725,5.0524602779234026e-14
232.89124392651948,81.87743618372564,3.4470441753508454,-16.765697204326774,9.250716194646076,3.368306851948935e-14
232.94046986247082,81.87014252661244,3.446157111932969,-16.763070332118055,9.26852971745315,5.894536990910637e-14
232.98960515196055,81.86284256557758,3.4452709201538076,-16.760443169465667,9.286320714935641,-4.210383564936169e-15
233.03864993053878,81.855536313542,3.444385605343542,-16.757815755005716,9.304089216989693,0.0
233.087604333731,81.84822378339476,3.443501172832352,-16.755188127167557,9.321835253490233,2.5262301389617013e-14
233.13646849703593,81.8409049879932,3.442617627950414,-16.752560324174574,9.339558854290182,4.631421921429786e-14
233.18524255592325,81.83357994016283,3.4417349760279086,-16.749932384044957,9.357260049219565,8.420767129872338e-15
233.2339266458318,81.82624865269757,3.4408532223950146,-16.747304344592443,9.374938868084785,1.6841534259744676e-14
233.28252090216756,81.81891113835962,3.4399723723819093,-16.744676243427087,9.392595340667883,-2.5262301389617013e-14
233.33102546030173,81.81156740987953,3.4390924313187736,-16.742048117956042,9.410229496725693,-8.420767129872338e-15
233.37944045556878,81.80421747995634,3.438213404535784,-16.73942000538427,9.427841365989154,1.2631150694808506e-14
233.4277660232644,81.79686136125744,3.4373352973631213,-16.736791942715364,9.445430978162506,8.420767129872338e-15
233.47600229864386,81.78949906641884,3.4364581151309634,-16.734163966752245,9.462998362922585,-8.420767129872338e-15
233.52414941691976,81.78213060804502,3.4355818631694897,-16.73153611409799,9.480543549918059,8.420767129872338e-15
233.5722075132604,81.77475599870904,3.4347065468088784,-16.728908421156554,9.498066568768682,2.947268495455318e-14
233.62017672278802,81.76737525095261,3.433832171379308,-16.72628092413349,9.51556744906468,8.420767129872338e-15
233.6680571805765,81.75998837728609,3.432958742210958,-16.723653659036827,9.533046220365827,4.631421921429786e-14
233.71584902165023,81.75259539018853,3.4320862646340067,-16.721026661677673,9.550502912200981,2.947268495455318e-14
233.7635523809815,81.74519630210776,3.431214743978634,-16.718399967671107,9.567937554067178,-4.210383564936169e-15
233.81116739348928,81.73779112546039,3.4303441855750165,-16.715773612436884,9.585350175429047,4.210383564936169e-14
233.85869419403744,81.73037987263184,3.429474594753335,-16.713147631200115,9.602740805718131,3.368306851948935e-14
233.90613291743261,81.72296255597645,3.428605976843768,-16.710522058992172,9.620109474332152,8.420767129872338e-15
233.95348369842264,81.71553918781746,3.4277383371764945,-16.707896930651348,9.637456210634328,3.789345208442552e-14
234.00074667169514,81.70810978044703,3.4268716810816917,-16.7052722808236,9.65478104395282,-1.2631150694808506e-14
234.04792197187513,81.70067434612643,3.42600601388954,-16.702648143963373,9.672084003579895,2.5262301389617013e-14
234.09500973352408,81.69323289708588,3.425141340930217,-16.70002455433428,9.689365118771475,-4.210383564936169e-15
234.14201009113765,81.68578544552479,3.4242776675339037,-16.697401546009885,9.706624418746301,4.631421921429786e-14
234.18892317914438,81.67833200361159,3.423414999030778,-16.694779152874453,9.723861932685438,2.947268495455318e-14
234.2357491319039,81.67087258348403,3.4225533407510156,-16.692157408623725,9.741077689731599,1.2631150694808506e-14
234.28248808370518,81.663407197249,3.421692698024799,-16.689536346765607,9.75827171898844,3.368306851948935e-14
234.32914016876515,81.65593585698271,3.420833076182306,-16.686916000620975,9.775444049520084,8.420767129872338e-15
234.37570552122696,81.64845857473067,3.419974480553716,-16.684296403324385,9.79259471035039,1.2631150694808506e-14
234.42218427515846,81.64097536250776,3.4191169164692057,-16.681677587824844,9.809723730462414,1.6841534259744676e-14
234.4685765645505,81.63348623229831,3.4182603892589567,-16.679059586886527,9.826831138797806,1.2631150694808506e-14
234.51488252331544,81.62599119605606,3.4174049042531456,-16.676442433089566,9.843916964256152,2.947268495455318e-14
234.56110228528573,81.61849026570428,3.4165504667819517,-16.67382615883073,9.860981235694492,1.6841534259744676e-14
234.6072359842122,81.6109834531358,3.4156970821755555,-16.67121079632422,9.878023981926653,5.4734986344170195e-14
234.65328375376274,81.60347077021302,3.414844755764133,-16.668596377602384,9.895045231722754,-8.420767129872338e-15
234.69924572752043,81.59595222876804,3.413993492877865,-16.665982934516475,9.91204501380852,4.210383564936169e-14
234.74512203898257,81.5884278406026,3.4131432988469292,-16.663370498737358,9.92902335686488,2.947268495455318e-14
234.7909128215588,81.58089761748822,3.4122941790015062,-16.660759101756256,9.94598028952728,1.6841534259744676e-14
