galstreams/tracks/track.st.M5.ibata2021.ecsv
# %ECSV 0.9
# ---
# datatype:
# - {name: ra, unit: deg, datatype: float64}
# - {name: dec, unit: deg, datatype: float64}
# - {name: distance, unit: kpc, datatype: float64}
# - {name: pm_ra_cosdec, unit: mas / yr, datatype: float64}
# - {name: pm_dec, unit: mas / yr, datatype: float64}
# - {name: radial_velocity, unit: km / s, datatype: float64}
# delimiter: ','
# meta: !!omap
# - __serialized_columns__:
#     dec:
#       __class__: astropy.coordinates.angles.Latitude
#       unit: &id001 !astropy.units.Unit {unit: deg}
#       value: !astropy.table.SerializedColumn {name: dec}
#     distance:
#       __class__: astropy.coordinates.distances.Distance
#       unit: !astropy.units.Unit {unit: kpc}
#       value: !astropy.table.SerializedColumn {name: distance}
#     pm_dec:
#       __class__: astropy.units.quantity.Quantity
#       unit: !astropy.units.Unit {unit: mas / yr}
#       value: !astropy.table.SerializedColumn {name: pm_dec}
#     pm_ra_cosdec:
#       __class__: astropy.units.quantity.Quantity
#       unit: !astropy.units.Unit {unit: mas / yr}
#       value: !astropy.table.SerializedColumn {name: pm_ra_cosdec}
#     ra:
#       __class__: astropy.coordinates.angles.Longitude
#       unit: *id001
#       value: !astropy.table.SerializedColumn {name: ra}
#       wrap_angle: !astropy.coordinates.Angle
#         unit: *id001
#         value: 360.0
#     radial_velocity:
#       __class__: astropy.units.quantity.Quantity
#       unit: !astropy.units.Unit {unit: km / s}
#       value: !astropy.table.SerializedColumn {name: radial_velocity}
# schema: astropy-2.0
ra,dec,distance,pm_ra_cosdec,pm_dec,radial_velocity
[from data line 276]
198.64716179546542,16.7848369225117,7.043927735356886,2.996655330231843,-8.60419962190354,-8.420767129872338e-14
198.65719635837903,16.781770082376433,7.044476141854258,2.9968956231998862,-8.605479545371633,-1.0104920555846805e-13
198.66722906792415,16.778698693194205,7.045034856587245,2.997141317851411,-8.60674793727282,-6.73661370389787e-14
198.677259930965,16.77562277498919,7.045603829286237,2.997392348531425,-8.608004840673013,-6.73661370389787e-14
198.68728895436993,16.772542347784043,7.046183009681607,2.997648649574784,-8.609250298624177,-1.1789073981821273e-13
198.6973161450117,16.76945743159991,7.046772347503739,2.9979101553061636,-8.61048435416428,-8.420767129872338e-14
198.70734150976736,16.766368046456396,7.047371792483014,2.9981768000400932,-8.611707050317364,-1.1789073981821273e-13
198.7173650555181,16.76327421237165,7.047981294349813,2.9984485180809766,-8.612918430093513,-1.1789073981821273e-13
198.72738678914934,16.760175949362292,7.0486008028345175,2.9987252437231047,-8.614118536488899,-8.420767129872338e-14
198.73740671755075,16.75707327744349,7.049230267667507,2.999006911250665,-8.615307412485773,-1.347322740779574e-13
198.74742484761646,16.75396621662881,7.049869638579163,2.9992934549377543,-8.616485101052495,-8.420767129872338e-14
198.75744118624448,16.750854786930415,7.0505188652998685,2.999584809048411,-8.617651645143525,-1.0104920555846805e-13
198.76745574033728,16.747739008358913,7.051177897560001,2.999880907836612,-8.618807087699462,-8.420767129872338e-14
198.77746851680143,16.74461890092347,7.051846685089943,3.000181685546301,-8.619951471647036,-1.1789073981821273e-13
198.7874795225478,16.74149448463166,7.052525177620075,3.0004870764113885,-8.621084839899131,-1.0104920555846805e-13
198.79748876449145,16.738365779489634,7.053213324880778,3.0007970146557845,-8.622207235354796,-6.73661370389787e-14
198.80749624955152,16.735232805502044,7.053911076602437,3.001111434493406,-8.623318700899253,-6.73661370389787e-14
198.81750198465147,16.73209558267201,7.054618382515426,3.0014302701281896,-8.624419279403922,-6.73661370389787e-14
198.82750597671887,16.72895413100121,7.05533519235013,3.0017534557541135,-8.625509013726417,-1.0104920555846805e-13
198.83750823268556,16.72580847048974,7.056061455836929,3.0020809255551937,-8.626587946710567,-1.0104920555846805e-13
198.84750875948748,16.72265862113628,7.056797122706206,3.00241261370553,-8.62765612118643,-6.73661370389787e-14
198.85750756406478,16.719504602938,7.0575421426883365,3.0027484543692973,-8.628713579970311,-1.0104920555846805e-13
198.86750465336164,16.716346435890582,7.058296465513707,3.0030883817007687,-8.62976036586475,-1.1789073981821273e-13
198.87750003432663,16.71318413998816,7.059060040912698,3.00343232984432,-8.630796521658569,-1.0104920555846805e-13
198.88749371391233,16.710017735223452,7.05983281861569,3.0037802329344685,-8.631822090126853,-1.0104920555846805e-13
198.89748569907547,16.706847241587656,7.060614748353059,3.0041320250958656,-8.632837114030988,-8.420767129872338e-14
198.90747599677687,16.703672679070493,7.061405779855192,3.00448764044332,-8.633841636118651,-1.0104920555846805e-13
198.91746461398165,16.70049406766014,7.062205862852468,3.0048470130818092,-8.634835699123839,-8.420767129872338e-14
198.9274515576589,16.697311427343372,7.063014947075266,3.005210077106495,-8.635819345766869,-1.0104920555846805e-13
198.93743683478186,16.6941247781054,7.063832982253973,3.0055767666027458,-8.636792618754395,-1.347322740779574e-13
198.947420452328,16.69093413993001,7.06465991811896,3.0059470156461434,-8.637755560779432,-8.420767129872338e-14
198.95740241727864,16.68773953279948,7.065495704400618,3.0063207583024942,-8.638708214521339,-8.420767129872338e-14
198.96738273661956,16.684540976694564,7.066340290829323,3.00669792862785,-8.63965062264586,-1.1789073981821273e-13
198.97736141734038,16.681338491594584,7.067193627135454,3.0070784606685255,-8.640582827805122,-8.420767129872338e-14
198.9873384664349,16.678132097477366,7.068055663049397,3.0074622884611015,-8.641504872637656,-8.420767129872338e-14
198.99731389090093,16.67492181431926,7.068926348301529,3.007849346032459,-8.642416799768379,-1.0104920555846805e-13
199.00728769774054,16.671707662095084,7.069805632622233,3.008239567399762,-8.643318651808658,-5.0524602779234026e-14
199.0172598939597,16.66848966077823,7.070693465741892,3.0086328865705045,-8.64421047135627,-6.73661370389787e-14
199.02723048656853,16.6652678303406,7.07158979739088,3.0090292375425065,-8.645092300995454,-1.1789073981821273e-13
199.03719948258117,16.662042190752622,7.072494577299584,3.0094285543039363,-8.645964183296888,-1.0104920555846805e-13
199.0471668890159,16.658812761983185,7.073407755198384,3.0098307708333123,-8.64682616081772,-8.420767129872338e-14
199.057132712895,16.655579563999773,7.07432928081766,3.010235821099531,-8.647678276101594,-6.73661370389787e-14
199.06709696124477,16.65234261676836,7.0752591038877926,3.010643639061879,-8.648520571678624,-6.73661370389787e-14
199.07705964109556,16.649101940253477,7.076197174139162,3.011054158670048,-8.649353090065434,-6.73661370389787e-14
199.08702075948185,16.6458575544181,7.077143441302152,3.0114673138641304,-8.650175873765164,-1.1789073981821273e-13
199.0969803234421,16.642609479223797,7.078097855107144,3.011883038574654,-8.650988965267466,-6.73661370389787e-14
199.10693834001873,16.639357734630646,7.079060365284513,3.0123012667225977,-8.651792407048552,-8.420767129872338e-14
199.11689481625822,16.636102340597247,7.080030921564647,3.0127219322193914,-8.652586241571147,-1.1789073981821273e-13
199.1268497592111,16.63284331708075,7.081009473677921,3.013144968966941,-8.653370511284566,-8.420767129872338e-14
199.1368031759319,16.629580684036764,7.081995971354723,3.0135703108576224,-8.65414525862467,-8.420767129872338e-14
199.14675507347917,16.6263144614195,7.0829903643254255,3.0139978917743275,-8.654910526013921,-1.0104920555846805e-13
199.15670545891538,16.623044669181652,7.083992602320416,3.014427645590461,-8.655666355861353,-8.420767129872338e-14
199.16665433930706,16.619771327274492,7.085002635070072,3.0148595061699375,-8.656412790562612,-8.420767129872338e-14
199.17660172172472,16.616494455647747,7.086020412304776,3.015293407367228,-8.657149872499966,-1.1789073981821273e-13
199.18654761324288,16.613214074249736,7.087045883754909,3.0157292830273486,-8.657877644042285,-1.0104920555846805e-13
199.19649202093998,16.609930203027297,7.0880789991508495,3.0161670669858873,-8.658596147545095,-8.420767129872338e-14
199.20643495189842,16.606642861925803,7.0891197082229835,3.0166066930690123,-8.659305425350556,-6.73661370389787e-14
199.21637641320467,16.603352070889123,7.090167960701685,3.0170480950934833,-8.660005519787497,-8.420767129872338e-14
199.2263164119491,16.600057849859702,7.091223706317343,3.017491206866667,-8.660696473171397,-8.420767129872338e-14
199.23625495522603,16.5967602187785,7.092286894800331,3.0179359621865642,-8.661378327804428,-1.0104920555846805e-13
199.24619205013371,16.59345919758502,7.093357475881036,3.0183822948417927,-8.662051125975445,-1.347322740779574e-13
199.25612770377433,16.59015480621731,7.094435399289836,3.018830138611635,-8.662714909960004,-8.420767129872338e-14
199.26606192325417,16.58684706461191,7.0955206147571115,3.0192794272660195,-8.663369722020372,-8.420767129872338e-14
199.27599471568325,16.58353599270394,7.096613072013242,3.0197300945655625,-8.664015604405535,-1.0104920555846805e-13
199.28592608817564,16.580221610427046,7.097712720788613,3.020182074261564,-8.664652599351205,-5.0524602779234026e-14
199.2958560478492,16.57690393771344,7.098819510813603,3.020635300096024,-8.665280749079848,-8.420767129872338e-14
199.30578460182596,16.573582994493794,7.099933391818592,3.0210897058016597,-8.665900095800673,-1.0104920555846805e-13
199.31571175723167,16.57025880069739,7.101054313533963,3.0215452251019133,-8.66651068170965,-6.73661370389787e-14
199.325637521196,16.56693137625204,7.102182225690095,3.0220017917109754,-8.667112548989527,-1.1789073981821273e-13
199.3355619008525,16.563600741084084,7.103317078017368,3.0224593393337833,-8.66770573980983,-1.0104920555846805e-13
199.34548490333881,16.560266915118387,7.104458820246167,3.02291780166604,-8.668290296326878,-8.420767129872338e-14
199.3554065357963,16.55692991827839,7.105607402106871,3.02337711239423,-8.668866260683801,-8.420767129872338e-14
199.36532680537024,16.55358977048606,7.10676277332986,3.023837205195643,-8.66943367501053,-1.347322740779574e-13
199.37524571920977,16.55024649166192,7.1079248836455164,3.0242980137383566,-8.669992581423829,-8.420767129872338e-14
199.38516328446804,16.546900101725008,7.109093682784219,3.0247594716812762,-8.670543022027289,-1.0104920555846805e-13
199.39507950830196,16.54355062059293,7.110269120476351,3.0252215126741424,-8.671085038911349,-6.73661370389787e-14
199.40499439787234,16.540198068181837,7.1114511464522945,3.0256840703575305,-8.67161867415329,-1.0104920555846805e-13
199.41490796034384,16.53684246440642,7.112639710442425,3.0261470783628863,-8.672143969817276,-5.0524602779234026e-14
199.42482020288492,16.533483829179946,7.113834762177128,3.026610470312512,-8.672660967954322,-1.1789073981821273e-13
199.43473113266813,16.530122182414154,7.115036251386784,3.0270741798195955,-8.673169710602341,-1.0104920555846805e-13
199.44464075686957,16.526757544019404,7.116244127801773,3.0275381404882307,-8.67367023978613,-1.0104920555846805e-13
199.45454908266944,16.52338993390457,7.117458341152475,3.0280022859134093,-8.67416259751739,-8.420767129872338e-14
199.46445611725153,16.52001937197713,7.118678841169273,3.028466549681048,-8.674646825794731,-1.0104920555846805e-13
199.4743618678037,16.516645878143,7.119905577582547,3.028930865367991,-8.675122966603691,-1.0104920555846805e-13
199.48426634151755,16.513269472306757,7.121138500122679,3.0293951665420327,-8.675591061916736,-1.0104920555846805e-13
199.49416954558845,16.50989017437147,7.122377558520048,3.029859386761924,-8.676051153693262,-8.420767129872338e-14
199.50407148721564,16.5065080042388,7.1236227025050365,3.0303234595773914,-8.676503283879631,-8.420767129872338e-14
199.51397217360224,16.503122981808907,7.124873881808025,3.0307873185291334,-8.676947494409147,-8.420767129872338e-14
199.5238716119551,16.499735126980543,7.126131046159394,3.031250897148851,-8.6773838272021,-8.420767129872338e-14
199.5337698094848,16.496344459651013,7.127394145289527,3.0317141289592544,-8.677812324165735,-8.420767129872338e-14
199.54366677340596,16.49295099971616,7.128663128928799,3.032176947474067,-8.678233027194317,-6.73661370389787e-14
199.5535625109367,16.489554767070423,7.1299379468075985,3.032639286198049,-8.678645978169067,-1.0104920555846805e-13
199.5634570292993,16.486155781606712,7.131218548656299,3.0331010786270043,-8.679051218958243,-8.420767129872338e-14
199.57335033571945,16.482754063216575,7.132504884205288,3.033562258247789,-8.679448791417101,-1.0104920555846805e-13
199.58324243742686,16.479349631790086,7.133796903184942,3.0340227585383297,-8.679838737387929,-5.0524602779234026e-14
199.5931333416549,16.4759425072159,7.1350945553256455,3.0344825129676365,-8.680221098700033,-6.73661370389787e-14
199.60302305564085,16.472532709381163,7.136397790357775,3.0349414549958063,-8.680595917169784,-8.420767129872338e-14
199.61291158662564,16.46912025817165,7.137706558011716,3.0353995180740445,-8.680963234600581,-6.73661370389787e-14
199.622798941854,16.465705173471676,7.139020808017847,3.035856635644671,-8.681323092782897,-8.420767129872338e-14
199.63268512857434,16.46228747516412,7.140340490106548,3.0363127411411344,-8.68167553349426,-1.0104920555846805e-13
199.64257015403908,16.458867183130387,7.141665554008203,3.036767767988019,-8.682020598499284,-6.73661370389787e-14
199.6524540255041,16.455444317250482,7.142995949453191,3.03722164960107,-8.682358329549668,-1.0104920555846805e-13
199.66233675022917,16.452018897402954,7.144331626171893,3.037674319387186,-8.682688768384203,-8.420767129872338e-14
199.6722183354778,16.44859094346495,7.14567253389469,3.0381257107444517,-8.683011956728784,-6.73661370389787e-14
199.6820987885172,16.445160475312104,7.14701862235196,3.038575757062128,-8.68332793629642,-1.0104920555846805e-13
199.69197811661837,16.441727512818684,7.148369841274092,3.039024391720679,-8.683636748787226,-8.420767129872338e-14
199.701856327056,16.438292075857493,7.149726140391461,3.0394715480917824,-8.683938435888464,-6.73661370389787e-14
199.71173342710844,16.43485418429991,7.151087469434448,3.039917159538332,-8.684233039274527,-5.0524602779234026e-14
199.72160942405782,16.431413858015894,7.152453778133435,3.040361159414466,-8.68452060060695,-8.420767129872338e-14
199.7314843251901,16.427971116873902,7.153825016218803,3.0408034810655464,-8.684801161534427,-6.73661370389787e-14
199.7413581377948,16.424525980741045,7.155201133420934,3.0412440578282114,-8.685074763692807,-6.73661370389787e-14
199.7512308691652,16.421078469482943,7.156582079470206,3.0416828230303588,-8.685341448705115,-8.420767129872338e-14
199.76110252659817,16.417628602963823,7.157967804097002,3.042119709991172,-8.685601258181551,-5.0524602779234026e-14
199.7709731173945,16.41417640104644,7.159358257031704,3.042554652021113,-8.685854233719507,-1.1789073981821273e-13
199.7808426488586,16.410721883592142,7.160753388004689,3.042987582421953,-8.68610041690357,-8.420767129872338e-14
199.7907111282984,16.40726507046085,7.162153146746341,3.043418434486782,-8.68633984930552,-8.420767129872338e-14
199.80057856302565,16.403805981511056,7.163557482987044,3.0438471415000024,-8.686572572484362,-8.420767129872338e-14
199.81044496035588,16.4003446365998,7.164966346457173,3.0442736367373584,-8.686798627986308,-8.420767129872338e-14
199.82031032760815,16.396881055582714,7.166379686887112,3.044697853465941,-8.687018057344808,-1.0104920555846805e-13
199.83017467210524,16.393415258314,7.167797454007242,3.0451197249441977,-8.68723090208054,-5.0524602779234026e-14
199.84003800117347,16.38994726464646,7.169219597547941,3.045539184421953,-8.68743720370143,-8.420767129872338e-14
199.84990032214316,16.386477094431378,7.170646067239593,3.0459561651403906,-8.687637003702648,-6.73661370389787e-14
199.85976164234796,16.38300476751871,7.1720768128125805,3.046370600332108,-8.687830343566626,-5.0524602779234026e-14
199.8696219691253,16.379530303756955,7.173511783997279,3.0467824232210936,-8.688017264763062,-6.73661370389787e-14
199.87948130981624,16.37605372299317,7.1749509305240755,3.047191567022747,-8.68819780874893,-5.0524602779234026e-14
199.88933967176553,16.37257504507301,7.176394202123346,3.047597964943897,-8.688372016968488,-1.515738083377021e-13
199.89919706232155,16.369094289840678,7.177841548525475,3.0480015501828026,-8.68853993085327,-8.420767129872338e-14
199.9090534888363,16.365611477138984,7.179292919460841,3.04840225592917,-8.688701591822126,-1.0104920555846805e-13
199.9189089586654,16.3621266268093,7.180748264659828,3.0488000153641632,-8.688857041281194,-1.0104920555846805e-13
199.92876347916817,16.35863975869157,7.182207533852812,3.04919476166041,-8.689006320623934,-5.0524602779234026e-14
199.93861705770746,16.355150892624344,7.183670676770179,3.0495864279820157,-8.689149471231117,-1.1789073981821273e-13
199.94846970164983,16.35166004844471,7.185137643142307,3.0499749474845728,-8.689286534470849,-6.73661370389787e-14
199.95832141836544,16.34816724598837,7.1866083826995775,3.0503602533151803,-8.68941755169856,-8.420767129872338e-14
199.96817221522798,16.344672505089587,7.188082845172371,3.0507422786124367,-8.689542564257032,-6.73661370389787e-14
199.9780220996149,16.341175845581212,7.189560980291071,3.051120956506465,-8.689661613476387,-5.0524602779234026e-14
199.98787107890712,16.33767728729469,7.191042737786056,3.0514962201189175,-8.689774740674107,-1.0104920555846805e-13
199.99771916048928,16.334176850060004,7.192528067387706,3.0518680025629874,-8.689881987155031,-5.0524602779234026e-14
