galstreams/tracks/track.st.Tri-Pis.bonaca2012.ecsv
# %ECSV 0.9
# ---
# datatype:
# - {name: ra, unit: deg, datatype: float64}
# - {name: dec, unit: deg, datatype: float64}
# - {name: distance, unit: kpc, datatype: float64}
# - {name: pm_ra_cosdec, unit: mas / yr, datatype: float64}
# - {name: pm_dec, unit: mas / yr, datatype: float64}
# - {name: radial_velocity, unit: km / s, datatype: float64}
# delimiter: ','
# meta: !!omap
# - __serialized_columns__:
#     dec:
#       __class__: astropy.coordinates.angles.Latitude
#       unit: &id001 !astropy.units.Unit {unit: deg}
#       value: !astropy.table.SerializedColumn {name: dec}
#     distance:
#       __class__: astropy.coordinates.distances.Distance
#       unit: !astropy.units.Unit {unit: kpc}
#       value: !astropy.table.SerializedColumn {name: distance}
#     pm_dec:
#       __class__: astropy.units.quantity.Quantity
#       unit: !astropy.units.Unit {unit: mas / yr}
#       value: !astropy.table.SerializedColumn {name: pm_dec}
#     pm_ra_cosdec:
#       __class__: astropy.units.quantity.Quantity
#       unit: !astropy.units.Unit {unit: mas / yr}
#       value: !astropy.table.SerializedColumn {name: pm_ra_cosdec}
#     ra:
#       __class__: astropy.coordinates.angles.Longitude
#       unit: *id001
#       value: !astropy.table.SerializedColumn {name: ra}
#       wrap_angle: !astropy.coordinates.Angle
#         unit: *id001
#         value: 360.0
#     radial_velocity:
#       __class__: astropy.units.quantity.Quantity
#       unit: !astropy.units.Unit {unit: km / s}
#       value: !astropy.table.SerializedColumn {name: radial_velocity}
# schema: astropy-2.0
ra,dec,distance,pm_ra_cosdec,pm_dec,radial_velocity
[from data line 252]
21.563732066869765,33.61958299380093,26.000000000000004,0.0,0.0,0.0
21.565966769219635,33.60974597233203,26.000000000000004,0.0,0.0,0.0
21.568200962844312,33.59990891086756,26.000000000000004,0.0,0.0,0.0
21.570434648041413,33.590071809430704,26.000000000000004,0.0,0.0,0.0
21.572667825108354,33.58023466804468,26.000000000000004,0.0,0.0,0.0
21.57490049434239,33.57039748673252,26.000000000000007,0.0,0.0,0.0
21.57713684388499,33.560560986462626,26.000000000000007,0.0,0.0,0.0
21.579375243990334,33.55072488665369,26.000000000000004,0.0,0.0,0.0
21.581613135677536,33.54088874674687,26.000000000000007,0.0,0.0,0.0
21.583850519244116,33.5310525667655,26.000000000000004,0.0,0.0,0.0
21.586087394987395,33.52121634673271,26.000000000000007,0.0,0.0,0.0
21.5883237632045,33.51138008667175,26.000000000000004,0.0,0.0,0.0
21.59055962419237,33.50154378660588,26.000000000000004,0.0,0.0,0.0
21.592794978247735,33.49170744655827,26.000000000000007,0.0,0.0,0.0
21.595029825667165,33.48187106655211,26.0,0.0,0.0,0.0
21.597264166746996,33.47203464661062,26.000000000000007,0.0,0.0,0.0
21.59949800178344,33.46219818675684,26.000000000000004,0.0,0.0,0.0
21.601731331072457,33.45236168701397,26.0,0.0,0.0,0.0
21.603964154909843,33.442525147405114,26.000000000000004,0.0,0.0,0.0
21.606196913473813,33.43268864368528,26.000000000000007,0.0,0.0,0.0
21.60843544068096,33.42285318022266,26.000000000000007,0.0,0.0,0.0
21.610673461861158,33.41301767672364,26.000000000000007,0.0,0.0,0.0
21.61291097731044,33.40318213321149,26.0,0.0,0.0,0.0
21.615147987324704,33.39334654970941,26.000000000000004,0.0,0.0,0.0
21.61738449219962,33.38351092624061,26.000000000000004,0.0,0.0,0.0
21.619620492230688,33.37367526282828,26.0,0.0,0.0,0.0
21.621855987713197,33.363839559495624,26.000000000000004,0.0,0.0,0.0
21.62409097894229,33.3540038162657,26.000000000000007,0.0,0.0,0.0
21.626325466212908,33.34416803316171,26.0,0.0,0.0,0.0
21.628559449819765,33.33433221020674,26.0,0.0,0.0,0.0
21.630792930057417,33.32449634742393,26.000000000000004,0.0,0.0,0.0
21.633025907220222,33.31466044483641,26.000000000000004,0.0,0.0,0.0
21.635258381602384,33.30482450246717,26.000000000000004,0.0,0.0,0.0
21.63749375719494,33.29498910637382,26.000000000000004,0.0,0.0,0.0
21.63973190663004,33.285154234607546,26.0,0.0,0.0,0.0
21.641969552719402,33.27531932289074,26.000000000000004,0.0,0.0,0.0
21.644206695757475,33.2654843712466,26.0,0.0,0.0,0.0
21.64644333603847,33.255649379698326,26.000000000000004,0.0,0.0,0.0
21.648679473856514,33.245814348268986,26.0,0.0,0.0,0.0
21.650915109505455,33.23597927698176,26.0,0.0,0.0,0.0
21.65315024327899,33.22614416585976,26.000000000000004,0.0,0.0,0.0
21.655384875470634,33.216309014926104,26.000000000000004,0.0,0.0,0.0
21.657619006373693,33.206473824203954,26.000000000000004,0.0,0.0,0.0
21.659852636281304,33.19663859371626,25.999999999999996,0.0,0.0,0.0
21.66208576548642,33.186803323486124,26.000000000000004,0.0,0.0,0.0
21.664318394281793,33.17696801353663,26.000000000000004,0.0,0.0,0.0
21.66655052295998,33.16713266389079,25.999999999999996,0.0,0.0,0.0
21.668788484204427,33.157298364927044,26.000000000000004,0.0,0.0,0.0
21.671026259685675,33.14746408035,25.999999999999996,0.0,0.0,0.0
21.67326353449485,33.137629755909245,25.999999999999996,0.0,0.0,0.0
21.675500308924793,33.12779539162798,26.000000000000004,0.0,0.0,0.0
21.677736583268135,33.11796098752934,26.000000000000004,0.0,0.0,0.0
21.67997235781735,33.108126543636416,26.000000000000004,0.0,0.0,0.0
21.682207632864714,33.098292059972366,26.0,0.0,0.0,0.0
21.68444240870232,33.088457536560156,26.000000000000004,0.0,0.0,0.0
21.686676685622096,33.078622973422895,25.999999999999996,0.0,0.0,0.0
21.688910463915732,33.06878837058365,25.999999999999996,0.0,0.0,0.0
21.691143743874775,33.058953728065426,26.0,0.0,0.0,0.0
21.693376525790583,33.04911904589127,26.000000000000004,0.0,0.0,0.0
21.695608809954305,33.03928432408422,26.0,0.0,0.0,0.0
21.697843208757927,33.02945001246188,26.000000000000004,0.0,0.0,0.0
21.700081112377344,33.019616350387146,25.999999999999996,0.0,0.0,0.0
21.702318517699425,33.009782648513585,26.000000000000004,0.0,0.0,0.0
21.7045554250156,32.99994890686432,26.000000000000007,0.0,0.0,0.0
21.70679183461711,32.99011512546249,26.000000000000004,0.0,0.0,0.0
21.709027746795037,32.980281304331065,26.000000000000004,0.0,0.0,0.0
21.711263161840243,32.970447443493164,26.0,0.0,0.0,0.0
21.71349808004341,32.96061354297183,26.0,0.0,0.0,0.0
21.715732501695054,32.95077960279011,26.0,0.0,0.0,0.0
21.717966427085493,32.94094562297099,26.000000000000004,0.0,0.0,0.0
21.720199856504845,32.931111603537566,26.000000000000004,0.0,0.0,0.0
21.72243279024312,32.9212775445127,26.000000000000004,0.0,0.0,0.0
21.724665228590034,32.91144344591942,26.0,0.0,0.0,0.0
21.726897171835198,32.90160930778069,26.000000000000004,0.0,0.0,0.0
21.72913412491553,32.891776078052374,26.0,0.0,0.0,0.0
21.73137165948674,32.88194299412831,26.0,0.0,0.0,0.0
21.733608698420973,32.87210987049439,26.000000000000004,0.0,0.0,0.0
21.735845242008082,32.86227670717377,26.000000000000004,0.0,0.0,0.0
21.738081290537707,32.85244350418945,26.000000000000004,0.0,0.0,0.0
21.740316844299347,32.84261026156451,26.000000000000004,0.0,0.0,0.0
21.742551903582278,32.832776979322,26.000000000000004,0.0,0.0,0.0
21.74478646867564,32.82294365748481,26.000000000000004,0.0,0.0,0.0
21.747020539868362,32.81311029607599,26.0,0.0,0.0,0.0
21.749254117449187,32.80327689511852,26.000000000000007,0.0,0.0,0.0
21.751487201706695,32.79344345463535,26.000000000000007,0.0,0.0,0.0
21.753719792929257,32.78360997464945,26.000000000000004,0.0,0.0,0.0
21.755951891405083,32.77377645518378,26.000000000000004,0.0,0.0,0.0
21.758185311374177,32.763943208648826,26.000000000000004,0.0,0.0,0.0
21.760422973925227,32.75411073807487,26.000000000000007,0.0,0.0,0.0
21.762660143203814,32.74427822785819,26.000000000000004,0.0,0.0,0.0
21.764896819498414,32.734445678021814,26.000000000000004,0.0,0.0,0.0
21.76713300309727,32.72461308858881,26.000000000000007,0.0,0.0,0.0
21.769368694288524,32.71478045958211,26.000000000000004,0.0,0.0,0.0
21.77160389336008,32.70494779102471,26.000000000000004,0.0,0.0,0.0
21.773838600599664,32.695115082939594,26.000000000000007,0.0,0.0,0.0
21.776072816294842,32.68528233534975,26.000000000000007,0.0,0.0,0.0
21.778306540732974,32.6754495482781,26.000000000000007,0.0,0.0,0.0
21.780539774201255,32.66561672174764,26.000000000000004,0.0,0.0,0.0
21.782772516986707,32.65578385578117,26.000000000000004,0.0,0.0,0.0
21.78500476937617,32.645950950401655,26.000000000000004,0.0,0.0,0.0
21.787236531656294,32.636118005631964,26.000000000000004,0.0,0.0,0.0
21.789472475035808,32.62628582592868,26.000000000000004,0.0,0.0,0.0
21.791709773379488,32.616453924549745,26.000000000000004,0.0,0.0,0.0
21.79394658109798,32.60662198361922,26.000000000000007,0.0,0.0,0.0
21.79618289847818,32.59679000316017,26.000000000000004,0.0,0.0,0.0
21.798418725806794,32.586957983195546,26.000000000000007,0.0,0.0,0.0
21.80065406337039,32.57712592374833,26.000000000000004,0.0,0.0,0.0
21.802888911455337,32.56729382484146,26.000000000000004,0.0,0.0,0.0
21.805123270347792,32.557461686497916,26.000000000000007,0.0,0.0,0.0
21.807357140333792,32.54762950874051,26.000000000000004,0.0,0.0,0.0
21.809590521699146,32.53779729159219,26.000000000000004,0.0,0.0,0.0
21.811823414729517,32.527965035075866,26.000000000000004,0.0,0.0,0.0
21.81405581971039,32.518132739214394,26.000000000000004,0.0,0.0,0.0
21.81628773692701,32.50830040403068,26.000000000000004,0.0,0.0,0.0
21.81852017679164,32.49846820351966,26.000000000000007,0.0,0.0,0.0
21.82075760291564,32.48863690641748,26.000000000000004,0.0,0.0,0.0
21.822994540768935,32.478805569833085,26.000000000000004,0.0,0.0,0.0
21.82523099063705,32.468974193789435,26.000000000000007,0.0,0.0,0.0
21.82746695280535,32.45914277830946,26.000000000000004,0.0,0.0,0.0
21.829702427559003,32.44931132341617,26.000000000000004,0.0,0.0,0.0
21.83193741518306,32.43947982913235,26.000000000000004,0.0,0.0,0.0
21.83417191596232,32.42964829548097,25.999999999999996,0.0,0.0,0.0
21.836405930181428,32.41981672248492,26.000000000000004,0.0,0.0,0.0
21.83863945812488,32.40998511016706,26.000000000000004,0.0,0.0,0.0
21.84087250007694,32.40015345855031,26.000000000000004,0.0,0.0,0.0
21.843105056321765,32.39032176765741,26.000000000000004,0.0,0.0,0.0
21.84533712714327,32.38049003751124,26.000000000000004,0.0,0.0,0.0
21.84756871282523,32.37065826813461,25.999999999999996,0.0,0.0,0.0
21.849803645731946,32.360827119565286,26.000000000000004,0.0,0.0,0.0
21.85204071242541,32.350996382786036,25.999999999999996,0.0,0.0,0.0
21.85427729348253,32.34116560661799,26.0,0.0,0.0,0.0
21.85651338918736,32.33133479108398,26.000000000000004,0.0,0.0,0.0
21.858748999823714,32.32150393620694,26.0,0.0,0.0,0.0
21.860984125675234,32.311673042009765,26.000000000000004,0.0,0.0,0.0
21.863218767025437,32.301842108515345,25.999999999999996,0.0,0.0,0.0
21.865452924157587,32.292011135746556,26.0,0.0,0.0,0.0
21.867686597354844,32.28218012372617,26.0,0.0,0.0,0.0
21.869919786900148,32.272349072477056,26.000000000000004,0.0,0.0,0.0
21.87215249307628,32.26251798202203,25.999999999999996,0.0,0.0,0.0
21.874384716165835,32.252686852383896,26.0,0.0,0.0,0.0
21.876616456451238,32.24285568358545,25.999999999999996,0.0,0.0,0.0
21.878847915699826,32.23302451035308,26.0,0.0,0.0,0.0
21.88108510993328,32.22319436885682,25.999999999999996,0.0,0.0,0.0
21.883321820875043,32.21336418804326,25.999999999999996,0.0,0.0,0.0
21.885558048807773,32.20353396793532,25.999999999999996,0.0,0.0,0.0
21.887793794013977,32.19370370855587,25.999999999999993,0.0,0.0,0.0
21.890029056775944,32.18387340992781,25.999999999999993,0.0,0.0,0.0
21.892263837375847,32.1740430720739,25.999999999999996,0.0,0.0,0.0
21.894498136095642,32.164212695016985,25.999999999999996,0.0,0.0,0.0
21.896731953217127,32.154382278779934,25.999999999999996,0.0,0.0,0.0
21.898965289021916,32.144551823385505,26.0,0.0,0.0,0.0
21.901198143791465,32.1347213288565,25.999999999999996,0.0,0.0,0.0
21.903430517807017,32.124890795215755,25.999999999999996,0.0,0.0,0.0
21.905662411349706,32.11506022248592,25.999999999999993,0.0,0.0,0.0
21.90789382470043,32.105229610689776,26.0,0.0,0.0,0.0
21.91012774710996,32.095399474680754,25.999999999999993,0.0,0.0,0.0
21.912364586626424,32.08556988471962,25.999999999999996,0.0,0.0,0.0
21.91460094547295,32.07574025553684,25.999999999999996,0.0,0.0,0.0
21.9168368239307,32.06591058715514,25.999999999999996,0.0,0.0,0.0
21.919072222280676,32.056080879597424,25.999999999999996,0.0,0.0,0.0
21.921307140803684,32.04625113288649,25.999999999999996,0.0,0.0,0.0
21.923541579780366,32.036421347045135,25.999999999999996,0.0,0.0,0.0
21.92577553949118,32.026591522096176,26.0,0.0,0.0,0.0
21.92800902021643,32.0167616580624,25.999999999999996,0.0,0.0,0.0
21.930242022236254,32.0069317549665,25.999999999999996,0.0,0.0,0.0
21.932474545830573,31.997101812831243,26.0,0.0,0.0,0.0
21.934706591279195,31.987271831679383,25.999999999999996,0.0,0.0,0.0
21.936938158861697,31.97744181153362,25.999999999999996,0.0,0.0,0.0
21.939169248857525,31.96761175241672,25.999999999999993,0.0,0.0,0.0
21.94140560449978,31.957782643558968,25.999999999999996,0.0,0.0,0.0
21.943642092940518,31.947953600819243,25.999999999999996,0.0,0.0,0.0
21.945878103326088,31.938124518954446,26.000000000000004,0.0,0.0,0.0
21.948113635936185,31.928295397987405,26.000000000000007,0.0,0.0,0.0
21.950348691050294,31.918466237940905,26.000000000000004,0.0,0.0,0.0
21.952583268947716,31.90863703883777,26.000000000000004,0.0,0.0,0.0
21.954817369907648,31.89880780070064,26.000000000000007,0.0,0.0,0.0
21.95705099420905,31.888978523552332,26.000000000000007,0.0,0.0,0.0
21.95928414213074,31.879149207415583,26.000000000000007,0.0,0.0,0.0
21.96151681395135,31.86931985231308,26.000000000000004,0.0,0.0,0.0
21.96374900994934,31.859490458267608,26.000000000000004,0.0,0.0,0.0
21.965980730403018,31.849661025301724,26.00000000000001,0.0,0.0,0.0
21.968211975590513,31.839831553438177,26.000000000000007,0.0,0.0,0.0
21.970444888209293,31.8300024117312,26.000000000000007,0.0,0.0,0.0
21.972681504919127,31.820173950971604,26.000000000000014,0.0,0.0,0.0
21.974917645903318,31.810345451161915,26.000000000000007,0.0,0.0,0.0
21.977153311440198,31.80051691232496,26.000000000000004,0.0,0.0,0.0
21.979388501807996,31.79068833448338,26.0,0.0,0.0,0.0
21.981623217284707,31.780859717659997,26.000000000000007,0.0,0.0,0.0
21.983857458148186,31.771031061877522,26.000000000000004,0.0,0.0,0.0
21.986091224676112,31.76120236715869,25.999999999999996,0.0,0.0,0.0
21.988324517145976,31.75137363352623,26.000000000000004,0.0,0.0,0.0
21.990557335835142,31.74154486100276,26.000000000000004,0.0,0.0,0.0
21.992789681020778,31.73171604961098,26.000000000000004,0.0,0.0,0.0
21.99502155297986,31.721887199373572,25.999999999999996,0.0,0.0,0.0
21.997252951989232,31.71205831031316,26.0,0.0,0.0,0.0
21.99948387832556,31.702229382452398,26.0,0.0,0.0,0.0
22.001719195068226,31.69240125344186,26.0,0.0,0.0,0.0
22.003955465316317,31.682573331244576,25.999999999999996,0.0,0.0,0.0
22.00619126244125,31.672745370096038,25.999999999999996,0.0,0.0,0.0
22.0084265867199,31.662917370019006,26.000000000000004,0.0,0.0,0.0
22.010661438429008,31.653089331036192,26.000000000000004,0.0,0.0,0.0
22.012895817845102,31.643261253170344,26.0,0.0,0.0,0.0
22.0151297252446,31.63343313644405,26.000000000000004,0.0,0.0,0.0
22.01736316090369,31.623604980880042,26.0,0.0,0.0,0.0
22.019596125098438,31.613776786500978,26.0,0.0,0.0,0.0
22.021828618104717,31.60394855332951,26.0,0.0,0.0,0.0
22.024060640198226,31.594120281388253,26.000000000000007,0.0,0.0,0.0
22.0262921916545,31.58429197069991,26.000000000000004,0.0,0.0,0.0
22.028523272748938,31.574463621286952,26.000000000000007,0.0,0.0,0.0
22.030755176997772,31.5646354559372,26.000000000000007,0.0,0.0,0.0
22.032991575169586,31.55480810692878,26.000000000000007,0.0,0.0,0.0
22.035227502538323,31.54498071904636,26.000000000000007,0.0,0.0,0.0
22.03746295937957,31.535153292312717,26.000000000000007,0.0,0.0,0.0
22.039697945968797,31.52532582675041,26.000000000000004,0.0,0.0,0.0
22.041932462581254,31.515498322382197,26.000000000000007,0.0,0.0,0.0
22.044166509492037,31.505670779230716,26.000000000000004,0.0,0.0,0.0
22.046400086976078,31.495843197318624,26.000000000000007,0.0,0.0,0.0
22.048633195308152,31.486015576668546,26.000000000000007,0.0,0.0,0.0
22.050865834762845,31.476187917303186,26.000000000000004,0.0,0.0,0.0
22.053098005614597,31.466360219244997,26.000000000000007,0.0,0.0,0.0
22.055329708137673,31.456532482516664,26.000000000000004,0.0,0.0,0.0
22.057560942606173,31.446704707140736,26.0,0.0,0.0,0.0
22.059791709294014,31.43687689313979,26.000000000000004,0.0,0.0,0.0
22.062025989017926,31.427049726201194,26.000000000000007,0.0,0.0,0.0
22.064262045280763,31.417222907181767,26.000000000000004,0.0,0.0,0.0
22.066497633330943,31.407396049389423,26.000000000000007,0.0,0.0,0.0
22.068732753442603,31.397569152846845,26.000000000000004,0.0,0.0,0.0
22.070967405889743,31.387742217576655,26.000000000000004,0.0,0.0,0.0
22.073201590946187,31.377915243601496,26.000000000000004,0.0,0.0,0.0
22.07543530888559,31.368088230944064,26.000000000000007,0.0,0.0,0.0
22.077668559981465,31.358261179626822,26.000000000000004,0.0,0.0,0.0
22.079901344507117,31.348434089672438,26.000000000000004,0.0,0.0,0.0
22.082133662735718,31.33860696110348,26.000000000000004,0.0,0.0,0.0
22.084365514940263,31.328779793942527,26.000000000000004,0.0,0.0,0.0
22.08659690139357,31.318952588212174,26.0,0.0,0.0,0.0
22.088827822368323,31.30912534393484,26.000000000000007,0.0,0.0,0.0
22.091058720366256,31.2992981373089,26.00000000000001,0.0,0.0,0.0
22.093294904168026,31.289471882768627,26.000000000000007,0.0,0.0,0.0
22.095530622067972,31.279645589534997,26.000000000000007,0.0,0.0,0.0
22.09776587433897,31.269819257630626,26.000000000000004,0.0,0.0,0.0
22.100000661253752,31.25999288707819,26.000000000000007,0.0,0.0,0.0
22.10223498308488,31.250166477900194,26.000000000000004,0.0,0.0,0.0
22.10446884010475,31.24034003011928,26.000000000000004,0.0,0.0,0.0
