galstreams/tracks/track.st.Gunnthra.ibata2021.ecsv
# %ECSV 1.0
# ---
# datatype:
# - {name: ra, unit: deg, datatype: float64}
# - {name: dec, unit: deg, datatype: float64}
# - {name: distance, unit: kpc, datatype: float64}
# - {name: pm_ra_cosdec, unit: mas / yr, datatype: float64}
# - {name: pm_dec, unit: mas / yr, datatype: float64}
# - {name: radial_velocity, unit: km / s, datatype: float64}
# delimiter: ','
# meta: !!omap
# - __serialized_columns__:
#     dec:
#       __class__: astropy.coordinates.angles.Latitude
#       unit: &id001 !astropy.units.Unit {unit: deg}
#       value: !astropy.table.SerializedColumn {name: dec}
#     distance:
#       __class__: astropy.coordinates.distances.Distance
#       unit: !astropy.units.Unit {unit: kpc}
#       value: !astropy.table.SerializedColumn {name: distance}
#     pm_dec:
#       __class__: astropy.units.quantity.Quantity
#       unit: !astropy.units.Unit {unit: mas / yr}
#       value: !astropy.table.SerializedColumn {name: pm_dec}
#     pm_ra_cosdec:
#       __class__: astropy.units.quantity.Quantity
#       unit: !astropy.units.Unit {unit: mas / yr}
#       value: !astropy.table.SerializedColumn {name: pm_ra_cosdec}
#     ra:
#       __class__: astropy.coordinates.angles.Longitude
#       unit: *id001
#       value: !astropy.table.SerializedColumn {name: ra}
#       wrap_angle: !astropy.coordinates.Angle
#         unit: *id001
#         value: 360.0
#     radial_velocity:
#       __class__: astropy.units.quantity.Quantity
#       unit: !astropy.units.Unit {unit: km / s}
#       value: !astropy.table.SerializedColumn {name: radial_velocity}
# schema: astropy-2.0
ra,dec,distance,pm_ra_cosdec,pm_dec,radial_velocity
[from data line 423]
282.1877423988435,-74.43664793577277,3.113315607538139,-15.97839470006274,-22.57123274414637,122.73637238503315
282.2165339730159,-74.42982238723917,3.11329616045731,-15.96780492151327,-22.581362362753914,122.50625885562262
282.2452827953831,-74.42298950357034,3.1132764289927684,-15.957226318800291,-22.591479743739885,122.27657319897573
282.2739889053593,-74.41614930008917,3.1132564139576933,-15.946658892771286,-22.601584910887354,122.0473150591854
282.3026523424708,-74.40930179209184,3.1132361161652633,-15.936102644190912,-22.611677887959644,121.8184840803444
282.3312731463543,-74.40244699484771,3.1132155364286587,-15.925557573741639,-22.621758698699857,121.59007990654571
282.35985135675634,-74.39558492359947,3.1131946755610604,-15.915023682023934,-22.631827366830684,121.36210218188214
282.3883870135322,-74.38871559356325,3.113173534375647,-15.904500969556862,-22.64188391605401,121.13455055044656
282.4168801566457,-74.38183901992828,3.1131521136855995,-15.893989436778032,-22.651928370050875,120.90742465633177
282.4453308261675,-74.37495521785725,3.1131304143040963,-15.883489084044284,-22.661960752480933,120.68072414363057
282.4737390622749,-74.36806420248608,3.1131084370443176,-15.87299991163184,-22.671981086982356,120.45444865643594
282.5021049052504,-74.36116598892418,3.113086182719445,-15.862521919736828,-22.681989397171442,120.22859783884063
282.53042839548147,-74.3542605922542,3.1130636521426562,-15.852055108475414,-22.691985706642434,120.00317133493762
282.5587095734594,-74.34734802753219,3.113040846127131,-15.84159947788424,-22.701970038967268,119.77816878881963
282.5869484797786,-74.34042830978754,3.1130177654860502,-15.831155027920714,-22.711942417695255,119.55358984457959
282.61514515513517,-74.3335014540231,3.1129944110325933,-15.82072175846362,-22.72190286635272,119.32943414631023
282.64329964032703,-74.32656747521507,3.1129707835799403,-15.810299669313038,-22.731851408442974,119.10570133810465
282.67141197625244,-74.31962638831307,3.1129468839412704,-15.799888760190965,-22.741788067445903,118.88239106405557
282.6994822039096,-74.31267820824011,3.1129227129297634,-15.789489030741485,-22.751712866817755,118.65950296825572
282.72751036439496,-74.30572294989277,3.1128982713586004,-15.779100480531397,-22.761625829990777,118.4370366947981
282.75549649890354,-74.29876062814094,3.11287356004096,-15.768723109050237,-22.771526980373153,118.21499188777557
282.7834406487275,-74.29179125782804,3.1128485797900227,-15.758356915710731,-22.78141634134864,117.99336819128096
282.81134285525536,-74.28481485377085,3.1128233314189684,-15.748001899849132,-22.791293936276357,117.772165249407
282.839203159971,-74.27783143075993,3.1127978157409752,-15.737658060725732,-22.801159788490438,117.5513827062468
282.86702160445344,-74.27084100355906,3.112772033569225,-15.727325397524863,-22.811013921299928,117.33102020589291
282.89479823037556,-74.26384358690567,3.1127459857168964,-15.717003909355462,-22.820856357988504,117.11107739243847
282.9225330795035,-74.2568391955106,3.11271967299717,-15.706693595251341,-22.830687121814208,116.89155390997605
282.95022619369547,-74.2498278440585,3.1126930962232247,-15.69639445417166,-22.840506236009126,116.67244940259876
282.9778776149016,-74.24280954720737,3.1126662562082417,-15.68610648500097,-22.850313723779337,116.45376351439934
283.0054873851627,-74.23578431958879,3.112639153765399,-15.67582968654985,-22.860109608304573,116.23549588947061
283.0330555466095,-74.22875217580808,3.1126117897078776,-15.66556405755508,-22.869893912737925,116.01764617190554
283.060582141462,-74.22171313044407,3.1125841648488572,-15.655309596679999,-22.87966666020575,115.8002140057968
283.0880672120287,-74.21466719804923,3.112556280001517,-15.64506630251485,-22.88942787380735,115.58319903523746
283.1155108007058,-74.20761439314963,3.1125281359790384,-15.634834173577065,-22.899177576614832,115.36660090432021
283.14291294997594,-74.20055473024516,3.1124997335945994,-15.624613208311844,-22.908915791672662,115.15041925713786
283.17027370240834,-74.19348822380925,3.11247107366138,-15.614403405092059,-22.91864254199777,114.93465373778359
283.19759310065734,-74.18641488828905,3.112442156992561,-15.60420476221893,-22.92835785057912,114.71930399034983
283.224871187462,-74.17933473810538,3.1124129844013213,-15.594017277922205,-22.93806174037751,114.50436965892958
283.2521080056447,-74.172247787653,3.1123835567008427,-15.583840950360647,-22.947754234325316,114.2898503876159
283.27930359811126,-74.16515405130018,3.1123538747043016,-15.573675777622134,-22.957435355326467,114.07574582050137
283.30645800784964,-74.15805354338906,3.11232393922488,-15.563521757724159,-22.96710512625602,113.86205560167899
283.33357127792954,-74.15094627823551,3.1122937510757582,-15.553378888613992,-22.97676356996012,113.64877937524166
283.3606434515008,-74.14383227012934,3.1122633110701146,-15.543247168169357,-22.98641070925556,113.43591678528202
283.3876745717937,-74.13671153333405,3.1122326200211297,-15.533126594198352,-22.99604656692983,113.2234674758931
283.4146646821178,-74.12958408208704,3.1122016787419837,-15.523017164439986,-23.00567116574078,113.01143109116776
283.44161382586105,-74.1224499305995,3.1121704880458556,-15.512918876564445,-23.015284528416462,112.79980727519877
283.46852204648894,-74.11530909305664,3.1121390487459255,-15.502831728173614,-23.024886677654806,112.58859567207904
283.4953893875444,-74.10816158361747,3.1121073616553723,-15.492755716801026,-23.034477636123608,112.37779592590138
283.52221589264616,-74.10100741641492,3.112075427587378,-15.48269083991252,-23.044057426460206,112.16740768075856
283.5490016054891,-74.09384660555587,3.112043247355121,-15.472637094906371,-23.053626071271353,111.9574305807437
283.5757465698422,-74.08667916512123,3.1120108217717815,-15.462594479113818,-23.063183593132884,111.74786426994935
283.60245082954896,-74.07950510916582,3.111978151650539,-15.452562989799148,-23.072730014589734,111.53870839246868
283.62911442852624,-74.07232445171846,3.1119452378045724,-15.442542624160163,-23.082265358155617,111.32996259239414
283.65573741076355,-74.06513720678198,3.111912081047063,-15.432533379328422,-23.091789646312854,111.12162651381901
283.68231982032194,-74.05794338833338,3.1118786821911906,-15.422535252369753,-23.101302901512124,110.9136998008358
283.7088617013341,-74.0507430103236,3.1118450420501342,-15.412548240284307,-23.110805146172424,110.70618209753759
283.73536309800306,-74.04353608667768,3.111811161437074,-15.402572340007056,-23.120296402680797,110.49907304801702
283.7618240546016,-74.03632263129477,3.11177704116519,-15.392607548408003,-23.129776693392152,110.29237229636722
283.7882446154715,-74.02910265804825,3.1117426820476606,-15.38265386229273,-23.13924604062905,110.08607948668084
283.814624825023,-74.02187618078553,3.111708084897668,-15.372711278402377,-23.148704466681576,109.88019426305085
283.8409647277341,-74.01464321332823,3.1116732505283906,-15.362779793414145,-23.158151993807248,109.67471626956993
283.8672643681495,-74.00740376947226,3.1116381797530086,-15.35285940394175,-23.167588644230587,109.46964515033108
283.8935237908803,-74.00015786298762,3.1116028733847005,-15.342950106535469,-23.177014440143225,109.26498054942716
283.9197430406033,-73.99290550761863,3.1115673322366484,-15.33305189768259,-23.18642940370356,109.06072211095093
283.94592216206007,-73.9856467170838,3.1115315571220306,-15.323164773807733,-23.195833557036657,108.85686947899529
283.97206120005615,-73.9783815050761,3.1114955488540272,-15.313288731273238,-23.20522692223399,108.65342229765325
283.99816019946104,-73.97110988526265,3.111459308245818,-15.30342376637925,-23.214609521353438,108.45038021101728
284.02421920520675,-73.96383187128497,3.111422836110583,-15.293569875364259,-23.223981376418983,108.24774286318053
284.0502382622876,-73.95654747675889,3.111386133261502,-15.283727054405302,-23.233342509420595,108.04550989823586
284.0762174157593,-73.94925671527479,3.111349200511754,-15.27389529961836,-23.242692942314008,107.84368096027607
284.10215671073826,-73.94195960039725,3.1113120386745208,-15.264074607058568,-23.252032697020717,107.64225569339392
284.12805619240123,-73.93465614566543,3.11127464856298,-15.254264972720577,-23.26136179542763,107.44123374168235
284.15391590598455,-73.92734636459285,3.111237030990312,-15.244466392538811,-23.27068025938709,107.24061474923421
284.1797358967827,-73.92003027066764,3.1111991867696975,-15.234678862388003,-23.279988110716495,107.0403983601424
284.20551621014914,-73.91270787735232,3.111161116714315,-15.224902378083112,-23.289285371198403,106.84058421849953
284.2312568914942,-73.90537919808402,3.111122821637346,-15.215136935379999,-23.298572062580185,106.64117196839882
284.25695798628544,-73.89804424627437,3.111084302351969,-15.205382529975429,-23.307848206574008,106.44216125393298
284.28261954004626,-73.89070303530966,3.1110455596713646,-15.19563915750777,-23.317113824856534,106.24355171919466
284.3082415983557,-73.88335557855075,3.1110065944087113,-15.185906813556876,-23.32636893906892,106.04534300827699
284.3338242068479,-73.87600188933314,3.110967407377191,-15.17618549364461,-23.335613570816605,105.84753476527271
284.359367411211,-73.86864198096693,3.110927999389981,-15.16647519323511,-23.344847741669216,105.65012663427464
284.38487125718666,-73.86127586673709,3.110888371260264,-15.156775907735208,-23.354071473160275,105.45311825937564
284.41033579056955,-73.85390355990315,3.1108485238012173,-15.147087632494536,-23.363284786787244,105.25650928466871
284.4357610572069,-73.84652507369938,3.110808457826021,-15.137410362805907,-23.372487704011334,105.0602993542464
284.4611471029975,-73.83914042133487,3.110768174147857,-15.127744093905624,-23.381680246257293,104.86448811220197
284.4864939738908,-73.83174961599359,3.1107276735799023,-15.118088820973913,-23.390862434913302,104.66907520262787
284.51180171588715,-73.82435267083419,3.1106869569353384,-15.108444539134979,-23.400034291330883,104.47406026961728
284.5370703750367,-73.81694959899023,3.110646025027345,-15.09881124345744,-23.40919583682478,104.2794429572628
284.5622999974386,-73.80954041357009,3.110604878669102,-15.089188928954588,-23.418347092672718,104.08522290965743
284.58749062924034,-73.80212512765725,3.110563518673789,-15.079577590584844,-23.427488080115342,103.89139977089404
284.61264231663785,-73.79470375430988,3.110521945854585,-15.069977223251792,-23.436618820356145,103.69797318506535
284.637755105874,-73.78727630656125,3.1104801610246717,-15.060387821804653,-23.445739334561218,103.50494279626434
284.66282904323884,-73.77984279741955,3.1104381649972277,-15.050809381038457,-23.45484964385929,103.31230824858382
284.6878641750678,-73.7724032398681,3.110395958585431,-15.041241895694647,-23.46394976934134,103.12006918611658
284.7128605477424,-73.76495764686516,3.110353542602465,-15.03168536046087,-23.473039732060762,102.92822525295556
284.73781820768914,-73.75750603134404,3.110310917861508,-15.022139769971659,-23.48211955303312,102.7367760931937
284.76273720137823,-73.7500484062133,3.110268085175738,-15.0126051188087,-23.491189253235916,102.54572135092366
284.7876175753241,-73.7425847843565,3.110225045358338,-15.00308140150091,-23.500248853608667,102.35506067023837
284.8124593760842,-73.73511517863238,3.1101817992224854,-14.993568612524886,-23.5092983750527,102.16479369523059
284.8372626502585,-73.72763960187487,3.1101383475813607,-14.98406674630515,-23.518337838431066,101.9749200699933
284.86202744448855,-73.72015806689323,3.110094691248144,-14.97457579721458,-23.527367264568245,101.78543943861939
284.88675380545783,-73.71267058647182,3.1100508310360153,-14.965095759574428,-23.536386674250352,101.5963514452017
284.9114417798902,-73.70517717337033,3.1100067677581538,-14.955626627654787,-23.54539608822478,101.40765573383297
284.93609141454994,-73.6976778403237,3.1099625022277397,-14.946168395674839,-23.554395527200242,101.2193519486061
284.96070275624066,-73.6901726000424,3.1099180352579534,-14.936721057803243,-23.56338501184643,101.03143973361396
284.98527585180517,-73.68266146521205,3.1098733676619728,-14.927284608158258,-23.57236456279423,100.84391873294943
285.00981074812483,-73.67514444849375,3.1098285002529793,-14.917859040808034,-23.581334200635368,100.65678859070518
285.0343074921188,-73.667621562524,3.109783433844152,-14.908444349771052,-23.590293945922426,100.4700489509744
285.0587661307433,-73.66009281991485,3.1097381692486716,-14.899040529016336,-23.599243819168635,100.28369945784976
285.0831867109918,-73.65255823325373,3.109692707279717,-14.889647572463641,-23.608183840847907,100.09773975542393
285.1075692798937,-73.64501781510363,3.109647048750469,-14.880265473983847,-23.617114031394642,99.91216948779017
285.1319138845141,-73.63747157800302,3.1096011944741053,-14.870894227399173,-23.626034411203698,99.72698829904103
285.1562205719531,-73.62991953446611,3.1095551452638093,-14.861533826483551,-23.634945000630132,99.54219583326943
285.1804893893452,-73.62236169698255,3.109508901932757,-14.852184264962862,-23.64384581998931,99.35779173456818
285.20472038385935,-73.61479807801774,3.109462465294131,-14.842845536515066,-23.652736889556714,99.17377564703015
285.2289136026977,-73.60722869001265,3.109415836161109,-14.833517634770676,-23.66161822956787,98.9901472147484
285.25306909309484,-73.59965354538407,3.109369015346872,-14.824200553313103,-23.670489860218147,98.80690608181554
285.27718690231836,-73.59207265652448,3.1093220036646003,-14.81489428567863,-23.679351801662836,98.62405189232453
285.3012670776674,-73.58448603580206,3.109274801927473,-14.805598825356897,-23.68820407401699,98.44158429036818
285.3253096664723,-73.57689369556078,3.1092274109486695,-14.79631416579115,-23.69704669735531,98.25950292003924
285.34931471609417,-73.56929564812064,3.10917983154137,-14.787040300378575,-23.70587969171204,98.07780742543073
285.3732822739243,-73.5616919057773,3.109132064518755,-14.77777722247044,-23.71470307708092,97.89649745063558
285.39721238738366,-73.55408248080232,3.1090841106940026,-14.768524925372406,-23.723516873415132,97.71557263974648
285.4211051039225,-73.54646738544321,3.1090359708802953,-14.759283402344787,-23.732321100627196,97.53503263685627
285.44496047101944,-73.53884663192355,3.10898764589081,-14.750052646603006,-23.74111577858879,97.3548770860578
285.46877853618133,-73.53122023244276,3.1089391365387278,-14.7408326513176,-23.7499009271308,97.175105631444
285.4925593469426,-73.52358819917634,3.1088904436372307,-14.7316234096146,-23.75867656604316,96.99571791710775
285.5163029508647,-73.51595054427578,3.108841567999494,-14.7224249145758,-23.767442715074882,96.81671358714178
285.54000939553555,-73.50830727986882,3.1087925104387,-14.713237159239167,-23.776199393933773,96.63809228563908
285.5636787285693,-73.50065841805915,3.1087432717680294,-14.704060136598786,-23.78494662228657,96.45985365669246
285.5873109976055,-73.49300397092661,3.1086938528006596,-14.694893839605346,-23.79368441975878,96.28199734439457
285.6109062503086,-73.4853439505274,3.1086442543497737,-14.685738261166527,-23.80241280593448,96.10452299283864
285.63446453436774,-73.47767836889375,3.108594477228548,-14.67659339414691,-23.811131800356534,95.92743024611731
285.65798589749596,-73.47000723803421,3.1085445222501646,-14.667459231368522,-23.81984142252625,95.75071874832331
285.68147038743,-73.46233056993358,3.108494390227803,-14.658335765610998,-23.828541691903474,95.57438814354985
285.7049180519293,-73.45464837655308,3.1084440819746417,-14.649222989611904,-23.837232627906367,95.39843807588939
285.7283289387761,-73.44696066983016,3.108393598303862,-14.640120896066925,-23.845914249911516,95.22286818943506
285.7517030957744,-73.43926746167868,3.1083429400286433,-14.63102947763012,-23.85458657725374,95.0476781282795
285.7750405707501,-73.43156876398892,3.108292107962165,-14.621948726914226,-23.863249629226083,94.8728675365159
285.7983414115497,-73.42386458862767,3.108241102917607,-14.612878636491015,-23.871903425079687,94.69843605823671
