galstreams/tracks/track.st.Gaia-7.ibata2021.ecsv
# %ECSV 1.0
# ---
# datatype:
# - {name: ra, unit: deg, datatype: float64}
# - {name: dec, unit: deg, datatype: float64}
# - {name: distance, unit: kpc, datatype: float64}
# - {name: pm_ra_cosdec, unit: mas / yr, datatype: float64}
# - {name: pm_dec, unit: mas / yr, datatype: float64}
# - {name: radial_velocity, unit: km / s, datatype: float64}
# delimiter: ','
# meta: !!omap
# - __serialized_columns__:
#     dec:
#       __class__: astropy.coordinates.angles.Latitude
#       unit: &id001 !astropy.units.Unit {unit: deg}
#       value: !astropy.table.SerializedColumn {name: dec}
#     distance:
#       __class__: astropy.coordinates.distances.Distance
#       unit: !astropy.units.Unit {unit: kpc}
#       value: !astropy.table.SerializedColumn {name: distance}
#     pm_dec:
#       __class__: astropy.units.quantity.Quantity
#       unit: !astropy.units.Unit {unit: mas / yr}
#       value: !astropy.table.SerializedColumn {name: pm_dec}
#     pm_ra_cosdec:
#       __class__: astropy.units.quantity.Quantity
#       unit: !astropy.units.Unit {unit: mas / yr}
#       value: !astropy.table.SerializedColumn {name: pm_ra_cosdec}
#     ra:
#       __class__: astropy.coordinates.angles.Longitude
#       unit: *id001
#       value: !astropy.table.SerializedColumn {name: ra}
#       wrap_angle: !astropy.coordinates.Angle
#         unit: *id001
#         value: 360.0
#     radial_velocity:
#       __class__: astropy.units.quantity.Quantity
#       unit: !astropy.units.Unit {unit: km / s}
#       value: !astropy.table.SerializedColumn {name: radial_velocity}
# schema: astropy-2.0
ra,dec,distance,pm_ra_cosdec,pm_dec,radial_velocity
[from data line 946]
180.865893753346,-15.926615534346174,4.896402954858056,-10.144094576210298,-0.16220319762570548,-4.73668151055319e-15
180.87231060271128,-15.93449542970943,4.896943038909948,-10.144795326049275,-0.16144393752068656,4.3288006026999986e-14
180.87872837766605,-15.942374822828693,4.897482930843533,-10.14549607187871,-0.16068792258913225,2.4867577930404248e-14
180.8851470797017,-15.950253712676759,4.898022628831497,-10.146196809074915,-0.15993516134785252,-1.4473193504468082e-15
180.89156671030992,-15.958132098226233,4.898562131046536,-10.14689753301282,-0.1591856623132598,7.61816276280638e-14
180.8979872709825,-15.966009978449476,4.899101435661344,-10.147598239065987,-0.1584394340013733,8.420767129872338e-15
180.90440876321128,-15.973887352318664,4.899640540848607,-10.14829892260663,-0.15769648492780136,-6.184000860999998e-15
180.91083118848834,-15.981764218805752,4.900179444781019,-10.148999579005558,-0.15695682360775967,7.447115930480849e-14
180.9172545483059,-15.989640576882472,4.90071814563127,-10.149700203632241,-0.15622045855606306,2.4078131011978716e-14
180.92367884415623,-15.997516425520352,4.901256641572053,-10.150400791854748,-0.15548739828711103,7.197124406312764e-14
180.93010407753178,-16.0053917636907,4.90179493077606,-10.151101339039775,-0.15475765131491154,8.078673465221275e-14
180.93653024992523,-16.013266590364623,4.90233301141598,-10.151801840552654,-0.15403122615306425,7.539218070963827e-14
180.94295736282925,-16.02114090451298,4.902870881664507,-10.152502291757317,-0.15330813131476212,1.5788938368510633e-15
180.94938541773672,-16.02901470510646,4.9034085396943325,-10.153202688016318,-0.15258837531278474,5.157719867046807e-14
180.95581441614067,-16.036887991115506,4.903945983678146,-10.15390302469083,-0.15187196665951633,8.894435280927657e-14
180.96224435953425,-16.044760761510346,4.90448321178864,-10.154603297140639,-0.15115891386691999,6.552409422931913e-14
180.96867524941078,-16.05263301526101,4.905020222198506,-10.155303500724132,-0.1504492254465565,4.5261623323063815e-14
180.9751070872636,-16.0605047513373,4.9055570130804345,-10.15600363079832,-0.14974290990957073,7.933941530176593e-14
180.9815398745864,-16.0683759687088,4.906093582607122,-10.1567036827188,-0.14903997576670158,-1.7104683232553186e-15
180.98797361287276,-16.076246666344886,4.906629928951251,-10.1574036518398,-0.1483404315282666,5.2629794561702114e-14
180.99440830361664,-16.084116843214705,4.907166050285521,-10.15810353351413,-0.14764428570418026,4.591949575508509e-14
181.00084394831194,-16.09198649828721,4.90770194478262,-10.158803323093208,-0.1469515468039291,2.342025857995744e-14
181.0072805484528,-16.099855630531106,4.908237610615237,-10.159503015927058,-0.14626222333659594,-1.4999491450085103e-14
181.01371810553348,-16.10772423891491,4.908773045956071,-10.16020260736428,-0.14557632381083754,6.828715844380849e-14
181.02015662104841,-16.115592322406894,4.909308248977806,-10.1609020927521,-0.1448938567348979,4.434060191823403e-14
181.02659609649209,-16.123459879975133,4.909843217853137,-10.161601467436315,-0.1442148306166024,3.013055738657446e-14
181.0330365333592,-16.13132691058748,4.910377950754756,-10.162300726761313,-0.14353925396335385,1.7894130150978717e-14
181.03947793314458,-16.13919341321155,4.910912445855353,-10.162999866070082,-0.14286713528213563,-1.3815321072446805e-14
181.04592029734312,-16.147059386814778,4.911446701327619,-10.163698880704198,-0.1421984830795068,2.039404539265957e-14
181.05236362744998,-16.154924830364347,4.911980715344247,-10.164397766003809,-0.1415333058616121,6.97344777942553e-15
181.05880792496032,-16.16278974282723,4.912514486077927,-10.165096517307656,-0.1408716121341575,7.881311735614892e-14
181.06525319136958,-16.17065412317018,4.913048011701353,-10.165795129953063,-0.14021341040243862,4.8550985483170197e-14
181.0716994281732,-16.17851797035974,4.913581290387214,-10.166493599275924,-0.13955870917131555,2.394655652557446e-14
181.07814663686688,-16.186381283362223,4.914114320308201,-10.167191920610719,-0.13890751694522988,-9.21021404829787e-16
181.08459481894633,-16.194244061143717,4.9146470996370075,-10.167890089290502,-0.1382598422281851,8.065516016580848e-14
181.09104397590755,-16.20210630267011,4.915179626546324,-10.168588100646895,-0.13761569352376213,3.131472776421276e-14
181.09749410924653,-16.209968006907037,4.915711899208843,-10.169285950010096,-0.13697507933511516,7.605005314165955e-14
181.1039452204595,-16.217829172819947,4.916243915797257,-10.169983632708874,-0.13633800816496183,6.71029880661702e-14
181.11039731104282,-16.225689799374052,4.916775674484254,-10.170681144070565,-0.13570448851558825,8.433924578512764e-14
181.11685038249294,-16.233549885534345,4.917307173442527,-10.171378479421058,-0.13507452888884683,7.276069098155317e-14
181.12330443630648,-16.24140943026558,4.917838410844769,-10.172075634084823,-0.1344481377861656,3.328834506027659e-14
181.12975947398016,-16.249268432532315,4.918369384863669,-10.172772603384887,-0.13382532370851716,7.486588276402125e-14
181.1362154970109,-16.257126891298878,4.918900093671921,-10.17346938264283,-0.1332060951564651,-5.789277401787233e-15
181.14267250689574,-16.264984805529366,4.919430535442213,-10.174165967178793,-0.13259046063011395,-4.473532537744679e-15
181.14913050513178,-16.272842174187666,4.91996070834724,-10.174862352311473,-0.13197842862913675,3.644613273397871e-14
181.15558949321638,-16.280698996237422,4.9204906105596935,-10.175558533358116,-0.13137000765277407,4.9472006887999985e-14
181.162049472647,-16.28855527064208,4.921020240252262,-10.176254505634525,-0.130765206199817,5.131404969765956e-14
181.1685104449212,-16.296410996364845,4.921549595597639,-10.176950264455046,-0.13016403276862104,7.065549919908509e-14
181.1749724115367,-16.304266172368706,4.922078674768515,-10.177645805132588,-0.12956649585709973,2.934111046814893e-14
181.18143537399135,-16.312120797616426,4.922607475937583,-10.178341122978585,-0.12897260396272078,1.144698031717021e-14
181.18789933378315,-16.319974871070542,4.923135997277534,-10.179036213303018,-0.1283823655825054,4.315643154059573e-14
181.19436429241026,-16.327828391693373,4.923664236961058,-10.179731071414425,-0.12779578921303775,1.3289023126829784e-14
181.20083025137092,-16.335681358447008,4.924192193160847,-10.180425692619867,-0.12721288335044834,2.9735833927361694e-14
181.20729721216355,-16.343533770293305,4.924719864049594,-10.181120072224944,-0.1266336564904235,4.631421921429786e-14
181.21376517628673,-16.35138562619391,4.925247247799991,-10.181814205533797,-0.12605811712820225,8.7102309999617e-14
181.22023414523912,-16.359236925110242,4.9257743425847265,-10.182508087849099,-0.12548627375856647,8.59181396219787e-14
181.22670412051957,-16.367087666003478,4.926301146576494,-10.18320171447205,-0.12491813487586204,3.763030311161701e-14
181.23317510362705,-16.374937847834584,4.9268276579479835,-10.183895080702381,-0.12435370897396786,8.933907626848934e-14
181.23964709606065,-16.3827874695643,4.92735387487189,-10.184588181838349,-0.12379300454632262,1.473634247727659e-14
181.2461200993196,-16.390636530153138,4.927879795520899,-10.185281013176743,-0.12323603008590168,4.6445793700702115e-14
181.25259411490327,-16.39848502856138,4.928405418067707,-10.185973570012859,-0.12268279408523261,5.105090072485105e-14
181.25906914431127,-16.406332963749072,4.928930740685006,-10.18666584764053,-0.12213330503638521,6.157685963719147e-14
181.26554518904317,-16.41418033467606,4.929455761545484,-10.1873578413521,-0.12158757143097182,8.815490589085104e-15
181.2720222505988,-16.42202714030194,4.929980478821833,-10.188049546438432,-0.12104560176014798,1.0262809939531913e-14
181.2785003304781,-16.429873379586073,4.930504890686747,-10.188740958188903,-0.12050740451461026,1.7894130150978717e-14
181.28497943018112,-16.437719051487626,4.931028995312915,-10.18943207189139,-0.11997298818459327,1.5920512854914888e-14
181.2914595512081,-16.4455641549655,4.93155279087303,-10.190122882832307,-0.11944236125987112,3.315677057387233e-14
181.29794069505937,-16.453408688978396,4.9320762755397825,-10.190813386296558,-0.1189155322297594,6.49977962837021e-14
181.30442286323546,-16.461252652484763,4.932599447485864,-10.19150357756755,-0.1183925095831095,1.3815321072446805e-14
181.31090605723693,-16.46909604444285,4.933122304883967,-10.192193451927208,-0.11787330180830555,7.986571324738296e-14
181.31739027856463,-16.47693886381064,4.933644845906783,-10.192883004655943,-0.1173579173932695,3.3025196087468076e-14
181.3238755287194,-16.48478110954592,4.934167068727001,-10.193572231032691,-0.11684636482545481,6.105056169157445e-14
181.33036180920232,-16.492622780606226,4.934688971517316,-10.194261126334853,-0.11633865259184828,3.7761877598021263e-14
181.33684912151455,-16.500463875948874,4.9352105524504175,-10.194949685838349,-0.11583478917897155,2.342025857995744e-14
181.3433374671574,-16.508304394530946,4.935731809698998,-10.195637904817591,-0.11533478307287148,-1.0525958912340423e-14
181.34982684763233,-16.516144335309296,4.936252741435748,-10.196325778545472,-0.11483864275912459,6.789243498459573e-14
181.356317264441,-16.523983697240542,4.936773345833358,-10.197013302293387,-0.1143463767228425,4.157753770374467e-14
181.36280871908508,-16.53182247928108,4.937293621064521,-10.197700471331203,-0.11385799344865918,1.763098117817021e-14
181.36930121306642,-16.539660680387065,4.937813565301931,-10.198387280927287,-0.11337350142073171,7.210281854953189e-14
181.3757947478871,-16.54749829951442,4.938333176718274,-10.199073726348486,-0.11289290912274813,7.486588276402125e-14
181.38228932504927,-16.555335335618853,4.938852453486244,-10.199759802860124,-0.11241622503791908,-5.657702915382977e-15
181.38878494605515,-16.563171787655822,4.939371393778535,-10.200445505726004,-0.11194345764897345,1.6315236314127656e-14
181.3952816124072,-16.57100765458055,4.939889995767835,-10.201130830208406,-0.11147461543816956,8.183933054344678e-14
181.40177932560798,-16.578842935348057,4.940408257626835,-10.201815771568098,-0.11100970688728232,6.552409422931913e-14
181.40827808716023,-16.586677628913083,4.940926177528232,-10.202500325064294,-0.11054874047760309,6.97344777942553e-14
181.41477789856674,-16.59451173423018,4.941443753644711,-10.203184485954708,-0.1100917246899503,6.32873279604468e-14
181.4212787613305,-16.602345250253638,4.941960984148967,-10.203868249495498,-0.1096386680046527,7.197124406312764e-14
181.42778067695468,-16.610178175937534,4.942477867213691,-10.204551610941303,-0.1091895789015566,1.3025874154021273e-14
181.43428364694248,-16.61801051023569,4.942994401011573,-10.205234565545226,-0.1087444658600267,-5.920851888191488e-15
181.44078767279728,-16.625842252101705,4.943510583715305,-10.205917108558822,-0.10830333735893902,5.249822007529786e-14
181.44729275602265,-16.633673400488938,4.944026413497584,-10.206599235232114,-0.10786620187668369,4.986673034721275e-14
181.45379889812224,-16.641503954350537,4.94454188853109,-10.207280940813588,-0.10743306789116329,2.8683238036127654e-14
181.46030610059987,-16.64933391263937,4.9450570069885265,-10.207962220550161,-0.10700394387978991,1.5525789395702124e-14
181.46681436495948,-16.657163274308118,4.945571767042576,-10.208643069687236,-0.10657883831948767,5.012987932002126e-14
181.47332369270512,-16.664992038309194,4.9460861668659355,-10.20932348346865,-0.10615775968668491,4.920885791519147e-14
181.47983408534108,-16.67282020359478,4.946600204631294,-10.210003457136692,-0.10574071645732543,3.210417468263829e-14
181.4863455443717,-16.680647769116845,4.9471138785113435,-10.210682985932095,-0.10532771710685229,-1.7104683232553186e-15
181.4928580713014,-16.68847473382709,4.947627186678777,-10.211362065094038,-0.10491877011021446,3.710400516599999e-14
181.4993716676349,-16.696301096677,4.948140127306282,-10.212040689860155,-0.10451388394187128,6.894503087582976e-14
181.50588633487698,-16.704126856617812,4.948652698566555,-10.212718855466498,-0.10411306707577632,3.157787673702127e-14
181.51240207453247,-16.711952012600545,4.949164898632282,-10.213396557147583,-0.10371632798539399,4.091966527172339e-14
181.5189188881065,-16.71977656357594,4.949676725676161,-10.21407379013633,-0.10332367514368292,2.2630811661531907e-14
181.52543677710418,-16.727600508494557,4.950188177870878,-10.214750549664132,-0.1029351170231029,7.526060622323402e-14
181.53195574303092,-16.735423846306666,4.950699253389128,-10.215426830960782,-0.1025506620956167,9.47336302110638e-15
181.53847578739214,-16.743246575962345,4.951209950403599,-10.216102629254516,-0.10217031883268103,3.9472345921276583e-16
181.54499691169343,-16.751068696411384,4.951720267086986,-10.216777939772001,-0.10179409570524625,4.9603581374404244e-14
181.55151911744053,-16.758890206603382,4.952230201611979,-10.217452757738325,-0.1014220011837637,-2.368340755276595e-15
181.55804240613932,-16.766711105487666,4.952739752151269,-10.218127078376998,-0.10105404373817395,4.460375089104254e-14
181.56456677929583,-16.774531392013344,4.9532489168775475,-10.218800896909952,-0.10069023183791377,4.605107024148935e-15
181.57109223841618,-16.78235106512927,4.953757693963506,-10.21947420855754,-0.10033057395191122,6.61819666613404e-14
181.5776187850067,-16.790170123784073,4.954266081581837,-10.220147008538527,-0.09997507854858498,4.0393367326106375e-14
181.58414642057377,-16.797988566926115,4.954774077905232,-10.2208192920701,-0.09962375409584476,7.012920125346806e-14
181.59067514662397,-16.805806393503552,4.955281681106382,-10.221491054367851,-0.09927660906108295,4.9472006887999985e-14
181.59720496466403,-16.81362360246429,4.955788889357976,-10.222162290645787,-0.09893365191118488,1.3683746586042549e-14
181.60373587620074,-16.821440192755972,4.956295700832712,-10.222832996116319,-0.09859489111251946,3.552511132914893e-14
181.6102678827411,-16.829256163326033,4.956802113703273,-10.223503165990271,-0.09826033513094502,3.039370635938297e-14
181.61680098579222,-16.837071513121636,4.957308126142357,-10.224172795476859,-0.09792999243179666,5.039302829282977e-14
181.6233351868614,-16.844886241089732,4.957813736322652,-10.224841879783716,-0.09760387147989799,-8.289192643468082e-15
181.62987048745592,-16.852700346177002,4.958318942416854,-10.225510414116854,-0.09728198073955188,-3.289362160106382e-15
181.6364068890834,-16.8605138273299,4.95882374259765,-10.226178393680698,-0.09696432867453836,1.815727912378723e-14
181.64294439325144,-16.868326683494647,4.959328135037731,-10.226845813678066,-0.0966509237481258,-1.2104852749191486e-14
181.64948300146787,-16.8761389136172,4.959832117909793,-10.22751266931016,-0.09634177442305003,5.762962504506381e-14
181.65602271524065,-16.883950516643285,4.960335689386522,-10.228178955776581,-0.09603688916153075,8.947065075489359e-15
181.6625635360778,-16.891761491518384,4.9608388476406144,-10.228844668275316,-0.09573627642526242,7.552375519604253e-14
181.6691054654876,-16.899571837187743,4.961341590844756,-10.229509802002736,-0.09543994467541228,4.631421921429786e-14
181.67564850497837,-16.907381552596345,4.961843917171645,-10.230174352153593,-0.09514790237262213,6.578724320212764e-15
181.68219265605856,-16.915190636688948,4.962345824793971,-10.23083831392102,-0.09486015797700434,2.065719436546808e-14
181.6887379202368,-16.922999088410055,4.962847311884421,-10.231501682496543,-0.09457671994814659,6.776086049819148e-14
181.6952842990219,-16.93080690670393,4.963348376615691,-10.232164453070046,-0.09429759674510325,8.21024795162553e-14
181.7018317939227,-16.93861409051459,4.963849017160473,-10.2328266208298,-0.09402279682639728,1.2762725181212762e-14
181.70838040644827,-16.94642063878581,4.964349231691455,-10.233488180962446,-0.09375232865001867,7.052392471268083e-14
181.7149301381078,-16.954226550461115,4.96484901838133,-10.234149128652993,-0.0934862006734278,2.6314897280851057e-16
181.72148099041053,-16.962031824483788,4.96534837540279,-10.234809459084811,-0.09322442135354396,8.749703345882977e-14
