galstreams/tracks/track.po.PS1-E.bernard2016.ecsv
# %ECSV 1.0
# ---
# datatype:
# - {name: ra, unit: deg, datatype: float64}
# - {name: dec, unit: deg, datatype: float64}
# - {name: distance, unit: kpc, datatype: float64}
# - {name: pm_ra_cosdec, unit: mas / yr, datatype: float64}
# - {name: pm_dec, unit: mas / yr, datatype: float64}
# - {name: radial_velocity, unit: km / s, datatype: float64}
# delimiter: ','
# meta: !!omap
# - __serialized_columns__:
#     dec:
#       __class__: astropy.coordinates.angles.Latitude
#       unit: &id001 !astropy.units.Unit {unit: deg}
#       value: !astropy.table.SerializedColumn {name: dec}
#     distance:
#       __class__: astropy.coordinates.distances.Distance
#       unit: !astropy.units.Unit {unit: kpc}
#       value: !astropy.table.SerializedColumn {name: distance}
#     pm_dec:
#       __class__: astropy.units.quantity.Quantity
#       unit: !astropy.units.Unit {unit: mas / yr}
#       value: !astropy.table.SerializedColumn {name: pm_dec}
#     pm_ra_cosdec:
#       __class__: astropy.units.quantity.Quantity
#       unit: !astropy.units.Unit {unit: mas / yr}
#       value: !astropy.table.SerializedColumn {name: pm_ra_cosdec}
#     ra:
#       __class__: astropy.coordinates.angles.Longitude
#       unit: *id001
#       value: !astropy.table.SerializedColumn {name: ra}
#       wrap_angle: !astropy.coordinates.Angle
#         unit: *id001
#         value: 360.0
#     radial_velocity:
#       __class__: astropy.units.quantity.Quantity
#       unit: !astropy.units.Unit {unit: km / s}
#       value: !astropy.table.SerializedColumn {name: radial_velocity}
# schema: astropy-2.0
ra,dec,distance,pm_ra_cosdec,pm_dec,radial_velocity
[from data line 480]
164.50201070728917,49.96194168466144,12.599999999999993,0.0,0.0,0.0
164.5118398172586,49.96969449694376,12.599999999999993,0.0,0.0,0.0
164.521672094224,49.977446478519006,12.599999999999993,0.0,0.0,0.0
164.53150753973674,49.98519762889119,12.599999999999993,0.0,0.0,0.0
164.54134615534878,49.99294794756402,12.599999999999993,0.0,0.0,0.0
164.55118794261267,50.00069743404084,12.599999999999993,0.0,0.0,0.0
164.56103290308167,50.00844608782462,12.59999999999999,0.0,0.0,0.0
164.57088103830964,50.016193908418145,12.599999999999993,0.0,0.0,0.0
164.58073234985102,50.023940895323655,12.599999999999993,0.0,0.0,0.0
164.59058683926096,50.03168704804324,12.599999999999993,0.0,0.0,0.0
164.60044450809528,50.03943236607857,12.599999999999993,0.0,0.0,0.0
164.61030535791033,50.04717684893106,12.599999999999993,0.0,0.0,0.0
164.62016939026321,50.05492049610173,12.599999999999993,0.0,0.0,0.0
164.63003660671166,50.06266330709135,12.599999999999993,0.0,0.0,0.0
164.63990700881388,50.0704052814002,12.59999999999999,0.0,0.0,0.0
164.6497805981289,50.0781464185284,12.599999999999993,0.0,0.0,0.0
164.65965737621636,50.08588671797566,12.59999999999999,0.0,0.0,0.0
164.6695373446365,50.093626179241376,12.599999999999993,0.0,0.0,0.0
164.67942050495017,50.10136480182462,12.599999999999993,0.0,0.0,0.0
164.68930685871894,50.109102585224164,12.599999999999993,0.0,0.0,0.0
164.69919640750493,50.11683952893833,12.599999999999993,0.0,0.0,0.0
164.70908915287092,50.12457563246523,12.599999999999993,0.0,0.0,0.0
164.71898509638035,50.132310895302595,12.599999999999993,0.0,0.0,0.0
164.7288842395974,50.14004531694787,12.599999999999993,0.0,0.0,0.0
164.73878658408668,50.14777889689813,12.599999999999993,0.0,0.0,0.0
164.74869213141358,50.15551163465005,12.599999999999993,0.0,0.0,0.0
164.75860088314406,50.1632435297001,12.599999999999993,0.0,0.0,0.0
164.76851284084472,50.17097458154434,12.599999999999993,0.0,0.0,0.0
164.7784280060829,50.17870478967854,12.599999999999993,0.0,0.0,0.0
164.78834638042645,50.18643415359811,12.599999999999993,0.0,0.0,0.0
164.79826796544398,50.194162672798164,12.599999999999993,0.0,0.0,0.0
164.80819276270458,50.20189034677337,12.599999999999993,0.0,0.0,0.0
164.81812077377805,50.209617175018195,12.599999999999993,0.0,0.0,0.0
164.8280520002349,50.21734315702672,12.599999999999993,0.0,0.0,0.0
164.83798644364617,50.2250682922927,12.599999999999993,0.0,0.0,0.0
164.84792410558364,50.23279258030953,12.599999999999993,0.0,0.0,0.0
164.85786498761965,50.24051602057034,12.599999999999994,0.0,0.0,0.0
164.86780909132716,50.24823861256779,12.599999999999993,0.0,0.0,0.0
164.8777564182798,50.25596035579434,12.599999999999993,0.0,0.0,0.0
164.88770697005188,50.26368124974207,12.599999999999994,0.0,0.0,0.0
164.8976607482183,50.2714012939027,12.599999999999993,0.0,0.0,0.0
164.90761775435456,50.27912048776766,12.599999999999993,0.0,0.0,0.0
164.9175779900369,50.28683883082804,12.59999999999999,0.0,0.0,0.0
164.92754145684208,50.29455632257451,12.599999999999993,0.0,0.0,0.0
164.93750815634752,50.3022729624975,12.599999999999994,0.0,0.0,0.0
164.94747809013134,50.30998875008706,12.599999999999993,0.0,0.0,0.0
164.95745125977228,50.31770368483293,12.599999999999993,0.0,0.0,0.0
164.9674276668497,50.3254177662245,12.599999999999994,0.0,0.0,0.0
164.9774073129436,50.333130993750856,12.599999999999993,0.0,0.0,0.0
164.98739019963452,50.34084336690062,12.59999999999999,0.0,0.0,0.0
164.99737632850375,50.34855488516223,12.599999999999993,0.0,0.0,0.0
165.0073657011332,50.35626554802371,12.599999999999993,0.0,0.0,0.0
165.01735831910543,50.36397535497276,12.599999999999993,0.0,0.0,0.0
165.02735418400363,50.37168430549681,12.599999999999993,0.0,0.0,0.0
165.03735329741147,50.379392399082775,12.599999999999993,0.0,0.0,0.0
165.04735566091344,50.38709963521738,12.599999999999994,0.0,0.0,0.0
165.05736127609467,50.394806013387,12.599999999999993,0.0,0.0,0.0
165.06737014454077,50.40251153307761,12.599999999999993,0.0,0.0,0.0
165.07738226783817,50.41021619377492,12.599999999999993,0.0,0.0,0.0
165.0873976475738,50.417919994964265,12.599999999999994,0.0,0.0,0.0
165.0974162853352,50.425622936130566,12.599999999999993,0.0,0.0,0.0
165.10743818271067,50.43332501675853,12.599999999999993,0.0,0.0,0.0
165.11746334128904,50.44102623633245,12.599999999999993,0.0,0.0,0.0
165.12749176265984,50.44872659433629,12.599999999999993,0.0,0.0,0.0
165.13752344841325,50.45642609025371,12.599999999999993,0.0,0.0,0.0
165.14755840013999,50.46412472356802,12.599999999999993,0.0,0.0,0.0
165.15759661943142,50.47182249376209,12.599999999999993,0.0,0.0,0.0
165.16763810787964,50.479519400318566,12.599999999999993,0.0,0.0,0.0
165.17768286707727,50.487215442719716,12.599999999999993,0.0,0.0,0.0
165.18773089861764,50.49491062044746,12.599999999999993,0.0,0.0,0.0
165.1977822040947,50.50260493298341,12.599999999999993,0.0,0.0,0.0
165.207836785103,50.51029837980881,12.59999999999999,0.0,0.0,0.0
165.21789464323768,50.51799096040449,12.599999999999993,0.0,0.0,0.0
165.22795578009462,50.52568267425105,12.599999999999993,0.0,0.0,0.0
165.2380201972703,50.533373520828704,12.599999999999993,0.0,0.0,0.0
165.24808789636174,50.54106349961733,12.599999999999993,0.0,0.0,0.0
165.25815887896673,50.548752610096436,12.599999999999993,0.0,0.0,0.0
165.26823314668366,50.556440851745265,12.599999999999993,0.0,0.0,0.0
165.2783107011114,50.56412822404258,12.599999999999993,0.0,0.0,0.0
165.2883915438496,50.57181472646689,12.599999999999993,0.0,0.0,0.0
165.29847567649853,50.579500358496375,12.599999999999993,0.0,0.0,0.0
165.3085631006591,50.58718511960884,12.599999999999993,0.0,0.0,0.0
165.31865381793278,50.594869009281744,12.599999999999993,0.0,0.0,0.0
165.32874782992175,50.60255202699226,12.599999999999994,0.0,0.0,0.0
165.3388451382287,50.610234172217055,12.599999999999993,0.0,0.0,0.0
165.34894574445707,50.617915444432626,12.599999999999993,0.0,0.0,0.0
165.3590496502109,50.62559584311504,12.599999999999993,0.0,0.0,0.0
165.36915685709482,50.63327536774005,12.59999999999999,0.0,0.0,0.0
165.3792673667142,50.64095401778308,12.599999999999993,0.0,0.0,0.0
165.38938118067486,50.6486317927191,12.599999999999993,0.0,0.0,0.0
165.39949830058336,50.65630869202286,12.599999999999994,0.0,0.0,0.0
165.40961872804692,50.663984715168695,12.599999999999993,0.0,0.0,0.0
165.4197424646733,50.67165986163062,12.599999999999993,0.0,0.0,0.0
165.42986951207095,50.679334130882296,12.59999999999999,0.0,0.0,0.0
165.43999987184904,50.68700752239709,12.59999999999999,0.0,0.0,0.0
165.4501335456171,50.694680035647885,12.59999999999999,0.0,0.0,0.0
165.46027053498545,50.702351670107326,12.599999999999993,0.0,0.0,0.0
165.47041084156515,50.7100224252477,12.59999999999999,0.0,0.0,0.0
165.48055446696773,50.71769230054092,12.59999999999999,0.0,0.0,0.0
165.49070141280538,50.72536129545857,12.599999999999993,0.0,0.0,0.0
165.50085168069097,50.73302940947191,12.599999999999993,0.0,0.0,0.0
165.5110052722379,50.74069664205174,12.59999999999999,0.0,0.0,0.0
165.52116218906025,50.748362992668625,12.599999999999993,0.0,0.0,0.0
165.53132243277275,50.75602846079276,12.59999999999999,0.0,0.0,0.0
165.5414860049908,50.76369304589395,12.59999999999999,0.0,0.0,0.0
165.55165290733026,50.77135674744171,12.59999999999999,0.0,0.0,0.0
165.56182314140787,50.77901956490518,12.599999999999989,0.0,0.0,0.0
165.5719967088407,50.78668149775307,12.59999999999999,0.0,0.0,0.0
165.58217361124662,50.79434254545389,12.599999999999989,0.0,0.0,0.0
165.59235385024417,50.80200270747565,12.59999999999999,0.0,0.0,0.0
165.60253742745238,50.809661983286134,12.59999999999999,0.0,0.0,0.0
165.61272434449103,50.81732037235271,12.59999999999999,0.0,0.0,0.0
165.62291460298047,50.824977874142434,12.599999999999993,0.0,0.0,0.0
165.63310820454157,50.832634488121926,12.599999999999993,0.0,0.0,0.0
165.64330515079604,50.84029021375751,12.59999999999999,0.0,0.0,0.0
165.65350544336604,50.8479450505152,12.599999999999993,0.0,0.0,0.0
165.6637090838744,50.855598997860604,12.59999999999999,0.0,0.0,0.0
165.67391607394467,50.86325205525899,12.59999999999999,0.0,0.0,0.0
165.68412641520095,50.87090422217531,12.599999999999993,0.0,0.0,0.0
165.69434010926787,50.87855549807407,12.59999999999999,0.0,0.0,0.0
165.7045571577708,50.886205882419496,12.599999999999993,0.0,0.0,0.0
165.71477756233574,50.89385537467544,12.599999999999993,0.0,0.0,0.0
165.72500132458927,50.90150397430544,12.599999999999989,0.0,0.0,0.0
165.73522844615863,50.909151680772666,12.59999999999999,0.0,0.0,0.0
165.74545892867158,50.916798493539844,12.599999999999993,0.0,0.0,0.0
165.75569277375664,50.92444441206945,12.599999999999993,0.0,0.0,0.0
165.76592998304284,50.93208943582357,12.59999999999999,0.0,0.0,0.0
165.77617055815995,50.93973356426395,12.59999999999999,0.0,0.0,0.0
165.78641450073826,50.947376796851955,12.599999999999989,0.0,0.0,0.0
165.79666181240881,50.95501913304868,12.59999999999999,0.0,0.0,0.0
165.80691249480302,50.96266057231469,12.599999999999993,0.0,0.0,0.0
165.81716654955315,50.97030111411034,12.599999999999993,0.0,0.0,0.0
165.82742397829202,50.977940757895595,12.59999999999999,0.0,0.0,0.0
165.83768478265304,50.985579503130054,12.599999999999993,0.0,0.0,0.0
165.8479489642703,50.993217349272975,12.599999999999993,0.0,0.0,0.0
165.85821652477853,51.00085429578328,12.59999999999999,0.0,0.0,0.0
165.8684874658129,51.00849034211942,12.59999999999999,0.0,0.0,0.0
165.8787617890094,51.01612548773962,12.59999999999999,0.0,0.0,0.0
165.88903949600453,51.0237597321017,12.599999999999993,0.0,0.0,0.0
165.89932058843547,51.03139307466313,12.59999999999999,0.0,0.0,0.0
165.90960506794005,51.03902551488099,12.599999999999993,0.0,0.0,0.0
165.91989293615666,51.0466570522121,12.599999999999994,0.0,0.0,0.0
165.9301841947242,51.05428768611276,12.599999999999993,0.0,0.0,0.0
165.94047884528237,51.06191741603902,12.599999999999994,0.0,0.0,0.0
165.95077688947146,51.069546241446595,12.599999999999993,0.0,0.0,0.0
165.96107832893227,51.07717416179077,12.599999999999993,0.0,0.0,0.0
165.97138316530638,51.08480117652651,12.599999999999993,0.0,0.0,0.0
165.9816914002359,51.09242728510848,12.599999999999994,0.0,0.0,0.0
165.99200303536347,51.10005248699079,12.599999999999994,0.0,0.0,0.0
166.00231807233243,51.1076767816274,12.599999999999994,0.0,0.0,0.0
166.0126365127868,51.1153001684718,12.599999999999993,0.0,0.0,0.0
166.02295835837117,51.12292264697717,12.599999999999994,0.0,0.0,0.0
166.03328361073073,51.13054421659635,12.599999999999994,0.0,0.0,0.0
166.04361227151125,51.13816487678168,12.599999999999994,0.0,0.0,0.0
166.05394434235916,51.14578462698529,12.599999999999993,0.0,0.0,0.0
166.0642798249215,51.153403466658915,12.599999999999994,0.0,0.0,0.0
166.074618720846,51.16102139525389,12.599999999999993,0.0,0.0,0.0
166.08496103178086,51.16863841222121,12.599999999999993,0.0,0.0,0.0
166.0953067593751,51.17625451701157,12.599999999999994,0.0,0.0,0.0
166.10565590527804,51.18386970907515,12.599999999999993,0.0,0.0,0.0
166.1160084711399,51.191483987861886,12.599999999999993,0.0,0.0,0.0
166.1263644586114,51.199097352821354,12.599999999999994,0.0,0.0,0.0
166.13672386934394,51.206709803402724,12.599999999999994,0.0,0.0,0.0
166.1470867049894,51.21432133905482,12.599999999999993,0.0,0.0,0.0
166.15745296720047,51.221931959226154,12.599999999999994,0.0,0.0,0.0
166.16782265763024,51.22954166336473,12.599999999999993,0.0,0.0,0.0
166.17819577793253,51.237150450918335,12.599999999999993,0.0,0.0,0.0
166.18857232976183,51.24475832133432,12.599999999999993,0.0,0.0,0.0
166.1989523147731,51.25236527405972,12.599999999999994,0.0,0.0,0.0
166.209335734622,51.259971308541154,12.599999999999993,0.0,0.0,0.0
166.21972259096486,51.267576424224956,12.599999999999993,0.0,0.0,0.0
166.23011288545845,51.27518062055695,12.599999999999993,0.0,0.0,0.0
166.24050661976028,51.282783896982735,12.599999999999994,0.0,0.0,0.0
166.25090379552847,51.290386252947485,12.599999999999993,0.0,0.0,0.0
166.26130441442172,51.29798768789604,12.599999999999994,0.0,0.0,0.0
166.27170847809933,51.30558820127284,12.599999999999994,0.0,0.0,0.0
166.2821159882213,51.31318779252201,12.599999999999993,0.0,0.0,0.0
166.29252694644805,51.3207864610872,12.599999999999994,0.0,0.0,0.0
166.30294135444075,51.328384206411805,12.599999999999994,0.0,0.0,0.0
166.31335921386122,51.33598102793882,12.599999999999994,0.0,0.0,0.0
166.3237805263718,51.343576925110874,12.599999999999994,0.0,0.0,0.0
166.33420529363545,51.35117189737021,12.599999999999994,0.0,0.0,0.0
166.34463351731583,51.35876594415877,12.599999999999993,0.0,0.0,0.0
166.35506519907705,51.36635906491799,12.599999999999993,0.0,0.0,0.0
166.3655003405839,51.37395125908908,12.599999999999994,0.0,0.0,0.0
166.37593894350186,51.38154252611282,12.599999999999994,0.0,0.0,0.0
166.38638100949692,51.389132865429616,12.599999999999993,0.0,0.0,0.0
166.3968265402358,51.396722276479586,12.599999999999994,0.0,0.0,0.0
166.40727553738557,51.40431075870234,12.599999999999993,0.0,0.0,0.0
166.41772800261415,51.411898311537186,12.599999999999993,0.0,0.0,0.0
166.42818393759,51.419484934423124,12.599999999999993,0.0,0.0,0.0
166.43864334398222,51.42707062679871,12.599999999999993,0.0,0.0,0.0
166.44910622346038,51.43465538810216,12.599999999999994,0.0,0.0,0.0
166.45957257769487,51.44223921777134,12.599999999999993,0.0,0.0,0.0
166.47004240835645,51.44982211524365,12.599999999999994,0.0,0.0,0.0
166.48051571711662,51.45740407995623,12.599999999999993,0.0,0.0,0.0
166.4909925056475,51.464985111345804,12.59999999999999,0.0,0.0,0.0
166.50147277562178,51.47256520884874,12.599999999999994,0.0,0.0,0.0
166.51195652871277,51.48014437190102,12.599999999999993,0.0,0.0,0.0
166.52244376659436,51.48772259993832,12.599999999999994,0.0,0.0,0.0
166.53293449094102,51.49529989239578,12.599999999999993,0.0,0.0,0.0
166.5434287034279,51.502876248708326,12.599999999999994,0.0,0.0,0.0
166.5539264057307,51.51045166831047,12.599999999999994,0.0,0.0,0.0
166.5644275995257,51.51802615063634,12.599999999999993,0.0,0.0,0.0
166.57493228648985,51.525599695119695,12.599999999999994,0.0,0.0,0.0
166.5854404683008,51.533172301193964,12.599999999999993,0.0,0.0,0.0
166.59595214663642,51.54074396829209,12.599999999999994,0.0,0.0,0.0
166.60646732317556,51.54831469584674,12.59999999999999,0.0,0.0,0.0
166.61698599959757,51.5558844832902,12.599999999999993,0.0,0.0,0.0
166.62750817758237,51.56345333005436,12.599999999999993,0.0,0.0,0.0
166.63803385881045,51.57102123557075,12.599999999999993,0.0,0.0,0.0
166.64856304496303,51.578588199270555,12.599999999999993,0.0,0.0,0.0
166.6590957377217,51.58615422058447,12.599999999999993,0.0,0.0,0.0
166.6696319387689,51.59371929894294,12.599999999999994,0.0,0.0,0.0
166.68017164978752,51.601283433776004,12.599999999999994,0.0,0.0,0.0
166.6907148724611,51.60884662451329,12.599999999999993,0.0,0.0,0.0
166.70126160847374,51.61640887058411,12.599999999999994,0.0,0.0,0.0
166.71181185951025,51.62397017141739,12.599999999999993,0.0,0.0,0.0
166.72236562725587,51.63153052644157,12.599999999999993,0.0,0.0,0.0
166.73292291339652,51.63908993508486,12.599999999999993,0.0,0.0,0.0
166.74348371961875,51.64664839677504,12.599999999999994,0.0,0.0,0.0
166.7540480476097,51.6542059109395,12.599999999999993,0.0,0.0,0.0
166.76461589905716,51.66176247700531,12.599999999999993,0.0,0.0,0.0
166.77518727564924,51.66931809439904,12.599999999999994,0.0,0.0,0.0
166.785762179075,51.676872762547,12.599999999999993,0.0,0.0,0.0
166.7963406110239,51.6844264808751,12.599999999999994,0.0,0.0,0.0
166.80692257318606,51.69197924880884,12.599999999999994,0.0,0.0,0.0
166.81750806725216,51.69953106577338,12.599999999999994,0.0,0.0,0.0
166.82809709491357,51.707081931193514,12.599999999999993,0.0,0.0,0.0
166.83868965786203,51.71463184449355,12.599999999999993,0.0,0.0,0.0
166.84928575779014,51.722180805097544,12.599999999999994,0.0,0.0,0.0
166.8598853963909,51.72972881242911,12.599999999999994,0.0,0.0,0.0
166.87048857535805,51.73727586591153,12.599999999999994,0.0,0.0,0.0
166.8810952963858,51.744821964967635,12.599999999999993,0.0,0.0,0.0
166.89170556116912,51.75236710902001,12.599999999999994,0.0,0.0,0.0
