galstreams/tracks/track.st.NGC3201-Gjoll.ibata2021.ecsv
# %ECSV 0.9
# ---
# datatype:
# - {name: ra, unit: deg, datatype: float64}
# - {name: dec, unit: deg, datatype: float64}
# - {name: distance, unit: kpc, datatype: float64}
# - {name: pm_ra_cosdec, unit: mas / yr, datatype: float64}
# - {name: pm_dec, unit: mas / yr, datatype: float64}
# - {name: radial_velocity, unit: km / s, datatype: float64}
# delimiter: ','
# meta: !!omap
# - __serialized_columns__:
#     dec:
#       __class__: astropy.coordinates.angles.Latitude
#       unit: &id001 !astropy.units.Unit {unit: deg}
#       value: !astropy.table.SerializedColumn {name: dec}
#     distance:
#       __class__: astropy.coordinates.distances.Distance
#       unit: !astropy.units.Unit {unit: kpc}
#       value: !astropy.table.SerializedColumn {name: distance}
#     pm_dec:
#       __class__: astropy.units.quantity.Quantity
#       unit: !astropy.units.Unit {unit: mas / yr}
#       value: !astropy.table.SerializedColumn {name: pm_dec}
#     pm_ra_cosdec:
#       __class__: astropy.units.quantity.Quantity
#       unit: !astropy.units.Unit {unit: mas / yr}
#       value: !astropy.table.SerializedColumn {name: pm_ra_cosdec}
#     ra:
#       __class__: astropy.coordinates.angles.Longitude
#       unit: *id001
#       value: !astropy.table.SerializedColumn {name: ra}
#       wrap_angle: !astropy.coordinates.Angle
#         unit: *id001
#         value: 360.0
#     radial_velocity:
#       __class__: astropy.units.quantity.Quantity
#       unit: !astropy.units.Unit {unit: km / s}
#       value: !astropy.table.SerializedColumn {name: radial_velocity}
# schema: astropy-2.0
ra,dec,distance,pm_ra_cosdec,pm_dec,radial_velocity
[from data line 138]
65.85452829461975,1.372555403740871,3.889204646272543,18.27594721329156,-18.998016361755536,-1.7367832205361698e-13
65.86160446376901,1.3654762002601317,3.8888322171438925,18.280202801562076,-19.00283610297197,-2.1051917824680845e-13
65.86868073065608,1.358397122703095,3.888459931045964,18.284456337747322,-19.007653242754607,-1.7473091794485103e-13
65.87575709544545,1.3513181711232516,3.88808778795361,18.28870782244111,-19.012467781252056,-1.820990891834893e-13
65.88283355830161,1.3442393455741068,3.8877157878416884,18.292957256237038,-19.01727971861308,-1.294692946217872e-13
65.88991011938907,1.3371606461091572,3.887343930685052,18.297204639728555,-19.02208905498663,-1.820990891834893e-13
65.89698677887235,1.3300820727819267,3.886972216458557,18.301449973508863,-19.02689579052179,-1.4841602066399995e-13
65.9040635369159,1.3230036256459463,3.8866006451370594,18.305693258171026,-19.03169992536786,-1.4841602066399995e-13
65.91114039368425,1.3159253047547508,3.886229216695412,18.309934494307875,-19.036501459674273,-1.7367832205361698e-13
65.91821734934187,1.308847110161896,3.8858579311084704,18.31417368251207,-19.04130039359065,-2.042036028994042e-13
65.92529440405323,1.3017690419209333,3.885486788351092,18.31841082337606,-19.046096727266765,-1.768361097273191e-13
65.93237155798285,1.2946911000854382,3.885115788398129,18.322645917492135,-19.05089046085259,-1.7052053437991484e-13
65.93944881129518,1.2876132847089834,3.8847449312244393,18.326878965452362,-19.055681594498225,-1.620997672500425e-13
65.94652616415472,1.280535595845163,3.884374216804875,18.331109967848636,-19.060470128353987,-1.0420699323217018e-13
65.95360361672594,1.27345803354758,3.8840036451142947,18.335338925272637,-19.065256062570324,-1.4420563709906378e-13
65.96068116917331,1.2663805978698361,3.88363321612755,18.339565838315885,-19.070039397297872,-1.6104717135880846e-13
65.9677588216613,1.259303288865553,3.8832629298194976,18.343790707569692,-19.07482013268744,-1.7157313027114889e-13
65.9748365743544,1.252226106588362,3.8828927861649936,18.348013533625146,-19.07959826888997,-1.2841669873055315e-13
65.98191442741707,1.2451490510919092,3.8825227851388915,18.35223431707322,-19.084373806056643,-1.6946793848868082e-13
65.98899238101374,1.2380721224298334,3.8821529267160457,18.356453058504613,-19.08914674433874,-1.4210044531659572e-13
65.99607043530894,1.2309953206558066,3.8817832108713146,18.360669758509882,-19.09391708388775,-1.0315439734093615e-13
66.00314859046706,1.2239186458234885,3.8814136375795494,18.36488441767939,-19.098684824855304,-1.1262776036204252e-13
66.0102268466526,1.2168420979865715,3.8810442068156084,18.369097036603293,-19.103449967393228,-2.642015686997446e-13
66.01730520403001,1.2097656771987344,3.880674918554345,18.37330761587155,-19.108212511653498,-2.1683475359421271e-13
66.02438366276375,1.202689383513687,3.880305772770614,18.377516156073945,-19.112972457788285,-1.6946793848868082e-13
66.03146222301825,1.195613216985137,3.879936769439272,18.381722657800065,-19.117729805949885,-1.9157245220459568e-13
66.03854088495802,1.1885371776667704,3.879567908535173,18.3859271216393,-19.122484556290797,-9.157584253736168e-14
66.04561964874739,1.1814612656124268,3.879199190033172,18.390129548180866,-19.12723670896368,-9.47336302110638e-14
66.05269851455093,1.174385480875703,3.8788306139081246,18.394329938013765,-19.131986264121373,-2.2946590428902123e-13
66.05977748253302,1.1673098235104606,3.878462180134886,18.398528291726812,-19.13673322191685,-1.2525891105685104e-13
66.0668565528581,1.160234293570427,3.8780938886883116,18.402724609908645,-19.141477582503274,-7.4734308277617e-14
66.0739357256906,1.153158891109381,3.877725739543254,18.40691889314771,-19.146219346034,-1.8525687685719145e-13
66.081015001195,1.146083616181088,3.8773577326745725,18.411111142032237,-19.150958512662495,-1.294692946217872e-13
66.0880943795357,1.1390084688393556,3.876989868057118,18.41530135715028,-19.155695082542454,-1.5367900012017016e-13
66.09517386087714,1.1319334491379802,3.8766221456657495,18.419489539089717,-19.160429055827688,-1.5262640422893614e-13
66.10225344538375,1.1248585571307776,3.8762545654753184,18.423675688438223,-19.165160432672238,-1.6841534259744677e-13
66.10933313321998,1.11778379287157,3.875887127460683,18.427859805783253,-19.169889213230224,-1.642049590325106e-13
66.11641292455023,1.1107091564141902,3.875519831596696,18.432041891712124,-19.17461539765603,-1.9578283576953187e-13
66.12349281953894,1.1036346478124848,3.8751526778582126,18.436221946811923,-19.179338986104145,-1.9473023987829782e-13
66.13057281835052,1.0965602671203076,3.8747856662200904,18.44039997166956,-19.184059978729238,-1.2631150694808508e-13
66.13765292114938,1.0894860143915293,3.8744187966571824,18.444575966871746,-19.188778375686166,-1.6525755492374463e-13
66.14473312809997,1.0824118896800112,3.874052069144344,18.44874993300502,-19.193494177129917,-1.4210044531659572e-13
66.15181343936669,1.0753378930396447,3.873685483656431,18.4529218706557,-19.198207383215685,-1.968354316607659e-13
66.15889385511394,1.0682640245243282,3.8733190401682966,18.45709178040995,-19.202917994098826,-2.4209705498382974e-13
66.16597437550617,1.0611902841879624,3.8729527386547993,18.461259662853692,-19.207626009934824,-1.1683814392697868e-13
66.17305500070776,1.0541166720844701,3.87258657909079,18.465425518572726,-19.21233143087939,-1.2525891105685104e-13
66.18013573088311,1.0470431882677753,3.872220561451127,18.469589348152585,-19.217034257088343,-1.7052053437991484e-13
66.18721656619665,1.0399698327918099,3.8718546857106637,18.47375115217868,-19.22173448871772,-2.620963769172765e-13
66.19429750681277,1.0328966057105278,3.8714889518442566,18.47791093123618,-19.226432125923687,-2.7472752761208503e-13
66.20137855289589,1.025823507077871,3.87112335982676,18.482068685910086,-19.231127168862592,-2.0315100700817015e-13
66.2084597046104,1.0187505369478258,3.870757909633029,18.486224416785213,-19.235819617690964,-1.3999525353412762e-13
66.2155409621207,1.0116776953743591,3.870392601237919,18.490378124446163,-19.24050947256547,-1.789413015097872e-13
66.22262232559117,1.0046049824114647,3.8700274346162837,18.494529809477392,-19.245196733642988,-2.063087946818723e-13
66.22970379518624,0.9975323981131312,3.8696624097429804,18.498679472463095,-19.249881401080504,-1.1683814392697868e-13
66.23678537107027,0.9904599425333802,3.8692975265928635,18.502827113987337,-19.254563475035216,-1.3999525353412762e-13
66.24386705340771,0.9833876157261838,3.8689327851407866,18.506972734633973,-19.259242955664476,-1.9051985631336166e-13
66.25094884236282,0.976315417745691,3.868568185361606,18.511116334986667,-19.263919843125795,-2.1999254126791483e-13
66.25803073810016,0.9692433486457761,3.8682037272301777,18.515257915628883,-19.26859413757686,-2.020984111169361e-13
66.26511274078399,0.96217140848062,3.867839410721355,18.519397477143904,-19.273265839175508,-1.7052053437991484e-13
66.27219485057873,0.9550995973042374,3.867475235809995,18.523535020114817,-19.277934948079775,-1.7157313027114889e-13
66.27927706764876,0.9480279151707015,3.867111202470951,18.527670545124533,-19.28260146444783,-1.8630947274842547e-13
66.28635939215847,0.9409563621340846,3.866747310679078,18.531804052755763,-19.287265388438033,-1.6315236314127656e-13
66.29344182427224,0.9338849382484908,3.866383560409233,18.535935543591016,-19.2919267202089,-1.8104649329225526e-13
66.30052436415444,0.9268136435680101,3.8660199516362694,18.540065018212633,-19.296585459919108,-2.063087946818723e-13
66.30760701196945,0.9197424781467639,3.865656484335043,18.54419247720273,-19.3012416077275,-1.9051985631336166e-13
66.31468976788163,0.9126714420388725,3.865293158480408,18.548317921143287,-19.30589516379311,-1.2631150694808508e-13
66.32177263205539,0.9056005352984648,3.864929974047222,18.55244135061603,-19.31054612827509,-9.789141788476593e-14
66.32885560465503,0.8985297579796853,3.864566931010337,18.55656276620255,-19.315194501332805,-2.610437810260425e-13
66.335938685845,0.8914591101366889,3.8642040293446094,18.56068216848422,-19.319840283125778,-2.4525484265753186e-13
66.34302187578962,0.8843885918236395,3.8638412690248947,18.564799558042218,-19.324483473813657,-1.7052053437991484e-13
66.35010517465325,0.8773182030947131,3.8634786500260483,18.56891493545755,-19.32912407355631,-2.315710960714893e-13
66.3571885826003,0.8702479440040936,3.863116172322924,18.57302830131101,-19.333762082513736,-1.24206315165617e-13
66.36427209979509,0.8631778146059722,3.8627538358903784,18.577139656183217,-19.338397500846114,-2.042036028994042e-13
66.37135572640199,0.8561078149545561,3.8623916407032652,18.58124900065462,-19.34303032871379,-1.7052053437991484e-13
66.37843946258533,0.8490379451040696,3.8620295867364387,18.58535633530542,-19.347660566277273,-1.7999389740102124e-13
66.38552330850953,0.8419682051087283,3.861667673964757,18.58946166071569,-19.352288213697225,-2.2209773305038292e-13
66.39260726433892,0.834898595022769,3.861305902363074,18.593564977465267,-19.356913271134488,-5.789277401787233e-14
66.39969133023783,0.8278291149004502,3.8609442719062423,18.597666286133833,-19.361535738750064,-2.642015686997446e-13
66.40677550637064,0.8207597647960169,3.8605827825691206,18.601765587300854,-19.366155616705132,-1.5999457546757442e-13
66.41385979290169,0.8136905447637394,3.8602214343265633,18.605862881545615,-19.370772905161004,-1.6631015081497867e-13
66.42094418999532,0.8066214548579087,3.859860227153422,18.60995816944722,-19.375387604279215,-2.3051850018025525e-13
66.42802869781592,0.7995524951328027,3.8594991610245564,18.614051451584558,-19.379999714221388,-2.0104581522570208e-13
66.43511331652778,0.7924836656427207,3.8591382359148194,18.618142728536366,-19.384609235149384,-1.5052121244646804e-13
66.44219804629527,0.7854149664419756,3.858777451799066,18.62223200088115,-19.389216167225182,-1.9473023987829782e-13
66.44928288728275,0.7783463975848846,3.8584168086521515,18.62631926919726,-19.393820510610944,-1.9473023987829782e-13
66.45636783965455,0.7712779591257813,3.8580563064489324,18.630404534062837,-19.398422265469,-1.6736274670621272e-13
66.46345290357503,0.764209651118975,3.857695945164261,18.634487796055843,-19.40302143196184,-1.6894164054306378e-13
66.47053807920848,0.7571414736188824,3.8573357247729945,18.638569055754033,-19.4076180102521,-1.1683814392697868e-13
66.47762336671927,0.7500734266798329,3.8569756452499884,18.642648313735,-19.412212000502628,-1.1683814392697868e-13
66.48470876627172,0.7430055103562052,3.8566157065700963,18.64672557057611,-19.41680340287639,-1.9104615425897867e-13
66.49179427803017,0.7359377247023724,3.8562559087081727,18.650800826854574,-19.421392217536525,-1.8052019534663825e-13
66.49887990215898,0.7288700697727294,3.855896251639076,18.654874083147398,-19.425978444646365,-1.815727912378723e-13
66.50596563882245,0.7218025456216859,3.855536735337658,18.658945340031398,-19.430562084369374,-1.594682775219574e-13
66.51305148818491,0.7147351523036579,3.8551773597787746,18.66301459808322,-19.43514313686921,-1.7736240767293613e-13
66.52013745041073,0.7076678898730678,3.8548181249372813,18.66708185787928,-19.439721602309664,-1.0368069528655317e-13
66.5272235256642,0.7006007583843475,3.8544590307880338,18.671147119995837,-19.44429748085472,-1.8788836658527655e-13
66.53430971410965,0.6935337578919497,3.854100077305886,18.675210385008942,-19.44887077266849,-1.6525755492374463e-13
66.54139601591142,0.6864668884503254,3.853741264465694,18.67927165349448,-19.45344147791529,-2.7209603788399993e-13
66.54848243123384,0.6794001501139431,3.853382592242312,18.68333092602813,-19.45800959675959,-1.9262504809582973e-13
66.5555689602412,0.6723335429372832,3.853024060610597,18.68738820318536,-19.462575129366,-1.7315202410799994e-13
66.56265560309785,0.66526706697484,3.852665669545401,18.691443485541512,-19.467138075899328,-1.4262674326221273e-13
66.5697423599681,0.6582007222811032,3.852307419021581,18.695496773671678,-19.47169843652451,-1.7736240767293613e-13
66.57682923101629,0.651134508910578,3.851949309013993,18.69954806815077,-19.476256211406678,-1.047332911777872e-13
66.5839162164067,0.6440684269178035,3.8515913394974897,18.70359736955354,-19.480811400711115,-1.3578486996919146e-13
66.59100331630367,0.6370024763572936,3.8512335104469284,18.707644678454535,-19.485364004603255,-2.9051646598059566e-13
66.59809053087152,0.6299366572835919,3.8508758218371626,18.711689995428085,-19.48991402324873,-1.7736240767293613e-13
66.60517786027457,0.6228709697512541,3.850518273643049,18.71573332104838,-19.494461456813287,-1.0578588706902125e-13
66.61226530467708,0.6158054138148451,3.8501608658394404,18.719774655889402,-19.499006305462892,-2.3841296936451057e-13
66.61935286424344,0.6087399895289284,3.849803598401195,18.723814000524914,-19.503548569363627,-1.6262606519565952e-13
66.62644053913789,0.6016746969481003,3.8494464713031653,18.727851355528536,-19.508088248681762,-1.6052087341319145e-13
66.6335283295248,0.594609536126942,3.8490894845202064,18.73188672147368,-19.51262534358373,-2.142032638661276e-13
66.64061623556843,0.5875445071200701,3.8487326380271747,18.73592009893355,-19.51715985423612,-2.4578114060314887e-13
66.6477042574331,0.58047960998209,3.8483759317989263,18.73995148848119,-19.52169178080567,-2.2262403099599993e-13
66.65479239528315,0.5734148447676296,3.848019365810314,18.743980890689432,-19.52622112345933,-1.4894231860961698e-13
66.66188064928285,0.5663502115313309,3.8476629400361926,18.74800830613094,-19.53074788236416,-1.668364487605957e-13
66.66896901959655,0.5592857103277985,3.84730665445142,18.752033735378184,-19.535272057687415,-2.2315032894161697e-13
66.67605750638843,0.5522213412118077,3.846950509030849,18.756057179003417,-19.539793649596476,-1.9788802755199994e-13
66.68314610982297,0.5451571042378671,3.8465945037493356,18.760078637578744,-19.54431265825895,-1.3052189051302125e-13
66.69023483006433,0.5380929994607786,3.8462386385817346,18.76409811167607,-19.548829083842552,-2.3420258579957443e-13
66.69732366727686,0.5310290269351898,3.845882913502901,18.768115601867084,-19.55334292651518,-1.820990891834893e-13
66.70441262162484,0.5239651867158059,3.84552732848769,18.772131108723308,-19.557854186444885,-1.847305789115744e-13
66.71150169327261,0.5169014788573244,3.8451718835109565,18.776144632816095,-19.562362863799905,-2.0578249673625526e-13
66.71859088238442,0.5098379034144827,3.8448165785475568,18.780156174716574,-19.566868958748614,-2.5525450362425527e-13
66.7256801891246,0.5027744604420004,3.8444614135723443,18.784165734995693,-19.57137247145957,-1.4999491450085103e-13
66.73276961365744,0.49571114999463456,3.844106388560176,18.788173314224224,-19.57587340210146,-1.4894231860961698e-13
66.73985915614719,0.4886479721271237,3.843751503485905,18.792178912972748,-19.580371750843177,-2.510441200593191e-13
66.7469488167582,0.481584926894237,3.843396758324387,18.796182531811642,-19.58486751785375,-1.515738083377021e-13
66.75403859565473,0.47452201435075464,3.8430421530504786,18.80018417131111,-19.589360703302376,-2.520967159505531e-13
66.76112849300111,0.4674592345514577,3.842687687639032,18.804183832041183,-19.593851307358428,-1.6578385286936166e-13
66.76821850896158,0.46039658755113494,3.8423333620649056,18.808181514571643,-19.598339330191397,-1.0368069528655317e-13
66.77530864370043,0.45333407340461535,3.8419791763029516,18.81217721947215,-19.602824771970987,-2.1841364743106377e-13
66.78239889738198,0.44627169216669255,3.8416251303280275,18.816170947312152,-19.607307632867045,-1.568367877938723e-13
66.7894892701705,0.4392094438922071,3.841271224114987,18.820162698660887,-19.611787913049564,-2.3420258579957443e-13
66.7965797622303,0.4321473286360001,3.840917457638685,18.824152474087445,-19.61626561268874,-2.0999288030119144e-13
66.80367037372564,0.42508534645291307,3.8405638308739776,18.828140274160692,-19.62074073195489,-1.9262504809582973e-13
