galstreams/tracks/track.st.NGC3201-Gjoll.ibata2021.ecsv
# %ECSV 1.0
# ---
# datatype:
# - {name: ra, unit: deg, datatype: float64}
# - {name: dec, unit: deg, datatype: float64}
# - {name: distance, unit: kpc, datatype: float64}
# - {name: pm_ra_cosdec, unit: mas / yr, datatype: float64}
# - {name: pm_dec, unit: mas / yr, datatype: float64}
# - {name: radial_velocity, unit: km / s, datatype: float64}
# delimiter: ','
# meta: !!omap
# - __serialized_columns__:
#     dec:
#       __class__: astropy.coordinates.angles.Latitude
#       unit: &id001 !astropy.units.Unit {unit: deg}
#       value: !astropy.table.SerializedColumn {name: dec}
#     distance:
#       __class__: astropy.coordinates.distances.Distance
#       unit: !astropy.units.Unit {unit: kpc}
#       value: !astropy.table.SerializedColumn {name: distance}
#     pm_dec:
#       __class__: astropy.units.quantity.Quantity
#       unit: !astropy.units.Unit {unit: mas / yr}
#       value: !astropy.table.SerializedColumn {name: pm_dec}
#     pm_ra_cosdec:
#       __class__: astropy.units.quantity.Quantity
#       unit: !astropy.units.Unit {unit: mas / yr}
#       value: !astropy.table.SerializedColumn {name: pm_ra_cosdec}
#     ra:
#       __class__: astropy.coordinates.angles.Longitude
#       unit: *id001
#       value: !astropy.table.SerializedColumn {name: ra}
#       wrap_angle: !astropy.coordinates.Angle
#         unit: *id001
#         value: 360.0
#     radial_velocity:
#       __class__: astropy.units.quantity.Quantity
#       unit: !astropy.units.Unit {unit: km / s}
#       value: !astropy.table.SerializedColumn {name: radial_velocity}
# schema: astropy-2.0
ra,dec,distance,pm_ra_cosdec,pm_dec,radial_velocity
[from data line 4965]
104.38103302437203,-29.99750596024464,3.286403819836307,22.40559375750615,-17.615029384393914,281.54951060369575
104.39064485693746,-30.003055981029945,3.2864289234968584,22.404020024894294,-17.611259880904296,281.63042635954594
104.40025768569826,-30.00860540864824,3.2864540488137015,22.402445534661773,-17.607489752660562,281.71133982735734
104.40987151085346,-30.014154242940364,3.2864791957616895,22.400870286932825,-17.603719000236353,281.792251004366
104.4194863326021,-30.019702483747114,3.286504364315679,22.39929428183172,-17.59994762420532,281.8731598878081
104.42910215114316,-30.025250130909264,3.2865295544505235,22.397717519482814,-17.596175625141164,281.95406647491995
104.4387189666756,-30.030797184267552,3.28655476614108,22.39614000001044,-17.59240300361759,282.0349707629376
104.44833677939839,-30.036343643662693,3.2865799993622016,22.39456172353904,-17.58862976020834,282.11587274909715
104.4579555895104,-30.041889508935366,3.2866052540887445,22.39298269019304,-17.5848558954872,282.1967724306352
104.46757539721057,-30.047434779926206,3.286630530295565,22.391402900096928,-17.581081410027956,282.27766980478754
104.47719620269773,-30.05297945647584,3.2866558279575155,22.389822353375262,-17.577306304404445,282.3585648687903
104.48681800617071,-30.058523538424836,3.2866811470494524,22.388241050152583,-17.573530579190535,282.4394576198798
104.49644080782835,-30.06406702561376,3.286706487546231,22.386658990553528,-17.569754234960094,282.52034805529223
104.50606460786943,-30.069609917883128,3.286731849422707,22.385076174702753,-17.565977272287036,282.6012361722636
104.51568940649271,-30.075152215073405,3.2867572326537338,22.383492602724946,-17.56219969174533,282.68212196803034
104.52531520389692,-30.08069391702508,3.2867826372141673,22.38190827474487,-17.55842149390892,282.76300543982853
104.53494200028076,-30.086235023578556,3.2868080630788636,22.38032319088728,-17.554642679351815,282.8438865848943
104.54456979584293,-30.091775534574236,3.286833510222677,22.37873735127702,-17.550863248648046,282.9247654004637
104.55419859078208,-30.097315449852474,3.2868589786204625,22.377150756038954,-17.54708320237166,283.005641883773
104.56382838529682,-30.102854769253604,3.2868844682470746,22.375563405297996,-17.543302541096743,283.0865160320585
104.57345917958578,-30.10839349261792,3.2869099790773695,22.373975299179094,-17.539521265397422,283.1673878425562
104.58309097384753,-30.113931619785696,3.2869355110862015,22.372386437807236,-17.535739375847818,283.24825731250235
104.59272376828062,-30.119469150597162,3.2869610642484264,22.370796821307476,-17.531956873022096,283.32912443913307
104.60235756308357,-30.125006084892515,3.286986638538899,22.36920644980488,-17.52817375749448,283.4099892196847
104.61199235845488,-30.130542422511947,3.287012233932474,22.36761532342458,-17.524390029839147,283.4908516513934
104.62162815459303,-30.13607816329557,3.2870378504040074,22.366023442291727,-17.520605690630386,283.57171173149504
104.63126495169644,-30.141613307083503,3.2870634879283536,22.364430806531562,-17.516820740442466,283.6525694572259
104.64090274996356,-30.147147853715836,3.2870891464803678,22.362837416269297,-17.51303517984968,283.7334248258222
104.65054154959279,-30.152681803032596,3.2871148260349052,22.361243271630254,-17.509249009426377,283.8142778345204
104.66018135078242,-30.15821515487381,3.287140526566821,22.35964837273975,-17.50546222974691,283.8951284805562
104.66982215373088,-30.163747909079454,3.2871662480509705,22.358052719723194,-17.501674841385675,283.9759767611661
104.67946395863642,-30.16928006548948,3.287191990462208,22.35645631270598,-17.497886844917083,284.0568226735861
104.68910676569739,-30.174811623943803,3.2872177537753884,22.354859151813603,-17.49409824091558,284.13766621505266
104.69875057511196,-30.180342584282318,3.287243537965368,22.353261237171544,-17.490309029955643,284.2185073828014
104.70839538707843,-30.185872946344873,3.287269343007002,22.351662568905386,-17.486519212611764,284.29934617406917
104.71804120179499,-30.191402709971292,3.2872951688751444,22.35006314714071,-17.482728789458456,284.38018258609145
104.72768801945979,-30.196931875001376,3.287321015544651,22.34846297200316,-17.478937761070302,284.4610166161049
104.737335840271,-30.202460441274887,3.287346882990376,22.346862043618437,-17.47514612802186,284.5418482613454
104.74698466442675,-30.20798840863154,3.287372771187175,22.345260362112246,-17.47135389088776,284.62267751904966
104.75663449212512,-30.21351577691104,3.287398680109904,22.343657927610387,-17.46756105024261,284.7035043864532
104.76628532356419,-30.21904254595307,3.2874246097334177,22.342054740238652,-17.463767606661072,284.7843288607925
104.775937158942,-30.224568715597233,3.28745056003257,22.340450800122927,-17.459973560717863,284.86515093930353
104.78558999845656,-30.23009428568315,3.287476530982217,22.3388461073891,-17.45617891298769,284.9459706192229
104.79524384230585,-30.235619256050402,3.2875025225572143,22.337240662163122,-17.45238366404528,285.0267878977864
104.80489869068784,-30.24114362653851,3.2875285347324157,22.33563446457099,-17.448587814465416,285.10760277223017
104.81455454380045,-30.24666739698699,3.287554567482678,22.33402751473875,-17.44479136482289,285.18841523979063
104.82421140184158,-30.25219056723532,3.2875806207828537,22.332419812792487,-17.440994315692542,285.2692252977037
104.83386926500916,-30.25771313712296,3.287606694607801,22.33081135885831,-17.437196667649193,285.350032943206
104.84352813350097,-30.263235106489297,3.2876327889323713,22.32920215306243,-17.43339842126775,285.43083817353306
104.85318800751485,-30.268756475173724,3.2876589037314243,22.32759219553102,-17.429599577123103,285.51164098592153
104.86284888724862,-30.274277243015597,3.2876850389798116,22.32598148639036,-17.425800135790176,285.5924413776074
104.87251077290001,-30.279797409854233,3.287711194652389,22.32437002576678,-17.422000097843945,285.673239345827
104.8821736646668,-30.285316975528907,3.2877373707240136,22.322757813786588,-17.418199463859377,285.75403488781626
104.89183756274666,-30.290835939878892,3.287763567169537,22.321144850576225,-17.414398234411493,285.8348280008115
104.9015024673373,-30.296354302743417,3.287789783963817,22.319531136262103,-17.410596410075325,285.9156186820488
104.91116837863635,-30.30187206396165,3.287816021081708,22.317916670970728,-17.406793991425946,285.99640692876454
104.92083529684146,-30.307389223372784,3.287842278498065,22.31630145482863,-17.402990979038435,286.0771927381948
104.9305032221502,-30.312905780815917,3.287868556187743,22.314685487962382,-17.39918737348791,286.15797610757545
104.94017215476018,-30.31842173613017,3.2878948541255966,22.31306877049862,-17.395383175349522,286.2387570341432
104.9498420948689,-30.323937089154597,3.2879211722864823,22.31145130256399,-17.39157838519843,286.3195355151338
104.9595130426739,-30.329451839728247,3.2879475106452536,22.309833084285238,-17.387773003609823,286.4003115477836
104.96918499837265,-30.334965987690104,3.287973869176767,22.30821411578911,-17.383967031158946,286.48108512932856
104.97885796216264,-30.340479532879165,3.2880002478558765,22.306594397202414,-17.380160468421046,286.5618562570053
104.98853193424125,-30.34599247513434,3.288026646657438,22.304973928652004,-17.37635331597137,286.64262492804954
104.99820691480592,-30.35150481429457,3.2880530655563063,22.30335271026477,-17.37254557438523,286.7233911396977
105.007882904054,-30.35701655019871,3.288079504527336,22.301730742167685,-17.36873724423796,286.8041548891857
105.01755990218284,-30.362527682685624,3.2881059635453838,22.300108024487713,-17.3649283261049,286.88491617375024
105.02723790938975,-30.3680382115941,3.288132442585303,22.2984845573519,-17.361118820561448,286.96567499062684
105.03691692587203,-30.373548136762956,3.288158941621949,22.296860340887342,-17.357308728182986,287.0464313370522
105.04659695182693,-30.379057458030914,3.2881854606301775,22.29523537522115,-17.353498049544946,287.1271852102621
105.0562779874517,-30.384566175236714,3.2882119995848433,22.29360966048051,-17.349686785222794,287.207936607493
105.06596003294348,-30.390074288219022,3.2882385584608023,22.291983196792646,-17.345874935791997,287.28868552598084
105.0756430884995,-30.395581796816515,3.2882651372329086,22.290355984284837,-17.34206250182807,287.3694319629621
105.08532715431689,-30.401088700867806,3.288291735876017,22.288728023084378,-17.33824948390655,287.4501759156726
105.09501223059276,-30.406595000211507,3.288318354364984,22.287099313318667,-17.33443588260299,287.53091738134884
105.10469831752418,-30.412100694686163,3.288344992674663,22.28546985511509,-17.33062169849297,287.61165635722665
105.11438541530822,-30.417605784130306,3.28837165077991,22.283839648601102,-17.326806932152103,287.69239284054254
105.1240735241419,-30.42311026838244,3.288398328655581,22.282208693904227,-17.322991584156025,287.77312682853227
105.13376264422223,-30.428614147281042,3.28842502627653,22.280576991152003,-17.319175655080393,287.8538583184325
105.14345277574617,-30.434117420664524,3.2884517436176113,22.278944540472036,-17.315359145500892,287.9345873074791
105.15314391891066,-30.439620088371313,3.288478480653682,22.277311341991968,-17.311542055993225,288.0153137929082
105.16283607391262,-30.44512215023978,3.2885052373595958,22.27567739583949,-17.30772438713314,288.0960377719563
105.17252924094889,-30.45062360610826,3.2885320137102085,22.274042702142363,-17.30390613949639,288.1767592418592
105.18222342021637,-30.45612445581506,3.288558809680375,22.272407261028363,-17.30008731365877,288.25747819985327
105.19191861191189,-30.46162469919847,3.288585625244949,22.270771072625326,-17.296267910196086,288.33819464317475
105.20161481623218,-30.467124336096717,3.2886124603787885,22.269134137061133,-17.292447929684183,288.41890856905945
105.21131203337404,-30.472623366348046,3.288639315056746,22.267496454463732,-17.288627372698908,288.49961997474395
105.22101026353423,-30.478121789790617,3.2886661892536786,22.26585802496109,-17.284806239816145,288.5803288574643
105.2307095069094,-30.483619606262604,3.2886930829444383,22.264218848681253,-17.28098453161183,288.66103521445643
105.24040976369629,-30.489116815602113,3.2887199961038847,22.262578925752265,-17.277162248661867,288.7417390429571
105.25011103409147,-30.494613417647237,3.2887469287068685,22.260938256302296,-17.273339391542244,288.8224403402017
105.25981331829159,-30.50010941223603,3.2887738807282485,22.259296840459474,-17.269515960828937,288.90313910342695
105.26951661649328,-30.505604799206537,3.2888008521428764,22.257654678352058,-17.265691957097957,288.98383532986907
105.279220928893,-30.51109957839673,3.288827842925611,22.256011770108287,-17.261867380925338,289.06452901676374
105.28892625568734,-30.51659374964458,3.288854853051305,22.254368115856508,-17.258042232887153,289.1452201613476
105.2986325970728,-30.52208731278803,3.288881882494812,22.252723715725082,-17.254216513559463,289.2259087608565
105.30833995324582,-30.527580267664973,3.2889089312309903,22.25107856984239,-17.25039022351839,289.306594812527
105.31804832440282,-30.53307261411328,3.2889359992346945,22.249432678336948,-17.246563363340083,289.38727831359495
105.32775771074026,-30.538564351970784,3.2889630864807775,22.24778604133724,-17.242735933600674,289.46795926129647
105.33746811245446,-30.544055481075308,3.2889901929440963,22.246138658971834,-17.238907934876362,289.5486376528681
105.3471795297418,-30.549546001264602,3.2890173185995057,22.244490531369344,-17.235079367743353,289.6293134855456
105.35689196279857,-30.555035912376436,3.2890444634218596,22.242841658658435,-17.23125023277788,289.7099867565655
105.36660541182108,-30.560525214248504,3.2890716273860154,22.241192040967803,-17.2274205305562,289.7906574631637
105.37631987700556,-30.566013906718496,3.2890988104668266,22.239541678426217,-17.223590261654582,289.87132560257646
105.38603535854824,-30.571501989624057,3.2891260126391475,22.23789057116248,-17.219759426649343,289.95199117204004
105.39575185664532,-30.5769894628028,3.2891532338778355,22.236238719305465,-17.215928026116806,290.0326541687904
105.40546937149297,-30.582476326092323,3.289180474157744,22.23458612298406,-17.212096060633332,290.1133145900641
105.41518790328729,-30.587962579330167,3.2892077334537295,22.23293278232722,-17.20826353077528,290.19397243309686
105.42490745222442,-30.59344822235387,3.2892350117406446,22.23127869746399,-17.204430437119075,290.2746276951251
105.43462801850039,-30.59893325500091,3.2892623089933473,22.22962386852337,-17.200596780241128,290.35528037338497
105.44434960231128,-30.604417677108767,3.2892896251866914,22.2279682956345,-17.19676256071788,290.4359304651125
105.45407220385306,-30.609901488514854,3.289316960295531,22.226311978926535,-17.192927779125828,290.5165779675441
105.46379582332175,-30.61538468905656,3.2893443142947234,22.22465491852867,-17.18909243604145,290.5972228779158
105.47352046091326,-30.620867278571282,3.289371687159121,22.222997114570184,-17.185256532041272,290.67786519346396
105.48324611682354,-30.62634925689633,3.2893990788635823,22.221338567180354,-17.181420067701836,290.7585049114242
105.49297279124845,-30.631830623869007,3.2894264893829592,22.219679276488552,-17.177583043599718,290.8391420290333
105.50270048438384,-30.637311379326608,3.2894539186921086,22.218019242624184,-17.173745460311494,290.91977654352723
105.51242919642554,-30.642791523106347,3.2894813667658847,22.216358465716713,-17.169907318413802,291.0004084521422
105.52215892756938,-30.648271055045445,3.289508833579143,22.214696945895636,-17.166068618483266,291.08103775211424
105.53188967801108,-30.65374997498109,3.2895363191067384,22.213034683290523,-17.16222936109655,291.1616644406798
105.54162144794637,-30.659228282750398,3.289563823323527,22.211371678030964,-17.15838954683034,291.2422885150747
105.55135423757095,-30.66470597819051,3.289591346204363,22.209707930246648,-17.154549176261355,291.32290997253523
105.5610880470805,-30.67018306113851,3.2896188877241013,22.20804344006726,-17.150708249966314,291.4035288102976
105.57082287667066,-30.67565953143144,3.289646447857597,22.20637820762258,-17.146866768521974,291.48414502559814
105.580558726537,-30.681135388906316,3.289674026579706,22.204712233042404,-17.14302473250512,291.56475861567276
105.59029559687515,-30.686610633400136,3.2897016238652825,22.20304551645662,-17.13918214249256,291.6453695777577
105.6000334878806,-30.692085264749856,3.2897292396891826,22.201378057995115,-17.13533899906111,291.72597790908935
105.60977239974886,-30.6975592827924,3.2897568740262604,22.19970985778788,-17.131495302787634,291.8065836069036
105.61951233267546,-30.70303268736467,3.2897845268513715,22.198040915964924,-17.12765105424898,291.88718666843664
105.62925328685581,-30.708505478303525,3.28981219813937,22.1963712326563,-17.123806254022057,291.96778709092496
105.6389952624853,-30.713977655445788,3.2898398878651136,22.19470080799216,-17.119960902683783,292.04838487160424
105.64873825975937,-30.71944921862828,3.2898675960034547,22.193029642102662,-17.1161150008111,292.12898000771116
105.65848227887331,-30.72492016768775,3.28989532252925,22.191357735118018,-17.112268548980975,292.2095724964816
105.6682273200225,-30.73039050246095,3.289923067417353,22.189685087168517,-17.10842154777039,292.2901623351517
105.67797338340218,-30.73586022278458,3.28995083064262,22.188011698384486,-17.104573997756347,292.3707495209578
105.68772046920759,-30.741329328495304,3.2899786121799064,22.18633756889631,-17.1007258995159,292.4513340511358
105.69746857763403,-30.74679781942979,3.290006412004067,22.1846626988344,-17.096877253626083,292.5319159229223
105.70721770887664,-30.752265695424637,3.2900342300899563,22.18298708832927,-17.093028060663983,292.6124951335531
105.71696786313056,-30.757732956316424,3.2900620664124305,22.181310737511428,-17.089178321206692,292.69307168026444
105.72671904059095,-30.763199601941707,3.290089920946343,22.179633646511483,-17.085328035831353,292.7736455602927
