galstreams/tracks/track.st.Aquarius.williams2011.ecsv
# %ECSV 0.9
# ---
# datatype:
# - {name: ra, unit: deg, datatype: float64}
# - {name: dec, unit: deg, datatype: float64}
# - {name: distance, unit: kpc, datatype: float64}
# - {name: pm_ra_cosdec, unit: mas / yr, datatype: float64}
# - {name: pm_dec, unit: mas / yr, datatype: float64}
# - {name: radial_velocity, unit: km / s, datatype: float64}
# delimiter: ','
# meta: !!omap
# - __serialized_columns__:
#     dec:
#       __class__: astropy.coordinates.angles.Latitude
#       unit: &id001 !astropy.units.Unit {unit: deg}
#       value: !astropy.table.SerializedColumn {name: dec}
#     distance:
#       __class__: astropy.coordinates.distances.Distance
#       unit: !astropy.units.Unit {unit: kpc}
#       value: !astropy.table.SerializedColumn {name: distance}
#     pm_dec:
#       __class__: astropy.units.quantity.Quantity
#       unit: !astropy.units.Unit {unit: mas / yr}
#       value: !astropy.table.SerializedColumn {name: pm_dec}
#     pm_ra_cosdec:
#       __class__: astropy.units.quantity.Quantity
#       unit: !astropy.units.Unit {unit: mas / yr}
#       value: !astropy.table.SerializedColumn {name: pm_ra_cosdec}
#     ra:
#       __class__: astropy.coordinates.angles.Longitude
#       unit: *id001
#       value: !astropy.table.SerializedColumn {name: ra}
#       wrap_angle: !astropy.coordinates.Angle
#         unit: *id001
#         value: 360.0
#     radial_velocity:
#       __class__: astropy.units.quantity.Quantity
#       unit: !astropy.units.Unit {unit: km / s}
#       value: !astropy.table.SerializedColumn {name: radial_velocity}
# schema: astropy-2.0
ra,dec,distance,pm_ra_cosdec,pm_dec,radial_velocity
[from data line 426]
343.1015067145632,-8.426350575297779,4.308219041852061,5.5219063097840175,-27.261023876030265,-203.90787408153045
343.111665771881,-8.42837993467756,4.306981918134957,5.526730137264673,-27.267798318052463,-203.91672349521775
343.12182493575966,-8.430409033522833,4.305744794417854,5.531554583383035,-27.274572474815045,-203.92557290890497
343.131984206216,-8.432437871734088,4.304507670700751,5.536379648308882,-27.281346346167876,-203.9344223225923
343.14214358326694,-8.434466449211879,4.303270546983647,5.541205332212007,-27.288119931960775,-203.9432717362794
343.1523030669293,-8.4364947658567,4.302033423266543,5.546031635262061,-27.294893232043552,-203.95212114996676
343.16246265721986,-8.43852282156908,4.3007962995494395,5.5508585576287475,-27.30166624626601,-203.9609705636539
343.1726223541554,-8.440550616249547,4.2995591758323375,5.555686099481664,-27.308438974477912,-203.96981997734116
343.1827821577527,-8.442578149798624,4.298322052115233,5.5605142609904075,-27.315211416529063,-203.9786693910285
343.1929420680287,-8.444605422116885,4.297084928398129,5.565343042324515,-27.32198357226921,-203.9875188047156
343.20310208499984,-8.44663243310486,4.295847804681027,5.570172443653455,-27.328755441548072,-203.9963682184029
343.21326220868315,-8.448659182663098,4.294610680963924,5.575002465146702,-27.335527024215416,-204.00521763209008
343.2234224390952,-8.450685670692161,4.29337355724682,5.579833106973654,-27.34229832012095,-204.01406704577732
343.2335827762526,-8.4527118970926,4.292136433529716,5.584664369303681,-27.34906932911437,-204.02291645946457
343.24374322017223,-8.454737861765008,4.290899309812614,5.589496252306095,-27.355840051045362,-204.03176587315184
343.25390377087064,-8.456763564609954,4.2896621860955095,5.594328756150187,-27.362610485763632,-204.04061528683908
343.2640644283645,-8.458789005528004,4.2884250623784075,5.599161881005196,-27.36938063311882,-204.0494647005263
343.27422519267054,-8.460814184419757,4.287187938661303,5.603995627040318,-27.37615049296059,-204.05831411421346
343.2843860638052,-8.4628391011858,4.2859508149442,5.608829994424681,-27.382920065138574,-204.06716352790073
343.29454704178517,-8.46486375572671,4.284713691227096,5.613664983327427,-27.389689349502397,-204.07601294158798
343.3047081266271,-8.466888147943127,4.283476567509992,5.6185005939176005,-27.396458345901674,-204.0848623552752
343.3148693183474,-8.468912277735638,4.282239443792889,5.623336826364238,-27.403227054186,-204.09371176896246
343.32503061696286,-8.470936145004863,4.2810023200757845,5.628173680836313,-27.409995474204962,-204.1025611826497
343.33519202248976,-8.472959749651418,4.2797651963586825,5.633011157502759,-27.416763605808125,-204.1114105963369
343.34535353494476,-8.474983091575904,4.278528072641579,5.637849256532478,-27.42353144884505,-204.1202600100241
343.3555151543444,-8.477006170678996,4.277290948924475,5.642687978094324,-27.4302990031653,-204.1291094237113
343.36567688070505,-8.479028986861305,4.276053825207371,5.647527322357103,-27.43706626861837,-204.13795883739854
343.37583871404325,-8.481051540023474,4.27481670149027,5.652367289489567,-27.443833245053792,-204.14680825108582
343.3860006543755,-8.483073830066155,4.273579577773165,5.657207879660463,-27.4505999323211,-204.15565766477306
343.3961627017181,-8.485095856889979,4.27234245405606,5.662049093038457,-27.457366330269767,-204.16450707846028
343.4063248560876,-8.487117620395637,4.271105330338958,5.666890929792201,-27.46413243874924,-204.17335649214752
343.4164871175004,-8.489139120483777,4.2698682066218545,5.6717333900902664,-27.470898257609033,-204.1822059058347
343.42664948597286,-8.49116035705507,4.268631082904752,5.676576474101214,-27.477663786698557,-204.19105531952195
343.43681196152124,-8.49318133001019,4.267393959187647,5.681420181993553,-27.48442902586729,-204.1999047332093
343.4469745441621,-8.495202039249815,4.266156835470545,5.6862645139357575,-27.49119397496462,-204.20875414689652
343.4571372339116,-8.497222484674618,4.26491971175344,5.691109470096238,-27.497958633839993,-204.21760356058368
343.46730003078625,-8.49924266618532,4.263682588036338,5.695955050643375,-27.50472300234277,-204.22645297427084
343.4774629348022,-8.501262583682607,4.262445464319234,5.700801255745509,-27.51148708032236,-204.23530238795817
343.4876259459758,-8.50328223706718,4.26120834060213,5.7056480855709335,-27.51825086762814,-204.24415180164533
343.4977890643234,-8.505301626239742,4.2599712168850274,5.710495540287889,-27.525014364109452,-204.2530012153326
343.507952289861,-8.507320751101,4.258734093167924,5.715343620064578,-27.531777569615652,-204.26185062901985
343.51811562260514,-8.509339611551702,4.257496969450822,5.720192325069181,-27.53854048399606,-204.27070004270712
343.5282790625719,-8.51135820749255,4.256259845733718,5.7250416554698145,-27.54530310710001,-204.2795494563943
343.5384426097776,-8.51337653882429,4.255022722016614,5.729891611434555,-27.55206543877681,-204.28839887008147
343.54860626423823,-8.515394605447645,4.253785598299511,5.734742193131419,-27.558827478875735,-204.29724828376877
343.5587700259701,-8.517412407263349,4.252548474582406,5.739593400728419,-27.565589227246086,-204.30609769745604
343.56893389498936,-8.51942994417218,4.251311350865303,5.744445234393474,-27.572350683737092,-204.31494711114328
343.5790978713122,-8.521447216074877,4.2500742271481995,5.749297694294521,-27.57911184819806,-204.3237965248304
343.5892619549546,-8.523464222872196,4.2488371034310966,5.7541507805994,-27.585872720478182,-204.33264593851777
343.59942614593285,-8.525480964464899,4.247599979713994,5.759004493475933,-27.592633300426705,-204.34149535220496
343.60959044426295,-8.527497440753766,4.246362855996891,5.763858833091897,-27.599393587892838,-204.35034476589212
343.6197548499608,-8.529513651639553,4.245125732279786,5.768713799615002,-27.6061535827258,-204.35919417957945
343.62991936304286,-8.531529597023072,4.243888608562682,5.773569393212968,-27.61291328477474,-204.36804359326658
343.6400839835249,-8.533545276805093,4.24265148484558,5.778425614053412,-27.619672693888855,-204.37689300695385
343.65024871142305,-8.535560690886417,4.241414361128475,5.783282462303955,-27.62643180991731,-204.38574242064104
343.6604135467532,-8.537575839167838,4.240177237411373,5.788139938132131,-27.633190632709237,-204.39459183432825
343.67057848953135,-8.539590721550134,4.23894011369427,5.792998041705456,-27.639949162113773,-204.40344124801564
343.6807435397737,-8.541605337934168,4.237702989977166,5.797856773191424,-27.646707397980055,-204.41229066170288
343.690908697496,-8.543619688220724,4.236465866260063,5.802716132757437,-27.653465340157172,-204.42114007539
343.70107396271425,-8.545633772310634,4.235228742542958,5.807576120570881,-27.66022298849423,-204.42998948907726
343.7112393354444,-8.547647590104717,4.233991618825855,5.812436736799111,-27.666980342840304,-204.43883890276445
343.72140481570233,-8.549661141503796,4.232754495108751,5.817297981609389,-27.67373740304446,-204.4476883164517
343.73157040350395,-8.551674426408734,4.231517371391649,5.822159855168994,-27.680494168955747,-204.456537730139
343.74173609886515,-8.553687444720369,4.230280247674545,5.827022357645135,-27.687250640423226,-204.4653871438261
343.75190190180183,-8.555700196339544,4.229043123957442,5.831885489204967,-27.694006817295907,-204.47423655751336
343.7620678123297,-8.557712681167118,4.227806000240339,5.8367492500156,-27.700762699422825,-204.4830859712007
343.7722338304647,-8.559724899103935,4.226568876523236,5.841613640244137,-27.707518286652956,-204.49193538488794
343.7823999562226,-8.561736850050897,4.225331752806133,5.846478660057582,-27.714273578835314,-204.5007847985752
343.79256618961927,-8.563748533908859,4.224094629089027,5.851344309622954,-27.721028575818874,-204.50963421226234
343.8027325306704,-8.565759950578702,4.222857505371924,5.856210589107176,-27.72778327745258,-204.51848362594964
343.8128989793919,-8.567771099961307,4.221620381654821,5.861077498677174,-27.73453768358538,-204.52733303963683
343.8230655357993,-8.569781981957563,4.220383257937718,5.8659450384997776,-27.741291794066235,-204.53618245332405
343.83323219990837,-8.571792596468352,4.2191461342206145,5.870813208741824,-27.74804560874405,-204.54503186701132
343.843398971735,-8.573802943394613,4.217909010503511,5.875682009570069,-27.754799127467756,-204.55388128069853
343.8535658512947,-8.575813022637229,4.216671886786407,5.880551441151256,-27.761552350086216,-204.56273069438575
343.8637328386033,-8.577822834097118,4.215434763069304,5.885421503652058,-27.76830527644834,-204.57158010807302
343.87389993367634,-8.579832377675194,4.2141976393522,5.8902921972391145,-27.775057906402992,-204.5804295217602
343.8840671365295,-8.581841653272372,4.212960515635098,5.895163522079018,-27.781810239799018,-204.5892789354474
343.89423444717846,-8.58385066078961,4.211723391917993,5.900035478338317,-27.788562276485294,-204.59812834913473
343.9044018656388,-8.58585940012783,4.2104862682008894,5.904908066183546,-27.79531401631062,-204.60697776282186
343.91456939192614,-8.587867871187973,4.209249144483788,5.909781285781133,-27.802065459123824,-204.61582717650913
343.924737026056,-8.589876073870986,4.2080120207666845,5.9146551372975225,-27.808816604773718,-204.62467659019634
343.9349047680439,-8.59188400807781,4.206774897049581,5.919529620899073,-27.815567453109104,-204.6335260038836
343.9450726179055,-8.593891673709432,4.205537773332477,5.92440473675213,-27.822318003978737,-204.64237541757086
343.9552405756564,-8.595899070666805,4.204300649615373,5.9292804850229786,-27.829068257231402,-204.6512248312581
343.9654086413119,-8.597906198850897,4.20306352589827,5.934156865877856,-27.83581821271583,-204.66007424494532
343.9755768148877,-8.599913058162683,4.201826402181166,5.939033879482967,-27.84256787028079,-204.6689236586325
343.9857450963991,-8.601919648503147,4.200589278464063,5.943911526004477,-27.849317229774986,-204.6777730723198
343.99591348586165,-8.603925969773263,4.19935215474696,5.948789805608481,-27.85606629104714,-204.686622486007
344.00608198329087,-8.605932021874057,4.198115031029856,5.953668718461051,-27.86281505394597,-204.69547189969427
344.01625058870206,-8.607937804706511,4.196877907312753,5.958548264728206,-27.869563518320135,-204.70432131338148
344.0264193021107,-8.609943318171627,4.195640783595648,5.963428444575943,-27.876311684018336,-204.7131707270687
344.03658812353217,-8.611948562170426,4.194403659878545,5.9683092581701755,-27.88305955088921,-204.72202014075597
344.04675705298183,-8.613953536603898,4.193166536161443,5.97319070567681,-27.88980711878141,-204.73086955444313
344.0569260904751,-8.615958241373104,4.19192941244434,5.978072787261686,-27.896554387543592,-204.73971896813046
344.0670952360273,-8.617962676379062,4.190692288727235,5.982955503090608,-27.903301357024375,-204.74856838181762
344.07726448965377,-8.619966841522796,4.1894551650101315,5.987838853329337,-27.91004802707235,-204.7574177955048
344.0874338513698,-8.621970736705352,4.18821804129303,5.992722838143578,-27.916794397536112,-204.76626720919214
344.09760332119066,-8.623974361827758,4.186980917575926,5.997607457699018,-27.923540468264278,-204.7751166228793
344.1077728991317,-8.6259777167911,4.185743793858823,6.002492712161262,-27.930286239105392,-204.7839660365666
344.11794258520814,-8.627980801496422,4.184506670141718,6.007378601695906,-27.93703170990802,-204.79281545025373
344.1281123794352,-8.629983615844784,4.183269546424615,6.012265126468476,-27.9437768805207,-204.8016648639411
344.13828228182825,-8.631986159737256,4.182032422707512,6.017152286644476,-27.950521750791967,-204.81051427762822
344.1484522924023,-8.633988433074915,4.180795298990407,6.022040082389339,-27.95726632057036,-204.81936369131563
344.1586224111726,-8.635990435758828,4.179558175273304,6.026928513868485,-27.964010589704348,-204.82821310500282
344.1687926381545,-8.63799216769011,4.1783210515562015,6.0318175812472745,-27.970754558042437,-204.83706251868995
344.17896297336296,-8.63999362876984,4.1770839278390985,6.036707284690994,-27.977498225433123,-204.84591193237722
344.18913341681326,-8.641994818899116,4.175846804121995,6.041597624364956,-27.984241591724864,-204.85476134606446
344.1993039685204,-8.643995737979044,4.174609680404892,6.046488600434353,-27.990984656766102,-204.8636107597517
344.20947462849955,-8.64599638591072,4.173372556687787,6.051380213064371,-27.99772742040531,-204.87246017343884
344.2196453967659,-8.647996762595291,4.172135432970685,6.056272462420166,-28.004469882490874,-204.88130958712614
344.22981627333434,-8.649996867933861,4.170898309253581,6.061165348666798,-28.011212042871243,-204.8901590008134
344.23998725822014,-8.651996701827562,4.169661185536479,6.066058871969359,-28.017953901394787,-204.89900841450063
344.2501583514382,-8.653996264177529,4.168424061819374,6.070953032492827,-28.024695457909925,-204.90785782818776
344.2603295530035,-8.655995554884882,4.167186938102271,6.075847830402148,-28.031436712265027,-204.916707241875
344.27050086293127,-8.6579945738508,4.165949814385167,6.080743265862262,-28.03817766430846,-204.92555665556222
344.2806722812363,-8.659993320976419,4.164712690668064,6.085639339038024,-28.044918313888545,-204.9344060692495
344.29084380793364,-8.661991796162901,4.163475566950961,6.090536050094252,-28.05165866085365,-204.9432554829368
344.3010154430383,-8.663989999311402,4.162238443233856,6.095433399195752,-28.0583987050521,-204.95210489662404
344.3111871865652,-8.665987930323096,4.161001319516754,6.100331386507229,-28.06513844633219,-204.96095431031125
344.3213590385291,-8.667985589099143,4.159764195799649,6.105230012193408,-28.071877884542225,-204.96980372399838
344.3315309989452,-8.669982975540757,4.158527072082547,6.1101292764189,-28.078617019530487,-204.9786531376857
344.34170306782823,-8.671980089549105,4.157289948365443,6.115029179348337,-28.08535585114527,-204.98750255137284
344.35187524519307,-8.673976931025383,4.15605282464834,6.119929721146256,-28.092094379234794,-204.99635196506017
344.3620475310546,-8.675973499870793,4.154815700931237,6.1248309019771705,-28.098832603647352,-205.00520137874733
344.3722199254276,-8.677969795986515,4.153578577214133,6.129732722005553,-28.10557052423115,-205.01405079243457
344.382392428327,-8.6799658192738,4.152341453497029,6.1346351813958275,-28.11230814083443,-205.02290020612185
344.3925650397676,-8.68196156963385,4.151104329779927,6.139538280312376,-28.11904545330536,-205.03174961980906
344.4027377597641,-8.683957046967882,4.149867206062823,6.144442018919506,-28.12578246149219,-205.04059903349636
344.4129105883314,-8.685952251177127,4.1486300823457185,6.149346397381542,-28.132519165243068,-205.04944844718352
344.42308352548406,-8.687947182162807,4.1473929586286165,6.154251415862701,-28.139255564406167,-205.0582978608707
344.43325657123705,-8.689941839826192,4.146155834911513,6.159157074527192,-28.145991658829647,-205.06714727455812
344.443429725605,-8.691936224068511,4.14491871119441,6.164063373539165,-28.152727448361667,-205.07599668824517
344.45360298860254,-8.69393033479102,4.143681587477306,6.168970313062719,-28.15946293285034,-205.0848461019325
344.4637763602445,-8.695924171894974,4.142444463760203,6.173877893261941,-28.16619811214379,-205.09369551561966
344.47394984054546,-8.697917735281637,4.1412073400431,6.178786114300823,-28.172932986090117,-205.10254492930696
344.4841234295201,-8.69991102485227,4.139970216325996,6.18369497634335,-28.179667554537435,-205.1113943429942
344.4942971271831,-8.701904040508175,4.138733092608892,6.188604479553468,-28.186401817333813,-205.1202437566814
344.504470933549,-8.703896782150622,4.1374959688917885,6.193514624095034,-28.193135774327313,-205.12909317036866
344.5146448486325,-8.705889249680896,4.136258845174686,6.198425410131897,-28.19986942536599,-205.13794258405582
344.5248188724481,-8.707881443000291,4.135021721457582,6.20333683782784,-28.206602770297888,-205.14679199774312
344.53499300501045,-8.709873362010109,4.13378459774048,6.208248907346629,-28.213335808971028,-205.1556414114303
