galstreams/tracks/track.st.M68-Fjorm.palau2019.ecsv
# %ECSV 1.0
# ---
# datatype:
# - {name: ra, unit: deg, datatype: float64}
# - {name: dec, unit: deg, datatype: float64}
# - {name: distance, unit: kpc, datatype: float64}
# - {name: pm_ra_cosdec, unit: mas / yr, datatype: float64}
# - {name: pm_dec, unit: mas / yr, datatype: float64}
# - {name: radial_velocity, unit: km / s, datatype: float64}
# delimiter: ','
# meta: !!omap
# - __serialized_columns__:
#     dec:
#       __class__: astropy.coordinates.angles.Latitude
#       unit: &id001 !astropy.units.Unit {unit: deg}
#       value: !astropy.table.SerializedColumn {name: dec}
#     distance:
#       __class__: astropy.coordinates.distances.Distance
#       unit: !astropy.units.Unit {unit: kpc}
#       value: !astropy.table.SerializedColumn {name: distance}
#     pm_dec:
#       __class__: astropy.units.quantity.Quantity
#       unit: !astropy.units.Unit {unit: mas / yr}
#       value: !astropy.table.SerializedColumn {name: pm_dec}
#     pm_ra_cosdec:
#       __class__: astropy.units.quantity.Quantity
#       unit: !astropy.units.Unit {unit: mas / yr}
#       value: !astropy.table.SerializedColumn {name: pm_ra_cosdec}
#     ra:
#       __class__: astropy.coordinates.angles.Longitude
#       unit: *id001
#       value: !astropy.table.SerializedColumn {name: ra}
#       wrap_angle: !astropy.coordinates.Angle
#         unit: *id001
#         value: 360.0
#     radial_velocity:
#       __class__: astropy.units.quantity.Quantity
#       unit: !astropy.units.Unit {unit: km / s}
#       value: !astropy.table.SerializedColumn {name: radial_velocity}
# schema: astropy-2.0
ra,dec,distance,pm_ra_cosdec,pm_dec,radial_velocity
[from data line 275]
189.88273103691918,-44.433344931790785,7.7856859594557815,-2.320750919182113,1.0660082639165602,1.6841534259744676e-14
189.88209500035126,-44.422852326009625,7.784012816483294,-2.3211000098694132,1.0662644698295523,3.368306851948935e-14
189.88146050859655,-44.41235979122518,7.782340227467321,-2.321448929497846,1.0665208593779227,2.1051917824680846e-14
189.88082756055184,-44.40186732754521,7.780668192330565,-2.321797678062517,1.0667774325090804,1.2631150694808506e-14
189.8801961551151,-44.3913749350772,7.7789967109957265,-2.32214625555858,1.0670341891704558,2.947268495455318e-14
189.87956629118545,-44.38088261392853,7.777325783385506,-2.322494661981233,1.0672911293094995,1.6841534259744676e-14
189.87893796766298,-44.37039036420658,7.775655409422605,-2.32284289732572,1.0675482528736855,3.368306851948935e-14
189.87831118344897,-44.3598981860184,7.7739855890297225,-2.3231909615873283,1.067805559810509,2.1051917824680846e-14
189.8776859374456,-44.34940607947113,7.772316322129561,-2.323538854761394,1.0680630500674873,1.6841534259744676e-14
189.8770622285563,-44.33891404467164,7.770647608644825,-2.323886576843294,1.0683207235921595,1.6841534259744676e-14
189.87644005568552,-44.32842208172663,7.768979448498209,-2.324234127828454,1.0685785803320849,0.0
189.87581941773874,-44.31793019074286,7.7673118416124165,-2.3245815077123417,1.0688366202348472,2.1051917824680846e-14
189.8752003136226,-44.30743837182677,7.7656447879101504,-2.324928716490473,1.0690948432480485,1.2631150694808506e-14
189.8745827422447,-44.29694662508486,7.763978287314109,-2.3252757541584064,1.0693532493193163,2.947268495455318e-14
189.87396670251385,-44.286454950623344,7.762312339746994,-2.3256226207117456,1.0696118383962965,1.6841534259744676e-14
189.8733521933398,-44.27596334854833,7.760646945131505,-2.3259693161461406,1.069870610426658,4.210383564936169e-15
189.8727392136334,-44.265471818965935,7.7589821033903466,-2.326315840457283,1.0701295653580916,2.1051917824680846e-14
189.87212776230666,-44.25498036198196,7.7573178144462185,-2.3266621936409124,1.0703887031383084,4.210383564936169e-15
189.87151783827247,-44.24448897770226,7.755654078221817,-2.3270083756928086,1.0706480237150435,2.5262301389617013e-14
189.870909440445,-44.23399766623246,7.7539908946398475,-2.3273543866088033,1.07090752703605,2.1051917824680846e-14
189.87030256773937,-44.22350642767801,7.752328263623013,-2.327700226384763,1.0711672130491043,1.6841534259744676e-14
189.8696972190717,-44.21301526214443,7.750666185094008,-2.3280458950166083,1.0714270817020062,1.2631150694808506e-14
189.8690933933593,-44.20252416973686,7.74900465897554,-2.3283913925002975,1.0716871329425732,2.1051917824680846e-14
189.86849108952046,-44.19203315056057,7.747343685190305,-2.328736718831833,1.0719473667186477,2.5262301389617013e-14
189.86789030647458,-44.18154220472047,7.7456832636610065,-2.3290818740072674,1.07220778297809,2.1051917824680846e-14
189.86729104314205,-44.17105133232157,7.744023394310346,-2.32942685802269,1.0724683816687848,1.6841534259744676e-14
189.8666932984444,-44.160560533468605,7.742364077061019,-2.3297716708742406,1.0727291627386375,1.2631150694808506e-14
189.86609707130413,-44.150069808266124,7.7407053118357325,-2.3301163125580993,1.0729901261355737,3.368306851948935e-14
189.86550236064485,-44.1395791568188,7.739047098557187,-2.33046078307049,1.0732512718075404,8.420767129872338e-15
189.86490916539117,-44.129088579230974,7.737389437148082,-2.3308050824076805,1.0735125997025077,1.6841534259744676e-14
189.86431748446887,-44.11859807560686,7.735732327531116,-2.331149210565986,1.0737741097684652,1.6841534259744676e-14
189.8637273168046,-44.10810764605073,7.734075769628994,-2.331493167541761,1.074035801953424,2.5262301389617013e-14
189.86313866132627,-44.097617290666506,7.732419763364414,-2.331836953331406,1.0742976762054164,2.1051917824680846e-14
189.86255151696264,-44.08712700955821,7.730764308660078,-2.332180567931364,1.0745597324724978,2.1051917824680846e-14
189.8619658826436,-44.0766368028295,7.729109405438686,-2.3325240113381223,1.0748219707027418,3.789345208442552e-14
189.86138175730014,-44.06614667058416,7.7274550536229425,-2.332867283548211,1.0750843908442445,1.6841534259744676e-14
189.86079913986416,-44.05565661292566,7.725801253135545,-2.333210384558205,1.075346992845125,4.210383564936169e-14
189.8602180292688,-44.04516662995738,7.724148003899196,-2.333553314364721,1.0756097766535189,2.5262301389617013e-14
189.859638424448,-44.0346767217827,7.722495305836594,-2.33389607296442,1.0758727422175873,4.210383564936169e-14
189.859060324337,-44.0241868885047,7.720843158870442,-2.3342386603540053,1.0761358894855104,1.6841534259744676e-14
189.85848372787186,-44.01369713022655,7.719191562923441,-2.334581076530224,1.076399218405491,1.2631150694808506e-14
189.85790863398975,-44.00320744705109,7.717540517918291,-2.334923321489866,1.0766627289257498,1.2631150694808506e-14
189.85733504162897,-43.99271783908107,7.7158900237776935,-2.3352653952297664,1.076926420994532,2.947268495455318e-14
189.8567629497287,-43.98222830641931,7.71424008042435,-2.335607297746798,1.0771902945601017,2.5262301389617013e-14
189.85619235722933,-43.97173884916824,7.71259068778096,-2.3359490290378835,1.0774543495707438,1.2631150694808506e-14
189.8556232630721,-43.96124946743043,7.710941845770226,-2.336290589099981,1.0777185859747662,3.368306851948935e-14
189.8550556661994,-43.9507601613081,7.709293554314846,-2.3366319779300992,1.077983003720496,4.210383564936169e-14
189.85448956555467,-43.940270930903424,7.707645813337526,-2.3369731955252844,1.0782476027562797,2.1051917824680846e-14
189.85392496008228,-43.929781776318585,7.705998622760959,-2.337314241882625,1.078512383030489,8.420767129872338e-15
189.8533618487277,-43.9192926976554,7.704351982507856,-2.3376551169992537,1.0787773444915132,4.210383564936169e-14
189.8528002304374,-43.908803695015855,7.7027058925009095,-2.337995820872348,1.079042487087762,1.6841534259744676e-14
189.85224010415888,-43.89831476850157,7.701060352662827,-2.338336353499124,1.079307810767669,2.1051917824680846e-14
189.85168146884072,-43.88782591821409,7.699415362916303,-2.338676714876844,1.0795733154796858,2.947268495455318e-14
189.8511243234325,-43.877337144254994,7.697770923184043,-2.3390169050028073,1.0798390011722847,2.1051917824680846e-14
189.8505686668847,-43.86684844672554,7.696127033388745,-2.3393569238743623,1.0801048677939615,3.368306851948935e-14
189.850014498149,-43.856359825727054,7.694483693453114,-2.3396967714888937,1.08037091529323,1.6841534259744676e-14
189.84946181617798,-43.845871281360594,7.692840903299844,-2.3400364478438314,1.0806371436186257,4.210383564936169e-15
189.84891061992536,-43.83538281372707,7.6911986628516456,-2.3403759529366455,1.0809035527187045,2.1051917824680846e-14
189.84836090834577,-43.824894422927485,7.689556972031212,-2.3407152867648517,1.0811701425420432,1.6841534259744676e-14
189.84781268039487,-43.81440610906248,7.687915830761246,-2.341054449326006,1.0814369130372399,1.6841534259744676e-14
189.84726593502936,-43.803917872232795,7.686275238964448,-2.341393440617703,1.0817038641529118,2.1051917824680846e-14
189.84672067120698,-43.793429712538874,7.684635196563522,-2.341732260637584,1.0819709958376982,2.947268495455318e-14
189.84617688788651,-43.78294163008106,7.682995703481165,-2.3420709093833287,1.082238308040257,4.210383564936169e-15
189.8456345840276,-43.772453624959724,7.681356759640081,-2.3424093868526605,1.082505800709269,1.6841534259744676e-14
189.84509375859108,-43.761965697274924,7.67971836496297,-2.342747693043345,1.0827734737934342,2.5262301389617013e-14
189.84455441053865,-43.7514778471268,7.67808051937253,-2.343085827953187,1.0830413272414745,1.6841534259744676e-14
189.84401653883316,-43.740990074615205,7.676443222791467,-2.343423791580036,1.0833093610021285,1.2631150694808506e-14
189.84348014243835,-43.730502379839876,7.674806475142478,-2.3437615839217782,1.0835775750241605,3.789345208442552e-14
189.84294522031905,-43.72001476290062,7.673170276348268,-2.3440992049763456,1.083845969256351,3.789345208442552e-14
189.84241177144105,-43.709527223896885,7.671534626331533,-2.344436654741712,1.084114543647502,0.0
189.84187979477113,-43.69903976292819,7.669899525014976,-2.3447739332158886,1.084383298146438,2.5262301389617013e-14
189.84134928927713,-43.68855238009379,7.668264972321299,-2.3451110403969304,1.0846522327020027,2.1051917824680846e-14
189.84082025392786,-43.67806507549296,7.666630968173201,-2.345447976282936,1.0849213472630583,1.6841534259744676e-14
189.84029268769314,-43.66757784922475,7.664997512493386,-2.3457847408720376,1.085190641778489,1.6841534259744676e-14
189.83976658954376,-43.657090701388086,7.66336460520455,-2.346121334162417,1.0854601161972002,2.5262301389617013e-14
189.83924195845157,-43.64660363208191,7.661732246229401,-2.346457756152291,1.0857297704681155,2.1051917824680846e-14
189.8387187933894,-43.63611664140491,7.660100435490631,-2.346794006839923,1.08599960454018,8.420767129872338e-15
189.83819709333105,-43.62562972945565,7.658469172910949,-2.34713008622361,1.0862696183623588,2.1051917824680846e-14
189.8376768572513,-43.61514289633273,7.656838458413053,-2.347465994301696,1.0865398118836378,1.6841534259744676e-14
189.83715808412603,-43.604656142134424,7.655208291919641,-2.347801731072564,1.0868101850530214,1.6841534259744676e-14
189.83664077293196,-43.59416946695911,7.653578673353417,-2.3481372965346354,1.0870807378195373,3.368306851948935e-14
189.83612492264695,-43.58368287090482,7.651949602637083,-2.348472690686376,1.0873514701322298,3.789345208442552e-14
189.83561053224975,-43.573196354069715,7.650321079693335,-2.348807913526291,1.0876223819401643,2.1051917824680846e-14
189.83509760072013,-43.56270991655161,7.648693104444881,-2.3491429650529243,1.0878934731924286,2.947268495455318e-14
189.83458612703893,-43.552223558448304,7.647065676814415,-2.3494778452648615,1.0881647438381286,1.6841534259744676e-14
189.8340761101878,-43.54173727985756,7.645438796724645,-2.3498125541607284,1.0884361938263902,4.210383564936169e-14
189.83356754914962,-43.53125108087682,7.643812464098265,-2.3501470917391925,1.0887078231063592,1.2631150694808506e-14
189.83306044290796,-43.520764961603675,7.642186678857979,-2.3504814579989604,1.0889796316272036,3.368306851948935e-14
189.8325547904477,-43.510278922135385,7.640561440926488,-2.3508156529387785,1.0892516193381092,2.947268495455318e-14
189.83205059075442,-43.49979296256912,7.638936750226493,-2.3511496765574367,1.089523786188282,2.947268495455318e-14
189.8315478428149,-43.48930708300208,7.637312606680693,-2.3514835288537594,1.0897961321269487,8.420767129872338e-15
189.83104654561674,-43.478821283531154,7.635689010211793,-2.351817209826614,1.0900686571033555,8.420767129872338e-15
189.8305466981486,-43.46833556425331,7.634065960742492,-2.352150719474909,1.090341361066769,2.947268495455318e-14
189.83004829940012,-43.457849925265265,7.632443458195488,-2.352484057797593,1.0906142439664754,2.1051917824680846e-14
189.82955134836197,-43.4473643666636,7.630821502493487,-2.352817224793652,1.0908873057517803,2.1051917824680846e-14
189.82905584402562,-43.43687888854494,7.629200093559186,-2.3531502204621138,1.09116054637201,2.5262301389617013e-14
189.82856178538376,-43.42639349100557,7.627579231315285,-2.3534830448020463,1.0914339657765102,1.6841534259744676e-14
189.82806917142983,-43.415908174141954,7.625958915684489,-2.353815697812553,1.0917075639146465,1.6841534259744676e-14
189.82757800115837,-43.40542293805015,7.624339146589498,-2.3541481794927837,1.091981340735805,3.368306851948935e-14
189.82708827356493,-43.39493778282623,7.622719923953013,-2.354480489841923,1.0922552961893892,8.420767129872338e-15
189.8265999876459,-43.384452708566215,7.621101247697729,-2.3548126288591957,1.0925294302248263,1.6841534259744676e-14
189.82611314239878,-43.373967715365836,7.619483117746355,-2.35514459654387,1.092803742791559,1.6841534259744676e-14
189.8256277368219,-43.36348280332094,7.61786553402159,-2.3554763928952465,1.0930782338390532,8.420767129872338e-15
189.82514376991466,-43.35299797252708,7.616248496446132,-2.355808017912673,1.0933529033167915,1.2631150694808506e-14
189.82466124067741,-43.34251322307969,7.614632004942683,-2.356139471595529,1.09362775117428,2.5262301389617013e-14
189.82418014811148,-43.33202855507426,7.6130160594339475,-2.3564707539432383,1.09390277736104,2.5262301389617013e-14
189.82370049121914,-43.32154396860595,7.611400659842619,-2.356801864955266,1.0941779818266149,2.5262301389617013e-14
189.8232222690036,-43.31105946377004,7.609785806091407,-2.3571328046311066,1.0944533645205685,2.5262301389617013e-14
189.82274548046908,-43.300575040661485,7.6081714981030055,-2.357463572970306,1.0947289253924823,2.947268495455318e-14
189.8222701246208,-43.290090699375206,7.606557735800119,-2.3577941699724416,1.095004664391958,8.420767129872338e-15
189.8217962004648,-43.27960644000608,7.604944519105447,-2.3581245956371295,1.095280581468618,4.210383564936169e-15
189.82132370700822,-43.26912226264871,7.603331847941693,-2.358454849964028,1.095556676572102,2.1051917824680846e-14
189.82085264325912,-43.2586381673978,7.601719722231554,-2.3587849329528328,1.0958329496520713,4.210383564936169e-15
189.82038300822646,-43.24815415434777,7.600108141897735,-2.3591148446032775,1.0961094006582064,2.947268495455318e-14
189.81991480092026,-43.23767022359293,7.598497106862933,-2.3594445849151384,1.0963860295402053,3.368306851948935e-14
189.81944802035144,-43.22718637522765,7.596886617049851,-2.359774153888225,1.0966628362477877,2.1051917824680846e-14
189.8189826655319,-43.216702609345944,7.59527667238119,-2.3601035515223874,1.0969398207306909,1.2631150694808506e-14
189.8185187354744,-43.206218926041956,7.5936672727796495,-2.3604327778175187,1.0972169829386749,2.1051917824680846e-14
189.8180562291928,-43.19573532540953,7.592058418167934,-2.3607618327735436,1.0974943228215144,1.6841534259744676e-14
189.81759514570183,-43.18525180754243,7.5904501084687395,-2.3610907163904287,1.0977718403290069,1.2631150694808506e-14
189.81713548401714,-43.174768372534444,7.58884234360477,-2.3614194286681798,1.0980495354109685,1.6841534259744676e-14
189.8166772431554,-43.164285020479056,7.587235123498726,-2.3617479696068386,1.0983274080172345,3.368306851948935e-14
189.81622042213422,-43.15380175146982,7.585628448073309,-2.3620763392064874,1.0986054580976576,8.420767129872338e-15
189.81576501997213,-43.14331856560006,7.5840223172512164,-2.3624045374672473,1.098883685602114,4.210383564936169e-15
189.8153110356886,-43.13283546296294,7.5824167309551544,-2.3627325643892743,1.099162090480495,1.6841534259744676e-14
189.81485846830407,-43.12235244365172,7.580811689107823,-2.3630604199727627,1.0994406726827135,2.5262301389617013e-14
189.81440731683995,-43.111869507759295,7.579207191631915,-2.3633881042179516,1.0997194321587012,3.368306851948935e-14
189.81395758031857,-43.10138665537871,7.577603238450144,-2.3637156171251092,1.0999983688584067,4.210383564936169e-15
189.81350925776312,-43.09090388660263,7.575999829485203,-2.3640429586945455,1.1002774827318023,1.6841534259744676e-14
189.8130623481979,-43.08042120152386,7.574396964659795,-2.3643701289266112,1.1005567737288762,4.210383564936169e-15
189.81261685064797,-43.06993860023493,7.572794643896619,-2.36469712782169,1.1008362417996376,2.947268495455318e-14
189.8121727641395,-43.05945608282824,7.571192867118378,-2.365023955380206,1.1011158868941118,2.5262301389617013e-14
189.8117300876995,-43.04897364939625,7.569591634247773,-2.3653506116026213,1.1013957089623458,2.947268495455318e-14
189.81128882035588,-43.03849130003117,7.567990945207505,-2.365677096489434,1.1016757079544057,2.947268495455318e-14
189.81084896113765,-43.02800903482508,7.566390799920272,-2.366003410041181,1.101955883820375,2.5262301389617013e-14
189.8104105090746,-43.0175268538701,7.564791198308778,-2.3663295522584376,1.102236236510358,1.2631150694808506e-14
