galstreams/tracks/track.st.Gaia-7.ibata2024.ecsv
# %ECSV 1.0
# ---
# datatype:
# - {name: ra, unit: deg, datatype: float64}
# - {name: dec, unit: deg, datatype: float64}
# - {name: distance, unit: kpc, datatype: float64}
# - {name: pm_ra_cosdec, unit: mas / yr, datatype: float64}
# - {name: pm_dec, unit: mas / yr, datatype: float64}
# - {name: radial_velocity, unit: km / s, datatype: float64}
# delimiter: ','
# meta: !!omap
# - __serialized_columns__:
#     dec:
#       __class__: astropy.coordinates.angles.Latitude
#       unit: &id001 !astropy.units.Unit {unit: deg}
#       value: !astropy.table.SerializedColumn {name: dec}
#     distance:
#       __class__: astropy.coordinates.distances.Distance
#       unit: !astropy.units.Unit {unit: kpc}
#       value: !astropy.table.SerializedColumn {name: distance}
#     pm_dec:
#       __class__: astropy.units.quantity.Quantity
#       unit: !astropy.units.Unit {unit: mas / yr}
#       value: !astropy.table.SerializedColumn {name: pm_dec}
#     pm_ra_cosdec:
#       __class__: astropy.units.quantity.Quantity
#       unit: !astropy.units.Unit {unit: mas / yr}
#       value: !astropy.table.SerializedColumn {name: pm_ra_cosdec}
#     ra:
#       __class__: astropy.coordinates.angles.Longitude
#       unit: *id001
#       value: !astropy.table.SerializedColumn {name: ra}
#       wrap_angle: !astropy.coordinates.Angle
#         unit: *id001
#         value: 360.0
#     radial_velocity:
#       __class__: astropy.units.quantity.Quantity
#       unit: !astropy.units.Unit {unit: km / s}
#       value: !astropy.table.SerializedColumn {name: radial_velocity}
# schema: astropy-2.0
ra,dec,distance,pm_ra_cosdec,pm_dec,radial_velocity
[from data line 559]
180.40511224903443,-15.466375173739523,1.0000000000000004,-10.046831178940934,-0.1764563741498857,63.566916377458035
180.4115037138072,-15.474357300808752,1.0000000000000002,-10.046953794129633,-0.17534123663207035,63.54669848622859
180.41789596467166,-15.482339019022369,1.0,-10.047075171599595,-0.1742263160808446,63.526479396559814
180.4242890045566,-15.490320326223516,1.0000000000000002,-10.047195312567643,-0.17311161332975455,63.506259141212944
180.43068283639113,-15.49830122025515,1.0000000000000002,-10.047314218250568,-0.17199712921262922,63.48603775294924
180.43707746310434,-15.506281698959674,1.0000000000000002,-10.047431889865138,-0.1708828645635836,63.46581526453001
180.44347288762577,-15.514261760179316,1.0000000000000002,-10.047548328628073,-0.16976882021701467,63.445591708716506
180.44986911288507,-15.522241401755767,1.0000000000000002,-10.0476635357561,-0.1686549970075979,63.42536711826996
180.45626614181214,-15.530220621530535,1.0,-10.047777512465883,-0.16754139577028937,63.4051415259517
180.46266397733706,-15.538199417344586,1.0000000000000002,-10.047890259974087,-0.16642801734033164,63.38491496452296
180.46906262239023,-15.546177787038701,1.0000000000000002,-10.048001779497332,-0.16531486255324745,63.364687466745025
180.47546207990212,-15.554155728453123,1.0000000000000002,-10.048112072252218,-0.16420193224483803,63.34445906537914
180.48186235280357,-15.562133239427906,1.0000000000000002,-10.048221139455325,-0.1630892272511879,63.32422979318659
180.4882634440255,-15.570110317802573,1.0000000000000002,-10.048328982323191,-0.16197674840866005,63.30399968292865
180.49466535649924,-15.57808696141645,1.0000000000000002,-10.048435602072336,-0.16086449655390966,63.283768767366574
180.50106809315614,-15.586063168108318,1.0000000000000002,-10.048540999919258,-0.15975247252385882,63.26353707926161
180.50747165692786,-15.594038935716792,1.0000000000000002,-10.048645177080404,-0.15864067715572006,63.24330465137507
180.5138760507463,-15.60201426207992,1.0000000000000002,-10.048748134772225,-0.1575291112869821,63.22307151646822
180.52028127754357,-15.609989145035565,1.0000000000000002,-10.048849874211129,-0.15641777575542637,63.202837707302265
180.52668734025195,-15.617963582421059,1.0000000000000002,-10.048950396613485,-0.15530667139910026,63.18260325663855
180.53309424180404,-15.625937572073537,1.0000000000000002,-10.049049703195658,-0.15419579905634073,63.1623681972383
180.53950198513252,-15.6339111118296,1.0,-10.04914779517398,-0.1530851595657623,63.14213256186281
180.54591057317043,-15.641884199525629,1.0000000000000002,-10.049244673764733,-0.15197475376626812,63.12189638327335
180.552320008851,-15.649856832997532,1.0000000000000002,-10.049340340184205,-0.15086458249703893,63.10165969423113
180.55873029510758,-15.657829010080848,1.0000000000000002,-10.049434795648628,-0.14975464659752769,63.081422527497494
180.56514143487388,-15.665800728610856,1.0,-10.04952804137423,-0.14864494690748664,63.061184915833664
180.57155343108371,-15.673771986422313,1.0,-10.049620078577195,-0.14753548426692653,63.040946892000925
180.57796628667123,-15.68174278134977,1.0000000000000002,-10.04971090847368,-0.1464262595161645,63.02070848876055
180.58438000457068,-15.689713111227237,1.0000000000000002,-10.049800532279827,-0.14531727349577617,63.00046973887381
180.59079458771666,-15.697682973888522,1.0000000000000002,-10.049888951211745,-0.14420852704663423,62.980230675101964
180.5972100390439,-15.705652367166891,1.0000000000000002,-10.049976166485509,-0.14310002100988228,62.95999133020624
180.60362636148736,-15.713621288895416,1.0000000000000002,-10.050062179317164,-0.14199175622695348,62.93975173694796
180.61004355798224,-15.721589736906614,1.0000000000000002,-10.050146990922743,-0.14088373353954875,62.919511928088404
180.61646163146403,-15.7295577090328,1.0000000000000002,-10.05023060251824,-0.13977595378967234,62.8992719363888
180.62288058486828,-15.737525203105763,1.0000000000000002,-10.050313015319626,-0.1386684178195816,62.879031794610405
180.62930042113092,-15.745492216957068,1.0000000000000002,-10.050394230542832,-0.13756112647183816,62.858791535514555
180.635721143188,-15.753458748417737,1.0000000000000002,-10.05047424940378,-0.13645408058927178,62.83855119186246
180.6421427539759,-15.761424795318607,1.0000000000000002,-10.050553073118357,-0.1353472810149987,62.8183107964154
180.64856525643103,-15.769390355489936,1.0000000000000004,-10.050630702902406,-0.13424072859241143,62.79807038193465
180.65498865349025,-15.777355426761819,1.0,-10.050707139971772,-0.13313442416518928,62.77782998118149
180.66141294809051,-15.785320006963758,1.0000000000000002,-10.050782385542252,-0.13202836857728517,62.75758962691716
180.667838143169,-15.793284093925086,1.0,-10.05085644082961,-0.13092256267293978,62.737349351902964
180.67426424166317,-15.801247685474568,1.0,-10.05092930704961,-0.12981700729666912,62.71710918890012
180.68069124651063,-15.809210779440768,1.0000000000000002,-10.051000985417943,-0.12871170329327253,62.696869170669956
180.68711916064927,-15.817173373651695,1.0000000000000004,-10.051071477150325,-0.12760665150782824,62.6766293299737
180.69354798701718,-15.825135465935166,1.0000000000000002,-10.051140783462404,-0.1265018527856987,62.65638969957262
180.69997772855268,-15.833097054118424,1.0,-10.05120890556982,-0.12539730797252524,62.636150312228
180.70640838819432,-15.841058136028524,1.0000000000000002,-10.051275844688167,-0.12429301791422409,62.61591120070112
180.7128399688808,-15.849018709491956,1.0000000000000002,-10.05134160203303,-0.12318898345700235,62.595672397753205
180.71927247355117,-15.856978772335015,1.0000000000000002,-10.05140617881996,-0.12208520544733892,62.57543393614557
180.7257059051446,-15.86493832238342,1.0000000000000002,-10.051469576264475,-0.1209816847319991,62.55519584863944
180.73214026660054,-15.8728973574627,1.0000000000000002,-10.051531795582063,-0.11987842215802313,62.534958167996145
180.73857556085864,-15.880855875397875,1.0000000000000002,-10.051592837988188,-0.11877541857273632,62.51472092697687
180.7450117908587,-15.888813874013566,1.0000000000000002,-10.051652704698293,-0.11767267482373889,62.49448415834297
180.751448959541,-15.896771351134143,1.0,-10.051711396927788,-0.11657019175892458,62.474247894855644
180.75788706984562,-15.904728304583436,1.0000000000000002,-10.05176891589203,-0.11546797022644206,62.4540121692762
180.76432612471334,-15.91268473218504,1.0,-10.051825262806394,-0.1143660110747522,62.43377701436588
180.77076612708476,-15.920640631762009,1.0000000000000002,-10.051880438886181,-0.11326431515256896,62.41354246288601
180.777207079901,-15.928596001137182,1.0000000000000002,-10.051934445346701,-0.11216288330890345,62.39330854759778
180.78364898610315,-15.936550838132836,1.0000000000000002,-10.051987283403212,-0.11106171639303719,62.37307530126249
180.79009184863276,-15.944505140571039,1.0000000000000002,-10.052038954270953,-0.10996081525453683,62.35284275664144
180.79653567043138,-15.952458906273288,1.0000000000000002,-10.05208945916512,-0.1088601807432461,62.33261094649586
180.802980454441,-15.960412133060885,1.0000000000000002,-10.052138799300907,-0.10775981370929344,62.31237990358701
180.8094262036037,-15.968364818754546,1.0000000000000002,-10.052186975893461,-0.10665971500308302,62.29214966067618
180.81587292086178,-15.97631696117479,1.0000000000000002,-10.052233990157893,-0.10555988547530193,62.27192025052466
180.8223206091578,-15.984268558141583,1.0000000000000002,-10.052279843309302,-0.10446032597690724,62.251691705893684
180.8287692714346,-15.99221960747465,1.0,-10.052324536562752,-0.1033610373591558,62.231464059544514
180.8352189106351,-16.000170106993163,1.0,-10.052368071133271,-0.10226202047356026,62.21123734423846
180.8416695297026,-16.008120054516095,1.0000000000000002,-10.052410448235873,-0.10116327617193654,62.19101159273675
180.8481211315805,-16.016069447861817,1.0,-10.052451669085537,-0.10006480530636308,62.17078683780067
180.85457371921254,-16.024018284848516,1.0,-10.052491734897197,-0.09896660872920471,62.150563112191485
180.86102729554253,-16.031966563293803,1.0000000000000002,-10.05253064688578,-0.0978686872931056,62.13034044867046
180.86748186351466,-16.03991428101506,1.0000000000000002,-10.052568406266174,-0.09677104185098973,62.11011887999889
180.8739374260732,-16.047861435829123,1.0000000000000002,-10.052605014253237,-0.09567367325605813,62.08989843893799
180.88039398616286,-16.055808025552594,1.0000000000000002,-10.05264047206181,-0.09457658236179922,62.069679158249095
180.88685154672828,-16.06375404800151,1.0000000000000002,-10.052674780906681,-0.0934797700219665,62.04946107069341
180.89331011071457,-16.071699500991684,1.0000000000000002,-10.052707942002627,-0.09238323709060658,62.02924420903224
180.89976968106694,-16.079644382338365,1.0000000000000002,-10.052739956564398,-0.09128698442204453,62.00902860602684
180.9062302607309,-16.087588689856588,1.0000000000000002,-10.052770825806697,-0.09019101287087361,61.98881429443847
180.91269185265205,-16.095532421360804,1.0000000000000002,-10.05280055094421,-0.08909532329197312,61.968601307028436
180.9191544597764,-16.103475574665243,1.0000000000000002,-10.052829133191594,-0.08799991654050876,61.94838967655799
180.92561808505002,-16.111418147583578,1.0000000000000002,-10.05285657376348,-0.08690479347191715,61.92817943578835
180.93208273141929,-16.11936013792926,1.0,-10.05288287387445,-0.08580995494191024,61.907970617480856
180.93854840183081,-16.127301543515177,1.0000000000000002,-10.052908034739076,-0.08471540180649173,61.887763254396766
180.94501509923137,-16.135242362153857,1.0000000000000002,-10.052932057571898,-0.08362113492193313,61.867557379297295
180.95148282656805,-16.143182591657542,1.0000000000000002,-10.05295494358742,-0.08252715514479325,61.847353024943736
180.95795158678803,-16.151122229837913,1.0000000000000002,-10.052976694000117,-0.08143346333190005,61.82715022409738
180.96442138283885,-16.1590612745064,1.0000000000000002,-10.052997310024436,-0.08034006034037455,61.806949009519485
180.97089221766817,-16.166999723473886,1.0000000000000002,-10.05301679287479,-0.07924694702760116,61.786749413971314
180.97736409422396,-16.174937574551024,1.0,-10.053035143765568,-0.07815412425125379,61.766551470214154
180.98383701545433,-16.182874825547874,1.0000000000000002,-10.053052363911132,-0.07706159286928216,61.746355211009245
180.9903109843077,-16.190811474274273,1.0,-10.0530684545258,-0.07596935373991753,61.726160669117874
180.99678600373267,-16.1987475185395,1.0000000000000002,-10.053083416823874,-0.07487740772166207,61.70596787730129
181.00326207667808,-16.20668295615258,1.0000000000000002,-10.05309725201962,-0.07378575567331103,61.68577686832075
181.00973920609286,-16.214617784921973,1.0,-10.053109961327271,-0.07269439845391501,61.665587674937605
181.01621739492646,-16.22255200265592,1.0000000000000002,-10.053121545961037,-0.07160333692283061,61.64540032991302
181.02269664612822,-16.230485607162056,1.0,-10.05313200713509,-0.07051257193967153,61.62521486600834
181.029176962648,-16.23841859624781,1.0000000000000002,-10.053141346063573,-0.06942210436434237,61.60503131598478
181.0356583474356,-16.24635096772002,1.0000000000000002,-10.053149563960602,-0.06833193505702173,61.58484971260362
181.0421408034413,-16.25428271938529,1.0,-10.053156662040262,-0.06724206487816531,61.56467008862616
181.0486243336154,-16.262213849049658,1.0,-10.053162641516609,-0.06615249468850903,61.544492476813645
181.05510894090867,-16.270144354518905,1.0000000000000004,-10.05316750360366,-0.06506322534907305,61.52431690992733
181.06159462827176,-16.278074233598254,1.0000000000000002,-10.053171249515415,-0.06397425772113952,61.50414342072852
181.06808139865586,-16.286003484092678,1.0,-10.053173880465827,-0.06288559266628768,61.483972041978454
181.0745692550122,-16.293932103806576,1.0,-10.053175397668827,-0.06179723104636192,61.463802806438395
181.08105820029235,-16.3018600905441,1.0000000000000002,-10.05317580233832,-0.06070917372349438,61.443635746869646
181.08754823744795,-16.309787442108835,1.0000000000000002,-10.053175095688168,-0.059621421560082766,61.42347089603344
181.0940393694311,-16.317714156304127,1.0,-10.053173278932222,-0.058533975418817885,61.40330828669103
181.10053159919383,-16.325640230932713,1.0000000000000002,-10.05317035328427,-0.057446836162657,61.383147951603775
181.10702492968863,-16.333565663797128,1.0000000000000002,-10.053166319958098,-0.05636000465484159,61.362989923532844
181.11351936386814,-16.3414904526993,1.0,-10.053161180167454,-0.0552734817588858,61.342834235239536
181.12001490468518,-16.34941459544093,1.0000000000000002,-10.05315493512604,-0.054187268338586225,61.32268091948516
181.12651155509283,-16.357338089823106,1.0000000000000002,-10.053147586047544,-0.053101365258016564,61.30253000903091
181.13300931804443,-16.36526093364672,1.0,-10.05313913414562,-0.052015773381528074,61.28238153663811
181.13950819649344,-16.373183124712078,1.0000000000000002,-10.053129580633874,-0.050930493573746016,61.26223553506805
181.14600819339364,-16.381104660819094,1.0,-10.053118926725912,-0.04984552669957942,61.2420920370819
181.15250931169905,-16.3890255397674,1.0000000000000002,-10.053107173635272,-0.04876087362421,61.22195107544104
181.15901155436376,-16.396945759356026,1.0000000000000002,-10.053094322575491,-0.04767653521310011,61.20181268290667
181.1655149243423,-16.404865317383763,1.0,-10.053080374760054,-0.04659251233198658,61.181676892240084
181.17201942458925,-16.41278421164881,1.0,-10.05306533140243,-0.04550880584688688,61.161543736202525
181.17852505805948,-16.420702439949135,1.0000000000000002,-10.05304919371603,-0.04442541662409605,61.1414132475553
181.18503182770806,-16.428620000082105,1.0,-10.053031962914272,-0.04334234553017957,61.12128545905965
181.19153973649037,-16.43653688984484,1.0,-10.053013640210505,-0.04225959343199248,61.10116040347683
181.19804878736187,-16.444453107033873,1.0000000000000002,-10.052994226818072,-0.041177161196653156,61.08103811356818
181.20455898327842,-16.45236864944549,1.0000000000000002,-10.052973723950275,-0.04009504969156952,61.06091862209487
181.21107032719584,-16.460283514875382,1.0000000000000002,-10.052952132820373,-0.03901325978441683,61.040801961818225
181.2175828220705,-16.468197701118996,1.0,-10.052929454641612,-0.03793179234315591,61.02068816549952
181.22409647085874,-16.476111205971176,1.0000000000000002,-10.052905690627181,-0.03685064823601936,61.00057726589999
181.23061127651724,-16.484024027226535,1.0000000000000002,-10.052880841990268,-0.03576982833151643,60.980469295780935
181.23712724200286,-16.491936162679078,1.0,-10.05285490994401,-0.03468933349842995,60.96036428790359
181.2436443702727,-16.49984761012256,1.0000000000000002,-10.052827895701506,-0.03360916460583541,60.94026227502926
181.25016266428406,-16.507758367350146,1.0000000000000002,-10.052799800475835,-0.03252932252306451,60.92016328991919
181.25668212699455,-16.515668432154747,1.0000000000000002,-10.052770625480031,-0.031449808119738965,60.900067365334664
181.26320276136184,-16.523577802328678,1.0,-10.05274037192712,-0.030370622265754488,60.879974534036904
181.26972457034404,-16.53148647566401,1.0000000000000002,-10.052709041030061,-0.02929176583127946,60.85988482878726
181.27624755689922,-16.53939444995219,1.0000000000000002,-10.052676634001795,-0.02821323968676115,60.839798282346926
181.28277172398595,-16.547301722984447,1.0000000000000002,-10.052643152055248,-0.027135044702929267,60.81971492747721
181.28929707456274,-16.55520829255139,1.0000000000000002,-10.052608596403287,-0.026057181750777314,60.79963479693939
181.29582361158862,-16.563114156443376,1.0000000000000002,-10.052572968258751,-0.02497965170158789,60.779557923494686
181.3023513380226,-16.57101931245016,1.0000000000000002,-10.052536268834459,-0.023902455426912272,60.75948433990437
181.308880256824,-16.578923758361263,1.0000000000000002,-10.05249849934318,-0.022825593798576627,60.739414078929805
