galstreams/tracks/track.st.Jhelum-a.shipp2019.ecsv
# %ECSV 1.0
# ---
# datatype:
# - {name: ra, unit: deg, datatype: float64}
# - {name: dec, unit: deg, datatype: float64}
# - {name: distance, unit: kpc, datatype: float64}
# - {name: pm_ra_cosdec, unit: mas / yr, datatype: float64}
# - {name: pm_dec, unit: mas / yr, datatype: float64}
# - {name: radial_velocity, unit: km / s, datatype: float64}
# delimiter: ','
# meta: !!omap
# - __serialized_columns__:
#     dec:
#       __class__: astropy.coordinates.angles.Latitude
#       unit: &id001 !astropy.units.Unit {unit: deg}
#       value: !astropy.table.SerializedColumn {name: dec}
#     distance:
#       __class__: astropy.coordinates.distances.Distance
#       unit: !astropy.units.Unit {unit: kpc}
#       value: !astropy.table.SerializedColumn {name: distance}
#     pm_dec:
#       __class__: astropy.units.quantity.Quantity
#       unit: !astropy.units.Unit {unit: mas / yr}
#       value: !astropy.table.SerializedColumn {name: pm_dec}
#     pm_ra_cosdec:
#       __class__: astropy.units.quantity.Quantity
#       unit: !astropy.units.Unit {unit: mas / yr}
#       value: !astropy.table.SerializedColumn {name: pm_ra_cosdec}
#     ra:
#       __class__: astropy.coordinates.angles.Longitude
#       unit: *id001
#       value: !astropy.table.SerializedColumn {name: ra}
#       wrap_angle: !astropy.coordinates.Angle
#         unit: *id001
#         value: 360.0
#     radial_velocity:
#       __class__: astropy.units.quantity.Quantity
#       unit: !astropy.units.Unit {unit: km / s}
#       value: !astropy.table.SerializedColumn {name: radial_velocity}
# schema: astropy-2.0
ra,dec,distance,pm_ra_cosdec,pm_dec,radial_velocity
[from data line 1867]
350.95327116866383,-51.51608104556526,13.199999999999994,6.547439989034985,-4.0284493143684035,22.879417474547203
350.9693464968587,-51.51665267028752,13.199999999999998,6.548196759430498,-4.027141238521161,22.930164491907625
350.9854222277761,-51.51722209694652,13.199999999999996,6.548953306997287,-4.025832966201795,22.980911509268267
351.00149835988225,-51.51778932542564,13.199999999999996,6.549709631565177,-4.024524497621306,23.031658526628807
351.01757489164333,-51.51835435560862,13.199999999999998,6.550465732964123,-4.023215832990822,23.082405543989346
351.033651821525,-51.51891718737958,13.199999999999996,6.551221611024218,-4.021906972521616,23.13315256134975
351.04972914799265,-51.51947782062306,13.199999999999998,6.551977265575659,-4.020597916425077,23.18389957871051
351.0658068695114,-51.52003625522393,13.199999999999996,6.552732696448781,-4.019288664912756,23.23464659607093
351.0818849845461,-51.52059249106745,13.199999999999998,6.553487903474037,-4.017979218196312,23.285393613431538
351.0979634915613,-51.52114652803928,13.199999999999996,6.554242886482012,-4.016669576487551,23.336140630792144
351.1140423890211,-51.52169836602545,13.199999999999998,6.554997645303402,-4.015359739998414,23.386887648152566
351.1301216753896,-51.52224800491236,13.199999999999996,6.555752179769049,-4.014049708940966,23.43763466551319
351.1462013491303,-51.52279544458681,13.199999999999996,6.556506489709901,-4.012739483527412,23.488381682873765
351.1622814087066,-51.523340684935974,13.199999999999998,6.5572605749570405,-4.011429063970091,23.539128700234354
351.1783618525815,-51.523883725847384,13.199999999999996,6.558014435341677,-4.0101184504814755,23.58987571759481
351.19444267921773,-51.52442456720898,13.199999999999996,6.55876807069514,-4.008807643274166,23.64062273495535
351.2105238870778,-51.52496320890907,13.199999999999996,6.5595214808488915,-4.007496642560899,23.69136975231594
351.2266054746239,-51.52549965083634,13.199999999999996,6.56027466563452,-4.006185448554542,23.74211676967655
351.2426874403178,-51.52603389287987,13.199999999999998,6.561027624883723,-4.0048740614681035,23.792863787036868
351.25876978262124,-51.52656593492912,13.199999999999996,6.561780358428358,-4.003562481514706,23.843610804397542
351.27485249999546,-51.527095776873914,13.199999999999996,6.562532866100374,-4.002250708907622,23.89435782175815
351.2909355909014,-51.52762341860446,13.199999999999996,6.563285147731867,-4.000938743860248,23.94510483911879
351.3070190537998,-51.52814886001136,13.199999999999996,6.564037203155058,-3.999626586586116,23.995851856479263
351.32310288715126,-51.52867210098559,13.199999999999998,6.56478903220229,-3.9983142372988802,24.04659887383982
351.3391870894158,-51.52919314141851,13.199999999999998,6.565540634706037,-3.9970016962123402,24.097345891200376
351.35527165905336,-51.52971198120186,13.199999999999996,6.5662920104989,-3.99568896354042,24.14809290856083
351.37135659452355,-51.53022862022774,13.199999999999996,6.567043159413609,-3.9943760394971672,24.19883992592149
351.3874418942856,-51.53074305838868,13.199999999999996,6.567794081283011,-3.993062924296777,24.249586943281894
351.4035275567986,-51.53125529557755,13.199999999999996,6.568544775940101,-3.9917496181535577,24.3003339606425
351.4196135805214,-51.53176533168762,13.199999999999998,6.569295243217981,-3.9904361212819652,24.35108097800294
351.43569996391244,-51.53227316661255,13.199999999999996,6.570045482949898,-3.989122433896569,24.401827995363632
351.4517867054298,-51.53277880024634,13.199999999999996,6.570795494969218,-3.9878085562120864,24.45257501272412
351.46787380353163,-51.53328223248341,13.199999999999998,6.571545279109436,-3.9864944884433475,24.503322030084643
351.48396125667546,-51.53378346321856,13.199999999999996,6.572294835204187,-3.9851802308053292,24.55406904744515
351.5000490633188,-51.534282492346954,13.199999999999996,6.573044163087218,-3.983865783513119,24.604816064805775
351.5161372219186,-51.53477931976417,13.199999999999996,6.57379326259241,-3.9825511467819554,24.655563082166296
351.5322257309318,-51.53527394536612,13.199999999999996,6.574542133553787,-3.98123632082719,24.706310099526956
351.548314588815,-51.53576636904914,13.199999999999996,6.575290775805482,-3.979921305864315,24.75705711688746
351.56440379402443,-51.53625659070994,13.199999999999996,6.576039189181772,-3.978606102108941,24.807804134248016
351.58049334501624,-51.5367446102456,13.199999999999994,6.576787373517059,-3.9772907097768173,24.85855115160854
351.59658324024616,-51.537230427553574,13.199999999999996,6.577535328645869,-3.9759751290838157,24.90929816896903
351.6126734781697,-51.53771404253174,13.199999999999998,6.578283054402876,-3.9746593602459344,24.960045186329754
351.6287640572421,-51.53819545507831,13.199999999999996,6.579030550622863,-3.973343403479314,25.010792203690293
351.64485497591835,-51.53867466509191,13.199999999999996,6.579777817140756,-3.9720272590002095,25.06153922105075
351.6609462326532,-51.53915167247153,13.199999999999996,6.5805248537916015,-3.9707109270250083,25.11228623841117
351.6770378259011,-51.53962647711657,13.199999999999994,6.581271660410596,-3.9693944077702215,25.163033255771897
351.6931297541162,-51.5400990789268,13.199999999999994,6.5820182368330435,-3.9680777014525033,25.21378027313232
351.7092220157526,-51.54056947780234,13.199999999999998,6.5827645828943915,-3.9667608082886123,25.264527290492943
351.7253146092638,-51.54103767364376,13.199999999999996,6.583510698430222,-3.9654437284954573,25.31527430785353
351.74140753310337,-51.54150366635193,13.199999999999994,6.584256583276237,-3.964126462290059,25.36602132521404
351.75750078572435,-51.541967455828186,13.199999999999992,6.585002237268283,-3.9628090098895736,25.416768342574645
351.7735943655798,-51.54242904197419,13.199999999999994,6.585747660242322,-3.961491371511279,25.46751535993503
351.78968827112226,-51.54288842469203,13.199999999999998,6.586492852034461,-3.9601735473725848,25.518262377295606
351.8057825008043,-51.54334560388413,13.199999999999998,6.587237812480944,-3.9588555376910177,25.569009394656213
351.82187705307797,-51.54380057945333,13.199999999999996,6.587982541418127,-3.957537342684244,25.619756412016873
351.83797192639514,-51.54425335130285,13.199999999999998,6.58872703868251,-3.9562189625700546,25.67050342937721
351.8540671192076,-51.54470391933631,13.199999999999996,6.589471304110731,-3.9549003975663535,25.7212504467378
351.8701626299667,-51.54515228345766,13.199999999999998,6.590215337539552,-3.9535816478911805,25.771997464098423
351.8862584571237,-51.54559844357129,13.199999999999996,6.5909591388058715,-3.952262713762703,25.822744481459047
351.9023545991293,-51.54604239958194,13.199999999999996,6.591702707746713,-3.9509435953992122,25.87349149881942
351.9184510544344,-51.54648415139477,13.199999999999996,6.59244604419925,-3.9496242930191197,25.924238516180008
351.9345478214894,-51.546923698915286,13.199999999999996,6.593189148000774,-3.9483048068409663,25.974985533540668
351.9506448987443,-51.54736104204937,13.199999999999996,6.59393201898871,-3.946985137083423,26.02573255090109
351.96674228464934,-51.54779618070335,13.199999999999994,6.5946746570006285,-3.9456652839652735,26.07647956826173
351.982839977654,-51.548229114783894,13.199999999999998,6.595417061874221,-3.9443452477054413,26.127226585622186
351.9989379762079,-51.54865984419805,13.199999999999994,6.596159233447327,-3.9430250285229604,26.177973602982792
352.01503627876014,-51.54908836885325,13.199999999999996,6.596901171557901,-3.9417046266369997,26.228720620343296
352.0311348837599,-51.54951468865734,13.199999999999994,6.597642876044051,-3.940384042266844,26.279467637703988
352.04723378965565,-51.54993880351852,13.199999999999996,6.598384346744001,-3.939063275631912,26.33021465506441
352.0633329948962,-51.55036071334541,13.199999999999996,6.599125583496128,-3.9377423269517324,26.38096167242505
352.0794324979297,-51.55078041804697,13.199999999999996,6.599866586138928,-3.9364211964459743,26.43170868978561
352.0955322972042,-51.551197917532576,13.199999999999994,6.600607354511042,-3.935099884334419,26.482455707146165
352.1116323911676,-51.55161321171198,13.199999999999998,6.601347888451237,-3.9337783908369746,26.53320272450667
352.1277327782674,-51.55202630049532,13.199999999999996,6.602088187798428,-3.9324567161736725,26.58394974186721
352.14383345695103,-51.552437183793124,13.199999999999996,6.602828252391653,-3.9311348605646605,26.634696759227886
352.15993442566554,-51.55284586151627,13.199999999999996,6.603568082070085,-3.9298128242302304,26.68544377658819
352.176035682858,-51.5532523335761,13.199999999999996,6.6043076766730495,-3.9284906073907626,26.736190793948914
352.1921372269749,-51.553656599884256,13.199999999999996,6.605047036039986,-3.927168210266796,26.786937811309386
352.20823905646284,-51.554058660352815,13.199999999999996,6.605786160010484,-3.925845633078965,26.83768482866998
352.22434116976797,-51.55445851489422,13.199999999999996,6.606525048424259,-3.9245228760480413,26.888431846030414
352.2404435653363,-51.55485616342131,13.199999999999996,6.6072637011211715,-3.9231999393949106,26.93917886339092
352.25654624161365,-51.5552516058473,13.199999999999998,6.608002117941217,-3.921876823340581,26.989925880751645
352.27264919704555,-51.55564484208582,13.199999999999998,6.608740298724519,-3.9205535281061956,27.040672898112035
352.28875243007735,-51.55603587205084,13.199999999999996,6.609478243311354,-3.919230053912995,27.09141991547276
352.3048559391542,-51.55642469565674,13.199999999999994,6.610215951542118,-3.917906400982366,27.142166932833216
352.32095972272094,-51.55681131281828,13.199999999999996,6.610953423257351,-3.9165825695357954,27.192913950193788
352.3370637792223,-51.55719572345063,13.199999999999998,6.611690658297732,-3.915258559794905,27.243660967554312
352.3531681071028,-51.55757792746931,13.199999999999998,6.612427656504078,-3.913934371981431,27.2944079849149
352.3692727048067,-51.55795792479025,13.199999999999996,6.613164417717336,-3.912610006317233,27.345155002275508
352.3853775707779,-51.55833571532975,13.199999999999996,6.613900941778595,-3.9112854630242913,27.395902019635965
352.4014827034604,-51.55871129900449,13.199999999999996,6.614637228529089,-3.9099607423247034,27.44664903699647
352.41758810129767,-51.559084675731604,13.199999999999998,6.615373277810174,-3.908635844440686,27.49739605435706
352.43369376273324,-51.55945584542852,13.199999999999998,6.616109089463362,-3.9073107695945817,27.548143071717668
352.44979968621027,-51.55982480801308,13.199999999999996,6.616844663330288,-3.9059855180088476,27.598890089078257
352.4659058701717,-51.56019156340355,13.199999999999996,6.6175799992527296,-3.90466008990607,27.649637106438597
352.48201231306047,-51.56055611151856,13.199999999999996,6.61831509707261,-3.903334485508931,27.70038412379937
352.4981190133189,-51.56091845227711,13.199999999999994,6.6190499566319785,-3.9020087050402648,27.751131141159743
352.5142259693896,-51.561278585598586,13.199999999999998,6.619784577773037,-3.9006827487229945,27.801878158520264
352.5303331797147,-51.56163651140281,13.199999999999996,6.620518960338119,-3.899356616780178,27.852625175881006
352.54644064273606,-51.56199222960992,13.199999999999998,6.621253104169692,-3.8980303094349917,27.903372193241548
352.56254835689555,-51.562345740140515,13.199999999999996,6.621987009110371,-3.896703826910728,27.954119210602087
352.57865632063465,-51.562697042915524,13.199999999999994,6.622720675002912,-3.8953771694307973,28.00486622796266
352.5947645323947,-51.56304613785627,13.199999999999996,6.623454101690191,-3.8940503372187267,28.05561324532303
352.61087299061705,-51.56339302488449,13.199999999999994,6.624187289015258,-3.892723330498158,28.10636026268374
352.62698169374255,-51.56373770392229,13.199999999999994,6.6249202368212705,-3.8913961494928615,28.15710728004428
352.6430906402119,-51.56408017489217,13.199999999999996,6.625652944951538,-3.8900687944267194,28.207854297404666
352.6591998284658,-51.56442043771701,13.199999999999996,6.626385413249521,-3.8887412655237257,28.258601314765308
352.67530925694456,-51.56475849232009,13.199999999999996,6.627117641558803,-3.8874135630079962,28.309348332126
352.69141892408834,-51.56509433862504,13.199999999999998,6.627849629723114,-3.8860856871037748,28.36009534948637
352.7075288283372,-51.565427976555945,13.199999999999998,6.628581377586325,-3.884757638035399,28.41084236684701
352.723638968131,-51.565759406037195,13.199999999999998,6.629312884992451,-3.883429416027343,28.461589384207432
352.73974934190926,-51.56608862699366,13.199999999999996,6.630044151785647,-3.8821010213041873,28.51233640156804
352.7558599481115,-51.56641563935051,13.199999999999994,6.630775177810204,-3.8807724540906303,28.56308341892868
352.7719707851768,-51.56674044303335,13.199999999999996,6.631505962910552,-3.879443714611493,28.613830436289188
352.78808185154435,-51.56706303796819,13.199999999999996,6.632236506931273,-3.8781148030917034,28.664577453649827
352.80419314565296,-51.56738342408137,13.199999999999998,6.6329668097170815,-3.876785719756313,28.715324471010234
352.8203046659414,-51.56770160129966,13.199999999999996,6.63369687111284,-3.875456464830476,28.766071488370873
352.836416410848,-51.56801756955021,13.199999999999994,6.6344266909635445,-3.8741270385394837,28.816818505731295
352.8525283788113,-51.56833132876055,13.199999999999996,6.6351562691143435,-3.8727974411087205,28.86756552309185
352.8686405682693,-51.568642878858604,13.199999999999998,6.635885605410516,-3.8714676727636936,28.918312540452494
352.88475297765996,-51.56895221977269,13.199999999999998,6.63661469969749,-3.870137733730033,28.969059557813065
352.900865605421,-51.56925935143152,13.199999999999996,6.637343551820839,-3.8688076242334803,29.019806575173487
352.91697844999027,-51.569564273764165,13.199999999999998,6.6380721616262655,-3.867477344499873,29.070553592534214
352.9330915098049,-51.56986698670009,13.199999999999998,6.638800528959633,-3.866146894755195,29.121300609894785
352.9492047833023,-51.57016749016918,13.199999999999996,6.6395286536669325,-3.864816275225519,29.172047627255328
352.9653182689195,-51.57046578410169,13.199999999999996,6.640256535594304,-3.863485486137045,29.222794644615867
352.98143196509335,-51.57076186842824,13.199999999999996,6.640984174588027,-3.8621545277160783,29.27354166197624
352.9975458702607,-51.57105574307989,13.199999999999996,6.6417115704945315,-3.8608234001890436,29.324288679336792
353.01365998285803,-51.57134740798803,13.199999999999996,6.642438723160388,-3.859492103782471,29.375035696697367
353.0297743013217,-51.571636863084485,13.199999999999998,6.643165632432304,-3.8581606387230165,29.42578271405794
353.045888824088,-51.571924108301445,13.199999999999998,6.6438922981571364,-3.85682900523744,29.476529731418616
353.06200354959293,-51.57220914357149,13.199999999999994,6.64461872018189,-3.855497203552618,29.527276748779105
353.0781184762724,-51.57249196882761,13.199999999999996,6.6453448983537,-3.8541652338955372,29.578023766139694
353.0942336025621,-51.57277258400315,13.199999999999996,6.6460708325198565,-3.852833096493299,29.62877078350015
353.1103489268976,-51.57305098903186,13.199999999999996,6.646796522527795,-3.851500791573113,29.679517800860808
353.12646444771417,-51.573327183847894,13.199999999999996,6.647521968225084,-3.8501683193623073,29.730264818221162
353.1425801634473,-51.57360116838576,13.199999999999998,6.648247169459451,-3.848835680088314,29.78101183558175
353.1586960725318,-51.5738729425804,13.199999999999996,6.648972126078756,-3.8475028739786854,29.831758852942325
353.17481217340276,-51.574142506367096,13.199999999999996,6.649696837931015,-3.8461699012610775,29.882505870302918
353.19092846449473,-51.57440985968157,13.199999999999998,6.650421304864372,-3.8448367621632666,29.933252887663457
353.20704494424245,-51.5746750024599,13.199999999999996,6.651145526727132,-3.8435034569131337,29.98399990502393
