galstreams/tracks/track.st.NGC2808.ibata2021.ecsv
# %ECSV 0.9
# ---
# datatype:
# - {name: ra, unit: deg, datatype: float64}
# - {name: dec, unit: deg, datatype: float64}
# - {name: distance, unit: kpc, datatype: float64}
# - {name: pm_ra_cosdec, unit: mas / yr, datatype: float64}
# - {name: pm_dec, unit: mas / yr, datatype: float64}
# - {name: radial_velocity, unit: km / s, datatype: float64}
# delimiter: ','
# meta: !!omap
# - __serialized_columns__:
#     dec:
#       __class__: astropy.coordinates.angles.Latitude
#       unit: &id001 !astropy.units.Unit {unit: deg}
#       value: !astropy.table.SerializedColumn {name: dec}
#     distance:
#       __class__: astropy.coordinates.distances.Distance
#       unit: !astropy.units.Unit {unit: kpc}
#       value: !astropy.table.SerializedColumn {name: distance}
#     pm_dec:
#       __class__: astropy.units.quantity.Quantity
#       unit: !astropy.units.Unit {unit: mas / yr}
#       value: !astropy.table.SerializedColumn {name: pm_dec}
#     pm_ra_cosdec:
#       __class__: astropy.units.quantity.Quantity
#       unit: !astropy.units.Unit {unit: mas / yr}
#       value: !astropy.table.SerializedColumn {name: pm_ra_cosdec}
#     ra:
#       __class__: astropy.coordinates.angles.Longitude
#       unit: *id001
#       value: !astropy.table.SerializedColumn {name: ra}
#       wrap_angle: !astropy.coordinates.Angle
#         unit: *id001
#         value: 360.0
#     radial_velocity:
#       __class__: astropy.units.quantity.Quantity
#       unit: !astropy.units.Unit {unit: km / s}
#       value: !astropy.table.SerializedColumn {name: radial_velocity}
# schema: astropy-2.0
ra,dec,distance,pm_ra_cosdec,pm_dec,radial_velocity
[from data line 411]
129.1582655022673,-60.482531754918874,6.083785889921171,4.983800124889344,-2.477001099938539,-1.2631150694808506e-14
129.17159929481306,-60.490083885104454,6.091522571448907,4.981844682056631,-2.473609606921068,-4.631421921429786e-14
129.18493911505232,-60.49763475700542,6.099248023859067,4.979887081871501,-2.470220333108972,-4.631421921429786e-14
129.19828496291223,-60.50518437111425,6.106962250090242,4.977927329890203,-2.466833281163596,-4.631421921429786e-14
129.21163683832054,-60.51273272792409,6.114665253081022,4.9759654316716775,-2.4634484537430716,-3.789345208442552e-14
129.22499474120534,-60.5202798279286,6.122357035769995,4.974001392777547,-2.460065853502324,-4.210383564936169e-15
129.23835867149543,-60.52782567162225,6.130037601095748,4.9720352187721435,-2.4566854830930476,-8.420767129872338e-15
129.2517286291204,-60.53537025950016,6.137706951996872,4.970066915222487,-2.453307345163692,-6.315575347404254e-14
129.26510461401006,-60.54291359205802,6.145365091411957,4.96809648769829,-2.4499314423594813,-2.947268495455318e-14
129.27848662609506,-60.55045566979233,6.153012022279591,4.966123941771962,-2.446557777322387,-2.947268495455318e-14
129.29187466530647,-60.55799649320008,6.16064774753836,4.9641492830186085,-2.4431863526911286,-5.0524602779234026e-14
129.30526873157615,-60.56553606277908,6.168272270126856,4.962172517016036,-2.4398171711011543,-2.947268495455318e-14
129.31866882483644,-60.5730743790278,6.1758855929836685,4.96019364934474,-2.4364502351846435,-3.368306851948935e-14
129.33207494502022,-60.58061144244524,6.183487719047383,4.958212685587921,-2.4330855475705135,-2.1051917824680846e-14
129.3454870920611,-60.5881472535312,6.191078651256591,4.956229631331471,-2.4297231108843835,-4.210383564936169e-14
129.3589052658933,-60.59568181278616,6.19865839254988,4.954244492163992,-2.4263629277485768,-2.5262301389617013e-14
129.37232946645145,-60.603215120711155,6.206226945865838,4.952257273676772,-2.423005000782139,-5.0524602779234026e-14
129.38575969367108,-60.610747177808044,6.213784314143057,4.950267981463807,-2.4196493326007813,-5.4734986344170195e-14
129.3991959474881,-60.61827798457919,6.221330500320125,4.9482766211217895,-2.4162959258169296,-5.4734986344170195e-14
129.41263822783912,-60.62580754152775,6.228865507335629,4.946283198250112,-2.4129447830396704,-3.789345208442552e-14
129.4260865346615,-60.63333584915758,6.23638933812816,4.944287718450876,-2.4095959068747628,-6.73661370389787e-14
129.43954086789296,-60.64086290797308,6.243901995636306,4.942290187328871,-2.4062492999246414,-2.947268495455318e-14
129.45300122747207,-60.64838871847941,6.251403482798654,4.940290610491606,-2.402904964788391,-6.315575347404254e-14
129.466467613338,-60.655913281182464,6.258893802553796,4.938288993549281,-2.3995629040617388,-4.631421921429786e-14
129.4799400254304,-60.66343659658867,6.2663729578403204,4.936285342114795,-2.3962231203370745,-2.5262301389617013e-14
129.4934184636898,-60.67095866520526,6.2738409515968145,4.934279661803764,-2.3928856162034027,-5.0524602779234026e-14
129.5069029280571,-60.678479487540045,6.281297786761868,4.932271958234496,-2.38955039424637,-5.4734986344170195e-14
129.520393418474,-60.68599906410161,6.288743466274068,4.9302622370280105,-2.3862174570482386,-3.789345208442552e-14
129.53388993488292,-60.6935173953992,6.296177993072007,4.928250503808031,-2.382886807187875,-3.789345208442552e-14
129.54739247722674,-60.70103448194263,6.303601370094271,4.926236764200982,-2.3795584472407687,-5.0524602779234026e-14
129.5609010454491,-60.708550324242545,6.311013600279453,4.924221023835992,-2.3762323797789966,-5.0524602779234026e-14
129.5744156394944,-60.71606492281024,6.318414686566136,4.922203288344912,-2.372908607371222,-3.789345208442552e-14
129.5879362593074,-60.72357827815759,6.325804631892909,4.920183563362278,-2.369587132582714,-3.368306851948935e-14
129.60146290483388,-60.7310903907973,6.333183439198368,4.918161854525345,-2.366267957975288,-4.210383564936169e-14
129.61499557601994,-60.73860126124261,6.340551111421096,4.91613816747407,-2.3629510861073575,-3.789345208442552e-14
129.62853427281263,-60.74611089000757,6.347907651499682,4.914112507851122,-2.359636519533876,-2.947268495455318e-14
129.64207899515955,-60.753619277606916,6.355253062372717,4.912084881301874,-2.356324260806358,-4.631421921429786e-14
129.65562974300894,-60.761126424555904,6.362587346978789,4.91005529347441,-2.3530143124728746,-5.4734986344170195e-14
129.6691865163098,-60.7686323313707,6.369910508256486,4.90802375001952,-2.3497066770780206,-3.789345208442552e-14
129.68274931501182,-60.776136998568056,6.3772225491444,4.905990256590706,-2.3464013571629323,-3.368306851948935e-14
129.6963181390652,-60.78364042666533,6.384523472581114,4.903954818844178,-2.343098355265276,-2.947268495455318e-14
129.70989298842102,-60.7911426161807,6.3918132815052235,4.90191744243885,-2.3397976739192248,-5.0524602779234026e-14
129.72347386303105,-60.798643567633036,6.3990919788553144,4.899878133036358,-2.33649931565546,-4.631421921429786e-14
129.73706076284762,-60.806143281541736,6.406359567569975,4.897836896301037,-2.333203283001181,-3.368306851948935e-14
129.7506536878239,-60.813641758427124,6.413616050587795,4.895793737899941,-2.329909578480067,-2.947268495455318e-14
129.7642526379135,-60.82113899880997,6.420861430847363,4.89374866350282,-2.3266182046123003,-6.73661370389787e-14
129.77785761307115,-60.82863500321196,6.428095711287267,4.891701678782159,-2.3233291639145275,-1.2631150694808506e-14
129.791468613252,-60.83612977215537,6.435318894846098,4.889652789413134,-2.3200424588998736,-2.947268495455318e-14
129.8050856384118,-60.843623306163074,6.442530984462441,4.88760200107364,-2.3167580920779436,-4.631421921429786e-14
129.81870868850743,-60.85111560575884,6.449731983074892,4.885549319444281,-2.313476065954774,-4.210383564936169e-14
129.83233776349613,-60.85860667146705,6.456921893622034,4.883494750208382,-2.3101963830328724,-2.947268495455318e-14
129.8459728633359,-60.86609650381267,6.464100719042455,4.8814382990519665,-2.3069190458111932,-7.157652060391487e-14
129.85961398798574,-60.873585103321574,6.47126846227475,4.879379971663785,-2.3036440567851018,-3.368306851948935e-14
129.8732611374049,-60.88107247052011,6.4784251262575,4.877319773735288,-2.300371418446426,-4.210383564936169e-14
129.88691431155382,-60.88855860593548,6.4855707139293015,4.875257710960648,-2.2971011332833875,-2.947268495455318e-14
129.90057351039346,-60.89604351009559,6.492705228228737,4.873193789036749,-2.2938332037806335,-7.157652060391487e-14
129.9142387338855,-60.90352718352889,6.4998286720944005,4.871128013663183,-2.290567632419219,-6.315575347404254e-14
129.92790998199237,-60.91100962676471,6.506941048464877,4.869060390542264,-2.2873044216765948,-5.894536990910637e-14
129.94158725467744,-60.918490840333014,6.514042360278758,4.866990925379016,-2.284043574026594,-5.0524602779234026e-14
129.95527055190445,-60.92597082476441,6.521132610474631,4.864919623881171,-2.2807850919394594,-4.631421921429786e-14
129.9689598736382,-60.93344958059027,6.528211801991086,4.862846491759186,-2.2775289778817873,-6.315575347404254e-14
129.98265521984425,-60.94092710834272,6.535279937766711,4.8607715347262275,-2.274275234316544,-6.315575347404254e-14
129.99635659048863,-60.94840340855445,6.542337020740094,4.858694758498176,-2.2710238637030753,-4.210383564936169e-14
130.01006398553847,-60.955878481759,6.549383053849826,4.856616168793627,-2.2677748684970593,-4.210383564936169e-14
130.02377740496132,-60.96335232849046,6.556418040034494,4.854535771333889,-2.264528251150546,-5.894536990910637e-14
130.03749684872585,-60.97082494928377,6.563441982232688,4.8524535718429895,-2.2612840141119013,-3.368306851948935e-14
130.05122231680133,-60.97829634467456,6.570454883382996,4.8503695760476715,-2.2580421598258305,-4.210383564936169e-14
130.0649538091577,-60.98576651519906,6.5774567464240095,4.848283789677387,-2.254802690733373,-2.5262301389617013e-14
130.07869132576587,-60.99323546139428,6.584447574294313,4.846196218464307,-2.251565609271873,-2.5262301389617013e-14
130.09243486659747,-61.000703183798,6.591427369932499,4.844106868143326,-2.2483309178749904,-5.4734986344170195e-14
130.1061844316248,-61.008169682948555,6.598396136277154,4.842015744452038,-2.245098618972688,-5.0524602779234026e-14
130.11994002082116,-61.01563495938516,6.605353876266868,4.8399228531307665,-2.2418687149912175,-6.315575347404254e-14
130.13370163416042,-61.023099013647595,6.6123005928402305,4.83782819992254,-2.238641208353127,-3.368306851948935e-14
130.14746927161735,-61.03056184627643,6.619236288935829,4.835731790573113,-2.2354161014772407,-5.4734986344170195e-14
130.16124293316764,-61.03802345781298,6.626160967492254,4.83363363083095,-2.2321933967786403,-2.947268495455318e-14
130.17502261878747,-61.045483848799165,6.633074631448096,4.831533726447227,-2.228973096668703,-2.947268495455318e-14
130.18880832845414,-61.05294301977769,6.639977283741937,4.829432083175849,-2.225755203555037,-2.947268495455318e-14
130.20260006214565,-61.06040097129202,6.646868927312372,4.827328706773427,-2.2225397198415062,-5.4734986344170195e-14
130.21639781984067,-61.067857703886204,6.653749565097989,4.825223602999289,-2.2193266479282303,-4.210383564936169e-14
130.23020160151896,-61.07531321810514,6.660619200037373,4.8231167776154855,-2.2161159902115406,-2.947268495455318e-14
130.2440114071608,-61.08276751449429,6.667477835069118,4.821008236386769,-2.2129077490840223,-5.4734986344170195e-14
130.25782723674752,-61.09022059360001,6.67432547313181,4.818897985080625,-2.2097019269344593,-2.947268495455318e-14
130.2716490902612,-61.097672455969274,6.68116211716404,4.816786029467245,-2.206498526147854,-7.157652060391487e-14
130.28547696768473,-61.105123102149754,6.687987770104395,4.814672375319541,-2.203297549105421,-2.5262301389617013e-14
130.29931086900183,-61.112572532689875,6.694802434891463,4.812557028413133,-2.200098998184564,-3.368306851948935e-14
130.3131507941972,-61.12002074813884,6.7016061144638375,4.810439994526373,-2.196902875758874,-4.210383564936169e-14
130.32699674325607,-61.127467749046424,6.708398811760102,4.808321279440312,-2.1937091841981395,-2.1051917824680846e-14
130.34084871616486,-61.134913535963285,6.715180529718849,4.806200888938728,-2.1905179258683054,-6.73661370389787e-14
130.35470671291057,-61.14235810944066,6.721951271278664,4.804078828808109,-2.1873291031315,-5.894536990910637e-14
130.3685707334812,-61.1498014700306,6.7287110393781395,4.80195510483766,-2.1841427183459965,-3.368306851948935e-14
130.38244077786564,-61.157243618285904,6.735459836955861,4.799829722819311,-2.18095877386623,-5.0524602779234026e-14
130.39631684605345,-61.16468455475995,6.74219766695042,4.797702688547687,-2.177777272042783,-6.315575347404254e-14
130.41019893803522,-61.17212428000699,6.748924532300406,4.795574007820153,-2.174598215222364,-2.1051917824680846e-14
130.4240870538024,-61.179562794581955,6.755640435944402,4.793443686436774,-2.1714216057478186,-5.894536990910637e-14
130.43798119334718,-61.18700009904042,6.762345380821005,4.791311730200333,-2.1682474459581176,-5.894536990910637e-14
130.45188135666274,-61.194436193938806,6.7690393698688,4.789178144916333,-2.1650757381883423,-4.631421921429786e-14
130.46578754374318,-61.20187107983424,6.775722406026375,4.787042936392989,-2.1619064847696725,-3.789345208442552e-14
130.47969975458327,-61.209304757284464,6.782394492232321,4.784906110441231,-2.1587396880294096,-3.368306851948935e-14
130.49361798917892,-61.216737226848096,6.7890556314252235,4.782767672874705,-2.1555753502909223,-5.4734986344170195e-14
130.5075422475267,-61.22416848908434,6.795705826543675,4.7806276295097705,-2.1524134738736884,-7.157652060391487e-14
130.52147252962422,-61.23159854455325,6.802345080526264,4.778485986165503,-2.149254061093239,-5.0524602779234026e-14
130.53540883547004,-61.2390273938156,6.8089733963115755,4.776342748663696,-2.146097114261185,-3.368306851948935e-14
130.54935116506337,-61.246455037432746,6.815590776838205,4.774197922828849,-2.1429426356852086,-4.631421921429786e-14
130.56329951840453,-61.25388147596696,6.822197225044734,4.772051514488185,-2.139790627669033,-4.631421921429786e-14
130.57725389549478,-61.26130670998119,6.828792743869758,4.769903529471637,-2.1366410925124244,-5.0524602779234026e-14
130.59121429633606,-61.26873074003903,6.835377336251863,4.767753973611846,-2.133494032511211,-5.894536990910637e-14
130.60518072093151,-61.276153566704934,6.841951005129635,4.765602852744183,-2.130349449957225,-5.4734986344170195e-14
130.61915316928489,-61.28357519054394,6.848513753441667,4.763450172706714,-2.1272073471383472,-4.210383564936169e-14
130.63313164140115,-61.29099561212197,6.855065584126548,4.761295939340228,-2.1240677263384544,-3.368306851948935e-14
130.64711613728602,-61.298414832005626,6.861606500122864,4.759140158488229,-2.1209305898374424,-6.73661370389787e-14
130.6611066569462,-61.30583285076218,6.868136504369205,4.756982835996928,-2.1177959399112116,-2.1051917824680846e-14
130.67510320038923,-61.31324966895972,6.87465559980416,4.754823977715253,-2.114663778831655,-6.73661370389787e-14
130.68910576762386,-61.320665287167074,6.88116378936632,4.7526635894948415,-2.1115341088666333,-7.999728773378721e-14
130.7031143586594,-61.32807970595372,6.887661075994271,4.750501677190047,-2.1084069322800154,-2.1051917824680846e-14
130.71712897350633,-61.335492925889966,6.894147462626602,4.748338246657929,-2.1052822513316287,-3.368306851948935e-14
130.73114961217615,-61.34290494754684,6.900622952201904,4.746173303758264,-2.1021600682772497,-6.315575347404254e-14
130.74517627468109,-61.35031577149603,6.907087547658764,4.744006854353538,-2.0990403853686366,-5.894536990910637e-14
130.75920896103457,-61.3577253983101,6.91354125193577,4.741838904308951,-2.0959232048534715,-1.2631150694808506e-14
130.77324767125066,-61.36513382856218,6.919984067971514,4.739669459492403,-2.092808528975402,-4.631421921429786e-14
130.78729240534474,-61.37254106282631,6.9264159987045835,4.737498525774519,-2.0896963599739866,-4.631421921429786e-14
130.801343163333,-61.37994710167721,6.9328370470735665,4.7353261090286285,-2.086586700084715,-2.5262301389617013e-14
130.8153999452325,-61.38735194569025,6.939247216017052,4.733152215130765,-2.0834795515390088,-5.0524602779234026e-14
130.82946275106144,-61.394755595441666,6.945646508473632,4.730976849959678,-2.080374916564184,-4.210383564936169e-14
130.843531580839,-61.40215805150845,6.9520349273818915,4.728800019396829,-2.0772727973834573,-3.368306851948935e-14
130.85760643458514,-61.40955931446818,6.9584124756804195,4.726621729326382,-2.074173196215964,-2.947268495455318e-14
130.8716873123211,-61.416959384899364,6.964779156307807,4.7244419856352105,-2.0710761152766937,-4.210383564936169e-14
130.88577421406876,-61.42435826338109,6.971134972202641,4.722260794212899,-2.0679815567765485,-4.631421921429786e-14
130.89986713985135,-61.4317559504933,6.977479926303513,4.720078160951735,-2.064889522922277,-3.789345208442552e-14
130.91396608969293,-61.439152446816685,6.983814021549009,4.717894091746722,-2.0618000159165,-5.0524602779234026e-14
130.9280710636185,-61.4465477529326,6.99013726087772,4.715708592495563,-2.058713037957712,-5.4734986344170195e-14
130.94218206165417,-61.45394186942319,6.996449647228232,4.713521669098669,-2.055628591240233,-5.4734986344170195e-14
130.9562990838271,-61.46133479687144,7.002751183539136,4.711333327459162,-2.052546677954228,-3.789345208442552e-14
130.97042213016525,-61.46872653586087,7.009041872749022,4.70914357348286,-2.049467300285721,-3.368306851948935e-14
130.98455120069792,-61.47611708697597,7.015321717796478,4.706952413078298,-2.0463904604165273,-4.631421921429786e-14
130.99868629545506,-61.48350645080181,7.0215907216200915,4.704759852156709,-2.043316160524314,-5.894536990910637e-14
131.01282741446795,-61.49089462792432,7.027848887158452,4.702565896632032,-2.040244402782533,-1.2631150694808506e-14
