galstreams/tracks/track.st.GD-1.pricewhelan2018.ecsv
# %ECSV 0.9
# ---
# datatype:
# - {name: ra, unit: deg, datatype: float64}
# - {name: dec, unit: deg, datatype: float64}
# - {name: distance, unit: kpc, datatype: float64}
# - {name: pm_ra_cosdec, unit: mas / yr, datatype: float64}
# - {name: pm_dec, unit: mas / yr, datatype: float64}
# - {name: radial_velocity, unit: km / s, datatype: float64}
# delimiter: ','
# meta: !!omap
# - __serialized_columns__:
#     dec:
#       __class__: astropy.coordinates.angles.Latitude
#       unit: &id001 !astropy.units.Unit {unit: deg}
#       value: !astropy.table.SerializedColumn {name: dec}
#     distance:
#       __class__: astropy.coordinates.distances.Distance
#       unit: !astropy.units.Unit {unit: kpc}
#       value: !astropy.table.SerializedColumn {name: distance}
#     pm_dec:
#       __class__: astropy.units.quantity.Quantity
#       unit: !astropy.units.Unit {unit: mas / yr}
#       value: !astropy.table.SerializedColumn {name: pm_dec}
#     pm_ra_cosdec:
#       __class__: astropy.units.quantity.Quantity
#       unit: !astropy.units.Unit {unit: mas / yr}
#       value: !astropy.table.SerializedColumn {name: pm_ra_cosdec}
#     ra:
#       __class__: astropy.coordinates.angles.Longitude
#       unit: *id001
#       value: !astropy.table.SerializedColumn {name: ra}
#       wrap_angle: !astropy.coordinates.Angle
#         unit: *id001
#         value: 360.0
#     radial_velocity:
#       __class__: astropy.units.quantity.Quantity
#       unit: !astropy.units.Unit {unit: km / s}
#       value: !astropy.table.SerializedColumn {name: radial_velocity}
# schema: astropy-2.0
ra,dec,distance,pm_ra_cosdec,pm_dec,radial_velocity
[from data line 8511]
191.77418489233372,57.363547935163496,9.764183209897846,-8.267397120832996,-5.323180954646735,9.192109398968644e-11
191.79210877749202,57.36621533704347,9.764683249332649,-8.267809365171427,-5.320325199664304,9.20558262637644e-11
191.81003537438227,57.36888002041932,9.76518328876745,-8.268221151373588,-5.31746933576998,9.208950933228389e-11
191.82796468084484,57.371541984732,9.765683328202254,-8.26863247931321,-5.314613363603032,9.215687546932287e-11
191.84589669471822,57.37420122942318,9.766183367637055,-8.269043348864564,-5.311757283803008,9.230844927766057e-11
191.86383141383814,57.376857753935035,9.766683407071856,-8.26945375990241,-5.308901097009803,9.23589738804398e-11
191.8817688360383,57.37951155771044,9.76718344650666,-8.269863712302032,-5.306044803863601,9.256107229155674e-11
191.89970895914976,57.38216264019274,9.767683485941465,-8.270273205939217,-5.3031884050049385,9.256107229155674e-11
191.91765178100144,57.384811000825984,9.768183525376266,-8.270682240690276,-5.300331901074637,9.257791382581648e-11
191.9355972994199,57.38745663905477,9.768683564811067,-8.27109081643203,-5.297475292713835,9.266212149711521e-11
191.95354551222908,57.3900995543243,9.769183604245871,-8.271498933041787,-5.294618580564018,9.276317070267368e-11
191.9714964172509,57.392739746080395,9.769683643680674,-8.271906590397418,-5.291761765266953,9.284737837397241e-11
191.98945001230481,57.395377213769464,9.770183683115475,-8.27231378837728,-5.288904847464728,9.301579371656985e-11
192.0074062952078,57.398011956838516,9.77068372255028,-8.272720526860244,-5.2860478277997585,9.303263525082959e-11
192.02536526377463,57.40064397473517,9.771183761985084,-8.273126805725708,-5.283190706914764,9.308315985360882e-11
192.0433269158178,57.403273266907654,9.771683801419886,-8.273532624853603,-5.280333485452763,9.321789212768678e-11
192.0612912491472,57.40589983280477,9.772183840854687,-8.273937984124347,-5.277476164057129,9.330209979898551e-11
192.07925826157066,57.40852367187598,9.77268388028949,-8.274342883418905,-5.274618743371481,9.330209979898551e-11
192.09722795089334,57.41114478357128,9.773183919724294,-8.274747322618738,-5.27176122403982,9.341999053880372e-11
192.11520031491852,57.41376316734136,9.773683959159095,-8.275151301605863,-5.268903606706401,9.34873566758427e-11
192.1331753514466,57.41637882263741,9.774183998593898,-8.27555482026278,-5.266045892015832,9.362208894992066e-11
192.15115305827604,57.418991748911324,9.774684038028703,-8.275957878472544,-5.263188080613004,9.368945508695964e-11
192.16913343320297,57.42160194561557,9.775184077463505,-8.276360476118727,-5.260330173143103,9.384102889529734e-11
192.18711647402077,57.424209412203226,9.775684116898308,-8.276762613085404,-5.257472170251676,9.387471196381682e-11
192.2051021785209,57.42681414812796,9.776184156333109,-8.277164289257206,-5.254614072584534,9.399260270363504e-11
192.22309054449244,57.42941615284412,9.776684195767912,-8.27756550451928,-5.251755880787789,9.399260270363504e-11
192.24108156972184,57.43201542580656,9.777184235202714,-8.277966258757285,-5.248897595507908,9.407681037493376e-11
192.25907525199364,57.43461196647083,9.777684274637519,-8.278366551857438,-5.24603921739161,9.421154264901171e-11
192.27707158908956,57.437205774293055,9.77818431407232,-8.278766383706452,-5.2431807470859715,9.42789087860507e-11
192.29507057878953,57.43979684873,9.778684353507122,-8.279165754191595,-5.240322185238316,9.444732412864814e-11
192.31307221887064,57.44238518923901,9.779184392941927,-8.27956466320065,-5.237463532496331,9.448100719716764e-11
192.331076507108,57.44497079527809,9.779684432376728,-8.279963110621948,-5.2346047895079675,9.451469026568713e-11
192.3490834412744,57.44755366630584,9.78018447181153,-8.280361096344343,-5.231745956921479,9.454837333420661e-11
192.36709301913993,57.450133801781455,9.780684511246335,-8.280758620257204,-5.228887035385466,9.471678867680405e-11
192.38510523847276,57.452711201164774,9.781184550681136,-8.281155682250473,-5.226028025548789,9.476731327958329e-11
192.40312009703865,57.45528586391629,9.78168459011594,-8.281552282214594,-5.223168928060602,9.486836248514177e-11
192.42113759260084,57.457857789497005,9.782184629550743,-8.28194842004056,-5.2203097435704136,9.491888708792099e-11
192.43915772292047,57.46042697736865,9.782684668985546,-8.282344095619896,-5.217450472727985,9.501993629347947e-11
192.45718048575637,57.46299342699356,9.783184708420348,-8.282739308844675,-5.214591116183383,9.505361936199895e-11
192.47520587886476,57.46555713783463,9.783684747855151,-8.283134059607486,-5.211731674587014,9.523887623885614e-11
192.49323389999992,57.46811810935546,9.784184787289954,-8.283528347801488,-5.208872148589521,9.527255930737563e-11
192.5112645469135,57.470676341020194,9.784684826724757,-8.283922173320345,-5.206012538841913,9.533992544441462e-11
192.52929781735514,57.473231832293656,9.785184866159561,-8.284315536058289,-5.203152845995428,9.537360851293411e-11
192.5473337090718,57.47578458264125,9.785684905594362,-8.284708435910076,-5.200293070701674,9.555886538979129e-11
192.5653722198085,57.47833459152908,9.786184945029166,-8.285100872771007,-5.197433213612495,9.550834078701206e-11
192.58341334730778,57.48088185842381,9.78668498446397,-8.28549284653695,-5.194573275380052,9.559254845831078e-11
192.60145708930975,57.48342638279269,9.787185023898768,-8.285884357104276,-5.191713256656831,9.577780533516797e-11
192.6195034435524,57.485968164103745,9.787685063333573,-8.286275404369922,-5.188853158095567,9.584517147220696e-11
192.63755240777147,57.488507201825506,9.788185102768376,-8.286665988231384,-5.185992980349301,9.587885454072645e-11
192.65560397970006,57.49104349542714,9.788685142203178,-8.287056108586665,-5.183132724071407,9.608095295184337e-11
192.67365815706933,57.49357704437852,9.789185181637984,-8.287445765334356,-5.180272389915501,9.608095295184337e-11
192.69171493760805,57.49610784815007,9.789685221072787,-8.287834958373582,-5.177411978535513,9.61988436916616e-11
192.70977431904248,57.4986359062129,9.790185260507586,-8.288223687604003,-5.174551490585685,9.61988436916616e-11
192.72783629909685,57.50116121803871,9.79068529994239,-8.288611952925844,-5.171690926720511,9.633357596573955e-11
192.74590087549288,57.50368378309983,9.791185339377193,-8.288999754239867,-5.168830287594817,9.636725903425904e-11
192.7639680459502,57.506203600869306,9.791685378811996,-8.289387091447407,-5.165969573863686,9.6501991308337e-11
192.78203780818586,57.50872067082071,9.792185418246799,-8.289773964450315,-5.163108786182522,9.656935744537597e-11
192.80011015991494,57.511234992428314,9.792685457681602,-8.290160373151032,-5.160247925206994,9.667040665093444e-11
192.8181850988501,57.513746565167025,9.793185497116406,-8.29054631745254,-5.157386991593053,9.675461432223316e-11
192.83626262270153,57.51625538851235,9.793685536551209,-8.290931797258352,-5.1545259859969805,9.683882199353189e-11
192.8543427291774,57.518761461940436,9.794185575986011,-8.29131681247257,-5.151664909075306,9.683882199353189e-11
192.87242541598357,57.52126478492816,9.794685615420812,-8.29170136299984,-5.148803761484852,9.688934659631113e-11
192.89051068082327,57.523765356952886,9.795185654855617,-8.292085448745343,-5.145942543882759,9.704092040464883e-11
192.90859852139786,57.526263177492716,9.79568569429042,-8.292469069614853,-5.143081256926414,9.720933574724628e-11
192.92668893540633,57.52875824602642,9.796185733725222,-8.292852225514688,-5.140219901273495,9.72598603500255e-11
192.94478192054515,57.531250562033314,9.796685773160029,-8.2932349163517,-5.137358477581996,9.727670188428525e-11
192.96287747450882,57.533740124993436,9.797185812594828,-8.293617142033355,-5.134496986510159,9.734406802132423e-11
192.98097559498922,57.536226934387386,9.797685852029632,-8.293998902467614,-5.131635428716546,9.746195876114244e-11
192.99907627967633,57.53871098969652,9.798185891464437,-8.294380197563054,-5.128773804859953,9.752932489818142e-11
193.0171795262575,57.54119229040272,9.798685930899238,-8.294761027228784,-5.125912115599521,9.763037410373989e-11
193.03528533241806,57.5436708359886,9.79918597033404,-8.295141391374486,-5.123050361594622,9.771458177503862e-11
193.05339369584104,57.54614662593738,9.799686009768843,-8.295521289910415,-5.120188543504915,9.783247251485683e-11
193.071504614207,57.54861965973292,9.80018604920365,-8.295900722747362,-5.117326661990374,9.791668018615554e-11
193.08961808519442,57.55108993685976,9.80068608863845,-8.29627968979671,-5.114464717711222,9.796720478893478e-11
193.1077341064795,57.55355745680307,9.801186128073253,-8.296658190970412,-5.111602711327959,9.806825399449326e-11
193.12585267573604,57.55602221904864,9.801686167508056,-8.297036226180953,-5.108740643501396,9.808509552875299e-11
193.14397379063567,57.558484223082964,9.80218620694286,-8.297413795341416,-5.105878514892598,9.825351087135044e-11
193.16209744884787,57.56094346839316,9.802686246377663,-8.297790898365463,-5.1030163261628925,9.832087700838942e-11
193.18022364803954,57.56339995446695,9.803186285812465,-8.29816753516728,-5.100154077973928,9.845560928246737e-11
193.19835238587572,57.56585368079281,9.803686325247268,-8.298543705661674,-5.097291770987585,9.850613388524661e-11
193.21648366001872,57.56830464685978,9.80418636468207,-8.298919409763975,-5.094429405866062,9.85735000222856e-11
193.23461746812913,57.5707528521576,9.804686404116875,-8.299294647390134,-5.091566983271784,9.865770769358431e-11
193.2527538078647,57.573198296176614,9.805186443551676,-8.299669418456629,-5.088704503867509,9.87250738306233e-11
193.2708926768814,57.5756409784079,9.805686482986482,-8.300043722880536,-5.085841968316225,9.879243996766227e-11
193.28903407283286,57.57808089834311,9.806186522421285,-8.30041756057952,-5.0829793772811875,9.882612303618176e-11
193.30717799337012,57.58051805547458,9.806686561856086,-8.300790931471777,-5.08011673142598,9.90282214472987e-11
193.32532443614235,57.582952449295355,9.807186601290892,-8.301163835476109,-5.0772540314144,9.904506298155844e-11
193.34347339879645,57.58538407929906,9.807686640725693,-8.301536272511905,-5.0743912779105305,9.911242911859742e-11
193.36162487897673,57.58781294498,9.808186680160498,-8.301908242499094,-5.071528471578758,9.91797952556364e-11
193.37977887432558,57.59023904583318,9.808686719595299,-8.302279745358216,-5.068665613083712,9.924716139267538e-11
193.39793538248313,57.59266238135422,9.809186759030101,-8.302650781010378,-5.065802703090271,9.936505213249359e-11
193.41609440108712,57.59508295103941,9.809686798464906,-8.303021349377266,-5.062939742263629,9.949978440657155e-11
193.43425592777297,57.59750075438568,9.810186837899709,-8.30339145038114,-5.060076731269236,9.955030900935078e-11
193.45241996017413,57.599915790890684,9.810686877334511,-8.303761083944849,-5.05721367077279,9.966819974916899e-11
193.47058649592174,57.60232806005271,9.811186916769316,-8.30413024999184,-5.054350561440255,9.971872435194823e-11
193.48875553264446,57.604737561370655,9.81168695620412,-8.3044989484461,-5.051487403937898,9.980293202324695e-11
193.506927067969,57.60714429434415,9.812186995638925,-8.304867179232243,-5.048624198932218,9.987029816028593e-11
193.5251010995198,57.609548258473474,9.812687035073724,-8.305234942275453,-5.045760947089983,1.0003871350288338e-10
193.54327762491886,57.61194945325955,9.813187074508527,-8.305602237501484,-5.042897649078247,1.0005555503714312e-10
193.5614566417861,57.614347878203986,9.81368711394333,-8.305969064836686,-5.04003430556431,1.0010607963992235e-10
193.57963814773936,57.61674353280905,9.814187153378132,-8.306335424208019,-5.037170917215725,1.0020712884548083e-10
193.59782214039387,57.61913641657766,9.814687192812936,-8.306701315542982,-5.0343074847003475,1.0024081191400032e-10
193.61600861736304,57.62152652901347,9.81518723224774,-8.307066738769711,-5.031444008686249,1.0034186111955878e-10
193.63419757625766,57.62391386962069,9.815687271682542,-8.307431693816891,-5.028580489841806,1.0047659339363674e-10
193.65238901468672,57.62629843790431,9.816187311117346,-8.307796180613835,-5.025716928835613,1.0059448413345496e-10
193.67058293025656,57.62868023336994,9.816687350552149,-8.308160199090407,-5.02285332633657,1.0061132566771469e-10
193.68877932057165,57.63105925552384,9.817187389986954,-8.30852374917709,-5.019989683013799,1.0064500873623418e-10
193.70697818323416,57.63343550387299,9.817687429421754,-8.308886830804964,-5.017125999536689,1.0074605794179266e-10
193.72517951584382,57.635808977925,9.81818746885656,-8.309249443905665,-5.014262276574916,1.0086394868161087e-10
193.74338331599836,57.638179677188184,9.818687508291363,-8.30961158841146,-5.0113985147983815,1.009144732843901e-10
193.7615895812934,57.64054760117154,9.819187547726166,-8.309973264255209,-5.008534714877241,1.0098183942142908e-10
193.77979830932196,57.64291274938468,9.819687587160969,-8.310334471370332,-5.005670877481944,1.0108288862698755e-10
193.7980094976752,57.64527512133795,9.82018762659577,-8.310695209690886,-5.002807003283168,1.0123446243532525e-10
193.8162231439421,57.64763471654239,9.820687666030578,-8.311055479151502,-4.999943092951827,1.01251303969585e-10
193.834439245709,57.64999153450961,9.821187705465377,-8.311415279687417,-4.997079147159148,1.0135235317514346e-10
193.85265780056062,57.65234557475203,9.821687744900181,-8.311774611234462,-4.994215166576546,1.0136919470940321e-10
193.87087880607896,57.654696836782634,9.822187784334984,-8.312133473729064,-4.991351151875747,1.0145340238070192e-10
193.88910225984418,57.657045320115195,9.822687823769789,-8.31249186710826,-4.988487103728683,1.0160497618903964e-10
193.90732815943394,57.65939102426405,9.823187863204591,-8.312849791309677,-4.985623022807578,1.0173970846311759e-10
193.925556502424,57.66173394874432,9.823687902639394,-8.313207246271556,-4.982758909784881,1.0173970846311759e-10
193.94378728638787,57.66407409307175,9.824187942074197,-8.313564231932736,-4.9798947653332775,1.0182391613441631e-10
193.96202050889656,57.66641145676276,9.824687981509001,-8.31392074823264,-4.977030590125756,1.0190812380571504e-10
193.9802561675192,57.66874603933449,9.825188020943802,-8.314276795111322,-4.974166384835513,1.0197548994275401e-10
193.99849425982276,57.671077840304754,9.825688060378605,-8.314632372509438,-4.971302150135985,1.0209338068257223e-10
194.0167347833717,57.673406859192035,9.826188099813411,-8.314987480368217,-4.968437886700903,1.0221127142239044e-10
194.03497773572857,57.67573309551549,9.826688139248212,-8.315342118629536,-4.965573595204204,1.0227863755942942e-10
194.0532231144538,57.67805654879501,9.827188178683018,-8.31569628723586,-4.962709276320071,1.0236284523072814e-10
194.07147091710524,57.680377218551115,9.827688218117821,-8.316049986130256,-4.959844930722982,1.0243021136776713e-10
194.089721141239,57.68269510430506,9.828188257552624,-8.316403215256413,-4.956980559087591,1.0251441903906584e-10
194.1079737844087,57.685010205578756,9.82868829698743,-8.316755974558607,-4.954116162088861,1.0259862671036457e-10
194.126228844166,57.68732252189479,9.82918833642223,-8.317108263981764,-4.951251740401946,1.0268283438166329e-10
194.1444863180601,57.6896320527765,9.829688375857035,-8.317460083471367,-4.948387294702295,1.0276704205296202e-10
194.16274620363836,57.691938797747845,9.830188415291838,-8.317811432973553,-4.94552282566555,1.0278388358722176e-10
194.18100849844586,57.694242756333516,9.83068845472664,-8.318162312435067,-4.9426583339676196,1.0293545739555947e-10
194.19927320002526,57.69654392805888,9.831188494161443,-8.318512721803238,-4.939793820284667,1.0305334813537767e-10
194.21754030591734,57.698842312450004,9.831688533596248,-8.318862661026028,-4.93692928529307,1.0308703120389717e-10
194.23580981366078,57.70113790903366,9.832188573031049,-8.31921213005204,-4.9340647296694495,1.0313755580667639e-10
194.25408172079167,57.70343071733725,9.832688612465855,-8.319561128830433,-4.931200154090693,1.0318808040945563e-10
194.27235602484427,57.70572073688894,9.833188651900658,-8.319909657311031,-4.9283355592339,1.032891296150141e-10
