galstreams/tracks/track.st.Svol.ibata2021.ecsv
# %ECSV 0.9
# ---
# datatype:
# - {name: ra, unit: deg, datatype: float64}
# - {name: dec, unit: deg, datatype: float64}
# - {name: distance, unit: kpc, datatype: float64}
# - {name: pm_ra_cosdec, unit: mas / yr, datatype: float64}
# - {name: pm_dec, unit: mas / yr, datatype: float64}
# - {name: radial_velocity, unit: km / s, datatype: float64}
# delimiter: ','
# meta: !!omap
# - __serialized_columns__:
#     dec:
#       __class__: astropy.coordinates.angles.Latitude
#       unit: &id001 !astropy.units.Unit {unit: deg}
#       value: !astropy.table.SerializedColumn {name: dec}
#     distance:
#       __class__: astropy.coordinates.distances.Distance
#       unit: !astropy.units.Unit {unit: kpc}
#       value: !astropy.table.SerializedColumn {name: distance}
#     pm_dec:
#       __class__: astropy.units.quantity.Quantity
#       unit: !astropy.units.Unit {unit: mas / yr}
#       value: !astropy.table.SerializedColumn {name: pm_dec}
#     pm_ra_cosdec:
#       __class__: astropy.units.quantity.Quantity
#       unit: !astropy.units.Unit {unit: mas / yr}
#       value: !astropy.table.SerializedColumn {name: pm_ra_cosdec}
#     ra:
#       __class__: astropy.coordinates.angles.Longitude
#       unit: *id001
#       value: !astropy.table.SerializedColumn {name: ra}
#       wrap_angle: !astropy.coordinates.Angle
#         unit: *id001
#         value: 360.0
#     radial_velocity:
#       __class__: astropy.units.quantity.Quantity
#       unit: !astropy.units.Unit {unit: km / s}
#       value: !astropy.table.SerializedColumn {name: radial_velocity}
# schema: astropy-2.0
ra,dec,distance,pm_ra_cosdec,pm_dec,radial_velocity
[from data line 3245]
255.72781455869855,21.954698541786694,6.311479046075447,4.604985176724441,-7.771501102708148,-1.6841534259744676e-14
255.7382691308852,21.952171877432907,6.3112094407863575,4.60586251161779,-7.772444044626265,1.6841534259744676e-14
255.7487244362884,21.94964691658463,6.310940136198283,4.606739189162036,-7.773385807255653,0.0
255.75918047620993,21.947123661075572,6.310671132286107,4.607615209045472,-7.774326389479567,5.0524602779234026e-14
255.76963725195182,21.944602112739258,6.3104024290247205,4.60849057095659,-7.775265790181188,-1.6841534259744676e-14
255.78009476481662,21.942082273409035,6.310134026389004,4.609365274584097,-7.776204008243651,-1.6841534259744676e-14
255.79055301610708,21.939564144918016,6.309865924353846,4.610239319616907,-7.777141042550015,-6.73661370389787e-14
255.80101200712642,21.937047729099138,6.309598122894135,4.611112705744135,-7.778076891983282,0.0
255.8114717391781,21.934533027785125,6.309330621984754,4.6119854326551275,-7.779011555426393,3.368306851948935e-14
255.821932213566,21.93202004280851,6.309063421600592,4.612857500039414,-7.779945031762211,-1.6841534259744676e-14
255.83239343159434,21.929508776001626,6.308796521716532,4.613728907586752,-7.780877319873558,1.0104920555846805e-13
255.84285539456764,21.92699922919662,6.308529922307464,4.614599654987099,-7.781808418643176,0.0
255.8533181037909,21.924491404225414,6.30826362334827,4.615469741930623,-7.78273832695376,3.368306851948935e-14
255.86378156056938,21.921985302919747,6.307997624813839,4.616339168107707,-7.7836670436879265,-1.6841534259744676e-14
255.87424576620873,21.91948092711115,6.307731926679058,4.617207933208929,-7.78459456772824,8.420767129872338e-14
255.88471072201483,21.91697827863097,6.30746652891881,4.618076036925096,-7.785520897957199,1.6841534259744676e-14
255.89517642929408,21.914477359310347,6.307201431507983,4.618943478947205,-7.786446033257237,-3.368306851948935e-14
255.90564288935323,21.911978170980223,6.306936634421462,4.619810258966467,-7.787369972510732,6.73661370389787e-14
255.91611010349922,21.90948071547134,6.306672137634137,4.620676376674313,-7.788292714599994,0.0
255.92657807303945,21.90698499461423,6.3064079411208915,4.62154183176237,-7.789214258407269,1.6841534259744676e-14
255.93704679928166,21.90449101023926,6.30614404485661,4.622406623922477,-7.79013460281475,0.0
255.947516283534,21.90199876417657,6.305880448816181,4.623270752846684,-7.791053746704555,-1.6841534259744676e-14
255.95798652710485,21.899508258256095,6.305617152974489,4.624134218227249,-7.791971688958755,8.420767129872338e-14
255.96845753130305,21.8970194943076,6.305354157306424,4.624997019756635,-7.7928884284593405,8.420767129872338e-14
255.97892929743765,21.89453247416064,6.305091461786867,4.625859157127523,-7.793803964088259,0.0
255.98940182681827,21.892047199644555,6.304829066390707,4.626720630032792,-7.794718294727384,3.368306851948935e-14
255.99987512075472,21.88956367258851,6.304566971092831,4.627581438165534,-7.79563141925853,6.73661370389787e-14
256.0103491805571,21.887081894821446,6.304305175868124,4.628441581219054,-7.796543336563446,3.368306851948935e-14
256.0208240075361,21.884601868172147,6.30404368069147,4.6293010588868535,-7.797454045523831,-5.0524602779234026e-14
256.03129960300254,21.882123594469142,6.303782485537762,4.630159870862654,-7.798363545021305,6.73661370389787e-14
256.0417759682677,21.879647075540827,6.303521590381878,4.631018016840384,-7.7992718339374445,5.0524602779234026e-14
256.0522531046431,21.877172313215347,6.303260995198712,4.631875496514175,-7.800178911153743,0.0
256.06273101344084,21.874699309320665,6.3030006999631425,4.632732309578366,-7.801084775551659,5.0524602779234026e-14
256.0732096959731,21.87222806568455,6.30274070465006,4.633588455727522,-7.801989426012567,-6.73661370389787e-14
256.08368915355254,21.86975858413457,6.3024810092343495,4.634443934656388,-7.802892861417787,-5.0524602779234026e-14
256.0941693874923,21.86729086649811,6.302221613690898,4.635298746059935,-7.803795080648584,1.0104920555846805e-13
256.1046503991055,21.864824914602323,6.301962517994593,4.636152889633345,-7.804696082586146,-5.0524602779234026e-14
256.115132189706,21.86236073027419,6.301703722120317,4.637006365071993,-7.805595866111623,5.0524602779234026e-14
256.12561476060785,21.859898315340498,6.30144522604296,4.6378591720714795,-7.806494430106082,1.0104920555846805e-13
256.13609811312534,21.857437671627817,6.301187029737407,4.638711310327602,-7.807391773450535,0.0
256.14658224857334,21.854978800962538,6.300929133178539,4.639562779536368,-7.808287895025945,0.0
256.1570671682669,21.852521705170822,6.300671536341252,4.640413579393994,-7.809182793713191,1.6841534259744676e-14
256.16755287352146,21.850066386078687,6.3004142392004265,4.641263709596903,-7.810076468393112,3.368306851948935e-14
256.1780393656528,21.84761284551189,6.300157241730948,4.6421131698417355,-7.810968917946476,-3.368306851948935e-14
256.18852664597716,21.845161085296038,6.2999005439077065,4.642961959825325,-7.8118601412539865,-3.368306851948935e-14
256.1990147158109,21.842711107256516,6.299644145705582,4.643810079244723,-7.812750137196302,-3.368306851948935e-14
256.209503576471,21.84026291321852,6.299388047099467,4.644657527797183,-7.813638904653997,0.0
256.21999322927456,21.83781650500705,6.299132248064244,4.645504305180172,-7.814526442507605,1.6841534259744676e-14
256.2304836755392,21.8353718844469,6.298876748574801,4.646350411091364,-7.81541274963759,5.0524602779234026e-14
256.24097491658273,21.832929053362676,6.2986215486060235,4.647195845228634,-7.8162978249243515,6.73661370389787e-14
256.2514669537234,21.830488013578787,6.298366648132798,4.648040607290073,-7.817181667248237,3.368306851948935e-14
256.26195978827985,21.828048766919423,6.298112047130009,4.648884696973977,-7.818064275489528,3.368306851948935e-14
256.27245342157096,21.8256113152086,6.2978577455725455,4.64972811397885,-7.818945648528449,-3.368306851948935e-14
256.2829478549161,21.82317566027014,6.297603743435291,4.650570858003402,-7.819825785245161,-3.368306851948935e-14
256.29344308963476,21.820741803927643,6.297350040693133,4.65141292874655,-7.820704684519761,-5.0524602779234026e-14
256.3039391270471,21.818309748004527,6.29709663732096,4.652254325907416,-7.82158234523229,-3.368306851948935e-14
256.31443596847333,21.815879494324022,6.296843533293656,4.653095049185342,-7.822458766262734,-3.368306851948935e-14
256.3249336152342,21.813451044709137,6.296590728586106,4.653935098279863,-7.823333946491012,6.73661370389787e-14
256.3354320686507,21.8110244009827,6.296338223173195,4.6547744728907325,-7.824207884796979,-1.6841534259744676e-14
256.34593133004415,21.80859956496734,6.296086017029815,4.655613172717905,-7.825080580060437,0.0
256.35643140073637,21.806176538485484,6.295834110130847,4.656451197461541,-7.825952031161125,1.0104920555846805e-13
256.36693228204933,21.803755323359375,6.29558250245118,4.657288546822016,-7.826822236978719,3.368306851948935e-14
256.37743397530545,21.80133592141104,6.295331193965698,4.65812522049991,-7.827691196392847,3.368306851948935e-14
256.38793648182764,21.79891833446231,6.295080184649289,4.658961218196,-7.828558908283059,8.420767129872338e-14
256.3984398029388,21.796502564334837,6.294829474476838,4.659796539611288,-7.829425371528854,-1.6841534259744676e-14
256.4089439399626,21.794088612850064,6.2945790634232335,4.660631184446965,-7.830290585009676,8.420767129872338e-14
256.4194488942226,21.79167648182924,6.294328951463358,4.661465152404452,-7.831154547604902,-3.368306851948935e-14
256.42995466704326,21.789266173093406,6.2940791385721,4.662298443185351,-7.8320172581938525,6.73661370389787e-14
256.4404612597488,21.78685768846342,6.293829624724346,4.663131056491489,-7.832878715655781,-3.368306851948935e-14
256.45096867366425,21.784451029759936,6.293580409894981,4.663962992024893,-7.833738918869898,1.0104920555846805e-13
256.4614769101147,21.78204619880342,6.293331494058892,4.664794249487802,-7.834597866715333,1.0104920555846805e-13
256.4719859704257,21.77964319741413,6.2930828771909635,4.66562482858266,-7.835455558071173,-6.73661370389787e-14
256.48249585592316,21.77724202741213,6.292834559266087,4.666454729012109,-7.836311991816432,-1.6841534259744676e-14
256.49300656793326,21.77484269061729,6.292586540259141,4.667283950479013,-7.837167166830081,3.368306851948935e-14
256.50351810778267,21.77244518884928,6.292338820145018,4.668112492686437,-7.838021081991016,5.0524602779234026e-14
256.51403047679827,21.77004952392758,6.2920913988986,4.668940355337647,-7.838873736178078,1.6841534259744676e-14
256.5245436763073,21.76765569767147,6.291844276494776,4.669767538136127,-7.839725128270056,3.368306851948935e-14
256.5350577076374,21.765263711900026,6.29159745290843,4.6705940407855575,-7.840575257145669,-3.368306851948935e-14
256.5455725721165,21.762873568432138,6.291350928114451,4.67141986298983,-7.841424121683582,-5.0524602779234026e-14
256.556088271073,21.76048526908648,6.291104702087722,4.672245004453044,-7.842271720762401,-1.6841534259744676e-14
256.5666048058355,21.758098815681564,6.290858774803134,4.673069464879502,-7.84311805326067,3.368306851948935e-14
256.5771221777329,21.755714210035677,6.290613146235565,4.673893243973724,-7.843963118056881,1.6841534259744676e-14
256.58764038809477,21.753331453966922,6.2903678163599075,4.674716341440421,-7.8448069140294585,-1.6841534259744676e-14
256.5981594382506,21.75095054929319,6.290122785151048,4.6755387569845155,-7.84564944005677,0.0
256.6086793295305,21.748571497832195,6.2898780525838704,4.676360490311146,-7.8464906950171285,3.368306851948935e-14
256.6192000632648,21.746194301401456,6.28963361863326,4.677181541125647,-7.847330677788781,-6.73661370389787e-14
256.62972164078445,21.743818961818274,6.289389483274109,4.6780019091335605,-7.848169387249925,6.73661370389787e-14
256.6402440634202,21.741445480899767,6.2891456464812965,4.67882159404065,-7.849006822278692,0.0
256.6507673325036,21.73907386046286,6.288902108229712,4.679640595552862,-7.849842981753153,0.0
256.6612914493665,21.736704102324268,6.28865886849424,4.680458913376365,-7.850677864551328,1.6841534259744676e-14
256.67181641534086,21.734336208300537,6.288415927249767,4.68127654721753,-7.851511469551178,0.0
256.68234223175926,21.731970180207984,6.28817328447118,4.682093496782933,-7.852343795630593,-1.6841534259744676e-14
256.69286889995436,21.72960601986276,6.287930940133368,4.682909761779354,-7.853174841667416,-1.1789073981821273e-13
256.70339642125947,21.727243729080783,6.287688894211213,4.6837253419137905,-7.854004606539431,-6.73661370389787e-14
256.713924797008,21.724883309677814,6.287447146679601,4.6845402368934295,-7.854833089124365,6.73661370389787e-14
256.7244540285338,21.722524763469394,6.287205697513421,4.685354446425681,-7.855660288299871,8.420767129872338e-14
256.7349841171708,21.72016809227087,6.286964546687559,4.686167970218151,-7.856486202943563,-3.368306851948935e-14
256.74551506425394,21.717813297897415,6.2867236941768985,4.686980807978651,-7.857310831932991,3.368306851948935e-14
256.7560468711178,21.71546038216398,6.286483139956328,4.687792959415209,-7.858134174145643,-1.6841534259744676e-14
256.7665795390977,21.713109346885318,6.286242884000734,4.6886044242360425,-7.858956228458949,1.6841534259744676e-14
256.7771130695291,21.710760193876006,6.286002926285,4.68941520214959,-7.859776993750287,8.420767129872338e-14
256.78764746374793,21.708412924950427,6.285763266784015,4.690225292864493,-7.860596468896965,3.368306851948935e-14
256.79818272309046,21.706067541922742,6.2855239054726635,4.691034696089592,-7.861414652776251,0.0
256.80871884889325,21.703724046606936,6.285284842325833,4.691843411533941,-7.862231544265335,-5.0524602779234026e-14
256.81925584249325,21.701382440816793,6.285046077318408,4.692651438906792,-7.863047142241366,-5.0524602779234026e-14
256.8297937052277,21.6990427263659,6.284807610425277,4.69345877791761,-7.863861445581422,1.6841534259744676e-14
256.8403324384342,21.696704905067662,6.284569441621326,4.69426542827607,-7.864674453162532,-3.368306851948935e-14
256.8508720434508,21.69436897873526,6.284331570881438,4.695071389692039,-7.865486163861665,1.6841534259744676e-14
256.8614125216157,21.692034949181718,6.284093998180501,4.695876661875601,-7.8662965765557304,-5.0524602779234026e-14
256.8719538742676,21.68970281821982,6.283856723493404,4.696681244537038,-7.8671056901215835,1.6841534259744676e-14
256.8824961027454,21.687372587662193,6.283619746795028,4.697485137386848,-7.8679135034360135,3.368306851948935e-14
256.8930392083885,21.685044259321245,6.283383068060265,4.698288340135722,-7.868720015375763,-1.6841534259744676e-14
256.9035831925366,21.6827178350092,6.283146687263996,4.699090852494569,-7.86952522481751,-1.6841534259744676e-14
256.91412805652965,21.68039331653808,6.282910604381112,4.699892674174492,-7.870329130637881,0.0
256.924673801708,21.67807070571973,6.282674819386493,4.700693804886814,-7.87113173171344,-5.0524602779234026e-14
256.9352204294125,21.675750004365756,6.28243933225503,4.701494244343046,-7.871933026920691,-8.420767129872338e-14
256.94576794098396,21.673431214287614,6.282204142961608,4.702293992254917,-7.872733015136088,-5.0524602779234026e-14
256.956316337764,21.671114337296544,6.281969251481115,4.703093048334355,-7.873531695236024,5.0524602779234026e-14
256.9668656210942,21.668799375203605,6.2817346577884345,4.703891412293504,-7.874329066096839,3.368306851948935e-14
256.9774157923166,21.66648632981964,6.281500361858453,4.7046890838447,-7.875125126594803,0.0
256.9879668527737,21.664175202955306,6.281266363666055,4.705486062700494,-7.875919875606149,-5.0524602779234026e-14
256.9985188038083,21.661865996421067,6.281032663186131,4.706282348573636,-7.876713312007038,-1.6841534259744676e-14
257.0090716467634,21.659558712027188,6.280799260393567,4.707077941177079,-7.877505434673571,5.0524602779234026e-14
257.01962538298244,21.657253351583762,6.280566155263245,4.707872840223997,-7.87829624248181,-3.368306851948935e-14
257.0301800138093,21.654949916900637,6.280333347770055,4.708667045427751,-7.87908573430774,1.6841534259744676e-14
257.040735540588,21.652648409787517,6.280100837888881,4.709460556501918,-7.879873909027308,1.6841534259744676e-14
257.05129196466305,21.65034883205388,6.279868625594612,4.710253373160276,-7.880660765516383,-3.368306851948935e-14
257.0618492873793,21.64805118550902,6.279636710862129,4.711045495116807,-7.881446302650804,1.0104920555846805e-13
257.0724075100818,21.64575547196204,6.279405093666323,4.711836922085702,-7.882230519306325,8.420767129872338e-14
257.0829666341161,21.64346169322184,6.2791737739820785,4.712627653781358,-7.883013414358662,-3.368306851948935e-14
257.093526660828,21.641169851097125,6.278942751784282,4.71341768991837,-7.883794986683467,0.0
257.1040875915637,21.638879947396426,6.278712027047819,4.7142070302115435,-7.884575235156342,-5.0524602779234026e-14
257.11464942766975,21.63659198392803,6.278481599747576,4.7149956743758885,-7.885354158652827,1.6841534259744676e-14
257.12521217049306,21.63430596250009,6.278251469858439,4.715783622126618,-7.886131756048405,1.6841534259744676e-14
257.1357758213806,21.632021884920523,6.2780216373552955,4.71657087317916,-7.886908026218501,-3.368306851948935e-14
257.1463403816801,21.62973975299707,6.277792102213031,4.71735742724912,-7.887682968038497,5.0524602779234026e-14
257.1569058527394,21.627459568537265,6.277562864406532,4.718143284052344,-7.8884565803836955,-3.368306851948935e-14
257.1674722359067,21.625181333348458,6.2773339239106845,4.718928443304858,-7.889228862129367,5.0524602779234026e-14
257.17803953253053,21.622905049237797,6.277105280700372,4.719712904722903,-7.889999812150711,0.0
257.1886077439599,21.620630718012244,6.276876934750482,4.720496668022924,-7.89076942932288,-6.73661370389787e-14
257.19917687154395,21.61835834147856,6.2766488860359075,4.721279732921559,-7.891537712520956,1.6841534259744676e-14
257.20974691663235,21.61608792144331,6.276421134531524,4.722062099135673,-7.892304660619983,3.368306851948935e-14
