galstreams/tracks/track.ep.Gaia-3.malhan2018.ecsv
# %ECSV 0.9
# ---
# datatype:
# - {name: ra, unit: deg, datatype: float64}
# - {name: dec, unit: deg, datatype: float64}
# - {name: distance, unit: kpc, datatype: float64}
# - {name: pm_ra_cosdec, unit: mas / yr, datatype: float64}
# - {name: pm_dec, unit: mas / yr, datatype: float64}
# - {name: radial_velocity, unit: km / s, datatype: float64}
# delimiter: ','
# meta: !!omap
# - __serialized_columns__:
#     dec:
#       __class__: astropy.coordinates.angles.Latitude
#       unit: &id001 !astropy.units.Unit {unit: deg}
#       value: !astropy.table.SerializedColumn {name: dec}
#     distance:
#       __class__: astropy.coordinates.distances.Distance
#       unit: !astropy.units.Unit {unit: kpc}
#       value: !astropy.table.SerializedColumn {name: distance}
#     pm_dec:
#       __class__: astropy.units.quantity.Quantity
#       unit: !astropy.units.Unit {unit: mas / yr}
#       value: !astropy.table.SerializedColumn {name: pm_dec}
#     pm_ra_cosdec:
#       __class__: astropy.units.quantity.Quantity
#       unit: !astropy.units.Unit {unit: mas / yr}
#       value: !astropy.table.SerializedColumn {name: pm_ra_cosdec}
#     ra:
#       __class__: astropy.coordinates.angles.Longitude
#       unit: *id001
#       value: !astropy.table.SerializedColumn {name: ra}
#       wrap_angle: !astropy.coordinates.Angle
#         unit: *id001
#         value: 360.0
#     radial_velocity:
#       __class__: astropy.units.quantity.Quantity
#       unit: !astropy.units.Unit {unit: km / s}
#       value: !astropy.table.SerializedColumn {name: radial_velocity}
# schema: astropy-2.0
ra,dec,distance,pm_ra_cosdec,pm_dec,radial_velocity
171.0,-15.000000000000021,9.0,0.0,0.0,0.0
171.03581363990295,-15.086282656290301,9.025125628140705,0.0,0.0,0.0
171.07165636711136,-15.172559682370679,9.05025125628141,0.0,0.0,0.0
171.10752837790739,-15.258831039877137,9.075376884422113,0.0,0.0,0.0
171.1434298691107,-15.345096690334083,9.100502512562816,0.0,0.0,0.0
171.1793610380827,-15.43135659515325,9.125628140703519,0.0,0.0,0.0
171.21532208273052,-15.517610715633163,9.15075376884422,0.0,0.0,0.0
171.25131320151127,-15.603859012957997,9.175879396984925,0.0,0.0,0.0
171.28733459343604,-15.69010144819684,9.201005025125628,0.0,0.0,0.0
171.3233864580742,-15.776337982302591,9.226130653266331,0.0,0.0,0.0
171.35946899555745,-15.86256857611136,9.251256281407036,0.0,0.0,0.0
171.3955824065841,-15.948793190341366,9.27638190954774,0.0,0.0,0.0
171.4317268924233,-16.0350117855921,9.301507537688444,0.0,0.0,0.0
171.46790265491924,-16.12122432234344,9.326633165829145,0.0,0.0,0.0
171.50410989649538,-16.207430760954566,9.35175879396985,0.0,0.0,0.0
171.5403488201588,-16.293631061663323,9.376884422110555,0.0,0.0,0.0
171.57661962950453,-16.3798251845851,9.402010050251258,0.0,0.0,0.0
171.61292252871974,-16.466013089711975,9.42713567839196,0.0,0.0,0.0
171.6492577225882,-16.552194736911787,9.452261306532666,0.0,0.0,0.0
171.68562541649464,-16.638370085927033,9.477386934673369,0.0,0.0,0.0
171.72202581642898,-16.724539096374226,9.50251256281407,0.0,0.0,0.0
171.7584591289911,-16.810701727742718,9.527638190954773,0.0,0.0,0.0
171.79492556139482,-16.896857939393875,9.55276381909548,0.0,0.0,0.0
171.83142532147255,-16.983007690559916,9.577889447236181,0.0,0.0,0.0
171.86795861768002,-17.06915094034322,9.603015075376886,0.0,0.0,0.0
171.9045256591003,-17.1552876477152,9.628140703517587,0.0,0.0,0.0
171.9411266554486,-17.24141777151535,9.653266331658292,0.0,0.0,0.0
171.97776181707695,-17.32754127045032,9.678391959798995,0.0,0.0,0.0
172.01443135497829,-17.41365810309273,9.703517587939698,0.0,0.0,0.0
172.0511354807915,-17.499768227880498,9.728643216080403,0.0,0.0,0.0
172.08787440680587,-17.585871603115603,9.753768844221105,0.0,0.0,0.0
172.12464834596568,-17.671968186963177,9.77889447236181,0.0,0.0,0.0
172.16145751187494,-17.758057937450534,9.804020100502512,0.0,0.0,0.0
172.1983021188019,-17.84414081246593,9.829145728643216,0.0,0.0,0.0
172.23518238168404,-17.93021676975788,9.854271356783922,0.0,0.0,0.0
172.27209851613256,-18.016285766933933,9.879396984924623,0.0,0.0,0.0
172.3090507384372,-18.102347761459708,9.904522613065327,0.0,0.0,0.0
172.346039265571,-18.188402710657677,9.929648241206031,0.0,0.0,0.0
172.3830643151952,-18.274450571706435,9.954773869346734,0.0,0.0,0.0
172.420126105664,-18.360491301639435,9.97989949748744,0.0,0.0,0.0
172.45722485602934,-18.446524857344002,10.005025125628142,0.0,0.0,0.0
172.49436078604586,-18.532551195560313,10.030150753768844,0.0,0.0,0.0
172.5315341161758,-18.618570272880095,10.05527638190955,0.0,0.0,0.0
172.5687450675939,-18.704582045745912,10.080402010050252,0.0,0.0,0.0
172.60599386219243,-18.790586470449874,10.105527638190955,0.0,0.0,0.0
172.64328072258598,-18.87658350313255,10.130653266331661,0.0,0.0,0.0
172.68060587211673,-18.96257309978202,10.155778894472363,0.0,0.0,0.0
172.71796953485918,-19.04855521623246,10.180904522613067,0.0,0.0,0.0
172.7553719356255,-19.134529808163457,10.206030150753767,0.0,0.0,0.0
172.7928132999705,-19.220496831098593,10.23115577889447,0.0,0.0,0.0
172.83029385419667,-19.306456240404522,10.256281407035177,0.0,0.0,0.0
172.86781382535932,-19.392407991289573,10.281407035175882,0.0,0.0,0.0
172.9053734412719,-19.478352038802964,10.306532663316583,0.0,0.0,0.0
172.94297293051113,-19.564288337833432,10.331658291457288,0.0,0.0,0.0
172.98061252242212,-19.65021684310818,10.35678391959799,0.0,0.0,0.0
173.01829244712368,-19.73613750919173,10.381909547738696,0.0,0.0,0.0
173.05601293551365,-19.822050290484608,10.407035175879397,0.0,0.0,0.0
173.09377421927417,-19.90795514122244,10.432160804020102,0.0,0.0,0.0
173.13157653087703,-19.993852015474616,10.457286432160807,0.0,0.0,0.0
173.169420103589,-20.079740867143148,10.48241206030151,0.0,0.0,0.0
173.2073051714773,-20.165621649961516,10.507537688442211,0.0,0.0,0.0
173.24523196941482,-20.25149431749331,10.532663316582914,0.0,0.0,0.0
173.2832007330859,-20.337358823131297,10.557788944723619,0.0,0.0,0.0
173.32121169899153,-20.423215120096042,10.582914572864324,0.0,0.0,0.0
173.35926510445506,-20.509063161434767,10.608040201005027,0.0,0.0,0.0
173.39736118762752,-20.59490290001995,10.63316582914573,0.0,0.0,0.0
173.4355001874935,-20.68073428854839,10.658291457286433,0.0,0.0,0.0
173.4736823438764,-20.766557279539754,10.683417085427136,0.0,0.0,0.0
173.51190789744436,-20.85237182533541,10.708542713567839,0.0,0.0,0.0
173.55017708971587,-20.938177878097196,10.733668341708542,0.0,0.0,0.0
173.58849016306525,-21.023975389805987,10.758793969849249,0.0,0.0,0.0
173.62684736072865,-21.109764312260708,10.783919597989952,0.0,0.0,0.0
173.6652489268097,-21.195544597076857,10.809045226130653,0.0,0.0,0.0
173.70369510628532,-21.281316195685346,10.834170854271356,0.0,0.0,0.0
173.7421861450115,-21.367079059330973,10.859296482412063,0.0,0.0,0.0
173.78072228972917,-21.45283313907145,10.884422110552764,0.0,0.0,0.0
173.81930378807021,-21.538578385775885,10.909547738693467,0.0,0.0,0.0
173.85793088856326,-21.624314750123517,10.934673366834168,0.0,0.0,0.0
173.8966038406396,-21.710042182602436,10.959798994974877,0.0,0.0,0.0
173.9353228946394,-21.795760633508074,10.984924623115578,0.0,0.0,0.0
173.97408830181743,-21.881470052942113,11.010050251256283,0.0,0.0,0.0
174.01290031434945,-21.967170390811,11.035175879396984,0.0,0.0,0.0
174.05175918533803,-22.05286159682459,11.060301507537693,0.0,0.0,0.0
174.09066516881876,-22.138543620494854,11.085427135678394,0.0,0.0,0.0
174.12961851976652,-22.22421641113428,11.110552763819094,0.0,0.0,0.0
174.16861949410156,-22.309879917854804,11.1356783919598,0.0,0.0,0.0
174.2076683486958,-22.395534089566254,11.160804020100503,0.0,0.0,0.0
174.24676534137902,-22.481178874974976,11.185929648241206,0.0,0.0,0.0
174.28591073094526,-22.566814222582256,11.21105527638191,0.0,0.0,0.0
174.3251047771591,-22.652440080683213,11.236180904522612,0.0,0.0,0.0
174.36434774076216,-22.738056397365163,11.261306532663319,0.0,0.0,0.0
174.40363988347923,-22.823663120506225,11.286432160804022,0.0,0.0,0.0
174.44298146802512,-22.909260197773907,11.311557788944725,0.0,0.0,0.0
174.48237275811076,-22.994847576623485,11.336683417085432,0.0,0.0,0.0
174.52181401845,-23.080425204296812,11.361809045226131,0.0,0.0,0.0
174.56130551476608,-23.165993027820655,11.386934673366836,0.0,0.0,0.0
174.60084751379824,-23.251550994005225,11.41206030150754,0.0,0.0,0.0
174.64044028330838,-23.337099049442802,11.437185929648242,0.0,0.0,0.0
174.6800840920876,-23.422637140505948,11.462311557788945,0.0,0.0,0.0
174.7197792099632,-23.508165213346345,11.487437185929648,0.0,0.0,0.0
174.7595259078052,-23.593683213893055,11.512562814070353,0.0,0.0,0.0
174.79932445753317,-23.679191087851095,11.537688442211056,0.0,0.0,0.0
174.83917513212324,-23.764688780699668,11.56281407035176,0.0,0.0,0.0
174.87907820561477,-23.850176237690924,11.587939698492464,0.0,0.0,0.0
174.91903395311732,-23.93565340384821,11.613065326633167,0.0,0.0,0.0
174.9590426508177,-24.021120223964502,11.638190954773869,0.0,0.0,0.0
174.99910457598693,-24.10657664260091,11.663316582914574,0.0,0.0,0.0
175.0392200069872,-24.19202260408486,11.688442211055277,0.0,0.0,0.0
175.07938922327904,-24.277458052508784,11.713567839195981,0.0,0.0,0.0
175.11961250542842,-24.362882931728336,11.738693467336686,0.0,0.0,0.0
175.15989013511395,-24.448297185360754,11.76381909547739,0.0,0.0,0.0
175.20022239513406,-24.533700756783322,11.788944723618092,0.0,0.0,0.0
175.24060956941412,-24.61909358913149,11.814070351758795,0.0,0.0,0.0
175.28105194301406,-24.70447562529753,11.839195979899495,0.0,0.0,0.0
175.32154980213537,-24.78984680792865,11.864321608040202,0.0,0.0,0.0
175.3621034341287,-24.875207079425415,11.889447236180906,0.0,0.0,0.0
175.40271312750116,-24.960556381939853,11.914572864321608,0.0,0.0,0.0
175.4433791719239,-25.045894657374042,11.939698492462313,0.0,0.0,0.0
175.48410185823954,-25.1312218473782,11.964824120603017,0.0,0.0,0.0
175.52488147846972,-25.216537893349006,11.98994974874372,0.0,0.0,0.0
175.56571832582287,-25.301842736427893,12.015075376884422,0.0,0.0,0.0
175.60661269470162,-25.38713631749909,12.040201005025125,0.0,0.0,0.0
175.6475648807106,-25.472418577188204,12.06532663316583,0.0,0.0,0.0
175.68857518066434,-25.55768945586019,12.090452261306531,0.0,0.0,0.0
175.72964389259477,-25.64294889361762,12.115577889447236,0.0,0.0,0.0
175.77077131575925,-25.7281968302989,12.14070351758794,0.0,0.0,0.0
175.81195775064845,-25.81343320547644,12.165829145728646,0.0,0.0,0.0
175.85320349899422,-25.898657958454837,12.190954773869347,0.0,0.0,0.0
175.8945088637776,-25.98387102826904,12.21608040201005,0.0,0.0,0.0
175.9358741492368,-26.069072353682472,12.241206030150753,0.0,0.0,0.0
175.9772996608754,-26.154261873185195,12.26633165829146,0.0,0.0,0.0
176.0187857054703,-26.23943952499201,12.291457286432161,0.0,0.0,0.0
176.06033259108,-26.324605247040587,12.316582914572866,0.0,0.0,0.0
176.1019406270529,-26.409758976989554,12.341708542713569,0.0,0.0,0.0
176.14361012403543,-26.494900652216558,12.366834170854272,0.0,0.0,0.0
176.1853413939804,-26.580030209816364,12.391959798994977,0.0,0.0,0.0
176.2271347501555,-26.665147586598913,12.41708542713568,0.0,0.0,0.0
176.26899050715153,-26.750252719087328,12.442211055276383,0.0,0.0,0.0
176.31090898089104,-26.835345543516,12.467336683417086,0.0,0.0,0.0
176.3528904886369,-26.920425995828527,12.49246231155779,0.0,0.0,0.0
176.39493534900055,-27.005494011675818,12.517587939698494,0.0,0.0,0.0
176.43704388195113,-27.090549526413955,12.542713567839197,0.0,0.0,0.0
176.47921640882373,-27.175592475102306,12.567839195979902,0.0,0.0,0.0
176.5214532523284,-27.26062279250137,12.592964824120605,0.0,0.0,0.0
176.56375473655882,-27.345640413070768,12.61809045226131,0.0,0.0,0.0
176.60612118700126,-27.430645270967187,12.643216080402011,0.0,0.0,0.0
176.64855293054325,-27.51563730004226,12.668341708542716,0.0,0.0,0.0
176.69105029548288,-27.600616433840514,12.693467336683419,0.0,0.0,0.0
176.7336136115375,-27.6855826055972,12.718592964824124,0.0,0.0,0.0
176.77624320985294,-27.77053574823621,12.743718592964825,0.0,0.0,0.0
176.8189394230127,-27.85547579436793,12.76884422110553,0.0,0.0,0.0
176.8617025850469,-27.940402676287047,12.793969849246233,0.0,0.0,0.0
176.9045330314418,-28.025316325970405,12.819095477386934,0.0,0.0,0.0
176.94743109914882,-28.11021667507482,12.84422110552764,0.0,0.0,0.0
176.99039712659413,-28.195103654934844,12.869346733668342,0.0,0.0,0.0
177.03343145368794,-28.279977196560576,12.894472361809049,0.0,0.0,0.0
177.07653442183394,-28.364837230635413,12.91959798994975,0.0,0.0,0.0
177.11970637393887,-28.44968368751379,12.944723618090455,0.0,0.0,0.0
177.16294765442217,-28.534516497218927,12.969849246231156,0.0,0.0,0.0
177.20625860922547,-28.61933558944052,12.994974874371861,0.0,0.0,0.0
177.24963958582248,-28.704140893532486,13.020100502512564,0.0,0.0,0.0
177.2930909332286,-28.788932338510588,13.045226130653266,0.0,0.0,0.0
177.33661300201084,-28.873709853050116,13.070351758793972,0.0,0.0,0.0
177.3802061442976,-28.95847336548359,13.095477386934675,0.0,0.0,0.0
177.42387071378877,-29.043222803798326,13.12060301507538,0.0,0.0,0.0
177.4676070657657,-29.12795809563405,13.145728643216083,0.0,0.0,0.0
177.51141555710106,-29.212679168280555,13.170854271356784,0.0,0.0,0.0
177.55529654626935,-29.297385948675235,13.195979899497486,0.0,0.0,0.0
177.59925039335678,-29.382078363400637,13.22110552763819,0.0,0.0,0.0
177.64327746007172,-29.466756338682053,13.246231155778895,0.0,0.0,0.0
177.68737810975486,-29.551419800385016,13.271356783919598,0.0,0.0,0.0
177.7315527073898,-29.636068674012805,13.296482412060303,0.0,0.0,0.0
177.77580161961336,-29.720702884703947,13.321608040201006,0.0,0.0,0.0
177.82012521472615,-29.805322357229684,13.34673366834171,0.0,0.0,0.0
177.86452386270312,-29.889927015991443,13.37185929648241,0.0,0.0,0.0
177.90899793520433,-29.974516785018242,13.396984924623117,0.0,0.0,0.0
177.95354780558546,-30.059091587964144,13.422110552763817,0.0,0.0,0.0
177.99817384890883,-30.14365134810562,13.447236180904524,0.0,0.0,0.0
178.04287644195406,-30.228195988338953,13.472361809045228,0.0,0.0,0.0
178.0876559632292,-30.312725431177572,13.497487437185933,0.0,0.0,0.0
178.13251279298143,-30.39723959874944,13.522613065326633,0.0,0.0,0.0
178.17744731320843,-30.481738412794307,13.547738693467338,0.0,0.0,0.0
178.22245990766925,-30.56622179466108,13.57286432160804,0.0,0.0,0.0
178.26755096189575,-30.65068966530505,13.597989949748744,0.0,0.0,0.0
178.3127208632036,-30.73514194528518,13.623115577889447,0.0,0.0,0.0
178.35797000070392,-30.819578554761343,13.648241206030152,0.0,0.0,0.0
178.40329876531436,-30.90399941349154,13.673366834170857,0.0,0.0,0.0
178.44870754977094,-30.9884044408291,13.698492462311563,0.0,0.0,0.0
178.49419674863924,-31.07279355571988,13.723618090452263,0.0,0.0,0.0
178.53976675832632,-31.15716667669936,13.748743718592966,0.0,0.0,0.0
178.5854179770923,-31.24152372188985,13.773869346733669,0.0,0.0,0.0
178.6311508050621,-31.3258646089976,13.798994974874374,0.0,0.0,0.0
178.67696564423736,-31.41018925530983,13.824120603015075,0.0,0.0,0.0
178.72286289850828,-31.494497577691885,13.84924623115578,0.0,0.0,0.0
178.7688429736657,-31.57878949258421,13.874371859296485,0.0,0.0,0.0
178.81490627741317,-31.663064915999463,13.899497487437188,0.0,0.0,0.0
178.86105321937902,-31.747323763519457,13.92462311557789,0.0,0.0,0.0
178.90728421112868,-31.831565950292138,13.949748743718594,0.0,0.0,0.0
178.95359966617684,-31.9157913910286,13.974874371859297,0.0,0.0,0.0
179.0,-31.999999999999993,14.000000000000002,0.0,0.0,0.0
