galstreams/tracks/track.st.GD-1.pricewhelan2018.ecsv
# %ECSV 0.9
# ---
# datatype:
# - {name: ra, unit: deg, datatype: float64}
# - {name: dec, unit: deg, datatype: float64}
# - {name: distance, unit: kpc, datatype: float64}
# - {name: pm_ra_cosdec, unit: mas / yr, datatype: float64}
# - {name: pm_dec, unit: mas / yr, datatype: float64}
# - {name: radial_velocity, unit: km / s, datatype: float64}
# delimiter: ','
# meta: !!omap
# - __serialized_columns__:
#     dec:
#       __class__: astropy.coordinates.angles.Latitude
#       unit: &id001 !astropy.units.Unit {unit: deg}
#       value: !astropy.table.SerializedColumn {name: dec}
#     distance:
#       __class__: astropy.coordinates.distances.Distance
#       unit: !astropy.units.Unit {unit: kpc}
#       value: !astropy.table.SerializedColumn {name: distance}
#     pm_dec:
#       __class__: astropy.units.quantity.Quantity
#       unit: !astropy.units.Unit {unit: mas / yr}
#       value: !astropy.table.SerializedColumn {name: pm_dec}
#     pm_ra_cosdec:
#       __class__: astropy.units.quantity.Quantity
#       unit: !astropy.units.Unit {unit: mas / yr}
#       value: !astropy.table.SerializedColumn {name: pm_ra_cosdec}
#     ra:
#       __class__: astropy.coordinates.angles.Longitude
#       unit: *id001
#       value: !astropy.table.SerializedColumn {name: ra}
#       wrap_angle: !astropy.coordinates.Angle
#         unit: *id001
#         value: 360.0
#     radial_velocity:
#       __class__: astropy.units.quantity.Quantity
#       unit: !astropy.units.Unit {unit: km / s}
#       value: !astropy.table.SerializedColumn {name: radial_velocity}
# schema: astropy-2.0
ra,dec,distance,pm_ra_cosdec,pm_dec,radial_velocity
[from data line 137]
166.90642439515352,49.847352103604344,8.943945156323558,-7.14549970931486,-9.506122572472291,-1.5831042204159997e-11
167.52444385318105,50.1540537698904,8.96902251089244,-7.187603395908894,-9.400121411882829,-1.3607959681873699e-11
168.15110429754452,50.45688060321495,8.994099865461346,-7.22950355965929,-9.292470202502335,-1.1283827954028933e-11
168.78649407588918,50.75574355976129,9.019177220030274,-7.271179788258095,-9.183183679231464,-8.723914746547742e-12
169.43069680518732,51.05055225843661,9.044254574599222,-7.312610387073397,-9.072277659127248,-6.26505074462502e-12
170.08379093264915,51.34121502984985,9.069331929168193,-7.35377238094707,-8.959769118423575,-3.67145446862434e-12
170.74584928052644,51.627638971977035,9.094409283737187,-7.3946415223682385,-8.845676272650374,-9.768089870651912e-13
171.41693857563433,51.90973001286088,9.1194866383062,-7.435192306576155,-8.730018659621438,1.6841534259744676e-12
172.09711896461707,52.18739298068447,9.144563992875238,-7.475397994157715,-8.612817225006776,4.513531181611573e-12
172.78644351619894,52.460531681548204,9.169641347444294,-7.515230641711769,-8.494094410147053,7.34290893724868e-12
173.48495771189098,52.72904898526437,9.194718702013374,-7.5546611411537645,-8.373874241705346,1.0307018966963742e-11
174.19269892686532,52.99284691946465,9.219796056582473,-7.593659268229838,-8.252182422685856,1.3271128996678806e-11
174.90969590296538,53.25182677229226,9.244873411151591,-7.632193740797471,-8.129046424279974,1.6369971300471826e-11
175.63596821608346,53.505889203921384,9.269950765720733,-7.67023228741062,-8.004495577928779,1.9502496672784334e-11
176.3715257404101,53.75493436711278,9.295028120289892,-7.707741726718557,-7.878561166917459,2.2769754319174802e-11
177.11636811233814,53.99886203697458,9.320105474859073,-7.744688058150115,-7.751276516742879,2.596964582852629e-11
177.87048419708373,54.23757175005198,9.345182829428273,-7.781036564306655,-7.622677083421072,2.9236903474916756e-11
178.6338515613658,54.47096295281806,9.370260183997493,-7.816751925427916,-7.492800538828396,3.263889339538518e-11
179.40643595575932,54.698935159580614,9.39533753856673,-7.851798346224391,-7.361686852099508,3.6074566384373095e-11
180.18819081059928,54.92138811975631,9.420414893135987,-7.886139695286825,-7.229378366038892,3.964497164743897e-11
180.9790567495618,55.13822199439437,9.445492247705266,-7.919739657188651,-7.095919867441934,4.311432770494637e-11
181.77896112527512,55.34933754175647,9.470569602274562,-7.952561897289825,-6.961358650168356,4.671841603653173e-11
182.5878175815147,55.554636311679474,9.495646956843874,-7.984570239131199,-6.8257445697668855,5.0288821299597605e-11
183.40552564670435,55.75402084836181,9.520724311413204,-8.015728854177409,-6.689130088417585,5.40950080422999e-11
184.23197036357428,55.947394901124724,9.545801665982555,-8.046002463524673,-6.55157030893899,5.785067018222296e-11
185.06702195991343,56.134663642606185,9.570879020551923,-8.07535655103822,-6.413122996602922,6.155580771936679e-11
185.91053556538276,56.31573389374877,9.595956375121306,-8.103757587224262,-6.273848587513301,6.541251906484832e-11
186.7623509793348,56.490514354845594,9.621033729690705,-8.131173262975492,-6.133810182336772,6.92523888760701e-11
187.62229249449612,56.658915841809275,9.646111084260122,-8.157572732158593,-5.993073524225488,7.314278329007112e-11
188.49016878121432,56.82085152673187,9.671188438829555,-8.182926861840423,-5.85170695984636,7.711738537537088e-11
189.36577283674464,56.97623718170815,9.696265793399004,-8.207208488778855,-5.709781382527625,8.105830439215112e-11
190.24888200374951,57.124991424802694,9.721343147968467,-8.230392680638143,-5.56737015665363,8.508343108023011e-11
191.13925806180615,57.267035966955696,9.74642050253795,-8.252457000230462,-5.424549022581695,8.912539930256883e-11
192.03664739526104,57.40229585854239,9.771497857107443,-8.273381770938547,-5.281395981521131,9.320105059342703e-11
192.94078124023991,57.53069973423129,9.796575211676952,-8.29315034134307,-5.137991160002224,9.739459262410347e-11
193.85137601301616,57.65218005472587,9.821652566246474,-8.31174934696598,-4.99441665377123,1.014028777779227e-10
194.76813372126736,57.76667334392649,9.846729920816008,-8.329168966951261,-4.85075635117353,1.0563010287711861e-10
195.69074245901464,57.87412042001538,9.871807275385557,-8.34540317344102,-4.707095736328251,1.0982364490779504e-10
196.61887698524987,57.974466618947204,9.89688462995512,-8.36044997137029,-4.563521672650784,1.1416876074680916e-10
197.55219938542228,58.06766200882536,9.921961984524696,-8.374311626401287,-4.420122167539848,1.182612535719271e-10
198.49035981409025,58.15366159365703,9.947039339094282,-8.38699487874928,-4.276986119309704,1.2262321094520098e-10
199.43299731616065,58.23242550501291,9.97211669366388,-8.398511140718732,-4.134203047709566,1.2696832678421512e-10
200.3797407232461,58.30391918016575,9.99719404823349,-8.408876675871326,-3.991862809627322,1.3122923495193052e-10
201.3302096207941,58.36811352535155,10.022271402803112,-8.418112757886032,-3.850055301816777,1.355575092566849e-10
202.2840153807872,58.42498506288254,10.047348757372745,-8.426245807344923,-3.708870152712293,1.3998683276699775e-10
203.24076225400322,58.47451606094488,10.072426111942383,-8.43330750488527,-3.5683964055962063,1.444161562773106e-10
204.20004851507193,58.51669464503387,10.09750346651203,-8.439334879395062,-3.4287221955581044,1.4892968745892216e-10
205.16146765288445,58.55151489011433,10.122580821081689,-8.44437037019278,-3.289934422826151,1.5338427327062464e-10
206.1246095983179,58.57897689274247,10.14765817565136,-8.448461862417947,-3.1521184251559236,1.5783043831519724e-10
207.089061980745,58.59908682254437,10.172735530221034,-8.45166269516181,-3.01535765202788,1.6244501870236728e-10
208.05441140441283,58.611856952615746,10.197812884790716,-8.454031642182292,-2.879733343429002,1.6702591602101782e-10
209.0202447355093,58.617305668582105,10.222890239360407,-8.455632865367306,-2.7453242159759172,1.7158997180540864e-10
209.98615039059217,58.6154574562384,10.247967593930104,-8.456535841430293,-2.6122061590754813,1.7628033909674752e-10
210.95171961704125,58.60634286786706,10.273044948499804,-8.456815262634704,-2.480451943715451,1.8097070638808642e-10
211.91654775630306,58.58999846751293,10.298122303069512,-8.456550912644028,-2.3501309463344215,1.8568633598081493e-10
212.88023548093548,58.56646675566776,10.323199657639224,-8.455827518875434,-2.2213088900389577,1.904440694091928e-10
213.8423899968139,58.53579607398533,10.348277012208941,-8.454734582992476,-2.094047605221064,1.9517654053618104e-10
214.80262620232804,58.49804049080668,10.373354366778662,-8.453366191401106,-1.9684048113849597,2.00127951608546e-10
215.7605677969689,58.453259668421644,10.398431721348388,-8.451820807809849,-1.8444339217236114,2.0500357577674208e-10
216.71584833236273,58.401518713127025,10.42350907591811,-8.45020105007557,-1.722183871698566,2.1003077375327585e-10
217.66811219954698,58.342888009259504,10.448586430487838,-8.448613453679979,-1.601698972576529,2.15100075565459e-10
218.61701554707915,58.277443038483085,10.473663785057568,-8.44716822426619,-1.4830187905698038,2.2017779814477203e-10
219.56222712541387,58.20526418569576,10.4987411396273,-8.445978981710375,-1.3661780519199793,2.2533551801181884e-10
