galstreams/tracks/track.st.Tri-Pis.bonaca2012.ecsv
# %ECSV 1.0
# ---
# datatype:
# - {name: ra, unit: deg, datatype: float64}
# - {name: dec, unit: deg, datatype: float64}
# - {name: distance, unit: kpc, datatype: float64}
# - {name: pm_ra_cosdec, unit: mas / yr, datatype: float64}
# - {name: pm_dec, unit: mas / yr, datatype: float64}
# - {name: radial_velocity, unit: km / s, datatype: float64}
# delimiter: ','
# meta: !!omap
# - __serialized_columns__:
#     dec:
#       __class__: astropy.coordinates.angles.Latitude
#       unit: &id001 !astropy.units.Unit {unit: deg}
#       value: !astropy.table.SerializedColumn {name: dec}
#     distance:
#       __class__: astropy.coordinates.distances.Distance
#       unit: !astropy.units.Unit {unit: kpc}
#       value: !astropy.table.SerializedColumn {name: distance}
#     pm_dec:
#       __class__: astropy.units.quantity.Quantity
#       unit: !astropy.units.Unit {unit: mas / yr}
#       value: !astropy.table.SerializedColumn {name: pm_dec}
#     pm_ra_cosdec:
#       __class__: astropy.units.quantity.Quantity
#       unit: !astropy.units.Unit {unit: mas / yr}
#       value: !astropy.table.SerializedColumn {name: pm_ra_cosdec}
#     ra:
#       __class__: astropy.coordinates.angles.Longitude
#       unit: *id001
#       value: !astropy.table.SerializedColumn {name: ra}
#       wrap_angle: !astropy.coordinates.Angle
#         unit: *id001
#         value: 360.0
#     radial_velocity:
#       __class__: astropy.units.quantity.Quantity
#       unit: !astropy.units.Unit {unit: km / s}
#       value: !astropy.table.SerializedColumn {name: radial_velocity}
# schema: astropy-2.0
ra,dec,distance,pm_ra_cosdec,pm_dec,radial_velocity
[from data line 237]
21.530196592698964,33.76714147212028,25.999999999999993,0.0,0.0,0.0
21.53243217185345,33.75730388466304,25.999999999999986,0.0,0.0,0.0
21.53466723929384,33.74746625710473,25.999999999999993,0.0,0.0,0.0
21.536901795319608,33.7376285894685,25.999999999999982,0.0,0.0,0.0
21.539135840230013,33.72779088177762,25.999999999999993,0.0,0.0,0.0
21.54136937432412,33.71795313405532,25.999999999999986,0.0,0.0,0.0
21.543602397900813,33.708115346324774,25.999999999999993,0.0,0.0,0.0
21.545836098186545,33.698277722924615,25.999999999999986,0.0,0.0,0.0
21.548074881075202,33.68844102225672,25.999999999999993,0.0,0.0,0.0
21.55031315285083,33.67860428140719,25.999999999999986,0.0,0.0,0.0
21.552550913812553,33.6687675003994,25.99999999999999,0.0,0.0,0.0
21.554788164259357,33.658930679256606,25.999999999999993,0.0,0.0,0.0
21.557024904489992,33.649093818002115,25.999999999999993,0.0,0.0,0.0
21.559261134803048,33.63925691665923,25.99999999999999,0.0,0.0,0.0
21.561496855496912,33.629419975251075,25.99999999999999,0.0,0.0,0.0
21.563732066869782,33.61958299380094,25.999999999999993,0.0,0.0,0.0
21.565966769219646,33.60974597233204,25.999999999999993,0.0,0.0,0.0
21.56820096284433,33.599908910867576,25.999999999999996,0.0,0.0,0.0
21.57043464804143,33.59007180943071,25.999999999999993,0.0,0.0,0.0
21.57266782510837,33.58023466804469,25.999999999999993,0.0,0.0,0.0
21.57490049434241,33.57039748673254,25.999999999999993,0.0,0.0,0.0
21.577136843885008,33.56056098646264,25.999999999999996,0.0,0.0,0.0
21.57937524399035,33.550724886653704,25.999999999999993,0.0,0.0,0.0
21.58161313567756,33.540888746746894,25.999999999999993,0.0,0.0,0.0
21.58385051924413,33.53105256676551,25.999999999999996,0.0,0.0,0.0
21.586087394987413,33.521216346732714,25.999999999999993,0.0,0.0,0.0
21.588323763204517,33.51138008667177,25.999999999999993,0.0,0.0,0.0
21.590559624192384,33.501543786605886,25.999999999999996,0.0,0.0,0.0
21.592794978247756,33.49170744655829,25.999999999999993,0.0,0.0,0.0
21.59502982566718,33.48187106655212,25.999999999999993,0.0,0.0,0.0
21.597264166747014,33.47203464661063,25.999999999999993,0.0,0.0,0.0
21.599498001783452,33.462198186756844,25.999999999999993,0.0,0.0,0.0
21.60173133107247,33.45236168701397,25.999999999999993,0.0,0.0,0.0
21.60396415490986,33.44252514740513,25.999999999999986,0.0,0.0,0.0
21.60619691347383,33.432688643685296,25.999999999999986,0.0,0.0,0.0
21.60843544068098,33.42285318022268,25.999999999999993,0.0,0.0,0.0
21.610673461861175,33.413017676723655,25.999999999999993,0.0,0.0,0.0
21.61291097731046,33.4031821332115,25.999999999999993,0.0,0.0,0.0
21.615147987324722,33.39334654970941,25.99999999999999,0.0,0.0,0.0
21.617384492199633,33.383510926240625,25.999999999999996,0.0,0.0,0.0
21.619620492230702,33.37367526282829,25.999999999999986,0.0,0.0,0.0
21.62185598771321,33.363839559495645,25.99999999999999,0.0,0.0,0.0
21.624090978942313,33.35400381626572,25.99999999999999,0.0,0.0,0.0
21.626325466212922,33.344168033161715,25.999999999999986,0.0,0.0,0.0
21.628559449819782,33.33433221020676,25.99999999999999,0.0,0.0,0.0
21.630792930057428,33.32449634742394,25.99999999999999,0.0,0.0,0.0
21.63302590722024,33.31466044483643,25.999999999999986,0.0,0.0,0.0
21.635258381602398,33.30482450246717,25.999999999999986,0.0,0.0,0.0
21.637493757194953,33.29498910637383,25.999999999999993,0.0,0.0,0.0
21.639731906630054,33.28515423460755,25.999999999999986,0.0,0.0,0.0
21.64196955271942,33.27531932289075,25.99999999999999,0.0,0.0,0.0
21.644206695757482,33.26548437124661,25.999999999999986,0.0,0.0,0.0
21.646443336038484,33.25564937969834,25.999999999999986,0.0,0.0,0.0
21.648679473856525,33.24581434826899,25.999999999999986,0.0,0.0,0.0
21.65091510950547,33.235979276981766,25.99999999999999,0.0,0.0,0.0
21.653150243279008,33.22614416585977,25.999999999999993,0.0,0.0,0.0
21.655384875470652,33.216309014926125,25.999999999999993,0.0,0.0,0.0
21.657619006373704,33.20647382420397,25.999999999999993,0.0,0.0,0.0
21.659852636281315,33.196638593716266,25.99999999999999,0.0,0.0,0.0
21.662085765486434,33.18680332348614,25.999999999999993,0.0,0.0,0.0
21.664318394281803,33.176968013536644,25.999999999999993,0.0,0.0,0.0
21.666550522959994,33.1671326638908,25.99999999999999,0.0,0.0,0.0
21.668788484204438,33.15729836492706,25.999999999999993,0.0,0.0,0.0
21.671026259685682,33.14746408035001,25.99999999999999,0.0,0.0,0.0
21.673263534494865,33.13762975590926,25.999999999999986,0.0,0.0,0.0
21.675500308924804,33.12779539162799,25.999999999999993,0.0,0.0,0.0
21.677736583268143,33.117960987529344,25.999999999999993,0.0,0.0,0.0
21.679972357817366,33.10812654363642,25.999999999999993,0.0,0.0,0.0
21.68220763286473,33.09829205997239,25.999999999999996,0.0,0.0,0.0
21.684442408702342,33.08845753656016,25.999999999999993,0.0,0.0,0.0
21.686676685622107,33.07862297342291,25.999999999999993,0.0,0.0,0.0
21.688910463915747,33.068788370583654,25.999999999999986,0.0,0.0,0.0
21.691143743874793,33.05895372806544,25.999999999999993,0.0,0.0,0.0
21.693376525790597,33.049119045891274,25.999999999999993,0.0,0.0,0.0
21.69560880995432,33.039284324084235,25.99999999999999,0.0,0.0,0.0
21.697843208757945,33.029450012461886,25.999999999999993,0.0,0.0,0.0
21.700081112377358,33.01961635038715,25.99999999999999,0.0,0.0,0.0
21.70231851769944,33.0097826485136,25.999999999999993,0.0,0.0,0.0
21.704555425015613,32.99994890686433,25.999999999999996,0.0,0.0,0.0
21.706791834617132,32.99011512546251,25.999999999999993,0.0,0.0,0.0
21.70902774679505,32.98028130433108,25.999999999999993,0.0,0.0,0.0
21.711263161840257,32.97044744349317,25.999999999999993,0.0,0.0,0.0
21.71349808004342,32.960613542971835,25.999999999999993,0.0,0.0,0.0
21.71573250169507,32.95077960279011,25.999999999999993,0.0,0.0,0.0
21.717966427085504,32.94094562297101,25.999999999999993,0.0,0.0,0.0
21.720199856504863,32.931111603537566,25.999999999999993,0.0,0.0,0.0
21.72243279024313,32.92127754451271,25.999999999999993,0.0,0.0,0.0
21.72466522859004,32.91144344591943,25.999999999999993,0.0,0.0,0.0
21.726897171835212,32.9016093077807,25.999999999999993,0.0,0.0,0.0
21.72913412491554,32.89177607805239,25.999999999999993,0.0,0.0,0.0
21.731371659486754,32.88194299412832,25.999999999999986,0.0,0.0,0.0
21.733608698420987,32.872109870494405,25.999999999999993,0.0,0.0,0.0
21.735845242008093,32.86227670717377,25.999999999999996,0.0,0.0,0.0
21.738081290537718,32.852443504189466,25.999999999999996,0.0,0.0,0.0
21.74031684429936,32.842610261564516,25.999999999999993,0.0,0.0,0.0
21.74255190358229,32.832776979322006,25.999999999999996,0.0,0.0,0.0
21.744786468675656,32.82294365748482,25.999999999999996,0.0,0.0,0.0
21.747020539868373,32.813110296076005,25.999999999999993,0.0,0.0,0.0
21.749254117449205,32.803276895118536,25.999999999999993,0.0,0.0,0.0
21.751487201706702,32.793443454635366,26.0,0.0,0.0,0.0
21.75371979292927,32.78360997464946,25.999999999999996,0.0,0.0,0.0
21.75595189140509,32.773776455183786,25.999999999999996,0.0,0.0,0.0
21.7581853113742,32.76394320864884,25.999999999999996,0.0,0.0,0.0
21.760422973925245,32.75411073807488,26.0,0.0,0.0,0.0
21.76266014320383,32.7442782278582,25.999999999999993,0.0,0.0,0.0
21.764896819498425,32.73444567802182,26.0,0.0,0.0,0.0
21.767133003097292,32.72461308858884,25.999999999999996,0.0,0.0,0.0
21.76936869428854,32.71478045958211,26.0,0.0,0.0,0.0
21.771603893360094,32.704947791024715,25.999999999999996,0.0,0.0,0.0
21.773838600599674,32.69511508293961,25.999999999999996,0.0,0.0,0.0
21.776072816294853,32.68528233534976,25.999999999999996,0.0,0.0,0.0
21.778306540732988,32.67544954827811,25.999999999999996,0.0,0.0,0.0
21.780539774201262,32.665616721747654,25.999999999999996,0.0,0.0,0.0
21.782772516986732,32.65578385578118,25.999999999999993,0.0,0.0,0.0
21.785004769376183,32.64595095040166,25.999999999999996,0.0,0.0,0.0
21.7872365316563,32.636118005631985,25.999999999999993,0.0,0.0,0.0
21.789472475035822,32.6262858259287,25.999999999999993,0.0,0.0,0.0
21.791709773379495,32.61645392454975,25.999999999999996,0.0,0.0,0.0
21.79394658109799,32.60662198361924,25.999999999999996,0.0,0.0,0.0
21.796182898478193,32.59679000316019,25.999999999999993,0.0,0.0,0.0
21.79841872580682,32.58695798319557,25.999999999999993,0.0,0.0,0.0
21.80065406337041,32.57712592374834,25.999999999999993,0.0,0.0,0.0
21.80288891145535,32.56729382484147,25.999999999999993,0.0,0.0,0.0
21.805123270347806,32.55746168649792,26.0,0.0,0.0,0.0
21.8073571403338,32.54762950874052,25.999999999999996,0.0,0.0,0.0
21.809590521699167,32.537797291592206,25.999999999999993,0.0,0.0,0.0
21.81182341472954,32.52796503507587,25.999999999999996,0.0,0.0,0.0
21.814055819710404,32.5181327392144,25.999999999999996,0.0,0.0,0.0
21.81628773692702,32.5083004040307,25.999999999999993,0.0,0.0,0.0
21.818520176791658,32.498468203519664,25.999999999999993,0.0,0.0,0.0
21.820757602915663,32.48863690641749,25.999999999999993,0.0,0.0,0.0
21.82299454076895,32.4788055698331,25.999999999999996,0.0,0.0,0.0
21.825230990637063,32.468974193789435,25.999999999999996,0.0,0.0,0.0
21.827466952805363,32.45914277830947,25.999999999999996,0.0,0.0,0.0
21.82970242755902,32.449311323416175,25.999999999999993,0.0,0.0,0.0
21.831937415183074,32.43947982913236,25.99999999999999,0.0,0.0,0.0
21.834171915962337,32.42964829548099,25.999999999999986,0.0,0.0,0.0
21.83640593018145,32.419816722484924,25.999999999999993,0.0,0.0,0.0
21.838639458124895,32.40998511016707,25.999999999999993,0.0,0.0,0.0
21.84087250007696,32.40015345855033,25.999999999999993,0.0,0.0,0.0
21.84310505632178,32.390321767657426,25.99999999999999,0.0,0.0,0.0
21.845337127143285,32.38049003751125,25.999999999999986,0.0,0.0,0.0
21.847568712825247,32.370658268134626,25.999999999999993,0.0,0.0,0.0
21.849803645731964,32.3608271195653,25.99999999999999,0.0,0.0,0.0
21.852040712425424,32.35099638278605,25.999999999999986,0.0,0.0,0.0
21.854277293482543,32.341165606618,25.999999999999986,0.0,0.0,0.0
21.856513389187377,32.33133479108399,25.999999999999986,0.0,0.0,0.0
21.85874899982372,32.321503936206945,25.99999999999999,0.0,0.0,0.0
21.86098412567526,32.31167304200979,25.99999999999999,0.0,0.0,0.0
21.863218767025455,32.30184210851535,25.99999999999999,0.0,0.0,0.0
21.865452924157598,32.29201113574657,25.999999999999993,0.0,0.0,0.0
21.86768659735486,32.28218012372618,25.99999999999999,0.0,0.0,0.0
21.869919786900166,32.27234907247706,25.999999999999993,0.0,0.0,0.0
21.872152493076296,32.26251798202204,25.999999999999993,0.0,0.0,0.0
21.874384716165846,32.2526868523839,25.999999999999996,0.0,0.0,0.0
21.876616456451256,32.242855683585454,25.999999999999996,0.0,0.0,0.0
21.878847915699843,32.2330245103531,25.999999999999993,0.0,0.0,0.0
21.881085109933295,32.223194368856824,25.999999999999996,0.0,0.0,0.0
21.88332182087506,32.21336418804327,25.999999999999993,0.0,0.0,0.0
21.88555804880779,32.203533967935336,25.999999999999993,0.0,0.0,0.0
21.887793794013987,32.19370370855587,25.99999999999999,0.0,0.0,0.0
21.890029056775955,32.18387340992783,25.999999999999986,0.0,0.0,0.0
21.89226383737586,32.17404307207391,25.99999999999999,0.0,0.0,0.0
21.894498136095656,32.164212695017,25.999999999999993,0.0,0.0,0.0
21.89673195321715,32.15438227877994,25.999999999999993,0.0,0.0,0.0
21.89896528902194,32.14455182338551,25.999999999999996,0.0,0.0,0.0
21.901198143791483,32.13472132885652,25.999999999999993,0.0,0.0,0.0
21.90343051780704,32.12489079521577,25.999999999999993,0.0,0.0,0.0
21.905662411349724,32.11506022248593,25.999999999999986,0.0,0.0,0.0
21.907893824700448,32.10522961068979,25.99999999999999,0.0,0.0,0.0
21.910127747109968,32.09539947468076,25.999999999999986,0.0,0.0,0.0
21.91236458662644,32.085569884719625,25.999999999999986,0.0,0.0,0.0
21.914600945472955,32.07574025553684,25.999999999999993,0.0,0.0,0.0
21.91683682393072,32.065910587155145,25.999999999999996,0.0,0.0,0.0
21.919072222280693,32.05608087959743,25.999999999999993,0.0,0.0,0.0
21.9213071408037,32.04625113288649,25.999999999999993,0.0,0.0,0.0
21.923541579780373,32.03642134704514,25.999999999999993,0.0,0.0,0.0
21.925775539491198,32.026591522096176,25.99999999999999,0.0,0.0,0.0
21.92800902021644,32.016761658062414,25.999999999999996,0.0,0.0,0.0
21.930242022236257,32.00693175496651,25.999999999999993,0.0,0.0,0.0
21.932474545830587,31.997101812831257,25.999999999999993,0.0,0.0,0.0
21.934706591279202,31.987271831679386,25.999999999999996,0.0,0.0,0.0
21.93693815886171,31.97744181153362,25.999999999999996,0.0,0.0,0.0
21.939169248857525,31.967611752416726,25.999999999999996,0.0,0.0,0.0
21.941405604499792,31.95778264355898,25.999999999999993,0.0,0.0,0.0
21.94364209294052,31.947953600819247,25.999999999999993,0.0,0.0,0.0
21.94587810332611,31.938124518954456,25.999999999999993,0.0,0.0,0.0
21.9481136359362,31.928295397987426,25.999999999999996,0.0,0.0,0.0
21.9503486910503,31.91846623794092,25.999999999999993,0.0,0.0,0.0
21.95258326894773,31.908637038837785,25.999999999999993,0.0,0.0,0.0
21.954817369907662,31.898807800700656,25.999999999999993,0.0,0.0,0.0
21.957050994209062,31.888978523552346,25.999999999999993,0.0,0.0,0.0
21.959284142130752,31.879149207415587,26.0,0.0,0.0,0.0
21.961516813951363,31.869319852313087,25.999999999999993,0.0,0.0,0.0
21.96374900994935,31.859490458267622,25.999999999999996,0.0,0.0,0.0
21.96598073040304,31.84966102530174,25.999999999999996,0.0,0.0,0.0
21.96821197559054,31.8398315534382,25.999999999999996,0.0,0.0,0.0
21.9704448882093,31.83000241173121,25.999999999999996,0.0,0.0,0.0
21.972681504919137,31.820173950971615,25.999999999999993,0.0,0.0,0.0
21.97491764590333,31.810345451161925,25.99999999999999,0.0,0.0,0.0
21.977153311440205,31.800516912324966,25.999999999999996,0.0,0.0,0.0
21.979388501808007,31.790688334483395,25.999999999999986,0.0,0.0,0.0
21.981623217284714,31.78085971766001,25.999999999999986,0.0,0.0,0.0
21.983857458148197,31.771031061877533,25.999999999999982,0.0,0.0,0.0
21.98609122467613,31.761202367158695,25.999999999999986,0.0,0.0,0.0
21.98832451714599,31.751373633526246,25.999999999999986,0.0,0.0,0.0
21.99055733583516,31.74154486100277,25.999999999999986,0.0,0.0,0.0
21.99278968102079,31.731716049610995,25.999999999999986,0.0,0.0,0.0
21.99502155297988,31.721887199373576,25.999999999999986,0.0,0.0,0.0
21.99725295198925,31.71205831031318,25.999999999999975,0.0,0.0,0.0
21.999483878325567,31.702229382452412,25.999999999999986,0.0,0.0,0.0
22.00171919506824,31.69240125344188,25.99999999999998,0.0,0.0,0.0
22.00395546531633,31.682573331244583,25.99999999999998,0.0,0.0,0.0
22.00619126244126,31.672745370096052,25.999999999999986,0.0,0.0,0.0
22.008426586719917,31.662917370019017,25.999999999999986,0.0,0.0,0.0
22.010661438429022,31.6530893310362,25.99999999999998,0.0,0.0,0.0
22.012895817845127,31.643261253170362,25.99999999999998,0.0,0.0,0.0
22.01512972524461,31.63343313644406,25.999999999999982,0.0,0.0,0.0
22.017363160903713,31.623604980880057,25.999999999999986,0.0,0.0,0.0
22.019596125098456,31.61377678650099,25.999999999999986,0.0,0.0,0.0
22.021828618104728,31.603948553329513,25.99999999999999,0.0,0.0,0.0
22.024060640198233,31.594120281388264,25.99999999999999,0.0,0.0,0.0
22.026292191654516,31.584291970699915,25.99999999999999,0.0,0.0,0.0
22.028523272748963,31.57446362128697,25.999999999999993,0.0,0.0,0.0
22.030755176997786,31.56463545593721,25.999999999999996,0.0,0.0,0.0
22.032991575169596,31.554808106928785,25.999999999999993,0.0,0.0,0.0
22.035227502538326,31.544980719046368,25.999999999999993,0.0,0.0,0.0
22.037462959379585,31.535153292312724,25.999999999999996,0.0,0.0,0.0
22.039697945968808,31.525325826750425,25.99999999999999,0.0,0.0,0.0
22.041932462581265,31.5154983223822,25.999999999999993,0.0,0.0,0.0
22.044166509492054,31.505670779230726,25.999999999999993,0.0,0.0,0.0
22.046400086976103,31.495843197318628,25.999999999999993,0.0,0.0,0.0
22.048633195308174,31.486015576668564,25.999999999999993,0.0,0.0,0.0
22.05086583476286,31.47618791730319,25.999999999999986,0.0,0.0,0.0
22.05309800561462,31.466360219245008,25.999999999999993,0.0,0.0,0.0
22.055329708137695,31.456532482516668,25.999999999999993,0.0,0.0,0.0
