galstreams/tracks/track.po.Sangarius.grillmair2017.ecsv
# %ECSV 0.9
# ---
# datatype:
# - {name: ra, unit: deg, datatype: float64}
# - {name: dec, unit: deg, datatype: float64}
# - {name: distance, unit: kpc, datatype: float64}
# - {name: pm_ra_cosdec, unit: mas / yr, datatype: float64}
# - {name: pm_dec, unit: mas / yr, datatype: float64}
# - {name: radial_velocity, unit: km / s, datatype: float64}
# delimiter: ','
# meta: !!omap
# - __serialized_columns__:
#     dec:
#       __class__: astropy.coordinates.angles.Latitude
#       unit: &id001 !astropy.units.Unit {unit: deg}
#       value: !astropy.table.SerializedColumn {name: dec}
#     distance:
#       __class__: astropy.coordinates.distances.Distance
#       unit: !astropy.units.Unit {unit: kpc}
#       value: !astropy.table.SerializedColumn {name: distance}
#     pm_dec:
#       __class__: astropy.units.quantity.Quantity
#       unit: !astropy.units.Unit {unit: mas / yr}
#       value: !astropy.table.SerializedColumn {name: pm_dec}
#     pm_ra_cosdec:
#       __class__: astropy.units.quantity.Quantity
#       unit: !astropy.units.Unit {unit: mas / yr}
#       value: !astropy.table.SerializedColumn {name: pm_ra_cosdec}
#     ra:
#       __class__: astropy.coordinates.angles.Longitude
#       unit: *id001
#       value: !astropy.table.SerializedColumn {name: ra}
#       wrap_angle: !astropy.coordinates.Angle
#         unit: *id001
#         value: 360.0
#     radial_velocity:
#       __class__: astropy.units.quantity.Quantity
#       unit: !astropy.units.Unit {unit: km / s}
#       value: !astropy.table.SerializedColumn {name: radial_velocity}
# schema: astropy-2.0
ra,dec,distance,pm_ra_cosdec,pm_dec,radial_velocity
134.03764086475874,-17.6010676566256,21.000000000000444,0.0,0.0,0.0
134.0371391959678,-17.591077098067053,21.00000000000044,0.0,0.0,0.0
134.03663758264125,-17.581086538243202,21.00000000000044,0.0,0.0,0.0
134.0361360247394,-17.571095977154926,21.000000000000437,0.0,0.0,0.0
134.0356345222226,-17.561105414803222,21.000000000000437,0.0,0.0,0.0
134.03513307505116,-17.551114851188938,21.00000000000043,0.0,0.0,0.0
134.03463168318547,-17.541124286312986,21.000000000000433,0.0,0.0,0.0
134.0341303465859,-17.53113372017628,21.000000000000426,0.0,0.0,0.0
134.0336290652128,-17.521143152779704,21.000000000000426,0.0,0.0,0.0
134.0331278390266,-17.51115258412411,21.000000000000423,0.0,0.0,0.0
134.03262666798776,-17.50116201421051,21.000000000000426,0.0,0.0,0.0
134.03212555205667,-17.491171443039768,21.000000000000423,0.0,0.0,0.0
134.03162449119378,-17.48118087061278,21.00000000000042,0.0,0.0,0.0
134.0311234853596,-17.47119029693043,21.00000000000042,0.0,0.0,0.0
134.03062253451455,-17.461199721993648,21.000000000000416,0.0,0.0,0.0
134.03012163861916,-17.451209145803258,21.000000000000412,0.0,0.0,0.0
134.02962079763392,-17.44121856836028,21.000000000000412,0.0,0.0,0.0
134.02912001151944,-17.43122798966556,21.00000000000041,0.0,0.0,0.0
134.02861928023611,-17.421237409719993,21.00000000000041,0.0,0.0,0.0
134.02811860374464,-17.41124682852448,21.000000000000405,0.0,0.0,0.0
134.02761798200552,-17.40125624607993,21.000000000000398,0.0,0.0,0.0
134.02711741497936,-17.391265662387177,21.000000000000405,0.0,0.0,0.0
134.02661690262678,-17.381275077447242,21.000000000000398,0.0,0.0,0.0
134.02611644490838,-17.37128449126095,21.000000000000398,0.0,0.0,0.0
134.0256160417848,-17.361293903829207,21.000000000000394,0.0,0.0,0.0
134.02511569321666,-17.351303315152926,21.00000000000039,0.0,0.0,0.0
134.02461539916467,-17.34131272523297,21.00000000000039,0.0,0.0,0.0
134.02411515958948,-17.33132213407022,21.00000000000039,0.0,0.0,0.0
134.02361497445182,-17.321331541665653,21.000000000000387,0.0,0.0,0.0
134.02311484371236,-17.31134094802013,21.000000000000387,0.0,0.0,0.0
134.02261476733185,-17.30135035313455,21.000000000000384,0.0,0.0,0.0
134.02211474527104,-17.291359757009783,21.000000000000384,0.0,0.0,0.0
134.02161477749064,-17.281369159646744,21.00000000000038,0.0,0.0,0.0
134.02111486395148,-17.27137856104627,21.00000000000038,0.0,0.0,0.0
134.02061500461429,-17.261387961209362,21.00000000000038,0.0,0.0,0.0
134.0201151994399,-17.251397360136856,21.000000000000377,0.0,0.0,0.0
134.01961544838917,-17.241406757829665,21.00000000000038,0.0,0.0,0.0
134.01911575142285,-17.231416154288674,21.000000000000373,0.0,0.0,0.0
134.01861610850185,-17.221425549514702,21.000000000000373,0.0,0.0,0.0
134.01811651958695,-17.211434943508777,21.00000000000037,0.0,0.0,0.0
134.01761698463912,-17.201444336271724,21.00000000000037,0.0,0.0,0.0
134.0171175036192,-17.19145372780444,21.000000000000366,0.0,0.0,0.0
134.0166180764881,-17.181463118107814,21.00000000000037,0.0,0.0,0.0
134.01611870320676,-17.171472507182738,21.00000000000037,0.0,0.0,0.0
134.0156193837361,-17.161481895030047,21.000000000000362,0.0,0.0,0.0
134.01512011803706,-17.151491281650742,21.000000000000362,0.0,0.0,0.0
134.01462090607066,-17.14150066704567,21.00000000000036,0.0,0.0,0.0
134.01412174779782,-17.131510051215706,21.000000000000362,0.0,0.0,0.0
134.01362264317953,-17.121519434161748,21.00000000000036,0.0,0.0,0.0
134.01312359217687,-17.111528815884682,21.00000000000036,0.0,0.0,0.0
134.0126245947508,-17.101538196385345,21.000000000000355,0.0,0.0,0.0
134.0121256508624,-17.09154757566473,21.000000000000355,0.0,0.0,0.0
134.01162676047272,-17.08155695372368,21.00000000000035,0.0,0.0,0.0
134.0111279235428,-17.071566330563073,21.000000000000355,0.0,0.0,0.0
134.01062914003376,-17.061575706183813,21.00000000000035,0.0,0.0,0.0
134.01013040990668,-17.05158508058677,21.000000000000348,0.0,0.0,0.0
134.00963173312266,-17.041594453772785,21.000000000000345,0.0,0.0,0.0
134.00913310964287,-17.031603825742845,21.000000000000348,0.0,0.0,0.0
134.00863453942844,-17.021613196497803,21.000000000000348,0.0,0.0,0.0
134.0081360224405,-17.011622566038522,21.00000000000034,0.0,0.0,0.0
134.00763755864025,-17.001631934365896,21.000000000000345,0.0,0.0,0.0
134.00713914798888,-16.99164130148077,21.000000000000345,0.0,0.0,0.0
134.00664079044762,-16.981650667384127,21.000000000000338,0.0,0.0,0.0
134.00614248597762,-16.97166003207678,21.00000000000034,0.0,0.0,0.0
134.00564423454017,-16.961669395559635,21.000000000000334,0.0,0.0,0.0
134.0051460360965,-16.951678757833577,21.000000000000334,0.0,0.0,0.0
134.00464789060786,-16.941688118899474,21.000000000000334,0.0,0.0,0.0
134.0041497980355,-16.931697478758228,21.000000000000338,0.0,0.0,0.0
134.0036517583408,-16.92170683741066,21.00000000000033,0.0,0.0,0.0
134.00315377148496,-16.91171619485776,21.00000000000033,0.0,0.0,0.0
134.0026558374294,-16.90172555110035,21.000000000000327,0.0,0.0,0.0
134.00215795613536,-16.891734906139323,21.00000000000033,0.0,0.0,0.0
134.00166012756426,-16.881744259975562,21.00000000000033,0.0,0.0,0.0
134.00116235167744,-16.871753612609876,21.00000000000033,0.0,0.0,0.0
134.0006646284363,-16.861762964043283,21.000000000000323,0.0,0.0,0.0
134.00016695780218,-16.851772314276584,21.000000000000323,0.0,0.0,0.0
133.99966933973656,-16.841781663310673,21.000000000000323,0.0,0.0,0.0
133.9991717742008,-16.831791011146432,21.00000000000032,0.0,0.0,0.0
133.99867426115634,-16.821800357784728,21.000000000000323,0.0,0.0,0.0
133.99817680056466,-16.811809703226405,21.000000000000323,0.0,0.0,0.0
133.99767939238723,-16.801819047472435,21.00000000000032,0.0,0.0,0.0
133.9971820365855,-16.791828390523644,21.000000000000316,0.0,0.0,0.0
133.99668473312101,-16.781837732380918,21.00000000000032,0.0,0.0,0.0
133.99618748195525,-16.771847073045127,21.000000000000313,0.0,0.0,0.0
133.99569028304973,-16.761856412517158,21.000000000000316,0.0,0.0,0.0
133.99519313636597,-16.751865750797826,21.000000000000316,0.0,0.0,0.0
133.99469604186555,-16.741875087888122,21.000000000000313,0.0,0.0,0.0
133.99419899951005,-16.731884423788863,21.000000000000313,0.0,0.0,0.0
133.99370200926103,-16.721893758500944,21.00000000000031,0.0,0.0,0.0
133.9932050710801,-16.711903092025214,21.00000000000031,0.0,0.0,0.0
133.99270818492886,-16.701912424362558,21.000000000000306,0.0,0.0,0.0
133.9922113507689,-16.691921755513814,21.000000000000306,0.0,0.0,0.0
133.99171456856192,-16.681931085479945,21.00000000000031,0.0,0.0,0.0
133.99121783826956,-16.671940414261776,21.000000000000306,0.0,0.0,0.0
133.99072115985348,-16.661949741860195,21.000000000000302,0.0,0.0,0.0
133.99022453327535,-16.651959068276057,21.000000000000302,0.0,0.0,0.0
133.98972795849684,-16.64196839351019,21.000000000000302,0.0,0.0,0.0
133.98923143547972,-16.63197771756359,21.000000000000302,0.0,0.0,0.0
133.9887349641857,-16.62198704043705,21.0000000000003,0.0,0.0,0.0
133.9882385445765,-16.611996362131464,21.000000000000302,0.0,0.0,0.0
133.98774217661384,-16.602005682647693,21.000000000000302,0.0,0.0,0.0
133.98724586025958,-16.59201500198662,21.000000000000295,0.0,0.0,0.0
133.98674959547543,-16.5820243201491,21.000000000000295,0.0,0.0,0.0
133.9862533822232,-16.572033637135963,21.000000000000295,0.0,0.0,0.0
133.9857572204647,-16.562042952948186,21.000000000000295,0.0,0.0,0.0
133.98526111016176,-16.552052267586596,21.00000000000029,0.0,0.0,0.0
133.98476505127624,-16.542061581052042,21.000000000000295,0.0,0.0,0.0
133.98426904376996,-16.53207089334541,21.000000000000295,0.0,0.0,0.0
133.98377308760476,-16.52208020446751,21.00000000000029,0.0,0.0,0.0
133.98327718274257,-16.512089514419323,21.00000000000029,0.0,0.0,0.0
133.9827813291453,-16.502098823201667,21.00000000000029,0.0,0.0,0.0
133.9822855267748,-16.492108130815403,21.000000000000288,0.0,0.0,0.0
133.98178977559303,-16.48211743726141,21.00000000000029,0.0,0.0,0.0
133.98129407556192,-16.472126742540546,21.000000000000284,0.0,0.0,0.0
133.98079842664345,-16.46213604665363,21.000000000000288,0.0,0.0,0.0
133.9803028287995,-16.45214534960164,21.000000000000288,0.0,0.0,0.0
133.97980728199215,-16.442154651385387,21.000000000000284,0.0,0.0,0.0
133.9793117861833,-16.432163952005734,21.000000000000288,0.0,0.0,0.0
133.97881634133506,-16.422173251463555,21.000000000000284,0.0,0.0,0.0
133.97832094740937,-16.412182549759713,21.000000000000284,0.0,0.0,0.0
133.97782560436826,-16.402191846895025,21.00000000000028,0.0,0.0,0.0
133.97733031217385,-16.392201142870462,21.00000000000028,0.0,0.0,0.0
133.97683507078816,-16.382210437686823,21.000000000000277,0.0,0.0,0.0
133.97633988017327,-16.372219731344988,21.000000000000277,0.0,0.0,0.0
133.97584474029125,-16.362229023845828,21.000000000000277,0.0,0.0,0.0
133.97534965110424,-16.352238315190192,21.00000000000028,0.0,0.0,0.0
133.97485461257432,-16.34224760537889,21.000000000000277,0.0,0.0,0.0
133.9743596246637,-16.332256894412907,21.000000000000277,0.0,0.0,0.0
133.9738646873344,-16.32226618229305,21.000000000000274,0.0,0.0,0.0
133.9733698005487,-16.312275469020165,21.000000000000277,0.0,0.0,0.0
133.97287496426873,-16.302284754595142,21.000000000000274,0.0,0.0,0.0
133.97238017845666,-16.29229403901877,21.000000000000277,0.0,0.0,0.0
133.9718854430747,-16.282303322292027,21.00000000000027,0.0,0.0,0.0
133.9713907580851,-16.272312604415713,21.000000000000274,0.0,0.0,0.0
133.97089612345005,-16.262321885390705,21.000000000000274,0.0,0.0,0.0
133.97040153913179,-16.252331165217857,21.000000000000274,0.0,0.0,0.0
133.96990700509264,-16.242340443898023,21.000000000000274,0.0,0.0,0.0
133.96941252129477,-16.232349721432072,21.000000000000266,0.0,0.0,0.0
133.96891808770056,-16.2223589978208,21.000000000000266,0.0,0.0,0.0
133.96842370427225,-16.2123682730652,21.000000000000266,0.0,0.0,0.0
133.96792937097214,-16.20237754716604,21.000000000000266,0.0,0.0,0.0
133.96743508776265,-16.19238682012422,21.000000000000266,0.0,0.0,0.0
133.966940854606,-16.182396091940575,21.000000000000263,0.0,0.0,0.0
133.9664466714646,-16.172405362615905,21.000000000000263,0.0,0.0,0.0
133.96595253830085,-16.162414632151197,21.000000000000263,0.0,0.0,0.0
133.96545845507708,-16.152423900547245,21.000000000000263,0.0,0.0,0.0
133.96496442175572,-16.1424331678049,21.000000000000263,0.0,0.0,0.0
133.96447043829912,-16.132442433925036,21.00000000000026,0.0,0.0,0.0
133.96397650466977,-16.1224516989085,21.00000000000026,0.0,0.0,0.0
133.96348262083006,-16.11246096275609,21.00000000000026,0.0,0.0,0.0
133.96298878674247,-16.102470225468775,21.00000000000026,0.0,0.0,0.0
133.96249500236942,-16.092479487047367,21.00000000000026,0.0,0.0,0.0
133.96200126767343,-16.08248874749271,21.000000000000263,0.0,0.0,0.0
133.96150758261695,-16.072498006805667,21.000000000000256,0.0,0.0,0.0
133.9610139471625,-16.062507264987087,21.00000000000026,0.0,0.0,0.0
133.96052036127264,-16.052516522037774,21.000000000000256,0.0,0.0,0.0
133.96002682490985,-16.04252577795869,21.00000000000026,0.0,0.0,0.0
133.9595333380367,-16.032535032750648,21.000000000000256,0.0,0.0,0.0
133.95903990061566,-16.022544286414487,21.000000000000252,0.0,0.0,0.0
133.95854651260942,-16.012553538951057,21.000000000000256,0.0,0.0,0.0
133.95805317398055,-16.00256279036123,21.000000000000256,0.0,0.0,0.0
133.95755988469156,-15.99257204064579,21.000000000000256,0.0,0.0,0.0
133.95706664470518,-15.982581289805719,21.000000000000256,0.0,0.0,0.0
133.9565734539839,-15.972590537841779,21.000000000000256,0.0,0.0,0.0
133.95608031249049,-15.962599784754852,21.000000000000252,0.0,0.0,0.0
133.9555872201875,-15.952609030545789,21.000000000000252,0.0,0.0,0.0
133.95509417703764,-15.942618275215372,21.00000000000025,0.0,0.0,0.0
133.95460118300358,-15.932627518764576,21.000000000000252,0.0,0.0,0.0
133.95410823804806,-15.922636761194187,21.000000000000252,0.0,0.0,0.0
133.9536153421337,-15.912646002505067,21.00000000000025,0.0,0.0,0.0
133.95312249522328,-15.902655242698055,21.000000000000245,0.0,0.0,0.0
133.9526296972795,-15.892664481774005,21.00000000000025,0.0,0.0,0.0
133.9521369482651,-15.882673719733774,21.000000000000245,0.0,0.0,0.0
133.95164424814286,-15.872682956578142,21.00000000000025,0.0,0.0,0.0
133.95115159687558,-15.862692192308083,21.00000000000025,0.0,0.0,0.0
133.95065899442596,-15.852701426924389,21.000000000000245,0.0,0.0,0.0
133.9501664407569,-15.8427106604279,21.000000000000245,0.0,0.0,0.0
133.94967393583113,-15.832719892819473,21.000000000000245,0.0,0.0,0.0
133.94918147961152,-15.822729124099897,21.00000000000024,0.0,0.0,0.0
133.94868907206092,-15.812738354270127,21.000000000000245,0.0,0.0,0.0
133.9481967131421,-15.802747583330964,21.000000000000245,0.0,0.0,0.0
133.947704402818,-15.792756811283253,21.00000000000024,0.0,0.0,0.0
133.94721214105152,-15.782766038127829,21.000000000000245,0.0,0.0,0.0
133.94671992780547,-15.77277526386556,21.00000000000024,0.0,0.0,0.0
133.9462277630428,-15.762784488497218,21.000000000000238,0.0,0.0,0.0
133.94573564672643,-15.752793712023767,21.000000000000238,0.0,0.0,0.0
133.9452435788193,-15.742802934445994,21.000000000000238,0.0,0.0,0.0
133.9447515592843,-15.732812155764757,21.00000000000024,0.0,0.0,0.0
133.94425958808444,-15.722821375980887,21.00000000000024,0.0,0.0,0.0
133.9437676651827,-15.712830595095241,21.000000000000238,0.0,0.0,0.0
133.943275790542,-15.702839813108593,21.000000000000234,0.0,0.0,0.0
133.9427839641254,-15.692849030021904,21.000000000000234,0.0,0.0,0.0
133.94229218589587,-15.682858245835972,21.000000000000234,0.0,0.0,0.0
133.94180045581643,-15.672867460551629,21.000000000000234,0.0,0.0,0.0
133.94130877385018,-15.662876674169725,21.000000000000234,0.0,0.0,0.0
133.9408171399601,-15.652885886691097,21.000000000000234,0.0,0.0,0.0
133.94032555410925,-15.642895098116528,21.000000000000234,0.0,0.0,0.0
133.93983401626073,-15.632904308447005,21.000000000000234,0.0,0.0,0.0
133.93934252637763,-15.62291351768327,21.000000000000234,0.0,0.0,0.0
133.93885108442308,-15.612922725826182,21.000000000000234,0.0,0.0,0.0
133.93835969036013,-15.602931932876585,21.00000000000023,0.0,0.0,0.0
133.93786834415195,-15.592941138835274,21.00000000000023,0.0,0.0,0.0
133.93737704576165,-15.582950343703192,21.00000000000023,0.0,0.0,0.0
133.93688579515242,-15.572959547481116,21.00000000000023,0.0,0.0,0.0
133.9363945922874,-15.56296875016989,21.00000000000023,0.0,0.0,0.0
133.93590343712975,-15.552977951770362,21.000000000000227,0.0,0.0,0.0
133.93541232964273,-15.542987152283372,21.000000000000227,0.0,0.0,0.0
133.93492126978947,-15.532996351709754,21.000000000000227,0.0,0.0,0.0
133.93443025753322,-15.52300555005029,21.000000000000227,0.0,0.0,0.0
133.93393929283724,-15.513014747305933,21.00000000000023,0.0,0.0,0.0
133.9334483756647,-15.50302394347747,21.000000000000227,0.0,0.0,0.0
133.93295750597892,-15.493033138565734,21.00000000000023,0.0,0.0,0.0
133.93246668374317,-15.483042332571557,21.000000000000224,0.0,0.0,0.0
133.9319759089207,-15.47305152549573,21.000000000000224,0.0,0.0,0.0
133.93148518147478,-15.46306071733921,21.000000000000227,0.0,0.0,0.0
133.9309945013688,-15.453069908102757,21.000000000000224,0.0,0.0,0.0
133.930503868566,-15.443079097787225,21.000000000000224,0.0,0.0,0.0
133.93001328302975,-15.433088286393444,21.000000000000227,0.0,0.0,0.0
133.9295227447234,-15.423097473922255,21.000000000000227,0.0,0.0,0.0
133.9290322536103,-15.41310666037443,21.000000000000224,0.0,0.0,0.0
133.92854180965384,-15.403115845750923,21.00000000000022,0.0,0.0,0.0
133.92805141281735,-15.393125030052504,21.00000000000022,0.0,0.0,0.0
133.9275610630643,-15.38313421328003,21.000000000000224,0.0,0.0,0.0
133.92707076035808,-15.373143395434305,21.000000000000224,0.0,0.0,0.0
133.92658050466204,-15.36315257651619,21.000000000000224,0.0,0.0,0.0
133.92609029593973,-15.353161756526456,21.00000000000022,0.0,0.0,0.0
133.9256001341545,-15.34317093546604,21.00000000000022,0.0,0.0,0.0
133.92511001926988,-15.333180113335725,21.00000000000022,0.0,0.0,0.0
133.9246199512493,-15.323189290136348,21.00000000000022,0.0,0.0,0.0
133.92412993005627,-15.313198465868735,21.00000000000022,0.0,0.0,0.0
133.92363995565427,-15.303207640533728,21.000000000000217,0.0,0.0,0.0
