galstreams/tracks/track.st.NGC3201-Gjoll.ibata2024.ecsv
# %ECSV 1.0
# ---
# datatype:
# - {name: ra, unit: deg, datatype: float64}
# - {name: dec, unit: deg, datatype: float64}
# - {name: distance, unit: kpc, datatype: float64}
# - {name: pm_ra_cosdec, unit: mas / yr, datatype: float64}
# - {name: pm_dec, unit: mas / yr, datatype: float64}
# - {name: radial_velocity, unit: km / s, datatype: float64}
# delimiter: ','
# meta: !!omap
# - __serialized_columns__:
#     dec:
#       __class__: astropy.coordinates.angles.Latitude
#       unit: &id001 !astropy.units.Unit {unit: deg}
#       value: !astropy.table.SerializedColumn {name: dec}
#     distance:
#       __class__: astropy.coordinates.distances.Distance
#       unit: !astropy.units.Unit {unit: kpc}
#       value: !astropy.table.SerializedColumn {name: distance}
#     pm_dec:
#       __class__: astropy.units.quantity.Quantity
#       unit: !astropy.units.Unit {unit: mas / yr}
#       value: !astropy.table.SerializedColumn {name: pm_dec}
#     pm_ra_cosdec:
#       __class__: astropy.units.quantity.Quantity
#       unit: !astropy.units.Unit {unit: mas / yr}
#       value: !astropy.table.SerializedColumn {name: pm_ra_cosdec}
#     ra:
#       __class__: astropy.coordinates.angles.Longitude
#       unit: *id001
#       value: !astropy.table.SerializedColumn {name: ra}
#       wrap_angle: !astropy.coordinates.Angle
#         unit: *id001
#         value: 360.0
#     radial_velocity:
#       __class__: astropy.units.quantity.Quantity
#       unit: !astropy.units.Unit {unit: km / s}
#       value: !astropy.table.SerializedColumn {name: radial_velocity}
# schema: astropy-2.0
ra,dec,distance,pm_ra_cosdec,pm_dec,radial_velocity
[from data line 9360]
138.3549185151133,-43.413786986981464,0.9999999999999998,13.726094407133282,-5.409284248224381,453.17885899901006
138.36799548419197,-43.41702227939101,0.9999999999999998,13.721916247968462,-5.4057231779404376,453.22334596777205
138.38107368632703,-43.42025656135608,0.9999999999999997,13.717737318702323,-5.402163000687629,453.2678226446155
138.3941531214116,-43.42348983272016,0.9999999999999999,13.713557619594315,-5.3986037170241445,453.31228902822164
138.4072337893386,-43.42672209332681,0.9999999999999998,13.70937715090415,-5.395045327508008,453.35674511727126
138.4203156900007,-43.429953343019626,0.9999999999999999,13.705195912891796,-5.391487832697166,453.4011909104457
138.43339882329047,-43.43318358164218,0.9999999999999997,13.701013905817398,-5.38793123314948,453.4456264064256
138.44648318910012,-43.436412809038124,0.9999999999999998,13.696831129941359,-5.384375529422599,453.49005160389214
138.45956878732173,-43.43964102505112,0.9999999999999999,13.692647585524327,-5.380820722074127,453.53446650152665
138.47265561784724,-43.44286822952487,0.9999999999999998,13.688463272827182,-5.377266811661535,453.57887109800953
138.48574368056828,-43.4460944223031,0.9999999999999998,13.684278192111062,-5.373713798742095,453.62326539202223
138.49883297537625,-43.449319603229526,0.9999999999999999,13.68009234363728,-5.370161683873192,453.6676493822457
138.5119235021625,-43.45254377214798,0.9999999999999998,13.675905727667416,-5.366610467611757,453.71202306736075
138.525015260818,-43.4557669289023,0.9999999999999999,13.671718344463262,-5.363060150514791,453.7563864460488
138.53810825123364,-43.45898907333627,0.9999999999999997,13.667530194286908,-5.359510733139231,453.80073951699035
138.55120247330004,-43.46221020529381,0.9999999999999997,13.663341277400672,-5.355962216041746,453.84508227886676
138.56429792690759,-43.465430324618815,0.9999999999999998,13.659151594066948,-5.352414599778967,453.88941473035896
138.57739461194646,-43.46864943115522,0.9999999999999999,13.654961144548633,-5.348867884907385,453.933736870148
138.59049252830678,-43.471867524747005,0.9999999999999997,13.650769929108591,-5.345322071983389,453.97804869691487
138.60359167587825,-43.47508460523818,0.9999999999999998,13.646577948010165,-5.341777161563158,454.0223502093404
138.6166920545505,-43.47830067247277,0.9999999999999999,13.642385201516703,-5.338233154202861,454.0666414061061
138.62979366421288,-43.48151572629483,0.9999999999999997,13.638191689891958,-5.33469005045847,454.11092228589234
138.64289650475462,-43.48472976654847,0.9999999999999998,13.633997413399818,-5.331147850885898,454.1551928473806
138.65600057606466,-43.487942793077785,0.9999999999999997,13.6298023723045,-5.32760655604087,454.19945308925173
138.6691058780317,-43.49115480572697,0.9999999999999997,13.625606566870342,-5.324066166479035,454.2437030101867
138.68221241054437,-43.494365804340184,1.0,13.621409997362012,-5.320526682755869,454.2879426088666
138.69532017349098,-43.497575788761665,0.9999999999999999,13.617212664044345,-5.316988105426759,454.3321718839724
138.7084291667597,-43.50078475883565,0.9999999999999999,13.613014567182464,-5.313450435047002,454.37639083418526
138.72153939023835,-43.50399271440643,0.9999999999999998,13.608815707041742,-5.30991367217166,454.420599458186
138.73465084381476,-43.5071996553183,0.9999999999999998,13.604616083887706,-5.306377817355816,454.4647977546556
138.7477635273764,-43.510405581415625,0.9999999999999999,13.600415697986172,-5.302842871154262,454.5089857222754
138.76087744081056,-43.51361049254277,0.9999999999999998,13.596214549603136,-5.299308834121838,454.5531633597262
138.77399258400433,-43.51681438854413,0.9999999999999997,13.59201263900496,-5.295775706813146,454.59733066568884
138.7871089568446,-43.520017269264166,1.0,13.58780996645812,-5.292243489782685,454.6414876388446
138.80022655921806,-43.52321913454733,0.9999999999999998,13.583606532229336,-5.288712183584842,454.68563427787416
138.81334539101118,-43.52641998423813,0.9999999999999999,13.579402336585645,-5.285181788773883,454.7297705814592
138.82646545211017,-43.529619818181104,0.9999999999999998,13.575197379794211,-5.281652305903911,454.7738965482801
138.8395867424011,-43.532818636220796,0.9999999999999997,13.570991662122541,-5.278123735528993,454.818012177018
138.85270926176983,-43.53601643820182,0.9999999999999997,13.566785183838277,-5.274596078202919,454.8621174663541
138.865833010102,-43.53921322396879,0.9999999999999997,13.562577945209348,-5.271069334479485,454.9062124149692
138.878957987283,-43.54240899336639,0.9999999999999998,13.558369946503909,-5.267543504912304,454.95029702154454
138.89208419319806,-43.54560374623928,0.9999999999999998,13.554161187990402,-5.264018590054889,454.994371284761
138.90521162773217,-43.54879748243221,0.9999999999999998,13.549951669937457,-5.2604945904605955,455.03843520329957
138.91834029077015,-43.551990201789906,0.9999999999999998,13.545741392613877,-5.2569715066826745,455.0824887758412
138.93147018219653,-43.55518190415719,0.9999999999999999,13.541530356288789,-5.253449339274198,455.12653200106735
138.9446013018958,-43.55837258937884,0.9999999999999999,13.537318561231562,-5.249928088788224,455.17056487765836
138.95773364975202,-43.56156225729974,0.9999999999999998,13.533106007711712,-5.246407755777547,455.21458740429557
138.97086722564916,-43.56475090776476,0.9999999999999999,13.528892695999108,-5.242888340794941,455.25859957966026
138.98400202947101,-43.567938540618826,0.9999999999999998,13.524678626363752,-5.239369844392968,455.3026014024331
138.9971380611011,-43.57112515570687,0.9999999999999998,13.520463799075962,-5.235852267124109,455.34659287129506
139.01027532042278,-43.57431075287388,0.9999999999999997,13.516248214406215,-5.232335609540748,455.3905739849273
139.02341380731914,-43.57749533196487,0.9999999999999998,13.512031872625254,-5.2288198721950465,455.43454474201104
139.03655352167306,-43.58067889282486,0.9999999999999998,13.50781477400411,-5.22530505563914,455.47850514122683
139.0496944633673,-43.58386143529897,0.9999999999999997,13.50359691881399,-5.221791160424907,455.5224551812559
139.06283663228436,-43.587042959232264,0.9999999999999997,13.49937830732635,-5.218278187104268,455.5663948607795
139.07598002830647,-43.590223464469915,0.9999999999999997,13.49515893981285,-5.214766136228846,455.6103241784784
139.0891246513157,-43.59340295085708,0.9999999999999999,13.490938816545494,-5.211255008350271,455.6542431330337
139.102270501194,-43.59658141823898,0.9999999999999997,13.486717937796374,-5.207744804019882,455.6981517231262
139.11541757782297,-43.599758866460846,0.9999999999999998,13.482496303837927,-5.2042355237890945,455.742049947437
139.12856588108403,-43.60293529536795,0.9999999999999998,13.478273914942779,-5.200727168208999,455.78593780464746
139.14171541085844,-43.606110704805594,0.9999999999999997,13.47405077138384,-5.19721973783065,455.8298152934381
139.1548661670272,-43.60928509461911,0.9999999999999999,13.469826873434197,-5.193713233205038,455.8736824124904
139.16801814947115,-43.61245846465388,0.9999999999999997,13.465602221367192,-5.1902076548828475,455.9175391604848
139.18117135807088,-43.6156308147553,0.9999999999999998,13.461376815456394,-5.186703003414792,455.96138553610297
139.19432579270682,-43.61880214476881,0.9999999999999998,13.457150655975617,-5.183199279351335,456.0052215380253
139.2074814532591,-43.62197245453988,0.9999999999999998,13.452923743198973,-5.1796964832428785,456.04904716493326
139.22063833960775,-43.625141743913986,0.9999999999999997,13.448696077400669,-5.176194615639723,456.09286241550774
139.23379645163246,-43.6283100127367,0.9999999999999998,13.444467658855292,-5.172693677091921,456.13666728842975
139.24695578921288,-43.631477260853565,0.9999999999999998,13.440238487837597,-5.1691936681494965,456.18046178238023
139.26011635222827,-43.63464348811019,0.9999999999999998,13.436008564622554,-5.165694589362296,456.22424589604026
139.27327814055775,-43.63780869435221,0.9999999999999999,13.43177788948547,-5.162196441280059,456.2680196280907
139.28644115408036,-43.64097287942529,0.9999999999999998,13.427546462701702,-5.158699224452327,456.3117829772128
139.29960539267466,-43.64413604317513,0.9999999999999998,13.423314284547075,-5.155202939428612,456.3555359420876
139.31277085621926,-43.64729818544746,0.9999999999999997,13.419081355297465,-5.151707586758199,456.39927852139573
139.32593754459245,-43.65045930608806,0.9999999999999999,13.414847675229026,-5.148213166990281,456.44301071381864
139.33910545767225,-43.65361940494272,0.9999999999999997,13.410613244618258,-5.144719680673909,456.48673251803723
139.35227459533652,-43.65677848185725,0.9999999999999997,13.406378063741759,-5.141227128358054,456.5304439327322
139.36544495746298,-43.659936536677556,0.9999999999999999,13.402142132876424,-5.13773551059144,456.5741449565849
139.37861654392904,-43.66309356924953,0.9999999999999999,13.397905452299415,-5.134244827922707,456.61783558827665
139.39178935461194,-43.66624957941909,0.9999999999999997,13.393668022288061,-5.130755080900428,456.66151582648746
139.40496338938877,-43.66940456703221,0.9999999999999997,13.389429843119963,-5.127266270072944,456.7051856698994
139.41813864813625,-43.67255853193488,0.9999999999999998,13.385190915072922,-5.1237783959885235,456.7488451171928
139.431315130731,-43.67571147397317,0.9999999999999998,13.380951238425087,-5.120291459195236,456.79249416704886
139.44449283704947,-43.67886339299313,0.9999999999999998,13.376710813454757,-5.11680546024111,456.83613281814905
139.4576717669678,-43.682014288840854,0.9999999999999998,13.372469640440421,-5.113320399673931,456.87976106917347
139.47085192036195,-43.68516416136247,0.9999999999999999,13.368227719660887,-5.109836278041442,456.923378918804
139.48403329710771,-43.68831301040418,0.9999999999999998,13.36398505139518,-5.106353095891151,456.9669863657212
139.49721589708062,-43.69146083581216,0.9999999999999998,13.359741635922578,-5.1028708537705825,457.0105834086062
139.510399720156,-43.69460763743267,0.9999999999999997,13.355497473522547,-5.099389552226924,457.05417004613986
139.52358476620898,-43.69775341511196,0.9999999999999997,13.351252564474827,-5.095909191807415,457.0977462770034
139.5367710351145,-43.70089816869635,0.9999999999999999,13.34700690905936,-5.09242977305901,457.14131209987795
139.54995852674725,-43.70404189803217,0.9999999999999998,13.342760507556342,-5.088951296528634,457.1848675134441
139.5631472409817,-43.707184602965825,0.9999999999999997,13.33851336024627,-5.085473762762973,457.2284125163833
139.57633717769215,-43.710326283343676,0.9999999999999997,13.334265467409775,-5.081997172308718,457.27194710737626
139.58952833675264,-43.7134669390122,0.9999999999999998,13.33001682932781,-5.078521525712247,457.3154712851041
139.60272071803706,-43.71660656981786,0.9999999999999999,13.32576744628145,-5.075046823519955,457.3589850482478
139.6159143214191,-43.71974517560717,0.9999999999999996,13.321517318552164,-5.07157306627802,457.40248839548843
139.6291091467721,-43.72288275622668,0.9999999999999998,13.317266446421495,-5.068100254532453,457.44598132550703
139.64230519396932,-43.72601931152297,0.9999999999999998,13.313014830171383,-5.064628388829199,457.48946383698456
139.6555024628838,-43.729154841342655,0.9999999999999997,13.308762470083895,-5.0611574697140185,457.53293592860194
139.66870095338828,-43.73228934553239,0.9999999999999998,13.30450936644134,-5.05768749773258,457.57639759904043
139.68190066535539,-43.73542282393883,0.9999999999999996,13.300255519526331,-5.054218473430332,457.6198488469809
139.69510159865752,-43.738555276408725,0.9999999999999998,13.296000929621613,-5.05075039735263,457.6632896711044
139.70830375316677,-43.74168670278882,0.9999999999999999,13.291745597010333,-5.047283270044737,457.7067200700918
139.72150712875512,-43.7448171029259,0.9999999999999998,13.287489521975683,-5.043817092051668,457.75014004262425
139.73471172529435,-43.7479464766668,0.9999999999999999,13.283232704801222,-5.040351863918389,457.7935495873827
139.7479175426559,-43.75107482385834,0.9999999999999999,13.278975145770723,-5.036887586189735,457.83694870304834
139.76112458071117,-43.75420214434746,0.9999999999999998,13.274716845168125,-5.033424259410275,457.8803373883019
139.7743328393312,-43.75732843798105,0.9999999999999997,13.270457803277708,-5.029961884124582,457.92371564182463
139.7875423183869,-43.76045370460609,0.9999999999999999,13.266198020383957,-5.026500460877024,457.9670834622974
139.80075301774897,-43.76357794406958,0.9999999999999998,13.261937496771509,-5.023039990211785,458.0104408484013
139.81396493728786,-43.76670115621855,0.9999999999999998,13.257676232725338,-5.019580472673006,458.0537877988173
139.82717807687382,-43.769823340900054,0.9999999999999998,13.25341422853064,-5.016121908804614,458.09712431222647
139.84039243637687,-43.77294449796121,0.9999999999999999,13.249151484472886,-5.012664299150387,458.1404503873099
139.85360801566688,-43.77606462724916,0.9999999999999998,13.244888000837605,-5.009207644254012,458.1837660227483
139.86682481461344,-43.77918372861106,0.9999999999999999,13.240623777910734,-5.005751944659011,458.2270712172229
139.88004283308592,-43.78230180189413,0.9999999999999998,13.236358815978448,-5.002297200908771,458.2703659694148
139.89326207095357,-43.78541884694559,0.9999999999999997,13.232093115327103,-4.998843413546517,458.3136502780049
139.90648252808535,-43.78853486361275,0.9999999999999998,13.227826676243264,-4.9953905831153165,458.356924141674
139.91970420435,-43.79164985174291,0.9999999999999999,13.223559499013792,-4.991938710158138,458.4001875591036
139.9329270996161,-43.79476381118343,0.9999999999999999,13.219291583925745,-4.988487795217779,458.44344052897424
139.94615121375196,-43.79787674178167,0.9999999999999997,13.215022931266521,-4.985037838836924,458.4866830499672
139.95937654662575,-43.800988643385075,0.9999999999999997,13.210753541323587,-4.981588841558057,458.5299151207636
139.97260309810534,-43.804099515841095,0.9999999999999999,13.20648341438476,-4.9781408039235515,458.5731367400442
139.98583086805846,-43.80720935899721,0.9999999999999999,13.202212550738064,-4.974693726475678,458.61634790649003
139.99905985635255,-43.810318172700974,0.9999999999999998,13.197940950671757,-4.971247609756453,458.65954861878225
140.01229006285496,-43.81342595679992,0.9999999999999997,13.193668614474415,-4.967802454307879,458.7027388756018
140.02552148743266,-43.816532711141654,0.9999999999999998,13.189395542434657,-4.964358260671737,458.74591867562964
140.0387541299526,-43.819638435573836,0.9999999999999998,13.185121734841587,-4.960915029389646,458.78908801754693
140.0519879902813,-43.822743129944094,0.9999999999999998,13.180847191984334,-4.957472761003125,458.83224690003436
140.0652230682853,-43.82584679410018,0.9999999999999999,13.17657191415239,-4.954031456053535,458.8753953217735
140.07845936383075,-43.82894942788982,0.9999999999999998,13.172295901635351,-4.950591115082084,458.9185332814449
140.0916968767836,-43.83205103116077,0.9999999999999998,13.168019154723325,-4.947151738629849,458.96166077772955
140.1049356070097,-43.83515160376087,0.9999999999999998,13.163741673706376,-4.943713327237738,459.0047778093089
140.11817555437463,-43.838251145537974,0.9999999999999998,13.159463458874903,-4.94027588144651,459.0478843748636
140.13141671874368,-43.84134965633996,0.9999999999999999,13.15518451051954,-4.93683940179681,459.0909804730748
140.14465909998205,-43.84444713601473,0.9999999999999998,13.150904828931203,-4.93340388882914,459.1340661026234
140.15790269795463,-43.84754358441028,0.9999999999999997,13.146624414401003,-4.929969343083783,459.1771412621906
140.17114751252612,-43.85063900137458,0.9999999999999997,13.142343267220294,-4.926535765100965,459.2202059504573
140.1843935435611,-43.85373338675568,0.9999999999999998,13.138061387680647,-4.923103155420698,459.2632601661044
140.1976407909238,-43.856826740401644,0.9999999999999998,13.133778776073889,-4.919671514582873,459.306303907813
