galstreams/tracks/track.st.Aquarius.williams2011.ecsv
# %ECSV 0.9
# ---
# datatype:
# - {name: ra, unit: deg, datatype: float64}
# - {name: dec, unit: deg, datatype: float64}
# - {name: distance, unit: kpc, datatype: float64}
# - {name: pm_ra_cosdec, unit: mas / yr, datatype: float64}
# - {name: pm_dec, unit: mas / yr, datatype: float64}
# - {name: radial_velocity, unit: km / s, datatype: float64}
# delimiter: ','
# meta: !!omap
# - __serialized_columns__:
#     dec:
#       __class__: astropy.coordinates.angles.Latitude
#       unit: &id001 !astropy.units.Unit {unit: deg}
#       value: !astropy.table.SerializedColumn {name: dec}
#     distance:
#       __class__: astropy.coordinates.distances.Distance
#       unit: !astropy.units.Unit {unit: kpc}
#       value: !astropy.table.SerializedColumn {name: distance}
#     pm_dec:
#       __class__: astropy.units.quantity.Quantity
#       unit: !astropy.units.Unit {unit: mas / yr}
#       value: !astropy.table.SerializedColumn {name: pm_dec}
#     pm_ra_cosdec:
#       __class__: astropy.units.quantity.Quantity
#       unit: !astropy.units.Unit {unit: mas / yr}
#       value: !astropy.table.SerializedColumn {name: pm_ra_cosdec}
#     ra:
#       __class__: astropy.coordinates.angles.Longitude
#       unit: *id001
#       value: !astropy.table.SerializedColumn {name: ra}
#       wrap_angle: !astropy.coordinates.Angle
#         unit: *id001
#         value: 360.0
#     radial_velocity:
#       __class__: astropy.units.quantity.Quantity
#       unit: !astropy.units.Unit {unit: km / s}
#       value: !astropy.table.SerializedColumn {name: radial_velocity}
# schema: astropy-2.0
ra,dec,distance,pm_ra_cosdec,pm_dec,radial_velocity
[from data line 994]
348.8894506888153,-9.534076069013198,3.605532770537306,8.366425169905781,-31.058354885028706,-208.93434105587875
348.89967247292816,-9.535941606419673,3.604295646820203,8.37162635267262,-31.064942732672133,-208.94319046956613
348.90989437041253,-9.537806827776745,3.6030585231031,8.376828243102405,-31.07153020775783,-208.95203988325338
348.92011638127525,-9.53967173298864,3.601821399385997,8.382030841337748,-31.078117310128903,-208.96088929694062
348.93033850552314,-9.5415363219596,3.6005842756688926,8.387234147521237,-31.084704039628424,-208.9697387106276
348.94056074316296,-9.543400594593859,3.5993471519517897,8.392438161795354,-31.091290396099467,-208.97858812431494
348.9507830942015,-9.545264550795679,3.5981100282346863,8.39764288430257,-31.0978763793851,-208.98743753800218
348.9610055586456,-9.547128190469316,3.5968729045175825,8.402848315185304,-31.10446198932839,-208.99628695168946
348.97122813650196,-9.548991513519029,3.595635780800479,8.408054454585919,-31.111047225772353,-209.00513636537664
348.98145082777734,-9.5508545198491,3.5943986570833757,8.413261302646685,-31.117632088560033,-209.01398577906397
348.9916736324784,-9.552717209363815,3.593161533366272,8.41846885950988,-31.124216577534472,-209.0228351927511
349.0018965506119,-9.55457958196745,3.591924409649169,8.423677125317674,-31.130800692538664,-209.0316846064383
349.0121195821845,-9.556441637564316,3.590687285932066,8.428886100212225,-31.13738443341562,-209.04053402012565
349.02234272720284,-9.558303376058713,3.5894501622149626,8.434095784335636,-31.143967800008333,-209.04938343381286
349.0325659856736,-9.560164797354956,3.5882130384978588,8.439306177829927,-31.150550792159788,-209.05823284750008
349.04278935760334,-9.562025901357362,3.586975914780755,8.444517280837072,-31.15713340971297,-209.06708226118727
349.05301284299867,-9.563886687970259,3.5857387910636516,8.449729093499002,-31.163715652510835,-209.0759316748745
349.06323644186614,-9.56574715709799,3.584501667346548,8.45494161595759,-31.17029752039634,-209.08478108856178
349.07346015421246,-9.56760730864489,3.5832645436294444,8.460154848354678,-31.17687901321242,-209.09363050224897
349.083683980044,-9.569467142515316,3.5820274199123414,8.465368790832015,-31.183460130802032,-209.10247991593627
349.0939079193674,-9.571326658613625,3.5807902961952376,8.470583443531336,-31.190040873008087,-209.11132932962343
349.1041319721891,-9.573185856844185,3.5795531724781355,8.475798806594273,-31.19662123967351,-209.12017874331065
349.1143561385156,-9.575044737111373,3.5783160487610313,8.481014880162455,-31.203201230641206,-209.1290281569979
349.1245804183534,-9.576903299319566,3.5770789250439274,8.486231664377438,-31.20978084575407,-209.13787757068516
349.1348048117089,-9.578761543373156,3.5758418013268236,8.491449159380707,-31.216360084855005,-209.1467269843724
349.14502931858857,-9.580619469176543,3.5746046776097207,8.496667365313728,-31.222938947786858,-209.1555763980596
349.1552539389988,-9.582477076634135,3.573367553892617,8.50188628231788,-31.229517434392516,-209.16442581174692
349.16547867294594,-9.584334365650339,3.5721304301755143,8.507105910534511,-31.236095544514836,-209.17327522543408
349.17570352043646,-9.586191336129577,3.570893306458411,8.512326250104914,-31.242673277996662,-209.18212463912127
349.1859284814766,-9.588047987976283,3.5696561827413067,8.5175473011703,-31.249250634680845,-209.19097405280866
349.1961535560728,-9.589904321094892,3.5684190590242038,8.522769063871875,-31.255827614410197,-209.19982346649576
349.2063787442313,-9.591760335389846,3.5671819353070995,8.527991538350758,-31.26240421702756,-209.20867288018297
349.21660404595843,-9.5936160307656,3.5659448115899965,8.533214724748,-31.26898044237572,-209.21752229387022
349.2268294612604,-9.595471407126615,3.5647076878728927,8.538438623204645,-31.275556290297494,-209.22637170755755
349.23705499014363,-9.597326464377353,3.5634705641557893,8.543663233861652,-31.282131760635664,-209.2352211212448
349.24728063261426,-9.599181202422292,3.5622334404386864,8.548888556859934,-31.288706853233002,-209.24407053493198
349.25750638867845,-9.60103562116592,3.560996316721582,8.554114592340342,-31.29528156793231,-209.2529199486191
349.26773225834245,-9.602889720512724,3.5597591930044787,8.559341340443673,-31.301855904576325,-209.26176936230647
349.2779582416125,-9.604743500367203,3.5585220692873762,8.5645688013107,-31.30842986300779,-209.2706187759936
349.28818433849466,-9.606596960633869,3.5572849455702724,8.569796975082097,-31.31500344306949,-209.27946818968087
349.29841054899515,-9.60845010121723,3.556047821853169,8.575025861898517,-31.321576644604114,-209.2883176033681
349.30863687312007,-9.610302922021809,3.5548106981360656,8.580255461900542,-31.328149467454416,-209.2971670170554
349.31886331087554,-9.61215542295214,3.5535735744189627,8.585485775228712,-31.334721911463088,-209.3060164307426
349.3290898622676,-9.614007603912759,3.5523364507018584,8.590716802023515,-31.341293976472848,-209.31486584442985
349.33931652730234,-9.615859464808215,3.551099326984755,8.595948542425372,-31.34786566232638,-209.32371525811706
349.34954330598583,-9.617711005543057,3.5498622032676517,8.601180996574643,-31.35443696886639,-209.3325646718042
349.35977019832416,-9.61956222602185,3.5486250795505483,8.606414164611678,-31.361007895935526,-209.3414140854915
349.36999720432317,-9.621413126149161,3.5473879558334445,8.61164804667671,-31.367578443376487,-209.35026349917874
349.3802243239889,-9.623263705829565,3.546150832116341,8.61688264290995,-31.3741486110319,-209.359112912866
349.3904515573275,-9.625113964967657,3.544913708399238,8.622117953451589,-31.38071839874442,-209.36796232655317
349.4006789043447,-9.626963903468022,3.5436765846821343,8.62735397844169,-31.387287806356696,-209.3768117402404
349.41090636504657,-9.628813521235259,3.542439460965031,8.632590718020342,-31.393856833711343,-209.38566115392766
349.42113393943896,-9.63066281817398,3.541202337247928,8.637828172327522,-31.400425480650984,-209.39451056761487
349.4313616275278,-9.632511794188805,3.5399652135308246,8.64306634150315,-31.406993747018248,-209.40335998130217
349.4415894293189,-9.634360449184355,3.5387280898137212,8.648305225687146,-31.413561632655714,-209.41220939498947
349.4518173448182,-9.636208783065262,3.5374909660966174,8.653544825019335,-31.42012913740597,-209.42105880867655
349.4620453740315,-9.638056795736166,3.536253842379514,8.65878513963949,-31.426696261111605,-209.4299082223639
349.47227351696466,-9.639904487101715,3.535016718662411,8.664026169687343,-31.433263003615195,-209.43875763605104
349.48250177362337,-9.641751857066563,3.5337795949453072,8.669267915302548,-31.43982936475929,-209.4476070497383
349.49273014401354,-9.64359890553538,3.5325424712282034,8.67451037662474,-31.44639534438646,-209.45645646342564
349.50295862814085,-9.645445632412835,3.5313053475111,8.679753553793475,-31.452960942339228,-209.46530587711283
349.5131872260111,-9.647292037603606,3.530068223793997,8.684997446948255,-31.45952615846015,-209.4741552908
349.5234159376299,-9.64913812101238,3.528831100076893,8.690242056228557,-31.466090992591734,-209.48300470448717
349.5336447630031,-9.650983882543851,3.52759397635979,8.695487381773749,-31.472655444576503,-209.49185411817447
349.5438737021363,-9.652829322102729,3.5263568526426865,8.700733423723197,-31.47921951425696,-209.50070353186172
349.5541027550352,-9.654674439593723,3.5251197289255827,8.705980182216198,-31.485783201475606,-209.50955294554893
349.5643319217054,-9.656519234921545,3.5238826052084797,8.711227657391957,-31.492346506074924,-209.51840235923618
349.57456120215255,-9.658363707990931,3.522645481491376,8.716475849389692,-31.498909427897388,-209.52725177292336
349.5847905963823,-9.660207858706613,3.5214083577742725,8.721724758348518,-31.505471966785493,-209.5361011866107
349.5950201044002,-9.66205168697333,3.520171234057169,8.726974384407514,-31.512034122581657,-209.54495060029788
349.6052497262118,-9.663895192695842,3.5189341103400658,8.732224727705702,-31.51859589512836,-209.55380001398504
349.6154794618227,-9.6657383757789,3.5176969866229624,8.73747578838202,-31.525157284268037,-209.56264942767237
349.6257093112384,-9.667581236127269,3.5164598629058594,8.742727566575413,-31.531718289843106,-209.57149884135953
349.6359392744644,-9.669423773645729,3.5152227391887556,8.747980062424725,-31.538278911695997,-209.5803482550468
349.64616935150616,-9.671265988239067,3.513985615471652,8.753233276068746,-31.544839149669155,-209.58919766873402
349.6563995423693,-9.673107879812061,3.5127484917545493,8.758487207646246,-31.551399003604928,-209.59804708242135
349.66662984705914,-9.674949448269523,3.5115113680374446,8.763741857295921,-31.557958473345753,-209.60689649610845
349.67686026558107,-9.676790693516246,3.5102742443203416,8.768997225156365,-31.564517558733993,-209.61574590979586
349.6870907979407,-9.678631615457059,3.509037120603238,8.77425331136622,-31.57107625961204,-209.62459532348296
349.69732144414326,-9.68047221399677,3.5077999968861344,8.779510116063978,-31.57763457582224,-209.63344473717035
349.70755220419414,-9.682312489040221,3.506562873169032,8.78476763938813,-31.584192507206957,-209.64229415085757
349.7177830780988,-9.684152440492245,3.5053257494519285,8.790025881477103,-31.59075005360856,-209.65114356454467
349.7280140658625,-9.685992068257686,3.5040886257348247,8.795284842469242,-31.597307214869367,-209.6599929782319
349.7382451674906,-9.687831372241408,3.5028515020177213,8.800544522502882,-31.603863990831712,-209.66884239191913
349.74847638298843,-9.689670352348266,3.5016143783006175,8.805804921716263,-31.610420381337935,-209.6776918056064
349.7587077123611,-9.691509008483127,3.5003772545835137,8.81106604024759,-31.616976386230316,-209.6865412192936
349.7689391556141,-9.693347340550877,3.4991401308664103,8.816327878235025,-31.623532005351176,-209.69539063298083
349.7791707127525,-9.6951853484564,3.4979030071493074,8.821590435816631,-31.6300872385428,-209.7042400466681
349.7894023837816,-9.697023032104587,3.496665883432204,8.826853713130486,-31.636642085647477,-209.71308946035526
349.7996341687066,-9.698860391400343,3.4954287597151,8.832117710314545,-31.64319654650749,-209.72193887404248
349.80986606753265,-9.700697426248581,3.494191635997997,8.83738242750674,-31.649750620965097,-209.7307882877298
349.8200980802649,-9.702534136554219,3.492954512280893,8.842647864844947,-31.656304308862556,-209.73963770141702
349.8303302069087,-9.704370522222176,3.4917173885637904,8.847914022467009,-31.662857610042106,-209.7484871151042
349.84056244746887,-9.706206583157396,3.490480264846687,8.853180900510655,-31.669410524346,-209.75733652879146
349.8507948019507,-9.708042319264816,3.4892431411295832,8.858448499113614,-31.675963051616467,-209.7661859424787
349.8610272703592,-9.709877730449387,3.48800601741248,8.863716818413534,-31.68251519169572,-209.77503535616597
349.87125985269955,-9.711712816616073,3.486768893695376,8.868985858548022,-31.689066944425974,-209.7838847698532
349.8814925489768,-9.713547577669836,3.4855317699782726,8.874255619654644,-31.69561830964943,-209.7927341835403
349.8917253591958,-9.715382013515647,3.4842946462611697,8.879526101870848,-31.70216928720827,-209.80158359722762
349.9019582833617,-9.717216124058494,3.483057522544066,8.884797305334084,-31.708719876944706,-209.81043301091483
349.91219132147944,-9.71904990920337,3.4818203988269625,8.890069230181735,-31.715270078700897,-209.81928242460216
349.92242447355403,-9.720883368855269,3.480583275109859,8.895341876551143,-31.721819892319,-209.82813183828938
349.9326577395904,-9.722716502919202,3.479346151392756,8.900615244579562,-31.728369317641196,-209.8369812519766
349.9428911195936,-9.724549311300182,3.4781090276756523,8.905889334404222,-31.73491835450962,-209.84583066566375
349.9531246135683,-9.72638179390323,3.476871903958549,8.91116414616227,-31.741467002766402,-209.854680079351
349.96335822151957,-9.72821395063338,3.475634780241445,8.916439679990802,-31.748015262253684,-209.86352949303833
349.9735919434523,-9.73004578139567,3.4743976565243417,8.9217159360269,-31.754563132813594,-209.87237890672554
349.98382577937133,-9.731877286095143,3.473160532807239,8.926992914407553,-31.761110614288224,-209.8812283204127
349.99405972928133,-9.733708464636866,3.4719234090901354,8.932270615269664,-31.7676577065197,-209.89007773410003
350.00429379318734,-9.735539316925895,3.4706862853730316,8.937549038750172,-31.774204409350112,-209.89892714778722
350.0145279710941,-9.737369842867302,3.4694491616559278,8.942828184985885,-31.78075072262153,-209.9077765614744
350.0247622630063,-9.739200042366166,3.468212037938825,8.948108054113574,-31.78729664617605,-209.91662597516165
350.0349966689288,-9.74102991532758,3.466974914221721,8.953388646269948,-31.793842179855723,-209.9254753888489
350.0452311888663,-9.742859461656634,3.4657377905046176,8.958669961591706,-31.800387323502616,-209.93432480253614
350.0554658228235,-9.744688681258433,3.464500666787514,8.963952000215443,-31.80693207695879,-209.94317421622338
350.0657005708051,-9.746517574038092,3.463263543070411,8.969234762277708,-31.813476440066257,-209.95202362991063
350.07593543281587,-9.748346139900727,3.462026419353308,8.974518247914993,-31.820020412667077,-209.96087304359787
350.08617040886037,-9.750174378751474,3.4607892956362045,8.979802457263768,-31.82656399460326,-209.96972245728512
350.09640549894334,-9.752002290495465,3.4595521719191007,8.98508739046042,-31.83310718571683,-209.97857187097222
350.1066407030693,-9.753829875037844,3.4583150482019964,8.990373047641256,-31.83964998584981,-209.98742128465955
350.1168760212429,-9.755657132283764,3.457077924484894,8.995659428942576,-31.846192394844135,-209.99627069834668
350.1271114534688,-9.757484062138385,3.4558408007677905,9.000946534500608,-31.852734412541857,-210.005120112034
350.1373469997514,-9.759310664506883,3.4546036770506867,9.006234364451513,-31.859276038784927,-210.01396952572114
350.1475826600954,-9.761136939294426,3.4533665533335838,9.011522918931387,-31.86581727341531,-210.02281893940852
350.15781843450526,-9.762962886406205,3.45212942961648,9.01681219807633,-31.872358116274995,-210.03166835309565
350.1680543229855,-9.764788505747415,3.450892305899376,9.022102202022303,-31.878898567205912,-210.04051776678284
350.17829032554056,-9.766613797223252,3.4496551821822727,9.027392930905277,-31.885438626050007,-210.04936718047014
350.18852644217503,-9.768438760738933,3.4484180584651694,9.032684384861142,-31.89197829264922,-210.05821659415733
350.1987626728932,-9.770263396199676,3.4471809347480655,9.037976564025726,-31.898517566845488,-210.06706600784457
350.2089990176997,-9.772087703510694,3.445943811030963,9.043269468534815,-31.905056448480696,-210.07591542153185
350.2192354765987,-9.773911682577241,3.4447066873138596,9.048563098524124,-31.911594937396792,-210.0847648352191
350.2294720495948,-9.775735333304544,3.443469563596756,9.05385745412934,-31.91813303343566,-210.0936142489063
350.2397087366923,-9.777558655597865,3.442232439879652,9.059152535486072,-31.924670736439182,-210.10246366259352
350.24994553789554,-9.779381649362458,3.440995316162549,9.06444834272987,-31.93120804624925,-210.11131307628077
350.2601824532088,-9.781204314503588,3.439758192445446,9.06974487599624,-31.937744962707747,-210.1201624899681
350.2704194826365,-9.783026650926539,3.438521068728342,9.075042135420661,-31.944281485656532,-210.12901190365517
350.28065662618286,-9.784848658536585,3.437283945011238,9.08034012113848,-31.95081761493746,-210.13786131734244
350.2908938838522,-9.786670337239027,3.4360468212941346,9.08563883328506,-31.957353350392378,-210.1467107310296
350.3011312556487,-9.788491686939157,3.4348096975770317,9.090938271995665,-31.96388869186312,-210.15556014471696
350.3113687415767,-9.790312707542286,3.4335725738599283,9.096238437405539,-31.970423639191537,-210.16440955840423
350.3216063416404,-9.792133398953737,3.4323354501428245,9.101539329649858,-31.976958192219442,-210.17325897209136
