galstreams/tracks/track.st.New-12.ibata2024.ecsv
# %ECSV 1.0
# ---
# datatype:
# - {name: ra, unit: deg, datatype: float64}
# - {name: dec, unit: deg, datatype: float64}
# - {name: distance, unit: kpc, datatype: float64}
# - {name: pm_ra_cosdec, unit: mas / yr, datatype: float64}
# - {name: pm_dec, unit: mas / yr, datatype: float64}
# - {name: radial_velocity, unit: km / s, datatype: float64}
# delimiter: ','
# meta: !!omap
# - __serialized_columns__:
#     dec:
#       __class__: astropy.coordinates.angles.Latitude
#       unit: &id001 !astropy.units.Unit {unit: deg}
#       value: !astropy.table.SerializedColumn {name: dec}
#     distance:
#       __class__: astropy.coordinates.distances.Distance
#       unit: !astropy.units.Unit {unit: kpc}
#       value: !astropy.table.SerializedColumn {name: distance}
#     pm_dec:
#       __class__: astropy.units.quantity.Quantity
#       unit: !astropy.units.Unit {unit: mas / yr}
#       value: !astropy.table.SerializedColumn {name: pm_dec}
#     pm_ra_cosdec:
#       __class__: astropy.units.quantity.Quantity
#       unit: !astropy.units.Unit {unit: mas / yr}
#       value: !astropy.table.SerializedColumn {name: pm_ra_cosdec}
#     ra:
#       __class__: astropy.coordinates.angles.Longitude
#       unit: *id001
#       value: !astropy.table.SerializedColumn {name: ra}
#       wrap_angle: !astropy.coordinates.Angle
#         unit: *id001
#         value: 360.0
#     radial_velocity:
#       __class__: astropy.units.quantity.Quantity
#       unit: !astropy.units.Unit {unit: km / s}
#       value: !astropy.table.SerializedColumn {name: radial_velocity}
# schema: astropy-2.0
ra,dec,distance,pm_ra_cosdec,pm_dec,radial_velocity
[from data line 1142]
164.19905378635852,-34.99184305308903,1.0000000000000002,0.7776744814388552,5.2476713938691155,147.94348096447092
164.2027955177864,-34.98117512813116,1.0000000000000004,0.7759337520392018,5.244803724902329,148.28074102954687
164.2065304848781,-34.970505377849335,1.0000000000000002,0.7741891354697925,5.241937662927901,148.62035727043184
164.2102586764347,-34.95983379875998,1.0000000000000004,0.7724406238298362,5.239073212880793,148.9623337729575
164.213980081262,-34.94916038737983,1.0000000000000002,0.7706882092169121,5.236210379697308,149.30667462295554
164.21769468817067,-34.93848514022599,1.0000000000000002,0.7689318837268742,5.233349168315044,149.6533839062579
164.22140248597617,-34.92780805381589,1.0000000000000004,0.7671716394539034,5.230489583672927,150.002465708696
164.22510346349873,-34.91712912466723,1.0000000000000002,0.7654074684905465,5.227631630711228,150.35392411610184
164.22879760956346,-34.906448349298074,1.0000000000000002,0.7636393629276528,5.2247753143715325,150.70776321430702
164.23248491300018,-34.89576572422678,1.0000000000000004,0.7618673148544204,5.221920639596783,151.06398708914327
164.23616536264353,-34.885081245971975,1.0000000000000002,0.7600913163584302,5.219067611331278,151.42259982644234
164.23983894733294,-34.87439491105261,1.0000000000000002,0.7583113595256048,5.21621623452064,151.78360551203596
164.2435056559127,-34.86370671598791,1.0000000000000002,0.7565274364402184,5.21336651411189,152.14700823175585
164.24716547723182,-34.85301665729737,1.0000000000000004,0.7547395391849454,5.210518455053414,152.51281207143379
164.25081840014403,-34.84232473150077,1.0000000000000002,0.7529476598408653,5.207672062294952,152.8810211169015
164.25446441350797,-34.83163093511817,1.0000000000000002,0.7511517904873841,5.204827340787661,153.25163945399058
164.25810350618698,-34.82093526466984,1.0000000000000002,0.7493519232023651,5.201984295484031,153.6246711685329
164.2617356670492,-34.810237716676355,1.0000000000000002,0.7475480500620435,5.1991429313380095,154.0001203463602
164.26536088496758,-34.79953828765851,1.0000000000000002,0.745740163141086,5.196303253304917,154.37799107330412
164.26897914881974,-34.78883697413734,1.0000000000000002,0.7439282545125812,5.193465266341487,154.75828743519637
164.27259044748814,-34.77813377263413,1.0000000000000004,0.7421123162480336,5.190628975405863,155.14101351786886
164.27619476986004,-34.76742867967037,1.0000000000000004,0.7402923404173896,5.187794385457611,155.5261734071531
164.27979210482738,-34.756721691767794,1.0000000000000002,0.7384683190890344,5.184961501457744,155.9137711888809
164.28338244128693,-34.74601280544835,1.0000000000000002,0.7366402443298039,5.1821303283687,156.30381094888398
164.28696576814016,-34.735302017234154,1.0000000000000002,0.734808108205014,5.179300871154343,156.6962967729942
164.29054207429334,-34.724589323647585,1.0000000000000002,0.732971902778413,5.176473134780009,157.09123274704308
164.2941113486575,-34.713874721211155,1.0000000000000002,0.7311316201122384,5.173647124212483,157.48862295686249
164.29767358014837,-34.70315820644761,1.0000000000000004,0.729287252267202,5.170822844419989,157.88847148828413
164.3012287576865,-34.69243977587985,1.0000000000000002,0.7274387913025135,5.168000300372256,158.29078242713967
164.30477687019712,-34.68171942603098,1.0000000000000004,0.7255862292758692,5.165179497040469,158.69555985926095
164.3083179066102,-34.67099715342425,1.0000000000000004,0.7237295582434777,5.162360439397295,159.10280787047958
164.31185185586048,-34.66027295458308,1.0000000000000004,0.7218687702600546,5.159543132416891,159.5125305466274
164.3153787068875,-34.64954682603104,1.0000000000000004,0.7200038573788001,5.156727581074909,159.92473197353598
164.3188984486354,-34.63881876429186,1.0000000000000004,0.7181348116514981,5.153913790348506,160.33941623703726
164.3224110700532,-34.62808876588941,1.0000000000000004,0.716261625128416,5.151101765216325,160.75658742296284
164.3259165600945,-34.6173568273477,1.0000000000000004,0.7143842898583959,5.14829151065857,161.17624961714446
164.32941490771773,-34.606622945190864,1.0000000000000004,0.7125027978888046,5.145483031656919,161.59840690541387
164.33290610188607,-34.59588711594317,1.0000000000000004,0.7106171412655655,5.142676333194604,162.0230633736028
164.33639013156733,-34.585149336128985,1.0000000000000007,0.7087273120331616,5.139871420256371,162.45022310754297
164.33986698573403,-34.5744096022728,1.0000000000000004,0.7068333022346867,5.137068297828538,162.87989019306613
164.34333665336356,-34.563667910899234,1.0000000000000004,0.7049351039117369,5.134266970898944,163.3120687160039
164.34679912343785,-34.55292425853295,1.0000000000000004,0.7030327091045576,5.1314674444569786,163.74676276218818
164.3502543849437,-34.54217864169875,1.0000000000000007,0.7011261098519421,5.128669723493628,164.18397641745065
164.35370242687245,-34.53143105692149,1.0000000000000007,0.6992152981913371,5.1258738130013874,164.6237137676229
164.3571432382203,-34.520681500726134,1.0000000000000007,0.6973002661587149,5.123079717974374,165.06597889853683
164.36057680798805,-34.5099299696377,1.0000000000000004,0.6953810057887404,5.120287443408275,165.51077589602406
164.36400312518128,-34.49917646018129,1.0000000000000004,0.6934575091146717,5.117496994300351,165.95810884591643
164.36742217881022,-34.48842096888203,1.0000000000000004,0.6915297681683743,5.114708375649469,166.40798183404556
164.3708339578898,-34.47766349226514,1.0000000000000004,0.6895977749803794,5.111921592456085,166.86039894624315
164.37423845143968,-34.466904026855865,1.0000000000000007,0.6876615215798543,5.109136649722272,167.3153642683411
164.3776356484842,-34.45614256917949,1.0000000000000007,0.6857209999945999,5.106353552451701,167.77288188617106
164.38102553805237,-34.44537911576135,1.0000000000000007,0.6837762022510994,5.103572305649674,168.23295588556468
164.38440810917788,-34.43461366312678,1.0000000000000004,0.6818271203744866,5.1007929143231205,168.6955903523538
164.38778335089913,-34.42384620780116,1.0000000000000004,0.6798737463886004,5.0980153834805915,169.16078937237015
164.39115125225925,-34.413076746309905,1.0000000000000007,0.6779160723158926,5.0952397181322855,169.62855703144533
164.3945118023059,-34.40230527517837,1.0000000000000007,0.6759540901776013,5.092465923290035,170.09889741541116
164.39786499009162,-34.39153179093197,1.0000000000000004,0.6739877919935582,5.089694003967347,170.57181461009932
164.40121080467344,-34.38075629009611,1.0000000000000007,0.672017169782368,5.086923965179372,171.04731270134164
164.40454923511317,-34.36997876919616,1.0000000000000004,0.6700422155613319,5.084155811942924,171.52539577496975
164.40788027047725,-34.359199224757496,1.0000000000000004,0.6680629213464471,5.081389549276485,172.0060679168154
164.41120389983683,-34.348417653305454,1.0000000000000007,0.6660792791524601,5.078625182200216,172.48933321271036
164.41452011226767,-34.337634051365356,1.0000000000000004,0.6640912809928396,5.075862715735978,172.97519574848633
164.4178288968502,-34.32684841546248,1.0000000000000004,0.6620989188798019,5.073102154907309,173.46365960997505
164.42113024266956,-34.316060742122055,1.0000000000000004,0.6601021848242956,5.070343504739441,173.95472888300813
164.42442413881554,-34.305271027869274,1.0000000000000004,0.6581010708360342,5.067586770259325,174.44840765341755
164.42771057438244,-34.29447926922925,1.0000000000000004,0.6560955689235204,5.064831956495597,174.9447000070348
164.43098953846945,-34.28368546272707,1.0000000000000004,0.6540856710939877,5.06207906847864,175.44361002969185
164.43426102018026,-34.27288960488772,1.0000000000000007,0.6520713693534468,5.059328111240543,175.9451418072202
164.43752500862323,-34.26209169223613,1.0000000000000007,0.6500526557067197,5.056579089815109,176.44929942545164
164.44078149291136,-34.25129172129716,1.0000000000000004,0.6480295221574259,5.053832009237915,176.95608697021797
164.44403046216232,-34.24048968859554,1.0000000000000004,0.6460019607079488,5.051086874546252,177.46550852735083
164.44727190549835,-34.22968559065597,1.0000000000000007,0.6439699633595168,5.048343690779173,177.9775681826821
164.45050581204652,-34.218879424002964,1.0000000000000007,0.6419335221121294,5.045602462977479,178.4922700220433
164.45373217093825,-34.208071185161025,1.0000000000000007,0.6398926289646596,5.042863196183729,179.00961813126625
164.4569509713098,-34.197260870654475,1.0000000000000004,0.6378472759147815,5.040125895442266,179.52961659618282
164.460162202302,-34.186448477007545,1.0000000000000007,0.6357974549589951,5.037390565799193,180.0522695026245
164.4633658530603,-34.17563400074434,1.0000000000000007,0.6337431580926776,5.034657212302401,180.57758093642315
164.46656191273482,-34.1648174383888,1.0000000000000004,0.631684377310016,5.031925840001566,181.10555498341049
164.46975037048017,-34.1539987864648,1.0000000000000004,0.6296211046041069,5.029196453948158,181.63619572941826
164.47293121545576,-34.14317804149599,1.0000000000000007,0.6275533319668742,5.026469059195453,182.16950726027815
164.4761044368255,-34.132355200005925,1.0000000000000004,0.6254810513891194,5.023743660798525,182.70549366182195
164.4792700237579,-34.12153025851796,1.0000000000000004,0.6234042548605672,5.021020263814245,183.2441590198813
164.48242796542618,-34.11070321355531,1.0000000000000007,0.6213229343697648,5.018298873301358,183.78550742028793
164.4855782510081,-34.09987406164105,1.0000000000000004,0.619237081904215,5.015579494320381,184.32954294887375
164.488720869686,-34.08904279929802,1.0000000000000004,0.6171466894502995,5.0128621319336855,184.87626969147024
164.49185581064697,-34.07820942304891,1.0000000000000004,0.6150517489932898,5.010146791205472,185.4256917339093
164.4949830630825,-34.06737392941621,1.0000000000000004,0.6129522525174167,5.007433477201804,185.9778131620226
164.49810261618882,-34.056536314922226,1.0000000000000004,0.6108481920057951,5.004722194990576,186.53263806164188
164.5012144591667,-34.04569657608906,1.0000000000000004,0.6087395594405383,5.0020129496415375,187.09017051859885
164.50431858122153,-34.0348547094386,1.0000000000000007,0.6066263468026207,4.999305746226355,187.65041461872534
164.50741497156326,-34.024010711492515,1.0000000000000004,0.604508546072017,4.996600589818474,188.2133744478528
164.51050361940648,-34.013164578772276,1.0000000000000007,0.6023861492276517,4.993897485493294,188.77905409181326
164.51358451397033,-34.00231630779909,1.0000000000000007,0.6002591482473907,4.991196438328071,189.34745763643838
164.51665764447853,-33.99146589509397,1.0000000000000004,0.5981275351080839,4.988497453401932,189.91858916755973
164.51972300015942,-33.98061333717767,1.0000000000000004,0.5959913017855598,4.985800535795953,190.4924527710093
164.52278057024583,-33.969758630570695,1.0000000000000004,0.593850440254645,4.983105690593021,191.06905253261857
164.5258303439753,-33.9589017717933,1.0000000000000004,0.5917049424891196,4.980412922878017,191.64839253821944
164.5288723105898,-33.948042757365506,1.0000000000000007,0.5895548004618174,4.977722237737725,192.23047687364357
164.531906459336,-33.93718158380702,1.0000000000000007,0.5874000061445379,4.975033640260806,192.81530962472274
164.53493277946507,-33.92631824763733,1.0000000000000004,0.5852405515081092,4.972347135537884,193.40289487728853
164.5379512602328,-33.9154527453756,1.0000000000000004,0.5830764285223751,4.96966272866149,193.99323671717278
164.5409618908994,-33.90458507354077,1.0000000000000007,0.5809076291562238,4.966980424726131,194.58633923020724
164.54396466072987,-33.893715228651416,1.0000000000000004,0.5787341453775685,4.964300228828238,195.18220650222364
164.5469595589936,-33.88284320722587,1.0000000000000004,0.576555969153361,4.961622146066171,195.78084261905366
164.5499465749645,-33.87196900578215,1.0000000000000007,0.574373092449644,4.958946181540298,196.38225166652907
164.55292569792124,-33.86109262083796,1.0000000000000004,0.5721855072314508,4.956272340352935,196.98643773048153
164.55589691714684,-33.85021404891067,1.0000000000000004,0.5699932054629464,4.9536006276083295,197.5934048967429
164.55886022192897,-33.83933328651739,1.0000000000000004,0.5677961791073312,4.950931048412771,198.2031572511447
164.56181560155983,-33.828450330174846,1.0000000000000004,0.5655944201268976,4.948263607874484,198.81569887951895
164.56476304533612,-33.817565176399455,1.0000000000000004,0.5633879204830379,4.945598311103701,199.43103386769707
164.56770254255918,-33.806677821707275,1.0000000000000004,0.5611766721362201,4.942935163212649,200.0491663015111
164.57063408253478,-33.795788262614025,1.0000000000000004,0.5589606670460281,4.940274169315561,200.67010026679247
164.57355765457328,-33.784896495635095,1.0000000000000004,0.5567398971711643,4.937615334528669,201.29383984937311
164.57647324798958,-33.77400251728549,1.0000000000000004,0.5545143544694149,4.934958663970232,201.9203891350846
164.57938085210307,-33.76310632407985,1.0000000000000004,0.5522840308977557,4.932304162760506,202.54975220975885
164.58228045623775,-33.75220791253246,1.0000000000000007,0.5500489184122088,4.929651836021815,203.18193315922753
164.58517204972202,-33.741307279157226,1.0000000000000007,0.5478090089680148,4.927001688878466,203.81693606932222
164.58805562188897,-33.73040442046764,1.0000000000000004,0.5455642945195063,4.924353726456847,204.45476502587474
164.590931162076,-33.71949933297686,1.0000000000000004,0.5433147670202203,4.9217079538853845,205.09542411471696
164.59379865962526,-33.708592013197595,1.0000000000000004,0.5410604184228092,4.919064376294525,205.7389174216804
164.59665810388324,-33.69768245764217,1.0000000000000004,0.538801240679124,4.916422998816813,206.38524903259687
164.59950948420098,-33.68677066282252,1.0000000000000004,0.5365372257402026,4.91378382658683,207.03442303329817
164.60235278993414,-33.675856625250155,1.0000000000000004,0.5342683655562102,4.9111468647412515,207.686443509616
164.60518801044273,-33.66494034143614,1.0000000000000007,0.5319946520765857,4.908512118418805,208.341314547382
164.60801513509136,-33.65402180789114,1.0000000000000004,0.5297160772498888,4.9058795927602965,208.99904023242794
164.61083415324916,-33.64310102112538,1.0000000000000007,0.5274326330239454,4.9032492929086615,209.65962465058558
164.6136450542897,-33.63217797764866,1.0000000000000004,0.5251443113457555,4.900621224008884,210.32307188768667
164.61644782759103,-33.6212526739703,1.0000000000000004,0.5228511041615622,4.897995391208077,210.98938602956278
164.61924246253577,-33.61032510659919,1.0000000000000004,0.5205530034168415,4.89537179965544,211.6585711620459
164.622028948511,-33.59939527204378,1.0000000000000002,0.5182500010562876,4.89275045450233,212.33063137096755
164.62480727490836,-33.58846316681202,1.0000000000000004,0.5159420890238149,4.890131360902142,213.00557074215962
164.6275774311238,-33.577528787411396,1.0000000000000004,0.5136292592626557,4.8875145240104665,213.6833933614537
164.63033940655794,-33.56659213034895,1.0000000000000007,0.511311503715234,4.884899948984991,214.36410331468156
164.6330931906158,-33.555653192131224,1.0000000000000004,0.508988814323283,4.882287640985577,215.04770468767487
164.63583877270682,-33.54471196926425,1.0000000000000007,0.5066611830277932,4.879677605174177,215.73420156626548
164.63857614224509,-33.53376845825358,1.0000000000000004,0.5043286017690178,4.877069846714917,216.42359803628509
164.64130528864897,-33.52282265560428,1.0000000000000007,0.5019910624865442,4.8744643707740885,217.11589818356552
164.64402620134146,-33.5118745578209,1.0000000000000004,0.49964855711917977,4.871861182520146,217.81110609393812
164.64673886974995,-33.500924161407475,1.0000000000000004,0.4973010776051048,4.869260287123691,218.50922585323508
164.6494432833063,-33.48997146286751,1.0000000000000004,0.4949486158817695,4.866661689757503,219.21026154728796
164.65213943144687,-33.47901645870399,1.0000000000000002,0.4925911638859457,4.864065395596548,219.91421726192831
