galstreams/tracks/track.st.SGP-S.ibata2024.ecsv
# %ECSV 1.0
# ---
# datatype:
# - {name: ra, unit: deg, datatype: float64}
# - {name: dec, unit: deg, datatype: float64}
# - {name: distance, unit: kpc, datatype: float64}
# - {name: pm_ra_cosdec, unit: mas / yr, datatype: float64}
# - {name: pm_dec, unit: mas / yr, datatype: float64}
# - {name: radial_velocity, unit: km / s, datatype: float64}
# delimiter: ','
# meta: !!omap
# - __serialized_columns__:
#     dec:
#       __class__: astropy.coordinates.angles.Latitude
#       unit: &id001 !astropy.units.Unit {unit: deg}
#       value: !astropy.table.SerializedColumn {name: dec}
#     distance:
#       __class__: astropy.coordinates.distances.Distance
#       unit: !astropy.units.Unit {unit: kpc}
#       value: !astropy.table.SerializedColumn {name: distance}
#     pm_dec:
#       __class__: astropy.units.quantity.Quantity
#       unit: !astropy.units.Unit {unit: mas / yr}
#       value: !astropy.table.SerializedColumn {name: pm_dec}
#     pm_ra_cosdec:
#       __class__: astropy.units.quantity.Quantity
#       unit: !astropy.units.Unit {unit: mas / yr}
#       value: !astropy.table.SerializedColumn {name: pm_ra_cosdec}
#     ra:
#       __class__: astropy.coordinates.angles.Longitude
#       unit: *id001
#       value: !astropy.table.SerializedColumn {name: ra}
#       wrap_angle: !astropy.coordinates.Angle
#         unit: *id001
#         value: 360.0
#     radial_velocity:
#       __class__: astropy.units.quantity.Quantity
#       unit: !astropy.units.Unit {unit: km / s}
#       value: !astropy.table.SerializedColumn {name: radial_velocity}
# schema: astropy-2.0
ra,dec,distance,pm_ra_cosdec,pm_dec,radial_velocity
[from data line 1010]
6.308082218990083,-31.907769804727288,0.9999999999999996,1.9190721117335876,2.394803742508344,1046.9607779005637
6.310064313580605,-31.917572589463667,0.9999999999999993,1.919039628942084,2.3952280622068542,1047.0120371086846
6.3120482981666886,-31.927375094431596,0.9999999999999996,1.919006578097573,2.395652282320441,1047.0628238028235
6.314034169948873,-31.93717732013781,0.9999999999999996,1.9189729604680572,2.3960764029221906,1047.1131386900017
6.316021926126875,-31.94697926708938,0.9999999999999996,1.9189387773216104,2.3965004240853744,1047.1629824772401
6.318011563899482,-31.95678093579331,0.9999999999999994,1.9189040299264377,2.396924345883221,1047.2123558715614
6.320003080464599,-31.966582326756694,0.9999999999999993,1.9188687195508791,2.3973481683886604,1047.2612595799865
6.321996473019288,-31.976383440486895,0.9999999999999996,1.918832847463392,2.3977718916748643,1047.309694309538
6.323991738759666,-31.98618427749116,0.9999999999999996,1.9187964149325722,2.3981955158148764,1047.357660767236
6.32598887488102,-31.995984838277042,0.9999999999999996,1.9187594232271437,2.3986190408815418,1047.4051596601028
6.3279878785777015,-32.005785123352034,0.9999999999999996,1.9187218736159544,2.399042466947705,1047.4521916951599
6.329988747043179,-32.015585133223745,0.9999999999999996,1.9186837673679413,2.3994657940864244,1047.498757579429
6.331991477470059,-32.02538486840003,0.9999999999999996,1.9186451057522405,2.3998890223702887,1047.5448580199306
6.333996067050017,-32.035184329388635,0.9999999999999996,1.9186058900380623,2.400312151872143,1047.590493723688
6.336002512973875,-32.04498351669761,0.9999999999999997,1.9185661214947345,2.4007351826646044,1047.6356653977223
6.338010812431522,-32.05478243083498,0.9999999999999996,1.9185258013917625,2.40115811482039,1047.6803737490538
6.340020962611954,-32.06458107230885,0.9999999999999994,1.9184849309987513,2.401580948412075,1047.7246194847055
6.342032960703308,-32.07437944162758,0.9999999999999996,1.9184435115854086,2.4020036835121203,1047.7684033116977
6.344046803892768,-32.08417753929943,0.9999999999999994,1.9184015444216236,2.4024263201931575,1047.8117259370538
6.3460624893666715,-32.093975365833,0.9999999999999994,1.91835903077736,2.4028488585275483,1047.8545880677937
6.34808001431042,-32.10377292173679,0.9999999999999996,1.9183159719227447,2.403271298587697,1047.89699041094
6.3500993759085045,-32.11357020751945,0.9999999999999994,1.9182723691280081,2.403693640446022,1047.9389336735135
6.352120571344556,-32.12336722368987,0.9999999999999994,1.918228223663533,2.404115884174743,1047.9804185625358
6.354143597801249,-32.133163970756826,0.9999999999999996,1.9181835367997948,2.4045380298461367,1048.0214457850286
6.356168452460404,-32.14296044922944,0.9999999999999997,1.9181383098074356,2.4049600775324933,1048.062016048014
6.358195132502893,-32.15275665961677,0.9999999999999996,1.9180925439572114,2.405382027305876,1048.1021300585132
6.360223635108685,-32.16255260242797,0.9999999999999997,1.9180462405199954,2.4058038792384338,1048.1417885235476
6.362253957456872,-32.17234827817249,0.9999999999999997,1.9179994007667922,2.406225633402272,1048.1809921501392
6.364286096725589,-32.18214368735965,0.9999999999999997,1.9179520259687237,2.406647289869454,1048.2197416453087
6.366320050092108,-32.1919388304991,0.9999999999999996,1.9179041173970859,2.4070688487118446,1048.258037716079
6.368355814732748,-32.20173370810043,0.9999999999999998,1.9178556763232457,2.4074903100014353,1048.2958810694706
6.3703933878229195,-32.21152832067335,0.9999999999999996,1.9178067040187337,2.407911673810119,1048.3332724125048
6.37243276653715,-32.22132266872788,0.9999999999999996,1.9177572017551974,2.4083329402098883,1048.3702124522042
6.374473948049,-32.23111675277385,0.9999999999999997,1.9177071708044195,2.4087541092722944,1048.4067018955902
6.376516929531169,-32.2409105733215,0.9999999999999997,1.917656612438286,2.409175181069287,1048.4427414496836
6.378561708155389,-32.250704130880976,0.9999999999999997,1.9176055279288562,2.4095961556724887,1048.4783318215066
6.380608281092483,-32.26049742596254,0.9999999999999994,1.9175539185482826,2.4100170331536788,1048.5134737180804
6.382656645512384,-32.27029045907675,0.9999999999999997,1.9175017855688559,2.410437813584366,1048.5481678464268
6.38470679858405,-32.280083230734036,0.9999999999999996,1.917449130262991,2.4108584970362443,1048.5824149135676
6.386758737475573,-32.28987574144518,0.9999999999999996,1.9173959539032523,2.4112790835807942,1048.616215626524
6.388812459354078,-32.299667991720916,0.9999999999999997,1.9173422577623,2.41169957328961,1048.6495706923176
6.390867961385759,-32.309459982072056,0.9999999999999997,1.9172880431129613,2.412119966234073,1048.6824808179701
6.392925240735932,-32.31925171300974,0.9999999999999993,1.9172333112281628,2.412540262485649,1048.714946710503
6.39498429456892,-32.329043185044995,0.9999999999999996,1.9171780633809625,2.412960462115805,1048.746969076938
6.397045120048181,-32.338834398689144,0.9999999999999997,1.917122300844568,2.4133805651957374,1048.7785486242963
6.39910771433619,-32.34862535445351,0.9999999999999996,1.917066024892307,2.41380057179677,1048.8096860596
6.4011720745945,-32.35841605284952,0.9999999999999998,1.9170092367976181,2.4142204819902986,1048.84038208987
6.4032381979837645,-32.368206494388886,0.9999999999999998,1.916951937834103,2.414640295847491,1048.8706374221283
6.405306081663655,-32.3779966795832,0.9999999999999997,1.9168941292754518,2.415060013439529,1048.9004527633965
6.40737572279295,-32.387786608944396,0.9999999999999997,1.9168358123955294,2.4154796348375243,1048.929828820696
6.409447118529459,-32.397576282984396,0.9999999999999998,1.9167769884683068,2.4158991601126303,1048.9587663010486
6.411520266030053,-32.40736570221521,0.9999999999999996,1.9167176587678796,2.4163185893359156,1048.9872659114756
6.4135951624507035,-32.41715486714913,0.9999999999999997,1.9166578245684747,2.4167379225783776,1049.0153283589987
6.415671804946383,-32.426943778298394,0.9999999999999998,1.9165974871444647,2.4171571599111843,1049.0429543506393
6.4177501906711765,-32.43673243617552,0.9999999999999998,1.9165366477703394,2.41757630140512,1049.0701445934192
6.419830316778193,-32.44652084129301,0.9999999999999998,1.9164753077207202,2.417995347131111,1049.0968997943598
6.421912180419589,-32.456308994163514,0.9999999999999997,1.916413468270374,2.418414297160183,1049.1232206604827
6.42399577874662,-32.46609689529993,0.9999999999999997,1.9163511306941672,2.4188331515630637,1049.1491078988092
6.426081108909539,-32.47588454521509,0.9999999999999996,1.916288296267112,2.4192519104106367,1049.174562216362
6.428168168057703,-32.48567194442214,0.9999999999999996,1.9162249662643625,2.4196705737737005,1049.1995843201612
6.430256953339485,-32.495459093434214,0.9999999999999994,1.9161611419611972,2.420089141722954,1049.2241749172292
6.4323474619023,-32.505245992764564,0.9999999999999996,1.9160968246330228,2.420507614329111,1049.2483347145871
6.434439690892658,-32.515032642926705,0.9999999999999997,1.9160320155553592,2.4209259916628554,1049.2720644192568
6.43653363745606,-32.52481904443411,0.9999999999999997,1.91596671600389,2.4213442737949435,1049.2953647382599
6.438629298737106,-32.53460519780056,0.9999999999999996,1.915900927254409,2.421762460795861,1049.318236378618
6.440726671879401,-32.544391103539795,0.9999999999999997,1.9158346505828447,2.4221805527361795,1049.3406800473526
6.4428257540255895,-32.5541767621657,0.9999999999999996,1.9157678872652681,2.4225985496865405,1049.3626964514847
6.444926542317408,-32.563962174192454,0.9999999999999996,1.9157006385778494,2.423016451717345,1049.384286298037
6.44702903389557,-32.57374734013413,0.9999999999999997,1.9156329057969224,2.4234342588991638,1049.4054502940298
6.449133225899885,-32.58353226050517,0.9999999999999994,1.9155646901989556,2.4238519713024687,1049.4261891464855
6.451239115469163,-32.59331693581997,0.9999999999999997,1.9154959930605102,2.4242695889975465,1049.446503562426
6.453346699741255,-32.60310136659304,0.9999999999999997,1.9154268156583214,2.424687112054883,1049.4663942488714
6.455455975853078,-32.612885553339204,0.9999999999999998,1.9153571592692273,2.425104540544794,1049.4858619128445
6.457566940940537,-32.622669496573195,0.9999999999999996,1.915287025170219,2.4255218745376794,1049.504907261367
6.459679592138622,-32.632453196810104,0.9999999999999996,1.915216414638401,2.42593911410367,1049.5235310014598
6.461793926581316,-32.64223665456496,0.9999999999999997,1.9151453289510165,2.4263562593132093,1049.5417338401444
6.463909941401633,-32.652019870352966,0.9999999999999997,1.9150737693854545,2.426773310236385,1049.559516484443
6.466027633731657,-32.66180284468959,0.9999999999999997,1.9150017372191996,2.427190266943512,1049.576879641377
6.468147000702444,-32.67158557809023,0.9999999999999997,1.9149292337299073,2.4276071295047075,1049.593824017967
6.470268039444134,-32.68136807107062,0.9999999999999998,1.9148562601953536,2.4280238979901014,1049.610350321236
6.472390747085855,-32.6911503241465,0.9999999999999997,1.9147828178934319,2.4284405724698814,1049.6264592582045
6.474515120755755,-32.70093233783369,0.9999999999999996,1.9147089081021775,2.42885715301405,1049.642151535895
6.476641157581045,-32.710714112648375,0.9999999999999996,1.9146345320997717,2.4292736396927523,1049.6574278613286
6.478768854687911,-32.720495649106596,0.9999999999999996,1.9145596911645129,2.429690032575948,1049.6722889415262
6.480898209201608,-32.73027694772479,0.9999999999999997,1.9144843865748271,2.4301063317336684,1049.6867354835101
6.483029218246372,-32.74005800901934,0.9999999999999997,1.914408619609297,2.4305225372358876,1049.7007681943023
6.48516187894546,-32.74983883350679,0.9999999999999996,1.9143323915465977,2.4309386491525515,1049.7143877809235
6.4872961884211815,-32.759619421703974,0.9999999999999998,1.9142557036655887,2.431354667553677,1049.7275949503958
6.489432143794817,-32.769399774127635,0.9999999999999997,1.9141785572452115,2.4317705925089825,1049.7403904097405
6.491569742186703,-32.7791798912949,0.9999999999999997,1.9141009535645814,2.432186424088499,1049.7527748659788
6.493708980716161,-32.78895977372284,0.9999999999999997,1.91402289390291,2.432602162362045,1049.7647490261327
6.4958498565015175,-32.798739421928694,0.9999999999999994,1.9139443795395898,2.433017807399409,1049.7763135972239
6.497992366660155,-32.80851883642998,0.9999999999999994,1.9138654117540987,2.43343335927041,1049.7874692862742
6.500136508308406,-32.818298017744155,0.9999999999999994,1.9137859918260638,2.433848818044723,1049.7982168003045
6.5022822785616725,-32.82807696638904,0.9999999999999997,1.9137061210352684,2.4342641837922514,1049.8085568463364
6.504429674534319,-32.83785568288242,0.9999999999999997,1.9136258006615883,2.4346794565826997,1049.8184901313923
6.506578693339717,-32.84763416774223,0.9999999999999994,1.9135450319850698,2.4350946364856725,1049.8280173624928
6.508729332090281,-32.857412421486686,0.9999999999999997,1.91346381628588,2.4355097235708882,1049.83713924666
6.510881587897379,-32.867190444633984,0.9999999999999998,1.9133821548443137,2.435924717908037,1049.8458564909154
6.513035457871434,-32.876968237702634,0.9999999999999996,1.9133000489407834,2.4363396195667804,1049.85416980228
6.515190939121827,-32.886745801211134,0.9999999999999997,1.9132174998558789,2.436754428616638,1049.862079887776
6.51734802875694,-32.896523135678144,0.9999999999999996,1.9131345088702965,2.437169145127271,1049.8695874544248
6.519506723884193,-32.906300241622624,0.9999999999999998,1.9130510772648748,2.4375837691681568,1049.8766932092487
6.5216670216099555,-32.916077119563454,0.9999999999999996,1.912967206320566,2.437998300808985,1049.883397859268
6.523828919039637,-32.9258537700199,0.9999999999999997,1.9128828973184788,2.4384127401191904,1049.8897021115051
6.525992413277593,-32.93563019351112,0.9999999999999997,1.912798151539853,2.4388270871683204,1049.8956066729809
6.528157501427225,-32.945406390556656,0.9999999999999997,1.9127129702660817,2.43924134202571,1049.9011122507172
6.530324180590889,-32.955182361676066,0.9999999999999997,1.9126273547786212,2.439655504761049,1049.9062195517358
6.53249244786993,-32.964958107389,0.9999999999999996,1.9125413063591488,2.4400695754436583,1049.9109292830587
6.534662300364719,-32.97473362821545,0.9999999999999997,1.91245482628943,2.440483554143043,1049.9152421517065
6.536833735174567,-32.98450892467533,0.9999999999999997,1.9123679158513731,2.44089744092841,1049.9191588647016
6.539006749397821,-32.99428399728894,0.9999999999999997,1.9122805763270243,2.441311235869378,1049.9226801290647
6.541181340131777,-33.004058846576555,0.9999999999999996,1.9121928089985651,2.4417249390352396,1049.925806651818
6.543357504472716,-33.013833473058575,0.9999999999999994,1.9121046151482943,2.4421385504953292,1049.9285391399828
6.545535239515938,-33.023607877255756,0.9999999999999997,1.9120159960586847,2.442552070318925,1049.9308783005813
6.547714542355676,-33.03338205968876,0.9999999999999996,1.9119269530122942,2.4429654985754325,1049.9328248406343
6.549895410085192,-33.043156020878655,0.9999999999999997,1.9118374872918658,2.443378835334201,1049.9343794671634
6.552077839796692,-33.05292976134643,0.9999999999999996,1.9117476001802487,2.4437920806643376,1049.9355428871904
6.554261828581358,-33.06270328161328,0.9999999999999997,1.9116572929604239,2.4442052346352483,1049.9363158077367
6.5564473735293864,-33.07247658220071,0.9999999999999997,1.9115665669155248,2.4446182973160404,1049.9366989358248
6.558634471729901,-33.08224966363016,0.9999999999999996,1.9114754233288203,2.4450312687760913,1049.9366929784744
6.560823120271047,-33.09202252642342,0.9999999999999996,1.9113838634836817,2.445444149084608,1049.9362986427088
6.563013316239908,-33.1017951711023,0.9999999999999997,1.9112918886636656,2.445856938310669,1049.9355166355492
6.565205056722537,-33.111567598188756,0.9999999999999994,1.9111995001524171,2.4462696365236383,1049.9343476640163
6.567398338803991,-33.121339808205065,0.9999999999999997,1.9111066992337733,2.4466822437924804,1049.9327924351323
6.569593159568255,-33.13111180167342,0.9999999999999996,1.9110134871916493,2.4470947601865163,1049.930851655919
6.571789516098325,-33.140883579116434,0.9999999999999998,1.9109198653101238,2.4475071857748816,1049.928526033397
6.573987405476126,-33.15065514105665,0.9999999999999998,1.9108258348734246,2.4479195206265842,1049.9258162745891
6.576186824782554,-33.16042648801684,0.9999999999999997,1.9107313971658577,2.448331764810874,1049.9227230865165
6.578387771097499,-33.17019762052004,0.9999999999999997,1.91063655347196,2.448743918396758,1049.9192471762
6.580590241499763,-33.17996853908926,0.9999999999999998,1.9105413050763325,2.4491559814533446,1049.9153892506624
6.582794233067168,-33.18973924424786,0.9999999999999998,1.9104456532637286,2.4495679540497264,1049.9111500169242
6.584999742876449,-33.19950973651925,0.9999999999999998,1.9103495993190407,2.449979836255011,1049.9065301820076
6.5872067680033055,-33.20928001642692,0.9999999999999998,1.91025314452731,2.450391628138206,1049.9015304529337
6.589415305522432,-33.21905008449476,0.9999999999999997,1.9101562901736742,2.4508033297683482,1049.8961515367248
6.591625352507421,-33.22881994124655,0.9999999999999998,1.910059037543487,2.451214941214488,1049.8903941404014
6.593836906030879,-33.23858958720647,0.9999999999999999,1.9099613879221522,2.4516264625456046,1049.884258970986
6.596049963164325,-33.24835902289871,0.9999999999999997,1.909863342595255,2.452037893830763,1049.8777467354994
6.598264520978226,-33.2581282488476,0.9999999999999998,1.9097649028485293,2.452449235138914,1049.8708581409637
6.600480576542046,-33.2678972655778,0.9999999999999998,1.9096660699678054,2.452860486539066,1049.8635938944005
6.60269812692414,-33.27766607361394,0.9999999999999998,1.9095668452390662,2.45327164810017,1049.855954702831
6.604917169191865,-33.287434673481016,0.9999999999999997,1.9094672299484579,2.4536827198913187,1049.8479412732772
