galstreams/tracks/track.st.NGC1261b.ibata2024.ecsv
# %ECSV 1.0
# ---
# datatype:
# - {name: ra, unit: deg, datatype: float64}
# - {name: dec, unit: deg, datatype: float64}
# - {name: distance, unit: kpc, datatype: float64}
# - {name: pm_ra_cosdec, unit: mas / yr, datatype: float64}
# - {name: pm_dec, unit: mas / yr, datatype: float64}
# - {name: radial_velocity, unit: km / s, datatype: float64}
# delimiter: ','
# meta: !!omap
# - __serialized_columns__:
#     dec:
#       __class__: astropy.coordinates.angles.Latitude
#       unit: &id001 !astropy.units.Unit {unit: deg}
#       value: !astropy.table.SerializedColumn {name: dec}
#     distance:
#       __class__: astropy.coordinates.distances.Distance
#       unit: !astropy.units.Unit {unit: kpc}
#       value: !astropy.table.SerializedColumn {name: distance}
#     pm_dec:
#       __class__: astropy.units.quantity.Quantity
#       unit: !astropy.units.Unit {unit: mas / yr}
#       value: !astropy.table.SerializedColumn {name: pm_dec}
#     pm_ra_cosdec:
#       __class__: astropy.units.quantity.Quantity
#       unit: !astropy.units.Unit {unit: mas / yr}
#       value: !astropy.table.SerializedColumn {name: pm_ra_cosdec}
#     ra:
#       __class__: astropy.coordinates.angles.Longitude
#       unit: *id001
#       value: !astropy.table.SerializedColumn {name: ra}
#       wrap_angle: !astropy.coordinates.Angle
#         unit: *id001
#         value: 360.0
#     radial_velocity:
#       __class__: astropy.units.quantity.Quantity
#       unit: !astropy.units.Unit {unit: km / s}
#       value: !astropy.table.SerializedColumn {name: radial_velocity}
# schema: astropy-2.0
ra,dec,distance,pm_ra_cosdec,pm_dec,radial_velocity
[from data line 842]
53.86275115148397,-53.950539729261365,1.0000000000000004,2.1691278625004142,-1.554088259377779,64.25849326024762
53.88027305354632,-53.95244648752825,1.0000000000000004,2.168655350313696,-1.5538515702677227,67.29238316742702
53.89781535460562,-53.95433287785767,1.0000000000000004,2.168173225506222,-1.553617190706289,68.55990988388656
53.91537808015586,-53.956198846469746,1.0000000000000004,2.167681458128033,-1.5533851412658244,68.38456839369609
53.93296125554883,-53.95804433955241,1.0000000000000004,2.167180018247379,-1.5531554425735665,67.08985368022695
53.95056490599359,-53.95986930326139,1.0000000000000004,2.166668875950809,-1.5529281153117749,64.99926072522065
53.96818905655604,-53.961673683720235,1.0000000000000004,2.166148001343256,-1.5527031802178515,62.43628451181576
53.985833732158504,-53.96345742702023,1.0000000000000004,2.1656173645481127,-1.5524806580844785,59.72442002291791
54.003498957579154,-53.96522047922044,1.0000000000000004,2.1650769357073276,-1.5522605697597491,57.18716224003582
54.02118475745165,-53.96696278634769,1.0000000000000004,2.164526684981479,-1.5520429361472967,55.148006148170666
54.038891156264626,-53.96868429439654,1.0000000000000004,2.163966582549862,-1.5518277782064223,53.93044672929681
54.056618178361234,-53.970384949329265,1.0000000000000004,2.163396598610573,-1.551615116952231,53.857978965621434
54.074365847938694,-53.97206469707586,1.0000000000000004,2.1628167033805985,-1.5514049734557487,55.254097840981565
54.09213418904781,-53.973723483534044,1.0000000000000004,2.162226867095894,-1.5511973688440666,58.44229833805002
54.109923225592524,-53.975361254569194,1.0000000000000004,2.1616270600114746,-1.5509923243004602,63.74607543833554
54.127732981329466,-53.976977956014395,1.0000000000000004,2.161017252401498,-1.5507898610645183,71.48892412614076
54.14556347986745,-53.97857353367041,1.0000000000000002,2.16039741455935,-1.5505900004322735,81.99433938320723
54.16341474466706,-53.980147933305624,1.0000000000000004,2.15976751679773,-1.5503927637563333,95.58581619360483
54.18128679904012,-53.98170110065612,1.0000000000000004,2.1591275294487433,-1.550198172446013,112.58684953977354
54.19917966614935,-53.983232981425594,1.0000000000000004,2.1584774228639816,-1.550006247967426,133.32093440322205
54.21709336900778,-53.984743521285395,1.0000000000000004,2.157817167414607,-1.5498170118436612,158.11156576825303
54.235027930478346,-53.986232665874475,1.0000000000000002,2.1571467334914587,-1.5496304856548981,187.28223861777218
54.25298337327345,-53.987700360799415,1.0000000000000004,2.1564660915051075,-1.5494466910385114,221.1564479328226
54.270959719954476,-53.989146551634406,1.0000000000000004,2.155775211885965,-1.5492656496891932,260.0576886979397
54.2889569929313,-53.99057118392123,1.0000000000000004,2.1550740650843885,-1.5490873833591223,304.3094558960292
54.30697521446188,-53.991974203169256,1.0000000000000004,2.1543626215707334,-1.548911913858042,354.23524450813414
54.3250144066518,-53.99335555485546,1.0000000000000004,2.153640851835437,-1.5487392630534202,410.1585495204199
54.34307459145373,-53.99471518442438,1.0000000000000007,2.1529087263891924,-1.5485694528705451,472.402865911834
54.3611557906671,-53.9960530372881,1.0000000000000004,2.1521662157628896,-1.5484025052927066,541.291688666679
54.37925802593752,-53.99736905882633,1.0000000000000004,2.15141329050784,-1.5482384423611961,617.1485127699561
54.39738131875638,-53.99866319438626,1.0000000000000004,2.1506499211958285,-1.5480772861755696,700.2968332006129
54.415525690460406,-53.9999353892827,1.0000000000000002,2.149876078419119,-1.5479190588937684,791.0601449450477
54.433691162231156,-54.00118558879795,1.0000000000000004,2.1490917327907226,-1.5477637827320905,889.7619429838378
54.451877755094614,-54.002413738181914,1.0000000000000004,2.1482968549442205,-1.547611479965397,996.725722299423
54.470085489920706,-54.00361978265198,1.0000000000000004,2.1474914155341835,-1.547462172927382,1112.2749778770374
54.48831438742282,-54.0048036673931,1.0000000000000004,2.146675385236037,-1.5473158840103594,1236.7332046977244
54.50656446815743,-54.005965337557726,1.0000000000000004,2.1458487347461244,-1.547172635665845,1370.4238977446219
54.52483575252356,-54.00710473826586,1.0000000000000002,2.1450114347819635,-1.5470324504042026,1513.6705520018002
54.543128260762366,-54.00822181460501,1.0000000000000004,2.144163456082296,-1.5468953507950403,1666.7966624489056
54.56144201295672,-54.00931651163021,1.0000000000000004,2.1433047694069955,-1.54676135946724,1830.1257240721018
54.57977702903065,-54.01038877436399,1.0000000000000004,2.1424353455374217,-1.546630499109341,2003.9812318526674
54.59813332874902,-54.01143854779643,1.0000000000000007,2.1415551552764214,-1.5465027924691128,2188.686680773506
54.61651093171698,-54.012465776885094,1.0000000000000004,2.140664169448172,-1.5463782623540396,2384.565565817756
54.63490985737956,-54.013470406555044,1.0000000000000004,2.139762358898821,-1.5462569316316603,2591.9413819678593
54.653330125021206,-54.014452381698874,1.0000000000000002,2.1388496944961446,-1.546138823229171,2811.13762420672
54.671771753765356,-54.01541164717668,1.0000000000000004,2.137926147129434,-1.5460239601336525,3042.4777875184077
54.690234762573944,-54.01634814781605,1.0000000000000004,2.1369916877103776,-1.5459123653927804,3286.2853668837342
54.70871917024699,-54.017261828412096,1.0000000000000002,2.1360462871724053,-1.545804062113973,3542.8838572858367
54.72722499542215,-54.01815263372741,1.0000000000000002,2.1350899164710313,-1.5456990734655278,3812.5967537097163
54.74575225657423,-54.01902050849212,1.0000000000000004,2.1341225465842513,-1.5455974226755416,4095.7475511352527
54.764300972014794,-54.019865397403834,1.0000000000000004,2.133144148512173,-1.545499133033445,4392.659744548146
54.78287115989171,-54.020687245127675,1.0000000000000007,2.132154693277073,-1.5454042278890938,4703.656828928506
54.80146283818867,-54.02148599629628,1.0000000000000004,2.131154151924079,-1.5453127306532224,5029.062299259938
54.820076024724735,-54.0222615955098,1.0000000000000004,2.130142495520772,-1.5452246647971606,5369.199650527209
54.838710737153974,-54.02301398733589,1.0000000000000002,2.129119695157499,-1.545140053853629,5724.392377710202
54.857366992964955,-54.02374311630972,1.0000000000000004,2.128085721947059,-1.545058921416512,6094.9639757929845
54.87604480948031,-54.024448926933985,1.0000000000000004,2.1270405470255582,-1.5449812911410845,6481.2379397607865
54.8947442038563,-54.025131363678895,1.0000000000000004,2.125984141551669,-1.5449071867437851,6883.537764592328
54.91346519308238,-54.02579037098219,1.0000000000000004,2.1249164767074262,-1.5448366320026707,7302.186945272609
54.93220779398077,-54.02642589324914,1.0000000000000002,2.1238375236980005,-1.5447696507570754,7737.508976784766
54.950972023206,-54.027037874852546,1.0000000000000004,2.1227472537516974,-1.5447062669090883,8189.827354110543
54.969757897244456,-54.02762626013274,1.0000000000000004,2.1216456381197872,-1.54464650442128,8659.465572233079
54.988565432413985,-54.0281909933976,1.0000000000000004,2.1205326480778695,-1.5445903873193174,9146.74712613574
55.00739464486343,-54.02873201892258,1.0000000000000002,2.1194082549246787,-1.5445379396894623,9651.99551079981
55.0262455505722,-54.02924928095064,1.0,2.1182724299821984,-1.5444891856826644,10175.534221211446
55.04511816534986,-54.02974272369234,1.0000000000000002,2.117125144596571,-1.5444441495094452,10717.686752349371
55.06401250483565,-54.03021229132579,1.0000000000000002,2.115966370137471,-1.5444028554445595,11278.776599198813
55.08292858449808,-54.03065792799669,1.0000000000000002,2.1147960779995856,-1.5443653278234706,11859.127256743604
55.10186641963452,-54.0310795778183,1.0000000000000002,2.113614239599542,-1.544331591047012,12459.062219962943
55.12082602537073,-54.03147718487149,1.0000000000000002,2.11242082638023,-1.5443016695755887,13078.904983843207
55.13980741666046,-54.03185069320472,1.0,2.1112158098075042,-1.5442755879348624,13718.979043365222
55.158810608285016,-54.03220004683405,1.0000000000000002,2.1099991613715474,-1.5442533707114308,14379.60789351235
55.17783561485278,-54.03252518974317,1.0000000000000002,2.1087708525882363,-1.5442350425578297,15061.115029267969
55.196882450798924,-54.03282606588338,1.0000000000000002,2.1075308549958436,-1.5442206281857125,15763.823945614042
55.21595113038478,-54.03310261917364,1.0,2.1062791401594723,-1.544210152371761,16488.05813753325
55.23504166769762,-54.03335479350053,1.0000000000000002,2.1050156796676447,-1.5442036399583685,17234.14110000967
55.25415407665011,-54.03358253271829,1.0000000000000002,2.1037404451337807,-1.5442011158479545,18002.396328025727
55.273288370979884,-54.03378578064884,1.0000000000000002,2.1024534081968795,-1.5442026050086497,18793.14731656271
55.29244456424921,-54.033964481081775,1.0000000000000002,2.1011545405203833,-1.5442081324697483,19606.717560606074
55.311622669844496,-54.03411857777437,1.0000000000000002,2.0998438137921767,-1.5442177233267103,20443.430555135943
55.33082270097589,-54.034248014451606,1.0000000000000002,2.0985211997276565,-1.5442314027382054,21303.609795136137
55.350044670676866,-54.03435273480619,1.0000000000000004,2.0971866700640476,-1.5442491959261133,22187.578775590988
55.369288591803816,-54.03443268249853,1.0000000000000002,2.0958401965681333,-1.5442711281780248,23095.660991481032
55.38855447703563,-54.03448780115683,1.0000000000000002,2.0944817510294342,-1.5442972248415572,24028.179937791305
55.40784233887326,-54.03451803437699,1.0000000000000002,2.0931113052631645,-1.5443275113348136,24985.45910950261
55.427152189639344,-54.034523325722695,1.0000000000000002,2.0917288311109132,-1.5443620131345597,25967.82200159784
55.44648404147776,-54.03450361872545,1.0000000000000002,2.0903343004411,-1.5444007557853183,26975.592109062236
55.46583790635326,-54.0344588568845,1.0,2.0889276851455634,-1.5444437648957319,28009.09292687685
55.48521379605101,-54.03438898366697,1.0000000000000002,2.0875089571441094,-1.5444910661362883,29068.64795002388
55.50461172217621,-54.03429394250777,1.0000000000000002,2.0860780883829193,-1.5445426852438686,30154.580673487617
55.52403169615368,-54.03417367680967,1.0000000000000002,2.084635050832503,-1.5445986480244756,31267.21459224913
55.543473729227465,-54.034028129943316,1.0,2.083179816490656,-1.54465898034141,32406.873201293634
55.56293783246043,-54.03385724524722,1.0000000000000002,2.0817123573838217,-1.544723708127549,33573.87999560218
55.582424016733825,-54.03366096602779,1.0000000000000002,2.0802326455609546,-1.5447928573794343,34768.558470156735
55.60193229274694,-54.033439235559364,1.0000000000000002,2.0787406531012493,-1.5448664541604558,35991.232119943015
55.62146267101665,-54.033191997084224,1.0000000000000002,2.0772363521073203,-1.5449445245967581,37242.22443994181
55.64101516187708,-54.032919193812596,1.0000000000000002,2.0757197147108855,-1.5450270948790603,38521.858925135806
55.66058977547912,-54.032620768922655,1.0000000000000002,2.074190713070493,-1.5451141912699313,39830.45907050929
55.68018652179012,-54.032296665560615,1.0000000000000002,2.072649319370612,-1.545205840091512,41168.348371043794
55.69980541059342,-54.031946826840674,1.0000000000000002,2.0710955058248146,-1.5453020677305176,42535.85032172197
55.71944645148804,-54.03157119584509,1.0000000000000002,2.0695292446707754,-1.5454029006414203,43933.28841752791
55.739109653888185,-54.031169715624124,1.0,2.0679505081770913,-1.5455083653505426,45360.98615344334
55.758795027022956,-54.030742329196194,1.0000000000000002,2.066359268637825,-1.5456184884369577,46819.26702445209
55.778502579935896,-54.03028897954775,1.0,2.06475549837387,-1.5457332965579553,48308.454525536145
55.79823232148461,-54.0298096096334,1.0000000000000002,2.063139169736587,-1.5458528164290328,49828.87215167819
55.817984260340445,-54.02930416237589,1.0,2.0615102551018936,-1.5459770748357187,51380.8433978618
55.83775840498798,-54.028772580666114,1.0000000000000002,2.0598687268752656,-1.5461060986317534,52964.69175906922
55.85755476372479,-54.02821480736319,1.0000000000000002,2.058214557489009,-1.5462399147263568,54580.74073028307
55.87737334466094,-54.02763078529443,1.0000000000000002,2.056547719408627,-1.5463785501096936,56229.31380648887
55.89721415571871,-54.0270204572554,1.0000000000000002,2.054868185116902,-1.5465220318283173,57910.73448266509
55.91707720463209,-54.02638376600992,1.0000000000000002,2.0531759271366354,-1.5466703869997218,59625.326253796455
55.936962498946585,-54.025720654290105,1.0000000000000002,2.0514709180129103,-1.546823642805066,61373.412614867084
55.956870046018636,-54.0250310647964,1.0000000000000002,2.0497531303185497,-1.5469818264946298,63155.31706085753
55.97679985301541,-54.02431494019759,1.0000000000000002,2.0480225366595732,-1.5471449653814489,64971.363086752346
55.99675192691435,-54.023572223130806,1.0000000000000002,2.046279109666102,-1.5473130868540466,66821.87418753444
56.01672627450283,-54.02280285620161,1.0,2.0445228219969067,-1.5474862183582445,68707.1738581846
56.03672290237775,-54.022006781983976,1.0,2.042753646348956,-1.547664387408986,70627.58559368852
56.05674181694525,-54.02118394302035,1.0,2.0409715554324066,-1.5478476215912451,72583.43288902611
56.076783024420244,-54.02033428182162,1.0,2.039176522001071,-1.5480359485563895,74575.03923918236
56.096846530826156,-54.019457740867225,1.0000000000000002,2.037368518826952,-1.548229396023089,76602.72813913992
56.11693234199448,-54.018554262605136,1.0,2.0355475187197953,-1.548427991780045,78666.82308387964
56.13704046356445,-54.01762378945191,1.0000000000000002,2.0337134945148136,-1.5486317636641616,80767.6475683872
56.15717090098273,-54.01666626379267,1.0000000000000002,2.0318664190772324,-1.548840739611478,82905.52508764363
56.17732365950296,-54.0156816279812,1.0000000000000002,2.0300062653032,-1.5490549476053275,85080.77913663094
56.1974987441855,-54.01466982433997,1.0,2.028133006112512,-1.5492744156945264,87293.73321033454
56.217696159897,-54.01363079516009,1.0000000000000002,2.0262466144704376,-1.549499172006108,89544.71080373529
56.23791591131014,-54.01256448270146,1.0000000000000002,2.0243470633495235,-1.549729244723494,91834.03541181562
56.25815800290317,-54.01147082919271,1.0000000000000002,2.02243432576779,-1.549964662115599,94162.03052956144
56.27842243895965,-54.01034977683127,1.0000000000000002,2.0205083747750905,-1.5502054524986306,96529.01965195198
56.298709223568075,-54.00920126778341,1.0000000000000002,2.018569183440377,-1.5504516442651948,98935.32627397147
56.31901836062153,-54.008025244184275,1.0000000000000004,2.0166167248726197,-1.5507032658806565,101381.2738906031
56.33934985381736,-54.00682164813787,1.0000000000000002,2.0146509722080737,-1.5509603458704078,103867.18599682908
56.35970370665683,-54.00559042171719,1.0000000000000002,2.0126718986120977,-1.5512229128325998,106393.38608763227
56.38007992244478,-54.00433150696416,1.0000000000000002,2.0106794772827925,-1.5514909954308678,108960.19765799724
56.400478504289296,-54.00304484588972,1.0000000000000002,2.0086736814455435,-1.5517646223943302,111567.94420290366
56.42089945510138,-54.00173038047387,1.0000000000000002,2.0066544843612064,-1.5520438225339603,114216.94921733672
56.44134277759462,-54.00038805266568,1.0000000000000002,2.004621859316103,-1.552328624713482,116907.53619627863
56.46180847428484,-53.99901780438335,1.0000000000000002,2.002575779639301,-1.5526190578657406,119640.02863471115
56.4822965474898,-53.997619577514214,1.0000000000000002,2.0005162186771486,-1.5529151510036172,122414.75002762096
56.50280699932889,-53.99619331391482,1.0000000000000002,1.998443149814193,-1.5532169331945624,125232.02386998454
56.523339831722744,-53.99473895541097,1.0000000000000002,1.9963565464649946,-1.5535244335878815,128092.1736567898
56.54389504639298,-53.9932564437977,1.0000000000000002,1.994256382081403,-1.5538376813892683,130995.52288301846
