galstreams/tracks/track.st.Pal5.pricewhelan2019.ecsv
# %ECSV 0.9
# ---
# datatype:
# - {name: ra, unit: deg, datatype: float64}
# - {name: dec, unit: deg, datatype: float64}
# - {name: distance, unit: kpc, datatype: float64}
# - {name: pm_ra_cosdec, unit: mas / yr, datatype: float64}
# - {name: pm_dec, unit: mas / yr, datatype: float64}
# - {name: radial_velocity, unit: km / s, datatype: float64}
# delimiter: ','
# meta: !!omap
# - __serialized_columns__:
#     dec:
#       __class__: astropy.coordinates.angles.Latitude
#       unit: &id001 !astropy.units.Unit {unit: deg}
#       value: !astropy.table.SerializedColumn {name: dec}
#     distance:
#       __class__: astropy.coordinates.distances.Distance
#       unit: !astropy.units.Unit {unit: kpc}
#       value: !astropy.table.SerializedColumn {name: distance}
#     pm_dec:
#       __class__: astropy.units.quantity.Quantity
#       unit: !astropy.units.Unit {unit: mas / yr}
#       value: !astropy.table.SerializedColumn {name: pm_dec}
#     pm_ra_cosdec:
#       __class__: astropy.units.quantity.Quantity
#       unit: !astropy.units.Unit {unit: mas / yr}
#       value: !astropy.table.SerializedColumn {name: pm_ra_cosdec}
#     ra:
#       __class__: astropy.coordinates.angles.Longitude
#       unit: *id001
#       value: !astropy.table.SerializedColumn {name: ra}
#       wrap_angle: !astropy.coordinates.Angle
#         unit: *id001
#         value: 360.0
#     radial_velocity:
#       __class__: astropy.units.quantity.Quantity
#       unit: !astropy.units.Unit {unit: km / s}
#       value: !astropy.table.SerializedColumn {name: radial_velocity}
# schema: astropy-2.0
ra,dec,distance,pm_ra_cosdec,pm_dec,radial_velocity
242.09382465426393,6.883094591466032,22.023408282052625,-2.128504173466256,-2.3495202703982545,999.0000227425555
242.01678084273712,6.807182247901575,22.022564808085445,-2.1360335527859173,-2.348877078348682,999.000022742875
241.93482076256163,6.738935741897904,22.021580867974944,-2.1434962039903502,-2.3483016556195344,999.000022742777
241.8485626440908,6.6773874767765395,22.020456461722514,-2.150895776577285,-2.347790819028071,999.0000227421898
241.75931039075377,6.620506274769042,22.019191589334707,-2.1582389773181427,-2.3473385201370496,999.0000227412173
241.66825391648032,6.566440500089331,22.017786250818062,-2.1655317210512517,-2.3469393488413144,999.0000227399921
241.57615875097517,6.5139994511228005,22.016240446176955,-2.1727777460836175,-2.346589831067331,999.0000227386136
241.483332534209,6.462704152380811,22.01455417541327,-2.1799785577356485,-2.346288518266082,999.0000227371258
241.389727562069,6.412627072993814,22.012727438526806,-2.187133988333682,-2.3460355019535566,999.0000227355254
241.29509078547878,6.364158672878791,22.010760235516138,-2.194242943239056,-2.3458317425047053,999.0000227337779
241.1991090485327,6.317781856106704,22.008652566379393,-2.201304089149025,-2.3456784374058888,999.0000227318343
241.10152305280351,6.273895359417823,22.006404431114962,-2.2083163699242196,-2.3455765388087606,999.0000227296501
241.00220025574552,6.232701108882177,22.00401582972193,-2.215279317279272,-2.345526455416888,999.0000227271937
240.90116720901713,6.194154602939216,22.00148676220025,-2.2221931713176817,-2.345527929196558,999.0000227244553
240.79860791157017,6.157967987604146,21.99881722855079,-2.229058850504455,-2.345580053433374,999.0000227214455
240.694837164641,6.12365177714011,21.996007228775188,-2.2358778170775766,-2.34568139141079,999.0000227181962
240.59025857046734,6.09058019525275,21.99305676287562,-2.2426518826669777,-2.345830154941221,999.000022714753
240.48531597115613,6.058066464806105,21.989965830854548,-2.2493829923466877,-2.346024407135817,999.0000227111693
240.38044556649373,6.0254368315973235,21.986734432714407,-2.256073017257862,-2.3462622606773254,999.0000227075034
240.27603415434697,5.992094927539188,21.983362568457412,-2.2627235779841532,-2.3465420498694947,999.0000227038067
240.17238701269258,5.957571086262882,21.97985023808531,-2.269335912871238,-2.3468624620098764,999.0000227001236
240.06970722175822,5.921553900391989,21.9761974415993,-2.275910798369633,-2.347222620269446,999.0000226964847
239.96808678741567,5.883903532628054,21.972404178999945,-2.2824485223001836,-2.347622116169255,999.0000226929068
239.86750871907233,5.844648148363777,21.968470450287178,-2.2889489054678087,-2.348060995107936,999.0000226893915
239.76785845174066,5.80396599964181,21.964396255460382,-2.295411363373595,-2.3485397021236225,999.000022685926
239.66894245220132,5.762156519685505,21.960181594518446,-2.3018349971403724,-2.3490589978612366,999.0000226824862
239.57051158551582,5.719604176527712,21.955826467459957,-2.3082187016579745,-2.3496198560565063,999.0000226790402
239.47228687243174,5.676738737277014,21.951330874283304,-2.314561279543347,-2.3502233535317973,999.0000226755493
239.37398537400472,5.633995422339514,21.946694814986845,-2.320861550620217,-2.3508705628439706,999.0000226719751
239.2753442796506,5.591777899897329,21.941918289569042,-2.327118448859528,-2.3515624557188466,999.0000226682793
239.17614165346512,5.550426484917067,21.93700129802861,-2.3333311010847377,-2.35229982321432,999.0000226644306
239.0762127123195,5.510193260684428,21.931943840364557,-2.3394988840866486,-2.353083216323447,999.000022660405
238.9754609661157,5.471225136518107,21.926745916576305,-2.345621458994968,-2.3539129085767736,999.0000226561887
238.87386393265322,5.433555266301791,21.92140752666371,-2.3516987833424245,-2.3547888806137762,999.0000226517762
238.77147354609,5.397102626439421,21.915928670627054,-2.357731102670053,-2.3557108252443726,999.0000226471758
238.66841166071205,5.361679116952106,21.91030934846704,-2.3637189242649783,-2.356678170717808,999.0000226424061
238.56486132443746,5.327003131373846,21.904549560184737,-2.369662976256369,-2.3576901192097566,999.0000226374929
238.4610546563743,5.292718297942696,21.898649305781493,-2.3755641555212437,-2.3587456972360954,999.0000226324727
238.35725828766803,5.258415906871133,21.892608585258888,-2.3814234680490736,-2.3598438144310547,999.0000226273863
238.2537573598925,5.2236594900949225,21.886427398618615,-2.3872419654017105,-2.3609833270706666,999.000022622279
238.15083906801428,5.188010037189809,21.880105745862398,-2.3930206808629357,-2.36216310270318,999.0000226171965
238.0487766743832,5.151050430383445,21.87364362699186,-2.398760568717397,-2.363382082348783,999.0000226121828
237.9478148094783,5.1124078570402665,21.867041042008495,-2.4044624497914633,-2.3646393369948733,999.0000226072793
237.84815674855963,5.071773156460605,21.860297990913537,-2.4101269659999387,-2.3659341154683053,999.0000226025201
237.7499541971256,5.028916299997402,21.853414473707932,-2.4157545460769776,-2.3672658813118135,999.0000225979327
237.65329994935095,4.983697462794402,21.84639049039224,-2.421345383967785,-2.3686343369874843,999.0000225935347
237.55822362064174,4.936073394210076,21.839226040966686,-2.4268994305884446,-2.370039434507482,999.0000225893342
237.46469049019814,4.886099044605703,21.831921125431084,-2.4324163988197682,-2.3714813724564383,999.0000225853283
237.3726033425274,4.833924627809052,21.824475743784856,-2.437895780802932,-2.3729605802025087,999.0000225815043
237.28180706526453,4.779788496269084,21.816889896027103,-2.4433368758868563,-2.374477690855813,999.0000225778405
237.1920956519864,4.7240063687018035,21.809163582156614,-2.448738827012623,-2.376033505146987,999.000022574306
237.1032211757406,4.666957574050604,21.801296802171894,-2.4541006629516575,-2.3776289488161613,999.0000225708635
237.01490424133476,4.60906906174251,21.793289556071272,-2.4594213436595886,-2.379265026303894,999.000022567469
236.92684539251897,4.550797975841236,21.78514184385296,-2.4646998060639587,-2.380942773516739,999.0000225640762
236.8387369454358,4.492613597594128,21.776853665515098,-2.469935007857616,-2.382663212213907,999.0000225606364
236.75027473453105,4.434979438364014,21.768425021055865,-2.4751259672579478,-2.3844273081879743,999.000022557101
236.66116929555932,4.378336206639756,21.759855910473515,-2.4802717971874366,-2.3862359349207622,999.0000225534237
236.57115606256022,4.323086293447721,21.751146333766446,-2.485371732852736,-2.3880898438654237,999.0000225495617
236.48000422308237,4.269580317787986,21.742296290933254,-2.490425152214623,-2.389989641975162,999.0000225454766
236.38752395163897,4.2181061580663055,21.73330578197279,-2.4954315892941685,-2.3919357766239253,999.0000225411371
236.29357182303778,4.168880770442078,21.724174806884147,-2.5003907406289536,-2.3939285276722693,999.000022536519
236.1980542908567,4.122044966739091,21.714903365666746,-2.5053024654599594,-2.3959680061405537,999.0000225316052
236.10092919847543,4.077661198450252,21.705491458320292,-2.5101667803959056,-2.3980541587638595,999.0000225263863
236.00220536811554,4.03571427355912,21.695939084844806,-2.5149838493801133,-2.400186777606476,999.0000225208623
235.90194038427643,3.9961148241210394,21.686246245240582,-2.5197539697937255,-2.402365513890129,999.0000225150404
235.80023674994558,3.958705247736912,21.676412939508214,-2.5244775554941286,-2.4045898952144342,999.0000225089344
235.69723664521908,3.923267767994644,21.666439167648495,-2.529155117530816,-2.406859345396419,999.0000225025669
235.59311555747692,3.8895341992413224,21.65632492966247,-2.5337872432231094,-2.4091732062077607,999.0000224959635
235.4880750791493,3.857196960962044,21.646070225551316,-2.538374574237724,-2.4115307603299057,999.0000224891576
235.38233518350225,3.825920866332851,21.635675055316348,-2.5429177842766046,-2.413931254870989,999.000022482183
235.27612629069614,3.7953552081757524,21.625139418958938,-2.547417556973438,-2.41637392479628,999.0000224750785
235.16968142658342,3.7651456819869273,21.614463316480496,-2.5518745645965164,-2.4188580156217645,999.0000224678835
235.0632287562689,3.734945718337787,21.60364674788242,-2.5562894481540495,-2.4213828047196007,999.0000224606365
234.95698474459587,3.704426843747329,21.592689713166035,-2.56066279948405,-2.4239476205973416,999.0000224533749
234.85114815823428,3.6732877472426195,21.581592212332573,-2.5649951458743536,-2.426551859550467,999.0000224461342
234.74589508058872,3.641261796688926,21.570354245383143,-2.56928693769155,-2.42919499915861,999.0000224389469
234.64137506323027,3.6081228215860257,21.558975812318696,-2.573538539396745,-2.431876608202849,999.0000224318418
234.5377084879571,3.5736890544361177,21.547456913140014,-2.5777502241945527,-2.434596352722677,999.0000224248416
234.43498516380157,3.537825198104607,21.535797547847686,-2.581922172404391,-2.4373539980995567,999.0000224179664
234.33326413515974,3.5004426591265703,21.52399771644214,-2.586054473473109,-2.440149407238121,999.0000224112292
234.23257463241725,3.4614980541493754,21.51205741892359,-2.590147131374982,-2.442982535102137,999.0000224046389
234.13291805647208,3.4209901565011687,21.499976655292087,-2.5942000729861885,-2.4458534200356454,999.0000223981998
234.03427085464995,3.378955500421784,21.487755425547554,-2.5982131588860953,-2.4487621724466546,999.0000223919114
233.93658811865936,3.335462900393732,21.475393729689756,-2.602186195938285,-2.451708961540255,999.0000223857699
233.83980771610283,3.290607171297036,21.462891567718344,-2.606118950947079,-2.4546940008527702,999.0000223797675
233.7438547560243,3.2445023512671014,21.450248939632893,-2.6100111646718505,-2.457717533355747,999.0000223738936
233.64864618609982,3.1972747330617572,21.43746584543292,-2.613862565511366,-2.4607798168694126,999.0000223681369
233.55409532412165,3.1490560018077374,21.424542285117926,-2.6176728822377875,-2.463881110455129,999.0000223624847
233.4601161389036,3.099976757921595,21.41147825868739,-2.6214418552573515,-2.467021662353309,999.0000223569241
233.36662711488611,3.050160674913817,21.39827376614082,-2.625169245993484,-2.4702016999073346,999.0000223514418
233.27355455959275,2.9997195040866336,21.38492880747777,-2.6288548441168076,-2.4734214217754404,999.0000223460256
233.1808352425769,2.9487490935234626,21.371443382697862,-2.632498472478628,-2.476680992591441,999.0000223406661
233.08841828732847,2.8973265390997245,21.35781749180077,-2.636099989728861,-2.4799805400998913,999.0000223353534
232.99626627248765,2.845508532529644,21.344051134786245,-2.639659290713739,-2.483320154668488,999.0000223300814
232.90435553425147,2.7933309177584977,21.33014431165414,-2.64317630484526,-2.486699890974635,999.0000223248453
232.8126756967241,2.7408094143586212,21.316097022404364,-2.646650992714349,-2.490119771576726,999.0000223196423
232.72122848984745,2.6879414169630143,21.301909267036926,-2.6500833412798324,-2.4935797920146356,999.0000223144721
232.63002594425296,2.63470873499032,21.28758104555185,-2.653473358007128,-2.497079927038138,999.0000223093347
232.53908807782517,2.5810810986022554,21.273112357949255,-2.6568210643549213,-2.5006201375355555,999.0000223042326
232.44844020905353,2.527020226357077,21.25850320422927,-2.6601264890146683,-2.5042003777272166,999.0000222991686
232.35811004665482,2.4724842284461066,21.24375358439204,-2.663389661299011,-2.5078206021981138,999.0000222941474
232.26812471297703,2.4174321074714276,21.22886349843771,-2.666610605050263,-2.51148077237121,999.000022289171
232.1785078600723,2.361828116826514,21.213832946366406,-2.6697893334000993,-2.515180862066231,999.0000222842436
232.08927703203204,2.305645744906106,21.19866192817822,-2.6729258446576973,-2.5189208618477585,999.0000222793665
232.00044141541485,2.248871111263129,21.183350443873188,-2.676020119535807,-2.5227007819394762,999.00002227454
231.91200010183042,2.191505587760602,21.167898493451304,-2.6790721198463827,-2.526520653566186,999.0000222697657
231.82394096362464,2.1335674927192856,21.152306076912474,-2.682081788711115,-2.53038052867814,999.0000222650391
231.7362402160288,2.0750927477301397,21.136573194256545,-2.6850490522422947,-2.5342804781086845,999.0000222603579
231.64886270812076,2.016134433612082,21.12069984548332,-2.6879738225620926,-2.53822058831075,999.0000222557157
231.5617629516782,1.956761232186722,21.104686030592507,-2.690856001946496,-2.5422009569040154,999.0000222511053
231.47488686276515,1.8970547921916068,21.088531749583797,-2.693695487812879,-2.546221687336861,999.0000222465189
231.38817415700558,1.8371061087614042,21.07223700245681,-2.696492178219589,-2.550282883020042,999.0000222419465
231.30156130730637,1.7770110544560391,21.05580178921118,-2.6992459775167967,-2.5543846413185833,999.0000222373787
231.21498494360557,1.7168652438356313,21.039226109846542,-2.7019568017829414,-2.5585270477927575,999.0000222328067
231.12838554925077,1.6567584512255449,21.022509964362538,-2.7046245836983487,-2.562710171058434,999.000022228222
231.0417112889705,1.596768830922674,21.005653352758866,-2.7072492765463774,-2.5669340585941187,999.0000222236157
230.95492179000823,1.536957209246604,20.98865627503531,-2.709830857087937,-2.571198733761142,999.000022218984
230.86799169158908,1.477361727434847,20.971518731191725,-2.7123693271223375,-2.575504194230433,999.0000222143232
230.780913778972,1.417993112661842,20.954240721228086,-2.7148647136200914,-2.5798504119304733,999.0000222096334
230.69370152715754,1.35883084106564,20.93682224514448,-2.717317067386378,-2.58423733455239,999.0000222049173
230.60639089583537,1.2998204316549649,20.91926330294114,-2.7197264602825904,-2.5886648885743595,999.0000222001818
230.51904124105073,1.2408720738329402,20.901563894618448,-2.7220929810950487,-2.59313298370165,999.0000221954372
230.431735239737,1.1818607449400367,20.883724020176896,-2.7244167301939624,-2.597641518561524,999.0000221906964
230.3445777598188,1.122627919041977,20.865743679617132,-2.7266978131729442,-2.602190387442796,999.0000221859781
230.25769364988216,1.0629849059066727,20.84762287293991,-2.7289363337021184,-2.606779487825568,999.000022181301
230.17122446704954,1.0027177918306214,20.829361600146072,-2.731132385869271,-2.61140872840452,999.0000221766876
230.0853242081,0.9415938840783475,20.810959861236544,-2.7332860463260014,-2.6160780372666252,999.0000221721625
230.0001541552856,0.8793694908082244,20.792417656212294,-2.7353973665997824,-2.620787369840508,999.0000221677499
229.91587699287606,0.8157988012451173,20.773734985074267,-2.737466365976973,-2.6255367161918306,999.0000221634738
229.8326503913171,0.7506435693421039,20.754911847823404,-2.7394930254014325,-2.630326107201927,999.0000221593581
229.75062029115318,0.6836832510392258,20.73594824446056,-2.741477282859833,-2.635155619143621,999.0000221554246
229.66991414677872,0.6147252031125635,20.716844174986445,-2.7434190307293087,-2.640025376169061,999.0000221516887
229.5906344090398,0.5436145229035948,20.69759963940164,-2.74531811553367,-2.644935550260573,999.0000221481653
229.5128525343679,0.47024309496847505,20.678214637706528,-2.74717434048133,-2.6498863582772154,999.0000221448616
229.43660380543554,0.39455741447377957,20.658689169901265,-2.7489874710344475,-2.6548780558633442,999.0000221417789
229.36188323362109,0.31656477903102725,20.639023235985757,-2.7507572435825707,-2.6599109281723194,999.0000221389128
229.28864278661266,0.23633748102433602,20.619216835959655,-2.7524833770710937,-2.664985277592152,999.0000221362512
229.21679014549238,0.15401469106204066,20.599269969822345,-2.7541655871771877,-2.67010140892608,999.0000221337757
229.14618914534182,0.06980179895134259,20.57918263757296,-2.755803602355565,-2.6752596127573236,999.0000221314601
229.07666199302145,-0.016032930233652806,20.558954839210365,-2.757397180820575,-2.6804601479851056,999.0000221292735
229.007993287005,-0.10316442341680855,20.53858657473323,-2.7589461273201605,-2.6857032247262302,999.000022127179
228.93993578919074,-0.19121951501221038,20.51807784414005,-2.760450308422991,-2.6909889889014775,999.0000221251353
