galstreams/tracks/track.st.Slidr.ibata2021.ecsv
# %ECSV 0.9
# ---
# datatype:
# - {name: ra, unit: deg, datatype: float64}
# - {name: dec, unit: deg, datatype: float64}
# - {name: distance, unit: kpc, datatype: float64}
# - {name: pm_ra_cosdec, unit: mas / yr, datatype: float64}
# - {name: pm_dec, unit: mas / yr, datatype: float64}
# - {name: radial_velocity, unit: km / s, datatype: float64}
# delimiter: ','
# meta: !!omap
# - __serialized_columns__:
#     dec:
#       __class__: astropy.coordinates.angles.Latitude
#       unit: &id001 !astropy.units.Unit {unit: deg}
#       value: !astropy.table.SerializedColumn {name: dec}
#     distance:
#       __class__: astropy.coordinates.distances.Distance
#       unit: !astropy.units.Unit {unit: kpc}
#       value: !astropy.table.SerializedColumn {name: distance}
#     pm_dec:
#       __class__: astropy.units.quantity.Quantity
#       unit: !astropy.units.Unit {unit: mas / yr}
#       value: !astropy.table.SerializedColumn {name: pm_dec}
#     pm_ra_cosdec:
#       __class__: astropy.units.quantity.Quantity
#       unit: !astropy.units.Unit {unit: mas / yr}
#       value: !astropy.table.SerializedColumn {name: pm_ra_cosdec}
#     ra:
#       __class__: astropy.coordinates.angles.Longitude
#       unit: *id001
#       value: !astropy.table.SerializedColumn {name: ra}
#       wrap_angle: !astropy.coordinates.Angle
#         unit: *id001
#         value: 360.0
#     radial_velocity:
#       __class__: astropy.units.quantity.Quantity
#       unit: !astropy.units.Unit {unit: km / s}
#       value: !astropy.table.SerializedColumn {name: radial_velocity}
# schema: astropy-2.0
ra,dec,distance,pm_ra_cosdec,pm_dec,radial_velocity
[from data line 3160]
178.03333315695014,2.739491421373217,3.83990216312592,-15.918318197622938,-4.466406752650887,6.631354114774466e-14
178.04152073637817,2.7322070914792267,3.840703398231211,-15.912891036796346,-4.465722294592065,-1.0525958912340423e-15
178.04970597676626,2.7249146845954098,3.8415051818868307,-15.907463209555672,-4.465038480418857,0.0
178.05788887627233,2.717614194668622,3.8423075143987515,-15.902034716349448,-4.464355310184008,0.0
178.06606943305422,2.7103056156457366,3.8431103960729494,-15.896605557626295,-4.463672783939978,-3.315677057387233e-14
178.07424764526942,2.7029889414736563,3.843913827215394,-15.891175733834947,-4.462990901738957,4.8419410996765944e-14
178.08242351107538,2.6956641660993044,3.8447178081320637,-15.885745245424262,-4.4623096636328565,-3.9998643866893604e-14
178.09059702862916,2.6883312834696387,3.8455223391289275,-15.880314092843177,-4.461629069673311,-3.684085619319148e-14
178.0987681960878,2.68099028753164,3.846327420511961,-15.874882276540767,-4.460949119911684,7.157652060391487e-14
178.106937011608,2.6736411722323035,3.8471330525871377,-15.869449796966197,-4.46026981439905,4.684051715991488e-14
178.1151034733464,2.6662839315186577,3.847939235660431,-15.864016654568747,-4.4595911531862225,5.420868839855318e-14
178.12326757945925,2.658918559337765,3.8487459700378137,-15.85858284979781,-4.458913136323728,2.8946387008936165e-14
178.13142932810274,2.6515450496366975,3.84955325602526,-15.853148383102889,-4.458235763861829,-1.1052256857957444e-14
178.1395887174328,2.6441633963625675,3.850361093928744,-15.847713254933579,-4.457559035850505,6.8418732930212744e-15
178.1477457456051,2.6367735934624985,3.851169484054238,-15.842277465739613,-4.456882952339463,-1.0525958912340423e-14
178.15590041077525,2.6293756348836514,3.8519784267077153,-15.836841015970812,-4.456207513378136,1.3157448640425528e-14
178.16405271109844,2.621969514573212,3.8527879221951506,-15.831403906077123,-4.455532719015687,-1.3157448640425528e-14
178.17220264472982,2.614555226478388,3.8535979708225176,-15.825966136508578,-4.454858569300999,-1.0525958912340423e-14
178.18035020982424,2.607132764546412,3.854408572895788,-15.82052770771536,-4.454185064282688,6.526094525651062e-14
178.18849540453638,2.599702122724545,3.8552197287209378,-15.815088620147717,-4.453512204009095,1.5262640422893612e-14
178.19663822702069,2.5922632949600803,3.856031438603938,-15.809648874256041,-4.452839988528283,-2.947268495455318e-14
178.20477867543133,2.584816275200332,3.856843702850763,-15.804208470490828,-4.4521684178880525,1.6315236314127656e-14
178.21291674792238,2.5773610573926313,3.8576565217673875,-15.798767409302673,-4.451497492135925,6.947132882144679e-14
178.22105244264762,2.569897635484356,3.8584698956597836,-15.793325691142293,-4.450827211319152,-1.6841534259744676e-14
178.22918575776055,2.562426003422892,3.859283824833925,-15.787883316460512,-4.450157575484712,5.894536990910637e-14
178.2373166914146,2.554946155155668,3.8600983095957866,-15.782440285708272,-4.4494885846793215,5.789277401787233e-15
178.24544524176287,2.5474580846301222,3.86091335025134,-15.776996599336618,-4.448820238949411,-2.0525619879063826e-14
178.25357140695817,2.53996178579373,3.8617289471065592,-15.771552257796705,-4.448152538341155,6.947132882144679e-14
178.26169518515334,2.532457252593997,3.8625451004674187,-15.766107261539823,-4.447485482900448,-1.7894130150978717e-14
178.26981657450068,2.524944478978453,3.8633618106398906,-15.760661611017344,-4.446819072672921,-4.73668151055319e-15
178.27793557315246,2.5174234588946427,3.864179077929949,-15.755215306680764,-4.446153307703933,4.999830483361701e-14
178.28605217926074,2.509894186290156,3.864996902643568,-15.749768348981704,-4.445488188038572,-4.263013359497871e-14
178.29416639097715,2.5023566551126004,3.8658152850867205,-15.74432073837188,-4.444823713721658,6.841873293021275e-14
178.3022782064533,2.4948108593096125,3.866634225565381,-15.738872475303125,-4.444159884797751,9.789141788476593e-14
178.3103876238405,2.487256792828861,3.8674537243855216,-15.733423560227394,-4.443496701311125,7.052392471268083e-14
178.31849464128982,2.4796944496180315,3.868273781853116,-15.72797399359675,-4.442834163305802,2.1051917824680845e-15
178.32659925695205,2.472123823624845,3.8690943982741377,-15.72252377586336,-4.442172270825532,-2.789379111770212e-14
178.33470146897776,2.464544908797049,3.869915573954562,-15.717072907479526,-4.441511023913792,1.2631150694808506e-14
178.34280127551736,2.4569576990824227,3.8707373092003596,-15.711621388897642,-4.440850422613803,5.3682390452936155e-14
178.35089867472098,2.449362188428765,3.8715596043175067,-15.706169220570224,-4.4401904669685095,-3.157787673702127e-14
178.35899366473842,2.4417583707839032,3.8723824596119747,-15.700716402949912,-4.4395311570205935,8.21024795162553e-14
178.36708624371943,2.434146240095704,3.8732058753897385,-15.69526293648945,-4.43887249281247,8.94706507548936e-14
178.37517640981332,2.4265257903120543,3.87402985195677,-15.689808821641689,-4.438214474386292,-3.526196235634042e-14
178.3832641611693,2.41889701538086,3.8748543896190446,-15.68435405885961,-4.437557101783946,-3.210417468263829e-14
178.39134949593623,2.4112599092500764,3.8756794886825343,-15.678898648596299,-4.43690037504705,-6.315575347404253e-15
178.39943241226277,2.403614465867673,3.8765051494532132,-15.673442591304966,-4.436244294216959,1.5788938368510635e-14
178.4075129082974,2.395960679181646,3.8773313722370557,-15.667985887438926,-4.4355888593347625,1.5788938368510635e-14
178.41559098218823,2.388298543140035,3.8781581573400343,-15.662528537451616,-4.434934070441292,1.1578554803574466e-14
178.42366663208318,2.3806280516908895,3.878985505068122,-15.657070541796577,-4.43427992757711,3.0525280845787224e-14
178.43173985612998,2.3729491987823024,3.879813415727294,-15.651611900927492,-4.433626430782518,-3.631455824757446e-14
178.43981065247596,2.3652619783623883,3.8806418896235213,-15.646152615298135,-4.43297358009755,1.2104852749191486e-14
178.44787901926833,2.3575663843792958,3.881470927062781,-15.640692685362394,-4.4323213755619815,-8.420767129872338e-15
178.455944954654,2.3498624107811934,3.8823005283510423,-15.635232111574304,-4.431669817215334,-1.4210044531659571e-14
178.4640084567796,2.34215005151629,3.8831306937942824,-15.629770894387972,-4.431018905096846,6.526094525651062e-14
178.47206952379153,2.334429300532821,3.8839614236984734,-15.624309034257656,-4.43036863924551,5.578758223540424e-14
178.48012815383595,2.32670015177905,3.8847927183695883,-15.61884653163773,-4.429719019700058,5.315609250731914e-14
178.4881843450587,2.318962599203264,3.885624578113601,-15.61338338698266,-4.4290700464989525,3.9998643866893604e-14
178.4962380956054,2.311216636753791,3.886457003236485,-15.607919600747046,-4.428421719680405,-4.73668151055319e-15
178.5042894036214,2.303462258378981,3.8872899940442145,-15.602455173385602,-4.427774039282357,1.1052256857957444e-14
178.51233826725183,2.295699458027218,3.888123550842762,-15.596990105353166,-4.427127005342496,7.4734308277617e-14
178.52038468464147,2.287928229646918,3.888957673938101,-15.591524397104692,-4.426480617898246,1.9473023987829782e-14
178.52842865393487,2.280148567186516,3.8897923636362046,-15.586058049095238,-4.425834876986783,6.47346473108936e-14
178.53647017327637,2.2723604645944904,3.8906276202430488,-15.58059106177999,-4.425189782645009,-2.7367493172085098e-14
178.5445092408099,2.264563915819343,3.891463444064604,-15.575123435614257,-4.424545334909574,4.684051715991488e-14
178.5525458546793,2.256758914809614,3.892299835406847,-15.569655171053451,-4.423901533816872,-9.47336302110638e-15
178.56058001302796,2.2489454555138586,3.8931367945757476,-15.564186268553131,-4.423258379403037,9.052324664612763e-14
178.56861171399916,2.2411235318806786,3.893974321877282,-15.558716728568943,-4.422615871703947,6.052426374595744e-14
178.57664095573577,2.233293137858699,3.8948124176174233,-15.553246551556663,-4.421974010755219,8.947065075489359e-15
178.58466773638048,2.2254542673965765,3.8956510821021437,-15.547775737972204,-4.4213327965922185,-2.1578215770297867e-14
178.59269205407563,2.217606914443001,3.8964903156374184,-15.542304288271563,-4.420692229250052,5.3682390452936155e-14
178.60071390696334,2.209751072946691,3.89733011852922,-15.53683220291089,-4.420052308763567,5.420868839855318e-14
178.60873329318542,2.2018867368563977,3.898170491083521,-15.531359482346435,-4.41941303516736,4.210383564936169e-15
178.6167502108834,2.194013900120906,3.8990114336062964,-15.525886127034576,-4.418774408495774,-1.2104852749191486e-14
178.6247646581985,2.186132556689033,3.8998529464035196,-15.52041213743181,-4.418136428782889,2.947268495455318e-14
178.63277663327173,2.178242700509613,3.9006950297811644,-15.514937513994747,-4.417499096062536,2.0525619879063826e-14
178.64078613424374,2.1703443255315342,3.9015376840452034,-15.509462257180127,-4.416862410368294,7.368171238638296e-14
178.64879315925495,2.162437425703704,3.90238090950161,-15.503986367444806,-4.416226371733481,4.105123975812765e-14
178.65679770644542,2.1545219949750676,3.9032247064563577,-15.498509845245767,-4.415590980191167,9.368103431982976e-14
178.66479977395497,2.146598027294591,3.9040690752154212,-15.493032691040096,-4.414956235774168,5.736647607225531e-14
178.67279935992318,2.1386655166112876,3.9049140160847733,-15.48755490528502,-4.414322138515042,-2.789379111770212e-14
178.68079646248918,2.130724456874193,3.9057595293703877,-15.48207648843788,-4.413688688446105,-3.4735664410723393e-14
178.68879107979197,2.1227748420323844,3.906605615378236,-15.476597440956139,-4.413055885599416,2.368340755276595e-14
178.69678320997016,2.1148166660349568,3.907452274414295,-15.47111776329738,-4.412423730006772,-4.210383564936169e-15
178.70477285116206,2.1068499228310555,3.908299506784536,-15.465637455919303,-4.411792221699739,9.47336302110638e-15
178.71276000150579,2.0988746063698467,3.9091473127949343,-15.460156519279735,-4.411161360709612,1.6841534259744676e-14
178.720744659139,2.0908907106005343,3.909995692751461,-15.45467495383664,-4.410531147067448,-2.2104513715914887e-14
178.72872682219915,2.0828982294723604,3.9108446469600913,-15.44919276004808,-4.409901580804052,6.368205141965955e-14
178.73670648882344,2.074897156934585,3.9116941757267982,-15.443709938372248,-4.409272661949976,-5.3682390452936155e-14
178.74468365714858,2.0668874869365164,3.912544279357555,-15.438226489267471,-4.408644390535526,6.578724320212765e-14
178.75265832531122,2.0588692134274966,3.9133949581583356,-15.43274241319218,-4.40801676659075,8.947065075489359e-15
178.76063049144744,2.0508423303568906,3.914246212435112,-15.427257710604948,-4.407389790145461,-2.0525619879063826e-14
178.76860015369323,2.042806831674105,3.9150980424938613,-15.421772381964454,-4.406763461229213,-2.789379111770212e-14
178.77656731018413,2.034762711328577,3.915950448640554,-15.416286427729514,-4.406137779871319,7.4734308277617e-14
178.78453195905547,2.0267099632697847,3.916803431181164,-15.410799848359067,-4.4055127461008405,6.105056169157445e-14
178.7924940984422,2.0186485814472337,3.9176569904216656,-15.405312644312163,-4.404888359946585,7.368171238638296e-15
178.80045372647893,2.010578559810462,3.918511126668032,-15.399824816047982,-4.404264621437136,6.789243498459573e-14
178.8084108413,2.0024998923090487,3.9193658402262357,-15.394336364025847,-4.403641530600801,7.420801033199997e-14
178.81636544103947,1.9944125728926094,3.9202211314022524,-15.388847288705177,-4.4030190874656645,7.210281854953189e-14
178.824317523831,1.9863165955107842,3.921077000502053,-15.38335759054554,-4.402397292059549,-1.5262640422893612e-14
178.83226708780794,1.9782119541132617,3.9219334478316132,-15.377867270006606,-4.401776144410048,1.9473023987829782e-14
178.84021413110335,1.9700986426497527,3.922790473696906,-15.372376327548187,-4.4011556445444935,2.5788599335234036e-14
178.84815865184996,1.961976655070009,3.9236480784039047,-15.366884763630214,-4.400535792489983,2.6841195226468077e-14
178.85610064818013,1.9538459853238221,3.9245062622585816,-15.361392578712747,-4.399916588273375,6.631354114774466e-14
