galstreams/tracks/track.st.New-7.ibata2024.ecsv
# %ECSV 1.0
# ---
# datatype:
# - {name: ra, unit: deg, datatype: float64}
# - {name: dec, unit: deg, datatype: float64}
# - {name: distance, unit: kpc, datatype: float64}
# - {name: pm_ra_cosdec, unit: mas / yr, datatype: float64}
# - {name: pm_dec, unit: mas / yr, datatype: float64}
# - {name: radial_velocity, unit: km / s, datatype: float64}
# delimiter: ','
# meta: !!omap
# - __serialized_columns__:
#     dec:
#       __class__: astropy.coordinates.angles.Latitude
#       unit: &id001 !astropy.units.Unit {unit: deg}
#       value: !astropy.table.SerializedColumn {name: dec}
#     distance:
#       __class__: astropy.coordinates.distances.Distance
#       unit: !astropy.units.Unit {unit: kpc}
#       value: !astropy.table.SerializedColumn {name: distance}
#     pm_dec:
#       __class__: astropy.units.quantity.Quantity
#       unit: !astropy.units.Unit {unit: mas / yr}
#       value: !astropy.table.SerializedColumn {name: pm_dec}
#     pm_ra_cosdec:
#       __class__: astropy.units.quantity.Quantity
#       unit: !astropy.units.Unit {unit: mas / yr}
#       value: !astropy.table.SerializedColumn {name: pm_ra_cosdec}
#     ra:
#       __class__: astropy.coordinates.angles.Longitude
#       unit: *id001
#       value: !astropy.table.SerializedColumn {name: ra}
#       wrap_angle: !astropy.coordinates.Angle
#         unit: *id001
#         value: 360.0
#     radial_velocity:
#       __class__: astropy.units.quantity.Quantity
#       unit: !astropy.units.Unit {unit: km / s}
#       value: !astropy.table.SerializedColumn {name: radial_velocity}
# schema: astropy-2.0
ra,dec,distance,pm_ra_cosdec,pm_dec,radial_velocity
[from data line 1698]
147.18207675639178,23.63776269917853,1.0000000000000062,16.960475277082104,-14.47480013959228,61.58262332205973
147.19297032235076,23.637007443031926,1.0000000000000064,16.960338278372472,-14.476705993855749,61.675204646483344
147.20386371868466,23.636250512768207,1.0000000000000064,16.960200508439343,-14.478611627691159,61.7679933097365
147.21475694501297,23.635491907776437,1.0000000000000062,16.960061968116037,-14.480517042101,61.860989591549824
147.22565000095494,23.63473162744576,1.0000000000000062,16.959922658235552,-14.482422238087985,61.95419377165413
147.2365428861297,23.6339696711654,1.0000000000000062,16.95978257963057,-14.484327216655043,62.04760612977999
147.24743560015622,23.63320603832464,1.0000000000000064,16.95964173313349,-14.486231978805343,62.141226945658225
147.2583281426533,23.63244072831286,1.0000000000000064,16.959500119576365,-14.488136525542272,62.2350564990194
147.2692205132395,23.6316737405195,1.0000000000000062,16.959357739790967,-14.490040857869444,62.32909506959429
147.28011271153332,23.630905074334084,1.0000000000000062,16.95921459460871,-14.491944976790691,62.42334293711358
147.29100473715295,23.63013472914621,1.0000000000000062,16.959070684860755,-14.493848883310081,62.51780038130786
147.3018965897166,23.629362704345546,1.0000000000000064,16.95892601137789,-14.495752578431901,62.61246768190795
147.31278826884207,23.628588999321828,1.0000000000000064,16.95878057499064,-14.497656063160653,62.70734511864448
147.32367977414722,23.627813613464898,1.0000000000000064,16.95863437652917,-14.499559338501083,62.80243297124816
147.33457110524958,23.627036546164653,1.0000000000000064,16.958487416823388,-14.50146240545815,62.897731519449586
147.3454622617666,23.62625779681105,1.0000000000000064,16.958339696702826,-14.503365265037047,62.99324104297959
147.35635324331554,23.62547736479416,1.0000000000000064,16.958191216996767,-14.505267918243176,63.08896182156883
147.36724404951346,23.6246952495041,1.0000000000000064,16.958041978534123,-14.507170366082175,63.1848941349479
147.37813467997728,23.62391145033107,1.0000000000000064,16.95789198214353,-14.509072609559912,63.28103826284759
147.3890251343237,23.62312596666536,1.0000000000000064,16.957741228653294,-14.51097464968246,63.3773944849985
147.39991541216938,23.622338797897303,1.0000000000000064,16.957589718891416,-14.512876487456138,63.473963081131416
147.41080551313067,23.621549943417346,1.0000000000000064,16.957437453685575,-14.514778123887483,63.57074433097697
147.4216954368238,23.620759402615988,1.0000000000000067,16.95728443386314,-14.516679559983242,63.66773851426587
147.43258518286484,23.619967174883815,1.0000000000000064,16.95713066025119,-14.518580796750426,63.76494591072882
147.44347475086974,23.619173259611472,1.0000000000000064,16.956976133676438,-14.520481835196218,63.86236680009647
147.45436414045415,23.618377656189704,1.0000000000000064,16.956820854965336,-14.52238267632806,63.96000146209953
147.46525335123368,23.617580364009317,1.0000000000000064,16.956664824943996,-14.524283321153622,64.05785017646872
147.47614238282375,23.61678138246119,1.0000000000000064,16.956508044438213,-14.52618377068077,64.15591322293469
147.48703123483952,23.6159807109363,1.0000000000000067,16.956350514273485,-14.528084025917618,64.25419088122814
147.49791990689607,23.615178348825665,1.0000000000000064,16.95619223527499,-14.52998408787251,64.35268343107975
147.50880839860832,23.61437429552041,1.0000000000000067,16.95603320826757,-14.531883957553983,64.45139115222027
147.51969670959093,23.613568550411735,1.0000000000000064,16.95587343407579,-14.533783635970838,64.55031432438027
147.5305848394585,23.61276111289088,1.0000000000000067,16.955712913523893,-14.535683124132067,64.64945322729056
147.54147278782543,23.61195198234921,1.0000000000000064,16.955551647435772,-14.537582423046917,64.74880814068175
147.5523605543059,23.61114115817813,1.0000000000000064,16.955389636635058,-14.539481533724825,64.84837934428458
147.56324813851398,23.610328639769136,1.0000000000000064,16.95522688194503,-14.541380457175482,64.9481671178297
147.57413554006354,23.609514426513798,1.0000000000000064,16.955063384188666,-14.54327919440879,65.04817174104784
147.5850227585683,23.608698517803777,1.0000000000000067,16.95489914418863,-14.545177746434877,65.14839349366966
147.59590979364185,23.607880913030773,1.0000000000000067,16.95473416276727,-14.547076114264097,65.24883265542587
147.60679664489754,23.6070616115866,1.0000000000000069,16.954568440746616,-14.548974298907034,65.34948950604716
147.61768331194858,23.60624061286314,1.0000000000000067,16.95440197894841,-14.550872301374483,65.45036432526418
147.62856979440804,23.605417916252335,1.0000000000000067,16.954234778194042,-14.55277012267748,65.55145739280765
147.63945609188875,23.604593521146207,1.0000000000000069,16.954066839304602,-14.554667763827258,65.65276898840827
147.6503422040035,23.603767426936876,1.0000000000000067,16.953898163100884,-14.556565225835318,65.75429939179675
147.6612281303648,23.602939633016515,1.0000000000000067,16.95372875040332,-14.558462509713342,65.85604888270369
147.67211387058504,23.602110138777373,1.0000000000000069,16.953558602032086,-14.560359616473253,65.95801774085989
147.68299942427646,23.601278943611813,1.0000000000000067,16.95338771880701,-14.562256547127218,66.06020624599596
147.6938847910511,23.600446046912214,1.0000000000000069,16.953216101547614,-14.564153302687595,66.16261467784267
147.70476997052083,23.599611448071084,1.0000000000000067,16.95304375107309,-14.56604988416699,66.26524331613062
147.71565496229738,23.59877514648098,1.0000000000000067,16.952870668202344,-14.567946292578217,66.36809244059054
147.7265397659923,23.59793714153454,1.0000000000000069,16.952696853753935,-14.569842528934323,66.47116233095315
147.737424381217,23.597097432624487,1.0000000000000067,16.952522308546133,-14.571738594248586,66.57445326694904
147.74830880758267,23.596256019143613,1.0000000000000067,16.95234703339689,-14.573634489534498,66.677965528309
147.75919304470042,23.595412900484785,1.0000000000000067,16.95217102912382,-14.575530215805777,66.78169939476369
147.7700770921811,23.594568076040954,1.0000000000000067,16.95199429654425,-14.577425774076367,66.8856551460438
147.78096094963547,23.59372154520514,1.0000000000000069,16.95181683647519,-14.579321165360426,66.98983306188002
147.7918446166741,23.59287330737045,1.0000000000000067,16.951638649733297,-14.58121639067237,67.09423342200307
147.80272809290733,23.592023361930053,1.0000000000000069,16.951459737134968,-14.583111451026786,67.19885650614357
147.81361137794545,23.59117170827722,1.0000000000000069,16.95128009949624,-14.585006347438537,67.30370259403223
147.82449447139854,23.59031834580525,1.0000000000000069,16.951099737632873,-14.58690108092267,67.40877196539978
147.83537737287645,23.589463273907587,1.0000000000000069,16.950918652360283,-14.58879565249449,67.5140648999769
147.846260081989,23.58860649197769,1.0000000000000067,16.950736844493573,-14.5906900631695,67.61958167749424
147.8571425983457,23.587747999409125,1.0000000000000069,16.95055431484753,-14.592584313963435,67.72532257768258
147.86802492155599,23.586887795595544,1.000000000000007,16.950371064236663,-14.594478405892257,67.8312878802725
147.8789070512291,23.58602587993066,1.0000000000000069,16.95018709347512,-14.59637233997216,67.93747786499469
147.88978898697417,23.58516225180824,1.000000000000007,16.95000240337673,-14.598266117219536,68.04389281157991
147.90067072840006,23.58429691062218,1.0000000000000069,16.949816994755064,-14.600159738651037,68.15053299975887
147.91155227511558,23.583429855766415,1.0000000000000069,16.94963086842331,-14.602053205283509,68.25739870926222
147.9224336267293,23.582561086634968,1.000000000000007,16.949444025194374,-14.603946518134027,68.36449021982061
147.93331478284964,23.58169060262195,1.000000000000007,16.949256465880854,-14.60583967821991,68.47180781116475
147.9441957430849,23.58081840312152,1.000000000000007,16.949068191294998,-14.607732686558684,68.57935176302547
147.95507650704317,23.57994448752795,1.000000000000007,16.948879202248783,-14.609625544168093,68.68712235513318
147.96595707433238,23.579068855235562,1.0000000000000069,16.948689499553844,-14.61151825206613,68.79511986721879
147.97683744456035,23.578191505638763,1.0000000000000069,16.948499084021492,-14.613410811270978,68.90334457901291
147.98771761733465,23.577312438132047,1.0000000000000069,16.948307956462756,-14.61530322280107,69.01179677024628
147.99859759226277,23.57643165210997,1.000000000000007,16.948116117688304,-14.617195487675051,69.12047672064949
148.009477368952,23.57554914696717,1.0000000000000069,16.947923568508514,-14.619087606911805,69.22938470995338
148.02035694700945,23.574664922098368,1.0000000000000069,16.94773030973346,-14.62097958153042,69.33852101788851
148.0312363260421,23.57377897689836,1.0000000000000069,16.947536342172874,-14.62287141255021,69.44788592418561
148.04211550565677,23.57289131076202,1.000000000000007,16.947341666636177,-14.624763100990725,69.55747970857539
148.0529944854601,23.572001923084287,1.000000000000007,16.947146283932497,-14.626654647871739,69.66730265078853
148.06387326505853,23.57111081326019,1.0000000000000069,16.94695019487063,-14.628546054213237,69.77735503055565
148.07475184405843,23.57021798068485,1.0000000000000069,16.94675340025903,-14.63043732103544,69.88763712760759
148.08563022206593,23.56932342475342,1.000000000000007,16.946555900905874,-14.632328449358775,69.99814922167492
148.09650839868706,23.568427144861182,1.0000000000000069,16.94635769761902,-14.634219440203921,70.10889159248838
148.10738637352765,23.567529140403455,1.0000000000000073,16.94615879120597,-14.636110294591754,70.2198645197786
148.11826414619333,23.566629410775665,1.0000000000000073,16.945959182473967,-14.638001013543386,70.33106828327637
148.12914171628964,23.565727955373294,1.000000000000007,16.945758872229906,-14.639891598080158,70.44250316271227
148.14001908342198,23.564824773591916,1.000000000000007,16.945557861280335,-14.64178204922362,70.5541694378171
148.15089624719548,23.563919864827174,1.000000000000007,16.945356150431543,-14.643672367995556,70.66606738832147
148.1617732072152,23.563013228474787,1.000000000000007,16.945153740489477,-14.645562555417971,70.77819729395607
148.172649963086,23.56210486393056,1.0000000000000069,16.94495063225976,-14.647452612513096,70.89055943445166
148.18352651441256,23.561194770590376,1.000000000000007,16.94474682654772,-14.649342540303378,71.00315408953881
148.1944028607995,23.560282947850183,1.000000000000007,16.94454232415833,-14.6512323398115,71.11598153894835
148.20527900185112,23.55936939510601,1.000000000000007,16.944337125896293,-14.653122012060352,71.2290420624109
148.21615493717175,23.55845411175398,1.0000000000000073,16.944131232565955,-14.655011558073063,71.34233593965709
148.22703066636538,23.55753709719028,1.000000000000007,16.943924644971386,-14.656900978872986,71.45586345041768
148.23790618903598,23.556618350811167,1.0000000000000073,16.943717363916285,-14.658790275483682,71.56962487442344
148.24878150478727,23.555697872012995,1.000000000000007,16.943509390204095,-14.660679448928953,71.68362049140487
148.25965661322283,23.55477566019218,1.0000000000000073,16.943300724637893,-14.662568500232805,71.79785058109285
148.27053151394608,23.553851714745228,1.0000000000000073,16.943091368020472,-14.664457430419485,71.91231542321792
148.28140620656035,23.552926035068705,1.000000000000007,16.942881321154292,-14.666346240513462,72.0270152975109
148.29228069066866,23.551998620559278,1.000000000000007,16.942670584841483,-14.668234931539416,72.14195048370233
148.30315496587406,23.551069470613673,1.000000000000007,16.94245915988389,-14.670123504522266,72.25712126152305
148.31402903177928,23.550138584628698,1.000000000000007,16.942247047083015,-14.672011960487131,72.37252791070364
148.32490288798695,23.549205962001242,1.0000000000000073,16.942034247240045,-14.673900300459376,72.48817071097481
148.3357765340996,23.54827160212828,1.000000000000007,16.94182076115587,-14.675788525464595,72.60404994206732
148.34664996971952,23.547335504406853,1.0000000000000073,16.941606589631043,-14.677676636528577,72.72016588371177
148.35752319444882,23.546397668234075,1.0000000000000075,16.941391733465817,-14.679564634677355,72.83651881563891
148.3683962078896,23.545458093007156,1.0000000000000075,16.941176193460095,-14.681452520937185,72.95310901757942
148.3792690096436,23.54451677812337,1.0000000000000073,16.94095997041351,-14.683340296334528,73.06993676926395
148.39014159931256,23.54357372298007,1.0000000000000075,16.940743065125318,-14.685227961896096,73.18700235042328
148.40101397649798,23.542628926974697,1.0000000000000073,16.940525478394523,-14.687115518648806,73.30430604078798
148.41188614080127,23.541682389504757,1.0000000000000075,16.940307211019753,-14.689002967619796,73.42184812008882
148.4227580918236,23.54073410996784,1.0000000000000075,16.940088263799364,-14.690890309836437,73.5396288680565
148.43362982916605,23.53978408776162,1.0000000000000075,16.93986863753137,-14.692777546326322,73.65764856442163
148.44450135242946,23.538832322283834,1.0000000000000073,16.939648333013476,-14.694664678117263,73.77590748891497
148.45537266121465,23.537878812932327,1.0000000000000075,16.939427351043044,-14.696551706237301,73.89440592126722
148.46624375512212,23.53692355910497,1.0000000000000075,16.939205692417172,-14.69843863171469,74.01314414120905
148.47711463375236,23.535966560199764,1.0000000000000073,16.93898335793259,-14.700325455577918,74.13212242847106
148.48798529670557,23.535007815614765,1.0000000000000073,16.938760348385728,-14.702212178855685,74.25134106278405
148.4988557435819,23.5340473247481,1.0000000000000075,16.938536664572702,-14.704098802576922,74.37080032387871
148.50972597398132,23.533085086998007,1.0000000000000073,16.938312307289298,-14.705985327770788,74.49050049148565
148.52059598750355,23.53212110176276,1.0000000000000073,16.938087277331018,-14.707871755466655,74.61044184533564
148.53146578374833,23.531155368440732,1.0000000000000073,16.937861575492988,-14.709758086694125,74.73062466515938
148.54233536231504,23.53018788643038,1.0000000000000075,16.93763520257008,-14.711644322483007,74.85104923068742
148.55320472280312,23.529218655130226,1.0000000000000073,16.937408159356785,-14.713530463863364,74.97171582165065
148.5640738648116,23.52824767393889,1.0000000000000075,16.937180446647318,-14.71541651186545,75.09262471777964
148.5749427879396,23.527274942255033,1.0000000000000075,16.936952065235587,-14.717302467519762,75.21377619880502
148.58581149178593,23.526300459477437,1.0000000000000078,16.93672301591513,-14.719188331857,75.3351705444576
148.59667997594931,23.52532422500494,1.0000000000000075,16.936493299479217,-14.72107410590813,75.45680803446804
148.6075482400283,23.524346238236454,1.0000000000000075,16.936262916720768,-14.722959790704284,75.57868894856706
148.61841628362126,23.523366498570994,1.0000000000000078,16.936031868432387,-14.72484538727685,75.7008135664852
148.62928410632645,23.52238500540762,1.0000000000000078,16.935800155406387,-14.726730896657443,75.82318216795335
148.64015170774192,23.521401758145497,1.0000000000000075,16.935567778434756,-14.728616319877883,75.94579503270207
148.65101908746564,23.520416756183856,1.0000000000000078,16.93533473830911,-14.730501657970223,76.06865244046213
148.6618862450953,23.51942999892201,1.0000000000000078,16.935101035820825,-14.732386911966739,76.19175467096407
148.6727531802286,23.518441485759347,1.0000000000000075,16.934866671760904,-14.734272082899924,76.31510200393879
148.68361989246296,23.517451216095342,1.0000000000000075,16.93463164692006,-14.736157171802503,76.43869471911684
148.69448638139568,23.516459189329538,1.0000000000000078,16.934395962088672,-14.738042179707401,76.56253309622892
148.7053526466239,23.515465404861562,1.0000000000000078,16.93415961805679,-14.739927107647805,76.68661741500581
148.71621868774469,23.51446986209113,1.0000000000000075,16.933922615614183,-14.741811956657099,76.8109479551781
