galstreams/tracks/track.st.LMS-1.malhan2021.ecsv
# %ECSV 0.9
# ---
# datatype:
# - {name: ra, unit: deg, datatype: float64}
# - {name: dec, unit: deg, datatype: float64}
# - {name: distance, unit: kpc, datatype: float64}
# - {name: pm_ra_cosdec, unit: mas / yr, datatype: float64}
# - {name: pm_dec, unit: mas / yr, datatype: float64}
# - {name: radial_velocity, unit: km / s, datatype: float64}
# delimiter: ','
# meta: !!omap
# - __serialized_columns__:
#     dec:
#       __class__: astropy.coordinates.angles.Latitude
#       unit: &id001 !astropy.units.Unit {unit: deg}
#       value: !astropy.table.SerializedColumn {name: dec}
#     distance:
#       __class__: astropy.coordinates.distances.Distance
#       unit: !astropy.units.Unit {unit: kpc}
#       value: !astropy.table.SerializedColumn {name: distance}
#     pm_dec:
#       __class__: astropy.units.quantity.Quantity
#       unit: !astropy.units.Unit {unit: mas / yr}
#       value: !astropy.table.SerializedColumn {name: pm_dec}
#     pm_ra_cosdec:
#       __class__: astropy.units.quantity.Quantity
#       unit: !astropy.units.Unit {unit: mas / yr}
#       value: !astropy.table.SerializedColumn {name: pm_ra_cosdec}
#     ra:
#       __class__: astropy.coordinates.angles.Longitude
#       unit: *id001
#       value: !astropy.table.SerializedColumn {name: ra}
#       wrap_angle: !astropy.coordinates.Angle
#         unit: *id001
#         value: 360.0
#     radial_velocity:
#       __class__: astropy.units.quantity.Quantity
#       unit: !astropy.units.Unit {unit: km / s}
#       value: !astropy.table.SerializedColumn {name: radial_velocity}
# schema: astropy-2.0
ra,dec,distance,pm_ra_cosdec,pm_dec,radial_velocity
[from data line 2242]
215.59088776979468,25.80625024756942,19.000000000000014,-0.08976592473951339,-1.2922806953513306,-79.5671583709695
215.6010526408551,25.810597636560185,19.00000000000001,-0.08949253509910815,-1.2923939777434088,-79.61166787141852
215.6112187874804,25.814943246881217,19.000000000000014,-0.0892191794469716,-1.292507201276667,-79.65613019606378
215.621386210529,25.81928707621079,19.00000000000001,-0.08894585780018471,-1.2926203662369637,-79.70054535402132
215.63155491085814,25.8236291222273,19.00000000000001,-0.08867257017577883,-1.2927334729106832,-79.74491335447225
215.641724889324,25.827969382609314,19.000000000000014,-0.0883993165907379,-1.2928465215847345,-79.78923420666267
215.65189614678167,25.832307855035527,19.00000000000001,-0.08812609706199634,-1.2929595125465512,-79.83350791990364
215.66206868408528,25.836644537184903,19.00000000000001,-0.08785291160644342,-1.2930724460840861,-79.87773450357136
215.67224250208784,25.840979426736453,19.000000000000014,-0.08757976024091987,-1.2931853224858143,-79.92191396710685
215.68241760164122,25.845312521369454,19.00000000000001,-0.08730664298222028,-1.2932981420407297,-79.96604632001605
215.69259398359623,25.849643818763344,19.000000000000014,-0.08703355984709342,-1.2934109050383413,-80.01013157187
215.7027716488026,25.853973316597745,19.00000000000001,-0.08676051085224254,-1.293523611768677,-80.0541697323044
215.71295059810905,25.858301012552506,19.00000000000001,-0.08648749601432648,-1.2936362625222757,-80.0981608110201
215.723130832363,25.862626904307657,19.00000000000001,-0.08621451534995954,-1.2937488575901894,-80.14210481778254
215.73331235241108,25.866950989543447,19.00000000000001,-0.08594156887571161,-1.2938613972639825,-80.18600176242204
215.74349515909853,25.871273265940353,19.000000000000014,-0.08566865660810949,-1.2939738818357274,-80.22985165483394
215.75367925326964,25.87559373117907,19.000000000000014,-0.08539577856363742,-1.2940863115980044,-80.27365450497801
215.76386463576756,25.879912382940514,19.00000000000001,-0.08512293475873652,-1.294198686843901,-80.3174103228791
215.7740513074343,25.884229218905872,19.00000000000001,-0.08485012520980699,-1.294311007867009,-80.36111911862662
215.78423926911077,25.888544236756537,19.00000000000001,-0.08457734993320652,-1.2944232749614224,-80.40478090237465
215.7944285216368,25.89285743417417,19.00000000000001,-0.08430460894525309,-1.2945354884217377,-80.44839568434224
215.80461906585106,25.89716880884069,19.000000000000014,-0.08403190226222303,-1.2946476485430518,-80.49196347481279
215.81481090259106,25.901478358438258,19.00000000000001,-0.08375922990035395,-1.2947597556209598,-80.53548428413445
215.82500403269324,25.90578608064933,19.00000000000001,-0.08348659187584268,-1.2948718099515533,-80.57895812272007
215.83519845699288,25.910091973156625,19.000000000000007,-0.08321398820484883,-1.29498381183142,-80.62238500104702
215.84539417632413,25.91439603364315,19.00000000000001,-0.08294141890349199,-1.2950957615576408,-80.66576492965734
215.85559119151998,25.918698259792187,19.000000000000014,-0.0826688839878548,-1.295207659427789,-80.7090979191575
215.8657895034123,25.922998649287308,19.00000000000001,-0.08239638347398197,-1.2953195057399298,-80.75238398021853
215.87598911283177,25.927297199812408,19.00000000000001,-0.0821239173778817,-1.295431300792616,-80.79562312357606
215.88619002060796,25.931593909051667,19.000000000000014,-0.08185148571552524,-1.295543044884888,-80.83881536003013
215.89639222756927,25.935888774689577,19.00000000000001,-0.08157908850284856,-1.2956547383162744,-80.88196070044519
215.90659573454292,25.94018179441098,19.00000000000001,-0.08130672575575106,-1.2957663813867861,-80.92505915575035
215.91680054235502,25.944472965900996,19.00000000000001,-0.08103439749009846,-1.2958779743969173,-80.9681107369389
215.92700665183045,25.9487622868451,19.000000000000014,-0.08076210372172081,-1.2959895176476448,-81.01111545506863
215.93721406379294,25.95304975492911,19.00000000000001,-0.08048984446641497,-1.2961010114404248,-81.05407332126171
215.94742277906508,25.957335367839185,19.00000000000001,-0.08021761973994401,-1.2962124560771906,-81.09698434670459
215.9576327984682,25.961619123261812,19.00000000000001,-0.07994542955803785,-1.2963238518603537,-81.1398485426482
215.96784412282253,25.965901018883862,19.00000000000001,-0.07967327393639409,-1.2964351990928005,-81.18266592040759
215.9780567529471,25.970181052392565,19.000000000000014,-0.07940115289067853,-1.2965464980778896,-81.22543649136222
215.98827068965974,25.974459221475488,19.000000000000007,-0.0791290664365242,-1.2966577491194553,-81.26816026695576
215.99848593377706,25.978735523820607,19.000000000000014,-0.0788570145895347,-1.2967689525217967,-81.31083725869608
216.00870248611446,25.983009957116273,19.00000000000001,-0.07858499736528175,-1.2968801085896884,-81.3534674781554
216.01892034748624,25.987282519051206,19.00000000000001,-0.0783130147793078,-1.296991217628367,-81.39605093697003
216.0291395187054,25.99155320731455,19.00000000000001,-0.07804106684712514,-1.2971022799435377,-81.4385876468404
216.03936000058374,25.99582201959582,19.00000000000001,-0.07776915358421732,-1.2972132958413694,-81.48107761953119
216.0495817939319,26.00008895358495,19.000000000000014,-0.07749727500603858,-1.2973242656284933,-81.5235208668712
216.05980489955925,26.004354006972257,19.00000000000001,-0.07722543112801561,-1.2974351896120038,-81.56591740075321
216.07002931827398,26.00861717744856,19.000000000000014,-0.07695362196554771,-1.2975460680994508,-81.60826723313428
216.0802550508831,26.01287846270501,19.00000000000001,-0.07668184753400638,-1.297656901398847,-81.65057037603528
216.0904820981923,26.017137860433238,19.00000000000001,-0.07641010784873592,-1.297767689818658,-81.69282684154133
216.10071046100606,26.021395368325294,19.00000000000001,-0.07613840292505542,-1.2978784336678064,-81.73503664180144
216.11094014012767,26.025650984073682,19.00000000000001,-0.0758667327782575,-1.2979891332556661,-81.77719978902867
216.12117113635915,26.029904705371347,19.000000000000014,-0.07559509742360998,-1.2980997888920651,-81.8193162955
216.1314034505013,26.034156529911694,19.00000000000001,-0.0753234968763557,-1.2982104008872817,-81.86138617355638
216.14163708335363,26.038406455388593,19.00000000000001,-0.07505193115171255,-1.2983209695520401,-81.90340943560263
216.15187203571452,26.04265447949638,19.00000000000001,-0.07478040026487523,-1.2984314951975144,-81.94538609410758
216.1621083083809,26.046900599929877,19.00000000000001,-0.07450890423101544,-1.2985419781353225,-81.9873161616038
216.1723459021487,26.05114481438435,19.000000000000014,-0.07423744306528107,-1.2986524186775277,-82.02919965068776
216.1825848178123,26.05538712055561,19.00000000000001,-0.07396601678279771,-1.2987628171366354,-82.07103657401984
216.19282505616513,26.059627516139916,19.000000000000014,-0.07369462539866971,-1.2988731738255908,-82.1128269443241
216.20306661799907,26.06386599883404,19.00000000000001,-0.0734232689279794,-1.2989834890577798,-82.15457077438847
216.2133095041049,26.068102566335266,19.00000000000001,-0.0731519473857883,-1.2990937631470256,-82.1962680770646
216.22355371527212,26.072337216341396,19.00000000000001,-0.07288066078713681,-1.299203996407587,-82.23791886526789
216.2337992522889,26.076569946550737,19.000000000000014,-0.07260940914704621,-1.2993141891541575,-82.27952315197753
216.2440461159421,26.080800754662118,19.00000000000001,-0.07233819248051733,-1.2994243417018654,-82.32108095023617
216.25429430701743,26.085029638374923,19.00000000000001,-0.07206701080253286,-1.2995344543662681,-82.36259227315045
216.26454382629913,26.089256595389053,19.00000000000001,-0.07179586412805576,-1.2996445274633546,-82.40405713389036
216.27479467457033,26.09348162340495,19.00000000000001,-0.07152475247203152,-1.2997545613095411,-82.44547554568979
216.28504685261274,26.097704720123634,19.00000000000001,-0.07125367584938769,-1.299864556221672,-82.48684752184599
216.2953003612068,26.101925883246647,19.00000000000001,-0.07098263427503489,-1.299974512517016,-82.52817307571996
216.3055552011317,26.10614511047613,19.00000000000001,-0.07071162776386652,-1.3000844305132648,-82.56945222073614
216.31581137316527,26.11036239951475,19.000000000000014,-0.07044065633075954,-1.300194310528534,-82.61068497038258
216.32606887808402,26.114577748065784,19.000000000000014,-0.0701697199905762,-1.3003041528813588,-82.65187133821082
216.33632771666325,26.118791153833097,19.00000000000001,-0.06989881875816217,-1.300413957890693,-82.69301133783587
216.3465878896768,26.123002614521095,19.00000000000001,-0.06962795264834845,-1.3005237258759084,-82.73410498293623
216.3568493978973,26.127212127834834,19.00000000000001,-0.06935712167595248,-1.3006334571567926,-82.77515228725383
216.367112242096,26.13141969147994,19.00000000000001,-0.06908632585577648,-1.3007431520535477,-82.81615326459404
216.37737642304285,26.13562530316266,19.000000000000014,-0.0688155652026099,-1.3008528108867874,-82.8571079288256
216.38764194150642,26.139828960589835,19.000000000000014,-0.06854483973122942,-1.300962433977538,-82.89801629388067
216.39790879825406,26.144030661468932,19.00000000000001,-0.06827414945639836,-1.3010720216472351,-82.93887837375465
216.40817699405167,26.14823040350807,19.00000000000001,-0.06800349439286854,-1.3011815742177217,-82.97969418250646
216.41844652966384,26.152428184415964,19.000000000000014,-0.06773287455538,-1.3012910920112466,-83.02046373425809
216.42871740585383,26.156624001902,19.000000000000014,-0.06746228995866146,-1.3014005753504658,-83.06118704319505
216.4389896233836,26.160817853676186,19.000000000000014,-0.06719174061743025,-1.3015100245584372,-83.10186412356596
216.44926318301364,26.165009737449186,19.00000000000001,-0.06692122654639542,-1.3016194399586203,-83.14249498968275
216.45953808550317,26.16919965093233,19.000000000000014,-0.06665074776025397,-1.3017288218748746,-83.18307965592051
216.46981433161002,26.173387591837603,19.000000000000014,-0.06638030427369548,-1.3018381706314592,-83.22361813671759
216.48009192209068,26.177573557877665,19.000000000000014,-0.066109896101399,-1.3019474865530298,-83.26411044657542
216.49037085770033,26.18175754676586,19.000000000000014,-0.06583952325803603,-1.302056769964637,-83.30455660005867
216.5006511391926,26.185939556216194,19.000000000000014,-0.06556918575827032,-1.3021660211917263,-83.34495661179508
216.51093276731996,26.190119583943385,19.000000000000014,-0.0652988836167571,-1.3022752405601346,-83.38531049647554
216.52121574283328,26.194297627662813,19.00000000000001,-0.06502861684814523,-1.3023844283960913,-83.425618268854
216.53150006648235,26.19847368509063,19.000000000000014,-0.06475838546707764,-1.3024935850262116,-83.46587994374741
216.5417857390153,26.202647753943623,19.000000000000014,-0.06448818948819031,-1.3026027107775022,-83.50609553603586
216.55207276117898,26.206819831939328,19.00000000000001,-0.06421802892611328,-1.3027118059773541,-83.54626506066236
216.56236113371887,26.210989916795995,19.000000000000014,-0.0639479037954715,-1.302820870953542,-83.58638853263292
216.57265085737905,26.215158006232606,19.000000000000018,-0.063677814110886,-1.3029299060342248,-83.62646596701664
216.58294193290217,26.21932409796886,19.000000000000018,-0.06340775988697231,-1.3030389115479417,-83.66649737894537
216.59323436102946,26.22348818972522,19.000000000000014,-0.06313774113834282,-1.303147887823614,-83.70648278361404
216.60352814250083,26.227650279222885,19.000000000000018,-0.06286775787960608,-1.3032568351905378,-83.74642219628038
216.6138232780547,26.231810364183804,19.000000000000014,-0.06259781012536836,-1.3033657539783887,-83.78631563226506
216.62411976842813,26.23596844233069,19.000000000000014,-0.06232789789023221,-1.3034746445172156,-83.82616310695161
216.63441761435675,26.240124511387005,19.000000000000014,-0.062058021188799675,-1.303583507137441,-83.8659646357863
216.64471681657474,26.244278569077014,19.000000000000014,-0.061788180035669556,-1.3036923421698614,-83.90572023427829
216.65501737581496,26.248430613125745,19.000000000000018,-0.06151837444544015,-1.3038011499456406,-83.94542991799949
216.66531929280865,26.25258064125899,19.000000000000014,-0.061248604432710435,-1.303909930796314,-83.98509370258456
216.67562256828586,26.256728651203368,19.000000000000018,-0.06097887001207606,-1.3040186850537823,-84.02471160373099
216.68592720297505,26.260874640686264,19.000000000000014,-0.060709171198136215,-1.3041274130503127,-84.0642836371989
216.69623319760325,26.2650186074359,19.000000000000018,-0.06043950800548807,-1.3042361151185349,-84.10380981881114
216.70654055289614,26.26916054918128,19.000000000000018,-0.06016988044873123,-1.3043447915914437,-84.1432901644532
216.71684926957786,26.273300463652212,19.000000000000018,-0.059900288542466346,-1.3044534428023937,-84.1827246900732
216.72715934837117,26.277438348579388,19.000000000000018,-0.05963073230129616,-1.3045620690850974,-84.22211341168199
216.7374707899974,26.281574201694262,19.000000000000018,-0.05936121173982573,-1.304670670773627,-84.26145634535294
216.7477835951763,26.28570802072915,19.000000000000018,-0.0590917268726631,-1.3047792482024105,-84.30075350722201
216.75809776462629,26.28983980341722,19.000000000000018,-0.05882227771441939,-1.3048878017062295,-84.34000491348772
216.76841329906432,26.293969547492477,19.000000000000018,-0.05855286427970984,-1.3049963316202198,-84.37921058041114
216.77873019920577,26.29809725068978,19.000000000000014,-0.058283486583153285,-1.3051048382798678,-84.41837052431589
216.7890484657647,26.302222910744838,19.000000000000018,-0.058014144639373405,-1.3052133220210105,-84.45748476158795
216.79936809945357,26.306346525394268,19.00000000000001,-0.05774483846299951,-1.3053217831798327,-84.4965533086759
216.8096891009835,26.310468092375515,19.000000000000014,-0.057475568068665384,-1.3054302220928662,-84.53557618209078
216.82001147106396,26.31458760942693,19.000000000000014,-0.057206333471011256,-1.3055386390969876,-84.57455339840594
216.83033521040312,26.318705074287728,19.000000000000014,-0.05693713468468422,-1.3056470345294175,-84.61348497425713
216.84066031970752,26.32282048469805,19.000000000000018,-0.05666797172433695,-1.3057554087277186,-84.65237092634266
216.85098679968232,26.326933838398915,19.000000000000014,-0.05639884460463024,-1.3058637620297937,-84.69121127142296
216.8613146510311,26.331045133132232,19.000000000000014,-0.056129753340232624,-1.3059720947738847,-84.7300060263209
216.87164387445603,26.33515436664086,19.000000000000014,-0.05586069794582034,-1.3060804072985692,-84.7687552079217
216.88197447065772,26.33926153666856,19.000000000000014,-0.05559167843607844,-1.3061886999427639,-84.80745883317282
216.89230644033532,26.34336664096,19.000000000000014,-0.05532269482570085,-1.3062969730457163,-84.84611691908395
216.90263978418642,26.347469677260793,19.000000000000014,-0.05505374712939075,-1.3064052269470088,-84.88472948272707
216.91297450290716,26.3515706433175,19.000000000000014,-0.05478483536186157,-1.3065134619865524,-84.92329654123635
216.92331059719217,26.355669536877617,19.000000000000018,-0.05451595953783661,-1.3066216785045894,-84.96181811180823
216.9336480677344,26.359766355689565,19.00000000000001,-0.054247119672050134,-1.30672987684169,-85.00029421170117
216.94398691522562,26.363861097502788,19.000000000000018,-0.053978315779247735,-1.3068380573387484,-85.03872485823597
216.95432714035582,26.36795376006763,19.000000000000018,-0.053709547874186414,-1.3069462203369864,-85.07711006879538
216.96466874381346,26.372044341135425,19.000000000000014,-0.053440815971634914,-1.307054366177947,-85.11544986082434
216.9750117262856,26.376132838458485,19.000000000000018,-0.05317212008637463,-1.3071624952034944,-85.15374425182995
216.98535608845765,26.380219249790116,19.000000000000014,-0.05290346023320004,-1.3072706077558145,-85.19199325938122
216.9957018310136,26.384303572884587,19.000000000000014,-0.052634836426918574,-1.3073787041774096,-85.23019690110925
