galstreams/tracks/track.st.Gaia-7.ibata2021.ecsv
# %ECSV 0.9
# ---
# datatype:
# - {name: ra, unit: deg, datatype: float64}
# - {name: dec, unit: deg, datatype: float64}
# - {name: distance, unit: kpc, datatype: float64}
# - {name: pm_ra_cosdec, unit: mas / yr, datatype: float64}
# - {name: pm_dec, unit: mas / yr, datatype: float64}
# - {name: radial_velocity, unit: km / s, datatype: float64}
# delimiter: ','
# meta: !!omap
# - __serialized_columns__:
#     dec:
#       __class__: astropy.coordinates.angles.Latitude
#       unit: &id001 !astropy.units.Unit {unit: deg}
#       value: !astropy.table.SerializedColumn {name: dec}
#     distance:
#       __class__: astropy.coordinates.distances.Distance
#       unit: !astropy.units.Unit {unit: kpc}
#       value: !astropy.table.SerializedColumn {name: distance}
#     pm_dec:
#       __class__: astropy.units.quantity.Quantity
#       unit: !astropy.units.Unit {unit: mas / yr}
#       value: !astropy.table.SerializedColumn {name: pm_dec}
#     pm_ra_cosdec:
#       __class__: astropy.units.quantity.Quantity
#       unit: !astropy.units.Unit {unit: mas / yr}
#       value: !astropy.table.SerializedColumn {name: pm_ra_cosdec}
#     ra:
#       __class__: astropy.coordinates.angles.Longitude
#       unit: *id001
#       value: !astropy.table.SerializedColumn {name: ra}
#       wrap_angle: !astropy.coordinates.Angle
#         unit: *id001
#         value: 360.0
#     radial_velocity:
#       __class__: astropy.units.quantity.Quantity
#       unit: !astropy.units.Unit {unit: km / s}
#       value: !astropy.table.SerializedColumn {name: radial_velocity}
# schema: astropy-2.0
ra,dec,distance,pm_ra_cosdec,pm_dec,radial_velocity
[from data line 951]
180.8979872709825,-15.966009978449469,4.899101435661345,-10.147598239065944,-0.1584394340018899,7.512903173682977e-14
180.90440876321128,-15.973887352318657,4.899640540848608,-10.148298922606582,-0.15769648492831795,5.460341185776594e-14
180.91083118848837,-15.98176421880574,4.9001794447810205,-10.148999579005515,-0.15695682360827676,3.013055738657446e-14
180.9172545483059,-15.989640576882461,4.900718145631273,-10.149700203632195,-0.15622045855657876,8.670758654040424e-14
180.92367884415623,-15.997516425520342,4.901256641572054,-10.150400791854702,-0.15548739828762878,2.920953598174467e-14
180.9301040775318,-16.005391763690692,4.90179493077606,-10.151101339039732,-0.1547576513154299,5.1708773156872326e-14
180.93653024992526,-16.013266590364605,4.902333011415982,-10.151801840552608,-0.15403122615358184,3.526196235634042e-14
180.94295736282925,-16.021140904512972,4.902870881664508,-10.152502291757276,-0.15330813131527848,6.44714983380851e-14
180.94938541773675,-16.029014705106455,4.903408539694333,-10.153202688016274,-0.15258837531330233,1.197327826278723e-14
180.9558144161407,-16.03688799111549,4.903945983678148,-10.153903024690786,-0.15187196666003466,4.5261623323063815e-14
180.96224435953428,-16.04476076151034,4.904483211788641,-10.154603297140595,-0.1511589138674381,4.1445963217340416e-14
180.96867524941078,-16.052633015261,4.905020222198506,-10.155303500724091,-0.15044922544707276,1.1196988793002124e-13
180.97510708726364,-16.060504751337287,4.905557013080436,-10.156003630798274,-0.14974290991008948,5.3682390452936155e-14
180.9815398745864,-16.06837596870879,4.906093582607121,-10.156703682718756,-0.1490399757672185,6.49977962837021e-14
180.9879736128728,-16.076246666344876,4.9066299289512525,-10.157403651839756,-0.1483404315287854,1.4867916963680847e-14
180.99440830361664,-16.084116843214698,4.907166050285521,-10.158103533514085,-0.14764428570469634,1.0697005744665955e-13
181.00084394831194,-16.091986498287206,4.907701944782621,-10.15880332309316,-0.14695154680444436,8.97337997277021e-14
181.0072805484528,-16.0998556305311,4.90823761061524,-10.15950301592701,-0.14626222333711034,5.2761369048106366e-14
181.0137181055335,-16.107724238914898,4.908773045956073,-10.160202607364234,-0.14557632381135321,3.131472776421276e-14
181.02015662104841,-16.115592322406886,4.9093082489778075,-10.160902092752057,-0.14489385673541386,1.0302282285453189e-13
181.02659609649209,-16.123459879975126,4.909843217853139,-10.161601467436268,-0.1442148306171175,9.420733226544678e-14
181.0330365333592,-16.131326910587468,4.910377950754756,-10.162300726761268,-0.14353925396386974,8.052358567940423e-14
181.03947793314458,-16.13919341321154,4.910912445855353,-10.16299986607004,-0.14286713528265071,4.999830483361701e-14
181.04592029734312,-16.14705938681477,4.91144670132762,-10.163698880704155,-0.1421984830800233,8.341822438029786e-14
181.05236362744998,-16.154924830364337,4.9119807153442485,-10.164397766003765,-0.14153330586212498,5.947166785472339e-14
181.05880792496035,-16.16278974282722,4.912514486077929,-10.165096517307614,-0.14087161213467295,4.1445963217340416e-14
181.06525319136958,-16.170654123170177,4.913048011701353,-10.16579512995302,-0.14021341040295277,1.1223303690282976e-13
181.0716994281732,-16.178517970359728,4.9135812903872145,-10.166493599275878,-0.1395587091718297,8.433924578512764e-14
181.07814663686688,-16.18638128336221,4.914114320308202,-10.167191920610676,-0.13890751694574394,6.381362590606382e-14
181.08459481894636,-16.194244061143706,4.914647099637008,-10.167890089290458,-0.13825984222869903,3.4209366465106376e-14
181.09104397590755,-16.202106302670092,4.915179626546328,-10.168588100646847,-0.1376156935242761,9.157584253736168e-14
181.09749410924655,-16.209968006907033,4.915711899208844,-10.169285950010055,-0.13697507933563186,4.3288006026999986e-14
181.10394522045954,-16.21782917281994,4.916243915797258,-10.169983632708828,-0.13633800816547714,2.342025857995744e-14
181.11039731104285,-16.225689799374045,4.9167756744842555,-10.170681144070516,-0.135704488516102,3.828817554363829e-14
181.11685038249297,-16.233549885534334,4.91730717344253,-10.17137847942101,-0.13507452888936342,3.73671541388085e-14
181.12330443630648,-16.24140943026557,4.91783841084477,-10.172075634084779,-0.13444813778667722,9.289158740140423e-14
181.12975947398016,-16.249268432532308,4.91836938486367,-10.172772603384843,-0.13382532370903366,4.315643154059573e-14
181.1362154970109,-16.257126891298867,4.9189000936719225,-10.173469382642784,-0.1332060951569788,6.026111477314892e-14
181.14267250689574,-16.264984805529355,4.919430535442215,-10.174165967178748,-0.13259046063062774,5.407711391214892e-14
181.14913050513178,-16.27284217418765,4.919960708347243,-10.174862352311424,-0.1319784286296496,1.047332911777872e-13
181.15558949321638,-16.28069899623741,4.920490610559694,-10.175558533358068,-0.131370007653287,1.1223303690282976e-13
181.16204947264703,-16.28855527064207,4.921020240252261,-10.176254505634482,-0.13076520620033186,1.9736172960638293e-14
181.16851044492122,-16.296410996364834,4.92154959559764,-10.176950264455003,-0.13016403276913663,3.539353684274467e-14
181.1749724115367,-16.304266172368692,4.922078674768516,-10.177645805132544,-0.12956649585761187,8.815490589085104e-14
181.18143537399135,-16.312120797616412,4.922607475937584,-10.178341122978539,-0.12897260396323212,7.065549919908509e-14
181.18789933378315,-16.319974871070528,4.923135997277534,-10.179036213302977,-0.12838236558302035,1.1170673895721274e-13
181.19436429241026,-16.327828391693362,4.923664236961058,-10.179731071414382,-0.12779578921355048,7.789209595131913e-14
181.20083025137092,-16.335681358446998,4.924192193160848,-10.180425692619822,-0.1272128833509611,8.736545897242551e-14
181.20729721216355,-16.343533770293295,4.924719864049596,-10.1811200722249,-0.1266336564909354,1.0868052576991486e-13
181.21376517628676,-16.3513856261939,4.925247247799993,-10.18181420553375,-0.12605811712871245,4.091966527172339e-14
181.22023414523915,-16.359236925110228,4.9257743425847265,-10.182508087849056,-0.12548627375908042,4.47353253774468e-14
181.22670412051957,-16.367087666003464,4.9263011465764945,-10.183201714472006,-0.12491813487637388,9.802299237117019e-14
181.23317510362705,-16.374937847834573,4.926827657947985,-10.183895080702335,-0.12435370897448095,4.131438873093616e-14
181.23964709606065,-16.38278746956429,4.92735387487189,-10.184588181838304,-0.12379300454683291,7.512903173682977e-14
181.2461200993196,-16.390636530153124,4.927879795520901,-10.185281013176693,-0.12323603008641185,1.0697005744665955e-13
181.2525941149033,-16.39848502856136,4.92840541806771,-10.185973570012813,-0.12268279408574548,1.3552172099638295e-14
181.2590691443113,-16.40633296374906,4.928930740685008,-10.186665847640484,-0.12213330503689893,1.6315236314127656e-14
181.26554518904317,-16.41418033467605,4.929455761545485,-10.187357841352057,-0.12158757143148273,6.789243498459573e-14
181.2720222505988,-16.42202714030193,4.929980478821832,-10.188049546438391,-0.12104560176065812,7.026077573987232e-14
181.2785003304781,-16.429873379586066,4.9305048906867475,-10.188740958188856,-0.12050740451511963,7.157652060391487e-14
181.28497943018112,-16.437719051487612,4.931028995312915,-10.189432071891346,-0.1199729881851026,7.447115930480849e-14
181.2914595512081,-16.44556415496549,4.931552790873031,-10.190122882832263,-0.11944236126038035,9.183899151017018e-14
181.2979406950594,-16.453408688978385,4.932076275539784,-10.19081338629651,-0.11891553223027138,2.2104513715914887e-14
181.30442286323546,-16.46125265248476,4.932599447485865,-10.191503577567506,-0.11839250958361935,7.881311735614892e-14
181.31090605723696,-16.469096044442843,4.933122304883968,-10.192193451927164,-0.11787330180881748,3.6972430679595734e-14
181.31739027856463,-16.47693886381063,4.933644845906783,-10.1928830046559,-0.11735791739377932,9.710197096634039e-14
181.32387552871944,-16.484781109545906,4.934167068727004,-10.193572231032643,-0.11684636482596522,1.0525958912340423e-14
181.33036180920232,-16.49262278060622,4.934688971517317,-10.19426112633481,-0.11633865259235879,1.009176310720638e-13
181.33684912151455,-16.50046387594886,4.935210552450419,-10.194949685838301,-0.1158347891794799,7.407643584559572e-14
181.3433374671574,-16.508304394530935,4.935731809698998,-10.195637904817549,-0.11533478307338058,4.4209027431829774e-14
181.34982684763236,-16.51614433530928,4.93625274143575,-10.196325778545425,-0.1148386427596355,2.9998982900170206e-14
181.356317264441,-16.523983697240535,4.936773345833358,-10.197013302293342,-0.11434637672335363,1.0486486566419146e-13
181.36280871908508,-16.531822479281065,4.937293621064522,-10.19770047133116,-0.11385799344916805,7.460273379121274e-14
181.36930121306645,-16.53966068038705,4.93781356530193,-10.198387280927243,-0.11337350142124128,1.9078300528617017e-14
181.37579474788714,-16.547498299514405,4.938333176718276,-10.199073726348438,-0.11289290912325828,2.7235918685680845e-14
181.38228932504927,-16.555335335618842,4.938852453486245,-10.199759802860077,-0.11241622503842717,4.7629964078340415e-14
181.38878494605515,-16.56317178765581,4.939371393778534,-10.20044550572596,-0.111943457649483,7.433958481840424e-14
181.39528161240722,-16.57100765458054,4.939889995767835,-10.201130830208363,-0.11147461543867956,3.986706938048935e-14
181.401779325608,-16.578842935348046,4.940408257626837,-10.20181577156805,-0.11100970688779105,2.6314897280851058e-15
181.40827808716026,-16.586677628913073,4.9409261775282305,-10.202500325064252,-0.11054874047811324,1.5920512854914888e-14
181.41477789856677,-16.59451173423017,4.941443753644712,-10.203184485954662,-0.11009172469045944,2.0788768851872334e-14
181.42127876133054,-16.602345250253634,4.941960984148968,-10.203868249495454,-0.10963866800516049,1.8552002582999993e-14
181.42778067695468,-16.610178175937516,4.94247786721369,-10.20455161094126,-0.1091895789020646,5.986639131393616e-14
181.43428364694248,-16.618010510235678,4.942994401011574,-10.20523456554518,-0.10874446586053454,4.7629964078340415e-14
181.44078767279728,-16.625842252101695,4.943510583715306,-10.205917108558777,-0.10830333735944685,1.035491208001489e-13
181.44729275602265,-16.63367340048893,4.944026413497583,-10.206599235232073,-0.10786620187719222,1.0723320641946806e-13
181.45379889812224,-16.64150395435052,4.944541888531092,-10.207280940813536,-0.10743306789166962,7.262911649514892e-14
181.46030610059987,-16.649333912639364,4.9450570069885265,-10.207962220550115,-0.1070039438802961,6.97344777942553e-14
181.46681436495948,-16.657163274308108,4.945571767042577,-10.208643069687193,-0.10657883831999394,9.749669442555316e-14
181.47332369270512,-16.664992038309176,4.946086166865937,-10.209323483468603,-0.10615775968719252,1.044701422049787e-13
181.47983408534108,-16.67282020359477,4.946600204631294,-10.210003457136649,-0.10574071645783231,8.302350092108508e-14
181.4863455443717,-16.68064776911683,4.947113878511344,-10.210682985932051,-0.10532771710735912,5.0656177265638285e-14
181.4928580713014,-16.688474733827082,4.947627186678778,-10.211362065093995,-0.10491877011072126,9.131269356455317e-14
181.49937166763493,-16.696301096676986,4.948140127306284,-10.212040689860107,-0.1045138839423779,1.6578385286936164e-14
181.50588633487698,-16.7041268566178,4.948652698566554,-10.212718855466457,-0.10411306707628454,8.868120383646807e-14
181.51240207453247,-16.711952012600527,4.949164898632284,-10.213396557147535,-0.10371632798590066,9.381260880623401e-14
181.5189188881065,-16.719776563575934,4.94967672567616,-10.214073790136286,-0.10332367514418811,7.605005314165955e-14
181.5254367771042,-16.727600508494547,4.950188177870879,-10.214750549664085,-0.10293511702360934,2.8946387008936165e-14
181.53195574303092,-16.73542384630666,4.950699253389127,-10.215426830960737,-0.1025506620961233,6.512937077010637e-14
181.53847578739214,-16.743246575962335,4.951209950403599,-10.216102629254474,-0.10217031883318611,5.5129709803382966e-14
181.54499691169343,-16.751068696411377,4.951720267086986,-10.216777939771958,-0.1017940957057514,9.749669442555316e-14
181.55151911744053,-16.758890206603372,4.952230201611979,-10.21745275773828,-0.10142200118426792,5.4734986344170195e-14
181.55804240613932,-16.766711105487655,4.9527397521512695,-10.218127078376954,-0.1010540437386782,9.552307712948934e-14
181.56456677929583,-16.774531392013333,4.953248916877547,-10.21880089690991,-0.10069023183842016,6.644511563414892e-14
181.5710922384162,-16.782351065129255,4.953757693963507,-10.219474208557493,-0.10033057395241819,2.039404539265957e-14
181.5776187850067,-16.790170123784055,4.954266081581837,-10.220147008538484,-0.09997507854908991,9.223371496938295e-14
181.5841464205738,-16.7979885669261,4.954774077905232,-10.220819292070056,-0.0996237540963496,1.2499576208404252e-14
181.59067514662397,-16.80580639350354,4.955281681106381,-10.221491054367807,-0.09927660906158785,1.0012818415363827e-13
181.59720496466403,-16.813623602464276,4.955788889357978,-10.222162290645741,-0.09893365191168829,5.710332709944679e-14
181.60373587620074,-16.821440192755965,4.95629570083271,-10.222832996116278,-0.09859489111302515,7.960256427457445e-14
181.6102678827411,-16.829256163326022,4.956802113703273,-10.223503165990227,-0.09826033513144981,8.026043670659573e-14
181.61680098579222,-16.83707151312162,4.957308126142359,-10.224172795476813,-0.09792999243230137,1.0065448209925529e-13
181.6233351868614,-16.844886241089718,4.957813736322654,-10.22484187978367,-0.0976038714804027,3.9209196948468075e-14
181.62987048745592,-16.852700346176988,4.958318942416853,-10.225510414116808,-0.09728198074005513,4.3288006026999986e-14
181.6364068890834,-16.86051382732989,4.958823742597649,-10.226178393680655,-0.09696432867504232,6.815558395740423e-14
181.64294439325144,-16.868326683494637,4.9593281350377305,-10.226845813678022,-0.0966509237486289,4.184068667655318e-14
181.64948300146787,-16.876138913617183,4.959832117909793,-10.227512669310114,-0.09634177442355178,9.894401377599997e-14
181.65602271524065,-16.88395051664327,4.960335689386524,-10.228178955776537,-0.09603688916203466,5.157719867046807e-14
181.66256353607784,-16.891761491518373,4.960838847640614,-10.228844668275272,-0.09573627642576749,2.920953598174467e-14
181.6691054654876,-16.899571837187732,4.961341590844758,-10.229509802002687,-0.09543994467591456,9.381260880623401e-14
181.67564850497837,-16.907381552596327,4.961843917171647,-10.230174352153545,-0.09514790237312507,6.026111477314892e-14
181.68219265605856,-16.915190636688937,4.96234582479397,-10.230838313920975,-0.09486015797750738,6.35504769332553e-14
181.68873792023683,-16.92299908841004,4.962847311884421,-10.231501682496496,-0.09457671994865155,1.9999321933446802e-14
181.69528429902192,-16.930806906703918,4.9633483766156905,-10.232164453070004,-0.09429759674560684,2.197293922951063e-14
181.7018317939227,-16.938614090514577,4.963849017160473,-10.232826620829755,-0.09402279682689865,6.276103001482977e-14
181.7083804064483,-16.9464206387858,4.964349231691455,-10.2334881809624,-0.09375232865052203,2.1709790256702122e-14
181.7149301381078,-16.9542265504611,4.964849018381329,-10.234149128652946,-0.09348620067393126,5.855064644989361e-14
181.72148099041056,-16.962031824483777,4.965348375402789,-10.234809459084769,-0.0932244213540481,3.3814643005893605e-14
181.72803296486597,-16.96983645979685,4.965847300928526,-10.235469167439614,-0.09296699914726367,7.578690416885104e-14
181.73458606298368,-16.977640455343124,4.966345793131228,-10.23612824889759,-0.09271394250942475,3.513038786993616e-14
181.74114028627332,-16.985443810065135,4.966843850183591,-10.236786698637161,-0.09246525989584391,9.539150264308508e-14
181.74769563624483,-16.99324652290518,4.9673414702583045,-10.237444511835154,-0.09222095976129584,1.0104920555846805e-13
181.7542521144082,-17.00104859280531,4.96783865152806,-10.238101683666759,-0.09198105056000848,1.0907524922912763e-13
