galstreams/tracks/track.st.M3-Svol.yang2023.ecsv
# %ECSV 1.0
# ---
# datatype:
# - {name: ra, unit: deg, datatype: float64}
# - {name: dec, unit: deg, datatype: float64}
# - {name: distance, unit: kpc, datatype: float64}
# - {name: pm_ra_cosdec, unit: mas / yr, datatype: float64}
# - {name: pm_dec, unit: mas / yr, datatype: float64}
# - {name: radial_velocity, unit: km / s, datatype: float64}
# delimiter: ','
# meta: !!omap
# - __serialized_columns__:
#     dec:
#       __class__: astropy.coordinates.angles.Latitude
#       unit: &id001 !astropy.units.Unit {unit: deg}
#       value: !astropy.table.SerializedColumn {name: dec}
#     distance:
#       __class__: astropy.coordinates.distances.Distance
#       unit: !astropy.units.Unit {unit: kpc}
#       value: !astropy.table.SerializedColumn {name: distance}
#     pm_dec:
#       __class__: astropy.units.quantity.Quantity
#       unit: !astropy.units.Unit {unit: mas / yr}
#       value: !astropy.table.SerializedColumn {name: pm_dec}
#     pm_ra_cosdec:
#       __class__: astropy.units.quantity.Quantity
#       unit: !astropy.units.Unit {unit: mas / yr}
#       value: !astropy.table.SerializedColumn {name: pm_ra_cosdec}
#     ra:
#       __class__: astropy.coordinates.angles.Longitude
#       unit: *id001
#       value: !astropy.table.SerializedColumn {name: ra}
#       wrap_angle: !astropy.coordinates.Angle
#         unit: *id001
#         value: 360.0
#     radial_velocity:
#       __class__: astropy.units.quantity.Quantity
#       unit: !astropy.units.Unit {unit: km / s}
#       value: !astropy.table.SerializedColumn {name: radial_velocity}
# schema: astropy-2.0
ra,dec,distance,pm_ra_cosdec,pm_dec,radial_velocity
[from data line 2791]
220.5155098729557,28.550857702885807,8.990420725599497,1.0595985637628167,-3.866179254768717,-187.8490520603828
220.52715824299443,28.55075080242951,8.989279399544682,1.060475558520255,-3.8671629349945396,-187.8694612481548
220.53880659338424,28.550642616517845,8.988138425945385,1.0613526332555971,-3.8681468633753786,-187.88984943958675
220.5504549238082,28.550533145148613,8.986997804801609,1.0622297879464562,-3.8691310399564633,-187.91021663467836
220.56210323394927,28.55042238831971,8.98585753611335,1.0631070225704518,-3.8701154647829936,-187.93056283343
220.57375152349042,28.55031034602908,8.984717619880616,1.0639843371052122,-3.8711001379001413,-187.95088803584144
220.58539979211466,28.550197018274773,8.9835780561034,1.0648617315283788,-3.8720850593530556,-187.9711922419126
220.59704803950495,28.550082405054884,8.982438844781704,1.065739205817605,-3.8730702291868555,-187.99147545164365
220.60869626534435,28.549966506367614,8.981299985915527,1.0666167599505498,-3.874055647446638,-188.01173766503453
220.62034446931582,28.549849322211223,8.980161479504872,1.06749439390489,-3.8750413141774684,-188.03197888208533
220.6319926511024,28.54973085258406,8.979023325549734,1.0683721076583055,-3.8760272294243876,-188.0521991027959
220.643640810387,28.54961109748452,8.977885524050118,1.06924990118849,-3.8770133932324105,-188.07239832716624
220.65528894685278,28.549490056911132,8.976748075006022,1.0701277744731503,-3.8779998056465237,-188.0925765551966
220.6669370601826,28.54936773086244,8.975610978417443,1.0710057274899982,-3.8789864667116887,-188.11273378688665
220.67858515005955,28.549244119337107,8.974474234284385,1.071883760216761,-3.879973376472839,-188.1328700222366
220.69023321616663,28.549119222333854,8.973337842606847,1.0727618726311756,-3.880960534974882,-188.15298526124639
220.70188125818686,28.548993039851474,8.97220180338483,1.0736400647109854,-3.8819479422626997,-188.173079503916
220.71352927580327,28.548865571888857,8.971066116618339,1.0745183364339508,-3.882935598381142,-188.19315275024542
220.72517726869884,28.548736818444937,8.969930782307358,1.0753966877778391,-3.883923503375044,-188.21320500023467
220.73682523655668,28.548606779518778,8.968795800451904,1.0762751187204285,-3.8849116572892033,-188.2332362538838
220.74847317905974,28.548475455109454,8.967661171051965,1.0771536292395072,-3.885900060168393,-188.2532465111927
220.7601210958911,28.548342845216172,8.966526894107549,1.0780322193128777,-3.8868887120573583,-188.27323577216146
220.77176898673375,28.548208949838184,8.96539296961865,1.0789108889183474,-3.8878776130008252,-188.29320403679006
220.78341685127074,28.548073768974827,8.964259397585272,1.07978963803374,-3.8888667630434863,-188.31315130507852
220.7950646891852,28.547937302625503,8.963126178007414,1.080668466636887,-3.889856162230008,-188.33307757702673
220.8067125001601,28.54779955078973,8.961993310885077,1.0815473747056308,-3.8908458106050303,-188.35298285263494
220.8183602838785,28.54766051346705,8.96086079621826,1.082426362217824,-3.8918357082131676,-188.37286713190295
220.83000804002342,28.547520190657117,8.95972863400696,1.0833054291513307,-3.8928258550990114,-188.3927304148307
220.841655768278,28.54737858235965,8.958596824251183,1.0841845754840271,-3.8938162513071166,-188.4125727014183
220.85330346832527,28.547235688574442,8.957465366950924,1.0850638011937983,-3.8948068968820198,-188.43239399166578
220.86495113984827,28.547091509301378,8.956334262106186,1.0859431062585385,-3.8957977918682287,-188.4521942855731
220.8765987825301,28.54694604454039,8.955203509716968,1.0868224906561563,-3.8967889363102213,-188.47197358314017
220.88824639605383,28.54679929429152,8.95407310978327,1.087701954364571,-3.897780330252456,-188.4917318843672
220.89989398010252,28.54665125855486,8.952943062305094,1.088581497361707,-3.898771973739354,-188.511469189254
220.9115415343593,28.5465019373306,8.951813367282435,1.0894611196255077,-3.8997638668153183,-188.53118549780066
220.9231890585072,28.546351330618982,8.950684024715295,1.090340821133922,-3.9007560095247245,-188.55088081000713
220.93483655222937,28.546199438420352,8.949555034603675,1.0912206018649104,-3.9017484019119175,-188.57055512587343
220.94648401520885,28.54604626073511,8.948426396947578,1.092100461796443,-3.9027410440212145,-188.59020844539955
220.9581314471288,28.545891797563748,8.947298111747,1.0929804009065045,-3.9037339358969136,-188.60984076858549
220.96977884767227,28.54573604890683,8.946170179001939,1.0938604191730879,-3.9047270775832787,-188.62945209543136
220.98142621652246,28.545579014764986,8.945042598712401,1.094740516574198,-3.905720469124549,-188.64904242593704
220.9930735533624,28.54542069513894,8.943915370878383,1.0956206930878476,-3.906714110564941,-188.66861176010252
221.00472085787524,28.545261090029474,8.942788495499881,1.096500948692065,-3.9077080019486354,-188.68816009792786
221.0163681297441,28.54510019943748,8.941661972576904,1.0973812833648846,-3.9087021433197924,-188.70768743941306
221.02801536865218,28.544938023363866,8.940535802109443,1.0982616970843562,-3.909696534722552,-188.72719378455804
221.03966257428252,28.54477456180968,8.939409984097503,1.0991421898285356,-3.9106911762010115,-188.74667913336293
221.0513097463183,28.54460981477602,8.938284518541085,1.1000227615754952,-3.9116860677992515,-188.76614348582757
221.06295688444268,28.54444378226405,8.937159405440187,1.1009034123033126,-3.9126812095613275,-188.78558684195212
221.07460398833885,28.544276464275033,8.936034644794807,1.1017841419900816,-3.9136766015312627,-188.80500920173642
221.08625105768988,28.54410786081029,8.93491023660495,1.1026649506139012,-3.914672243753057,-188.8244105651806
221.097898092179,28.543937971871223,8.933786180870609,1.103545838152887,-3.9156681362706798,-188.8437909322846
221.10954509148942,28.543766797459316,8.932662477591787,1.104426804585163,-3.916664279128079,-188.86315030304849
221.12119205530422,28.54359433757613,8.931539126768492,1.1053078498888613,-3.917660672369169,-188.88248867747217
221.13283898330664,28.543420592223296,8.930416128400708,1.1061889740421305,-3.918657316037844,-188.90180605555565
221.14448587517987,28.54324556140252,8.929293482488449,1.1070701770231266,-3.91965421017797,-188.9211024372991
221.15613273060708,28.543069245115607,8.928171189031708,1.1079514588100174,-3.920651354833378,-188.94037782270232
221.16777954927153,28.542891643364403,8.927049248030487,1.1088328193809813,-3.9216487500478863,-188.9596322117653
221.17942633085633,28.542712756150845,8.92592765948479,1.1097142587142064,-3.922646395865275,-188.9788656044882
221.1910730750448,28.542532583476973,8.924806423394609,1.110595776787897,-3.9236442923293016,-188.99807800087095
221.2027197815201,28.542351125344858,8.923685539759948,1.111477373580262,-3.9246424394836983,-189.0172694009134
221.2143664499655,28.542168381756678,8.922565008580806,1.112359049069526,-3.9256408373721654,-189.0364398046158
221.2260130800642,28.541984352714678,8.921444829857185,1.1132408032339214,-3.9266394860383804,-189.05558921197795
221.23765967149942,28.541799038221193,8.920325003589085,1.1141226360516927,-3.9276383855259924,-189.07471762300008
221.24930622395448,28.541612438278612,8.919205529776503,1.1150045475010977,-3.9286375358786265,-189.09382503768197
221.26095273711255,28.541424552889406,8.918086408419446,1.1158865375604001,-3.9296369371398763,-189.1129114560237
221.27259921065698,28.541235382056126,8.916967639517903,1.116768606207883,-3.9306365893533113,-189.13197687802523
221.28424564427098,28.541044925781428,8.915849223071882,1.1176507534218296,-3.931636492562476,-189.15102130368663
221.29589203763783,28.54085318406799,8.914731159081382,1.1185329791805436,-3.932636646810881,-189.17004473300793
221.3075383904409,28.5406601569186,8.9136134475464,1.1194152834623359,-3.9336370521420214,-189.18904716598888
221.31918470236332,28.54046584433613,8.91249608846694,1.120297666245527,-3.9346377085993494,-189.20802860262987
221.33083097308855,28.5402702463235,8.911379081842997,1.121180127508453,-3.9356386162263095,-189.22698904293063
221.3424772022998,28.540073362883728,8.910262427674574,1.1220626672294558,-3.936639775066302,-189.2459284868911
221.35412338968038,28.539875194019903,8.909146125961676,1.1229452853868922,-3.937641185162709,-189.26484693451158
221.36576953491365,28.539675739735188,8.908030176704296,1.1238279819591284,-3.9386428465588876,-189.28374438579183
221.37741563768296,28.53947500003283,8.906914579902432,1.124710756924544,-3.9396447592981634,-189.30262084073198
221.3890616976716,28.539272974916138,8.90579933555609,1.125593610261526,-3.9406469234238344,-189.32147629933186
221.4007077145629,28.53906966438851,8.904684443665268,1.1264765419484752,-3.941649338979176,-189.3403107615916
221.41235368804033,28.538865068453426,8.90356990422997,1.127359551963804,-3.9426520060074317,-189.3591242275112
221.4239996177871,28.53865918711442,8.902455717250188,1.1282426402859331,-3.943654924551823,-189.37791669709063
221.43564550348665,28.53845202037512,8.901341882725927,1.1291258068932981,-3.9446580946555407,-189.3966881703299
221.44729134482236,28.53824356823923,8.900228400657184,1.1300090517643424,-3.945661516361751,-189.415438647229
221.45893714147763,28.538033830710535,8.899115271043962,1.1308923748775241,-3.946665189713592,-189.4341681277879
221.47058289313583,28.537822807792875,8.89800249388626,1.1317757762113096,-3.947669114754174,-189.45287661200672
221.48222859948038,28.53761049949017,8.896890069184076,1.132659255744176,-3.9486732915265863,-189.47156409988526
221.49387426019467,28.537396905806467,8.895777996937413,1.133542813454615,-3.9496777200738795,-189.49023059142374
221.50551987496212,28.5371820267458,8.894666277146273,1.1344264493211274,-3.950682400439088,-189.50887608662205
221.51716544346618,28.53696586231237,8.893554909810648,1.1353101633222247,-3.951687332665214,-189.52750058548014
221.52881096539028,28.536748412510384,8.892443894930546,1.1361939554364313,-3.952692516795237,-189.54610408799803
221.54045644041784,28.53652967734417,8.891333232505966,1.1370778256422809,-3.953697952872102,-189.56468659417592
221.55210186823237,28.536309656818112,8.890222922536902,1.1379617739183212,-3.9547036409387353,-189.58324810401356
221.5637472485173,28.53608835093668,8.889112965023358,1.1388458002431086,-3.9557095810380307,-189.601788617511
221.5753925809561,28.535865759704414,8.888003359965337,1.1397299045952116,-3.956715773212857,-189.62030813466833
221.5870378652323,28.535641883125926,8.886894107362831,1.1406140869532106,-3.9577222175060576,-189.6388066554854
221.5986831010293,28.535416721205912,8.885785207215852,1.1414983472956968,-3.9587289139604462,-189.65728417996243
221.6103282880307,28.53519027394916,8.884676659524386,1.142382685601273,-3.959735862618807,-189.67574070809917
221.62197342591995,28.53496254136049,8.883568464288441,1.143267101848553,-3.9607430635239087,-189.6941762398958
221.6336185143806,28.534733523444856,8.88246062150802,1.1441515960161623,-3.9617505167184754,-189.71259077535234
221.64526355309619,28.534503220207235,8.881353131183117,1.1450361680827377,-3.962758222245222,-189.73098431446863
221.65690854175025,28.53427163165272,8.880245993313732,1.145920818026927,-3.963766180146822,-189.74935685724475
221.6685534800263,28.534038757786462,8.87913920789987,1.1468055458273887,-3.9647743904659336,-189.76770840368073
221.68019836760794,28.533804598613685,8.878032774941527,1.1476903514627943,-3.9657828532451775,-189.7860389537766
221.69184320417872,28.533569154139702,8.876926694438701,1.1485752349118263,-3.966791568527154,-189.80434850753227
221.70348798942223,28.533332424369892,8.875820966391398,1.149460196153177,-3.9678005363544355,-189.82263706494768
221.71513272302207,28.533094409309726,8.874715590799614,1.150345235165553,-3.968809756769565,-189.84090462602302
221.72677740466182,28.53285510896472,8.873610567663354,1.1512303519276692,-3.96981922981506,-189.85915119075827
221.73842203402512,28.532614523340502,8.872505896982608,1.1521155464182544,-3.9708289555334138,-189.87737675915324
221.75006661079559,28.53237265244275,8.871401578757384,1.153000818616048,-3.971838933967087,-189.89558133120798
221.7617111346568,28.532129496277243,8.87029761298768,1.1538861684997987,-3.9728491651585154,-189.91376490692272
221.77335560529247,28.53188505484982,8.869193999673495,1.15477159604827,-3.973859649150112,-189.93192748629724
221.7850000223862,28.53163932816639,8.868090738814834,1.155657101240236,-3.974870385984254,-189.9500690693316
221.79664438562173,28.531392316232957,8.866987830411688,1.156542684054481,-3.975881375703301,-189.96818965602574
221.8082886946827,28.531144019055592,8.86588527446406,1.1574283444698017,-3.9768926183495807,-189.98628924637978
221.81993294925275,28.530894436640438,8.864783070971956,1.1583140824650053,-3.977904113965389,-190.00436784039363
221.83157714901557,28.530643568993717,8.863681219935375,1.1591998980189109,-3.9789158625930043,-190.0224254380674
221.84322129365498,28.53039141612174,8.86257972135431,1.1600857911103508,-3.9799278642746727,-190.0404620394009
221.85486538285457,28.530137978030872,8.861478575228764,1.1609717617181663,-3.9809401190526144,-190.05847764439426
221.8665094162982,28.52988325472758,8.86037778155874,1.1618578098212118,-3.9819526269690195,-190.0764722530474
221.8781533936695,28.52962724621838,8.859277340344237,1.1627439353983544,-3.982965388066059,-190.0944458653605
221.88979731465227,28.529369952509885,8.85817725158525,1.1636301384284673,-3.9839784023858673,-190.11239848133334
221.90144117893027,28.52911137360877,8.857077515281787,1.1645164188904422,-3.9849916699705576,-190.1303301009661
221.91308498618733,28.52885150952181,8.855978131433838,1.1654027767631794,-3.9860051908622123,-190.14824072425856
221.92472873610717,28.52859036025584,8.854879100041416,1.1662892120255886,-3.9870189651028887,-190.166130351211
221.9363724283736,28.528327925817756,8.85378042110451,1.167175724656594,-3.988032992734618,-190.18399898182315
221.94801606267046,28.52806420621455,8.852682094623123,1.1680623146351308,-3.9890472737994056,-190.20184661609522
221.9596596386816,28.527799201453305,8.85158412059726,1.168948981940145,-3.990061808339223,-190.2196732540271
221.97130315609076,28.52753291154114,8.850486499026914,1.1698357265505939,-3.99107659639602,-190.2374788956188
221.98294661458183,28.52726533648528,8.849389229912088,1.170722548445448,-3.9920916380117224,-190.25526354087037
221.99459001383877,28.526996476293025,8.848292313252783,1.1716094476036893,-3.99310693322822,-190.27302718978174
222.00623335354533,28.526726330971734,8.847195749048996,1.172496424004308,-3.9941224820873815,-190.29076984235303
222.0178766333854,28.52645490052887,8.84609953730073,1.1733834776263115,-3.995138284631046,-190.30849149858406
222.02951985304298,28.526182184971937,8.845003678007984,1.1742706084487144,-3.9961543409010316,-190.32619215847498
222.04116301220188,28.52590818430855,8.843908171170758,1.1751578164505452,-3.99717065093912,-190.34387182202573
222.05280611054607,28.52563289854637,8.842813016789053,1.1760451016108422,-3.99818721478707,-190.36153048923626
222.06444914775946,28.52535632769317,8.841718214862867,1.1769324639086585,-3.9992040324866154,-190.37916816010673
222.07609212352608,28.52507847175676,8.840623765392202,1.177819903323056,-4.000221104079458,-190.39678483463692
222.08773503752977,28.52479933074505,8.839529668377056,1.178707419833107,-4.001238429607278,-190.41438051282702
222.0993778894546,28.52451890466603,8.838435923817428,1.1795950134179003,-4.002256009111724,-190.43195519467696
222.11102067898446,28.524237193527753,8.837342531713322,1.1804826840565323,-4.003273842634421,-190.4495088801867
222.12266340580348,28.523954197338348,8.836249492064734,1.1813704317281146,-4.004291930216962,-190.46704156935633
222.13430606959557,28.523669916106023,8.83515680487167,1.182258256411766,-4.005310271900919,-190.48455326218576
222.14594867004485,28.523384349839073,8.834064470134125,1.1831461580866216,-4.006328867727833,-190.50204395867502
