galstreams/tracks/track.st.Gaia-10.ibata2021.ecsv
# %ECSV 0.9
# ---
# datatype:
# - {name: ra, unit: deg, datatype: float64}
# - {name: dec, unit: deg, datatype: float64}
# - {name: distance, unit: kpc, datatype: float64}
# - {name: pm_ra_cosdec, unit: mas / yr, datatype: float64}
# - {name: pm_dec, unit: mas / yr, datatype: float64}
# - {name: radial_velocity, unit: km / s, datatype: float64}
# delimiter: ','
# meta: !!omap
# - __serialized_columns__:
#     dec:
#       __class__: astropy.coordinates.angles.Latitude
#       unit: &id001 !astropy.units.Unit {unit: deg}
#       value: !astropy.table.SerializedColumn {name: dec}
#     distance:
#       __class__: astropy.coordinates.distances.Distance
#       unit: !astropy.units.Unit {unit: kpc}
#       value: !astropy.table.SerializedColumn {name: distance}
#     pm_dec:
#       __class__: astropy.units.quantity.Quantity
#       unit: !astropy.units.Unit {unit: mas / yr}
#       value: !astropy.table.SerializedColumn {name: pm_dec}
#     pm_ra_cosdec:
#       __class__: astropy.units.quantity.Quantity
#       unit: !astropy.units.Unit {unit: mas / yr}
#       value: !astropy.table.SerializedColumn {name: pm_ra_cosdec}
#     ra:
#       __class__: astropy.coordinates.angles.Longitude
#       unit: *id001
#       value: !astropy.table.SerializedColumn {name: ra}
#       wrap_angle: !astropy.coordinates.Angle
#         unit: *id001
#         value: 360.0
#     radial_velocity:
#       __class__: astropy.units.quantity.Quantity
#       unit: !astropy.units.Unit {unit: km / s}
#       value: !astropy.table.SerializedColumn {name: radial_velocity}
# schema: astropy-2.0
ra,dec,distance,pm_ra_cosdec,pm_dec,radial_velocity
150.73000953660264,15.999758732729493,17.38198125064234,-3.2615819967720907,-2.327695656184118,6.73661370389787e-14
150.74034768594402,15.998365760333602,17.375855180642617,-3.2636712145084887,-2.3299915020074033,7.578690416885104e-14
150.75068577559702,15.996973594623482,17.36973440558752,-3.2657568713215435,-2.332282866691753,9.262843842859572e-14
150.76102380565982,15.995582234721658,17.363618922425893,-3.2678389713068756,-2.33456975504859,6.73661370389787e-14
150.77136177623044,15.994191679750667,17.357508728106556,-3.2699175185610505,-2.3368521718884354,3.368306851948935e-14
150.7816996874066,15.99280192883305,17.35140381957836,-3.271992517181551,-2.3391301220209124,6.73661370389787e-14
150.79203753928596,15.991412981091358,17.34530419379013,-3.2740639712667994,-2.3414036102547406,2.5262301389617013e-14
150.8023753319659,15.990024835648164,17.339209847690704,-3.2761318849161425,-2.3436726413977405,0.0
150.81271306554365,15.988637491626024,17.333120778228917,-3.278196262229858,-2.3459372202568325,1.2631150694808508e-13
150.8230507401163,15.987250948147548,17.32703698235359,-3.280257107309157,-2.3481973516380377,0.0
150.83338835578056,15.985865204335305,17.320958457013592,-3.2823144242561706,-2.350453040346468,5.894536990910637e-14
150.8437259126332,15.984480259311914,17.31488519915773,-3.2843682171739697,-2.352704291186344,0.0
150.85406341077064,15.983096112199986,17.308817205734844,-3.2864184901665476,-2.3549511089609805,2.5262301389617013e-14
150.86440085028914,15.981712762122147,17.302754473693767,-3.288465247338828,-2.3571934984727947,1.0946997268834039e-13
150.8747382312848,15.98033020820103,17.296696999983347,-3.290508492796665,-2.3594314645232983,2.5262301389617013e-14
150.8850755538535,15.978948449559281,17.29064478155241,-3.2925482306468394,-2.3616650119131024,9.262843842859572e-14
150.89541281809105,15.977567485319543,17.284597815349784,-3.2945844649970613,-2.3638941454419213,1.0946997268834039e-13
150.9057500240929,15.9761873146045,17.27855609832432,-3.2966171999559677,-2.366118869908562,8.420767129872338e-14
150.91608717195436,15.974807936536822,17.27251962742484,-3.298646439633124,-2.3683391901109356,4.210383564936169e-14
150.92642426177062,15.973429350239185,17.26648839960018,-3.300672188139025,-2.37055511084605,5.0524602779234026e-14
150.93676129363658,15.972051554834293,17.260462411799185,-3.3026944495850907,-2.3727666369100104,1.0104920555846805e-13
150.94709826764705,15.970674549444857,17.254441660970677,-3.30471322808367,-2.3749737730980223,1.0946997268834039e-13
150.95743518389656,15.96929833319358,17.248426144063497,-3.306728527748039,-2.377176524204388,3.368306851948935e-14
150.9677720424796,15.967922905203201,17.242415858026483,-3.308740352692401,-2.3793748950225098,5.894536990910637e-14
150.97810884349028,15.966548264596447,17.236410799808464,-3.310748707031886,-2.3815688903448895,1.6841534259744676e-14
150.98844558702265,15.96517441049607,17.23041096635829,-3.312753594882549,-2.3837585149631213,-8.420767129872338e-15
150.9987822731705,15.963801342024828,17.22441635462477,-3.3147550203613756,-2.385943773667908,1.0104920555846805e-13
151.0091189020275,15.962429058305494,17.21842696155676,-3.3167529875862733,-2.3881246712490416,-8.420767129872338e-15
151.01945547368703,15.961057558460846,17.212442784103082,-3.3187475006760794,-2.3903012124954177,9.262843842859572e-14
151.02979198824244,15.959686841613658,17.206463819212587,-3.320738563750555,-2.392473402195025,1.0946997268834039e-13
151.04012844578668,15.958316906886758,17.200490063834096,-3.3227261809303865,-2.3946412451349586,1.2631150694808508e-13
151.0504648464128,15.95694775340293,17.194521514916442,-3.3247103563371927,-2.3968047461014024,1.0104920555846805e-13
151.0608011902134,15.95557938028501,17.18855816940847,-3.326691094093509,-2.398963909879644,2.5262301389617013e-14
151.07113747728093,15.95421178665582,17.182600024259006,-3.3286683983227983,-2.401118741254069,1.0946997268834039e-13
151.08147370770777,15.95284497163821,17.176647076416902,-3.330642273149453,-2.403269245008157,0.0
151.09180988158604,15.951478934355023,17.170699322830973,-3.332612722698786,-2.405415425924491,5.0524602779234026e-14
151.10214599900763,15.950113673929133,17.164756760450064,-3.3345797510970367,-2.4075572887847487,1.0104920555846805e-13
151.11248206006437,15.948749189483406,17.15881938622301,-3.3365433624713705,-2.4096948383697065,8.420767129872338e-14
151.12281806484776,15.947385480140733,17.15288719709864,-3.338503560949875,-2.4118280794592386,1.2631150694808508e-13
151.13315401344914,15.946022545024006,17.146960190025794,-3.340460350661562,-2.4139570168323154,8.420767129872338e-14
151.14348990595977,15.944660383256135,17.141038361953306,-3.3424137357363706,-2.4160816552670057,1.2631150694808508e-13
151.15382574247064,15.943298993960026,17.13512170983001,-3.3443637203051613,-2.4182019995404787,6.73661370389787e-14
151.16416152307252,15.941938376258616,17.12921023060474,-3.346310308499718,-2.420318054428999,9.262843842859572e-14
151.17449724785607,15.940578529274838,17.123303921226338,-3.3482535044527495,-2.422429824707928,1.0104920555846805e-13
151.18483291691166,15.939219452131644,17.117402778643633,-3.350193312297886,-2.4245373151517264,9.262843842859572e-14
151.19516853032957,15.937861143951988,17.11150679980546,-3.3521297361696867,-2.426640530533953,9.262843842859572e-14
151.20550408819986,15.936503603858855,17.10561598166066,-3.3540627802036234,-2.42873947562726,3.368306851948935e-14
151.21583959061235,15.935146830975217,17.09973032115805,-3.355992448536104,-2.4308341552034034,1.6841534259744676e-14
151.2261750376567,15.93379082442407,17.093849815246482,-3.357918745304447,-2.4329245740332315,7.578690416885104e-14
151.2365104294225,15.932435583328411,17.08797446087479,-3.3598416746468995,-2.4350107368866896,0.0
151.246845765999,15.931081106811256,17.08210425499181,-3.361761240702632,-2.4370926485328233,6.73661370389787e-14
151.25718104747534,15.929727393995629,17.076239194546368,-3.3636774476117326,-2.4391703137397758,8.420767129872338e-15
151.26751627394037,15.928374444004575,17.0703792764873,-3.365590299515218,-2.4412437372747844,5.894536990910637e-14
151.2778514454829,15.92702225596113,17.064524497763454,-3.367499800555019,-2.4433129239041858,-2.5262301389617013e-14
151.28818656219138,15.925670828988356,17.05867485532365,-3.3694059548739954,-2.4453778783934155,1.515738083377021e-13
151.2985216241543,15.924320162209336,17.05283034611673,-3.3713087666159227,-2.4474386055069988,1.0946997268834039e-13
151.30885663145975,15.922970254747128,17.04699096709152,-3.3732082399255026,-2.4494951100085687,3.368306851948935e-14
151.31919158419566,15.921621105724846,17.041156715196866,-3.3751043789483517,-2.451547396660847,-8.420767129872338e-15
151.32952648244995,15.920272714265577,17.03532758738161,-3.376997187831013,-2.4535954702256544,2.5262301389617013e-14
151.33986132631017,15.91892507949243,17.029503580594568,-3.3788866707209504,-2.4556393354639106,7.578690416885104e-14
151.35019611586372,15.917578200528546,17.02368469178458,-3.380772831766546,-2.4576789971356305,1.0104920555846805e-13
151.36053085119786,15.916232076497055,17.017870917900495,-3.3826556751171006,-2.459714459999924,1.515738083377021e-13
151.37086553239965,15.914886706521099,17.01206225589113,-3.38453520492284,-2.461745728815003,1.6841534259744676e-14
151.38120015955587,15.913542089723842,17.00625870270533,-3.386411425334907,-2.4637728083381716,9.262843842859572e-14
151.39153473275323,15.912198225228453,17.000460255291927,-3.3882843405053666,-2.465795703325833,1.0946997268834039e-13
151.4018692520782,15.910855112158115,16.99466691059976,-3.3901539545871984,-2.467814418533484,2.5262301389617013e-14
151.4122037176171,15.909512749636018,16.98887866557765,-3.39202027173431,-2.4698289587157234,2.5262301389617013e-14
151.422538129456,15.908171136785361,16.983095517174448,-3.3938832961015204,-2.471839328626241,1.2631150694808508e-13
151.43287248768087,15.906830272729367,16.977317462338988,-3.395743031844572,-2.473845533017824,6.73661370389787e-14
151.44320679237737,15.905490156591258,16.971544498020098,-3.3975994831201253,-2.475847576642361,8.420767129872338e-14
151.45354104363105,15.904150787494276,16.965776621166615,-3.3994526540857595,-2.4778454642508305,2.5262301389617013e-14
151.46387524152726,15.902812164561661,16.960013828727377,-3.401302548899972,-2.479839200593314,4.210383564936169e-14
151.47420938615122,15.901474286916685,16.954256117651212,-3.403149171722181,-2.4818287904189833,8.420767129872338e-15
151.4845434775878,15.900137153682616,16.94850348488696,-3.4049925267127206,-2.4838142384761084,8.420767129872338e-14
151.49487751592184,15.898800763982731,16.942755927383452,-3.406832618032843,-2.4857955495120603,7.578690416885104e-14
151.50521150123797,15.89746511694033,16.93701344208954,-3.408669449844718,-2.4877727282732978,6.73661370389787e-14
151.5155454336206,15.896130211678722,16.93127602595403,-3.41050302631144,-2.4897457795053826,2.5262301389617013e-14
151.5258793131539,15.894796047321224,16.925543675925784,-3.4123333515970105,-2.491714707952969,1.0104920555846805e-13
151.53621313992195,15.893462622991162,16.919816388953613,-3.414160429866356,-2.4936795183598104,6.73661370389787e-14
151.54654691400862,15.892129937811879,16.914094161986377,-3.4159842652853163,-2.4956402154687543,3.368306851948935e-14
151.5568806354975,15.890797990906728,16.908376991972887,-3.4178048620206507,-2.497596804021743,1.0104920555846805e-13
151.5672143044721,15.88946678139908,16.902664875861994,-3.4196222242400336,-2.499549288759818,3.368306851948935e-14
151.57754792101565,15.8881363084123,16.896957810602526,-3.4214363561120575,-2.501497674423116,1.6841534259744676e-14
151.58788148521134,15.886806571069783,16.891255793143326,-3.4232472618062317,-2.503441965750865,4.210383564936169e-14
151.59821499714204,15.88547756849492,16.885558820433218,-3.4250549454929806,-2.5053821674813954,9.262843842859572e-14
151.60854845689047,15.884149299811133,16.87986688942104,-3.426859411343646,-2.5073182843521313,7.578690416885104e-14
151.61888186453916,15.882821764141838,16.874179997055634,-3.4286606635304846,-2.509250321099589,3.368306851948935e-14
151.62921522017047,15.881494960610475,16.868498140285833,-3.4304587062266703,-2.5111782824593853,1.0946997268834039e-13
151.63954852386658,15.880168888340478,16.86282131606047,-3.432253543606292,-2.51310217316623,3.368306851948935e-14
151.64988177570936,15.878843546455323,16.857149521328367,-3.4340451798443534,-2.515021997953933,8.420767129872338e-14
151.66021497578072,15.877518934078466,16.851482753038383,-3.4358336191167758,-2.516937761555391,1.6841534259744676e-14
151.6705481241621,15.876195050333395,16.845821008139335,-3.437618865600392,-2.5188494687026073,1.0946997268834039e-13
151.68088122093513,15.874871894343606,16.840164283580066,-3.4394009234729532,-2.5207571241266704,0.0
151.69121426618085,15.873549465232601,16.83451257630941,-3.4411797969131257,-2.5226607325577706,8.420767129872338e-14
151.70154725998037,15.87222776212389,16.8288658832762,-3.4429554901004864,-2.5245602987251905,0.0
151.71188020241453,15.870906784141022,16.82322420142927,-3.444728007215533,-2.5264558273573137,7.578690416885104e-14
151.72221309356397,15.86958653040752,16.81758752771746,-3.4464973524396694,-2.5283473231816105,1.4315304120782974e-13
151.73254593350916,15.868267000046945,16.811955859089597,-3.4482635299552196,-2.5302347909246543,8.420767129872338e-14
151.7428787223304,15.866948192182859,16.80632919249453,-3.450026543945422,-2.532118235312109,-8.420767129872338e-15
151.75321146010776,15.865630105938845,16.80070752488108,-3.4517863985944235,-2.5339976610687374,1.0946997268834039e-13
151.76354414692113,15.864312740438494,16.795090853198086,-3.453543098087288,-2.535873072918395,6.73661370389787e-14
151.77387678285035,15.862996094805393,16.789479174394387,-3.4552966466099955,-2.5377444755840317,4.210383564936169e-14
151.7842093679748,15.861680168163169,16.78387248541881,-3.457047048349433,-2.539611873787696,9.262843842859572e-14
151.79454190237396,15.860364959635449,16.778270783220197,-3.458794307493408,-2.5414752722505276,6.73661370389787e-14
151.8048743861269,15.859050468345865,16.772674064747378,-3.4605384282306337,-2.5433346756927646,9.262843842859572e-14
151.81520681931264,15.857736693418063,16.767082326949193,-3.4622794147507387,-2.5451900888337393,5.894536990910637e-14
151.8255392020099,15.856423633975716,16.761495566774474,-3.464017271244265,-2.5470415163918765,1.0104920555846805e-13
151.83587153429738,15.855111289142487,16.75591378117206,-3.465752001902668,-2.5488889630846994,3.368306851948935e-14
151.84620381625334,15.853799658042078,16.750336967090785,-3.467483610918311,-2.5507324336288253,5.894536990910637e-14
151.85653604795615,15.852488739798163,16.74476512147948,-3.469212102484475,-2.552571932739964,1.0104920555846805e-13
151.86686822948383,15.851178533534481,16.73919824128698,-3.470937480795349,-2.5544074651329214,5.0524602779234026e-14
151.87720036091414,15.849869038374734,16.733636323462125,-3.4726597500460326,-2.5562390355215996,5.894536990910637e-14
151.8875324423248,15.84856025344267,16.728079364953746,-3.474378914432541,-2.558066648618997,5.0524602779234026e-14
151.89786447379328,15.847252177862034,16.72252736271067,-3.4760949781517985,-2.5598903091372023,8.420767129872338e-14
151.90819645539688,15.845944810756587,16.71698031368175,-3.477807945401641,-2.5617100217873987,8.420767129872338e-14
151.91852838721266,15.844638151250095,16.711438214815807,-3.479517820380812,-2.56352579127987,0.0
151.9288602693175,15.843332198466353,16.70590106306168,-3.4812246072889717,-2.565337622323989,1.0104920555846805e-13
151.9391921017882,15.842026951529155,16.70036885536821,-3.4829283103266846,-2.5671455196282262,5.0524602779234026e-14
151.9495238847013,15.840722409562304,16.694841588684223,-3.484628933695431,-2.5689494879001438,1.0946997268834039e-13
151.95985561813313,15.839418571689631,16.689319259958555,-3.4863264815976005,-2.570749531846401,8.420767129872338e-15
151.97018730215987,15.83811543703497,16.68380186614005,-3.4880209582364885,-2.5725456561727493,5.894536990910637e-14
151.98051893685744,15.836813004722167,16.678289404177534,-3.489712367816306,-2.574337865584037,5.0524602779234026e-14
151.99085052230168,15.835511273875078,16.67278187101984,-3.4914007145421704,-2.576126164784207,1.6841534259744676e-14
152.0011820585682,15.834210243617582,16.667279263615814,-3.4930860026201076,-2.577910558476294,1.0946997268834039e-13
152.01151354573238,15.832909913073557,16.661781578914283,-3.494768236257055,-2.579691051362427,8.420767129872338e-15
152.02184498386939,15.831610281366917,16.656288813864084,-3.4964474196608606,-2.5814676481438332,9.262843842859572e-14
152.03217637305445,15.830311347621551,16.650800965414046,-3.4981235570402776,-2.5832403535208304,2.5262301389617013e-14
152.04250771336228,15.82901311096139,16.645318030513018,-3.4997966526049704,-2.5850091721928306,6.73661370389787e-14
152.0528390048676,15.82771557051037,16.63984000610982,-3.501466710565511,-2.586774108858341,7.578690416885104e-14
152.06317024764485,15.826418725392447,16.6343668891533,-3.5031337351333813,-2.588535168214965,0.0
152.07350144176834,15.825122574731566,16.62889867659228,-3.504797730520971,-2.5902923549593964,1.1789073981821273e-13
152.0838325873122,15.823827117651717,16.623435365375606,-3.5064587009415766,-2.5920456737874242,2.5262301389617013e-14
152.09416368435035,15.822532353276875,16.617976952452103,-3.508116650609403,-2.5937951293939343,7.578690416885104e-14
152.10449473295648,15.821238280731045,16.612523434770615,-3.509771583739564,-2.5955407264729025,7.578690416885104e-14
152.1148257332041,15.819944899138235,16.60707480927997,-3.5114235045480813,-2.597282469717402,1.0946997268834039e-13
152.12515668516673,15.818652207622474,16.60163107292901,-3.5130724172518786,-2.5990203638195943,4.210383564936169e-14
152.1354875889174,15.817360205307793,16.596192222666566,-3.514718326068797,-2.6007544134707423,5.0524602779234026e-14
