galstreams/tracks/track.st.New-21.ibata2024.ecsv
# %ECSV 1.0
# ---
# datatype:
# - {name: ra, unit: deg, datatype: float64}
# - {name: dec, unit: deg, datatype: float64}
# - {name: distance, unit: kpc, datatype: float64}
# - {name: pm_ra_cosdec, unit: mas / yr, datatype: float64}
# - {name: pm_dec, unit: mas / yr, datatype: float64}
# - {name: radial_velocity, unit: km / s, datatype: float64}
# delimiter: ','
# meta: !!omap
# - __serialized_columns__:
#     dec:
#       __class__: astropy.coordinates.angles.Latitude
#       unit: &id001 !astropy.units.Unit {unit: deg}
#       value: !astropy.table.SerializedColumn {name: dec}
#     distance:
#       __class__: astropy.coordinates.distances.Distance
#       unit: !astropy.units.Unit {unit: kpc}
#       value: !astropy.table.SerializedColumn {name: distance}
#     pm_dec:
#       __class__: astropy.units.quantity.Quantity
#       unit: !astropy.units.Unit {unit: mas / yr}
#       value: !astropy.table.SerializedColumn {name: pm_dec}
#     pm_ra_cosdec:
#       __class__: astropy.units.quantity.Quantity
#       unit: !astropy.units.Unit {unit: mas / yr}
#       value: !astropy.table.SerializedColumn {name: pm_ra_cosdec}
#     ra:
#       __class__: astropy.coordinates.angles.Longitude
#       unit: *id001
#       value: !astropy.table.SerializedColumn {name: ra}
#       wrap_angle: !astropy.coordinates.Angle
#         unit: *id001
#         value: 360.0
#     radial_velocity:
#       __class__: astropy.units.quantity.Quantity
#       unit: !astropy.units.Unit {unit: km / s}
#       value: !astropy.table.SerializedColumn {name: radial_velocity}
# schema: astropy-2.0
ra,dec,distance,pm_ra_cosdec,pm_dec,radial_velocity
[from data line 427]
317.548492448084,10.740855831163909,1.0000000000000007,-2.3597723640759725,-2.792706802173079,-538.7760841035209
317.5590422055603,10.738076350651983,1.0000000000000004,-2.3542079590846043,-2.791102068765113,-519.5894740898013
317.56959379072987,10.735299212066419,1.0000000000000004,-2.3486475775566973,-2.7894901727574286,-499.4214133728825
317.58014710464465,10.732524282473515,1.0000000000000004,-2.343091230031355,-2.787871172889904,-478.3121225176693
317.5907020483411,10.729751428953508,1.0000000000000007,-2.337538927059512,-2.7862451278931353,-456.30182208907337
317.60125852283977,10.726980518600664,1.0000000000000002,-2.3319906792037415,-2.7846120964885515,-433.43073265199865
317.61181642914573,10.724211418523048,1.0000000000000002,-2.3264464970386243,-2.782972137388363,-409.73907477135685
317.6223756682485,10.721443995842666,1.0000000000000002,-2.3209063911504586,-2.781325309295614,-385.2670690120523
317.63293614112195,10.718678117695376,1.0000000000000004,-2.31537037213738,-2.7796716709042073,-360.05493593899706
317.6434977487243,10.715913651230998,1.0000000000000004,-2.309838450609334,-2.7780112808989355,-334.1428961170946
317.6540603919984,10.713150463613108,1.0000000000000004,-2.304310637188138,-2.77634419795549,-307.5711701112577
317.6646239718716,10.710388422019161,1.0000000000000004,-2.298786942507345,-2.7746704807404594,-280.3799784863916
317.67518838925554,10.707627393640394,1.0000000000000002,-2.2932673772126186,-2.7729901879114216,-252.6095418074021
317.68575354504645,10.704867245681966,1.0000000000000002,-2.2877519519612477,-2.7713033781168885,-224.30008063920195
317.696319340125,10.702107845362713,1.0000000000000004,-2.282240677422525,-2.7696101099963917,-195.4918155466944
317.7068856753568,10.699349059915257,1.0000000000000002,-2.27673356427756,-2.767910442180466,-166.2249670947922
317.71745245159144,10.696590756586073,1.0000000000000002,-2.27123062321939,-2.766204433290688,-136.53975584839827
317.7280195696635,10.693832802635292,1.0000000000000004,-2.265731864952963,-2.7644921419396953,-106.47640237242604
317.7385869303922,10.69107506533679,1.0000000000000002,-2.2602373001950804,-2.7627736267312084,-76.07512723177751
317.7491544345813,10.688317411978122,1.0000000000000004,-2.2547469396744977,-2.761048946260056,-45.37615099136655
317.7597219830192,10.685559709860636,1.0000000000000002,-2.2492607941318625,-2.7593181591121985,-14.419694216095767
317.770289476479,10.682801826299253,1.0000000000000004,-2.2437788743197524,-2.757581323864742,16.75402252912148
317.78085681571866,10.680043628622569,1.0000000000000002,-2.238301191002683,-2.7558384990859732,48.10477867938017
317.79142390148075,10.677284984172791,1.0000000000000002,-2.2328277549570767,-2.7540897433353706,79.5923536697752
317.80199063449277,10.674525760305844,1.0000000000000002,-2.227358576971339,-2.752335115163633,111.17652693539245
317.81255691546687,10.671765824391143,1.0000000000000002,-2.2218936678457624,-2.7505746731127076,142.8170779113301
317.8231226451003,10.669005043811673,1.0000000000000004,-2.2164330383926156,-2.7488084757157925,174.47378603267458
317.83368772407476,10.66624328596409,1.0000000000000004,-2.210976699436138,-2.7470365814973885,206.10643073452314
317.84425205305735,10.663480418258471,1.0000000000000002,-2.2055246618124578,-2.7452590489732938,237.67479145196245
317.8548155326999,10.660716308118442,1.0000000000000002,-2.2000769363697685,-2.743475936650629,269.13864762009024
317.8653780636392,10.657950822981103,1.0000000000000002,-2.1946335339681617,-2.741687303027902,300.4577786739927
317.875939546497,10.655183830297108,1.0000000000000002,-2.189194465479602,-2.7398932065949513,331.5919640487675
317.88649988188035,10.652415197530472,1.0000000000000002,-2.1837597417882577,-2.7380937058330517,362.50098317950113
317.89705897038124,10.649644792158664,1.0000000000000002,-2.1783293737900564,-2.7362888592148753,393.1446155012887
317.90761671257667,10.646872481672528,1.0000000000000002,-2.172903372392888,-2.734478725204543,423.48264044922473
317.91817300902903,10.644098133576396,1.0000000000000004,-2.167481748516906,-2.7326633622576537,453.47483745839554
317.92872776028577,10.641321615387852,1.0000000000000002,-2.16206451309381,-2.730842828821263,483.08098596389897
317.9392808668798,10.63854279463782,1.0000000000000004,-2.1566516770676643,-2.72901718333398,512.2608654008216
317.94983222932893,10.635761538870634,1.0000000000000004,-2.151243251394206,-2.727186484225893,540.9742552042605
317.9603817481367,10.632977715643827,1.0000000000000002,-2.1458392470413585,-2.7253507899186893,569.1809348093026
317.9709293237919,10.63019119252821,1.0000000000000004,-2.140439674988947,-2.72351015882559,596.8406836510455
317.9814748567687,10.627401837107822,1.0000000000000004,-2.13504454622894,-2.7216646493514602,623.9132811645758
317.99201824752663,10.624609516980001,1.0000000000000002,-2.1296538717647735,-2.719814319892759,650.3585067849904
318.002559396511,10.621814099755184,1.0000000000000002,-2.1242676626125387,-2.7179592288375787,676.1361399473764
318.0130982041526,10.619015453057001,1.0000000000000004,-2.1188859297998874,-2.7160994345657024,701.2059600868287
318.0236345708676,10.61621344452219,1.0000000000000004,-2.113508684366465,-2.714234995448578,725.5277466384414
318.0341683970581,10.613407941800697,1.0000000000000004,-2.108135937364139,-2.7123659698493796,749.0612790373019
318.0446995831118,10.610598812555457,1.0000000000000002,-2.1027676998564573,-2.7104924161229995,771.7663367185066
318.05522802940214,10.607785924462462,1.0000000000000004,-2.09740398291909,-2.708614392616081,793.6026991171435
318.0657536362883,10.60496914521084,1.0000000000000002,-2.0920447976396304,-2.706731957667074,814.5301456683084
318.0762763041156,10.602148342502616,1.0000000000000002,-2.0866901551178643,-2.704845169606177,834.5084558070898
318.08679593321483,10.599323384052829,1.0000000000000004,-2.0813400664650175,-2.7029540867554473,853.4974089685833
318.0973124239032,10.596494137589435,1.0000000000000002,-2.075994542804807,-2.7010587674287763,871.4567845878772
318.1078256764835,10.593660470853406,1.0000000000000004,-2.0706535952727165,-2.6991592699318936,888.346362100067
318.118335591245,10.590822251598508,1.0000000000000002,-2.06531723501611,-2.697255652562472,904.1259209402415
318.12884206846275,10.587979347591405,1.0000000000000004,-2.059985473194274,-2.6953479736100405,918.7552405434949
318.1393450083983,10.585131626611558,1.0000000000000004,-2.0546583209788167,-2.693436291356086,932.1941003449197
318.1498443112992,10.582278956451331,1.0000000000000002,-2.049335789552856,-2.691520664074048,944.4022797796059
318.16033987739934,10.57942120491576,1.0000000000000004,-2.0440178901115047,-2.6896011500293184,955.3395582826478
318.1708316069191,10.576558239822637,1.0000000000000002,-2.0387046338618973,-2.6876778074793393,964.9657152891349
318.1813194000651,10.573689929002546,1.0000000000000004,-2.033396032023262,-2.6857506946735086,973.2405302341617
318.1918031570305,10.570816140298675,1.0000000000000002,-2.028092095826608,-2.6838198698533446,980.1237825528179
318.20228277799515,10.567936741566871,1.0000000000000004,-2.0227928365145544,-2.681885391252351,985.5752516801977
318.2127581631253,10.565051600675634,1.0000000000000002,-2.0174982653422546,-2.679947317096193,989.5547170513918
318.22322921257387,10.562160585506028,1.0000000000000002,-2.012208393576344,-2.6780057056025797,992.0219581014921
318.23369582648064,10.559263563951683,1.0000000000000002,-2.00692323249514,-2.6760606149814095,992.9367542655916
318.24415790497216,10.55636040391875,1.0000000000000004,-2.0016427933896352,-2.67411210343473,992.2588849787819
318.2546153481617,10.553450973325868,1.0000000000000004,-1.9963670875617652,-2.6721602291567237,989.948129676155
318.26506805614963,10.55053514010414,1.0000000000000002,-1.9910961263261555,-2.6702050503338413,985.9642677928026
318.2755159290231,10.547612772197091,1.0000000000000004,-1.9858299210086017,-2.6682466251446755,980.2670787638172
318.28595886685656,10.544683737560634,1.0000000000000004,-1.9805684829474473,-2.6662850117601664,972.8163420242906
318.2963967697114,10.541747904163055,1.0000000000000002,-1.9753118234922908,-2.6643202683434666,963.5718370093147
318.30682953763636,10.538805139984937,1.0000000000000002,-1.9700599540049666,-2.6623524530499907,952.4933431539824
318.3172570706673,10.535855313019175,1.0000000000000004,-1.9648128858588478,-2.6603816240275435,939.5406398933841
318.32767926882747,10.532898291270907,1.0000000000000002,-1.9595706304392593,-2.6584078394162063,924.6735066626137
318.3380960321275,10.529933942757502,1.0000000000000004,-1.9543331991435053,-2.6564311573484716,907.8517228967628
318.3485072605656,10.526962135508496,1.0000000000000002,-1.9491006033804155,-2.654451635949197,889.0350680309211
318.3589128541274,10.523982737565587,1.0000000000000002,-1.9438728545707988,-2.6524693333356133,868.1833215001844
318.3693127127863,10.520995616982576,1.0000000000000002,-1.9386499641472454,-2.650484307617436,845.2562627396409
318.3797067365033,10.518000641825356,1.0000000000000002,-1.9334319435538987,-2.6484966168968356,820.2136711843864
318.39009482522715,10.514997680171835,1.0000000000000004,-1.9282188042470096,-2.6465063192683935,793.0153262695093
318.4004768788945,10.51198660011195,1.0000000000000002,-1.9230105576942407,-2.6445134728192734,763.6210074301054
318.41085279742987,10.508967269747586,1.0000000000000002,-1.9178072153751344,-2.6425181356291105,731.9904941012622
318.421222480746,10.505939557192562,1.0000000000000004,-1.9126087887811423,-2.6405203657701115,698.0835657180771
318.4315858287435,10.502903330572595,1.0000000000000004,-1.9074152894151126,-2.6385202213070436,661.8600017156365
318.4419427413111,10.499858458025242,1.0000000000000002,-1.902226728791753,-2.63651776029727,623.2795815290382
318.452293118326,10.496804807699888,1.0000000000000004,-1.897043118437594,-2.634513040790779,582.3020845933715
318.46263685965357,10.49374224775768,1.0000000000000002,-1.8918644698905354,-2.6325061208301967,538.8872903437245
318.47297386514765,10.490670646371514,1.0000000000000004,-1.8866907947003995,-2.6304970584508105,492.994978215197
318.4833040346504,10.487589871725984,1.0000000000000002,-1.8815221044284556,-2.6284859116806008,444.5849276428727
318.49362726799285,10.48449979201733,1.0000000000000004,-1.8763584106477964,-2.626472738540251,393.6169180618521
318.50394346499445,10.481400275453424,1.0000000000000004,-1.871199724943068,-2.6244575970432162,340.0507289072188
318.5142525254634,10.478291190253717,1.0000000000000002,-1.866046058910431,-2.622440545195671,283.8461396140736
318.52455434919693,10.475172404649191,1.0000000000000002,-1.8608974241578053,-2.620421640996584,224.96292961749893
318.53484883598094,10.472043786882331,1.0000000000000004,-1.8557538323045222,-2.618400942437758,163.36087835259747
318.5451358855904,10.468905205207081,1.0000000000000002,-1.8506152949815746,-2.6163785075038004,98.9997652544496
318.55541539778943,10.465756527888795,1.0000000000000002,-1.8454818238314874,-2.6143543941721865,31.83936975815948
318.56568727233133,10.46259762320421,1.0000000000000002,-1.8403534305082996,-2.6123286604132727,-38.160528701186536
318.5759514089585,10.45942835944139,1.0000000000000004,-1.8352301266775513,-2.610301364190324,-111.04015068850346
318.5862077074028,10.456248604899695,1.0000000000000002,-1.830111924016336,-2.6082725634595336,-186.83971676868572
318.59645606738565,10.45305822788973,1.0000000000000002,-1.8249988342131331,-2.6062423161700448,-265.5994475066548
318.60669638861776,10.449857096733313,1.0000000000000002,-1.8198908689679456,-2.6042106802639804,-347.35956346730563
318.61692857079964,10.446645079763412,1.0000000000000004,-1.8147880399922443,-2.602177713676486,-432.1602852155596
318.62715251362135,10.44342204532413,1.0000000000000002,-1.8096903590089752,-2.60014347433572,-520.0418333163096
318.63736811676307,10.440187861770646,1.0000000000000002,-1.8045978377522758,-2.598108020162872,-611.0444283344805
318.6475752798945,10.436942397469162,1.0000000000000004,-1.7995104879678223,-2.596071409072259,-705.2082908349626
318.6577739026755,10.433685520796882,1.0000000000000002,-1.7944283214128944,-2.5940336989712627,-802.5736413826813
318.66796388475615,10.430417100141948,1.0000000000000002,-1.7893513498556217,-2.591994947760419,-903.1807005425275
318.67814512577655,10.427137003903402,1.0000000000000002,-1.7842795850758932,-2.5899552133333827,-1007.0696888794166
318.6883175253671,10.423845100491151,1.0000000000000004,-1.7792130388646683,-2.5879145535770363,-1114.2808269582674
318.69848098314867,10.420541258325905,1.0000000000000002,-1.7741517230243034,-2.585873026371395,-1224.854335343969
318.70863539873244,10.417225345839142,1.0000000000000004,-1.7690956493686087,-2.583830689589824,-1338.8304346014475
318.7187806717204,10.41389723147307,1.0000000000000002,-1.7640448297223088,-2.5817876010987817,-1456.2493452955919
318.72891670170503,10.410556783680551,1.0000000000000002,-1.7589992759216955,-2.5797438187581534,-1577.1512879913305
318.7390433882697,10.407203870925096,1.0000000000000002,-1.7539589998139036,-2.5776994004210536,-1701.5764832535506
318.7491606309885,10.403838361680789,1.0000000000000002,-1.7489240132575503,-2.5756544039339104,-1829.5651516471814
318.7592683294268,10.400460124432252,1.0000000000000004,-1.7438943281221952,-2.5736088871366007,-1961.1575137371083
318.76936638314066,10.397069027674593,1.0000000000000002,-1.7388699562887098,-2.571562907862301,-2096.3937900882506
318.77945469167764,10.393664939913371,1.0000000000000002,-1.7338509096495045,-2.5695165239375797,-2235.314201265528
318.78953315457636,10.39024772966452,1.0000000000000004,-1.7288372001073924,-2.5674697931826103,-2377.9589678338257
318.79960167136704,10.386817265454345,1.0000000000000002,-1.723828839576413,-2.5654227734107025,-2524.3683103580743
318.8096601415712,10.38337341581943,1.0000000000000002,-1.718825839982344,-2.5633755224290837,-2674.5824494031563
318.81970846470216,10.379916049306619,1.0000000000000002,-1.7138282132606264,-2.5613280980381035,-2828.6416055340096
318.82974654026475,10.37644503447296,1.0000000000000002,-1.7088359713591217,-2.5592805580318583,-2986.5859993155123
318.8397742677558,10.372960239885643,1.0000000000000004,-1.7038491262358093,-2.5572329601980073,-3148.455851312601
318.84979154666377,10.36946153412198,1.0000000000000002,-1.6988676898603785,-2.555185362317687,-3314.2913820901545
318.8597982764695,10.365948785769321,1.0000000000000002,-1.6938916742129209,-2.553137822165837,-3484.132812213109
318.86979435664574,10.36242186342503,1.0000000000000004,-1.6889210912847261,-2.5510903975109045,-3658.0203622463437
318.87977968665757,10.35888063569643,1.0000000000000002,-1.6839559530775432,-2.5490431461149967,-3835.9942527547823
318.8897541659624,10.355324971200744,1.0000000000000002,-1.678996271603637,-2.5469961257340117,-4018.094704303347
318.8997176940101,10.351754738565054,1.0000000000000002,-1.6740420588875509,-2.5449493941175376,-4204.361937456914
318.90967017024315,10.348169806426242,1.0000000000000004,-1.6690933269643438,-2.54290300900891,-4394.836172780429
318.9196114940967,10.344570043430956,1.0000000000000004,-1.6641500878779425,-2.5408570281452683,-4589.557630838758
318.9295415649986,10.34095531823554,1.0000000000000002,-1.6592123536863141,-2.5388115092575845,-4788.56653219685
318.93946028236985,10.33732549950599,1.0000000000000002,-1.654280136454645,-2.5367665100705494,-4991.903097419573
318.9493675456242,10.3336804559179,1.0000000000000002,-1.6493534482616496,-2.534722088302857,-5199.607547071875
318.95926325416883,10.330020056156425,1.0000000000000002,-1.644432301194911,-2.53267830166709,-5411.720101718627
318.96914730740394,10.326344168916206,1.0000000000000002,-1.6395167073527546,-2.530635207869665,-5628.280981924768
318.97901960472313,10.32265266290133,1.0000000000000002,-1.6346066788461258,-2.528592864611113,-5849.330408255177
