galstreams/tracks/track.st.Svol.ibata2024.ecsv
# %ECSV 1.0
# ---
# datatype:
# - {name: ra, unit: deg, datatype: float64}
# - {name: dec, unit: deg, datatype: float64}
# - {name: distance, unit: kpc, datatype: float64}
# - {name: pm_ra_cosdec, unit: mas / yr, datatype: float64}
# - {name: pm_dec, unit: mas / yr, datatype: float64}
# - {name: radial_velocity, unit: km / s, datatype: float64}
# delimiter: ','
# meta: !!omap
# - __serialized_columns__:
#     dec:
#       __class__: astropy.coordinates.angles.Latitude
#       unit: &id001 !astropy.units.Unit {unit: deg}
#       value: !astropy.table.SerializedColumn {name: dec}
#     distance:
#       __class__: astropy.coordinates.distances.Distance
#       unit: !astropy.units.Unit {unit: kpc}
#       value: !astropy.table.SerializedColumn {name: distance}
#     pm_dec:
#       __class__: astropy.units.quantity.Quantity
#       unit: !astropy.units.Unit {unit: mas / yr}
#       value: !astropy.table.SerializedColumn {name: pm_dec}
#     pm_ra_cosdec:
#       __class__: astropy.units.quantity.Quantity
#       unit: !astropy.units.Unit {unit: mas / yr}
#       value: !astropy.table.SerializedColumn {name: pm_ra_cosdec}
#     ra:
#       __class__: astropy.coordinates.angles.Longitude
#       unit: *id001
#       value: !astropy.table.SerializedColumn {name: ra}
#       wrap_angle: !astropy.coordinates.Angle
#         unit: *id001
#         value: 360.0
#     radial_velocity:
#       __class__: astropy.units.quantity.Quantity
#       unit: !astropy.units.Unit {unit: km / s}
#       value: !astropy.table.SerializedColumn {name: radial_velocity}
# schema: astropy-2.0
ra,dec,distance,pm_ra_cosdec,pm_dec,radial_velocity
[from data line 1959]
230.74623587849277,28.00764130601892,0.9999999999999998,1.830199632015642,-4.611125267347704,-188.21348406239323
230.75747496596273,28.006165955876003,0.9999999999999998,1.8315079998037458,-4.612303112068524,-188.22047637013114
230.76871357449286,28.004688992162073,0.9999999999999998,1.8328165598194044,-4.613481332879303,-188.22745832815326
230.77995170370977,28.003210415028754,0.9999999999999997,1.8341253116946312,-4.614659929736568,-188.23442992387922
230.79118935323976,28.001730224627796,0.9999999999999998,1.8354342550614433,-4.6158389025966695,-188.24139114472828
230.80242652270988,28.000248421110967,0.9999999999999998,1.8367433895520016,-4.617018251415773,-188.2483419781198
230.81366321174673,27.99876500463015,0.9999999999999998,1.838052714798378,-4.618197976149876,-188.2552824114732
230.8248994199775,27.99727997533727,0.9999999999999998,1.8393622304327888,-4.619378076754771,-188.2622124322079
230.83613514702935,27.995793333384313,0.9999999999999997,1.8406719360874462,-4.620558553186095,-188.26913202774327
230.84737039252968,27.994305078923386,0.9999999999999998,1.8419818313946887,-4.621739405399312,-188.27604118549868
230.85860515610605,27.992815212106596,0.9999999999999998,1.843291915986823,-4.622920633349693,-188.28293989289347
230.86983943738605,27.991323733086194,0.9999999999999998,1.8446021894962374,-4.624102236992332,-188.28982813734717
230.8810732359975,27.98983064201444,0.9999999999999997,1.8459126515553237,-4.625284216282164,-188.29670590627904
230.89230655156848,27.988335939043683,0.9999999999999997,1.8472233017965731,-4.626466571173909,-188.3035731871085
230.903539383727,27.98683962432637,0.9999999999999997,1.8485341398524966,-4.627649301622132,-188.31042996725492
230.91477173210149,27.985341698014967,0.9999999999999998,1.8498451653556476,-4.628832407581239,-188.31727623413778
230.9260035963203,27.98384216026206,0.9999999999999997,1.8511563779386524,-4.630015889005435,-188.32411197517635
230.93723497601206,27.982341011220267,0.9999999999999998,1.8524677772341729,-4.631199745848734,-188.33093717779008
230.94846587080565,27.98083825104229,0.9999999999999997,1.8537793628748886,-4.632383978064995,-188.33775182939834
230.9596962803298,27.97933387988092,0.9999999999999997,1.8550911344935734,-4.633568585607902,-188.34455591742054
230.97092620421378,27.977827897888968,0.9999999999999997,1.8564030917229957,-4.634753568430941,-188.35134942927604
230.9821556420867,27.97632030521937,0.9999999999999998,1.8577152341960357,-4.6359389264874515,-188.35813235238433
230.9933845935781,27.974811102025093,0.9999999999999998,1.8590275615455933,-4.637124659730558,-188.36490467416453
231.00461305831732,27.97330028845921,0.9999999999999998,1.8603400734045472,-4.638310768113225,-188.37166638203632
231.01584103593416,27.97178786467482,0.9999999999999997,1.8616527694059162,-4.639497251588255,-188.37841746341888
231.0270685260586,27.970273830825107,0.9999999999999997,1.8629656491827298,-4.640684110108246,-188.3851579057318
231.03829552832045,27.96875818706335,0.9999999999999998,1.864278712368037,-4.641871343625628,-188.3918876963943
231.04952204235016,27.96724093354286,0.9999999999999998,1.865591958595049,-4.643058952092675,-188.39860682282583
231.06074806777775,27.965722070417048,0.9999999999999996,1.8669053874968267,-4.644246935461446,-188.40531527244576
231.07197360423402,27.964201597839363,0.9999999999999996,1.8682189987066646,-4.645435293683855,-188.4120130326735
231.08319865134936,27.96267951596336,0.9999999999999996,1.8695327918577895,-4.646624026711624,-188.4187000909284
231.09442320875476,27.961155824942633,0.9999999999999997,1.870846766583563,-4.647813134496305,-188.42537643462992
231.10564727608113,27.95963052493086,0.9999999999999997,1.8721609225172866,-4.649002616989257,-188.4320420511974
231.11687085295958,27.95810361608177,0.9999999999999998,1.873475259292416,-4.650192474141683,-188.43869692805015
231.1280939390215,27.956575098549184,0.9999999999999997,1.8747897765424018,-4.651382705904611,-188.44534105260766
231.13931653389815,27.955044972487,0.9999999999999997,1.8761044739007087,-4.65257331222886,-188.4519744122894
231.1505386372212,27.953513238049144,0.9999999999999997,1.877419351000901,-4.653764293065109,-188.45859699451452
231.1617602486225,27.95197989538963,0.9999999999999999,1.878734407476582,-4.654955648363837,-188.46520878670268
231.17298136773388,27.950444944662575,0.9999999999999999,1.8800496429614437,-4.65614737807536,-188.47180977627295
231.18420199418742,27.9489083860221,0.9999999999999998,1.8813650570890808,-4.657339482149808,-188.47839995064498
231.1954221276154,27.947370219622464,0.9999999999999998,1.8826806494933432,-4.658531960537147,-188.48497929723803
231.20664176765007,27.945830445617933,0.9999999999999999,1.883996419807909,-4.659724813187136,-188.49154780347158
231.21786091392414,27.944289064162874,0.9999999999999997,1.8853123676666534,-4.66091804004941,-188.4981054567649
231.2290795660702,27.942746075411733,0.9999999999999997,1.8866284927034602,-4.662111641073388,-188.5046522445375
231.24029772372128,27.941201479518973,0.9999999999999998,1.8879447945522934,-4.663305616208316,-188.51118815420872
231.2515153865102,27.939655276639208,0.9999999999999999,1.8892612728470812,-4.664499965403266,-188.51771317319785
231.26273255407025,27.938107466927036,0.9999999999999998,1.8905779272218517,-4.665694688607157,-188.5242272889245
231.27394922603477,27.936558050537194,0.9999999999999998,1.8918947573107108,-4.666889785768687,-188.5307304888078
231.2851654020372,27.93500702762443,0.9999999999999996,1.8932117627477183,-4.668085256836427,-188.53722276026733
231.29638108171133,27.933454398343578,0.9999999999999998,1.8945289431671188,-4.669281101758742,-188.54370409072234
231.30759626469083,27.93190016284957,0.9999999999999996,1.8958462982030593,-4.67047732048383,-188.5501744675923
231.31881095060976,27.93034432129737,0.9999999999999998,1.8971638274898268,-4.671673912959701,-188.55663387829662
231.3300251391022,27.928786873842025,0.9999999999999997,1.8984815306617087,-4.672870879134205,-188.56308231025469
231.34123882980245,27.927227820638656,0.9999999999999999,1.8997994073531057,-4.674068218955018,-188.5695197508858
231.35245202234515,27.92566716184242,0.9999999999999998,1.901117457198426,-4.675265932369635,-188.5759461876094
231.3636647163646,27.924104897608597,0.9999999999999997,1.902435679832065,-4.676464019325358,-188.5823616078448
231.37487691149582,27.922541028092475,0.9999999999999998,1.903754074888555,-4.677662479769353,-188.58876599901157
231.38608860737358,27.920975553449477,0.9999999999999998,1.9050726420024446,-4.6788613136485555,-188.59515934852897
231.39729980363313,27.919408473835016,0.9999999999999997,1.90639138080833,-4.680060520909786,-188.60154164381635
231.40851049990957,27.917839789404642,0.9999999999999998,1.9077102909408712,-4.681260101499641,-188.60791287229318
231.41972069583835,27.916269500313923,0.9999999999999997,1.9090293720347233,-4.682460055364572,-188.6142730213788
231.43093039105517,27.914697606718516,0.9999999999999997,1.9103486237246567,-4.683660382450846,-188.62062207849263
231.44213958519558,27.913124108774163,0.9999999999999998,1.9116680456454649,-4.684861082704547,-188.62696003105413
231.4533482778956,27.911549006636633,0.9999999999999996,1.9129876374319572,-4.68606215607158,-188.63328686648242
231.46455646879116,27.909972300461806,0.9999999999999998,1.914307398719016,-4.687263602497705,-188.6396025721972
231.47576415751857,27.9083939904056,0.9999999999999996,1.9156273291416053,-4.688465421928473,-188.6459071356177
231.48697134371415,27.906814076624,0.9999999999999998,1.9169474283346553,-4.68966761430929,-188.65220054416332
231.4981780270145,27.905232559273074,0.9999999999999998,1.9182676959332774,-4.69087017958535,-188.6584827852534
231.5093842070562,27.903649438508946,0.9999999999999997,1.9195881315724481,-4.692073117701703,-188.6647538463075
231.52058988347616,27.902064714487825,0.9999999999999997,1.9209087348873695,-4.693276428603216,-188.67101371474487
231.5317950559114,27.900478387365972,0.9999999999999997,1.922229505513192,-4.6944801122345865,-188.67726237798487
231.5429997239991,27.89889045729969,0.9999999999999997,1.9235504430851016,-4.695684168540314,-188.683499823447
231.55420388737653,27.897300924445418,0.9999999999999999,1.9248715472384195,-4.696888597464758,-188.6897260385506
231.5654075456813,27.895709788959593,0.9999999999999997,1.9261928176084222,-4.698093398952063,-188.69594101071493
231.5766106985509,27.894117050998755,0.9999999999999998,1.9275142538305161,-4.699298572946251,-188.70214472735958
231.58781334562326,27.892522710719497,0.9999999999999996,1.9288358555400613,-4.700504119391113,-188.70833717590386
231.59901548653636,27.8909267682785,0.9999999999999997,1.9301576223725974,-4.70171003823031,-188.7145183437671
231.6102171209282,27.889329223832483,0.9999999999999998,1.9314795539635607,-4.702916329407305,-188.7206882183688
231.62141824843727,27.88773007753824,0.9999999999999998,1.932801649948523,-4.704122992865383,-188.72684678712827
231.6326188687019,27.88612932955266,0.9999999999999997,1.9341239099631675,-4.705330028547683,-188.73299403746492
231.64381898136074,27.884526980032653,0.9999999999999997,1.9354463336430268,-4.706537436397134,-188.73912995679805
231.65501858605256,27.882923029135238,0.9999999999999997,1.9367689206239191,-4.707745216356528,-188.74525453254716
231.66621768241637,27.881317477017454,0.9999999999999997,1.9380916705415565,-4.708953368368462,-188.75136775213156
231.67741627009113,27.879710323836477,0.9999999999999998,1.9394145830317235,-4.710161892375339,-188.75746960297073
231.6886143487162,27.87810156974948,0.9999999999999998,1.940737657730283,-4.711370788319421,-188.76356007248404
231.69981191793102,27.876491214913724,0.9999999999999997,1.9420608942731317,-4.712580056142798,-188.76963914809085
231.7110089773751,27.87487925948656,0.9999999999999997,1.9433842922962334,-4.713789695787359,-188.77570681721048
231.72220552668824,27.87326570362536,0.9999999999999998,1.94470785143554,-4.714999707194835,-188.7817630672624
231.7334015655103,27.871650547487626,0.9999999999999997,1.946031571327138,-4.7162100903067845,-188.78780788566598
231.74459709348142,27.87003379123087,0.9999999999999999,1.9473554516071463,-4.717420845064584,-188.79384125984063
231.75579211024177,27.868415435012682,0.9999999999999998,1.9486794919116335,-4.718631971409453,-188.79986317720568
231.76698661543176,27.866795478990756,0.9999999999999996,1.9500036918768444,-4.7198434692824165,-188.80587362518054
231.77818060869203,27.86517392332279,0.9999999999999997,1.9513280511390114,-4.721055338624346,-188.81187259118465
231.78937408966314,27.8635507681666,0.9999999999999998,1.9526525693344272,-4.722267579375913,-188.81786006263738
231.800567057986,27.86192601368006,0.9999999999999997,1.9539772460993703,-4.723480191477655,-188.82383602695805
231.81175951330187,27.860299660021063,0.9999999999999997,1.9553020810703572,-4.724693174869897,-188.829800471566
231.82295145525165,27.858671707347643,0.9999999999999998,1.9566270738836966,-4.725906529492823,-188.83575338388084
231.8341428834769,27.857042155817833,0.9999999999999998,1.9579522241759175,-4.727120255286412,-188.84169475132174
231.84533379761902,27.85541100558978,0.9999999999999998,1.9592775315835755,-4.72833435219049,-188.84762456130824
231.85652419731974,27.853778256821677,0.9999999999999999,1.9606029957432138,-4.729548820144707,-188.8535428012597
231.867714082221,27.852143909671767,0.9999999999999997,1.9619286162914769,-4.7307636590885505,-188.8594494585953
231.87890345196476,27.850507964298394,0.9999999999999998,1.9632543928651032,-4.7319788689613045,-188.86534452073468
231.89009230619317,27.848870420859928,0.9999999999999998,1.9645803251007266,-4.733194449702122,-188.8712279750972
231.9012806445485,27.847231279514844,0.9999999999999999,1.9659064126351815,-4.734410401249939,-188.87709980910213
231.91246846667343,27.845590540421647,0.9999999999999998,1.9672326551052848,-4.735626723543568,-188.88296001016892
231.92365577221048,27.84394820373895,0.9999999999999998,1.9685590521479313,-4.736843416521593,-188.88880856571697
231.9348425608025,27.842304269625384,0.9999999999999997,1.9698856034000176,-4.738060480122469,-188.8946454631656
231.9460288320926,27.84065873823966,0.9999999999999998,1.9712123084985347,-4.739277914284468,-188.9004706899344
231.95721458572373,27.8390116097406,0.9999999999999998,1.9725391670804981,-4.7404957189456685,-188.90628423344242
231.9683998213394,27.837362884287018,0.9999999999999997,1.973866178782993,-4.741713894044006,-188.91208608110932
231.9795845385829,27.83571256203784,0.9999999999999997,1.9751933432431397,-4.742932439517231,-188.9178762203544
231.99076873709802,27.834060643152046,0.9999999999999997,1.9765206600980783,-4.744151355302915,-188.92365463859704
232.0019524165285,27.832407127788695,0.9999999999999998,1.9778481289850962,-4.745370641338468,-188.92942132325666
232.0131355765183,27.83075201610688,0.9999999999999998,1.9791757495414188,-4.746590297561131,-188.93517626175264
232.02431821671163,27.829095308265778,0.9999999999999998,1.9805035214043691,-4.747810323907945,-188.9409194415043
232.03550033675268,27.827437004424638,0.9999999999999998,1.9818314442113358,-4.749030720315822,-188.94665084993102
232.04668193628603,27.825777104742762,0.9999999999999999,1.9831595175997325,-4.75025148672146,-188.95237047445235
232.05786301495607,27.82411560937953,0.9999999999999998,1.9844877412069746,-4.751472623061424,-188.95807830248754
232.06904357240782,27.822452518494373,0.9999999999999998,1.9858161146706568,-4.75269412927207,-188.963774321456
232.08022360828622,27.820787832246772,0.9999999999999996,1.987144637628358,-4.753916005289614,-188.96945851877717
232.0914031222362,27.81912155079632,0.9999999999999998,1.9884733097175946,-4.755138251050081,-188.97513088187034
232.1025821139032,27.81745367430263,0.9999999999999998,1.9898021305761056,-4.756360866489324,-188.980791398155
232.11376058293254,27.815784202925425,0.9999999999999998,1.991131099841601,-4.757583851543046,-188.98644005505045
232.12493852896986,27.81411313682444,0.9999999999999998,1.9924602171518249,-4.7588072061467415,-188.99207683997622
232.13611595166108,27.812440476159495,0.9999999999999997,1.9937894821446438,-4.7600309302357715,-188.99770174035152
232.14729285065187,27.810766221090503,0.9999999999999996,1.9951188944578444,-4.761255023745303,-189.00331474359572
232.15846922558848,27.80909037177739,0.9999999999999999,1.996448453729375,-4.7624794866103315,-189.00891583712846
232.1696450761172,27.807412928380213,0.9999999999999996,1.9977781595972672,-4.76370431876569,-189.01450500836881
232.18082040188435,27.80573389105901,0.9999999999999999,1.9991080116994233,-4.764929520146051,-189.02008224473647
232.19199520253653,27.804053259973973,0.9999999999999998,2.0004380096739816,-4.766155090685881,-189.02564753365064
232.20316947772054,27.802371035285294,0.9999999999999997,2.0017681531590235,-4.767381030319505,-189.0312008625307
232.2143432270833,27.800687217153232,0.9999999999999997,2.0030984417927336,-4.768607338981074,-189.03674221879604
232.2255164502718,27.79900180573816,0.9999999999999997,2.0044288752133053,-4.769834016604555,-189.0422715898661
232.2366891469334,27.79731480120045,0.9999999999999997,2.0057594530589853,-4.771061063123753,-189.0477889631603
232.2478613167154,27.79562620370061,0.9999999999999998,2.0070901749681145,-4.772288478472305,-189.05329432609798
232.25903295926545,27.79393601339915,0.9999999999999998,2.008421040579094,-4.773516262583659,-189.0587876660985
232.27020407423134,27.792244230456653,0.9999999999999999,2.0097520495302827,-4.774744415391126,-189.0642689705813
232.28137466126077,27.790550855033818,0.9999999999999997,2.0110832014601225,-4.775972936827808,-189.0697382269657
232.29254472000198,27.788855887291334,0.9999999999999998,2.012414496007155,-4.777201826826673,-189.0751954226712
