galstreams/tracks/track.st.NGC6101.ibata2021.ecsv
# %ECSV 0.9
# ---
# datatype:
# - {name: ra, unit: deg, datatype: float64}
# - {name: dec, unit: deg, datatype: float64}
# - {name: distance, unit: kpc, datatype: float64}
# - {name: pm_ra_cosdec, unit: mas / yr, datatype: float64}
# - {name: pm_dec, unit: mas / yr, datatype: float64}
# - {name: radial_velocity, unit: km / s, datatype: float64}
# delimiter: ','
# meta: !!omap
# - __serialized_columns__:
#     dec:
#       __class__: astropy.coordinates.angles.Latitude
#       unit: &id001 !astropy.units.Unit {unit: deg}
#       value: !astropy.table.SerializedColumn {name: dec}
#     distance:
#       __class__: astropy.coordinates.distances.Distance
#       unit: !astropy.units.Unit {unit: kpc}
#       value: !astropy.table.SerializedColumn {name: distance}
#     pm_dec:
#       __class__: astropy.units.quantity.Quantity
#       unit: !astropy.units.Unit {unit: mas / yr}
#       value: !astropy.table.SerializedColumn {name: pm_dec}
#     pm_ra_cosdec:
#       __class__: astropy.units.quantity.Quantity
#       unit: !astropy.units.Unit {unit: mas / yr}
#       value: !astropy.table.SerializedColumn {name: pm_ra_cosdec}
#     ra:
#       __class__: astropy.coordinates.angles.Longitude
#       unit: *id001
#       value: !astropy.table.SerializedColumn {name: ra}
#       wrap_angle: !astropy.coordinates.Angle
#         unit: *id001
#         value: 360.0
#     radial_velocity:
#       __class__: astropy.units.quantity.Quantity
#       unit: !astropy.units.Unit {unit: km / s}
#       value: !astropy.table.SerializedColumn {name: radial_velocity}
# schema: astropy-2.0
ra,dec,distance,pm_ra_cosdec,pm_dec,radial_velocity
[from data line 673]
261.62609377606174,-69.6875662002035,14.486846816810498,1.6060609042819147,0.18540353162629308,-9.999660966723401e-15
261.65089042435903,-69.6824488001753,14.486189980685376,1.60615458209071,0.18695689820580064,-1.7894130150978717e-14
261.67567877755283,-69.67732987938436,14.485548878154525,1.6062486593500516,0.1885075385726896,-1.6841534259744676e-14
261.7004588385047,-69.67220943769716,14.484923582496227,1.606343144017149,0.19005542793958377,-2.8946387008936165e-14
261.7252306100721,-69.66708747497998,14.484314166988762,1.6064380440875856,0.19160054152797812,-7.894469184255318e-15
261.74999409510815,-69.66196399109899,14.483720704910423,1.6065333675952698,0.1931428545682626,-5.262979456170211e-16
261.7747492964617,-69.65683898592022,14.483143269539491,1.606629122612393,0.1946823422997591,-2.315710960714893e-14
261.7994962169777,-69.65171245930958,14.482581934154249,1.6067253172493854,0.19621897997075233,-8.420767129872338e-15
261.8242348594965,-69.64658441113284,14.482036772032984,1.6068219596548696,0.19775274283851357,0.0
261.8489652268545,-69.64145484125562,14.481507856453986,1.60691905801562,0.19928360616933613,-2.8946387008936165e-14
261.87368732188384,-69.63632374954346,14.480995260695536,1.6070166205565146,0.20081154523856853,-2.1051917824680845e-15
261.8984011474124,-69.63119113586173,14.480499058035917,1.6071146555404956,0.20233653533063284,-2.9998982900170206e-14
261.9231067062641,-69.6260570000757,14.48001932175342,1.6072131712685185,0.20385855173907114,-1.1578554803574466e-14
261.9478040012585,-69.6209213420505,14.479556125126324,1.6073121760795142,0.20537756976656096,-1.0525958912340423e-15
261.9724930352109,-69.61578416165116,14.479109541432916,1.607411678350342,0.20689356472495146,-2.1051917824680846e-14
261.99717381093285,-69.61064545874258,14.478679643951484,1.6075116864957437,0.2084065119352963,-2.6314897280851058e-15
262.02184633123125,-69.60550523318956,14.478266505960312,1.6076122089683025,0.20991638672787566,-6.8418732930212744e-15
262.0465105989091,-69.60036348485676,14.47787020073768,1.6077132542583983,0.21142316444223247,-2.315710960714893e-14
262.07116661676537,-69.59522021360874,14.477490801561881,1.6078148308941609,0.21292682042719935,-1.7894130150978717e-14
262.0958143875947,-69.59007541930994,14.477128381711196,1.6079169474414274,0.2144273300409268,-1.894672604221276e-14
262.12045391418775,-69.58492910182474,14.476783014463914,1.6080196125037003,0.2159246686509158,-5.2629794561702115e-15
262.14508519933094,-69.57978126101735,14.476454773098315,1.6081228347220986,0.21741881163404206,3.1577876737021266e-15
262.1697082458065,-69.5746318967519,14.476143730892684,1.6082266227753181,0.21890973437658873,-2.947268495455318e-14
262.1943230563929,-69.56948100889242,14.475849961125313,1.6083309853795822,0.22039741227427948,-2.4209705498382972e-14
262.2189296338641,-69.56432859730285,14.475573537074476,1.6084359312886047,0.22188182073229668,-3.157787673702127e-14
262.2435279809903,-69.55917466184701,14.47531453201847,1.6085414692935367,0.22336293516532194,2.1051917824680845e-15
262.2681181005373,-69.55401920238863,14.475073019235573,1.6086476082229326,0.2248407309975533,-1.6841534259744676e-14
262.2926999952672,-69.54886221879136,14.474849072004075,1.608754356942696,0.22631518366274567,-1.1578554803574466e-14
262.3172736679376,-69.5437037109187,14.474642763602255,1.6088617243560424,0.22778626860423135,-3.1577876737021266e-15
262.3418391213024,-69.53854367863416,14.474454167308407,1.6089697194034525,0.22925396127495104,-1.2631150694808506e-14
262.3663963581112,-69.53338212180105,14.474283356400802,1.609078351062628,0.23071823713748396,-2.1051917824680845e-15
262.3909453811097,-69.52821904028269,14.474130404157739,1.6091876283484472,0.23217907166407262,6.315575347404253e-15
262.4154861930393,-69.52305443394222,14.473995383857497,1.6092975603129211,0.23363644033665282,-1.0525958912340423e-14
262.44001879663773,-69.51788830264277,14.47387836877836,1.6094081560451512,0.23509031864688437,-2.4209705498382972e-14
262.46454319463845,-69.51272064624737,14.47377943219862,1.6095194246712807,0.23654068209617665,-9.47336302110638e-15
262.4890593897708,-69.50755146461894,14.473698647396553,1.609631375354457,0.23798750619571357,-3.789345208442552e-14
262.5135673847604,-69.50238075762034,14.473636087650455,1.6097440172947792,0.23943076646648967,-1.9999321933446802e-14
262.5380671823286,-69.49720852511437,14.4735918262386,1.6098573597292634,0.24087043843932954,6.315575347404253e-15
262.5625587851928,-69.49203476696371,14.473565936439279,1.6099714119317887,0.24230649765491877,3.1577876737021266e-15
262.5870421960664,-69.48685948303103,14.473558491530772,1.610086183213063,0.2437389196638335,-7.368171238638296e-15
262.6115174176589,-69.48168267317888,14.473569564791374,1.6102016829205705,0.24516768002656814,6.315575347404253e-15
262.63598445267564,-69.47650433726973,14.473599229499362,1.6103179204385323,0.24659275431355582,-2.8420089063319142e-14
262.6604433038181,-69.47132447516604,14.473647558933026,1.6104349051878601,0.24801411810520774,-2.4209705498382972e-14
262.68489397378386,-69.46614308673016,14.473714626370645,1.6105526466261144,0.24943174699192966,-8.420767129872338e-15
262.70933646526623,-69.46096017182437,14.47380050509051,1.6106711542474583,0.2508456165741533,-1.5788938368510635e-14
262.7337707809548,-69.45577573031093,14.473905268370906,1.6107904375826136,0.25225570246236495,-1.894672604221276e-14
262.7581969235352,-69.45058976205199,14.474028989490115,1.6109105061988191,0.25366198027713127,-8.420767129872338e-15
262.782614895689,-69.44540226690967,14.47417174172642,1.6110313696997822,0.25506442564912407,-1.7894130150978717e-14
262.80702470009385,-69.44021324474602,14.474333598358117,1.6111530377256378,0.2564630142191524,-1.5788938368510635e-14
262.83142633942356,-69.43502269542306,14.474514632663478,1.611275519952905,0.25785772163818266,-1.2631150694808506e-14
262.8558198163478,-69.4298306188027,14.474714917920794,1.6113988260944412,0.2592485235673711,-2.2104513715914887e-14
262.88020513353257,-69.42463701474685,14.474934527408355,1.6115229658993973,0.26063539567808797,-1.6841534259744676e-14
262.9045822936398,-69.41944188311739,14.475173534404437,1.6116479491531763,0.2620183136519438,-1.0525958912340423e-14
262.9289512993275,-69.41424522377608,14.475432012187332,1.6117737856773866,0.26339725318081614,0.0
262.9533121532498,-69.40904703658465,14.475710034035323,1.6119004853298011,0.26477218996687557,8.420767129872338e-15
262.9776648580568,-69.40384732140485,14.47600767322669,1.61202805800431,0.26614309972261185,-2.7367493172085098e-14
263.00200941639514,-69.39864607809831,14.47632500303973,1.612156513630877,0.26750995817086665,-8.420767129872338e-15
263.02634583090696,-69.39344330652668,14.476662096752717,1.612285862175498,0.2688727410448452,-2.7367493172085098e-14
263.05067410423106,-69.3882390065515,14.477019027643937,1.6124161136401562,0.27023142408815654,-2.947268495455318e-14
263.074994239002,-69.38303317803434,14.477395868991687,1.6125472780627719,0.27158598305483345,-7.368171238638296e-15
263.0993062378506,-69.37782582083669,14.477792694074237,1.6126793655171714,0.2729363937093545,-2.8420089063319142e-14
263.1236101034039,-69.37261693482004,14.478209576169881,1.61281238611303,0.27428263182668006,-6.315575347404253e-15
263.1479058382849,-69.36740651984582,14.478646588556904,1.6129463499958352,0.2756246731922669,-8.420767129872338e-15
263.1721934451129,-69.36219457577543,14.479103804513587,1.6130812673468424,0.2769624936021011,-1.9999321933446802e-14
263.1964729265033,-69.35698110247024,14.47958129731822,1.6132171483830255,0.27829606886272273,9.47336302110638e-15
263.22074428506767,-69.35176609979163,14.480079140249083,1.613354003357042,0.2796253747912458,4.210383564936169e-15
263.24500752341373,-69.3465495676009,14.480597406584465,1.6134918425571796,0.2809503872153915,3.1577876737021266e-15
263.26926264414544,-69.34133150575936,14.481136169602646,1.6136306763073196,0.28227108197350753,-5.2629794561702115e-15
263.2935096498628,-69.33611191412828,14.48169550258192,1.6137705149668873,0.28358743491459704,-2.1051917824680845e-15
263.31774854316217,-69.33089079256894,14.482275478800565,1.6139113689308124,0.28489942189834,-2.2104513715914887e-14
263.341979326636,-69.32566814094257,14.48287617153687,1.6140532486294834,0.28620701879512317,-1.6841534259744676e-14
263.366202002873,-69.32044395911035,14.483497654069119,1.6141961645287026,0.2875102014860601,8.420767129872338e-15
263.390416574458,-69.31521824693353,14.484139999675598,1.6143401271296431,0.288808945863016,-2.1051917824680846e-14
263.4146230439722,-69.3099910042733,14.484803281634584,1.6144851469688062,0.29010322782864073,6.315575347404253e-15
263.43882141399274,-69.30476223099082,14.485487573224372,1.6146312346179754,0.29139302329637995,-1.473634247727659e-14
263.46301168709334,-69.29953192694725,14.486192947723248,1.6147784006841732,0.29267830819051344,-1.3683746586042549e-14
263.48719386584366,-69.29430009200378,14.486919478409492,1.6149266558096167,0.2939590584461692,-1.3683746586042549e-14
263.51136795280974,-69.28906672602152,14.487667238561388,1.6150760106716764,0.2952352500093542,-7.368171238638296e-15
263.5355339505538,-69.28383182886166,14.488436301457229,1.6152264759828274,0.2965068588369735,-3.368306851948935e-14
263.5596918616345,-69.27859540038531,14.489226740375289,1.6153780624906113,0.29777386089686286,0.0
263.58384168860647,-69.27335744045364,14.490038628593862,1.615530780977587,0.2990362321678009,-1.5788938368510635e-14
263.60798343402075,-69.26811794892775,14.490872039391226,1.6156846422612905,0.3002939486395451,-7.368171238638296e-15
263.6321171004247,-69.26287692566882,14.491727046045678,1.6158396571941884,0.3015469863128478,5.2629794561702115e-15
263.6562426903618,-69.25763437053797,14.492603721835494,1.6159958366636378,0.30279532119948266,-1.3683746586042549e-14
263.68036020637203,-69.25239028339632,14.493502140038954,1.6161531915918375,0.3040389293222715,-1.2631150694808506e-14
263.7044696509915,-69.24714466410508,14.494422373934357,1.6163117329357881,0.3052777867151033,6.315575347404253e-15
263.72857102675255,-69.24189751252538,14.495364496799981,1.616471471687247,0.30651186942295805,-1.3683746586042549e-14
263.75266433618407,-69.2366488285184,14.496328581914106,1.616632418872684,0.30774115350193715,-8.420767129872338e-15
263.77674958181103,-69.2313986119453,14.49731470255503,1.6167945855532364,0.30896561501927683,-1.0525958912340423e-14
263.8008267661547,-69.22614686266728,14.498322932001024,1.61695798282467,0.31018523005337906,-3.157787673702127e-14
263.8248958917331,-69.22089358054554,14.49935334353038,1.6171226218173287,0.3113999746938357,1.2631150694808506e-14
263.84895696105986,-69.21563876544133,14.500406010421385,1.6172885136960966,0.3126098250414405,-2.315710960714893e-14
263.87300997664556,-69.21038241721587,14.501481005952323,1.617455669660349,0.31381475720822904,-1.5788938368510635e-14
263.89705494099684,-69.20512453573042,14.502578403401479,1.6176241009439132,0.3150147473174884,-1.473634247727659e-14
263.92109185661667,-69.19986512084625,14.503698276047134,1.6177938188150216,0.31620977150378604,-1.473634247727659e-14
263.9451207260045,-69.19460417242469,14.504840697167582,1.617964834576271,0.31739980591299266,-2.315710960714893e-14
263.9691415516561,-69.18934169032704,14.506005740041097,1.6181371595645746,0.31858482670230326,-1.473634247727659e-14
263.9931543360634,-69.18407767441465,14.507193477945972,1.6183108051511212,0.31976481004026064,-1.3683746586042549e-14
264.01715908171514,-69.17881212454891,14.508403984160495,1.618485782741332,0.32093973210677884,-6.315575347404253e-15
264.04115579109595,-69.17354504059122,14.509637331962942,1.6186621037748155,0.32210956909316496,-1.0525958912340423e-14
264.0651444666871,-69.16827642240301,14.5108935946316,1.618839779725324,0.3232742972021411,-2.8420089063319142e-14
264.08912511096634,-69.16300626984577,14.512172845444761,1.619018822100708,0.32443389264787087,-1.7894130150978717e-14
264.11309772640755,-69.15773458278096,14.513475157680704,1.6191992424428774,0.3255883316559743,-2.7367493172085098e-14
264.1370623154813,-69.15246136107015,14.514800604617717,1.6193810523277534,0.32673759046355827,6.315575347404253e-15
264.16101888065424,-69.14718660457491,14.516149259534082,1.619564263365227,0.32788164531922964,-2.6314897280851057e-14
264.18496742438975,-69.14191031315684,14.51752119570809,1.6197488871991124,0.3290204724831289,-1.9999321933446802e-14
264.20890794914743,-69.13663248667757,14.518916486418018,1.619934935507109,0.33015404822694205,-1.2631150694808506e-14
264.2328404573834,-69.13135312499884,14.520335204942162,1.6201224200007518,0.33128234883392726,-3.1577876737021266e-15
264.2567649515501,-69.12607222798233,14.521777424558794,1.6203113524253718,0.3324053505989359,-1.5788938368510635e-14
264.28068143409666,-69.12078979548987,14.523243218546206,1.6205017445600494,0.3335230298284352,-1.0525958912340423e-15
264.30458990746837,-69.11550582738325,14.524732660182687,1.6206936082175722,0.334635362840528,5.2629794561702115e-15
264.3284903741071,-69.11022032352435,14.52624582274652,1.6208869552443932,0.3357423259649765,6.315575347404253e-15
264.3523828364511,-69.10493328377508,14.527782779515984,1.621081797520584,0.3368438955432211,-1.9999321933446802e-14
264.37626729693534,-69.09964470799741,14.529343603769371,1.6212781469597926,0.33794004792840804,5.2629794561702115e-15
264.4001437579908,-69.0943545960534,14.530928368784966,1.6214760155091992,0.33903075948540023,-3.8946047975659563e-14
264.42401222204546,-69.08906294780509,14.532537147841053,1.6216754151494754,0.34011600659081226,-1.5788938368510635e-14
264.44787269152346,-69.08376976311462,14.53417001421591,1.6218763578947353,0.34119576563301784,-1.5788938368510635e-14
264.4717251688454,-69.07847504184416,14.535827041187831,1.6220788557924977,0.3422700130121801,-1.894672604221276e-14
264.49556965642853,-69.07317878385597,14.537508302035096,1.6222829209236393,0.3433387251402703,-7.368171238638296e-15
264.5194061566865,-69.06788098901237,14.539213870035997,1.6224885654023495,0.3444018784410873,-1.2631150694808506e-14
264.5432346720296,-69.0625816571757,14.540943818468815,1.6226958013760935,0.3454594493502801,-2.947268495455318e-14
264.56705520486446,-69.05728078820842,14.54269822061183,1.6229046410255599,0.3465114143153707,-4.210383564936169e-15
264.59086775759437,-69.05197838197299,14.544477149743338,1.6231150965646246,0.347557749795768,-6.315575347404253e-15
264.61467233261897,-69.04667443833199,14.546280679141619,1.6233271802403033,0.3485984322627951,-2.947268495455318e-14
264.6384689323348,-69.04136895714804,14.548108882084955,1.6235409043327087,0.3496334381997118,1.5788938368510635e-14
264.66225755913433,-69.03606193828385,14.549961831851633,1.6237562811550081,0.35066274410172193,-1.6841534259744676e-14
264.68603821540717,-69.03075338160215,14.551839601719943,1.6239733230533795,0.3516863264760118,-2.1051917824680846e-14
264.70981090353916,-69.02544328696581,14.55374226496816,1.6241920424069662,0.35270416184175896,-3.1577876737021266e-15
264.7335756259128,-69.02013165423772,14.555669894874578,1.6244124516278375,0.35371622673015213,-2.947268495455318e-14
264.7573323849071,-69.01481848328088,14.557622564717478,1.6246345631609398,0.3547224976844193,-3.368306851948935e-14
264.78108118289776,-69.00950377395834,14.559600347775147,1.6248583894840591,0.3557229512598427,-1.2631150694808506e-14
264.8048220222569,-69.00418752613325,14.561603317325872,1.625083943107771,0.3567175640237759,7.368171238638296e-15
264.82855490535314,-68.99886973966879,14.563631546647933,1.6253112365754039,0.3577063125556684,-1.0525958912340423e-15
264.852279834552,-68.99355041442833,14.565685109019622,1.6255402824629914,0.3586891734470876,-7.368171238638296e-15
264.87599681221536,-68.98822955027516,14.567764077719215,1.625771093379231,0.35966612330173264,3.1577876737021266e-15
