galstreams/tracks/track.st.Orphan-Chenab.ibata2021.ecsv
# %ECSV 1.0
# ---
# datatype:
# - {name: ra, unit: deg, datatype: float64}
# - {name: dec, unit: deg, datatype: float64}
# - {name: distance, unit: kpc, datatype: float64}
# - {name: pm_ra_cosdec, unit: mas / yr, datatype: float64}
# - {name: pm_dec, unit: mas / yr, datatype: float64}
# - {name: radial_velocity, unit: km / s, datatype: float64}
# delimiter: ','
# meta: !!omap
# - __serialized_columns__:
#     dec:
#       __class__: astropy.coordinates.angles.Latitude
#       unit: &id001 !astropy.units.Unit {unit: deg}
#       value: !astropy.table.SerializedColumn {name: dec}
#     distance:
#       __class__: astropy.coordinates.distances.Distance
#       unit: !astropy.units.Unit {unit: kpc}
#       value: !astropy.table.SerializedColumn {name: distance}
#     pm_dec:
#       __class__: astropy.units.quantity.Quantity
#       unit: !astropy.units.Unit {unit: mas / yr}
#       value: !astropy.table.SerializedColumn {name: pm_dec}
#     pm_ra_cosdec:
#       __class__: astropy.units.quantity.Quantity
#       unit: !astropy.units.Unit {unit: mas / yr}
#       value: !astropy.table.SerializedColumn {name: pm_ra_cosdec}
#     ra:
#       __class__: astropy.coordinates.angles.Longitude
#       unit: *id001
#       value: !astropy.table.SerializedColumn {name: ra}
#       wrap_angle: !astropy.coordinates.Angle
#         unit: *id001
#         value: 360.0
#     radial_velocity:
#       __class__: astropy.units.quantity.Quantity
#       unit: !astropy.units.Unit {unit: km / s}
#       value: !astropy.table.SerializedColumn {name: radial_velocity}
# schema: astropy-2.0
ra,dec,distance,pm_ra_cosdec,pm_dec,radial_velocity
[from data line 7566]
172.9975757999699,-31.174975913552526,13.908411163622743,-3.0323884917211203,2.468696258071783,182.53919331207473
173.0012793797128,-31.184493886140903,13.908429659814,-3.0327535010277855,2.469087459298427,182.49816460408496
173.00498311859496,-31.19401196420818,13.908449076962926,-3.0331184865637826,2.469478519960429,182.45711135551727
173.00868701669276,-31.203530147804653,13.908469415204273,-3.0334834483037265,2.4698694400063506,182.41603356207537
173.01239107408267,-31.213048436980564,13.9084906746728,-3.0338483862222136,2.470260219384759,182.3749312194633
173.01609529084118,-31.222566831786292,13.90851285550327,-3.0342133002938363,2.4706508580442277,182.33380432338436
173.0197996670448,-31.23208533227212,13.908535957830455,-3.0345781904931637,2.471041355933333,182.29265286954276
173.02350420277006,-31.241603938488392,13.908559981789105,-3.034943056794758,2.4714317130006647,182.2514768536422
173.0272088980936,-31.251122650485502,13.908584927513983,-3.0353078991731657,2.471821929194813,182.2102762713863
173.0309137530919,-31.2606414683138,13.908610795139852,-3.0356727176029192,2.472212004464374,182.1690511184791
173.03461876784172,-31.270160392023673,13.908637584801474,-3.0360375120585417,2.4726019387579545,182.12780139062406
173.03832394241965,-31.279679421665506,13.908665296633615,-3.036402282514538,2.4729917320241603,182.08652708352534
173.0420292769024,-31.289198557289758,13.908693930771028,-3.036767028945402,2.4733813842116126,182.04522819288647
173.0457347713667,-31.29871779894683,13.90872348734848,-3.037131751325615,2.4737708952689292,182.00390471441142
173.0494404258893,-31.308237146687187,13.908753966500733,-3.0374964496296446,2.4741602651447394,181.96255664380377
173.053146240547,-31.31775660056127,13.908785368362544,-3.037861123831946,2.4745494937876806,181.9211839767675
173.05685221541657,-31.327276160619586,13.90881769306868,-3.038225773906958,2.4749385811463904,181.87978670900634
173.0605583505749,-31.336795826912624,13.908850940753897,-3.0385903998291117,2.4753275271695183,181.83836483622392
173.06426464609882,-31.34631559949086,13.908885111552964,-3.038955001572815,2.4757163318057143,181.79691835412441
173.06797110206531,-31.35583547840487,13.908920205600634,-3.039319579112477,2.4761049950036402,181.75544725841112
173.0716777185512,-31.365355463705132,13.908956223031675,-3.0396841324224773,2.4764935167119573,181.71395154478836
173.07538449563356,-31.37487555544225,13.90899316398085,-3.040048661477198,2.476881896879341,181.67243120895955
173.0790914333893,-31.384395753666777,13.90903102858291,-3.0404131662509966,2.477270135454468,181.63088624662848
173.08279853189546,-31.39391605842929,13.90906981697263,-3.04077764671822,2.477658232386021,181.5893166534992
173.08650579122917,-31.403436469780413,13.909109529284766,-3.041142102853208,2.478046187622689,181.54772242527517
173.09021321146741,-31.412956987770716,13.909150165654076,-3.0415065346302756,2.4784340011131687,181.50610355766048
173.09392079268738,-31.422477612450862,13.909191726215324,-3.0418709420237358,2.4788216728061645,181.46446004635877
173.09762853496616,-31.431998343871474,13.909234211103277,-3.0422353250078804,2.479209202650381,181.42279188707388
173.10133643838097,-31.441519182083248,13.909277620452688,-3.0425996835569937,2.479596590594534,181.38109907550952
173.10504450300903,-31.45104012713682,13.909321954398319,-3.042964017645344,2.4799838365873454,181.33938160736957
173.1087527289275,-31.4605611790829,13.909367213074944,-3.0433283272471825,2.48037094057754,181.29763947835784
173.11246111621372,-31.470082337972194,13.909413396617309,-3.0436926123367565,2.4807579025138526,181.25587268417794
173.116169664945,-31.479603603855402,13.909460505160183,-3.0440568728882904,2.48114472234502,181.21408122053387
173.1198783751986,-31.48912497678328,13.90950853883833,-3.0444211088760027,2.481531400019787,181.1722650831293
173.12358724705194,-31.498646456806565,13.909557497786505,-3.044785320274093,2.4819179354869068,181.13042426766808
173.12729628058236,-31.508168043976035,13.909607382139477,-3.04514950705675,2.482304328695138,181.08855876985405
173.1310054758673,-31.517689738342458,13.909658192031998,-3.0455136691981504,2.4826905795932426,181.04666858539088
173.1347148329843,-31.52721153995663,13.90970992759884,-3.0458778066724577,2.4830766881299873,181.00475370998234
173.13842435201065,-31.536733448869377,13.909762588974756,-3.0462419194538164,2.483462654254154,180.96281413933235
173.14213403302404,-31.5462554651315,13.909816176294513,-3.046606007516366,2.4838484779145205,180.92084986914458
173.14584387610194,-31.55577758879386,13.909870689692871,-3.0469700708342264,2.4842341590598767,180.87886089512295
173.14955388132188,-31.5652998199073,13.909926129304596,-3.047334109381508,2.484619697639017,180.83684721297124
173.15326404876157,-31.574822158522704,13.90998249526444,-3.0476981231323053,2.485005093600741,180.79480881839308
173.15697437849857,-31.58434460469095,13.910039787707172,-3.0480621120607028,2.485390346893858,180.75274570709232
173.16068487061057,-31.59386715846293,13.910098006767551,-3.048426076140766,2.4857754574671764,180.7106578747729
173.16439552517528,-31.603389819889568,13.910157152580341,-3.0487900153465564,2.4861604252695186,180.6685453171383
173.16810634227036,-31.612912589021807,13.910217225280295,-3.049153929652111,2.486545250249713,180.62640802989276
173.17181732197366,-31.622435465910577,13.910278225002191,-3.0495178190314594,2.4869299323565834,180.58424600873974
173.1755284643629,-31.631958450606838,13.910340151880773,-3.049881683458622,2.4873144715389746,180.5420592493831
173.17923976951596,-31.641481543161575,13.910403006050815,-3.0502455229075958,2.4876988677457246,180.4998477475266
173.18295123751065,-31.651004743625794,13.910466787647072,-3.050609337352375,2.488083120925688,180.4576114988741
173.18666286842486,-31.660528052050463,13.91053149680431,-3.0509731267669307,2.488467231027717,180.4153504991294
173.19037466233652,-31.67005146848664,13.910597133657284,-3.0513368911252314,2.4888511980006793,180.3730647439962
173.1940866193235,-31.679574992985337,13.910663698340763,-3.0517006304012195,2.489235021793437,180.33075422917844
173.1977987394639,-31.689098625597623,13.910731190989507,-3.052064344568837,2.4896187023548695,180.2884189503797
173.20151102283566,-31.69862236637453,13.910799611738279,-3.0524280336020033,2.4900022396338537,180.2460589033041
173.20522346951682,-31.70814621536721,13.910868960721828,-3.052791697474631,2.4903856335792813,180.20367408365496
173.20893607958544,-31.717670172626693,13.910939238074931,-3.0531553361606125,2.4907688841400417,180.16126448713644
173.21264885311962,-31.727194238204124,13.911010443932343,-3.053518949633831,2.4911519912650357,180.11883010945218
173.21636179019754,-31.736718412150616,13.911082578428827,-3.0538825378681613,2.4915349549031705,180.07637094630599
173.22007489089728,-31.746242694517324,13.91115564169914,-3.0542461008374526,2.491917775003356,180.03388699340175
173.22378815529711,-31.755767085355384,13.911229633878055,-3.054609638515551,2.492300451514509,179.99137824644316
173.2275015834752,-31.765291584715985,13.911304555100322,-3.054973150876285,2.492682984385555,179.94884470113402
173.23121517550987,-31.774816192650324,13.91138040550071,-3.055336637893474,2.4930653735654262,179.90628635317813
173.23492893147935,-31.784340909209593,13.911457185213974,-3.055700099540918,2.4934476190030557,179.86370319827915
173.23864285146195,-31.79386573444499,13.911534894374881,-3.056063535792406,2.4938297206473896,179.82109523214123
173.24235693553607,-31.80339066840778,13.911613533118189,-3.056426946621716,2.4942116784473742,179.77846245046774
173.2460711837801,-31.812915711149184,13.91169310157866,-3.05679033200261,2.4945934923519655,179.73580484896274
173.24978559627237,-31.822440862720494,13.911773599891061,-3.057153691908839,2.4949751623101264,179.69312242332995
173.2535001730914,-31.83196612317295,13.911855028190146,-3.057517026314137,2.4953566882708227,179.65041516927323
173.25721491431565,-31.841491492557882,13.911937386610683,-3.0578803351922272,2.4957380701830254,179.60768308249615
173.2609298200236,-31.851016970926587,13.912020675287433,-3.0582436185168214,2.4961193079957202,179.5649261587027
173.26464489029382,-31.860542558330366,13.91210489435515,-3.0586068762616136,2.4965004016578893,179.5221443935967
173.26836012520488,-31.870068254820588,13.912190043948604,-3.0589701084002883,2.4968813511185255,179.4793377828817
173.27207552483537,-31.879594060448564,13.91227612420255,-3.0593333149065165,2.497262156326628,179.43650632226172
173.27579108926395,-31.889119975265736,13.912363135251754,-3.059696495753951,2.4976428172312035,179.39365000744036
173.27950681856925,-31.898645999323424,13.91245107723098,-3.0600596509162363,2.4980233337812585,179.3507688341217
173.28322271283,-31.908172132673027,13.912539950274985,-3.060422780367002,2.4984037059258113,179.30786279800927
173.28693877212487,-31.91769837536599,13.912629754518532,-3.0607858840798654,2.4987839336138884,179.26493189480695
173.29065499653268,-31.927224727453726,13.912720490096383,-3.0611489620284265,2.499164016794516,179.22197612021856
173.29437138613224,-31.93675118898769,13.9128121571433,-3.0615120141862784,2.4995439554167307,179.17899546994778
173.2980879410023,-31.946277760019314,13.912904755794038,-3.0618750405269957,2.499923749429576,179.13598993969856
173.30180466122178,-31.95580444060009,13.91299828618337,-3.062238041024144,2.5003033987820964,179.0929595251745
173.30552154686953,-31.96533123078152,13.91309274844605,-3.0626010156512677,2.500682903423351,179.04990422207962
173.3092385980245,-31.97485813061507,13.913188142716844,-3.0629639643819058,2.501062263302395,179.0068240261175
173.31295581476564,-31.984385140152312,13.913284469130506,-3.063326887189583,2.501441478368302,178.96371893299207
173.31667319717187,-31.993912259444727,13.913381727821804,-3.0636897840478055,2.501820548570138,178.9205889384071
173.3203907453223,-32.00343948854389,13.913479918925503,-3.064052654930071,2.502199473856985,178.87743403806624
173.32410845929593,-32.01296682750138,13.913579042576355,-3.064415499809863,2.5025782541779305,178.8342542276735
173.32782633917185,-32.02249427636873,13.913679098909132,-3.064778318660651,2.502956889482064,178.7910495029325
173.33154438502916,-32.03202183519759,13.913780088058587,-3.06514111145589,2.503335379718483,178.74781985954704
173.33526259694702,-32.04154950403953,13.913882010159481,-3.065503878169024,2.5037137248362926,178.704565293221
173.33898097500457,-32.051077282946196,13.913984865346583,-3.0658666187734807,2.504091924784603,178.66128579965815
173.34269951928107,-32.0606051719692,13.91408865375465,-3.0662293332426773,2.50446997951253,178.61798137456228
173.34641822985571,-32.070133171160236,13.914193375518447,-3.066592021550018,2.5048478889691976,178.57465201363718
173.35013710680784,-32.07966128057093,13.914299030772732,-3.0669546836688886,2.5052256531037327,178.5312977125866
173.35385615021667,-32.089189500253,13.91440561965227,-3.0673173195726675,2.505603271865271,178.48791846711435
173.3575753601616,-32.09871783025813,13.914513142291817,-3.0676799292347185,2.5059807452029563,178.4445142729242
173.361294736722,-32.10824627063804,13.914621598826137,-3.0680425126283906,2.506358073065933,178.40108512571985
173.3650142799772,-32.11777482144447,13.914730989389998,-3.068405069727017,2.506735255403358,178.3576310212054
173.36873399000675,-32.12730348272913,13.914841314118148,-3.0687676005039233,2.5071122921643885,178.31415195508436
173.37245386689,-32.136832254543826,13.914952573145364,-3.0691301049324164,2.5074891832981923,178.27064792306058
173.3761739107065,-32.14636113694029,13.915064766606397,-3.0694925829857915,2.507865928753944,178.227118920838
173.37989412153584,-32.15589012997036,13.91517789463601,-3.0698550346373374,2.5082425284808187,178.1835649441201
173.38361449945748,-32.16541923368579,13.915291957368973,-3.0702174598603147,2.5086189824280027,178.1399859886109
173.38733504455107,-32.17494844813842,13.915406954940035,-3.0705798586279847,2.508995290544686,178.09638205001426
173.3910557568962,-32.18447777338011,13.915522887483965,-3.0709422309135883,2.509371452780071,178.05275312403379
173.39477663657263,-32.19400720946267,13.915639755135526,-3.0713045766903533,2.5097474690833543,178.00909920637332
173.39849768365994,-32.203536756438,13.915757558029476,-3.071666895931497,2.510123339403753,177.96542029273675
173.4022188982379,-32.21306641435794,13.91587629630058,-3.0720291886102196,2.510499063690477,177.92171637882777
173.40594028038632,-32.222596183274426,13.915995970083591,-3.0723914546997158,2.510874641892752,177.87798746034997
173.4096618301849,-32.23212606323936,13.916116579513282,-3.0727536941731537,2.5112500739598085,177.8342335330076
173.4133835477135,-32.24165605430464,13.916238124724407,-3.0731159070037006,2.5116253598408758,177.7904545925041
173.417105433052,-32.25118615652225,13.916360605851729,-3.073478093164502,2.5120004994852003,177.74665063454339
173.42082748628025,-32.26071636994409,13.916484023030014,-3.0738402526286928,2.5123754928420254,177.70282165482936
173.4245497074782,-32.27024669462218,13.916608376394018,-3.074202385369401,2.5127503398606077,177.65896764906554
173.42827209672583,-32.27977713060849,13.916733666078505,-3.0745644913597294,2.5131250404902064,177.6150886129558
173.43199465410305,-32.289307677955016,13.916859892218236,-3.074926570572775,2.5134995946800878,177.57118454220415
173.43571737968998,-32.29883833671377,13.916987054947974,-3.0752886229816214,2.5138740023795236,177.52725543251418
173.4394402735666,-32.30836910693677,13.91711515440248,-3.075650648559333,2.51424826353779,177.48330127958965
173.443163335813,-32.31789998867611,13.917244190716513,-3.0760126472789695,2.5146223781041765,177.43932207913446
173.4468865665093,-32.3274309819838,13.917374164024839,-3.0763746191135692,2.514996346027972,177.3953178268524
173.45060996573574,-32.336962086911946,13.917505074462214,-3.0767365640361626,2.5153701672584736,177.3512885184472
173.45433353357237,-32.34649330351264,13.917636922163407,-3.077098482019765,2.515743841744986,177.30723414962267
173.4580572700995,-32.356024631837954,13.917769707263176,-3.077460373037375,2.5161173694368166,177.26315471608265
173.46178117539736,-32.36555607194004,13.917903429896278,-3.077822237061984,2.516490750283285,177.21905021353078
173.4655052495462,-32.37508762387102,13.918038090197484,-3.0781840740665656,2.516863984233711,177.17492063767108
173.4692294926264,-32.384619287683066,13.918173688301543,-3.0785458840240816,2.5172370712374246,177.1307659842071
173.47295390471825,-32.3941510634283,13.91831022434323,-3.0789076669074786,2.5176100112437587,177.08658624884293
173.47667848590217,-32.40368295115896,13.9184476984573,-3.079269422689694,2.517982804202057,177.0423814272819
173.48040323625855,-32.41321495092721,13.918586110778515,-3.079631151343646,2.518355450061664,176.99815151522816
173.48412815586786,-32.422747062785255,13.918725461441635,-3.0799928528422447,2.518727948771936,176.95389650838553
173.4878532448106,-32.432279286785345,13.918865750581427,-3.080354527158383,2.519100300282233,176.90961640245752
173.49157850316726,-32.441811622979685,13.919006978332645,-3.0807161742649436,2.5194725045419184,176.8653111931483
173.4953039310184,-32.45134407142057,13.919149144830058,-3.081077794134794,2.5198445615003666,176.82098087616131
173.49902952844457,-32.46087663216024,13.91929225020842,-3.081439386740786,2.520216471106958,176.77662544720053
173.50275529552644,-32.47040930525101,13.9194362946025,-3.0818009520557643,2.5205882333110736,176.73224490196966
173.50648123234467,-32.479942090745176,13.919581278147056,-3.0821624900525535,2.5209598480621067,176.68783923617247
173.51020733897985,-32.489474988695015,13.919727200976851,-3.0825240007039696,2.5213313153094554,176.6434084455129
173.51393361551277,-32.49900799915291,13.919874063226644,-3.0828854839828117,2.5217026350025225,176.59895252569467
