galstreams/tracks/track.st.Jet.ferguson2022.ecsv
# %ECSV 0.9
# ---
# datatype:
# - {name: ra, unit: deg, datatype: float64}
# - {name: dec, unit: deg, datatype: float64}
# - {name: distance, unit: kpc, datatype: float64}
# - {name: pm_ra_cosdec, unit: mas / yr, datatype: float64}
# - {name: pm_dec, unit: mas / yr, datatype: float64}
# - {name: radial_velocity, unit: km / s, datatype: float64}
# delimiter: ','
# meta: !!omap
# - __serialized_columns__:
#     dec:
#       __class__: astropy.coordinates.angles.Latitude
#       unit: &id001 !astropy.units.Unit {unit: deg}
#       value: !astropy.table.SerializedColumn {name: dec}
#     distance:
#       __class__: astropy.coordinates.distances.Distance
#       unit: !astropy.units.Unit {unit: kpc}
#       value: !astropy.table.SerializedColumn {name: distance}
#     pm_dec:
#       __class__: astropy.units.quantity.Quantity
#       unit: !astropy.units.Unit {unit: mas / yr}
#       value: !astropy.table.SerializedColumn {name: pm_dec}
#     pm_ra_cosdec:
#       __class__: astropy.units.quantity.Quantity
#       unit: !astropy.units.Unit {unit: mas / yr}
#       value: !astropy.table.SerializedColumn {name: pm_ra_cosdec}
#     ra:
#       __class__: astropy.coordinates.angles.Longitude
#       unit: *id001
#       value: !astropy.table.SerializedColumn {name: ra}
#       wrap_angle: !astropy.coordinates.Angle
#         unit: *id001
#         value: 360.0
#     radial_velocity:
#       __class__: astropy.units.quantity.Quantity
#       unit: !astropy.units.Unit {unit: km / s}
#       value: !astropy.table.SerializedColumn {name: radial_velocity}
# schema: astropy-2.0
ra,dec,distance,pm_ra_cosdec,pm_dec,radial_velocity
[from data line 1344]
137.49325752599162,-23.175378035536898,31.183464003148913,-0.5637744974909916,-1.4248586464092383,-9.503846198116519e-10
137.49977293323488,-23.16736050466264,31.180788162908414,-0.5640372528367297,-1.4251273451217619,-9.51428794935756e-10
137.50628851123838,-23.15934339908453,31.178111639976613,-0.5643000827142942,-1.4253959822903681,-9.524056039228212e-10
137.51280425981093,-23.15132671846192,31.17543443636074,-0.5645629872789909,-1.4256645578977134,-9.534160959784059e-10
137.51932017876115,-23.143310462454313,31.172756554068023,-0.5648259666861268,-1.425933071926472,-9.543760634312113e-10
137.52583626789774,-23.135294630721305,31.170077995105718,-0.5650890210910076,-1.4262015243593316,-9.553697139525363e-10
137.53235252702936,-23.127279222922628,31.16739876148103,-0.5653521506489378,-1.4264699151789941,-9.563633644738612e-10
137.53886895596466,-23.119264238718088,31.164718855201222,-0.5656153555152222,-1.4267382443681773,-9.573233319266667e-10
137.5453855545123,-23.111249677767617,31.162038278273503,-0.5658786358451641,-1.4270065119096131,-9.582664578452123e-10
137.5519023224809,-23.103235539731255,31.15935703270513,-0.5661419917940648,-1.4272747177860468,-9.592432668322775e-10
137.55841925967917,-23.095221824269156,31.156675120503326,-0.5664054235172273,-1.4275428619802406,-9.601527096823038e-10
137.56493636591563,-23.08720853104155,31.153992543675333,-0.5666689311699519,-1.4278109444749703,-9.611126771351091e-10
137.57145364099904,-23.07919565970877,31.15130930422838,-0.5669325149075382,-1.4280789652530257,-9.620389615193952e-10
137.57797108473784,-23.071183209931363,31.1486254041697,-0.5671961748852863,-1.4283469242972118,-9.62982087437941e-10
137.58448869694075,-23.06317118136986,31.145940845506523,-0.5674599112584942,-1.428614821590349,-9.638746887537073e-10
137.59100647741633,-23.055159573684943,31.143255630246102,-0.5677237241824591,-1.4288826571152697,-9.647672900694738e-10
137.59752442597315,-23.047148386537394,31.140569760395664,-0.5679876138124775,-1.4291504308548233,-9.656767329195e-10
137.60404254241985,-23.039137619588118,31.137883237962434,-0.5682515803038455,-1.4294181427918733,-9.665693342352665e-10
137.61056082656498,-23.031127272498114,31.135196064953668,-0.5685156238118569,-1.4296857929092965,-9.674282524825135e-10
137.6170792782171,-23.023117344928494,31.132508243376574,-0.5687797444918063,-1.429953381189985,-9.683376953325396e-10
137.6235978971848,-23.01510783654048,31.12981977523839,-0.5690439424989866,-1.4302209076168473,-9.691966135797866e-10
137.63011668327658,-23.007098746995382,31.127130662546378,-0.5693082179886887,-1.430488372172801,-9.700555318270335e-10
137.63663563630104,-22.999090075954644,31.124440907307747,-0.5695725711162051,-1.4307557748407838,-9.709312916085404e-10
137.64315475606674,-22.99108182307976,31.12175051152974,-0.5698370020368241,-1.431023115603744,-9.717565267872677e-10
137.64967404238214,-22.98307398803247,31.11905947721959,-0.5701015109058363,-1.4312903944446478,-9.725817619659953e-10
137.6561934950558,-22.975066570474475,31.116367806384538,-0.5703660978785284,-1.4315576113464712,-9.734069971447228e-10
137.6627131138962,-22.96705957006764,31.113675501031814,-0.5706307631101883,-1.4318247662922086,-9.7424907385771e-10
137.6692328987119,-22.959052986473928,31.11098256316865,-0.5708955067561023,-1.4320918592648666,-9.750406259679181e-10
137.67575284931135,-22.951046819355415,31.108288994802294,-0.5711603289715544,-1.4323588902474662,-9.758827026809052e-10
137.6822729655031,-22.9430410683743,31.105594797939954,-0.5714252299118295,-1.4326258592230448,-9.766574132568535e-10
137.68879324709562,-22.935035733192848,31.102899974588894,-0.5716902097322103,-1.4328927661746507,-9.774489653670616e-10
137.69531369389736,-22.927030813473472,31.100204526756333,-0.5719552685879783,-1.4331596110853488,-9.782573590115292e-10
137.70183430571683,-22.919026308878667,31.09750845644951,-0.5722204066344141,-1.4334263939382172,-9.790573318888672e-10
137.70835508236246,-22.911022219071057,31.094811765675654,-0.572485624026799,-1.4336931147163503,-9.798152009305556e-10
137.71487602364277,-22.903018543713298,31.092114456442005,-0.5727509209204098,-1.433959773402853,-9.805814907393741e-10
137.7213971293661,-22.89501528246831,31.089416530755805,-0.5730162974705252,-1.4342263699808466,-9.813056767125431e-10
137.72791839934098,-22.88701243499899,31.086717990624276,-0.5732817538324214,-1.4344929044334676,-9.820803872884913e-10
137.73443983337577,-22.879010000968368,31.084018838054654,-0.5735472901613741,-1.4347593767438647,-9.827793109602707e-10
137.74096143127898,-22.871007980039582,31.081319075054186,-0.5738129066126567,-1.4350257868952006,-9.83554021536219e-10
137.74748319285897,-22.8630063718759,31.078618703630088,-0.5740786033415434,-1.4352921348706538,-9.842529452079985e-10
137.75400511792418,-22.855005176140676,31.075917725789616,-0.5743443805033052,-1.435558420653416,-9.849518688797777e-10
137.760527206283,-22.847004392497382,31.073216143539987,-0.5746102382532133,-1.4358246442266924,-9.856760548529469e-10
137.7670494577438,-22.83900402060958,31.070513958888444,-0.574876176746537,-1.4360908055737032,-9.86374978524726e-10
137.773571872115,-22.831004060140945,31.06781117384222,-0.5751421961385456,-1.4363569046776823,-9.870823229636354e-10
137.780094449205,-22.82300451075529,31.065107790408558,-0.5754082965845054,-1.4366229415218768,-9.877475635668954e-10
137.78661718882216,-22.815005372116442,31.06240381059468,-0.5756744782396825,-1.4368889160895495,-9.88429645704415e-10
137.7931400907748,-22.807006643888496,31.05969923640782,-0.5759407412593427,-1.4371548283639763,-9.891454109104542e-10
137.7996631548713,-22.79900832573552,31.05699406985523,-0.5762070857987487,-1.4374206783284451,-9.897938099794545e-10
137.80618638092002,-22.79101041732173,31.054288312944124,-0.576473512013163,-1.4376864659662612,-9.904422090484545e-10
137.8127097687293,-22.783012918311435,31.051581967681756,-0.5767400200578473,-1.4379521912607423,-9.911242911859742e-10
137.81923331810748,-22.775015828369078,31.048875036075344,-0.5770066100880604,-1.4382178541952184,-9.917390071864548e-10
137.82575702886285,-22.76701914715919,31.046167520132126,-0.577273282259062,-1.4384834547530365,-9.92395827022585e-10
137.83228090080377,-22.759022874346403,31.043459421859346,-0.5775400367261094,-1.4387489929175548,-9.930105430230655e-10
137.83880493373852,-22.75102700959547,31.040750743264237,-0.5778068736444574,-1.439014468672146,-9.936252590235464e-10
137.84532912747542,-22.74303155257125,31.038041486354025,-0.5780737931693622,-1.4392798820001984,-9.94239975024027e-10
137.85185348182276,-22.735036502938698,31.035331653135955,-0.5783407954560765,-1.4395452328851108,-9.948715325587673e-10
137.85837799658887,-22.727041860362853,31.032621245617253,-0.578607880659852,-1.4398105213102992,-9.95427303189339e-10
137.86490267158194,-22.719047624508953,31.029910265805153,-0.5788750489359406,-1.4400757472591912,-9.960588607240794e-10
137.8714275066103,-22.711053795042254,31.02719871570691,-0.5791423004395907,-1.4403409107152279,-9.966398936560406e-10
137.87795250148218,-22.70306037162814,31.02448659732973,-0.5794096353260516,-1.4406060116618669,-9.97212505820872e-10
137.88447765600588,-22.695067353932103,31.021773912680864,-0.5796770537505688,-1.4408710500825754,-9.97801959519963e-10
137.89100296998961,-22.687074741619746,31.019060663767547,-0.5799445558683884,-1.441136025960838,-9.98324047082015e-10
137.89752844324164,-22.679082534356777,31.016346852597,-0.5802121418347542,-1.4414009392801508,-9.989135007811061e-10
137.90405407557014,-22.671090731809002,31.013632481176483,-0.5804798118049085,-1.4416657900240237,-9.99452429877418e-10
137.91057986678342,-22.66309933364236,31.010917551513206,-0.580747565934093,-1.4419305781759815,-9.9997451743947e-10
137.91710581668966,-22.655108339522858,31.008202065614416,-0.5810154043775464,-1.4421953037195614,-1.0005302880700415e-09
137.92363192509708,-22.647117749116592,31.00548602548735,-0.5812833272905078,-1.4424599666383144,-1.0010860587006131e-09
137.93015819181383,-22.6391275620899,31.002769433139232,-0.5815513348282146,-1.4427245669158058,-1.0015744631941458e-09
137.93668461664814,-22.631137778109068,31.000052290577315,-0.5818194271459014,-1.4429891045356131,-1.0021218130575876e-09
137.94321119940818,-22.623148396840566,30.997334599808806,-0.5820876043988029,-1.4432535794813293,-1.002559692948341e-09
137.94973793990215,-22.61515941795093,30.99461636284097,-0.5823558667421506,-1.4435179917365584,-1.0030902012775227e-09
137.9562648379382,-22.607170841106853,30.991897581681016,-0.5826242143311764,-1.44378234128492,-1.0035786057710554e-09
137.96279189332452,-22.59918266597509,30.989178258336203,-0.5828926473211092,-1.4440466281100461,-1.004067010264588e-09
137.9693191058692,-22.59119489222252,30.986458394813738,-0.5831611658671777,-1.4443108521955832,-1.004530152456731e-09
137.97584647538048,-22.583207519516133,30.983737993120887,-0.5834297701246078,-1.4445750135251896,-1.0050269777173934e-09
137.9823740016664,-22.575220547523013,30.98101705526486,-0.5836984602486252,-1.4448391120825383,-1.0054816991424065e-09
137.98890168453514,-22.567233975910366,30.978295583252898,-0.583967236394453,-1.4451031478513152,-1.0059364205674196e-09
137.99542952379485,-22.559247804345432,30.975573579092245,-0.5842360987173127,-1.4453671208152203,-1.0064332458280821e-09
138.00195751925355,-22.55126203249573,30.97285104479013,-0.584505047372425,-1.4456310309579656,-1.0068795464859653e-09
138.0084856707194,-22.543276660028727,30.97012798235378,-0.5847740825150093,-1.4458948782632781,-1.0073090056095888e-09
138.01501397800052,-22.535291686612045,30.96740439379044,-0.585043204300282,-1.4461586627148957,-1.0076710985961734e-09
138.021542440905,-22.5273071119134,30.96468028110735,-0.5853124128834589,-1.446422384296572,-1.0081089784869268e-09
138.02807105924086,-22.519322935600634,30.961955646311726,-0.5855817084197545,-1.4466860429920736,-1.00855527914481e-09
138.0345998328162,-22.511339157341695,30.95923049141081,-0.5858510910643808,-1.446949638785179,-1.0090015798026932e-09
138.04112876143913,-22.50335577680462,30.956504818411844,-0.5861205609725488,-1.4472131716596812,-1.0093636727892778e-09
138.0476578449176,-22.495372793657566,30.953778629322066,-0.5863901182994674,-1.4474766415993845,-1.009734186542992e-09
138.0541870830598,-22.487390207568787,30.951051926148693,-0.5866597632003447,-1.44774004858811,-1.0101131210638363e-09
138.06071647567367,-22.479408018206655,30.948324710898977,-0.5869294958303859,-1.4480033926096887,-1.0105173178860702e-09
138.0672460225673,-22.471426225239576,30.945596985580142,-0.5871993163447959,-1.4482666736479661,-1.0108962524069144e-09
138.07377572354866,-22.463444828336243,30.94286875219943,-0.587469224898777,-1.4485298916868006,-1.0112751869277587e-09
138.0803055784258,-22.455463827165282,30.94014001276407,-0.5877392216475299,-1.4487930467100636,-1.0116120176129535e-09
138.08683558700673,-22.447483221395476,30.937410769281293,-0.588009306746254,-1.4490561387016399,-1.0119993729009277e-09
138.0933657490994,-22.43950301069573,30.93468102375836,-0.5882794803501463,-1.4493191676454271,-1.0123362035861227e-09
138.09989606451185,-22.431523194735036,30.931950778202474,-0.5885497426144038,-1.449582133525336,-1.012647771969928e-09
138.1064265330521,-22.423543773182505,30.92922003462088,-0.5888200936942193,-1.4498450363252913,-1.0129509195866033e-09
138.11295715452803,-22.415564745707346,30.926488795020816,-0.5890905337447857,-1.4501078760292287,-1.013296171038928e-09
138.11948792874767,-22.40758611197888,30.923757061409514,-0.5893610629212934,-1.4503706526210993,-1.0136245809569932e-09
138.126018855519,-22.399607871666532,30.92102483579421,-0.5896316813789314,-1.4506333660848654,-1.0139277285736685e-09
138.13254993464992,-22.391630024439827,30.918292120182144,-0.5899023892728864,-1.4508960164045026,-1.0142477177246036e-09
138.13908116594843,-22.383652569968355,30.915558916580544,-0.5901731867583434,-1.4511586035640003,-1.0145677068755387e-09
138.14561254922236,-22.375675507921958,30.912825226996638,-0.5904440739904874,-1.4514211275473605,-1.0148034883551752e-09
138.15214408427974,-22.367698837970426,30.910091053437682,-0.5907150511244982,-1.451683588338597,-1.0151318982732402e-09
138.15867577092845,-22.359722559783716,30.907356397910895,-0.5909861183155568,-1.4519459859217378,-1.0154182043556558e-09
138.16520760897637,-22.35174667303189,30.904621262423507,-0.5912572757188412,-1.4522083202808242,-1.0156624066024222e-09
138.17173959823145,-22.34377117738511,30.90188564898277,-0.5915285234895274,-1.4524705913999079,-1.0158981880820587e-09
138.1782717385016,-22.33579607251364,30.8991495595959,-0.5917998617827894,-1.4527327992630559,-1.0161844941644743e-09
138.18480402959466,-22.327821358087867,30.89641299627015,-0.5920712907538004,-1.4529949438543475,-1.0164539587126303e-09
138.1913364713185,-22.319847033778263,30.893675961012747,-0.5923428105577309,-1.4532570251578738,-1.0166981609593964e-09
138.197869063481,-22.31187309925542,30.89093845583092,-0.5926144213497494,-1.45351904315774,-1.0169171009047732e-09
138.20440180589003,-22.30389955419002,30.88820048273191,-0.5928861232850228,-1.453780997838063,-1.0171697239186694e-09
138.2109346983535,-22.29592639825284,30.885462043722942,-0.5931579165187161,-1.4540428891829733,-1.0173634015626564e-09
138.21746774067915,-22.28795363111485,30.882723140811265,-0.5934298012059932,-1.4543047171766128,-1.0175823415080332e-09
138.22400093267487,-22.27998125244702,30.879983776004117,-0.5937017775020148,-1.4545664818031372,-1.0178349645219292e-09
138.23053427414848,-22.272009261920473,30.877243951308714,-0.5939738455619402,-1.4548281830467154,-1.0180286421659164e-09
138.23706776490778,-22.264037659206423,30.874503668732306,-0.5942460055409264,-1.4550898208915273,-1.018188636741384e-09
138.24360140476062,-22.2560664439762,30.87176293028212,-0.5945182575941296,-1.4553513953217667,-1.0183570520839813e-09
138.2501351935148,-22.248095615901217,30.86902173796539,-0.5947906018767021,-1.4556129063216394,-1.0186012543307477e-09
138.25666913097805,-22.24012517465303,30.86628009378935,-0.5950630385437969,-1.455874353875365,-1.018778090440475e-09
138.26320321695823,-22.232155119903286,30.863537999761252,-0.5953355677505621,-1.456135737967173,-1.0188959811802932e-09
138.2697374512631,-22.22418545132372,30.86079545788831,-0.5956081896521459,-1.4563970585813089,-1.01909807959141e-09
138.2762718337004,-22.216216168586183,30.858052470177768,-0.5958809044036938,-1.4566583157020283,-1.0192412326326179e-09
138.28280636407797,-22.20824727136259,30.855309038636854,-0.5961537121603487,-1.4569195093135998,-1.0193928064409556e-09
138.28934104220346,-22.2002787593251,30.85256516527281,-0.5964266130772532,-1.457180639400305,-1.0195275387150335e-09
138.29587586788463,-22.19231063214583,30.849820852092872,-0.5966996073095465,-1.457441705946438,-1.0196791125233712e-09
138.3024108409293,-22.184342889497064,30.847076101104264,-0.596972695012365,-1.4577027089363044,-1.019830686331709e-09
138.3089459611451,-22.176375531051168,30.844330914314245,-0.5972458763408456,-1.4579636483542233,-1.0199233147701376e-09
138.31548122833982,-22.16840855648063,30.841585293730013,-0.5975191514501204,-1.4582245241845264,-1.0200664678113454e-09
138.3220166423211,-22.160441965458055,30.838839241358833,-0.5977925204953212,-1.4584853364115564,-1.0201169924141246e-09
138.32855220289673,-22.152475757656116,30.836092759207933,-0.5980659836315768,-1.4587460850196692,-1.0202685662224623e-09
138.33508790987437,-22.14450993274762,30.833345849284537,-0.5983395410140147,-1.4590067699932343,-1.0203696154280208e-09
138.34162376306165,-22.136544490405484,30.830598513595884,-0.5986131927977602,-1.4592673913166319,-1.0204369815650599e-09
138.34815976226636,-22.128579430302654,30.827850754149225,-0.5988869391379346,-1.4595279489742539,-1.0205548723048781e-09
