galstreams/tracks/track.st.Yangtze.yang2023.ecsv
# %ECSV 1.0
# ---
# datatype:
# - {name: ra, unit: deg, datatype: float64}
# - {name: dec, unit: deg, datatype: float64}
# - {name: distance, unit: kpc, datatype: float64}
# - {name: pm_ra_cosdec, unit: mas / yr, datatype: float64}
# - {name: pm_dec, unit: mas / yr, datatype: float64}
# - {name: radial_velocity, unit: km / s, datatype: float64}
# delimiter: ','
# meta: !!omap
# - __serialized_columns__:
#     dec:
#       __class__: astropy.coordinates.angles.Latitude
#       unit: &id001 !astropy.units.Unit {unit: deg}
#       value: !astropy.table.SerializedColumn {name: dec}
#     distance:
#       __class__: astropy.coordinates.distances.Distance
#       unit: !astropy.units.Unit {unit: kpc}
#       value: !astropy.table.SerializedColumn {name: distance}
#     pm_dec:
#       __class__: astropy.units.quantity.Quantity
#       unit: !astropy.units.Unit {unit: mas / yr}
#       value: !astropy.table.SerializedColumn {name: pm_dec}
#     pm_ra_cosdec:
#       __class__: astropy.units.quantity.Quantity
#       unit: !astropy.units.Unit {unit: mas / yr}
#       value: !astropy.table.SerializedColumn {name: pm_ra_cosdec}
#     ra:
#       __class__: astropy.coordinates.angles.Longitude
#       unit: *id001
#       value: !astropy.table.SerializedColumn {name: ra}
#       wrap_angle: !astropy.coordinates.Angle
#         unit: *id001
#         value: 360.0
#     radial_velocity:
#       __class__: astropy.units.quantity.Quantity
#       unit: !astropy.units.Unit {unit: km / s}
#       value: !astropy.table.SerializedColumn {name: radial_velocity}
# schema: astropy-2.0
ra,dec,distance,pm_ra_cosdec,pm_dec,radial_velocity
[from data line 1097]
146.06821794201454,-1.9945620762942506,9.120108393559091,-0.7000000000000004,1.0999999999999996,-1.394689555885106e-14
146.06847985844846,-1.9845585640182986,9.120108393559095,-0.7000000000000001,1.0999999999999996,-8.420767129872338e-15
146.06874281297354,-1.974555106365761,9.120108393559091,-0.7000000000000004,1.0999999999999999,-1.868357706940425e-14
146.06900680557274,-1.9645517033363824,9.120108393559095,-0.7000000000000002,1.099999999999999,-7.894469184255318e-15
146.06927183622906,-1.9545483549297333,9.120108393559091,-0.7000000000000004,1.1,-2.23676626887234e-14
146.06953790492545,-1.9445450611455355,9.120108393559095,-0.7000000000000002,1.0999999999999994,-2.23676626887234e-14
146.06980501164492,-1.934541821983446,9.120108393559093,-0.7000000000000003,1.0999999999999996,-1.0262809939531913e-14
146.07007315637046,-1.9245386374431104,9.120108393559093,-0.7000000000000002,1.0999999999999994,-2.0525619879063826e-14
146.070342339085,-1.9145355075242148,9.120108393559093,-0.7000000000000002,1.0999999999999996,-1.3157448640425528e-14
146.07061255977158,-1.904532432226269,9.120108393559093,-0.7000000000000002,1.0999999999999996,-9.999660966723401e-15
146.07088381841314,-1.8945294115489382,9.120108393559093,-0.7000000000000002,1.1,-1.1578554803574466e-14
146.0711561149927,-1.8845264454918216,9.120108393559091,-0.7000000000000004,1.0999999999999999,-2.0262470906255314e-14
146.07142944949325,-1.8745235340545021,9.120108393559091,-0.7000000000000004,1.1,-1.9736172960638293e-14
146.0717038218977,-1.864520677236615,9.120108393559091,-0.7000000000000003,1.1,-1.6578385286936164e-14
146.07197923218914,-1.8545178750376068,9.120108393559091,-0.7000000000000003,1.0999999999999999,-1.3420597613234039e-14
146.07225568035048,-1.8445151274570883,9.120108393559091,-0.7000000000000004,1.0999999999999996,-1.3683746586042549e-14
146.07253316636474,-1.834512434494599,9.120108393559093,-0.7000000000000003,1.0999999999999996,-1.2368001721999996e-14
146.07281169021488,-1.8245097961497263,9.120108393559093,-0.7000000000000002,1.0999999999999999,-1.6841534259744676e-14
146.07309125188394,-1.8145072124218737,9.120108393559095,-0.7000000000000002,1.0999999999999994,-1.6578385286936164e-14
146.07337185135484,-1.8045046833106053,9.120108393559093,-0.7000000000000002,1.0999999999999996,-9.999660966723401e-15
146.07365348861063,-1.7945022088154177,9.120108393559093,-0.7000000000000002,1.0999999999999999,-1.894672604221276e-14
146.07393616363427,-1.7844997889357945,9.120108393559091,-0.7000000000000004,1.1,-1.0525958912340423e-15
146.07421987640876,-1.7744974236712672,9.120108393559093,-0.7000000000000003,1.0999999999999996,-7.631320211446806e-15
146.0745046269171,-1.7644951130211843,9.120108393559095,-0.7000000000000001,1.0999999999999994,-2.1315066797489355e-14
146.07479041514225,-1.754492856985055,9.120108393559091,-0.7000000000000003,1.0999999999999999,-1.473634247727659e-14
146.07507724106722,-1.74449065556232,9.120108393559093,-0.7000000000000002,1.0999999999999994,-1.2894299667617018e-14
146.075365104675,-1.734488508752411,9.120108393559091,-0.7000000000000004,1.0999999999999996,-1.3157448640425528e-14
146.0756540059486,-1.7244864165548015,9.120108393559093,-0.7000000000000004,1.0999999999999994,-1.7367832205361697e-14
146.07594394487097,-1.7144843789687898,9.120108393559093,-0.7000000000000002,1.1000000000000003,-1.394689555885106e-14
146.07623492142517,-1.7044823959938271,9.120108393559095,-0.7000000000000001,1.0999999999999994,-1.7104683232553188e-14
146.07652693559416,-1.6944804676293055,9.120108393559095,-0.7,1.0999999999999996,-1.1052256857957444e-14
146.07681998736092,-1.6844785938746563,9.120108393559093,-0.7000000000000001,1.0999999999999999,-1.5262640422893612e-14
146.07711407670848,-1.6744767747291327,9.120108393559091,-0.7000000000000003,1.0999999999999996,-1.1841703776382976e-14
146.07740920361982,-1.6644750101921462,9.120108393559091,-0.7000000000000002,1.0999999999999996,-1.763098117817021e-14
146.07770536807794,-1.6544733002630445,9.120108393559093,-0.7,1.0999999999999994,-1.7367832205361697e-14
146.07800257006585,-1.6444716449411616,9.12010839355909,-0.7000000000000004,1.0999999999999996,-1.2104852749191486e-14
146.0783008095665,-1.6344700442258784,9.120108393559091,-0.7000000000000002,1.0999999999999996,-1.6315236314127656e-14
146.07860008656297,-1.6244684981163986,9.12010839355909,-0.7000000000000002,1.1,-1.7367832205361697e-14
146.07890040103823,-1.6144670066120799,9.120108393559091,-0.7000000000000001,1.0999999999999996,-2.0262470906255314e-14
146.07920175297522,-1.6044655697122203,9.12010839355909,-0.7000000000000003,1.0999999999999996,-4.473532537744679e-15
146.07950414235705,-1.594464187416101,9.120108393559091,-0.7000000000000002,1.0999999999999999,-2.0262470906255314e-14
146.07980756916663,-1.5844628597230548,9.12010839355909,-0.7000000000000002,1.0999999999999994,-1.1578554803574466e-14
146.080112033387,-1.5744615866322305,9.12010839355909,-0.7000000000000003,1.0999999999999996,-8.157618157063828e-15
146.08041753500117,-1.5644603681429412,9.120108393559091,-0.7000000000000001,1.0999999999999996,-4.473532537744679e-15
146.08072407399214,-1.5544592042544283,9.120108393559091,-0.7000000000000001,1.0999999999999994,-1.2368001721999996e-14
146.08103165034296,-1.5444580949659292,9.120108393559091,-0.7000000000000002,1.0999999999999999,-1.7367832205361697e-14
146.08134026403656,-1.5344570402767237,9.12010839355909,-0.7000000000000002,1.0999999999999996,-1.7104683232553188e-14
146.08164991505598,-1.524456040185912,9.120108393559091,-0.7000000000000001,1.0999999999999996,-1.1841703776382976e-14
146.0819606033842,-1.5144550946927582,9.120108393559091,-0.7000000000000002,1.0999999999999999,-1.1052256857957444e-14
146.0822723290043,-1.504454203796456,9.120108393559091,-0.7000000000000002,1.0999999999999996,-8.157618157063828e-15
146.0825850918992,-1.4944533674962486,9.12010839355909,-0.7000000000000002,1.0999999999999999,-1.1578554803574466e-14
146.08289889205201,-1.4844525857911988,9.120108393559091,-0.7000000000000002,1.0999999999999994,-1.3420597613234039e-14
146.08321372944567,-1.4744518586805306,9.120108393559091,-0.7,1.0999999999999996,-1.6315236314127656e-14
146.0835296040632,-1.4644511861634006,9.120108393559091,-0.7000000000000002,1.0999999999999996,-1.1052256857957444e-14
146.08384651588761,-1.4544505682389564,9.120108393559091,-0.7000000000000002,1.0999999999999996,-1.1315405830765954e-14
146.08416446490193,-1.444450004906394,9.120108393559091,-0.7000000000000001,1.0999999999999996,-1.1315405830765954e-14
146.08448345108917,-1.4344494961647283,9.120108393559091,-0.7,1.0999999999999999,-1.3157448640425528e-14
146.08480347443236,-1.4244490420131373,9.120108393559093,-0.7000000000000001,1.0999999999999994,-7.894469184255318e-15
146.08512453491448,-1.4144486424507308,9.120108393559091,-0.7,1.0999999999999994,-1.9078300528617017e-14
146.08544663251857,-1.4044482974766674,9.12010839355909,-0.7000000000000002,1.0999999999999996,-8.683916102680848e-15
146.08576976722765,-1.394448007089926,9.12010839355909,-0.7000000000000002,1.0999999999999999,-1.723625771895744e-14
146.08609393902472,-1.3844477712896464,9.120108393559091,-0.7000000000000003,1.0999999999999994,-1.4078470045255315e-14
146.0864191478928,-1.3744475900749038,9.120108393559091,-0.7000000000000002,1.0999999999999994,-7.631320211446806e-15
146.08674539381494,-1.3644474634447634,9.12010839355909,-0.7000000000000002,1.0999999999999999,-1.473634247727659e-14
146.0870726767741,-1.3544473913983384,9.12010839355909,-0.7000000000000002,1.0999999999999996,-1.7894130150978717e-14
146.08740099675336,-1.344447373934562,9.120108393559091,-0.7000000000000002,1.0999999999999994,-1.171012928997872e-14
146.08773035373574,-1.334447411052531,9.120108393559091,-0.7000000000000002,1.0999999999999994,-1.2631150694808506e-14
146.0880607477042,-1.3244475027512757,9.12010839355909,-0.7000000000000001,1.1,-8.157618157063828e-15
146.08839217864184,-1.3144476490298171,9.12010839355909,-0.7000000000000002,1.0999999999999996,-1.8288853610191485e-14
146.08872464653163,-1.3044478498872247,9.12010839355909,-0.7000000000000002,1.0999999999999996,-1.513106593648936e-14
146.0890581513566,-1.2944481053223889,9.120108393559091,-0.7000000000000001,1.0999999999999996,-1.7367832205361697e-14
146.0893926930998,-1.2844484153343618,9.120108393559093,-0.7000000000000001,1.0999999999999992,-1.1841703776382976e-14
146.08972827174424,-1.2744487799221322,9.12010839355909,-0.7000000000000001,1.0999999999999999,-1.0525958912340423e-14
146.09006488727297,-1.2644491990846765,9.120108393559091,-0.7000000000000002,1.0999999999999996,-1.3025874154021273e-14
146.09040253966896,-1.2544496728210222,9.120108393559093,-0.7,1.0999999999999994,-1.0657533398744677e-14
146.0907412289153,-1.2444502011300191,9.120108393559091,-0.7,1.0999999999999994,-7.236596752234041e-15
146.09108095499502,-1.2344507840106762,9.120108393559091,-0.7000000000000002,1.0999999999999994,-1.2236427235595742e-14
146.0914217178911,-1.2244514214619384,9.120108393559093,-0.7,1.0999999999999992,-1.144698031717021e-14
146.09176351758663,-1.2144521134828006,9.120108393559091,-0.7000000000000001,1.0999999999999996,-1.473634247727659e-14
146.09210635406455,-1.204452860072078,9.120108393559091,-0.7000000000000002,1.0999999999999999,-8.815490589085104e-15
146.09245022730803,-1.1944536612287475,9.120108393559091,-0.7000000000000001,1.0999999999999996,-1.6052087341319144e-14
146.09279513729996,-1.1844545169517224,9.120108393559091,-0.7,1.0999999999999996,-6.8418732930212744e-15
146.09314108402347,-1.174455427239908,9.120108393559091,-0.7000000000000002,1.0999999999999996,-1.0525958912340423e-14
146.0934880674616,-1.1644563920922555,9.120108393559091,-0.7000000000000001,1.0999999999999994,-2.0130896419851058e-14
146.0938360875973,-1.1544574115075434,9.120108393559091,-0.7,1.0999999999999994,-1.4341619018063827e-14
146.09418514441367,-1.144458485484707,9.120108393559091,-0.7,1.0999999999999992,-1.3025874154021273e-14
146.09453523789375,-1.1344596140226209,9.120108393559093,-0.7,1.0999999999999994,-7.236596752234041e-15
146.09488636802055,-1.1244607971201503,9.120108393559091,-0.7,1.0999999999999994,-9.341788534702125e-15
146.09523853477714,-1.1144620347762082,9.120108393559091,-0.7000000000000002,1.0999999999999996,-4.078809078531914e-15
146.09559173814657,-1.1044633269895334,9.12010839355909,-0.7,1.0999999999999999,-1.7894130150978717e-14
146.0959459781118,-1.0944646737590242,9.120108393559091,-0.7,1.0999999999999999,-5.920851888191488e-15
146.09630125465597,-1.0844660750835153,9.12010839355909,-0.7000000000000002,1.0999999999999996,-1.6315236314127656e-14
146.09665756776207,-1.0744675309618903,9.120108393559091,-0.7000000000000001,1.0999999999999994,-2.0262470906255314e-14
146.09701491741313,-1.064469041392857,9.12010839355909,-0.7000000000000001,1.0999999999999999,-1.0525958912340423e-14
146.09737330359226,-1.054470606375284,9.120108393559091,-0.7000000000000002,1.0999999999999996,-1.4604767990872335e-14
146.09773272628246,-1.0444722259079762,9.120108393559091,-0.7,1.0999999999999996,-2.092034333827659e-14
146.09809318546672,-1.0344738999897312,9.12010839355909,-0.7000000000000003,1.0999999999999996,-1.3683746586042549e-14
146.0984546811282,-1.0244756286193968,9.120108393559091,-0.7,1.0999999999999996,-8.683916102680848e-15
146.09881721324987,-1.014477411795643,9.120108393559091,-0.7000000000000001,1.0999999999999996,-1.11838313443617e-14
146.09918078181482,-1.0044792495173025,9.120108393559091,-0.7,1.0999999999999999,-1.2631150694808506e-14
146.0995453868061,-0.9944811417831447,9.12010839355909,-0.7000000000000003,1.0999999999999992,-2.1709790256702122e-14
146.09991102820672,-0.9844830885919307,9.120108393559091,-0.7000000000000002,1.0999999999999992,-1.0525958912340423e-14
146.10027770599976,-0.9744850899424733,9.120108393559091,-0.7,1.0999999999999994,-1.0920682371553189e-14
146.10064542016826,-0.9644871458334071,9.120108393559091,-0.7,1.0999999999999996,-1.565736388210638e-14
146.1010141706953,-0.9544892562635298,9.12010839355909,-0.7000000000000001,1.0999999999999999,-1.4867916963680847e-14
146.10138395756388,-0.9444914212315746,9.120108393559091,-0.7000000000000001,1.0999999999999994,-1.394689555885106e-14
146.1017547807571,-0.9344936407362706,9.120108393559091,-0.7,1.0999999999999996,-2.6314897280851058e-15
146.10212664025804,-0.9244959147763941,9.120108393559091,-0.7,1.0999999999999994,-1.197327826278723e-14
146.1024995360497,-0.9144982433505464,9.120108393559091,-0.6999999999999998,1.0999999999999994,-2.4341279984787228e-14
146.10287346811515,-0.9045006264574907,9.120108393559091,-0.6999999999999998,1.0999999999999996,-2.0788768851872334e-14
146.10324843643744,-0.8945030640959291,9.12010839355909,-0.7000000000000001,1.0999999999999999,-1.2631150694808506e-14
146.10362444099965,-0.8845055562646112,9.12010839355909,-0.7000000000000001,1.0999999999999999,-1.2368001721999996e-14
146.10400148178488,-0.8745081029621112,9.120108393559091,-0.7,1.0999999999999996,-2.2499237175127655e-14
146.1043795587761,-0.8645107041871678,9.120108393559091,-0.7,1.0999999999999996,-1.4341619018063827e-14
146.10475867195643,-0.8545133599384551,9.120108393559091,-0.7,1.0999999999999996,-1.815727912378723e-14
146.1051388213089,-0.8445160702146421,9.120108393559091,-0.6999999999999998,1.0999999999999996,-1.6973108746148932e-14
146.10552000681662,-0.834518835014447,9.12010839355909,-0.7000000000000002,1.0999999999999999,-1.9473023987829782e-14
146.10590222846264,-0.8245216543364126,9.120108393559091,-0.6999999999999998,1.0999999999999999,-1.2236427235595742e-14
146.10628548622998,-0.8145245281792449,9.120108393559091,-0.7,1.0999999999999992,-9.341788534702125e-15
146.10666978010178,-0.8045274565415874,9.12010839355909,-0.7000000000000001,1.0999999999999999,-1.4210044531659571e-14
146.10705511006103,-0.7945304394221344,9.120108393559091,-0.7,1.0999999999999996,-1.4867916963680847e-14
146.10744147609086,-0.7845334768194036,9.120108393559091,-0.7,1.0999999999999996,-8.815490589085104e-15
146.1078288781743,-0.7745365687320767,9.120108393559091,-0.7,1.0999999999999996,-1.6052087341319144e-14
146.10821731629446,-0.7645397151587731,9.120108393559091,-0.7,1.0999999999999994,-1.8552002582999993e-14
146.10860679043435,-0.7545429160981063,9.120108393559091,-0.6999999999999998,1.0999999999999996,-1.7499406691765953e-14
146.1089973005771,-0.7445461715487404,9.120108393559091,-0.7000000000000001,1.0999999999999996,-2.0262470906255314e-14
146.10938884670574,-0.7345494815091637,9.120108393559091,-0.7,1.0999999999999994,-8.683916102680848e-15
146.10978142880336,-0.7245528459780287,9.120108393559091,-0.6999999999999998,1.0999999999999996,-1.5920512854914888e-14
146.11017504685304,-0.7145562649539255,9.12010839355909,-0.7000000000000003,1.0999999999999996,-1.3157448640425528e-14
146.11056970083789,-0.7045597384354387,9.120108393559091,-0.7000000000000001,1.0999999999999996,-9.341788534702125e-15
146.11096539074092,-0.6945632664212044,9.12010839355909,-0.7000000000000002,1.0999999999999999,-2.0065109176648932e-14
146.11136211654522,-0.6845668489096816,9.120108393559091,-0.7000000000000001,1.0999999999999996,-2.1249279554287228e-14
146.1117598782339,-0.6745704858994951,9.120108393559091,-0.7,1.0999999999999996,-1.6578385286936164e-14
146.11215867579003,-0.6645741773892073,9.120108393559093,-0.6999999999999998,1.0999999999999992,-1.8223066366989355e-14
146.11255850919667,-0.6545779233773757,9.120108393559091,-0.7,1.0999999999999996,-2.2170300959117017e-14
146.1129593784369,-0.6445817238626077,9.120108393559091,-0.6999999999999998,1.0999999999999999,-2.1249279554287228e-14
146.11336128349382,-0.6345855788433362,9.120108393559091,-0.7,1.0999999999999994,-1.5854725611712762e-14
146.1137642243505,-0.6245894883181594,9.120108393559091,-0.6999999999999998,1.0999999999999994,-1.532842766609574e-14
146.11416820099004,-0.6145934522856121,9.120108393559091,-0.7,1.0999999999999999,-1.2104852749191486e-14
