galstreams/tracks/track.st.M5.grillmair2019.ecsv
# %ECSV 0.9
# ---
# datatype:
# - {name: ra, unit: deg, datatype: float64}
# - {name: dec, unit: deg, datatype: float64}
# - {name: distance, unit: kpc, datatype: float64}
# - {name: pm_ra_cosdec, unit: mas / yr, datatype: float64}
# - {name: pm_dec, unit: mas / yr, datatype: float64}
# - {name: radial_velocity, unit: km / s, datatype: float64}
# delimiter: ','
# meta: !!omap
# - __serialized_columns__:
#     dec:
#       __class__: astropy.coordinates.angles.Latitude
#       unit: &id001 !astropy.units.Unit {unit: deg}
#       value: !astropy.table.SerializedColumn {name: dec}
#     distance:
#       __class__: astropy.coordinates.distances.Distance
#       unit: !astropy.units.Unit {unit: kpc}
#       value: !astropy.table.SerializedColumn {name: distance}
#     pm_dec:
#       __class__: astropy.units.quantity.Quantity
#       unit: !astropy.units.Unit {unit: mas / yr}
#       value: !astropy.table.SerializedColumn {name: pm_dec}
#     pm_ra_cosdec:
#       __class__: astropy.units.quantity.Quantity
#       unit: !astropy.units.Unit {unit: mas / yr}
#       value: !astropy.table.SerializedColumn {name: pm_ra_cosdec}
#     ra:
#       __class__: astropy.coordinates.angles.Longitude
#       unit: *id001
#       value: !astropy.table.SerializedColumn {name: ra}
#       wrap_angle: !astropy.coordinates.Angle
#         unit: *id001
#         value: 360.0
#     radial_velocity:
#       __class__: astropy.units.quantity.Quantity
#       unit: !astropy.units.Unit {unit: km / s}
#       value: !astropy.table.SerializedColumn {name: radial_velocity}
# schema: astropy-2.0
ra,dec,distance,pm_ra_cosdec,pm_dec,radial_velocity
[from data line 139]
225.55324045005514,4.399588819532544,15.793507326093271,4.008249774514384,-10.074688011019592,-1.0946997268834039e-13
225.54427743005007,4.404084264971199,15.792675722336126,4.008111858484182,-10.073983117716265,-9.262843842859572e-14
225.5353142703286,4.408579542438814,15.791844105754878,4.007973655575216,-10.073278193650522,-4.210383564936169e-14
225.52635097083885,4.4130746519321695,15.79101247634484,4.00783516591638,-10.07257323878465,-2.5262301389617013e-14
225.51738753152912,4.417569593448046,15.790180834101308,4.007696389636559,-10.071868253080964,-1.6841534259744676e-14
225.5084239523476,4.422064366983213,15.789349179019597,4.007557326864634,-10.071163236501791,6.73661370389787e-14
225.49946023324247,4.426558972534446,15.788517511095005,4.007417977729478,-10.070458189009488,-8.420767129872338e-15
225.49049637416206,4.431053410098513,15.78768583032284,4.0072783423599585,-10.069753110566431,-1.0104920555846805e-13
225.4815323750545,4.435547679672182,15.786854136698409,4.007138420884937,-10.069048001135013,-7.578690416885104e-14
225.47256823586815,4.440041781252217,15.786022430217011,4.00699821343327,-10.068342860677644,9.262843842859572e-14
225.46360395655114,4.444535714835378,15.785190710873964,4.006857720133811,-10.067637689156768,-3.368306851948935e-14
225.4546395370518,4.4490294804184245,15.784358978664564,4.006716941115398,-10.066932486534835,-5.894536990910637e-14
225.44567497731833,4.453523077998118,15.783527233584113,4.006575876506878,-10.06622725277433,-8.420767129872338e-14
225.43671027729906,4.458016507571207,15.782695475627923,4.006434526437075,-10.065521987837744,-3.368306851948935e-14
225.4277454369422,4.462509769134444,15.7818637047913,4.006292891034819,-10.0648166916876,-1.1789073981821273e-13
225.41878045619606,4.467002862684582,15.781031921069546,4.006150970428929,-10.064111364286438,-2.5262301389617013e-14
225.4098153350089,4.471495788218365,15.78020012445797,4.006008764748223,-10.063406005596812,-6.73661370389787e-14
225.40085007332897,4.4759885457325375,15.779368314951872,4.005866274121509,-10.062700615581312,-1.515738083377021e-13
225.3918846711046,4.48048113522384,15.778536492546564,4.005723498677586,-10.061995194202531,-1.6841534259744676e-14
225.3829191282841,4.484973556689014,15.777704657237347,4.005580438545253,-10.061289741423092,8.420767129872338e-15
225.37395344481573,4.489465810124797,15.776872809019526,4.0054370938533035,-10.060584257205647,-6.73661370389787e-14
225.36498762064778,4.49395789552792,15.77604094788841,4.005293464730519,-10.059878741512845,-3.368306851948935e-14
225.35602165572863,4.498449812895119,15.775209073839301,4.005149551305678,-10.05917319430738,-7.578690416885104e-14
225.3470555500065,4.502941562223118,15.774377186867511,4.005005353707551,-10.058467615551946,-6.73661370389787e-14
225.3380893034298,4.50743314350865,15.773545286968336,4.0048608720649135,-10.057762005209279,-4.210383564936169e-14
225.32912291594678,4.511924556748435,15.772713374137085,4.004716106506519,-10.057056363242117,-3.368306851948935e-14
225.32015638750582,4.516415801939197,15.771881448369067,4.004571057161122,-10.056350689613227,-1.4315304120782974e-13
225.31118971805523,4.520906879077655,15.771049509659582,4.004425724157478,-10.055644984285392,-8.420767129872338e-15
225.30222290754332,4.525397788160527,15.770217558003939,4.004280107624323,-10.054939247221425,-5.894536990910637e-14
225.29325595591848,4.529888529184527,15.769385593397443,4.004134207690397,-10.054233478384145,-8.420767129872338e-14
225.28428886312906,4.5343791021463655,15.768553615835401,4.003988024484428,-10.053527677736401,3.368306851948935e-14
225.2753216291234,4.538869507042756,15.767721625313111,4.003841558135147,-10.052821845241066,-1.0946997268834039e-13
225.26635425384984,4.543359743870406,15.766889621825888,4.003694808771268,-10.052115980861021,-9.262843842859572e-14
225.25738673725678,4.547849812626014,15.766057605369033,4.003547776521504,-10.051410084559178,7.578690416885104e-14
225.24841907929255,4.5523397133062895,15.765225575937851,4.00340046151456,-10.050704156298458,7.578690416885104e-14
225.23945127990552,4.5568294459079315,15.764393533527647,4.0032528638791405,-10.049998196041823,-2.5262301389617013e-14
225.23048333904413,4.561319010427637,15.76356147813373,4.003104983743938,-10.04929220375223,-5.894536990910637e-14
225.22151525665674,4.565808406862099,15.762729409751401,4.002956821237644,-10.048586179392675,-8.420767129872338e-15
225.2125470326917,4.570297635208013,15.761897328375968,4.002808376488934,-10.047880122926166,4.210383564936169e-14
225.20357866709745,4.574786695462071,15.761065234002736,4.002659649626496,-10.047174034315727,-9.262843842859572e-14
225.19461015982236,4.579275587620959,15.76023312662701,4.002510640778986,-10.046467913524413,3.368306851948935e-14
225.18564151081483,4.583764311681364,15.759401006244099,4.002361350075083,-10.0457617605153,-1.6841534259744676e-14
225.1766727200233,4.588252867639968,15.758568872849299,4.002211777643437,-10.045055575251466,-8.420767129872338e-14
225.16770378739616,4.592741255493452,15.757736726437926,4.0020619236126995,-10.04434935769603,-1.0946997268834039e-13
225.15873471288188,4.597229475238498,15.756904567005279,4.001911788111518,-10.043643107812118,4.210383564936169e-14
225.1497654964288,4.60171752687178,15.756072394546667,4.001761371268533,-10.04293682556288,2.5262301389617013e-14
225.14079613798543,4.60620541038997,15.755240209057394,4.001610673212383,-10.042230510911489,8.420767129872338e-15
225.13182663750013,4.610693125789744,15.754408010532766,4.001459694071688,-10.041524163821139,-8.420767129872338e-15
225.1228569949214,4.61518067306777,15.753575798968082,4.001308433975075,-10.040817784255037,-1.4315304120782974e-13
225.11388721019765,4.619668052220714,15.75274357435866,4.001156893051158,-10.040111372176408,-1.5999457546757442e-13
225.10491728327733,4.624155263245238,15.751911336699798,4.001005071428546,-10.039404927548517,-8.420767129872338e-15
225.09594721410895,4.628642306138012,15.751079085986797,4.000852969235844,-10.038698450334625,-6.73661370389787e-14
225.08697700264088,4.63312918089569,15.750246822214972,4.000700586601645,-10.03799194049802,-2.5262301389617013e-14
225.07800664882163,4.6376158875149285,15.749414545379622,4.000547923654549,-10.037285398002025,-1.1789073981821273e-13
225.0690361525997,4.642102425992388,15.748582255476055,4.000394980523131,-10.036578822809963,8.420767129872338e-15
225.06006551392352,4.64658879632472,15.747749952499575,4.00024175733598,-10.035872214885185,3.368306851948935e-14
225.05109473274155,4.651074998508572,15.746917636445492,4.000088254221659,-10.035165574191058,-8.420767129872338e-14
225.04212380900233,4.6555610325405965,15.746085307309105,3.9999344713087406,-10.03445890069098,8.420767129872338e-15
225.03315274265435,4.660046898417437,15.745252965085726,3.9997804087257833,-10.033752194348354,5.894536990910637e-14
225.02418153364604,4.664532596135739,15.74442060977065,3.9996260666013455,-10.033045455126624,-2.5262301389617013e-14
225.01521018192597,4.669018125692146,15.743588241359188,3.9994714450639712,-10.032338682989227,-1.1789073981821273e-13
225.0062386874426,4.673503487083291,15.742755859846651,3.9993165442422023,-10.031631877899635,5.894536990910637e-14
224.99726705014444,4.677988680305818,15.741923465228341,3.9991613642645754,-10.030925039821344,2.5262301389617013e-14
224.98829526998003,4.682473705356357,15.74109105749956,3.999005905259624,-10.030218168717855,-4.210383564936169e-14
224.97932334689787,4.686958562231545,15.740258636655614,3.9988501673558674,-10.029511264552708,-6.73661370389787e-14
224.97035128084647,4.691443250928007,15.739426202691812,3.998694150681822,-10.028804327289444,-7.578690416885104e-14
224.96137907177442,4.695927771442375,15.738593755603457,3.998537855366004,-10.028097356891633,-5.894536990910637e-14
224.95240671963018,4.700412123771272,15.737761295385857,3.9983812815369144,-10.02739035332287,-2.5262301389617013e-14
224.94343422436233,4.704896307911324,15.736928822034313,3.9982244293230536,-10.026683316546757,-7.578690416885104e-14
224.9344615859194,4.7093803238591505,15.736096335544133,3.998067298852914,-10.025976246526923,-1.1789073981821273e-13
224.92548880424994,4.7138641716113705,15.73526383591062,3.997909890254983,-10.02526914322702,-3.368306851948935e-14
224.91651587930252,4.718347851164603,15.734431323129087,3.997752203657739,-10.024562006610706,5.0524602779234026e-14
224.90754281102565,4.7228313625154605,15.733598797194832,3.9975942391896586,-10.023854836641677,-9.262843842859572e-14
224.89856959936793,4.727314705660555,15.732766258103164,3.9974359969792053,-10.023147633283639,-5.0524602779234026e-14
224.88959624427795,4.731797880596496,15.731933705849384,3.9972774771548476,-10.022440396500317,-1.6841534259744676e-14
224.88062274570424,4.7362808873198965,15.731101140428803,3.9971186798450353,-10.021733126255457,-2.5262301389617013e-14
224.87164910359542,4.740763725827357,15.730268561836724,3.996959605178219,-10.02102582251282,2.5262301389617013e-14
224.8626753179,4.745246396115482,15.729435970068453,3.9968002532828417,-10.020318485236196,-5.894536990910637e-14
224.85370138856663,4.749728898180874,15.728603365119291,3.9966406242873433,-10.019611114389393,-4.210383564936169e-14
224.8447273155439,4.754211232020128,15.72777074698455,3.996480718320149,-10.018903709936227,-2.5262301389617013e-14
224.83575309878037,4.758693397629849,15.726938115659529,3.996320535509687,-10.018196271840546,-5.0524602779234026e-14
224.8267787382247,4.763175395006625,15.726105471139544,3.996160075984372,-10.017488800066214,-8.420767129872338e-14
224.81780423382546,4.767657224147052,15.72527281341989,3.9959993398726166,-10.016781294577115,-5.0524602779234026e-14
224.8088295855312,4.772138885047717,15.72444014249587,3.995838327302831,-10.016073755337146,-6.73661370389787e-14
224.79985479329068,4.776620377705211,15.723607458362801,3.995677038403408,-10.015366182310231,-5.894536990910637e-14
224.79087985705243,4.7811017021161195,15.722774761015987,3.9955154733027416,-10.01465857546031,-1.1789073981821273e-13
224.78190477676506,4.785582858277026,15.721942050450721,3.9953536321292265,-10.013950934751346,0.0
224.77292955237724,4.790063846184512,15.721109326662326,3.9951915150112316,-10.01324326014731,-5.894536990910637e-14
224.7639541838376,4.794544665835159,15.720276589646092,3.9950291220771383,-10.012535551612215,-4.210383564936169e-14
224.7549786710948,4.799025317225541,15.719443839397329,3.994866453455312,-10.01182780911007,8.420767129872338e-15
224.74600301409743,4.803505800352235,15.718611075911346,3.9947035092741148,-10.011120032604916,2.5262301389617013e-14
224.73702721279417,4.807986115211816,15.71777829918345,3.994540289661902,-10.010412222060808,0.0
224.72805126713368,4.812466261800853,15.716945509208935,3.9943767947470232,-10.009704377441826,-8.420767129872338e-15
224.71907517706464,4.816946240115913,15.716112705983125,3.99421302465782,-10.008996498712058,-8.420767129872338e-15
224.71009894253567,4.821426050153567,15.715279889501304,3.994048979522628,-10.008288585835627,-1.1789073981821273e-13
224.7011225634955,4.825905691910377,15.714447059758792,3.9938846594697814,-10.007580638776664,1.0104920555846805e-13
224.69214603989272,4.830385165382907,15.713614216750893,3.9937200646275985,-10.006872657499322,-5.894536990910637e-14
224.6831693716761,4.834864470567716,15.712781360472906,3.9935551951243973,-10.00616464196777,-1.6841534259744676e-14
224.67419255879426,4.8393436074613625,15.711948490920145,3.9933900510884945,-10.005456592146206,0.0
224.6652156011959,4.843822576060404,15.711115608087908,3.993224632648189,-10.004748507998839,8.420767129872338e-15
224.65623849882974,4.848301376361394,15.710282711971502,3.993058939931783,-10.004040389489898,-5.0524602779234026e-14
224.64726125164444,4.852780008360884,15.709449802566237,3.9928929730675677,-10.003332236583631,-7.578690416885104e-14
224.63828385958877,4.857258472055425,15.708616879867412,3.9927267321838276,-10.002624049244307,6.73661370389787e-14
224.62930632261134,4.861736767441563,15.70778394387034,3.9925602174088404,-10.001915827436218,-6.73661370389787e-14
224.62032864066097,4.866214894515846,15.706950994570317,3.9923934288708867,-10.001207571123663,4.210383564936169e-14
224.61135081368627,4.870692853274815,15.706118031962658,3.992226366698224,-10.00049928027097,-2.5262301389617013e-14
224.60237284163605,4.875170643715018,15.705285056042662,3.992059031019118,-9.999790954842485,-8.420767129872338e-14
224.59339472445902,4.879648265832985,15.70445206680564,3.9918914219618182,-9.999082594802573,-2.5262301389617013e-14
224.58441646210386,4.8841257196252625,15.703619064246885,3.9917235396545787,-9.998374200115617,-8.420767129872338e-14
224.57543805451937,4.888603005088382,15.702786048361718,3.9915553842256366,-9.997665770746012,-1.0946997268834039e-13
224.56645950165426,4.893080122218877,15.701953019145433,3.991386955803229,-9.996957306658189,1.0104920555846805e-13
224.55748080345728,4.897557071013279,15.701119976593345,3.991218254515581,-9.996248807816576,5.894536990910637e-14
224.54850195987714,4.902033851468117,15.700286920700753,3.991049280490919,-9.995540274185633,-1.4315304120782974e-13
224.53952297086272,4.90651046357992,15.699453851462962,3.9908800338574526,-9.994831705729847,-1.6841534259744676e-14
224.53054383636265,4.910986907345211,15.698620768875283,3.990710514743396,-9.994123102413708,-6.73661370389787e-14
224.52156455632573,4.915463182760516,15.697787672933018,3.990540723276951,-9.993414464201727,0.0
224.51258513070076,4.919939289822355,15.69695456363147,3.9903706595863166,-9.99270579105845,-9.262843842859572e-14
224.50360555943647,4.9244152285272484,15.696121440965944,3.990200323799679,-9.99199708294842,-9.262843842859572e-14
224.4946258424817,4.928890998871712,15.69528830493175,3.9900297160452216,-9.991288339836212,0.0
224.4856459797852,4.9333666008522625,15.694455155524192,3.9898588364511243,-9.990579561686413,-2.5262301389617013e-14
224.47666597129572,4.937842034465413,15.693621992738576,3.989687685145558,-9.98987074846364,-9.262843842859572e-14
224.46768581696216,4.942317299707671,15.692788816570207,3.989516262256683,-9.989161900132514,-8.420767129872338e-15
224.4587055167332,4.946792396575552,15.691955627014387,3.9893445679126627,-9.988453016657683,0.0
224.4497250705577,4.95126732506556,15.691122424066428,3.9891726022416454,-9.987744098003814,-6.73661370389787e-14
224.44074447838446,4.9557420851742,15.690289207721632,3.9890003653717754,-9.987035144135593,1.6841534259744676e-14
224.4317637401623,4.960216676897977,15.6894559779753,3.9888278574311933,-9.98632615501772,-1.0946997268834039e-13
224.42278285584,4.964691100233392,15.688622734822742,3.988655078548032,-9.98561713061492,-9.262843842859572e-14
224.41380182536645,4.969165355176946,15.687789478259264,3.988482028850416,-9.984908070891931,-1.0104920555846805e-13
224.40482064869042,4.973639441725132,15.686956208280169,3.9883087084664677,-9.984198975813516,-4.210383564936169e-14
224.3958393257608,4.97811335987445,15.686122924880765,3.988135117524292,-9.983489845344447,-6.73661370389787e-14
224.38685785652632,4.982587109621391,15.685289628056358,3.9879612561520004,-9.982780679449519,8.420767129872338e-15
224.3778762409359,4.987060690962449,15.68445631780225,3.987787124477695,-9.982071478093559,-4.210383564936169e-14
224.3688944789384,4.991534103894111,15.68362299411375,3.987612722629466,-9.981362241241387,0.0
224.3599125704826,4.996007348412867,15.68278965698616,3.9874380507354013,-9.980652968857859,-8.420767129872338e-14
224.35093051551743,5.000480424515203,15.68195630641479,3.9872631089235773,-9.979943660907844,1.6841534259744676e-14
224.3419483139917,5.004953332197601,15.681122942394941,3.9870878973220765,-9.979234317356243,2.5262301389617013e-14
224.33296596585427,5.009426071456545,15.680289564921917,3.986912416058959,-9.978524938167954,-7.578690416885104e-14
