galstreams/tracks/track.st.NGC2808.ibata2021.ecsv
# %ECSV 0.9
# ---
# datatype:
# - {name: ra, unit: deg, datatype: float64}
# - {name: dec, unit: deg, datatype: float64}
# - {name: distance, unit: kpc, datatype: float64}
# - {name: pm_ra_cosdec, unit: mas / yr, datatype: float64}
# - {name: pm_dec, unit: mas / yr, datatype: float64}
# - {name: radial_velocity, unit: km / s, datatype: float64}
# delimiter: ','
# meta: !!omap
# - __serialized_columns__:
#     dec:
#       __class__: astropy.coordinates.angles.Latitude
#       unit: &id001 !astropy.units.Unit {unit: deg}
#       value: !astropy.table.SerializedColumn {name: dec}
#     distance:
#       __class__: astropy.coordinates.distances.Distance
#       unit: !astropy.units.Unit {unit: kpc}
#       value: !astropy.table.SerializedColumn {name: distance}
#     pm_dec:
#       __class__: astropy.units.quantity.Quantity
#       unit: !astropy.units.Unit {unit: mas / yr}
#       value: !astropy.table.SerializedColumn {name: pm_dec}
#     pm_ra_cosdec:
#       __class__: astropy.units.quantity.Quantity
#       unit: !astropy.units.Unit {unit: mas / yr}
#       value: !astropy.table.SerializedColumn {name: pm_ra_cosdec}
#     ra:
#       __class__: astropy.coordinates.angles.Longitude
#       unit: *id001
#       value: !astropy.table.SerializedColumn {name: ra}
#       wrap_angle: !astropy.coordinates.Angle
#         unit: *id001
#         value: 360.0
#     radial_velocity:
#       __class__: astropy.units.quantity.Quantity
#       unit: !astropy.units.Unit {unit: km / s}
#       value: !astropy.table.SerializedColumn {name: radial_velocity}
# schema: astropy-2.0
ra,dec,distance,pm_ra_cosdec,pm_dec,radial_velocity
[from data line 137]
125.73225500264844,-58.364283933167464,3.530692703807648,5.419688875380907,-3.4799783522660874,-2.5262301389617013e-14
125.74393308928201,-58.37219727997773,3.5416168748867034,5.41852477817084,-3.4760884948838267,-5.4734986344170195e-14
125.75561723658205,-58.380109255742276,3.552529011674831,5.417357098985155,-3.4722000308743297,-1.6841534259744676e-14
125.76730744440674,-58.38801986080296,3.563429117110619,5.41618584268733,-3.4683129635172647,-2.947268495455318e-14
125.77900371261454,-58.39592909550234,3.574317194132659,5.415011014143154,-3.4644272960909133,-3.368306851948935e-14
125.79070604106364,-58.40383696018317,3.5851932456795397,5.413832618220695,-3.4605430318722212,-4.210383564936169e-14
125.80241442961247,-58.41174345518875,3.5960572746898443,5.412650659790332,-3.456660174136742,-4.210383564936169e-14
125.81412887811942,-58.419648580862884,3.6069092841021693,5.41146514372473,-3.4527787261586598,-2.947268495455318e-14
125.8258493864427,-58.42755233754959,3.6177492768550996,5.410276074898857,-3.4488986912107866,-3.368306851948935e-14
125.83757595444078,-58.435454725593495,3.6285772558872256,5.4090834581899925,-3.4450200725645317,-3.789345208442552e-14
125.8493085819721,-58.44335574533967,3.6393932241371343,5.407887298477714,-3.441142873489912,-2.5262301389617013e-14
125.86104726889485,-58.45125539713345,3.650197184543417,5.406687600643903,-3.43726709725556,-1.6841534259744676e-14
125.87279201506765,-58.45915368132078,3.6609891400446597,5.405484369572765,-3.4333927471286763,-5.0524602779234026e-14
125.88454282034877,-58.46705059824794,3.671769093579453,5.404277610150793,-3.4295198263750675,-2.1051917824680846e-14
125.89629968459667,-58.474946148261665,3.682537048086386,5.403067327266818,-3.4256483382591147,-6.315575347404254e-14
125.9080626076699,-58.48284033170922,3.693293006504048,5.4018535258119735,-3.4217782860437587,-4.210383564936169e-14
125.91983158942685,-58.49073314893811,3.704036971771028,5.400636210679716,-3.4179096729905365,-5.0524602779234026e-14
125.93160662972603,-58.49862460029648,3.714768946825911,5.399415386765819,-3.4140425023595236,-2.947268495455318e-14
125.94338772842603,-58.506514686132846,3.7254889346072906,5.3981910589683855,-3.4101767774093568,-2.5262301389617013e-14
125.95517488538529,-58.514403406796106,3.7361969380537547,5.396963232187828,-3.406312501397233,-8.420767129872338e-15
125.9669681004624,-58.52229076263561,3.7468929601038887,5.3957319113269,-3.4024496775788764,-3.368306851948935e-14
125.97876737351606,-58.53017675400132,3.7575770036962868,5.394497101290682,-3.3985883092085487,-4.631421921429786e-14
125.99057270440477,-58.53806138124336,3.7682490717695343,5.393258806986578,-3.3947283995390567,-4.631421921429786e-14
126.00238409298731,-58.54594464471257,3.7789091672622224,5.3920170333243345,-3.3908699518217116,-5.0524602779234026e-14
126.01420153912223,-58.55382654476001,3.7895572931129355,5.39077178521602,-3.3870129693063666,-4.631421921429786e-14
126.02602504266832,-58.56170708173733,3.8001934522602685,5.389523067576053,-3.38315745524136,-5.4734986344170195e-14
126.0378546034844,-58.56958625599666,3.810817647642807,5.388270885321189,-3.379303412873542,-2.1051917824680846e-14
126.04969022142915,-58.577464067890396,3.8214298821991384,5.3870152433705165,-3.3754508454482863,-2.1051917824680846e-14
126.06153189636139,-58.585340517771535,3.832030158867855,5.385756146645477,-3.3715997562094264,-3.789345208442552e-14
126.07337962814013,-58.593215605993535,3.842618480587545,5.384493600069855,-3.367750148399291,-3.789345208442552e-14
126.08523341662413,-58.60108933291017,3.8531948502967954,5.3832276085697774,-3.3639020252586995,-2.5262301389617013e-14
126.09709326167237,-58.6089616988758,3.8637592709341955,5.38195817707373,-3.360055390026942,-3.368306851948935e-14
126.10895916314394,-58.61683270424522,3.8743117454383365,5.3806853105125425,-3.3562102459417593,-3.368306851948935e-14
126.12083112089772,-58.62470234937356,3.8848522767478024,5.379409013819405,-3.352366596239377,-6.315575347404254e-14
126.13270913479295,-58.6325706346166,3.895380867801189,5.378129291929859,-3.3485244441544517,-5.4734986344170195e-14
126.1445932046886,-58.64043756033037,3.9058975215370806,5.376846149781801,-3.3446837929201143,-3.368306851948935e-14
126.1564833304439,-58.6483031268715,3.916402240894065,5.375559592315497,-3.3408446457679184,-3.368306851948935e-14
126.1683795119182,-58.65616733459707,3.926895028810736,5.3742696244735715,-3.3370070059278465,-3.789345208442552e-14
126.18028174897061,-58.66403018386452,3.9373758882256777,5.372976251201004,-3.3331708766283388,-3.368306851948935e-14
126.1921900414605,-58.67189167503183,3.947844822077481,5.371679477445152,-3.3293362610962367,-3.789345208442552e-14
126.2041043892474,-58.67975180845747,3.9583018333047346,5.370379308155745,-3.325503162556788,-2.947268495455318e-14
126.21602479219054,-58.687610584500256,3.9687469248460254,5.369075748284862,-3.3216715842336892,-4.631421921429786e-14
126.22795125014953,-58.69546800351959,3.979180099639947,5.367768802786971,-3.317841529348999,-2.947268495455318e-14
126.23988376298401,-58.70332406587529,3.9896013606250826,5.366458476618921,-3.314013001123191,-4.210383564936169e-14
126.25182233055344,-58.71117877192758,4.000010710740027,5.365144774739914,-3.3101860027751426,-4.210383564936169e-14
126.26376695271763,-58.71903212203728,4.0104081529233655,5.363827702111552,-3.306360537522087,-3.368306851948935e-14
126.27571762933621,-58.726884116565486,4.0207936901136865,5.3625072636977995,-3.3025366085796675,-5.0524602779234026e-14
126.28767436026911,-58.73473475587395,4.03116732524958,5.361183464465022,-3.298714219161872,-3.368306851948935e-14
126.29963714537618,-58.74258404032485,4.041529061269635,5.359856309381957,-3.294893372481063,-4.631421921429786e-14
126.31160598451731,-58.75043197028071,4.05187890111244,5.358525803419731,-3.2910740717479747,-5.4734986344170195e-14
126.32358087755259,-58.75827854610464,4.062216847716584,5.357191951551858,-3.2872563201716742,-2.947268495455318e-14
126.3355618243421,-58.76612376816026,4.072542904020656,5.355854758754248,-3.2834401209595816,-5.894536990910637e-14
126.34754882474594,-58.77396763681152,4.082857072963246,5.354514230005194,-3.279625477317471,-4.631421921429786e-14
126.35954187862451,-58.781810152422956,4.093159357482941,5.3531703702853966,-3.27581239244942,-2.947268495455318e-14
126.3715409858379,-58.78965131535951,4.10344976051833,5.351823184577933,-3.272000869557869,-5.4734986344170195e-14
126.38354614624664,-58.79749112598664,4.113728285008003,5.3504726778682965,-3.2681909118435524,-2.947268495455318e-14
126.39555735971123,-58.80532958467031,4.123994933890549,5.349118855144376,-3.2643825225055187,-5.0524602779234026e-14
126.40757462609214,-58.81316669177684,4.134249710104554,5.347761721396455,-3.2605757047411474,-3.789345208442552e-14
126.41959794525005,-58.82100244767317,4.144492616588611,5.346401281617233,-3.2567704617460955,-3.368306851948935e-14
126.43162731704572,-58.82883685272667,4.154723656281308,5.3450375408018065,-3.25296679671432,-4.631421921429786e-14
126.44366274133986,-58.83666990730508,4.1649428321212305,5.343670503947681,-3.2491647128380814,-4.210383564936169e-14
126.45570421799344,-58.84450161177679,4.1751501470469705,5.342300176054774,-3.245364213307897,-3.368306851948935e-14
126.46775174686748,-58.85233196651062,4.185345603997116,5.34092656212542,-3.241565301312578,-5.0524602779234026e-14
126.47980532782296,-58.86016097187574,4.1955292059102565,5.339549667164357,-3.2377679800392007,-4.210383564936169e-14
126.49186496072113,-58.86798862824205,4.205700955724979,5.338169496178747,-3.2339722526731003,-5.894536990910637e-14
126.50393064542318,-58.87581493597966,4.215860856379875,5.336786054178161,-3.230178122397873,-5.0524602779234026e-14
126.51600238179049,-58.883639895459375,4.226008910813533,5.335399346174596,-3.2263855923953595,-3.789345208442552e-14
126.52808016968461,-58.89146350705242,4.23614512196454,5.3340093771824755,-3.2225946658456435,-2.947268495455318e-14
126.54016400896693,-58.89928577113043,4.246269492771485,5.332616152218631,-3.218805345927052,-4.210383564936169e-14
126.5522538994992,-58.90710668806563,4.25638202617296,5.3312196763023305,-3.2150176358161358,-4.210383564936169e-14
126.56434984114321,-58.91492625823076,4.26648272510755,5.3298199544552745,-3.211231538687667,-5.4734986344170195e-14
126.57645183376076,-58.92274448199886,4.276571592513846,5.328416991701575,-3.2074470577146457,-3.789345208442552e-14
126.58855987721381,-58.93056135974368,4.286648631330436,5.327010793067785,-3.2036641960682712,-3.368306851948935e-14
126.60067397136456,-58.93837689183937,4.296713844495911,5.325601363582898,-3.19988295691795,-2.947268495455318e-14
126.61279411607502,-58.94619107866048,4.306767234948857,5.324188708278326,-3.196103343431295,-2.947268495455318e-14
126.6249203112076,-58.95400392058227,4.316808805627864,5.322772832187928,-3.1923253587740916,-2.947268495455318e-14
126.63705255662464,-58.96181541798025,4.326838559471521,5.321353740347998,-3.1885490061103368,-2.5262301389617013e-14
126.64919085218868,-58.96962557123057,4.336856499418418,5.319931437797271,-3.1847742886021786,-5.4734986344170195e-14
126.66133519776243,-58.977434380709944,4.346862628407141,5.318505929576926,-3.181001209409945,-2.5262301389617013e-14
126.67348559320851,-58.98524184679535,4.356856949376281,5.31707722073058,-3.1772297716921445,-5.4734986344170195e-14
126.68564203838989,-58.993047969864456,4.3668394652644285,5.315645316304297,-3.17345997860542,-3.368306851948935e-14
126.69780453316959,-59.00085275029542,4.376810179010167,5.314210221346602,-3.1696918333045794,-4.210383564936169e-14
126.70997307741061,-59.00865618846678,4.386769093552091,5.312771940908444,-3.165925338942584,-4.210383564936169e-14
126.72214767097627,-59.016458284757654,4.396716211828787,5.311330480043246,-3.162160498670514,-3.789345208442552e-14
126.73432831372999,-59.024259039547715,4.406651536778844,5.309885843806875,-3.158397315637593,-5.4734986344170195e-14
126.74651500553514,-59.032058453217,4.41657507134085,5.30843803725765,-3.154635792991175,-3.368306851948935e-14
126.75870774625545,-59.03985652614619,4.4264868184533945,5.306987065456351,-3.1508759338767227,-3.368306851948935e-14
126.7709065357546,-59.047653258716316,4.436386781055068,5.305532933466213,-3.14711774143782,-2.947268495455318e-14
126.7831113738965,-59.05544865130907,4.446274962084456,5.304075646352937,-3.1433612188161577,-4.631421921429786e-14
126.79532226054526,-59.06324270430661,4.456151364480151,5.302615209184682,-3.1396063691515117,-4.631421921429786e-14
126.80753919556491,-59.07103541809148,4.466015991180742,5.301151627032065,-3.1358531955817677,-4.210383564936169e-14
126.81976217881981,-59.07882679304687,4.475868845124816,5.29968490496818,-3.1321017012428896,-3.789345208442552e-14
126.83199121017445,-59.0866168295565,4.485709929250958,5.298215048068585,-3.1283518892689206,-3.789345208442552e-14
126.84422628949329,-59.09440552800441,4.4955392464977635,5.296742061411297,-3.124603762791985,-7.157652060391487e-14
126.85646741664121,-59.10219288877538,4.5053567998038195,5.295265950076821,-3.120857324942255,-6.315575347404254e-14
126.86871459148291,-59.1099789122545,4.515162592107711,5.29378671914812,-3.1171125788479923,-5.4734986344170195e-14
126.88096781388354,-59.117763598827494,4.524956626348033,5.292304373710632,-3.113369527635484,-4.210383564936169e-14
126.89322708370824,-59.12554694888063,4.534738905463372,5.290818918852287,-3.1096281744290755,-3.789345208442552e-14
126.90549240082225,-59.133328962800555,4.5445094323923145,5.289330359663474,-3.1058885223511594,-2.5262301389617013e-14
126.91776376509111,-59.14110964097452,4.554268210073452,5.287838701237066,-3.102150574522149,-3.789345208442552e-14
126.93004117638048,-59.14888898379035,4.564015241445373,5.286343948668431,-3.0984143340604864,-2.5262301389617013e-14
126.94232463455604,-59.156666991636186,4.573750529446668,5.284846107055399,-3.094679804082647,-3.368306851948935e-14
126.95461413948378,-59.164443664900894,4.58347407701592,5.2833451814983015,-3.0909469877031093,-4.210383564936169e-14
126.96690969102985,-59.1722190039738,4.593185887091724,5.281841177099949,-3.0872158880343483,-4.631421921429786e-14
126.97921128906043,-59.179993009244654,4.602885962612666,5.280334098965643,-3.0834865081868688,-3.789345208442552e-14
126.99151893344202,-59.187765681103876,4.612574306517335,5.278823952203167,-3.0797588512691374,-5.4734986344170195e-14
127.00383262404114,-59.195537019942265,4.62225092174432,5.277310741922811,-3.076032920387634,-2.5262301389617013e-14
127.01615236072453,-59.203307026151215,4.631915811232211,5.27579447323734,-3.072308718646803,-2.947268495455318e-14
127.02847814335925,-59.2110757001227,4.641568977919597,5.274275151262033,-3.068586249149062,-4.210383564936169e-14
127.04080997181225,-59.21884304224906,4.651210424745065,5.272752781114647,-3.064865514994811,-2.1051917824680846e-14
127.05314784595085,-59.226609052923294,4.6608401546472065,5.271227367915451,-3.0611465192823974,-4.210383564936169e-14
127.06549176564255,-59.234373732538934,4.670458170564607,5.269698916787212,-3.0574292651081207,-5.894536990910637e-14
127.0778417307549,-59.2421370814899,4.680064475435858,5.26816743285519,-3.05371375556624,-4.210383564936169e-14
127.09019774115572,-59.24989910017076,4.689659072199545,5.266632921247158,-3.049999993748947,-5.0524602779234026e-14
127.10255979671307,-59.25765978897663,4.699241963794265,5.26509538709339,-3.0462879827463585,-2.947268495455318e-14
127.11492789729498,-59.265419148303025,4.708813153158597,5.263554835526666,-3.0425777256465443,-3.368306851948935e-14
127.12730204276991,-59.273177178546135,4.718372643231133,5.262011271682276,-3.038869225535466,-5.4734986344170195e-14
127.13968223300631,-59.28093388010254,4.727920436950468,5.260464700698016,-3.035162485497018,-3.789345208442552e-14
127.15206846787291,-59.288689253369455,4.737456537255183,5.258915127714196,-3.031457508612997,-5.0524602779234026e-14
127.16446074723873,-59.29644329874466,4.746980947083871,5.257362557873645,-3.0277542979630905,-5.0524602779234026e-14
127.17685907097275,-59.3041960166263,4.756493669375118,5.255806996321697,-3.024052856624899,-2.5262301389617013e-14
127.1892634389443,-59.311947407413214,4.765994707067515,5.254248448206206,-3.0203531876738956,-3.789345208442552e-14
127.20167385102295,-59.319697471504774,4.775484063099653,5.252686918677547,-3.016655294183431,-4.210383564936169e-14
127.21409030707827,-59.32744620930072,4.784961740410115,5.25112241288861,-3.0129591792247483,-4.631421921429786e-14
127.22651280698021,-59.3351936212015,4.794427741937494,5.249554935994808,-3.0092648458669387,-3.789345208442552e-14
127.23894135059894,-59.3429397076081,4.80388207062038,5.247984493154082,-3.005572297176954,-5.0524602779234026e-14
127.2513759378046,-59.350684468921905,4.813324729397358,5.246411089526883,-3.00188153621962,-5.894536990910637e-14
127.26381656846786,-59.358427905545,4.82275572120702,5.244834730276207,-2.9981925660575817,-4.210383564936169e-14
127.27626324245928,-59.36617001787985,4.8321750489879545,5.243255420567559,-2.994505389751349,-2.5262301389617013e-14
127.28871595964983,-59.37391080632957,4.841582715678747,5.2416731655689865,-2.9908200103592533,-5.4734986344170195e-14
127.30117471991075,-59.38165027129786,4.85097872421799,5.2400879704510634,-2.987136430937442,-4.210383564936169e-14
127.3136395231132,-59.389388413188826,4.8603630775442745,5.23849984038689,-2.9834546545399068,-2.947268495455318e-14
127.32611036912883,-59.39712523240719,4.869735778596185,5.23690878055211,-2.9797746842184356,-3.789345208442552e-14
127.33858725782947,-59.40486072935826,4.879096830312309,5.235314796124902,-2.9760965230226204,-5.4734986344170195e-14
127.35107018908703,-59.41259490444781,4.88844623563124,5.2337178922859655,-2.972420173999868,-3.368306851948935e-14
