galstreams/tracks/track.st.AAU-AliqaUma.li2021.ecsv
# %ECSV 0.9
# ---
# datatype:
# - {name: ra, unit: deg, datatype: float64}
# - {name: dec, unit: deg, datatype: float64}
# - {name: distance, unit: kpc, datatype: float64}
# - {name: pm_ra_cosdec, unit: mas / yr, datatype: float64}
# - {name: pm_dec, unit: mas / yr, datatype: float64}
# - {name: radial_velocity, unit: km / s, datatype: float64}
# delimiter: ','
# meta: !!omap
# - __serialized_columns__:
#     dec:
#       __class__: astropy.coordinates.angles.Latitude
#       unit: &id001 !astropy.units.Unit {unit: deg}
#       value: !astropy.table.SerializedColumn {name: dec}
#     distance:
#       __class__: astropy.coordinates.distances.Distance
#       unit: !astropy.units.Unit {unit: kpc}
#       value: !astropy.table.SerializedColumn {name: distance}
#     pm_dec:
#       __class__: astropy.units.quantity.Quantity
#       unit: !astropy.units.Unit {unit: mas / yr}
#       value: !astropy.table.SerializedColumn {name: pm_dec}
#     pm_ra_cosdec:
#       __class__: astropy.units.quantity.Quantity
#       unit: !astropy.units.Unit {unit: mas / yr}
#       value: !astropy.table.SerializedColumn {name: pm_ra_cosdec}
#     ra:
#       __class__: astropy.coordinates.angles.Longitude
#       unit: *id001
#       value: !astropy.table.SerializedColumn {name: ra}
#       wrap_angle: !astropy.coordinates.Angle
#         unit: *id001
#         value: 360.0
#     radial_velocity:
#       __class__: astropy.units.quantity.Quantity
#       unit: !astropy.units.Unit {unit: km / s}
#       value: !astropy.table.SerializedColumn {name: radial_velocity}
# schema: astropy-2.0
ra,dec,distance,pm_ra_cosdec,pm_dec,radial_velocity
[from data line 139]
32.5284596622068,-33.696508197816655,26.25011736514852,0.18866922051157675,-0.7534845765541258,-47.88508711562715
32.538376507382736,-33.70239650370221,26.254881261113134,0.18877530730178974,-0.7532352643700138,-47.829747878103184
32.54829418135902,-33.7082849087406,26.259647406559747,0.18888123211124364,-0.7529857974614962,-47.77439868940786
32.558212684601116,-33.71417341281154,26.26441580148836,0.18898699488723295,-0.7527361758663894,-47.71903954954118
32.56813201757459,-33.720062015794674,26.269186445898985,0.18909259557704267,-0.7524863996225346,-47.66367045850313
32.578052180745196,-33.725950717569646,26.273959339791606,0.18919803412794903,-0.7522364687677978,-47.60829141629373
32.58797317457876,-33.73183951801597,26.27873448316623,0.18930331048721746,-0.7519863833400685,-47.55290242291295
32.59789499954125,-33.737728417013166,26.283511876022864,0.1894084246021047,-0.7517361433772607,-47.49750347836085
32.60781765609881,-33.74361741444067,26.2882915183615,0.18951337641985774,-0.7514857489173135,-47.44209458263735
32.61774114471766,-33.74950651017786,26.293073410182135,0.1896181658877143,-0.751235199998189,-47.38667573574246
32.627665465864176,-33.755395704104096,26.29785755148478,0.18972279295290162,-0.7509844966578754,-47.331246937676255
32.63759062000484,-33.76128499609862,26.302643942269423,0.18982725756263838,-0.7507336389343837,-47.27580818843867
32.647516607606285,-33.767174386040665,26.307432582536066,0.189931559664133,-0.7504826268657501,-47.22035948802972
32.65744342913528,-33.77306387380939,26.312223472284728,0.190035699204585,-0.7502314604900346,-47.16490083644943
32.66737108505871,-33.778953459283905,26.31701661151538,0.190139676131184,-0.7499801398453227,-47.10943223369776
32.677299575843605,-33.784843142343284,26.32181200022804,0.19024349039111005,-0.7497286649697236,-47.05395367977472
32.6872289019571,-33.790732922866496,26.326609638422706,0.1903471419315335,-0.7494770359013705,-46.998465174680355
32.697159063866486,-33.7966228007325,26.331409526099367,0.19045063069961546,-0.7492252526784218,-46.94296671841458
32.70709006203916,-33.80251277582016,26.33621166325804,0.19055395664250732,-0.7489733153390599,-46.8874583109775
32.71702189694268,-33.80840284800835,26.341016049898712,0.1906571197073514,-0.7487212239214923,-46.83193995236899
32.72695456904469,-33.81429301717579,26.345822686021396,0.19076011984127944,-0.74846897846395,-46.77641164258918
32.73688807881303,-33.820183283201246,26.350631571626078,0.19086295699141498,-0.7482165790046895,-46.72087338163797
32.74682242671561,-33.82607364596334,26.35544270671276,0.19096563110487083,-0.7479640255819908,-46.66532516951541
32.7567576132205,-33.83196410534072,26.36025609128145,0.1910681421287508,-0.7477113182341593,-46.60976700622146
32.766693638795886,-33.83785466121189,26.365071725332143,0.19117049001014905,-0.7474584569995242,-46.554198891756215
32.77663050391009,-33.843745313455386,26.369889608864842,0.19127267469615059,-0.74720544191644,-46.49862082611954
32.786568209031586,-33.84963606194963,26.37470974187954,0.1913746961338301,-0.7469522730232852,-46.443032809311525
32.79650675462894,-33.855526906573004,26.379532124376237,0.19147655427025334,-0.7466989503584629,-46.38743484133218
32.80644614117089,-33.86141784720383,26.384356756354947,0.19157824905247686,-0.7464454739604005,-46.331826922181435
32.81638636912625,-33.86730888372039,26.389183637815663,0.19167978042754638,-0.746191843867551,-46.27620905185933
32.826327438964036,-33.87320001600089,26.39401276875837,0.1917811483424996,-0.7459380601183911,-46.2205812303659
32.836269351153334,-33.87909124392348,26.398844149183088,0.19188235274436358,-0.7456841227514222,-46.164943457701064
32.8462121061634,-33.88498256736628,26.403677779089815,0.19198339358015665,-0.7454300318051699,-46.1092957338649
32.85615570446359,-33.890873986207325,26.408513658478533,0.1920842707968868,-0.7451757873181861,-46.05363805885734
32.866100146523415,-33.8967655003246,26.413351787349267,0.192184984341553,-0.7449213893290448,-45.99797043267843
32.87604543281252,-33.90265710959605,26.418192165701992,0.19228553416114502,-0.7446668378763475,-45.94229285532816
32.88599156380065,-33.908548813899536,26.42303479353673,0.1923859202026424,-0.7444121329987179,-45.88660532680657
32.895938539957704,-33.91444061311288,26.427879670853468,0.19248614241301518,-0.7441572747348058,-45.83090784711358
32.90588636175372,-33.920332507113855,26.432726797652215,0.1925862007392248,-0.7439022631232848,-45.7752004162492
32.915835029658844,-33.926224495780154,26.43757617393296,0.19268609512822177,-0.743647098202854,-45.71948303421351
32.92578454414339,-33.932116578989444,26.442427799695707,0.19278582552694853,-0.7433917800122367,-45.66375570100641
32.93573490567775,-33.9380087566193,26.447281674940456,0.19288539188233697,-0.7431363085901809,-45.608018416627985
32.9456861147325,-33.943901028547266,26.452137799667216,0.1929847941413099,-0.7428806839754598,-45.55227118107819
32.95563817177831,-33.949793394650825,26.456996173875975,0.19308403225078055,-0.7426249062068708,-45.49651399435703
32.965591077286,-33.95568585480739,26.461856797566742,0.19318310615765227,-0.7423689753232359,-45.440746856464536
32.97554483172653,-33.96157840889433,26.46671967073951,0.1932820158088198,-0.7421128913634026,-45.38496976740063
32.98549943557096,-33.967471056788966,26.471584793394282,0.1933807611511671,-0.7418566543662428,-45.32918272716537
32.99545488929051,-33.97336379836853,26.476452165531065,0.19347934213156992,-0.7416002643706529,-45.27338573575879
33.005411193356515,-33.97925663351024,26.481321787149838,0.19357775869689348,-0.7413437214155549,-45.21757879318083
33.01536834824046,-33.98514956209122,26.48619365825062,0.19367601079399419,-0.7410870255398945,-45.16176189943146
33.02532635441396,-33.99104258398856,26.4910677788334,0.19377409836971857,-0.7408301767826431,-45.105935054510766
33.03528521234873,-33.99693569907927,26.495944148898193,0.19387202137090356,-0.7405731751827962,-45.05009825841874
33.045244922516666,-34.00282890724033,26.50082276844499,0.19396977974437676,-0.7403160207793748,-44.99425151115532
33.055205485389735,-34.00872220834865,26.505703637473786,0.1940673734369563,-0.7400587136114245,-44.93839481272053
33.0651669014401,-34.014615602281076,26.510586755984587,0.194164802395451,-0.7398012537180156,-44.88252816311442
33.07512917114003,-34.0205090889144,26.515472123977393,0.19426206656665965,-0.7395436411382434,-44.8266515623369
33.0850922949619,-34.02640266812538,26.5203597414522,0.19435916589737184,-0.7392858759112284,-44.77076501038803
33.095056273378255,-34.03229633979068,26.525249608409005,0.19445610033436764,-0.7390279580761161,-44.71486850726783
33.10502110686177,-34.03819010378693,26.530141724847816,0.1945528698244178,-0.7387698876720756,-44.65896205297623
33.11498679588521,-34.0440839599907,26.53503609076864,0.19464947431428314,-0.7385116647383019,-44.603045647513305
33.124953340921515,-34.049977908278485,26.539932706171466,0.19474591375071493,-0.7382532893140151,-44.547119290878975
33.13492074244375,-34.05587194852675,26.544831571056285,0.19484218808045609,-0.7379947614384603,-44.49118298307331
33.144889000925104,-34.06176608061189,26.54973268542312,0.1949382972502384,-0.7377360811509066,-44.4352367240963
33.154858116838895,-34.06766030441023,26.55463604927195,0.19503424120678545,-0.7374772484906494,-44.37928051394788
33.164828090658595,-34.073554619798074,26.55954166260279,0.19513001989681056,-0.737218263497008,-44.32331435262816
33.17479892285777,-34.07944902665161,26.56444952541563,0.19522563326701764,-0.7369591262093272,-44.26733824013701
33.18477061391017,-34.08534352484703,26.569359637710466,0.19532108126410175,-0.7366998366669769,-44.211352176474534
33.19474316428962,-34.09123811426042,26.57427199948732,0.19541636383474767,-0.7364403949093512,-44.15535616164071
33.20471657447012,-34.09713279476785,26.57918661074617,0.19551148092563092,-0.7361808009758704,-44.099350195635495
33.21469084492579,-34.103027566245295,26.58410347148702,0.19560643248341772,-0.735921054905979,-44.043334278458936
33.22466597613087,-34.10892242856868,26.589022581709887,0.19570121845476465,-0.7356611567391467,-43.98730841011102
33.23464196855978,-34.11481738161391,26.593943941414743,0.19579583878631918,-0.7354011065148687,-43.931272590591746
33.24461882268701,-34.12071242525678,26.598867550601607,0.19589029342471848,-0.7351409042726647,-43.87522681990112
33.2545965389872,-34.12660755937305,26.603793409270484,0.19598458231659105,-0.7348805500520794,-43.81917109803909
33.26457511793516,-34.13250278383843,26.608721517421355,0.19607870540855543,-0.7346200438926835,-43.76310542500572
33.27455456000579,-34.138398098528555,26.61365187505423,0.19617266264722066,-0.734359385834072,-43.707029800801
33.28453486567415,-34.14429350331903,26.618584482169105,0.19626645397918704,-0.7340985759158651,-43.65094422542491
33.29451603541542,-34.15018899808536,26.623519338766,0.19636007935104424,-0.7338376141777082,-43.59484869887745
33.3044980697049,-34.15608458270302,26.62845644484488,0.19645353870937313,-0.733576500659272,-43.53874322115864
33.31448096901806,-34.16198025704742,26.633395800405772,0.19654683200074508,-0.7333152354002523,-43.48262779226847
33.32446473383047,-34.16787602099393,26.638337405448667,0.19663995917172206,-0.7330538184403701,-43.42650241220693
33.33444936461784,-34.17377187441783,26.64328125997356,0.19673292016885574,-0.7327922498193713,-43.37036708097403
33.34443486185604,-34.17966781719435,26.648227363980464,0.19682571493868972,-0.7325305295770268,-43.314221798569754
33.354421226021024,-34.18556384919869,26.653175717469377,0.19691834342775677,-0.7322686577531334,-43.25806656499415
33.36440845758892,-34.19145997030595,26.65812632044028,0.1970108055825815,-0.7320066343875133,-43.20190138024717
33.37439655703599,-34.197356180391196,26.66307917289319,0.19710310134967796,-0.7317444595200131,-43.14572624432882
33.3843855248386,-34.20325247932944,26.66803427482811,0.19719523067555064,-0.7314821331905044,-43.08954115723912
33.394375361473266,-34.209148866995626,26.672991626245025,0.19728719350669566,-0.7312196554388847,-43.03334611897803
33.40436606741663,-34.21504534326463,26.677951227143954,0.19737898978959892,-0.7309570263050771,-42.977141129545615
33.41435764314551,-34.220941908011284,26.682913077524884,0.19747061947073663,-0.730694245829029,-42.92092618894182
33.42435008913677,-34.22683856111036,26.687877177387808,0.19756208249657625,-0.7304313140507142,-42.86470129716668
33.434343405867494,-34.23273530243657,26.69284352673274,0.1976533788135753,-0.7301682310101307,-42.80846645422017
33.44433759381486,-34.23863213186456,26.69781212555968,0.1977445083681817,-0.7299049967473024,-42.75222166010229
33.45433265345617,-34.24452904926893,26.702782973868626,0.19783547110683447,-0.7296416113022779,-42.69596691481308
33.4643285852689,-34.25042605452422,26.70775607165957,0.1979262669759624,-0.7293780747151325,-42.63970221835245
33.474325389730616,-34.25632314750487,26.71273141893252,0.19801689592198582,-0.7291143870259655,-42.58342757072054
33.48432306731905,-34.262220328085355,26.71770901568747,0.19810735789131464,-0.7288505482749023,-42.52714297191718
33.494321618512046,-34.26811759613999,26.722688861924425,0.19819765283034982,-0.7285865585020928,-42.47084842194251
33.504321043787584,-34.27401495154308,26.727670957643387,0.1982877806854826,-0.7283224177477134,-42.41454392079645
33.514321343623806,-34.279912394168875,26.732655302844346,0.19837774140309505,-0.728058126051965,-42.35822946847905
33.52432251849894,-34.285809923891556,26.73764189752731,0.19846753492955987,-0.7277936834550744,-42.3019050649903
33.534324568891385,-34.29170754058524,26.74263074169229,0.1985571612112392,-0.7275290899972935,-42.245570710330185
33.54432749527968,-34.29760524412399,26.747621835339256,0.19864662019448753,-0.7272643457189002,-42.18922640449869
33.554331298142465,-34.30350303438181,26.75261517846824,0.19873591182564865,-0.7269994506601969,-42.13287214749587
33.56433597795854,-34.30940091123266,26.757610771079218,0.19882503605105714,-0.7267344048615121,-42.07650793932166
33.574341535206834,-34.315298874550415,26.762608613172205,0.19891399281703837,-0.7264692083631998,-42.02013377997605
33.58434797036639,-34.321196924208884,26.767608704747197,0.19900278206990754,-0.726203861205639,-41.96374966945915
33.594355283916414,-34.32709506008187,26.772611045804183,0.19909140375597165,-0.7259383634292347,-41.90735560777084
33.60436347633623,-34.33299328204305,26.777615636343185,0.19917985782152722,-0.7256727150744171,-41.85095159491117
33.614372548105315,-34.33889158996609,26.78262247636418,0.19926814421286193,-0.725406916181642,-41.79453763088015
33.62438249970326,-34.34478998372457,26.787631565867187,0.19935626287625305,-0.7251409667913904,-41.73811371567782
33.63439333160979,-34.35068846319202,26.792642904852187,0.19944421375797003,-0.7248748669441698,-41.68167984930409
33.644405044304776,-34.356587028241925,26.797656493319202,0.1995319968042711,-0.7246086166805116,-41.62523603175896
33.65441763826823,-34.36248567874768,26.80267233126822,0.1996196119614063,-0.7243422160409744,-41.56878226304249
33.66443111398028,-34.36838441458264,26.807690418699234,0.19970705917561593,-0.7240756650661416,-41.51231854315467
33.67444547192119,-34.37428323562011,26.812710755612255,0.19979433839313063,-0.7238089637966223,-41.45584487209551
33.68446071257137,-34.38018214173331,26.817733342007283,0.19988144956017145,-0.7235421122730509,-41.39936124986497
33.69447683641138,-34.38608113279541,26.82275817788431,0.19996839262295063,-0.7232751105360877,-41.34286767646303
33.704493843921874,-34.391980208679534,26.82778526324334,0.2000551675276704,-0.7230079586264189,-41.2863641518898
33.71451173558367,-34.39787936925873,26.832814598084372,0.20014177422052376,-0.7227406565847556,-41.22985067614516
33.72453051187771,-34.403778614405994,26.837846182407418,0.2002282126476941,-0.722473204451835,-41.17332724922916
33.73455017328508,-34.40967794399425,26.842880016212458,0.2003144827553559,-0.72220560226842,-41.11679387114184
33.744570720287,-34.41557735789637,26.847916099499507,0.20040058448967368,-0.7219378500752993,-41.06025054188315
33.75459215336482,-34.42147685598519,26.852954432268557,0.20048651779680288,-0.7216699479132864,-41.00369726145306
33.76461447300001,-34.42737643813345,26.85799501451961,0.20057228262288881,-0.7214018958232218,-40.94713402985162
33.7746376796742,-34.433276104213846,26.86303784625267,0.2006578789140685,-0.7211336938459708,-40.89056084707884
33.78466177386916,-34.439175854099005,26.86808292746773,0.20074330661646875,-0.7208653420224241,-40.833977713134686
33.794686756066774,-34.445075687661515,26.873130258164792,0.20082856567620688,-0.7205968403934995,-40.77738462801915
33.80471262674905,-34.45097560477389,26.87817983834387,0.20091365603939074,-0.7203281890001391,-40.720781591732326
33.81473938639819,-34.45687560530857,26.88323166800493,0.20099857765211981,-0.7200593878833115,-40.66416860427404
33.82476703549647,-34.46277568913795,26.888285747148007,0.201083330460483,-0.7197904370840111,-40.60754566564446
33.83479557452632,-34.468675856134375,26.89334207577309,0.20116791441055998,-0.7195213366432575,-40.55091277584352
33.84482500397031,-34.47457610617011,26.898400653880174,0.2012523294484215,-0.7192520866020966,-40.494269934871205
33.85485532431114,-34.480476439117375,26.90346148146926,0.20133657552012799,-0.7189826870016003,-40.43761714272751
33.86488653603166,-34.486376854848324,26.90852455854035,0.2014206525717317,-0.7187131378828655,-40.380954399412474
33.874918639614854,-34.49227735323504,26.913589885093444,0.20150456054927443,-0.7184434392870157,-40.324281704926086
33.88495163554383,-34.49817793414956,26.918657461128536,0.20158829939878897,-0.7181735912552,-40.2675990592683
33.89498552430182,-34.504078597463845,26.92372728664564,0.20167186906629878,-0.7179035938285928,-40.21090646243922
33.90502030637222,-34.509979343049835,26.928799361644746,0.20175526949781752,-0.7176334470483952,-40.15420391443874
