galstreams/tracks/track.st.NGC3201.ibata2021.ecsv
# %ECSV 0.9
# ---
# datatype:
# - {name: ra, unit: deg, datatype: float64}
# - {name: dec, unit: deg, datatype: float64}
# - {name: distance, unit: kpc, datatype: float64}
# - {name: pm_ra_cosdec, unit: mas / yr, datatype: float64}
# - {name: pm_dec, unit: mas / yr, datatype: float64}
# - {name: radial_velocity, unit: km / s, datatype: float64}
# delimiter: ','
# meta: !!omap
# - __serialized_columns__:
#     dec:
#       __class__: astropy.coordinates.angles.Latitude
#       unit: &id001 !astropy.units.Unit {unit: deg}
#       value: !astropy.table.SerializedColumn {name: dec}
#     distance:
#       __class__: astropy.coordinates.distances.Distance
#       unit: !astropy.units.Unit {unit: kpc}
#       value: !astropy.table.SerializedColumn {name: distance}
#     pm_dec:
#       __class__: astropy.units.quantity.Quantity
#       unit: !astropy.units.Unit {unit: mas / yr}
#       value: !astropy.table.SerializedColumn {name: pm_dec}
#     pm_ra_cosdec:
#       __class__: astropy.units.quantity.Quantity
#       unit: !astropy.units.Unit {unit: mas / yr}
#       value: !astropy.table.SerializedColumn {name: pm_ra_cosdec}
#     ra:
#       __class__: astropy.coordinates.angles.Longitude
#       unit: *id001
#       value: !astropy.table.SerializedColumn {name: ra}
#       wrap_angle: !astropy.coordinates.Angle
#         unit: *id001
#         value: 360.0
#     radial_velocity:
#       __class__: astropy.units.quantity.Quantity
#       unit: !astropy.units.Unit {unit: km / s}
#       value: !astropy.table.SerializedColumn {name: radial_velocity}
# schema: astropy-2.0
ra,dec,distance,pm_ra_cosdec,pm_dec,radial_velocity
[from data line 967]
160.8105580412612,-47.18456470757383,5.04179139134259,6.082333457007235,-1.2630189932722877,1.473634247727659e-14
160.8252895225056,-47.185407234505,5.0432730236216265,6.078770086919712,-1.260037842360718,2.5262301389617013e-14
160.84002237208483,-47.186243796039186,5.044755990076486,6.075226597313424,-1.2570446089040426,0.0
160.85475658834568,-47.18707437936947,5.046240283074922,6.071703072548852,-1.2540392435025502,2.5262301389617013e-14
160.86949216961966,-47.18789897168858,5.047725894984687,6.068199596951649,-1.2510216966881913,5.0524602779234026e-14
160.88422911422316,-47.18871756018894,5.049212818173534,6.064716254812592,-1.247991918924567,1.894672604221276e-14
160.89896742045735,-47.18953013206262,5.050701045009214,6.061253130387565,-1.2449498606069267,2.315710960714893e-14
160.91370708660818,-47.19033667450141,5.052190567859481,6.057810307897497,-1.241895472062171,4.210383564936169e-15
160.92844811094645,-47.191137174696735,5.053681379092084,6.054387871528349,-1.2388287035488488,3.157787673702127e-14
160.9431904917276,-47.191931619839735,5.05517347107478,6.050985905431057,-1.2357495052571594,2.1051917824680845e-15
160.95793422719206,-47.192719997121266,5.056666836175319,6.047604493721507,-1.2326578273089432,1.2631150694808506e-14
160.97267931556485,-47.19350229373185,5.0581614667614545,6.044243720480501,-1.229553619757692,1.473634247727659e-14
160.98742575505594,-47.19427849686172,5.059657355200938,6.040903669753713,-1.2264368325885417,3.789345208442552e-14
161.0021735438599,-47.19504859370084,5.061154493861524,6.037584425551659,-1.2233074157182733,2.5262301389617013e-14
161.0169226801562,-47.19581257143885,5.062652875110962,6.034286071849658,-1.220165318995313,1.473634247727659e-14
161.03167316210903,-47.19657041726516,5.064152491317007,6.031008692587791,-1.2170104921997302,1.894672604221276e-14
161.04642498786737,-47.19732211836884,5.065653334847409,6.027752371670875,-1.2138428850432423,8.420767129872338e-15
161.06117815556496,-47.19806766193872,5.067155398069925,6.024517192968421,-1.2106624471692058,2.5262301389617013e-14
161.07593266332023,-47.198807035163405,5.068658673352302,6.021303240314598,-1.20746912815263,1.0525958912340423e-14
161.09068850923646,-47.199540225231154,5.070163153062296,6.0181105975082,-1.2042628775001643,2.1051917824680845e-15
161.10544569140163,-47.20026721933004,5.071668829567657,6.014939348312603,-1.2010436446501034,8.420767129872338e-15
161.1202042078885,-47.20098800464782,5.073175695236141,6.011789576455734,-1.1978113789723908,1.473634247727659e-14
161.13496405675454,-47.20170256837206,5.074683742435498,6.00866136563004,-1.1945660297686183,6.315575347404253e-15
161.14972523604203,-47.202410897690065,5.07619296353348,6.005554799492453,-1.191307546272021,2.315710960714893e-14
161.1644877437779,-47.20311297978887,5.077703350897842,6.002469961664332,-1.1880358776474886,4.210383564936169e-15
161.17925157797387,-47.203808801855324,5.079214896896334,5.999406935731462,-1.1847509729915577,4.210383564936169e-15
161.19401673662645,-47.204498351076005,5.08072759389671,5.99636580524399,-1.1814527813324176,0.0
161.20878321771679,-47.205181614637304,5.082241434266722,5.993346653716402,-1.1781412516299077,1.0525958912340423e-14
161.2235510192108,-47.205858579725366,5.083756410374122,5.990349564627486,-1.1748163327755257,2.315710960714893e-14
161.23832013905914,-47.20652923352615,5.085272514586664,5.987374621420304,-1.1714779735924261,3.157787673702127e-14
161.25309057519718,-47.207193563225346,5.086789739272097,5.98442190750214,-1.1681261228354187,4.210383564936169e-15
161.26786232554505,-47.207851556008514,5.088308076798177,5.981491506244472,-1.1647607291909698,1.6841534259744676e-14
161.28263538800755,-47.20850319906096,5.089827519532657,5.978583500982951,-1.161381741277216,2.947268495455318e-14
161.2974097604742,-47.209148479567816,5.091348059843286,5.97569797501734,-1.1579891076439526,3.368306851948935e-14
161.3121854408193,-47.209787384714026,5.092869690097819,5.9728350116115045,-1.154582776772644,1.0525958912340423e-14
161.32696242690176,-47.21041990168435,5.094392402664009,5.969994693993354,-1.1511626970764195,2.5262301389617013e-14
161.34174071656534,-47.211046017663335,5.095916189909606,5.96717710535483,-1.1477288169000874,3.157787673702127e-14
161.35652030763836,-47.21166571983541,5.097441044202364,5.964382328851849,-1.1442810845201241,3.157787673702127e-14
161.37130119793395,-47.21227899538477,5.098966957910036,5.961610447604286,-1.140819448144689,2.7367493172085098e-14
161.3860833852499,-47.21288583149549,5.100493923400373,5.958861544695928,-1.1373438559136178,6.315575347404253e-15
161.40086686736873,-47.21348621535148,5.102021933041129,5.956135703174443,-1.1338542558984313,4.210383564936169e-15
161.4156516420577,-47.214080134136445,5.103550979200056,5.953433006051349,-1.1303505961023361,3.9998643866893604e-14
161.43043770706862,-47.21466757503401,5.105081054244906,5.950753536301976,-1.1268328244602386,1.6841534259744676e-14
161.44522506013814,-47.2152485252276,5.106612150543432,5.948097376865421,-1.1233008888387261,0.0
161.46001369898758,-47.21582297190051,5.108144260463385,5.945464610644543,-1.1197547370360934,8.420767129872338e-15
161.47480362132293,-47.21639090223591,5.10967737637252,5.942855320505892,-1.1161943167823336,2.315710960714893e-14
161.48959482483485,-47.21695230341682,5.111211490638588,5.940269589279707,-1.1126195757391502,3.157787673702127e-14
161.50438730719873,-47.21750716262617,5.112746595629343,5.9377074997598545,-1.109030461499953,2.7367493172085098e-14
161.51918106607462,-47.218055467046696,5.114282683712534,5.935169134703814,-1.1054269215898702,-2.1051917824680845e-15
161.5339760991073,-47.218597203861094,5.115819747255917,5.932654576832638,-1.1018089034657454,1.0525958912340423e-14
161.5487724039262,-47.21913236025191,5.117357778627244,5.930163908830908,-1.098176354516149,3.157787673702127e-14
161.5635699781454,-47.21966092340157,5.118896770194266,5.927697213346716,-1.0945292220613831,2.7367493172085098e-14
161.57836881936373,-47.22018288049242,5.120436714324735,5.925254572991632,-1.0908674533534808,2.947268495455318e-14
161.5931689251647,-47.2206982187067,5.121977603386406,5.9228360703406455,-1.0871909955762136,2.947268495455318e-14
161.60797029311638,-47.22120692522655,5.123519429747031,5.920441787932159,-1.0834997958450994,3.5788260301957434e-14
161.6227729207717,-47.22170898723404,5.12506218577436,5.91807180826794,-1.0797938012074066,2.7367493172085098e-14
161.6375768056681,-47.22220439191112,5.126605863836148,5.915726213813087,-1.076072958642158,2.1051917824680846e-14
161.6523819453278,-47.22269312643971,5.128150456300147,5.913405086996012,-1.0723372150601367,2.5262301389617013e-14
161.66718833725764,-47.22317517800161,5.129695955534108,5.911108510208381,-1.068586517303896,2.7367493172085098e-14
161.68199597894915,-47.22365053377859,5.131242353905786,5.908836565805105,-1.0648208121477623,6.315575347404253e-15
161.69680486787857,-47.224119180952314,5.132789643782932,5.906589336104288,-1.0610400462978355,2.5262301389617013e-14
161.71161500150671,-47.224581106704434,5.134337817533298,5.904366903387205,-1.0572441663920114,4.210383564936169e-15
161.72642637727915,-47.2250362982165,5.135886867524636,5.902169349898271,-1.0534331189999695,2.5262301389617013e-14
161.74123899262608,-47.225484742670055,5.1374367861247014,5.89999675784499,-1.0496068506231953,1.6841534259744676e-14
161.75605284496237,-47.22592642724656,5.138987565701245,5.89784920939795,-1.0457653076949749,1.0525958912340423e-14
161.77086793168755,-47.22636133912747,5.140539198622018,5.895726786690763,-1.041908436580411,-6.315575347404253e-15
161.78568425018582,-47.22678946549419,5.142091677254776,5.893629571820041,-1.0380361835764227,1.473634247727659e-14
161.8005017978261,-47.22721079352809,5.143644993967268,5.89155764684538,-1.03414849491176,2.947268495455318e-14
161.81532057196182,-47.2276253104105,5.1451991411272475,5.889511093789299,-1.0302453167470087,1.894672604221276e-14
161.83014056993122,-47.228033003322786,5.146754111102469,5.887489994637225,-1.0263265951745943,0.0
161.84496178905718,-47.22843385944623,5.148309896260683,5.8854944313374595,-1.0223922762187914,4.210383564936169e-15
161.85978422664715,-47.22882786596216,5.149866488969643,5.883524485801147,-1.018442305835738,1.0525958912340423e-14
161.87460787999336,-47.22921501005186,5.1514238815971,5.881580239902225,-1.0144766299134338,2.5262301389617013e-14
161.88943274637256,-47.229595278896625,5.152982066510808,5.87966177547742,-1.0104951942717577,2.5262301389617013e-14
161.90425882304632,-47.22996865967778,5.154541036078519,5.877769174326188,-1.006497944662467,3.368306851948935e-14
161.9190861072607,-47.23033513957661,5.156100782667987,5.875902518210704,-1.0024848267692161,0.0
161.93391459624664,-47.230694705774454,5.1576612986469605,5.874061888855819,-0.9984557862075519,4.210383564936169e-14
161.94874428721945,-47.23104734545266,5.159222576383196,5.872247367949023,-0.994410768524941,2.7367493172085098e-14
161.9635751773793,-47.231393045792586,5.1607846082444455,5.870459037140429,-0.9903497192007613,2.1051917824680845e-15
161.97840726391104,-47.23173179397565,5.162347386598459,5.868696978042727,-0.9862725836463195,3.789345208442552e-14
161.993240543984,-47.23206357718327,5.16391090381299,5.866961272231155,-0.9821793072048642,3.157787673702127e-14
162.00807501475228,-47.23238838259692,5.165475152255793,5.865252001243468,-0.978069835151586,-8.420767129872338e-15
162.0229106733547,-47.23270619739812,5.167040124294616,5.863569246579916,-0.9739441126936308,6.315575347404253e-15
162.03774751691455,-47.23301700876843,5.168605812297217,5.861913089703197,-0.9698020849701176,1.6841534259744676e-14
162.05258554254,-47.233320803889484,5.170172208631345,5.860283612038434,-0.9656436970521369,2.315710960714893e-14
162.06742474732366,-47.233617569942936,5.1717393056647545,5.858680894973142,-0.9614688939427675,2.947268495455318e-14
162.08226512834293,-47.23390729411054,5.173307095765196,5.857105019857199,-0.9572776205770869,2.947268495455318e-14
162.09710668265984,-47.234189963574096,5.174875571300424,5.855556068002805,-0.9530698218221787,2.5262301389617013e-14
162.11194940732108,-47.23446556551551,5.17644472463819,5.85403412068447,-0.948845442477147,-8.420767129872338e-15
162.126793299358,-47.2347340871167,5.178014548146244,5.852539259138963,-0.9446044272731207,2.7367493172085098e-14
162.14163835578654,-47.234995515559774,5.179585034192343,5.851071564565288,-0.9403467208732781,4.210383564936169e-15
162.1564845736074,-47.23524983802681,5.1811561751442365,5.849631118124666,-0.9360722678728418,-4.210383564936169e-15
162.17133194980585,-47.235497041700064,5.182727963369678,5.848218000940479,-0.931781012799102,2.1051917824680845e-15
162.18618048135187,-47.23573711376184,5.1843003912364205,5.8468322940982596,-0.9274729001114231,-6.315575347404253e-15
162.20103016520008,-47.2359700413946,5.185873451112215,5.845474078645656,-0.9231478742012543,2.1051917824680846e-14
162.21588099828975,-47.23619581178087,5.187447135364814,5.844143435592391,-0.918805879392149,2.1051917824680846e-14
162.23073297754485,-47.23641441210327,5.189021436361973,5.842840445910251,-0.9144468599397695,2.1051917824680845e-15
162.24558609987392,-47.23662582954461,5.190596346471441,5.841565190533031,-0.9100707600318958,-4.210383564936169e-15
162.2604403621703,-47.23683005128776,5.192171858060973,5.840317750356534,-0.9056775237884503,3.157787673702127e-14
162.27529576131187,-47.23702706451574,5.193747963498319,5.839098206238511,-0.9012670952615056,2.7367493172085098e-14
162.2901522941612,-47.23721685641171,5.195324655151231,5.837906638998651,-0.8968394184352897,2.1051917824680846e-14
162.30500995756555,-47.23739941415898,5.196901925387467,5.83674312941854,-0.8923944372262089,-2.1051917824680845e-15
162.31986874835684,-47.23757472494095,5.198479766574774,5.835607758241645,-0.8879320954828533,3.5788260301957434e-14
162.33472866335163,-47.23774277594121,5.200058171080905,5.834500606173263,-0.8834523369860231,2.1051917824680845e-15
162.34958969935116,-47.23790355434352,5.201637131273617,5.833421753880511,-0.8789551054487215,1.0525958912340423e-14
162.36445185314133,-47.23805704733175,5.203216639520656,5.832371281992289,-0.8744403445161874,1.6841534259744676e-14
162.37931512149274,-47.238203242089966,5.204796688189781,5.831349271099241,-0.869907997765901,1.2631150694808506e-14
162.39417950116064,-47.2383421258024,5.206377269648738,5.830355801753747,-0.8653580087075974,-4.210383564936169e-15
162.4090449888849,-47.23847368565343,5.207958376265284,5.829390954469873,-0.8607903207832823,8.420767129872338e-15
162.4239115813901,-47.238597908827664,5.209540000407171,5.8284548097233495,-0.856204877367251,-1.6841534259744676e-14
162.43877927538557,-47.23871478250983,5.2111221344421494,5.827547447951551,-0.8516016217660886,1.6841534259744676e-14
162.45364806756515,-47.23882429388491,5.212704770737974,5.826668949553451,-0.8469804972187063,2.7367493172085098e-14
162.4685179546075,-47.238926430138,5.214287901662396,5.825819394889605,-0.8423414468963395,1.894672604221276e-14
162.48338893317586,-47.239021178454486,5.215871519583168,5.824998864282111,-0.8376844139025674,1.894672604221276e-14
162.49826099991824,-47.23910852601987,5.217455616868043,5.824207438014599,-0.8330093412733325,-1.894672604221276e-14
162.51313415146726,-47.239188460019925,5.219040185884772,5.8234451963321785,-0.8283161719769455,2.947268495455318e-14
162.52800838444023,-47.239260967640604,5.22062521900111,5.822712219441431,-0.8236048489141223,2.315710960714893e-14
162.54288369543917,-47.239326036068086,5.222210708584807,5.822008587510372,-0.8188753149179743,1.2631150694808506e-14
162.55776008105073,-47.23938365248879,5.223796647003618,5.821334380668415,-0.8141275127540406,-8.420767129872338e-15
162.57263753784633,-47.23943380408934,5.225383026625293,5.820689679006358,-0.8093613851202988,1.473634247727659e-14
162.587516062382,-47.23947647805659,5.226969839817586,5.820074562576353,-0.8045768746471857,0.0
162.60239565119855,-47.239511661577644,5.228557078948249,5.81948911139186,-0.799773923897608,-4.210383564936169e-15
162.61727630082135,-47.23953934183987,5.230144736385035,5.81893340542765,-0.7949524753669637,-2.1051917824680845e-15
162.63215800776058,-47.23955950603084,5.231732804495695,5.818407524619747,-0.7901124714831582,0.0
162.6470407685111,-47.239572141338414,5.233321275647984,5.817911548865423,-0.7852538546066176,3.368306851948935e-14
162.66192457955233,-47.23957723495069,5.234910142209651,5.817445558023152,-0.7803765670303162,-2.1051917824680845e-15
162.67680943734865,-47.23957477405603,5.236499396548452,5.817009631912593,-0.7754805509797806,6.315575347404253e-15
162.6916953383489,-47.23956474584308,5.238089031032138,5.816603850314567,-0.770565748613117,-8.420767129872338e-15
162.70658227898676,-47.239547137500765,5.239679038028462,5.816228292971016,-0.7656321020210266,-1.6841534259744676e-14
162.72147025568057,-47.239521936218246,5.241269409905175,5.815883039584993,-0.7606795532268242,-5.2629794561702115e-15
162.73635926483342,-47.239489129185,5.242860139030031,5.815568169820605,-0.7557080441864531,1.9999321933446802e-14
162.751249302833,-47.2394487035908,5.2444512177707825,5.8152837633030305,-0.7507175167885132,-1.9999321933446802e-14
162.76614036605187,-47.23940064662569,5.24604263849518,5.815029899618452,-0.7457079128542644,-8.420767129872338e-15
162.78103245084722,-47.239344945480035,5.247634393570979,5.814806658314055,-0.7406791741376612,3.0525280845787224e-14
162.79592555356092,-47.23928158734446,5.249226475365929,5.814614118897981,-0.7356312423253619,1.2631150694808506e-14
162.81081967051966,-47.239210559409955,5.250818876247785,5.814452360839319,-0.7305640590367523,-5.2629794561702115e-15
162.8257147980348,-47.239131848867764,5.252411588584299,5.814321463568068,-0.7254775658239612,1.9999321933446802e-14
162.84061093240243,-47.23904544290953,5.254004604743222,5.8142215064751195,-0.7203717041718865,7.368171238638296e-15
