galstreams/tracks/track.po.PS1-D.bernard2016.ecsv
# %ECSV 0.9
# ---
# datatype:
# - {name: ra, unit: deg, datatype: float64}
# - {name: dec, unit: deg, datatype: float64}
# - {name: distance, unit: kpc, datatype: float64}
# - {name: pm_ra_cosdec, unit: mas / yr, datatype: float64}
# - {name: pm_dec, unit: mas / yr, datatype: float64}
# - {name: radial_velocity, unit: km / s, datatype: float64}
# delimiter: ','
# meta: !!omap
# - __serialized_columns__:
#     dec:
#       __class__: astropy.coordinates.angles.Latitude
#       unit: &id001 !astropy.units.Unit {unit: deg}
#       value: !astropy.table.SerializedColumn {name: dec}
#     distance:
#       __class__: astropy.coordinates.distances.Distance
#       unit: !astropy.units.Unit {unit: kpc}
#       value: !astropy.table.SerializedColumn {name: distance}
#     pm_dec:
#       __class__: astropy.units.quantity.Quantity
#       unit: !astropy.units.Unit {unit: mas / yr}
#       value: !astropy.table.SerializedColumn {name: pm_dec}
#     pm_ra_cosdec:
#       __class__: astropy.units.quantity.Quantity
#       unit: !astropy.units.Unit {unit: mas / yr}
#       value: !astropy.table.SerializedColumn {name: pm_ra_cosdec}
#     ra:
#       __class__: astropy.coordinates.angles.Longitude
#       unit: *id001
#       value: !astropy.table.SerializedColumn {name: ra}
#       wrap_angle: !astropy.coordinates.Angle
#         unit: *id001
#         value: 360.0
#     radial_velocity:
#       __class__: astropy.units.quantity.Quantity
#       unit: !astropy.units.Unit {unit: km / s}
#       value: !astropy.table.SerializedColumn {name: radial_velocity}
# schema: astropy-2.0
ra,dec,distance,pm_ra_cosdec,pm_dec,radial_velocity
[from data line 3071]
140.03487427706824,9.088173172379015,22.900000000000034,0.0,0.0,0.0
140.03531584149974,9.098165892184676,22.90000000000003,0.0,0.0,0.0
140.03575743059733,9.10815861145897,22.900000000000034,0.0,0.0,0.0
140.03619904438997,9.118151330201274,22.90000000000003,0.0,0.0,0.0
140.03664068290658,9.128144048410963,22.90000000000003,0.0,0.0,0.0
140.0370823461761,9.138136766087413,22.90000000000003,0.0,0.0,0.0
140.03752403422746,9.148129483229997,22.90000000000003,0.0,0.0,0.0
140.03796574708963,9.158122199838095,22.90000000000003,0.0,0.0,0.0
140.03840748479163,9.168114915911087,22.900000000000034,0.0,0.0,0.0
140.03884924736232,9.178107631448341,22.900000000000027,0.0,0.0,0.0
140.03929103483077,9.188100346449241,22.900000000000034,0.0,0.0,0.0
140.0397328472259,9.198093060913154,22.90000000000003,0.0,0.0,0.0
140.04017468457675,9.208085774839459,22.90000000000003,0.0,0.0,0.0
140.04061654691228,9.218078488227533,22.900000000000034,0.0,0.0,0.0
140.0410584342615,9.228071201076753,22.900000000000034,0.0,0.0,0.0
140.0415003466534,9.238063913386485,22.900000000000038,0.0,0.0,0.0
140.04194228411703,9.248056625156119,22.90000000000003,0.0,0.0,0.0
140.0423842466814,9.258049336385014,22.90000000000003,0.0,0.0,0.0
140.0428262343755,9.268042047072553,22.90000000000003,0.0,0.0,0.0
140.04326824722838,9.27803475721811,22.900000000000034,0.0,0.0,0.0
140.04371028526913,9.288027466821058,22.90000000000003,0.0,0.0,0.0
140.0441523485267,9.298020175880774,22.90000000000003,0.0,0.0,0.0
140.04459443703024,9.308012884396629,22.90000000000003,0.0,0.0,0.0
140.04503655080873,9.318005592368,22.900000000000034,0.0,0.0,0.0
140.0454786898913,9.327998299794254,22.900000000000034,0.0,0.0,0.0
140.04592085430698,9.337991006674772,22.90000000000003,0.0,0.0,0.0
140.04636304408484,9.347983713008924,22.90000000000003,0.0,0.0,0.0
140.04680525925397,9.357976418796087,22.90000000000003,0.0,0.0,0.0
140.04724749984348,9.367969124035632,22.90000000000003,0.0,0.0,0.0
140.04768976588247,9.377961828726928,22.90000000000003,0.0,0.0,0.0
140.04813205739998,9.387954532869355,22.90000000000003,0.0,0.0,0.0
140.04857437442521,9.397947236462285,22.90000000000003,0.0,0.0,0.0
140.0490167169872,9.407939939505084,22.90000000000003,0.0,0.0,0.0
140.04945908511513,9.417932641997135,22.900000000000034,0.0,0.0,0.0
140.04990147883814,9.4279253439378,22.90000000000003,0.0,0.0,0.0
140.05034389818528,9.437918045326455,22.90000000000003,0.0,0.0,0.0
140.05078634318576,9.447910746162481,22.90000000000003,0.0,0.0,0.0
140.05122881386868,9.457903446445233,22.90000000000003,0.0,0.0,0.0
140.05167131026323,9.467896146174098,22.900000000000034,0.0,0.0,0.0
140.0521138323986,9.477888845348442,22.90000000000003,0.0,0.0,0.0
140.05255638030388,9.487881543967632,22.90000000000003,0.0,0.0,0.0
140.05299895400833,9.497874242031049,22.90000000000003,0.0,0.0,0.0
140.05344155354103,9.507866939538058,22.90000000000003,0.0,0.0,0.0
140.05388417893127,9.51785963648803,22.90000000000003,0.0,0.0,0.0
140.0543268302082,9.527852332880341,22.90000000000003,0.0,0.0,0.0
140.05476950740098,9.537845028714354,22.90000000000003,0.0,0.0,0.0
140.05521221053888,9.547837723989447,22.900000000000034,0.0,0.0,0.0
140.0556549396511,9.557830418704988,22.90000000000003,0.0,0.0,0.0
140.05609769476683,9.567823112860346,22.90000000000003,0.0,0.0,0.0
140.0565404759153,9.577815806454897,22.90000000000003,0.0,0.0,0.0
140.0569832831258,9.587808499488002,22.90000000000003,0.0,0.0,0.0
140.0574261164275,9.597801191959041,22.90000000000003,0.0,0.0,0.0
140.05786897584971,9.607793883867377,22.90000000000003,0.0,0.0,0.0
140.0583118614216,9.617786575212378,22.900000000000034,0.0,0.0,0.0
140.05875477317252,9.627779265993423,22.90000000000003,0.0,0.0,0.0
140.0591977111317,9.637771956209873,22.90000000000003,0.0,0.0,0.0
140.05964067532835,9.647764645861107,22.90000000000003,0.0,0.0,0.0
140.06008366579186,9.657757334946476,22.90000000000003,0.0,0.0,0.0
140.06052668255145,9.667750023465368,22.90000000000003,0.0,0.0,0.0
140.06096972563643,9.677742711417144,22.90000000000003,0.0,0.0,0.0
140.0614127950761,9.687735398801172,22.900000000000034,0.0,0.0,0.0
140.06185589089978,9.697728085616825,22.900000000000034,0.0,0.0,0.0
140.06229901313674,9.70772077186346,22.900000000000038,0.0,0.0,0.0
140.06274216181632,9.71771345754046,22.90000000000003,0.0,0.0,0.0
140.06318533696788,9.727706142647188,22.90000000000003,0.0,0.0,0.0
140.0636285386207,9.73769882718301,22.90000000000003,0.0,0.0,0.0
140.06407176680415,9.747691511147297,22.90000000000003,0.0,0.0,0.0
140.0645150215476,9.757684194539411,22.90000000000003,0.0,0.0,0.0
140.06495830288037,9.767676877358722,22.900000000000034,0.0,0.0,0.0
140.0654016108318,9.777669559604602,22.900000000000038,0.0,0.0,0.0
140.0658449454313,9.787662241276411,22.900000000000038,0.0,0.0,0.0
140.06628830670823,9.797654922373523,22.900000000000038,0.0,0.0,0.0
140.06673169469195,9.807647602895305,22.900000000000038,0.0,0.0,0.0
140.0671751094119,9.817640282841118,22.900000000000034,0.0,0.0,0.0
140.06761855089744,9.827632962210338,22.900000000000038,0.0,0.0,0.0
140.06806201917792,9.837625641002317,22.900000000000034,0.0,0.0,0.0
140.06850551428286,9.847618319216435,22.900000000000034,0.0,0.0,0.0
140.06894903624155,9.857610996852054,22.900000000000034,0.0,0.0,0.0
140.0693925850835,9.867603673908535,22.900000000000038,0.0,0.0,0.0
140.06983616083812,9.877596350385254,22.900000000000038,0.0,0.0,0.0
140.07027976353484,9.887589026281567,22.900000000000034,0.0,0.0,0.0
140.07072339320308,9.897581701596845,22.900000000000034,0.0,0.0,0.0
140.07116704987234,9.907574376330455,22.900000000000034,0.0,0.0,0.0
140.07161073357204,9.917567050481756,22.900000000000038,0.0,0.0,0.0
140.07205444433163,9.92755972405012,22.900000000000038,0.0,0.0,0.0
140.07249818218057,9.93755239703491,22.90000000000003,0.0,0.0,0.0
140.0729419471484,9.947545069435485,22.900000000000034,0.0,0.0,0.0
140.07338573926455,9.957537741251226,22.90000000000003,0.0,0.0,0.0
140.07382955855851,9.967530412481477,22.900000000000038,0.0,0.0,0.0
140.0742734050598,9.977523083125618,22.900000000000038,0.0,0.0,0.0
140.07471727879795,9.987515753183004,22.900000000000038,0.0,0.0,0.0
140.0751611798024,9.997508422653004,22.900000000000034,0.0,0.0,0.0
140.07560510810268,10.007501091534984,22.900000000000034,0.0,0.0,0.0
140.0760490637284,10.017493759828302,22.900000000000038,0.0,0.0,0.0
140.07649304670898,10.027486427532326,22.900000000000038,0.0,0.0,0.0
140.07693705707405,10.037479094646415,22.900000000000038,0.0,0.0,0.0
140.07738109485308,10.04747176116994,22.900000000000034,0.0,0.0,0.0
140.07782516007566,10.057464427102262,22.900000000000034,0.0,0.0,0.0
140.07826925277138,10.067457092442737,22.900000000000038,0.0,0.0,0.0
140.07871337296973,10.077449757190738,22.90000000000003,0.0,0.0,0.0
140.07915752070033,10.087442421345619,22.900000000000038,0.0,0.0,0.0
140.07960169599278,10.097435084906751,22.900000000000034,0.0,0.0,0.0
140.08004589887662,10.1074277478735,22.90000000000003,0.0,0.0,0.0
140.08049012938147,10.117420410245206,22.90000000000003,0.0,0.0,0.0
140.08093438753696,10.12741307202125,22.900000000000034,0.0,0.0,0.0
140.08137867337263,10.137405733201,22.90000000000003,0.0,0.0,0.0
140.08182298691816,10.147398393783797,22.90000000000003,0.0,0.0,0.0
140.08226732820313,10.157391053769022,22.90000000000003,0.0,0.0,0.0
140.08271169725722,10.16738371315602,22.900000000000038,0.0,0.0,0.0
140.08315609411,10.177376371944165,22.900000000000038,0.0,0.0,0.0
140.08360051879117,10.187369030132821,22.900000000000038,0.0,0.0,0.0
140.08404497133034,10.197361687721337,22.900000000000038,0.0,0.0,0.0
140.08448945175718,10.207354344709087,22.900000000000034,0.0,0.0,0.0
140.08493396010138,10.217347001095417,22.900000000000038,0.0,0.0,0.0
140.0853784963926,10.227339656879696,22.900000000000038,0.0,0.0,0.0
140.0858230606605,10.23733231206129,22.900000000000038,0.0,0.0,0.0
140.0862676529348,10.247324966639546,22.900000000000034,0.0,0.0,0.0
140.08671227324513,10.25731762061384,22.900000000000034,0.0,0.0,0.0
140.08715692162124,10.26731027398352,22.90000000000003,0.0,0.0,0.0
140.08760159809287,10.277302926747948,22.900000000000038,0.0,0.0,0.0
140.0880463026897,10.287295578906491,22.900000000000038,0.0,0.0,0.0
140.08849103544142,10.297288230458499,22.900000000000038,0.0,0.0,0.0
140.08893579637783,10.307280881403338,22.900000000000038,0.0,0.0,0.0
140.0893805855286,10.317273531740366,22.900000000000038,0.0,0.0,0.0
140.08982540292348,10.327266181468937,22.900000000000038,0.0,0.0,0.0
140.09027024859228,10.337258830588425,22.90000000000003,0.0,0.0,0.0
140.0907151225647,10.347251479098167,22.900000000000038,0.0,0.0,0.0
140.09116002487056,10.357244126997536,22.900000000000038,0.0,0.0,0.0
140.09160495553957,10.367236774285894,22.900000000000034,0.0,0.0,0.0
140.09204991460152,10.37722942096259,22.900000000000034,0.0,0.0,0.0
140.09249490208626,10.387222067026986,22.900000000000038,0.0,0.0,0.0
140.09293991802352,10.397214712478439,22.900000000000038,0.0,0.0,0.0
140.09338496244314,10.407207357316304,22.900000000000038,0.0,0.0,0.0
140.09383003537488,10.417200001539948,22.900000000000034,0.0,0.0,0.0
140.0942751368486,10.427192645148725,22.900000000000034,0.0,0.0,0.0
140.09472026689414,10.437185288141979,22.900000000000038,0.0,0.0,0.0
140.09516542554127,10.447177930519087,22.900000000000038,0.0,0.0,0.0
140.09561061281988,10.4571705722794,22.900000000000038,0.0,0.0,0.0
140.0960558287598,10.467163213422266,22.900000000000034,0.0,0.0,0.0
140.09650107339087,10.477155853947053,22.900000000000034,0.0,0.0,0.0
140.09694634674298,10.487148493853114,22.900000000000038,0.0,0.0,0.0
140.09739164884596,10.4971411331398,22.900000000000038,0.0,0.0,0.0
140.0978369797297,10.507133771806481,22.900000000000038,0.0,0.0,0.0
140.0982823394241,10.5171264098525,22.900000000000038,0.0,0.0,0.0
140.09872772795904,10.527119047277223,22.900000000000038,0.0,0.0,0.0
140.0991731453644,10.537111684079992,22.900000000000034,0.0,0.0,0.0
140.0996185916701,10.547104320260177,22.900000000000038,0.0,0.0,0.0
140.10006406690607,10.557096955817128,22.900000000000038,0.0,0.0,0.0
140.10050957110218,10.567089590750196,22.900000000000034,0.0,0.0,0.0
140.10095510428837,10.577082225058744,22.900000000000038,0.0,0.0,0.0
140.1014006664946,10.587074858742126,22.900000000000034,0.0,0.0,0.0
140.10184625775085,10.597067491799686,22.900000000000038,0.0,0.0,0.0
140.10229187808696,10.607060124230797,22.900000000000038,0.0,0.0,0.0
140.10273752753298,10.617052756034802,22.900000000000038,0.0,0.0,0.0
140.1031832061188,10.627045387211057,22.900000000000038,0.0,0.0,0.0
140.10362891387447,10.637038017758911,22.900000000000038,0.0,0.0,0.0
140.10407465082994,10.647030647677731,22.900000000000038,0.0,0.0,0.0
140.10452041701518,10.657023276966864,22.900000000000038,0.0,0.0,0.0
140.10496621246017,10.667015905625657,22.900000000000034,0.0,0.0,0.0
140.10541203719492,10.677008533653476,22.900000000000034,0.0,0.0,0.0
140.10585789124949,10.687001161049668,22.900000000000034,0.0,0.0,0.0
140.1063037746538,10.696993787813586,22.90000000000003,0.0,0.0,0.0
140.106749687438,10.706986413944586,22.900000000000034,0.0,0.0,0.0
140.10719562963197,10.716979039442021,22.900000000000034,0.0,0.0,0.0
140.1076416012659,10.726971664305236,22.900000000000038,0.0,0.0,0.0
140.10808760236972,10.736964288533597,22.900000000000034,0.0,0.0,0.0
140.10853363297355,10.746956912126448,22.900000000000034,0.0,0.0,0.0
140.10897969310744,10.756949535083143,22.900000000000038,0.0,0.0,0.0
140.10942578280145,10.766942157403028,22.900000000000038,0.0,0.0,0.0
140.10987190208564,10.776934779085469,22.90000000000003,0.0,0.0,0.0
140.11031805099012,10.786927400129809,22.90000000000003,0.0,0.0,0.0
140.11076422954497,10.796920020535394,22.90000000000003,0.0,0.0,0.0
140.1112104377803,10.806912640301583,22.900000000000038,0.0,0.0,0.0
140.11165667572618,10.816905259427735,22.900000000000038,0.0,0.0,0.0
140.11210294341276,10.82689787791318,22.900000000000038,0.0,0.0,0.0
140.11254924087018,10.836890495757292,22.90000000000004,0.0,0.0,0.0
140.11299556812853,10.846883112959414,22.90000000000004,0.0,0.0,0.0
140.11344192521796,10.856875729518892,22.900000000000038,0.0,0.0,0.0
140.11388831216863,10.866868345435071,22.90000000000004,0.0,0.0,0.0
140.1143347290107,10.876860960707315,22.90000000000004,0.0,0.0,0.0
140.11478117577428,10.886853575334971,22.90000000000004,0.0,0.0,0.0
140.11522765248955,10.89684618931738,22.900000000000038,0.0,0.0,0.0
140.11567415918674,10.906838802653905,22.900000000000038,0.0,0.0,0.0
140.116120695896,10.916831415343886,22.900000000000038,0.0,0.0,0.0
140.11656726264752,10.926824027386674,22.900000000000038,0.0,0.0,0.0
140.11701385947148,10.936816638781622,22.90000000000004,0.0,0.0,0.0
140.1174604863981,10.946809249528082,22.900000000000038,0.0,0.0,0.0
140.11790714345761,10.956801859625397,22.900000000000038,0.0,0.0,0.0
140.11835383068023,10.966794469072909,22.900000000000038,0.0,0.0,0.0
140.11880054809617,10.97678707786998,22.90000000000004,0.0,0.0,0.0
140.1192472957357,10.986779686015959,22.900000000000038,0.0,0.0,0.0
140.11969407362903,10.99677229351018,22.900000000000038,0.0,0.0,0.0
140.12014088180644,11.006764900352005,22.900000000000038,0.0,0.0,0.0
140.12058772029815,11.016757506540781,22.900000000000038,0.0,0.0,0.0
140.12103458913447,11.026750112075847,22.900000000000038,0.0,0.0,0.0
140.12148148834567,11.036742716956557,22.900000000000038,0.0,0.0,0.0
140.12192841796204,11.04673532118226,22.900000000000038,0.0,0.0,0.0
140.12237537801383,11.056727924752291,22.900000000000038,0.0,0.0,0.0
140.1228223685314,11.066720527666021,22.900000000000038,0.0,0.0,0.0
140.12326938954502,11.076713129922776,22.900000000000038,0.0,0.0,0.0
140.12371644108498,11.086705731521914,22.900000000000038,0.0,0.0,0.0
140.12416352318166,11.096698332462768,22.900000000000038,0.0,0.0,0.0
140.12461063586537,11.106690932744701,22.900000000000038,0.0,0.0,0.0
140.12505777916644,11.116683532367057,22.900000000000038,0.0,0.0,0.0
140.12550495311524,11.12667613132917,22.900000000000038,0.0,0.0,0.0
140.12595215774212,11.136668729630397,22.900000000000038,0.0,0.0,0.0
140.1263993930774,11.146661327270083,22.900000000000038,0.0,0.0,0.0
140.12684665915148,11.156653924247564,22.900000000000038,0.0,0.0,0.0
140.12729395599476,11.166646520562198,22.900000000000038,0.0,0.0,0.0
140.1277412836376,11.176639116213329,22.900000000000038,0.0,0.0,0.0
140.12818864211042,11.186631711200297,22.900000000000038,0.0,0.0,0.0
140.1286360314436,11.196624305522437,22.90000000000004,0.0,0.0,0.0
140.12908345166755,11.20661689917912,22.900000000000038,0.0,0.0,0.0
140.1295309028127,11.21660949216967,22.90000000000004,0.0,0.0,0.0
140.12997838490944,11.226602084493432,22.900000000000038,0.0,0.0,0.0
140.13042589798826,11.236594676149767,22.900000000000038,0.0,0.0,0.0
140.13087344207958,11.246587267138006,22.900000000000038,0.0,0.0,0.0
140.13132101721382,11.256579857457485,22.900000000000038,0.0,0.0,0.0
140.13176862342146,11.266572447107562,22.90000000000004,0.0,0.0,0.0
140.13221626073297,11.27656503608758,22.900000000000038,0.0,0.0,0.0
140.13266392917888,11.286557624396876,22.900000000000038,0.0,0.0,0.0
140.13311162878958,11.296550212034797,22.900000000000038,0.0,0.0,0.0
140.13355935959558,11.306542799000688,22.900000000000038,0.0,0.0,0.0
140.1340071216274,11.31653538529389,22.900000000000038,0.0,0.0,0.0
140.13445491491558,11.326527970913736,22.900000000000038,0.0,0.0,0.0
140.13490273949054,11.336520555859584,22.900000000000038,0.0,0.0,0.0
140.13535059538287,11.346513140130767,22.900000000000038,0.0,0.0,0.0
140.13579848262313,11.356505723726626,22.900000000000038,0.0,0.0,0.0
140.13624640124178,11.366498306646516,22.900000000000038,0.0,0.0,0.0
140.13669435126943,11.376490888889766,22.90000000000004,0.0,0.0,0.0
140.13714233273657,11.386483470455717,22.90000000000004,0.0,0.0,0.0
140.13759034567386,11.396476051343724,22.900000000000038,0.0,0.0,0.0
140.13803839011177,11.40646863155312,22.900000000000034,0.0,0.0,0.0
140.1384864660809,11.416461211083243,22.900000000000038,0.0,0.0,0.0
140.13893457361192,11.426453789933433,22.900000000000038,0.0,0.0,0.0
