galstreams/tracks/track.st.C-10.ibata2024.ecsv
# %ECSV 1.0
# ---
# datatype:
# - {name: ra, unit: deg, datatype: float64}
# - {name: dec, unit: deg, datatype: float64}
# - {name: distance, unit: kpc, datatype: float64}
# - {name: pm_ra_cosdec, unit: mas / yr, datatype: float64}
# - {name: pm_dec, unit: mas / yr, datatype: float64}
# - {name: radial_velocity, unit: km / s, datatype: float64}
# delimiter: ','
# meta: !!omap
# - __serialized_columns__:
#     dec:
#       __class__: astropy.coordinates.angles.Latitude
#       unit: &id001 !astropy.units.Unit {unit: deg}
#       value: !astropy.table.SerializedColumn {name: dec}
#     distance:
#       __class__: astropy.coordinates.distances.Distance
#       unit: !astropy.units.Unit {unit: kpc}
#       value: !astropy.table.SerializedColumn {name: distance}
#     pm_dec:
#       __class__: astropy.units.quantity.Quantity
#       unit: !astropy.units.Unit {unit: mas / yr}
#       value: !astropy.table.SerializedColumn {name: pm_dec}
#     pm_ra_cosdec:
#       __class__: astropy.units.quantity.Quantity
#       unit: !astropy.units.Unit {unit: mas / yr}
#       value: !astropy.table.SerializedColumn {name: pm_ra_cosdec}
#     ra:
#       __class__: astropy.coordinates.angles.Longitude
#       unit: *id001
#       value: !astropy.table.SerializedColumn {name: ra}
#       wrap_angle: !astropy.coordinates.Angle
#         unit: *id001
#         value: 360.0
#     radial_velocity:
#       __class__: astropy.units.quantity.Quantity
#       unit: !astropy.units.Unit {unit: km / s}
#       value: !astropy.table.SerializedColumn {name: radial_velocity}
# schema: astropy-2.0
ra,dec,distance,pm_ra_cosdec,pm_dec,radial_velocity
145.34476601830482,-5.557668452138304,0.9999999999999999,-0.7352112989386193,0.9016429755310682,148.18458965221245
145.34558534367397,-5.547467209567129,1.0,-0.7345792997228635,0.900936831271876,147.2560650885659
145.34640355871244,-5.537265857158301,1.0,-0.7339495951069299,0.9002336245394549,146.33058854273006
145.34722066707644,-5.527064395272073,0.9999999999999998,-0.7333221809745059,0.8995333499395901,145.40815596354383
145.34803667242176,-5.516862824268445,0.9999999999999999,-0.7326970532090673,0.8988360020781991,144.48876329984657
145.34885157840367,-5.506661144507612,0.9999999999999999,-0.7320742076939517,0.8981415755613424,143.57240650047717
145.34966538867704,-5.496459356349575,1.0,-0.7314536403123402,0.8974500649952097,142.65908151427476
145.35047810689622,-5.48625746015431,0.9999999999999998,-0.7308353469472113,0.8967614649861335,141.74878429007853
145.3512897367152,-5.4760554562819275,1.0,-0.7302193234813981,0.8960757701405755,140.8415107767275
145.35210028178744,-5.46585334509229,0.9999999999999999,-0.7296055657976019,0.8953929750651364,139.93725692306086
145.352909745766,-5.45565112694545,0.9999999999999999,-0.7289940697783219,0.894713074366543,139.03601867791767
145.3537181323034,-5.445448802201279,0.9999999999999999,-0.7283848313058883,0.8940360626516615,138.1377919901369
145.3545254450519,-5.435246371219607,1.0,-0.7277778462625175,0.893361934527487,137.2425728085579
145.35533168766312,-5.4250438343604115,1.0,-0.7271731105302344,0.8926906846011482,136.35035708201957
145.35613686378827,-5.4148411919834185,0.9999999999999999,-0.7265706199908806,0.8920223074798999,135.46114075936106
145.3569409770782,-5.404638444448555,1.0,-0.7259703705261984,0.8913567977711332,134.57491978942156
145.35774403118324,-5.3944355921155465,0.9999999999999999,-0.7253723580177116,0.8906941500823651,133.69169012104027
145.35854602975334,-5.3842326353441,0.9999999999999999,-0.7247765783468498,0.8900343590212412,132.81144770305593
145.35934697643793,-5.37402957449406,0.9999999999999998,-0.7241830273948224,0.8893774191955348,131.9341884843079
145.36014687488606,-5.363826409925018,0.9999999999999999,-0.7235917010427304,0.8887233252131508,131.05990841363518
145.36094572874632,-5.353623141996776,1.0,-0.7230025951715096,0.8880720716821164,130.18860343987703
145.36174354166684,-5.343419771068929,1.0,-0.7224157056619269,0.8874236532105866,129.32026951187245
145.36254031729538,-5.333216297501059,0.9999999999999999,-0.7218310283946039,0.8867780644068453,128.45490257846046
145.36333605927916,-5.323012721652877,0.9999999999999999,-0.7212485592500055,0.886135299879298,127.59249858848028
145.36413077126508,-5.312809043883856,0.9999999999999999,-0.7206682941084726,0.8854953542364716,126.73305349077093
145.36492445689956,-5.302605264553669,0.9999999999999999,-0.7200902288501734,0.8848582220870254,125.87656323417163
145.36571711982853,-5.29240138402173,0.9999999999999999,-0.719514359355113,0.8842238980397332,125.02302376752132
145.36650876369754,-5.282197402647664,1.0,-0.7189406815031667,0.8835923767034981,124.17243103965929
145.36729939215175,-5.271993320790894,0.9999999999999999,-0.7183691911740677,0.8829636526873401,123.32478099942456
145.36808900883585,-5.261789138810829,0.9999999999999999,-0.7177998842473858,0.8823377206004053,122.48006959565616
145.36887761739405,-5.251584857067015,0.9999999999999998,-0.7172327566025487,0.8817145750519562,121.63829277719323
145.36966522147023,-5.241380475918752,0.9999999999999998,-0.7166678041188277,0.8810942106513784,120.79944649287489
145.37045182470777,-5.23117599572554,0.9999999999999999,-0.716105022675368,0.8804766220081754,119.96352669154037
145.37123743074966,-5.220971416846693,0.9999999999999999,-0.7155444081511675,0.8798618037319719,119.13052932202854
145.37202204323853,-5.21076673964149,0.9999999999999998,-0.71498595642508,0.8792497504325085,118.30045033317866
145.3728056658164,-5.200561964469366,0.9999999999999999,-0.714429663375789,0.8786404567196464,117.4732856738298
145.37358830212506,-5.190357091689507,0.9999999999999999,-0.7138755248818782,0.8780339172033598,116.64903129282098
145.3743699558058,-5.180152121661298,0.9999999999999998,-0.7133235368217594,0.8774301264937443,115.82768313899136
145.37515063049952,-5.16994705474393,1.0,-0.7127736950737198,0.8768290792010078,115.00923716118005
145.37593032984665,-5.159741891296577,0.9999999999999999,-0.7122259955158832,0.8762307699354777,114.19368930822621
145.37670905748723,-5.149536631678563,0.9999999999999998,-0.7116804340262686,0.8756351933075914,113.38103552896891
145.37748681706094,-5.139331276248954,1.0,-0.7111370064827298,0.8750423439279051,112.57127177224719
145.37826361220695,-5.129125825367025,0.9999999999999999,-0.7105957087629928,0.8744522164070856,111.76439398690019
145.3790394465641,-5.118920279391862,0.9999999999999999,-0.7100565367446396,0.8738648053559159,110.96039812176701
145.37981432377077,-5.108714638682527,1.0,-0.7095194863051351,0.8732801053852901,110.15928012568682
145.3805882474649,-5.09850890359823,0.9999999999999999,-0.7089845533217733,0.872698111106212,109.36103594749865
145.38136122128415,-5.088303074497934,0.9999999999999998,-0.7084517336717369,0.872118817129802,108.56566153604162
145.38213324886564,-5.078097151740806,1.0,-0.7079210232320854,0.871542218067286,107.77315284015471
145.3829043338461,-5.067891135685823,0.9999999999999999,-0.7073924178797064,0.8709683085300057,106.98350580867722
145.38367447986195,-5.057685026691946,0.9999999999999999,-0.7068659134914004,0.8703970831294106,106.19671639044812
145.3844436905491,-5.047478825118273,0.9999999999999998,-0.7063415059437919,0.869828536477055,105.41278053430662
145.38521196954306,-5.0372725313236675,1.0,-0.7058191911134024,0.8692626631846103,104.63169418909172
145.38597932047904,-5.0270661456671935,0.9999999999999999,-0.7052989648766115,0.8686994578638509,103.85345330364268
145.38674574699172,-5.016859668507722,1.0,-0.7047808231096635,0.8681389151266576,103.07805382679842
145.38751125271548,-5.006653100204112,0.9999999999999997,-0.7042647616886875,0.8675810295850241,102.30549170739802
145.38827584128427,-4.996446441115362,0.9999999999999999,-0.7037507764896755,0.8670257958510438,101.53576289428078
145.38903951633162,-4.986239691600232,1.0,-0.7032388633884814,0.8664732085369226,100.7688633362857
145.38980228149066,-4.976032852017688,0.9999999999999999,-0.7027290182608521,0.8659232622549681,100.00478898225188
145.39056414039413,-4.965825922726504,1.0,-0.7022212369823837,0.8653759516175931,99.24353578101842
145.39132509667448,-4.955618904085432,0.9999999999999999,-0.701715515428571,0.8648312712373168,98.48509968142442
145.39208515396356,-4.945411796453382,0.9999999999999999,-0.7012118494747579,0.8642892157267622,97.72947663230897
145.392844315893,-4.935204600189014,0.9999999999999999,-0.7007102349961727,0.8637497796986535,96.9766625825112
145.393602586094,-4.924997315651195,0.9999999999999999,-0.7002106678679354,0.8632129577658195,96.22665348087021
145.3943599681973,-4.914789943198603,1.0,-0.6997131439650186,0.862678744541192,95.47944527622509
145.39511646583335,-4.904582483189902,0.9999999999999998,-0.6992176591622687,0.8621471346378038,94.73503391741504
145.39587208263214,-4.894374935983898,0.9999999999999999,-0.6987242093344399,0.8616181226687877,93.99341535327898
145.39662682222328,-4.884167301939164,1.0,-0.6982327903561334,0.8610917032473817,93.25458553265611
145.39738068823607,-4.8739595814144705,0.9999999999999998,-0.6977433981018404,0.8605678709869203,92.51854040438549
145.39813368429932,-4.8637517747684065,0.9999999999999999,-0.6972560284459384,0.8600466205008395,91.78527591730631
145.39888581404156,-4.853543882359538,0.9999999999999999,-0.6967706772626734,0.8595279464026734,91.05478802025773
145.39963708109087,-4.843335904546588,0.9999999999999998,-0.6962873404261902,0.8590118433060584,90.32707266207859
145.40038748907492,-4.833127841688033,0.9999999999999999,-0.6958060138104649,0.8584983058247236,89.60212579160822
145.40113704162107,-4.822919694142557,1.0,-0.6953266932894238,0.8579873285725031,88.8799433576856
145.4018857423563,-4.81271146226866,1.0,-0.6948493747368296,0.8574789061633221,88.1605213091499
145.40263359490723,-4.802503146424819,1.0,-0.694374054026353,0.8569730332112067,87.44385559484022
145.40338060289997,-4.792294746969669,1.0,-0.6939007270315098,0.8564697043302782,86.72994216359561
145.4041267699604,-4.7820862642616015,0.9999999999999999,-0.6934293896257469,0.8559689141347532,86.0187769642553
145.40487209971397,-4.771877698659211,1.0,-0.692960037682365,0.8554706572389436,85.31035594565826
145.40561659578577,-4.761669050520913,0.9999999999999998,-0.6924926670745624,0.854974928257261,84.60467505664361
145.40636026180053,-4.751460320205099,0.9999999999999999,-0.692027273675416,0.854481721804204,83.9017302460505
145.40710310138257,-4.741251508070319,0.9999999999999999,-0.6915638533578985,0.8539910324943699,83.20151746271802
145.4078451181559,-4.731042614474884,0.9999999999999999,-0.6911024019948631,0.8535028549424503,82.50403265548529
145.40858631574406,-4.720833639777302,0.9999999999999999,-0.6906429154590459,0.8530171837632283,81.80927177319134
145.40932669777035,-4.710624584335905,0.9999999999999999,-0.6901853896230854,0.8525340135715781,81.11723076467534
145.41006626785764,-4.700415448509007,0.9999999999999998,-0.6897298203594886,0.8520533389824695,80.42790557877635
145.4108050296284,-4.690206232655073,1.0,-0.689276203540663,0.8515751546109607,79.74129216433352
145.4115429867048,-4.679996937132334,0.9999999999999999,-0.6888245350389184,0.8510994550722052,79.05738647018588
145.41228014270862,-4.669787562299216,0.9999999999999999,-0.6883748107264305,0.8506262349814439,78.37618444517261
145.41301650126135,-4.659578108513919,0.9999999999999999,-0.6879270264752915,0.8501554889540098,77.69768203813283
145.41375206598394,-4.649368576134848,1.0,-0.6874811781574497,0.8496872116053253,77.02187519790554
145.41448684049718,-4.639158965520219,0.9999999999999998,-0.6870372616447744,0.849221397550902,76.34875987332993
145.41522082842138,-4.628949277028234,0.9999999999999999,-0.6865952728090328,0.8487580414063409,75.67833201324501
145.41595403337652,-4.618739511017255,0.9999999999999999,-0.6861552075218471,0.8482971377873323,75.01058756649002
145.41668645898233,-4.608529667845397,0.9999999999999999,-0.6857170616547865,0.8478386813096531,74.345522481904
145.417418108858,-4.5983197478709865,0.9999999999999999,-0.6852808310792682,0.8473826665891694,73.68313270832596
145.41814898662244,-4.58810975145217,0.9999999999999999,-0.6848465116666187,0.8469290882418337,73.02341419459512
145.41887909589428,-4.577899678947076,0.9999999999999999,-0.6844140992880723,0.8464779408836864,72.3663628895505
145.41960844029177,-4.567689530713988,0.9999999999999998,-0.6839835898147415,0.8460292191308527,71.71197474203132
145.42033702343275,-4.557479307110947,0.9999999999999999,-0.6835549791176501,0.8455829175995455,71.06024570087652
145.42106484893475,-4.547269008496211,1.0,-0.6831282630677071,0.8451390309060614,70.41117171492533
145.42179192041496,-4.537058635227847,1.0,-0.682703437535725,0.8446975536667845,69.76474873301682
145.42251824149025,-4.52684818766392,0.9999999999999998,-0.6822804983924149,0.8442584804981824,69.12097270399018
145.42324381577706,-4.516637666162634,0.9999999999999999,-0.6818594415083705,0.8438218060168055,68.47983957668428
145.42396864689158,-4.5064270710819665,0.9999999999999998,-0.6814402627541183,0.843387524839291,67.84134529993842
145.42469273844958,-4.496216402780099,0.9999999999999999,-0.6810229580000469,0.8429556315823571,67.20548582259163
145.42541609406655,-4.486005661615033,0.9999999999999999,-0.6806075231164632,0.8425261208628072,66.5722570934831
145.4261387173576,-4.475794847944758,0.9999999999999998,-0.6801939539735757,0.8420989872975246,65.94165506145178
145.4268606119375,-4.4655839621274165,0.9999999999999998,-0.6797822464414924,0.8416742255034779,65.31367567533687
145.42758178142077,-4.455373004520914,0.9999999999999997,-0.6793723963902183,0.8412518300977156,64.68831488397741
145.42830222942143,-4.445161975483363,0.9999999999999999,-0.6789643996896597,0.840831795697367,64.06556863621259
145.42902195955332,-4.434950875372703,0.9999999999999999,-0.678558252209637,0.8404141169196451,63.44543288088144
145.42974097542987,-4.4247397045468535,1.0,-0.6781539498198539,0.8399987883818407,62.82790356682313
145.43045928066417,-4.414528463363893,0.9999999999999999,-0.6777514883899398,0.8395858047013278,62.21297664287669
145.431176878869,-4.404317152181655,1.0,-0.6773508637894041,0.8391751604955561,61.60064805788134
145.43189377365678,-4.394105771358199,0.9999999999999998,-0.676952071887678,0.8387668503820593,60.99091376067604
145.4326099686397,-4.383894321251387,0.9999999999999999,-0.6765551085541013,0.8383608689784463,60.38376970009996
145.43332546742946,-4.373682802219083,1.0,-0.676159969657891,0.8379572109024066,59.779211824992174
145.43404027363758,-4.363471214619297,0.9999999999999999,-0.6757666510682094,0.8375558707717078,59.177236084191875
145.43475439087516,-4.353259558809805,1.0,-0.6753751486540924,0.8371568432041963,58.57783842653804
145.435467822753,-4.343047835148597,0.9999999999999998,-0.6749854582844943,0.836760122817793,57.98101480086982
145.43618057288163,-4.33283604399348,0.9999999999999998,-0.6745975758282814,0.8363657042304988,57.38676115602635
145.43689264487116,-4.32262418570225,0.9999999999999999,-0.6742114971542215,0.8359735820603905,56.795073440846686
145.43760404233143,-4.312412260632861,0.9999999999999999,-0.6738272181309872,0.8355837509256209,56.20594760416998
145.438314768872,-4.302200269143027,0.9999999999999999,-0.6734447346271759,0.8351962054444189,55.61937959483527
145.43902482810205,-4.291988211590677,0.9999999999999998,-0.6730640425112755,0.8348109402350893,55.035365361681734
145.4397342236304,-4.28177608833356,0.9999999999999998,-0.6726851376516825,0.8344279499160122,54.45390085354848
145.44044295906568,-4.271563899729412,0.9999999999999998,-0.6723080159167214,0.8340472291056416,53.87498201927449
145.44115103801613,-4.261351646136126,0.9999999999999998,-0.6719326731746182,0.8336687724225064,53.29860480769898
145.44185846408968,-4.251139327911362,1.0,-0.6715591052935004,0.833292574485211,52.724765167660955
145.4425652408939,-4.24092694541299,0.9999999999999999,-0.6711873081414206,0.8329186299124327,52.15345904799969
145.44327137203618,-4.230714498998701,0.9999999999999998,-0.670817277586333,0.8325469333229215,51.58468239755412
145.44397686112342,-4.2205019890261735,0.9999999999999999,-0.6704490094961031,0.8321774793355013,51.01843116516339
145.44468171176237,-4.210289415853249,0.9999999999999999,-0.6700824997385268,0.8318102625690681,50.45470129966663
145.44538592755933,-4.200076779837525,0.9999999999999999,-0.669717744181284,0.8314452776425908,49.89348874990291
145.4460895121205,-4.189864081336818,0.9999999999999999,-0.6693547386920029,0.8310825191751102,49.33478946471137
145.44679246905147,-4.179651320708709,0.9999999999999998,-0.6689934791381846,0.8307219817857384,48.77859939293107
145.44749480195782,-4.169438498310992,1.0,-0.6686339613872807,0.8303636600936589,48.224914483401164
145.44819651444467,-4.159225614501282,0.9999999999999999,-0.6682761813066369,0.8300075487181273,47.67373068496079
145.44889761011683,-4.149012669637183,1.0,-0.6679201347635209,0.8296536422784679,47.12504394644889
145.44959809257887,-4.138799664076457,1.0,-0.6675658176251167,0.8293019353940766,46.578850216704716
145.45029796543503,-4.128586598176632,1.0,-0.6672132257585144,0.8289524226844192,46.03514544456728
145.4509972322892,-4.118373472295452,0.9999999999999999,-0.6668623550307355,0.8286050987690302,45.493925578875796
145.45169589674512,-4.108160286790475,1.0,-0.6665132013087103,0.8282599582675146,44.95518656846925
145.45239396240606,-4.097947042019256,1.0,-0.666165760459279,0.827916995799545,44.418924362186786
145.45309143287508,-4.08773373833951,0.9999999999999999,-0.6658200283492164,0.8275762059848641,43.88513490886752
