galstreams/tracks/track.st.AAU-ATLAS.li2021.ecsv
# %ECSV 0.9
# ---
# datatype:
# - {name: ra, unit: deg, datatype: float64}
# - {name: dec, unit: deg, datatype: float64}
# - {name: distance, unit: kpc, datatype: float64}
# - {name: pm_ra_cosdec, unit: mas / yr, datatype: float64}
# - {name: pm_dec, unit: mas / yr, datatype: float64}
# - {name: radial_velocity, unit: km / s, datatype: float64}
# delimiter: ','
# meta: !!omap
# - __serialized_columns__:
#     dec:
#       __class__: astropy.coordinates.angles.Latitude
#       unit: &id001 !astropy.units.Unit {unit: deg}
#       value: !astropy.table.SerializedColumn {name: dec}
#     distance:
#       __class__: astropy.coordinates.distances.Distance
#       unit: !astropy.units.Unit {unit: kpc}
#       value: !astropy.table.SerializedColumn {name: distance}
#     pm_dec:
#       __class__: astropy.units.quantity.Quantity
#       unit: !astropy.units.Unit {unit: mas / yr}
#       value: !astropy.table.SerializedColumn {name: pm_dec}
#     pm_ra_cosdec:
#       __class__: astropy.units.quantity.Quantity
#       unit: !astropy.units.Unit {unit: mas / yr}
#       value: !astropy.table.SerializedColumn {name: pm_ra_cosdec}
#     ra:
#       __class__: astropy.coordinates.angles.Longitude
#       unit: *id001
#       value: !astropy.table.SerializedColumn {name: ra}
#       wrap_angle: !astropy.coordinates.Angle
#         unit: *id001
#         value: 360.0
#     radial_velocity:
#       __class__: astropy.units.quantity.Quantity
#       unit: !astropy.units.Unit {unit: km / s}
#       value: !astropy.table.SerializedColumn {name: radial_velocity}
# schema: astropy-2.0
ra,dec,distance,pm_ra_cosdec,pm_dec,radial_velocity
[from data line 1506]
23.251884105909728,-28.714846356834936,20.050168025168173,-0.23049774656331087,-0.973475946644054,-96.94558346042525
23.261595296256473,-28.720105563373785,20.047847487799935,-0.2308988001344596,-0.9734903892606647,-96.90338967352623
23.271306907597744,-28.725364925989407,20.04552817001189,-0.23130004575937688,-0.9735047118050751,-96.86118379939927
23.281018940261934,-28.7306244445881,20.043210071804015,-0.23170148347537614,-0.9735189143477739,-96.81896583804429
23.290731394577517,-28.735884119076083,20.04089319317633,-0.23210311331977276,-0.9735329969592736,-96.77673578946144
23.300444270873044,-28.741143949359614,20.038577534128827,-0.23250493532988284,-0.9735469597101166,-96.73449365365056
23.310157569477155,-28.746403935344926,20.036263094661496,-0.23290694954302577,-0.9735608026708723,-96.69223943061172
23.31987129071854,-28.751664076938216,20.033949874774354,-0.23330915599652224,-0.9735745259121371,-96.64997312034492
23.329585434925978,-28.756924374045692,20.031637874467393,-0.23371155472769561,-0.9735881295045372,-96.60769472285018
23.33930000242831,-28.762184826573513,20.029327093740612,-0.23411414577387046,-0.9736016135187233,-96.56540423812743
23.34901499355446,-28.767445434427838,20.027017532594012,-0.23451692917237377,-0.9736149780253763,-96.52310166617673
23.358730408633438,-28.77270619751483,20.02470919102759,-0.23491990496053397,-0.9736282230952047,-96.480787006998
23.368446247994306,-28.777967115740594,20.022402069041345,-0.23532307317568174,-0.9736413487989435,-96.4384602605914
23.3781625119662,-28.78322818901123,20.020096166635298,-0.2357264338551501,-0.9736543552073544,-96.39612142695678
23.387879200878356,-28.78848941723286,20.017791483809418,-0.236129987036273,-0.9736672423912306,-96.35377050609418
23.39759631506006,-28.793750800311535,20.015488020563723,-0.2365337327563877,-0.9736800104213894,-96.31140749800365
23.40731385484068,-28.799012338153307,20.01318577689821,-0.23693767105283153,-0.9736926593686773,-96.26903240268513
23.417031820549667,-28.804274030664242,20.010884752812878,-0.2373418019629452,-0.9737051893039694,-96.22664522013864
23.42675021251652,-28.809535877750342,20.00858494830773,-0.23774612552407046,-0.973717600298166,-96.18424595036419
23.436469031070857,-28.814797879317634,20.00628636338276,-0.23815064177355147,-0.9737298924221987,-96.14183459336178
23.446188276542323,-28.820060035272093,20.00398899803797,-0.2385553507487339,-0.9737420657470235,-96.09941114913138
23.455907949260663,-28.825322345519705,20.001692852273365,-0.23896025248696523,-0.973754120343626,-96.05697561767305
23.465628049555708,-28.830584809966425,19.999397926088935,-0.239365347025595,-0.97376605628302,-96.01452799898674
23.47534857775732,-28.835847428518164,19.997104219484694,-0.2397706344019742,-0.9737778736362446,-95.97206829307241
23.485069534195485,-28.841110201080888,19.994811732460633,-0.24017611465345629,-0.9737895724743707,-95.92959649993018
23.494790919200234,-28.84637312756047,19.99252046501675,-0.2405817878173954,-0.9738011528684933,-95.88711261955994
23.504512733101677,-28.851636207862803,19.990230417153054,-0.2409876539311488,-0.9738126148897368,-95.84461665196179
23.51423497623001,-28.85689944189378,19.98794158886953,-0.24139371303207421,-0.973823958609255,-95.80210859713561
23.523957648915484,-28.86216282955922,19.98565398016619,-0.24179996515753255,-0.9738351840982258,-95.7595884550815
23.533680751488454,-28.867426370764985,19.983367591043034,-0.242206410344885,-0.9738462914278581,-95.7170562257994
23.543404284279312,-28.872690065416897,19.98108242150006,-0.2426130486314953,-0.9738572806693881,-95.67451190928932
23.55312824761855,-28.87795391342074,19.978798471537264,-0.24301988005472908,-0.973868151894079,-95.63195550555129
23.562852641836734,-28.883217914682287,19.976515741154646,-0.24342690465195327,-0.9738789051732222,-95.58938701458531
23.572577467264495,-28.888482069107347,19.974234230352213,-0.2438341224605368,-0.9738895405781376,-95.54680643639135
23.58230272423254,-28.89374637660163,19.971953939129964,-0.2442415335178498,-0.9739000581801722,-95.50421377096943
23.592028413071677,-28.899010837070893,19.969674867487896,-0.2446491378612646,-0.9739104580507018,-95.46160901831952
23.601754534112732,-28.90427545042084,19.96739701542601,-0.24505693552815513,-0.9739207402611292,-95.41899217844164
23.61148108768666,-28.909540216557176,19.9651203829443,-0.24546492655589647,-0.9739309048828863,-95.37636325133582
23.621208074124475,-28.914805135385578,19.96284497004277,-0.24587311098186654,-0.9739409519874322,-95.333722237002
23.63093549375725,-28.920070206811697,19.960570776721426,-0.24628148884344345,-0.9739508816462532,-95.29106913544022
23.64066334691614,-28.925335430741193,19.958297802980265,-0.24669006017800804,-0.9739606939308649,-95.24840394665048
23.65039163393239,-28.93060080707969,19.956026048819282,-0.2470988250229424,-0.9739703889128105,-95.20572667063279
23.66012035513731,-28.93586633573279,19.95375551423848,-0.24750778341562976,-0.9739799666636614,-95.16303730738711
23.66984951086227,-28.94113201660608,19.951486199237863,-0.24791693539345563,-0.9739894272550157,-95.1203358569135
23.679579101438744,-28.946397849605162,19.94921810381742,-0.2483262809938071,-0.9739987707585018,-95.07762231921187
23.68930912719826,-28.95166383463558,19.946951227977163,-0.24873582025407232,-0.9740079972457739,-95.03489669428231
23.699039588472424,-28.956929971602854,19.944685571717088,-0.2491455532116417,-0.9740171067885152,-94.99215898212475
23.708770485592925,-28.96219626041252,19.942421135037193,-0.24955547990390647,-0.9740260994584375,-94.94940918273926
23.71850181889152,-28.967462700970092,19.940157917937476,-0.2499656003682598,-0.9740349753272799,-94.90664729612575
23.72823358870004,-28.972729293181033,19.937895920417947,-0.25037591464209646,-0.9740437344668091,-94.86387332228432
23.737965795350398,-28.977996036950824,19.935635142478592,-0.250786422762813,-0.9740523769488217,-94.82108726121486
23.747698439174574,-28.983262932184918,19.933375584119425,-0.25119712476780603,-0.9740609028451397,-94.77828911291752
23.757431520504625,-28.98852997878874,19.931117245340438,-0.2516080206944764,-0.9740693122276163,-94.73547887739218
23.767165039672694,-28.993797176667705,19.92886012614163,-0.25201911058022325,-0.9740776051681299,-94.69265655463884
23.776898997010985,-28.9990645257272,19.926604226523004,-0.2524303944624498,-0.9740857817385884,-94.64982214465755
23.78663339285179,-29.004332025872632,19.924349546484553,-0.2528418723785591,-0.9740938420109291,-94.60697564744832
23.796368227527456,-29.009599677009334,19.92209608602629,-0.25325354436595715,-0.9741017860571142,-94.56411706301108
23.806103501370423,-29.01486747904265,19.919843845148208,-0.25366541046204993,-0.9741096139491372,-94.52124639134593
23.815839214713204,-29.02013543187792,19.91759282385031,-0.2540774707042455,-0.9741173257590179,-94.47836363245275
23.82557536788838,-29.025403535420427,19.91534302213259,-0.2544897251299534,-0.9741249215588046,-94.43546878633163
23.83531196122862,-29.030671789575493,19.91309443999505,-0.2549021737765847,-0.9741324014205749,-94.3925618529825
23.84504899506665,-29.035940194248354,19.91084707743769,-0.25531481668155154,-0.9741397654164328,-94.34964283240548
23.854786469735288,-29.041208749344282,19.908600934460512,-0.25572765388226787,-0.9741470136185116,-94.30671172460046
23.864524385567417,-29.046477454768475,19.906356011063522,-0.2561406854161485,-0.9741541460989723,-94.26376852956747
23.874262742896004,-29.051746310426196,19.904112307246702,-0.2565539113206102,-0.9741611629300055,-94.22081324730648
23.884001542054083,-29.057015316222614,19.901869823010074,-0.2569673316330704,-0.9741680641838275,-94.17784587781757
23.893740783374767,-29.062284472062917,19.89962855835362,-0.25738094639094883,-0.974174849932685,-94.13486642110065
23.903480467191244,-29.067553777852257,19.89738851327735,-0.25779475563166576,-0.9741815202488522,-94.0918748771558
23.913220593836783,-29.072823233495782,19.895149687781256,-0.25820875939264354,-0.9741880752046312,-94.04887124598295
23.922961163644715,-29.07809283889861,19.89291208186535,-0.25862295771130456,-0.9741945148723523,-94.00585552758216
23.932702176948457,-29.083362593965848,19.890675695529627,-0.25903735062507416,-0.9742008393243752,-93.96282772195336
23.942443634081503,-29.08863249860259,19.88844052877408,-0.2594519381713776,-0.9742070486330872,-93.91978782909666
23.952185535377414,-29.093902552713878,19.886206581598717,-0.25986672038764275,-0.9742131428709033,-93.87673584901198
23.961927881169835,-29.099172756204787,19.883973854003532,-0.26028169731129736,-0.9742191221102676,-93.83367178169932
23.971670671792488,-29.10444310898035,19.881742345988528,-0.2606968689797714,-0.9742249864236525,-93.79059562715867
23.981413907579142,-29.109713610945555,19.87951205755371,-0.261112235430496,-0.9742307358835576,-93.74750738539002
23.991157588863697,-29.114984262005407,19.87728298869907,-0.2615277967009028,-0.9742363705625123,-93.70440705639348
24.000901715980085,-29.120255062064892,19.875055139424607,-0.261943552828426,-0.9742418905330743,-93.66129464016893
24.01064628926231,-29.12552601102895,19.872828509730336,-0.2623595038504999,-0.9742472958678274,-93.61817013671644
24.020391309044495,-29.130797108802522,19.870603099616236,-0.26277564980456053,-0.9742525866393874,-93.57503354603595
24.030136775660782,-29.136068355290533,19.868378909082324,-0.26319199072804494,-0.974257762920395,-93.5318848681275
24.03988268944544,-29.141339750397886,19.866155938128593,-0.2636085266583917,-0.9742628247835219,-93.4887241029911
24.049629050732783,-29.146611294029444,19.86393418675504,-0.2640252576330398,-0.9742677723014663,-93.4455512506267
24.05937585985721,-29.15188298609009,19.86171365496167,-0.26444218368943034,-0.9742726055469562,-93.40236631103437
24.06912311715319,-29.157154826484646,19.859494342748476,-0.2648593048650052,-0.9742773245927472,-93.35916928421408
24.07887082295527,-29.162426815117954,19.857276250115472,-0.26527662119720746,-0.974281929511623,-93.31596017016577
24.0886189775981,-29.16769895189482,19.85505937706264,-0.2656941327234807,-0.9742864203763973,-93.27273896888953
24.098367581416348,-29.172971236720016,19.852843723589995,-0.26611183948127093,-0.9742907972599102,-93.22950568038529
24.108116634744814,-29.17824366949833,19.850629289697533,-0.266529741508024,-0.9742950602350318,-93.18626030465315
24.117866137918348,-29.18351625013449,19.848416075385245,-0.26694783884118795,-0.9742992093746601,-93.14300284169298
24.127616091271864,-29.18878897853322,19.84620408065315,-0.2673661315182112,-0.9743032447517208,-93.09973329150485
24.137366495140387,-29.194061854599266,19.843993305501222,-0.26778461957654326,-0.9743071664391703,-93.05645165408873
24.147117349858988,-29.19933487823729,19.84178374992949,-0.26820330305363516,-0.9743109745099909,-93.01315792944473
24.156868655762825,-29.20460804935198,19.83957541393793,-0.2686221819869389,-0.9743146690371953,-92.96985211757271
24.16662041318713,-29.20988136784797,19.837368297526552,-0.26904125641390714,-0.974318250093823,-92.92653421847271
24.17637262246722,-29.215154833629914,19.835162400695353,-0.2694605263719942,-0.9743217177529444,-92.88320423214475
24.18612528393847,-29.220428446602423,19.83295772344434,-0.26987999189865475,-0.9743250720876555,-92.83986215858879
24.195878397936347,-29.225702206670082,19.830754265773503,-0.2702996530313451,-0.9743283131710834,-92.79650799780492
24.205631964796375,-29.230976113737473,19.828552027682854,-0.2707195098075222,-0.9743314410763826,-92.75314174979303
24.21538598485419,-29.236250167709155,19.826351009172384,-0.27113956226464403,-0.9743344558767357,-92.70976341455322
24.225140458445466,-29.24152436848967,19.82415121024209,-0.27155981044017014,-0.9743373576453553,-92.66637299208541
24.23489538590598,-29.246798715983523,19.821952630891982,-0.27198025437156015,-0.9743401464554811,-92.62297048238966
24.244650767571557,-29.252073210095226,19.81975527112205,-0.27240089409627544,-0.9743428223803824,-92.57955588546592
24.254406603778126,-29.25734785072925,19.81755913093231,-0.2728217296517772,-0.9743453854933559,-92.53612920131424
24.26416289486168,-29.262622637790063,19.815364210322745,-0.2732427610755295,-0.9743478358677292,-92.49269042993457
24.273919641158304,-29.267897571182104,19.813170509293354,-0.27366398840499545,-0.9743501735768565,-92.44923957132694
24.283676843004116,-29.273172650809784,19.810978027844158,-0.27408541167764017,-0.9743523986941203,-92.40577662549134
24.293434500735355,-29.27844787657752,19.80878676597514,-0.2745070309309295,-0.9743545112929337,-92.36230159242777
24.303192614688324,-29.28372324838968,19.806596723686294,-0.27492884620232994,-0.9743565114467367,-92.31881447213624
24.312951185199392,-29.28899876615063,19.804407900977637,-0.2753508575293092,-0.9743583992289993,-92.27531526461668
24.32271021260501,-29.29427442976472,19.80222029784916,-0.27577306494933534,-0.9743601747132191,-92.23180396986922
24.332469697241713,-29.299550239136263,19.80003391430087,-0.276195468499878,-0.9743618379729229,-92.18828058789383
24.3422296394461,-29.304826194169575,19.79784875033275,-0.2766180682184075,-0.9743633890816668,-92.14474511869038
24.351990039554863,-29.310102294768928,19.795664805944813,-0.27704086414239465,-0.974364828113034,-92.101197562259
24.36175089790474,-29.315378540838598,19.793482081137064,-0.2774638563093115,-0.9743661551406375,-92.05763791859965
24.37151221483258,-29.32065493228282,19.79130057590949,-0.27788704475663084,-0.9743673702381195,-92.01406618771233
24.38127399067529,-29.325931469005813,19.789120290262105,-0.2783104295218255,-0.974368473479149,-91.97048236959705
24.391036225769863,-29.33120815091179,19.78694122419489,-0.278734010642371,-0.9743694649374266,-91.92688646425384
24.400798920453358,-29.33648497790494,19.78476337770786,-0.2791577881557415,-0.9743703446866792,-91.88327847168263
24.410562075062906,-29.34176194988942,19.78258675080102,-0.2795817620994136,-0.9743711128006631,-91.83965839188345
24.420325689935733,-29.347039066769387,19.780411343474352,-0.2800059325108641,-0.9743717693531648,-91.79602622485628
24.43008976540914,-29.352316328448953,19.778237155727865,-0.28043029942757003,-0.9743723144179979,-91.75238197060116
24.439854301820482,-29.357593734832214,19.776064187561566,-0.2808548628870099,-0.9743727480690041,-91.70872562911806
24.449619299507216,-29.362871285823285,19.773892438975444,-0.28127962292666264,-0.9743730703800568,-91.665057200407
24.45938475880686,-29.368148981326208,19.7717219099695,-0.281704579584008,-0.9743732814250561,-91.62137668446799
24.46915068005701,-29.373426821245022,19.76955260054374,-0.28212973289652676,-0.9743733812779307,-91.57768408130102
24.478917063595357,-29.37870480548379,19.767384510698164,-0.2825550829016999,-0.9743733700126398,-91.53397939090601
24.488683909759644,-29.383982933946474,19.76521764043277,-0.2829806296370092,-0.9743732477031699,-91.49026261328311
24.4984512188877,-29.389261206537068,19.763051989747552,-0.28340637313993766,-0.974373014423537,-91.44653374843224
24.508218991317435,-29.394539623159545,19.760887558642516,-0.28383231344796794,-0.9743726702477857,-91.4027927963534
24.517987227386833,-29.399818183717862,19.758724347117667,-0.28425845059858473,-0.9743722152499901,-91.35903975704653
24.52775592743395,-29.405096888115914,19.756562355172992,-0.2846847846292724,-0.9743716495042525,-91.31527463051177
24.537525091796933,-29.41037573625763,19.754401582808505,-0.2851113155775158,-0.9743709730847042,-91.27149741674899
24.547294720813987,-29.415654728046878,19.75224203002419,-0.28553804348080125,-0.9743701860655063,-91.22770811575828
24.557064814823413,-29.42093386338753,19.750083696820063,-0.2859649683766153,-0.974369288520847,-91.18390672753952
24.566835374163563,-29.426213142183418,19.747926583196115,-0.28639209030244506,-0.9743682805249452,-91.1400932520929
24.5766063991729,-29.431492564338367,19.745770689152355,-0.28681940929577815,-0.9743671621520476,-91.09626768941827
