galstreams/tracks/track.Acheron.grillmair2009.ecsv
# %ECSV 0.9
# ---
# datatype:
# - {name: sc.ra, unit: deg, datatype: float64}
# - {name: sc.dec, unit: deg, datatype: float64}
# - {name: sc.distance, unit: kpc, datatype: float64}
# - {name: width, datatype: float64}
# meta: !!omap
# - __serialized_columns__:
#     sc:
#       __class__: astropy.coordinates.sky_coordinate.SkyCoord
#       dec: !astropy.table.SerializedColumn
#         __class__: astropy.coordinates.angles.Latitude
#         unit: &id001 !astropy.units.Unit {unit: deg}
#         value: !astropy.table.SerializedColumn {name: sc.dec}
#       distance: !astropy.table.SerializedColumn
#         __class__: astropy.coordinates.distances.Distance
#         unit: !astropy.units.Unit {unit: kpc}
#         value: !astropy.table.SerializedColumn {name: sc.distance}
#       frame: icrs
#       ra: !astropy.table.SerializedColumn
#         __class__: astropy.coordinates.angles.Longitude
#         unit: *id001
#         value: !astropy.table.SerializedColumn {name: sc.ra}
#         wrap_angle: !astropy.coordinates.Angle
#           unit: *id001
#           value: 360.0
#       representation_type: spherical
# schema: astropy-2.0
sc.ra sc.dec sc.distance width
[from data line 3479]
257.4976943045997 19.98572143239899 3.784458906599307 0.9
257.506298455562 19.991605240969236 3.7845479150575376 0.9
257.5149032494232 19.997488634383167 3.7846369301664464 0.9
257.5235086863915 20.00337161247705 3.7847259519281877 0.9
257.53211476667497 20.009254175087133 3.784814980344913 0.9
257.54072149048164 20.015136322049628 3.7849040154187756 0.9
257.54932885801986 20.021018053200716 3.7849930571519295 0.9
257.55793686949767 20.026899368376547 3.7850821055465276 0.9
257.56654552512316 20.032780267413248 3.785171160604722 0.9
257.57515482510445 20.038660750146903 3.7852602223286667 0.9
257.58376476964963 20.04454081641357 3.7853492907205135 0.9
257.5923753589669 20.050420466049285 3.785438365782416 0.9
257.6009865932642 20.056299698890047 3.785527447516526 0.9
257.6095984727497 20.062178514771812 3.785616535924997 0.9
257.6182109976315 20.068056913530533 3.785705631009981 0.9
257.6268241681176 20.07393489500211 3.7857947327736303 0.9
257.63543798441606 20.079812459022428 3.785883841218097 0.9
257.64405244673503 20.085689605427323 3.7859729563455344 0.9
257.6526675552825 20.091566334052608 3.786062078158095 0.9
257.6612833102665 20.097442644734087 3.7861512066579293 0.9
257.66989971189514 20.103318537307494 3.786240341847191 0.9
257.67851676037634 20.109194011608572 3.786329483728031 0.9
257.6871344559182 20.115069067472994 3.786418632302602 0.9
257.6957527987288 20.12094370473644 3.7865077875730564 0.9
257.704371789016 20.126817923234555 3.786596949541545 0.9
257.7129914269879 20.132691722802882 3.78668611821022 0.9
257.7216117128524 20.138565103277056 3.7867752935812313 0.9
257.73023264681757 20.1444380644926 3.786864475656733 0.9
257.7388542290915 20.150310606285004 3.7869536644388773 0.9
257.7474764598819 20.156182728489775 3.7870428599298127 0.9
257.7560993393969 20.16205443094233 3.7871320621316915 0.9
257.76472286784445 20.16792571347812 3.7872212710466666 0.9
257.7733470454325 20.173796575932524 3.787310486676888 0.9
257.7819718723689 20.179667018140876 3.7873997090245055 0.9
257.7905973488618 20.185537039938538 3.787488938091674 0.9
257.79922347511894 20.191406641160782 3.7875781738805405 0.9
257.8078502513482 20.197275821642858 3.787667416393257 0.9
257.8164776777577 20.20314458122005 3.787756665631976 0.9
257.8251057545552 20.20901291972752 3.7878459215988465 0.9
257.8337344819486 20.214880837000447 3.7879351842960203 0.9
257.84236386014595 20.220748332873985 3.7880244537256478 0.9
257.8509938893549 20.226615407183225 3.7881137298898784 0.9
257.8596245697836 20.232482059763285 3.7882030127908646 0.9
257.86825590163966 20.23834829044918 3.788292302430755 0.9
257.87688788513105 20.24421409907594 3.7883815988117004 0.9
257.88552052046566 20.250079485478558 3.7884709019358516 0.9
257.89415380785124 20.25594444949199 3.7885602118053576 0.9
257.9027877474958 20.26180899095116 3.78864952842237 0.9
257.91142233960704 20.26767310969096 3.7887388517890384 0.9
257.9200575843928 20.273536805546275 3.7888281819075114 0.9
257.9286934820609 20.27940007835192 3.7889175187799404 0.9
257.9373300328192 20.285262927942707 3.7890068624084745 0.9
257.94596723687545 20.291125354153404 3.789096212795263 0.9
257.9546050944375 20.296987356818757 3.789185569942457 0.9
257.96324360571305 20.30284893577348 3.789274933852204 0.9
257.97188277090993 20.308710090852248 3.7893643045266545 0.9
257.9805225902359 20.314570821889717 3.7894536819679576 0.9
257.98916306389873 20.320431128720504 3.7895430661782625 0.9
257.9978041921062 20.326291011179194 3.789632457159719 0.9
258.0064459750661 20.332150469100355 3.789721854914476 0.9
258.01508841298596 20.338009502318496 3.789811259444682 0.9
258.0237315060737 20.343868110668126 3.7899006707524867 0.9
258.03237525453704 20.34972629398371 3.7899900888400384 0.9
258.04101965858365 20.35558405209969 3.790079513709486 0.9
258.0496647184213 20.36144138485043 3.7901689453629785 0.9
258.0583104342575 20.36729829207035 3.790258383802664 0.9
258.0669568063002 20.37315477359376 3.790347829030692 0.9
258.075603834757 20.379010829254987 3.79043728104921 0.9
258.0842515198354 20.384866458888315 3.790526739860366 0.9
258.0928998617432 20.390721662327966 3.790616205466309 0.9
258.1015488606882 20.396576439408186 3.790705677869188 0.9
258.11019851687786 20.402430789963162 3.79079515707115 0.9
258.1188488305198 20.408284713827005 3.790884643074343 0.9
258.1274998018219 20.41413821083391 3.790974135880916 0.9
258.1361514309914 20.419991280817918 3.791063635493014 0.9
258.14480371823635 20.425843923613094 3.7911531419127895 0.9
258.1534566637641 20.431696139053514 3.791242655142387 0.9
258.1621102677822 20.437547926973135 3.7913321751839537 0.9
258.17076453049845 20.443399287205942 3.791421702039639 0.9
258.1794194521203 20.44925021958587 3.7915112357115897 0.9
258.18807503285535 20.455100723946824 3.791600776201952 0.9
258.19673127291117 20.460950800122713 3.791690323512874 0.9
258.20538817249536 20.466800447947346 3.7917798776465035 0.9
258.2140457318155 20.472649667254544 3.7918694386049876 0.9
258.2227039510789 20.478498457878107 3.7919590063904716 0.9
258.2313628304934 20.484346819651776 3.7920485810051043 0.9
258.24002237026644 20.490194752409273 3.792138162451032 0.9
258.24868257060535 20.4960422559843 3.7922277507304 0.9
258.2573434317178 20.501889330210496 3.7923173458453565 0.9
258.2660049538113 20.507735974921513 3.7924069477980478 0.9
258.2746671370934 20.513582189950938 3.792496556590621 0.9
258.28332998177143 20.519427975132334 3.7925861722252217 0.9
258.29199348805287 20.525273330299243 3.792675794703995 0.9
258.30065765614535 20.531118255285172 3.79276542402909 0.9
258.3093224862562 20.536962749923582 3.79285506020265 0.9
258.3179879785929 20.54280681404793 3.792944703226823 0.9
258.3266541333628 20.548650447491617 3.793034353103753 0.9
258.3353209507735 20.55449365008803 3.793124009835588 0.9
258.34398843103236 20.560336421670513 3.7932136734244724 0.9
258.35265657434667 20.566178762072386 3.7933033438725516 0.9
258.361325380924 20.572020671126943 3.7933930211819717 0.9
258.3699948509716 20.57786214866742 3.793482705354878 0.9
258.37866498469697 20.58370319452706 3.793572396393417 0.9
258.38733578230745 20.589543808539055 3.793662094299732 0.9
258.39600724401043 20.595383990536558 3.7937517990759697 0.9
258.4046793700133 20.601223740352708 3.7938415107242753 0.9
258.4133521605233 20.6070630578206 3.7939312292467924 0.9
258.4220256157479 20.61290194277332 3.7940209546456676 0.9
258.4306997358942 20.618740395043854 3.7941106869230437 0.9
258.4393745211699 20.624578414465265 3.794200426081068 0.9
258.4480499717819 20.63041600087052 3.794290172121882 0.9
258.45672608793785 20.636253154092522 3.794379925047633 0.9
258.4654028698449 20.64208987396424 3.7944696848604647 0.9
258.4740803177103 20.647926160318512 3.79455945156252 0.9
258.48275843174133 20.65376201298819 3.7946492251559447 0.9
258.49143721214534 20.659597431806134 3.7947390056428825 0.9
258.5001166591295 20.66543241660507 3.7948287930254776 0.9
258.5087967729011 20.671266967217818 3.7949185873058733 0.9
258.51747755366745 20.677101083477066 3.795008388486215 0.9
258.5261590016357 20.682934765215496 3.7950981965686448 0.9
258.534841117013 20.68876801226582 3.795188011555307 0.9
258.54352390000673 20.694600824460622 3.7952778334483455 0.9
258.552207350824 20.70043320163252 3.7953676622499035 0.9
258.56089146967196 20.706265143614086 3.7954574979621234 0.9
258.5695762567579 20.71209665023785 3.7955473405871505 0.9
258.57826171228896 20.717927721336316 3.795637190127127 0.9
258.5869478364722 20.723758356741975 3.7957270465841946 0.9
258.59563462951496 20.72958855628725 3.7958169099604993 0.9
258.6043220916242 20.735418319804573 3.7959067802581816 0.9
258.6130102230072 20.741247647126304 3.795996657479385 0.9
258.621699023871 20.74707653808481 3.7960865416262513 0.9
258.6303884944228 20.7529049925124 3.7961764327009253 0.9
258.6390786348695 20.758733010241365 3.7962663307055466 0.9
258.64776944541853 20.764560591103958 3.7963562356422607 0.9
258.6564609262767 20.770387734932406 3.796446147513207 0.9
258.66515307765115 20.776214441558892 3.796536066320529 0.9
258.67384589974904 20.782040710815583 3.796625992066369 0.9
258.68253939277736 20.78786654253462 3.7967159247528692 0.9
258.6912335569432 20.793691936548083 3.7968058643821707 0.9
258.6999283924535 20.79951689268805 3.7968958109564155 0.9
258.7086238995154 20.805341410786557 3.796985764477745 0.9
258.7173200783358 20.8111654906756 3.797075724948301 0.9
258.72601692912184 20.81698913218716 3.7971656923702257 0.9
258.7347144520805 20.822812335153177 3.79725566674566 0.9
258.74341264741867 20.828635099405556 3.7973456480767447 0.9
258.75211151534336 20.83445742477618 3.7974356363656208 0.9
258.76081105606164 20.8402793110969 3.797525631614431 0.9
258.7695112697803 20.846100758199515 3.7976156338253135 0.9
258.7782121567065 20.85192176591583 3.7977056430004117 0.9
258.786913717047 20.8577423340776 3.7977956591418653 0.9
258.79561595100876 20.8635624625165 3.7978856822518146 0.9
258.80431885879875 20.869382151064272 3.7979757123324007 0.9
258.8130224406239 20.875201399552573 3.7980657493857644 0.9
258.8217266966909 20.88102020781298 3.7981557934140437 0.9
258.83043162720696 20.88683857567715 3.798245844419382 0.9
258.8391372323787 20.89265650297659 3.798335902403917 0.9
258.8478435124132 20.898473989542886 3.7984259673697913 0.9
258.856550467517 20.904291035207493 3.7985160393191415 0.9
258.86525809789725 20.910107639801883 3.7986061182541095 0.9
258.87396640376073 20.915923803157543 3.798696204176835 0.9
258.88267538531414 20.92173952510583 3.7987862970894564 0.9
258.89138504276445 20.92755480547813 3.798876396994115 0.9
258.90009537631823 20.933369644105785 3.798966503892947 0.9
258.90880638618256 20.939184040820116 3.7990566177880956 0.9
258.91751807256406 20.944997995452397 3.799146738681697 0.9
258.9262304356695 20.95081150783387 3.799236866575891 0.9
258.93494347570567 20.956624577795758 3.7993270014728173 0.9
258.94365719287924 20.96243720516925 3.7994171433746127 0.9
258.9523715873972 20.968249389785484 3.799507292283419 0.9
258.961086659466 20.974061131475594 3.7995974482013724 0.9
258.9698024092925 20.979872430070674 3.7996876111306124 0.9
258.9785188370833 20.98568328540177 3.799777781073275 0.9
258.9872359430453 20.991493697299912 3.799867958031503 0.9
258.995953727385 20.997303665596096 3.7999581420074304 0.9
