galstreams/tracks/track.st.OmegaCen-Fimbulthul.ibata2024.ecsv
# %ECSV 1.0
# ---
# datatype:
# - {name: ra, unit: deg, datatype: float64}
# - {name: dec, unit: deg, datatype: float64}
# - {name: distance, unit: kpc, datatype: float64}
# - {name: pm_ra_cosdec, unit: mas / yr, datatype: float64}
# - {name: pm_dec, unit: mas / yr, datatype: float64}
# - {name: radial_velocity, unit: km / s, datatype: float64}
# delimiter: ','
# meta: !!omap
# - __serialized_columns__:
#     dec:
#       __class__: astropy.coordinates.angles.Latitude
#       unit: &id001 !astropy.units.Unit {unit: deg}
#       value: !astropy.table.SerializedColumn {name: dec}
#     distance:
#       __class__: astropy.coordinates.distances.Distance
#       unit: !astropy.units.Unit {unit: kpc}
#       value: !astropy.table.SerializedColumn {name: distance}
#     pm_dec:
#       __class__: astropy.units.quantity.Quantity
#       unit: !astropy.units.Unit {unit: mas / yr}
#       value: !astropy.table.SerializedColumn {name: pm_dec}
#     pm_ra_cosdec:
#       __class__: astropy.units.quantity.Quantity
#       unit: !astropy.units.Unit {unit: mas / yr}
#       value: !astropy.table.SerializedColumn {name: pm_ra_cosdec}
#     ra:
#       __class__: astropy.coordinates.angles.Longitude
#       unit: *id001
#       value: !astropy.table.SerializedColumn {name: ra}
#       wrap_angle: !astropy.coordinates.Angle
#         unit: *id001
#         value: 360.0
#     radial_velocity:
#       __class__: astropy.units.quantity.Quantity
#       unit: !astropy.units.Unit {unit: km / s}
#       value: !astropy.table.SerializedColumn {name: radial_velocity}
# schema: astropy-2.0
ra,dec,distance,pm_ra_cosdec,pm_dec,radial_velocity
[from data line 698]
289.09291146474106,-49.10637180574645,1.000000000000001,-10.55309421962442,-26.511484259086938,-85.8518018207197
289.09882900053344,-49.134298923966824,1.000000000000001,-10.555985156704812,-26.52118844311522,-85.5317142545662
289.10474242252167,-49.16223012544198,1.000000000000001,-10.558871054343923,-26.530878560619094,-85.21182072368076
289.1106517012432,-49.19016541974392,1.000000000000001,-10.561751936681537,-26.54055455953232,-84.89212112056326
289.1165568071592,-49.21810481644576,1.000000000000001,-10.564627827922491,-26.550216387771997,-84.57261533771356
289.12245771065415,-49.24604832512184,1.0000000000000013,-10.567498752336876,-26.55986399323854,-84.25330326763155
289.1283543820354,-49.27399595534763,1.0000000000000013,-10.57036473426007,-26.56949732381564,-83.9341848028169
289.1342467915333,-49.30194771669971,1.000000000000001,-10.573225798092787,-26.57911632737013,-83.61525983576959
289.1401349093004,-49.32990361875577,1.000000000000001,-10.576081968301345,-26.588720951751935,-83.29652825898943
289.14601870541134,-49.3578636710946,1.0000000000000009,-10.57893326941755,-26.59831114479408,-82.97798996497633
289.15189814986235,-49.38582788329603,1.000000000000001,-10.581779726039018,-26.607886854312515,-82.65964484623
289.1577732125711,-49.41379626494092,1.000000000000001,-10.58462136282912,-26.617448028106118,-82.3414927952504
289.1636438633764,-49.441768825611156,1.000000000000001,-10.587458204517088,-26.626994613956597,-82.02353370453741
289.1695100720375,-49.46974557488964,1.000000000000001,-10.590290275898289,-26.636526559628436,-81.70576746659071
289.17537180823416,-49.4977265223602,1.000000000000001,-10.593117601834038,-26.646043812868836,-81.38819397391035
289.181229041566,-49.52571167760761,1.000000000000001,-10.595940207252044,-26.65554632140755,-81.07081311899613
289.1870817415522,-49.55370105021765,1.000000000000001,-10.598758117146215,-26.665034032956996,-80.75362479434767
289.19292987763157,-49.581694649776885,1.000000000000001,-10.601571356576937,-26.674506895211994,-80.4366288924651
289.1987734191615,-49.60969248587286,1.000000000000001,-10.60437995067104,-26.683964855849833,-80.11982530584807
289.2046123354181,-49.63769456809392,1.000000000000001,-10.607183924622124,-26.693407862530105,-79.8032139269965
289.21044659559584,-49.665700906029244,1.000000000000001,-10.609983303690408,-26.702835862894712,-79.48679464841037
289.21627616880676,-49.693711509268866,1.000000000000001,-10.612778113202994,-26.71224880456772,-79.17056736258932
289.22210102408064,-49.721726387403535,1.000000000000001,-10.615568378553947,-26.721646635155334,-78.85453196203328
289.22792113036434,-49.74974555002483,1.000000000000001,-10.618354125204341,-26.731029302245787,-78.53868833924214
289.2337364565215,-49.777769006725045,1.000000000000001,-10.621135378682446,-26.740396753409332,-78.22303638671566
289.2395469713324,-49.805796767097185,1.0000000000000009,-10.623912164583723,-26.749748936198085,-77.90757599695372
289.245352643493,-49.83382884073494,1.0000000000000013,-10.626684508571106,-26.759085798145975,-77.59230706245626
289.25115344161514,-49.861865237232685,1.000000000000001,-10.629452436374947,-26.76840728676873,-77.27722947572298
289.2569493342262,-49.88990596618545,1.000000000000001,-10.632215973793127,-26.777713349563694,-76.96234312925371
289.2627402897681,-49.917951037188836,1.0000000000000009,-10.634975146691314,-26.78700393400981,-76.64764791554846
289.2685262765977,-49.94600045983909,1.0000000000000009,-10.637729981002865,-26.796278987567575,-76.33314372710703
289.2743072629859,-49.97405424373299,1.0000000000000009,-10.64048050272916,-26.805538457678878,-76.01883045642916
289.28008321711746,-50.00211239846791,1.000000000000001,-10.643226737939463,-26.814782291766985,-75.70470799601473
289.28585410709064,-50.030174933641696,1.0000000000000009,-10.645968712771205,-26.824010437236463,-75.3907762383637
289.29161990091666,-50.0582418588527,1.0000000000000009,-10.648706453430112,-26.83322284147301,-75.07703507597577
289.2973805665196,-50.08631318369977,1.0000000000000009,-10.651439986190113,-26.842419451843483,-74.76348440135092
289.30313607173576,-50.11438891778218,1.0000000000000009,-10.65416933739366,-26.851600215695797,-74.45012410698892
289.30888638431327,-50.14246907069963,1.0000000000000009,-10.65689453345176,-26.860765080358757,-74.13695408538959
289.314631471912,-50.170553652052206,1.0000000000000009,-10.659615600844052,-26.86991399314209,-73.82397422905281
289.3203713021028,-50.19864267144038,1.0000000000000009,-10.662332566118897,-26.879046901336295,-73.51118443047844
289.3261058423673,-50.22673613846496,1.0000000000000009,-10.665045455893681,-26.88816375221256,-73.19858458216629
289.33183506009766,-50.25483406272707,1.0000000000000009,-10.667754296854623,-26.897264493022696,-72.88617457661626
289.3375589225957,-50.282936453828114,1.0000000000000009,-10.67045911575715,-26.90634907099906,-72.57395430632816
289.3432773970731,-50.31104332136981,1.0000000000000009,-10.673159939425819,-26.91541743335445,-72.26192366380185
289.3489904506505,-50.33915467495407,1.0000000000000009,-10.675856794754592,-26.924469527282024,-71.95008254153709
289.35469805035746,-50.367270524183,1.0000000000000009,-10.678549708706782,-26.93350529995521,-71.63843083203389
289.36040016313177,-50.395390878658944,1.000000000000001,-10.681238708315322,-26.942524698527635,-71.32696842779198
289.36609675581934,-50.423515747984396,1.0000000000000009,-10.683923820682741,-26.95152767013303,-71.01569522131132
289.3717877951734,-50.451645141761965,1.0000000000000007,-10.6866050729814,-26.960514161885108,-70.70461110509157
289.37747324785454,-50.479779069594365,1.0000000000000009,-10.68928249245348,-26.969484120877517,-70.3937159716327
289.38315308043,-50.507917541084424,1.0000000000000009,-10.691956106411173,-26.978437494183765,-70.08300971343455
289.3888272593732,-50.536060565834966,1.0000000000000009,-10.694625942236872,-26.987374228857057,-69.77249222299692
289.39449575106374,-50.564208153448874,1.0000000000000009,-10.697292027383027,-26.99629427193028,-69.46216339281975
289.4001585217864,-50.59236031352903,1.0000000000000009,-10.699954389372547,-27.00519757041587,-69.15202311540283
289.4058155377312,-50.62051705567828,1.0000000000000009,-10.702613055798786,-27.014084071305724,-68.84207128324591
289.4114667649928,-50.64867838949939,1.000000000000001,-10.705268054325622,-27.022953721571096,-68.53230778884902
289.4171121695699,-50.67684432459508,1.0000000000000009,-10.707919412687621,-27.03180646816258,-68.22273252471186
289.4227517173652,-50.70501487056792,1.0000000000000009,-10.710567158690166,-27.040642258009864,-67.91334538333437
289.42838537418464,-50.73319003702036,1.0000000000000009,-10.713211320209556,-27.049461038021796,-67.60414625721629
289.4340131057371,-50.76136983355465,1.0000000000000009,-10.715851925193059,-27.0582627550862,-67.2951350388576
289.439634877634,-50.789554269772864,1.000000000000001,-10.71848900165917,-27.06704735606977,-66.98631162075806
289.4452506553887,-50.817743355276846,1.0000000000000009,-10.721122577697594,-27.07581478781805,-66.67767589541755
289.45086040441623,-50.845937099668156,1.0000000000000009,-10.72375268146947,-27.084564997155226,-66.36922775533588
289.4564640900329,-50.87413551254811,1.0000000000000009,-10.72637934120732,-27.09329793088415,-66.0609670930129
289.46206167745567,-50.90233860351767,1.0000000000000009,-10.729002585215403,-27.102013535786128,-65.75289380094853
289.4676531318016,-50.93054638217746,1.0000000000000009,-10.73162244186965,-27.11071175862089,-65.44500777164252
289.47323841808804,-50.95875885812774,1.0000000000000009,-10.734238939617866,-27.119392546126463,-65.13730889759475
289.47881750123133,-50.98697604096835,1.0000000000000009,-10.736852106979763,-27.12805584501912,-64.82979707130511
289.4843903460469,-51.01519794029872,1.0000000000000009,-10.739461972547234,-27.136701601993153,-64.52247218527341
289.4899569172487,-51.043424565717785,1.000000000000001,-10.742068564984331,-27.14532976372092,-64.21533413199948
289.4955171794487,-51.07165592682399,1.0000000000000009,-10.744671913027407,-27.15394027685266,-63.90838280398322
289.50107109715634,-51.09989203321529,1.0000000000000009,-10.747272045485339,-27.162533088016367,-63.601618093724376
289.50661863477825,-51.12813289448903,1.0000000000000009,-10.749868991239504,-27.17110814381777,-63.29503989372287
289.51215975661785,-51.15637852024199,1.0000000000000009,-10.752462779243984,-27.179665390840135,-62.98864809647855
289.51769442687447,-51.184628920070345,1.000000000000001,-10.755053438525712,-27.188204775644223,-62.68244259449124
289.5232226096433,-51.212884103569614,1.0000000000000009,-10.75764099818451,-27.196726244768183,-62.37642328026079
289.52874426891486,-51.241144080334635,1.0000000000000009,-10.760225487393239,-27.205229744727376,-62.07059004628705
289.5342593685743,-51.26940885995953,1.000000000000001,-10.762806935398007,-27.21371522201433,-61.76494278506987
289.53976787240106,-51.29767845203768,1.0000000000000009,-10.765385371518166,-27.22218262309864,-61.459481389109165
289.54526974406843,-51.32595286616169,1.000000000000001,-10.767960825146545,-27.23063189442678,-61.15420575090462
289.55076494714314,-51.35423211192338,1.0000000000000009,-10.770533325749456,-27.2390629824221,-60.84911576295615
289.55625344508474,-51.38251619891368,1.0000000000000009,-10.773102902866915,-27.247475833484607,-60.544211317763704
289.561735201245,-51.410805136722715,1.0000000000000009,-10.77566958611271,-27.25587039399095,-60.23949230782706
289.56721017886764,-51.43909893493965,1.0000000000000009,-10.778233405174669,-27.26424661029419,-59.93495862564596
289.5726783410879,-51.467397603152754,1.0000000000000007,-10.78079438981446,-27.272604428723852,-59.63061016372038
289.57813965093186,-51.4957011509493,1.0000000000000009,-10.783352569868082,-27.280943795585625,-59.32644681455013
289.5835940713159,-51.52400958791559,1.0000000000000009,-10.785907975245788,-27.289264657161393,-59.02246847063505
289.5890415650463,-51.55232292363685,1.0000000000000009,-10.788460635932301,-27.297566959709023,-58.718675024475004
289.5944820948189,-51.580641167697294,1.0000000000000009,-10.79101058198674,-27.30585064946232,-58.415066368569825
289.59991562321835,-51.60896432967997,1.000000000000001,-10.79355784354312,-27.314115672630837,-58.11164239541938
289.60534211271766,-51.63729241916685,1.0000000000000009,-10.796102450810118,-27.322361975399815,-57.80840299752347
289.6107615256778,-51.665625445738705,1.0000000000000009,-10.79864443407137,-27.33058950393005,-57.505348067381966
289.616173824347,-51.6939634189751,1.0000000000000009,-10.801183823685623,-27.33879820435773,-57.20247749749468
289.6215789708605,-51.722306348454396,1.0000000000000009,-10.80372065008677,-27.346988022794378,-56.899791180361504
289.62697692723975,-51.75065424375365,1.0000000000000009,-10.806254943784063,-27.355158905326682,-56.59728900848228
289.6323676553922,-51.77900711444862,1.0000000000000009,-10.808786735362157,-27.363310798016396,-56.294970874356856
289.6377511171103,-51.80736497011373,1.0000000000000009,-10.811316055481326,-27.371443646900225,-55.99283667048506
289.6431272740716,-51.83572782032205,1.0000000000000007,-10.813842934877583,-27.379557397989654,-55.69088628936672
289.6484960878377,-51.86409567464519,1.0000000000000009,-10.816367404362722,-27.387651997270837,-55.38911962350176
289.653857519854,-51.89246854265336,1.0000000000000009,-10.81888949482456,-27.395727390704543,-55.08753656538996
289.659211531449,-51.92084643391527,1.0000000000000009,-10.82140923722702,-27.40378352422593,-54.78613700753123
289.6645580838338,-51.94922935799811,1.000000000000001,-10.823926662610265,-27.411820343744452,-54.484920842425296
289.66989713810193,-51.97761732446752,1.0000000000000009,-10.826441802090802,-27.419837795143778,-54.1838879625721
289.6752286552282,-52.00601034288758,1.0000000000000009,-10.828954686861682,-27.42783582428156,-53.88303826047146
289.6805525960684,-52.0344084228207,1.0000000000000009,-10.83146534819258,-27.435814376989406,-53.58237162862325
289.68586892135903,-52.062811573827645,1.0000000000000009,-10.833973817429932,-27.443773399072676,-53.28188795952729
289.69117759171627,-52.09121980546749,1.0000000000000009,-10.836480125997179,-27.45171283631037,-52.98158714568339
289.69647856763595,-52.1196331272976,1.0000000000000009,-10.838984305394643,-27.45963263445505,-52.68146907959147
289.7017718094924,-52.1480515488735,1.0000000000000009,-10.841486387199986,-27.46753273923259,-52.38153365375133
289.70705727753835,-52.176475079748954,1.000000000000001,-10.843986403068126,-27.475413096342127,-52.08178076066282
289.71233493190437,-52.2049037294759,1.000000000000001,-10.846484384731358,-27.48327365145594,-51.78221029282586
289.71760473259786,-52.23333750760435,1.0000000000000009,-10.848980363999743,-27.491114350219213,-51.482822142740126
289.7228666395031,-52.26177642368239,1.000000000000001,-10.8514743727609,-27.498935138249998,-51.1836162029057
289.72812061237994,-52.29022048725621,1.0000000000000009,-10.853966442980441,-27.50673596113903,-50.88459236582221
289.7333666108641,-52.31866970786991,1.0000000000000007,-10.856456606701926,-27.514516764449557,-50.5857505239896
289.73860459446587,-52.34712409506564,1.0000000000000009,-10.85894489604708,-27.522277493717272,-50.287090569907676
289.7438345225698,-52.3755836583834,1.0000000000000009,-10.861431343215866,-27.530018094450135,-49.988612396076356
289.7490563544343,-52.404048407361145,1.0000000000000009,-10.863915980486732,-27.537738512128215,-49.69031589499548
289.7542700491905,-52.43251835153462,1.0000000000000009,-10.866398840216714,-27.545438692203515,-49.39220095916478
289.75947556584237,-52.460993500437425,1.0000000000000009,-10.868879954841486,-27.553118580099937,-49.09426748108419
289.76467286326573,-52.48947386360087,1.0000000000000009,-10.871359356875583,-27.560778121213016,-48.796515353253625
289.7698619002075,-52.51795945055406,1.0000000000000009,-10.873837078912604,-27.568417260909836,-48.49894446817284
289.7750426352855,-52.54645027082375,1.0000000000000009,-10.876313153625185,-27.57603594452889,-48.20155471834166
289.7802150269876,-52.57494633393434,1.0000000000000009,-10.878787613765292,-27.58363411737988,-47.904345996260005
289.7853790336711,-52.60344764940786,1.0000000000000009,-10.881260492164326,-27.5912117247436,-47.607318194427656
289.7905346135622,-52.631954226763895,1.0000000000000009,-10.883731821733242,-27.598768711871784,-47.310471205344456
289.79568172475564,-52.66046607551954,1.0000000000000009,-10.886201635462655,-27.606305023986945,-47.013804921510335
289.8008203252133,-52.688983205189416,1.000000000000001,-10.888669966423151,-27.613820606282218,-46.71731923542502
289.8059503727645,-52.71750562528555,1.0000000000000007,-10.891136847765178,-27.621315403921237,-46.42101403958849
289.81107182510493,-52.74603334531738,1.0000000000000007,-10.89360231271945,-27.628789362037917,-46.1248892265005
289.8161846397959,-52.77456637479173,1.0000000000000007,-10.896066394596907,-27.63624242573637,-45.82894468866087
289.821288774264,-52.8031047232127,1.0000000000000007,-10.898529126788972,-27.643674540090657,-45.53318031856962
289.8263841858004,-52.831648400081704,1.0000000000000007,-10.900990542767648,-27.651085650144744,-45.23759600872641
289.83147083156,-52.86019741489739,1.0000000000000007,-10.903450676085649,-27.65847570091224,-44.942191651631134
289.83654866856114,-52.888751777155576,1.0000000000000007,-10.905909560376625,-27.665844637376274,-44.64696713978364
289.8416176536846,-52.917311496349214,1.0000000000000009,-10.908367229355196,-27.673192404489363,-44.35192236568388
289.8466777436732,-52.94587658196843,1.0000000000000007,-10.910823716817278,-27.68051894717319,-44.057057221831535
289.851728895131,-52.97444704350035,1.0000000000000007,-10.913279056640063,-27.687824210318475,-43.76237160072649
289.8567710645229,-53.00302289042912,1.0000000000000007,-10.915733282782181,-27.695108138784803,-43.4678653948687
