galstreams/tracks/track.st.Pal5.pricewhelan2019.ecsv
# %ECSV 0.9
# ---
# datatype:
# - {name: ra, unit: deg, datatype: float64}
# - {name: dec, unit: deg, datatype: float64}
# - {name: distance, unit: kpc, datatype: float64}
# - {name: pm_ra_cosdec, unit: mas / yr, datatype: float64}
# - {name: pm_dec, unit: mas / yr, datatype: float64}
# - {name: radial_velocity, unit: km / s, datatype: float64}
# delimiter: ','
# meta: !!omap
# - __serialized_columns__:
#     dec:
#       __class__: astropy.coordinates.angles.Latitude
#       unit: &id001 !astropy.units.Unit {unit: deg}
#       value: !astropy.table.SerializedColumn {name: dec}
#     distance:
#       __class__: astropy.coordinates.distances.Distance
#       unit: !astropy.units.Unit {unit: kpc}
#       value: !astropy.table.SerializedColumn {name: distance}
#     pm_dec:
#       __class__: astropy.units.quantity.Quantity
#       unit: !astropy.units.Unit {unit: mas / yr}
#       value: !astropy.table.SerializedColumn {name: pm_dec}
#     pm_ra_cosdec:
#       __class__: astropy.units.quantity.Quantity
#       unit: !astropy.units.Unit {unit: mas / yr}
#       value: !astropy.table.SerializedColumn {name: pm_ra_cosdec}
#     ra:
#       __class__: astropy.coordinates.angles.Longitude
#       unit: *id001
#       value: !astropy.table.SerializedColumn {name: ra}
#       wrap_angle: !astropy.coordinates.Angle
#         unit: *id001
#         value: 360.0
#     radial_velocity:
#       __class__: astropy.units.quantity.Quantity
#       unit: !astropy.units.Unit {unit: km / s}
#       value: !astropy.table.SerializedColumn {name: radial_velocity}
# schema: astropy-2.0
ra,dec,distance,pm_ra_cosdec,pm_dec,radial_velocity
[from data line 143]
228.80455206952774,-0.3684365257819676,20.47663898459888,-2.763324220747112,-2.7016887721431586,999.0000221210237
228.73664553903623,-0.4567224467320417,20.455708855647416,-2.7646940855505107,-2.7071026727460983,999.0000221188654
228.66821026092836,-0.5442111818381622,20.43463826057311,-2.7660194533579947,-2.712559023884141,999.0000221165803
228.5989743797812,-0.6304923709578596,20.413427199374354,-2.767300593990372,-2.718057562063567,999.0000221141283
228.5286931340139,-0.7151965771516745,20.39207567204976,-2.7685378393368967,-2.7235979627644946,999.0000221114752
228.45715924538234,-0.7980109757927952,20.370583678598145,-2.769731564604843,-2.7291798600424317,999.000022108592
228.384212213547,-0.8786933877049393,20.348951219018602,-2.77088216581193,-2.7348028697700797,999.0000221054586
228.30974602469826,-0.9570839155881238,20.32717829331057,-2.771990035048475,-2.740466614920047,999.0000221020618
228.2337148192022,-1.0331134978519483,20.305264901473834,-2.773055535249221,-2.74617075109303,999.0000220983989
228.1561361243026,-1.1068087864764884,20.283211043508544,-2.774078976270613,-2.751914990463028,999.0000220944758
228.07709134394355,-1.1782928853584098,20.261016719415224,-2.7750605939660296,-2.7576991224408234,999.0000220903074
227.99672330738963,-1.2477816506989923,20.23868192919475,-2.7760005337077076,-2.7635230296270814,999.0000220859179
227.91523080883235,-1.3155754513449265,20.216206672848326,-2.776898839457666,-2.7693866979971054,999.0000220813387
227.83286021748384,-1.382046508561129,20.193590950377406,-2.77775544908892,-2.7752902206795116,999.0000220766077
227.74989439628703,-1.4476221733908523,20.170834761783656,-2.7785701962539533,-2.781233795108636,999.0000220717673
227.6666393304903,-1.512764745425222,20.147938107068875,-2.779342818733022,-2.7872177137020886,999.000022066862
227.58340902690895,-1.5779486774943035,20.124900986234895,-2.780072972895379,-2.7932423485153652,999.0000220619376
227.50050939169802,-1.64363623296428,20.10172339928348,-2.7807602536753375,-2.799308130553506,999.0000220570365
227.41822191914812,-1.7102528512766988,20.078405346216254,-2.781404219279181,-2.8054155245979917,999.000022052198
227.3367881163084,-1.7781636177811775,20.0549468270346,-2.782004419659564,-2.81156500057616,999.0000220474548
227.25639563816978,-1.8476523105660807,20.031347841739567,-2.7825604275721125,-2.8177570027068555,999.0000220428296
227.17716710640843,-1.9189044955923689,20.00760839033182,-2.7830718707279467,-2.823991917936469,999.0000220383371
227.0991525232724,-1.991996049620513,19.983728472811624,-2.7835384631635964,-2.830270045542787,999.0000220339806
227.0223260650705,-2.0668882988693884,19.959708089178772,-2.783960033496989,-2.8365915701985704,999.0000220297524
226.94658784363216,-2.1434306650034864,19.93554723943263,-2.784336547303607,-2.842956541172986,999.0000220256335
226.87177095936295,-2.2213713094027154,19.911245923572196,-2.7846681205543105,-2.8493648605866717,999.0000220215977
226.79765384086605,-2.3003757690619673,19.88680414159616,-2.7849550210552096,-2.8558162835813374,999.0000220176098
226.72397748352762,-2.380052998307917,19.86222189350299,-2.785197655267299,-2.862310432781151,999.0000220136318
226.65046677899153,-2.459987594384255,19.837499179291093,-2.785396538863201,-2.8688468284194633,999.0000220096241
226.57685469174277,-2.539776326410541,19.81263599895893,-2.7855522509238235,-2.875424933970307,999.0000220055482
226.50290761777555,-2.6190664512564794,19.787632352505167,-2.7856653737030896,-2.882044215156413,999.0000220013735
226.42844989026443,-2.697592741793219,19.762488239928828,-2.785736422190213,-2.888704208012766,999.0000219970761
226.3533851214519,-2.7752097375290794,19.737203661229376,-2.7857657699733376,-2.8954045895661094,999.0000219926452
226.27771193693755,-2.8519155271414816,19.71177861640684,-2.785753579799424,-2.9021452429888246,999.0000219880824
226.20153171941647,-2.9278634636672938,19.686213105461828,-2.785699748389703,-2.9089263081218553,999.0000219834027
226.12504628440968,-3.0033586725771513,19.66050712839549,-2.7856038752413697,-2.9157482082738753,999.0000219786344
226.04854400622483,-3.0788371099383958,19.634660685209496,-2.7854652641809143,-2.922611645308369,999.0000219738164
225.97237383240636,-3.1548263150904012,19.608673775905803,-2.78528296430484,-2.9295175572269128,999.0000219689928
225.89690788384837,-3.231888903312715,19.582546400486486,-2.7850558536799612,-2.9364670356900167,999.0000219642104
225.8224949201611,-3.31055223701249,19.55627855895345,-2.784782764763892,-2.943461205173666,999.0000219595081
225.74940879723414,-3.391230510912311,19.529870251308154,-2.784462644791286,-2.95050107085683,999.0000219549155
225.67779803771566,-3.4741485072477922,19.5033214775513,-2.7840947370547195,-2.9575873491195295,999.0000219504409
225.6076445756987,-3.5592792163627758,19.476632237682637,-2.783678759829583,-2.964720302901189,999.0000219460701
225.53874131704498,-3.6463099079939703,19.44980253170084,-2.783215048875999,-2.971899613859954,999.0000219417637
225.47069892888766,-3.7346523995403778,19.422832359603532,-2.782704618399445,-2.979124332924325,999.0000219374596
225.4029916083611,-3.8235122520099005,19.39572172138765,-2.782149087427955,-2.986392957292815,999.00002193308
225.33504862718445,-3.912027147432299,19.368470617049887,-2.7815504196228953,-2.9937036798510652,999.0000219285457
225.2663920707527,-3.9994750592965738,19.34107904658756,-2.780910442801568,-3.001054838953129,999.0000219237944
225.19680991255802,-4.085535798265768,19.313547009999546,-2.7802301594842103,-3.0084455541563004,999.0000219188048
225.1265355020305,-4.1705622432386,19.285874507287296,-2.7795089410915197,-3.0158764587276465,999.0000219136157
225.05637731712335,-4.255776427843706,19.25806153845554,-2.778743825504099,-3.0233503247450058,999.0000219083436
224.98770345669882,-4.343246097865395,19.23010810351215,-2.777929324992173,-3.030872209326579,999.0000219031757
224.92213007528107,-4.4354137479134,19.202014202466366,-2.7770584317032583,-3.038448502719129,999.000021898328
224.86068709235306,-4.533835565802325,19.173779835324016,-2.7761259499370263,-3.046083870534334,999.0000218939327
224.80213223092733,-4.636633715116304,19.14540500207812,-2.7751359871327805,-3.053774468423743,999.0000218898302
224.7399490423056,-4.733961595709164,19.11688970269227,-2.7741163970577456,-3.0614949764076638,999.0000218852034
224.6573899159251,-4.800514963867672,19.08823393707331,-2.773143569778285,-3.069176513032724,999.0000218779873
