galstreams/tracks/track.st.Monoceros.ramos2020b.ecsv
# %ECSV 0.9
# ---
# datatype:
# - {name: ra, unit: deg, datatype: float64}
# - {name: dec, unit: deg, datatype: float64}
# - {name: distance, unit: kpc, datatype: float64}
# - {name: pm_ra_cosdec, unit: mas / yr, datatype: float64}
# - {name: pm_dec, unit: mas / yr, datatype: float64}
# - {name: radial_velocity, unit: km / s, datatype: float64}
# delimiter: ','
# meta: !!omap
# - __serialized_columns__:
#     dec:
#       __class__: astropy.coordinates.angles.Latitude
#       unit: &id001 !astropy.units.Unit {unit: deg}
#       value: !astropy.table.SerializedColumn {name: dec}
#     distance:
#       __class__: astropy.coordinates.distances.Distance
#       unit: !astropy.units.Unit {unit: kpc}
#       value: !astropy.table.SerializedColumn {name: distance}
#     pm_dec:
#       __class__: astropy.units.quantity.Quantity
#       unit: !astropy.units.Unit {unit: mas / yr}
#       value: !astropy.table.SerializedColumn {name: pm_dec}
#     pm_ra_cosdec:
#       __class__: astropy.units.quantity.Quantity
#       unit: !astropy.units.Unit {unit: mas / yr}
#       value: !astropy.table.SerializedColumn {name: pm_ra_cosdec}
#     ra:
#       __class__: astropy.coordinates.angles.Longitude
#       unit: *id001
#       value: !astropy.table.SerializedColumn {name: ra}
#       wrap_angle: !astropy.coordinates.Angle
#         unit: *id001
#         value: 360.0
#     radial_velocity:
#       __class__: astropy.units.quantity.Quantity
#       unit: !astropy.units.Unit {unit: km / s}
#       value: !astropy.table.SerializedColumn {name: radial_velocity}
# schema: astropy-2.0
ra,dec,distance,pm_ra_cosdec,pm_dec,radial_velocity
[from data line 137]
111.14600326603546,44.312583877122435,10.600000000000003,-0.008909930721606646,-0.9336050241513086,4.210383564936169e-15
111.30545681649066,44.11031264269088,10.600000000000003,-0.015377817036228064,-0.9297469436409456,-4.210383564936169e-15
111.4654826041684,43.90829116292036,10.600000000000003,-0.0217652424230822,-0.9255373510600935,4.210383564936169e-15
111.62608460671106,43.7065168248223,10.600000000000007,-0.028057721732911493,-0.9210524832584688,4.210383564936169e-15
111.78725980932077,43.5049850705646,10.600000000000005,-0.03424599968787059,-0.9163723967937795,-4.210383564936169e-15
111.9489984791061,43.30368949751905,10.600000000000005,-0.04032638002442013,-0.9115799960475508,-4.210383564936169e-15
112.11128445627325,43.10262196299079,10.600000000000001,-0.04630094523407852,-0.9067599921098328,4.210383564936169e-15
112.27409542441038,42.90177268291091,10.600000000000003,-0.05217765835097873,-0.9019977997595474,8.420767129872338e-15
112.4374031189722,42.70113031309246,10.600000000000005,-0.05797033981018962,-0.8973783805737223,4.210383564936169e-15
112.60117343084369,42.500682001255456,10.600000000000005,-0.06369851414372585,-0.8929850409332503,0.0
112.76536636070178,42.3004133979538,10.600000000000005,-0.06938712317176088,-0.8888981944703764,0.0
112.92993577995982,42.10030861481797,10.600000000000003,-0.07506610436255692,-0.8851940993408942,8.420767129872338e-15
113.09482895551795,41.90035011918975,10.600000000000007,-0.08076983515286082,-0.8819435816201149,0.0
113.2599857984944,41.700518555291296,10.600000000000003,-0.08653644621776316,-0.8792107571342691,4.210383564936169e-15
113.4253378017046,41.50079248355784,10.600000000000005,-0.09240700893280815,-0.8770517651652512,4.210383564936169e-15
113.59080663699642,41.30114803167971,10.600000000000007,-0.09842460456064255,-0.8755135287210405,-4.210383564936169e-15
113.75630239172919,41.10155845324721,10.600000000000005,-0.10463328500094267,-0.8746325574570439,-4.210383564936169e-15
113.92172143376686,40.90199359266281,10.600000000000007,-0.11107693724947376,-0.8744338108692931,8.420767129872338e-15
114.08694390636958,40.70241925816032,10.600000000000007,-0.11779806600593117,-0.8749296410553484,-4.210383564936169e-15
114.25183086831433,40.50279650831986,10.600000000000005,-0.12483651113867739,-0.8761188361395457,0.0
114.41622111040107,40.30308086134903,10.600000000000005,-0.13222811894628447,-0.8779857873615121,0.0
114.57992769711505,40.10322144055681,10.600000000000005,-0.1400033883392205,-0.880499804793101,8.420767129872338e-15
114.74273430145779,39.903160073813076,10.600000000000007,-0.148186115185474,-0.8836146086281587,0.0
114.90439142161178,39.70283036927991,10.600000000000007,-0.15679206010190555,-0.8872680249158653,8.420767129872338e-15
115.06461258986396,39.502156794235454,10.600000000000007,-0.16582766690116107,-0.8913819164013276,0.0
115.22307070669629,39.30105378828691,10.600000000000007,-0.17528886068388827,-0.8958623807009223,4.210383564936169e-15
115.3793946556672,39.0994249465904,10.600000000000007,-0.18515995614596836,-0.9006002492645813,4.210383564936169e-15
115.53316637705782,38.89716231275842,10.600000000000007,-0.19541270798318391,-0.9054719213381603,4.210383564936169e-15
115.68391859951076,38.69414582484903,10.600000000000005,-0.20600553623675902,-0.910340567298064,8.420767129872338e-15
115.8311334481826,38.49024296110752,10.600000000000005,-0.21688295993220705,-0.9150577351346257,0.0
115.97424216424501,38.28530863489337,10.600000000000003,-0.22797527230657044,-0.9194653923423236,0.0
116.11262618272295,38.079185390410835,10.600000000000003,-0.23919849017423694,-0.9233984328477447,4.210383564936169e-15
116.24561982230158,37.87170395240223,10.600000000000005,-0.25045460842925876,-0.9266876746617636,1.6841534259744676e-14
116.37251484034273,37.66268418379375,10.600000000000005,-0.26163218821942696,-0.9291633684424377,4.210383564936169e-15
116.49256709722472,37.45193650530131,10.600000000000003,-0.2726073038855954,-0.9306592298219731,0.0
116.6050055543878,37.23926383005484,10.600000000000003,-0.28324486932917287,-0.9310169988537669,0.0
116.70904379810074,37.024464064123705,10.600000000000001,-0.29340035912771667,-0.9300915178732296,-4.210383564936169e-15
116.80389423378949,36.80733322001904,10.600000000000003,-0.3029219336566924,-0.9277563039469212,4.210383564936169e-15
116.88878503148747,36.58766918418154,10.600000000000001,-0.3116529710374235,-0.9239095733038789,1.2631150694808506e-14
116.96297981918715,36.365276170230416,10.600000000000001,-0.3194350024378183,-0.9184806519572506,0.0
117.02580001512392,36.13996987607537,10.600000000000001,-0.3261110418235036,-0.9114366782271175,1.2631150694808506e-14
117.0766495597874,35.911583343186,10.600000000000001,-0.33152929762207095,-0.902789467974726,4.210383564936169e-15
117.11504165117387,35.67997348819264,10.6,-0.335547253045862,-0.8926023707579775,1.6841534259744676e-14
117.14062689986108,35.445028237889844,10.600000000000001,-0.3380361052997493,-0.8809968933086947,4.210383564936169e-15
117.15322210121658,35.20667414548792,10.599999999999996,-0.3388855629336749,-0.8681588039852246,4.210383564936169e-15
117.15283856758899,34.96488429509393,10.599999999999998,-0.33800901649247356,-0.8543433562399354,1.6841534259744676e-14
117.13970867052791,34.71968620919563,10.599999999999998,-0.33534912145179663,-0.8398791785402706,4.210383564936169e-15
117.11430890826281,34.4711693567374,10.599999999999996,-0.33088386484094856,-0.8251702703364154,4.210383564936169e-15
117.07737743236221,34.21949171403487,10.599999999999996,-0.324633227861182,-0.810695416214716,4.210383564936169e-15
117.02992353403195,33.964884655004916,10.599999999999996,-0.31666660511798145,-0.7970041809297282,1.0525958912340423e-14
116.97322609757994,33.707655240131,10.599999999999993,-0.3071111944241227,-0.7847084742438573,4.210383564936169e-15
116.90881746679679,33.44818473630122,10.599999999999989,-0.29616162564316295,-0.7744684742864137,1.2631150694808506e-14
116.83844852749732,33.186921935470345,10.599999999999989,-0.28409114737349567,-0.7669714697260237,2.1051917824680845e-15
116.76403007176812,32.924369554648536,10.599999999999985,-0.2712647298687992,-0.7629019233582204,6.315575347404253e-15
116.68754465979961,32.661061700422074,10.59999999999998,-0.258154464541134,-0.7629007728264348,4.210383564936169e-15
116.61092221566362,32.397530075724184,10.599999999999978,-0.2453576391216585,-0.7675116700833539,6.315575347404253e-15
116.53587146746666,32.13425629971168,10.599999999999973,-0.23361784184283102,-0.7771115248236315,1.0525958912340423e-14
116.46365805914999,31.871607399826768,10.599999999999968,-0.22384940598706624,-0.7918223680761556,2.1051917824680845e-15
116.39481872297691,31.609751197417463,10.599999999999957,-0.2171654732813267,-0.8114012069664123,8.420767129872338e-15
116.32879933479325,31.348547891727787,10.599999999999948,-0.21490998592807026,-0.8351042269155222,8.420767129872338e-15
116.26350304569529,31.087413544757307,10.599999999999937,-0.2186941153356062,-0.8615214538634444,1.2631150694808506e-14
116.19473312628159,30.825150188069944,10.599999999999923,-0.23043817745410378,-0.8883778761203514,1.2631150694808506e-14
116.11551390577662,30.55973558609921,10.599999999999907,-0.2524212557865098,-0.9122971278706256,8.420767129872338e-15
