galstreams/tracks/track.po.PS1-A.bernard2016.ecsv
# %ECSV 1.0
# ---
# datatype:
# - {name: ra, unit: deg, datatype: float64}
# - {name: dec, unit: deg, datatype: float64}
# - {name: distance, unit: kpc, datatype: float64}
# - {name: pm_ra_cosdec, unit: mas / yr, datatype: float64}
# - {name: pm_dec, unit: mas / yr, datatype: float64}
# - {name: radial_velocity, unit: km / s, datatype: float64}
# delimiter: ','
# meta: !!omap
# - __serialized_columns__:
#     dec:
#       __class__: astropy.coordinates.angles.Latitude
#       unit: &id001 !astropy.units.Unit {unit: deg}
#       value: !astropy.table.SerializedColumn {name: dec}
#     distance:
#       __class__: astropy.coordinates.distances.Distance
#       unit: !astropy.units.Unit {unit: kpc}
#       value: !astropy.table.SerializedColumn {name: distance}
#     pm_dec:
#       __class__: astropy.units.quantity.Quantity
#       unit: !astropy.units.Unit {unit: mas / yr}
#       value: !astropy.table.SerializedColumn {name: pm_dec}
#     pm_ra_cosdec:
#       __class__: astropy.units.quantity.Quantity
#       unit: !astropy.units.Unit {unit: mas / yr}
#       value: !astropy.table.SerializedColumn {name: pm_ra_cosdec}
#     ra:
#       __class__: astropy.coordinates.angles.Longitude
#       unit: *id001
#       value: !astropy.table.SerializedColumn {name: ra}
#       wrap_angle: !astropy.coordinates.Angle
#         unit: *id001
#         value: 360.0
#     radial_velocity:
#       __class__: astropy.units.quantity.Quantity
#       unit: !astropy.units.Unit {unit: km / s}
#       value: !astropy.table.SerializedColumn {name: radial_velocity}
# schema: astropy-2.0
ra,dec,distance,pm_ra_cosdec,pm_dec,radial_velocity
[from data line 237]
29.23340100162667,-4.2782990668877545,7.899999999999988,0.0,0.0,0.0
29.236968021457184,-4.2689312260459165,7.899999999999987,0.0,0.0,0.0
29.240534954221676,-4.259563368719954,7.899999999999988,0.0,0.0,0.0
29.244101800113885,-4.250195494946575,7.899999999999988,0.0,0.0,0.0
29.247668559327526,-4.240827604762485,7.899999999999986,0.0,0.0,0.0
29.251235232056295,-4.2314596982043815,7.899999999999988,0.0,0.0,0.0
29.254801818493874,-4.222091775308967,7.899999999999987,0.0,0.0,0.0
29.258368318833917,-4.212723836112932,7.899999999999988,0.0,0.0,0.0
29.26193473327009,-4.203355880652959,7.899999999999988,0.0,0.0,0.0
29.26550106199599,-4.193987908965754,7.899999999999987,0.0,0.0,0.0
29.269067305205258,-4.184619921087992,7.899999999999988,0.0,0.0,0.0
29.272633463091466,-4.175251917056356,7.899999999999986,0.0,0.0,0.0
29.276199535848207,-4.165883896907515,7.899999999999988,0.0,0.0,0.0
29.27976552366903,-4.15651586067815,7.899999999999987,0.0,0.0,0.0
29.283331426747484,-4.147147808404928,7.899999999999987,0.0,0.0,0.0
29.2868972452771,-4.137779740124517,7.899999999999988,0.0,0.0,0.0
29.290462979451373,-4.128411655873577,7.899999999999988,0.0,0.0,0.0
29.294028629463813,-4.119043555688773,7.899999999999989,0.0,0.0,0.0
29.29759419550788,-4.1096754396067565,7.899999999999989,0.0,0.0,0.0
29.301159677777047,-4.1003073076641865,7.899999999999988,0.0,0.0,0.0
29.30472507646474,-4.090939159897708,7.899999999999989,0.0,0.0,0.0
29.308290391764395,-4.081570996343969,7.899999999999989,0.0,0.0,0.0
29.311855623869423,-4.0722028170396145,7.899999999999989,0.0,0.0,0.0
29.31542077297321,-4.062834622021281,7.899999999999989,0.0,0.0,0.0
29.31898583926913,-4.053466411325607,7.899999999999989,0.0,0.0,0.0
29.322550822950543,-4.044098184989226,7.899999999999989,0.0,0.0,0.0
29.3261157242108,-4.034729943048767,7.89999999999999,0.0,0.0,0.0
29.32968054324322,-4.025361685540857,7.899999999999989,0.0,0.0,0.0
29.333245280241112,-4.01599341250212,7.89999999999999,0.0,0.0,0.0
29.336809935397763,-4.006625123969176,7.89999999999999,0.0,0.0,0.0
29.34037450890646,-3.9972568199786402,7.89999999999999,0.0,0.0,0.0
29.343939000960468,-3.987888500567127,7.89999999999999,0.0,0.0,0.0
29.34750341175301,-3.978520165771246,7.89999999999999,0.0,0.0,0.0
29.35106774147734,-3.969151815627606,7.899999999999989,0.0,0.0,0.0
29.35463199032665,-3.959783450172809,7.89999999999999,0.0,0.0,0.0
29.35819615849414,-3.9504150694434563,7.899999999999991,0.0,0.0,0.0
29.361760246173,-3.9410466734761447,7.899999999999991,0.0,0.0,0.0
29.365324253556377,-3.931678262307469,7.89999999999999,0.0,0.0,0.0
29.36888818083743,-3.9223098359740196,7.89999999999999,0.0,0.0,0.0
29.372452028209292,-3.9129413945123814,7.899999999999991,0.0,0.0,0.0
29.37601579586507,-3.903572937959144,7.899999999999991,0.0,0.0,0.0
29.37957948399787,-3.894204466350884,7.8999999999999915,0.0,0.0,0.0
29.38314309280077,-3.884835979724182,7.8999999999999915,0.0,0.0,0.0
29.386706622466836,-3.875467478115613,7.8999999999999915,0.0,0.0,0.0
29.39027007318912,-3.8660989615617463,7.899999999999992,0.0,0.0,0.0
29.39383344516067,-3.8567304300991534,7.8999999999999915,0.0,0.0,0.0
29.397396738574503,-3.847361883764398,7.8999999999999915,0.0,0.0,0.0
29.40095995362361,-3.837993322594042,7.8999999999999915,0.0,0.0,0.0
29.40452309050099,-3.828624746624645,7.899999999999992,0.0,0.0,0.0
29.408086149399615,-3.8192561558927642,7.899999999999992,0.0,0.0,0.0
29.411649130512455,-3.8098875504349503,7.8999999999999915,0.0,0.0,0.0
29.415212034032425,-3.8005189302877547,7.8999999999999915,0.0,0.0,0.0
29.418774860152478,-3.791150295487722,7.899999999999992,0.0,0.0,0.0
29.422337609065515,-3.781781646071398,7.899999999999992,0.0,0.0,0.0
29.425900280964434,-3.772412982075321,7.899999999999992,0.0,0.0,0.0
29.42946287604211,-3.7630443035360317,7.8999999999999915,0.0,0.0,0.0
29.433025394491413,-3.753675610490061,7.8999999999999915,0.0,0.0,0.0
29.43658783650519,-3.744306902973941,7.8999999999999915,0.0,0.0,0.0
29.440150202276275,-3.734938181024202,7.899999999999992,0.0,0.0,0.0
29.443712491997495,-3.7255694446773657,7.899999999999993,0.0,0.0,0.0
29.44727470586165,-3.716200693969955,7.899999999999992,0.0,0.0,0.0
29.450836844061527,-3.706831928938491,7.899999999999993,0.0,0.0,0.0
29.454398906789905,-3.6974631496194887,7.899999999999992,0.0,0.0,0.0
29.45796089423953,-3.6880943560494592,7.899999999999993,0.0,0.0,0.0
29.46152280660317,-3.6787255482649153,7.899999999999992,0.0,0.0,0.0
29.46508464407353,-3.6693567263023623,7.8999999999999915,0.0,0.0,0.0
29.46864640684333,-3.659987890198304,7.899999999999992,0.0,0.0,0.0
29.472208095105273,-3.6506190399892433,7.899999999999993,0.0,0.0,0.0
29.475769709052052,-3.641250175711675,7.899999999999992,0.0,0.0,0.0
29.479331248876324,-3.631881297402098,7.899999999999993,0.0,0.0,0.0
29.48289271477074,-3.622512405097,7.899999999999993,0.0,0.0,0.0
29.486454106927948,-3.613143498832874,7.899999999999992,0.0,0.0,0.0
29.490015425540577,-3.603774578646204,7.899999999999993,0.0,0.0,0.0
29.49357667080123,-3.5944056445734733,7.899999999999994,0.0,0.0,0.0
29.497137842902497,-3.5850366966511635,7.899999999999992,0.0,0.0,0.0
29.500698942036973,-3.57566773491575,7.899999999999993,0.0,0.0,0.0
29.504259968397225,-3.5662987594037086,7.899999999999992,0.0,0.0,0.0
29.50782092217579,-3.5569297701515112,7.8999999999999915,0.0,0.0,0.0
29.51138180356521,-3.5475607671956246,7.899999999999992,0.0,0.0,0.0
29.51494261275802,-3.5381917505725164,7.8999999999999915,0.0,0.0,0.0
29.518503349946716,-3.5288227203186486,7.8999999999999915,0.0,0.0,0.0
29.522064015323807,-3.519453676470482,7.8999999999999915,0.0,0.0,0.0
29.52562460908175,-3.510084619064471,7.899999999999992,0.0,0.0,0.0
29.52918513141303,-3.500715548137072,7.899999999999992,0.0,0.0,0.0
29.532745582510096,-3.4913464637247382,7.899999999999991,0.0,0.0,0.0
29.53630596256538,-3.4819773658639144,7.8999999999999915,0.0,0.0,0.0
29.539866271771302,-3.4726082545910484,7.899999999999992,0.0,0.0,0.0
29.543426510320284,-3.4632391299425818,7.8999999999999915,0.0,0.0,0.0
29.546986678404703,-3.453869991954956,7.8999999999999915,0.0,0.0,0.0
29.550546776216954,-3.444500840664607,7.8999999999999915,0.0,0.0,0.0
29.5541068039494,-3.43513167610797,7.899999999999992,0.0,0.0,0.0
29.55766676179439,-3.4257624983214767,7.8999999999999915,0.0,0.0,0.0
29.561226649944274,-3.416393307341555,7.899999999999991,0.0,0.0,0.0
29.56478646859136,-3.4070241032046313,7.8999999999999915,0.0,0.0,0.0
29.568346217927974,-3.397654885947129,7.899999999999991,0.0,0.0,0.0
29.571905898146404,-3.388285655605469,7.899999999999991,0.0,0.0,0.0
29.57546550943894,-3.378916412216068,7.899999999999991,0.0,0.0,0.0
29.579025051997842,-3.3695471558153423,7.899999999999991,0.0,0.0,0.0
29.582584526015374,-3.3601778864397023,7.899999999999991,0.0,0.0,0.0
29.586143931683775,-3.3508086041255587,7.89999999999999,0.0,0.0,0.0
29.589703269195287,-3.3414393089093184,7.899999999999991,0.0,0.0,0.0
29.5932625387421,-3.3320700008273842,7.89999999999999,0.0,0.0,0.0
29.596821740516432,-3.322700679916158,7.89999999999999,0.0,0.0,0.0
29.600380874710474,-3.3133313462120384,7.89999999999999,0.0,0.0,0.0
29.60393994151639,-3.3039619997514222,7.89999999999999,0.0,0.0,0.0
29.607498941126348,-3.2945926405707002,7.899999999999989,0.0,0.0,0.0
29.611057873732488,-3.285223268706266,7.89999999999999,0.0,0.0,0.0
29.614616739526955,-3.275853884194505,7.899999999999988,0.0,0.0,0.0
29.618175538701863,-3.2664844870718026,7.899999999999989,0.0,0.0,0.0
29.621734271449327,-3.257115077374544,7.899999999999988,0.0,0.0,0.0
29.625292937961426,-3.247745655139105,7.899999999999989,0.0,0.0,0.0
29.628851538430258,-3.2383762204018653,7.899999999999989,0.0,0.0,0.0
29.63241007304788,-3.2290067731991985,7.89999999999999,0.0,0.0,0.0
29.635968542006346,-3.2196373135674756,7.899999999999989,0.0,0.0,0.0
29.63952694549771,-3.210267841543069,7.899999999999988,0.0,0.0,0.0
29.643085283713994,-3.2008983571623424,7.899999999999989,0.0,0.0,0.0
29.646643556847216,-3.1915288604616614,7.899999999999988,0.0,0.0,0.0
29.650201765089367,-3.182159351477387,7.899999999999988,0.0,0.0,0.0
29.653759908632455,-3.172789830245878,7.899999999999988,0.0,0.0,0.0
29.65731798766845,-3.1634202968034906,7.899999999999987,0.0,0.0,0.0
29.660876002389305,-3.154050751186579,7.899999999999989,0.0,0.0,0.0
29.664433952986982,-3.1446811934314938,7.899999999999988,0.0,0.0,0.0
29.66799183965342,-3.135311623574584,7.899999999999989,0.0,0.0,0.0
29.671549662580546,-3.1259420416521952,7.899999999999988,0.0,0.0,0.0
29.675107421960274,-3.1165724477006713,7.899999999999987,0.0,0.0,0.0
29.67866511798449,-3.107202841756353,7.899999999999989,0.0,0.0,0.0
29.682222750845096,-3.0978332238555795,7.899999999999988,0.0,0.0,0.0
29.68578032073396,-3.088463594034685,7.899999999999988,0.0,0.0,0.0
29.689337827842955,-3.0790939523300036,7.899999999999987,0.0,0.0,0.0
29.692895272363913,-3.069724298777866,7.899999999999988,0.0,0.0,0.0
29.6964526544887,-3.0603546334146023,7.899999999999988,0.0,0.0,0.0
29.70000997440911,-3.0509849562765368,7.899999999999986,0.0,0.0,0.0
29.703567232316974,-3.041615267399993,7.899999999999988,0.0,0.0,0.0
29.707124428404086,-3.0322455668212913,7.899999999999987,0.0,0.0,0.0
29.710681562862234,-3.022875854576751,7.899999999999986,0.0,0.0,0.0
29.714238635883195,-3.0135061307026882,7.899999999999987,0.0,0.0,0.0
29.717795647658733,-3.0041363952354163,7.899999999999987,0.0,0.0,0.0
29.721352598380605,-2.994766648211246,7.899999999999988,0.0,0.0,0.0
29.72490948824054,-2.985396889666485,7.899999999999987,0.0,0.0,0.0
29.72846631743027,-2.976027119637442,7.899999999999988,0.0,0.0,0.0
29.732023086141513,-2.966657338160419,7.899999999999987,0.0,0.0,0.0
29.73557979456596,-2.9572875452717162,7.899999999999988,0.0,0.0,0.0
29.73913644289532,-2.947917741007636,7.899999999999989,0.0,0.0,0.0
29.742693031321256,-2.9385479254044733,7.899999999999989,0.0,0.0,0.0
29.746249560035444,-2.9291780984985216,7.899999999999989,0.0,0.0,0.0
29.749806029229536,-2.919808260326073,7.899999999999988,0.0,0.0,0.0
29.753362439095177,-2.9104384109234185,7.899999999999988,0.0,0.0,0.0
29.75691878982399,-2.9010685503268423,7.899999999999989,0.0,0.0,0.0
29.76047508160761,-2.8916986785726304,7.89999999999999,0.0,0.0,0.0
29.76403131463763,-2.8823287956970667,7.89999999999999,0.0,0.0,0.0
29.767587489105654,-2.8729589017364288,7.89999999999999,0.0,0.0,0.0
29.771143605203264,-2.863588996726996,7.89999999999999,0.0,0.0,0.0
29.774699663122032,-2.854219080705042,7.899999999999989,0.0,0.0,0.0
29.778255663053532,-2.8448491537068414,7.89999999999999,0.0,0.0,0.0
29.781811605189286,-2.8354792157686637,7.89999999999999,0.0,0.0,0.0
29.785367489720855,-2.826109266926779,7.89999999999999,0.0,0.0,0.0
29.788923316839767,-2.816739307217451,7.899999999999991,0.0,0.0,0.0
29.792479086737515,-2.8073693366769463,7.899999999999991,0.0,0.0,0.0
29.796034799605636,-2.7979993553415237,7.8999999999999915,0.0,0.0,0.0
29.799590455635588,-2.7886293632474435,7.899999999999991,0.0,0.0,0.0
29.80314605501888,-2.779259360430964,7.899999999999991,0.0,0.0,0.0
29.806701597946958,-2.7698893469283377,7.899999999999992,0.0,0.0,0.0
29.810257084611294,-2.7605193227758176,7.899999999999993,0.0,0.0,0.0
29.813812515203338,-2.751149288009654,7.899999999999992,0.0,0.0,0.0
29.81736788991452,-2.7417792426660963,7.899999999999992,0.0,0.0,0.0
29.820923208936275,-2.732409186781388,7.8999999999999915,0.0,0.0,0.0
29.824478472459997,-2.723039120391775,7.899999999999993,0.0,0.0,0.0
29.828033680677116,-2.7136690435334963,7.899999999999993,0.0,0.0,0.0
29.831588833778998,-2.704298956242793,7.899999999999993,0.0,0.0,0.0
29.835143931957038,-2.6949288585559,7.899999999999992,0.0,0.0,0.0
29.838698975402597,-2.685558750509054,7.899999999999992,0.0,0.0,0.0
29.842253964307048,-2.6761886321384845,7.899999999999994,0.0,0.0,0.0
29.845808898861726,-2.6668185034804255,7.899999999999993,0.0,0.0,0.0
29.849363779257978,-2.6574483645711022,7.899999999999993,0.0,0.0,0.0
29.85291860568713,-2.648078215446743,7.899999999999993,0.0,0.0,0.0
29.85647337834049,-2.6387080561435696,7.899999999999993,0.0,0.0,0.0
29.86002809740937,-2.629337886697806,7.899999999999995,0.0,0.0,0.0
29.863582763085056,-2.619967707145671,7.899999999999994,0.0,0.0,0.0
29.867137375558844,-2.6105975175233795,7.899999999999994,0.0,0.0,0.0
29.870691935021995,-2.601227317867151,7.899999999999994,0.0,0.0,0.0
29.874246441665786,-2.5918571082131954,7.899999999999995,0.0,0.0,0.0
29.877800895681457,-2.5824868885977255,7.899999999999994,0.0,0.0,0.0
29.881355297260257,-2.5731166590569496,7.899999999999994,0.0,0.0,0.0
29.884909646593403,-2.5637464196270754,7.899999999999995,0.0,0.0,0.0
29.888463943872136,-2.554376170344306,7.899999999999995,0.0,0.0,0.0
29.892018189287654,-2.545005911244846,7.899999999999996,0.0,0.0,0.0
29.89557238303117,-2.5356356423648947,7.899999999999995,0.0,0.0,0.0
29.89912652529385,-2.526265363740652,7.899999999999996,0.0,0.0,0.0
29.9026806162669,-2.516895075408314,7.899999999999996,0.0,0.0,0.0
29.906234656141468,-2.507524777404074,7.899999999999997,0.0,0.0,0.0
29.909788645108723,-2.4981544697641267,7.899999999999996,0.0,0.0,0.0
29.91334258335982,-2.4887841525246612,7.899999999999996,0.0,0.0,0.0
29.91689647108589,-2.4794138257218656,7.899999999999995,0.0,0.0,0.0
29.920450308478067,-2.470043489391928,7.899999999999995,0.0,0.0,0.0
29.924004095727465,-2.4606731435710305,7.899999999999995,0.0,0.0,0.0
29.927557833025194,-2.451302788295358,7.899999999999995,0.0,0.0,0.0
29.93111152056235,-2.441932423601087,7.899999999999996,0.0,0.0,0.0
29.934665158530027,-2.4325620495244005,7.899999999999995,0.0,0.0,0.0
29.9382187471193,-2.4231916661014723,7.899999999999995,0.0,0.0,0.0
29.941772286521253,-2.413821273368478,7.899999999999995,0.0,0.0,0.0
29.945325776926925,-2.4044508713615897,7.899999999999994,0.0,0.0,0.0
29.948879218527377,-2.3950804601169775,7.899999999999994,0.0,0.0,0.0
29.952432611513643,-2.38571003967081,7.899999999999995,0.0,0.0,0.0
29.955985956076763,-2.3763396100592558,7.899999999999993,0.0,0.0,0.0
29.95953925240774,-2.366969171318476,7.899999999999994,0.0,0.0,0.0
29.963092500697613,-2.3575987234846365,7.899999999999993,0.0,0.0,0.0
29.96664570113736,-2.3482282665938983,7.899999999999993,0.0,0.0,0.0
29.97019885391798,-2.3388578006824186,7.899999999999992,0.0,0.0,0.0
29.973751959230462,-2.329487325786354,7.899999999999994,0.0,0.0,0.0
29.977305017265767,-2.3201168419418647,7.899999999999993,0.0,0.0,0.0
29.98085802821486,-2.3107463491850964,7.899999999999994,0.0,0.0,0.0
29.98441099226871,-2.3013758475522055,7.899999999999993,0.0,0.0,0.0
29.987963909618255,-2.2920053370793423,7.899999999999994,0.0,0.0,0.0
29.991516780454425,-2.2826348178026503,7.899999999999993,0.0,0.0,0.0
29.995069604968144,-2.2732642897582798,7.899999999999993,0.0,0.0,0.0
29.998622383350348,-2.263893752982372,7.899999999999993,0.0,0.0,0.0
30.00217511579192,-2.254523207511071,7.899999999999992,0.0,0.0,0.0
30.005727802483776,-2.2451526533805137,7.899999999999993,0.0,0.0,0.0
30.009280443616802,-2.2357820906268437,7.899999999999993,0.0,0.0,0.0
30.012833039381878,-2.2264115192861937,7.899999999999993,0.0,0.0,0.0
30.016385589969875,-2.2170409393947,7.899999999999993,0.0,0.0,0.0
30.019938095571653,-2.2076703509884945,7.899999999999993,0.0,0.0,0.0
30.023490556378075,-2.198299754103712,7.899999999999993,0.0,0.0,0.0
30.02704297257997,-2.1889291487764773,7.899999999999994,0.0,0.0,0.0
30.03059534436819,-2.1795585350429216,7.899999999999992,0.0,0.0,0.0
30.034147671933564,-2.1701879129391703,7.899999999999994,0.0,0.0,0.0
30.037699955466888,-2.160817282501346,7.899999999999995,0.0,0.0,0.0
30.041252195158997,-2.1514466437655733,7.899999999999994,0.0,0.0,0.0
30.044804391200678,-2.1420759967679706,7.899999999999995,0.0,0.0,0.0
30.048356543782724,-2.132705341544659,7.899999999999994,0.0,0.0,0.0
30.051908653095925,-2.1233346781317537,7.899999999999995,0.0,0.0,0.0
30.055460719331048,-2.1139640065653738,7.899999999999995,0.0,0.0,0.0
30.059012742678863,-2.1045933268816275,7.899999999999996,0.0,0.0,0.0
30.062564723330123,-2.095222639116631,7.899999999999996,0.0,0.0,0.0
