galstreams/tracks/track.st.Pal5.ibata2021.ecsv
# %ECSV 0.9
# ---
# datatype:
# - {name: ra, unit: deg, datatype: float64}
# - {name: dec, unit: deg, datatype: float64}
# - {name: distance, unit: kpc, datatype: float64}
# - {name: pm_ra_cosdec, unit: mas / yr, datatype: float64}
# - {name: pm_dec, unit: mas / yr, datatype: float64}
# - {name: radial_velocity, unit: km / s, datatype: float64}
# delimiter: ','
# meta: !!omap
# - __serialized_columns__:
#     dec:
#       __class__: astropy.coordinates.angles.Latitude
#       unit: &id001 !astropy.units.Unit {unit: deg}
#       value: !astropy.table.SerializedColumn {name: dec}
#     distance:
#       __class__: astropy.coordinates.distances.Distance
#       unit: !astropy.units.Unit {unit: kpc}
#       value: !astropy.table.SerializedColumn {name: distance}
#     pm_dec:
#       __class__: astropy.units.quantity.Quantity
#       unit: !astropy.units.Unit {unit: mas / yr}
#       value: !astropy.table.SerializedColumn {name: pm_dec}
#     pm_ra_cosdec:
#       __class__: astropy.units.quantity.Quantity
#       unit: !astropy.units.Unit {unit: mas / yr}
#       value: !astropy.table.SerializedColumn {name: pm_ra_cosdec}
#     ra:
#       __class__: astropy.coordinates.angles.Longitude
#       unit: *id001
#       value: !astropy.table.SerializedColumn {name: ra}
#       wrap_angle: !astropy.coordinates.Angle
#         unit: *id001
#         value: 360.0
#     radial_velocity:
#       __class__: astropy.units.quantity.Quantity
#       unit: !astropy.units.Unit {unit: km / s}
#       value: !astropy.table.SerializedColumn {name: radial_velocity}
# schema: astropy-2.0
ra,dec,distance,pm_ra_cosdec,pm_dec,radial_velocity
[from data line 946]
229.29364244675816,0.2163031304337874,22.400035651954042,-2.794983115361899,-2.6632464968687235,5.012987932002126e-14
229.30158827640318,0.22239902209181597,22.400190471340522,-2.794887775486936,-2.6626059593648264,4.1445963217340416e-14
229.30953642090995,0.22849156137434806,22.40033841673305,-2.7947930685665883,-2.6619664240920162,6.697141357976593e-14
229.31748687829716,0.234580751286643,22.400479497747956,-2.794698996325437,-2.661327891346639,2.0775611403231908e-13
229.3254396465834,0.24066659483377914,22.40061372400158,-2.7946055604880464,-2.6606903614250546,2.692013991831063e-13
229.3333947237873,0.24674909502075462,22.400741105110235,-2.794512762778977,-2.6600538346236373,1.1815388879102124e-13
229.3413521079271,0.25282825485225985,22.400861650690263,-2.7944206049227747,-2.6594183112387744,1.770992587001276e-13
229.34931179702124,0.25890407733293547,22.400975370357987,-2.7943290886439813,-2.658783791566865,2.4578114060314887e-13
229.35727378908786,0.26497656546711534,22.401082273729752,-2.7942382156671277,-2.6581502759043203,3.9209196948468075e-14
229.365238082145,0.2710457222590837,22.40118237042187,-2.7941479877167397,-2.6575177645475656,4.789311305114892e-14
229.3732046742106,0.2771115507128177,22.40127567005069,-2.794058406517329,-2.656886257793036,2.74201229666468e-13
229.38117356330272,0.28317405383224664,22.401362182232532,-2.7939694737934055,-2.656255755937177,7.315541444076594e-14
229.38914474743885,0.28923323462099126,22.401441916583718,-2.793881191269471,-2.65562625927645,1.497317655280425e-13
229.39711822463687,0.295289096082626,22.401514882720594,-2.7937935606700197,-2.6549977681073194,1.2631150694808506e-14
229.40509399291415,0.3013416412204492,22.401581090259484,-2.7937065837195356,-2.654370282726265,6.841873293021275e-14
229.4130720502881,0.30739087303758317,22.401640548816715,-2.793620262142502,-2.653743803429777,2.415707570382127e-13
229.42105239477615,0.31343679453706924,22.40169326800862,-2.793534597663394,-2.6531183305143506,1.521001062833191e-13
229.42903502439543,0.31947940872164243,22.40173925745153,-2.7934495920066786,-2.652493864276492,1.5841568163072336e-13
229.43701993716303,0.3255187185939908,22.401778526761777,-2.7933652468968195,-2.6518704050127173,2.3420258579957443e-13
229.4450071310959,0.3315547271564956,22.401811085555693,-2.793281564058274,-2.651247953019549,2.3999186320136165e-13
229.452996604211,0.3375874374114916,22.401836943449606,-2.793198545215497,-2.650626508593518,3.115683838052765e-13
229.460988354525,0.34361685236100714,22.40185611005984,-2.7931161920929366,-2.6500060720311653,1.9788802755199994e-13
229.46898238005457,0.3496429750070237,22.401868595002735,-2.7930345064150357,-2.6493866436290348,2.4525484265753186e-13
229.47697867881627,0.3556658083512498,22.401874407894617,-2.7929534899062345,-2.6487682236836783,2.98937233110468e-13
229.48497724882643,0.3616853553952179,22.401873558351816,-2.792873144290969,-2.6481508124916564,1.515738083377021e-13
229.4929780881014,0.36770161914038146,22.401866055990663,-2.792793471293675,-2.647534410349534,2.7683271939455313e-13
229.50098119465744,0.3737146025878892,22.40185191042749,-2.7927144726387763,-2.6469190175538793,-1.2368001721999996e-14
229.50898656651052,0.3797243087388433,22.401831131278627,-2.7926361500507038,-2.6463046344012704,1.7130998129834038e-13
229.51699420167662,0.3857307405940413,22.4018037281604,-2.792558505253881,-2.645691261188287,1.568367877938723e-13
229.52500409817168,0.39173390115423434,22.401769710689145,-2.792481539972727,-2.6450788982115143,1.8104649329225526e-13
229.53301625401136,0.39773379341987,22.40172908848119,-2.792405255931664,-2.6444675457675406,8.420767129872338e-14
229.5410306672113,0.40373042039134927,22.40168187115287,-2.7923296548551075,-2.643857204152959,2.647278666453616e-13
229.54904733578704,0.4097237850687695,22.40162806832051,-2.7922547384674745,-2.643247873664366,3.657770722038297e-14
229.55706625775392,0.41571389045218243,22.401567689600434,-2.792180508493182,-2.642639554598361,2.444653957391063e-13
229.56508743112724,0.42170073954136905,22.401500744608985,-2.792106966656642,-2.642032247251544,3.5261962356340417e-13
229.5731108539222,0.4276843353359345,22.401427242962487,-2.7920341146822656,-2.6414259519205214,3.589351989108084e-13
229.58113652415386,0.43366468083540805,22.401347194277275,-2.7919619542944707,-2.6408206689018963,3.289362160106382e-13
229.5891644398371,0.4396417790390146,22.401260608169675,-2.7918904872176675,-2.6402163984922775,2.573596954067233e-13
229.59719459898682,0.4456156329459351,22.401167494256022,-2.7918197151762696,-2.639613140988271,2.1551900873017016e-13
229.60522699961763,0.4515862455550472,22.401067862152637,-2.7917496398946904,-2.63901089668649,8.631286308119147e-14
229.61326163974417,0.4575536198651843,22.400961721475863,-2.7916802630973443,-2.6384096658835388,2.0972973132838291e-13
229.6212985173809,0.463517758874877,22.40084908184202,-2.7916115865086484,-2.6378094488760295,1.5315270217455315e-13
229.62933763054218,0.46947866558261137,22.40072995286744,-2.7915436118530175,-2.6372102459605697,2.6525416459097863e-13
229.6373789772423,0.4754363429865715,22.40060434416846,-2.791476340854871,-2.636612057433767,3.947234592127659e-14
229.64542255549532,0.4813907940848984,22.4004722653614,-2.7914097752386287,-2.636014883592228,2.4814948135842545e-13
229.6534683633153,0.4873420218754622,22.40033372606261,-2.791343916728712,-2.635418724732558,2.3630777758204247e-13
229.66151639871612,0.49329002935596095,22.400188735888392,-2.791278767049549,-2.6348235811513603,-1.894672604221276e-14
229.66956665971153,0.4992348195240168,22.4000373044551,-2.7912143279255646,-2.634229453145234,-6.315575347404254e-14
229.67761914431514,0.5051763953769509,22.399879441379053,-2.7911506010811906,-2.6336363410107793,1.99466921388851e-13
229.68567385054067,0.5111147599120406,22.39971515627659,-2.7910875882408606,-2.633044245044589,2.1051917824680846e-14
229.69373077640128,0.5170499161262624,22.39954445876402,-2.7910252911290137,-2.632453165543256,1.8999355836774462e-13
229.70178991991054,0.5229818670165503,22.399367358457702,-2.7909637114700887,-2.6318631028033654,1.9578283576953187e-13
229.70985127908148,0.5289106155795372,22.39918386497395,-2.790902850988533,-2.631274057121502,1.6578385286936166e-13
229.7179148519272,0.5348361648118134,22.398993987929096,-2.790842711408796,-2.6306860287942455,2.520967159505531e-13
229.7259806364607,0.5407585177096691,22.39879773693948,-2.7907832944553324,-2.6300990181181665,1.294692946217872e-13
229.73404863069476,0.5466776772693522,22.398595121621415,-2.790724601852601,-2.6295130253898344,1.5841568163072336e-13
229.74211883264212,0.5525936464868425,22.398386151591247,-2.7906666353250675,-2.628928050905812,2.6735935637344673e-13
229.75019124031536,0.5585064283579493,22.398170836465297,-2.790609396597201,-2.628344094962654,1.9788802755199994e-13
229.758265851727,0.5644160258784078,22.3979491858599,-2.7905528873934804,-2.6277611578569124,1.9999321933446803e-13
229.7663426648893,0.570322442043653,22.397721209391396,-2.790497109438384,-2.627179239885126,1.4367933915344677e-13
229.77442167781464,0.5762256798490796,22.397486916676083,-2.7904420644564043,-2.6265983413438354,1.0315439734093615e-13
229.782502888515,0.5821257422897823,22.397246317330332,-2.7903877541720323,-2.6260184625295624,6.947132882144679e-14
229.7905862950025,0.5880226323608151,22.396999420970445,-2.7903341803097734,-2.6254396037388315,1.6631015081497867e-13
229.79867189528892,0.5939163530569327,22.396746237212763,-2.7902813445941357,-2.624861765268151,1.5104751039208505e-13
229.8067596873861,0.5998069073728493,22.396486775673623,-2.790229248749634,-2.624284947414023,1.7999389740102124e-13
229.81484966930566,0.6056942983030128,22.396221045969334,-2.790177894500795,-2.6237091504729433,1.8578317480280846e-13
229.82294183905907,0.6115785288417018,22.395949057716248,-2.790127283572149,-2.623134374741393,1.8999355836774462e-13
229.83103619465786,0.6174596019831224,22.39567082053069,-2.790077417688238,-2.622560620515845,1.1631184598136167e-13
229.83913273411312,0.6233375207211825,22.395386344028978,-2.79002829857361,-2.6219878880927645,2.3367628785395737e-13
229.8472314554362,0.62921228804975,22.395095637827463,-2.7899799279528223,-2.621416177768602,1.820990891834893e-13
229.855332356638,0.6350839069623954,22.394798711542467,-2.7899323075504423,-2.620845489839798,2.3420258579957443e-13
229.8634354357296,0.6409523804526498,22.39449557479031,-2.789885439091047,-2.620275824602786,-6.315575347404253e-15
229.87154069072162,0.6468177115137461,22.394186237187334,-2.789839324299221,-2.6197071823539804,-2.1051917824680846e-14
229.87964811962476,0.6526799031388792,22.393870708349862,-2.7897939648995616,-2.619139563389789,2.5525450362425527e-13
229.88775772044968,0.6585389583209461,22.393548997894232,-2.7897493626166714,-2.6185729680066023,1.9367764398706378e-13
229.89586949120684,0.6643948800528051,22.39322111543677,-2.789705519175169,-2.618007396500801,8.526026718995742e-14
229.90398342990642,0.6702476713270504,22.392887070593808,-2.7896624362996807,-2.6174428491687527,9.525992815668083e-14
229.9120995345586,0.6760973351361084,22.392546872981672,-2.7896201157148437,-2.6168793263068078,3.115683838052765e-13
229.92021780317364,0.6819438744723351,22.392200532216705,-2.7895785591453075,-2.6163168282113056,1.4999491450085103e-13
229.92833823376128,0.6877872923277902,22.39184805791522,-2.789537768315733,-2.61575535517857,9.789141788476593e-14
229.93646082433148,0.693627591694496,22.39148945969356,-2.7894977449507907,-2.6151949075049097,2.815694009051063e-13
229.94458557289386,0.6994647755641783,22.391124747168053,-2.789458490775166,-2.6146354854866187,2.3472888374519144e-13
229.95271247745808,0.7052988469285256,22.39075392995502,-2.7894200075135567,-2.6140770894199745,3.3262030162995735e-13
229.96084153603357,0.7111298087789308,22.390377017670808,-2.7893822968906674,-2.6135197196012374,1.4525823299029783e-13
229.96897274662967,0.7169576641067501,22.38999401993173,-2.789345360631226,-2.612963376326655,1.5788938368510635e-13
229.9771061072556,0.7227824159030766,22.389604946354133,-2.7893092004599636,-2.612408059892452,1.9788802755199994e-13
229.98524161592036,0.7286040671588369,22.389209806554334,-2.789273818101628,-2.6118537705948426,2.668330584278297e-13
229.99337927063308,0.7344226208648896,22.38880861014867,-2.7892392152809826,-2.6113005087300185,8.841805486365955e-14
230.00151906940243,0.740238080011798,22.38840136675347,-2.7892053937228023,-2.6107482745941555,3.584089009651914e-13
230.00966101023732,0.7460504475900902,22.38798808598506,-2.7891723551518783,-2.6101970684834104,1.9894062344323399e-13
230.01780509114624,0.7518597265899987,22.387568777459784,-2.789140101293012,-2.60964689069392,-4.8419410996765944e-14
230.02595131013766,0.7576659200017211,22.387143450793964,-2.7891086338710243,-2.609097741521804,1.3262708229548932e-13
230.0340996652199,0.7634690308151609,22.38671211560392,-2.7890779546107503,-2.608549621263163,1.5315270217455315e-13
230.04225015440136,0.7692690620201855,22.386274781505996,-2.7890480652370364,-2.6080025302140752,1.4999491450085103e-13
230.05040277568997,0.7750660166063698,22.385831458116524,-2.7890189674747474,-2.607456468670598,1.8630947274842547e-13
230.05855752709385,0.7808598975632528,22.385382155051825,-2.7889906630487635,-2.606911436928771,-7.789209595131913e-14
230.06671440662072,0.7866507078801133,22.38492688192823,-2.7889631536839827,-2.6063674352846125,2.015721131713191e-13
230.07487341227835,0.7924384505460654,22.384465648362077,-2.7889364411053146,-2.605824464034116,2.1578215770297867e-13
230.08303454207447,0.7982231285501571,22.383998463969693,-2.7889105270376895,-2.605282523473257,1.221011233831489e-13
230.09119779401644,0.8040047448811436,22.38352533836741,-2.788885413206052,-2.6047416138979838,1.1525925009012763e-13
230.09936316611166,0.8097833025277457,22.383046281171552,-2.7888611013353666,-2.604201735604229,3.0262131872978717e-13
230.1075306563674,0.8155588044783922,22.38256130199845,-2.7888375931506113,-2.603662888887896,9.262843842859572e-14
230.11570026279074,0.8213312537214786,22.38207041046444,-2.7888148903767833,-2.6031250740448684,1.7525721589046804e-13
230.12387198338863,0.827100653245107,22.381573616185857,-2.788792994738897,-2.6025882913710032,2.9577944543676587e-13
230.1320458161681,0.8328670060373481,22.381070928779014,-2.7887719079619897,-2.6020525411621365,4.789311305114892e-14
230.14022175913567,0.8386303150859798,22.38056235786026,-2.788751631771107,-2.6015178237140755,2.1051917824680846e-14
230.1483998102981,0.8443905833787472,22.380047913045914,-2.7887321678913226,-2.6009841393226067,2.1946624332229782e-13
230.1565799676619,0.8501478139031374,22.379527603952308,-2.7887135180477256,-2.600451488283491,-4.4209027431829774e-14
230.16476222923325,0.8559020096464746,22.37900144019578,-2.7886956839654204,-2.5999198708924576,2.2946590428902123e-13
230.17294659301862,0.8616531735960189,22.378469431392656,-2.788678667369538,-2.599389287445218,1.321007843498723e-13
230.18113305702394,0.8674013087387397,22.377931587159267,-2.7886624699852227,-2.5988597382374503,2.8104310295948926e-13
230.1893216192554,0.8731464180615746,22.37738791711193,-2.7886470935376426,-2.5983312235648124,1.4052155147974463e-13
230.19751227771866,0.8788885045511713,22.376838430866997,-2.7886325397519847,-2.597803743722927,1.4315304120782974e-13
230.2057050304196,0.8846275711941451,22.376283138040783,-2.788618810353453,-2.5972772990073945,2.49465226222468e-13
230.21389987536375,0.890363620976822,22.37572204824962,-2.788605907067279,-2.5967518897137887,2.1788734948544676e-13
230.2220968105567,0.896096656885497,22.375155171109846,-2.7885938316187096,-2.596227516137649,1.9894062344323399e-13
230.23029583400373,0.9018266819061753,22.374582516237794,-2.788582585733013,-2.5957041785744894,1.221011233831489e-13
230.2384969437101,0.9075536990248321,22.374004093249777,-2.788572171135482,-2.5951818773197957,2.015721131713191e-13
230.24670013768093,0.9132777112271839,22.37341991176215,-2.788562589551427,-2.5946606126690206,2.642015686997446e-13
230.25490541392116,0.9189987214987901,22.372829981391224,-2.788553842706185,-2.5941403849175924,2.942005515999148e-13
230.2631127704358,0.9247167328251468,22.372234311753328,-2.788545932325113,-2.593621194360905,0.0
230.27132220522935,0.9304317481914607,22.371632912464804,-2.788538860133587,-2.59310304129432,2.1578215770297867e-13
230.2795337163066,0.9361437705829094,22.371025793141985,-2.788532627857008,-2.5925859260131707,2.9998982900170206e-13
230.28774730167194,0.9418528029843831,22.37041296340118,-2.7885272372208063,-2.5920698488127614,3.599877948020425e-13
230.29596295932987,0.9475588483807416,22.369794432858747,-2.7885226899504225,-2.5915548099883567,2.0841398646434036e-13
230.30418068728446,0.9532619097565578,22.369170211131,-2.7885189877713303,-2.591040809835196,1.5841568163072336e-13
230.31240048353988,0.9589619900963748,22.368540307834273,-2.7885161324090255,-2.590527848648483,2.689382502102978e-13
230.32062234610015,0.9646590923844821,22.367904732584897,-2.788514125589024,-2.590015926723388,5.999796580034041e-14
230.32884627296897,0.9703532196050105,22.367263494999197,-2.788512969036872,-2.5895050443550516,2.568333974611063e-13
230.33707226215031,0.9760443747420299,22.366616604693508,-2.788512664478132,-2.5889952018385745,-4.73668151055319e-15
230.3453003116475,0.9817325607793246,22.36596407128416,-2.7885132136383985,-2.5884863994690277,1.8578317480280846e-13
230.35353041946422,0.9874177807006503,22.36530590438749,-2.788514618243286,-2.5879786375414446,2.578859933523404e-13
230.3617625836037,0.9931000374894762,22.364642113619823,-2.7885168800184355,-2.587471916350826,1.968354316607659e-13
230.3699968020693,0.9987793341292447,22.363972708597476,-2.7885200006895188,-2.5869662361921386,-6.315575347404253e-15
230.37823307286385,1.004455673603112,22.363297698936805,-2.7885239819822223,-2.5864615973603065,2.98937233110468e-13
