galstreams/tracks/track.st.C-4.ibata2021.ecsv
# %ECSV 0.9
# ---
# datatype:
# - {name: ra, unit: deg, datatype: float64}
# - {name: dec, unit: deg, datatype: float64}
# - {name: distance, unit: kpc, datatype: float64}
# - {name: pm_ra_cosdec, unit: mas / yr, datatype: float64}
# - {name: pm_dec, unit: mas / yr, datatype: float64}
# - {name: radial_velocity, unit: km / s, datatype: float64}
# delimiter: ','
# meta: !!omap
# - __serialized_columns__:
#     dec:
#       __class__: astropy.coordinates.angles.Latitude
#       unit: &id001 !astropy.units.Unit {unit: deg}
#       value: !astropy.table.SerializedColumn {name: dec}
#     distance:
#       __class__: astropy.coordinates.distances.Distance
#       unit: !astropy.units.Unit {unit: kpc}
#       value: !astropy.table.SerializedColumn {name: distance}
#     pm_dec:
#       __class__: astropy.units.quantity.Quantity
#       unit: !astropy.units.Unit {unit: mas / yr}
#       value: !astropy.table.SerializedColumn {name: pm_dec}
#     pm_ra_cosdec:
#       __class__: astropy.units.quantity.Quantity
#       unit: !astropy.units.Unit {unit: mas / yr}
#       value: !astropy.table.SerializedColumn {name: pm_ra_cosdec}
#     ra:
#       __class__: astropy.coordinates.angles.Longitude
#       unit: *id001
#       value: !astropy.table.SerializedColumn {name: ra}
#       wrap_angle: !astropy.coordinates.Angle
#         unit: *id001
#         value: 360.0
#     radial_velocity:
#       __class__: astropy.units.quantity.Quantity
#       unit: !astropy.units.Unit {unit: km / s}
#       value: !astropy.table.SerializedColumn {name: radial_velocity}
# schema: astropy-2.0
ra,dec,distance,pm_ra_cosdec,pm_dec,radial_velocity
[from data line 969]
240.48770247985846,80.4575919597904,3.3052229971113207,-16.313021491536936,12.14942067055633,0.0
240.52257263359306,80.44933440426675,3.3045823653150608,-16.310806004281368,12.163580914044518,-1.6841534259744676e-14
240.5573750350423,80.44107241905832,3.303943575250059,-16.30859455835496,12.177723210893612,1.2631150694808506e-14
240.59210979536627,80.43280601209763,3.303306632246496,-16.30638716609792,12.191847579826012,-1.6841534259744676e-14
240.62677702553725,80.4245351912946,3.302671541634552,-16.304183839758768,12.205954039486013,8.420767129872338e-15
240.66137683634048,80.41625996453651,3.3020383087444034,-16.3019845914947,12.220042608439915,4.631421921429786e-14
240.69590933837364,80.40798033968814,3.3014069389062306,-16.299789433372013,12.234113305176015,-2.5262301389617013e-14
240.73037464204646,80.39969632459182,3.300777437450211,-16.297598377366665,12.248166148104492,2.1051917824680846e-14
240.76477285758122,80.3914079270674,3.3001498097065243,-16.295411435364556,12.262201155557587,8.420767129872338e-15
240.79910409501207,80.38311515491237,3.299524061005349,-16.29322861916212,12.276218345789466,-4.210383564936169e-15
240.83336846418524,80.37481801590191,3.2989001966768647,-16.291049940466678,12.290217736976288,0.0
240.86756607475874,80.36651651778884,3.2982782220512497,-16.2888754108969,12.304199347216219,4.210383564936169e-15
240.9016970362025,80.35821066830385,3.297658142458683,-16.286705041983218,12.318163194529445,3.368306851948935e-14
240.93576145779812,80.34990047515542,3.297039963229342,-16.284538845168278,12.332109296858194,2.5262301389617013e-14
240.96975944863868,80.34158594602984,3.296423689693407,-16.282376831807404,12.346037672066672,1.2631150694808506e-14
241.00369111762885,80.33326708859141,3.2958093271810567,-16.280219013168935,12.359948337941196,8.420767129872338e-15
241.03755657348472,80.32494391048236,3.2951968810224703,-16.278065400434755,12.373841312190152,-4.210383564936169e-15
241.07135592473367,80.31661641932293,3.294586356547825,-16.275916004700655,12.387716612444,2.5262301389617013e-14
241.10508927971443,80.30828462271141,3.2939777590872996,-16.27377083697675,12.401574256255346,8.420767129872338e-15
241.13875674657686,80.29994852822429,3.2933710939710767,-16.271629908187936,12.415414261098915,2.5262301389617013e-14
241.17235843328206,80.29160814341614,3.2927663665293303,-16.2694932291743,12.429236644371622,3.789345208442552e-14
241.2058944476021,80.2832634758198,3.2921635820922415,-16.267360810691496,12.443041423392573,-1.6841534259744676e-14
241.2393648971201,80.27491453294635,3.291562745989989,-16.265232663411233,12.456828615403076,4.210383564936169e-15
241.2727698892302,80.26656132228523,3.290963863552751,-16.263108797921625,12.470598237566726,-3.368306851948935e-14
241.30610953113734,80.25820385130422,3.2903669401107067,-16.260989224727627,12.484350306969352,4.210383564936169e-15
241.33938392985743,80.24984212744947,3.2897719809940362,-16.25887395425142,12.49808484061917,-1.6841534259744676e-14
241.3725931922172,80.24147615814567,3.2891789915329164,-16.256762996832876,12.511801855446695,2.1051917824680846e-14
241.40573742485424,80.23310595079597,3.2885879770575257,-16.254656362729868,12.525501368304875,-1.2631150694808506e-14
241.4388167342167,80.22473151278216,3.287998942898046,-16.252554062118794,12.539183395969026,5.4734986344170195e-14
241.47183122656372,80.2163528514645,3.2874118943846526,-16.25045610509485,12.552847955136995,2.1051917824680846e-14
241.50478100796497,80.20796997418206,3.286826836847526,-16.248362501672542,12.566495062429105,-1.6841534259744676e-14
241.53766618430086,80.19958288825254,3.2862437756168448,-16.24627326178599,12.58012473438821,2.1051917824680846e-14
241.57048686126248,80.19119160097239,3.285662716022787,-16.244188395289385,12.59373698747976,1.2631150694808506e-14
241.60324314435164,80.1827961196169,3.2850836633955334,-16.24210791195735,12.607331838091895,1.2631150694808506e-14
241.63593513888074,80.17439645144019,3.284506623065262,-16.240031821485342,12.620909302535377,1.6841534259744676e-14
241.6685629499728,80.16599260367529,3.28393160036215,-16.237960133490066,12.634469397043715,-8.420767129872338e-15
241.70112668256155,80.15758458353419,3.2833586006163773,-16.2358928575098,12.648012137773202,-4.210383564936169e-15
241.7336264413913,80.14917239820787,3.282787629158124,-16.23383000300483,12.661537540802957,0.0
241.766062331017,80.14075605486636,3.282218691317567,-16.231771579357847,12.675045622134968,4.631421921429786e-14
241.79843445580443,80.13233556065875,3.2816517924248867,-16.229717595874245,12.688536397694202,8.420767129872338e-15
241.8307429199298,80.1239109227133,3.28108693781026,-16.227668061782612,12.702009883328548,2.947268495455318e-14
241.86298782738018,80.11548214813749,3.2805241328038672,-16.225622986235027,12.715466094808987,4.210383564936169e-15
241.8951692819533,80.107049244018,3.279963382735887,-16.223582378307448,12.728905047829562,3.368306851948935e-14
241.92728738725756,80.09861221742077,3.279404692936497,-16.221546247000138,12.7423267580075,1.6841534259744676e-14
241.95934224671223,80.09017107539113,3.278848068735878,-16.219514601237954,12.755731240883236,8.420767129872338e-15
241.99133396354728,80.08172582495375,3.2782935154642066,-16.217487449870802,12.76911851192049,-1.2631150694808506e-14
242.02326264080344,80.07327647311273,3.277741038451663,-16.21546480167394,12.782488586506272,8.420767129872338e-15
242.0551283813325,80.06482302685166,3.2771906430284257,-16.21344666534836,12.795841479951067,-1.2631150694808506e-14
242.08693128779694,80.05636549313361,3.276642334524674,-16.21143304952118,12.809177207488755,-4.210383564936169e-15
242.1186714626703,80.04790387890128,3.276096118270586,-16.209423962745984,12.822495784276798,4.210383564936169e-15
242.1503490082371,80.03943819107695,3.275551999596341,-16.207419413503175,12.835797225396238,-1.6841534259744676e-14
242.18196402659282,80.03096843656255,3.275009983832116,-16.205419410200363,12.849081545851758,-4.210383564936169e-15
242.21351661964403,80.0224946222397,3.2744700763080936,-16.203423961172696,12.862348760571768,1.2631150694808506e-14
242.24500688910854,80.01401675496987,3.27393228235445,-16.201433074683216,12.875598884408541,1.6841534259744676e-14
242.2764349365152,80.00553484159418,3.273396607301363,-16.19944675892324,12.888831932138123,3.368306851948935e-14
242.3078008632043,79.99704888893373,3.272863056479013,-16.197465022012658,12.902047918460607,1.2631150694808506e-14
242.3391047703274,79.98855890378942,3.272331635217579,-16.195487872000335,12.915246858000012,-1.6841534259744676e-14
242.3703467588473,79.98006489294218,3.2718023488472405,-16.193515316864474,12.928428765304496,-1.2631150694808506e-14
242.4015269295385,79.97156686315283,3.271275202698174,-16.191547364512864,12.941593654846365,1.2631150694808506e-14
242.43264538298692,79.96306482116228,3.27075020210056,-16.189584022783333,12.954741541022187,-2.1051917824680846e-14
242.46370221958998,79.95455877369149,3.270227352384577,-16.187625299444054,12.967872438152792,-2.1051917824680846e-14
242.49469753955702,79.94604872744155,3.269706658880403,-16.185671202193845,12.980986360483461,0.0
242.52563144290906,79.93753468909374,3.269188126918217,-16.183721738662555,12.994083322183933,-1.2631150694808506e-14
242.5565040294789,79.9290166653095,3.268671761828199,-16.181776916411405,13.007163337348482,2.5262301389617013e-14
242.5873153989115,79.92049466273059,3.2681575689405267,-16.179836742933258,13.020226419996055,-2.1051917824680846e-14
242.61806565066357,79.91196868797901,3.26764555358538,-16.177901225653073,13.033272584070255,-4.210383564936169e-15
242.64875488400412,79.90343874765718,3.2671357210929366,-16.175970371928116,13.04630184343952,0.0
242.67938319801445,79.89490484834785,3.266628076793375,-16.174044189048345,13.059314211897213,-2.5262301389617013e-14
242.7099506915881,79.88636699661424,3.266122626016876,-16.17212268423674,13.07230970316157,-1.6841534259744676e-14
242.74045746343094,79.87782519900006,3.2656193740936166,-16.17020586464963,13.085288330875947,4.210383564936169e-15
242.7709036120616,79.86927946202952,3.2651183263537753,-16.168293737377,13.09825010860882,0.0
242.80128923581125,79.86072979220745,3.264619488127532,-16.166386309442814,13.111195049853912,-3.789345208442552e-14
242.83161443282364,79.85217619601924,3.264122864745066,-16.1644835878054,13.124123168030199,-2.5262301389617013e-14
242.86187930105572,79.843618679931,3.263628461536555,-16.162585579357636,13.137034476482153,-4.210383564936169e-15
242.8920839382771,79.83505725038948,3.2631362838321776,-16.160692290927425,13.149928988479656,-3.789345208442552e-14
242.92222844207066,79.82649191382225,3.262646336962114,-16.158803729277885,13.162806717218222,-2.5262301389617013e-14
242.95231290983236,79.81792267663764,3.2621586262565416,-16.156919901107763,13.175667675819005,-1.2631150694808506e-14
242.98233743877168,79.80934954522482,3.2616731570456388,-16.155040813051652,13.188511877328972,8.420767129872338e-15
243.0123021259114,79.80077252595385,3.2611899346595865,-16.153166471680382,13.201339334720926,-1.6841534259744676e-14
243.04220706808795,79.79219162517572,3.260708964428563,-16.15129688350128,13.214150060893632,8.420767129872338e-15
243.07205236195148,79.78360684922235,3.2602302516827453,-16.149432054958503,13.226944068671896,-2.1051917824680846e-14
243.1018381039658,79.77501820440676,3.2597538017523147,-16.14757199243337,13.239721370806643,3.368306851948935e-14
243.13156439040912,79.76642569702295,3.259279619967447,-16.145716702244567,13.252481979975164,-4.210383564936169e-14
243.1612313173733,79.75782933334605,3.2588077116583234,-16.143866190648584,13.265225908780902,-1.2631150694808506e-14
243.19083898076468,79.74922911963235,3.258338082155123,-16.142020463839923,13.277953169753882,4.631421921429786e-14
243.22038747630407,79.74062506211928,3.2578707367880226,-16.140179527951403,13.29066377535062,0.0
243.24987689952656,79.73201716702556,3.2574056808872016,-16.138343389054523,13.303357737954256,-1.2631150694808506e-14
243.27930734578214,79.72340544055115,3.25694291978284,-16.136512053159695,13.316035069874667,-4.210383564936169e-15
243.3086789102355,79.71478988887732,3.256482458805116,-16.134685526216558,13.328695783348591,8.420767129872338e-15
243.33799168786643,79.70617051816673,3.2560243032842084,-16.132863814114266,13.341339890539684,-2.947268495455318e-14
243.36724577346973,79.69754733456344,3.2555684585502953,-16.13104692268181,13.353967403538652,-1.6841534259744676e-14
243.3964412616554,79.68892034419291,3.2551149299335562,-16.129234857688285,13.366578334363297,3.368306851948935e-14
243.4255782468492,79.68028955316213,3.25466372276417,-16.12742762484312,13.379172694958768,-1.6841534259744676e-14
243.45465682329208,79.67165496755962,3.2542148423723156,-16.12562522979652,13.391750497197467,1.2631150694808506e-14
243.48367708504108,79.66301659345544,3.2537682940881703,-16.123827678139566,13.404311752879309,-3.789345208442552e-14
243.51263912596883,79.65437443690129,3.2533240832419152,-16.122034975404652,13.416856473731713,-4.210383564936169e-15
243.5415430397644,79.64572850393056,3.2528822151637273,-16.120247127065657,13.429384671409858,4.210383564936169e-15
243.57038891993278,79.63707880055826,3.2524426951837873,-16.118464138538297,13.441896357496606,8.420767129872338e-15
243.59917685979553,79.62842533278118,3.2520055286322718,-16.11668601518036,13.454391543502757,-2.947268495455318e-14
243.62790695249072,79.61976810657791,3.2515707208393603,-16.114912762292043,13.46687024086705,-2.5262301389617013e-14
243.65657929097316,79.61110712790884,3.2511382771352335,-16.11314438511613,13.479332460956353,5.4734986344170195e-14
243.68519396801474,79.60244240271624,3.250708202850068,-16.111380888838347,13.491778215065777,4.210383564936169e-14
243.71375107620432,79.59377393692425,3.2502805033140425,-16.10962227858761,13.504207514418702,0.0
243.7422507079479,79.58510173643901,3.249855183857337,-16.107868559436323,13.516620370166914,-2.947268495455318e-14
243.7706929554691,79.57642580714864,3.24943224981013,-16.10611973640059,13.52901679339077,0.0
243.79907791080927,79.56774615492324,3.2490117065026007,-16.10437581444049,13.54139679509932,-1.6841534259744676e-14
243.82740566582723,79.55906278561504,3.2485935592649264,-16.102636798460463,13.553760386230268,-8.420767129872338e-15
243.8556763122002,79.55037570505836,3.248177813427287,-16.10090269330936,13.566107577650312,-4.210383564936169e-15
243.88388994142326,79.54168491906967,3.2477644743198626,-16.099173503780914,13.57843838015503,2.1051917824680846e-14
243.91204664481003,79.53299043344761,3.247353547272829,-16.09744923461389,13.590752804469194,-1.6841534259744676e-14
243.94014651349258,79.5242922539731,3.2469450376163675,-16.095729890492375,13.603050861246688,-1.2631150694808506e-14
243.96818963842188,79.51559038640934,3.2465389506806552,-16.094015476046014,13.615332561070849,-4.210383564936169e-15
243.9961761103677,79.50688483650178,3.2461352917958726,-16.092305995850296,13.627597914454356,-1.6841534259744676e-14
244.02410601991897,79.49817560997828,3.2457340662921976,-16.09060145442684,13.639846931839466,2.1051917824680846e-14
244.051979457484,79.48946271254907,3.245335279499809,-16.088901856243545,13.652079623598176,-2.947268495455318e-14
244.07979651329052,79.48074614990685,3.244938936748886,-16.08720720571498,13.664296000032172,4.210383564936169e-14
244.1075572773862,79.47202592772675,3.244545043369606,-16.085517507202486,13.676496071373176,4.210383564936169e-15
244.1352618396384,79.46330205166643,3.2441536046921495,-16.083832765014584,13.68867984778282,-2.1051917824680846e-14
244.1629102897346,79.45457452736612,3.243764626046695,-16.082152983407106,13.700847339352928,-2.5262301389617013e-14
244.19050271718285,79.44584336044866,3.2433781127634207,-16.080478166583497,13.7129985561056,2.5262301389617013e-14
244.21803921131155,79.43710855651945,3.2429940701725055,-16.078808318695003,13.725133507993304,-2.5262301389617013e-14
244.24551986126983,79.42837012116665,3.2426125036041284,-16.077143443841038,13.737252204899011,0.0
244.27294475602787,79.41962805996108,3.2422334183884685,-16.07548354606927,13.749354656636319,-3.368306851948935e-14
244.30031398437686,79.41088237845635,3.2418568198557045,-16.073828629376013,13.761440872949537,-8.420767129872338e-15
244.3276276349295,79.40213308218883,3.2414827133360156,-16.072178697706327,13.773510863513893,-8.420767129872338e-15
244.35488579612,79.3933801766777,3.2411111041595793,-16.070533754954383,13.78556463793551,1.6841534259744676e-14
244.3820885562044,79.38462366742506,3.240741997656575,-16.0688938049636,13.797602205751744,-3.368306851948935e-14
244.40923600326056,79.37586355991589,3.240375399157182,-16.067258851526972,13.809623576431013,2.5262301389617013e-14
244.43632822518887,79.36709985961814,3.240011313991578,-16.06562889838721,13.821628759373244,1.6841534259744676e-14
244.46336530971195,79.35833257198269,3.239649747489944,-16.064003949237033,13.833617763909716,-1.6841534259744676e-14
244.490347344375,79.34956170244351,3.2392907049824564,-16.06238400771942,13.845590599303339,-8.420767129872338e-15
244.51727441654637,79.34078725641758,3.2389341917992955,-16.060769077427764,13.857547274748747,-8.420767129872338e-15
244.54414661341727,79.33200923930502,3.238580213270639,-16.05915916190617,13.869487799372395,5.0524602779234026e-14
244.57096402200236,79.32322765648907,3.238228774726667,-16.057554264649646,13.881412182232765,-8.420767129872338e-15
244.59772672913968,79.31444251333612,3.2378798814975576,-16.055954389104386,13.893320432320309,-1.6841534259744676e-14
244.6244348214912,79.30565381519581,3.237533538913489,-16.054359538667892,13.905212558557777,2.5262301389617013e-14
244.6510883855429,79.29686156740102,3.237189752304641,-16.05276971668927,13.917088569800251,-8.420767129872338e-15
244.6776875076047,79.28806577526794,3.2368485270011926,-16.051184926469503,13.92894847483521,3.368306851948935e-14
