galstreams/tracks/track.po.PS1-A.bernard2016.ecsv
# %ECSV 0.9
# ---
# datatype:
# - {name: ra, unit: deg, datatype: float64}
# - {name: dec, unit: deg, datatype: float64}
# - {name: distance, unit: kpc, datatype: float64}
# - {name: pm_ra_cosdec, unit: mas / yr, datatype: float64}
# - {name: pm_dec, unit: mas / yr, datatype: float64}
# - {name: radial_velocity, unit: km / s, datatype: float64}
# delimiter: ','
# meta: !!omap
# - __serialized_columns__:
#     dec:
#       __class__: astropy.coordinates.angles.Latitude
#       unit: &id001 !astropy.units.Unit {unit: deg}
#       value: !astropy.table.SerializedColumn {name: dec}
#     distance:
#       __class__: astropy.coordinates.distances.Distance
#       unit: !astropy.units.Unit {unit: kpc}
#       value: !astropy.table.SerializedColumn {name: distance}
#     pm_dec:
#       __class__: astropy.units.quantity.Quantity
#       unit: !astropy.units.Unit {unit: mas / yr}
#       value: !astropy.table.SerializedColumn {name: pm_dec}
#     pm_ra_cosdec:
#       __class__: astropy.units.quantity.Quantity
#       unit: !astropy.units.Unit {unit: mas / yr}
#       value: !astropy.table.SerializedColumn {name: pm_ra_cosdec}
#     ra:
#       __class__: astropy.coordinates.angles.Longitude
#       unit: *id001
#       value: !astropy.table.SerializedColumn {name: ra}
#       wrap_angle: !astropy.coordinates.Angle
#         unit: *id001
#         value: 360.0
#     radial_velocity:
#       __class__: astropy.units.quantity.Quantity
#       unit: !astropy.units.Unit {unit: km / s}
#       value: !astropy.table.SerializedColumn {name: radial_velocity}
# schema: astropy-2.0
ra,dec,distance,pm_ra_cosdec,pm_dec,radial_velocity
28.38512389565404,-6.497929446580401,7.9000000000001425,0.0,0.0,0.0
28.388717058320594,-6.488566556649041,7.900000000000137,0.0,0.0,0.0
28.392310087427582,-6.4792036414176195,7.900000000000133,0.0,0.0,0.0
28.39590298317399,-6.469840700923898,7.900000000000128,0.0,0.0,0.0
28.39949574575876,-6.46047773520563,7.900000000000123,0.0,0.0,0.0
28.403088375380804,-6.451114744300559,7.90000000000012,0.0,0.0,0.0
28.406680872239015,-6.441751728246436,7.900000000000115,0.0,0.0,0.0
28.410273236532266,-6.432388687080992,7.900000000000112,0.0,0.0,0.0
28.413865468459388,-6.4230256208419645,7.900000000000109,0.0,0.0,0.0
28.4174575682192,-6.413662529567077,7.900000000000104,0.0,0.0,0.0
28.421049536010475,-6.404299413294053,7.9000000000001025,0.0,0.0,0.0
28.42464137203198,-6.394936272060606,7.9000000000001,0.0,0.0,0.0
28.428233076482446,-6.3855731059044505,7.900000000000096,0.0,0.0,0.0
28.431824649560582,-6.376209914863294,7.900000000000094,0.0,0.0,0.0
28.435416091465054,-6.36684669897483,7.900000000000093,0.0,0.0,0.0
28.439007402394523,-6.357483458276759,7.90000000000009,0.0,0.0,0.0
28.44259858254762,-6.348120192806772,7.900000000000087,0.0,0.0,0.0
28.446189632122937,-6.338756902602549,7.900000000000086,0.0,0.0,0.0
28.449780551319044,-6.329393587701771,7.900000000000083,0.0,0.0,0.0
28.4533713403345,-6.320030248142113,7.900000000000081,0.0,0.0,0.0
28.456961999367813,-6.310666883961242,7.900000000000079,0.0,0.0,0.0
28.460552528617487,-6.301303495196824,7.9000000000000785,0.0,0.0,0.0
28.46414292828197,-6.291940081886567,7.900000000000077,0.0,0.0,0.0
28.467733198559735,-6.282576644068022,7.900000000000074,0.0,0.0,0.0
28.471323339649185,-6.273213181778884,7.900000000000071,0.0,0.0,0.0
28.47491335174871,-6.2638496950568,7.900000000000071,0.0,0.0,0.0
28.47850323505668,-6.254486183939407,7.90000000000007,0.0,0.0,0.0
28.482092989771424,-6.245122648464334,7.900000000000067,0.0,0.0,0.0
28.485682616091257,-6.235759088669211,7.900000000000066,0.0,0.0,0.0
28.489272114214465,-6.226395504591657,7.900000000000064,0.0,0.0,0.0
28.492861484339308,-6.217031896269291,7.900000000000064,0.0,0.0,0.0
28.496450726664026,-6.207668263739725,7.9000000000000625,0.0,0.0,0.0
28.500039841386823,-6.198304607040562,7.900000000000062,0.0,0.0,0.0
28.503628828705885,-6.188940926209402,7.900000000000062,0.0,0.0,0.0
28.50721768881937,-6.179577221283846,7.900000000000059,0.0,0.0,0.0
28.51080642192541,-6.170213492301481,7.900000000000058,0.0,0.0,0.0
28.51439502822211,-6.160849739299895,7.900000000000056,0.0,0.0,0.0
28.517983507907555,-6.151485962316666,7.900000000000056,0.0,0.0,0.0
28.5215718611798,-6.142122161389369,7.9000000000000545,0.0,0.0,0.0
28.52516008823687,-6.132758336555577,7.900000000000054,0.0,0.0,0.0
28.52874818927677,-6.123394487852853,7.900000000000054,0.0,0.0,0.0
28.532336164497483,-6.114030615318757,7.900000000000052,0.0,0.0,0.0
28.535924014096963,-6.104666718990845,7.900000000000052,0.0,0.0,0.0
28.539511738273138,-6.095302798906665,7.900000000000051,0.0,0.0,0.0
28.543099337223914,-6.085938855103765,7.90000000000005,0.0,0.0,0.0
28.546686811147172,-6.076574887619682,7.900000000000047,0.0,0.0,0.0
28.55027416024075,-6.067210896491951,7.9000000000000465,0.0,0.0,0.0
28.55386138470249,-6.057846881758102,7.9000000000000465,0.0,0.0,0.0
28.55744848473019,-6.04848284345566,7.900000000000045,0.0,0.0,0.0
28.561035460521627,-6.039118781622142,7.900000000000043,0.0,0.0,0.0
28.564622312274558,-6.0297546962950666,7.900000000000044,0.0,0.0,0.0
28.568209040186716,-6.020390587511943,7.900000000000041,0.0,0.0,0.0
28.571795644455786,-6.011026455310273,7.90000000000004,0.0,0.0,0.0
28.57538212527946,-6.001662299727557,7.900000000000041,0.0,0.0,0.0
28.57896848285539,-5.992298120801289,7.90000000000004,0.0,0.0,0.0
28.5825547173812,-5.982933918568961,7.9000000000000385,0.0,0.0,0.0
28.5861408290545,-5.973569693068056,7.9000000000000385,0.0,0.0,0.0
28.58972681807286,-5.964205444336052,7.900000000000037,0.0,0.0,0.0
28.593312684633844,-5.954841172410428,7.900000000000037,0.0,0.0,0.0
28.59689842893497,-5.94547687732865,7.900000000000036,0.0,0.0,0.0
28.600484051173755,-5.9361125591281825,7.900000000000036,0.0,0.0,0.0
28.604069551547678,-5.926748217846488,7.900000000000034,0.0,0.0,0.0
28.60765493025419,-5.917383853521021,7.900000000000033,0.0,0.0,0.0
28.611240187490726,-5.90801946618923,7.900000000000033,0.0,0.0,0.0
28.614825323454685,-5.898655055888561,7.900000000000033,0.0,0.0,0.0
28.618410338343462,-5.889290622656453,7.900000000000031,0.0,0.0,0.0
28.621995232354404,-5.879926166530344,7.9000000000000306,0.0,0.0,0.0
28.62558000568484,-5.870561687547717,7.90000000000003,0.0,0.0,0.0
28.629164658532105,-5.861197185745888,7.90000000000003,0.0,0.0,0.0
28.63274919109347,-5.851832661162336,7.900000000000029,0.0,0.0,0.0
28.636333603566197,-5.842468113834473,7.900000000000027,0.0,0.0,0.0
28.63991789614752,-5.833103543799711,7.900000000000027,0.0,0.0,0.0
28.643502069034657,-5.823738951095458,7.900000000000027,0.0,0.0,0.0
28.6470861224248,-5.814374335759112,7.900000000000027,0.0,0.0,0.0
28.6506700565151,-5.805009697828073,7.900000000000024,0.0,0.0,0.0
28.65425387150271,-5.79564503733973,7.9000000000000234,0.0,0.0,0.0
28.65783756758475,-5.786280354331473,7.9000000000000234,0.0,0.0,0.0
28.661421144958297,-5.776915648840681,7.900000000000023,0.0,0.0,0.0
28.66500460382043,-5.767550920904733,7.900000000000023,0.0,0.0,0.0
28.668587944368205,-5.758186170561001,7.900000000000023,0.0,0.0,0.0
28.67217116679863,-5.748821397846854,7.900000000000022,0.0,0.0,0.0
28.6757542713087,-5.7394566027996525,7.900000000000022,0.0,0.0,0.0
28.679337258095405,-5.730091785456758,7.90000000000002,0.0,0.0,0.0
28.68292012735568,-5.720726945855521,7.900000000000021,0.0,0.0,0.0
28.68650287928646,-5.711362084033293,7.900000000000021,0.0,0.0,0.0
28.69008551408465,-5.701997200027416,7.900000000000019,0.0,0.0,0.0
28.693668031947123,-5.6926322938752305,7.900000000000018,0.0,0.0,0.0
28.697250433070742,-5.6832673656140695,7.900000000000018,0.0,0.0,0.0
28.700832717652332,-5.673902415281265,7.900000000000017,0.0,0.0,0.0
28.704414885888706,-5.664537442914141,7.900000000000017,0.0,0.0,0.0
28.70799693797666,-5.655172448550019,7.900000000000016,0.0,0.0,0.0
28.711578874112945,-5.6458074322262135,7.900000000000016,0.0,0.0,0.0
28.715160694494298,-5.636442393980037,7.9000000000000155,0.0,0.0,0.0
28.718742399317446,-5.627077333848793,7.900000000000016,0.0,0.0,0.0
28.722323988779078,-5.617712251869787,7.900000000000016,0.0,0.0,0.0
28.725905463075858,-5.608347148080316,7.900000000000016,0.0,0.0,0.0
28.729486822404443,-5.598982022517671,7.900000000000015,0.0,0.0,0.0
28.733068066961447,-5.589616875219141,7.900000000000014,0.0,0.0,0.0
28.73664919694347,-5.580251706222008,7.900000000000014,0.0,0.0,0.0
28.7402302125471,-5.570886515563549,7.900000000000015,0.0,0.0,0.0
28.743811113968878,-5.561521303281043,7.900000000000013,0.0,0.0,0.0
28.747391901405347,-5.552156069411756,7.900000000000012,0.0,0.0,0.0
28.750972575053016,-5.542790813992954,7.900000000000012,0.0,0.0,0.0
28.754553135108367,-5.533425537061896,7.900000000000012,0.0,0.0,0.0
28.758133581767854,-5.524060238655839,7.900000000000013,0.0,0.0,0.0
28.761713915227933,-5.514694918812033,7.900000000000012,0.0,0.0,0.0
28.76529413568501,-5.505329577567725,7.90000000000001,0.0,0.0,0.0
28.768874243335485,-5.495964214960159,7.900000000000011,0.0,0.0,0.0
28.77245423837573,-5.486598831026569,7.900000000000012,0.0,0.0,0.0
28.776034121002095,-5.477233425804192,7.90000000000001,0.0,0.0,0.0
28.7796138914109,-5.467867999330252,7.900000000000011,0.0,0.0,0.0
28.783193549798437,-5.45850255164203,7.90000000000001,0.0,0.0,0.0
28.786773096361028,-5.449137082776636,7.900000000000011,0.0,0.0,0.0
28.790352531294914,-5.439771592771339,7.900000000000009,0.0,0.0,0.0
28.793931854796327,-5.43040608166335,7.900000000000008,0.0,0.0,0.0
28.797511067061475,-5.421040549489875,7.900000000000008,0.0,0.0,0.0
28.80109016828657,-5.411674996288114,7.900000000000008,0.0,0.0,0.0
28.804669158667764,-5.402309422095264,7.900000000000008,0.0,0.0,0.0
28.808248038401217,-5.39294382694852,7.900000000000008,0.0,0.0,0.0
28.81182680768304,-5.383578210885068,7.9000000000000075,0.0,0.0,0.0
28.815405466709354,-5.374212573942092,7.900000000000008,0.0,0.0,0.0
28.818984015676225,-5.364846916156769,7.9000000000000075,0.0,0.0,0.0
28.82256245477972,-5.355481237566279,7.9000000000000075,0.0,0.0,0.0
28.82614078421588,-5.346115538207784,7.900000000000008,0.0,0.0,0.0
28.829719004180713,-5.3367498181184585,7.900000000000008,0.0,0.0,0.0
28.83329711487022,-5.327384077335459,7.9000000000000075,0.0,0.0,0.0
28.836875116480357,-5.318018315895945,7.900000000000008,0.0,0.0,0.0
28.840453009207092,-5.3086525338370665,7.900000000000008,0.0,0.0,0.0
28.844030793246343,-5.2992867311959735,7.900000000000008,0.0,0.0,0.0
28.847608468794014,-5.28992090800981,7.9000000000000075,0.0,0.0,0.0
28.851186036045995,-5.280555064315715,7.9000000000000075,0.0,0.0,0.0
28.854763495198142,-5.271189200150823,7.900000000000007,0.0,0.0,0.0
28.858340846446303,-5.261823315552266,7.9000000000000075,0.0,0.0,0.0
28.86191808998629,-5.252457410557171,7.900000000000007,0.0,0.0,0.0
28.865495226013902,-5.243091485202657,7.9000000000000075,0.0,0.0,0.0
28.869072254724912,-5.233725539525846,7.900000000000007,0.0,0.0,0.0
28.872649176315075,-5.2243595735638495,7.900000000000007,0.0,0.0,0.0
28.876225990980135,-5.214993587353777,7.9000000000000075,0.0,0.0,0.0
28.87980269891579,-5.205627580932732,7.9000000000000075,0.0,0.0,0.0
28.88337930031774,-5.196261554337815,7.900000000000006,0.0,0.0,0.0
28.886955795381645,-5.186895507606126,7.900000000000006,0.0,0.0,0.0
28.890532184303144,-5.177529440774752,7.9000000000000075,0.0,0.0,0.0
28.89410846727789,-5.168163353880785,7.900000000000005,0.0,0.0,0.0
28.89768464450146,-5.158797246961306,7.900000000000007,0.0,0.0,0.0
28.901260716169446,-5.1494311200533955,7.900000000000006,0.0,0.0,0.0
28.90483668247742,-5.140064973194128,7.900000000000006,0.0,0.0,0.0
28.908412543620916,-5.130698806420572,7.900000000000006,0.0,0.0,0.0
28.911988299795453,-5.1213326197698,7.900000000000005,0.0,0.0,0.0
28.915563951196525,-5.111966413278867,7.900000000000007,0.0,0.0,0.0
28.919139498019625,-5.102600186984837,7.900000000000006,0.0,0.0,0.0
28.922714940460192,-5.093233940924761,7.900000000000004,0.0,0.0,0.0
28.92629027871368,-5.0838676751356875,7.900000000000005,0.0,0.0,0.0
28.92986551297549,-5.0745013896546665,7.900000000000005,0.0,0.0,0.0
28.933440643441024,-5.065135084518734,7.900000000000004,0.0,0.0,0.0
28.937015670305644,-5.0557687597649315,7.900000000000005,0.0,0.0,0.0
28.940590593764718,-5.046402415430289,7.900000000000005,0.0,0.0,0.0
28.944165414013547,-5.037036051551889,7.900000000000005,0.0,0.0,0.0
28.947740131247492,-5.02766966816665,7.900000000000005,0.0,0.0,0.0
28.951314745661815,-5.018303265311649,7.900000000000005,0.0,0.0,0.0
28.954889257451786,-5.008936843023896,7.900000000000005,0.0,0.0,0.0
28.958463666812662,-4.999570401340409,7.900000000000005,0.0,0.0,0.0
28.962037973939672,-4.990203940298193,7.900000000000006,0.0,0.0,0.0
28.96561217902801,-4.9808374599342535,7.900000000000003,0.0,0.0,0.0
28.96918628227288,-4.971470960285588,7.900000000000003,0.0,0.0,0.0
28.972760283869444,-4.9621044413891955,7.900000000000004,0.0,0.0,0.0
28.976334184012842,-4.952737903282066,7.900000000000005,0.0,0.0,0.0
28.97990798289821,-4.9433713460011885,7.900000000000005,0.0,0.0,0.0
28.983481680720654,-4.934004769583545,7.900000000000004,0.0,0.0,0.0
28.98705527767526,-4.924638174066116,7.900000000000004,0.0,0.0,0.0
28.99062877395709,-4.915271559485877,7.900000000000004,0.0,0.0,0.0
28.99420216976119,-4.905904925879798,7.900000000000004,0.0,0.0,0.0
28.997775465282597,-4.896538273284848,7.900000000000004,0.0,0.0,0.0
29.0013486607163,-4.88717160173799,7.900000000000004,0.0,0.0,0.0
29.004921756257293,-4.8778049112761845,7.900000000000003,0.0,0.0,0.0
29.008494752100546,-4.868438201936384,7.900000000000004,0.0,0.0,0.0
29.012067648440993,-4.859071473755542,7.900000000000004,0.0,0.0,0.0
29.015640445473565,-4.849704726770605,7.900000000000004,0.0,0.0,0.0
29.019213143393177,-4.840337961018515,7.900000000000003,0.0,0.0,0.0
29.022785742394706,-4.830971176536215,7.900000000000002,0.0,0.0,0.0
29.02635824267301,-4.821604373360639,7.900000000000004,0.0,0.0,0.0
29.029930644422958,-4.8122375515287175,7.900000000000004,0.0,0.0,0.0
29.03350294783936,-4.802870711077378,7.900000000000002,0.0,0.0,0.0
29.037075153117016,-4.793503852043544,7.900000000000003,0.0,0.0,0.0
29.040647260450726,-4.784136974464134,7.900000000000004,0.0,0.0,0.0
29.044219270035267,-4.774770078376067,7.900000000000003,0.0,0.0,0.0
29.047791182065364,-4.765403163816252,7.900000000000003,0.0,0.0,0.0
29.051362996735758,-4.756036230821598,7.900000000000003,0.0,0.0,0.0
29.05493471424116,-4.746669279429008,7.900000000000002,0.0,0.0,0.0
29.05850633477625,-4.737302309675383,7.900000000000003,0.0,0.0,0.0
29.062077858535712,-4.727935321597618,7.900000000000002,0.0,0.0,0.0
29.065649285714183,-4.718568315232604,7.900000000000002,0.0,0.0,0.0
29.069220616506307,-4.709201290617234,7.900000000000001,0.0,0.0,0.0
29.072791851106686,-4.699834247788388,7.900000000000002,0.0,0.0,0.0
29.076362989709914,-4.690467186782947,7.900000000000001,0.0,0.0,0.0
29.07993403251057,-4.681100107637791,7.900000000000002,0.0,0.0,0.0
29.083504979703203,-4.671733010389788,7.900000000000001,0.0,0.0,0.0
29.087075831482355,-4.662365895075812,7.900000000000002,0.0,0.0,0.0
29.09064658804254,-4.652998761732725,7.900000000000001,0.0,0.0,0.0
29.094217249578247,-4.6436316103973905,7.900000000000001,0.0,0.0,0.0
29.097787816283965,-4.634264441106663,7.900000000000003,0.0,0.0,0.0
29.101358288354128,-4.624897253897453,7.900000000000002,0.0,0.0,0.0
29.104928665983213,-4.6155300488065025,7.900000000000001,0.0,0.0,0.0
29.10849894936562,-4.606162825870708,7.900000000000002,0.0,0.0,0.0
29.112069138695773,-4.596795585126918,7.900000000000002,0.0,0.0,0.0
29.11563923416803,-4.587428326611968,7.900000000000002,0.0,0.0,0.0
29.11920923597676,-4.57806105036269,7.900000000000003,0.0,0.0,0.0
29.12277914431632,-4.56869375641592,7.900000000000001,0.0,0.0,0.0
29.126348959381033,-4.559326444808483,7.900000000000001,0.0,0.0,0.0
29.1299186813652,-4.549959115577203,7.900000000000001,0.0,0.0,0.0
29.133488310463118,-4.5405917687589,7.900000000000001,0.0,0.0,0.0
29.137057846869062,-4.531224404390388,7.900000000000001,0.0,0.0,0.0
29.14062729077728,-4.521857022508483,7.900000000000001,0.0,0.0,0.0
29.144196642382,-4.512489623149992,7.900000000000002,0.0,0.0,0.0
29.147765901877452,-4.503122206351718,7.900000000000001,0.0,0.0,0.0
29.151335069457822,-4.493754772150467,7.9,0.0,0.0,0.0
29.154904145317293,-4.484387320583034,7.8999999999999995,0.0,0.0,0.0
29.158473129650023,-4.47501985168621,7.900000000000002,0.0,0.0,0.0
29.162042022650162,-4.46565236549679,7.900000000000001,0.0,0.0,0.0
29.16561082451183,-4.456284862051559,7.9,0.0,0.0,0.0
29.169179535429127,-4.446917341387301,7.9,0.0,0.0,0.0
29.172748155596157,-4.437549803540791,7.900000000000002,0.0,0.0,0.0
29.17631668520697,-4.4281822485488105,7.900000000000001,0.0,0.0,0.0
29.179885124455627,-4.418814676448127,7.900000000000001,0.0,0.0,0.0
29.183453473536158,-4.409447087275512,7.900000000000001,0.0,0.0,0.0
29.187021732642588,-4.4000794810677295,7.9,0.0,0.0,0.0
29.190589901968902,-4.39071185786154,7.900000000000001,0.0,0.0,0.0
29.19415798170909,-4.3813442176937,7.900000000000001,0.0,0.0,0.0
29.197725972057103,-4.371976560600966,7.9,0.0,0.0,0.0
29.201293873206886,-4.362608886620086,7.900000000000001,0.0,0.0,0.0
29.204861685352366,-4.35324119578781,7.9,0.0,0.0,0.0
29.208429408687465,-4.3438734881408765,7.8999999999999995,0.0,0.0,0.0
29.21199704340605,-4.33450576371603,7.8999999999999995,0.0,0.0,0.0
29.21556458970202,-4.325138022550004,7.9,0.0,0.0,0.0
29.219132047769193,-4.315770264679531,7.9,0.0,0.0,0.0
29.222699417801447,-4.306402490141342,7.8999999999999995,0.0,0.0,0.0
29.226266699992568,-4.297034698972162,7.9,0.0,0.0,0.0
29.22983389453638,-4.287666891208711,7.9,0.0,0.0,0.0
29.233401001626657,-4.278299066887709,7.9,0.0,0.0,0.0
