galstreams/tracks/track.st.M68-Fjorm.palau2019.ecsv
# %ECSV 0.9
# ---
# datatype:
# - {name: ra, unit: deg, datatype: float64}
# - {name: dec, unit: deg, datatype: float64}
# - {name: distance, unit: kpc, datatype: float64}
# - {name: pm_ra_cosdec, unit: mas / yr, datatype: float64}
# - {name: pm_dec, unit: mas / yr, datatype: float64}
# - {name: radial_velocity, unit: km / s, datatype: float64}
# delimiter: ','
# meta: !!omap
# - __serialized_columns__:
#     dec:
#       __class__: astropy.coordinates.angles.Latitude
#       unit: &id001 !astropy.units.Unit {unit: deg}
#       value: !astropy.table.SerializedColumn {name: dec}
#     distance:
#       __class__: astropy.coordinates.distances.Distance
#       unit: !astropy.units.Unit {unit: kpc}
#       value: !astropy.table.SerializedColumn {name: distance}
#     pm_dec:
#       __class__: astropy.units.quantity.Quantity
#       unit: !astropy.units.Unit {unit: mas / yr}
#       value: !astropy.table.SerializedColumn {name: pm_dec}
#     pm_ra_cosdec:
#       __class__: astropy.units.quantity.Quantity
#       unit: !astropy.units.Unit {unit: mas / yr}
#       value: !astropy.table.SerializedColumn {name: pm_ra_cosdec}
#     ra:
#       __class__: astropy.coordinates.angles.Longitude
#       unit: *id001
#       value: !astropy.table.SerializedColumn {name: ra}
#       wrap_angle: !astropy.coordinates.Angle
#         unit: *id001
#         value: 360.0
#     radial_velocity:
#       __class__: astropy.units.quantity.Quantity
#       unit: !astropy.units.Unit {unit: km / s}
#       value: !astropy.table.SerializedColumn {name: radial_velocity}
# schema: astropy-2.0
ra,dec,distance,pm_ra_cosdec,pm_dec,radial_velocity
[from data line 7676]
204.36476294056837,29.520941122905732,5.351560403071288,-1.0385813425391484,5.167637787490104,0.0
204.36917254150535,29.53032745581918,5.35187035752878,-1.037918858675459,5.168072024216178,0.0
204.37358331746336,29.539713530854936,5.352180293852315,-1.037256207387602,5.168506080082377,-1.6841534259744676e-14
204.37799526894443,29.549099347903816,5.352490211964597,-1.0365933886416903,5.168939954999962,8.420767129872338e-15
204.38240839645104,29.55848490685658,5.352800111788326,-1.035930402403823,5.16937364888017,8.420767129872338e-15
204.38682270048582,29.56787020760395,5.3531099932462025,-1.0352672486400984,5.169807161634205,0.0
204.39123818155173,29.577255250036515,5.353419856260927,-1.0346039273166054,5.170240493173239,-8.420767129872338e-15
204.39565484015196,29.586640034044823,5.353729700755201,-1.0339404383994237,5.170673643408419,1.6841534259744676e-14
204.40007267679013,29.596024559519314,5.354039526651729,-1.0332767818546258,5.171106612250851,-8.420767129872338e-15
204.40449169196998,29.605408826350356,5.354349333873204,-1.0326129576482828,5.171539399611626,8.420767129872338e-15
204.40891188619565,29.614792834428286,5.3546591223423325,-1.0319489657464496,5.171972005401788,-1.6841534259744676e-14
204.41333325997152,29.62417658364329,5.354968891981814,-1.0312848061151811,5.172404429532358,0.0
204.41775581380224,29.633560073885544,5.35527864271435,-1.0306204787205222,5.172836671914328,8.420767129872338e-15
204.42217954819282,29.642943305045083,5.355588374462642,-1.0299559835285081,5.1732687324586575,0.0
204.4266044636485,29.65232627701189,5.355898087149388,-1.029291320505172,5.173700611076274,8.420767129872338e-15
204.43103056067474,29.66170898967589,5.356207780697294,-1.0286264896165354,5.174132307678074,-2.5262301389617013e-14
204.43545783977746,29.671091442926894,5.356517455029055,-1.027961490828617,5.174563822174925,8.420767129872338e-15
204.43988630146274,29.680473636654664,5.356827110067376,-1.0272963241074229,5.1749951544776644,1.6841534259744676e-14
204.44431594623694,29.689855570748854,5.357136745734956,-1.0266309894189574,5.175426304497097,0.0
204.44874677460678,29.699237245099056,5.357446361954498,-1.0259654867292152,5.175857272143992,0.0
204.45317878707925,29.7086186595948,5.357755958648699,-1.0252998160041815,5.176288057329104,1.6841534259744676e-14
204.45761198416162,29.71799981412551,5.358065535740264,-1.0246339772098376,5.176718659963134,0.0
204.4620463663614,29.727380708580522,5.358375093151894,-1.0239679703121594,5.177149079956768,1.6841534259744676e-14
204.46648193418645,29.73676134284914,5.358684630806286,-1.02330179527711,5.177579317220658,-8.420767129872338e-15
204.47091868814488,29.746141716820517,5.358994148626146,-1.0226354520706504,5.178009371665424,0.0
204.47535662874517,29.75552183038381,5.359303646534168,-1.0219689406587322,5.1784392432016535,0.0
204.47979575649597,29.764901683428043,5.359613124453059,-1.0213022610072993,5.178868931739904,0.0
204.4842360719063,29.77428127584216,5.359922582305519,-1.0206354130822903,5.1792984371907025,-8.420767129872338e-15
204.48867757548547,29.783660607515053,5.360232020014248,-1.0199683968496362,5.179727759464546,0.0
204.49312026774302,29.7930396783355,5.360541437501946,-1.0193012122752607,5.180156898471899,3.368306851948935e-14
204.49756414918886,29.80241848819225,5.3608508346913135,-1.0186338593250799,5.180585854123192,-2.5262301389617013e-14
204.5020092203331,29.811797036973932,5.361160211505055,-1.0179663379650046,5.181014626328832,-2.5262301389617013e-14
204.5064554816862,29.821175324569076,5.361469567865869,-1.0172986481609354,5.181443214999188,0.0
204.5109029337589,29.830553350866218,5.361778903696455,-1.0166307898787699,5.1818716200446,0.0
204.51535157706226,29.839931115753714,5.362088218919517,-1.015962763084394,5.1822998413753805,8.420767129872338e-15
204.51980141210754,29.849308619119878,5.362397513457752,-1.0152945677436933,5.182727878901803,1.6841534259744676e-14
204.52425243940644,29.858685860852987,5.362706787233866,-1.014626203822537,5.183155732534115,8.420767129872338e-15
204.52870465947078,29.86806284084117,5.363016040170555,-1.0139576712867986,5.183583402182534,0.0
204.5331580728128,29.877439558972522,5.363325272190523,-1.0132889701023338,5.1840108877572435,-1.6841534259744676e-14
204.53761267994494,29.88681601513505,5.363634483216471,-1.0126201002349986,5.184438189168397,1.6841534259744676e-14
204.54206848138,29.89619220921666,5.363943673171098,-1.0119510616506389,5.184865306326111,0.0
204.54652547763106,29.90556814110521,5.364252841977107,-1.0112818543150943,5.185292239140484,8.420767129872338e-15
204.5509836692115,29.914943810688428,5.364561989557197,-1.010612478194198,5.185718987521569,0.0
204.5554430566349,29.924319217854027,5.36487111583407,-1.0099429332537753,5.186145551379397,0.0
204.55990364041529,29.933694362489597,5.365180220730427,-1.0092732194596445,5.1865719306239635,-8.420767129872338e-15
204.56436542106684,29.943069244482647,5.3654893041689675,-1.0086033367776208,5.186998125165233,4.210383564936169e-14
204.56882839910415,29.95244386372063,5.3657983660723945,-1.007933285173503,5.187424134913137,8.420767129872338e-15
204.573292575042,29.961818220090905,5.366107406363407,-1.0072630646130933,5.18784995977758,0.0
204.57775794939545,29.971192313480724,5.366416424964709,-1.0065926750621843,5.188275599668432,-1.6841534259744676e-14
204.58222452268004,29.980566143777327,5.366725421798996,-1.0059221164865568,5.188701054495534,-8.420767129872338e-15
204.58669229541135,29.989939710867795,5.367034396788976,-1.0052513888519905,5.189126324168687,-1.6841534259744676e-14
204.59116126810548,29.99931301463919,5.367343349857344,-1.0045804921242554,5.189551408597675,8.420767129872338e-15
204.5956314412786,30.00868605497846,5.367652280926802,-1.003909426269114,5.189976307692239,0.0
204.60010281544746,30.018058831772468,5.367961189920054,-1.003238191252326,5.190401021362089,0.0
204.60457539112878,30.027431344908024,5.3682700767597975,-1.0025667870396389,5.190825549516912,8.420767129872338e-15
204.60904916883982,30.03680359427181,5.368578941368735,-1.0018952135967971,5.191249892066353,0.0
204.61352414909803,30.046175579750507,5.36888778366957,-1.0012234708895362,5.1916740489200315,-2.5262301389617013e-14
204.61800033242116,30.055547301230664,5.369196603584998,-1.0005515588835865,5.192098019987537,3.368306851948935e-14
204.62247771932726,30.064918758598683,5.369505401037722,-0.9998794775446728,5.192521805178415,0.0
204.62695631033472,30.074289951741033,5.369814175950446,-0.9992072268385063,5.1929454044022005,8.420767129872338e-15
204.6314361059622,30.08366088054398,5.370122928245867,-0.9985348067307982,5.193368817568377,-8.420767129872338e-15
204.63591710672856,30.09303154489376,5.370431657846686,-0.9978622171872539,5.193792044586406,0.0
204.64039931315307,30.102401944676533,5.3707403646756084,-0.997189458173566,5.194215085365715,0.0
204.64488272575534,30.111772079778337,5.371049048655331,-0.996516529655423,5.1946379398157,8.420767129872338e-15
204.6493673450551,30.121141950085185,5.371357709708555,-0.9958434315985102,5.195060607845724,1.6841534259744676e-14
204.65385317157254,30.130511555482958,5.371666347757981,-0.9951701639684987,5.195483089365124,-1.6841534259744676e-14
204.65834020582807,30.139880895857484,5.3719749627263145,-0.9944967267310616,5.195905384283192,1.6841534259744676e-14
204.66282844834237,30.149249971094516,5.372283554536249,-0.9938231198518586,5.196327492509206,3.368306851948935e-14
204.6673178996365,30.158618781079657,5.372592123110492,-0.9931493432965454,5.196749413952395,-8.420767129872338e-15
204.67180856023177,30.167987325698576,5.37290066837174,-0.9924753970307691,5.197171148521969,3.368306851948935e-14
204.67630043064977,30.177355604836666,5.373209190242696,-0.9918012810201745,5.197592696127096,-2.5262301389617013e-14
204.6807935114124,30.186723618379425,5.373517688646062,-0.991126995230395,5.198014056676921,8.420767129872338e-15
204.6852878030419,30.196091366212126,5.373826163504536,-0.9904525396270604,5.19843523008055,-8.420767129872338e-15
204.68978330606075,30.20545884822007,5.3741346147408215,-0.9897779141757898,5.198856216247062,8.420767129872338e-15
204.69428002099173,30.214826064288363,5.374443042277616,-0.9891031188422034,5.199277015085501,8.420767129872338e-15
204.69877794835799,30.224193014302138,5.374751446037626,-0.9884281535919034,5.199697626504878,0.0
204.70327708868288,30.233559698146376,5.375059825943548,-0.9877530183904976,5.200118050414172,8.420767129872338e-15
204.70777744249008,30.242926115706016,5.375368181918083,-0.9870777132035777,5.200538286722338,8.420767129872338e-15
204.7122790103036,30.252292266865872,5.3756765138839375,-0.9864022379967351,5.200958335338285,-1.6841534259744676e-14
204.71678179264777,30.26165815151071,5.375984821763803,-0.9857265927355507,5.201378196170905,-8.420767129872338e-15
204.72128579004718,30.27102376952523,5.376293105480385,-0.9850507773855979,5.201797869129045,0.0
204.72579100302661,30.28038912079399,5.376601364956389,-0.9843747919124499,5.202217354121524,8.420767129872338e-15
204.73029743211137,30.289754205201532,5.37690960011451,-0.9836986362816655,5.2026366510571345,0.0
204.7348050778269,30.29911902263226,5.377217810877449,-0.9830223104588013,5.203055759844628,1.6841534259744676e-14
204.73931394069896,30.30848357297052,5.37752599716791,-0.9823458144094089,5.203474680392728,8.420767129872338e-15
204.7438240212537,30.31784785610059,5.377834158908592,-0.9816691480990289,5.203893412610126,8.420767129872338e-15
204.74833532001742,30.32721187190664,5.378142296022199,-0.980992311493196,5.204311956405478,8.420767129872338e-15
204.7528478375169,30.336575620272775,5.378450408431426,-0.980315304557445,5.204730311687417,8.420767129872338e-15
204.75736157427903,30.345939101083015,5.378758496058979,-0.979638127257294,5.20514847836453,0.0
204.76187653083116,30.35530231422127,5.379066558827557,-0.9789607795582626,5.205566456345382,1.6841534259744676e-14
204.7663927077009,30.364665259571414,5.3793745966598605,-0.9782832614258586,5.205984245538501,1.6841534259744676e-14
204.77091010541608,30.37402793701721,5.379682609478592,-0.9776055728255868,5.206401845852385,2.5262301389617013e-14
204.77542872450485,30.383390346442315,5.379990597206451,-0.9769277137229467,5.206819257195497,-8.420767129872338e-15
204.77994856549583,30.39275248773038,5.380298559766138,-0.9762496840834244,5.207236479476268,8.420767129872338e-15
204.78446962891772,30.402114360764877,5.380606497080356,-0.9755714838725079,5.207653512603101,0.0
204.78899191529962,30.411475965429286,5.380914409071805,-0.9748931130556739,5.20807035648436,1.6841534259744676e-14
204.79351542517094,30.420837301606916,5.381222295663184,-0.9742145715983922,5.208487011028379,1.6841534259744676e-14
204.79804015906137,30.430198369181063,5.381530156777197,-0.9735358594661311,5.208903476143459,3.368306851948935e-14
204.8025661175009,30.439559168034908,5.381837992336543,-0.9728569766243457,5.209319751737873,1.6841534259744676e-14
204.80709330101985,30.448919698051533,5.382145802263924,-0.9721779230384918,5.209735837719853,-8.420767129872338e-15
204.8116217101488,30.458279959114,5.38245358648204,-0.9714986986740111,5.210151733997607,0.0
204.8161513454187,30.46763995110522,5.382761344913593,-0.9708193034963435,5.210567440479306,2.5262301389617013e-14
204.8206822073607,30.476999673908036,5.383069077481282,-0.9701397374709263,5.2109829570730835,0.0
204.82521429650635,30.48635912740524,5.383376784107809,-0.9694600005631812,5.211398283687053,-1.6841534259744676e-14
204.8297476133874,30.495718311479514,5.383684464715878,-0.9687800927385308,5.211813420229282,1.6841534259744676e-14
204.83428215853607,30.50507722601343,5.383992119228184,-0.9681000139623896,5.212228366607814,0.0
204.8388179324847,30.51443587088955,5.384299747567431,-0.9674197642001628,5.212643122730657,-1.6841534259744676e-14
204.84335493576603,30.523794245990274,5.384607349656322,-0.9667393434172533,5.213057688505783,0.0
204.84789316891315,30.53315235119799,5.3849149254175535,-0.9660587515790549,5.213472063841137,0.0
204.8524326324593,30.542510186394935,5.385222474773829,-0.9653779886509574,5.213886248644629,-2.5262301389617013e-14
204.85697332693817,30.551867751463305,5.38552999764785,-0.9646970545983429,5.214300242824135,0.0
204.8615152528837,30.561225046285198,5.385837493962316,-0.964015949386587,5.2147140462874955,-1.6841534259744676e-14
204.86605841083008,30.570582070742613,5.386144963639929,-0.9633346729810602,5.215127658942523,8.420767129872338e-15
204.87060280131195,30.579938824717534,5.386452406603388,-0.9626532253471238,5.215541080696999,8.420767129872338e-15
204.8751484248641,30.589295308091756,5.386759822775396,-0.9619716064501364,5.215954311458665,1.6841534259744676e-14
204.8796952820217,30.59865152074704,5.3870672120786525,-0.9612898162554514,5.216367351135234,0.0
204.88424337332023,30.60800746256512,5.38737457443586,-0.9606078547284078,5.216780199634385,1.6841534259744676e-14
204.88879269929546,30.617363133427542,5.387681909769721,-0.9599257218343497,5.217192856863761,-8.420767129872338e-15
204.89334326048345,30.62671853321583,5.387989218002929,-0.9592434175386081,5.21760532273098,8.420767129872338e-15
204.89789505742058,30.636073661811405,5.388296499058193,-0.958560941806507,5.218017597143621,2.5262301389617013e-14
204.9024480906436,30.645428519095628,5.38860375285821,-0.9578782946033664,5.218429680009228,8.420767129872338e-15
204.9070023606894,30.654783104949743,5.388910979325681,-0.9571954758945026,5.218841571235317,8.420767129872338e-15
204.91155786809537,30.664137419254935,5.3892181783833095,-0.9565124856452198,5.219253270729368,0.0
204.9161146133991,30.67349146189227,5.389525349953794,-0.9558293238208228,5.219664778398826,8.420767129872338e-15
204.92067259713846,30.68284523274277,5.389832493959835,-0.9551459903866031,5.220076094151113,-1.6841534259744676e-14
204.92523181985172,30.692198731687338,5.390139610324136,-0.9544624853078536,5.220487217893601,-2.5262301389617013e-14
204.92979228207736,30.70155195860684,5.390446698969395,-0.9537788085498545,5.220898149533644,-1.6841534259744676e-14
204.93435398435426,30.71090491338201,5.390753759818315,-0.9530949600778827,5.221308888978557,8.420767129872338e-15
204.93891692722156,30.7202575958935,5.391060792793596,-0.9524109398572107,5.221719436135616,1.6841534259744676e-14
204.9434811112187,30.72961000602189,5.3913677978179395,-0.9517267478531003,5.222129790912073,-1.6841534259744676e-14
204.94804653688539,30.73896214364771,5.391674774814046,-0.9510423840308126,5.2225399532151435,-8.420767129872338e-15
204.95261320476178,30.748314008651327,5.391981723704616,-0.9503578483555997,5.222949922952008,8.420767129872338e-15
204.9571811153882,30.757665600913086,5.392288644412351,-0.9496731407927065,5.223359700029815,1.6841534259744676e-14
204.96175026930536,30.76701692031321,5.392595536859952,-0.9489882613073752,5.2237692843556776,-1.6841534259744676e-14
204.9663206670542,30.77636796673189,5.39290240097012,-0.9483032098648372,5.224178675836679,0.0
204.9708923091761,30.78571874004918,5.393209236665554,-0.9476179864303209,5.2245878743798695,1.6841534259744676e-14
204.97546519621258,30.795069240145033,5.393516043868959,-0.9469325909690519,5.224996879892258,-3.368306851948935e-14
204.98003932870563,30.804419466899382,5.393822822503032,-0.9462470234462426,5.225405692280832,0.0
204.98461470719744,30.813769420192045,5.394129572490476,-0.9455612838271071,5.225814311452534,8.420767129872338e-15
204.9891913322306,30.82311909990274,5.39443629375399,-0.9448753720768441,5.226222737314282,0.0
204.99376920434787,30.832468505911084,5.3947429862162775,-0.9441892881606568,5.226630969772954,8.420767129872338e-15
204.99834832409246,30.841817638096664,5.395049649800039,-0.9435030320437348,5.227039008735397,8.420767129872338e-15
205.00292869200786,30.851166496338944,5.395356284427974,-0.9428166036912632,5.227446854108425,3.368306851948935e-14
