galstreams/tracks/track.st.NGC5466.grillmair2006.ecsv
# %ECSV 0.9
# ---
# datatype:
# - {name: ra, unit: deg, datatype: float64}
# - {name: dec, unit: deg, datatype: float64}
# - {name: distance, unit: kpc, datatype: float64}
# - {name: pm_ra_cosdec, unit: mas / yr, datatype: float64}
# - {name: pm_dec, unit: mas / yr, datatype: float64}
# - {name: radial_velocity, unit: km / s, datatype: float64}
# delimiter: ','
# meta: !!omap
# - __serialized_columns__:
#     dec:
#       __class__: astropy.coordinates.angles.Latitude
#       unit: &id001 !astropy.units.Unit {unit: deg}
#       value: !astropy.table.SerializedColumn {name: dec}
#     distance:
#       __class__: astropy.coordinates.distances.Distance
#       unit: !astropy.units.Unit {unit: kpc}
#       value: !astropy.table.SerializedColumn {name: distance}
#     pm_dec:
#       __class__: astropy.units.quantity.Quantity
#       unit: !astropy.units.Unit {unit: mas / yr}
#       value: !astropy.table.SerializedColumn {name: pm_dec}
#     pm_ra_cosdec:
#       __class__: astropy.units.quantity.Quantity
#       unit: !astropy.units.Unit {unit: mas / yr}
#       value: !astropy.table.SerializedColumn {name: pm_ra_cosdec}
#     ra:
#       __class__: astropy.coordinates.angles.Longitude
#       unit: *id001
#       value: !astropy.table.SerializedColumn {name: ra}
#       wrap_angle: !astropy.coordinates.Angle
#         unit: *id001
#         value: 360.0
#     radial_velocity:
#       __class__: astropy.units.quantity.Quantity
#       unit: !astropy.units.Unit {unit: km / s}
#       value: !astropy.table.SerializedColumn {name: radial_velocity}
# schema: astropy-2.0
ra,dec,distance,pm_ra_cosdec,pm_dec,radial_velocity
[from data line 3110]
197.42880639693809,35.15656932868192,16.600000000000005,0.0,0.0,0.0
197.4177038972367,35.16076934439147,16.60000000000001,0.0,0.0,0.0
197.40660010046835,35.1649680889412,16.600000000000005,0.0,0.0,0.0
197.39549500661235,35.16916556188495,16.60000000000001,0.0,0.0,0.0
197.38438861564862,35.17336176277712,16.60000000000001,0.0,0.0,0.0
197.3732809275577,35.177556691172484,16.60000000000001,0.0,0.0,0.0
197.36217194232077,35.181750346626316,16.60000000000001,0.0,0.0,0.0
197.35106165991965,35.18594272869435,16.60000000000001,0.0,0.0,0.0
197.33995008033688,35.19013383693279,16.60000000000001,0.0,0.0,0.0
197.32883720355548,35.19432367089827,16.60000000000001,0.0,0.0,0.0
197.31772302955926,35.19851223014793,16.60000000000001,0.0,0.0,0.0
197.30660755833253,35.20269951423932,16.60000000000001,0.0,0.0,0.0
197.29549078986034,35.206885522730516,16.60000000000001,0.0,0.0,0.0
197.28437272412833,35.21107025517997,16.60000000000001,0.0,0.0,0.0
197.27325336112276,35.215253711146694,16.600000000000005,0.0,0.0,0.0
197.26213270083056,35.21943589019008,16.600000000000005,0.0,0.0,0.0
197.25101074323928,35.22361679187001,16.600000000000005,0.0,0.0,0.0
197.23988748833713,35.22779641574683,16.60000000000001,0.0,0.0,0.0
197.22876293611284,35.231974761381345,16.60000000000001,0.0,0.0,0.0
197.21763708655595,35.236151828334805,16.600000000000005,0.0,0.0,0.0
197.20650993965648,35.24032761616894,16.60000000000001,0.0,0.0,0.0
197.1953814954052,35.244502124445916,16.600000000000005,0.0,0.0,0.0
197.18425175379343,35.24867535272839,16.60000000000001,0.0,0.0,0.0
197.1731207148131,35.25284730057945,16.600000000000005,0.0,0.0,0.0
197.16198837845695,35.25701796756264,16.600000000000005,0.0,0.0,0.0
197.1508547447181,35.261187353242,16.600000000000005,0.0,0.0,0.0
197.13971981359046,35.26535545718198,16.60000000000001,0.0,0.0,0.0
197.12858358506855,35.26952227894752,16.600000000000005,0.0,0.0,0.0
197.1174460591475,35.27368781810401,16.600000000000005,0.0,0.0,0.0
197.1063072358231,35.2778520742173,16.600000000000005,0.0,0.0,0.0
197.09516711509167,35.28201504685368,16.60000000000001,0.0,0.0,0.0
197.08402569695036,35.28617673557992,16.60000000000001,0.0,0.0,0.0
197.0728829813967,35.29033713996325,16.60000000000001,0.0,0.0,0.0
197.0617389684291,35.29449625957132,16.600000000000005,0.0,0.0,0.0
197.05059365804638,35.298654093972274,16.60000000000001,0.0,0.0,0.0
197.03944705024813,35.3028106427347,16.60000000000001,0.0,0.0,0.0
197.02829914503448,35.306965905427646,16.600000000000005,0.0,0.0,0.0
197.01714994240626,35.3111198816206,16.60000000000001,0.0,0.0,0.0
197.00599944236495,35.31527257088353,16.600000000000005,0.0,0.0,0.0
196.9948476449125,35.319423972786836,16.600000000000012,0.0,0.0,0.0
196.9836945500517,35.3235740869014,16.600000000000005,0.0,0.0,0.0
196.97254015778583,35.32772291279854,16.60000000000001,0.0,0.0,0.0
196.96138446811875,35.33187045005002,16.60000000000001,0.0,0.0,0.0
196.95022748105515,35.33601669822809,16.60000000000001,0.0,0.0,0.0
196.93906919660014,35.34016165690543,16.60000000000001,0.0,0.0,0.0
196.92790961475956,35.34430532565517,16.60000000000001,0.0,0.0,0.0
196.91674873553987,35.34844770405093,16.600000000000005,0.0,0.0,0.0
196.9055865589481,35.352588791666754,16.60000000000001,0.0,0.0,0.0
196.89442308499198,35.35672858807713,16.600000000000005,0.0,0.0,0.0
196.88325831367982,35.36086709285702,16.60000000000001,0.0,0.0,0.0
196.87209224502055,35.36500430558184,16.60000000000001,0.0,0.0,0.0
196.86092487902377,35.36914022582745,16.60000000000001,0.0,0.0,0.0
196.84975621569964,35.37327485317018,16.60000000000001,0.0,0.0,0.0
196.838586255059,35.377408187186774,16.600000000000005,0.0,0.0,0.0
196.82741499711327,35.38154022745448,16.60000000000001,0.0,0.0,0.0
196.81624244187452,35.385670973550965,16.60000000000001,0.0,0.0,0.0
196.80506858935541,35.389800425054354,16.600000000000005,0.0,0.0,0.0
196.79389343956933,35.39392858154322,16.600000000000005,0.0,0.0,0.0
196.78271699253014,35.3980554425966,16.600000000000005,0.0,0.0,0.0
196.77153924825237,35.40218100779398,16.60000000000001,0.0,0.0,0.0
196.76036020675127,35.406305276715294,16.60000000000001,0.0,0.0,0.0
196.7491798680426,35.41042824894091,16.60000000000001,0.0,0.0,0.0
196.73799823214276,35.414549924051705,16.600000000000005,0.0,0.0,0.0
196.72681529906885,35.41867030162893,16.60000000000001,0.0,0.0,0.0
196.71563106883843,35.422789381254326,16.60000000000001,0.0,0.0,0.0
196.70444554146985,35.42690716251009,16.60000000000001,0.0,0.0,0.0
196.69325871698203,35.431023644978865,16.600000000000005,0.0,0.0,0.0
196.6820705953944,35.43513882824372,16.600000000000005,0.0,0.0,0.0
196.6708811767272,35.43925271188823,16.600000000000005,0.0,0.0,0.0
196.65969046100113,35.44336529549634,16.600000000000005,0.0,0.0,0.0
196.64849844823758,35.44747657865253,16.600000000000005,0.0,0.0,0.0
196.63730513845852,35.45158656094164,16.600000000000012,0.0,0.0,0.0
196.6261105316866,35.45569524194904,16.600000000000012,0.0,0.0,0.0
196.61491462794504,35.45980262126051,16.60000000000001,0.0,0.0,0.0
196.6037174272577,35.46390869846227,16.60000000000001,0.0,0.0,0.0
196.59251892964903,35.46801347314102,16.600000000000012,0.0,0.0,0.0
196.58131913514413,35.47211694488387,16.600000000000012,0.0,0.0,0.0
196.57011804376867,35.47621911327841,16.60000000000001,0.0,0.0,0.0
196.55891565554904,35.48031997791266,16.600000000000012,0.0,0.0,0.0
196.5477119705121,35.48441953837509,16.60000000000001,0.0,0.0,0.0
196.5365069886854,35.48851779425463,16.60000000000001,0.0,0.0,0.0
196.52530071009716,35.492614745140656,16.60000000000001,0.0,0.0,0.0
196.51409313477612,35.49671039062296,16.60000000000001,0.0,0.0,0.0
196.50288426275173,35.50080473029181,16.600000000000012,0.0,0.0,0.0
196.49167409405393,35.50489776373793,16.60000000000001,0.0,0.0,0.0
196.48046262871338,35.50898949055246,16.600000000000012,0.0,0.0,0.0
196.46924986676134,35.513079910327,16.60000000000001,0.0,0.0,0.0
196.45803580822965,35.5171690226536,16.60000000000001,0.0,0.0,0.0
196.44682045315074,35.52125682712475,16.60000000000001,0.0,0.0,0.0
196.4356038015578,35.52534332333339,16.600000000000012,0.0,0.0,0.0
196.42438585348438,35.52942851087291,16.600000000000012,0.0,0.0,0.0
196.41316660896487,35.533512389337126,16.60000000000001,0.0,0.0,0.0
196.40194606803422,35.53759495832033,16.600000000000012,0.0,0.0,0.0
196.3907242307279,35.54167621741722,16.60000000000001,0.0,0.0,0.0
196.37950109708208,35.54575616622297,16.60000000000001,0.0,0.0,0.0
196.36827666713353,35.54983480433319,16.60000000000001,0.0,0.0,0.0
196.3570509409196,35.553912131343914,16.600000000000012,0.0,0.0,0.0
196.34582391847826,35.55798814685165,16.60000000000001,0.0,0.0,0.0
196.33459559984814,35.56206285045334,16.600000000000012,0.0,0.0,0.0
196.32336598506842,35.566136241746364,16.60000000000001,0.0,0.0,0.0
196.31213507417888,35.57020832032855,16.60000000000001,0.0,0.0,0.0
196.30090286722,35.57427908579814,16.60000000000001,0.0,0.0,0.0
196.28966936423274,35.5783485377539,16.600000000000012,0.0,0.0,0.0
196.2784345652588,35.58241667579493,16.600000000000012,0.0,0.0,0.0
196.2671984703404,35.58648349952087,16.60000000000001,0.0,0.0,0.0
196.25596107952043,35.59054900853174,16.60000000000001,0.0,0.0,0.0
196.2447223928423,35.59461320242801,16.600000000000012,0.0,0.0,0.0
196.23348241035015,35.59867608081062,16.60000000000001,0.0,0.0,0.0
196.2222411320886,35.60273764328093,16.60000000000001,0.0,0.0,0.0
196.21099855810297,35.60679788944075,16.60000000000001,0.0,0.0,0.0
196.19975468843919,35.61085681889232,16.60000000000001,0.0,0.0,0.0
196.1885095231437,35.614914431238354,16.600000000000012,0.0,0.0,0.0
196.17726306226365,35.61897072608194,16.600000000000005,0.0,0.0,0.0
196.16601530584674,35.623025703026684,16.60000000000001,0.0,0.0,0.0
196.15476625394135,35.62707936167657,16.600000000000012,0.0,0.0,0.0
196.14351590659632,35.63113170163608,16.60000000000001,0.0,0.0,0.0
196.13226426386123,35.635182722510095,16.60000000000001,0.0,0.0,0.0
196.1210113257862,35.63923242390391,16.60000000000001,0.0,0.0,0.0
196.10975709242206,35.64328080542335,16.600000000000012,0.0,0.0,0.0
196.09850156382004,35.6473278666746,16.600000000000012,0.0,0.0,0.0
196.0872447400322,35.6513736072643,16.600000000000012,0.0,0.0,0.0
196.07598662111104,35.65541802679956,16.600000000000012,0.0,0.0,0.0
196.06472720710968,35.65946112488789,16.60000000000001,0.0,0.0,0.0
196.053466498082,35.66350290113727,16.60000000000001,0.0,0.0,0.0
196.04220449408226,35.6675433551561,16.600000000000012,0.0,0.0,0.0
196.0309411951655,35.67158248655321,16.600000000000012,0.0,0.0,0.0
196.0196766013873,35.67562029493789,16.60000000000001,0.0,0.0,0.0
196.00841071280377,35.679656779919874,16.60000000000001,0.0,0.0,0.0
195.99714352947174,35.683691941109295,16.60000000000001,0.0,0.0,0.0
195.98587505144857,35.68772577811676,16.60000000000001,0.0,0.0,0.0
195.97460527879227,35.691758290553295,16.60000000000001,0.0,0.0,0.0
195.9633342115614,35.69578947803036,16.600000000000012,0.0,0.0,0.0
195.95206184981515,35.69981934015986,16.600000000000012,0.0,0.0,0.0
195.94078819361334,35.703847876554164,16.60000000000001,0.0,0.0,0.0
195.9295132430163,35.707875086826014,16.600000000000012,0.0,0.0,0.0
195.918236998085,35.71190097058865,16.60000000000001,0.0,0.0,0.0
195.90695945888112,35.7159255274557,16.600000000000012,0.0,0.0,0.0
195.89568062546672,35.719948757041266,16.600000000000012,0.0,0.0,0.0
195.8844004979047,35.72397065895985,16.600000000000012,0.0,0.0,0.0
195.87311907625835,35.72799123282643,16.600000000000012,0.0,0.0,0.0
195.86183636059172,35.732010478256385,16.600000000000012,0.0,0.0,0.0
195.85055235096934,35.73602839486554,16.600000000000012,0.0,0.0,0.0
195.8392670474564,35.74004498227016,16.60000000000001,0.0,0.0,0.0
195.82798045011867,35.74406024008693,16.600000000000012,0.0,0.0,0.0
195.81669255902253,35.74807416793301,16.600000000000012,0.0,0.0,0.0
195.80540337423494,35.75208676542592,16.60000000000001,0.0,0.0,0.0
195.7941128958235,35.75609803218368,16.600000000000012,0.0,0.0,0.0
195.7828211238563,35.760107967824744,16.60000000000001,0.0,0.0,0.0
195.77152805840217,35.76411657196793,16.600000000000012,0.0,0.0,0.0
195.7602336995304,35.76812384423257,16.60000000000001,0.0,0.0,0.0
195.748938047311,35.772129784238395,16.60000000000001,0.0,0.0,0.0
195.73764110181443,35.77613439160554,16.60000000000001,0.0,0.0,0.0
195.72634286311194,35.78013766595461,16.600000000000012,0.0,0.0,0.0
195.71504333127518,35.78413960690666,16.600000000000012,0.0,0.0,0.0
195.7037425063765,35.78814021408314,16.60000000000001,0.0,0.0,0.0
195.6924403884888,35.792139487105935,16.600000000000012,0.0,0.0,0.0
195.6811369776856,35.79613742559736,16.600000000000005,0.0,0.0,0.0
195.66983227404106,35.8001340291802,16.60000000000001,0.0,0.0,0.0
195.65852627762982,35.80412929747762,16.600000000000012,0.0,0.0,0.0
195.64721898852721,35.80812323011324,16.600000000000012,0.0,0.0,0.0
195.6359104068091,35.81211582671112,16.600000000000012,0.0,0.0,0.0
195.62460053255197,35.816107086895734,16.600000000000012,0.0,0.0,0.0
195.61328936583288,35.82009701029201,16.600000000000012,0.0,0.0,0.0
195.60197690672953,35.824085596525265,16.60000000000001,0.0,0.0,0.0
195.5906631553201,35.828072845221286,16.60000000000001,0.0,0.0,0.0
195.57934811168352,35.83205875600626,16.600000000000012,0.0,0.0,0.0
195.56803177589916,35.83604332850684,16.600000000000012,0.0,0.0,0.0
195.55671414804706,35.84002656235007,16.600000000000012,0.0,0.0,0.0
195.54539522820787,35.844008457163454,16.60000000000001,0.0,0.0,0.0
195.53407501646274,35.8479890125749,16.600000000000012,0.0,0.0,0.0
195.5227535128935,35.85196822821275,16.60000000000001,0.0,0.0,0.0
195.5114307175825,35.8559461037058,16.600000000000012,0.0,0.0,0.0
195.50010663061278,35.859922638683244,16.60000000000001,0.0,0.0,0.0
195.48878125206784,35.86389783277472,16.600000000000012,0.0,0.0,0.0
195.4774545820318,35.86787168561028,16.600000000000012,0.0,0.0,0.0
195.4661266205895,35.87184419682043,16.600000000000012,0.0,0.0,0.0
195.45479736782616,35.87581536603608,16.60000000000001,0.0,0.0,0.0
195.44346682382775,35.87978519288856,16.600000000000012,0.0,0.0,0.0
195.43213498868076,35.88375367700967,16.60000000000001,0.0,0.0,0.0
195.42080186247225,35.88772081803159,16.600000000000012,0.0,0.0,0.0
195.40946744528992,35.89168661558694,16.600000000000012,0.0,0.0,0.0
195.398131737222,35.89565106930879,16.600000000000012,0.0,0.0,0.0
195.38679473835737,35.89961417883061,16.600000000000012,0.0,0.0,0.0
195.37545644878543,35.903575943786294,16.600000000000012,0.0,0.0,0.0
195.3641168685962,35.9075363638102,16.60000000000001,0.0,0.0,0.0
195.3527759978803,35.91149543853705,16.600000000000012,0.0,0.0,0.0
195.34143383672887,35.915453167602045,16.600000000000012,0.0,0.0,0.0
195.3300903852337,35.91940955064081,16.60000000000001,0.0,0.0,0.0
195.31874564348715,35.92336458728934,16.600000000000012,0.0,0.0,0.0
195.3073996115821,35.92731827718411,16.60000000000001,0.0,0.0,0.0
195.29605228961216,35.93127061996201,16.60000000000001,0.0,0.0,0.0
195.2847036776714,35.93522161526033,16.600000000000012,0.0,0.0,0.0
195.27335377585442,35.93917126271682,16.600000000000012,0.0,0.0,0.0
195.26200258425658,35.94311956196961,16.60000000000001,0.0,0.0,0.0
195.25065010297374,35.9470665126573,16.600000000000012,0.0,0.0,0.0
195.23929633210224,35.951012114418894,16.60000000000001,0.0,0.0,0.0
195.22794127173918,35.9549563668938,16.600000000000012,0.0,0.0,0.0
195.21658492198208,35.95889926972187,16.60000000000001,0.0,0.0,0.0
195.2052272829292,35.9628408225434,16.600000000000012,0.0,0.0,0.0
195.1938683546792,35.96678102499904,16.600000000000012,0.0,0.0,0.0
195.18250813733147,35.97071987672995,16.60000000000001,0.0,0.0,0.0
195.17114663098593,35.97465737737764,16.600000000000012,0.0,0.0,0.0
195.159783835743,35.97859352658409,16.60000000000001,0.0,0.0,0.0
195.14841975170384,35.982528323991694,16.600000000000012,0.0,0.0,0.0
195.13705437897008,35.98646176924323,16.60000000000001,0.0,0.0,0.0
195.12568771764393,35.99039386198193,16.60000000000001,0.0,0.0,0.0
195.11431976782822,35.99432460185145,16.600000000000012,0.0,0.0,0.0
195.1029505296263,35.998253988495854,16.600000000000012,0.0,0.0,0.0
195.0915800031422,36.00218202155965,16.600000000000012,0.0,0.0,0.0
195.08020818848038,36.006108700687726,16.600000000000012,0.0,0.0,0.0
195.06883508574606,36.01003402552542,16.60000000000001,0.0,0.0,0.0
195.05746069504482,36.01395799571849,16.600000000000012,0.0,0.0,0.0
195.046085016483,36.0178806109131,16.60000000000001,0.0,0.0,0.0
195.03470805016744,36.02180187075585,16.60000000000001,0.0,0.0,0.0
195.02332979620556,36.025721774893746,16.600000000000012,0.0,0.0,0.0
195.01195025470543,36.029640322974224,16.600000000000012,0.0,0.0,0.0
195.00056942577547,36.033557514645125,16.600000000000012,0.0,0.0,0.0
194.989187309525,36.037473349554716,16.600000000000012,0.0,0.0,0.0
194.97780390606363,36.04138782735169,16.600000000000012,0.0,0.0,0.0
194.96641921550167,36.045300947685156,16.600000000000012,0.0,0.0,0.0
194.95503323795006,36.049212710204635,16.600000000000012,0.0,0.0,0.0
194.94364597352018,36.05312311456007,16.60000000000001,0.0,0.0,0.0
194.93225742232408,36.05703216040182,16.60000000000001,0.0,0.0,0.0
194.92086758447437,36.060939847380666,16.60000000000001,0.0,0.0,0.0
194.9094764600842,36.0648461751478,16.60000000000001,0.0,0.0,0.0
194.89808404926728,36.06875114335483,16.600000000000012,0.0,0.0,0.0
194.88669035213798,36.0726547516538,16.60000000000001,0.0,0.0,0.0
194.8752953688111,36.07655699969715,16.600000000000012,0.0,0.0,0.0
194.8638990994022,36.08045788713774,16.60000000000001,0.0,0.0,0.0
194.8525015440272,36.084357413628844,16.600000000000012,0.0,0.0,0.0
194.84110270280283,36.08825557882417,16.60000000000001,0.0,0.0,0.0
194.8297025758461,36.09215238237782,16.600000000000012,0.0,0.0,0.0
194.81830116327487,36.09604782394434,16.60000000000001,0.0,0.0,0.0
194.80689846520735,36.09994190317865,16.600000000000012,0.0,0.0,0.0
194.7954944817625,36.103834619736126,16.60000000000001,0.0,0.0,0.0
194.78408921305973,36.10772597327254,16.600000000000012,0.0,0.0,0.0
194.77268265921904,36.11161596344405,16.60000000000001,0.0,0.0,0.0
