galstreams/tracks/track.st.Slidr.ibata2021.ecsv
# %ECSV 1.0
# ---
# datatype:
# - {name: ra, unit: deg, datatype: float64}
# - {name: dec, unit: deg, datatype: float64}
# - {name: distance, unit: kpc, datatype: float64}
# - {name: pm_ra_cosdec, unit: mas / yr, datatype: float64}
# - {name: pm_dec, unit: mas / yr, datatype: float64}
# - {name: radial_velocity, unit: km / s, datatype: float64}
# delimiter: ','
# meta: !!omap
# - __serialized_columns__:
#     dec:
#       __class__: astropy.coordinates.angles.Latitude
#       unit: &id001 !astropy.units.Unit {unit: deg}
#       value: !astropy.table.SerializedColumn {name: dec}
#     distance:
#       __class__: astropy.coordinates.distances.Distance
#       unit: !astropy.units.Unit {unit: kpc}
#       value: !astropy.table.SerializedColumn {name: distance}
#     pm_dec:
#       __class__: astropy.units.quantity.Quantity
#       unit: !astropy.units.Unit {unit: mas / yr}
#       value: !astropy.table.SerializedColumn {name: pm_dec}
#     pm_ra_cosdec:
#       __class__: astropy.units.quantity.Quantity
#       unit: !astropy.units.Unit {unit: mas / yr}
#       value: !astropy.table.SerializedColumn {name: pm_ra_cosdec}
#     ra:
#       __class__: astropy.coordinates.angles.Longitude
#       unit: *id001
#       value: !astropy.table.SerializedColumn {name: ra}
#       wrap_angle: !astropy.coordinates.Angle
#         unit: *id001
#         value: 360.0
#     radial_velocity:
#       __class__: astropy.units.quantity.Quantity
#       unit: !astropy.units.Unit {unit: km / s}
#       value: !astropy.table.SerializedColumn {name: radial_velocity}
# schema: astropy-2.0
ra,dec,distance,pm_ra_cosdec,pm_dec,radial_velocity
[from data line 1272]
160.39673168046465,8.91317467968725,2.9616153870109003,-24.51328186461162,-6.6879404796284145,-74.50130080087904
160.40624532396794,8.910285021907546,2.96192657595287,-24.509830298561756,-6.686465140281214,-74.43558660406542
160.41575969535623,8.907398840216418,2.9622377357671827,-24.506377344397578,-6.684989841409999,-74.36972396811038
160.42527479345884,8.904516128371926,2.9625488667598128,-24.50292300243396,-6.683514583563917,-74.30371298119444
160.43479061710423,8.901636880132347,2.962859969236733,-24.49946727298589,-6.6820393672918685,-74.23755373149798
160.44430716512025,8.898761089256105,2.9631710435039174,-24.496010156368452,-6.6805641931424535,-74.17124630720224
160.45382443633397,8.895888749501795,2.963482089867339,-24.492551652896857,-6.6790890616640235,-74.10479079648736
160.46334242957184,8.893019854628177,2.963793108632971,-24.48909176288641,-6.6776139734046405,-74.03818728753396
160.4728611436596,8.890154398394177,2.964104100106789,-24.485630486652518,-6.676138928912095,-73.97143586852296
160.48238057742225,8.887292374558902,2.9644150645947653,-24.482167824510707,-6.674663928733906,-73.90453662763495
160.49190072968418,8.884433776881595,2.9647260024028723,-24.478703776776612,-6.673188973417319,-73.83748965305034
160.501421599269,8.881578599121692,2.965036913837085,-24.475238343765987,-6.671714063509314,-73.7702950329498
160.51094318499972,8.878726835038787,2.9653477992033768,-24.471771525794683,-6.67023919955658,-73.70295285551425
160.52046548569854,8.875878478392652,2.9656586588077194,-24.468303323178652,-6.668764382105557,-73.63546320892392
160.52998850018705,8.873033522943215,2.9659694929560887,-24.46483373623397,-6.6672896117023965,-73.56782618135976
160.5395122272861,8.870191962450575,2.966280301954457,-24.461362765276807,-6.665814888892987,-73.5000418610022
160.5490366658159,8.867353790675002,2.9665910861087976,-24.457890410623456,-6.664340214222945,-73.43211033603194
160.55856181459592,8.864519001376916,2.9669018457250855,-24.454416672590302,-6.662865588237615,-73.36403169462962
160.568087672445,8.861687588316926,2.9672125811092918,-24.450941551493866,-6.661391011482059,-73.29580602497589
160.57761423818116,8.858859545255795,2.967523292567392,-24.447465047650745,-6.659916484501095,-73.22743341525113
160.58714151062185,8.85603486595446,2.9678339804053584,-24.44398716137764,-6.6584420078392474,-73.15891395363636
160.59666948858379,8.853213544174022,2.968144644929166,-24.44050789299139,-6.656967582040776,-73.090247728312
160.60619817088298,8.850395573675751,2.968455286444786,-24.437027242808934,-6.655493207649681,-73.02143482745875
160.61572755633466,8.847580948221099,2.9687659052581945,-24.43354521114729,-6.65401888520969,-72.95247533925706
160.62525764375363,8.844769661571638,2.969076501675364,-24.430061798323614,-6.652544615264235,-72.88336935188771
160.63478843195375,8.841961707489157,2.9693870760022674,-24.426577004655158,-6.651070398356525,-72.81411695353145
160.64431991974828,8.83915707973559,2.969697628544877,-24.42309083045929,-6.649596235029469,-72.74471823236874
160.65385210594974,8.836355772073047,2.9700081596091694,-24.41960327605346,-6.648122125825713,-72.67517327658015
160.66338498937003,8.833557778263794,2.9703186695011166,-24.416114341755247,-6.646648071287639,-72.60548217434652
160.67291856882028,8.830763092070276,2.970629158526691,-24.41262402788233,-6.645174071957368,-72.53564501384824
160.682452843111,8.827971707255099,2.970939626991868,-24.409132334752503,-6.643700128376731,-72.46566188326615
160.6919878110519,8.825183617581049,2.9712500752026214,-24.40563926268362,-6.64222624108732,-72.3955328707807
160.7015234714522,8.822398816811043,2.9715605034649224,-24.40214481199372,-6.6407524106304345,-72.32525806457274
160.71105982312022,8.819617298708204,2.971870912084745,-24.398648983000903,-6.6392786375471236,-72.25483755282265
160.72059686486367,8.816839057035807,2.9721813013680656,-24.395151776023344,-6.637804922378168,-72.18427142371128
160.73013459548957,8.814064085557293,2.972491671620854,-24.391653191379394,-6.636331265664076,-72.113559765419
160.73967301380424,8.811292378036274,2.9728020231490855,-24.38815322938747,-6.634857667945095,-72.04270266612667
160.74921211861334,8.808523928236532,2.9731123562587336,-24.38465189036606,-6.633384129761202,-71.97170021401489
160.75875190872173,8.805758729922017,2.973422671255771,-24.38114917463383,-6.631910651652117,-71.90055249726419
160.76829238293374,8.802996776856823,2.973732968446173,-24.37764508250951,-6.630437234157283,-71.82925960405525
160.7778335400529,8.800238062805239,2.9740432481359114,-24.37413961431193,-6.628963877815885,-71.75782162256873
160.7873753788821,8.797482581531712,2.9743535106309595,-24.370632770360046,-6.627490583166848,-71.68623864098512
160.79691789822348,8.794730326800858,2.974663756237292,-24.367124550972903,-6.626017350748823,-71.61451074748517
160.80646109687854,8.791981292377454,2.9749739852608825,-24.363614956469664,-6.624544181100194,-71.54263803024965
160.81600497364803,8.789235472026451,2.9752841980077034,-24.360103987169573,-6.623071074759106,-71.47062057745894
160.82554952733204,8.78649285951298,2.9755943947837284,-24.356591643392022,-6.621598032263414,-71.39845847729372
160.8350947567301,8.783753448602297,2.975904575894932,-24.353077925456443,-6.620125054150707,-71.32615181793467
160.84464066064083,8.781017233059863,2.976214741647287,-24.349562833682427,-6.618652140958332,-71.25370068756253
160.85418723786228,8.778284206651298,2.9765248923467666,-24.34604636838967,-6.617179293223365,-71.18110517435774
160.86373448719178,8.775554363142385,2.9768350282993445,-24.34252852989791,-6.615706511482615,-71.10836536650098
160.87328240742596,8.772827696299077,2.9771451498109953,-24.33900931852707,-6.614233796272623,-71.03548135217295
160.88283099736083,8.77010419988749,2.9774552571876916,-24.335488734597106,-6.612761148129682,-70.9624532195541
160.89238025579155,8.767383867673932,2.977765350735405,-24.331966778428136,-6.611288567589832,-70.88928105682527
160.90193018151282,8.76466669342482,2.978075430760113,-24.328443450340345,-6.609816055188808,-70.815964952167
160.9114807733185,8.761952670906792,2.9783854975677855,-24.324918750654035,-6.608343611462125,-70.74250499375992
160.92103203000173,8.759241793886638,2.978695551464399,-24.321392679689602,-6.606871236945023,-70.66890126978463
160.93058395035504,8.756534056131313,2.9790055927559247,-24.31786523776755,-6.60539893217248,-70.59515386842175
160.94013653317026,8.753829451407936,2.979315621748337,-24.314336425208484,-6.603926697679217,-70.52126287785211
160.94968977723855,8.751127973483797,2.9796256387476094,-24.310806242333125,-6.60245453399969,-70.44722838625616
160.9592436813502,8.748429616126373,2.9799356440597156,-24.30727468946228,-6.600982441668101,-70.37305048181447
160.96879824429513,8.74573437310325,2.980245637990629,-24.303741766916865,-6.599510421218383,-70.29872925270769
160.97835346486235,8.743042238182243,2.9805556208463226,-24.300207475017885,-6.598038473184218,-70.2242647871166
160.9879093418402,8.740353205131303,2.9808655929327705,-24.296671814086494,-6.596566598099019,-70.14965717322173
160.9974658740164,8.73766726771856,2.981175554555946,-24.29313478444387,-6.595094796495953,-70.07490649920372
161.00702306017786,8.734984419712301,2.9814855060218224,-24.28959638641137,-6.593623068907921,-70.00001285324308
161.016580899111,8.73230465488099,2.9817954476363746,-24.28605662031042,-6.592151415867551,-69.92497632352075
161.0261393896013,8.729627966993267,2.982105379705574,-24.282515486462525,-6.590679837907251,-69.84979699821704
161.0356985304338,8.726954349817902,2.982415302535395,-24.27897298518934,-6.589208335559132,-69.77447496551275
161.0452583203927,8.724283797123864,2.9827252164318105,-24.2754291168126,-6.587736909355054,-69.69901031358829
161.05481875826155,8.721616302680285,2.9830351217007953,-24.27188388165411,-6.586265559826638,-69.62340313062467
161.0643798428232,8.718951860256457,2.983345018648323,-24.26833728003583,-6.58479428750523,-69.54765350480221
161.0739415728598,8.716290463621846,2.9836549075803656,-24.264789312279774,-6.583323092921925,-69.47176152430163
161.0835039471529,8.713632106546084,2.9839647888028966,-24.261239978708108,-6.581851976607574,-69.3957272773036
161.09306696448328,8.71097678279896,2.9842746626218912,-24.257689279643042,-6.580380939092735,-69.31955085198867
161.10263062363097,8.708324486150456,2.9845845293433224,-24.254137215406924,-6.578909980907748,-69.24323233653763
161.1121949233755,8.705675210370675,2.9848943892731636,-24.250583786322203,-6.577439102582678,-69.16677181913089
161.12175986249557,8.703028949229934,2.985204242717387,-24.24702899271142,-6.5759683046473345,-69.09016938794909
161.13132543976923,8.700385696498689,2.9855140899819674,-24.243472834897204,-6.574497587631268,-69.01342513117314
161.1408916539738,8.697745445947577,2.9858239313728783,-24.239915313202296,-6.57302695206379,-68.93653913698341
161.150458503886,8.695108191347396,2.986133767196093,-24.236356427949552,-6.571556398473934,-68.85951149356057
161.16002598828183,8.692473926469116,2.9864435977575843,-24.23279617946191,-6.570085927390499,-68.78234228908538
161.16959410593645,8.68984264508388,2.986753423363327,-24.229234568062402,-6.568615539342023,-68.7050316117382
161.17916285562467,8.687214340962958,2.9870632443192937,-24.22567159407417,-6.56714523485677,-68.62757954969982
161.18873223612036,8.684589007877838,2.987373060931459,-24.22210725782047,-6.5656750144627765,-68.54998619115099
161.1983022461967,8.681966639600153,2.987682873505794,-24.218541559624647,-6.564204878687808,-68.47225162427223
161.2078728846263,8.679347229901703,2.987992682348275,-24.21497449981012,-6.562734828059392,-68.39437593724408
161.217444150181,8.676730772554459,2.988302487764873,-24.211406078700453,-6.56126486310478,-68.31635921824723
161.22701604163203,8.674117261330546,2.9886122900615644,-24.207836296619256,-6.559794984350981,-68.23820155546245
161.23658855774974,8.671506690002293,2.9889220895443205,-24.20426515389029,-6.558325192324773,-68.15990303707015
161.24616169730416,8.668899052342136,2.9892318865191156,-24.200692650837397,-6.556855487552631,-68.08146375125109
161.25573545906428,8.666294342122729,2.9895416812919224,-24.197118787784508,-6.5553858705608254,-68.00288378618595
161.2653098417986,8.663692553116869,2.9898514741687165,-24.19354356505565,-6.553916341875336,-67.92416323005523
161.27488484427482,8.661093679097531,2.9901612654554692,-24.189966982974983,-6.552446902021925,-67.8453021710395
161.28446046526005,8.65849771383785,2.9904710554581544,-24.18638904186671,-6.55097755152608,-67.76630069731954
161.29403670352067,8.655904651111133,2.990780844482746,-24.1828097420552,-6.549508290913046,-67.68715889707588
161.30361355782236,8.653314484690862,2.9910906328352174,-24.179229083864843,-6.548039120707806,-67.60787685848935
161.31319102693018,8.650727208350647,2.9914004208215434,-24.175647067620197,-6.546570041435099,-67.52845466974037
161.32276910960843,8.64814281586431,2.9917102087476946,-24.172063693645892,-6.545101053619414,-67.44889241900955
161.33234780462078,8.64556130100582,2.9920199969196477,-24.16847896226663,-6.54363215778499,-67.36919019447761
161.3419271107302,8.642982657549316,2.9923297856433737,-24.164892873807254,-6.542163354455802,-67.28934808432527
161.35150702669895,8.640406879269102,2.9926395752248474,-24.161305428592684,-6.540694644155589,-67.20936617673301
161.36108755128862,8.637833959939657,2.992949365970042,-24.15771662694792,-6.539226027407839,-67.12924455988154
161.3706686832601,8.635263893335626,2.993259158184932,-24.1541264691981,-6.537757504735785,-67.04898332195143
161.38025042137372,8.63269667323179,2.993568952175489,-24.150534955668434,-6.536289076662405,-66.96858255112338
161.38983276438893,8.630132293403138,2.993878748247687,-24.14694208668425,-6.534820743710439,-66.88804233557781
161.39941571106465,8.627570747624805,2.9941885467075013,-24.143347862570916,-6.5333525064023625,-66.80736276349555
161.40899926015902,8.625012029672105,2.9944983478609033,-24.139752283653962,-6.531884365260421,-66.72654392305722
161.41858341042956,8.622456133320503,2.9948081520138676,-24.136155350259006,-6.530416320806593,-66.64558590244353
161.42816816063308,8.619903052345641,2.995117959472367,-24.132557062711726,-6.528948373562619,-66.56448878983483
161.4377535095257,8.617352780523344,2.9954277705423764,-24.128957421337926,-6.527480524049992,-66.48325267341217
161.4473394558629,8.614805311629553,2.995737585529866,-24.125356426463515,-6.526012772789946,-66.40187764135565
161.45692599839944,8.612260639440425,2.996047404740814,-24.121754078414465,-6.52454512030347,-66.32036378184627
161.4665131358894,8.609718757732264,2.996357228481192,-24.11815037751686,-6.5230775671113115,-66.23871118306462
161.47610086708616,8.60717966028155,2.9966670570569707,-24.11454532409691,-6.521610113733971,-66.15691993319113
161.4856891907425,8.604643340864914,2.9969768907741274,-24.11093891848087,-6.520142760691686,-66.0749901204068
161.4952781056104,8.60210979325917,2.9972867299386343,-24.107331160995113,-6.51867550850447,-65.99292183289188
161.50486761044127,8.599579011241293,2.997596574856464,-24.103722051966148,-6.517208357692072,-65.91071515882713
161.51445770398567,8.597050988588432,2.9979064258335915,-24.1001115917205,-6.515741308773997,-65.82837018639327
161.52404838499376,8.594525719077865,2.9982162831759887,-24.096499780584868,-6.514274362269509,-65.74588700377078
161.5336396522148,8.592003196487083,2.998526147189631,-24.092886618885966,-6.512807518697622,-65.66326569914038
161.5432315043974,8.58948341459373,2.9988360181804903,-24.089272106950705,-6.511340778577094,-65.58050636068285
161.55282394028953,8.586966367175604,2.9991458964545408,-24.085656245106005,-6.509874142426457,-65.49760907657851
161.56241695863847,8.584452048010684,2.999455782317757,-24.0820390336789,-6.508407610763984,-65.41457393500811
161.57201055819075,8.58194045087711,2.99976567607611,-24.078420472996573,-6.5069411841077045,-65.33140102415221
161.58160473769237,8.5794315695532,3.0000755780355752,-24.07480056338623,-6.505474862975408,-65.24809043219177
161.59119949588853,8.576925397817403,3.000385488502125,-24.071179305175207,-6.504008647884626,-65.16464224730701
161.6007948315238,8.574421929448373,3.000695407781733,-24.067556698690943,-6.502542539352646,-65.08105655767888
161.61039074334207,8.57192115822491,3.001005336180375,-24.063932744260935,-6.501076537896537,-64.99733345148763
161.61998723008648,8.56942307792599,3.001315274004022,-24.060307442212824,-6.499610644033085,-64.91347301691432
161.6295842904996,8.566927682330752,3.0016252215586476,-24.056680792874314,-6.4981448582788675,-64.82947534213942
161.63918192332324,8.564434965218506,3.0019351791502262,-24.053052796573215,-6.4966791811501885,-64.7453405153434
161.64878012729847,8.561944920368727,3.0022451470847313,-24.049423453637424,-6.495213613163125,-64.66106862470684
161.65837890116597,8.559457541561038,3.0025551256681355,-24.045792764394932,-6.4937481548335025,-64.57665975841081
161.6679782436654,8.55697282257525,3.002865115206413,-24.04216072917383,-6.492282806676906,-64.49211400463558
161.67757815353593,8.554490757191337,3.003175116005538,-24.038527348302296,-6.490817569208679,-64.4074314515618
161.68717862951598,8.552011339189436,3.0034851283714836,-24.034892622108618,-6.48935244294391,-64.32261218737018
161.69677967034337,8.549534562349852,3.0037951526102216,-24.03125655092116,-6.487887428397472,-64.2376563002414
161.70638127475513,8.547060420453054,3.0041051890277273,-24.027619135068388,-6.486422526083967,-64.15256387835592
161.71598344148762,8.54458890727969,3.0044152379299747,-24.023980374878853,-6.4849577365177655,-64.06733500989448
161.7255861692767,8.542120016610541,3.004725299622935,-24.020340270681213,-6.483493060212993,-63.98196978303775
161.7351894568574,8.539653742226589,3.005035374412584,-24.016698822804223,-6.482028497683532,-63.89646828596622
