galstreams/tracks/track.st.Pal5.ibata2024.ecsv
# %ECSV 1.0
# ---
# datatype:
# - {name: ra, unit: deg, datatype: float64}
# - {name: dec, unit: deg, datatype: float64}
# - {name: distance, unit: kpc, datatype: float64}
# - {name: pm_ra_cosdec, unit: mas / yr, datatype: float64}
# - {name: pm_dec, unit: mas / yr, datatype: float64}
# - {name: radial_velocity, unit: km / s, datatype: float64}
# delimiter: ','
# meta: !!omap
# - __serialized_columns__:
#     dec:
#       __class__: astropy.coordinates.angles.Latitude
#       unit: &id001 !astropy.units.Unit {unit: deg}
#       value: !astropy.table.SerializedColumn {name: dec}
#     distance:
#       __class__: astropy.coordinates.distances.Distance
#       unit: !astropy.units.Unit {unit: kpc}
#       value: !astropy.table.SerializedColumn {name: distance}
#     pm_dec:
#       __class__: astropy.units.quantity.Quantity
#       unit: !astropy.units.Unit {unit: mas / yr}
#       value: !astropy.table.SerializedColumn {name: pm_dec}
#     pm_ra_cosdec:
#       __class__: astropy.units.quantity.Quantity
#       unit: !astropy.units.Unit {unit: mas / yr}
#       value: !astropy.table.SerializedColumn {name: pm_ra_cosdec}
#     ra:
#       __class__: astropy.coordinates.angles.Longitude
#       unit: *id001
#       value: !astropy.table.SerializedColumn {name: ra}
#       wrap_angle: !astropy.coordinates.Angle
#         unit: *id001
#         value: 360.0
#     radial_velocity:
#       __class__: astropy.units.quantity.Quantity
#       unit: !astropy.units.Unit {unit: km / s}
#       value: !astropy.table.SerializedColumn {name: radial_velocity}
# schema: astropy-2.0
ra,dec,distance,pm_ra_cosdec,pm_dec,radial_velocity
[from data line 1420]
230.44002422436574,0.8255532659402671,0.9999999999999997,-2.7158636661924485,-2.5998273301830315,-55.204198706245386
230.44812212077377,0.8314368852266228,0.9999999999999997,-2.7158501514588798,-2.5992037701263926,-55.19939587865937
230.45622151469405,0.8373182794603617,0.9999999999999998,-2.715836790126888,-2.598580645421965,-55.19460732516016
230.4643224050185,0.8431974504184421,0.9999999999999997,-2.715823581659298,-2.597957956306683,-55.1898330368954
230.47242479063885,0.8490743998776172,0.9999999999999998,-2.7158105255189,-2.597335703017504,-55.185073005012725
230.48052867044655,0.8549491296145324,0.9999999999999997,-2.7157976211685257,-2.596713885791412,-55.18032722065971
230.4886340433334,0.8608216414058176,0.9999999999999999,-2.7157848680709327,-2.5960925048654167,-55.17559567498409
230.4967409081908,0.8666919370278686,0.9999999999999997,-2.715772265688903,-2.5954715604765566,-55.17087835913344
230.50484926391013,0.8725600182570973,0.9999999999999999,-2.715759813485228,-2.5948510528618893,-55.166175264255386
230.51295910938276,0.8784258868696821,0.9999999999999998,-2.7157475109226388,-2.5942309822585052,-55.16148638149759
230.52107044349998,0.8842895446418182,0.9999999999999998,-2.715735357463905,-2.5936113489035164,-55.15681170200762
230.52918326515282,0.8901509933494665,0.9999999999999999,-2.715723352571769,-2.5929921530340634,-55.15215121693321
230.53729757323254,0.8960102347686054,0.9999999999999999,-2.7157114957089608,-2.5923733948873124,-55.14750491742192
230.54541336663004,0.9018672706749802,0.9999999999999997,-2.71569978633819,-2.591755074700454,-55.142872794621425
230.55353064423628,0.907722102844352,0.9999999999999999,-2.715688223922193,-2.5911371927107045,-55.138254839679306
230.5616494049421,0.9135747330522498,0.9999999999999997,-2.715676807923664,-2.590519749155312,-55.133651043743235
230.56976964763837,0.9194251630742202,0.9999999999999997,-2.715665537805295,-2.589902744271544,-55.12906139796083
230.57789137121566,0.9252733946855751,0.9999999999999999,-2.7156544130297853,-2.589286178296696,-55.12448589347978
230.58601457456464,0.9311194296616462,0.9999999999999997,-2.7156434330598174,-2.5886700514680943,-55.119924521447615
230.59413925657572,0.9369632697775299,0.9999999999999998,-2.715632597358068,-2.588054364023084,-55.11537727301202
230.60226541613957,0.9428049168083432,0.9999999999999998,-2.7156219053871835,-2.587439116199044,-55.11084413932065
230.6103930521464,0.9486443725289686,0.9999999999999997,-2.7156113566098394,-2.5868243082333753,-55.10632511152113
230.61852216348652,0.9544816387143071,0.9999999999999999,-2.7156009504886853,-2.586209940363505,-55.101820180761045
230.62665274905018,0.9603167171390269,0.9999999999999999,-2.7155906864863475,-2.58559601282689,-55.09732933818809
230.6347848077276,0.9661496095778159,0.9999999999999998,-2.7155805640654593,-2.5849825258610113,-55.09285257494986
230.6429183384086,0.9719803178051284,0.9999999999999998,-2.715570582688673,-2.5843694797033776,-55.088389882193994
230.6510533399834,0.9778088435954384,0.9999999999999997,-2.7155607418185825,-2.583756874591523,-55.08394125106815
230.65918981134172,0.9836351887229862,0.9999999999999999,-2.7155510409178074,-2.5831447107630088,-55.07950667271993
230.66732775137342,0.9894593549620325,0.9999999999999999,-2.715541479448965,-2.582532988455425,-55.075086138296975
230.67546715896822,0.9952813440866056,0.9999999999999997,-2.715532056874637,-2.5819217079063868,-55.07067963894692
230.68360803301582,1.0011011578707536,0.9999999999999998,-2.7155227726574234,-2.5813108693535334,-55.066287165817386
230.6917503724057,1.0069187980882919,0.9999999999999999,-2.7155136262599022,-2.580700473034537,-55.061908710056045
230.6998941760275,1.012734266513056,0.9999999999999998,-2.7155046171446484,-2.5800905191870926,-55.05754426281049
230.70803944277046,1.018547564918649,0.9999999999999998,-2.7154957447742483,-2.5794810080489228,-55.053193815228376
230.71618617152404,1.0243586950786956,0.9999999999999997,-2.7154870086112597,-2.578871939857777,-55.048857358457326
230.72433436117737,1.0301676587665871,0.9999999999999997,-2.715478408118247,-2.5782633148514336,-55.044534883644964
230.7324840106197,1.035974457755736,0.9999999999999997,-2.7154699427577587,-2.5776551332676947,-55.04022638193893
230.74063511874002,1.0417790938193237,0.9999999999999998,-2.7154616119923425,-2.5770473953443935,-55.03593184448687
230.74878768442755,1.047581568730551,0.9999999999999999,-2.715453415284527,-2.576440101319388,-55.0316512624364
230.75694170657096,1.0533818842623883,0.9999999999999997,-2.7154453520968707,-2.5758332514305646,-55.027384626935174
230.76509718405924,1.0591800421878268,0.9999999999999998,-2.7154374218918926,-2.5752268459158345,-55.023131929130805
230.77325411578107,1.0649760442796266,0.9999999999999999,-2.715429624132117,-2.57462088501314,-55.018893160170926
230.7814125006253,1.0707698923105693,0.9999999999999998,-2.7154219582800563,-2.574015368960449,-55.01466831120319
230.78957233748034,1.0765615880532047,0.9999999999999997,-2.7154144237982347,-2.5734102979957565,-55.010457373375225
230.79773362523483,1.082351133280104,0.9999999999999998,-2.7154070201491587,-2.572805672357085,-55.00626033783462
230.80589636277713,1.0881385297636095,0.9999999999999997,-2.7153997467953355,-2.5722014922824843,-55.00207719572907
230.8140605489956,1.0939237792760832,0.9999999999999997,-2.715392603199269,-2.571597758010034,-54.997907938206154
230.82222618277862,1.0997068835896577,0.9999999999999996,-2.7153855888234277,-2.57099446977784,-54.99375255641357
230.83039326301437,1.1054878444764866,0.9999999999999998,-2.7153787031303196,-2.5703916278240326,-54.98961104149889
230.83856178859082,1.1112666637084947,0.9999999999999999,-2.7153719455824366,-2.569789232386776,-54.985483384609765
230.8467317583962,1.1170433430576276,0.9999999999999998,-2.715365315642244,-2.569187283704259,-54.98136957689384
230.85490317131834,1.1228178842956014,0.9999999999999998,-2.7153588127722292,-2.568585782014697,-54.977269609498734
230.86307602624515,1.1285902891941553,0.9999999999999997,-2.715352436434862,-2.5679847275563352,-54.9731834735721
230.87125032206444,1.1343605595247972,0.9999999999999998,-2.7153461860926047,-2.567384120567446,-54.96911116026155
230.87942605766398,1.1401286970590596,0.9999999999999997,-2.7153400612079217,-2.5667839612863297,-54.96505266071473
230.88760323193128,1.1458947035682754,0.9999999999999998,-2.7153340612432837,-2.566184249951315,-54.961007966079265
230.8957818437539,1.1516585808236746,0.9999999999999998,-2.715328185661143,-2.565584986800759,-54.95697706750278
230.90396189201942,1.1574203305964792,0.9999999999999997,-2.7153224339239497,-2.564986172073046,-54.95295995613292
230.91214337561516,1.1631799546576822,0.9999999999999996,-2.7153168054941554,-2.56438780600659,-54.94895662311734
230.92032629342842,1.1689374547782985,0.9999999999999998,-2.715311299834208,-2.563789888839829,-54.94496705960364
230.92851064434643,1.1746928327291157,0.9999999999999997,-2.7153059164065443,-2.5631924208112373,-54.94099125673946
230.93669642725644,1.1804460902809437,0.9999999999999997,-2.7153006546736043,-2.5625954021593094,-54.937029205672424
230.9448836410453,1.1861972292043645,0.9999999999999997,-2.7152955140978428,-2.561998833122572,-54.93308089755017
230.95307228460018,1.1919462512699837,0.9999999999999997,-2.7152904941416844,-2.5614027139395805,-54.92914632352036
230.9612623568079,1.197693158248178,0.9999999999999997,-2.7152855942675513,-2.560807044848917,-54.92522547473059
230.9694538565553,1.2034379519093483,0.9999999999999996,-2.715280813937885,-2.5602118260891933,-54.921318342328505
230.9776467827292,1.209180634023668,0.9999999999999997,-2.7152761526150906,-2.55961705789905,-54.917424917461744
230.98584113421614,1.2149212063613333,0.9999999999999997,-2.715271609761621,-2.559022740517155,-54.913545191277926
230.99403690990277,1.2206596706923145,0.9999999999999997,-2.715267184839879,-2.5584288741822068,-54.90967915492473
231.00223410867554,1.226396028786604,0.9999999999999994,-2.7152628773123,-2.557835459132931,-54.90582679954971
231.0104327294209,1.2321302824139675,0.9999999999999998,-2.7152586866412864,-2.5572424956080817,-54.90198811630056
231.0186327710252,1.237862433344197,0.9999999999999997,-2.715254612289261,-2.5566499838464445,-54.8981630963249
231.02683423237463,1.2435924833468548,0.9999999999999997,-2.7152506537186434,-2.556057924086831,-54.89435173077036
231.03503711235544,1.2493204341915287,0.9999999999999997,-2.7152468103918346,-2.555466316568083,-54.89055401078455
231.04324140985366,1.25504628764758,0.9999999999999996,-2.715243081771252,-2.5548751615290706,-54.88676992751513
231.05144712375537,1.2607700454843953,0.9999999999999997,-2.7152394673193045,-2.554284459208694,-54.88299947210972
231.0596542529464,1.2664917094711323,0.9999999999999998,-2.715235966498403,-2.5536942098458817,-54.879242635715975
231.06786279631274,1.2722112813769775,0.9999999999999996,-2.715232578770943,-2.5531044136795904,-54.8754994094815
231.07607275274,1.2779287629708875,0.9999999999999998,-2.715229303599345,-2.552515070948808,-54.87176978455396
231.08428412111402,1.2836441560218463,0.9999999999999998,-2.715226140446008,-2.55192618189255,-54.86805375208096
231.0924969003203,1.289357462298611,0.9999999999999997,-2.715223088773329,-2.551337746749863,-54.86435130321014
231.10071108924438,1.2950686835699652,0.9999999999999997,-2.7152201480437292,-2.5507497657598206,-54.860662429089125
231.10892668677167,1.300777821604465,0.9999999999999997,-2.7152173177196057,-2.5501622391615286,-54.85698712086557
231.1171436917877,1.3064848781706941,0.9999999999999997,-2.715214597263341,-2.5495751671941185,-54.85332536968709
231.12536210317757,1.31218985503701,0.9999999999999997,-2.7152119861373536,-2.548988550096754,-54.84967716670132
231.1335819198265,1.317892753971795,0.9999999999999997,-2.715209483804059,-2.548402388108629,-54.8460425030559
231.14180314061966,1.3235935767432088,0.9999999999999998,-2.715207089725832,-2.5478166814689636,-54.84242136989844
231.1500257644421,1.3292923251194353,0.9999999999999996,-2.7152048033650935,-2.5472314304170105,-54.83881375837662
231.1582497901788,1.3349890008684333,0.9999999999999997,-2.7152026241842178,-2.546646635192052,-54.835219659638014
231.1664752167145,1.3406836057581895,0.9999999999999997,-2.715200551645647,-2.5460622960333987,-54.8316390648303
231.17470204293406,1.346376141556465,0.9999999999999997,-2.715198585211763,-2.545478413180392,-54.82807196510112
231.1829302677223,1.3520666100310477,0.9999999999999998,-2.7151967243449593,-2.544894986872402,-54.824518351598094
231.19115988996373,1.3577550129495009,0.9999999999999997,-2.7151949685076486,-2.54431201734883,-54.82097821546879
231.19939090854294,1.3634413520794155,0.9999999999999996,-2.7151933171622398,-2.5437295048491064,-54.81745154786091
231.2076233223444,1.3691256291881577,0.9999999999999996,-2.7151917697711263,-2.5431474496126936,-54.813938339922096
231.21585713025246,1.3748078460431208,0.9999999999999997,-2.71519032579673,-2.54256585187908,-54.81043858279992
231.2240923311515,1.380488004411475,0.9999999999999996,-2.715188984701439,-2.541984711887787,-54.80695226764209
231.23232892392565,1.3861661060604167,0.9999999999999998,-2.7151877459476768,-2.5414040298783678,-54.803479385596184
231.2405669074592,1.3918421527569198,0.9999999999999997,-2.7151866089978296,-2.540823806090401,-54.80001992780987
231.24880628063605,1.3975161462679855,0.9999999999999996,-2.715185573314343,-2.540244040763501,-54.79657388543074
231.25704704234022,1.4031880883603918,0.9999999999999998,-2.7151846383596037,-2.539664734137306,-54.79314124960647
231.26528919145574,1.4088579808009438,0.9999999999999997,-2.7151838035960276,-2.5390858864514914,-54.78972201148466
231.2735327268663,1.414525825356225,0.9999999999999996,-2.715183068486031,-2.53850749794576,-54.786316162212955
231.28177764745564,1.4201916237928456,0.9999999999999997,-2.715182432492052,-2.537929568859843,-54.782923692939
231.29002395210748,1.425855377877194,0.9999999999999996,-2.7151818950764763,-2.5373520994335053,-54.779544594810396
231.2982716397054,1.4315170893756868,0.9999999999999996,-2.715181455701742,-2.5367750899065404,-54.77617885897483
231.3065207091328,1.4371767600545176,0.9999999999999997,-2.715181113830273,-2.536198540518773,-54.772826476579844
231.31477115927325,1.4428343916799087,0.9999999999999998,-2.715180868924488,-2.53562245151006,-54.76948743877319
231.32302298900993,1.4484899860178617,0.9999999999999997,-2.715180720446828,-2.5350468231202887,-54.766161736702415
231.3312761972262,1.4541435448344053,0.9999999999999997,-2.715180667859705,-2.5344716555893734,-54.76284936151519
231.33953078280518,1.4597950698953777,0.9999999999999996,-2.7151807106255785,-2.533896949157265,-54.7595503043591
231.3477867446299,1.4654445629665216,0.9999999999999998,-2.7151808482068684,-2.53332270406394,-54.75626455638183
231.35604408158355,1.4710920258135778,0.9999999999999997,-2.7151810800660043,-2.5327489205494103,-54.752992108731014
231.36430279254887,1.4767374602020644,0.9999999999999996,-2.7151814056654477,-2.532175598853716,-54.74973295255425
231.37256287640884,1.4823808678975297,0.9999999999999996,-2.715181824467631,-2.531602739216929,-54.74648707899919
231.3808243320461,1.488022250665301,0.9999999999999998,-2.7151823359350074,-2.5310303418791524,-54.74325447921346
231.38908715834353,1.4936616102707347,0.9999999999999998,-2.715182939530021,-2.5304584070805216,-54.7400351443447
231.3973513541835,1.4992989484789667,0.9999999999999997,-2.71518363471514,-2.529886935061201,-54.736829065540554
231.40561691844874,1.5049342670551635,0.9999999999999997,-2.7151844209528107,-2.529315926061389,-54.73363623394864
231.41388385002153,1.510567567764269,0.9999999999999998,-2.7151852977055104,-2.528745380321312,-54.73045664071656
231.42215214778437,1.5161988523712597,0.9999999999999997,-2.7151862644356903,-2.5281752980812304,-54.727290276991994
231.4304218106195,1.5218281226408896,0.9999999999999996,-2.7151873206058137,-2.527605679581437,-54.72413713392259
231.43869283740904,1.5274553803379447,0.9999999999999997,-2.715188465678388,-2.5270365250622517,-54.720997202655916
231.44696522703515,1.5330806272269901,0.9999999999999998,-2.715189699115861,-2.5264678347640293,-54.71787047433965
231.45523897837995,1.5387038650726217,0.9999999999999997,-2.7151910203807277,-2.5258996089271566,-54.71475694012142
231.46351409032528,1.5443250956392167,0.9999999999999997,-2.715192428935476,-2.5253318477920517,-54.711656591148845
231.47179056175312,1.5499443206911812,0.9999999999999997,-2.7151939242425835,-2.524764551599162,-54.708569418569574
231.48006839154522,1.5555615419927036,0.9999999999999998,-2.7151955057645565,-2.52419772058897,-54.70549541353124
231.4883475785833,1.5611767613080025,0.9999999999999999,-2.7151971729639066,-2.5236313550019878,-54.70243456718145
231.49662812174904,1.5667899804010779,0.9999999999999998,-2.715198925303108,-2.5230654550787612,-54.69938687066788
231.5049100199239,1.5724012010359611,0.9999999999999998,-2.7152007622447134,-2.522500021059866,-54.696352315138114
231.51319327198942,1.5780104249764642,0.9999999999999996,-2.7152026832511997,-2.5219350531859104,-54.693330891739826
231.521477876827,1.5836176539864306,0.9999999999999997,-2.715204687785115,-2.521370551697536,-54.690322591620614
231.52976383331784,1.5892228898294865,0.9999999999999996,-2.7152067753089755,-2.5208065168354175,-54.68732740592812
231.53805114034338,1.5948261342692884,0.9999999999999997,-2.7152089452853057,-2.5202429488402576,-54.68434532581001
231.54633979678462,1.6004273890692757,0.9999999999999997,-2.7152111971766426,-2.5196798479527938,-54.681376342413905
231.55462980152274,1.6060266559929202,0.9999999999999997,-2.7152135304455327,-2.5191172144137965,-54.6784204468874
231.56292115343857,1.6116239368034735,0.9999999999999996,-2.71521594455453,-2.5185550484640697,-54.675477630378175
