galstreams/tracks/track.st.Jhelum.ibata2021.ecsv
# %ECSV 0.9
# ---
# datatype:
# - {name: ra, unit: deg, datatype: float64}
# - {name: dec, unit: deg, datatype: float64}
# - {name: distance, unit: kpc, datatype: float64}
# - {name: pm_ra_cosdec, unit: mas / yr, datatype: float64}
# - {name: pm_dec, unit: mas / yr, datatype: float64}
# - {name: radial_velocity, unit: km / s, datatype: float64}
# delimiter: ','
# meta: !!omap
# - __serialized_columns__:
#     dec:
#       __class__: astropy.coordinates.angles.Latitude
#       unit: &id001 !astropy.units.Unit {unit: deg}
#       value: !astropy.table.SerializedColumn {name: dec}
#     distance:
#       __class__: astropy.coordinates.distances.Distance
#       unit: !astropy.units.Unit {unit: kpc}
#       value: !astropy.table.SerializedColumn {name: distance}
#     pm_dec:
#       __class__: astropy.units.quantity.Quantity
#       unit: !astropy.units.Unit {unit: mas / yr}
#       value: !astropy.table.SerializedColumn {name: pm_dec}
#     pm_ra_cosdec:
#       __class__: astropy.units.quantity.Quantity
#       unit: !astropy.units.Unit {unit: mas / yr}
#       value: !astropy.table.SerializedColumn {name: pm_ra_cosdec}
#     ra:
#       __class__: astropy.coordinates.angles.Longitude
#       unit: *id001
#       value: !astropy.table.SerializedColumn {name: ra}
#       wrap_angle: !astropy.coordinates.Angle
#         unit: *id001
#         value: 360.0
#     radial_velocity:
#       __class__: astropy.units.quantity.Quantity
#       unit: !astropy.units.Unit {unit: km / s}
#       value: !astropy.table.SerializedColumn {name: radial_velocity}
# schema: astropy-2.0
ra,dec,distance,pm_ra_cosdec,pm_dec,radial_velocity
[from data line 1800]
341.9220695662007,-51.22546213803513,10.7105986915346,6.446520123019589,-5.484208668412622,-1.1789073981821273e-13
341.9062037930377,-51.22410024352217,10.71135837124865,6.44505680981856,-5.485346171225391,-6.73661370389787e-14
341.89033906534206,-51.22273564224334,10.7121179959356,6.443593577481041,-5.486482868363812,-6.73661370389787e-14
341.8744753851847,-51.22136833382755,10.712877563945643,6.442130427636964,-5.487618759863256,-1.1789073981821273e-13
341.85861275463657,-51.21999831790427,10.713637073628972,6.4406673619161845,-5.488753845760353,-5.0524602779234026e-14
341.84275117576857,-51.21862559410353,10.714396523335784,6.4392043819485,-5.489888126092996,-1.0104920555846805e-13
341.82689065065165,-51.21725016205588,10.715155911416273,6.437741489363627,-5.491021600900339,0.0
341.8110311813567,-51.21587202139243,10.71591523622063,6.436278685791222,-5.49215427022281,-1.1789073981821273e-13
341.79517276995495,-51.214491171744854,10.716674496099047,6.434815972860866,-5.493286134102082,-5.0524602779234026e-14
341.77931541851717,-51.213107612745354,10.717433689401721,6.4333533522020625,-5.494417192581107,-1.6841534259744677e-13
341.7634591291145,-51.21172134402669,10.718192814478849,6.431890825444255,-5.495547445704085,-1.347322740779574e-13
341.74760390381806,-51.21033236522218,10.718951869680616,6.430428394216806,-5.496676893516491,-1.1789073981821273e-13
341.7317497446988,-51.208940675965664,10.719710853357219,6.428966060148991,-5.4978055360650515,-1.515738083377021e-13
341.7158966538278,-51.20754627589155,10.720469763858857,6.427503824870028,-5.498933373397758,-1.347322740779574e-13
341.70004463327626,-51.206149164634795,10.721228599535717,6.426041690009049,-5.500060405563864,-8.420767129872338e-14
341.6841936851152,-51.2047493418309,10.721987358737994,6.424579657195108,-5.501186632613886,-3.368306851948935e-14
341.66834381141564,-51.203346807115906,10.722746039815886,6.423117728057177,-5.502312054599603,-1.1789073981821273e-13
341.6524950142488,-51.20194156012643,10.723504641119579,6.4216559042241625,-5.503436671574047,-6.73661370389787e-14
341.63664729568575,-51.20053360049962,10.724263160999275,6.420194187324866,-5.504560483591518,-8.420767129872338e-14
341.62080065779764,-51.19912292787315,10.725021597805162,6.41873257898803,-5.50568349070757,-3.368306851948935e-14
341.6049551026554,-51.19770954188529,10.725779949887439,6.417271080842296,-5.506805692979032,-1.0104920555846805e-13
341.58911063233035,-51.19629344217481,10.726538215596293,6.415809694516239,-5.5079270904639746,-1.8525687685719145e-13
341.57326724889356,-51.19487462838106,10.727296393281918,6.414348421638336,-5.509047683221735,-8.420767129872338e-14
341.557424954416,-51.19345310014395,10.728054481294517,6.412887263836975,-5.51016747131292,-1.8525687685719145e-13
341.54158375096887,-51.19202885710389,10.728812477984276,6.411426222740479,-5.511286454799376,1.6841534259744676e-14
341.5257436406231,-51.19060189890188,10.729570381701384,6.409965299977058,-5.512404633744239,-1.515738083377021e-13
341.5099046254499,-51.18917222517947,10.730328190796047,6.408504497174847,-5.513522008211872,-2.020984111169361e-13
341.49406670752035,-51.187739835578725,10.731085903618451,6.407043815961888,-5.5146385782679115,-1.515738083377021e-13
341.47822988890533,-51.18630472974229,10.731843518518787,6.405583257966135,-5.515754343979262,-1.0104920555846805e-13
341.46239417167595,-51.18486690731334,10.732601033847255,6.404122824815447,-5.516869305414069,-1.6841534259744676e-14
341.44655955790313,-51.18342636793561,10.733358447954048,6.40266251813758,-5.517983462641752,-1.347322740779574e-13
341.430726049658,-51.18198311125338,10.734115759189354,6.401202339560232,-5.519096815732974,-5.0524602779234026e-14
341.41489364901133,-51.18053713691148,10.734872965903374,6.399742290710962,-5.52020936475967,-1.347322740779574e-13
341.39906235803414,-51.17908844455529,10.735630066446298,6.39828237321726,-5.521321109795027,-1.347322740779574e-13
341.3832321787974,-51.17763703383073,10.73638705916832,6.396822588706514,-5.522432050913484,-1.515738083377021e-13
341.3674031133719,-51.17618290438428,10.737143942419634,6.395362938806011,-5.523542188190747,-6.73661370389787e-14
341.35157516382844,-51.17472605586295,10.737900714550433,6.393903425142948,-5.524651521703776,-5.0524602779234026e-14
341.335748332238,-51.17326648791432,10.73865737391091,6.392444049344415,-5.525760051530786,-1.6841534259744676e-14
341.31992262067115,-51.17180420018651,10.739413918851259,6.390984813037404,-5.526867777751255,-1.0104920555846805e-13
341.30409803119875,-51.17033919232819,10.740170347721675,6.389525717848802,-5.527974700445904,-6.73661370389787e-14
341.2882745658915,-51.16887146398858,10.740926658872354,6.388066765405397,-5.5290808196967305,-1.515738083377021e-13
341.27245222682006,-51.167401014817436,10.741682850653483,6.386607957333886,-5.530186135586966,-1.1789073981821273e-13
341.2566310160551,-51.165927844465074,10.742438921415262,6.385149295260838,-5.531290648201116,-6.73661370389787e-14
341.2408109356671,-51.16445195258236,10.743194869507878,6.3836907808127314,-5.5323943576249395,-1.6841534259744677e-13
341.2249919877267,-51.16297333882071,10.743950693281535,6.382232415615938,-5.533497263945435,-1.8525687685719145e-13
341.2091741743044,-51.16149200283207,10.744706391086414,6.380774201296728,-5.534599367250875,-1.515738083377021e-13
341.1933574974706,-51.160007944268976,10.745461961272722,6.379316139481241,-5.535700667630779,-5.0524602779234026e-14
341.17754195929564,-51.158521162784446,10.746217402190638,6.3778582317955355,-5.536801165175929,-8.420767129872338e-14
341.1617275618499,-51.157031658032125,10.746972712190367,6.37640047986554,-5.537900859978349,-1.0104920555846805e-13
341.1459143072037,-51.15553942966613,10.747727889622102,6.374942885317082,-5.538999752131321,-5.0524602779234026e-14
341.13010219742733,-51.15404447734117,10.74848293283603,6.373485449775879,-5.540097841729393,-1.1789073981821273e-13
341.1142912345909,-51.15254680071253,10.74923784018235,6.372028174867525,-5.5411951288683525,-1.0104920555846805e-13
341.09848142076453,-51.15104639943597,10.749992610011253,6.370571062217513,-5.542291613645249,-1.347322740779574e-13
341.08267275801825,-51.14954327316785,10.750747240672938,6.36911411345121,-5.543387296158379,-1.0104920555846805e-13
341.0668652484221,-51.14803742156508,10.75150173051759,6.367657330193877,-5.544482176507303,-1.0104920555846805e-13
341.05105889404604,-51.14652884428508,10.752256077895407,6.366200714070654,-5.5455762547928265,-1.6841534259744677e-13
341.0352536969599,-51.145017540985855,10.753010281156586,6.364744266706559,-5.5466695311170024,-5.0524602779234026e-14
341.0194496592335,-51.14350351132593,10.753764338651314,6.363287989726498,-5.5477620055831585,-2.3578147963642546e-13
341.0036467829365,-51.141986754964435,10.75451824872979,6.3618318847552615,-5.54885367829584,-8.420767129872338e-14
340.98784507013863,-51.140467271560965,10.755272009742205,6.360375953417503,-5.549944549360881,-1.0104920555846805e-13
340.97204452290947,-51.13894506077572,10.756025620038754,6.358920197337773,-5.5510346188853426,-3.368306851948935e-14
340.9562451433184,-51.13742012226944,10.756779077969634,6.357464618140485,-5.552123886977547,-6.73661370389787e-14
340.9404469334351,-51.1358924557034,10.75753238188503,6.356009217449941,-5.55321235374707,-6.73661370389787e-14
340.9246498953287,-51.13436206073943,10.758285530135142,6.3545539968903135,-5.554300019304732,-1.0104920555846805e-13
340.9088540310686,-51.1328289370399,10.759038521070167,6.3530989580856465,-5.555386883762603,0.0
340.89305934272386,-51.13129308426777,10.759791353040287,6.351644102659866,-5.556472947234019,-6.73661370389787e-14
340.8772658323637,-51.12975450208646,10.760544024395704,6.350189432236765,-5.55755820983355,-8.420767129872338e-14
340.8614735020572,-51.12821319016003,10.761296533486615,6.348734948440006,-5.558642671677016,-8.420767129872338e-14
340.84568235387314,-51.12666914815305,10.762048878663201,6.347280652893134,-5.5597263328815,-1.0104920555846805e-13
340.82989238988046,-51.125122375730626,10.76280105827567,6.3458265472195485,-5.560809193565323,-1.0104920555846805e-13
340.8141036121478,-51.12357287255844,10.763553070674208,6.344372633042525,-5.561891253848067,-6.73661370389787e-14
340.79831602274396,-51.122020638302686,10.764304914209008,6.342918911985219,-5.56297251385055,-6.73661370389787e-14
340.7825296237374,-51.12046567263014,10.765056587230267,6.341465385670628,-5.564052973694846,-1.0104920555846805e-13
340.76674441719666,-51.11890797520811,10.76580808808818,6.34001205572164,-5.565132633504275,-3.368306851948935e-14
340.75096040518997,-51.11734754570446,10.766559415132935,6.3385589237609885,-5.56621149340341,-1.515738083377021e-13
340.73517758978585,-51.11578438378756,10.767310566714729,6.337105991411296,-5.567289553518066,-1.0104920555846805e-13
340.71939597305226,-51.11421848912642,10.768061541183755,6.335653260295019,-5.568366813975311,-8.420767129872338e-14
340.7036155570573,-51.112649861390516,10.768812336890207,6.334200732034497,-5.5694432749034615,-1.8525687685719145e-13
340.6878363438689,-51.11107850024989,10.76956295218428,6.332748408251928,-5.570518936432069,-1.0104920555846805e-13
340.672058335555,-51.109504405375134,10.770313385416168,6.331296290569357,-5.57159379869195,-2.020984111169361e-13
340.65628153418334,-51.10792757643741,10.771063634936061,6.329844380608711,-5.5726678618151535,-1.0104920555846805e-13
340.64050594182146,-51.10634801310841,10.771813699094153,6.3283926799917545,-5.573741125934983,-3.368306851948935e-14
340.6247315605369,-51.10476571506036,10.772563576240643,6.326941190340121,-5.574813591185991,-1.8525687685719145e-13
340.6089583923971,-51.103180681966066,10.773313264725719,6.325489913275305,-5.57588525770396,-1.6841534259744676e-14
340.59318643946926,-51.101592913498834,10.774062762899577,6.32403885041864,-5.576956125625939,-1.347322740779574e-13
340.57741570382063,-51.100002409332575,10.77481206911241,6.322588003391331,-5.578026195090207,-1.515738083377021e-13
340.56164618751825,-51.098409169141725,10.775561181714412,6.3211373738144285,-5.579095466236295,-6.73661370389787e-14
340.54587789262905,-51.09681319260122,10.77631009905578,6.319686963308837,-5.580163939204973,-8.420767129872338e-14
340.53011082121975,-51.09521447938662,10.777058819486703,6.318236773495319,-5.581231614138266,-8.420767129872338e-14
340.51434497535706,-51.09361302917399,10.777807341357375,6.316786805994477,-5.582298491179438,-2.020984111169361e-13
340.49858035710764,-51.092008841639945,10.778555663017992,6.315337062426778,-5.583364570472986,1.6841534259744676e-14
340.4828169685377,-51.090401916461644,10.779303782818744,6.3138875444125215,-5.584429852164674,-1.8525687685719145e-13
340.46705481171375,-51.08879225331681,10.780051699109828,6.31243825357187,-5.585494336401486,-6.73661370389787e-14
340.45129388870174,-51.08717985188371,10.780799410241439,6.310989191524819,-5.586558023331666,-2.1893994537668078e-13
340.4355342015678,-51.085564711841144,10.781546914563766,6.309540359891228,-5.587620913104686,-2.020984111169361e-13
340.41977575237786,-51.08394683286847,10.782294210427011,6.308091760290787,-5.588683005871275,-1.0104920555846805e-13
340.4040185431976,-51.08232621464559,10.783041296181356,6.3066433943430384,-5.589744301783396,-1.1789073981821273e-13
340.3882625760926,-51.08070285685295,10.783788170177003,6.305195263667363,-5.590804800994256,-8.420767129872338e-14
340.37250785312835,-51.079076759171556,10.784534830764143,6.30374736988299,-5.591864503658305,-1.1789073981821273e-13
340.3567543763702,-51.077447921282925,10.78528127629297,6.30229971460898,-5.5929234099312275,-1.1789073981821273e-13
340.34100214788333,-51.075816342869174,10.786027505113676,6.300852299464255,-5.59398151996996,-6.73661370389787e-14
340.32525116973267,-51.07418202361293,10.78677351557646,6.299405126067551,-5.59503883393267,-6.73661370389787e-14
340.3095014439832,-51.07254496319737,10.787519306031507,6.29795819603746,-5.596095351978775,-1.0104920555846805e-13
340.2937529726997,-51.07090516130624,10.78826487482902,6.296511510992403,-5.597151074268922,-1.6841534259744677e-13
340.2780057579466,-51.06926261762381,10.789010220319186,6.295065072550647,-5.598206000965001,-1.8525687685719145e-13
340.2622598017884,-51.067617331834896,10.789755340852203,6.293618882330292,-5.599260132230146,-1.6841534259744677e-13
340.2465151062894,-51.06596930362487,10.79050023477826,6.29217294194927,-5.600313468228725,-1.6841534259744676e-14
340.23077167351363,-51.06431853267965,10.791244900447554,6.290727253025338,-5.601366009126355,-1.1789073981821273e-13
340.21502950552514,-51.062665018685706,10.791989336210278,6.289281817176111,-5.602417755089876,-1.347322740779574e-13
340.1992886043876,-51.06100876133004,10.792733540416627,6.287836636019012,-5.603468706287375,-5.0524602779234026e-14
340.1835489721647,-51.0593497603002,10.793477511416793,6.286391711171308,-5.604518862888183,-1.515738083377021e-13
340.16781061091996,-51.057688015284306,10.794221247560971,6.284947044250097,-5.605568225062848,-8.420767129872338e-14
340.15207352271665,-51.05602352597099,10.794964747199353,6.283502636872301,-5.606616792983182,-1.0104920555846805e-13
340.1363377096178,-51.05435629204945,10.795708008682132,6.282058490654673,-5.607664566822216,-1.0104920555846805e-13
340.1206031736864,-51.05268631320943,10.796451030359506,6.280614607213787,-5.608711546754224,-2.1893994537668078e-13
340.1048699169853,-51.05101358914122,10.797193810581662,6.279170988166063,-5.609757732954712,-1.8525687685719145e-13
340.0891379415771,-51.04933811953564,10.7979363476988,6.277727635127725,-5.610803125600423,-8.420767129872338e-14
340.0734072495243,-51.04765990408408,10.79867864006111,6.276284549714836,-5.611847724869342,-1.6841534259744676e-14
340.05767784288895,-51.04597894247846,10.79942068601879,6.274841733543269,-5.612891530940686,-1.6841534259744676e-14
340.04194972373324,-51.044295234411244,10.800162483922024,6.273399188228735,-5.6139345439949055,-1.347322740779574e-13
340.02622289411914,-51.042608779575446,10.80090403212102,6.271956915386765,-5.614976764213681,-1.0104920555846805e-13
340.0104973561083,-51.04091957766464,10.801645328965957,6.270514916632699,-5.616018191779938,-1.347322740779574e-13
339.99477311176224,-51.03922762837293,10.80238637280704,6.269073193581707,-5.6170588268778285,-2.020984111169361e-13
339.97905016314235,-51.03753293139496,10.803127161994455,6.267631747848778,-5.618098669692739,-2.020984111169361e-13
339.9633285123098,-51.03583548642594,10.803867694878402,6.266190581048714,-5.61913772041129,-1.347322740779574e-13
339.94760816132543,-51.034135293161604,10.80460796980907,6.264749694796147,-5.620175979221337,-3.368306851948935e-14
339.93188911225013,-51.03243235129825,10.805347985136653,6.263309090705505,-5.621213446311968,-1.0104920555846805e-13
339.91617136714456,-51.03072666053269,10.806087739211348,6.261868770391051,-5.622250121873497,-6.73661370389787e-14
339.9004549280689,-51.02901822056234,10.806827230383345,6.260428735466853,-5.623286006097484,-1.6841534259744676e-14
339.88473979708345,-51.02730703108509,10.807566457002839,6.25898898754679,-5.624321099176704,-2.3578147963642546e-13
339.8690259762483,-51.02559309179943,10.808305417420028,6.257549528244566,-5.625355401305169,-3.368306851948935e-14
339.853313467623,-51.02387640240437,10.809044109985097,6.256110359173684,-5.626388912678136,-1.347322740779574e-13
339.8376022732674,-51.022156962599475,10.809782533048248,6.254671481947462,-5.627421633492068,-3.368306851948935e-14
339.82189239524075,-51.02043477208484,10.81052068495967,6.253232898179029,-5.628453563944675,-1.6841534259744677e-13
339.80618383560227,-51.01870983056111,10.811258564069552,6.251794609481333,-5.629484704234892,-1.0104920555846805e-13
339.79047659641094,-51.01698213772949,10.811996168728097,6.250356617467112,-5.630515054562885,-3.368306851948935e-14
