galstreams/tracks/track.st.NGC1851.ibata2021.ecsv
# %ECSV 1.0
# ---
# datatype:
# - {name: ra, unit: deg, datatype: float64}
# - {name: dec, unit: deg, datatype: float64}
# - {name: distance, unit: kpc, datatype: float64}
# - {name: pm_ra_cosdec, unit: mas / yr, datatype: float64}
# - {name: pm_dec, unit: mas / yr, datatype: float64}
# - {name: radial_velocity, unit: km / s, datatype: float64}
# delimiter: ','
# meta: !!omap
# - __serialized_columns__:
#     dec:
#       __class__: astropy.coordinates.angles.Latitude
#       unit: &id001 !astropy.units.Unit {unit: deg}
#       value: !astropy.table.SerializedColumn {name: dec}
#     distance:
#       __class__: astropy.coordinates.distances.Distance
#       unit: !astropy.units.Unit {unit: kpc}
#       value: !astropy.table.SerializedColumn {name: distance}
#     pm_dec:
#       __class__: astropy.units.quantity.Quantity
#       unit: !astropy.units.Unit {unit: mas / yr}
#       value: !astropy.table.SerializedColumn {name: pm_dec}
#     pm_ra_cosdec:
#       __class__: astropy.units.quantity.Quantity
#       unit: !astropy.units.Unit {unit: mas / yr}
#       value: !astropy.table.SerializedColumn {name: pm_ra_cosdec}
#     ra:
#       __class__: astropy.coordinates.angles.Longitude
#       unit: *id001
#       value: !astropy.table.SerializedColumn {name: ra}
#       wrap_angle: !astropy.coordinates.Angle
#         unit: *id001
#         value: 360.0
#     radial_velocity:
#       __class__: astropy.units.quantity.Quantity
#       unit: !astropy.units.Unit {unit: km / s}
#       value: !astropy.table.SerializedColumn {name: radial_velocity}
# schema: astropy-2.0
ra,dec,distance,pm_ra_cosdec,pm_dec,radial_velocity
[from data line 1089]
78.85670216946714,-40.161420092804185,13.759021241809076,2.332023163758708,-0.5312787088233183,0.0
78.85819590633692,-40.15188667877037,13.759218590039088,2.3319954314776496,-0.5311544107441994,-2.1051917824680845e-15
78.8596804993255,-40.14235292525465,13.75941304351545,2.331968105273435,-0.5310305662532806,-1.0525958912340423e-14
78.86115590117083,-40.132818830702895,13.759604588929095,2.331941187166122,-0.5309071781808565,-2.7367493172085098e-14
78.86262206463599,-40.12328439356105,13.759793212970965,2.3319146791762804,-0.5307842493556305,-2.1051917824680845e-15
78.86407894250915,-40.11374961227508,13.759978902332005,2.3318885833249863,-0.5306617826047196,-8.420767129872338e-15
78.86552648760365,-40.10421448529093,13.760161643703157,2.3318629016338175,-0.5305397807536602,-2.1051917824680846e-14
78.8669646527579,-40.094679011054566,13.760341423775362,2.331837636124852,-0.530418246626413,-1.2631150694808506e-14
78.86839339083537,-40.08514318801179,13.760518229239556,2.3318127888206646,-0.5302971830453695,-2.7367493172085098e-14
78.86981265472456,-40.07560701460835,13.760692046786692,2.3317883617443114,-0.5301765928313558,-2.7367493172085098e-14
78.87122239733898,-40.066070489289814,13.760862863107702,2.331764356919338,-0.5300564788036403,-2.1051917824680846e-14
78.87262257161716,-40.05653361050151,13.76103066489353,2.3317407763697657,-0.5299368437799367,-8.420767129872338e-15
78.87401313052248,-40.046996376688575,13.761195438835115,2.331717622120093,-0.529817690576412,-2.315710960714893e-14
78.87539402704337,-40.037458786295836,13.761357171623407,2.3316948961952866,-0.5296990220076896,-1.894672604221276e-14
78.87676521419307,-40.02792083776781,13.761515849949333,2.331672600620776,-0.529580840886857,-2.315710960714893e-14
78.87812664500976,-40.018382529548646,13.76167146050385,2.3316507374224527,-0.5294631500254692,-1.2631150694808506e-14
78.87947827255643,-40.00884386008211,13.76182398997789,2.331629308626663,-0.5293459522335568,-1.473634247727659e-14
78.88082004992091,-39.99930482781148,13.761973425062395,2.3316083162602026,-0.529229250319629,-2.1051917824680846e-14
78.88215193021583,-39.9897654311796,13.762119752448317,2.33158776235031,-0.5291130470906805,-3.157787673702127e-14
78.88347386657857,-39.980225668628755,13.762262958826579,2.331567648924668,-0.5289973453521977,-2.315710960714893e-14
78.88478581217129,-39.9706855386007,13.762403030888139,2.331547978011389,-0.5288821479081626,-8.420767129872338e-15
78.88608772018083,-39.96114503953652,13.76253995532393,2.3315287516390235,-0.5287674575610604,-2.315710960714893e-14
78.88737954381875,-39.95160416987672,13.762673718824896,2.33150997183654,-0.5286532771118828,-1.894672604221276e-14
78.88866123632128,-39.94206292806108,13.762804308081979,2.3314916406333297,-0.528539609360136,-1.473634247727659e-14
78.8899327509493,-39.93252131252863,13.76293170978612,2.3314737600592013,-0.5284264571038448,-2.1051917824680845e-15
78.89119404098824,-39.92297932171768,13.763055910628259,2.3314563321443695,-0.5283138231395594,-1.2631150694808506e-14
78.89244505974818,-39.91343695406568,13.763176897299338,2.3314393589194564,-0.52820171026236,-1.894672604221276e-14
78.8936857605638,-39.903894208009234,13.763294656490299,2.331422842415486,-0.5280901212658621,-2.315710960714893e-14
78.89491609679423,-39.89435108198405,13.763409174892082,2.3314067846638755,-0.5279790589422246,-1.0525958912340423e-14
78.89613602182317,-39.884807574424904,13.763520439195634,2.3313911876964313,-0.5278685260821534,-4.210383564936169e-15
78.89734548905876,-39.875263683765546,13.76362843609189,2.331376053545345,-0.5277585254749076,-2.7367493172085098e-14
78.89854445193369,-39.865719408438764,13.763733152271799,2.3313613842431895,-0.5276490599083056,-2.7367493172085098e-14
78.899732863905,-39.8561747468762,13.76383457442629,2.3313471818229132,-0.52754013216873,-2.315710960714893e-14
78.90091067845417,-39.84662969750846,13.763932689246317,2.33133344831783,-0.5274317450411349,-2.947268495455318e-14
78.90207784908708,-39.83708425876493,13.764027483422819,2.3313201857616233,-0.5273239013090502,-1.0525958912340423e-14
78.90323432933394,-39.827538429073854,13.764118943646727,2.3313073961883313,-0.5272166037545892,-3.157787673702127e-14
78.90438007274932,-39.81799220686218,13.764207056608997,2.3312950816323483,-0.5271098551584512,-2.7367493172085098e-14
78.9055150329121,-39.8084455905556,13.764291809000564,2.3312832441284197,-0.5270036582999305,-8.420767129872338e-15
78.90663916342542,-39.79889857857846,13.764373187512367,2.3312718857116312,-0.5268980159569213,-8.420767129872338e-15
78.90775241791671,-39.78935116935376,13.764451178835353,2.3312610084174077,-0.5267929309059233,-1.6841534259744676e-14
78.9088547500376,-39.77980336130307,13.764525769660457,2.3312506142815095,-0.5266884059220472,-2.947268495455318e-14
78.90994611346396,-39.77025515284648,13.764596946678626,2.331240705340022,-0.5265844437790204,-1.894672604221276e-14
78.91102646189584,-39.7607065424026,13.764664696580803,2.3312312836293563,-0.5264810472491946,-1.473634247727659e-14
78.91209574905741,-39.75115752838848,13.764729006057923,2.331222351186239,-0.5263782191035502,-1.2631150694808506e-14
78.91315392869703,-39.74160810921957,13.764789861800928,2.331213910047711,-0.5262759621117019,-6.315575347404253e-15
78.91420095458712,-39.73205828330972,13.764847250500766,2.3312059622511168,-0.5261742790419064,-2.315710960714893e-14
78.91523678052421,-39.722508049071045,13.764901158848376,2.3311985098341044,-0.5260731726610657,-4.210383564936169e-15
78.91626136032887,-39.71295740491398,13.764951573534695,2.3311915548346205,-0.5259726457347362,-2.315710960714893e-14
78.91727464784574,-39.703406349247125,13.76499848125067,2.331185099290898,-0.5258727010271314,-8.420767129872338e-15
78.91827659694343,-39.69385488047734,13.765041868687238,2.331179145241461,-0.5257733413011311,-2.1051917824680846e-14
78.91926716151455,-39.684302997009574,13.765081722535346,2.3311736947251087,-0.525674569318284,-1.473634247727659e-14
78.92024629547566,-39.674750697246886,13.76511802948593,2.3311687497809186,-0.525576387838817,-2.7367493172085098e-14
78.92121395276727,-39.66519797959037,13.765150776229929,2.3311643124482364,-0.5254787996216386,-3.368306851948935e-14
78.92217008735382,-39.65564484243915,13.765179949458297,2.3311603847666715,-0.5253818074243459,-2.315710960714893e-14
78.92311465322356,-39.64609128419027,13.765205535861964,2.3311569687760927,-0.5252854140032315,-2.1051917824680845e-15
78.92404760438866,-39.6365373032387,13.765227522131875,2.331154066516623,-0.5251896221132886,-2.5262301389617013e-14
78.92496889488514,-39.62698289797729,13.765245894958975,2.3311516800286305,-0.5250944345082157,-6.315575347404253e-15
78.92587847877279,-39.61742806679668,13.765260641034198,2.33114981135273,-0.5249998539404258,-1.473634247727659e-14
78.92677631013518,-39.60787280808531,13.765271747048493,2.33114846252977,-0.5249058831610506,-1.894672604221276e-14
78.92766234307972,-39.59831712022933,13.765279199692797,2.3311476356008294,-0.5248125249199451,-6.315575347404253e-15
78.92853653173746,-39.58876100161258,13.765282985658047,2.3311473326072183,-0.524719781965698,-1.6841534259744676e-14
78.92939883026322,-39.57920445061655,13.765283091635201,2.331147555590459,-0.5246276570456322,-2.1051917824680845e-15
78.9302491928355,-39.56964746562025,13.765279504315183,2.3311483065922975,-0.5245361529058166,-1.6841534259744676e-14
78.93108757365648,-39.560090045000315,13.765272210388941,2.331149587654685,-0.5244452722910677,-2.7367493172085098e-14
78.93191392695196,-39.55053218713082,13.765261196547419,2.3311514008197745,-0.5243550179449576,-1.473634247727659e-14
78.93272820697135,-39.54097389038332,13.765246449481557,2.331153748129922,-0.524265392609821,-4.210383564936169e-15
78.93353036798767,-39.531415153126744,13.765227955882292,2.3311566316276737,-0.52417639902676,-1.0525958912340423e-14
78.93432036429752,-39.52185597372737,13.76520570244057,2.331160053355762,-0.52408803993565,-2.1051917824680846e-14
78.93509815022102,-39.51229635054881,13.765179675847335,2.331164015357104,-0.5240003180751475,-1.894672604221276e-14
78.93586368010183,-39.50273628195193,13.765149862793523,2.3311685196747898,-0.5239132361826953,-1.6841534259744676e-14
78.9366169083071,-39.49317576629477,13.765116249970081,2.3311735683520807,-0.5238267969945274,-1.0525958912340423e-14
78.93735778922742,-39.48361480193259,13.765078824067942,2.331179163432403,-0.523741003245679,-2.5262301389617013e-14
78.93808627727692,-39.474053387217694,13.765037571778054,2.331185306959345,-0.5236558576699879,-3.5788260301957434e-14
78.93880232689307,-39.46449152049952,13.764992479791362,2.331192000976641,-0.5235713630001034,-1.2631150694808506e-14
78.93950589253674,-39.4549292001245,13.764943534798794,2.3311992475281818,-0.5234875219674948,-2.1051917824680846e-14
78.94019692869226,-39.445366424436024,13.764890723491305,2.331207048657996,-0.5234043373024515,-2.5262301389617013e-14
78.94087538986724,-39.43580319177441,13.764834032559834,2.331215406410246,-0.5233218117340948,-1.6841534259744676e-14
78.94154123059263,-39.42623950047688,13.764773448695317,2.331224322829231,-0.5232399479903826,-3.5788260301957434e-14
78.94219440542274,-39.416675348877426,13.7647089585887,2.3312337999593713,-0.5231587487981135,-1.2631150694808506e-14
78.94283486893507,-39.4071107353069,13.764640548930922,2.3312438398452056,-0.5230782168829371,-1.2631150694808506e-14
78.94346257573046,-39.39754565809279,13.76456820641293,2.3312544445313907,-0.5229983549693564,-2.5262301389617013e-14
78.94407748043298,-39.38798011555931,13.76449191772566,2.331265616062687,-0.5229191657807362,-8.420767129872338e-15
78.94467953768986,-39.37841410602733,13.764411669560051,2.3312773564839597,-0.5228406520393098,-1.473634247727659e-14
78.94526870217157,-39.36884762781425,13.764327448607048,2.3312896678401667,-0.5227628164661834,-2.1051917824680846e-14
78.94584492857173,-39.35928067923404,13.764239241557595,2.331302552176362,-0.5226856617813441,-1.6841534259744676e-14
78.94640817160712,-39.34971325859714,13.764147035102633,2.3313160115376785,-0.5226091907036657,-6.315575347404253e-15
78.9469583860176,-39.340145364210414,13.7640508159331,2.3313300479693333,-0.5225334059509155,-1.473634247727659e-14
78.94749552656614,-39.33057699437716,13.763950570739938,2.3313446635166115,-0.5224583102397595,-1.6841534259744676e-14
78.94801954803883,-39.321008147396945,13.763846286214095,2.3313598602248695,-0.5223839062857696,0.0
78.94853040524472,-39.31143882156565,13.763737949046499,2.331375640139525,-0.5223101968034312,-2.315710960714893e-14
78.94902805301601,-39.30186901517541,13.763625545928107,2.3313920053060477,-0.522237184506146,-1.2631150694808506e-14
78.94951244620778,-39.292298726514524,13.763509063549847,2.3314089577699613,-0.5221648721062426,-1.6841534259744676e-14
78.94998353969817,-39.28272795386742,13.763388488602674,2.33142649957683,-0.5220932623149805,-3.5788260301957434e-14
78.95044128838826,-39.27315669551466,13.76326380777752,2.3314446327722584,-0.5220223578425565,-1.2631150694808506e-14
78.95088564720204,-39.26358494973278,13.763135007765321,2.331463359401885,-0.5219521613981131,-8.420767129872338e-15
78.95131657108644,-39.254012714794335,13.763002075257038,2.3314826815113676,-0.5218826756897414,-1.894672604221276e-14
78.95173401501128,-39.2444399889678,13.762864996943593,2.331502601146393,-0.5218139034244913,-1.6841534259744676e-14
78.95213793396924,-39.234866770517556,13.762723759515938,2.331523120352654,-0.5217458473083765,-2.947268495455318e-14
78.95252828297583,-39.225293057703816,13.76257834966501,2.331544241175859,-0.5216785100463792,-1.473634247727659e-14
78.9529050170694,-39.215718848782544,13.762428754081753,2.3315659656617154,-0.5216118943424594,-2.1051917824680846e-14
78.9532680913111,-39.20614414200547,13.76227495945711,2.3315882958559264,-0.5215460028995598,-1.2631150694808506e-14
78.95361746078484,-39.196568935619986,13.762116952482017,2.331611233804189,-0.5214808384196129,-2.1051917824680845e-15
78.9539530805973,-39.18699322786914,13.761954719847422,2.3316347815521814,-0.5214164036035471,-1.0525958912340423e-14
78.95427490587788,-39.17741701699152,13.761788248244265,2.3316589411455624,-0.521352701151293,-1.2631150694808506e-14
78.9545828917787,-39.16784030122127,13.761617524363482,2.331683714629964,-0.521289733761791,-1.2631150694808506e-14
78.95487699347453,-39.15826307878802,13.761442534896016,2.3317091040509834,-0.5212275041329968,-2.7367493172085098e-14
78.95515716616288,-39.14868534791677,13.761263266532815,2.331735111454177,-0.5211660149618871,-3.157787673702127e-14
78.95542336506382,-39.13910710682797,13.761079705964816,2.331761738885061,-0.5211052689444693,-2.5262301389617013e-14
78.95567554542008,-39.129528353737356,13.760891839882959,2.331788988389093,-0.5210452687757852,-3.368306851948935e-14
78.955913662497,-39.119949086855904,13.760699654978186,2.3318168620116824,-0.5209860171499174,-8.420767129872338e-15
78.95613767158244,-39.11036930438985,13.760503137941445,2.3318453617981634,-0.5209275167599985,-2.1051917824680846e-14
78.95634752798686,-39.10078900454058,13.760302275463669,2.331874489793811,-0.520869770298215,-1.6841534259744676e-14
78.95654318704327,-39.091208185504605,13.760097054235803,2.3319042480438186,-0.5208127804558151,-1.894672604221276e-14
78.95672460410711,-39.08162684547349,13.759887460948788,2.331934638593299,-0.5207565499231153,-1.0525958912340423e-14
78.95689173455638,-39.072044982633805,13.759673482293566,2.33196566348728,-0.5207010813895067,-6.315575347404253e-15
78.95704453379149,-39.062462595167084,13.759455104961077,2.3319973247706898,-0.5206463775434624,-3.368306851948935e-14
78.95718295723536,-39.05287968124976,13.759232315642265,2.332029624488362,-0.5205924410725415,-2.315710960714893e-14
78.95730696033327,-39.04329623905313,13.759005101028073,2.3320625646850206,-0.5205392746633999,-1.473634247727659e-14
78.95741649855292,-39.03371226674329,13.758773447809439,2.332096147405278,-0.5204868810017936,-6.315575347404253e-15
78.95751152738436,-39.02412776248105,13.7585373426773,2.33213037469363,-0.520435262772587,-2.5262301389617013e-14
78.95759200234005,-39.01454272442197,13.75829677232261,2.332165248594444,-0.5203844226597578,-1.2631150694808506e-14
78.95765787895476,-39.004957150716216,13.758051723436298,2.33220077115196,-0.5203343633464063,-1.2631150694808506e-14
78.95770911278555,-38.99537103950853,13.757802182709312,2.332236944410279,-0.5202850875147594,-1.2631150694808506e-14
78.95774565941178,-38.98578438893822,13.757548136832595,2.3322737704133583,-0.5202365978461795,-1.2631150694808506e-14
78.9577674744351,-38.97619719713907,13.757289572497083,2.3323112512050086,-0.5201888970211697,-2.1051917824680846e-14
78.95777451347938,-38.96660946223929,13.757026476393722,2.3323493888288818,-0.5201419877193799,-1.473634247727659e-14
78.95776673219075,-38.957021182361444,13.756758835213454,2.3323881853284694,-0.5200958726196165,-1.0525958912340423e-14
78.9577440862375,-38.94743235562243,13.756486635647214,2.3324276427470956,-0.5200505543998457,-2.1051917824680845e-15
78.95770653131011,-38.93784298013343,13.756209864385951,2.332467763127909,-0.5200060357372023,-2.947268495455318e-14
78.95765402312126,-38.92825305399983,13.755928508120597,2.332508548513879,-0.5199623193079951,-2.1051917824680846e-14
78.95758651740576,-38.918662575321186,13.755642553542106,2.332550000947785,-0.5199194077877143,-1.894672604221276e-14
78.95750396992051,-38.909071542191114,13.755351987341411,2.332592122472218,-0.5198773038510387,-6.315575347404253e-15
78.95740633644449,-38.899479952697355,13.755056796209457,2.3326349151295664,-0.5198360101718423,-3.157787673702127e-14
78.95729357277885,-38.88988780492161,13.754756966837187,2.3326783809620135,-0.5197955294231986,-4.210383564936169e-15
78.95716563474669,-38.8802950969395,13.754452485915536,2.3327225220115317,-0.5197558642773918,-4.210383564936169e-15
