galstreams/tracks/track.ep.Cocytos.grillmair2009.ecsv
# %ECSV 1.0
# ---
# datatype:
# - {name: ra, unit: deg, datatype: float64}
# - {name: dec, unit: deg, datatype: float64}
# - {name: distance, unit: kpc, datatype: float64}
# - {name: pm_ra_cosdec, unit: mas / yr, datatype: float64}
# - {name: pm_dec, unit: mas / yr, datatype: float64}
# - {name: radial_velocity, unit: km / s, datatype: float64}
# delimiter: ','
# meta: !!omap
# - __serialized_columns__:
#     dec:
#       __class__: astropy.coordinates.angles.Latitude
#       unit: &id001 !astropy.units.Unit {unit: deg}
#       value: !astropy.table.SerializedColumn {name: dec}
#     distance:
#       __class__: astropy.coordinates.distances.Distance
#       unit: !astropy.units.Unit {unit: kpc}
#       value: !astropy.table.SerializedColumn {name: distance}
#     pm_dec:
#       __class__: astropy.units.quantity.Quantity
#       unit: !astropy.units.Unit {unit: mas / yr}
#       value: !astropy.table.SerializedColumn {name: pm_dec}
#     pm_ra_cosdec:
#       __class__: astropy.units.quantity.Quantity
#       unit: !astropy.units.Unit {unit: mas / yr}
#       value: !astropy.table.SerializedColumn {name: pm_ra_cosdec}
#     ra:
#       __class__: astropy.coordinates.angles.Longitude
#       unit: *id001
#       value: !astropy.table.SerializedColumn {name: ra}
#       wrap_angle: !astropy.coordinates.Angle
#         unit: *id001
#         value: 360.0
#     radial_velocity:
#       __class__: astropy.units.quantity.Quantity
#       unit: !astropy.units.Unit {unit: km / s}
#       value: !astropy.table.SerializedColumn {name: radial_velocity}
# schema: astropy-2.0
ra,dec,distance,pm_ra_cosdec,pm_dec,radial_velocity
185.99999999999997,-2.9999999999999893,11.0,0.0,0.0,0.0
186.35149050749993,-2.860899611894439,11.0,0.0,0.0,0.0
186.7028957042852,-2.721691761597358,11.0,0.0,0.0,0.0
187.05421970598246,-2.58238171037784,11.000000000000002,0.0,0.0,0.0
187.40546663663775,-2.4429747185195603,11.0,0.0,0.0,0.0
187.75664062827403,-2.303476045363205,11.0,0.0,0.0,0.0
188.10774582045067,-2.163890949350229,11.0,0.0,0.0,0.0
188.45878635982436,-2.0242246880677444,11.000000000000002,0.0,0.0,0.0
188.80976639971072,-1.8844825182947322,11.000000000000002,0.0,0.0,0.0
189.16069009964804,-1.7446696960491372,11.0,0.0,0.0,0.0
189.51156162496136,-1.6047914766361764,11.0,0.0,0.0,0.0
189.86238514632825,-1.4648531146974644,11.0,0.0,0.0,0.0
190.21316483934478,-1.3248598642612106,11.0,0.0,0.0,0.0
190.56390488409346,-1.184816978792919,11.0,0.0,0.0,0.0
190.91460946471113,-1.044729711247113,11.0,0.0,0.0,0.0
191.26528276895812,-0.9046033141196005,11.000000000000002,0.0,0.0,0.0
191.61592898778775,-0.7644430395003239,11.000000000000002,0.0,0.0,0.0
191.96655231491675,-0.6242541391268567,11.0,0.0,0.0,0.0
192.31715694639587,-0.48404186443814445,11.0,0.0,0.0,0.0
192.66774708018147,-0.3438114666288266,11.0,0.0,0.0,0.0
193.01832691570678,-0.2035681967037772,11.000000000000002,0.0,0.0,0.0
193.3689006534537,-0.06331730553297955,11.000000000000002,0.0,0.0,0.0
193.7194724945253,0.07693595609360954,11.000000000000002,0.0,0.0,0.0
194.0700466402177,0.21718633741089685,11.000000000000002,0.0,0.0,0.0
194.4206272915923,0.3574285876235507,11.000000000000004,0.0,0.0,0.0
194.7712186490481,0.4976574558509543,11.0,0.0,0.0,0.0
195.12182491189364,0.637867691072149,11.000000000000002,0.0,0.0,0.0
195.4724502779189,0.7780540420711773,11.000000000000002,0.0,0.0,0.0
195.82309894296694,0.9182112573824547,11.0,0.0,0.0,0.0
196.17377510050497,1.0583340852366059,11.000000000000002,0.0,0.0,0.0
196.5244829411951,1.1984172735065455,11.000000000000002,0.0,0.0,0.0
196.87522665246462,1.3384555696542586,11.0,0.0,0.0,0.0
197.2260104180757,1.478443720677886,11.0,0.0,0.0,0.0
197.57683841769403,1.6183764730595143,11.0,0.0,0.0,0.0
197.9277148264573,1.7582485727136552,11.0,0.0,0.0,0.0
198.27864381454214,1.89805476493637,11.000000000000002,0.0,0.0,0.0
198.6296295467308,2.0377897943553998,11.000000000000002,0.0,0.0,0.0
198.9806761819765,2.177448404881011,10.999999999999998,0.0,0.0,0.0
199.33178787296745,2.3170253396577936,11.000000000000002,0.0,0.0,0.0
199.68296876569036,2.456515341017679,11.0,0.0,0.0,0.0
200.03422299899208,2.595913150433863,11.000000000000002,0.0,0.0,0.0
200.3855547041404,2.7352135084759697,11.000000000000002,0.0,0.0,0.0
200.73696800438316,2.874411154766495,11.000000000000002,0.0,0.0,0.0
201.088467014506,3.013500827938454,11.0,0.0,0.0,0.0
201.44005584038885,3.1524772655945896,11.000000000000002,0.0,0.0,0.0
201.79173857856034,3.291335204267881,11.000000000000002,0.0,0.0,0.0
202.14351931575106,3.4300693793836663,11.000000000000002,0.0,0.0,0.0
202.4954021284446,3.568674525223253,11.000000000000002,0.0,0.0,0.0
202.84739108242727,3.7071453748894094,11.000000000000002,0.0,0.0,0.0
203.19949023233568,3.8454766602733894,11.000000000000002,0.0,0.0,0.0
203.55170362120242,3.9836631120238706,11.000000000000002,0.0,0.0,0.0
203.90403527999993,4.121699459517797,11.000000000000002,0.0,0.0,0.0
204.2564892271819,4.259580430833027,11.000000000000002,0.0,0.0,0.0
204.60906946822325,4.397300752723295,11.0,0.0,0.0,0.0
204.96177999515731,4.534855150594993,11.000000000000002,0.0,0.0,0.0
205.31462478611127,4.672238348486281,11.000000000000002,0.0,0.0,0.0
205.66760780483878,4.809445069048333,11.0,0.0,0.0,0.0
206.020733000251,4.946470033529074,11.0,0.0,0.0,0.0
206.37400430594457,5.08330796175911,11.000000000000002,0.0,0.0,0.0
206.72742563972764,5.219953572140242,11.000000000000002,0.0,0.0,0.0
207.08100090314323,5.356401581636472,11.000000000000002,0.0,0.0,0.0
207.4347339809899,5.492646705767548,11.000000000000002,0.0,0.0,0.0
207.78862874084055,5.6286836586053655,11.000000000000002,0.0,0.0,0.0
208.14268903255757,5.764507152772913,11.0,0.0,0.0,0.0
208.49691868780667,5.90011189944617,11.000000000000002,0.0,0.0,0.0
208.85132151956654,6.03549260835878,11.000000000000002,0.0,0.0,0.0
209.20590132163738,6.170643987809851,11.0,0.0,0.0,0.0
209.5606618681455,6.3055607446746285,11.000000000000002,0.0,0.0,0.0
209.91560691304588,6.440237584418382,11.000000000000002,0.0,0.0,0.0
210.2707401896214,6.574669211113331,11.0,0.0,0.0,0.0
210.62606540998001,6.708850327459047,11.0,0.0,0.0,0.0
210.98158626454838,6.842775634805954,11.0,0.0,0.0,0.0
211.33730642156317,6.976439833182325,11.0,0.0,0.0,0.0
211.6932295265593,7.109837621324743,11.000000000000002,0.0,0.0,0.0
212.0493592018551,7.242963696711994,11.000000000000002,0.0,0.0,0.0
212.40569904603547,7.375812755602754,11.0,0.0,0.0,0.0
212.7622526334311,7.508379493076761,11.0,0.0,0.0,0.0
213.1190235135956,7.640658603079838,11.000000000000004,0.0,0.0,0.0
213.4760152107794,7.772644778472621,11.000000000000004,0.0,0.0,0.0
213.83323122340101,7.904332711083358,11.000000000000002,0.0,0.0,0.0
214.19067502351544,8.035717091764463,11.0,0.0,0.0,0.0
214.54835005627947,8.166792610453218,11.000000000000002,0.0,0.0,0.0
214.9062597394146,8.29755395623643,11.000000000000002,0.0,0.0,0.0
215.26440746266692,8.42799581741946,11.000000000000002,0.0,0.0,0.0
215.62279658726433,8.558112881599266,11.000000000000002,0.0,0.0,0.0
215.98143044537093,8.687899835741849,11.000000000000002,0.0,0.0,0.0
216.3403123395389,8.817351366264042,11.000000000000002,0.0,0.0,0.0
216.6994455421573,8.946462159119642,11.000000000000002,0.0,0.0,0.0
217.05883329489907,9.07522689989023,11.0,0.0,0.0,0.0
217.41847880816454,9.203640273880334,11.0,0.0,0.0,0.0
217.77838526052307,9.331696966217358,11.0,0.0,0.0,0.0
218.1385557981517,9.459391661956056,11.000000000000004,0.0,0.0,0.0
218.4989935342721,9.586719046187975,11.000000000000002,0.0,0.0,0.0
218.85970154858444,9.713673804155484,11.000000000000002,0.0,0.0,0.0
219.22068288669936,9.8402506213708,11.000000000000002,0.0,0.0,0.0
219.58194055956776,9.96644418373995,11.0,0.0,0.0,0.0
219.94347754290817,10.092249177691617,11.0,0.0,0.0,0.0
220.30529677663247,10.21766029031125,11.000000000000002,0.0,0.0,0.0
220.66740116426948,10.342672209480082,11.000000000000002,0.0,0.0,0.0
221.0297935723864,10.46727962401945,11.000000000000002,0.0,0.0,0.0
221.39247683000892,10.591477223840227,11.0,0.0,0.0,0.0
221.75545372803927,10.715259700097725,11.000000000000002,0.0,0.0,0.0
222.11872701867316,10.838621745351741,11.000000000000004,0.0,0.0,0.0
222.4822994148146,10.961558053732118,11.0,0.0,0.0,0.0
222.84617358949012,11.084063321109706,11.0,0.0,0.0,0.0
223.21035217526114,11.206132245272846,11.000000000000002,0.0,0.0,0.0
223.57483776363551,11.327759526109364,11.0,0.0,0.0,0.0
223.9396329044782,11.44893986579422,11.000000000000002,0.0,0.0,0.0
224.3047401054209,11.56966796898274,11.000000000000002,0.0,0.0,0.0
224.6701618312711,11.689938543009587,11.000000000000002,0.0,0.0,0.0
225.03590050342052,11.809746298093426,11.000000000000002,0.0,0.0,0.0
225.40195849925337,11.92908594754741,11.000000000000002,0.0,0.0,0.0
225.76833815155396,12.047952207995445,11.000000000000002,0.0,0.0,0.0
226.1350417479146,12.166339799594345,11.000000000000002,0.0,0.0,0.0
226.5020715301437,12.284243446261858,11.000000000000002,0.0,0.0,0.0
226.86942969367342,12.401657875910665,11.0,0.0,0.0,0.0
227.23711838696886,12.51857782068829,11.000000000000002,0.0,0.0,0.0
227.60513971093687,12.63499801722307,11.000000000000002,0.0,0.0,0.0
227.97349571833632,12.750913206876122,11.000000000000002,0.0,0.0,0.0
228.34218841318915,12.866318135999379,11.000000000000002,0.0,0.0,0.0
228.7112197501927,12.981207556199722,11.0,0.0,0.0,0.0
229.08059163413333,13.095576224609212,11.0,0.0,0.0,0.0
229.4503059193021,13.209418904161481,11.000000000000002,0.0,0.0,0.0
229.82036440891162,13.32273036387423,11.000000000000002,0.0,0.0,0.0
230.19076885451568,13.435505379137975,11.000000000000002,0.0,0.0,0.0
230.56152095543086,13.54773873201092,11.000000000000004,0.0,0.0,0.0
230.93262235816056,13.659425211520048,11.000000000000002,0.0,0.0,0.0
231.30407465582206,13.770559613968464,11.000000000000002,0.0,0.0,0.0
231.67587938757666,13.881136743248907,11.000000000000002,0.0,0.0,0.0
232.04803803806263,13.991151411163528,11.0,0.0,0.0,0.0
232.4205520368325,14.100598437749879,11.000000000000002,0.0,0.0,0.0
232.79342275779302,14.209472651613165,11.000000000000002,0.0,0.0,0.0
233.16665151865067,14.317768890264684,11.000000000000002,0.0,0.0,0.0
233.5402395803598,14.425482000466534,11.000000000000002,0.0,0.0,0.0
233.91418814657678,14.532606838582508,11.0,0.0,0.0,0.0
234.2884983631185,14.639138270935208,11.000000000000002,0.0,0.0,0.0
234.66317131742557,14.745071174169366,11.000000000000004,0.0,0.0,0.0
235.03820803803194,14.850400435621312,11.000000000000002,0.0,0.0,0.0
235.41360949403955,14.955120953694628,11.000000000000002,0.0,0.0,0.0
235.7893765945991,15.059227638241897,11.000000000000002,0.0,0.0,0.0
236.1655101883978,15.162715410952622,11.000000000000002,0.0,0.0,0.0
236.54201106315267,15.265579205747141,11.000000000000002,0.0,0.0,0.0
236.91887994511194,15.367813969176655,11.000000000000002,0.0,0.0,0.0
237.29611749856292,15.469414660829246,11.0,0.0,0.0,0.0
237.673724325348,15.570376253741815,11.000000000000002,0.0,0.0,0.0
238.05170096438815,15.670693734818023,11.000000000000002,0.0,0.0,0.0
238.43004789121522,15.770362105252046,11.000000000000002,0.0,0.0,0.0
238.80876551751192,15.86937638095818,11.000000000000002,0.0,0.0,0.0
239.18785419066174,15.967731593006233,11.000000000000002,0.0,0.0,0.0
239.56731419330742,16.065422788062595,11.000000000000002,0.0,0.0,0.0
239.94714574291928,16.162445028837013,11.000000000000002,0.0,0.0,0.0
240.3273489913733,16.258793394534877,11.000000000000004,0.0,0.0,0.0
240.70792402453966,16.354462981315127,11.000000000000002,0.0,0.0,0.0
241.08887086188165,16.44944890275348,11.000000000000002,0.0,0.0,0.0
241.4701894560657,16.54374629031116,11.000000000000002,0.0,0.0,0.0
241.8518796925827,16.6373502938088,11.000000000000002,0.0,0.0,0.0
242.23394138938093,16.730256081905598,11.000000000000002,0.0,0.0,0.0
242.61637429651077,16.822458842583604,11.000000000000002,0.0,0.0,0.0
242.99917809578213,16.91395378363699,11.000000000000002,0.0,0.0,0.0
243.3823524004344,17.004736133166247,11.000000000000002,0.0,0.0,0.0
243.7658967548192,17.094801140077227,11.0,0.0,0.0,0.0
244.14981063409695,17.18414407458488,11.000000000000002,0.0,0.0,0.0
244.5340934439469,17.272760228721616,11.000000000000002,0.0,0.0,0.0
244.91874452029137,17.36064491685014,11.000000000000002,0.0,0.0,0.0
245.30376312903428,17.447793476180703,11.000000000000002,0.0,0.0,0.0
245.6891484658146,17.534201267292538,11.0,0.0,0.0,0.0
246.07489965577497,17.619863674659502,11.000000000000002,0.0,0.0,0.0
246.4610157533457,17.70477610717969,11.000000000000002,0.0,0.0,0.0
246.8474957420445,17.788933998708895,11.000000000000002,0.0,0.0,0.0
247.23433853429262,17.872332808597804,11.000000000000002,0.0,0.0,0.0
247.62154297124735,17.954968022232816,11.000000000000004,0.0,0.0,0.0
248.0091078226513,18.036835151580252,11.000000000000002,0.0,0.0,0.0
248.39703178669865,18.117929735733885,11.000000000000004,0.0,0.0,0.0
248.78531348991962,18.198247341465592,11.000000000000002,0.0,0.0,0.0
249.17395148708175,18.27778356377899,11.000000000000002,0.0,0.0,0.0
249.56294426111003,18.35653402646589,11.000000000000002,0.0,0.0,0.0
249.9522902230253,18.43449438266539,11.000000000000002,0.0,0.0,0.0
250.34198771190106,18.511660315425456,11.000000000000004,0.0,0.0,0.0
250.73203499483972,18.588027538266818,11.000000000000002,0.0,0.0,0.0
251.12243026696817,18.663591795748964,11.000000000000004,0.0,0.0,0.0
251.51317165145252,18.738348864038123,11.000000000000002,0.0,0.0,0.0
251.90425719953356,18.81229455147697,11.000000000000002,0.0,0.0,0.0
252.29568489058147,18.88542469915594,11.000000000000002,0.0,0.0,0.0
252.6874526321717,18.957735181485898,11.000000000000002,0.0,0.0,0.0
253.07955826018113,19.02922190677201,11.000000000000002,0.0,0.0,0.0
253.4719995389057,19.09988081778858,11.000000000000002,0.0,0.0,0.0
253.86477416119843,19.16970789235473,11.000000000000002,0.0,0.0,0.0
254.25787974862973,19.238699143910562,11.0,0.0,0.0,0.0
254.6513138516689,19.3068506220938,11.000000000000002,0.0,0.0,0.0
255.04507394988767,19.37415841331652,11.0,0.0,0.0,0.0
255.4391574521855,19.44061864134182,11.000000000000002,0.0,0.0,0.0
255.83356169703782,19.50622746786031,11.000000000000002,0.0,0.0,0.0
256.22828395276616,19.57098109306599,11.0,0.0,0.0,0.0
256.62332141783094,19.634875756231466,11.000000000000002,0.0,0.0,0.0
257.01867122114766,19.69790773628228,11.000000000000002,0.0,0.0,0.0
257.414330422425,19.760073352369986,11.000000000000002,0.0,0.0,0.0
257.8102960125271,19.82136896444386,11.0,0.0,0.0,0.0
258.2065649138583,19.881790973821005,11.000000000000005,0.0,0.0,0.0
258.60313398077153,19.94133582375461,11.000000000000002,0.0,0.0,0.0
259.0,20.00000000000001,11.0,0.0,0.0,0.0
