galstreams/tracks/track.st.NGC5466.ibata2021.ecsv
# %ECSV 1.0
# ---
# datatype:
# - {name: ra, unit: deg, datatype: float64}
# - {name: dec, unit: deg, datatype: float64}
# - {name: distance, unit: kpc, datatype: float64}
# - {name: pm_ra_cosdec, unit: mas / yr, datatype: float64}
# - {name: pm_dec, unit: mas / yr, datatype: float64}
# - {name: radial_velocity, unit: km / s, datatype: float64}
# delimiter: ','
# meta: !!omap
# - __serialized_columns__:
#     dec:
#       __class__: astropy.coordinates.angles.Latitude
#       unit: &id001 !astropy.units.Unit {unit: deg}
#       value: !astropy.table.SerializedColumn {name: dec}
#     distance:
#       __class__: astropy.coordinates.distances.Distance
#       unit: !astropy.units.Unit {unit: kpc}
#       value: !astropy.table.SerializedColumn {name: distance}
#     pm_dec:
#       __class__: astropy.units.quantity.Quantity
#       unit: !astropy.units.Unit {unit: mas / yr}
#       value: !astropy.table.SerializedColumn {name: pm_dec}
#     pm_ra_cosdec:
#       __class__: astropy.units.quantity.Quantity
#       unit: !astropy.units.Unit {unit: mas / yr}
#       value: !astropy.table.SerializedColumn {name: pm_ra_cosdec}
#     ra:
#       __class__: astropy.coordinates.angles.Longitude
#       unit: *id001
#       value: !astropy.table.SerializedColumn {name: ra}
#       wrap_angle: !astropy.coordinates.Angle
#         unit: *id001
#         value: 360.0
#     radial_velocity:
#       __class__: astropy.units.quantity.Quantity
#       unit: !astropy.units.Unit {unit: km / s}
#       value: !astropy.table.SerializedColumn {name: radial_velocity}
# schema: astropy-2.0
ra,dec,distance,pm_ra_cosdec,pm_dec,radial_velocity
[from data line 273]
211.48056992154193,28.31273084349423,14.965560651304365,-5.4812827482325,-0.8311029822592402,1.4736342477276593e-13
211.49036158313243,28.307662629209602,14.963595645863725,-5.481796773684282,-0.8310900857121073,-3.789345208442552e-14
211.5001518742795,28.30259306069714,14.961633710231371,-5.482313624856813,-0.8310751327527618,1.3894265764289357e-13
211.50994079659108,28.297522140615094,14.95967484198906,-5.482833296250741,-0.8310581261365694,2.1051917824680846e-14
211.51972835167595,28.29244987162115,14.957719038718546,-5.483355782368042,-0.8310390686209785,1.1368035625327657e-13
211.52951454114364,28.287376256372568,14.955766298001583,-5.4838810777120255,-0.8310179629655238,7.157652060391487e-14
211.53929936660438,28.282301297526057,14.953816617419932,-5.4844091767873255,-0.8309948119318256,1.2631150694808508e-13
211.5490828296692,28.27722499773787,14.951869994555343,-5.484940074099901,-0.8309696182835845,1.1368035625327657e-13
211.5588649319501,28.272147359663652,14.949926426989581,-5.485473764157044,-0.8309423847865678,4.631421921429786e-14
211.5686456750596,28.26706838595863,14.947985912304391,-5.486010241467371,-0.8309131142086318,1.2631150694808506e-14
211.57842506061115,28.26198807927751,14.946048448081534,-5.486549500540825,-0.8308818093197031,1.5999457546757442e-13
211.58820309021888,28.256906442274502,14.944114031902767,-5.487091535888671,-0.8308484728917768,7.157652060391487e-14
211.59797976549785,28.251823477603246,14.942182661349847,-5.487636342023502,-0.8308131076989224,1.5578419190263825e-13
211.60775508806378,28.24673918791693,14.940254334004527,-5.488183913459232,-0.8307757165172754,1.1368035625327657e-13
211.61752905953313,28.24165357586824,14.938329047448562,-5.4887342447111,-0.830736302125043,5.4734986344170195e-14
211.62730168152322,28.236566644109345,14.936406799263711,-5.489287330295669,-0.8306948673024919,4.210383564936169e-14
211.637072955652,28.231478395291944,14.934487587031725,-5.489843164730817,-0.8306514148319584,1.4315304120782974e-13
211.64684288353848,28.226388832067126,14.932571408334368,-5.490401742535751,-0.830605947497828,1.6841534259744676e-14
211.6566114668021,28.22129795708558,14.930658260753392,-5.490963058230992,-0.8305584680865595,1.5578419190263825e-13
211.6663787070633,28.216205772997448,14.928748141870551,-5.491527106338386,-0.8305089793866592,2.020984111169361e-13
211.67614460594316,28.211112282452422,14.926841049267603,-5.492093881381094,-0.8304574841886959,5.4734986344170195e-14
211.6859091650636,28.206017488099565,14.9249369805263,-5.492663377883599,-0.8304039852852871,1.4736342477276593e-13
211.69567238604733,28.200921392587563,14.923035933228403,-5.493235590371697,-0.8303484854711044,2.947268495455318e-14
211.70543427051769,28.19582399856453,14.92113790495567,-5.493810513372499,-0.830290987542871,1.0104920555846805e-13
211.7151948200988,28.190725308678132,14.919242893289848,-5.4943881414144435,-0.8302314942993594,1.5578419190263825e-13
211.72495403641577,28.185625325575447,14.917350895812701,-5.494968469027273,-0.8301700085413783,3.368306851948935e-14
211.73471192109423,28.18052405190311,14.91546191010598,-5.495551490742053,-0.8301065330717942,9.683882199353189e-14
211.7444684757606,28.175421490307254,14.913575933751444,-5.496137201091156,-0.83004107069551,7.999728773378721e-14
211.7542237020421,28.170317643433513,14.91169296433085,-5.496725594608273,-0.8299736242194724,1.347322740779574e-13
211.76397760156684,28.165212513926942,14.909812999425947,-5.497316665828405,-0.829904196452661,5.4734986344170195e-14
211.7737301759634,28.16010610443219,14.9079360366185,-5.497910409287869,-0.8298327902060996,1.8525687685719145e-13
211.78348142686133,28.15499841759336,14.906062073490256,-5.4985068195242865,-0.8297594082928456,1.5578419190263825e-13
211.7932313558908,28.14988945605408,14.90419110762298,-5.499105891076598,-0.8296840535279877,7.578690416885104e-14
211.80297996468295,28.144779222457394,14.90232313659842,-5.499707618485049,-0.8296067287286485,1.4315304120782974e-13
211.81272725486943,28.13966771944594,14.900458157998335,-5.500311996291194,-0.8295274367139797,7.578690416885104e-14
211.8224732280827,28.13455494966181,14.898596169404486,-5.5009190190379,-0.8294461803051609,2.1051917824680846e-14
211.83221788595603,28.129440915746624,14.896737168398621,-5.501528681269337,-0.8293629623254036,1.5578419190263825e-13
211.84196123012345,28.12432562034142,14.8948811525625,-5.50214097753099,-0.8292777855999316,9.262843842859572e-14
211.85170326221967,28.11920906608683,14.89302811947788,-5.502755902369642,-0.8291906529560021,1.3894265764289357e-13
211.8614439838802,28.11409125562293,14.89117806672651,-5.503373450333386,-0.82910156722289,7.157652060391487e-14
211.87118339674115,28.10897219158935,14.889330991890155,-5.503993615971621,-0.8290105312318915,1.5999457546757442e-13
211.88092150243963,28.103851876625104,14.887486892550566,-5.504616393835051,-0.8289175478163134,1.221011233831489e-13
211.89065830261333,28.098730313368826,14.885645766289498,-5.505241778475682,-0.8288226198114822,1.1368035625327657e-13
211.90039379890064,28.093607504458593,14.883807610688711,-5.505869764446825,-0.8287257500547404,1.8525687685719145e-13
211.91012799294074,28.08848345253202,14.881972423329955,-5.50650034630309,-0.8286269413854428,1.9367764398706378e-13
211.9198608863737,28.08335816022613,14.880140201794994,-5.507133518600394,-0.8285261966449443,7.578690416885104e-14
211.92959248084009,28.078231630177545,14.878310943665577,-5.507769275895955,-0.8284235186766213,7.578690416885104e-14
211.93932277798132,28.073103865022336,14.876484646523462,-5.508407612748282,-0.828318910325848,9.683882199353189e-14
211.94905177943954,28.067974867396096,14.874661307950406,-5.5090485237172,-0.828212374440008,1.3052189051302125e-13
211.95877948685762,28.062844639933935,14.872840925528168,-5.50969200336382,-0.8281039138684855,6.73661370389787e-14
211.9685059018792,28.05771318527039,14.871023496838495,-5.510338046250556,-0.8279935314626644,1.2631150694808506e-14
211.97823102614865,28.052580506039554,14.86920901946315,-5.510986646941124,-0.8278812300759295,3.368306851948935e-14
211.987954861311,28.04744660487502,14.867397490983887,-5.511637800000529,-0.8277670125636668,1.3052189051302125e-13
211.99767740901203,28.0423114844099,14.86558890898246,-5.512291499995079,-0.8276508817832526,7.578690416885104e-14
212.00739867089834,28.037175147276724,14.863783271040633,-5.512947741492375,-0.8275328405940561,1.4315304120782974e-13
212.01711864861724,28.032037596107614,14.86198057474015,-5.513606519061314,-0.8274128918574453,3.789345208442552e-14
212.02683734381662,28.026898833534144,14.860180817662778,-5.514267827272084,-0.8272910384367728,-8.420767129872338e-15
212.03655475814517,28.021758862187447,14.858383997390264,-5.514931660696175,-0.8271672831973871,1.5999457546757442e-13
212.04627089325248,28.016617684698037,14.856590111504367,-5.515598013906365,-0.8270416290066096,-3.789345208442552e-14
212.05598575078866,28.011475303696045,14.854799157586848,-5.516266881476718,-0.8269140787337615,7.578690416885104e-14
212.06569933240456,28.006331721811076,14.853011133219452,-5.5169382579826065,-0.8267846352501406,9.262843842859572e-14
212.07541163975176,28.001186941672234,14.851226035983945,-5.517612138000677,-0.8266533014290293,4.631421921429786e-14
212.08512267448273,27.996040965908055,14.849443863462081,-5.518288516108874,-0.8265200801456823,1.3894265764289357e-13
212.09483243825048,27.990893797146697,14.84766461323561,-5.518967386886437,-0.826384974277339,7.999728773378721e-14
212.10454093270872,27.985745438015734,14.845888282886296,-5.51964874491388,-0.8262479867032154,4.210383564936169e-14
212.11424815951193,27.980595891142308,14.844114869995893,-5.52033258477302,-0.8261091203045021,3.789345208442552e-14
212.12395412031543,27.97544515915296,14.842344372146153,-5.521018901046956,-0.825968377964357,2.3999186320136165e-13
212.1336588167751,27.97029324467384,14.840576786918827,-5.521707688320076,-0.825825762567911,9.262843842859572e-14
212.14336225054757,27.96514015033056,14.838812111895685,-5.522398941178046,-0.8256812770022676,6.315575347404254e-14
212.1530644232901,27.959985878748252,14.83705034465848,-5.523092654207825,-0.8255349241565004,1.2631150694808508e-13
212.1627653366609,27.95483043255148,14.835291482788955,-5.5237888219976625,-0.8253867069216372,1.3052189051302125e-13
212.1724649923187,27.949673814364402,14.83353552386888,-5.524487439137084,-0.8252366281906778,1.1789073981821273e-13
212.18216339192298,27.94451602681064,14.831782465480002,-5.525188500216899,-0.8250846908585874,1.4315304120782974e-13
212.19186053713392,27.939357072513342,14.830032305204083,-5.525891999829201,-0.8249308978222855,1.1368035625327657e-13
212.20155642961245,27.934196954095096,14.828285040622877,-5.52659793256737,-0.8247752519806483,1.221011233831489e-13
212.21125107102023,27.92903567417806,14.82654066931814,-5.527306293026061,-0.8246177562345174,1.0104920555846805e-13
212.2209444630195,27.92387323538388,14.824799188871623,-5.528017075801218,-0.8244584134866828,1.0525958912340423e-13
212.23063660727325,27.918709640333713,14.823060596865092,-5.528730275490056,-0.8242972266418938,1.8104649329225526e-13
212.24032750544535,27.91354489164818,14.821324890880295,-5.529445886691077,-0.8241341986068444,1.4315304120782974e-13
212.25001715920015,27.908378991947426,14.81959206849899,-5.530163904004063,-0.8239693322901817,1.2631150694808508e-13
212.25970557020284,27.903211943851147,14.81786212730293,-5.530884322030065,-0.8238026306025042,5.894536990910637e-14
212.26939274011917,27.898043749978484,14.816135064873878,-5.531607135371422,-0.8236340964563527,7.999728773378721e-14
212.27907867061566,27.89287441294814,14.814410878793584,-5.532332338631742,-0.823463732766218,0.0
212.28876336335966,27.887703935378223,14.812689566643808,-5.533059926415916,-0.823291542448528,1.8525687685719145e-13
212.29844682001908,27.882532319886458,14.8109711260063,-5.533789893330107,-0.8231175284216516,7.999728773378721e-14
212.30812904226252,27.87735956909001,14.809255554462823,-5.534522233981753,-0.8229416936059046,6.315575347404254e-14
212.31781003175925,27.872185685605615,14.80754284959513,-5.535256942979567,-0.8227640409235396,7.157652060391487e-14
212.3274897901794,27.867010672049393,14.805833008984976,-5.535994014933537,-0.8225845732987337,7.157652060391487e-14
212.33716831919367,27.861834531037093,14.80412603021412,-5.536733444454921,-0.8224032936576138,1.515738083377021e-13
212.34684562047343,27.856657265183912,14.802421910864307,-5.537475226156255,-0.8222202049282298,1.2631150694808508e-13
212.35652169569076,27.851478877104594,14.800720648517308,-5.538219354651337,-0.8220353100405706,5.0524602779234026e-14
212.36619654651855,27.846299369413305,14.799022240754873,-5.538965824555246,-0.8218486119265439,7.999728773378721e-14
212.37587017463022,27.84111874472379,14.797326685158755,-5.539714630484325,-0.821660113519995,5.4734986344170195e-14
212.38554258169995,27.835937005649303,14.795633979310715,-5.54046576705619,-0.8214698177566889,5.4734986344170195e-14
212.39521376940255,27.83075415480259,14.793944120792505,-5.541219228889727,-0.8212777275743215,9.262843842859572e-14
212.40488373941363,27.825570194795866,14.792257107185879,-5.541975010605085,-0.8210838459125023,1.9367764398706378e-13
212.41455249340947,27.820385128240893,14.790572936072598,-5.542733106823684,-0.8208881757127677,1.1368035625327657e-13
212.42422003306694,27.815198957748944,14.788891605034415,-5.5434935121682125,-0.8206907199185719,1.2631150694808506e-14
212.43388636006355,27.81001168593082,14.787213111653088,-5.544256221262622,-0.8204914814752905,5.4734986344170195e-14
212.44355147607774,27.804823315396728,14.78553745351037,-5.545021228732135,-0.8202904633302053,1.4736342477276593e-13
212.45321538278844,27.7996338487565,14.78386462818802,-5.5457885292032305,-0.8200876684325211,1.5999457546757442e-13
212.46287808187526,27.794443288619405,14.782194633267794,-5.546558117303661,-0.8198830997333515,2.1893994537668078e-13
212.4725395750185,27.7892516375943,14.780527466331446,-5.5473299876624385,-0.819676760185723,2.2315032894161697e-13
212.48219986389927,27.784058898289427,14.778863124960731,-5.548104134909837,-0.819468652744565,1.2631150694808508e-13
212.49185895019923,27.778865073312623,14.777201606737407,-5.548880553677394,-0.8192587803667213,2.5262301389617013e-14
212.50151683560068,27.773670165271223,14.77554290924323,-5.5496592385979095,-0.8190471460109404,1.0525958912340423e-13
212.51117352178662,27.768474176772095,14.773887030059953,-5.550440184305444,-0.8188337526378742,1.515738083377021e-13
212.52082901044096,27.76327711042152,14.772233966769337,-5.551223385435316,-0.8186186032100694,1.5999457546757442e-13
212.53048330324793,27.758078968825384,14.770583716953135,-5.552008836624109,-0.818401700691986,1.6841534259744677e-13
212.54013640189268,27.752879754589042,14.7689362781931,-5.552796532509664,-0.8181830480499727,6.73661370389787e-14
212.54978830806087,27.747679470317376,14.76729164807099,-5.553586467731075,-0.8179626482522833,1.3894265764289357e-13
212.5594390234389,27.742478118614788,14.765649824168568,-5.554378636928701,-0.8177405042690632,1.8525687685719145e-13
212.569088549714,27.737275702085107,14.76401080406758,-5.555173034744154,-0.8175166190723482,4.210383564936169e-14
212.57873688857373,27.732072223331784,14.762374585349784,-5.555969655820304,-0.817290995636074,1.5578419190263825e-13
212.5883840417066,27.726867684957714,14.760741165596944,-5.5567684948012745,-0.8170636369360612,9.262843842859572e-14
212.59803001080164,27.721662089565346,14.759110542390802,-5.557569546332449,-0.8168345459500251,6.315575347404254e-14
212.60767479754864,27.716455439756558,14.757482713313127,-5.5583728050604595,-0.8166037256575589,1.5578419190263825e-13
212.61731840363805,27.71124773813282,14.75585767594567,-5.559178265633196,-0.8163711790401497,6.315575347404254e-14
212.62696083076088,27.706038987295088,14.754235427870183,-5.559985922699802,-0.8161369090811672,1.1368035625327657e-13
212.63660208060884,27.70082918984385,14.752615966668428,-5.560795770910669,-0.8159009187658633,3.368306851948935e-14
212.64624215487444,27.695618348379025,14.750999289922154,-5.561607804917448,-0.8156632110813654,1.0525958912340423e-13
212.6558810552507,27.690406465500125,14.749385395213123,-5.562422019373032,-0.8154237890166864,1.6841534259744677e-13
212.66551878343134,27.685193543806154,14.747774280123094,-5.56323840893157,-0.8151826555627137,7.578690416885104e-14
212.67515534111067,27.67997958589563,14.746165942233814,-5.56405696824846,-0.8149398137122148,1.8525687685719145e-13
212.6847907299839,27.674764594366547,14.74456037912704,-5.564877691980351,-0.8146952664598207,8.841805486365955e-14
212.69442495174664,27.669548571816424,14.742957588384538,-5.565700574785139,-0.8144490168020447,7.999728773378721e-14
212.70405800809522,27.664331520842342,14.74135756758805,-5.566525611321968,-0.8142010677372693,1.0946997268834039e-13
212.71368990072665,27.65911344404087,14.73976031431934,-5.567352796251226,-0.8139514222657438,4.210383564936169e-14
212.72332063133868,27.653894344008012,14.738165826160165,-5.5681821242345535,-0.8137000833895859,8.841805486365955e-14
212.73295020162956,27.648674223339388,14.736574100692279,-5.5690135899348325,-0.8134470541127801,1.894672604221276e-13
212.74257861329832,27.643453084630078,14.734985135497437,-5.569847188016195,-0.8131923374411701,1.221011233831489e-13
212.75220586804454,27.638230930474727,14.733398928157396,-5.570682913144012,-0.8129359363824719,6.315575347404254e-14
212.7618319675685,27.633007763467383,14.73181547625391,-5.571520759984903,-0.8126778539462561,1.1789073981821273e-13
212.7714569135712,27.627783586201726,14.730234777368734,-5.572360723206728,-0.81241809314395,4.631421921429786e-14
212.78108070775414,27.622558401270883,14.72865682908363,-5.573202797478594,-0.8121566569888456,1.1789073981821273e-13
212.79070335181953,27.61733221126755,14.72708162898035,-5.57404697747084,-0.8118935484960894,3.368306851948935e-14
