galstreams/tracks/track.st.Jhelum-b.shipp2019.ecsv
# %ECSV 1.0
# ---
# datatype:
# - {name: ra, unit: deg, datatype: float64}
# - {name: dec, unit: deg, datatype: float64}
# - {name: distance, unit: kpc, datatype: float64}
# - {name: pm_ra_cosdec, unit: mas / yr, datatype: float64}
# - {name: pm_dec, unit: mas / yr, datatype: float64}
# - {name: radial_velocity, unit: km / s, datatype: float64}
# delimiter: ','
# meta: !!omap
# - __serialized_columns__:
#     dec:
#       __class__: astropy.coordinates.angles.Latitude
#       unit: &id001 !astropy.units.Unit {unit: deg}
#       value: !astropy.table.SerializedColumn {name: dec}
#     distance:
#       __class__: astropy.coordinates.distances.Distance
#       unit: !astropy.units.Unit {unit: kpc}
#       value: !astropy.table.SerializedColumn {name: distance}
#     pm_dec:
#       __class__: astropy.units.quantity.Quantity
#       unit: !astropy.units.Unit {unit: mas / yr}
#       value: !astropy.table.SerializedColumn {name: pm_dec}
#     pm_ra_cosdec:
#       __class__: astropy.units.quantity.Quantity
#       unit: !astropy.units.Unit {unit: mas / yr}
#       value: !astropy.table.SerializedColumn {name: pm_ra_cosdec}
#     ra:
#       __class__: astropy.coordinates.angles.Longitude
#       unit: *id001
#       value: !astropy.table.SerializedColumn {name: ra}
#       wrap_angle: !astropy.coordinates.Angle
#         unit: *id001
#         value: 360.0
#     radial_velocity:
#       __class__: astropy.units.quantity.Quantity
#       unit: !astropy.units.Unit {unit: km / s}
#       value: !astropy.table.SerializedColumn {name: radial_velocity}
# schema: astropy-2.0
ra,dec,distance,pm_ra_cosdec,pm_dec,radial_velocity
[from data line 1134]
0.040406987353977776,-50.903978364636025,13.199999999999996,7.887980174727698,-3.8301927274612093,12.126431838220682
0.05625187238551818,-50.90281735376681,13.199999999999996,7.888503979371692,-3.8282784784844273,12.174723909835336
0.072095956617866,-50.90165417024802,13.199999999999994,7.8890272815407565,-3.8263642714009922,12.223015981450109
0.0879392386247613,-50.90048881424832,13.199999999999996,7.889550081205685,-3.824450106540304,12.271308053064814
0.10378171698048522,-50.899321285936665,13.199999999999994,7.890072378337538,-3.822535984231712,12.319600124679571
0.11962339025978423,-50.89815158548239,13.199999999999998,7.890594172907631,-3.820621904804505,12.367892196294326
0.1354642570379112,-50.89697971305519,13.199999999999996,7.891115464887536,-3.818707868587934,12.416184267909015
0.15130431589062557,-50.89580566882508,13.199999999999992,7.891636254249076,-3.816793875911187,12.464476339523653
0.16714356539418562,-50.89462945296248,13.199999999999994,7.892156540964331,-3.814879927103398,12.512768411138374
0.18298200412533075,-50.893451065638125,13.199999999999994,7.8926763250056355,-3.8129660224936566,12.56106048275318
0.19881963066131284,-50.89227050702309,13.199999999999996,7.893195606345585,-3.811052162410994,12.609352554367819
0.21465644357990646,-50.89108777728885,13.199999999999994,7.893714384957027,-3.8091383471843887,12.657644625982591
0.23049244145936354,-50.889902876607174,13.199999999999996,7.894232660813059,-3.8072245771427617,12.70593669759733
0.24632762287843615,-50.88871580515021,13.199999999999996,7.894750433887044,-3.8053108526149866,12.754228769212036
0.2621619864164043,-50.88752656309048,13.199999999999994,7.895267704152593,-3.803397173929878,12.802520840826775
0.27799553065303156,-50.886335150600814,13.199999999999992,7.895784471583574,-3.8014835414161965,12.850812912441464
0.2938282541685955,-50.88514156785441,13.199999999999996,7.896300736154111,-3.7995699554026494,12.899104984056203
0.30966015554389287,-50.88394581502483,13.199999999999994,7.896816497838582,-3.797656416217887,12.947397055670924
0.3254912333602087,-50.88274789228596,13.199999999999996,7.897331756611614,-3.795742924190506,12.995689127285596
0.3413214861993456,-50.88154779981209,13.199999999999994,7.8978465124481065,-3.7938294796490446,13.043981198900402
0.35715091264362386,-50.88034553777776,13.199999999999996,7.898360765323193,-3.7919160829219862,13.092273270515074
0.37297951127585527,-50.87914110635798,13.199999999999996,7.898874515212278,-3.7900027343377616,13.140565342129797
0.38880728067939274,-50.877934505728,13.199999999999992,7.899387762091012,-3.788089434224739,13.188857413744518
0.40463421943806355,-50.87672573606351,13.199999999999996,7.899900505935295,-3.7861761829112326,13.237149485359224
0.42046032613624146,-50.87551479754049,13.199999999999992,7.900412746721302,-3.7842629807255,13.285441556973947
0.4362855993587853,-50.874301690335315,13.199999999999992,7.900924484425442,-3.782349827995743,13.333733628588686
0.4521100376911074,-50.87308641462466,13.199999999999992,7.901435719024385,-3.7804367250500985,13.38202570020339
0.4679336397190923,-50.871868970585574,13.199999999999994,7.90194645049506,-3.7785236722166538,13.43031777181813
0.48375640402917086,-50.870649358395475,13.199999999999992,7.902456678814645,-3.7766106698234356,13.478609843432817
0.499578329208287,-50.8694275782321,13.199999999999996,7.902966403960574,-3.774697718198409,13.526901915047608
0.5153994138438835,-50.86820363027352,13.199999999999996,7.903475625910536,-3.772784817669485,13.575193986662262
0.5312196565239492,-50.8669775146982,13.199999999999994,7.9039843446424785,-3.7708719685645127,13.623486058277019
0.5470390558369792,-50.865749231684944,13.199999999999994,7.9044925601345915,-3.7689591712112813,13.671778129891758
0.5628576103719851,-50.86451878141287,13.199999999999996,7.90500027236533,-3.767046425937523,13.720070201506429
0.5786753187185154,-50.86328616406146,13.199999999999992,7.9055074813134025,-3.765133733070909,13.768362273121168
0.5944921794666264,-50.86205137981058,13.199999999999996,7.906014186957759,-3.76322109293905,13.816654344735923
0.6103081912069009,-50.86081442884039,13.199999999999996,7.906520389277622,-3.761308505869496,13.864946416350646
0.6261233525304566,-50.85957531133142,13.199999999999992,7.907026088252454,-3.759395972189738,13.913238487965318
0.6419376620289229,-50.858334027464565,13.199999999999994,7.907531283861977,-3.7574834922272062,13.961530559580106
0.6577511182944658,-50.85709057742103,13.199999999999994,7.908035976086164,-3.7555710663092654,14.009822631194796
0.6735637199197623,-50.85584496138241,13.199999999999996,7.908540164905245,-3.7536586947632262,14.058114702809535
0.6893754654980342,-50.854597179530614,13.199999999999994,7.909043850299706,-3.7517463779163327,14.106406774424256
0.7051863536230353,-50.853347232047895,13.199999999999998,7.909547032250272,-3.749834116095765,14.154698846038945
0.720996382889019,-50.85209511911688,13.199999999999996,7.910049710737943,-3.7479219096286482,14.202990917653617
0.7368055518908027,-50.850840840920526,13.199999999999996,7.910551885743955,-3.746009758842037,14.251282989268356
0.7526138592237249,-50.84958439764214,13.199999999999994,7.911053557249808,-3.744097664062928,14.299575060883095
0.7684213034836428,-50.84832578946538,13.199999999999992,7.911554725237249,-3.742185625618256,14.34786713249785
0.7842278832669619,-50.84706501657422,13.199999999999996,7.912055389688277,-3.740273643834885,14.396159204112557
0.8000335971705976,-50.84580207915303,13.199999999999996,7.9125555505851555,-3.738361719039627,14.444451275727245
0.8158384437920427,-50.84453697738648,13.199999999999994,7.913055207910386,-3.7364498515592217,14.492743347341984
0.8316424217292842,-50.84326971145963,13.199999999999996,7.9135543616467325,-3.734538041720345,14.541035418956723
0.8474455295808626,-50.84200028155782,13.199999999999996,7.914053011777209,-3.7326262898496125,14.589327490571412
0.8632477659458597,-50.84072868786681,13.199999999999994,7.914551158285091,-3.730714596273571,14.637619562186167
0.8790491294238811,-50.83945493057266,13.199999999999996,7.915048801153884,-3.7288029613187064,14.685911633800872
0.8948496186150797,-50.838179009861776,13.199999999999994,7.9155459403673785,-3.726891385311439,14.734203705415544
0.9106492321201541,-50.83690092592093,13.199999999999994,7.916042575909587,-3.7249798685781172,14.7824957770303
0.9264479685403306,-50.83562067893722,13.199999999999996,7.916538707764789,-3.72306841144503,14.830787848644972
0.9422458264773873,-50.834338269098104,13.199999999999994,7.9170343359175295,-3.7211570142384014,14.879079920259812
0.958042804533623,-50.83305369659135,13.199999999999992,7.9175294603525765,-3.7192456772843876,14.92737199187445
0.9738389013119156,-50.83176696160512,13.199999999999996,7.91802408105497,-3.717334400909073,14.975664063489205
0.9896341154156544,-50.8304780643279,13.199999999999996,7.918518198010005,-3.7154231854384845,15.023956135103962
1.0054284454487863,-50.82918700494847,13.199999999999996,7.919011811203216,-3.713512031198576,15.072248206718633
1.0212218900158052,-50.82789378365604,13.199999999999996,7.9195049206204,-3.711600938515235,15.120540278333339
1.0370144477217436,-50.826598400640115,13.199999999999996,7.919997526247596,-3.70968990771428,15.168832349948094
1.0528061171721843,-50.82530085609055,13.199999999999996,7.920489628071111,-3.707778939121467,15.217124421562765
1.06859689697327,-50.824001150197525,13.199999999999992,7.920981226077487,-3.7058680330624787,15.26541649317747
1.0843867857316731,-50.82269928315159,13.199999999999992,7.921472320253527,-3.7039571898629307,15.313708564792227
1.1001757820546123,-50.82139525514365,13.199999999999996,7.921962910586283,-3.7020464098483714,15.362000636406982
1.1159638845498816,-50.82008906636491,13.199999999999996,7.922452997063063,-3.70013569334428,15.410292708021672
1.1317510918258087,-50.81878071700692,13.199999999999996,7.922942579671423,-3.6982250406760673,15.458584779636427
1.147537402491266,-50.81747020726163,13.199999999999996,7.92343165839917,-3.6963144521690694,15.506876851251132
1.1633228151557036,-50.81615753732127,13.199999999999994,7.923920233234365,-3.694403928148561,15.555168922865871
1.1791073284291056,-50.81484270737843,13.199999999999992,7.92440830416532,-3.69249346893974,15.60346099448056
1.1948909409220076,-50.813525717626064,13.199999999999992,7.924895871180595,-3.690583074867738,15.651753066095281
1.210673651245515,-50.81220656825744,13.199999999999996,7.925382934269006,-3.6886727462576134,15.700045137710038
1.2264554580112745,-50.81088525946618,13.199999999999996,7.9258694934196185,-3.686762483434359,15.748337209324744
1.2422363598315,-50.80956179144624,13.199999999999992,7.926355548621754,-3.684852286722891,15.796629280939465
1.2580163553189607,-50.80823616439193,13.199999999999996,7.926841099864971,-3.6829421564480556,15.84492135255417
1.2737954430869858,-50.80690837849787,13.199999999999992,7.927326147139097,-3.6810320929346307,15.893213424168893
1.2895736217494553,-50.80557843395907,13.199999999999994,7.9278106904342,-3.679122096507316,15.94150549578358
1.3053508899208142,-50.80424633097086,13.199999999999996,7.9282947297405935,-3.6772121674907488,15.989797567398353
1.3211272462160808,-50.802912069728876,13.199999999999992,7.9287782650488605,-3.6753023062094843,16.03808963901304
1.336902689250809,-50.80157565042914,13.199999999999992,7.929261296349819,-3.673392512988011,16.08638171062773
1.352677217641128,-50.80023707326799,13.199999999999994,7.929743823634535,-3.671482788150743,16.134673782242487
1.3684508300037448,-50.798896338442134,13.199999999999996,7.930225846894345,-3.6695731320220233,16.18296585385721
1.3842235249559016,-50.79755344614855,13.199999999999996,7.930707366120817,-3.6676635449261177,16.231257925471898
1.3999953011154407,-50.79620839658465,13.199999999999996,7.931188381305777,-3.6657540271872193,16.279549997086736
1.4157661571007338,-50.79486118994811,13.199999999999994,7.931668892441299,-3.66384457912945,16.32784206870134
1.4315360915307362,-50.79351182643698,13.199999999999994,7.932148899519708,-3.661935201076857,16.376134140316097
1.4473051030249802,-50.792160306249635,13.199999999999994,7.932628402533581,-3.66002589335341,16.424426211930804
1.4630731902035483,-50.79080662958481,13.199999999999994,7.933107401475747,-3.658116656283008,16.472718283545575
1.4788403516870952,-50.78945079664155,13.199999999999996,7.933585896339277,-3.656207490189474,16.521010355160247
1.4946065860968576,-50.78809280761927,13.199999999999994,7.934063887117498,-3.6542983953965535,16.569302426775003
1.5103718920546343,-50.786732662717704,13.199999999999994,7.934541373803987,-3.6523893722279186,16.617594498389725
1.5261362681827844,-50.78537036213691,13.199999999999992,7.93501835639257,-3.6504804210071686,16.665886570004414
1.5418997131042607,-50.78400590607731,13.199999999999992,7.935494834877322,-3.6485715420578178,16.714178641619153
1.557662225442578,-50.78263929473966,13.199999999999996,7.935970809252566,-3.6466627357033126,16.762470713233874
1.573423803821821,-50.78127052832505,13.199999999999994,7.936446279512881,-3.6447540022670255,16.810762784848595
1.5891844468666552,-50.77989960703489,13.199999999999992,7.93692124565309,-3.642845342072243,16.859054856463302
1.6049441532023132,-50.778526531070966,13.199999999999996,7.937395707668262,-3.6409367554421768,16.90734692807806
1.6207029214546158,-50.777151300635374,13.199999999999994,7.937869665553726,-3.639028242699969,16.955638999692813
1.6364607502499489,-50.775773915930536,13.199999999999994,7.93834311930505,-3.637119804168677,17.00393107130747
1.652217638215289,-50.77439437715924,13.199999999999992,7.93881606891806,-3.6352114401712816,17.05222314292219
1.667973583978176,-50.77301268452458,13.199999999999994,7.939288514388823,-3.633303151030687,17.100515214536912
1.6837285861667375,-50.771628838230036,13.199999999999994,7.939760455713661,-3.6313949370697176,17.1488072861516
1.6994826434096868,-50.77024283847937,13.199999999999992,7.94023189288914,-3.629486798611122,17.197099357766373
1.7152357543363055,-50.768854685476704,13.199999999999996,7.940702825912075,-3.6275787359775657,17.245391429381062
1.7309879175764566,-50.7674643794265,13.199999999999996,7.941173254779534,-3.6256707494916407,17.29368350099575
1.746739131760604,-50.76607192053355,13.199999999999992,7.94164317948884,-3.623762839475856,17.341975572610508
1.7624893955197714,-50.76467730900296,13.199999999999996,7.942112600037545,-3.621855006252641,17.39026764422526
1.7782387074855799,-50.76328054504023,13.199999999999994,7.9425815164234645,-3.6199472501443477,17.438559715839933
1.7939870662902304,-50.761881628851164,13.199999999999994,7.943049928644663,-3.618039571473245,17.486851787454725
1.8097344705665142,-50.760480560641845,13.199999999999994,7.94351783669944,-3.6161319705615247,17.535143859069397
1.825480918947806,-50.75907734061878,13.199999999999996,7.943985240586361,-3.614224447731293,17.5834359306841
1.8412264100680615,-50.75767196898877,13.199999999999996,7.944452140304227,-3.6123170033045855,17.631728002298825
1.8569709425618424,-50.75626444595895,13.199999999999992,7.9449185358520955,-3.610409637603343,17.68002007391356
1.8727145150642737,-50.75485477173679,13.199999999999994,7.945384427229261,-3.6085023509494363,17.728312145528317
1.8884571262110892,-50.753442946530086,13.199999999999996,7.945849814435276,-3.6065951436646473,17.776604217143024
1.9041987746386042,-50.752028970547,13.199999999999994,7.946314697469935,-3.604688016070683,17.824896288757696
1.9199394589837302,-50.750612843996,13.199999999999996,7.946779076333283,-3.6027809684891583,17.873188360372453
1.9356791778839626,-50.7491945670859,13.199999999999992,7.947242951025619,-3.6008740012416176,17.921480431987174
1.9514179299773977,-50.747774140025825,13.199999999999994,7.947706321547473,-3.5989671146495157,17.969772503601863
1.9671557139027172,-50.746351563025264,13.199999999999994,7.948169187899637,-3.5970603090342257,18.018064575216567
1.9828925282992065,-50.74492683629403,13.199999999999996,7.948631550083148,-3.5951535847170346,18.066356646831288
1.9986283718067381,-50.74349996004227,13.199999999999994,7.94909340809928,-3.593246942019154,18.114648718446045
2.014363243065784,-50.74207093448043,13.199999999999994,7.9495547619495674,-3.5913403812617046,18.162940790060752
2.0300971407173964,-50.74063975981935,13.199999999999998,7.950015611635787,-3.589433902765726,18.211232861675455
2.045830063403265,-50.73920643627015,13.199999999999996,7.950475957159959,-3.587527506852174,18.25952493329023
2.0615620097656278,-50.73777096404432,13.199999999999996,7.950935798524356,-3.5856211938419187,18.307817004904916
2.0772929784473586,-50.73633334335365,13.199999999999996,7.951395135731495,-3.5837149640557464,18.356109076519672
2.0930229680919132,-50.73489357441027,13.199999999999994,7.951853968784138,-3.5818088178143603,18.404401148134312
2.108751977343351,-50.73345165742668,13.199999999999994,7.952312297685296,-3.579902755438375,18.452693219749065
2.1244800048463346,-50.73200759261565,13.199999999999992,7.952770122438225,-3.5779967772483223,18.500985291363857
2.1402070492461234,-50.730561380190316,13.199999999999992,7.953227443046428,-3.576090883564646,18.549277362978493
2.1559331091885734,-50.72911302036416,13.199999999999994,7.953684259513657,-3.5741850747077066,18.59756943459325
2.1716581833201776,-50.72766251335096,13.199999999999994,7.954140571843905,-3.572279350997777,18.64586150620799
2.1873822702879866,-50.72620985936484,13.199999999999992,7.954596380041418,-3.570373712755046,18.69415357782273
2.2031053687396813,-50.72475505862027,13.199999999999994,7.955051684110679,-3.568468160299612,18.742445649437467
2.2188274773235457,-50.723298111332014,13.199999999999994,7.955506484056429,-3.5665626939514903,18.79073772105219
2.234548594688469,-50.7218390177152,13.199999999999992,7.955960779883642,-3.5646573140306064,18.83902979266686
