galstreams/tracks/track.st.AAU-AliqaUma.li2021.ecsv
# %ECSV 0.9
# ---
# datatype:
# - {name: ra, unit: deg, datatype: float64}
# - {name: dec, unit: deg, datatype: float64}
# - {name: distance, unit: kpc, datatype: float64}
# - {name: pm_ra_cosdec, unit: mas / yr, datatype: float64}
# - {name: pm_dec, unit: mas / yr, datatype: float64}
# - {name: radial_velocity, unit: km / s, datatype: float64}
# delimiter: ','
# meta: !!omap
# - __serialized_columns__:
#     dec:
#       __class__: astropy.coordinates.angles.Latitude
#       unit: &id001 !astropy.units.Unit {unit: deg}
#       value: !astropy.table.SerializedColumn {name: dec}
#     distance:
#       __class__: astropy.coordinates.distances.Distance
#       unit: !astropy.units.Unit {unit: kpc}
#       value: !astropy.table.SerializedColumn {name: distance}
#     pm_dec:
#       __class__: astropy.units.quantity.Quantity
#       unit: !astropy.units.Unit {unit: mas / yr}
#       value: !astropy.table.SerializedColumn {name: pm_dec}
#     pm_ra_cosdec:
#       __class__: astropy.units.quantity.Quantity
#       unit: !astropy.units.Unit {unit: mas / yr}
#       value: !astropy.table.SerializedColumn {name: pm_ra_cosdec}
#     ra:
#       __class__: astropy.coordinates.angles.Longitude
#       unit: *id001
#       value: !astropy.table.SerializedColumn {name: ra}
#       wrap_angle: !astropy.coordinates.Angle
#         unit: *id001
#         value: 360.0
#     radial_velocity:
#       __class__: astropy.units.quantity.Quantity
#       unit: !astropy.units.Unit {unit: km / s}
#       value: !astropy.table.SerializedColumn {name: radial_velocity}
# schema: astropy-2.0
ra,dec,distance,pm_ra_cosdec,pm_dec,radial_velocity
[from data line 276]
2.9880194289127453,-17.156094658637176,28.04591960251312,0.22080255130455292,-0.5975274042478611,-160.43732140290427
2.9973292649627794,-17.160698375710652,28.040291547084035,0.22079210195649018,-0.5978469130527918,-160.423506723519
3.00663908300148,-17.165302511220418,28.034665486477486,0.22078147958660882,-0.5981662851951115,-160.40967822649958
3.0159488832347794,-17.169907065084228,28.029041420693474,0.2207706841873369,-0.5984855207036716,-160.3958359118462
3.025258665868704,-17.174512037219884,28.023419349732002,0.22075971575109432,-0.5988046196073393,-160.38197977955863
3.0345684311091614,-17.179117427545094,28.017799273593063,0.2207485742702911,-0.5991235819349967,-160.3681098296371
3.04387817916226,-17.183723235977688,28.012181192276657,0.22073725973732997,-0.5994424077155416,-160.3542260620813
3.0531879102341506,-17.1883294624355,28.006565105782784,0.22072577214460365,-0.5997610969778877,-160.34032847689156
3.062497624530867,-17.192936106836306,28.00095101411145,0.2207141114844967,-0.6000796497509631,-160.32641707406765
3.0718073222586453,-17.19754316909797,27.995338917262647,0.22070227774938475,-0.6003980660637123,-160.3124918536097
3.081117003623705,-17.202150649138336,27.989728815236383,0.22069027093163485,-0.6007163459450946,-160.29855281551778
3.0904266688323663,-17.206758546875307,27.984120708032656,0.2206780910236057,-0.6010344894240851,-160.28459995979165
3.0997363180908306,-17.211366862226704,27.978514595651465,0.22066573801764633,-0.6013524965296743,-160.27063328643146
3.1090459516055,-17.21597559511047,27.9729104780928,0.22065321190609785,-0.6016703672908688,-160.25665279543713
3.118355569582814,-17.220584745444533,27.96730835535668,0.2206405126812922,-0.601988101736689,-160.2426584868088
3.1276651722291033,-17.22519431314677,27.96170822744309,0.22062764033555315,-0.6023056998961724,-160.22865036054637
3.1369747597508923,-17.229804298135154,27.956110094352034,0.2206145948611953,-0.6026231617983713,-160.21462841664987
3.146284332354699,-17.234414700327626,27.950513956083512,0.2206013762505247,-0.602940487472353,-160.2005926551193
3.155593890247129,-17.239025519642208,27.94491981263753,0.220587984495839,-0.6032576769472011,-160.1865430759546
3.1649034336346826,-17.243636755996814,27.939327664014083,0.22057441958942653,-0.6035747302520137,-160.17247967915594
3.1742129627240496,-17.248248409309493,27.93373751021317,0.22056068152356756,-0.6038916474159056,-160.15840246472303
3.183522477721967,-17.252860479498267,27.92814935123479,0.22054677029053382,-0.6042084284680055,-160.14431143265614
3.1928319788350548,-17.257472966481128,27.92256318707895,0.22053268588258765,-0.6045250734374592,-160.13020658295522
3.202141466270131,-17.26208587017614,27.916979017745646,0.2205184282919831,-0.6048415823534267,-160.1160879156201
3.211450940234006,-17.26669919050137,27.911396843234872,0.2205039975109661,-0.6051579552450836,-160.101955430651
3.2207604009335835,-17.271312927374925,27.905816663546634,0.22048939353177335,-0.6054741921416219,-160.08780912804775
3.2300698485756474,-17.275927080714823,27.90023847868093,0.22047461634663296,-0.6057902930722479,-160.07364900781047
3.239379283367186,-17.2805416504392,27.894662288637768,0.22045966594776448,-0.6061062580661832,-160.05947506993908
3.2486887055152294,-17.285156636466215,27.889088093417136,0.2204445423273793,-0.6064220871526667,-160.0452873144336
3.257998115226688,-17.28977203871394,27.88351589301904,0.2204292454776793,-0.6067377803609505,-160.03108574129405
3.267307512708676,-17.29438785710055,27.877945687443475,0.22041377539085893,-0.6070533377203038,-160.01687035052046
3.276616898168294,-17.299004091544212,27.872377476690453,0.22039813205910272,-0.6073687592600101,-160.0026411421127
3.285926271812736,-17.30362074196311,27.866811260759963,0.22038231547458786,-0.6076840450093683,-159.988398116071
3.295235633849085,-17.308237808275393,27.86124703965201,0.22036632562948194,-0.6079991949976943,-159.97414127239514
3.3045449844846218,-17.31285529039931,27.855684813366594,0.2203501625159448,-0.608314209254318,-159.95987061108525
3.313854323926664,-17.31747318825309,27.8501245819037,0.22033382612612748,-0.6086290878085849,-159.94558613214113
3.3231636523824193,-17.322091501754915,27.84456634526336,0.22031731645217165,-0.6089438306898561,-159.931287835563
3.332472970059294,-17.32671023082307,27.839010103445545,0.22030063348621182,-0.6092584379275088,-159.91697572135087
3.3417822771646817,-17.331329375375812,27.83345585645026,0.22028377722037276,-0.6095729095509342,-159.90264978950455
3.351091573906071,-17.33594893533145,27.827903604277516,0.22026674764677195,-0.6098872455895407,-159.8883100400242
3.360400860490836,-17.340568910608212,27.82235334692731,0.2202495447575166,-0.61020144607275,-159.8739564729098
3.3697101371265483,-17.345189301124435,27.81680508439964,0.220232168544707,-0.6105155110300013,-159.85958908816133
3.379019404020826,-17.349810106798483,27.811258816694497,0.22021461900043446,-0.6108294404907486,-159.84520788577876
3.3883286613811654,-17.354431327548618,27.805714543811895,0.220196896116781,-0.6111432344844605,-159.83081286576206
3.397637909415263,-17.359052963293216,27.80017226575183,0.22017899988582118,-0.611456893040622,-159.81640402811138
3.4069471483308122,-17.363675013950658,27.7946319825143,0.22016093029962044,-0.6117704161887331,-159.8019813728265
3.41625637833559,-17.368297479439327,27.789093694099304,0.22014268735023632,-0.6120838039583091,-159.78754489990763
3.4255655996372663,-17.372920359677583,27.783557400506837,0.2201242710297172,-0.6123970563788814,-159.77309460935464
3.4348748124437054,-17.377543654583842,27.77802310173691,0.22010568133010291,-0.6127101734799962,-159.7586305011675
3.4441840169628164,-17.382167364076558,27.77249079778952,0.22008691824342597,-0.6130231552912154,-159.74415257534642
3.4534932134023917,-17.386791488074113,27.76696048866466,0.22006798176170905,-0.6133360018421161,-159.72966083189115
3.4628024019704227,-17.391416026494984,27.76143217436234,0.22004887187696698,-0.6136487131622912,-159.71515527080186
3.4721115828748914,-17.396040979257627,27.755905854882556,0.22002958858120625,-0.6139612892813486,-159.70063589207842
3.4814207563238724,-17.400666346280545,27.750381530225308,0.22001013186642474,-0.6142737302289119,-159.68610269572102
3.490729922525327,-17.40529212748219,27.744859200390586,0.219990501724612,-0.6145860360346206,-159.6715556817295
3.5000390816874134,-17.409918322781085,27.739338865378407,0.21997069814774856,-0.6148982067281283,-159.65699485010384
3.509348234018334,-17.414544932095772,27.733820525188765,0.21995072112780767,-0.6152102423391057,-159.64242020084416
3.518657379726175,-17.41917195534473,27.72830417982166,0.21993057065675314,-0.6155221428972375,-159.6278317339504
3.527966519019222,-17.423799392446536,27.722789829277087,0.21991024672654075,-0.6158339084322244,-159.6132294494225
3.537275652105749,-17.42842724331976,27.717277473555043,0.21988974932911792,-0.6161455389737833,-159.5986133472605
3.5465847791941254,-17.433055507882994,27.71176711265554,0.21986907845642378,-0.6164570345516451,-159.58398342746455
3.5558939004926047,-17.43768418605477,27.70625874657857,0.21984823410038862,-0.6167683951955569,-159.56933969003438
3.5652030162096415,-17.44231327775373,27.700752375324132,0.21982721625293467,-0.6170796209352813,-159.55468213497025
3.574512126553731,-17.446942782898514,27.69524799889223,0.21980602490597606,-0.6173907118005963,-159.54001076227192
3.5838212317332507,-17.45157270140769,27.68974561728287,0.21978466005141767,-0.6177016678212951,-159.52532557193956
3.5931303319567793,-17.45620303319994,27.684245230496046,0.2197631216811569,-0.6180124890271863,-159.51062656397318
3.60243942743289,-17.460833778193916,27.67874683853175,0.21974140978708256,-0.618323175448094,-159.49591373837274
3.611748518370241,-17.46546493630833,27.673250441389996,0.21971952436107478,-0.6186337271138581,-159.48118709513804
3.6210576049773833,-17.4700965074618,27.667756039070774,0.21969746539500556,-0.6189441440543335,-159.46644663426946
3.6303666874630607,-17.474728491573053,27.66226363157409,0.2196752328807388,-0.6192544262993905,-159.45169235576665
3.639675766036064,-17.47936088856084,27.656773218899932,0.2196528268101297,-0.6195645738789154,-159.43692425962988
3.6489848409050656,-17.483993698343834,27.65128480104832,0.21963024717502516,-0.6198745868228092,-159.42214234585896
3.6582939122789417,-17.488626920840794,27.645798378019236,0.2196074939672638,-0.6201844651609882,-159.40734661445396
3.6676029803665506,-17.49326055597048,27.640313949812686,0.21958456717867636,-0.6204942089233854,-159.39253706541487
3.6769120453768505,-17.4978946036517,27.63483151642868,0.21956146680108474,-0.6208038181399482,-159.3777136987418
3.686221107518684,-17.50252906380316,27.6293510778672,0.2195381928263026,-0.621113292840639,-159.3628765144345
3.695530167001092,-17.507163936343705,27.62387263412826,0.2195147452461354,-0.6214226330554369,-159.34802551249317
3.7048392240331562,-17.511799221192152,27.618396185211854,0.21949112405238053,-0.6217318388143352,-159.33316069291783
3.7141482788238442,-17.516434918267286,27.612921731117986,0.21946732923682666,-0.6220409101473438,-159.31828205570838
3.7234573315823263,-17.52107102748797,27.607449271846644,0.2194433607912547,-0.6223498470844873,-159.3033896008648
3.732766382517753,-17.525707548773045,27.601978807397852,0.21941921870743664,-0.6226586496558051,-159.28848332838717
3.74207543183938,-17.530344482041414,27.59651033777159,0.2193949029771371,-0.6229673178913536,-159.2735632382755
3.7513844797563416,-17.53498182721189,27.591043862967858,0.21937041359211157,-0.6232758518212036,-159.25862933052971
3.7606935264779735,-17.539619584203404,27.58557938298666,0.2193457505441076,-0.6235842514754416,-159.24368160514982
3.770002572213651,-17.54425775293487,27.580116897828006,0.2193209138248649,-0.6238925168841685,-159.22872006213592
3.779311617172637,-17.548896333325178,27.57465640749188,0.21929590342611427,-0.6242006480775029,-159.2137447014878
3.788620661564394,-17.55353532529327,27.569197911978293,0.2192707193395787,-0.6245086450855766,-159.19875552320573
3.79792970559837,-17.558174728758093,27.563741411287232,0.21924536155697305,-0.6248165079385383,-159.18375252728956
3.8072387494841125,-17.562814543638638,27.55828690541872,0.21921983007000367,-0.6251242366665507,-159.1687357137393
3.816547793431049,-17.567454769853814,27.552834394372738,0.21919412487036877,-0.6254318312997932,-159.15370508255495
3.8258568376488116,-17.57209540732265,27.54738387814929,0.21916824594975848,-0.6257392918684607,-159.13866063373652
3.83516588234707,-17.576736455964152,27.54193535674838,0.21914219329985485,-0.626046618402762,-159.123602367284
3.84447492773538,-17.5813779156973,27.53648883017,0.21911596691233093,-0.6263538109329226,-159.10853028319735
3.853783974023501,-17.58601978644114,27.531044298414155,0.21908956677885288,-0.626660869489184,-159.09344438147673
3.8630930214211716,-17.590662068114703,27.525601761480853,0.21906299289107778,-0.6269677941018013,-159.07834466212205
3.872402070138238,-17.595304760637077,27.52016121937008,0.21903624524065504,-0.6272745848010459,-159.06323112513314
3.881711120384419,-17.59994786392727,27.51472267208184,0.2190093238192253,-0.6275812416172051,-159.04810377051024
3.891020172369642,-17.604591377904388,27.50928611961614,0.21898222861842143,-0.6278877645805812,-159.03296259825328
3.9003292263038714,-17.609235302487555,27.503851561972983,0.2189549596298685,-0.6281941537214915,-159.0178076083622
3.9096382823969607,-17.613879637595833,27.49841899915234,0.21892751684518283,-0.62850040907027,-159.00263880083708
3.918947340858955,-17.618524383148344,27.492988431154252,0.2188999002559726,-0.6288065306572642,-158.98745617567783
3.9282564018998984,-17.623169539064236,27.487559857978695,0.21887210985383843,-0.6291125185128389,-158.97225973288457
3.9375654657299224,-17.627815105262677,27.482133279625664,0.21884414563037247,-0.629418372667373,-158.9570494724571
3.946874532559047,-17.632461081662772,27.476708696095177,0.21881600757715847,-0.6297240931512615,-158.9418253943957
3.956183602597491,-17.637107468183725,27.47128610738722,0.21878769568577272,-0.6300296799949149,-158.9265874987001
3.965492676055516,-17.641754264744744,27.4658655135018,0.21875920994778336,-0.6303351332287584,-158.91133578537054
3.9748017531432636,-17.64640147126498,27.46044691443892,0.21873055035474942,-0.6306404528832332,-158.89607025440677
3.9841108340710827,-17.651049087663658,27.45503031019857,0.2187017168982229,-0.630945638988796,-158.880790905809
3.9934199190493076,-17.65569711386002,27.44961570078075,0.21867270956974755,-0.6312506915759186,-158.8654977395771
4.002729008288364,-17.66034554977331,27.444203086185478,0.2186435283608587,-0.631555610675088,-158.8501907557112
4.01203810199857,-17.66499439532274,27.43879246641273,0.21861417326308377,-0.6318603963168075,-158.83486995421114
4.0213472003904345,-17.6696436504276,27.433383841462526,0.2185846442679422,-0.6321650485315947,-158.81953533507703
4.030656303674515,-17.67429331500718,27.427977211334852,0.21855494136694537,-0.6324695673499834,-158.8041868983088
4.039965412061254,-17.678943388980734,27.422572576029715,0.21852506455159654,-0.6327739528025228,-158.78882464390662
4.049274525761287,-17.683593872267583,27.417169935547108,0.21849501381339081,-0.6330782049197771,-158.7734485718702
4.058583644985247,-17.688244764787047,27.41176928988704,0.21846478914381545,-0.633382323732326,-158.75805868219985
4.067892769943856,-17.692896066458466,27.406370639049513,0.21843439053434982,-0.6336863092707646,-158.74265497489532
4.077201900847723,-17.697547777201144,27.40097398303451,0.21840381797646483,-0.633990161565704,-158.72723744995668
4.086511037907658,-17.702199896934463,27.395579321842053,0.21837307146162377,-0.6342938806477699,-158.71180610738406
4.09582018133451,-17.706852425577807,27.390186655472124,0.21834215098128187,-0.6345974665476041,-158.69636094717725
4.105129331339015,-17.711505363050506,27.384795983924736,0.21831105652688593,-0.6349009192958629,-158.68090196933647
4.114438488132106,-17.716158709271994,27.379407307199873,0.21827978808987522,-0.6352042389232196,-158.66542917386153
4.12374765192471,-17.72081246416165,27.37402062529756,0.2182483456616811,-0.6355074254603608,-158.64994256075255
4.133056822927845,-17.725466627638937,27.36863593821777,0.21821672923372637,-0.6358104789379901,-158.63444213000952
4.142366001352414,-17.73012119962323,27.363253245960518,0.21818493879742662,-0.6361133993868264,-158.61892788163235
4.151675187409524,-17.734776180034004,27.357872548525805,0.2181529743441885,-0.636416186837603,-158.60339981562115
4.160984381310318,-17.73943156879074,27.352493845913628,0.21812083586541203,-0.6367188413210696,-158.58785793197575
4.170293583265826,-17.744087365812845,27.347117138123988,0.2180885233524878,-0.6370213628679909,-158.57230223069638
4.179602793487281,-17.748743571019837,27.341742425156877,0.21805603679679963,-0.6373237515091469,-158.55673271178293
4.1889120121859,-17.753400184331216,27.33636970701229,0.21802337618972278,-0.6376260072753339,-158.54114937523536
4.198221239573,-17.75805720566651,27.330998983690254,0.21799054152262487,-0.6379281301973623,-158.5255522210537
4.207530475859778,-17.76271463494519,27.325630255190756,0.21795753278686503,-0.6382301203060585,-158.50994124923804
4.216839721257635,-17.767372472086805,27.32026352151378,0.21792434997379534,-0.6385319776322647,-158.49431645978822
4.226148975978009,-17.772030717010942,27.314898782659352,0.2178909930747592,-0.6388337022068376,-158.47867785270438
4.23545824023223,-17.776689369637097,27.309536038627456,0.21785746208109238,-0.6391352940606501,-158.46302542798642
4.244767514231821,-17.781348429884876,27.30417528941809,0.21782375698412304,-0.6394367532245907,-158.44735918563438
4.254076798188299,-17.78600789767386,27.298816535031264,0.21778987777517117,-0.6397380797295624,-158.4316791256483
