galstreams/tracks/track.st.Jet.ferguson2022.ecsv
# %ECSV 0.9
# ---
# datatype:
# - {name: ra, unit: deg, datatype: float64}
# - {name: dec, unit: deg, datatype: float64}
# - {name: distance, unit: kpc, datatype: float64}
# - {name: pm_ra_cosdec, unit: mas / yr, datatype: float64}
# - {name: pm_dec, unit: mas / yr, datatype: float64}
# - {name: radial_velocity, unit: km / s, datatype: float64}
# delimiter: ','
# meta: !!omap
# - __serialized_columns__:
#     dec:
#       __class__: astropy.coordinates.angles.Latitude
#       unit: &id001 !astropy.units.Unit {unit: deg}
#       value: !astropy.table.SerializedColumn {name: dec}
#     distance:
#       __class__: astropy.coordinates.distances.Distance
#       unit: !astropy.units.Unit {unit: kpc}
#       value: !astropy.table.SerializedColumn {name: distance}
#     pm_dec:
#       __class__: astropy.units.quantity.Quantity
#       unit: !astropy.units.Unit {unit: mas / yr}
#       value: !astropy.table.SerializedColumn {name: pm_dec}
#     pm_ra_cosdec:
#       __class__: astropy.units.quantity.Quantity
#       unit: !astropy.units.Unit {unit: mas / yr}
#       value: !astropy.table.SerializedColumn {name: pm_ra_cosdec}
#     ra:
#       __class__: astropy.coordinates.angles.Longitude
#       unit: *id001
#       value: !astropy.table.SerializedColumn {name: ra}
#       wrap_angle: !astropy.coordinates.Angle
#         unit: *id001
#         value: 360.0
#     radial_velocity:
#       __class__: astropy.units.quantity.Quantity
#       unit: !astropy.units.Unit {unit: km / s}
#       value: !astropy.table.SerializedColumn {name: radial_velocity}
# schema: astropy-2.0
ra,dec,distance,pm_ra_cosdec,pm_dec,radial_velocity
[from data line 540]
132.326688094666,-29.790631490526593,32.939398367094284,-0.36315460947206857,-1.1907209873977265,3.2370102508599658e-09
132.33300457930432,-29.782152291861127,32.93792097191373,-0.36340756434429844,-1.1910319974099133,3.2266021826874434e-09
132.33932138814095,-29.773673827751633,32.936441280225104,-0.3636604696461133,-1.1913429658975683,3.2161941145149215e-09
132.34563852098148,-29.765196097769767,32.93495929403563,-0.3639133255296154,-1.1916538928270495,3.2058197294109186e-09
132.35195597763158,-29.756719101487313,32.933475015352556,-0.3641661321469151,-1.1919647781647371,3.1955463935124744e-09
132.35827375789694,-29.748242838476116,32.93198844618311,-0.36441888965013064,-1.1922756218770356,3.185138325339952e-09
132.36459186158322,-29.73976730830819,32.93049958853453,-0.3646715981913916,-1.1925864239303745,3.1748144648387288e-09
132.3709102884962,-29.731292510555615,32.92900844441404,-0.36492425792283445,-1.1928971842912057,3.1645579704745443e-09
132.37722903844153,-29.722818444790587,32.92751501582889,-0.3651768689966046,-1.1932079029260028,3.154200426904801e-09
132.38354811122502,-29.714345110585413,32.9260193047863,-0.36542943156485763,-1.1935185798012662,3.143977615609136e-09
132.38986750665254,-29.705872507512442,32.924521313293525,-0.365681945779756,-1.1938292148835183,3.1337379627792115e-09
132.39618722452977,-29.697400635144287,32.923021043357785,-0.36593441179347375,-1.1941398081393046,3.1234646268807673e-09
132.40250726466266,-29.688929493053518,32.92151849698631,-0.36618682975819083,-1.1944503595351958,3.1132081325165824e-09
132.40882762685698,-29.680459080812852,32.92001367618636,-0.36643919982609874,-1.1947608690377847,3.1030190042894373e-09
132.41514831091865,-29.67198939799513,32.91850658296512,-0.36669152214939627,-1.1950713366136894,3.0928467175965515e-09
132.42146931665357,-29.663520444173276,32.91699721932989,-0.36694379688029094,-1.1953817622295486,3.082657589369406e-09
132.4277906438677,-29.655052218920346,32.91548558728786,-0.36719602417099906,-1.1956921458520278,3.07248530267652e-09
132.43411229236696,-29.64658472180947,32.913971688846274,-0.36744820417374663,-1.196002487447814,3.0623130159836342e-09
132.4404342619573,-29.638117952413925,32.912455526012366,-0.36770033704076766,-1.1963127869836194,3.052174412359268e-09
132.44675655244478,-29.629651910307047,32.91093710079338,-0.36795242292430486,-1.1966230444261772,3.042035808734902e-09
132.45307916363538,-29.621186595062312,32.909416415196546,-0.3682044619766106,-1.1969332597422477,3.031930888179055e-09
132.4594020953352,-29.612722006253247,32.90789347122909,-0.3684564543499442,-1.1972434328986123,3.021809126088948e-09
132.46572534735017,-29.604258143453634,32.90636827089826,-0.36870840019657614,-1.1975535638620758,3.01180525473866e-09
132.47204891948647,-29.595795006237168,32.90484081621128,-0.36896029966878385,-1.1978636525994677,3.0017340172513324e-09
132.47837281155017,-29.587332594177788,32.9033111091754,-0.36921215291885323,-1.1981736990776408,2.9916964628325248e-09
132.48469702334748,-29.578870906849453,32.90177915179784,-0.36946396009908,-1.1984837032634716,2.9816252253451977e-09
132.49102155468447,-29.570409943826295,32.900244946085834,-0.36971572136176833,-1.1987936651238595,2.971621353994909e-09
132.4973464053673,-29.56194970468249,32.89870849404662,-0.3699674368592305,-1.199103584625728,2.961600641110361e-09
132.50367157520225,-29.553490188992377,32.897169797687454,-0.37021910674378744,-1.1994134617360235,2.9516304528285923e-09
132.50999706399546,-29.545031396330376,32.89562885901554,-0.37047073116776974,-1.199723296421718,2.9416771060810832e-09
132.5163228715532,-29.536573326270993,32.89408568003811,-0.37072231028351565,-1.2000330886498043,2.9316732347307946e-09
132.5226489976817,-29.528115978388882,32.89254026276243,-0.37097384424337165,-1.2003428383872992,2.921787254120325e-09
132.52897544218737,-29.519659352258724,32.89099260919573,-0.371225333199693,-1.2006525456012453,2.9118507489070755e-09
132.53530220487633,-29.511203447455454,32.88944272134522,-0.37147677730484574,-1.2009622102587065,2.901914243693826e-09
132.54162928555502,-29.502748263553983,32.88789060121814,-0.3717281767112015,-1.2012718323267713,2.8920451046176157e-09
132.5479566840297,-29.49429380012937,32.886336250821735,-0.3719795315711421,-1.2015814117725505,2.8821591240071455e-09
132.55428440010687,-29.485840056756782,32.88477967216324,-0.3722308420370566,-1.2018909485631801,2.872289984930935e-09
132.5606124335928,-29.477387033011478,32.88322086724989,-0.372482108261345,-1.202200442665819,2.8624208458547246e-09
132.56694078429396,-29.46893472846883,32.88165983808892,-0.372733330396413,-1.2025098940476489,2.8526022313812937e-09
132.57326945201675,-29.460483142704344,32.88009658668755,-0.37298450859467597,-1.2028193026758762,2.8427667753736026e-09
132.57959843656764,-29.452032275293604,32.87853111505304,-0.3732356430085588,-1.203128668517729,2.832998685502951e-09
132.58592773775308,-29.443582125812277,32.87696342519261,-0.37348673379049324,-1.2034379915404612,2.8231800710295196e-09
132.5922573553796,-29.4351326938362,32.875393519113494,-0.3737377810929207,-1.203747271711349,2.813378298090348e-09
132.59858728925371,-29.426683978941224,32.873821398822926,-0.37398878506829036,-1.2040565089976925,2.8036607328224755e-09
132.6049175391819,-29.418235980703447,32.872247066328136,-0.3742397458690602,-1.2043657033668143,2.7938926429518237e-09
132.61124810497077,-29.40978869869895,32.870670523636385,-0.374490663647696,-1.2046748547860615,2.7841750776839507e-09
132.61757898642688,-29.401342132503967,32.869091772754885,-0.3747415385566728,-1.2049839632228045,2.7744238293475587e-09
132.6239101833568,-29.392896281694824,32.86751081569086,-0.37499237074847414,-1.2052930286444374,2.764773630216725e-09
132.6302416955672,-29.38445114584797,32.86592765445156,-0.3752431603755904,-1.2056020510183774,2.7550560649488525e-09
132.6365735228647,-29.376006724539945,32.86434229104424,-0.3754939075905224,-1.205911030312065,2.745389024283759e-09
132.64290566505593,-29.367563017347408,32.86275472747611,-0.3757446125457775,-1.206219966492964,2.7357219836186657e-09
132.64923812194758,-29.35912002384712,32.86116496575439,-0.37599527539387323,-1.2065288595285644,2.7260886260220917e-09
132.65557089334635,-29.350677743615936,32.85957300788635,-0.3762458962873347,-1.2068377093863756,2.716505793028297e-09
132.661903979059,-29.34223617623086,32.8579788558792,-0.3764964753786935,-1.2071465160339323,2.706872435431723e-09
132.66823737889223,-29.333795321268884,32.856382511740186,-0.3767470128204924,-1.2074552794387943,2.697239077835149e-09
132.67457109265277,-29.325355178307326,32.85478397747655,-0.37699750876528115,-1.2077639995685412,2.6876899279098736e-09
132.6809051201474,-29.316915746923424,32.85318325509551,-0.3772479633656186,-1.2080726763907794,2.6781576195188583e-09
132.68723946118297,-29.308477026694554,32.851580346604315,-0.37749837677406944,-1.208381309873137,2.668541103456544e-09
132.69357411556624,-29.300039017198248,32.84997525401018,-0.37774874914321027,-1.2086898999832667,2.6589919535312687e-09
132.69990908310407,-29.291601718012124,32.848367979320365,-0.3779990806256231,-1.2089984466888442,2.6495270112772924e-09
132.70624436360333,-29.283165128713893,32.84675852454208,-0.3782493713738991,-1.2093069499575677,2.640045227489056e-09
132.71257995687088,-29.274729248881375,32.84514689168259,-0.3784996215406382,-1.20961540975716,2.630496077563781e-09
132.71891586271363,-29.266294078092518,32.84353308274908,-0.37874983127844786,-1.209923826055368,2.621031135309804e-09
132.72525208093845,-29.257859615925362,32.841917099748834,-0.3790000007399435,-1.210232198819959,2.611549351521568e-09
132.73158861135232,-29.249425861958045,32.84029894468909,-0.37925013007774994,-1.2105405280187271,2.602134933870371e-09
132.73792545376222,-29.240992815768788,32.83867861957704,-0.379500219444498,-1.2108488136194882,2.592686833150654e-09
132.744262607975,-29.23256047693603,32.837056126419945,-0.37975026899283004,-1.2111570555900824,2.583255573965197e-09
132.75060007379773,-29.22412884503821,32.835431467225035,-0.3800002788753935,-1.2114652538983721,2.5738579978482594e-09
132.75693785103743,-29.2156979196539,32.833804643999535,-0.38025024924484563,-1.211773408512245,2.5644772632655817e-09
132.76327593950114,-29.207267700361783,32.83217565875071,-0.38050018025385096,-1.21208151939961,2.5551133702171637e-09
132.76961433899584,-29.198838186740627,32.83054451348576,-0.38075007205508166,-1.2123895865284,2.5456989525659665e-09
132.77595304932865,-29.190409378369363,32.828911210211935,-0.3809999248012201,-1.2126976098665727,2.5363855841203276e-09
132.7822920703066,-29.181981274826967,32.8272757509365,-0.3812497386449548,-1.2130055893821075,2.5270216910719096e-09
132.78863140173684,-29.173553875692573,32.82563813766663,-0.38149951373898333,-1.2133135250430094,2.5177756887633096e-09
132.7949710434265,-29.16512718054538,32.823998372409584,-0.38174925023601025,-1.2136214168173045,2.5084623203176707e-09
132.8013109951827,-29.156701188964707,32.822356457172624,-0.38199894828874953,-1.2139292646730422,2.499132110337772e-09
132.80765125681262,-29.148275900529974,32.82071239396295,-0.382248608049922,-1.2142370685782984,2.4898861080291725e-09
132.81399182812336,-29.13985131482077,32.81906618478782,-0.3824982296722578,-1.2145448285011684,2.480606422652053e-09
132.82033270892217,-29.13142743141673,32.817417831654446,-0.38274781330849444,-1.2148525444097735,2.4713772618777132e-09
132.82667389901627,-29.123004249897576,32.815767336570076,-0.3829973591113763,-1.2151602162722583,2.462148101103373e-09
132.8330153982129,-29.114581769843202,32.814114701541946,-0.3832468672336578,-1.2154678440567892,2.452935781863293e-09
132.83935720631925,-29.106159990833543,32.81245992857729,-0.3834963378280998,-1.2157754277315571,2.443740304157472e-09
132.84569932314264,-29.097738912448687,32.81080301968334,-0.38374577104747165,-1.216082967264776,2.434578509520171e-09
132.85204174849034,-29.089318534268823,32.80914397686733,-0.38399516704455144,-1.2163904626246838,2.4254167148828696e-09
132.85838448216964,-29.080898855874217,32.80748280213651,-0.38424452597212333,-1.2166979137795408,2.4162549202455686e-09
132.86472752398788,-29.072479876845293,32.80581949749809,-0.3844938479829816,-1.2170053206976317,2.4071099671425274e-09
132.8710708737524,-29.06406159676253,32.80415406495932,-0.3847431332299264,-1.2173126833472632,2.3979986971080055e-09
132.87741453127055,-29.055644015206514,32.802486506527444,-0.3849923818657667,-1.2176200016967669,2.3888537440049643e-09
132.88375849634969,-29.047227131758042,32.800816824209676,-0.38524159404332003,-1.217927275714497,2.3797929985732216e-09
132.8901027687972,-29.038810945997895,32.79914502001324,-0.3854907699154114,-1.218234505368831,2.3706985700729595e-09
132.89644734842048,-29.030395457506994,32.79747109594542,-0.3857399096348727,-1.2185416906281694,2.361620983106957e-09
132.902792235027,-29.021980665866398,32.7957950540134,-0.3859890133545451,-1.218848831460937,2.352593920743734e-09
132.90913742842417,-29.013566570657247,32.794116896224445,-0.38623808122727615,-1.2191559278355806,2.343550016846251e-09
132.91548292841946,-29.005153171460787,32.79243662458578,-0.3864871134059225,-1.2194629797205716,2.3344724298802486e-09
132.92182873482037,-28.996740467858398,32.790754241104636,-0.38673611004334807,-1.219769987084405,2.3254958921198046e-09
132.92817484743432,-28.988328459431532,32.78906974778825,-0.38698507129242476,-1.220076949895597,2.3165025128251008e-09
132.9345212660689,-28.979917145761767,32.78738314664386,-0.3872339973060317,-1.2203838681226886,2.307525975064657e-09
132.94086799053161,-28.971506526430797,32.7856944396787,-0.3874828882370568,-1.2206907417342452,2.2985831203727325e-09
132.94721502063004,-28.96309660102036,32.7840036289,-0.3877317442383942,-1.2209975706988532,2.289606582612289e-09
132.95356235617163,-28.954687369112445,32.78231071631501,-0.38798056546294807,-1.2213043549851232,2.2806974109888837e-09
132.95990999696406,-28.94627883028901,32.78061570393095,-0.38822935206362796,-1.2216110945616898,2.2717040316941803e-09
132.96625794281488,-28.937870984132186,32.77891859375506,-0.3884781041933531,-1.2219177893972102,2.2628453846735543e-09
132.97260619353173,-28.92946383022418,32.77721938779456,-0.38872682200504843,-1.222224439460365,2.253969896118669e-09
132.9789547489222,-28.921057368147316,32.775518088056714,-0.38897550565164885,-1.2225310447198585,2.245077566029524e-09
132.985303608794,-28.912651597484043,32.77381469654873,-0.3892241552860949,-1.222837605144417,2.236218919008898e-09
132.99165277295472,-28.904246517816894,32.772109215277865,-0.3894727710613358,-1.2231441207027915,2.227377113522532e-09
132.99800224121208,-28.89584212872853,32.77040164625134,-0.3897213531303285,-1.2234505913637557,2.2185016249676467e-09
133.00435201337373,-28.887438429801705,32.76869199147637,-0.38996990164603795,-1.2237570170961074,2.2097440271525795e-09
133.01070208924747,-28.87903542061924,32.76698025296024,-0.39021841676143487,-1.2240633978686657,2.200935904734733e-09
133.01705246864094,-28.8706331007642,32.76526643271014,-0.39046689862949996,-1.2243697336502746,2.1921446238511463e-09
133.02340315136186,-28.862231469819616,32.76355053273334,-0.39071534740322034,-1.2246760244098003,2.1833701845018193e-09
133.02975413721808,-28.85383052736868,32.761832555037046,-0.39096376323559123,-1.2249822701161337,2.1745789036182326e-09
133.03610542601731,-28.8454302729947,32.7601125016285,-0.39121214627961387,-1.2252884707381875,2.1658044642689056e-09
133.04245701756736,-28.837030706281077,32.75839037451494,-0.39146049668829963,-1.2255946262448982,2.1570973910566174e-09
133.04880891167605,-28.828631826811314,32.7566661757036,-0.3917088146146655,-1.2259007366052255,2.14837347631007e-09
133.05516110815114,-28.82023363416903,32.754939907201724,-0.39195710021173713,-1.2262068017881527,2.139666403097782e-09
133.06151360680053,-28.811836127937973,32.75321157101653,-0.39220535363254694,-1.2265128217626855,2.130993012954013e-09
133.06786640743206,-28.803439307701968,32.75148116915526,-0.39245357503013445,-1.226818796497854,2.1223364643445047e-09
133.07421950985358,-28.79504317304494,32.74974870362516,-0.39270176455754857,-1.2271247259627096,2.113612549597957e-09
133.08057291387303,-28.786647723550924,32.74801417643344,-0.392949922367843,-1.2274306101263293,2.1050065255912274e-09
133.08692661929823,-28.778252958804156,32.746277589587365,-0.3931980486140825,-1.2277364489578109,2.096366818515978e-09
133.09328062593713,-28.769858878388852,32.74453894509415,-0.39344614344933604,-1.228042242426278,2.0877271114407294e-09
133.09963493359763,-28.7614654818894,32.74279824496103,-0.39369420702668134,-1.2283479905008743,2.0791547705025194e-09
133.1059895420877,-28.753072768890274,32.74105549119525,-0.3939422394992038,-1.2286536931507697,2.0705655880300493e-09
133.11234445121534,-28.74468073897606,32.73931068580403,-0.39419024101999606,-1.2289593503451561,2.06195956402332e-09
133.11869966078845,-28.736289391731468,32.73756383079463,-0.3944382117421573,-1.2292649620532465,2.0534040646193697e-09
133.1250551706151,-28.727898726741298,32.73581492817425,-0.3946861518187953,-1.2295705282442815,2.044865406749679e-09
133.13141098050323,-28.719508743590463,32.73406397995015,-0.3949340614030253,-1.2298760488875207,2.0362930658114693e-09
133.13776709026087,-28.71111944186399,32.73231098812955,-0.3951819406479696,-1.2301815239522487,2.027804932544558e-09
133.1441234996961,-28.702730821147004,32.730555954719705,-0.39542978970675663,-1.2304869534077736,2.0193336408119063e-09
133.15048020861695,-28.6943428810247,32.728798881727826,-0.3956776087325238,-1.2307923372234264,2.0108118244764755e-09
133.15683721683143,-28.68595562108251,32.72703977116117,-0.39592539787841596,-1.2310976753685599,2.002340532743824e-09
133.16319452414768,-28.677569040905848,32.72527862502695,-0.3961731572975839,-1.2314029678125513,1.9938692410111722e-09
