galstreams/tracks/track.ep.Pal13.shipp2020.ecsv
# %ECSV 1.0
# ---
# datatype:
# - {name: ra, unit: deg, datatype: float64}
# - {name: dec, unit: deg, datatype: float64}
# - {name: distance, unit: kpc, datatype: float64}
# - {name: pm_ra_cosdec, unit: mas / yr, datatype: float64}
# - {name: pm_dec, unit: mas / yr, datatype: float64}
# - {name: radial_velocity, unit: km / s, datatype: float64}
# delimiter: ','
# meta: !!omap
# - __serialized_columns__:
#     dec:
#       __class__: astropy.coordinates.angles.Latitude
#       unit: &id001 !astropy.units.Unit {unit: deg}
#       value: !astropy.table.SerializedColumn {name: dec}
#     distance:
#       __class__: astropy.coordinates.distances.Distance
#       unit: !astropy.units.Unit {unit: kpc}
#       value: !astropy.table.SerializedColumn {name: distance}
#     pm_dec:
#       __class__: astropy.units.quantity.Quantity
#       unit: !astropy.units.Unit {unit: mas / yr}
#       value: !astropy.table.SerializedColumn {name: pm_dec}
#     pm_ra_cosdec:
#       __class__: astropy.units.quantity.Quantity
#       unit: !astropy.units.Unit {unit: mas / yr}
#       value: !astropy.table.SerializedColumn {name: pm_ra_cosdec}
#     ra:
#       __class__: astropy.coordinates.angles.Longitude
#       unit: *id001
#       value: !astropy.table.SerializedColumn {name: ra}
#       wrap_angle: !astropy.coordinates.Angle
#         unit: *id001
#         value: 360.0
#     radial_velocity:
#       __class__: astropy.units.quantity.Quantity
#       unit: !astropy.units.Unit {unit: km / s}
#       value: !astropy.table.SerializedColumn {name: radial_velocity}
# schema: astropy-2.0
ra,dec,distance,pm_ra_cosdec,pm_dec,radial_velocity
344.3,8.899999999999997,23.6,0.0,0.0,0.0
344.3286346770907,8.947036170721542,23.6,0.0,0.0,0.0
344.3572767567845,8.994070142329567,23.600000000000005,0.0,0.0,0.0
344.38592628022144,9.041101902498907,23.6,0.0,0.0,0.0
344.41458328857544,9.088131438892397,23.6,0.0,0.0,0.0
344.44324782305426,9.135158739161213,23.60000000000001,0.0,0.0,0.0
344.47191992489996,9.182183790944414,23.6,0.0,0.0,0.0
344.50059963538916,9.229206581869253,23.600000000000005,0.0,0.0,0.0
344.5292869958329,9.276227099550725,23.6,0.0,0.0,0.0
344.5579820475769,9.323245331591881,23.60000000000001,0.0,0.0,0.0
344.58668483200205,9.370261265583382,23.60000000000001,0.0,0.0,0.0
344.61539539052444,9.417274889103803,23.6,0.0,0.0,0.0
344.6441137645955,9.464286189719177,23.600000000000005,0.0,0.0,0.0
344.67283999570196,9.51129515498333,23.6,0.0,0.0,0.0
344.7015741253667,9.558301772437405,23.600000000000005,0.0,0.0,0.0
344.7303161951483,9.605306029610187,23.6,0.0,0.0,0.0
344.7590662466415,9.65230791401764,23.6,0.0,0.0,0.0
344.78782432147756,9.699307413163236,23.600000000000005,0.0,0.0,0.0
344.816590461324,9.746304514537488,23.600000000000005,0.0,0.0,0.0
344.84536470788515,9.793299205618267,23.6,0.0,0.0,0.0
344.87414710290244,9.840291473870339,23.6,0.0,0.0,0.0
344.90293768815417,9.887281306745706,23.6,0.0,0.0,0.0
344.9317365054561,9.934268691683117,23.600000000000005,0.0,0.0,0.0
344.9605435966614,9.981253616108399,23.600000000000005,0.0,0.0,0.0
344.989359003661,10.028236067434005,23.600000000000005,0.0,0.0,0.0
345.0181827683838,10.075216033059311,23.6,0.0,0.0,0.0
345.04701493279657,10.12219350037018,23.6,0.0,0.0,0.0
345.0758555389046,10.169168456739257,23.600000000000005,0.0,0.0,0.0
345.1047046287515,10.216140889525528,23.600000000000005,0.0,0.0,0.0
345.1335622444197,10.263110786074623,23.600000000000005,0.0,0.0,0.0
345.1624284280304,10.310078133718365,23.60000000000001,0.0,0.0,0.0
345.191303221744,10.357042919775077,23.6,0.0,0.0,0.0
345.22018666776006,10.404005131549127,23.6,0.0,0.0,0.0
345.2490788083176,10.450964756331253,23.60000000000001,0.0,0.0,0.0
345.27797968569547,10.497921781398079,23.6,0.0,0.0,0.0
345.3068893422122,10.544876194012453,23.6,0.0,0.0,0.0
345.3358078202264,10.591827981422984,23.600000000000005,0.0,0.0,0.0
345.3647351621372,10.638777130864334,23.6,0.0,0.0,0.0
345.3936714103839,10.685723629556794,23.599999999999998,0.0,0.0,0.0
345.4226166074467,10.732667464706568,23.6,0.0,0.0,0.0
345.4515707958464,10.779608623505323,23.6,0.0,0.0,0.0
345.4805340181452,10.826547093130515,23.6,0.0,0.0,0.0
345.5095063169463,10.8734828607449,23.6,0.0,0.0,0.0
345.5384877348944,10.920415913496877,23.6,0.0,0.0,0.0
345.56747831467595,10.967346238520012,23.600000000000005,0.0,0.0,0.0
345.59647809901935,11.014273822933351,23.6,0.0,0.0,0.0
345.6254871306949,11.061198653840966,23.6,0.0,0.0,0.0
345.65450545251525,11.108120718332263,23.600000000000005,0.0,0.0,0.0
345.68353310733556,11.155040003481517,23.6,0.0,0.0,0.0
345.7125701380536,11.201956496348194,23.6,0.0,0.0,0.0
345.74161658760994,11.24887018397648,23.6,0.0,0.0,0.0
345.77067249898846,11.29578105339556,23.60000000000001,0.0,0.0,0.0
345.79973791521616,11.342689091619375,23.6,0.0,0.0,0.0
345.8288128793635,11.389594285646414,23.6,0.0,0.0,0.0
345.8578974345449,11.43649662245999,23.600000000000005,0.0,0.0,0.0
345.88699162391833,11.483396089027755,23.6,0.0,0.0,0.0
345.9160954906861,11.530292672302023,23.600000000000005,0.0,0.0,0.0
345.94520907809454,11.577186359219311,23.600000000000005,0.0,0.0,0.0
345.97433242943487,11.624077136700647,23.600000000000005,0.0,0.0,0.0
346.0034655880428,11.670964991651097,23.600000000000005,0.0,0.0,0.0
346.032608597299,11.71784991096009,23.6,0.0,0.0,0.0
346.0617615006292,11.764731881500948,23.6,0.0,0.0,0.0
346.09092434150455,11.8116108901312,23.6,0.0,0.0,0.0
346.12009716344176,11.858486923692116,23.6,0.0,0.0,0.0
346.14928001000317,11.905359969009016,23.6,0.0,0.0,0.0
346.1784729247972,11.952230012890814,23.6,0.0,0.0,0.0
346.2076759514782,11.999097042130316,23.60000000000001,0.0,0.0,0.0
346.23688913374724,12.045961043503766,23.6,0.0,0.0,0.0
346.26611251535167,12.092822003771147,23.6,0.0,0.0,0.0
346.29534614008566,12.139679909675719,23.6,0.0,0.0,0.0
346.3245900517906,12.186534747944345,23.6,0.0,0.0,0.0
346.35384429435464,12.233386505287,23.600000000000005,0.0,0.0,0.0
346.3831089117138,12.280235168397098,23.6,0.0,0.0,0.0
346.41238394785137,12.327080723951006,23.600000000000005,0.0,0.0,0.0
346.44166944679864,12.373923158608392,23.600000000000005,0.0,0.0,0.0
346.47096545263486,12.420762459011716,23.6,0.0,0.0,0.0
346.5002720094877,12.467598611786567,23.6,0.0,0.0,0.0
346.52958916153284,12.514431603541185,23.600000000000005,0.0,0.0,0.0
346.5589169529952,12.56126142086677,23.600000000000005,0.0,0.0,0.0
346.58825542814805,12.608088050337024,23.6,0.0,0.0,0.0
346.6176046313142,12.654911478508447,23.6,0.0,0.0,0.0
346.6469646068653,12.701731691919878,23.6,0.0,0.0,0.0
346.676335399223,12.748548677092801,23.6,0.0,0.0,0.0
346.7057170528582,12.795362420530884,23.6,0.0,0.0,0.0
346.735109612292,12.842172908720265,23.6,0.0,0.0,0.0
346.7645131220956,12.888980128129115,23.6,0.0,0.0,0.0
346.7939276268906,12.935784065207919,23.6,0.0,0.0,0.0
346.82335317134897,12.982584706389034,23.600000000000005,0.0,0.0,0.0
346.8527898001937,13.029382038086965,23.600000000000005,0.0,0.0,0.0
346.8822375581987,13.076176046697924,23.6,0.0,0.0,0.0
346.9116964901891,13.122966718600114,23.600000000000005,0.0,0.0,0.0
346.94116664104126,13.169754040153284,23.6,0.0,0.0,0.0
346.97064805568357,13.216537997699008,23.600000000000005,0.0,0.0,0.0
347.00014077909594,13.263318577560256,23.6,0.0,0.0,0.0
347.0296448563105,13.310095766041645,23.6,0.0,0.0,0.0
347.0591603324116,13.356869549429021,23.600000000000005,0.0,0.0,0.0
347.0886872525361,13.403639913989732,23.6,0.0,0.0,0.0
347.1182256618737,13.450406845972177,23.6,0.0,0.0,0.0
347.1477756056669,13.497170331606092,23.600000000000005,0.0,0.0,0.0
347.17733712921137,13.5439303571021,23.60000000000001,0.0,0.0,0.0
347.20691027785625,13.59068690865199,23.60000000000001,0.0,0.0,0.0
347.2364950970041,13.637439972428341,23.600000000000005,0.0,0.0,0.0
347.26609163211145,13.684189534584595,23.6,0.0,0.0,0.0
347.29569992868875,13.730935581254927,23.600000000000005,0.0,0.0,0.0
347.32532003230074,13.777678098554173,23.600000000000005,0.0,0.0,0.0
347.3549519885666,13.824417072577742,23.6,0.0,0.0,0.0
347.3845958431602,13.871152489401526,23.6,0.0,0.0,0.0
347.41425164181027,13.917884335081826,23.6,0.0,0.0,0.0
347.4439194303008,13.964612595655264,23.6,0.0,0.0,0.0
347.473599254471,14.0113372571387,23.6,0.0,0.0,0.0
347.5032911602156,14.058058305529144,23.6,0.0,0.0,0.0
347.5329951934852,14.104775726803668,23.600000000000005,0.0,0.0,0.0
347.56271140028633,14.151489506919342,23.6,0.0,0.0,0.0
347.59243982668187,14.198199631813107,23.6,0.0,0.0,0.0
347.6221805187911,14.244906087401736,23.600000000000005,0.0,0.0,0.0
347.6519335227899,14.291608859581727,23.600000000000005,0.0,0.0,0.0
347.681698884911,14.338307934229208,23.6,0.0,0.0,0.0
347.7114766514444,14.385003297199862,23.600000000000005,0.0,0.0,0.0
347.7412668687374,14.431694934328851,23.6,0.0,0.0,0.0
347.77106958319473,14.478382831430709,23.6,0.0,0.0,0.0
347.8008848412791,14.525066974299264,23.6,0.0,0.0,0.0
347.8307126895111,14.57174734870756,23.6,0.0,0.0,0.0
347.86055317446954,14.618423940407757,23.6,0.0,0.0,0.0
347.8904063427919,14.665096735131042,23.600000000000005,0.0,0.0,0.0
347.92027224117396,14.711765718587571,23.6,0.0,0.0,0.0
347.9501509163708,14.75843087646633,23.600000000000005,0.0,0.0,0.0
347.98004241519635,14.805092194435103,23.600000000000005,0.0,0.0,0.0
348.0099467845242,14.851749658140335,23.6,0.0,0.0,0.0
348.0398640712872,14.898403253207086,23.600000000000005,0.0,0.0,0.0
348.0697943224782,14.945052965238906,23.6,0.0,0.0,0.0
348.0997375851501,14.991698779817773,23.600000000000005,0.0,0.0,0.0
348.129693906416,15.038340682503993,23.600000000000005,0.0,0.0,0.0
348.1596633334496,15.084978658836107,23.6,0.0,0.0,0.0
348.18964591348526,15.131612694330812,23.6,0.0,0.0,0.0
348.21964169381823,15.178242774482868,23.6,0.0,0.0,0.0
348.24965072180515,15.224868884765003,23.6,0.0,0.0,0.0
348.2796730448639,15.27149101062783,23.6,0.0,0.0,0.0
348.30970871047407,15.318109137499745,23.6,0.0,0.0,0.0
348.33975776617706,15.364723250786854,23.6,0.0,0.0,0.0
348.3698202595765,15.411333335872888,23.600000000000005,0.0,0.0,0.0
348.39989623833833,15.457939378119065,23.600000000000005,0.0,0.0,0.0
348.42998575019095,15.504541362864055,23.600000000000005,0.0,0.0,0.0
348.46008884292564,15.55113927542387,23.600000000000005,0.0,0.0,0.0
348.4902055643968,15.597733101091753,23.6,0.0,0.0,0.0
348.52033596252187,15.644322825138115,23.6,0.0,0.0,0.0
348.55048008528206,15.690908432810419,23.6,0.0,0.0,0.0
348.5806379807222,15.737489909333103,23.600000000000005,0.0,0.0,0.0
348.610809696951,15.784067239907495,23.600000000000005,0.0,0.0,0.0
348.6409952821414,15.830640409711691,23.600000000000005,0.0,0.0,0.0
348.67119478453094,15.877209403900501,23.6,0.0,0.0,0.0
348.70140825242163,15.923774207605318,23.6,0.0,0.0,0.0
348.73163573418043,15.970334805934046,23.60000000000001,0.0,0.0,0.0
348.7618772782395,16.016891183971012,23.6,0.0,0.0,0.0
348.79213293309647,16.063443326776856,23.600000000000005,0.0,0.0,0.0
348.82240274731424,16.10999121938844,23.600000000000005,0.0,0.0,0.0
348.852686769522,16.156534846818776,23.6,0.0,0.0,0.0
348.8829850484146,16.203074194056892,23.6,0.0,0.0,0.0
348.9132976327536,16.24960924606778,23.600000000000005,0.0,0.0,0.0
348.94362457136685,16.29613998779226,23.600000000000005,0.0,0.0,0.0
348.97396591314913,16.342666404146918,23.600000000000005,0.0,0.0,0.0
349.0043217070621,16.389188480024,23.600000000000005,0.0,0.0,0.0
349.034692002135,16.435706200291314,23.6,0.0,0.0,0.0
349.0650768474643,16.48221954979212,23.6,0.0,0.0,0.0
349.09547629221424,16.528728513345072,23.6,0.0,0.0,0.0
349.1258903856173,16.575233075744077,23.6,0.0,0.0,0.0
349.15631917697397,16.62173322175824,23.600000000000005,0.0,0.0,0.0
349.18676271565323,16.668228936131737,23.6,0.0,0.0,0.0
349.2172210510929,16.71472020358372,23.6,0.0,0.0,0.0
349.2476942327997,16.76120700880825,23.6,0.0,0.0,0.0
349.27818231034945,16.80768933647415,23.600000000000005,0.0,0.0,0.0
349.3086853333876,16.854167171224965,23.6,0.0,0.0,0.0
349.33920335162907,16.900640497678815,23.6,0.0,0.0,0.0
349.36973641485895,16.947109300428313,23.600000000000005,0.0,0.0,0.0
349.4002845729323,16.99357356404049,23.600000000000005,0.0,0.0,0.0
349.4308478757748,17.04003327305665,23.600000000000005,0.0,0.0,0.0
349.4614263733825,17.08648841199231,23.600000000000005,0.0,0.0,0.0
349.4920201158226,17.132938965337097,23.6,0.0,0.0,0.0
349.5226291532334,17.179384917554618,23.60000000000001,0.0,0.0,0.0
349.5532535358245,17.2258262530824,23.6,0.0,0.0,0.0
349.5838933138773,17.272262956331765,23.6,0.0,0.0,0.0
349.61454853774495,17.318695011687723,23.6,0.0,0.0,0.0
349.6452192578527,17.365122403508902,23.6,0.0,0.0,0.0
349.67590552469846,17.41154511612743,23.6,0.0,0.0,0.0
349.7066073888523,17.457963133848818,23.6,0.0,0.0,0.0
349.73732490095773,17.504376440951894,23.6,0.0,0.0,0.0
349.7680581117309,17.550785021688665,23.6,0.0,0.0,0.0
349.7988070719616,17.59718886028425,23.600000000000005,0.0,0.0,0.0
349.8295718325131,17.64358794093674,23.600000000000005,0.0,0.0,0.0
349.8603524443227,17.689982247817134,23.6,0.0,0.0,0.0
349.8911489584017,17.736371765069208,23.600000000000005,0.0,0.0,0.0
349.92196142583583,17.782756476809432,23.6,0.0,0.0,0.0
349.9527898977853,17.829136367126832,23.6,0.0,0.0,0.0
349.98363442548543,17.87551142008295,23.600000000000005,0.0,0.0,0.0
350.0144950602465,17.92188161971168,23.6,0.0,0.0,0.0
350.04537185345424,17.968246950019182,23.60000000000001,0.0,0.0,0.0
350.0762648565699,18.014607394983795,23.6,0.0,0.0,0.0
350.1071741211307,18.060962938555917,23.6,0.0,0.0,0.0
350.13809969875007,18.107313564657893,23.6,0.0,0.0,0.0
350.16904164111776,18.153659257183943,23.600000000000005,0.0,0.0,0.0
350.2,18.200000000000003,23.6,0.0,0.0,0.0
