galstreams/tracks/track.st.New-14.ibata2024.ecsv
# %ECSV 1.0
# ---
# datatype:
# - {name: ra, unit: deg, datatype: float64}
# - {name: dec, unit: deg, datatype: float64}
# - {name: distance, unit: kpc, datatype: float64}
# - {name: pm_ra_cosdec, unit: mas / yr, datatype: float64}
# - {name: pm_dec, unit: mas / yr, datatype: float64}
# - {name: radial_velocity, unit: km / s, datatype: float64}
# delimiter: ','
# meta: !!omap
# - __serialized_columns__:
#     dec:
#       __class__: astropy.coordinates.angles.Latitude
#       unit: &id001 !astropy.units.Unit {unit: deg}
#       value: !astropy.table.SerializedColumn {name: dec}
#     distance:
#       __class__: astropy.coordinates.distances.Distance
#       unit: !astropy.units.Unit {unit: kpc}
#       value: !astropy.table.SerializedColumn {name: distance}
#     pm_dec:
#       __class__: astropy.units.quantity.Quantity
#       unit: !astropy.units.Unit {unit: mas / yr}
#       value: !astropy.table.SerializedColumn {name: pm_dec}
#     pm_ra_cosdec:
#       __class__: astropy.units.quantity.Quantity
#       unit: !astropy.units.Unit {unit: mas / yr}
#       value: !astropy.table.SerializedColumn {name: pm_ra_cosdec}
#     ra:
#       __class__: astropy.coordinates.angles.Longitude
#       unit: *id001
#       value: !astropy.table.SerializedColumn {name: ra}
#       wrap_angle: !astropy.coordinates.Angle
#         unit: *id001
#         value: 360.0
#     radial_velocity:
#       __class__: astropy.units.quantity.Quantity
#       unit: !astropy.units.Unit {unit: km / s}
#       value: !astropy.table.SerializedColumn {name: radial_velocity}
# schema: astropy-2.0
ra,dec,distance,pm_ra_cosdec,pm_dec,radial_velocity
[from data line 850]
171.62906523123138,-23.74483266951243,0.9999999999999998,-27.56035737993844,-1.5255880714535266,128.66579365897658
171.63293786234627,-23.754963754445832,0.9999999999999997,-27.56471088987822,-1.521612761033829,128.6341923248859
171.636815735928,-23.765092925567323,0.9999999999999994,-27.569102225137588,-1.5176479202769286,128.60253832478452
171.6406988907704,-23.775220167765273,0.9999999999999996,-27.573531499193006,-1.5136935885026048,128.5708315771751
171.6445873656781,-23.785345465923456,0.9999999999999997,-27.577998825519327,-1.5097498050729605,128.5390720005604
171.64848119946626,-23.79546880492105,0.9999999999999997,-27.58250431758973,-1.5058166093925998,128.50725951344305
171.6523804309607,-23.805590169632612,0.9999999999999996,-27.587048088875626,-1.5018940409087698,128.47539403432583
171.65628509899798,-23.815709544928072,0.9999999999999997,-27.591630252846755,-1.4979821391116097,128.4434754817114
171.6601952424253,-23.825826915672703,0.9999999999999997,-27.59625092297101,-1.4940809435342786,128.41150377410233
171.6641109001003,-23.83594226672711,0.9999999999999997,-27.600910212714457,-1.490190493753154,128.3794788300016
171.66803211089155,-23.846055582947223,0.9999999999999997,-27.605608235541286,-1.4863108293880085,128.3474005679118
171.67195891367817,-23.85616684918424,0.9999999999999997,-27.61034510491382,-1.4824419901022328,128.3152689063356
171.67589134734988,-23.86627605028466,0.9999999999999998,-27.6151209342924,-1.47858401560298,128.28308376377564
171.67982945080712,-23.87638317109025,0.9999999999999998,-27.61993583713537,-1.4747369456413395,128.25084505873474
171.68377326296095,-23.886488196437995,0.9999999999999998,-27.624789926899044,-1.4709008200125755,128.21855270971554
171.68772282273312,-23.896591111160124,0.9999999999999996,-27.62968331703769,-1.4670756785562737,128.18620663522083
171.691678169056,-23.90669190008406,0.9999999999999996,-27.63461612100341,-1.4632615611565623,128.15380675375317
171.69563934087265,-23.916790548032424,0.9999999999999998,-27.639588452246205,-1.4594585077422693,128.1213529838154
171.6996063771368,-23.926887039822997,0.9999999999999996,-27.644600424213866,-1.4556665582871382,128.0888452439101
171.70357931681272,-23.936981360268717,0.9999999999999998,-27.64965215035189,-1.4518857528099982,128.05628345254016
171.7075581988755,-23.94707349417766,0.9999999999999996,-27.65474374410356,-1.4481161313750004,128.02366752820808
171.71154306231077,-23.957163426353002,0.9999999999999997,-27.659875318909794,-1.444357734091744,127.99099738941672
171.71553394611485,-23.967251141593017,0.9999999999999998,-27.66504698820915,-1.4406106011155426,127.9582729546687
171.71953088929476,-23.97733662469107,0.9999999999999996,-27.670258865437784,-1.4368747726475632,127.92549414246669
171.7235339308681,-23.98741986043555,0.9999999999999996,-27.67551106402938,-1.433150288935071,127.89266087131347
171.72754310986315,-23.99750083360992,0.9999999999999994,-27.68080369741511,-1.4294371902715746,127.85977305971171
171.7315584653188,-24.007579528992622,0.9999999999999997,-27.686136879023596,-1.4257355169970722,127.82683062616418
171.73558003628477,-24.01765593135713,0.9999999999999997,-27.691510722280924,-1.4220453094982375,127.79383348917341
171.73960786182116,-24.027730025471868,0.9999999999999996,-27.69692534061048,-1.4183666082086042,127.76078156724229
171.74364198099894,-24.03780179610024,0.9999999999999996,-27.702380847433,-1.4146994536087725,127.72767477887348
171.74768243289958,-24.047871228000574,0.9999999999999996,-27.70787735616645,-1.4110438862266328,127.69451304256971
171.75172925661528,-24.05793830592611,0.9999999999999998,-27.713414980226066,-1.407399946637545,127.66129627683354
171.75578249124888,-24.068003014625013,0.9999999999999997,-27.718993833024264,-1.4037676754645663,127.62802440016773
171.7598421759138,-24.07806533884029,0.9999999999999998,-27.724614027970553,-1.4001471133786207,127.59469733107517
171.76390834973412,-24.08812526330983,0.9999999999999996,-27.73027567847154,-1.396538301098749,127.56131498805833
171.76798105184466,-24.09818277276633,0.9999999999999998,-27.735978897930877,-1.3929412793922946,127.52787728961997
171.7720603213907,-24.10823785193734,0.9999999999999998,-27.741723799749202,-1.3893560890750862,127.49438415426287
171.77614619752828,-24.118290485545167,0.9999999999999997,-27.747510497324086,-1.3857827710117032,127.46083550048971
171.78023871942403,-24.12834065830691,0.9999999999999997,-27.75333910405,-1.3822213661156564,127.42723124680307
171.7843379262552,-24.138388354934424,0.9999999999999997,-27.75920973331823,-1.3786719153495586,127.39357131170584
171.78844385720967,-24.14843356013427,0.9999999999999996,-27.765122498516874,-1.375134459725432,127.35985561370063
171.79255655148592,-24.158476258607738,0.9999999999999996,-27.771077513030765,-1.3716090403048344,127.32608407129017
171.7966760482931,-24.1685164350508,0.9999999999999997,-27.777074890241437,-1.3680956981991095,127.29225660297716
171.80080238685093,-24.178554074154096,0.9999999999999997,-27.78311474352706,-1.3645944745696248,127.2583731272642
171.80493560638973,-24.1885891606029,0.9999999999999997,-27.78919718626239,-1.3611054106279141,127.22443356265423
171.80907574615054,-24.198621679077103,0.9999999999999996,-27.79532233181872,-1.3576285476359882,127.19043782764967
171.8132228453848,-24.208651614251224,0.9999999999999997,-27.801490293563827,-1.3541639269064678,127.15638584075346
171.8173769433547,-24.218678950794327,0.9999999999999997,-27.80770118486195,-1.3507115898028879,127.12227752046819
171.82153807933304,-24.22870367337003,0.9999999999999997,-27.81395511907366,-1.347271577739832,127.08811278529657
171.82570629260312,-24.23872576663651,0.9999999999999997,-27.820252209555914,-1.3438439321832156,127.05389155374131
171.82988162245886,-24.248745215246426,0.9999999999999997,-27.826592569661905,-1.3404286946504698,127.01961374430512
171.83406410820479,-24.258762003846936,0.9999999999999996,-27.832976312741067,-1.337025906710803,126.98527927549074
171.838253789156,-24.268776117079657,0.9999999999999997,-27.83940355213899,-1.3336356099853823,126.95088806580085
171.8424507046382,-24.278787539580645,0.9999999999999996,-27.84587440119742,-1.3302578461475996,126.91644003373808
171.84665489398753,-24.288796255980376,0.9999999999999997,-27.85238897325409,-1.3268926569232473,126.88193509780525
171.85086639655088,-24.298802250903712,0.9999999999999997,-27.858947381642825,-1.3235400840908138,126.84737317650497
171.85508525168558,-24.308805508969886,0.9999999999999997,-27.86554973969335,-1.3202001694816428,126.81275418834001
171.85931149875952,-24.318806014792486,0.9999999999999997,-27.872196160731274,-1.3168729549802016,126.77807805181308
171.8635451771512,-24.32880375297941,0.9999999999999996,-27.878886758078085,-1.3135584825243125,126.74334468542685
171.8677863262496,-24.33879870813286,0.9999999999999997,-27.88562164505104,-1.3102567941053618,126.70855400768403
171.8720349854543,-24.34879086484931,0.9999999999999998,-27.892400934963113,-1.306967931768547,126.67370593708729
171.87629119417528,-24.35878020771948,0.9999999999999998,-27.899224741122936,-1.303691937613106,126.63880039213939
171.88055499183326,-24.368766721328324,0.9999999999999998,-27.906093176834787,-1.3004288537925568,126.60383729134304
171.8848264178593,-24.37875039025498,0.9999999999999997,-27.91300635539849,-1.2971787225149392,126.56881655320083
171.88910551169505,-24.388731199072783,0.9999999999999997,-27.919964390109342,-1.2939415860430046,126.53373809621563
171.89339231279266,-24.398709132349204,0.9999999999999997,-27.926967394258092,-1.290717486694529,126.49860183889
171.89768686061475,-24.408684174645842,0.9999999999999996,-27.934015481130857,-1.2875064668424674,126.4634076997268
171.90198919463447,-24.418656310518394,0.9999999999999996,-27.941108764009105,-1.284308568915284,126.42815559722857
171.90629935433546,-24.42862552451665,0.9999999999999997,-27.94824735616953,-1.2811238353971035,126.3928454498981
171.91061737921183,-24.43859180118443,0.9999999999999997,-27.95543137088405,-1.27795230882802,126.35747717623806
171.91494330876813,-24.448555125059585,0.9999999999999997,-27.962660921419683,-1.2747940318042925,126.3220506947512
