galstreams/tracks/track.st.GD-1.pricewhelan2018.ecsv
# %ECSV 1.0
# ---
# datatype:
# - {name: ra, unit: deg, datatype: float64}
# - {name: dec, unit: deg, datatype: float64}
# - {name: distance, unit: kpc, datatype: float64}
# - {name: pm_ra_cosdec, unit: mas / yr, datatype: float64}
# - {name: pm_dec, unit: mas / yr, datatype: float64}
# - {name: radial_velocity, unit: km / s, datatype: float64}
# delimiter: ','
# meta: !!omap
# - __serialized_columns__:
#     dec:
#       __class__: astropy.coordinates.angles.Latitude
#       unit: &id001 !astropy.units.Unit {unit: deg}
#       value: !astropy.table.SerializedColumn {name: dec}
#     distance:
#       __class__: astropy.coordinates.distances.Distance
#       unit: !astropy.units.Unit {unit: kpc}
#       value: !astropy.table.SerializedColumn {name: distance}
#     pm_dec:
#       __class__: astropy.units.quantity.Quantity
#       unit: !astropy.units.Unit {unit: mas / yr}
#       value: !astropy.table.SerializedColumn {name: pm_dec}
#     pm_ra_cosdec:
#       __class__: astropy.units.quantity.Quantity
#       unit: !astropy.units.Unit {unit: mas / yr}
#       value: !astropy.table.SerializedColumn {name: pm_ra_cosdec}
#     ra:
#       __class__: astropy.coordinates.angles.Longitude
#       unit: *id001
#       value: !astropy.table.SerializedColumn {name: ra}
#       wrap_angle: !astropy.coordinates.Angle
#         unit: *id001
#         value: 360.0
#     radial_velocity:
#       __class__: astropy.units.quantity.Quantity
#       unit: !astropy.units.Unit {unit: km / s}
#       value: !astropy.table.SerializedColumn {name: radial_velocity}
# schema: astropy-2.0
ra,dec,distance,pm_ra_cosdec,pm_dec,radial_velocity
[from data line 6309]
160.54499405830035,46.173039848495584,8.66309637447788,-6.664870820109614,-10.577049418267922,1.3643529002230279e-08
160.55545615513483,46.179936773521476,8.663596413912668,-6.6657359304165755,-10.575336492534245,1.364416898053215e-08
160.56592116518217,46.18683254228888,8.664096453347456,-6.666601020214885,-10.573622864262834,1.364484264190254e-08
160.57638908937466,46.19372715424181,8.664596492782245,-6.667466089457778,-10.57190853350307,1.3645583669409967e-08
160.58685992864486,46.20062060882419,8.665096532217031,-6.6683311380984005,-10.570193500304377,1.3646189964643319e-08
160.59733368392486,46.20751290547954,8.66559657165182,-6.669196166089687,-10.56847776471626,1.3646897309082228e-08
160.60781035614696,46.214404043651314,8.666096611086608,-6.670061173384472,-10.566761326788265,1.3647638336589657e-08
160.6182899462432,46.22129402278253,8.666596650521395,-6.670926159935412,-10.565044186570024,1.3648244631823007e-08
160.62877245514568,46.22818284231617,8.667096689956184,-6.671791125695053,-10.563326344111204,1.3648951976261916e-08
160.6392578837862,46.23507050169479,8.667596729390969,-6.672656070615739,-10.561607799461559,1.3649625637632307e-08
160.64974623309672,46.24195700036087,8.668096768825759,-6.673520994649717,-10.559888552670877,1.3650366665139736e-08
160.66023750400882,46.24884233775649,8.668596808260546,-6.674385897749046,-10.558168603789046,1.3650972960373086e-08
160.67073169745427,46.255726513323665,8.669096847695334,-6.675250779865662,-10.55644795286598,1.3651646621743477e-08
160.68122881436454,46.26260952650397,8.669596887130123,-6.676115640951346,-10.554726599951678,1.3652320283113865e-08
160.69172885567113,46.26949137673894,8.67009692656491,-6.676980480957721,-10.553004545096192,1.3653027627552775e-08
160.70223182230532,46.27637206346971,8.670596965999698,-6.677845299836268,-10.551281788349643,1.3653701288923165e-08
160.7127377151985,46.28325158613729,8.671097005434488,-6.6787100975383265,-10.549558329762196,1.3654374950293555e-08
160.72324653528167,46.29012994418233,8.671597044869273,-6.6795748740150644,-10.547834169384117,1.3655082294732465e-08
160.733758283486,46.29700713704536,8.67209708430406,-6.680439629217524,-10.546109307265695,1.3655789639171374e-08
160.7442729607425,46.303883164166635,8.67259712373885,-6.681304363096595,-10.544383743457296,1.3656496983610283e-08
160.754790567982,46.31075802498613,8.673097163173635,-6.682169075603004,-10.542657478009362,1.3657103278843633e-08
160.7653111061352,46.31763171894356,8.673597202608425,-6.68303376668732,-10.540930510972384,1.3657844306351062e-08
160.7758345761328,46.32450424547847,8.674097242043212,-6.683898436299993,-10.539202842396922,1.3658450601584413e-08
160.7863609789055,46.331375604030185,8.674597281478002,-6.68476308439131,-10.537474472333585,1.3659056896817763e-08
160.79689031538365,46.3382457940377,8.675097320912789,-6.685627710911394,-10.535745400833074,1.3659797924325193e-08
160.80742258649758,46.345114814939755,8.675597360347577,-6.686492315810225,-10.534015627946134,1.3660404219558543e-08
160.8179577931776,46.35198266617495,8.676097399782366,-6.687356899037644,-10.532285153723574,1.3661010514791894e-08
160.82849593635396,46.358849347181646,8.676597439217154,-6.688221460543336,-10.530553978216272,1.3661818908436362e-08
160.83903701695658,46.36571485739782,8.677097478651941,-6.689086000276816,-10.528822101475171,1.3662391520601194e-08
160.84958103591555,46.3725791962614,8.67759751808673,-6.689950518187483,-10.527089523551265,1.3663098865040103e-08
160.86012799416056,46.37944236320989,8.678097557521518,-6.690815014224546,-10.525356244495637,1.3663671477204934e-08
160.87067789262153,46.3863043576807,8.678597596956307,-6.691679488337108,-10.523622264359407,1.3664412504712362e-08
160.88123073222792,46.39316517911087,8.679097636391095,-6.692543940474066,-10.521887583193784,1.3665119849151273e-08
160.8917865139094,46.40002482693736,8.679597675825882,-6.693408370584226,-10.520152201050019,1.3665726144384623e-08
160.9023452385953,46.406883300596704,8.68009771526067,-6.694272778616188,-10.518416117979445,1.3666467171892052e-08
160.912906907215,46.41374059952537,8.680597754695459,-6.695137164518434,-10.516679334033444,1.3667006100988363e-08
160.92347152069757,46.42059672315942,8.681097794130247,-6.696001528239282,-10.514941849263483,1.3667646079290233e-08
160.9340390799723,46.427451670934836,8.681597833565034,-6.69686586972691,-10.513203663721077,1.3668353423729142e-08
160.944609585968,46.43430544228721,8.682097872999824,-6.697730188929314,-10.51146477745781,1.3669027085099533e-08
160.95518303961367,46.44115803665203,8.68259791243461,-6.698594485794387,-10.509725190525335,1.3669633380332884e-08
160.96575944183797,46.44800945346439,8.683097951869401,-6.699458760269813,-10.507984902975366,1.3670408090908832e-08
160.9763387935696,46.454859692159324,8.683597991304188,-6.700323012303175,-10.506243914859686,1.3671014386142182e-08
160.98692109573705,46.46170875217146,8.684098030738976,-6.7011872418418585,-10.504502226230137,1.3671519632169975e-08
160.99750634926878,46.468556632935304,8.684598070173765,-6.7020514488331395,-10.502759837138637,1.3672260659677404e-08
161.008094555093,46.47540333388502,8.685098109608553,-6.702915633224103,-10.50101674763716,1.3672833271842235e-08
161.01868571413806,46.482248854454625,8.685598149043342,-6.70377979496171,-10.499272957777745,1.3673574299349664e-08
161.02927982733183,46.48909319407782,8.68609818847813,-6.704643933992741,-10.49752846761251,1.3674214277651535e-08
161.0398768956025,46.495936352188146,8.686598227912919,-6.705508050263861,-10.495783277193619,1.3674854255953405e-08
161.05047691987767,46.502778328218774,8.687098267347706,-6.706372143721545,-10.494037386573329,1.3675494234255275e-08
161.0610799010852,46.50961912160279,8.687598306782494,-6.707236214312133,-10.492290795803932,1.3676201578694184e-08
161.0716858401526,46.516458731772914,8.688098346217284,-6.708100261981796,-10.490543504937806,1.3676841556996054e-08
161.08229473800748,46.52329715816171,8.688598385652073,-6.7089642866765855,-10.488795514027384,1.3677447852229404e-08
161.09290659557703,46.530134400201405,8.68909842508686,-6.709828288342358,-10.48704682312519,1.3678155196668315e-08
161.10352141378857,46.53697045732408,8.689598464521648,-6.710692266924839,-10.485297432283783,1.3678761491901665e-08
161.1141391935693,46.54380532896158,8.690098503956436,-6.711556222369605,-10.483547341555798,1.3679300420997978e-08
161.12475993584607,46.55063901454542,8.690598543391225,-6.712420154622063,-10.481796550993948,1.3679940399299848e-08
161.13538364154573,46.557471513506876,8.691098582826015,-6.71328406362746,-10.480045060651012,1.3680681426807275e-08
161.14601031159512,46.56430282527707,8.691598622260804,-6.714147949330918,-10.478292870579827,1.3681355088177666e-08
161.1566399469209,46.57113294928689,8.692098661695592,-6.715011811677388,-10.476539980833287,1.3681894017273977e-08
161.16727254844943,46.57796188496683,8.692598701130379,-6.715875650611645,-10.474786391464384,1.3682567678644367e-08
161.1779081171072,46.58478963174734,8.69309874056517,-6.716739466078352,-10.473032102526142,1.3683173973877717e-08
161.1885466538203,46.59161618905844,8.693598779999958,-6.717603258021971,-10.471277114071688,1.3683881318316628e-08
161.19918815951505,46.59844155633009,8.694098819434746,-6.7184670263868576,-10.469521426154184,1.3684554979687017e-08
161.20983263511724,46.60526573299183,8.694598858869533,-6.719330771117172,-10.467765038826883,1.368502654264629e-08
161.2204800815528,46.61208871847313,8.695098898304321,-6.720194492156938,-10.466007952143093,1.3685801253222239e-08
161.23113049974748,46.618910512203065,8.695598937739112,-6.721058189450017,-10.46425016615619,1.3686272816181511e-08
161.2417838906269,46.625731113610584,8.6960989771739,-6.7219218629401265,-10.462491680919626,1.368701384368894e-08
161.2524402551164,46.63255052212432,8.696599016608689,-6.7227855125708045,-10.460732496486923,1.3687552772785251e-08
161.2630995941414,46.63936873717274,8.697099056043475,-6.723649138285466,-10.458972612911655,1.3688226434155642e-08
161.2737619086271,46.64618575818395,8.697599095478267,-6.724512740027336,-10.457212030247476,1.3688697997114914e-08
161.28442719949857,46.65300158458596,8.698099134913054,-6.725376317739519,-10.455450748548106,1.3689472707690863e-08
161.29509546768068,46.65981621580639,8.698599174347843,-6.726239871364921,-10.453688767867341,1.3690079002924213e-08
161.30576671409833,46.66662965127278,8.699099213782633,-6.7271034008463415,-10.451926088259027,1.3690786347363122e-08
161.31644093967606,46.67344189041225,8.699599253217421,-6.7279669061263725,-10.450162709777103,1.3691392642596474e-08
161.3271181453385,46.680252932651854,8.700099292652208,-6.7288303871474895,-10.448398632475552,1.3691998937829824e-08
161.33779833200995,46.687062777418255,8.700599332086998,-6.729693843851991,-10.446633856408452,1.3692605233063176e-08
161.34848150061475,46.693871424137996,8.701099371521789,-6.730557276182028,-10.44486838162992,1.3693245211365046e-08
161.3591676520769,46.70067887223726,8.701599410956575,-6.731420684079586,-10.443102208194174,1.3693784140461357e-08
161.36985678732051,46.707485121142106,8.702099450391364,-6.732284067486502,-10.441335336155475,1.3694457801831747e-08
161.3805489072693,46.714290170278225,8.702599489826152,-6.733147426344443,-10.439567765568171,1.3695097780133617e-08
161.39124401284704,46.72109401907123,8.703099529260943,-6.734010760594936,-10.437799496486662,1.3695636709229928e-08
161.4019421049772,46.7278966669463,8.703599568695733,-6.734874070179333,-10.43603052896544,1.369624300446328e-08
161.41264318458326,46.734698113328555,8.704099608130521,-6.735737355038853,-10.434260863059048,1.3696849299696632e-08
161.4233472525884,46.741498357642705,8.704599647565308,-6.736600615114519,-10.432490498822116,1.369759032720406e-08
161.4340543099158,46.74829739931335,8.705099687000097,-6.7374638503472335,-10.430719436309323,1.369816293936889e-08
161.4447643574885,46.75509523776483,8.705599726434887,-6.738327060677737,-10.428947675575424,1.3698701868465203e-08
161.4554773962293,46.76189187242115,8.706099765869675,-6.739190246046585,-10.427175216675257,1.3699409212904112e-08
161.46619342706074,46.76868730270614,8.706599805304464,-6.740053406394186,-10.425402059663732,1.3700015508137462e-08
161.47691245090553,46.7754815280434,8.707099844739254,-6.740916541660809,-10.4236282045958,1.3700588120302294e-08
161.48763446868605,46.7822745478563,8.707599884174044,-6.741779651786552,-10.421853651526511,1.3701261781672684e-08
161.49835948132448,46.78906636156791,8.708099923608831,-6.742642736711348,-10.420078400510981,1.3701733344631956e-08
161.5090874897429,46.79585696860105,8.708599963043621,-6.743505796374972,-10.41830245160439,1.3702305956796788e-08
161.5198184948633,46.802646368378355,8.70910000247841,-6.744368830717051,-10.41652580486199,1.3703114350441256e-08
161.53055249760754,46.80943456032226,8.709600041913198,-6.745231839677055,-10.414748460339101,1.3703686962606087e-08
161.54128949889719,46.81622154385483,8.710100081347989,-6.746094823194282,-10.412970418091128,1.3704259574770918e-08
161.5520294996537,46.82300731839795,8.710600120782777,-6.746957781207865,-10.41119167817353,1.370473113773019e-08
161.56277250079845,46.82979188337326,8.711100160217566,-6.747820713656795,-10.409412240641853,1.370547216523762e-08
161.57351850325273,46.83657523820224,8.711600199652354,-6.748683620479912,-10.407632105551695,1.3706044777402451e-08
161.5842675079374,46.843357382305946,8.712100239087144,-6.749546501615857,-10.405851272958746,1.3706617389567283e-08
161.59501951577352,46.85013831510539,8.712600278521935,-6.7504093570031625,-10.40406974291875,1.3707223684800634e-08
161.60577452768166,46.85691803602116,8.713100317956723,-6.751272186580154,-10.402287515487544,1.3707863663102504e-08
161.6165325445825,46.86369654447379,8.713600357391512,-6.752134990285037,-10.400504590721013,1.3708436275267336e-08
161.62729356739635,46.87047383988336,8.714100396826302,-6.752997768055813,-10.398720968675132,1.3709008887432167e-08
161.63805759704357,46.87724992166992,8.71460043626109,-6.753860519830374,-10.396936649405939,1.3709682548802556e-08
161.64882463444414,46.884024789253104,8.715100475695879,-6.75472324554641,-10.39515163296955,1.3710255160967387e-08
161.65959468051813,46.89079844205244,8.715600515130669,-6.755585945141481,-10.393365919422141,1.37107940900637e-08
161.67036773618517,46.89757087948709,8.716100554565456,-6.756448618552956,-10.391579508819985,1.371140038529705e-08
161.68114380236503,46.904342100976095,8.716600594000246,-6.757311265718075,-10.389792401219395,1.3711871948256323e-08
161.691922879977,46.911112105938116,8.717100633435038,-6.758173886573887,-10.388004596676783,1.3712579292695233e-08
161.70270496994053,46.91788089379173,8.717600672869827,-6.759036481057317,-10.38621609524862,1.3713151904860064e-08
161.71349007317463,46.92464846395513,8.718100712304617,-6.759899049105083,-10.384426896991464,1.3713724517024895e-08
161.72427819059834,46.93141481584638,8.718600751739402,-6.760761590653792,-10.382637001961928,1.3714398178395284e-08
161.73506932313038,46.93817994888318,8.719100791174194,-6.761624105639831,-10.380846410216712,1.3714802375217519e-08
161.7458634716895,46.944943862483136,8.719600830608982,-6.762486593999494,-10.379055121812574,1.3715408670450869e-08
161.75666063719402,46.95170655606344,8.720100870043773,-6.763349055668851,-10.37726313680637,1.371608233182126e-08
161.76746082056235,46.9584680290412,8.720600909478563,-6.7642114905838495,-10.375470455255005,1.3716587577849052e-08
161.77826402271265,46.96522828083324,8.721100948913351,-6.765073898680271,-10.373677077215469,1.3717193873082402e-08
161.78907024456282,46.97198731085606,8.72160098834814,-6.765936279893717,-10.371883002744827,1.3717800168315753e-08
161.7998794870306,46.97874511852596,8.722101027782928,-6.766798634159633,-10.370088231900223,1.3718440146617623e-08
161.81069175103377,46.98550170325903,8.722601067217719,-6.767660961413314,-10.36829276473885,1.3718911709576896e-08
161.8215070374897,46.99225706447116,8.723101106652507,-6.768523261589894,-10.366496601318005,1.3719585370947286e-08
161.8323253473157,46.9990112015779,8.723601146087299,-6.76938553462433,-10.364699741695038,1.3720090616975078e-08
161.8431466814288,47.00576411399451,8.724101185522088,-6.770247780451414,-10.362902185927396,1.372069691220843e-08
161.85397104074602,47.01251580113619,8.724601224956876,-6.771109999005796,-10.361103934072577,1.3721269524373261e-08
161.86479842618417,47.0192662624178,8.725101264391668,-6.771972190221953,-10.359304986188157,1.3721774770401052e-08
161.8756288386598,47.026015497253915,8.725601303826457,-6.7728343540342,-10.357505342331809,1.3722448431771443e-08
161.88646227908924,47.0327635050589,8.726101343261245,-6.77369649037667,-10.355705002561258,1.3722987360867755e-08
161.8972987483888,47.03951028524691,8.726601382696037,-6.774558599183359,-10.353903966934304,1.3723458923827027e-08
161.9081382474746,47.046255837231854,8.727101422130824,-6.775420680388108,-10.352102235508838,1.3724098902128898e-08
161.91898077726242,47.05300016042734,8.727601461565614,-6.776282733924553,-10.350299808342818,1.372470519736225e-08
161.92982633866808,47.059743254246804,8.728101501000404,-6.7771447597262116,-10.348496685494265,1.372527780952708e-08
161.940674932607,47.06648511810336,8.728601540435193,-6.778006757726406,-10.3466928670213,1.372588410476043e-08
161.95152655999465,47.07322575140999,8.729101579869983,-6.77886872785831,-10.344888352982089,1.3726456716925262e-08
161.96238122174603,47.07996515357931,8.729601619304773,-6.779730670054924,-10.343083143434916,1.3726995646021574e-08
161.97323891877633,47.086703324023816,8.730101658739564,-6.780592584249109,-10.341277238438096,1.3727467208980847e-08
161.98409965200014,47.09344026215562,8.730601698174352,-6.781454470373517,-10.339470638050049,1.3728073504214198e-08
