galstreams/tracks/track.st.Hyllus.grillmair2014.ecsv
# %ECSV 0.9
# ---
# datatype:
# - {name: ra, unit: deg, datatype: float64}
# - {name: dec, unit: deg, datatype: float64}
# - {name: distance, unit: kpc, datatype: float64}
# - {name: pm_ra_cosdec, unit: mas / yr, datatype: float64}
# - {name: pm_dec, unit: mas / yr, datatype: float64}
# - {name: radial_velocity, unit: km / s, datatype: float64}
# delimiter: ','
# meta: !!omap
# - __serialized_columns__:
#     dec:
#       __class__: astropy.coordinates.angles.Latitude
#       unit: &id001 !astropy.units.Unit {unit: deg}
#       value: !astropy.table.SerializedColumn {name: dec}
#     distance:
#       __class__: astropy.coordinates.distances.Distance
#       unit: !astropy.units.Unit {unit: kpc}
#       value: !astropy.table.SerializedColumn {name: distance}
#     pm_dec:
#       __class__: astropy.units.quantity.Quantity
#       unit: !astropy.units.Unit {unit: mas / yr}
#       value: !astropy.table.SerializedColumn {name: pm_dec}
#     pm_ra_cosdec:
#       __class__: astropy.units.quantity.Quantity
#       unit: !astropy.units.Unit {unit: mas / yr}
#       value: !astropy.table.SerializedColumn {name: pm_ra_cosdec}
#     ra:
#       __class__: astropy.coordinates.angles.Longitude
#       unit: *id001
#       value: !astropy.table.SerializedColumn {name: ra}
#       wrap_angle: !astropy.coordinates.Angle
#         unit: *id001
#         value: 360.0
#     radial_velocity:
#       __class__: astropy.units.quantity.Quantity
#       unit: !astropy.units.Unit {unit: km / s}
#       value: !astropy.table.SerializedColumn {name: radial_velocity}
# schema: astropy-2.0
ra,dec,distance,pm_ra_cosdec,pm_dec,radial_velocity
249.05813711432248,11.000736150918586,22.999599217631783,0.0,0.0,0.0
249.05372725223063,11.01042439136532,22.997705235031013,0.0,0.0,0.0
249.04932048211523,11.020112876045753,22.99581120317258,0.0,0.0,0.0
249.04491680357185,11.029801604872938,22.993917122057546,0.0,0.0,0.0
249.04051621619658,11.03949057776041,22.99202299168695,0.0,0.0,0.0
249.0361187195862,11.049179794621905,22.990128812061855,0.0,0.0,0.0
249.0317243133377,11.058869255371466,22.988234583183303,0.0,0.0,0.0
249.0273329970486,11.06855895992367,22.986340305052355,0.0,0.0,0.0
249.02294477031703,11.07824890819325,22.98444597767006,0.0,0.0,0.0
249.01855963274144,11.087939100095335,22.98255160103747,0.0,0.0,0.0
249.01417758392085,11.097629535545337,22.98065717515564,0.0,0.0,0.0
249.00979862345477,11.107320214459168,22.97876270002563,0.0,0.0,0.0
249.0054227509431,11.11701113675291,22.976868175648466,0.0,0.0,0.0
249.0010499659862,11.126702302343045,22.974973602025223,0.0,0.0,0.0
248.996680268185,11.13639371114632,22.973078979156945,0.0,0.0,0.0
248.9923136571409,11.146085363079985,22.97118430704469,0.0,0.0,0.0
248.98795013245572,11.15577725806148,22.96928958568951,0.0,0.0,0.0
248.98358969373174,11.165469396008609,22.967394815092447,0.0,0.0,0.0
248.97923234057177,11.175161776839447,22.965499995254564,0.0,0.0,0.0
248.97487807257903,11.184854400472602,22.963605126176912,0.0,0.0,0.0
248.9705268893573,11.194547266826815,22.96171020786054,0.0,0.0,0.0
248.9661787905108,11.20424037582124,22.959815240306497,0.0,0.0,0.0
248.96183377564424,11.21393372737528,22.957920223515842,0.0,0.0,0.0
248.95749184436266,11.223627321408859,22.956025157489623,0.0,0.0,0.0
248.95315299627185,11.233321157842044,22.954130042228897,0.0,0.0,0.0
248.9488172309778,11.243015236595314,22.952234877734718,0.0,0.0,0.0
248.94448454808713,11.252709557589395,22.950339664008126,0.0,0.0,0.0
248.94015494720693,11.262404120745517,22.948444401050182,0.0,0.0,0.0
248.93582842794467,11.272098925985073,22.946549088861936,0.0,0.0,0.0
248.9315049899085,11.281793973229846,22.944653727444443,0.0,0.0,0.0
248.9271846327067,11.291489262401877,22.942758316798752,0.0,0.0,0.0
248.9228673559484,11.301184793423712,22.940862856925925,0.0,0.0,0.0
248.91855315924295,11.310880566218055,22.938967347827003,0.0,0.0,0.0
248.91424204220027,11.320576580707982,22.937071789503033,0.0,0.0,0.0
248.90993400443082,11.330272836816846,22.935176181955082,0.0,0.0,0.0
248.90562904554537,11.33996933446849,22.933280525184195,0.0,0.0,0.0
248.90132716515524,11.34966607358692,22.931384819191425,0.0,0.0,0.0
248.89702836287233,11.359363054096516,22.929489063977822,0.0,0.0,0.0
248.89273263830884,11.369060275921925,22.92759325954444,0.0,0.0,0.0
248.88843999107758,11.378757738988279,22.925697405892336,0.0,0.0,0.0
248.88415042079177,11.38845544322088,22.92380150302256,0.0,0.0,0.0
248.87986392706512,11.398153388545394,22.921905550936167,0.0,0.0,0.0
248.87558050951185,11.40785157488776,22.920009549634194,0.0,0.0,0.0
248.87130016774657,11.417550002174401,22.918113499117705,0.0,0.0,0.0
248.86702290138444,11.427248670331895,22.91621739938776,0.0,0.0,0.0
248.86274871004105,11.436947579287136,22.914321250445393,0.0,0.0,0.0
248.85847759333248,11.44664672896752,22.912425052291677,0.0,0.0,0.0
248.85420955087534,11.456346119300576,22.910528804927647,0.0,0.0,0.0
248.84994458228667,11.466045750214205,22.90863250835436,0.0,0.0,0.0
248.84568268718388,11.475745621636595,22.906736162572873,0.0,0.0,0.0
248.8414238651851,11.485445733496396,22.904839767584235,0.0,0.0,0.0
248.83716811590872,11.495146085722414,22.902943323389497,0.0,0.0,0.0
248.83291543897363,11.504846678243835,22.901046829989706,0.0,0.0,0.0
248.8286658339994,11.514547510990095,22.89915028738593,0.0,0.0,0.0
248.8244193006057,11.524248583891108,22.89725369557921,0.0,0.0,0.0
248.82017583841304,11.533949896876955,22.895357054570603,0.0,0.0,0.0
248.8159354470423,11.543651449878077,22.893460364361154,0.0,0.0,0.0
248.8116981261147,11.553353242825168,22.89156362495192,0.0,0.0,0.0
248.807463875252,11.563055275649406,22.88966683634396,0.0,0.0,0.0
248.80323269407657,11.572757548282125,22.887769998538314,0.0,0.0,0.0
248.79900458221115,11.582460060655011,22.88587311153604,0.0,0.0,0.0
248.79477953927886,11.592162812700025,22.883976175338194,0.0,0.0,0.0
248.79055756490348,11.60186580434958,22.88207918994582,0.0,0.0,0.0
248.78633865870913,11.611569035536268,22.88018215535997,0.0,0.0,0.0
248.78212282032052,11.62127250619301,22.87828507158171,0.0,0.0,0.0
248.77791004936273,11.630976216253027,22.87638793861208,0.0,0.0,0.0
248.77370034546135,11.640680165649963,22.874490756452133,0.0,0.0,0.0
248.7694937082424,11.650384354317646,22.872593525102925,0.0,0.0,0.0
248.76529013733253,11.66008878219025,22.870696244565515,0.0,0.0,0.0
248.76108963235876,11.669793449202215,22.868798914840937,0.0,0.0,0.0
248.7568921929485,11.679498355288436,22.86690153593026,0.0,0.0,0.0
248.75269781872979,11.689203500383963,22.865004107834523,0.0,0.0,0.0
248.74850650933107,11.698908884424197,22.863106630554793,0.0,0.0,0.0
248.74431826438126,11.70861450734481,22.861209104092108,0.0,0.0,0.0
248.74013308350976,11.718320369081937,22.859311528447527,0.0,0.0,0.0
248.73595096634648,11.728026469571834,22.8574139036221,0.0,0.0,0.0
248.73177191252176,11.737732808751145,22.85551622961689,0.0,0.0,0.0
248.72759592166645,11.74743938655674,22.853618506432937,0.0,0.0,0.0
248.7234229934118,11.757146202925982,22.851720734071296,0.0,0.0,0.0
248.71925312738958,11.76685325779635,22.84982291253301,0.0,0.0,0.0
248.71508632323216,11.77656055110569,22.847925041819156,0.0,0.0,0.0
248.71092258057223,11.786268082792102,22.846027121930767,0.0,0.0,0.0
248.70676189904296,11.795975852794152,22.8441291528689,0.0,0.0,0.0
248.70260427827805,11.805683861050529,22.842231134634602,0.0,0.0,0.0
248.6984497179117,11.815392107500235,22.840333067228933,0.0,0.0,0.0
248.69429821757853,11.82510059208274,22.838434950652946,0.0,0.0,0.0
248.69014977691364,11.834809314737631,22.83653678490769,0.0,0.0,0.0
248.68600439555263,11.844518275404875,22.834638569994215,0.0,0.0,0.0
248.6818620731316,11.854227474024668,22.83274030591358,0.0,0.0,0.0
248.6777228092871,11.863936910537669,22.830841992666823,0.0,0.0,0.0
248.67358660365608,11.87364658488468,22.82894363025501,0.0,0.0,0.0
248.66945345587607,11.883356497006853,22.827045218679192,0.0,0.0,0.0
248.66532336558512,11.893066646845565,22.825146757940416,0.0,0.0,0.0
248.6611963324216,11.902777034342686,22.823248248039743,0.0,0.0,0.0
248.6570723560244,11.912487659440195,22.821349688978206,0.0,0.0,0.0
248.65295143603308,11.922198522080423,22.819451080756885,0.0,0.0,0.0
248.64883357208734,11.931909622205948,22.81755242337681,0.0,0.0,0.0
248.64471876382768,11.941620959759812,22.81565371683904,0.0,0.0,0.0
248.64060701089483,11.951332534685175,22.813754961144635,0.0,0.0,0.0
248.6364983129302,11.961044346925554,22.811856156294635,0.0,0.0,0.0
248.6323926695755,11.970756396424695,22.809957302290098,0.0,0.0,0.0
248.628290080473,11.980468683126823,22.808058399132076,0.0,0.0,0.0
248.62419054526546,11.990181206976263,22.80615944682162,0.0,0.0,0.0
248.6200940635961,11.99989396791771,22.804260445359784,0.0,0.0,0.0
248.6160006351086,12.009606965896088,22.802361394747624,0.0,0.0,0.0
248.61191025944714,12.01932020085677,22.80046229498619,0.0,0.0,0.0
248.60782293625635,12.029033672745266,22.79856314607653,0.0,0.0,0.0
248.6037386651814,12.038747381507417,22.79666394801969,0.0,0.0,0.0
248.59965744586788,12.048461327089317,22.79476470081674,0.0,0.0,0.0
248.5955792779618,12.058175509437506,22.792865404468724,0.0,0.0,0.0
248.5915041611098,12.06788992849864,22.79096605897669,0.0,0.0,0.0
248.58743209495887,12.07760458421973,22.789066664341686,0.0,0.0,0.0
248.58336307915653,12.087319476548007,22.787167220564783,0.0,0.0,0.0
248.57929711335075,12.09703460543117,22.785267727647014,0.0,0.0,0.0
248.57523419719007,12.106749970817035,22.783368185589453,0.0,0.0,0.0
248.57117433032326,12.116465572653752,22.781468594393132,0.0,0.0,0.0
248.5671175123999,12.126181410889703,22.7795689540591,0.0,0.0,0.0
248.56306374306982,12.13589748547374,22.77766926458843,0.0,0.0,0.0
248.55901302198345,12.145613796354796,22.775769525982167,0.0,0.0,0.0
248.5549653487915,12.155330343482191,22.77386973824135,0.0,0.0,0.0
248.5509207231454,12.165047126805435,22.77196990136705,0.0,0.0,0.0
248.546879144697,12.174764146274512,22.770070015360307,0.0,0.0,0.0
248.54284061309846,12.184481401839504,22.768170080222173,0.0,0.0,0.0
248.53880512800262,12.194198893450784,22.766270095953708,0.0,0.0,0.0
248.5347726890627,12.203916621059188,22.764370062555965,0.0,0.0,0.0
248.53074329593235,12.213634584615647,22.762469980029984,0.0,0.0,0.0
248.52671694826583,12.223352784071439,22.760569848376818,0.0,0.0,0.0
248.52269364571788,12.233071219378065,22.75866966759754,0.0,0.0,0.0
248.5186733879435,12.242789890487456,22.75676943769318,0.0,0.0,0.0
248.51465617459834,12.252508797351696,22.754869158664814,0.0,0.0,0.0
248.51064200533855,12.26222793992318,22.752968830513463,0.0,0.0,0.0
248.50663087982068,12.27194731815451,22.7510684532402,0.0,0.0,0.0
248.50262279770178,12.281666931998757,22.74916802684607,0.0,0.0,0.0
248.49861775863945,12.291386781409098,22.74726755133213,0.0,0.0,0.0
248.4946157622916,12.301106866339047,22.745367026699427,0.0,0.0,0.0
248.49061680831682,12.310827186742326,22.743466452949022,0.0,0.0,0.0
248.48662089637392,12.320547742573119,22.741565830081964,0.0,0.0,0.0
248.4826280261225,12.3302685337857,22.739665158099292,0.0,0.0,0.0
248.47863819722247,12.339989560334683,22.737764437002077,0.0,0.0,0.0
248.4746514093341,12.349710822174911,22.73586366679136,0.0,0.0,0.0
248.4706676621184,12.359432319261652,22.733962847468195,0.0,0.0,0.0
248.4666869552367,12.369154051550288,22.73206197903364,0.0,0.0,0.0
248.46270928835074,12.378876018996536,22.730161061488744,0.0,0.0,0.0
248.45873466112297,12.388598221556327,22.728260094834553,0.0,0.0,0.0
248.45476307321607,12.398320659186034,22.72635907907213,0.0,0.0,0.0
248.45079452429337,12.408043331842116,22.724458014202522,0.0,0.0,0.0
248.4468290140186,12.417766239481395,22.722556900226778,0.0,0.0,0.0
248.44286654205598,12.42748938206089,22.720655737145957,0.0,0.0,0.0
248.4389071080702,12.437212759538046,22.718754524961106,0.0,0.0,0.0
248.43495071172646,12.446936371870423,22.716853263673283,0.0,0.0,0.0
248.4309973526904,12.456660219015925,22.714951953283528,0.0,0.0,0.0
248.4270470306282,12.466384300932637,22.713050593792907,0.0,0.0,0.0
248.4230997452064,12.476108617579104,22.711149185202466,0.0,0.0,0.0
248.41915549609215,12.485833168913965,22.70924772751326,0.0,0.0,0.0
248.41521428295295,12.495557954896173,22.70734622072634,0.0,0.0,0.0
248.41127610545698,12.505282975484906,22.70544466484275,0.0,0.0,0.0
248.40734096327265,12.51500823063978,22.703543059863556,0.0,0.0,0.0
248.40340885606903,12.524733720320494,22.70164140578981,0.0,0.0,0.0
248.39947978351557,12.534459444487087,22.699739702622548,0.0,0.0,0.0
248.39555374528229,12.5441854030998,22.697837950362842,0.0,0.0,0.0
248.39163074103956,12.553911596119306,22.69593614901172,0.0,0.0,0.0
248.38771077045834,12.563638023506366,22.694034298570266,0.0,0.0,0.0
248.38379383320998,12.573364685222028,22.69213239903951,0.0,0.0,0.0
248.37987992896646,12.583091581227757,22.69023045042051,0.0,0.0,0.0
248.37596905740008,12.592818711485108,22.68832845271432,0.0,0.0,0.0
248.37206121818366,12.602546075955988,22.686426405921992,0.0,0.0,0.0
248.3681564109905,12.612273674602461,22.684524310044573,0.0,0.0,0.0
248.36425463549446,12.622001507387061,22.682622165083117,0.0,0.0,0.0
248.36035589136975,12.631729574272397,22.68071997103868,0.0,0.0,0.0
248.35646017829117,12.641457875221402,22.678817727912314,0.0,0.0,0.0
248.35256749593393,12.651186410197202,22.676915435705066,0.0,0.0,0.0
248.34867784397377,12.660915179163373,22.675013094418,0.0,0.0,0.0
248.3447912220868,12.670644182083569,22.67311070405215,0.0,0.0,0.0
248.34090762994975,12.680373418921759,22.671208264608588,0.0,0.0,0.0
248.33702706723977,12.690102889642127,22.66930577608835,0.0,0.0,0.0
248.3331495336344,12.69983259420926,22.667403238492497,0.0,0.0,0.0
248.32927502881188,12.709562532587857,22.665500651822086,0.0,0.0,0.0
248.32540355245072,12.71929270474292,22.66359801607815,0.0,0.0,0.0
248.32153510423,12.729023110639663,22.66169533126177,0.0,0.0,0.0
248.31766968382922,12.73875375024371,22.659792597373976,0.0,0.0,0.0
248.31380729092842,12.748484623520781,22.657889814415825,0.0,0.0,0.0
248.30994792520818,12.75821573043691,22.65598698238837,0.0,0.0,0.0
248.30609158634942,12.767947070958321,22.654084101292668,0.0,0.0,0.0
248.30223827403356,12.777678645051683,22.652181171129765,0.0,0.0,0.0
248.29838798794262,12.78741045268372,22.650278191900714,0.0,0.0,0.0
248.29454072775897,12.79714249382149,22.64837516360657,0.0,0.0,0.0
248.29069649316548,12.806874768432243,22.646472086248377,0.0,0.0,0.0
248.2868552838456,12.816607276483639,22.64456895982721,0.0,0.0,0.0
248.2830170994832,12.826340017943435,22.642665784344093,0.0,0.0,0.0
248.27918193976254,12.836072992779691,22.6407625598001,0.0,0.0,0.0
248.27534980436852,12.845806200960668,22.63885928619627,0.0,0.0,0.0
248.27152069298637,12.85553964245504,22.63695596353366,0.0,0.0,0.0
248.26769460530187,12.865273317231571,22.635052591813324,0.0,0.0,0.0
248.26387154100135,12.875007225259319,22.633149171036305,0.0,0.0,0.0
248.26005149977144,12.884741366507544,22.63124570120367,0.0,0.0,0.0
248.2562344812995,12.894475740945929,22.629342182316453,0.0,0.0,0.0
248.2524204852731,12.904210348544229,22.62743861437573,0.0,0.0,0.0
248.24860951138047,12.913945189272509,22.625534997382534,0.0,0.0,0.0
248.24480155931028,12.923680263101017,22.623631331337926,0.0,0.0,0.0
248.2409966287516,12.933415570000426,22.621727616242957,0.0,0.0,0.0
248.23719471939413,12.943151109941489,22.61982385209867,0.0,0.0,0.0
248.233395830928,12.952886882895195,22.61792003890613,0.0,0.0,0.0
248.22959996304365,12.962622888832962,22.61601617666639,0.0,0.0,0.0
248.22580711543227,12.972359127726275,22.61411226538049,0.0,0.0,0.0
248.2220172877853,12.982095599546923,22.612208305049492,0.0,0.0,0.0
248.2182304797948,12.99183230426694,22.61030429567445,0.0,0.0,0.0
248.21444669115337,13.00156924185855,22.608400237256408,0.0,0.0,0.0
248.2106659215538,13.01130641229438,22.606496129796415,0.0,0.0,0.0
248.20688817068972,13.02104381554715,22.60459197329554,0.0,0.0,0.0
248.203113438255,13.030781451589808,22.60268776775482,0.0,0.0,0.0
248.19934172394406,13.040519320395724,22.600783513175315,0.0,0.0,0.0
248.19557302745181,13.050257421938333,22.598879209558074,0.0,0.0,0.0
248.19180734847365,13.059995756191366,22.59697485690415,0.0,0.0,0.0
248.1880446867054,13.069734323128749,22.595070455214596,0.0,0.0,0.0
248.18428504184348,13.079473122724815,22.593166004490463,0.0,0.0,0.0
248.18052841358465,13.089212154953954,22.59126150473281,0.0,0.0,0.0
248.17677480162624,13.098951419790877,22.589356955942673,0.0,0.0,0.0
248.1730242056661,13.108690917210462,22.587452358121123,0.0,0.0,0.0
248.1692766254024,13.118430647188003,22.585547711269196,0.0,0.0,0.0
248.1655320605339,13.128170609698843,22.583643015387963,0.0,0.0,0.0
248.16179051075997,13.13791080471865,22.58173827047846,0.0,0.0,0.0
248.15805197578013,13.147651232223255,22.579833476541744,0.0,0.0,0.0
248.15431645529472,13.157391892188896,22.57792863357887,0.0,0.0,0.0
248.1505839490043,13.167132784591885,22.576023741590888,0.0,0.0,0.0
248.14685445661016,13.176873909408824,22.57411880057885,0.0,0.0,0.0
248.1431279778138,13.186615266616485,22.572213810543804,0.0,0.0,0.0
248.13940451231747,13.196356856192068,22.57030877148682,0.0,0.0,0.0
248.13568405982372,13.206098678112816,22.568403683408928,0.0,0.0,0.0
248.1319666200355,13.215840732356266,22.566498546311188,0.0,0.0,0.0
248.12825219265662,13.225583018900148,22.56459336019466,0.0,0.0,0.0
248.12454077739093,13.235325537722575,22.562688125060387,0.0,0.0,0.0
248.12083237394313,13.24506828880174,22.560782840909425,0.0,0.0,0.0
248.11712698201802,13.254811272116113,22.558877507742825,0.0,0.0,0.0
248.11342460132124,13.264554487644354,22.556972125561646,0.0,0.0,0.0
248.1097252315587,13.274297935365512,22.55506669436693,0.0,0.0,0.0
