galstreams/tracks/track.st.Cetus-Palca.yuan2021.ecsv
# %ECSV 1.0
# ---
# datatype:
# - {name: ra, unit: deg, datatype: float64}
# - {name: dec, unit: deg, datatype: float64}
# - {name: distance, unit: kpc, datatype: float64}
# - {name: pm_ra_cosdec, unit: mas / yr, datatype: float64}
# - {name: pm_dec, unit: mas / yr, datatype: float64}
# - {name: radial_velocity, unit: km / s, datatype: float64}
# delimiter: ','
# meta: !!omap
# - __serialized_columns__:
#     dec:
#       __class__: astropy.coordinates.angles.Latitude
#       unit: &id001 !astropy.units.Unit {unit: deg}
#       value: !astropy.table.SerializedColumn {name: dec}
#     distance:
#       __class__: astropy.coordinates.distances.Distance
#       unit: !astropy.units.Unit {unit: kpc}
#       value: !astropy.table.SerializedColumn {name: distance}
#     pm_dec:
#       __class__: astropy.units.quantity.Quantity
#       unit: !astropy.units.Unit {unit: mas / yr}
#       value: !astropy.table.SerializedColumn {name: pm_dec}
#     pm_ra_cosdec:
#       __class__: astropy.units.quantity.Quantity
#       unit: !astropy.units.Unit {unit: mas / yr}
#       value: !astropy.table.SerializedColumn {name: pm_ra_cosdec}
#     ra:
#       __class__: astropy.coordinates.angles.Longitude
#       unit: *id001
#       value: !astropy.table.SerializedColumn {name: ra}
#       wrap_angle: !astropy.coordinates.Angle
#         unit: *id001
#         value: 360.0
#     radial_velocity:
#       __class__: astropy.units.quantity.Quantity
#       unit: !astropy.units.Unit {unit: km / s}
#       value: !astropy.table.SerializedColumn {name: radial_velocity}
# schema: astropy-2.0
ra,dec,distance,pm_ra_cosdec,pm_dec,radial_velocity
[from data line 9135]
30.130510967134654,-53.986444018444786,32.32313303956829,1.2073144638324613,0.24457307426745128,-3.789345208442552e-14
30.132000140805744,-53.998100550764164,32.31840776636643,1.2074896609457342,0.24502553083043502,-2.947268495455318e-14
30.133489928978747,-54.0097570708342,32.31368236335937,1.2076647959692717,0.2454780089441656,-5.0524602779234026e-14
30.13498033368528,-54.021413578299544,32.30895683342466,1.2078398687804865,0.24593050847394227,-5.4734986344170195e-14
30.136471356960875,-54.0330700728046,32.30423117944188,1.208014879256672,0.2463830292850624,-2.5262301389617013e-14
30.137963000844934,-54.04472655399323,32.299505404292724,1.2081898272749994,0.2468355712428176,-3.789345208442552e-14
30.139455267380807,-54.05638302150901,32.29477951086096,1.2083647127125183,0.2472881342124969,-3.789345208442552e-14
30.14094815861576,-54.06803947499511,32.29005350203241,1.2085395354461588,0.24774071805938785,-4.8419410996765944e-14
30.142441676601017,-54.079695914094366,32.28532738069498,1.2087142953527283,0.24819332264877403,-4.8419410996765944e-14
30.143935823391704,-54.09135233844913,32.28060114973868,1.208888992308912,0.24864594784593566,-4.631421921429786e-14
30.14543060104692,-54.10300874770141,32.27587481205559,1.209063626191273,0.2490985935161507,-3.157787673702127e-14
30.146926011629702,-54.114665141492885,32.27114837053984,1.2092381968762544,0.24955125952469637,-3.368306851948935e-14
30.148422057207043,-54.12632151946481,32.26642182808768,1.209412704240175,0.2500039457368457,-4.210383564936169e-14
30.149918739849937,-54.13797788125804,32.26169518759741,1.2095871481592302,0.2504566520178704,-3.789345208442552e-14
30.15141606163332,-54.14963422651304,32.25696845196943,1.2097615285094951,0.2509093782330397,-4.631421921429786e-14
30.152914024636104,-54.16129055486994,32.2522416241062,1.2099358451669209,0.251362124247623,-3.157787673702127e-14
30.154412630941216,-54.17294686596846,32.2475147069123,1.210110098007335,0.2518148899268863,-3.368306851948935e-14
30.155911882635554,-54.18460315944791,32.242787703294354,1.2102842869064416,0.2522676751360938,-3.5788260301957434e-14
30.15741178181004,-54.19625943494728,32.23806061616109,1.2104584117398223,0.25272047974051126,-3.5788260301957434e-14
30.158912330559577,-54.20791569210509,32.233333448423316,1.210632472382934,0.2531733036054007,-2.7367493172085098e-14
30.1604135309831,-54.21957193055954,32.228606202993916,1.2108064687111098,0.2536261465960238,-3.789345208442552e-14
30.16191538518356,-54.23122814994839,32.223878882787886,1.210980400599559,0.2540790085776416,-4.4209027431829774e-14
30.163417895267944,-54.24288434990908,32.21915149072226,1.211154267923367,0.2545318894155163,-4.210383564936169e-14
30.16492106334728,-54.25454053007863,32.214424029716206,1.2113280705574934,0.25498478897490734,-3.157787673702127e-14
30.166424891536614,-54.26619669009364,32.20969650269095,1.2115018083767737,0.2554377071210746,-2.947268495455318e-14
30.167929381955048,-54.277852829590394,32.20496891256982,1.2116754812559187,0.2558906437192787,-5.894536990910637e-14
30.16943453672579,-54.28950894820473,32.200241262278205,1.211849089069514,0.25634359863478046,-3.5788260301957434e-14
30.170940357976054,-54.301165045572134,32.19551355474362,1.2120226316920195,0.2567965717328396,-3.5788260301957434e-14
30.17244684783713,-54.312821121327666,32.19078579289565,1.2121961089977695,0.2572495628787167,-5.2629794561702114e-14
30.173954008444422,-54.32447717510605,32.18605797966596,1.2123695208609733,0.2577025719376747,-2.7367493172085098e-14
30.175461841937388,-54.3361332065416,32.18133011798832,1.2125428671557132,0.2581555987749757,-2.7367493172085098e-14
30.176970350459584,-54.34778921526823,32.17660221079857,1.212716147755946,0.2586086432558825,-5.0524602779234026e-14
30.17847953615867,-54.35944520091945,32.17187426103468,1.2128893625355024,0.2590617052456596,-3.9998643866893604e-14
30.179989401186408,-54.371101163128436,32.16714627163666,1.213062511368086,0.2595147846095737,-4.8419410996765944e-14
30.1814999476987,-54.38275710152795,32.162418245546654,1.2132355941272734,0.2599678812128919,-5.0524602779234026e-14
30.18301117785552,-54.39441301575034,32.15769018570889,1.2134086106865147,0.26042099492088255,-5.4734986344170195e-14
30.184523093821028,-54.40606890542762,32.15296209506965,1.2135815609191327,0.2608741255988179,-8.420767129872338e-15
30.18603569776344,-54.41772477019135,32.14823397657736,1.2137544446983228,0.26132727311196935,-5.4734986344170195e-14
30.187548991855188,-54.42938060967273,32.143505833182516,1.2139272618971535,0.2617804373256128,-6.73661370389787e-14
30.189062978272844,-54.44103642350258,32.13877766783773,1.2141000123885632,0.2622336181050248,-2.7367493172085098e-14
30.190577659197103,-54.452692211311344,32.134049483497655,1.214272696045366,0.2626868153154866,-3.5788260301957434e-14
30.192093036812825,-54.464347972729044,32.129321283119104,1.214445312740244,0.26314002882227955,-3.368306851948935e-14
30.193609113309073,-54.47600370738529,32.12459306966096,1.2146178623457535,0.263593258490689,-4.210383564936169e-14
30.19512589087907,-54.48765941490937,32.11986484608418,1.2147903447343207,0.2640465041860044,-4.210383564936169e-14
30.196643371720228,-54.499315094930154,32.11513661535185,1.2149627597782435,0.2644997657735168,-5.0524602779234026e-14
30.198161558034137,-54.51097074707607,32.11040838042914,1.2151351073496917,0.2649530431185214,-3.789345208442552e-14
30.19968045202662,-54.52262637097523,32.105680144283326,1.2153073873207043,0.2654063360863165,-2.1051917824680846e-14
30.201200055907673,-54.534281966255314,32.10095190988376,1.2154795995631908,0.2658596445422047,-1.6841534259744676e-14
30.202720371891516,-54.545937532543626,32.09622368020193,1.215651743948932,0.2663129683514922,-4.631421921429786e-14
30.20424140219663,-54.55759306946706,32.0914954582114,1.2158238203495795,0.26676630737948986,-2.1051917824680846e-14
30.205763149045634,-54.56924857665211,32.08676724688783,1.215995828636653,0.26721966149151033,-4.210383564936169e-14
30.207285614665487,-54.58090405372493,32.08203904920899,1.2161677686815422,0.26767303055287495,-2.947268495455318e-14
30.208808801287322,-54.59255950031125,32.07731086815475,1.2163396403555078,0.26812641442890617,-5.4734986344170195e-14
30.210332711146563,-54.604214916036355,32.072582706707095,1.2165114435296782,0.2685798129849321,-3.789345208442552e-14
30.211857346482883,-54.61587030052525,32.06785456785007,1.216683178075052,0.2690332260862872,-3.368306851948935e-14
30.213382709540184,-54.627525653402444,32.06312645456989,1.2168548438624949,0.2694866535983086,-4.631421921429786e-14
30.21490880256671,-54.63918097429211,32.058398369854814,1.217026440762744,0.2699400953863414,-4.631421921429786e-14
30.216435627814935,-54.65083626281799,32.05367031669523,1.2171979686464023,0.2703935513157335,-3.368306851948935e-14
30.217963187541617,-54.66249151860347,32.04894229808363,1.2173694273839417,0.27084702125184096,-3.789345208442552e-14
30.219491484007854,-54.674146741271514,32.04421431701459,1.217540816845704,0.27130050506002423,-2.947268495455318e-14
30.22102051947901,-54.685801930444704,32.039486376484845,1.2177121369018948,0.27175400260564925,-4.631421921429786e-14
30.222550296224785,-54.697457085745235,32.03475847949317,1.2178833874225918,0.2722075137540907,-3.368306851948935e-14
30.22408081651917,-54.709112206794885,32.03003062904049,1.2180545682777375,0.27266103837072686,-4.210383564936169e-14
30.22561208264051,-54.72076729321505,32.02530282812982,1.2182256793371413,0.27311457632094405,-4.210383564936169e-14
30.22714409687146,-54.73242234462672,32.02057507976631,1.21839672047048,0.2735681274701339,-3.368306851948935e-14
30.228676861499032,-54.74407736065052,32.01584738695716,1.2185676915472985,0.27402169168369755,-3.789345208442552e-14
30.23021037881459,-54.75573234090665,32.01111975271175,1.2187385924370056,0.274475268827041,-5.0524602779234026e-14
30.231744651113832,-54.76738728501491,32.00639218004149,1.2189094230088804,0.2749288587655786,-3.789345208442552e-14
30.23327968069683,-54.77904219259473,32.00166467196,1.219080183132062,0.27538246136473,-4.631421921429786e-14
30.23481546986806,-54.79069706326513,31.996937231482903,1.2192508726755613,0.27583607648992686,-2.947268495455318e-14
30.236352020936316,-54.80235189664473,31.992209861628,1.2194214915082526,0.27628970400660474,-4.210383564936169e-14
30.237889336214828,-54.814006692351725,31.98748256541521,1.219592039498874,0.27674334378020765,-3.789345208442552e-14
30.2394274180212,-54.825661450004,31.98275534586652,1.2197625165160306,0.27719699567619027,-3.368306851948935e-14
30.240966268677443,-54.83731616921896,31.978028206006048,1.2199329224281932,0.27765065956001345,-2.947268495455318e-14
30.242505890509985,-54.84897084961362,31.973301148860035,1.2201032571036952,0.278104335297147,-1.6841534259744676e-14
30.24404628584963,-54.86062549080463,31.968574177456823,1.220273520410736,0.2785580227530686,-3.789345208442552e-14
30.245587457031682,-54.87228009240824,31.963847294826884,1.2204437122173795,0.2790117217932678,-2.947268495455318e-14
30.247129406395818,-54.88393465404029,31.959120504002797,1.2206138323915519,0.2794654322832399,-2.947268495455318e-14
30.248672136286167,-54.895589175316175,31.954393808019226,1.2207838808010463,0.27991915408849094,-3.368306851948935e-14
30.250215649051327,-54.90724365585099,31.94966720991301,1.2209538573135168,0.280372887074537,-2.5262301389617013e-14
30.251759947044327,-54.918898095259365,31.944940712723056,1.221123761796482,0.28082663110690254,-4.631421921429786e-14
30.25330503262268,-54.93055249315552,31.9402143194904,1.221293594117324,0.2812803860511228,-5.894536990910637e-14
30.254850908148363,-54.942206849153294,31.935488033258213,1.221463354143287,0.2817341517727421,-2.947268495455318e-14
30.256397575987826,-54.95386116286617,31.93076185707175,1.2216330417414798,0.28218792813731636,-1.6841534259744676e-14
30.25794503851202,-54.965515433907186,31.926035793978432,1.2218026567788711,0.28264171501041035,-4.210383564936169e-14
30.259493298096373,-54.977169661888944,31.921309847027743,1.2219721991222947,0.2830955122576002,-4.631421921429786e-14
30.26104235712084,-54.988823846423706,31.91658401927134,1.2221416686384434,0.2835493197444723,-4.210383564936169e-14
30.26259221796987,-55.00047798712333,31.91185831376296,1.2223110651938758,0.28400313733662536,-2.5262301389617013e-14
30.26414288303243,-55.012132083599255,31.90713273355847,1.2224803886550093,0.2844569648996677,-5.0524602779234026e-14
30.26569435470202,-55.02378613546249,31.90240728171587,1.2226496388881232,0.28491080229921867,-5.0524602779234026e-14
30.26724663537668,-55.035440142323694,31.897681961295277,1.2228188157593596,0.28536464940091133,-2.947268495455318e-14
30.26879972745899,-55.0470941037931,31.892956775358915,1.2229879191347188,0.28581850607038795,-2.1051917824680846e-14
30.270353633356052,-55.05874801948055,31.888231726971167,1.2231569488800644,0.2862723721733037,-4.210383564936169e-14
30.271908355479578,-55.070401888995434,31.883506819198494,1.2233259048611198,0.2867262475753258,-5.894536990910637e-14
30.27346389624583,-55.08205571194684,31.87878205510951,1.2234947869434682,0.2871801321421345,-3.368306851948935e-14
30.27502025807561,-55.09370948794336,31.874057437774944,1.223663594992554,0.28763402573942126,-2.1051917824680846e-14
30.276577443394334,-55.10536321659321,31.86933297026765,1.2238323288736799,0.28808792823288965,-3.368306851948935e-14
30.27813545463202,-55.11701689750423,31.864608655662607,1.2240009884520098,0.2885418394882585,-2.5262301389617013e-14
30.27969429422324,-55.12867053028382,31.859884497036923,1.224169573592566,0.2889957593712572,-3.789345208442552e-14
30.281253964607227,-55.140324114539,31.855160497469836,1.2243380841602305,0.2894496877476297,-3.368306851948935e-14
30.28281446822778,-55.15197764987635,31.850436660042696,1.2245065200197445,0.2899036244831321,-3.368306851948935e-14
30.28437580753337,-55.16363113590212,31.845712987838983,1.2246748810357075,0.29035756944353575,-4.210383564936169e-14
30.285937984977057,-55.17528457222207,31.840989483944316,1.2248431670725775,0.29081152249462455,-4.631421921429786e-14
30.287501003016548,-55.18693795844161,31.83626615144645,1.2250113779946712,0.29126548350219655,-5.0524602779234026e-14
30.289064864114227,-55.198591294165716,31.831542993435253,1.225179513666162,0.29171945233206353,-3.368306851948935e-14
30.290629570737096,-55.210244578998974,31.826820013002713,1.225347573951084,0.292173428850053,-2.947268495455318e-14
30.292195125356844,-55.22189781254558,31.822097213242955,1.2255155587133266,0.29262741292200595,-2.1051917824680846e-14
30.29376153044982,-55.23355099440927,31.817374597252282,1.2256834678166357,0.29308140441377695,-3.789345208442552e-14
30.295328788497066,-55.24520412419344,31.812652168129045,1.225851301124618,0.29353540319123855,-3.789345208442552e-14
30.296896901984304,-55.256857201501035,31.807929928973785,1.2260190585007331,0.2939894091202756,-2.947268495455318e-14
30.29846587340195,-55.268510225934605,31.803207882889154,1.2261867398083,0.2944434220667892,-4.210383564936169e-14
30.30003570524513,-55.280163197096286,31.798486032979945,1.2263543449104928,0.29489744189669576,-2.947268495455318e-14
30.30160640001368,-55.29181611458783,31.793764382353082,1.2265218736703423,0.2953514684759284,-2.947268495455318e-14
30.30317796021216,-55.303468978010564,31.78904293411761,1.2266893259507357,0.2958055016704347,-3.789345208442552e-14
30.304750388349863,-55.31512178696538,31.784321691384733,1.2268567016144147,0.2962595413461781,-3.368306851948935e-14
30.306323686940807,-55.326774541052835,31.779600657267764,1.227024000523978,0.2967135873691402,-2.947268495455318e-14
30.307897858503765,-55.33842723987302,31.774879834882178,1.2271912225418788,0.2971676396053177,-4.631421921429786e-14
30.309472905562277,-55.35007988302563,31.770159227345555,1.227358367530425,0.29762169792072374,-5.0524602779234026e-14
30.31104883064464,-55.36173247010992,31.765438837777644,1.2275254353517802,0.29807576218138876,-2.5262301389617013e-14
30.31262563628389,-55.37338500072482,31.760718669300307,1.2276924258679618,0.29852983225336005,-4.210383564936169e-14
30.3142033250179,-55.38503747446877,31.75599872503755,1.227859338940842,0.2989839080027028,-5.0524602779234026e-14
30.315781899389275,-55.396689890939825,31.75127900811551,1.228026174432148,0.2994379892954986,-4.631421921429786e-14
30.317361361945476,-55.40834224973565,31.746559521662494,1.2281929322034584,0.2998920759978468,-2.947268495455318e-14
30.318941715238697,-55.41999455045346,31.741840268808904,1.2283596121162077,0.3003461679758655,-3.368306851948935e-14
30.32052296182602,-55.431646792690124,31.737121252687306,1.2285262140316835,0.3008002650956901,-4.631421921429786e-14
30.322105104269294,-55.44329897604201,31.73240247643242,1.2286927378110253,0.30125436722347354,-4.631421921429786e-14
30.323688145135243,-55.45495110010516,31.727683943181056,1.2288591833152271,0.30170847422538943,-1.2631150694808506e-14
30.32527208699537,-55.466603164475174,31.722965656072223,1.2290255504051344,0.3021625859676271,-4.631421921429786e-14
30.326856932426093,-55.478255168747204,31.718247618247055,1.229191838941446,0.3026167023163967,-3.789345208442552e-14
30.32844268400864,-55.48990711251602,31.713529832848796,1.2293580487847122,0.3030708231379261,-5.0524602779234026e-14
30.330029344329137,-55.50155899537602,31.708812303022867,1.2295241797953362,0.30352494829846427,-3.789345208442552e-14
30.331616915978554,-55.51321081692114,31.704095031916825,1.2296902318335714,0.3039790776642771,-5.0524602779234026e-14
30.333205401552753,-55.52486257674487,31.69937802268037,1.229856204759525,0.30443321110165167,-2.947268495455318e-14
30.334794803652503,-55.536514274440385,31.694661278465343,1.2300220984331536,0.30488734847689486,-3.789345208442552e-14
30.33638512488345,-55.548165909600364,31.68994480242572,1.2301879127142654,0.305341489656333,-2.5262301389617013e-14
