galstreams/tracks/track.st.NGC288.sollima2020.ecsv
# %ECSV 0.9
# ---
# datatype:
# - {name: ra, unit: deg, datatype: float64}
# - {name: dec, unit: deg, datatype: float64}
# - {name: distance, unit: kpc, datatype: float64}
# - {name: pm_ra_cosdec, unit: mas / yr, datatype: float64}
# - {name: pm_dec, unit: mas / yr, datatype: float64}
# - {name: radial_velocity, unit: km / s, datatype: float64}
# delimiter: ','
# meta: !!omap
# - __serialized_columns__:
#     dec:
#       __class__: astropy.coordinates.angles.Latitude
#       unit: &id001 !astropy.units.Unit {unit: deg}
#       value: !astropy.table.SerializedColumn {name: dec}
#     distance:
#       __class__: astropy.coordinates.distances.Distance
#       unit: !astropy.units.Unit {unit: kpc}
#       value: !astropy.table.SerializedColumn {name: distance}
#     pm_dec:
#       __class__: astropy.units.quantity.Quantity
#       unit: !astropy.units.Unit {unit: mas / yr}
#       value: !astropy.table.SerializedColumn {name: pm_dec}
#     pm_ra_cosdec:
#       __class__: astropy.units.quantity.Quantity
#       unit: !astropy.units.Unit {unit: mas / yr}
#       value: !astropy.table.SerializedColumn {name: pm_ra_cosdec}
#     ra:
#       __class__: astropy.coordinates.angles.Longitude
#       unit: *id001
#       value: !astropy.table.SerializedColumn {name: ra}
#       wrap_angle: !astropy.coordinates.Angle
#         unit: *id001
#         value: 360.0
#     radial_velocity:
#       __class__: astropy.units.quantity.Quantity
#       unit: !astropy.units.Unit {unit: km / s}
#       value: !astropy.table.SerializedColumn {name: radial_velocity}
# schema: astropy-2.0
ra,dec,distance,pm_ra_cosdec,pm_dec,radial_velocity
[from data line 235]
12.342133945038643,-26.839673507014652,8.100000000000035,0.0,0.0,0.0
12.351419902122311,-26.839535962335244,8.100000000000033,0.0,0.0,0.0
12.360931026907304,-26.8391070925204,8.100000000000033,0.0,0.0,0.0
12.370666118711322,-26.838388302813907,8.100000000000033,0.0,0.0,0.0
12.380623868315345,-26.837381134069336,8.100000000000033,0.0,0.0,0.0
12.390802858547504,-26.83608726221748,8.100000000000032,0.0,0.0,0.0
12.401201564918805,-26.83450849767888,8.100000000000033,0.0,0.0,0.0
12.411818356309873,-26.832646784721604,8.100000000000033,0.0,0.0,0.0
12.422651495708834,-26.830504200765127,8.10000000000003,0.0,0.0,0.0
12.433699140998767,-26.828082955630137,8.100000000000032,0.0,0.0,0.0
12.444959345794729,-26.825385390735093,8.100000000000032,0.0,0.0,0.0
12.456430060329497,-26.822413978239872,8.10000000000003,0.0,0.0,0.0
12.468109132387033,-26.81917132013666,8.10000000000003,0.0,0.0,0.0
12.479994308283711,-26.815660147289194,8.100000000000032,0.0,0.0,0.0
12.492083233895528,-26.811883318419966,8.100000000000032,0.0,0.0,0.0
12.504373455731312,-26.807843819046447,8.100000000000028,0.0,0.0,0.0
12.516862422050842,-26.803544760366687,8.10000000000003,0.0,0.0,0.0
12.529547484026844,-26.79898937809447,8.100000000000028,0.0,0.0,0.0
12.542425896950776,-26.794181031245127,8.100000000000028,0.0,0.0,0.0
12.555494821480535,-26.78912320087183,8.10000000000003,0.0,0.0,0.0
12.568751324929964,-26.783819488753327,8.100000000000032,0.0,0.0,0.0
12.582192382599061,-26.778273616033573,8.10000000000003,0.0,0.0,0.0
12.595814879143644,-26.77248942181349,8.10000000000003,0.0,0.0,0.0
12.609615609984457,-26.766470861696067,8.100000000000026,0.0,0.0,0.0
12.623591282753614,-26.760222006284543,8.100000000000026,0.0,0.0,0.0
12.637738518778306,-26.753747039634828,8.100000000000028,0.0,0.0,0.0
12.652053854600528,-26.747050257662547,8.100000000000028,0.0,0.0,0.0
12.666533743531557,-26.74013606650512,8.100000000000028,0.0,0.0,0.0
12.681174557241077,-26.73300898083999,8.100000000000028,0.0,0.0,0.0
12.695972587378805,-26.725673622158943,8.100000000000028,0.0,0.0,0.0
12.710924047228508,-26.718134716999593,8.100000000000028,0.0,0.0,0.0
12.726025073393073,-26.71039709513461,8.100000000000028,0.0,0.0,0.0
12.741271727509382,-26.702465687719027,8.100000000000028,0.0,0.0,0.0
12.756659997992788,-26.694345525396884,8.100000000000026,0.0,0.0,0.0
12.772185801809059,-26.686041736367095,8.100000000000025,0.0,0.0,0.0
12.78784498627364,-26.677559544409885,8.100000000000026,0.0,0.0,0.0
12.80363333087685,-26.66890426687413,8.100000000000026,0.0,0.0,0.0
12.819546549133767,-26.660081312626186,8.100000000000026,0.0,0.0,0.0
12.83558029045858,-26.651096179961538,8.100000000000026,0.0,0.0,0.0
12.851730142061282,-26.641954454479087,8.100000000000026,0.0,0.0,0.0
12.867991630866463,-26.632661806919508,8.100000000000026,0.0,0.0,0.0
12.884360225452967,-26.623223990968146,8.100000000000026,0.0,0.0,0.0
12.900831338013026,-26.61364684102302,8.100000000000026,0.0,0.0,0.0
12.91740032633072,-26.603936269929314,8.100000000000026,0.0,0.0,0.0
12.934062495777662,-26.594098266680245,8.100000000000025,0.0,0.0,0.0
12.95081310132565,-26.584138894085836,8.100000000000025,0.0,0.0,0.0
12.967647349575042,-26.574064286409993,8.100000000000026,0.0,0.0,0.0
12.98456040079761,-26.563880646976706,8.100000000000025,0.0,0.0,0.0
13.001547370993556,-26.55359424574656,8.100000000000025,0.0,0.0,0.0
13.018603333960801,-26.543211416863702,8.100000000000026,0.0,0.0,0.0
13.035723323376217,-26.5327385561748,8.100000000000025,0.0,0.0,0.0
13.052902334887555,-26.522182118720256,8.100000000000025,0.0,0.0,0.0
13.07013532821525,-26.51154861619906,8.100000000000025,0.0,0.0,0.0
13.087417229262744,-26.500844614407523,8.100000000000025,0.0,0.0,0.0
13.104742932235263,-26.490076730653513,8.100000000000025,0.0,0.0,0.0
13.122107301764943,-26.479251631146347,8.100000000000026,0.0,0.0,0.0
13.139505175042302,-26.468376028363732,8.100000000000025,0.0,0.0,0.0
13.156931363952742,-26.457456678396415,8.100000000000026,0.0,0.0,0.0
13.17438065721705,-26.44650037827145,8.100000000000023,0.0,0.0,0.0
13.19184782253565,-26.435513963255303,8.100000000000025,0.0,0.0,0.0
13.209327608734814,-26.42450430413724,8.100000000000023,0.0,0.0,0.0
13.226814747914675,-26.41347830449433,8.100000000000023,0.0,0.0,0.0
13.244303957597909,-26.402442897938812,8.100000000000023,0.0,0.0,0.0
13.261789942878075,-26.391405045348765,8.100000000000023,0.0,0.0,0.0
13.279267398567464,-26.38037173208337,8.100000000000025,0.0,0.0,0.0
13.296731011342706,-26.36934996518319,8.100000000000023,0.0,0.0,0.0
13.314175461888015,-26.3583467705569,8.100000000000023,0.0,0.0,0.0
13.331595427035113,-26.34736919015525,8.100000000000023,0.0,0.0,0.0
13.348985581898775,-26.33642427913322,8.100000000000023,0.0,0.0,0.0
13.366340602008007,-26.325519103001707,8.100000000000023,0.0,0.0,0.0
13.383655165431092,-26.314660734769177,8.100000000000023,0.0,0.0,0.0
13.400923954894566,-26.30385625207482,8.100000000000023,0.0,0.0,0.0
13.418141659895163,-26.29311273431396,8.100000000000023,0.0,0.0,0.0
13.43530297880371,-26.282437259756737,8.100000000000023,0.0,0.0,0.0
13.4524026209612,-26.271836902661406,8.100000000000023,0.0,0.0,0.0
13.469435308765208,-26.26131873038283,8.100000000000023,0.0,0.0,0.0
13.48639577974684,-26.25088980047752,8.100000000000023,0.0,0.0,0.0
13.503278788637356,-26.240557157806283,8.100000000000021,0.0,0.0,0.0
13.520079109423502,-26.230327831635226,8.100000000000021,0.0,0.0,0.0
13.536791537391805,-26.220208832736713,8.100000000000021,0.0,0.0,0.0
13.553410891160171,-26.2102071504908,8.100000000000021,0.0,0.0,0.0
13.569932014696974,-26.200329749988505,8.100000000000021,0.0,0.0,0.0
13.586349779326827,-26.190583569137946,8.100000000000021,0.0,0.0,0.0
13.602659085722257,-26.180975515774282,8.100000000000021,0.0,0.0,0.0
13.618854865881476,-26.171512464774956,8.100000000000021,0.0,0.0,0.0
13.634932085090737,-26.162201255180676,8.100000000000023,0.0,0.0,0.0
13.650885743871525,-26.153048687323743,8.100000000000023,0.0,0.0,0.0
13.66671087991183,-26.144061519964648,8.100000000000021,0.0,0.0,0.0
13.682402569980768,-26.13524646743782,8.100000000000023,0.0,0.0,0.0
13.697955931826863,-26.126610196808144,8.100000000000023,0.0,0.0,0.0
13.713366126058501,-26.11815932503867,8.10000000000002,0.0,0.0,0.0
13.72862835800688,-26.10990041617109,8.100000000000021,0.0,0.0,0.0
13.743737879570771,-26.10183997851991,8.10000000000002,0.0,0.0,0.0
13.758689991042425,-26.093984461881277,8.10000000000002,0.0,0.0,0.0
13.773480042914963,-26.086340254757953,8.100000000000021,0.0,0.0,0.0
13.788103437669884,-26.07891368160103,8.100000000000021,0.0,0.0,0.0
13.802555631544966,-26.071711000069747,8.10000000000002,0.0,0.0,0.0
13.816832136282068,-26.064738398310535,8.10000000000002,0.0,0.0,0.0
13.830928520854089,-26.058001992256106,8.10000000000002,0.0,0.0,0.0
13.84484041317159,-26.05150782294616,8.10000000000002,0.0,0.0,0.0
13.858563501767607,-26.045261853870194,8.10000000000002,0.0,0.0,0.0
13.872093537461213,-26.039269968333866,8.10000000000002,0.0,0.0,0.0
13.885426334999119,-26.03353796684999,8.10000000000002,0.0,0.0,0.0
13.898557774674828,-26.02807156455493,8.10000000000002,0.0,0.0,0.0
13.911483803925746,-26.02287638865195,8.10000000000002,0.0,0.0,0.0
13.924200438906944,-26.01795797588208,8.10000000000002,0.0,0.0,0.0
13.936703766042038,-26.013321770023815,8.100000000000017,0.0,0.0,0.0
13.948989943550632,-26.00897311942273,8.10000000000002,0.0,0.0,0.0
13.961055202951767,-26.00491727455181,8.10000000000002,0.0,0.0,0.0
13.97289585054393,-26.001159385603973,8.10000000000002,0.0,0.0,0.0
13.984508268860255,-25.99770450011729,8.10000000000002,0.0,0.0,0.0
13.995888918099418,-25.994557560634327,8.10000000000002,0.0,0.0,0.0
14.007034337531788,-25.991723402396442,8.100000000000017,0.0,0.0,0.0
14.017941146880208,-25.989206751073993,8.10000000000002,0.0,0.0,0.0
14.02860604767602,-25.987012220533853,8.10000000000002,0.0,0.0,0.0
14.039025824588965,-25.98514431064458,8.100000000000017,0.0,0.0,0.0
14.049197346731598,-25.98360740512081,8.10000000000002,0.0,0.0,0.0
14.059117568937568,-25.98240576940757,8.100000000000017,0.0,0.0,0.0
14.068783533013418,-25.98154354860536,8.10000000000002,0.0,0.0,0.0
14.07819236896432,-25.981024765437496,8.10000000000002,0.0,0.0,0.0
14.087341296192568,-25.98085331825994,8.100000000000016,0.0,0.0,0.0
14.09622762466927,-25.9810329791151,8.100000000000016,0.0,0.0,0.0
14.104848756078876,-25.981567391830318,8.100000000000016,0.0,0.0,0.0
14.113202184935917,-25.982460070161824,8.100000000000016,0.0,0.0,0.0
14.121285499674606,-25.98371439598557,8.100000000000017,0.0,0.0,0.0
14.129096383709987,-25.985333617535115,8.100000000000016,0.0,0.0,0.0
14.136632616471152,-25.987320847688014,8.100000000000014,0.0,0.0,0.0
14.14389207440614,-25.98967906230138,8.100000000000017,0.0,0.0,0.0
14.150872731957884,-25.992411098597273,8.100000000000016,0.0,0.0,0.0
14.157572662511885,-25.9955196535993,8.100000000000016,0.0,0.0,0.0
14.163990039314275,-25.99900728262061,8.100000000000016,0.0,0.0,0.0
14.170123136360797,-26.002876397804542,8.100000000000017,0.0,0.0,0.0
14.17597032925623,-26.0071292667185,8.100000000000016,0.0,0.0,0.0
14.181530096044062,-26.01176801100208,8.100000000000016,0.0,0.0,0.0
14.186801018005866,-26.016794605069755,8.100000000000014,0.0,0.0,0.0
14.19178178043099,-26.02221087486964,8.100000000000014,0.0,0.0,0.0
14.196471173355146,-26.02801849669818,8.100000000000014,0.0,0.0,0.0
14.200868092268575,-26.03421899607218,8.100000000000014,0.0,0.0,0.0
14.204971538793194,-26.040813746658568,8.100000000000014,0.0,0.0,0.0
14.208780621328202,-26.047803969262496,8.100000000000016,0.0,0.0,0.0
14.212294555664775,-26.05519073087493,8.100000000000014,0.0,0.0,0.0
14.215512665568394,-26.062974943779764,8.100000000000014,0.0,0.0,0.0
14.21843438332947,-26.07115736472149,8.100000000000016,0.0,0.0,0.0
14.221059250281668,-26.07973859413398,8.100000000000014,0.0,0.0,0.0
14.22338691728739,-26.088719075430784,8.100000000000014,0.0,0.0,0.0
14.225417145190962,-26.098099094358062,8.100000000000016,0.0,0.0,0.0
14.227149805238206,-26.107878778409948,8.100000000000014,0.0,0.0,0.0
14.228584879462831,-26.11805809630751,8.100000000000012,0.0,0.0,0.0
14.2297224610392,-26.12863685754163,8.100000000000012,0.0,0.0,0.0
14.230562754600818,-26.139614711980112,8.100000000000012,0.0,0.0,0.0
14.231106076525109,-26.150991149540054,8.100000000000012,0.0,0.0,0.0
14.23135285518306,-26.162765499925246,8.100000000000014,0.0,0.0,0.0
14.231303631154304,-26.174936932429578,8.100000000000012,0.0,0.0,0.0
14.230959057406949,-26.187504455806703,8.100000000000012,0.0,0.0,0.0
14.230319899441705,-26.2004669182062,8.100000000000014,0.0,0.0,0.0
14.229387035400675,-26.21382300717713,8.100000000000012,0.0,0.0,0.0
14.228161456139471,-26.2275712497386,8.100000000000012,0.0,0.0,0.0
14.22664426526312,-26.241710012518382,8.100000000000012,0.0,0.0,0.0
14.224836679125158,-26.25623750195948,8.100000000000012,0.0,0.0,0.0
14.22274002678929,-26.271151764594993,8.100000000000009,0.0,0.0,0.0
14.220355749954074,-26.286450687391934,8.10000000000001,0.0,0.0,0.0
14.217685402839232,-26.30213199816357,8.10000000000001,0.0,0.0,0.0
14.214730652034,-26.318193266051168,8.100000000000012,0.0,0.0,0.0
14.211493276306939,-26.334631902075,8.10000000000001,0.0,0.0,0.0
14.207975166376501,-26.351445159754736,8.10000000000001,0.0,0.0,0.0
14.20417832464288,-26.368630135799837,8.100000000000012,0.0,0.0,0.0
14.200104864879584,-26.3861837708695,8.10000000000001,0.0,0.0,0.0
14.195757011885316,-26.404102850402595,8.10000000000001,0.0,0.0,0.0
14.191137101095352,-26.422384005517735,8.100000000000009,0.0,0.0,0.0
14.186247578151853,-26.441023713983185,8.10000000000001,0.0,0.0,0.0
14.181090998433554,-26.460018301257293,8.100000000000012,0.0,0.0,0.0
14.175670026543276,-26.47936394159867,8.100000000000009,0.0,0.0,0.0
14.169987435753756,-26.499056659246683,8.100000000000009,0.0,0.0,0.0
14.164046107411096,-26.51909232967207,8.100000000000009,0.0,0.0,0.0
14.157849030295187,-26.5394666808974,8.100000000000009,0.0,0.0,0.0
14.151399299937498,-26.560175294887788,8.100000000000009,0.0,0.0,0.0
14.144700117894752,-26.58121360901114,8.100000000000009,0.0,0.0,0.0
14.137754790978933,-26.60257691756826,8.10000000000001,0.0,0.0,0.0
14.130566730442931,-26.62426037339249,8.100000000000009,0.0,0.0,0.0
14.123139451121148,-26.646258989518493,8.100000000000009,0.0,0.0,0.0
14.115476570525557,-26.668567640920582,8.100000000000009,0.0,0.0,0.0
14.107581807895526,-26.691181066319462,8.100000000000009,0.0,0.0,0.0
14.099458983202167,-26.714093870057912,8.100000000000009,0.0,0.0,0.0
14.091112016106171,-26.737300524044674,8.10000000000001,0.0,0.0,0.0
14.082544924869005,-26.760795369766353,8.10000000000001,0.0,0.0,0.0
14.073761825216978,-26.784572620367037,8.10000000000001,0.0,0.0,0.0
14.064766929157859,-26.808626362795078,8.100000000000007,0.0,0.0,0.0
14.055564543749648,-26.832950560016943,8.100000000000007,0.0,0.0,0.0
14.04615906982119,-26.857539053297383,8.100000000000007,0.0,0.0,0.0
14.036555000644166,-26.882385564545636,8.100000000000007,0.0,0.0,0.0
14.026756920556261,-26.907483698727265,8.100000000000007,0.0,0.0,0.0
14.01676950353503,-26.932826946340878,8.100000000000007,0.0,0.0,0.0
14.00659751172225,-26.958408685959473,8.100000000000007,0.0,0.0,0.0
13.996245793898357,-26.984222186835645,8.100000000000007,0.0,0.0,0.0
13.98571928390673,-27.01026061157019,8.100000000000007,0.0,0.0,0.0
13.975022999027468,-27.03651701884343,8.100000000000007,0.0,0.0,0.0
13.964162038300458,-27.062984366208656,8.100000000000007,0.0,0.0,0.0
13.953141580797395,-27.089655512947036,8.100000000000007,0.0,0.0,0.0
13.941966883842582,-27.116523222983243,8.100000000000009,0.0,0.0,0.0
13.93064328118223,-27.143580167861174,8.100000000000007,0.0,0.0,0.0
13.919176181102076,-27.170818929778907,8.100000000000009,0.0,0.0,0.0
13.907571064493139,-27.198232004682247,8.100000000000005,0.0,0.0,0.0
13.89583348286544,-27.225811805416004,8.100000000000005,0.0,0.0,0.0
13.883969056309503,-27.25355066493213,8.100000000000005,0.0,0.0,0.0
13.871983471405613,-27.281440839554048,8.100000000000005,0.0,0.0,0.0
13.859882479080646,-27.309474512296074,8.100000000000007,0.0,0.0,0.0
13.847671892412436,-27.337643796237202,8.100000000000005,0.0,0.0,0.0
13.835357584381665,-27.36594073794831,8.100000000000007,0.0,0.0,0.0
13.82294548557122,-27.394357320971753,8.100000000000005,0.0,0.0,0.0
13.810441581813077,-27.422885469352448,8.100000000000005,0.0,0.0,0.0
13.797851911782736,-27.451517051219458,8.100000000000005,0.0,0.0,0.0
13.785182564541309,-27.480243882417014,8.100000000000003,0.0,0.0,0.0
13.772439677025393,-27.50905773018398,8.100000000000005,0.0,0.0,0.0
13.759629431484825,-27.537950316880593,8.100000000000005,0.0,0.0,0.0
13.746758052868637,-27.566913323761565,8.100000000000005,0.0,0.0,0.0
13.733831806159277,-27.595938394794196,8.100000000000005,0.0,0.0,0.0
13.720856993655508,-27.625017140520587,8.100000000000005,0.0,0.0,0.0
13.70783995220426,-27.65414114196259,8.100000000000005,0.0,0.0,0.0
13.694787050381766,-27.683301954568474,8.100000000000007,0.0,0.0,0.0
13.6817046856244,-27.712491112199974,8.100000000000003,0.0,0.0,0.0
13.66859928130969,-27.74170013115851,8.100000000000003,0.0,0.0,0.0
13.655477283787988,-27.770920514249404,8.100000000000003,0.0,0.0,0.0
13.642345159365318,-27.800143754882697,8.100000000000003,0.0,0.0,0.0
13.62920939123805,-27.829361341209317,8.100000000000003,0.0,0.0,0.0
13.616076476380005,-27.85856476029125,8.100000000000003,0.0,0.0,0.0
13.6029529223827,-27.887745502304455,8.100000000000003,0.0,0.0,0.0
13.589845244249503,-27.916895064772966,8.100000000000005,0.0,0.0,0.0
13.576759961144488,-27.94600495683296,8.100000000000005,0.0,0.0,0.0
13.563703593096884,-27.975066703525297,8.100000000000003,0.0,0.0,0.0
13.550682657661975,-28.004071850115064,8.100000000000001,0.0,0.0,0.0
13.53770366653952,-28.033011966436774,8.100000000000005,0.0,0.0,0.0
13.524773122150695,-28.061878651263566,8.100000000000003,0.0,0.0,0.0
13.511897514174596,-28.09066353669904,8.100000000000003,0.0,0.0,0.0
13.49908331604558,-28.119358292590153,8.100000000000003,0.0,0.0,0.0
