galstreams/tracks/track.st.Perpendicular.weiss2018.ecsv
# %ECSV 1.0
# ---
# datatype:
# - {name: ra, unit: deg, datatype: float64}
# - {name: dec, unit: deg, datatype: float64}
# - {name: distance, unit: kpc, datatype: float64}
# - {name: pm_ra_cosdec, unit: mas / yr, datatype: float64}
# - {name: pm_dec, unit: mas / yr, datatype: float64}
# - {name: radial_velocity, unit: km / s, datatype: float64}
# delimiter: ','
# meta: !!omap
# - __serialized_columns__:
#     dec:
#       __class__: astropy.coordinates.angles.Latitude
#       unit: &id001 !astropy.units.Unit {unit: deg}
#       value: !astropy.table.SerializedColumn {name: dec}
#     distance:
#       __class__: astropy.coordinates.distances.Distance
#       unit: !astropy.units.Unit {unit: kpc}
#       value: !astropy.table.SerializedColumn {name: distance}
#     pm_dec:
#       __class__: astropy.units.quantity.Quantity
#       unit: !astropy.units.Unit {unit: mas / yr}
#       value: !astropy.table.SerializedColumn {name: pm_dec}
#     pm_ra_cosdec:
#       __class__: astropy.units.quantity.Quantity
#       unit: !astropy.units.Unit {unit: mas / yr}
#       value: !astropy.table.SerializedColumn {name: pm_ra_cosdec}
#     ra:
#       __class__: astropy.coordinates.angles.Longitude
#       unit: *id001
#       value: !astropy.table.SerializedColumn {name: ra}
#       wrap_angle: !astropy.coordinates.Angle
#         unit: *id001
#         value: 360.0
#     radial_velocity:
#       __class__: astropy.units.quantity.Quantity
#       unit: !astropy.units.Unit {unit: km / s}
#       value: !astropy.table.SerializedColumn {name: radial_velocity}
# schema: astropy-2.0
ra,dec,distance,pm_ra_cosdec,pm_dec,radial_velocity
[from data line 1176]
182.65582353186963,18.102946518212498,15.59852439316879,0.0,0.0,0.0
182.65143329386618,18.11130553146448,15.600305478375565,0.0,0.0,0.0
182.6470426367655,18.119664445265116,15.602086563582336,0.0,0.0,0.0
182.64265156032565,18.128023259555853,15.603867648789107,0.0,0.0,0.0
182.63826006430477,18.13638197427813,15.60564873399588,0.0,0.0,0.0
182.63386814846083,18.144740589373374,15.607429819202652,0.0,0.0,0.0
182.6294758125518,18.153099104782967,15.609210904409421,0.0,0.0,0.0
182.6250830563355,18.161457520448305,15.610991989616194,0.0,0.0,0.0
182.6206898795698,18.169815836310743,15.612773074822966,0.0,0.0,0.0
182.6162962820123,18.178174052311622,15.614554160029742,0.0,0.0,0.0
182.6119022634208,18.186532168392265,15.616335245236508,0.0,0.0,0.0
182.6075078235528,18.194890184493982,15.618116330443282,0.0,0.0,0.0
182.60311296216577,18.20324810055805,15.619897415650053,0.0,0.0,0.0
182.5987176790172,18.21160591652574,15.621678500856824,0.0,0.0,0.0
182.5943219738644,18.2199636323383,15.623459586063596,0.0,0.0,0.0
182.58992584646472,18.22832124793695,15.625240671270369,0.0,0.0,0.0
182.5855292965754,18.23667876326291,15.627021756477138,0.0,0.0,0.0
182.5811323239535,18.245036178257358,15.62880284168391,0.0,0.0,0.0
182.5767349283562,18.253393492861473,15.630583926890683,0.0,0.0,0.0
182.5723371095404,18.2617507070164,15.632365012097454,0.0,0.0,0.0
182.5679388672631,18.270107820663277,15.634146097304226,0.0,0.0,0.0
182.5635402012812,18.278464833743218,15.635927182510997,0.0,0.0,0.0
182.55914111135138,18.28682174619731,15.63770826771777,0.0,0.0,0.0
182.55474159723045,18.29517855796663,15.639489352924542,0.0,0.0,0.0
182.550341658675,18.30353526899223,15.641270438131315,0.0,0.0,0.0
182.54594129544165,18.311891879215157,15.643051523338086,0.0,0.0,0.0
182.54154050728687,18.320248388576417,15.644832608544856,0.0,0.0,0.0
182.5371392939671,18.328604797017007,15.64661369375163,0.0,0.0,0.0
182.53273765523866,18.33696110447792,15.648394778958398,0.0,0.0,0.0
182.52833559085792,18.34531731090009,15.650175864165172,0.0,0.0,0.0
182.52393310058102,18.353673416224474,15.651956949371943,0.0,0.0,0.0
182.51953018416413,18.362029420392002,15.653738034578714,0.0,0.0,0.0
182.51512684136333,18.37038532334355,15.655519119785488,0.0,0.0,0.0
182.5107230719346,18.378741125020024,15.657300204992257,0.0,0.0,0.0
182.5063188756338,18.38709682536226,15.659081290199031,0.0,0.0,0.0
182.5019142522169,18.395452424311117,15.6608623754058,0.0,0.0,0.0
182.4975092014396,18.403807921807424,15.662643460612573,0.0,0.0,0.0
182.49310372305766,18.41216331779198,15.664424545819344,0.0,0.0,0.0
182.48869781682666,18.42051861220556,15.666205631026118,0.0,0.0,0.0
182.48429148250216,18.428873804988942,15.667986716232889,0.0,0.0,0.0
182.47988471983967,18.437228896082864,15.669767801439663,0.0,0.0,0.0
182.4754775285946,18.445583885428057,15.671548886646432,0.0,0.0,0.0
182.47106990852228,18.45393877296523,15.673329971853203,0.0,0.0,0.0
182.466661859378,18.46229355863506,15.675111057059977,0.0,0.0,0.0
182.46225338091696,18.470648242378225,15.676892142266748,0.0,0.0,0.0
182.4578444728943,18.479002824135375,15.678673227473519,0.0,0.0,0.0
182.45343513506498,18.487357303847133,15.680454312680292,0.0,0.0,0.0
182.44902536718402,18.495711681454107,15.682235397887064,0.0,0.0,0.0
182.4446151690064,18.504065956896888,15.684016483093835,0.0,0.0,0.0
182.44020454028686,18.512420130116055,15.685797568300606,0.0,0.0,0.0
182.43579348078018,18.520774201052156,15.68757865350738,0.0,0.0,0.0
182.43138199024102,18.52912816964571,15.68935973871415,0.0,0.0,0.0
182.42697006842405,18.537482035837236,15.691140823920923,0.0,0.0,0.0
182.4225577150838,18.545835799567236,15.692921909127694,0.0,0.0,0.0
182.4181449299747,18.554189460776172,15.694702994334465,0.0,0.0,0.0
182.4137317128511,18.562543019404494,15.69648407954124,0.0,0.0,0.0
182.40931806346742,18.570896475392647,15.698265164748008,0.0,0.0,0.0
182.40490398157783,18.579249828681032,15.700046249954779,0.0,0.0,0.0
182.4004894669365,18.58760307921005,15.70182733516155,0.0,0.0,0.0
182.39607451929757,18.595956226920073,15.703608420368324,0.0,0.0,0.0
182.39165913841498,18.604309271751454,15.705389505575097,0.0,0.0,0.0
182.3872433240428,18.612662213644533,15.707170590781864,0.0,0.0,0.0
182.38282707593478,18.62101505253962,15.708951675988637,0.0,0.0,0.0
182.37841039384483,18.629367788377017,15.710732761195409,0.0,0.0,0.0
182.37399327752658,18.637720421096983,15.712513846402183,0.0,0.0,0.0
182.36957572673376,18.64607295063979,15.714294931608954,0.0,0.0,0.0
182.3651577412199,18.654425376945674,15.716076016815723,0.0,0.0,0.0
182.3607393207385,18.66277769995484,15.717857102022498,0.0,0.0,0.0
182.35632046504304,18.671129919607495,15.719638187229268,0.0,0.0,0.0
182.35190117388683,18.679482035843805,15.72141927243604,0.0,0.0,0.0
182.34748144702317,18.687834048603936,15.723200357642813,0.0,0.0,0.0
182.34306128420525,18.696185957828018,15.724981442849584,0.0,0.0,0.0
182.33864068518622,18.704537763456173,15.726762528056355,0.0,0.0,0.0
182.33421964971916,18.712889465428493,15.728543613263128,0.0,0.0,0.0
182.329798177557,18.72124106368507,15.730324698469898,0.0,0.0,0.0
182.32537626845271,18.729592558165933,15.73210578367667,0.0,0.0,0.0
182.3209539221591,18.73794394881114,15.733886868883443,0.0,0.0,0.0
182.31653113842893,18.746295235560712,15.735667954090216,0.0,0.0,0.0
182.31210791701486,18.75464641835464,15.737449039296985,0.0,0.0,0.0
182.30768425766954,18.76299749713289,15.739230124503758,0.0,0.0,0.0
182.30326016014547,18.771348471835438,15.74101120971053,0.0,0.0,0.0
182.2988356241952,18.779699342402207,15.742792294917301,0.0,0.0,0.0
182.294410649571,18.78805010877312,15.744573380124072,0.0,0.0,0.0
182.28998523602525,18.796400770888077,15.746354465330846,0.0,0.0,0.0
182.2855593833102,18.804751328686955,15.748135550537617,0.0,0.0,0.0
182.28113309117796,18.81310178210961,15.749916635744388,0.0,0.0,0.0
182.27670635938065,18.821452131095874,15.75169772095116,0.0,0.0,0.0
182.2722791876703,18.829802375585576,15.753478806157931,0.0,0.0,0.0
182.26785157579883,18.838152515518505,15.755259891364704,0.0,0.0,0.0
182.2634235235181,18.846502550834433,15.757040976571478,0.0,0.0,0.0
182.25899503057988,18.85485248147313,15.758822061778247,0.0,0.0,0.0
182.2545660967359,18.86320230737433,15.760603146985018,0.0,0.0,0.0
182.25013672173782,18.87155202847774,15.76238423219179,0.0,0.0,0.0
182.2457069053372,18.879901644723066,15.76416531739856,0.0,0.0,0.0
182.24127664728547,18.888251156049982,15.76594640260533,0.0,0.0,0.0
182.2368459473341,18.89660056239814,15.767727487812106,0.0,0.0,0.0
182.23241480523438,18.904949863707188,15.769508573018875,0.0,0.0,0.0
182.22798322073763,18.91329905991672,15.77128965822565,0.0,0.0,0.0
182.22355119359497,18.92164815096635,15.773070743432418,0.0,0.0,0.0
182.21911872355759,18.929997136795656,15.774851828639193,0.0,0.0,0.0
182.2146858103764,18.938346017344177,15.776632913845964,0.0,0.0,0.0
182.2102524538025,18.94669479255146,15.778413999052733,0.0,0.0,0.0
182.20581865358668,18.95504346235701,15.780195084259509,0.0,0.0,0.0
182.20138440947977,18.963392026700337,15.781976169466278,0.0,0.0,0.0
182.19694972123253,18.971740485520897,15.78375725467305,0.0,0.0,0.0
182.19251458859554,18.98008883875816,15.78553833987982,0.0,0.0,0.0
182.18807901131945,18.988437086351542,15.787319425086592,0.0,0.0,0.0
182.18364298915475,18.996785228240466,15.789100510293364,0.0,0.0,0.0
182.1792065218518,19.00513326436433,15.790881595500137,0.0,0.0,0.0
182.17476960916105,19.013481194662493,15.79266268070691,0.0,0.0,0.0
182.17033225083273,19.02182901907431,15.794443765913682,0.0,0.0,0.0
182.16589444661702,19.030176737539122,15.796224851120451,0.0,0.0,0.0
182.16145619626406,19.038524349996234,15.798005936327224,0.0,0.0,0.0
182.15701749952393,19.046871856384936,15.799787021533994,0.0,0.0,0.0
182.15257835614653,19.055219256644495,15.801568106740767,0.0,0.0,0.0
182.1481387658818,19.063566550714164,15.80334919194754,0.0,0.0,0.0
182.14369872847954,19.07191373853318,15.805130277154314,0.0,0.0,0.0
182.1392582436895,19.080260820040735,15.806911362361083,0.0,0.0,0.0
182.13481731126132,19.088607795176035,15.808692447567855,0.0,0.0,0.0
182.13037593094464,19.096954663878233,15.810473532774624,0.0,0.0,0.0
182.1259341024889,19.105301426086484,15.812254617981399,0.0,0.0,0.0
182.1214918256436,19.11364808173991,15.814035703188168,0.0,0.0,0.0
182.11704910015806,19.121994630777625,15.815816788394942,0.0,0.0,0.0
182.11260592578157,19.130341073138702,15.817597873601715,0.0,0.0,0.0
182.10816230226337,19.138687408762223,15.819378958808484,0.0,0.0,0.0
182.1037182293525,19.147033637587214,15.821160044015254,0.0,0.0,0.0
182.09927370679804,19.15537975955271,15.822941129222029,0.0,0.0,0.0
182.09482873434905,19.16372577459771,15.824722214428801,0.0,0.0,0.0
182.0903833117543,19.1720716826612,15.82650329963557,0.0,0.0,0.0
182.08593743876267,19.180417483682138,15.828284384842343,0.0,0.0,0.0
182.0814911151229,19.188763177599466,15.830065470049114,0.0,0.0,0.0
182.07704434058368,19.197108764352105,15.831846555255888,0.0,0.0,0.0
182.07259711489357,19.205454243878957,15.833627640462659,0.0,0.0,0.0
182.06814943780105,19.213799616118894,15.835408725669431,0.0,0.0,0.0
182.0637013090546,19.22214488101078,15.837189810876202,0.0,0.0,0.0
182.05925272840256,19.230490038493457,15.838970896082973,0.0,0.0,0.0
182.0548036955932,19.238835088505727,15.840751981289744,0.0,0.0,0.0
182.0503542103747,19.247180030986407,15.842533066496516,0.0,0.0,0.0
182.04590427249525,19.255524865874246,15.84431415170329,0.0,0.0,0.0
182.04145388170286,19.263869593108023,15.846095236910058,0.0,0.0,0.0
182.03700303774545,19.27221421262646,15.84787632211683,0.0,0.0,0.0
182.03255174037102,19.280558724368262,15.849657407323607,0.0,0.0,0.0
182.02809998932725,19.288903128272146,15.851438492530377,0.0,0.0,0.0
182.02364778436197,19.297247424276758,15.85321957773715,0.0,0.0,0.0
182.0191951252228,19.305591612320757,15.855000662943917,0.0,0.0,0.0
182.01474201165735,19.313935692342778,15.856781748150691,0.0,0.0,0.0
182.01028844341306,19.322279664281425,15.85856283335746,0.0,0.0,0.0
182.00583442023742,19.33062352807528,15.860343918564233,0.0,0.0,0.0
182.00137994187773,19.33896728366291,15.862125003771006,0.0,0.0,0.0
181.9969250080813,19.347310930982875,15.863906088977778,0.0,0.0,0.0
181.9924696185953,19.355654469973686,15.865687174184547,0.0,0.0,0.0
181.98801377316678,19.36399790057385,15.867468259391321,0.0,0.0,0.0
181.98355747154287,19.37234122272185,15.869249344598096,0.0,0.0,0.0
181.97910071347047,19.380684436356148,15.871030429804863,0.0,0.0,0.0
181.97464349869648,19.38902754141519,15.872811515011637,0.0,0.0,0.0
181.97018582696768,19.397370537837393,15.874592600218406,0.0,0.0,0.0
181.9657276980308,19.405713425561142,15.876373685425182,0.0,0.0,0.0
181.9612691116325,19.414056204524833,15.878154770631951,0.0,0.0,0.0
181.95681006751926,19.42239887466682,15.879935855838722,0.0,0.0,0.0
181.95235056543768,19.43074143592543,15.881716941045495,0.0,0.0,0.0
181.9478906051341,19.43908388823898,15.883498026252266,0.0,0.0,0.0
181.94343018635485,19.447426231545762,15.885279111459036,0.0,0.0,0.0
181.9389693088462,19.45576846578406,15.887060196665812,0.0,0.0,0.0
181.93450797235425,19.464110590892115,15.88884128187258,0.0,0.0,0.0
181.9300461766252,19.472452606808154,15.890622367079352,0.0,0.0,0.0
181.925583921405,19.48079451347039,15.892403452286123,0.0,0.0,0.0
181.92112120643958,19.489136310817013,15.894184537492896,0.0,0.0,0.0
181.9166580314748,19.497477998786188,15.89596562269967,0.0,0.0,0.0
181.91219439625647,19.50581957731606,15.897746707906439,0.0,0.0,0.0
181.90773030053023,19.514161046344746,15.89952779311321,0.0,0.0,0.0
181.90326574404173,19.52250240581036,15.90130887831998,0.0,0.0,0.0
181.8988007265365,19.53084365565098,15.903089963526755,0.0,0.0,0.0
181.89433524776,19.539184795804665,15.904871048733527,0.0,0.0,0.0
181.88986930745764,19.547525826209448,15.9066521339403,0.0,0.0,0.0
181.88540290537463,19.555866746803353,15.908433219147069,0.0,0.0,0.0
181.8809360412563,19.564207557524377,15.910214304353842,0.0,0.0,0.0
181.8764687148477,19.57254825831049,15.911995389560612,0.0,0.0,0.0
181.87200092589396,19.580888849099654,15.913776474767385,0.0,0.0,0.0
181.86753267414002,19.589229329829795,15.915557559974156,0.0,0.0,0.0
181.86306395933082,19.597569700438818,15.917338645180932,0.0,0.0,0.0
181.85859478121114,19.605909960864622,15.9191197303877,0.0,0.0,0.0
181.85412513952576,19.614250111045077,15.920900815594477,0.0,0.0,0.0
181.84965503401935,19.62259015091803,15.922681900801242,0.0,0.0,0.0
181.84518446443641,19.630930080421294,15.924462986008017,0.0,0.0,0.0
181.84071343052156,19.639269899492678,15.92624407121479,0.0,0.0,0.0
181.83624193201916,19.647609608069974,15.92802515642156,0.0,0.0,0.0
181.8317699686736,19.655949206090927,15.92980624162833,0.0,0.0,0.0
181.82729754022907,19.664288693493297,15.931587326835105,0.0,0.0,0.0
181.82282464642978,19.672628070214778,15.933368412041876,0.0,0.0,0.0
181.8183512870199,19.680967336193092,15.935149497248648,0.0,0.0,0.0
181.81387746174337,19.689306491365894,15.936930582455417,0.0,0.0,0.0
181.8094031703442,19.69764553567084,15.93871166766219,0.0,0.0,0.0
181.80492841256623,19.705984469045568,15.940492752868959,0.0,0.0,0.0
181.80045318815323,19.71432329142769,15.942273838075735,0.0,0.0,0.0
181.7959774968489,19.722662002754785,15.944054923282506,0.0,0.0,0.0
181.7915013383969,19.73100060296443,15.945836008489279,0.0,0.0,0.0
181.78702471254073,19.739339091994168,15.947617093696046,0.0,0.0,0.0
181.7825476190239,19.747677469781515,15.949398178902818,0.0,0.0,0.0
181.7780700575897,19.75601573626398,15.951179264109593,0.0,0.0,0.0
181.77359202798158,19.76435389137904,15.952960349316362,0.0,0.0,0.0
181.76911352994262,19.772691935064163,15.954741434523136,0.0,0.0,0.0
181.76463456321605,19.781029867256777,15.956522519729909,0.0,0.0,0.0
181.76015512754486,19.7893676878943,15.95830360493668,0.0,0.0,0.0
181.75567522267212,19.797705396914125,15.960084690143447,0.0,0.0,0.0
181.75119484834062,19.806042994253623,15.961865775350223,0.0,0.0,0.0
181.7467140042933,19.81438047985015,15.963646860556995,0.0,0.0,0.0
181.74223269027277,19.822717853641024,15.965427945763766,0.0,0.0,0.0
181.73775090602177,19.831055115563572,15.967209030970537,0.0,0.0,0.0
181.73326865128283,19.839392265555052,15.96899011617731,0.0,0.0,0.0
181.72878592579846,19.847729303552743,15.97077120138408,0.0,0.0,0.0
181.7243027293111,19.856066229493884,15.972552286590851,0.0,0.0,0.0
181.71981906156304,19.864403043315694,15.97433337179762,0.0,0.0,0.0
181.71533492229656,19.872739744955368,15.976114457004396,0.0,0.0,0.0
181.71085031125378,19.88107633435009,15.977895542211165,0.0,0.0,0.0
181.70636522817682,19.889412811437,15.979676627417941,0.0,0.0,0.0
181.70187967280773,19.897749176153248,15.981457712624708,0.0,0.0,0.0
181.69739364488836,19.906085428435926,15.983238797831483,0.0,0.0,0.0
181.69290714416059,19.914421568222135,15.985019883038252,0.0,0.0,0.0
181.6884201703662,19.92275759544894,15.986800968245026,0.0,0.0,0.0
181.6839327232468,19.931093510053373,15.988582053451799,0.0,0.0,0.0
181.67944480254405,19.93942931197247,15.99036313865857,0.0,0.0,0.0
181.67495640799947,19.947765001143228,15.992144223865338,0.0,0.0,0.0
181.67046753935446,19.956100577502625,15.99392530907211,0.0,0.0,0.0
181.6659781963504,19.964436040987607,15.995706394278884,0.0,0.0,0.0
181.66148837872854,19.972771391535126,15.997487479485654,0.0,0.0,0.0
181.6569980862301,19.981106629082085,15.999268564692429,0.0,0.0,0.0
181.6575829494456,19.991859077320225,15.999611380136129,0.0,0.0,0.0
181.66170512200247,20.00429590813537,15.998951955416432,0.0,0.0,0.0
181.66582794665723,20.01673264322476,15.998292530696736,0.0,0.0,0.0
181.6699514244028,20.029169282199625,15.99763310597704,0.0,0.0,0.0
181.67407555623254,20.041605824671112,15.996973681257344,0.0,0.0,0.0
181.67820034314013,20.05404227025028,15.996314256537646,0.0,0.0,0.0
181.68232578611972,20.066478618548096,15.99565483181795,0.0,0.0,0.0
181.6864518861658,20.078914869175453,15.994995407098251,0.0,0.0,0.0
