galstreams/tracks/track.st.Leiptr.ibata2020.ecsv
# %ECSV 0.9
# ---
# datatype:
# - {name: ra, unit: deg, datatype: float64}
# - {name: dec, unit: deg, datatype: float64}
# - {name: distance, unit: kpc, datatype: float64}
# - {name: pm_ra_cosdec, unit: mas / yr, datatype: float64}
# - {name: pm_dec, unit: mas / yr, datatype: float64}
# - {name: radial_velocity, unit: km / s, datatype: float64}
# delimiter: ','
# meta: !!omap
# - __serialized_columns__:
#     dec:
#       __class__: astropy.coordinates.angles.Latitude
#       unit: &id001 !astropy.units.Unit {unit: deg}
#       value: !astropy.table.SerializedColumn {name: dec}
#     distance:
#       __class__: astropy.coordinates.distances.Distance
#       unit: !astropy.units.Unit {unit: kpc}
#       value: !astropy.table.SerializedColumn {name: distance}
#     pm_dec:
#       __class__: astropy.units.quantity.Quantity
#       unit: !astropy.units.Unit {unit: mas / yr}
#       value: !astropy.table.SerializedColumn {name: pm_dec}
#     pm_ra_cosdec:
#       __class__: astropy.units.quantity.Quantity
#       unit: !astropy.units.Unit {unit: mas / yr}
#       value: !astropy.table.SerializedColumn {name: pm_ra_cosdec}
#     ra:
#       __class__: astropy.coordinates.angles.Longitude
#       unit: *id001
#       value: !astropy.table.SerializedColumn {name: ra}
#       wrap_angle: !astropy.coordinates.Angle
#         unit: *id001
#         value: 360.0
#     radial_velocity:
#       __class__: astropy.units.quantity.Quantity
#       unit: !astropy.units.Unit {unit: km / s}
#       value: !astropy.table.SerializedColumn {name: radial_velocity}
# schema: astropy-2.0
ra,dec,distance,pm_ra_cosdec,pm_dec,radial_velocity
57.88629777859075,3.4421311041585363,8.902443635598454,7.821999545990351,-8.750804341203088,-2.1051917824680846e-14
58.131616465015874,3.186719172378492,8.858907422834427,7.866855322487586,-8.808397033152954,-2.1051917824680846e-14
58.3766643697806,2.931115680955381,8.816095621956876,7.911184496550739,-8.865246098702551,-2.5262301389617013e-14
58.62145138479525,2.67532565755934,8.774001668094344,7.954992416219732,-8.921348258121713,-8.21024795162553e-14
58.865987392414866,2.4193541046105307,8.732618996375388,7.998284347490858,-8.976700309647917,-6.105056169157445e-14
59.110282266122944,2.1632059999593083,8.691941041928557,8.041065474653903,-9.031299128057428,-1.473634247727659e-14
59.354345871226954,1.906886297565149,8.651961239882402,8.08334090063082,-9.08514166326477,-7.578690416885104e-14
59.5981880655656,1.6503999281739432,8.612673025365474,8.125115647315457,-9.138224938950225,-1.7262572616238293e-13
59.841818700227144,1.3937517999942932,8.574069833506327,8.166394655913944,-9.190546051214998,-5.0524602779234026e-14
60.08524762027891,1.1369467993722582,8.53614509943351,8.207182787285305,-9.242102167263766,-9.999660966723402e-14
60.32848466550795,0.8799897914647492,8.498892258275571,8.24748482228182,-9.292890524114215,-5.789277401787233e-14
60.57153967117167,0.6228856209122476,8.462304745161072,8.287305462088808,-9.342908427333265,-7.262911649514892e-14
60.81442246875931,0.36563911251007786,8.426375995218553,8.32664932856344,-9.392153249799716,-1.7315202410799994e-13
61.05714288676359,0.10825507187864693,8.391099443576573,8.36552096457208,-9.44062243049289,-1.156539735493404e-13
61.29971075146181,-0.14926171386680953,8.356468525363681,8.40392483432599,-9.4883134733071,-9.341788534702125e-14
61.542135887707104,-0.40690647544770325,8.322476675708428,8.441865323714847,-9.535223945891481,-1.3631116791480847e-13
61.78442811972933,-0.6646744607542799,8.289117329739362,8.479346740637864,-9.58135147851505,-2.8420089063319142e-14
62.0265972719447,-0.9225609341781323,8.25638392258504,8.516373315332064,-9.626693762956528,-8.315507540748934e-14
62.26865316977526,-1.1805611759456478,8.224269889374014,8.552949200697515,-9.671248551418824,-9.789141788476593e-14
62.5106056404769,-1.4386704814516973,8.19276866523483,8.589078472619072,-9.715013655467734,-7.578690416885104e-14
62.752464513976506,-1.696884160593996,8.161873685296044,8.624765130284388,-9.757986944994654,-1.24206315165617e-13
62.994239623717405,-1.9551975371072612,8.131578384686204,8.660013096497936,-9.800166347203058,-7.789209595131913e-14
63.23594080751361,-2.2136059478979666,8.101876198533864,8.694826217990633,-9.841549845618424,-1.1157516447080849e-13
63.47757790841249,-2.4721047423792437,8.072760561967572,8.729208265724905,-9.882135479121391,-1.768361097273191e-13
63.719160775565236,-2.730689281805319,8.044224910115883,8.763162935194805,-9.921921341003852,-1.5367900012017016e-13
63.96069926510579,-2.98935493860631,8.016262678107347,8.796693846721054,-9.960905578047818,-7.578690416885104e-14
64.20220324103755,-3.2480970957225423,7.988867301070516,8.829804545740618,-9.999086389626747,-1.515738083377021e-13
64.44368257612801,-3.506911145938825,7.962032214133938,8.862498503090595,-10.036462026829094,-1.5999457546757442e-13
64.68514715281081,-3.765792491217844,7.935750852426171,8.894779115286237,-10.073030791603937,-1.5578419190263825e-13
64.92660686409562,-4.024736542033457,7.910016651075763,8.926649704792798,-10.10879103592844,-7.157652060391487e-14
65.16807161448541,-4.283738716703304,7.884823045211261,8.958113520290972,-10.143741160996873,-1.221011233831489e-13
65.40955132090093,-4.542794440720314,7.860163469961224,8.989173736935733,-10.177879616431058,-9.262843842859572e-14
65.65105591361241,-4.80189914608373,7.836031360454197,9.01983345660834,-10.211204899512097,-1.2631150694808508e-13
65.8925953371787,-5.061048270629159,7.8124201518187375,9.05009570816124,-10.243715554433036,-1.221011233831489e-13
66.1341795513928,-5.320237257357126,7.789323279183392,9.079963447655771,-10.27541017157245,-1.0525958912340423e-13
66.37581853223494,-5.579461553760918,7.766734177676712,9.109439558592323,-10.306287386788737,-1.515738083377021e-13
66.61752227283192,-5.838716611152762,7.744646282427253,9.138526852132845,-10.33634588073485,-8.420767129872338e-14
66.85930078442355,-6.097997883988854,7.723053028563562,9.167228067315499,-10.365584378193525,-1.6841534259744677e-13
67.10116409733541,-6.357300829192445,7.701947851214193,9.19554587126117,-10.394001647432622,-9.262843842859572e-14
67.34312226195813,-6.61662090547555,7.681324185507697,9.223482859371805,-10.421596499580659,-1.1789073981821273e-13
67.5851853497334,-6.8759535726589105,7.661175466572625,9.25104155552025,-10.448367788022253,-1.1789073981821273e-13
67.82736345414565,-7.135294290989599,7.6414951295375255,9.278224412231458,-10.474314407813436,-1.1789073981821273e-13
68.06966669172063,-7.3946385204570655,7.622276609530957,9.305033810854935,-10.499435295116703,-1.4315304120782974e-13
68.3121052030295,-7.6539817201066676,7.603513341681467,9.331472061728158,-10.523729426655686,-1.347322740779574e-13
68.55468915369948,-7.913319347351199,7.585198761117601,9.357541404330883,-10.547195819189408,-1.347322740779574e-13
68.79742873542979,-8.172646857279556,7.567326302967921,9.383244007430093,-10.569833529005935,-1.515738083377021e-13
69.0403341670139,-8.431959701963192,7.5498894023609715,9.408581969215541,-10.591641651435504,-1.6841534259744677e-13
69.28341569536732,-8.691253329759936,7.5328814944253075,9.433557317425546,-10.612619320382858,-1.515738083377021e-13
69.52668359656089,-8.950523184614521,7.516296014289477,9.45817200946309,-10.632765707878967,-1.4315304120782974e-13
69.77014817685954,-9.209764705356642,7.500126397082033,9.482427932501867,-10.652080023651841,-1.347322740779574e-13
70.01381977376684,-9.46897332499581,7.484366077931528,9.506326903582329,-10.670561514716645,-7.578690416885104e-14
70.25770875707411,-9.728144470012708,7.469008491966511,9.52987066969738,-10.688209464984887,-1.1789073981821273e-13
70.50182552991528,-9.987273559647491,7.45404707431554,9.553060907867678,-10.705023194892734,-9.262843842859572e-14
70.74618052982657,-10.24635600518463,7.439475260107153,9.575899225206486,-10.721002061048539,-8.420767129872338e-14
70.99078422981101,-10.505387209233714,7.425286484469914,9.598387158973669,-10.736145455899381,-1.768361097273191e-13
71.23564713940776,-10.764362565006987,7.411474182532371,9.620526176618997,-10.750452807416872,-1.0104920555846805e-13
71.48077980576608,-11.023277455592583,7.3980317894230705,9.642317675814404,-10.763923578801988,-1.0946997268834039e-13
71.726192814724,-11.282127253224111,7.384952740270571,9.663762984475156,-10.77655726820922,-2.1893994537668078e-13
71.97189679189091,-11.540907318545555,7.37223047020342,9.684863360769794,-10.788353408489904,-1.5999457546757442e-13
72.21790240373464,-11.799612999872231,7.35985841435017,9.70561999311871,-10.799311566954845,-9.262843842859572e-14
72.46422035867272,-12.058239632447332,7.347830007839371,9.7260340001812,-10.809431345156314,-1.0104920555846805e-13
72.71086140816698,-12.316782537693404,7.336138685799576,9.7461064308309,-10.81871237868948,-6.73661370389787e-14
72.95783634782242,-12.575237022459568,7.324777883359335,9.765838264119507,-10.82715433701334,-1.1789073981821273e-13
73.20515601848918,-12.833598378263575,7.3137410356472,9.785230409228586,-10.834756923291312,-1.347322740779574e-13
73.45283130736819,-13.091861880529033,7.303021577791723,9.804283705409443,-10.841519874251523,-1.515738083377021e-13
73.70087314911946,-13.35002278781711,7.292612944921455,9.822998921910816,-10.847442960066939,-1.515738083377021e-13
73.9492925269736,-13.608076341053266,7.282508572164948,9.841376757894443,-10.852525984255516,-1.347322740779574e-13
74.19810047384611,-13.866017762748482,7.2727018946507505,9.85941784233824,-10.85676878360046,-6.73661370389787e-14
74.44730807345366,-14.123842256214568,7.263186347507417,9.87712273392704,-10.860171228090746,-1.347322740779574e-13
74.69692646143298,-14.381545004774036,7.253955365863501,9.894491920930825,-10.862733220882157,-1.1789073981821273e-13
74.94696682646162,-14.639121170964142,7.245002384847548,9.911525821070303,-10.864454698278893,-8.420767129872338e-14
75.19744041138001,-14.896565895734415,7.236320839588114,9.928224781369689,-10.865335629736022,-1.6841534259744677e-13
75.4483585143154,-15.153874297638543,7.227904165213746,9.944589077996747,-10.865376017883037,-1.1789073981821273e-13
75.69973248980646,-15.411041472019551,7.219745796853,9.960618916089768,-10.864575898568548,-1.347322740779574e-13
75.95157374992901,-15.668062490188873,7.211839169634427,9.97631442957165,-10.862935340926581,-1.0104920555846805e-13
76.20389376542164,-15.924932398598308,7.204177718686573,9.99167568095077,-10.86045444746457,-1.0104920555846805e-13
76.45670406681191,-16.181646218005632,7.196754879137997,10.006702661108712,-10.857133354173298,-1.6841534259744677e-13
76.71001624554219,-16.438198942633296,7.189564086117243,10.02139528907471,-10.852972230659207,-6.73661370389787e-14
76.96384195509434,-16.69458553931972,7.1825987747528695,10.035753411786747,-10.847971280299177,-8.420767129872338e-14
77.21819291211388,-16.950800946663826,7.175852380173422,10.04977680383923,-10.842130740418225,-1.0104920555846805e-13
77.47308089753237,-17.206840074161953,7.169318337507455,10.0634651672172,-10.835450882490363,-8.420767129872338e-14
77.72851775768798,-17.462697801337622,7.16299008188352,10.076818131017017,-10.82793201236294,-8.420767129872338e-14
77.98451540544333,-17.718368976863253,7.156861048430169,10.08983525115338,-10.81957447050488,-1.347322740779574e-13
78.24108582130076,-17.973848417674514,7.15092467227595,10.102516010052804,-10.810378632279125,-1.1789073981821273e-13
78.49824105451415,-18.229130908076815,7.145174388549417,10.114859816333365,-10.800344908239634,-1.0104920555846805e-13
78.75599322419647,-18.484211198843447,7.1396036323791225,10.126866004470678,-10.789473744453403,-1.1789073981821273e-13
79.01435452042315,-18.739084006305887,7.134205838893614,10.13853383445025,-10.777765622847893,-1.1789073981821273e-13
79.27333720533028,-18.993744011435933,7.1289744432214475,10.149862491405916,-10.765221061584167,-1.0104920555846805e-13
79.53295361420682,-19.248185858918973,7.12390288049117,10.160851085244627,-10.751840615456429,-1.347322740779574e-13
79.79321615658075,-19.502404156219214,7.118984585831335,10.171498650257325,-10.737624876318138,-1.6841534259744677e-13
80.05413731729814,-19.756393472636187,7.114212994370495,10.181804144716143,-10.72257447353537,-1.0104920555846805e-13
80.31572965759418,-20.01014833835215,7.109581541237199,10.191766450457731,-10.706690074467843,-5.0524602779234026e-14
80.57800581615606,-20.263663243471026,7.105083661560003,10.2013843724529,-10.689972384978052,-1.347322740779574e-13
80.84097851017638,-20.51693263704815,7.100712790467451,10.21065663836249,-10.672422149969197,-1.0104920555846805e-13
81.10466053639672,-20.76995092611103,7.096462363088099,10.219581898079603,-10.654040153952234,-5.0524602779234026e-14
81.36906477213981,-21.022712474670648,7.092325814550499,10.228158723258154,-10.634827221642801,-1.347322740779574e-13
81.63420417633051,-21.27521160272371,7.088296579983202,10.236385606827909,-10.614784218588458,-6.73661370389787e-14
81.90009179050381,-21.527442585245552,7.084368094514755,10.24426096249602,-10.59391205182688,-1.0104920555846805e-13
82.16674073979893,-21.77939965117309,7.080533793273715,10.251783124235143,-10.572211670575655,-1.515738083377021e-13
82.43416423393917,-22.031076982378703,7.076787111388634,10.258950345758306,-10.549684066954198,-1.1789073981821273e-13
82.70237556819578,-22.28246871263411,7.073121483988058,10.26576079998059,-10.526330276738596,-1.0104920555846805e-13
82.97138812433518,-22.5335689265647,7.069530346200541,10.272212578467792,-10.502151380149863,-5.0524602779234026e-14
83.24121537154811,-22.784371658593827,7.0660071331546375,10.278303690872178,-10.47714850267641,-1.0104920555846805e-13
83.51187086735978,-23.034870891877326,7.062545279978893,10.28403206435558,-10.451322815931439,-8.420767129872338e-14
83.7833682585196,-23.28506055722814,7.059138221801862,10.289395542999921,-10.424675538545864,-8.420767129872338e-14
84.05572128186941,-23.534934532030807,7.055779393752098,10.294391887205482,-10.397207937097612,-1.0104920555846805e-13
84.32894376518858,-23.78448663914595,7.052462230958148,10.299018773077034,-10.368921327078017,-1.0104920555846805e-13
84.60304962801496,-24.033710645804724,7.049180168548567,10.303273791798185,-10.33981707389606,-1.0104920555846805e-13
84.87805288243986,-24.282600262493084,7.045926641651905,10.307154448994131,-10.30989659392131,-3.368306851948935e-14
85.15396763387588,-24.531149141825942,7.042695085396712,10.310658164083183,-10.279161355566275,-5.0524602779234026e-14
85.43080808179586,-24.77935087741117,7.039478934911542,10.313782269617299,-10.247612880409118,-6.73661370389787e-14
85.7085885204413,-25.02719900270347,7.036271625324947,10.316524010612085,-10.215252744357462,-1.6841534259744676e-14
85.98732333949869,-25.274686989848064,7.033066591765474,10.318880543866523,-10.182082578854274,-1.1789073981821273e-13
86.26702702474192,-25.52180824851438,7.029857269361678,10.320848937272897,-10.148104072126579,-5.0524602779234026e-14
86.54771415863894,-25.7685561247194,7.026637093242107,10.322426169117353,-10.113318970478,-6.73661370389787e-14
86.82939942092081,-26.01492389964133,7.023399498535319,10.323609127371517,-10.07772907962603,-8.420767129872338e-14
87.11209758911119,-26.260904788422977,7.020137920369858,10.324394608975714,-10.041336266084944,-3.368306851948935e-14
87.3958235390142,-26.506491938965333,7.016845793874278,10.324779319114269,-10.004142458595279,-3.368306851948935e-14
87.6805922451586,-26.751678430711372,7.013516554177134,10.324759870483511,-9.96614964960094,-6.73661370389787e-14
87.96641878119603,-26.99645727342006,7.010143636406972,10.324332782553075,-9.927359896774803,-3.368306851948935e-14
88.25331832025105,-27.24082140593074,7.006720475692347,10.323494480821086,-9.887775324593907,-6.73661370389787e-14
88.5413061352208,-27.484763694918122,7.003240507161809,10.322241296064034,-9.847398125965201,-5.0524602779234026e-14
88.83039759902144,-27.728276933637854,6.9996971659439104,10.320569463581919,-9.806230563902858,-1.6841534259744676e-14
89.1206081847795,-27.971353840662985,6.9960838871672,10.318475122439592,-9.764274973258228,-5.0524602779234026e-14
89.4119534659648,-28.213987058611437,6.992394105960231,10.315954314705001,-9.721533762503482,-1.0104920555846805e-13
89.70444911646277,-28.45616915286473,6.9886212574515545,10.31300298468527,-9.678009415569978,1.6841534259744676e-14
89.9981109105832,-28.697892610278153,6.9847587767697235,10.309616978161515,-9.633704493742426,-1.6841534259744676e-14
90.29295472300248,-28.939149837882617,6.980800099043287,10.305792041623377,-9.588621637609997,3.368306851948935e-14
90.58899652863647,-29.179933161578564,6.976738659400799,10.301523821504295,-9.542763569075321,-1.6841534259744676e-14
90.88625240244082,-29.42023482482213,6.972567892970806,10.296807863418625,-9.496133093422669,-1.6841534259744676e-14
91.18473851913558,-29.66004698730385,6.968281234881867,10.291639611401717,-9.44873310144619,-5.0524602779234026e-14
91.48447115285087,-29.899361723620416,6.963872120262527,10.286014407154227,-9.40056657163954,5.0524602779234026e-14
91.78546667669013,-30.13817102193966,6.95933398424134,10.279927489291829,-9.351636572447777,-6.73661370389787e-14
92.08774156220757,-30.376466782659378,6.954660261946857,10.273373992601803,-9.301946264582813,-3.368306851948935e-14
92.39131237879597,-30.6142408170602,6.949844388507628,10.266348947307765,-9.251498903403423,3.368306851948935e-14
92.69619579298151,-30.851484845953163,6.944879799052206,10.25884727834418,-9.200297841360916,-5.0524602779234026e-14
93.00240856762146,-31.088190498322398,6.939759928709143,10.250863804642059,-9.1483465305116,-1.6841534259744676e-14
