galstreams/tracks/track.st.New-8.ibata2024.ecsv
# %ECSV 1.0
# ---
# datatype:
# - {name: ra, unit: deg, datatype: float64}
# - {name: dec, unit: deg, datatype: float64}
# - {name: distance, unit: kpc, datatype: float64}
# - {name: pm_ra_cosdec, unit: mas / yr, datatype: float64}
# - {name: pm_dec, unit: mas / yr, datatype: float64}
# - {name: radial_velocity, unit: km / s, datatype: float64}
# delimiter: ','
# meta: !!omap
# - __serialized_columns__:
#     dec:
#       __class__: astropy.coordinates.angles.Latitude
#       unit: &id001 !astropy.units.Unit {unit: deg}
#       value: !astropy.table.SerializedColumn {name: dec}
#     distance:
#       __class__: astropy.coordinates.distances.Distance
#       unit: !astropy.units.Unit {unit: kpc}
#       value: !astropy.table.SerializedColumn {name: distance}
#     pm_dec:
#       __class__: astropy.units.quantity.Quantity
#       unit: !astropy.units.Unit {unit: mas / yr}
#       value: !astropy.table.SerializedColumn {name: pm_dec}
#     pm_ra_cosdec:
#       __class__: astropy.units.quantity.Quantity
#       unit: !astropy.units.Unit {unit: mas / yr}
#       value: !astropy.table.SerializedColumn {name: pm_ra_cosdec}
#     ra:
#       __class__: astropy.coordinates.angles.Longitude
#       unit: *id001
#       value: !astropy.table.SerializedColumn {name: ra}
#       wrap_angle: !astropy.coordinates.Angle
#         unit: *id001
#         value: 360.0
#     radial_velocity:
#       __class__: astropy.units.quantity.Quantity
#       unit: !astropy.units.Unit {unit: km / s}
#       value: !astropy.table.SerializedColumn {name: radial_velocity}
# schema: astropy-2.0
ra,dec,distance,pm_ra_cosdec,pm_dec,radial_velocity
[from data line 284]
143.52030171814937,33.4956618726086,0.9999999999999992,-47.02557564311918,-47.68965296152093,923.394372981747
143.53116374647507,33.48267387482351,0.9999999999999992,-47.101916821286665,-47.69745268271741,924.3097649859459
143.54206893617243,33.46969340251696,0.9999999999999993,-47.17884525655755,-47.70525324599632,925.2989528445848
143.5530171136489,33.456720415564526,0.9999999999999992,-47.25636201022566,-47.71305244061108,926.3627844688343
143.5640081054308,33.443754873867036,0.9999999999999992,-47.33446814279516,-47.72084805459361,927.5021077698874
143.57504173816238,33.43079673735118,0.9999999999999992,-47.41316471397191,-47.72863787476213,928.7177706589298
143.58611783860576,33.417845965970024,0.9999999999999991,-47.49245278265569,-47.736419686728695,930.0106210471401
143.59723623364002,33.40490251970362,0.9999999999999991,-47.57233340693158,-47.744191274907195,931.381506845704
143.60839675026108,33.39196635855951,0.9999999999999992,-47.65280764406252,-47.75195042252089,932.8312759658088
143.61959921558082,33.37903744257332,0.9999999999999991,-47.73387655048043,-47.75969491161053,934.3607763186334
143.63084345682682,33.366115731809316,0.9999999999999991,-47.81554118177934,-47.76742252304185,935.9708558153667
143.6421293013419,33.35320118636093,0.9999999999999991,-47.89780259270694,-47.77513103651352,937.6623623671926
143.65345657658338,33.34029376635129,0.9999999999999991,-47.98066183715707,-47.78281823056518,939.4361438852916
143.6648251101229,33.3273934319338,0.9999999999999991,-48.0641199681623,-47.790481882585155,941.2930482808495
143.6762347296457,33.31450014329265,0.999999999999999,-48.148178037886154,-47.79811976881825,943.2339234650514
143.68768526295025,33.30161386064334,0.9999999999999992,-48.2328370976158,-47.80572966437407,945.2596173490815
143.69917653794772,33.28873454423327,0.9999999999999992,-48.31809819775472,-47.81330934323458,947.3709778441205
143.71070838266158,33.27586215434216,0.9999999999999992,-48.40396238781568,-47.82085657826225,949.5688528613589
143.72228062522706,33.262996651282656,0.9999999999999993,-48.490430716413115,-47.82836914120812,951.8540903119734
143.7338930938907,33.25013799540083,0.9999999999999992,-48.5775042312566,-47.83584480271954,954.2275381071556
143.74554561700987,33.237286147076695,0.9999999999999992,-48.665183979143436,-47.843281332348596,956.6900441580817
143.75723802305237,33.22444106672468,0.999999999999999,-48.753471005952036,-47.850676498559835,959.2424563759448
143.76897014059585,33.211602714794225,0.999999999999999,-48.84236635663508,-47.85802806873848,961.8856226719194
143.78074179832748,33.19877105177019,0.9999999999999991,-48.931871075212754,-47.865333809198624,964.6203909571976
143.79255282504343,33.185946038173384,0.9999999999999989,-49.02198620476621,-47.872591485191045,967.4476091429565
143.8044030496484,33.173127634561126,0.9999999999999991,-49.11271278743105,-47.87979886091179,970.3681251403902
143.8162923011553,33.160315801527645,0.999999999999999,-49.20405186439078,-47.88695369950984,973.3827868606731
143.82822040868461,33.14751049970466,0.9999999999999989,-49.29600447587059,-47.89405376309565,976.4924422149923
143.84018720146406,33.13471168976176,0.9999999999999991,-49.38857166113097,-47.90109681274917,979.6979391145373
143.85219250882815,33.12191933240702,0.9999999999999991,-49.48175445846161,-47.90808060852835,983.0001254704838
143.86423616021787,33.10913338838736,0.999999999999999,-49.575553905175525,-47.91500290947681,986.3998491940199
143.87631798517992,33.096353818489106,0.999999999999999,-49.669971037602494,-47.92186147363262,989.89795819633
143.88843781336664,33.083580583538456,0.999999999999999,-49.7650068910838,-47.92865405803651,993.4953003885964
143.9005954745354,33.07081364440188,0.9999999999999991,-49.86066249996607,-47.93537841873981,997.1927236820044
143.9127907985482,33.05805296198664,0.9999999999999991,-49.95693889759535,-47.94203231081319,1000.9910759877398
143.92502361537123,33.04529849724128,0.9999999999999989,-50.05383711631201,-47.948613488354816,1004.8912052169848
143.9372937550746,33.03255021115606,0.9999999999999991,-50.15135818744463,-47.95511970449862,1008.8939592809235
143.9496010478316,33.01980806476338,0.9999999999999991,-50.2495031413049,-47.96154871142288,1013.0001860907431
143.9619453239187,33.007072019138285,0.999999999999999,-50.3482730071821,-47.96789826035847,1017.2107335576181
143.97432641371483,32.99434203539888,0.999999999999999,-50.44766881333757,-47.974166101597206,1021.5264495927458
143.98674414770113,32.981618074706816,0.9999999999999989,-50.54769158700002,-47.980349984500634,1025.9481821073075
