galstreams/tracks/track.st.Gaia-11.ibata2021.ecsv
# %ECSV 0.9
# ---
# datatype:
# - {name: ra, unit: deg, datatype: float64}
# - {name: dec, unit: deg, datatype: float64}
# - {name: distance, unit: kpc, datatype: float64}
# - {name: pm_ra_cosdec, unit: mas / yr, datatype: float64}
# - {name: pm_dec, unit: mas / yr, datatype: float64}
# - {name: radial_velocity, unit: km / s, datatype: float64}
# delimiter: ','
# meta: !!omap
# - __serialized_columns__:
#     dec:
#       __class__: astropy.coordinates.angles.Latitude
#       unit: &id001 !astropy.units.Unit {unit: deg}
#       value: !astropy.table.SerializedColumn {name: dec}
#     distance:
#       __class__: astropy.coordinates.distances.Distance
#       unit: !astropy.units.Unit {unit: kpc}
#       value: !astropy.table.SerializedColumn {name: distance}
#     pm_dec:
#       __class__: astropy.units.quantity.Quantity
#       unit: !astropy.units.Unit {unit: mas / yr}
#       value: !astropy.table.SerializedColumn {name: pm_dec}
#     pm_ra_cosdec:
#       __class__: astropy.units.quantity.Quantity
#       unit: !astropy.units.Unit {unit: mas / yr}
#       value: !astropy.table.SerializedColumn {name: pm_ra_cosdec}
#     ra:
#       __class__: astropy.coordinates.angles.Longitude
#       unit: *id001
#       value: !astropy.table.SerializedColumn {name: ra}
#       wrap_angle: !astropy.coordinates.Angle
#         unit: *id001
#         value: 360.0
#     radial_velocity:
#       __class__: astropy.units.quantity.Quantity
#       unit: !astropy.units.Unit {unit: km / s}
#       value: !astropy.table.SerializedColumn {name: radial_velocity}
# schema: astropy-2.0
ra,dec,distance,pm_ra_cosdec,pm_dec,radial_velocity
[from data line 1534]
274.7230460589184,34.24730870342534,12.794969241441803,-3.7167752220002916,4.537087427185881,8.420767129872338e-14
274.7271979593537,34.237909279688,12.795879754059586,-3.7160505380246325,4.537358569699284,1.0104920555846805e-13
274.73134933972506,34.228509831606694,12.796791887625746,-3.715326032150172,4.537630734650659,-1.6841534259744676e-14
274.73550020005143,34.21911035911292,12.79770564520097,-3.714601704895464,4.537903922068038,6.73661370389787e-14
274.73965054035205,34.20971086213821,12.798621029845943,-3.713877556779153,4.538178131979548,1.0104920555846805e-13
274.7438003606458,34.20031134061411,12.79953804462135,-3.7131535883199795,4.538453364413387,3.368306851948935e-14
274.74794966095175,34.19091179447223,12.800456692587877,-3.7124298000367872,4.538729619397842,1.0104920555846805e-13
274.7520984412888,34.18151222364419,12.801376976806205,-3.7117061924485024,4.539006896961281,1.6841534259744676e-14
274.7562467016757,34.172112628061676,12.802298900337023,-3.7109827660741583,4.539285197132149,3.368306851948935e-14
274.7603944421313,34.16271300765637,12.803222466241017,-3.7102595214328775,4.5395645199389785,6.73661370389787e-14
274.76454166267433,34.15331336236001,12.804147677578868,-3.709536459043883,4.539844865410382,5.0524602779234026e-14
274.7686883633234,34.14391369210439,12.805074537411258,-3.7088135794264874,4.540126233575052,1.0104920555846805e-13
274.77283454409724,34.1345139968213,12.806003048798887,-3.708090883100095,4.5404086244617625,-3.368306851948935e-14
274.77698020501424,34.12511427644259,12.806933214802424,-3.707368370584223,4.54069203809937,3.368306851948935e-14
274.78112534609295,34.11571453090014,12.807865038482559,-3.7066460423984693,4.540976474516814,1.6841534259744677e-13
274.78526996735184,34.10631476012586,12.80879852289998,-3.7059238990625283,4.541261933743112,1.1789073981821273e-13
274.7894140688092,34.09691496405171,12.80973367111537,-3.70520194109619,4.541548415807366,3.368306851948935e-14
274.7935576504834,34.087515142609675,12.810670486189412,-3.7044801690193476,4.541835920738757,-1.6841534259744676e-14
274.79770071239267,34.07811529573176,12.811608971182793,-3.703758583351983,4.542124448566545,1.515738083377021e-13
274.8018432545552,34.06871542335004,12.8125491291562,-3.7030371846141716,4.542413999320075,1.347322740779574e-13
274.80598527698913,34.059315525396606,12.813490963170313,-3.7023159733260873,4.5427045730287725,1.1789073981821273e-13
274.81012677971256,34.04991560180357,12.81443447628582,-3.701594950008001,4.542996169722145,1.0104920555846805e-13
274.8142677627435,34.040515652503096,12.815379671563408,-3.700874115180274,4.543288789429774,3.368306851948935e-14
274.8184082260998,34.03111567742739,12.816326552063758,-3.700153469363368,4.543582432181325,6.73661370389787e-14
274.82254816979946,34.02171567650868,12.81727512084756,-3.6994330130778343,4.54387709800655,1.0104920555846805e-13
274.82668759386036,34.01231564967923,12.818225380975491,-3.6987127468443277,4.544172786935271,8.420767129872338e-14
274.8308264983002,34.00291559687135,12.819177335508243,-3.697992671183587,4.544469498997405,0.0
274.83496488313665,33.99351551801737,12.820130987506499,-3.697272786616459,4.5447672342229275,1.6841534259744677e-13
274.8391027483875,33.984115413049665,12.821086340030943,-3.6965530936638724,4.545065992641918,1.6841534259744677e-13
274.8432400940704,33.974715281900636,12.822043396142261,-3.695833592846859,4.5453657742845195,3.368306851948935e-14
274.8473769202027,33.965315124502744,12.823002158901138,-3.695114284686546,4.545666579180965,1.1789073981821273e-13
274.85151322680196,33.95591494078845,12.823962631368255,-3.6943951697041553,4.545968407361561,1.8525687685719145e-13
274.8556490138857,33.94651473069026,12.824924816604307,-3.693676248420996,4.546271258856693,1.0104920555846805e-13
274.85978428147115,33.93711449414074,12.82588871766997,-3.6929575213584855,4.546575133696837,5.0524602779234026e-14
274.86391902957575,33.927714231072464,12.826854337625932,-3.6922389890381258,4.5468800319125355,8.420767129872338e-14
274.86805325821666,33.91831394141804,12.82782167953288,-3.6915206519815187,4.547185953534418,6.73661370389787e-14
274.87218696741115,33.90891362511013,12.828790746451494,-3.6908025107103604,4.547492898593193,1.0104920555846805e-13
274.8763201571763,33.89951328208142,12.82976154144246,-3.690084565746443,4.547800867119651,8.420767129872338e-14
274.88045282752927,33.89011291226462,12.830734067566466,-3.689366817611647,4.5481098591446525,3.368306851948935e-14
274.88458497848694,33.8807125155925,12.831708327884197,-3.688649266827958,4.548419874699146,3.368306851948935e-14
274.88871661006635,33.87131209199785,12.832684325456333,-3.6879319139174496,4.548730913814159,1.347322740779574e-13
274.8928477222844,33.86191164141348,12.833662063343567,-3.6872147594022935,4.549042976520797,0.0
274.896978315158,33.85251116377227,12.83464154460658,-3.686497803804753,4.5493560628502365,3.368306851948935e-14
274.9011083887038,33.84311065900711,12.835622772306053,-3.6857810476471906,4.549670172833751,1.0104920555846805e-13
274.9052379429386,33.83371012705091,12.836605749502677,-3.6850644914520605,4.549985306502672,1.0104920555846805e-13
274.90936697787913,33.82430956783666,12.837590479257136,-3.6843481357419106,4.550301463888426,6.73661370389787e-14
274.9134954935419,33.81490898129734,12.83857696463011,-3.683631981039388,4.550618645022515,1.6841534259744676e-14
274.91762348994354,33.805508367365995,12.83956520868229,-3.682916027867235,4.55093684993651,1.6841534259744677e-13
274.9217509671005,33.79610772597569,12.84055521447436,-3.682200276748282,4.551256078662071,2.020984111169361e-13
274.9258779250292,33.786707057059516,12.841546985066998,-3.6814847282054575,4.551576331230937,1.1789073981821273e-13
274.9300043637461,33.777306360550625,12.842540523520904,-3.680769382761787,4.551897607674919,8.420767129872338e-14
274.93413028326745,33.76790563638218,12.843535832896746,-3.6800542409403914,4.552219908025911,5.0524602779234026e-14
274.93825568360955,33.758504884487394,12.844532916255218,-3.6793393032644834,4.5525432323158785,1.0104920555846805e-13
274.9423805647886,33.749104104799486,12.845531776657007,-3.678624570257367,4.552867580576878,3.368306851948935e-14
274.94650492682075,33.739703297251765,12.846532417162793,-3.6779100424424493,4.553192952841032,5.0524602779234026e-14
274.950628769722,33.73030246177751,12.847534840833259,-3.6771957203432297,4.553519349140549,8.420767129872338e-14
274.95475209350855,33.72090159831007,12.848539050729098,-3.6764816044832935,4.553846769507709,6.73661370389787e-14
274.95887489819626,33.71150070678285,12.849545049910988,-3.6757676953863343,4.5541752139748795,3.368306851948935e-14
274.96299718380106,33.70209978712922,12.850552841439617,-3.6750539935761295,4.5545046825744935,1.6841534259744676e-14
274.96711895033883,33.69269883928265,12.851562428375672,-3.6743404995765556,4.554835175339065,3.368306851948935e-14
274.97124019782535,33.68329786317661,12.852573813779834,-3.673627213911587,4.555166692301196,-1.6841534259744676e-14
274.97536092627644,33.67389685874462,12.85358700071279,-3.672914137105284,4.555499233493557,5.0524602779234026e-14
274.97948113570766,33.664495825920234,12.85460199223522,-3.672201269681812,4.555832798948899,0.0
274.9836008261347,33.65509476463703,12.855618791407824,-3.671488612165418,4.556167388700045,6.73661370389787e-14
274.98771999757315,33.645693674828614,12.856637401291268,-3.670776165080457,4.556503002779902,6.73661370389787e-14
274.9918386500385,33.63629255642866,12.857657824946246,-3.6700639289513695,4.556839641221453,1.515738083377021e-13
274.9959567835462,33.62689140937082,12.858680065433443,-3.669351904302695,4.557177304057758,8.420767129872338e-14
275.0000743981117,33.617490233588846,12.859704125813547,-3.6686400916590634,4.557515991321948,8.420767129872338e-14
275.0041914937503,33.60808902901647,12.860730009147238,-3.6679284915452035,4.557855703047243,3.368306851948935e-14
275.0083080704772,33.5986877955875,12.861757718495202,-3.6672171044859385,4.558196439266931,1.347322740779574e-13
275.01242412830777,33.58928653323573,12.862787256918127,-3.6665059310061783,4.558538200014378,5.0524602779234026e-14
275.01653966725706,33.57988524189504,12.863818627476693,-3.665794971630937,4.558880985323028,1.0104920555846805e-13
275.0206546873403,33.57048392149931,12.864851833231587,-3.66508422688532,4.559224795226406,1.1789073981821273e-13
275.02476918857246,33.56108257198246,12.865886877243494,-3.664373697294523,4.559569629758101,1.347322740779574e-13
275.0288831709685,33.55168119327844,12.866923762573101,-3.6636633833838403,4.5599154889518,1.0104920555846805e-13
275.0329966345435,33.54227978532126,12.867962492281094,-3.6629532856786584,4.560262372841243,5.0524602779234026e-14
275.0371095793122,33.53287834804493,12.869003069428153,-3.662243404704462,4.560610281460262,5.0524602779234026e-14
275.04122200528946,33.52347688138351,12.870045497074964,-3.6615337409868234,4.560959214842757,0.0
275.0453339124901,33.514075385271106,12.871089778282215,-3.6608242950514183,4.561309173022712,3.368306851948935e-14
275.0494453009287,33.50467385964182,12.87213591611059,-3.660115067424006,4.561660156034179,1.1789073981821273e-13
275.0535561706201,33.49527230442983,12.873183913620773,-3.659406058630449,4.562012163911292,1.8525687685719145e-13
275.05766652157877,33.48587071956932,12.874233773873447,-3.6586972691966952,4.562365196688262,1.6841534259744676e-14
275.06177635381925,33.476469104994536,12.875285499929303,-3.657988699648798,4.562719254399364,1.515738083377021e-13
275.0658856673561,33.46706746063971,12.87633909484902,-3.6572803505128957,4.563074337078969,1.0104920555846805e-13
275.0699944622036,33.457665786439144,12.87739456169329,-3.656572222315224,4.563430444761501,6.73661370389787e-14
275.07410273837627,33.4482640823272,12.878451903522791,-3.655864315582114,4.563787577481483,1.347322740779574e-13
275.07821049588836,33.43886234823819,12.879511123398206,-3.65515663083999,4.564145735273496,5.0524602779234026e-14
275.0823177347541,33.42946058410654,12.88057222438023,-3.654449168615367,4.564504918172202,5.0524602779234026e-14
275.0864244549877,33.42005878986666,12.881635209529547,-3.6537419294348585,4.564865126212338,0.0
275.0905306566033,33.410656965453036,12.88270008190683,-3.6530349138251745,4.565226359428718,1.6841534259744677e-13
275.094636339615,33.40125511080015,12.88376684457277,-3.652328122313109,4.565588617856237,0.0
275.09874150403675,33.391853225842524,12.884835500588059,-3.6516215554255633,4.565951901529853,3.368306851948935e-14
275.1028461498826,33.38245131051473,12.88590605301337,-3.65091521368952,4.566316210484605,0.0
275.1069502771665,33.37304936475137,12.8869785049094,-3.650209097632064,4.566681544755609,-3.368306851948935e-14
275.11105388590215,33.36364738848707,12.888052859336828,-3.6495032077803744,4.56704790437805,1.515738083377021e-13
275.1151569761035,33.354245381656476,12.88912911935634,-3.648797544661715,4.567415289387197,0.0
275.11925954778417,33.34484334419431,12.890207288028618,-3.648092108803458,4.567783699818387,1.515738083377021e-13
275.12336160095794,33.33544127603528,12.89128736841435,-3.6473869007330544,4.568153135707034,6.73661370389787e-14
275.1274631356384,33.32603917711416,12.892369363574218,-3.646681920978062,4.568523597088627,8.420767129872338e-14
275.1315641518391,33.31663704736576,12.893453276568913,-3.6459771700661254,4.568895083998725,1.8525687685719145e-13
275.1356646495736,33.30723488672487,12.894539110459117,-3.645272648524983,4.569267596472969,5.0524602779234026e-14
275.1397646288553,33.29783269512639,12.895626868305513,-3.644568356882472,4.56964113454707,5.0524602779234026e-14
275.1438640896976,33.288430472505205,12.896716553168787,-3.6438642956665155,4.5700156982568165,0.0
275.1479630321139,33.27902821879624,12.897808168109625,-3.6431604654051406,4.570391287638061,1.1789073981821273e-13
275.1520614561175,33.26962593393445,12.898901716188709,-3.64245686662646,4.570767902726747,5.0524602779234026e-14
275.15615936172156,33.26022361785485,12.899997200466727,-3.6417534998586842,4.5711455435588775,8.420767129872338e-14
275.1602567489393,33.25082127049245,12.901094624004365,-3.6410503656301163,4.571524210170539,6.73661370389787e-14
275.1643536177838,33.24141889178232,12.90219398986231,-3.6403474644691505,4.571903902597882,6.73661370389787e-14
275.16844996826813,33.23201648165955,12.903295301101235,-3.6396447969042818,4.572284620877143,5.0524602779234026e-14
275.1725458004054,33.22261404005928,12.90439856078184,-3.638942363464091,4.572666365044626,8.420767129872338e-14
275.17664111420834,33.21321156691666,12.905503771964803,-3.638240164677259,4.573049135136705,1.6841534259744677e-13
275.18073590969004,33.203809062166876,12.906610937710806,-3.6375382010725548,4.573432931189837,0.0
275.1848301868632,33.19440652574516,12.90772006108054,-3.636836473178848,4.57381775324054,1.0104920555846805e-13
275.1889239457408,33.18500395758679,12.908831145134686,-3.6361349815250943,4.574203601325419,1.1789073981821273e-13
275.19301718633534,33.17560135762702,12.909944192933931,-3.6354337266403474,4.574590475481146,-6.73661370389787e-14
275.19710990865957,33.166198725801216,12.911059207538958,-3.634732709053756,4.574978375744458,3.368306851948935e-14
275.2012021127261,33.15679606204472,12.912176192010458,-3.634031929294558,4.575367302152182,1.0104920555846805e-13
275.2052937985475,33.1473933662929,12.913295149409109,-3.633331387892089,4.575757254741205,6.73661370389787e-14
275.2093849661362,33.13799063848121,12.914416082795595,-3.6326310853757757,4.576148233548496,1.1789073981821273e-13
275.2134756155048,33.128587878545105,12.915538995230605,-3.631931022275137,4.576540238611091,0.0
275.2175657466655,33.11918508642006,12.916663889774826,-3.6312311991197905,4.576933269966098,1.0104920555846805e-13
275.2216553596308,33.10978226204159,12.91779076948894,-3.630531616439442,4.5773273276507025,8.420767129872338e-14
275.2257444544128,33.10037940534527,12.91891963743363,-3.6298322747638965,4.577722411702161,1.8525687685719145e-13
275.2298330310239,33.09097651626668,12.920050496669585,-3.629133174623043,4.578118522157803,6.73661370389787e-14
275.2339210894761,33.08157359474144,12.921183350257488,-3.6284343165468766,4.578515659055029,5.0524602779234026e-14
275.23800862978163,33.072170640705195,12.922318201258022,-3.6277357010654745,4.578913822431309,-5.0524602779234026e-14
275.24209565195235,33.06276765409364,12.923455052731882,-3.627037328709018,4.579313012324192,1.1789073981821273e-13
275.2461821560005,33.05336463484248,12.924593907739737,-3.62633920000777,4.579713228771298,1.347322740779574e-13
275.2502681419379,33.043961582887476,12.925734769342284,-3.6256413154920955,4.5801144718103215,1.6841534259744676e-14
275.2543536097764,33.034558498164415,12.926877640600202,-3.624943675692449,4.580516741479016,1.6841534259744676e-14
275.25843855952786,33.025155380609085,12.928022524574184,-3.6242462811393814,4.580920037815222,5.0524602779234026e-14
275.2625229912041,33.015752230157375,12.929169424324904,-3.623549132363535,4.581324360856849,3.368306851948935e-14
275.2666069048167,33.006349046745136,12.930318342913052,-3.6228522298956456,4.58172971064187,3.368306851948935e-14
275.27069030037745,32.99694583030828,12.931469283399316,-3.6221555742665417,4.582136087208343,-3.368306851948935e-14
275.2747731778979,32.987542580782765,12.932622248844378,-3.6214591660071473,4.582543490594386,-1.6841534259744676e-14
275.2788555373895,32.978139298104566,12.93377724230892,-3.6207630056484783,4.582951920838192,1.515738083377021e-13
275.28293737886395,32.96873598220968,12.934934266853633,-3.6200670937216417,4.583361377978032,8.420767129872338e-14
275.28701870233255,32.95933263303417,12.936093325539202,-3.6193714307578397,4.583771862052241,1.347322740779574e-13
275.29109950780673,32.94992925051409,12.937254421426303,-3.6186760172883714,4.584183373099229,1.0104920555846805e-13
