galstreams/tracks/track.st.New-19.ibata2024.ecsv
# %ECSV 1.0
# ---
# datatype:
# - {name: ra, unit: deg, datatype: float64}
# - {name: dec, unit: deg, datatype: float64}
# - {name: distance, unit: kpc, datatype: float64}
# - {name: pm_ra_cosdec, unit: mas / yr, datatype: float64}
# - {name: pm_dec, unit: mas / yr, datatype: float64}
# - {name: radial_velocity, unit: km / s, datatype: float64}
# delimiter: ','
# meta: !!omap
# - __serialized_columns__:
#     dec:
#       __class__: astropy.coordinates.angles.Latitude
#       unit: &id001 !astropy.units.Unit {unit: deg}
#       value: !astropy.table.SerializedColumn {name: dec}
#     distance:
#       __class__: astropy.coordinates.distances.Distance
#       unit: !astropy.units.Unit {unit: kpc}
#       value: !astropy.table.SerializedColumn {name: distance}
#     pm_dec:
#       __class__: astropy.units.quantity.Quantity
#       unit: !astropy.units.Unit {unit: mas / yr}
#       value: !astropy.table.SerializedColumn {name: pm_dec}
#     pm_ra_cosdec:
#       __class__: astropy.units.quantity.Quantity
#       unit: !astropy.units.Unit {unit: mas / yr}
#       value: !astropy.table.SerializedColumn {name: pm_ra_cosdec}
#     ra:
#       __class__: astropy.coordinates.angles.Longitude
#       unit: *id001
#       value: !astropy.table.SerializedColumn {name: ra}
#       wrap_angle: !astropy.coordinates.Angle
#         unit: *id001
#         value: 360.0
#     radial_velocity:
#       __class__: astropy.units.quantity.Quantity
#       unit: !astropy.units.Unit {unit: km / s}
#       value: !astropy.table.SerializedColumn {name: radial_velocity}
# schema: astropy-2.0
ra,dec,distance,pm_ra_cosdec,pm_dec,radial_velocity
[from data line 428]
222.3181679273836,35.54329976546935,0.9999999999999997,-3.2906940895526304,-3.9747310009654484,7338.422482785816
222.3243196379089,35.55045390229763,0.9999999999999997,-3.2915298790114775,-3.9790137025333934,7411.455834031666
222.3304625201299,35.55761146050771,0.9999999999999999,-3.2923743713696467,-3.9832898539397092,7484.9533784929745
222.33659642561213,35.564772496784244,0.9999999999999996,-3.2932275896872625,-3.987559437279515,7558.91654195333
222.34272120588236,35.571937067840274,0.9999999999999997,-3.294089556987501,-3.991822434655205,7633.346750196312
222.34883671242855,35.57910523041719,0.9999999999999996,-3.294960296260001,-3.9960788281742907,7708.245429005507
222.35494279669967,35.586277041284625,0.9999999999999997,-3.295839830460295,-4.000328599952695,7783.614004164498
222.36103931010544,35.5934525572403,0.9999999999999996,-3.296728182506854,-4.004571732111799,7859.453901456861
222.36712610401625,35.600631835109965,0.9999999999999996,-3.297625375284838,-4.008808206780714,7935.766546666189
222.373203029763,35.60781493174735,0.9999999999999997,-3.298531431644733,-4.013038006096963,8012.553365576054
222.37926993863698,35.61500190403394,0.9999999999999998,-3.2994463744031464,-4.017261112204437,8089.815783970049
222.38532668188947,35.62219280887893,0.9999999999999998,-3.3003702263403056,-4.021477507255213,8167.5552276317585
222.39137311073193,35.62938770321915,0.9999999999999997,-3.301303010204947,-4.025687173409096,8245.77312234475
222.39740907633552,35.63658664401886,0.9999999999999996,-3.3022447487088584,-4.029890092833398,8324.470893892625
222.40343442983104,35.64378968826975,0.9999999999999997,-3.3031954645313135,-4.034086247705432,8403.64996805895
222.40944902230865,35.650996892990705,0.9999999999999997,-3.304155180315888,-4.038275620209333,8483.311770627322
222.41545270481802,35.658208315227796,0.9999999999999996,-3.305123918675122,-4.042458192539243,8563.457727381321
222.4214453283677,35.665424012054075,0.9999999999999997,-3.3061017021835823,-4.046633946896236,8644.089264104517
222.4274267439252,35.67264404056951,0.9999999999999997,-3.3070885533858245,-4.050802865492528,8725.207806580514
222.43339680241667,35.67986845790083,0.9999999999999998,-3.3080844947891137,-4.054964930548749,8806.814780592878
222.43935535472693,35.6870973212014,0.9999999999999997,-3.309089548870361,-4.059120124294168,8888.911611925207
222.445302251699,35.694330687651124,0.9999999999999998,-3.310103738070552,-4.063268428968513,8971.499726361068
222.451237344134,35.70156861445628,0.9999999999999997,-3.3111270847967944,-4.067409826822427,9054.58054968405
222.45716048279107,35.70881115884939,0.9999999999999996,-3.312159611425841,-4.071544300114056,9138.155507677744
222.463071518387,35.71605837808912,0.9999999999999998,-3.3132013402978373,-4.075671831113482,9222.226026125716
222.46897030159616,35.72331032946011,0.9999999999999996,-3.3142522937212107,-4.079792402100907,9306.79353081157
222.47485668305012,35.73056707027284,0.9999999999999996,-3.315312493971078,-4.08390599536699,9391.85944751888
222.48073051333762,35.73782865786352,0.9999999999999996,-3.316381963289018,-4.088012593213307,9477.42520203122
222.4865916430043,35.745095149593894,0.9999999999999997,-3.3174607238840963,-4.092112177952572,9563.49222013219
222.49243992255242,35.75236660285116,0.9999999999999997,-3.318548797931726,-4.096204731908188,9650.061927605355
222.49827520244077,35.75964307504779,0.9999999999999996,-3.3196462075759428,-4.100290237415948,9737.13575023431
222.50409733308425,35.766924623621364,0.9999999999999999,-3.320752974926677,-4.104368676822446,9824.715113802642
222.50990616485385,35.774211306034445,0.9999999999999998,-3.321869122060889,-4.108440032486328,9912.801444093917
222.51570154807635,35.78150317977445,0.9999999999999998,-3.322994671025299,-4.112504286778403,10001.396166891733
222.52148333303404,35.78880030235343,0.9999999999999999,-3.3241296438314976,-4.116561422081759,10090.50070797966
222.52725136996457,35.796102731308004,0.9999999999999998,-3.325274062459812,-4.120611420792329,10180.116493141302
222.53300550906067,35.8034105241991,0.9999999999999998,-3.32642794885885,-4.124654265317986,10270.244948160218
222.53874560046992,35.81072373861189,0.9999999999999998,-3.3275913249437963,-4.128689938080242,10360.887498820006
222.54447149429453,35.818042432155536,0.9999999999999998,-3.3287642125987986,-4.1327184215126636,10452.045570904245
222.55018304059107,35.82536666246313,0.9999999999999997,-3.3299466336764,-4.1367396980638205,10543.720590196519
222.55588008937025,35.832696487191434,0.9999999999999997,-3.3311386099962874,-4.140753750194335,10635.913982480417
222.5615624905966,35.84003196402076,0.9999999999999997,-3.3323401633443837,-4.144760560379154,10728.627173539511
222.56723009418846,35.8473731506548,0.9999999999999997,-3.333551315479667,-4.148760111107549,10821.86158915739
222.5728827500173,35.854720104820416,0.9999999999999998,-3.3347720881251917,-4.15275238488266,10915.61865511762
222.57852030790798,35.86207288426755,0.9999999999999997,-3.336002502975134,-4.156737364222181,11009.899797203816
222.584142617638,35.869431546768936,0.9999999999999999,-3.3372425816907025,-4.160715031658128,11104.706441199545
222.5897495289377,35.87679615012001,0.9999999999999998,-3.338492345903205,-4.164685369738436,11200.040012888381
222.5953408914895,35.88416675213867,0.9999999999999997,-3.3397518172105265,-4.1686483610239975,11295.90193805392
222.60091655492818,35.89154341066517,0.9999999999999997,-3.341021017180651,-4.1726039880948065,11392.293642479735
222.60647636884013,35.89892618356182,0.9999999999999997,-3.3422999673523464,-4.176552233541543,11489.216551949417
222.6120201827634,35.90631512871292,1.0,-3.343588689230387,-4.1804930799748945,11586.672092246557
222.61754784618722,35.913710304024505,0.9999999999999999,-3.3448872042902167,-4.184426510019875,11684.661689154722
222.6230592085519,35.92111176742416,1.0,-3.346195533976015,-4.188352506317642,11783.186768457486
222.6285541192484,35.928519576860836,0.9999999999999999,-3.347513699701949,-4.192271051526177,11882.248755938464
222.6340324276182,35.93593379030466,0.9999999999999999,-3.348841722852285,-4.196182128319833,11981.849077381217
222.6394939829528,35.94335446574671,1.0,-3.350179624778775,-4.200085719390927,12081.989158569339
222.64493863449366,35.950781661198874,0.9999999999999997,-3.3515274268033863,-4.2039818074481445,12182.6704252864
222.65036623143178,35.95821543469358,0.9999999999999999,-3.3528851502192083,-4.207870375217226,12283.894303315985
222.65577662290744,35.965655844283646,0.9999999999999999,-3.354252816289545,-4.211751405442101,12385.662218441686
222.6611696580099,35.97310294804204,1.0,-3.355630446244959,-4.2156248808860255,12487.975596447088
222.6665451857771,35.9805568040617,0.9999999999999999,-3.3570180612878175,-4.219490784328173,12590.835863115763
222.67190305519537,35.9880174704553,0.9999999999999999,-3.3584156825927494,-4.223349098567724,12694.244444231312
222.6772431151991,35.99548500535504,1.0,-3.359823331299367,-4.227199806420003,12798.20276557728
222.6825652146705,36.00295946691249,0.9999999999999999,-3.361241028522727,-4.2310428907237565,12902.71225293729
222.68786920243917,36.010440913298275,1.0,-3.3626687953460532,-4.234878334333644,13007.774332094914
222.69315492728194,36.017929402701924,1.0,-3.364106652823466,-4.238706120123197,13113.390428833723
222.69842223792233,36.02542499333163,0.9999999999999999,-3.3655546219792996,-4.242526230987778,13219.561968937318
222.70367098303058,36.032927743414064,1.0,-3.3670127238099212,-4.246338649842983,13326.290378189253
222.70890101122296,36.04043771119406,1.0,-3.3684809792830492,-4.250143359621461,13433.577082373153
222.71411217106166,36.04795495493449,1.0,-3.369959409335479,-4.253940343279282,13541.42350727257
222.71930431105443,36.05547953291598,1.0,-3.371448034875357,-4.25772958379207,13649.831078671094
222.7244772796542,36.06301150343669,1.0,-3.3729468767849085,-4.261511064155684,13758.80122235231
222.7296309252588,36.070550924812096,1.0,-3.3744559559143,-4.2652847673884935,13868.33536409979
222.7347650962106,36.07809785537471,1.0,-3.375975293086185,-4.269050676529787,13978.434929697149
222.73987964079612,36.08565235347389,1.0,-3.3775049090952507,-4.27280877464068,14089.101344927934
222.74497440724585,36.09321447747561,1.0,-3.379044824708444,-4.276559044804571,14200.336035575747
222.75004924373368,36.100784285762145,1.0,-3.3805950606633814,-4.280301470125778,14312.140427424167
222.75510399837682,36.10836183673192,1.0,-3.382155637671076,-4.284036033733173,14424.515946256768
222.7601385192351,36.11594718879919,1.0,-3.383726576412755,-4.287762718777003,14537.464017857154
222.76515265431098,36.12354040039383,1.0,-3.3853078975416793,-4.291481508430479,14650.986068008891
222.77014625154897,36.13114152996106,1.0000000000000002,-3.38689962168678,-4.295192385890914,14765.083522495568
222.7751191588353,36.138750635961244,1.0000000000000002,-3.3885017694442467,-4.298895334379495,14879.75780710077
222.7800712239977,36.14636777686957,1.0,-3.390114361388896,-4.3025903371401455,14995.010347608068
222.78500229480474,36.15399301117581,1.0,-3.391737418060984,-4.30627737744112,15110.842569801058
222.78991221896578,36.16162639738411,1.0000000000000002,-3.3933709599796202,-4.309956438576364,15227.255899463322
222.79480084413046,36.16926799401267,1.0,-3.395015007634356,-4.313627503862563,15344.251762378442
222.79966801788825,36.176917859593495,1.0,-3.3966695814856394,-4.317290556642774,15461.831584329999
222.8045135877682,36.184576052672156,1.0,-3.3983347019720895,-4.320945580285525,15579.996791101561
222.80933740123857,36.192242631807495,1.0000000000000002,-3.4000103895000393,-4.324592558183895,15698.74880847674
222.8141393057062,36.19991765557137,1.0000000000000004,-3.401696664451947,-4.328231473757796,15818.089062239107
222.81891914851653,36.207601182548316,1.0000000000000004,-3.4033935471841232,-4.331862310451015,15938.018978172244
222.82367677695285,36.21529327133542,1.0000000000000004,-3.4051010580269576,-4.335485051737805,16058.539982059727
222.82841203823608,36.22299398054188,1.0000000000000004,-3.406819217279235,-4.339099681114476,16179.653499685139
222.83312477952438,36.230703368788845,1.0000000000000002,-3.408548045221778,-4.342706182106895,16301.360956832075
222.83781484791265,36.23842149470906,1.0000000000000002,-3.4102875621035764,-4.346304538268441,16423.663779284117
222.8424820904322,36.24614841694663,1.0000000000000004,-3.4120377881476998,-4.349894733179781,16546.563392824846
222.84712635405043,36.253884194156676,1.0000000000000002,-3.4137987435542527,-4.353476750448181,16670.061223237837
222.85174748567022,36.2616288850051,1.0000000000000004,-3.415570448497192,-4.357050573708193,16794.158696306673
222.8563453321296,36.26938254816834,1.0000000000000002,-3.417352923120461,-4.360616186628022,16918.85723781495
222.86091974020147,36.27714524233292,1.0000000000000002,-3.419146187549586,-4.364173572898608,17044.158273546243
222.865470556593,36.28491702619529,1.0000000000000002,-3.4209502618798524,-4.3677227162415875,17170.063229284133
222.86999762794534,36.2926979584615,1.0000000000000004,-3.422765166181307,-4.371263600410657,17296.573530812213
222.87450080083303,36.30048809784689,1.0000000000000002,-3.424590920501487,-4.374796209185888,17423.690603914045
222.87897992176383,36.30828750307577,1.0000000000000004,-3.426427544861326,-4.378320526379639,17551.415874373237
222.88343483717804,36.31609623288114,1.0000000000000004,-3.4282750592574303,-4.381836535831781,17679.75076797336
222.88786539344818,36.32391434600438,1.0000000000000004,-3.430133483660711,-4.385344221414016,17808.696710497992
222.89227143687853,36.33174190119493,1.0000000000000004,-3.4320028380175245,-4.3888435670305626,17938.255127730732
222.89665281370475,36.33957895721001,1.0000000000000004,-3.4338831422530802,-4.392334556614514,18068.427445455138
222.9010093700934,36.34742557281426,1.0000000000000004,-3.4357744162634845,-4.395817174131935,18199.21508945482
222.90534095214136,36.35528180677943,1.0000000000000004,-3.4376766799230154,-4.39929140357799,18330.619485513347
222.90964740587563,36.36314771788413,1.0000000000000004,-3.4395899530816223,-4.402757228983319,18462.642059414306
222.91392857725268,36.371023364913434,1.0000000000000004,-3.4415142555649254,-4.406214634409935,18595.284236941276
222.9181843121581,36.37890880665855,1.0000000000000007,-3.4434496071762624,-4.409663603950776,18728.547443877833
222.9224144564061,36.38680410191658,1.0000000000000007,-3.4453960276932776,-4.41310412173334,18862.43310600758
222.92661885573904,36.39470930949012,1.0000000000000007,-3.4473535368699686,-4.416536171919461,18996.942649114088
222.9307973558269,36.402624488186916,1.0000000000000004,-3.4493221544375956,-4.419959738701891,19132.07749898094
222.9349498022671,36.410549696819615,1.0000000000000007,-3.4513019001071825,-4.423374806309539,19267.839081391725
222.9390760405836,36.41848499420535,1.0000000000000009,-3.4532927935606494,-4.426781359004053,19404.228822130004
222.94317591622666,36.42643043916544,1.0000000000000009,-3.4552948544605897,-4.430179381083235,19541.24814697939
222.94724927457247,36.43438609052505,1.0000000000000007,-3.457308102444813,-4.433568856879219,19678.898481723452
222.9512959609224,36.44235200711283,1.0000000000000007,-3.4593325571304376,-4.436949770758474,19817.181252145783
222.9553158205028,36.450328247760616,1.0000000000000007,-3.461368238112982,-4.440322107126121,19956.097884029943
222.95930869846418,36.458314871302996,1.0000000000000007,-3.4634151649609066,-4.4436858504182055,20095.64980315953
222.96327443988105,36.46631193657708,1.0000000000000007,-3.4654733572222085,-4.447040985112835,20235.83843531815
222.96721288975115,36.47431950242201,1.0000000000000009,-3.4675428344257853,-4.450387495717223,20376.66520628934
222.9711238929952,36.48233762767877,1.0000000000000007,-3.4696236160725675,-4.4537253667849654,20518.131541856714
222.9750072944562,36.490366371189666,1.0000000000000007,-3.4717157216487067,-4.457054582899218,20660.238867803822
222.97886293889894,36.498405791798085,1.0000000000000007,-3.4738191706107955,-4.460375128683609,20802.988609914308
222.98269067100975,36.506455948348076,1.0000000000000007,-3.4759339823999653,-4.4636869888004185,20946.3821939717
222.98649033539553,36.51451689968401,1.0000000000000009,-3.478060176433246,-4.4669901479487635,21090.42104575961
222.99026177658362,36.52258870465018,1.0000000000000009,-3.4801977721028834,-4.470284590866868,21235.106591061605
222.99400483902122,36.5306714220905,1.000000000000001,-3.4823467887881634,-4.473570302333883,21380.440255661266
222.99771936707464,36.53876511084804,1.0000000000000009,-3.4845072458404047,-4.476847267162611,21526.42346534219
223.00140520502902,36.54686982976478,1.000000000000001,-3.4866791625897804,-4.480115470213605,21673.057645887955
223.00506219708768,36.554985637681085,1.0000000000000009,-3.4888625583500925,-4.483374896381065,21820.344223082157
223.00869018737168,36.563112593435434,1.0000000000000009,-3.491057452411951,-4.486625530601941,21968.284622708346
223.0122890199191,36.57125075586401,1.000000000000001,-3.4932638640443656,-4.4898673578532,22116.880270550122
223.01585853868474,36.5794001838003,1.0000000000000009,-3.495481812496564,-4.493100363154099,22266.13259239108
223.0193985875394,36.58756093607474,1.0000000000000009,-3.497711316998675,-4.496324531564369,22416.043014014787
223.02290901026936,36.59573307151428,1.0000000000000009,-3.499952396757635,-4.4995398481851225,22566.612961204846
223.0263896505759,36.60391664894204,1.000000000000001,-3.5022050709651467,-4.502746298160673,22717.843859744815
223.02984035207473,36.612111727176924,1.000000000000001,-3.504469358788583,-4.505943866677626,22869.73713541828
223.0332609582954,36.62031836503315,1.0000000000000013,-3.5067452793803113,-4.509132538965332,23022.294214008845
223.0366513126806,36.62853662131993,1.0000000000000013,-3.5090328518654132,-4.51231230029498,23175.516521300084
223.040011258586,36.63676655484104,1.000000000000001,-3.5113320953582843,-4.515483135983686,23329.40548307557
