galstreams/tracks/track.st.Ylgr.ibata2024.ecsv
# %ECSV 1.0
# ---
# datatype:
# - {name: ra, unit: deg, datatype: float64}
# - {name: dec, unit: deg, datatype: float64}
# - {name: distance, unit: kpc, datatype: float64}
# - {name: pm_ra_cosdec, unit: mas / yr, datatype: float64}
# - {name: pm_dec, unit: mas / yr, datatype: float64}
# - {name: radial_velocity, unit: km / s, datatype: float64}
# delimiter: ','
# meta: !!omap
# - __serialized_columns__:
#     dec:
#       __class__: astropy.coordinates.angles.Latitude
#       unit: &id001 !astropy.units.Unit {unit: deg}
#       value: !astropy.table.SerializedColumn {name: dec}
#     distance:
#       __class__: astropy.coordinates.distances.Distance
#       unit: !astropy.units.Unit {unit: kpc}
#       value: !astropy.table.SerializedColumn {name: distance}
#     pm_dec:
#       __class__: astropy.units.quantity.Quantity
#       unit: !astropy.units.Unit {unit: mas / yr}
#       value: !astropy.table.SerializedColumn {name: pm_dec}
#     pm_ra_cosdec:
#       __class__: astropy.units.quantity.Quantity
#       unit: !astropy.units.Unit {unit: mas / yr}
#       value: !astropy.table.SerializedColumn {name: pm_ra_cosdec}
#     ra:
#       __class__: astropy.coordinates.angles.Longitude
#       unit: *id001
#       value: !astropy.table.SerializedColumn {name: ra}
#       wrap_angle: !astropy.coordinates.Angle
#         unit: *id001
#         value: 360.0
#     radial_velocity:
#       __class__: astropy.units.quantity.Quantity
#       unit: !astropy.units.Unit {unit: km / s}
#       value: !astropy.table.SerializedColumn {name: radial_velocity}
# schema: astropy-2.0
ra,dec,distance,pm_ra_cosdec,pm_dec,radial_velocity
[from data line 3571]
176.83494528828118,-29.660151474237367,1.000000000000001,-0.4721791620239886,-6.480610784044728,338.93107614565866
176.8391387267604,-29.669422860335352,1.0000000000000009,-0.4721419438491634,-6.479186219517349,338.9485133609608
176.8433338555628,-29.67869382794495,1.0000000000000009,-0.4721043597909351,-6.477761604463527,338.9659694323006
176.8475306764117,-29.687964376566434,1.0000000000000009,-0.47206640949338485,-6.476336938782428,338.9834443864464
176.85172919103098,-29.69723450569985,1.0000000000000009,-0.4720280926004876,-6.474912222372961,339.0009382501667
176.85592940114535,-29.7065042148449,1.000000000000001,-0.47198940875635387,-6.473487455134126,339.0184510502293
176.86013130848016,-29.715773503501065,1.0000000000000009,-0.47195035760508164,-6.472062636964768,339.0359828134025
176.86433491476157,-29.725042371167504,1.000000000000001,-0.4719109387908529,-6.470637767763609,339.0535335664547
176.8685402217164,-29.73431081734311,1.0000000000000009,-0.4718711519578225,-6.469212847429386,339.07110333615367
176.87274723107217,-29.74357884152649,1.000000000000001,-0.4718309967502492,-6.467787875860633,339.08869214926824
176.87695594455718,-29.752846443215983,1.000000000000001,-0.4717904728123452,-6.466362852955921,339.106300032566
176.88116636390038,-29.76211362190964,1.000000000000001,-0.4717495797884208,-6.46493777861361,339.12392701281556
176.88537849083156,-29.77138037710523,1.0000000000000009,-0.4717083173228347,-6.463512652732081,339.14157311678497
176.88959232708106,-29.780646708300218,1.0000000000000009,-0.47166668505991716,-6.462087475209582,339.1592383712425
176.89380787438014,-29.789912614991817,1.0000000000000009,-0.47162468264410196,-6.4606622459442775,339.17692280295637
176.89802513446062,-29.799178096676957,1.0000000000000009,-0.4715823097198255,-6.459236964834261,339.19462643869474
176.9022441090551,-29.808443152852252,1.000000000000001,-0.47153956593155444,-6.457811631777503,339.21234930522587
176.90646479989692,-29.81770778301407,1.0000000000000009,-0.471496450923822,-6.456386246671961,339.2300914293177
176.91068720872016,-29.82697198665847,1.0000000000000009,-0.471452964341172,-6.454960809415422,339.2478528377387
176.91491133725958,-29.836235763281234,1.0000000000000009,-0.4714091058281964,-6.453535319905654,339.2656335572571
176.91913718725067,-29.84549911237788,1.0000000000000009,-0.47136487502952873,-6.452109778040281,339.28343361464107
176.92336476042965,-29.854762033443595,1.0000000000000009,-0.4713202715898195,-6.450684183716891,339.3012530366587
176.9275940585335,-29.864024525973303,1.0000000000000009,-0.4712752951538026,-6.449258536832993,339.3190918500782
176.93182508329988,-29.873286589461667,1.0000000000000009,-0.47122994536619034,-6.44783283728594,339.3369500816678
176.9360578364672,-29.88254822340303,1.0000000000000009,-0.47118422187177433,-6.446407084973078,339.35482775819594
176.9402923197746,-29.891809427291467,1.000000000000001,-0.47113812431539337,-6.444981279791577,339.3727249064307
176.94452853496196,-29.901070200620744,1.0000000000000009,-0.4710916523418822,-6.443555421638624,339.39064155314
176.94876648376987,-29.910330542884374,1.0000000000000009,-0.4710448055961467,-6.442129510411231,339.40857772509236
176.9530061679396,-29.919590453575548,1.0000000000000009,-0.47099758372312106,-6.440703546006375,339.42653344905585
176.95724758921327,-29.928849932187187,1.000000000000001,-0.47094998636778085,-6.43927752832095,339.4445087517989
176.96149074933362,-29.938108978211925,1.000000000000001,-0.47090201317515845,-6.437851457251703,339.4625036600892
176.96573565004414,-29.947367591142115,1.000000000000001,-0.4708536637902716,-6.43642533269535,339.4805182006956
176.96998229308912,-29.956625770469792,1.0000000000000009,-0.47080493785824284,-6.434999154548482,339.49855240038585
176.97423068021348,-29.965883515686713,1.0000000000000009,-0.47075583502418494,-6.433572922707665,339.5166062859282
176.97848081316295,-29.975140826284377,1.0000000000000009,-0.47070635493326485,-6.4321466370692555,339.53467988409125
176.98273269368397,-29.984397701753927,1.0000000000000009,-0.4706564972307161,-6.430720297529671,339.55277322164284
176.98698632352367,-29.99365414158628,1.000000000000001,-0.47060626156178786,-6.4292939039851404,339.5708863253511
176.99124170443002,-30.002910145272047,1.000000000000001,-0.47055564757177804,-6.427867456331818,339.58901922198453
176.99549883815158,-30.012165712301528,1.000000000000001,-0.4705046549059868,-6.4264409544657894,339.6071719383111
176.9997577264377,-30.02142084216472,1.000000000000001,-0.47045328320980007,-6.425014398283068,339.625344501099
177.0040183710386,-30.030675534351378,1.0000000000000009,-0.47040153212867075,-6.423587787679491,339.64353693711683
177.008280773705,-30.039929788350914,1.0000000000000009,-0.47034940130800384,-6.422161122550936,339.66174927313233
177.01254493618848,-30.049183603652494,1.0000000000000009,-0.47029689039329536,-6.420734402793073,339.67998153591395
177.01681086024138,-30.058436979744926,1.0000000000000009,-0.47024399903011194,-6.41930762830156,339.6982337522297
177.02107854761675,-30.06768991611681,1.0000000000000009,-0.47019072686402863,-6.417880798971929,339.716505948848
177.02534800006836,-30.07694241225637,1.000000000000001,-0.4701370735406494,-6.416453914699627,339.73479815253705
177.02961921935068,-30.086194467651598,1.000000000000001,-0.47008303870561496,-6.415026975379984,339.75311039006493
177.03389220721903,-30.09544608179014,1.000000000000001,-0.470028622004687,-6.4135999809083515,339.7714426881999
177.03816696542933,-30.104697254159397,1.000000000000001,-0.46997382308353997,-6.412172931179825,339.78979507371014
177.04244349573835,-30.113947984246437,1.0000000000000009,-0.4699186415880203,-6.410745826089549,339.8081675733637
177.04672179990354,-30.123198271538058,1.0000000000000009,-0.4698630771639092,-6.409318665532464,339.8265602139292
177.05100187968313,-30.13244811552073,1.0000000000000009,-0.46980712945711023,-6.407891449403532,339.8449730221746
177.05528373683603,-30.141697515680658,1.000000000000001,-0.4697507981135156,-6.406464177597499,339.863406024868
177.05956737312195,-30.15094647150374,1.0000000000000009,-0.46969408277910585,-6.40503685000915,339.88185924877786
177.06385279030133,-30.160194982475574,1.0000000000000009,-0.4696369830998517,-6.403609466533119,339.90033272067205
177.06813999013528,-30.169443048081455,1.0000000000000009,-0.46957949872179494,-6.402182027063883,339.9188264673191
177.0724289743857,-30.17869066780639,1.0000000000000009,-0.46952162929101293,-6.400754531495959,339.93734051548705
177.07671974481534,-30.1879378411351,1.000000000000001,-0.46946337445366826,-6.399326979723654,339.95587489194423
177.0810123031875,-30.19718456755197,1.0000000000000009,-0.4694047338559213,-6.397899371641238,339.97442962345866
177.08530665126634,-30.206430846541117,1.0000000000000009,-0.4693457071439586,-6.396471707142922,339.9930047367986
177.08960279081674,-30.215676677586348,1.000000000000001,-0.46928629396404986,-6.395043986122715,340.01160025873247
177.09390072360432,-30.224922060171185,1.0000000000000009,-0.46922649396253613,-6.393616208474647,340.0302162160281
177.09820045139546,-30.234166993778825,1.000000000000001,-0.4691663067856986,-6.392188374092594,340.048852635454
177.1025019759572,-30.243411477892174,1.0000000000000009,-0.4691057320799623,-6.390760482870377,340.0675095437784
177.10680529905747,-30.25265551199384,1.0000000000000009,-0.46904476949174434,-6.389332534701669,340.0861869677692
177.11111042246486,-30.261899095566136,1.0000000000000009,-0.4689834186675519,-6.387904529480117,340.10488493419484
177.11541734794866,-30.271142228091072,1.0000000000000007,-0.4689216792538753,-6.386476467099204,340.1236034698234
177.11972607727898,-30.28038490905033,1.000000000000001,-0.4688595508972875,-6.385048347452372,340.1423426014235
177.12403661222672,-30.289627137925326,1.0000000000000009,-0.46879703324442223,-6.383620170432977,340.1611023557627
177.12834895456336,-30.298868914197165,1.000000000000001,-0.4687341259419098,-6.382191935934184,340.17988275960954
177.13266310606133,-30.30811023734663,1.0000000000000009,-0.46867082863648735,-6.380763643849207,340.1986838397321
177.13697906849367,-30.317351106854215,1.000000000000001,-0.4686071409748669,-6.379335294071048,340.217505622899
177.14129684363417,-30.326591522200093,1.0000000000000009,-0.4685430626038496,-6.377906886492699,340.2363481358779
177.14561643325743,-30.335831482864183,1.0000000000000009,-0.46847859317026375,-6.376478421006979,340.2552114054372
177.14993783913883,-30.345070988326025,1.0000000000000009,-0.46841373232103134,-6.375049897506663,340.2740954583453
177.15426106305438,-30.354310038064924,1.0000000000000009,-0.4683484797030535,-6.37362131588441,340.29300032137024
177.15858610678092,-30.363548631559834,1.0000000000000009,-0.4682828349633157,-6.372192676032821,340.31192602128016
177.16291297209605,-30.372786768289412,1.0000000000000009,-0.4682167977488412,-6.370763977844369,340.33087258484323
177.16724166077807,-30.382024447732018,1.000000000000001,-0.4681503677067034,-6.369335221211415,340.34984003882784
177.17157217460607,-30.391261669365715,1.000000000000001,-0.4680835444839948,-6.367906406026236,340.3688284100022
177.1759045153599,-30.40049843266823,1.0000000000000009,-0.468016327727907,-6.366477532181062,340.38783772513443
177.1802386848201,-30.409734737116995,1.0000000000000009,-0.46794871708562047,-6.365048599567938,340.4068680109926
177.18457468476802,-30.418970582189168,1.000000000000001,-0.4678807122044164,-6.363619608078892,340.42591929434525
177.18891251698577,-30.42820596736154,1.000000000000001,-0.4678123127315863,-6.3621905576058175,340.4449916019602
177.1932521832562,-30.437440892110633,1.0000000000000009,-0.46774351831447936,-6.360761448040517,340.46408496060604
177.19759368536288,-30.446675355912653,1.000000000000001,-0.4676743286005074,-6.359332279274678,340.4831993970507
177.20193702509013,-30.455909358243495,1.0000000000000009,-0.46760474323709555,-6.357903051199944,340.50233493806246
177.20628220422313,-30.465142898578726,1.0000000000000009,-0.4675347618717418,-6.3564737637078075,340.52149161040956
177.21062922454772,-30.474375976393645,1.0000000000000009,-0.4674643841519939,-6.35504441668968,340.54066944086014
177.21497808785048,-30.4836085911632,1.000000000000001,-0.4673936097254612,-6.353615010036879,340.55986845618247
177.21932879591884,-30.492840742362056,1.0000000000000009,-0.46732243823973674,-6.352185543640637,340.57908868314473
177.2236813505409,-30.502072429464548,1.000000000000001,-0.46725086934254856,-6.3507560173920545,340.5983301485152
177.22803575350554,-30.511303651944708,1.0000000000000009,-0.46717890268160867,-6.349326431182174,340.6175928790619
177.2323920066024,-30.520534409276273,1.0000000000000009,-0.4671065379046877,-6.347896784901888,340.63687690155314
177.23675011162192,-30.52976470093261,1.0000000000000009,-0.46703377465967,-6.346467078442089,340.65618224275715
177.24111007035523,-30.538994526386837,1.0000000000000009,-0.4669606125943737,-6.345037311693449,340.6755089294422
177.24547188459425,-30.54822388511174,1.0000000000000009,-0.4668870513567662,-6.343607484546599,340.6948569883765
177.24983555613173,-30.557452776579787,1.0000000000000009,-0.46681309059483134,-6.342177596892078,340.71422644632804
177.25420108676101,-30.566681200263115,1.000000000000001,-0.4667387299565857,-6.340747648620326,340.7336173300652
177.25856847827637,-30.575909155633592,1.0000000000000009,-0.46666396909011576,-6.339317639621655,340.75302966635616
177.26293773247272,-30.58513664216272,1.0000000000000009,-0.4665888076435216,-6.337887569786318,340.772463481969
177.2673088511458,-30.594363659321715,1.000000000000001,-0.46651324526502247,-6.336457439004441,340.79191880367216
177.2716818360921,-30.60359020658147,1.0000000000000009,-0.4664372816028459,-6.335027247166053,340.8113956582337
177.27605668910888,-30.612816283412574,1.0000000000000009,-0.46636091630523513,-6.333596994161081,340.8308940724218
177.28043341199415,-30.622041889285292,1.000000000000001,-0.4662841490205474,-6.332166679879343,340.85041407300486
177.28481200654664,-30.631267023669547,1.0000000000000009,-0.4662069793971604,-6.33073630421061,340.86995568675076
177.2891924745659,-30.640491686035,1.0000000000000009,-0.4661294070834985,-6.329305867044464,340.889518940428
177.29357481785226,-30.64971587585095,1.000000000000001,-0.4660514317280433,-6.327875368270483,340.9091038608047
177.29795903820676,-30.658939592586385,1.0000000000000009,-0.46597305297934444,-6.3264448077780635,340.9287104746489
177.30234513743125,-30.668162835709996,1.0000000000000009,-0.4658942704859603,-6.3250141854565385,340.948338808729
177.3067331173283,-30.677385604690127,1.000000000000001,-0.46581508389657245,-6.323583501195142,340.9679888898133
177.31112297970125,-30.68660789899483,1.000000000000001,-0.46573549285980276,-6.322152754883,340.98766074466965
177.31551472635428,-30.695829718091808,1.000000000000001,-0.4656554970244553,-6.320721946409122,341.0073544000665
177.31990835909224,-30.70505106144849,1.000000000000001,-0.46557509603927993,-6.319291075662438,341.02706988277214
177.3243038797208,-30.714271928531932,1.000000000000001,-0.4654942895531269,-6.317860142531757,341.0468072195545
177.3287012900464,-30.72349231880889,1.0000000000000009,-0.4654130772149241,-6.316429146905826,341.0665664371821
177.33310059187622,-30.732712231745833,1.0000000000000009,-0.4653314586735835,-6.314998088673235,341.08634756242276
177.3375017870182,-30.74193166680886,1.000000000000001,-0.465249433578105,-6.313566967722505,341.10615062204505
177.3419048772811,-30.75115062346376,1.000000000000001,-0.4651670015775524,-6.312135783942022,341.1259756428172
177.34630986447442,-30.760369101176025,1.000000000000001,-0.4650841623210433,-6.310704537220122,341.14582265150693
177.35071675040842,-30.76958709941079,1.0000000000000009,-0.4650009154577326,-6.309273227444997,341.16569167488296
177.35512553689415,-30.778804617632897,1.0000000000000009,-0.4649172606368075,-6.30784185450473,341.1855827397132
177.3595362257434,-30.78802165530685,1.000000000000001,-0.4648331975075646,-6.306410418287349,341.205495872766
177.36394881876873,-30.797238211896808,1.0000000000000009,-0.464748725719319,-6.304978918680739,341.2254311008096
177.36836331778355,-30.80645428686668,1.0000000000000009,-0.4646638449214233,-6.303547355572647,341.245388450612
177.37277972460194,-30.815669879679955,1.000000000000001,-0.4645785547633281,-6.302115728850797,341.26536794894173
177.3771980410388,-30.824884989799855,1.0000000000000009,-0.46449285489452086,-6.300684038402785,341.2853696225666
177.38161826890982,-30.834099616689265,1.0000000000000009,-0.46440674496448464,-6.299252284116044,341.30539349825517
177.3860404100314,-30.843313759810734,1.0000000000000009,-0.46432022462286726,-6.297820465877972,341.32543960277536
177.3904644662208,-30.852527418626522,1.000000000000001,-0.464233293519293,-6.296388583575812,341.34550796289574
177.39489043929598,-30.86174059259851,1.000000000000001,-0.46414595130345226,-6.2949566370967425,341.3655986053841
177.3993183310757,-30.870953281188267,1.0000000000000009,-0.4640581976251088,-6.293524626327848,341.3857115570088
177.4037481433795,-30.88016548385708,1.0000000000000009,-0.46397003213406096,-6.292092551156031,341.4058468445381
177.4081798780277,-30.889377200065844,1.0000000000000009,-0.4638814544801808,-6.290660411468146,341.42600449474025
177.41261353684138,-30.898588429275165,1.0000000000000009,-0.4637924643133906,-6.289228207150952,341.4461845343833
177.4170491216424,-30.907799170945307,1.0000000000000009,-0.4637030612836681,-6.287795938091065,341.46638699023555
177.42148663425343,-30.917009424536204,1.000000000000001,-0.46361324504102397,-6.286363604175008,341.48661188906533
177.42592607649783,-30.92621918950749,1.0000000000000009,-0.4635230152355656,-6.284931205289226,341.5068592576406
177.43036745019984,-30.93542846531841,1.000000000000001,-0.4634323715174111,-6.283498741320006,341.5271291227298
