galstreams/tracks/track.st.GD-1.ibata2021.ecsv
# %ECSV 1.0
# ---
# datatype:
# - {name: ra, unit: deg, datatype: float64}
# - {name: dec, unit: deg, datatype: float64}
# - {name: distance, unit: kpc, datatype: float64}
# - {name: pm_ra_cosdec, unit: mas / yr, datatype: float64}
# - {name: pm_dec, unit: mas / yr, datatype: float64}
# - {name: radial_velocity, unit: km / s, datatype: float64}
# delimiter: ','
# meta: !!omap
# - __serialized_columns__:
#     dec:
#       __class__: astropy.coordinates.angles.Latitude
#       unit: &id001 !astropy.units.Unit {unit: deg}
#       value: !astropy.table.SerializedColumn {name: dec}
#     distance:
#       __class__: astropy.coordinates.distances.Distance
#       unit: !astropy.units.Unit {unit: kpc}
#       value: !astropy.table.SerializedColumn {name: distance}
#     pm_dec:
#       __class__: astropy.units.quantity.Quantity
#       unit: !astropy.units.Unit {unit: mas / yr}
#       value: !astropy.table.SerializedColumn {name: pm_dec}
#     pm_ra_cosdec:
#       __class__: astropy.units.quantity.Quantity
#       unit: !astropy.units.Unit {unit: mas / yr}
#       value: !astropy.table.SerializedColumn {name: pm_ra_cosdec}
#     ra:
#       __class__: astropy.coordinates.angles.Longitude
#       unit: *id001
#       value: !astropy.table.SerializedColumn {name: ra}
#       wrap_angle: !astropy.coordinates.Angle
#         unit: *id001
#         value: 360.0
#     radial_velocity:
#       __class__: astropy.units.quantity.Quantity
#       unit: !astropy.units.Unit {unit: km / s}
#       value: !astropy.table.SerializedColumn {name: radial_velocity}
# schema: astropy-2.0
ra,dec,distance,pm_ra_cosdec,pm_dec,radial_velocity
[from data line 8803]
193.33060495982048,57.45457112210238,9.673518895220957,-8.030582803582583,-4.961642396608459,-179.96831023058715
193.34872429347308,57.457010467341476,9.674671704306954,-8.030282656305651,-4.958622324696481,-180.01756657166246
193.3668461695333,57.4594469891564,9.675824889844183,-8.029981361554483,-4.955602357919581,-180.06681970185065
193.38497058565693,57.46188068689291,9.676978451875847,-8.029678918963,-4.952582497316124,-180.11606962001875
193.4030975394972,57.464311559897325,9.678132390445152,-8.029375328165802,-4.94956274392503,-180.16531632503285
193.421227028705,57.46673960751652,9.6792867055953,-8.029070588798154,-4.946543098785728,-180.21455981576003
193.43935905092854,57.469164829097885,9.680441397369503,-8.028764700495998,-4.94352356293821,-180.26380009106668
193.45749360381376,57.471587223989346,9.681596465810967,-8.028457662895963,-4.940504137422972,-180.31303714981988
193.47563068500384,57.47400679153939,9.682751910962894,-8.028149475635336,-4.937484823281067,-180.36227099088606
193.49377029213963,57.47642353109704,9.683907732868496,-8.027840138352087,-4.934465621554064,-180.41150161313186
193.51191242285947,57.478837442011816,9.685063931570971,-8.027529650684883,-4.931446533284081,-180.46072901542402
193.5300570747991,57.48124852363386,9.686220507113534,-8.027218012273044,-4.928427559513746,-180.50995319662903
193.54820424559185,57.48365677531377,9.687377459539382,-8.026905222756588,-4.925408701286234,-180.55917415561387
193.56635393286862,57.48606219640278,9.688534788891731,-8.026591281776208,-4.922389959645229,-180.6083918912453
193.58450613425765,57.488464786252564,9.689692495213782,-8.02627618897328,-4.919371335634972,-180.65760640238943
193.6026608473848,57.49086454421543,9.690850578548737,-8.02595994398986,-4.916352830300206,-180.70681768791334
193.6208180698735,57.49326146964421,9.69200903893981,-8.0256425464687,-4.9133344446862,-180.7560257466838
193.63897779934453,57.49565556189224,9.6931678764302,-8.025323996053228,-4.910316179838766,-180.80523057756722
193.65714003341634,57.49804682031347,9.694327091063126,-8.025004292387557,-4.907298036804218,-180.85443217943057
193.67530476970472,57.50043524426231,9.695486682881779,-8.024683435116494,-4.904280016629425,-180.90363055114022
193.69347200582314,57.50282083309382,9.696646651929372,-8.024361423885523,-4.9012621203617455,-180.9528256915631
193.7116417393825,57.505203586163546,9.697806998249112,-8.024038258340838,-4.898244349049079,-181.00201759956562
193.72981396799128,57.5075835028276,9.6989677218842,-8.02371393812931,-4.895226703739833,-181.05120627401482
193.74798868925532,57.50996058244263,9.70012882287785,-8.023388462898485,-4.892209185482954,-181.1003917137769
193.76616590077825,57.51233482436586,9.701290301273264,-8.023061832296637,-4.889191795327884,-181.14957391771895
193.78434560016095,57.51470622795508,9.702452157113648,-8.02273404597271,-4.886174534324605,-181.19875288470752
193.80252778500196,57.51707479256857,9.703614390442207,-8.022405103576338,-4.883157403523601,-181.24792861360925
193.82071245289737,57.51944051756525,9.704777001302151,-8.022075004757864,-4.880140403975873,-181.29710110329066
193.83889960144072,57.521803402304506,9.705939989736683,-8.021743749168328,-4.8771235367329515,-181.34627035261883
193.8570892282231,57.52416344614636,9.707103355789009,-8.02141133645945,-4.874106802846864,-181.39543636046022
193.87528133083308,57.52652064845134,9.708267099502336,-8.02107776628367,-4.8710902033701675,-181.44459912568135
193.89347590685688,57.52887500858054,9.709431220919873,-8.020743038294103,-4.868073739355916,-181.4937586471491
193.9116729538781,57.53122652589563,9.71059572008482,-8.020407152144593,-4.865057411857694,-181.54291492373005
193.92987246947806,57.533575199758815,9.71176059704039,-8.020070107489648,-4.86204122192957,-181.592067954291
193.94807445123539,57.535921029532915,9.712925851829786,-8.019731903984516,-4.859025170626154,-181.64121773769847
193.9662788967264,57.538264014581216,9.71409148449621,-8.019392541285129,-4.856009259002544,-181.69036427281938
193.9844858035249,57.54060415426763,9.715257495082875,-8.019052019048111,-4.852993488114355,-181.73950755851996
194.00269516920218,57.54294144795662,9.716423883632984,-8.018710336930816,-4.849977859017708,-181.7886475936672
194.02090699132725,57.545275895013226,9.717590650189745,-8.018367494591288,-4.846962372769214,-181.83778437712803
194.03912126746638,57.54760749480301,9.718757794796362,-8.018023491688284,-4.843947030426026,-181.88691790776852
194.05733799518362,57.54993624669215,9.719925317496042,-8.01767832788126,-4.840931833045763,-181.93604818445587
194.0755571720404,57.55226215004733,9.721093218331992,-8.01733200283039,-4.837916781686581,-181.9851752060563
194.0937787955958,57.554585204235856,9.722261497347418,-8.016984516196553,-4.834901877407109,-182.03429897143704
194.1120028634064,57.55690540862559,9.723430154585522,-8.01663586764134,-4.8318871212664956,-182.08341947946425
194.1302293730263,57.5592227625849,9.724599190089517,-8.016286056827058,-4.828872514324386,-182.13253672900493
194.14845832200723,57.56153726548281,9.725768603902605,-8.015935083416712,-4.825858057640927,-182.1816507189256
194.16668970789834,57.56384891668887,9.726938396067991,-8.015582947074037,-4.822843752276762,-182.2307614480929
194.18492352824643,57.566157715573176,9.728108566628885,-8.015229647463466,-4.819829599293037,-182.2798689153737
194.20315978059583,57.568463661506456,9.72927911562849,-8.014875184250167,-4.816815599751383,-182.32897311963458
194.22139846248842,57.570766753859964,9.730450043110018,-8.014519557100003,-4.813801754713937,-182.3780740597422
194.23963957146356,57.57306699200551,9.731621349116663,-8.014162765679579,-4.810788065243344,-182.4271717345631
194.25788310505834,57.57536437531554,9.732793033691648,-8.01380480965619,-4.807774532402708,-182.47626614296445
194.27612906080716,57.577658903163,9.733965096878167,-8.013445688697866,-4.804761157255665,-182.52535728381224
194.2943774362422,57.579950574921476,9.735137538719428,-8.013085402473354,-4.801747940866319,-182.57444515597365
194.312628228893,57.58223938996507,9.736310359258638,-8.012723950652129,-4.798734884299282,-182.62352975831493
194.33088143628697,57.58452534766853,9.737483558539003,-8.012361332904375,-4.7957219886196265,-182.67261108970337
194.34913705594866,57.586808447407094,9.738657136603734,-8.011997548901007,-4.792709254892957,-182.72168914900504
194.36739508540055,57.58908868855666,9.739831093496033,-8.011632598313657,-4.789696684185333,-182.77076393508693
194.38565552216244,57.591366070493635,9.741005429259102,-8.0112664808147,-4.786684277563323,-182.81983544681583
194.40391836375184,57.59364059259505,9.742180143936153,-8.010899196077208,-4.783672036093967,-182.86890368305808
194.42218360768373,57.59591225423851,9.743355237570391,-8.010530743775004,-4.7806599608448,-182.91796864268062
194.44045125147076,57.59818105480217,9.744530710205021,-8.010161123582622,-4.77764805288384,-182.96703032454988
194.45872129262307,57.6004469936648,9.74570656188325,-8.009790335175335,-4.774636313279583,-183.01608872753272
194.47699372864835,57.60271007020575,9.746882792648284,-8.009418378229142,-4.771624743101018,-183.06514385049576
194.495268557052,57.604970283804924,9.74805940254333,-8.009045252420774,-4.768613343417604,-183.11419569230594
194.51354577533678,57.60722763384284,9.749236391611594,-8.008670957427693,-4.7656021152993,-183.16324425182952
194.5318253810032,57.60948211970057,9.750413759896285,-8.008295492928077,-4.762591059816524,-183.21228952793328
194.5501073715493,57.61173374075981,9.751591507440597,-8.007918858600874,-4.759580178040188,-183.261331519484
194.56839174447072,57.613982496402805,9.752769634287752,-8.007541054125728,-4.756569471041665,-183.31037022534844
194.58667849726055,57.616228386012395,9.753948140480949,-8.007162079183036,-4.75355893989283,-183.35940564439312
194.6049676274096,57.618471408972006,9.755127026063388,-8.006781933453938,-4.750548585666022,-183.40843777548457
194.62325913240628,57.6207115646657,9.756306291078289,-8.006400616620288,-4.747538409434035,-183.45746661748996
194.64155300973644,57.622948852478046,9.757485935568848,-8.006018128364698,-4.744528412270173,-183.50649216927548
194.65984925688366,57.625183271794235,9.758665959578273,-8.005634468370511,-4.7415185952481895,-183.555514429708
194.67814787132897,57.62741482200009,9.759846363149771,-8.005249636321812,-4.738508959442323,-183.6045333976542
194.69644885055112,57.62964350248198,9.761027146326551,-8.004863631903422,-4.735499505927269,-183.65354907198082
194.7147521920264,57.63186931262686,9.762208309151815,-8.004476454800905,-4.732490235778212,-183.70256145155437
194.73305789322865,57.63409225182229,9.763389851668771,-8.004088104700578,-4.729481150070786,-183.75157053524168
194.75136595162934,57.63631231945644,9.764571773920624,-8.00369858128948,-4.726472249881107,-183.80057632190938
194.76967636469755,57.63852951491806,9.765754075950579,-8.003307884255419,-4.723463536285754,-183.8495788104241
194.7879891298999,57.64074383759648,9.766936757801846,-8.002916013286919,-4.720455010361775,-183.89857799965262
194.8063042447007,57.64295528688165,9.768119819517631,-8.00252296807328,-4.717446673186672,-183.9475738884614
194.82462170656171,57.6451638621641,9.769303261141134,-8.002128748304534,-4.7144385258384345,-183.99656647571746
194.84294151294245,57.64736956283496,9.77048708271557,-8.001733353671451,-4.711430569395491,-184.04555576028693
194.86126366129997,57.64957238828596,9.771671284284139,-8.001336783865577,-4.708422804936742,-184.0945417410371
194.87958814908893,57.65177233790943,9.772855865890051,-8.000939038579178,-4.705415233541554,-184.1435244168343
194.89791497376157,57.6539694110983,9.77404082757651,-8.000540117505293,-4.702407856289742,-184.1925037865454
194.91624413276776,57.656163607246086,9.775226169386718,-8.000140020337705,-4.699400674261603,-184.24147984903686
194.93457562355496,57.65835492574692,9.776411891363889,-7.999738746770942,-4.696393688537862,-184.29045260317542
194.95290944356827,57.66054336599554,9.777597993551227,-7.999336296500294,-4.693386900199723,-184.33942204782804
194.97124559025042,57.662728927387256,9.778784475991936,-7.998932669221809,-4.690380310328839,-184.388388181861
194.98958406104165,57.66491160931801,9.77997133872922,-7.998527864632276,-4.687373920007322,-184.43735100414122
195.0079248533799,57.66709141118434,9.781158581806293,-7.99812188242925,-4.684367730317732,-184.48631051353505
195.02626796470074,57.669268332383375,9.782346205266354,-7.99771472231105,-4.681361742343091,-184.53526670890957
195.0446133924373,57.67144237231288,9.783534209152611,-7.997306383976734,-4.678355957166859,-184.58421958913138
195.06296113402033,57.67361353037119,9.784722593508274,-7.996896867126129,-4.675350375872963,-184.633169153067
195.08131118687828,57.67578180595726,9.785911358376541,-7.996486171459832,-4.672344999545776,-184.68211539958307
195.09966354843712,57.67794719847068,9.78710050380063,-7.99607429667918,-4.669339829270105,-184.73105832754655
195.11801821612053,57.680109707311594,9.788290029823735,-7.995661242486291,-4.666334866131231,-184.77999793582376
195.13637518734976,57.68226933188078,9.78947993648907,-7.995247008584028,-4.663330111214862,-184.8289342232818
195.15473445954365,57.68442607157967,9.790670223839836,-7.994831594676032,-4.660325565607163,-184.87786718878704
195.17309603011878,57.686579925810214,9.791860891919244,-7.9944150004667,-4.657321230394739,-184.9267968312062
195.19145989648928,57.68873089397505,9.793051940770495,-7.993997225661198,-4.65431710666464,-184.97572314940575
195.2098260560669,57.6908789754774,9.794243370436805,-7.9935782699654485,-4.651313195504356,-185.02464614225286
195.2281945062611,57.6930241697211,9.795435180961366,-7.993158133086163,-4.648309498001829,-185.0735658086138
195.24656524447894,57.69516647611058,9.796627372387396,-7.99273681473079,-4.645306015245427,-185.12248214735544
195.26493826812512,57.697305894050935,9.797819944758098,-7.992314314607576,-4.642302748323966,-185.17139515734453
195.28331357460186,57.69944242294781,9.799012898116672,-7.991890632425523,-4.63929969832671,-185.2203048374474
195.30169116130924,57.70157606220752,9.800206232506335,-7.9914657678943914,-4.636296866343343,-185.26921118653115
195.3200710256448,57.70370681123697,9.80139994797028,-7.991039720724747,-4.633294253463999,-185.31811420346224
195.33845316500384,57.705834669443675,9.802594044551729,-7.990612490627888,-4.630291860779236,-185.3670138871073
195.35683757677918,57.70795963623577,9.803788522293871,-7.990184077315921,-4.627289689380069,-185.41591023633293
195.37522425836147,57.71008171102204,9.804983381239929,-7.989754480501698,-4.624287740357911,-185.4648032500062
195.3936132071388,57.71220089321187,9.806178621433098,-7.989323699898863,-4.6212860148046415,-185.51369292699349
195.4120044204971,57.71431718221523,9.80737424291659,-7.988891735221834,-4.618284513812549,-185.5625792661615
195.4303978958198,57.71643057744276,9.8085702457336,-7.988458586185808,-4.615283238474373,-185.611462266377
195.44879363048804,57.71854107830569,9.809766629927346,-7.988024252506744,-4.612282189883262,-185.66034192650636
195.46719162188066,57.7206486842159,9.810963395541034,-7.987588733901393,-4.609281369132803,-185.7092182454167
195.48559186737407,57.72275339458584,9.812160542617862,-7.987152030087289,-4.606280777317015,-185.7580912219743
195.5039943643425,57.72485520882868,9.81335807120105,-7.98671414078273,-4.603280415530317,-185.8069608550463
195.52239911015758,57.726954126358095,9.814555981333786,-7.98627506570681,-4.600280284867598,-185.85582714349889
195.54080610218887,57.72905014658849,9.815754273059293,-7.985834804579404,-4.597280386424128,-185.90469008619905
195.55921533780338,57.731143268934815,9.816952946420763,-7.985393357121158,-4.5942807212956325,-185.95354968201335
195.57762681436597,57.73323349281271,9.818152001461414,-7.984950723053517,-4.5912812905782285,-186.0024059298086
195.596040529239,57.735320817638375,9.819351438224443,-7.984506902098696,-4.588282095368485,-186.05125882845118
195.6144564797826,57.737405242828714,9.820551256753063,-7.984061893979706,-4.5852831367633655,-186.10010837680807
195.63287466335458,57.73948676780119,9.821751457090475,-7.983615698420348,-4.582284415860266,-186.14895457374578
195.65129507731032,57.74156539197395,9.822952039279889,-7.983168315145186,-4.579285933757001,-186.1977974181309
195.66971771900305,57.74364111476574,9.824153003364508,-7.982719743879609,-4.576287691551785,-186.24663690883042
195.68814258578348,57.74571393559594,9.825354349387544,-7.982269984349761,-4.5732896903432705,-186.29547304471083
195.70656967500017,57.74778385388458,9.826556077392196,-7.981819036282596,-4.570291931230503,-186.3443058246389
195.72499898399917,57.74985086905227,9.827758187421674,-7.981366899405855,-4.567294415312968,-186.39313524748087
195.74343051012443,57.75191498052035,9.828960679519183,-7.980913573448061,-4.564297143690533,-186.44196131210424
195.76186425071737,57.75397618771067,9.830163553727928,-7.98045905813855,-4.561300117463501,-186.4907840173749
195.7803002031173,57.756034490045835,9.831366810091119,-7.980003353207421,-4.558303337732567,-186.53960336215988
195.79873836466103,57.75808988694899,9.832570448651959,-7.979546458385597,-4.555306805598849,-186.58841934532586
195.8171787326832,57.76014237784396,9.833774469453656,-7.9790883734047755,-4.552310522163863,-186.6372319657394
195.83562130451608,57.76219196215524,9.834978872539418,-7.978629097997463,-4.549314488529533,-186.68604122226742
195.85406607748962,57.76423863930788,9.836183657952443,-7.978168631896956,-4.5463187057982015,-186.7348471137762
195.87251304893152,57.766282408727626,9.837388825735946,-7.977706974837355,-4.5433231750725875,-186.7836496391329
195.8909622161671,57.768323269840835,9.838594375933125,-7.977244126553547,-4.54032789745585,-186.83244879720377
195.90941357651946,57.770361222074555,9.8398003085872,-7.976780086781224,-4.537332874051512,-186.88124458685576
