galstreams/tracks/track.st.M92.ibata2021.ecsv
# %ECSV 0.9
# ---
# datatype:
# - {name: ra, unit: deg, datatype: float64}
# - {name: dec, unit: deg, datatype: float64}
# - {name: distance, unit: kpc, datatype: float64}
# - {name: pm_ra_cosdec, unit: mas / yr, datatype: float64}
# - {name: pm_dec, unit: mas / yr, datatype: float64}
# - {name: radial_velocity, unit: km / s, datatype: float64}
# delimiter: ','
# meta: !!omap
# - __serialized_columns__:
#     dec:
#       __class__: astropy.coordinates.angles.Latitude
#       unit: &id001 !astropy.units.Unit {unit: deg}
#       value: !astropy.table.SerializedColumn {name: dec}
#     distance:
#       __class__: astropy.coordinates.distances.Distance
#       unit: !astropy.units.Unit {unit: kpc}
#       value: !astropy.table.SerializedColumn {name: distance}
#     pm_dec:
#       __class__: astropy.units.quantity.Quantity
#       unit: !astropy.units.Unit {unit: mas / yr}
#       value: !astropy.table.SerializedColumn {name: pm_dec}
#     pm_ra_cosdec:
#       __class__: astropy.units.quantity.Quantity
#       unit: !astropy.units.Unit {unit: mas / yr}
#       value: !astropy.table.SerializedColumn {name: pm_ra_cosdec}
#     ra:
#       __class__: astropy.coordinates.angles.Longitude
#       unit: *id001
#       value: !astropy.table.SerializedColumn {name: ra}
#       wrap_angle: !astropy.coordinates.Angle
#         unit: *id001
#         value: 360.0
#     radial_velocity:
#       __class__: astropy.units.quantity.Quantity
#       unit: !astropy.units.Unit {unit: km / s}
#       value: !astropy.table.SerializedColumn {name: radial_velocity}
# schema: astropy-2.0
ra,dec,distance,pm_ra_cosdec,pm_dec,radial_velocity
[from data line 416]
254.1101337374156,44.28979531084107,9.008802986185886,-5.3015430284728255,-1.4492739336741143,8.841805486365955e-14
254.12532362783435,44.28929431934747,9.009257253324112,-5.301021609784517,-1.4464537880231632,2.1051917824680846e-14
254.14050359871732,44.288779568791895,9.009714112846497,-5.300497819659428,-1.4436383587128947,3.368306851948935e-14
254.1556736540868,44.28825108044267,9.01017355538121,-5.299971666625079,-1.4408276399565034,1.0104920555846805e-13
254.17083379800073,44.28770887556004,9.010635571556412,-5.299443159201256,-1.4380216259579215,1.0525958912340423e-13
254.1859840345525,44.28715297539629,9.011100152000276,-5.298912305900014,-1.4352203109118562,2.5262301389617013e-14
254.2011243678712,44.28658340119551,9.011567287340961,-5.298379115225679,-1.4324236890037818,5.0524602779234026e-14
254.21625480212128,44.28600017419382,9.01203696820664,-5.297843595674831,-1.4296317544099848,8.420767129872338e-15
254.23137534150285,44.28540331561923,9.012509185225479,-5.297305755736321,-1.4268445012975683,3.789345208442552e-14
254.24648599025133,44.28479284669162,9.012983929025642,-5.296765603891264,-1.4240619238244752,1.4736342477276593e-13
254.2615867526374,44.2841687886229,9.013461190235297,-5.296223148613033,-1.4212840161395184,1.2631150694808508e-13
254.27667763296725,44.283531162616775,9.013940959482607,-5.295678398367266,-1.4185107723823929,1.3052189051302125e-13
254.291758635582,44.28287998986898,9.014423227395747,-5.295131361611853,-1.4157421866836981,-1.2631150694808506e-14
254.30682976485812,44.28221529156704,9.014907984602877,-5.294582046796953,-1.4129782531649613,4.210383564936169e-15
254.32189102520712,44.28153708889054,9.015395221732163,-5.294030462364974,-1.410218965938665,7.999728773378721e-14
254.33694242107575,44.28084540301082,9.015884929411778,-5.293476616750587,-1.4074643191082385,1.6841534259744676e-14
254.3519839569456,44.280140255091204,9.016377098269876,-5.292920518380718,-1.404714306768116,1.0946997268834039e-13
254.36701563733322,44.279421666286936,9.016871718934642,-5.292362175674547,-1.401968923003737,0.0
254.38203746679017,44.27868965774509,9.017368782034225,-5.2918015970435155,-1.3992281618915672,-4.210383564936169e-15
254.3970494499026,44.277944250604705,9.0178682781968,-5.291238790891311,-1.3964920174991367,4.631421921429786e-14
254.41205159129183,44.277185465996666,9.018370198050533,-5.290673765613882,-1.3937604838850244,5.4734986344170195e-14
254.4270438956135,44.27641332504379,9.018874532223592,-5.290106529599423,-1.391033555098923,7.999728773378721e-14
254.4420263675582,44.27562784886078,9.019381271344141,-5.289537091228391,-1.3883112251816265,7.578690416885104e-14
254.4569990118511,44.27482905855414,9.019890406040346,-5.288965458873499,-1.3855934881650587,4.210383564936169e-15
254.47196183325167,44.274016975222416,9.020401926940375,-5.288391640899696,-1.3828803380723205,1.5578419190263825e-13
254.48691483655435,44.27319161995589,9.020915824672395,-5.287815645664205,-1.380171768917655,1.0946997268834039e-13
254.50185802658746,44.27235301383684,9.021432089864572,-5.28723748151648,-1.3774677747065314,1.221011233831489e-13
254.51679140821417,44.271501177939356,9.021950713145074,-5.286657156798245,-1.374768349435619,7.999728773378721e-14
254.5317149863318,44.27063613332939,9.022471685142063,-5.286074679843472,-1.3720734870928282,1.1789073981821273e-13
254.54662876587182,44.269757901064864,9.022994996483712,-5.285490058978377,-1.3693831816573336,1.347322740779574e-13
254.56153275180017,44.26886650219546,9.023520637798184,-5.28490330252144,-1.3666974270995782,1.221011233831489e-13
254.5764269491167,44.26796195776282,9.024048599713643,-5.284314418783385,-1.3640162173813182,7.157652060391487e-14
254.5913113628555,44.26704428880042,9.024578872858262,-5.283723416067194,-1.3613395464556228,1.2631150694808508e-13
254.60618599808478,44.26611351633356,9.025111447860201,-5.283130302668103,-1.3586674082668964,1.1368035625327657e-13
254.62105085990643,44.26516966137953,9.025646315347633,-5.282535086873595,-1.3559997967509236,1.1789073981821273e-13
254.6359059534567,44.26421274494732,9.02618346594872,-5.281937776963414,-1.3533367058348498,0.0
254.6507512839052,44.263242788037964,9.02672289029163,-5.281338381209551,-1.3506781294372532,1.3052189051302125e-13
254.6655868564559,44.26225981164419,9.027264579004525,-5.280736907876261,-1.3480240614681012,7.999728773378721e-14
254.680412676346,44.26126383675072,9.027808522715583,-5.280133365220043,-1.3453744958288367,5.894536990910637e-14
254.69522874884677,44.26025488433407,9.02835471205296,-5.279527761489659,-1.3427294264123557,2.947268495455318e-14
254.71003507926304,44.25923297536256,9.028903137644829,-5.278920104926127,-1.340088847103035,1.2631150694808508e-13
254.72483167293302,44.2581981307965,9.02945379011935,-5.278310403762718,-1.337452751776775,1.0525958912340423e-13
254.73961853522883,44.257150371587926,9.030006660104695,-5.277698666224966,-1.3348211343009841,4.210383564936169e-15
254.75439567155553,44.256089718680826,9.03056173822903,-5.277084900530653,-1.3321939885346468,5.894536990910637e-14
254.76916308735207,44.25501619301097,9.03111901512052,-5.276469114889837,-1.329571308328287,5.894536990910637e-14
254.78392078809046,44.25392981550603,9.031678481407331,-5.27585131750482,-1.326953087524045,1.2631150694808506e-14
254.7986687792761,44.25283060708549,9.032240127717632,-5.275231516570172,-1.3243393199556581,7.157652060391487e-14
254.81340706644767,44.251718588660665,9.032803944679586,-5.274609720272729,-1.321729999448491,1.3894265764289357e-13
254.8281356551769,44.2505937811348,9.033369922921363,-5.273985936791579,-1.3191251198195761,1.0946997268834039e-13
254.84285455106883,44.24945620540288,9.03393805307113,-5.273360174298084,-1.316524674877603,4.210383564936169e-14
254.85756375976118,44.24830588235186,9.03450832575705,-5.272732440955867,-1.3139286584229752,9.683882199353189e-14
254.87226328692506,44.247142832860405,9.035080731607293,-5.272102744920816,-1.3113370642477915,4.210383564936169e-14
254.88695313826437,44.24596707779907,9.035655261250023,-5.271471094341091,-1.308749886135893,1.6841534259744677e-13
254.90163331951587,44.24477863803035,9.036231905313413,-5.270837497357115,-1.3061671178628784,9.683882199353189e-14
254.91630383644923,44.2435775344084,9.036810654425619,-5.270201962101589,-1.3035887531961174,2.5262301389617013e-14
254.93096469486665,44.2423637877794,9.037391499214813,-5.269564496699481,-1.3010147858947931,0.0
254.94561590060323,44.24113741898123,9.037974430309164,-5.268925109268023,-1.2984452097098877,5.894536990910637e-14
254.96025745952684,44.239898448843654,9.038559438336835,-5.26828380791674,-1.2958800183842214,2.5262301389617013e-14
254.97488937753758,44.23864689818833,9.039146513925992,-5.267640600747419,-1.2933192056524936,1.2631150694808506e-14
254.98951166056844,44.23738278782862,9.039735647704807,-5.266995495854128,-1.290762765241258,-2.5262301389617013e-14
255.0041243145845,44.23610613856992,9.040326830301437,-5.266348501323218,-1.2882106908689983,6.315575347404254e-14
255.01872734558364,44.234816971209256,9.040920052344061,-5.265699625233314,-1.285662976246083,2.5262301389617013e-14
255.0333207595958,44.23351530653563,9.041515304460837,-5.265048875655327,-1.2831196150748547,-8.420767129872338e-15
255.0479045626833,44.23220116532982,9.042112577279932,-5.264396260652456,-1.280580601049604,1.0104920555846805e-13
255.06247876094082,44.2308745683644,9.042711861429515,-5.263741788280181,-1.2780459278565937,1.4315304120782974e-13
255.077043360495,44.2295355364039,9.043313147537752,-5.2630854665862685,-1.2755155891741092,1.0525958912340423e-13
255.09159836750482,44.22818409020454,9.043916426232808,-5.262427303610781,-1.2729895786724448,-8.420767129872338e-15
255.10614378816095,44.22682025051452,9.044521688142856,-5.261767307386066,-1.2704678900139579,-4.210383564936169e-15
255.12067962868636,44.22544403807373,9.045128923896051,-5.261105485936771,-1.2679505168530518,8.841805486365955e-14
255.13520589533607,44.22405547361395,9.045738124120572,-5.260441847279836,-1.2654374528362122,1.2631150694808506e-14
255.14972259439654,44.22265457785885,9.046349279444577,-5.259776399424498,-1.2629286916020535,1.2631150694808506e-14
255.16422973218639,44.22124137152382,9.046962380496232,-5.2591091503723,-1.2604242267812966,1.3052189051302125e-13
255.17872731505585,44.219815875316186,9.047577417903712,-5.2584401081170755,-1.2579240519968153,1.3894265764289357e-13
255.193215349387,44.21837810993502,9.048194382295177,-5.257769280644975,-1.2554281608636475,1.1789073981821273e-13
255.2076938415933,44.216928096071314,9.048813264298795,-5.2570966759344495,-1.252936546989029,4.210383564936169e-14
255.22216279811994,44.21546585440781,9.049434054542731,-5.256422301956259,-1.2504492039723951,8.841805486365955e-14
255.23662222544374,44.21399140561907,9.050056743655157,-5.255746166673475,-1.2479661254054033,5.0524602779234026e-14
255.25107213007269,44.21250477037161,9.050681322264229,-5.255068278041488,-1.2454873048719792,8.420767129872338e-14
255.26551251854644,44.21100596932362,9.051307780998126,-5.254388644007996,-1.243012735948297,1.4315304120782974e-13
255.27994339743586,44.20949502312525,9.051936110485011,-5.2537072725130205,-1.2405424122028346,4.210383564936169e-14
255.294364773343,44.207971952418404,9.052566301353043,-5.253024171488908,-1.2380763271963784,1.0104920555846805e-13
255.30877665290146,44.20643677783681,9.053198344230397,-5.252339348860323,-1.2356144744820323,9.683882199353189e-14
255.32317904277554,44.20488952000612,9.053832229745236,-5.251652812544256,-1.233156847605271,1.0104920555846805e-13
255.33757194966105,44.20333019954367,9.05446794852573,-5.250964570450035,-1.2307034401039214,6.315575347404254e-14
255.3519553802845,44.20175883705879,9.05510549120004,-5.25027463047931,-1.2282542455082222,9.262843842859572e-14
255.36632934140366,44.200175453152504,9.055744848396335,-5.249583000526074,-1.225809257340802,8.420767129872338e-14
255.38069383980695,44.19858006841776,9.05638601074278,-5.248889688476651,-1.22336846911674,1.515738083377021e-13
255.39504888231392,44.1969727034393,9.057028968867552,-5.2481947022097035,-1.2209318743435547,1.1368035625327657e-13
255.40939447577477,44.195353378793655,9.0576737133988,-5.247498049596254,-1.2184994665212399,1.1789073981821273e-13
255.4237306270704,44.19372211504931,9.058320234964706,-5.246799738499649,-1.2160712391422908,2.947268495455318e-14
255.43805734311246,44.19207893276644,9.058968524193428,-5.246099776775598,-1.2136471856917037,1.347322740779574e-13
255.45237463084314,44.190423852497176,9.059618571713138,-5.245398172272157,-1.2112272996470201,1.2631150694808508e-13
255.4666824972353,44.18875689478541,9.060270368151993,-5.244694932829745,-1.208811574478323,6.73661370389787e-14
255.48098094929227,44.18707808016686,9.060923904138173,-5.243990066281128,-1.206400003648273,8.420767129872338e-15
255.4952699940476,44.18538742916916,9.061579170299837,-5.243283580451438,-1.2039925806121379,1.0525958912340423e-13
255.50954963856563,44.18368496231168,9.062236157265149,-5.242575483158179,-1.2015892988177717,3.368306851948935e-14
255.5238198899405,44.181970700105715,9.06289485566228,-5.241865782211215,-1.199190151705695,1.3052189051302125e-13
255.5380807552972,44.18024466305433,9.063555256119395,-5.241154485412783,-1.19679513270905,1.0946997268834039e-13
255.55233224179034,44.17850687165247,9.06421734926466,-5.240441600557496,-1.194404235253681,-1.2631150694808506e-14
255.56657435660495,44.17675734638691,9.064881125726247,-5.239727135432337,-1.1920174527581162,1.1368035625327657e-13
255.58080710695623,44.17499610773621,9.065546576132315,-5.239011097816685,-1.1896347786335837,5.0524602779234026e-14
255.5950305000891,44.17322317617088,9.066213691111034,-5.238293495482293,-1.1872562062840755,1.0946997268834039e-13
255.60924454327878,44.17143857215316,9.06688246129057,-5.237574336193305,-1.1848817291063103,1.1789073981821273e-13
255.62344924383004,44.16964231613722,9.067552877299093,-5.236853627706254,-1.1825113404897984,1.2631150694808506e-14
255.63764460907763,44.16783442856903,9.068224929764765,-5.236131377770075,-1.180145033816842,3.789345208442552e-14
255.6518306463862,44.16601492988635,9.068898609315754,-5.235407594126096,-1.1777828024625467,1.2631150694808506e-14
255.66600736314982,44.16418384051892,9.069573906580226,-5.2346822845080485,-1.1754246397948722,7.999728773378721e-14
255.68017476679256,44.162341180888184,9.07025081218635,-5.23395545664207,-1.1730705391746101,7.578690416885104e-14
255.69433286476774,44.160486971407536,9.07092931676229,-5.233227118246711,-1.1707204939554439,-1.6841534259744676e-14
255.70848166455843,44.15862123248216,9.071609410936214,-5.232497277032935,-1.1683744974839447,5.0524602779234026e-14
255.72262117367706,44.15674398450913,9.072291085336287,-5.231765940704115,-1.1660325430995973,4.210383564936169e-15
255.73675139966548,44.15485524787732,9.072974330590677,-5.231033116956056,-1.1636946241348234,6.315575347404254e-14
255.75087235009502,44.152955042967484,9.07365913732755,-5.230298813476986,-1.1613607339149903,1.221011233831489e-13
255.76498403256608,44.15104339015224,9.074345496175074,-5.22956303794755,-1.1590308657584498,1.0946997268834039e-13
255.7790864547085,44.14912030979602,9.075033397761414,-5.228825798040845,-1.1567050129765346,3.789345208442552e-14
255.79317962418105,44.14718582225517,9.075722832714737,-5.22808710142239,-1.1543831688736073,-2.5262301389617013e-14
255.80726354867176,44.14523994787783,9.076413791663212,-5.22734695575015,-1.1520653267470522,3.368306851948935e-14
255.82133823589774,44.14328270700402,9.077106265234999,-5.226605368674539,-1.1497514798873014,7.999728773378721e-14
255.83540369360492,44.141314119965664,9.07780024405827,-5.225862347838412,-1.1474416215778749,9.262843842859572e-14
255.84945992956838,44.13933420708645,9.078495718761191,-5.225117900877084,-1.1451357450953623,1.6841534259744676e-14
255.86350695159177,44.137342988682036,9.07919267997193,-5.22437203541832,-1.1428338437094943,-1.2631150694808506e-14
255.87754476750777,44.13534048505984,9.079891118318647,-5.223624759082355,-1.1405359106831088,1.3894265764289357e-13
255.89157338517768,44.133326716519235,9.080591024429516,-5.222876079481882,-1.1382419392722065,1.5578419190263825e-13
255.90559281249162,44.13130170335141,9.0812923889327,-5.222126004222072,-1.1359519227259525,1.0946997268834039e-13
255.9196030573682,44.1292654658394,9.081995202456369,-5.2213745409005625,-1.1336658542867009,1.4736342477276593e-13
255.93360412775453,44.12721802425819,9.082699455628681,-5.220621697107475,-1.1313837271900278,1.0946997268834039e-13
255.9475960316265,44.125159398874516,9.083405139077813,-5.219867480425411,-1.1291055346647196,6.73661370389787e-14
255.96157877698798,44.12308960994713,9.084112243431926,-5.219111898429457,-1.1268312699328382,1.3894265764289357e-13
255.97555237187166,44.12100867772654,9.08482075931919,-5.218354958687199,-1.1245609262096854,9.262843842859572e-14
255.98951682433838,44.118916622455146,9.085530677367764,-5.2175966687587145,-1.1222944967038626,5.894536990910637e-14
256.0034721424771,44.116813464367304,9.086241988205824,-5.216837036196576,-1.1200319746172875,2.5262301389617013e-14
256.0174183344052,44.114699223689136,9.086954682461531,-5.216076068545877,-1.1177733531451877,5.4734986344170195e-14
256.03135540826787,44.11257392063877,9.087668750763054,-5.215313773344202,-1.1155186254761555,1.4736342477276593e-13
256.04528337223894,44.1104375754261,9.088384183738553,-5.214550158121668,-1.1132677847921242,9.683882199353189e-14
256.0592022345196,44.10829020825297,9.089100972016208,-5.213785230400891,-1.111020824268439,7.157652060391487e-14
256.07311200333936,44.10613183931311,9.089819106224173,-5.213018997697035,-1.1087777370738332,1.1789073981821273e-13
256.0870126869557,44.103962488792064,9.090538576990621,-5.212251467517771,-1.1065385163704586,7.157652060391487e-14
