galstreams/tracks/track.st.M92.thomas2020.ecsv
# %ECSV 1.0
# ---
# datatype:
# - {name: ra, unit: deg, datatype: float64}
# - {name: dec, unit: deg, datatype: float64}
# - {name: distance, unit: kpc, datatype: float64}
# - {name: pm_ra_cosdec, unit: mas / yr, datatype: float64}
# - {name: pm_dec, unit: mas / yr, datatype: float64}
# - {name: radial_velocity, unit: km / s, datatype: float64}
# delimiter: ','
# meta: !!omap
# - __serialized_columns__:
#     dec:
#       __class__: astropy.coordinates.angles.Latitude
#       unit: &id001 !astropy.units.Unit {unit: deg}
#       value: !astropy.table.SerializedColumn {name: dec}
#     distance:
#       __class__: astropy.coordinates.distances.Distance
#       unit: !astropy.units.Unit {unit: kpc}
#       value: !astropy.table.SerializedColumn {name: distance}
#     pm_dec:
#       __class__: astropy.units.quantity.Quantity
#       unit: !astropy.units.Unit {unit: mas / yr}
#       value: !astropy.table.SerializedColumn {name: pm_dec}
#     pm_ra_cosdec:
#       __class__: astropy.units.quantity.Quantity
#       unit: !astropy.units.Unit {unit: mas / yr}
#       value: !astropy.table.SerializedColumn {name: pm_ra_cosdec}
#     ra:
#       __class__: astropy.coordinates.angles.Longitude
#       unit: *id001
#       value: !astropy.table.SerializedColumn {name: ra}
#       wrap_angle: !astropy.coordinates.Angle
#         unit: *id001
#         value: 360.0
#     radial_velocity:
#       __class__: astropy.units.quantity.Quantity
#       unit: !astropy.units.Unit {unit: km / s}
#       value: !astropy.table.SerializedColumn {name: radial_velocity}
# schema: astropy-2.0
ra,dec,distance,pm_ra_cosdec,pm_dec,radial_velocity
[from data line 796]
261.15884073944284,42.93955583617277,8.3,0.0,0.0,0.0
261.17237772483696,42.93826127757549,8.299999999999999,0.0,0.0,0.0
261.185912386475,42.936955026985046,8.299999999999999,0.0,0.0,0.0
261.1994447187114,42.93563709407025,8.3,0.0,0.0,0.0
261.2129747159108,42.93430748849214,8.3,0.0,0.0,0.0
261.2265023724478,42.932966219903975,8.3,0.0,0.0,0.0
261.24002768270725,42.931613297951166,8.299999999999999,0.0,0.0,0.0
261.25355064108413,42.93024873227137,8.299999999999999,0.0,0.0,0.0
261.2670712419836,42.92887253249447,8.3,0.0,0.0,0.0
261.2805894798208,42.92748470824257,8.3,0.0,0.0,0.0
261.29410534902104,42.926085269130056,8.3,0.0,0.0,0.0
261.3076188440199,42.92467422476354,8.299999999999999,0.0,0.0,0.0
261.321129959263,42.92325158474195,8.299999999999999,0.0,0.0,0.0
261.3346386892059,42.92181735865643,8.3,0.0,0.0,0.0
261.3481450283146,42.92037155609048,8.3,0.0,0.0,0.0
261.36164897106505,42.918914186619865,8.299999999999999,0.0,0.0,0.0
261.3751505119433,42.91744525981269,8.3,0.0,0.0,0.0
261.3886496454456,42.91596478522936,8.299999999999999,0.0,0.0,0.0
261.4021463660783,42.914472772422634,8.3,0.0,0.0,0.0
261.41564066835775,42.912969230937634,8.299999999999999,0.0,0.0,0.0
261.42913254681065,42.91145417031177,8.299999999999999,0.0,0.0,0.0
261.4426219959736,42.90992760007492,8.3,0.0,0.0,0.0
261.4561090103934,42.908389529749265,8.299999999999999,0.0,0.0,0.0
261.4695935846269,42.906839968849404,8.299999999999999,0.0,0.0,0.0
261.48307571324113,42.90527892688236,8.299999999999999,0.0,0.0,0.0
261.49655539081334,42.90370641334751,8.299999999999999,0.0,0.0,0.0
261.51003261193057,42.902122437736715,8.299999999999999,0.0,0.0,0.0
261.52350737119025,42.900527009534244,8.299999999999999,0.0,0.0,0.0
261.5369796631998,42.89892013821678,8.299999999999999,0.0,0.0,0.0
261.5504494825767,42.897301833253536,8.299999999999999,0.0,0.0,0.0
261.56391682394855,42.89567210410611,8.299999999999997,0.0,0.0,0.0
261.5773816819532,42.894030960228655,8.3,0.0,0.0,0.0
261.59084405123843,42.892378411067746,8.3,0.0,0.0,0.0
261.604303926462,42.89071446606249,8.299999999999997,0.0,0.0,0.0
261.6177613022922,42.88903913464451,8.299999999999999,0.0,0.0,0.0
261.63121617340687,42.887352426237925,8.3,0.0,0.0,0.0
261.6446685344943,42.8856543502594,8.299999999999999,0.0,0.0,0.0
261.65811838025274,42.883944916118146,8.299999999999999,0.0,0.0,0.0
261.6715657053906,42.88222413321593,8.3,0.0,0.0,0.0
261.6850105046263,42.88049201094708,8.299999999999999,0.0,0.0,0.0
261.69845277268826,42.87874855869848,8.3,0.0,0.0,0.0
261.71189250431524,42.876993785849635,8.3,0.0,0.0,0.0
261.7253296942557,42.87522770177263,8.299999999999999,0.0,0.0,0.0
261.73876433726866,42.873450315832144,8.299999999999999,0.0,0.0,0.0
261.7521964281227,42.87166163738551,8.299999999999999,0.0,0.0,0.0
261.7656259615968,42.86986167578265,8.299999999999999,0.0,0.0,0.0
261.77905293248,42.86805044036616,8.299999999999999,0.0,0.0,0.0
261.79247733557116,42.86622794047128,8.3,0.0,0.0,0.0
261.8058991656795,42.8643941854259,8.299999999999997,0.0,0.0,0.0
261.81931841762406,42.862549184550595,8.299999999999999,0.0,0.0,0.0
261.83273508623415,42.8606929471586,8.299999999999999,0.0,0.0,0.0
261.846149166349,42.8588254825559,8.299999999999999,0.0,0.0,0.0
261.85956065281783,42.856946800041136,8.299999999999999,0.0,0.0,0.0
261.8729695405002,42.85505690890569,8.299999999999999,0.0,0.0,0.0
261.8863758242654,42.85315581843365,8.299999999999999,0.0,0.0,0.0
261.89977949899287,42.85124353790189,8.3,0.0,0.0,0.0
261.91318055957225,42.84932007657996,8.299999999999999,0.0,0.0,0.0
261.92657900090296,42.84738544373024,8.299999999999999,0.0,0.0,0.0
261.93997481789467,42.84543964860786,8.299999999999997,0.0,0.0,0.0
261.95336800546704,42.84348270046073,8.299999999999999,0.0,0.0,0.0
261.9667585585497,42.84151460852952,8.299999999999997,0.0,0.0,0.0
261.98014647208237,42.839535382047785,8.299999999999999,0.0,0.0,0.0
261.99353174101475,42.83754503024181,8.3,0.0,0.0,0.0
262.00691436030667,42.83554356233076,8.299999999999999,0.0,0.0,0.0
262.02029432492776,42.83353098752662,8.3,0.0,0.0,0.0
262.033671629858,42.83150731503422,8.3,0.0,0.0,0.0
262.0470462700872,42.829472554051264,8.299999999999999,0.0,0.0,0.0
262.0604182406151,42.82742671376831,8.299999999999999,0.0,0.0,0.0
262.0737875364516,42.82536980336881,8.3,0.0,0.0,0.0
262.0871541526166,42.82330183202909,8.3,0.0,0.0,0.0
262.10051808414,42.82122280891841,8.299999999999999,0.0,0.0,0.0
262.1138793260617,42.819132743198914,8.299999999999999,0.0,0.0,0.0
262.12723787343145,42.81703164402569,8.299999999999999,0.0,0.0,0.0
262.14059372130936,42.814919520546745,8.299999999999999,0.0,0.0,0.0
262.15394686476515,42.81279638190305,8.3,0.0,0.0,0.0
262.16729729887874,42.81066223722853,8.299999999999999,0.0,0.0,0.0
262.18064501874,42.808517095650075,8.299999999999999,0.0,0.0,0.0
262.1939900194489,42.80636096628754,8.3,0.0,0.0,0.0
262.20733229611517,42.80419385825382,8.299999999999999,0.0,0.0,0.0
262.22067184385867,42.802015780654756,8.3,0.0,0.0,0.0
262.2340086578093,42.799826742589225,8.299999999999999,0.0,0.0,0.0
262.24734273310673,42.79762675314913,8.299999999999999,0.0,0.0,0.0
262.26067406490085,42.79541582141941,8.3,0.0,0.0,0.0
262.27400264835137,42.79319395647805,8.299999999999997,0.0,0.0,0.0
262.2873284786279,42.790961167396084,8.299999999999999,0.0,0.0,0.0
262.3006515509103,42.7887174632376,8.299999999999999,0.0,0.0,0.0
262.31397186038805,42.7864628530598,8.299999999999999,0.0,0.0,0.0
262.3272894022608,42.78419734591298,8.299999999999999,0.0,0.0,0.0
262.34060417173816,42.781920950840465,8.3,0.0,0.0,0.0
262.35391616403956,42.77963367687879,8.299999999999999,0.0,0.0,0.0
262.3672253743945,42.777335533057524,8.299999999999999,0.0,0.0,0.0
262.38053179804234,42.77502652839943,8.299999999999999,0.0,0.0,0.0
262.3938354302325,42.772706671920396,8.3,0.0,0.0,0.0
262.40713626622414,42.77037597262946,8.3,0.0,0.0,0.0
262.42043430128666,42.76803443952883,8.3,0.0,0.0,0.0
262.4337295306991,42.76568208161392,8.3,0.0,0.0,0.0
262.4470219497506,42.76331890787326,8.299999999999999,0.0,0.0,0.0
262.4603115537401,42.76094492728866,8.299999999999999,0.0,0.0,0.0
262.4735983379767,42.7585601488351,8.299999999999999,0.0,0.0,0.0
262.48688229777906,42.756164581480775,8.299999999999999,0.0,0.0,0.0
262.50016342847607,42.75375823418714,8.299999999999999,0.0,0.0,0.0
262.5134417254064,42.75134111590888,8.299999999999999,0.0,0.0,0.0
262.52671718391866,42.74891323559393,8.299999999999999,0.0,0.0,0.0
262.53998979937137,42.7464746021835,8.3,0.0,0.0,0.0
262.5532595671329,42.74402522461206,8.299999999999999,0.0,0.0,0.0
262.5665264825816,42.7415651118074,8.299999999999999,0.0,0.0,0.0
262.5797905411057,42.739094272690565,8.3,0.0,0.0,0.0
262.5930517381032,42.736612716175955,8.3,0.0,0.0,0.0
262.60631006898217,42.73412045117127,8.299999999999999,0.0,0.0,0.0
262.61956552916047,42.73161748657752,8.3,0.0,0.0,0.0
262.63281811406586,42.729103831289116,8.299999999999999,0.0,0.0,0.0
262.64606781913596,42.726579494193736,8.299999999999999,0.0,0.0,0.0
262.65931463981826,42.72404448417251,8.299999999999999,0.0,0.0,0.0
262.67255857157016,42.72149881009992,8.299999999999999,0.0,0.0,0.0
262.685799609859,42.718942480843786,8.299999999999999,0.0,0.0,0.0
262.6990377501617,42.71637550526538,8.299999999999999,0.0,0.0,0.0
262.71227298796543,42.71379789221938,8.3,0.0,0.0,0.0
262.7255053187669,42.71120965055386,8.3,0.0,0.0,0.0
262.7387347380728,42.708610789110324,8.3,0.0,0.0,0.0
262.7519612413997,42.70600131672376,8.3,0.0,0.0,0.0
262.76518482427394,42.70338124222256,8.3,0.0,0.0,0.0
262.77840548223173,42.700750574428604,8.299999999999999,0.0,0.0,0.0
262.7916232108192,42.69810932215724,8.299999999999999,0.0,0.0,0.0
262.8048380055921,42.695457494217315,8.299999999999999,0.0,0.0,0.0
262.81804986211625,42.69279509941117,8.299999999999997,0.0,0.0,0.0
262.83125877596717,42.69012214653465,8.299999999999999,0.0,0.0,0.0
262.8444647427302,42.68743864437712,8.3,0.0,0.0,0.0
262.85766775800056,42.68474460172146,8.3,0.0,0.0,0.0
262.87086781738327,42.68204002734413,8.299999999999999,0.0,0.0,0.0
262.884064916493,42.679324930015106,8.299999999999999,0.0,0.0,0.0
262.8972590509545,42.67659931849797,8.299999999999999,0.0,0.0,0.0
262.9104502164021,42.67386320154982,8.299999999999999,0.0,0.0,0.0
262.92363840848014,42.67111658792141,8.299999999999997,0.0,0.0,0.0
262.93682362284244,42.66835948635702,8.3,0.0,0.0,0.0
262.95000585515294,42.6655919055946,8.299999999999999,0.0,0.0,0.0
262.9631851010851,42.66281385436568,8.299999999999999,0.0,0.0,0.0
262.97636135632246,42.660025341395446,8.299999999999999,0.0,0.0,0.0
262.98953461655793,42.657226375402715,8.299999999999999,0.0,0.0,0.0
263.00270487749464,42.65441696509994,8.3,0.0,0.0,0.0
263.01587213484515,42.65159711919326,8.299999999999999,0.0,0.0,0.0
263.0290363843319,42.64876684638249,8.299999999999999,0.0,0.0,0.0
263.0421976216872,42.64592615536113,8.299999999999999,0.0,0.0,0.0
263.0553558426529,42.643075054816364,8.299999999999999,0.0,0.0,0.0
263.06851104298084,42.64021355342909,8.299999999999999,0.0,0.0,0.0
263.0816632184324,42.63734165987394,8.299999999999999,0.0,0.0,0.0
263.0948123647789,42.63445938281925,8.299999999999999,0.0,0.0,0.0
263.10795847780105,42.631566730927126,8.3,0.0,0.0,0.0
263.12110155328975,42.62866371285341,8.299999999999997,0.0,0.0,0.0
263.13424158704544,42.62575033724771,8.3,0.0,0.0,0.0
263.14737857487813,42.622826612753414,8.299999999999999,0.0,0.0,0.0
263.16051251260774,42.619892548007684,8.299999999999999,0.0,0.0,0.0
263.1736433960639,42.6169481516415,8.299999999999999,0.0,0.0,0.0
263.18677122108585,42.61399343227965,8.299999999999999,0.0,0.0,0.0
263.1998959835227,42.6110283985407,8.3,0.0,0.0,0.0
263.213017679233,42.60805305903711,8.299999999999999,0.0,0.0,0.0
263.22613630408534,42.60506742237514,8.299999999999999,0.0,0.0,0.0
263.23925185395774,42.6020714971549,8.299999999999999,0.0,0.0,0.0
263.25236432473804,42.59906529197041,8.299999999999999,0.0,0.0,0.0
263.2654737123237,42.59604881540949,8.299999999999999,0.0,0.0,0.0
263.2785800126219,42.593022076053934,8.299999999999999,0.0,0.0,0.0
263.29168322154953,42.58998508247936,8.299999999999999,0.0,0.0,0.0
263.3047833350331,42.58693784325534,8.3,0.0,0.0,0.0
263.31788034900876,42.58388036694533,8.3,0.0,0.0,0.0
263.3309742594224,42.580812662106766,8.299999999999999,0.0,0.0,0.0
263.3440650622296,42.577734737290974,8.299999999999997,0.0,0.0,0.0
263.3571527533955,42.574646601043284,8.3,0.0,0.0,0.0
263.370237328895,42.57154826190294,8.3,0.0,0.0,0.0
263.38331878471234,42.568439728403206,8.3,0.0,0.0,0.0
263.39639711684185,42.5653210090713,8.299999999999997,0.0,0.0,0.0
263.4094723212873,42.56219211242847,8.3,0.0,0.0,0.0
263.42254439406196,42.55905304698992,8.299999999999999,0.0,0.0,0.0
263.4356133311889,42.555903821264955,8.299999999999999,0.0,0.0,0.0
263.4486791287008,42.55274444375683,8.299999999999999,0.0,0.0,0.0
263.4617417826399,42.549574922962904,8.299999999999997,0.0,0.0,0.0
263.47480128905795,42.54639526737455,8.299999999999999,0.0,0.0,0.0
263.48785764401663,42.54320548547723,8.299999999999997,0.0,0.0,0.0
263.5009108435869,42.54000558575047,8.3,0.0,0.0,0.0
263.5139608838494,42.5367955766679,8.299999999999999,0.0,0.0,0.0
263.52700776089455,42.53357546669723,8.3,0.0,0.0,0.0
263.54005147082216,42.53034526430029,8.3,0.0,0.0,0.0
263.55309200974165,42.527104977933014,8.3,0.0,0.0,0.0
263.5661293737721,42.523854616045504,8.299999999999999,0.0,0.0,0.0
263.5791635590421,42.52059418708197,8.299999999999999,0.0,0.0,0.0
263.59219456168984,42.5173236994808,8.299999999999999,0.0,0.0,0.0
263.60522237786313,42.514043161674536,8.299999999999999,0.0,0.0,0.0
263.6182470037191,42.51075258208992,8.299999999999999,0.0,0.0,0.0
263.63126843542483,42.50745196914784,8.3,0.0,0.0,0.0
263.6442866691566,42.50414133126341,8.299999999999999,0.0,0.0,0.0
263.65730170110044,42.50082067684597,8.299999999999999,0.0,0.0,0.0
263.67031352745175,42.497490014299046,8.299999999999997,0.0,0.0,0.0
263.68332214441574,42.49414935202043,8.299999999999997,0.0,0.0,0.0
263.69632754820685,42.49079869840214,8.299999999999997,0.0,0.0,0.0
263.70932973504927,42.48743806183046,8.299999999999997,0.0,0.0,0.0
263.72232870117654,42.48406745068592,8.299999999999997,0.0,0.0,0.0
263.7353244428318,42.480686873343366,8.299999999999999,0.0,0.0,0.0
263.74831695626773,42.47729633817189,8.299999999999997,0.0,0.0,0.0
263.7613062377465,42.473895853534934,8.299999999999999,0.0,0.0,0.0
263.7742922835398,42.4704854277902,8.299999999999997,0.0,0.0,0.0
263.7872750899287,42.46706506928975,8.299999999999997,0.0,0.0,0.0
263.8002546532039,42.46363478637998,8.299999999999997,0.0,0.0,0.0
263.8132309696655,42.46019458740161,8.299999999999999,0.0,0.0,0.0
263.82620403562316,42.456744480689714,8.299999999999999,0.0,0.0,0.0
263.8391738473959,42.45328447457378,8.299999999999997,0.0,0.0,0.0
263.85214040131234,42.4498145773776,8.299999999999999,0.0,0.0,0.0
263.86510369371047,42.446334797419446,8.299999999999995,0.0,0.0,0.0
263.8780637209378,42.44284514301192,8.299999999999997,0.0,0.0,0.0
263.8910204793512,42.43934562246207,8.299999999999997,0.0,0.0,0.0
263.9039739653172,42.43583624407136,8.299999999999997,0.0,0.0,0.0
263.91692417521153,42.4323170161357,8.299999999999999,0.0,0.0,0.0
263.9298711054195,42.42878794694544,8.3,0.0,0.0,0.0
263.94281475233583,42.42524904478539,8.299999999999999,0.0,0.0,0.0
263.95575511236467,42.42170031793481,8.299999999999997,0.0,0.0,0.0
263.9686921819195,42.41814177466748,8.299999999999997,0.0,0.0,0.0
263.9816259574235,42.41457342325163,8.299999999999997,0.0,0.0,0.0
263.9945564353088,42.41099527195005,8.299999999999997,0.0,0.0,0.0
264.0074836120175,42.40740732901997,8.299999999999997,0.0,0.0,0.0
264.0204074840006,42.40380960271322,8.299999999999997,0.0,0.0,0.0
264.0333280477188,42.40020210127609,8.299999999999997,0.0,0.0,0.0
264.04624529964207,42.39658483294952,8.299999999999997,0.0,0.0,0.0
264.05915923624985,42.3929578059689,8.299999999999997,0.0,0.0,0.0
264.0720698540308,42.389321028564275,8.299999999999997,0.0,0.0,0.0
264.08497714948317,42.385674508960214,8.299999999999997,0.0,0.0,0.0
264.0978811191145,42.38201825537593,8.299999999999999,0.0,0.0,0.0
264.11078175944164,42.37835227602522,8.299999999999997,0.0,0.0,0.0
264.1236790669908,42.37467657911647,8.299999999999997,0.0,0.0,0.0
264.1365730382976,42.37099117285275,8.299999999999997,0.0,0.0,0.0
264.14946366990705,42.36729606543172,8.299999999999997,0.0,0.0,0.0
264.1623509583734,42.36359126504571,8.299999999999997,0.0,0.0,0.0
264.17523490026025,42.359876779881716,8.299999999999997,0.0,0.0,0.0
264.18811549214064,42.35615261812139,8.299999999999995,0.0,0.0,0.0
264.20099273059685,42.3524187879411,8.299999999999999,0.0,0.0,0.0
264.2138666122205,42.348675297511875,8.299999999999995,0.0,0.0,0.0
264.2267371336125,42.344922154999466,8.299999999999997,0.0,0.0,0.0
264.2396042913832,42.341159368564355,8.299999999999997,0.0,0.0,0.0
264.25246808215206,42.33738694636172,8.299999999999997,0.0,0.0,0.0
264.2653285025479,42.333604896541516,8.299999999999997,0.0,0.0,0.0
264.278185549209,42.32981322724845,8.299999999999997,0.0,0.0,0.0
264.2910392187827,42.32601194662195,8.299999999999997,0.0,0.0,0.0
264.3038895079258,42.32220106279626,8.299999999999997,0.0,0.0,0.0
264.3167364133043,42.31838058390039,8.299999999999999,0.0,0.0,0.0
264.32957993159346,42.31455051805818,8.299999999999997,0.0,0.0,0.0
264.3424200594778,42.310710873388224,8.299999999999999,0.0,0.0,0.0
264.3552567936512,42.30686165800398,8.299999999999997,0.0,0.0,0.0
264.3680901308167,42.30300288001374,8.299999999999997,0.0,0.0,0.0
264.3809200676866,42.2991345475206,8.299999999999999,0.0,0.0,0.0
264.39374660098247,42.29525666862255,8.299999999999997,0.0,0.0,0.0
264.4065697274351,42.29136925141242,8.299999999999997,0.0,0.0,0.0
264.4193894437846,42.28747230397793,8.299999999999995,0.0,0.0,0.0
264.4322057467802,42.28356583440169,8.299999999999997,0.0,0.0,0.0
264.4450186331804,42.27964985076121,8.299999999999997,0.0,0.0,0.0
264.4578280997528,42.27572436112891,8.299999999999995,0.0,0.0,0.0
264.47063414327454,42.27178937357211,8.299999999999995,0.0,0.0,0.0
264.48343676053156,42.267844896153115,8.299999999999997,0.0,0.0,0.0
