galstreams/tracks/track.st.GD-1.ibata2020.ecsv
# %ECSV 0.9
# ---
# datatype:
# - {name: ra, unit: deg, datatype: float64}
# - {name: dec, unit: deg, datatype: float64}
# - {name: distance, unit: kpc, datatype: float64}
# - {name: pm_ra_cosdec, unit: mas / yr, datatype: float64}
# - {name: pm_dec, unit: mas / yr, datatype: float64}
# - {name: radial_velocity, unit: km / s, datatype: float64}
# delimiter: ','
# meta: !!omap
# - __serialized_columns__:
#     dec:
#       __class__: astropy.coordinates.angles.Latitude
#       unit: &id001 !astropy.units.Unit {unit: deg}
#       value: !astropy.table.SerializedColumn {name: dec}
#     distance:
#       __class__: astropy.coordinates.distances.Distance
#       unit: !astropy.units.Unit {unit: kpc}
#       value: !astropy.table.SerializedColumn {name: distance}
#     pm_dec:
#       __class__: astropy.units.quantity.Quantity
#       unit: !astropy.units.Unit {unit: mas / yr}
#       value: !astropy.table.SerializedColumn {name: pm_dec}
#     pm_ra_cosdec:
#       __class__: astropy.units.quantity.Quantity
#       unit: !astropy.units.Unit {unit: mas / yr}
#       value: !astropy.table.SerializedColumn {name: pm_ra_cosdec}
#     ra:
#       __class__: astropy.coordinates.angles.Longitude
#       unit: *id001
#       value: !astropy.table.SerializedColumn {name: ra}
#       wrap_angle: !astropy.coordinates.Angle
#         unit: *id001
#         value: 360.0
#     radial_velocity:
#       __class__: astropy.units.quantity.Quantity
#       unit: !astropy.units.Unit {unit: km / s}
#       value: !astropy.table.SerializedColumn {name: radial_velocity}
# schema: astropy-2.0
ra,dec,distance,pm_ra_cosdec,pm_dec,radial_velocity
123.2755445128934,-10.088678886107257,9.199134134222783,-0.9543040087089285,-7.40892771401608,1.0104920555846805e-13
123.46076113757381,-9.603375581368585,9.174158037035328,-1.0003980526297895,-7.556402626140985,8.420767129872338e-14
123.64650759688352,-9.118458515558286,9.14917741490438,-1.0462393718540435,-7.701784324314661,9.262843842859572e-14
123.83280011346052,-8.633930368446403,9.12419809971034,-1.0918347012515608,-7.845078849646082,1.0946997268834039e-13
124.01965507813183,-8.149793873963263,9.099225923333627,-1.1371907868293623,-7.9862922158974845,6.73661370389787e-14
124.20708905608414,-7.666051822306506,9.074266717654654,-1.1823143848555882,-8.125430408833699,1.2631150694808508e-13
124.39511879310828,-7.182707062088527,9.049326314553834,-1.227212260961032,-8.262499385554088,1.0946997268834039e-13
124.58376122192236,-6.699762502525156,9.024410545911577,-1.2718911892191374,-8.397505073806405,1.8525687685719145e-13
124.77303346857853,-6.217221115667434,8.999525243608298,-1.3163579512051147,-8.530453371281688,1.1789073981821273e-13
124.9629528589581,-5.735085938677303,8.97467623952441,-1.3606193350348736,-8.661350144889429,1.3894265764289357e-13
125.15353692535977,-5.253360076149736,8.949869365540323,-1.4046821343842935,-8.790201230012231,1.0104920555846805e-13
125.34480341318532,-4.77204670248207,8.925110453536451,-1.4485531474893418,-8.917012429739168,1.768361097273191e-13
125.53677028772847,-4.291149064292526,8.900405335393211,-1.4922391761273572,-9.041789514077072,1.768361097273191e-13
125.72945574107064,-3.8106704828897775,8.875759842991009,-1.5357470245798837,-9.164538219138972,1.4736342477276593e-13
125.9228781990893,-3.33061435679467,8.851179808210258,-1.5790834985771909,-9.285264246308916,1.7262572616238293e-13
126.11705632858323,-2.85098416431671,8.826671062931375,-1.6222554042246993,-9.4039732613824,1.0525958912340423e-13
126.31200904451981,-2.371783466186558,8.802239439034771,-1.6652695469112824,-9.520670893681661,1.368374658604255e-13
126.5077555174089,-1.893015908246916,8.77789076840086,-1.7081327301994917,-9.635362735145002,1.3052189051302125e-13
126.704315180809,-1.414685224203071,8.75363088291005,-1.7508517546975513,-9.7480543393895,1.7052053437991484e-13
126.90170773896969,-0.9367952384360012,8.729465614442761,-1.7934334169129498,-9.858751220746171,1.6841534259744677e-13
127.09995317461609,-0.4593498688795668,8.705400794879399,-1.835884508087346,-9.967458853266951,1.315744864042553e-13
127.29907175688014,0.017646870035914218,8.681442256100379,-1.8782118130124497,-10.074182669702674,9.277645972580051e-14
127.49908404938363,0.4941908643712496,8.657595829986114,-1.9204221088264164,-10.178928060451252,1.49468616555234e-13
127.70001091847865,0.9702778975954061,8.633867348417018,-1.96252216379022,-10.281700372475308,1.5788938368510635e-13
127.90187354165008,1.4459036474288245,8.6102626432735,-2.0045187360434418,-10.382504908188498,1.8104649329225526e-13
128.10469341608547,1.9210636826108536,8.586787546435978,-2.046418572338676,-10.481346924309673,1.620997672500425e-13
128.30849236741818,2.395753459589419,8.563447889784863,-2.088228406753875,-10.578231630684233,8.21024795162553e-14
128.51329255864837,2.869968319129026,8.540249505200563,-2.1299549593816076,-10.673164189071683,1.4736342477276593e-13
128.71911649924758,3.343703482835543,8.517198224563494,-2.171604934994363,-10.76614971189882,2.315710960714893e-13
128.92598705445235,3.8169540495943224,8.494299879754069,-2.2131850216847377,-10.857193260977628,6.73661370389787e-14
129.13392745475238,4.2897149919190385,8.4715603026527,-2.2547018894793496,-10.946299846187136,1.6841534259744677e-13
129.34296130557874,4.761981152207986,8.4489853251398,-2.296162188925157,-11.033474424118443,1.5999457546757442e-13
129.5531125971975,5.233747238905377,8.426580779095783,-2.3375725496468105,-11.118721896682098,1.515738083377021e-13
129.76440571481515,5.7050078225636325,8.40435249640106,-2.3789395788734797,-11.202047109677139,8.420767129872338e-14
129.97686544889999,6.175757331803763,8.382306308936045,-2.4202698599335544,-11.283454851320881,1.0104920555846805e-13
130.1905170057272,6.645990049170963,8.36044804858115,-2.46156995071542,-11.362949850738733,2.3578147963642546e-13
130.40538601815157,7.1157001068809125,8.338783547216787,-2.502846382092462,-11.440536776413337,1.6841534259744677e-13
130.62149855661445,7.584881482453844,8.31731863672337,-2.544105656310244,-11.516220234592097,1.515738083377021e-13
130.83888114039075,8.053527994232685,8.296059148981305,-2.5853542453337184,-11.59000476765253,1.8525687685719145e-13
131.05756074908138,8.521633296780786,8.275010915871018,-2.6265985891521546,-11.661894852424519,1.5999457546757442e-13
131.27756483435738,8.989190876156334,8.25417976927291,-2.667845094039367,-11.731894898468907,2.2736071250655313e-13
131.49892133196096,9.456194045058155,8.233571541067404,-2.709100130766561,-11.800009246311511,2.1051917824680845e-13
131.72165867396998,9.922635937839482,8.2131920631349,-2.7503700327651286,-11.866242165632121,2.3578147963642546e-13
131.9458058013306,10.388509505384942,8.19304716735582,-2.7916610942363174,-11.930597853407502,2.020984111169361e-13
132.171392176665,10.853807509846638,8.173142685610571,-2.8329795682047902,-11.993080432008053,2.3578147963642546e-13
132.3984477973585,11.318522519234111,8.153484449779574,-2.874331664512625,-12.053693947247286,1.347322740779574e-13
132.62700320893305,11.782646901853814,8.134078291743235,-2.9157235477503836,-12.112442366383682,1.6841534259744677e-13
132.85708951871132,12.246172820593069,8.114930043381966,-2.9571613351214006,-12.169329576074317,2.1893994537668078e-13
133.08873840977742,12.709092227043097,8.096045536576183,-2.9986510942354787,-12.224359380279768,2.020984111169361e-13
133.3219821552397,13.171396855456564,8.077430603206299,-3.0401988408277734,-12.277535498119923,2.1893994537668078e-13
133.55685363280008,13.633078216533285,8.059091075152722,-3.081810536398489,-12.328861561680245,2.020984111169361e-13
133.79338633963536,14.094127591029315,8.04103278429587,-3.123492085768765,-12.378341113768197,1.8525687685719145e-13
134.03161440759484,14.55453602318294,8.023261562516153,-3.1652493345478385,-12.425977605619643,2.1893994537668078e-13
134.27157261871938,15.014294313952558,8.005783241693985,-3.2070880665063517,-12.471774394555002,1.8525687685719145e-13
134.51329642108516,15.473393014059265,7.9886036537097755,-3.2490140008503166,-12.515734741585144,1.8525687685719145e-13
134.756821944977,15.931822416828652,7.97172863044394,-3.291032789390005,-12.557861808967044,1.8525687685719145e-13
135.00218601939403,16.389572550825065,7.955164003776895,-3.3331500135977428,-12.598158657709387,1.6841534259744677e-13
135.2494261888915,16.846633172271375,7.938915605589045,-3.375371181548176,-12.636628245028431,8.420767129872338e-14
135.49858073076118,17.30299375724823,7.9229892677608085,-3.4177017247343255,-12.673273421754466,1.347322740779574e-13
135.74968867255242,17.75864349366473,7.907390822172595,-3.4601469947523404,-12.708096929689578,8.420767129872338e-14
136.00278980993616,18.21357127299398,7.892126100704821,-3.5027122598475113,-12.741101398917444,1.6841534259744677e-13
136.25792472491221,18.667765681765715,7.877200935237894,-3.545402701313682,-12.77228934506605,1.6841534259744677e-13
136.51513480436128,19.121214992808873,7.862621157652231,-3.5882234097378847,-12.801663166524637,2.1893994537668078e-13
136.7744622589404,19.57390715623562,7.848392599828242,-3.631179381081402,-12.829225141616075,1.0104920555846805e-13
137.0359501423212,20.02582979015921,7.834521093646342,-3.674275512588321,-12.854977425726538,1.0104920555846805e-13
137.2996423707695,20.476970171137502,7.821012470986941,-3.7175165985118532,-12.878922048394251,2.3578147963642546e-13
137.56558374306195,20.927315224333306,7.807872563730454,-3.760907325648424,-12.901060910359558,1.6841534259744677e-13
137.83381996073706,21.376851513383702,7.7951072037572935,-3.8044522686690256,-12.921395780578983,1.347322740779574e-13
138.10439764867456,21.825565229968586,7.782722222947871,-3.848155885236663,-12.939928293206053,1.347322740779574e-13
138.37736437599685,22.273442183070205,7.770723453182599,-3.892022510898333,-12.956659944542357,1.0104920555846805e-13
138.65276867728429,22.720467787913943,7.759116726341891,-3.9360563537393305,-12.971592089962478,1.347322740779574e-13
138.93066007409553,23.166627054581753,7.7479078743061605,-3.980261488787096,-12.984725940817093,1.347322740779574e-13
139.21108909678088,23.611904576287724,7.73710272895582,-4.024641852151252,-12.996062561318965,1.0104920555846805e-13
139.49410730657618,24.05628451730691,7.7267071221712795,-4.069201234885764,-13.005602865417105,3.368306851948935e-14
139.77976731796235,24.499750600547234,7.716726885832955,-4.1139432765586275,-13.013347613665047,1.347322740779574e-13
140.06812282127265,24.942286094754333,7.707167851821257,-4.158871458513655,-13.019297410089708,1.347322740779574e-13
140.35922860552935,25.383873801339877,7.698035852016599,-4.203989096808426,-13.023452699068251,1.347322740779574e-13
140.65314058148647,25.824496040822396,7.689336718299394,-4.2492993348115515,-13.025813762220816,1.0104920555846805e-13
140.9499158048545,26.264134638870548,7.6810762825500545,-4.29480513544181,-13.026380715328198,1.0104920555846805e-13
141.2496124996794,26.702770911939066,7.673260376648995,-4.340509273030936,-13.025153505284084,1.6841534259744677e-13
141.5522900818439,27.140385652485982,7.665894832476624,-4.386414324790984,-13.022131907092792,1.347322740779574e-13
141.85800918265764,27.576959113761486,7.658985481913358,-4.4325226618665,-13.017315520924182,1.0104920555846805e-13
142.16683167249693,28.012470994157642,7.652538156839606,-4.478836439950853,-13.010703769238912,1.0104920555846805e-13
142.4788206844519,28.446900421108605,7.646558689135784,-4.525357589445348,-13.002295893998074,1.347322740779574e-13
142.79404063793473,28.880225934531566,7.641052910682305,-4.572087805138832,-12.992090953972921,0.0
143.11255726219656,29.31242546979744,7.636026653359578,-4.619028535384718,-12.98008782217163,1.0104920555846805e-13
143.4344376196969,29.743476340222184,7.631485749048018,-4.666180970751491,-12.966285183401581,6.73661370389787e-14
143.75975012926298,30.1733552190684,7.627436029628038,-4.713546032121972,-12.950681531987534,3.368306851948935e-14
144.0885645889719,30.602038121048473,7.623883326980052,-4.761124358215782,-12.933275169667542,6.73661370389787e-14
144.42095219867997,31.02950038331954,7.62083347298447,-4.808916292508577,-12.914064203690694,1.0104920555846805e-13
144.75698558211892,31.455716645962102,7.6182922995217055,-4.856921869520945,-12.893046545142575,1.347322740779574e-13
145.09673880847043,31.8806608319342,7.616265638472171,-4.905140800448952,-12.870219907526746,-3.368306851948935e-14
145.44028741332255,32.30430612649318,7.614759321716281,-4.953572458107798,-12.845581805632825,6.73661370389787e-14
145.787708418904,32.726624956079355,7.613779181134444,-5.002215861159172,-12.819129554724308,3.368306851948935e-14
146.13908035348243,33.14758896665427,7.613331048607077,-5.051069657592351,-12.790860270082023,-3.368306851948935e-14
146.4944832698044,33.567169001489525,7.613420756014592,-5.1001321074286565,-12.760770866941922,1.6841534259744677e-13
146.85399876244367,33.9853350784017,7.6140541352374,-5.149401064618155,-12.72885806086915,3.368306851948935e-14
147.2177099839147,34.40205636643102,7.615237018155915,-5.198873958097468,-12.695118368613496,-3.368306851948935e-14
147.58570165939568,34.81730116196178,7.616975236650548,-5.248547771976998,-12.659548109494892,1.0104920555846805e-13
147.9580600998946,35.231036864285116,7.619274622601711,-5.298419024826003,-12.62214340737139,1.347322740779574e-13
148.3348732136778,35.64322995060557,7.622141007889824,-5.3484837480239165,-12.582900193245909,3.368306851948935e-14
148.71623051576756,36.05384595049523,7.62558022439529,-5.39873746314654,-12.541814208572351,1.347322740779574e-13
149.1022231353008,36.46284941980138,7.629598103998527,-5.449175158356272,-12.498881009325924,-3.368306851948935e-14
149.49294382052557,36.870203914015285,7.634200478579947,-5.499791263766194,-12.45409597090744,6.73661370389787e-14
149.8884869411962,37.275871961113296,7.639393180019962,-5.550579625748735,-12.407454293955979,1.347322740779574e-13
150.28894848811072,37.67981503388321,7.645182040198986,-5.601533480161125,-12.358951011149754,-3.368306851948935e-14
150.69442606951736,38.08199352175289,7.6515728909974285,-5.652645424461217,-12.308580995080206,6.73661370389787e-14
151.10501890409756,38.482366702140936,7.658571564295706,-5.703907388689533,-12.256338967290146,3.368306851948935e-14
151.5208278102138,38.88089271135317,7.666183891974229,-5.755310605295704,-12.202219508572657,-6.73661370389787e-14
151.94195519109087,39.27752851505269,7.674415705913411,-5.8068455777904,-12.146217070633561,1.0104920555846805e-13
152.36850501557765,39.672229878336026,7.683272837993663,-5.85850204820753,-12.088325989226648,-3.368306851948935e-14
152.80058279411494,40.06495133545215,7.692761120095402,-5.9102689633652785,-12.02854049887744,-3.368306851948935e-14
153.23829554951266,40.45564615920701,7.702886384099035,-5.962134439919602,-11.966854749318,3.368306851948935e-14
153.6817517821165,40.84426633010165,7.71365446188498,-6.014085728209024,-11.903262823762127,-3.368306851948935e-14
154.13106142892005,41.230762505258106,7.725071185333645,-6.066109174896001,-11.837758759157486,0.0
154.58633581615538,41.615083987194176,7.737142386325445,-6.118190184417157,-11.770336568558074,0.0
155.04768760486937,41.997178692515135,7.749873896740794,-6.170313179262819,-11.700990265767707,6.73661370389787e-14
155.5152307289689,42.376993120598165,7.763271548460104,-6.222461559115327,-11.629713892412266,1.0104920555846805e-13
155.9890803251938,42.75447232235397,7.777341173363783,-6.274617658885867,-11.556501547605391,-3.368306851948935e-14
156.4693526544508,43.12955986915829,7.79208860333225,-6.326762705700876,-11.481347420379068,3.368306851948935e-14
156.95616501391842,43.5021978220561,7.807519670245917,-6.3788767749018715,-11.404245825057169,3.368306851948935e-14
157.44963563930918,43.87232670135088,7.823640205985192,-6.4309387451364435,-11.325191239755934,0.0
157.9498835966522,44.23988545670253,7.8404560424304925,-6.482926252633742,-11.244178348201123,3.368306851948935e-14
158.45702866293928,44.604811437868456,7.857973011462228,-6.534815644774907,-11.16120208505636,-3.368306851948935e-14
158.9711911949566,44.9670403662347,7.876196944960814,-6.586581933087226,-11.076257684961323,6.73661370389787e-14
159.49249198560875,45.32650630729645,7.89513367480666,-6.638198745811642,-10.98934073548147,0.0
160.0210521070248,45.6831416442606,7.914789032880179,-6.689638280214787,-10.900447234172837,0.0
160.55699273972698,46.03687705295702,7.935168851061791,-6.740871254841134,-10.809573649965934,-6.73661370389787e-14
161.1004349871334,46.38764147825951,7.956278961231899,-6.7918668619263665,-10.716716989071426,3.368306851948935e-14
161.65149967466405,46.735362112232835,7.97812519527092,-6.842592720220772,-10.62187486560699,-3.368306851948935e-14
162.21030713272066,47.079964374237214,8.000713385059267,-6.893014828501106,-10.525045577139558,0.0
162.7769769628201,47.421371893238245,8.02404936247735,-6.943097520080829,-10.426228185328846,0.0
163.35162778617587,47.759506492586326,8.048138959405582,-6.992803418661634,-10.32542260184725,0.0
163.93437697404428,48.094288177546055,8.072988007724382,-7.042093395904537,-10.222629679737238,-6.73661370389787e-14
164.52534035918498,48.42563512587336,8.098602339314155,-7.090926531134936,-10.11785131034922,-3.368306851948935e-14
165.12463192782633,48.75346368175452,8.12498778605532,-7.13926007363441,-10.011090525981386,-3.368306851948935e-14
165.7323634915782,49.07768835343786,8.152150179828281,-7.187049408010895,-9.90235160831666,-3.368306851948935e-14
166.34864433880014,49.39822181490586,8.180095352513458,-7.234248023179058,-9.7916402027208,3.368306851948935e-14
