galstreams/tracks/track.st.Gaia-2.ibata2020.ecsv
# %ECSV 0.9
# ---
# datatype:
# - {name: ra, unit: deg, datatype: float64}
# - {name: dec, unit: deg, datatype: float64}
# - {name: distance, unit: kpc, datatype: float64}
# - {name: pm_ra_cosdec, unit: mas / yr, datatype: float64}
# - {name: pm_dec, unit: mas / yr, datatype: float64}
# - {name: radial_velocity, unit: km / s, datatype: float64}
# delimiter: ','
# meta: !!omap
# - __serialized_columns__:
#     dec:
#       __class__: astropy.coordinates.angles.Latitude
#       unit: &id001 !astropy.units.Unit {unit: deg}
#       value: !astropy.table.SerializedColumn {name: dec}
#     distance:
#       __class__: astropy.coordinates.distances.Distance
#       unit: !astropy.units.Unit {unit: kpc}
#       value: !astropy.table.SerializedColumn {name: distance}
#     pm_dec:
#       __class__: astropy.units.quantity.Quantity
#       unit: !astropy.units.Unit {unit: mas / yr}
#       value: !astropy.table.SerializedColumn {name: pm_dec}
#     pm_ra_cosdec:
#       __class__: astropy.units.quantity.Quantity
#       unit: !astropy.units.Unit {unit: mas / yr}
#       value: !astropy.table.SerializedColumn {name: pm_ra_cosdec}
#     ra:
#       __class__: astropy.coordinates.angles.Longitude
#       unit: *id001
#       value: !astropy.table.SerializedColumn {name: ra}
#       wrap_angle: !astropy.coordinates.Angle
#         unit: *id001
#         value: 360.0
#     radial_velocity:
#       __class__: astropy.units.quantity.Quantity
#       unit: !astropy.units.Unit {unit: km / s}
#       value: !astropy.table.SerializedColumn {name: radial_velocity}
# schema: astropy-2.0
ra,dec,distance,pm_ra_cosdec,pm_dec,radial_velocity
1.8375177435965917,-8.453090649276426,7.017003795725454,0.31725468434101145,0.5849062025660305,4.210383564936169e-15
1.8648007533800066,-8.521459601505518,7.013277831409746,0.2953310335621325,0.5534590508062363,3.1577876737021266e-15
1.8923138068601617,-8.589692411059934,7.009673662824345,0.27396290818214114,0.5226937746040521,2.6314897280851058e-15
1.9200548678171614,-8.657790346814807,7.00619001897008,0.25314482822847767,0.4926044363487267,3.1577876737021266e-15
1.9480219001759107,-8.725754677558998,7.002825628847784,0.2328713132032754,0.46318509880706105,2.8946387008936164e-15
1.9762128679767221,-8.793586671998378,6.99957922145829,0.21313688204983136,0.4344298251412929,3.1577876737021266e-15
2.0046257353469943,-8.861287598760386,6.996449525802428,0.19393605312221385,0.4063326789243501,1.842042809659574e-15
2.0332584664729665,-8.92885872639827,6.9934352708810295,0.17526334415795458,0.37888772415251976,2.368340755276595e-15
2.062109025572499,-8.996301323396615,6.990535185694929,0.15711327225376565,0.35208902525558156,2.6314897280851058e-15
2.0911753768679446,-9.063616658176517,6.987747999244955,0.13948035384423593,0.32593064710445707,2.6314897280851058e-15
2.1204554845600176,-9.13080599910201,6.98507244053194,0.12235910468345011,0.3004066550164205,2.1051917824680845e-15
2.1499473128017095,-9.197870614486154,6.982507238556719,0.10574403982947288,0.2755111147579149,1.5788938368510633e-15
2.1796488256731816,-9.2648117725983,6.98005112232012,0.08962967363165648,0.25123809254502777,2.1051917824680845e-15
2.209557987156867,-9.331630741671301,6.977702820822975,0.07401051972071174,0.2275816550416689,1.5788938368510633e-15
2.2396727611130482,-9.3983287899091,6.975461063066117,0.05888109100149401,0.2045358693554963,1.5788938368510633e-15
2.2699911112562607,-9.46490718549531,6.973324578050379,0.044235899648453134,0.1820948030316381,1.842042809659574e-15
2.3005110011316914,-9.531367196601375,6.971292094776589,0.030069457103698023,0.1602525240442556,1.4473193504468082e-15
2.3312303940925494,-9.59771009139596,6.969362342245582,0.016376274077623713,0.13900310078599298,1.5788938368510633e-15
2.3621472532774086,-9.663937138053953,6.967534049458188,0.0031508605520534395,0.11834060205535936,1.7104683232553186e-15
2.3932595415884856,-9.730049604766593,6.965805945415244,-0.009612274214155486,0.09825909704208606,1.1183831344361698e-15
2.4245652216698805,-9.79604875975123,6.9641767591175725,-0.021918621677089096,0.0787526553105058,1.3157448640425529e-15
2.456062255886734,-9.861935871262224,6.962645219566012,-0.033773673997385775,0.05981534678099862,1.3157448640425529e-15
2.4877486063043244,-9.927712207601404,6.961210055761391,-0.045182924027527244,0.04144124170954437,1.1512767560372338e-15
2.519622234668067,-9.99337903712967,6.959869996704545,-0.056151865296856736,0.02362441066543051,1.1348299452367018e-15
2.551681102383436,-10.058937628278168,6.958623771396302,-0.06668599199437154,0.006358924507155792,1.097824620935505e-15
2.583923170496739,-10.12438924956052,6.957470108837494,-0.07679079894933924,-0.010361145643427924,1.0361490804335103e-15
2.616346399675986,-10.189735169584887,6.956407738028957,-0.0864717816097815,-0.02654172842868981,8.881277832287232e-16
2.648948750192126,-10.254976657066381,6.955435387971516,-0.09573443601887302,-0.04218875228447065,8.881277832287232e-16
2.6817281819009677,-10.320114980840236,6.95455178766601,-0.10458425878930161,-0.05730814547096649,8.552341616276593e-16
2.714682654225016,-10.385151409874608,6.953755666113265,-0.11302674707563329,-0.07190583610520203,8.552341616276593e-16
2.7478101261361405,-10.450087213284384,6.953045752314116,-0.12106739854472956,-0.08598775219505547,7.236596752234041e-16
2.781108556138102,-10.514923660344584,6.952420775269393,-0.12871171134426138,-0.09955982167478995,7.236596752234041e-16
2.8145759022499197,-10.579662020504735,6.951879463979928,-0.1359651840693613,-0.11262797244205117,6.578724320212764e-16
2.8482101219890694,-10.64430356340283,6.951420547446554,-0.14283331572746344,-0.12519813239629263,3.9472345921276583e-16
2.8820091723554917,-10.70884955888026,6.951042754670104,-0.14932160570136924,-0.13727622947858478,5.262979456170211e-16
2.9159710098154354,-10.773301276996285,6.950744814651406,-0.15543555371058765,-0.14886819171276874,3.9472345921276583e-16
2.950093590286055,-10.83765998804346,6.9505254563912935,-0.1611806597709881,-0.1599799472479154,3.9472345921276583e-16
2.984374869120004,-10.90192696256281,6.950383408890599,-0.16656242415281466,-0.1706174244020491,1.3157448640425528e-16
3.0188128010903195,-10.966103471359295,6.9503174011501505,-0.17158634733709766,-0.1807865517070949,3.9472345921276583e-16
3.0534053403758885,-11.030190785517924,6.950326162170787,-0.17625792997051176,-0.19049325795501376,0.0
3.088150440546734,-11.094190176419437,6.950408420953334,-0.18058267281871682,-0.19974347224508163,2.6314897280851057e-16
3.123046054550052,-11.15810291575692,6.950562906498626,-0.18456607671822645,-0.20854312403227696,5.262979456170211e-16
3.1580901346960157,-11.2219302755519,6.950788347807494,-0.18821364252684597,-0.21689814317673736,2.6314897280851057e-16
3.1932806326443197,-11.285673528171392,6.951083473880772,-0.19153087107271807,-0.22481445999424451,2.6314897280851057e-16
3.2286154993904788,-11.349333946344395,6.951447013719286,-0.19452326310202148,-0.23229800530770323,0.0
3.2640926852528387,-11.41291280317932,6.951877696323873,-0.19719631922535866,-0.23935471049957155,0.0
3.2997101398593336,-11.476411372180854,6.952374250695365,-0.1995555398628766,-0.24599050756520824,0.0
3.3354658121349425,-11.53983092726776,6.952935405834589,-0.20160642518816008,-0.2522113291670989,0.0
3.3713576502888736,-11.603172742790086,6.953559890742384,-0.20335447507093465,-0.2580231086899205,-2.6314897280851057e-16
3.4073836018023944,-11.666438093547246,6.954246434419574,-0.20480518901862393,-0.2634317802964124,-5.262979456170211e-16
3.443541613416569,-11.729628254805794,6.954993765866994,-0.20596406611679624,-0.2684432789840112,-2.6314897280851057e-16
3.47982963112016,-11.792744502317316,6.9558006140854785,-0.2068366049685418,-0.27306354064221655,5.262979456170211e-16
3.5162456001380327,-11.855788112336985,6.956665708075858,-0.20742830363282047,-0.27729850211065027,-2.6314897280851057e-16
3.5527874649192546,-11.918760361641505,6.957587776838958,-0.20774465956181623,-0.2811541012377721,5.262979456170211e-16
3.58945316912586,-11.981662527547952,6.95856554937562,-0.2077911695373392,-0.28463627694021393,-2.6314897280851057e-16
3.6262406556212716,-12.044495887931994,6.959597754686667,-0.20757332960631364,-0.2877509692627023,-2.6314897280851057e-16
3.6631478664593566,-12.107261721246962,6.960683121772938,-0.2070966350153874,-0.2905041194385262,-2.6314897280851057e-16
3.7001727428731424,-12.169961306542277,6.961820379635261,-0.20636658014470516,-0.2929016699505192,0.0
3.737313225264137,-12.232595923482757,6.963008257274469,-0.20538865844087897,-0.2949495645925201,5.262979456170211e-16
3.7745672531912993,-12.295166852367238,6.964245483691393,-0.20416836234919683,-0.2966537485312741,-5.262979456170211e-16
3.8119327653605812,-12.357675374148016,6.965530787886863,-0.2027111832451057,-0.2980201683687434,-7.8944691842553165e-16
3.8494076996142543,-12.420122770449881,6.966862898861716,-0.20102261136500396,-0.29905477220478877,-5.262979456170211e-16
3.8869899929203626,-12.482510323589228,6.968240545616778,-0.19910813573638653,-0.2997635097001897,-5.262979456170211e-16
3.924677581362558,-12.544839316593727,6.969662457152885,-0.19697324410737144,-0.3001523321399679,-7.8944691842553165e-16
3.96246840012956,-12.607111033221331,6.971127362470867,-0.19462342287565143,-0.3002271924969792,-5.262979456170211e-16
4.000360383505198,-12.669326757980118,6.972633990571554,-0.19206415701690388,-0.2999940454957419,0.0
4.038351464858012,-12.731487776147386,6.97418107045578,-0.18930093001269566,-0.2994588476764637,0.0
4.076439576631424,-12.793595373789609,6.975767331124377,-0.1863392237779203,-0.2986275574592378,-2.6314897280851057e-16
4.114622650333464,-12.855650837781619,6.9773915015781744,-0.18318451858780357,-0.2975061352083719,-2.6314897280851057e-16
4.152898616527028,-12.9176554558266,6.979052310818007,-0.17984229300451177,-0.2961005432968165,-5.262979456170211e-16
4.191265404819695,-12.979610516475363,6.980748487844706,-0.17631802380340125,-0.29441674617066105,-5.262979456170211e-16
4.229720943854034,-13.041517309146325,6.982478761659102,-0.17261718589894318,-0.29246071041366317,-7.8944691842553165e-16
4.268263161297621,-13.103377124145043,6.984241861262028,-0.16874525227035914,-0.2902384048117785,-2.6314897280851057e-16
4.306889983833061,-13.165191252683744,6.986036515654314,-0.16470769388700504,-0.2877558004176582,-2.6314897280851057e-16
4.345599337148369,-13.226960986901348,6.987861453836793,-0.16050997963353558,-0.28501887061508246,-2.6314897280851057e-16
4.384389145926825,-13.288687619882733,6.989715404810295,-0.1561575762348884,-0.2820335911832958,-5.262979456170211e-16
4.423257333837369,-13.350372445678818,6.991597097575655,-0.15165594818111916,-0.2788059403612129,-2.6314897280851057e-16
4.462201823524464,-13.41201675932579,6.993505261133701,-0.14701055765212714,-0.27534189891146355,0.0
4.5012205365984235,-13.473621856865101,6.995438624485269,-0.1422268644423011,-0.2716474501842416,-2.6314897280851057e-16
4.54031139362523,-13.5351890353627,6.997395916631187,-0.1373103258851262,-0.2677285801809305,-1.0525958912340423e-15
4.579472314116794,-13.596719592928947,6.999375866572289,-0.13226639677778168,-0.2635912776174696,-7.8944691842553165e-16
4.618701216520685,-13.658214828737732,7.0013772033094055,-0.12710052930576737,-0.25924153398743194,2.6314897280851057e-16
4.657996018210293,-13.719676043046318,7.00339865584337,-0.12181817296759306,-0.2546853436247814,-5.262979456170211e-16
4.697354635474435,-13.781104537214379,7.0054389531750125,-0.11642477449956413,-0.24992870376627752,-5.262979456170211e-16
4.736774983507357,-13.842501613723652,7.007496824305166,-0.11092577780069969,-0.24497761461349682,-2.6314897280851057e-16
4.776254976398349,-13.903868576197079,7.0095709982346595,-0.1053266238578173,-0.23983807939444174,2.6314897280851057e-16
4.815792527121262,-13.965206729417861,7.011660203964328,-0.09963275067081787,-0.2345161044247007,-2.6314897280851057e-16
4.855385547524267,-14.026517379348915,7.013763170495002,-0.09384959317820686,-0.2290176991681362,-5.262979456170211e-16
4.895031948319008,-14.087801833151534,7.015878626827514,-0.08798258318288421,-0.2233488762970628,-5.262979456170211e-16
4.934729639070179,-14.149061399204703,7.018005301962695,-0.08203714927824,-0.2175156517518903,-2.6314897280851057e-16
4.974476528184463,-14.210297387123576,7.0201419249013775,-0.07601871677458678,-0.21152404480019674,2.6314897280851057e-16
5.014270522899849,-14.27151110777858,7.022287224644391,-0.0699327076259662,-0.20538007809520545,-2.6314897280851057e-16
5.054109529274308,-14.332703873313703,7.024439930192571,-0.06378454035736267,-0.19908977773363212,-7.8944691842553165e-16
5.093991452174843,-14.393876997165368,7.026598770546746,-0.05757962999235764,-0.19265917331287435,-2.6314897280851057e-16
5.133914195265864,-14.455031794080455,7.028762474707748,-0.05132338798126078,-0.18609429798751195,-7.8944691842553165e-16
5.173875660997896,-14.516169580134925,7.030929771676411,-0.04502122212975034,-0.17940118852508918,-5.262979456170211e-16
5.213873750595788,-14.577291672751786,7.033099390453567,-0.03867853652805867,-0.17258588536114955,-5.262979456170211e-16
5.253906364046752,-14.638399390718979,7.035270060040045,-0.03230073148073567,-0.16565443265349067,-2.6314897280851057e-16
5.29397140008854,-14.69949405420754,7.037440509436678,-0.025893203437025433,-0.15861287833561363,-2.6314897280851057e-16
5.334066756196942,-14.760576984788955,7.039609467644298,-0.019461344921890736,-0.15146727416933467,-2.6314897280851057e-16
5.374190328573584,-14.82164950545305,7.041775663663736,-0.013010544467717872,-0.14422367579652934,-7.8944691842553165e-16
5.414340012133065,-14.882712940625087,7.043937826495824,-0.006546186546738626,-0.13688814278998257,-5.262979456170211e-16
5.454513700490222,-14.943768616183153,7.046094685141395,-7.365150420207255e-05,-0.12946673870331238,-5.262979456170211e-16
5.494709285946967,-15.004817859475153,7.048244968601281,0.006401684507668589,-0.12196553111994016,-6.578724320212764e-16
5.534924659478963,-15.065861999335688,7.050387405876311,0.012874449594900467,-0.11439059170107686,-5.262979456170211e-16
5.57515771072204,-15.126902366102705,7.0525207259673195,0.019339276186141015,-0.10674799623269729,-7.8944691842553165e-16
5.615406327958358,-15.187940291634016,7.054643657875135,0.025790801096139782,-0.09904382467147355,-3.9472345921276583e-16
5.655668398102317,-15.248977109323574,7.0567549306005946,0.0322236655883077,-0.09128416118963685,-2.6314897280851057e-16
5.6959418066861645,-15.310014154117559,7.058853273144524,0.03863251543631819,-0.08347509421874198,-2.6314897280851057e-16
5.736224437845377,-15.371052762530264,7.060937414507761,0.04501200098471585,-0.07562271649230258,-6.578724320212764e-16
5.776514174303692,-15.432094272659754,7.06300608369113,0.05135677720849797,-0.0677331250872713,-3.289362160106382e-16
5.8168088973578875,-15.49314002420331,7.065058009695472,0.057661503771634134,-0.059812421464333174,-4.605107024148935e-16
5.857106486862226,-15.554191358472647,7.067091921521611,0.06392084508448806,-0.051866711506986414,-3.9472345921276583e-16
5.897404821212594,-15.615249618408889,7.069106548170382,0.0701294703601073,-0.04390210555938107,-3.289362160106382e-16
5.937701777330318,-15.676316148597342,7.071100618642616,0.07628205366934625,-0.035924718462884975,-3.289362160106382e-16
5.9779952306456305,-15.737392295281966,7.073072861939145,0.08237327399478483,-0.027940669591353023,-3.289362160106382e-16
6.018283055080809,-15.798479406379647,7.075022007060801,0.08839781528341027,-0.01995608288506646,-4.934043240159574e-16
6.0585631230329415,-15.859578831494199,7.076946783008417,0.0943503664980254,-0.011977086883316338,-4.934043240159574e-16
6.098833305356352,-15.920691921930102,7.078845918782821,0.10022562166734598,-0.004009814755603403,-3.0015429710970734e-16
6.139091471344616,-15.981820030705935,7.080718143384848,0.10601827993475475,0.0039395956685761135,-3.7827664841223394e-16
6.17933548871224,-16.042964512567643,7.08256218581533,0.11172304560567399,0.0118650018713869,-3.289362160106382e-16
6.2195632235758955,-16.10412672400141,7.084376775075097,0.11733462819352038,0.01976025661977855,-4.605107024148935e-16
6.259772540435302,-16.165308023246297,7.086160640164982,0.12284774246420765,0.02761920794010974,-2.3025535120744674e-16
6.299961302153645,-16.22650977030661,7.087912510085816,0.12825710847915983,0.03543569909429909,-3.289362160106382e-16
6.340127369937612,-16.28773332696393,7.08963111383843,0.13355745163679728,0.043203568557528806,-3.289362160106382e-16
6.38026860331697,-16.348980056788882,7.091315180423656,0.13874350271246258,0.05091664999753501,-3.9472345921276583e-16
6.420382860123715,-16.410251325152547,7.092963438842329,0.14380999789674406,0.05856877225550663,-2.6314897280851057e-16
6.46046799647075,-16.471548499237617,7.094574618095276,0.14875167883216617,0.0661537593286268,0.0
6.500521866730111,-16.532872948049214,7.096147447183333,0.15356329264820442,0.07366543035428269,-3.9472345921276583e-16
6.540542323510722,-16.594226042425326,7.09768065510733,0.15823959199458998,0.08109759959597111,-2.6314897280851057e-16
6.580527217635641,-16.655609155047014,7.099172970868096,0.16277533507286654,0.08844407643093158,-3.9472345921276583e-16
6.620474398118838,-16.717023660448206,7.100623123466466,0.16716528566616096,0.09569866533953324,-2.6314897280851057e-16
6.660381712141439,-16.778470935025158,7.102029841903275,0.17140421316712984,0.10285516589644421,-1.3157448640425528e-16
6.700247005027477,-16.839952357045615,7.103391855179346,0.1754868926040447,0.10990737276361372,1.3157448640425528e-16
