galstreams/tracks/track.st.C-5.ibata2021.ecsv
# %ECSV 1.0
# ---
# datatype:
# - {name: ra, unit: deg, datatype: float64}
# - {name: dec, unit: deg, datatype: float64}
# - {name: distance, unit: kpc, datatype: float64}
# - {name: pm_ra_cosdec, unit: mas / yr, datatype: float64}
# - {name: pm_dec, unit: mas / yr, datatype: float64}
# - {name: radial_velocity, unit: km / s, datatype: float64}
# delimiter: ','
# meta: !!omap
# - __serialized_columns__:
#     dec:
#       __class__: astropy.coordinates.angles.Latitude
#       unit: &id001 !astropy.units.Unit {unit: deg}
#       value: !astropy.table.SerializedColumn {name: dec}
#     distance:
#       __class__: astropy.coordinates.distances.Distance
#       unit: !astropy.units.Unit {unit: kpc}
#       value: !astropy.table.SerializedColumn {name: distance}
#     pm_dec:
#       __class__: astropy.units.quantity.Quantity
#       unit: !astropy.units.Unit {unit: mas / yr}
#       value: !astropy.table.SerializedColumn {name: pm_dec}
#     pm_ra_cosdec:
#       __class__: astropy.units.quantity.Quantity
#       unit: !astropy.units.Unit {unit: mas / yr}
#       value: !astropy.table.SerializedColumn {name: pm_ra_cosdec}
#     ra:
#       __class__: astropy.coordinates.angles.Longitude
#       unit: *id001
#       value: !astropy.table.SerializedColumn {name: ra}
#       wrap_angle: !astropy.coordinates.Angle
#         unit: *id001
#         value: 360.0
#     radial_velocity:
#       __class__: astropy.units.quantity.Quantity
#       unit: !astropy.units.Unit {unit: km / s}
#       value: !astropy.table.SerializedColumn {name: radial_velocity}
# schema: astropy-2.0
ra,dec,distance,pm_ra_cosdec,pm_dec,radial_velocity
[from data line 142]
114.87628842581094,35.959571503868695,3.854634493565413,-0.9475317094810958,-10.98918666692983,65.2165715917982
114.88719016161437,35.95486100731617,3.8575643039294367,-0.9463896180361724,-10.980982044399406,65.21035497366957
114.89809326578289,35.950153890544996,3.860488448530535,-0.9452502413651342,-10.972822287537872,65.20378950013345
114.90899772062261,35.945450121831,3.863406987314008,-0.9441135742237363,-10.96470716847611,65.19688503568489
114.91990350842656,35.94074966945672,3.8663199802251516,-0.9429796112723632,-10.95663645934887,65.18965144481858
114.93081061147474,35.936052501711394,3.8692274872092653,-0.9418483470759611,-10.94860993229484,65.18209859202966
114.94171901203406,35.931358586890966,3.8721295682116477,-0.9407197761039106,-10.94062735945662,65.17423634181291
114.95262869235837,35.92666789329814,3.8750262831775952,-0.9395938927299796,-10.932688512980814,65.16607455866328
114.96353963468849,35.921980389242286,3.877917692052407,-0.9384706912322303,-10.92479316501803,65.15762310707574
114.97445182125213,35.91729604303953,3.88080385478138,-0.9373501657929215,-10.91694108772292,65.14889185154523
114.98536523426392,35.91261482301274,3.8836848313098145,-0.9362323104984296,-10.909132053254218,65.13989065656665
114.99627985592542,35.90793669749153,3.886560681583007,-0.9351171193391776,-10.901365833774761,65.13062938663478
115.00719566842514,35.903261634812196,3.889431465546256,-0.9340045862095523,-10.893642201451545,65.12111790624473
115.01811265393849,35.898589603317824,3.89229724314486,-0.9328947049078153,-10.885960928455734,65.11136607989143
115.02903079462774,35.89392057135825,3.8951580743241156,-0.9317874691360228,-10.878321786962715,65.1013837720697
115.03995007264217,35.889254507290055,3.898014019029323,-0.9306828724999554,-10.870724549152104,65.09118084727449
115.05087047011789,35.88459137947656,3.9008651372057797,-0.9295809085090445,-10.863168987207803,65.08076717000075
115.06179196917789,35.87993115628789,3.9037114887987823,-0.9284815705762708,-10.855654873318041,65.07015260474337
115.07271455193225,35.875273806100864,3.9065531337536306,-0.9273848520181365,-10.84818197967537,65.05934701599725
115.0836382004778,35.87061929729911,3.909390132015622,-0.9262907460545358,-10.840750078476724,65.0483602682574
115.09456289689824,35.86596759827302,3.912222543530056,-0.9251992458087059,-10.833358941923457,65.03720222601872
115.10548862326434,35.86131867741979,3.915050428242228,-0.9241103443071723,-10.82600834222136,65.02588275377614
115.11641536163356,35.856672503143365,3.9178738460974376,-0.9230240344796341,-10.818698051580707,65.01441171602447
115.12734309405047,35.85202904385448,3.920692857040984,-0.9219403091589378,-10.811427842216277,65.00279897725878
115.13827180254638,35.84738826797065,3.923507521018163,-0.9208591610809682,-10.804197486347391,64.99105440197391
115.14920146913958,35.84275014391619,3.926317897974275,-0.9197805828846093,-10.797006756197952,64.97918785466486
115.16013207583524,35.83811464012222,3.9291240478546166,-0.9187045671116509,-10.789855423996471,64.96720919982639
115.17106360462545,35.83348172502664,3.931926030604486,-0.9176311062067457,-10.782743261976096,64.95512830195356
115.18199603748911,35.82885136707414,3.9347239061691828,-0.9165601925173128,-10.775670042374657,64.94295502554137
115.19292935639216,35.82422353471625,3.937517734494002,-0.9154918182935043,-10.768635537434687,64.93069923508453
115.20386354328733,35.819598196411285,3.9403075755242454,-0.9144259756881166,-10.76163951940346,64.91837079507815
115.21479858011426,35.8149753206244,3.943093489205208,-0.9133626567565281,-10.754681760533025,64.90597957001702
115.22573444879956,35.8103548758275,3.945875535482191,-0.9123018534566518,-10.747762033080242,64.89353542439615
115.23667113125666,35.805736830499384,3.9486537743004892,-0.9112435576488545,-10.7408801093068,64.88104822271042
115.24760860938589,35.801121153125656,3.9514282656054043,-0.9101877610959015,-10.73403576147927,64.86852782945473
115.25854686507455,35.79650781219871,3.9541990693422306,-0.9091344554629073,-10.72722876186912,64.85598410912408
115.26948588019675,35.791896776217804,3.9569662454562686,-0.9080836323172536,-10.720458882752757,64.84342692621334
115.2804256366136,35.78728801368901,3.959729853892816,-0.9070352831285491,-10.71372589641156,64.83086614521753
115.29136611617305,35.78268149312525,3.962489954597171,-0.905989399268571,-10.707029575131912,64.8183116306314
115.30230730070998,35.77807718304629,3.965246607514631,-0.9049459720111925,-10.700369691205223,64.80577324694998
115.31324917204616,35.77347505197873,3.9679998725904935,-0.9039049925323335,-10.693746016927978,64.79326085866816
115.32419171199018,35.76887506845602,3.9707498097700604,-0.9028664519099103,-10.687158324601757,64.78078433028094
115.33513490233778,35.76427720101844,3.9734964789986247,-0.9018303411237913,-10.68060638653328,64.76835352628315
115.34607872487143,35.75968141821313,3.9762399402214883,-0.9007966510557126,-10.674089975034411,64.75597831116974
115.35702316136049,35.75508768859411,3.978980253383948,-0.8997653724892505,-10.667608862422242,64.74366854943564
115.36796819356137,35.75049598072224,3.9817174784313005,-0.898736496109767,-10.661162821019067,64.73143410557584
115.37891380321727,35.74590626316525,3.984451675308847,-0.8977100125043509,-10.654751623152457,64.71928484408512
115.3898599720584,35.741318504497734,3.9871829039618816,-0.8966859121617614,-10.648375041155276,64.7072306294585
115.40080668180182,35.73673267330114,3.989911224335707,-0.8956641854723997,-10.642032847365698,64.69528132619092
115.4117539141516,35.732148738163794,3.9926366963756172,-0.8946448227282531,-10.635724814127279,64.6834467987772
115.42270165079866,35.72756666768091,3.9953593800269136,-0.8936278141228291,-10.629450713788945,64.67173691171239
115.43364987342088,35.72298643045456,3.998079335234891,-0.8926131497511376,-10.623210318705054,64.66016152949132
115.44459856368313,35.718407995093706,4.00079662194485,-0.8916008196096308,-10.617003401235419,64.64873051660899
115.45554770323712,35.7138313302142,4.003511300102089,-0.8905908135961522,-10.61082973374533,64.6374537375603
115.4664972737216,35.70925640443875,4.006223429651904,-0.8895831215099017,-10.6046890886056,64.62634105684013
115.47744725676219,35.70468318639698,4.008933070539595,-0.8885777330513953,-10.598581238192594,64.6154023389434
115.4883976339715,35.7001116447254,4.011640282710459,-0.8875746378224236,-10.592505954888264,64.60464744836509
115.49934838694911,35.69554174806743,4.014345126109795,-0.8865738253259869,-10.58646301108016,64.5940862496001
115.51029949728151,35.690973465073334,4.0170476606829,-0.8855752849662952,-10.58045217916149,64.58372860714339
115.52125094654218,35.68640676440032,4.019747946375072,-0.8845790060486967,-10.574473231531126,64.57358438548978
115.53220271629156,35.681841614712496,4.022446043131611,-0.8835849777796532,-10.568525940593666,64.56366344913428
115.54315478807709,35.67727798468086,4.025142010897814,-0.882593189266696,-10.56261007875943,64.55397566257174
115.55410714343314,35.67271584298333,4.027835909618978,-0.8816036295183967,-10.556725418444524,64.54453089029722
115.56505976388108,35.66815515830471,4.030527799240403,-0.8806162874443269,-10.55087173207084,64.53533899680552
115.5760126309293,35.663595899336734,4.033217739707386,-0.8796311518550235,-10.545048792066122,64.52640984659159
115.58696572607305,35.65903803477807,4.035905790965225,-0.8786482114619472,-10.539256370863965,64.51775330415042
115.59791903079481,35.654481533334256,4.038592012959218,-0.8776674548774812,-10.533494240903876,64.50937923397679
115.60887252656391,35.649926363717775,4.041276465634664,-0.8766888706148492,-10.527762174631267,64.50129750056576
115.61982619483663,35.64537249464804,4.043959208936862,-0.8757124470881261,-10.522059944497538,64.49351796841218
115.63078001705644,35.640819894851376,4.046640302811106,-0.8747381726121812,-10.51638732296005,64.48605050201104
115.64173397465365,35.63626853306104,4.049319807202699,-0.8737660354026637,-10.510744082482208,64.47890496585721
115.65268804904568,35.63171837801722,4.051997782056936,-0.8727960235759711,-10.505129995533458,64.47209122444563
115.663642221637,35.62716939846702,4.054674287319116,-0.8718281251492166,-10.499544834589326,64.46561914227118
115.67459647381912,35.62262156316449,4.057349382934538,-0.870862328040213,-10.493988372131467,64.45949858382887
115.68555078697051,35.618074840870634,4.0600231288485,-0.8698986200674232,-10.488460380647659,64.45373941361355
115.69650514245681,35.61352920035335,4.062695585006299,-0.8689369889499754,-10.48296063263188,64.44835149612015
115.7074595216306,35.608984610387495,4.065366811353231,-0.8679774223075842,-10.477488900584298,64.44334469584366
115.71841390583162,35.604441039754896,4.0680368678346,-0.8670199076605929,-10.47204495701131,64.43872887727893
115.72936827638661,35.59989845724428,4.070705814395698,-0.8660644324298805,-10.46662857442561,64.4345139049209
115.74032261460945,35.595356831651344,4.073373710981828,-0.8651109839369049,-10.461239525346159,64.43070964326452
115.75127690180105,35.59081613177872,4.076040617538286,-0.8641595494036354,-10.455877582298264,64.4273259568047
115.76223111924946,35.586276326436,4.078706594010369,-0.8632101159525662,-10.450542517813584,64.42437271003635
115.7731852482298,35.58173738443975,4.081371700343378,-0.8622626706066616,-10.445234104430174,64.42185976745441
115.78413927000432,35.57719927461343,4.084035996482607,-0.861317200289383,-10.439952114692499,64.41979699355377
115.79509316582235,35.57266196578751,4.086699542373357,-0.8603736918246323,-10.434696321151474,64.41819425282942
115.80604691692042,35.56812542679939,4.089362397960926,-0.8594321319367575,-10.429466496364501,64.41706140977621
115.81700050452207,35.56358962649344,4.092024623190611,-0.8584925072505216,-10.424262412895485,64.41640832888912
115.82795390983812,35.559054533720975,4.094686278007711,-0.8575548042911159,-10.419083843314878,64.41624487466306
115.83890711406642,35.5545201173403,4.097347422357525,-0.856619009484116,-10.413930560199685,64.41658091159293
115.84986009839206,35.54998634621668,4.100008116185349,-0.855685109155488,-10.408802336133533,64.41742630417366
115.86081284398723,35.54545318922232,4.102668419436482,-0.8547530895315623,-10.403698943706653,64.41879091690019
115.87176533201139,35.540920615236395,4.105328392056224,-0.8538229367390469,-10.39862015551596,64.42068461426744
115.88271754361112,35.53638859314507,4.107988093989868,-0.8528946368049968,-10.393565744165041,64.42311726077035
115.89366945992019,35.531857091841474,4.1106475851827184,-0.8519681756568045,-10.388535482264196,64.4260987209038
115.90462106205959,35.527326080225706,4.113306925580069,-0.851043539122208,-10.383529142430488,64.4296388591627
115.91557233113748,35.52279552720484,4.115966175127219,-0.8501207129292618,-10.378546497287749,64.43374754004205
115.92652324824932,35.51826540169291,4.118625393769467,-0.849199682706359,-10.37358731946661,64.43843462803673
115.93747379447775,35.513735672610956,4.121284641452112,-0.8482804339821941,-10.368651381604536,64.44370998764167
115.94842395089269,35.50920630888698,4.123943978120449,-0.8473629521857973,-10.363738456345885,64.44958348335179
115.95937369855123,35.50467727945597,4.126603463719779,-0.8464472226464848,-10.358848316341874,64.45606497966197
115.97032301849782,35.50014855325986,4.1292631581954,-0.8455332305938934,-10.353980734250653,64.46316434106721
115.9812718917641,35.49562009924761,4.1319231214926075,-0.8446209611579572,-10.349135482737324,64.4708914320624
115.99222029936908,35.491091886375145,4.134583413556703,-0.8437103993689297,-10.34431233447397,64.47925611714244
116.003168222319,35.48656388360539,4.137244094332982,-0.8428015301573568,-10.339511062139685,64.48826826080229
116.01411564160745,35.482036059908204,4.139905223766745,-0.8418943383540949,-10.334731438420592,64.49793772753688
116.02506253821524,35.4775083842605,4.142566861803288,-0.8409888086903097,-10.32997323600989,64.50827438184109
116.03600889311062,35.47298082564614,4.145229068387909,-0.8400849257974725,-10.325236227607867,64.5192880882099
116.04695468724911,35.46845335305598,4.147891903465909,-0.8391826742073762,-10.320520185921923,64.53098871113814
116.0578999015736,35.46392593548787,4.150555426982582,-0.8382820383521303,-10.31582488366663,64.54338611512082
116.06884451701437,35.45939854194664,4.153219698883228,-0.8373830025641689,-10.311150093563729,64.55649016465291
116.079788514489,35.45487114144414,4.155884779113146,-0.8364855510762621,-10.306495588342164,64.57031072422917
116.09073187490253,35.450343702999184,4.158550727617634,-0.8355896680215151,-10.30186114073812,64.5848576583446
116.10167457914731,35.44581619563757,4.161217604341988,-0.8346953374333772,-10.29724652349505,64.60014083149422
116.1126166081032,35.441288588392126,4.16388546923151,-0.8338025432456639,-10.292651509363676,64.61617010817287
116.12355794263735,35.43676085030268,4.166554382231494,-0.8329112692925453,-10.288075871102073,64.63295535287537
116.13449856360452,35.432232950416,4.16922440328724,-0.8320214993085853,-10.28351938147564,64.6505064300968
116.14543845184676,35.42770485778588,4.171895592344047,-0.8311332169287229,-10.278981813257156,64.66883320433206
116.15637758819364,35.423176541473126,4.174568009347211,-0.8302464056883081,-10.274462939226797,64.68794554007606
116.1673159534622,35.41864797054555,4.177241714242032,-0.8293610490231043,-10.26996253217218,64.70785330182363
116.17825352845693,35.41411911407791,4.179916766973806,-0.8284771302693055,-10.265480364888374,64.72856635406983
116.18919029396987,35.40958994115203,4.182593227487833,-0.8275946326635553,-10.261016210177925,64.75009456130951
116.20012623078047,35.405060420856685,4.18527115572941,-0.8267135393429514,-10.256569840850897,64.77244778803765
116.21106131965584,35.400530522287674,4.187950611643837,-0.8258338333450843,-10.25214102972489,64.79563589874905
116.22199554135055,35.39600021454778,4.19063165517641,-0.8249554976080464,-10.247729549625067,64.81966875793881
116.23292887660669,35.391469466746805,4.193314346272428,-0.8240785149704255,-10.243335173384196,64.8445562301017
116.24386130615396,35.386938248001556,4.195998744877188,-0.8232028681713683,-10.238957673842645,64.87030817973272
116.25479281070963,35.382406527435805,4.19868491093599,-0.8223285398505795,-10.23459682384844,64.89693447132679
116.26572337097855,35.37787427418038,4.201372904394131,-0.8214555125483316,-10.23025239625728,64.92444496937874
116.27665296765319,35.373341457373066,4.20406278519691,-0.8205837687055157,-10.225924163932554,64.95284953838369
116.2875815814136,35.36880804615868,4.206754613289623,-0.8197132906636422,-10.22161189974538,64.98215804283633
116.29850919292757,35.36427400968902,4.20944844861757,-0.8188440606648784,-10.217315376574629,65.01238034723178
116.30943578285036,35.35973931712291,4.212144351126049,-0.8179760608520663,-10.213034367306953,65.04352631606493
116.32036133182505,35.35520393762617,4.214842380760357,-0.8171092732687519,-10.208768644836795,65.07560581383056
116.33128582048235,35.35066784037163,4.217542597465793,-0.8162436798592236,-10.204517982066445,65.10862870502368
116.34220922944066,35.346130994539095,4.220245061187655,-0.8153792624685123,-10.200282151906029,65.14260485413926
116.35313153930602,35.3415933693154,4.222949831871242,-0.8145160028424501,-10.196060927273574,65.17754412567223
116.36405273067234,35.337054933894386,4.22565696946185,-0.8136538826276931,-10.191854081095002,65.2134563841174
116.37497278412116,35.33251565747688,4.2283665339047785,-0.8127928833717353,-10.187661386304166,65.25035149396979
116.38589168022177,35.32797550927074,4.231078585145325,-0.8119329865229581,-10.183482615842882,65.28823931972433
116.39680939953122,35.32343445849082,4.233793183128789,-0.8110741734306637,-10.179317542660957,65.3271297258759
116.40772592259451,35.31889247435894,4.236510387800467,-0.8102164253451001,-10.175165939716187,65.36703257691939
