galstreams/tracks/track.st.Cetus.yam2013.ecsv
# %ECSV 0.9
# ---
# datatype:
# - {name: ra, unit: deg, datatype: float64}
# - {name: dec, unit: deg, datatype: float64}
# - {name: distance, unit: kpc, datatype: float64}
# - {name: pm_ra_cosdec, unit: mas / yr, datatype: float64}
# - {name: pm_dec, unit: mas / yr, datatype: float64}
# - {name: radial_velocity, unit: km / s, datatype: float64}
# delimiter: ','
# meta: !!omap
# - __serialized_columns__:
#     dec:
#       __class__: astropy.coordinates.angles.Latitude
#       unit: &id001 !astropy.units.Unit {unit: deg}
#       value: !astropy.table.SerializedColumn {name: dec}
#     distance:
#       __class__: astropy.coordinates.distances.Distance
#       unit: !astropy.units.Unit {unit: kpc}
#       value: !astropy.table.SerializedColumn {name: distance}
#     pm_dec:
#       __class__: astropy.units.quantity.Quantity
#       unit: !astropy.units.Unit {unit: mas / yr}
#       value: !astropy.table.SerializedColumn {name: pm_dec}
#     pm_ra_cosdec:
#       __class__: astropy.units.quantity.Quantity
#       unit: !astropy.units.Unit {unit: mas / yr}
#       value: !astropy.table.SerializedColumn {name: pm_ra_cosdec}
#     ra:
#       __class__: astropy.coordinates.angles.Longitude
#       unit: *id001
#       value: !astropy.table.SerializedColumn {name: ra}
#       wrap_angle: !astropy.coordinates.Angle
#         unit: *id001
#         value: 360.0
#     radial_velocity:
#       __class__: astropy.units.quantity.Quantity
#       unit: !astropy.units.Unit {unit: km / s}
#       value: !astropy.table.SerializedColumn {name: radial_velocity}
# schema: astropy-2.0
ra,dec,distance,pm_ra_cosdec,pm_dec,radial_velocity
[from data line 1398]
25.274108404572022,8.843186269097354,30.48775972562202,-5.551115123125782e-17,-2.7755575615628914e-17,-124.53490501767632
25.278147178996402,8.852356979102204,30.489047066775072,1.1102230246251565e-16,-2.7755575615628914e-17,-124.55861647920564
25.28218631108727,8.861527578312971,30.490333554841033,5.551115123125783e-17,-5.551115123125783e-17,-124.58232266679713
25.28622580079133,8.870698066799475,30.491619191303617,-5.551115123125783e-17,0.0,-124.60602357991054
25.29026564805532,8.879868444631521,30.492903977646527,0.0,-5.551115123125783e-17,-124.62971921800566
25.29430585282602,8.889038711878912,30.49418791535347,-1.1102230246251565e-16,-2.7755575615628914e-17,-124.65340958054227
25.298346415050222,8.89820886861139,30.495471005908154,0.0,-2.7755575615628914e-17,-124.67709466698017
25.302387334674815,8.907378914898839,30.496753250794306,5.551115123125783e-17,-2.7755575615628914e-17,-124.70077447677912
25.30642861164666,8.916548850810988,30.49803465149561,-5.551115123125783e-17,0.0,-124.7244490093989
25.310470245912665,8.925718676417603,30.499315209495787,5.551115123125783e-17,-5.551115123125783e-17,-124.74811826429925
25.31451223741979,8.934888391788451,30.500594926278545,0.0,-1.1102230246251565e-16,-124.77178224094
25.318554586115027,8.944057996993289,30.501873803327587,-1.1102230246251564e-16,-2.7755575615628914e-17,-124.79544093878084
25.322597291945403,8.953227492101854,30.503151842126623,5.551115123125783e-17,-8.326672684688674e-17,-124.81909435728164
25.326640354857933,8.96239687718384,30.504429044159373,-5.551115123125782e-17,-2.7755575615628914e-17,-124.84274249590224
25.330683774799777,8.971566152309085,30.505705410909528,0.0,0.0,-124.86638535410219
25.334727551718032,8.980735317547255,30.50698094386081,-5.551115123125783e-17,-5.551115123125783e-17,-124.89002293134146
25.33877168555987,8.989904372968072,30.508255644496934,1.1102230246251564e-16,-2.7755575615628914e-17,-124.91365522707974
25.342816176272486,8.999073318641246,30.509529514301583,0.0,-2.7755575615628914e-17,-124.93728224077685
25.34686102380311,9.008242154636475,30.51080255475849,0.0,-5.551115123125783e-17,-124.96090397189252
25.350906228099028,9.017410881023459,30.512074767351347,5.551115123125783e-17,-5.551115123125783e-17,-124.98452041988655
25.354951789107506,9.026579497871827,30.513346153563866,0.0,-5.551115123125783e-17,-125.00813158421873
25.358997706775938,9.03574800525137,30.51461671487977,-5.551115123125783e-17,-2.7755575615628914e-17,-125.03173746434885
25.36304398105168,9.044916403231703,30.515886452782762,0.0,-5.551115123125783e-17,-125.05533805973664
25.367090611882134,9.054084691882496,30.517155368756537,-1.1102230246251565e-16,-1.1102230246251565e-16,-125.07893336984188
25.37113759921476,9.063252871273406,30.518423464284812,0.0,-5.551115123125783e-17,-125.10252339412438
25.375184942997034,9.072420941474078,30.5196907408513,5.551115123125783e-17,-2.7755575615628914e-17,-125.1261081320439
25.37923264317646,9.081588902554167,30.5209571999397,5.551115123125782e-17,-5.551115123125783e-17,-125.14968758306019
25.38328069970058,9.09075675458324,30.522222843033738,0.0,-8.326672684688674e-17,-125.17326174663305
25.387329112517037,9.099924497631049,30.5234876716171,5.551115123125783e-17,-2.7755575615628914e-17,-125.19683062222228
25.391377881573405,9.109092131767152,30.524751687173506,5.551115123125783e-17,-8.326672684688674e-17,-125.22039420928763
25.395427006817357,9.11825965706117,30.526014891186676,5.551115123125783e-17,-2.7755575615628914e-17,-125.24395250728887
25.39947648819658,9.127427073582705,30.527277285140293,5.551115123125783e-17,2.7755575615628914e-17,-125.26750551568581
25.40352632565881,9.136594381401359,30.52853887051809,5.551115123125783e-17,0.0,-125.29105323393816
25.407576519151796,9.145761580586726,30.529799648803763,0.0,-2.7755575615628914e-17,-125.31459566150576
25.41162706862332,9.154928671208342,30.531059621481027,1.1102230246251565e-16,-2.7755575615628914e-17,-125.33813279784839
25.415677974021257,9.164095653335888,30.532318790033578,0.0,-8.326672684688674e-17,-125.36166464242574
25.41972923529346,9.173262527038885,30.533577155945142,0.0,-5.551115123125783e-17,-125.38519119469767
25.42378085238782,9.182429292386892,30.534834720699415,-5.551115123125783e-17,-8.326672684688674e-17,-125.408712454124
25.427832825252285,9.19159594944948,30.53609148578011,0.0,-5.551115123125783e-17,-125.43222842016438
25.431885153834813,9.20076249829619,30.53734745267094,-5.551115123125783e-17,-2.7755575615628914e-17,-125.45573909227865
25.435937838083426,9.209928938996564,30.5386026228556,-5.551115123125782e-17,-8.326672684688674e-17,-125.47924446992654
25.439990877946133,9.219095271620095,30.539856997817814,-5.551115123125783e-17,0.0,-125.50274455256792
25.44404427337106,9.228261496236412,30.541110579041288,0.0,-8.326672684688674e-17,-125.52623933966254
25.448098024306297,9.237427612914988,30.54236336800972,-5.551115123125783e-17,-5.551115123125783e-17,-125.54972883067009
25.452152130699993,9.246593621725339,30.543615366206826,0.0,-1.1102230246251565e-16,-125.57321302505045
25.456206592500322,9.255759522736975,30.544866575116323,-5.551115123125783e-17,-5.551115123125783e-17,-125.59669192226335
25.46026140965551,9.264925316019399,30.546116996221897,0.0,-8.326672684688674e-17,-125.62016552176854
25.464316582113806,9.274091001642102,30.54736663100728,0.0,-5.551115123125783e-17,-125.64363382302584
25.468372109823463,9.283256579674527,30.548615480956173,-5.551115123125783e-17,-2.7755575615628914e-17,-125.66709682549501
25.472427992732854,9.292422050186255,30.54986354755228,-5.551115123125782e-17,-5.551115123125783e-17,-125.69055452863586
25.47648423079032,9.301587413246713,30.551110832279313,-5.551115123125783e-17,-5.551115123125783e-17,-125.71400693190809
25.480540823944246,9.310752668925371,30.552357336620982,0.0,-2.7755575615628914e-17,-125.7374540347715
25.48459777214305,9.319917817291685,30.553603062060997,-5.551115123125782e-17,-1.1102230246251565e-16,-125.76089583668595
25.48865507533521,9.329082858415115,30.554848010083052,0.0,-8.326672684688674e-17,-125.78433233711111
25.492712733469205,9.33824779236511,30.556092182170868,5.551115123125782e-17,-5.551115123125783e-17,-125.80776353550684
25.49677074649354,9.347412619211056,30.557335579808168,-5.551115123125783e-17,-8.326672684688674e-17,-125.83118943133283
25.50082911435684,9.356577339022495,30.558578204478636,5.551115123125782e-17,-2.7755575615628914e-17,-125.85461002404895
25.504887837007672,9.365741951868802,30.559820057665995,5.551115123125783e-17,-2.7755575615628914e-17,-125.87802531311488
25.508946914394663,9.3749064578194,30.561061140853944,-1.6653345369377348e-16,-5.551115123125783e-17,-125.90143529799046
25.513006346466494,9.384070856943705,30.5623014555262,-5.551115123125783e-17,-5.551115123125783e-17,-125.9248399781355
25.517066133171863,9.393235149311124,30.563541003166463,-5.551115123125783e-17,0.0,-125.94823935300967
25.521126274459508,9.40239933499106,30.56477978525845,5.551115123125783e-17,-5.551115123125783e-17,-125.97163342207281
25.525186770278175,9.411563414052855,30.566017803285867,0.0,-8.326672684688674e-17,-125.99502218478472
25.529247620576726,9.420727386566007,30.567255058732425,0.0,0.0,-126.01840564060511
25.533308825303966,9.429891252599845,30.568491553081827,0.0,-5.551115123125783e-17,-126.04178378899377
25.537370384408778,9.439055012223736,30.569727287817788,-1.1102230246251565e-16,-8.326672684688674e-17,-126.06515662941055
25.54143229784008,9.448218665507065,30.570962264424008,0.0,-8.326672684688674e-17,-126.08852416131516
25.545494565546807,9.457382212519189,30.572196484384204,0.0,0.0,-126.1118863841674
25.54955718747795,9.466545653329463,30.573429949182078,5.551115123125782e-17,-5.551115123125783e-17,-126.135243297427
25.553620163582487,9.475708988007185,30.574662660301357,-5.551115123125782e-17,-8.326672684688674e-17,-126.1585949005538
25.55768349380952,9.484872216621808,30.57589461922572,0.0,-5.551115123125783e-17,-126.18194119300755
25.561747178108114,9.494035339242615,30.577125827438888,0.0,-8.326672684688674e-17,-126.205282174248
25.565811216427377,9.503198355938936,30.578356286424576,0.0,-8.326672684688674e-17,-126.22861784373497
25.56987560871647,9.5123612667801,30.57958599766649,0.0,-2.7755575615628914e-17,-126.25194820092823
25.573940354924574,9.521524071835428,30.580814962648343,5.551115123125783e-17,0.0,-126.27527324528755
25.578005455000913,9.530686771174222,30.58204318285383,1.1102230246251565e-16,-5.551115123125783e-17,-126.29859297627266
25.582070908894714,9.53984936486575,30.583270659766672,-5.551115123125783e-17,-5.551115123125783e-17,-126.32190739334338
25.586136716555327,9.549011852979406,30.584497394870574,-5.551115123125783e-17,-5.551115123125783e-17,-126.34521649595949
25.590202877932043,9.558174235584437,30.585723389649246,0.0,-2.7755575615628914e-17,-126.36852028358078
25.594269392974226,9.567336512750135,30.586948645586393,0.0,-2.7755575615628914e-17,-126.39181875566703
25.598336261631268,9.57649868454577,30.588173164165724,0.0,-8.326672684688674e-17,-126.41511191167793
25.60240348385259,9.58566075104063,30.589396946870952,-5.551115123125782e-17,-8.326672684688674e-17,-126.43839975107333
25.606471059587662,9.594822712303982,30.590619995185772,-1.6653345369377348e-16,-2.7755575615628914e-17,-126.46168227331303
25.610538988785965,9.603984568405028,30.59184231059392,-5.551115123125783e-17,-8.326672684688674e-17,-126.48495947785673
25.614607271397066,9.613146319413142,30.593063894579068,-1.1102230246251565e-16,-2.7755575615628914e-17,-126.50823136416425
25.61867590737051,9.622307965397518,30.594284748624965,0.0,-2.7755575615628914e-17,-126.53149793169538
25.622744896655888,9.631469506427399,30.595504874215287,0.0,-8.326672684688674e-17,-126.55475917990987
25.626814239202844,9.640630942572031,30.59672427283376,-5.551115123125783e-17,-5.551115123125783e-17,-126.57801510826752
25.630883934961044,9.649792273900637,30.597942945964093,-5.551115123125782e-17,-8.326672684688674e-17,-126.60126571622811
25.634953983880198,9.658953500482458,30.599160895089977,5.551115123125783e-17,-5.551115123125783e-17,-126.62451100325134
25.63902438591,9.668114622386653,30.60037812169514,5.551115123125783e-17,0.0,-126.64775096879706
25.643095141000284,9.677275639682541,30.601594627263285,0.0,-8.326672684688674e-17,-126.67098561232504
25.647166249100835,9.68643655243929,30.602810413278117,0.0,-5.551115123125783e-17,-126.69421493329503
25.651237710161475,9.695597360726095,30.604025481223346,5.551115123125783e-17,-5.551115123125783e-17,-126.71743893116685
25.65530952413209,9.704758064612157,30.605239832582686,0.0,-5.551115123125783e-17,-126.74065760540026
25.659381690962586,9.713918664166666,30.606453468839838,5.551115123125782e-17,-5.551115123125783e-17,-126.76387095545502
25.663454210602907,9.72307915945881,30.607666391478517,0.0,-8.326672684688674e-17,-126.78707898079087
25.667527083002998,9.73223955055772,30.608878601982425,-1.1102230246251565e-16,-5.551115123125783e-17,-126.81028168086766
25.67160030811293,9.741399837532668,30.610090101835276,0.0,-1.1102230246251565e-16,-126.83347905514512
25.67567388588271,9.750560020452776,30.611300892520774,0.0,-1.3877787807814457e-16,-126.85667110308306
25.679747816262427,9.759720099387208,30.612510975522632,0.0,-1.1102230246251565e-16,-126.87985782414121
25.683822099202185,9.768880074405121,30.613720352324556,-5.551115123125783e-17,-2.7755575615628914e-17,-126.90303921777935
25.687896734652142,9.778039945575665,30.614929024410262,0.0,-8.326672684688674e-17,-126.92621528345732
25.691971722562467,9.787199712967984,30.616136993263446,1.1102230246251565e-16,-5.551115123125783e-17,-126.94938602063485
25.696047062883355,9.79635937665117,30.617344260367826,5.551115123125783e-17,-5.551115123125783e-17,-126.97255142877175
25.700122755565104,9.805518936694462,30.618550827207102,-5.551115123125782e-17,-8.326672684688674e-17,-126.9957115073277
25.70419880055798,9.814678393166936,30.619756695265004,0.0,-5.551115123125783e-17,-127.01886625576259
25.70827519781229,9.82383774613772,30.620961866025215,0.0,-5.551115123125783e-17,-127.04201567353614
25.712351947278396,9.832996995675918,30.622166340971454,5.551115123125783e-17,-2.7755575615628914e-17,-127.06515976010814
25.716429048906665,9.84215614185065,30.62337012158743,5.551115123125782e-17,-8.326672684688674e-17,-127.08829851493834
25.72050650264753,9.851315184731027,30.62457320935685,-5.551115123125783e-17,-1.3877787807814457e-16,-127.1114319374866
25.724584308451448,9.86047412438615,30.625775605763426,0.0,-1.1102230246251565e-16,-127.13456002721256
25.728662466268894,9.869632960885115,30.62697731229086,0.0,-8.326672684688674e-17,-127.15768278357608
25.7327409760504,9.87879169429701,30.628178330422873,1.1102230246251564e-16,-5.551115123125783e-17,-127.18080020603698
25.73681983774652,9.887950324690927,30.629378661643162,0.0,-5.551115123125783e-17,-127.20391229405493
25.740899051307842,9.897108852135936,30.630578307435435,0.0,-5.551115123125783e-17,-127.22701904708977
25.74497861668498,9.906267276701119,30.63177726928341,0.0,-5.551115123125783e-17,-127.25012046460127
25.7490585338286,9.915425598455538,30.632975548670792,0.0,-5.551115123125783e-17,-127.27321654604921
25.75313880268939,9.924583817468264,30.634173147081288,-5.551115123125783e-17,-2.7755575615628914e-17,-127.29630729089335
25.75721942321808,9.93374193380835,30.635370065998607,0.0,-5.551115123125783e-17,-127.31939269859349
25.76130039536542,9.942899947544849,30.636566306906452,0.0,-8.326672684688674e-17,-127.3424727686094
25.76538171908221,9.952057858746814,30.63776187128855,0.0,-5.551115123125783e-17,-127.3655475004008
25.76946339431927,9.96121566748328,30.63895676062858,-5.551115123125783e-17,-5.551115123125783e-17,-127.38861689342754
25.77354542102747,9.970373373823294,30.64015097641028,0.0,-8.326672684688674e-17,-127.41168094714939
25.7776277991577,9.979530977835879,30.641344520117347,1.1102230246251564e-16,-2.7755575615628914e-17,-127.43473966102604
25.78171052866088,9.988688479590063,30.642537393233482,0.0,-8.326672684688674e-17,-127.45779303451742
25.78579360948797,9.99784587915487,30.64372959724241,-5.551115123125782e-17,-5.551115123125783e-17,-127.48084106708315
25.78987704158999,10.007003176599316,30.644921133627815,1.1102230246251564e-16,-5.551115123125783e-17,-127.50388375818314
25.79396082491794,10.016160371992411,30.646112003873426,5.551115123125783e-17,-2.7755575615628914e-17,-127.526921107277
25.798044959422892,10.02531746540316,30.64730220946296,5.551115123125783e-17,-8.326672684688674e-17,-127.54995311382471
25.80212944505595,10.034474456900565,30.648491751880105,-5.551115123125783e-17,-8.326672684688674e-17,-127.57297977728588
25.806214281768238,10.043631346553623,30.649680632608575,-1.1102230246251564e-16,-8.326672684688674e-17,-127.5960010971204
25.810299469510927,10.052788134431326,30.65086885313208,0.0,-5.551115123125783e-17,-127.61901707278794
25.814385008235202,10.061944820602655,30.65205641493433,-5.551115123125783e-17,-1.1102230246251565e-16,-127.64202770374835
25.818470897892308,10.071101405136597,30.653243319499026,0.0,0.0,-127.66503298946141
25.8225571384335,10.080257888102116,30.654429568309897,0.0,-1.1102230246251565e-16,-127.68803292938684
25.826643729810083,10.089414269568195,30.655615162850633,0.0,-8.326672684688674e-17,-127.71102752298448
25.830730671973388,10.098570549603798,30.656800104604944,5.551115123125782e-17,-2.7755575615628914e-17,-127.73401676971407
25.83481796487478,10.10772672827788,30.65798439505655,-5.551115123125783e-17,-5.551115123125783e-17,-127.75700066903536
25.838905608465662,10.1168828056594,30.65916803568915,0.0,-8.326672684688674e-17,-127.77997922040825
25.842993602697458,10.126038781817313,30.66035102798645,-1.1102230246251564e-16,0.0,-127.80295242329234
25.847081947521648,10.135194656820557,30.661533373432164,-1.1102230246251565e-16,-5.551115123125783e-17,-127.82592027714752
