galstreams/tracks/track.st.GD-1.ibata2021.ecsv
# %ECSV 1.0
# ---
# datatype:
# - {name: ra, unit: deg, datatype: float64}
# - {name: dec, unit: deg, datatype: float64}
# - {name: distance, unit: kpc, datatype: float64}
# - {name: pm_ra_cosdec, unit: mas / yr, datatype: float64}
# - {name: pm_dec, unit: mas / yr, datatype: float64}
# - {name: radial_velocity, unit: km / s, datatype: float64}
# delimiter: ','
# meta: !!omap
# - __serialized_columns__:
#     dec:
#       __class__: astropy.coordinates.angles.Latitude
#       unit: &id001 !astropy.units.Unit {unit: deg}
#       value: !astropy.table.SerializedColumn {name: dec}
#     distance:
#       __class__: astropy.coordinates.distances.Distance
#       unit: !astropy.units.Unit {unit: kpc}
#       value: !astropy.table.SerializedColumn {name: distance}
#     pm_dec:
#       __class__: astropy.units.quantity.Quantity
#       unit: !astropy.units.Unit {unit: mas / yr}
#       value: !astropy.table.SerializedColumn {name: pm_dec}
#     pm_ra_cosdec:
#       __class__: astropy.units.quantity.Quantity
#       unit: !astropy.units.Unit {unit: mas / yr}
#       value: !astropy.table.SerializedColumn {name: pm_ra_cosdec}
#     ra:
#       __class__: astropy.coordinates.angles.Longitude
#       unit: *id001
#       value: !astropy.table.SerializedColumn {name: ra}
#       wrap_angle: !astropy.coordinates.Angle
#         unit: *id001
#         value: 360.0
#     radial_velocity:
#       __class__: astropy.units.quantity.Quantity
#       unit: !astropy.units.Unit {unit: km / s}
#       value: !astropy.table.SerializedColumn {name: radial_velocity}
# schema: astropy-2.0
ra,dec,distance,pm_ra_cosdec,pm_dec,radial_velocity
[from data line 2124]
131.5892620221913,9.645799850263352,8.225262461354998,-2.725867921590286,-11.827149546994972,164.33976798076725
131.59360187481707,9.654893837333342,8.224864790067405,-2.726672424121923,-11.828443796418142,164.29434813799918
131.59794225685695,9.663987609971864,8.224467206656977,-2.7274769333246587,-11.82973733151556,164.24892393665326
131.6022831685252,9.673081168126805,8.22406971116692,-2.728281449245145,-11.83103015231835,164.20349537786268
131.60662461003596,9.682174511745997,8.223672303640432,-2.7290859719300244,-11.832322258857639,164.15806246276094
131.61096658160358,9.691267640777207,8.223274984120726,-2.729890501425939,-11.833613651164532,164.11262519248112
131.61530908344244,9.700360555168327,8.222877752651009,-2.7306950377795314,-11.834904329270127,164.06718356815676
131.61965211576697,9.709453254867071,8.222480609274486,-2.731499581037418,-11.836194293205518,164.02173759092102
131.62399567879174,9.718545739821172,8.222083554034361,-2.732304131246233,-11.837483543001778,163.9762872619075
131.62833977273132,9.727638009978335,8.221686586973842,-2.73310868845259,-11.838772078689969,163.9308325822492
131.63268439780038,9.736730065286245,8.221289708136135,-2.7339132527031005,-11.840059900301158,163.88537355307946
131.63702955421368,9.745821905692566,8.220892917564447,-2.73471782404437,-11.841347007866391,163.8399101755318
131.641375242186,9.754913531144851,8.220496215301981,-2.735522402522995,-11.842633401416688,163.79444245073947
131.6457214619323,9.764004941590818,8.220099601391947,-2.736326988185576,-11.84391908098309,163.7489703798359
131.6500682136676,9.773096136977985,8.21970307587755,-2.737131581078701,-11.845204046596598,163.70349396395412
131.6544154976068,9.782187117253896,8.219306638801996,-2.737936181248947,-11.846488298288222,163.65801320422773
131.65876331396518,9.791277882366073,8.21891029020849,-2.738740788742893,-11.847771836088953,163.6125281017899
131.66311166295785,9.800368432262026,8.21851403014024,-2.7395454036071127,-11.84905466002977,163.567038657774
131.6674605448001,9.809458766889188,8.218117858640449,-2.740350025888171,-11.850336770141649,163.5215448733134
131.67180995970728,9.818548886195018,8.217721775752327,-2.7411546556326227,-11.851618166455543,163.47604674954133
131.67615990789477,9.827638790126882,8.217325781519076,-2.7419592928870222,-11.852898849002413,163.4305442875912
131.68051038957813,9.836728478632237,8.21692987598391,-2.7427639376979167,-11.854178817813178,163.38503748859623
131.68486140497293,9.845817951658413,8.216534059190026,-2.743568590111848,-11.855458072918786,163.33952635368993
131.68921295429482,9.85490720915275,8.216138331180636,-2.7443732501753515,-11.856736614350142,163.29401088400527
131.6935650377595,9.863996251062517,8.215742691998946,-2.74517791793496,-11.85801444213816,163.248491080676
131.69791765558276,9.87308507733501,8.215347141688156,-2.745982593437194,-11.859291556313728,163.20296694483528
131.70227080798048,9.882173687917478,8.21495168029148,-2.7467872767285697,-11.860567956907738,163.15743847761618
131.7066244951686,9.891262082757098,8.214556307852119,-2.7475919678556027,-11.861843643951065,163.11190568015255
131.71097871736316,9.900350261801139,8.214161024413281,-2.7483966668647954,-11.863118617474564,163.0663685535773
131.7153334747803,9.90943822499675,8.213765830018174,-2.7492013738026504,-11.864392877509093,163.02082709902376
131.71968876763611,9.918525972291047,8.213370724710002,-2.7500060887156614,-11.865666424085497,162.97528131762542
131.72404459614688,9.927613503631159,8.212975708531971,-2.7508108116503127,-11.866939257234602,162.9297312105154
131.72840096052897,9.936700818964155,8.212580781527286,-2.7516155426530937,-11.868211376987235,162.88417677882734
131.73275786099873,9.945787918237105,8.212185943739158,-2.752420281770476,-11.869482783374195,162.83861802369435
131.73711529777262,9.954874801397043,8.21179119521079,-2.7532250290489264,-11.87075347642629,162.79305494624964
131.74147327106724,9.963961468390904,8.211396535985388,-2.754029784534917,-11.872023456174304,162.7474875476269
131.74583178109916,9.973047919165783,8.211001966106156,-2.7548345482749,-11.87329272264902,162.7019158289592
131.75019082808518,9.982134153668577,8.210607485616306,-2.755639320315334,-11.874561275881197,162.65633979137974
131.754550412242,9.991220171846187,8.21021309455904,-2.756444100702661,-11.875829115901599,162.61075943602208
131.75891053378646,10.000305973645533,8.209818792977563,-2.757248889483318,-11.87709624274096,162.56517476401947
131.76327119293552,10.009391559013464,8.209424580915087,-2.7580536867037466,-11.87836265643002,162.51958577650524
131.76763238990617,10.018476927896783,8.20903045841481,-2.758858492410372,-11.879628356999504,162.4739924746126
131.77199412491555,10.027562080242385,8.208636425519945,-2.7596633066496183,-11.880893344480128,162.4283948594751
131.77635639818072,10.036647015997024,8.208242482273695,-2.760468129467897,-11.882157618902582,162.38279293222578
131.78071920991897,10.045731735107443,8.207848628719267,-2.761272960911624,-11.883421180297567,162.33718669399835
131.7850825603476,10.054816237520374,8.207454864899868,-2.7620778010272007,-11.884684028695757,162.2915761459257
131.789446449684,10.063900523182532,8.2070611908587,-2.7628826498610293,-11.885946164127828,162.24596128914138
131.79381087814556,10.07298459204057,8.206667606638979,-2.7636875074594958,-11.88720758662443,162.20034212477887
131.7981758459499,10.08206844404115,8.206274112283898,-2.7644923738689915,-11.888468296216216,162.15471865397112
131.8025413533146,10.091152079130836,8.205880707836672,-2.7652972491358954,-11.88972829293382,162.10909087785163
131.80690740045736,10.100235497256332,8.205487393340508,-2.7661021333065814,-11.890987576807866,162.06345879755372
131.81127398759594,10.109318698364136,8.205094168838606,-2.766907026427419,-11.892246147868972,162.01782241421083
131.81564111494814,10.118401682400782,8.204701034374176,-2.7677119285447693,-11.893504006147745,161.9721817289563
131.82000878273192,10.127484449312806,8.204307989990424,-2.7685168397049886,-11.894761151674773,161.92653674292316
131.82437699116522,10.136566999046662,8.203915035730555,-2.769321759954424,-11.896017584480633,161.88088745724485
131.82874574046616,10.145649331548821,8.203522171637776,-2.7701266893394223,-11.89727330459591,161.8352338730549
131.83311503085284,10.15473144676566,8.203129397755294,-2.7709316279063225,-11.898528312051155,161.78957599148643
131.83748486254356,10.163813344643673,8.202736714126313,-2.771736575701457,-11.89978260687692,161.74391381367275
131.8418552357565,10.172895025129177,8.202344120794042,-2.7725415327711445,-11.901036189103742,161.69824734074732
131.84622615071012,10.181976488168523,8.201951617801685,-2.773346499161714,-11.902289058762143,161.65257657384336
131.85059760762286,10.191057733708018,8.20155920519245,-2.7741514749194716,-11.90354121588265,161.60690151409432
131.85496960671318,10.200138761693959,8.201166883009538,-2.77495646009073,-11.904792660495765,161.56122216263327
131.85934214819977,10.209219572072607,8.200774651296161,-2.7757614547217893,-11.90604339263199,161.51553852059388
131.86371523230122,10.218300164790193,8.200382510095523,-2.776566458858942,-11.907293412321796,161.46985058910911
131.86808885923634,10.22738053979287,8.19999045945083,-2.777371472548477,-11.908542719595658,161.42415836931255
131.87246302922395,10.236460697026919,8.19959849940529,-2.7781764958366804,-11.909791314484043,161.3784618623374
131.87683774248296,10.245540636438442,8.199206630002111,-2.7789815287698314,-11.911039197017404,161.332761069317
131.88121299923233,10.254620357973565,8.198814851284492,-2.7797865713941934,-11.912286367226175,161.28705599138473
131.88558879969116,10.263699861578354,8.198423163295642,-2.7805916237560377,-11.913532825140793,161.24134662967393
131.88996514407856,10.272779147198914,8.198031566078768,-2.7813966859016155,-11.914778570791666,161.19563298531776
131.89434203261374,10.28185821478126,8.19764005967708,-2.782201757877182,-11.916023604209201,161.1499150594496
131.898719465516,10.290937064271354,8.197248644133781,-2.7830068397289836,-11.9172679254238,161.10419285320296
131.9030974430047,10.30001569561529,8.196857319492075,-2.7838119315032612,-11.91851153446585,161.05846636771096
131.9074759652993,10.309094108758968,8.196466085795173,-2.784617033246251,-11.919754431365721,161.01273560410695
131.91185503261934,10.31817230364831,8.196074943086272,-2.785422145004175,-11.920996616153783,160.96700056352438
131.91623464518437,10.327250280229215,8.19568389140859,-2.7862272668232597,-11.922238088860373,160.92126124709642
131.9206148032141,10.336328038447574,8.195292930805326,-2.787032398749714,-11.923478849515847,160.87551765595637
131.92499550692824,10.345405578249197,8.194902061319688,-2.787837540829753,-11.924718898150529,160.82976979123782
131.92937675654667,10.35448289957993,8.194511282994883,-2.788642693109575,-11.925958234794738,160.7840176540739
131.93375855228925,10.363560002385498,8.194120595874114,-2.789447855635377,-11.927196859478784,160.7382612455978
131.93814089437598,10.372636886611746,8.193730000000588,-2.7902530284533524,-11.928434772232968,160.6925005669431
131.94252378302696,10.381713552204388,8.193339495417517,-2.7910582116096827,-11.92967197308756,160.64673561924303
131.9469072184623,10.3907899991091,8.1929490821681,-2.7918634051505498,-11.930908462072853,160.6009664036308
131.95129120090218,10.399866227271568,8.192558760295546,-2.792668609122119,-11.932144239219102,160.55519292123986
131.9556757305669,10.408942236637442,8.192168529843062,-2.793473823570555,-11.93337930455656,160.5094151732035
131.96006080767688,10.418018027152335,8.191778390853852,-2.7942790485420255,-11.93461365811547,160.46363316065504
131.96444643245252,10.427093598761793,8.191388343371123,-2.7950842840826784,-11.935847299926069,160.41784688472774
131.96883260511436,10.436168951411476,8.190998387438084,-2.7958895302386573,-11.937080230018564,160.37205634655507
131.97321932588304,10.445244085046879,8.19060852309794,-2.7966947870561105,-11.938312448423169,160.32626154727026
131.97760659497914,10.454318999613484,8.19021875039389,-2.797500054581165,-11.939543955170087,160.28046248800678
131.98199441262352,10.463393695056803,8.18982906936915,-2.7983053328599503,-11.9407747502895,160.23465916989755
131.98638277903694,10.472468171322257,8.189439480066921,-2.799110621938592,-11.942004833811582,160.18885159407637
131.99077169444035,10.481542428355299,8.189049982530413,-2.799915921863198,-11.943234205766498,160.1430397616763
131.9951611590547,10.490616466101246,8.188660576802828,-2.8007212326798854,-11.944462866184404,160.0972236738308
131.9995511731011,10.499690284505569,8.188271262927373,-2.80152655443475,-11.945690815095434,160.0514033316729
132.0039417368007,10.50876388351357,8.187882040947256,-2.8023318871738914,-11.946918052529728,160.00557873633633
132.0083328503747,10.517837263070547,8.187492910905684,-2.8031372309434017,-11.948144578517397,159.95974988895418
132.01272451404438,10.526910423121787,8.18710387284586,-2.803942585789363,-11.94937039308856,159.91391679065973
132.01711672803117,10.535983363612548,8.18671492681099,-2.804747951757853,-11.95059549627331,159.86807944258652
132.02150949255645,10.54505608448804,8.186326072844281,-2.8055533288949377,-11.951819888101733,159.82223784586756
132.02590280784176,10.55412858569342,8.185937310988942,-2.806358717246688,-11.9530435686039,159.77639200163642
132.0302966741088,10.563200867173947,8.185548641288177,-2.8071641168591626,-11.95426653780988,159.73054191102642
132.0346910915792,10.57227292887473,8.18516006378519,-2.807969527778411,-11.955488795749726,159.6846875751707
132.03908606047472,10.581344770740863,8.184771578523195,-2.808774950050479,-11.956710342453466,159.63882899520286
132.04348158101723,10.590416392717435,8.184383185545386,-2.8095803837214097,-11.957931177951158,159.59296617225596
132.0478776534286,10.599487794749512,8.18399488489498,-2.810385828837231,-11.9591513022728,159.5470991074634
132.05227427793088,10.608558976782096,8.183606676615177,-2.8111912854439742,-11.960370715448407,159.50122780195858
132.05667145474612,10.617629938760206,8.183218560749186,-2.8119967535876556,-11.961589417507971,159.4553522568748
132.06106918409648,10.626700680628758,8.182830537340212,-2.812802233314288,-11.962807408481485,159.40947247334523
132.06546746620427,10.635771202332792,8.182442606431463,-2.8136077246698896,-11.964024688398919,159.36358845250342
132.06986630129168,10.644841503817172,8.182054768066143,-2.8144132277004497,-11.96524125729024,159.31770019548253
132.0742656895812,10.65391158502678,8.18166702228746,-2.8152187424519686,-11.966457115185394,159.27180770341596
132.07866563129525,10.662981445906464,8.181279369138617,-2.816024268970435,-11.967672262114329,159.22591097743708
132.0830661266564,10.672051086401062,8.180891808662821,-2.81682980730183,-11.968886698106973,159.18001001867913
132.08746717588724,10.681120506455379,8.180504340903282,-2.8176353574921267,-11.97010042319324,159.1341048282755
132.09186877921047,10.69018970601412,8.180116965903203,-2.818440919587296,-11.971313437403046,159.08819540735934
132.09627093684892,10.699258685022143,8.179729683705789,-2.819246493633301,-11.972525740766272,159.04228175706422
132.10067364902545,10.708327443424091,8.17934249435425,-2.8200520796760995,-11.973737333312819,158.9963638785233
132.10507691596297,10.717395981164675,8.178955397891789,-2.8208576777616394,-11.974948215072551,158.95044177286994
132.10948073788455,10.726464298188532,8.178568394361614,-2.8216632879358645,-11.976158386075332,158.90451544123738
132.1138851150132,10.73553239444029,8.17818148380693,-2.8224689102447122,-11.977367846351017,158.85858488475918
132.1182900475722,10.744600269864565,8.177794666270945,-2.8232745447341197,-11.978576595929443,158.81265010456838
132.12269553578471,10.753667924405903,8.17740794179686,-2.8240801914499976,-11.979784634840438,158.76671110179868
132.12710157987408,10.76273535800882,8.177021310427888,-2.824885850438272,-11.980991963113823,158.7207678775829
132.13150818006378,10.771802570617906,8.176634772207235,-2.82569152174485,-11.982198580779393,158.67482043305472
132.13591533657726,10.78086956217761,8.176248327178099,-2.8264972054156434,-11.983404487866954,158.62886876934735
132.1403230496381,10.789936332632395,8.175861975383695,-2.8273029014965454,-11.984609684406283,158.58291288759418
132.14473131946994,10.799002881926667,8.175475716867227,-2.8281086100334445,-11.985814170427158,158.53695278892846
132.1491401462965,10.808069210004833,8.175089551671896,-2.828914331072232,-11.987017945959337,158.49098847448354
132.15354953034165,10.817135316811273,8.174703479840915,-2.8297200646587886,-11.988221011032568,158.4450199453927
132.15795947182914,10.826201202290262,8.174317501417484,-2.830525810838974,-11.989423365676588,158.39904720278923
132.16236997098306,10.835266866386224,8.173931616444815,-2.8313315696586665,-11.99062500992113,158.3530702478066
132.16678102802746,10.844332309043395,8.173545824966112,-2.8321373411637247,-11.991825943795904,158.30708908157803
132.17119264318632,10.853397530206008,8.173160127024579,-2.8329431253999924,-11.993026167330616,158.26110370523708
132.175604816684,10.862462529818306,8.172774522663424,-2.8337489224133243,-11.99422568055496,158.21511411991676
132.1800175487447,10.871527307824488,8.172389011925855,-2.8345547322495577,-11.995424483498612,158.16912032675037
132.18443083959278,10.880591864168721,8.172003594855076,-2.835360554954523,-11.996622576191248,158.12312232687148
132.18884468945265,10.889656198795084,8.171618271494292,-2.8361663905740464,-11.997819958662527,158.0771201214133
132.19325909854896,10.89872031164779,8.171233041886712,-2.836972239153954,-11.99901663094209,158.03111371150908
132.19767406710616,10.90778420267087,8.17084790607554,-2.837778100740053,-12.00021259305958,157.98510309829223
