galstreams/tracks/track.st.Cetus-Palca.yuan2021.ecsv
# %ECSV 1.0
# ---
# datatype:
# - {name: ra, unit: deg, datatype: float64}
# - {name: dec, unit: deg, datatype: float64}
# - {name: distance, unit: kpc, datatype: float64}
# - {name: pm_ra_cosdec, unit: mas / yr, datatype: float64}
# - {name: pm_dec, unit: mas / yr, datatype: float64}
# - {name: radial_velocity, unit: km / s, datatype: float64}
# delimiter: ','
# meta: !!omap
# - __serialized_columns__:
#     dec:
#       __class__: astropy.coordinates.angles.Latitude
#       unit: &id001 !astropy.units.Unit {unit: deg}
#       value: !astropy.table.SerializedColumn {name: dec}
#     distance:
#       __class__: astropy.coordinates.distances.Distance
#       unit: !astropy.units.Unit {unit: kpc}
#       value: !astropy.table.SerializedColumn {name: distance}
#     pm_dec:
#       __class__: astropy.units.quantity.Quantity
#       unit: !astropy.units.Unit {unit: mas / yr}
#       value: !astropy.table.SerializedColumn {name: pm_dec}
#     pm_ra_cosdec:
#       __class__: astropy.units.quantity.Quantity
#       unit: !astropy.units.Unit {unit: mas / yr}
#       value: !astropy.table.SerializedColumn {name: pm_ra_cosdec}
#     ra:
#       __class__: astropy.coordinates.angles.Longitude
#       unit: *id001
#       value: !astropy.table.SerializedColumn {name: ra}
#       wrap_angle: !astropy.coordinates.Angle
#         unit: *id001
#         value: 360.0
#     radial_velocity:
#       __class__: astropy.units.quantity.Quantity
#       unit: !astropy.units.Unit {unit: km / s}
#       value: !astropy.table.SerializedColumn {name: radial_velocity}
# schema: astropy-2.0
ra,dec,distance,pm_ra_cosdec,pm_dec,radial_velocity
[from data line 7513]
27.791937099513984,-35.22106738177337,38.317191624463376,0.9060847547063049,-0.37610780422393914,-9.683882199353189e-14
27.79350782610995,-35.23250259687549,38.31513919736899,0.9062504079379549,-0.375836405749556,-7.157652060391487e-14
27.795078381765876,-35.24393798460234,38.31308432675701,0.9064161155215584,-0.3755648342406739,-7.157652060391487e-14
27.7966487662806,-35.255373545012844,38.311027012837464,0.9065818774145875,-0.3752930897335687,-7.578690416885104e-14
27.798218979453328,-35.26680927816598,38.30896725582164,0.9067476935744851,-0.3750211722645868,-7.999728773378721e-14
27.79978902108357,-35.278245184120586,38.30690505592198,0.9069135639586645,-0.374749081870146,-5.0524602779234026e-14
27.801358890971084,-35.289681262935254,38.30484041335221,0.9070794885245095,-0.37447681858673665,-6.315575347404254e-14
27.80292858891595,-35.301117514668476,38.30277332832722,0.9072454672293739,-0.3742043824509217,-6.73661370389787e-14
27.80449811471859,-35.3125539393787,38.30070380106315,0.9074115000305826,-0.3739317734993347,-3.789345208442552e-14
27.806067468179698,-35.323990537124274,38.29863183177734,0.9075775868854304,-0.3736589917686808,-1.0104920555846805e-13
27.80763664910027,-35.33542730796325,38.29655742068832,0.907743727751184,-0.37338603729573855,-7.157652060391487e-14
27.809205657281645,-35.346864251953754,38.294480568015906,0.9079099225850784,-0.37311291011735687,-6.73661370389787e-14
27.810774492525397,-35.35830136915359,38.292401273981056,0.9080761713443213,-0.3728396102704584,-6.315575347404254e-14
27.81234315463346,-35.369738659620566,38.29031953880602,0.9082424739860895,-0.3725661377920356,-8.420767129872338e-14
27.813911643408083,-35.38117612341242,38.288235362714204,0.9084088304675311,-0.37229249271915454,-6.73661370389787e-14
27.815479958651785,-35.39261376058655,38.286148745930255,0.9085752407457643,-0.37201867508895303,-7.157652060391487e-14
27.817048100167415,-35.404051571200455,38.28405968868006,0.9087417047778784,-0.37174468493863977,-6.73661370389787e-14
27.818616067758107,-35.41548955531131,38.2819681911907,0.9089082225209324,-0.3714705223054969,-7.157652060391487e-14
27.82018386122736,-35.42692771297635,38.27987425369051,0.909074793931957,-0.37119618722687747,-7.157652060391487e-14
27.8217514803789,-35.43836604425248,38.277777876409,0.9092414189679527,-0.3709216797402083,-6.315575347404254e-14
27.823318925016842,-35.4498045491967,38.27567905957692,0.9094080975858913,-0.3706469998829858,-6.73661370389787e-14
27.824886194945538,-35.46124322786566,38.273577803426285,0.9095748297427138,-0.37037214769278054,-7.999728773378721e-14
27.82645328996971,-35.47268208031604,38.271474108190276,0.9097416153953333,-0.3700971232072345,-6.73661370389787e-14
27.828020209894394,-35.4841211066044,38.26936797410333,0.9099084545006328,-0.36982192646406153,-7.578690416885104e-14
27.82958695452487,-35.495560306787,38.26725940140109,0.9100753470154662,-0.36954655750104803,-7.157652060391487e-14
27.831153523666813,-35.506999680920195,38.265148390320455,0.9102422928966578,-0.3692710163560521,-9.262843842859572e-14
27.832719917126138,-35.51843922905999,38.2630349410995,0.9104092921010025,-0.36899530306700523,-6.315575347404254e-14
27.83428613470911,-35.52987895126244,38.26091905397756,0.9105763445852668,-0.3687194176719095,-7.157652060391487e-14
27.835852176222346,-35.54131884758343,38.2588007291952,0.9107434503061864,-0.36844336020884016,-8.420767129872338e-14
27.837418041472702,-35.55275891807866,38.256679966994206,0.9109106092204682,-0.3681671307159444,-7.157652060391487e-14
27.83898373026738,-35.56419916280366,38.25455676761757,0.9110778212847903,-0.3678907292314427,-9.683882199353189e-14
27.840549242413896,-35.57563958181396,38.25243113130955,0.911245086455801,-0.3676141557936261,-7.999728773378721e-14
27.842114577720135,-35.58708017516495,38.25030305831561,0.9114124046901191,-0.36733741044085827,-9.262843842859572e-14
27.843679735994193,-35.59852094291174,38.24817254888242,0.9115797759443351,-0.36706049321157724,-6.73661370389787e-14
27.84524471704458,-35.6099618851095,38.246039603257955,0.9117472001750089,-0.36678340414429034,-7.578690416885104e-14
27.84680952068005,-35.621403001813086,38.24390422169133,0.9119146773386718,-0.36650614327757947,-8.841805486365955e-14
27.84837414670973,-35.632844293077376,38.24176640443295,0.9120822073918258,-0.3662287106500984,-5.894536990910637e-14
27.84993859494306,-35.6442857589571,38.23962615173443,0.9122497902909437,-0.3659511063005726,-6.315575347404254e-14
27.85150286518974,-35.65572739950672,38.23748346384862,0.9124174259924682,-0.3656733302678006,-7.999728773378721e-14
27.85306695725988,-35.667169214780756,38.23533834102961,0.9125851144528144,-0.365395382590653,-8.420767129872338e-14
27.85463087096383,-35.6786112048334,38.2331907835327,0.9127528556283667,-0.3651172633080738,-7.578690416885104e-14
27.856194606112304,-35.69005336971888,38.231040791614454,0.9129206494754807,-0.36483897245907776,-7.999728773378721e-14
27.857758162516344,-35.70149570949128,38.228888365532654,0.913088495950483,-0.3645605100827529,-5.4734986344170195e-14
27.85932153998729,-35.71293822420444,38.22673350554631,0.9132563950096708,-0.36428187621826064,-8.841805486365955e-14
27.86088473833678,-35.72438091391209,38.22457621191569,0.9134243466093113,-0.3640030709048344,-9.683882199353189e-14
27.86244775737683,-35.73582377866792,38.222416484902276,0.913592350705644,-0.36372409418177876,-7.157652060391487e-14
27.864010596919783,-35.74726681852548,38.22025432476878,0.9137604072548784,-0.36344494608847244,-3.789345208442552e-14
27.865573256778223,-35.75871003353803,38.21808973177917,0.9139285162131952,-0.3631656266643669,-6.315575347404254e-14
27.867135736765164,-35.77015342375894,38.21592270619867,0.9140966775367445,-0.36288613594898494,-7.578690416885104e-14
27.86869803669385,-35.7815969892412,38.21375324829368,0.9142648911816491,-0.36260647398192264,-8.841805486365955e-14
27.870260156377924,-35.79304073003784,38.211581358331905,0.9144331571040012,-0.36232664080284843,-6.73661370389787e-14
27.871822095631334,-35.80448464620176,38.20940703658223,0.9146014752598652,-0.362046636451504,-6.315575347404254e-14
27.873383854268315,-35.81592873778556,38.20723028331483,0.9147698456052749,-0.3617664609677028,-5.4734986344170195e-14
27.874945432103488,-35.82737300484194,38.20505109880109,0.9149382680962357,-0.3614861143913316,-5.4734986344170195e-14
27.876506828951744,-35.83881744742321,38.20286948331364,0.9151067426887243,-0.3612055967623498,-7.999728773378721e-14
27.878068044628357,-35.85026206558175,38.200685437126374,0.9152752693386865,-0.3609249081207895,-7.157652060391487e-14
27.879629078948913,-35.86170685936979,38.19849896051438,0.9154438480020415,-0.3606440485067548,-9.683882199353189e-14
27.881189931729306,-35.87315182883932,38.19631005375403,0.9156124786346774,-0.3603630179604232,-7.578690416885104e-14
27.88275060278576,-35.88459697404218,38.194118717122926,0.915781161192454,-0.36008181652204596,-6.73661370389787e-14
27.884311091934837,-35.89604229503022,38.1919249508999,0.9159498956312018,-0.3598004442319446,-6.73661370389787e-14
27.885871398993476,-35.907487791855125,38.18972875536506,0.9161186819067222,-0.3595189011305153,-7.157652060391487e-14
27.887431523778854,-35.9189334645683,38.18753013079972,0.9162875199747873,-0.3592371872582272,-5.894536990910637e-14
27.888991466108585,-35.93037931322121,38.185329077486465,0.9164564097911405,-0.35895530265562126,-7.578690416885104e-14
27.890551225800518,-35.94182533786499,38.1831255957091,0.9166253513114964,-0.3586732473633115,-7.157652060391487e-14
27.89211080267289,-35.953271538550794,38.180919685752706,0.9167943444915394,-0.35839102142198526,-6.315575347404254e-14
27.89367019654429,-35.96471791532964,38.178711347903594,0.916963389286926,-0.358108624872402,-6.315575347404254e-14
27.895229407233554,-35.976164468252264,38.17650058244933,0.9171324856532823,-0.3578260577553958,-9.683882199353189e-14
27.896788434559976,-35.98761119736945,38.17428738967871,0.9173016335462074,-0.35754332011187073,-8.841805486365955e-14
27.898347278343063,-35.999058102731674,38.17207176988179,0.9174708329212691,-0.3572604119828068,-8.841805486365955e-14
27.899905938402746,-36.01050518438939,38.16985372334988,0.9176400837340075,-0.35697733340925497,-4.631421921429786e-14
27.901464414559264,-36.021952442392944,38.16763325037553,0.9178093859399339,-0.35669408443233963,-7.157652060391487e-14
27.903022706633177,-36.033399876792444,38.16541035125253,0.9179787394945291,-0.35641066509325836,-6.73661370389787e-14
27.90458081444537,-36.04484748763784,38.16318502627596,0.9181481443532463,-0.35612707543328226,-6.73661370389787e-14
27.90613873781712,-36.05629527497907,38.16095727574209,0.918317600471509,-0.3558433154937548,-5.894536990910637e-14
27.90769647657002,-36.067743238865916,38.158727099948486,0.9184871078047123,-0.355559385316092,-6.315575347404254e-14
27.909254030525954,-36.07919137934791,38.15649449919397,0.9186566663082215,-0.35527528494178345,-7.578690416885104e-14
27.910811399507246,-36.0906396964746,38.15425947377857,0.9188262759373729,-0.35499101441239234,-8.420767129872338e-14
27.91236858333643,-36.102088190295206,38.15202202400361,0.9189959366474751,-0.354706573769554,-7.999728773378721e-14
27.913925581836498,-36.11353686085899,38.149782150171646,0.9191656483938063,-0.3544219630549774,-7.578690416885104e-14
27.91548239483073,-36.124985708215064,38.147539852586505,0.9193354111316161,-0.35413718231044433,-7.578690416885104e-14
27.917039022142735,-36.13643473241222,38.145295131553254,0.9195052248161251,-0.35385223157781015,-9.683882199353189e-14
27.918595463596503,-36.147883933499365,38.14304798737821,0.9196750894025256,-0.3535671108990025,-7.578690416885104e-14
27.920151719016317,-36.159333311525025,38.14079842036897,0.9198450048459805,-0.3532818203160233,-8.841805486365955e-14
27.921707788226875,-36.170782866537806,38.13854643083434,0.9200149711016234,-0.3529963598709462,-7.999728773378721e-14
27.923263671053128,-36.18223259858598,38.13629201908444,0.9201849881245587,-0.3527107296059203,-9.262843842859572e-14
27.924819367320474,-36.193682507717874,38.134035185430626,0.9203550558698634,-0.352424929563165,-6.73661370389787e-14
27.926374876854535,-36.20513259398147,38.13177593018548,0.9205251742925837,-0.35213895978497545,-7.578690416885104e-14
27.927930199481388,-36.21658285742477,38.12951425366289,0.9206953433477381,-0.35185282031371856,-7.157652060391487e-14
27.929485335027422,-36.228033298095646,38.12725015617796,0.9208655629903164,-0.3515665111918349,-7.999728773378721e-14
27.931040283319337,-36.23948391604165,38.124983638047084,0.9210358331752779,-0.35128003246183825,-5.894536990910637e-14
27.932595044184232,-36.250934711310435,38.122714699587895,0.921206153857555,-0.3509933841663159,-6.73661370389787e-14
27.934149617449506,-36.26238568394928,38.12044334111929,0.9213765249920495,-0.35070656634792907,-7.157652060391487e-14
27.935704002942924,-36.27383683400549,38.11816956296147,0.9215469465336349,-0.35041957904941023,-7.578690416885104e-14
27.93725820049264,-36.285288161526246,38.11589336543582,0.9217174184371565,-0.35013242231356706,-7.999728773378721e-14
27.93881220992709,-36.296739666558395,38.11361474886504,0.9218879406574296,-0.3498450961832803,-8.420767129872338e-14
27.940366031075122,-36.30819134914888,38.11133371357307,0.922058513149242,-0.3495576007015029,-7.578690416885104e-14
27.94191966376587,-36.31964320934429,38.109050259885116,0.9222291358673513,-0.3492699359112631,-6.73661370389787e-14
27.94347310782889,-36.3310952471913,38.106764388127665,0.9223998087664866,-0.3489821018556606,-6.73661370389787e-14
27.945026363094016,-36.34254746273619,38.10447609862847,0.9225705318013482,-0.3486940985778705,-8.841805486365955e-14
27.94657942939152,-36.35399985602536,38.10218539171649,0.922741304926608,-0.3484059261211385,-7.999728773378721e-14
27.94813230655193,-36.36545242710481,38.09989226772201,0.9229121280969088,-0.34811758452878694,-5.4734986344170195e-14
27.949684994406194,-36.3769051760206,38.09759672697658,0.923083001266864,-0.3478290738442098,-6.73661370389787e-14
27.95123749278563,-36.38835810281862,38.09529876981299,0.9232539243910588,-0.3475403941108748,-6.73661370389787e-14
27.952789801521828,-36.39981120754449,38.09299839656529,0.9234248974240494,-0.3472515453723226,-6.315575347404254e-14
27.95434192044682,-36.41126449024385,38.090695607568826,0.9235959203203636,-0.34696252767216873,-6.315575347404254e-14
27.955893849392925,-36.42271795096204,38.08839040316019,0.9237669930344989,-0.34667334105410164,-4.631421921429786e-14
27.957445588192854,-36.43417158974437,38.086082783677256,0.9239381155209261,-0.34638398556188243,-7.157652060391487e-14
27.958997136679706,-36.44562540663606,38.083772749459136,0.9241092877340862,-0.3460944612393469,-7.999728773378721e-14
27.960548494686876,-36.45707940168203,38.081460300846274,0.9242805096283901,-0.3458047681304036,-6.73661370389787e-14
27.962099662048125,-36.4685335749271,38.079145438180305,0.9244517811582222,-0.34551490627903614,-7.578690416885104e-14
27.963650638597606,-36.479987926416015,38.07682816180421,0.9246231022779371,-0.34522487572929955,-7.157652060391487e-14
27.965201424169834,-36.491442456193404,38.07450847206217,0.9247944729418605,-0.34493467652532356,-7.157652060391487e-14
27.966752018599628,-36.50289716430358,38.072186369299686,0.924965893104289,-0.3446443087113125,-6.73661370389787e-14
27.96830242172225,-36.51435205079095,38.06986185386353,0.9251373627194914,-0.3443537723315426,-6.73661370389787e-14
27.96985263337322,-36.52580711569952,38.0675349261017,0.925308881741707,-0.3440630674303644,-9.683882199353189e-14
27.97140265338851,-36.53726235907335,38.06520558636353,0.9254804501251462,-0.34377219405220283,-5.894536990910637e-14
27.972952481604445,-36.54871778095635,38.06287383499959,0.9256520678239912,-0.3434811522415556,-5.894536990910637e-14
27.974502117857632,-36.56017338139211,38.06053967236172,0.9258237347923954,-0.34318994204299447,-5.894536990910637e-14
27.976051561985148,-36.57162916042431,38.05820309880305,0.9259954509844834,-0.34289856350116443,-7.157652060391487e-14
27.97760081382434,-36.58308511809626,38.05586411467798,0.9261672163543506,-0.3426070166607853,-9.262843842859572e-14
27.979149873212986,-36.59454125445128,38.053522720342194,0.9263390308560641,-0.34231530156665024,-7.157652060391487e-14
27.98069873998922,-36.60599756953256,38.051178916152615,0.9265108944436626,-0.3420234182636249,-6.315575347404254e-14
27.982247413991505,-36.61745406338303,38.048832702467514,0.926682807071155,-0.34173136679665017,-5.4734986344170195e-14
27.983795895058684,-36.62891073604548,38.04648407964636,0.9268547686925228,-0.34143914721074103,-5.0524602779234026e-14
27.985344183029984,-36.640367587562665,38.04413304804995,0.9270267792617182,-0.3411467595509846,-7.999728773378721e-14
27.986892277745,-36.65182461797718,38.04177960804036,0.927198838732664,-0.3408542038625428,-8.420767129872338e-14
27.98844017904366,-36.66328182733132,38.039423759980885,0.9273709470592557,-0.340561480190652,-7.578690416885104e-14
27.98998788676633,-36.67473921566746,38.0370655042362,0.9275431041953583,-0.34026858858062103,-6.73661370389787e-14
27.991535400753644,-36.68619678302761,38.03470484117214,0.9277153100948111,-0.33997552907783396,-5.894536990910637e-14
27.993082720846687,-36.697654529453764,38.032341771155934,0.9278875647114215,-0.33968230172774805,-7.578690416885104e-14
27.99462984688691,-36.709112454987846,38.02997629455604,0.9280598679989689,-0.33938890657589355,-8.420767129872338e-14
27.996176778716073,-36.72057055967138,38.02760841174217,0.9282322199112063,-0.3390953436678768,-5.0524602779234026e-14
27.997723516176382,-36.732028843546026,38.02523812308536,0.9284046204018555,-0.33880161304937606,-7.157652060391487e-14
27.999270059110355,-36.743487306653066,38.02286542895792,0.9285770694246103,-0.3385077147661443,-5.4734986344170195e-14
