galstreams/tracks/track.st.Leiptr.ibata2021.ecsv
# %ECSV 0.9
# ---
# datatype:
# - {name: ra, unit: deg, datatype: float64}
# - {name: dec, unit: deg, datatype: float64}
# - {name: distance, unit: kpc, datatype: float64}
# - {name: pm_ra_cosdec, unit: mas / yr, datatype: float64}
# - {name: pm_dec, unit: mas / yr, datatype: float64}
# - {name: radial_velocity, unit: km / s, datatype: float64}
# delimiter: ','
# meta: !!omap
# - __serialized_columns__:
#     dec:
#       __class__: astropy.coordinates.angles.Latitude
#       unit: &id001 !astropy.units.Unit {unit: deg}
#       value: !astropy.table.SerializedColumn {name: dec}
#     distance:
#       __class__: astropy.coordinates.distances.Distance
#       unit: !astropy.units.Unit {unit: kpc}
#       value: !astropy.table.SerializedColumn {name: distance}
#     pm_dec:
#       __class__: astropy.units.quantity.Quantity
#       unit: !astropy.units.Unit {unit: mas / yr}
#       value: !astropy.table.SerializedColumn {name: pm_dec}
#     pm_ra_cosdec:
#       __class__: astropy.units.quantity.Quantity
#       unit: !astropy.units.Unit {unit: mas / yr}
#       value: !astropy.table.SerializedColumn {name: pm_ra_cosdec}
#     ra:
#       __class__: astropy.coordinates.angles.Longitude
#       unit: *id001
#       value: !astropy.table.SerializedColumn {name: ra}
#       wrap_angle: !astropy.coordinates.Angle
#         unit: *id001
#         value: 360.0
#     radial_velocity:
#       __class__: astropy.units.quantity.Quantity
#       unit: !astropy.units.Unit {unit: km / s}
#       value: !astropy.table.SerializedColumn {name: radial_velocity}
# schema: astropy-2.0
ra,dec,distance,pm_ra_cosdec,pm_dec,radial_velocity
[from data line 834]
63.62371545243934,-2.6285106711668624,8.055430669017749,8.74979803271321,-9.9062973446691,-9.683882199353189e-14
63.63055285177452,-2.6358297341130323,8.0546249674643,8.750757622114003,-9.907420716965113,-1.768361097273191e-13
63.63739021266268,-2.6431488633981113,8.053819727190861,8.751716871002046,-9.908543447637387,-7.578690416885104e-14
63.644227535327374,-2.6504680589172893,8.053014948048585,8.752675779459187,-9.909665536644102,-1.768361097273191e-13
63.651064819992065,-2.6577873205656593,8.052210629888632,8.753634347567193,-9.910786983943444,-1.6841534259744677e-13
63.65790206688022,-2.6651066482382983,8.051406772562151,8.754592575407814,-9.91190778949365,-1.2631150694808508e-13
63.66473927621542,-2.6724260418304433,8.0506033759203,8.755550463062727,-9.913027953252971,-3.9998643866893604e-14
63.671576448221074,-2.679745501237143,8.049800439814234,8.756508010613578,-9.914147475179718,-2.315710960714893e-14
63.6784135831208,-2.6870650263536384,8.048997964095111,8.757465218141952,-9.915266355232209,-1.368374658604255e-13
63.68525068113808,-2.694384617075041,8.04819594861408,8.758422085729398,-9.91638459336882,-9.262843842859572e-14
63.69208774249637,-2.7017042732964733,8.0473943932223,8.759378613457413,-9.91750218954795,-1.8104649329225526e-13
63.69892476741932,-2.709023994913209,8.046593297770926,8.760334801407431,-9.918619143728014,-3.157787673702127e-14
63.70576175613035,-2.71634378182032,8.04579266211111,8.761290649660873,-9.919735455867501,-1.8315168507472335e-13
63.71259870885311,-2.7236636339130915,8.044992486094012,8.76224615829907,-9.920851125924901,-7.157652060391487e-14
63.71943562581102,-2.730983551086621,8.04419276957078,8.763201327403337,-9.921966153858751,-1.4104784942536167e-13
63.72627250722776,-2.7383035332361993,8.043393512392576,8.76415615705492,-9.923080539627618,-1.4315304120782974e-13
63.733109353326775,-2.7456235802569466,8.042594714410551,8.765110647335032,-9.924194283190097,-9.262843842859572e-14
63.73994616433171,-2.7529436920441577,8.041796375475863,8.76606479832483,-9.925307384504832,-9.052324664612763e-14
63.746782940466076,-2.760263868493014,8.040998495439663,8.76701861010543,-9.926419843530493,-1.6631015081497867e-13
63.753619681953445,-2.767584109498692,8.040201074153108,8.767972082757886,-9.927531660225771,-1.4104784942536167e-13
63.76045638901742,-2.7749044149565187,8.039404111467357,8.768925216363213,-9.928642834549413,-1.0315439734093615e-13
63.76729306188153,-2.7822247847616337,8.038607607233558,8.769878011002382,-9.929753366460183,-1.0736478090587231e-13
63.77412970076944,-2.7895452188093897,8.037811561302869,8.770830466756317,-9.930863255916892,-8.420767129872338e-14
63.7809663059047,-2.7968657169949784,8.037015973526449,8.771782583705873,-9.931972502878367,-1.894672604221276e-14
63.787802877510835,-2.804186279213626,8.036220843755446,8.772734361931887,-9.933081107303487,-1.4736342477276593e-13
63.79463941581158,-2.8115069053606843,8.035426171841019,8.773685801515128,-9.934189069151161,-3.157787673702127e-14
63.80147592103042,-2.8188275953313298,8.034631957634321,8.774636902536324,-9.935296388380314,-7.789209595131913e-14
63.808312393391056,-2.8261483490209405,8.033838200986512,8.77558766507615,-9.936403064949927,-1.3894265764289357e-13
63.815148833117036,-2.8334691663247114,8.033044901748742,8.776538089215242,-9.937509098818998,-5.6840178126638284e-14
63.82198524043204,-2.8407900471380185,8.032252059772167,8.777488175034177,-9.938614489946573,-1.4104784942536167e-13
63.828821615559676,-2.8481109913561182,8.031459674907943,8.778437922613493,-9.939719238291723,-1.1368035625327657e-13
63.835657958723516,-2.8554319988742787,8.030667747007225,8.779387332033675,-9.940823343813548,-1.620997672500425e-13
63.842494270147306,-2.8627530695878973,8.029876275921167,8.780336403375165,-9.941926806471194,-5.2629794561702114e-14
63.849330550054574,-2.870074203392197,8.029085261500926,8.781285136718353,-9.943029626223833,-1.1999593160068083e-13
63.85616679866907,-2.8773954001825985,8.028294703597654,8.782233532143575,-9.944131803030668,-1.6841534259744677e-13
63.86300301621438,-2.8847166598543486,8.027504602062509,8.783181589731132,-9.945233336850942,-8.841805486365955e-14
63.86983920291421,-2.892037982302868,8.026714956746646,8.784129309561273,-9.946334227643922,-1.221011233831489e-13
63.8766753589922,-2.899359367423456,8.025925767501217,8.785076691714192,-9.947434475368922,-1.347322740779574e-13
63.88351148467198,-2.906680815111421,8.025137034177378,8.786023736270042,-9.948534079985281,-1.6841534259744677e-13
63.89034758017731,-2.914002325262212,8.024348756626287,8.786970443308926,-9.949633041452364,-6.73661370389787e-14
63.897183645731786,-2.9213238977711025,8.023560934699095,8.787916812910897,-9.95073135972959,-1.6841534259744677e-13
63.90401968155916,-2.9286455325335545,8.02277356824696,8.788862845155965,-9.951829034776388,-1.515738083377021e-13
63.91085568788308,-2.935967229444853,8.021986657121037,8.789808540124085,-9.952926066552235,-1.6841534259744676e-14
63.91769166492728,-2.943288988400467,8.021200201172478,8.790753897895177,-9.95402245501664,-1.347322740779574e-13
63.92452761291545,-2.9506108092957524,8.02041420025244,8.7916989185491,-9.955118200129146,-9.262843842859572e-14
63.93136353207125,-2.957932692026056,8.019628654212081,8.792643602165663,-9.956213301849312,-1.221011233831489e-13
63.938199422618474,-2.9652546364868586,8.018843562902552,8.793587948824642,-9.95730776013676,-1.4736342477276593e-13
63.945035284780765,-2.9725766425734967,8.018058926175005,8.79453195860576,-9.958401574951129,-1.3894265764289357e-13
63.95187111878191,-2.9798987101814634,8.017274743880602,8.795475631588673,-9.959494746252078,-1.8104649329225526e-13
63.958706924845586,-2.9872208392061013,8.016491015870496,8.796418967853018,-9.960587273999327,-1.6841534259744677e-13
63.9655427031956,-2.994543029542923,8.015707741995842,8.797361967478368,-9.96167915815261,-5.4734986344170195e-14
63.97237845405564,-3.0018652810873028,8.014924922107793,8.798304630544251,-9.9627703986717,-8.420767129872338e-14
63.97921417764941,-3.0091875937346684,8.014142556057504,8.799246957130151,-9.963860995516406,-1.347322740779574e-13
63.98604987420077,-3.0165099673805313,8.013360643696135,8.800188947315492,-9.964950948646557,-7.157652060391487e-14
63.99288554393338,-3.023832401920262,8.012579184874834,8.801130601179665,-9.966040258022034,-7.157652060391487e-14
63.999721187071096,-3.031154897249413,8.01179817944476,8.802071918802007,-9.96712892360274,-8.841805486365955e-14
64.00655680383763,-3.038477453263401,8.011017627257067,8.803012900261809,-9.968216945348617,-1.7262572616238293e-13
64.01339239445673,-3.045800069857658,8.010237528162913,8.8039535456383,-9.969304323219628,-4.631421921429786e-14
64.02022795915225,-3.0531227469277464,8.009457882013447,8.804893855010688,-9.970391057175783,-1.2631150694808508e-13
64.0270634981479,-3.060445484369066,8.008678688659828,8.805833828458113,-9.971477147177122,-1.0946997268834039e-13
64.03389901166756,-3.0677682820771888,8.007899947953211,8.806773466059665,-9.97256259318371,-1.3894265764289357e-13
64.04073449993494,-3.0750911399475305,8.007121659744753,8.807712767894403,-9.973647395155648,-1.3052189051302125e-13
64.04756996317391,-3.082414057875681,8.006343823885604,8.808651734041328,-9.974731553053084,-8.841805486365955e-14
64.05440540160825,-3.089737035757061,8.005566440226922,8.809590364579396,-9.975815066836182,-1.221011233831489e-13
64.06124081546179,-3.097060073487271,8.004789508619863,8.810528659587504,-9.976897936465141,-1.5578419190263825e-13
64.06807620495836,-3.104383170961794,8.004013028915578,8.811466619144522,-9.977980161900199,-1.768361097273191e-13
64.07491157032173,-3.1117063280761124,8.003237000965226,8.812404243329247,-9.979061743101624,-7.157652060391487e-14
64.08174691177582,-3.119029544725844,8.00246142461996,8.813341532220457,-9.980142680029717,-7.578690416885104e-14
64.08858222954439,-3.1263528208064484,8.001686299730938,8.814278485896859,-9.981222972644817,-1.0946997268834039e-13
64.09541752385134,-3.133676156213546,8.000911626149312,8.815215104437117,-9.982302620907282,-6.315575347404254e-14
64.10225279492052,-3.140999550842663,8.000137403726239,8.816151387919858,-9.983381624777524,-9.683882199353189e-14
64.10908804297571,-3.1483230045892974,7.9993636323128685,8.817087336423658,-9.984459984215972,-7.578690416885104e-14
64.11592326824089,-3.1556465173491106,7.998590311760364,8.818022950027025,-9.985537699183086,-1.5999457546757442e-13
64.12275847093983,-3.162970089017585,7.997817441919875,8.818958228808448,-9.98661476963937,-1.3052189051302125e-13
64.12959365129647,-3.1702937194903815,7.997045022642558,8.819893172846351,-9.987691195545354,-5.0524602779234026e-14
64.13642880953465,-3.177617408662994,7.996273053779568,8.82082778221912,-9.988766976861603,-5.894536990910637e-14
64.1432639458783,-3.184941156431097,7.995501535182059,8.82176205700508,-9.989842113548715,-7.999728773378721e-14
64.1500990605513,-3.192264962690254,7.9947304667011885,8.82269599728252,-9.990916605567316,-4.631421921429786e-14
64.15693415377748,-3.1995888273360067,7.9939598481881085,8.823629603129683,-9.991990452878078,-1.515738083377021e-13
64.16376922578085,-3.206912750264054,7.993189679493978,8.824562874624746,-9.993063655441688,-1.347322740779574e-13
64.17060427678526,-3.214236731369922,7.992419960469949,8.82549581184586,-9.994136213218871,-1.1368035625327657e-13
64.17743930701465,-3.221560770549314,7.991650690967176,8.826428414871124,-9.995208126170402,-1.0525958912340423e-13
64.1842743166929,-3.228884867697774,7.990881870836814,8.827360683778576,-9.996279394257066,-1.8104649329225526e-13
64.19110930604403,-3.236209022711014,7.990113499930021,8.828292618646216,-9.997350017439684,-7.999728773378721e-14
64.1979442752919,-3.243533235484625,7.989345578097952,8.829224219551994,-9.99841999567912,-5.894536990910637e-14
64.20477922466046,-3.250857505914206,7.988578105191758,8.830155486573824,-9.999489328936269,-7.999728773378721e-14
64.2116141543737,-3.2581818338954975,7.9878110810625955,8.831086419789552,-10.000558017172056,-8.841805486365955e-14
64.2184490646555,-3.2655062193240583,7.987044505561622,8.832017019276988,-10.001626060347434,-1.0104920555846805e-13
64.2252839557299,-3.27283066209564,7.986278378539991,8.832947285113889,-10.002693458423387,-5.894536990910637e-14
64.23211882782086,-3.280155162105864,7.985512699848856,8.833877217377976,-10.003760211360952,-1.0104920555846805e-13
64.23895368115228,-3.2874797192503555,7.984747469339374,8.834806816146912,-10.004826319121175,-1.0525958912340423e-13
64.24578851594822,-3.2948043334248847,7.9839826868627,8.83573608149831,-10.005891781665138,-1.5578419190263825e-13
64.2526233324326,-3.302129004525044,7.983218352269989,8.83666501350974,-10.006956598953971,-5.4734986344170195e-14
64.25945813082947,-3.309453732446611,7.982454465412395,8.837593612258729,-10.008020770948823,-3.368306851948935e-14
64.26629291136278,-3.316778517085188,7.981691026141072,8.838521877822753,-10.009084297610878,-1.2631150694808508e-13
64.27312767425661,-3.324103358336563,7.980928034307179,8.839449810279229,-10.01014717890135,-8.841805486365955e-14
64.27996241973486,-3.3314282560963684,7.980165489761866,8.840377409705544,-10.011209414781499,-1.1789073981821273e-13
64.28679714802166,-3.3387532102603883,7.979403392356292,8.841304676179028,-10.012271005212597,-8.420767129872338e-14
64.29363185934096,-3.3460782207243014,7.978641741941611,8.842231609776963,-10.013331950155962,-1.7262572616238293e-13
64.30046655391679,-3.3534032873837876,7.977880538368979,8.84315821057659,-10.014392249572946,-2.020984111169361e-13
64.30730123197327,-3.360728410134671,7.977119781489547,8.844084478655093,-10.015451903424921,-1.1368035625327657e-13
64.3141358937343,-3.368053588872587,7.976359471154473,8.845010414089607,-10.016510911673306,-1.1368035625327657e-13
64.32097053942408,-3.3753788234933726,7.975599607214914,8.84593601695724,-10.017569274279541,-6.315575347404254e-14
64.32780516926661,-3.382704113892725,7.974840189522022,8.846861287335027,-10.018626991205107,-5.4734986344170195e-14
64.33463978348587,-3.390029459966347,7.974081217926951,8.847786225299973,-10.019684062411512,-1.0946997268834039e-13
64.34147438230605,-3.397354861610108,7.973322692280861,8.848710830929026,-10.020740487860294,-1.1789073981821273e-13
64.34830896595115,-3.404680318719652,7.972564612434901,8.849635104299086,-10.021796267513036,-1.0946997268834039e-13
64.3551435346453,-3.4120058311908577,7.97180697824023,8.850559045487012,-10.022851401331337,-1.3894265764289357e-13
64.36197808861253,-3.4193313989194043,7.971049789548003,8.851482654569608,-10.023905889276836,-1.515738083377021e-13
64.36881262807702,-3.426657021801162,7.970293046209372,8.85240593162364,-10.024959731311206,-1.0525958912340423e-13
64.37564715326278,-3.4339826997318244,7.969536748075497,8.853328876725811,-10.026012927396142,-8.420767129872338e-14
64.382481664394,-3.4413084326072707,7.968780894997527,8.854251489952798,-10.027065477493398,-3.789345208442552e-14
64.38931616169477,-3.4486342203232683,7.968025486826624,8.85517377138121,-10.028117381564725,-7.578690416885104e-14
64.39615064538914,-3.4559600627755525,7.9672705234139345,8.856095721087627,-10.029168639571932,-1.221011233831489e-13
64.40298511570136,-3.4632859598600394,7.966516004610621,8.857017339148559,-10.030219251476847,-7.578690416885104e-14
64.40981957285545,-3.4706119114724485,7.965761930267834,8.857938625640484,-10.031269217241338,-7.578690416885104e-14
64.41665401707564,-3.477937917508677,7.965008300236732,8.858859580639836,-10.0323185368273,-6.73661370389787e-14
64.42348844858604,-3.4852639778645176,7.964255114368469,8.859780204222982,-10.033367210196651,-1.6841534259744677e-13
64.4303228676108,-3.492590092435757,7.963502372514196,8.860700496466272,-10.034415237311375,-7.157652060391487e-14
64.4371572743741,-3.4999162611183103,7.962750074525072,8.861620457445978,-10.035462618133446,-6.315575347404254e-14
64.44399166910007,-3.507242483807935,7.9619982202522515,8.86254008723834,-10.036509352624899,-1.4315304120782974e-13
64.45082605201297,-3.5145687604005724,7.96124680954689,8.86345938591955,-10.03755544074779,-1.4315304120782974e-13
64.45766042333686,-3.5218950907919773,7.960495842260143,8.864378353565739,-10.038600882464197,-1.0104920555846805e-13
64.46449478329606,-3.5292214748780983,7.959745318243163,8.86529699025302,-10.03964567773626,-8.841805486365955e-14
64.47132913211468,-3.536547912554757,7.958995237347107,8.86621529605743,-10.04068982652612,-1.6841534259744677e-13
64.47816347001692,-3.543874403717773,7.95824559942313,8.867133271054964,-10.041733328795964,-1.5999457546757442e-13
64.48499779722705,-3.5512009482631095,7.957496404322386,8.868050915321579,-10.042776184508014,-1.1789073981821273e-13
64.49183211396922,-3.5585275460865637,7.9567476518960305,8.868968228933184,-10.04381839362452,-1.1789073981821273e-13
64.49866642046773,-3.5658541970840996,7.95599934199522,8.869885211965627,-10.044859956107759,-7.157652060391487e-14
64.5055007169467,-3.573180901151532,7.955251474471106,8.87080186449473,-10.04590087192005,-9.262843842859572e-14
64.5123350036305,-3.58050765818483,7.954504049174846,8.871718186596242,-10.046941141023735,-7.999728773378721e-14
64.51916928074328,-3.587834468079856,7.9537570659575945,8.872634178345887,-10.047980763381192,-1.1789073981821273e-13
64.5260035485093,-3.5951613307324717,7.953010524670507,8.873549839819326,-10.049019738954836,-1.3894265764289357e-13
64.53283780715286,-3.6024882460386802,7.952264425164739,8.874465171092181,-10.050058067707099,-5.894536990910637e-14
64.53967205689817,-3.609815213894305,7.951518767291446,8.875380172240025,-10.05109574960046,-3.789345208442552e-14
64.54650629796956,-3.6171422341953594,7.95077355090178,8.876294843338384,-10.052132784597424,-1.347322740779574e-13
64.55334053059129,-3.6244693068377263,7.950028775846896,8.877209184462735,-10.053169172660535,-1.515738083377021e-13
