galstreams/tracks/track.st.NGC5466.ibata2024.ecsv
# %ECSV 1.0
# ---
# datatype:
# - {name: ra, unit: deg, datatype: float64}
# - {name: dec, unit: deg, datatype: float64}
# - {name: distance, unit: kpc, datatype: float64}
# - {name: pm_ra_cosdec, unit: mas / yr, datatype: float64}
# - {name: pm_dec, unit: mas / yr, datatype: float64}
# - {name: radial_velocity, unit: km / s, datatype: float64}
# delimiter: ','
# meta: !!omap
# - __serialized_columns__:
#     dec:
#       __class__: astropy.coordinates.angles.Latitude
#       unit: &id001 !astropy.units.Unit {unit: deg}
#       value: !astropy.table.SerializedColumn {name: dec}
#     distance:
#       __class__: astropy.coordinates.distances.Distance
#       unit: !astropy.units.Unit {unit: kpc}
#       value: !astropy.table.SerializedColumn {name: distance}
#     pm_dec:
#       __class__: astropy.units.quantity.Quantity
#       unit: !astropy.units.Unit {unit: mas / yr}
#       value: !astropy.table.SerializedColumn {name: pm_dec}
#     pm_ra_cosdec:
#       __class__: astropy.units.quantity.Quantity
#       unit: !astropy.units.Unit {unit: mas / yr}
#       value: !astropy.table.SerializedColumn {name: pm_ra_cosdec}
#     ra:
#       __class__: astropy.coordinates.angles.Longitude
#       unit: *id001
#       value: !astropy.table.SerializedColumn {name: ra}
#       wrap_angle: !astropy.coordinates.Angle
#         unit: *id001
#         value: 360.0
#     radial_velocity:
#       __class__: astropy.units.quantity.Quantity
#       unit: !astropy.units.Unit {unit: km / s}
#       value: !astropy.table.SerializedColumn {name: radial_velocity}
# schema: astropy-2.0
ra,dec,distance,pm_ra_cosdec,pm_dec,radial_velocity
[from data line 1977]
222.12594972683414,22.29577601412616,0.9999999999999994,-6.554540275702043,-0.21977689785838583,28.962901094284806
222.13537203003148,22.290740322692777,0.9999999999999993,-6.555218623031321,-0.21935235450973267,28.702506581082805
222.1447951213017,22.28570591289854,0.9999999999999994,-6.555895971074292,-0.21892809397251956,28.441411888009
222.15421900236404,22.280672786383953,0.9999999999999994,-6.556572319103507,-0.21850411672269732,28.179616240786757
222.16364367493773,22.27564094478929,0.9999999999999994,-6.55724766639158,-0.2180804232363771,27.917118865139376
222.17306914074223,22.270610389754598,0.9999999999999994,-6.557922012211196,-0.21765701398981574,27.653918986790412
222.1824954014971,22.265581122919652,0.9999999999999993,-6.558595355835107,-0.2172338894594219,27.390015831463195
222.19192245892208,22.260553145924014,0.9999999999999994,-6.559267696536138,-0.2168110501217515,27.125408624881064
222.20135031473686,22.255526460406987,0.9999999999999994,-6.5599390335871774,-0.216388496453515,26.860096592767356
222.21077897066152,22.250501068007658,0.9999999999999994,-6.560609366261195,-0.2159662289315707,26.594078960845607
222.2202084284161,22.245476970364873,0.9999999999999994,-6.561278693831218,-0.2155442480329277,26.327354954839137
222.22963868972076,22.24045416911721,0.9999999999999993,-6.561947015570345,-0.21512255423474635,26.059923800471335
222.23906975629592,22.235432665903044,0.9999999999999992,-6.56261433075175,-0.21470114801433415,25.79178472346556
222.24850162986198,22.230412462360494,0.9999999999999993,-6.563280638648664,-0.21428002984915362,25.522936949545127
222.2579343121396,22.225393560127436,0.9999999999999994,-6.5639459385344034,-0.2138592002168127,25.253379704433602
222.26736780484947,22.220375960841533,0.9999999999999994,-6.564610229682341,-0.2134386595950728,24.98311221385428
222.2768021097125,22.215359666140184,0.9999999999999993,-6.565273511365924,-0.21301840846184117,24.712133703530554
222.2862372284496,22.210344677660558,0.9999999999999994,-6.56593578285867,-0.21259844729518163,24.440443399185696
222.29567316278198,22.2053309970396,0.9999999999999994,-6.566597043434164,-0.21217877657329898,24.168040526543308
222.30510991443086,22.200318625913994,0.9999999999999994,-6.56725729236606,-0.21175939677455635,23.894924311326655
222.3145474851176,22.195307565920213,0.9999999999999993,-6.567916528928082,-0.21134030837746454,23.621093979259133
222.32398587656368,22.190297818694468,0.9999999999999994,-6.568574752394019,-0.21092151186067776,23.346548756064045
222.3334250904908,22.185289385872764,0.9999999999999994,-6.5692319620377395,-0.21050300770300634,23.07128786746496
222.3428651286207,22.18028226909083,0.9999999999999996,-6.569888157133171,-0.21008479638341337,22.795310539185174
222.3523059926753,22.175276469984198,0.9999999999999994,-6.5705433369543185,-0.2096668783810005,22.51861599694806
222.36174768437658,22.170271990188134,0.9999999999999994,-6.571197500775247,-0.20924925417503126,22.24120346647702
222.3711902054467,22.165268831337684,0.9999999999999996,-6.571850647870098,-0.2088319242449077,21.96307217349534
222.380633557608,22.160266995067666,0.9999999999999993,-6.5725027775130815,-0.2084148890701929,21.68422134372659
222.39007774258286,22.15526648301262,0.9999999999999993,-6.573153888978474,-0.207998149130584,21.404650202894057
222.3995227620938,22.15026729680691,0.9999999999999993,-6.573803981540622,-0.20758170490594363,21.124357976721146
222.4089686178635,22.145269438084622,0.9999999999999993,-6.574453054473945,-0.20716555687627447,20.843343890931138
222.41841531161478,22.140272908479634,0.9999999999999994,-6.575101107052925,-0.20674970552173222,20.561607171247637
222.42786284507054,22.135277709625544,0.9999999999999994,-6.575748138552118,-0.2063341513226169,20.27914704339389
222.43731121995384,22.130283843155787,0.9999999999999994,-6.576394148246151,-0.20591889475938285,19.995962733093293
222.4467604379879,22.12529131070349,0.9999999999999993,-6.5770391354097155,-0.20550393631262986,19.71205346606914
222.456210500896,22.120300113901596,0.9999999999999993,-6.577683099317577,-0.20508927646311315,19.427418468045037
222.46566141040157,22.115310254382795,0.9999999999999994,-6.57832603924456,-0.20467491569172935,19.142056964744256
222.4751131682282,22.11032173377953,0.9999999999999994,-6.578967954465574,-0.2042608544795259,18.855968181890162
222.4845657760996,22.10533455372403,0.9999999999999994,-6.579608844255587,-0.20384709330770212,18.56915134520615
222.4940192357396,22.100348715848295,0.9999999999999994,-6.5802487078896394,-0.2034336326576054,18.281605680415534
222.5034735488721,22.09536422178407,0.9999999999999993,-6.580887544642841,-0.20302047301072745,17.993330413241875
222.51292871722123,22.09038107316288,0.9999999999999994,-6.581525353790368,-0.20260761484871748,17.704324769408473
222.5223847425112,22.085399271615998,0.9999999999999994,-6.582162134607471,-0.2021950586533643,17.41458797463871
222.53184162646636,22.0804188187745,0.9999999999999994,-6.582797886369467,-0.20178280490661238,17.12411925465586
222.5412993708111,22.075439716269198,0.9999999999999992,-6.58343260835174,-0.20137085409055056,16.832917835183522
222.5507579772701,22.070461965730672,0.9999999999999993,-6.584066299829749,-0.2009592066874175,16.540982941944986
222.56021744756802,22.06548556878929,0.9999999999999994,-6.584698960079015,-0.20054786317960005,16.248313800663656
222.56967778342974,22.060510527075174,0.9999999999999993,-6.585330588375136,-0.20013682404963629,15.954909637062862
222.57913898658026,22.055536842218203,0.9999999999999994,-6.585961183993776,-0.19972608978020823,15.660769676865945
222.58860105874462,22.050564515848052,0.9999999999999994,-6.586590746210665,-0.19931566085414854,15.365893145796461
222.5980640016481,22.045593549594138,0.9999999999999994,-6.587219274301607,-0.19890553775443875,15.070279269577712
222.60752781701606,22.040623945085656,0.9999999999999994,-6.587846767542475,-0.19849572096420776,14.773927273933072
222.61699250657398,22.035655703951566,0.9999999999999994,-6.588473225209206,-0.1980862109667345,14.476836384585829
222.62645807204743,22.030688827820605,0.9999999999999994,-6.5890986465778125,-0.19767700824544365,14.179005827259596
222.6359245151622,22.025723318321266,0.9999999999999997,-6.5897230309243735,-0.1972681132839078,13.880434827677608
222.64539183764415,22.02075917708183,0.9999999999999994,-6.590346377525039,-0.19685952656585126,13.581122611563305
222.65486004121925,22.015796405730317,0.9999999999999993,-6.590968685656026,-0.19645124857514273,13.281068404639958
222.66432912761363,22.01083500589454,0.9999999999999993,-6.59158995459362,-0.1960432797957985,12.980271432631127
222.67379909855356,22.005874979202073,0.9999999999999996,-6.592210183614179,-0.19563562071198715,12.678730921260126
222.6832699557654,22.000916327280276,0.9999999999999992,-6.592829371994133,-0.19522827180802027,12.376446096250326
222.69274170097563,21.995959051756234,0.9999999999999994,-6.593447519009969,-0.194821233568361,12.07341618332513
222.70221433591092,21.991003154256855,0.9999999999999994,-6.594064623938257,-0.19441450647761815,11.769640408207803
222.711687862298,21.986048636408775,0.9999999999999994,-6.59468068605563,-0.1940080910205466,11.465117996621945
222.7211622818637,21.981095499838435,0.9999999999999994,-6.59529570463879,-0.1936019876820526,11.15984817429085
222.73063759633513,21.976143746172013,0.9999999999999994,-6.595909678964511,-0.19319619694719148,10.8538301669379
222.74011380743934,21.971193377035483,0.9999999999999992,-6.596522608309636,-0.19279071930115677,10.547063200286372
222.74959091690368,21.966244394054577,0.9999999999999993,-6.597134491951072,-0.1923855552293,10.239546500059838
222.75906892645546,21.961296798854804,0.9999999999999993,-6.597745329165801,-0.19198070521711452,9.931279291981635
222.76854783782215,21.956350593061433,0.9999999999999994,-6.598355119230869,-0.19157616975024538,9.622260801775099
222.7780276527315,21.951405778299513,0.9999999999999994,-6.598963861423404,-0.191171949314478,9.312490255163533
222.78750837291125,21.94646235619386,0.9999999999999993,-6.599571555020589,-0.1907680443957508,9.00196687787052
222.79699000008924,21.94152032836907,0.9999999999999993,-6.600178199299679,-0.19036445548014835,8.69068989561936
222.80647253599352,21.936579696449503,0.9999999999999993,-6.600783793538003,-0.18996118305390308,8.378658534133457
222.81595598235222,21.93164046205928,0.9999999999999994,-6.601388337012958,-0.1895582276033892,8.065872019136139
222.8254403408936,21.926702626822326,0.9999999999999993,-6.601991829002008,-0.18915558961513668,7.75232957635074
222.83492561334606,21.921766192362302,0.9999999999999996,-6.602594268782687,-0.18875326957581695,7.438030431500831
222.84441180143816,21.916831160302664,0.9999999999999994,-6.603195655632602,-0.18835126797224866,7.122973810309711
222.85389890689848,21.91189753226663,0.9999999999999993,-6.6037959888294235,-0.18794958529139855,6.807158938500758
222.86338693145584,21.906965309877187,0.9999999999999994,-6.604395267650897,-0.18754822202037985,6.490585041797214
222.87287587683912,21.902034494757114,0.9999999999999993,-6.604993491374832,-0.18714717864645158,6.1732513459227425
222.8823657447773,21.897105088528935,0.9999999999999993,-6.605590659279111,-0.18674645565702458,5.855157076600604
222.8918565369996,21.892177092814975,0.9999999999999994,-6.6061867706416795,-0.18634605353964664,5.5363014595541635
222.90134825523526,21.88725050923731,0.9999999999999993,-6.606781824740565,-0.1859459727820222,5.216683720506701
222.91084090121367,21.882325339417804,0.9999999999999996,-6.6073758208538536,-0.18554621387199735,4.896303085181841
222.92033447666432,21.877401584978095,0.9999999999999993,-6.6079687582597,-0.18514677729756665,4.575158779302846
222.92982898331692,21.87247924753957,0.9999999999999994,-6.608560636236337,-0.18474766354686611,4.253250028593123
222.93932442290122,21.867558328723423,0.9999999999999994,-6.609151454062061,-0.1843488731081855,3.9305760587760448
222.9488207971471,21.86263883015059,0.9999999999999993,-6.609741211015235,-0.1839504064699578,3.607136095574864
222.9583181077846,21.85772075344183,0.9999999999999993,-6.610329906374298,-0.1835522641207592,3.282929364713236
222.9678163565439,21.852804100217615,0.9999999999999993,-6.610917539417752,-0.18315444654931706,2.9579550919143682
222.9773155451552,21.847888872098217,0.9999999999999994,-6.611504109424173,-0.18275695424450278,2.6322125029017345
222.98681567534888,21.842975070703712,0.9999999999999993,-6.612089615672205,-0.1823597876953341,2.3057008233985523
222.99631674885555,21.838062697653918,0.9999999999999994,-6.612674057440559,-0.181962947390975,1.9784192791284243
223.0058187674058,21.833151754568423,0.9999999999999994,-6.613257434008018,-0.18156643382073384,1.6503670958146677
223.01532173273043,21.82824224306661,0.9999999999999993,-6.6138397446534345,-0.1811702474740695,1.3215434991806443
223.0248256465603,21.823334164767637,0.9999999999999994,-6.614420988655725,-0.18077438884058095,0.9919477149496224
223.03433051062646,21.818427521290413,0.9999999999999993,-6.6150011652938865,-0.1803788584100145,0.6615789688452085
223.04383632666003,21.81352231425366,0.9999999999999994,-6.6155802738469704,-0.17998365667226862,0.3304364865906907
223.0533430963923,21.808618545275834,0.9999999999999993,-6.616158313594113,-0.1795887841173808,-0.0014805060905217513
223.0628508215546,21.8037162159752,0.9999999999999996,-6.616735283814505,-0.17919424123553235,-0.3341727834750908
223.07235950387854,21.7988153279698,0.9999999999999994,-6.617311183787418,-0.17880002851705837,-0.6676411198396973
223.08186914509568,21.793915882877414,0.9999999999999994,-6.617886012792187,-0.17840614645243397,-1.0018862894607716
223.09137974693783,21.789017882315644,0.9999999999999994,-6.618459770108217,-0.17801259553228166,-1.3369090666149814
223.10089131113685,21.78412132790184,0.9999999999999993,-6.619032455014987,-0.1776193762473665,-1.6727102255790214
223.11040383942475,21.779226221253136,0.9999999999999993,-6.619604066792035,-0.1772264890886031,-2.0092905406295483
223.11991733353366,21.77433256398646,0.9999999999999992,-6.620174604718979,-0.17683393454705087,-2.346650786043001
223.12943179519587,21.769440357718473,0.9999999999999992,-6.620744068075499,-0.1764417131139111,-2.6847917360960407
223.13894722614376,21.764549604065678,0.9999999999999991,-6.621312456141352,-0.1760498252805296,-3.0237141650653725
223.1484636281098,21.75966030464429,0.9999999999999994,-6.621879768196354,-0.17565827153840696,-3.363418847227529
223.15798100282663,21.754772461070345,0.9999999999999992,-6.6224460035204,-0.17526705237917767,-3.7039065568592755
223.16749935202702,21.749886074959644,0.9999999999999991,-6.623011161393449,-0.1748761682946277,-4.045178068236986
223.1770186774438,21.74500114792776,0.9999999999999992,-6.623575241095526,-0.17448561977668592,-4.387234155637386
223.18653898081004,21.740117681590046,0.9999999999999992,-6.624138241906735,-0.17409540731742734,-4.730075593337069
223.1960602638588,21.73523567756164,0.9999999999999994,-6.62470016310724,-0.17370553140907008,-5.073703155612839
223.2055825283234,21.73035513745746,0.9999999999999992,-6.625261003977284,-0.173315992543977,-5.418117616741006
223.2151057759371,21.725476062892195,0.9999999999999993,-6.625820763797167,-0.17292679121466048,-5.76331975099831
223.22463000843348,21.720598455480314,0.9999999999999992,-6.626379441847268,-0.1725379279137701,-6.109310332661374
223.2341552275461,21.715722316836057,0.9999999999999993,-6.626937037408031,-0.17214940313410676,-6.456090136006964
223.2436814350087,21.710847648573466,0.9999999999999992,-6.627493549759974,-0.17176121736861194,-6.803659935311403
223.25320863255521,21.70597445230635,0.9999999999999993,-6.6280489781836724,-0.1713733711103732,-7.152020504851448
223.26273682191953,21.701102729648277,0.9999999999999993,-6.628603321959786,-0.1709858648526248,-7.50117261890371
223.2722660048358,21.696232482212636,0.9999999999999993,-6.629156580369036,-0.1705986990887386,-7.851117051744782
223.2817961830383,21.69136371161256,0.9999999999999993,-6.629708752692212,-0.1702118743122405,-8.201854577651437
223.29132735826124,21.686496419460976,0.9999999999999992,-6.630259838210176,-0.16982539101679217,-8.55338597090005
223.30085953223926,21.681630607370604,0.9999999999999992,-6.630809836203856,-0.16943924969620439,-8.905712005767292
223.31039270670684,21.676766276953913,0.9999999999999993,-6.631358745954253,-0.16905345084442935,-9.25883345652984
223.31992688339872,21.671903429823182,0.9999999999999994,-6.631906566742437,-0.16866799495556584,-9.612751097464404
223.32946206404978,21.667042067590458,0.9999999999999993,-6.632453297849541,-0.16828288252385826,-9.967465702847383
223.33899825039492,21.66218219186756,0.9999999999999993,-6.63299893855678,-0.16789811404368782,-10.322978046955463
223.3485354441693,21.657323804266113,0.9999999999999993,-6.6335434881454205,-0.16751369000958893,-10.679288904065283
223.35807364710809,21.6524669063975,0.9999999999999993,-6.634086945896813,-0.1671296109162308,-11.03639904845357
223.3676128609466,21.647611499872887,0.9999999999999993,-6.634629311092375,-0.16674587725843748,-11.394309254396674
223.3771530874203,21.642757586303244,0.9999999999999993,-6.6351705830135845,-0.1663624895311635,-11.753020296171396
223.38669432826478,21.63790516729929,0.9999999999999993,-6.6357107609420005,-0.16597944822951827,-12.11253294805431
223.3962365852157,21.633054244471552,0.9999999999999993,-6.636249844159243,-0.16559675384874917,-12.472847984322003
223.4057798600089,21.62820481943033,0.9999999999999993,-6.636787831947005,-0.16521440688425104,-12.833966179251256
223.41532415438033,21.623356893785704,0.9999999999999992,-6.637324723587047,-0.16483240783155773,-13.195888307118405
223.42486947006603,21.618510469147534,0.9999999999999993,-6.637860518361197,-0.16445075718635083,-13.55861514220024
