galstreams/tracks/track.st.New-23.ibata2024.ecsv
# %ECSV 1.0
# ---
# datatype:
# - {name: ra, unit: deg, datatype: float64}
# - {name: dec, unit: deg, datatype: float64}
# - {name: distance, unit: kpc, datatype: float64}
# - {name: pm_ra_cosdec, unit: mas / yr, datatype: float64}
# - {name: pm_dec, unit: mas / yr, datatype: float64}
# - {name: radial_velocity, unit: km / s, datatype: float64}
# delimiter: ','
# meta: !!omap
# - __serialized_columns__:
#     dec:
#       __class__: astropy.coordinates.angles.Latitude
#       unit: &id001 !astropy.units.Unit {unit: deg}
#       value: !astropy.table.SerializedColumn {name: dec}
#     distance:
#       __class__: astropy.coordinates.distances.Distance
#       unit: !astropy.units.Unit {unit: kpc}
#       value: !astropy.table.SerializedColumn {name: distance}
#     pm_dec:
#       __class__: astropy.units.quantity.Quantity
#       unit: !astropy.units.Unit {unit: mas / yr}
#       value: !astropy.table.SerializedColumn {name: pm_dec}
#     pm_ra_cosdec:
#       __class__: astropy.units.quantity.Quantity
#       unit: !astropy.units.Unit {unit: mas / yr}
#       value: !astropy.table.SerializedColumn {name: pm_ra_cosdec}
#     ra:
#       __class__: astropy.coordinates.angles.Longitude
#       unit: *id001
#       value: !astropy.table.SerializedColumn {name: ra}
#       wrap_angle: !astropy.coordinates.Angle
#         unit: *id001
#         value: 360.0
#     radial_velocity:
#       __class__: astropy.units.quantity.Quantity
#       unit: !astropy.units.Unit {unit: km / s}
#       value: !astropy.table.SerializedColumn {name: radial_velocity}
# schema: astropy-2.0
ra,dec,distance,pm_ra_cosdec,pm_dec,radial_velocity
[from data line 2048]
336.4155673431696,19.811092262614846,0.9999999999999998,26.745891265106707,-2.80544907849454,643.8589708680329
336.42604773128943,19.812719712445883,0.9999999999999999,26.751060291935673,-2.8068121580169745,647.9524696112509
336.43652819052147,19.814347512468473,1.0,26.756230067721738,-2.808175718660479,652.0559687525779
336.4470087207314,19.815975664400927,1.0,26.761400598665265,-2.8095397631229417,656.1694798469833
336.4574893217853,19.81760416996164,1.0,26.766571890965587,-2.810904294103892,660.2930144494419
336.46796999355,19.819233030869057,1.0,26.77174395082157,-2.8122693143043946,664.4265841149228
336.4784507358924,19.820862248841692,1.0,26.776916784431425,-2.8136348264270765,668.5702003983974
336.4889315486802,19.82249182559812,1.0,26.782090397992615,-2.8150008331761214,672.7238748548353
336.4994124317814,19.82412176285698,1.0,26.7872647977021,-2.8163673372573257,676.8876190392109
336.50989338506446,19.825752062336985,1.0,26.792439989756083,-2.8177343413780775,681.0614445064942
336.52037440839825,19.827382725756888,1.0,26.797615980350134,-2.8191018482472145,685.2453628116557
336.5308555016523,19.829013754835525,0.9999999999999999,26.802792775679173,-2.8204698605752583,689.4393855096666
336.5413366646964,19.83064515129178,1.0,26.80797038193724,-2.821838381074258,693.6435241554979
336.5518178974009,19.832276916844616,1.0,26.813148805318246,-2.823207412457819,697.8577903041224
336.5622991996365,19.833909053213052,0.9999999999999999,26.81832805201507,-2.824576957441181,702.0821955105104
336.5727805712746,19.835541562116163,0.9999999999999999,26.82350812821984,-2.825947018741097,706.3167513296327
336.5832620121869,19.837174445273103,0.9999999999999998,26.828689040124218,-2.8273175990758688,710.5614693164607
336.5937435222454,19.838807704403067,1.0,26.833870793919292,-2.8286887011654613,714.8163610259647
336.60422510132287,19.840441341225322,1.0,26.839053395795275,-2.830060327731296,719.0814380131181
336.61470674929245,19.842075357459212,1.0,26.84423685194176,-2.831432481496492,723.3567118328916
336.62518846602757,19.84370975482413,0.9999999999999999,26.849421168547856,-2.8328051651856327,727.6421940402549
336.63567025140236,19.84534453503952,1.0,26.854606351801834,-2.8341783815249215,731.9378961901792
336.6461521052912,19.84697969982491,1.0,26.85979240789142,-2.835552133242139,736.2438298376375
336.6566340275691,19.848615250899883,1.0,26.86497934300362,-2.8369264230666076,740.5600065376003
336.66711601811147,19.850251189984085,1.0,26.870167163324695,-2.8383012537293197,744.8864378450385
336.6775980767942,19.851887518797213,0.9999999999999998,26.875355875040324,-2.8396766279626675,749.2231353149231
336.6880802034936,19.853524239059038,0.9999999999999999,26.880545484335613,-2.841052548500805,753.5701105022247
336.69856239808644,19.855161352489393,0.9999999999999999,26.88573599739484,-2.842429018079308,757.9273749619164
336.70904466045005,19.856798860808173,0.9999999999999999,26.890927420401823,-2.843806039435414,762.2949402489686
336.719526990462,19.85843676573532,0.9999999999999999,26.89611975953963,-2.845183615307917,766.6728179183524
336.7300093880006,19.860075068990866,0.9999999999999999,26.901313020990564,-2.8465617484371677,771.0610195250388
336.74049185294456,19.861713772294884,0.9999999999999999,26.906507210936162,-2.847940441565136,775.4595566239977
336.75097438517287,19.863352877367507,0.9999999999999999,26.911702335557784,-2.8493196974353054,779.8684407702032
336.76145698456514,19.864992385928943,1.0,26.916898401035567,-2.8506995187927657,784.2876835186248
336.7719396510014,19.86663229969945,1.0,26.92209541354945,-2.852079908384191,788.7172964242342
336.78242238436223,19.868272620399363,1.0,26.92729337927821,-2.8534608689578533,793.1572910420006
336.7929051845284,19.86991334974906,0.9999999999999998,26.932492304400654,-2.854842403263511,797.6076789268986
336.8033880513816,19.87155448946899,1.0,26.93769219509408,-2.8562245140526414,802.0684716338981
336.8138709848036,19.873196041279673,1.0,26.942893057535684,-2.8576072040781924,806.5396807179698
336.8243539846767,19.874838006901662,0.9999999999999999,26.948094897902088,-2.8589904760946183,811.0213177340848
336.8348370508838,19.876480388055604,0.9999999999999998,26.953297722368724,-2.8603743328581643,815.5133942372131
336.8453201833081,19.87812318646218,0.9999999999999999,26.95850153711075,-2.8617587771264965,820.0159217823292
336.8558033818335,19.87976640384216,1.0,26.963706348302665,-2.863143811658908,824.5289119244022
336.86628664634407,19.881410041916347,1.0,26.968912162118016,-2.86452943921622,829.052376218404
336.8767699767246,19.883054102405623,1.0,26.974118984729976,-2.8659156625609157,833.5863262193053
336.88725337286013,19.88469858703093,0.9999999999999999,26.979326822310867,-2.8673024844570065,838.1307734820753
336.8977368346363,19.886343497513252,1.0,26.984535681032533,-2.868689907670067,842.6857295616898
336.90822036193924,19.887988835573665,0.9999999999999999,26.989745567065903,-2.8700779349672985,847.2512060131165
336.9187039546554,19.88963460293328,1.0,26.994956486581344,-2.8714665691174517,851.8272143913285
336.92918761267197,19.891280801313286,0.9999999999999999,27.00016844574855,-2.8728558128908617,856.4137662512945
336.93967133587614,19.89292743243492,1.0,27.005381450736834,-2.874245669059462,861.0108731479892
336.9501551241561,19.894574498019477,1.0,27.01059550771418,-2.8756361403967006,865.6185466363809
336.96063897740004,19.896221999788338,0.9999999999999999,27.01581062284847,-2.8770272296776938,870.236798271443
336.97112289549693,19.897869939462915,1.0,27.021026802306885,-2.8784189396790723,874.8656396081451
336.9816068783361,19.899518318764684,1.0,27.026244052255542,-2.879811273179122,879.5050822014573
336.99209092580736,19.90116713941521,1.0000000000000002,27.031462378860155,-2.8812042329576215,884.1551376063542
337.00257503780097,19.902816403136093,0.9999999999999999,27.036681788285833,-2.882597821795997,888.8158173778049
337.0130592142076,19.904466111648986,1.0,27.041902286696732,-2.883992042477203,893.4871330707813
337.02354345491847,19.906116266675618,0.9999999999999999,27.04712388025675,-2.8853868977857857,898.1690962402538
337.0340277598252,19.90776686993778,0.9999999999999999,27.052346575128915,-2.886782390507939,902.8617184411924
337.04451212882003,19.909417923157317,1.0,27.057570377475294,-2.8881785234314137,907.5650112285723
337.05499656179546,19.911069428056134,1.0,27.062795293457533,-2.8895752993454593,912.2789861573617
337.06548105864454,19.9127213863562,0.9999999999999999,27.068021329236863,-2.890972721041038,917.0036547825324
337.07596561926084,19.914373799779522,1.0,27.073248490973363,-2.8923707913105403,921.7390286590543
337.0864502435383,19.9160266700482,1.0,27.078476784826776,-2.8937695129480687,926.4851193419017
337.0969349313715,19.917679998884385,1.0,27.083706216955854,-2.8951688887492537,931.2419383860439
337.1074196826552,19.919333788010274,0.9999999999999999,27.088936793519125,-2.8965689215114026,936.0094973464525
337.1179044972849,19.92098803914813,1.0000000000000002,27.09416852067381,-2.8979696140332223,940.7878077780983
337.1283893751563,19.922642754020284,0.9999999999999999,27.099401404577307,-2.8993709691152034,945.5768812359511
337.1388743161659,19.924297934349106,1.0,27.10463545138547,-2.900772989559215,950.376729274985
337.14935932021046,19.925953581857055,1.0,27.10987066725395,-2.9021756781689234,955.1873634501703
337.1598443871872,19.92760969826662,0.9999999999999999,27.11510705833789,-2.9035790377494877,960.0087953164782
337.17032951699383,19.92926628530037,1.0,27.12034463079106,-2.9049830711075018,964.8410364288789
337.1808147095286,19.930923344680927,1.0,27.12558339076714,-2.9063877810514995,969.684098342343
337.1912999646901,19.932580878130967,1.0,27.13082334441907,-2.9077931703911872,974.5379926118442
337.2017852823775,19.934238887373223,1.0,27.136064497898964,-2.909199241938211,979.4027307923527
337.21227066249037,19.935897374130505,0.9999999999999999,27.141306857358302,-2.9106059985055737,984.2783244388398
337.2227561049288,19.93755634012567,0.9999999999999999,27.146550428947883,-2.912013442907991,989.164785106274
337.23324160959334,19.93921578708163,0.9999999999999999,27.151795218817774,-2.913421577961614,994.062124349631
337.2437271763849,19.940875716721358,0.9999999999999999,27.15704123311749,-2.9148304064844126,998.9703537238797
337.25421280520504,19.942536130767888,0.9999999999999999,27.162288477995737,-2.916239931295763,1003.8894847839921
337.26469849595566,19.944197030944316,1.0,27.16753695960073,-2.91765015521662,1008.8195290849379
337.2751842485392,19.945858418973785,1.0,27.172786684079604,-2.9190610810696995,1013.760498181688
337.2856700628584,19.947520296579523,1.0,27.178037657579246,-2.920472711679139,1018.7124036292165
337.29615593881675,19.949182665484784,1.0,27.18328988624566,-2.921885049870667,1023.6752569824929
337.306641876318,19.950845527412895,0.9999999999999998,27.18854337622436,-2.9232980984717187,1028.6490697964884
337.3171278752664,19.952508884087255,1.0,27.19379813365969,-2.9247118603112625,1033.633853626174
337.3276139355667,19.95417273723129,0.9999999999999998,27.19905416469596,-2.9261263382197598,1038.6296200265201
337.33810005712417,19.95583708856851,1.0,27.204311475476125,-2.927541535029434,1043.6363805525
337.3485862398445,19.957501939822485,0.9999999999999999,27.209570072142938,-2.9289574535740144,1048.6541467590841
337.3590724836337,19.95916729271682,1.0,27.21482996083843,-2.9303740966886664,1053.6829302012438
337.36955878839854,19.96083314897519,0.9999999999999999,27.22009114770386,-2.9317914672104592,1058.7227424339474
337.3800451540461,19.962499510321344,1.0,27.22535363887952,-2.9332095679778405,1063.773595012171
337.39053158048387,19.96416637847907,0.9999999999999999,27.230617440505448,-2.934628401830892,1068.8354994908832
337.4010180676199,19.96583375517221,1.0,27.23588255872088,-2.9360479716112167,1073.908467425055
337.4115046153627,19.967501642124688,1.0,27.241148999664176,-2.9374682801621788,1078.9925103696582
337.4219912236212,19.96917004106045,0.9999999999999999,27.24641676947327,-2.9388893303286068,1084.0876398796624
337.4324778923049,19.970838953703534,0.9999999999999999,27.251685874285343,-2.9403111249568923,1089.1938675100416
337.4429646213237,19.972508381778024,0.9999999999999999,27.25695632023649,-2.9417336668951606,1094.311204815766
337.4534514105879,19.974178327008058,0.9999999999999999,27.262228113462868,-2.9431569589929722,1099.439663351806
337.46393826000843,19.975848791117823,1.0,27.267501260099166,-2.944581004101579,1104.5792546731336
337.4744251694966,19.97751977583159,1.0,27.272775766279963,-2.9460058050737956,1109.7299903347177
337.48491213896415,19.979191282873654,1.0,27.27805163813887,-2.9474313647640145,1114.8918818915338
337.49539916832333,19.980863313968392,0.9999999999999999,27.283328881809048,-2.948857686028248,1120.06494089855
337.5058862574869,19.982535870840238,0.9999999999999999,27.28860750342256,-2.950284771724114,1125.249178910739
337.51637340636813,19.984208955213663,0.9999999999999999,27.293887509110867,-2.951712624710737,1130.444607483069
337.52686061488055,19.985882568813217,0.9999999999999999,27.299168905005438,-2.9531412478489045,1135.651238170515
337.5373478829384,19.987556713363492,0.9999999999999999,27.30445169723599,-2.954570644001066,1140.8690825280473
337.5478352104562,19.98923139058915,0.9999999999999999,27.30973589193232,-2.956000816031107,1146.098152110636
337.5583225973491,19.9909066022149,1.0,27.315021495223043,-2.9574317668045893,1151.338458473253
337.5688100435326,19.992582349965506,0.9999999999999999,27.32030851323647,-2.9588634991887375,1156.590013170868
337.57929754892285,19.994258635565807,1.0,27.325596952099986,-2.9602960160522542,1161.8528277584549
337.58978511343616,19.995935460740668,1.0000000000000002,27.330886817940552,-2.9617293202654196,1167.1269137909837
337.6002727369896,19.997612827215047,0.9999999999999999,27.33617811688392,-2.96316341470029,1172.4122828234251
337.61076041950065,19.999290736713927,1.0,27.34147085505557,-2.964598302230357,1177.7089464107512
337.6212481608871,20.00096919096237,0.9999999999999999,27.34676503858028,-2.9660339857306894,1183.016916107931
337.6317359610673,20.002648191685473,1.0,27.35206067358213,-2.9674704680780764,1188.3362034699385
337.6422238199603,20.00432774060841,0.9999999999999999,27.35735776618405,-2.9689077521507983,1193.666820051744
337.6527117374853,20.006007839456405,0.9999999999999999,27.362656322508947,-2.970345840828827,1199.0087774083188
337.66319971356205,20.007688489954734,1.0,27.367956348678476,-2.971784736993598,1204.3620870946313
337.67368774811086,20.00936969382873,1.0,27.373257850814134,-2.973224443528281,1209.7267606656576
337.6841758410525,20.011051452803795,1.0,27.378560835036225,-2.9746649633175792,1215.1028096763664
337.69466399230805,20.012733768605354,1.0,27.38386530746454,-2.9761062992477747,1220.4902456817288
337.7051522017994,20.014416642958928,1.0,27.3891712742182,-2.9775484542067545,1225.8890802367168
337.71564046944854,20.01610007759007,0.9999999999999999,27.394478741415824,-2.978991431084026,1231.2993248962987
337.7261287951781,20.017784074224398,1.0,27.399787715174917,-2.980435232770688,1236.72099121545
337.73661717891133,20.01946863458758,1.0,27.40509820161239,-2.9818798621594453,1242.1540907491399
337.7471056205716,20.021153760405344,1.0,27.410410206844965,-2.98332532214458,1247.59863505234
337.7575941200831,20.022839453403478,1.0,27.4157237369878,-2.984771615622023,1253.0546356800182
337.7680826773703,20.02452571530781,1.0,27.42103879815612,-2.9862187454891824,1258.5221041871519
337.7785712923581,20.02621254784424,1.0,27.426355396464118,-2.987666714645158,1264.0010521287086
337.78905996497207,20.027899952738714,0.9999999999999999,27.431673538025237,-2.9891155259906697,1269.4914910596597
337.7995486951381,20.02958793171725,0.9999999999999999,27.436993228952304,-2.9905651824279857,1274.9934325349768
337.8100374827826,20.031276486505885,1.0,27.442314475357477,-2.9920156868609666,1280.5068881096297
337.82052632783257,20.032965618830758,1.0,27.447637283351924,-2.993467042195192,1286.0318693385923
337.83101523021514,20.034655330418023,1.0,27.452961659046778,-2.9949192513376204,1291.5683877768342
337.8415041898583,20.036345622993917,1.0,27.458287608551714,-2.996372317196972,1297.1164549793268
337.8519932066903,20.038036498284722,0.9999999999999999,27.463615137976248,-2.997826242683587,1302.6760825010424
337.8624822806398,20.039727958016766,0.9999999999999999,27.468944253429115,-2.9992810307093123,1308.2472818969482
337.8729714116363,20.041420003916446,1.0,27.474274961017883,-3.0007366841876433,1313.8300647220212
337.8834605996093,20.04311263771021,1.0,27.479607266849754,-3.002193206033624,1319.4244425312284
337.8939498444891,20.044805861124555,0.9999999999999999,27.48494117703153,-3.0036505991640183,1325.0304268795433
337.9044391462063,20.046499675886047,0.9999999999999999,27.49027669766886,-3.005108866497025,1330.6480293219338
337.9149285046921,20.048194083721274,1.0,27.495613834866646,-3.006568010952563,1336.2772614133755
337.92541791987816,20.04988908635693,1.0000000000000002,27.500952594729483,-3.0080280354521705,1341.9181347088381
337.9359073916965,20.051584685519728,0.9999999999999999,27.506292983361064,-3.009488942918935,1347.5706607632917
337.9463969200796,20.053280882936438,1.0,27.511635006864452,-3.0109507362775076,1353.2348511317089
337.9568865049606,20.054977680333884,1.0,27.516978671341633,-3.0124134184542015,1358.9107173690568
337.9673761462731,20.05667507943896,1.0,27.522323982894292,-3.0138769923769217,1364.5982710303138
337.97786584395095,20.0583730819786,1.0,27.527670947623264,-3.0153414609751934,1370.2975236704451
337.98835559792866,20.060071689679802,0.9999999999999999,27.533019571628813,-3.016806827180062,1376.0084868444253
337.9988454081411,20.061770904269608,1.0,27.538369861010224,-3.0182730939243356,1381.7311721072244
