galstreams/tracks/track.st.C-19.martin2022.ecsv
# %ECSV 0.9
# ---
# datatype:
# - {name: ra, unit: deg, datatype: float64}
# - {name: dec, unit: deg, datatype: float64}
# - {name: distance, unit: kpc, datatype: float64}
# - {name: pm_ra_cosdec, unit: mas / yr, datatype: float64}
# - {name: pm_dec, unit: mas / yr, datatype: float64}
# - {name: radial_velocity, unit: km / s, datatype: float64}
# delimiter: ','
# meta: !!omap
# - __serialized_columns__:
#     dec:
#       __class__: astropy.coordinates.angles.Latitude
#       unit: &id001 !astropy.units.Unit {unit: deg}
#       value: !astropy.table.SerializedColumn {name: dec}
#     distance:
#       __class__: astropy.coordinates.distances.Distance
#       unit: !astropy.units.Unit {unit: kpc}
#       value: !astropy.table.SerializedColumn {name: distance}
#     pm_dec:
#       __class__: astropy.units.quantity.Quantity
#       unit: !astropy.units.Unit {unit: mas / yr}
#       value: !astropy.table.SerializedColumn {name: pm_dec}
#     pm_ra_cosdec:
#       __class__: astropy.units.quantity.Quantity
#       unit: !astropy.units.Unit {unit: mas / yr}
#       value: !astropy.table.SerializedColumn {name: pm_ra_cosdec}
#     ra:
#       __class__: astropy.coordinates.angles.Longitude
#       unit: *id001
#       value: !astropy.table.SerializedColumn {name: ra}
#       wrap_angle: !astropy.coordinates.Angle
#         unit: *id001
#         value: 360.0
#     radial_velocity:
#       __class__: astropy.units.quantity.Quantity
#       unit: !astropy.units.Unit {unit: km / s}
#       value: !astropy.table.SerializedColumn {name: radial_velocity}
# schema: astropy-2.0
ra,dec,distance,pm_ra_cosdec,pm_dec,radial_velocity
[from data line 1321]
354.9449630968592,22.373150422348928,18.000000000000004,1.2396333324598567,-3.040293499681525,-189.4400000000002
354.94536622755663,22.362740969723045,18.000000000000004,1.2395469713856788,-3.0407253575344333,-189.44000000000014
354.94576911059585,22.352331508595764,18.000000000000007,1.2394606846116618,-3.0411568189634486,-189.4400000000001
354.94617174605617,22.34192203896912,18.000000000000007,1.23937447213699,-3.041587883972819,-189.4400000000001
354.94657413401666,22.33151256084514,18.000000000000007,1.239288333960839,-3.042018552566788,-189.44000000000014
354.94697627455645,22.32110307422583,18.000000000000007,1.2392022700823768,-3.0424488247495995,-189.44000000000017
354.94737816775455,22.310693579113234,18.000000000000007,1.2391162805007658,-3.0428787005254896,-189.44000000000014
354.9477798136898,22.3002840755094,18.000000000000007,1.2390303652151575,-3.0433081798986947,-189.44000000000017
354.9481812124412,22.28987456341625,18.000000000000004,1.2389445242247008,-3.043737262873447,-189.4400000000002
354.94858236408754,22.279465042835856,18.000000000000004,1.2388587575285326,-3.0441659494539732,-189.44000000000017
354.94898326870754,22.2690555137702,18.000000000000004,1.238773065125785,-3.0445942396445047,-189.44000000000017
354.9493839263798,22.258645976221324,18.000000000000007,1.2386874470155813,-3.0450221334492595,-189.44000000000014
354.9497843371831,22.248236430191216,18.00000000000001,1.2386019031970408,-3.045449630872459,-189.44000000000014
354.95018450119574,22.237826875681943,18.000000000000007,1.2385164336692704,-3.0458767319183235,-189.4400000000002
354.95058441849636,22.22741731269539,18.00000000000001,1.238431038431373,-3.046303436591062,-189.44000000000017
354.9509840891633,22.21700774123362,18.000000000000007,1.238345717482445,-3.04672974489489,-189.44000000000014
354.9513835132749,22.20659816129863,18.0,1.238260470821573,-3.0471556568340135,-189.44000000000014
354.95178269090934,22.1961885728924,18.00000000000001,1.238175298447835,-3.047581172412633,-189.4400000000002
354.9521816221449,22.185778976016934,18.000000000000007,1.2380902003603065,-3.048006291634956,-189.44000000000014
354.95258030705975,22.175369370674286,18.00000000000001,1.238005176558053,-3.04843101450518,-189.44000000000014
354.9529787457318,22.164959756866324,18.000000000000004,1.2379202270401324,-3.0488553410274997,-189.44000000000014
354.95337693823916,22.15455013459508,18.00000000000001,1.2378353518055945,-3.049279271206107,-189.44000000000017
354.95377488465977,22.144140503862552,18.000000000000007,1.237750550853486,-3.049702805045194,-189.44000000000014
354.9541725850713,22.133730864670714,18.000000000000007,1.2376658241828402,-3.050125942548944,-189.44000000000014
354.9545700395518,22.12332121702155,18.000000000000007,1.2375811717926888,-3.050548683721543,-189.44000000000014
354.95496724817883,22.112911560917084,18.000000000000004,1.2374965936820537,-3.050971028567171,-189.4400000000001
354.95536421103003,22.102501896359183,18.000000000000007,1.2374120898499483,-3.0513929770900057,-189.44000000000014
354.955760928183,22.092092223349884,18.000000000000004,1.2373276602953815,-3.051814529294221,-189.44000000000023
354.9561573997153,22.08168254189114,18.000000000000007,1.237243305017354,-3.052235685183988,-189.44000000000014
354.9565536257044,22.07127285198493,18.0,1.2371590240148587,-3.052656444763478,-189.44000000000014
354.95694960622757,22.060863153633218,18.000000000000004,1.2370748172868813,-3.0530768080368524,-189.44000000000014
354.9573453413622,22.050453446837963,18.000000000000007,1.2369906848324008,-3.0534967750082767,-189.44000000000014
354.95774083118556,22.040043731601184,18.000000000000007,1.2369066266503892,-3.053916345681909,-189.44000000000014
354.9581360757748,22.02963400792473,18.000000000000007,1.2368226427398112,-3.054335520061906,-189.44000000000014
354.958531075207,22.019224275810608,18.00000000000001,1.2367387330996236,-3.0547542981524214,-189.44000000000014
354.95892582955923,22.008814535260775,18.000000000000004,1.2366548977287775,-3.0551726799576078,-189.44000000000014
354.9593203389085,21.99840478627718,18.000000000000007,1.2365711366262155,-3.0555906654816094,-189.44000000000014
354.95971460333175,21.987995028861782,18.000000000000007,1.2364874497908744,-3.0560082547285727,-189.44000000000014
354.96010862290564,21.977585263016575,18.000000000000007,1.236403837221682,-3.0564254477026376,-189.44000000000014
354.96050239770716,21.967175488743397,18.000000000000007,1.2363202989175601,-3.0568422444079455,-189.44000000000014
354.9608959278129,21.956765706044234,18.000000000000007,1.2362368348774246,-3.057258644848629,-189.4400000000001
354.96128921329955,21.946355914921043,18.000000000000007,1.2361534451001823,-3.0576746490288254,-189.44000000000014
354.96168225424367,21.935946115375764,18.000000000000004,1.2360701295847338,-3.0580902569526596,-189.44000000000014
354.96207505072175,21.925536307410322,18.000000000000004,1.2359868883299723,-3.0585054686242588,-189.44000000000014
354.96246760281025,21.915126491026705,18.000000000000007,1.235903721334784,-3.058920284047748,-189.44000000000017
354.96285991058556,21.904716666226737,18.00000000000001,1.2358206285980495,-3.0593347032272504,-189.44000000000017
354.963251974124,21.894306833012408,18.000000000000007,1.2357376101186395,-3.0597487261668803,-189.44000000000017
354.9636437935017,21.883896991385644,18.000000000000004,1.2356546658954208,-3.060162352870753,-189.44000000000014
354.964035368795,21.873487141348367,18.000000000000007,1.23557179592725,-3.0605755833429833,-189.44000000000023
354.9644267000799,21.863077282902506,18.000000000000004,1.2354890002129797,-3.06098841758768,-189.44000000000014
354.96481778743254,21.852667416050018,18.00000000000001,1.2354062787514528,-3.061400855608945,-189.44000000000014
354.96520863092877,21.842257540792737,18.000000000000007,1.235323631541508,-3.0618128974108845,-189.44000000000005
354.96559923064456,21.83184765713262,18.000000000000007,1.235241058581974,-3.0622245429976,-189.4400000000001
354.9659895866558,21.82143776507159,18.000000000000004,1.235158559871675,-3.0626357923731873,-189.4400000000001
354.9663796990381,21.81102786461154,18.000000000000007,1.2350761354094262,-3.0630466455417382,-189.44000000000014
354.96676956786735,21.800617955754397,18.000000000000004,1.234993785194038,-3.06345710250735,-189.44000000000014
354.9671591932192,21.790208038502065,18.000000000000004,1.234911509224312,-3.0638671632741064,-189.44000000000017
354.967548575169,21.779798112856504,18.000000000000007,1.234829307499044,-3.0642768278460952,-189.44000000000014
354.9679377137926,21.76938817881951,18.0,1.2347471800170222,-3.0646860962273994,-189.44000000000017
354.9683266091651,21.758978236393023,18.000000000000007,1.2346651267770272,-3.0650949684220947,-189.44000000000014
354.96871526136215,21.748568285578973,18.000000000000007,1.234583147777835,-3.0655034444342633,-189.44000000000017
354.9691036704589,21.738158326379214,18.000000000000007,1.2345012430182118,-3.0659115242679786,-189.44000000000017
354.96949183653066,21.72774835879568,18.000000000000007,1.2344194124969194,-3.0663192079273087,-189.44000000000014
354.9698797596526,21.717338382830302,18.000000000000004,1.2343376562127115,-3.066726495416325,-189.44000000000017
354.9702674398998,21.706928398484852,18.000000000000007,1.2342559741643344,-3.0671333867390893,-189.44000000000014
354.9706548773474,21.696518405761292,18.000000000000004,1.2341743663505287,-3.0675398818996675,-189.44000000000017
354.97104207207036,21.686108404661486,18.000000000000007,1.234092832770028,-3.067945980902117,-189.44000000000005
354.9714290241435,21.675698395187336,18.000000000000007,1.2340113734215576,-3.0683516837504947,-189.44000000000014
354.97181573364173,21.665288377340715,18.000000000000007,1.233929988303837,-3.0687569904488545,-189.44000000000014
354.97220220063986,21.654878351123557,18.00000000000001,1.233848677415579,-3.069161901001246,-189.4400000000001
354.97258842521256,21.64446831653763,18.00000000000001,1.23376744075549,-3.069566415411721,-189.44000000000014
354.9729744074345,21.634058273584866,18.00000000000001,1.2336862783222684,-3.0699705336843217,-189.44000000000017
354.97336014738033,21.623648222267143,18.000000000000007,1.233605190114607,-3.0703742558230918,-189.44000000000014
354.9737456451245,21.613238162586313,18.000000000000007,1.2335241761311895,-3.070777581832068,-189.44000000000014
354.9741309007415,21.602828094544265,18.000000000000004,1.2334432363706958,-3.0711805117152893,-189.44000000000014
354.9745159143057,21.592418018142915,18.00000000000001,1.2333623708317978,-3.0715830454767876,-189.4400000000002
354.9749006858914,21.582007933384013,18.000000000000007,1.2332815795131589,-3.0719851831205958,-189.44000000000023
354.9752852155729,21.571597840269472,18.000000000000007,1.2332008624134387,-3.07238692465074,-189.4400000000002
354.97566950342446,21.561187738801163,18.000000000000007,1.233120219531288,-3.072788270071246,-189.44000000000014
354.9760535495201,21.550777628980935,18.000000000000004,1.2330396508653518,-3.0731892193861374,-189.44000000000014
354.9764373539339,21.540367510810654,18.000000000000007,1.232959156414266,-3.0735897725994303,-189.44000000000017
354.9768209167399,21.52995738429216,18.000000000000004,1.2328787361766644,-3.073989929715144,-189.4400000000002
354.977204238012,21.519547249427372,18.000000000000007,1.2327983901511699,-3.0743896907372914,-189.4400000000002
354.9775873178241,21.509137106218027,18.000000000000004,1.2327181183364009,-3.0747890556698816,-189.44000000000017
354.97797015624997,21.498726954666015,18.000000000000007,1.232637920730968,-3.075188024516925,-189.4400000000001
354.97835275336337,21.4883167947732,18.00000000000001,1.2325577973334745,-3.075586597282427,-189.44000000000017
354.97873510923796,21.477906626541415,18.000000000000007,1.2324777481425195,-3.0759847739703883,-189.44000000000017
354.9791172239474,21.467496449972494,18.00000000000001,1.232397773156693,-3.0763825545848102,-189.44000000000014
354.97949909756517,21.457086265068355,18.000000000000007,1.2323178723745798,-3.0767799391296875,-189.4400000000001
354.9798807301647,21.446676071830694,18.000000000000007,1.2322380457947557,-3.077176927609015,-189.44000000000014
354.9802621218195,21.436265870261426,18.00000000000001,1.2321582934157933,-3.0775735200267835,-189.44000000000014
354.98064327260295,21.42585566036237,18.000000000000004,1.232078615236256,-3.077969716386982,-189.4400000000002
354.9810241825882,21.41544544213536,18.000000000000007,1.2319990112547012,-3.078365516693595,-189.4400000000002
354.9814048518486,21.40503521558222,18.00000000000001,1.2319194814696803,-3.078760920950606,-189.44000000000017
354.9817852804572,21.39462498070484,18.000000000000007,1.2318400258797375,-3.0791559291619945,-189.44000000000014
354.9821654684871,21.384214737504934,18.000000000000004,1.2317606444834086,-3.079550541331737,-189.44000000000017
354.9825454160114,21.37380448598437,18.000000000000007,1.231681337279228,-3.0799447574638075,-189.4400000000001
354.98292512310303,21.363394226144976,18.000000000000004,1.2316021042657166,-3.08033857756218,-189.44000000000005
354.9833045898348,21.352983957988563,18.000000000000004,1.2315229454413938,-3.08073200163082,-189.4400000000001
354.98368381627967,21.342573681516953,18.00000000000001,1.2314438608047706,-3.0811250296736925,-189.4400000000001
354.9840628025103,21.332163396732014,18.000000000000004,1.2313648503543517,-3.0815176616947664,-189.4400000000001
354.9844415485995,21.321753103635444,18.000000000000007,1.2312859140886347,-3.0819098976979973,-189.44000000000017
354.9848200546198,21.311342802229117,18.000000000000007,1.2312070520061122,-3.082301737687342,-189.4400000000001
354.9851983206438,21.300932492514836,18.000000000000007,1.2311282641052677,-3.082693181666758,-189.4400000000002
354.98557634674404,21.290522174494395,18.000000000000007,1.2310495503845806,-3.0830842296401957,-189.4400000000001
354.9859541329929,21.280111848169618,18.000000000000007,1.230970910842522,-3.0834748816116058,-189.44000000000014
354.98633167946286,21.269701513542294,18.000000000000007,1.230892345477558,-3.0838651375849335,-189.44000000000014
354.98670898622623,21.259291170614276,18.000000000000007,1.2308138542881466,-3.0842549975641225,-189.44000000000005
354.9870860533551,21.248880819387246,18.000000000000007,1.2307354372727397,-3.084644461553113,-189.44000000000017
354.98746288092184,21.238470459863088,18.000000000000004,1.230657094429784,-3.0850335295558455,-189.44000000000014
354.98783946899846,21.22806009204356,18.000000000000004,1.2305788257577186,-3.0854222015762534,-189.4400000000001
354.988215817657,21.217649715930477,18.000000000000004,1.2305006312549753,-3.0858104776182675,-189.4400000000002
354.98859192696966,21.20723933152561,18.000000000000004,1.2304225109199824,-3.086198357685822,-189.4400000000001
354.9889677970081,21.196828938830752,18.000000000000007,1.230344464751157,-3.0865858417828407,-189.44000000000014
354.9893434278444,21.18641853784769,18.000000000000004,1.2302664927469142,-3.08697292991325,-189.4400000000002
354.9897188195502,21.176008128578193,18.00000000000001,1.2301885949056606,-3.08735962208097,-189.4400000000001
354.9900939721973,21.165597711024073,18.000000000000007,1.2301107712257964,-3.08774591828992,-189.4400000000002
354.99046888585747,21.15518728518708,18.00000000000001,1.230033021705716,-3.0881318185440176,-189.44000000000014
354.9908435606022,21.144776851069,18.000000000000007,1.2299553463438064,-3.0885173228471747,-189.4400000000002
354.99121799650305,21.134366408671614,18.000000000000007,1.2298777451384502,-3.0889024312033024,-189.44000000000005
354.99159219363156,21.12395595799669,18.00000000000001,1.2298002180880196,-3.0892871436163083,-189.44000000000005
354.99196615205904,21.113545499045998,18.000000000000007,1.229722765190885,-3.0896714600900985,-189.4400000000001
354.992339871857,21.103135031821314,18.000000000000004,1.229645386445408,-3.0900553806285744,-189.44000000000017
354.9927133530966,21.09272455632439,18.000000000000004,1.2295680818499428,-3.090438905235638,-189.44000000000014
354.99308659584915,21.082314072557008,18.000000000000004,1.2294908514028395,-3.090822033915183,-189.44000000000005
354.99345960018576,21.071903580520924,18.000000000000004,1.2294136951024417,-3.091204766671106,-189.44000000000014
354.99383236617757,21.061493080217897,18.000000000000007,1.2293366129470844,-3.091587103507297,-189.44000000000014
354.9942048938955,21.051082571649687,18.000000000000004,1.2292596049350981,-3.091969044427647,-189.44000000000014
354.9945771834108,21.040672054818046,18.00000000000001,1.2291826710648068,-3.092350589436042,-189.44000000000014
354.9949492347941,21.030261529724743,18.000000000000004,1.2291058113345281,-3.092731738536365,-189.4400000000002
354.9953210481164,21.019850996371513,18.000000000000007,1.2290290257425724,-3.0931124917324957,-189.44000000000005
354.9956926234484,21.00944045476013,18.000000000000007,1.228952314287245,-3.0934928490283156,-189.44000000000014
354.9960639608609,20.99902990489232,18.00000000000001,1.2288756769668434,-3.093872810427696,-189.44000000000017
354.9964350604246,20.988619346769852,18.000000000000004,1.2287991137796621,-3.094252375934512,-189.44000000000014
354.9968059222099,20.978208780394443,18.000000000000007,1.228722624723984,-3.094631545552634,-189.4400000000001
354.99717654628745,20.96779820576786,18.000000000000007,1.2286462097980895,-3.0950103192859286,-189.4400000000002
354.9975469327277,20.95738762289183,18.000000000000007,1.2285698690002522,-3.0953886971382585,-189.44000000000017
354.9979170816011,20.946977031768107,18.000000000000007,1.2284936023287398,-3.0957666791134906,-189.4400000000002
354.99828699297797,20.936566432398404,18.000000000000007,1.2284174097818115,-3.0961442652154814,-189.4400000000001
354.99865666692864,20.92615582478449,18.000000000000004,1.2283412913577236,-3.096521455448088,-189.44000000000017
