galstreams/tracks/track.st.M92.ibata2024.ecsv
# %ECSV 1.0
# ---
# datatype:
# - {name: ra, unit: deg, datatype: float64}
# - {name: dec, unit: deg, datatype: float64}
# - {name: distance, unit: kpc, datatype: float64}
# - {name: pm_ra_cosdec, unit: mas / yr, datatype: float64}
# - {name: pm_dec, unit: mas / yr, datatype: float64}
# - {name: radial_velocity, unit: km / s, datatype: float64}
# delimiter: ','
# meta: !!omap
# - __serialized_columns__:
#     dec:
#       __class__: astropy.coordinates.angles.Latitude
#       unit: &id001 !astropy.units.Unit {unit: deg}
#       value: !astropy.table.SerializedColumn {name: dec}
#     distance:
#       __class__: astropy.coordinates.distances.Distance
#       unit: !astropy.units.Unit {unit: kpc}
#       value: !astropy.table.SerializedColumn {name: distance}
#     pm_dec:
#       __class__: astropy.units.quantity.Quantity
#       unit: !astropy.units.Unit {unit: mas / yr}
#       value: !astropy.table.SerializedColumn {name: pm_dec}
#     pm_ra_cosdec:
#       __class__: astropy.units.quantity.Quantity
#       unit: !astropy.units.Unit {unit: mas / yr}
#       value: !astropy.table.SerializedColumn {name: pm_ra_cosdec}
#     ra:
#       __class__: astropy.coordinates.angles.Longitude
#       unit: *id001
#       value: !astropy.table.SerializedColumn {name: ra}
#       wrap_angle: !astropy.coordinates.Angle
#         unit: *id001
#         value: 360.0
#     radial_velocity:
#       __class__: astropy.units.quantity.Quantity
#       unit: !astropy.units.Unit {unit: km / s}
#       value: !astropy.table.SerializedColumn {name: radial_velocity}
# schema: astropy-2.0
ra,dec,distance,pm_ra_cosdec,pm_dec,radial_velocity
250.96389115345917,43.98791639330719,0.9999999999999983,-2.904673545099831,-2.15956613818647,187.4558074957262
250.9801242876781,43.98874328961606,0.9999999999999983,-2.9109668788779377,-2.1570910880357808,186.2595050721186
250.9963561149945,43.98956345801279,0.9999999999999981,-2.917249597071745,-2.1546129158905174,185.06601580556736
251.0125866301682,43.99037689909048,0.9999999999999984,-2.923521707894837,-2.1521316309335603,183.8753368966917
251.0288158279601,43.991183613443674,0.9999999999999984,-2.929783219566451,-2.149647242340599,182.68746554611013
251.04504370313273,43.99198360166828,0.9999999999999983,-2.9360341403114845,-2.147159759280136,181.5023989544415
251.06127025044978,43.99277686436169,0.9999999999999984,-2.9422744783603942,-2.1446691909135325,180.32013432230465
251.07749546467608,43.99356340212275,0.9999999999999984,-2.948504241949273,-2.1421755463949737,179.14066885031863
251.0937193405779,43.99434321555171,0.9999999999999983,-2.9547234393197996,-2.139678834871397,177.96399973910195
251.10994187292283,43.99511630525022,0.9999999999999986,-2.960932078719292,-2.1371790654825986,176.79012418927374
251.12616305647964,43.99588267182143,0.9999999999999984,-2.9671301684006046,-2.1346762473611136,175.6190394014525
251.14238288601857,43.99664231586984,0.9999999999999983,-2.973317716622214,-2.1321703896322965,174.45074257625723
251.15860135631095,43.99739523800147,0.9999999999999983,-2.9794947316481952,-2.1296615014142546,173.285230914307
251.17481846212974,43.9981414388237,0.9999999999999986,-2.985661221748213,-2.1271495918178864,172.12250161622043
251.19103419824899,43.99888091894536,0.9999999999999984,-2.991817195197495,-2.1246346699468113,170.96255188261605
251.20724855944425,43.99961367897668,0.9999999999999983,-2.9979626602768317,-2.1221167448974363,169.80537891411313
251.22346154049228,44.00033971952938,0.9999999999999984,-3.0040976252726237,-2.119595825758882,168.65097991133024
251.2396731361713,44.001059041216514,0.9999999999999984,-3.010222098476806,-2.1170719216130003,167.4993520748864
251.25588334126087,44.00177164465264,0.9999999999999984,-3.0163360881869066,-2.1145450415343987,166.35049260540018
251.272092150542,44.002477530453675,0.9999999999999984,-3.022439602705984,-2.1120151945903736,165.20439870349068
251.28829955879687,44.003176699236995,0.9999999999999983,-3.028532650342701,-2.1094823898409274,164.06106756977647
251.30450556080916,44.00386915162137,0.9999999999999983,-3.034615239411197,-2.1069466363387725,162.9204964048767
251.32071015136407,44.00455488822701,0.9999999999999986,-3.0406873782312394,-2.104407943129331,161.78268240940992
251.33691332524813,44.00523390967552,0.9999999999999986,-3.0467490751280986,-2.1018663192506644,160.64762278399505
251.35311507724913,44.00590621658994,0.9999999999999986,-3.052800338432615,-2.099321773733555,159.51531472925103
251.3693154021563,44.0065718095947,0.9999999999999983,-3.058841176481076,-2.096774315601424,158.3857554457965
251.38551429476058,44.00723068931568,0.9999999999999984,-3.064871597615449,-2.0942239538703706,157.2589421342505
251.4017117498541,44.00788285638012,0.9999999999999983,-3.0708916101830965,-2.091670697549116,156.13487199523166
251.41790776223039,44.00852831141674,0.9999999999999986,-3.0769012225370096,-2.0891145556390818,155.01354222935885
251.43410232668447,44.009167055055606,0.9999999999999984,-3.0829004430355846,-2.0865555371342612,153.8949500372509
251.45029543801292,44.00979908792823,0.9999999999999983,-3.0888892800428414,-2.08399365102132,152.77909261952684
251.46648709101373,44.01042441066748,0.9999999999999984,-3.094867741928253,-2.0814289062795126,151.66596717680522
251.4826772804862,44.01104302390774,0.9999999999999986,-3.1008358370668025,-2.078861311880736,150.55557090970495
251.49886600123133,44.011654928284685,0.9999999999999986,-3.1067935738390187,-2.0762908767894572,149.44790101884504
251.5150532480515,44.012260124435436,0.9999999999999986,-3.11274096063089,-2.073717609962763,148.34295470484403
251.53123901575054,44.01285861299852,0.9999999999999986,-3.118678005833864,-2.07114152035032,147.24072916832097
251.5474232991338,44.0134503946139,0.9999999999999986,-3.1246047178449894,-2.068562616894379,146.1412216098948
251.56360609300816,44.01403546992288,0.9999999999999984,-3.130521105066695,-2.065980908529763,145.04442923018385
251.57978739218197,44.01461383956818,0.9999999999999986,-3.1364271759069275,-2.063396404183832,143.95034922980741
251.5959671914652,44.01518550419393,0.9999999999999986,-3.142322938779137,-2.0608091127765586,142.8589788093841
251.61214548566915,44.015750464445674,0.9999999999999986,-3.1482084021022168,-2.058219043220408,141.77031516953278
251.62832226960688,44.016308720970315,0.9999999999999984,-3.1540835743005626,-2.0556262044204114,140.68435551087234
251.6444975380927,44.0168602744162,0.9999999999999986,-3.1599484638039597,-2.053030605274145,139.60109703402156
251.6606712859429,44.01740512543298,0.9999999999999986,-3.16580307904776,-2.050432254671673,138.52053693959922
251.67684350797475,44.01794327467183,0.9999999999999987,-3.17164742847266,-2.0478311614956137,137.44267242822428
251.6930141990076,44.0184747227852,0.9999999999999984,-3.1774815205249203,-2.0452273346210745,136.3675007005156
251.70918335386202,44.018999470426984,0.9999999999999986,-3.183305363656161,-2.042620782915673,135.2950189570917
251.7253509673604,44.019517518252435,0.9999999999999986,-3.1891189663234805,-2.0400115152395113,134.22522439857173
251.7415170343265,44.02002886691827,0.9999999999999987,-3.1949223369894275,-2.037399540445188,133.15811422557442
251.75768154958578,44.020533517082484,0.9999999999999986,-3.2007154841219565,-2.034784867377775,132.09368563871863
251.77384450796526,44.021031469404555,0.9999999999999986,-3.206498416194468,-2.032167504874817,131.03193583862307
251.79000590429374,44.02152272454525,0.9999999999999984,-3.212271141685817,-2.029547461766308,129.97286202590664
251.8061657334012,44.022007283166836,0.9999999999999986,-3.218033669080202,-2.0269247468747285,128.91646140118814
251.82232399011966,44.02248514593286,0.9999999999999987,-3.223786006867326,-2.024299369014976,127.8627311650866
251.83848066928255,44.022956313508296,0.9999999999999984,-3.229528163542237,-2.021671336994407,126.81166851822046
251.8546357657251,44.02342078655946,0.9999999999999986,-3.2352601476054366,-2.019040659612786,125.76327066120882
251.8707892742838,44.02387856575413,0.9999999999999984,-3.240981967562777,-2.016407345662346,124.71753479467058
251.88694118979734,44.024329651761384,0.9999999999999986,-3.246693631925604,-2.013771403927695,123.67445811922435
251.90309150710553,44.024774045251704,0.9999999999999986,-3.25239514921054,-2.0111328431858695,122.63403783548912
251.91924022105025,44.025211746896915,0.9999999999999988,-3.258086527939656,-2.008491672206306,121.59627114408362
251.93538732647474,44.02564275737027,0.9999999999999986,-3.263767776640451,-2.0058478997508313,120.5611552456268
251.95153281822405,44.0260670773464,0.9999999999999987,-3.2694389038457192,-2.0032015345736767,119.52868734073746
251.96767669114493,44.02648470750121,0.9999999999999986,-3.27509991809368,-2.0005525854214223,118.4988646300342
251.98381894008588,44.02689564851206,0.9999999999999987,-3.28075082792793,-1.9979010610330405,117.47168431413604
251.99995955989687,44.02729990105769,0.9999999999999986,-3.286391641897411,-1.995246970139883,116.4471435936618
252.01609854542966,44.02769746581816,0.9999999999999986,-3.2920223685564114,-1.992590321465622,115.42523966923036
252.03223589153782,44.02808834347492,0.9999999999999986,-3.297643016464625,-1.9899311237263166,114.40596974146038
252.04837159307664,44.028472534710744,0.9999999999999987,-3.3032535941870638,-1.9872693856303218,113.38933101097088
252.06450564490288,44.02885004020986,0.9999999999999986,-3.308854110294085,-1.9846051158783968,112.37532067838059
252.08063804187535,44.02922086065777,0.9999999999999983,-3.314444573361442,-1.9819383231635523,111.3639359443083
252.09676877885443,44.029584996741384,0.9999999999999987,-3.320024991970156,-1.9792690161711697,110.355174009373
252.11289785070227,44.02994244914893,0.9999999999999987,-3.3255953747066194,-1.9765972035789297,109.34903207419336
252.12902525228264,44.0302932185701,0.9999999999999986,-3.3311557301625383,-1.9739228940568303,108.34550733938825
252.14515097846132,44.0306373056958,0.9999999999999986,-3.3367060669349797,-1.9712460962671248,107.34459700557652
252.16127502410566,44.030974711218384,0.9999999999999987,-3.3422463936262927,-1.9685668188644119,106.34629827337703
252.17739738408494,44.031305435831506,0.9999999999999986,-3.3477767188441545,-1.9658850704955277,105.35060834340854
252.19351805326997,44.03162948023028,0.9999999999999987,-3.3532970512015527,-1.9632008597996329,104.35752441628985
252.20963702653356,44.03194684511106,0.9999999999999988,-3.358807399316783,-1.9605141954081233,103.36704369263998
252.2257542987502,44.03225753117158,0.9999999999999987,-3.3643077718134347,-1.957825085944652,102.37916337307747
252.24186986479634,44.03256153911093,0.9999999999999988,-3.3697981773204164,-1.9551335400251428,101.39388065822145
252.25798371955,44.03285886962959,0.9999999999999986,-3.375278624471905,-1.9524395662577714,100.41119274869054
252.27409585789107,44.033149523429344,0.9999999999999988,-3.3807491219073595,-1.9497431732429433,99.43109684510365
252.2902062747015,44.03343350121332,0.9999999999999987,-3.3862096782715607,-1.9470443695732946,98.4535901480795
252.30631496486473,44.03371080368599,0.9999999999999987,-3.3916603022145013,-1.9443431638336985,97.47866985823728
252.32242192326623,44.03398143155322,0.9999999999999986,-3.3971010023915253,-1.9416395646012408,96.50633317619535
252.33852714479318,44.03424538552217,0.9999999999999987,-3.4025317874631664,-1.9389335804452141,95.53657730257275
252.35463062433482,44.03450266630134,0.9999999999999986,-3.407952666095288,-1.9362252199271257,94.56939943798831
252.37073235678207,44.034753274600575,0.9999999999999986,-3.4133636469589677,-1.9335144916006648,93.60479678306083
252.38683233702767,44.03499721113111,0.9999999999999986,-3.4187647387305535,-1.9308014040117403,92.64276653840919
252.40293055996634,44.03523447660544,0.9999999999999989,-3.42415595009163,-1.9280859656984077,91.68330590465219
252.4190270204946,44.03546507173744,0.9999999999999988,-3.4295372897290353,-1.92536818519093,90.72641208240854
252.43512171351108,44.03568899724231,0.9999999999999989,-3.4349087663348645,-1.9226480710117198,89.77208227229728
252.45121463391584,44.035906253836586,0.9999999999999988,-3.4402703886063963,-1.9199256316753601,88.82031367493713
252.46730577661117,44.03611684223816,0.9999999999999988,-3.445622165246176,-1.9172008756885948,87.87110349094694
252.4833951365013,44.0363207631662,0.9999999999999988,-3.4509641049619764,-1.9144738115503053,86.92444892094552
252.49948270849228,44.03651801734124,0.9999999999999989,-3.456296216466777,-1.9117444477515093,85.98034716555172
252.5155684874918,44.03670860548515,0.9999999999999987,-3.461618508478741,-1.9090127927753846,85.03879542538436
252.53165246840993,44.03689252832112,0.9999999999999988,-3.466930989721296,-1.9062788550972112,84.09979090106232
252.5477346461584,44.03706978657365,0.9999999999999988,-3.4722336689230326,-1.903542643184407,83.16333079320422
252.563815015651,44.03724038096858,0.9999999999999987,-3.477526554817756,-1.9008041654964902,82.22941230242915
252.5798935718033,44.03740431223307,0.9999999999999989,-3.4828096561444806,-1.8980634304850925,81.29803262935586
252.5959703095329,44.0375615810956,0.9999999999999989,-3.4880829816473606,-1.8953204465939466,80.36918897460312
252.61204522375942,44.03771218828599,0.9999999999999987,-3.4933465400757795,-1.8925752222588805,79.44287853878978
252.6281183094045,44.03785613453534,0.9999999999999987,-3.49860034018429,-1.8898277659078033,78.51909852253465
252.6441895613914,44.03799342057609,0.9999999999999988,-3.5038443907325942,-1.8870780859607104,77.59784612645666
252.66025897464579,44.03812404714203,0.9999999999999987,-3.5090787004855972,-1.8843261908296611,76.67911855117455
252.67632654409502,44.038248014968204,0.9999999999999988,-3.5143032782133496,-1.8815720889187881,75.76291299730721
252.69239226466865,44.03836532479098,0.9999999999999987,-3.519518132691053,-1.8788157886242782,74.84922666547334
252.708456131298,44.03847597734811,0.9999999999999986,-3.5247232726990716,-1.8760572983343868,73.93805675629183
252.72451813891652,44.03857997337857,0.9999999999999987,-3.529918707022911,-1.87329662642939,73.02940047038186
252.74057828245978,44.038677313622706,0.9999999999999988,-3.5351044444532502,-1.8705337812816207,72.12325500836161
252.75663655686517,44.0387679988221,0.9999999999999988,-3.5402804937858496,-1.8677687712554416,71.21961757085026
252.7726929570721,44.03885202971976,0.9999999999999988,-3.545446863821633,-1.8650016047072446,70.31848535846669
252.78874747802226,44.03892940705988,0.9999999999999989,-3.550603563366678,-1.8622322899854273,69.41985557182957
252.8048001146591,44.03900013158804,0.999999999999999,-3.5557506012321345,-1.8594608354304212,68.52372541155788
252.82085086192834,44.03906420405105,0.9999999999999988,-3.5608879862343037,-1.8566872493746427,67.63009207827037
252.83689971477742,44.039121625197126,0.9999999999999988,-3.566015727194577,-1.8539115401425255,66.73895277258586
252.85294666815616,44.03917239577567,0.9999999999999987,-3.5711338329394593,-1.85113371605049,65.85030469512316
252.8689917170164,44.039216516537486,0.9999999999999988,-3.5762423123005846,-1.8483537854069363,64.9641450465012
252.88503485631193,44.03925398823458,0.9999999999999988,-3.5813411741146273,-1.8455717565122551,64.08047102733875
252.90107608099862,44.03928481162032,0.9999999999999988,-3.5864304272234038,-1.842787637658799,63.19927983825448
252.91711538603445,44.039308987449374,0.9999999999999989,-3.591510080473781,-1.8400014371309084,62.320568679867556
252.93315276637958,44.03932651647765,0.9999999999999989,-3.5965801427177273,-1.8372131632048614,61.44433475279655
252.9491882169962,44.0393373994624,0.9999999999999989,-3.6016406228122815,-1.834422824148903,60.57057525766042
252.96522173284856,44.03934163716214,0.9999999999999988,-3.6066915296195514,-1.8316304282232192,59.699287395077825
252.98125330890298,44.039339230336694,0.9999999999999989,-3.611732872006697,-1.8288359836799506,58.83046836566786
252.9972829401281,44.03933017974716,0.9999999999999989,-3.6167646588459563,-1.8260394987631567,57.96411537004911
253.01331062149453,44.03931448615592,0.9999999999999988,-3.621786899014615,-1.8232409817088318,57.10022560884052
253.02933634797492,44.03929215032666,0.9999999999999988,-3.626799601394993,-1.8204404407448989,56.23879628266087
253.0453601145443,44.039263173024324,0.9999999999999988,-3.631802774874481,-1.817637884091181,55.379824592129
253.0613819161796,44.039227555015195,0.9999999999999989,-3.636796428345473,-1.8148333199594395,54.523307737864
253.07740174786022,44.03918529706672,0.9999999999999991,-3.641780570705437,-1.8120267565532933,53.66924292048417
253.09341960456726,44.039136399947786,0.9999999999999989,-3.6467552108568295,-1.8092182020683119,52.817627340608745
253.10943548128435,44.03908086442845,0.9999999999999989,-3.6517203577071533,-1.806407664691915,51.96845819885632
253.1254493729971,44.03901869128007,0.9999999999999989,-3.6566760201689066,-1.803595152603429,51.1217326958459
253.14146127469354,44.03894988127525,0.9999999999999989,-3.6616222071596254,-1.8007806739740353,50.277448032196276
253.1574711813635,44.038874435187964,0.9999999999999988,-3.666558927601828,-1.7979642369668207,49.43560140852622
253.1734790879992,44.03879235379337,0.9999999999999989,-3.6714861904230256,-1.7951458497367163,48.59619002545461
253.1894849895952,44.03870363786792,0.9999999999999988,-3.6764040045557675,-1.7923255204305084,47.75921108360018
253.20548888114814,44.03860828818933,0.999999999999999,-3.6813123789375477,-1.7895032571868494,46.92466178358193
253.22149075765662,44.03850630553662,0.9999999999999989,-3.6862113225108555,-1.786679068136238,46.0925393260185
