galstreams/tracks/track.st.Indus.shipp2019.ecsv
# %ECSV 0.9
# ---
# datatype:
# - {name: ra, unit: deg, datatype: float64}
# - {name: dec, unit: deg, datatype: float64}
# - {name: distance, unit: kpc, datatype: float64}
# - {name: pm_ra_cosdec, unit: mas / yr, datatype: float64}
# - {name: pm_dec, unit: mas / yr, datatype: float64}
# - {name: radial_velocity, unit: km / s, datatype: float64}
# delimiter: ','
# meta: !!omap
# - __serialized_columns__:
#     dec:
#       __class__: astropy.coordinates.angles.Latitude
#       unit: &id001 !astropy.units.Unit {unit: deg}
#       value: !astropy.table.SerializedColumn {name: dec}
#     distance:
#       __class__: astropy.coordinates.distances.Distance
#       unit: !astropy.units.Unit {unit: kpc}
#       value: !astropy.table.SerializedColumn {name: distance}
#     pm_dec:
#       __class__: astropy.units.quantity.Quantity
#       unit: !astropy.units.Unit {unit: mas / yr}
#       value: !astropy.table.SerializedColumn {name: pm_dec}
#     pm_ra_cosdec:
#       __class__: astropy.units.quantity.Quantity
#       unit: !astropy.units.Unit {unit: mas / yr}
#       value: !astropy.table.SerializedColumn {name: pm_ra_cosdec}
#     ra:
#       __class__: astropy.coordinates.angles.Longitude
#       unit: *id001
#       value: !astropy.table.SerializedColumn {name: ra}
#       wrap_angle: !astropy.coordinates.Angle
#         unit: *id001
#         value: 360.0
#     radial_velocity:
#       __class__: astropy.units.quantity.Quantity
#       unit: !astropy.units.Unit {unit: km / s}
#       value: !astropy.table.SerializedColumn {name: radial_velocity}
# schema: astropy-2.0
ra,dec,distance,pm_ra_cosdec,pm_dec,radial_velocity
[from data line 963]
336.0616944658094,-58.901007462576665,16.600000000009526,3.1432003800828348,-4.867405439596215,-2.9638068820983877e-09
336.0759870608751,-58.90776956652705,16.600000000009526,3.144247129388745,-4.867367050050481,-2.9733055074208835e-09
336.0902843623354,-58.91453056246462,16.60000000000953,3.1452944343368983,-4.867328420910374,-2.982837815811899e-09
336.1045863726426,-58.9212904496379,16.60000000000953,3.146342295224962,-4.867289551719878,-2.9924374903399537e-09
336.11889309424936,-58.92804922729491,16.600000000009533,3.1473907123505933,-4.867250442022543,-3.00190243259393e-09
336.13320452960926,-58.93480689468313,16.600000000009537,3.1484396860114074,-4.867211091361469,-3.0114010579164263e-09
336.14752068117645,-58.94156345104947,16.600000000009537,3.1494892165050135,-4.867171499279313,-3.020899683238922e-09
336.1618415514058,-58.94831889564034,16.600000000009544,3.1505393041289977,-4.867131665318293,-3.03026357628734e-09
336.1761671427528,-58.95507322770159,16.60000000000954,3.151589949180911,-4.867091589020186,-3.0397958846783557e-09
336.19049745767376,-58.96182644647853,16.60000000000955,3.152641151958301,-4.867051269926309,-3.0491597777267738e-09
336.2048324986254,-58.96857855121598,16.60000000000955,3.153692912758676,-4.867010707577556,-3.05862471998075e-09
336.2191722680655,-58.97532954115813,16.60000000000955,3.1547452318795344,-4.866969901514363,-3.0680222960976876e-09
336.23351676845215,-58.982079415548725,16.600000000009555,3.1557981096183347,-4.866928851276722,-3.0773861891461056e-09
336.24786600224434,-58.9888281736309,16.60000000000956,3.1568515462725264,-4.866887556404184,-3.0869184975371213e-09
336.2622199719018,-58.9955758146473,16.600000000009565,3.1579055421395323,-4.866846016435851,-3.0960802921744223e-09
336.2765786798846,-59.002322337839985,16.600000000009565,3.158960097516735,-4.866804230910384,-3.1055789174969185e-09
336.2909421286538,-59.009067742450526,16.600000000009565,3.1600152127015138,-4.86676219936599,-3.1149091274768167e-09
336.305310320671,-59.0158120277199,16.600000000009572,3.1610708879912046,-4.866719921340435,-3.124205654388196e-09
336.3196832583986,-59.022555192888575,16.600000000009572,3.162127123683131,-4.866677396371039,-3.133636913573653e-09
336.33406094429944,-59.02929723719648,16.600000000009576,3.1631839200745784,-4.866634623994669,-3.1428323912794736e-09
336.3484433808371,-59.03603815988297,16.60000000000958,3.164241277462808,-4.866591603747751,-3.1521962843278916e-09
336.36283057047604,-59.04277796018692,16.600000000009583,3.1652991961450567,-4.866548335166264,-3.1614928112392707e-09
336.3772225156811,-59.04951663734658,16.600000000009587,3.166357676418535,-4.866504817785728,-3.1707219720136106e-09
336.391619218918,-59.05625419059972,16.600000000009583,3.167416718580422,-4.866461051141233,-3.180052181993509e-09
336.406020682653,-59.06299061918354,16.600000000009594,3.1684763229278645,-4.866417034767396,-3.189315025836369e-09
336.42042690935295,-59.06972592233471,16.600000000009594,3.1695364897579896,-4.866372768198412,-3.19847682047367e-09
336.43483790148554,-59.07646009928935,16.6000000000096,3.1705972193678824,-4.866328250968008,-3.207773347385049e-09
336.4492536615191,-59.08319314928302,16.6000000000096,3.1716585120546164,-4.8662834826094645,-3.21693514202235e-09
336.4636741919224,-59.08992507155077,16.600000000009608,3.1727203681152103,-4.866238462655622,-3.2260969366596514e-09
336.4780994951652,-59.096655865327065,16.600000000009608,3.173782787846679,-4.8661931906388585,-3.23539346357103e-09
336.49252957371766,-59.10338552984587,16.600000000009615,3.1748457715459844,-4.866147666091107,-3.2445215751398117e-09
336.50696443005063,-59.110114064340564,16.60000000000962,3.1759093195100667,-4.8661018885438505,-3.2536496867085936e-09
336.5214040666357,-59.116841468043994,16.600000000009622,3.1769734320358336,-4.866055857528124,-3.2629462136199724e-09
336.535848485945,-59.12356774018846,16.600000000009622,3.178038109420158,-4.866009572574502,-3.2721080082572738e-09
336.5502976904515,-59.13029288000575,16.600000000009626,3.1791033519598866,-4.865963033213114,-3.281202436757536e-09
336.5647516826286,-59.13701688672703,16.600000000009626,3.1801691599518254,-4.865916238973633,-3.2902631821892785e-09
336.5792104649504,-59.14373975958299,16.60000000000963,3.1812355336927425,-4.865869189385288,-3.2994249768265795e-09
336.59367403989177,-59.15046149780374,16.600000000009633,3.1823024734793903,-4.865821883976849,-3.308485722258322e-09
336.6081424099281,-59.15718210061885,16.600000000009633,3.1833699796084653,-4.865774322276635,-3.317546467690065e-09
336.6226155775355,-59.16390156725731,16.600000000009643,3.1844380523766462,-4.865726503812507,-3.326640896190327e-09
336.6370935451907,-59.17061989694761,16.60000000000964,3.1855066920805695,-4.86567842811188,-3.335802690827628e-09
336.65157631537096,-59.177337088917696,16.600000000009647,3.186575899016831,-4.865630094701712,-3.3446950209167734e-09
336.6660638905543,-59.184053142394916,16.600000000009647,3.1876456734819927,-4.86558150310851,-3.353823132485555e-09
336.6805562732194,-59.19076805660609,16.60000000000965,3.188716015772588,-4.8655326528583185,-3.362850194848778e-09
336.69505346584555,-59.197481830777505,16.60000000000966,3.1897869261851097,-4.8654835434767305,-3.371742524937923e-09
336.70955547091256,-59.20419446413486,16.600000000009658,3.1908584050160043,-4.865434174488897,-3.380803270369666e-09
336.724062290901,-59.21090595590336,16.600000000009665,3.191930452561689,-4.865384545419493,-3.38976296659585e-09
336.738573928292,-59.217616305307594,16.60000000000967,3.1930030691185447,-4.86533465579275,-3.398790028959073e-09
336.7530903855675,-59.22432551157166,16.600000000009675,3.1940762549829054,-4.86528450513244,-3.407716042116738e-09
336.76761166520976,-59.23103357391905,16.600000000009675,3.195150010451076,-4.865234092961886,-3.4166420552744023e-09
336.78213776970193,-59.23774049157275,16.60000000000968,3.1962243358193083,-4.8651834188039444,-3.4256691176376256e-09
336.79666870152766,-59.24444626375517,16.60000000000968,3.1972992313838313,-4.865132482181019,-3.4344940815897317e-09
336.8112044631713,-59.251150889688184,16.600000000009683,3.198374697440815,-4.865081282615059,-3.443386411678877e-09
336.82574505711773,-59.25785436859309,16.600000000009686,3.199450734286405,-4.865029819627551,-3.4522450586995028e-09
336.8402904858525,-59.26455669969062,16.600000000009693,3.200527342216691,-4.864978092739529,-3.4612047549256867e-09
336.85484075186184,-59.27125788220102,16.600000000009693,3.201604521527734,-4.864926101471569,-3.470097085014832e-09
336.86939585763247,-59.27795791534392,16.6000000000097,3.2026822725155455,-4.864873845343781,-3.4789220489669383e-09
336.8839558056519,-59.28465679833841,16.6000000000097,3.203760595476096,-4.864821323875827,-3.487780695987564e-09
336.8985205984081,-59.29135453040304,16.600000000009704,3.2048394907053135,-4.864768536586903,-3.4965719768711506e-09
336.9130902383897,-59.298051110755786,16.60000000000971,3.205918958499081,-4.864715482995749,-3.505396940823257e-09
336.927664728086,-59.3047465386141,16.60000000000971,3.206998999153237,-4.864662162620646,-3.514154538638324e-09
336.9422440699868,-59.31144081319483,16.600000000009718,3.2080796129635782,-4.864608574979411,-3.5230131856589497e-09
336.9568282665827,-59.318133933714314,16.600000000009718,3.2091608002258534,-4.864554719589409,-3.531770783474017e-09
336.9714173203647,-59.324825899388294,16.600000000009725,3.210242561235771,-4.8645005959675345,-3.5406294304946426e-09
336.9860112338245,-59.331516709431995,16.600000000009725,3.21132489628899,-4.864446203630231,-3.549252296035632e-09
337.0006100094545,-59.33820636306007,16.600000000009725,3.21240780568112,-4.864391542093477,-3.558144626124777e-09
337.0152136497475,-59.34489485948661,16.600000000009732,3.213491289707735,-4.8643366108727815,-3.5667674916657667e-09
337.0298221571971,-59.35158219792513,16.600000000009732,3.2145753486643454,-4.864281409483208,-3.575525089480834e-09
337.04443553429735,-59.35826837758863,16.600000000009743,3.2156599828464314,-4.864225937439343,-3.584282687295901e-09
337.05905378354305,-59.36495339768954,16.600000000009743,3.2167451925494133,-4.86417019425533,-3.5929055528368903e-09
337.07367690742944,-59.37163725743967,16.600000000009747,3.2178309780686662,-4.864114179444826,-3.601629467583438e-09
337.08830490845247,-59.37831995605039,16.600000000009754,3.2189173396995177,-4.864057892521041,-3.610319699261466e-09
337.10293778910875,-59.38500149273239,16.600000000009754,3.2200042777372517,-4.864001332996722,-3.6188751986654164e-09
337.1175755518952,-59.3916818666959,16.600000000009757,3.221091792477085,-4.8639445003841475,-3.627565430343445e-09
337.13221819930965,-59.39836107715049,16.600000000009764,3.2221798842142007,-4.863887394195132,-3.636255662021473e-09
337.1468657338504,-59.405039123305265,16.600000000009768,3.2232685532437264,-4.863830013941028,-3.644844844493943e-09
337.1615181580163,-59.41171600436872,16.600000000009768,3.22435779986074,-4.863772359132728,-3.6533666608293737e-09
337.17617547430683,-59.41839171954879,16.600000000009775,3.225447624360257,-4.863714429280653,-3.662023209438882e-09
337.19083768522205,-59.42506626805286,16.600000000009775,3.2265380270372575,-4.863656223894764,-3.6706123919113523e-09
337.2055047932626,-59.43173964908777,16.600000000009782,3.2276290081866588,-4.863597742484551,-3.6791005251782636e-09
337.2201768009297,-59.43841186185974,16.600000000009786,3.2287205681033257,-4.863538984559051,-3.687656024582214e-09
337.2348537107253,-59.4450829055745,16.60000000000979,3.229812707082072,-4.863479949626819,-3.6962452070546835e-09
337.2495355251516,-59.45175277943716,16.600000000009796,3.2309054254176566,-4.863420637195958,-3.704868072595673e-09
337.26422224671177,-59.45842148265232,16.6000000000098,3.231998723404789,-4.863361046774096,-3.713288839725545e-09
337.2789138779092,-59.46508901442398,16.6000000000098,3.2330926013381154,-4.863301177868401,-3.721743289923937e-09
337.2936104212481,-59.47175537395558,16.600000000009807,3.2341870595122244,-4.863241029985568,-3.730265106259368e-09
337.3083118792332,-59.47842056044998,16.600000000009814,3.235282098221668,-4.863180602631829,-3.738820605663318e-09
337.3230182543698,-59.485084573109546,16.600000000009814,3.236377717760921,-4.863119895312946,-3.747072957450593e-09
337.33772954916367,-59.49174741113598,16.600000000009814,3.237473918424412,-4.863058907534218,-3.7556284568545435e-09
337.35244576612126,-59.49840907373051,16.600000000009825,3.2385707005065063,-4.86299763880047,-3.764150273189974e-09
337.36716690774966,-59.50506956009374,16.60000000000982,3.23966806430152,-4.862936088616063,-3.772503674182808e-09
337.38189297655634,-59.511728869425745,16.600000000009825,3.2407660101037012,-4.862874256484891,-3.781025490518239e-09
337.39662397504947,-59.518387000926005,16.600000000009832,3.241864538207251,-4.862812141910369,-3.789277842305513e-09
337.4113599057377,-59.52504395379344,16.600000000009832,3.2429636489062967,-4.8627497443954555,-3.797799658640944e-09
337.42610077113034,-59.53169972722644,16.60000000000984,3.244063342494922,-4.86268706344263,-3.806085693496739e-09
337.44084657373725,-59.53835432042276,16.600000000009842,3.2451636192671423,-4.862624098553912,-3.814506460626611e-09
337.45559731606863,-59.54500773257967,16.600000000009846,3.246264479516906,-4.8625608492308405,-3.822792495482405e-09
337.47035300063567,-59.55165996289379,16.600000000009853,3.2473659235381174,-4.862497314974492,-3.8310785303382e-09
337.4851136299497,-59.55831101056122,16.600000000009857,3.2484679516246056,-4.8624334952854715,-3.839499297468072e-09
337.49987920652273,-59.56496087477751,16.60000000000986,3.249570564070139,-4.862369389663908,-3.847920064597944e-09
337.51464973286755,-59.5716095547376,16.60000000000986,3.2506737611684318,-4.862304997609464,-3.8561387333166996e-09
337.5294252114972,-59.57825704963587,16.600000000009867,3.2517775432131284,-4.862240318621327,-3.8643574020354546e-09
337.54420564492534,-59.58490335866616,16.60000000000987,3.252881910497808,-4.862175352198219,-3.87260975382273e-09
337.5589910356663,-59.59154848102169,16.600000000009878,3.2539868633159967,-4.862110097838382,-3.880862105610005e-09
337.5737813862348,-59.59819241589518,16.60000000000988,3.2550924019611425,-4.862044555039597,-3.8891818235343184e-09
337.58857669914636,-59.60483516247869,16.600000000009885,3.2561985267266422,-4.861978723299157,-3.897467858390113e-09
337.6033769769167,-59.61147671996381,16.60000000000989,3.257305237905816,-4.861912602113894,-3.90555179483479e-09
337.6181822220624,-59.618117087541464,16.600000000009892,3.258412535791923,-4.861846190980162,-3.913837829690585e-09
337.6329924371002,-59.62475626440209,16.600000000009896,3.2595204206781556,-4.861779489393846,-3.922022815340821e-09
337.6478076245479,-59.63139424973549,16.6000000000099,3.260628892857646,-4.86171249685035,-3.930174117922537e-09
337.66262778692334,-59.63803104273094,16.600000000009906,3.261737952623444,-4.861645212844611,-3.938359103572773e-09
337.67745292674516,-59.6446666425771,16.60000000000991,3.262847600268544,-4.861577636871088,-3.946510406154489e-09
337.69228304653257,-59.651301048462095,16.60000000000991,3.263957836085873,-4.861509768423765,-3.954661708736206e-09
337.7071181488051,-59.65793425957348,16.600000000009917,3.265068660368284,-4.861441606996155,-3.9627456451808834e-09
337.72195823608297,-59.66456627509819,16.60000000000992,3.266180073408556,-4.861373152081291,-3.97086326469408e-09
337.73680331088696,-59.67119709422264,16.600000000009928,3.267292075499415,-4.861304403171733,-3.978980884207278e-09
337.7516533757383,-59.67782671613264,16.60000000000993,3.268404666933499,-4.861235359759565,-3.9869637714463965e-09
337.7665084331586,-59.68445514001345,16.600000000009935,3.269517848003382,-4.8611660213364,-3.995081390959593e-09
337.7813684856703,-59.69108236504972,16.60000000000994,3.270631619001571,-4.861096387393365,-4.003232693541309e-09
337.79623353579626,-59.697708390425575,16.600000000009942,3.2717459802204982,-4.861026457421113,-4.011215580780428e-09
337.81110358605963,-59.70433321532452,16.60000000000995,3.272860931952522,-4.860956230909828,-4.019265834156587e-09
337.8259786389844,-59.71095683892952,16.600000000009953,3.273976474489927,-4.86088570734921,-4.027316087532745e-09
337.84085869709486,-59.71757926042294,16.600000000009956,3.275092608124929,-4.860814886228485,-4.035265291703344e-09
337.855743762916,-59.72420047898655,16.60000000000996,3.2762093331496733,-4.860743767036391,-4.043315545079502e-09
337.87063383897316,-59.73082049380161,16.600000000009963,3.277326649856222,-4.860672349261206,-4.051231066181582e-09
337.8855289277922,-59.73743930404875,16.600000000009974,3.278444558536564,-4.860600632390717,-4.059213953420701e-09
337.9004290318996,-59.744056908908036,16.600000000009974,3.2795630594826184,-4.860528615912236,-4.067264206796859e-09
337.91533415382224,-59.75067330755896,16.60000000000998,3.280682152986228,-4.860456299312594,-4.075213410967458e-09
337.93024429608766,-59.75728849918045,16.60000000000998,3.281801839339159,-4.860383682078147,-4.083095249001019e-09
337.9451594612236,-59.763902482950826,16.600000000009985,3.2829221188330875,-4.86031076369477,-4.091010770103099e-09
337.9600796517588,-59.77051525804785,16.60000000000999,3.284042991759639,-4.860237543647854,-4.09885892506814e-09
337.975004870222,-59.7771268236487,16.60000000001,3.2851644584103408,-4.860164021422317,-4.1068081292387394e-09
337.9899351191426,-59.78373717892998,16.600000000010002,3.2862865190766435,-4.860090196502594,-4.1146899672723e-09
338.00487040105077,-59.79034632306771,16.600000000010006,3.287409174049931,-4.860016068372638,-4.122571805305861e-09
338.0198107184767,-59.79695425523735,16.60000000001001,3.2885324236214943,-4.8599416365159245,-4.1303862772023815e-09
338.03475607395154,-59.803560974613745,16.600000000010013,3.289656268082556,-4.8598669004154464,-4.138200749098903e-09
