galstreams/tracks/track.ep.Acheron.grillmair2009.ecsv
# %ECSV 0.9
# ---
# datatype:
# - {name: ra, unit: deg, datatype: float64}
# - {name: dec, unit: deg, datatype: float64}
# - {name: distance, unit: kpc, datatype: float64}
# - {name: pm_ra_cosdec, unit: mas / yr, datatype: float64}
# - {name: pm_dec, unit: mas / yr, datatype: float64}
# - {name: radial_velocity, unit: km / s, datatype: float64}
# delimiter: ','
# meta: !!omap
# - __serialized_columns__:
#     dec:
#       __class__: astropy.coordinates.angles.Latitude
#       unit: &id001 !astropy.units.Unit {unit: deg}
#       value: !astropy.table.SerializedColumn {name: dec}
#     distance:
#       __class__: astropy.coordinates.distances.Distance
#       unit: !astropy.units.Unit {unit: kpc}
#       value: !astropy.table.SerializedColumn {name: distance}
#     pm_dec:
#       __class__: astropy.units.quantity.Quantity
#       unit: !astropy.units.Unit {unit: mas / yr}
#       value: !astropy.table.SerializedColumn {name: pm_dec}
#     pm_ra_cosdec:
#       __class__: astropy.units.quantity.Quantity
#       unit: !astropy.units.Unit {unit: mas / yr}
#       value: !astropy.table.SerializedColumn {name: pm_ra_cosdec}
#     ra:
#       __class__: astropy.coordinates.angles.Longitude
#       unit: *id001
#       value: !astropy.table.SerializedColumn {name: ra}
#       wrap_angle: !astropy.coordinates.Angle
#         unit: *id001
#         value: 360.0
#     radial_velocity:
#       __class__: astropy.units.quantity.Quantity
#       unit: !astropy.units.Unit {unit: km / s}
#       value: !astropy.table.SerializedColumn {name: radial_velocity}
# schema: astropy-2.0
ra,dec,distance,pm_ra_cosdec,pm_dec,radial_velocity
230.0,-1.999999999999977,3.4999999999999996,0.0,0.0,0.0
230.13965677083883,-1.8807550223847977,3.501507537688442,0.0,0.0,0.0
230.27929445343605,-1.761498880267355,3.503015075376884,0.0,0.0,0.0
230.41891425968592,-1.6422322834189076,3.5045226130653266,0.0,0.0,0.0
230.55851740128765,-1.5229559413101579,3.5060301507537686,0.0,0.0,0.0
230.69810508975857,-1.4036705631313426,3.5075376884422105,0.0,0.0,0.0
230.83767853644693,-1.2843768578129389,3.5090452261306524,0.0,0.0,0.0
230.9772389525454,-1.1650755340457473,3.5105527638190956,0.0,0.0,0.0
231.11678754910366,-1.0457673003014165,3.512060301507537,0.0,0.0,0.0
231.25632553704207,-0.9264528648528795,3.5135678391959795,0.0,0.0,0.0
231.39585412716463,-0.8071329357945444,3.515075376884422,0.0,0.0,0.0
231.53537453017228,-0.6878082210627281,3.516582914572864,0.0,0.0,0.0
231.67488795667595,-0.568479428456168,3.5180904522613066,0.0,0.0,0.0
231.81439561721007,-0.44914726565613905,3.519597989949749,0.0,0.0,0.0
231.95389872224578,-0.329812440246927,3.5211055276381904,0.0,0.0,0.0
232.09339848220387,-0.21047565973632085,3.522613065326633,0.0,0.0,0.0
232.23289610746878,-0.09113763157568286,3.5241206030150756,0.0,0.0,0.0
232.37239280840097,0.028200936819367917,3.525628140703517,0.0,0.0,0.0
232.51188979535124,0.14753933804888372,3.5271356783919607,0.0,0.0,0.0
232.6513882786733,0.2668768647080926,3.5286432160804013,0.0,0.0,0.0
232.79088946873728,0.3862128093669565,3.530150753768844,0.0,0.0,0.0
232.93039457594307,0.5055464645500125,3.5316582914572865,0.0,0.0,0.0
233.06990481073382,0.6248771227159164,3.533165829145728,0.0,0.0,0.0
233.2094213836087,0.7442040762369636,3.5346733668341703,0.0,0.0,0.0
233.34894550513673,0.863526617378996,3.536180904522613,0.0,0.0,0.0
233.4884783859697,0.982844038280733,3.5376884422110546,0.0,0.0,0.0
233.6280212368556,1.1021556309336829,3.5391959798994974,0.0,0.0,0.0
233.7675752686518,1.2214606871616571,3.54070351758794,0.0,0.0,0.0
233.90714169233817,1.3407584986002867,3.5422110552763817,0.0,0.0,0.0
234.04672171903027,1.4600483566768898,3.543718592964824,0.0,0.0,0.0
234.18631655999275,1.5793295525899744,3.545226130653266,0.0,0.0,0.0
234.32592742665204,1.6986013772887734,3.5467336683417083,0.0,0.0,0.0
234.4655555306099,1.8178631214530971,3.5482412060301507,0.0,0.0,0.0
234.605202083656,1.9371140754726923,3.5497487437185926,0.0,0.0,0.0
234.7448682977814,2.0563535294270863,3.551256281407035,0.0,0.0,0.0
234.8845553851913,2.1755807730651138,3.552763819095477,0.0,0.0,0.0
235.02426455831773,2.294795095784398,3.5542713567839193,0.0,0.0,0.0
235.163997029833,2.4139957866111947,3.555778894472361,0.0,0.0,0.0
235.303754012662,2.5331821341798686,3.557286432160804,0.0,0.0,0.0
235.4435367199952,2.652353426712386,3.558793969849246,0.0,0.0,0.0
235.58334636530145,2.771508951998134,3.5603015075376883,0.0,0.0,0.0
235.72318416234057,2.890647997373387,3.5618090452261306,0.0,0.0,0.0
235.8630513251757,3.0097698497007928,3.5633165829145725,0.0,0.0,0.0
236.0029490681864,3.128873795349196,3.5648241206030145,0.0,0.0,0.0
236.1428786060807,3.2479591201729305,3.5663316582914573,0.0,0.0,0.0
236.28284115390736,3.3670251094916277,3.567839195979899,0.0,0.0,0.0
236.422837927069,3.486071048069684,3.5693467336683415,0.0,0.0,0.0
236.5628701413332,3.6050962200956986,3.570854271356784,0.0,0.0,0.0
236.7029390128457,3.7240999091622413,3.5723618090452263,0.0,0.0,0.0
236.84304575814198,3.8430813982452974,3.5738693467336677,0.0,0.0,0.0
236.9831915941593,3.9620399696836848,3.57537688442211,0.0,0.0,0.0
237.12337773824873,4.0809749051588105,3.5768844221105525,0.0,0.0,0.0
237.26360540818706,4.199885485674086,3.5783919597989953,0.0,0.0,0.0
237.4038758221884,4.318770991534331,3.5798994974874367,0.0,0.0,0.0
237.54419019891586,4.437630702325549,3.581407035175879,0.0,0.0,0.0
237.684549757493,4.55646389689413,3.5829145728643215,0.0,0.0,0.0
237.8249557175155,4.675269853326604,3.584422110552764,0.0,0.0,0.0
237.96540929906251,4.794047848929034,3.5859296482412057,0.0,0.0,0.0
238.10591172270745,4.912797160206376,3.587437185929648,0.0,0.0,0.0
238.24646420952965,5.031517062842174,3.5889447236180905,0.0,0.0,0.0
238.3870679811252,5.150206831677929,3.590452261306533,0.0,0.0,0.0
238.52772425961746,5.26886574069244,3.591959798994974,0.0,0.0,0.0
238.6684342676686,5.387493062981511,3.593467336683417,0.0,0.0,0.0
238.8091992284893,5.5060880707371105,3.5949748743718586,0.0,0.0,0.0
238.95002036585012,5.6246500352270665,3.5964824120603014,0.0,0.0,0.0
239.09089890409146,5.743178226774374,3.5979899497487433,0.0,0.0,0.0
239.23183606813365,5.861671914736512,3.5994974874371852,0.0,0.0,0.0
239.37283308348748,5.980130367485086,3.601005025125628,0.0,0.0,0.0
239.51389117626394,6.098552852385112,3.6025125628140704,0.0,0.0,0.0
239.655011573184,6.216938635774307,3.6040201005025123,0.0,0.0,0.0
239.79619550158836,6.335286982942737,3.6055276381909547,0.0,0.0,0.0
239.93744418944712,6.453597158111905,3.6070351758793966,0.0,0.0,0.0
240.07875886536888,6.57186842441438,3.608542713567839,0.0,0.0,0.0
240.2201407586102,6.690100043873056,3.6100502512562813,0.0,0.0,0.0
240.3615910990843,6.808291277380394,3.611557788944724,0.0,0.0,0.0
240.50311111737062,6.926441384677995,3.6130653266331656,0.0,0.0,0.0
240.64470204472278,7.04454962433584,3.6145728643216075,0.0,0.0,0.0
240.7863651130776,7.1626152537315,3.6160804020100503,0.0,0.0,0.0
240.9281015550632,7.280637529029694,3.6175879396984922,0.0,0.0,0.0
241.06991260400756,7.398615705161492,3.619095477386934,0.0,0.0,0.0
241.21179949394607,7.516549035803522,3.620603015075377,0.0,0.0,0.0
241.35376345962985,7.634436773357531,3.6221105527638184,0.0,0.0,0.0
241.49580573653276,7.752278168929378,3.6236180904522612,0.0,0.0,0.0
241.63792756085954,7.8700724723086,3.6251256281407036,0.0,0.0,0.0
241.78013016955245,7.987818931947571,3.6266331658291455,0.0,0.0,0.0
241.92241480029875,8.105516794940675,3.6281407035175874,0.0,0.0,0.0
242.06478269153715,8.223165307003786,3.62964824120603,0.0,0.0,0.0
242.2072350824648,8.340763712453441,3.6311557788944717,0.0,0.0,0.0
242.34977321304325,8.458311254185967,3.632663316582914,0.0,0.0,0.0
242.49239832400525,8.575807173656967,3.634170854271357,0.0,0.0,0.0
242.63511165686006,8.693250710860452,3.6356783919597984,0.0,0.0,0.0
242.77791445389957,8.81064110430796,3.6371859296482407,0.0,0.0,0.0
242.92080795820374,8.927977591008075,3.638693467336684,0.0,0.0,0.0
243.0637934136459,9.045259406445334,3.6402010050251254,0.0,0.0,0.0
243.2068720648976,9.162485784559722,3.6417085427135683,0.0,0.0,0.0
243.35004515743373,9.27965595772579,3.64321608040201,0.0,0.0,0.0
243.49331393753658,9.39676915673175,3.644723618090452,0.0,0.0,0.0
243.63667965230064,9.51382461075892,3.6462311557788945,0.0,0.0,0.0
243.78014354963636,9.630821547360819,3.647738693467336,0.0,0.0,0.0
243.92370687827383,9.747759192442262,3.6492462311557783,0.0,0.0,0.0
244.06737088776657,9.864636770238821,3.6507537688442215,0.0,0.0,0.0
244.21113682849438,9.981453503295752,3.652261306532663,0.0,0.0,0.0
244.35500595166678,10.098208612447428,3.653768844221106,0.0,0.0,0.0
244.4989795093253,10.214901316796437,3.6552763819095473,0.0,0.0,0.0
244.64305875434587,10.331530833692687,3.6567839195979897,0.0,0.0,0.0
244.78724494044135,10.44809637871283,3.6582914572864316,0.0,0.0,0.0
244.9315393221628,10.564597165639254,3.6597989949748744,0.0,0.0,0.0
245.0759431549013,10.681032406439389,3.6613065326633167,0.0,0.0,0.0
245.22045769488918,10.79740131124489,3.6628140703517587,0.0,0.0,0.0
245.36508419920068,10.913703088330822,3.664321608040201,0.0,0.0,0.0
245.5098239257529,11.029936944094892,3.665829145728643,0.0,0.0,0.0
245.65467813330565,11.14610208303664,3.667336683417085,0.0,0.0,0.0
245.7996480814617,11.262197707736656,3.6688442211055277,0.0,0.0,0.0
245.94473503066635,11.378223018835806,3.670351758793969,0.0,0.0,0.0
246.08994024220644,11.49417721501444,3.671859296482412,0.0,0.0,0.0
246.2352649782098,11.610059492971642,3.673366834170854,0.0,0.0,0.0
246.3807105016434,11.725869047404435,3.674874371859296,0.0,0.0,0.0
246.5262780763117,11.841605070987058,3.676381909547738,0.0,0.0,0.0
246.6719689668547,11.957266754350186,3.677889447236181,0.0,0.0,0.0
246.81778443874526,12.072853286060212,3.6793969849246224,0.0,0.0,0.0
246.96372575828653,12.188363852598496,3.6809045226130648,0.0,0.0,0.0
247.10979419260843,12.30379763834066,3.6824120603015076,0.0,0.0,0.0
247.2559910096642,12.419153825535874,3.683919597989949,0.0,0.0,0.0
247.40231747822654,12.534431594286163,3.6854271356783914,0.0,0.0,0.0
247.5487748678831,12.649630122525707,3.6869346733668342,0.0,0.0,0.0
247.69536444903184,12.764748586000199,3.6884422110552757,0.0,0.0,0.0
247.84208749287575,12.879786158246155,3.689949748743718,0.0,0.0,0.0
247.98894527141732,12.994742010570318,3.6914572864321604,0.0,0.0,0.0
248.13593905745276,13.109615312029002,3.6929648241206023,0.0,0.0,0.0
248.28307012456528,13.224405229407502,3.694472361809045,0.0,0.0,0.0
248.4303397471186,13.339110927199512,3.6959798994974875,0.0,0.0,0.0
248.57774920024949,13.453731567586566,3.697487437185929,0.0,0.0,0.0
248.72529975986012,13.568266310417474,3.698994974874372,0.0,0.0,0.0
248.87299270260993,13.682714313187839,3.7005025125628137,0.0,0.0,0.0
249.02082930590726,13.797074731019535,3.702010050251256,0.0,0.0,0.0
249.16881084789995,13.911346716640248,3.703517587939698,0.0,0.0,0.0
249.31693860746617,14.025529420363014,3.705025125628141,0.0,0.0,0.0
249.46521386420423,14.139621990065843,3.7065326633165823,0.0,0.0,0.0
249.61363789842233,14.253623571171287,3.708040201005025,0.0,0.0,0.0
249.76221199112754,14.367533306626125,3.7095477386934665,0.0,0.0,0.0
249.91093742401435,14.481350336881006,3.7110552763819094,0.0,0.0,0.0
250.05981547945282,14.595073799870173,3.7125628140703513,0.0,0.0,0.0
250.2088474404762,14.708702830991205,3.714070351758794,0.0,0.0,0.0
250.35803459076806,14.822236563084802,3.7155778894472355,0.0,0.0,0.0
250.5073782146486,14.935674126414593,3.717085427135678,0.0,0.0,0.0
250.6568795970612,15.049014648647002,3.7185929648241203,0.0,0.0,0.0
250.80654002355726,15.162257254831134,3.720100502512563,0.0,0.0,0.0
250.95636078028173,15.275401067378734,3.721608040201005,0.0,0.0,0.0
251.10634315395745,15.38844520604414,3.7231155778894465,0.0,0.0,0.0
251.2564884318688,15.50138878790436,3.7246231155778893,0.0,0.0,0.0
251.40679790184524,15.614230927339104,3.7261306532663316,0.0,0.0,0.0
251.557272852244,15.726970736010943,3.727638190954774,0.0,0.0,0.0
251.70791457193224,15.839607322845474,3.729145728643216,0.0,0.0,0.0
251.85872435026883,15.952139794011549,3.730653266331658,0.0,0.0,0.0
252.0097034770851,16.06456725290158,3.7321608040201,0.0,0.0,0.0
252.16085324266547,16.17688880011186,3.733668341708542,0.0,0.0,0.0
252.31217493772718,16.28910353342299,3.7351758793969845,0.0,0.0,0.0
252.4636698533996,16.401210547780313,3.7366834170854264,0.0,0.0,0.0
252.6153392812027,16.513208935274477,3.7381909547738688,0.0,0.0,0.0
252.76718451302506,16.62509778512199,3.7396984924623116,0.0,0.0,0.0
252.9192068411013,16.736876183645926,3.7412060301507535,0.0,0.0,0.0
253.07140755798866,16.848543214256605,3.742713567839196,0.0,0.0,0.0
253.22378795654302,16.96009795743242,3.7442211055276378,0.0,0.0,0.0
253.37634932989445,17.071539490700708,3.74572864321608,0.0,0.0,0.0
253.52909297142185,17.18286688861871,3.7472361809045225,0.0,0.0,0.0
253.6820201747268,17.294079222754597,3.748743718592965,0.0,0.0,0.0
253.8351322336072,17.405175561668546,3.7502512562814063,0.0,0.0,0.0
253.98843044202997,17.516154970894004,3.751758793969849,0.0,0.0,0.0
254.1419160941027,17.627016512918907,3.7532663316582915,0.0,0.0,0.0
254.29559048404528,17.73775924716708,3.7547738693467334,0.0,0.0,0.0
254.44945490616027,17.848382229979695,3.7562814070351753,0.0,0.0,0.0
254.60351065480265,17.95888451459681,3.757788944723618,0.0,0.0,0.0
254.75775902434927,18.06926515113906,3.7592964824120596,0.0,0.0,0.0
254.9122013091667,18.179523186589332,3.760804020100502,0.0,0.0,0.0
255.06683880357937,18.289657664774715,3.762311557788944,0.0,0.0,0.0
255.2216728018361,18.39966762634838,3.7638190954773862,0.0,0.0,0.0
255.3767045980763,18.50955210877169,3.7653266331658286,0.0,0.0,0.0
255.53193548629503,18.619310146296336,3.766834170854271,0.0,0.0,0.0
255.68736676030818,18.728940769946686,3.7683417085427133,0.0,0.0,0.0
255.8429997137155,18.83844300750214,3.7698492462311552,0.0,0.0,0.0
255.99883563986396,18.947815883479674,3.771356783919597,0.0,0.0,0.0
256.15487583180965,19.057058419116508,3.7728643216080395,0.0,0.0,0.0
256.3111215822793,19.16616963235283,3.774371859296482,0.0,0.0,0.0
256.4675741836308,19.275148537814793,3.7758793969849247,0.0,0.0,0.0
256.6242349278123,19.383994146797452,3.7773869346733666,0.0,0.0,0.0
256.7811051063221,19.49270546724803,3.7788944723618085,0.0,0.0,0.0
256.9381860101653,19.601281503749156,3.7804020100502504,0.0,0.0,0.0
257.0954789298119,19.709721257502373,3.7819095477386933,0.0,0.0,0.0
257.25298515515266,19.818023726311733,3.7834170854271356,0.0,0.0,0.0
257.41070597545433,19.926187904567556,3.7849246231155775,0.0,0.0,0.0
257.56864267931417,20.03421278323032,3.78643216080402,0.0,0.0,0.0
257.72679655461366,20.14209734981474,3.787939698492462,0.0,0.0,0.0
257.885168888471,20.249840588374013,3.789447236180904,0.0,0.0,0.0
258.0437609671929,20.357441479484176,3.790954773869346,0.0,0.0,0.0
258.20257407622506,20.464899000228712,3.7924623115577885,0.0,0.0,0.0
258.36160950010265,20.572212124183245,3.7939698492462304,0.0,0.0,0.0
258.5208685223987,20.67937982140049,3.7954773869346727,0.0,0.0,0.0
258.68035242567237,20.78640105839532,3.796984924623116,0.0,0.0,0.0
258.8400624914158,20.893274798130076,3.798492462311557,0.0,0.0,0.0
259.0,21.0,3.7999999999999994,0.0,0.0,0.0
