galstreams/tracks/track.st.OmegaCen-Fimbulthul.sollima2020.ecsv
# %ECSV 0.9
# ---
# datatype:
# - {name: ra, unit: deg, datatype: float64}
# - {name: dec, unit: deg, datatype: float64}
# - {name: distance, unit: kpc, datatype: float64}
# - {name: pm_ra_cosdec, unit: mas / yr, datatype: float64}
# - {name: pm_dec, unit: mas / yr, datatype: float64}
# - {name: radial_velocity, unit: km / s, datatype: float64}
# delimiter: ','
# meta: !!omap
# - __serialized_columns__:
#     dec:
#       __class__: astropy.coordinates.angles.Latitude
#       unit: &id001 !astropy.units.Unit {unit: deg}
#       value: !astropy.table.SerializedColumn {name: dec}
#     distance:
#       __class__: astropy.coordinates.distances.Distance
#       unit: !astropy.units.Unit {unit: kpc}
#       value: !astropy.table.SerializedColumn {name: distance}
#     pm_dec:
#       __class__: astropy.units.quantity.Quantity
#       unit: !astropy.units.Unit {unit: mas / yr}
#       value: !astropy.table.SerializedColumn {name: pm_dec}
#     pm_ra_cosdec:
#       __class__: astropy.units.quantity.Quantity
#       unit: !astropy.units.Unit {unit: mas / yr}
#       value: !astropy.table.SerializedColumn {name: pm_ra_cosdec}
#     ra:
#       __class__: astropy.coordinates.angles.Longitude
#       unit: *id001
#       value: !astropy.table.SerializedColumn {name: ra}
#       wrap_angle: !astropy.coordinates.Angle
#         unit: *id001
#         value: 360.0
#     radial_velocity:
#       __class__: astropy.units.quantity.Quantity
#       unit: !astropy.units.Unit {unit: km / s}
#       value: !astropy.table.SerializedColumn {name: radial_velocity}
# schema: astropy-2.0
ra,dec,distance,pm_ra_cosdec,pm_dec,radial_velocity
196.08535590402425,-45.18061546831237,5.425999999999997,0.0,0.0,-0.0
196.09942457468313,-45.183717845952735,5.425999999999997,0.0,0.0,-0.0
196.1134638927524,-45.186851080170456,5.425999999999997,0.0,0.0,-0.0
196.12747408480706,-45.19001496227758,5.425999999999997,0.0,0.0,-0.0
196.14145537638626,-45.19320928428746,5.4259999999999975,0.0,0.0,-0.0
196.1554079919975,-45.19643383891426,5.4259999999999975,0.0,0.0,-0.0
196.1693321551211,-45.19968841957237,5.425999999999997,0.0,0.0,-0.0
196.18322808821455,-45.20297282037587,5.4259999999999975,0.0,0.0,-0.0
196.19709601271674,-45.20628683613806,5.4259999999999975,0.0,0.0,-0.0
196.2109361490523,-45.20963026237078,5.4259999999999975,0.0,0.0,-0.0
196.2247487166357,-45.21300289528394,5.425999999999997,0.0,0.0,-0.0
196.23853393387566,-45.21640453178491,5.4259999999999975,0.0,0.0,-0.0
196.25229201817913,-45.219834969477915,5.4259999999999975,0.0,0.0,-0.0
196.26602318595562,-45.22329400666347,5.425999999999998,0.0,0.0,-0.0
196.27972765262118,-45.22678144233778,5.4259999999999975,0.0,0.0,-0.0
196.29340563260254,-45.230297076192095,5.425999999999997,0.0,0.0,-0.0
196.3070573393413,-45.23384070861213,5.4259999999999975,0.0,0.0,-0.0
196.32068298529776,-45.2374121406774,5.4259999999999975,0.0,0.0,-0.0
196.33428278195518,-45.2410111741606,5.4259999999999975,0.0,0.0,-0.0
196.3478569398235,-45.244637611526976,5.425999999999997,0.0,0.0,-0.0
196.36140566844352,-45.24829125593365,5.425999999999998,0.0,0.0,-0.0
196.37492917639082,-45.251971911228964,5.4259999999999975,0.0,0.0,-0.0
196.38842767127946,-45.255679381951786,5.4259999999999975,0.0,0.0,-0.0
196.40190135976624,-45.25941347333089,5.4259999999999975,0.0,0.0,-0.0
196.41535044755412,-45.2631739912842,5.4259999999999975,0.0,0.0,-0.0
196.4287751393965,-45.266960742418156,5.4259999999999975,0.0,0.0,-0.0
196.44217563910064,-45.270773534026986,5.425999999999997,0.0,0.0,-0.0
196.4555521495317,-45.27461217409197,5.4259999999999975,0.0,0.0,-0.0
196.46890487261646,-45.27847647128077,5.425999999999997,0.0,0.0,-0.0
196.48223400934697,-45.28236623494668,5.425999999999997,0.0,0.0,-0.0
196.49553975978435,-45.286281275127884,5.4259999999999975,0.0,0.0,-0.0
196.50882232306242,-45.290221402546756,5.425999999999997,0.0,0.0,-0.0
196.52208189739147,-45.29418642860905,5.4259999999999975,0.0,0.0,-0.0
196.53531868006172,-45.298176165403206,5.4259999999999975,0.0,0.0,-0.0
196.54853286744722,-45.302190425699536,5.425999999999997,0.0,0.0,-0.0
196.56172465500913,-45.3062290229495,5.425999999999998,0.0,0.0,-0.0
196.57489423729956,-45.310291771284916,5.425999999999998,0.0,0.0,-0.0
196.58804180796497,-45.31437848551714,5.425999999999999,0.0,0.0,-0.0
196.6011675597497,-45.3184889811363,5.4259999999999975,0.0,0.0,-0.0
196.61427168449964,-45.32262307431055,5.425999999999999,0.0,0.0,-0.0
196.62735437316556,-45.326780581885174,5.425999999999998,0.0,0.0,-0.0
196.64041581580653,-45.33096132138183,5.4259999999999975,0.0,0.0,-0.0
196.65345620159366,-45.3351651109977,5.425999999999998,0.0,0.0,-0.0
196.6664757188131,-45.339391769604724,5.425999999999999,0.0,0.0,-0.0
196.67947455486984,-45.3436411167487,5.425999999999999,0.0,0.0,-0.0
196.69245289629083,-45.347912972648466,5.4259999999999975,0.0,0.0,-0.0
196.7054109287284,-45.35220715819508,5.425999999999998,0.0,0.0,-0.0
196.71834883696374,-45.35652349495094,5.425999999999998,0.0,0.0,-0.0
196.73126680491,-45.36086180514896,5.425999999999998,0.0,0.0,-0.0
196.7441650156158,-45.365221911691634,5.425999999999998,0.0,0.0,-0.0
196.7570436512683,-45.36960363815027,5.425999999999998,0.0,0.0,-0.0
196.7699028931967,-45.37400680876401,5.425999999999998,0.0,0.0,-0.0
196.78274292187527,-45.37843124843904,5.425999999999998,0.0,0.0,-0.0
196.79556391692668,-45.38287678274763,5.425999999999999,0.0,0.0,-0.0
196.80836605712523,-45.38734323792724,5.4259999999999975,0.0,0.0,-0.0
196.8211495203999,-45.39183044087971,5.425999999999998,0.0,0.0,-0.0
196.8339144838377,-45.39633821917022,5.425999999999999,0.0,0.0,-0.0
196.84666112368672,-45.40086640102647,5.425999999999999,0.0,0.0,-0.0
196.85938961535913,-45.40541481533775,5.425999999999999,0.0,0.0,-0.0
196.8721001334346,-45.40998329165397,5.4259999999999975,0.0,0.0,-0.0
196.88479285166315,-45.414571660184784,5.425999999999998,0.0,0.0,-0.0
196.8974679429682,-45.41917975179862,5.425999999999999,0.0,0.0,-0.0
196.91012557944993,-45.423807398021744,5.425999999999998,0.0,0.0,-0.0
196.92276593238788,-45.42845443103733,5.4259999999999975,0.0,0.0,-0.0
196.93538917224436,-45.433120683684464,5.425999999999998,0.0,0.0,-0.0
196.94799546866724,-45.43780598945725,5.425999999999998,0.0,0.0,-0.0
196.9605849904931,-45.44251018250381,5.425999999999998,0.0,0.0,-0.0
196.97315790574987,-45.44723309762527,5.425999999999998,0.0,0.0,-0.0
196.98571438166024,-45.4519745702749,5.425999999999998,0.0,0.0,-0.0
196.9982545846443,-45.456734436557,5.425999999999998,0.0,0.0,-0.0
197.01077868032257,-45.46151253322604,5.425999999999998,0.0,0.0,-0.0
197.02328683351877,-45.46630869768559,5.425999999999999,0.0,0.0,-0.0
197.0357792082629,-45.47112276798731,5.425999999999998,0.0,0.0,-0.0
197.04825596779406,-45.47595458283004,5.425999999999997,0.0,0.0,-0.0
197.06071727456325,-45.480803981558715,5.425999999999999,0.0,0.0,-0.0
197.07316329023615,-45.48567080416339,5.4259999999999975,0.0,0.0,-0.0
197.08559417569614,-45.49055489127819,5.4259999999999975,0.0,0.0,-0.0
197.09801009104703,-45.49545608418033,5.425999999999998,0.0,0.0,-0.0
197.1104111956158,-45.50037422478909,5.4259999999999975,0.0,0.0,-0.0
197.12279764795534,-45.50530915566474,5.425999999999998,0.0,0.0,-0.0
197.13516960584747,-45.51026072000755,5.425999999999998,0.0,0.0,-0.0
197.14752722630536,-45.51522876165674,5.425999999999999,0.0,0.0,-0.0
197.15987066557653,-45.52021312508942,5.4259999999999975,0.0,0.0,-0.0
197.17220007914548,-45.52521365541954,5.425999999999998,0.0,0.0,-0.0
197.1845156217363,-45.53023019839688,5.425999999999998,0.0,0.0,-0.0
197.19681744731554,-45.535262600405936,5.425999999999998,0.0,0.0,-0.0
197.2091057090948,-45.54031070846488,5.425999999999998,0.0,0.0,-0.0
197.22138055953343,-45.545374370224515,5.425999999999999,0.0,0.0,-0.0
197.23364215034107,-45.55045343396718,5.425999999999999,0.0,0.0,-0.0
197.24589063248052,-45.55554774860565,5.425999999999998,0.0,0.0,-0.0
197.25812615617014,-45.5606571636821,5.425999999999999,0.0,0.0,-0.0
197.27034887088655,-45.56578152936702,5.425999999999998,0.0,0.0,-0.0
197.28255892536734,-45.57092069645809,5.4259999999999975,0.0,0.0,-0.0
197.2947564676134,-45.576074516379116,5.425999999999998,0.0,0.0,-0.0
197.30694164489182,-45.58124284117891,5.425999999999997,0.0,0.0,-0.0
197.31911460373814,-45.58642552353023,5.4259999999999975,0.0,0.0,-0.0
197.3312754899591,-45.591622416728626,5.4259999999999975,0.0,0.0,-0.0
197.34342444863518,-45.59683337469135,5.425999999999998,0.0,0.0,-0.0
197.3555616241229,-45.60205825195625,5.425999999999998,0.0,0.0,-0.0
197.3676871600577,-45.60729690368064,5.425999999999998,0.0,0.0,-0.0
197.3798011993561,-45.61254918564021,5.4259999999999975,0.0,0.0,-0.0
197.39190388421838,-45.617814954227846,5.425999999999998,0.0,0.0,-0.0
197.40399535613096,-45.62309406645253,5.4259999999999975,0.0,0.0,-0.0
197.41607575586895,-45.62838637993823,5.425999999999999,0.0,0.0,-0.0
197.42814522349857,-45.633691752922715,5.425999999999999,0.0,0.0,-0.0
197.44020389837954,-45.63901004425645,5.425999999999999,0.0,0.0,-0.0
197.4522519191676,-45.64434111340145,5.4259999999999975,0.0,0.0,-0.0
197.46428942381678,-45.649684820430096,5.425999999999998,0.0,0.0,-0.0
197.4763165495821,-45.65504102602402,5.4259999999999975,0.0,0.0,-0.0
197.48833343302155,-45.66040959147295,5.4259999999999975,0.0,0.0,-0.0
197.5003402099989,-45.66579037867352,5.4259999999999975,0.0,0.0,-0.0
197.5123370156858,-45.67118325012813,5.4259999999999975,0.0,0.0,-0.0
197.52432398456412,-45.6765880689438,5.425999999999998,0.0,0.0,-0.0
197.53630125042864,-45.68200469883091,5.425999999999997,0.0,0.0,-0.0
197.54826894638896,-45.68743300410216,5.4259999999999975,0.0,0.0,-0.0
197.5602272048721,-45.69287284967131,5.4259999999999975,0.0,0.0,-0.0
197.57217615762474,-45.69832410105196,5.4259999999999975,0.0,0.0,-0.0
197.5841159357156,-45.703786624356496,5.4259999999999975,0.0,0.0,-0.0
197.59604666953769,-45.70926028629477,5.4259999999999975,0.0,0.0,-0.0
197.6079684888105,-45.71474495417301,5.425999999999997,0.0,0.0,-0.0
197.61988152258257,-45.72024049589253,5.425999999999998,0.0,0.0,-0.0
197.63178589923336,-45.72574677994863,5.4259999999999975,0.0,0.0,-0.0
197.64368174647595,-45.73126367542935,5.4259999999999975,0.0,0.0,-0.0
197.65556919135892,-45.736791052014226,5.4259999999999975,0.0,0.0,-0.0
197.66744836026885,-45.742328779973164,5.4259999999999975,0.0,0.0,-0.0
197.67931937893238,-45.74787673016519,5.425999999999998,0.0,0.0,-0.0
197.69118237241858,-45.7534347740372,5.4259999999999975,0.0,0.0,-0.0
197.70303746514116,-45.75900278362284,5.4259999999999975,0.0,0.0,-0.0
197.71488478086042,-45.764580631541165,5.425999999999997,0.0,0.0,-0.0
197.72672444268585,-45.77016819099552,5.425999999999997,0.0,0.0,-0.0
197.738556573078,-45.77576533577228,5.4259999999999975,0.0,0.0,-0.0
197.75038129385092,-45.781371940239595,5.425999999999997,0.0,0.0,-0.0
197.762198726174,-45.786987879346164,5.425999999999997,0.0,0.0,-0.0
197.7740089905745,-45.792613028620075,5.425999999999997,0.0,0.0,-0.0
197.7858122069394,-45.79824726416747,5.4259999999999975,0.0,0.0,-0.0
197.79760849451785,-45.80389046267134,5.425999999999997,0.0,0.0,-0.0
197.80939797192298,-45.809542501390304,5.4259999999999975,0.0,0.0,-0.0
197.8211807571343,-45.815203258157354,5.4259999999999975,0.0,0.0,-0.0
197.83295696749968,-45.820872611378554,5.425999999999998,0.0,0.0,-0.0
197.84472671973748,-45.82655044003191,5.4259999999999975,0.0,0.0,-0.0
197.85649012993872,-45.83223662366596,5.425999999999997,0.0,0.0,-0.0
197.86824731356919,-45.837931042398665,5.425999999999997,0.0,0.0,-0.0
197.8799983854713,-45.843633576916034,5.4259999999999975,0.0,0.0,-0.0
197.8917434598666,-45.84934410847094,5.4259999999999975,0.0,0.0,-0.0
197.9034826503575,-45.85506251888181,5.4259999999999975,0.0,0.0,-0.0
197.9152160699294,-45.86078869053138,5.4259999999999975,0.0,0.0,-0.0
197.9269438309529,-45.8665225063654,5.4259999999999975,0.0,0.0,-0.0
197.9386660451857,-45.87226384989143,5.425999999999997,0.0,0.0,-0.0
197.95038282377476,-45.87801260517745,5.4259999999999975,0.0,0.0,-0.0
197.96209427725827,-45.88376865685069,5.425999999999997,0.0,0.0,-0.0
197.97380051556766,-45.889531890096286,5.425999999999997,0.0,0.0,-0.0
197.98550164802973,-45.89530219065603,5.4259999999999975,0.0,0.0,-0.0
197.9971977833685,-45.90107944482707,5.425999999999997,0.0,0.0,-0.0
198.00888902970755,-45.90686353946062,5.425999999999998,0.0,0.0,-0.0
198.02057549457155,-45.91265436196069,5.4259999999999975,0.0,0.0,-0.0
198.0322572848887,-45.91845180028276,5.4259999999999975,0.0,0.0,-0.0
198.0439345069924,-45.92425574293252,5.4259999999999975,0.0,0.0,-0.0
198.05560726662353,-45.93006607896454,5.4259999999999975,0.0,0.0,-0.0
198.06727566893215,-45.935882697981015,5.4259999999999975,0.0,0.0,-0.0
198.07893981847963,-45.9417054901304,5.425999999999997,0.0,0.0,-0.0
198.09059981924065,-45.94753434610618,5.425999999999997,0.0,0.0,-0.0
198.102255774605,-45.95336915714549,5.425999999999997,0.0,0.0,-0.0
198.1139077873797,-45.959209815027876,5.4259999999999975,0.0,0.0,-0.0
198.12555595979083,-45.96505621207391,5.4259999999999975,0.0,0.0,-0.0
198.1372003934856,-45.97090824114395,5.4259999999999975,0.0,0.0,-0.0
198.14884118953418,-45.97676579563681,5.4259999999999975,0.0,0.0,-0.0
198.1604784484316,-45.98262876948835,5.425999999999997,0.0,0.0,-0.0
198.17211227009986,-45.9884970571703,5.4259999999999975,0.0,0.0,-0.0
198.1837427538896,-45.99437055368886,5.4259999999999975,0.0,0.0,-0.0
198.19536999858227,-46.000249154583344,5.425999999999998,0.0,0.0,-0.0
198.2069941023918,-46.00613275592493,5.4259999999999975,0.0,0.0,-0.0
198.2186151629667,-46.0120212543153,5.4259999999999975,0.0,0.0,-0.0
198.23023327739185,-46.01791454688527,5.4259999999999975,0.0,0.0,-0.0
198.24184854219035,-46.02381253129356,5.425999999999997,0.0,0.0,-0.0
198.25346105332562,-46.02971510572533,5.425999999999998,0.0,0.0,-0.0
198.265070906203,-46.035622168890924,5.425999999999997,0.0,0.0,-0.0
198.27667819567182,-46.04153362002456,5.4259999999999975,0.0,0.0,-0.0
198.28828301602724,-46.04744935888289,5.425999999999997,0.0,0.0,-0.0
198.299885461012,-46.05336928574373,5.4259999999999975,0.0,0.0,-0.0
198.31148562381853,-46.05929330140473,5.4259999999999975,0.0,0.0,-0.0
198.3230835970905,-46.06522130718196,5.4259999999999975,0.0,0.0,-0.0
198.33467947292488,-46.071153204908605,5.425999999999997,0.0,0.0,-0.0
198.34627334287373,-46.07708889693364,5.4259999999999975,0.0,0.0,-0.0
198.35786529794612,-46.0830282861204,5.4259999999999975,0.0,0.0,-0.0
198.36945542860977,-46.088971275845324,5.425999999999997,0.0,0.0,-0.0
198.3810438247931,-46.094917769996535,5.425999999999997,0.0,0.0,-0.0
198.39263057588684,-46.10086767297246,5.425999999999998,0.0,0.0,-0.0
198.40421577074616,-46.10682088968059,5.425999999999998,0.0,0.0,-0.0
198.41579949769215,-46.11277732553595,5.4259999999999975,0.0,0.0,-0.0
198.42738184451392,-46.118736886459885,5.4259999999999975,0.0,0.0,-0.0
198.43896289847015,-46.1246994788786,5.425999999999998,0.0,0.0,-0.0
198.45054274629118,-46.13066500972187,5.4259999999999975,0.0,0.0,-0.0
198.46212147418055,-46.13663338642158,5.425999999999997,0.0,0.0,-0.0
198.47369916781702,-46.142604516910446,5.4259999999999975,0.0,0.0,-0.0
198.4852759123562,-46.1485783096206,5.425999999999997,0.0,0.0,-0.0
198.49685179243235,-46.15455467348221,5.425999999999997,0.0,0.0,-0.0
198.50842689216034,-46.160533517922126,5.425999999999997,0.0,0.0,-0.0
198.52000129513726,-46.16651475286247,5.425999999999997,0.0,0.0,-0.0
198.5315750844442,-46.17249828871933,5.4259999999999975,0.0,0.0,-0.0
198.54314834264812,-46.17848403640128,5.425999999999998,0.0,0.0,-0.0
198.55472115180362,-46.18447190730809,5.4259999999999975,0.0,0.0,-0.0
198.5662935934546,-46.1904618133293,5.425999999999997,0.0,0.0,-0.0
198.5778657486361,-46.196453666842835,5.4259999999999975,0.0,0.0,-0.0
198.58943769787612,-46.202447380713615,5.4259999999999975,0.0,0.0,-0.0
198.60100952119717,-46.208442868292174,5.4259999999999975,0.0,0.0,-0.0
198.61258129811833,-46.21444004341332,5.425999999999998,0.0,0.0,-0.0
198.62415310765667,-46.22043882039462,5.4259999999999975,0.0,0.0,-0.0
198.63572502832926,-46.226439114035166,5.4259999999999975,0.0,0.0,-0.0
198.6472971381548,-46.23244083961405,5.425999999999997,0.0,0.0,-0.0
198.65886951465535,-46.23844391288903,5.425999999999997,0.0,0.0,-0.0
198.67044223485806,-46.24444825009514,5.4259999999999975,0.0,0.0,-0.0
198.68201537529703,-46.25045376794325,5.4259999999999975,0.0,0.0,-0.0
198.6935890120148,-46.2564603836187,5.4259999999999975,0.0,0.0,-0.0
198.70516322056432,-46.26246801477992,5.4259999999999975,0.0,0.0,-0.0
198.71673807601053,-46.268476579556946,5.4259999999999975,0.0,0.0,-0.0
198.7283136529322,-46.27448599655011,5.425999999999999,0.0,0.0,-0.0
198.73989002542345,-46.28049618482856,5.4259999999999975,0.0,0.0,-0.0
198.75146726709562,-46.28650706392889,5.4259999999999975,0.0,0.0,-0.0
198.76304545107905,-46.29251855385376,5.4259999999999975,0.0,0.0,-0.0
198.77462465002455,-46.298530575070416,5.425999999999997,0.0,0.0,-0.0
198.78620493610535,-46.304543048509316,5.425999999999998,0.0,0.0,-0.0
198.7977863810186,-46.31055589556276,5.4259999999999975,0.0,0.0,-0.0
198.80936905598722,-46.31656903808337,5.425999999999997,0.0,0.0,-0.0
198.82095303176158,-46.322582398382785,5.425999999999997,0.0,0.0,-0.0
198.8325383786211,-46.328595899230194,5.425999999999997,0.0,0.0,-0.0
198.84412516637605,-46.334609463850896,5.425999999999998,0.0,0.0,-0.0
198.85571346436913,-46.34062301592493,5.425999999999998,0.0,0.0,-0.0
198.86730334147728,-46.34663647958562,5.4259999999999975,0.0,0.0,-0.0
198.8788948661133,-46.35264977941815,5.425999999999998,0.0,0.0,-0.0
198.89048810622754,-46.35866284045821,5.425999999999997,0.0,0.0,-0.0
