galstreams/tracks/track.st.M92.ibata2024.ecsv
# %ECSV 1.0
# ---
# datatype:
# - {name: ra, unit: deg, datatype: float64}
# - {name: dec, unit: deg, datatype: float64}
# - {name: distance, unit: kpc, datatype: float64}
# - {name: pm_ra_cosdec, unit: mas / yr, datatype: float64}
# - {name: pm_dec, unit: mas / yr, datatype: float64}
# - {name: radial_velocity, unit: km / s, datatype: float64}
# delimiter: ','
# meta: !!omap
# - __serialized_columns__:
#     dec:
#       __class__: astropy.coordinates.angles.Latitude
#       unit: &id001 !astropy.units.Unit {unit: deg}
#       value: !astropy.table.SerializedColumn {name: dec}
#     distance:
#       __class__: astropy.coordinates.distances.Distance
#       unit: !astropy.units.Unit {unit: kpc}
#       value: !astropy.table.SerializedColumn {name: distance}
#     pm_dec:
#       __class__: astropy.units.quantity.Quantity
#       unit: !astropy.units.Unit {unit: mas / yr}
#       value: !astropy.table.SerializedColumn {name: pm_dec}
#     pm_ra_cosdec:
#       __class__: astropy.units.quantity.Quantity
#       unit: !astropy.units.Unit {unit: mas / yr}
#       value: !astropy.table.SerializedColumn {name: pm_ra_cosdec}
#     ra:
#       __class__: astropy.coordinates.angles.Longitude
#       unit: *id001
#       value: !astropy.table.SerializedColumn {name: ra}
#       wrap_angle: !astropy.coordinates.Angle
#         unit: *id001
#         value: 360.0
#     radial_velocity:
#       __class__: astropy.units.quantity.Quantity
#       unit: !astropy.units.Unit {unit: km / s}
#       value: !astropy.table.SerializedColumn {name: radial_velocity}
# schema: astropy-2.0
ra,dec,distance,pm_ra_cosdec,pm_dec,radial_velocity
[from data line 703]
261.77315732100845,42.95590508425839,0.9999999999999997,-5.232528212537845,-0.09747940602643013,-120.79643552325034
261.7873156711379,42.95221754311877,0.9999999999999997,-5.233656000226918,-0.09460291152338662,-120.70584423822069
261.8014696908973,42.94852396260915,0.9999999999999996,-5.234780012829928,-0.09172768173073642,-120.61440776109772
261.81561937729003,42.94482434395695,0.9999999999999996,-5.2359002610594,-0.08885371978869472,-120.52212889126262
261.8297647273234,42.94111868838988,0.9999999999999994,-5.237016755629066,-0.08598102882905145,-120.42901042809659
261.8439057380092,42.93740699713589,0.9999999999999998,-5.238129507253877,-0.0831096119751944,-120.33505517098077
261.85804240636367,42.93368927142323,0.9999999999999996,-5.239238526649924,-0.08023947234204165,-120.24026591929636
261.87217472940716,42.92996551248043,0.9999999999999996,-5.2403438245345715,-0.07737061303616954,-120.14464547242449
261.88630270416434,42.92623572153631,0.9999999999999996,-5.241445411626273,-0.07450303715570072,-120.0481966297464
261.9004263276642,42.92249989981993,0.9999999999999996,-5.2425432986447165,-0.07163674779037166,-119.9509221906432
261.9145455969399,42.91875804856065,0.9999999999999994,-5.2436374963107735,-0.06877174802152908,-119.85282495449607
261.92866050902916,42.91501016898805,0.9999999999999996,-5.244728015346446,-0.065908040922114,-119.75390772068619
261.94277106097366,42.91125626233205,0.9999999999999994,-5.245814866474875,-0.06304562955669901,-119.65417328859476
261.9568772498196,42.90749632982281,0.9999999999999994,-5.246898060420403,-0.060184516981451,-119.55362445760287
261.97097907261747,42.90373037269074,0.9999999999999997,-5.247977607908489,-0.057324706244180845,-119.45226402709179
261.98507652642195,42.89995839216647,0.9999999999999997,-5.249053519665761,-0.05446620038432215,-119.35009479644262
261.999169608292,42.896180389481,0.9999999999999997,-5.250125806419937,-0.05160900243293831,-119.24711956503656
262.01325831529095,42.89239636586551,0.9999999999999997,-5.251194478899896,-0.04875311541272076,-119.14334113225476
262.0273426444865,42.888606322551446,0.9999999999999997,-5.252259547835614,-0.04589854233802804,-119.03876229747848
262.04142259295054,42.8848102607705,0.9999999999999997,-5.253321023958202,-0.043045286214836054,-118.93338586008876
262.0554981577591,42.8810081817547,0.9999999999999994,-5.254378917999883,-0.04019335004079849,-118.82721461946683
262.0695693359927,42.87720008673622,0.9999999999999994,-5.255433240693972,-0.03734273680522371,-118.72025137499384
262.0836361247363,42.873385976947525,0.9999999999999994,-5.256484002774856,-0.03449344948905875,-118.61249892605103
262.09769852107894,42.869565853621346,0.9999999999999994,-5.257531214978066,-0.031645491064931974,-118.50396007201951
262.1117565221139,42.86573971799066,0.9999999999999998,-5.258574888040176,-0.028798864497161958,-118.39463761228046
262.1258101249389,42.861907571288654,0.9999999999999994,-5.259615032698875,-0.025953572741725495,-118.28453434621503
262.1398593266558,42.8580694147488,0.9999999999999996,-5.260651659692876,-0.02310961874627715,-118.17365307320446
262.1539041243712,42.85422524960475,0.9999999999999994,-5.261684779761998,-0.0202670054501759,-118.06199659262982
262.16794451519525,42.85037507709051,0.9999999999999997,-5.262714403647125,-0.017425735784447838,-117.94956770387239
262.18198049624306,42.8465188984402,0.9999999999999994,-5.263740542090158,-0.014585812671857212,-117.8363692063133
262.19601206463375,42.842656714888264,0.9999999999999996,-5.264763205834056,-0.011747239026814071,-117.72240389933366
262.2100392174908,42.838788527669294,0.9999999999999996,-5.265782405622858,-0.008910017755495048,-117.6076745823147
262.22406195194185,42.83491433801822,0.9999999999999996,-5.26679815220161,-0.006074151755752766,-117.4921840546376
262.23808026511915,42.83103414717015,0.9999999999999996,-5.267810456316368,-0.0032396439171620273,-117.37593511568353
262.25209415415884,42.827147956360406,0.9999999999999994,-5.268819328714273,-0.0004064971210304691,-117.25893056483359
262.2661036162018,42.82325576682453,0.9999999999999994,-5.269824780143422,0.0024252857596156474,-117.14117320146903
262.2801086483928,42.819357579798364,0.9999999999999997,-5.2708268213529434,0.005255701860019002,-117.02266582497106
262.2941092478811,42.81545339651791,0.9999999999999996,-5.271825463093002,0.008084748323659241,-116.90341123472074
262.3081054118204,42.811543218219406,0.9999999999999996,-5.272820716114728,0.010912422302302716,-116.78341223009922
262.32209713736853,42.80762704613929,0.9999999999999997,-5.273812591170248,0.013738720955963402,-116.6626716104878
262.3360844216875,42.80370488151428,0.9999999999999996,-5.274801099012697,0.016563641452881583,-116.54119217526757
262.35006726194376,42.79977672558126,0.9999999999999996,-5.2757862503961865,0.019387180969546947,-116.41897672381981
262.3640456553082,42.79584257957735,0.9999999999999994,-5.27676805607579,0.022209336690705683,-116.29602805552547
262.37801959895586,42.79190244473985,0.9999999999999994,-5.277746526807581,0.025030105809305425,-116.17234896976592
262.391989090066,42.78795632230634,0.9999999999999997,-5.278721673348542,0.02784948552654143,-116.04794226592229
262.4059541258223,42.784004213514564,0.9999999999999994,-5.279693506456688,0.030667473051799732,-115.92281074337565
262.41991470341264,42.78004611960247,0.9999999999999997,-5.2806620368909405,0.033484065602714,-115.79695720150734
262.43387082002954,42.77608204180821,0.9999999999999996,-5.281627275411164,0.03629926040511933,-115.67038443969834
262.44782247286923,42.77211198137021,0.9999999999999997,-5.282589232778191,0.039113054693030946,-115.54309525733
262.46176965913276,42.768135939527006,0.9999999999999996,-5.28354791975376,0.041925445708692166,-115.41509245378339
262.4757123760252,42.7641539175174,0.9999999999999994,-5.284503347100579,0.04473643070252287,-115.28637882843962
262.4896506207561,42.760165916580334,0.9999999999999996,-5.2854555255822255,0.04754600693314792,-115.15695718068004
262.503584390539,42.756171937955045,0.9999999999999996,-5.286404465963255,0.050354171667354564,-115.02683030988565
262.5175136825922,42.75217198288086,0.9999999999999997,-5.287350179009071,0.05316092218011015,-114.89600101543779
262.53143849413794,42.748166052597384,0.9999999999999996,-5.2882926754860256,0.05596625575457459,-114.76447209671747
262.5453588224028,42.74415414834437,0.9999999999999993,-5.289231966161391,0.05877016968204707,-114.63224635310588
262.559274664618,42.74013627136174,0.9999999999999997,-5.290168061803248,0.061572661262019324,-114.49932658398434
262.57318601801853,42.73611242288971,0.9999999999999996,-5.2911009731806615,0.06437372780209927,-114.36571558873383
262.58709287984396,42.732082604168575,0.9999999999999996,-5.29203071106353,0.06717336661807494,-114.23141616673567
262.6009952473384,42.728046816438834,0.9999999999999993,-5.292957286222613,0.06997157503388429,-114.09643111737094
262.61489311774966,42.72400506094125,0.9999999999999996,-5.2938807094296045,0.07276835038156548,-113.96076324002084
262.62878648833043,42.71995733891669,0.9999999999999994,-5.294800991456981,0.07556369000133856,-113.82441533406652
262.6426753563374,42.71590365160623,0.9999999999999994,-5.295718143078146,0.07835759124152553,-113.68739019888923
262.65655971903163,42.711844000251105,0.9999999999999996,-5.296632175067323,0.08115005145856458,-113.54969063387006
262.67043957367855,42.70777838609275,0.9999999999999996,-5.2975430981995775,0.08394106801704915,-113.41131943839021
262.6843149175476,42.7037068103728,0.9999999999999994,-5.298450923250863,0.08673063828963379,-113.27227941183078
262.698185747913,42.69962927433302,0.9999999999999998,-5.299355660997895,0.08951875965711231,-113.13257335357306
262.7120520620529,42.69554577921534,0.9999999999999996,-5.30025732221827,0.09230542950837162,-112.99220406299818
262.7259138572498,42.69145632626194,0.9999999999999994,-5.301155917690426,0.09509064524039701,-112.8511743394873
262.7397711307906,42.68736091671509,0.9999999999999996,-5.302051458193558,0.09787440425825622,-112.70948698242157
262.75362387996637,42.68325955181725,0.9999999999999997,-5.302943954507732,0.10065670397510473,-112.56714479118217
262.7674721020727,42.67915223281106,0.9999999999999997,-5.30383341741378,0.10343754181218046,-112.42415056515033
262.78131579440935,42.67503896093931,0.9999999999999996,-5.304719857693362,0.10621691519880017,-112.28050710370714
262.7951549542802,42.67091973744498,0.9999999999999996,-5.305603286128923,0.10899482157232754,-112.13621720623377
262.8089895789937,42.66679456357117,0.9999999999999994,-5.306483713503697,0.11177125837819446,-111.99128367211144
262.82281966586254,42.66266344056118,0.9999999999999994,-5.307361150601694,0.11454622306991702,-111.84570930072137
262.83664521220356,42.65852636965841,0.9999999999999996,-5.308235608207739,0.11731971310902445,-111.69949689144458
262.8504662153381,42.65438335210652,0.9999999999999994,-5.309107097107372,0.12009172596511064,-111.55264924366239
262.86428267259157,42.650234389149205,0.9999999999999996,-5.309975628086969,0.12286225911579152,-111.40516915675586
262.8780945812939,42.646079482030416,0.9999999999999996,-5.310841211933588,0.12563131004674233,-111.25705943010627
262.89190193877926,42.641918631994145,0.9999999999999997,-5.311703859435123,0.12839887625166035,-111.1083228630947
262.9057047423859,42.63775184028465,0.9999999999999997,-5.312563581380173,0.13116495523222937,-110.95896225510234
262.91950298945676,42.63357910814627,0.9999999999999996,-5.313420388558064,0.13392954449821026,-110.80898040551037
262.93329667733866,42.629400436823516,0.9999999999999996,-5.314274291758931,0.13669264156731842,-110.65838011369998
262.9470858033831,42.625215827560986,0.9999999999999997,-5.315125301773549,0.13945424396531436,-110.50716417905232
262.9608703649455,42.62102528160353,0.9999999999999996,-5.315973429393507,0.1422143492259309,-110.35533540094855
262.97465035938586,42.61682880019604,0.9999999999999997,-5.3168186854110555,0.14497295489090511,-110.2028965787699
262.9884257840684,42.61262638458359,0.9999999999999996,-5.317661080619198,0.14773005850996945,-110.04985051189743
263.00219663636165,42.60841803601136,0.9999999999999996,-5.318500625811625,0.15048565764081978,-109.89619999971245
263.0159629136382,42.60420375572474,0.9999999999999996,-5.319337331782752,0.15323974984914202,-109.74194784159599
263.02972461327533,42.599983544969206,0.9999999999999996,-5.320171209327663,0.1559923327085997,-109.58709683692939
263.0434817326543,42.59575740499033,0.9999999999999994,-5.321002269242185,0.15874340380078777,-109.43164978509364
263.05723426916086,42.59152533703386,0.9999999999999996,-5.32183052232279,0.16149296071530905,-109.27560948547001
263.0709822201849,42.587287342345704,0.9999999999999997,-5.322655979366654,0.16424100104966044,-109.11897873743965
263.0847255831206,42.583043422171826,0.9999999999999996,-5.323478651171618,0.16698752240933956,-108.96176034038378
263.0984643553666,42.57879357775836,0.9999999999999996,-5.324298548536208,0.16973252240775594,-108.80395709368348
263.11219853432584,42.57453781035155,0.9999999999999996,-5.325115682259617,0.17247599866626295,-108.64557179672002
263.1259281174052,42.57027612119781,0.9999999999999996,-5.325930063141678,0.17521794881413655,-108.48660724887445
263.13965310201615,42.56600851154361,0.9999999999999996,-5.326741701982897,0.17795837048859298,-108.32706624952804
263.1533734855745,42.561734982635535,0.9999999999999997,-5.3275506095844305,0.18069726133473019,-108.16695159806193
263.16708926550024,42.557455535720344,0.9999999999999994,-5.328356796748055,0.18343461900560598,-108.00626609385726
263.1808004392175,42.5531701720449,0.9999999999999996,-5.329160274276226,0.18617044116214743,-107.84501253629527
263.1945070041549,42.548878892856166,0.9999999999999994,-5.3299610529719965,0.18890472547318993,-107.68319372475706
263.2082089577454,42.544581699401206,0.9999999999999997,-5.330759143639072,0.19163746961547368,-107.52081245862391
263.22190629742613,42.54027859292718,0.9999999999999994,-5.331554557081747,0.1943686712736099,-107.35787153727685
263.2355990206383,42.53596957468147,0.9999999999999996,-5.332347304104995,0.19709832814010753,-107.19437376009715
263.2492871248278,42.531654645911416,0.9999999999999996,-5.333137395514328,0.1998264379153376,-107.03032192646592
263.2629706074446,42.527333807864565,0.9999999999999996,-5.333924842115906,0.20255299830754403,-106.86571883576431
263.276649465943,42.52300706178849,0.9999999999999993,-5.334709654716473,0.20527800703284882,-106.70056728737363
263.29032369778156,42.518674408930984,0.9999999999999994,-5.335491844123377,0.20800146181521129,-106.5348700806749
263.3039933004231,42.51433585053982,0.9999999999999996,-5.336271421144565,0.21072336038644401,-106.3686300150494
263.3176582713348,42.509991387862954,0.9999999999999996,-5.337048396588533,0.2134437004862324,-106.20184988987823
263.33131860798807,42.50564102214836,0.9999999999999996,-5.337822781264395,0.2161624798620707,-106.03453250454255
263.3449743078585,42.50128475464423,0.9999999999999994,-5.338594585981818,0.21887969626928871,-105.86668065842362
263.35862536842615,42.49692258659874,0.9999999999999996,-5.339363821551048,0.2215953474710659,-105.69829715090252
263.37227178717535,42.49255451926022,0.9999999999999994,-5.340130498782857,0.22430943123839064,-105.52938478136046
263.38591356159463,42.48818055387701,0.9999999999999994,-5.3408946284886225,0.22702194535005837,-105.35994634917866
263.39955068917664,42.48380069169769,0.9999999999999996,-5.34165622148026,0.2297328875926805,-105.18998465373815
263.41318316741865,42.47941493397077,0.9999999999999997,-5.34241528857021,0.23244225576067734,-105.01950249442025
263.42681099382196,42.47502328194497,0.9999999999999996,-5.34317184057147,0.23515004765624958,-104.84850267060608
263.4404341658923,42.47062573686899,0.9999999999999993,-5.343925888297585,0.23785626108941038,-104.67698798167673
263.45405268113956,42.46622229999172,0.9999999999999996,-5.3446774425626,0.24056089387794977,-104.50496122701351
263.4676665370779,42.46181297256204,0.9999999999999996,-5.3454265141810975,0.24326394384741867,-104.33242520599751
263.4812757312259,42.457397755829,0.9999999999999993,-5.3461731139681925,0.2459654088311698,-104.15938271800992
263.49488026110623,42.4529766510416,0.9999999999999996,-5.346917252739517,0.2486652866702972,-103.98583656243188
263.508480124246,42.44854965944908,0.9999999999999997,-5.347658941311171,0.25136357521367536,-103.8117895386446
263.5220753181764,42.444116782300625,0.9999999999999996,-5.348398190499812,0.25406027231790773,-103.63724444602923
263.5356658404332,42.43967802084555,0.9999999999999997,-5.349135011122545,0.25675537584736396,-103.46220408396697
263.5492516885561,42.43523337633322,0.9999999999999996,-5.349869413997013,0.25944888367417285,-103.28667125183894
263.5628328600892,42.43078285001312,0.9999999999999997,-5.350601409941328,0.2621407936781335,-103.11064874902635
263.576409352581,42.42632644313476,0.9999999999999993,-5.351331009774071,0.2648311037468485,-102.93413937491039
263.5899811635841,42.42186415694771,0.9999999999999996,-5.352058224314307,0.26751981177560147,-102.75714592887216
263.60354829065557,42.417395992701614,0.9999999999999996,-5.352783064381591,0.2702069156674032,-102.57967121029293
263.6171107313563,42.41292195164624,0.9999999999999996,-5.353505540795946,0.2728924133329631,-102.40171801855375
263.630668483252,42.40844203503133,0.9999999999999996,-5.354225664377801,0.2755763026907143,-102.22328915303588
263.6442215439124,42.403956244106745,0.9999999999999994,-5.354943445948108,0.27825858166677797,-102.04438741312049
263.6577699109115,42.399464580122356,0.9999999999999996,-5.355658896328241,0.2809392481949704,-101.8650155981887
263.67131358182746,42.394967044328176,0.9999999999999996,-5.356372026340014,0.28361830021676937,-101.68517650762172
