galstreams/tracks/track.st.Jhelum.ibata2021.ecsv
# %ECSV 0.9
# ---
# datatype:
# - {name: ra, unit: deg, datatype: float64}
# - {name: dec, unit: deg, datatype: float64}
# - {name: distance, unit: kpc, datatype: float64}
# - {name: pm_ra_cosdec, unit: mas / yr, datatype: float64}
# - {name: pm_dec, unit: mas / yr, datatype: float64}
# - {name: radial_velocity, unit: km / s, datatype: float64}
# delimiter: ','
# meta: !!omap
# - __serialized_columns__:
#     dec:
#       __class__: astropy.coordinates.angles.Latitude
#       unit: &id001 !astropy.units.Unit {unit: deg}
#       value: !astropy.table.SerializedColumn {name: dec}
#     distance:
#       __class__: astropy.coordinates.distances.Distance
#       unit: !astropy.units.Unit {unit: kpc}
#       value: !astropy.table.SerializedColumn {name: distance}
#     pm_dec:
#       __class__: astropy.units.quantity.Quantity
#       unit: !astropy.units.Unit {unit: mas / yr}
#       value: !astropy.table.SerializedColumn {name: pm_dec}
#     pm_ra_cosdec:
#       __class__: astropy.units.quantity.Quantity
#       unit: !astropy.units.Unit {unit: mas / yr}
#       value: !astropy.table.SerializedColumn {name: pm_ra_cosdec}
#     ra:
#       __class__: astropy.coordinates.angles.Longitude
#       unit: *id001
#       value: !astropy.table.SerializedColumn {name: ra}
#       wrap_angle: !astropy.coordinates.Angle
#         unit: *id001
#         value: 360.0
#     radial_velocity:
#       __class__: astropy.units.quantity.Quantity
#       unit: !astropy.units.Unit {unit: km / s}
#       value: !astropy.table.SerializedColumn {name: radial_velocity}
# schema: astropy-2.0
ra,dec,distance,pm_ra_cosdec,pm_dec,radial_velocity
[from data line 2074]
337.6209557084349,-50.749934766557075,10.911098331791242,6.054096446840171,-5.766158736225994,-2.020984111169361e-13
337.6054535278242,-50.74781919445857,10.91178122967368,6.0527158035814965,-5.767081035300901,-2.1893994537668078e-13
337.589952955068,-50.745700834330535,10.912463620482082,6.051335682053302,-5.768002584752702,-6.73661370389787e-14
337.5744539921783,-50.74357968595046,10.913145502566648,6.049956083832019,-5.768923384951869,-1.6841534259744676e-14
337.55895664116656,-50.74145574909645,10.91382687427757,6.048577010493775,-5.769843436270056,-1.6841534259744676e-14
337.5434609040438,-50.7393290235471,10.914507733965038,6.04719846361437,-5.770762739080068,-1.515738083377021e-13
337.52796678282056,-50.73719950908155,10.91518807997925,6.045820444769296,-5.771681293755874,-3.368306851948935e-14
337.512474279507,-50.73506720547944,10.915867910670398,6.04444295553371,-5.7725991006726165,-2.020984111169361e-13
337.49698339611274,-50.73293211252098,10.916547224388674,6.043065997482462,-5.773516160206584,-1.0104920555846805e-13
337.48149413464694,-50.73079422998685,10.917226019484275,6.041689572190079,-5.77443247273524,-1.8525687685719145e-13
337.4660064971184,-50.728653557658326,10.917904294307395,6.040313681230757,-5.775348038637203,-1.6841534259744676e-14
337.4505204855353,-50.72651009531715,10.91858204720822,6.038938326178372,-5.776262858292257,1.6841534259744676e-14
337.4350361019055,-50.72436384274562,10.919259276536954,6.037563508606485,-5.777176932081339,-3.368306851948935e-14
337.4195533482363,-50.722214799726565,10.919935980643785,6.036189230088324,-5.778090260386552,-1.515738083377021e-13
337.4040722265346,-50.72006296604334,10.92061215787891,6.03481549219679,-5.779002843591152,-1.1789073981821273e-13
337.38859273880666,-50.71790834147983,10.921287806592517,6.0334422965044645,-5.7799146820795615,-5.0524602779234026e-14
337.37311488705853,-50.7157509258204,10.921962925134805,6.032069644583594,-5.78082577623735,-8.420767129872338e-14
337.35763867329564,-50.71359071885001,10.922637511855964,6.030697538006111,-5.781736126451256,-1.515738083377021e-13
337.34216409952296,-50.711427720354095,10.923311565106193,6.029325978343603,-5.78264573310916,-8.420767129872338e-14
337.3266911677449,-50.709261930118664,10.92398508323568,6.027954967167333,-5.783554596600118,-1.1789073981821273e-13
337.31121987996556,-50.70709334793021,10.92465806459462,6.026584506048243,-5.784462717314325,-1.8525687685719145e-13
337.2957502381884,-50.704921973575765,10.92533050753321,6.025214596556928,-5.785370095643135,-1.515738083377021e-13
337.2802822444166,-50.70274780684288,10.926002410401644,6.023845240263672,-5.786276731979055,-6.73661370389787e-14
337.2648159006526,-50.70057084751964,10.926673771550105,6.022476438738403,-5.787182626715762,-8.420767129872338e-14
337.24935120889853,-50.69839109539467,10.927344589328797,6.021108193550728,-5.788087780248064,-1.347322740779574e-13
337.23388817115597,-50.6962085502571,10.928014862087915,6.019740506269916,-5.788992192971929,-8.420767129872338e-14
337.2184267894261,-50.69402321189657,10.928684588177646,6.018373378464913,-5.789895865284483,-1.347322740779574e-13
337.20296706570946,-50.691835080103274,10.929353765948184,6.017006811704308,-5.790798797583991,-1.0104920555846805e-13
337.1875090020062,-50.68964415466794,10.930022393749734,6.015640807556363,-5.791700990269886,-5.0524602779234026e-14
337.1720526003159,-50.68745043538178,10.93069046993247,6.014275367589011,-5.792602443742744,-8.420767129872338e-14
337.15659786263785,-50.68525392203654,10.931357992846605,6.012910493369831,-5.793503158404281,-1.347322740779574e-13
337.1411447909705,-50.68305461442452,10.932024960842321,6.011546186466077,-5.794403134657377,-2.020984111169361e-13
337.12569338731214,-50.680852512338525,10.932691372269815,6.0101824484446515,-5.795302372906047,-1.8525687685719145e-13
337.11024365366046,-50.67864761557189,10.93335722547928,6.008819280872127,-5.796200873555461,-1.6841534259744676e-14
337.09479559201236,-50.67643992391844,10.934022518820912,6.007456685314717,-5.7970986370119455,-1.8525687685719145e-13
337.07934920436475,-50.67422943717256,10.9346872506449,6.006094663338319,-5.797995663682955,-2.3578147963642546e-13
337.0639044927136,-50.672016155129164,10.935351419301444,6.004733216508465,-5.798891953977098,-8.420767129872338e-14
337.04846145905464,-50.66980007758367,10.936015023140733,6.003372346390348,-5.799787508304138,-8.420767129872338e-14
337.0330201053829,-50.667581204332016,10.936678060512964,6.002012054548817,-5.800682327074971,-8.420767129872338e-14
337.01758043369307,-50.66535953517067,10.937340529768328,6.000652342548384,-5.801576410701644,-1.1789073981821273e-13
337.00214244597925,-50.66313506989661,10.938002429257018,5.999293211953205,-5.802469759597338,-6.73661370389787e-14
336.986706144235,-50.660907808307364,10.938663757329232,5.997934664327087,-5.803362374176396,-6.73661370389787e-14
336.97127153045335,-50.658677750200944,10.939324512335155,5.996576701233501,-5.804254254854289,-2.020984111169361e-13
336.9558386066269,-50.65644489537594,10.93998469262499,5.995219324235552,-5.80514540204763,-1.8525687685719145e-13
336.94040737474785,-50.654209243631406,10.94064429654893,5.993862534896012,-5.806035816174174,-8.420767129872338e-14
336.92497783680744,-50.65197079476694,10.941303322457161,5.992506334777291,-5.806925497652829,-1.0104920555846805e-13
336.9095499947969,-50.64972954858267,10.941961768699885,5.991150725441453,-5.8078144469036275,-5.0524602779234026e-14
336.89412385070665,-50.64748550487923,10.942619633627288,5.989795708450213,-5.808702664347754,-1.6841534259744677e-13
336.87869940652655,-50.645238663457796,10.943276915589571,5.988441285364924,-5.809590150407518,-1.6841534259744677e-13
336.8632766642462,-50.64298902412004,10.943933612936924,5.987087457746597,-5.810476905506377,-8.420767129872338e-14
336.8478556258544,-50.64073658666817,10.94458972401954,5.985734227155874,-5.811362930068931,-1.6841534259744677e-13
336.8324362933396,-50.6384813509049,10.945245247187616,5.984381595153065,-5.812248224520899,-1.0104920555846805e-13
336.8170186686895,-50.63622331663348,10.945900180791341,5.983029563298091,-5.813132789289161,-2.1893994537668078e-13
336.8016027538916,-50.63396248365768,10.94655452318091,5.981678133150548,-5.814016624801715,-1.8525687685719145e-13
336.7861885509326,-50.63169885178179,10.947208272706522,5.980327306269656,-5.814899731487694,-1.6841534259744677e-13
336.7707760617987,-50.629432420810616,10.947861427718363,5.978977084214282,-5.815782109777379,-1.6841534259744677e-13
336.75536528847573,-50.62716319054946,10.948513986566635,5.977627468542935,-5.816663760102168,-1.347322740779574e-13
336.7399562329488,-50.624891160804175,10.949165947601522,5.976278460813773,-5.817544682894612,-1.0104920555846805e-13
336.72454889720257,-50.62261633138113,10.949817309173225,5.97493006258457,-5.818424878588377,-6.73661370389787e-14
336.709143283221,-50.620338702087196,10.950468069631935,5.973582275412753,-5.819304347618276,-2.3578147963642546e-13
336.6937393929879,-50.61805827272979,10.951118227327843,5.972235100855394,-5.8201830904202385,-1.1789073981821273e-13
336.67833722848604,-50.61577504311682,10.951767780611153,5.970888540469187,-5.821061107431335,-1.6841534259744677e-13
336.66293679169803,-50.61348901305672,10.952416727832048,5.969542595810474,-5.821938399089765,-1.1789073981821273e-13
336.64753808460574,-50.61120018235845,10.95306506734072,5.968197268435236,-5.8228149658348585,-1.6841534259744676e-14
336.63214110919046,-50.60890855083148,10.953712797487372,5.96685255989906,-5.82369080810707,-1.515738083377021e-13
336.6167458674331,-50.606614118285805,10.954359916622192,5.9655084717572056,-5.824565926347988,-8.420767129872338e-14
336.6013523613139,-50.60431688453192,10.955006423095375,5.964165005564543,-5.825440321000323,-8.420767129872338e-14
336.5859605928125,-50.602016849380874,10.955652315257117,5.962822162875571,-5.826313992507917,-1.515738083377021e-13
336.57057056390823,-50.5997140126442,10.956297591457608,5.9614799452444425,-5.827186941315738,-6.73661370389787e-14
336.55518227657944,-50.59740837413396,10.95694225004704,5.960138354224918,-5.828059167869881,-1.347322740779574e-13
336.53979573280446,-50.59509993366272,10.957586289375616,5.958797391370401,-5.828930672617558,-1.0104920555846805e-13
336.52441093456054,-50.59278869104359,10.95822970779352,5.9574570582339215,-5.829801456007119,-1.0104920555846805e-13
336.5090278838246,-50.590474646090165,10.958872503650946,5.956117356368135,-5.830671518488031,-1.8525687685719145e-13
336.49364658257315,-50.58815779861659,10.95951467529809,5.95477828732533,-5.8315408605108825,-1.515738083377021e-13
336.4782670327819,-50.5858381484375,10.960156221085155,5.953439852657415,-5.832409482527384,-1.6841534259744676e-14
336.462889236426,-50.58351569536805,10.960797139362322,5.952102053915933,-5.83327738499038,-8.420767129872338e-14
336.4475131954802,-50.58119043922392,10.961437428479783,5.950764892652051,-5.834144568353821,-3.368306851948935e-14
336.43213891191857,-50.578862379821274,10.962077086787742,5.949428370416549,-5.835011033072783,-1.347322740779574e-13
336.4167663877146,-50.576531516976864,10.962716112636388,5.948092488759853,-5.835876779603473,-6.73661370389787e-14
336.4013956248412,-50.57419785050787,10.963354504375916,5.946757249231986,-5.836741808403197,-5.0524602779234026e-14
336.38602662527086,-50.57186138023205,10.963992260356518,5.9454226533826136,-5.837606119930401,-8.420767129872338e-14
336.3706593909752,-50.56952210596764,10.964629378928386,5.944088702761023,-5.838469714644638,-2.020984111169361e-13
336.3552939239256,-50.567180027533425,10.96526585844172,5.942755398916104,-5.839332593006574,-1.6841534259744677e-13
336.3399302260927,-50.56483514474866,10.965901697246707,5.941422743396388,-5.840194755478004,-3.368306851948935e-14
336.32456829944636,-50.56248745743315,10.966536893693544,5.940090737750011,-5.841056202521834,-1.1789073981821273e-13
336.30920814595623,-50.56013696540719,10.967171446132422,5.938759383524733,-5.841916934602087,-1.515738083377021e-13
336.29384976759115,-50.557783668491616,10.967805352913537,5.937428682267935,-5.8427769521838915,0.0
336.2784931663195,-50.555427566507745,10.968438612387082,5.936098635526614,-5.8436362557335055,-3.368306851948935e-14
336.2631383441088,-50.55306865927744,10.969071222903253,5.934769244847376,-5.844494845718293,-1.515738083377021e-13
336.24778530292645,-50.550706946623045,10.969703182812237,5.933440511776449,-5.845352722606725,-6.73661370389787e-14
336.23243404473874,-50.54834242836746,10.970334490464236,5.93211243785968,-5.8462098868684,-1.515738083377021e-13
336.2170845715118,-50.54597510433403,10.97096514420944,5.930785024642517,-5.847066338974013,-1.347322740779574e-13
336.20173688521095,-50.54360497434669,10.971595142398042,5.92945827367004,-5.847922079395376,-1.1789073981821273e-13
336.1863909878009,-50.54123203822983,10.972224483380238,5.928132186486926,-5.848777108605416,-1.6841534259744677e-13
336.1710468812459,-50.538856295808365,10.972853165506216,5.9268067646374725,-5.849631427078165,-1.347322740779574e-13
336.1557045675095,-50.53647774690776,10.973481187126175,5.925482009665581,-5.850485035288763,-5.0524602779234026e-14
336.14036404855455,-50.53409639135393,10.97410854659031,5.924157923114764,-5.851337933713464,-2.020984111169361e-13
336.12502532634363,-50.53171222897335,10.974735242248808,5.9228345065281625,-5.8521901228296205,-8.420767129872338e-14
336.1096884028384,-50.52932525959297,10.975361272451869,5.921511761448496,-5.853041603115697,-1.6841534259744676e-14
336.09435328,-50.526935483040276,10.975986635549681,5.920189689418112,-5.8538923750512755,-2.1893994537668078e-13
336.0790199597891,-50.524542899143285,10.976611329892444,5.918868291978966,-5.854742439117016,-6.73661370389787e-14
336.0636884441655,-50.52214750773045,10.97723535383035,5.9175475706726015,-5.855591795794715,-1.515738083377021e-13
336.0483587350887,-50.519749308630814,10.97785870571359,5.916227527040197,-5.8564404455672525,-2.1893994537668078e-13
336.03303083451743,-50.517348301673906,10.978481383892358,5.91490816262252,-5.857288388918617,-8.420767129872338e-14
336.01770474440974,-50.51494448668972,10.979103386716849,5.913589478959932,-5.858135626333907,-3.368306851948935e-14
336.00238046672314,-50.512537863508825,10.979724712537259,5.912271477592418,-5.858982158299319,-1.347322740779574e-13
335.98705800341463,-50.510128431962265,10.980345359703776,5.910954160059553,-5.859827985302143,-3.368306851948935e-14
335.9717373564404,-50.507716191881585,10.980965326566599,5.909637527900526,-5.860673107830784,-1.0104920555846805e-13
335.9564185277562,-50.50530114309886,10.981584611475915,5.908321582654117,-5.86151752637474,-1.8525687685719145e-13
335.94110151931704,-50.50288328544671,10.982203212781927,5.907006325858705,-5.8623612414246065,-1.515738083377021e-13
335.9257863330773,-50.50046261875814,10.98282112883482,5.905691759052285,-5.863204253472084,-1.8525687685719145e-13
335.910472970991,-50.49803914286681,10.983438357984795,5.904377883772437,-5.864046563009961,-1.1789073981821273e-13
335.89516143501106,-50.49561285760679,10.984054898582038,5.903064701556341,-5.864888170532141,-1.347322740779574e-13
335.8798517270902,-50.493183762812706,10.984670748976752,5.901752213940778,-5.865729076533604,-3.368306851948935e-14
335.86454384918034,-50.490751858319655,10.98528590751912,5.900440422462129,-5.866569281510445,-1.0104920555846805e-13
335.84923780323277,-50.4883171439633,10.985900372559346,5.8991293286563655,-5.86740878595984,-1.6841534259744676e-14
335.83393359119816,-50.485879619579734,10.986514142447614,5.897818934059059,-5.868247590380073,-3.368306851948935e-14
335.8186312150265,-50.48343928500561,10.98712721553413,5.896509240205368,-5.86908569527051,-2.1893994537668078e-13
335.8033306766674,-50.48099614007809,10.987739590169072,5.895200248630064,-5.869923101131616,-1.8525687685719145e-13
335.7880319780695,-50.478550184634805,10.988351264702642,5.8938919608674984,-5.870759808464945,-8.420767129872338e-14
335.772735121181,-50.476101418513935,10.98896223748504,5.8925843784516045,-5.871595817773153,-2.1893994537668078e-13
335.7574401079493,-50.473649841554135,10.989572506866448,5.891277502915939,-5.872431129559974,-8.420767129872338e-14
335.74214694032145,-50.471195453594575,10.990182071197069,5.8899713357936125,-5.873265744330247,-1.1789073981821273e-13
335.7268556202435,-50.468738254474935,10.99079092882709,5.88866587861735,-5.874099662589892,-2.1893994537668078e-13
335.7115661496612,-50.46627824403541,10.991399078106706,5.887361132919472,-5.874932884845915,-1.347322740779574e-13
335.6962785305195,-50.463815422116674,10.992006517386116,5.886057100231872,-5.875765411606419,-1.515738083377021e-13
335.6809927647626,-50.461349788559914,10.992613245015507,5.884753782086036,-5.876597243380587,-1.0104920555846805e-13
335.66570885433424,-50.45888134320685,10.993219259345073,5.883451180013039,-5.877428380678705,-2.020984111169361e-13
335.65042680117745,-50.45641008589967,10.993824558725013,5.88214929554355,-5.8782588240121205,-6.73661370389787e-14
335.63514660723456,-50.45393601648109,10.994429141505517,5.880848130207811,-5.87908857389329,-8.420767129872338e-14
335.6198682744472,-50.45145913479431,10.995033006036778,5.87954768553566,-5.879917630835745,-1.0104920555846805e-13
335.6045918047566,-50.44897944068306,10.99563615066899,5.878247963056518,-5.880745995354099,-1.0104920555846805e-13
335.589317200103,-50.44649693399157,10.996238573752352,5.876948964299385,-5.881573667964053,-1.1789073981821273e-13
335.57404446242634,-50.444011614564516,10.99684027363705,5.8756506907928605,-5.882400649182394,-1.6841534259744677e-13
335.55877359366565,-50.44152348224717,10.997441248673281,5.874353144065103,-5.883226939526979,-6.73661370389787e-14
335.5435045957593,-50.43903253688524,10.99804149721124,5.873056325643871,-5.884052539516765,-1.1789073981821273e-13
