galstreams/tracks/track.st.NGC1261.ibata2021.ecsv
# %ECSV 0.9
# ---
# datatype:
# - {name: ra, unit: deg, datatype: float64}
# - {name: dec, unit: deg, datatype: float64}
# - {name: distance, unit: kpc, datatype: float64}
# - {name: pm_ra_cosdec, unit: mas / yr, datatype: float64}
# - {name: pm_dec, unit: mas / yr, datatype: float64}
# - {name: radial_velocity, unit: km / s, datatype: float64}
# delimiter: ','
# meta: !!omap
# - __serialized_columns__:
#     dec:
#       __class__: astropy.coordinates.angles.Latitude
#       unit: &id001 !astropy.units.Unit {unit: deg}
#       value: !astropy.table.SerializedColumn {name: dec}
#     distance:
#       __class__: astropy.coordinates.distances.Distance
#       unit: !astropy.units.Unit {unit: kpc}
#       value: !astropy.table.SerializedColumn {name: distance}
#     pm_dec:
#       __class__: astropy.units.quantity.Quantity
#       unit: !astropy.units.Unit {unit: mas / yr}
#       value: !astropy.table.SerializedColumn {name: pm_dec}
#     pm_ra_cosdec:
#       __class__: astropy.units.quantity.Quantity
#       unit: !astropy.units.Unit {unit: mas / yr}
#       value: !astropy.table.SerializedColumn {name: pm_ra_cosdec}
#     ra:
#       __class__: astropy.coordinates.angles.Longitude
#       unit: *id001
#       value: !astropy.table.SerializedColumn {name: ra}
#       wrap_angle: !astropy.coordinates.Angle
#         unit: *id001
#         value: 360.0
#     radial_velocity:
#       __class__: astropy.units.quantity.Quantity
#       unit: !astropy.units.Unit {unit: km / s}
#       value: !astropy.table.SerializedColumn {name: radial_velocity}
# schema: astropy-2.0
ra,dec,distance,pm_ra_cosdec,pm_dec,radial_velocity
[from data line 1117]
50.60454381522081,-52.50634068532702,20.662212247772093,1.7768189129891725,-1.9828865542168121,-1.6841534259744676e-14
50.612578438713605,-52.49744281131507,20.665023468035937,1.777103494156071,-1.9823028151430844,3.368306851948935e-14
50.62061817461056,-52.4885459765983,20.667835591865966,1.777388243142988,-1.9817186898420416,1.6841534259744676e-14
50.62866303376415,-52.479650182355705,20.67064862619496,1.7776731597765527,-1.981134177133809,0.0
50.63671302702074,-52.47075542976253,20.67346257795571,1.7779582438822958,-1.9805492758387464,1.6841534259744676e-14
50.64476816522059,-52.4618617199903,20.676277454081,1.7782434952846486,-1.9799639847774557,1.6841534259744676e-14
50.652828459197885,-52.45296905420685,20.679093261503606,1.7785289138069449,-1.979378302770772,5.0524602779234026e-14
50.66089391978072,-52.44407743357625,20.681910007156304,1.7788144992714199,-1.9787922286397726,1.6841534259744676e-14
50.66896455779109,-52.43518685925886,20.68472769797189,1.7791002514992076,-1.978205761205769,-5.0524602779234026e-14
50.67704038404498,-52.426297332411345,20.687546340883138,1.779386170310345,-1.9776188992903105,3.368306851948935e-14
50.68512140935228,-52.41740885418658,20.690365942822833,1.7796722555237703,-1.977031641715187,5.0524602779234026e-14
50.69320764451685,-52.40852142573372,20.693186510723763,1.77995850695732,-1.976443987302423,3.368306851948935e-14
50.70129910033654,-52.39963504819818,20.696008051518692,1.780244924427734,-1.9758559348742848,0.0
50.70939578760318,-52.39074972272166,20.698830572140423,1.7805315077506505,-1.975267483253271,3.368306851948935e-14
50.717497717102546,-52.38186545044205,20.701654079521727,1.7808182567406114,-1.9746786312621225,3.368306851948935e-14
50.72560489961446,-52.37298223249355,20.704478580595396,1.7811051712110548,-1.9740893777238164,3.368306851948935e-14
50.73371734591274,-52.36410007000658,20.7073040822942,1.781392250974323,-1.9734997214615677,3.368306851948935e-14
50.74183506676521,-52.35521896410777,20.710130591550925,1.7816794958416557,-1.9729096612988304,-5.0524602779234026e-14
50.74995807293377,-52.346338915920086,20.712958115298367,1.781966905623192,-1.9723191960592934,1.6841534259744676e-14
50.75808637517432,-52.3374599265626,20.715786660469284,1.7822544801279763,-1.971728324566889,0.0
50.76621998423682,-52.328581997150735,20.71861623399648,1.7825422191639448,-1.9711370456457824,1.6841534259744676e-14
50.774358910865296,-52.31970512879606,20.72144684281273,1.7828301225379406,-1.970545358120379,-3.368306851948935e-14
50.78250316579785,-52.310829322606416,20.724278493850807,1.7831181900557027,-1.969953260815322,1.6841534259744676e-14
50.79065275976665,-52.30195457968584,20.727111194043506,1.7834064215218688,-1.9693607525554957,1.6841534259744676e-14
50.798807703498,-52.29308090113461,20.729944950323603,1.7836948167399784,-1.9687678321660158,1.6841534259744676e-14
50.80696800771225,-52.2842082880492,20.73277976962389,1.7839833755124683,-1.9681744984722425,3.368306851948935e-14
50.81513368312388,-52.27533674152232,20.73561565887713,1.7842720976406763,-1.9675807502997724,0.0
50.823304740441515,-52.26646626264285,20.738452625016123,1.7845609829248357,-1.96698658647444,-3.368306851948935e-14
50.8314811903679,-52.257596852495936,20.741290674973644,1.7848500311640825,-1.9663920058223174,1.6841534259744676e-14
50.83966304359993,-52.24872851216287,20.74412981568248,1.7851392421564491,-1.9657970071697166,3.368306851948935e-14
50.84785031082861,-52.23986124272116,20.746970054075405,1.7854286156988666,-1.9652015893431898,1.6841534259744676e-14
50.85604300273918,-52.23099504524454,20.749811397085214,1.7857181515871634,-1.9646057511695223,3.368306851948935e-14
50.864241130010974,-52.22212992080289,20.752653851644684,1.7860078496160678,-1.964009491475743,3.368306851948935e-14
50.87244470331757,-52.213265870462294,20.755497424686578,1.7862977095792074,-1.96341280908912,0.0
50.88065373332672,-52.20440289528505,20.758342123143706,1.7865877312691023,-1.9628157028371547,0.0
50.888868230700375,-52.1955409963296,20.761187953948845,1.7868779144771767,-1.962218171547591,1.6841534259744676e-14
50.89708820609466,-52.18668017465059,20.76403492403477,1.7871682589937465,-1.9616202140484127,0.0
50.905313670160005,-52.17782043129882,20.76688304033426,1.7874587646080307,-1.9610218291678412,0.0
50.913544633541015,-52.16896176732127,20.76973230978011,1.787749431108141,-1.9604230157343365,-1.6841534259744676e-14
50.92178110687655,-52.16010418376113,20.772582739305093,1.7880402582810888,-1.959823772576597,1.6841534259744676e-14
50.9300231007997,-52.151247681657665,20.775434335841993,1.7883312459127796,-1.959224098523563,0.0
50.93827062593786,-52.1423922620464,20.778287106323596,1.7886223937880195,-1.958623992404411,6.73661370389787e-14
50.946523692912656,-52.13353792595894,20.781141057682678,1.788913701690507,-1.9580234530485592,3.368306851948935e-14
50.954782312340015,-52.12468467442309,20.783996196852023,1.7892051694028397,-1.9574224792856643,-1.6841534259744676e-14
50.96304649483017,-52.115832508462795,20.786852530764424,1.7894967967065105,-1.9568210699456197,-1.6841534259744676e-14
50.9713162509876,-52.10698142909814,20.78971006635265,1.7897885833819076,-1.9562192238585636,1.6841534259744676e-14
50.97959159141116,-52.09813143734538,20.79256881054949,1.7900805292083168,-1.95561693985487,1.6841534259744676e-14
50.98787252669398,-52.08928253421689,20.79542877028772,1.7903726339639172,-1.9550142167651543,3.368306851948935e-14
50.99615906742353,-52.08043472072116,20.79828995250013,1.790664897425786,-1.95441105342027,1.6841534259744676e-14
51.00445122418163,-52.07158799786285,20.8011523641195,1.7909573193698927,-1.9538074486513133,-1.6841534259744676e-14
51.01274900754446,-52.06274236664276,20.80401601207861,1.7912498995711044,-1.9532034012896173,3.368306851948935e-14
51.02105242808249,-52.053897828057785,20.80688090331025,1.7915426378031796,-1.9525989101667554,0.0
51.02936149636066,-52.04505438310095,20.809747044747194,1.791835533838776,-1.951993974114545,1.6841534259744676e-14
51.03767622293821,-52.03621203276141,20.81261444332222,1.7921285874494435,-1.951388591965039,0.0
51.04599661836879,-52.027370778024434,20.815483105968124,1.7924217984056243,-1.9507827625505332,-1.6841534259744676e-14
51.05432269320046,-52.01853061987141,20.818353039617676,1.7927151664766579,-1.9501764847035639,0.0
51.062654457975675,-52.009691559279844,20.82122425120367,1.7930086914307743,-1.9495697572569057,5.0524602779234026e-14
51.07099192323128,-52.0008535972233,20.82409674765888,1.7933023730351008,-1.948962579043577,-3.368306851948935e-14
51.07933509949862,-51.992016734671495,20.826970535916097,1.7935962110556556,-1.9483549488968324,0.0
51.087683997303394,-51.98318097259023,20.829845622908085,1.7938902052573507,-1.947746865650174,0.0
51.09603862716576,-51.97434631194142,20.83272201556765,1.7941843554039905,-1.9471383281373398,3.368306851948935e-14
51.104398999600384,-51.96551275368302,20.835599720827553,1.7944786612582744,-1.9465293351923092,1.6841534259744676e-14
51.11276512511633,-51.956680298769136,20.838478745620595,1.7947731225817896,-1.9459198856493047,3.368306851948935e-14
51.12113701421718,-51.94784894814992,20.841359096879543,1.7950677391350203,-1.9453099783427885,1.6841534259744676e-14
51.12951467740096,-51.939018702771605,20.84424078153719,1.795362510677341,-1.944699612107466,-1.6841534259744676e-14
51.13789812516022,-51.93018956357655,20.847123806526305,1.7956574369670169,-1.9440887857782811,-3.368306851948935e-14
51.146287367982005,-51.9213615315031,20.850008178779692,1.7959525177612063,-1.9434774981904215,0.0
51.154682416347846,-51.91253460748578,20.852893905230115,1.7962477528159593,-1.9428657481793175,0.0
51.16308328073381,-51.903708792455106,20.85578099281037,1.7965431418862146,-1.9422535345806384,5.0524602779234026e-14
51.17148997161048,-51.894884087337665,20.85866944845322,1.7968386847258044,-1.9416408562303,1.6841534259744676e-14
51.17990249944301,-51.886060493056135,20.86155927909147,1.7971343810874496,-1.9410277119644541,3.368306851948935e-14
51.18832087469106,-51.87723801052922,20.864450491657884,1.7974302307227634,-1.9404141006195,-1.6841534259744676e-14
51.19674510780888,-51.868416640671704,20.867343093085253,1.7977262333822484,-1.9398000210320765,1.6841534259744676e-14
51.20517520924525,-51.85959638439442,20.870237090306365,1.7980223888152937,-1.9391854720390658,5.0524602779234026e-14
51.213611189443554,-51.85077724260421,20.873132490253994,1.7983186967701843,-1.9385704524775922,1.6841534259744676e-14
51.22205305884175,-51.84195921620402,20.876029299860917,1.798615156994091,-1.9379549611850244,0.0
51.23050082787238,-51.83314230609275,20.87892752605993,1.7989117692330718,-1.937338996998972,-1.6841534259744676e-14
51.23895450696262,-51.82432651316545,20.88182717578381,1.7992085332320784,-1.936722558757288,0.0
51.24741410653421,-51.8155118383131,20.88472825596533,1.7995054487349478,-1.9361056452980696,1.6841534259744676e-14
51.25587963700354,-51.80669828242274,20.88763077353729,1.7998025154844062,-1.9354882554596569,1.6841534259744676e-14
51.264351108781625,-51.79788584637746,20.890534735432453,1.800099733222068,-1.9348703880806333,1.6841534259744676e-14
51.2728285322741,-51.78907453105635,20.893440148583622,1.800397101688433,-1.9342520419998248,-1.6841534259744676e-14
51.28131191788129,-51.78026433733453,20.89634701992356,1.8006946206228944,-1.933633216056304,0.0
51.28980127599813,-51.7714552660831,20.899255356385066,1.8009922897637263,-1.9330139090893836,1.6841534259744676e-14
51.298296617014245,-51.76264731816922,20.902165164900904,1.8012901088480946,-1.9323941199386234,3.368306851948935e-14
51.306797951313925,-51.75384049445603,20.90507645240388,1.8015880776120476,-1.9317738474438257,1.6841534259744676e-14
51.31530528927615,-51.74503479580265,20.90798922582676,1.8018861957905232,-1.931153090445037,0.0
51.3238186412746,-51.736230223064254,20.910903492102328,1.8021844631173467,-1.9305318477825506,0.0
51.33233801767764,-51.727426777091985,20.913819258163365,1.8024828793252248,-1.9299101182969014,5.0524602779234026e-14
51.34086342884834,-51.71862445873294,20.916736530942657,1.8027814441457524,-1.9292879008288715,-1.6841534259744676e-14
51.349394885144505,-51.709823268830284,20.919655317372985,1.80308015730941,-1.928665194219487,-1.6841534259744676e-14
51.35793239691868,-51.70102320822312,20.92257562438714,1.8033790185455623,-1.9280419973100185,6.73661370389787e-14
51.36647597451812,-51.692224277746504,20.92549745891789,1.8036780275824602,-1.9274183089419825,3.368306851948935e-14
51.37502562828482,-51.68342647823152,20.928420827898023,1.8039771841472367,-1.9267941279571414,-1.6841534259744676e-14
51.38358136855556,-51.67462981050523,20.931345738260323,1.8042764879659114,-1.9261694531975038,-1.6841534259744676e-14
51.392143205661874,-51.66583427539063,20.934272196937574,1.8045759387633855,-1.925544283505322,1.6841534259744676e-14
51.40071114993007,-51.65703987370668,20.937200210862553,1.8048755362634445,-1.924918617723095,0.0
51.4092852116812,-51.648246606268366,20.94012978696805,1.8051752801887584,-1.9242924546935698,1.6841534259744676e-14
51.41786540123116,-51.63945447388655,20.943060932186835,1.8054751702608798,-1.9236657932597374,3.368306851948935e-14
51.4264517288906,-51.630663477368095,20.945993653451705,1.805775206200241,-1.9230386322648365,0.0
51.43504420496502,-51.621873617515824,20.948927957695435,1.806075387726161,-1.9224109705523516,1.6841534259744676e-14
51.443642839754695,-51.613084895128495,20.951863851850806,1.8063757145568395,-1.9217828069660154,-1.6841534259744676e-14
51.452247643554735,-51.604297311000806,20.954801342850605,1.8066761864093548,-1.9211541403498078,-3.368306851948935e-14
51.46085862665512,-51.59551086592339,20.957740437627614,1.8069768029996702,-1.920524969547952,-6.73661370389787e-14
51.46947579934062,-51.586725560682865,20.96068114311461,1.8072775640426295,-1.9198952934049243,0.0
51.478099171890875,-51.57794139606172,20.96362346624438,1.807578469251956,-1.9192651107654455,1.6841534259744676e-14
51.48672875458039,-51.569158372838395,20.9665674139497,1.8078795183402545,-1.9186344204744847,1.6841534259744676e-14
51.49536455767854,-51.560376491787274,20.96951299316336,1.80818071101901,-1.9180032213772589,1.6841534259744676e-14
51.504006591449574,-51.55159575367865,20.972460210818138,1.8084820469985874,-1.917371512319233,-5.0524602779234026e-14
51.51265486615261,-51.54281615927875,20.975409073846823,1.8087835259882281,-1.916739292146119,3.368306851948935e-14
51.52130939204168,-51.534037709349676,20.978359589182183,1.809085147696059,-1.9161065597038824,0.0
51.529970179365684,-51.525260404649494,20.981311763757013,1.8093869118290775,-1.9154733138387319,5.0524602779234026e-14
51.53863723836849,-51.51648424593215,20.984265604504095,1.8096888180931672,-1.9148395533971276,-1.6841534259744676e-14
51.54731057928884,-51.507709233947494,20.987221118356217,1.8099908661930855,-1.9142052772257787,0.0
51.5559902123604,-51.49893536944128,20.99017831224614,1.8102930558324681,-1.913570484171644,5.0524602779234026e-14
51.5646761478118,-51.490162653155146,20.993137193106666,1.8105953867138311,-1.9129351730819315,1.6841534259744676e-14
51.573368395866616,-51.481391085826665,20.996097767870566,1.8108978585385636,-1.9122993428040989,3.368306851948935e-14
51.58206696674333,-51.47262066818925,20.999060043470628,1.811200471006933,-1.9116629921858537,3.368306851948935e-14
51.59077187065544,-51.46385140097222,21.002024026839635,1.8115032238180848,-1.9110261200751537,1.6841534259744676e-14
51.59948311781137,-51.45508328490079,21.004989724910367,1.8118061166700388,-1.910388725320208,0.0
51.60820071841456,-51.44631632069603,21.00795714461561,1.8121091492596912,-1.9097508067694762,1.6841534259744676e-14
51.61692468266341,-51.437550509074896,21.010926292888144,1.8124123212828134,-1.909112363271667,0.0
51.62565502075131,-51.428785850750195,21.013897176660738,1.8127156324340525,-1.908473393675742,0.0
51.634391742866676,-51.42002234643065,21.016869802866196,1.813019082406929,-1.9078338968309136,1.6841534259744676e-14
51.64313485919293,-51.4112599968208,21.019844178437303,1.8133226708938375,-1.9071938715866452,0.0
51.65188437990847,-51.40249880262106,21.022820310306816,1.8136263975860498,-1.9065533167926538,1.6841534259744676e-14
51.6606403151868,-51.39373876452769,21.025798205407536,1.8139302621737086,-1.9059122312989056,1.6841534259744676e-14
51.66940267519639,-51.384979883232816,21.028777870672236,1.8142342643458307,-1.9052706139556213,0.0
51.678171470100786,-51.37622215942442,21.031759313033714,1.8145384037903034,-1.9046284636132718,1.6841534259744676e-14
51.68694671005857,-51.36746559378631,21.03474253942473,1.8148426801938913,-1.9039857791225843,1.6841534259744676e-14
51.69572840522341,-51.35871018699813,21.037727556778076,1.8151470932422273,-1.9033425593345354,0.0
51.70451656574404,-51.34995593973539,21.040714372026553,1.815451642619818,-1.9026988031003547,3.368306851948935e-14
51.71331120176423,-51.341202852669376,21.043702992102915,1.8157563280100397,-1.9020545092715286,-3.368306851948935e-14
51.72211232342287,-51.332450926467295,21.046693423939953,1.8160611490951417,-1.9014096766997948,1.6841534259744676e-14
51.73091994085392,-51.32370016179209,21.049685674470457,1.8163661055562426,-1.9007643042371445,3.368306851948935e-14
51.73973406418648,-51.31495055930257,21.052679750627206,1.8166711970733327,-1.9001183907358241,1.6841534259744676e-14
51.74855470354471,-51.30620211965335,21.055675659342977,1.8169764233252703,-1.8994719350483333,3.368306851948935e-14
51.75738186904793,-51.29745484349486,21.05867340755056,1.8172817839897857,-1.898824936027428,-1.6841534259744676e-14
51.76621557081055,-51.28870873147337,21.061673002182737,1.8175872787434761,-1.8981773925261165,3.368306851948935e-14
51.775055818942135,-51.279963784230894,21.064674450172284,1.8178929072618082,-1.8975293033976657,0.0
