galstreams/tracks/track.st.Jet.ferguson2022.ecsv
# %ECSV 1.0
# ---
# datatype:
# - {name: ra, unit: deg, datatype: float64}
# - {name: dec, unit: deg, datatype: float64}
# - {name: distance, unit: kpc, datatype: float64}
# - {name: pm_ra_cosdec, unit: mas / yr, datatype: float64}
# - {name: pm_dec, unit: mas / yr, datatype: float64}
# - {name: radial_velocity, unit: km / s, datatype: float64}
# delimiter: ','
# meta: !!omap
# - __serialized_columns__:
#     dec:
#       __class__: astropy.coordinates.angles.Latitude
#       unit: &id001 !astropy.units.Unit {unit: deg}
#       value: !astropy.table.SerializedColumn {name: dec}
#     distance:
#       __class__: astropy.coordinates.distances.Distance
#       unit: !astropy.units.Unit {unit: kpc}
#       value: !astropy.table.SerializedColumn {name: distance}
#     pm_dec:
#       __class__: astropy.units.quantity.Quantity
#       unit: !astropy.units.Unit {unit: mas / yr}
#       value: !astropy.table.SerializedColumn {name: pm_dec}
#     pm_ra_cosdec:
#       __class__: astropy.units.quantity.Quantity
#       unit: !astropy.units.Unit {unit: mas / yr}
#       value: !astropy.table.SerializedColumn {name: pm_ra_cosdec}
#     ra:
#       __class__: astropy.coordinates.angles.Longitude
#       unit: *id001
#       value: !astropy.table.SerializedColumn {name: ra}
#       wrap_angle: !astropy.coordinates.Angle
#         unit: *id001
#         value: 360.0
#     radial_velocity:
#       __class__: astropy.units.quantity.Quantity
#       unit: !astropy.units.Unit {unit: km / s}
#       value: !astropy.table.SerializedColumn {name: radial_velocity}
# schema: astropy-2.0
ra,dec,distance,pm_ra_cosdec,pm_dec,radial_velocity
[from data line 1104]
135.93494355217888,-25.11269494887325,31.80123959081288,-0.5025063320318136,-1.3586337733118898,3.368306851948935e-14
135.94141245912343,-25.10456524367594,31.79878564571616,-0.5027556914150277,-1.3589167041433072,3.368306851948935e-14
135.94788158256713,-25.096436048662262,31.79633053619178,-0.5030050880604773,-1.3591995780599546,5.0524602779234026e-14
135.95435092231995,-25.08830736346547,31.79387426424698,-0.503254522123327,-1.3594823950404566,1.6841534259744676e-14
135.960820478192,-25.080179187718812,31.791416831888995,-0.5035039937587419,-1.3597651550634564,3.368306851948935e-14
135.96729024999314,-25.07205152105576,31.788958241125062,-0.5037535031218907,-1.3600478581076154,3.368306851948935e-14
135.97376023753336,-25.063924363109916,31.78649849396241,-0.5040030503679432,-1.3603305041516127,1.6841534259744676e-14
135.9802304406227,-25.05579771351485,31.784037592408268,-0.5042526356520702,-1.3606130931741485,1.6841534259744676e-14
135.9867008590711,-25.047671571904367,31.781575538469884,-0.5045022591294465,-1.3608956251539392,5.0524602779234026e-14
135.99317149268848,-25.039545937912383,31.779112334154494,-0.5047519209552473,-1.3611781000697207,0.0
135.9996423412849,-25.03142081117283,31.776647981469317,-0.50500162128465,-1.3614605179002488,5.0524602779234026e-14
136.00611340467023,-25.02329619131981,31.774182482421597,-0.5052513602728343,-1.3617428786242958,1.6841534259744676e-14
136.01258468265445,-25.01517207798761,31.771715839018576,-0.5055011380749818,-1.3620251822206533,1.6841534259744676e-14
136.01905617504758,-25.00704847081044,31.769248053267475,-0.5057509548462747,-1.3623074286681325,0.0
136.02552788165949,-24.998925369422786,31.76677912717554,-0.5060008107418987,-1.362589617945562,1.6841534259744676e-14
136.03199980230016,-24.99080277345918,31.764309062749998,-0.5062507059170404,-1.36287175003179,1.6841534259744676e-14
136.0384719367795,-24.982680682554317,31.76183786199809,-0.506500640526889,-1.3631538249056807,1.6841534259744676e-14
136.04494428490753,-24.974559096342865,31.75936552692704,-0.5067506147266346,-1.3634358425461204,3.368306851948935e-14
136.05141684649413,-24.966438014459737,31.756892059544096,-0.5070006286714699,-1.3637178029320118,-1.6841534259744676e-14
136.0578896213492,-24.958317436539975,31.75441746185649,-0.5072506825165886,-1.3639997060422757,5.0524602779234026e-14
136.0643626092828,-24.95019736221855,31.75194173587145,-0.5075007764171865,-1.3642815518558533,0.0
136.0708358101047,-24.94207779113073,31.749464883596218,-0.5077509105284617,-1.3645633403517021,1.6841534259744676e-14
136.0773092236249,-24.933958722911846,31.74698690703802,-0.508001085005614,-1.3648450715087992,0.0
136.08378284965332,-24.925840157197253,31.74450780820411,-0.5082513000038437,-1.3651267453061398,1.6841534259744676e-14
136.0902566879999,-24.917722093622512,31.742027589101696,-0.5085015556783543,-1.3654083617227382,1.6841534259744676e-14
136.0967307384745,-24.90960453182331,31.739546251738027,-0.5087518521843506,-1.3656899207376259,0.0
136.10320500088704,-24.90148747143531,31.73706379812033,-0.5090021896770388,-1.3659714223298542,5.0524602779234026e-14
136.10967947504747,-24.893370912094408,31.734580230255865,-0.5092525683116266,-1.3662528664784905,3.368306851948935e-14
136.11615416076566,-24.88525485343662,31.732095550151843,-0.5095029882433245,-1.3665342531626237,3.368306851948935e-14
136.1226290578515,-24.87713929509794,31.7296097598155,-0.5097534496273431,-1.3668155823613581,3.368306851948935e-14
136.1291041661149,-24.869024236714598,31.727122861254074,-0.5100039526188966,-1.3670968540538184,0.0
136.1355794853657,-24.86090967792295,31.724634856474797,-0.5102544973731998,-1.3673780682191463,3.368306851948935e-14
136.1420550154139,-24.8527956183593,31.72214574748492,-0.5105050840454676,-1.3676592248365025,1.6841534259744676e-14
136.14853075606928,-24.844682057660222,31.71965553629165,-0.5107557127909197,-1.3679403238850663,0.0
136.15500670714175,-24.83656899546234,31.717164224902255,-0.5110063837647748,-1.368221365344033,1.6841534259744676e-14
136.16148286844117,-24.82845643140244,31.714671815323943,-0.5112570971222551,-1.3685023491926196,1.6841534259744676e-14
136.16795923977747,-24.820344365117283,31.71217830956395,-0.5115078530185829,-1.368783275410059,5.0524602779234026e-14
136.17443582096047,-24.81223279624387,31.709683709629534,-0.5117586516089824,-1.3690641439756017,3.368306851948935e-14
136.18091261179998,-24.804121724419318,31.707188017527894,-0.5120094930486807,-1.3693449548685201,1.6841534259744676e-14
136.187389612106,-24.796011149280712,31.7046912352663,-0.5122603774929044,-1.3696257080681002,0.0
136.1938668216883,-24.787901070465384,31.70219336485197,-0.512511305096883,-1.3699064035536492,1.6841534259744676e-14
136.20034424035666,-24.779791487610794,31.69969440829214,-0.5127622760158479,-1.3701870413044908,3.368306851948935e-14
136.2068218679211,-24.77168240035434,31.697194367594047,-0.5130132904050304,-1.3704676212999685,1.6841534259744676e-14
136.21329970419134,-24.763573808333696,31.694693244764917,-0.5132643484196646,-1.3707481435194424,1.6841534259744676e-14
136.2197777489772,-24.755465711186634,31.692191041811988,-0.5135154502149863,-1.371028607942291,1.6841534259744676e-14
136.22625600208863,-24.7473581085509,31.689687760742515,-0.5137665959462315,-1.3713090145479117,-1.6841534259744676e-14
136.2327344633354,-24.739251000064485,31.687183403563715,-0.5140177857686384,-1.3715893633157188,-1.6841534259744676e-14
136.2392131325273,-24.73114438536546,31.68467797228281,-0.5142690198374475,-1.3718696542251463,1.6841534259744676e-14
136.2456920094742,-24.723038264092022,31.68217146890706,-0.5145202983078998,-1.3721498872556444,1.6841534259744676e-14
136.25217109398594,-24.71493263588237,31.67966389544369,-0.514771621335237,-1.3724300623866823,3.368306851948935e-14
136.2586503858723,-24.706827500374928,31.677155253899922,-0.5150229890747043,-1.3727101795977479,1.6841534259744676e-14
136.26512988494306,-24.698722857208242,31.674645546283017,-0.5152744016815467,-1.3729902388683446,3.368306851948935e-14
136.2716095910081,-24.690618706020825,31.67213477460019,-0.5155258593110108,-1.3732702401779968,-1.6841534259744676e-14
136.2780895038772,-24.68251504645145,31.669622940858677,-0.5157773621183456,-1.3735501835062462,0.0
136.28456962336006,-24.674411878138976,31.66711004706572,-0.5160289102588008,-1.373830068832651,1.6841534259744676e-14
136.29104994926664,-24.666309200722257,31.66459609522855,-0.5162805038876264,-1.3741098961367872,1.6841534259744676e-14
136.29753048140665,-24.658207013840382,31.6620810873544,-0.5165321431600758,-1.3743896653982512,0.0
136.30401121958982,-24.650105317132553,31.659565025450515,-0.5167838282314027,-1.3746693765966551,1.6841534259744676e-14
136.31049216362604,-24.642004110237952,31.65704791152411,-0.5170355592568621,-1.37494902971163,6.73661370389787e-14
136.31697331332506,-24.63390339279598,31.654529747582444,-0.5172873363917094,-1.3752286247228236,3.368306851948935e-14
136.32345466849657,-24.62580316444619,31.652010535632733,-0.5175391597912042,-1.375508161609903,0.0
136.3299362289504,-24.617703424828075,31.64949027768222,-0.5177910296106049,-1.3757876403525526,5.0524602779234026e-14
136.33641799449634,-24.609604173581385,31.646968975738137,-0.5180429460051712,-1.3760670609304742,0.0
136.34289996494405,-24.601505410345986,31.644446631807718,-0.5182949091301663,-1.3763464233233877,3.368306851948935e-14
136.34938214010344,-24.59340713476171,31.6419232478982,-0.5185469191408512,-1.3766257275110314,3.368306851948935e-14
136.35586451978418,-24.58530934646863,31.639398826016823,-0.518798976192491,-1.37690497347316,1.6841534259744676e-14
136.362347103796,-24.577212045106897,31.636873368170814,-0.5190510804403512,-1.3771841611895468,3.368306851948935e-14
136.3688298919486,-24.5691152303168,31.634346876367406,-0.5193032320396991,-1.3774632906399833,1.6841534259744676e-14
136.37531288405182,-24.561018901738628,31.631819352613846,-0.5195554311458013,-1.3777423618042783,1.6841534259744676e-14
136.38179607991535,-24.552923059012887,31.629290798917356,-0.5198076779139277,-1.3780213746622583,1.6841534259744676e-14
136.38827947934885,-24.5448277017802,31.626761217285175,-0.5200599724993488,-1.3783003291937672,0.0
136.39476308216217,-24.53673282968119,31.624230609724535,-0.5203123150573358,-1.378579225378667,5.0524602779234026e-14
136.40124688816496,-24.52863844235668,31.621698978242687,-0.5205647057431609,-1.3788580631968368,0.0
136.40773089716689,-24.520544539447645,31.619166324846834,-0.5208171447120992,-1.3791368426281752,3.368306851948935e-14
136.41421510897777,-24.512451120595003,31.616632651544247,-0.5210696321194248,-1.3794155636525955,-1.6841534259744676e-14
136.42069952340725,-24.504358185439937,31.61409796034213,-0.5213221681204139,-1.3796942262500318,0.0
136.427184140265,-24.49626573362373,31.61156225324774,-0.5215747528703442,-1.3799728304004322,-1.6841534259744676e-14
136.4336689593608,-24.488173764787646,31.609025532268294,-0.5218273865244939,-1.3802513760837671,1.6841534259744676e-14
136.44015398050425,-24.480082278573175,31.606487799411052,-0.5220800692381423,-1.3805298632800187,0.0
136.44663920350507,-24.471991274621956,31.60394905668322,-0.5223328011665709,-1.3808082919691924,0.0
136.45312462817301,-24.463900752575555,31.60140930609204,-0.5225855824650603,-1.3810866621313076,-1.6841534259744676e-14
136.45961025431765,-24.455810712075824,31.59886854964476,-0.5228384132888938,-1.3813649737464022,3.368306851948935e-14
136.4660960817487,-24.447721152764693,31.596326789348606,-0.5230912937933554,-1.3816432267945316,0.0
136.47258211027582,-24.439632074284084,31.593784027210816,-0.52334422413373,-1.3819214212557691,-1.6841534259744676e-14
136.4790683397087,-24.431543476276158,31.591240265238614,-0.523597204465303,-1.382199557110205,1.6841534259744676e-14
136.48555476985698,-24.42345535838314,31.58869550543925,-0.5238502349433618,-1.3824776343379472,0.0
136.49204140053024,-24.415367720247414,31.586149749819953,-0.5241033157231955,-1.3827556529191207,5.0524602779234026e-14
136.4985282315383,-24.40728056151133,31.58360300038796,-0.5243564469600906,-1.3830336128338694,0.0
136.50501526269062,-24.399193881817503,31.5810552591505,-0.5246096288093389,-1.383311514062352,0.0
136.51150249379694,-24.391107680808627,31.578506528114808,-0.5248628614262316,-1.3835893565847475,1.6841534259744676e-14
136.51798992466686,-24.3830219581274,31.57595680928811,-0.5251161449660599,-1.383867140381251,6.73661370389787e-14
136.52447755511005,-24.374936713416737,31.573406104677666,-0.5253694795841166,-1.384144865432074,3.368306851948935e-14
136.53096538493605,-24.366851946319684,31.570854416290704,-0.525622865435696,-1.384422531717446,3.368306851948935e-14
136.53745341395458,-24.358767656479245,31.568301746134445,-0.5258763026760924,-1.3847001392176153,1.6841534259744676e-14
136.5439416419752,-24.350683843538697,31.56574809621612,-0.5261297914606021,-1.3849776879128464,1.6841534259744676e-14
136.5504300688075,-24.342600507141384,31.563193468542988,-0.5263833319445218,-1.3852551777834197,0.0
136.5569186942611,-24.334517646930664,31.56063786512226,-0.5266369242831485,-1.3855326088096351,1.6841534259744676e-14
136.56340751814562,-24.326435262550113,31.55808128796118,-0.5268905686317809,-1.3858099809718092,1.6841534259744676e-14
136.5698965402706,-24.318353353643428,31.555523739066988,-0.5271442651457188,-1.3860872942502747,3.368306851948935e-14
136.5763857604457,-24.31027191985428,31.552965220446914,-0.5273980139802615,-1.386364548625384,1.6841534259744676e-14
136.58287517848046,-24.30219096082658,31.55040573410819,-0.5276518152907105,-1.3866417440775034,1.6841534259744676e-14
136.58936479418446,-24.294110476204306,31.54784528205806,-0.5279056692323678,-1.386918880587019,-1.6841534259744676e-14
136.59585460736724,-24.286030465631598,31.545283866303755,-0.528159575960536,-1.3871959581343334,1.6841534259744676e-14
136.60234461783844,-24.277950928752556,31.5427214888525,-0.5284135356305186,-1.3874729766998661,1.6841534259744676e-14
136.60883482540757,-24.269871865211528,31.54015815171154,-0.5286675483976199,-1.387749936264054,1.6841534259744676e-14
136.61532522988418,-24.261793274652984,31.53759385688811,-0.5289216144171456,-1.3880268368073505,3.368306851948935e-14
136.62181583107787,-24.253715156721356,31.53502860638943,-0.5291757338444009,-1.388303678310228,3.368306851948935e-14
136.62830662879819,-24.245637511061318,31.532462402222755,-0.5294299068346925,-1.3885804607531735,-1.6841534259744676e-14
136.63479762285453,-24.237560337317667,31.52989524639531,-0.5296841335433288,-1.388857184116693,0.0
136.64128881305663,-24.229483635135157,31.52732714091433,-0.5299384141256172,-1.389133848381309,0.0
136.64778019921397,-24.221407404158796,31.524758087787063,-0.5301927487368665,-1.38941045352756,0.0
136.65427178113595,-24.213331644033712,31.522188089020712,-0.5304471375323879,-1.3896869995360035,1.6841534259744676e-14
136.66076355863225,-24.205256354404987,31.519617146622547,-0.53070158066749,-1.389963486387213,-3.368306851948935e-14
136.6672555315123,-24.19718153491796,31.51704526259978,-0.5309560782974847,-1.390239914061779,1.6841534259744676e-14
136.67374769958556,-24.189107185218067,31.51447243895965,-0.5312106305776845,-1.3905162825403088,0.0
136.68024006266165,-24.181033304950738,31.511898677709404,-0.5314652376634005,-1.390792591803427,3.368306851948935e-14
136.68673262055003,-24.172959893761625,31.509323980856266,-0.5317198997099475,-1.391068841831776,3.368306851948935e-14
136.6932253730602,-24.164886951296467,31.506748350407474,-0.5319746168726376,-1.3913450326060128,3.368306851948935e-14
136.69971832000152,-24.156814477201134,31.50417178837025,-0.532229389306787,-1.391621164106814,1.6841534259744676e-14
136.70621146118367,-24.14874247112148,31.501594296751847,-0.5324842171677101,-1.3918972363148716,0.0
136.712704796416,-24.140670932703628,31.49901587755949,-0.5327391006107224,-1.3921732492108954,0.0
136.719198325508,-24.132599861593754,31.496436532800423,-0.5329940397911409,-1.3924492027756106,-5.0524602779234026e-14
136.72569204826914,-24.124529257438066,31.493856264481867,-0.5332490348642823,-1.3927250969897607,-1.6841534259744676e-14
136.73218596450891,-24.11645911988299,31.49127507461107,-0.533504085985464,-1.3930009318341054,1.6841534259744676e-14
136.73868007403672,-24.10838944857504,31.488692965195263,-0.5337591933100048,-1.3932767072894223,3.368306851948935e-14
136.74517437666208,-24.100320243160752,31.486109938241672,-0.5340143569932225,-1.3935524233365038,1.6841534259744676e-14
136.7516688721944,-24.09225150328687,31.483525995757542,-0.534269577190437,-1.3938280799561606,1.6841534259744676e-14
136.75816356044302,-24.084183228600256,31.480941139750108,-0.5345248540569685,-1.39410367712922,1.6841534259744676e-14
136.76465844121756,-24.076115418747754,31.4783553722266,-0.5347801877481363,-1.3943792148365257,1.6841534259744676e-14
136.77115351432732,-24.068048073376445,31.475768695194244,-0.5350355784192623,-1.3946546930589387,0.0
136.7776487795817,-24.05998119213351,31.473181110660295,-0.5352910262256678,-1.3949301117773363,-1.6841534259744676e-14
136.7841442367902,-24.05191477466613,31.47059262063197,-0.5355465313226749,-1.395205470972613,0.0
136.79063988576223,-24.0438488206217,31.46800322711652,-0.5358020938656053,-1.3954807706256782,1.6841534259744676e-14
136.79713572630712,-24.035783329647753,31.46541293212116,-0.5360577140097823,-1.3957560107174611,0.0
136.8036317582343,-24.02771830139177,31.462821737653147,-0.5363133919105294,-1.396031191228905,1.6841534259744676e-14
136.81012798135322,-24.0196537355015,31.460229645719693,-0.5365691277231703,-1.3963063121409713,1.6841534259744676e-14
136.81662439547316,-24.01158963162473,31.457636658328056,-0.5368249216030291,-1.3965813734346366,5.0524602779234026e-14
136.82312100040357,-24.003525989409418,31.455042777485446,-0.5370807737054311,-1.396856375090896,1.6841534259744676e-14
