galstreams/tracks/track.st.M92.thomas2020.ecsv
# %ECSV 0.9
# ---
# datatype:
# - {name: ra, unit: deg, datatype: float64}
# - {name: dec, unit: deg, datatype: float64}
# - {name: distance, unit: kpc, datatype: float64}
# - {name: pm_ra_cosdec, unit: mas / yr, datatype: float64}
# - {name: pm_dec, unit: mas / yr, datatype: float64}
# - {name: radial_velocity, unit: km / s, datatype: float64}
# delimiter: ','
# meta: !!omap
# - __serialized_columns__:
#     dec:
#       __class__: astropy.coordinates.angles.Latitude
#       unit: &id001 !astropy.units.Unit {unit: deg}
#       value: !astropy.table.SerializedColumn {name: dec}
#     distance:
#       __class__: astropy.coordinates.distances.Distance
#       unit: !astropy.units.Unit {unit: kpc}
#       value: !astropy.table.SerializedColumn {name: distance}
#     pm_dec:
#       __class__: astropy.units.quantity.Quantity
#       unit: !astropy.units.Unit {unit: mas / yr}
#       value: !astropy.table.SerializedColumn {name: pm_dec}
#     pm_ra_cosdec:
#       __class__: astropy.units.quantity.Quantity
#       unit: !astropy.units.Unit {unit: mas / yr}
#       value: !astropy.table.SerializedColumn {name: pm_ra_cosdec}
#     ra:
#       __class__: astropy.coordinates.angles.Longitude
#       unit: *id001
#       value: !astropy.table.SerializedColumn {name: ra}
#       wrap_angle: !astropy.coordinates.Angle
#         unit: *id001
#         value: 360.0
#     radial_velocity:
#       __class__: astropy.units.quantity.Quantity
#       unit: !astropy.units.Unit {unit: km / s}
#       value: !astropy.table.SerializedColumn {name: radial_velocity}
# schema: astropy-2.0
ra,dec,distance,pm_ra_cosdec,pm_dec,radial_velocity
[from data line 980]
263.605222377863,42.514043161674564,8.3,0.0,0.0,0.0
263.6182470037191,42.510752582089935,8.300000000000002,0.0,0.0,0.0
263.6312684354247,42.50745196914785,8.300000000000002,0.0,0.0,0.0
263.64428666915654,42.50414133126343,8.300000000000002,0.0,0.0,0.0
263.6573017011003,42.50082067684598,8.300000000000002,0.0,0.0,0.0
263.6703135274517,42.49749001429906,8.3,0.0,0.0,0.0
263.6833221444156,42.49414935202046,8.300000000000002,0.0,0.0,0.0
263.69632754820674,42.49079869840216,8.300000000000002,0.0,0.0,0.0
263.70932973504915,42.48743806183048,8.300000000000002,0.0,0.0,0.0
263.7223287011764,42.48406745068594,8.300000000000004,0.0,0.0,0.0
263.7353244428317,42.48068687334338,8.300000000000004,0.0,0.0,0.0
263.7483169562677,42.47729633817192,8.3,0.0,0.0,0.0
263.76130623774645,42.473895853534955,8.300000000000004,0.0,0.0,0.0
263.77429228353975,42.47048542779023,8.3,0.0,0.0,0.0
263.78727508992864,42.46706506928978,8.300000000000002,0.0,0.0,0.0
263.8002546532038,42.46363478638001,8.300000000000002,0.0,0.0,0.0
263.8132309696654,42.46019458740163,8.300000000000002,0.0,0.0,0.0
263.82620403562305,42.45674448068975,8.300000000000004,0.0,0.0,0.0
263.83917384739584,42.4532844745738,8.300000000000002,0.0,0.0,0.0
263.8521404013122,42.44981457737762,8.300000000000002,0.0,0.0,0.0
263.86510369371035,42.44633479741947,8.300000000000002,0.0,0.0,0.0
263.8780637209377,42.442845143011944,8.300000000000002,0.0,0.0,0.0
263.89102047935114,42.43934562246209,8.3,0.0,0.0,0.0
263.9039739653171,42.43583624407139,8.300000000000004,0.0,0.0,0.0
263.9169241752114,42.432317016135734,8.300000000000004,0.0,0.0,0.0
263.9298711054194,42.42878794694548,8.300000000000002,0.0,0.0,0.0
263.9428147523358,42.42524904478541,8.300000000000004,0.0,0.0,0.0
263.95575511236456,42.421700317934835,8.300000000000002,0.0,0.0,0.0
263.9686921819195,42.418141774667504,8.300000000000002,0.0,0.0,0.0
263.9816259574234,42.41457342325167,8.300000000000002,0.0,0.0,0.0
263.9945564353088,42.41099527195007,8.300000000000002,0.0,0.0,0.0
264.00748361201744,42.40740732902,8.3,0.0,0.0,0.0
264.02040748400054,42.40380960271324,8.300000000000002,0.0,0.0,0.0
264.0333280477187,42.40020210127612,8.3,0.0,0.0,0.0
264.04624529964207,42.396584832949536,8.300000000000002,0.0,0.0,0.0
264.05915923624974,42.39295780596892,8.300000000000002,0.0,0.0,0.0
264.07206985403076,42.38932102856429,8.3,0.0,0.0,0.0
264.08497714948317,42.385674508960236,8.300000000000002,0.0,0.0,0.0
264.09788111911445,42.38201825537597,8.300000000000002,0.0,0.0,0.0
264.1107817594416,42.37835227602524,8.300000000000002,0.0,0.0,0.0
264.1236790669907,42.374676579116496,8.3,0.0,0.0,0.0
264.13657303829757,42.37099117285277,8.300000000000004,0.0,0.0,0.0
264.149463669907,42.367296065431745,8.300000000000002,0.0,0.0,0.0
264.16235095837334,42.363591265045734,8.300000000000002,0.0,0.0,0.0
264.17523490026014,42.35987677988173,8.300000000000002,0.0,0.0,0.0
264.1881154921406,42.35615261812141,8.300000000000002,0.0,0.0,0.0
264.2009927305968,42.35241878794112,8.300000000000002,0.0,0.0,0.0
264.2138666122204,42.34867529751189,8.3,0.0,0.0,0.0
264.22673713361246,42.34492215499949,8.300000000000004,0.0,0.0,0.0
264.2396042913831,42.34115936856438,8.300000000000004,0.0,0.0,0.0
264.25246808215195,42.337386946361754,8.300000000000002,0.0,0.0,0.0
264.26532850254785,42.33360489654155,8.300000000000002,0.0,0.0,0.0
264.2781855492089,42.32981322724847,8.300000000000002,0.0,0.0,0.0
264.29103921878266,42.326011946621975,8.300000000000002,0.0,0.0,0.0
264.30388950792576,42.32220106279629,8.300000000000002,0.0,0.0,0.0
264.3167364133042,42.31838058390042,8.300000000000002,0.0,0.0,0.0
264.32957993159334,42.314550518058205,8.300000000000002,0.0,0.0,0.0
264.3424200594777,42.31071087338826,8.300000000000002,0.0,0.0,0.0
264.3552567936511,42.30686165800401,8.300000000000002,0.0,0.0,0.0
264.3680901308166,42.303002880013764,8.300000000000002,0.0,0.0,0.0
264.3809200676865,42.29913454752062,8.300000000000002,0.0,0.0,0.0
264.3937466009824,42.29525666862257,8.300000000000002,0.0,0.0,0.0
264.40656972743506,42.29136925141244,8.300000000000004,0.0,0.0,0.0
264.4193894437845,42.28747230397796,8.300000000000002,0.0,0.0,0.0
264.43220574678014,42.28356583440172,8.300000000000002,0.0,0.0,0.0
264.44501863318027,42.279649850761245,8.3,0.0,0.0,0.0
264.45782809975276,42.27572436112893,8.300000000000002,0.0,0.0,0.0
264.4706341432745,42.27178937357215,8.300000000000002,0.0,0.0,0.0
264.48343676053145,42.267844896153136,8.300000000000002,0.0,0.0,0.0
264.4962359483192,42.263890936929144,8.300000000000002,0.0,0.0,0.0
264.5090317034421,42.25992750395234,8.300000000000002,0.0,0.0,0.0
264.5218240227139,42.255954605269864,8.3,0.0,0.0,0.0
264.53461290295746,42.251972248923856,8.300000000000002,0.0,0.0,0.0
264.54739834100496,42.24798044295141,8.300000000000002,0.0,0.0,0.0
264.56018033369764,42.24397919538466,8.300000000000002,0.0,0.0,0.0
264.57295887788575,42.23996851425075,8.300000000000002,0.0,0.0,0.0
264.585733970429,42.23594840757179,8.300000000000004,0.0,0.0,0.0
264.5985056081961,42.231918883365026,8.300000000000002,0.0,0.0,0.0
264.6112737880649,42.22787994964268,8.300000000000002,0.0,0.0,0.0
264.6240385069225,42.22383161441205,8.300000000000002,0.0,0.0,0.0
264.6367997616649,42.219773885675515,8.300000000000002,0.0,0.0,0.0
264.6495575491975,42.215706771430526,8.300000000000002,0.0,0.0,0.0
264.6623118664347,42.21163027966963,8.300000000000004,0.0,0.0,0.0
264.6750627103001,42.207544418380486,8.300000000000004,0.0,0.0,0.0
264.6878100777263,42.20344919554585,8.300000000000002,0.0,0.0,0.0
264.70055396565493,42.199344619143645,8.3,0.0,0.0,0.0
264.713294371037,42.1952306971469,8.300000000000002,0.0,0.0,0.0
264.72603129083257,42.19110743752377,8.300000000000004,0.0,0.0,0.0
264.7387647220104,42.186974848237654,8.300000000000002,0.0,0.0,0.0
264.75149466154886,42.18283293724704,8.300000000000002,0.0,0.0,0.0
264.7642211064351,42.178681712505664,8.300000000000002,0.0,0.0,0.0
264.77694405366543,42.17452118196241,8.300000000000002,0.0,0.0,0.0
264.7896635002452,42.17035135356139,8.300000000000002,0.0,0.0,0.0
264.8023794431888,42.16617223524195,8.300000000000002,0.0,0.0,0.0
264.81509187951974,42.161983834938646,8.300000000000002,0.0,0.0,0.0
264.8278008062705,42.157786160581274,8.300000000000002,0.0,0.0,0.0
264.8405062204827,42.15357922009491,8.300000000000002,0.0,0.0,0.0
264.85320811920695,42.14936302139988,8.300000000000002,0.0,0.0,0.0
264.8659064995029,42.14513757241177,8.3,0.0,0.0,0.0
264.87860135843914,42.14090288104146,8.300000000000002,0.0,0.0,0.0
264.8912926930935,42.13665895519517,8.300000000000002,0.0,0.0,0.0
264.90398050055256,42.13240580277437,8.300000000000004,0.0,0.0,0.0
264.9166647779121,42.12814343167589,8.3,0.0,0.0,0.0
264.92934552227683,42.1238718497919,8.300000000000002,0.0,0.0,0.0
264.94202273076047,42.11959106500988,8.300000000000002,0.0,0.0,0.0
264.9546964004857,42.115301085212685,8.3,0.0,0.0,0.0
264.9673665285843,42.11100191827856,8.300000000000002,0.0,0.0,0.0
264.9800331121968,42.10669357208109,8.300000000000002,0.0,0.0,0.0
264.9926961484729,42.10237605448929,8.300000000000002,0.0,0.0,0.0
265.0053556345713,42.098049373367544,8.300000000000004,0.0,0.0,0.0
265.01801156765947,42.09371353657568,8.300000000000004,0.0,0.0,0.0
265.030663944914,42.08936855196891,8.300000000000002,0.0,0.0,0.0
265.0433127635203,42.08501442739794,8.3,0.0,0.0,0.0
265.05595802067285,42.08065117070887,8.300000000000002,0.0,0.0,0.0
265.06859971357505,42.0762787897433,8.300000000000002,0.0,0.0,0.0
265.08123783943904,42.07189729233829,8.300000000000002,0.0,0.0,0.0
265.0938723954862,42.06750668632636,8.300000000000002,0.0,0.0,0.0
265.10650337894657,42.063106979535554,8.300000000000002,0.0,0.0,0.0
265.11913078705925,42.058698179789424,8.300000000000004,0.0,0.0,0.0
265.1317546170722,42.054280294907,8.300000000000002,0.0,0.0,0.0
265.1443748662422,42.049853332702895,8.300000000000002,0.0,0.0,0.0
265.1569915318351,42.045417300987204,8.3,0.0,0.0,0.0
265.16960461112546,42.04097220756564,8.300000000000002,0.0,0.0,0.0
265.1822141013969,42.03651806023944,8.300000000000002,0.0,0.0,0.0
265.1948199999417,42.0320548668054,8.300000000000002,0.0,0.0,0.0
265.2074223040613,42.027582635055936,8.3,0.0,0.0,0.0
265.2200210110657,42.02310137277905,8.300000000000002,0.0,0.0,0.0
265.2326161182739,42.01861108775836,8.3,0.0,0.0,0.0
265.24520762301387,42.01411178777309,8.300000000000004,0.0,0.0,0.0
265.2577955226222,42.00960348059811,8.300000000000002,0.0,0.0,0.0
265.2703798144444,42.00508617400392,8.300000000000002,0.0,0.0,0.0
265.28296049583497,42.00055987575671,8.300000000000002,0.0,0.0,0.0
265.29553756415703,41.99602459361827,8.3,0.0,0.0,0.0
265.3081110167826,41.99148033534617,8.300000000000002,0.0,0.0,0.0
265.32068085109256,41.98692710869357,8.300000000000002,0.0,0.0,0.0
265.3332470644765,41.982364921409385,8.300000000000002,0.0,0.0,0.0
265.3458096543329,41.977793781238226,8.300000000000002,0.0,0.0,0.0
265.3583686180691,41.97321369592044,8.300000000000002,0.0,0.0,0.0
265.37092395310106,41.96862467319212,8.300000000000004,0.0,0.0,0.0
265.38347565685353,41.96402672078508,8.300000000000004,0.0,0.0,0.0
265.39602372676023,41.9594198464269,8.300000000000002,0.0,0.0,0.0
265.40856816026354,41.95480405784095,8.300000000000002,0.0,0.0,0.0
265.4211089548146,41.95017936274636,8.300000000000002,0.0,0.0,0.0
265.43364610787324,41.94554576885808,8.3,0.0,0.0,0.0
265.44617961690824,41.94090328388683,8.300000000000004,0.0,0.0,0.0
265.45870947939693,41.93625191553919,8.300000000000002,0.0,0.0,0.0
265.4712356928256,41.93159167151754,8.300000000000002,0.0,0.0,0.0
265.4837582546889,41.92692255952008,8.300000000000002,0.0,0.0,0.0
265.4962771624907,41.92224458724093,8.300000000000004,0.0,0.0,0.0
265.50879241374315,41.91755776237,8.300000000000002,0.0,0.0,0.0
265.52130400596747,41.912862092593144,8.300000000000002,0.0,0.0,0.0
265.5338119366934,41.908157585592036,8.3,0.0,0.0,0.0
265.54631620345936,41.9034442490443,8.300000000000002,0.0,0.0,0.0
265.5588168038125,41.898722090623444,8.300000000000002,0.0,0.0,0.0
265.5713137353088,41.893991117998894,8.3,0.0,0.0,0.0
265.5838069955128,41.88925133883602,8.299999999999999,0.0,0.0,0.0
265.59629658199765,41.88450276079614,8.300000000000004,0.0,0.0,0.0
265.6087824923454,41.87974539153654,8.300000000000002,0.0,0.0,0.0
265.62126472414656,41.87497923871043,8.300000000000002,0.0,0.0,0.0
265.6337432750004,41.87020430996704,8.300000000000002,0.0,0.0,0.0
265.64621814251484,41.86542061295159,8.300000000000002,0.0,0.0,0.0
265.65868932430635,41.86062815530526,8.3,0.0,0.0,0.0
265.6711568180002,41.8558269446653,8.3,0.0,0.0,0.0
265.68362062123015,41.85101698866495,8.300000000000002,0.0,0.0,0.0
265.69608073163874,41.84619829493352,8.300000000000002,0.0,0.0,0.0
265.70853714687706,41.84137087109632,8.300000000000002,0.0,0.0,0.0
265.7209898646047,41.83653472477476,8.300000000000002,0.0,0.0,0.0
265.73343888249013,41.83168986358631,8.300000000000004,0.0,0.0,0.0
265.74588419821026,41.82683629514453,8.300000000000002,0.0,0.0,0.0
265.75832580945047,41.821974027059056,8.300000000000004,0.0,0.0,0.0
265.770763713905,41.81710306693568,8.300000000000002,0.0,0.0,0.0
265.7831979092765,41.812223422376235,8.300000000000002,0.0,0.0,0.0
265.79562839327633,41.807335100978754,8.300000000000002,0.0,0.0,0.0
265.8080551636243,41.80243811033738,8.300000000000002,0.0,0.0,0.0
265.82047821804883,41.79753245804241,8.300000000000002,0.0,0.0,0.0
265.8328975542869,41.79261815168034,8.300000000000002,0.0,0.0,0.0
265.8453131700841,41.787695198833774,8.3,0.0,0.0,0.0
265.8577250631945,41.78276360708158,8.300000000000002,0.0,0.0,0.0
265.87013323138075,41.77782338399877,8.300000000000002,0.0,0.0,0.0
265.88253767241406,41.77287453715661,8.300000000000002,0.0,0.0,0.0
265.89493838407407,41.76791707412256,8.300000000000002,0.0,0.0,0.0
265.90733536414905,41.762951002460326,8.3,0.0,0.0,0.0
265.91972861043575,41.757976329729836,8.300000000000002,0.0,0.0,0.0
265.93211812073946,41.75299306348735,8.300000000000002,0.0,0.0,0.0
265.9445038928739,41.74800121128532,8.3,0.0,0.0,0.0
265.9568859246614,41.7430007806725,8.300000000000002,0.0,0.0,0.0
265.96926421393266,41.73799177919397,8.300000000000002,0.0,0.0,0.0
265.9816387585269,41.732974214391064,8.3,0.0,0.0,0.0
265.994009556292,41.72794809380149,8.300000000000002,0.0,0.0,0.0
266.00637660508403,41.72291342495923,8.300000000000004,0.0,0.0,0.0
266.0187399027677,41.71787021539464,8.3,0.0,0.0,0.0
266.0310994472161,41.71281847263441,8.300000000000004,0.0,0.0,0.0
266.04345523631093,41.70775820420162,8.3,0.0,0.0,0.0
266.0558072679421,41.7026894176157,8.3,0.0,0.0,0.0
266.06815554000826,41.69761212039246,8.300000000000004,0.0,0.0,0.0
266.08050005041616,41.692526320044145,8.300000000000004,0.0,0.0,0.0
266.09284079708124,41.687432024079364,8.300000000000002,0.0,0.0,0.0
266.1051777779272,41.682329240003185,8.300000000000002,0.0,0.0,0.0
266.11751099088633,41.6772179753171,8.300000000000002,0.0,0.0,0.0
266.1298404338992,41.67209823751904,8.300000000000002,0.0,0.0,0.0
266.14216610491474,41.66697003410337,8.300000000000002,0.0,0.0,0.0
266.15448800189046,41.66183337256099,8.300000000000002,0.0,0.0,0.0
266.166806122792,41.65668826037923,8.300000000000002,0.0,0.0,0.0
266.17912046559377,41.65153470504188,8.300000000000002,0.0,0.0,0.0
266.1914310282782,41.646372714029326,8.300000000000004,0.0,0.0,0.0
266.2037378088363,41.6412022948184,8.300000000000002,0.0,0.0,0.0
266.21604080526726,41.63602345488247,8.300000000000002,0.0,0.0,0.0
266.22834001557885,41.630836201691466,8.300000000000002,0.0,0.0,0.0
266.2406354377871,41.62564054271185,8.300000000000002,0.0,0.0,0.0
266.2529270699163,41.620436485406636,8.300000000000002,0.0,0.0,0.0
266.26521490999914,41.61522403723544,8.3,0.0,0.0,0.0
266.27749895607684,41.610003205654465,8.300000000000002,0.0,0.0,0.0
266.2897792061986,41.60477399811648,8.300000000000002,0.0,0.0,0.0
266.3020556584222,41.599536422070884,8.3,0.0,0.0,0.0
266.31432831081366,41.59429048496368,8.3,0.0,0.0,0.0
266.3265971614473,41.589036194237536,8.3,0.0,0.0,0.0
266.3388622084057,41.58377355733174,8.300000000000002,0.0,0.0,0.0
266.3511234497799,41.57850258168223,8.300000000000002,0.0,0.0,0.0
266.36338088366904,41.573223274721634,8.3,0.0,0.0,0.0
266.37563450818067,41.56793564387925,8.299999999999999,0.0,0.0,0.0
266.3878843214305,41.56263969658105,8.300000000000002,0.0,0.0,0.0
266.40013032154263,41.55733544024974,8.3,0.0,0.0,0.0
266.4123725066495,41.55202288230471,8.299999999999999,0.0,0.0,0.0
266.42461087489147,41.54670203016211,8.3,0.0,0.0,0.0
266.43684542441764,41.541372891234786,8.3,0.0,0.0,0.0
266.44907615338485,41.536035472932376,8.3,0.0,0.0,0.0
266.4613030599586,41.53068978266125,8.3,0.0,0.0,0.0
266.4735261423124,41.52533582782455,8.299999999999999,0.0,0.0,0.0
266.485745398628,41.51997361582226,8.3,0.0,0.0,0.0
266.4979608270955,41.514603154051066,8.299999999999999,0.0,0.0,0.0
266.510172425913,41.50922444990454,8.3,0.0,0.0,0.0
266.5223801932871,41.50383751077304,8.300000000000002,0.0,0.0,0.0
266.5345841274323,41.49844234404376,8.3,0.0,0.0,0.0
266.54678422657156,41.49303895710075,8.3,0.0,0.0,0.0
266.55898048893584,41.48762735732489,8.3,0.0,0.0,0.0
266.5711729127643,41.48220755209397,8.299999999999999,0.0,0.0,0.0
266.5833614963045,41.47677954878261,8.300000000000002,0.0,0.0,0.0
266.5955462378119,41.471343354762354,8.3,0.0,0.0,0.0
266.6077271355502,41.465898977401636,8.299999999999999,0.0,0.0,0.0
266.61990418779135,41.46044642406581,8.3,0.0,0.0,0.0
266.63207739281535,41.454985702117156,8.299999999999999,0.0,0.0,0.0
266.6442467489104,41.44951681891489,8.3,0.0,0.0,0.0
266.65641225437287,41.44403978181518,8.299999999999999,0.0,0.0,0.0
266.6685739075072,41.43855459817112,8.3,0.0,0.0,0.0
266.68073170662586,41.433061275332875,8.300000000000002,0.0,0.0,0.0
266.69288565004985,41.427559820647474,8.3,0.0,0.0,0.0
266.70503573610773,41.42205024145903,8.299999999999999,0.0,0.0,0.0
266.71718196313657,41.41653254510863,8.300000000000002,0.0,0.0,0.0
266.7293243294813,41.41100673893438,8.3,0.0,0.0,0.0
266.74146283349523,41.40547283027143,8.300000000000002,0.0,0.0,0.0
266.7535974735394,41.399930826451964,8.299999999999999,0.0,0.0,0.0
