galstreams/tracks/track.st.NGC288.sollima2020.ecsv
# %ECSV 1.0
# ---
# datatype:
# - {name: ra, unit: deg, datatype: float64}
# - {name: dec, unit: deg, datatype: float64}
# - {name: distance, unit: kpc, datatype: float64}
# - {name: pm_ra_cosdec, unit: mas / yr, datatype: float64}
# - {name: pm_dec, unit: mas / yr, datatype: float64}
# - {name: radial_velocity, unit: km / s, datatype: float64}
# delimiter: ','
# meta: !!omap
# - __serialized_columns__:
#     dec:
#       __class__: astropy.coordinates.angles.Latitude
#       unit: &id001 !astropy.units.Unit {unit: deg}
#       value: !astropy.table.SerializedColumn {name: dec}
#     distance:
#       __class__: astropy.coordinates.distances.Distance
#       unit: !astropy.units.Unit {unit: kpc}
#       value: !astropy.table.SerializedColumn {name: distance}
#     pm_dec:
#       __class__: astropy.units.quantity.Quantity
#       unit: !astropy.units.Unit {unit: mas / yr}
#       value: !astropy.table.SerializedColumn {name: pm_dec}
#     pm_ra_cosdec:
#       __class__: astropy.units.quantity.Quantity
#       unit: !astropy.units.Unit {unit: mas / yr}
#       value: !astropy.table.SerializedColumn {name: pm_ra_cosdec}
#     ra:
#       __class__: astropy.coordinates.angles.Longitude
#       unit: *id001
#       value: !astropy.table.SerializedColumn {name: ra}
#       wrap_angle: !astropy.coordinates.Angle
#         unit: *id001
#         value: 360.0
#     radial_velocity:
#       __class__: astropy.units.quantity.Quantity
#       unit: !astropy.units.Unit {unit: km / s}
#       value: !astropy.table.SerializedColumn {name: radial_velocity}
# schema: astropy-2.0
ra,dec,distance,pm_ra_cosdec,pm_dec,radial_velocity
[from data line 235]
12.342133945037931,-26.839673507015362,8.988000000000037,0.0,0.0,0.0
12.351419902121552,-26.839535962335933,8.988000000000039,0.0,0.0,0.0
12.360931026906599,-26.839107092521107,8.988000000000037,0.0,0.0,0.0
12.370666118710627,-26.838388302814614,8.988000000000037,0.0,0.0,0.0
12.38062386831466,-26.83738113407003,8.988000000000039,0.0,0.0,0.0
12.39080285854683,-26.83608726221816,8.988000000000035,0.0,0.0,0.0
12.40120156491815,-26.83450849767955,8.988000000000033,0.0,0.0,0.0
12.411818356309228,-26.83264678472225,8.988000000000035,0.0,0.0,0.0
12.422651495708207,-26.830504200765766,8.988000000000037,0.0,0.0,0.0
12.433699140998156,-26.82808295563075,8.988000000000037,0.0,0.0,0.0
12.44495934579419,-26.825385390735732,8.988000000000033,0.0,0.0,0.0
12.456430060328927,-26.82241397824045,8.988000000000035,0.0,0.0,0.0
12.468109132386486,-26.819171320137222,8.988000000000033,0.0,0.0,0.0
12.479994308283185,-26.815660147289737,8.988000000000035,0.0,0.0,0.0
12.492083233895082,-26.811883318420506,8.988000000000035,0.0,0.0,0.0
12.50437345573089,-26.80784381904697,8.988000000000033,0.0,0.0,0.0
12.516862422050393,-26.803544760367142,8.988000000000033,0.0,0.0,0.0
12.529547484026422,-26.798989378094905,8.988000000000032,0.0,0.0,0.0
12.542425896950435,-26.794181031245557,8.988000000000033,0.0,0.0,0.0
12.555494821480226,-26.789123200872236,8.988000000000033,0.0,0.0,0.0
12.56875132492969,-26.783819488753704,8.988000000000032,0.0,0.0,0.0
12.582192382598762,-26.778273616033886,8.988000000000033,0.0,0.0,0.0
12.595814879143433,-26.772489421813802,8.98800000000003,0.0,0.0,0.0
12.609615609984276,-26.76647086169634,8.98800000000003,0.0,0.0,0.0
12.623591282753468,-26.76022200628478,8.98800000000003,0.0,0.0,0.0
12.637738518778196,-26.753747039635034,8.98800000000003,0.0,0.0,0.0
12.652053854600455,-26.747050257662714,8.98800000000003,0.0,0.0,0.0
12.66653374353152,-26.74013606650525,8.98800000000003,0.0,0.0,0.0
12.681174557241075,-26.73300898084009,8.988000000000028,0.0,0.0,0.0
12.695972587378897,-26.725673622159025,8.988000000000026,0.0,0.0,0.0
12.710924047228636,-26.718134716999636,8.98800000000003,0.0,0.0,0.0
12.726025073393183,-26.710397095134592,8.988000000000028,0.0,0.0,0.0
12.741271727509533,-26.702465687718973,8.988000000000028,0.0,0.0,0.0
12.756659997993022,-26.69434552539681,8.988000000000028,0.0,0.0,0.0
12.772185801809337,-26.686041736366978,8.988000000000028,0.0,0.0,0.0
12.787844986273958,-26.67755954440974,8.988000000000026,0.0,0.0,0.0
12.803633330877156,-26.66890426687391,8.988000000000026,0.0,0.0,0.0
12.819546549134165,-26.66008131262596,8.988000000000024,0.0,0.0,0.0
12.835580290459017,-26.651096179961275,8.988000000000026,0.0,0.0,0.0
12.851730142061754,-26.64195445447878,8.988000000000026,0.0,0.0,0.0
12.86799163086698,-26.632661806919163,8.988000000000024,0.0,0.0,0.0
12.884360225453525,-26.623223990967755,8.988000000000024,0.0,0.0,0.0
12.900831338013619,-26.613646841022593,8.988000000000024,0.0,0.0,0.0
12.917400326331354,-26.60393626992885,8.988000000000024,0.0,0.0,0.0
12.934062495778337,-26.594098266679747,8.988000000000024,0.0,0.0,0.0
12.950813101326412,-26.584138894085317,8.988000000000024,0.0,0.0,0.0
12.967647349575794,-26.57406428640941,8.988000000000024,0.0,0.0,0.0
12.984560400798399,-26.563880646976088,8.988000000000024,0.0,0.0,0.0
13.001547370994384,-26.5535942457459,8.988000000000024,0.0,0.0,0.0
13.018603333961721,-26.54321141686304,8.988000000000024,0.0,0.0,0.0
13.035723323377171,-26.5327385561741,8.988000000000024,0.0,0.0,0.0
13.052902334888548,-26.52218211871953,8.988000000000023,0.0,0.0,0.0
13.070135328216226,-26.511548616198265,8.98800000000002,0.0,0.0,0.0
13.08741722926381,-26.500844614406724,8.988000000000023,0.0,0.0,0.0
13.104742932236363,-26.490076730652678,8.988000000000023,0.0,0.0,0.0
13.122107301766079,-26.479251631145488,8.988000000000023,0.0,0.0,0.0
13.139505175043471,-26.46837602836284,8.988000000000023,0.0,0.0,0.0
13.156931363953948,-26.457456678395488,8.988000000000023,0.0,0.0,0.0
13.174380657218284,-26.44650037827049,8.988000000000024,0.0,0.0,0.0
13.191847822536916,-26.435513963254312,8.988000000000023,0.0,0.0,0.0
13.209327608736116,-26.42450430413622,8.98800000000002,0.0,0.0,0.0
13.226814747916057,-26.413478304493317,8.98800000000002,0.0,0.0,0.0
13.244303957599268,-26.402442897937732,8.988000000000023,0.0,0.0,0.0
13.261789942879462,-26.39140504534767,8.98800000000002,0.0,0.0,0.0
13.279267398568882,-26.380371732082253,8.988000000000023,0.0,0.0,0.0
13.296731011344203,-26.369349965182085,8.98800000000002,0.0,0.0,0.0
13.314175461889539,-26.358346770555762,8.98800000000002,0.0,0.0,0.0
13.33159542703661,-26.347369190154062,8.988000000000019,0.0,0.0,0.0
13.348985581900298,-26.336424279132018,8.98800000000002,0.0,0.0,0.0
13.366340602009602,-26.32551910300051,8.988000000000019,0.0,0.0,0.0
13.383655165432714,-26.314660734767973,8.988000000000019,0.0,0.0,0.0
13.40092395489621,-26.303856252073594,8.988000000000017,0.0,0.0,0.0
13.41814165989677,-26.293112734312686,8.988000000000019,0.0,0.0,0.0
13.435302978805394,-26.282437259755486,8.988000000000019,0.0,0.0,0.0
13.452402620962904,-26.27183690266014,8.988000000000019,0.0,0.0,0.0
13.46943530876693,-26.261318730381557,8.988000000000019,0.0,0.0,0.0
13.48639577974858,-26.25088980047624,8.988000000000019,0.0,0.0,0.0
13.503278788639106,-26.240557157804993,8.98800000000002,0.0,0.0,0.0
13.520079109425266,-26.23032783163392,8.988000000000017,0.0,0.0,0.0
13.536791537393583,-26.220208832735402,8.988000000000019,0.0,0.0,0.0
13.553410891162015,-26.210207150489524,8.988000000000017,0.0,0.0,0.0
13.569932014698828,-26.200329749987223,8.988000000000017,0.0,0.0,0.0
13.586349779328643,-26.19058356913663,8.988000000000017,0.0,0.0,0.0
13.602659085724078,-26.180975515772968,8.988000000000019,0.0,0.0,0.0
13.61885486588336,-26.17151246477368,8.988000000000017,0.0,0.0,0.0
13.634932085092629,-26.162201255179404,8.988000000000017,0.0,0.0,0.0
13.650885743873424,-26.15304868732247,8.988000000000019,0.0,0.0,0.0
13.666710879913682,-26.144061519963348,8.988000000000017,0.0,0.0,0.0
13.682402569982672,-26.13524646743656,8.988000000000019,0.0,0.0,0.0
13.69795593182877,-26.126610196806887,8.988000000000017,0.0,0.0,0.0
13.713366126060409,-26.11815932503742,8.988000000000016,0.0,0.0,0.0
13.72862835800879,-26.109900416169854,8.988000000000016,0.0,0.0,0.0
13.74373787957268,-26.101839978518683,8.988000000000016,0.0,0.0,0.0
13.75868999104433,-26.093984461880062,8.988000000000016,0.0,0.0,0.0
13.773480042916866,-26.08634025475676,8.988000000000016,0.0,0.0,0.0
13.788103437671781,-26.078913681599854,8.988000000000017,0.0,0.0,0.0
13.802555631546907,-26.071711000068614,8.988000000000017,0.0,0.0,0.0
13.81683213628395,-26.064738398309387,8.988000000000017,0.0,0.0,0.0
13.830928520855966,-26.058001992254987,8.988000000000014,0.0,0.0,0.0
13.844840413173458,-26.05150782294506,8.988000000000016,0.0,0.0,0.0
13.858563501769515,-26.045261853869142,8.988000000000014,0.0,0.0,0.0
13.87209353746311,-26.039269968332842,8.988000000000014,0.0,0.0,0.0
13.885426335000954,-26.033537966848968,8.988000000000012,0.0,0.0,0.0
13.898557774676647,-26.028071564553922,8.988000000000014,0.0,0.0,0.0
13.911483803927602,-26.02287638865101,8.988000000000014,0.0,0.0,0.0
13.924200438908784,-26.017957975881163,8.988000000000012,0.0,0.0,0.0
13.936703766043863,-26.01332177002293,8.988000000000014,0.0,0.0,0.0
13.948989943552386,-26.008973119421846,8.988000000000014,0.0,0.0,0.0
13.96105520295355,-26.004917274550984,8.988000000000016,0.0,0.0,0.0
13.972895850545697,-26.001159385603177,8.988000000000014,0.0,0.0,0.0
13.984508268862001,-25.997704500116534,8.988000000000014,0.0,0.0,0.0
13.99588891810114,-25.994557560633606,8.988000000000014,0.0,0.0,0.0
14.00703433753349,-25.991723402395767,8.988000000000016,0.0,0.0,0.0
14.017941146881887,-25.989206751073347,8.988000000000012,0.0,0.0,0.0
14.02860604767767,-25.987012220533245,8.98800000000001,0.0,0.0,0.0
14.039025824590592,-25.985144310644014,8.988000000000012,0.0,0.0,0.0
14.049197346733251,-25.983607405120313,8.988000000000012,0.0,0.0,0.0
14.059117568939142,-25.982405769407077,8.98800000000001,0.0,0.0,0.0
14.06878353301496,-25.981543548604915,8.988000000000012,0.0,0.0,0.0
14.078192368965837,-25.98102476543709,8.988000000000012,0.0,0.0,0.0
14.087341296194102,-25.980853318259612,8.988000000000012,0.0,0.0,0.0
14.096227624670775,-25.981032979114822,8.988000000000012,0.0,0.0,0.0
14.104848756080294,-25.98156739183005,8.98800000000001,0.0,0.0,0.0
14.113202184937302,-25.9824600701616,8.98800000000001,0.0,0.0,0.0
14.121285499676016,-25.983714395985427,8.98800000000001,0.0,0.0,0.0
14.129096383711357,-25.98533361753502,8.988000000000012,0.0,0.0,0.0
14.136632616472488,-25.98732084768797,8.988000000000012,0.0,0.0,0.0
14.143892074407388,-25.98967906230136,8.98800000000001,0.0,0.0,0.0
14.150872731959145,-25.992411098597316,8.98800000000001,0.0,0.0,0.0
14.157572662513111,-25.995519653599402,8.98800000000001,0.0,0.0,0.0
14.163990039315463,-25.99900728262077,8.98800000000001,0.0,0.0,0.0
14.170123136362001,-26.00287639780478,8.988000000000012,0.0,0.0,0.0
14.175970329257394,-26.007129266718792,8.988000000000012,0.0,0.0,0.0
14.181530096045131,-26.011768011002385,8.98800000000001,0.0,0.0,0.0
14.1868010180069,-26.016794605070125,8.98800000000001,0.0,0.0,0.0
14.191781780432034,-26.02221087487009,8.98800000000001,0.0,0.0,0.0
14.196471173356146,-26.02801849669869,8.98800000000001,0.0,0.0,0.0
14.200868092269538,-26.034218996072738,8.98800000000001,0.0,0.0,0.0
14.204971538794059,-26.040813746659147,8.98800000000001,0.0,0.0,0.0
14.208780621329081,-26.047803969263157,8.988000000000012,0.0,0.0,0.0
14.212294555665611,-26.055190730875648,8.988000000000012,0.0,0.0,0.0
14.215512665569186,-26.06297494378054,8.98800000000001,0.0,0.0,0.0
14.21843438333022,-26.071157364722318,8.98800000000001,0.0,0.0,0.0
14.221059250282373,-26.079738594134856,8.988000000000008,0.0,0.0,0.0
14.22338691728805,-26.088719075431722,8.988000000000008,0.0,0.0,0.0
14.225417145191582,-26.09809909435905,8.98800000000001,0.0,0.0,0.0
14.22714980523878,-26.10787877841099,8.988000000000008,0.0,0.0,0.0
14.228584879463408,-26.118058096308637,8.98800000000001,0.0,0.0,0.0
14.229722461039682,-26.128636857542777,8.988000000000008,0.0,0.0,0.0
14.230562754601255,-26.13961471198132,8.988000000000007,0.0,0.0,0.0
14.231106076525501,-26.150991149541316,8.988000000000007,0.0,0.0,0.0
14.231352855183461,-26.16276549992659,8.98800000000001,0.0,0.0,0.0
14.231303631154658,-26.174936932430974,8.988000000000008,0.0,0.0,0.0
14.230959057407205,-26.187504455808124,8.988000000000008,0.0,0.0,0.0
14.230319899441914,-26.200466918207677,8.98800000000001,0.0,0.0,0.0
14.229387035400896,-26.21382300717868,8.988000000000008,0.0,0.0,0.0
14.228161456139643,-26.227571249740205,8.988000000000008,0.0,0.0,0.0
14.226644265263246,-26.24171001252003,8.988000000000008,0.0,0.0,0.0
14.224836679125188,-26.25623750196115,8.98800000000001,0.0,0.0,0.0
14.222740026789328,-26.27115176459675,8.98800000000001,0.0,0.0,0.0
14.220355749954065,-26.286450687393742,8.98800000000001,0.0,0.0,0.0
14.217685402839175,-26.302131998165425,8.98800000000001,0.0,0.0,0.0
14.214730652033904,-26.318193266053076,8.98800000000001,0.0,0.0,0.0
14.211493276306795,-26.334631902076953,8.988000000000008,0.0,0.0,0.0
14.207975166376317,-26.35144515975673,8.98800000000001,0.0,0.0,0.0
14.204178324642648,-26.368630135801883,8.988000000000008,0.0,0.0,0.0
14.200104864879311,-26.386183770871583,8.988000000000007,0.0,0.0,0.0
14.19575701188505,-26.404102850404755,8.988000000000005,0.0,0.0,0.0
14.19113710109499,-26.422384005519902,8.988000000000007,0.0,0.0,0.0
14.186247578151452,-26.44102371398541,8.988000000000007,0.0,0.0,0.0
14.181090998433111,-26.460018301259556,8.988000000000007,0.0,0.0,0.0
14.175670026542845,-26.479363941601,8.988000000000007,0.0,0.0,0.0
14.169987435753276,-26.49905665924906,8.988000000000008,0.0,0.0,0.0
14.164046107410524,-26.519092329674457,8.988000000000008,0.0,0.0,0.0
14.157849030294578,-26.53946668089982,8.988000000000007,0.0,0.0,0.0
14.151399299936902,-26.560175294890275,8.988000000000007,0.0,0.0,0.0
14.144700117894116,-26.58121360901366,8.988000000000007,0.0,0.0,0.0
14.137754790978258,-26.60257691757082,8.988000000000005,0.0,0.0,0.0
14.130566730442165,-26.624260373395053,8.988000000000005,0.0,0.0,0.0
14.123139451120396,-26.646258989521126,8.988000000000007,0.0,0.0,0.0
14.11547657052477,-26.66856764092324,8.988000000000007,0.0,0.0,0.0
14.107581807894706,-26.69118106632215,8.988000000000007,0.0,0.0,0.0
14.09945898320131,-26.714093870060637,8.988000000000008,0.0,0.0,0.0
14.091112016105287,-26.73730052404742,8.988000000000007,0.0,0.0,0.0
14.082544924868092,-26.760795369769134,8.988000000000007,0.0,0.0,0.0
14.073761825216032,-26.784572620369843,8.988000000000007,0.0,0.0,0.0
14.064766929156882,-26.808626362797913,8.988000000000008,0.0,0.0,0.0
14.055564543748641,-26.832950560019803,8.988000000000008,0.0,0.0,0.0
14.046159069820156,-26.85753905330027,8.988000000000007,0.0,0.0,0.0
14.036555000643101,-26.882385564548542,8.988000000000008,0.0,0.0,0.0
14.026756920555174,-26.907483698730182,8.988000000000007,0.0,0.0,0.0
14.016769503533917,-26.932826946343816,8.988000000000008,0.0,0.0,0.0
14.006597511721111,-26.958408685962436,8.988000000000007,0.0,0.0,0.0
13.996245793897193,-26.984222186838622,8.988000000000007,0.0,0.0,0.0
13.985719283905548,-27.010260611573187,8.988000000000007,0.0,0.0,0.0
13.975022999026258,-27.036517018846435,8.988000000000007,0.0,0.0,0.0
13.964162038299227,-27.06298436621168,8.988000000000008,0.0,0.0,0.0
13.953141580796142,-27.089655512950067,8.988000000000008,0.0,0.0,0.0
13.941966883841312,-27.11652322298629,8.98800000000001,0.0,0.0,0.0
13.93064328118094,-27.143580167864222,8.988000000000007,0.0,0.0,0.0
13.919176181100767,-27.170818929781966,8.988000000000005,0.0,0.0,0.0
13.907571064491814,-27.198232004685316,8.988000000000007,0.0,0.0,0.0
13.8958334828641,-27.22581180541907,8.988000000000003,0.0,0.0,0.0
13.883969056308148,-27.253550664935197,8.988000000000003,0.0,0.0,0.0
13.871983471404242,-27.28144083955712,8.988000000000007,0.0,0.0,0.0
13.859882479079262,-27.309474512299133,8.988000000000005,0.0,0.0,0.0
13.84767189241104,-27.337643796240265,8.988000000000007,0.0,0.0,0.0
13.835357584380258,-27.365940737951373,8.988000000000005,0.0,0.0,0.0
13.822945485569804,-27.39435732097481,8.988000000000005,0.0,0.0,0.0
13.810441581811652,-27.422885469355503,8.988000000000005,0.0,0.0,0.0
13.797851911781303,-27.451517051222506,8.988000000000007,0.0,0.0,0.0
13.785182564539868,-27.48024388242005,8.988000000000005,0.0,0.0,0.0
13.772439677023943,-27.509057730187003,8.988000000000005,0.0,0.0,0.0
13.759629431483376,-27.53795031688361,8.988000000000005,0.0,0.0,0.0
13.74675805286718,-27.566913323764567,8.988000000000005,0.0,0.0,0.0
13.733831806157816,-27.595938394797184,8.988000000000005,0.0,0.0,0.0
13.720856993654046,-27.625017140523557,8.988000000000005,0.0,0.0,0.0
13.7078399522028,-27.654141141965543,8.988000000000005,0.0,0.0,0.0
13.694787050380304,-27.68330195457141,8.988000000000005,0.0,0.0,0.0
13.68170468562294,-27.712491112202887,8.988000000000005,0.0,0.0,0.0
13.668599281308234,-27.7417001311614,8.988000000000005,0.0,0.0,0.0
13.655477283786531,-27.77092051425227,8.988000000000007,0.0,0.0,0.0
13.642345159363867,-27.80014375488555,8.988000000000005,0.0,0.0,0.0
13.629209391236607,-27.829361341212138,8.988000000000005,0.0,0.0,0.0
13.616076476378563,-27.85856476029404,8.988000000000005,0.0,0.0,0.0
13.602952922381263,-27.887745502307226,8.988000000000005,0.0,0.0,0.0
13.589845244248075,-27.91689506477571,8.988000000000005,0.0,0.0,0.0
13.576759961143072,-27.946004956835676,8.988000000000005,0.0,0.0,0.0
13.563703593095475,-27.97506670352797,8.988000000000005,0.0,0.0,0.0
13.550682657660573,-28.004071850117704,8.988000000000005,0.0,0.0,0.0
13.537703666538134,-28.03301196643939,8.988000000000007,0.0,0.0,0.0
13.524773122149323,-28.061878651266138,8.988000000000005,0.0,0.0,0.0
13.511897514173237,-28.09066353670158,8.988000000000005,0.0,0.0,0.0
