galstreams/tracks/track.st.Vid.ibata2020.ecsv
# %ECSV 0.9
# ---
# datatype:
# - {name: ra, unit: deg, datatype: float64}
# - {name: dec, unit: deg, datatype: float64}
# - {name: distance, unit: kpc, datatype: float64}
# - {name: pm_ra_cosdec, unit: mas / yr, datatype: float64}
# - {name: pm_dec, unit: mas / yr, datatype: float64}
# - {name: radial_velocity, unit: km / s, datatype: float64}
# delimiter: ','
# meta: !!omap
# - __serialized_columns__:
#     dec:
#       __class__: astropy.coordinates.angles.Latitude
#       unit: &id001 !astropy.units.Unit {unit: deg}
#       value: !astropy.table.SerializedColumn {name: dec}
#     distance:
#       __class__: astropy.coordinates.distances.Distance
#       unit: !astropy.units.Unit {unit: kpc}
#       value: !astropy.table.SerializedColumn {name: distance}
#     pm_dec:
#       __class__: astropy.units.quantity.Quantity
#       unit: !astropy.units.Unit {unit: mas / yr}
#       value: !astropy.table.SerializedColumn {name: pm_dec}
#     pm_ra_cosdec:
#       __class__: astropy.units.quantity.Quantity
#       unit: !astropy.units.Unit {unit: mas / yr}
#       value: !astropy.table.SerializedColumn {name: pm_ra_cosdec}
#     ra:
#       __class__: astropy.coordinates.angles.Longitude
#       unit: *id001
#       value: !astropy.table.SerializedColumn {name: ra}
#       wrap_angle: !astropy.coordinates.Angle
#         unit: *id001
#         value: 360.0
#     radial_velocity:
#       __class__: astropy.units.quantity.Quantity
#       unit: !astropy.units.Unit {unit: km / s}
#       value: !astropy.table.SerializedColumn {name: radial_velocity}
# schema: astropy-2.0
ra,dec,distance,pm_ra_cosdec,pm_dec,radial_velocity
17.35023219248591,-25.248735227010766,24.839015182119635,-0.2594195426105514,-1.02178062084477,-4.210383564936169e-14
17.438639145530296,-25.294432226680996,24.758115505670823,-0.2565590818029,-1.0160865256197091,-1.6841534259744676e-14
17.526899798246124,-25.340311766188623,24.679808861644702,-0.2537387427952583,-1.0104487399640472,-3.368306851948935e-14
17.61501665399887,-25.386371700774415,24.604064770746906,-0.2509579119941127,-1.0048671677428664,-2.5262301389617013e-14
17.70299221358938,-25.43260988135856,24.530852753683092,-0.248215976150318,-0.9993417113996503,-3.368306851948935e-14
17.79082897526683,-25.47902415453179,24.460142331158895,-0.24551232235707574,-0.993872271957394,-1.6841534259744676e-14
17.878529434741917,-25.52561236254679,24.39190302387998,-0.24284633804791764,-0.9884587490196145,-1.6841534259744676e-14
17.966096085199286,-25.572372343309304,24.326104352551983,-0.2402174109947069,-0.9831010407712671,-2.5262301389617013e-14
18.053531417309824,-25.619301930369243,24.262715837880556,-0.23762492930563897,-0.977799043979557,-2.5262301389617013e-14
18.140837919242678,-25.666398952911827,24.20170700057134,-0.2350682814232551,-0.9725526539946511,-2.5262301389617013e-14
18.228018076676882,-25.71366123574861,24.143047361329995,-0.2325468561224603,-0.9673617647502929,-2.5262301389617013e-14
18.31507437281273,-25.761086599308523,24.08670644086215,-0.2300600425085472,-0.9622262687643118,-4.210383564936169e-14
18.402009288382743,-25.808672859628818,24.03265375987347,-0.22760723001522595,-0.957146057139032,-2.5262301389617013e-14
18.4888253016624,-25.856417828346004,23.980858839069587,-0.22518780840265806,-0.952121019561575,-3.368306851948935e-14
18.5755248884802,-25.904319312686578,23.931291199156163,-0.2228011677554929,-0.9471510443040625,-3.368306851948935e-14
18.662110522227962,-25.952375115458036,23.88392036083884,-0.22044669848090992,-0.9422360182237117,-2.5262301389617013e-14
18.748584673870116,-26.000583035039476,23.83871584482326,-0.21812379130666107,-0.9373758267628235,-2.5262301389617013e-14
18.834949811953013,-26.048940865372348,23.795647171815084,-0.21583183727911706,-0.9325703539486645,-3.368306851948935e-14
18.921208402613654,-26.09744639595104,23.754683862519936,-0.21357022776131496,-0.9278194823932444,-2.5262301389617013e-14
19.007362909588114,-26.146097411813454,23.715795437643493,-0.21133835443100757,-0.9231230932929751,-2.5262301389617013e-14
19.09341579421958,-26.19489169353158,23.67895141789138,-0.2091356092787115,-0.918481066428231,-2.5262301389617013e-14
19.179369515465666,-26.243827017201728,23.644121323969248,-0.20696138460576136,-0.9138932801627891,-2.5262301389617013e-14
19.265226529905885,-26.292901154435143,23.611274676582752,-0.2048150730223567,-0.9093596114431592,-3.368306851948935e-14
19.35098929174808,-26.342111872348127,23.580380996437537,-0.20269606744561564,-0.904879935797802,-3.368306851948935e-14
19.436660252834763,-26.391456933552334,23.551409804239253,-0.2006037610976255,-0.9004541273362296,-1.6841534259744676e-14
19.522241862648798,-26.440934096144847,23.524330620693537,-0.1985375475034939,-0.8960820587479903,-3.368306851948935e-14
19.60773656831873,-26.490541113698296,23.49911296650605,-0.19649682048939848,-0.8917636013015355,-3.368306851948935e-14
19.69314681462358,-26.540275735250802,23.475726362382424,-0.19448097418063898,-0.8874986248429695,-2.5262301389617013e-14
19.77847504399711,-26.5901357052959,23.45414032902832,-0.1924894029996852,-0.8832869977946747,-3.368306851948935e-14
19.863723696531643,-26.64011876377235,23.43432438714938,-0.19052150166422716,-0.8791285871538187,-2.5262301389617013e-14
19.948895209981163,-26.690222646053765,23.416248057451252,-0.1885766651852263,-0.875023258490737,-1.6841534259744676e-14
20.033992019764298,-26.740445082938415,23.399880860639588,-0.18665428886496088,-0.8709708759471888,-8.420767129872338e-15
20.119016558966276,-26.790783800638643,23.385192317420024,-0.18475376829507761,-0.8669713022344913,-2.5262301389617013e-14
20.203971258340573,-26.841236520770366,23.37215194849822,-0.18287449935464,-0.8630243986315195,-1.6841534259744676e-14
20.288858546310006,-26.891800960342394,23.360729274579814,-0.18101587820817777,-0.8591300249825842,-2.5262301389617013e-14
20.373680848967062,-26.942474831745688,23.350893816370462,-0.1791773013037366,-0.8552880396951715,-2.5262301389617013e-14
20.458440590073877,-26.993255842742546,23.3426150945758,-0.17735816537092985,-0.851498299737558,-1.6841534259744676e-14
20.543140191061195,-27.044141696455522,23.33586262990149,-0.17555786741899132,-0.8477606606362832,-1.6841534259744676e-14
20.62778207102728,-27.095130091356538,23.33060594305317,-0.1737758047348281,-0.8440749764734943,-3.368306851948935e-14
20.712368646735683,-27.14621872125562,23.326814554736483,-0.1720113748810781,-0.8404410998841474,-2.5262301389617013e-14
20.796902332612508,-27.197405275289608,23.32445798565709,-0.17026397569416835,-0.8368588820530742,-2.1051917824680846e-14
20.881385540743135,-27.248687437910796,23.323505756520632,-0.1685330052823779,-0.8333281727119057,-1.6841534259744676e-14
20.96582068086805,-27.300062888875395,23.323927388032743,-0.16681786202390392,-0.8298488201358527,-2.947268495455318e-14
21.050210160378146,-27.351529303231942,23.3256924008991,-0.16511794456493228,-0.8264206711403463,-3.368306851948935e-14
21.13455638430918,-27.403084351309527,23.32877031582532,-0.163432651817713,-0.823043571077528,-2.5262301389617013e-14
21.218861755335656,-27.454725698705953,23.333130653517074,-0.16176138295864192,-0.819717363832595,-2.1051917824680846e-14
21.30312867376365,-27.506451006275643,23.338742934679992,-0.16010353742635042,-0.8164418918199957,-3.368306851948935e-14
21.387359537523345,-27.558257930117716,23.345576680019736,-0.15845851491979845,-0.8132169959794737,-1.6841534259744676e-14
21.471556742160406,-27.610144121563575,23.353601410241946,-0.15682571539638074,-0.8100425157719613,-2.1051917824680846e-14
21.555722680826676,-27.66210722716461,23.362786646052264,-0.15520453907003895,-0.8069182891753142,-3.789345208442552e-14
21.639859744270108,-27.714144888679677,23.373101908156347,-0.15359438640938539,-0.8038441526798953,-2.1051917824680846e-14
21.72397032082385,-27.766254743062436,23.38451671725984,-0.15199465813583712,-0.8008199412839946,-8.420767129872338e-15
21.80805679639451,-27.81843442244865,23.397000594068388,-0.1504047552217631,-0.7978454884890958,-2.5262301389617013e-14
21.89212155444936,-27.870681554143104,23.41052305928764,-0.14882407888864463,-0.7949206262949751,-2.1051917824680846e-14
21.976166976003142,-27.92299376060677,23.42505363362324,-0.1472520306052471,-0.7920451851946417,-2.1051917824680846e-14
22.06019543960347,-27.975368659443458,23.440561837780848,-0.14568801208581306,-0.7892189941691085,-2.5262301389617013e-14
22.144209321315643,-28.02780386338655,23.457017192466093,-0.1441314252882661,-0.786441880682001,-2.947268495455318e-14
22.228210994706394,-28.080296980285485,23.474389218384637,-0.14258167241243774,-0.7837136706739922,-2.1051917824680846e-14
22.312202830826767,-28.132845613092115,23.492647436242116,-0.1410381558983097,-0.7810341885570714,-2.1051917824680846e-14
22.396187198194013,-28.18544735984697,23.51176136674419,-0.13950027842427898,-0.7784032572086365,-3.789345208442552e-14
22.48016646277256,-28.238099813665343,23.5317005305965,-0.13796744290544513,-0.7758206979654166,-2.5262301389617013e-14
22.564142987953776,-28.29080056272305,23.552434448504684,-0.13643905249192098,-0.773286330617216,-2.5262301389617013e-14
22.648119134535158,-28.34354719024244,23.57393264117441,-0.13491451056716613,-0.7707999734004805,-2.947268495455318e-14
22.732097260698044,-28.396337274477844,23.596164629311307,-0.13339322074635068,-0.7683614429916855,-2.1051917824680846e-14
22.81607972198453,-28.44916838870107,23.619099933621033,-0.13187458687474457,-0.7659705545005435,-4.210383564936169e-15
22.900068871273252,-28.502038101186706,23.64270807480924,-0.13035801302613798,-0.7636271214630259,-1.2631150694808506e-14
22.98406705875411,-28.554943975197244,23.66695857358156,-0.12884290350129224,-0.7613309558342042,-2.1051917824680846e-14
23.068076631901878,-28.607883568968084,23.69182095064365,-0.1273286628264248,-0.7590818679809014,-1.2631150694808506e-14
23.152099935448753,-28.660854435692364,23.717264726701156,-0.1258146957517287,-0.7568796666741581,-1.2631150694808506e-14
23.236139311355533,-28.713854123505467,23.74325942245972,-0.12430040724992948,-0.754724159081507,-1.6841534259744676e-14
23.3201970987821,-28.766880175469765,23.769774558624995,-0.12278520251487865,-0.7526151507590578,-2.1051917824680846e-14
23.404275634056287,-28.819930129558756,23.796779655902633,-0.12126848696019207,-0.7505524456433887,-1.2631150694808506e-14
23.488377250641783,-28.87300151864127,23.824244234998275,-0.11974966621792524,-0.7485358460432424,-2.5262301389617013e-14
23.57250427910475,-28.926091870465513,23.852137816617567,-0.1182281461372983,-0.746565152631028,-1.2631150694808506e-14
23.656659047079224,-28.979198707642794,23.88042992146617,-0.1167033327834638,-0.7446401644341221,-1.2631150694808506e-14
23.740843879231335,-29.032319547631307,23.90909007024972,-0.11517463243632581,-0.7427606788259762,-1.6841534259744676e-14
23.825061097222196,-29.08545190271955,23.938087783673858,-0.11364145158940786,-0.7409264915170172,-2.5262301389617013e-14
23.90931301966937,-29.138593280009587,23.96739258244424,-0.1121031969487762,-0.7391373965453487,-2.1051917824680846e-14
23.993601962107416,-29.19174118140034,23.996973987266507,-0.11055927543201491,-0.737393186267251,-1.6841534259744676e-14
24.077930236946745,-29.24489310357049,24.026801518846323,-0.10900909416726234,-0.7356936513474707,-1.2631150694808506e-14
24.162300153431268,-29.29804653796129,24.056844697889318,-0.10745206049230425,-0.7340385807493092,-2.1051917824680846e-14
24.24671401759468,-29.351198970759224,24.087073045101146,-0.105887581953732,-0.7324277617245004,-8.420767129872338e-15
24.331174132215363,-29.40434788287846,24.117456081187463,-0.10431506630616286,-0.7308609798028798,-4.210383564936169e-15
24.415682796769904,-29.457490749943158,24.1479633268539,-0.10273392151152902,-0.7293380187818446,-2.947268495455318e-14
24.500242307385182,-29.510625042269673,24.178564302806105,-0.10114355573843557,-0.7278586607156003,-1.2631150694808506e-14
24.58485495678885,-29.563748224848286,24.209228529749744,-0.09954337736159152,-0.7264226859041962,-2.1051917824680846e-14
24.669523034258766,-29.616857757325302,24.239925528390454,-0.09793279496131425,-0.7250298728823465,-1.6841534259744676e-14
24.754248825570528,-29.669951093984444,24.270624819433877,-0.09631121732311206,-0.7236799984080364,-8.420767129872338e-15
24.839034612943703,-29.723025683728398,24.301295923585666,-0.09467805343734821,-0.7223728374509115,-1.2631150694808506e-14
24.923882674986494,-29.77607897006007,24.33190836155147,-0.09303271249898488,-0.7211081631804521,-1.6841534259744676e-14
25.008795286638907,-29.829108391063702,24.362431654036925,-0.09137460390741561,-0.7198857469539268,-1.2631150694808506e-14
25.093774719114325,-29.882111379385798,24.392835321747693,-0.08970313726638533,-0.7187053583041298,-4.210383564936169e-15
25.178823239839573,-29.935085362215965,24.42308888538942,-0.08801772238399962,-0.717566764926897,-4.210383564936169e-15
25.263943112393086,-29.988027761267375,24.45316186566774,-0.08631776927283373,-0.716469732668402,-4.210383564936169e-15
25.349136596442058,-30.040935992757426,24.48302378328832,-0.08460268815013124,-0.7154140255122305,-1.2631150694808506e-14
25.43440594767736,-30.093807467387872,24.5126441589568,-0.08287188943810941,-0.7143994055662344,-8.420767129872338e-15
25.519753417747115,-30.146639590325,24.54199251337882,-0.0811247837643649,-0.7134256330491603,-1.2631150694808506e-14
25.60518125418847,-30.199429761179577,24.57103836726003,-0.07936078196238598,-0.712492466277058,-2.5262301389617013e-14
25.69069170035782,-30.252175373986667,24.599751241306073,-0.07757929507217487,-0.7115996616494644,0.0
25.776286995359136,-30.304873817185243,24.628100656222617,-0.07577973434098234,-0.7107469736353613,-1.2631150694808506e-14
25.8619693739707,-30.357522473597747,24.656056132715285,-0.07396151122415806,-0.7099341547589146,-1.2631150694808506e-14
25.947741066569993,-30.41011872040932,24.683587191489742,-0.07212403738612064,-0.7091609555849806,-2.1051917824680846e-14
26.03360429905691,-30.462659929147094,24.710663353251626,-0.07026672470144965,-0.7084271247043956,-1.2631150694808506e-14
26.119561292775103,-30.51514346565916,24.73725413870659,-0.0683889852561034,-0.707732408719036,-1.2631150694808506e-14
26.205614264431546,-30.567566690093493,24.76332906856027,-0.06649023134876583,-0.7070765522266542,-8.420767129872338e-15
26.29176542601424,-30.619926956876647,24.788857663518332,-0.06456987549232601,-0.7064592978054907,-1.2631150694808506e-14
26.378016984708164,-30.672221614692425,24.813809444286413,-0.06262733041549409,-0.7058803859986593,-1.2631150694808506e-14
26.46437114280924,-30.724448006460282,24.838153931570154,-0.06066200906455572,-0.705339555298312,-1.6841534259744676e-14
26.550830097636496,-30.77660346931368,24.861860646075215,-0.05867332460527025,-0.7048365421295733,-1.6841534259744676e-14
26.637396041442322,-30.828685334578292,24.884899108507234,-0.056660690424914895,-0.7043710808342558,0.0
26.724071161320733,-30.88069092775001,24.907238839571864,-0.05462352013447982,-0.703942903654351,-8.420767129872338e-15
26.810857639113813,-30.93261756847295,24.928849359974752,-0.0525612275710165,-0.703551740715295,-1.2631150694808506e-14
26.89775765131612,-30.984462570517234,24.949700190421538,-0.05047322680014299,-0.7031973200090155,-1.6841534259744676e-14
26.98477336897713,-31.036223241756687,24.969760851617885,-0.04835893211871148,-0.7028793673767536,-4.210383564936169e-15
27.071906957601705,-31.087896884146375,24.989000864269425,-0.04621775805763975,-0.7025976064916686,-1.6841534259744676e-14
27.15916057704859,-31.13948079370016,25.007389749081817,-0.04404911938491188,-0.7023517588412198,-1.2631150694808506e-14
27.24653638142679,-31.19097226046797,25.024897026760698,-0.041852431108750476,-0.7021415437093315,-1.6841534259744676e-14
27.334036518990015,-31.242368568513108,25.041492218011722,-0.03962710848096615,-0.7019666781583408,-1.6841534259744676e-14
27.421663132029014,-31.29366699588937,25.05714484354054,-0.0373725670004868,-0.7018268770107265,-1.2631150694808506e-14
27.509418356761824,-31.34486481461815,25.071824424052785,-0.035088222417069825,-0.701721852830628,-4.210383564936169e-15
27.597304323221984,-31.39595929066536,25.085500480254126,-0.032773490735203664,-0.7016513159051436,-1.2631150694808506e-14
27.68532315514461,-31.446947683918356,25.098142532850193,-0.030427788218199997,-0.7016149742254258,-1.6841534259744676e-14
27.773476969850314,-31.49782724816275,25.109720102546635,-0.028050531392482037,-0.701612533467558,-1.6841534259744676e-14
27.86176787812713,-31.548595231059092,25.120202710049107,-0.025641137052072882,-0.7016436969732293,-1.6841534259744676e-14
27.950197984110105,-31.599248874119596,25.129559876063254,-0.023199022263286795,-0.7017081657301988,-1.6841534259744676e-14
28.03876938515889,-31.64978541268468,25.137761121294716,-0.020723604369628,-0.7018056383525589,-2.5262301389617013e-14
28.127484171733034,-31.70020207589958,25.144775966449156,-0.0182143009969028,-0.7019358110607936,-8.420767129872338e-15
28.21634442726523,-31.750496086690756,25.150573932232202,-0.015670530058544713,-0.7020983776616393,-8.420767129872338e-15
28.305352228032184,-31.800664661742413,25.155124539349522,-0.01309170976116289,-0.7022930295277472,-1.6841534259744676e-14
28.39450964302345,-31.85070501147289,25.158397308506746,-0.010477258610310902,-0.7025194555771518,-2.1051917824680846e-14
28.4838187338079,-31.900614340010993,25.160361760409533,-0.007826595416485532,-0.7027773422525458,-1.2631150694808506e-14
28.573281554398058,-31.9503898451724,25.160987415763522,-0.005139139301357676,-0.7030663735003688,4.210383564936169e-15
