galstreams/tracks/track.st.Ophiuchus.caldwell2020.ecsv
# %ECSV 0.9
# ---
# datatype:
# - {name: ra, unit: deg, datatype: float64}
# - {name: dec, unit: deg, datatype: float64}
# - {name: distance, unit: kpc, datatype: float64}
# - {name: pm_ra_cosdec, unit: mas / yr, datatype: float64}
# - {name: pm_dec, unit: mas / yr, datatype: float64}
# - {name: radial_velocity, unit: km / s, datatype: float64}
# delimiter: ','
# meta: !!omap
# - __serialized_columns__:
#     dec:
#       __class__: astropy.coordinates.angles.Latitude
#       unit: &id001 !astropy.units.Unit {unit: deg}
#       value: !astropy.table.SerializedColumn {name: dec}
#     distance:
#       __class__: astropy.coordinates.distances.Distance
#       unit: !astropy.units.Unit {unit: kpc}
#       value: !astropy.table.SerializedColumn {name: distance}
#     pm_dec:
#       __class__: astropy.units.quantity.Quantity
#       unit: !astropy.units.Unit {unit: mas / yr}
#       value: !astropy.table.SerializedColumn {name: pm_dec}
#     pm_ra_cosdec:
#       __class__: astropy.units.quantity.Quantity
#       unit: !astropy.units.Unit {unit: mas / yr}
#       value: !astropy.table.SerializedColumn {name: pm_ra_cosdec}
#     ra:
#       __class__: astropy.coordinates.angles.Longitude
#       unit: *id001
#       value: !astropy.table.SerializedColumn {name: ra}
#       wrap_angle: !astropy.coordinates.Angle
#         unit: *id001
#         value: 360.0
#     radial_velocity:
#       __class__: astropy.units.quantity.Quantity
#       unit: !astropy.units.Unit {unit: km / s}
#       value: !astropy.table.SerializedColumn {name: radial_velocity}
# schema: astropy-2.0
ra,dec,distance,pm_ra_cosdec,pm_dec,radial_velocity
[from data line 139]
242.41894920762618,-6.818951931916719,8.333333333333334,-5.6630849784073085,-4.516813386708417,1.221011233831489e-13
242.42910999229107,-6.818721509442809,8.333333333333334,-5.671875337295863,-4.514719669378259,-7.578690416885104e-14
242.43926897595009,-6.818503629189753,8.333333333333332,-5.680682400567912,-4.512619535883533,1.2631150694808508e-13
242.44942619137368,-6.818298063583888,8.333333333333334,-5.689506504258429,-4.510513942280445,1.642049590325106e-13
242.4595816707451,-6.818104589090514,8.333333333333334,-5.698347971687506,-4.508403828446191,2.020984111169361e-13
242.46973544566526,-6.817922986188356,8.333333333333334,-5.707207113553336,-4.5062901181697725,5.0524602779234026e-14
242.47988754715593,-6.81775303934394,8.333333333333332,-5.716084228025229,-4.50417371924279,1.8104649329225526e-13
242.49003800566436,-6.817594536985974,8.333333333333332,-5.724979600836557,-4.50205552355028,2.315710960714893e-13
242.5001868510672,-6.817447271479795,8.333333333333334,-5.733893505377742,-4.499936407161538,-2.5262301389617013e-14
242.51033411267414,-6.81731103910175,8.333333333333332,-5.742826202789209,-4.497817230420975,1.347322740779574e-13
242.52047981923258,-6.817185640013603,8.333333333333334,-5.751777942054305,-4.495698838038966,-7.578690416885104e-14
242.53062399893076,-6.81707087823692,8.333333333333332,-5.760748960092261,-4.4935820591827245,-8.420767129872338e-15
242.5407666794027,-6.816966561627496,8.333333333333334,-5.769739481851086,-4.491467707567176,2.947268495455318e-14
242.55090788773165,-6.816872501849755,8.333333333333334,-5.778749720400487,-4.489356581545856,9.262843842859572e-14
242.56104765045413,-6.816788514351118,8.333333333333332,-5.787779877024756,-4.487249464201804,-4.210383564936169e-14
242.57118599356397,-6.816714418336445,8.333333333333334,-5.7968301413156595,-4.485147123438485,9.683882199353189e-14
242.58132294251652,-6.816650036742413,8.333333333333334,-5.805900691265305,-4.483050312070716,1.0525958912340423e-13
242.59145852223224,-6.816595196211903,8.333333333333334,-5.814991693359005,-4.480959767915587,1.0525958912340423e-13
242.60159275710103,-6.816549727068434,8.333333333333332,-5.824103302668133,-4.478876213883425,2.315710960714893e-13
242.6117256709861,-6.816513463290532,8.333333333333334,-5.833235662942942,-4.47680035806875,5.894536990910637e-14
242.62185728722787,-6.816486242486144,8.333333333333334,-5.842388906705411,-4.474732893841238,-5.894536990910637e-14
242.63198762864783,-6.816467905867007,8.333333333333334,-5.851563155342056,-4.472674499936701,-5.4734986344170195e-14
242.64211671755297,-6.816458298223092,8.333333333333334,-5.860758519196725,-4.470625840548089,-8.420767129872338e-15
242.65224457573936,-6.816457267896974,8.333333333333334,-5.869975097663405,-4.468587565416489,1.0104920555846805e-13
242.66237122449613,-6.816464666758194,8.333333333333334,-5.879212979278986,-4.466560309922133,9.262843842859572e-14
242.67249668460957,-6.81648035017773,8.333333333333332,-5.8884722418160464,-4.464544695175434,5.894536990910637e-14
242.68262097636713,-6.816504177002341,8.333333333333332,-5.897752952375617,-4.462541328108016,5.894536990910637e-14
242.69274411956104,-6.816536009528948,8.333333333333334,-5.907055167479902,-4.460550801563758,-4.210383564936169e-14
242.70286613349268,-6.816575713479082,8.333333333333332,-5.916378933165064,-4.458573694389868,5.894536990910637e-14
242.7129870369763,-6.816623157973239,8.333333333333334,-5.925724285073896,-4.456610571527935,2.2315032894161697e-13
242.72310684834306,-6.816678215505267,8.333333333333332,-5.935091248548579,-4.454661984105026,2.1051917824680846e-14
242.73322558544476,-6.816740761916794,8.333333333333332,-5.944479838723372,-4.452728469524763,7.999728773378721e-14
242.74334326565813,-6.816810676371588,8.333333333333332,-5.953890060617297,-4.4508105515584395,8.420767129872338e-15
242.7534599058884,-6.8168878413299705,8.333333333333332,-5.963321909226844,-4.448908740436125,1.0104920555846805e-13
242.76357552257352,-6.816972142523181,8.333333333333332,-5.972775369618623,-4.447023532937799,1.3894265764289357e-13
242.77369013168789,-6.817063468927799,8.333333333333332,-5.982250417022034,-4.445155412484479,1.1789073981821273e-13
242.7838037487465,-6.817161712740129,8.333333333333334,-5.99174701692192,-4.443304849229378,8.841805486365955e-14
242.79391638880844,-6.817266769350554,8.333333333333334,-6.001265125151209,-4.441472300149048,1.8104649329225526e-13
242.80402806648144,-6.81737853731798,8.333333333333334,-6.0108046879835255,-4.439658209134572,-1.2631150694808506e-14
242.81413879592515,-6.817496918344195,8.333333333333332,-6.020365642225836,-4.437863007082722,1.6841534259744677e-13
242.82424859085546,-6.81762181724824,8.333333333333332,-6.029947915311036,-4.436087111987161,1.2631150694808508e-13
242.8343574645483,-6.817753141940836,8.333333333333334,-6.0395514253905525,-4.4343309290296515,1.2631150694808508e-13
242.8444654298436,-6.817890803398767,8.333333333333334,-6.049176081426943,-4.43259485067126,7.157652060391487e-14
242.85457249914884,-6.818034715639219,8.333333333333332,-6.058821783286448,-4.430879256743586,7.578690416885104e-14
242.86467868444353,-6.8181847956942345,8.333333333333332,-6.068488421831575,-4.4291845145399975,4.210383564936169e-15
242.87478399728263,-6.81834096358505,8.333333333333334,-6.078175879013647,-4.42751097890688,2.73674931720851e-13
242.88488844880084,-6.818503142296514,8.333333333333332,-6.0878840279653454,-4.4258589923348985,2.3999186320136165e-13
242.894992049716,-6.818671257751433,8.333333333333332,-6.097612733093242,-4.42422888505025,1.9367764398706378e-13
242.90509481033337,-6.818845238785,8.333333333333334,-6.1073618501703235,-4.422620975105967,-3.368306851948935e-14
242.91519674054936,-6.8190250171191655,8.333333333333334,-6.11713122642851,-4.4210355684731955,2.3578147963642546e-13
242.92529784985553,-6.819210527336993,8.333333333333332,-6.126920700651142,-4.419472959132501,-8.420767129872338e-15
242.93539814734214,-6.819401706857084,8.333333333333334,-6.136730103265477,-4.417933429165177,-3.368306851948935e-14
242.9454976417026,-6.819598495907948,8.333333333333332,-6.146559256435186,-4.416417248844583,-3.789345208442552e-14
242.95559634123657,-6.819800837502361,8.333333333333334,-6.156407974152792,-4.414924676727467,1.3894265764289357e-13
242.9656942538547,-6.820008677411778,8.333333333333334,-6.1662760623321535,-4.413455959745324,-3.789345208442552e-14
242.97579138708173,-6.820221964140726,8.33333333333333,-6.176163318900908,-4.412011333295746,6.73661370389787e-14
242.98588774806072,-6.820440648901118,8.333333333333332,-6.1860695338928995,-4.4105910213337935,1.347322740779574e-13
242.99598334355696,-6.82066468558672,8.333333333333336,-6.195994489540618,-4.4091952364633835,-3.368306851948935e-14
243.0060781799616,-6.82089403074748,8.333333333333332,-6.205937960367613,-4.407824180028673,7.999728773378721e-14
243.01617226329574,-6.821128643563926,8.333333333333334,-6.215899713280891,-4.406478042205464,7.157652060391487e-14
243.026265599214,-6.821368485821514,8.333333333333332,-6.22587950766333,-4.405157002092619,6.315575347404254e-14
243.03635819300862,-6.821613521885069,8.333333333333334,-6.235877095466038,-4.403861227803493,1.0946997268834039e-13
243.04645004961324,-6.8218637186731135,8.333333333333332,-6.245892221300755,-4.40259087655736,9.683882199353189e-14
243.05654117360658,-6.822119045632245,8.333333333333334,-6.255924622532189,-4.401346094770862,-5.0524602779234026e-14
243.06663156921633,-6.822379474711557,8.333333333333332,-6.2659740293704,-4.400127018149479,1.9788802755199994e-13
243.0767212403234,-6.822644980336979,8.333333333333334,-6.2760401649631135,-4.3989337717789905,1.1789073981821273e-13
243.086810190465,-6.8229155393856535,8.333333333333332,-6.286122745488072,-4.397766470216961,9.262843842859572e-14
243.09689842283902,-6.823191131160328,8.333333333333334,-6.296221480245347,-4.39662521758423,1.347322740779574e-13
243.1069859403078,-6.8234717373637475,8.333333333333334,-6.306336071749648,-4.3955101076564205,9.683882199353189e-14
243.11707274540157,-6.823757342072972,8.333333333333334,-6.316466215822637,-4.394421223955453,8.841805486365955e-14
243.1271588403228,-6.824047931713817,8.333333333333334,-6.326611601685198,-4.393358639841077,7.157652060391487e-14
243.13724422694955,-6.824343495035189,8.333333333333332,-6.336771912049734,-4.392322418602397,2.6525416459097863e-13
243.14732890683976,-6.8246440230834855,8.333333333333332,-6.3469468232124155,-4.391312613549443,2.694645481559148e-13
243.15741288123445,-6.824949509176923,8.333333333333334,-6.357136005145458,-4.3903292681047095,1.515738083377021e-13
243.16749615106195,-6.8252599488799754,8.333333333333332,-6.367339121589363,-4.389372415894748,1.642049590325106e-13
243.17757871694178,-6.825575339977705,8.333333333333334,-6.377555830145138,-4.388442080841735,1.8104649329225526e-13
243.18766057918802,-6.825895682450129,8.333333333333334,-6.387785782366551,-4.3875382772550795,1.0946997268834039e-13
243.19774173781346,-6.826220978446624,8.333333333333334,-6.398028623852321,-4.386661009923023,1.4736342477276593e-13
243.20782219253334,-6.826551232260284,8.333333333333332,-6.4082839943383325,-4.385810274204267,2.1051917824680845e-13
243.21790194276898,-6.826886450302261,8.333333333333334,-6.418551527789823,-4.384986056119587,1.2631150694808508e-13
243.22798098765173,-6.827226641076197,8.333333333333334,-6.428830852493581,-4.384188332443486,4.210383564936169e-14
243.23805932602662,-6.827571815152548,8.333333333333332,-6.439121591150096,-4.38341707079585,2.020984111169361e-13
243.24813695645625,-6.827921985142953,8.333333333333334,-6.449423360965737,-4.382672229733603,2.1472956181174462e-13
243.25821387722453,-6.828277165674638,8.333333333333332,-6.459735773744894,-4.381953758842389,1.4315304120782974e-13
243.2682900863404,-6.828637373364756,8.333333333333332,-6.470058435982121,-4.381261598828254,2.1893994537668078e-13
243.27836558154178,-6.829002626794775,8.333333333333332,-6.480390948954263,-4.380595681609356,5.0524602779234026e-14
243.28844036029886,-6.829372946484806,8.333333333333334,-6.490732908812577,-4.3799559304076565,1.894672604221276e-13
243.29851441981856,-6.829748354868035,8.333333333333334,-6.501083906674838,-4.379342259840668,1.3894265764289357e-13
243.30858775704786,-6.830128876265041,8.333333333333332,-6.511443528717434,-4.378754576013174,2.947268495455318e-14
243.3186603686773,-6.830514536858169,8.333333333333334,-6.52181135626745,-4.378192776608956,1.4315304120782974e-13
243.3287322511455,-6.830905364665919,8.333333333333332,-6.532186965894751,-4.377656750982592,-8.420767129872338e-15
243.3388034006422,-6.8313013895173045,8.333333333333334,-6.542569929504036,-4.37714638025119,8.841805486365955e-14
243.34887381311233,-6.831702643026184,8.333333333333334,-6.552959814426899,-4.376661537386183,8.420767129872338e-14
243.3589434842597,-6.83210915856568,8.333333333333332,-6.563356183513864,-4.376202087305121,1.5578419190263825e-13
243.3690124095508,-6.8325209712425155,8.333333333333334,-6.573758595226415,-4.3757678869634695,1.4736342477276593e-13
243.37908058421834,-6.832938117871364,8.333333333333332,-6.584166603729036,-4.375358785446432,1.221011233831489e-13
243.3891480032652,-6.833360636949242,8.333333333333332,-6.59457975898119,-4.374974624060768,2.1051917824680846e-14
243.39921466146808,-6.833788568629861,8.33333333333333,-6.604997606829339,-4.374615236426636,-4.210383564936169e-15
243.40928055338122,-6.834221954697997,8.333333333333332,-6.615419689098926,-4.374280448569448,5.4734986344170195e-14
243.41934567334008,-6.834660838543821,8.333333333333332,-6.625845543686345,-4.3739700790117295,7.999728773378721e-14
243.42941001546515,-6.83510526513731,8.33333333333333,-6.636274704650919,-4.373683938864988,6.73661370389787e-14
243.43947357366577,-6.835555281002581,8.33333333333333,-6.646706702306844,-4.373421831921605,-3.789345208442552e-14
243.4495363416433,-6.8360109341922355,8.333333333333332,-6.657141063315128,-4.373183554746728,3.368306851948935e-14
243.45959831289565,-6.836472274261763,8.333333333333332,-6.6675773107755445,-4.372968896770193,1.0946997268834039e-13
243.4696594807205,-6.836939352243884,8.333333333333332,-6.67801496431853,-4.372777640378431,-5.4734986344170195e-14
243.4797198382188,-6.837412220622869,8.333333333333332,-6.6884535401971075,-4.372609561006398,-4.210383564936169e-14
243.48977937829898,-6.8378909333089695,8.33333333333333,-6.69889255137878,-4.372464427229541,2.48412630331234e-13
243.49983809368055,-6.838375545612734,8.33333333333333,-6.709331507637421,-4.372342000855737,2.1051917824680845e-13
243.50989597689733,-6.838866114219351,8.333333333333332,-6.719769915645152,-4.37224203701726,2.3578147963642546e-13
243.51995302030173,-6.839362697163055,8.333333333333332,-6.730207279064205,-4.372164284262781,1.0525958912340423e-13
243.53000921606804,-6.83986535380145,8.33333333333333,-6.740643098638781,-4.372108484649333,8.420767129872338e-15
243.54006455619634,-6.840374144789877,8.33333333333333,-6.751076872286884,-4.37207437383434,1.9367764398706378e-13
243.5501190325161,-6.84088913205576,8.333333333333329,-6.76150809519217,-4.372061681167618,-4.210383564936169e-15
243.56017263668983,-6.841410378772979,8.33333333333333,-6.7719362598957495,-4.372070129783405,-1.0525958912340423e-13
243.57022536021682,-6.841937949336228,8.333333333333332,-6.782360856388012,-4.372099436692409,7.157652060391487e-14
243.5802771944367,-6.842471909335335,8.333333333333332,-6.792781372200411,-4.372149312873852,2.020984111169361e-13
243.59032813053335,-6.8430123255296635,8.33333333333333,-6.803197292497263,-4.372219463367537,3.368306851948935e-14
243.60037815953834,-6.84355926582245,8.33333333333333,-6.813608100167509,-4.372309587365919,9.683882199353189e-14
243.6104272723345,-6.844112799235128,8.333333333333332,-6.824013275916502,-4.372419378306203,1.894672604221276e-13
243.62047545966004,-6.8446729958817345,8.33333333333333,-6.834412298357735,-4.372548523962438,3.789345208442552e-14
243.63052271211174,-6.845239926943232,8.33333333333333,-6.844804644104597,-4.37269670653762,1.6841534259744677e-13
243.6405690201487,-6.845813664641845,8.333333333333332,-6.855189787862102,-4.3728636027558325,1.0525958912340423e-13
243.65061437409616,-6.846394282215457,8.33333333333333,-6.865567202518605,-4.373048883954378,9.262843842859572e-14
243.66065876414913,-6.846981853891929,8.333333333333332,-6.87593635923751,-4.373252216175907,8.841805486365955e-14
243.67070218037586,-6.847576454863468,8.333333333333332,-6.8862967275489755,-4.373473260260608,2.3578147963642546e-13
243.68074461272155,-6.848178161260953,8.33333333333333,-6.896647775441583,-4.373711671938355,8.420767129872338e-14
243.690786051012,-6.848787050128316,8.333333333333332,-6.906988969454016,-4.373967101920906,2.6525416459097863e-13
243.70082648495745,-6.849403199396885,8.33333333333333,-6.917319774766739,-4.374239195994093,1.347322740779574e-13
243.71086590415575,-6.850026687859706,8.33333333333333,-6.927639655293619,-4.374527595110026,3.368306851948935e-14
243.7209042980964,-6.850657595145932,8.333333333333332,-6.937948073773592,-4.37483193547932,1.1368035625327657e-13
243.73094165616408,-6.8512960016951565,8.33333333333333,-6.948244491862279,-4.375151848663332,2.610437810260425e-13
243.74097796764215,-6.8519419887317365,8.333333333333332,-6.958528370223587,-4.37548696166639,-8.420767129872338e-15
243.75101322171628,-6.852595638239182,8.33333333333333,-6.968799168621349,-4.375836897028057,8.420767129872338e-15
243.7610474074782,-6.853257032934482,8.33333333333333,-6.979056346010881,-4.376201272915406,2.5262301389617013e-14
243.77108051392935,-6.853926256242455,8.33333333333333,-6.989299360630588,-4.3765797032152935,6.315575347404254e-14
243.78111252998409,-6.854603392270075,8.33333333333333,-6.999527670093525,-4.376971797626647,1.0946997268834039e-13
243.79114344447382,-6.855288525780861,8.333333333333332,-7.009740731478949,-4.377377161752782,2.7788531528578715e-13
