galstreams/tracks/track.st.LMS-1.yuan2020.ecsv
# %ECSV 1.0
# ---
# datatype:
# - {name: ra, unit: deg, datatype: float64}
# - {name: dec, unit: deg, datatype: float64}
# - {name: distance, unit: kpc, datatype: float64}
# - {name: pm_ra_cosdec, unit: mas / yr, datatype: float64}
# - {name: pm_dec, unit: mas / yr, datatype: float64}
# - {name: radial_velocity, unit: km / s, datatype: float64}
# delimiter: ','
# meta: !!omap
# - __serialized_columns__:
#     dec:
#       __class__: astropy.coordinates.angles.Latitude
#       unit: &id001 !astropy.units.Unit {unit: deg}
#       value: !astropy.table.SerializedColumn {name: dec}
#     distance:
#       __class__: astropy.coordinates.distances.Distance
#       unit: !astropy.units.Unit {unit: kpc}
#       value: !astropy.table.SerializedColumn {name: distance}
#     pm_dec:
#       __class__: astropy.units.quantity.Quantity
#       unit: !astropy.units.Unit {unit: mas / yr}
#       value: !astropy.table.SerializedColumn {name: pm_dec}
#     pm_ra_cosdec:
#       __class__: astropy.units.quantity.Quantity
#       unit: !astropy.units.Unit {unit: mas / yr}
#       value: !astropy.table.SerializedColumn {name: pm_ra_cosdec}
#     ra:
#       __class__: astropy.coordinates.angles.Longitude
#       unit: *id001
#       value: !astropy.table.SerializedColumn {name: ra}
#       wrap_angle: !astropy.coordinates.Angle
#         unit: *id001
#         value: 360.0
#     radial_velocity:
#       __class__: astropy.units.quantity.Quantity
#       unit: !astropy.units.Unit {unit: km / s}
#       value: !astropy.table.SerializedColumn {name: radial_velocity}
# schema: astropy-2.0
ra,dec,distance,pm_ra_cosdec,pm_dec,radial_velocity
[from data line 11440]
264.12907950841793,25.061373484640797,18.13521024860105,0.8892880102092364,-2.051233679975402,-165.42712951088862
264.1400216270434,25.057821891523655,18.135364544191248,0.8894497555010616,-2.051616159558823,-165.45301970993893
264.1509629558069,25.054268671940306,18.135518981060784,0.8896114094660434,-2.051998757688366,-165.47890226988847
264.16190349439603,25.050713826266534,18.13567355919929,0.8897729720781689,-2.052381474330363,-165.5047771878214
264.1728432424985,25.04715735487834,18.135828278596332,0.8899344433114555,-2.052764309451115,-165.53064446082058
264.18378219980224,25.043599258151872,18.13598313924139,0.8900958231399485,-2.053147263016899,-165.55650408596765
264.1947203659956,25.04003953646349,18.136138141123887,0.8902571115377241,-2.05353033499396,-165.58235606034273
264.2056577407671,25.03647819018971,18.136293284233147,0.8904183084788888,-2.0539135253485226,-165.60820038102477
264.21659432380557,25.032915219707256,18.136448568558453,0.8905794139375788,-2.054296834046776,-165.63403704509116
264.22753011480023,25.029350625393022,18.136603994088986,0.8907404278879593,-2.054680261054888,-165.65986604961807
264.23846511344027,25.025784407624062,18.13675956081387,0.8909013503042237,-2.0550638063389974,-165.68568739168026
264.2493993194155,25.02221656677765,18.136915268722156,0.8910621811605987,-2.0554474698652156,-165.71150106835154
264.26033273241575,25.01864710323122,18.137071117802808,0.8912229204313395,-2.0558312515996264,-165.73730707670387
264.2712653521312,25.015076017362382,18.13722710804473,0.891383568090729,-2.056215151508287,-165.76310541380823
264.28219717825243,25.011503309548953,18.137383239436744,0.8915441241130835,-2.0565991695572285,-165.78889607673386
264.2931282104701,25.00792898016891,18.137539511967606,0.8917045884727458,-2.0569833057124502,-165.81467906254917
264.3040584484753,25.0043530296004,18.137695925625987,0.8918649611440918,-2.05736755993993,-165.84045436832076
264.3149878919593,25.000775458221785,18.137852480400497,0.8920252421015239,-2.057751932205617,-165.86622199111437
264.3259165406136,24.997196266411592,18.13800917627966,0.8921854313194778,-2.0581364224754295,-165.891981927994
264.3368443941302,24.9936154545485,18.13816601325195,0.8923455287724154,-2.058521030715263,-165.91773417602235
264.3477714522011,24.99003302301143,18.138322991305728,0.8925055344348323,-2.058905756890985,-165.94347873226113
264.3586977145187,24.986448972179435,18.138480110429313,0.8926654482812529,-2.059290600968435,-165.96921559377017
264.36962318077565,24.982863302431767,18.138637370610944,0.8928252702862286,-2.059675562913423,-165.9949447576085
264.38054785066504,24.979276014147857,18.13879477183878,0.8929850004243458,-2.060060642691737,-166.0206662208334
264.39147172387993,24.97568710770731,18.138952314100905,0.8931446386702162,-2.0604458402691352,-166.04637998050106
264.4023948001139,24.972096583489915,18.13910999738534,0.8933041849984846,-2.0608311556113486,-166.07208603366627
264.4133170790607,24.968504441875652,18.13926782168001,0.8934636393838248,-2.061216588684082,-166.0977843773822
264.4242385604143,24.964910683244668,18.139425786972804,0.8936230018009402,-2.0616021394530115,-166.12347500870115
264.4351592438691,24.961315307977305,18.139583893251498,0.8937822722245659,-2.0619878078837885,-166.1491579246738
264.44607912911965,24.95771831645406,18.139742140503813,0.8939414506294635,-2.0623735939420356,-166.17483312234947
264.4569982158609,24.95411970905564,18.139900528717398,0.8941005369904299,-2.062759497593348,-166.20050059877622
264.46791650378793,24.950519486162904,18.140059057879817,0.8942595312822885,-2.063145518803297,-166.2261603510008
264.47883399259615,24.946917648156916,18.140217727978573,0.8944184334798914,-2.0635316575374247,-166.25181237606847
264.4897506819812,24.943314195418914,18.140376539001082,0.8945772435581251,-2.0639179137612444,-166.27745667102326
264.50066657163916,24.9397091283303,18.140535490934695,0.8947359614919039,-2.064304287440246,-166.30309323290777
264.51158166126623,24.93610244727267,18.14069458376668,0.8948945872561729,-2.064690778539891,-166.3287220587634
264.52249595055895,24.932494152627797,18.140853817484253,0.8950531208259063,-2.0650773870256134,-166.35434314562994
264.53340943921404,24.92888424477763,18.14101319207452,0.8952115621761094,-2.0654641128628213,-166.37995649054625
264.54432212692865,24.925272724104317,18.141172707524547,0.8953699112818168,-2.0658509560168947,-166.40556209054938
264.5552340134001,24.921659590990153,18.1413323638213,0.8955281681180955,-2.0662379164531886,-166.43115994267527
264.56614509832593,24.918044845817633,18.141492160951685,0.8956863326600395,-2.066624994137029,-166.45675004395858
264.57705538140414,24.91442848896944,18.14165209890254,0.8958444048827761,-2.067012189033715,-166.48233239143252
264.5879648623328,24.910810520828406,18.141812177660604,0.8960023847614602,-2.0673995011085227,-166.50790698212884
264.59887354081053,24.907190941777568,18.141972397212573,0.8961602722712803,-2.067786930326696,-166.53347381307822
264.6097814165359,24.903569752200134,18.14213275754504,0.8963180673874516,-2.0681744766534567,-166.5590328813097
264.6206884892079,24.899946952479493,18.142293258644543,0.8964757700852208,-2.0685621400539946,-166.584584183851
264.63159475852586,24.896322542999215,18.142453900497543,0.8966333803398665,-2.0689499204934783,-166.61012771772886
264.64250022418935,24.892696524143048,18.142614683090404,0.8967908981266965,-2.069337817937047,-166.63566347996817
264.65340488589817,24.8890688962949,18.142775606409455,0.8969483234210487,-2.069725832349813,-166.6611914675927
264.66430874335236,24.88543965983889,18.14293667044092,0.8971056561982914,-2.0701139636968597,-166.68671167762497
264.6752117962524,24.881808815159296,18.14309787517096,0.8972628964338231,-2.070502211943251,-166.71222410708586
264.68611404429885,24.87817636264058,18.143259220585655,0.8974200441030737,-2.070890577054014,-166.73772875299534
264.6970154871927,24.874542302667386,18.14342070667103,0.897577099181502,-2.0712790589941563,-166.76322561237137
264.70791612463506,24.87090663562453,18.143582333412994,0.8977340616445996,-2.071667657728659,-166.78871468223142
264.71881595632755,24.86726936189699,18.143744100797438,0.8978909314678851,-2.072056373222472,-166.81419595959065
264.7297149819718,24.863630481869965,18.143906008810127,0.8980477086269112,-2.0724452054405202,-166.83966944146366
264.74061320127,24.859989995928803,18.144068057436783,0.8982043930972584,-2.072834154347705,-166.8651351248632
264.7515106139242,24.856347904459025,18.14423024666304,0.898360984854538,-2.0732232199088965,-166.89059300680097
264.76240721963717,24.852704207846358,18.144392576474452,0.8985174838743938,-2.073612402088942,-166.91604308428703
264.77330301811173,24.84905890647668,18.144555046856524,0.8986738901324978,-2.074001700852658,-166.94148535433038
264.78419800905107,24.845412000736054,18.144717657794658,0.8988302036045543,-2.0743911161648407,-166.96691981393835
264.7950921921585,24.841763491010727,18.144880409274197,0.8989864242662962,-2.0747806479902526,-166.99234646011732
264.8059855671378,24.838113377687126,18.145043301280396,0.8991425520934886,-2.075170296293634,-167.01776528987185
264.81687813369285,24.834461661151852,18.145206333798452,0.8992985870619269,-2.075560061039698,-167.0431763002055
264.82776989152785,24.830808341791663,18.145369506813477,0.8994545291474348,-2.0759499421931307,-167.0685794881203
264.83866084034753,24.827153419993543,18.145532820310503,0.8996103783258727,-2.0763399397185918,-167.09397485061683
264.8495509798565,24.823496896144594,18.145696274274503,0.8997661345731242,-2.076730053580713,-167.1193623846946
264.8604403097599,24.819838770632135,18.145859868690362,0.8999217978651072,-2.0771202837441045,-167.14474208735146
264.871328829763,24.816179043843682,18.146023603542893,0.9000773681777701,-2.0775106301733413,-167.17011395558424
264.8822165395715,24.812517716166866,18.14618747881684,0.9002328454870927,-2.0779010928329797,-167.19547798638789
264.8931034388913,24.808854787989546,18.14635149449686,0.9003882297690837,-2.0782916716875492,-167.22083417675663
264.9039895274285,24.80519025969974,18.14651565056755,0.9005435209997826,-2.078682366701546,-167.24618252368276
264.9148748048896,24.801524131685632,18.14667994701342,0.900698719155261,-2.0790731778394456,-167.2715230241576
264.9257592709814,24.797856404335604,18.146844383818905,0.900853824211622,-2.079464105065699,-167.2968556751709
264.93664292541087,24.79418707803821,18.147008960968375,0.901008836144995,-2.079855148344724,-167.32218047371106
264.9475257678852,24.790516153182192,18.14717367844612,0.9011637549315455,-2.080246307640916,-167.34749741676526
264.95840779811203,24.78684363015642,18.147338536236347,0.9013185805474658,-2.0806375829186443,-167.37280650131916
264.9692890157992,24.783169509349992,18.147503534323203,0.9014733129689811,-2.0810289741422503,-167.39810772435715
264.9801694206548,24.779493791152177,18.14766867269074,0.9016279521723478,-2.0814204812760524,-167.4234010828622
264.9910490123872,24.775816475952386,18.147833951322962,0.9017824981338493,-2.0818121042843374,-167.44868657381596
265.0019277907051,24.77213756414026,18.147999370203774,0.9019369508298051,-2.082203843131369,-167.47396419419866
265.01280575531746,24.768457056105568,18.148164929317005,0.9020913102365623,-2.0825956977813838,-167.49923394098917
265.0236829059334,24.76477495223827,18.148330628646427,0.9022455763304991,-2.082987668198594,-167.52449581116505
265.03455924226256,24.76109125292852,18.148496468175725,0.9023997490880266,-2.083379754347182,-167.54974980170255
265.0454347640147,24.75740595856661,18.14866244788852,0.902553828485583,-2.083771956191306,-167.57499590957636
265.05630947089975,24.753719069543074,18.148828567768334,0.9027078144996411,-2.0841642736950976,-167.60023413175986
265.0671833626281,24.750030586248545,18.14899482779863,0.9028617071067024,-2.084556706822665,-167.62546446522524
265.0780564389104,24.746340509073875,18.149161227962807,0.9030155062833001,-2.0849492555380826,-167.6506869069431
265.0889286994575,24.7426488384101,18.14932776824416,0.9031692120059992,-2.0853419198054057,-167.67590145388274
265.0998001439806,24.738955574648404,18.14949444862593,0.903322824251394,-2.0857346995886625,-167.70110810301213
265.11067077219104,24.735260718180157,18.149661269091283,0.9034763429961098,-2.0861275948518503,-167.72630685129792
265.1215405838006,24.73156426939692,18.149828229623285,0.9036297682168041,-2.086520605558946,-167.7514976957053
265.13240957852133,24.72786622869042,18.149995330204963,0.903783099890166,-2.086913731673896,-167.77668063319797
265.14327775606546,24.724166596452523,18.150162570819237,0.9039363379929133,-2.087306973160623,-167.80185566073845
265.15414511614546,24.720465373075342,18.150329951448974,0.9040894825017954,-2.0877003299830226,-167.82702277528784
265.16501165847427,24.716762558951118,18.15049747207695,0.9042425333935937,-2.0880938021049653,-167.8521819738061
265.1758773827649,24.71305815447226,18.15066513268587,0.9043954906451206,-2.088487389490294,-167.87733325325127
265.1867422887308,24.709352160031393,18.150832933258364,0.9045483542332191,-2.0888810921028247,-167.9024766105804
265.1976063760856,24.70564457602128,18.151000873776994,0.9047011241347633,-2.08927490990635,-167.92761204274908
265.20846964454324,24.70193540283487,18.151168954224232,0.9048538003266584,-2.0896688428646355,-167.95273954671154
265.21933209381797,24.698224640865302,18.151337174582483,0.9050063827858414,-2.0900628909414203,-167.97785911942083
265.2301937236242,24.694512290505866,18.151505534834072,0.905158871489279,-2.0904570541004155,-168.00297075782814
265.24105453367673,24.690798352150047,18.151674034961257,0.90531126641397,-2.090851332305312,-168.02807445888376
265.2519145236907,24.687082826191485,18.15184267494621,0.9054635675369438,-2.091245725519767,-168.05317021953636
265.26277369338123,24.683365713024017,18.152011454771028,0.9056157748352618,-2.091640233707416,-168.07825803673322
265.2736320424641,24.67964701304165,18.152180374417735,0.9057678882860155,-2.0920348568318707,-168.10333790742052
265.2844895706552,24.675926726638547,18.15234943386829,0.9059199078663296,-2.0924295948567107,-168.12840982854266
265.29534627767055,24.67220485420906,18.152518633104556,0.9060718335533565,-2.092824447745495,-168.15347379704295
265.3062021632267,24.668481396147712,18.15268797210833,0.9062236653242854,-2.0932194154617543,-168.17852980986314
265.3170572270403,24.66475635284922,18.15285745086133,0.9063754031563294,-2.0936144979689937,-168.20357786394382
265.3279114688284,24.661029724708435,18.153027069345214,0.9065270470267383,-2.0940096952306906,-168.228617956224
265.3387648883082,24.657301512120412,18.153196827541535,0.9066785969127917,-2.0944050072103,-168.25365008364142
265.34961748519737,24.653571715480386,18.153366725431795,0.9068300527918014,-2.0948004338712485,-168.27867424313243
265.3604692592136,24.649840335183722,18.153536762997412,0.9069814146411067,-2.095195975176938,-168.30369043163196
265.37132021007506,24.646107371626023,18.153706940219713,0.907132682438084,-2.095591631090743,-168.32869864607358
265.38217033750004,24.64237282520301,18.153877257079973,0.9072838561601355,-2.0959874015760147,-168.35369888338934
265.3930196412074,24.63863669631062,18.154047713559383,0.9074349357846985,-2.0963832865960743,-168.3786911405103
265.4038681209159,24.634898985344936,18.154218309639045,0.9075859212892398,-2.096779286114222,-168.40367541436567
265.4147157763448,24.631159692702216,18.154389045300007,0.9077368126512587,-2.0971754000937275,-168.4286517018836
265.42556260721364,24.627418818778914,18.154559920523216,0.9078876098482845,-2.097571628497839,-168.45361999999085
265.43640861324224,24.623676363971622,18.15473093528957,0.9080383128578803,-2.0979679712897763,-168.47858030561235
265.44725379415047,24.61993232867715,18.154902089579863,0.9081889216576371,-2.098364428432734,-168.50353261567236
265.45809814965884,24.616186713292453,18.155073383374834,0.9083394362251801,-2.0987609998898797,-168.52847692709327
265.46894167948784,24.612439518214646,18.155244816655134,0.9084898565381648,-2.0991576856243563,-168.5534132367961
265.47978438335844,24.60869074384106,18.155416389401342,0.9086401825742794,-2.0995544855992843,-168.57834154170078
265.49062626099175,24.604940390569155,18.15558810159396,0.9087904143112401,-2.0999513997777517,-168.6032618387255
265.50146731210924,24.60118845879658,18.155759953213412,0.9089405517268001,-2.1003484281228277,-168.62817412478734
265.5123075364327,24.597434948921187,18.15593194424006,0.9090905947987391,-2.100745570597547,-168.6530783968018
265.5231469336839,24.593679861340956,18.156104074654156,0.9092405435048702,-2.101142827164929,-168.67797465168312
265.53398550358537,24.589923196454063,18.15627634443591,0.9093903978230387,-2.1015401977879584,-168.70286288634415
265.5448232458596,24.586164954658845,18.15644875356544,0.9095401577311206,-2.101937682429601,-168.72774309769625
265.55566016022937,24.582405136353838,18.15662130202279,0.9096898232070243,-2.102335281052793,-168.75261528264957
265.5664962464179,24.57864374193771,18.15679398978792,0.9098393942286875,-2.1027329936204473,-168.77747943811264
265.5773315041485,24.57488077180934,18.156966816840736,0.9099888707740836,-2.1031308200954464,-168.80233556099267
265.5881659331448,24.571116226367764,18.15713978316103,0.910138252821213,-2.103528760440655,-168.8271836481957
265.5989995331308,24.567350106012174,18.15731288872856,0.9102875403481092,-2.1039268146189043,-168.8520236966262
265.6098323038308,24.56358241114197,18.157486133522976,0.9104367333328399,-2.1043249825930044,-168.87685570318712
265.6206642449692,24.559813142156692,18.15765951752386,0.9105858317535015,-2.104723264325741,-168.90167966478026
265.6314953562708,24.55604229945606,18.15783304071073,0.9107348355882224,-2.1051216597798694,-168.92649557830603
265.6423256374608,24.552269883439983,18.158006703063005,0.9108837448151655,-2.105520168918123,-168.95130344066314
