galstreams/tracks/track.st.M68.palau2019.ecsv
# %ECSV 0.9
# ---
# datatype:
# - {name: ra, unit: deg, datatype: float64}
# - {name: dec, unit: deg, datatype: float64}
# - {name: distance, unit: kpc, datatype: float64}
# - {name: pm_ra_cosdec, unit: mas / yr, datatype: float64}
# - {name: pm_dec, unit: mas / yr, datatype: float64}
# - {name: radial_velocity, unit: km / s, datatype: float64}
# delimiter: ','
# meta: !!omap
# - __serialized_columns__:
#     dec:
#       __class__: astropy.coordinates.angles.Latitude
#       unit: &id001 !astropy.units.Unit {unit: deg}
#       value: !astropy.table.SerializedColumn {name: dec}
#     distance:
#       __class__: astropy.coordinates.distances.Distance
#       unit: !astropy.units.Unit {unit: kpc}
#       value: !astropy.table.SerializedColumn {name: distance}
#     pm_dec:
#       __class__: astropy.units.quantity.Quantity
#       unit: !astropy.units.Unit {unit: mas / yr}
#       value: !astropy.table.SerializedColumn {name: pm_dec}
#     pm_ra_cosdec:
#       __class__: astropy.units.quantity.Quantity
#       unit: !astropy.units.Unit {unit: mas / yr}
#       value: !astropy.table.SerializedColumn {name: pm_ra_cosdec}
#     ra:
#       __class__: astropy.coordinates.angles.Longitude
#       unit: *id001
#       value: !astropy.table.SerializedColumn {name: ra}
#       wrap_angle: !astropy.coordinates.Angle
#         unit: *id001
#         value: 360.0
#     radial_velocity:
#       __class__: astropy.units.quantity.Quantity
#       unit: !astropy.units.Unit {unit: km / s}
#       value: !astropy.table.SerializedColumn {name: radial_velocity}
# schema: astropy-2.0
ra,dec,distance,pm_ra_cosdec,pm_dec,radial_velocity
190.12041338399084,-47.321095462024054,8.267093786483231,-2.2182884762648163,1.0027105261634166,2.1051917824680846e-14
190.05166644689342,-46.630953317180975,8.148206721779253,-2.243928715323641,1.0165066942031313,3.789345208442552e-14
189.99070122064973,-45.941006295206165,8.03178011163179,-2.26884022055882,1.0311452676219384,2.947268495455318e-14
189.93714422546026,-45.251292073850436,7.917792046100351,-2.2930189732199824,1.046610126163342,1.6841534259744676e-14
189.89064581124427,-44.56184552437571,7.806220615244469,-2.316462001605093,1.0628856217070901,8.420767129872338e-15
189.8508784224048,-43.87269891681994,7.6970439091236535,-2.3391672862278146,1.079956548020673,8.420767129872338e-15
189.81753500867583,-43.18388210780857,7.590240017797425,-2.3611336734538084,1.0978081120148873,1.2631150694808506e-14
189.79032756840041,-42.49542271263981,7.4857870313253025,-2.382360796736703,1.1164259064616864,1.6841534259744676e-14
189.76898581197582,-41.80734626318022,7.3836630397668115,-2.402849004682464,1.135795884124697,2.5262301389617013e-14
189.7532559344395,-41.11967635294236,7.283846133181464,-2.4225992952570854,1.1559043332475958,0.0
189.74289948727392,-40.432434770567994,7.18631440162878,-2.441613255528364,1.1767378543423588,1.2631150694808506e-14
189.73769234049692,-39.745641622811334,7.0910459351682835,-2.4598930063993056,1.1982833382177516,2.947268495455318e-14
189.73742372698499,-39.05931544800157,6.998018823859487,-2.477441151849616,1.2205279451880335,4.210383564936169e-15
189.74189536176695,-38.373473320862765,6.907211157761916,-2.494260732253718,1.2434590854022687,2.947268495455318e-14
189.7509206297321,-37.688130949478726,6.818601026935084,-2.5103551813896976,1.267064400235776,1.6841534259744676e-14
189.7643238358271,-37.00330276511092,6.732166521438515,-2.525728286794227,1.2913317446868677,8.420767129872338e-15
189.78193951238555,-36.31900200550613,6.647885731331725,-2.5403841531545557,1.3162491707239532,4.210383564936169e-15
189.80361177874008,-35.63524079226767,6.565736746674236,-2.5543271684605346,1.3418049115302448,-4.210383564936169e-15
189.82919374872384,-34.95203020280724,6.485697657525564,-2.567561972668078,1.3679873665956443,4.210383564936169e-15
189.85854698207902,-34.269380337344494,6.4077465539452305,-2.580093428650592,1.394785087607735,-8.420767129872338e-15
189.8915409761562,-33.587300381377126,6.331861525992752,-2.591926595237363,1.4221867650962206,2.5262301389617013e-14
189.92805269462252,-32.90579866400278,6.258020663727653,-2.603066702157878,1.450181215787532,1.2631150694808506e-14
189.9679661301931,-32.22488271243945,6.186202057209447,-2.6135191267288373,1.4787573706286592,0.0
190.0111718986707,-31.544559303058552,6.116383796497655,-2.623289372136539,1.5079042634415245,-8.420767129872338e-15
190.05756686182028,-30.86483450921568,6.0485439716517995,-2.6323830471815493,1.5376110201714002,0.0
190.10705377682558,-30.18571374613839,5.982660672731395,-2.6408058473652707,1.5678668486949743,1.6841534259744676e-14
190.15954097027154,-29.507201813107237,5.918711989795963,-2.648563537209368,1.5986610291556382,4.210383564936169e-15
190.21494203477675,-28.82930293314474,5.856676012905023,-2.6556619337093497,1.6299829047954644,1.2631150694808506e-14
190.27317554656207,-28.152020790408766,5.796530832118092,-2.662106890832636,1.6618218732551475,-1.2631150694808506e-14
190.33416480238782,-27.475358565469733,5.738254537494692,-2.667904284979752,1.6941673783148234,-1.0525958912340423e-14
190.39783757442657,-26.799318968634598,5.681825219094339,-2.673060001334678,1.727008902050287,-1.6841534259744676e-14
190.4641258817585,-26.123904271468476,5.627220966976554,-2.6775799210370694,1.7603359573806163,6.315575347404253e-15
190.5329657772866,-25.44911633665059,5.574419871200861,-2.6814699091150276,1.7941380809845542,0.0
190.60429714896932,-24.774956646291024,5.523400021826769,-2.684735803122579,1.8284048265643682,-8.420767129872338e-15
190.6780635343586,-24.10142632882359,5.4741395089138045,-2.6873834024308474,1.863125758437013,6.315575347404253e-15
190.75421194751493,-23.42852618458153,5.426616422521486,-2.6894184581263962,1.898290445433641,1.473634247727659e-14
190.8326927174456,-22.756256710153814,5.380808852709331,-2.690846663474151,1.933888455089516,-1.0525958912340423e-14
190.9134593372825,-22.084618121612355,5.336694889536856,-2.6916736449059697,1.969909348107318,-6.315575347404253e-15
190.99646832347793,-21.413610376693395,5.294252623063587,-2.691904953499184,2.0063426730777927,-1.473634247727659e-14
191.0816790843547,-20.7432331960101,5.253460143349038,-2.691546056912439,2.043177961442515,-1.6841534259744676e-14
191.1690537973998,-20.073486083367417,5.214295540452732,-2.6906023317488064,2.0804047226842597,0.0
191.25855729473867,-19.404368345245135,5.176736904434183,-2.6890790563186404,2.1180124397312863,-1.894672604221276e-14
191.35015695627186,-18.735879109510645,5.140762325352915,-2.6869814037768402,2.155990564562404,-2.1051917824680845e-15
191.44382260999626,-18.068017343417726,5.106349893268445,-2.6843144356112374,2.194328514000363,2.1051917824680845e-15
191.53952643907002,-17.40078187094455,5.073477698240293,-2.6810830954606244,2.2330156656816613,8.420767129872338e-15
191.63724289521542,-16.73417138952011,5.042123830327977,-2.6772922032426663,2.2720413541913485,4.210383564936169e-15
191.7369486180844,-16.068184486185107,5.012266379591015,-2.6729464495734394,2.3113948673519285,-4.210383564936169e-15
191.83862236024163,-15.402819653230054,4.98388343608893,-2.6680503904617203,2.351065442655851,-2.1051917824680845e-15
191.9422449174461,-14.738075303351302,4.95695308988124,-2.662608442262482,2.3910422638315136,-1.6841534259744676e-14
192.04779906393674,-14.07394978436238,4.931453431027463,-2.656624876875137,2.431314457533051,-1.6841534259744676e-14
192.15526949245162,-13.410441393496496,4.907362549587119,-2.650103817173198,2.4718710901444916,-4.210383564936169e-15
192.26464275873008,-12.74754839133326,4.884658535619725,-2.64304923265295,2.512701164689207,-2.1051917824680846e-14
192.37590723026733,-12.085269015382249,4.8633194791848045,-2.6354649352896558,2.553793617835801,-8.420767129872338e-15
192.4890530391099,-11.423601493352155,4.843323470341874,-2.627354575590619,2.5951373169918517,-1.0525958912340423e-14
192.6040720384957,-10.762544056134796,4.824648599150453,-2.6187216388351477,2.6367210574771387,-8.420767129872338e-15
192.72095776315962,-10.102094950530908,4.807272955670058,-2.609569441492207,2.678533559768141,-8.420767129872338e-15
192.83970539313967,-9.44225245174339,4.791174629960213,-2.5999011278071245,2.7205634668058036,-1.2631150694808506e-14
192.96031172093203,-8.783014875662968,4.776331712080435,-2.5897196665493425,2.7627993413586647,-1.2631150694808506e-14
193.08277512185646,-8.124380590969901,4.762722292090242,-2.579027847913686,2.8052296634335985,-6.315575347404253e-15
193.20709552750597,-7.466348031074641,4.750324460049155,-2.5678282805681674,2.8478428277264722,-4.210383564936169e-15
193.33327440216448,-6.808915705919643,4.739116306016694,-2.556123388841788,2.8906271411051474,-1.0525958912340423e-15
193.46131472208847,-6.15208221366371,4.729075920052374,-2.543915410046196,2.9335708201172794,-2.4209705498382972e-14
193.59122095755706,-5.495846252269733,4.720181392215719,-2.5312063919254584,2.976661988515382,-1.9999321933446802e-14
193.7229990576055,-4.840206631016126,4.712410812566245,-2.5179981902286306,3.0198886747917224,-6.315575347404253e-15
193.8566564373648,-4.185162281952433,4.705742271163475,-2.504292466400041,3.0632388097154832,-8.420767129872338e-15
193.9922019679395,-3.5307122713179515,4.700153858066922,-2.4900906853826332,3.106700223864746,-7.368171238638296e-15
194.12964596876378,-2.876855810943395,4.695623663336111,-2.4753941135299224,3.1502606451456736,2.1051917824680845e-15
194.26900020238224,-2.2235922696546493,4.692129777030557,-2.4602038166224833,3.1939076962913266,-7.368171238638296e-15
194.41027787161087,-1.5709211846976836,4.6896502892097836,-2.4445206579851035,3.2376288923323577,-1.0525958912340423e-14
194.55349361903944,-0.9188422732038342,4.688163289933306,-2.4283452967010137,3.281411638031861,1.4473193504468082e-15
194.698663528844,-0.26735544371444747,4.687646869260646,-2.4116781859198544,3.3252432252763646,2.1051917824680845e-15
194.84580513088395,0.38353919221571575,4.688079117251318,-2.394519571256295,3.3691108304149875,-4.144596321734041e-15
194.99493740706518,1.0338413083170361,4.68943812396485,-2.376869489276412,3.413001511538503,-8.157618157063828e-15
195.14608079995685,1.6835503517860442,4.691701979460753,-2.358727766069246,3.4569022056899303,-4.473532537744679e-15
195.2992572236543,2.3326655313283267,4.69484877379855,-2.3400940159010815,3.5007997259980246,1.0525958912340423e-14
195.4544900768883,2.9811858050439395,4.698856597037759,-2.3209676399503327,3.5446807587248914,1.2104852749191486e-14
195.6118042583844,3.629109868133915,4.7037035392379005,-2.30134782512107,3.5885318602186023,3.1577876737021266e-15
195.77122618448408,4.276436140406823,4.709367690458493,-2.281233542933519,3.6323394537615066,1.1578554803574466e-14
195.93278380904286,4.9231627535636235,4.715827140759054,-2.260623548490066,3.6760898263045836,7.368171238638296e-15
196.09650664562776,5.569287538238308,4.723059980199105,-2.2395163795155955,3.7197691250778813,9.47336302110638e-15
196.26242579204123,6.2148080107712,4.7310442988381665,-2.2179103554712274,3.763363354066736,4.210383564936169e-15
196.43057395720388,6.859721359690918,4.739758186735751,-2.1958035767408264,3.8068583703430874,-2.1051917824680845e-15
196.60098549043522,7.504024431880283,4.749179733951386,-2.1731939238899143,3.850239880240784,6.315575347404253e-15
196.77369641317554,8.147713718400302,4.759287030544584,-2.150079056997001,3.8934934353633857,0.0
196.94874445319877,8.790785339945593,4.770058166574871,-2.1264564150576226,3.936604428412429,4.210383564936169e-15
197.1261690813719,9.43323503190321,4.78147123210176,-2.1023232154617757,3.9795580888236923,4.210383564936169e-15
197.30601155102133,10.075058128986184,4.793504317184772,-2.0776764535458443,4.022339478198377,1.473634247727659e-14
197.48831493997338,10.716249549410518,4.806135511883428,-2.0525129022205255,4.064933485515648,-1.2631150694808506e-14
197.67312419534167,11.356803778585117,4.819342906257246,-2.02682911167673,4.1073248221122505,-1.0525958912340423e-14
197.86048618114043,11.996714852280379,4.833104590365744,-2.0006214091719547,4.149498016414365,0.0
198.05044972880813,12.635976339241118,4.847398654268445,-1.973885898900184,4.19143740840608,8.420767129872338e-15
198.24306569073403,13.27458132320708,4.862203188024862,-1.9466184619489684,4.233127143818178,1.2631150694808506e-14
198.43838699688402,13.912522384302724,4.877496281694519,-1.9188147563480127,4.274551168020099,1.2631150694808506e-14
198.63646871463175,14.54979157975584,4.893256025336935,-1.89047021721435,4.315693219597137,-4.210383564936169e-15
198.83736811190514,15.186380423902609,4.909460509011626,-1.8615800569999439,4.356536823594014,1.2631150694808506e-14
199.04114472376781,15.822279867434576,4.926087822778115,-1.8321392658484965,4.397065284404997,0.0
199.24786042255957,16.457480275839867,4.943116056695919,-1.802142612069184,4.437261678289825,1.2631150694808506e-14
199.45757949173017,17.091971406989956,4.960523300824558,-1.7715846427361015,4.477108845493497,8.420767129872338e-15
199.67036870350566,17.725742387818894,4.97828764522355,-1.740459684423429,4.516589381946991,1.2631150694808506e-14
199.88629740053608,18.35878169004009,4.996387179952416,-1.708761844087567,4.555685630524709,8.420767129872338e-15
200.10543758168026,18.99107710484256,5.014799995070672,-1.6764850101089637,4.59437967183325,8.420767129872338e-15
200.32786399209198,19.62261571650459,5.033504180637841,-1.6436228535079265,4.632653314504705,8.420767129872338e-15
200.5536542177796,20.253383874860297,5.052477826713442,-1.6101688293504277,4.670488084966425,0.0
200.78288878482041,20.88336716655014,5.071699023356991,-1.5761161783618625,4.707865216657587,4.210383564936169e-15
201.0156512634185,21.512550384982646,5.091145860628009,-1.5414579287687888,4.744765638661505,2.5262301389617013e-14
201.25202837700448,22.14091749893062,5.110796428586015,-1.5061868983910631,4.781169963720915,1.6841534259744676e-14
201.49211011658392,22.768451619680718,5.130628817290529,-1.470295697009284,4.817058475601874,8.420767129872338e-15
201.73598986054944,23.39513496664992,5.15062111680107,-1.4337767290353505,4.852411115770125,8.420767129872338e-15
201.9837645001814,24.020948831378387,5.170751417177156,-1.3966221965170318,4.887207469341976,8.420767129872338e-15
202.23553457106988,24.645873539802146,5.190997808478309,-1.3588241025108592,4.921426750269877,0.0
202.49140439069967,25.269888412703562,5.211338380764042,-1.3203742548615396,4.955047785720946,8.420767129872338e-15
202.75148220244807,25.89297172423191,5.23175122409388,-1.2812642704301502,4.9880489996046204,1.6841534259744676e-14
203.01588032625386,26.51510065837949,5.252214428527343,-1.2414855798180757,5.020408395203734,-8.420767129872338e-15
203.28471531622287,27.136251263292582,5.272706084123945,-1.201029432638725,5.052103536861043,0.0
203.5581081254433,27.756398403288994,5.2932042809432085,-1.159886903394614,5.083111530671246,1.6841534259744676e-14
203.8361842782894,28.37551570844663,5.313687109044654,-1.1180488980236636,5.1134090041264075,0.0
204.11907405049854,28.993575521619718,5.334132658487795,-1.0755061611853063,5.142972084660531,0.0
204.40691265731058,29.610548842730775,5.354519019332157,-1.0322492843645157,5.1717763770370375,0.0
204.6998404499615,30.226405270177565,5.374824281637257,-0.988268714880182,5.19979693952081,8.420767129872338e-15
204.99800312082377,30.84111293918524,5.395026535462613,-0.943554765893302,5.227008258774657,8.420767129872338e-15
205.3015519174875,31.454638456923938,5.415103870867745,-0.8980976275204942,5.253384223418176,-1.6841534259744676e-14
205.61064386606984,32.06694683420183,5.435034377912172,-0.8518873791694523,5.278898096185512,0.0
205.92544200403776,32.678001413532954,5.454796146655413,-0.8049140032249891,5.30352248461712,8.420767129872338e-15
206.24611562281734,33.28776379336822,5.474367267156989,-0.7571674002277637,5.327229310219728,1.6841534259744676e-14
206.57284052045082,33.89619374826553,5.493725829476415,-0.7086374057024531,5.349989776028014,3.368306851948935e-14
206.90579926454424,34.50324914476382,5.512849923673216,-0.6593138088082588,5.371774332501494,1.6841534259744676e-14
207.24518146572586,35.108885852712156,5.531717639806908,-0.6091863730023728,5.392552641690745,2.5262301389617013e-14
207.59118406180465,35.713057651792944,5.550307067937009,-0.5582448589264895,5.4122935396082426,-8.420767129872338e-15
207.94401161278276,36.31571613296414,5.56859629812304,-0.5064790497477833,5.43096499674151,0.0
208.3038766068294,36.9168105945318,5.586563420424521,-0.45387877920913344,5.448534076649575,0.0
208.6709997772688,37.51628793255088,5.604186524900968,-0.4004339626689824,5.464966892588457,8.420767129872338e-15
209.04561043056867,38.114092525237105,5.621443701611904,-0.3461346314391871,5.480228562117676,1.6841534259744676e-14
209.4279467852353,38.710166111059266,5.638313040616845,-0.29097097075975964,5.494283159648036,8.420767129872338e-15
209.81825632142815,39.30444766016691,5.6547726319753115,-0.23493336178272628,5.507093666901291,1.6841534259744676e-14
210.21679614099506,39.89687323879481,5.6708005657468235,-0.17801242797356598,5.51862192126539,-8.420767129872338e-15
210.62383333749727,40.48737586627193,5.686374931990899,-0.12019908637814125,5.52882856204509,8.420767129872338e-15
211.03964537564212,41.07588536425076,5.701473820767058,-0.06148460424571312,5.537672974627505,-8.420767129872338e-15
211.46452047936097,41.662328197760736,5.7160753221348175,-0.0018606615449168196,5.5451132326060115,1.6841534259744676e-14
211.89875802756399,42.246627307680185,5.730157526153701,0.058680580040646246,5.551106037934865,-3.368306851948935e-14
