galstreams/tracks/track.st.ACS.ramos2020b.ecsv
# %ECSV 0.9
# ---
# datatype:
# - {name: ra, unit: deg, datatype: float64}
# - {name: dec, unit: deg, datatype: float64}
# - {name: distance, unit: kpc, datatype: float64}
# - {name: pm_ra_cosdec, unit: mas / yr, datatype: float64}
# - {name: pm_dec, unit: mas / yr, datatype: float64}
# - {name: radial_velocity, unit: km / s, datatype: float64}
# delimiter: ','
# meta: !!omap
# - __serialized_columns__:
#     dec:
#       __class__: astropy.coordinates.angles.Latitude
#       unit: &id001 !astropy.units.Unit {unit: deg}
#       value: !astropy.table.SerializedColumn {name: dec}
#     distance:
#       __class__: astropy.coordinates.distances.Distance
#       unit: !astropy.units.Unit {unit: kpc}
#       value: !astropy.table.SerializedColumn {name: distance}
#     pm_dec:
#       __class__: astropy.units.quantity.Quantity
#       unit: !astropy.units.Unit {unit: mas / yr}
#       value: !astropy.table.SerializedColumn {name: pm_dec}
#     pm_ra_cosdec:
#       __class__: astropy.units.quantity.Quantity
#       unit: !astropy.units.Unit {unit: mas / yr}
#       value: !astropy.table.SerializedColumn {name: pm_ra_cosdec}
#     ra:
#       __class__: astropy.coordinates.angles.Longitude
#       unit: *id001
#       value: !astropy.table.SerializedColumn {name: ra}
#       wrap_angle: !astropy.coordinates.Angle
#         unit: *id001
#         value: 360.0
#     radial_velocity:
#       __class__: astropy.units.quantity.Quantity
#       unit: !astropy.units.Unit {unit: km / s}
#       value: !astropy.table.SerializedColumn {name: radial_velocity}
# schema: astropy-2.0
ra,dec,distance,pm_ra_cosdec,pm_dec,radial_velocity
154.3984180570522,80.03816201409785,11.699999999999505,0.7614732611804048,-0.4076250608024889,0.0
153.14122718577568,79.834723620455,11.699999999999541,0.7255144160412521,-0.3537253412150263,2.6314897280851058e-15
151.9515056373701,79.62479121726105,11.699999999999571,0.686490908263437,-0.3282186809039121,0.0
150.82626438763884,79.40889132033796,11.699999999999601,0.6501939359769224,-0.3210190122998465,5.262979456170211e-16
149.76245713020143,79.18750939516701,11.699999999999635,0.6198485623749915,-0.32447827194799217,1.0525958912340423e-15
148.75703008152874,78.96109203174628,11.699999999999664,0.5968879614656766,-0.333017612503869,5.262979456170211e-16
147.80696129036957,78.73004929352415,11.699999999999694,0.581544968842332,-0.342767100793563,-2.6314897280851058e-15
146.90929091962653,78.49475714681321,11.69999999999972,0.5732953435043252,-0.3512296034186838,-4.210383564936169e-15
146.06114390519224,78.25555989896445,11.699999999999738,0.5711824601194392,-0.35697822824627606,-1.5788938368510633e-15
145.25974628290177,78.01277259205449,11.69999999999976,0.5740486057742451,-0.35939196850066646,-2.1051917824680845e-15
144.50243633581306,77.76668331402155,11.699999999999779,0.580693847228841,-0.3584308039485973,-1.5788938368510633e-15
143.78667156649416,77.51755540138605,11.699999999999793,0.5899796686659337,-0.3544491822366732,-2.6314897280851058e-15
143.11003235404715,77.26562951727678,11.69999999999981,0.6008912957999645,-0.3480452939936493,-5.789277401787233e-15
142.47022302009103,77.01112559586002,11.699999999999823,0.612569816865715,-0.33994266521586913,-3.684085619319148e-15
141.86507090553425,76.75424464981319,11.699999999999832,0.6243228549761646,-0.33090015389821154,-6.8418732930212744e-15
141.29252395223537,76.49517044154749,11.699999999999843,0.6356205959162089,-0.32164632297688855,-6.8418732930212744e-15
140.7506471906861,76.23407102177364,11.699999999999855,0.6460823809731634,-0.31283426614048226,-7.894469184255318e-15
140.23761845589408,75.97110014096675,11.69999999999986,0.655457785679605,-0.3050132093536954,-7.368171238638296e-15
139.75172358747537,75.70639854055044,11.69999999999987,0.6636050748222673,-0.29861354148529207,-5.2629794561702115e-15
139.29135131511737,75.44009513134077,11.699999999999878,0.6704691086461897,-0.29394230051495784,-6.8418732930212744e-15
138.85498798556839,75.17230806712438,11.699999999999886,0.6760601369103982,-0.29118652795830396,-4.73668151055319e-15
138.4412122506889,74.90314572128248,11.699999999999887,0.6804344236699024,-0.2904222832738432,5.262979456170211e-16
138.04868980656113,74.63270757421681,11.699999999999896,0.6836772687268813,-0.29162746894573394,-3.1577876737021266e-15
137.67616824999942,74.36108501903055,11.699999999999903,0.6858887085142376,-0.2946969476567862,-2.1051917824680845e-15
137.3224721000231,74.08836209253445,11.699999999999905,0.6871719706684377,-0.29945873116631316,-1.0525958912340423e-15
136.98649801705616,73.81461613820699,11.699999999999912,0.6876246070695715,-0.3056902844931162,-3.1577876737021266e-15
136.66721024106232,73.53991840727302,11.699999999999918,0.6873321269563266,-0.31313421889868553,5.262979456170211e-16
136.3636362608937,73.26433460359813,11.699999999999921,0.6863638845660541,-0.32151284428790056,-2.1051917824680845e-15
136.07486272030064,72.98792537762921,11.699999999999925,0.6847709363255797,-0.3305412180813723,3.1577876737021266e-15
135.8000315609052,72.71074677417052,11.699999999999928,0.6825855642952028,-0.33993846589214155,-6.315575347404253e-15
135.53833639862927,72.43285063835796,11.699999999999932,0.6798221600510469,-0.3494372622010426,1.0525958912340423e-15
135.2890191273093,72.1542849838012,11.699999999999937,0.6764791722799162,-0.3587914494698313,0.0
135.05136674129744,71.87509432649074,11.69999999999994,0.6725418387246992,-0.36778184450515145,1.0525958912340423e-15
134.82470836755877,71.5953199877314,11.699999999999944,0.6679854461385768,-0.37622033401382265,-6.315575347404253e-15
134.60841249697805,71.3150003690471,11.699999999999944,0.6627788885250236,-0.38395239962638983,-2.1051917824680845e-15
134.40188440417546,71.03417120172075,11.699999999999948,0.6568883225568352,-0.39085823847593665,-4.210383564936169e-15
134.2045637449977,70.75286577337104,11.699999999999951,0.6502807484408342,-0.39685266076172854,-6.315575347404253e-15
134.01592232093267,70.47111513373342,11.699999999999948,0.6429273736758097,-0.40188395245578623,-2.1051917824680845e-15
133.8354619999322,70.18894828160136,11.699999999999955,0.6348066454223227,-0.4059318910762692,-7.368171238638296e-15
133.66271278347037,69.90639233468852,11.699999999999957,0.6259068640307618,-0.409005096712348,-7.368171238638296e-15
133.49723101008516,69.62347268400318,11.699999999999957,0.6162283152750425,-0.4111378905167007,-7.368171238638296e-15
133.3385976861144,69.34021313416629,11.69999999999996,0.6057848817473974,-0.4123868197896934,-3.1577876737021266e-15
133.18641693483235,69.05663603096824,11.699999999999962,0.594605114514288,-0.4128269935136505,-1.2631150694808506e-14
133.04031455569233,68.77276237732923,11.699999999999962,0.5827327644205423,-0.4125483555635535,-1.2631150694808506e-14
132.89993668588596,68.48861193871949,11.699999999999964,0.5702267883245997,-0.41165200550013514,-7.368171238638296e-15
132.76494855692005,68.20420333898932,11.699999999999964,0.557160859067776,-0.4102466594043277,-1.2631150694808506e-14
132.6350333393918,67.91955414747216,11.699999999999964,0.5436224191795721,-0.408445326096279,-5.2629794561702115e-15
132.50989106959886,67.63468095813856,11.699999999999967,0.5297113272840497,-0.40636225766294193,-1.0525958912340423e-14
132.38923765205922,67.34959946150815,11.699999999999967,0.5155381530094927,-0.404110217779461,-1.2631150694808506e-14
132.27280393242734,67.06432450996002,11.699999999999966,0.5012221810434087,-0.4017980970632903,-1.0525958912340423e-14
132.16033483568106,66.77887017702184,11.699999999999964,0.48688918796050035,-0.39952889179614964,-9.47336302110638e-15
132.05158856481927,66.49324981116825,11.69999999999997,0.4726690567362916,-0.39739805088356883,-9.47336302110638e-15
131.9463358556495,66.20747608460749,11.699999999999967,0.4586932936044819,-0.3954921859446421,-1.3683746586042549e-14
131.84435928356186,65.92156103749676,11.699999999999967,0.4450925102872477,-0.39388813094673875,-1.5788938368510635e-14
131.74545261848112,65.6355161179849,11.69999999999997,0.4319939317921275,-0.3926523307992497,-8.420767129872338e-15
131.64942022446263,65.34935221845032,11.69999999999997,0.4195189860941908,-0.3918405327482641,-1.1578554803574466e-14
131.5560765006507,65.06307970826678,11.69999999999997,0.4077810272734316,-0.39149775019977306,-1.0525958912340423e-14
131.46524536055537,64.77670846340706,11.69999999999997,0.39688323821669186,-0.39165846565489826,-6.315575347404253e-15
131.37675974681906,64.49024789316411,11.699999999999969,0.3869167529778879,-0.3923470376659299,-2.1051917824680845e-15
131.2904611788485,64.20370696425145,11.699999999999973,0.37795903247054347,-0.39357827600663964,-9.47336302110638e-15
131.2061993308728,63.917094222520234,11.699999999999974,0.3700725204860835,-0.3953581494780093,-7.368171238638296e-15
131.12383163816185,63.630417812514935,11.699999999999974,0.36330360022494995,-0.3976845918216675,-5.2629794561702115e-15
131.04322292929925,63.343685495070936,11.699999999999973,0.35768186472136493,-0.4005483729673558,-9.47336302110638e-15
130.96424508255288,63.056904663142184,11.69999999999997,0.3532197078525567,-0.403934005178332,-3.1577876737021266e-15
130.88677670452282,62.770082356034756,11.699999999999973,0.34991223615520956,-0.40782065646340276,-6.315575347404253e-15
130.810702829375,62.48322527220667,11.699999999999974,0.3477374955207643,-0.4121830467843816,-6.315575347404253e-15
130.73591463708703,62.19633978078563,11.699999999999974,0.3466570010907493,-0.41699230599702686,2.1051917824680845e-15
130.66230918924248,61.90943193194272,11.699999999999974,0.3466165533960891,-0.42221677602257607,-6.315575347404253e-15
130.58978918101366,61.62250746625267,11.699999999999976,0.34754731904135827,-0.4278227433639579,-2.1051917824680845e-15
130.51826270806694,61.33557182315957,11.699999999999976,0.34936715007591934,-0.43377509167195494,-2.1051917824680845e-15
130.4476430472153,61.04863014866076,11.699999999999978,0.3519821126571761,-0.44003786755690544,-2.1051917824680845e-15
130.37784844972467,60.761687302311,11.69999999999998,0.35528819272412454,-0.4465747561646981,-6.315575347404253e-15
130.30880194625942,60.47474786364355,11.699999999999976,0.35917314417852303,-0.45334946613464344,0.0
130.24043116252471,60.187816138096615,11.699999999999978,0.3635184435225483,-0.46032602638305437,-2.1051917824680845e-15
130.1726681447316,59.90089616252583,11.699999999999978,0.3682013140220065,-0.4674689996708354,-2.1051917824680845e-15
130.10544919407528,59.613991710379736,11.699999999999978,0.3730967822399856,-0.4747436200855496,-6.315575347404253e-15
130.03871470947587,59.327106296605244,11.699999999999982,0.3780797301954466,-0.48211586337633944,-4.210383564936169e-15
129.9724090378893,59.04024318234814,11.699999999999982,0.38302690741479234,-0.48955246050989976,-8.420767129872338e-15
129.90648033154685,58.75340537950405,11.699999999999982,0.38781886872471144,-0.4970208658613873,-4.210383564936169e-15
129.8408804115341,58.46659565517363,11.69999999999998,0.39234180573779864,-0.5044891921169653,-1.0525958912340423e-14
129.77556463716527,58.17981653606671,11.699999999999982,0.3964892425590621,-0.5119261242526698,-1.2631150694808506e-14
129.71049178065442,57.89307031289895,11.699999999999982,0.40016356923699353,-0.5193008248818414,-4.210383564936169e-15
129.64562390662607,57.60635904481577,11.699999999999978,0.40327738983887396,-0.5265828428504669,-8.420767129872338e-15
129.58092625604797,57.31968456387679,11.699999999999982,0.40575466568469054,-0.5337420362316837,-6.315575347404253e-15
129.5163671342052,57.03304847962814,11.69999999999998,0.4075316381634539,-0.5407485198569604,-1.2631150694808506e-14
129.4519178023696,56.746452183784605,11.699999999999982,0.40855751961428444,-0.5475726462556837,-1.0525958912340423e-14
129.38755237285287,56.45989685504249,11.699999999999983,0.40879494491636864,-0.5541850273937918,-8.420767129872338e-15
129.3232477071603,56.173383464036014,11.699999999999983,0.4082201806309094,-0.5605566029449489,-1.473634247727659e-14
129.25898331699415,55.88691277845046,11.699999999999982,0.40682309270973604,-0.5666587590359127,-6.315575347404253e-15
129.19474126787986,55.60048536829786,11.699999999999982,0.40460687786642996,-0.5724634995236227,-6.315575347404253e-15
129.13050608521743,55.31410161136098,11.699999999999982,0.4015875676362231,-0.5779436699283872,-6.315575347404253e-15
129.06626466258098,55.027761698805094,11.699999999999985,0.3977933178735613,-0.5830732322084451,-8.420767129872338e-15
129.00200617211476,54.741465640957095,11.699999999999982,0.3932634998978463,-0.5878275866587861,-8.420767129872338e-15
128.93772197689282,54.45521327324549,11.699999999999983,0.38804761264987486,-0.5921839353926459,-1.6841534259744676e-14
128.87340554513048,54.16900426229534,11.699999999999982,0.38220403802018393,-0.5961216801572226,-6.315575347404253e-15
128.80905236615297,53.88283811216782,11.699999999999983,0.37579866391775185,-0.599622845682975,-2.1051917824680845e-15
128.7446598680431,53.59671417073195,11.69999999999998,0.3689034016309868,-0.6026725184027975,-8.420767129872338e-15
128.68022733690702,53.31063163615628,11.699999999999982,0.3615946255665298,-0.6052592892343213,-8.420767129872338e-15
128.61575583770784,53.02458956350323,11.699999999999985,0.35395156451549536,-0.6073756882228111,-8.420767129872338e-15
128.55124813663375,52.73858687141091,11.699999999999982,0.3460546741782357,-0.609018598216514,0.0
128.4867086249753,52.4526223488428,11.699999999999982,0.3379840207713188,-0.6101896344093372,2.1051917824680845e-15
128.4221432444998,52.16669466188737,11.699999999999985,0.32981770514449915,-0.6108954765508195,0.0
128.3575594143178,51.880802360586664,11.699999999999985,0.3216303559582258,-0.6111481408989898,0.0
128.2929659592468,51.594943885773965,11.699999999999982,0.3134917191273952,-0.6109651795808111,8.420767129872338e-15
128.2283730396835,51.30911757589921,11.699999999999987,0.3054653689447996,-0.6103697959251975,0.0
128.1637920830019,51.023321673821066,11.699999999999985,0.2976075640843631,-0.6093908655369877,-6.315575347404253e-15
128.09923571650094,50.73755433354459,11.699999999999985,0.2899662690820379,-0.6080628543733236,0.0
128.03471770192814,50.45181362688327,11.699999999999982,0.28258035893882677,-0.6064256268476571,0.0
127.97025287161084,50.166097550024894,11.699999999999983,0.2754790212286081,-0.6045241389966861,2.1051917824680845e-15
127.90585706622781,49.88040402998095,11.699999999999983,0.26868136657062647,-0.6024080139725456,8.420767129872338e-15
127.84154707425641,49.59473093089999,11.699999999999983,0.2621962545940911,-0.6001309995321585,4.210383564936169e-15
127.77734057313202,49.30907606022614,11.699999999999985,0.2560223386352651,-0.5977503097490251,6.315575347404253e-15
127.71325607215572,49.023437174684815,11.699999999999985,0.250148328423497,-0.5953258558269439,2.1051917824680845e-15
127.64931285718755,48.73781198607865,11.699999999999982,0.24455346599189054,-0.5929193736037726,0.0
127.58553093715986,48.45219816687761,11.699999999999985,0.2392082060523641,-0.5905934580467589,6.315575347404253e-15
127.52193099244592,48.16659335558886,11.699999999999985,0.2340750881661089,-0.5884105177073271,6.315575347404253e-15
127.45853432511552,47.88099516189236,11.699999999999983,0.22910978428154644,-0.5864316646687164,6.315575347404253e-15
127.39536281110806,47.59540117153039,11.699999999999985,0.22426230166475558,-0.5847155579299529,2.1051917824680845e-15
127.3324388543499,47.309808950939654,11.699999999999987,0.21947831797260597,-0.5833172203692993,4.210383564936169e-15
127.269785342841,47.02421605161642,11.699999999999983,0.21470062227498057,-0.582286851365315,2.1051917824680845e-15
127.20742560673136,46.738620014206475,11.699999999999982,0.20987063327511898,-0.5816686587711626,6.315575347404253e-15
127.14538337840466,46.4530183723127,11.699999999999982,0.2049299638582455,-0.5814997351872846,2.1051917824680845e-15
127.0836827545834,46.167408656014665,11.699999999999982,0.19982199946584692,-0.5818090043119384,4.210383564936169e-15
127.02234816046484,45.88178839509599,11.699999999999983,0.19449345668877702,-0.5826162635252412,0.0
126.96140431589389,45.59615512197618,11.699999999999982,0.18889588793339512,-0.5839313487425235,0.0
126.90087620357498,45.31050637434516,11.699999999999982,0.18298709807142366,-0.5857534469250271,-2.1051917824680845e-15
126.84078903932082,45.0248396974999,11.699999999999982,0.1767324396590927,-0.5880705804354346,4.210383564936169e-15
126.78116824433195,44.739152646383396,11.69999999999998,0.1701059546196258,-0.5908592856552446,-8.420767129872338e-15
126.72203941949763,44.45344278732749,11.699999999999982,0.1630913322320786,-0.5940845059321225,0.0
126.66342832170463,44.167707699502486,11.69999999999998,0.15568265585685576,-0.5976997159989716,-2.1051917824680845e-15
126.60536084213652,43.8819449760762,11.699999999999982,0.14788491404246448,-0.6016472915135811,-4.210383564936169e-15
126.5478629865439,43.59615222508732,11.699999999999982,0.13971425547793262,-0.6058591333300367,-2.1051917824680845e-15
126.49096085746197,43.31032707003804,11.699999999999978,0.1311979716494266,-0.6102575515636486,0.0
126.43468063834939,43.02446715021135,11.699999999999978,0.12237419598605256,-0.6147564094946099,-4.210383564936169e-15
126.37904857962009,42.738570120719494,11.69999999999998,0.11329131368618195,-0.6192625219286936,-4.210383564936169e-15
126.32409098653747,42.45263365229072,11.699999999999974,0.10400708223866534,-0.6236772968648561,-6.315575347404253e-15
126.26983420893849,42.16665543080097,11.699999999999974,0.09458746881906957,-0.6278986032908016,-6.315575347404253e-15
