galstreams/tracks/track.st.TucanaIII.shipp2019.ecsv
# %ECSV 0.9
# ---
# datatype:
# - {name: ra, unit: deg, datatype: float64}
# - {name: dec, unit: deg, datatype: float64}
# - {name: distance, unit: kpc, datatype: float64}
# - {name: pm_ra_cosdec, unit: mas / yr, datatype: float64}
# - {name: pm_dec, unit: mas / yr, datatype: float64}
# - {name: radial_velocity, unit: km / s, datatype: float64}
# delimiter: ','
# meta: !!omap
# - __serialized_columns__:
#     dec:
#       __class__: astropy.coordinates.angles.Latitude
#       unit: &id001 !astropy.units.Unit {unit: deg}
#       value: !astropy.table.SerializedColumn {name: dec}
#     distance:
#       __class__: astropy.coordinates.distances.Distance
#       unit: !astropy.units.Unit {unit: kpc}
#       value: !astropy.table.SerializedColumn {name: distance}
#     pm_dec:
#       __class__: astropy.units.quantity.Quantity
#       unit: !astropy.units.Unit {unit: mas / yr}
#       value: !astropy.table.SerializedColumn {name: pm_dec}
#     pm_ra_cosdec:
#       __class__: astropy.units.quantity.Quantity
#       unit: !astropy.units.Unit {unit: mas / yr}
#       value: !astropy.table.SerializedColumn {name: pm_ra_cosdec}
#     ra:
#       __class__: astropy.coordinates.angles.Longitude
#       unit: *id001
#       value: !astropy.table.SerializedColumn {name: ra}
#       wrap_angle: !astropy.coordinates.Angle
#         unit: *id001
#         value: 360.0
#     radial_velocity:
#       __class__: astropy.units.quantity.Quantity
#       unit: !astropy.units.Unit {unit: km / s}
#       value: !astropy.table.SerializedColumn {name: radial_velocity}
# schema: astropy-2.0
ra,dec,distance,pm_ra_cosdec,pm_dec,radial_velocity
[from data line 269]
359.91206968942384,-59.575541384800566,25.61585134749366,-0.01123024978103988,-1.5467801792278832,3.6697517895106796e-08
359.93183275115706,-59.57497595743268,25.62417894472412,-0.01045293125396288,-1.5460918925625853,3.562742364977688e-08
359.9515957962589,-59.57441135864616,25.632506482264645,-0.009681790137479758,-1.5454055892275513,3.454341829714841e-08
359.97135882794333,-59.57384758832426,25.640833960115227,-0.008916824428775671,-1.5447212745551617,3.344563656949547e-08
359.99112184942385,-59.57328464634911,25.649161378275874,-0.008158032122058748,-1.5440389538763906,3.2334027942215286e-08
0.01088486391357626,-59.572722532601674,25.657488736746583,-0.0074054112085556985,-1.543358632520805,3.120854189070507e-08
0.03064787462506401,-59.572161246961805,25.665816035527342,-0.006658959676519639,-1.5426803158165696,3.006924578110186e-08
0.05041088477047703,-59.57160078930821,25.674143274618167,-0.005918675511222687,-1.5420040090904417,2.8916072247268623e-08
0.07017389756149667,-59.57104115951846,25.68247045401905,-0.005184556694959304,-1.5413297176677785,2.7749088655342394e-08
0.08993691620933518,-59.57048235746901,25.690797573730002,-0.00445660120704588,-1.5406574468725336,2.6568295005323177e-08
0.10969994392474229,-59.56992438303513,25.699124633751,-0.0037348070238205425,-1.5399872020272611,2.5373623931073927e-08
0.12946298391799765,-59.569367236091026,25.70745163408207,-0.0030191721186429896,-1.5393189884531129,2.4165142798731688e-08
0.14922603939891693,-59.56881091650969,25.715778574723196,-0.0023096944618945636,-1.5386528114698432,2.2942885291364976e-08
0.16898911357684632,-59.56825542416304,25.724105455674383,-0.0016063720209779234,-1.5379886763958075,2.170673351823398e-08
0.18875220966066242,-59.56770075892182,25.73243227693563,-0.0009092027603173174,-1.5373265885479641,2.0456754845475727e-08
0.2085153308587731,-59.567146920655645,25.74075903850693,-0.00021818464135822755,-1.536666553241876,1.919291559002171e-08
0.22827848037911472,-59.56659390923303,25.7490857403883,0.00046668437743251946,-1.5360085757917081,1.7915266276474698e-08
0.24804166142915293,-59.56604172452131,25.757412382579723,0.0011454063405671334,-1.5353526615102346,1.6623823746368958e-08
0.26780487721588314,-59.56549036638672,25.765738965081212,0.0018179832955363944,-1.5346988157088328,1.5318537475101704e-08
0.28756813094582473,-59.56493983469432,25.774065487892752,0.0024844172928104816,-1.5340470436974902,1.3999373779604425e-08
0.30733142582502604,-59.56439012930807,25.782391951014358,0.0031447103858383884,-1.5333973507847998,1.2666400026014153e-08
0.32709476505905855,-59.5638412500908,25.790718354446028,0.0037988646310485193,-1.5327497422779663,1.131964989739941e-08
0.3468581518530219,-59.56329319690416,25.799044698187753,0.004446882087848448,-1.5321042234828042,9.959022344554638e-09
0.3666215894115381,-59.562745969608706,25.807370982239544,0.0050887648186252726,-1.5314607997037382,8.584551050548355e-09
0.38638508093875085,-59.56219956806386,25.81569720660139,0.005724514888745526,-1.5308194762438065,7.196236015380563e-09
0.40614862963833087,-59.561653992127894,25.824023371273288,0.0063541343665555585,-1.5301802584046587,5.794127763654039e-09
0.42591223871346434,-59.56110924165795,25.83234947625526,0.006977625323381125,-1.5295431514865583,4.378158929231745e-09
0.4456759113668651,-59.56056531651004,25.84067552154729,0.00759498983352828,-1.5289081607883865,2.948396878250721e-09
0.46543965080076233,-59.560022216539025,25.84900150714937,0.008206229974282851,-1.5282752916076372,1.5047574030396674e-09
0.4852034602169065,-59.55947994159867,25.85732743306151,0.008811347825910691,-1.5276445492404216,4.732471126988254e-11
0.5049673428165679,-59.55893849154157,25.865653299283718,0.009410345471658142,-1.52701593898147,-1.4240190877984514e-09
0.5247313018005318,-59.55839786621922,25.87397910581598,0.010003224997751763,-1.5263894661241304,-2.9090887372884772e-09
0.5444953403691037,-59.55785806548194,25.882304852658308,0.010589988493398676,-1.5257651359603681,-4.408052652542792e-09
0.5642594617221028,-59.557319089178954,25.890630539810687,0.011170638050786708,-1.5251429537807726,-5.9207929428215785e-09
0.5840236690588657,-59.55678093715832,25.89895616727313,0.011745175765084406,-1.5245229248745522,-7.447427498864654e-09
0.6037879655782439,-59.55624360926702,25.907281735045633,0.012313603734441332,-1.5239050545295378,-8.987872113000721e-09
0.6235523544785998,-59.55570710535083,25.9156072431282,0.012875924059988055,-1.5232893480321834,-1.0542194151366816e-08
0.6433168389578149,-59.55517142525445,25.92393269152082,0.013432138845836453,-1.522675810667567,-1.2110309406291643e-08
0.6630814222132757,-59.554636568821415,25.9322580802235,0.01398225019907978,-1.5220644477193914,-1.369226840237798e-08
0.6828461074418879,-59.554102535894145,25.940583409236247,0.014526260229792929,-1.5214552644699857,-1.528805429809157e-08
0.702610897840062,-59.553569326313934,25.948908678559043,0.015064171051032376,-1.5208482662003053,-1.6897717618035184e-08
0.7223757966037212,-59.55303693992091,25.9572338881919,0.015595984778836454,-1.5202434581899325,-1.8521224679140313e-08
0.7421408069283005,-59.5525053765541,25.96555903813482,0.01612170353222576,-1.5196408457170782,-2.015854179833843e-08
0.7619059320087378,-59.551974636051426,25.9738841283878,0.016641329433202928,-1.5190404340585835,-2.1809668975629537e-08
0.7816711750394837,-59.5514447182496,25.982209158950845,0.01715486460675302,-1.518442228489919,-2.3474673577150676e-08
0.8014365392144925,-59.550915622984256,25.990534129823935,0.017662311180843767,-1.5178462342851877,-2.5153538761367582e-08
0.8212020277272275,-59.5503873500899,25.998859041007098,0.01816367128642546,-1.5172524567171215,-2.684626452828026e-08
0.840967643770656,-59.549859899399884,26.00718389250031,0.018658947057431454,-1.5166609010570888,-2.855278351175167e-08
0.8607333905372491,-59.54933327074645,26.015508684303587,0.01914814063077826,-1.5160715725750897,-3.027316307791885e-08
0.8804992712189841,-59.54880746396069,26.023833416416927,0.019631254146365684,-1.5154844765397586,-3.200742006831606e-08
0.9002652890073383,-59.548282478872565,26.03215808884032,0.0201082897470769,-1.5148996182183665,-3.375550395834051e-08
0.9200314470932939,-59.54775831531096,26.040482701573772,0.020579249578778908,-1.5143170028768207,-3.551743158952648e-08
0.9397977486673347,-59.54723497310352,26.048807254617284,0.0210441357903227,-1.5137366357796649,-3.729321980340822e-08
0.9595641969194421,-59.546712452076854,26.05713174797086,0.02150295053354305,-1.5131585221900814,-3.9082902283054246e-08
0.9793307950391023,-59.54619075205641,26.065456181634488,0.021955695963259518,-1.5125826673698923,-4.088639482079327e-08
0.9990975462152952,-59.54566987286651,26.073780555608177,0.022402374237275674,-1.5120090765795575,-4.270376478276232e-08
1.018864453636505,-59.54514981433033,26.082104869891932,0.022842987516380232,-1.5114377550781783,-4.4534978485892874e-08
1.038631520490707,-59.544630576269945,26.090429124485738,0.023277537964346503,-1.5108687081235006,-4.6380035930184944e-08
1.0583987499653789,-59.54411215850627,26.0987533193896,0.0237060277479333,-1.510301940971908,-4.823897079870704e-08
1.0781661452474927,-59.5435945608591,26.107077454603534,0.024128459036884632,-1.5097374588784296,-5.011174940839065e-08
1.097933709523513,-59.543077783147105,26.115401530127517,0.02454483400393005,-1.5091752670967398,-5.1998455966907065e-08
1.1177014459794048,-59.542561825187846,26.12372554596156,0.024955154824785164,-1.5086153708791552,-5.3898972583516474e-08
1.1374693578006192,-59.54204668679772,26.13204950210567,0.02535942367815151,-1.5080577754766409,-5.581338346589017e-08
1.1572374481721066,-59.54153236779199,26.140373398559824,0.02575764274571694,-1.5075024861388076,-5.7741688614028155e-08
1.1770057202783069,-59.54101886798484,26.148697235324047,0.026149814212155842,-1.506949508113912,-5.968378697872488e-08
1.19677417730315,-59.54050618718928,26.15702101239833,0.026535940265129388,-1.506398846648862,-6.16398132922544e-08
1.2165428224300596,-59.5399943252172,26.165344729782667,0.026916023095285832,-1.505850506989213,-6.360970018847969e-08
1.236311658841946,-59.539483281879384,26.173668387477072,0.027290064896260662,-1.5053044943791698,-6.55934308258665e-08
1.2560806897212122,-59.53897305698545,26.181991985481528,0.027658067864676845,-1.5047608140615902,-6.759112309515463e-08
1.2758499182497436,-59.53846365034391,26.19031552379604,0.02802003420014525,-1.5042194712779828,-6.960267594713853e-08
1.2956193476089195,-59.537955061762155,26.198639002420613,0.028375966105264595,-1.503680471268507,-7.162807254028396e-08
1.3153889809796027,-59.53744729104643,26.206962421355247,0.028725865785622088,-1.5031438192719784,-7.366741392379643e-08
1.3351588215421393,-59.536940338001884,26.215285780599938,0.029069735449793327,-1.5026095205258652,-7.57205653654019e-08
1.3549288724763666,-59.53643420243249,26.223609080154684,0.029407577309342806,-1.50207758026629,-7.778766159737446e-08
1.3746991369616002,-59.535928884141114,26.231932320019492,0.029739393578824064,-1.501548003728033,-7.986866893664554e-08
1.394469618176642,-59.535424382929534,26.24025550019436,0.03006518647578,-1.5010207961445292,-8.196352001707814e-08
1.4142403192997786,-59.53492069859831,26.24857862067929,0.030384958220743292,-1.5004959627478738,-8.407233272941207e-08
1.4340112435087722,-59.53441783094699,26.256901681474275,0.030698711037236318,-1.4999735087688177,-8.6194955499839e-08
1.4537823939808734,-59.53391577977389,26.265224682579316,0.031006447151771734,-1.4994534394367718,-8.833153990216724e-08
1.473553773892807,-59.53341454487625,26.273547623994414,0.031308168793852655,-1.4989357599798072,-9.048206909486256e-08
1.4933253864207836,-59.5329141260502,26.281870505719578,0.031603878195973004,-1.4984204756246553,-9.264645887025364e-08
1.5130972347404854,-59.53241452309071,26.290193327754796,0.03189357759361775,-1.4979075915967093,-9.482477659447754e-08
1.5328693220270768,-59.53191573579162,26.298516090100073,0.03217726922526313,-1.4973971131200243,-9.701698858446573e-08
1.5526416514552013,-59.531417763945676,26.306838792755407,0.0324549553323772,-1.4968890454173214,-9.922312852328673e-08
1.5724142261989733,-59.53092060734447,26.315161435720796,0.03272663815941958,-1.4963833937099802,-1.0144317956940627e-07
1.5921870494319874,-59.53042426577847,26.323484018996247,0.0329923199538427,-1.4958801632180503,-1.0367715856435861e-07
1.6119601243273105,-59.529928739037025,26.331806542581756,0.03325200296609091,-1.4953793591602438,-1.0592508234967804e-07
1.631733454057483,-59.529434026908355,26.340129006477326,0.03350568944960201,-1.4948809867539408,-1.08186917242296e-07
1.651507041794523,-59.52894012917958,26.348451410682955,0.03375338166080651,-1.4943850512151868,-1.1046266324221252e-07
1.6712808907099146,-59.52844704563664,26.35677375519863,0.03399508185912859,-1.4938915577586975,-1.1275240455709889e-07
1.691055003974617,-59.5279547760644,26.365096040024373,0.034230792306986196,-1.493400511597856,-1.150560232962153e-07
1.7108293847590612,-59.52746332024656,26.373418265160165,0.034460515269791527,-1.492911917944715,-1.1737363735030154e-07
1.7306040362331452,-59.52697267796574,26.381740430606026,0.03468425301595098,-1.4924257820099969,-1.197051288286178e-07
1.7503789615662395,-59.526482849003365,26.390062536361942,0.03490200781686592,-1.4919421090030967,-1.220506324634382e-07
1.7701541639271796,-59.52599383313983,26.398384582427912,0.03511378194693269,-1.4914609041320803,-1.244100472055571e-07
1.7899296464842718,-59.52550563015431,26.40670656880395,0.035319577683543144,-1.4909821726036858,-1.267834572626459e-07
1.8097054124052874,-59.52501823982494,26.415028495490038,0.035519397307084845,-1.4905059196233261,-1.2917077842703322e-07
1.8294814648574638,-59.52453166192865,26.423350362486186,0.035713243100941476,-1.490032150395088,-1.315720949063904e-07
1.8492578070075039,-59.52404589624129,26.431672169792385,0.03590111735149325,-1.4895608701217322,-1.339873730176489e-07
1.8690344420215765,-59.523560942537614,26.439993917408646,0.036083022348116965,-1.4890920840046953,-1.3641652855313743e-07
1.888811373065313,-59.52307680059117,26.448315605334965,0.03625896038318686,-1.488625797244092,-1.3885981413586988e-07
1.908588603303804,-59.52259347017446,26.456637233571342,0.03642893375207424,-1.4881620150387114,-1.4131697714283238e-07
1.9283661359016089,-59.52211095105882,26.464958802117778,0.036592944753148664,-1.4877007425860236,-1.4378813546476473e-07
1.9481439740227446,-59.52162924301448,26.47328031097427,0.03675099568777778,-1.4872419850821763,-1.4627327226013264e-07
1.9679221208306865,-59.52114834581051,26.48160176014082,0.036903088860327546,-1.4867857477219963,-1.4877243805353895e-07
1.9877005794883753,-59.520668259214936,26.489923149617425,0.037049226578163216,-1.4863320356989909,-1.5128553179577805e-07
2.0074793531582045,-59.52018898299455,26.49824447940409,0.03718941115164892,-1.4858808542053485,-1.538127050606583e-07
2.0272584450020306,-59.51971051691513,26.50656574950081,0.03732364489414883,-1.4854322084319396,-1.5635377259130281e-07
2.0470378581811626,-59.519232860741255,26.514886959907596,0.03745193012202699,-1.484986103568317,-1.589089196445885e-07
2.0668175958563726,-59.51875601423641,26.52320811062443,0.03757426915464763,-1.4845425448027167,-1.6147801148824125e-07
2.08659766118788,-59.51827997716295,26.53152920165132,0.0376906643143761,-1.4841015373220596,-1.6406118285453515e-07
2.1063780573353643,-59.5178047492821,26.53985023298827,0.03780111792657868,-1.4836630863119495,-1.666583832188674e-07
2.1261587874579617,-59.517330330354014,26.548171204635285,0.0379056323196233,-1.4832271969566775,-1.692695115320325e-07
2.145939854714254,-59.516856720137625,26.556492116592345,0.03800420982487977,-1.4827938744392206,-1.7189476989244148e-07
2.1657212622622817,-59.51638391839085,26.564812968859467,0.038096852776720175,-1.4823631239412411,-1.7453393936014905e-07
2.1855030132595323,-59.51591192487038,26.573133761436647,0.03818356351251933,-1.4819349506430917,-1.7718727255816903e-07
2.20528511086295,-59.51544073933189,26.581454494323882,0.038264344372655155,-1.4815093597238116,-1.7985453370502183e-07
2.225067558228924,-59.514970361529855,26.58977516752117,0.038339197700509114,-1.4810863563611303,-1.8253587437451578e-07
2.2448503585132933,-59.51450079121764,26.59809578102853,0.03840812584246643,-1.4806659457314655,-1.8523127772511663e-07
2.264633514871349,-59.51403202814753,26.606416334845935,0.038471131147916754,-1.4802481330099277,-1.8794072691529008e-07
2.2844170304578237,-59.513564072070615,26.614736828973403,0.03852821596925446,-1.479832923370318,-1.906642556281047e-07
2.3042009084269037,-59.513096922736956,26.62305726341092,0.038579382661878873,-1.4794203219851279,-1.934017628143549e-07
2.323985151932218,-59.5126305798954,26.631377638158497,0.03862463358419513,-1.4790103340255438,-1.961534168893833e-07
2.3437697641268374,-59.51216504329375,26.639697953216128,0.03866397109761386,-1.4786029646614447,-1.9891906627938152e-07
2.363554748163284,-59.511700312678634,26.64801820858382,0.0386973975665525,-1.478198219061404,-2.0169884571662368e-07
2.3833401071935163,-59.51123638779557,26.656338404261568,0.03872491535843497,-1.4777961023926889,-2.044926878349727e-07
2.4031258443689443,-59.510773268388974,26.664658540249373,0.038746526843692675,-1.4773966198212645,-2.0730066000056568e-07
2.422911962840409,-59.51031095420213,26.672978616547233,0.038762234395764296,-1.4769997765117895,-2.1012264432266276e-07
2.4426984657582045,-59.509849444977206,26.681298633155148,0.038772040391096885,-1.4766055776276223,-2.129587418504695e-07
2.462485356272054,-59.509388740455236,26.689618590073124,0.03877594720914571,-1.476214028330816,-2.1580895258398592e-07
2.482272637531129,-59.50892884037614,26.69793848730115,0.038773957232375235,-1.4758251337821244,-2.1867324284014347e-07
2.5020603126840344,-59.508469744478724,26.706258324839236,0.03876607284625917,-1.4754388991410008,-2.2155171366814773e-07
