galstreams/tracks/track.st.Sagittarius.antoja2020.ecsv
# %ECSV 1.0
# ---
# datatype:
# - {name: ra, unit: deg, datatype: float64}
# - {name: dec, unit: deg, datatype: float64}
# - {name: distance, unit: kpc, datatype: float64}
# - {name: pm_ra_cosdec, unit: mas / yr, datatype: float64}
# - {name: pm_dec, unit: mas / yr, datatype: float64}
# - {name: radial_velocity, unit: km / s, datatype: float64}
# delimiter: ','
# meta: !!omap
# - __serialized_columns__:
#     dec:
#       __class__: astropy.coordinates.angles.Latitude
#       unit: &id001 !astropy.units.Unit {unit: deg}
#       value: !astropy.table.SerializedColumn {name: dec}
#     distance:
#       __class__: astropy.coordinates.distances.Distance
#       unit: !astropy.units.Unit {unit: kpc}
#       value: !astropy.table.SerializedColumn {name: distance}
#     pm_dec:
#       __class__: astropy.units.quantity.Quantity
#       unit: !astropy.units.Unit {unit: mas / yr}
#       value: !astropy.table.SerializedColumn {name: pm_dec}
#     pm_ra_cosdec:
#       __class__: astropy.units.quantity.Quantity
#       unit: !astropy.units.Unit {unit: mas / yr}
#       value: !astropy.table.SerializedColumn {name: pm_ra_cosdec}
#     ra:
#       __class__: astropy.coordinates.angles.Longitude
#       unit: *id001
#       value: !astropy.table.SerializedColumn {name: ra}
#       wrap_angle: !astropy.coordinates.Angle
#         unit: *id001
#         value: 360.0
#     radial_velocity:
#       __class__: astropy.units.quantity.Quantity
#       unit: !astropy.units.Unit {unit: km / s}
#       value: !astropy.table.SerializedColumn {name: radial_velocity}
# schema: astropy-2.0
ra,dec,distance,pm_ra_cosdec,pm_dec,radial_velocity
[from data line 14498]
278.4712486026449,-28.040876640889692,29.964269032907854,-2.4025034742255613,-1.2058787317068016,1.515738083377021e-13
278.460185312256,-28.03871843251634,29.966746287648295,-2.4022492469081596,-1.2056390032274227,6.73661370389787e-14
278.4491224658309,-28.036559337868773,29.96922436052598,-2.401994933400365,-1.2053993702234558,-8.420767129872338e-15
278.43806006349365,-28.034399357063066,29.971703251961852,-2.401740533759397,-1.205159832690192,-1.6841534259744676e-14
278.4269981053682,-28.03223849021529,29.974182962376737,-2.4014860480424813,-1.2049203906228714,1.1789073981821273e-13
278.4159365915787,-28.030076737441583,29.976663492191324,-2.401231476306859,-1.2046810440166902,1.5999457546757442e-13
278.40487552224886,-28.02791409885812,29.979144841826187,-2.40097681860978,-1.2044417928667945,-4.210383564936169e-14
278.39381489750235,-28.025750574581092,29.981627011701782,-2.4007220750085074,-1.2042026371682777,1.347322740779574e-13
278.38275471746294,-28.023586164726716,29.984110002238463,-2.400467245560312,-1.2039635769161898,2.5262301389617013e-14
278.37169498225416,-28.021420869411266,29.986593813856416,-2.400212330322477,-1.2037246121055307,4.210383564936169e-14
278.3606356919995,-28.019254688751044,29.989078446975736,-2.3999573293522993,-1.203485742731251,1.347322740779574e-13
278.34957684682234,-28.017087622862352,29.991563902016416,-2.3997022427070815,-1.203246968788254,9.262843842859572e-14
278.3385184468461,-28.014919671861584,29.994050179398272,-2.3994470704441406,-1.203008290271394,0.0
278.32746049219384,-28.01275083586512,29.996537279541034,-2.3991918126208036,-1.2027697071754768,1.0104920555846805e-13
278.3164029829887,-28.01058111498939,29.99902520286431,-2.398936469294408,-1.202531219495259,2.1893994537668078e-13
278.30534591935384,-28.008410509350846,30.001513949787565,-2.3986810405223022,-1.202292827225451,1.5999457546757442e-13
278.29428930141216,-28.006239019065994,30.004003520730144,-2.398425526361845,-1.202054530360714,-8.420767129872338e-15
278.2832331292865,-28.004066644251363,30.006493916111292,-2.398169926870407,-1.201816328895659,3.368306851948935e-14
278.2721774030996,-28.001893385023497,30.008985136350102,-2.3979142421053674,-1.2015782228248497,-1.0104920555846805e-13
278.2611221229742,-27.999719241499005,30.011477181865533,-2.397658472124122,-1.2013402121428012,2.442022467662978e-13
278.250067289033,-27.997544213794512,30.01397005307646,-2.3974026169840674,-1.2011022968439837,7.578690416885104e-14
278.2390129013983,-27.99536830202667,30.01646375040159,-2.397146676742618,-1.2008644769228134,9.262843842859572e-14
278.22795896019267,-27.99319150631217,30.01895827425954,-2.3968906514571975,-1.2006267523736613,5.0524602779234026e-14
278.2169054655384,-27.99101382676774,30.02145362506876,-2.3966345411852403,-1.2003891231908497,2.1051917824680845e-13
278.2058524175578,-27.988835263510143,30.0239498032476,-2.396378345984191,-1.2001515893686543,3.368306851948935e-14
278.1947998163729,-27.986655816656157,30.02644680921429,-2.3961220659115012,-1.1999141509012978,2.020984111169361e-13
278.1837476621059,-27.98447548632261,30.028944643386907,-2.3958657010246407,-1.1996768077829598,1.9367764398706378e-13
278.1726959548787,-27.98229427262637,30.031443306183412,-2.395609251381082,-1.199439560007769,1.6841534259744677e-13
278.16164469481316,-27.9801121756843,30.033942798021652,-2.3953527170383135,-1.1992024075698051,1.9367764398706378e-13
278.1505938820313,-27.977929195613353,30.036443119319316,-2.3950960980538314,-1.1989653504631033,4.210383564936169e-14
278.13954351665456,-27.97574533253046,30.03894427049398,-2.394839394485143,-1.1987283886816458,-5.0524602779234026e-14
278.12849359880465,-27.973560586552622,30.0414462519631,-2.394582606389766,-1.198491522219369,-8.420767129872338e-15
278.11744412860315,-27.971374957796844,30.043949064144,-2.3943257338252275,-1.1982547510701609,6.73661370389787e-14
278.1063951061716,-27.969188446380187,30.046452707453852,-2.3940687768490663,-1.198018075227862,1.0946997268834039e-13
278.09534653163115,-27.967001052419736,30.048957182309707,-2.393811735518833,-1.1977814946862642,1.6841534259744677e-13
278.08429840510325,-27.964812776032602,30.0514624891285,-2.393554609892085,-1.1975450094391102,1.347322740779574e-13
278.07325072670903,-27.962623617335947,30.05396862832702,-2.3932974000263902,-1.1973086194800973,-9.262843842859572e-14
278.06220349656957,-27.960433576446952,30.056475600321935,-2.39304010597933,-1.1970723248028694,1.6841534259744676e-14
278.05115671480587,-27.958242653482817,30.05898340552977,-2.3927827278084943,-1.1968361254010276,1.0104920555846805e-13
278.0401103815388,-27.956050848560793,30.061492044366936,-2.392525265571481,-1.1966000212681225,1.0104920555846805e-13
278.02906449688936,-27.953858161798184,30.064001517249682,-2.392267719325902,-1.1963640123976587,-6.73661370389787e-14
278.01801906097813,-27.951664593312284,30.066511824594148,-2.392010089129378,-1.1961280987830878,6.73661370389787e-14
278.0069740739258,-27.949470143220434,30.06902296681635,-2.3917523750395375,-1.195892280417818,1.347322740779574e-13
277.995929535853,-27.94727481164002,30.071534944332125,-2.391494577114023,-1.1956565572952091,1.8525687685719145e-13
277.9848854468802,-27.94507859868845,30.074047757557228,-2.3912366954104822,-1.1954209294085705,1.8525687685719145e-13
277.9738418071277,-27.942881504483168,30.076561406907242,-2.390978729986579,-1.1951853967511663,4.210383564936169e-14
277.9627986167158,-27.940683529141644,30.07907589279765,-2.3907206808999826,-1.1949499593162078,1.5999457546757442e-13
277.95175587576483,-27.938484672781396,30.08159121564377,-2.3904625482083732,-1.1947146170968654,9.262843842859572e-14
277.9407135843948,-27.93628493551995,30.08410737586079,-2.3902043319694424,-1.194479370086256,8.420767129872338e-14
277.92967174272576,-27.93408431747488,30.086624373863778,-2.3899460322408896,-1.1942442182774489,1.0946997268834039e-13
277.9186303508778,-27.931882818763807,30.08914221006765,-2.389687649080429,-1.1940091616634696,7.578690416885104e-14
277.9075894089706,-27.92968043950435,30.09166088488719,-2.3894291825457765,-1.1937742002372915,4.210383564936169e-14
277.8965489171239,-27.927477179814176,30.094180398737052,-2.3891706326946647,-1.19353933399184,5.894536990910637e-14
277.8855088754575,-27.925273039810996,30.096700752031754,-2.3889119995848334,-1.1933045629199959,6.73661370389787e-14
277.874469284091,-27.923068019612543,30.099221945185647,-2.3886532832740333,-1.1930698870145902,-8.420767129872338e-15
277.86343014314383,-27.920862119336586,30.10174397861299,-2.388394483820025,-1.1928353062684045,7.578690416885104e-14
277.8523914527354,-27.918655339100905,30.104266852727886,-2.388135601280576,-1.1926008206741736,1.1789073981821273e-13
277.8413532129851,-27.916447679023346,30.10679056794428,-2.387876635713467,-1.1923664302245873,8.420767129872338e-14
277.83031542401216,-27.914239139221767,30.10931512467599,-2.387617587176489,-1.1921321349122829,1.0946997268834039e-13
277.8192780859356,-27.912029719814054,30.111840523336724,-2.3873584557274374,-1.1918979347298524,7.578690416885104e-14
277.80824119887467,-27.909819420918144,30.114366764339994,-2.3870992414241243,-1.191663829669841,0.0
277.7972047629482,-27.907608242651992,30.116893848099227,-2.386839944324367,-1.1914298197247417,1.6841534259744677e-13
277.7861687782751,-27.905396185133586,30.119421775027668,-2.3865805644859925,-1.1911959048870058,6.73661370389787e-14
277.77513324497414,-27.903183248480946,30.121950545538464,-2.386321101966838,-1.1909620851490308,2.1051917824680845e-13
277.7640981631642,-27.90096943281214,30.12448016004457,-2.386061556824754,-1.1907283605031724,-1.6841534259744676e-14
277.75306353296367,-27.898754738245234,30.12701061895884,-2.385801929117595,-1.1904947309417333,-4.210383564936169e-14
277.74202935449114,-27.896539164898357,30.129541922693974,-2.385542218903227,-1.1902611964569698,7.578690416885104e-14
277.73099562786507,-27.894322712889657,30.13207407166252,-2.385282426239528,-1.190027757041093,1.515738083377021e-13
277.71996235320387,-27.892105382337324,30.134607066276907,-2.3850225511843806,-1.189794412686265,-2.5262301389617013e-14
277.7089295306257,-27.88988717335956,30.137140906949398,-2.384762593795683,-1.1895611633845975,1.0104920555846805e-13
277.6978971602488,-27.887668086074612,30.13967559409212,-2.3845025541313376,-1.1893280091281575,-8.420767129872338e-15
277.68686524219123,-27.885448120600763,30.14221112811707,-2.384242432249258,-1.1890949499089647,-2.5262301389617013e-14
277.675833776571,-27.883227277056328,30.144747509436073,-2.383982228207371,-1.188861985718989,-3.368306851948935e-14
277.66480276350586,-27.88100555555963,30.147284738460854,-2.383721942063604,-1.1886291165501524,1.1789073981821273e-13
277.65377220311393,-27.878782956229056,30.14982281560294,-2.3834615738759033,-1.1883963423943336,-7.578690416885104e-14
277.64274209551263,-27.876559479183015,30.152361741273754,-2.3832011237022184,-1.1881636632433572,1.9367764398706378e-13
277.63171244081985,-27.874335124539932,30.154901515884553,-2.3829405916005095,-1.1879310790890063,5.894536990910637e-14
277.620683239153,-27.87210989241828,30.157442139846477,-2.3826799776287477,-1.1876985899230115,1.2631150694808508e-13
277.6096544906296,-27.869883782936558,30.159983613570475,-2.3824192818449124,-1.18746619573706,-5.894536990910637e-14
277.598626195367,-27.8676567962133,30.16252593746738,-2.3821585043069935,-1.1872338965227873,4.210383564936169e-14
277.58759835348235,-27.865428932367063,30.165069111947886,-2.3818976450729856,-1.187001692271784,1.6841534259744677e-13
277.57657096509314,-27.863200191516455,30.167613137422506,-2.3816367042008983,-1.186769582975594,9.262843842859572e-14
277.56554403031623,-27.860970573780087,30.17015801430164,-2.3813756817487457,-1.1865375686257116,-8.420767129872338e-15
277.5545175492687,-27.85874007927663,30.172703742995534,-2.381114577774556,-1.1863056492135828,1.1789073981821273e-13
277.54349152206754,-27.856508708124768,30.175250323914263,-2.3808533923363613,-1.1860738247306095,2.020984111169361e-13
277.5324659488296,-27.85427646044322,30.177797757467772,-2.3805921254922064,-1.1858420951681445,8.420767129872338e-15
277.5214408296716,-27.852043336350746,30.180346044065878,-2.3803307773001445,-1.1856104605174913,-5.0524602779234026e-14
277.5104161647101,-27.849809335966118,30.182895184118205,-2.380069347818235,-1.1853789207699073,-2.5262301389617013e-14
277.49939195406176,-27.84757445940817,30.185445178034257,-2.379807837104551,-1.1851474759166032,2.5262301389617013e-14
277.4883681978431,-27.845338706795737,30.18799602622338,-2.379546245217172,-1.1849161259487426,5.894536990910637e-14
277.47734489617045,-27.843102078247693,30.190547729094774,-2.3792845722141864,-1.1846848708574393,1.1789073981821273e-13
277.4663220491602,-27.84086457388296,30.193100287057483,-2.379022818153691,-1.1844537106337631,-6.73661370389787e-14
277.4552996569285,-27.83862619382048,30.1956537005204,-2.378760983093796,-1.1842226452687326,1.0946997268834039e-13
277.4442777195915,-27.83638693817922,30.19820796989228,-2.378499067092613,-1.1839916747533223,1.0946997268834039e-13
277.43325623726525,-27.83414680707818,30.200763095581717,-2.378237070208268,-1.183760799078457,5.0524602779234026e-14
277.42223521006565,-27.831905800636406,30.20331907799714,-2.3779749924988964,-1.1835300182350157,1.8525687685719145e-13
277.4112146381087,-27.82966391897296,30.205875917546855,-2.377712834022638,-1.1832993322138305,4.210383564936169e-14
277.40019452151,-27.82742116220694,30.20843361463899,-2.377450594837644,-1.1830687410056837,-8.420767129872338e-15
277.38917486038537,-27.825177530457477,30.210992169681543,-2.3771882750020765,-1.1828382446013128,-7.578690416885104e-14
277.37815565485033,-27.82293302384374,30.213551583082324,-2.376925874574103,-1.1826078429914064,8.420767129872338e-14
277.3671369050204,-27.82068764248491,30.21611185524903,-2.376663393611902,-1.1823775361666073,1.2631150694808508e-13
277.356118611011,-27.8184413865002,30.21867298658919,-2.376400832173656,-1.1821473241175098,-5.894536990910637e-14
277.3451007729375,-27.816194256008895,30.221234977510154,-2.3761381903175653,-1.1819172068346608,1.768361097273191e-13
277.33408339091517,-27.813946251130247,30.223797828419162,-2.3758754681018286,-1.1816871843085626,3.368306851948935e-14
277.323066465059,-27.8116973719836,30.226361539723264,-2.375612665584662,-1.1814572565296664,1.2631150694808508e-13
277.31204999548424,-27.809447618688285,30.228926111829363,-2.375349782824284,-1.18122742348838,-2.5262301389617013e-14
277.30103398230574,-27.807196991363696,30.231491545144216,-2.375086819878927,-1.1809976851750599,3.368306851948935e-14
277.29001842563844,-27.804945490129228,30.23405784007442,-2.3748237768068257,-1.1807680415800186,8.420767129872338e-14
277.27900332559716,-27.802693115104336,30.236624997026407,-2.374560653666229,-1.1805384926935216,5.894536990910637e-14
277.26798868229656,-27.800439866408485,30.23919301640646,-2.3742974505153924,-1.180309038505785,1.768361097273191e-13
277.2569744958513,-27.798185744161177,30.24176189862072,-2.374034167412578,-1.18007967900698,2.1051917824680845e-13
277.24596076637584,-27.79593074848194,30.244331644075146,-2.373770804416059,-1.1798504141872286,1.2631150694808508e-13
277.23494749398475,-27.793674879490357,30.246902253175538,-2.3735073615841165,-1.1796212440366083,1.6841534259744676e-14
277.22393467879226,-27.79141813730602,30.249473726327555,-2.37324383897504,-1.179392168545147,1.6841534259744676e-14
277.21292232091264,-27.78916052204854,30.252046063936707,-2.3729802366471264,-1.1791631877028257,-2.5262301389617013e-14
277.2019104204601,-27.786902033837595,30.2546192664083,-2.372716554658683,-1.1789343014995812,1.8525687685719145e-13
277.1908989775488,-27.784642672792867,30.257193334147534,-2.372452793068023,-1.178705509925301,1.6841534259744677e-13
277.1798879922926,-27.782382439034073,30.259768267559416,-2.3721889519334702,-1.1784768129698253,2.1051917824680845e-13
277.1688774648055,-27.780121332680956,30.26234406704882,-2.371925031313353,-1.1782482106229488,-2.5262301389617013e-14
277.1578673952013,-27.77785935385332,30.264920733020418,-2.3716610312660156,-1.1780197028744175,-3.368306851948935e-14
277.14685778359376,-27.775596502670968,30.267498265878757,-2.371396951849803,-1.177791289713932,4.210383564936169e-14
277.1358486300964,-27.773332779253728,30.27007666602823,-2.3711327931230706,-1.1775629711311448,-2.5262301389617013e-14
277.12483993482294,-27.77106818372149,30.272655933873033,-2.370868555144185,-1.1773347471156623,-4.210383564936169e-14
277.11383169788667,-27.76880271619416,30.275236069817222,-2.370604237971517,-1.1771066176570435,4.210383564936169e-14
277.1028239194011,-27.766536376791667,30.27781707426469,-2.370339841663449,-1.1768785827448007,1.4315304120782974e-13
277.09181659947944,-27.764269165633973,30.280398947619187,-2.370075366278367,-1.1766506423683984,1.4315304120782974e-13
277.080809738235,-27.762001082841085,30.28298169028425,-2.3698108118746704,-1.1764227965172578,-3.368306851948935e-14
277.06980333578076,-27.759732128533035,30.285565302663287,-2.369546178510766,-1.1761950451807477,1.4315304120782974e-13
277.05879739222974,-27.757462302829857,30.28814978515957,-2.369281466245062,-1.1759673883481938,2.020984111169361e-13
277.047791907695,-27.755191605851667,30.29073513817614,-2.3690166751359842,-1.175739826008876,-2.5262301389617013e-14
277.0367868822893,-27.752920037718567,30.293321362115925,-2.36875180524196,-1.1755123581520226,-6.73661370389787e-14
277.0257823161253,-27.750647598550717,30.295908457381685,-2.3684868566214283,-1.1752849847668192,8.420767129872338e-15
277.01477820931575,-27.748374288468295,30.298496424375987,-2.368221829332833,-1.1750577058424037,2.5262301389617013e-14
277.0037745619733,-27.74610010759151,30.301085263501264,-2.367956723434629,-1.174830521367867,1.6841534259744676e-14
