galstreams/tracks/track.st.M5.ibata2024.ecsv
# %ECSV 1.0
# ---
# datatype:
# - {name: ra, unit: deg, datatype: float64}
# - {name: dec, unit: deg, datatype: float64}
# - {name: distance, unit: kpc, datatype: float64}
# - {name: pm_ra_cosdec, unit: mas / yr, datatype: float64}
# - {name: pm_dec, unit: mas / yr, datatype: float64}
# - {name: radial_velocity, unit: km / s, datatype: float64}
# delimiter: ','
# meta: !!omap
# - __serialized_columns__:
#     dec:
#       __class__: astropy.coordinates.angles.Latitude
#       unit: &id001 !astropy.units.Unit {unit: deg}
#       value: !astropy.table.SerializedColumn {name: dec}
#     distance:
#       __class__: astropy.coordinates.distances.Distance
#       unit: !astropy.units.Unit {unit: kpc}
#       value: !astropy.table.SerializedColumn {name: distance}
#     pm_dec:
#       __class__: astropy.units.quantity.Quantity
#       unit: !astropy.units.Unit {unit: mas / yr}
#       value: !astropy.table.SerializedColumn {name: pm_dec}
#     pm_ra_cosdec:
#       __class__: astropy.units.quantity.Quantity
#       unit: !astropy.units.Unit {unit: mas / yr}
#       value: !astropy.table.SerializedColumn {name: pm_ra_cosdec}
#     ra:
#       __class__: astropy.coordinates.angles.Longitude
#       unit: *id001
#       value: !astropy.table.SerializedColumn {name: ra}
#       wrap_angle: !astropy.coordinates.Angle
#         unit: *id001
#         value: 360.0
#     radial_velocity:
#       __class__: astropy.units.quantity.Quantity
#       unit: !astropy.units.Unit {unit: km / s}
#       value: !astropy.table.SerializedColumn {name: radial_velocity}
# schema: astropy-2.0
ra,dec,distance,pm_ra_cosdec,pm_dec,radial_velocity
[from data line 1452]
203.37251196732024,15.059295623987387,0.9999999999999999,3.278690213182925,-8.515952825916328,-45.96921861494114
203.3820976851399,15.055501164272428,0.9999999999999999,3.2789595915366556,-8.51648537807326,-45.95451895919262
203.3916830172811,15.05170619918569,0.9999999999999998,3.279229057210567,-8.51701766960404,-45.9398126909504
203.40126796374446,15.047910728726972,0.9999999999999998,3.279498610258622,-8.51754970118797,-45.92509975969419
203.41085252453053,15.044114752896153,0.9999999999999999,3.2797682507346333,-8.518081473504331,-45.91038011490367
203.42043669963977,15.04031827169308,1.0,3.280037978692271,-8.518612987232427,-45.89565370605853
203.43002048907283,15.036521285117612,0.9999999999999998,3.2803077941850702,-8.519144243051551,-45.88092048263846
203.43960389283032,15.032723793169612,0.9999999999999998,3.280577697266408,-8.519675241641002,-45.86618039412316
203.44918691091283,15.028925795848973,0.9999999999999999,3.280847687989539,-8.52020598368008,-45.851433389992316
203.4587695433211,15.025127293155517,0.9999999999999997,3.2811177664075584,-8.520736469848089,-45.83667941972562
203.46835179005572,15.021328285089133,1.0,3.281387932573424,-8.521266700824327,-45.82191843280275
203.4779336511174,15.017528771649715,0.9999999999999999,3.281658186539953,-8.521796677288101,-45.80715037870342
203.48751512650688,15.01372875283714,0.9999999999999998,3.2819285283598214,-8.522326399918727,-45.79237520690731
203.49709621622478,15.009928228651306,0.9999999999999999,3.2821989580855617,-8.522855869395501,-45.77759286689408
203.50667692027196,15.006127199092077,0.9999999999999999,3.2824694757695565,-8.523385086397742,-45.7628033081435
203.5162572386492,15.002325664159358,1.0,3.2827400814640564,-8.523914051604763,-45.74800648013517
203.5258371713572,14.998523623853055,0.9999999999999999,3.283010775221174,-8.524442765695875,-45.73320233234884
203.53541671839682,14.994721078173068,0.9999999999999999,3.283281557092862,-8.524971229350394,-45.718390814264176
203.5449958797688,14.990918027119328,0.9999999999999999,3.2835524271309495,-8.525499443247638,-45.7035718753609
203.55457465547417,14.987114470691703,0.9999999999999998,3.283823385387115,-8.526027408066929,-45.688745465118664
203.56415304551368,14.983310408890125,0.9999999999999999,3.284094431912894,-8.526555124487581,-45.67391153301719
203.57373104988824,14.979505841714518,0.9999999999999999,3.2843655667596843,-8.527082593188918,-45.65907002853612
203.5833086685987,14.975700769164805,0.9999999999999999,3.284636789978742,-8.52760981485027,-45.64422090115521
203.592885901646,14.97189519124094,0.9999999999999998,3.2849081016211836,-8.528136790150958,-45.629364100354096
203.60246274903122,14.968089107942795,0.9999999999999999,3.2851795017379763,-8.528663519770308,-45.61449957561251
203.6120392107552,14.964282519270347,0.9999999999999998,3.285450990379956,-8.52919000438765,-45.599627276410125
203.62161528681898,14.960475425223517,1.0,3.2857225675978072,-8.52971624468231,-45.58474715222665
203.63119097722353,14.956667825802262,0.9999999999999999,3.2859942334420835,-8.530242241333628,-45.569859152541696
203.64076628196983,14.952859721006552,0.9999999999999998,3.2862659879631977,-8.530767995020929,-45.554963226835085
203.65034120105906,14.949051110836287,0.9999999999999999,3.286537831211405,-8.531293506423548,-45.540059324586416
203.65991573449224,14.945241995291441,0.9999999999999999,3.286809763236841,-8.531818776220826,-45.52514739527538
203.66948988227045,14.941432374371985,0.9999999999999999,3.287081784089485,-8.532343805092099,-45.510227388381736
203.67906364439474,14.937622248077872,0.9999999999999998,3.2873538938191857,-8.532868593716698,-45.4952992533851
203.68863702086625,14.933811616409104,0.9999999999999998,3.2876260924756493,-8.533393142773972,-45.4803629397652
203.69821001168626,14.930000479365587,0.9999999999999999,3.2878983801084387,-8.533917452943255,-45.46541839700171
203.70778261685575,14.926188836947334,0.9999999999999998,3.2881707567669713,-8.534441524903897,-45.450465574574345
203.71735483637607,14.922376689154323,0.9999999999999999,3.288443222500537,-8.534965359335239,-45.43550442196279
203.72692667024833,14.91856403598653,1.0,3.288715777358274,-8.535488956916625,-45.420534888646706
203.7364981184738,14.914750877443943,0.9999999999999998,3.2889884213891913,-8.536012318327403,-45.40555692410582
203.74606918105363,14.91093721352658,0.9999999999999999,3.289261154642146,-8.536535444246917,-45.39057047781981
203.75563985798922,14.907123044234384,0.9999999999999998,3.289533977165862,-8.537058335354523,-45.375575499268365
203.76521014928184,14.903308369567378,0.9999999999999999,3.289806889008923,-8.537580992329568,-45.36057193793118
203.77478005493276,14.899493189525565,1.0,3.290079890219771,-8.538103415851403,-45.34555974328794
203.7843495749433,14.895677504108955,0.9999999999999998,3.290352980846711,-8.538625606599382,-45.330538864818315
203.79391870931474,14.891861313317566,0.9999999999999999,3.2906261609379075,-8.539147565252852,-45.31550925200206
203.80348745804858,14.88804461715138,0.9999999999999998,3.2908994305413777,-8.539669292491183,-45.3004708543188
203.8130558211462,14.88422741561043,0.9999999999999998,3.2911727897050134,-8.540190788993723,-45.285423621248256
203.82262379860893,14.880409708694739,0.9999999999999999,3.2914462384765533,-8.540712055439826,-45.27036750227013
203.83219139043823,14.876591496404334,0.9999999999999999,3.2917197769036117,-8.541233092508858,-45.2553024468641
203.84175859663551,14.872772778739257,0.9999999999999999,3.2919934050336517,-8.54175390088017,-45.24022840450982
203.8513254172023,14.868953555699509,0.9999999999999998,3.292267122913993,-8.542274481233132,-45.22514532468704
203.8608918521401,14.865133827285137,0.9999999999999999,3.292540930591834,-8.542794834247102,-45.210053156875425
203.87045790145035,14.861313593496188,0.9999999999999999,3.292814828114221,-8.54331496060144,-45.19495185055467
203.88002356513462,14.857492854332698,0.9999999999999998,3.2930888155280624,-8.543834860975519,-45.17984135520445
203.88958884319436,14.853671609794741,0.9999999999999998,3.293362892880131,-8.544354536048699,-45.16472162030449
203.89915373563133,14.849849859882328,0.9999999999999999,3.2936370602170597,-8.544873986500338,-45.14959259533446
203.90871824244698,14.846027604595525,0.9999999999999999,3.293911317585343,-8.545393213009815,-45.134454229774036
203.91828236364296,14.842204843934399,0.9999999999999998,3.294185665031337,-8.545912216256495,-45.119306473102945
203.9278460992209,14.838381577899012,0.9999999999999998,3.2944601026012594,-8.546430996919742,-45.10414927480085
203.93740944918235,14.83455780648944,0.9999999999999998,3.2947346303411886,-8.546949555678937,-45.08898258434743
203.94697241352912,14.830733529705725,0.9999999999999998,3.2950092482970614,-8.547467893213438,-45.07380635122241
203.95653499226285,14.826908747547952,0.9999999999999999,3.2952839565146834,-8.547986010202624,-45.05862052490546
203.96609718538525,14.8230834600162,0.9999999999999999,3.2955587550397194,-8.54850390732587,-45.043425054876295
203.97565899289802,14.819257667110545,0.9999999999999999,3.2958336439176934,-8.549021585262544,-45.02821989061457
203.98522041480288,14.815431368831106,0.9999999999999998,3.2961086231939998,-8.549539044692024,-45.013004981600005
203.99478145110172,14.81160456517791,0.9999999999999999,3.2963836929138783,-8.550056286293682,-44.99778027731227
204.00434210179623,14.807777256151079,0.9999999999999998,3.2966588531224486,-8.550573310746897,-44.98254572723107
204.01390236688823,14.803949441750703,0.9999999999999999,3.2969341038646784,-8.551090118731047,-44.9673012808361
204.02346224637955,14.800121121976886,1.0,3.297209445185415,-8.551606710925507,-44.952046887607025
204.0330217402721,14.79629229682973,0.9999999999999998,3.2974848771293517,-8.55212308800966,-44.93678249702357
204.04258084856758,14.792462966309357,0.9999999999999999,3.297760399741052,-8.55263925066288,-44.92150805856542
204.0521395712681,14.788633130415837,0.9999999999999998,3.2980360130649364,-8.553155199564554,-44.90622352171224
204.0616979083754,14.7848027891493,0.9999999999999999,3.2983117171452956,-8.553670935394054,-44.89092883594373
204.07125585989152,14.780971942509867,0.9999999999999999,3.2985875120262778,-8.554186458830767,-44.8756239507396
204.08081342581835,14.777140590497652,0.9999999999999998,3.2988633977518997,-8.554701770554075,-44.86030881557953
204.09037060615782,14.773308733112808,0.9999999999999998,3.2991393743660384,-8.55521687124336,-44.8449833799432
204.099927400912,14.769476370355415,0.9999999999999998,3.2994154419124255,-8.55573176157801,-44.82964759331031
204.1094838100829,14.765643502225617,0.9999999999999998,3.299691600434666,-8.556246442237402,-44.81430140516056
204.11903983367247,14.76181012872356,0.9999999999999999,3.299967849976225,-8.556760913900927,-44.79894476497365
204.12859547168284,14.75797624984937,0.9999999999999999,3.300244190580433,-8.557275177247966,-44.78357762222922
204.13815072411597,14.754141865603218,0.9999999999999999,3.300520622290483,-8.557789232957909,-44.768199926407014
204.14770559097408,14.750306975985204,0.9999999999999999,3.300797145149425,-8.558303081710143,-44.7528116269867
204.15726007225922,14.74647158099549,0.9999999999999999,3.301073759200178,-8.558816724184055,-44.73741267344797
204.16681416797354,14.742635680634235,1.0,3.30135046448553,-8.559330161059028,-44.72200301527052
204.17636787811915,14.738799274901593,0.9999999999999999,3.301627261048123,-8.559843393014459,-44.70658260193406
204.18592120269818,14.73496236379774,0.9999999999999997,3.301904148930469,-8.560356420729732,-44.691151382918214
204.19547414171296,14.731124947322794,0.9999999999999998,3.302181128174943,-8.560869244884236,-44.675709307702746
204.2050266951656,14.727287025476944,0.9999999999999999,3.3024581988237753,-8.561381866157362,-44.660256325767314
204.21457886305834,14.723448598260356,0.9999999999999999,3.3027353609190726,-8.561894285228503,-44.64479238659163
204.22413064539344,14.719609665673206,0.9999999999999999,3.303012614502803,-8.562406502777046,-44.62931743965535
204.23368204217314,14.715770227715685,0.9999999999999999,3.303289959616798,-8.562918519482384,-44.61383143443818
204.2432330533998,14.711930284387929,0.9999999999999998,3.303567396302744,-8.56343033602391,-44.59833432041984
204.25278367907566,14.708089835690146,0.9999999999999998,3.303844924602203,-8.56394195308102,-44.58282604707998
204.26233391920312,14.704248881622519,0.9999999999999999,3.304122544556602,-8.564453371333096,-44.56730656389829
204.27188377378445,14.70040742218524,0.9999999999999998,3.3044002562072263,-8.564964591459542,-44.55177582035451
204.28143324282203,14.696565457378506,0.9999999999999999,3.304678059595228,-8.565475614139746,-44.53623376592827
204.29098232631833,14.692722987202488,0.9999999999999999,3.304955954761623,-8.565986440053104,-44.52068035009933
204.3005310242757,14.688880011657401,0.9999999999999998,3.3052339417472933,-8.56649706987901,-44.5051155223473
204.3100793366966,14.685036530743442,0.9999999999999998,3.3055120205929875,-8.567007504296857,-44.48953923215194
204.31962726358344,14.681192544460819,0.9999999999999999,3.305790191339317,-8.567517743986041,-44.4739514289929
204.32917480493873,14.677348052809743,0.9999999999999998,3.306068454026756,-8.56802778962596,-44.458352062349874
204.33872196076484,14.673503055790441,0.9999999999999999,3.306346808695648,-8.568537641896004,-44.442741081702565
204.3482687310645,14.669657553403091,1.0,3.306625255386202,-8.569047301475571,-44.427118436530684
204.3578151158401,14.665811545647932,0.9999999999999999,3.3069037941384885,-8.569556769044059,-44.41148407631388
204.3673611150942,14.661965032525183,0.9999999999999998,3.307182424992443,-8.570066045280864,-44.39583795053188
204.37690672882943,14.658118014035068,1.0,3.307461147987874,-8.570575130865379,-44.380180008664354
204.38645195704825,14.654270490177842,0.9999999999999999,3.307739963164448,-8.571084026477003,-44.36451020019099
204.39599679975342,14.650422460953687,0.9999999999999998,3.3080188705616984,-8.571592732795134,-44.34882847459148
204.40554125694754,14.646573926362864,0.9999999999999998,3.3082978702190253,-8.572101250499168,-44.33313478134555
204.41508532863318,14.642724886405603,0.9999999999999998,3.308576962175691,-8.5726095802685,-44.31742906993284
204.4246290148131,14.638875341082153,0.9999999999999998,3.3088561464708346,-8.57311772278253,-44.301711289833065
204.43417231548992,14.635025290392777,0.9999999999999999,3.309135423143453,-8.573625678720656,-44.285981390525905
204.44371523066644,14.631174734337678,0.9999999999999999,3.3094147922324058,-8.574133448762277,-44.27023932149107
204.4532577603453,14.627323672917129,0.9999999999999998,3.3096942537764242,-8.574641033586785,-44.254485032208265
204.46279990452936,14.623472106131384,0.9999999999999999,3.3099738078141048,-8.575148433873581,-44.23871847215714
204.47234166322127,14.619620033980699,0.9999999999999999,3.3102534543839077,-8.575655650302062,-44.2229395908174
204.48188303642385,14.61576745646535,0.9999999999999998,3.31053319352417,-8.576162683551628,-44.20714833766874
204.49142402414,14.611914373585567,1.0,3.310813025273077,-8.576669534301674,-44.19134466219084
204.5009646263725,14.608060785341632,0.9999999999999999,3.3110929496686965,-8.577176203231602,-44.175528513863426
204.51050484312418,14.604206691733824,0.9999999999999998,3.3113729667489524,-8.577682691020808,-44.159699842166134
204.52004467439798,14.60035209276239,0.9999999999999998,3.3116530765516483,-8.578188998348692,-44.1438585965787
204.52958412019666,14.596496988427658,0.9999999999999997,3.311933279114443,-8.578695125894646,-44.12800472658079
204.53912318052326,14.592641378729844,0.9999999999999999,3.3122135744748564,-8.57920107433807,-44.11213818165212
204.5486618553807,14.588785263669262,0.9999999999999998,3.312493962670295,-8.579706844358366,-44.09625891127237
204.5582001447719,14.584928643246183,0.9999999999999999,3.312774443738019,-8.58021243663493,-44.080366864921224
204.56773804869982,14.581071517460908,0.9999999999999999,3.3130550177151576,-8.580717851847156,-44.064461992078364
204.57727556716745,14.577213886313743,1.0,3.3133356846387088,-8.581223090674449,-44.04854424222351
204.5868127001779,14.573355749804943,0.9999999999999998,3.3136164445455423,-8.581728153796199,-44.03261356483631
204.59634944773407,14.569497107934819,0.9999999999999999,3.3138972974723813,-8.58223304189181,-44.01666990939651
204.60588580983912,14.565637960703679,0.9999999999999999,3.314178243455829,-8.582737755640677,-44.00071322538374
204.61542178649609,14.561778308111826,1.0,3.314459282532355,-8.583242295722194,-43.984743462277756
204.62495737770806,14.557918150159555,0.9999999999999998,3.314740414738292,-8.58374666281576,-43.96876056955819
204.6344925834781,14.55405748684721,1.0,3.315021640109844,-8.584250857600772,-43.95276449670479
204.64402740380945,14.550196318175054,0.9999999999999998,3.3153029586830804,-8.584754880756627,-43.936755193197186
204.65356183870523,14.546334644143423,0.9999999999999999,3.3155843704939394,-8.585258732962721,-43.92073260851511
204.66309588816858,14.54247246475264,0.9999999999999998,3.31586587557823,-8.585762414898452,-43.90469669213823
204.67262955220272,14.538609780003016,0.9999999999999999,3.3161474739716206,-8.586265927243211,-43.888647393546265
204.68216283081082,14.53474658989491,0.9999999999999998,3.316429165709662,-8.586769270676395,-43.87258466221888
204.6916957239962,14.530882894428592,0.9999999999999999,3.316710950827757,-8.587272445877408,-43.85650844763579
204.70122823176206,14.527018693604417,0.9999999999999998,3.31699282936119,-8.587775453525635,-43.84041869927665
204.7107603541117,14.523153987422726,0.9999999999999999,3.3172748013451034,-8.588278294300473,-43.82431536662118
204.7202920910484,14.519288775883844,0.9999999999999998,3.3175568668145226,-8.588780968881322,-43.80819839914907
204.72982344257545,14.515423058988135,0.9999999999999998,3.317839025804325,-8.58928347794757,-43.79206774633999
