galstreams/tracks/track.st.NGC3201.ibata2021.ecsv
# %ECSV 1.0
# ---
# datatype:
# - {name: ra, unit: deg, datatype: float64}
# - {name: dec, unit: deg, datatype: float64}
# - {name: distance, unit: kpc, datatype: float64}
# - {name: pm_ra_cosdec, unit: mas / yr, datatype: float64}
# - {name: pm_dec, unit: mas / yr, datatype: float64}
# - {name: radial_velocity, unit: km / s, datatype: float64}
# delimiter: ','
# meta: !!omap
# - __serialized_columns__:
#     dec:
#       __class__: astropy.coordinates.angles.Latitude
#       unit: &id001 !astropy.units.Unit {unit: deg}
#       value: !astropy.table.SerializedColumn {name: dec}
#     distance:
#       __class__: astropy.coordinates.distances.Distance
#       unit: !astropy.units.Unit {unit: kpc}
#       value: !astropy.table.SerializedColumn {name: distance}
#     pm_dec:
#       __class__: astropy.units.quantity.Quantity
#       unit: !astropy.units.Unit {unit: mas / yr}
#       value: !astropy.table.SerializedColumn {name: pm_dec}
#     pm_ra_cosdec:
#       __class__: astropy.units.quantity.Quantity
#       unit: !astropy.units.Unit {unit: mas / yr}
#       value: !astropy.table.SerializedColumn {name: pm_ra_cosdec}
#     ra:
#       __class__: astropy.coordinates.angles.Longitude
#       unit: *id001
#       value: !astropy.table.SerializedColumn {name: ra}
#       wrap_angle: !astropy.coordinates.Angle
#         unit: *id001
#         value: 360.0
#     radial_velocity:
#       __class__: astropy.units.quantity.Quantity
#       unit: !astropy.units.Unit {unit: km / s}
#       value: !astropy.table.SerializedColumn {name: radial_velocity}
# schema: astropy-2.0
ra,dec,distance,pm_ra_cosdec,pm_dec,radial_velocity
[from data line 1145]
163.45217156227747,-47.228719026237194,5.31948566878754,5.837737181382687,-0.4936239140875882,267.1235866387975
163.46710643804934,-47.228297851782166,5.32108455356818,5.839007879968293,-0.4876508516002973,267.30839064302023
163.48204214700692,-47.22786843152241,5.3226834139845876,5.840312895184235,-0.48165584123245875,267.4989826618329
163.49697868477796,-47.22743075266854,5.324282242404514,5.841652304676092,-0.4756388215331908,267.6953806138729
163.5119160469751,-47.2269848024317,5.3258810311957125,5.8430261860492525,-0.46959973098546737,267.8976024177769
163.52685422919598,-47.226530568023584,5.327479772725936,5.844434616868926,-0.46353850800616403,268.105665992182
163.54179322702296,-47.22606803665644,5.329078459362938,5.845877674660086,-0.45745509094606795,268.3195892557252
163.55673303602362,-47.225597195543095,5.330677083474468,5.847355436907474,-0.451349418089908,268.5393901270432
163.5716736517502,-47.22511803189691,5.33227563742828,5.848867981055571,-0.44522142765640105,268.7650865247733
163.58661506974002,-47.224630532931855,5.3338741135921275,5.850415384508572,-0.4390710577982704,268.9966963675524
163.60155728551536,-47.22413468586245,5.335472504333759,5.851997724630378,-0.43289824660227794,269.2342375740173
163.61650029458337,-47.223630477903804,5.337070802020933,5.853615078744565,-0.42670293208924903,269.4777280628051
163.63144409243625,-47.223117896271596,5.338668999021398,5.855267524134369,-0.42048505221411236,269.7271857525528
163.6463886745511,-47.222596928182135,5.340267087702906,5.856955138042671,-0.414244544865932,269.98262856189757
163.66133403639003,-47.22206756085229,5.341865060433213,5.858677997671959,-0.40798134786792595,270.24407440947596
163.67628017340004,-47.22152978149954,5.34346290958007,5.860436180184341,-0.40169539897750894,270.51154121392517
163.69122708101324,-47.22098357734198,5.345060627511228,5.862229762701487,-0.39538663588631096,270.78504689388217
163.70617475464667,-47.22042893559833,5.34665820659444,5.86405882230464,-0.38905499622022877,271.06460936798385
163.72112318970233,-47.21986584348788,5.3482556391974585,5.865923436034589,-0.3827004175394437,271.3502465548672
163.73607238156728,-47.219294288230586,5.349852917688037,5.867823680891634,-0.37632283733845373,271.6419763731694
163.75102232561358,-47.218714257047,5.351450034433927,5.86975963383559,-0.36992219304611407,271.9398167415272
163.76597301719823,-47.21812573715833,5.353046981802882,5.871731371785762,-0.3634984220256552,272.24378557857756
163.78092445166337,-47.217528715786415,5.354643752162653,5.8737389716209165,-0.3570514615747342,272.5539008029576
163.79587662433607,-47.21692318015372,5.356240337880994,5.875782510179272,-0.3505812489254563,272.8701803333042
163.8108295305285,-47.216309117483384,5.357836731325657,5.877862064258476,-0.34408772124440556,273.19264208825433
163.82578316553784,-47.21568651499916,5.359432924864394,5.879977710615596,-0.33757081563269065,273.52130398644505
163.84073752464633,-47.21505535992552,5.361028910864959,5.882129525967091,-0.33103046912596046,273.8561839465133
163.85569260312124,-47.21441563948751,5.362624681695102,5.884317586988795,-0.32446661869446825,274.19729988709594
163.8706483962149,-47.21376734091092,5.3642202297225765,5.886541970315914,-0.3178792012430618,274.54466972682997
163.88560489916475,-47.2131104514222,5.365815547315136,5.888802752542989,-0.3112681536112527,274.89831138435244
163.90056210719328,-47.21244495824843,5.367410626840532,5.891100010223882,-0.30463341257325105,275.25824277830037
163.9155200155081,-47.21177084861743,5.369005460666518,5.893433819871768,-0.29797491483796,275.6244818273106
163.93047861930185,-47.21108810975767,5.370600041160845,5.895804257959117,-0.29129259704907184,275.9970464500202
163.94543791375227,-47.21039672889832,5.3721943606912665,5.8982114009176705,-0.2845863957850572,276.3759545650661
163.9603978940223,-47.20969669326925,5.373788411625536,5.900655325138424,-0.2778562475592121,276.7612240910853
163.97535855525985,-47.20898799010105,5.375382186331403,5.90313610697162,-0.27110208881970177,277.15287294671475
163.99031989259805,-47.20827060662499,5.376975677176622,5.9056538227267215,-0.26432385594958685,277.55091905059146
164.00528190115514,-47.20754453007308,5.378568876528944,5.908208548672402,-0.25752148526686636,277.95538032135227
164.02024457603451,-47.20680974767802,5.380161776756126,5.910800361036523,-0.25069491302450597,278.3662746776343
164.0352079123246,-47.206066246673245,5.3817543702259165,5.913429336006132,-0.24384407541049047,278.7836200380746
