galstreams/tracks/track.st.NGC1261.ibata2021.ecsv
# %ECSV 0.9
# ---
# datatype:
# - {name: ra, unit: deg, datatype: float64}
# - {name: dec, unit: deg, datatype: float64}
# - {name: distance, unit: kpc, datatype: float64}
# - {name: pm_ra_cosdec, unit: mas / yr, datatype: float64}
# - {name: pm_dec, unit: mas / yr, datatype: float64}
# - {name: radial_velocity, unit: km / s, datatype: float64}
# delimiter: ','
# meta: !!omap
# - __serialized_columns__:
#     dec:
#       __class__: astropy.coordinates.angles.Latitude
#       unit: &id001 !astropy.units.Unit {unit: deg}
#       value: !astropy.table.SerializedColumn {name: dec}
#     distance:
#       __class__: astropy.coordinates.distances.Distance
#       unit: !astropy.units.Unit {unit: kpc}
#       value: !astropy.table.SerializedColumn {name: distance}
#     pm_dec:
#       __class__: astropy.units.quantity.Quantity
#       unit: !astropy.units.Unit {unit: mas / yr}
#       value: !astropy.table.SerializedColumn {name: pm_dec}
#     pm_ra_cosdec:
#       __class__: astropy.units.quantity.Quantity
#       unit: !astropy.units.Unit {unit: mas / yr}
#       value: !astropy.table.SerializedColumn {name: pm_ra_cosdec}
#     ra:
#       __class__: astropy.coordinates.angles.Longitude
#       unit: *id001
#       value: !astropy.table.SerializedColumn {name: ra}
#       wrap_angle: !astropy.coordinates.Angle
#         unit: *id001
#         value: 360.0
#     radial_velocity:
#       __class__: astropy.units.quantity.Quantity
#       unit: !astropy.units.Unit {unit: km / s}
#       value: !astropy.table.SerializedColumn {name: radial_velocity}
# schema: astropy-2.0
ra,dec,distance,pm_ra_cosdec,pm_dec,radial_velocity
[from data line 1546]
54.6551330238832,-48.79438287417062,22.04176958007425,1.9104880232091608,-1.681934007726614,-3.368306851948935e-14
54.66628969623281,-48.78598555318234,22.045604901251497,1.9108139498987853,-1.6810795917769465,-6.73661370389787e-14
54.67745568664717,-48.777589388444106,22.04944410015857,1.911139865122963,-1.680224307936561,-1.6841534259744676e-14
54.688631004077365,-48.76919437919711,22.053287183728255,1.9114657682031806,-1.6793681551528175,-3.368306851948935e-14
54.69981565747117,-48.76080052467726,22.05713415889333,1.9117916584596246,-1.6785111323734931,-6.73661370389787e-14
54.71100965577305,-48.75240782411504,22.060985032586583,1.9121175352111812,-1.6776532385467848,-1.6841534259744676e-14
54.72221300792416,-48.74401627673553,22.064839811740793,1.9124433977754376,-1.6767944726213089,0.0
54.73342572286241,-48.73562588175842,22.068698503288743,1.9127692454686793,-1.6759348335460995,-1.6841534259744676e-14
54.74464780952237,-48.72723663839805,22.072561114163214,1.9130950776058913,-1.6750743202706158,0.0
54.75587927683535,-48.718848545863295,22.07642765129698,1.9134208935007546,-1.6742129317447354,-1.6841534259744676e-14
54.767120133729364,-48.710461603357665,22.080298121622846,1.9137466924656485,-1.6733506669187599,-5.0524602779234026e-14
54.77837038912915,-48.70207581007925,22.084172532073573,1.9140724738116466,-1.6724875247434157,-3.368306851948935e-14
54.78963005195616,-48.69369116522074,22.088050889581957,1.9143982368485206,-1.6716235041698524,-3.368306851948935e-14
54.80089913112857,-48.685307667969376,22.09193320108077,1.914723980884736,-1.6707586041496463,-5.0524602779234026e-14
54.81217763556128,-48.67692531750702,22.0958194735028,1.9150497052274533,-1.669892823634799,0.0
54.8234655741659,-48.66854411301006,22.099709713780825,1.9153754091825248,-1.6690261615777415,-5.0524602779234026e-14
54.83476295585082,-48.660164053649495,22.103603928847633,1.9157010920544983,-1.6681586169313292,-5.0524602779234026e-14
54.846069789521096,-48.651785138590895,22.10750212563601,1.9160267531466113,-1.66729018864885,-5.0524602779234026e-14
54.857386084078584,-48.64340736699436,22.111404311078722,1.9163523917607965,-1.6664208756840213,0.0
54.86871184842182,-48.635030738014564,22.115310492108573,1.9166780071976726,-1.6655506769909891,-3.368306851948935e-14
54.8800470914461,-48.62665525080073,22.119220675658323,1.917003598756554,-1.6646795915243355,-6.73661370389787e-14
54.891391822043495,-48.61828090449666,22.123134868660767,1.9173291657354397,-1.663807618239071,-6.73661370389787e-14
54.90274604910278,-48.60990769824067,22.127053078048696,1.9176547074310215,-1.6629347560906407,-3.368306851948935e-14
54.91410978150949,-48.601535631165625,22.13097531075487,1.9179802231386784,-1.6620610040349266,-3.368306851948935e-14
54.925483028145884,-48.593164702398944,22.134901573712092,1.9183057121524756,-1.6611863610282436,-5.0524602779234026e-14
54.936865797891016,-48.584794911062566,22.138831873853135,1.9186311737651667,-1.6603108260273451,-8.420767129872338e-14
54.94825809962067,-48.57642625627299,22.14276621811078,1.918956607268191,-1.6594343979894195,-1.6841534259744676e-14
54.959659942207395,-48.568058737141165,22.14670461341781,1.9192820119516745,-1.6585570758720953,-5.0524602779234026e-14
54.97107133452049,-48.55969235277265,22.150647066707016,1.9196073871044266,-1.6576788586334388,-6.73661370389787e-14
54.98249228542601,-48.55132710226751,22.15459358491117,1.9199327320139412,-1.656799745231957,-1.6841534259744676e-14
54.9939228037868,-48.54296298472025,22.15854417496306,1.9202580459663972,-1.6559197346265984,-3.368306851948935e-14
55.00536289846242,-48.53459999921997,22.16249884379546,1.9205833282466556,-1.6550388257767523,-6.73661370389787e-14
55.01681257830925,-48.526238144850254,22.166457598341164,1.920908578138259,-1.6541570176422522,-5.0524602779234026e-14
55.02827185218041,-48.51787742068916,22.170420445532947,1.921233794923433,-1.6532743091833733,-5.0524602779234026e-14
55.0397407289258,-48.50951782580928,22.17438739230359,1.9215589778830833,-1.6523906993608382,-3.368306851948935e-14
55.051219217392095,-48.501159359277665,22.178358445585886,1.9218841262967952,-1.651506187135813,-8.420767129872338e-14
55.06270732642274,-48.4928020201559,22.182333612312608,1.9222092394428352,-1.6506207714699106,-5.0524602779234026e-14
55.074205064857956,-48.48444580750003,22.186312899416542,1.9225343165981474,-1.6497344513251933,-3.368306851948935e-14
55.08571244153475,-48.47609072036057,22.190296313830466,1.9228593570383563,-1.6488472256641706,-3.368306851948935e-14
55.097229465286915,-48.467736757782546,22.19428386248717,1.9231843600377603,-1.6479590934498007,-3.368306851948935e-14
55.10875614494503,-48.45938391880544,22.198275552319423,1.9235093248693378,-1.6470700536454936,-1.6841534259744676e-14
55.12029248933644,-48.451032202463196,22.20227139026002,1.9238342508047432,-1.6461801052151093,-5.0524602779234026e-14
55.131838507285316,-48.44268160778425,22.20627138324174,1.9241591371143068,-1.6452892471229612,-5.0524602779234026e-14
55.143394207612566,-48.43433213379151,22.210275538197365,1.9244839830670297,-1.6443974783338162,-3.368306851948935e-14
55.15495959913596,-48.425983779502275,22.214283862059677,1.9248087879305942,-1.6435047978128936,0.0
55.16653469066999,-48.41763654392836,22.21829636176146,1.9251335509713503,-1.6426112045258696,-3.368306851948935e-14
55.178119491025974,-48.40929042607603,22.22231304423549,1.9254582714543256,-1.6417166974388768,-8.420767129872338e-14
55.18971400901206,-48.400945424945974,22.226333916414564,1.9257829486432145,-1.6408212755185025,-3.368306851948935e-14
55.20131825343314,-48.39260153953332,22.230358985231447,1.9261075818003894,-1.639924937731796,-8.420767129872338e-14
55.21293223309096,-48.38425876882767,22.234388257618935,1.9264321701868876,-1.6390276830462605,-6.73661370389787e-14
55.224555956784044,-48.375917111813024,22.2384217405098,1.9267567130624226,-1.638129510429865,-1.6841534259744676e-14
55.23618943330772,-48.367576567467815,22.24245944083683,1.9270812096853729,-1.637230418851034,-8.420767129872338e-14
55.24783267145413,-48.35923713476495,22.246501365532808,1.9274056593127877,-1.6363304072786578,-3.368306851948935e-14
55.25948568001221,-48.35089881267169,22.250547521530514,1.9277300612003858,-1.635429474682089,-6.73661370389787e-14
55.27114846776775,-48.34256160014977,22.254597915762727,1.9280544146025511,-1.6345276200311423,0.0
55.2828210435033,-48.334225496155305,22.258652555162232,1.9283787187723354,-1.6336248422961002,-8.420767129872338e-14
55.294503415998264,-48.32589049963884,22.262711446661818,1.928702972961458,-1.6327211404477073,-5.0524602779234026e-14
55.30619559402885,-48.31755660954533,22.266774597194257,1.9290271764203035,-1.631816513457179,-1.6841534259744676e-14
55.317897586368076,-48.30922382481412,22.270842013692345,1.9293513283979182,-1.6309109602961962,-5.0524602779234026e-14
55.32960940178581,-48.30089214437897,22.274913703088846,1.9296754281420205,-1.6300044799369098,-3.368306851948935e-14
55.341331049048705,-48.292561567168,22.278989672316563,1.9299994748989833,-1.6290970713519384,-5.0524602779234026e-14
55.353062536920234,-48.28423209210379,22.28306992830826,1.9303234679138488,-1.6281887335143763,-5.0524602779234026e-14
55.36480387416076,-48.27590371810324,22.28715447799673,1.9306474064303192,-1.6272794653977838,-5.0524602779234026e-14
55.3765550695274,-48.267576444077655,22.291243328314753,1.9309712896907592,-1.6263692659761986,-5.0524602779234026e-14
55.38831613177414,-48.25925026893273,22.295336486195108,1.9312951169361936,-1.6254581342241297,-1.6841534259744676e-14
55.400087069651775,-48.25092519156852,22.29943395857058,1.9316188874063087,-1.6245460691165627,-5.0524602779234026e-14
55.41186789190796,-48.24260121087948,22.303535752373953,1.9319426003394493,-1.6236330696289567,-5.0524602779234026e-14
55.423658607287166,-48.2342783257544,22.307641874538007,1.9322662549726217,-1.6227191347372507,-1.6841534259744676e-14
55.435459224530675,-48.22595653507646,22.311752331995528,1.932589850541486,-1.6218042634178598,-3.368306851948935e-14
55.44726975237665,-48.217635837723186,22.315867131679294,1.9329133862803651,-1.6208884546476785,-5.0524602779234026e-14
55.45909019956009,-48.209316232566444,22.31998628052209,1.9332368614222377,-1.6199717074040811,-3.368306851948935e-14
55.47092057481278,-48.20099771847249,22.324109785456695,1.9335602751987357,-1.6190540206649233,-3.368306851948935e-14
55.48276088686342,-48.1926802943019,22.328237653415897,1.933883626840151,-1.618135393408542,-5.0524602779234026e-14
55.4946111444375,-48.18436395890961,22.33236989133247,1.9342069155754287,-1.6172158246137585,-5.0524602779234026e-14
55.50647135625738,-48.176048711144894,22.336506506139212,1.9345301406321673,-1.6162953132598763,-1.6841534259744676e-14
55.51834153104225,-48.167734549851346,22.340647504768878,1.9348533012366216,-1.6153738583266866,-1.6841534259744676e-14
55.53022167750817,-48.1594214738669,22.34479289415428,1.9351763966136981,-1.6144514587944627,-3.368306851948935e-14
55.54211180436803,-48.151109482023834,22.348942681228184,1.9354994259869562,-1.6135281136439696,-6.73661370389787e-14
55.554011920331575,-48.14279857314876,22.353096872923377,1.9358223885786072,-1.6126038218564576,-1.6841534259744676e-14
55.565922034105405,-48.13448874606256,22.357255476172643,1.9361452836095128,-1.6116785824136666,1.6841534259744676e-14
55.57784215439296,-48.12617999958048,22.36141849790876,1.936468110299186,-1.6107523942978283,-3.368306851948935e-14
55.58977228989456,-48.11787233251206,22.36558594506451,1.9367908678657897,-1.6098252564916642,-3.368306851948935e-14
55.60171244930735,-48.10956574366115,22.369757824572684,1.9371135555261358,-1.6088971679783883,-5.0524602779234026e-14
55.61366264132539,-48.10126023182591,22.37393414336604,1.9374361724956881,-1.6079681277417086,-5.0524602779234026e-14
55.6256228746395,-48.092955795798815,22.378114908377395,1.93775871798855,-1.6070381347658276,-6.73661370389787e-14
55.637593157937445,-48.08465243436662,22.382300126539516,1.938081191217481,-1.606107188035442,-3.368306851948935e-14
55.649573499903845,-48.076350146310354,22.386489804785178,1.9384035913938829,-1.6051752865357467,-1.6841534259744676e-14
55.66156390922012,-48.068048930405375,22.39068395004717,1.9387259177278042,-1.6042424292524342,-6.73661370389787e-14
55.673564394564615,-48.05974878542132,22.39488256925827,1.93904816942794,-1.6033086151716955,-5.0524602779234026e-14
55.685574964612535,-48.05144971012208,22.399085669351273,1.9393703457016267,-1.6023738432802188,-5.0524602779234026e-14
55.69759562803591,-48.043151703265856,22.403293257258944,1.9396924457548494,-1.601438112565197,-3.368306851948935e-14
55.70962639350368,-48.034854763605104,22.407505339914078,1.940014468792234,-1.6005014220143239,-6.73661370389787e-14
55.72166726968163,-48.026558889886566,22.411721924249456,1.9403364140170478,-1.5995637706157928,-1.6841534259744676e-14
55.73371826523242,-48.01826408085123,22.415943017197854,1.9406582806312027,-1.598625157358307,-5.0524602779234026e-14
55.74577938881559,-48.00997033523438,22.420168625692057,1.9409800678352531,-1.5976855812310695,-3.368306851948935e-14
55.757850649087544,-48.00167765176551,22.42439875666485,1.9413017748283907,-1.5967450412237922,-1.6841534259744676e-14
55.76993205470155,-47.99338602916843,22.428633417049017,1.941623400808449,-1.5958035363266947,-5.0524602779234026e-14
55.78202361430777,-47.98509546616112,22.43287261377733,1.9419449449719026,-1.5948610655305027,-3.368306851948935e-14
55.79412533655322,-47.97680596145591,22.43711635378258,1.9422664065138626,-1.5939176278264529,-3.368306851948935e-14
55.80623723008181,-47.968517513759295,22.441364643997556,1.942587784628079,-1.5929732222062927,-6.73661370389787e-14
55.818359303534336,-47.96023012177203,22.445617491355023,1.9429090785069414,-1.5920278476622796,-5.0524602779234026e-14
55.83049156554843,-47.951943784189126,22.449874902787784,1.943230287341473,-1.591081503187186,-1.6841534259744676e-14
55.84263402475866,-47.9436584996998,22.454136885228603,1.9435514103213363,-1.5901341877742958,0.0
55.85478668979641,-47.9353742669875,22.45840344561027,1.9438724466348294,-1.5891859004174096,-1.6841534259744676e-14
55.866949569290014,-47.92709108472992,22.462674590865564,1.9441933954688817,-1.5882366401108423,-3.368306851948935e-14
55.879122671864636,-47.918808951598976,22.466950327927275,1.9445142560090614,-1.5872864058494272,-3.368306851948935e-14
55.891306006142365,-47.910527866260765,22.47123066372818,1.944835027439569,-1.5863351966285149,0.0
55.90349958074211,-47.90224782737561,22.47551560520105,1.9451557089432379,-1.5853830114439775,-6.73661370389787e-14
55.91570340427974,-47.89396883359808,22.479805159278694,1.945476299701534,-1.5844298492922029,-3.368306851948935e-14
55.92791748536798,-47.8856908835769,22.484099332893873,1.9457967988945553,-1.5834757091701048,-1.6841534259744676e-14
55.94014183261641,-47.87741397595504,22.48839813297938,1.9461172057010303,-1.5825205900751178,-3.368306851948935e-14
55.95237645463156,-47.86913810936961,22.492701566467993,1.9464375192983203,-1.581564491005199,-3.368306851948935e-14
55.96462136001679,-47.86086328245199,22.497009640292493,1.9467577388624138,-1.5806074109588337,-1.6841534259744676e-14
55.97687655737239,-47.852589493827665,22.501322361385665,1.9470778635679309,-1.5796493489350296,-5.0524602779234026e-14
55.98914205529553,-47.844316742116405,22.50563973668029,1.947397892588119,-1.5786903039333233,-1.6841534259744676e-14
56.00141786238025,-47.83604502593207,22.50996177310915,1.9477178250948537,-1.5777302749537792,-1.6841534259744676e-14
56.01370398721748,-47.82777434388275,22.51428847760503,1.948037660258639,-1.5767692609969912,-8.420767129872338e-14
56.02600043839511,-47.819504694570725,22.518619857100717,1.9483573972486044,-1.5758072610640825,-1.6841534259744676e-14
56.03830722449785,-47.811236076592365,22.52295591852898,1.9486770352325076,-1.57484427415671,-3.368306851948935e-14
56.05062435410731,-47.80296848853831,22.527296668822608,1.9489965733767292,-1.5738802992770617,-3.368306851948935e-14
56.06295183580206,-47.794701928993284,22.531642114914384,1.9493160108462775,-1.5729153354278584,-1.6841534259744676e-14
56.07528967815746,-47.786436396536246,22.535992263737093,1.9496353468047833,-1.5719493816123595,-6.73661370389787e-14
56.08763788974586,-47.778171889740236,22.54034712222352,1.9499545804145004,-1.5709824368343566,1.6841534259744676e-14
56.09999647913646,-47.76990840717247,22.544706697306427,1.9502737108363095,-1.5700145000981807,-1.6841534259744676e-14
56.11236545489539,-47.76164594739434,22.549070995918623,1.9505927372297083,-1.5690455704086999,-1.6841534259744676e-14
56.12474482558562,-47.753384508961375,22.553440024992874,1.950911658752821,-1.5680756467713235,-3.368306851948935e-14
56.13713459976709,-47.745124090423225,22.557813791461964,1.95123047456239,-1.5671047281920003,-3.368306851948935e-14
56.149534785996586,-47.73686469032368,22.562192302258683,1.9515491838137802,-1.5661328136772201,-1.6841534259744676e-14
56.16194539282781,-47.72860630720068,22.56657556431582,1.9518677856609745,-1.5651599022340172,-5.0524602779234026e-14
56.17436642881138,-47.72034893958629,22.57096358456613,1.9521862792565776,-1.5641859928699708,-3.368306851948935e-14
56.186797902494796,-47.71209258600669,22.575356369942416,1.9525046637518109,-1.5632110845932021,-3.368306851948935e-14
56.19923982242248,-47.703837244982196,22.579753927377457,1.952822938296515,-1.5622351764123814,0.0
56.21169219713571,-47.69558291502724,22.584156263804033,1.9531411020391474,-1.5612582673367261,-1.6841534259744676e-14
56.224155035172714,-47.687329594650365,22.58856338615493,1.9534591541267825,-1.560280356376002,-3.368306851948935e-14
56.23662834506862,-47.67907728235423,22.592975301362923,1.9537770937051118,-1.5593014425405247,-3.368306851948935e-14
56.24911213535543,-47.670825976635584,22.597392016360807,1.9540949199184403,-1.5583215248411608,-5.0524602779234026e-14
