galstreams/tracks/track.st.C-8.ibata2021.ecsv
# %ECSV 1.0
# ---
# datatype:
# - {name: ra, unit: deg, datatype: float64}
# - {name: dec, unit: deg, datatype: float64}
# - {name: distance, unit: kpc, datatype: float64}
# - {name: pm_ra_cosdec, unit: mas / yr, datatype: float64}
# - {name: pm_dec, unit: mas / yr, datatype: float64}
# - {name: radial_velocity, unit: km / s, datatype: float64}
# delimiter: ','
# meta: !!omap
# - __serialized_columns__:
#     dec:
#       __class__: astropy.coordinates.angles.Latitude
#       unit: &id001 !astropy.units.Unit {unit: deg}
#       value: !astropy.table.SerializedColumn {name: dec}
#     distance:
#       __class__: astropy.coordinates.distances.Distance
#       unit: !astropy.units.Unit {unit: kpc}
#       value: !astropy.table.SerializedColumn {name: distance}
#     pm_dec:
#       __class__: astropy.units.quantity.Quantity
#       unit: !astropy.units.Unit {unit: mas / yr}
#       value: !astropy.table.SerializedColumn {name: pm_dec}
#     pm_ra_cosdec:
#       __class__: astropy.units.quantity.Quantity
#       unit: !astropy.units.Unit {unit: mas / yr}
#       value: !astropy.table.SerializedColumn {name: pm_ra_cosdec}
#     ra:
#       __class__: astropy.coordinates.angles.Longitude
#       unit: *id001
#       value: !astropy.table.SerializedColumn {name: ra}
#       wrap_angle: !astropy.coordinates.Angle
#         unit: *id001
#         value: 360.0
#     radial_velocity:
#       __class__: astropy.units.quantity.Quantity
#       unit: !astropy.units.Unit {unit: km / s}
#       value: !astropy.table.SerializedColumn {name: radial_velocity}
# schema: astropy-2.0
ra,dec,distance,pm_ra_cosdec,pm_dec,radial_velocity
[from data line 584]
341.49814491600534,-76.51835189979768,3.35249915624315,8.36150093034301,6.765150926030511,1000.0000000000015
341.50293433385224,-76.50864901535878,3.35159227199557,8.360797280510988,6.765640854065353,1000.0000000000011
341.50773457654356,-76.49894653945593,3.3506883152838047,8.360089614213564,6.766125657799375,1000.0000000000015
341.51254588430504,-76.48924447873239,3.3497873097504125,8.359377911102847,6.766605340606143,1000.0000000000014
341.51736849669976,-76.47954283980995,3.348889279037955,8.358662150920125,6.767079905746291,1000.0000000000015
341.52220265263054,-76.46984162928894,3.3479942467889927,8.357942313495922,6.76754935636777,1000.0000000000015
341.5270485903427,-76.46014085374796,3.3471022366460845,8.357218378749971,6.768013695506102,1000.0000000000014
341.53190654742605,-76.45044051974388,3.3462132722517897,8.356490326691272,6.768472926084641,1000.0000000000014
341.53677676081793,-76.44074063381169,3.3453273772486716,8.355758137417963,6.768927050914828,1000.0000000000015
341.5416594668053,-76.43104120246436,3.344444575279288,8.355021791117457,6.769376072696447,1000.0000000000015
341.5465549010275,-76.42134223219276,3.343564889986199,8.35428126806633,6.769819994017897,1000.0000000000011
341.5514632984784,-76.41164372946548,3.342688345011967,8.353536548630409,6.770258817356391,1000.0000000000016
341.556384893509,-76.40194570072876,3.3418149639991497,8.352787613264733,6.770692545078269,1000.0000000000011
341.56131991983005,-76.39224815240637,3.340944770590308,8.352034442513535,6.7711211794392625,1000.0000000000011
341.5662686105141,-76.38255109089938,3.3400777884280024,8.351277017010318,6.77154472258462,1000.0000000000014
341.57123119799815,-76.37285452258617,3.339214041154793,8.350515317477802,6.771963176549493,1000.0000000000014
341.5762079140861,-76.36315845382222,3.33835355241324,8.349749324727924,6.772376543259151,1000.0000000000015
341.5811989899511,-76.35346289093994,3.3374963458459037,8.348979019661911,6.772784824529156,1000.0000000000014
341.5862046561377,-76.34376784024862,3.3366424450953445,8.348204383270252,6.773188022065694,1000.0000000000014
341.5912251425647,-76.33407330803419,3.335791873804122,8.347425396632644,6.773586137465779,1000.0000000000014
341.59626067852724,-76.32437930055923,3.334944655614796,8.34664204091816,6.773979172217489,1000.0000000000014
341.6013114926992,-76.31468582406265,3.334100814169928,8.34585429738509,6.7743671277002235,1000.0000000000015
341.60637781313557,-76.30499288475963,3.333260373112077,8.34506214738107,6.774750005184972,1000.000000000001
341.6114598672746,-76.29530048884149,3.3324233560838046,8.344265572343089,6.775127805834428,1000.0000000000014
341.6165578819407,-76.2856086424755,3.3315897867276685,8.343464553797466,6.775500530703413,1000.0000000000014
341.6216720833462,-76.27591735180474,3.330759688686231,8.342659073359846,6.775868180738991,1000.0000000000014
341.626802697094,-76.26622662294798,3.3299330856020517,8.341849112735295,6.7762307567807,1000.0000000000011
341.63194994817957,-76.25653646199946,3.3291100011176904,8.341034653718292,6.776588259560864,1000.0000000000015
341.6371140609936,-76.24684687502875,3.3282904588757076,8.340215678192727,6.776940689704748,1000.0000000000015
341.6422952593243,-76.23715786808067,3.327474482518664,8.33939216813193,6.777288047730847,1000.0000000000014
341.64749376635933,-76.227469447175,3.326662095689119,8.338564105598724,6.7776303340510875,1000.0000000000015
341.65270980468836,-76.21778161830639,3.3258533220296322,8.337731472745448,6.7779675489710645,1000.000000000001
341.6579435963053,-76.2080943874442,3.325048185182766,8.336894251813908,6.778299692690274,1000.0000000000014
341.66319536261057,-76.1984077605323,3.3242467087910783,8.336052425135538,6.778626765302315,1000.0000000000014
341.66846532441326,-76.18872174348893,3.3234489164971306,8.335205975131332,6.778948766795185,1000.0000000000014
341.67375370193355,-76.17903634220649,3.322654831943482,8.334354884311871,6.779265697051441,1000.0000000000015
341.67906071480473,-76.16935156255138,3.3218644787726945,8.333499135277416,6.779577555848434,1000.0000000000015
341.6843865820757,-76.15966741036388,3.321077880627326,8.332638710717907,6.77988434285858,1000.0000000000015
341.68973152221287,-76.1499838914579,3.3202950611499387,8.331773593413004,6.780186057649534,1000.0000000000014
341.6950957531027,-76.14030101162076,3.319516043983091,8.330903766232101,6.780482699684404,1000.0000000000011
341.70047949205355,-76.1306187766132,3.3187408527693445,8.330029212134395,6.780774268322045,1000.0000000000011
341.70588295579824,-76.12093719216898,3.317969511151259,8.329149914168926,6.781060762817177,1000.0000000000015
341.711306360496,-76.11125626399478,3.317202042771394,8.328265855474573,6.781342182320712,1000.0000000000015
341.7167499217348,-76.10157599777008,3.31643847127231,8.327377019280146,6.781618525879908,1000.0000000000015
341.7222138545333,-76.09189639914686,3.3156788202965677,8.326483388904382,6.781889792438564,1000.0000000000014
341.7276983733433,-76.08221747374945,3.3149231134867265,8.325584947756036,6.7821559808373255,1000.0000000000016
341.73320369205163,-76.0725392271744,3.3141713744853467,8.324681679333898,6.782417089813823,1000.0000000000015
341.73873002398244,-76.06286166499018,3.3134236269349904,8.323773567226858,6.782673118002878,1000.0000000000015
341.74427758189944,-76.05318479273706,3.3126798944782143,8.322860595113879,6.78292406393685,1000.0000000000014
341.7498465780077,-76.04350861592687,3.3119402007575824,8.321942746764197,6.783169926045643,1000.0000000000014
341.755437223956,-76.0338331400428,3.3112045694156502,8.321020006037234,6.783410702657072,1000.0000000000014
341.76104973083915,-76.0241583705393,3.310473024094983,8.320092356882656,6.783646391997054,1000.0000000000014
341.76668430919966,-76.01448431284167,3.3097455884381377,8.319159783340533,6.783876992189754,1000.0000000000015
341.7723411690301,-76.00481097234608,3.3090222860876746,8.318222269541282,6.784102501257868,1000.0000000000014
341.778020519775,-75.9951383544192,3.3083031406861547,8.317279799705796,6.784322917122795,1000.0000000000015
341.7837225703332,-75.98546646439807,3.3075881758761394,8.31633235814547,6.784538237604822,1000.0000000000017
341.7894475290599,-75.97579530758986,3.306877415300187,8.315379929262205,6.784748460423385,1000.0000000000016
341.7951956037682,-75.96612488927168,3.306170882600858,8.314422497548597,6.784953583197252,1000.0000000000016
341.80096700173203,-75.95645521469035,3.3054686014207126,8.313460047587869,6.785153603444723,1000.0000000000015
341.80676192968747,-75.94678628906219,3.3047705954023114,8.312492564053994,6.785348518583854,1000.0000000000014
341.812580593835,-75.9371181175728,3.3040768881882148,8.311520031711815,6.785538325932601,1000.0000000000014
341.81842319984173,-75.92745070537683,3.3033875034209825,8.310542435416934,6.785723022709146,1000.0000000000014
341.8242899528433,-75.9177840575978,3.302702464743174,8.309559760115965,6.785902606031975,1000.0000000000014
341.8301810574457,-75.9081181793278,3.302021795797351,8.308571990846513,6.7860770729201025,1000.0000000000011
341.8360967177275,-75.89845307562737,3.3013455202260724,8.307579112737267,6.786246420293379,1000.0000000000011
341.842037137242,-75.8887887515252,3.3006736616718997,8.306581111008006,6.786410644972573,1000.0000000000014
341.84800251901873,-75.87912521201788,3.3000062437773914,8.305577970969788,6.786569743679564,1000.0000000000016
341.85399306556593,-75.8694624620698,3.299343290185109,8.30456967802491,6.78672371303769,1000.0000000000014
341.86000897887226,-75.85980050661273,3.2986848245376117,8.30355621766704,6.786872549571761,1000.0000000000014
341.8660504604088,-75.85013935054576,3.2980308704774615,8.302537575481306,6.787016249708373,1000.0000000000016
341.872117711131,-75.84047899873497,3.2973814516472157,8.301513737144347,6.787154809776073,1000.0000000000015
341.87821093148085,-75.8308194560132,3.2967365916894362,8.30048468842434,6.78728822600554,1000.0000000000015
341.8843303213885,-75.8211607271799,3.2960963142466837,8.299450415181168,6.7874164945298325,1000.0000000000015
341.8904760802743,-75.81150281700074,3.2954606429615176,8.298410903366511,6.787539611384499,1000.0000000000015
341.8966484070509,-75.8018457302075,3.2948296014764975,8.297366139023792,6.787657572507875,1000.0000000000014
341.902847500125,-75.79218947149778,3.2942032134341845,8.296316108288426,6.787770373741166,1000.0000000000015
341.90907355739927,-75.78253404553472,3.2935815024771387,8.295260797387796,6.7878780108287184,1000.0000000000014
341.91532677627424,-75.77287945694685,3.29296449224792,8.294200192641371,6.7879804794182235,1000.0000000000016
341.9216073536505,-75.76322571032773,3.2923522063890895,8.293134280460794,6.788077775060833,1000.0000000000014
341.92791548592993,-75.7535728102358,3.2917446685432057,8.292063047350002,6.788169893211423,1000.0000000000011
341.9342513690184,-75.74392076119403,3.29114190235283,8.290986479905266,6.788256829228711,1000.0000000000015
341.9406151983269,-75.73426956768982,3.290543931460522,8.289904564815298,6.788338578375566,1000.0000000000011
341.94700716877395,-75.72461923417454,3.289950779508842,8.288817288861354,6.788415135819047,1000.0000000000015
341.9534274747872,-75.71496976506346,3.2893624701403503,8.287724638917346,6.788486496630711,1000.0000000000014
341.95987631030516,-75.70532116473541,3.2887790269976076,8.286626601949923,6.788552655786733,1000.0000000000014
341.96635386877944,-75.6956734375325,3.288200473723173,8.285523165018517,6.788613608168136,1000.0000000000014
341.9728603431763,-75.68602658775997,3.287626833959606,8.28441431527552,6.788669348560967,1000.0000000000014
341.97939592597845,-75.67638061968574,3.2870581313494704,8.283300039966333,6.788719871656427,1000.0000000000016
341.98596080918696,-75.66673553754039,3.286494389535323,8.282180326429541,6.7887651720511855,1000.0000000000016
341.9925551843231,-75.65709134551666,3.285935632159724,8.281055162096886,6.788805244247419,1000.0000000000014
341.9991792424301,-75.64744804776934,3.2853818828652352,8.27992453449351,6.788840082653083,1000.0000000000014
342.00583317407495,-75.63780564841498,3.2848331652944167,8.278788431237956,6.788869681582073,1000.0000000000015
342.0125171693502,-75.62816415153156,3.284289503089828,8.277646840042337,6.788894035254446,1000.0000000000014
342.0192314178757,-75.61852356115828,3.2837509198940285,8.276499748712432,6.788913137796522,1000.0000000000015
342.0259761088003,-75.60888388129524,3.2832174393495794,8.275347145147784,6.788926983241124,1000.0000000000014
342.0327514308041,-75.59924511590323,3.2826890850990402,8.274189017341788,6.78893556552778,1000.0000000000016
342.0395575720994,-75.58960726890339,3.2821658807849725,8.273025353381886,6.78893887850286,1000.0000000000016
342.04639472043306,-75.57997034417703,3.281647850049936,8.271856141449588,6.78893691591975,1000.0000000000016
342.0532630630881,-75.57033434556519,3.2811350165364894,8.270681369820666,6.788929671439078,1000.0000000000017
342.06016278688526,-75.56069927686855,3.280627403887194,8.269501026865168,6.788917138628877,1000.0000000000015
342.06709407818505,-75.551065141847,3.280125035744611,8.268315101047673,6.788899310964743,1000.0000000000017
342.0740571228892,-75.5414319442195,3.279627935751298,8.267123580927299,6.788876181830032,1000.0000000000015
342.0810521064424,-75.53179968766361,3.279136127549817,8.26592645515785,6.7888477445160404,1000.0000000000016
342.0880792138341,-75.5221683758154,3.2786496347827288,8.264723712488035,6.788813992222169,1000.0000000000015
342.0951386296002,-75.51253801226905,3.2781684810925915,8.263515341761408,6.78877491805615,1000.0000000000017
342.10223053782465,-75.50290860057659,3.2776926901219663,8.262301331916692,6.788730515034121,1000.0000000000016
342.1093551221413,-75.49328014424763,3.277222285513414,8.261081671987721,6.788680776080936,1000.0000000000016
342.11651256573543,-75.48365264674906,3.276757290909494,8.259856351103734,6.788625694030243,1000.0000000000015
342.12370305134533,-75.47402611150471,3.276297729952767,8.258625358489374,6.7885652616246706,1000.0000000000015
342.1309267612642,-75.46440054189517,3.2758436262857935,8.257388683464935,6.788499471516067,1000.0000000000017
342.13818387734176,-75.45477594125738,3.275395003551132,8.256146315446365,6.788428316265584,1000.0000000000018
342.1454745809856,-75.44515231288442,3.2749518853913435,8.254898243945537,6.788351788343949,1000.0000000000016
342.1527990531632,-75.43552966002513,3.27451429544899,8.253644458570287,6.788269880131557,1000.0000000000017
342.1601574744035,-75.42590798588391,3.274082257366628,8.252384949024579,6.78818258391869,1000.0000000000015
342.167550024798,-75.41628729362037,3.273655794786821,8.251119705108676,6.788089891905679,1000.0000000000016
342.1749768840034,-75.40666758634899,3.2732349313521283,8.249848716719193,6.7879917962030785,1000.0000000000018
342.18243823124203,-75.39704886713892,3.272819690705109,8.248571973849367,6.787888288831846,1000.0000000000011
342.18993424530447,-75.38743113901359,3.2724100964883243,8.247289466589093,6.787779361723501,1000.0000000000016
342.1974651045504,-75.3778144049504,3.2720061723443337,8.246001185125102,6.787665006720291,1000.0000000000016
342.20503098691063,-75.36819866788052,3.271607941915698,8.244707119741118,6.787545215575406,1000.0000000000015
342.21263206988846,-75.35858393068848,3.2712154288449775,8.243407260818019,6.7874199799531105,1000.0000000000016
342.2202685305613,-75.3489701962119,3.2708286567747313,8.242101598833942,6.7872892914289285,1000.0000000000016
342.2279405455824,-75.33935746724114,3.270447649347521,8.240790124364485,6.787153141489769,1000.0000000000016
342.23564829118203,-75.3297457465191,3.270072430205906,8.239472828082759,6.787011521534229,1000.0000000000016
342.24339194316946,-75.32013503674074,3.269703022992446,8.238149700759712,6.786864422872574,1000.0000000000015
342.2511716769342,-75.31052534055296,3.269339451349703,8.236820733264087,6.786711836727106,1000.0000000000017
342.2589876674476,-75.30091666055412,3.268981738920234,8.235485916562762,6.786553754232166,1000.0000000000016
342.26684008926446,-75.29130899929382,3.2686299093466027,8.234145241720766,6.786390166434403,1000.0000000000016
342.27472911652455,-75.28170235927256,3.268283986271366,8.2327986999015,6.786221064292921,1000.0000000000015
342.28265492295384,-75.27209674294139,3.267943993337088,8.231446282366926,6.786046438679415,1000.0000000000016
342.29061768186654,-75.26249215270161,3.2676099541863253,8.230087980477625,6.785866280378377,1000.0000000000015
342.29861756616606,-75.25288859090453,3.2672818924616394,8.228723785693102,6.785680580087284,1000.0000000000016
342.30665474834666,-75.24328605985102,3.266959831805591,8.227353689571853,6.785489328416704,1000.0000000000017
342.31472940049537,-75.23368456179124,3.2666437958607397,8.225977683771502,6.785292515890514,1000.0000000000016
342.32284169429266,-75.22408409892431,3.266333808269645,8.224595760049127,6.7850901329460225,1000.0000000000015
342.33099180101453,-75.21448467339803,3.266029892674868,8.223207910261243,6.784882169934191,1000.0000000000015
342.3391798915338,-75.20488628730853,3.265732072718969,8.221814126364082,6.784668617119799,1000.0000000000016
342.3474061363214,-75.19528894269986,3.265440372044507,8.220414400413748,6.784449464681522,1000.0000000000014
342.3556707054482,-75.1856926415638,3.265154814294045,8.219008724566363,6.784224702712228,1000.0000000000016
342.363973768586,-75.17609738583943,3.264875423110139,8.21759709107826,6.783994321219053,1000.0000000000017
342.37231549500916,-75.16650317741284,3.264602222135353,8.216179492306193,6.783758310123581,1000.0000000000016
342.38069605359607,-75.15691001811678,3.2643352350122443,8.21475592070745,6.783516659262068,1000.0000000000016
342.3891156128306,-75.14731790973033,3.264074485383375,8.213326368840058,6.78326935838553,1000.0000000000017
