galstreams/tracks/track.po.Sangarius.grillmair2017.ecsv
# %ECSV 0.9
# ---
# datatype:
# - {name: ra, unit: deg, datatype: float64}
# - {name: dec, unit: deg, datatype: float64}
# - {name: distance, unit: kpc, datatype: float64}
# - {name: pm_ra_cosdec, unit: mas / yr, datatype: float64}
# - {name: pm_dec, unit: mas / yr, datatype: float64}
# - {name: radial_velocity, unit: km / s, datatype: float64}
# delimiter: ','
# meta: !!omap
# - __serialized_columns__:
#     dec:
#       __class__: astropy.coordinates.angles.Latitude
#       unit: &id001 !astropy.units.Unit {unit: deg}
#       value: !astropy.table.SerializedColumn {name: dec}
#     distance:
#       __class__: astropy.coordinates.distances.Distance
#       unit: !astropy.units.Unit {unit: kpc}
#       value: !astropy.table.SerializedColumn {name: distance}
#     pm_dec:
#       __class__: astropy.units.quantity.Quantity
#       unit: !astropy.units.Unit {unit: mas / yr}
#       value: !astropy.table.SerializedColumn {name: pm_dec}
#     pm_ra_cosdec:
#       __class__: astropy.units.quantity.Quantity
#       unit: !astropy.units.Unit {unit: mas / yr}
#       value: !astropy.table.SerializedColumn {name: pm_ra_cosdec}
#     ra:
#       __class__: astropy.coordinates.angles.Longitude
#       unit: *id001
#       value: !astropy.table.SerializedColumn {name: ra}
#       wrap_angle: !astropy.coordinates.Angle
#         unit: *id001
#         value: 360.0
#     radial_velocity:
#       __class__: astropy.units.quantity.Quantity
#       unit: !astropy.units.Unit {unit: km / s}
#       value: !astropy.table.SerializedColumn {name: radial_velocity}
# schema: astropy-2.0
ra,dec,distance,pm_ra_cosdec,pm_dec,radial_velocity
[from data line 3065]
132.6038480372502,13.022362678141066,20.999999999999986,0.0,0.0,0.0
132.60336781362415,13.032353725908726,20.999999999999982,0.0,0.0,0.0
132.6028875512312,13.042344772792053,20.999999999999986,0.0,0.0,0.0
132.6024072500374,13.052335818790267,20.999999999999986,0.0,0.0,0.0
132.60192691000893,13.062326863902607,20.999999999999982,0.0,0.0,0.0
132.6014465311118,13.07231790812829,20.999999999999986,0.0,0.0,0.0
132.60096611331213,13.082308951466551,20.99999999999999,0.0,0.0,0.0
132.6004856565759,13.092299993916612,20.999999999999986,0.0,0.0,0.0
132.60000516086924,13.102291035477686,20.99999999999999,0.0,0.0,0.0
132.59952462615817,13.112282076149015,20.999999999999986,0.0,0.0,0.0
132.5990440524087,13.122273115929817,20.99999999999999,0.0,0.0,0.0
132.5985634395868,13.132264154819316,20.999999999999986,0.0,0.0,0.0
132.59808278765857,13.14225519281674,20.99999999999999,0.0,0.0,0.0
132.59760209658992,13.15224622992131,20.999999999999986,0.0,0.0,0.0
132.5971213663469,13.16223726613225,20.999999999999986,0.0,0.0,0.0
132.59664059689544,13.172228301448786,20.999999999999986,0.0,0.0,0.0
132.59615978820156,13.182219335870137,20.999999999999986,0.0,0.0,0.0
132.59567894023115,13.192210369395536,20.99999999999999,0.0,0.0,0.0
132.59519805295022,13.202201402024196,20.999999999999986,0.0,0.0,0.0
132.59471712632467,13.212192433755341,20.999999999999982,0.0,0.0,0.0
132.59423616032038,13.222183464588197,20.999999999999986,0.0,0.0,0.0
132.59375515490333,13.23217449452199,20.999999999999986,0.0,0.0,0.0
132.59327411003943,13.242165523555936,20.999999999999986,0.0,0.0,0.0
132.5927930256945,13.252156551689254,20.999999999999982,0.0,0.0,0.0
132.5923119018345,13.262147578921171,20.99999999999999,0.0,0.0,0.0
132.59183073842524,13.272138605250909,20.99999999999999,0.0,0.0,0.0
132.59134953543264,13.282129630677689,20.999999999999986,0.0,0.0,0.0
132.5908682928225,13.292120655200726,20.999999999999986,0.0,0.0,0.0
132.59038701056068,13.30211167881925,20.99999999999999,0.0,0.0,0.0
132.58990568861304,13.312102701532478,20.99999999999999,0.0,0.0,0.0
132.58942432694536,13.322093723339629,20.99999999999999,0.0,0.0,0.0
132.58894292552347,13.332084744239918,20.999999999999982,0.0,0.0,0.0
132.58846148431314,13.34207576423257,20.999999999999982,0.0,0.0,0.0
132.5879800032802,13.352066783316806,20.999999999999986,0.0,0.0,0.0
132.58749848239037,13.362057801491847,20.999999999999986,0.0,0.0,0.0
132.58701692160952,13.372048818756898,20.999999999999986,0.0,0.0,0.0
132.5865353209033,13.382039835111195,20.999999999999986,0.0,0.0,0.0
132.58605368023748,13.392030850553956,20.999999999999986,0.0,0.0,0.0
132.58557199957784,13.402021865084386,20.99999999999999,0.0,0.0,0.0
132.58509027889008,13.412012878701708,20.999999999999986,0.0,0.0,0.0
132.58460851813993,13.422003891405144,20.999999999999986,0.0,0.0,0.0
132.58412671729306,13.431994903193914,20.99999999999999,0.0,0.0,0.0
132.5836448763152,13.441985914067226,20.99999999999999,0.0,0.0,0.0
132.58316299517202,13.4519769240243,20.999999999999986,0.0,0.0,0.0
132.58268107382915,13.46196793306436,20.999999999999986,0.0,0.0,0.0
132.5821991122523,13.471958941186616,20.999999999999986,0.0,0.0,0.0
132.58171711040714,13.481949948390282,20.99999999999999,0.0,0.0,0.0
132.58123506825928,13.49194095467458,20.999999999999986,0.0,0.0,0.0
132.58075298577435,13.501931960038725,20.999999999999986,0.0,0.0,0.0
132.58027086291796,13.51192296448193,20.999999999999986,0.0,0.0,0.0
132.57978869965572,13.521913968003414,20.999999999999986,0.0,0.0,0.0
132.5793064959533,13.531904970602387,20.99999999999999,0.0,0.0,0.0
132.57882425177615,13.541895972278066,20.99999999999999,0.0,0.0,0.0
132.57834196708995,13.551886973029672,20.999999999999986,0.0,0.0,0.0
132.57785964186024,13.561877972856413,20.999999999999986,0.0,0.0,0.0
132.57737727605257,13.571868971757498,20.99999999999999,0.0,0.0,0.0
132.5768948696325,13.581859969732154,20.999999999999986,0.0,0.0,0.0
132.57641242256557,13.591850966779582,20.99999999999999,0.0,0.0,0.0
132.57592993481725,13.601841962899005,20.999999999999986,0.0,0.0,0.0
132.57544740635313,13.611832958089627,20.99999999999999,0.0,0.0,0.0
132.57496483713865,13.621823952350672,20.99999999999999,0.0,0.0,0.0
132.5744822271393,13.631814945681349,20.999999999999986,0.0,0.0,0.0
132.5739995763206,13.641805938080864,20.99999999999999,0.0,0.0,0.0
132.573516884648,13.651796929548432,20.999999999999986,0.0,0.0,0.0
132.57303415208696,13.661787920083269,20.999999999999986,0.0,0.0,0.0
132.57255137860292,13.671778909684587,20.999999999999982,0.0,0.0,0.0
132.57206856416136,13.68176989835159,20.999999999999986,0.0,0.0,0.0
132.57158570872764,13.691760886083493,20.99999999999999,0.0,0.0,0.0
132.57110281226718,13.70175187287951,20.999999999999986,0.0,0.0,0.0
132.57061987474543,13.711742858738855,20.99999999999999,0.0,0.0,0.0
132.57013689612776,13.72173384366073,20.999999999999986,0.0,0.0,0.0
132.56965387637956,13.731724827644346,20.999999999999982,0.0,0.0,0.0
132.5691708154662,13.741715810688916,20.999999999999986,0.0,0.0,0.0
132.56868771335303,13.751706792793652,20.99999999999999,0.0,0.0,0.0
132.5682045700054,13.761697773957758,20.999999999999986,0.0,0.0,0.0
132.56772138538867,13.771688754180444,20.999999999999986,0.0,0.0,0.0
132.56723815946813,13.781679733460923,20.99999999999999,0.0,0.0,0.0
132.56675489220916,13.791670711798403,20.999999999999986,0.0,0.0,0.0
132.56627158357702,13.801661689192091,20.999999999999986,0.0,0.0,0.0
132.56578823353698,13.811652665641194,20.999999999999986,0.0,0.0,0.0
132.5653048420544,13.821643641144918,20.999999999999986,0.0,0.0,0.0
132.56482140909446,13.831634615702482,20.999999999999986,0.0,0.0,0.0
132.5643379346225,13.841625589313075,20.99999999999999,0.0,0.0,0.0
132.56385441860374,13.851616561975925,20.999999999999986,0.0,0.0,0.0
132.56337086100342,13.861607533690224,20.999999999999982,0.0,0.0,0.0
132.56288726178676,13.871598504455186,20.999999999999986,0.0,0.0,0.0
132.562403620919,13.881589474270012,20.999999999999982,0.0,0.0,0.0
132.56191993836535,13.89158044313391,20.99999999999999,0.0,0.0,0.0
132.56143621409097,13.901571411046088,20.999999999999986,0.0,0.0,0.0
132.5609524480611,13.911562378005755,20.999999999999986,0.0,0.0,0.0
132.56046864024086,13.921553344012105,20.99999999999999,0.0,0.0,0.0
132.55998479059545,13.931544309064355,20.999999999999986,0.0,0.0,0.0
132.55950089908998,13.941535273161707,20.999999999999986,0.0,0.0,0.0
132.55901696568966,13.951526236303362,20.999999999999986,0.0,0.0,0.0
132.55853299035954,13.961517198488524,20.99999999999999,0.0,0.0,0.0
132.55804897306479,13.971508159716404,20.999999999999986,0.0,0.0,0.0
132.5575649137705,13.981499119986202,20.999999999999986,0.0,0.0,0.0
132.5570808124418,13.991490079297122,20.999999999999986,0.0,0.0,0.0
132.5565966690437,14.001481037648363,20.99999999999999,0.0,0.0,0.0
132.5561124835413,14.011471995039132,20.999999999999986,0.0,0.0,0.0
132.55562825589973,14.021462951468637,20.99999999999999,0.0,0.0,0.0
132.55514398608395,14.031453906936072,20.99999999999999,0.0,0.0,0.0
132.55465967405908,14.04144486144064,20.99999999999999,0.0,0.0,0.0
132.55417531979012,14.051435814981554,20.999999999999986,0.0,0.0,0.0
132.55369092324204,14.061426767558002,20.99999999999999,0.0,0.0,0.0
132.55320648437987,14.071417719169196,20.999999999999986,0.0,0.0,0.0
132.55272200316864,14.081408669814326,20.999999999999986,0.0,0.0,0.0
132.55223747957334,14.09139961949261,20.999999999999986,0.0,0.0,0.0
132.5517529135589,14.101390568203232,20.99999999999999,0.0,0.0,0.0
132.55126830509028,14.1113815159454,20.99999999999999,0.0,0.0,0.0
132.55078365413246,14.121372462718316,20.99999999999999,0.0,0.0,0.0
132.55029896065037,14.13136340852118,20.999999999999986,0.0,0.0,0.0
132.54981422460895,14.14135435335319,20.999999999999986,0.0,0.0,0.0
132.54932944597306,14.151345297213544,20.99999999999999,0.0,0.0,0.0
132.54884462470767,14.16133624010144,20.99999999999999,0.0,0.0,0.0
132.54835976077763,14.171327182016082,20.999999999999986,0.0,0.0,0.0
132.54787485414784,14.181318122956672,20.999999999999986,0.0,0.0,0.0
132.54738990478322,14.191309062922397,20.999999999999986,0.0,0.0,0.0
132.54690491264853,14.201300001912463,20.99999999999999,0.0,0.0,0.0
132.54641987770867,14.21129093992607,20.999999999999986,0.0,0.0,0.0
132.54593479992852,14.221281876962408,20.999999999999986,0.0,0.0,0.0
132.54544967927282,14.231272813020682,20.999999999999986,0.0,0.0,0.0
132.54496451570643,14.241263748100083,20.999999999999986,0.0,0.0,0.0
132.54447930919414,14.25125468219981,20.999999999999986,0.0,0.0,0.0
132.54399405970076,14.261245615319073,20.999999999999982,0.0,0.0,0.0
132.54350876719107,14.271236547457043,20.99999999999999,0.0,0.0,0.0
132.5430234316298,14.28122747861293,20.999999999999986,0.0,0.0,0.0
132.54253805298174,14.291218408785936,20.99999999999999,0.0,0.0,0.0
132.54205263121162,14.301209337975244,20.99999999999999,0.0,0.0,0.0
132.54156716628418,14.311200266180062,20.999999999999986,0.0,0.0,0.0
132.54108165816416,14.321191193399576,20.99999999999999,0.0,0.0,0.0
132.54059610681622,14.331182119632984,20.99999999999999,0.0,0.0,0.0
132.54011051220513,14.341173044879483,20.999999999999986,0.0,0.0,0.0
132.53962487429553,14.351163969138259,20.999999999999986,0.0,0.0,0.0
132.53913919305208,14.36115489240851,20.999999999999986,0.0,0.0,0.0
132.5386534684395,14.371145814689443,20.999999999999982,0.0,0.0,0.0
132.53816770042238,14.38113673598023,20.999999999999986,0.0,0.0,0.0
132.5376818889654,14.39112765628007,20.999999999999986,0.0,0.0,0.0
132.5371960340332,14.401118575588175,20.999999999999986,0.0,0.0,0.0
132.53671013559037,14.411109493903712,20.999999999999986,0.0,0.0,0.0
132.53622419360153,14.421100411225884,20.99999999999999,0.0,0.0,0.0
132.53573820803126,14.431091327553895,20.999999999999986,0.0,0.0,0.0
132.53525217884416,14.441082242886916,20.999999999999986,0.0,0.0,0.0
132.53476610600484,14.451073157224156,20.99999999999999,0.0,0.0,0.0
132.53427998947777,14.461064070564793,20.999999999999986,0.0,0.0,0.0
132.53379382922753,14.471054982908022,20.999999999999986,0.0,0.0,0.0
132.5333076252187,14.481045894253045,20.999999999999986,0.0,0.0,0.0
132.53282137741576,14.491036804599036,20.99999999999999,0.0,0.0,0.0
132.53233508578325,14.501027713945195,20.999999999999986,0.0,0.0,0.0
132.53184875028563,14.51101862229072,20.999999999999986,0.0,0.0,0.0
132.53136237088745,14.52100952963478,20.999999999999986,0.0,0.0,0.0
132.53087594755314,14.531000435976575,20.99999999999999,0.0,0.0,0.0
132.5303894802472,14.5409913413153,20.999999999999982,0.0,0.0,0.0
132.52990296893407,14.550982245650133,20.99999999999999,0.0,0.0,0.0
132.52941641357816,14.56097314898028,20.999999999999986,0.0,0.0,0.0
132.52892981414394,14.570964051304909,20.999999999999986,0.0,0.0,0.0
132.52844317059584,14.580954952623214,20.999999999999986,0.0,0.0,0.0
132.52795648289822,14.590945852934398,20.999999999999986,0.0,0.0,0.0
132.5274697510155,14.600936752237631,20.999999999999982,0.0,0.0,0.0
132.5269829749121,14.610927650532101,20.99999999999999,0.0,0.0,0.0
132.52649615455235,14.62091854781701,20.99999999999999,0.0,0.0,0.0
132.52600928990057,14.630909444091534,20.99999999999999,0.0,0.0,0.0
132.52552238092122,14.640900339354863,20.999999999999986,0.0,0.0,0.0
132.52503542757853,14.650891233606176,20.999999999999986,0.0,0.0,0.0
132.52454842983687,14.660882126844664,20.999999999999986,0.0,0.0,0.0
132.52406138766057,14.670873019069523,20.999999999999986,0.0,0.0,0.0
132.5235743010139,14.680863910279918,20.999999999999986,0.0,0.0,0.0
132.52308716986113,14.690854800475044,20.999999999999986,0.0,0.0,0.0
132.5225999941666,14.700845689654102,20.999999999999986,0.0,0.0,0.0
132.5221127738945,14.71083657781625,20.999999999999986,0.0,0.0,0.0
132.52162550900914,14.72082746496069,20.99999999999999,0.0,0.0,0.0
132.5211381994747,14.73081835108659,20.99999999999999,0.0,0.0,0.0
132.52065084525552,14.740809236193154,20.999999999999986,0.0,0.0,0.0
132.52016344631573,14.750800120279559,20.999999999999986,0.0,0.0,0.0
132.51967600261952,14.760791003344979,20.999999999999986,0.0,0.0,0.0
132.51918851413114,14.7707818853886,20.99999999999999,0.0,0.0,0.0
132.5187009808147,14.78077276640962,20.999999999999986,0.0,0.0,0.0
132.51821340263447,14.790763646407198,20.999999999999986,0.0,0.0,0.0
132.51772577955455,14.800754525380535,20.999999999999986,0.0,0.0,0.0
132.51723811153906,14.810745403328802,20.999999999999986,0.0,0.0,0.0
132.51675039855215,14.820736280251182,20.99999999999999,0.0,0.0,0.0
132.51626264055795,14.830727156146866,20.999999999999986,0.0,0.0,0.0
132.51577483752058,14.840718031015024,20.99999999999999,0.0,0.0,0.0
132.51528698940413,14.850708904854839,20.99999999999999,0.0,0.0,0.0
132.51479909617268,14.860699777665499,20.99999999999999,0.0,0.0,0.0
132.5143111577903,14.870690649446175,20.999999999999986,0.0,0.0,0.0
132.51382317422102,14.880681520196058,20.999999999999986,0.0,0.0,0.0
132.51333514542893,14.89067238991431,20.99999999999999,0.0,0.0,0.0
132.51284707137808,14.900663258600124,20.999999999999986,0.0,0.0,0.0
132.51235895203243,14.910654126252686,20.999999999999986,0.0,0.0,0.0
132.51187078735606,14.920644992871155,20.999999999999986,0.0,0.0,0.0
132.51138257731293,14.930635858454718,20.999999999999986,0.0,0.0,0.0
132.51089432186703,14.940626723002568,20.999999999999986,0.0,0.0,0.0
132.51040602098232,14.950617586513859,20.999999999999986,0.0,0.0,0.0
132.5099176746228,14.960608448987786,20.999999999999986,0.0,0.0,0.0
132.50942928275242,14.97059931042352,20.999999999999986,0.0,0.0,0.0
132.50894084533505,14.98059017082023,20.999999999999986,0.0,0.0,0.0
132.5084523623347,14.990581030177118,20.99999999999999,0.0,0.0,0.0
132.50796383371525,15.000571888493333,20.999999999999986,0.0,0.0,0.0
132.5074752594406,15.010562745768066,20.99999999999999,0.0,0.0,0.0
132.50698663947463,15.020553602000492,20.99999999999999,0.0,0.0,0.0
132.50649797378122,15.030544457189778,20.99999999999999,0.0,0.0,0.0
132.50600926232428,15.040535311335114,20.99999999999999,0.0,0.0,0.0
132.5055205050676,15.050526164435668,20.999999999999986,0.0,0.0,0.0
132.50503170197504,15.06051701649061,20.999999999999986,0.0,0.0,0.0
132.5045428530104,15.070507867499128,20.999999999999986,0.0,0.0,0.0
132.50405395813758,15.080498717460378,20.999999999999986,0.0,0.0,0.0
132.5035650173203,15.090489566373547,20.99999999999999,0.0,0.0,0.0
132.50307603052238,15.10048041423781,20.99999999999999,0.0,0.0,0.0
132.50258699770762,15.110471261052334,20.999999999999986,0.0,0.0,0.0
132.50209791883972,15.120462106816298,20.99999999999999,0.0,0.0,0.0
132.5016087938825,15.13045295152887,20.999999999999986,0.0,0.0,0.0
132.50111962279968,15.14044379518922,20.999999999999986,0.0,0.0,0.0
132.50063040555497,15.150434637796533,20.99999999999999,0.0,0.0,0.0
132.5001411421121,15.160425479349964,20.99999999999999,0.0,0.0,0.0
132.49965183243478,15.170416319848702,20.999999999999986,0.0,0.0,0.0
132.4991624764867,15.180407159291912,20.999999999999986,0.0,0.0,0.0
132.49867307423153,15.19039799767876,20.99999999999999,0.0,0.0,0.0
132.49818362563295,15.200388835008429,20.999999999999986,0.0,0.0,0.0
132.4976941306546,15.210379671280066,20.999999999999986,0.0,0.0,0.0
132.4972045892601,15.220370506492864,20.999999999999986,0.0,0.0,0.0
132.4967150014131,15.230361340645997,20.999999999999982,0.0,0.0,0.0
132.49622536707722,15.240352173738613,20.999999999999986,0.0,0.0,0.0
132.49573568621605,15.250343005769892,20.99999999999999,0.0,0.0,0.0
132.49524595879322,15.260333836739017,20.999999999999986,0.0,0.0,0.0
132.49475618477226,15.270324666645132,20.99999999999999,0.0,0.0,0.0
132.49426636411678,15.280315495487427,20.999999999999986,0.0,0.0,0.0
132.49377649679028,15.290306323265055,20.999999999999986,0.0,0.0,0.0
132.49328658275633,15.300297149977192,20.99999999999999,0.0,0.0,0.0
132.49279662197847,15.310287975623007,20.99999999999999,0.0,0.0,0.0
132.49230661442022,15.320278800201665,20.999999999999986,0.0,0.0,0.0
132.49181656004504,15.330269623712331,20.99999999999999,0.0,0.0,0.0
132.49132645881642,15.340260446154183,20.999999999999986,0.0,0.0,0.0
