galstreams/tracks/track.st.Cetus-Palca.thomas2021.ecsv
# %ECSV 0.9
# ---
# datatype:
# - {name: ra, unit: deg, datatype: float64}
# - {name: dec, unit: deg, datatype: float64}
# - {name: distance, unit: kpc, datatype: float64}
# - {name: pm_ra_cosdec, unit: mas / yr, datatype: float64}
# - {name: pm_dec, unit: mas / yr, datatype: float64}
# - {name: radial_velocity, unit: km / s, datatype: float64}
# delimiter: ','
# meta: !!omap
# - __serialized_columns__:
#     dec:
#       __class__: astropy.coordinates.angles.Latitude
#       unit: &id001 !astropy.units.Unit {unit: deg}
#       value: !astropy.table.SerializedColumn {name: dec}
#     distance:
#       __class__: astropy.coordinates.distances.Distance
#       unit: !astropy.units.Unit {unit: kpc}
#       value: !astropy.table.SerializedColumn {name: distance}
#     pm_dec:
#       __class__: astropy.units.quantity.Quantity
#       unit: !astropy.units.Unit {unit: mas / yr}
#       value: !astropy.table.SerializedColumn {name: pm_dec}
#     pm_ra_cosdec:
#       __class__: astropy.units.quantity.Quantity
#       unit: !astropy.units.Unit {unit: mas / yr}
#       value: !astropy.table.SerializedColumn {name: pm_ra_cosdec}
#     ra:
#       __class__: astropy.coordinates.angles.Longitude
#       unit: *id001
#       value: !astropy.table.SerializedColumn {name: ra}
#       wrap_angle: !astropy.coordinates.Angle
#         unit: *id001
#         value: 360.0
#     radial_velocity:
#       __class__: astropy.units.quantity.Quantity
#       unit: !astropy.units.Unit {unit: km / s}
#       value: !astropy.table.SerializedColumn {name: radial_velocity}
# schema: astropy-2.0
ra,dec,distance,pm_ra_cosdec,pm_dec,radial_velocity
[from data line 7098]
20.290773836254868,1.2150531911862985,32.51049567014158,0.7067082360385404,-0.47665210074154984,5.526128428978722e-15
20.288512031972797,1.2247828874162543,32.50923813906756,0.706701806009355,-0.4765253581230251,7.894469184255318e-15
20.286250223634173,1.2345125844245097,32.507980152645864,0.7066954044196408,-0.47639853013162187,-1.0525958912340423e-15
20.28398841114958,1.24424228220498,32.50672171079388,0.7066890312703613,-0.476271616758025,-2.368340755276595e-15
20.281726594429593,1.2539719807516172,32.505462813429055,0.7066826865624748,-0.47614461799291796,1.7367832205361697e-14
20.279464773384788,1.2637016800583365,32.50420346046881,0.7066763702969371,-0.4760175338269827,1.6578385286936164e-14
20.277202947925748,1.2734313801190866,32.50294365183056,0.7066700824747009,-0.4758903642508993,3.947234592127659e-15
20.27494111796305,1.2831610809278087,32.50168338743175,0.7066638230967154,-0.47576310925534665,-5.262979456170211e-16
20.272679283407268,1.292890782478417,32.50042266718977,0.7066575921639269,-0.47563576883100295,1.3683746586042549e-14
20.270417444168977,1.3026204847648621,32.49916149102207,0.706651389677277,-0.4755083429685435,4.9998304833617005e-15
20.268155600158746,1.312350187781097,32.49789985884605,0.7066452156377062,-0.47538083165864314,1.5788938368510633e-15
20.265893751287155,1.3220798915210217,32.49663777057916,0.7066390700461498,-0.47525323489197485,1.0789107885148933e-14
20.26363189746477,1.331809595978595,32.49537522613882,0.7066329529035403,-0.47512555265921014,9.999660966723401e-15
20.261370038602163,1.3415393011477634,32.49411222544243,0.7066268642108077,-0.4749977849510191,1.7104683232553188e-14
20.2591081746099,1.3512690070224411,32.492848768407434,0.7066208039688777,-0.47486993175807085,1.6841534259744676e-14
20.25684630539855,1.3609987135965762,32.49158485495124,0.7066147721786732,-0.4747419930710321,6.578724320212764e-15
20.254584430878676,1.370728420864124,32.4903204849913,0.7066087688411132,-0.4746139688805685,1.0525958912340423e-14
20.252322550960848,1.3804581288189934,32.48905565844501,0.7066027939571143,-0.4744858591773449,1.2104852749191486e-14
20.250060665555637,1.3901878374551364,32.48779037522979,0.7065968475275894,-0.4743576639520234,1.842042809659574e-14
20.24779877457358,1.3999175467665042,32.48652463526311,0.7065909295534475,-0.4742293831952655,1.7367832205361697e-14
20.245536877925257,1.4096472567470137,32.48525843846233,0.7065850400355955,-0.4741010168977315,9.736511993914891e-15
20.24327497552122,1.419376967390628,32.48399178474491,0.7065791789749357,-0.473972565050079,-4.210383564936169e-15
20.241013067272043,1.4291066786912607,32.48272467402827,0.7065733463723679,-0.4738440276429658,9.999660966723401e-15
20.23875115308827,1.4388363906428663,32.481457106229826,0.7065675422287884,-0.4737154046670467,1.1052256857957444e-14
20.236489232880448,1.448566103239401,32.48018908126701,0.7065617665450901,-0.4735866961129756,7.368171238638296e-15
20.234227306559152,1.4582958164747768,32.478920599057226,0.7065560193221625,-0.47345790197140547,6.8418732930212744e-15
20.231965374034917,1.468025530342942,32.47765165951793,0.706550300560892,-0.4733290222329866,8.157618157063828e-15
20.229703435218298,1.4777552448378595,32.47638226256653,0.7065446102621613,-0.47320005688836936,7.1050222658297854e-15
20.22744149001985,1.4874849599534423,32.47511240812044,0.7065389484268508,-0.47307100592820134,2.0525619879063826e-14
20.225179538350112,1.4972146756836433,32.47384209609709,0.706533315055836,-0.4729418693431292,9.47336302110638e-15
20.222917580119642,1.5069443920224215,32.4725713264139,0.7065277101499905,-0.47281264712379834,1.9999321933446802e-14
20.220655615238975,1.5166741089636908,32.471300098988316,0.7065221337101832,-0.472683339260852,7.8944691842553165e-16
20.21839364361867,1.5264038265014088,32.470028413737715,0.7065165857372817,-0.4725539457449328,1.0789107885148933e-14
20.216131665169247,1.536133544629526,32.46875627057957,0.706511066232148,-0.4724244665666809,7.1050222658297854e-15
20.213869679801263,1.545863263341966,32.46748366943128,0.706505575195642,-0.47229490171673594,4.73668151055319e-15
20.211607687425253,1.5555929826326829,32.466210610210275,0.7065001126286203,-0.4721652511857358,1.1052256857957444e-14
20.209345687951753,1.5653227024956349,32.464937092833964,0.706494678531936,-0.47203551496431656,7.368171238638296e-15
20.207083681291298,1.5750524229247356,32.463663117219795,0.7064892729064385,-0.4719056930431128,1.5262640422893612e-14
20.204821667354423,1.584782143913949,32.46238868328518,0.7064838957529742,-0.47177578541275816,8.947065075489359e-15
20.202559646051657,1.594511865457228,32.461113790947536,0.7064785470723863,-0.47164579206388446,2.8946387008936164e-15
20.200297617293536,1.6042415875484954,32.45983844012429,0.7064732268655148,-0.47151571298712264,8.683916102680848e-15
20.198035580990588,1.6139713101817192,32.45856263073286,0.7064679351331958,-0.4713855481731006,9.736511993914891e-15
20.195773537053334,1.6237010333508217,32.45728636269069,0.706462671876262,-0.47125529761244667,5.262979456170211e-16
20.193511485392314,1.6334307570497595,32.45600963591517,0.7064574370955439,-0.4711249612957862,1.1052256857957444e-14
20.191249425918038,1.6431604812724905,32.45473245032376,0.7064522307918674,-0.4709945392137441,2.5788599335234036e-14
20.188987358541027,1.6528902060129387,32.453454805833864,0.7064470529660555,-0.47086403135694355,1.1315405830765954e-14
20.186725283171818,1.662619931265063,32.452176702362905,0.7064419036189282,-0.4707334377160056,1.3157448640425528e-14
20.184463199720906,1.6723496570228198,32.45089813982832,0.7064367827513013,-0.4706027582815504,2.4736003443999992e-14
20.182201108098827,1.6820793832801342,32.44961911814752,0.7064316903639886,-0.47047199304419723,1.894672604221276e-14
20.17993900821608,1.6918091100309656,32.44833963723792,0.706426626457799,-0.47034114199456256,7.368171238638296e-15
20.17767689998319,1.7015388372692755,32.44705969701697,0.7064215910335394,-0.47021020512326206,1.3420597613234039e-14
20.175414783310668,1.7112685649889805,32.445779297402076,0.7064165840920126,-0.4700791824209102,1.5262640422893612e-14
20.173152658109014,1.7209982931840497,32.444498438310646,0.7064116056340184,-0.4699480738781198,9.736511993914891e-15
20.17089052428874,1.73072802184844,32.44321711966014,0.7064066556603528,-0.46981687948550166,1.0262809939531913e-14
20.168628381760353,1.7404577509760772,32.44193534136795,0.7064017341718091,-0.4696855992336658,9.47336302110638e-15
20.166366230434353,1.7501874805609152,32.44065310335153,0.7063968411691763,-0.4695542331132204,4.73668151055319e-15
20.164104070221242,1.7599172105969296,32.439370405528265,0.7063919766532418,-0.4694227811147726,8.420767129872338e-15
20.161841901031522,1.7696469410780375,32.4380872478156,0.7063871406247876,-0.4692912432289274,9.999660966723401e-15
20.15957972277569,1.779376671998207,32.436803630130974,0.7063823330845931,-0.4691596194462886,1.1841703776382976e-14
20.157317535364236,1.7891064033513733,32.435519552391774,0.7063775540334356,-0.46902790975745895,9.21021404829787e-15
20.155055338707655,1.7988361351314948,32.434235014515465,0.7063728034720869,-0.468896114153039,1.394689555885106e-14
20.15279313271644,1.8085658673325378,32.43295001641944,0.7063680814013168,-0.4687642326236283,6.578724320212764e-15
20.150530917301083,1.8182955999484276,32.431664558021126,0.7063633878218917,-0.46863226515982465,1.1315405830765954e-14
20.14826869237207,1.8280253329731202,32.43037863923796,0.706358722734574,-0.4685002117522249,1.4473193504468083e-14
20.146006457839874,1.8377550664005917,32.42909225998736,0.7063540861401237,-0.468368072391424,1.2368001721999996e-14
20.14374421361499,1.8474848002247606,32.42780542018674,0.7063494780392965,-0.468235847068015,7.368171238638296e-15
20.1414819596079,1.8572145344395918,32.42651811975353,0.706344898432845,-0.4681035357725905,7.8944691842553165e-16
20.139219695729075,1.8669442690390554,32.425230358605155,0.7063403473215188,-0.4679711384957405,6.8418732930212744e-15
20.136957421888997,1.8766740040170717,32.42394213665905,0.706335824706064,-0.4678386552280545,9.999660966723401e-15
20.13469513799814,1.886403739367612,32.42265345383261,0.7063313305872235,-0.46770608596012025,1.4473193504468083e-14
20.132432843966967,1.896133475084637,32.42136431004328,0.7063268649657355,-0.4675734306825232,1.6841534259744676e-14
20.130170539705954,1.9058632111620823,32.42007470520848,0.7063224278423373,-0.46744068938584904,1.6841534259744676e-14
20.12790822512557,1.915592947593907,32.41878463924563,0.7063180192177607,-0.46730786206068003,7.368171238638296e-15
20.125645900136274,1.925322684374077,32.41749411207215,0.7063136390927348,-0.4671749486975982,6.315575347404253e-15
20.123383564648535,1.9350524214965275,32.41620312360547,0.706309287467986,-0.4670419492871838,1.2104852749191486e-14
20.121121218572807,1.9447821589552328,32.41491167376302,0.7063049643442361,-0.46690886382001534,-3.684085619319148e-15
20.118858861819557,1.954511896744123,32.413619762462204,0.7063006697222047,-0.4667756922866709,7.894469184255318e-15
20.116596494299234,1.9642416348571607,32.412327389620465,0.7062964036026074,-0.4666424346777251,2.368340755276595e-14
20.114334115922293,1.973971373288324,32.411034555155226,0.7062921659861561,-0.46650909098375265,7.894469184255318e-15
20.112071726599183,1.9837011120315406,32.4097412589839,0.7062879568735604,-0.4663756611953267,7.368171238638296e-15
20.109809326240352,1.9934308510807695,32.40844750102391,0.7062837762655257,-0.4662421453030182,7.368171238638296e-15
20.10754691475625,2.0031605904299914,32.407153281192684,0.7062796241627544,-0.46610854329739715,8.947065075489359e-15
20.10528449205732,2.012890330073129,32.405858599407644,0.7062755005659452,-0.4659748551690324,3.684085619319148e-15
20.103022058054,2.0226200700041526,32.404563455586214,0.7062714054757935,-0.46584108090849036,1.6841534259744676e-14
20.10075961265673,2.0323498102170316,32.403267849645815,0.7062673388929916,-0.4657072205063362,1.9999321933446802e-14
20.09849715577595,2.042079550705701,32.40197178150388,0.7062633008182282,-0.46557327395313436,1.1578554803574466e-14
20.096234687322085,2.0518092914641293,32.400675251077814,0.706259291252189,-0.4654392412394473,1.3683746586042549e-14
20.093972207205578,2.0615390324862792,32.39937825828507,0.7062553101955552,-0.4653051223558355,8.420767129872338e-15
20.091709715336844,2.071268773766089,32.398080803043044,0.7062513576490062,-0.4651709172928591,1.1578554803574466e-14
20.08944721162632,2.0809985152975328,32.39678288526917,0.7062474336132164,-0.46503662604107565,1.1578554803574466e-14
20.087184695984426,2.090728257074579,32.39548450488086,0.7062435380888585,-0.46490224859104157,9.999660966723401e-15
20.084922168321583,2.100457999091155,32.39418566179557,0.7062396710766008,-0.4647677849333126,1.3157448640425528e-14
20.082659628548203,2.1101877413412353,32.39288635593069,0.7062358325771078,-0.4646332350584418,9.47336302110638e-15
20.08039707657471,2.119917483818797,32.39158658720365,0.7062320225910419,-0.46449859895698126,5.262979456170211e-16
20.07813451231152,2.1296472265177675,32.390286355531885,0.7062282411190612,-0.4643638766194819,8.947065075489359e-15
20.075871935669028,2.1393769694321296,32.38898566083281,0.7062244881618203,-0.46422906803649255,1.2104852749191486e-14
20.07360934655766,2.1491067125558225,32.387684503023856,0.7062207637199713,-0.464094173198561,1.3157448640425528e-14
20.0713467448878,2.158836455882816,32.38638288202244,0.7062170677941618,-0.46395919209623315,6.315575347404253e-15
20.06908413056987,2.168566199407084,32.38508079774598,0.7062134003850368,-0.4638241247200539,1.7367832205361697e-14
20.066821503514262,2.1782959431225617,32.38377825011191,0.7062097614932377,-0.4636889710605666,8.947065075489359e-15
20.06455886363137,2.188025687023221,32.38247523903766,0.7062061511194023,-0.4635537311083129,1.5788938368510635e-14
20.062296210831583,2.1977554311030376,32.381171764440616,0.7062025692641659,-0.46341840485383284,7.894469184255318e-15
20.060033545025302,2.2074851753559424,32.379867826238254,0.7061990159281588,-0.4632829922876651,1.2631150694808506e-14
20.05777086612292,2.217214919775913,32.378563424347966,0.7061954911120092,-0.4631474934003475,9.999660966723401e-15
20.0555081740348,2.2269446643569237,32.37725855868718,0.7061919948163415,-0.46301190818241506,3.684085619319148e-15
20.053245468671342,2.236674409092913,32.37595322917332,0.7061885270417767,-0.4628762366244025,5.2629794561702115e-15
20.05098274994293,2.2464041539778483,32.374647435723816,0.7061850877889322,-0.46274047871684276,1.2104852749191486e-14
20.048720017759923,2.2561338990057105,32.373341178256084,0.7061816770584226,-0.4626046344502668,1.1052256857957444e-14
20.046457272032708,2.2658636441704343,32.37203445668755,0.7061782948508587,-0.4624687038152047,1.6841534259744676e-14
20.04419451267165,2.2755933894659925,32.370727270935646,0.7061749411668475,-0.46233268680218487,6.315575347404253e-15
20.041931739587117,2.285323134886366,32.36941962091777,0.7061716160069933,-0.46219658340173403,1.1052256857957444e-14
20.03966895268948,2.2950528804254944,32.36811150655136,0.7061683193718968,-0.4620603936043779,7.368171238638296e-15
20.03740615188909,2.3047826260773596,32.36680292775386,0.7061650512621552,-0.4619241174006395,1.9473023987829782e-14
20.035143337096326,2.3145123718358986,32.365493884442664,0.7061618116783619,-0.4617877547810423,2.315710960714893e-14
20.032880508221517,2.324242117695093,32.36418437653522,0.7061586006211078,-0.46165130573610685,-5.789277401787233e-15
20.030617665175033,2.333971863648924,32.362874403948915,0.7061554180909799,-0.4615147702563525,7.368171238638296e-15
20.02835480786722,2.34370160969132,32.36156396660121,0.7061522640885616,-0.46137814833229723,1.5788938368510635e-14
20.02609193620843,2.353431355816262,32.36025306440953,0.7061491386144327,-0.46124143995445765,1.5262640422893612e-14
20.023829050108997,2.363161102017732,32.35894169729125,0.7061460416691709,-0.4611046451133486,7.894469184255318e-15
20.021566149479266,2.372890848289665,32.357629865163844,0.7061429732533486,-0.4609677637994836,4.73668151055319e-15
20.019303234229575,2.3826205946260366,32.35631756794472,0.7061399333675362,-0.46083079600337495,8.420767129872338e-15
20.017040304270257,2.3923503410208316,32.3550048055513,0.7061369220123003,-0.4606937417155324,1.5262640422893612e-14
20.014777359511644,2.402080087467988,32.35369157790099,0.7061339391882043,-0.4605566009264663,1.0525958912340423e-15
20.012514399864063,2.41180983396148,32.35237788491125,0.7061309848958073,-0.4604193736266833,1.2104852749191486e-14
20.01025142523784,2.4215395804952924,32.35106372649947,0.7061280591356658,-0.4602820598066894,9.47336302110638e-15
20.007988435543293,2.4312693270633616,32.349749102583104,0.7061251619083329,-0.4601446594569894,1.0525958912340423e-14
20.00572543069074,2.440999073659668,32.348434013079554,0.7061222932143576,-0.4600071725680865,-5.2629794561702115e-15
20.003462410590505,2.450728820278194,32.347118457906234,0.7061194530542868,-0.4598695991304823,7.894469184255318e-15
20.001199375152897,2.4604585669128793,32.34580243698059,0.7061166414286623,-0.45973193913467697,1.473634247727659e-14
19.99893632428821,2.4701883135577134,32.34448595022003,0.7061138583380235,-0.45959419257116885,1.7894130150978717e-14
19.996673257906764,2.4799180602066437,32.34316899754201,0.7061111037829064,-0.4594563594304552,4.73668151055319e-15
19.994410175918862,2.489647806853648,32.34185157886391,0.7061083777638433,-0.45931843970303216,7.894469184255318e-15
19.992147078234787,2.4993775534927067,32.34053369410317,0.7061056802813632,-0.459180433379393,1.3157448640425528e-14
19.989883964764854,2.5091073001177637,32.33921534317722,0.7061030113359913,-0.4590423404500313,-1.5788938368510633e-15
19.987620835419342,2.5188370467227954,32.33789652600348,0.7061003709282501,-0.45890416090543784,1.9473023987829782e-14
