galstreams/tracks/track.st.Sylgr.ibata2021.ecsv
# %ECSV 0.9
# ---
# datatype:
# - {name: ra, unit: deg, datatype: float64}
# - {name: dec, unit: deg, datatype: float64}
# - {name: distance, unit: kpc, datatype: float64}
# - {name: pm_ra_cosdec, unit: mas / yr, datatype: float64}
# - {name: pm_dec, unit: mas / yr, datatype: float64}
# - {name: radial_velocity, unit: km / s, datatype: float64}
# delimiter: ','
# meta: !!omap
# - __serialized_columns__:
#     dec:
#       __class__: astropy.coordinates.angles.Latitude
#       unit: &id001 !astropy.units.Unit {unit: deg}
#       value: !astropy.table.SerializedColumn {name: dec}
#     distance:
#       __class__: astropy.coordinates.distances.Distance
#       unit: !astropy.units.Unit {unit: kpc}
#       value: !astropy.table.SerializedColumn {name: distance}
#     pm_dec:
#       __class__: astropy.units.quantity.Quantity
#       unit: !astropy.units.Unit {unit: mas / yr}
#       value: !astropy.table.SerializedColumn {name: pm_dec}
#     pm_ra_cosdec:
#       __class__: astropy.units.quantity.Quantity
#       unit: !astropy.units.Unit {unit: mas / yr}
#       value: !astropy.table.SerializedColumn {name: pm_ra_cosdec}
#     ra:
#       __class__: astropy.coordinates.angles.Longitude
#       unit: *id001
#       value: !astropy.table.SerializedColumn {name: ra}
#       wrap_angle: !astropy.coordinates.Angle
#         unit: *id001
#         value: 360.0
#     radial_velocity:
#       __class__: astropy.units.quantity.Quantity
#       unit: !astropy.units.Unit {unit: km / s}
#       value: !astropy.table.SerializedColumn {name: radial_velocity}
# schema: astropy-2.0
ra,dec,distance,pm_ra_cosdec,pm_dec,radial_velocity
[from data line 815]
171.81024880683103,-6.233688525421047,2.995255139499038,-19.053456523925036,-18.262907212233937,1.5999457546757442e-13
171.81879316721964,-6.228310031913953,2.995840009848802,-19.04711020467687,-18.25661509825758,1.0525958912340423e-13
171.8273383683035,-6.222933394818656,2.9964248330468544,-19.04076610880048,-18.250324411656248,1.0946997268834039e-13
171.83588440915736,-6.217558611984736,2.9970096111651725,-19.03442423445142,-18.244035148543105,8.841805486365955e-14
171.84443128886264,-6.2121856812756775,2.9975943462784556,-19.02808457977657,-18.237747305027728,8.841805486365955e-14
171.85297900650778,-6.2068146005686495,2.998179040464115,-19.021747142914077,-18.23146087721611,1.6841534259744676e-14
171.86152756118787,-6.20144536775461,2.998763695802268,-19.015411921993447,-18.225175861210676,7.999728773378721e-14
171.87007695200484,-6.196077980738256,2.999348314375726,-19.00907891513552,-18.218892253110372,9.683882199353189e-14
171.87862717806726,-6.190712437438069,2.9999328982699827,-19.002748120452583,-18.21261004901063,2.063087946818723e-13
171.8871782384906,-6.185348735786124,3.000517449573221,-18.996419536048187,-18.206329245003325,1.347322740779574e-13
171.89573013239703,-6.179986873728133,3.0011019703762893,-18.990093160017338,-18.200049837176888,8.841805486365955e-14
171.90428285891537,-6.174626849223587,3.0016864627726907,-18.98376899044655,-18.193771821616405,-1.2631150694808506e-14
171.91283641718118,-6.169268660245452,3.0022709288585983,-18.977447025413625,-18.187495194403336,2.2736071250655313e-13
171.92139080633683,-6.163912304780314,3.0028553707328167,-18.97112726298795,-18.181219951615905,1.5999457546757442e-13
171.92994602553134,-6.158557780828292,3.0034397904967953,-18.964809701230344,-18.17494608932887,2.2315032894161697e-13
171.93850207392023,-6.153205086403086,3.004024190254615,-18.958494338193034,-18.16867360361355,6.73661370389787e-14
171.9470589506659,-6.147854219531854,3.0046085721129727,-18.95218117191988,-18.162402490537996,1.1368035625327657e-13
171.95561665493727,-6.142505178255247,3.0051929381811755,-18.945870200446205,-18.156132746166953,2.694645481559148e-13
171.9641751859101,-6.137157960627344,3.005777290571139,-18.939561421798942,-18.149864366561797,2.1472956181174462e-13
171.97273454276646,-6.131812564715666,3.006361631397378,-18.933254833996465,-18.14359734778058,-8.420767129872338e-15
171.98129472469526,-6.126468988601151,3.0069459627769857,-18.926950435048848,-18.137331685878152,-6.73661370389787e-14
171.989855730892,-6.121127230378042,3.007530286829642,-18.920648222957702,-18.13106737690608,4.210383564936169e-15
171.99841756055866,-6.115787288153996,3.0081146056775996,-18.914348195716222,-18.12480441691265,1.515738083377021e-13
172.0069802129039,-6.110449160049951,3.0086989214456654,-18.90805035130932,-18.118542801943022,1.5999457546757442e-13
172.0155436871429,-6.10511284420013,3.0092832362612083,-18.90175468771349,-18.112282528039085,9.262843842859572e-14
172.02410798249744,-6.099778338752017,3.0098675522541405,-18.895461202896907,-18.106023591239566,1.3894265764289357e-13
172.03267309819574,-6.094445641866424,3.0104518715569055,-18.889169894819506,-18.099765987580145,1.0525958912340423e-13
172.04123903347266,-6.089114751717236,3.011036196304493,-18.88288076143273,-18.09350971309313,1.9367764398706378e-13
172.04980578756957,-6.083785666491606,3.0116205286343907,-18.876593800680034,-18.087254763808037,1.8525687685719145e-13
172.05837335973422,-6.078458384389875,3.012204870686619,-18.87030901049636,-18.081001135751016,-6.73661370389787e-14
172.0669417492209,-6.073132903625403,3.0127892246037007,-18.86402638880844,-18.074748824945182,1.768361097273191e-13
172.07551095739475,-6.0678092265578485,3.0133735925653493,-18.857745937317148,-18.068497831078695,-5.894536990910637e-14
172.08408099153183,-6.062487367156315,3.013957976883201,-18.851467668323362,-18.062248164089876,7.999728773378721e-14
172.09265184076736,-6.0571673037598135,3.01454237956267,-18.845191561502794,-18.055999802292863,5.894536990910637e-14
172.10122350438186,-6.0518490346345315,3.0151268027562823,-18.838917614749143,-18.049752741698683,5.0524602779234026e-14
172.1097959816622,-6.0465325580596465,3.015711248619029,-18.832645825947903,-18.043506978315328,1.2631150694808506e-14
172.11836927190149,-6.041217872327419,3.0162957193083586,-18.82637619297641,-18.03726250814782,2.1893994537668078e-13
172.12694337439956,-6.035904975742969,3.0168802169841578,-18.820108713704002,-18.031019327198337,1.3052189051302125e-13
172.13551828846238,-6.030593866624361,3.017464743808752,-18.813843385991802,-18.024777431466124,-4.631421921429786e-14
172.14409401340245,-6.025284543302507,3.0180493019469123,-18.80758020769279,-18.018536816947353,1.3052189051302125e-13
172.1526705485385,-6.019977004121304,3.0186338935658035,-18.801319176652072,-18.01229747963561,6.315575347404254e-14
172.16124789319576,-6.014671247437403,3.01921852083502,-18.79506029070654,-18.006059415521438,-4.210383564936169e-14
172.16982604670562,-6.009367271620268,3.0198031859265666,-18.788803547685017,-17.99982262059251,2.315710960714893e-13
172.17840500840606,-6.004065075052167,3.0203878910148245,-18.78254894540848,-17.99358709083387,1.9788802755199994e-13
172.18698477764107,-5.998764656128194,3.0209726382765756,-18.776296481689805,-17.98735282222765,1.2631150694808506e-14
172.19556535376117,-5.993466013256097,3.0215574298909846,-18.7700461543338,-17.981119810753125,1.0946997268834039e-13
172.20414673612308,-5.988169144856349,3.0221422680395746,-18.763797961137495,-17.974888052387,7.999728773378721e-14
172.2127289240898,-5.982874049362157,3.0227271549062444,-18.757551899889755,-17.968657543103088,1.3052189051302125e-13
172.22131191703053,-5.977580725219329,3.023312092677244,-18.75130796837166,-17.96242827887253,1.5999457546757442e-13
172.22989571432097,-5.9722891708863495,3.02389708354116,-18.745066164356366,-17.956200255663862,1.1368035625327657e-13
172.2384803153428,-5.966999384834249,3.024482129688928,-18.73882648560907,-17.949973469442835,2.020984111169361e-13
172.24706571948397,-5.96171136554674,3.025067233313809,-18.732588929887136,-17.943747916172597,6.73661370389787e-14
172.25565192613877,-5.956425111519995,3.025652396611389,-18.726353494940007,-17.93752359181362,8.420767129872338e-15
172.26423893470763,-5.9511406212627085,3.026237621779565,-18.72012017850929,-17.931300492323775,1.894672604221276e-13
172.27282674459707,-5.945857893296185,3.0268229110185327,-18.713888978328853,-17.925078613658375,2.315710960714893e-13
172.28141535521993,-5.940576926154087,3.0274082665307924,-18.707659892124646,-17.918857951770143,1.6841534259744677e-13
172.29000476599515,-5.935297718382586,3.0279936905211273,-18.701432917614888,-17.912638502609255,1.8104649329225526e-13
172.29859497634794,-5.9300202685402255,3.028579185196608,-18.695208052509958,-17.906420262123266,1.0104920555846805e-13
172.30718598570937,-5.924744575198014,3.0291647527665684,-18.688985294512495,-17.900203226257336,1.0104920555846805e-13
172.3157777935169,-5.9194706369392796,3.029750395442607,-18.682764641317437,-17.89398739095407,2.2736071250655313e-13
172.3243703992141,-5.914198452359683,3.0303361154385815,-18.676546090611957,-17.887772752153616,5.4734986344170195e-14
172.33296380225042,-5.908928020067281,3.0309219149705875,-18.670329640075554,-17.88155930579368,4.631421921429786e-14
172.3415580020816,-5.903659338682322,3.031507796256973,-18.664115287379953,-17.87534704780948,7.157652060391487e-14
172.35015299816945,-5.898392406837371,3.0320937615183072,-18.65790303018924,-17.869135974133837,1.8104649329225526e-13
172.35874878998177,-5.893127223177196,3.032679812977375,-18.651692866159923,-17.86292608069727,1.347322740779574e-13
172.36734537699243,-5.887863786358841,3.0332659528591868,-18.645484792940753,-17.856717363427798,8.420767129872338e-14
172.3759427586813,-5.882602095051481,3.0338521833909526,-18.639278808172904,-17.850509818251137,2.442022467662978e-13
172.3845409345344,-5.87734214793646,3.0344385068020765,-18.63307490949,-17.844303441090712,1.5999457546757442e-13
172.39313990404378,-5.872083943707232,3.0350249253241555,-18.626873094517936,-17.83809822786758,1.221011233831489e-13
172.40173966670721,-5.866827481069441,3.0356114411909614,-18.620673360875223,-17.831894174500558,9.262843842859572e-14
172.41034022202876,-5.861572758740708,3.036198056638447,-18.614475706172612,-17.825691276906113,3.789345208442552e-14
172.41894156951838,-5.856319775450733,3.0367847739047225,-18.608280128013426,-17.8194895309985,8.420767129872338e-14
172.42754370869193,-5.851068529941328,3.037371595230053,-18.60208662399347,-17.81328893268976,1.3894265764289357e-13
172.43614663907124,-5.845819020966208,3.037958522856849,-18.595895191701047,-17.807089477889747,1.347322740779574e-13
172.44475036018417,-5.840571247291099,3.038545559029665,-18.589705828716927,-17.800891162506037,-4.210383564936169e-15
172.45335487156444,-5.8353252076936295,3.0391327059951854,-18.583518532614395,-17.794693982444073,1.221011233831489e-13
172.46196017275162,-5.830080900963449,3.039719966002212,-18.577333300959353,-17.788497933607204,1.1789073981821273e-13
172.4705662632913,-5.824838325902028,3.040307341301661,-18.57115013131024,-17.78230301189658,4.210383564936169e-14
172.47917314273488,-5.819597481322684,3.0408948341465596,-18.56496902121804,-17.776109213211267,8.420767129872338e-15
172.4877808106397,-5.814358366050688,3.041482446792026,-18.558789968226378,-17.76991653344825,4.631421921429786e-14
172.49638926656885,-5.809120978923015,3.042070181495269,-18.552612969871472,-17.763724968502423,5.4734986344170195e-14
172.50499851009144,-5.803885318788471,3.0426580405155805,-18.546438023682153,-17.75753451426663,1.0946997268834039e-13
172.51360854078234,-5.79865138450761,3.043246026114321,-18.54026512717995,-17.751345166631733,4.210383564936169e-15
172.52221935822215,-5.793419174952783,3.0438341405549196,-18.534094277878975,-17.7451569214865,8.420767129872338e-15
172.5308309619974,-5.788188689007993,3.0444223861028554,-18.527925473286114,-17.7389697747178,5.894536990910637e-14
172.53944335170047,-5.782959925568912,3.0450107650256584,-18.5217587109009,-17.732783722210492,4.210383564936169e-15
172.54805652692932,-5.777732883542959,3.045599279592901,-18.515593988215546,-17.72659875984744,2.063087946818723e-13
172.5566704872879,-5.772507561849098,3.046187932076175,-18.509431302715093,-17.7204148835097,1.5578419190263825e-13
172.5652852323858,-5.767283959417943,3.046776724749101,-18.50327065187731,-17.714232089076376,2.5262301389617013e-14
172.57390076183853,-5.76206207519164,3.047365659887322,-18.49711203317261,-17.708050372424573,1.0525958912340423e-13
172.58251707526702,-5.756841908123976,3.0479547397684787,-18.490955444064294,-17.701869729429635,2.9472684954553185e-13
172.59113417229824,-5.751623457180206,3.048543966672202,-18.484800882008525,-17.69569015596514,1.768361097273191e-13
172.5997520525647,-5.746406721337069,3.0491333428801255,-18.47864834445415,-17.689511647902673,5.894536990910637e-14
172.60837071570475,-5.741191699582779,3.0497228706758603,-18.472497828842876,-17.683334201112068,8.841805486365955e-14
172.6169901613622,-5.73597839091708,3.0503125523449848,-18.46634933260934,-17.677157811461456,2.5262301389617013e-14
172.6256103891867,-5.730766794351065,3.0509023901750454,-18.460202853180967,-17.670982474817105,1.9367764398706378e-13
172.6342313988337,-5.7255569089071985,3.0514923864555445,-18.4540583879781,-17.664808187043597,-4.210383564936169e-15
172.64285318996392,-5.720348733619412,3.052082543477931,-18.447915934414006,-17.65863494400379,-5.894536990910637e-14
172.651475762244,-5.715142267532892,3.0526728635355957,-18.441775489894784,-17.652462741558782,3.789345208442552e-14
172.66009911534618,-5.709937509704163,3.0532633489238603,-18.435637051819523,-17.646291575568025,1.6841534259744676e-14
172.6687232489483,-5.704734459201039,3.053854001939963,-18.429500617580338,-17.640121441889395,-1.6841534259744676e-14
172.6773481627337,-5.699533115102646,3.054444824883067,-18.42336618456215,-17.63395233637895,4.631421921429786e-14
172.68597385639134,-5.6943334764992795,3.0550358200542327,-18.41723375014299,-17.627784254891278,-2.1051917824680846e-14
172.69460032961592,-5.689135542492463,3.0556269897564237,-18.411103311693836,-17.62161719327932,1.1368035625327657e-13
172.70322758210744,-5.68393931219496,3.0562183362944877,-18.404974866578755,-17.615451147394417,7.157652060391487e-14
172.71185561357166,-5.678744784730629,3.056809861975164,-18.398848412154713,-17.609286113086352,2.947268495455318e-14
172.72048442371977,-5.673551959234468,3.0574015691070557,-18.39272394577183,-17.603122086203392,0.0
172.72911401226852,-5.668360834852597,3.0579934600006307,-18.386601464773324,-17.596959062592312,1.2631150694808508e-13
172.7377443789401,-5.663171410742226,3.058585536968222,-18.380480966495345,-17.590797038098284,2.442022467662978e-13
172.74637552346238,-5.657983686071624,3.0591778023239926,-18.374362448267412,-17.58463600856522,-6.73661370389787e-14
172.7550074455685,-5.6527976600199885,3.059770258383977,-18.368245907411783,-17.578475969835207,8.841805486365955e-14
172.76364014499714,-5.647613331777698,3.060362907466005,-18.362131341244215,-17.57231691774931,1.515738083377021e-13
172.77227362149253,-5.642430700545976,3.06095575188975,-18.35601874707347,-17.56615884814695,-3.368306851948935e-14
172.78090787480426,-5.637249765536981,3.061548793976707,-18.349908122201363,-17.5600017568661,2.020984111169361e-13
172.78954290675,-5.632070530015881,3.0621420364998877,-18.34379946743267,-17.553845642755423,2.5262301389617017e-13
172.7981787243092,-5.626893007363151,3.0627354833937943,-18.337692792312005,-17.54769051213635,2.1051917824680846e-14
172.80681531795383,-5.6217171786098845,3.063329134983267,-18.3315880782876,-17.541536347233052,1.515738083377021e-13
172.81545268745543,-5.616543043012215,3.0639229935970036,-18.32548532263409,-17.535383143878324,4.210383564936169e-15
172.82409083259074,-5.611370599837153,3.064517061565491,-18.31938452261921,-17.529230897903503,-6.315575347404254e-14
172.83272975314208,-5.606199848362401,3.065111341220982,-18.313285675503966,-17.52307960513864,-7.578690416885104e-14
172.841369448897,-5.6010307878764936,3.0657058348974693,-18.307188778542812,-17.516929261412766,4.210383564936169e-15
172.85000991964853,-5.59586341767863,3.0663005449307086,-18.30109382898331,-17.510779862553424,4.210383564936169e-14
172.8586511651948,-5.590697737078831,3.066895473658189,-18.295000824066477,-17.504631404387105,8.841805486365955e-14
172.8672931853395,-5.585533745397709,3.0674906234191326,-18.288909761026577,-17.49848388273905,-1.2631150694808506e-14
172.87593597989152,-5.580371441966537,3.06808599655448,-18.282820637091348,-17.4923372934334,5.0524602779234026e-14
172.88457954866502,-5.575210826127278,3.068681595406904,-18.27673344948168,-17.48619163229298,4.210383564936169e-14
172.89322389147947,-5.570051897232444,3.0692774223207637,-18.270648195412058,-17.480046895139687,5.0524602779234026e-14
172.9018690081596,-5.564894654645151,3.0698734796421245,-18.2645648720903,-17.473903077794237,9.683882199353189e-14
172.91051489853547,-5.559739097739035,3.0704697697187413,-18.258483476717643,-17.467760176076258,4.210383564936169e-14
172.91916156244227,-5.554585225898323,3.0710662949000525,-18.25240400648873,-17.461618185804305,1.3052189051302125e-13
172.92780899972044,-5.549433038517695,3.0716630575371653,-18.246326458591717,-17.45547710279594,1.6841534259744676e-14
172.9364572102157,-5.544282535002277,3.0722600599828658,-18.240250830208097,-17.449336922867566,1.6841534259744677e-13
172.945106193779,-5.539133714767677,3.072857304591574,-18.234177118513042,-17.44319764183481,4.210383564936169e-14
172.9537559502663,-5.533986577239962,3.0734547937193786,-18.228105320675077,-17.43705925551213,-1.6841534259744676e-14
172.9624064795389,-5.5288411218555265,3.074052529723999,-18.22203543385632,-17.43092175971309,3.368306851948935e-14
