galstreams/tracks/track.st.NGC5466.jensen2021.ecsv
# %ECSV 0.9
# ---
# datatype:
# - {name: ra, unit: deg, datatype: float64}
# - {name: dec, unit: deg, datatype: float64}
# - {name: distance, unit: kpc, datatype: float64}
# - {name: pm_ra_cosdec, unit: mas / yr, datatype: float64}
# - {name: pm_dec, unit: mas / yr, datatype: float64}
# - {name: radial_velocity, unit: km / s, datatype: float64}
# delimiter: ','
# meta: !!omap
# - __serialized_columns__:
#     dec:
#       __class__: astropy.coordinates.angles.Latitude
#       unit: &id001 !astropy.units.Unit {unit: deg}
#       value: !astropy.table.SerializedColumn {name: dec}
#     distance:
#       __class__: astropy.coordinates.distances.Distance
#       unit: !astropy.units.Unit {unit: kpc}
#       value: !astropy.table.SerializedColumn {name: distance}
#     pm_dec:
#       __class__: astropy.units.quantity.Quantity
#       unit: !astropy.units.Unit {unit: mas / yr}
#       value: !astropy.table.SerializedColumn {name: pm_dec}
#     pm_ra_cosdec:
#       __class__: astropy.units.quantity.Quantity
#       unit: !astropy.units.Unit {unit: mas / yr}
#       value: !astropy.table.SerializedColumn {name: pm_ra_cosdec}
#     ra:
#       __class__: astropy.coordinates.angles.Longitude
#       unit: *id001
#       value: !astropy.table.SerializedColumn {name: ra}
#       wrap_angle: !astropy.coordinates.Angle
#         unit: *id001
#         value: 360.0
#     radial_velocity:
#       __class__: astropy.units.quantity.Quantity
#       unit: !astropy.units.Unit {unit: km / s}
#       value: !astropy.table.SerializedColumn {name: radial_velocity}
# schema: astropy-2.0
ra,dec,distance,pm_ra_cosdec,pm_dec,radial_velocity
[from data line 684]
200.52154116227152,32.94794187238474,21.84855454964712,-4.570625607218106,-1.2816878644552294,-6.8623133831686005e-06
200.53247756951546,32.9439602631693,21.842218020295174,-4.5713654659724945,-1.2812364812206938,-6.889158275111838e-06
200.54341311581985,32.939977951710375,21.835884159271355,-4.572105419343875,-1.2807851003047426,-6.915936053541051e-06
200.55434780126183,32.93599493820218,21.829552966575672,-4.572845467353125,-1.2803337217063937,-6.942646945816952e-06
200.56528162591863,32.93201122283892,21.823224442208105,-4.573585610021123,-1.279882345424677,-6.969290994043375e-06
200.57621458986745,32.92802680581478,21.816898586168662,-4.57432584736874,-1.2794309714586292,-6.995867785602733e-06
200.58714669318587,32.92404168732396,21.81057539845735,-4.575066179416848,-1.2789795998072848,-7.02237785942412e-06
200.59807793595132,32.920055867560656,21.80425487907415,-4.575806606186317,-1.2785282304696945,-7.0488210470921944e-06
200.60900831824142,32.91606934671902,21.79793702801909,-4.576547127698014,-1.278076863444908,-7.075197373869258e-06
200.61993784013399,32.91208212499322,21.79162184529215,-4.577287743972807,-1.2776254987319824,-7.101506856596845e-06
200.63086650170678,32.90809420257741,21.785309330893334,-4.578028455031558,-1.2771741363299842,-7.127749764739502e-06
200.64179430303778,32.90410557966574,21.77899948482264,-4.57876926089513,-1.2767227762379814,-7.153925769887314e-06
200.6527212442051,32.90011625645233,21.77269230708008,-4.579510161584383,-1.2762714184550488,-7.18003515834636e-06
200.66364732528677,32.89612623313136,21.766387797665644,-4.580251157120172,-1.2758200629802727,-7.206077980641245e-06
200.6745725463611,32.89213550989694,21.76008595657933,-4.580992247523357,-1.2753687098127404,-7.232054017832023e-06
200.68549690750646,32.888144086943164,21.753786783821138,-4.58173343281479,-1.2749173589515466,-7.257963716219351e-06
200.6964204088013,32.884151964464145,21.747490279391076,-4.582474713015324,-1.2744660103957919,-7.28380669686871e-06
200.70734305032417,32.880159142653994,21.741196443289137,-4.583216088145809,-1.274014664144582,-7.309583128195441e-06
200.7182648321538,32.8761656217068,21.73490527551533,-4.583957558227093,-1.2735633201970291,-7.335293220718724e-06
200.7291857543689,32.872171401816615,21.728616776069643,-4.584699123280025,-1.2731119785522547,-7.3609366965532415e-06
200.74010581704843,32.86817648317756,21.722330944952077,-4.585440783325446,-1.2726606392093816,-7.386514018841187e-06
200.75102502027133,32.86418086598368,21.716047782162644,-4.586182538384201,-1.2722093021675405,-7.412024934959546e-06
200.76194336411666,32.86018455042902,21.70976728770133,-4.5869243884771285,-1.2717579674258719,-7.437469369121415e-06
200.7728608486637,32.856187536707615,21.703489461568147,-4.5876663336250685,-1.271306634983512,-7.462847607632876e-06
200.78377747399162,32.85218982501355,21.697214303763094,-4.588408373848855,-1.270855304839619,-7.488159524182423e-06
200.79469324017992,32.84819141554086,21.690941814286155,-4.589150509169329,-1.270403976993343,-7.5134054808630405e-06
200.80560814730805,32.84419230848353,21.684671993137353,-4.589892739607317,-1.269952651443849,-7.538585090319442e-06
200.8165221954556,32.8401925040356,21.678404840316666,-4.590635065183653,-1.269501328190303,-7.563698478863135e-06
200.8274353847023,32.836192002391066,21.672140355824112,-4.591377485919164,-1.2690500072318807,-7.588745730701789e-06
200.83834771512804,32.83219080374392,21.665878539659687,-4.5921200018346795,-1.2685986885677574,-7.6137269889884465e-06
200.84925918681262,32.828188908288176,21.659619391823373,-4.592862612951023,-1.2681473721971241,-7.638642287406177e-06
200.86016979983611,32.8241863162178,21.6533629123152,-4.593605319289015,-1.267696058119173,-7.663491482801935e-06
200.87107955427862,32.82018302772676,21.647109101135147,-4.5943481208694825,-1.2672447463330996,-7.68827476885337e-06
200.88198845022035,32.81617904300902,21.640857958283224,-4.595091017713238,-1.2667934368381117,-7.712991960303601e-06
200.89289648774167,32.81217436225856,21.634609483759416,-4.595834009841105,-1.2663421296334185,-7.737643284513344e-06
200.90380366692307,32.808168985669276,21.628363677563744,-4.596577097273895,-1.265890824718233,-7.762228909897938e-06
200.91470998784493,32.80416291343517,21.62212053969619,-4.597320280032423,-1.2654395220917867,-7.786748499626701e-06
200.92561545058797,32.80015614575015,21.61588007015677,-4.598063558137496,-1.2649882217533048,-7.811202390530315e-06
200.9365200552329,32.796148682808116,21.60964226894547,-4.598806931609929,-1.2645369237020232,-7.835590506821879e-06
200.94742380186062,32.79214052480301,21.60340713606231,-4.599550400470526,-1.2640856279371808,-7.859913151649008e-06
200.95832669055198,32.7881316719287,21.597174671507258,-4.600293964740094,-1.2636343344580303,-7.884169811344906e-06
200.9692287213881,32.78412212437913,21.590944875280332,-4.601037624439439,-1.2631830432638216,-7.908360949051768e-06
200.98012989445013,32.780111882348145,21.584717747381543,-4.601781379589355,-1.2627317543538157,-7.932486446878853e-06
200.9910302098193,32.77610094602964,21.578493287810876,-4.602525230210649,-1.2622804677272805,-7.956546372192298e-06
201.0019296675769,32.77208931561749,21.57227149656833,-4.603269176324115,-1.2618291833834887,-7.980540548155991e-06
201.01282826780445,32.76807699130555,21.56605237365392,-4.604013217950547,-1.261377901321716,-8.00446939580829e-06
201.02372601058354,32.764063973287655,21.559835919067627,-4.6047573551107455,-1.2609266215412485,-8.028332889886897e-06
201.03462289599582,32.76005026175766,21.55362213280947,-4.605501587825495,-1.2604753440413767,-8.052130710402656e-06
201.04551892412297,32.75603585690942,21.54741101487943,-4.606245916115591,-1.2600240688214015,-8.075863227869324e-06
201.0564140950469,32.75202075893674,21.54120256527752,-4.606990340001817,-1.259572795880624,-8.09953038334153e-06
201.06730840884958,32.74800496803345,21.534996784003738,-4.60773485950496,-1.2591215252183545,-8.123132244185409e-06
201.07820186561307,32.74398848439334,21.528793671058082,-4.608479474645804,-1.2586702568339079,-8.146668566198718e-06
201.08909446541958,32.73997130821024,21.522593226440545,-4.609224185445134,-1.2582189907266061,-8.170140031463592e-06
201.09998620835128,32.73595343967789,21.516395450151144,-4.609968991923725,-1.257767726895779,-8.193545890531757e-06
201.11087709449063,32.73193487899012,21.51020034218986,-4.610713894102357,-1.2573164653407594,-8.216886774960748e-06
201.12176712392008,32.72791562634068,21.504007902556715,-4.6114588920018065,-1.2568652060608891,-8.240162457389854e-06
201.1326562967222,32.723895681923324,21.497818131251687,-4.612203985642848,-1.2564139490555153,-8.263372904136003e-06
201.14354461297964,32.71987504593182,21.491631028274785,-4.612949175046254,-1.2559626943239905,-8.286518283614539e-06
201.1544320727753,32.71585371855991,21.485446593626015,-4.613694460232791,-1.2555114418656719,-8.309598680033135e-06
201.16531867619193,32.71183170000134,21.47926482730537,-4.614439841223233,-1.2550601916799295,-8.332614026025654e-06
201.1762044233125,32.70780899044984,21.47308572931285,-4.615185318038341,-1.2546089437661343,-8.355564287909023e-06
201.18708931422017,32.70378559009912,21.466909299648457,-4.615930890698881,-1.254157698123663,-8.378449794093166e-06
201.19797334899806,32.69976149914289,21.46073553831219,-4.616676559225616,-1.2537064547519012,-8.40127024985123e-06
201.20885652772952,32.695736717774835,21.45456444530405,-4.617422323639306,-1.2532552136502384,-8.424025857281627e-06
201.2197388504979,32.69171124618868,21.44839602062404,-4.6181681839607105,-1.2528039748180722,-8.446716506914383e-06
201.23062031738667,32.687685084578085,21.442230264272148,-4.618914140210583,-1.2523527382548054,-8.469342485055583e-06
201.24150092847944,32.68365823313673,21.436067176248386,-4.619660192409682,-1.2519015039598476,-8.491903606448347e-06
201.25238068385988,32.67963069205827,21.429906756552757,-4.620406340578753,-1.2514502719326148,-8.514399980562651e-06
201.2632595836118,32.67560246153638,21.423749005185243,-4.621152584738555,-1.2509990421725277,-8.536831708447699e-06
201.2741376278191,32.67157354176469,21.417593922145866,-4.62189892490983,-1.2505478146790163,-8.559198646950449e-06
201.2850148165658,32.667543932936816,21.41144150743461,-4.622645361113327,-1.250096589451512,-8.581500956065477e-06
201.29589114993587,32.66351363524644,21.405291761051487,-4.623391893369792,-1.2496453664894596,-8.603738627372016e-06
201.30676662801358,32.65948264888715,21.39914468299649,-4.6241385216999635,-1.2491941457923028,-8.625911896651546e-06
201.31764125088324,32.655450974052556,21.393000273269614,-4.6248852461245855,-1.2487429273594983,-8.648020570226425e-06
201.32851501862916,32.65141861093626,21.386858531870867,-4.625632066664396,-1.2482917111905034,-8.67006461441358e-06
201.33938793133595,32.64738555973185,21.38071945880025,-4.626378983340131,-1.2478404972847832,-8.692044273415259e-06
201.3502599890881,32.643351820632915,21.37458305405776,-4.6271259961725235,-1.247389285641812,-8.713959336712286e-06
201.36113119197037,32.63931739383303,21.368449317643393,-4.627873105182311,-1.2469380762610667,-8.735810216922249e-06
201.37200154006754,32.63528227952575,21.36231824955715,-4.628620310390221,-1.2464868691420325,-8.757596669842902e-06
201.38287103346448,32.631246477904625,21.356189849799033,-4.629367611816981,-1.2460356642842019,-8.779318661791175e-06
201.3937396722462,32.62720998916321,21.35006411836905,-4.630115009483319,-1.2455844616870688,-8.800976588543124e-06
201.40460745649779,32.62317281349503,21.34394105526719,-4.630862503409963,-1.2451332613501402,-8.822569953273489e-06
201.4154743863045,32.61913495109361,21.33782066049347,-4.6316100936176285,-1.2446820632729212,-8.844099320173666e-06
201.42634046175152,32.61509640215249,21.33170293404786,-4.632357780127045,-1.244230867454935,-8.865564394516807e-06
201.4372056829243,32.611057166865166,21.32558787593038,-4.6331055629589235,-1.2437796738957,-8.886965294193652e-06
201.4480700499083,32.60701724542512,21.319475486141034,-4.633853442133983,-1.2433284825947477,-8.908301968679596e-06
201.45893356278913,32.60297663802585,21.313365764679816,-4.63460141767294,-1.2428772935516115,-8.929574544286149e-06
201.46979622165253,32.59893534486085,21.307258711546716,-4.63534948959651,-1.2424261067658313,-8.950783332581692e-06
201.48065802658422,32.59489336612357,21.30115432674175,-4.6360976579254,-1.2419749222369585,-8.971927803057897e-06
201.49151897767013,32.590850702007494,21.295052610264907,-4.636845922680318,-1.2415237399645456,-8.993008402015422e-06
201.50237907499624,32.58680735270603,21.288953562116195,-4.637594283881974,-1.2410725599481527,-9.014024910514322e-06
201.51323831864863,32.58276331841266,21.282857182295608,-4.638342741551069,-1.2406213821873477,-9.034977555915309e-06
201.52409670871356,32.57871859932081,21.276763470803143,-4.639091295708311,-1.2401702066817037,-9.055866472950656e-06
201.53495424527728,32.57467319562385,21.270672427638818,-4.639839946374399,-1.239719033430796,-9.076691291106612e-06
201.5458109284261,32.570627107515286,21.26458405280261,-4.640588693570028,-1.2392678624342195,-9.097452313530791e-06
201.5566667582466,32.56658033518846,21.25849834629453,-4.641337537315902,-1.2388166936915601,-9.118149506540126e-06
201.5675217348253,32.56253287883676,21.252415308114582,-4.64208647763271,-1.238365527202419,-9.138783021708424e-06
201.57837585824893,32.55848473865362,21.24633493826276,-4.642835514541147,-1.2379143629663993,-9.159352774828016e-06
201.5892291286043,32.55443591483236,21.240257236739062,-4.643584648061907,-1.2374632009831126,-9.179858925893477e-06
201.6000815459782,32.55038640756638,21.23418220354349,-4.644333878215676,-1.2370120412521795,-9.200301298068694e-06
201.61093311045772,32.54633621704901,21.22810983867605,-4.64508320502314,-1.2365608837732205,-9.220680152397451e-06
201.62178382212988,32.54228534347362,21.222040142136738,-4.645832628504987,-1.236109728545868,-9.240995362568241e-06
201.63263368108187,32.53823378703353,21.215973113925553,-4.6465821486818975,-1.2356585755697578,-9.261246979105666e-06
201.64348268740093,32.53418154792209,21.20990875404249,-4.647331765574554,-1.235207424844535,-9.281434993588958e-06
201.65433084117456,32.53012862633257,21.203847062487558,-4.648081479203636,-1.2347562763698474,-9.301559742848805e-06
201.66517814249013,32.52607502245829,21.19778803926076,-4.648831289589819,-1.234305130145349,-9.32162073848071e-06
201.67602459143524,32.52202073649259,21.191731684362082,-4.64958119675378,-1.2338539861707072,-9.341618612042211e-06
201.68687018809752,32.517965768628734,21.185677997791537,-4.65033120071619,-1.2334028444455896,-9.361552790921142e-06
201.6977149325648,32.51391011906,21.17962697954911,-4.651081301497723,-1.23295170496967,-9.381423780363529e-06
201.7085588249249,32.50985378797964,21.173578629634815,-4.651831499119044,-1.2325005677426315,-9.40123132774636e-06
201.71940186526584,32.505796775580926,21.167532948048652,-4.652581793600825,-1.2320494327641596,-9.420975694113415e-06
201.73024405367562,32.50173908205711,21.161489934790612,-4.653332184963726,-1.231598300033951,-9.440656677366285e-06
201.74108539024246,32.49768070760142,21.1554495898607,-4.654082673228415,-1.2311471695517047,-9.460274437499543e-06
201.75192587505464,32.49362165240709,21.149411913258916,-4.65483325841555,-1.2306960413171295,-9.479829185032368e-06
201.76276550820043,32.48956191666734,21.143376904985264,-4.65558394054579,-1.2302449153299386,-9.499320456822568e-06
201.7736042897684,32.48550150057538,21.137344565039736,-4.656334719639793,-1.229793791589851,-9.51874887600691e-06
201.78444221984702,32.48144040432441,21.131314893422335,-4.657085595718217,-1.229342670096595,-9.538114072071642e-06
201.79527929852503,32.47737862810759,21.125287890133063,-4.657836568801713,-1.2288915508498988,-9.557416297639778e-06
201.80611552589104,32.47331617211815,21.11926355517192,-4.6585876389109275,-1.22844043384951,-9.576655308509069e-06
201.816950902034,32.46925303654925,21.113241888538898,-4.6593388060665175,-1.2279893190951703,-9.595831365723296e-06
201.82778542704284,32.465189221594024,21.107222890234016,-4.660090070289124,-1.227538206586631,-9.614944477703228e-06
201.8386191010066,32.46112472744563,21.101206560257257,-4.660841431599396,-1.22708709632365,-9.63399480444344e-06
201.8494519240144,32.457059554297224,21.09519289860862,-4.661592890017973,-1.2266359883059967,-9.652981916484808e-06
201.86028389615552,32.452993702341914,21.089181905288115,-4.662344445565502,-1.2261848825334383,-9.67190642854333e-06
201.8711150175193,32.44892717177284,21.083173580295735,-4.663096098262617,-1.2257337790057532,-9.690768130099834e-06
201.88194528819506,32.44485996278309,21.07716792363148,-4.663847848129958,-1.2252826777227295,-9.70956670958593e-06
201.8927747082725,32.44079207556579,21.07116493529536,-4.664599695188158,-1.224831578684153,-9.728302882766828e-06
201.90360327784114,32.436723510314,21.06516461528737,-4.66535163945785,-1.224380481889825,-9.746976068609594e-06
201.91443099699077,32.432654267220805,21.059166963607503,-4.666103680959669,-1.2239293873395454,-9.765586688152586e-06
201.92525786581115,32.4285843464793,21.05317198025577,-4.66685581971424,-1.22347829503313,-9.78413453929739e-06
201.9360838843922,32.424513748282536,21.04717966523215,-4.667608055742191,-1.2230272049703927,-9.802619840983955e-06
201.94690905282394,32.420442472823545,21.04119001853667,-4.668360389064148,-1.2225761171511578,-9.821042424796935e-06
201.95773337119653,32.41637052029539,21.035203040169314,-4.669112819700735,-1.2221250315752534,-9.839402484413977e-06
201.96855683960015,32.412297890891075,21.02921873013009,-4.669865347672571,-1.2216739482425147,-9.857700053518148e-06
201.97937945812507,32.40822458480364,21.02323708841899,-4.670617973000277,-1.2212228671527883,-9.875934938431805e-06
