galstreams/tracks/track.st.NGC6362.sollima2020.ecsv
# %ECSV 0.9
# ---
# datatype:
# - {name: ra, unit: deg, datatype: float64}
# - {name: dec, unit: deg, datatype: float64}
# - {name: distance, unit: kpc, datatype: float64}
# - {name: pm_ra_cosdec, unit: mas / yr, datatype: float64}
# - {name: pm_dec, unit: mas / yr, datatype: float64}
# - {name: radial_velocity, unit: km / s, datatype: float64}
# delimiter: ','
# meta: !!omap
# - __serialized_columns__:
#     dec:
#       __class__: astropy.coordinates.angles.Latitude
#       unit: &id001 !astropy.units.Unit {unit: deg}
#       value: !astropy.table.SerializedColumn {name: dec}
#     distance:
#       __class__: astropy.coordinates.distances.Distance
#       unit: !astropy.units.Unit {unit: kpc}
#       value: !astropy.table.SerializedColumn {name: distance}
#     pm_dec:
#       __class__: astropy.units.quantity.Quantity
#       unit: !astropy.units.Unit {unit: mas / yr}
#       value: !astropy.table.SerializedColumn {name: pm_dec}
#     pm_ra_cosdec:
#       __class__: astropy.units.quantity.Quantity
#       unit: !astropy.units.Unit {unit: mas / yr}
#       value: !astropy.table.SerializedColumn {name: pm_ra_cosdec}
#     ra:
#       __class__: astropy.coordinates.angles.Longitude
#       unit: *id001
#       value: !astropy.table.SerializedColumn {name: ra}
#       wrap_angle: !astropy.coordinates.Angle
#         unit: *id001
#         value: 360.0
#     radial_velocity:
#       __class__: astropy.units.quantity.Quantity
#       unit: !astropy.units.Unit {unit: km / s}
#       value: !astropy.table.SerializedColumn {name: radial_velocity}
# schema: astropy-2.0
ra,dec,distance,pm_ra_cosdec,pm_dec,radial_velocity
258.6900250822972,-64.61030089602116,7.649000000000003,0.0,0.0,-0.0
258.68199644407525,-64.62841203436156,7.6490000000000045,0.0,0.0,-0.0
258.6751475559825,-64.64596150350452,7.649000000000004,0.0,0.0,-0.0
258.66943897719415,-64.66296932135643,7.649000000000003,0.0,0.0,-0.0
258.66483194715227,-64.679455032596,7.649000000000003,0.0,0.0,-0.0
258.661288391781,-64.69543771744715,7.6490000000000045,0.0,0.0,-0.0
258.6587709287785,-64.71093600022697,7.649000000000003,0.0,0.0,-0.0
258.6572428720218,-64.72596805767654,7.649000000000003,0.0,0.0,-0.0
258.65666823512623,-64.74055162708207,7.649000000000003,0.0,0.0,-0.0
258.6570117341911,-64.75470401419327,7.649000000000004,0.0,0.0,-0.0
258.65823878977085,-64.76844210094661,7.649000000000003,0.0,0.0,-0.0
258.660315528107,-64.78178235300015,7.649000000000003,0.0,0.0,-0.0
258.6632087816534,-64.79474082708727,7.649000000000004,0.0,0.0,-0.0
258.6668860889314,-64.80733317819579,7.649000000000003,0.0,0.0,-0.0
258.67131569374544,-64.8195746665793,7.649000000000004,0.0,0.0,-0.0
258.67646654379297,-64.83148016460719,7.6490000000000045,0.0,0.0,-0.0
258.6823082886993,-64.8430641634597,7.649000000000004,0.0,0.0,-0.0
258.68881127750785,-64.8543407796742,7.649000000000004,0.0,0.0,-0.0
258.695946555656,-64.86532376154855,7.649000000000004,0.0,0.0,-0.0
258.7036858614645,-64.87602649540781,7.6490000000000045,0.0,0.0,-0.0
258.71200162216917,-64.8864620117394,7.649000000000004,0.0,0.0,-0.0
258.72086694952065,-64.89664299120257,7.6490000000000045,0.0,0.0,-0.0
258.73025563498044,-64.90658177051745,7.6490000000000045,0.0,0.0,-0.0
258.7401421445354,-64.91629034823859,7.649000000000004,0.0,0.0,-0.0
258.75050161315846,-64.9257803904183,7.649000000000003,0.0,0.0,-0.0
258.7613098389365,-64.93506323616417,7.649000000000003,0.0,0.0,-0.0
258.77254327688865,-64.94414990309566,7.649000000000004,0.0,0.0,-0.0
258.78417903249806,-64.9530510927041,7.649000000000006,0.0,0.0,-0.0
258.7961948549763,-64.9617771956203,7.649000000000004,0.0,0.0,-0.0
258.80856913028117,-64.97033829679363,7.649000000000006,0.0,0.0,-0.0
258.82128087390817,-64.9787441805872,7.6490000000000045,0.0,0.0,-0.0
258.83430972347264,-64.98700433579195,7.649000000000004,0.0,0.0,-0.0
258.84763593110097,-64.99512796056378,7.649000000000006,0.0,0.0,-0.0
258.86124035564814,-65.00312396728707,7.6490000000000045,0.0,0.0,-0.0
258.87510445475726,-65.01100098736771,7.649000000000005,0.0,0.0,-0.0
258.88921027677674,-65.01876737595879,7.649000000000005,0.0,0.0,-0.0
258.9035404525501,-65.026431216622,7.6490000000000045,0.0,0.0,-0.0
258.91807818709196,-65.03400032592734,7.649000000000005,0.0,0.0,-0.0
258.93280725116387,-65.04148225799399,7.649000000000005,0.0,0.0,-0.0
258.947711972763,-65.04888430897478,7.6490000000000045,0.0,0.0,-0.0
258.96277722853466,-65.05621352148648,7.6490000000000045,0.0,0.0,-0.0
258.977988435122,-65.0634766889887,7.649000000000005,0.0,0.0,-0.0
258.99333154046144,-65.07068036011282,7.649000000000005,0.0,0.0,-0.0
259.00879301503556,-65.0778308429434,7.6490000000000045,0.0,0.0,-0.0
259.0243598430932,-65.08493420925387,7.649000000000005,0.0,0.0,-0.0
259.04001951384436,-65.09199629869826,7.6490000000000045,0.0,0.0,-0.0
259.0557600126409,-65.09902272296065,7.649000000000005,0.0,0.0,-0.0
259.071569812149,-65.10601886986382,7.6490000000000045,0.0,0.0,-0.0
259.0874378635213,-65.11298990743862,7.649000000000005,0.0,0.0,-0.0
259.10335358757794,-65.11994078795546,7.649000000000005,0.0,0.0,-0.0
259.1193068659998,-65.12687625191917,7.6490000000000045,0.0,0.0,-0.0
259.13528803254286,-65.13380083202813,7.649000000000005,0.0,0.0,-0.0
259.15128786427834,-65.1407188570994,7.649000000000005,0.0,0.0,-0.0
259.1672975728644,-65.14763445596007,7.649000000000005,0.0,0.0,-0.0
259.1833087958535,-65.15455156130643,7.6490000000000045,0.0,0.0,-0.0
259.19931358804206,-65.16147391353131,7.649000000000005,0.0,0.0,-0.0
259.215304412864,-65.16840506452071,7.6490000000000045,0.0,0.0,-0.0
259.23127413383503,-65.17534838142025,7.649000000000004,0.0,0.0,-0.0
259.24721600604886,-65.18230705037224,7.649000000000005,0.0,0.0,-0.0
259.26312366772993,-65.18928408022371,7.6490000000000045,0.0,0.0,-0.0
259.27899113184577,-65.1962823062062,7.649000000000005,0.0,0.0,-0.0
259.29481277778126,-65.2033043935877,7.649000000000005,0.0,0.0,-0.0
259.31058334307704,-65.21035284129685,7.649000000000005,0.0,0.0,-0.0
259.3262979152359,-65.21742998552048,7.6490000000000045,0.0,0.0,-0.0
259.3419519235965,-65.22453800327406,7.649000000000005,0.0,0.0,-0.0
259.3575411312793,-65.23167891594574,7.6490000000000045,0.0,0.0,-0.0
259.37306162720324,-65.2388545928141,7.649000000000005,0.0,0.0,-0.0
259.3885098181774,-65.24606675454011,7.6490000000000045,0.0,0.0,-0.0
259.4038824210665,-65.25331697663272,7.649000000000005,0.0,0.0,-0.0
259.4191764550326,-65.26060669288928,7.649000000000005,0.0,0.0,-0.0
259.43438923385384,-65.26793719880985,7.649000000000005,0.0,0.0,-0.0
259.4495183583197,-65.27530965498612,7.649000000000005,0.0,0.0,-0.0
259.46456170870556,-65.28272509046485,7.6490000000000045,0.0,0.0,-0.0
259.47951743732386,-65.29018440608561,7.649000000000005,0.0,0.0,-0.0
259.49438396115596,-65.29768837779322,7.649000000000006,0.0,0.0,-0.0
259.50915995456137,-65.30523765992447,7.6490000000000045,0.0,0.0,-0.0
259.52384434206687,-65.31283278846928,7.649000000000005,0.0,0.0,-0.0
259.53843629123384,-65.32047418430624,7.649000000000005,0.0,0.0,-0.0
259.5529352056051,-65.32816215641236,7.649000000000005,0.0,0.0,-0.0
259.56734071773,-65.33589690504702,7.649000000000004,0.0,0.0,-0.0
259.5816526822683,-65.34367852490996,7.649000000000004,0.0,0.0,-0.0
259.5958711691715,-65.35150700827309,7.6490000000000045,0.0,0.0,-0.0
259.60999645694267,-65.35938224808632,7.649000000000005,0.0,0.0,-0.0
259.6240290259726,-65.36730404105683,7.6490000000000045,0.0,0.0,-0.0
259.6379695519537,-65.37527209070196,7.649000000000006,0.0,0.0,-0.0
259.6518188993688,-65.38328601037529,7.649000000000005,0.0,0.0,-0.0
259.6655781150574,-65.39134532626623,7.6490000000000045,0.0,0.0,-0.0
259.6792484218549,-65.39944948037231,7.649000000000005,0.0,0.0,-0.0
259.69283121230796,-65.40759783344433,7.649000000000005,0.0,0.0,-0.0
259.7063280424626,-65.41578966790438,7.649000000000005,0.0,0.0,-0.0
259.71974062572554,-65.42402419073613,7.6490000000000045,0.0,0.0,-0.0
259.73307082679815,-65.43230053634764,7.649000000000005,0.0,0.0,-0.0
259.7463206556823,-65.44061776940602,7.6490000000000045,0.0,0.0,-0.0
259.7594922617567,-65.44897488764438,7.649000000000005,0.0,0.0,-0.0
259.7725879279239,-65.45737082464024,7.6490000000000045,0.0,0.0,-0.0
259.7856100648269,-65.46580445256568,7.649000000000004,0.0,0.0,-0.0
259.79856120513466,-65.47427458490885,7.649000000000005,0.0,0.0,-0.0
259.8114439978961,-65.48277997916695,7.649000000000005,0.0,0.0,-0.0
259.82426120296157,-65.4913193395098,7.649000000000005,0.0,0.0,-0.0
259.8370156854711,-65.49989131941486,7.6490000000000045,0.0,0.0,-0.0
259.84971041040933,-65.50849452427254,7.6490000000000045,0.0,0.0,-0.0
259.86234843722605,-65.5171275139624,7.649000000000006,0.0,0.0,-0.0
259.87493291452205,-65.52578880539961,7.649000000000005,0.0,0.0,-0.0
259.8874670747991,-65.53447687505181,7.649000000000005,0.0,0.0,-0.0
259.89995422927444,-65.54319016142594,7.649000000000005,0.0,0.0,-0.0
259.91239776275887,-65.55192706752521,7.6490000000000045,0.0,0.0,-0.0
259.9248011285973,-65.56068596327594,7.6490000000000045,0.0,0.0,-0.0
259.93716784367257,-65.56946518792387,7.649000000000004,0.0,0.0,-0.0
259.9495014834706,-65.57826305240054,7.6490000000000045,0.0,0.0,-0.0
259.96180567720876,-65.58707784165883,7.6490000000000045,0.0,0.0,-0.0
259.9740841030238,-65.59590781697786,7.649000000000005,0.0,0.0,-0.0
259.9863404832223,-65.60475121823738,7.649000000000006,0.0,0.0,-0.0
259.99857857959137,-65.6136062661613,7.6490000000000045,0.0,0.0,-0.0
260.0108021887696,-65.62247116453015,7.649000000000005,0.0,0.0,-0.0
260.023015137679,-65.63134410236279,7.6490000000000045,0.0,0.0,-0.0
260.0352212790163,-65.64022325606688,7.649000000000004,0.0,0.0,-0.0
260.0474244868049,-65.64910679155824,7.649000000000006,0.0,0.0,-0.0
260.05962865200615,-65.65799286634926,7.6490000000000045,0.0,0.0,-0.0
260.07183767819015,-65.66687963160551,7.6490000000000045,0.0,0.0,-0.0
260.0840554772673,-65.67576523417169,7.6490000000000045,0.0,0.0,-0.0
260.0962859652783,-65.68464781856578,7.6490000000000045,0.0,0.0,-0.0
260.10853305824463,-65.69352552894198,7.649000000000005,0.0,0.0,-0.0
260.12080066807823,-65.70239651102207,7.6490000000000045,0.0,0.0,-0.0
260.1330926985514,-65.71125891399565,7.6490000000000045,0.0,0.0,-0.0
260.14541304132626,-65.72011089238845,7.649000000000005,0.0,0.0,-0.0
260.1577655720447,-65.72895060789953,7.649000000000005,0.0,0.0,-0.0
260.1701541464779,-65.73777623120677,7.649000000000005,0.0,0.0,-0.0
260.18258259673735,-65.7465859437409,7.649000000000005,0.0,0.0,-0.0
260.1950547275451,-65.75537793942809,7.6490000000000045,0.0,0.0,-0.0
260.207574312566,-65.76415042640083,7.6490000000000045,0.0,0.0,-0.0
260.22014509080117,-65.77290162867764,7.6490000000000045,0.0,0.0,-0.0
260.23277076304214,-65.78162978781094,7.649000000000006,0.0,0.0,-0.0
260.24545498838773,-65.79033316450368,7.649000000000005,0.0,0.0,-0.0
260.2582013808225,-65.7990100401944,7.649000000000006,0.0,0.0,-0.0
260.27101350585826,-65.80765871861094,7.649000000000005,0.0,0.0,-0.0
260.28389487723814,-65.8162775272927,7.649000000000006,0.0,0.0,-0.0
260.2968489537043,-65.82486481908148,7.649000000000006,0.0,0.0,-0.0
260.3098791358296,-65.83341897358112,7.649000000000005,0.0,0.0,-0.0
260.32298876291316,-65.84193839858563,7.649000000000005,0.0,0.0,-0.0
260.33618110994115,-65.8504215314763,7.649000000000005,0.0,0.0,-0.0
260.3494593846121,-65.85886684058718,7.6490000000000045,0.0,0.0,-0.0
260.3628267244288,-65.86727282653997,7.649000000000007,0.0,0.0,-0.0
260.3762861938559,-65.87563802354705,7.649000000000006,0.0,0.0,-0.0
260.3898407815441,-65.88396100068404,7.649000000000006,0.0,0.0,-0.0
260.40349339762184,-65.89224036313074,7.649000000000006,0.0,0.0,-0.0
260.41724687105494,-65.90047475338152,7.649000000000006,0.0,0.0,-0.0
260.43110394707395,-65.90866285242436,7.649000000000005,0.0,0.0,-0.0
260.44506728467076,-65.91680338088918,7.649000000000006,0.0,0.0,-0.0
260.45913945416436,-65.92489510016513,7.6490000000000045,0.0,0.0,-0.0
260.47332293483646,-65.93293681348719,7.649000000000005,0.0,0.0,-0.0
260.4876201126376,-65.94092736699172,7.6490000000000045,0.0,0.0,-0.0
260.5020332779639,-65.94886565074134,7.649000000000006,0.0,0.0,-0.0
260.5165646235054,-65.95675059971927,7.649000000000006,0.0,0.0,-0.0
260.5312162421666,-65.96458119479269,7.649000000000007,0.0,0.0,-0.0
260.5459901250584,-65.97235646364544,7.649000000000006,0.0,0.0,-0.0
260.56088815956434,-65.98007548168036,7.649000000000005,0.0,0.0,-0.0
260.57591212747906,-65.9877373728907,7.6490000000000045,0.0,0.0,-0.0
260.59106370322104,-65.99534131070116,7.649000000000006,0.0,0.0,-0.0
260.6063444521196,-66.00288651877827,7.6490000000000045,0.0,0.0,-0.0
260.62175582877643,-66.01037227181027,7.649000000000005,0.0,0.0,-0.0
260.6372991755028,-66.01779789625647,7.649000000000006,0.0,0.0,-0.0
260.65297572083125,-66.02516277106619,7.649000000000005,0.0,0.0,-0.0
260.66878657810395,-66.0324663283669,7.649000000000005,0.0,0.0,-0.0
260.6847327441373,-66.03970805412229,7.649000000000006,0.0,0.0,-0.0
260.70081509796256,-66.04688748875955,7.649000000000005,0.0,0.0,-0.0
260.7170343996441,-66.05400422776628,7.649000000000006,0.0,0.0,-0.0
260.7333912891736,-66.06105792225681,7.649000000000006,0.0,0.0,-0.0
260.7498862854434,-66.06804827950815,7.649000000000005,0.0,0.0,-0.0
260.76651978529577,-66.07497506346516,7.649000000000006,0.0,0.0,-0.0
260.78329206265107,-66.08183809521555,7.649000000000005,0.0,0.0,-0.0
260.8002032677137,-66.08863725343383,7.649000000000006,0.0,0.0,-0.0
260.8172534262562,-66.09537247479511,7.649000000000005,0.0,0.0,-0.0
260.8344424389814,-66.10204375435791,7.649000000000006,0.0,0.0,-0.0
260.8517700809632,-66.10865114591633,7.649000000000006,0.0,0.0,-0.0
260.8692360011661,-66.11519476232168,7.649000000000006,0.0,0.0,-0.0
260.8868397220427,-66.12167477577317,7.649000000000005,0.0,0.0,-0.0
260.9045806392096,-66.12809141807764,7.649000000000005,0.0,0.0,-0.0
260.9224580212022,-66.1344449808786,7.649000000000005,0.0,0.0,-0.0
260.94047100930766,-66.14073581585406,7.649000000000005,0.0,0.0,-0.0
260.9586186174759,-66.14696433488355,7.649000000000005,0.0,0.0,-0.0
260.9768997323093,-66.15313101018371,7.649000000000005,0.0,0.0,-0.0
260.9953131131294,-66.15923637441287,7.649000000000005,0.0,0.0,-0.0
261.01385739212265,-66.16528102074423,7.649000000000006,0.0,0.0,-0.0
261.0325310745627,-66.17126560290765,7.649000000000005,0.0,0.0,-0.0
261.05133253911,-66.17719083519974,7.649000000000005,0.0,0.0,-0.0
261.07026003818936,-66.18305749246274,7.649000000000005,0.0,0.0,-0.0
261.08931169844317,-66.18886641003124,7.649000000000006,0.0,0.0,-0.0
261.1084855212613,-66.19461848364728,7.6490000000000045,0.0,0.0,-0.0
261.1277793833869,-66.20031466934338,7.649000000000006,0.0,0.0,-0.0
261.14719103759796,-66.20595598329356,7.649000000000005,0.0,0.0,-0.0
261.16671811346356,-66.21154350163205,7.649000000000005,0.0,0.0,-0.0
261.18635811817484,-66.21707836023967,7.649000000000006,0.0,0.0,-0.0
261.2061084374505,-66.22256175449772,7.649000000000005,0.0,0.0,-0.0
261.225966336515,-66.22799493900926,7.649000000000006,0.0,0.0,-0.0
261.24592896115104,-66.23337922728749,7.649000000000007,0.0,0.0,-0.0
261.26599333882274,-66.23871599141121,7.649000000000006,0.0,0.0,-0.0
261.2861563798728,-66.24400666164748,7.649000000000006,0.0,0.0,-0.0
261.3064148787892,-66.24925272604048,7.649000000000007,0.0,0.0,-0.0
261.32676551554295,-66.25445572996755,7.649000000000006,0.0,0.0,-0.0
261.3472048569964,-66.25961727566123,7.649000000000005,0.0,0.0,-0.0
261.36772935838,-66.2647390216978,7.649000000000005,0.0,0.0,-0.0
261.38833536483753,-66.26982268245186,7.649000000000005,0.0,0.0,-0.0
261.4090191130403,-66.2748700275168,7.649000000000005,0.0,0.0,-0.0
261.4297767328668,-66.27988288109111,7.649000000000005,0.0,0.0,-0.0
261.4506042491502,-66.28486312133035,7.649000000000005,0.0,0.0,-0.0
261.4714975834904,-66.2898126796643,7.649000000000006,0.0,0.0,-0.0
261.49245255613124,-66.29473354007958,7.649000000000005,0.0,0.0,-0.0
261.51346488790205,-66.2996277383674,7.649000000000005,0.0,0.0,-0.0
261.5345302022222,-66.30449736133603,7.649000000000007,0.0,0.0,-0.0
261.555644027168,-66.30934454598807,7.649000000000007,0.0,0.0,-0.0
261.5768017976016,-66.31417147866235,7.649000000000007,0.0,0.0,-0.0
261.59799885736084,-66.31898039414023,7.649000000000006,0.0,0.0,-0.0
261.6192304615087,-66.32377357471601,7.649000000000007,0.0,0.0,-0.0
261.64049177864297,-66.32855334923154,7.649000000000006,0.0,0.0,-0.0
261.6617778932638,-66.33332209207462,7.649000000000007,0.0,0.0,-0.0
261.6830838081992,-66.33808222214115,7.649000000000006,0.0,0.0,-0.0
261.7044044470881,-66.34283620176097,7.649000000000006,0.0,0.0,-0.0
261.7257346569187,-66.34758653558681,7.649000000000007,0.0,0.0,-0.0
261.74706921062364,-66.35233576944687,7.649000000000006,0.0,0.0,-0.0
261.7684028097292,-66.35708648916022,7.649000000000005,0.0,0.0,-0.0
261.78973008705873,-66.36184131931533,7.649000000000006,0.0,0.0,-0.0
261.8110456094896,-66.3666029220112,7.649000000000006,0.0,0.0,-0.0
261.83234388076363,-66.37137399556134,7.649000000000006,0.0,0.0,-0.0
261.8536193443484,-66.3761572731603,7.649000000000008,0.0,0.0,-0.0
261.87486638635124,-66.38095552151239,7.649000000000005,0.0,0.0,-0.0
261.89607933848396,-66.38577153942293,7.649000000000007,0.0,0.0,-0.0
261.9172524810778,-66.39060815635149,7.649000000000006,0.0,0.0,-0.0
261.9383800461481,-66.39546823092725,7.649000000000007,0.0,0.0,-0.0
261.95945622050914,-66.40035464942612,7.649000000000006,0.0,0.0,-0.0
261.9804751489375,-66.40527032421015,7.649000000000006,0.0,0.0,-0.0
262.001430937384,-66.41021819212811,7.649000000000008,0.0,0.0,-0.0
262.02231765623367,-66.41520121287812,7.649000000000007,0.0,0.0,-0.0
262.04312934361474,-66.42022236733172,7.649000000000007,0.0,0.0,-0.0
