galstreams/tracks/track.st.Phoenix.ibata2024.ecsv
# %ECSV 1.0
# ---
# datatype:
# - {name: ra, unit: deg, datatype: float64}
# - {name: dec, unit: deg, datatype: float64}
# - {name: distance, unit: kpc, datatype: float64}
# - {name: pm_ra_cosdec, unit: mas / yr, datatype: float64}
# - {name: pm_dec, unit: mas / yr, datatype: float64}
# - {name: radial_velocity, unit: km / s, datatype: float64}
# delimiter: ','
# meta: !!omap
# - __serialized_columns__:
#     dec:
#       __class__: astropy.coordinates.angles.Latitude
#       unit: &id001 !astropy.units.Unit {unit: deg}
#       value: !astropy.table.SerializedColumn {name: dec}
#     distance:
#       __class__: astropy.coordinates.distances.Distance
#       unit: !astropy.units.Unit {unit: kpc}
#       value: !astropy.table.SerializedColumn {name: distance}
#     pm_dec:
#       __class__: astropy.units.quantity.Quantity
#       unit: !astropy.units.Unit {unit: mas / yr}
#       value: !astropy.table.SerializedColumn {name: pm_dec}
#     pm_ra_cosdec:
#       __class__: astropy.units.quantity.Quantity
#       unit: !astropy.units.Unit {unit: mas / yr}
#       value: !astropy.table.SerializedColumn {name: pm_ra_cosdec}
#     ra:
#       __class__: astropy.coordinates.angles.Longitude
#       unit: *id001
#       value: !astropy.table.SerializedColumn {name: ra}
#       wrap_angle: !astropy.coordinates.Angle
#         unit: *id001
#         value: 360.0
#     radial_velocity:
#       __class__: astropy.units.quantity.Quantity
#       unit: !astropy.units.Unit {unit: km / s}
#       value: !astropy.table.SerializedColumn {name: radial_velocity}
# schema: astropy-2.0
ra,dec,distance,pm_ra_cosdec,pm_dec,radial_velocity
[from data line 141]
21.56924648852565,-53.443702637002076,0.9999999999999999,2.7242701618684104,-0.07237902554307496,59.522968237544234
21.57719958224202,-53.43480856910978,0.9999999999999998,2.7241041522212424,-0.07208723117234062,59.49862418001078
21.585146268033018,-53.425913255288926,0.9999999999999997,2.723939164043771,-0.07179676638471033,59.474304976209616
21.59308655132635,-53.4170166969381,0.9999999999999998,2.723775196117329,-0.07150762926990062,59.450010493798
21.601020437546385,-53.40811889545426,0.9999999999999999,2.7236122472217446,-0.07121981791916543,59.42574060043317
21.608947932114084,-53.39921985223268,0.9999999999999999,2.7234503161353376,-0.07093333042535477,59.40149516377245
21.616869040447135,-53.39031956866689,0.9999999999999999,2.7232894016349256,-0.07064816488284631,59.37727405147309
21.624783767959762,-53.38141804614884,0.9999999999999999,2.723129502495829,-0.07036431938760224,59.3530771311923
21.632692120062888,-53.37251528606883,0.9999999999999999,2.722970617491873,-0.07008179203711773,59.32890427058743
21.640594102164016,-53.36361128981547,0.9999999999999998,2.7228127453953914,-0.06980058093045738,59.304755337315704
21.64848971966733,-53.35470605877574,0.9999999999999999,2.722655884977224,-0.06952068416822943,59.2806301990344
21.656378977973628,-53.34579959433493,0.9999999999999999,2.7225000350067328,-0.06924209985259822,59.25652872340075
21.66426188248034,-53.33689189787671,0.9999999999999999,2.7223451942517936,-0.06896482608726284,59.23245077807209
21.67213843858154,-53.32798297078309,0.9999999999999998,2.722191361478801,-0.06868886097747495,59.208396230705624
21.680008651667926,-53.31907281443444,0.9999999999999999,2.7220385354526795,-0.06841420263003073,59.18436494895867
21.687872527126807,-53.310161430209554,0.9999999999999999,2.721886714936875,-0.06814084915325935,59.160356800488444
21.695730070342215,-53.301248819485366,0.9999999999999999,2.7217358986933697,-0.06786879865703366,59.13637165295227
21.703581286694728,-53.29233498363741,0.9999999999999999,2.7215860854826746,-0.06759804925275503,59.11240937400739
21.71142618156158,-53.28341992403946,0.9999999999999998,2.7214372740638413,-0.0673285990533703,59.088469831311066
21.719264760316637,-53.274503642063685,0.9999999999999998,2.7212894631944597,-0.06706044617334861,59.064552892520545
21.727097028330416,-53.265586139080625,0.9999999999999999,2.721142651630664,-0.0667935887286859,59.040658425293145
21.734922990970038,-53.25666741645919,0.9999999999999998,2.72099683812714,-0.06652802483691467,59.01678629728608
21.742742653599272,-53.24774747556664,1.0,2.7208520214371146,-0.0662637526170835,58.992936376156656
21.75055602157855,-53.238826317768634,0.9999999999999999,2.720708200312373,-0.06600077018976425,58.96910852956214
21.75836310026485,-53.229903944429246,0.9999999999999997,2.720565373503259,-0.06573907567705817,58.94530262515979
21.766163895011914,-53.220980356910765,0.9999999999999998,2.7204235397586696,-0.06547866720257023,58.92151853060685
21.773958411170018,-53.212055556574,0.9999999999999998,2.720282697826071,-0.06521954289143483,58.89775611356063
21.78174665408609,-53.20312954477815,0.9999999999999998,2.72014284645149,-0.06496170087028474,58.87401524167836
21.789528629103696,-53.194202322880734,0.9999999999999999,2.720003984379528,-0.06470513926728749,58.850295782617344
21.797304341563056,-53.18527389223769,0.9999999999999998,2.7198661103533515,-0.06444985621209032,58.826597604034816
21.80507379680099,-53.17634425420333,0.9999999999999999,2.71972922311471,-0.06419584983587523,58.80292057358806
21.81283700015097,-53.16741341013035,0.9999999999999998,2.7195933214039276,-0.0639431182713146,58.77926455893436
21.820593956943103,-53.15848136136989,0.9999999999999999,2.7194584039599086,-0.06369165965257828,58.75562942773093
21.82834467250412,-53.14954810927139,1.0,2.7193244695201453,-0.06344147211535311,58.73201504763509
21.83608915215735,-53.140613655182825,0.9999999999999998,2.719191516820719,-0.06319255379681632,58.70842128630408
21.843827401222864,-53.13167800045037,0.9999999999999998,2.7190595445962953,-0.0629449028356337,58.68484801139518
21.851559425017278,-53.122741146418775,0.9999999999999998,2.71892855158014,-0.06269851737197385,58.66129509056567
21.859285228853846,-53.11380309443111,0.9999999999999999,2.718798536504115,-0.0624533955474984,58.6377623914728
21.867004818042467,-53.1048638458289,1.0,2.718669498098683,-0.062209535505351354,58.614249781773836
21.874718197889685,-53.09592340195202,0.9999999999999999,2.718541435092909,-0.06196693539017417,58.59075712912604
21.882425373698663,-53.086981764138805,1.0,2.7184143462144648,-0.0617255933480827,58.567284301186724
21.890126350769204,-53.07803893372596,0.9999999999999999,2.7182882301896294,-0.061485507526684025,58.54383116561309
21.897821134397763,-53.06909491204864,0.9999999999999999,2.7181630857433015,-0.06124667607505874,58.52039759006243
21.90550972987735,-53.06014970044043,0.9999999999999999,2.7180389115989887,-0.061009097143780444,58.496983442192025
21.913192142497753,-53.0512033002332,1.0,2.71791570647882,-0.06077276888488026,58.47358858965915
21.920868377545276,-53.0422557127574,0.9999999999999999,2.7177934691035475,-0.0605376894518761,58.450212900121066
21.92853844030289,-53.03330693934183,1.0,2.717672198192547,-0.06030385699975316,58.42685624123501
21.936202336050208,-53.024356981313716,1.0,2.7175518924638213,-0.06007126968497545,58.403518480658256
21.94386007006347,-53.01540583999875,1.0,2.717432550634007,-0.05983992566546181,58.380199486048134
21.95151164761556,-53.00645351672099,0.9999999999999999,2.717314171418373,-0.059609823100604586,58.35689912506182
21.959157073975987,-52.99750001280296,0.9999999999999999,2.717196753530824,-0.05938096015126071,58.333617265356665
21.966796354410903,-52.9885453295656,1.0,2.7170802956839086,-0.0591533349797464,58.3103537745899
21.974429494183063,-52.97958946832837,0.9999999999999999,2.7169647965888157,-0.05892694574983892,58.287108520418755
21.982056498551948,-52.97063243040897,0.9999999999999999,2.7168502549553817,-0.05870179062676684,58.26388137050055
21.98967737277358,-52.961674217123694,0.9999999999999999,2.716736669492092,-0.05847786777722064,58.24067219249253
21.997292122100667,-52.95271482978726,1.0,2.7166240389060823,-0.05825517536934122,58.217480854051985
22.004900751782525,-52.943754269712805,1.0,2.716512361903148,-0.058033711572721636,58.19430722283615
22.012503267065128,-52.93479253821191,0.9999999999999999,2.716401637187739,-0.057813474558399136,58.17115116650233
22.02009967319107,-52.9258296365946,0.9999999999999999,2.716291863462967,-0.057594462498861354,58.14801255270777
22.027689975399596,-52.916865566169356,1.0,2.7161830394306077,-0.05737667356804188,58.12489124910973
22.035274178926592,-52.907900328243116,1.0,2.7160751637911065,-0.057160105941307826,58.101787123365476
22.04285228900457,-52.89893392412126,1.0,2.7159682352435732,-0.05694475779547847,58.0787000431323
22.05042431086264,-52.88996635510766,1.0,2.7158622524858016,-0.056730627308806625,58.05562987606746
22.057990249726675,-52.88099762250453,1.0,2.7157572142142468,-0.056517712660967945,58.03257648982821
22.065550110819068,-52.872027727612654,1.0,2.7156531191240543,-0.056306012033097375,58.00953975207185
22.073103899358888,-52.86305667173126,1.0,2.7155499659090476,-0.056095523607734954,57.98651953045559
22.08065162056185,-52.85408445615801,1.0,2.715447753261734,-0.05588624556886668,57.96351569263675
22.08819327964029,-52.84511108218906,1.0,2.715346479873313,-0.05567817610190229,57.94052810627256
22.095728881803222,-52.836136551119,0.9999999999999999,2.7152461444336664,-0.05547131339367173,57.91755663902033
22.103258432256254,-52.82716086424093,1.0,2.7151467456313787,-0.05526565563243224,57.89460115853731
22.110781936201647,-52.81818402284636,1.0,2.715048282153728,-0.055061201007869265,57.87166153248074
22.118299398838307,-52.8092060282254,0.9999999999999999,2.714950752686688,-0.05485794771106978,57.84873762850791
22.125810825361828,-52.80022688166642,1.0,2.7148541559149404,-0.054655893934546285,57.82582931427611
22.133316220964385,-52.791246584456445,1.0,2.7147584905218682,-0.054455037872230605,57.80293645744257
22.140815590834812,-52.782265137880934,0.9999999999999999,2.714663755189567,-0.054255377719458764,57.7800589256646
22.148308940158582,-52.77328254322383,1.0,2.714569948598836,-0.05405691167297988,57.75719658659941
22.155796274117826,-52.764298801767524,1.0,2.714477069429194,-0.05385963793095261,57.73434930790429
22.163277597891287,-52.75531391479294,0.9999999999999999,2.714385116358881,-0.05366355469294515,57.71151695723654
22.170752916654394,-52.74632788357945,0.9999999999999999,2.7142940880648445,-0.053468660159920134,57.688699402253384
22.17822223557919,-52.73734070940493,1.0,2.7142039832227653,-0.0532749525342453,57.665896510612136
22.185685559834347,-52.728352393545826,1.0,2.714114800507042,-0.053082430019697924,57.64310814997
22.19314289458526,-52.71936293727686,1.0,2.7140265385908093,-0.05289109082143728,57.620334187984305
22.20059424499389,-52.71037234187148,1.0,2.7139391961459256,-0.052700933146025086,57.5975744923123
22.20803961621887,-52.7013806086015,0.9999999999999999,2.71385277184299,-0.052511955201421046,57.57482893061121
22.21547901341547,-52.6923877387373,0.9999999999999999,2.713767264351332,-0.05232415519696865,57.55209737053837
22.22291244173563,-52.68339373354773,1.0,2.713682672339024,-0.052137531343403154,57.529379679750996
22.230339906327902,-52.67439859430014,0.9999999999999998,2.7135989944728838,-0.05195208185285072,57.50667572590639
22.23776141233752,-52.66540232226041,1.0,2.713516229418465,-0.05176780493882127,57.483985376661806
22.245176964906353,-52.65640491869289,0.9999999999999999,2.713434375840083,-0.05158469881619876,57.4613084996745
22.2525865691729,-52.647406384860474,0.9999999999999999,2.7133534324007913,-0.05140276170125713,57.43864496260176
22.259990230272322,-52.63840672202461,1.0,2.713273397762405,-0.05122199181164522,57.41599463310083
22.267387953336474,-52.629405931445085,1.0,2.7131942705854937,-0.05104238736639122,57.393357378829016
22.2747797434938,-52.62040401438037,0.9999999999999998,2.713116049529382,-0.05086394658590088,57.37073306744354
22.28216560586941,-52.61140097208741,1.0,2.7130387332521657,-0.05068666769193797,57.34812156660171
22.289545545585078,-52.60239680582167,1.0,2.7129623204106963,-0.0505105489076465,57.325522743960754
22.29691956775921,-52.5933915168371,0.9999999999999999,2.7128868096605987,-0.05033558845755248,57.30293646717795
22.304287677506892,-52.58438510638623,0.9999999999999999,2.7128121996562675,-0.05016178456751863,57.2803626039106
22.311649879939832,-52.57537757572007,0.9999999999999998,2.712738489050866,-0.049989135464795,57.25780102181594
22.319006180166404,-52.566368926088174,0.9999999999999999,2.712665676496342,-0.04981763937798345,57.23525158855124
22.326356583291627,-52.55735915873868,1.0,2.7125937606434105,-0.04964729453705008,57.21271417177378
22.33370109441721,-52.54834827491808,0.9999999999999999,2.7125227401415817,-0.04947809917331547,57.19018863914081
22.341039718641508,-52.5393362758716,0.9999999999999999,2.712452613639135,-0.04931005151945467,57.167674858309596
22.34837246105948,-52.53032316284292,0.9999999999999998,2.712383379783151,-0.04914314980949808,57.145172696937436
22.355699326762785,-52.52130893707423,1.0,2.712315037219491,-0.048977392278837684,57.122682022681595
22.363020320839734,-52.5122935998063,1.0,2.7122475845928076,-0.048812777164200405,57.10020270319931
22.37033544837528,-52.503277152278436,1.0,2.7121810205465597,-0.04864930270366319,57.07773460614782
22.377644714451055,-52.49425959572848,1.0,2.712115343722989,-0.04848696713665568,57.05527759918451
22.38494812414533,-52.4852409313928,0.9999999999999999,2.712050552763151,-0.048325768703945116,57.03283154996651
22.39224568253306,-52.47622116050634,0.9999999999999999,2.7119866463068933,-0.04816570564764344,57.01039632615118
22.399537394685787,-52.467200284302635,0.9999999999999999,2.7119236229928787,-0.0480067762112002,56.987971795395744
22.406823265671857,-52.45817830401362,0.9999999999999999,2.711861481458573,-0.047848978639398965,56.9655578253575
22.41410330055614,-52.44915522086992,0.9999999999999999,2.7118002203402543,-0.047692311178360036,56.94315428369369
22.421377504400223,-52.44013103610067,1.0,2.711739838273019,-0.047536772075543965,56.92076103806158
22.428645882262355,-52.431105750933575,1.0,2.711680333890773,-0.047382359579732025,56.89837795611846
22.43590843919743,-52.42207936659488,1.0,2.711621705826249,-0.04722907194104309,56.8760049055216
22.443165180257015,-52.413051884309404,1.0,2.7115639527109945,-0.047076907410916746,56.853641753928216
22.450416110489364,-52.404023305300534,1.0,2.711507073175387,-0.04692586424211598,56.831288368995644
22.457661234939355,-52.394993630790204,1.0,2.7114510658486313,-0.04677594068873425,56.80894461838111
22.464900558648527,-52.38596286199896,0.9999999999999999,2.7113959293587566,-0.046627135006183096,56.78661036974187
22.472134086655167,-52.376931000145795,0.9999999999999999,2.7113416623326345,-0.046479445451184986,56.76428549073524
22.479361823994154,-52.3678980464484,0.9999999999999999,2.711288263395962,-0.04633287028179289,56.74196984901845
22.486583775697035,-52.35886400212298,0.9999999999999999,2.711235731173279,-0.04618740775736718,56.71966331224878
22.49379994679205,-52.349828868384336,0.9999999999999999,2.711184064287967,-0.046043056138574734,56.697365748083506
22.5010103423041,-52.340792646445834,1.0,2.7111332613622467,-0.04589981368740048,56.67507702417987
22.508214967254755,-52.33175533751943,0.9999999999999999,2.7110833210171905,-0.0457576786671412,56.65279700819517
22.51541382666225,-52.32271694281563,1.0,2.7110342418727127,-0.045616649342394844,56.63052556778665
22.522606925541506,-52.313677463543556,0.9999999999999999,2.710986022547583,-0.04547672397906144,56.60826257061158
22.529794268904098,-52.3046369009109,0.9999999999999998,2.7109386616594247,-0.04533790084434486,56.58600788432726
22.536975861758254,-52.295595256123974,0.9999999999999999,2.7108921578247136,-0.04520017820675992,56.5637613765909
22.544151709108974,-52.286552530387546,0.9999999999999998,2.7108465096587895,-0.045063554336103095,56.541522915059815
22.551321815957813,-52.27750872490512,1.0000000000000002,2.710801715775851,-0.04492802750347913,56.51929236739126
22.55848618730306,-52.26846384087873,1.0,2.7107577747889597,-0.04479359598128685,56.49706960124248
22.56564482813968,-52.25941787950903,1.0,2.7107146853100463,-0.044660258043206724,56.47485448427079
22.572797743459276,-52.25037084199525,1.0,2.710672445949909,-0.044528011964220404,56.452646884133394
22.579944938250172,-52.2413227295352,1.0,2.7106310553182182,-0.044396856020599174,56.43044666848764
22.58708641749735,-52.23227354332532,1.0,2.71059051202352,-0.04426678848989152,56.40825370499069
22.59422218618248,-52.223223284560646,1.0,2.7105508146732333,-0.04413780765093289,56.38606786129993
22.601352249283867,-52.214171954434846,0.9999999999999999,2.7105119618736637,-0.044009911783849276,56.363889005072544
22.608476611776588,-52.20511955414005,1.0,2.7104739522299925,-0.04388309917003408,56.34171700396583
22.615595278632334,-52.19606608486718,0.9999999999999999,2.7104367843462858,-0.043757368092170346,56.31955172563705
22.62270825481948,-52.18701154780564,1.0,2.7104004568255022,-0.043632716834212104,56.297393037743475
22.629815545303096,-52.17795594414352,1.0,2.7103649682694817,-0.04350914368138703,56.27524080794233
22.636917155044927,-52.16889927506749,1.0,2.710330317278966,-0.04338664692020089,56.253094903890975
22.644013089003426,-52.15984154176283,0.9999999999999999,2.710296502453583,-0.04326522483842066,56.230955193246615
22.6511033521337,-52.15078274541344,0.9999999999999999,2.7102635223918634,-0.04314487572508874,56.2088215436665
22.65818794938757,-52.14172288720185,1.0,2.7102313756912344,-0.04302559787050875,56.18669382280797
