galstreams/tracks/track.st.GD-1.pricewhelan2018.ecsv
# %ECSV 0.9
# ---
# datatype:
# - {name: ra, unit: deg, datatype: float64}
# - {name: dec, unit: deg, datatype: float64}
# - {name: distance, unit: kpc, datatype: float64}
# - {name: pm_ra_cosdec, unit: mas / yr, datatype: float64}
# - {name: pm_dec, unit: mas / yr, datatype: float64}
# - {name: radial_velocity, unit: km / s, datatype: float64}
# delimiter: ','
# meta: !!omap
# - __serialized_columns__:
#     dec:
#       __class__: astropy.coordinates.angles.Latitude
#       unit: &id001 !astropy.units.Unit {unit: deg}
#       value: !astropy.table.SerializedColumn {name: dec}
#     distance:
#       __class__: astropy.coordinates.distances.Distance
#       unit: !astropy.units.Unit {unit: kpc}
#       value: !astropy.table.SerializedColumn {name: distance}
#     pm_dec:
#       __class__: astropy.units.quantity.Quantity
#       unit: !astropy.units.Unit {unit: mas / yr}
#       value: !astropy.table.SerializedColumn {name: pm_dec}
#     pm_ra_cosdec:
#       __class__: astropy.units.quantity.Quantity
#       unit: !astropy.units.Unit {unit: mas / yr}
#       value: !astropy.table.SerializedColumn {name: pm_ra_cosdec}
#     ra:
#       __class__: astropy.coordinates.angles.Longitude
#       unit: *id001
#       value: !astropy.table.SerializedColumn {name: ra}
#       wrap_angle: !astropy.coordinates.Angle
#         unit: *id001
#         value: 360.0
#     radial_velocity:
#       __class__: astropy.units.quantity.Quantity
#       unit: !astropy.units.Unit {unit: km / s}
#       value: !astropy.table.SerializedColumn {name: radial_velocity}
# schema: astropy-2.0
ra,dec,distance,pm_ra_cosdec,pm_dec,radial_velocity
[from data line 3694]
140.57517007942033,25.433765789281516,7.355493252548844,-4.316531216175983,-12.580805834143993,2.1119283961719824e-11
140.58082023281153,25.442380575779357,7.355993291983606,-4.317481137081963,-12.580989253636426,2.084981941356391e-11
140.58647139414273,25.45099502780253,7.356493331418368,-4.318431024750898,-12.581171963767641,2.0950868619122377e-11
140.59212356386035,25.459609145204524,7.356993370853129,-4.319380879121068,-12.581353964490305,2.084981941356391e-11
140.59777674241107,25.46822292783872,7.357493410287893,-4.32033070013087,-12.5815352557571,2.074877020800544e-11
140.60343093024153,25.47683637555828,7.357993449722656,-4.321280487718814,-12.581715837520791,2.074877020800544e-11
140.60908612779878,25.485449488216474,7.358493489157417,-4.322230241823546,-12.581895709734177,2.0681404070966464e-11
140.6147423355299,25.4940622656663,7.35899352859218,-4.323179962383829,-12.582074872350109,2.0715087139485953e-11
140.6203995538823,25.50267470776084,7.3594935680269415,-4.324129649338549,-12.582253325321496,2.0546671796888506e-11
140.62605778330357,25.51128681435302,7.359993607461705,-4.3250793026267145,-12.582431068601274,2.0512988728369017e-11
140.6317170242413,25.519898585295614,7.360493646896465,-4.326028922187452,-12.582608102142455,2.0411939522810548e-11
140.6373772771436,25.528510020441466,7.360993686331228,-4.326978507960012,-12.582784425898074,2.0411939522810548e-11
140.64303854245847,25.537121119643157,7.361493725765991,-4.3279280598837735,-12.582960039821248,2.034457338577157e-11
140.64870082063422,25.54573188275332,7.361993765200753,-4.328877577898223,-12.583134943865105,2.034457338577157e-11
140.6543641121194,25.554342309624513,7.362493804635515,-4.3298270619429875,-12.583309137982857,2.0209841111693612e-11
140.66002841736267,25.56295240010905,7.362993844070277,-4.330776511957801,-12.58348262212774,2.0142474974654632e-11
140.66569373681293,25.57156215405933,7.363493883505041,-4.331725927882526,-12.58365539625306,2.0007742700576674e-11
140.6713600709193,25.580171571327632,7.363993922939803,-4.332675309657144,-12.583827460312152,1.9974059632057185e-11
140.67702742013094,25.58878065176606,7.3644939623745636,-4.333624657221755,-12.583998814258411,1.9974059632057185e-11
140.68269578489745,25.597389395226767,7.364994001809327,-4.334573970516597,-12.584169458045283,1.9906693495018208e-11
140.68836516566842,25.60599780156166,7.36549404124409,-4.3355232494820015,-12.584339391626264,1.9805644289459738e-11
140.69403556289373,25.614605870622768,7.365994080678852,-4.336472494058451,-12.584508614954887,1.9805644289459738e-11
140.69970697702337,25.62321360226181,7.366494120113613,-4.337421704186524,-12.584677127984751,1.9603545878342803e-11
140.7053794085076,25.63182099633058,7.366994159548376,-4.338370879806936,-12.584844930669487,1.9704595083901272e-11
140.71105285779694,25.640428052680814,7.36749419898314,-4.339320020860525,-12.585012022962793,1.9569862809823314e-11
140.71672732534185,25.64903477116396,7.367994238417901,-4.340269127288237,-12.585178404818409,1.9502496672784334e-11
140.72240281159324,25.657641151631587,7.368494277852662,-4.341218199031145,-12.58534407619011,1.9468813604264845e-11
140.72807931700217,25.666247193935146,7.368994317287425,-4.342167236030457,-12.585509037031745,1.9300398261667398e-11
140.7337568420197,25.67485289792586,7.369494356722189,-4.343116238227472,-12.585673287297194,1.9300398261667398e-11
140.7394353870973,25.683458263455012,7.36999439615695,-4.34406520556364,-12.58583682694039,1.9300398261667398e-11
140.7451149526866,25.692063290373827,7.370494435591713,-4.345014137980514,-12.585999655915325,1.923303212462842e-11
140.7507955392393,25.70066797853327,7.370994475026474,-4.3459630354197785,-12.586161774176029,1.913198291906995e-11
140.75647714720748,25.70927232778442,7.371494514461237,-4.346911897823228,-12.586323181676576,1.8997250644991993e-11
140.76215977704317,25.71787633797809,7.371994553896001,-4.34786072513278,-12.586483878371116,1.8997250644991993e-11
140.76784342919885,25.726480008965186,7.372494593330764,-4.3488095172904835,-12.586643864213814,1.8929884507953016e-11
140.773528104127,25.73508334059635,7.372994632765525,-4.349758274238494,-12.586803139158903,1.8997250644991993e-11
140.77921380228034,25.743686332722287,7.373494672200288,-4.350706995919089,-12.586961703160666,1.8828835302394547e-11
140.78490052411195,25.752288985193594,7.37399471163505,-4.351655682274686,-12.587119556173427,1.8795152233875058e-11
140.79058827007484,25.760891297860663,7.374494751069811,-4.352604333247794,-12.58727669815157,1.86604199597971e-11
140.79627704062239,25.76949327057393,7.374994790504575,-4.353552948781057,-12.587433129049504,1.86604199597971e-11
140.80196683620812,25.778094903183753,7.375494829939338,-4.354501528817242,-12.58758884882172,1.8559370754238634e-11
140.80765765728572,25.786696195540262,7.375994869374099,-4.355450073299231,-12.587743857422737,1.8525687685719145e-11
140.81334950430912,25.795297147493695,7.376494908808863,-4.3563985821700255,-12.587898154807132,1.8458321548680164e-11
140.81904237773242,25.80389775889401,7.376994948243625,-4.357347055372751,-12.588051740929515,1.8323589274602206e-11
140.82473627800988,25.812498029591236,7.3774949876783875,-4.358295492850643,-12.588204615744573,1.8289906206082718e-11
140.8304312055961,25.821097959435267,7.377995027113151,-4.359243894547072,-12.588356779207007,1.825622313756323e-11
140.83612716094564,25.829697548275846,7.378495066547912,-4.3601922604055146,-12.588508231271605,1.825622313756323e-11
140.84182414451348,25.838296795962766,7.378995105982674,-4.361140590369582,-12.58865897189317,1.818885700052425e-11
140.84752215675462,25.84689570234556,7.379495145417437,-4.362088884382982,-12.588809001026576,1.818885700052425e-11
140.85322119812434,25.855494267273837,7.379995184852199,-4.363037142389565,-12.58895831862674,1.7953075520887824e-11
140.8589212690782,25.86409249059707,7.380495224286961,-4.3639853643332955,-12.589106924648622,1.7986758589407313e-11
140.86462237007171,25.872690372164563,7.380995263721725,-4.364933550158245,-12.589254819047236,1.7919392452368335e-11
140.8703245015608,25.88128791182564,7.381495303156488,-4.365881699808616,-12.589402001777648,1.7852026315329358e-11
140.87602766400153,25.88988510942956,7.3819953425912495,-4.366829813228731,-12.589548472794965,1.7784660178290377e-11
140.8817318578501,25.898481964825336,7.382495382026011,-4.367777890363021,-12.589694232054352,1.77172940412514e-11
140.88743708356301,25.907078477862104,7.382995421460775,-4.368725931156052,-12.589839279511006,1.764992790421242e-11
140.89314334159678,25.915674648388713,7.3834954608955385,-4.369673935552495,-12.589983615120198,1.761624483569293e-11
140.8988506324083,25.924270476254065,7.383995500330299,-4.370621903497142,-12.590127238837235,1.7481512561614973e-11
140.90455895645468,25.93286596130698,7.384495539765063,-4.371569834934921,-12.590270150617464,1.7380463356056507e-11
140.91026831419293,25.941461103396065,7.384995579199824,-4.3725177298108475,-12.590412350416294,1.7414146424575995e-11
140.91597870608067,25.95005590237002,7.385495618634588,-4.373465588070089,-12.59055383818917,1.7380463356056507e-11
140.92169013257535,25.958650358077264,7.3859956580693495,-4.374413409657908,-12.590694613891609,1.724573108197855e-11
140.9274025941348,25.967244470366285,7.386495697504115,-4.375361194519693,-12.590834677479144,1.717836494493957e-11
140.93311609121713,25.97583823908547,7.386995736938875,-4.376308942600963,-12.590974028907388,1.7077315739381102e-11
140.93883062428037,25.984431664082972,7.387495776373639,-4.377256653847329,-12.59111266813198,1.714468187642008e-11
140.94454619378297,25.993024745207034,7.387995815808401,-4.378204328204553,-12.591250595108628,1.7043632670861613e-11
140.95026280018357,26.001617482305797,7.388495855243165,-4.379151965618488,-12.591387809793064,1.6976266533822632e-11
140.95598044394086,26.010209875227158,7.388995894677928,-4.380099566035118,-12.591524312141088,1.6875217328264166e-11
140.96169912551386,26.018801923819133,7.389495934112689,-4.381047129400551,-12.591660102108548,1.6875217328264166e-11
140.9674188453617,26.027393627929467,7.389995973547453,-4.381994655660995,-12.591795179651326,1.6807851191225186e-11
140.97313960394374,26.035984987405953,7.390496012982214,-4.382942144762792,-12.591929544725375,1.6774168122705697e-11
140.9788614017196,26.04457600209628,7.390996052416978,-4.383889596652405,-12.59206319728667,1.670680198566672e-11
140.98458423914894,26.05316667184797,7.3914960918517405,-4.384837011276392,-12.592196137291253,1.660575278010825e-11
140.9903081166918,26.061756996508556,7.391996131286504,-4.385784388581457,-12.592328364695213,1.663943584862774e-11
140.99603303480828,26.070346975925386,7.392496170721266,-4.386731728514404,-12.59245987945469,1.6437337437510803e-11
141.00175899395867,26.078936609945803,7.392996210156028,-4.387679031022156,-12.592590681525865,1.6437337437510803e-11
141.00748599460363,26.087525898417105,7.39349624959079,-4.388626296051772,-12.592720770864958,1.6268922094913357e-11
141.01321403720377,26.096114841186314,7.393996289025554,-4.389573523550394,-12.592850147428257,1.6336288231952337e-11
141.01894312222007,26.10470343810055,7.394496328460314,-4.390520713465319,-12.592978811172102,1.61341898208354e-11
141.02467325011366,26.113291689006832,7.394996367895079,-4.391467865743941,-12.593106762052853,1.620155595787438e-11
141.03040442134585,26.121879593751952,7.395496407329843,-4.392414980333768,-12.593234000026943,1.606682368379642e-11
141.03613663637816,26.130467152182803,7.395996446764606,-4.393362057182444,-12.593360525050858,1.606682368379642e-11
141.04186989567225,26.139054364146023,7.396496486199367,-4.394309096237713,-12.593486337081112,1.5864725272679486e-11
141.04760419969014,26.147641229488286,7.396996525634131,-4.39525609744744,-12.593611436074273,1.5932091409718463e-11
141.0533395488938,26.156227748056082,7.397496565068894,-4.396203060759611,-12.593735821986968,1.5831042204159997e-11
141.0590759437456,26.164813919695888,7.397996604503656,-4.397149986122337,-12.59385949477587,1.5797359135640505e-11
141.0648133847081,26.17339974425414,7.398496643938417,-4.398096873483828,-12.593982454397684,1.5729992998601528e-11
141.07055187224387,26.181985221576994,7.3989966833731815,-4.399043722792419,-12.594104700809186,1.5763676067121017e-11
141.07629140681584,26.190570351510726,7.399496722807944,-4.3999905339965695,-12.594226233967191,1.559526072452357e-11
141.08203198888717,26.199155133901467,7.399996762242707,-4.400937307044845,-12.594347053828553,1.5494211518965104e-11
141.08777361892103,26.20773956859515,7.40049680167747,-4.401884041885937,-12.594467160350199,1.5527894587484592e-11
141.09351629738097,26.21632365543776,7.400996841112233,-4.4028307384686425,-12.594586553489062,1.5426845381926123e-11
141.0992600247307,26.224907394275192,7.4014968805469925,-4.403777396741894,-12.594705233202191,1.5325796176367657e-11
141.105004801434,26.233490784953094,7.401996919981757,-4.404724016654715,-12.594823199446605,1.5359479244887146e-11
141.110750627955,26.242073827317263,7.4024969594165215,-4.4056705981562665,-12.59494045217942,1.5292113107848165e-11
141.11649750475797,26.250656521213184,7.402996998851284,-4.406617141195823,-12.5950569913578,1.5224746970809188e-11
141.12224543230732,26.259238866486445,7.403497038286047,-4.407563645722759,-12.595172816938943,1.5123697765250718e-11
141.12799441106776,26.26782086298237,7.40399707772081,-4.408510111686589,-12.595287928880092,1.505633162821174e-11
141.13374444150412,26.27640251054633,7.404497117155572,-4.409456539036924,-12.595402327138551,1.505633162821174e-11
141.1394955240815,26.28498380902362,7.404997156590336,-4.410402927723513,-12.595516011671668,1.4887916285614294e-11
141.1452476592651,26.293564758259276,7.405497196025098,-4.411349277696192,-12.595628982436835,1.4854233217094805e-11
141.15100084752038,26.302145358098446,7.4059972354598615,-4.412295588904934,-12.595741239391494,1.4786867080055825e-11
141.15675508931304,26.31072560838612,7.406497274894624,-4.413241861299833,-12.595852782493143,1.4786867080055825e-11
141.16251038510885,26.31930550896713,7.406997314329386,-4.414188094831078,-12.595963611699322,1.465213480597787e-11
141.16826673537386,26.32788505968633,7.407497353764151,-4.41513428944899,-12.596073726967614,1.468581787449736e-11
141.17402414057437,26.336464260388393,7.407997393198913,-4.416080445103997,-12.596183128255657,1.4618451737458378e-11
141.17978260117675,26.345043110917977,7.408497432633675,-4.417026561746653,-12.596291815521143,1.458476866893889e-11
141.1855421176477,26.353621611119667,7.408997472068438,-4.4179726393276235,-12.596399788721795,1.4416353326341443e-11
141.19130269045397,26.362199760837814,7.409497511503201,-4.418918677797675,-12.596507047815404,1.4450036394860933e-11
141.19706432006268,26.370777559916903,7.409997550937964,-4.419864677107717,-12.596613592759791,1.4416353326341443e-11
141.202827006941,26.37935500820111,7.410497590372727,-4.420810637208749,-12.596719423512837,1.4281621052263486e-11
141.20859075155633,26.38793210553468,7.41099762980749,-4.421756558051899,-12.596824540032475,1.4247937983743996e-11
141.2143555543764,26.396508851761766,7.411497669242253,-4.422702439588416,-12.596928942276673,1.411320570966604e-11
141.22012141586887,26.405085246726287,7.411997708677018,-4.423648281769642,-12.59703263020345,1.411320570966604e-11
141.2258883365019,26.413661290272223,7.412497748111779,-4.424594084547062,-12.597135603770887,1.4079522641146549e-11
141.23165631674368,26.422236982243465,7.412997787546543,-4.425539847872263,-12.597237862937094,1.3978473435588081e-11
141.23742535706253,26.43081232248368,7.413497826981307,-4.4264855716969365,-12.597339407660245,1.3911107298549102e-11
141.24319545792721,26.439387310836626,7.413997866416068,-4.427431255972911,-12.597440237898546,1.3877424230029614e-11
141.24896661980642,26.4479619471458,7.414497905850832,-4.42837690065211,-12.597540353610267,1.3810058092990635e-11
141.25473884316918,26.456536231254724,7.414997945285593,-4.429322505686582,-12.597639754753718,1.3776375024471146e-11
141.2605121284848,26.465110163006862,7.415497984720357,-4.4302680710285,-12.597738441287259,1.3641642750393188e-11
141.26628647622252,26.47368374224545,7.415998024155121,-4.4312135966301245,-12.597836413169299,1.354059354483472e-11
141.27206188685213,26.48225696881379,7.4164980635898825,-4.432159082443863,-12.597933670358287,1.354059354483472e-11
141.27783836084325,26.490829842554927,7.416998103024646,-4.433104528422206,-12.598030212812734,1.350691047631523e-11
141.28361589866603,26.499402363311994,7.41749814245941,-4.434049934517782,-12.598126040491186,1.3405861270756762e-11
141.2893945007906,26.507974530927974,7.417998181894172,-4.4349953006833305,-12.598221153352249,1.3372178202237273e-11
141.29517416768732,26.51654634524565,7.418498221328936,-4.4359406268716945,-12.598315551354567,1.3338495133717783e-11
141.30095489982688,26.525117806107904,7.418998260763699,-4.436885913035842,-12.598409234456836,1.3237445928159315e-11
141.30673669768004,26.53368891335743,7.4194983001984625,-4.43783115912885,-12.598502202617798,1.3237445928159315e-11
141.31251956171775,26.542259666836774,7.419998339633225,-4.438776365103909,-12.598594455796249,1.3203762859639827e-11
141.31830349241133,26.55083006638857,7.420498379067988,-4.439721530914336,-12.598685993951026,1.303534751704238e-11
141.32408849023201,26.55940011185514,7.420998418502752,-4.440666656513534,-12.598776817041013,1.300166444852289e-11
141.3298745556515,26.56796980307888,7.421498457937514,-4.441611741855056,-12.598866925025156,1.300166444852289e-11
141.33566168914155,26.57653913990212,7.421998497372279,-4.442556786892545,-12.598956317862426,1.2833249105925443e-11
141.34144989117414,26.585108122166925,7.422498536807041,-4.44350179157976,-12.599044995511868,1.2833249105925443e-11
141.34723916222148,26.593676749715474,7.422998576241805,-4.4444467558705805,-12.59913295793255,1.2866932174444933e-11
