galstreams/tracks/track.st.OmegaCen-Fimbulthul.ibata2021.ecsv
# %ECSV 1.0
# ---
# datatype:
# - {name: ra, unit: deg, datatype: float64}
# - {name: dec, unit: deg, datatype: float64}
# - {name: distance, unit: kpc, datatype: float64}
# - {name: pm_ra_cosdec, unit: mas / yr, datatype: float64}
# - {name: pm_dec, unit: mas / yr, datatype: float64}
# - {name: radial_velocity, unit: km / s, datatype: float64}
# delimiter: ','
# meta: !!omap
# - __serialized_columns__:
#     dec:
#       __class__: astropy.coordinates.angles.Latitude
#       unit: &id001 !astropy.units.Unit {unit: deg}
#       value: !astropy.table.SerializedColumn {name: dec}
#     distance:
#       __class__: astropy.coordinates.distances.Distance
#       unit: !astropy.units.Unit {unit: kpc}
#       value: !astropy.table.SerializedColumn {name: distance}
#     pm_dec:
#       __class__: astropy.units.quantity.Quantity
#       unit: !astropy.units.Unit {unit: mas / yr}
#       value: !astropy.table.SerializedColumn {name: pm_dec}
#     pm_ra_cosdec:
#       __class__: astropy.units.quantity.Quantity
#       unit: !astropy.units.Unit {unit: mas / yr}
#       value: !astropy.table.SerializedColumn {name: pm_ra_cosdec}
#     ra:
#       __class__: astropy.coordinates.angles.Longitude
#       unit: *id001
#       value: !astropy.table.SerializedColumn {name: ra}
#       wrap_angle: !astropy.coordinates.Angle
#         unit: *id001
#         value: 360.0
#     radial_velocity:
#       __class__: astropy.units.quantity.Quantity
#       unit: !astropy.units.Unit {unit: km / s}
#       value: !astropy.table.SerializedColumn {name: radial_velocity}
# schema: astropy-2.0
ra,dec,distance,pm_ra_cosdec,pm_dec,radial_velocity
[from data line 562]
192.6698117117568,-43.84889760861522,5.738586399953886,-3.8280265702564473,-6.190686142347783,5.0524602779234026e-14
192.6654493646578,-43.83455358291156,5.73914093889269,-3.8249949905740213,-6.189652055672415,6.73661370389787e-14
192.6611039303696,-43.82021630308873,5.739693606772178,-3.8219719484910195,-6.18862256824143,3.368306851948935e-14
192.65677538783996,-43.80588576918519,5.740244404464315,-3.8189574441198912,-6.187597672408465,1.6841534259744676e-14
192.65246371605784,-43.79156198122739,5.740793332841055,-3.8159514775599237,-6.18657736054978,0.0
192.64816889405256,-43.777244939230044,5.74134039277436,-3.812954048897332,-6.185561625064187,6.73661370389787e-14
192.64389090089423,-43.762934643195976,5.741885585136194,-3.8099651582052543,-6.184550458372988,3.368306851948935e-14
192.63962971569347,-43.74863109311631,5.74242891079851,-3.8069848055438427,-6.183543852919938,5.0524602779234026e-14
192.6353853176013,-43.73433428897024,5.742970370633273,-3.804012990960267,-6.182541801171164,6.73661370389787e-14
192.63115768580917,-43.72004423072537,5.743509965512444,-3.801049714488784,-6.1815442956151205,1.6841534259744676e-14
192.6269467995486,-43.705760918337575,5.7440476963079785,-3.7980949761507823,-6.1805513287625296,1.6841534259744676e-14
192.62275263809133,-43.69148435175111,5.744583563891845,-3.795148775954814,-6.179562893146317,5.0524602779234026e-14
192.61857518074925,-43.677214530898425,5.745117569135996,-3.7922111138966375,-6.178578981321564,0.0
192.61441440687412,-43.66295145570059,5.745649712912394,-3.7892819899592793,-6.177599585865442,3.368306851948935e-14
192.6102702958575,-43.648695126067,5.746179996092998,-3.786361404113059,-6.17662469937716,3.368306851948935e-14
192.60614282713075,-43.63444554189555,5.746708419549773,-3.7834493563156446,-6.1756543144779,1.6841534259744676e-14
192.60203198016507,-43.62020270307255,5.747234984154676,-3.78054584651208,-6.174688423810775,-1.6841534259744676e-14
192.59793773447097,-43.60596660947295,5.747759690779665,-3.777650874634851,-6.17372702004076,0.0
192.5938600695986,-43.59173726096021,5.748282540296704,-3.774764440603909,-6.172770095854631,0.0
192.58979896513742,-43.57751465738642,5.748803533577752,-3.771886544326728,-6.171817643960919,1.6841534259744676e-14
192.58575440071633,-43.56329879859221,5.7493226714947685,-3.7690171856983232,-6.170869657089861,3.368306851948935e-14
192.58172635600326,-43.54908968440693,5.749839954919715,-3.7661563646013265,-6.1699261279933175,3.368306851948935e-14
192.57771481070534,-43.53488731464868,5.75035538472455,-3.763304080906006,-6.168987049444738,3.368306851948935e-14
192.57371974456873,-43.52069168912411,5.7508689617812365,-3.760460334470312,-6.168052414239095,1.6841534259744676e-14
192.56974113737854,-43.50650280762877,5.75138068696173,-3.7576251251399233,-6.167122215192838,1.6841534259744676e-14
192.56577896895857,-43.492320669946935,5.751890561137996,-3.7547984527482887,-6.1661964451438225,-1.6841534259744676e-14
192.5618332191714,-43.47814527585176,5.752398585181993,-3.751980317116667,-6.165275096951267,3.368306851948935e-14
192.5579038679185,-43.46397662510509,5.752904759965678,-3.74917071805416,-6.164358163495694,1.6841534259744676e-14
192.5539908951396,-43.449814717457784,5.7534090863610166,-3.7463696553577654,-6.163445637678873,1.6841534259744676e-14
192.55009428081306,-43.435659552649575,5.753911565239965,-3.743577128812425,-6.162537512423764,0.0
192.54621400495546,-43.421511130409165,5.754412197474485,-3.7407931381910404,-6.16163378067446,6.73661370389787e-14
192.5423500476219,-43.40736945045409,5.754910983936535,-3.7380176832545366,-6.160734435396151,5.0524602779234026e-14
192.53850238890553,-43.39323451249102,5.75540792549808,-3.735250763751886,-6.159839469575033,0.0
192.53467100893752,-43.379106316215626,5.755903023031075,-3.732492379420173,-6.158948876218293,3.368306851948935e-14
192.5308558878872,-43.36498486131265,5.756396277407483,-3.729742529984603,-6.15806264835402,0.0
192.52705700596184,-43.35087014745582,5.756887689499264,-3.7270012151585665,-6.157180779031179,3.368306851948935e-14
192.52327434340643,-43.336762174308106,5.757377260178377,-3.724268434643667,-6.156303261319536,3.368306851948935e-14
192.51950788050377,-43.32266094152158,5.757864990316783,-3.7215441881297697,-6.155430088309611,1.6841534259744676e-14
192.5157575975742,-43.308566448737565,5.75835088078644,-3.7188284752950365,-6.154561253112631,5.0524602779234026e-14
192.51202347497588,-43.2944786955864,5.758834932459314,-3.7161212958059555,-6.153696748860451,5.0524602779234026e-14
192.50830549310422,-43.280397681687866,5.759317146207361,-3.713422649317402,-6.152836568705542,8.420767129872338e-14
192.50460363239208,-43.266323406650926,5.759797522902542,-3.710732535472661,-6.151980705820894,5.0524602779234026e-14
192.5009178733096,-43.25225587007393,5.760276063416816,-3.708050953903479,-6.151129153399987,6.73661370389787e-14
192.4972481963642,-43.23819507154437,5.760752768622146,-3.705377904230081,-6.15028190465674,1.6841534259744676e-14
192.49359458210037,-43.22414101063928,5.761227639390489,-3.7027133860612396,-6.14943895282544,3.368306851948935e-14
192.48995701109968,-43.210093686925006,5.761700676593807,-3.700057398994288,-6.148600291160697,5.0524602779234026e-14
192.4863354639805,-43.196053099957375,5.762171881104061,-3.697409942615175,-6.147765912937394,5.0524602779234026e-14
192.48272992139832,-43.18201924928151,5.762641253793211,-3.6947710164984917,-6.146935811450636,3.368306851948935e-14
192.47914036404515,-43.16799213443218,5.763108795533215,-3.6921406202075184,-6.1461099800156855,3.368306851948935e-14
192.4755667726498,-43.15397175493362,5.7635745071960365,-3.689518753294265,-6.145288411967924,-1.6841534259744676e-14
192.4720091279777,-43.1399581102995,5.764038389653632,-3.6869054152994925,-6.144471100662785,3.368306851948935e-14
192.4684674108308,-43.125951200033164,5.7645004437779646,-3.6843006057527674,-6.143658039475717,1.6841534259744676e-14
192.46494160204736,-43.11195102362751,5.764960670440994,-3.6817043241725,-6.142849221802111,0.0
192.461431682502,-43.097957580565115,5.76541907051468,-3.679116570065971,-6.142044641057268,3.368306851948935e-14
192.45793763310576,-43.083970870318076,5.765875644870983,-3.6765373429293664,-6.141244290676337,5.0524602779234026e-14
192.4544594348057,-43.06999089234826,5.766330394381864,-3.6739666422478368,-6.140448164114266,5.0524602779234026e-14
192.450997068585,-43.05601764610727,5.7667833199192815,-3.6714044674955115,-6.139656254845745,6.73661370389787e-14
192.44755051546272,-43.04205113103643,5.767234422355197,-3.668850818135547,-6.1388685563651535,1.6841534259744676e-14
192.44411975649408,-43.02809134656674,5.767683702561571,-3.666305693620158,-6.1380850621865255,6.73661370389787e-14
192.44070477276992,-43.014138292119085,5.768131161410363,-3.663769093390662,-6.137305765843475,5.0524602779234026e-14
192.43730554541693,-43.000191967104165,5.768576799773532,-3.661241016877507,-6.136530660889154,1.6841534259744676e-14
192.4339220555973,-42.98625237092257,5.769020618523041,-3.6587214635003207,-6.135759740896207,3.368306851948935e-14
192.43055428450901,-42.9723195029646,5.769462618530848,-3.656210432667922,-6.134992999456711,3.368306851948935e-14
192.42720221338539,-42.95839336261066,5.769902800668914,-3.653707923778388,-6.134230430182132,-1.6841534259744676e-14
192.4238658234952,-42.94447394923098,5.7703411658092,-3.651213936219074,-6.133472026703263,1.6841534259744676e-14
192.42054509614243,-42.93056126218584,5.770777714823666,-3.6487284693666457,-6.132717782670181,5.0524602779234026e-14
192.41724001266653,-42.916655300825354,5.77121244858427,-3.646251522587122,-6.1319676917522035,5.0524602779234026e-14
192.41395055444195,-42.90275606448979,5.771645367962976,-3.6437830952359076,-6.13122174763782,-1.6841534259744676e-14
192.41067670287816,-42.88886355250947,5.772076473831741,-3.641323186657837,-6.130479944034654,3.368306851948935e-14
192.4074184394197,-42.87497776420476,5.772505767062527,-3.6388717961872037,-6.12974227466941,3.368306851948935e-14
192.40417574554604,-42.861098698886025,5.772933248527294,-3.6364289231477738,-6.129008733287821,3.368306851948935e-14
192.40094860277142,-42.847226355853905,5.773358919098001,-3.633994566852869,-6.1282793136546,3.368306851948935e-14
192.39773699264478,-42.83336073439913,5.773782779646609,-3.631568726605363,-6.1275540095533945,3.368306851948935e-14
192.3945408967497,-42.819501833802676,5.774204831045081,-3.629151401697727,-6.126832814786718,3.368306851948935e-14
192.39136029670456,-42.80564965333561,5.774625074165372,-3.6267425914120666,-6.126115723175934,3.368306851948935e-14
192.38819517416195,-42.79180419225931,5.775043509879446,-3.624342295020155,-6.125402728561166,5.0524602779234026e-14
192.38504551080896,-42.77796544982551,5.775460139059262,-3.621950511783474,-6.124693824801284,5.0524602779234026e-14
192.38191128836715,-42.76413342527603,5.775874962576781,-3.619567240953226,-6.123989005773828,0.0
192.3787924885921,-42.750308117843176,5.7762879813039625,-3.6171924817704078,-6.123288265374981,1.6841534259744676e-14
192.3756890932737,-42.73648952674955,5.776699196112766,-3.614826233465803,-6.1225915975194924,3.368306851948935e-14
192.37260108423587,-42.72267765120818,5.777108607875152,-3.6124684952600443,-6.121898996140658,1.6841534259744676e-14
192.36952844333658,-42.70887249042234,5.777516217463082,-3.6101192663636317,-6.121210455190251,3.368306851948935e-14
192.36647115246774,-42.69507404358588,5.777922025748515,-3.6077785459769727,-6.120525968638484,1.6841534259744676e-14
192.36342919355496,-42.68128230988307,5.778326033603412,-3.6054463332904216,-6.119845530473953,3.368306851948935e-14
192.36040254855774,-42.6674972884887,5.778728241899735,-3.6031226274842987,-6.119169134703588,3.368306851948935e-14
192.3573911994693,-42.65371897856788,5.77912865150944,-3.6008074277289355,-6.11849677535262,3.368306851948935e-14
192.35439512831636,-42.639947379276485,5.779527263304489,-3.5985007331847045,-6.117828446464506,5.0524602779234026e-14
192.35141431715923,-42.626182489760815,5.779924078156845,-3.59620254300205,-6.117164142100906,3.368306851948935e-14
192.34844874809153,-42.612424309157866,5.780319096938464,-3.5939128563215306,-6.116503856341616,3.368306851948935e-14
192.34549840324053,-42.59867283659508,5.7807123205213085,-3.591631672273828,-6.115847583284532,3.368306851948935e-14
192.34256326476645,-42.58492807119064,5.781103749777339,-3.589358989979816,-6.115195317045599,1.6841534259744676e-14
192.339643314863,-42.57119001205342,5.781493385578516,-3.587094808550556,-6.1145470517587555,1.6841534259744676e-14
192.33673853575675,-42.55745865828299,5.781881228796797,-3.584839127087366,-6.1139027815759,0.0
192.33384890970763,-42.543734008969494,5.782267280304145,-3.5825919446818117,-6.113262500666829,3.368306851948935e-14
192.33097441900827,-42.53001606319397,5.782651540972519,-3.580353260415781,-6.112626203219199,3.368306851948935e-14
192.32811504598436,-42.51630482002816,5.78303401167388,-3.5781230733614806,-6.11199388343847,5.0524602779234026e-14
192.32527077299426,-42.50260027853467,5.7834146932801875,-3.5759013825815003,-6.11136553554787,0.0
192.3224415824293,-42.48890243776678,5.783793586663402,-3.573688187128813,-6.110741153788345,3.368306851948935e-14
192.3196274567132,-42.47521129676871,5.784170692695485,-3.5714834860468283,-6.110120732418495,3.368306851948935e-14
192.31682837830246,-42.46152685457559,5.784546012248395,-3.569287278369418,-6.109504265714548,1.6841534259744676e-14
192.31404432968594,-42.44784911021341,5.784919546194092,-3.567099563120951,-6.108891747970311,1.6841534259744676e-14
192.31127529338514,-42.43417806269899,5.785291295404536,-3.564920339316312,-6.10828317349711,0.0
192.30852125195364,-42.42051371104022,5.78566126075169,-3.5627496059609474,-6.10767853662375,3.368306851948935e-14
192.30578218797748,-42.406856054235945,5.786029443107511,-3.560587362050899,-6.107077831696473,3.368306851948935e-14
192.30305808407493,-42.393205091275895,5.7863958433439615,-3.5584336065728093,-6.106481053078907,3.368306851948935e-14
192.30034892289623,-42.379560821140934,5.786760462333002,-3.556288338503985,-6.105888195152017,0.0
192.29765468712375,-42.36592324280298,5.78712330094659,-3.554151556812413,-6.105299252314071,0.0
192.2949753594718,-42.352292355224996,5.787484360056688,-3.552023260456785,-6.1047142189805665,3.368306851948935e-14
192.2923109226867,-42.33866815736094,5.787843640535256,-3.549903448386538,-6.104133089584227,3.368306851948935e-14
192.28966135954644,-42.32505064815605,5.788201143254254,-3.547792119541878,-6.103555858574914,3.368306851948935e-14
192.28702665286082,-42.31143982654662,5.78855686908564,-3.5456892728538243,-6.102982520419607,3.368306851948935e-14
192.28440678547128,-42.29783569146018,5.788910818901378,-3.5435949072442208,-6.102413069602343,6.73661370389787e-14
192.28180174025096,-42.28423824181533,5.789262993573427,-3.541509021625772,-6.101847500624185,1.6841534259744676e-14
192.27921150010437,-42.270647476522015,5.789613393973745,-3.539431614902092,-6.101285808003166,3.368306851948935e-14
192.27663604796757,-42.25706339448137,5.789962020974296,-3.5373626859676985,-6.1007279862742445,1.6841534259744676e-14
192.2740753668079,-42.24348599458589,5.790308875447037,-3.5353022337080846,-6.100174029989262,5.0524602779234026e-14
192.27152943962412,-42.22991527571913,5.790653958263931,-3.5332502569997,-6.099623933716899,3.368306851948935e-14
192.26899824944613,-42.21635123675622,5.790997270296935,-3.5312067547100328,-6.099077692042632,5.0524602779234026e-14
192.26648177933498,-42.202793876563476,5.791338812418012,-3.5291717256976,-6.098535299568673,1.6841534259744676e-14
192.26398001238275,-42.18924319399871,5.7916785854991195,-3.5271451688120012,-6.097996750913945,3.368306851948935e-14
192.2614929317127,-42.17569918791096,5.792016590412222,-3.5251270828939214,-6.097462040714024,1.6841534259744676e-14
192.25902052047883,-42.162161857140774,5.792352828029275,-3.523117466775191,-6.096931163621106,3.368306851948935e-14
192.25656276186606,-42.14863120052014,5.7926872992222425,-3.5211163192787955,-6.096404114303941,1.6841534259744676e-14
192.25411963909005,-42.13510721687255,5.793020004863083,-3.519123639218913,-6.095880887447814,1.6841534259744676e-14
192.2516911353973,-42.12158990501282,5.793350945823756,-3.517139425400928,-6.095361477754491,0.0
192.2492772340648,-42.10807926374744,5.793680122976222,-3.5151636766214853,-6.0948458799421585,1.6841534259744676e-14
192.24687791840017,-42.09457529187436,5.794007537192443,-3.513196391668499,-6.094334088745409,3.368306851948935e-14
192.24449317174148,-42.081077988183154,5.794333189344377,-3.5112375693211892,-6.093826098915175,1.6841534259744676e-14
192.2421229774573,-42.06758735145484,5.794657080303986,-3.509287208350104,-6.093321905218689,6.73661370389787e-14
192.23976731894652,-42.054103380462145,5.79497921094323,-3.5073453075171557,-6.0928215024394445,1.6841534259744676e-14
192.23742617963816,-42.04062607396947,5.795299582134068,-3.505411865575655,-6.092324885377152,3.368306851948935e-14
192.23509954299172,-42.0271554307327,5.79561819474846,-3.503486881270311,-6.091832048847696,3.368306851948935e-14
192.23278739249656,-42.01369144949952,5.795935049658369,-3.5015703533372937,-6.091342987683076,1.6841534259744676e-14
192.23048971167225,-42.000234129009314,5.796250147735753,-3.4996622805042437,-6.090857696731389,5.0524602779234026e-14
192.22820648406827,-41.98678346799317,5.7965634898525735,-3.4977626614903015,-6.090376170856766,3.368306851948935e-14
192.22593769326417,-41.97333946517386,5.796875076880789,-3.4958714950061327,-6.089898404939342,3.368306851948935e-14
192.2236833228692,-41.95990211926597,5.79718490969236,-3.4939887797539697,-6.089424393875202,1.6841534259744676e-14
192.22144335652234,-41.9464714289759,5.79749298915925,-3.4921145144276213,-6.088954132576335,1.6841534259744676e-14
192.21921777789245,-41.93304739300188,5.797799316153412,-3.490248697712515,-6.088487615970615,3.368306851948935e-14
