galstreams/tracks/track.st.C-23.ibata2024.ecsv
# %ECSV 1.0
# ---
# datatype:
# - {name: ra, unit: deg, datatype: float64}
# - {name: dec, unit: deg, datatype: float64}
# - {name: distance, unit: kpc, datatype: float64}
# - {name: pm_ra_cosdec, unit: mas / yr, datatype: float64}
# - {name: pm_dec, unit: mas / yr, datatype: float64}
# - {name: radial_velocity, unit: km / s, datatype: float64}
# delimiter: ','
# meta: !!omap
# - __serialized_columns__:
#     dec:
#       __class__: astropy.coordinates.angles.Latitude
#       unit: &id001 !astropy.units.Unit {unit: deg}
#       value: !astropy.table.SerializedColumn {name: dec}
#     distance:
#       __class__: astropy.coordinates.distances.Distance
#       unit: !astropy.units.Unit {unit: kpc}
#       value: !astropy.table.SerializedColumn {name: distance}
#     pm_dec:
#       __class__: astropy.units.quantity.Quantity
#       unit: !astropy.units.Unit {unit: mas / yr}
#       value: !astropy.table.SerializedColumn {name: pm_dec}
#     pm_ra_cosdec:
#       __class__: astropy.units.quantity.Quantity
#       unit: !astropy.units.Unit {unit: mas / yr}
#       value: !astropy.table.SerializedColumn {name: pm_ra_cosdec}
#     ra:
#       __class__: astropy.coordinates.angles.Longitude
#       unit: *id001
#       value: !astropy.table.SerializedColumn {name: ra}
#       wrap_angle: !astropy.coordinates.Angle
#         unit: *id001
#         value: 360.0
#     radial_velocity:
#       __class__: astropy.units.quantity.Quantity
#       unit: !astropy.units.Unit {unit: km / s}
#       value: !astropy.table.SerializedColumn {name: radial_velocity}
# schema: astropy-2.0
ra,dec,distance,pm_ra_cosdec,pm_dec,radial_velocity
[from data line 1294]
196.72417762307524,41.79673765914298,1.0000000000000002,-5.540397772202795,0.04572937479216321,-211.56587058788907
196.72985575215716,41.78769314978238,1.0000000000000002,-5.539687527790775,0.04585739555769308,-211.54442083021817
196.73553184124097,41.77864820948794,1.0000000000000002,-5.538977442283116,0.045985138373414,-211.5228710224543
196.74120588688044,41.76960283693562,1.0000000000000002,-5.538267516609789,0.046112601058254654,-211.50122102375596
196.74687788563068,41.76055703080207,1.0000000000000002,-5.537557751701254,0.04623978143169083,-211.47947069328166
196.75254783404816,41.75151078976468,1.0,-5.536848148488556,0.04636667731380939,-211.45761989018968
196.7582157286906,41.74246411250151,1.0000000000000002,-5.536138707903229,0.04649328652520168,-211.4356684736384
196.76388156611708,41.73341699769134,1.0000000000000002,-5.535429430877352,0.04661960688708078,-211.4136163027865
196.76954534288805,41.724369444013654,1.0000000000000002,-5.53472031834351,0.04674563622119976,-211.39146323679208
196.77520705556523,41.715321450148636,1.0000000000000002,-5.534011371234804,0.046871372349890805,-211.36920913481384
196.78086670071164,41.70627301477719,1.0000000000000002,-5.533302590484901,0.04699681309605808,-211.34685385600994
196.78652427489166,41.697224136580886,1.0000000000000002,-5.5325939770279415,0.04712195628312443,-211.32439725953904
196.792179774671,41.688174814242025,1.0,-5.531885531798608,0.04724679973514867,-211.30183920455946
196.79783319661664,41.67912504644359,1.0000000000000002,-5.531177255732098,0.04737134127669762,-211.27917955022966
196.80348453729687,41.67007483186925,1.0000000000000002,-5.53046914976413,0.04749557873291366,-211.2564181557079
196.80913379328135,41.661024169203415,1.0000000000000002,-5.529761214830936,0.04761950992952535,-211.23355488015287
196.81478096114105,41.651973057131144,1.0,-5.529053451869272,0.04774313269280128,-211.21058958272275
196.8204260374482,41.642921494338204,1.0000000000000004,-5.5283458618164065,0.0478664448495536,-211.18752212257607
196.82606901877637,41.63386947951108,1.0000000000000002,-5.527638445610117,0.04798944422721618,-211.16435235887124
196.83170990170046,41.62481701133692,1.0000000000000002,-5.526931204188699,0.04811212865373449,-211.14108015076678
196.8373486827967,41.61576408850358,1.0000000000000002,-5.526224138490967,0.048234495957611756,-211.11770535742093
196.84298535864252,41.60671070969959,1.0000000000000002,-5.525517249456248,0.048356543967933874,-211.09422783799224
196.84861992581682,41.597656873614206,1.0,-5.524810538024356,0.048478270514362265,-211.07064745163908
196.85425238089968,41.58860257893732,1.0000000000000002,-5.524104005135653,0.048599673427055734,-211.04696405751986
196.85988272047257,41.57954782435955,1.0000000000000002,-5.523397651730978,0.04872075053678415,-211.02317751479308
196.8655109411182,41.5704926085722,1.0000000000000002,-5.522691478751701,0.048841499674875166,-210.99928768261708
196.87113703942063,41.56143693026725,1.0,-5.521985487139695,0.04896191867316091,-210.97529442015025
196.87676101196521,41.552380788137356,1.0000000000000002,-5.521279677837324,0.04908200536409524,-210.9511975865512
196.8823828553386,41.543324180875864,1.0000000000000002,-5.520574051787479,0.04920175758064005,-210.92699704097814
196.88800256612876,41.534267107176845,1.0000000000000002,-5.519868609933546,0.049321173156371856,-210.90269264258956
196.89362014092498,41.52520956573497,1.0000000000000002,-5.51916335321941,0.04944024992533258,-210.87828425054397
196.8992355763178,41.51615155524565,1.0000000000000002,-5.518458282589478,0.04955898572220008,-210.8537717239997
196.90484886889908,41.50709307440496,1.0000000000000002,-5.517753398988637,0.04967737838215314,-210.8291549221151
196.91046001526203,41.498034121909654,1.0000000000000002,-5.517048703362281,0.049795425740956745,-210.80443370404876
196.9160690120011,41.48897469645718,1.0000000000000002,-5.51634419665632,0.049913125634923006,-210.77960792895902
196.92167585571204,41.47991479674562,1.0000000000000002,-5.515639879817131,0.05003047590089693,-210.75467745600434
196.92728054299195,41.47085442147378,1.0,-5.514935753791628,0.05014747437629907,-210.729642144343
196.93288307043915,41.46179356934112,1.0,-5.514231819527209,0.05026411889908999,-210.70450185313362
196.93848343465334,41.452732239047776,1.0000000000000002,-5.513528077971754,0.050380407307777375,-210.67925644153456
196.94408163223542,41.44367042929453,1.0000000000000002,-5.512824530073644,0.050496337441412464,-210.65390576870408
196.94967765978774,41.434608138782885,1.0000000000000002,-5.512121176781765,0.05061190713962915,-210.62844969380092
196.95527151391374,41.425545366215,1.0000000000000002,-5.5114180190455,0.050727114242576476,-210.60288807598317
196.9608631912183,41.416482110293664,1.0,-5.510715057814716,0.0508419565909648,-210.5772207744095
196.96645268830753,41.40741836972239,1.0000000000000002,-5.51001229403977,0.050956432026055154,-210.55144764823817
196.9720400017889,41.39835414320533,1.0,-5.509309728671498,0.05107053838964859,-210.5255685566277
196.97762512827106,41.3892894294473,1.0000000000000002,-5.508607362661277,0.05118427352407906,-210.4995833587365
196.98320806436408,41.3802242271538,1.0,-5.5079051969609,0.05129763527227382,-210.47349191372285
196.98878880667914,41.371158535030986,1.0000000000000002,-5.507203232522723,0.05141062147766462,-210.44729408074548
196.99436735182894,41.36209235178565,1.0000000000000002,-5.506501470299522,0.05152322998423742,-210.42098971896255
196.99994369642727,41.353025676125306,1.0000000000000002,-5.505799911244614,0.05163545863652885,-210.3945786875325
197.0055178370893,41.34395850675809,1.0000000000000002,-5.505098556311774,0.05174730527961202,-210.36806084561377
197.01108977043148,41.33489084239278,1.0000000000000002,-5.504397406455244,0.05185876775911069,-210.3414360523649
197.0166594930715,41.32582268173887,1.0000000000000002,-5.503696462629803,0.051969843921192194,-210.31470416694427
197.0222270016284,41.31675402350647,1.0000000000000004,-5.50299572579066,0.05208053161256032,-210.28786504851016
197.02779229272247,41.307684866406376,1.0000000000000002,-5.502295196893542,0.052190828680480195,-210.26091855622116
197.03335536297527,41.29861520914998,1.0000000000000002,-5.501594876894613,0.052300732972703656,-210.2338645492355
197.03891620900964,41.289545050449426,1.0000000000000002,-5.500894766750596,0.052410242337593616,-210.20670288671184
197.04447482744973,41.280474389017435,1.0,-5.500194867418614,0.05251935462401036,-210.17943342780848
197.05003121492098,41.27140322356741,1.0,-5.499495179856293,0.052628067681364854,-210.1520560316839
197.05558536805003,41.26233155281342,1.0000000000000002,-5.498795705021758,0.052736379359618724,-210.12457055749638
197.0611372834649,41.25325937547014,1.0000000000000002,-5.498096443873575,0.05284428750924164,-210.09697686440458
197.06668695779481,41.24418669025295,1.0000000000000002,-5.497397397370824,0.052951789981275255,-210.0692748115667
197.0722343876703,41.23511349587785,1.0000000000000002,-5.496698566473027,0.053058884627269265,-210.0414642581412
197.07777956972322,41.22603979106149,1.0000000000000002,-5.4959999521401866,0.053165569299352455,-210.01354506328659
197.08332250058658,41.21696557452118,1.0000000000000002,-5.495301555332796,0.05327184185014033,-209.98551708616114
197.08886317689473,41.20789084497487,1.0000000000000002,-5.494603377011808,0.05337770013281684,-209.95738018592348
197.09440159528336,41.198815601141135,1.0000000000000002,-5.493905418138633,0.05348314200107751,-209.92913422173186
197.0999377523893,41.189739841739225,1.0000000000000002,-5.4932076796751765,0.0535881653091792,-209.9007790527448
197.10547164485078,41.18066356548904,1.0000000000000002,-5.492510162583789,0.05369276791191169,-209.87231453812072
197.11100326930722,41.17158677111109,1.0000000000000002,-5.491812867827312,0.053796947664565664,-209.843740537018
197.11653262239935,41.16250945732652,1.0000000000000002,-5.491115796369012,0.05390070242298606,-209.81505690859507
197.12205970076909,41.15343162285716,1.0,-5.4904189491726925,0.05400403004356491,-209.78626351201027
197.1275845010598,41.14435326642545,1.0000000000000002,-5.489722327202543,0.05410692838319875,-209.7573602064223
197.1331070199159,41.13527438675448,1.0000000000000002,-5.4890259314232726,0.05420939529935609,-209.72834685098923
197.13862725398326,41.12619498256796,1.0000000000000002,-5.488329762800037,0.05431142864997085,-209.69922330486975
197.14414519990888,41.11711505259026,1.0,-5.487633822298449,0.054413026293570255,-209.6699894272221
197.14966085434108,41.10803459554636,1.0,-5.486938110884591,0.05451418608918246,-209.64064507720477
197.1551742139295,41.098953610161885,1.0000000000000002,-5.486242629524977,0.054614905896368526,-209.61119011397628
197.16068527532494,41.089872095163116,1.0000000000000002,-5.4855473791866345,0.054715183575208215,-209.58162439669482
197.16619403517956,41.08079004927694,1.0,-5.484852360836987,0.05481501698634261,-209.55194778451906
197.17170049014663,41.071707471230866,1.0000000000000002,-5.4841575754439855,0.05491440399089953,-209.52216013660734
197.17720463688093,41.062624359753045,1.0000000000000002,-5.483463023975961,0.05501334245055034,-209.49226131211796
197.18270647203826,41.053540713572275,1.0000000000000002,-5.482768707401759,0.05511183022750288,-209.46225117020953
197.18820599227584,41.044456531417985,1.0000000000000002,-5.482074626690654,0.05520986518449433,-209.43212957004036
197.19370319425204,41.03537181202017,1.0000000000000002,-5.4813807828123835,0.05530744518474506,-209.40189637076878
197.1991980746266,41.02628655410952,1.0,-5.480687176737105,0.055404568092050965,-209.37155143155343
197.20469063006038,41.01720075641732,1.0000000000000002,-5.479993809435493,0.05550123177070887,-209.3410946115526
197.2101808572156,41.008114417675486,1.0000000000000002,-5.479300681878623,0.05559743408554141,-209.31052576992474
197.21566875275573,40.99902753661653,1.0000000000000002,-5.478607795038011,0.05569317290187925,-209.2798447658283
197.22115431334547,40.98994011197365,1.0000000000000002,-5.4779151498856695,0.0557884460856215,-209.24905145842158
197.22663753565078,40.9808521424806,1.0000000000000002,-5.4772227473940145,0.05588325150313267,-209.21814570686323
197.2321184163389,40.971763626871784,1.0000000000000002,-5.476530588535926,0.05597758702134925,-209.18712737031146
197.23759695207823,40.96267456388221,1.0,-5.475838674284734,0.05607145050767315,-209.15599630792477
197.24307313953855,40.95358495224752,1.0000000000000002,-5.475147005614216,0.0561648398300747,-209.12475237886164
197.2485469753908,40.94449479070396,1.0000000000000002,-5.474455583498585,0.05625775285701806,-209.09339544228033
197.25401845630722,40.93540407798841,1.0000000000000002,-5.4737644089124995,0.05635018745750031,-209.06192535733942
197.25948757896128,40.92631281283835,1.0,-5.473073482831042,0.05644214150104432,-209.03034198319722
197.2649543400277,40.91722099399187,1.0,-5.47238280622976,0.056533612857670335,-208.99864517901233
197.27041873618248,40.908128620187654,1.0000000000000002,-5.471692380084658,0.056624599397899544,-208.96683480394296
197.27588076410277,40.89903569016504,1.0000000000000004,-5.471002205372137,0.056715098992807356,-208.93491071714763
197.28134042046713,40.88994220266398,1.0,-5.47031228306904,0.05680510951399853,-208.90287277778475
197.2867977019552,40.88084815642499,1.0000000000000004,-5.4696226141526925,0.056894628833539684,-208.87072084501276
197.29225260524797,40.87175355018922,1.0000000000000002,-5.4689331996008175,0.056983654824051655,-208.83845477799002
197.29770512702765,40.86265838269841,1.0,-5.468244040391555,0.057072185358645555,-208.80607443587508
197.30315526397766,40.85356265269495,1.0000000000000002,-5.467555137503549,0.057160218310965405,-208.7735796778262
197.30860301278273,40.84446635892178,1.0000000000000002,-5.466866491915788,0.05724775155516326,-208.74097036300205
197.31404837012877,40.83536950012248,1.0000000000000002,-5.466178104607776,0.057334782965902775,-208.7082463505607
197.31949133270297,40.826272075041224,1.0000000000000002,-5.465489976559384,0.057421310418348526,-208.6754074996608
197.32493189719375,40.81717408242279,1.0000000000000002,-5.464802108750963,0.057507331788201554,-208.64245366946082
197.3303700602907,40.80807552101255,1.0000000000000004,-5.4641145021632695,0.05759284495166739,-208.60938471911896
197.3358058186848,40.79897638955646,1.0000000000000004,-5.463427157777462,0.05767784778541696,-208.57620050779386
197.3412391690682,40.789876686801136,1.0000000000000004,-5.462740076575178,0.05776233816673226,-208.54290089464382
197.3466701081342,40.78077641149372,1.0000000000000004,-5.46205325953844,0.057846313973278995,-208.50948573882735
197.35209863257745,40.771675562381986,1.0000000000000004,-5.461366707649736,0.05792977308333036,-208.47595489950274
197.3575247390938,40.7625741382143,1.0000000000000004,-5.460680421891938,0.05801271337560365,-208.44230823582842
197.3629484243803,40.753472137739614,1.0000000000000004,-5.459994403248379,0.0580951327293846,-208.4085456069631
197.36836968513535,40.74436955970751,1.0000000000000004,-5.459308652702758,0.058177029024413685,-208.3746668720649
197.37378851805843,40.735266402868106,1.0000000000000004,-5.458623171239264,0.058258400140953626,-208.34067189029224
197.37920491985034,40.72616266597215,1.0000000000000004,-5.4579379598424556,0.05833924395978585,-208.30656052080369
197.38461888721312,40.71705834777097,1.0000000000000004,-5.457253019497353,0.058419558362182045,-208.2723326227576
197.39003041684998,40.70795344701647,1.0000000000000004,-5.456568351189354,0.058499341229925506,-208.23798805531237
197.39543950546548,40.69884796246117,1.0000000000000002,-5.455883955904293,0.05857859044528979,-208.20352667762654
197.40084614976527,40.68974189285818,1.0000000000000002,-5.455199834628418,0.058657303891102686,-208.16894834885838
197.40625034645632,40.68063523696114,1.0000000000000004,-5.454515988348401,0.058735479450611194,-208.13425292816643
197.41165209224678,40.67152799352433,1.0000000000000002,-5.453832418051327,0.05881311500763431,-208.099440274709
197.41705138384606,40.66242016130261,1.0000000000000004,-5.4531491247246855,0.058890208446452874,-208.06451024764462
197.42244821796479,40.6533117390514,1.0000000000000002,-5.452466109356395,0.05896675765188064,-208.02946270613165
197.42784259131483,40.64420272552672,1.0000000000000002,-5.451783372934749,0.05904276050921098,-207.9942975093285
197.43323450060927,40.63509311948516,1.0000000000000004,-5.451100916448485,0.05911821490424174,-207.95901451639367
197.4386239425624,40.6259829196839,1.0000000000000002,-5.450418740886764,0.05919311872327171,-207.9236135864855
197.44401091388974,40.61687212488067,1.0000000000000007,-5.449736847239111,0.05926746985307929,-207.8880945787624
197.44939541130813,40.60776073383384,1.0000000000000004,-5.449055236495473,0.05934126618099356,-207.8524573523829
197.4547774315354,40.5986487453023,1.0000000000000004,-5.448373909646248,0.05941450559477346,-207.81670176650525
197.46015697129087,40.58953615804552,1.0000000000000004,-5.447692867682171,0.05948718598273928,-207.78082768028807
197.46553402729495,40.58042297082358,1.0000000000000004,-5.4470121115944234,0.05955930523365183,-207.74483495288968
197.47090859626923,40.57130918239709,1.0000000000000004,-5.4463316423745844,0.05963086123680483,-207.70872344346856
197.4762806749366,40.562194791527276,1.0000000000000004,-5.445651461014657,0.05970185188196453,-207.67249301118295
197.48165026002113,40.55307979697588,1.0000000000000004,-5.444971568506979,0.05977227505940519,-207.63614351519155
197.48701734824817,40.5439641975053,1.0000000000000004,-5.4442919658443465,0.059842128659912674,-207.5996748146526
197.49238193634415,40.5348479918784,1.0000000000000004,-5.443612654019972,0.059911410574738255,-207.5630867687245
197.49774402103688,40.52573117885869,1.0000000000000002,-5.442933634027408,0.05998011869560216,-207.5263792365657
