galstreams/tracks/track.st.Hrid.ibata2021.ecsv
# %ECSV 0.9
# ---
# datatype:
# - {name: ra, unit: deg, datatype: float64}
# - {name: dec, unit: deg, datatype: float64}
# - {name: distance, unit: kpc, datatype: float64}
# - {name: pm_ra_cosdec, unit: mas / yr, datatype: float64}
# - {name: pm_dec, unit: mas / yr, datatype: float64}
# - {name: radial_velocity, unit: km / s, datatype: float64}
# delimiter: ','
# meta: !!omap
# - __serialized_columns__:
#     dec:
#       __class__: astropy.coordinates.angles.Latitude
#       unit: &id001 !astropy.units.Unit {unit: deg}
#       value: !astropy.table.SerializedColumn {name: dec}
#     distance:
#       __class__: astropy.coordinates.distances.Distance
#       unit: !astropy.units.Unit {unit: kpc}
#       value: !astropy.table.SerializedColumn {name: distance}
#     pm_dec:
#       __class__: astropy.units.quantity.Quantity
#       unit: !astropy.units.Unit {unit: mas / yr}
#       value: !astropy.table.SerializedColumn {name: pm_dec}
#     pm_ra_cosdec:
#       __class__: astropy.units.quantity.Quantity
#       unit: !astropy.units.Unit {unit: mas / yr}
#       value: !astropy.table.SerializedColumn {name: pm_ra_cosdec}
#     ra:
#       __class__: astropy.coordinates.angles.Longitude
#       unit: *id001
#       value: !astropy.table.SerializedColumn {name: ra}
#       wrap_angle: !astropy.coordinates.Angle
#         unit: *id001
#         value: 360.0
#     radial_velocity:
#       __class__: astropy.units.quantity.Quantity
#       unit: !astropy.units.Unit {unit: km / s}
#       value: !astropy.table.SerializedColumn {name: radial_velocity}
# schema: astropy-2.0
ra,dec,distance,pm_ra_cosdec,pm_dec,radial_velocity
[from data line 4909]
283.24387172946484,64.19316373047484,3.4374195697153263,-4.07501481554959,22.34812766620705,3.368306851948935e-14
283.24603990068687,64.20312537126469,3.4376993712559276,-4.073780315650239,22.34660578729358,6.73661370389787e-14
283.2482098932448,64.2130869697927,3.437979315951647,-4.07254516978172,22.345082325186763,-1.0104920555846805e-13
283.2503817094359,64.22304852600183,3.438259403831742,-4.0713093773876485,22.343557279777333,1.6841534259744676e-14
283.2525553515609,64.23301003983487,3.4385396349254753,-4.070072937910855,22.34203065095602,-3.368306851948935e-14
283.25473082192417,64.24297151123456,3.4388200092621073,-4.068835850793318,22.340502438613598,1.6841534259744676e-14
283.2569081228334,64.25293294014357,3.439100526870899,-4.067598115476262,22.338972642640826,0.0
283.25908725659997,64.26289432650442,3.439381187781112,-4.066359731400089,22.337441262928465,6.73661370389787e-14
283.2612682255389,64.27285567025962,3.4396619920220046,-4.065120698004353,22.33590829936736,3.368306851948935e-14
283.2634510319685,64.2828169713515,3.4399429396228385,-4.06388101472785,22.33437375184829,0.0
283.26563567821086,64.29277822972234,3.4402240306128773,-4.062640681008535,22.332837620262076,1.6841534259744676e-14
283.2678221665915,64.30273944531437,3.4405052650213777,-4.061399696283564,22.33129990449956,1.6841534259744676e-14
283.27001049943965,64.31270061806967,3.4407866428776033,-4.060158059989226,22.329760604451575,0.0
283.272200679088,64.32266174793025,3.4410681642108125,-4.058915771561077,22.32821972000899,3.368306851948935e-14
283.2743927078728,64.33262283483803,3.441349829050269,-4.057672830433781,22.326677251062666,1.0104920555846805e-13
283.276586588134,64.34258387873481,3.4416316374252314,-4.056429236041261,22.32513319750348,0.0
283.27878232221525,64.35254487956234,3.4419135893649613,-4.055184987816493,22.323587559222357,0.0
283.28097991246347,64.36250583726226,3.4421956848987194,-4.053940085191774,22.32204033611017,0.0
283.2831793612295,64.37246675177613,3.442477924055766,-4.052694527598463,22.320491528057847,-1.6841534259744676e-14
283.28538067086765,64.38242762304536,3.442760306865362,-4.051448314467169,22.31894113495632,-5.0524602779234026e-14
283.287583843736,64.39238845101136,3.443042833356768,-4.050201445227618,22.317389156696535,6.73661370389787e-14
283.28978888219604,64.40234923561535,3.4433255035592456,-4.0489539193087625,22.31583559316943,-3.368306851948935e-14
283.2919957886131,64.41230997679854,3.4436083175020555,-4.04770573613865,22.314280444265993,-5.0524602779234026e-14
283.2942045653561,64.42227067450199,3.443891275214457,-4.046456895144578,22.312723709877176,-6.73661370389787e-14
283.29641521479755,64.4322313286667,3.4441743767257127,-4.045207395752955,22.311165389893972,1.6841534259744676e-14
283.29862773931376,64.44219193923355,3.444457622065083,-4.043957237389358,22.30960548420739,0.0
283.3008421412846,64.45215250614335,3.444741011261828,-4.0427064194785665,22.30804399270843,3.368306851948935e-14
283.3030584230936,64.46211302933679,3.445024544345209,-4.04145494144448,22.306480915288112,3.368306851948935e-14
283.30527658712816,64.47207350875449,3.4453082213444852,-4.040202802710151,22.30491625183749,3.368306851948935e-14
283.30749663577905,64.48203394433696,3.4455920422889195,-4.03895000269786,22.303350002247576,3.368306851948935e-14
283.309718571441,64.49199433602462,3.4458760072077728,-4.037696540828974,22.30178216640943,1.6841534259744676e-14
283.3119423965125,64.50195468375779,3.446160116130304,-4.0364424165240305,22.30021274421414,8.420767129872338e-14
283.3141681133955,64.5119149874767,3.4464443690857753,-4.035187629202732,22.298641735552746,1.6841534259744676e-14
283.31639572449586,64.5218752471215,3.4467287661034467,-4.033932178283926,22.297069140316367,3.368306851948935e-14
283.318625232223,64.5318354626322,3.44701330721258,-4.032676063185648,22.295494958396077,8.420767129872338e-14
283.3208566389903,64.54179563394875,3.4472979924424343,-4.031419283325017,22.29391918968298,6.73661370389787e-14
283.3230899472146,64.55175576101101,3.447582821822272,-4.030161838118363,22.292341834068203,1.6841534259744676e-14
283.32532515931695,64.56171584375872,3.4478677953813524,-4.028903726981087,22.290762891442895,1.6841534259744676e-14
283.32756227772154,64.57167588213153,3.4481529131489386,-4.027644949327837,22.289182361698145,-1.6841534259744676e-14
283.32980130485674,64.58163587606902,3.4484381751542883,-4.02638550457232,22.28760024472513,1.6841534259744676e-14
283.3320422431548,64.59159582551061,3.448723581426664,-4.025125392127393,22.28601654041501,0.0
283.3342850950512,64.6015557303957,3.4490091319953273,-4.023864611405104,22.284431248658937,0.0
283.33652986298586,64.61151559066353,3.4492948268895374,-4.022603161816588,22.282844369348105,1.6841534259744676e-14
283.338776549402,64.62147540625328,3.449580666138555,-4.021341042772148,22.281255902373683,-1.6841534259744676e-14
283.3410251567468,64.63143517710404,3.4498666497716433,-4.020078253681208,22.279665847626873,1.1789073981821273e-13
283.3432756874715,64.64139490315472,3.4501527778180594,-4.018814793952325,22.27807420499889,5.0524602779234026e-14
283.34552814403065,64.65135458434426,3.450439050307067,-4.01755066299321,22.276480974380924,1.1789073981821273e-13
283.34778252888304,64.66131422061139,3.4507254672679255,-4.016285860210659,22.27488615566424,-3.368306851948935e-14
283.35003884449117,64.67127381189485,3.4510120287298958,-4.015020385010635,22.273289748740037,8.420767129872338e-14
283.3522970933214,64.68123335813314,3.45129873472224,-4.013754236798213,22.271691753499567,3.368306851948935e-14
283.3545572778437,64.6911928592648,3.451585585274216,-4.012487414977621,22.27009216983409,5.0524602779234026e-14
283.35681940053234,64.70115231522819,3.451872580415087,-4.011219918952137,22.268490997634846,-8.420767129872338e-14
283.359083463865,64.71111172596159,3.4521597201741137,-4.009951748124282,22.26688823679313,6.73661370389787e-14
283.36134947032355,64.72107109140318,3.452447004580556,-4.008682901895553,22.265283887200198,-8.420767129872338e-14
283.3636174223935,64.73103041149108,3.452734433663675,-4.0074133796667075,22.263677948747358,1.6841534259744676e-14
283.3658873225645,64.74098968616323,3.453022007452732,-4.0061431808374985,22.262070421325877,5.0524602779234026e-14
283.3681591733298,64.75094891535753,3.453309725976986,-4.004872304806907,22.260461304827086,1.0104920555846805e-13
283.3704329771868,64.76090809901176,3.4535975892657,-4.003600750972926,22.25885059914229,5.0524602779234026e-14
283.3727087366367,64.7708672370636,3.4538855973481333,-4.002328518732733,22.257238304162794,1.6841534259744676e-14
283.3749864541846,64.78082632945063,3.4541737502535463,-4.0010556074825585,22.25562441977994,1.6841534259744676e-14
283.37726613233946,64.79078537611036,3.454462048011201,-3.999782016617807,22.254008945885076,1.6841534259744676e-14
283.3795477736144,64.80074437698015,3.4547504906503583,-3.9985077455329527,22.252391882369526,6.73661370389787e-14
283.38183138052614,64.81070333199727,3.4550390782002793,-3.9972327936215764,22.250773229124633,5.0524602779234026e-14
283.38411695559563,64.82066224109892,3.455327810690222,-3.995957160276356,22.249152986041786,5.0524602779234026e-14
283.3864045013476,64.83062110422216,3.455616688149451,-3.99468084488912,22.247531153012325,3.368306851948935e-14
283.388694020311,64.84057992130397,3.4559057106072237,-3.993403846850719,22.245907729927648,6.73661370389787e-14
283.3909855150184,64.85053869228122,3.456194878092803,-3.9921261655511686,22.244282716679113,3.368306851948935e-14
283.39327898800644,64.86049741709068,3.4564841906354493,-3.9908478003795453,22.242656113158148,-1.6841534259744676e-14
283.39557444181594,64.87045609566904,3.4567736482644222,-3.9895687507240645,22.24102791925611,8.420767129872338e-14
283.39787187899157,64.88041472795283,3.457063251008983,-3.988289015971961,22.23939813486443,0.0
283.4001713020819,64.89037331387853,3.4573529988983935,-3.9870085955096677,22.23776675987449,-1.6841534259744676e-14
283.40247271363967,64.90033185338251,3.4576428919619144,-3.9857274887226013,22.23613379417774,3.368306851948935e-14
283.40477611622157,64.91029034640101,3.4579329302288055,-3.984445694995342,22.23449923766558,3.368306851948935e-14
283.40708151238834,64.92024879287018,3.4582231137283284,-3.983163213711521,22.232863090229454,0.0
283.40938890470477,64.93020719272609,3.4585134424897417,-3.9818800442538542,22.231225351760806,1.6841534259744676e-14
283.41169829573954,64.94016554590468,3.458803916542309,-3.980596186004173,22.229586022151064,6.73661370389787e-14
283.41400968806556,64.95012385234176,3.4590945359152903,-3.9793116383433675,22.227945101291688,-1.6841534259744676e-14
283.41632308425966,64.96008211197311,3.4593853006379462,-3.978026400651408,22.226302589074127,1.6841534259744676e-14
283.41863848690286,64.97004032473434,3.4596762107395365,-3.976740472307352,22.224658485389856,6.73661370389787e-14
283.42095589858013,64.97999849056097,3.4599672662493233,-3.975453852689322,22.22301279013034,0.0
283.4232753218806,64.98995660938844,3.4602584671965664,-3.974166541174536,22.22136550318705,3.368306851948935e-14
283.4255967593974,64.99991468115206,3.4605498136105273,-3.9728785371392656,22.219716624451465,-1.6841534259744676e-14
283.42792021372793,65.00987270578706,3.460841305520466,-3.971589839958872,22.218066153815084,5.0524602779234026e-14
283.4302456874734,65.0198306832285,3.4611329429556443,-3.9703004490077722,22.21641409116938,-1.6841534259744676e-14
283.4325731832394,65.02978861341143,3.4614247259453226,-3.9690103636594727,22.21476043640587,-3.368306851948935e-14
283.4349027036356,65.03974649627071,3.461716654518762,-3.9677195832865038,22.213105189416044,0.0
283.43723425127564,65.04970433174115,3.4620087287052215,-3.9664281072605045,22.211448350091413,1.6841534259744676e-14
283.43956782877746,65.05966211975742,3.4623009485339638,-3.9651359349521593,22.209789918323498,-3.368306851948935e-14
283.44190343876295,65.06961986025411,3.462593314034249,-3.9638430657312402,22.2081298940038,-5.0524602779234026e-14
283.4442410838584,65.07957755316566,3.4628858252353383,-3.9625494989665335,22.20646827702387,-5.0524602779234026e-14
283.4465807666941,65.08953519842647,3.4631784821664917,-3.9612552340258897,22.204805067275196,0.0
283.44892248990453,65.09949279597076,3.46347128485697,-3.9599602702762695,22.203140264649353,-1.6841534259744676e-14
283.45126625612846,65.10945034573271,3.4637642333360357,-3.958664607083614,22.201473869037844,6.73661370389787e-14
283.45361206800857,65.11940784764633,3.464057327632947,-3.957368243812984,22.199805880332235,-1.6841534259744676e-14
283.455959928192,65.12936530164555,3.464350567776966,-3.956071179828463,22.198136298424046,3.368306851948935e-14
283.45830983933,65.1393227076642,3.4646439537973532,-3.9547734144931406,22.196465123204867,1.6841534259744676e-14
283.460661804078,65.14928006563599,3.464937485723371,-3.953474947169247,22.19479235456621,0.0
283.4630158250957,65.15923737549456,3.465231163584277,-3.9521757772179678,22.19311799239966,8.420767129872338e-14
283.465371905047,65.16919463717335,3.4655249874093346,-3.950875903999583,22.19144203659676,3.368306851948935e-14
283.4677300466,65.17915185060578,3.465818957227803,-3.94957532687341,22.189764487049096,-1.6841534259744676e-14
283.4700902524271,65.18910901572512,3.4661130730689433,-3.948274045197798,22.188085343648233,-3.368306851948935e-14
283.472452525205,65.19906613246457,3.4664073349620175,-3.9469720583301138,22.18640460628573,8.420767129872338e-14
283.47481686761444,65.20902320075712,3.4667017429362854,-3.945669365626814,22.184722274853172,-1.0104920555846805e-13
283.4771832823407,65.21898022053578,3.4669962970210078,-3.9443659664433324,22.18303834924213,3.368306851948935e-14
283.47955177207314,65.22893719173338,3.467290997245445,-3.943061860134176,22.181352829344195,-3.368306851948935e-14
283.4819223395055,65.23889411428262,3.467585843638859,-3.9417570460528575,22.179665715050955,6.73661370389787e-14
283.48429498733583,65.24885098811612,3.4678808362305102,-3.940451523551941,22.177977006253997,5.0524602779234026e-14
283.48666971826634,65.25880781316643,3.468175975049658,-3.9391452919830128,22.176286702844905,0.0
283.48904653500375,65.26876458936589,3.4684712601255643,-3.937838350696658,22.17459480471529,-1.6841534259744676e-14
283.49142544025904,65.27872131664682,3.4687666914874895,-3.936530699042509,22.17290131175672,0.0
283.4938064367473,65.28867799494138,3.469062269164696,-3.935222336369243,22.171206223860814,-1.6841534259744676e-14
283.4961895271883,65.29863462418164,3.469357993186442,-3.933913262024518,22.169509540919172,8.420767129872338e-14
283.49857471430596,65.30859120429953,3.46965386358199,-3.932603475355001,22.167811262823374,0.0
283.5009620008285,65.3185477352269,3.4699498803806006,-3.9312929757064263,22.166111389465062,5.0524602779234026e-14
283.5033513894887,65.32850421689548,3.4702460436115334,-3.929981762423516,22.164409920735814,1.6841534259744676e-14
283.5057428830235,65.33846064923688,3.470542353304051,-3.9286698348499955,22.16270685652725,1.347322740779574e-13
283.50813648417443,65.34841703218258,3.4708388094874123,-3.927357192328603,22.16100219673097,0.0
283.51053219568723,65.35837336566397,3.47113541219088,-3.926043834201086,22.15929594123859,-1.6841534259744676e-14
283.5129300203121,65.36832964961233,3.4714321614437127,-3.9247297598082183,22.15758808994174,1.6841534259744676e-14
283.5153299608037,65.37828588395884,3.471729057275173,-3.9234149684897766,22.155878642732006,0.0
283.517732019921,65.3882420686345,3.4720260997145203,-3.9220994595844934,22.154167599501026,-1.6841534259744676e-14
283.5201362004275,65.39819820357027,3.4723232887910167,-3.9207832324301783,22.152454960140393,8.420767129872338e-14
283.522542505091,65.40815428869695,3.472620624533922,-3.919466286363564,22.150740724541745,0.0
283.5249509366839,65.41811032394526,3.4729181069724984,-3.9181486207204297,22.14902489259669,6.73661370389787e-14
283.527361497983,65.42806630924575,3.4732157361360043,-3.9168302348355524,22.147307464196828,3.368306851948935e-14
283.52977419176955,65.43802224452894,3.473513512053702,-3.915511128042651,22.14558843923381,8.420767129872338e-14
283.5321890208291,65.44797812972514,3.473811434754852,-3.9141912996745196,22.143867817599237,1.6841534259744676e-14
283.5346059879519,65.45793396476462,3.474109504268715,-3.9128707490628685,22.142145599184712,3.368306851948935e-14
283.53702509593273,65.46788974957751,3.474407720624553,-3.9115494755384095,22.140421783881884,6.73661370389787e-14
283.5394463475707,65.47784548409379,3.4747060838516246,-3.9102274784308695,22.138696371582355,6.73661370389787e-14
283.5418697456694,65.48780116824337,3.475004593979192,-3.908904757068959,22.136969362177737,5.0524602779234026e-14
283.544295293037,65.49775680195602,3.475303251036515,-3.907581310780324,22.135240755559664,5.0524602779234026e-14
283.5467229924863,65.50771238516138,3.475602055052856,-3.906257138891637,22.133510551619743,-3.368306851948935e-14
283.54915284683455,65.51766791778905,3.4759010060574735,-3.9049322407285336,22.13177875024959,3.368306851948935e-14
283.5515848589034,65.52762339976842,3.476200104079631,-3.9036066156156064,22.130045351340808,0.0
283.5540190315193,65.53757883102877,3.4764993491485865,-3.9022802628764635,22.12831035478504,-3.368306851948935e-14
283.5564553675131,65.54753421149934,3.476798741293602,-3.9009531818336525,22.12657376047387,1.0104920555846805e-13
283.5588938697201,65.55748954110915,3.4770982805439394,-3.899625371808714,22.12483556829892,1.6841534259744676e-14
283.5613345409806,65.56744481978721,3.477397966928857,-3.8982968321221088,22.12309577815182,8.420767129872338e-14
283.5637773841391,65.57740004746232,3.4776978004776185,-3.8969675620933195,22.121354389924143,3.368306851948935e-14
283.5662224020447,65.58735522406319,3.477997781219482,-3.8956375610407843,22.119611403507516,5.0524602779234026e-14
