galstreams/tracks/track.st.M30.ibata2024.ecsv
# %ECSV 1.0
# ---
# datatype:
# - {name: ra, unit: deg, datatype: float64}
# - {name: dec, unit: deg, datatype: float64}
# - {name: distance, unit: kpc, datatype: float64}
# - {name: pm_ra_cosdec, unit: mas / yr, datatype: float64}
# - {name: pm_dec, unit: mas / yr, datatype: float64}
# - {name: radial_velocity, unit: km / s, datatype: float64}
# delimiter: ','
# meta: !!omap
# - __serialized_columns__:
#     dec:
#       __class__: astropy.coordinates.angles.Latitude
#       unit: &id001 !astropy.units.Unit {unit: deg}
#       value: !astropy.table.SerializedColumn {name: dec}
#     distance:
#       __class__: astropy.coordinates.distances.Distance
#       unit: !astropy.units.Unit {unit: kpc}
#       value: !astropy.table.SerializedColumn {name: distance}
#     pm_dec:
#       __class__: astropy.units.quantity.Quantity
#       unit: !astropy.units.Unit {unit: mas / yr}
#       value: !astropy.table.SerializedColumn {name: pm_dec}
#     pm_ra_cosdec:
#       __class__: astropy.units.quantity.Quantity
#       unit: !astropy.units.Unit {unit: mas / yr}
#       value: !astropy.table.SerializedColumn {name: pm_ra_cosdec}
#     ra:
#       __class__: astropy.coordinates.angles.Longitude
#       unit: *id001
#       value: !astropy.table.SerializedColumn {name: ra}
#       wrap_angle: !astropy.coordinates.Angle
#         unit: *id001
#         value: 360.0
#     radial_velocity:
#       __class__: astropy.units.quantity.Quantity
#       unit: !astropy.units.Unit {unit: km / s}
#       value: !astropy.table.SerializedColumn {name: radial_velocity}
# schema: astropy-2.0
ra,dec,distance,pm_ra_cosdec,pm_dec,radial_velocity
[from data line 834]
325.5505322962416,-23.56064236923703,1.0000000000000004,-0.7770051797413924,-7.4098729643021315,-157.60510116074497
325.5595278496384,-23.555746113439568,1.0000000000000002,-0.7741493590777058,-7.408445706377877,-157.69778902002597
325.568517518031,-23.55084032312131,1.0000000000000004,-0.7712937080780424,-7.407016399366774,-157.7905532297783
325.5775012797646,-23.54592496384655,1.0000000000000002,-0.7684382257577749,-7.405585036437584,-157.88339204879145
325.5864791131811,-23.54100000118353,1.0000000000000004,-0.7655829111316734,-7.404151610760176,-157.97630373585514
325.595450996619,-23.53606540070438,1.0000000000000002,-0.7627277632138547,-7.402716115505557,-158.06928654975897
325.6044169084139,-23.531121127985145,1.0000000000000004,-0.7598727810176662,-7.401278543845835,-158.1623387492925
325.6133768268978,-23.526167148605776,1.0000000000000002,-0.7570179635559864,-7.399838888954258,-158.25545859324538
325.62233073040005,-23.521203428150077,1.0000000000000004,-0.7541633098407416,-7.398397144005172,-158.34864434040725
325.63127859724636,-23.51622993220575,1.0000000000000004,-0.7513088188833663,-7.396953302174066,-158.44189424956764
325.64022040575964,-23.511246626364358,1.0000000000000004,-0.7484544896945184,-7.395507356637528,-158.53520657951626
325.64915613425984,-23.50625347622133,1.0000000000000002,-0.7456003212840496,-7.394059300573278,-158.6285795890426
325.65808576106366,-23.50125044737592,1.0000000000000002,-0.742746312661156,-7.392609127160129,-158.72201153693644
325.66700926448493,-23.496237505431253,1.0000000000000002,-0.7398924628342876,-7.391156829578049,-158.8155006819873
325.67592662283454,-23.491214615994263,1.0000000000000002,-0.7370387708111181,-7.38970240100809,-158.90904528298472
325.6848378144204,-23.486181744675722,1.0000000000000004,-0.7341852355985417,-7.388245834632441,-159.0026435987184
325.6937428175476,-23.481138857090205,1.0000000000000002,-0.7313318562026865,-7.386787123634403,-159.09629388797796
325.7026416105184,-23.476085918856093,1.0000000000000004,-0.7284786316288425,-7.385326261198374,-159.18999440955304
325.7115341716321,-23.471022895595574,1.0000000000000002,-0.7256255608815607,-7.383863240509902,-159.28374342223316
325.7204204791854,-23.46594975293461,1.0000000000000004,-0.7227726429645056,-7.382398054755611,-159.3775391848079
325.72930051147216,-23.46086645650295,1.0000000000000002,-0.7199198768805584,-7.380930697123273,-159.47137995606704
325.73817424678344,-23.455772971934085,1.0000000000000004,-0.717067261631767,-7.379461160801735,-159.5652639948001
325.74704166340786,-23.45066926486531,1.0000000000000004,-0.7142147962192844,-7.377989438981003,-159.65918955979666
325.75590273963115,-23.44555530093765,1.0000000000000004,-0.7113624796434195,-7.376515524852157,-159.7531549098464
325.7647574537366,-23.440431045795844,1.0000000000000002,-0.7085103109035789,-7.375039411607408,-159.8471583037388
325.77360578400476,-23.4352964650884,1.0000000000000002,-0.7056582889983645,-7.373561092440065,-159.94119800026363
325.78244770871373,-23.430151524467547,1.0000000000000004,-0.7028064129253906,-7.372080560544562,-160.03527225821043
325.7912832061392,-23.4249961895892,1.0000000000000004,-0.6999546816813638,-7.370597809116434,-160.12937933636883
325.8001122545542,-23.41983042611301,1.0000000000000004,-0.6971030942621326,-7.369112831352329,-160.2235174935285
325.80893483222945,-23.414654199702298,1.0000000000000002,-0.6942516496625437,-7.367625620449998,-160.31768498847887
325.81775091743316,-23.409467476024087,1.0000000000000004,-0.6914003468765113,-7.366136169608301,-160.41188008000975
325.8265604884312,-23.404270220749066,1.0000000000000002,-0.6885491848970275,-7.364644472027214,-160.50610102691059
325.83536352348716,-23.399062399551596,1.0000000000000004,-0.685698162716049,-7.363150520907805,-160.6003460879712
325.84416000086236,-23.393843978109697,1.0000000000000004,-0.6828472793246192,-7.361654309452258,-160.69461352198104
325.85294989881567,-23.38861492210504,1.0000000000000002,-0.6799965337127514,-7.360155830863871,-160.78890158772973
325.8617331956039,-23.383375197222925,1.0000000000000004,-0.6771459248694196,-7.358655078347018,-160.88320854400686
325.8705098694816,-23.378124769152294,1.0000000000000004,-0.6742954517826298,-7.35715204510721,-160.9775326496022
325.8792798987012,-23.3728636035857,1.0000000000000002,-0.6714451134393116,-7.355646724351041,-161.07187216330516
325.8880432615129,-23.367591666219305,1.0000000000000002,-0.6685949088254102,-7.354139109286203,-161.16622534390552
325.8967999361649,-23.362308922752884,1.0000000000000004,-0.665744836925759,-7.352629193121509,-161.2605904501928
325.9055499009033,-23.357015338889802,1.0000000000000004,-0.6628948967241559,-7.351116969066865,-161.35496574095663
325.9142931339722,-23.35171088033698,1.0000000000000002,-0.6600450872032884,-7.349602430333272,-161.44934947498666
325.92302961361366,-23.346395512804957,1.0000000000000002,-0.6571954073447923,-7.3480855701328265,-161.54373991107246
325.93175931806786,-23.34106920200779,1.0000000000000004,-0.6543458561291597,-7.346566381678734,-161.6381353080036
325.940482225573,-23.335731913663114,1.0000000000000004,-0.651496432535815,-7.345044858185297,-161.73253392456976
325.9491983143655,-23.330383613492106,1.0000000000000004,-0.6486471355429799,-7.34352099286791,-161.82693401956058
325.95790756267985,-23.325024267219476,1.0000000000000004,-0.6457979641278087,-7.341994778943069,-161.9213338517656
325.96660994874867,-23.31965384057345,1.0000000000000004,-0.642948917266251,-7.340466209628359,-162.01573167997446
325.97530545080286,-23.314272299285783,1.0000000000000002,-0.6400999939331218,-7.33893527814247,-162.11012576297674
325.9839940470717,-23.30887960909172,1.0000000000000002,-0.637251193102049,-7.337401977705166,-162.20451435956207
325.9926757157825,-23.30347573573,1.0000000000000004,-0.6344025137454672,-7.335866301537316,-162.29889572852016
326.00135043516127,-23.298060644942876,1.0000000000000004,-0.6315539548346099,-7.334328242860901,-162.39326812864053
326.010018183432,-23.29263430247604,1.0000000000000004,-0.6287055153394956,-7.332787794898956,-162.48762981871275
326.0186789388173,-23.28719667407867,1.0000000000000002,-0.6258571942289333,-7.331244950875631,-162.58197905752644
326.0273326795382,-23.28174772550339,1.0000000000000002,-0.6230089904704403,-7.329699704016152,-162.6763141038714
326.0359793838141,-23.276287422506282,1.0000000000000004,-0.6201609030303672,-7.328152047546844,-162.770633216537
326.04461902986304,-23.270815730846856,1.0000000000000002,-0.6173129308737142,-7.326601974695116,-162.86493465431298
326.05325159590166,-23.265332616288045,1.0000000000000002,-0.6144650729642294,-7.325049478689456,-162.95921667598887
326.06187706014487,-23.259838044596204,1.0000000000000002,-0.6116173282644386,-7.323494552759445,-163.05347754035432
326.0704954008065,-23.2543319815411,1.0000000000000004,-0.6087696957354343,-7.321937190135752,-163.1477155061991
326.0791065960989,-23.24881439289588,1.0000000000000002,-0.6059221743371594,-7.320377384050125,-163.2419288323126
326.0877106242332,-23.243285244437093,1.0000000000000004,-0.6030747630280633,-7.318815127735382,-163.3361157774845
326.09630746341907,-23.23774450194466,1.0000000000000004,-0.6002274607654101,-7.317250414425453,-163.43027460050442
326.1048970918652,-23.23219213120186,1.0000000000000004,-0.5973802665049721,-7.315683237355322,-163.52440356016194
326.1134794877789,-23.226628097995334,1.0000000000000002,-0.5945331792012833,-7.314113589761056,-163.6185009152468
326.12205462936635,-23.22105236811507,1.0000000000000004,-0.5916861978073804,-7.312541464879806,-163.7125649245485
326.1306224948325,-23.215464907354402,1.0000000000000004,-0.5888393212750387,-7.310966855949809,-163.80659384685663
326.1391830623815,-23.209865681509974,1.0000000000000004,-0.5859925485545112,-7.309389756210363,-163.90058594096087
326.1477363102161,-23.204254656381746,1.0000000000000002,-0.5831458785947223,-7.30781015890185,-163.99453946565077
326.1562822165383,-23.19863179777299,1.0000000000000004,-0.580299310343106,-7.306228057265714,-164.08845267971608
326.16482075954895,-23.192997071490282,1.0000000000000004,-0.5774528427457266,-7.3046434445444985,-164.18232384194624
326.173351917448,-23.187350443343476,1.0000000000000002,-0.5746064747471138,-7.303056313981791,-164.2761512111309
326.18187566843443,-23.181691879145678,1.0000000000000004,-0.5717602052904134,-7.301466658822256,-164.36993304605977
326.1903919907065,-23.176021344713305,1.0000000000000004,-0.5689140333172418,-7.299874472311643,-164.46366760552243
326.19890086246136,-23.17033880586599,1.0000000000000004,-0.5660679577677676,-7.298279747696759,-164.5573531483084
326.2074022618958,-23.164644228426624,1.0000000000000004,-0.5632219775805751,-7.296682478225474,-164.65098793320738
326.2158961672054,-23.15893757822133,1.0000000000000004,-0.5603760916928273,-7.295082657146727,-164.74457021900898
326.2243825565852,-23.15321882107947,1.0000000000000004,-0.5575302990401152,-7.2934802777105325,-164.83809826450275
326.23286140822967,-23.14748792283359,1.0000000000000004,-0.5546845985564328,-7.291875333167952,-164.93157032847836
326.2413327003323,-23.141744849319462,1.0000000000000004,-0.5518389891743514,-7.290267816771128,-165.02498466972546
326.2497964110862,-23.13598956637604,1.0000000000000004,-0.5489934698247918,-7.288657721773239,-165.1183395470335
326.2582525186839,-23.13022203984547,1.0000000000000004,-0.5461480394370959,-7.287045041428552,-165.2116332191922
326.26670100131736,-23.124442235573053,1.0000000000000002,-0.5433026969389978,-7.285429768992378,-165.30486394499118
326.275141837178,-23.118650119407263,1.0000000000000002,-0.5404574412566614,-7.283811897721077,-165.39802998322017
326.28357500445674,-23.11284565719974,1.0000000000000004,-0.5376122713146696,-7.282191420872086,-165.49112959266853
326.29200048134413,-23.107028814805226,1.0000000000000002,-0.5347671860358574,-7.280568331703884,-165.58416103212608
326.30041824603023,-23.10119955808162,1.0000000000000004,-0.5319221843415356,-7.278942623475995,-165.67712256038232
326.30882827670496,-23.095357852889943,1.0000000000000004,-0.529077265151269,-7.277314289449017,-165.77001243622686
326.3172305515576,-23.08950366509431,1.0000000000000002,-0.5262324273830519,-7.275683322884597,-165.8628289184493
326.32562504877745,-23.08363696056194,1.0000000000000004,-0.5233876699530668,-7.274049717045397,-165.95557026583944
326.3340117465533,-23.07775770516314,1.0000000000000002,-0.5205429917759279,-7.272413465195173,-166.04823473718665
326.3423906230739,-23.071865864771297,1.0000000000000002,-0.5176983917644726,-7.270774560598694,-166.14082059128066
326.3507616565278,-23.06596140526287,1.0000000000000002,-0.5148538688297943,-7.2691329965218,-166.23332608691106
326.3591248251035,-23.06004429251735,1.0000000000000002,-0.5120094218813112,-7.267488766231357,-166.32574948286754
326.36748010698903,-23.054114492417302,1.0000000000000004,-0.5091650498266738,-7.265841862995275,-166.41808903793955
326.3758274803728,-23.04817197084831,1.0000000000000004,-0.5063207515718009,-7.264192280082516,-166.51034301091687
326.384166923443,-23.04221669369898,1.0000000000000004,-0.5034765260207195,-7.26254001076307,-166.60250966058902
326.3924984143878,-23.036248626860946,1.0000000000000002,-0.500632372075863,-7.260885048307985,-166.69458724574554
326.40082193139546,-23.030267736228826,1.0000000000000004,-0.4977882886376648,-7.259227385989307,-166.78657402517624
326.4091374526544,-23.02427398770024,1.0000000000000002,-0.4949442746048973,-7.257567017080161,-166.87846825767048
326.41744495635305,-23.01826734717579,1.0000000000000002,-0.49210032887445543,-7.255903934854677,-166.97026820201813
326.4257444206801,-23.01224778055904,1.0000000000000004,-0.48925645034137943,-7.254238132588021,-167.06197211700868
326.43403582382433,-23.006215253756537,1.0000000000000004,-0.4864126378988516,-7.252569603556414,-167.1535782614317
326.4423191439748,-23.00016973267774,1.0000000000000004,-0.48356889043824225,-7.250898341037071,-167.24508489407688
326.45059435932103,-22.99411118323507,1.0000000000000002,-0.4807252068489891,-7.249224338308255,-167.33649027373377
326.45886144805246,-22.988039571343865,1.0000000000000004,-0.47788158601868425,-7.247547588649242,-167.4277926591921
326.46712038835926,-22.9819548629224,1.0000000000000004,-0.47503802683297813,-7.245868085340358,-167.51899030924127
326.4753711584318,-22.975857023891823,1.0000000000000004,-0.4721945281756259,-7.244185821662921,-167.61008148267115
326.4836137364609,-22.96974602017621,1.0000000000000004,-0.4693510889284873,-7.24250079089929,-167.70106443827115
326.49184810063775,-22.963621817702492,1.0000000000000004,-0.46650770797138996,-7.240812986332837,-167.7919374348309
326.50007422915434,-22.957484382400484,1.0000000000000004,-0.46366438418227673,-7.239122401247946,-167.88269873114018
326.5082921002028,-22.951333680202865,1.0000000000000004,-0.46082111643709744,-7.237429028930028,-167.97334658598848
326.51650169197626,-22.945169677045172,1.0000000000000002,-0.45797790360983015,-7.235732862665505,-168.06387925816531
326.52470298266803,-22.93899233886576,1.0000000000000004,-0.45513474457245806,-7.234033895741803,-168.15429500646053
326.5328959504724,-22.932801631605834,1.0000000000000002,-0.45229163819495355,-7.232332121447379,-168.24459208966354
326.54108057358417,-22.926597521209402,1.0000000000000002,-0.4494485833452515,-7.2306275330716705,-168.33476876656408
326.54925683019894,-22.920379973623294,1.0000000000000002,-0.4466055788892689,-7.228920123905149,-168.42482329595165
326.5574246985131,-22.91414895479713,1.0000000000000004,-0.4437626236908869,-7.227209887239281,-168.514753936616
326.5655841567238,-22.9079044306833,1.0000000000000004,-0.4409197166118872,-7.225496816366534,-168.60455894734662
326.57373518302893,-22.901646367236985,1.0000000000000004,-0.4380768565120263,-7.223780904580385,-168.69423658693313
326.58187775562754,-22.895374730416133,1.0000000000000004,-0.4352340422489007,-7.222062145175312,-168.78378511416525
326.5900118527192,-22.88908948618143,1.0000000000000004,-0.43239127267812805,-7.220340531446778,-168.87320278783247
326.5981374525049,-22.882790600496303,1.0000000000000002,-0.4295485466530913,-7.218616056691258,-168.96248786672444
326.6062545331862,-22.87647803932691,1.0000000000000002,-0.42670586302506663,-7.2168887142062035,-169.05163860963083
326.6143630729659,-22.870151768642145,1.0000000000000004,-0.4238632206432591,-7.215158497290088,-169.14065327534124
326.6224630500479,-22.86381175441359,1.0000000000000004,-0.421020618354671,-7.213425399242355,-169.2295301226452
326.63055444263705,-22.857457962615516,1.0000000000000004,-0.4181780550041374,-7.21168941336344,-169.31826741033242
326.6386372289394,-22.851090359224905,1.0000000000000004,-0.4153355294343548,-7.20995053295477,-169.4068633971924
326.6467113871623,-22.844708910221396,1.0000000000000004,-0.4124930404857352,-7.208208751318754,-169.4953163420149
326.65477689551426,-22.83831358158729,1.0000000000000004,-0.4096505869965874,-7.206464061758787,-169.58362450358933
326.662833732205,-22.831904339307545,1.0000000000000004,-0.40680816780291806,-7.2047164575792415,-169.67178614070548
326.67088187544545,-22.825481149369757,1.0000000000000002,-0.4039657817385631,-7.2029659320854815,-169.75979951215294
326.6789213034481,-22.819043977764142,1.0000000000000004,-0.40112342763510256,-7.201212478583821,-169.84766287672127
326.68695199442664,-22.81259279048356,1.0000000000000004,-0.3982811043218071,-7.199456090381594,-169.93537449320013
326.6949739265962,-22.80612755352345,1.0000000000000004,-0.3954388106257376,-7.19769676078706,-170.02293262037907
326.7029870781734,-22.79964823288186,1.0000000000000004,-0.3925965453716458,-7.195934483109487,-170.1103355170477
326.71099142737637,-22.793154794559417,1.0000000000000004,-0.38975430738193495,-7.194169250659092,-170.19758144199574
