galstreams/tracks/track.st.Gaia-2.ibata2021.ecsv
# %ECSV 0.9
# ---
# datatype:
# - {name: ra, unit: deg, datatype: float64}
# - {name: dec, unit: deg, datatype: float64}
# - {name: distance, unit: kpc, datatype: float64}
# - {name: pm_ra_cosdec, unit: mas / yr, datatype: float64}
# - {name: pm_dec, unit: mas / yr, datatype: float64}
# - {name: radial_velocity, unit: km / s, datatype: float64}
# delimiter: ','
# meta: !!omap
# - __serialized_columns__:
#     dec:
#       __class__: astropy.coordinates.angles.Latitude
#       unit: &id001 !astropy.units.Unit {unit: deg}
#       value: !astropy.table.SerializedColumn {name: dec}
#     distance:
#       __class__: astropy.coordinates.distances.Distance
#       unit: !astropy.units.Unit {unit: kpc}
#       value: !astropy.table.SerializedColumn {name: distance}
#     pm_dec:
#       __class__: astropy.units.quantity.Quantity
#       unit: !astropy.units.Unit {unit: mas / yr}
#       value: !astropy.table.SerializedColumn {name: pm_dec}
#     pm_ra_cosdec:
#       __class__: astropy.units.quantity.Quantity
#       unit: !astropy.units.Unit {unit: mas / yr}
#       value: !astropy.table.SerializedColumn {name: pm_ra_cosdec}
#     ra:
#       __class__: astropy.coordinates.angles.Longitude
#       unit: *id001
#       value: !astropy.table.SerializedColumn {name: ra}
#       wrap_angle: !astropy.coordinates.Angle
#         unit: *id001
#         value: 360.0
#     radial_velocity:
#       __class__: astropy.units.quantity.Quantity
#       unit: !astropy.units.Unit {unit: km / s}
#       value: !astropy.table.SerializedColumn {name: radial_velocity}
# schema: astropy-2.0
ra,dec,distance,pm_ra_cosdec,pm_dec,radial_velocity
[from data line 139]
2.4018793665704448,-9.748273878247774,6.965346529978574,-0.013053712465257215,0.0928189363669487,-1.1841703776382976e-15
2.4062165928051047,-9.757428786574188,6.965118497583249,-0.014770025849561497,0.09010161201029826,-9.21021404829787e-16
2.410557521914361,-9.766581525912992,6.964892357342454,-0.0164775985383392,0.08739529942106122,-1.4473193504468082e-15
2.414902148464133,-9.775732099646495,6.964668105866592,-0.01817644517849991,0.08469998278441689,-1.3157448640425529e-15
2.4192504670202353,-9.784880511157045,6.964445739766056,-0.01986658041721088,0.08201564628567216,-1.2499576208404251e-15
2.4236024721482807,-9.794026763826858,6.964225255651243,-0.02154801890189765,0.0793422741102604,-1.3815321072446804e-15
2.427958158413866,-9.803170861038303,6.964006650132554,-0.02322077528024195,0.07667985044374132,-1.3815321072446804e-15
2.432317520382474,-9.812312806173772,6.963789919820384,-0.024884864200181815,0.07402835947179823,-1.3157448640425529e-15
2.436680552619388,-9.821452602615532,6.96357506132513,-0.026540300309911117,0.07138778538023802,-1.4473193504468082e-15
2.441047249689899,-9.83059025374606,6.963362071257191,-0.028187098257878105,0.06875811235499003,-1.1841703776382976e-15
2.4454176061590633,-9.83972576294766,6.963150946226962,-0.029825272692785006,0.06613932458210461,-1.3815321072446804e-15
2.4497916165919094,-9.848859133602796,6.962941682844844,-0.03145483826358714,0.06353140624775212,-1.2499576208404251e-15
2.4541692755533555,-9.857990369093956,6.962734277721228,-0.03307580961949288,0.06093434153822161,-1.2499576208404251e-15
2.4585505776081114,-9.867119472803509,6.962528727466517,-0.03468820140996113,0.05834811463992016,-1.5788938368510633e-15
2.462935517320852,-9.876246448113976,6.962325028691107,-0.036292028284702835,0.055772709739370895,-1.3157448640425529e-15
2.4673240892561465,-9.885371298407918,6.962123178005396,-0.037887304893677816,0.053208111023212754,-1.3815321072446804e-15
2.4717162879783414,-9.894494027067761,6.961923172019779,-0.03947404588709606,0.05065430267819827,-1.3157448640425529e-15
2.476112108051789,-9.903614637476155,6.961725007344655,-0.041052265915414866,0.04811126889119313,-1.4144257288457442e-15
2.480511544040598,-9.912733133015573,6.961528680590421,-0.04262197962933957,0.045578993849174625,-1.4473193504468082e-15
2.4849145905088443,-9.92184951706866,6.961334188367474,-0.044183201679821954,0.043057461739230564,-1.480212972047872e-15
2.489321242020481,-9.930963793018096,6.961141527286212,-0.04573594671805919,0.04054665674855758,-1.5460002152499995e-15
2.4937314931392414,-9.940075964246425,6.960950693957032,-0.047280229395493485,0.03804656306446048,-1.4144257288457442e-15
2.498145338428829,-9.949186034136373,6.960761684990331,-0.04881606436381039,0.03555716487435081,-1.4473193504468082e-15
2.502562772452816,-9.958294006070691,6.960574496996508,-0.0503434662749386,0.03307844636574494,-1.480212972047872e-15
2.5069837897745577,-9.967399883432012,6.960389126585957,-0.05186244978104844,0.03061039172626391,-1.4144257288457442e-15
2.5114083849574023,-9.976503669603193,6.9602055703690775,-0.053373029534551274,0.028152985143630717,-1.5788938368510633e-15
2.5158365525644437,-9.985605367966919,6.9600238249562665,-0.054875220188097984,0.025706210805670333,-1.5953406476515953e-15
2.520268287158737,-9.99470498190605,6.959843886957924,-0.0563690363945788,0.02327005290030736,-1.5624470260505315e-15
2.524703583303209,-10.003802514803489,6.959665752984442,-0.057854492807121356,0.020844495615565263,-1.5460002152499995e-15
2.529142435560556,-10.012897970042012,6.959489419646222,-0.0593316040790902,0.0184295231395648,-1.5953406476515953e-15
2.533584838493436,-10.021991351004573,6.95931488355366,-0.060800384864085524,0.01602511966052257,-1.5624470260505315e-15
2.53803078666437,-10.031082661074159,6.959142141317152,-0.06226084981594234,0.013631269366749913,-1.5788938368510633e-15
2.5424802746356527,-10.040171903633643,6.958971189547097,-0.06371301358872891,0.011247956446650942,-1.5706704314507975e-15
2.5469332969695633,-10.04925908206613,6.958802024853894,-0.06515689083674614,0.008875165088721649,-1.6035640530518613e-15
2.55138984822812,-10.058344199754561,6.958634643847937,-0.0665924962145263,0.006512879481548543,-1.5953406476515953e-15
2.5558499229732976,-10.067427260082054,6.958469043139625,-0.06801984437683166,0.004161083813806545,-1.5665587287506644e-15
2.560313515766926,-10.076508266431764,6.958305219339355,-0.06943894997865366,0.0018197622742583432,-1.6899098097546537e-15
2.5647806211706037,-10.085587222186739,6.958143169057522,-0.07084982767521165,-0.0005111009482477814,-1.6626697793662728e-15
2.569251233745882,-10.094664130730203,6.957982888904528,-0.07225249212195133,-0.002831521664778529,-1.5850613909012628e-15
2.5737253480541677,-10.103738995445424,6.957824375490769,-0.07364695797454446,-0.005141515686318442,-1.661127890853723e-15
2.578202958656632,-10.112811819715553,6.957667625426639,-0.07503323988888687,-0.007441098823769896,-1.6693512962539888e-15
2.5826840601144214,-10.121882606923984,6.957512635322539,-0.07641135252109708,-0.009730286887955566,-1.6117874584521273e-15
2.5871686469884208,-10.130951360453947,6.957359401788865,-0.07778131052751606,-0.012009095689619755,-1.636457674652925e-15
2.5916567138394546,-10.140018083688858,6.957207921436016,-0.07914312856470479,-0.01427754103942965,-1.6775747016542548e-15
2.596148255228202,-10.149082780012185,6.957058190874383,-0.08049682128944405,-0.01653563874797744,-1.6940215124547868e-15
2.6006432657150986,-10.15814545280726,6.956910206714372,-0.0818424033587323,-0.018783404625781114,-1.7104683232553186e-15
2.6051417398605294,-10.167206105457645,6.956763965566376,-0.08317988942978481,-0.02102085448328673,-1.7433619448563826e-15
2.60964367222472,-10.176264741346905,6.9566194640407915,-0.08450929416003232,-0.02324800413086929,-1.7269151340558506e-15
2.6141490573676633,-10.185321363858534,6.956476698748018,-0.08583063220711981,-0.0254648693788353,-1.7433619448563826e-15
2.618657889849312,-10.19437597637624,6.956335666298451,-0.08714391822890488,-0.02767146603742336,-1.7104683232553186e-15
2.623170164229351,-10.203428582283587,6.956196363302489,-0.08844916688345647,-0.02986780991680633,-1.7762555664574464e-15
2.6276858750674004,-10.212479184964337,6.95605878637053,-0.08974639282905364,-0.03205391682709301,-1.842042809659574e-15
2.6322050169229216,-10.221527787802291,6.955922932112968,-0.09103561072418416,-0.0342298025783294,-1.8091491880585103e-15
2.6367275843551363,-10.230574394181158,6.955788797140206,-0.09231683522754294,-0.03639548298050067,-1.7104683232553186e-15
2.6412535719231913,-10.239619007484817,6.955656378062636,-0.09359008099803084,-0.038550973843532836,-1.7433619448563826e-15
2.645782974186085,-10.248661631097221,6.955525671490656,-0.09485536269475324,-0.04069629097729395,-1.7762555664574464e-15
2.6503157857025594,-10.257702268402213,6.9553966740346675,-0.09611269497701823,-0.042831450191596517,-1.7762555664574464e-15
2.654852001031322,-10.266740922783878,6.955269382305064,-0.09736209250433589,-0.044956467296198684,-1.842042809659574e-15
2.6593916147307946,-10.275777597626165,6.955143792912244,-0.09860356993641582,-0.04707135810080589,-1.7433619448563826e-15
2.663934621359333,-10.284812296313207,6.955019902466604,-0.09983714193316688,-0.049176138415073234,-1.9078300528617015e-15
2.6684810154751277,-10.293845022229196,6.954897707578541,-0.10106282315469418,-0.05127082404860591,-1.842042809659574e-15
2.6730307916361156,-10.302875778758224,6.954777204858457,-0.10228062826129912,-0.05335543081096243,-1.7762555664574464e-15
2.6775839444001623,-10.311904569284586,6.954658390916743,-0.10349057191347716,-0.055429974511655794,-1.7762555664574464e-15
2.6821404683249646,-10.320931397192622,6.954541262363801,-0.10469266877191594,-0.05749447096015473,-1.842042809659574e-15
2.6867003579679682,-10.329956265866599,6.954425815810024,-0.10588693349749445,-0.05954893596588623,-1.9078300528617015e-15
2.6912636078865657,-10.338979178691009,6.9543120478658125,-0.1070733807512808,-0.06159338533823648,-1.842042809659574e-15
2.6958302126378664,-10.348000139050216,6.954199955141565,-0.10825202519453109,-0.06362783488655357,-1.842042809659574e-15
2.7004001667789006,-10.357019150328783,6.954089534247674,-0.10942288148868781,-0.06565230042014891,-1.9078300528617015e-15
2.70497346486653,-10.366036215911334,6.953980781794543,-0.11058596429537787,-0.06766679774829892,-1.842042809659574e-15
2.7095501014573538,-10.375051339182402,6.953873694392564,-0.11174128827641165,-0.06967134268024698,-1.842042809659574e-15
2.7141300711078875,-10.384064523526717,6.953768268652136,-0.1128888680937805,-0.07166595102520516,-1.842042809659574e-15
2.7187133683744817,-10.393075772329075,6.953664501183658,-0.11402871840965582,-0.07365063859235611,-1.9736172960638294e-15
2.723299987813219,-10.402085088974186,6.953562388597525,-0.1151608538863871,-0.0756254211908552,-1.9736172960638294e-15
2.727889923980129,-10.41109247684701,6.9534619275041365,-0.1162852891865002,-0.07759031462983174,-1.9078300528617015e-15
2.732483171430943,-10.420097939332367,6.9533631145138886,-0.11740203897269598,-0.07954533471839156,-1.9078300528617015e-15
2.737079724721317,-10.429101479815305,6.953265946237178,-0.11851111790784809,-0.08149049726561844,-1.842042809659574e-15
2.7416795784067203,-10.438103101680914,6.953170419284405,-0.1196125406550018,-0.08342581808057618,-1.842042809659574e-15
2.7462827270423578,-10.447102808314208,6.95307653026596,-0.1207063218773719,-0.08535131297231034,-1.842042809659574e-15
2.7508891651833474,-10.45610060310041,6.952984275792249,-0.12179247623834126,-0.08726699774985057,-2.039404539265957e-15
2.755498887384629,-10.465096489424809,6.952893652473664,-0.12287101840145861,-0.08917288822221192,-1.9078300528617015e-15
2.7601118882008695,-10.474090470672605,6.952804656920604,-0.12394196303043757,-0.09106900019839738,-1.9736172960638294e-15
2.7647281621866773,-10.483082550229277,6.952717285743469,-0.1250053247891538,-0.09295534948739927,-2.170979025670212e-15
2.769347703896357,-10.492072731480155,6.95263153555265,-0.12606111834164457,-0.09483195189820183,-2.039404539265957e-15
2.7739705078841244,-10.501061017810791,6.952547402958549,-0.12710935835210552,-0.09669882323978249,-2.039404539265957e-15
2.778596568704008,-10.510047412606806,6.952464884571562,-0.12815005948489003,-0.09855597932111454,-2.039404539265957e-15
2.7832258809097645,-10.519031919253742,6.9523839770020865,-0.12918323640450652,-0.10040343595116835,-2.1051917824680845e-15
2.7878584390550545,-10.528014541137358,6.952304676860519,-0.13020890377561736,-0.10224120893891447,-1.842042809659574e-15
2.7924942376933557,-10.536995281643476,6.952226980757257,-0.13122707626303634,-0.10406931409332397,-2.2367662688723396e-15
2.797133271377863,-10.545974144157855,6.952150885302702,-0.13223776853172728,-0.10588776722337216,-1.9736172960638294e-15
2.8017755346617093,-10.554951132066511,6.952076387107245,-0.13324099524680225,-0.10769658413803983,-1.9736172960638294e-15
2.8064210220977164,-10.563926248755338,6.952003482781286,-0.13423677107351878,-0.10949578064631504,-1.9736172960638294e-15
2.811069728238609,-10.572899497610452,6.9519321689352225,-0.1352251106772795,-0.11128537255719588,-2.2367662688723396e-15
2.8157216476369213,-10.581870882018045,6.951862442179454,-0.13620602872362855,-0.11306537567969178,-2.1051917824680845e-15
2.820376774844902,-10.590840405364235,6.951794299124372,-0.137179539878251,-0.11483580582282614,-1.9736172960638294e-15
2.825035104414706,-10.599808071035355,6.951727736380381,-0.1381456588069699,-0.11659667879563801,-1.9736172960638294e-15
2.8296966308982907,-10.608773882417825,6.951662750557874,-0.13910440017574532,-0.11834801040718446,-2.1051917824680845e-15
2.8343613488473314,-10.617737842897991,6.951599338267248,-0.1400557786506715,-0.12008981646654249,-2.2367662688723396e-15
2.839029252813428,-10.62669995586247,6.951537496118902,-0.14099980889797548,-0.12182211278281138,-2.1051917824680845e-15
2.8437003373478675,-10.635660224697764,6.951477220723232,-0.14193650558401466,-0.12354491516511427,-2.1051917824680845e-15
2.8483745970018304,-10.644618652790601,6.9514185086906375,-0.14286588337527506,-0.12525823942260095,-2.1051917824680845e-15
2.853052026326299,-10.653575243527786,6.951361356631514,-0.14378795693836954,-0.12696210136444963,-1.9736172960638294e-15
2.8577326198719724,-10.662530000296062,6.951305761156259,-0.14470274094003524,-0.12865651679986906,-2.1051917824680845e-15
2.8624163721894362,-10.671482926482396,6.95125171887527,-0.14561025004713185,-0.13034150153810076,-2.368340755276595e-15
2.8671032778290826,-10.680434025473845,6.951199226398946,-0.1465104989266397,-0.13201707138842106,-2.2367662688723396e-15
2.8717933313410073,-10.689383300657394,6.951148280337681,-0.1474035022456573,-0.1336832421601436,-2.1051917824680845e-15
2.876486527275231,-10.6983307554203,6.951098877301875,-0.14828927467139968,-0.13534002966262118,-2.1051917824680845e-15
2.881182860181451,-10.707276393149735,6.9510510139019255,-0.14916783087119628,-0.13698744970524793,-2.2367662688723396e-15
2.8858823246092524,-10.716220217233081,6.9510046867482265,-0.15003918551248827,-0.1386255180974618,-1.9736172960638294e-15
2.8905849151080183,-10.725162231057807,6.950959892451179,-0.15090335326282744,-0.14025425064874653,-2.2367662688723396e-15
2.895290626226836,-10.73410243801133,6.950916627621179,-0.15176034878987305,-0.14187366316863392,-2.2367662688723396e-15
2.8999994525146797,-10.743040841481305,6.950874888868624,-0.1526101867613906,-0.14348377146670596,-2.1051917824680845e-15
2.904711388520318,-10.751977444855456,6.95083467280391,-0.15345288184524888,-0.14508459135259735,-2.368340755276595e-15
2.909426428792224,-10.760912251521473,6.950795976037439,-0.15428844870941863,-0.14667613863599738,-2.4999152416808503e-15
2.914144567878782,-10.769845264867318,6.950758795179601,-0.15511690202196968,-0.14825842912665244,-2.1051917824680845e-15
2.9188658003280508,-10.778776488280853,6.950723126840799,-0.15593825645106918,-0.14983147863436805,-2.1051917824680845e-15
2.923590120687969,-10.787705925150174,6.950688967631429,-0.1567525266649792,-0.15139530296901146,-1.9736172960638294e-15
2.928317523506268,-10.796633578863469,6.950656314161885,-0.15755972733205487,-0.15294991794051363,-2.2367662688723396e-15
2.9330480033303754,-10.80555945280888,6.950625163042569,-0.15835987312074168,-0.15449533935887153,-2.2367662688723396e-15
2.9377815547076014,-10.814483550374787,6.950595510883877,-0.15915297869957365,-0.1560315830341507,-2.368340755276595e-15
2.942518172185045,-10.823405874949653,6.950567354296206,-0.15993905873717087,-0.1575586647764872,-2.4999152416808503e-15
2.9472578503094993,-10.832326429921917,6.9505406898899516,-0.16071812790223752,-0.1590766003960901,-2.1051917824680845e-15
2.9520005836276684,-10.841245218680273,6.950515514275514,-0.16149020086355934,-0.16058540570324392,-2.1051917824680845e-15
2.9567463666859193,-10.850162244613347,6.95049182406329,-0.16225529229000132,-0.16208509650831052,-2.2367662688723396e-15
2.9614951940304945,-10.859077511109994,6.950469615863676,-0.16301341685050608,-0.16357568862173222,-2.4999152416808503e-15
2.966247060207425,-10.867991021559178,6.950448886287068,-0.1637645892140904,-0.1650571978540331,-2.4999152416808503e-15
2.9710019597624306,-10.876902779349807,6.950429631943864,-0.16450882404984427,-0.16652964001582246,-2.368340755276595e-15
2.9757598872411064,-10.88581278787104,6.950411849444465,-0.16524613602692756,-0.1679930309177962,-2.368340755276595e-15
2.9805208371888314,-10.894721050512135,6.950395535399267,-0.16597653981456795,-0.1694473863707398,-2.368340755276595e-15
2.985284804150673,-10.903627570662316,6.9503806864186615,-0.1667000500820592,-0.1708927221855306,-2.368340755276595e-15
2.990051782671601,-10.912532351711084,6.9503672991130525,-0.16741668149875777,-0.17232905417313985,-2.1051917824680845e-15
