galstreams/tracks/track.st.New-21.ibata2024.ecsv
# %ECSV 1.0
# ---
# datatype:
# - {name: ra, unit: deg, datatype: float64}
# - {name: dec, unit: deg, datatype: float64}
# - {name: distance, unit: kpc, datatype: float64}
# - {name: pm_ra_cosdec, unit: mas / yr, datatype: float64}
# - {name: pm_dec, unit: mas / yr, datatype: float64}
# - {name: radial_velocity, unit: km / s, datatype: float64}
# delimiter: ','
# meta: !!omap
# - __serialized_columns__:
#     dec:
#       __class__: astropy.coordinates.angles.Latitude
#       unit: &id001 !astropy.units.Unit {unit: deg}
#       value: !astropy.table.SerializedColumn {name: dec}
#     distance:
#       __class__: astropy.coordinates.distances.Distance
#       unit: !astropy.units.Unit {unit: kpc}
#       value: !astropy.table.SerializedColumn {name: distance}
#     pm_dec:
#       __class__: astropy.units.quantity.Quantity
#       unit: !astropy.units.Unit {unit: mas / yr}
#       value: !astropy.table.SerializedColumn {name: pm_dec}
#     pm_ra_cosdec:
#       __class__: astropy.units.quantity.Quantity
#       unit: !astropy.units.Unit {unit: mas / yr}
#       value: !astropy.table.SerializedColumn {name: pm_ra_cosdec}
#     ra:
#       __class__: astropy.coordinates.angles.Longitude
#       unit: *id001
#       value: !astropy.table.SerializedColumn {name: ra}
#       wrap_angle: !astropy.coordinates.Angle
#         unit: *id001
#         value: 360.0
#     radial_velocity:
#       __class__: astropy.units.quantity.Quantity
#       unit: !astropy.units.Unit {unit: km / s}
#       value: !astropy.table.SerializedColumn {name: radial_velocity}
# schema: astropy-2.0
ra,dec,distance,pm_ra_cosdec,pm_dec,radial_velocity
[from data line 145]
315.01647473806173,12.123968108862623,1.0,-4.0524444312322885,-2.734600494695769,185145.9677126551
315.02260801025847,12.115173073995617,1.0000000000000002,-4.046129390146234,-2.737402931302313,183283.46402284363
315.0287706169169,12.106418375507495,1.0000000000000002,-4.039815736479795,-2.7401811395875484,181433.28398303938
315.03496245992557,12.097703877454068,1.0000000000000004,-4.033503479338833,-2.7429351825612684,179595.38737267748
315.04118344120167,12.089029443892175,1.0000000000000004,-4.027192627803743,-2.7456651231959768,177769.73397119294
315.04743346269015,12.080394938879936,1.0000000000000004,-4.020883190933091,-2.7483710244541726,175956.28355802092
315.05371242636375,12.071800226476682,1.0000000000000007,-4.014575177770894,-2.7510529492637943,174154.99591259664
315.0600202342225,12.063245170743212,1.0000000000000002,-4.008268597423012,-2.7537109605327714,172365.83081435482
315.0663567882933,12.054729635741861,1.0000000000000004,-4.001963458907994,-2.756345121140839,170588.74804273114
315.07272199062925,12.04625348553675,1.0000000000000002,-3.995659771222563,-2.7589554939377194,168823.70737716008
315.0791157433097,12.037816584193724,1.0000000000000002,-3.989357543468941,-2.7615421417594916,167070.66859707714
315.0855379484396,12.029418795780565,1.0000000000000004,-3.983056784596556,-2.764105127406765,165329.59148191716
315.0919885081491,12.021059984367225,1.0000000000000004,-3.9767575036494236,-2.766644513670144,163600.43581111552
315.09846732459334,12.01274001402574,1.0000000000000002,-3.970459709646093,-2.769160363300216,161883.16136410699
315.10497429995183,12.004458748830485,1.0000000000000002,-3.964163411550544,-2.7716527390293777,160177.7279203269
315.1115093364283,11.996216052858237,1.0000000000000004,-3.957868618368593,-2.77412170356547,158484.0952592102
315.1180723362501,11.98801179018842,1.0000000000000002,-3.951575339084229,-2.776567319597234,156802.22316019208
315.12466320166806,11.979845824903022,1.0000000000000004,-3.9452835826778028,-2.778989649781579,155132.07140270757
315.13128183495587,11.971718021086868,1.0000000000000002,-3.9389933581078367,-2.7813887567590427,153473.5997661917
315.13792813840985,11.963628242827637,1.0000000000000002,-3.932704674312845,-2.7837647031374217,151826.76803007978
315.1446020143486,11.955576354216129,1.0000000000000004,-3.92641754028773,-2.786117551505413,150191.53597380672
315.1513033651126,11.947562219346198,1.0000000000000004,-3.920131964965549,-2.7884473644362515,148567.8633768077
315.1580320930638,11.939585702314927,1.0000000000000002,-3.9138479572775395,-2.790754204462246,146955.71001851757
315.1647881005854,11.93164666722288,1.0000000000000004,-3.907565526158578,-2.793038134107519,145355.03567837185
315.17157129008115,11.923744978173994,1.0000000000000002,-3.901284680558092,-2.7952992158689085,143765.8001358053
315.17838156397556,11.91588049927583,1.0000000000000004,-3.895005429400044,-2.7975375122159676,142187.96317025318
315.1852188247131,11.90805309463962,1.0000000000000002,-3.888727781606576,-2.79975308559915,140621.48456115034
315.1920829747578,11.900262628380508,1.0000000000000002,-3.8824517460616335,-2.8019459984470814,139066.32408793224
315.1989739165933,11.892508964617457,1.0000000000000002,-3.8761773316982726,-2.8041163131620124,137522.4415300337
315.20589155272216,11.884791967473499,1.0000000000000004,-3.8699045474204468,-2.8062640921243656,135989.7966668899
315.2128357856658,11.877111501075783,1.0000000000000002,-3.863633402110281,-2.808389397697283,134468.34927793598
315.2198065179637,11.86946742955578,1.0000000000000004,-3.857363904675367,-2.810492292210256,132958.0591426069
315.2268036521737,11.861859617049237,1.0000000000000004,-3.851096064043304,-2.812572837981861,131458.88604033788
315.23382709087105,11.854287927696358,1.0000000000000004,-3.844829889032553,-2.814631097302481,129970.7897505639
315.2408767366485,11.84675222564201,1.0000000000000004,-3.8385653885634383,-2.8166671324424897,128493.73005272013
315.24795249211576,11.839252375035624,1.0000000000000004,-3.832302571488981,-2.8186810056495233,127027.6667262417
315.2550542598993,11.831788240031445,1.0000000000000002,-3.826041446727686,-2.8206727791457524,125572.55955056357
315.2621819426418,11.824359684788556,1.0000000000000002,-3.8197820230871002,-2.8226425151351577,124128.36830512094
315.26933544300215,11.816966573471127,1.0000000000000002,-3.8135243094802718,-2.8245902758062584,122695.05276934885
315.2765146636549,11.809608770248289,1.0000000000000004,-3.807268314783869,-2.8265161233102845,121272.57272268242
315.2837195072899,11.80228613929441,1.0000000000000002,-3.8010140478018,-2.82842011979119,119860.8879445568
315.2909498766123,11.794998544789086,1.0000000000000004,-3.794761517428924,-2.8303023273656436,118459.958214407
315.2982056743417,11.787745850917396,1.0000000000000004,-3.7885107325128047,-2.832162808126668,117069.74331166803
315.30548680321243,11.780527921869803,1.0000000000000004,-3.782261701884636,-2.8340016241545527,115690.20301577525
315.31279316597295,11.773344621842337,1.0000000000000004,-3.7760144344229047,-2.8358188374977544,114321.29710616337
315.3201246653853,11.766195815036799,1.0000000000000004,-3.769768938953348,-2.837614510189269,112962.98536226788
315.32748120422536,11.759081365660663,1.0000000000000004,-3.763525224338082,-2.839388704238445,111615.22756352361
315.334862685282,11.752001137927289,1.0000000000000004,-3.757283299393748,-2.841141481640989,110277.98348936574
315.3422690113572,11.744954996055975,1.0000000000000004,-3.7510431729551783,-2.8428729043644125,108951.21291922937
315.3497000852654,11.737942804272157,1.0000000000000004,-3.7448048539044976,-2.8445830343544003,107634.8756325495
315.3571558098334,11.730964426807319,1.0000000000000004,-3.73856835101833,-2.8462719335402653,106328.93140876139
315.3646360879001,11.72401972789922,1.0000000000000004,-3.7323336731642485,-2.84793966383495,105033.34002729996
315.3721408223163,11.717108571791913,1.0000000000000004,-3.726100829166171,-2.8495862871204736,103748.06126760045
315.3796699159437,11.710230822735966,1.0000000000000004,-3.7198698278298252,-2.8512118652670324,102473.05490909777
315.3872232716558,11.70338634498836,1.0000000000000004,-3.7136406780391553,-2.852816460118447,101208.28073122726
315.3948007923365,11.696575002812672,1.0000000000000007,-3.7074133885598712,-2.8544001335039866,99953.69851342383
315.4024023808807,11.689796660479278,1.0000000000000007,-3.7011879682650033,-2.8559629472310917,98709.26803512257
315.4100279401932,11.683051182265219,1.0000000000000004,-3.694964425956641,-2.857504963082647,97474.94907575863
315.41767737318906,11.676338432454434,1.0000000000000007,-3.6887427704659785,-2.8590262428265305,96250.70141476711
315.42535058279316,11.669658275337795,1.0000000000000004,-3.682523010626028,-2.860526848211066,95036.48483158307
315.4330474719395,11.663010575213292,1.0000000000000007,-3.676305155229784,-2.8620068409627493,93832.25910564161
315.44076794357164,11.656395196385954,1.0000000000000004,-3.670089213119354,-2.863466282790796,92637.98401637786
315.4485119006419,11.649812003168046,1.0000000000000007,-3.66387519311138,-2.86490523538032,91453.61934322688
315.4562792461114,11.64326085987909,1.0000000000000007,-3.6576631040461507,-2.8663237604027927,90279.12486562377
315.46406988294945,11.636741630846087,1.0000000000000004,-3.651452954738488,-2.867721919506039,89114.4603630036
315.4718837141335,11.630254180403394,1.0000000000000004,-3.6452447539832065,-2.8690997743192383,87959.58561480144
315.47972064264906,11.623798372892912,1.0000000000000007,-3.639038510624232,-2.8704573864533813,86814.46040045244
315.487580571489,11.617374072664271,1.0000000000000004,-3.6328342334854824,-2.8717948175021775,85679.04449939168
315.4954634036536,11.61098114407469,1.0000000000000004,-3.6266319313799613,-2.8731121290375086,84553.29769105422
315.50336904215044,11.60461945148922,1.0000000000000007,-3.620431613155233,-2.874409382612612,83437.17975487521
315.5112973899935,11.598288859280741,1.0000000000000007,-3.614233287593379,-2.8756866397620797,82330.65047028968
315.51924835020367,11.591989231830164,1.0000000000000004,-3.608036963561972,-2.876943962000496,81233.66961673273
315.52722182580794,11.585720433526337,1.0000000000000004,-3.6018426498594636,-2.8781814108288017,80146.19697363951
315.53521771983947,11.57948232876623,1.0000000000000007,-3.595650355315229,-2.879399047722927,79068.19232044504
315.54323593533735,11.573274781954968,1.0000000000000007,-3.589460088758642,-2.880596934143341,77999.6154365845
315.55127637534594,11.567097657506018,1.0000000000000007,-3.583271859031811,-2.8817751315336864,76940.42610149288
315.5593389429152,11.560950819841082,1.0000000000000007,-3.577085674955015,-2.882933701316688,75890.5840946053
315.56742354109997,11.554834133390266,1.0000000000000007,-3.5709015453448956,-2.8840727048946064,74850.04919535689
315.57553007296,11.548747462592251,1.0000000000000007,-3.5647194790562935,-2.8851922036565156,73818.78118318276
315.58365844155975,11.54269067189418,1.0000000000000007,-3.5585394849049408,-2.88629225897148,72796.73983751789
315.5918085499679,11.536663625751851,1.0000000000000007,-3.552361571743859,-2.8873729321908286,71783.88493779751
315.59998030125723,11.530666188629729,1.0000000000000004,-3.5461857483933272,-2.888434284644063,70780.17626345658
315.60817359850455,11.524698225001153,1.0000000000000004,-3.540012023710915,-2.8894763776474974,69785.57359393031
315.61638834479027,11.518759599348202,1.0000000000000004,-3.533840406536001,-2.8904992724988006,68800.03670865374
315.6246244431981,11.512850176161908,1.0000000000000007,-3.527670905690684,-2.891503030476997,67823.52538706196
315.6328817968153,11.50696981994226,1.0000000000000007,-3.5215035300561794,-2.892487712842012,66855.9994085901
315.6411603087315,11.501118395198384,1.0000000000000004,-3.515338288439125,-2.8934533808383094,65897.4185526732
315.6494598820398,11.495295766448457,1.0000000000000007,-3.5091751897361974,-2.8944000956926175,64947.742598746336
315.65778041983526,11.489501798219829,1.0000000000000007,-3.50301424276131,-2.895327918613475,64006.93132624465
315.66612182521555,11.483736355049228,1.0000000000000004,-3.4968554563920407,-2.896236910791231,63074.94451460323
315.67448400128023,11.477999301482594,1.0000000000000004,-3.4906988394886866,-2.8971271334025914,62151.74194325715
315.6828668511309,11.472290502075309,1.0000000000000004,-3.484544400896084,-2.8979986476001613,61237.28339164147
315.69127027787073,11.466609821392186,1.0000000000000004,-3.47839214949272,-2.8988515145269957,60331.52863919138
315.69969418460425,11.460957124007665,1.0000000000000004,-3.4722420941507153,-2.8996857953029576,59434.43746534187
315.70813847443725,11.455332274505675,1.0000000000000004,-3.466094243716725,-2.900501551036541,58545.96964952809
315.7166030504767,11.449735137479847,1.0000000000000004,-3.459948607093793,-2.9012988428144126,57666.084971185126
315.72508781583025,11.444165577533493,1.0000000000000004,-3.453805193149492,-2.9020777317077773,56794.743209748085
315.73359267360587,11.438623459279826,1.0000000000000004,-3.447664010745939,-2.902838278773288,55931.904144652006
315.74211752691235,11.433108647341795,1.0000000000000004,-3.4415250687907246,-2.9035805450471344,55077.52755533202
315.75066227885856,11.427621006352267,1.0000000000000007,-3.4353883761623365,-2.9043045915495895,54231.573221223174
315.75922683255305,11.422160400954189,1.0000000000000004,-3.4292539417501757,-2.9050104792886486,53394.00092176061
315.76781109110436,11.41672669580044,1.0000000000000004,-3.423121774446372,-2.9056982692495694,52564.77043637942
315.77641495762083,11.411319755554029,1.0000000000000007,-3.416991883155788,-2.9063680224048767,51743.84154451467
315.78503833520983,11.405939444888094,1.0000000000000004,-3.410864276788743,-2.907019799709815,50931.174025601475
315.79368112697796,11.40058562848609,1.0000000000000004,-3.404738964236458,-2.9076536621039395,50126.7276590749
315.802343236031,11.395258171041645,1.0000000000000007,-3.398615954426532,-2.908269670508389,49330.46222437004
315.81102456547325,11.389956937258763,1.0000000000000004,-3.3924952562529143,-2.908867885830432,48542.337500922076
315.81972501840795,11.384681791851806,1.0000000000000007,-3.38637687865139,-2.909448368960284,47762.313268165955
315.8284444979364,11.379432599545687,1.0000000000000007,-3.380260830541374,-2.9100111807713347,46990.34930553684
315.83718290715836,11.374209225075731,1.0000000000000007,-3.3741471208522853,-2.91055638212174,46226.40539246982
315.84594014917155,11.369011533187829,1.0000000000000007,-3.3680357585062666,-2.911084033854877,45470.44130840001
315.8547161270715,11.36383938863859,1.0000000000000004,-3.361926752460022,-2.911594196795022,44722.416832762436
315.8635107439515,11.358692656195208,1.0000000000000007,-3.3558201116420605,-2.91208693175372,43982.29174499226
315.8723239029022,11.353571200635637,1.0000000000000007,-3.349715844999082,-2.912562299525007,43250.02582452456
315.8811555070117,11.348474886748594,1.0000000000000004,-3.3436139614859712,-2.9130203608876855,42525.578850794394
315.89000545936506,11.34340357933373,1.0000000000000004,-3.337514470061251,-2.9134611766050966,41808.91060323689
315.89887366304436,11.338357143201495,1.0000000000000004,-3.3314173796807154,-2.9138848074248926,41099.980861287106
315.90776002112847,11.333335443173318,1.0000000000000007,-3.3253226993156204,-2.9142913140788096,40398.749404380185
315.91666443669294,11.328338344081605,1.0000000000000007,-3.3192304379363122,-2.914680757283122,39705.176011951175
315.92558681280946,11.323365710769911,1.0000000000000004,-3.3131406045217773,-2.915053197740008,39019.22046343518
315.9345270525463,11.31841740809279,1.0000000000000004,-3.307053208058278,-2.9154086961341363,38340.84253826727
315.9434850589675,11.31349330091596,1.0000000000000004,-3.3009682575184343,-2.9157473131369898,37670.00201588257
315.95246073513323,11.308593254116445,1.0000000000000004,-3.294885761910791,-2.9160691094036792,37006.658675716186
315.9614539840993,11.303717132582424,1.0000000000000007,-3.288805730230706,-2.9163741455734,36350.77229720316
315.97046470891706,11.298864801213417,1.0000000000000004,-3.2827281714712626,-2.9166624822719314,35702.30265977861
315.97949281263357,11.294036124920272,1.0000000000000004,-3.276653094661924,-2.9169341801091377,35061.209542877645
315.9885381982906,11.289230968625331,1.0000000000000007,-3.270580508801686,-2.9171892996794213,34427.45272593532
315.99760076892545,11.284449197262305,1.0000000000000004,-3.264510422924104,-2.9174279015637694,33800.99198838678
316.00668042757013,11.279690675776415,1.0000000000000007,-3.258442846046364,-2.9176500463263437,33181.78710966706
316.0157770772516,11.274955269124424,1.0000000000000004,-3.252377787209298,-2.9178557945169814,32569.79786921127
316.0248906209912,11.270242842274772,1.0000000000000004,-3.2463152554514636,-2.918045206673014,31964.98404645451
316.0340209618048,11.265553260207446,1.0000000000000007,-3.240255259816877,-2.918218343313356,31367.305420831868
316.04316800270266,11.260886387914118,1.0000000000000007,-3.2341978093572834,-2.9183752649446433,30776.72177177844
316.0523316466891,11.256242090398292,1.0000000000000004,-3.2281429131335244,-2.9185160320580508,30193.192878729307
316.06151179676243,11.251620232675153,1.0000000000000004,-3.222090580209624,-2.918640705131338,29616.678521119586
316.0707083559148,11.24702067977174,1.0000000000000004,-3.216040819652335,-2.918749344626576,29047.138478384342
316.07992122713216,11.242443296726922,1.0000000000000004,-3.209993640543871,-2.9188420109915114,28484.53252995869
316.0891503133938,11.237887948591577,1.0000000000000004,-3.203949051965992,-2.9189187646602477,27928.8204552777
316.09839551767266,11.233354500428435,1.0000000000000007,-3.197907063011371,-2.9189796660512,27379.962033776508
316.10765674293464,11.228842817312255,1.0000000000000004,-3.191867682773591,-2.919024775569369,26837.91704489013
