galstreams/tracks/track.st.C-9.ibata2020.ecsv
# %ECSV 0.9
# ---
# datatype:
# - {name: ra, unit: deg, datatype: float64}
# - {name: dec, unit: deg, datatype: float64}
# - {name: distance, unit: kpc, datatype: float64}
# - {name: pm_ra_cosdec, unit: mas / yr, datatype: float64}
# - {name: pm_dec, unit: mas / yr, datatype: float64}
# - {name: radial_velocity, unit: km / s, datatype: float64}
# delimiter: ','
# meta: !!omap
# - __serialized_columns__:
#     dec:
#       __class__: astropy.coordinates.angles.Latitude
#       unit: &id001 !astropy.units.Unit {unit: deg}
#       value: !astropy.table.SerializedColumn {name: dec}
#     distance:
#       __class__: astropy.coordinates.distances.Distance
#       unit: !astropy.units.Unit {unit: kpc}
#       value: !astropy.table.SerializedColumn {name: distance}
#     pm_dec:
#       __class__: astropy.units.quantity.Quantity
#       unit: !astropy.units.Unit {unit: mas / yr}
#       value: !astropy.table.SerializedColumn {name: pm_dec}
#     pm_ra_cosdec:
#       __class__: astropy.units.quantity.Quantity
#       unit: !astropy.units.Unit {unit: mas / yr}
#       value: !astropy.table.SerializedColumn {name: pm_ra_cosdec}
#     ra:
#       __class__: astropy.coordinates.angles.Longitude
#       unit: *id001
#       value: !astropy.table.SerializedColumn {name: ra}
#       wrap_angle: !astropy.coordinates.Angle
#         unit: *id001
#         value: 360.0
#     radial_velocity:
#       __class__: astropy.units.quantity.Quantity
#       unit: !astropy.units.Unit {unit: km / s}
#       value: !astropy.table.SerializedColumn {name: radial_velocity}
# schema: astropy-2.0
ra,dec,distance,pm_ra_cosdec,pm_dec,radial_velocity
[from data line 133]
24.909067785095825,-23.899494078889763,8.24000479872132,-0.1130337406957115,-0.06723316697422309,-2.6314897280851057e-16
24.981720081417308,-23.978530711453306,8.248574077752615,-0.11290776469879556,-0.06616824078111275,-1.0525958912340423e-15
25.05424397598311,-24.057729904971648,8.256610058289105,-0.11280838115739228,-0.06505332149335297,-7.8944691842553165e-16
25.126637567132953,-24.137093811153765,8.26409805492897,-0.1127366958212414,-0.06388828764538446,-9.21021404829787e-16
25.198898951728015,-24.216624586383364,8.271023382270375,-0.11269381473759087,-0.06267302000193209,-6.578724320212764e-16
25.271026225077737,-24.296324391709398,8.277371354911487,-0.11268084423478714,-0.06140740155520376,-9.21021404829787e-16
25.343017480864514,-24.376195392835825,8.283127287450478,-0.1126988909056307,-0.06009131752142217,-6.578724320212764e-16
25.414870811066447,-24.456239760110684,8.288276494485515,-0.11274906159049518,-0.0587246553366796,-9.21021404829787e-16
25.48658430587791,-24.53645966851443,8.292804290614768,-0.1128324633602105,-0.0573073046521068,-3.9472345921276583e-16
25.558156053627993,-24.616857297647503,8.296695990436406,-0.1129502034987092,-0.0558391573283462,-3.9472345921276583e-16
25.629584140696803,-24.697434831717246,8.299936908548597,-0.11310338948543479,-0.05432010742932036,-6.578724320212764e-16
25.70086665142951,-24.77819445952399,8.302512359549512,-0.11329312897751245,-0.052750051215285844,-6.578724320212764e-16
25.772001668048166,-24.85913837444641,8.304407658037322,-0.1135205297916806,-0.051128887135162567,-5.262979456170211e-16
25.842987270561217,-24.940268774426176,8.305608118610186,-0.1137866998859832,-0.04945651581812937,-7.8944691842553165e-16
25.913821536670675,-25.021587861951808,8.306099055866282,-0.11409274734122149,-0.04773284006447478,-6.578724320212764e-16
25.984502541676914,-25.10309784404174,8.30586578440378,-0.11443978034216494,-0.04595776483569412,-5.262979456170211e-16
26.055028358381048,-25.1848009322267,8.304893618820849,-0.11482890715852025,-0.044131197243821495,-2.6314897280851057e-16
26.125397056984855,-25.266699342531233,8.303167873715648,-0.11526123612565771,-0.042253046539987404,-2.6314897280851057e-16
26.195606704988144,-25.348795295454483,8.300673863686356,-0.11573787562509327,-0.04032322410219001,-7.8944691842553165e-16
26.265655367083614,-25.431091015950194,8.297396903331139,-0.11625993406472698,-0.03834164342227099,-4.605107024148935e-16
26.33554110504909,-25.513588733405893,8.293322307248166,-0.1168285198588344,-0.03630822009208393,-6.578724320212764e-16
26.405261977637114,-25.596290681621323,8.28843539003561,-0.11744474140781243,-0.03422287178884453,1.9736172960638291e-16
26.474816040461842,-25.67919909878603,8.282721466291632,-0.11810970707767647,-0.032085518259652,-3.9472345921276583e-16
26.54420134588317,-25.762316227456157,8.276165850614406,-0.1188245251793081,-0.02989608130516935,-3.9472345921276583e-16
26.613415942888103,-25.845644314530443,8.2687538576021,-0.11959030394745321,-0.02765448476245194,-3.289362160106382e-16
26.68245787696924,-25.929185611225396,8.260470801852884,-0.1204081515194673,-0.02536065448691238,-5.262979456170211e-16
26.751325190000387,-26.012942373049597,8.251301997964928,-0.12127917591380817,-0.023014518333409235,-2.6314897280851057e-16
26.82001592010918,-26.09691685977724,8.241232760536398,-0.12220448500827338,-0.020616006136448855,-2.6314897280851057e-16
26.888528101546772,-26.181111335420816,8.230248404165467,-0.12318518651798181,-0.018165049689486307,-6.578724320212764e-17
26.956859764554356,-26.26552806820289,8.2183342434503,-0.1242223879730965,-0.015661582723315033,-2.960425944095744e-16
27.025008935226676,-26.350169330527127,8.20547559298907,-0.1253171966962885,-0.013105540883530357,-1.3157448640425528e-16
27.09297363537228,-26.435037398948378,8.19165776737994,-0.12647071977993865,-0.010496861707055799,0.0
27.160751882370604,-26.520134554141972,8.176866081221085,-0.12768406406307575,-0.007835484597718437,2.7959578360904246e-16
27.228341689025697,-26.60546308087204,8.16108584911067,-0.12895833610804971,-0.005121350800859442,2.7959578360904246e-16
27.29574106341666,-26.691025267959077,8.144302385646867,-0.13029464217693623,-0.0023544033769675914,6.085319996196807e-16
27.362948008744617,-26.776823408246536,8.126501005427842,-0.13169408820767226,0.0004654128256796451,-2.0969683770678185e-16
27.42996052317623,-26.862859798566546,8.107667023051768,-0.13315777978991916,0.0033381511993799766,5.756383780186168e-17
27.496776599683663,-26.94913673970476,8.087785753116814,-0.13468682214065072,0.00626386340639006,6.743192428218083e-16
27.563394225880987,-27.035656536364247,8.06684251022114,-0.1362823200794645,0.009242599409344032,-1.1512767560372337e-16
27.629811383856755,-27.12242149712849,8.044822608962928,-0.13794537800361298,0.012274407502720951,4.605107024148935e-16
27.696026050003063,-27.209433934423497,8.021711363940339,-0.13967709986275223,0.015359334345376063,7.236596752234041e-16
27.762036194840576,-27.296696164478906,7.9974940897515445,-0.14147858913340483,0.018497424994152266,3.289362160106382e-16
27.82783978283981,-27.384210507288202,7.972156100994713,-0.14335094879313431,0.02168872293858648,6.578724320212764e-16
27.893434772238376,-27.471979286567965,7.945682712268014,-0.14529528129442734,0.024933270136726592,1.9736172960638291e-16
27.958819114854244,-27.560004829716156,7.918059238169615,-0.14731268853828133,0.028231107052076713,1.3157448640425528e-16
28.02399075589482,-27.648289467769438,7.889270993297689,-0.14940427184749278,0.031582272691685176,6.578724320212764e-16
28.08894763376195,-27.736835535359575,7.8593032922504,-0.15157113193964394,0.03498680464539411,3.289362160106382e-16
28.153687679852503,-27.82564537066868,7.828141449625919,-0.15381436889978262,0.038444739126266184,-1.3157448640425528e-16
28.21820881835476,-27.914721315383705,7.7957707800224165,-0.15613508215279268,0.0419561110122076,3.9472345921276583e-16
28.282508966040243,-28.004065714649702,7.762176598038061,-0.15853437043544968,0.045520953888803214,1.0525958912340423e-15
28.3465860320511,-28.093680917022223,7.727344218271018,-0.1610133317681589,0.049139300093384526,5.262979456170211e-16
28.410437917682845,-28.18356927441858,7.691258955319461,-0.16357306342636901,0.05281118076034667,5.262979456170211e-16
28.474062516162448,-28.27373314206819,7.6539061237815575,-0.16621466191165968,0.056536625867735425,1.1841703776382976e-15
28.53745771242157,-28.364174878461707,7.615271038255479,-0.16893922292249536,0.06031566428512214,1.9736172960638294e-15
28.600621382865008,-28.45489684529928,7.575339013339391,-0.17174784132464244,0.06414832382278718,3.9472345921276583e-16
28.663551395134075,-28.545901407437597,7.534095363631461,-0.1746416111212426,0.06803463128223247,5.262979456170211e-16
28.72624560786497,-28.637190932835875,7.491525403729863,-0.17762162542253834,0.0719746125080418,0.0
28.788701870441997,-28.72876779250081,7.4476144482327635,-0.1806889764152446,0.07596829244111315,7.8944691842553165e-16
28.850918022745446,-28.8206343604304,7.402347811738331,-0.18384475533155964,0.08001569517328122,0.0
28.91289189489413,-28.912793013556545,7.355710808844736,-0.1870900524178101,0.08411684400335478,1.3157448640425529e-15
28.974621306982502,-29.00524613168669,7.307688754150147,-0.19042595690272326,0.08827176149458948,5.262979456170211e-16
29.036104068812048,-29.09799609744416,7.25826696225273,-0.19385355696532003,0.09248046953362042,1.3157448640425529e-15
29.09733797961715,-29.191045296207413,7.207430747750662,-0.19737393970242118,0.09674298939087705,1.0525958912340423e-15
29.158320827784994,-29.284396116048104,7.155165425242103,-0.20098819109576024,0.10105934178250434,1.5788938368510633e-15
29.21905039056962,-29.378050947667987,7.101456309325227,-0.20469739597869535,0.10542954693381587,5.262979456170211e-16
29.279524433799896,-29.472012184334506,7.0462887145982025,-0.20850263800251176,0.10985362464430248,1.5788938368510633e-15
29.339740711581385,-29.566282221815303,6.989647955659198,-0.21240499960230774,0.11433159435422267,1.842042809659574e-15
