galstreams/tracks/track.st.New-11.ibata2024.ecsv
# %ECSV 1.0
# ---
# datatype:
# - {name: ra, unit: deg, datatype: float64}
# - {name: dec, unit: deg, datatype: float64}
# - {name: distance, unit: kpc, datatype: float64}
# - {name: pm_ra_cosdec, unit: mas / yr, datatype: float64}
# - {name: pm_dec, unit: mas / yr, datatype: float64}
# - {name: radial_velocity, unit: km / s, datatype: float64}
# delimiter: ','
# meta: !!omap
# - __serialized_columns__:
#     dec:
#       __class__: astropy.coordinates.angles.Latitude
#       unit: &id001 !astropy.units.Unit {unit: deg}
#       value: !astropy.table.SerializedColumn {name: dec}
#     distance:
#       __class__: astropy.coordinates.distances.Distance
#       unit: !astropy.units.Unit {unit: kpc}
#       value: !astropy.table.SerializedColumn {name: distance}
#     pm_dec:
#       __class__: astropy.units.quantity.Quantity
#       unit: !astropy.units.Unit {unit: mas / yr}
#       value: !astropy.table.SerializedColumn {name: pm_dec}
#     pm_ra_cosdec:
#       __class__: astropy.units.quantity.Quantity
#       unit: !astropy.units.Unit {unit: mas / yr}
#       value: !astropy.table.SerializedColumn {name: pm_ra_cosdec}
#     ra:
#       __class__: astropy.coordinates.angles.Longitude
#       unit: *id001
#       value: !astropy.table.SerializedColumn {name: ra}
#       wrap_angle: !astropy.coordinates.Angle
#         unit: *id001
#         value: 360.0
#     radial_velocity:
#       __class__: astropy.units.quantity.Quantity
#       unit: !astropy.units.Unit {unit: km / s}
#       value: !astropy.table.SerializedColumn {name: radial_velocity}
# schema: astropy-2.0
ra,dec,distance,pm_ra_cosdec,pm_dec,radial_velocity
154.76213548565119,40.13697695516871,1.0000000000000013,-4.387782441173613,-14.850298089579042,3867.2654315347913
154.75532468647356,40.12721553624123,1.0000000000000016,-4.389171932965127,-14.846686355760198,3843.885921743037
154.74854554713693,40.11745090428425,1.0000000000000016,-4.390539455363779,-14.843108674625114,3820.5981885026017
154.7417979692096,40.10768307298905,1.0000000000000016,-4.391885062693575,-14.839564945616814,3797.4020558993407
154.7350818543079,40.097912055997185,1.0000000000000016,-4.393208809428302,-14.836055068261317,3774.297348019112
154.72839710409602,40.08813786690083,1.0000000000000016,-4.394510750189397,-14.832578942167913,3751.2838889477725
154.72174362028625,40.078360519243056,1.0000000000000016,-4.39579093974632,-14.829136467028775,3728.3615027711767
154.71512130463913,40.068580026518084,1.0000000000000016,-4.397049433015496,-14.825727542618381,3705.530013575186
154.70853005896325,40.05879640217164,1.0000000000000016,-4.398286285058703,-14.822352068791588,3682.7892454456523
154.7019697851156,40.049009659601154,1.0000000000000013,-4.399501551083432,-14.81900994548522,3660.1390224684365
154.69544038500146,40.03921981215611,1.0000000000000013,-4.4006952864407936,-14.815701072715342,3637.5791687293954
154.68894176057447,40.02942687313832,1.0000000000000013,-4.401867546625965,-14.812425350578451,3615.1095083143828
154.68247381383674,40.019630855802205,1.0000000000000013,-4.403018387275864,-14.809182679250227,3592.729865309257
154.67603644683888,40.00983177335496,1.0000000000000013,-4.4041478641701985,-14.80597295898417,3570.4400637998747
154.6696295616801,40.00002963895716,1.0000000000000013,-4.4052560332285395,-14.802796090112281,3548.2399278720945
154.6632530605082,39.99022446572262,1.0000000000000013,-4.406342950511373,-14.799651973044092,3526.129281611771
154.6569068455197,39.98041626671894,1.000000000000001,-4.407408672217969,-14.796540508265196,3504.1079491047594
154.65059081895984,39.970605054967734,1.0000000000000013,-4.408453254686236,-14.793461596338375,3482.175754436923
154.64430488312266,39.96079084344483,1.000000000000001,-4.409476754391733,-14.790415137901391,3460.332521694113
154.638048940351,39.950973645080694,1.000000000000001,-4.4104792279466665,-14.787401033667834,3438.5780749621867
154.63182289303674,39.941153472760504,1.000000000000001,-4.411460732099954,-14.78441918442519,3416.9122383270033
154.6256266436205,39.93133033932461,1.000000000000001,-4.41242132373452,-14.78146949103541,3395.334835874419
154.6194600945921,39.92150425756869,1.000000000000001,-4.413361059868663,-14.778551854433829,3373.8456916902887
154.6133231484904,39.911675240244065,1.000000000000001,-4.414279997654376,-14.775666175628373,3352.4446298604717
154.6072157079032,39.90184330005796,1.000000000000001,-4.415178194375898,-14.772812355700296,3331.1314744708234
154.6011376754677,39.89200844967378,1.0000000000000009,-4.41605570745017,-14.769990295801165,3309.9060496071997
154.5950889538701,39.882170701711324,1.000000000000001,-4.416912594424673,-14.767199897154967,3288.7681793554616
154.58906944584598,39.872330068747175,1.000000000000001,-4.417748912977913,-14.764441061056175,3267.7176878014625
154.58307905418016,39.862486563314825,1.0000000000000009,-4.418564720918027,-14.761713688869065,3246.754399031058
154.57711768170682,39.85264019790501,1.0000000000000009,-4.4193600761818175,-14.759017682027718,3225.878137130109
154.57118523130964,39.842790984966015,1.0000000000000009,-4.420135036834807,-14.756352942035903,3205.0887261844687
154.56528160592154,39.83293893690381,1.0000000000000009,-4.4208896610690545,-14.753719370464694,3184.385990279996
154.5594067085251,39.82308406608243,1.0000000000000009,-4.42162400720423,-14.751116868954114,3163.7697535025477
154.5535604421524,39.813226384824205,1.0000000000000007,-4.422338133685088,-14.748545339211717,3143.2398399379795
154.54774270988491,39.803365905409976,1.0000000000000009,-4.423032099081723,-14.746004683011279,3122.796073672149
154.54195341485405,39.793502640079396,1.0000000000000007,-4.423705962088917,-14.743494802193652,3102.4382787909135
154.53619246024056,39.78363660103117,1.0000000000000009,-4.42435978152443,-14.741015598664944,3082.1662793801297
154.53045974927505,39.773767800423336,1.0000000000000009,-4.4249936163293455,-14.738566974397372,3061.9798995256533
154.52475518523786,39.76389625037343,1.0000000000000007,-4.425607525566562,-14.736148831427613,3041.8789633133424
154.5190786714591,39.754021962958966,1.0000000000000007,-4.426201568420652,-14.733761071856293,3021.863294829053
154.51343011131866,39.74414495021736,1.0000000000000007,-4.426775804196524,-14.731403597848043,3001.932718158642
154.50780940824626,39.734265224146455,1.0000000000000007,-4.427330292318771,-14.729076311631218,2982.087057387967
154.50221646572155,39.72438279670461,1.0000000000000007,-4.427865092331643,-14.726779115496242,2962.3261366028846
154.4966511872741,39.71449767981107,1.0000000000000007,-4.428380263897651,-14.724511911796014,2942.649779889251
154.4911134764835,39.704609885346095,1.0000000000000007,-4.428875866796687,-14.72227460294539,2923.057811332923
154.48560323697916,39.69471942515132,1.0000000000000007,-4.4293519609258,-14.72006709141965,2903.5500550197594
154.48012037244072,39.68482631102993,1.0000000000000007,-4.42980860629828,-14.717889279755866,2884.1263350356144
154.47466478659777,39.67493055474692,1.0000000000000007,-4.430245863043098,-14.715741070550564,2864.7864754663465
154.46923638323003,39.66503216802936,1.0000000000000007,-4.430663791403646,-14.713622366459902,2845.5303003978133
154.46383506616732,39.655131162566605,1.0000000000000007,-4.431062451737972,-14.711533070199152,2826.3576339158694
154.45846073928965,39.64522755001059,1.0000000000000004,-4.431441904516646,-14.709473084542935,2807.268300106373
154.45311330652726,39.63532134197598,1.0000000000000004,-4.431802210323838,-14.707442312323167,2788.2621230551795
154.4477926718605,39.62541255004052,1.0000000000000007,-4.432143429855046,-14.705440656429971,2769.338926848149
154.44249873932011,39.61550118574522,1.0000000000000004,-4.432465623917523,-14.703468019810146,2750.498535571134
154.43723141298696,39.605587260594575,1.0000000000000004,-4.432768853428513,-14.701524305467728,2731.740773309995
154.43199059699236,39.59567078605684,1.0000000000000004,-4.433053179415765,-14.699609416462692,2713.0654641505876
154.42677619551793,39.58575177356425,1.0000000000000004,-4.433318663015996,-14.697723255910319,2694.4724321787685
154.4215881127956,39.57583023451324,1.0000000000000004,-4.433565365474038,-14.695865726981651,2675.9615014803953
154.41642625310774,39.56590618026472,1.0000000000000004,-4.433793348143155,-14.69403673290185,2657.5324961413226
154.41129052078713,39.555979622144285,1.0000000000000004,-4.434002672483814,-14.692236176950871,2639.1852402474096
154.40618082021695,39.546050571442414,1.0000000000000004,-4.434193400061872,-14.690463962461763,2620.9195578845124
154.40109705583092,39.536119039414785,1.0000000000000004,-4.434365592550449,-14.688719992821746,2602.735273138487
154.3960391321132,39.52618503728241,1.0000000000000002,-4.434519311726547,-14.687004171469653,2584.6322100951916
154.39100695359852,39.51624857623194,1.0000000000000002,-4.43465461947261,-14.68531640189741,2566.610192840483
154.38600042487204,39.5063096674158,1.0000000000000002,-4.434771577773887,-14.683656587648528,2548.6690454602162
154.38101945056962,39.49636832195264,1.0000000000000002,-4.434870248719733,-14.682024632317905,2530.8085920402505
154.37606393537763,39.48642455092724,1.0000000000000002,-4.434950694501339,-14.680420439551028,2513.028656666441
154.371133784033,39.476478365390946,1.0000000000000002,-4.4350129774117875,-14.678843913044062,2495.3290634246455
154.36622890132338,39.46652977636187,1.0000000000000002,-4.4350571598454,-14.677294956542966,2477.7096364007202
154.361349192087,39.45657879482506,1.0000000000000002,-4.435083304296995,-14.675773473843407,2460.1701996805227
154.3564945612128,39.44662543173277,1.0000000000000002,-4.435091473361297,-14.674279368789655,2442.7105773499097
154.35166491364035,39.43666969800466,1.0000000000000002,-4.435081729732161,-14.672812545274866,2425.330593494737
154.34686015435994,39.426711604528,1.0,-4.435054136201984,-14.671372907239743,2408.0300722008624
154.3420801884126,39.41675116215795,1.0000000000000002,-4.435008755661187,-14.669960358673308,2390.808837554144
154.33732492089015,39.4067883817177,1.0000000000000002,-4.434945651097564,-14.668574803611108,2373.6667136404362
154.332594256935,39.39682327399877,1.0,-4.4348648855954025,-14.667216146135956,2356.603524545596
154.3278881017405,39.38685584976111,1.0,-4.434766522334968,-14.66588429037617,2339.619094355483
154.32320636055067,39.37688611973346,1.0,-4.434650624592024,-14.664579140506703,2322.7132471559507
154.31854893866043,39.36691409461348,1.0,-4.4345172557372905,-14.663300600747334,2305.8858070328574
154.31391574141537,39.356939785067944,1.0,-4.43436647923528,-14.662048575362803,2289.136598072061
154.30930667421208,39.346963201733,1.0,-4.434198358644522,-14.66082296866233,2272.4654443594163
154.3047216424979,39.336984355214376,0.9999999999999999,-4.434012957616119,-14.659623684999133,2255.8721699807825
154.30016055177097,39.327003256087586,0.9999999999999999,-4.433810339893398,-14.658450628770254,2239.3565990220145
154.29562330758043,39.317019914898125,0.9999999999999999,-4.433590569311889,-14.65730370441537,2222.918555568969
154.29110981552623,39.3070343421617,1.0,-4.433353709797672,-14.656182816417385,2206.557863707505
154.28661998125918,39.29704654836439,1.0,-4.433099825367492,-14.655087869300985,2190.2743475234774
154.28215371048105,39.287056543962954,0.9999999999999999,-4.4328289801283915,-14.654018767633062,2174.0678311027427
154.27771090894453,39.2770643393849,0.9999999999999999,-4.432541238276514,-14.652975416021576,2157.938138531161
154.2732914824531,39.26706994502879,1.0,-4.432236664095939,-14.651957719115813,2141.8850938945848
154.26889533686136,39.25707337126448,1.0,-4.431915321960133,-14.650965581605135,2125.9085212788736
154.26452237807473,39.247074628433204,0.9999999999999999,-4.431577276329193,-14.649998908219516,2110.0082447698833
154.26017251204962,39.23707372684779,1.0,-4.431222591750412,-14.649057603728266,2094.1840884534718
154.2558456447934,39.227070676792955,0.9999999999999999,-4.430851332857685,-14.648141572939892,2078.435876415496
154.25154168236435,39.21706548852547,0.9999999999999997,-4.430463564370257,-14.647250720702317,2062.76343274181
154.24726053087178,39.20705817227428,0.9999999999999999,-4.430059351092723,-14.646384951901183,2047.1665815182748
154.24300209647595,39.19704873824083,0.9999999999999998,-4.429638757914603,-14.645544171460642,2031.6451468307441
154.23876628538812,39.18703719659914,0.9999999999999998,-4.429201849809033,-14.644728284342136,2016.198952765075
154.23455300387053,39.177023557496106,0.9999999999999999,-4.42874869183305,-14.643937195544538,2000.8278234071247
154.23036215823643,39.16700783105161,0.9999999999999998,-4.428279349126171,-14.643170810103271,1985.531582842752
154.22619365485,39.156990027358795,0.9999999999999998,-4.4277938869105355,-14.642429033090394,1970.3100551578118
154.22204740012648,39.14697015648416,0.9999999999999999,-4.4272923704901075,-14.64171176961375,1955.1630644381619
154.21792330053214,39.13694822846785,0.9999999999999997,-4.426774865250039,-14.641018924816677,1940.0904347696573
154.21382126258422,39.1269242533238,0.9999999999999997,-4.426241436656184,-14.640350403877989,1925.091990238157
154.20974119285094,39.11689824103991,0.9999999999999997,-4.425692150254207,-14.63970611201077,1910.1675549295169
154.2056829979516,39.106870201578275,0.9999999999999997,-4.425127071669948,-14.639085954462757,1895.3169529295938
154.20164658455647,39.09684014487537,0.9999999999999998,-4.4245462666078765,-14.63848983651593,1880.5400083242446
154.19763185938686,39.08680808084218,0.9999999999999997,-4.42394980085102,-14.63791766348541,1865.8365451993268
154.19363872921508,39.076774019364464,0.9999999999999997,-4.4233377402603224,-14.63736934071963,1851.2063876406964
154.18966710086445,39.06673797030289,0.9999999999999996,-4.4227101507743924,-14.636844773599762,1836.6493597342103
154.18571688120937,39.05669994349327,0.9999999999999998,-4.422067098408576,-14.636343867539637,1822.1652855657262
154.1817879771752,39.04665994874665,0.9999999999999994,-4.421408649254545,-14.635866527984689,1807.7539892210993
154.17788029573828,39.03661799584961,0.9999999999999997,-4.420734869479446,-14.635412660412442,1793.4152947861892
154.17399374392602,39.026574094564374,0.9999999999999996,-4.420045825326383,-14.634982170331341,1779.1490263468493
154.17012822881688,39.01652825462899,0.9999999999999997,-4.419341583112811,-14.634574963280755,1764.95500798894
154.16628365754022,39.00648048575749,0.9999999999999996,-4.418622209230335,-14.634190944830635,1750.8330637983152
154.16245993727657,38.99643079764027,0.9999999999999996,-4.417887770144873,-14.633830020580888,1736.7830178608326
154.1586569752573,38.98637919994396,0.9999999999999997,-4.417138332394714,-14.633492096161632,1722.8046942623498
154.15487467876483,38.976325702311776,0.9999999999999996,-4.4163739625916065,-14.633177077231863,1708.897917088724
154.15111295513267,38.96627031436366,0.9999999999999996,-4.415594727419062,-14.632884869479511,1695.0625104258104
154.1473717117452,38.956213045696515,0.9999999999999996,-4.414800693632273,-14.632615378621693,1681.2982983594666
154.14365085603788,38.946153905884266,0.9999999999999994,-4.4139919280578255,-14.632368510403182,1667.6051049755501
154.13995029549707,38.93609290447815,0.9999999999999996,-4.41316849759275,-14.632144170597115,1653.9827543599165
154.13626993766022,38.92603005100681,0.9999999999999994,-4.412330469204562,-14.631942265003858,1640.4310705984242
154.13260969011566,38.915965354976485,0.9999999999999996,-4.4114779099300705,-14.631762699451059,1626.9498777769284
154.12896946050267,38.90589882587125,0.9999999999999994,-4.410610886875389,-14.631605379793513,1613.5389999812876
154.1253491565116,38.89583047315302,0.9999999999999993,-4.40972946721557,-14.631470211911733,1600.1982612973568
154.12174868588366,38.88576030626195,0.9999999999999994,-4.408833718193577,-14.631357101713235,1586.9274858109948
154.11816795641104,38.87568833461637,0.9999999999999996,-4.407923707120204,-14.63126595513046,1573.7264976080573
154.11460687593686,38.86561456761313,0.9999999999999996,-4.406999501373434,-14.631196678121825,1560.595120774401
154.1110653523552,38.855539014627674,0.9999999999999993,-4.40606116839804,-14.631149176670561,1547.533179395884
154.107543293611,38.84546168501425,0.9999999999999994,-4.405108775705131,-14.631123356784911,1534.5404975583615
154.10404060770017,38.83538258810603,0.9999999999999992,-4.404142390871371,-14.631119124496934,1521.616899347691
154.1005572026695,38.8253017332153,0.9999999999999992,-4.403162081539207,-14.63113638586313,1508.7622088497294
154.09709298661662,38.81521912963364,0.9999999999999993,-4.402167915415234,-14.631175046963563,1495.9762501503349
154.09364786769015,38.80513478663208,0.9999999999999994,-4.401159960271102,-14.631235013901716,1483.2588473353617
154.09022175408953,38.795048713461206,0.9999999999999994,-4.400138283942155,-14.63131619280395,1470.609824490669
154.08681455406503,38.78496091935141,0.9999999999999996,-4.399102954326963,-14.631418489819453,1458.0290057021118
154.08342617591782,38.774871413513004,0.9999999999999994,-4.3980540393874605,-14.631541811119604,1445.5162150555477
154.08005652799986,38.764780205136326,0.9999999999999992,-4.396991607147825,-14.631686062897955,1433.0712766368342
154.07670551871402,38.75468730339195,0.9999999999999992,-4.395915725694579,-14.631851151369489,1420.6940145318279
154.0733730565139,38.74459271743098,0.9999999999999992,-4.394826463175619,-14.632036982770757,1408.3842528263851
154.07005904990396,38.73449645638493,0.9999999999999992,-4.393723887800306,-14.63224346335926,1396.141815606363
