galstreams/tracks/track.st.Gaia-8.ibata2021.ecsv
# %ECSV 1.0
# ---
# datatype:
# - {name: ra, unit: deg, datatype: float64}
# - {name: dec, unit: deg, datatype: float64}
# - {name: distance, unit: kpc, datatype: float64}
# - {name: pm_ra_cosdec, unit: mas / yr, datatype: float64}
# - {name: pm_dec, unit: mas / yr, datatype: float64}
# - {name: radial_velocity, unit: km / s, datatype: float64}
# delimiter: ','
# meta: !!omap
# - __serialized_columns__:
#     dec:
#       __class__: astropy.coordinates.angles.Latitude
#       unit: &id001 !astropy.units.Unit {unit: deg}
#       value: !astropy.table.SerializedColumn {name: dec}
#     distance:
#       __class__: astropy.coordinates.distances.Distance
#       unit: !astropy.units.Unit {unit: kpc}
#       value: !astropy.table.SerializedColumn {name: distance}
#     pm_dec:
#       __class__: astropy.units.quantity.Quantity
#       unit: !astropy.units.Unit {unit: mas / yr}
#       value: !astropy.table.SerializedColumn {name: pm_dec}
#     pm_ra_cosdec:
#       __class__: astropy.units.quantity.Quantity
#       unit: !astropy.units.Unit {unit: mas / yr}
#       value: !astropy.table.SerializedColumn {name: pm_ra_cosdec}
#     ra:
#       __class__: astropy.coordinates.angles.Longitude
#       unit: *id001
#       value: !astropy.table.SerializedColumn {name: ra}
#       wrap_angle: !astropy.coordinates.Angle
#         unit: *id001
#         value: 360.0
#     radial_velocity:
#       __class__: astropy.units.quantity.Quantity
#       unit: !astropy.units.Unit {unit: km / s}
#       value: !astropy.table.SerializedColumn {name: radial_velocity}
# schema: astropy-2.0
ra,dec,distance,pm_ra_cosdec,pm_dec,radial_velocity
[from data line 142]
183.13125845465933,-24.29036099478622,7.2472723037848175,-9.78143657031522,-8.491213300095843,106.68275517692904
183.1410877821368,-24.285692626273615,7.245980261287832,-9.779530993947319,-8.49104999296153,106.69164323152506
183.1509143600002,-24.28102105311004,7.244691704754336,-9.77763192326569,-8.490888116513535,106.70190973163623
183.16073819016756,-24.276346278671564,7.243406630536459,-9.775739349734723,-8.49072766950306,106.7135511800941
183.17055927455834,-24.27166830633352,7.242125034986335,-9.773853264819774,-8.490568650677467,106.72656407972949
183.18037761509322,-24.266987139470306,7.240846914456093,-9.771973659987175,-8.49041105878031,106.74094493337371
183.19019321369436,-24.262302781455517,7.239572265297867,-9.770100526704224,-8.490254892551324,106.75669024385783
183.2000060722852,-24.257615235661905,7.238301083863785,-9.768233856439204,-8.490100150726434,106.77379651401279
183.20981619279047,-24.25292450546138,7.237033366505981,-9.76637364066136,-8.489946832037754,106.79226024666998
183.21962357713636,-24.248230594225017,7.235769109576587,-9.76451987084091,-8.489794935213599,106.81207794466029
183.22942822725022,-24.243533505323054,7.234508309427732,-9.762672538449056,-8.489644458978484,106.83324611081505
183.23923014506093,-24.23883324212487,7.233250962411551,-9.760831634957947,-8.489495402053121,106.85576124796516
183.24902933249845,-24.23412980799909,7.231997064880172,-9.758997151840738,-8.489347763154441,106.87961985894195
183.25882579149422,-24.229423206313395,7.230746613185731,-9.757169080571535,-8.48920154099558,106.9048184465765
183.268619523981,-24.224713440434705,7.2294996036803525,-9.755347412625422,-8.489056734285905,106.93135351369992
183.27841053189286,-24.220000513729058,7.228256032716176,-9.753532139478445,-8.488913341730987,106.95922156314303
183.28819881716512,-24.21528442956169,7.2270158966453275,-9.751723252607642,-8.488771362032626,106.9884190977374
183.29798438173455,-24.21056519129699,7.225779191819939,-9.749920743490998,-8.488630793888857,107.01894262031388
183.30776722753907,-24.205842802298477,7.224545914592143,-9.748124603607492,-8.488491635993947,107.05078863370387
183.317547356518,-24.201117265928936,7.223316061314073,-9.746334824437062,-8.488353887038395,107.08395364073806
183.32732477061188,-24.19638858555023,7.222089628337858,-9.744551397460624,-8.48821754570894,107.11843414424794
183.33709947176274,-24.191656764523422,7.22086661201563,-9.742774314160057,-8.48808261068858,107.15422664706442
183.34687146191374,-24.18692180620873,7.21964700869952,-9.741003566018225,-8.487949080656545,107.19132765201881
183.3566407430094,-24.182183713965557,7.218430814741662,-9.739239144518944,-8.487816954288325,107.22973366194208
183.36640731699558,-24.177442491152465,7.217218026494185,-9.73748104114702,-8.487686230255681,107.26944117966526
183.37617118581935,-24.172698141127146,7.216008640309221,-9.73572924738822,-8.487556907226608,107.31044670801982
183.3859323514291,-24.167950667246583,7.2148026525389035,-9.73398375472928,-8.487428983865383,107.35274674983647
183.39569081577454,-24.163200072866807,7.21360005953536,-9.73224455465792,-8.487302458832557,107.39633780794647
183.40544658080665,-24.15844636134308,7.212400857650726,-9.730511638662808,-8.48717733078494,107.44121638518105
183.41519964847774,-24.153689536029802,7.211205043237132,-9.728784998233605,-8.487053598375633,107.48737898437129
183.4249500207413,-24.148929600280574,7.2100126126467075,-9.727064624860933,-8.486931260254009,107.53482210834832
183.4346976995522,-24.144166557448152,7.2088235622315855,-9.725350510036385,-8.48681031506573,107.58354225994336
183.44444268686658,-24.13940041088447,7.207637888343897,-9.723642645252518,-8.486690761452747,107.63353594198715
183.45418498464187,-24.13463116394061,7.206455587335775,-9.721941022002865,-8.486572598053312,107.68479965731119
183.4639245948366,-24.129858819966923,7.2052766555593495,-9.72024563178193,-8.486455823501954,107.73732990874653
183.4736615194108,-24.125083382312816,7.204101089366752,-9.718556466085195,-8.486340436429527,107.79112319912421
183.4833957603257,-24.12030485432694,7.202928885110114,-9.71687351640909,-8.486226435463177,107.8461760312753
183.49312731954373,-24.115523239357096,7.2017600391415675,-9.715196774251034,-8.48611381922636,107.902484908031
183.50285619902866,-24.110738540750262,7.200594547813247,-9.713526231109403,-8.486002586338845,107.96004633222252
183.51258240074554,-24.105950761852593,7.199432407477278,-9.71186187848355,-8.48589273541673,108.0188568066807
183.52230592666064,-24.101159906009403,7.198273614485797,-9.710203707873792,-8.485784265072425,108.07891283423704
183.5320267787414,-24.096365976565277,7.197118165190931,-9.708551710781421,-8.48567717391466,108.1402109177224
183.54174495895666,-24.091568976863858,7.195966055944814,-9.706905878708696,-8.485571460548503,108.20274755996788
183.5514604692765,-24.08676891024803,7.194817283099581,-9.705266203158843,-8.485467123575352,108.26651926380475
183.56117331167218,-24.081965780059825,7.193671843007357,-9.703632675636053,-8.485364161592942,108.33152253206407
183.57088348811627,-24.07715958964048,7.192529732020279,-9.702005287645491,-8.485262573195357,108.39775386757695
183.58059100058253,-24.0723503423304,7.191390946490475,-9.70038403069329,-8.485162356973012,108.46520977317456
183.590295851046,-24.067538041469174,7.190255482770077,-9.698768896286552,-8.48506351151268,108.5338867516881
183.59999804148308,-24.06272269039554,7.189123337211217,-9.697159875933338,-8.484966035397495,108.60378130594842
183.60969757387116,-24.057904292447496,7.187994506166029,-9.69555696114269,-8.484869927206924,108.67488993878675
183.61939445018902,-24.05308285096216,7.18686898598664,-9.693960143424613,-8.484775185516822,108.7472091530344
183.6290886724167,-24.048258369275832,7.185746773025184,-9.692369414290077,-8.484681808899397,108.82073545152214
183.63878024253546,-24.043430850724015,7.184627863633794,-9.690784765251019,-8.484589795923217,108.89546533708152
183.64846916252773,-24.038600298641384,7.183512254164596,-9.689206187820345,-8.484499145153247,108.97139531254331
183.6581554343772,-24.03376671636179,7.182399940969728,-9.687633673511936,-8.484409855150803,109.04852188073885
183.66783906006887,-24.028930107218255,7.18129092040132,-9.686067213840621,-8.484321924473601,109.12684154449909
183.67752004158882,-24.024090474543083,7.180185188811498,-9.684506800322222,-8.484235351675729,109.20635080665515
183.68719838092446,-24.019247821667644,7.179082742552403,-9.682952424473497,-8.484150135307672,109.28704617003821
183.6968740800644,-24.01440215192254,7.177983577976159,-9.681404077812195,-8.484066273916302,109.3689241374795
183.7065471409984,-24.009553468637556,7.1768876914348985,-9.679861751857024,-8.48398376604489,109.45198121181011
183.71621756571756,-24.00470177514167,7.175795079280755,-9.678325438127661,-8.48390261023312,109.53621389586118
183.72588535621412,-23.999847074763036,7.174705737865861,-9.676795128144732,-8.483822805017049,109.62161869246353
183.73555051448156,-23.994989370828964,7.173619663542345,-9.675270813429854,-8.483744348929179,109.70819210444859
183.74521304251454,-23.99012866666607,7.172536852662341,-9.673752485505593,-8.483667240498395,109.79593063464739
183.7548729423089,-23.985264965600027,7.171457301577977,-9.672240135895494,-8.483591478250023,109.88483078589091
183.76453021586178,-23.980398270955753,7.170381006641389,-9.670733756124054,-8.48351706070579,109.97488906101063
183.77418486517146,-23.975528586057354,7.169307964204705,-9.669233337716735,-8.483443986383849,110.0661019628373
183.78383689223745,-23.97065591422811,7.16823817062006,-9.667738872199976,-8.483372253798798,110.1584659942022
183.7934862990604,-23.96578025879051,7.167171622239583,-9.666250351101167,-8.483301861461642,110.25197765793665
183.80313308764224,-23.96090162306622,7.166108315415405,-9.664767765948683,-8.48323280787985,110.34663345687136
183.81277725998612,-23.95602001037608,7.165048246499659,-9.663291108271839,-8.48316509155731,110.44242989383764
183.8224188180962,-23.95113542404019,7.163991411844477,-9.661820369600933,-8.483098710994351,110.5393634716667
183.83205776397799,-23.94624786737778,7.162937807801987,-9.660355541467219,-8.48303366468777,110.63743069318963
183.8416940996382,-23.941357343707292,7.161887430724324,-9.658896615402917,-8.4829699511308,110.73662806123743
183.85132782708465,-23.936463856346336,7.16084027696362,-9.657443582941205,-8.482907568813129,110.83695207864122
183.86095894832633,-23.931567408611762,7.1597963428720055,-9.655996435616236,-8.482846516220913,110.93839924823244
183.87058746537352,-23.926668003819582,7.15875562480161,-9.65455516496312,-8.482786791836764,111.04096607284181
183.88021338023762,-23.921765645284975,7.157718119104566,-9.653119762517928,-8.482728394139771,111.14464905530062
183.88983669493112,-23.916860336322415,7.156683822133006,-9.6516902198177,-8.482671321605476,111.24944469844
183.89945741146784,-23.911952080245474,7.155652730239062,-9.650266528400437,-8.482615572705912,111.3553495050911
183.90907553186264,-23.907040880366953,7.154624839774865,-9.648848679805095,-8.482561145909584,111.46235997808493
183.9186910581317,-23.90212673999885,7.153600147092547,-9.647436665571604,-8.48250803968148,111.57047262025254
183.9283039922922,-23.897209662452365,7.152578648544235,-9.646030477240854,-8.482456252483077,111.67968393442536
183.93791433636264,-23.89228965103789,7.151560340482068,-9.64463010635469,-8.48240578277234,111.78999042343425
183.9475220923626,-23.887366709065006,7.150545219258173,-9.643235544455925,-8.482356629003727,111.90138859011049
183.95712726231284,-23.88244083984247,7.149533281224681,-9.641846783088335,-8.482308789628203,112.01387493728502
183.96672984823522,-23.877512046678337,7.148524522733726,-9.640463813796652,-8.482262263093215,112.12744596778907
183.97632985215284,-23.872580332879767,7.147518940137436,-9.63908662812658,-8.482217047842738,112.24209818445381
183.98592727608997,-23.86764570175314,7.146516529787947,-9.637715217624768,-8.482173142317247,112.35782809011035
183.99552212207197,-23.862708156604047,7.1455172880373885,-9.636349573838839,-8.482130544953725,112.4746321875898
184.0051143921254,-23.85776770073727,7.14452121123789,-9.63498968831738,-8.48208925418568,112.5925069797232
184.01470408827797,-23.852824337456795,7.1435282957415875,-9.633635552609913,-8.482049268443141,112.7114489693416
184.0242912125585,-23.8478780700658,7.142538537900608,-9.632287158266957,-8.482010586152667,112.83145465927645
184.03387576699694,-23.842928901866717,7.141551934067084,-9.63094449683996,-8.481973205737322,112.95252055235846
184.04345775362447,-23.83797683616113,7.14056848059315,-9.629607559881359,-8.481937125616733,113.07464315141894
184.05303717447336,-23.83302187624983,7.1395881738309335,-9.628276338944522,-8.481902344207047,113.1978189592891
184.06261403157697,-23.828064025432816,7.1386110101325695,-9.62695082558379,-8.481868859920953,113.32204447879998
184.07218832696987,-23.82310328700931,7.137636985850188,-9.625631011354471,-8.481836671167684,113.44731621278271
184.08176006268778,-23.81813966427771,7.136666097335921,-9.624316887812812,-8.481805776353026,113.57363066406836
184.09132924076755,-23.8131731605356,7.135698340941896,-9.62300844651605,-8.481776173879327,113.70098433548807
184.100895863247,-23.808203779079886,7.1347337130202515,-9.621705679022343,-8.481747862145449,113.82937372987304
184.11045993216527,-23.80323152320654,7.133772209923113,-9.620408576890835,-8.481720839546863,113.95879535005446
184.12002144956259,-23.79825639621082,7.132813828002619,-9.619117131681616,-8.48169510447557,114.08924569886315
184.12958041748027,-23.79327840138716,7.1318585636108915,-9.617831334955753,-8.481670655320162,114.22072127913044
184.13913683796076,-23.78829754202921,7.1309064131000675,-9.61655117827524,-8.481647490465784,114.35321859368742
184.1486907130476,-23.78331382142983,7.129957372822281,-9.615276653203043,-8.48162560829416,114.48673414536523
184.1582420447856,-23.77832724288109,7.12901143912966,-9.614007751303099,-8.4816050071836,114.62126443699486
184.16779083522047,-23.77333780967423,7.128068608374334,-9.612744464140281,-8.481585685508987,114.75680597140769
184.1773370863991,-23.768345525099814,7.127128876908438,-9.611486783280439,-8.4815676416418,114.89335525143466
184.1868808003696,-23.763350392447492,7.126192241084103,-9.61023470029035,-8.481550873950086,115.03090877990684
184.19642197918108,-23.758352415006172,7.1252586972534635,-9.608988206737788,-8.481535380798515,115.16946305965547
184.2059606248838,-23.75335159606398,7.1243282417686435,-9.607747294191457,-8.481521160548343,115.30901459351158
184.21549673952913,-23.748347938908243,7.123400870981781,-9.606511954221011,-8.481508211557419,115.44955988430634
184.2250303251695,-23.743341446825504,7.122476581245002,-9.60528217839709,-8.481496532180204,115.59109543487095
184.2345613838586,-23.738332123101483,7.121555368910444,-9.60405795829125,-8.481486120767773,115.73361774803644
184.24408991765088,-23.733319971021217,7.120637230330236,-9.602839285476039,-8.481476975667798,115.87712332663395
184.25361592860227,-23.72830499386885,7.119722161856507,-9.601626151524943,-8.481469095224584,116.02160867349461
184.26313941876958,-23.72328719492778,7.118810159841393,-9.6004185480124,-8.481462477779049,116.1670702914493
184.27266039021072,-23.718266577480616,7.117901220637021,-9.59921646651381,-8.481457121668733,116.31350468332958
184.2821788449848,-23.713243144809184,7.116995340595527,-9.598019898605521,-8.481453025227808,116.46090835196634
184.29169478515195,-23.70821690019453,7.116092516069039,-9.596828835864851,-8.481450186787072,116.60927780019063
184.30120821277336,-23.703187846916894,7.115192743409691,-9.595643269870049,-8.481448604673972,116.75860953083374
184.3107191299114,-23.698155988255728,7.114296018969613,-9.59446319220033,-8.48144827721257,116.90890004672664
184.32022753862938,-23.693121327489788,7.1134023391009364,-9.59328859443587,-8.481449202723592,117.0601458507006
184.3297334409918,-23.688083867896943,7.112511700155793,-9.592119468157785,-8.481451379524401,117.21234344558648
184.3392368390642,-23.683043612754325,7.111624098486316,-9.590955804948152,-8.481454805929012,117.3654893342158
184.34873773491324,-23.678000565338273,7.110739530444633,-9.589797596389996,-8.481459480248095,117.51958001941938
184.35823613060663,-23.672954728924356,7.10985799238288,-9.588644834067297,-8.481465400788975,117.67461200402839
184.3677320282131,-23.667906106787346,7.108979480653185,-9.587497509564988,-8.481472565855642,117.83058179087399
184.37722542980262,-23.662854702201216,7.108103991607681,-9.586355614468955,-8.481480973748752,117.9874858827873
184.38671633744596,-23.657800518439252,7.107231521598501,-9.585219140366034,-8.481490622765618,118.14532078259944
184.3962047532152,-23.652743558773878,7.1063620669777725,-9.584088078844015,-8.481501511200241,118.3040829931414
184.4056906791833,-23.64768382647674,7.105495624097632,-9.582962421491633,-8.481513637343289,118.46376901724469
184.41517411742444,-23.642621324818737,7.104632189310206,-9.581842159898589,-8.481526999482117,118.62437535773995
184.42465507001384,-23.637556057069972,7.103771758967631,-9.580727285655508,-8.481541595900758,118.78589851745846
184.43413353902767,-23.63248802649978,7.102914329422035,-9.579617790354,-8.481557424879934,118.94833499923146
184.44360952654327,-23.627417236376683,7.10205989702555,-9.578513665586593,-8.48157448469706,119.11168130589014
184.45308303463892,-23.622343689968524,7.1012084581303085,-9.577414902946792,-8.481592773626236,119.27593394026539
184.46255406539407,-23.61726739054227,7.100360009088442,-9.576321494029033,-8.48161228993828,119.4410894051884
184.47202262088913,-23.612188341364156,7.099514546252081,-9.575233430428716,-8.481633031900696,119.60714420349038
184.48148870320566,-23.607106545699644,7.098672065973358,-9.574150703742179,-8.4816549977777,119.77409483800237
