galstreams/tracks/track.st.New-13.ibata2024.ecsv
# %ECSV 1.0
# ---
# datatype:
# - {name: ra, unit: deg, datatype: float64}
# - {name: dec, unit: deg, datatype: float64}
# - {name: distance, unit: kpc, datatype: float64}
# - {name: pm_ra_cosdec, unit: mas / yr, datatype: float64}
# - {name: pm_dec, unit: mas / yr, datatype: float64}
# - {name: radial_velocity, unit: km / s, datatype: float64}
# delimiter: ','
# meta: !!omap
# - __serialized_columns__:
#     dec:
#       __class__: astropy.coordinates.angles.Latitude
#       unit: &id001 !astropy.units.Unit {unit: deg}
#       value: !astropy.table.SerializedColumn {name: dec}
#     distance:
#       __class__: astropy.coordinates.distances.Distance
#       unit: !astropy.units.Unit {unit: kpc}
#       value: !astropy.table.SerializedColumn {name: distance}
#     pm_dec:
#       __class__: astropy.units.quantity.Quantity
#       unit: !astropy.units.Unit {unit: mas / yr}
#       value: !astropy.table.SerializedColumn {name: pm_dec}
#     pm_ra_cosdec:
#       __class__: astropy.units.quantity.Quantity
#       unit: !astropy.units.Unit {unit: mas / yr}
#       value: !astropy.table.SerializedColumn {name: pm_ra_cosdec}
#     ra:
#       __class__: astropy.coordinates.angles.Longitude
#       unit: *id001
#       value: !astropy.table.SerializedColumn {name: ra}
#       wrap_angle: !astropy.coordinates.Angle
#         unit: *id001
#         value: 360.0
#     radial_velocity:
#       __class__: astropy.units.quantity.Quantity
#       unit: !astropy.units.Unit {unit: km / s}
#       value: !astropy.table.SerializedColumn {name: radial_velocity}
# schema: astropy-2.0
ra,dec,distance,pm_ra_cosdec,pm_dec,radial_velocity
[from data line 703]
160.5005246055514,-42.14163601294292,0.9999999999999987,-4.939124370470637,-8.127624852287141,1003.5299521526877
160.504422820451,-42.1320493168557,0.9999999999999988,-4.941528536353353,-8.132618528180458,1003.4954340301517
160.50832393972428,-42.12246389012598,0.9999999999999987,-4.943930156018318,-8.137610748846967,1003.4608324304997
160.51222795775192,-42.11287973081092,0.9999999999999987,-4.94632923406369,-8.142601515834102,1003.426147524862
160.5161348689184,-42.10329683696823,0.9999999999999988,-4.948725775088633,-8.147590830689367,1003.3913794843663
160.52004466761193,-42.09371520665605,0.9999999999999987,-4.951119783692896,-8.152578694960027,1003.3565284801426
160.52395734822466,-42.08413483793299,0.9999999999999989,-4.953511264477747,-8.157565110193502,1003.321594683319
160.52787290515246,-42.07455572885799,0.9999999999999988,-4.955900222044875,-8.162550077936885,1003.2865782650244
160.53179133279514,-42.06497787749051,0.9999999999999987,-4.958286660997217,-8.167533599737496,1003.2514793963885
160.53571262555616,-42.055401281890504,0.9999999999999989,-4.960670585938509,-8.172515677142329,1003.21629824854
160.53963677784282,-42.04582594011831,0.9999999999999988,-4.963052001473535,-8.177496311698462,1003.1810349926068
160.5435637840662,-42.03625185023479,0.999999999999999,-4.965430912207893,-8.182475504952976,1003.1456897997193
160.54749363864124,-42.0266790103011,0.9999999999999988,-4.9678073227482145,-8.187453258452777,1003.1102628410055
160.55142633598652,-42.01710741837901,0.9999999999999989,-4.970181237701922,-8.192429573744732,1003.0747542875943
160.5553618705245,-42.0075370725307,0.9999999999999989,-4.972552661677504,-8.197404452375736,1003.0391643106146
160.55930023668128,-41.99796797081883,0.999999999999999,-4.974921599284251,-8.202377895892653,1003.003493081196
160.56324142888684,-41.988400111306376,0.9999999999999989,-4.977288055132405,-8.207349905842293,1002.9677407704665
160.56718544157482,-41.97883349205696,0.9999999999999989,-4.979652033833126,-8.212320483771336,1002.9319075495561
160.57113226918267,-41.969268111134554,0.9999999999999988,-4.982013539998569,-8.217289631226734,1002.8959935895923
160.57508190615144,-41.95970396660368,0.9999999999999989,-4.984372578241555,-8.222257349755111,1002.8599990617055
160.57903434692608,-41.9501410565292,0.9999999999999988,-4.986729153176064,-8.227223640903063,1002.8239241370236
160.5829895859552,-41.94057937897651,0.9999999999999988,-4.989083269416888,-8.232188506217483,1002.7877689866758
160.586947617691,-41.931018932011504,0.9999999999999991,-4.991434931579633,-8.237151947244982,1002.7515337817913
160.5909084365896,-41.92145971370056,0.9999999999999991,-4.993784144280873,-8.242113965532226,1002.7152186934987
160.59487203711066,-41.91190172211034,0.9999999999999988,-4.996130912138064,-8.247074562625968,1002.6788238929266
160.5988384137176,-41.902344955308195,0.9999999999999989,-4.998475239769519,-8.252033740072903,1002.6423495512048
160.60280756087752,-41.89278941136184,0.9999999999999989,-5.000817131794506,-8.25699149941967,1002.6057958394614
160.6067794730612,-41.883235088339504,0.9999999999999987,-5.003156592833001,-8.26194784221299,1002.5691629288256
160.61075414474308,-41.87368198430992,0.9999999999999989,-5.0054936275061195,-8.266902769999575,1002.5324509904265
160.61473157040132,-41.864130097342134,0.9999999999999989,-5.007828240435515,-8.27185628432619,1002.4956601953932
160.61871174451775,-41.854579425505854,0.9999999999999989,-5.010160436244121,-8.276808386739589,1002.4587907148535
160.62269466157775,-41.84502996687118,0.9999999999999988,-5.012490219555353,-8.281759078786536,1002.4218427199376
160.6266803160705,-41.83548171950876,0.999999999999999,-5.01481759499373,-8.286708362013854,1002.384816381774
160.63066870248866,-41.82593468148957,0.9999999999999989,-5.017142567184479,-8.291656237968411,1002.3477118714911
160.63465981532872,-41.816388850885225,0.999999999999999,-5.019465140753809,-8.296602708197042,1002.3105293602188
160.63865364909066,-41.80684422576777,0.9999999999999988,-5.021785320328746,-8.301547774246643,1002.2732690190849
160.6426501982781,-41.797300804209776,0.9999999999999988,-5.024103110537126,-8.30649143766425,1002.2359310192188
160.6466494573984,-41.787758584284155,0.9999999999999988,-5.026418516007688,-8.311433699996826,1002.1985155317498
160.6506514209624,-41.77821756406446,0.9999999999999989,-5.028731541369872,-8.316374562791381,1002.1610227278065
160.65465608348458,-41.76867774162467,0.9999999999999988,-5.0310421912541585,-8.321314027595164,1002.1234527785178
160.65866343948312,-41.75913911503928,0.9999999999999989,-5.0333504702918574,-8.326252095955184,1002.0858058550127
160.6626734834796,-41.7496016823833,0.9999999999999989,-5.035656383114869,-8.331188769418816,1002.04808212842
160.66668620999945,-41.7400654417321,0.9999999999999988,-5.037959934356238,-8.336124049533183,1002.0102817698686
160.67070161357148,-41.730530391161686,0.999999999999999,-5.040261128649625,-8.341057937845761,1001.9724049504877
160.67471968872815,-41.7209965287485,0.9999999999999989,-5.042559970629533,-8.345990435904028,1001.9344518414057
160.67874043000546,-41.71146385256956,0.9999999999999988,-5.0448564649314775,-8.350921545255304,1001.8964226137521
160.68276383194305,-41.7019323607022,0.9999999999999988,-5.04715061619153,-8.355851267447377,1001.8583174386549
160.68678988908405,-41.69240205122441,0.9999999999999989,-5.049442429046728,-8.360779604027755,1001.8201364872443
160.69081859597523,-41.68287292221466,0.9999999999999988,-5.051731908134975,-8.36570655654424,1001.7818799306483
160.69484994716677,-41.67334497175192,0.999999999999999,-5.054019058094838,-8.370632126544805,1001.7435479399962
160.69888393721257,-41.66381819791555,0.999999999999999,-5.056303883565754,-8.375556315577128,1001.7051406864167
160.7029205606699,-41.65429259878556,0.9999999999999988,-5.058586389188058,-8.380479125189439,1001.6666583410388
160.70695981209968,-41.6447681724424,0.9999999999999989,-5.0608665796027665,-8.385400556929852,1001.6281010749915
160.71100168606625,-41.635244916967075,0.9999999999999989,-5.063144459451614,-8.3903206123465,1001.5894690594037
160.71504617713762,-41.625722830441006,0.999999999999999,-5.065420033377443,-8.395239292987654,1001.550762465404
160.71909327988516,-41.61620191094616,0.999999999999999,-5.067693306023543,-8.400156600402,1001.5119814641218
160.7231429888838,-41.60668215656508,0.999999999999999,-5.0699642820342135,-8.405072536137965,1001.4731262266857
160.72719529871208,-41.59716356538073,0.9999999999999988,-5.072232966054486,-8.409987101744221,1001.4341969242246
160.73125020395182,-41.58764613547672,0.9999999999999989,-5.074499362730073,-8.414900298769552,1001.3951937278676
160.73530769918852,-41.57812986493695,0.9999999999999989,-5.076763476707676,-8.419812128762885,1001.3561168087435
160.73936777901108,-41.56861475184601,0.999999999999999,-5.079025312634485,-8.424722593273287,1001.3169663379815
160.74343043801196,-41.559100794289,0.9999999999999989,-5.08128487515885,-8.42963169384987,1001.2777424867104
160.74749567078686,-41.54958799035151,0.9999999999999988,-5.083542168929483,-8.434539432042001,1001.2384454260584
160.7515634719353,-41.54007633811955,0.9999999999999988,-5.085797198596204,-8.43944580939916,1001.1990753271552
160.75563383605999,-41.53056583567979,0.9999999999999989,-5.088049968809273,-8.444350827470814,1001.1596323611296
160.7597067577672,-41.52105648111936,0.9999999999999989,-5.090300484220094,-8.449254487806868,1001.1201166991106
160.7637822316666,-41.511548272525985,0.9999999999999989,-5.0925487494805495,-8.45415679195699,1001.0805285122265
160.76786025237135,-41.50204120798774,0.9999999999999988,-5.094794769243279,-8.459057741471298,1001.0408679716071
160.7719408144981,-41.49253528559338,0.9999999999999989,-5.097038548161926,-8.463957337900027,1001.0011352483806
160.7760239126668,-41.48303050343215,0.9999999999999989,-5.099280090890538,-8.468855582793395,1000.9613305136763
160.7801095415009,-41.473526859593804,0.9999999999999989,-5.101519402084158,-8.473752477701936,1000.9214539386228
160.78419769562728,-41.46402435216868,0.9999999999999988,-5.1037564863985665,-8.478648024176366,1000.8815056943498
160.78828836967625,-41.4545229792475,0.9999999999999989,-5.105991348490122,-8.483542223767444,1000.8414859519849
160.79238155828148,-41.44502273892167,0.9999999999999989,-5.108223993016125,-8.488435078026114,1000.8013948826583
160.79647725608007,-41.43552362928305,0.9999999999999989,-5.110454424634355,-8.493326588503649,1000.7612326574982
160.80057545771245,-41.42602564842414,0.9999999999999988,-5.112682648003663,-8.498216756751319,1000.7209994476337
160.80467615782266,-41.41652879443773,0.9999999999999988,-5.114908667783368,-8.503105584320664,1000.6806954241937
160.80877935105786,-41.407033065417416,0.9999999999999989,-5.117132488633615,-8.507993072763355,1000.640320758307
160.81288503206878,-41.397538459457174,0.9999999999999988,-5.119354115215259,-8.512879223631302,1000.5998756211029
160.81699319550938,-41.38804497465161,0.9999999999999989,-5.121573552189844,-8.5177640384766,1000.55936018371
160.8211038360371,-41.37855260909575,0.9999999999999989,-5.123790804219695,-8.522647518851443,1000.5187746172569
160.82521694831277,-41.369061360885254,0.9999999999999989,-5.126005875967763,-8.527529666308368,1000.4781190928732
160.82933252700047,-41.3595712281163,0.9999999999999988,-5.1282187720979096,-8.53241048239994,1000.4373937816875
160.83345056676768,-41.35008220888566,0.9999999999999987,-5.130429497274434,-8.53728996867909,1000.3965988548285
160.83757106228526,-41.34059430129048,0.9999999999999989,-5.132638056162598,-8.542168126698883,1000.3557344834253
160.84169400822742,-41.331107503428605,0.9999999999999987,-5.134844453428151,-8.547044958012577,1000.3148008386073
160.8458193992716,-41.321621813398416,0.999999999999999,-5.137048693737654,-8.551920464173577,1000.2737980915027
160.8499472300987,-41.3121372292988,0.9999999999999989,-5.139250781758449,-8.556794646735682,1000.2327264132407
160.85407749539291,-41.30265374922922,0.9999999999999989,-5.141450722158417,-8.561667507252764,1000.19158597495
160.8582101898417,-41.2931713712896,0.9999999999999989,-5.143648519606202,-8.566539047278951,1000.1503769477599
160.86234530813593,-41.2836900935805,0.9999999999999988,-5.145844178771213,-8.571409268368583,1000.1090995027992
160.86648284496968,-41.27420991420303,0.9999999999999988,-5.148037704323315,-8.576278172076272,1000.0677538111967
160.87062279504036,-41.264730831258895,0.9999999999999989,-5.150229100933366,-8.581145759956712,1000.0263400440814
160.87476515304874,-41.25525284285015,0.9999999999999989,-5.152418373272624,-8.58601203356514,999.9848583725818
160.8789099136989,-41.24577594707962,0.9999999999999988,-5.154605526013292,-8.590876994456607,999.9433089678272
160.88305707169806,-41.23630014205061,0.9999999999999989,-5.156790563828061,-8.595740644186861,999.901692000947
160.88720662175686,-41.226825425867034,0.9999999999999989,-5.1589734913903555,-8.600602984311408,999.8600076430696
160.89135855858916,-41.21735179663317,0.999999999999999,-5.161154313374183,-8.605464016386435,999.8182560653239
160.89551287691214,-41.20787925245409,0.9999999999999988,-5.163333034454425,-8.610323741968102,999.7764374388383
160.89966957144622,-41.1984077914353,0.9999999999999989,-5.165509659306522,-8.615182162612896,999.7345519347426
160.903828636915,-41.18893741168296,0.9999999999999988,-5.16768419260643,-8.620039279877588,999.6925997241656
160.9079900680455,-41.17946811130363,0.9999999999999989,-5.169856639030996,-8.624895095319161,999.6505809782359
160.9121538595679,-41.16999988840456,0.9999999999999987,-5.172027003257554,-8.62974961049487,999.6084958680824
160.9163200062156,-41.16053274109353,0.999999999999999,-5.174195289964324,-8.63460282696228,999.5663445648341
160.9204885027253,-41.1510666674789,0.999999999999999,-5.176361503829824,-8.6394547462791,999.5241272396198
160.92465934383688,-41.14160166566964,0.999999999999999,-5.1785256495335545,-8.644305370003451,999.481844063569
160.92883252429354,-41.13213773377509,0.999999999999999,-5.180687731755448,-8.649154699693653,999.4394952078096
160.9330080388416,-41.12267486990539,0.999999999999999,-5.1828477551762475,-8.654002736908197,999.3970808434717
160.93718588223064,-41.11321307217113,0.9999999999999989,-5.185005724477101,-8.658849483206112,999.3546011416835
160.94136604921349,-41.103752338683535,0.9999999999999989,-5.187161644340151,-8.66369494014647,999.3120562735737
160.94554853454616,-41.094292667554285,0.999999999999999,-5.18931551944781,-8.668539109288645,999.2694464102718
160.94973333298785,-41.08483405689573,0.9999999999999989,-5.191467354483301,-8.673381992192489,999.2267717229064
160.953920439301,-41.075376504820774,0.9999999999999991,-5.193617154130493,-8.678223590417915,999.1840323826067
160.95810984825115,-41.06592000944296,0.999999999999999,-5.195764923073888,-8.683063905525216,999.141228560501
160.9623015546072,-41.05646456887621,0.9999999999999989,-5.197910665998471,-8.687902939075016,999.0983604277183
160.96649555314107,-41.04701018123521,0.999999999999999,-5.200054387590043,-8.692740692628192,999.0554281553883
160.97069183862794,-41.03755684463515,0.9999999999999989,-5.202196092534862,-8.69757716774592,999.0124319146397
160.97489040584614,-41.02810455719181,0.999999999999999,-5.204335785519923,-8.702412365989716,998.969371876601
160.97909124957715,-41.01865331702161,0.999999999999999,-5.206473471232805,-8.707246288921326,998.9262482124011
160.98329436460565,-41.00920312224135,0.999999999999999,-5.208609154361575,-8.712078938102806,998.8830610931689
160.98749974571948,-40.99975397096863,0.999999999999999,-5.210742839595113,-8.716910315096655,998.8398106900339
160.99170738770962,-40.99030586132153,0.999999999999999,-5.212874531622859,-8.721740421465611,998.7964971741244
160.99591728537013,-40.98085879141878,0.9999999999999992,-5.215004235134572,-8.726569258772571,998.7531207165696
161.00012943349836,-40.97141275937953,0.9999999999999991,-5.217131954821085,-8.731396828581055,998.7096814884984
161.00434382689468,-40.96196776332373,0.9999999999999989,-5.21925769537345,-8.73622313245454,998.6661796610395
161.00856046036267,-40.95252380137174,0.9999999999999989,-5.221381461483595,-8.74104817195726,998.6226154053221
161.0127793287089,-40.94308087164469,0.999999999999999,-5.223503257843774,-8.745871948653317,998.5789888924747
161.01700042674318,-40.93363897226404,0.999999999999999,-5.225623089146893,-8.750694464107468,998.5353002936268
161.0212237492785,-40.92419810135207,0.9999999999999989,-5.227740960086692,-8.755515719884741,998.4915497799068
161.02544929113085,-40.91475825703154,0.9999999999999989,-5.229856875357228,-8.760335717550404,998.4477375224442
161.02967704711932,-40.90531943742584,0.9999999999999988,-5.231970839653201,-8.765154458670068,998.4038636923675
161.03390701206612,-40.89588164065898,0.9999999999999989,-5.234082857669982,-8.769971944809797,998.3599284608056
161.03813918079663,-40.886444864855406,0.999999999999999,-5.236192934103343,-8.774788177535896,998.3159319988873
161.04237354813927,-40.87700910814034,0.999999999999999,-5.238301073649872,-8.779603158415028,998.2718744777419
161.0466101089255,-40.86757436863951,0.9999999999999991,-5.240407281006533,-8.784416889014324,998.2277560684983
161.05084885798993,-40.8581406444793,0.9999999999999991,-5.242511560870952,-8.789229370901168,998.1835769422848
161.05508979017026,-40.84870793378657,0.9999999999999991,-5.244613917941216,-8.794040605643104,998.139337270231
161.0593329003072,-40.83927623468889,0.9999999999999991,-5.2467143569161365,-8.798850594808343,998.0950372234657
161.06357818324457,-40.82984554531438,0.9999999999999991,-5.248812882495002,-8.80365933996542,998.0506769731174
161.06782563382924,-40.82041586379182,0.9999999999999988,-5.250909499377656,-8.808466842683018,998.0062566903152
161.07207524691114,-40.81098718825045,0.999999999999999,-5.25300421226445,-8.813273104530325,997.9617765461885
