galstreams/tracks/track.st.NGC3201-Gjoll.ibata2021.ecsv
# %ECSV 0.9
# ---
# datatype:
# - {name: ra, unit: deg, datatype: float64}
# - {name: dec, unit: deg, datatype: float64}
# - {name: distance, unit: kpc, datatype: float64}
# - {name: pm_ra_cosdec, unit: mas / yr, datatype: float64}
# - {name: pm_dec, unit: mas / yr, datatype: float64}
# - {name: radial_velocity, unit: km / s, datatype: float64}
# delimiter: ','
# meta: !!omap
# - __serialized_columns__:
#     dec:
#       __class__: astropy.coordinates.angles.Latitude
#       unit: &id001 !astropy.units.Unit {unit: deg}
#       value: !astropy.table.SerializedColumn {name: dec}
#     distance:
#       __class__: astropy.coordinates.distances.Distance
#       unit: !astropy.units.Unit {unit: kpc}
#       value: !astropy.table.SerializedColumn {name: distance}
#     pm_dec:
#       __class__: astropy.units.quantity.Quantity
#       unit: !astropy.units.Unit {unit: mas / yr}
#       value: !astropy.table.SerializedColumn {name: pm_dec}
#     pm_ra_cosdec:
#       __class__: astropy.units.quantity.Quantity
#       unit: !astropy.units.Unit {unit: mas / yr}
#       value: !astropy.table.SerializedColumn {name: pm_ra_cosdec}
#     ra:
#       __class__: astropy.coordinates.angles.Longitude
#       unit: *id001
#       value: !astropy.table.SerializedColumn {name: ra}
#       wrap_angle: !astropy.coordinates.Angle
#         unit: *id001
#         value: 360.0
#     radial_velocity:
#       __class__: astropy.units.quantity.Quantity
#       unit: !astropy.units.Unit {unit: km / s}
#       value: !astropy.table.SerializedColumn {name: radial_velocity}
# schema: astropy-2.0
ra,dec,distance,pm_ra_cosdec,pm_dec,radial_velocity
[from data line 1636]
76.65641123078953,-9.05858980242997,3.4776201310624786,22.64360313767016,-23.416222207130062,-1.9367764398706378e-13
76.66381928611206,-9.065413773471604,3.4774337681595484,22.64534923923112,-23.41739518789921,-2.610437810260425e-13
76.67122768911908,-9.072237524518927,3.4772475106202783,22.647093979460205,-23.41856595078433,-2.3578147963642546e-13
76.67863643998349,-9.079061055498034,3.477061358419525,22.648837358697445,-23.419734496132495,-2.1051917824680845e-13
76.68604553887826,-9.08588436633503,3.476875311532144,22.650579377282785,-23.42090082429094,-2.020984111169361e-13
76.6934549859763,-9.092707456955985,3.4766893699329886,22.652320035556013,-23.422064935606983,-1.2631150694808508e-13
76.70086478145059,-9.099530327286958,3.4765035335969148,22.654059333856758,-23.423226830428025,-1.768361097273191e-13
76.70827492547409,-9.106352977253987,3.476317802498778,22.655797272524495,-23.4243865091016,-2.2736071250655313e-13
76.71568541821978,-9.113175406783105,3.476132176613433,22.657533851898588,-23.425543971975333,-2.1893994537668078e-13
76.72309625986064,-9.119997615800319,3.4759466559157355,22.659269072318228,-23.42669921939695,-2.442022467662978e-13
76.73050745056972,-9.126819604231612,3.47576124038054,22.661002934122468,-23.427852251714288,-1.8525687685719145e-13
76.73791899052,-9.133641372002963,3.4755759299827,22.662735437650234,-23.42900306927528,-1.6841534259744677e-13
76.74533087988452,-9.140462919040324,3.475390724697074,22.66446658324027,-23.430151672427954,-2.442022467662978e-13
76.75274311883634,-9.147284245269633,3.4752056244985146,22.66619637123123,-23.431298061520476,-1.8525687685719145e-13
76.76015570754849,-9.154105350616815,3.475020629361879,22.66792480196156,-23.432442236901057,-1.8525687685719145e-13
76.76756864619406,-9.160926235007771,3.4748357392620193,22.669651875769624,-23.433584198918073,-2.1051917824680845e-13
76.77498193494613,-9.16774689836839,3.4746509541737924,22.671377592993597,-23.43472394791996,-1.8525687685719145e-13
76.78239557397778,-9.174567340624536,3.474466274072054,22.673101953971532,-23.43586148425527,-2.610437810260425e-13
76.78980956346213,-9.18138756170207,3.4742816989316583,22.674824959041313,-23.436996808272664,-2.442022467662978e-13
76.7972239035723,-9.188207561526816,3.4740972287274614,22.67654660854071,-23.438129920320886,-2.694645481559148e-13
76.80463859448145,-9.195027340024643,3.473912863434316,22.67826690280736,-23.439260820748817,-2.5262301389617017e-13
76.81205363636262,-9.201846897121225,3.47372860302708,22.6799858421787,-23.44038950990542,-1.4315304120782974e-13
76.8194690293891,-9.208666232742496,3.4735444474806068,22.681703426992065,-23.441515988139734,-2.1893994537668078e-13
76.82688477373394,-9.215485346814123,3.473360396769751,22.68341965758465,-23.44264025580097,-1.9367764398706378e-13
76.83430086957038,-9.22230423926188,3.4731764508693694,22.685134534293468,-23.443762313238366,-2.020984111169361e-13
76.84171731707163,-9.2291229100115,3.472992609754317,22.68684805745543,-23.444882160801306,-1.6841534259744677e-13
76.84913411641087,-9.235941358988693,3.4728088733994484,22.68856022740728,-23.44599979883927,-1.8525687685719145e-13
76.8565512677613,-9.242759586119165,3.4726252417796175,22.690271044485648,-23.44711522770185,-1.4315304120782974e-13
76.8639687712962,-9.249577591328585,3.4724417148696816,22.691980509026955,-23.448228447738696,-1.768361097273191e-13
76.87138662718877,-9.256395374542626,3.4722582926444936,22.69368862136756,-23.449339459299622,-2.020984111169361e-13
76.87880483561229,-9.263212935686923,3.4720749750789097,22.695395381843603,-23.4504482627345,-1.515738083377021e-13
76.88622339674002,-9.270030274687103,3.471891762147785,22.69710079079114,-23.451554858393337,-2.1893994537668078e-13
76.89364231074525,-9.276847391468783,3.471708653825975,22.698804848546047,-23.45265924662621,-1.8525687685719145e-13
76.90106157780126,-9.283664285957546,3.471525650088335,22.70050755544407,-23.453761427783302,-2.5262301389617017e-13
76.90848119808138,-9.290480958078978,3.4713427509097188,22.702208911820808,-23.454861402214927,-2.020984111169361e-13
76.91590117175889,-9.297297407758629,3.471159956264982,22.703908918011734,-23.455959170271495,-1.8525687685719145e-13
76.92332149900716,-9.304113634922045,3.4709772661289797,22.705607574352143,-23.457054732303483,-2.020984111169361e-13
76.93074217999951,-9.310929639494738,3.4707946804765686,22.70730488117721,-23.458148088661513,-2.3578147963642546e-13
76.93816321490932,-9.317745421402227,3.4706121992826,22.70900083882196,-23.459239239696277,-1.9367764398706378e-13
76.94558460390995,-9.324560980569993,3.470429822521933,22.710695447621287,-23.460328185758595,-1.9367764398706378e-13
76.95300634717476,-9.331376316923508,3.470247550169421,22.712388707909913,-23.46141492719937,-2.1051917824680845e-13
76.96042844487718,-9.338191430388227,3.4700653821999192,22.714080620022443,-23.462499464369618,-1.768361097273191e-13
76.9678508971906,-9.345006320889578,3.4698833185882827,22.71577118429333,-23.46358179762044,-1.8525687685719145e-13
76.97527370428844,-9.351820988352992,3.4697013593093664,22.7174604010569,-23.464661927303073,-2.3578147963642546e-13
76.98269686634413,-9.358635432703869,3.469519504338025,22.7191482706473,-23.465739853768827,-1.0946997268834039e-13
76.99012038353112,-9.365449653867579,3.469337753649115,22.72083479339856,-23.46681557736913,-1.6841534259744677e-13
76.99754425602286,-9.372263651769506,3.46915610721749,22.722519969644555,-23.467889098455494,-1.1789073981821273e-13
77.00496848399283,-9.379077426334986,3.4689745650180064,22.72420379971903,-23.468960417379556,-2.1051917824680845e-13
77.01239306761451,-9.385890977489359,3.468793127025518,22.725886283955575,-23.470029534493026,-1.4315304120782974e-13
77.01981800706139,-9.392704305157935,3.468611793214881,22.727567422687645,-23.47109645014775,-2.2736071250655313e-13
77.027243302507,-9.399517409266009,3.4684305635609496,22.72924721624856,-23.47216116469565,-1.5999457546757442e-13
77.03466895412488,-9.406330289738909,3.46824943803858,22.73092566497145,-23.47322367848875,-1.1789073981821273e-13
77.0420949620885,-9.413142946501804,3.4680684166226268,22.73260276918938,-23.4742839918792,-1.515738083377021e-13
77.04952132657142,-9.419955379479985,3.467887499287946,22.7342785292352,-23.475342105219234,-1.5999457546757442e-13
77.05694804774723,-9.426767588598686,3.4677066860093886,22.73595294544165,-23.476398018861182,-1.4315304120782974e-13
77.06437512578947,-9.433579573783106,3.467525976761815,22.73762601814134,-23.477451733157487,-1.0946997268834039e-13
77.07180256087175,-9.44039133495844,3.4673453715200773,22.73929774766671,-23.478503248460697,-1.5999457546757442e-13
77.07923035316767,-9.447202872049866,3.4671648702590323,22.740968134350073,-23.47955256512345,-1.4315304120782974e-13
77.08665850285082,-9.454014184982537,3.4669844729535337,22.742637178523584,-23.480599683498475,-1.5999457546757442e-13
77.09408701009484,-9.460825273681595,3.4668041795784363,22.744304880519277,-23.481644603938648,-1.9367764398706378e-13
77.10151587507336,-9.467636138072166,3.4666239901085967,22.745971240669025,-23.482687326796892,-1.515738083377021e-13
77.10894509796003,-9.474446778079347,3.46644390451887,22.74763625930458,-23.483727852426266,-1.768361097273191e-13
77.11637467892851,-9.481257193628226,3.466263922784109,22.749299936757527,-23.48476618117994,-1.8525687685719145e-13
77.12380461815248,-9.488067384643877,3.4660840448791714,22.750962273359306,-23.485802313411128,-1.5999457546757442e-13
77.1312349158056,-9.494877351051349,3.4659042707789114,22.752623269441255,-23.48683624947321,-2.1893994537668078e-13
77.1386655720616,-9.501687092775681,3.465724600458184,22.75428292533453,-23.487867989719646,-2.3578147963642546e-13
77.14609658709419,-9.508496609741888,3.465545033891844,22.755941241370156,-23.48889753450398,-1.9367764398706378e-13
77.15352796107709,-9.515305901874965,3.465365571054747,22.757598217879003,-23.489924884179867,-1.768361097273191e-13
77.16095969418403,-9.522114969099901,3.4651862119217474,22.75925385519183,-23.49095003910108,-1.6841534259744677e-13
77.16839178658876,-9.528923811341658,3.465006956467702,22.760908153639217,-23.49197299962146,-2.1893994537668078e-13
77.17582423846505,-9.535732428525185,3.464827804667463,22.76256111355165,-23.492993766095,-2.1051917824680845e-13
77.18325704998671,-9.542540820575406,3.464648756495888,22.76421273525942,-23.494012338875738,-1.9367764398706378e-13
77.19069022132746,-9.549348987417238,3.464469811927831,22.765863019092713,-23.49502871831785,-2.2736071250655313e-13
77.19812375266116,-9.556156928975573,3.4642909709381478,22.76751196538154,-23.496042904775603,-1.8525687685719145e-13
77.20555764416159,-9.562964645175292,3.4641122335016927,22.769159574455806,-23.49705489860336,-1.4315304120782974e-13
77.21299189600259,-9.56977213594125,3.463933599593321,22.770805846645246,-23.498064700155584,-2.1893994537668078e-13
77.22042650835802,-9.57657940119829,3.463755069187889,22.77245078227946,-23.499072309786854,-1.5999457546757442e-13
77.2278614814017,-9.583386440871235,3.4635766422602505,22.77409438168793,-23.500077727851842,-1.8525687685719145e-13
77.2352968153075,-9.590193254884893,3.463398318785261,22.77573664519995,-23.501080954705316,-2.020984111169361e-13
77.24273251024934,-9.596999843164054,3.4632200987377746,22.777377573144722,-23.502081990702145,-2.1051917824680845e-13
77.25016856640113,-9.603806205633532,3.4630419820926477,22.779017165851275,-23.50308083619732,-1.4315304120782974e-13
77.25760498393666,-9.610612342217996,3.462863968824735,22.780655423648483,-23.50407749154589,-1.8525687685719145e-13
77.26504176302993,-9.617418252842223,3.4626860589088917,22.78229234686512,-23.505071957103045,-1.9367764398706378e-13
77.27247890385486,-9.624223937430934,3.462508252319974,22.783927935829787,-23.506064233224066,-1.9367764398706378e-13
77.27991640658539,-9.63102939590883,3.462330549032834,22.78556219087095,-23.507054320264324,-1.9367764398706378e-13
77.28735427139547,-9.637834628200594,3.4621529490223284,22.787195112316958,-23.508042218579302,-1.515738083377021e-13
77.29479249845907,-9.644639634230888,3.461975452263313,22.788826700495967,-23.509027928524578,-1.768361097273191e-13
77.3022310879502,-9.651444413924368,3.461798058730643,22.79045695573604,-23.510011450455835,-1.4315304120782974e-13
77.30967004004283,-9.658248967205655,3.461620768399173,22.79208587836506,-23.510992784728835,-2.020984111169361e-13
77.31710935491098,-9.665053293999376,3.4614435812437567,22.793713468710806,-23.511971931699488,-1.5999457546757442e-13
77.32454903272865,-9.671857394230114,3.4612664972392517,22.795339727100885,-23.51294889172376,-1.9367764398706378e-13
77.3319890736699,-9.678661267822454,3.461089516360512,22.796964653862783,-23.51392366515774,-1.8525687685719145e-13
77.33942947790878,-9.68546491470095,3.4609126385823914,22.798588249323842,-23.514896252357612,-1.515738083377021e-13
77.34687024561931,-9.69226833479015,3.460735863879747,22.800210513811233,-23.515866653679666,-1.9367764398706378e-13
77.35431137697562,-9.699071528014573,3.460559192227434,22.801831447652024,-23.516834869480267,-1.4315304120782974e-13
77.36175287215174,-9.705874494298735,3.4603826236003057,22.803451051173127,-23.51780090011592,-1.9367764398706378e-13
77.36919473132183,-9.712677233567115,3.460206157973217,22.805069324701325,-23.518764745943212,-1.347322740779574e-13
77.37663695465994,-9.719479745744195,3.460029795321025,22.806686268563222,-23.519726407318814,-1.347322740779574e-13
77.38407954234023,-9.726282030754422,3.459853535618584,22.808301883085317,-23.52068588459953,-2.2736071250655313e-13
77.39152249453683,-9.733084088522238,3.4596773788407504,22.809916168593947,-23.521643178142234,-1.2631150694808508e-13
77.3989658114239,-9.739885918972057,3.459501324962376,22.811529125415348,-23.52259828830393,-1.347322740779574e-13
77.40640949317559,-9.746687522028283,3.4593253739583187,22.813140753875558,-23.523551215441692,-2.2736071250655313e-13
77.4138535399661,-9.753488897615297,3.4591495258034315,22.814751054300515,-23.524501959912733,-1.8525687685719145e-13
77.4212979519696,-9.760290045657468,3.458973780472572,22.81636002701598,-23.52545052207431,-1.1789073981821273e-13
77.4287427293603,-9.767090966079143,3.458798137940594,22.81796767234761,-23.526396902283835,-2.020984111169361e-13
77.4361878723124,-9.773891658804658,3.4586225981823517,22.81957399062091,-23.527341100898788,-2.1051917824680845e-13
77.44363338100017,-9.780692123758312,3.4584471611727015,22.821178982161232,-23.528283118276768,-1.4315304120782974e-13
77.4510792555978,-9.78749236086441,3.4582718268864987,22.822782647293803,-23.529222954775456,-1.5999457546757442e-13
77.45852549627959,-9.794292370047225,3.458096595298597,22.824384986343684,-23.530160610752656,-1.8525687685719145e-13
77.46597210321983,-9.80109215123106,3.457921466383853,22.825985999635826,-23.53109608656624,-1.8525687685719145e-13
77.47341907659268,-9.807891704340038,3.4577464401171207,22.82758568749502,-23.532029382574233,-1.9367764398706378e-13
77.48086641657261,-9.81469102929854,3.4575715164732546,22.829184050245924,-23.532960499134692,-1.5999457546757442e-13
77.48831412333378,-9.821490126030652,3.4573966954271125,22.830781088213055,-23.53388943660582,-1.5999457546757442e-13
77.49576219705058,-9.82828899446061,3.4572219769535466,22.832376801720777,-23.53481619534592,-1.0946997268834039e-13
77.50321063789733,-9.835087634512565,3.4570473610274135,22.833971191093326,-23.53574077571336,-1.2631150694808508e-13
77.51065944604836,-9.841886046110693,3.456872847623569,22.835564256654806,-23.536663178066657,-1.5999457546757442e-13
77.51810862167807,-9.848684229179115,3.456698436716866,22.837155998729155,-23.537583402764387,-1.9367764398706378e-13
77.5255581649608,-9.855482183641959,3.4565241282821613,22.8387464176402,-23.53850145016525,-1.9367764398706378e-13
77.53300807607096,-9.862279909423316,3.4563499222943106,22.840335513711597,-23.539417320628036,-1.768361097273191e-13
77.54045835518293,-9.869077406447277,3.4561758187281657,22.841923287266898,-23.540331014511636,-1.0946997268834039e-13
77.54790900247114,-9.875874674637892,3.4560018175585854,22.843509738629464,-23.541242532175037,-2.1051917824680845e-13
77.55536001811001,-9.882671713919219,3.4558279187604226,22.845094868122562,-23.542151873977332,-1.5999457546757442e-13
77.56281140227397,-9.889468524215284,3.4556541223085335,22.846678676069303,-23.543059040277722,-2.020984111169361e-13
77.5702631551375,-9.896265105450096,3.4554804281777733,22.848261162792646,-23.543964031435486,-1.2631150694808508e-13
77.57771527687501,-9.903061457547649,3.4553068363429955,22.84984232861544,-23.544866847810027,-1.8525687685719145e-13
77.58516776766103,-9.909857580431925,3.455133346779056,22.85142217386036,-23.545767489760827,-1.1789073981821273e-13
77.59262062767004,-9.916653474026871,3.4549599594608122,22.85300069884994,-23.546665957647463,-1.8525687685719145e-13
77.60007385707655,-9.923449138256428,3.454786674363116,22.854577903906627,-23.547562251829657,-1.8525687685719145e-13
77.60752745605507,-9.93024457304453,3.4546134914608233,22.856153789352643,-23.54845637266717,-1.347322740779574e-13
77.61498142478013,-9.937039778315059,3.4544404107287905,22.857728355510154,-23.549348320519904,-1.6841534259744677e-13
77.62243576342627,-9.943834753991924,3.4542674321418714,22.859301602701134,-23.550238095747854,-1.4315304120782974e-13
77.62989047216806,-9.950629499998977,3.4540945556749216,22.860873531247428,-23.551125698711097,-1.347322740779574e-13
77.63734555118005,-9.957424016260076,3.4539217813027956,22.86244414147075,-23.552011129769813,-1.6841534259744677e-13
77.64480100063685,-9.964218302699056,3.4537491090003494,22.864013433692673,-23.55289438928433,-2.3578147963642546e-13
77.65225682071306,-9.971012359239726,3.4535765387424386,22.865581408234597,-23.553775477614973,-1.347322740779574e-13
