galstreams/tracks/track.st.NGC2808.ibata2021.ecsv
# %ECSV 0.9
# ---
# datatype:
# - {name: ra, unit: deg, datatype: float64}
# - {name: dec, unit: deg, datatype: float64}
# - {name: distance, unit: kpc, datatype: float64}
# - {name: pm_ra_cosdec, unit: mas / yr, datatype: float64}
# - {name: pm_dec, unit: mas / yr, datatype: float64}
# - {name: radial_velocity, unit: km / s, datatype: float64}
# delimiter: ','
# meta: !!omap
# - __serialized_columns__:
#     dec:
#       __class__: astropy.coordinates.angles.Latitude
#       unit: &id001 !astropy.units.Unit {unit: deg}
#       value: !astropy.table.SerializedColumn {name: dec}
#     distance:
#       __class__: astropy.coordinates.distances.Distance
#       unit: !astropy.units.Unit {unit: kpc}
#       value: !astropy.table.SerializedColumn {name: distance}
#     pm_dec:
#       __class__: astropy.units.quantity.Quantity
#       unit: !astropy.units.Unit {unit: mas / yr}
#       value: !astropy.table.SerializedColumn {name: pm_dec}
#     pm_ra_cosdec:
#       __class__: astropy.units.quantity.Quantity
#       unit: !astropy.units.Unit {unit: mas / yr}
#       value: !astropy.table.SerializedColumn {name: pm_ra_cosdec}
#     ra:
#       __class__: astropy.coordinates.angles.Longitude
#       unit: *id001
#       value: !astropy.table.SerializedColumn {name: ra}
#       wrap_angle: !astropy.coordinates.Angle
#         unit: *id001
#         value: 360.0
#     radial_velocity:
#       __class__: astropy.units.quantity.Quantity
#       unit: !astropy.units.Unit {unit: km / s}
#       value: !astropy.table.SerializedColumn {name: radial_velocity}
# schema: astropy-2.0
ra,dec,distance,pm_ra_cosdec,pm_dec,radial_velocity
[from data line 273]
127.37605417876217,-59.42805929066834,4.907110118831872,5.230515347108472,-2.965072924652082,-4.631421921429786e-14
127.38855523692479,-59.43578950261367,4.916424602590751,5.228909716144029,-2.961402030410788,-3.789345208442552e-14
127.40106233713466,-59.44351839432626,4.925727451706792,5.22730118651611,-2.957732960509999,-2.947268495455318e-14
127.41357547926476,-59.45124596621454,4.93501866911858,5.225689763418131,-2.9540657179860235,-5.0524602779234026e-14
127.42609466318854,-59.458972218687684,4.944298257764706,5.224075452046053,-2.9504003058729085,-5.894536990910637e-14
127.43861988877961,-59.46669715215539,4.953566220583762,5.222458257598393,-2.946736727202452,-4.631421921429786e-14
127.45115115591172,-59.47442076702777,4.962822560514335,5.220838185276203,-2.9430749850042166,-5.0524602779234026e-14
127.46368846445898,-59.482143063715625,4.97206728049501,5.219215240283103,-2.939415082305488,-3.368306851948935e-14
127.47623181429573,-59.48986404263031,4.981300383464379,5.217589427825255,-2.935757022131289,-5.4734986344170195e-14
127.4887812052964,-59.49758370418362,4.9905218723610325,5.215960753111365,-2.9321008075043693,-4.631421921429786e-14
127.50133663733592,-59.50530204878807,4.999731750123557,5.214329221352713,-2.928446441445185,-2.947268495455318e-14
127.51389811028922,-59.51301907685653,5.008930019690539,5.212694837763123,-2.924793926971925,-2.5262301389617013e-14
127.5264656240316,-59.5207347888026,5.018116684000574,5.211057607558978,-2.921143267100469,-5.4734986344170195e-14
127.53903917843868,-59.52844918504044,5.027291745992247,5.209417535959227,-2.9174944648443866,-6.315575347404254e-14
127.55161877338614,-59.536162265984586,5.036455208604147,5.207774628185367,-2.9138475232149603,-4.631421921429786e-14
127.56420440875004,-59.54387403205033,5.045607074774862,5.2061288894614695,-2.91020244522114,-4.631421921429786e-14
127.57679608440678,-59.55158448365351,5.054747347442984,5.204480325014166,-2.9065592338695527,-1.6841534259744676e-14
127.5893938002328,-59.55929362121033,5.063876029547099,5.202828940072648,-2.9029178921645107,-2.1051917824680846e-14
127.6019975561049,-59.567001445137755,5.0729931240257935,5.201174739868678,-2.8992784231079822,-4.210383564936169e-14
127.61460735190033,-59.57470795585334,5.082098633817663,5.199517729636586,-2.8956408296995755,-2.947268495455318e-14
127.62722318749623,-59.58241315377499,5.091192561861294,5.197857914613264,-2.8920051149365817,-4.210383564936169e-14
127.63984506277038,-59.5901170393214,5.100274911095272,5.196195300038195,-2.8883712818139067,-5.4734986344170195e-14
127.65247297760052,-59.597819612911664,5.109345684458188,5.194529891153403,-2.884739333324112,-3.789345208442552e-14
127.6651069318649,-59.605520874965535,5.118404884888632,5.192861693203511,-2.8811092724573752,-3.368306851948935e-14
127.67774692544197,-59.61322082590337,5.127452515325192,5.191190711435711,-2.877481102201501,-4.210383564936169e-14
127.69039295821031,-59.62091946614595,5.136488578706457,5.18951695109976,-2.8738548255419185,-5.0524602779234026e-14
127.70304503004898,-59.62861679611478,5.145513077971016,5.187840417448003,-2.870230445461651,-2.947268495455318e-14
127.71570314083733,-59.63631281623187,5.154526016057456,5.186161115735366,-2.8666079649413287,-2.5262301389617013e-14
127.72836729045471,-59.644007526919744,5.163527395904368,5.184479051219343,-2.8629873869591935,-4.631421921429786e-14
127.74103747878105,-59.65170092860161,5.1725172204503425,5.182794229160021,-2.859368714491051,-5.0524602779234026e-14
127.75371370569655,-59.65939302170121,5.181495492633964,5.18110665482007,-2.855751950510296,-5.894536990910637e-14
127.76639597108147,-59.667083806642786,5.190462215393824,5.179416333464733,-2.8521370979879106,-5.894536990910637e-14
127.77908427481665,-59.674773283851295,5.19941739166851,5.177723270361851,-2.848524159892425,-2.1051917824680846e-14
127.79177861678288,-59.682461453752076,5.208361024396613,5.176027470781842,-2.844913139189954,-7.157652060391487e-14
127.80447899686159,-59.690148316771264,5.217293116516723,5.17432893999772,-2.841304038844142,-3.368306851948935e-14
127.8171854149344,-59.69783387333544,5.2262136709674225,5.172627683285088,-2.837696861816191,-4.210383564936169e-14
127.82989787088306,-59.70551812387174,5.235122690687309,5.170923705922132,-2.834091611064851,-2.947268495455318e-14
127.84261636458983,-59.71320106880797,5.244020178614964,5.169217013189639,-2.8304882895463925,-2.947268495455318e-14
127.85534089593725,-59.720882708572496,5.252906137688979,5.167507610370988,-2.826886900214614,-5.0524602779234026e-14
127.86807146480798,-59.72856304359418,5.261780570847944,5.165795502752143,-2.8232874460208457,-5.4734986344170195e-14
127.8808080710853,-59.7362420743026,5.270643481030447,5.164080695621683,-2.8196899299139124,-4.210383564936169e-14
127.89355071465242,-59.74391980112778,5.279494871175078,5.162363194270764,-2.8160943548401653,-4.210383564936169e-14
127.9062993953932,-59.7515962245004,5.288334744220423,5.160643003993152,-2.812500723743435,-5.4734986344170195e-14
127.91905411319175,-59.7592713448518,5.297163103105075,5.158920130085214,-2.808909039565046,-5.894536990910637e-14
127.93181486793229,-59.76694516261371,5.305979950767621,5.157194577845913,-2.8053193052438257,-4.210383564936169e-14
127.94458165949955,-59.77461767821861,5.314785290146645,5.155466352576816,-2.801731523716063,-2.947268495455318e-14
127.95735448777862,-59.78228889209956,5.323579124180744,5.153735459582096,-2.7981456979155146,-3.789345208442552e-14
127.97013335265471,-59.78995880469005,5.332361455808502,5.152001904168525,-2.794561830773419,-4.631421921429786e-14
127.98291825401354,-59.797627416424355,5.3411322879685095,5.150265691645487,-2.790979925218455,-2.1051917824680846e-14
127.99570919174114,-59.805294727737255,5.349891623599354,5.148526827324973,-2.787399984176758,-5.894536990910637e-14
128.00850616572376,-59.812960739064074,5.358639465639627,5.1467853165215764,-2.783822010571908,-2.947268495455318e-14
128.02130917584816,-59.820625450840836,5.367375817027916,5.14504116455251,-2.780246007324918,-2.5262301389617013e-14
128.03411822200113,-59.828288863504,5.376100680702808,5.143294376737587,-2.7766719773542374,-5.894536990910637e-14
128.0469333040702,-59.83595097749077,5.384814059602895,5.141544958399241,-2.7730999235757268,-2.947268495455318e-14
128.059754421943,-59.84361179323892,5.393515956666764,5.13979291486252,-2.7695298489026645,-3.789345208442552e-14
128.07258157550748,-59.85127131118671,5.402206374833003,5.138038251455075,-2.7659617562457512,-2.947268495455318e-14
128.08541476465203,-59.85892953177307,5.410885317040203,5.136280973507185,-2.7623956485130745,-6.73661370389787e-14
128.09825398926543,-59.86658645543762,5.419552786226954,5.134521086351745,-2.758831528610109,-4.210383564936169e-14
128.11109924923664,-59.87424208262036,5.428208785331839,5.132758595324258,-2.755269399439745,-2.947268495455318e-14
128.1239505444551,-59.88189641376206,5.436853317293454,5.1309935057628575,-2.7517092639022276,-3.789345208442552e-14
128.1368078748107,-59.88954944930406,5.445486385050383,5.129225823008289,-2.748151124895182,-5.4734986344170195e-14
128.14967124019338,-59.89720118968822,5.454107991541218,5.127455552403925,-2.7445949853136065,-4.631421921429786e-14
128.16254064049383,-59.90485163535712,5.462718139704546,5.125682699295764,-2.7410408480498476,-4.210383564936169e-15
128.17541607560267,-59.91250078675379,5.471316832478953,5.123907269032419,-2.737488715993626,-3.368306851948935e-14
128.18829754541127,-59.920148644322,5.479904072803038,5.122129266965129,-2.733938592031981,-4.210383564936169e-14
128.20118504981124,-59.927795208506105,5.488479863615378,5.120348698447774,-2.7303904790492988,-5.0524602779234026e-14
128.21407858869443,-59.935440479750945,5.497044207854569,5.118565568836837,-2.7268443799273117,-4.210383564936169e-14
128.22697816195318,-59.94308445850208,5.505597108459197,5.116779883491453,-2.7233002975450606,-7.578690416885104e-14
128.23988376948034,-59.95072714520572,5.514138568367851,5.114991647773373,-2.719758234778901,-2.947268495455318e-14
128.25279541116873,-59.95836854030846,5.522668590519123,5.1132008670469755,-2.7162181945025217,-5.0524602779234026e-14
128.26571308691203,-59.96600864425774,5.531187177851597,5.1114075466792865,-2.7126801795868927,-3.789345208442552e-14
128.27863679660402,-59.97364745750151,5.539694333303866,5.109611692039948,-2.7091441929002773,-5.0524602779234026e-14
128.29156654013886,-59.981284980488276,5.548190059814516,5.107813308501246,-2.7056102373082553,-4.631421921429786e-14
128.30450231741128,-59.98892121366729,5.556674360322138,5.106012401438098,-2.702078315673657,-5.0524602779234026e-14
128.3174441283161,-59.996556157488236,5.565147237765321,5.1042089762280565,-2.698548430856615,-3.368306851948935e-14
128.33039197274888,-60.00418981240152,5.573608695082651,5.102403038251313,-2.695020585714513,-4.631421921429786e-14
128.3433458506054,-60.011822178858225,5.582058735212719,5.100594592890701,-2.6914947831019944,-5.0524602779234026e-14
128.35630576178175,-60.01945325730987,5.5904973610941155,5.098783645531681,-2.6879710258709726,-3.368306851948935e-14
128.36927170617454,-60.02708304820871,5.598924575665427,5.096970201562363,-2.684449316870597,-4.631421921429786e-14
128.38224368368085,-60.03471155200763,5.6073403818652405,5.095154266373505,-2.6809296589472504,-3.368306851948935e-14
128.39522169419791,-60.042338769160004,5.615744782632148,5.093335845358489,-2.6774120549445684,-4.631421921429786e-14
128.40820573762372,-60.049964700119986,5.62413778090474,5.091514943913355,-2.6738965077033887,-6.315575347404254e-14
128.4211958138563,-60.05758934534217,5.632519379621602,5.08969156743678,-2.6703830200617915,-5.4734986344170195e-14
128.4341919227943,-60.065212705281894,5.640889581721323,5.087865721330091,-2.6668715948550528,-7.157652060391487e-14
128.4471940643369,-60.07283478039516,5.649248390142494,5.08603741099726,-2.6633622349156516,-5.894536990910637e-14
128.4602022383834,-60.08045557113838,5.657595807823703,5.084206641844902,-2.659854943073281,-5.894536990910637e-14
128.47321644483372,-60.08807507796878,5.665931837703538,5.082373419282286,-2.656349722154809,-2.5262301389617013e-14
128.4862366835882,-60.095693301344156,5.674256482720589,5.080537748721327,-2.652846574984289,-5.0524602779234026e-14
128.49926295454748,-60.10331024172283,5.682569745813441,5.078699635576595,-2.6493455043829623,-5.894536990910637e-14
128.5122952576127,-60.11092589956388,5.69087162992069,5.076859085265302,-2.6458465131692277,-6.315575347404254e-14
128.52533359268557,-60.11854027532701,5.699162137980921,5.0750161032073215,-2.6423496041586425,-4.210383564936169e-14
128.53837795966794,-60.12615336947235,5.707441272932724,5.0731706948251745,-2.638854780163938,-5.894536990910637e-14
128.5514283584624,-60.13376518246092,5.715709037714684,5.071322865544042,-2.635362043994971,-2.5262301389617013e-14
128.56448478897164,-60.14137571475413,5.723965435265392,5.06947262079175,-2.6318713984587654,-6.315575347404254e-14
128.57754725109913,-60.148984966814176,5.732210468523441,5.067619965998791,-2.6283828463594494,-5.4734986344170195e-14
128.59061574474865,-60.15659293910388,5.740444140427416,5.065764906598307,-2.6248963904982947,-4.210383564936169e-14
128.60369026982428,-60.16419963208653,5.748666453915905,5.063907448026102,-2.6214120336736944,-2.947268495455318e-14
128.61677082623078,-60.17180504622619,5.756877411927498,5.062047595720637,-2.617929778681149,-5.894536990910637e-14
128.62985741387328,-60.17940918198759,5.765077017400785,5.060185355123034,-2.6144496283132543,-5.0524602779234026e-14
128.64295003265724,-60.1870120398359,5.773265273274353,5.058320731677075,-2.610971585359729,-3.789345208442552e-14
128.65604868248874,-60.1946136202371,5.781442182486793,5.056453730829199,-2.607495652607362,-3.789345208442552e-14
128.66915336327432,-60.20221392365775,5.789607747976692,5.054584358028519,-2.6040218328400293,-2.947268495455318e-14
128.6822640749208,-60.20981295056496,5.7977619726826415,5.052712618726795,-2.6005501288386936,-4.210383564936169e-14
128.6953808173357,-60.21741070142664,5.805904859543228,5.050838518378467,-2.5970805433813746,-3.789345208442552e-14
128.70850359042674,-60.2250071767111,5.814036411497039,5.048962062440626,-2.593613079243167,-7.157652060391487e-14
128.7216323941024,-60.23260237688751,5.8221566314826685,5.047083256373039,-2.59014773919621,-5.0524602779234026e-14
128.73476722827144,-60.24019630242563,5.830265522438702,5.045202105638137,-2.5866845260096927,-5.0524602779234026e-14
128.74790809284312,-60.24778895379569,5.838363087303725,5.043318615701016,-2.5832234424498566,-3.368306851948935e-14
128.76105498772722,-60.25538033146873,5.846449329016332,5.041432792029441,-2.579764491279965,-6.73661370389787e-14
128.77420791283407,-60.26297043591642,5.8545242505151105,5.039544640093849,-2.5763076752603005,-3.789345208442552e-14
128.78736686807426,-60.270559267610956,5.862587854738647,5.037654165367344,-2.5728529971481944,-5.0524602779234026e-14
128.80053185335905,-60.27814682702526,5.870640144625533,5.0357613733257,-2.5694004596979614,-5.894536990910637e-14
128.81370286860025,-60.285733114632926,5.878681123114359,5.033866269447369,-2.565950065660926,-1.6841534259744676e-14
128.8268799137099,-60.29331813090805,5.886710793143708,5.031968859213465,-2.562501817785433,-2.947268495455318e-14
128.84006298860075,-60.30090187632554,5.894729157652173,5.030069148107787,-2.55905571881679,-6.315575347404254e-14
128.853252093186,-60.308484351360775,5.902736219578341,5.028167141616798,-2.555611771497305,-4.631421921429786e-14
128.86644722737924,-60.31606555648991,5.910731981860806,5.026262845229637,-2.5521699785662575,-5.894536990910637e-14
128.87964839109486,-60.32364549218977,5.9187164474381495,5.024356264438131,-2.5487303427598906,-2.947268495455318e-14
128.89285558424731,-60.3312241589376,5.926689619248965,5.022447404736766,-2.545292866811427,-4.210383564936169e-14
128.9060688067519,-60.338801557211546,5.9346515002318405,5.0205362716227135,-2.541857553451025,-5.4734986344170195e-14
128.91928805852444,-60.34637768749032,5.942602093325363,5.018622870595828,-2.538424405405794,-3.789345208442552e-14
128.93251333948098,-60.353952550253176,5.950541401468125,5.016707207158628,-2.5349934253998003,-3.789345208442552e-14
128.94574464953837,-60.36152614598017,5.958469427598711,5.014789286816329,-2.5315646161540215,-3.789345208442552e-14
128.95898198861374,-60.36909847515186,5.966386174655715,5.0128691150768105,-2.52813798038638,-2.1051917824680846e-14
128.97222535662496,-60.37666953824957,5.974291645577721,5.010946697450643,-2.524713520811705,-3.368306851948935e-14
128.98547475349042,-60.38423933575528,5.98218584330332,5.009022039451077,-2.521291240141735,-2.5262301389617013e-14
128.99873017912876,-60.391807868151474,5.990068770771102,5.007095146594041,-2.5178711410851324,-6.315575347404254e-14
129.01199163345942,-60.399375135921446,5.9979404309196545,5.00516602439815,-2.5144532263474324,-4.210383564936169e-14
129.0252591164024,-60.4069411395491,6.005800826687566,5.003234678384705,-2.511037498631073,-4.631421921429786e-14
129.03853262787797,-60.41450587951891,6.013649961013426,5.001301114077685,-2.5076239606353785,-4.210383564936169e-14
129.05181216780713,-60.4220693563161,6.021487836835824,4.999365337003756,-2.504212615056541,-5.4734986344170195e-14
129.06509773611154,-60.429631570426565,6.029314457093348,4.9974273526922754,-2.5008034645876194,-4.631421921429786e-14
129.07838933271304,-60.437192522336716,6.037129824724585,4.995487166675278,-2.497396511918547,-5.894536990910637e-14
129.09168695753442,-60.444752212533814,6.044933942668131,4.993544784487492,-2.493991759736089,-2.947268495455318e-14
129.10499061049867,-60.452310641505555,6.052726813862566,4.991600211666332,-2.490589210723887,-4.210383564936169e-14
129.11830029152955,-60.45986780974048,6.0605084412464825,4.989653453751897,-2.4871888675623963,-5.0524602779234026e-14
