galstreams/tracks/track.st.Leiptr.ibata2021.ecsv
# %ECSV 1.0
# ---
# datatype:
# - {name: ra, unit: deg, datatype: float64}
# - {name: dec, unit: deg, datatype: float64}
# - {name: distance, unit: kpc, datatype: float64}
# - {name: pm_ra_cosdec, unit: mas / yr, datatype: float64}
# - {name: pm_dec, unit: mas / yr, datatype: float64}
# - {name: radial_velocity, unit: km / s, datatype: float64}
# delimiter: ','
# meta: !!omap
# - __serialized_columns__:
#     dec:
#       __class__: astropy.coordinates.angles.Latitude
#       unit: &id001 !astropy.units.Unit {unit: deg}
#       value: !astropy.table.SerializedColumn {name: dec}
#     distance:
#       __class__: astropy.coordinates.distances.Distance
#       unit: !astropy.units.Unit {unit: kpc}
#       value: !astropy.table.SerializedColumn {name: distance}
#     pm_dec:
#       __class__: astropy.units.quantity.Quantity
#       unit: !astropy.units.Unit {unit: mas / yr}
#       value: !astropy.table.SerializedColumn {name: pm_dec}
#     pm_ra_cosdec:
#       __class__: astropy.units.quantity.Quantity
#       unit: !astropy.units.Unit {unit: mas / yr}
#       value: !astropy.table.SerializedColumn {name: pm_ra_cosdec}
#     ra:
#       __class__: astropy.coordinates.angles.Longitude
#       unit: *id001
#       value: !astropy.table.SerializedColumn {name: ra}
#       wrap_angle: !astropy.coordinates.Angle
#         unit: *id001
#         value: 360.0
#     radial_velocity:
#       __class__: astropy.units.quantity.Quantity
#       unit: !astropy.units.Unit {unit: km / s}
#       value: !astropy.table.SerializedColumn {name: radial_velocity}
# schema: astropy-2.0
ra,dec,distance,pm_ra_cosdec,pm_dec,radial_velocity
[from data line 6451]
109.0583923741954,-41.344495569753974,6.41131869276269,9.227304573973184,-5.987916934325184,240.30664338379822
109.06940462920385,-41.35015213793354,6.410756338382642,9.226212033790794,-5.985630840497516,240.37499367188607
109.08041863692958,-41.35580785044567,6.410193609220409,9.225118807788558,-5.983344422674492,240.4433747418404
109.09143439776393,-41.36146270696735,6.409630505127146,9.224024895733967,-5.9810576811440095,240.5117866048408
109.10245191209825,-41.36711670717556,6.409067025954008,9.222930297394477,-5.978770616194143,240.5802292720674
109.11347118032366,-41.372769850747126,6.408503171552152,9.221835012537495,-5.97648322811318,240.64870275470034
109.12449220283122,-41.3784221373588,6.40793894177273,9.220739040930395,-5.974195517189606,240.7172070639191
109.13551498001188,-41.38407356668725,6.4073743364669005,9.21964238234049,-5.971907483712106,240.78574221090392
109.14653951225651,-41.38972413840906,6.406809355485815,9.21854503653507,-5.96961912796957,240.85430820683487
109.15756579995583,-41.39537385220072,6.406243998680631,9.217447003281366,-5.967330450251067,240.92290506289183
109.16859384350046,-41.40102270773861,6.405678265902504,9.21634828234656,-5.965041450845895,240.9915327902547
109.1796236432809,-41.406670704699046,6.405112157002586,9.215248873497814,-5.962752130043537,241.0601914001033
109.19065519968763,-41.412317842758256,6.404545671832034,9.214148776502222,-5.96046248813367,241.12888090361812
109.20168851311085,-41.41796412159233,6.403978810242003,9.213047991126851,-5.958172525406189,241.19760131197847
109.21272358394081,-41.42360954087732,6.403411572083649,9.211946517138713,-5.95588224215117,241.26635263636467
109.22376041256759,-41.429254100289185,6.402843957208126,9.21084435430478,-5.9535916386589065,241.33513488795654
109.23479899938111,-41.43489779950377,6.402275965466588,9.209741502391996,-5.951300715219883,241.40394807793416
109.24583934477127,-41.44054063819682,6.401707596710191,9.208637961167234,-5.949009472124789,241.4727922174775
109.2568814491278,-41.446182616044034,6.4011388507900895,9.20753373039734,-5.94671790966451,241.5416673177664
109.26792531284035,-41.451823732720975,6.40056972755744,9.206428809849116,-5.944426028130133,241.61057338998086
109.2789709362984,-41.45746398790315,6.400000226863396,9.205323199289332,-5.94213382781296,241.67951044530074
109.29001831989144,-41.46310338126594,6.399430348559115,9.204216898484686,-5.9398413090044695,241.74847849490627
109.30106746400872,-41.4687419124847,6.398860092495747,9.20310990720186,-5.937548471996361,241.8174775499773
109.31211836903944,-41.47437958123461,6.3982894585244505,9.202002225207485,-5.935255317080529,241.88650762169374
109.32317103537265,-41.48001638719081,6.397718446496383,9.20089385226814,-5.9329618445490695,241.95556872123538
109.33422546339739,-41.48565233002836,6.397147056262695,9.199784788150376,-5.9306680546942765,242.0246608597826
109.34528165350243,-41.49128740942218,6.396575287674543,9.198675032620693,-5.928373947808657,242.09378404851486
109.35633960607655,-41.49692162504716,6.396003140583082,9.197564585445551,-5.926079524184905,242.1629382986125
109.36739932150837,-41.50255497657805,6.395430614839469,9.196453446391365,-5.923784784115925,242.23212362125525
109.37846080018642,-41.50818746368956,6.394857710294857,9.195341615224512,-5.921489727894819,242.30134002762344
109.38952404249908,-41.513819086056216,6.3942844268004,9.194229091711325,-5.9191943558149065,242.37058752889644
109.40058904883463,-41.51944984335259,6.393710764207254,9.19311587561809,-5.916898668169686,242.43986613625464
109.4116558195813,-41.52507973525305,6.393136722366575,9.192001966711059,-5.9146026652528665,242.509175860878
109.42272435512707,-41.53070876143194,6.392562301129519,9.190887364756437,-5.91230634735837,242.57851671394639
109.43379465585993,-41.53633692156345,6.39198750034724,9.189772069520387,-5.910009714780312,242.64788870663946
109.44486672216772,-41.541964215321784,6.391412319870888,9.188656080769038,-5.907712767813006,242.71729185013785
109.4559405544381,-41.54759064238091,6.390836759551627,9.187539398268463,-5.905415506750984,242.78672615562087
109.46701615305872,-41.55321620241485,6.3902608192406065,9.1864220217847,-5.90311793188896,242.85619163426873
109.47809351841704,-41.558840895097426,6.3896844987889825,9.185303951083757,-5.900820043521871,242.92568829726144
109.48917265090047,-41.564464720102464,6.38910779804791,9.184185185931577,-5.898521841944837,242.99521615577905
109.50025355089619,-41.57008767710361,6.3885307168685435,9.183065726094082,-5.896223327453206,243.06477522100127
109.5113362187914,-41.57570976577447,6.3879532551020395,9.181945571337138,-5.8939245003425045,243.13436550410813
109.52242065497312,-41.581330985788576,6.387375412599551,9.180824721426589,-5.891625360908474,243.20398701627988
109.53350685982821,-41.5869513368193,6.3867971892122375,9.179703176128216,-5.889325909447067,243.27363976869597
109.54459483374349,-41.592570818540004,6.386218584791248,9.17858093520777,-5.887026146254422,243.34332377253668
109.55568457710562,-41.59818943062392,6.3856395991877415,9.177457998430953,-5.88472607162689,243.41303903898213
109.56677609030116,-41.60380717274418,6.3850602322528704,9.176334365563443,-5.882425685861035,243.48278557921182
109.57786937371655,-41.60942404457386,6.384480483837794,9.175210036370858,-5.880124989253606,243.55256340440602
109.58896442773809,-41.615040045785925,6.38390035379366,9.174085010618798,-5.877823982101574,243.6223725257447
109.60006125275201,-41.620655176053226,6.383319841971631,9.172959288072782,-5.875522664702098,243.69221295440772
109.61115984914437,-41.62626943504856,6.382738948222858,9.171832868498333,-5.873221037352554,243.7620847015751
109.62226021730113,-41.63188282244463,6.3821576723985,9.170705751660906,-5.870919100350518,243.8319877784267
109.63336235760818,-41.63749533791403,6.3815760143497045,9.169577937325927,-5.868616853993762,243.90192219614264
109.64446627045118,-41.6431069811293,6.380993973927634,9.168449425258782,-5.866314298580281,243.97188796590257
109.65557195621577,-41.648717751762824,6.380411550983441,9.167320215224803,-5.864011434408258,244.04188509888684
109.66667941528745,-41.65432764948698,6.379828745368277,9.166190306989295,-5.861708261776089,244.1119136062753
109.67778864805157,-41.65993667397397,6.379245556933303,9.165059700317522,-5.85940478098237,244.18197349924773
109.68889965489339,-41.66554482489598,6.378661985529672,9.163928394974706,-5.857100992325906,244.25206478898423
109.70001243619804,-41.67115210192507,6.378078031008535,9.162796390726026,-5.8547968961057055,244.32218748666463
109.71112699235053,-41.67675850473319,6.3774936932210515,9.161663687336617,-5.852492492620975,244.3923416034692
109.72224332373573,-41.68236403299226,6.376908972018375,9.16053028457159,-5.850187782171145,244.46252715057756
109.73336143073844,-41.68796868637404,6.376323867251661,9.159396182196,-5.847882765055827,244.5327441391698
109.7444813137433,-41.693572464550265,6.375738378772065,9.158261379974867,-5.845577441574857,244.60299258042596
109.75560297313478,-41.69917536719253,6.375152506430742,9.157125877673177,-5.84327181202827,244.67327248552593
109.76672640929733,-41.70477739397236,6.374566250078845,9.155989675055874,-5.840965876716305,244.74358386564953
109.77785162261526,-41.710378544561195,6.373979609567531,9.154852771887851,-5.838659635939406,244.81392673197703
109.78897861347268,-41.715978818630376,6.373392584747955,9.153715167933981,-5.8363530899982266,244.88430109568807
109.80010738225366,-41.72157821585114,6.372805175471271,9.152576862959085,-5.834046239193626,244.9547069679629
109.81123792934211,-41.727176735894666,6.3722173815886345,9.151437856727943,-5.831739083826664,245.02514435998114
109.8223702551218,-41.73277437843203,6.371629202951201,9.150298149005303,-5.829431624198615,245.0956132829232
109.83350435997643,-41.73837114313421,6.3710406394101256,9.149157739555873,-5.827123860610952,245.16611374796855
109.84464024428951,-41.7439670296721,6.370451690816561,9.14801662814432,-5.824815793365361,245.23664576629747
109.85577790844452,-41.74956203771651,6.369862357021665,9.146874814535266,-5.822507422763723,245.3072093490899
109.86691735282471,-41.75515616693813,6.369272637876592,9.14573229849331,-5.82019874910814,245.37780450752555
109.87805857781328,-41.76074941700761,6.368682533232497,9.144589079782996,-5.817889772700916,245.4484312527847
109.8892015837933,-41.766341787595465,6.368092042940532,9.143445158168836,-5.815580493844553,245.51908959604722
109.90034637114763,-41.77193327837213,6.367501166851858,9.142300533415302,-5.813270912841773,245.58977954849283
109.91149294025914,-41.77752388900798,6.366909904817627,9.141155205286829,-5.810961029995495,245.66050112130176
109.9226412915105,-41.78311361917329,6.3663182566889915,9.14000917354782,-5.808650845608847,245.73125432565396
109.93379142528426,-41.7887024685382,6.365726222317108,9.138862437962622,-5.806340359985165,245.80203917272937
109.9449433419628,-41.79429043677278,6.365133801553135,9.13771499829556,-5.8040295734280045,245.87285567370776
109.95609704192849,-41.799877523547075,6.364540994248226,9.136566854310916,-5.801718486241098,245.9437038397693
109.96725252556345,-41.805463728530945,6.363947800253532,9.135418005772925,-5.7994070987284205,246.01458368209396
109.97840979324978,-41.81104905139422,6.363354219420212,9.134268452445802,-5.797095411194132,246.08549521186143
109.98956884536939,-41.81663349180661,6.36276025159942,9.133118194093708,-5.794783423942608,246.15643844025192
110.00072968230407,-41.822217049437775,6.362165896642311,9.131967230480775,-5.792471137278424,246.22741337844533
110.01189230443548,-41.82779972395722,6.36157115440004,9.130815561371087,-5.79015855150638,246.29842003762167
110.02305671214518,-41.83338151503444,6.3609760247237634,9.129663186528704,-5.787845666931464,246.36945842896085
110.03422290581459,-41.83896242233875,6.360380507464634,9.12851010571764,-5.785532483858887,246.44052856364277
110.045390885825,-41.844542445539474,6.359784602473807,9.12735631870187,-5.783219002594059,246.5116304528476
110.05656065255755,-41.850121584305754,6.359188309602439,9.126201825245337,-5.780905223442611,246.58276410775494
110.06773220639329,-41.85569983830669,6.358591628701685,9.125046625111946,-5.778591146710364,246.65392953954503
110.07890554771316,-41.86127720721131,6.357994559622699,9.12389071806556,-5.776276772703357,246.7251267593979
110.09008067689787,-41.8668536906885,6.357397102216635,9.122734103870005,-5.773962101727843,246.79635577849314
110.1012575943281,-41.8724292884071,6.35679925633465,9.121576782289077,-5.771647134090276,246.8676166080111
110.11243630038442,-41.878004000035844,6.356201021827899,9.120418753086527,-5.769331870097316,246.9389092591317
110.12361679544712,-41.88357782524336,6.355602398547536,9.119260016026075,-5.767016310055846,247.01023374303443
110.13479907989652,-41.8891507636982,6.355003386344714,9.118100570871402,-5.764700454272948,247.08159007089975
110.14598315411274,-41.894722815068846,6.354403985070594,9.116940417386148,-5.762384303055906,247.1529782539075
110.15716901847583,-41.900293979023665,6.353804194576324,9.115779555333917,-5.760067856712226,247.22439830323762
110.16835667336557,-41.905864255230924,6.353204014713066,9.114617984478283,-5.7577511155496195,247.29585023006993
110.17954611916176,-41.91143364335885,6.352603445331971,9.113455704582782,-5.755434079876001,247.36733404558464
110.190737356244,-41.91700214307551,6.352002486284194,9.112292715410904,-5.753116749999506,247.43884976096157
110.20193038499175,-41.92256975404893,6.351401137420891,9.111129016726114,-5.750799126228474,247.51039738738058
110.2131252057844,-41.92813647594706,6.350799398593215,9.109964608291838,-5.748481208871447,247.58197693602187
110.22432181900113,-41.933702308437724,6.350197269652322,9.108799489871458,-5.746162998237186,247.6535884180653
110.23552022502105,-41.939267251188625,6.349594750449371,9.107633661228327,-5.743844494634667,247.72523184469074
110.24672042422307,-41.94483130386748,6.348991840835511,9.106467122125766,-5.741525698373056,247.7969072270783
110.25792241698606,-41.950394466141816,6.348388540661902,9.105299872327052,-5.739206609761748,247.8686145764077
110.2691262036887,-41.955956737679124,6.347784849779695,9.10413191159542,-5.736887229110337,247.94035390385918
110.28033178470952,-41.96151811814677,6.347180768040047,9.102963239694091,-5.734567556728642,248.01212522061246
110.29153916042694,-41.96707860721206,6.346576295294113,9.101793856386232,-5.732247592926678,248.08392853784758
110.3027483312193,-41.97263820454222,6.345971431393049,9.100623761434973,-5.729927338014663,248.15576386674476
110.3139592974647,-41.978196909804346,6.345366176188006,9.099452954603427,-5.727606792303055,248.22763121848357
110.3251720595412,-41.983754722665445,6.344760529530144,9.098281435654648,-5.725285956102498,248.29953060424413
110.33638661782668,-41.9893116427925,6.344154491270618,9.09710920435167,-5.722964829723848,248.3714620352065
110.3476029726989,-41.994867669852326,6.343548061260576,9.095936260457494,-5.72064341347819,248.44342552255046
110.35882112453544,-42.00042280351169,6.342941239351184,9.094762603735063,-5.7183217076767985,248.51542107745604
110.37004107371381,-42.005977043437255,6.342334025393588,9.093588233947319,-5.715999712631174,248.5874487111032
110.3812628206114,-42.01153038929558,6.341726419238944,9.092413150857142,-5.7136774286530185,248.65950843467195
110.39248636560536,-42.0170828407532,6.341118420738412,9.091237354227392,-5.711354856054253,248.73160025934217
110.40371170907282,-42.02263439747647,6.340510029743143,9.090060843820883,-5.709031995147008,248.80372419629393
110.41493885139072,-42.02818505913173,6.339901246104294,9.088883619400395,-5.706708846243616,248.87588025670712
110.42616779293584,-42.033734825385174,6.339292069673018,9.087705680728684,-5.70438540965664,248.94806845176166
110.43739853408486,-42.039283695902945,6.3386825003004725,9.08652702756847,-5.702061685698839,249.02028879263753
110.44863107521437,-42.04483167035108,6.338072537837809,9.085347659682434,-5.699737674683188,249.09254129051482
110.45986541670068,-42.05037874839552,6.337462182136188,9.084167576833202,-5.697413376922873,249.16482595657325
110.4711015589201,-42.05592492970212,6.33685143304676,9.08298677878341,-5.695088792731305,249.23714280199292
110.48233950224875,-42.0614702139367,6.3362402904206805,9.081805265295623,-5.692763922422082,249.30949183795383
110.49357924706264,-42.067014600764885,6.335628754109106,9.080623036132383,-5.690438766309029,249.3818730756358
110.5048207937376,-42.072558089852286,6.335016823963191,9.079440091056206,-5.688113324706192,249.454286526219
110.51606414264931,-42.07810068086439,6.334404499834091,9.078256429829569,-5.6857875979278205,249.5267322008832
110.52730929417345,-42.083642373466645,6.33379178157296,9.0770720522149,-5.6834615862883595,249.59921011080849
110.53855624868531,-42.08918316732434,6.3331786690309535,9.075886957974621,-5.681135290102505,249.67172026717478
110.5498050065603,-42.094723062102716,6.3325651620592245,9.0747011468711,-5.678808709685133,249.7442626811619
110.56105556817351,-42.10026205746692,6.331951260508934,9.073514618666671,-5.676481845351343,249.8168373639499
110.57230793390005,-42.105800153082015,6.331336964231229,9.072327373123649,-5.674154697416443,249.88944432671903
110.58356210411469,-42.111337348612935,6.330722273077272,9.071139410004303,-5.671827266195972,249.9620835806488
110.59481807919221,-42.11687364372458,6.330107186898212,9.069950729070875,-5.669499552005663,250.03475513691922
110.60607585950724,-42.12240903808174,6.329491705545209,9.068761330085566,-5.667171555161461,250.10745900671063
110.61733544543422,-42.127943531349096,6.328875828869415,9.067571212810554,-5.664843275979541,250.18019520120268
110.62859683734746,-42.133477123191255,6.328259556721985,9.066380377007976,-5.662514714776277,250.25296373157528
