galstreams/tracks/track.st.Pal5.ibata2021.ecsv
# %ECSV 0.9
# ---
# datatype:
# - {name: ra, unit: deg, datatype: float64}
# - {name: dec, unit: deg, datatype: float64}
# - {name: distance, unit: kpc, datatype: float64}
# - {name: pm_ra_cosdec, unit: mas / yr, datatype: float64}
# - {name: pm_dec, unit: mas / yr, datatype: float64}
# - {name: radial_velocity, unit: km / s, datatype: float64}
# delimiter: ','
# meta: !!omap
# - __serialized_columns__:
#     dec:
#       __class__: astropy.coordinates.angles.Latitude
#       unit: &id001 !astropy.units.Unit {unit: deg}
#       value: !astropy.table.SerializedColumn {name: dec}
#     distance:
#       __class__: astropy.coordinates.distances.Distance
#       unit: !astropy.units.Unit {unit: kpc}
#       value: !astropy.table.SerializedColumn {name: distance}
#     pm_dec:
#       __class__: astropy.units.quantity.Quantity
#       unit: !astropy.units.Unit {unit: mas / yr}
#       value: !astropy.table.SerializedColumn {name: pm_dec}
#     pm_ra_cosdec:
#       __class__: astropy.units.quantity.Quantity
#       unit: !astropy.units.Unit {unit: mas / yr}
#       value: !astropy.table.SerializedColumn {name: pm_ra_cosdec}
#     ra:
#       __class__: astropy.coordinates.angles.Longitude
#       unit: *id001
#       value: !astropy.table.SerializedColumn {name: ra}
#       wrap_angle: !astropy.coordinates.Angle
#         unit: *id001
#         value: 360.0
#     radial_velocity:
#       __class__: astropy.units.quantity.Quantity
#       unit: !astropy.units.Unit {unit: km / s}
#       value: !astropy.table.SerializedColumn {name: radial_velocity}
# schema: astropy-2.0
ra,dec,distance,pm_ra_cosdec,pm_dec,radial_velocity
[from data line 812]
228.25065019741294,-0.6321034342665652,22.313171498757644,-2.812776334178029,-2.758022526947338,1.4736342477276593e-13
228.25826795499924,-0.625531066513828,22.31433441304212,-2.8126117854387296,-2.7572503600581806,1.4631082888153188e-13
228.26588829209018,-0.6189624555078452,22.315489164744356,-2.8124476383467574,-2.7564791559659847,2.1788734948544676e-13
228.27351120671602,-0.6123975982183778,22.316635763480704,-2.812283894630818,-2.7557089149619305,1.9578283576953187e-13
228.28113669690683,-0.6058364916154759,22.31777421886749,-2.812120556019564,-2.7549396373372628,1.6315236314127656e-13
228.28876476069257,-0.5992791326693793,22.318904540521046,-2.8119576242416002,-2.7541713233832894,1.3631116791480847e-13
228.29639539610335,-0.592725518350422,22.320026738057688,-2.811795101025476,-2.753403973391378,1.4210044531659572e-13
228.304028601169,-0.5861756456292564,22.321140821093756,-2.8116329880996886,-2.752637587652957,2.1367696592051057e-13
228.3116643739195,-0.5796295114765956,22.322246799245587,-2.8114712871926804,-2.7518721664595147,2.2104513715914888e-13
228.31930271238457,-0.5730871128634734,22.3233446821295,-2.8113100000328526,-2.751107710102603,2.468337364943829e-13
228.32694361459406,-0.5665484467609839,22.324434479361834,-2.811149128348545,-2.7503442188738307,2.3314998990834036e-13
228.33458707857756,-0.5600135101405405,22.325516200558912,-2.8109886738680534,-2.7495816930648695,1.0999627063395741e-13
228.34223310236476,-0.5534822999736173,22.32658985533707,-2.81082863831962,-2.748820132967446,2.463074385487659e-13
228.3498816839852,-0.5469548132320078,22.327655453312634,-2.810669023431439,-2.748059538873352,1.620997672500425e-13
228.35753282146842,-0.5404310468875657,22.328713004101946,-2.8105098309316556,-2.747299911074431,9.947031172161699e-14
228.36518651284385,-0.5339109979124335,22.329762517321317,-2.8103510625483628,-2.7465412498625907,1.4631082888153188e-13
228.3728427561408,-0.5273946632789405,22.33080400258709,-2.81019272000961,-2.745783555529795,1.9736172960638293e-13
228.3805015493887,-0.5208820399595114,22.331837469515595,-2.810034805043392,-2.745026828368062,2.668330584278297e-13
228.3881628906167,-0.5143731249268888,22.332862927723163,-2.809877319377661,-2.744271068669473,2.042036028994042e-13
228.39582677785413,-0.5078679151538757,22.33388038682612,-2.809720264740319,-2.7435162767261616,1.7104683232553187e-13
228.4034932091299,-0.5013664076135946,22.334889856440796,-2.80956364285922,-2.742762452830321,1.9367764398706378e-13
228.41116218247325,-0.4948685992792277,22.335891346183526,-2.809407455462172,-2.7420095972741994,1.589419795763404e-13
228.41883369591307,-0.48837448712427706,22.33688486567064,-2.809251704276938,-2.7412577103501006,2.789379111770212e-13
228.42650774747833,-0.48188406812230455,22.337870424518467,-2.809096391031229,-2.740506792350384,1.8841466453089356e-13
228.43418433519787,-0.4753973392471578,22.33884803234334,-2.808941517452719,-2.7397568435674664,2.5051782211370207e-13
228.44186345710045,-0.46891429747287416,22.33981769876158,-2.808787085269028,-2.739007864293815,2.015721131713191e-13
228.44954511121483,-0.46243493977358424,22.340779433389518,-2.8086330962077346,-2.7382598548219566,1.9815117652480844e-13
228.45722929556962,-0.45595926312373564,22.341733245843507,-2.8084795519963706,-2.737512815444467,1.9630913371514888e-13
228.46491600819346,-0.44948726449783816,22.342679145739847,-2.808326454362427,-2.7367667464539824,1.547315960114042e-13
228.47260524711476,-0.443018940870718,22.343617142694885,-2.8081738050333467,-2.7360216481431867,2.0841398646434036e-13
228.48029701036208,-0.4365542892172615,22.344547246324957,-2.808021605736528,-2.735277520804818,2.0367730495378719e-13
228.4879912959637,-0.43009330651267513,22.34546946624638,-2.80786985819933,-2.7345343647316698,2.573596954067233e-13
228.49568810194802,-0.4236359897322235,22.346383812075487,-2.807718564149063,-2.7337921802165854,2.6078063205323396e-13
228.50338742634315,-0.41718233585148967,22.34729029342861,-2.807567725313002,-2.733050967552464,2.0078266625289355e-13
228.51108926717734,-0.41073234184611596,22.348188919922087,-2.807417343418369,-2.732310727032247,1.9736172960638293e-13
228.51879362247865,-0.4042860046920326,22.349079701172236,-2.807267420192355,-2.7315714589489413,2.4499169368472333e-13
228.52650049027503,-0.397843321365356,22.349962646795383,-2.8071179573620997,-2.7308331635955936,1.8578317480280846e-13
228.53420986859453,-0.39140428884229467,22.35083776640789,-2.8069689566547056,-2.730095841265303,1.3920580661570208e-13
228.5419217554649,-0.38496890409937734,22.351705069626053,-2.8068204197972353,-2.7293594922512256,2.2393977586004249e-13
228.54963614891403,-0.3785371641131897,22.35256456606622,-2.806672348516706,-2.7286241168465595,1.7762555664574464e-13
228.55735304696955,-0.3721090658606359,22.353416265344705,-2.806524744540101,-2.727889715344559,1.0894367474272338e-13
228.56507244765922,-0.36568460631867983,22.354260177077865,-2.806377609594355,-2.72715628803852,1.0289124836812763e-13
228.57279434901045,-0.3592637824646025,22.355096310882015,-2.8062309454063694,-2.726423835221795,1.592051285491489e-13
228.58051874905087,-0.35284659127574464,22.355924676373476,-2.806084753703005,-2.725692357187781,1.549947449842127e-13
228.58824564580786,-0.34643302972973133,22.356745283168593,-2.80593903621108,-2.7249618542299228,2.2525552072408504e-13
228.59597503730865,-0.34002309480437587,22.357558140883693,-2.8057937946573763,-2.7242323266417157,2.063087946818723e-13
228.60370692158068,-0.3336167834775839,22.358363259135103,-2.8056490307686377,-2.7235037747166992,1.61836618277234e-13
228.61144129665098,-0.3272140927275769,22.359160647539156,-2.805504746271568,-2.722776198748462,2.1578215770297867e-13
228.61917816054677,-0.32081501953263686,22.359950315712187,-2.8053609428928348,-2.722049599030641,1.4999491450085103e-13
228.62691751129498,-0.3144195608713609,22.360732273270507,-2.805217622359069,-2.721323975856918,2.1446641283893611e-13
228.63465934692263,-0.3080277137224055,22.361506529830475,-2.805074786396859,-2.720599329521017,2.2130828613195738e-13
228.64240366545656,-0.30163947506474537,22.362273095008412,-2.8049324367327615,-2.719875660316714,2.3788667141889356e-13
228.6501504649236,-0.2952548418774125,22.363031978420622,-2.804790575093296,-2.7191529685378284,1.592051285491489e-13
228.65789974335036,-0.28887381113975574,22.363783189683474,-2.804649203204945,-2.7184312544782214,1.99466921388851e-13
228.6656514987636,-0.2824963798311822,22.364526738413275,-2.8045083227941534,-2.7177105184318036,1.394689555885106e-13
228.6734057291898,-0.2761225449313842,22.36526263422637,-2.804367935587332,-2.7169907606925263,1.2341686824719145e-13
228.68116243265538,-0.26975230342024076,22.365990886739063,-2.80422804331086,-2.716271981554386,1.521001062833191e-13
228.6889216071868,-0.2633856522777214,22.366711505567718,-2.804088647691074,-2.715554181311423,9.894401377599997e-14
228.69668325081034,-0.2570225884841124,22.36742450032865,-2.803949750454282,-2.714837360257722,2.0972973132838291e-13
228.70444736155224,-0.25066310901975797,22.368129880638183,-2.8038113533267546,-2.7141215186874064,2.4525484265753186e-13
228.7122139374386,-0.24430721086531798,22.368827656112657,-2.8036734580347313,-2.7134066568946467,1.6236291622285102e-13
228.71998297649554,-0.23795489100151077,22.369517836368402,-2.8035360663044155,-2.7126927751736525,1.839411319931489e-13
228.72775447674897,-0.23160614640937094,22.37020043102174,-2.8033991798619806,-2.7119798738186787,2.6525416459097863e-13
228.73552843622483,-0.22526097406998982,22.37087544968901,-2.803262800433561,-2.7112679531240156,2.2051883921353187e-13
228.74330485294885,-0.21891937096477632,22.37154290198654,-2.803126929745265,-2.7105570133840007,2.3117637261227653e-13
228.75108372494685,-0.21258133407519483,22.372202797530658,-2.802991569523164,-2.709847054893009,1.1486452663091485e-13
228.7588650502444,-0.2062468603829949,22.3728551459377,-2.802856721493301,-2.7091380779454566,1.9499338885110633e-13
228.76664882686703,-0.19991594687011197,22.373499956823984,-2.802722387381685,-2.7084300828358,2.4472854471191485e-13
228.77443505284026,-0.19358859051857089,22.374137239805854,-2.802588568914293,-2.707723069858533,1.9749330409278717e-13
228.7822237261894,-0.18726478831071208,22.37476700449964,-2.8024552678170744,-2.707017039308193,2.5117569454572335e-13
228.79001484493983,-0.18094453722893314,22.375389260521672,-2.8023224858159432,-2.706311991479351,1.082858023107021e-13
228.79780840711666,-0.17462783425594736,22.376004017488263,-2.802190224636788,-2.705607926666622,2.5064939660010634e-13
228.80560441074508,-0.16831467637452413,22.376611285015763,-2.802058486005464,-2.7049048451646542,2.1328224246129783e-13
228.81340285385005,-0.16200506056774922,22.377211072720495,-2.8019272716477968,-2.7042027472681367,2.0262470906255314e-13
228.82120373445662,-0.15569898381876363,22.377803390218794,-2.801796583289586,-2.703501633271795,1.359164444555957e-13
228.8290070505895,-0.14939644311102507,22.378388247126985,-2.8016664226565973,-2.7028015034703925,1.8354640853393612e-13
228.83681280027358,-0.14309743542804604,22.3789656530614,-2.8015367914745717,-2.7021023581587293,6.012954028674467e-14
228.84462098153347,-0.13680195775362244,22.37953561763837,-2.801407691469218,-2.7014041976316383,2.403865866605744e-13
228.8524315923937,-0.1305100070717367,22.380098150474225,-2.8012791243662214,-2.700707022183995,1.8696734518044675e-13
228.8602446308789,-0.12422158036645788,22.380653261185294,-2.801151091891235,-2.700010832110704,1.6407338454610634e-13
228.86806009501333,-0.11793667462217082,22.38120095938791,-2.8010235957698884,-2.6993156277067105,1.3282444402509571e-13
228.87587798282144,-0.11165528682331607,22.3817412546984,-2.8008966377277797,-2.6986214092669907,1.8959883490853185e-13
228.88369829232732,-0.10537741395464843,22.38227415673311,-2.8007702194904827,-2.6979281770865553,1.9663806993115952e-13
228.89152102155523,-0.09910305300097921,22.382799675108345,-2.800644342783545,-2.697235931460454,1.471002757999574e-13
228.8993461685291,-0.09283220094743372,22.383317819440453,-2.800519009332489,-2.6965446726837654,2.084797737075425e-13
228.90717373127296,-0.08656485477919185,22.383828599345748,-2.8003942208628074,-2.695854401051603,1.5203431904011697e-13
228.91500370781063,-0.08030101148171705,22.38433202444058,-2.80026997909997,-2.6951651168591133,7.762894697851062e-14
228.9228360961658,-0.0740406680406553,22.384828104341274,-2.800146285769422,-2.6944768204014764,1.949276016079042e-13
228.9306708943623,-0.06778382144174244,22.385316848664154,-2.800023142596582,-2.693789511973905,1.4183729634378718e-13
228.93850810042352,-0.0615304686710266,22.385798267025553,-2.7999005513068456,-2.6931031918716406,1.9453287814869142e-13
228.94634771237313,-0.05528060671461166,22.386272369041798,-2.799778513625583,-2.6924178603899613,1.7084947059592548e-13
228.95418972823435,-0.04903423255891453,22.386739164329235,-2.7996570312781386,-2.6917335178241713,1.718362792439574e-13
228.9620341460306,-0.042791343190407914,22.387198662504176,-2.7995361059898363,-2.6910501644696097,2.384787566077127e-13
228.96988096378502,-0.036551935595876925,22.387650873182952,-2.7994157394859776,-2.6903678006216447,1.7890840788818612e-13
228.97773017952073,-0.03031600676216172,22.38809580598191,-2.799295933491835,-2.689686426575674,1.1585133527894677e-13
228.98558179126067,-0.024083553676416052,22.388533470517373,-2.799176689732664,-2.6890060426271254,1.8650683447803187e-13
228.9934357970279,-0.017854573325847615,22.388963876405658,-2.799058009933697,-2.6883266490714584,8.417477767712232e-14
229.00129219484512,-0.01162906269794503,22.38938703326311,-2.7989398958201415,-2.6876482462041573,8.085252189541487e-14
229.00915098273504,-0.005407018780380337,22.38980295070606,-2.7988223491171844,-2.686970834320738,1.9639136776915155e-13
229.01701215872038,0.0008115614390875179,22.390211638350824,-2.7987053715499943,-2.6862944137167455,1.3039596961782967e-13
229.02487572082356,0.007026680972387938,22.390613105813753,-2.798588964843712,-2.68561898468775,2.0296598038666418e-13
229.03274166706709,0.013238342831395196,22.391007362711157,-2.798473130723466,-2.6849445475293523,2.3602818179843343e-13
229.04060999547326,0.01944655002767193,22.391394418659385,-2.798357870914354,-2.684271102537176,1.617872778448324e-13
229.04848070406436,0.025651305572726404,22.391774283274753,-2.7982431871414635,-2.683598650006876,1.4571874369271274e-13
229.0563537908624,0.03185261247775568,22.3921469661736,-2.798129081129857,-2.682927190234133,1.3335074197071272e-13
229.06422925388955,0.038050473753901824,22.392512476972243,-2.798015554604577,-2.6822567235146533,2.304527129370531e-13
229.07210709116774,0.044244892412028954,22.392870825287034,-2.797902609290646,-2.6815872501441658,1.8038862086023398e-13
229.07998730071867,0.05043587146281679,22.393222020734285,-2.797790246913073,-2.6809187704184296,2.480508004936223e-13
229.08786988056426,0.056623413916861716,22.39356607293034,-2.7976784691968426,-2.680251284633226,1.6381023557329783e-13
229.095754828726,0.06280752278444604,22.39390299149152,-2.7975672778669236,-2.679584793084364,2.5242565216656377e-13
229.10364214322553,0.06898820107580086,22.39423278603416,-2.7974566746482656,-2.678919296067671,1.6216555449324464e-13
229.11153182208426,0.07516545180084516,22.394555466174584,-2.7973466612658,-2.6782547938790042,1.4104784942536167e-13
229.1194238633235,0.08133927796944555,22.394871041529132,-2.797237239444443,-2.677591286814241,1.1677235668377658e-13
229.12731826496452,0.08750968259115681,22.395179521714127,-2.7971284109090915,-2.6769287751692845,1.399294662909255e-13
229.13521502502843,0.09367666867548198,22.3954809163459,-2.797020177384628,-2.676267259240058,2.684777395078829e-13
229.14311414153627,0.09984023923161282,22.395775235040798,-2.796912540595914,-2.675606739322508,1.8407270647955314e-13
229.15101561250904,0.10600039726868851,22.39606248741512,-2.7968055022678016,-2.6749472157126055,9.433890675185104e-14
229.1589194359675,0.1121571457955704,22.396342683085216,-2.7966990641251197,-2.674288688706339,1.754545776200744e-13
229.16682560993235,0.11831048782093814,22.396615831667415,-2.796593227892686,-2.6736311585997212,2.2505815899447867e-13
229.1747341324243,0.12446042635338754,22.39688194277804,-2.7964879952953017,-2.6729746256887856,7.933941530176593e-14
229.18264500146378,0.13060696440120356,22.39714102603344,-2.7963833680577532,-2.6723190902695846,2.2433449931925526e-13
229.19055821507132,0.1367501049726199,22.397393091049924,-2.79627934790481,-2.671664552638193,2.668330584278297e-13
229.19847377126715,0.14288985107555943,22.397638147443836,-2.796175936561233,-2.671011013090704,7.420801033199997e-14
229.20639166807155,0.14902620571789496,22.397876204831505,-2.7960731357517608,-2.6703584719232287,7.236596752234041e-15
229.21431190350447,0.1551591719071882,22.39810727282925,-2.795970947201126,-2.669706929431903,2.2999220223463824e-13
229.22223447558613,0.16128875265095005,22.398331361053412,-2.7958693726340424,-2.6690563859128753,1.5249482974253187e-13
229.23015938233624,0.16741495095638176,22.39854847912032,-2.795768413775214,-2.668406841662315,3.195944274759361e-13
229.23808662177478,0.173537769830634,22.398758636646306,-2.7956680723493283,-2.6677582969764084,2.2736071250655313e-13
229.24601619192134,0.17965721228058007,22.39896184324769,-2.795568350081064,-2.6671107521513626,1.0170707799048934e-13
229.2539480907954,0.1857732813129133,22.399158108540817,-2.7954692486950834,-2.6664642074833975,3.3643596173568074e-13
229.2618823164167,0.19188597993424408,22.399347442142005,-2.795370769916042,-2.6658186632687526,-1.3289023126829784e-14
229.2698188668043,0.19799531115087393,22.399529853667595,-2.795272915468579,-2.6651741198036842,1.7841500356417015e-13
229.27775773997772,0.2041012779690549,22.39970535273391,-2.795175687077323,-2.664530577384461,1.3157448640425528e-14
