galstreams/tracks/track.ep.Styx.grillmair2009.ecsv
# %ECSV 0.9
# ---
# datatype:
# - {name: ra, unit: deg, datatype: float64}
# - {name: dec, unit: deg, datatype: float64}
# - {name: distance, unit: kpc, datatype: float64}
# - {name: pm_ra_cosdec, unit: mas / yr, datatype: float64}
# - {name: pm_dec, unit: mas / yr, datatype: float64}
# - {name: radial_velocity, unit: km / s, datatype: float64}
# delimiter: ','
# meta: !!omap
# - __serialized_columns__:
#     dec:
#       __class__: astropy.coordinates.angles.Latitude
#       unit: &id001 !astropy.units.Unit {unit: deg}
#       value: !astropy.table.SerializedColumn {name: dec}
#     distance:
#       __class__: astropy.coordinates.distances.Distance
#       unit: !astropy.units.Unit {unit: kpc}
#       value: !astropy.table.SerializedColumn {name: distance}
#     pm_dec:
#       __class__: astropy.units.quantity.Quantity
#       unit: !astropy.units.Unit {unit: mas / yr}
#       value: !astropy.table.SerializedColumn {name: pm_dec}
#     pm_ra_cosdec:
#       __class__: astropy.units.quantity.Quantity
#       unit: !astropy.units.Unit {unit: mas / yr}
#       value: !astropy.table.SerializedColumn {name: pm_ra_cosdec}
#     ra:
#       __class__: astropy.coordinates.angles.Longitude
#       unit: *id001
#       value: !astropy.table.SerializedColumn {name: ra}
#       wrap_angle: !astropy.coordinates.Angle
#         unit: *id001
#         value: 360.0
#     radial_velocity:
#       __class__: astropy.units.quantity.Quantity
#       unit: !astropy.units.Unit {unit: km / s}
#       value: !astropy.table.SerializedColumn {name: radial_velocity}
# schema: astropy-2.0
ra,dec,distance,pm_ra_cosdec,pm_dec,radial_velocity
193.99999999999997,19.999999999999996,45.0,0.0,0.0,0.0
194.3145359131512,20.07018873837015,45.0,0.0,0.0,0.0
194.62935238819003,20.13982041007903,45.00000000000001,0.0,0.0,0.0
194.94444848279127,20.208892416149162,45.00000000000001,0.0,0.0,0.0
195.25982321675804,20.277402170641338,45.0,0.0,0.0,0.0
195.57547557196986,20.34534710089658,45.0,0.0,0.0,0.0
195.89140449233736,20.412724647779104,45.0,0.0,0.0,0.0
196.20760888376358,20.479532265920344,45.0,0.0,0.0,0.0
196.52408761411297,20.545767423964023,45.0,0.0,0.0,0.0
196.84083951318703,20.61142760481214,44.99999999999999,0.0,0.0,0.0
197.15786337270725,20.67651030587177,45.00000000000001,0.0,0.0,0.0
197.47515794630576,20.741013039302874,45.00000000000001,0.0,0.0,0.0
197.7927219495229,20.804933332266653,45.0,0.0,0.0,0.0
198.1105540598128,20.86826872717483,45.0,0.0,0.0,0.0
198.42865291655647,20.931016781939473,45.0,0.0,0.0,0.0
198.74701712108217,20.993175070223383,44.99999999999999,0.0,0.0,0.0
199.06564523669448,21.054741181691174,45.00000000000001,0.0,0.0,0.0
199.38453578871054,21.115712722260668,44.99999999999999,0.0,0.0,0.0
199.7036872645044,21.17608731435477,45.00000000000001,0.0,0.0,0.0
200.02309811355988,21.235862597153716,45.0,0.0,0.0,0.0
200.3427667475313,21.29503622684758,45.0,0.0,0.0,0.0
200.662691540312,21.35360587688894,44.99999999999999,0.0,0.0,0.0
200.9828708281122,21.41156923824586,45.0,0.0,0.0,0.0
201.30330290954447,21.46892401965479,44.99999999999999,0.0,0.0,0.0
201.62398604571752,21.52566794787353,45.00000000000001,0.0,0.0,0.0
201.94491846033947,21.58179876793425,45.00000000000001,0.0,0.0,0.0
202.26609833982872,21.637314243396244,45.0,0.0,0.0,0.0
202.58752383343383,21.692212156598572,45.00000000000001,0.0,0.0,0.0
202.9091930533625,21.74649030891245,45.0,0.0,0.0,0.0
203.23110407491865,21.800146520993273,45.0,0.0,0.0,0.0
203.55325493664859,21.853178633032233,44.99999999999999,0.0,0.0,0.0
203.87564364049643,21.90558450500754,45.00000000000001,0.0,0.0,0.0
204.19826815196797,21.957362016934987,45.0,0.0,0.0,0.0
204.5211264003033,22.00850906911792,45.0,0.0,0.0,0.0
204.84421627865933,22.05902358239659,45.00000000000001,0.0,0.0,0.0
205.1675356443005,22.108903498396653,45.0,0.0,0.0,0.0
205.49108231879862,22.1581467797768,45.0,0.0,0.0,0.0
205.81485408824247,22.206751410475576,45.0,0.0,0.0,0.0
206.13884870345564,22.2547153959571,45.0,0.0,0.0,0.0
206.46306388022404,22.3020367634557,45.0,0.0,0.0,0.0
206.7874972995326,22.34871356221954,45.0,0.0,0.0,0.0
207.11214660781064,22.39474386375282,45.0,0.0,0.0,0.0
207.43700941718689,22.44012576205679,45.0,0.0,0.0,0.0
207.76208330575344,22.48485737386938,45.0,0.0,0.0,0.0
208.08736581783904,22.52893683890335,45.00000000000001,0.0,0.0,0.0
208.41285446429112,22.572362320082803,45.00000000000001,0.0,0.0,0.0
208.7385467227675,22.6151320037783,44.99999999999999,0.0,0.0,0.0
209.06444003803716,22.657244100040053,45.00000000000001,0.0,0.0,0.0
209.39053182228938,22.69869684282945,45.0,0.0,0.0,0.0
209.7168194554531,22.739488490248792,45.0,0.0,0.0,0.0
210.04330028552477,22.77961732476893,44.99999999999999,0.0,0.0,0.0
210.36997162890466,22.81908165345505,45.0,0.0,0.0,0.0
210.69683077074356,22.857879808190297,45.00000000000001,0.0,0.0,0.0
211.02387496529713,22.896010145897264,45.0,0.0,0.0,0.0
211.35110143628958,22.933471048757212,45.0,0.0,0.0,0.0
211.67850737728673,22.970260924427016,45.00000000000001,0.0,0.0,0.0
212.00608995207705,23.00637820625367,45.00000000000001,0.0,0.0,0.0
212.3338462950618,23.041821353486373,45.0,0.0,0.0,0.0
212.66177351165402,23.076588851486026,45.0,0.0,0.0,0.0
212.98986867868598,23.11067921193214,45.0,0.0,0.0,0.0
213.31812884482483,23.14409097302702,45.00000000000001,0.0,0.0,0.0
213.6465510309974,23.176822699697208,45.00000000000001,0.0,0.0,0.0
213.97513223082254,23.208872983792073,45.0,0.0,0.0,0.0
214.30386941105266,23.24024044427948,45.0,0.0,0.0,0.0
214.63275951202266,23.270923727438486,45.0,0.0,0.0,0.0
214.96179944810717,23.300921507048912,45.0,0.0,0.0,0.0
215.29098610818627,23.33023248457794,45.00000000000001,0.0,0.0,0.0
215.62031635611822,23.35885538936332,45.00000000000001,0.0,0.0,0.0
215.9497870312208,23.386788978793398,45.0,0.0,0.0,0.0
216.27939494875977,23.414032038483857,45.0,0.0,0.0,0.0
216.6091369004451,23.440583382450995,45.0,0.0,0.0,0.0
216.93900965493438,23.466441853281474,44.99999999999999,0.0,0.0,0.0
217.269009958344,23.491606322298658,45.0,0.0,0.0,0.0
217.59913453476696,23.516075689725294,45.0,0.0,0.0,0.0
217.92938008679772,23.539848884842474,45.0,0.0,0.0,0.0
218.25974329606453,23.562924866144986,45.0,0.0,0.0,0.0
218.5902208237678,23.5853026214928,45.0,0.0,0.0,0.0
218.9208093112251,23.60698116825869,45.00000000000001,0.0,0.0,0.0
219.25150538042325,23.627959553472092,45.0,0.0,0.0,0.0
219.582305634576,23.648236853958778,45.00000000000001,0.0,0.0,0.0
219.9132066586877,23.667812176476758,45.0,0.0,0.0,0.0
220.24420502012381,23.68668465784794,45.0,0.0,0.0,0.0
220.5752972691864,23.704853465085748,45.00000000000001,0.0,0.0,0.0
220.90647993969506,23.722317795518553,45.00000000000001,0.0,0.0,0.0
221.23774954957426,23.73907687690888,45.0,0.0,0.0,0.0
221.56910260144505,23.755129967568365,45.0,0.0,0.0,0.0
221.90053558322188,23.770476356468343,45.00000000000001,0.0,0.0,0.0
222.23204496871494,23.78511536334618,45.0,0.0,0.0,0.0
222.56362721823652,23.7990463388071,45.0,0.0,0.0,0.0
222.89527877921202,23.812268664421573,45.00000000000001,0.0,0.0,0.0
223.22699608679562,23.824781752818367,45.0,0.0,0.0,0.0
223.55877556448976,23.83658504777288,45.0,0.0,0.0,0.0
223.89061362476815,23.847678024291014,45.0,0.0,0.0,0.0
224.22250666970353,23.858060188688484,45.0,0.0,0.0,0.0
224.55445109159785,23.867731078665457,45.0,0.0,0.0,0.0
224.8864432736162,23.876690263376545,45.0,0.0,0.0,0.0
225.21847959042404,23.884937343496116,45.00000000000001,0.0,0.0,0.0
225.55055640882702,23.892471951278928,45.0,0.0,0.0,0.0
225.88267008841316,23.899293750615964,45.0,0.0,0.0,0.0
226.2148169821983,23.90540243708558,45.0,0.0,0.0,0.0
226.5469934372731,23.910797737999832,45.00000000000001,0.0,0.0,0.0
226.8791957954522,23.915479412446,45.0,0.0,0.0,0.0
227.21142039392524,23.919447251323355,45.0,0.0,0.0,0.0
227.54366356590958,23.92270107737499,45.00000000000001,0.0,0.0,0.0
227.87592164130413,23.925240745214953,45.0,0.0,0.0,0.0
228.20819094734432,23.927066141350352,45.0,0.0,0.0,0.0
228.54046780925833,23.92817718419879,45.00000000000001,0.0,0.0,0.0
228.87274855092346,23.928573824100752,45.0,0.0,0.0,0.0
229.20502949552346,23.92825604332722,45.0,0.0,0.0,0.0
229.53730696620576,23.927223856082392,45.0,0.0,0.0,0.0
229.86957728673883,23.9254773085015,45.0,0.0,0.0,0.0
230.2018367821695,23.92301647864376,45.00000000000001,0.0,0.0,0.0
230.53408177947944,23.91984147648045,45.0,0.0,0.0,0.0
230.86630860824133,23.915952443878112,45.0,0.0,0.0,0.0
231.1985136012741,23.911349554576887,45.0,0.0,0.0,0.0
231.53069309529695,23.906033014164,45.0,0.0,0.0,0.0
231.86284343158192,23.900003060042398,45.0,0.0,0.0,0.0
232.19496095660537,23.893259961394552,45.00000000000001,0.0,0.0,0.0
232.5270420226973,23.885804019141467,44.99999999999999,0.0,0.0,0.0
232.85908298868867,23.87763556589684,45.0,0.0,0.0,0.0
233.19108022055664,23.868754965916498,45.0,0.0,0.0,0.0
233.52303009206778,23.859162615043047,45.0,0.0,0.0,0.0
233.85492898541756,23.84885894064577,45.0,0.0,0.0,0.0
234.1867732918683,23.83784440155583,45.0,0.0,0.0,0.0
234.51855941238298,23.826119487996834,45.0,0.0,0.0,0.0
234.85028375825667,23.813684721510594,45.0,0.0,0.0,0.0
235.18194275174352,23.800540654878475,45.0,0.0,0.0,0.0
235.5135328266811,23.786687872037948,45.0,0.0,0.0,0.0
235.8450504291101,23.772126987994703,45.00000000000001,0.0,0.0,0.0
236.17649201789018,23.756858648730216,45.0,0.0,0.0,0.0
236.5078540653117,23.74088353110479,45.0,0.0,0.0,0.0
236.83913305770272,23.72420234275618,45.00000000000001,0.0,0.0,0.0
237.1703254960314,23.706815821993825,45.00000000000001,0.0,0.0,0.0
237.50142789650386,23.688724737688684,45.00000000000001,0.0,0.0,0.0
237.83243679115628,23.669929889158766,45.00000000000001,0.0,0.0,0.0
238.1633487284428,23.650432106050395,45.0,0.0,0.0,0.0
238.4941602738168,23.63023224821525,45.0,0.0,0.0,0.0
238.82486801030765,23.609331205583196,45.0,0.0,0.0,0.0
239.15546853909137,23.587729898031032,45.0,0.0,0.0,0.0
239.48595848005488,23.565429275247165,45.0,0.0,0.0,0.0
239.81633447235492,23.54243031659221,45.00000000000001,0.0,0.0,0.0
240.14659317497026,23.51873403095569,45.00000000000001,0.0,0.0,0.0
240.47673126724763,23.494341456608808,45.0,0.0,0.0,0.0
240.80674544944114,23.469253661053326,45.0,0.0,0.0,0.0
241.13663244324468,23.44347174086673,45.0,0.0,0.0,0.0
241.46638899231806,23.416996821543584,45.0,0.0,0.0,0.0
241.7960118628056,23.389830057333295,45.00000000000001,0.0,0.0,0.0
242.1254978438478,23.36197263107419,45.00000000000001,0.0,0.0,0.0
242.45484374808578,23.33342575402412,45.0,0.0,0.0,0.0
242.78404641215823,23.304190665687518,45.0,0.0,0.0,0.0
243.11310269719093,23.274268633639128,45.00000000000001,0.0,0.0,0.0
243.44200948927852,23.243660953344314,45.0,0.0,0.0,0.0
243.7707636999585,23.21236894797615,45.00000000000001,0.0,0.0,0.0
244.0993622666777,23.180393968229225,45.00000000000001,0.0,0.0,0.0
244.4278021532501,23.147737392130416,45.0,0.0,0.0,0.0
244.75608035030737,23.114400624846503,45.00000000000001,0.0,0.0,0.0
245.08419387574054,23.080385098488836,45.00000000000001,0.0,0.0,0.0
245.4121397751338,23.04569227191507,45.0,0.0,0.0,0.0
245.73991512218976,23.010323630528013,45.0,0.0,0.0,0.0
246.06751701914658,22.974280686071765,45.0,0.0,0.0,0.0
246.39494259718603,22.937564976425104,45.00000000000001,0.0,0.0,0.0
246.72218901683343,22.900178065392257,45.00000000000001,0.0,0.0,0.0
247.04925346834867,22.862121542491106,45.00000000000001,0.0,0.0,0.0
247.37613317210875,22.82339702273892,45.00000000000001,0.0,0.0,0.0
247.70282537898112,22.784006146435747,45.00000000000001,0.0,0.0,0.0
248.0293273706886,22.743950578945356,45.0,0.0,0.0,0.0
248.3556364601651,22.70323201047401,45.00000000000001,0.0,0.0,0.0
248.68174999190256,22.661852155847157,45.0,0.0,0.0,0.0
249.00766534228887,22.619812754283778,45.00000000000001,0.0,0.0,0.0
249.33337991993673,22.577115569168992,45.0,0.0,0.0,0.0
249.6588911660033,22.533762387824527,45.00000000000001,0.0,0.0,0.0
249.98419655450118,22.48975502127748,45.0,0.0,0.0,0.0
250.3092935925998,22.445095304027138,45.00000000000001,0.0,0.0,0.0
250.63417982091815,22.399785093810227,45.0,0.0,0.0,0.0
250.95885281380782,22.353826271364465,45.00000000000001,0.0,0.0,0.0
251.2833101796274,22.30722074019061,45.00000000000001,0.0,0.0,0.0
251.60754956100737,22.259970426312986,45.0,0.0,0.0,0.0
251.9315686351061,22.212077278038652,45.00000000000001,0.0,0.0,0.0
252.25536511385621,22.163543265715248,45.00000000000001,0.0,0.0,0.0
252.5789367442026,22.11437038148761,45.00000000000001,0.0,0.0,0.0
252.9022813083303,22.064560639053216,45.00000000000001,0.0,0.0,0.0
253.22539662388417,22.01411607341653,45.00000000000001,0.0,0.0,0.0
253.5482805441788,21.96303874064237,45.0,0.0,0.0,0.0
253.8709309583995,21.911330717608354,45.00000000000001,0.0,0.0,0.0
254.19334579179448,21.858994101756416,45.00000000000001,0.0,0.0,0.0
254.5155230058578,21.80603101084365,45.0,0.0,0.0,0.0
254.83746059850304,21.75244358269236,45.00000000000001,0.0,0.0,0.0
255.15915660422874,21.698233974939534,45.00000000000001,0.0,0.0,0.0
255.48060909427394,21.64340436478569,45.0,0.0,0.0,0.0
255.8018161767659,21.587956948743393,45.0,0.0,0.0,0.0
256.122775996858,21.531893942385118,45.0,0.0,0.0,0.0
256.44348673685994,21.475217580091023,45.0,0.0,0.0,0.0
256.7639466163578,21.41793011479631,45.0,0.0,0.0,0.0
257.084153892327,21.36003381773839,45.0,0.0,0.0,0.0
257.4041068592354,21.301530978204006,45.00000000000001,0.0,0.0,0.0
257.7238038491387,21.242423903276226,45.00000000000001,0.0,0.0,0.0
258.0432432317669,21.18271491758146,45.00000000000001,0.0,0.0,0.0
258.3624234146026,21.122406363036582,45.0,0.0,0.0,0.0
258.6813428429505,21.06150059859617,45.00000000000001,0.0,0.0,0.0
259.0,20.999999999999993,45.00000000000001,0.0,0.0,0.0
