galstreams/tracks/track.st.M2.grillmair2022.ecsv
# %ECSV 0.9
# ---
# datatype:
# - {name: ra, unit: deg, datatype: float64}
# - {name: dec, unit: deg, datatype: float64}
# - {name: distance, unit: kpc, datatype: float64}
# - {name: pm_ra_cosdec, unit: mas / yr, datatype: float64}
# - {name: pm_dec, unit: mas / yr, datatype: float64}
# - {name: radial_velocity, unit: km / s, datatype: float64}
# delimiter: ','
# meta: !!omap
# - __serialized_columns__:
#     dec:
#       __class__: astropy.coordinates.angles.Latitude
#       unit: &id001 !astropy.units.Unit {unit: deg}
#       value: !astropy.table.SerializedColumn {name: dec}
#     distance:
#       __class__: astropy.coordinates.distances.Distance
#       unit: !astropy.units.Unit {unit: kpc}
#       value: !astropy.table.SerializedColumn {name: distance}
#     pm_dec:
#       __class__: astropy.units.quantity.Quantity
#       unit: !astropy.units.Unit {unit: mas / yr}
#       value: !astropy.table.SerializedColumn {name: pm_dec}
#     pm_ra_cosdec:
#       __class__: astropy.units.quantity.Quantity
#       unit: !astropy.units.Unit {unit: mas / yr}
#       value: !astropy.table.SerializedColumn {name: pm_ra_cosdec}
#     ra:
#       __class__: astropy.coordinates.angles.Longitude
#       unit: *id001
#       value: !astropy.table.SerializedColumn {name: ra}
#       wrap_angle: !astropy.coordinates.Angle
#         unit: *id001
#         value: 360.0
#     radial_velocity:
#       __class__: astropy.units.quantity.Quantity
#       unit: !astropy.units.Unit {unit: km / s}
#       value: !astropy.table.SerializedColumn {name: radial_velocity}
# schema: astropy-2.0
ra,dec,distance,pm_ra_cosdec,pm_dec,radial_velocity
[from data line 2588]
305.75431114657465,-6.698199520183704,11.692999999999998,5.364029175425461,-1.8926482864292302,-2.1262437002927655e-13
305.7638779266601,-6.695185790853846,11.692999999999998,5.362939812088367,-1.8929366886137766,0.0
305.77344479557223,-6.692172503507634,11.692999999999998,5.36185054608973,-1.8932250635776209,-1.0104920555846805e-13
305.7830117526979,-6.6891596561163755,11.692999999999998,5.360761377559902,-1.8935134109020728,-2.3367628785395737e-13
305.79257879742346,-6.686147246651001,11.692999999999998,5.359672306629146,-1.8938017301683492,-7.157652060391487e-14
305.802145929135,-6.683135273081991,11.693,5.358583333427651,-1.8940900209575757,-3.157787673702127e-14
305.81171314721837,-6.680123733379409,11.693,5.357494458085525,-1.89437828285079,-1.9578283576953187e-13
305.8212804510589,-6.677112625512973,11.693,5.356405680732797,-1.8946665154289455,-2.020984111169361e-13
305.8308478400419,-6.674101947451948,11.692999999999998,5.355317001499419,-1.8949547182729014,-5.6840178126638284e-14
305.840415313552,-6.671091697165214,11.693000000000001,5.3542284205152555,-1.8952428909634362,-1.9999321933446803e-13
305.84998287097375,-6.668081872621308,11.692999999999998,5.353139937910102,-1.895531033081245,-2.1683475359421271e-13
305.85955051169145,-6.665072471788319,11.693,5.352051553813658,-1.8958191442069303,-1.768361097273191e-13
305.8691182350888,-6.662063492634028,11.693,5.3509632683555575,-1.8961072239210206,-4.210383564936169e-14
305.87868604054944,-6.659054933125789,11.693,5.349875081665344,-1.8963952718039576,-3.157787673702127e-14
305.88825392745656,-6.656046791230593,11.692999999999998,5.348786993872481,-1.896683287436103,-1.8315168507472335e-13
305.89782189519315,-6.653039064915112,11.693000000000001,5.3476990051063495,-1.8969712703977355,-9.47336302110638e-14
305.9073899431417,-6.650031752145618,11.693,5.346611115496254,-1.8972592202690575,-1.9367764398706378e-13
305.91695807068476,-6.647024850888022,11.693,5.345523325171406,-1.8975471366301921,-9.262843842859572e-14
305.9265262772042,-6.64401835910794,11.693000000000001,5.344435634260945,-1.897835019061183,-2.1262437002927655e-13
305.9360945620817,-6.641012274770602,11.693,5.343348042893922,-1.8981228671419996,-2.042036028994042e-13
305.9456629246988,-6.638006595840882,11.693,5.342260551199301,-1.8984106804525338,-2.1051917824680845e-13
305.9552313644365,-6.635001320283393,11.692999999999998,5.341173159305969,-1.8986984585726039,-1.0736478090587231e-13
305.9647998806757,-6.631996446062348,11.692999999999998,5.340085867342724,-1.898986201081954,-1.49468616555234e-13
305.97436847279687,-6.62899197114165,11.692999999999998,5.338998675438284,-1.8992739075602543,-2.1051917824680845e-13
305.9839371401803,-6.625987893484927,11.693000000000001,5.337911583721274,-1.8995615775871026,-1.1368035625327657e-13
305.9935058822058,-6.622984211055449,11.693000000000001,5.336824592320248,-1.8998492107420313,-1.2631150694808506e-14
306.0030746982532,-6.619980921816168,11.693000000000003,5.335737701363662,-1.9001368066044932,-1.0946997268834039e-13
306.01264358770175,-6.616978023729797,11.692999999999998,5.334650910979893,-1.900424364753882,-1.0946997268834039e-13
306.02221254993054,-6.613975514758677,11.693000000000001,5.333564221297223,-1.9007118847695135,-9.47336302110638e-14
306.0317815843185,-6.610973392864874,11.693,5.3324776324438625,-1.900999366230642,-1.3262708229548932e-13
306.0413506902439,-6.607971656010208,11.693000000000001,5.331391144547923,-1.901286808716456,-2.1051917824680846e-14
306.0509198670851,-6.604970302156164,11.692999999999998,5.330304757737435,-1.9015742118060772,-1.9999321933446803e-13
306.06048911422016,-6.601969329263944,11.692999999999998,5.32921847214034,-1.9018615750785586,-2.1051917824680846e-14
306.07005843102655,-6.598968735294533,11.692999999999998,5.328132287884493,-1.9021488981128978,3.789345208442552e-14
306.0796278168818,-6.59596851820857,11.693000000000001,5.327046205097655,-1.9024361804880225,-2.1472956181174462e-13
306.08919727116296,-6.592968675966508,11.693,5.325960223907512,-1.9027234217828037,-1.0736478090587231e-13
306.0987667932469,-6.58996920652848,11.693,5.3248743444416515,-1.9030106215760476,-2.947268495455318e-14
306.10833638251034,-6.586970107854363,11.693,5.323788566827575,-1.903297779446504,-3.157787673702127e-14
306.11790603832935,-6.5839713779038425,11.692999999999998,5.322702891192693,-1.9035848949728638,-1.368374658604255e-13
306.1274757600802,-6.580973014636297,11.693000000000001,5.321617317664327,-1.9038719677337554,-1.5578419190263825e-13
306.13704554713854,-6.577975016010871,11.693000000000001,5.320531846369713,-1.9041589973077566,-1.9578283576953187e-13
306.14661539887993,-6.57497737998653,11.693000000000001,5.319446477435993,-1.904445983273384,-1.8525687685719145e-13
306.15618531467965,-6.571980104521944,11.693000000000001,5.318361210990221,-1.9047329252091032,-2.2104513715914888e-13
306.16575529391275,-6.568983187575567,11.693000000000001,5.3172760471593605,-1.9050198226933195,-2.2946590428902123e-13
306.17532533595386,-6.565986627105677,11.693,5.3161909860702785,-1.9053066753043952,-1.221011233831489e-13
306.1848954401775,-6.562990421070294,11.692999999999998,5.315106027849761,-1.9055934826206289,-1.1789073981821273e-13
306.194465605958,-6.559994567427216,11.693,5.314021172624491,-1.9058802442202745,4.210383564936169e-14
306.2040358326692,-6.556999064134089,11.693000000000001,5.312936420521067,-1.9061669596815347,-6.105056169157445e-14
306.21360611968487,-6.554003909148312,11.693,5.311851771665999,-1.9064536285825617,-1.3052189051302125e-13
306.2231764663786,-6.55100910042708,11.693,5.310767226185693,-1.9067402505014597,-1.5788938368510635e-13
306.23274687212347,-6.54801463592745,11.693,5.309682784206472,-1.9070268250162863,-2.3367628785395737e-13
306.24231733629256,-6.545020513606245,11.693,5.308598445854562,-1.9073133517050478,-1.3052189051302125e-13
306.25188785825867,-6.5420267314200995,11.693000000000001,5.307514211256096,-1.907599830145711,-1.0736478090587231e-13
306.26145843739414,-6.539033287325526,11.693,5.306430080537116,-1.9078862599161954,-1.3262708229548932e-13
306.27102907307136,-6.536040179278813,11.693000000000001,5.305346053823564,-1.9081726405943762,-2.6525416459097863e-13
306.2805997646624,-6.533047405236081,11.692999999999998,5.3042621312412965,-1.908458971758085,-1.1368035625327657e-13
306.29017051153886,-6.530054963153335,11.693000000000001,5.303178312916064,-1.9087452529851123,-7.368171238638296e-14
306.2997413130725,-6.527062850986364,11.693000000000001,5.302094598973535,-1.9090314838532076,-4.8419410996765944e-14
306.3093121686345,-6.524071066690872,11.692999999999998,5.301010989539276,-1.909317663940083,-1.9999321933446803e-13
306.318883077596,-6.521079608222348,11.693000000000001,5.299927484738754,-1.9096037928234049,-1.2631150694808506e-14
306.32845403932794,-6.5180884735361575,11.693000000000001,5.298844084697348,-1.9098898700808085,-8.631286308119147e-14
306.33802505320085,-6.51509766058757,11.693,5.297760789540338,-1.9101758952898868,-9.47336302110638e-14
306.34759611858516,-6.512107167331671,11.693,5.296677599392908,-1.910461868028198,-3.5788260301957434e-14
306.3571672348511,-6.509116991723416,11.692999999999998,5.295594514380143,-1.9107477878732682,-2.042036028994042e-13
306.36673840136854,-6.506127131717696,11.693,5.294511534627031,-1.9110336544025828,-2.1262437002927655e-13
306.37630961750733,-6.503137585269222,11.693000000000001,5.293428660258467,-1.9113194671935978,-1.4315304120782974e-13
306.385880882637,-6.500148350332599,11.693000000000001,5.292345891399249,-1.911605225823736,-1.7262572616238293e-13
306.3954521961268,-6.4971594248623745,11.693000000000001,5.291263228174069,-1.91189092987039,-1.4104784942536167e-13
306.4050235573458,-6.494170806812937,11.693,5.290180670707528,-1.912176578910919,-8.420767129872338e-14
306.414594965663,-6.491182494138574,11.693,5.289098219124126,-1.9124621725226516,-1.6841534259744677e-13
306.4241664204469,-6.488194484793537,11.692999999999998,5.2880158735482645,-1.9127477102828936,-2.1051917824680845e-13
306.43373792106604,-6.485206776731933,11.693000000000001,5.286933634104242,-1.913033191768915,-2.315710960714893e-13
306.4433094668888,-6.482219367907785,11.692999999999998,5.285851500916273,-1.913318616557965,4.8419410996765944e-14
306.45288105728304,-6.479232256275089,11.693000000000001,5.2847694741084466,-1.913603984227264,-5.0524602779234026e-14
306.46245269161665,-6.476245439787716,11.693,5.283687553804777,-1.9138892943540085,-9.894401377599997e-14
306.4720243692573,-6.473258916399464,11.692999999999998,5.282605740129161,-1.91417454651537,-1.7052053437991484e-13
306.48159608957246,-6.470272684064116,11.693,5.281524033205401,-1.9144597402884953,-5.894536990910637e-14
306.49116785192933,-6.467286740735353,11.692999999999998,5.280442433157204,-1.9147448752505158,-7.999728773378721e-14
306.50073965569493,-6.464301084366787,11.692999999999998,5.279360940108166,-1.9150299509785325,-2.3999186320136165e-13
306.5103115002361,-6.4613157129120475,11.693,5.278279554181784,-1.9153149670496308,-2.3578147963642546e-13
306.51988338491964,-6.458330624324637,11.692999999999998,5.277198275501458,-1.9155999230408778,-2.2315032894161697e-13
306.5294553091118,-6.455345816558091,11.692999999999998,5.276117104190485,-1.9158848185293191,-6.73661370389787e-14
306.539027272179,-6.452361287565858,11.693,5.2750360403720515,-1.9161696530919856,-2.1051917824680845e-15
306.5485992734873,-6.449377035301357,11.693000000000001,5.27395508416925,-1.9164544263058887,-1.6841534259744677e-13
306.5581713124025,-6.446393057718032,11.693,5.272874235705069,-1.916739137748028,-2.1472956181174462e-13
306.56774338829047,-6.443409352769251,11.692999999999998,5.271793495102391,-1.9170237869953846,-1.0525958912340423e-13
306.57731550051665,-6.44042591840837,11.692999999999998,5.270712862483992,-1.917308373624927,-2.73674931720851e-13
306.58688764844646,-6.437442752588786,11.692999999999998,5.269632337972551,-1.9175928972136131,-1.49468616555234e-13
306.596459831445,-6.434459853263833,11.693,5.268551921690638,-1.917877357338386,4.210383564936169e-15
306.60603204887724,-6.43147721838685,11.693000000000001,5.267471613760723,-1.9181617535761775,-2.6735935637344673e-13
306.6156043001081,-6.428494845911229,11.692999999999998,5.266391414305165,-1.918446085503915,1.0525958912340423e-14
306.6251765845021,-6.425512733790315,11.692999999999998,5.265311323446223,-1.91873035269851,-1.6841534259744676e-14
306.6347489014239,-6.42253087997747,11.693,5.264231341306047,-1.91901455473687,-1.620997672500425e-13
306.6443212502377,-6.419549282426126,11.693,5.263151468006683,-1.9192986911958931,-1.1578554803574466e-13
306.65389363030755,-6.416567939089683,11.692999999999998,5.262071703670074,-1.9195827616524734,-1.368374658604255e-13
306.6634660409976,-6.41358684792157,11.693000000000001,5.2609920484180455,-1.919866765683496,-7.999728773378721e-14
306.6730384816715,-6.410606006875309,11.692999999999998,5.259912502372335,-1.9201507028658484,-1.2841669873055315e-13
306.68261095169294,-6.407625413904372,11.693,5.258833065654554,-1.9204345727764074,-1.620997672500425e-13
306.69218345042543,-6.404645066962362,11.692999999999998,5.257753738386221,-1.9207183749920533,-1.1368035625327657e-13
306.70175597723227,-6.401664964002865,11.692999999999998,5.256674520688736,-1.9210021090896592,2.7367493172085098e-14
306.7113285314767,-6.398685102979522,11.693,5.255595412683398,-1.921285774646102,-2.631489728085106e-13
306.7209011125216,-6.395705481846088,11.693,5.254516414491397,-1.9215693712382562,-8.631286308119147e-14
306.7304737197299,-6.392726098556323,11.692999999999998,5.2534375262338155,-1.9218528984430039,-9.894401377599997e-14
306.74004635246433,-6.389746951064052,11.693000000000001,5.252358748031621,-1.9221363558372184,-9.47336302110638e-14
306.7496190100873,-6.38676803732323,11.692999999999998,5.251280080005682,-1.9224197429977865,-1.5999457546757442e-13
306.7591916919614,-6.3837893552878295,11.693000000000001,5.250201522276747,-1.9227030595015941,-2.5262301389617017e-13
306.7687643974489,-6.380810902911914,11.693000000000001,5.249123074965462,-1.9229863049255318,-2.1472956181174462e-13
306.7783371259117,-6.377832678149676,11.693,5.248044738192364,-1.9232694788465006,-2.5051782211370207e-13
306.787909876712,-6.374854678955349,11.693000000000001,5.246966512077872,-1.9235525808414025,-2.2946590428902123e-13
306.7974826492115,-6.371876903283269,11.693,5.245888396742304,-1.9238356104871532,-2.063087946818723e-13
306.8070554427719,-6.368899349087916,11.693000000000001,5.244810392305857,-1.9241185673606735,-5.6840178126638284e-14
306.81662825675477,-6.36592201432383,11.693000000000001,5.243732498888628,-1.924401451038896,-1.347322740779574e-13
306.8262010905216,-6.3629448969456615,11.692999999999998,5.242654716610596,-1.924684261098762,-1.5367900012017016e-13
306.8357739434336,-6.3599679949082235,11.693,5.241577045591626,-1.9249669971172267,-6.105056169157445e-14
306.8453468148519,-6.3569913061664,11.693000000000001,5.240499485951476,-1.9252496586712557,-1.4104784942536167e-13
306.8549197041376,-6.354014828675204,11.692999999999998,5.239422037809792,-1.9255322453378307,-3.5788260301957434e-14
306.8644926106515,-6.351038560389825,11.693,5.238344701286101,-1.9258147566939479,-9.47336302110638e-14
306.8740655337544,-6.34806249926554,11.693,5.237267476499825,-1.9260971923166157,-2.1051917824680845e-13
306.88363847280704,-6.345086643257763,11.693000000000001,5.236190363570269,-1.9263795517828615,-2.2946590428902123e-13
306.89321142716983,-6.342110990322105,11.693000000000001,5.235113362616621,-1.926661834669732,-2.3788667141889356e-13
306.90278439620323,-6.3391355384142605,11.693000000000001,5.234036473757968,-1.9269440405542868,-1.8315168507472335e-13
306.91235737926746,-6.336160285490144,11.693000000000001,5.232959697113264,-1.9272261690136105,-6.105056169157445e-14
306.9219303757227,-6.333185229505778,11.693,5.231883032801364,-1.927508219624805,-2.8209569885072334e-13
306.9315033849291,-6.330210368417352,11.693,5.230806480941002,-1.9277901919649907,4.210383564936169e-14
306.9410764062464,-6.327235700181273,11.692999999999998,5.229730041650795,-1.9280720856113174,-3.9998643866893604e-14
306.9506494390345,-6.32426122275407,11.693000000000001,5.228653715049247,-1.9283539001409506,-1.3894265764289357e-13
306.9602224826533,-6.321286934092457,11.692999999999998,5.227577501254755,-1.9286356351310845,-5.2629794561702114e-14
306.9697955364621,-6.3183128321533735,11.693,5.226501400385584,-1.9289172901589353,-2.1893994537668078e-13
306.9793685998206,-6.315338914893907,11.692999999999998,5.225425412559893,-1.9291988648017486,0.0
306.9889416720881,-6.312365180271327,11.693,5.224349537895723,-1.9294803586367915,-1.620997672500425e-13
306.99851475262386,-6.309391626243163,11.693,5.223273776510998,-1.929761771241366,-2.3578147963642546e-13
307.0080878407872,-6.3064182507670905,11.693,5.222198128523525,-1.930043102192795,-2.1683475359421271e-13
307.01766093593716,-6.303445051800993,11.692999999999998,5.221122594050993,-1.9303243510684358,-1.894672604221276e-13
307.0272340374326,-6.300472027303022,11.692999999999998,5.22004717321097,-1.9306055174456762,-8.420767129872338e-14
307.0368071446326,-6.297499175231489,11.693000000000001,5.2189718661209135,-1.9308866009019356,-2.2525552072408504e-13
307.0463802568958,-6.294526493544938,11.692999999999998,5.21789667289816,-1.9311676010146632,-2.568333974611063e-13
307.0559533735811,-6.291553980202181,11.693000000000001,5.216821593659923,-1.931448517361344,-5.0524602779234026e-14
307.0655264940469,-6.288581633162219,11.693000000000001,5.215746628523302,-1.9317293495194978,-1.5578419190263825e-13
307.07509961765186,-6.285609450384286,11.692999999999998,5.214671777605277,-1.9320100970666791,-9.894401377599997e-14
307.0846727437544,-6.282637429827911,11.693000000000001,5.213597041022706,-1.9322907595804772,-7.368171238638296e-14
