galstreams/tracks/track.st.AAU-AliqaUma.li2021.ecsv
# %ECSV 0.9
# ---
# datatype:
# - {name: ra, unit: deg, datatype: float64}
# - {name: dec, unit: deg, datatype: float64}
# - {name: distance, unit: kpc, datatype: float64}
# - {name: pm_ra_cosdec, unit: mas / yr, datatype: float64}
# - {name: pm_dec, unit: mas / yr, datatype: float64}
# - {name: radial_velocity, unit: km / s, datatype: float64}
# delimiter: ','
# meta: !!omap
# - __serialized_columns__:
#     dec:
#       __class__: astropy.coordinates.angles.Latitude
#       unit: &id001 !astropy.units.Unit {unit: deg}
#       value: !astropy.table.SerializedColumn {name: dec}
#     distance:
#       __class__: astropy.coordinates.distances.Distance
#       unit: !astropy.units.Unit {unit: kpc}
#       value: !astropy.table.SerializedColumn {name: distance}
#     pm_dec:
#       __class__: astropy.units.quantity.Quantity
#       unit: !astropy.units.Unit {unit: mas / yr}
#       value: !astropy.table.SerializedColumn {name: pm_dec}
#     pm_ra_cosdec:
#       __class__: astropy.units.quantity.Quantity
#       unit: !astropy.units.Unit {unit: mas / yr}
#       value: !astropy.table.SerializedColumn {name: pm_ra_cosdec}
#     ra:
#       __class__: astropy.coordinates.angles.Longitude
#       unit: *id001
#       value: !astropy.table.SerializedColumn {name: ra}
#       wrap_angle: !astropy.coordinates.Angle
#         unit: *id001
#         value: 360.0
#     radial_velocity:
#       __class__: astropy.units.quantity.Quantity
#       unit: !astropy.units.Unit {unit: km / s}
#       value: !astropy.table.SerializedColumn {name: radial_velocity}
# schema: astropy-2.0
ra,dec,distance,pm_ra_cosdec,pm_dec,radial_velocity
31.157871636098392,-32.87905256445056,25.60982328596275,0.1723710308173964,-0.7866165971108707,-55.48041623410119
31.167677748347707,-32.88492594237263,25.61427450392886,0.1724991245006597,-0.78638914863961,-55.42646020939663
31.177484625940306,-32.89079943564713,25.618727971376973,0.17262706343567166,-0.7861615404189453,-55.37249423352071
31.18729226932405,-32.896673044161055,25.623183688307094,0.1727548475710668,-0.7859337724834179,-55.31851830647342
31.197100678946935,-32.902546767801404,25.62764165471922,0.1728824768554699,-0.7857058448675938,-55.26453242825479
31.20690985525704,-32.90842060645506,25.632101870613347,0.17300995123749552,-0.7854777576060602,-55.21053659886478
31.216719798702638,-32.91429456000891,25.63656433598947,0.17313727066574966,-0.7852495107334287,-55.156530818303395
31.226530509732072,-32.920168628349785,25.641029050847603,0.1732644350888277,-0.7850211042843326,-55.102515086570655
31.236341988793804,-32.92604281136444,25.645496015187735,0.17339144445531476,-0.7847925382934282,-55.04848940366653
31.24615423633645,-32.93191710893959,25.64996522900988,0.17351829871378768,-0.7845638127953949,-54.994453769591075
31.255967252808734,-32.93779152096191,25.654436692314025,0.17364499781281229,-0.7843349278249354,-54.94040818434423
31.26578103865951,-32.94366604731802,25.65891040510017,0.17377154170094575,-0.7841058834167751,-54.886352647926074
31.27559559433776,-32.94954068789448,25.663386367368318,0.17389793032673512,-0.7838766796056622,-54.83228716033651
31.285410920292588,-32.955415442577824,25.66786457911847,0.17402416363871762,-0.783647316426368,-54.77821172157561
31.295227016973197,-32.9612903112545,25.67234504035063,0.17415024158542028,-0.7834177939136859,-54.724126331643326
31.305043884828937,-32.96716529381093,25.676827751064796,0.17427616411536137,-0.7831881121024336,-54.67003099053968
31.314861524309297,-32.973040390133505,25.681312711260958,0.1744019311770492,-0.7829582710274516,-54.61592569826468
31.324679935863852,-32.978915600108515,25.685799920939125,0.17452754271898185,-0.7827282707236023,-54.561810454818314
31.334499119942336,-32.98479092362223,25.690289380099294,0.1746529986896485,-0.7824981112257718,-54.507685260200574
31.344319076994594,-32.99066636056088,25.694781088741465,0.17477829903752806,-0.7822677925688699,-54.453550114411485
31.354139807470577,-32.996541910810606,25.69927504686565,0.17490344371108957,-0.7820373147878275,-54.399405017451016
31.363961311820393,-33.00241757425754,25.703771254471835,0.1750284326587934,-0.7818066779176005,-54.3452499693192
31.373783590494256,-33.00829335078775,25.708269711560018,0.1751532658290889,-0.7815758819931671,-54.29108497001604
31.383606643942503,-33.014169240287245,25.71277041813021,0.17527794317041667,-0.7813449270495283,-54.23691001954147
31.3934304726156,-33.02004524264198,25.717273374182405,0.17540246463120693,-0.7811138131217081,-54.18272511789557
31.403255076964147,-33.02592135773788,25.721778579716595,0.1755268301598813,-0.7808825402447543,-54.12853026507829
31.413080457438834,-33.03179758546079,25.726286034732798,0.17565103970485024,-0.7806511084537368,-54.074325461089664
31.422906614490525,-33.037673925696545,25.730795739230995,0.1757750932145156,-0.7804195177837496,-54.020110705929646
31.432733548570166,-33.043550378330885,25.73530769321121,0.17589899063726927,-0.7801877682699088,-53.96588599959831
31.442561260128862,-33.049426943249514,25.739821896673426,0.17602273192149304,-0.779955859947354,-53.91165134209559
31.45238974961781,-33.05530362033811,25.744338349617635,0.17614631701555974,-0.7797237928512486,-53.857406733421485
31.462219017488362,-33.06118040948227,25.74885705204386,0.176269745867832,-0.7794915670167777,-53.803152173576066
31.472049064191964,-33.06705731056755,25.753378003952072,0.1763930184266629,-0.7792591824791513,-53.74888766255922
31.481879890180217,-33.07293432347945,25.757901205342304,0.17651613464039584,-0.7790266392736006,-53.694613200371066
31.49171149590482,-33.078811448103444,25.762426656214533,0.17663909445736428,-0.7787939374353814,-53.640328787011526
31.50154388181763,-33.08468868432491,25.76695435656876,0.17676189782589286,-0.7785610769997724,-53.58603442248061
31.51137704837058,-33.09056603202922,25.771484306404997,0.17688454469429538,-0.7783280580020748,-53.53173010677836
31.52121099601578,-33.096443491101674,25.776016505723245,0.177007035010877,-0.7780948804776138,-53.47741583990474
31.53104572520543,-33.102321061427496,25.78055095452348,0.1771293687239318,-0.7778615444617372,-53.42309162185974
31.540881236391886,-33.10819874289192,25.78508765280573,0.1772515457817463,-0.7776280499898166,-53.36875745264338
31.550717530027587,-33.11407653538008,25.789626600569978,0.17737356613259553,-0.7773943970972466,-53.31441333225566
31.56055460656512,-33.11995443877705,25.794167797816236,0.1774954297247454,-0.7771605858194439,-53.260059260696615
31.57039246645721,-33.1258324529679,25.798711244544492,0.17761713650645225,-0.7769266161918505,-53.205695237966154
31.580231110156703,-33.13171057783763,25.803256940754753,0.17773868642596288,-0.7766924882499304,-53.15132126406434
31.590070538116542,-33.13758881327116,25.807804886447016,0.17786007943151436,-0.7764582020291706,-53.09693733899121
31.59991075078983,-33.14346715915339,25.812355081621284,0.17798131547133378,-0.7762237575650821,-53.042543462746636
31.60975174862976,-33.14934561536916,25.81690752627756,0.1781023944936382,-0.7759891548931985,-52.988139635330754
31.61959353208969,-33.15522418180325,25.821462220415835,0.17822331644663686,-0.7757543940490779,-52.9337258567435
31.629436101623085,-33.1611028583404,25.826019164036108,0.17834408127852702,-0.7755194750683001,-52.87930212698491
31.639279457683525,-33.1669816448653,25.830578357138396,0.1784646889374976,-0.7752843979864692,-52.82486844605494
31.649123600724742,-33.17286054126258,25.83513979972268,0.17858513937172804,-0.7750491628392124,-52.77042481395356
31.65896853120056,-33.17873954741682,25.83970349178897,0.1787054325293869,-0.77481376966218,-52.71597123068087
31.668814249564953,-33.18461866321255,25.84426943333726,0.17882556835863406,-0.7745782184910464,-52.66150769623679
31.678660756272002,-33.19049788853423,25.848837624367565,0.17894554680761934,-0.7743425093615077,-52.60703421062137
31.688508051775944,-33.19637722326631,25.85340806487986,0.1790653678244836,-0.7741066423092858,-52.55255077383457
31.698356136531117,-33.20225666729316,25.85798075487417,0.17918503135735736,-0.7738706173701236,-52.49805738587643
31.708205010991986,-33.20813622049909,25.862555694350476,0.17930453735436105,-0.7736344345797889,-52.44355404674689
31.71805467561316,-33.21401588276839,25.867132883308784,0.17942388576360657,-0.7733980939740721,-52.389040756446015
31.727905130849347,-33.21989565398526,25.8717123217491,0.1795430765331955,-0.7731615955887874,-52.33451751497377
31.737756377155403,-33.22577553403387,25.87629400967142,0.17966210961121998,-0.7729249394597724,-52.279984322330165
31.747608414986285,-33.231655522798334,25.880877947075742,0.17978098494576214,-0.7726881256228877,-52.22544117851519
31.757461244797124,-33.23753562016271,25.885464133962067,0.179899702484895,-0.7724511541140178,-52.17088808352885
31.767314867043115,-33.24341582601103,25.890052570330397,0.18001826217668127,-0.7722140249690704,-52.11632503737117
31.77716928217962,-33.24929614022723,25.89464325618073,0.18013666396917463,-0.7719767382239769,-52.061752040042094
31.787024490662144,-33.25517656269522,25.899236191513065,0.18025490781041925,-0.7717392939146918,-52.00716909154166
31.796880492946247,-33.261057093298845,25.903831376327403,0.18037299364844872,-0.7715016920771933,-51.952576191869895
31.806737289487693,-33.26693773192192,25.908428810623754,0.18049092143128756,-0.7712639327474827,-51.897973341026756
31.816594880742326,-33.272818478448194,25.9130284944021,0.180608691106951,-0.7710260159615858,-51.84336053901223
31.82645326716613,-33.27869933276136,25.91763042766245,0.1807263026234442,-0.7707879417555508,-51.788737785826385
31.83631244921522,-33.28458029474506,25.922234610404804,0.18084375592876262,-0.7705497101654497,-51.734105081469124
31.846172427345827,-33.29046136428288,25.92684104262916,0.1809610509708918,-0.7703113212273784,-51.67946242594055
31.856033202014327,-33.29634254125838,25.931449724335522,0.1810781876978089,-0.7700727749774561,-51.62480981924059
31.86589477367719,-33.302223825555025,25.93606065552389,0.18119516605747973,-0.7698340714518249,-51.57014726136927
31.875757142791045,-33.30810521705627,25.94067383619425,0.18131198599786194,-0.7695952106866522,-51.51547475232656
31.885620309812627,-33.31398671564546,25.94528926634663,0.18142864746690254,-0.7693561927181266,-51.46079229211254
31.89548427519881,-33.319868321205966,25.949906945981006,0.1815451504125392,-0.7691170175824624,-51.40609988072713
31.905349039406595,-33.32575003362105,25.954526875097383,0.1816614947827006,-0.7688776853158963,-51.35139751817035
31.915214602893094,-33.331631852773924,25.959149053695764,0.18177768052530452,-0.7686381959546891,-51.29668520444223
31.925080966115573,-33.33751377854779,25.963773481776148,0.18189370758826046,-0.7683985495351247,-51.24196293954273
31.934948129531392,-33.34339581082572,25.968400159338543,0.18200957591946718,-0.7681587460935106,-51.18723072347187
31.944816093598064,-33.34927794949082,25.973029086382937,0.18212528546681436,-0.767918785666179,-51.13248855622965
31.954684858773216,-33.355160194426084,25.977660262909332,0.1822408361781819,-0.7676786682894845,-51.07773643781605
31.964554425514613,-33.361042545514465,25.982293688917736,0.1823562280014406,-0.7674383939998057,-51.0229743682311
31.974424794280132,-33.366925002638894,25.986929364408134,0.18247146088445054,-0.767197962833545,-50.96820234747479
31.984295965527778,-33.37280756568221,25.991567289380548,0.1825865347750631,-0.766957374827129,-50.91342037554713
31.99416793971571,-33.37869023452722,25.996207463834956,0.18270144962112003,-0.766716630017007,-50.858628452448094
32.004040717302175,-33.38457300905666,26.000849887771377,0.18281620537045243,-0.766475728439652,-50.80382657817768
32.01391429874557,-33.390455889153245,26.005494561189792,0.18293080197088335,-0.7662346701315618,-50.749014752735924
32.023788684504424,-33.396338874699595,26.010141484090212,0.18304523937022496,-0.7659934551292567,-50.694192976122814
32.03366387503739,-33.40222196557831,26.014790656472638,0.18315951751628012,-0.7657520834692815,-50.639361248338304
32.043539870803215,-33.40810516167193,26.019442078337068,0.18327363635684235,-0.7655105551882043,-50.58451956938249
32.05341667226083,-33.41398846286293,26.024095749683507,0.1833875958396953,-0.7652688703226167,-50.52966793925527
32.063294279869254,-33.41987186903375,26.02875167051194,0.18350139591261333,-0.7650270289091357,-50.47480635795672
32.073172694087646,-33.425755380066754,26.03340984082238,0.18361503652336084,-0.7647850309843995,-50.41993482548677
32.083051915375286,-33.43163899584427,26.038070260614827,0.18372851761969256,-0.7645428765850721,-50.36505334184548
32.0929319441916,-33.437522716248566,26.042732929889272,0.18384183914935384,-0.7643005657478403,-50.310161907032814
32.10281278099612,-33.443406541161856,26.047397848645723,0.18395500106008075,-0.7640580985094152,-50.25526052104881
32.11269442624851,-33.44929047046631,26.05206501688418,0.1840680032995988,-0.763815474906531,-50.200349183893415
32.122576880408566,-33.455174504044024,26.056734434604643,0.18418084581562463,-0.7635726949759463,-50.14542789556667
32.13246014393622,-33.46105864177707,26.061406101807098,0.18429352855586523,-0.7633297587544441,-50.090496656068545
32.14234421729153,-33.46694288354744,26.06608001849156,0.18440605146801772,-0.7630866662788296,-50.03555546539907
32.15222910093465,-33.47282722923708,26.070756184658034,0.18451841449976986,-0.7628434175859332,-49.98060432355827
32.16211479532589,-33.4787116787279,26.075434600306508,0.18463061759879912,-0.7626000127126085,-49.92564323054606
32.17200130092572,-33.48459623190172,26.08011526543698,0.18474266071277495,-0.762356451695734,-49.8706721863625
32.18188861819467,-33.49048088864034,26.08479818004946,0.18485454378935529,-0.7621127345722098,-49.81569119100757
32.19177674759344,-33.496365648825495,26.089483344143947,0.1849662667761897,-0.7618688613789628,-49.760700244481285
32.20166568958284,-33.502250512338854,26.094170757720438,0.18507782962091762,-0.7616248321529415,-49.705699346783646
32.21155544462384,-33.508135479062055,26.09886042077892,0.1851892322711697,-0.7613806469311201,-49.65068849791465
32.22144601317749,-33.514020548876665,26.10355233331942,0.1853004746745654,-0.7611363057504945,-49.59566769787427
32.23133739570501,-33.51990572166421,26.108246495341913,0.18541155677871632,-0.7608918086480869,-49.540636946662524
32.241229592667736,-33.52579099730614,26.112942906846413,0.1855224785312232,-0.760647155660942,-49.485596244279435
32.25112260452711,-33.53167637568386,26.11764156783292,0.18563323987967803,-0.7604023468261285,-49.43054559072499
32.26101643174473,-33.53756185667875,26.122342478301434,0.18574384077166256,-0.7601573821807401,-49.37548498599918
32.27091107478231,-33.54344744017211,26.127045638251943,0.18585428115474942,-0.7599122617618932,-49.32041443010201
32.28080653410171,-33.54933312604518,26.131751047684453,0.18596456097650152,-0.7596669856067289,-49.26533392303344
32.29070281016487,-33.555218914179136,26.136458706598976,0.18607468018447187,-0.7594215537524122,-49.21024346479354
32.30059990343394,-33.56110480445515,26.141168614995497,0.18618463872620458,-0.7591759662361321,-49.155143055382254
32.31049781437111,-33.5669907967543,26.145880772874026,0.18629443654923314,-0.7589302230951016,-49.10003269479962
32.320396543438754,-33.57287689095759,26.150595180234554,0.1864040736010825,-0.7586843243665573,-49.04491238304564
32.33029609109936,-33.578763086946026,26.155311837077097,0.18651354982926735,-0.7584382700877607,-48.989782120120296
32.34019645781555,-33.58464938460054,26.16003074340163,0.18662286518129334,-0.7581920602959968,-48.93464190602356
32.35009764405007,-33.59053578380197,26.164751899208174,0.18673201960465594,-0.7579456950285743,-48.879491740755505
32.359999650265785,-33.59642228443114,26.16947530449671,0.1868410130468415,-0.7576991743228272,-48.824331624316045
32.369902476925695,-33.602308886368824,26.17420095926726,0.18694984545532628,-0.7574524982161124,-48.769161556705264
32.37980612449296,-33.60819558949571,26.178928863519808,0.18705851677757757,-0.7572056667458109,-48.71398153792308
32.389710593430806,-33.61408239369246,26.18365901725437,0.18716702696105253,-0.7569586799493285,-48.65879156796956
32.39961588420264,-33.61996929883966,26.188391420470925,0.1872753759531996,-0.7567115378640953,-48.60359164684469
32.40952199727199,-33.62585630481787,26.19312607316949,0.1873835637014564,-0.7564642405275643,-48.54838177454841
32.41942893310249,-33.63174341150756,26.19786297535006,0.18749159015325192,-0.7562167879772137,-48.49316195108081
32.42933669215791,-33.63763061878917,26.20260212701262,0.18759945525600497,-0.7559691802505455,-48.43793217644183
32.43924527490218,-33.64351792654307,26.207343528157196,0.18770715895712575,-0.755721417385086,-48.38269245063147
32.44915468179931,-33.649405334649586,26.212087178783772,0.1878147012040133,-0.7554734994183854,-48.327442773649786
32.45906491331349,-33.655292842989,26.216833078892357,0.18792208194405902,-0.7552254263880178,-48.27218314549672
32.468975969908996,-33.6611804514415,26.221581228482943,0.188029301124643,-0.7549771983315827,-48.2169135661723
32.478887852050256,-33.667068159887265,26.22633162755553,0.18813635869313677,-0.7547288152867027,-48.16163403567652
32.48880056020183,-33.67295596820639,26.23108427611012,0.18824325459690205,-0.7544802772910248,-48.10634455400937
32.498714094828394,-33.67884387627893,26.235839174146715,0.18834998878329087,-0.7542315843822205,-48.05104512117084
32.50862845639475,-33.68473188398486,26.24059632166532,0.18845656119964585,-0.7539827365979852,-47.99573573716098
