galstreams/tracks/track.st.New-4.ibata2024.ecsv
# %ECSV 1.0
# ---
# datatype:
# - {name: ra, unit: deg, datatype: float64}
# - {name: dec, unit: deg, datatype: float64}
# - {name: distance, unit: kpc, datatype: float64}
# - {name: pm_ra_cosdec, unit: mas / yr, datatype: float64}
# - {name: pm_dec, unit: mas / yr, datatype: float64}
# - {name: radial_velocity, unit: km / s, datatype: float64}
# delimiter: ','
# meta: !!omap
# - __serialized_columns__:
#     dec:
#       __class__: astropy.coordinates.angles.Latitude
#       unit: &id001 !astropy.units.Unit {unit: deg}
#       value: !astropy.table.SerializedColumn {name: dec}
#     distance:
#       __class__: astropy.coordinates.distances.Distance
#       unit: !astropy.units.Unit {unit: kpc}
#       value: !astropy.table.SerializedColumn {name: distance}
#     pm_dec:
#       __class__: astropy.units.quantity.Quantity
#       unit: !astropy.units.Unit {unit: mas / yr}
#       value: !astropy.table.SerializedColumn {name: pm_dec}
#     pm_ra_cosdec:
#       __class__: astropy.units.quantity.Quantity
#       unit: !astropy.units.Unit {unit: mas / yr}
#       value: !astropy.table.SerializedColumn {name: pm_ra_cosdec}
#     ra:
#       __class__: astropy.coordinates.angles.Longitude
#       unit: *id001
#       value: !astropy.table.SerializedColumn {name: ra}
#       wrap_angle: !astropy.coordinates.Angle
#         unit: *id001
#         value: 360.0
#     radial_velocity:
#       __class__: astropy.units.quantity.Quantity
#       unit: !astropy.units.Unit {unit: km / s}
#       value: !astropy.table.SerializedColumn {name: radial_velocity}
# schema: astropy-2.0
ra,dec,distance,pm_ra_cosdec,pm_dec,radial_velocity
[from data line 1434]
98.45846082660938,-33.025323975139315,1.0000000000000009,4.150048645949236,0.0506703042895591,98.75516157344524
98.46840934950889,-33.01978431126951,1.0000000000000009,4.150421769719731,0.0507208000819368,98.77139371104292
98.47835670113646,-33.01424395639138,1.0000000000000009,4.150794505604228,0.05077130974625632,98.78758454389224
98.4883028817633,-33.00870291076386,1.000000000000001,4.151166852877741,0.0508218331258945,98.80373386751565
98.49824789166064,-33.00316117464576,1.000000000000001,4.151538810815326,0.05087237006401324,98.81984147743569
98.5081917310998,-32.997618748295864,1.0000000000000009,4.151910378692086,0.050922920403563054,98.83590716917487
98.51813440035214,-32.99207563197293,1.0000000000000009,4.152281555783155,0.050973483987307944,98.85193073825566
98.5280758996891,-32.98653182593561,1.0000000000000009,4.152652341363716,0.051024060657802295,98.86791198020063
98.5380162293822,-32.98098733044252,1.0000000000000009,4.153022734708993,0.05107465025738378,98.88385069053223
98.54795538970299,-32.975442145752226,1.0000000000000009,4.153392735094249,0.05112525262821599,98.89974666477302
98.55789338092309,-32.969896272123236,1.0000000000000009,4.1537623417947955,0.05117586761223869,98.91559969844546
98.5678302033142,-32.964349709813995,1.0000000000000007,4.154131554085976,0.0512264950511927,98.93140958707212
98.57776585714808,-32.95880245908289,1.0000000000000009,4.154500371243179,0.05127713478662521,98.94717612617546
98.58770034269652,-32.95325452018827,1.0000000000000007,4.154868792541844,0.05132778665987914,98.96289911127798
98.59763366023142,-32.9477058933884,1.0000000000000009,4.155236817257434,0.051378450512094886,98.97857833790228
98.60756581002472,-32.942156578941514,1.0000000000000009,4.155604444665471,0.051429126184197926,98.99421360157073
98.61749679234843,-32.93660657710578,1.0000000000000009,4.155971674041505,0.05147981351694142,99.00980469780595
98.62742660747459,-32.93105588813928,1.0000000000000009,4.156338504661143,0.051530512350845825,99.02535142213041
98.63735525567536,-32.925504512300094,1.0000000000000009,4.156704935800018,0.05158122252625752,99.04085357006666
98.6472827372229,-32.919952449846214,1.0000000000000009,4.157070966733824,0.05163194388329728,99.0563109371371
98.65720905238948,-32.91439970103556,1.0000000000000009,4.157436596738272,0.051682676261908256,99.07172331886436
98.66713420144741,-32.90884626612606,1.0000000000000009,4.157801825089132,0.05173341950182575,99.08709051077086
98.67705818466908,-32.9032921453755,1.0000000000000007,4.158166651062215,0.05178417344257724,99.10241230837917
98.6869810023269,-32.89773733904167,1.0000000000000009,4.158531073933369,0.051834937923494806,99.11768850721178
98.6969026546934,-32.89218184738227,1.0000000000000007,4.15889509297849,0.05188571278371512,99.13291890279119
98.70682314204112,-32.88662567065497,1.0000000000000009,4.159258707473506,0.05193649786216703,99.14810329063995
98.7167424646427,-32.881068809117366,1.0000000000000009,4.159621916694391,0.051987292997585755,99.16324146628052
98.72666062277081,-32.87551126302703,1.0000000000000009,4.159984719917176,0.052038098028511115,99.17833322523542
98.7365776166982,-32.8699530326414,1.0000000000000009,4.160347116417909,0.05208891279327155,99.19337836302716
98.74649344669767,-32.86439411821793,1.0000000000000009,4.160709105472695,0.05213973712999831,99.20837667517826
98.75640811304211,-32.858834520014014,1.0000000000000009,4.161070686357679,0.05219057087664858,99.22332795721124
98.76632161600445,-32.85327423828695,1.0000000000000009,4.1614318583490455,0.052241413870948605,99.23823200464854
98.77623395585763,-32.84771327329402,1.000000000000001,4.1617926207230305,0.05229226595043812,99.25308861301278
98.78614513287476,-32.84215162529241,1.0000000000000009,4.1621529727558935,0.05234312695246501,99.26789757782642
98.79605514732893,-32.83658929453929,1.0000000000000009,4.162512913723958,0.05239399671416045,99.2826586946119
98.8059639994933,-32.83102628129174,1.0000000000000009,4.16287244290357,0.052444875072490404,99.29737175889183
98.81587168964111,-32.8254625858068,1.0000000000000009,4.163231559571135,0.05249576186418636,99.31203656618868
98.82577821804566,-32.81989820834144,1.0000000000000009,4.163590263003092,0.05254665692580929,99.32665291202494
98.83568358498029,-32.81433314915261,1.0000000000000009,4.163948552475915,0.052597560093706974,99.34122059192315
98.84558779071843,-32.80876740849716,1.0000000000000009,4.164306427266132,0.0526484712040407,99.35573940140581
98.85549083553353,-32.80320098663192,1.0000000000000009,4.164663886650311,0.052699390092771026,99.37020913599544
98.86539271969914,-32.79763388381361,1.0000000000000009,4.165020929905063,0.052750316595647107,99.38462959121453
98.87529344348884,-32.79206610029897,1.0000000000000007,4.165377556307039,0.05280125054824403,99.39900056258557
98.8851930071763,-32.78649763634461,1.0000000000000007,4.1657337651329245,0.05285219178593081,99.41332184563113
98.89509141103522,-32.78092849220714,1.0000000000000009,4.166089555659463,0.05290314014388109,99.42759323587363
98.90498865533938,-32.77535866814307,1.0000000000000009,4.166444927163431,0.05295409545706775,99.44181452883569
98.9148847403626,-32.7697881644089,1.0000000000000009,4.166799878921651,0.053005057560275404,99.45598552003975
98.92477966637878,-32.764216981261015,1.0000000000000009,4.16715441021098,0.05305602628808437,99.47010600500835
98.93467343366187,-32.7586451189558,1.0000000000000009,4.167508520308331,0.05310700147487957,99.48417577926396
98.94456604248586,-32.753072577749535,1.0000000000000009,4.167862208490654,0.05315798295486651,99.49819463832911
98.95445749312485,-32.747499357898505,1.0000000000000009,4.168215474034933,0.05320897056202867,99.51216237772631
98.96434778585292,-32.74192545965887,1.0000000000000007,4.168568316218206,0.053259964130177195,99.52607879297805
98.9742369209443,-32.73635088328676,1.0000000000000007,4.168920734317544,0.053310963492908314,99.53994367960692
98.98412489867323,-32.73077562903829,1.0000000000000009,4.169272727610069,0.05336196848365127,99.55375683313535
98.994011719314,-32.72519969716946,1.0000000000000009,4.169624295372936,0.053412978935616806,99.56751804908586
99.00389738314097,-32.71962308793623,1.0000000000000009,4.169975436883361,0.05346399468183094,99.58122712298095
99.01378189042855,-32.714045801594516,1.0000000000000007,4.1703261514185845,0.053515015555111844,99.5948838503432
99.02366524145124,-32.70846783840017,1.0000000000000009,4.170676438255892,0.05356604138810539,99.60848802669501
99.03354743648356,-32.70288919860899,1.0000000000000009,4.171026296672616,0.05361707201324961,99.62203944755893
99.04342847580011,-32.69730988247673,1.0000000000000009,4.1713757259461355,0.05366810726278892,99.63553790845755
99.05330835967555,-32.69172989025905,1.0000000000000009,4.171724725353863,0.05371914696878122,99.64898320491329
99.0631870883846,-32.6861492222116,1.0000000000000009,4.172073294173263,0.053770190963083664,99.66237513244866
99.07306466220199,-32.68056787858994,1.0000000000000009,4.172421431681833,0.053821239077365135,99.67571348658622
99.08294108140257,-32.67498585964958,1.0000000000000009,4.172769137157121,0.05387229114309555,99.68899806284844
99.09281634626122,-32.669403165645996,1.0000000000000009,4.173116409876712,0.05392334699155299,99.70222865675787
99.10269045705289,-32.663819796834574,1.0000000000000009,4.173463249118242,0.053974406453834334,99.71540506383695
99.11256341405257,-32.658235753470656,1.0000000000000007,4.17380965415938,0.05402546936082153,99.72852707960827
99.12243521753531,-32.65265103580955,1.0000000000000009,4.174155624277848,0.05407653554322778,99.74159449959429
99.13230586777624,-32.647065644106476,1.0000000000000009,4.174501158751402,0.05412760483155665,99.75460711931748
99.14217536505052,-32.64147957861663,1.0000000000000007,4.174846256857842,0.054178677056139435,99.76756473430048
99.15204370963336,-32.63589283959511,1.0000000000000009,4.175190917875019,0.0542297520470818,99.78046714006565
99.16191090180007,-32.630305427296996,1.0000000000000009,4.175535141080818,0.054280829634333116,99.7933141321356
99.17177694182598,-32.624717341977295,1.0000000000000007,4.175878925753171,0.05433190964763135,99.8061055060328
99.18164182998649,-32.61912858389094,1.0000000000000009,4.176222271170051,0.05438299191653151,99.81884105727978
99.19150556655707,-32.613539153292855,1.0000000000000009,4.176565176609475,0.05443407627038255,99.83152058139903
99.20136815181318,-32.607949050437846,1.0000000000000009,4.176907641349506,0.054485162538354004,99.84414387391303
99.21122958603044,-32.60235827558073,1.000000000000001,4.17724966466824,0.05453625054943956,99.85671073034439
99.22108986948444,-32.59676682897621,1.0000000000000009,4.177591245843836,0.05458734013241795,99.8692209462155
99.2309490024509,-32.59117471087897,1.0000000000000009,4.177932384154468,0.05463843111587963,99.88167431704893
99.24080698520551,-32.585581921543614,1.0000000000000009,4.178273078878378,0.0546895233282374,99.89407063836723
99.25066381802407,-32.579988461224694,1.0000000000000009,4.178613329293844,0.0547406165976998,99.90640970569282
99.26051950118244,-32.57439433017674,1.0000000000000009,4.178953134679177,0.054791710752299494,99.91869131454823
99.27037403495653,-32.568799528654175,1.0000000000000009,4.179292494312735,0.05484280561987376,99.93091526045603
99.28022741962229,-32.56320405691139,1.0000000000000009,4.179631407472934,0.054893901028062686,99.94308133893868
99.29007965545574,-32.557607915202716,1.0000000000000007,4.179969873438214,0.054944996804325186,99.9551893455187
99.29993074273294,-32.552011103782434,1.0000000000000009,4.180307891487072,0.05499609277592832,99.96723907571858
99.30978068173002,-32.54641362290475,1.0000000000000009,4.180645460898036,0.05504718876994197,99.97923032506087
99.31962947272316,-32.54081547282385,1.0000000000000007,4.180982580949685,0.055098284613269044,99.99116288906804
99.3294771159886,-32.53521665379383,1.0000000000000009,4.181319250920643,0.05514938013259929,100.00303656326263
99.33932361180261,-32.529617166068746,1.000000000000001,4.18165547008957,0.05520047515444659,100.01485114316714
99.34916896044159,-32.52401700990258,1.000000000000001,4.181991237735176,0.055251569505131215,100.02660642430406
99.35901316218188,-32.518416185549285,1.0000000000000009,4.182326553136209,0.05530266301079578,100.03830220219592
99.36885621729998,-32.51281469326273,1.0000000000000009,4.182661415571463,0.05535375549737154,100.04993827236524
99.37869812607236,-32.50721253329675,1.0000000000000007,4.1829958243197805,0.055404846790626294,100.0615144303345
99.38853888877563,-32.50160970590512,1.0000000000000007,4.183329778660033,0.055455936716125365,100.07303047162621
99.39837850568638,-32.496006211341545,1.0000000000000009,4.18366327787115,0.05550702509925465,100.08448619176292
99.4082169770813,-32.490402049859675,1.0000000000000009,4.183996321232097,0.05555811176520287,100.09588138626711
99.41805430323711,-32.48479722171313,1.0000000000000009,4.184328908021884,0.05560919653898466,100.10721585066126
99.4278904844306,-32.47919172715544,1.0000000000000009,4.184661037519561,0.05566027924541039,100.11848938046795
99.4377255209386,-32.4735855664401,1.0000000000000009,4.184992709004236,0.055711359709126995,100.12970177120964
99.44755941303801,-32.46797873982053,1.0000000000000009,4.185323921755035,0.05576243775455758,100.14085281840882
99.45739216100574,-32.46237124755013,1.0000000000000007,4.185654675051158,0.05581351320599026,100.15194231758807
99.46722376511885,-32.456763089882195,1.0000000000000007,4.185984968171821,0.05586458588746446,100.1629700642698
99.47705422565434,-32.451154267069995,1.0000000000000009,4.1863148003963015,0.055915655622895244,100.17393585397662
99.48688354288934,-32.44554477936674,1.0000000000000009,4.186644171003904,0.05596672223596322,100.18483948223101
99.49671171710102,-32.43993462702559,1.0000000000000009,4.186973079274001,0.05601778555019621,100.19568074455543
99.50653874856658,-32.43432381029963,1.0000000000000009,4.18730152448598,0.05606884538891954,100.20645943647243
99.51636463756327,-32.42871232944191,1.0000000000000009,4.187629505919295,0.05611990157526314,100.21717535350454
99.52618938436844,-32.42310018470539,1.0000000000000009,4.187957022853429,0.05617095393219884,100.22782829117422
99.53601298925945,-32.41748737634301,1.0000000000000007,4.188284074567923,0.056222002282490635,100.238418045004
99.54583545251371,-32.41187390460763,1.0000000000000009,4.188610660342345,0.056273046448716,100.24894441051639
99.55565677440875,-32.40625976975209,1.0000000000000009,4.188936779456315,0.05632408625330143,100.25940718323396
99.56547695522204,-32.40064497202912,1.0000000000000007,4.189262431189498,0.056375121518431826,100.26980615867906
99.57529599523122,-32.39502951169143,1.0000000000000009,4.189587614821595,0.056426152066167745,100.28014113237438
99.58511389471387,-32.38941338899168,1.0000000000000009,4.1899123296323655,0.05647717771833527,100.29041189984237
99.59493065394774,-32.38379660418244,1.0000000000000007,4.190236574901596,0.05652819829660238,100.30061825660545
99.60474627321054,-32.378179157516236,1.0000000000000009,4.190560349909127,0.05657921362245233,100.31075999818624
99.61456075278006,-32.372561049245576,1.0000000000000009,4.19088365393484,0.056630223517180056,100.32083692010718
99.62437409293416,-32.36694227962284,1.0000000000000009,4.191206486258659,0.05668122780188334,100.33084881789082
99.63418629395075,-32.36132284890043,1.0000000000000009,4.191528846160551,0.05673222629750896,100.34079548705964
99.64399735610775,-32.35570275733062,1.0000000000000009,4.191850732920532,0.05678321882477633,100.3506767231362
99.65380727968319,-32.35008200516569,1.0000000000000009,4.192172145818654,0.056834205204262744,100.36049232164295
99.66361606495512,-32.34446059265783,1.0000000000000009,4.192493084135018,0.05688518525634656,100.37024207810244
99.67342371220165,-32.33883852005916,1.0000000000000009,4.192813547149772,0.05693615880120895,100.37992578803714
99.68323022170094,-32.33321578762179,1.000000000000001,4.193133534143096,0.056987125658862325,100.38954324696962
99.69303559373118,-32.32759239559773,1.0000000000000009,4.193453044395229,0.057038085649148584,100.39909425042235
99.70283982857066,-32.32196834423896,1.0000000000000007,4.193772077186443,0.0570890385917,100.40857859391781
99.7126429264977,-32.31634363379738,1.0000000000000009,4.194090631797049,0.05713998430597833,100.41799607297854
99.72244488779062,-32.31071826452487,1.0000000000000009,4.194408707507423,0.05719092261127834,100.42734648312708
99.73224571272787,-32.30509223667322,1.0000000000000009,4.194726303597963,0.05724185332667986,100.43662961988592
99.74204540158794,-32.299465550494176,1.0000000000000009,4.195043419349119,0.057292776271111734,100.44584527877754
99.7518439546493,-32.29383820623943,1.0000000000000009,4.19536005404139,0.057343691263312735,100.45499325532444
99.76164137219055,-32.28821020416062,1.0000000000000009,4.19567620695531,0.057394598121831564,100.46407334504919
99.7714376544903,-32.28258154450932,1.0000000000000009,4.195991877371464,0.05744549666503751,100.47308534347431
99.78123280182723,-32.276952227537045,1.0000000000000009,4.196307064570478,0.057496386711118674,100.4820290461222
99.79102681448006,-32.27132225349528,1.0000000000000009,4.196621767833016,0.057547268078103286,100.49090424851546
99.80081969272754,-32.26569162263542,1.0000000000000009,4.196935986439804,0.05759814058380641,100.49971074617653
99.81061143684853,-32.26006033520882,1.0000000000000007,4.1972497196715866,0.05764900404587259,100.50844833462804
99.82040204712189,-32.25442839146678,1.0000000000000009,4.197562966809172,0.05769985828178292,100.5171168093924
99.83019152382651,-32.24879579166055,1.0000000000000009,4.197875727133411,0.05775070310881425,100.52571596599212
99.83997986724142,-32.243162536041304,1.0000000000000009,4.198187999925186,0.0578015383440853,100.53424559994976
