galstreams/tracks/track.st.NGC2298.ibata2021.ecsv
# %ECSV 0.9
# ---
# datatype:
# - {name: ra, unit: deg, datatype: float64}
# - {name: dec, unit: deg, datatype: float64}
# - {name: distance, unit: kpc, datatype: float64}
# - {name: pm_ra_cosdec, unit: mas / yr, datatype: float64}
# - {name: pm_dec, unit: mas / yr, datatype: float64}
# - {name: radial_velocity, unit: km / s, datatype: float64}
# delimiter: ','
# meta: !!omap
# - __serialized_columns__:
#     dec:
#       __class__: astropy.coordinates.angles.Latitude
#       unit: &id001 !astropy.units.Unit {unit: deg}
#       value: !astropy.table.SerializedColumn {name: dec}
#     distance:
#       __class__: astropy.coordinates.distances.Distance
#       unit: !astropy.units.Unit {unit: kpc}
#       value: !astropy.table.SerializedColumn {name: distance}
#     pm_dec:
#       __class__: astropy.units.quantity.Quantity
#       unit: !astropy.units.Unit {unit: mas / yr}
#       value: !astropy.table.SerializedColumn {name: pm_dec}
#     pm_ra_cosdec:
#       __class__: astropy.units.quantity.Quantity
#       unit: !astropy.units.Unit {unit: mas / yr}
#       value: !astropy.table.SerializedColumn {name: pm_ra_cosdec}
#     ra:
#       __class__: astropy.coordinates.angles.Longitude
#       unit: *id001
#       value: !astropy.table.SerializedColumn {name: ra}
#       wrap_angle: !astropy.coordinates.Angle
#         unit: *id001
#         value: 360.0
#     radial_velocity:
#       __class__: astropy.units.quantity.Quantity
#       unit: !astropy.units.Unit {unit: km / s}
#       value: !astropy.table.SerializedColumn {name: radial_velocity}
# schema: astropy-2.0
ra,dec,distance,pm_ra_cosdec,pm_dec,radial_velocity
[from data line 1104]
104.97528648221642,-37.746117519406624,10.638443753015125,3.2609354854469217,-2.1797704171250665,-8.420767129872338e-15
104.98513562628138,-37.75271743123483,10.643210614689385,3.259421506241176,-2.1799247095877403,8.420767129872338e-15
104.99498495766595,-37.759318765222524,10.648025923156514,3.2578957183030357,-2.180079858713281,8.420767129872338e-15
105.00483448033587,-37.765921517058956,10.652889778426935,3.256358096931627,-2.1802358691414634,1.6841534259744676e-14
105.01468419825605,-37.772525682432196,10.65780228051109,3.254808617427374,-2.1803927455233634,8.420767129872338e-15
105.02453411539068,-37.779131257029306,10.662763529419415,3.253247255092012,-2.1805504925213732,5.0524602779234026e-14
105.0343842357031,-37.785738236536154,10.667773625162342,3.2516739852285905,-2.180709114809212,2.5262301389617013e-14
105.04423456315592,-37.79234661663758,10.672832667750304,3.2500887831414698,-2.180868617071922,8.420767129872338e-15
105.054085101711,-37.79895639301732,10.677940757193735,3.248491624136331,-2.181029004005883,3.368306851948935e-14
105.0639358553293,-37.805567561357975,10.683097993503074,3.2468824835201713,-2.18119028031882,0.0
105.07378682797115,-37.812180117341086,10.688304476688751,3.245261336601322,-2.1813524507298063,-8.420767129872338e-15
105.083638023596,-37.81879405664708,10.693560306761196,3.243628158689436,-2.181515519969274,-8.420767129872338e-15
105.09348944616255,-37.825409374955285,10.698865583730852,3.2419829250955043,-2.18167949277902,2.5262301389617013e-14
105.10334109962868,-37.83202606794392,10.70422040760815,3.240325611131848,-2.1818443739122158,-8.420767129872338e-15
105.11319298795155,-37.83864413129015,10.709624878403517,3.238656192112136,-2.1820101681334103,8.420767129872338e-15
105.1230451150875,-37.845263560670006,10.715079096127399,3.2369746433513726,-2.1821768802185404,-2.5262301389617013e-14
105.13289748499214,-37.85188435175843,10.720583160790223,3.2352809401659135,-2.182344514954936,-1.6841534259744676e-14
105.1427501016202,-37.85850650022927,10.726137172402424,3.2335750578734617,-2.1825130771413326,-8.420767129872338e-15
105.1526029689257,-37.86513000175527,10.731741230974439,3.231856971793079,-2.18268257158787,-8.420767129872338e-15
105.16245609086187,-37.8717548520081,10.7373954365167,3.2301266572451817,-2.1828530031161097,8.420767129872338e-15
105.17230947138115,-37.87838104665829,10.743099889039643,3.2283840895515468,-2.1830243765590325,8.420767129872338e-15
105.1821631144352,-37.885008581375324,10.748854688553697,3.2266292440353195,-2.1831966967610574,-8.420767129872338e-15
105.19201702397487,-37.89163745182756,10.754659935069306,3.224862096021011,-2.1833699685780354,-2.5262301389617013e-14
105.20187120395029,-37.89826765368227,10.760515728596895,3.2230826208345076,-2.1835441968772695,0.0
105.21172565831071,-37.904899182605604,10.766422169146903,3.2212907938030675,-2.183719386537514,-4.210383564936169e-14
105.22158039100471,-37.91153203426268,10.77237935672976,3.219486590255333,-2.183895542448986,0.0
105.23143540597998,-37.91816620431744,10.778387391355903,3.217669985521325,-2.1840726695133714,-1.6841534259744676e-14
105.2412907071835,-37.92480168843278,10.784446373035767,3.2158409549324563,-2.1842507726438347,1.6841534259744676e-14
105.25114629856144,-37.93143848227049,10.790556401779789,3.213999473821528,-2.184429856765023,2.5262301389617013e-14
105.26100218405915,-37.93807658149124,10.796717577598397,3.2121455175227327,-2.184609926813077,-4.210383564936169e-14
105.2708583676213,-37.94471598175467,10.802930000502025,3.210279061371667,-2.184790987735635,-8.420767129872338e-15
105.28071485319163,-37.95135667871926,10.80919377050111,3.2084000807053243,-2.1849730444918487,-1.6841534259744676e-14
105.29057164471318,-37.9579986680424,10.81550898760609,3.206508550862106,-2.185156102052376,0.0
105.30042874612823,-37.96464194538042,10.821875751827394,3.2046044471818207,-2.185340165399405,1.6841534259744676e-14
105.3102861613782,-37.97128650638852,10.828294163175459,3.2026877450056928,-2.185525239526652,3.368306851948935e-14
105.32014389440377,-37.97793234672083,10.83476432166072,3.200758419676357,-2.185711329439372,0.0
105.33000194914483,-37.98457946203037,10.8412863272936,3.1988164465378772,-2.185898440154367,0.0
105.33986032954046,-37.99122784796907,10.84786028008455,3.196861800935734,-2.186086576699992,8.420767129872338e-15
105.34971903952898,-37.99787750018776,10.854486280043991,3.19489445821684,-2.1862757441161644,8.420767129872338e-15
105.35957808304788,-38.00452841433618,10.86116442718237,3.192914393729534,-2.186465947454371,-1.6841534259744676e-14
105.36943746403394,-38.01118058606297,10.867894821510111,3.190921582823596,-2.1866571917776745,1.6841534259744676e-14
105.37929718642305,-38.017834011015694,10.87467756303765,3.1889160008502433,-2.1868494821607287,0.0
105.3891572541504,-38.02448868484078,10.881512751775427,3.1868976231621304,-2.1870428236897745,0.0
105.39901767115035,-38.03114460318361,10.888400487733865,3.1848664251133694,-2.1872372214626585,-8.420767129872338e-15
105.40887844135646,-38.03780176168845,10.895340870923404,3.182822382059512,-2.187432680588835,2.5262301389617013e-14
105.41873956870153,-38.04446015599844,10.902334001354488,3.1807654693575644,-2.1876292061893734,-2.5262301389617013e-14
105.42860105711755,-38.05111978175569,10.909379979037533,3.178695662366002,-2.187826803396972,0.0
105.43846291053572,-38.05778063460115,10.916478903982991,3.1766129364447453,-2.1880254773559606,-8.420767129872338e-15
105.44832513288647,-38.06444271017475,10.923630876201283,3.174517266955195,-2.188225233222311,2.5262301389617013e-14
105.4581877280994,-38.07110600411522,10.930835995702848,3.172408629260213,-2.188426076163644,-1.6841534259744676e-14
105.46805070010338,-38.07777051206032,10.93809436249812,3.170286998724133,-2.1886280113592376,-3.368306851948935e-14
105.4779140528264,-38.08443622964662,10.945406076597534,3.168152350712769,-2.188831044000035,-1.6841534259744676e-14
105.48777779019576,-38.091103152509625,10.952771238011522,3.166004660593418,-2.1890351792886538,0.0
105.49764191613788,-38.097771276283765,10.960189946750521,3.163843903734853,-2.1892404224393935,-2.5262301389617013e-14
105.50750643457843,-38.104440596602366,10.967662302824966,3.1616700555073414,-2.189446778678243,8.420767129872338e-15
105.51737134944227,-38.11111110909763,10.975188406245286,3.1594830912826426,-2.1896542532428906,-5.0524602779234026e-14
105.52723666465351,-38.11778280940073,10.982768357021921,3.157282986434011,-2.1898628513827276,-2.5262301389617013e-14
105.53710238413541,-38.124455693141684,10.990402255165302,3.155069716336199,-2.190072578358865,4.210383564936169e-14
105.54696851181045,-38.131129755949424,10.998090200685862,3.1528432563654643,-2.1902834394441326,3.368306851948935e-14
105.55683505160033,-38.137804993451816,11.005832293594041,3.15060358189957,-2.190495439923092,1.6841534259744676e-14
105.56670200742595,-38.14448140127562,11.013628633900266,3.148350668317797,-2.190708585092046,0.0
