galstreams/tracks/track.st.Ylgr.ibata2021.ecsv
# %ECSV 0.9
# ---
# datatype:
# - {name: ra, unit: deg, datatype: float64}
# - {name: dec, unit: deg, datatype: float64}
# - {name: distance, unit: kpc, datatype: float64}
# - {name: pm_ra_cosdec, unit: mas / yr, datatype: float64}
# - {name: pm_dec, unit: mas / yr, datatype: float64}
# - {name: radial_velocity, unit: km / s, datatype: float64}
# delimiter: ','
# meta: !!omap
# - __serialized_columns__:
#     dec:
#       __class__: astropy.coordinates.angles.Latitude
#       unit: &id001 !astropy.units.Unit {unit: deg}
#       value: !astropy.table.SerializedColumn {name: dec}
#     distance:
#       __class__: astropy.coordinates.distances.Distance
#       unit: !astropy.units.Unit {unit: kpc}
#       value: !astropy.table.SerializedColumn {name: distance}
#     pm_dec:
#       __class__: astropy.units.quantity.Quantity
#       unit: !astropy.units.Unit {unit: mas / yr}
#       value: !astropy.table.SerializedColumn {name: pm_dec}
#     pm_ra_cosdec:
#       __class__: astropy.units.quantity.Quantity
#       unit: !astropy.units.Unit {unit: mas / yr}
#       value: !astropy.table.SerializedColumn {name: pm_ra_cosdec}
#     ra:
#       __class__: astropy.coordinates.angles.Longitude
#       unit: *id001
#       value: !astropy.table.SerializedColumn {name: ra}
#       wrap_angle: !astropy.coordinates.Angle
#         unit: *id001
#         value: 360.0
#     radial_velocity:
#       __class__: astropy.units.quantity.Quantity
#       unit: !astropy.units.Unit {unit: km / s}
#       value: !astropy.table.SerializedColumn {name: radial_velocity}
# schema: astropy-2.0
ra,dec,distance,pm_ra_cosdec,pm_dec,radial_velocity
[from data line 2019]
171.63922265732637,-16.30824963714558,9.024457033283536,-0.31069615069130996,-8.616769506269561,-5.0524602779234026e-14
171.64298695929043,-16.31757879074828,9.026537365004378,-0.3107034789258108,-8.614920896201857,-1.0104920555846805e-13
171.64675130685688,-16.326907991750847,9.028618110642336,-0.3107109235790865,-8.613072344561475,-8.420767129872338e-14
171.65051570027273,-16.336237240109938,9.030699268032613,-0.3107184845900755,-8.611223851838739,-6.73661370389787e-14
171.65428013978504,-16.345566535782005,9.032780835010426,-0.3107261618976586,-8.609375418523951,-6.73661370389787e-14
171.65804462564085,-16.354895878723717,9.03486280941098,-0.3107339554406653,-8.607527045107432,-3.368306851948935e-14
171.6618091580873,-16.364225268891527,9.036945189069483,-0.3107418651578645,-8.605678732079499,-8.420767129872338e-14
171.66557373737152,-16.37355470624211,9.039027971821145,-0.3107498909879697,-8.603830479930478,-8.420767129872338e-14
171.66933836374065,-16.382884190731925,9.041111155501175,-0.31075803286964354,-8.60198228915068,-8.420767129872338e-14
171.67310303744196,-16.392213722317646,9.04319473794478,-0.31076629074148326,-8.600134160230446,-1.0104920555846805e-13
171.6768677587227,-16.401543300955755,9.045278716987166,-0.31077466454203606,-8.598286093660098,-6.73661370389787e-14
171.68063252783014,-16.410872926602902,9.047363090463547,-0.31078315420979225,-8.596438089929963,-1.0104920555846805e-13
171.68439734501163,-16.42020259921559,9.049447856209133,-0.31079175968318334,-8.594590149530374,-3.368306851948935e-14
171.68816221051452,-16.42953231875047,9.051533012059126,-0.31080048090058676,-8.592742272951664,-5.0524602779234026e-14
171.69192712458621,-16.438862085164047,9.053618555848736,-0.310809317800322,-8.590894460684181,-5.0524602779234026e-14
171.69569208747419,-16.448191898412983,9.055704485413182,-0.3108182703206534,-8.589046713218242,-6.73661370389787e-14
171.69945709942584,-16.457521758453773,9.057790798587657,-0.31082733839978854,-8.587199031044207,-5.0524602779234026e-14
171.7032221606888,-16.466851665243098,9.059877493207383,-0.31083652197587636,-8.585351414652408,-6.73661370389787e-14
171.70698727151049,-16.47618161873745,9.061964567107559,-0.3108458209870133,-8.583503864533196,-6.73661370389787e-14
171.7107524321386,-16.485511618893465,9.0640520181234,-0.31085523537123466,-8.581656381176916,-5.0524602779234026e-14
171.71451764282074,-16.494841665667792,9.066139844090108,-0.31086476506652067,-8.57980896507392,-5.0524602779234026e-14
171.71828290380455,-16.504171759016913,9.068228042842899,-0.31087441001079696,-8.577961616714555,-6.73661370389787e-14
171.72204821533774,-16.51350189889753,9.070316612216981,-0.310884170141929,-8.576114336589173,-1.0104920555846805e-13
171.72581357766802,-16.522832085266153,9.072405550047556,-0.3108940453977305,-8.57426712518814,-5.0524602779234026e-14
171.72957899104327,-16.532162318079468,9.07449485416984,-0.3109040357159483,-8.572419983001803,-8.420767129872338e-14
171.7333444557112,-16.54149259729398,9.076584522419036,-0.31091414103428716,-8.570572910520527,-5.0524602779234026e-14
171.7371099719197,-16.550822922866395,9.078674552630359,-0.3109243612903808,-8.568725908234672,-3.368306851948935e-14
171.74087553991663,-16.56015329475321,9.080764942639012,-0.3109346964218178,-8.5668789766346,-6.73661370389787e-14
171.74464115995002,-16.569483712911143,9.082855690280203,-0.3109451463661169,-8.565032116210684,-5.0524602779234026e-14
171.74840683226773,-16.578814177296696,9.084946793389147,-0.31095571106075354,-8.563185327453285,-6.73661370389787e-14
171.75217255711783,-16.58814468786658,9.08703824980105,-0.31096639044313595,-8.561338610852772,-5.0524602779234026e-14
171.75593833474832,-16.597475244577314,9.089130057351118,-0.3109771844506208,-8.559491966899522,-5.0524602779234026e-14
171.75970416540733,-16.606805847385615,9.091222213874564,-0.31098809302050273,-8.557645396083904,-5.0524602779234026e-14
171.76347004934294,-16.61613649624799,9.093314717206587,-0.31099911609002595,-8.555798898896299,-3.368306851948935e-14
171.76723598680334,-16.625467191121157,9.095407565182411,-0.31101025359636875,-8.553952475827082,-1.0104920555846805e-13
171.77100197803665,-16.634797931961646,9.097500755637233,-0.3110215054766628,-8.552106127366633,-5.0524602779234026e-14
171.77476802329122,-16.644128718726115,9.099594286406264,-0.31103287166797194,-8.550259854005338,-5.0524602779234026e-14
171.7785341228153,-16.653459551371256,9.101688155324718,-0.3110443521073082,-8.54841365623357,-5.0524602779234026e-14
171.78230027685711,-16.662790429853587,9.103782360227797,-0.31105594673163006,-8.546567534541719,-3.368306851948935e-14
171.78606648566512,-16.67212135412983,9.105876898950712,-0.3110676554778288,-8.54472148942018,-3.368306851948935e-14
171.78983274948763,-16.681452324156506,9.107971769328671,-0.31107947828274723,-8.542875521359333,-6.73661370389787e-14
171.79359906857314,-16.690783339890363,9.110066969196886,-0.3110914150831624,-8.541029630849575,-6.73661370389787e-14
171.79736544317007,-16.700114401287934,9.112162496390562,-0.3111034658158032,-8.539183818381296,-6.73661370389787e-14
171.80113187352694,-16.709445508305933,9.114258348744908,-0.31111563041733326,-8.537338084444892,-8.420767129872338e-14
171.8048983598923,-16.71877666090091,9.116354524095135,-0.31112790882436436,-8.53549242953076,-5.0524602779234026e-14
171.80866490251475,-16.72810785902961,9.118451020276451,-0.31114030097344253,-8.533646854129298,-5.0524602779234026e-14
171.81243150164286,-16.73743910264855,9.120547835124064,-0.31115280680106844,-8.5318013587309,-5.0524602779234026e-14
171.81619815752535,-16.74677039171449,9.122644966473182,-0.31116542624367255,-8.529955943825986,-5.0524602779234026e-14
171.8199648704109,-16.756101726183957,9.124742412159016,-0.31117815923763475,-8.52811060990494,-6.73661370389787e-14
171.82373164054826,-16.765433106013706,9.12684017001677,-0.3111910057192768,-8.526265357458184,-6.73661370389787e-14
171.8274984681862,-16.774764531160276,9.128938237881657,-0.3112039656248586,-8.524420186976116,-5.0524602779234026e-14
171.83126535357354,-16.784096001580412,9.131036613588886,-0.3112170388905876,-8.522575098949144,-8.420767129872338e-14
171.83503229695916,-16.79342751723067,9.133135294973663,-0.3112302254526083,-8.520730093867686,-6.73661370389787e-14
171.83879929859197,-16.8027590780678,9.135234279871197,-0.3112435252470105,-8.51888517222215,-1.6841534259744676e-14
171.8425663587208,-16.81209068404834,9.137333566116702,-0.3112569382098266,-8.517040334502953,-8.420767129872338e-14
171.84633347759478,-16.82142233512906,9.13943315154538,-0.31127046427702665,-8.51519558120051,-5.0524602779234026e-14
171.85010065546285,-16.830754031266494,9.141533033992438,-0.31128410338452756,-8.513350912805244,-6.73661370389787e-14
171.85386789257404,-16.840085772417368,9.143633211293094,-0.3112978554681862,-8.511506329807565,-3.368306851948935e-14
171.85763518917753,-16.84941755853838,9.14573368128255,-0.31131172046379896,-8.509661832697903,-6.73661370389787e-14
171.86140254552237,-16.85874938958609,9.147834441796011,-0.31132569830710727,-8.507817421966683,-5.0524602779234026e-14
171.86516996185782,-16.86808126551726,9.149935490668696,-0.3113397889337926,-8.50597309810432,-3.368306851948935e-14
171.86893743843305,-16.87741318628844,9.152036825735808,-0.3113539922794818,-8.504128861601247,-1.0104920555846805e-13
171.87270497549733,-16.88674515185642,9.154138444832554,-0.31136830827973694,-8.50228471294789,-3.368306851948935e-14
171.8764725732999,-16.896077162177736,9.156240345794146,-0.31138273687006907,-8.500440652634685,-5.0524602779234026e-14
171.88024023209022,-16.905409217209165,9.158342526455792,-0.3113972779859221,-8.498596681152055,-5.0524602779234026e-14
171.88400795211754,-16.91474131690727,9.160444984652699,-0.3114119315626938,-8.496752798990434,-5.0524602779234026e-14
171.88777573363137,-16.924073461228836,9.162547718220077,-0.31142669753570734,-8.494909006640261,-6.73661370389787e-14
171.8915435768811,-16.933405650130407,9.164650724993136,-0.31144157584024384,-8.493065304591967,-6.73661370389787e-14
171.89531148211628,-16.942737883568775,9.16675400280708,-0.3114565664115144,-8.491221693336,-3.368306851948935e-14
171.89907944958642,-16.952070161500508,9.16885754949712,-0.3114716691846773,-8.48937817336279,-3.368306851948935e-14
171.90284747954115,-16.961402483882367,9.170961362898469,-0.3114868840948297,-8.487534745162774,-6.73661370389787e-14
171.90661557223,-16.970734850670937,9.173065440846333,-0.3115022110770123,-8.485691409226403,-6.73661370389787e-14
171.91038372790274,-16.980067261823006,9.175169781175915,-0.31151765006620313,-8.483848166044126,-6.73661370389787e-14
171.914151946809,-16.98939971729513,9.177274381722434,-0.3115332009973266,-8.482005016106374,-6.73661370389787e-14
171.91792022919853,-16.9987322170441,9.17937924032109,-0.3115488638052436,-8.480161959903606,-6.73661370389787e-14
171.92168857532107,-17.008064761026496,9.181484354807093,-0.3115646384247626,-8.478318997926264,-3.368306851948935e-14
171.92545698542656,-17.017397349199097,9.183589723015661,-0.311580524790623,-8.476476130664796,-5.0524602779234026e-14
171.92922545976475,-17.026729981518482,9.185695342781989,-0.3115965228375177,-8.474633358609662,-3.368306851948935e-14
171.93299399858563,-17.03606265794139,9.187801211941292,-0.3116126325000719,-8.472790682251311,-3.368306851948935e-14
171.9367626021391,-17.04539537842455,9.189907328328783,-0.3116288537128507,-8.470948102080193,-1.0104920555846805e-13
171.94053127067517,-17.05472814292457,9.192013689779658,-0.31164518641037153,-8.469105618586777,1.6841534259744676e-14
171.94430000444387,-17.064060951398204,9.194120294129142,-0.31166163052707874,-8.467263232261503,-5.0524602779234026e-14
171.94806880369524,-17.073393803802055,9.196227139212436,-0.3116781859973675,-8.46542094359484,-5.0524602779234026e-14
171.95183766867942,-17.082726700092927,9.198334222864741,-0.3116948527555691,-8.463578753077249,-3.368306851948935e-14
171.95560659964656,-17.09205964022738,9.200441542921283,-0.3117116307359582,-8.461736661199183,-1.0104920555846805e-13
171.95937559684685,-17.101392624162237,9.202549097217252,-0.31172851987274885,-8.459894668451117,-6.73661370389787e-14
171.96314466053053,-17.110725651854075,9.204656883587871,-0.31174552010009643,-8.458052775323504,-8.420767129872338e-14
171.9669137909479,-17.120058723259692,9.20676489986834,-0.3117626313520957,-8.456210982306818,-1.6841534259744676e-14
171.97068298834918,-17.12939183833567,9.208873143893872,-0.31177985356278465,-8.454369289891522,-5.0524602779234026e-14
171.9744522529849,-17.138724997038825,9.210981613499674,-0.3117971866661388,-8.452527698568085,-6.73661370389787e-14
171.9782215851053,-17.148058199325742,9.213090306520957,-0.3118146305960792,-8.450686208826976,-1.6841534259744676e-14
171.98199098496093,-17.157391445153223,9.215199220792927,-0.31183218528646195,-8.44884482115867,-5.0524602779234026e-14
171.98576045280223,-17.16672473447786,9.217308354150791,-0.3118498506710867,-8.447003536053638,-5.0524602779234026e-14
171.98952998887978,-17.176058067256466,9.219417704429766,-0.31186762668368995,-8.445162354002349,-1.0104920555846805e-13
171.99329959344405,-17.185391443445635,9.221527269465051,-0.3118855132579581,-8.443321275495284,-5.0524602779234026e-14
171.9970692667457,-17.194724863002115,9.22363704709186,-0.3119035103275095,-8.441480301022912,-6.73661370389787e-14
172.00083900903547,-17.204058325882666,9.225747035145398,-0.3119216178259018,-8.439639431075719,-6.73661370389787e-14
172.00460882056393,-17.213391832043882,9.227857231460877,-0.31193983568664,-8.437798666144179,-8.420767129872338e-14
172.00837870158193,-17.222725381442583,9.229967633873503,-0.31195816384316216,-8.435958006718774,-3.368306851948935e-14
172.01214865234013,-17.232058974035365,9.232078240218492,-0.3119766022288547,-8.434117453289984,-3.368306851948935e-14
172.01591867308946,-17.241392609779037,9.234189048331041,-0.31199515077703516,-8.43227700634829,-5.0524602779234026e-14
172.01968876408077,-17.250726288630194,9.236300056046368,-0.3120138094209682,-8.430436666384178,-6.73661370389787e-14
172.02345892556488,-17.260060010545672,9.238411261199678,-0.3120325780938577,-8.42859643388813,-5.0524602779234026e-14
172.02722915779285,-17.269393775482058,9.240522661626178,-0.3120514567288439,-8.426756309350642,0.0
172.03099946101563,-17.278727583396165,9.242634255161082,-0.3120704452590106,-8.424916293262184,-5.0524602779234026e-14
172.0347698354842,-17.288061434244604,9.244746039639592,-0.31208954361737967,-8.42307638611326,-6.73661370389787e-14
172.03854028144977,-17.2973953279842,9.246858012896926,-0.31210875173691466,-8.42123658839435,-5.0524602779234026e-14
172.04231079916332,-17.306729264571548,9.24897017276828,-0.3121280695505196,-8.419396900595952,-5.0524602779234026e-14
172.04608138887616,-17.316063243963466,9.251082517088877,-0.3121474969910345,-8.417557323208552,-8.420767129872338e-14
172.04985205083935,-17.32539726611658,9.253195043693909,-0.3121670339912452,-8.415717856722647,-5.0524602779234026e-14
172.05362278530424,-17.33473133098769,9.255307750418597,-0.3121866804838707,-8.413878501628728,-3.368306851948935e-14
172.0573935925221,-17.344065438533413,9.257420635098152,-0.31220643640157775,-8.41203925841729,-5.0524602779234026e-14
172.06116447274425,-17.353399588710577,9.259533695567773,-0.3122263016769625,-8.41020012757883,-3.368306851948935e-14
172.06493542622206,-17.362733781475782,9.261646929662673,-0.31224627624257245,-8.408361109603849,-1.6841534259744676e-14
172.068706453207,-17.37206801678586,9.26376033521806,-0.31226636003088554,-8.406522204982839,-8.420767129872338e-14
172.0724775539505,-17.38140229459743,9.265873910069145,-0.31228655297432495,-8.404683414206307,-3.368306851948935e-14
172.07624872870406,-17.390736614867247,9.267987652051133,-0.31230685500525107,-8.402844737764745,-5.0524602779234026e-14
172.08001997771927,-17.400070977552087,9.270101558999237,-0.3123272660559623,-8.40100617614866,-6.73661370389787e-14
172.08379130124771,-17.409405382608583,9.272215628748661,-0.31234778605870184,-8.399167729848557,-3.368306851948935e-14
172.08756269954105,-17.41873982999354,9.27432985913462,-0.3123684149456462,-8.39732939935493,-5.0524602779234026e-14
172.09133417285094,-17.428074319663583,9.276444247992316,-0.31238915264891653,-8.395491185158292,-5.0524602779234026e-14
172.09510572142906,-17.437408851575547,9.278558793156959,-0.31240999910056944,-8.393653087749149,-6.73661370389787e-14
172.09887734552728,-17.446743425686037,9.28067349246376,-0.31243095423260453,-8.391815107618,-6.73661370389787e-14
172.10264904539738,-17.456078041951887,9.28278834374793,-0.312452017976957,-8.389977245255357,-1.6841534259744676e-14
172.10642082129115,-17.46541270032971,9.284903344844672,-0.3124731902655076,-8.388139501151727,-3.368306851948935e-14
172.1101926734606,-17.474747400776348,9.287018493589196,-0.3124944710300668,-8.386301875797624,-3.368306851948935e-14
172.1139646021576,-17.48408214324841,9.289133787816711,-0.31251586020239136,-8.384464369683554,-8.420767129872338e-14
172.11773660763419,-17.493416927702736,9.29124922536243,-0.3125373577141748,-8.382626983300028,-8.420767129872338e-14
172.12150869014235,-17.50275175409594,9.293364804061557,-0.3125589634970549,-8.38078971713756,-5.0524602779234026e-14
172.12528084993423,-17.51208662238486,9.2954805217493,-0.312580677482598,-8.37895257168666,-3.368306851948935e-14
172.12905308726187,-17.521421532526105,9.297596376260872,-0.31260249960232006,-8.377115547437844,-6.73661370389787e-14
172.13282540237753,-17.530756484476523,9.299712365431478,-0.3126244297876667,-8.37527864488163,-8.420767129872338e-14
172.13659779553333,-17.540091478192732,9.301828487096326,-0.31264646797003365,-8.373441864508534,-3.368306851948935e-14
172.1403702669816,-17.549426513631563,9.303944739090632,-0.31266861408074614,-8.37160520680906,-3.368306851948935e-14
