galstreams/tracks/track.po.PS1-E.bernard2016.ecsv
# %ECSV 0.9
# ---
# datatype:
# - {name: ra, unit: deg, datatype: float64}
# - {name: dec, unit: deg, datatype: float64}
# - {name: distance, unit: kpc, datatype: float64}
# - {name: pm_ra_cosdec, unit: mas / yr, datatype: float64}
# - {name: pm_dec, unit: mas / yr, datatype: float64}
# - {name: radial_velocity, unit: km / s, datatype: float64}
# delimiter: ','
# meta: !!omap
# - __serialized_columns__:
#     dec:
#       __class__: astropy.coordinates.angles.Latitude
#       unit: &id001 !astropy.units.Unit {unit: deg}
#       value: !astropy.table.SerializedColumn {name: dec}
#     distance:
#       __class__: astropy.coordinates.distances.Distance
#       unit: !astropy.units.Unit {unit: kpc}
#       value: !astropy.table.SerializedColumn {name: distance}
#     pm_dec:
#       __class__: astropy.units.quantity.Quantity
#       unit: !astropy.units.Unit {unit: mas / yr}
#       value: !astropy.table.SerializedColumn {name: pm_dec}
#     pm_ra_cosdec:
#       __class__: astropy.units.quantity.Quantity
#       unit: !astropy.units.Unit {unit: mas / yr}
#       value: !astropy.table.SerializedColumn {name: pm_ra_cosdec}
#     ra:
#       __class__: astropy.coordinates.angles.Longitude
#       unit: *id001
#       value: !astropy.table.SerializedColumn {name: ra}
#       wrap_angle: !astropy.coordinates.Angle
#         unit: *id001
#         value: 360.0
#     radial_velocity:
#       __class__: astropy.units.quantity.Quantity
#       unit: !astropy.units.Unit {unit: km / s}
#       value: !astropy.table.SerializedColumn {name: radial_velocity}
# schema: astropy-2.0
ra,dec,distance,pm_ra_cosdec,pm_dec,radial_velocity
[from data line 1189]
172.36384343099547,55.217105073127506,12.599999999999993,0.0,0.0,0.0
172.3763425607626,55.224122716818265,12.599999999999993,0.0,0.0,0.0
172.38884610023558,55.23113908261681,12.599999999999993,0.0,0.0,0.0
172.40135405131971,55.238154169738124,12.59999999999999,0.0,0.0,0.0
172.41386641592035,55.24516797739659,12.599999999999993,0.0,0.0,0.0
172.42638319594317,55.25218050480622,12.599999999999994,0.0,0.0,0.0
172.43890439329405,55.25919175118045,12.59999999999999,0.0,0.0,0.0
172.45143000987906,55.266201715732315,12.599999999999993,0.0,0.0,0.0
172.46396004760442,55.273210397674276,12.599999999999994,0.0,0.0,0.0
172.47649450837665,55.2802177962184,12.599999999999994,0.0,0.0,0.0
172.48903339410225,55.28722391057611,12.599999999999993,0.0,0.0,0.0
172.5015767066881,55.2942287399585,12.599999999999993,0.0,0.0,0.0
172.5141244480412,55.301232283576105,12.599999999999993,0.0,0.0,0.0
172.5266766200688,55.30823454063897,12.599999999999993,0.0,0.0,0.0
172.53923322467824,55.315235510356665,12.599999999999993,0.0,0.0,0.0
172.5517942637772,55.322235191938304,12.599999999999994,0.0,0.0,0.0
172.56435973927324,55.32923358459238,12.599999999999993,0.0,0.0,0.0
172.57692965307442,55.33623068752704,12.599999999999993,0.0,0.0,0.0
172.58950400708883,55.34322649994988,12.599999999999993,0.0,0.0,0.0
172.6020828032248,55.35022102106801,12.599999999999993,0.0,0.0,0.0
172.61466604339077,55.35721425008805,12.599999999999993,0.0,0.0,0.0
172.62725372949546,55.36420618621619,12.599999999999993,0.0,0.0,0.0
172.63984586344756,55.37119682865795,12.599999999999993,0.0,0.0,0.0
172.65244244715615,55.37818617661855,12.599999999999994,0.0,0.0,0.0
172.66504348253042,55.38517422930263,12.599999999999993,0.0,0.0,0.0
172.67764897147967,55.392160985914366,12.599999999999993,0.0,0.0,0.0
172.6902589159134,55.399146445657415,12.599999999999994,0.0,0.0,0.0
172.70287331774145,55.406130607735,12.599999999999993,0.0,0.0,0.0
172.71549217887338,55.41311347134973,12.599999999999993,0.0,0.0,0.0
172.72811550121938,55.420095035703845,12.599999999999993,0.0,0.0,0.0
172.7407432866896,55.427075299999046,12.599999999999993,0.0,0.0,0.0
172.7533755371943,55.43405426343653,12.599999999999993,0.0,0.0,0.0
172.7660122546441,55.44103192521706,12.599999999999994,0.0,0.0,0.0
172.77865344094945,55.44800828454078,12.599999999999993,0.0,0.0,0.0
172.7912990980213,55.454983340607455,12.599999999999993,0.0,0.0,0.0
172.8039492277706,55.461957092616316,12.599999999999994,0.0,0.0,0.0
172.8166038321084,55.4689295397661,12.599999999999993,0.0,0.0,0.0
172.829262912946,55.47590068125507,12.599999999999993,0.0,0.0,0.0
172.8419264721949,55.482870516281004,12.599999999999993,0.0,0.0,0.0
172.8545945117665,55.48983904404108,12.599999999999993,0.0,0.0,0.0
172.86726703357257,55.49680626373209,12.599999999999993,0.0,0.0,0.0
172.879944039525,55.50377217455032,12.599999999999993,0.0,0.0,0.0
172.89262553153574,55.51073677569154,12.599999999999993,0.0,0.0,0.0
172.905311511517,55.51770006635101,12.599999999999993,0.0,0.0,0.0
172.91800198138108,55.524662045723574,12.599999999999994,0.0,0.0,0.0
172.9306969430403,55.53162271300341,12.599999999999994,0.0,0.0,0.0
172.94339639840723,55.53858206738436,12.599999999999993,0.0,0.0,0.0
172.95610034939463,55.54554010805973,12.59999999999999,0.0,0.0,0.0
172.9688087979153,55.552496834222296,12.599999999999993,0.0,0.0,0.0
172.9815217458822,55.559452245064364,12.599999999999993,0.0,0.0,0.0
172.99423919520854,55.56640633977778,12.599999999999993,0.0,0.0,0.0
173.00696114780732,55.573359117553764,12.599999999999993,0.0,0.0,0.0
173.01968760559205,55.58031057758316,12.599999999999993,0.0,0.0,0.0
173.03241857047618,55.58726071905631,12.599999999999993,0.0,0.0,0.0
173.04515404437333,55.594209541162996,12.599999999999994,0.0,0.0,0.0
173.0578940291972,55.601157043092535,12.599999999999993,0.0,0.0,0.0
173.07063852686173,55.60810322403379,12.599999999999993,0.0,0.0,0.0
173.08338753928075,55.615048083175026,12.599999999999994,0.0,0.0,0.0
173.09614106836847,55.621991619704076,12.599999999999993,0.0,0.0,0.0
173.10889911603905,55.62893383280827,12.599999999999993,0.0,0.0,0.0
173.12166168420677,55.63587472167444,12.59999999999999,0.0,0.0,0.0
173.13442877478616,55.6428142854889,12.599999999999994,0.0,0.0,0.0
173.1472003896917,55.64975252343749,12.599999999999993,0.0,0.0,0.0
173.1599765308381,55.65668943470553,12.599999999999994,0.0,0.0,0.0
173.1727572001401,55.66362501847784,12.599999999999993,0.0,0.0,0.0
173.18554239951254,55.67055927393874,12.599999999999993,0.0,0.0,0.0
173.19833213087048,55.6774922002721,12.599999999999994,0.0,0.0,0.0
173.211126396129,55.68442379666119,12.599999999999994,0.0,0.0,0.0
173.22392519720324,55.69135406228889,12.599999999999994,0.0,0.0,0.0
173.2367285360085,55.6982829963375,12.599999999999994,0.0,0.0,0.0
173.24953641446024,55.70521059798885,12.599999999999993,0.0,0.0,0.0
173.26234883447384,55.71213686642427,12.599999999999993,0.0,0.0,0.0
173.27516579796495,55.71906180082458,12.599999999999993,0.0,0.0,0.0
173.28798730684923,55.72598540037011,12.599999999999993,0.0,0.0,0.0
173.30081336304244,55.732907664240685,12.599999999999993,0.0,0.0,0.0
173.3136439684605,55.739828591615606,12.59999999999999,0.0,0.0,0.0
173.3264791250193,55.74674818167371,12.599999999999993,0.0,0.0,0.0
173.33931883463487,55.753666433593324,12.59999999999999,0.0,0.0,0.0
173.35216309922333,55.76058334655224,12.599999999999993,0.0,0.0,0.0
173.36501192070097,55.76749891972778,12.59999999999999,0.0,0.0,0.0
173.37786530098398,55.77441315229676,12.59999999999999,0.0,0.0,0.0
173.3907232419888,55.78132604343549,12.599999999999993,0.0,0.0,0.0
173.40358574563183,55.78823759231975,12.59999999999999,0.0,0.0,0.0
173.41645281382964,55.79514779812487,12.59999999999999,0.0,0.0,0.0
173.4293244484988,55.80205666002564,12.599999999999993,0.0,0.0,0.0
173.44220065155602,55.80896417719635,12.599999999999993,0.0,0.0,0.0
173.455081424918,55.81587034881079,12.599999999999993,0.0,0.0,0.0
173.46796677050162,55.82277517404226,12.599999999999993,0.0,0.0,0.0
173.48085669022373,55.82967865206353,12.599999999999994,0.0,0.0,0.0
173.49375118600128,55.83658078204689,12.599999999999993,0.0,0.0,0.0
173.5066502597513,55.843481563164104,12.599999999999993,0.0,0.0,0.0
173.51955391339092,55.85038099458645,12.599999999999993,0.0,0.0,0.0
173.5324621488372,55.85727907548469,12.599999999999993,0.0,0.0,0.0
173.54537496800742,55.86417580502909,12.59999999999999,0.0,0.0,0.0
173.5582923728188,55.871071182389414,12.599999999999993,0.0,0.0,0.0
173.5712143651887,55.87796520673489,12.599999999999993,0.0,0.0,0.0
173.58414094703446,55.88485787723428,12.599999999999993,0.0,0.0,0.0
173.59707212027354,55.891749193055816,12.59999999999999,0.0,0.0,0.0
173.61000788682338,55.89863915336724,12.599999999999993,0.0,0.0,0.0
173.62294824860157,55.905527757335776,12.599999999999993,0.0,0.0,0.0
173.63589320752567,55.91241500412815,12.599999999999993,0.0,0.0,0.0
173.64884276551328,55.919300892910556,12.599999999999993,0.0,0.0,0.0
173.6617969244821,55.92618542284874,12.599999999999993,0.0,0.0,0.0
173.6747556863498,55.933068593107855,12.599999999999993,0.0,0.0,0.0
173.6877190530342,55.93995040285265,12.599999999999993,0.0,0.0,0.0
173.70068702645304,55.94683085124726,12.59999999999999,0.0,0.0,0.0
173.71365960852418,55.95370993745542,12.599999999999993,0.0,0.0,0.0
173.72663680116545,55.960587660640265,12.599999999999993,0.0,0.0,0.0
173.73961860629475,55.967464019964474,12.59999999999999,0.0,0.0,0.0
173.75260502583006,55.9743390145902,12.599999999999993,0.0,0.0,0.0
173.7655960616893,55.98121264367911,12.599999999999993,0.0,0.0,0.0
173.7785917157905,55.98808490639232,12.599999999999993,0.0,0.0,0.0
173.79159199005164,55.99495580189047,12.599999999999993,0.0,0.0,0.0
173.80459688639078,56.0018253293337,12.599999999999993,0.0,0.0,0.0
173.817606406726,56.00869348788162,12.59999999999999,0.0,0.0,0.0
173.8306205529753,56.01556027669333,12.599999999999993,0.0,0.0,0.0
173.84363932705685,56.02242569492743,12.59999999999999,0.0,0.0,0.0
173.85666273088881,56.02928974174202,12.599999999999989,0.0,0.0,0.0
173.86969076638925,56.03615241629468,12.59999999999999,0.0,0.0,0.0
173.88272343547632,56.04301371774246,12.59999999999999,0.0,0.0,0.0
173.89576074006825,56.04987364524194,12.59999999999999,0.0,0.0,0.0
173.90880268208318,56.05673219794917,12.599999999999989,0.0,0.0,0.0
173.92184926343927,56.063589375019674,12.59999999999999,0.0,0.0,0.0
173.93490048605472,56.070445175608505,12.599999999999989,0.0,0.0,0.0
173.94795635184775,56.07729959887018,12.59999999999999,0.0,0.0,0.0
173.96101686273653,56.08415264395868,12.59999999999999,0.0,0.0,0.0
173.97408202063923,56.09100431002754,12.59999999999999,0.0,0.0,0.0
173.9871518274741,56.09785459622972,12.59999999999999,0.0,0.0,0.0
174.0002262851593,56.10470350171772,12.599999999999989,0.0,0.0,0.0
174.01330539561303,56.111551025643486,12.599999999999989,0.0,0.0,0.0
174.0263891607535,56.11839716715849,12.599999999999989,0.0,0.0,0.0
174.03947758249882,56.125241925413654,12.599999999999989,0.0,0.0,0.0
174.0525706627672,56.13208529955942,12.599999999999989,0.0,0.0,0.0
174.06566840347676,56.13892728874571,12.599999999999989,0.0,0.0,0.0
174.0787708065457,56.14576789212193,12.599999999999993,0.0,0.0,0.0
174.0918778738921,56.15260710883696,12.599999999999989,0.0,0.0,0.0
174.104989607434,56.1594449380392,12.599999999999989,0.0,0.0,0.0
174.1181060090896,56.166281378876505,12.59999999999999,0.0,0.0,0.0
174.13122708077688,56.17311643049623,12.59999999999999,0.0,0.0,0.0
174.14435282441391,56.17995009204523,12.59999999999999,0.0,0.0,0.0
174.1574832419187,56.18678236266984,12.599999999999989,0.0,0.0,0.0
174.1706183352092,56.19361324151585,12.59999999999999,0.0,0.0,0.0
174.18375810620344,56.20044272772858,12.59999999999999,0.0,0.0,0.0
174.19690255681928,56.20727082045281,12.599999999999993,0.0,0.0,0.0
174.21005168897466,56.21409751883284,12.599999999999993,0.0,0.0,0.0
174.22320550458738,56.220922822012405,12.59999999999999,0.0,0.0,0.0
174.23636400557533,56.227746729134765,12.599999999999989,0.0,0.0,0.0
174.24952719385624,56.23456923934265,12.59999999999999,0.0,0.0,0.0
174.26269507134788,56.24139035177828,12.59999999999999,0.0,0.0,0.0
174.27586763996788,56.24821006558336,12.59999999999999,0.0,0.0,0.0
174.289044901634,56.255028379899066,12.59999999999999,0.0,0.0,0.0
174.30222685826377,56.26184529386609,12.59999999999999,0.0,0.0,0.0
174.31541351177475,56.268660806624574,12.599999999999989,0.0,0.0,0.0
174.3286048640845,56.27547491731418,12.599999999999989,0.0,0.0,0.0
174.34180091711042,56.28228762507402,12.599999999999989,0.0,0.0,0.0
174.3550016727699,56.28909892904272,12.59999999999999,0.0,0.0,0.0
174.36820713298033,56.295908828358364,12.599999999999993,0.0,0.0,0.0
174.38141729965898,56.30271732215854,12.599999999999989,0.0,0.0,0.0
174.39463217472309,56.309524409580305,12.599999999999993,0.0,0.0,0.0
174.40785176008973,56.31633008976023,12.599999999999993,0.0,0.0,0.0
174.42107605767612,56.323134361834306,12.599999999999989,0.0,0.0,0.0
174.43430506939924,56.32993722493809,12.599999999999993,0.0,0.0,0.0
174.44753879717604,56.336738678206544,12.59999999999999,0.0,0.0,0.0
174.46077724292343,56.34353872077418,12.59999999999999,0.0,0.0,0.0
174.47402040855818,56.35033735177493,12.59999999999999,0.0,0.0,0.0
174.4872682959971,56.35713457034228,12.59999999999999,0.0,0.0,0.0
174.50052090715684,56.36393037560913,12.599999999999993,0.0,0.0,0.0
174.51377824395396,56.3707247667079,12.59999999999999,0.0,0.0,0.0
174.52704030830503,56.377517742770486,12.599999999999989,0.0,0.0,0.0
174.54030710212643,56.38430930292826,12.59999999999999,0.0,0.0,0.0
174.5535786273345,56.39109944631208,12.59999999999999,0.0,0.0,0.0
174.56685488584552,56.3978881720523,12.59999999999999,0.0,0.0,0.0
174.58013587957564,56.404675479278715,12.599999999999989,0.0,0.0,0.0
174.59342161044094,56.41146136712065,12.599999999999989,0.0,0.0,0.0
174.6067120803574,56.41824583470688,12.59999999999999,0.0,0.0,0.0
174.62000729124094,56.42502888116567,12.59999999999999,0.0,0.0,0.0
174.6333072450073,56.431810505624775,12.599999999999989,0.0,0.0,0.0
174.64661194357225,56.43859070721141,12.59999999999999,0.0,0.0,0.0
174.65992138885127,56.44536948505228,12.599999999999989,0.0,0.0,0.0
174.67323558276,56.4521468382736,12.599999999999989,0.0,0.0,0.0
174.68655452721364,56.45892276600101,12.599999999999989,0.0,0.0,0.0
174.69987822412764,56.46569726735967,12.599999999999993,0.0,0.0,0.0
174.71320667541707,56.47247034147421,12.599999999999989,0.0,0.0,0.0
174.726539882997,56.47924198746873,12.59999999999999,0.0,0.0,0.0
174.7398778487824,56.48601220446683,12.599999999999993,0.0,0.0,0.0
174.75322057468813,56.49278099159157,12.59999999999999,0.0,0.0,0.0
174.7665680626288,56.49954834796551,12.599999999999989,0.0,0.0,0.0
174.77992031451907,56.50631427271066,12.599999999999993,0.0,0.0,0.0
174.79327733227345,56.51307876494854,12.599999999999993,0.0,0.0,0.0
174.80663911780618,56.51984182380012,12.599999999999989,0.0,0.0,0.0
174.82000567303157,56.526603448385885,12.59999999999999,0.0,0.0,0.0
174.83337699986365,56.533363637825765,12.599999999999989,0.0,0.0,0.0
174.84675310021646,56.54012239123917,12.599999999999989,0.0,0.0,0.0
174.86013397600374,56.54687970774502,12.59999999999999,0.0,0.0,0.0
174.87351962913925,56.55363558646168,12.59999999999999,0.0,0.0,0.0
174.8869100615365,56.560390026507015,12.599999999999989,0.0,0.0,0.0
174.90030527510896,56.567143026998345,12.599999999999993,0.0,0.0,0.0
174.91370527176989,56.573894587052486,12.599999999999989,0.0,0.0,0.0
174.92711005343241,56.58064470578574,12.599999999999989,0.0,0.0,0.0
174.94051962200956,56.587393382313856,12.599999999999993,0.0,0.0,0.0
174.95393397941413,56.594140615752096,12.599999999999989,0.0,0.0,0.0
174.96735312755882,56.60088640521517,12.59999999999999,0.0,0.0,0.0
174.9807770683562,56.60763074981727,12.59999999999999,0.0,0.0,0.0
174.99420580371867,56.614373648672085,12.59999999999999,0.0,0.0,0.0
175.00763933555845,56.621115100892766,12.599999999999989,0.0,0.0,0.0
175.02107766578757,56.62785510559193,12.599999999999987,0.0,0.0,0.0
175.03452079631802,56.63459366188168,12.599999999999989,0.0,0.0,0.0
175.04796872906155,56.64133076887361,12.599999999999989,0.0,0.0,0.0
175.0614214659297,56.648066425678785,12.599999999999989,0.0,0.0,0.0
175.07487900883393,56.65480063140772,12.599999999999989,0.0,0.0,0.0
175.08834135968547,56.66153338517042,12.599999999999989,0.0,0.0,0.0
175.1018085203954,56.668264686076384,12.599999999999989,0.0,0.0,0.0
175.11528049287466,56.67499453323458,12.599999999999987,0.0,0.0,0.0
175.12875727903398,56.68172292575343,12.599999999999989,0.0,0.0,0.0
175.1422388807839,56.68844986274084,12.599999999999989,0.0,0.0,0.0
175.1557253000348,56.69517534330422,12.59999999999999,0.0,0.0,0.0
175.16921653869687,56.70189936655041,12.599999999999989,0.0,0.0,0.0
175.18271259868013,56.70862193158576,12.599999999999989,0.0,0.0,0.0
175.19621348189443,56.71534303751607,12.599999999999989,0.0,0.0,0.0
175.20971919024936,56.72206268344663,12.599999999999989,0.0,0.0,0.0
175.22322972565436,56.728780868482204,12.599999999999987,0.0,0.0,0.0
175.23674509001876,56.735497591727025,12.599999999999987,0.0,0.0,0.0
175.2502652852515,56.742212852284815,12.599999999999989,0.0,0.0,0.0
175.26379031326155,56.74892664925873,12.599999999999989,0.0,0.0,0.0
175.27732017595747,56.75563898175144,12.599999999999989,0.0,0.0,0.0
175.2908548752478,56.7623498488651,12.59999999999999,0.0,0.0,0.0
175.30439441304074,56.769059249701264,12.599999999999989,0.0,0.0,0.0
175.31793879124433,56.775767183361054,12.599999999999989,0.0,0.0,0.0
175.33148801176645,56.782473648945,12.599999999999989,0.0,0.0,0.0
175.3450420765147,56.78917864555314,12.599999999999989,0.0,0.0,0.0
175.35860098739644,56.795882172284955,12.599999999999989,0.0,0.0,0.0
175.37216474631896,56.80258422823943,12.599999999999989,0.0,0.0,0.0
175.3857333551892,56.80928481251501,12.59999999999999,0.0,0.0,0.0
175.3993068159139,56.81598392420959,12.599999999999989,0.0,0.0,0.0
175.4128851303996,56.822681562420584,12.599999999999989,0.0,0.0,0.0
