galstreams/tracks/track.st.Fimbulthul.ibata2021.ecsv
# %ECSV 1.0
# ---
# datatype:
# - {name: ra, unit: deg, datatype: float64}
# - {name: dec, unit: deg, datatype: float64}
# - {name: distance, unit: kpc, datatype: float64}
# - {name: pm_ra_cosdec, unit: mas / yr, datatype: float64}
# - {name: pm_dec, unit: mas / yr, datatype: float64}
# - {name: radial_velocity, unit: km / s, datatype: float64}
# delimiter: ','
# meta: !!omap
# - __serialized_columns__:
#     dec:
#       __class__: astropy.coordinates.angles.Latitude
#       unit: &id001 !astropy.units.Unit {unit: deg}
#       value: !astropy.table.SerializedColumn {name: dec}
#     distance:
#       __class__: astropy.coordinates.distances.Distance
#       unit: !astropy.units.Unit {unit: kpc}
#       value: !astropy.table.SerializedColumn {name: distance}
#     pm_dec:
#       __class__: astropy.units.quantity.Quantity
#       unit: !astropy.units.Unit {unit: mas / yr}
#       value: !astropy.table.SerializedColumn {name: pm_dec}
#     pm_ra_cosdec:
#       __class__: astropy.units.quantity.Quantity
#       unit: !astropy.units.Unit {unit: mas / yr}
#       value: !astropy.table.SerializedColumn {name: pm_ra_cosdec}
#     ra:
#       __class__: astropy.coordinates.angles.Longitude
#       unit: *id001
#       value: !astropy.table.SerializedColumn {name: ra}
#       wrap_angle: !astropy.coordinates.Angle
#         unit: *id001
#         value: 360.0
#     radial_velocity:
#       __class__: astropy.units.quantity.Quantity
#       unit: !astropy.units.Unit {unit: km / s}
#       value: !astropy.table.SerializedColumn {name: radial_velocity}
# schema: astropy-2.0
ra,dec,distance,pm_ra_cosdec,pm_dec,radial_velocity
[from data line 3236]
222.15275775020442,-24.28737528490764,3.297286803610682,-21.710607557673313,-13.168097359403884,-119.59324124621399
222.17230877982365,-24.2926360751151,3.2984788145111956,-21.715370664616696,-13.169720879773596,-120.04253967617261
222.19187149817498,-24.297906108201797,3.299674010302603,-21.720128861288934,-13.171342758012605,-120.49232743393311
222.21144591344887,-24.30318538552393,3.300872392927488,-21.72488214307803,-13.172962993370898,-120.94260478295463
222.2310320338428,-24.308473908434262,3.302073964328436,-21.729630505371407,-13.174581585100757,-121.39337198669611
222.25062986756132,-24.313771678281974,3.3032787264480326,-21.73437394355595,-13.176198532456738,-121.84462930861687
222.270239422816,-24.319078696412745,3.3044866812288647,-21.739112453017988,-13.177813834695725,-122.29637701217618
222.28986070782548,-24.32439496416873,3.3056978306135187,-21.743846029143292,-13.179427491076897,-122.74861536083323
222.30949373081555,-24.329720482888515,3.3069121765445773,-21.748574667317076,-13.181039500861743,-123.20134461804669
222.3291385000191,-24.335055253907168,3.308129720964629,-21.753298362923992,-13.182649863314069,-123.65456504727608
222.348795023676,-24.34039927855618,3.3093504658162582,-21.75801711134817,-13.184258577699985,-124.10827691198044
222.3684633100334,-24.345752558163493,3.3105744130420516,-21.76273090797315,-13.18586564328793,-124.56248047561934
222.38814336734555,-24.35111509405347,3.3118015645845946,-21.767439748181925,-13.187471059348656,-125.01717600165101
222.40783520387376,-24.3564868875469,3.313031922386472,-21.772143627356947,-13.189074825155238,-125.47236375353525
222.42753882788665,-24.361867939961012,3.314265488390269,-21.776842540880086,-13.19067693998308,-125.928043994731
222.4472542476599,-24.367258252609414,3.3155022645385737,-21.78153648413268,-13.192277403109909,-126.38421698869746
222.4669814714765,-24.372657826802126,3.3167422527739716,-21.786225452495486,-13.19387621381579,-126.84088299889412
222.4867205076265,-24.378066663845583,3.317985455039045,-21.790909441348727,-13.19547337138314,-127.29804228877934
222.50647136440728,-24.383484765042578,3.319231873276384,-21.79558844607205,-13.197068875096656,-127.75569512181255
222.52623405012346,-24.38891213169232,3.32048150942857,-21.800262462044554,-13.198662724243462,-128.21384176145324
222.54600857308682,-24.394348765090367,3.3217343654381932,-21.80493148464476,-13.200254918112948,-128.67248247116032
222.56579494161645,-24.39979466652866,3.322990443247838,-21.809595509250673,-13.20184545599689,-129.13161751439316
222.58559316403873,-24.405249837295486,3.324249744800087,-21.814254531239683,-13.2034343371894,-129.5912471546103
222.60540324868728,-24.41071427867551,3.325512272037529,-21.81890854598866,-13.205021560986935,-130.05137165527128
222.62522520390309,-24.416187991949723,3.3267780269027485,-21.823557548873897,-13.206607126688343,-130.51199127983523
222.64505903803436,-24.421670978395454,3.3280470113383323,-21.82820153527114,-13.20819103359479,-130.97310629176118
222.66490475943678,-24.4271632392864,3.3293192272868652,-21.832840500555562,-13.209773281009827,-131.43471695450876
222.6847623764732,-24.432664775892523,3.3305946766909327,-21.837474440101776,-13.21135386823935,-131.89682353153646
222.7046318975139,-24.43817558948016,3.3318733614931215,-21.84210334928383,-13.212932794591634,-132.3594262863036
222.7245133309366,-24.44369568131192,3.333155283636016,-21.846727223475213,-13.214510059377316,-132.82252548226936
222.74440668512625,-24.44922505264672,3.3344404450622034,-21.85134605804887,-13.216085661909405,-133.28612138289293
222.76431196847537,-24.454763704739825,3.33572884771427,-21.855959848377154,-13.21765960150331,-133.75021425163376
222.78422918938372,-24.460311638842715,3.3370204935347987,-21.860568589831885,-13.219231877476766,-134.2148043519502
222.80415835625865,-24.465868856203176,3.338315384466377,-21.865172277784282,-13.220802489149944,-134.679891947302
222.82409947751484,-24.471435358065307,3.3396135224515904,-21.869770907605044,-13.222371435845371,-135.14547730114816
222.8440525615744,-24.47701114566942,3.340914909433024,-21.874364474664276,-13.223938716887947,-135.61156067694762
222.86401761686696,-24.48259622025212,3.3422195473532654,-21.87895297433153,-13.225504331604991,-136.07814233816018
222.88399465182965,-24.488190583046258,3.3435274381548985,-21.883536401975785,-13.227068279326204,-136.5452225482442
222.90398367490707,-24.493794235280916,3.344838583780509,-21.888114752965468,-13.228630559383662,-137.0128015706591
222.92398469455128,-24.49940717818142,3.3461529861726835,-21.89268802266844,-13.230191171111866,-137.4808796688639
222.94399771922193,-24.50502941296935,3.3474706472740072,-21.89725620645199,-13.23175011384771,-137.94945710631796
222.96402275738615,-24.510660940862476,3.3487915690270667,-21.901819299682842,-13.233307386930477,-138.41853414648065
222.98405981751864,-24.516301763074797,3.350115753374447,-21.90637729772715,-13.234862989701867,-138.88811105281053
223.00410890810173,-24.521951880816513,3.351443202258733,-21.91093019595052,-13.236416921505995,-139.3581880887671
223.0241700376252,-24.527611295294033,3.3527739176225118,-21.915477989717967,-13.237969181689376,-139.82876551780933
223.0442432145865,-24.53328000770996,3.354107901408368,-21.92002067439397,-13.239519769600946,-140.29984360339628
223.06432844749068,-24.538958019263077,3.3554451555588893,-21.92455824534241,-13.241068684592054,-140.77142260898776
223.08442574485036,-24.544645331148335,3.356785682016658,-21.929090697926615,-13.242615926016473,-141.24350279804187
223.1045351151859,-24.550341944556866,3.358129482724264,-21.933618027509343,-13.244161493230397,-141.71608443401868
223.1246565670252,-24.556047860675978,3.3594765596242886,-21.93814022945281,-13.245705385592448,-142.1891677803764
223.14479010890386,-24.5617630806891,3.36082691465932,-21.94265729911861,-13.247247602463673,-142.66275310057492
223.16493574936524,-24.56748760577584,3.362180549771946,-21.94716923186781,-13.248788143207552,-143.13684065807365
223.18509349696018,-24.573221437111915,3.3635374669047486,-21.9516760230609,-13.250327007189984,-143.61143071633077
223.20526336024747,-24.578964575869207,3.364897668000314,-21.956177668057805,-13.251864193779351,-144.08652353880595
223.22544534779342,-24.584717023215703,3.3662611550012294,-21.960674162217867,-13.25339970234641,-144.56211938895817
223.24563946817224,-24.590478780315504,3.3676279298500806,-21.965165500899875,-13.254933532264408,-145.03821853024684
223.26584572996575,-24.59624984832882,3.3689979944894537,-21.969651679462025,-13.256465682909006,-145.51482122613098
223.28606414176363,-24.60203022841199,3.370371350861931,-21.97413269326197,-13.257996153658354,-145.99192774006931
223.30629471216326,-24.60781992171739,3.3717480009101006,-21.9786085376568,-13.259524943893002,-146.4695383355216
223.32653744976992,-24.613618929393546,3.373127946576549,-21.983079208002987,-13.261052052995993,-146.94765327594652
223.34679236319658,-24.619427252585012,3.374511189803863,-21.987544699656482,-13.262577480352803,-147.42627282480396
223.36705946106406,-24.625244892432423,3.3758977325346238,-21.992005007972644,-13.264101225351364,-147.90539724555194
223.38733875200109,-24.6310718500725,3.3772875767114208,-21.99646012830626,-13.265623287382102,-148.38502680165035
223.40763024464417,-24.636908126637987,3.3786807242768373,-22.000910056011556,-13.267143665837871,-148.86516175655797
223.42793394763765,-24.642753723257698,3.3800771771734626,-22.005354786442176,-13.268662360114,-149.34580237373424
223.44824986963388,-24.648608641056466,3.3814769373438804,-22.009794314951197,-13.270179369608297,-149.82694891663843
223.468578019293,-24.65447288115517,3.3828800067306743,-22.01422863689113,-13.271694693721052,-150.30860164872925
223.48891840528304,-24.660346444670687,3.384286387276432,-22.018657747613915,-13.273208331854995,-150.79076083346595
223.50927103628007,-24.66622933271595,3.38569608092374,-22.02308164247089,-13.274720283415357,-151.2734267343077
223.52963592096796,-24.67212154639986,3.3871090896151825,-22.027500316812876,-13.276230547809853,-151.75659961471365
223.55001306803865,-24.678023086827345,3.3885254152933477,-22.031913765990076,-13.27773912444868,-152.2402797381435
223.57040248619197,-24.683933955099285,3.3899450599008176,-22.03632198535214,-13.2792460127445,-152.72446736805514
