galstreams/tracks/track.st.Jhelum-a.bonaca2019.ecsv
# %ECSV 0.9
# ---
# datatype:
# - {name: ra, unit: deg, datatype: float64}
# - {name: dec, unit: deg, datatype: float64}
# - {name: distance, unit: kpc, datatype: float64}
# - {name: pm_ra_cosdec, unit: mas / yr, datatype: float64}
# - {name: pm_dec, unit: mas / yr, datatype: float64}
# - {name: radial_velocity, unit: km / s, datatype: float64}
# delimiter: ','
# meta: !!omap
# - __serialized_columns__:
#     dec:
#       __class__: astropy.coordinates.angles.Latitude
#       unit: &id001 !astropy.units.Unit {unit: deg}
#       value: !astropy.table.SerializedColumn {name: dec}
#     distance:
#       __class__: astropy.coordinates.distances.Distance
#       unit: !astropy.units.Unit {unit: kpc}
#       value: !astropy.table.SerializedColumn {name: distance}
#     pm_dec:
#       __class__: astropy.units.quantity.Quantity
#       unit: !astropy.units.Unit {unit: mas / yr}
#       value: !astropy.table.SerializedColumn {name: pm_dec}
#     pm_ra_cosdec:
#       __class__: astropy.units.quantity.Quantity
#       unit: !astropy.units.Unit {unit: mas / yr}
#       value: !astropy.table.SerializedColumn {name: pm_ra_cosdec}
#     ra:
#       __class__: astropy.coordinates.angles.Longitude
#       unit: *id001
#       value: !astropy.table.SerializedColumn {name: ra}
#       wrap_angle: !astropy.coordinates.Angle
#         unit: *id001
#         value: 360.0
#     radial_velocity:
#       __class__: astropy.units.quantity.Quantity
#       unit: !astropy.units.Unit {unit: km / s}
#       value: !astropy.table.SerializedColumn {name: radial_velocity}
# schema: astropy-2.0
ra,dec,distance,pm_ra_cosdec,pm_dec,radial_velocity
[from data line 2384]
329.7647233228245,-48.79369379300305,12.999999999999998,5.671450537063012,-5.752912606697214,-1.347322740779574e-13
329.75060931437736,-48.7900041910879,12.999999999999996,5.670352711911003,-5.753622695602322,-1.6841534259744677e-13
329.73649730610265,-48.78631298807143,12.999999999999998,5.669254847449331,-5.754332218202482,3.368306851948935e-14
329.7223872983049,-48.78262018440846,12.999999999999996,5.668156943939798,-5.755041174449582,-1.0104920555846805e-13
329.7082792912879,-48.77892578055389,13.0,5.6670590016441,-5.755749564295687,6.73661370389787e-14
329.6941732853547,-48.77522977696266,12.999999999999998,5.665961020823823,-5.756457387693072,3.368306851948935e-14
329.68006928080734,-48.77153217408973,12.999999999999996,5.664863001740455,-5.757164644594197,-1.347322740779574e-13
329.66596727794746,-48.767832972390124,12.999999999999998,5.663764944655377,-5.757871334951707,0.0
329.65186727707555,-48.76413217231887,12.999999999999996,5.662666849829859,-5.758577458718458,-6.73661370389787e-14
329.6377692784916,-48.760429774331065,13.0,5.661568717525074,-5.759283015847476,-6.73661370389787e-14
329.62367328249456,-48.75672577888181,12.999999999999996,5.660470548002087,-5.759988006292,-1.0104920555846805e-13
329.6095792893829,-48.753020186426276,12.999999999999998,5.659372341521863,-5.760692430005446,-1.0104920555846805e-13
329.59548729945413,-48.74931299741963,12.999999999999996,5.658274098345253,-5.761396286941428,-6.73661370389787e-14
329.5813973130049,-48.74560421231714,13.0,5.657175818733006,-5.762099577053755,-1.347322740779574e-13
329.5673093303314,-48.74189383157402,12.999999999999996,5.656077502945775,-5.762802300296418,-1.6841534259744677e-13
329.5532233517287,-48.7381818556456,12.999999999999998,5.654979151244089,-5.763504456623604,-3.368306851948935e-14
329.53913937749127,-48.73446828498719,13.0,5.653880763888388,-5.764206045989694,-1.347322740779574e-13
329.5250574079128,-48.73075312005417,12.999999999999996,5.652782341138999,-5.76490706834926,-1.6841534259744677e-13
329.51097744328627,-48.72703636130195,12.999999999999996,5.651683883256148,-5.765607523657058,-2.3578147963642546e-13
329.4968994839037,-48.72331800918597,13.0,5.650585390499946,-5.7663074118680395,-1.0104920555846805e-13
329.48282353005646,-48.71959806416168,12.999999999999996,5.649486863130411,-5.767006732937348,-6.73661370389787e-14
329.46874958203506,-48.71587652668461,13.0,5.64838830140744,-5.767705486820317,-1.0104920555846805e-13
329.45467764012943,-48.71215339721029,12.999999999999998,5.647289705590838,-5.768403673472466,-1.6841534259744677e-13
329.4406077046286,-48.70842867619431,12.999999999999998,5.646191075940299,-5.769101292849506,-6.73661370389787e-14
329.4265397758207,-48.704702364092256,12.999999999999998,5.645092412715402,-5.769798344907345,-1.6841534259744677e-13
329.41247385399333,-48.700974461359785,12.999999999999998,5.643993716175635,-5.770494829602067,-1.6841534259744677e-13
329.39840993943324,-48.69724496845258,12.999999999999998,5.64289498658037,-5.771190746889957,-6.73661370389787e-14
329.38434803242626,-48.69351388582635,12.999999999999998,5.6417962241888775,-5.771886096727487,-1.347322740779574e-13
329.37028813325765,-48.689781213936826,12.999999999999996,5.640697429260313,-5.772580879071318,-1.0104920555846805e-13
329.35623024221184,-48.686046953239796,12.999999999999998,5.639598602053737,-5.7732750938782935,-6.73661370389787e-14
329.3421743595724,-48.68231110419106,12.999999999999998,5.638499742828088,-5.773968741105456,0.0
329.3281204856222,-48.678573667246475,12.999999999999998,5.637400851842212,-5.774661820710035,-1.347322740779574e-13
329.31406862064347,-48.674834642861896,12.999999999999996,5.636301929354847,-5.775354332649442,-1.347322740779574e-13
329.3000187649174,-48.67109403149325,12.999999999999996,5.635202975624619,-5.7760462768812815,-1.347322740779574e-13
329.2859709187246,-48.667351833596456,12.999999999999998,5.63410399091004,-5.776737653363346,-6.73661370389787e-14
329.2719250823449,-48.6636080496275,12.999999999999998,5.6330049754695315,-5.777428462053615,-3.368306851948935e-14
329.2578812560574,-48.659862680042366,12.999999999999996,5.631905929561395,-5.778118702910261,-6.73661370389787e-14
329.24383944014016,-48.6561157252971,12.999999999999998,5.630806853443826,-5.778808375891636,-6.73661370389787e-14
329.22979963487086,-48.65236718584778,12.999999999999998,5.629707747374914,-5.779497480956288,-2.020984111169361e-13
329.21576184052617,-48.648617062150464,13.0,5.628608611612652,-5.780186018062943,-1.0104920555846805e-13
329.2017260573821,-48.64486535466132,12.999999999999996,5.627509446414905,-5.7808739871705255,-1.347322740779574e-13
329.18769228571375,-48.64111206383648,12.999999999999998,5.626410252039445,-5.781561388238139,-1.6841534259744677e-13
329.1736605257957,-48.63735719013214,12.999999999999998,5.625311028743934,-5.782248221225075,-6.73661370389787e-14
329.15963077790155,-48.633600734004524,12.999999999999996,5.62421177678592,-5.78293448609082,-1.0104920555846805e-13
329.14560304230423,-48.62984269590988,12.999999999999998,5.6231124964228485,-5.7836201827950315,0.0
329.13157731927583,-48.62608307630447,12.999999999999996,5.622013187912057,-5.784305311297571,6.73661370389787e-14
329.11755360908774,-48.6223218756446,12.999999999999998,5.620913851510765,-5.784989871558478,-2.3578147963642546e-13
329.1035319120106,-48.618559094386654,12.999999999999998,5.619814487476101,-5.7856738635379745,-1.347322740779574e-13
329.0895122283144,-48.61479473298695,12.999999999999998,5.618715096065079,-5.786357287196472,-1.0104920555846805e-13
329.0754945582681,-48.61102879190191,12.999999999999998,5.617615677534597,-5.787040142494573,-1.0104920555846805e-13
329.06147890214004,-48.60726127158794,12.999999999999998,5.616516232141447,-5.787722429393056,-6.73661370389787e-14
329.04746526019784,-48.603492172501504,12.999999999999998,5.615416760142322,-5.788404147852896,6.73661370389787e-14
329.03345363270824,-48.599721495099104,12.999999999999998,5.614317261793789,-5.78908529783525,3.368306851948935e-14
329.01944401993734,-48.59594923983722,12.999999999999996,5.6132177373523255,-5.789765879301454,-1.0104920555846805e-13
329.0054364221504,-48.59217540717241,13.0,5.612118187074286,-5.790445892213032,-1.6841534259744677e-13
328.991430839612,-48.58839999756124,12.999999999999998,5.611018611215926,-5.7911253365316995,-1.0104920555846805e-13
328.977427272586,-48.58462301146031,12.999999999999996,5.609919010033385,-5.791804212219347,-3.368306851948935e-14
328.96342572133517,-48.580844449326236,12.999999999999996,5.608819383782696,-5.792482519238061,-1.347322740779574e-13
328.94942618612197,-48.57706431161568,12.999999999999998,5.60771973271978,-5.793160257550101,-1.347322740779574e-13
328.9354286672078,-48.57328259878531,12.999999999999996,5.606620057100459,-5.793837427117914,3.368306851948935e-14
328.92143316485345,-48.56949931129184,12.999999999999998,5.60552035718043,-5.794514027904141,0.0
328.9074396793189,-48.565714449591994,12.999999999999996,5.604420633215293,-5.795190059871599,-2.3578147963642546e-13
328.89344821086337,-48.56192801414255,12.999999999999996,5.603320885460536,-5.795865522983278,-3.368306851948935e-14
328.87945875974526,-48.55814000540027,12.999999999999996,5.602221114171533,-5.796540417202374,-6.73661370389787e-14
328.86547132622235,-48.55435042382198,12.999999999999998,5.601121319603549,-5.797214742492253,-2.020984111169361e-13
328.85148591055156,-48.55055926986452,12.999999999999998,5.600021502011742,-5.797888498816464,-1.0104920555846805e-13
328.8375025129892,-48.546766543984766,12.999999999999998,5.598921661651173,-5.7985616861387435,0.0
328.82352113379056,-48.542972246639586,12.999999999999996,5.59782179877676,-5.799234304423017,-1.6841534259744677e-13
328.80954177321047,-48.539176378285916,12.999999999999996,5.596721913643342,-5.799906353633374,-3.368306851948935e-14
328.7955644315027,-48.535378939380685,12.999999999999998,5.595622006505634,-5.800577833734106,-6.73661370389787e-14
328.78158910892057,-48.53157993038087,12.999999999999996,5.594522077618244,-5.801248744689681,-2.020984111169361e-13
328.7676158057165,-48.52777935174347,12.999999999999998,5.593422127235674,-5.801919086464742,-1.347322740779574e-13
328.7536445221421,-48.52397720392548,12.999999999999998,5.592322155612305,-5.802588859024125,-1.347322740779574e-13
328.73967525844836,-48.520173487383985,12.999999999999996,5.591222163002414,-5.803258062332844,-1.6841534259744677e-13
328.7257080148854,-48.51636820257602,12.999999999999998,5.590122149660178,-5.80392669635609,-1.347322740779574e-13
328.71174279170265,-48.51256134995869,12.999999999999998,5.589022115839637,-5.804594761059247,-6.73661370389787e-14
328.69777958914875,-48.50875292998909,12.999999999999998,5.587922061794747,-5.8052622564078735,-6.73661370389787e-14
328.6838184074717,-48.50494294312439,12.999999999999998,5.5868219877793415,-5.805929182367704,-1.0104920555846805e-13
328.66985924691863,-48.50113138982174,12.999999999999998,5.585721894047146,-5.806595538904666,0.0
328.65590210773587,-48.49731827053832,12.999999999999998,5.584621780851767,-5.807261325984865,-2.020984111169361e-13
328.6419469901692,-48.493503585731375,13.0,5.583521648446716,-5.807926543574581,-1.347322740779574e-13
328.6279938944635,-48.48968733585809,12.999999999999998,5.5824214970853765,-5.808591191640279,-1.6841534259744677e-13
328.6140428208629,-48.48586952137578,13.0,5.581321327021032,-5.809255270148607,-1.6841534259744677e-13
328.60009376961085,-48.4820501427417,12.999999999999998,5.580221138506856,-5.80991877906639,-6.73661370389787e-14
328.58614674095,-48.478229200413146,13.0,5.5791209317959,-5.810581718360636,0.0
328.57220173512223,-48.474406694847445,12.999999999999998,5.57802070714111,-5.811244087998535,-1.0104920555846805e-13
328.5582587523689,-48.470582626501965,13.000000000000002,5.576920464795327,-5.811905887947448,-3.368306851948935e-14
328.54431779293014,-48.466756995834075,12.999999999999998,5.575820205011274,-5.8125671181749325,-6.73661370389787e-14
328.5303788570459,-48.462929803301144,12.999999999999998,5.574719928041561,-5.813227778648706,-1.0104920555846805e-13
328.516441944955,-48.459101049360605,12.999999999999998,5.573619634138691,-5.813887869336677,0.0
328.5025070568956,-48.455270734469906,13.0,5.572519323555053,-5.814547390206933,-3.368306851948935e-14
328.48857419310514,-48.4514388590865,13.0,5.5714189965429215,-5.81520634122774,6.73661370389787e-14
328.4746433538203,-48.447605423667866,13.000000000000002,5.5703186533544615,-5.8158647223675475,-2.020984111169361e-13
328.4607145392772,-48.443770428671485,12.999999999999998,5.569218294241737,-5.816522533594966,-1.0104920555846805e-13
328.44678774971084,-48.43993387455492,12.999999999999998,5.568117919456679,-5.817179774878809,0.0
328.43286298535577,-48.436095761775704,13.0,5.5670175292511175,-5.817836446188055,-3.368306851948935e-14
328.41894024644574,-48.43225609079138,12.999999999999998,5.56591712387678,-5.818492547491864,-3.368306851948935e-14
328.4050195332136,-48.42841486205954,12.999999999999998,5.564816703585261,-5.819148078759575,-1.6841534259744677e-13
328.39110084589174,-48.4245720760378,12.999999999999996,5.5637162686280615,-5.8198030399607,-1.0104920555846805e-13
328.37718418471155,-48.42072773318379,12.999999999999998,5.56261581925656,-5.820457431064932,-1.0104920555846805e-13
328.36326954990375,-48.41688183395514,13.0,5.561515355722016,-5.821111252042151,-1.6841534259744677e-13
328.3493569416985,-48.413034378809535,13.000000000000002,5.560414878275602,-5.821764502862395,6.73661370389787e-14
328.3354463603249,-48.40918536820463,13.0,5.559314387168351,-5.822417183495904,-3.368306851948935e-14
328.3215378060116,-48.40533480259816,12.999999999999996,5.558213882651198,-5.823069293913081,-6.73661370389787e-14
328.30763127898626,-48.401482682447835,13.0,5.557113364974959,-5.823720834084497,-3.368306851948935e-14
328.293726779476,-48.39762900821139,13.0,5.556012834390339,-5.82437180398092,3.368306851948935e-14
328.27982430770714,-48.3937737803466,13.0,5.554912291147931,-5.825022203573286,-3.368306851948935e-14
328.26592386390513,-48.389916999311254,12.999999999999998,5.553811735498214,-5.825672032832706,-3.368306851948935e-14
328.25202544829494,-48.386058665563134,13.0,5.552711167691556,-5.826321291730467,-6.73661370389787e-14
328.2381290611006,-48.382198779560056,13.0,5.55161058797821,-5.826969980238036,-1.0104920555846805e-13
328.22423470254546,-48.37833734175985,13.000000000000002,5.550509996608318,-5.827618098327056,-1.0104920555846805e-13
328.2103423728521,-48.3744743526204,13.0,5.549409393831903,-5.828265645969346,-6.73661370389787e-14
328.19645207224244,-48.37060981259956,13.0,5.548308779898887,-5.828912623136899,0.0
328.18256380093754,-48.36674372215521,13.0,5.547208155059061,-5.829559029801885,-3.368306851948935e-14
328.16867755915786,-48.36287608174526,12.999999999999998,5.546107519562115,-5.830204865936649,-2.020984111169361e-13
328.15479334712313,-48.35900689182766,13.0,5.5450068736576315,-5.830850131513711,-1.0104920555846805e-13
328.14091116505216,-48.35513615286032,12.999999999999998,5.543906217595057,-5.83149482650577,-1.6841534259744677e-13
328.1270310131633,-48.3512638653012,13.0,5.542805551623749,-5.8321389508856925,-1.0104920555846805e-13
328.1131528916738,-48.3473900296083,13.0,5.541704875992935,-5.832782504626531,-3.368306851948935e-14
328.0992768008005,-48.34351464623958,12.999999999999998,5.540604190951736,-5.833425487701505,-6.73661370389787e-14
328.08540274075943,-48.33963771565307,12.999999999999998,5.539503496749157,-5.834067900084009,-6.73661370389787e-14
328.0715307117657,-48.33575923830679,12.999999999999998,5.538402793634081,-5.834709741747618,-2.3578147963642546e-13
328.057660714034,-48.33187921465878,12.999999999999998,5.537302081855299,-5.835351012666067,-3.368306851948935e-14
328.04379274777807,-48.327997645167095,13.0,5.536201361661471,-5.835991712813284,-6.73661370389787e-14
328.0299268132109,-48.32411453028981,13.0,5.535100633301137,-5.83663184216336,-1.6841534259744677e-13
328.0160629105449,-48.32022987048501,13.0,5.533999897022741,-5.837271400690558,-3.368306851948935e-14
328.0022010399917,-48.31634366621078,13.0,5.532899153074603,-5.837910388369326,-3.368306851948935e-14
327.988341201762,-48.31245591792526,12.999999999999998,5.531798401704928,-5.838548805174272,-3.368306851948935e-14
327.97448339606603,-48.30856662608659,13.0,5.530697643161804,-5.839186651080189,-2.3578147963642546e-13
327.9606276231132,-48.3046757911529,12.999999999999998,5.529596877693214,-5.839823926062035,-1.6841534259744677e-13
327.94677388311226,-48.300783413582366,13.0,5.5284961055470205,-5.840460630094942,-1.347322740779574e-13
327.932922176271,-48.29688949383316,13.0,5.5273953269709715,-5.841096763154218,0.0
327.9190725027967,-48.292994032363474,13.0,5.526294542212698,-5.841732325215346,-6.73661370389787e-14
327.9052248628959,-48.2890970296315,12.999999999999998,5.525193751519726,-5.842367316253975,0.0
327.8913792567743,-48.28519848609548,12.999999999999998,5.5240929551394515,-5.8430017362459346,-1.0104920555846805e-13
327.87753568463694,-48.28129840221365,12.999999999999998,5.522992153319167,-5.843635585167215,-3.368306851948935e-14
327.8636941466881,-48.277396778444235,12.999999999999998,5.521891346306049,-5.8442688629939905,-1.347322740779574e-13
327.84985464313144,-48.27349361524551,13.0,5.520790534347154,-5.844901569702598,-3.368306851948935e-14
327.8360171741696,-48.26958891307575,13.0,5.5196897176894275,-5.845533705269557,-1.6841534259744677e-13
327.82218174000496,-48.26568267239323,13.000000000000002,5.5185888965797005,-5.8461652696715465,-2.020984111169361e-13
327.80834834083885,-48.26177489365626,12.999999999999998,5.517488071264688,-5.846796262885422,-6.73661370389787e-14
327.7945169768718,-48.25786557732316,13.0,5.5163872419909845,-5.847426684888214,-6.73661370389787e-14
327.78068764830385,-48.253954723852246,12.999999999999998,5.51528640900508,-5.8480565356571255,-1.6841534259744677e-13
