galstreams/tracks/track.st.Gaia-12.ibata2024.ecsv
# %ECSV 1.0
# ---
# datatype:
# - {name: ra, unit: deg, datatype: float64}
# - {name: dec, unit: deg, datatype: float64}
# - {name: distance, unit: kpc, datatype: float64}
# - {name: pm_ra_cosdec, unit: mas / yr, datatype: float64}
# - {name: pm_dec, unit: mas / yr, datatype: float64}
# - {name: radial_velocity, unit: km / s, datatype: float64}
# delimiter: ','
# meta: !!omap
# - __serialized_columns__:
#     dec:
#       __class__: astropy.coordinates.angles.Latitude
#       unit: &id001 !astropy.units.Unit {unit: deg}
#       value: !astropy.table.SerializedColumn {name: dec}
#     distance:
#       __class__: astropy.coordinates.distances.Distance
#       unit: !astropy.units.Unit {unit: kpc}
#       value: !astropy.table.SerializedColumn {name: distance}
#     pm_dec:
#       __class__: astropy.units.quantity.Quantity
#       unit: !astropy.units.Unit {unit: mas / yr}
#       value: !astropy.table.SerializedColumn {name: pm_dec}
#     pm_ra_cosdec:
#       __class__: astropy.units.quantity.Quantity
#       unit: !astropy.units.Unit {unit: mas / yr}
#       value: !astropy.table.SerializedColumn {name: pm_ra_cosdec}
#     ra:
#       __class__: astropy.coordinates.angles.Longitude
#       unit: *id001
#       value: !astropy.table.SerializedColumn {name: ra}
#       wrap_angle: !astropy.coordinates.Angle
#         unit: *id001
#         value: 360.0
#     radial_velocity:
#       __class__: astropy.units.quantity.Quantity
#       unit: !astropy.units.Unit {unit: km / s}
#       value: !astropy.table.SerializedColumn {name: radial_velocity}
# schema: astropy-2.0
ra,dec,distance,pm_ra_cosdec,pm_dec,radial_velocity
[from data line 1499]
33.29400583275962,22.474016360347363,0.9999999999999998,4.781612782850807,-3.9713154795733345,-528.3013116921132
33.30231913845617,22.467612951743543,0.9999999999999997,4.782804891501485,-3.97318150716891,-527.5307352164201
33.3106322088,22.461209704703034,0.9999999999999997,4.783995860507069,-3.975048718479904,-526.7617738153996
33.31894504304892,22.454806618175226,0.9999999999999998,4.785185691754528,-3.976917109573904,-525.9944257815431
33.32725764046062,22.448403691109732,0.9999999999999997,4.786374387131794,-3.9787866765190216,-525.2286894073414
33.335570000292684,22.442000922456366,0.9999999999999998,4.787561948527873,-3.980657415383945,-524.464562985286
33.34388212180245,22.435598311165165,0.9999999999999998,4.788748377832597,-3.9825293222378093,-523.702044807868
33.352194004247195,22.42919585618639,0.9999999999999997,4.789933676936911,-3.9844023931502974,-522.9411331675785
33.360505646884036,22.422793556470484,0.9999999999999997,4.79111784773265,-3.9862766241916816,-522.181826356909
33.36881704896991,22.416391410968142,0.9999999999999997,4.7923008921126495,-3.9881520114326605,-521.4241226683506
33.37712820976166,22.409989418630246,0.9999999999999997,4.79348281197079,-3.9900285509445155,-520.6680203943946
33.38543912851597,22.403587578407905,0.9999999999999996,4.7946636092018835,-3.9919062387990323,-519.9135178275319
33.393749804489346,22.397185889252423,0.9999999999999997,4.795843285701615,-3.9937850710685723,-519.1606132602542
33.40206023693819,22.390784350115343,0.9999999999999997,4.797021843366814,-3.995665043825916,-518.4093049850522
33.41037042511878,22.38438295994841,0.9999999999999997,4.798199284095212,-3.9975461531444694,-517.6595912944175
33.41868036828719,22.37798171770357,0.9999999999999997,4.799375609785493,-3.999428395098114,-516.911470480841
33.42699006569938,22.371580622333003,0.9999999999999997,4.800550822337314,-4.001311765761258,-516.1649408368144
33.435299516611174,22.36517967278908,0.9999999999999998,4.801724923651328,-4.003196261208863,-515.4200006548284
33.443608720278256,22.3587788680244,0.9999999999999998,4.802897915629174,-4.005081877516368,-514.6766482273742
33.451917675956174,22.352378206991787,0.9999999999999997,4.804069800173437,-4.0069686107597775,-513.9348818469434
33.460226382900295,22.345977688644243,0.9999999999999998,4.805240579187647,-4.008856457015575,-513.1946998060271
33.468534840365884,22.339577311935,0.9999999999999998,4.80641025457637,-4.0107454123608335,-512.4561003971162
33.47684304760806,22.333177075817517,0.9999999999999997,4.807578828245106,-4.012635472873065,-511.7190819127023
33.48515100388176,22.326776979245434,0.9999999999999997,4.80874630210031,-4.014526634630386,-510.9836426452766
33.49345870844184,22.320377021172643,0.9999999999999998,4.8099126780494,-4.016418893711389,-510.24978088733
33.501766160542985,22.3139772005532,0.9999999999999997,4.811077958000794,-4.018312246195229,-509.51749493135384
33.51007335943972,22.30757751634142,0.9999999999999998,4.812242143863884,-4.020206688161508,-508.78678306983966
33.51838030438647,22.301177967491796,0.9999999999999996,4.81340523754897,-4.0221022156904525,-508.0576435952781
33.526686994637465,22.29477855295905,0.9999999999999998,4.814567240967335,-4.023998824862737,-507.33007480016084
33.534993429446864,22.28837927169811,0.9999999999999998,4.815728156031291,-4.025896511759569,-506.60407497697895
33.54329960806863,22.28198012266412,0.9999999999999996,4.816887984654045,-4.027795272462697,-505.8796424182235
33.551605529756586,22.275581104812424,0.9999999999999997,4.818046728749771,-4.029695103054415,-505.1567754163861
33.55991119376446,22.26918221709859,0.9999999999999997,4.819204390233615,-4.031595999617473,-504.4354722639575
33.56821659934579,22.26278345847839,0.9999999999999998,4.820360971021685,-4.033497958235252,-503.71573125342917
33.576521745754015,22.25638482790781,0.9999999999999998,4.821516473031082,-4.035400974991511,-502.9975506772923
33.5848266322424,22.249986324343055,0.9999999999999996,4.822670898179844,-4.0373050459706405,-502.28092882803764
33.593131258064076,22.243587946740515,0.9999999999999996,4.823824248386913,-4.039210167257529,-501.5658639981573
33.60143562247208,22.237189694056823,0.9999999999999997,4.824976525572275,-4.041116334937577,-500.8523544801418
33.60973972471924,22.230791565248808,0.9999999999999998,4.826127731656818,-4.043023545096702,-500.1403985664827
33.61804356405829,22.224393559273498,0.9999999999999997,4.82727786856244,-4.044931793821348,-499.42999454967105
33.6263471397418,22.21799567508815,0.9999999999999998,4.828426938211919,-4.046841077198501,-498.721140722198
33.634650451022225,22.211597911650227,0.9999999999999998,4.829574942529035,-4.0487513913156405,-498.013835376555
33.64295349715187,22.205200267917395,0.9999999999999998,4.830721883438571,-4.05066273226079,-497.3080768052331
33.6512562773829,22.198802742847537,0.9999999999999997,4.831867762866182,-4.05257509612246,-496.6038633007235
33.65955879096734,22.192405335398746,0.9999999999999996,4.833012582738469,-4.054488478989747,-495.9011931555175
33.667861037157074,22.186008044529313,0.9999999999999998,4.834156344983057,-4.05640287695222,-495.20006466210594
33.67616301520387,22.179610869197752,0.9999999999999998,4.835299051528523,-4.058318286099976,-494.5004761129809
33.684464724359316,22.173213808362807,0.9999999999999998,4.836440704304302,-4.060234702523616,-493.8024258006328
33.6927661638749,22.166816860983374,0.9999999999999994,4.837581305240867,-4.062152122314323,-493.105912017553
33.70106733300196,22.160420026018613,0.9999999999999997,4.838720856269617,-4.064070541563716,-492.41093305623286
33.709368230991686,22.15402330242786,0.9999999999999998,4.839859359322894,-4.065989956364042,-491.71748720916366
33.71766885709515,22.147626689170682,0.9999999999999998,4.8409968163340125,-4.067910362807957,-491.02557276883664
33.72596921056328,22.14123018520685,0.9999999999999997,4.8421332292371915,-4.069831756988705,-490.3351880277426
33.734269290646836,22.134833789496337,0.9999999999999997,4.843268599967601,-4.071754135000056,-489.64633127837305
33.74256909659649,22.12843750099933,0.9999999999999997,4.844402930461428,-4.073677492936248,-488.9590008132195
33.750868627662754,22.122041318676217,0.9999999999999998,4.845536222655696,-4.075601826892104,-488.2731949247725
33.759167883096,22.11564524148761,0.9999999999999997,4.846668478488482,-4.077527132962921,-487.5889119055238
33.76746686214648,22.109249268394315,0.9999999999999996,4.847799699898758,-4.079453407244536,-486.9061500479645
33.77576556406427,22.10285339835736,0.9999999999999996,4.848929888826369,-4.081380645833292,-486.2249076445856
33.78406398809934,22.09645763033797,0.9999999999999996,4.850059047212248,-4.083308844826092,-485.54518298787826
33.792362133501555,22.090061963297583,0.9999999999999996,4.85118717699816,-4.0852380003203095,-484.8669743703341
33.800659999520576,22.083666396197845,0.9999999999999996,4.852314280126855,-4.087168108413863,-484.1902800844441
33.80895758540596,22.077270928000612,0.9999999999999998,4.8534403585420165,-4.0890991652051625,-483.51509842269985
33.817254890407156,22.07087555766794,0.9999999999999998,4.854565414188258,-4.091031166793208,-482.8414276775918
33.82555191377343,22.06448028416211,0.9999999999999997,4.85568944901118,-4.092964109277453,-482.1692661416116
33.833848654753936,22.05808510644559,0.9999999999999997,4.8568124649572155,-4.094897988757893,-481.4986121072505
33.84214511259769,22.05169002348107,0.9999999999999997,4.857934463973848,-4.096832801335033,-480.8294638669997
33.850441286553576,22.04529503423144,0.9999999999999998,4.8590554480094,-4.098768543109948,-480.1618197133503
33.85873717587035,22.038900137659816,0.9999999999999997,4.8601754190133235,-4.10070521018411,-479.4956779387935
33.867032779796595,22.03250533272948,0.9999999999999998,4.861294378935668,-4.102642798659673,-478.8310368358208
33.87532809758082,22.02611061840397,0.9999999999999998,4.862412329727761,-4.104581304639204,-478.16789469692293
33.883623128471356,22.019715993646997,0.9999999999999997,4.863529273341683,-4.1065207242257955,-477.5062498145916
33.89191787171639,22.0133214574225,0.9999999999999998,4.8646452117304335,-4.108461053523108,-476.8461004813179
33.90021232656401,22.006927008694607,0.9999999999999996,4.865760146848061,-4.110402288635257,-476.1874449895927
33.908506492262156,22.00053264642767,0.9999999999999997,4.86687408064946,-4.11234442566694,-475.5302816319075
33.916800368058645,21.994138369586228,0.9999999999999998,4.8679870150904705,-4.1142874607233395,-474.8746087007534
33.92509395320112,21.98774417713505,0.9999999999999997,4.869098952127878,-4.116231389910141,-474.220424488622
33.93338724693715,21.981350068039095,0.9999999999999997,4.870209893719398,-4.1181762093335905,-473.567727288004
33.94168024851411,21.974956041263525,0.9999999999999998,4.871319841823627,-4.120121915100455,-472.91651539139076
33.94997295717928,21.968562095773738,0.9999999999999997,4.872428798400172,-4.1220685033179265,-472.26678709127344
33.95826537217982,21.962168230535294,0.9999999999999998,4.8735367654095185,-4.124015970093865,-471.61854068014367
33.96655749276269,21.955774444514,0.9999999999999996,4.874643744813078,-4.125964311536507,-470.9717744504922
33.974849318174805,21.949380736675828,0.9999999999999998,4.875749738573198,-4.127913523754707,-470.3264866948103
33.98314084766287,21.942987105987005,0.9999999999999998,4.87685474865318,-4.129863602857753,-469.6826757055894
33.991432080473515,21.936593551413925,0.9999999999999997,4.8779587770171915,-4.131814544955539,-469.04033977532055
33.999723015853206,21.930200071923196,0.9999999999999996,4.879061825630352,-4.133766346158431,-468.39947719649496
34.00801365304827,21.923806666481642,0.9999999999999997,4.8801638964587255,-4.135719002577311,-467.760086261604
34.01630399130493,21.91741333405628,0.9999999999999996,4.881264991469244,-4.13767251032359,-467.1221652631387
34.02459402986925,21.911020073614345,0.9999999999999997,4.882365112629827,-4.139626865509165,-466.48571249359026
34.0328837679872,21.904626884123278,0.9999999999999997,4.8834642619093245,-4.141582064246485,-465.85072624545023
34.041173204904574,21.898233764550696,0.9999999999999994,4.884562441277389,-4.14353810264852,-465.21720481120934
34.04946233986704,21.891840713864454,0.9999999999999996,4.885659652704703,-4.145494976828765,-464.58514648335915
34.05775117212018,21.88544773103261,0.9999999999999998,4.886755898162846,-4.147452682901154,-463.9545495543908
34.06603970090938,21.8790548150234,0.9999999999999997,4.88785117962432,-4.149411216980219,-463.32541231679534
34.07432792547997,21.872661964805296,0.9999999999999999,4.88894549906253,-4.151370575181005,-462.6977330630643
34.08261584507706,21.866269179346958,0.9999999999999997,4.890038858451781,-4.153330753619031,-462.0715100856885
34.0909034589457,21.859876457617247,0.9999999999999997,4.891131259767313,-4.15529174841037,-461.44674167715937
34.09919076633078,21.85348379858524,0.9999999999999996,4.8922227049852935,-4.1572535556715735,-460.8234261299682
34.10747776647706,21.847091201220213,0.9999999999999997,4.8933131960827865,-4.159216171519738,-460.20156173660615
34.11576445862918,21.84069866449164,0.9999999999999997,4.894402735037772,-4.161179592072507,-459.5811467895643
34.12405084203164,21.83430618736921,0.9999999999999997,4.895491323829162,-4.163143813447945,-458.9621795813339
34.13233691592883,21.827913768822814,0.9999999999999997,4.896578964436792,-4.165108831764705,-458.3446584044063
34.14062267956496,21.821521407822534,0.9999999999999996,4.897665658841312,-4.167074643141966,-457.72858155127267
34.148908132184175,21.815129103338673,0.9999999999999998,4.898751409024413,-4.169041243699368,-457.1139473144242
34.157193273030444,21.80873685434173,0.9999999999999997,4.89983621696863,-4.1710086295571,-456.50075398635215
34.16547810134761,21.802344659802397,0.9999999999999998,4.900920084657365,-4.172976796835911,-455.88899985954765
34.17376261637943,21.79595251869159,0.9999999999999997,4.902003014075085,-4.174945741656941,-455.2786832265017
34.18204681736947,21.78956042998041,0.9999999999999997,4.903085007206968,-4.176915460141977,-454.669802379706
34.1903307035612,21.783168392640178,0.9999999999999998,4.90416606603921,-4.178885948413239,-454.0623556116514
34.19861427419797,21.776776405642405,0.9999999999999998,4.905246192558913,-4.180857202593472,-453.4563412148294
34.206897528522994,21.7703844679588,0.9999999999999997,4.906325388754077,-4.182829218805992,-452.8517574817309
34.21518046577934,21.763992578561286,0.9999999999999997,4.907403656613589,-4.18480199317456,-452.248602704847
34.22346308520996,21.757600736422,0.9999999999999998,4.908480998127217,-4.186775521823506,-451.64687517666965
34.231745386057675,21.75120894051326,0.9999999999999997,4.909557415285711,-4.188749800877595,-451.04657318968947
34.24002736756519,21.74481718980758,0.9999999999999998,4.910632910080665,-4.1907248264622226,-450.44769503639765
34.24830902897507,21.738425483277712,0.9999999999999996,4.911707484504575,-4.192700594703211,-449.8502390092857
34.256590369529754,21.732033819896575,0.9999999999999997,4.9127811405508695,-4.194677101726917,-449.2542034008444
34.26487138847155,21.72564219863731,0.9999999999999997,4.913853880213836,-4.196654343660207,-448.65958650356544
34.27315208504263,21.719250618473243,0.9999999999999998,4.914925705488685,-4.198632316630494,-448.0663866099399
34.28143245848508,21.71285907837793,0.9999999999999998,4.915996618371551,-4.200611016765649,-447.47460201245883
34.28971250804079,21.7064675773251,0.9999999999999996,4.917066620859416,-4.202590440194136,-446.88423100361365
34.29799223295163,21.70007611428868,0.9999999999999997,4.91813571495026,-4.204570583044841,-446.2952718758952
34.30627163245919,21.69368468824284,0.9999999999999996,4.919203902642778,-4.206551441447225,-445.707722921795
34.314550705805075,21.68729329816192,0.9999999999999998,4.920271185936734,-4.208533011531234,-445.12158243380446
34.32282945223069,21.68090194302045,0.9999999999999997,4.921337566832726,-4.210515289427342,-444.5368487044143
34.331107870977334,21.67451062179319,0.9999999999999998,4.9224030473322244,-4.212498271266533,-443.9535200261163
34.33938596128616,21.66811933345508,0.9999999999999996,4.923467629437603,-4.214481953180304,-443.371594691401
34.34766372239824,21.661728076981273,0.9999999999999997,4.924531315152187,-4.216466331300666,-442.7910709927601
34.35594115355446,21.655336851347123,0.9999999999999996,4.925594106480119,-4.218451401760124,-442.21194722268484
34.36421825399563,21.648945655528177,0.9999999999999997,4.9266560054264446,-4.220437160691695,-441.63422167366633
34.372495022962404,21.642554488500178,0.9999999999999998,4.927717013997125,-4.222423604228982,-441.0578926381955
34.38077145969533,21.636163349239087,0.9999999999999998,4.928777134199038,-4.224410728505976,-440.48295840876375
34.38904756343482,21.62977223672106,0.9999999999999996,4.929836368039894,-4.226398529657285,-439.9094172778624
34.39732333342116,21.623381149922437,0.9999999999999997,4.930894717528318,-4.2283870038179785,-439.3372675379827
34.40559876889451,21.61699008781978,0.9999999999999999,4.931952184673797,-4.230376147123643,-438.7665074816158
34.41387386909491,21.610599049389833,0.9999999999999997,4.933008771486776,-4.2323659557103674,-438.197135401253
34.42214863326226,21.604208033609552,0.9999999999999997,4.934064479978495,-4.2343564257148,-437.6291495893849
34.430423060636365,21.597817039456093,0.9999999999999997,4.9351193121611345,-4.23634755327403,-437.0625483385036
34.43869715045689,21.591426065906795,0.9999999999999997,4.9361732700477745,-4.238339334525733,-436.4973299410999
34.44697090196337,21.585035111939227,0.9999999999999997,4.937226355652335,-4.240331765608033,-435.933492689665
34.455244314395216,21.578644176531125,0.9999999999999997,4.938278570989624,-4.242324842659592,-435.3710348766901
34.463517386991725,21.572253258660442,0.9999999999999998,4.939329918075394,-4.244318561819579,-434.8099547946664
