galstreams/tracks/track.st.Slidr.ibata2021.ecsv
# %ECSV 0.9
# ---
# datatype:
# - {name: ra, unit: deg, datatype: float64}
# - {name: dec, unit: deg, datatype: float64}
# - {name: distance, unit: kpc, datatype: float64}
# - {name: pm_ra_cosdec, unit: mas / yr, datatype: float64}
# - {name: pm_dec, unit: mas / yr, datatype: float64}
# - {name: radial_velocity, unit: km / s, datatype: float64}
# delimiter: ','
# meta: !!omap
# - __serialized_columns__:
#     dec:
#       __class__: astropy.coordinates.angles.Latitude
#       unit: &id001 !astropy.units.Unit {unit: deg}
#       value: !astropy.table.SerializedColumn {name: dec}
#     distance:
#       __class__: astropy.coordinates.distances.Distance
#       unit: !astropy.units.Unit {unit: kpc}
#       value: !astropy.table.SerializedColumn {name: distance}
#     pm_dec:
#       __class__: astropy.units.quantity.Quantity
#       unit: !astropy.units.Unit {unit: mas / yr}
#       value: !astropy.table.SerializedColumn {name: pm_dec}
#     pm_ra_cosdec:
#       __class__: astropy.units.quantity.Quantity
#       unit: !astropy.units.Unit {unit: mas / yr}
#       value: !astropy.table.SerializedColumn {name: pm_ra_cosdec}
#     ra:
#       __class__: astropy.coordinates.angles.Longitude
#       unit: *id001
#       value: !astropy.table.SerializedColumn {name: ra}
#       wrap_angle: !astropy.coordinates.Angle
#         unit: *id001
#         value: 360.0
#     radial_velocity:
#       __class__: astropy.units.quantity.Quantity
#       unit: !astropy.units.Unit {unit: km / s}
#       value: !astropy.table.SerializedColumn {name: radial_velocity}
# schema: astropy-2.0
ra,dec,distance,pm_ra_cosdec,pm_dec,radial_velocity
[from data line 823]
156.21523114008605,10.656885792263795,2.8143019808572687,-25.918229060421467,-7.345596663406823,3.368306851948935e-14
156.22431018664824,10.651802274961126,2.8146571590907126,-25.915430652994317,-7.3441633502139645,8.631286308119147e-14
156.23339041742852,10.646725052910224,2.815012170814395,-25.912630729415714,-7.34272979813833,1.347322740779574e-13
156.24247183155776,10.64165411979706,2.8153670163342888,-25.909829289935622,-7.341296007887805,2.1051917824680846e-14
156.25155442816614,10.636589469307756,2.8157216959563676,-25.907026334804208,-7.339861980169837,4.4209027431829774e-14
156.26063820638333,10.631531095128583,2.8160762099866052,-25.904221864271797,-7.3384277156914175,1.5788938368510635e-13
156.26972316533835,10.626478990945971,2.8164305587309744,-25.901415878588928,-7.336993215159094,1.4315304120782974e-13
156.27880930415964,10.621433150446466,2.8167847424954497,-25.898608378006273,-7.335558479278957,-6.315575347404253e-15
156.287896621975,10.616393567316793,2.817138761586004,-25.89579936277476,-7.334123508756665,1.2631150694808508e-13
156.29698511791167,10.611360235243813,2.8174926163086114,-25.892988833145438,-7.332688304297419,1.894672604221276e-14
156.3060747910962,10.606333147914546,2.817846306969244,-25.890176789369583,-7.331252866605988,7.368171238638296e-14
156.31516564065464,10.601312299016145,2.818199833873877,-25.887363231698625,-7.329817196386681,9.052324664612763e-14
156.32425766571237,10.596297682235923,2.818553197328483,-25.884548160384185,-7.328381294343375,4.631421921429786e-14
156.33335086539407,10.591289291261353,2.818906397639036,-25.88173157567806,-7.326945161179494,1.0946997268834039e-13
156.34244523882413,10.586287119780014,2.819259435111509,-25.878913477832267,-7.325508797598018,5.894536990910637e-14
156.35154078512596,10.581291161479676,2.8196123100518746,-25.87609386709896,-7.324072204301497,1.5788938368510635e-13
156.3606375034226,10.576301410048242,2.819965022766109,-25.873272743730485,-7.322635381992017,1.473634247727659e-14
156.3697353928363,10.571317859173773,2.820317573560182,-25.870450107979387,-7.321198331371251,1.4315304120782974e-13
156.3788344524889,10.566340502544463,2.8206699627400713,-25.867625960098387,-7.319761053140396,9.47336302110638e-14
156.3879346815015,10.561369333848669,2.821022190611748,-25.86480030034038,-7.318323548000232,9.47336302110638e-14
156.39703607899452,10.556404346774912,2.8213742574811853,-25.86197312895844,-7.316885816651103,3.9998643866893604e-14
156.406138644088,10.551445535011814,2.821726163654357,-25.859144446205843,-7.315447859792892,7.157652060391487e-14
156.4152423759012,10.546492892248184,2.8220779094372372,-25.85631425233602,-7.314009678125047,8.21024795162553e-14
156.42434727355277,10.54154641217298,2.8224294951357995,-25.853482547602603,-7.312571272346588,1.2631150694808506e-14
156.43345333616077,10.536606088475297,2.8227809210560175,-25.85064933225939,-7.311132643156096,1.368374658604255e-13
156.44256056284266,10.531671914844392,2.8231321875038637,-25.847814606560355,-7.3096937912517,6.947132882144679e-14
156.4516689527153,10.52674388496966,2.8234832947853126,-25.84497837075969,-7.308254717331109,1.0946997268834039e-13
156.46077850489485,10.521821992540666,2.823834243206337,-25.84214062511174,-7.306815422091576,6.526094525651062e-14
156.469889218497,10.516906231247082,2.8241850330729106,-25.839301369870988,-7.305375906229932,1.0104920555846805e-13
156.47900109263668,10.511996594778772,2.8245356646910076,-25.83646060529218,-7.303936170442559,6.73661370389787e-14
156.48811412642831,10.50709307682574,2.8248861383666006,-25.833618331630188,-7.302496215425427,1.4736342477276593e-13
156.49722831898563,10.502195671078134,2.825236454405663,-25.83077454914008,-7.301056041874037,0.0
156.50634366942174,10.497304371226257,2.825586613114169,-25.827929258077088,-7.299615650483489,9.683882199353189e-14
156.5154601768492,10.492419170960556,2.8259366147980916,-25.825082458696652,-7.298175041948422,1.768361097273191e-13
156.52457784037992,10.487540063971636,2.826286459763405,-25.82223415125435,-7.296734216963048,3.9998643866893604e-14
156.5336966591251,10.482667043950265,2.8266361483160822,-25.81938433600596,-7.295293176221174,-1.0525958912340423e-14
156.5428166321955,10.477800104587311,2.8269856807620966,-25.81653301320746,-7.29385192041612,1.3894265764289357e-13
156.55193775870114,10.472939239573853,2.8273350574074216,-25.81368018311498,-7.292410450240816,7.999728773378721e-14
156.56106003775145,10.468084442601091,2.82768427855803,-25.81082584598483,-7.290968766387747,1.1157516447080849e-13
156.5701834684552,10.463235707360374,2.828033344519899,-25.807970002073475,-7.289526869548964,1.1789073981821273e-13
156.57930804992063,10.458393027543218,2.828382255598998,-25.80511265163761,-7.288084760416094,0.0
156.58843378125522,10.453556396841277,2.828731012101302,-25.802253794934085,-7.286642439680331,8.841805486365955e-14
156.5975606615659,10.448725808946369,2.829079614332784,-25.799393432219915,-7.28519990803244,1.0736478090587231e-13
156.60668868995907,10.443901257550436,2.829428062599419,-25.79653156375228,-7.283757166162738,4.4209027431829774e-14
156.61581786554035,10.439082736345597,2.829776357207178,-25.793668189788594,-7.2823142147611435,1.221011233831489e-13
156.62494818741484,10.43427023902411,2.8301244984620375,-25.79080331058638,-7.280871054517131,1.4525823299029783e-13
156.63407965468699,10.4294637592784,2.8304724866699678,-25.78793692640339,-7.2794276861197424,1.5578419190263825e-13
156.64321226646058,10.424663290801025,2.830820322136945,-25.785069037497504,-7.277984110257593,2.7367493172085098e-14
156.6523460218388,10.419868827284704,2.831168005168942,-25.782199644126806,-7.276540327618893,7.578690416885104e-14
156.6614809199242,10.415080362422314,2.831515536071931,-25.779328746549577,-7.2750963388914025,1.4315304120782974e-13
156.6706169598188,10.410297889906857,2.8318629151518873,-25.776456345024226,-7.273652144762445,1.2631150694808506e-14
156.67975414062386,10.405521403431514,2.8322101427147834,-25.773582439809363,-7.2722077459189505,4.631421921429786e-14
156.68889246144002,10.400750896689612,2.832557219066593,-25.770707031163788,-7.270763143047399,3.9998643866893604e-14
156.6980319213674,10.395986363374629,2.832904144513289,-25.767830119346442,-7.269318336833868,7.578690416885104e-14
156.7071725195054,10.391227797180179,2.8332509193608466,-25.764951704616458,-7.267873327963985,1.4736342477276593e-13
156.71631425495286,10.38647519180006,2.8335975439152383,-25.76207178723314,-7.266428117122962,4.210383564936169e-15
156.7254571268078,10.381728540928204,2.833944018482437,-25.75919036745599,-7.264982704995602,-4.210383564936169e-15
156.73460113416795,10.37698783825868,2.8342903433684166,-25.75630744554465,-7.263537092266277,1.2631150694808508e-13
156.74374627613017,10.372253077485732,2.8346365188791505,-25.75342302175895,-7.262091279618922,1.2631150694808508e-13
156.7528925517907,10.36752425230375,2.8349825453206137,-25.75053709635889,-7.260645267737062,2.5262301389617013e-14
156.7620399602452,10.36280135640728,2.8353284229987765,-25.747649669604648,-7.259199057303819,-3.368306851948935e-14
156.77118850058866,10.35808438349101,2.8356741522196165,-25.74476074175658,-7.257752649001862,1.4315304120782974e-13
156.78033817191553,10.353373327249788,2.836019733289104,-25.741870313075204,-7.256306043513446,1.1789073981821273e-13
156.78948897331946,10.34866818137863,2.8363651665132137,-25.73897838382121,-7.25485924152043,8.841805486365955e-14
156.7986409038937,10.343968939572662,2.836710452197919,-25.73608495425548,-7.2534122437042265,2.5262301389617013e-14
156.80779396273067,10.339275595527202,2.837055590649194,-25.733190024639065,-7.251965050745833,8.841805486365955e-14
156.81694814892222,10.334588142937703,2.8374005821730117,-25.73029359523316,-7.250517663325841,1.894672604221276e-14
156.82610346155957,10.329906575499786,2.8377454270753444,-25.72739566629916,-7.249070082124424,1.4525823299029783e-13
156.83525989973336,10.32523088690921,2.838090125662167,-25.724496238098627,-7.247622307821323,7.999728773378721e-14
156.84441746253344,10.32056107086189,2.8384346782394534,-25.72159531089327,-7.246174341095867,1.24206315165617e-13
156.85357614904913,10.315897121053913,2.8387790851131762,-25.71869288494503,-7.244726182626975,4.210383564936169e-14
156.86273595836923,10.311239031181476,2.83912334658931,-25.715788960515937,-7.243277833093138,1.473634247727659e-14
156.87189688958168,10.306586794940964,2.839467462973827,-25.712883537868265,-7.241829293172444,1.1578554803574466e-13
156.88105894177394,10.301940406028917,2.8398114345727006,-25.70997661726443,-7.240380563542561,8.21024795162553e-14
156.89022211403272,10.297299858142017,2.8401552616919057,-25.707068198967008,-7.2389316448807355,7.999728773378721e-14
156.8993864054442,10.292665144977097,2.8404989446374143,-25.70415828323877,-7.237482537863807,9.052324664612763e-14
156.90855181509386,10.288036260231149,2.8408424837152007,-25.701246870342622,-7.236033243168198,1.3894265764289357e-13
156.91771834206654,10.283413197601321,2.8411858792312383,-25.698333960541678,-7.2345837614699215,1.24206315165617e-13
156.92688598544643,10.278795950784922,2.841529131491502,-25.695419554099207,-7.2331340934445665,1.894672604221276e-14
156.93605474431715,10.274184513479382,2.841872240801962,-25.692503651278656,-7.2316842397673256,1.49468616555234e-13
156.94522461776165,10.269578879382317,2.842215207468595,-25.68958625234362,-7.230234201112956,1.24206315165617e-13
156.9543956048622,10.264979042191491,2.8425580317973727,-25.686667357557877,-7.228783978155831,1.0525958912340423e-13
156.9635677047005,10.260384995604815,2.8429007140942693,-25.683746967185375,-7.227333571569895,-2.1051917824680845e-15
156.9727409163575,10.255796733320356,2.843243254665259,-25.680825081490237,-7.225882982028678,-2.1051917824680846e-14
156.98191523891356,10.251214249036344,2.843585653816313,-25.67790170073674,-7.2244322102053244,1.4736342477276593e-13
156.99109067144843,10.246637536451162,2.843927911853407,-25.674976825189354,-7.22298125677254,5.6840178126638284e-14
157.00026721304127,10.242066589263322,2.8442700290825145,-25.672050455112686,-7.221530122402622,1.515738083377021e-13
157.00944486277052,10.237501401171514,2.8446120058096076,-25.66912259077153,-7.220078807767481,1.2631150694808506e-14
157.01862361971388,10.232941965874586,2.8449538423406606,-25.66619323243085,-7.2186273135386125,1.4736342477276593e-13
157.02780348294863,10.228388277071533,2.8452955389816466,-25.663262380355768,-7.217175640387082,1.894672604221276e-14
157.0369844515512,10.223840328461497,2.84563709603854,-25.660330034811587,-7.215723788983578,5.0524602779234026e-14
157.04616652459748,10.219298113743786,2.845978513817314,-25.657396196063775,-7.214271759998357,7.999728773378721e-14
157.0553497011627,10.214761626617873,2.8463197926239405,-25.654460864377953,-7.212819554101294,-1.2631150694808506e-14
157.0645339803215,10.210230860783346,2.846660932764396,-25.651524040019922,-7.211367171961824,6.73661370389787e-14
157.07371936114777,10.205705809939984,2.847001934544652,-25.648585723255632,-7.209914614249006,1.0736478090587231e-13
157.0829058427148,10.201186467787709,2.847342798270682,-25.645645914351242,-7.208461881631477,4.8419410996765944e-14
157.09209342409528,10.196672828026605,2.8476835242484597,-25.64270461357304,-7.207008974777479,1.9157245220459568e-13
157.10128210436116,10.192164884356899,2.8480241127839596,-25.63976182118748,-7.205555894354842,1.8104649329225526e-13
157.11047188258382,10.187662630478986,2.848364564183154,-25.636817537461205,-7.2041026410310005,1.0104920555846805e-13
157.1196627578339,10.183166060093415,2.8487048787520166,-25.633871762661016,-7.202649215472973,5.6840178126638284e-14
157.12885472918157,10.178675166900863,2.849045056796522,-25.630924497053854,-7.201195618347391,1.368374658604255e-13
157.13804779569622,10.1741899446022,2.8493850986226423,-25.627975740906894,-7.1997418503204536,3.9998643866893604e-14
157.14724195644652,10.169710386898432,2.8497250045363516,-25.625025494487392,-7.198287912058001,1.5578419190263825e-13
157.15643721050068,10.165236487490725,2.8500647748436228,-25.62207375806281,-7.196833804225443,1.49468616555234e-13
157.16563355692617,10.160768240080397,2.8504044098504306,-25.61912053190079,-7.195379527487779,-8.420767129872338e-15
157.17483099478972,10.156305638368936,2.8507439098627474,-25.616165816269127,-7.193925082509644,1.4315304120782974e-13
157.18402952315748,10.151848676057968,2.851083275186547,-25.613209611435764,-7.192470469955239,1.2841669873055315e-13
157.1932291410951,10.147397346849267,2.851422506127804,-25.610251917668805,-7.191015690488372,1.2841669873055315e-13
157.20242984766736,10.14295164444479,2.8517616029924913,-25.607292735236555,-7.189560744772465,1.2631150694808506e-14
157.2116316419385,10.138511562546627,2.8521005660865812,-25.60433206440748,-7.188105633470528,-4.210383564936169e-14
157.22083452297204,10.134077094857044,2.8524393957160483,-25.601369905450163,-7.186650357245178,6.105056169157445e-14
157.23003848983092,10.129648235078445,2.8527780921868664,-25.598406258633386,-7.185194916758628,1.0525958912340423e-13
157.23924354157742,10.125224976913401,2.853116655805008,-25.595441124226117,-7.183739312672705,2.5262301389617013e-14
157.24844967727302,10.120807314064646,2.8534550868764477,-25.59247450249742,-7.182283545648826,1.7052053437991484e-13
157.25765689597887,10.11639524023503,2.853793385707158,-25.58950639371659,-7.180827616348013,5.0524602779234026e-14
157.2668651967552,10.11198874912761,2.854131552603112,-25.586536798153066,-7.179371525430897,3.9998643866893604e-14
157.27607457866156,10.107587834445571,2.8544695878702857,-25.58356571607641,-7.1779152735577085,9.894401377599997e-14
157.28528504075706,10.103192489892265,2.854807491814651,-25.580593147756392,-7.176458861388286,5.4734986344170195e-14
157.29449658209995,10.098802709171197,2.85514526474218,-25.577619093462946,-7.1750022895820775,8.631286308119147e-14
157.303709201748,10.094418485986024,2.8554829069588483,-25.574643553466135,-7.173545558798122,8.420767129872338e-15
157.31292289875816,10.090039814040567,2.8558204187706284,-25.571666528036214,-7.172088669695077,1.4104784942536167e-13
157.3221376721868,10.08566668703881,2.856157800483495,-25.568688017443584,-7.170631622931197,2.1051917824680846e-14
157.33135352108974,10.08129909868486,2.8564950524034205,-25.5657080219588,-7.169174419164355,1.0946997268834039e-13
157.34057044452194,10.07693704268302,2.8568321748363785,-25.562726541852633,-7.167717059052011,1.49468616555234e-13
157.3497884415379,10.07258051273773,2.8571691680883426,-25.559743577395935,-7.166259543251254,1.620997672500425e-13
157.3590075111913,10.068229502553597,2.8575060324652863,-25.556759128859763,-7.164801872418769,7.999728773378721e-14
157.36822765253524,10.063884005835373,2.857842768273183,-25.55377319651535,-7.163344047210855,2.5262301389617013e-14
157.37744886462215,10.05954401628798,2.858179375818006,-25.550785780634065,-7.1618860682834145,6.947132882144679e-14
157.38667114650377,10.055209527616494,2.858515855405731,-25.547796881487418,-7.160427936291966,7.789209595131913e-14
157.39589449723132,10.050880533526124,2.858852207342328,-25.544806499347143,-7.158969651891631,1.24206315165617e-13
157.40511891585524,10.046557027722267,2.8591884319337733,-25.541814634485064,-7.157511215737138,1.1999593160068083e-13
157.4143444014253,10.042239003910474,2.859524529486038,-25.53882128717322,-7.156052628482841,1.0104920555846805e-13
157.42357095299064,10.037926455796436,2.8598605003050976,-25.535826457683786,-7.154593890782688,8.420767129872338e-15
157.43279856959973,10.033619377086014,2.860196344696925,-25.53283014628908,-7.153135003290257,1.1789073981821273e-13
157.44202725030044,10.029317761485226,2.860532062967493,-25.52983235326162,-7.151675966658712,1.4315304120782974e-13
