galstreams/tracks/track.st.NGC288.sollima2020.ecsv
# %ECSV 0.9
# ---
# datatype:
# - {name: ra, unit: deg, datatype: float64}
# - {name: dec, unit: deg, datatype: float64}
# - {name: distance, unit: kpc, datatype: float64}
# - {name: pm_ra_cosdec, unit: mas / yr, datatype: float64}
# - {name: pm_dec, unit: mas / yr, datatype: float64}
# - {name: radial_velocity, unit: km / s, datatype: float64}
# delimiter: ','
# meta: !!omap
# - __serialized_columns__:
#     dec:
#       __class__: astropy.coordinates.angles.Latitude
#       unit: &id001 !astropy.units.Unit {unit: deg}
#       value: !astropy.table.SerializedColumn {name: dec}
#     distance:
#       __class__: astropy.coordinates.distances.Distance
#       unit: !astropy.units.Unit {unit: kpc}
#       value: !astropy.table.SerializedColumn {name: distance}
#     pm_dec:
#       __class__: astropy.units.quantity.Quantity
#       unit: !astropy.units.Unit {unit: mas / yr}
#       value: !astropy.table.SerializedColumn {name: pm_dec}
#     pm_ra_cosdec:
#       __class__: astropy.units.quantity.Quantity
#       unit: !astropy.units.Unit {unit: mas / yr}
#       value: !astropy.table.SerializedColumn {name: pm_ra_cosdec}
#     ra:
#       __class__: astropy.coordinates.angles.Longitude
#       unit: *id001
#       value: !astropy.table.SerializedColumn {name: ra}
#       wrap_angle: !astropy.coordinates.Angle
#         unit: *id001
#         value: 360.0
#     radial_velocity:
#       __class__: astropy.units.quantity.Quantity
#       unit: !astropy.units.Unit {unit: km / s}
#       value: !astropy.table.SerializedColumn {name: radial_velocity}
# schema: astropy-2.0
ra,dec,distance,pm_ra_cosdec,pm_dec,radial_velocity
[from data line 235]
12.342133945038945,-26.839673507014382,8.988000000000033,0.0,0.0,0.0
12.35141990212256,-26.83953596233495,8.988000000000032,0.0,0.0,0.0
12.360931026907544,-26.83910709252011,8.988000000000032,0.0,0.0,0.0
12.370666118711561,-26.838388302813613,8.988000000000032,0.0,0.0,0.0
12.380623868315585,-26.83738113406905,8.988000000000032,0.0,0.0,0.0
12.390802858547788,-26.836087262217227,8.98800000000003,0.0,0.0,0.0
12.401201564919035,-26.8345084976786,8.988000000000028,0.0,0.0,0.0
12.411818356310093,-26.832646784721323,8.988000000000028,0.0,0.0,0.0
12.422651495709049,-26.83050420076485,8.98800000000003,0.0,0.0,0.0
12.433699140998977,-26.828082955629867,8.988000000000028,0.0,0.0,0.0
12.444959345794981,-26.82538539073487,8.98800000000003,0.0,0.0,0.0
12.45643006032969,-26.82241397823963,8.988000000000028,0.0,0.0,0.0
12.468109132387218,-26.819171320136423,8.988000000000026,0.0,0.0,0.0
12.47999430828389,-26.815660147288966,8.988000000000026,0.0,0.0,0.0
12.492083233895697,-26.811883318419742,8.988000000000028,0.0,0.0,0.0
12.504373455731471,-26.80784381904623,8.988000000000028,0.0,0.0,0.0
12.516862422050993,-26.80354476036648,8.988000000000028,0.0,0.0,0.0
12.529547484026983,-26.79898937809427,8.988000000000024,0.0,0.0,0.0
12.542425896950906,-26.794181031244943,8.988000000000026,0.0,0.0,0.0
12.555494821480654,-26.789123200871654,8.988000000000024,0.0,0.0,0.0
12.568751324930075,-26.783819488753174,8.988000000000026,0.0,0.0,0.0
12.582192382599159,-26.778273616033427,8.988000000000024,0.0,0.0,0.0
12.595814879143727,-26.772489421813347,8.988000000000024,0.0,0.0,0.0
12.609615609984528,-26.766470861695947,8.988000000000024,0.0,0.0,0.0
12.623591282753672,-26.760222006284433,8.988000000000024,0.0,0.0,0.0
12.637738518778352,-26.753747039634725,8.988000000000024,0.0,0.0,0.0
12.652053854600508,-26.74705025766243,8.988000000000024,0.0,0.0,0.0
12.666533743531579,-26.74013606650505,8.988000000000023,0.0,0.0,0.0
12.681174557241082,-26.733008980839944,8.988000000000026,0.0,0.0,0.0
12.695972587378797,-26.7256736221589,8.988000000000024,0.0,0.0,0.0
12.710924047228492,-26.718134716999565,8.988000000000024,0.0,0.0,0.0
12.726025073392988,-26.710397095134567,8.988000000000023,0.0,0.0,0.0
12.741271727509282,-26.70246568771899,8.988000000000023,0.0,0.0,0.0
12.756659997992726,-26.69434552539689,8.98800000000002,0.0,0.0,0.0
12.77218580180898,-26.686041736367123,8.988000000000023,0.0,0.0,0.0
12.787844986273555,-26.677559544409934,8.988000000000023,0.0,0.0,0.0
12.803633330876696,-26.668904266874147,8.988000000000023,0.0,0.0,0.0
12.819546549133593,-26.660081312626225,8.988000000000023,0.0,0.0,0.0
12.835580290458449,-26.65109617996162,8.988000000000024,0.0,0.0,0.0
12.851730142061134,-26.641954454479187,8.988000000000024,0.0,0.0,0.0
12.867991630866305,-26.632661806919618,8.98800000000002,0.0,0.0,0.0
12.88436022545274,-26.623223990968235,8.988000000000019,0.0,0.0,0.0
12.900831338012784,-26.613646841023126,8.98800000000002,0.0,0.0,0.0
12.917400326330467,-26.603936269929438,8.98800000000002,0.0,0.0,0.0
12.934062495777448,-26.594098266680415,8.988000000000019,0.0,0.0,0.0
12.95081310132542,-26.584138894086017,8.988000000000019,0.0,0.0,0.0
12.967647349574747,-26.574064286410156,8.98800000000002,0.0,0.0,0.0
12.984560400797296,-26.56388064697688,8.98800000000002,0.0,0.0,0.0
13.001547370993231,-26.553594245746744,8.98800000000002,0.0,0.0,0.0
13.018603333960469,-26.543211416863905,8.988000000000019,0.0,0.0,0.0
13.03572332337592,-26.53273855617504,8.988000000000019,0.0,0.0,0.0
13.052902334887246,-26.52218211872052,8.988000000000019,0.0,0.0,0.0
13.070135328214874,-26.51154861619931,8.988000000000017,0.0,0.0,0.0
13.087417229262357,-26.50084461440778,8.988000000000017,0.0,0.0,0.0
13.104742932234863,-26.490076730653776,8.988000000000017,0.0,0.0,0.0
13.122107301764583,-26.479251631146656,8.988000000000019,0.0,0.0,0.0
13.139505175041927,-26.468376028364055,8.988000000000017,0.0,0.0,0.0
13.15693136395231,-26.457456678396714,8.988000000000017,0.0,0.0,0.0
13.1743806572166,-26.446500378271754,8.988000000000019,0.0,0.0,0.0
13.191847822535188,-26.43551396325562,8.988000000000019,0.0,0.0,0.0
13.209327608734345,-26.42450430413757,8.988000000000019,0.0,0.0,0.0
13.226814747914245,-26.413478304494696,8.988000000000019,0.0,0.0,0.0
13.244303957597419,-26.40244289793915,8.988000000000019,0.0,0.0,0.0
13.261789942877572,-26.39140504534912,8.988000000000017,0.0,0.0,0.0
13.279267398566954,-26.380371732083734,8.988000000000017,0.0,0.0,0.0
13.296731011342185,-26.36934996518357,8.988000000000017,0.0,0.0,0.0
13.314175461887535,-26.35834677055731,8.988000000000016,0.0,0.0,0.0
13.331595427034573,-26.34736919015564,8.988000000000017,0.0,0.0,0.0
13.348985581898228,-26.33642427913362,8.988000000000016,0.0,0.0,0.0
13.366340602007451,-26.325519103002105,8.988000000000017,0.0,0.0,0.0
13.383655165430525,-26.31466073476959,8.988000000000017,0.0,0.0,0.0
13.400923954893994,-26.30385625207523,8.988000000000017,0.0,0.0,0.0
13.41814165989458,-26.293112734314374,8.988000000000017,0.0,0.0,0.0
13.435302978803124,-26.282437259757156,8.988000000000016,0.0,0.0,0.0
13.452402620960608,-26.271836902661835,8.988000000000017,0.0,0.0,0.0
13.469435308764611,-26.261318730383255,8.988000000000017,0.0,0.0,0.0
13.486395779746234,-26.25088980047796,8.988000000000016,0.0,0.0,0.0
13.503278788636694,-26.24055715780669,8.988000000000016,0.0,0.0,0.0
13.520079109422882,-26.230327831635663,8.988000000000016,0.0,0.0,0.0
13.536791537391181,-26.220208832737146,8.988000000000016,0.0,0.0,0.0
13.553410891159547,-26.21020715049124,8.988000000000014,0.0,0.0,0.0
13.569932014696347,-26.20032974998895,8.988000000000014,0.0,0.0,0.0
13.586349779326145,-26.190583569138354,8.988000000000014,0.0,0.0,0.0
13.602659085721621,-26.180975515774733,8.988000000000016,0.0,0.0,0.0
13.61885486588084,-26.171512464775407,8.988000000000014,0.0,0.0,0.0
13.634932085090094,-26.162201255181124,8.988000000000016,0.0,0.0,0.0
13.650885743870884,-26.153048687324187,8.988000000000016,0.0,0.0,0.0
13.666710879911136,-26.14406151996506,8.988000000000016,0.0,0.0,0.0
13.68240256998007,-26.135246467438225,8.988000000000014,0.0,0.0,0.0
13.69795593182622,-26.126610196808585,8.988000000000012,0.0,0.0,0.0
13.713366126057856,-26.118159325039098,8.988000000000016,0.0,0.0,0.0
13.728628358006235,-26.109900416171516,8.988000000000014,0.0,0.0,0.0
13.743737879570077,-26.101839978520303,8.988000000000014,0.0,0.0,0.0
13.75868999104173,-26.093984461881654,8.988000000000012,0.0,0.0,0.0
13.773480042914274,-26.08634025475834,8.988000000000012,0.0,0.0,0.0
13.788103437669243,-26.07891368160144,8.988000000000014,0.0,0.0,0.0
13.802555631544328,-26.071711000070145,8.988000000000012,0.0,0.0,0.0
13.816832136281377,-26.06473839831089,8.988000000000014,0.0,0.0,0.0
13.830928520853407,-26.058001992256457,8.988000000000014,0.0,0.0,0.0
13.844840413170909,-26.05150782294651,8.988000000000014,0.0,0.0,0.0
13.858563501766982,-26.045261853870556,8.988000000000014,0.0,0.0,0.0
13.872093537460593,-26.039269968334228,8.988000000000012,0.0,0.0,0.0
13.885426334998451,-26.033537966850318,8.98800000000001,0.0,0.0,0.0
13.898557774674163,-26.02807156455524,8.98800000000001,0.0,0.0,0.0
13.911483803925089,-26.022876388652257,8.98800000000001,0.0,0.0,0.0
13.92420043890629,-26.017957975882368,8.988000000000012,0.0,0.0,0.0
13.936703766041445,-26.013321770024124,8.988000000000012,0.0,0.0,0.0
13.948989943549993,-26.008973119423,8.988000000000012,0.0,0.0,0.0
13.961055202951133,-26.004917274552064,8.98800000000001,0.0,0.0,0.0
13.972895850543305,-26.00115938560421,8.98800000000001,0.0,0.0,0.0
13.984508268859635,-25.997704500117532,8.988000000000012,0.0,0.0,0.0
13.99588891809886,-25.994557560634572,8.988000000000012,0.0,0.0,0.0
14.007034337531186,-25.991723402396648,8.988000000000012,0.0,0.0,0.0
14.017941146879616,-25.98920675107419,8.988000000000012,0.0,0.0,0.0
14.028606047675433,-25.98701222053403,8.98800000000001,0.0,0.0,0.0
14.039025824588391,-25.98514431064474,8.98800000000001,0.0,0.0,0.0
14.049197346731034,-25.983607405120967,8.988000000000008,0.0,0.0,0.0
14.059117568937015,-25.982405769407706,8.988000000000008,0.0,0.0,0.0
14.068783533012875,-25.981543548605483,8.988000000000008,0.0,0.0,0.0
14.078192368963789,-25.981024765437592,8.98800000000001,0.0,0.0,0.0
14.087341296192045,-25.98085331826003,8.988000000000008,0.0,0.0,0.0
14.09622762466876,-25.98103297911517,8.98800000000001,0.0,0.0,0.0
14.104848756078322,-25.98156739183034,8.98800000000001,0.0,0.0,0.0
14.11320218493543,-25.982460070161864,8.98800000000001,0.0,0.0,0.0
14.121285499674132,-25.98371439598559,8.98800000000001,0.0,0.0,0.0
14.129096383709523,-25.985333617535115,8.98800000000001,0.0,0.0,0.0
14.1366326164707,-25.987320847688004,8.988000000000008,0.0,0.0,0.0
14.143892074405647,-25.98967906230132,8.988000000000007,0.0,0.0,0.0
14.150872731957456,-25.99241109859722,8.988000000000007,0.0,0.0,0.0
14.157572662511475,-25.99551965359924,8.988000000000007,0.0,0.0,0.0
14.163990039313877,-25.99900728262053,8.988000000000008,0.0,0.0,0.0
14.170123136360411,-26.00287639780444,8.988000000000008,0.0,0.0,0.0
14.17597032925586,-26.007129266718376,8.988000000000007,0.0,0.0,0.0
14.181530096043653,-26.011768011001905,8.988000000000007,0.0,0.0,0.0
14.186801018005523,-26.01679460506959,8.988000000000008,0.0,0.0,0.0
14.19178178043066,-26.02221087486946,8.988000000000008,0.0,0.0,0.0
14.19647117335483,-26.028018496697978,8.988000000000008,0.0,0.0,0.0
14.200868092268278,-26.03421899607197,8.988000000000008,0.0,0.0,0.0
14.204971538792854,-26.0408137466583,8.988000000000007,0.0,0.0,0.0
14.208780621327882,-26.047803969262205,8.988000000000007,0.0,0.0,0.0
14.21229455566452,-26.055190730874653,8.988000000000007,0.0,0.0,0.0
14.215512665568157,-26.062974943779476,8.988000000000005,0.0,0.0,0.0
14.218434383329246,-26.071157364721177,8.988000000000007,0.0,0.0,0.0
14.22105925028141,-26.07973859413361,8.988000000000005,0.0,0.0,0.0
14.223386917287144,-26.0887190754304,8.988000000000007,0.0,0.0,0.0
14.225417145190786,-26.09809909435769,8.988000000000007,0.0,0.0,0.0
14.227149805238046,-26.107878778409553,8.988000000000007,0.0,0.0,0.0
14.22858487946269,-26.118058096307102,8.988000000000007,0.0,0.0,0.0
14.229722461039021,-26.128636857541167,8.988000000000007,0.0,0.0,0.0
14.230562754600655,-26.13961471197963,8.988000000000005,0.0,0.0,0.0
14.231106076524958,-26.150991149539557,8.988000000000007,0.0,0.0,0.0
14.23135285518298,-26.16276549992476,8.988000000000007,0.0,0.0,0.0
14.231303631154237,-26.174936932429066,8.988000000000007,0.0,0.0,0.0
14.230959057406848,-26.187504455806145,8.988000000000007,0.0,0.0,0.0
14.230319899441621,-26.20046691820563,8.988000000000005,0.0,0.0,0.0
14.22938703540061,-26.21382300717653,8.988000000000005,0.0,0.0,0.0
14.228161456139471,-26.227571249738013,8.988000000000005,0.0,0.0,0.0
14.226644265263136,-26.241710012517782,8.988000000000003,0.0,0.0,0.0
14.224836679125138,-26.25623750195883,8.988000000000005,0.0,0.0,0.0
14.222740026789285,-26.27115176459433,8.988000000000003,0.0,0.0,0.0
14.220355749954086,-26.286450687391252,8.988000000000003,0.0,0.0,0.0
14.217685402839257,-26.30213199816287,8.988000000000003,0.0,0.0,0.0
14.214730652034095,-26.318193266050486,8.988000000000003,0.0,0.0,0.0
14.211493276307,-26.33463190207427,8.988000000000003,0.0,0.0,0.0
14.207975166376581,-26.351445159753986,8.988000000000003,0.0,0.0,0.0
14.204178324642967,-26.368630135799076,8.988000000000007,0.0,0.0,0.0
14.200104864879691,-26.38618377086872,8.988000000000003,0.0,0.0,0.0
14.195757011885439,-26.4041028504018,8.988000000000003,0.0,0.0,0.0
14.191137101095485,-26.422384005516914,8.988000000000007,0.0,0.0,0.0
14.186247578152004,-26.441023713982354,8.988000000000003,0.0,0.0,0.0
14.18109099843372,-26.46001830125645,8.988000000000003,0.0,0.0,0.0
14.175670026543457,-26.479363941597807,8.988000000000001,0.0,0.0,0.0
14.16998743575395,-26.499056659245813,8.988000000000003,0.0,0.0,0.0
14.164046107411304,-26.51909232967118,8.988000000000003,0.0,0.0,0.0
14.15784903029541,-26.53946668089651,8.988000000000001,0.0,0.0,0.0
14.151399299937736,-26.560175294886875,8.988000000000003,0.0,0.0,0.0
14.144700117895004,-26.58121360901021,8.988000000000001,0.0,0.0,0.0
14.1377547909792,-26.60257691756732,8.988000000000001,0.0,0.0,0.0
14.130566730443158,-26.624260373391515,8.988,0.0,0.0,0.0
14.123139451121434,-26.646258989517534,8.988000000000003,0.0,0.0,0.0
14.115476570525852,-26.668567640919605,8.988000000000003,0.0,0.0,0.0
14.107581807895833,-26.691181066318478,8.988000000000003,0.0,0.0,0.0
14.099458983202483,-26.714093870056917,8.988000000000003,0.0,0.0,0.0
14.0911120161065,-26.73730052404366,8.988000000000003,0.0,0.0,0.0
14.082544924869346,-26.76079536976533,8.988000000000003,0.0,0.0,0.0
14.073761825217334,-26.784572620366006,8.988000000000001,0.0,0.0,0.0
14.06476692915822,-26.808626362794033,8.988000000000001,0.0,0.0,0.0
14.055564543750021,-26.8329505600159,8.988000000000001,0.0,0.0,0.0
14.04615906982157,-26.85753905329632,8.988000000000003,0.0,0.0,0.0
14.03655500064456,-26.882385564544574,8.988000000000001,0.0,0.0,0.0
14.026756920556661,-26.907483698726193,8.988000000000001,0.0,0.0,0.0
14.016769503535441,-26.932826946339794,8.988000000000001,0.0,0.0,0.0
14.00659751172267,-26.958408685958393,8.988000000000001,0.0,0.0,0.0
13.996245793898785,-26.98422218683455,8.988,0.0,0.0,0.0
13.985719283907168,-27.010260611569098,8.988,0.0,0.0,0.0
13.975022999027914,-27.03651701884234,8.988000000000001,0.0,0.0,0.0
13.964162038300909,-27.06298436620755,8.988000000000001,0.0,0.0,0.0
13.953141580797853,-27.089655512945928,8.988000000000001,0.0,0.0,0.0
13.941966883843047,-27.116523222982135,8.988,0.0,0.0,0.0
13.930643281182702,-27.143580167860062,8.988,0.0,0.0,0.0
13.919176181102552,-27.17081892977779,8.988000000000001,0.0,0.0,0.0
13.907571064493625,-27.198232004681135,8.988,0.0,0.0,0.0
13.89583348286593,-27.225811805414878,8.988000000000001,0.0,0.0,0.0
13.883969056309997,-27.25355066493102,8.988000000000001,0.0,0.0,0.0
13.871983471406113,-27.28144083955293,8.988000000000001,0.0,0.0,0.0
13.85988247908115,-27.309474512294955,8.988000000000001,0.0,0.0,0.0
13.847671892412945,-27.337643796236087,8.988,0.0,0.0,0.0
13.835357584382177,-27.3659407379472,8.988000000000001,0.0,0.0,0.0
13.822945485571735,-27.39435732097064,8.988000000000001,0.0,0.0,0.0
13.810441581813597,-27.422885469351336,8.988,0.0,0.0,0.0
13.797851911783258,-27.45151705121835,8.988,0.0,0.0,0.0
13.785182564541834,-27.480243882415913,8.988000000000001,0.0,0.0,0.0
13.772439677025915,-27.509057730182874,8.988000000000001,0.0,0.0,0.0
13.759629431485353,-27.537950316879503,8.988000000000001,0.0,0.0,0.0
13.746758052869167,-27.566913323760474,8.988000000000001,0.0,0.0,0.0
13.733831806159804,-27.595938394793112,8.988000000000001,0.0,0.0,0.0
13.720856993656035,-27.6250171405195,8.988000000000001,0.0,0.0,0.0
13.707839952204791,-27.65414114196151,8.988000000000001,0.0,0.0,0.0
13.694787050382297,-27.683301954567405,8.988000000000001,0.0,0.0,0.0
13.681704685624931,-27.71249111219891,8.988000000000001,0.0,0.0,0.0
13.668599281310222,-27.741700131157454,8.988000000000001,0.0,0.0,0.0
13.655477283788516,-27.77092051424836,8.988000000000001,0.0,0.0,0.0
13.642345159365844,-27.800143754881663,8.988,0.0,0.0,0.0
13.629209391238575,-27.829361341208287,8.987999999999998,0.0,0.0,0.0
13.616076476380528,-27.858564760290232,8.988,0.0,0.0,0.0
13.602952922383219,-27.887745502303453,8.988,0.0,0.0,0.0
13.58984524425002,-27.916895064771975,8.988,0.0,0.0,0.0
13.576759961145003,-27.946004956831974,8.987999999999998,0.0,0.0,0.0
13.563703593097392,-27.975066703524327,8.988,0.0,0.0,0.0
13.55068265766248,-28.004071850114112,8.987999999999998,0.0,0.0,0.0
13.537703666540025,-28.03301196643583,8.987999999999998,0.0,0.0,0.0
13.524773122151192,-28.061878651262628,8.988,0.0,0.0,0.0
13.511897514175086,-28.090663536698116,8.987999999999998,0.0,0.0,0.0
13.499083316046066,-28.119358292589247,8.988,0.0,0.0,0.0
13.486336981413078,-28.147954630958722,8.987999999999998,0.0,0.0,0.0
13.47366494056226,-28.17644431045528,8.988,0.0,0.0,0.0
13.461073596804209,-28.204819140820405,8.988,0.0,0.0,0.0
