galstreams/tracks/track.st.Alpheus.grillmair2013.ecsv
# %ECSV 0.9
# ---
# datatype:
# - {name: ra, unit: deg, datatype: float64}
# - {name: dec, unit: deg, datatype: float64}
# - {name: distance, unit: kpc, datatype: float64}
# - {name: pm_ra_cosdec, unit: mas / yr, datatype: float64}
# - {name: pm_dec, unit: mas / yr, datatype: float64}
# - {name: radial_velocity, unit: km / s, datatype: float64}
# delimiter: ','
# meta: !!omap
# - __serialized_columns__:
#     dec:
#       __class__: astropy.coordinates.angles.Latitude
#       unit: &id001 !astropy.units.Unit {unit: deg}
#       value: !astropy.table.SerializedColumn {name: dec}
#     distance:
#       __class__: astropy.coordinates.distances.Distance
#       unit: !astropy.units.Unit {unit: kpc}
#       value: !astropy.table.SerializedColumn {name: distance}
#     pm_dec:
#       __class__: astropy.units.quantity.Quantity
#       unit: !astropy.units.Unit {unit: mas / yr}
#       value: !astropy.table.SerializedColumn {name: pm_dec}
#     pm_ra_cosdec:
#       __class__: astropy.units.quantity.Quantity
#       unit: !astropy.units.Unit {unit: mas / yr}
#       value: !astropy.table.SerializedColumn {name: pm_ra_cosdec}
#     ra:
#       __class__: astropy.coordinates.angles.Longitude
#       unit: *id001
#       value: !astropy.table.SerializedColumn {name: ra}
#       wrap_angle: !astropy.coordinates.Angle
#         unit: *id001
#         value: 360.0
#     radial_velocity:
#       __class__: astropy.units.quantity.Quantity
#       unit: !astropy.units.Unit {unit: km / s}
#       value: !astropy.table.SerializedColumn {name: radial_velocity}
# schema: astropy-2.0
ra,dec,distance,pm_ra_cosdec,pm_dec,radial_velocity
[from data line 1403]
25.43398705042344,-55.067141686777184,1.8322181896036314,0.0,0.0,0.0
25.436416873354002,-55.05723400840624,1.8323833046889086,0.0,0.0,0.0
25.438846253751688,-55.047326338795045,1.8325484195762896,0.0,0.0,0.0
25.441275191624676,-55.037418677904704,1.832713534266549,0.0,0.0,0.0
25.44370368698116,-55.02751102569637,1.8328786487604634,0.0,0.0,0.0
25.44613173982925,-55.01760338213122,1.8330437630588083,0.0,0.0,0.0
25.44855935017709,-55.007695747170516,1.8332088771623596,0.0,0.0,0.0
25.45098651803273,-54.997788120775475,1.833373991071895,0.0,0.0,0.0
25.45341324340426,-54.987880502907394,1.833539104788187,0.0,0.0,0.0
25.455839526299698,-54.97797289352759,1.8337042183120142,0.0,0.0,0.0
25.45826536672704,-54.96806529259743,1.8338693316441521,0.0,0.0,0.0
25.460690764694277,-54.95815770007827,1.8340344447853756,0.0,0.0,0.0
25.463115720209352,-54.94825011593153,1.8341995577364605,0.0,0.0,0.0
25.465540233280187,-54.93834254011867,1.834364670498184,0.0,0.0,0.0
25.46796430391468,-54.92843497260117,1.8345297830713208,0.0,0.0,0.0
25.4703879321207,-54.91852741334052,1.8346948954566478,0.0,0.0,0.0
25.472811117906087,-54.908619862298295,1.8348600076549393,0.0,0.0,0.0
25.475233861278657,-54.898712319436065,1.8350251196669733,0.0,0.0,0.0
25.477656162246195,-54.88880478471542,1.835190231493524,0.0,0.0,0.0
25.480078020816464,-54.87889725809802,1.835355343135368,0.0,0.0,0.0
25.48249943699719,-54.868989739545526,1.8355204545932808,0.0,0.0,0.0
25.484920410796093,-54.85908222901966,1.8356855658680384,0.0,0.0,0.0
25.487340942220836,-54.849174726482154,1.8358506769604173,0.0,0.0,0.0
25.489761031279077,-54.83926723189477,1.8360157878711927,0.0,0.0,0.0
25.492180677978443,-54.82935974521932,1.8361808986011408,0.0,0.0,0.0
25.494599882326536,-54.819452266417635,1.836346009151037,0.0,0.0,0.0
25.49701864433092,-54.80954479545159,1.8365111195216577,0.0,0.0,0.0
25.49943696399913,-54.799637332283076,1.8366762297137789,0.0,0.0,0.0
25.501854841338705,-54.78972987687402,1.8368413397281758,0.0,0.0,0.0
25.50427227635712,-54.77982242918641,1.8370064495656249,0.0,0.0,0.0
25.50668926906184,-54.76991498918221,1.8371715592269018,0.0,0.0,0.0
25.509105819460306,-54.76000755682347,1.837336668712782,0.0,0.0,0.0
25.51152192755992,-54.75010013207224,1.8375017780240424,0.0,0.0,0.0
25.513937593368066,-54.74019271489062,1.837666887161458,0.0,0.0,0.0
25.5163528168921,-54.73028530524073,1.837831996125805,0.0,0.0,0.0
25.518767598139352,-54.720377903084724,1.8379971049178598,0.0,0.0,0.0
25.521181937117113,-54.71047050838479,1.838162213538397,0.0,0.0,0.0
25.523595833832672,-54.70056312110316,1.8383273219881937,0.0,0.0,0.0
25.52600928829326,-54.690655741202065,1.8384924302680252,0.0,0.0,0.0
25.52842230050611,-54.68074836864381,1.8386575383786676,0.0,0.0,0.0
25.53083487047842,-54.67084100339071,1.8388226463208968,0.0,0.0,0.0
25.533246998217333,-54.6609336454051,1.8389877540954884,0.0,0.0,0.0
25.53565868373001,-54.651026294649384,1.8391528617032185,0.0,0.0,0.0
25.53806992702355,-54.64111895108594,1.839317969144863,0.0,0.0,0.0
25.54048072810505,-54.63121161467725,1.8394830764211976,0.0,0.0,0.0
25.542891086981562,-54.62130428538576,1.8396481835329985,0.0,0.0,0.0
25.54530100366012,-54.611396963173995,1.839813290481041,0.0,0.0,0.0
25.547710478147724,-54.60148964800449,1.8399783972661017,0.0,0.0,0.0
25.55011951045136,-54.591582339839825,1.840143503888956,0.0,0.0,0.0
25.552528100577973,-54.581675038642594,1.84030861035038,0.0,0.0,0.0
25.55493624853449,-54.57176774437543,1.8404737166511496,0.0,0.0,0.0
25.55734395432781,-54.561860457001,1.8406388227920403,0.0,0.0,0.0
25.5597512179648,-54.55195317648204,1.8408039287738285,0.0,0.0,0.0
25.56215803945231,-54.54204590278123,1.8409690345972902,0.0,0.0,0.0
25.56456441879714,-54.532138635861365,1.8411341402632004,0.0,0.0,0.0
25.566970356006106,-54.52223137568523,1.8412992457723358,0.0,0.0,0.0
25.569375851085947,-54.512324122215645,1.8414643511254722,0.0,0.0,0.0
25.571780904043415,-54.502416875415484,1.8416294563233846,0.0,0.0,0.0
25.574185514885215,-54.492509635247615,1.8417945613668503,0.0,0.0,0.0
25.576589683618028,-54.482602401674995,1.841959666256644,0.0,0.0,0.0
25.57899341024851,-54.472695174660544,1.8421247709935424,0.0,0.0,0.0
25.581396694783297,-54.46278795416727,1.8422898755783212,0.0,0.0,0.0
25.58379953722898,-54.45288074015818,1.842454980011756,0.0,0.0,0.0
25.586201937592147,-54.442973532596326,1.8426200842946223,0.0,0.0,0.0
25.588603895879338,-54.433066331444785,1.842785188427697,0.0,0.0,0.0
25.59100541209708,-54.42315913666667,1.842950292411755,0.0,0.0,0.0
25.593406486251858,-54.413251948225124,1.843115396247573,0.0,0.0,0.0
25.595807118350155,-54.403344766083336,1.8432804999359265,0.0,0.0,0.0
25.59820730839841,-54.3934375902045,1.8434456034775915,0.0,0.0,0.0
25.600607056403028,-54.38353042055185,1.8436107068733434,0.0,0.0,0.0
25.60300636237041,-54.37362325708867,1.8437758101239587,0.0,0.0,0.0
25.605405226306907,-54.36371609977825,1.8439409132302136,0.0,0.0,0.0
25.60780364821886,-54.35380894858393,1.844106016192883,0.0,0.0,0.0
25.610201628112584,-54.34390180346908,1.844271119012743,0.0,0.0,0.0
25.612599165994343,-54.33399466439709,1.84443622169057,0.0,0.0,0.0
25.614996261870402,-54.32408753133139,1.8446013242271397,0.0,0.0,0.0
25.61739291574699,-54.31418040423543,1.8447664266232273,0.0,0.0,0.0
25.619789127630312,-54.30427328307272,1.8449315288796095,0.0,0.0,0.0
25.62218489752653,-54.29436616780677,1.8450966309970627,0.0,0.0,0.0
25.6245802254418,-54.28445905840114,1.8452617329763612,0.0,0.0,0.0
25.626975111382244,-54.27455195481941,1.8454268348182816,0.0,0.0,0.0
25.62936955535395,-54.264644857025196,1.8455919365236007,0.0,0.0,0.0
25.631763557362998,-54.254737764982146,1.8457570380930926,0.0,0.0,0.0
25.634157117415423,-54.244830678653955,1.845922139527535,0.0,0.0,0.0
25.636550235517237,-54.234923598004315,1.8460872408277025,0.0,0.0,0.0
25.638942911674427,-54.22501652299699,1.8462523419943713,0.0,0.0,0.0
25.64133514589296,-54.21510945359572,1.8464174430283176,0.0,0.0,0.0
25.64372693817877,-54.20520238976435,1.8465825439303174,0.0,0.0,0.0
25.646118288537764,-54.19529533146669,1.8467476447011457,0.0,0.0,0.0
25.64850919697582,-54.185388278666615,1.8469127453415795,0.0,0.0,0.0
25.65089966349879,-54.17548123132803,1.847077845852394,0.0,0.0,0.0
25.653289688112512,-54.16557418941485,1.8472429462343647,0.0,0.0,0.0
25.655679270822784,-54.155667152891056,1.8474080464882685,0.0,0.0,0.0
25.658068411635384,-54.14576012172064,1.8475731466148804,0.0,0.0,0.0
25.660457110556052,-54.1358530958676,1.847738246614977,0.0,0.0,0.0
25.662845367590517,-54.12594607529603,1.847903346489334,0.0,0.0,0.0
25.665233182744473,-54.116039059969985,1.848068446238727,0.0,0.0,0.0
25.66762055602358,-54.1061320498536,1.8482335458639316,0.0,0.0,0.0
25.67000748743349,-54.09622504491102,1.8483986453657246,0.0,0.0,0.0
25.672393976979816,-54.08631804510643,1.8485637447448817,0.0,0.0,0.0
25.67478002466815,-54.07641105040404,1.8487288440021774,0.0,0.0,0.0
25.677165630504046,-54.06650406076808,1.848893943138389,0.0,0.0,0.0
25.679550794493043,-54.056597076162845,1.8490590421542932,0.0,0.0,0.0
25.681935516640657,-54.046690096552624,1.8492241410506638,0.0,0.0,0.0
25.68431979695236,-54.03678312190176,1.8493892398282774,0.0,0.0,0.0
25.686703635433616,-54.02687615217462,1.84955433848791,0.0,0.0,0.0
25.689087032089848,-54.0169691873356,1.849719437030338,0.0,0.0,0.0
25.691469986926467,-54.00706222734913,1.849884535456337,0.0,0.0,0.0
25.69385249994885,-53.997155272179675,1.8500496337666823,0.0,0.0,0.0
25.696234571162332,-53.987248321791725,1.8502147319621502,0.0,0.0,0.0
25.698616200572253,-53.977341376149795,1.8503798300435166,0.0,0.0,0.0
25.700997388183904,-53.96743443521845,1.8505449280115578,0.0,0.0,0.0
25.70337813400255,-53.957527498962264,1.8507100258670484,0.0,0.0,0.0
25.705758438033442,-53.947620567345865,1.850875123610766,0.0,0.0,0.0
25.708138300281792,-53.93771364033388,1.8510402212434858,0.0,0.0,0.0
25.7105177207528,-53.92780671789101,1.8512053187659825,0.0,0.0,0.0
25.71289669945162,-53.917899799981946,1.8513704161790339,0.0,0.0,0.0
25.7152752363834,-53.90799288657144,1.8515355134834146,0.0,0.0,0.0
25.71765333155324,-53.898085977624255,1.851700610679901,0.0,0.0,0.0
25.720030984966225,-53.8881790731052,1.8518657077692688,0.0,0.0,0.0
25.722408196627434,-53.87827217297909,1.8520308047522938,0.0,0.0,0.0
25.724784966541876,-53.8683652772108,1.8521959016297518,0.0,0.0,0.0
25.727161294714566,-53.858458385765225,1.8523609984024194,0.0,0.0,0.0
25.729537181150476,-53.84855149860729,1.8525260950710718,0.0,0.0,0.0
25.731912625854573,-53.83864461570194,1.8526911916364848,0.0,0.0,0.0
25.734287628831773,-53.82873773701419,1.8528562880994346,0.0,0.0,0.0
25.736662190086975,-53.81883086250902,1.8530213844606978,0.0,0.0,0.0
25.73903630962506,-53.80892399215149,1.8531864807210487,0.0,0.0,0.0
25.741409987450865,-53.799017125906694,1.8533515768812638,0.0,0.0,0.0
25.743783223569213,-53.78911026373974,1.8535166729421197,0.0,0.0,0.0
25.7461560179849,-53.77920340561574,1.8536817689043918,0.0,0.0,0.0
25.7485283707027,-53.76929655149989,1.8538468647688555,0.0,0.0,0.0
25.750900281727347,-53.7593897013574,1.8540119605362877,0.0,0.0,0.0
25.753271751063554,-53.74948285515347,1.8541770562074633,0.0,0.0,0.0
25.755642778716016,-53.739576012853384,1.8543421517831582,0.0,0.0,0.0
25.758013364689386,-53.72966917442245,1.854507247264149,0.0,0.0,0.0
25.760383508988312,-53.719762339825955,1.8546723426512117,0.0,0.0,0.0
25.76275321161739,-53.70985550902929,1.8548374379451216,0.0,0.0,0.0
25.76512247258121,-53.69994868199782,1.8550025331466542,0.0,0.0,0.0
25.76749129188433,-53.69004185869697,1.8551676282565863,0.0,0.0,0.0
25.76985966953127,-53.68013503909218,1.8553327232756935,0.0,0.0,0.0
25.772227605526545,-53.67022822314894,1.855497818204751,0.0,0.0,0.0
25.774595099874627,-53.66032141083274,1.8556629130445357,0.0,0.0,0.0
25.77696215257997,-53.65041460210914,1.855828007795823,0.0,0.0,0.0
25.779328763646998,-53.64050779694368,1.8559931024593888,0.0,0.0,0.0
25.7816949330801,-53.63060099530199,1.8561581970360088,0.0,0.0,0.0
25.784060660883664,-53.620694197149696,1.8563232915264596,0.0,0.0,0.0
25.78642594706202,-53.61078740245244,1.8564883859315162,0.0,0.0,0.0
25.788790791619498,-53.600880611175924,1.8566534802519548,0.0,0.0,0.0
25.791155194560385,-53.59097382328587,1.856818574488551,0.0,0.0,0.0
25.79351915588895,-53.581067038748046,1.8569836686420815,0.0,0.0,0.0
25.795882675609437,-53.5711602575282,1.8571487627133219,0.0,0.0,0.0
25.798245753726054,-53.56125347959217,1.8573138567030474,0.0,0.0,0.0
25.80060839024298,-53.55134670490579,1.8574789506120346,0.0,0.0,0.0
25.802970585164395,-53.54143993343494,1.8576440444410593,0.0,0.0,0.0
25.805332338494424,-53.531533165145525,1.8578091381908968,0.0,0.0,0.0
25.807693650237177,-53.52162640000347,1.8579742318623234,0.0,0.0,0.0
25.81005452039673,-53.51171963797475,1.858139325456115,0.0,0.0,0.0
25.812414948977143,-53.50181287902536,1.8583044189730484,0.0,0.0,0.0
25.814774935982445,-53.49190612312132,1.8584695124138972,0.0,0.0,0.0
25.81713448141665,-53.481999370228685,1.8586346057794394,0.0,0.0,0.0
25.819493585283723,-53.47209262031355,1.8587996990704505,0.0,0.0,0.0
25.821852247587614,-53.46218587334203,1.858964792287705,0.0,0.0,0.0
25.82421046833226,-53.452279129280264,1.8591298854319807,0.0,0.0,0.0
25.826568247521543,-53.442372388094434,1.8592949785040525,0.0,0.0,0.0
25.828925585159336,-53.43246564975075,1.8594600715046954,0.0,0.0,0.0
25.8312824812495,-53.42255891421545,1.8596251644346873,0.0,0.0,0.0
25.833638935795843,-53.41265218145478,1.8597902572948026,0.0,0.0,0.0
25.83599494880216,-53.40274545143508,1.8599553500858175,0.0,0.0,0.0
25.838350520272215,-53.39283872412265,1.8601204428085083,0.0,0.0,0.0
25.840705650209753,-53.382931999483844,1.8602855354636503,0.0,0.0,0.0
25.84306033861849,-53.37302527748506,1.8604506280520197,0.0,0.0,0.0
25.845414585502105,-53.36311855809274,1.8606157205743923,0.0,0.0,0.0
25.847768390864267,-53.353211841273286,1.860780813031544,0.0,0.0,0.0
25.85012175470861,-53.34330512699321,1.8609459054242514,0.0,0.0,0.0
25.85247467703874,-53.333398415219,1.8611109977532887,0.0,0.0,0.0
25.854827157858246,-53.323491705917235,1.8612760900194336,0.0,0.0,0.0
25.85717919717068,-53.31358499905443,1.8614411822234604,0.0,0.0,0.0
25.859530794979577,-53.303678294597226,1.861606274366146,0.0,0.0,0.0
25.861881951288435,-53.29377159251223,1.861771366448266,0.0,0.0,0.0
25.86423266610073,-53.283864892766104,1.8619364584705964,0.0,0.0,0.0
25.866582939419928,-53.27395819532554,1.8621015504339131,0.0,0.0,0.0
25.868932771249444,-53.26405150015727,1.8622666423389915,0.0,0.0,0.0
25.871282161592678,-53.25414480722804,1.8624317341866081,0.0,0.0,0.0
25.873631110453005,-53.244238116504604,1.8625968259775385,0.0,0.0,0.0
25.87597961783378,-53.2343314279538,1.862761917712558,0.0,0.0,0.0
25.878327683738302,-53.22442474154246,1.8629270093924444,0.0,0.0,0.0
25.880675308169884,-53.214518057237434,1.8630921010179715,0.0,0.0,0.0
25.883022491131793,-53.20461137500565,1.863257192589916,0.0,0.0,0.0
25.88536923262727,-53.19470469481403,1.8634222841090542,0.0,0.0,0.0
25.887715532659517,-53.184798016629514,1.8635873755761607,0.0,0.0,0.0
25.89006139123174,-53.1748913404191,1.863752466992013,0.0,0.0,0.0
25.8924068083471,-53.16498466614982,1.8639175583573853,0.0,0.0,0.0
25.894751784008733,-53.15507799378871,1.8640826496730551,0.0,0.0,0.0
25.897096318219752,-53.145171323302854,1.8642477409397973,0.0,0.0,0.0
25.899440410983235,-53.13526465465936,1.8644128321583882,0.0,0.0,0.0
25.901784062302248,-53.125357987825346,1.8645779233296036,0.0,0.0,0.0
25.904127272179817,-53.11545132276801,1.8647430144542192,0.0,0.0,0.0
25.906470040618963,-53.10554465945454,1.864908105533011,0.0,0.0,0.0
25.90881236762266,-53.09563799785215,1.8650731965667549,0.0,0.0,0.0
25.911154253193843,-53.0857313379281,1.8652382875562266,0.0,0.0,0.0
25.913495697335463,-53.07582467964969,1.8654033785022024,0.0,0.0,0.0
25.915836700050413,-53.06591802298423,1.8655684694054577,0.0,0.0,0.0
25.918177261341576,-53.05601136789907,1.8657335602667682,0.0,0.0,0.0
25.920517381211795,-53.046104714361576,1.865898651086911,0.0,0.0,0.0
25.92285705966389,-53.036198062339146,1.866063741866661,0.0,0.0,0.0
25.92519629670067,-53.02629141179924,1.866228832606794,0.0,0.0,0.0
25.927535092324895,-53.016384762709315,1.8663939233080862,0.0,0.0,0.0
25.92987344653931,-53.00647811503684,1.8665590139713137,0.0,0.0,0.0
25.932211359346645,-52.99657146874937,1.8667241045972518,0.0,0.0,0.0
25.934548830749588,-52.98666482381445,1.8668891951866766,0.0,0.0,0.0
25.936885860750795,-52.97675818019966,1.8670542857403643,0.0,0.0,0.0
25.939222449352926,-52.966851537872614,1.8672193762590905,0.0,0.0,0.0
25.941558596558583,-52.95694489680095,1.8673844667436308,0.0,0.0,0.0
25.943894302370353,-52.94703825695234,1.867549557194762,0.0,0.0,0.0
25.946229566790798,-52.937131618294494,1.8677146476132593,0.0,0.0,0.0
25.948564389822465,-52.927224980795124,1.8678797379998986,0.0,0.0,0.0
25.95089877146785,-52.91731834442202,1.8680448283554558,0.0,0.0,0.0
25.95323271172945,-52.90741170914295,1.8682099186807068,0.0,0.0,0.0
25.955566210609717,-52.897505074925725,1.8683750089764273,0.0,0.0,0.0
25.957899268111078,-52.88759844173823,1.8685400992433936,0.0,0.0,0.0
25.96023188423594,-52.877691809548296,1.8687051894823816,0.0,0.0,0.0
25.96256405898669,-52.867785178323864,1.868870279694167,0.0,0.0,0.0
25.964895792365674,-52.85787854803286,1.8690353698795255,0.0,0.0,0.0
25.967227084375224,-52.84797191864325,1.8692004600392336,0.0,0.0,0.0
25.969557935017633,-52.838065290123026,1.8693655501740665,0.0,0.0,0.0
25.971888344295184,-52.82815866244022,1.8695306402847995,0.0,0.0,0.0
25.97421831221013,-52.818252035562885,1.86969573037221,0.0,0.0,0.0
25.97654783876468,-52.80834540945911,1.8698608204370735,0.0,0.0,0.0
25.978876923961042,-52.79843878409699,1.8700259104801655,0.0,0.0,0.0
25.981205567801386,-52.78853215944468,1.8701910005022613,0.0,0.0,0.0
25.98353377028785,-52.77862553547035,1.8703560905041374,0.0,0.0,0.0
