galstreams/tracks/track.st.Leiptr.ibata2024.ecsv
# %ECSV 1.0
# ---
# datatype:
# - {name: ra, unit: deg, datatype: float64}
# - {name: dec, unit: deg, datatype: float64}
# - {name: distance, unit: kpc, datatype: float64}
# - {name: pm_ra_cosdec, unit: mas / yr, datatype: float64}
# - {name: pm_dec, unit: mas / yr, datatype: float64}
# - {name: radial_velocity, unit: km / s, datatype: float64}
# delimiter: ','
# meta: !!omap
# - __serialized_columns__:
#     dec:
#       __class__: astropy.coordinates.angles.Latitude
#       unit: &id001 !astropy.units.Unit {unit: deg}
#       value: !astropy.table.SerializedColumn {name: dec}
#     distance:
#       __class__: astropy.coordinates.distances.Distance
#       unit: !astropy.units.Unit {unit: kpc}
#       value: !astropy.table.SerializedColumn {name: distance}
#     pm_dec:
#       __class__: astropy.units.quantity.Quantity
#       unit: !astropy.units.Unit {unit: mas / yr}
#       value: !astropy.table.SerializedColumn {name: pm_dec}
#     pm_ra_cosdec:
#       __class__: astropy.units.quantity.Quantity
#       unit: !astropy.units.Unit {unit: mas / yr}
#       value: !astropy.table.SerializedColumn {name: pm_ra_cosdec}
#     ra:
#       __class__: astropy.coordinates.angles.Longitude
#       unit: *id001
#       value: !astropy.table.SerializedColumn {name: ra}
#       wrap_angle: !astropy.coordinates.Angle
#         unit: *id001
#         value: 360.0
#     radial_velocity:
#       __class__: astropy.units.quantity.Quantity
#       unit: !astropy.units.Unit {unit: km / s}
#       value: !astropy.table.SerializedColumn {name: radial_velocity}
# schema: astropy-2.0
ra,dec,distance,pm_ra_cosdec,pm_dec,radial_velocity
[from data line 285]
60.88518416090302,-0.4242262167468299,1.0000000000000024,8.359262402847925,-9.03309821672379,-117.5859349731449
60.8924505704863,-0.43118429465234004,1.0000000000000027,8.36057261295368,-9.035166488875142,-117.50583257280357
60.89971663936837,-0.43814267673227597,1.0000000000000027,8.361882255771732,-9.03723365481398,-117.42572661052199
60.90698236782109,-0.44510136280911566,1.0000000000000024,8.363191331507458,-9.039299714603688,-117.34561708865934
60.91424775611636,-0.4520603527054472,1.0000000000000027,8.364499840366086,-9.041364668307747,-117.26550400957508
60.921512804526,-0.4590196462438279,1.0000000000000027,8.36580778255274,-9.0434285159897,-117.18538737562828
60.92877751332201,-0.46597924324699774,1.0000000000000024,8.36711515827242,-9.045491257713177,-117.1052671891783
60.93604188277623,-0.47293914353758354,1.0000000000000027,8.368421967729994,-9.04755289354187,-117.02514345258442
60.9433059131606,-0.47989934693833197,1.0000000000000027,8.369728211130218,-9.049613423539562,-116.94501616820583
60.95056960474699,-0.486859853271987,1.0000000000000027,8.371033888677708,-9.051672847770092,-116.86488533840202
60.95783295780731,-0.49382066236131267,1.0000000000000027,8.372339000576973,-9.05373116629739,-116.78475096553197
60.96509597261356,-0.5007817740292326,1.0000000000000027,8.373643547032387,-9.05578837918546,-116.7046130519551
60.972358649437645,-0.5077431880985858,1.0000000000000027,8.374947528248219,-9.057844486498377,-116.62447160003069
60.97962098855148,-0.5147049043922686,1.0000000000000029,8.376250944428586,-9.059899488300283,-116.54432661211804
60.98688299022701,-0.5216669227332473,1.0000000000000027,8.377553795777505,-9.061953384655418,-116.46417809057625
60.99414465473615,-0.5286292429444568,1.0000000000000027,8.378856082498874,-9.064006175628073,-116.38402603776468
61.00140598235093,-0.5355918648490272,1.0000000000000027,8.380157804796436,-9.066057861282626,-116.3038704560427
61.00866697334327,-0.5425547882699523,1.0000000000000024,8.381458962873849,-9.068108441683531,-116.22371134776945
61.015927627985135,-0.5495180130303622,1.0000000000000024,8.382759556934623,-9.07015791689531,-116.1435487153043
61.02318794654852,-0.5564815389533834,1.0000000000000027,8.384059587182161,-9.07220628698256,-116.0633825610065
61.030447929305325,-0.5634453658621538,1.0000000000000027,8.385359053819721,-9.074253552009962,-115.98321288723517
61.03770757652763,-0.570409493579978,1.0000000000000027,8.386657957050472,-9.076299712042271,-115.90303969634984
61.04496688848739,-0.57737392193006,1.0000000000000029,8.38795629707743,-9.078344767144294,-115.82286299070955
61.052225865456585,-0.5843386507356952,1.0000000000000027,8.389254074103508,-9.080388717380954,-115.74268277267365
61.05948450770724,-0.5913036798202053,1.0000000000000027,8.39055128833148,-9.082431562817202,-115.66249904460149
61.06674281551129,-0.5982690090069263,1.0000000000000027,8.391847939964007,-9.084473303518102,-115.58231180885227
61.074000789140854,-0.6052346381193362,1.0000000000000027,8.393144029203635,-9.086513939548766,-115.50212106778525
61.08125842886788,-0.6122005669808339,1.0000000000000027,8.394439556252774,-9.0885534709744,-115.42192682375969
61.08851573496443,-0.6191667954149066,1.0000000000000027,8.39573452131372,-9.090591897860278,-115.34172907913494
61.095772707702466,-0.6261333232450186,1.0000000000000027,8.397028924588632,-9.092629220271728,-115.2615278362702
61.10302934735412,-0.633100150294816,1.0000000000000027,8.39832276627958,-9.094665438274188,-115.18132309752465
61.11028565419137,-0.6400672763878453,1.0000000000000027,8.399616046588465,-9.096700551933147,-115.10111486525777
61.11754162848628,-0.6470347013477303,1.0000000000000027,8.400908765717112,-9.098734561314167,-115.02090314182875
61.12479727051091,-0.6540024249981474,1.0000000000000027,8.402200923867195,-9.100767466482898,-114.9406879295968
61.13205258053727,-0.6609704471627513,1.0000000000000027,8.403492521240276,-9.102799267505056,-114.86046923092118
61.1393075588375,-0.6679387676653639,1.0000000000000027,8.404783558037794,-9.104829964446429,-114.78024704816124
61.146562205683644,-0.6749073863297258,1.0000000000000027,8.406074034461074,-9.106859557372884,-114.7000213836762
61.15381652134774,-0.6818763029796514,1.0000000000000027,8.407363950711286,-9.108888046350355,-114.61979223982529
61.16107050610189,-0.6888455174389535,1.0000000000000024,8.40865330698953,-9.110915431444859,-114.53955961896796
61.16832416021822,-0.6958150295315991,1.0000000000000027,8.40994210349674,-9.11294171272248,-114.45932352346337
61.17557748396879,-0.7027848390814817,1.0000000000000027,8.411230340433747,-9.114966890249375,-114.37908395567057
61.18283047762569,-0.7097549459125622,1.0000000000000027,8.41251801800127,-9.116990964091782,-114.2988409179492
61.19008314146105,-0.7167253498488383,1.0000000000000027,8.413805136399887,-9.119013934315998,-114.21859441265838
61.197335475746954,-0.7236960507143152,1.0000000000000027,8.415091695830068,-9.121035800988418,-114.13834444215723
61.20458748075555,-0.7306670483331449,1.0000000000000027,8.416377696492146,-9.123056564175489,-114.05809100880526
61.21183915675895,-0.7376383425293985,1.0000000000000027,8.417663138586361,-9.125076223943736,-113.97783411496171
61.21909050402928,-0.7446099331272378,1.0000000000000027,8.418948022312797,-9.127094780359766,-113.89757376298564
61.22634152283868,-0.7515818199508368,1.0000000000000024,8.420232347871442,-9.129112233490247,-113.81730995523645
61.23359221345924,-0.7585540028243841,1.0000000000000027,8.421516115462149,-9.131128583401926,-113.73704269407345
61.24084257616318,-0.765526481572215,1.0000000000000027,8.422799325284656,-9.13314383016163,-113.65677198185597
61.24809261122263,-0.7724992560186088,1.0000000000000027,8.424081977538588,-9.13515797383625,-113.57649782094302
61.25534231890975,-0.7794723259878704,1.0000000000000027,8.425364072423424,-9.137171014492749,-113.49622021369416
61.26259169949668,-0.7864456913043955,1.0000000000000027,8.426645610138547,-9.139182952198176,-113.4159391624685
61.26984075325557,-0.7934193517925292,1.0000000000000027,8.427926590883219,-9.14119378701964,-113.33565466962536
61.277089480458656,-0.8003933072768211,1.0000000000000027,8.42920701485655,-9.143203519024325,-113.25536673752401
61.284337881378114,-0.8073675575817074,1.0000000000000027,8.43048688225758,-9.145212148279494,-113.17507536852366
61.291585956286106,-0.814342102531704,1.0000000000000027,8.431766193285172,-9.147219674852478,-113.09478056498364
61.298833705454825,-0.8213169419513667,1.0000000000000027,8.433044948138106,-9.14922609881068,-113.01448232926322
61.30608112915644,-0.8282920756652505,1.0000000000000027,8.434323147015034,-9.151231420221578,-112.93418066372168
61.313328227663234,-0.8352675034980691,1.0000000000000024,8.435600790114473,-9.153235639152726,-112.85387557071822
61.32057500124736,-0.8422432252744384,1.0000000000000024,8.436877877634847,-9.155238755671746,-112.77356705261215
61.32782145018106,-0.8492192408190767,1.0000000000000024,8.438154409774429,-9.157240769846332,-112.69325511176275
61.33506757473651,-0.85619554995667,1.0000000000000027,8.439430386731386,-9.15924168174425,-112.61293975052938
61.342313375186016,-0.8631721525120876,1.0000000000000024,8.440705808703779,-9.161241491433353,-112.5326209712711
61.34955885180176,-0.8701490483100907,1.0000000000000024,8.441980675889516,-9.163240198981539,-112.45229877634739
61.356804004856,-0.8771262371755387,1.0000000000000024,8.443254988486416,-9.165237804456803,-112.37197316811739
61.36404883462098,-0.8841037189333161,1.0000000000000024,8.444528746692152,-9.167234307927206,-112.29164414894038
61.371293341368904,-0.8910814934082962,1.0000000000000024,8.44580195070429,-9.169229709460872,-112.21131172117572
61.37853752537212,-0.8980595604255379,1.0000000000000024,8.447074600720287,-9.171224009126005,-112.13097588718256
61.38578138690284,-0.9050379198099834,1.0000000000000024,8.44834669693745,-9.173217206990879,-112.05063664932027
61.39302492623336,-0.9120165713866736,1.0000000000000027,8.449618239552992,-9.175209303123845,-111.97029400994802
61.40026814363587,-0.9189955149806336,1.0000000000000022,8.450889228764003,-9.17720029759333,-111.88994797142524
61.407511039382776,-0.9259747504170419,1.0000000000000027,8.452159664767438,-9.179190190467803,-111.80959853611108
61.41475361374629,-0.9329542775210102,1.0000000000000024,8.453429547760146,-9.181178981815851,-111.72924570636471
61.42199586699874,-0.9399340961177212,1.0000000000000024,8.454698877938851,-9.183166671706097,-111.64888948454569
61.4292377994124,-0.9469142060323735,1.0000000000000024,8.455967655500151,-9.185153260207253,-111.56852987301299
61.43647941125957,-0.9538946070901907,1.0000000000000024,8.457235880640548,-9.187138747388099,-111.48816687412601
61.443720702812584,-0.9608752991165379,1.0000000000000024,8.458503553556387,-9.189123133317484,-111.40780049024413
61.450961674343766,-0.9678562819367008,1.0000000000000027,8.45977067444392,-9.191106418064328,-111.32743072372641
61.458202326125424,-0.9748375553760433,1.0000000000000024,8.461037243499288,-9.193088601697635,-111.24705757693222
61.46544265842988,-0.981819119259956,1.0000000000000024,8.462303260918475,-9.19506968428646,-111.16668105222091
61.47268267152944,-0.9888009734138153,1.0000000000000024,8.46356872689738,-9.19704966589995,-111.08630115195166
61.47992236569653,-0.9957831176632077,1.0000000000000024,8.464833641631767,-9.19902854660731,-111.00591787848367
61.48716174120345,-1.0027655518335719,1.0000000000000024,8.466098005317287,-9.20100632647783,-110.92553123417633
61.49440079832253,-1.0097482757504497,1.0000000000000024,8.46736181814946,-9.202983005580846,-110.84514122138887
61.50163953732618,-1.0167312892394287,1.0000000000000024,8.468625080323717,-9.204958583985794,-110.76474784248059
61.508877958486686,-1.0237145921260746,1.0000000000000024,8.469887792035317,-9.206933061762168,-110.68435109981071
61.516116062076506,-1.0306981842361274,1.0000000000000024,8.471149953479458,-9.208906438979534,-110.60395099573854
61.52335384836798,-1.0376820653952248,1.0000000000000024,8.472411564851175,-9.210878715707532,-110.5235475326233
61.530591317633494,-1.044666235429085,1.0000000000000024,8.47367262634541,-9.212849892015866,-110.44314071282423
61.537828470145435,-1.0516506941634773,1.0000000000000022,8.474933138156974,-9.214819967974323,-110.36273053870079
61.54506530617616,-1.0586354414241406,1.0000000000000024,8.476193100480563,-9.21678894365275,-110.28231701261214
61.55230182599814,-1.065620477036997,1.0000000000000024,8.477452513510745,-9.218756819121065,-110.20190013691742
61.55953802988375,-1.072605800827865,1.0000000000000024,8.478711377441982,-9.220723594449272,-110.121479913976
61.566773918105405,-1.079591412622653,1.0000000000000027,8.479969692468622,-9.222689269707427,-110.04105634614724
61.574009490935474,-1.0865773122472513,1.0000000000000024,8.481227458784868,-9.224653844965676,-109.96062943579034
61.581244748646476,-1.0935634995277186,1.0000000000000024,8.482484676584836,-9.226617320294219,-109.88019918526452
61.58847969151079,-1.1005499742900304,1.0000000000000024,8.48374134606249,-9.228579695763328,-109.7997655969291
61.595714319800855,-1.1075367363602215,1.0000000000000024,8.484997467411716,-9.230540971443363,-109.71932867314332
61.60294863378912,-1.1145237855643666,1.0000000000000027,8.486253040826229,-9.232501147404728,-109.63888841626645
61.61018263374798,-1.1215111217285485,1.0000000000000024,8.48750806649969,-9.234460223717928,-109.55844482865793
61.61741631994998,-1.1284987446790116,1.0000000000000024,8.488762544625576,-9.236418200453512,-109.47799791267674
61.62464969266755,-1.1354866542418924,1.0000000000000024,8.490016475397299,-9.238375077682113,-109.39754767068231
61.63188275217314,-1.142474850243416,1.0000000000000024,8.491269859008119,-9.240330855474435,-109.31709410503396
61.63911549873919,-1.1494633325097972,1.0000000000000024,8.49252269565119,-9.242285533901248,-109.23663721809082
61.64634793263825,-1.1564521008674233,1.0000000000000024,8.493774985519545,-9.244239113033393,-109.15617701221232
61.653580054142786,-1.1634411551425774,1.0000000000000027,8.495026728806103,-9.246191592941784,-109.0757134897575
61.660811863525275,-1.1704304951616333,1.0000000000000024,8.496277925703666,-9.248142973697401,-108.99524665308591
61.668043361058196,-1.1774201207509798,1.0000000000000024,8.497528576404903,-9.250093255371304,-108.91477650455668
61.675274547014055,-1.184410031737019,1.0000000000000024,8.49877868110239,-9.252042438034609,-108.83430304652903
61.68250542166541,-1.1914002279463134,1.0000000000000027,8.500028239988561,-9.253990521758508,-108.75382628136231
61.68973598528475,-1.1983907092053252,1.0000000000000024,8.50127725325575,-9.255937506614272,-108.67334621141575
61.69696623814457,-1.2053814753406,1.0000000000000024,8.502525721096156,-9.257883392673232,-108.59286283904862
61.70419618051742,-1.212372526178709,1.0000000000000024,8.503773643701871,-9.259828180006792,-108.51237616662026
61.711425812675806,-1.219363861546232,1.0000000000000027,8.505021021264874,-9.261771868686417,-108.43188619648981
61.71865513489232,-1.2263554812699082,1.0000000000000024,8.506267853977025,-9.263714458783666,-108.35139293101662
61.72588414743949,-1.2333473851763728,1.0000000000000024,8.507514142030043,-9.265655950370139,-108.27089637256
61.73311285058984,-1.240339573092354,1.0000000000000024,8.508759885615557,-9.267596343517527,-108.1903965234792
61.740341244615955,-1.2473320448446041,1.0000000000000024,8.51000508492508,-9.269535638297581,-108.10989338613344
61.747569329790345,-1.2543248002598737,1.0000000000000024,8.51124974014998,-9.271473834782121,-108.02938696288199
61.75479710638566,-1.2613178391650735,1.0000000000000024,8.512493851481532,-9.273410933043047,-107.94887725608412
61.76202457467444,-1.2683111613870273,1.0000000000000024,8.513737419110882,-9.27534693315231,-107.86836426809919
61.76925173492927,-1.2753047667526292,1.0000000000000024,8.51498044322907,-9.277281835181945,-107.78784800128632
61.77647858742273,-1.2822986550888182,1.0000000000000027,8.516222924027,-9.279215639204065,-107.70732845800501
61.78370513242737,-1.289292826222513,1.0000000000000024,8.51746486169548,-9.281148345290827,-107.6268056406143
61.79093137021588,-1.2962872799807919,1.0000000000000022,8.518706256425187,-9.283079953514477,-107.54627955147355
61.79815730106083,-1.3032820161906769,1.0000000000000024,8.519947108406686,-9.28501046394732,-107.46575019294201
61.805382925234824,-1.3102770346792243,1.0000000000000024,8.521187417830419,-9.286939876661739,-107.38521756737903
61.81260824301045,-1.3172723352734992,1.0000000000000024,8.522427184886716,-9.288868191730183,-107.3046816771437
61.819833254660395,-1.3242679178007326,1.0000000000000024,8.523666409765797,-9.290795409225163,-107.22414252459549
61.827057960457246,-1.3312637820880648,1.0000000000000027,8.524905092657743,-9.292721529219273,-107.14360011209364
61.83428236067368,-1.3382599279627119,1.0000000000000024,8.526143233752553,-9.294646551785169,-107.06305444199721
61.841506455582305,-1.3452563552519112,1.0000000000000024,8.527380833240073,-9.29657047699557,-106.98250551666574
61.848730245455734,-1.352253063782917,1.0000000000000024,8.528617891310045,-9.298493304923275,-106.90195333845837
61.85595373056672,-1.3592500533831278,1.0000000000000024,8.529854408152111,-9.300415035641139,-106.8213979097344
61.86317691118786,-1.3662473238798487,1.0000000000000024,8.531090383955773,-9.302335669222103,-106.74083923285308
61.87039978759183,-1.3732448751004789,1.0000000000000024,8.532325818910433,-9.304255205739164,-106.66027731017368
61.87762236005128,-1.3802427068723937,1.0000000000000024,8.533560713205354,-9.306173645265392,-106.57971214405543
61.88484462883894,-1.3872408190231305,1.0000000000000024,8.534795067029716,-9.308090987873923,-106.49914373685766
61.892066594227494,-1.3942392113801507,1.0000000000000024,8.536028880572559,-9.310007233637965,-106.41857209093968
