galstreams/tracks/track.st.OmegaCen-Fimbulthul.sollima2020.ecsv
# %ECSV 1.0
# ---
# datatype:
# - {name: ra, unit: deg, datatype: float64}
# - {name: dec, unit: deg, datatype: float64}
# - {name: distance, unit: kpc, datatype: float64}
# - {name: pm_ra_cosdec, unit: mas / yr, datatype: float64}
# - {name: pm_dec, unit: mas / yr, datatype: float64}
# - {name: radial_velocity, unit: km / s, datatype: float64}
# delimiter: ','
# meta: !!omap
# - __serialized_columns__:
#     dec:
#       __class__: astropy.coordinates.angles.Latitude
#       unit: &id001 !astropy.units.Unit {unit: deg}
#       value: !astropy.table.SerializedColumn {name: dec}
#     distance:
#       __class__: astropy.coordinates.distances.Distance
#       unit: !astropy.units.Unit {unit: kpc}
#       value: !astropy.table.SerializedColumn {name: distance}
#     pm_dec:
#       __class__: astropy.units.quantity.Quantity
#       unit: !astropy.units.Unit {unit: mas / yr}
#       value: !astropy.table.SerializedColumn {name: pm_dec}
#     pm_ra_cosdec:
#       __class__: astropy.units.quantity.Quantity
#       unit: !astropy.units.Unit {unit: mas / yr}
#       value: !astropy.table.SerializedColumn {name: pm_ra_cosdec}
#     ra:
#       __class__: astropy.coordinates.angles.Longitude
#       unit: *id001
#       value: !astropy.table.SerializedColumn {name: ra}
#       wrap_angle: !astropy.coordinates.Angle
#         unit: *id001
#         value: 360.0
#     radial_velocity:
#       __class__: astropy.units.quantity.Quantity
#       unit: !astropy.units.Unit {unit: km / s}
#       value: !astropy.table.SerializedColumn {name: radial_velocity}
# schema: astropy-2.0
ra,dec,distance,pm_ra_cosdec,pm_dec,radial_velocity
[from data line 704]
205.1452022646848,-48.49909225961777,5.426000000000004,0.0,0.0,-0.0
205.16036054773826,-48.50134785656513,5.426000000000005,0.0,0.0,-0.0
205.17552836515972,-48.50359085365123,5.426000000000004,0.0,0.0,-0.0
205.19070573519502,-48.50582121133248,5.426000000000003,0.0,0.0,-0.0
205.20589267628154,-48.50803888972755,5.426000000000004,0.0,0.0,-0.0
205.2210892070487,-48.51024384861551,5.426000000000004,0.0,0.0,-0.0
205.23629534631877,-48.51243604743387,5.426000000000004,0.0,0.0,-0.0
205.25151111310768,-48.514615445276775,5.426000000000004,0.0,0.0,-0.0
205.26673652662566,-48.51678200089304,5.426000000000005,0.0,0.0,-0.0
205.28197160627792,-48.51893567268433,5.426000000000004,0.0,0.0,-0.0
205.29721637166548,-48.52107641870322,5.426000000000005,0.0,0.0,-0.0
205.31247084258584,-48.52320419665132,5.426000000000004,0.0,0.0,-0.0
205.32773503903357,-48.52531896387738,5.426000000000005,0.0,0.0,-0.0
205.34300898120122,-48.5274206773754,5.426000000000004,0.0,0.0,-0.0
205.35829268947984,-48.529509293782695,5.426000000000005,0.0,0.0,-0.0
205.37358618445975,-48.531584769378064,5.426000000000005,0.0,0.0,-0.0
205.38888948693122,-48.53364706007985,5.426000000000005,0.0,0.0,-0.0
205.4042026178851,-48.53569612144403,5.426000000000004,0.0,0.0,-0.0
205.4195255985135,-48.53773190866239,5.426000000000005,0.0,0.0,-0.0
205.43485845021056,-48.53975437656046,5.4260000000000055,0.0,0.0,-0.0
205.45020119457303,-48.541763479595794,5.4260000000000055,0.0,0.0,-0.0
205.46555385340088,-48.54375917185599,5.4260000000000055,0.0,0.0,-0.0
205.480916448698,-48.545741407056724,5.426000000000005,0.0,0.0,-0.0
205.49628900267288,-48.54771013853996,5.426000000000005,0.0,0.0,-0.0
205.51167153773923,-48.54966531927195,5.426000000000005,0.0,0.0,-0.0
205.52706407651655,-48.55160690184136,5.426000000000004,0.0,0.0,-0.0
205.54246664183086,-48.55353483845739,5.426000000000005,0.0,0.0,-0.0
205.5578792567152,-48.55544908094776,5.426000000000005,0.0,0.0,-0.0
205.57330194441045,-48.55734958075692,5.4260000000000055,0.0,0.0,-0.0
205.58873472836564,-48.559236288944085,5.4260000000000055,0.0,0.0,-0.0
205.60417763223884,-48.5611091561813,5.426000000000006,0.0,0.0,-0.0
205.61963067989763,-48.56296813275152,5.4260000000000055,0.0,0.0,-0.0
205.63509389541966,-48.564813168546785,5.426000000000006,0.0,0.0,-0.0
205.65056730309337,-48.566644213066155,5.426000000000006,0.0,0.0,-0.0
205.66605092741838,-48.56846121541388,5.4260000000000055,0.0,0.0,-0.0
205.68154479310624,-48.57026412429754,5.426000000000006,0.0,0.0,-0.0
205.69704892508096,-48.57205288802591,5.4260000000000055,0.0,0.0,-0.0
205.7125633484795,-48.57382745450731,5.4260000000000055,0.0,0.0,-0.0
205.72808808865233,-48.57558777124747,5.426000000000006,0.0,0.0,-0.0
205.7436231711642,-48.577333785347676,5.426000000000005,0.0,0.0,-0.0
205.75916862179434,-48.5790654435029,5.426000000000006,0.0,0.0,-0.0
205.7747244665372,-48.58078269199975,5.426000000000006,0.0,0.0,-0.0
205.79029073160308,-48.58248547671466,5.4260000000000055,0.0,0.0,-0.0
205.8058674434184,-48.58417374311189,5.426000000000006,0.0,0.0,-0.0
205.8214546286264,-48.585847436241586,5.426000000000006,0.0,0.0,-0.0
205.83705231408774,-48.58750650073792,5.4260000000000055,0.0,0.0,-0.0
205.85266052688064,-48.58915088081708,5.426000000000007,0.0,0.0,-0.0
205.86827929430183,-48.590780520275345,5.426000000000006,0.0,0.0,-0.0
205.88390864386673,-48.59239536248722,5.426000000000007,0.0,0.0,-0.0
205.89954860331014,-48.59399535040339,5.4260000000000055,0.0,0.0,-0.0
205.91519920058656,-48.59558042654888,5.426000000000007,0.0,0.0,-0.0
205.93086046387077,-48.597150533021015,5.426000000000007,0.0,0.0,-0.0
205.9465324215583,-48.59870561148759,5.426000000000006,0.0,0.0,-0.0
205.96221510226584,-48.600245603184845,5.426000000000008,0.0,0.0,-0.0
205.97790853483176,-48.601770448915545,5.426000000000007,0.0,0.0,-0.0
205.9936127483165,-48.60328008904705,5.426000000000006,0.0,0.0,-0.0
206.00932777200305,-48.60477446350933,5.426000000000009,0.0,0.0,-0.0
206.02505363539743,-48.60625351179305,5.426000000000007,0.0,0.0,-0.0
206.040790368229,-48.60771717294765,5.426000000000008,0.0,0.0,-0.0
206.056538000451,-48.609165385579324,5.426000000000008,0.0,0.0,-0.0
206.07229656224095,-48.61059808784909,5.426000000000006,0.0,0.0,-0.0
206.088066084001,-48.61201521747089,5.426000000000006,0.0,0.0,-0.0
206.10384659635844,-48.613416711709576,5.426000000000008,0.0,0.0,-0.0
206.11963813016595,-48.61480250737896,5.426000000000008,0.0,0.0,-0.0
206.13544071650216,-48.616172540839905,5.426000000000007,0.0,0.0,-0.0
206.1512543866719,-48.617526747998326,5.426000000000007,0.0,0.0,-0.0
206.16707917220663,-48.61886506430322,5.426000000000008,0.0,0.0,-0.0
206.18291510486486,-48.62018742474476,5.426000000000008,0.0,0.0,-0.0
206.1987622166324,-48.62149376385229,5.426000000000009,0.0,0.0,-0.0
206.21462053972286,-48.62278401569236,5.426000000000009,0.0,0.0,-0.0
206.2304901065778,-48.62405811386679,5.426000000000008,0.0,0.0,-0.0
206.24637094986733,-48.62531599151069,5.426000000000008,0.0,0.0,-0.0
206.26226310249027,-48.62655758129049,5.426000000000009,0.0,0.0,-0.0
206.27816659757443,-48.62778281540198,5.426000000000009,0.0,0.0,-0.0
206.29408146847712,-48.62899162556833,5.42600000000001,0.0,0.0,-0.0
206.31000774878532,-48.63018394303816,5.426000000000009,0.0,0.0,-0.0
206.32594547231614,-48.6313596985835,5.42600000000001,0.0,0.0,-0.0
206.34189467311683,-48.632518822497886,5.42600000000001,0.0,0.0,-0.0
206.35785538546537,-48.633661244594315,5.426000000000009,0.0,0.0,-0.0
206.37382764387064,-48.634786894203366,5.426000000000009,0.0,0.0,-0.0
206.38981148307263,-48.63589570017111,5.42600000000001,0.0,0.0,-0.0
206.40580693804287,-48.63698759085725,5.42600000000001,0.0,0.0,-0.0
206.42181404398454,-48.63806249413304,5.42600000000001,0.0,0.0,-0.0
206.43783283633277,-48.63912033737935,5.426000000000011,0.0,0.0,-0.0
206.453863350755,-48.6401610474847,5.426000000000011,0.0,0.0,-0.0
206.46990562315102,-48.64118455084328,5.426000000000012,0.0,0.0,-0.0
206.48595968965338,-48.64219077335288,5.426000000000011,0.0,0.0,-0.0
206.5020255866275,-48.64317964041303,5.426000000000012,0.0,0.0,-0.0
206.51810335067194,-48.64415107692293,5.42600000000001,0.0,0.0,-0.0
206.53419301861862,-48.64510500727952,5.426000000000011,0.0,0.0,-0.0
206.550294627533,-48.64604135537541,5.426000000000011,0.0,0.0,-0.0
206.56640821471424,-48.64696004459695,5.426000000000012,0.0,0.0,-0.0
206.58253381769546,-48.64786099782226,5.426000000000013,0.0,0.0,-0.0
206.59867147424387,-48.64874413741917,5.426000000000012,0.0,0.0,-0.0
206.614821222361,-48.64960938524327,5.426000000000012,0.0,0.0,-0.0
206.6309831002827,-48.65045666263591,5.426000000000013,0.0,0.0,-0.0
206.64715714647954,-48.65128589042218,5.4260000000000135,0.0,0.0,-0.0
206.66334339965675,-48.652096988908944,5.426000000000012,0.0,0.0,-0.0
206.67954189875442,-48.65288987788285,5.4260000000000135,0.0,0.0,-0.0
206.69575268294778,-48.65366447660825,5.426000000000013,0.0,0.0,-0.0
206.711975791647,-48.6544207038253,5.426000000000012,0.0,0.0,-0.0
206.7282112644976,-48.65515847774788,5.426000000000012,0.0,0.0,-0.0
206.7444591413804,-48.65587771606167,5.4260000000000135,0.0,0.0,-0.0
206.76071946241177,-48.65657833592203,5.4260000000000135,0.0,0.0,-0.0
206.7769922679435,-48.657260253952096,5.4260000000000135,0.0,0.0,-0.0
206.79327759856307,-48.657923386240725,5.426000000000014,0.0,0.0,-0.0
206.80957549509358,-48.65856764834052,5.426000000000014,0.0,0.0,-0.0
206.82588599859392,-48.65919295526572,5.4260000000000135,0.0,0.0,-0.0
206.84220915035883,-48.659799221490374,5.426000000000015,0.0,0.0,-0.0
206.85854499191885,-48.66038636094609,5.426000000000014,0.0,0.0,-0.0
206.87489356504042,-48.66095428702024,5.426000000000014,0.0,0.0,-0.0
206.89125491172595,-48.661502912553814,5.4260000000000135,0.0,0.0,-0.0
206.90762907421376,-48.662032149839405,5.426000000000015,0.0,0.0,-0.0
206.9240160949781,-48.66254191061928,5.426000000000017,0.0,0.0,-0.0
206.9404160167293,-48.66303210608326,5.426000000000014,0.0,0.0,-0.0
206.9568288824135,-48.66350264686676,5.426000000000015,0.0,0.0,-0.0
206.97325473521286,-48.66395344304875,5.426000000000015,0.0,0.0,-0.0
206.98969361854552,-48.66438440414968,5.426000000000015,0.0,0.0,-0.0
207.00614557606536,-48.664795439129584,5.426000000000016,0.0,0.0,-0.0
207.0226106516623,-48.665186456385904,5.426000000000016,0.0,0.0,-0.0
207.03908888946185,-48.66555736375155,5.426000000000016,0.0,0.0,-0.0
207.05558033382547,-48.66590806849286,5.426000000000018,0.0,0.0,-0.0
207.0720850293502,-48.666238477307566,5.426000000000017,0.0,0.0,-0.0
207.08860302086865,-48.66654849632271,5.426000000000017,0.0,0.0,-0.0
207.105134353449,-48.66683803109268,5.426000000000017,0.0,0.0,-0.0
207.12167907239484,-48.66710698659718,5.426000000000017,0.0,0.0,-0.0
207.13823722324503,-48.667355267239145,5.426000000000018,0.0,0.0,-0.0
207.15480885177374,-48.667582776842686,5.426000000000019,0.0,0.0,-0.0
207.1713940039901,-48.66778941865115,5.426000000000018,0.0,0.0,-0.0
207.1879927261382,-48.667975095324955,5.42600000000002,0.0,0.0,-0.0
207.20460506469706,-48.66813970893968,5.426000000000019,0.0,0.0,-0.0
207.22123106638026,-48.66828316098389,5.426000000000018,0.0,0.0,-0.0
207.23787077813583,-48.6684053523572,5.426000000000019,0.0,0.0,-0.0
207.25452424714626,-48.66850618336817,5.426000000000021,0.0,0.0,-0.0
207.27119152082804,-48.66858555373225,5.426000000000019,0.0,0.0,-0.0
207.28787264683172,-48.6686433625698,5.426000000000019,0.0,0.0,-0.0
207.30456767304156,-48.66867950840397,5.42600000000002,0.0,0.0,-0.0
207.32127664757536,-48.66869388915868,5.426000000000021,0.0,0.0,-0.0
207.33799961878432,-48.66868640215653,5.4260000000000215,0.0,0.0,-0.0
207.35473663525266,-48.668656944116826,5.4260000000000215,0.0,0.0,-0.0
207.37148774579754,-48.66860541115347,5.4260000000000215,0.0,0.0,-0.0
207.38825299946865,-48.66853169877288,5.4260000000000215,0.0,0.0,-0.0
207.4050324455481,-48.668435701872,5.4260000000000215,0.0,0.0,-0.0
207.42182613355007,-48.668317314736164,5.4260000000000215,0.0,0.0,-0.0
