galstreams/tracks/track.st.M3-Svol.yang2023.ecsv
# %ECSV 1.0
# ---
# datatype:
# - {name: ra, unit: deg, datatype: float64}
# - {name: dec, unit: deg, datatype: float64}
# - {name: distance, unit: kpc, datatype: float64}
# - {name: pm_ra_cosdec, unit: mas / yr, datatype: float64}
# - {name: pm_dec, unit: mas / yr, datatype: float64}
# - {name: radial_velocity, unit: km / s, datatype: float64}
# delimiter: ','
# meta: !!omap
# - __serialized_columns__:
#     dec:
#       __class__: astropy.coordinates.angles.Latitude
#       unit: &id001 !astropy.units.Unit {unit: deg}
#       value: !astropy.table.SerializedColumn {name: dec}
#     distance:
#       __class__: astropy.coordinates.distances.Distance
#       unit: !astropy.units.Unit {unit: kpc}
#       value: !astropy.table.SerializedColumn {name: distance}
#     pm_dec:
#       __class__: astropy.units.quantity.Quantity
#       unit: !astropy.units.Unit {unit: mas / yr}
#       value: !astropy.table.SerializedColumn {name: pm_dec}
#     pm_ra_cosdec:
#       __class__: astropy.units.quantity.Quantity
#       unit: !astropy.units.Unit {unit: mas / yr}
#       value: !astropy.table.SerializedColumn {name: pm_ra_cosdec}
#     ra:
#       __class__: astropy.coordinates.angles.Longitude
#       unit: *id001
#       value: !astropy.table.SerializedColumn {name: ra}
#       wrap_angle: !astropy.coordinates.Angle
#         unit: *id001
#         value: 360.0
#     radial_velocity:
#       __class__: astropy.units.quantity.Quantity
#       unit: !astropy.units.Unit {unit: km / s}
#       value: !astropy.table.SerializedColumn {name: radial_velocity}
# schema: astropy-2.0
ra,dec,distance,pm_ra_cosdec,pm_dec,radial_velocity
[from data line 699]
196.56328122291296,26.0223637285995,12.149697948020597,-0.5605217530803805,-2.2640916390401635,-99.18620563975615
196.57433618400523,26.024831387006344,12.147819285018103,-0.5598696765477884,-2.264688465846157,-99.25053917115122
196.58539167832043,26.027297915401164,12.145940974471127,-0.5592174641350908,-2.2652854032785266,-99.31485170620613
196.59644770568877,26.02976331365221,12.144063016379674,-0.5585651158677225,-2.2658824514136695,-99.37914324492087
196.60750426594035,26.0322275816278,12.142185410743737,-0.557912631771123,-2.266479610327987,-99.44341378729547
196.61856135890517,26.034690719196284,12.14030815756332,-0.5572600118707399,-2.2670768800978762,-99.50766333332989
196.62961898441316,26.037152726226033,12.138431256838427,-0.5566072561920227,-2.2676742607997378,-99.57189188302414
196.64067714229395,26.039613602585458,12.13655470856905,-0.5559543647604248,-2.2682717525099707,-99.6360994363782
196.6517358323774,26.042073348143045,12.134678512755194,-0.5553013376014092,-2.2688693553049766,-99.70028599339216
196.66279505449285,26.04453196276724,12.132802669396858,-0.5546481747404401,-2.269467069261156,-99.76445155406589
196.67385480846988,26.046989446326617,12.130927178494046,-0.553994876202988,-2.2700648944549067,-99.82859611839946
196.68491509413775,26.04944579868972,12.129052040046748,-0.5533414420145285,-2.270662830962632,-99.89271968639292
196.6959759113256,26.051901019725143,12.127177254054972,-0.5526878722005398,-2.2712608788607334,-99.9568222580462
196.70703725986257,26.054355109301547,12.125302820518714,-0.5520341667865094,-2.2718590382256103,-100.02090383335931
196.71809913957767,26.056808067287594,12.12342873943798,-0.5513803257979255,-2.272457309133665,-100.08496441233224
196.72916155029964,26.05925989355199,12.121555010812763,-0.5507263492602834,-2.2730556916612996,-100.14900399496501
196.74022449185733,26.0617105879635,12.119681634643067,-0.5500722371990833,-2.2736541858849137,-100.21302258125763
196.75128796407932,26.06416015039091,12.117808610928892,-0.5494179896398295,-2.274252791880911,-100.27702017121008
196.76235196679406,26.06660858070303,12.115935939670235,-0.5487636066080308,-2.274851509725694,-100.34099676482238
196.77341649983006,26.069055878768737,12.114063620867098,-0.548109088129204,-2.275450339495662,-100.4049523620945
196.78448156301556,26.071502044456917,12.112191654519483,-0.5474544342288671,-2.2760492812672197,-100.46888696302649
196.79554715617863,26.073947077636504,12.110320040627386,-0.5467996449325437,-2.276648335116767,-100.53280056761821
196.8066132791475,26.076390978176484,12.108448779190809,-0.5461447202657652,-2.277247501120709,-100.59669317586987
196.81767993175,26.078833745945868,12.10657787020975,-0.5454896602540645,-2.2778467793554444,-100.66056478778133
196.82874711381393,26.08127538081368,12.104707313684216,-0.5448344649229796,-2.2784461698973772,-100.72441540335265
196.8398148251671,26.083715882649024,12.102837109614196,-0.5441791342980572,-2.2790456728229116,-100.78824502258375
196.85088306563705,26.086155251321014,12.100967257999699,-0.543523668404844,-2.279645288208447,-100.85205364547474
196.8619518350512,26.0885934866988,12.099097758840722,-0.5428680672688942,-2.2802450161303867,-100.91584127202553
196.87302113323705,26.091030588651602,12.097228612137265,-0.5422123309157675,-2.2808448566651323,-100.9796079022362
196.88409096002172,26.09346655704863,12.095359817889328,-0.5415564593710258,-2.281444809889085,-101.04335353610668
196.89516131523249,26.09590139175918,12.09349137609691,-0.5409004526602397,-2.2820448758786505,-101.10707817363705
196.90623219869627,26.098335092652533,12.091623286760015,-0.5402443108089814,-2.282645054710227,-101.17078181482717
196.91730361023997,26.100767659598045,12.089755549878637,-0.5395880338428282,-2.283245346460217,-101.23446445967716
196.9283755496905,26.103199092465097,12.08788816545278,-0.5389316217873652,-2.283845751205025,-101.29812610818695
196.93944801687445,26.105629391123124,12.086021133482442,-0.5382750746681799,-2.284446269021049,-101.36176676035664
196.95052101161835,26.108058555441563,12.084154453967622,-0.537618392510863,-2.2850468999846925,-101.42538641618614
196.96159453374878,26.110486585289927,12.082288126908326,-0.5369615753410149,-2.2856476441723568,-101.48898507567549
196.972668583092,26.112913480537735,12.08042215230455,-0.5363046231842372,-2.2862485016604417,-101.55256273882463
196.98374315947424,26.11533924105456,12.07855653015629,-0.5356475360661365,-2.28684947252535,-101.61611940563365
196.99481826272162,26.117763866710025,12.076691260463553,-0.5349903140123272,-2.2874505568434804,-101.67965507610252
197.00589389266017,26.120187357373766,12.074826343226336,-0.534332957048425,-2.2880517546912342,-101.74316975023116
197.01697004911568,26.12260971291546,12.072961778444636,-0.5336754652000516,-2.2886530661450144,-101.8066634280197
197.02804673191403,26.12503093320484,12.071097566118457,-0.5330178384928357,-2.289254491281217,-101.87013610946799
197.03912394088084,26.12745101811166,12.0692337062478,-0.5323600769524077,-2.289856030176244,-101.9335877945762
197.0502016758416,26.12986996750572,12.067370198832663,-0.5317021806044034,-2.290457682906493,-101.99701848334425
197.06127993662182,26.132287781256853,12.065507043873044,-0.5310441494744668,-2.2910594495483654,-102.06042817577209
197.07235872304668,26.134704459234932,12.063644241368946,-0.5303859835882418,-2.2916613301782593,-102.12381687185979
197.08343803494157,26.13712000130986,12.061781791320367,-0.5297276829713815,-2.292263324872574,-102.1871845716073
197.09451787213146,26.139534407351615,12.05991969372731,-0.5290692476495404,-2.2928654337077057,-102.2505312750147
197.10559823444126,26.14194767723014,12.05805794858977,-0.5284106776483797,-2.293467656760055,-102.31385698208189
197.116679121696,26.144359810815505,12.05619655590775,-0.5277519729935656,-2.294069994106016,-102.37716169280894
197.1277605337203,26.14677080797774,12.05433551568125,-0.5270931337107686,-2.294672445821989,-102.44044540719581
197.13884247033874,26.149180668586943,12.052474827910272,-0.5264341598256628,-2.2952750119843692,-102.5037081252425
197.149924931376,26.15158939251329,12.050614492594814,-0.5257750513639304,-2.2958776926695545,-102.56694984694906
197.16100791665642,26.15399697962692,12.048754509734875,-0.5251158083512545,-2.296480487953938,-102.63017057231541
197.17209142600416,26.156403429798058,12.046894879330456,-0.5244564308133253,-2.2970833979139176,-102.69337030134169
197.18317545924356,26.15880874289697,12.045035601381556,-0.5237969187758387,-2.2976864226258873,-102.7565490340277
197.19426001619863,26.16121291879394,12.043176675888176,-0.5231372722644928,-2.298289562166242,-102.8197067703736
197.20534509669318,26.163615957359276,12.041318102850319,-0.5224774913049917,-2.298892816611376,-102.88284351037932
197.21643070055126,26.166017858463384,12.039459882267979,-0.521817575923046,-2.2994961860376817,-102.94595925404487
197.2275168275965,26.16841862197666,12.037602014141157,-0.5211575261443682,-2.3000996705215524,-103.00905400137029
197.23860347765245,26.170818247769514,12.035744498469858,-0.5204973419946758,-2.300703270139383,-103.07212775235556
197.24969065054265,26.17321673571247,12.033887335254077,-0.5198370234996954,-2.301306984967562,-103.13518050700054
197.26077834609043,26.17561408567602,12.03203052449382,-0.5191765706851524,-2.3019108150824814,-103.19821226530547
197.27186656411916,26.178010297530754,12.03017406618908,-0.5185159835767823,-2.3025147605605345,-103.26122302727025
197.28295530445195,26.180405371147245,12.028317960339857,-0.5178552622003212,-2.30311882147811,-103.32421279289483
197.2940445669117,26.18279930639614,12.02646220694616,-0.5171944065815116,-2.3037229979115956,-103.3871815621793
197.3051343513215,26.18519210314811,12.024606806007979,-0.5165334167461029,-2.304327289937384,-103.45012933512348
197.31622465750414,26.187583761273874,12.022751757525318,-0.515872292719846,-2.3049316976318606,-103.5130561117276
197.32731548528218,26.18997428064416,12.020897061498179,-0.5152110345284958,-2.3055362210714145,-103.5759618919915
197.33840683447835,26.192363661129793,12.019042717926556,-0.5145496421978184,-2.3061408603324334,-103.63884667591526
197.34949870491502,26.194751902601585,12.017188726810458,-0.5138881157535772,-2.306745615491301,-103.70171046349884
197.36059109641457,26.197139004930396,12.015335088149877,-0.5132264552215438,-2.3073504866244066,-103.7645532547423
197.37168400879926,26.19952496798716,12.013481801944813,-0.5125646606274957,-2.3079554738081316,-103.82737504964557
197.3827774418912,26.201909791642784,12.011628868195276,-0.5119027319972127,-2.3085605771188615,-103.89017584820864
197.39387139551235,26.204293475768274,12.009776286901253,-0.5112406693564802,-2.309165796632981,-103.9529556504316
197.40496586948476,26.20667602023465,12.007924058062757,-0.5105784727310893,-2.3097711324268717,-104.01571445631437
197.41606086363007,26.20905742491298,12.006072181679773,-0.5099161421468353,-2.3103765845769155,-104.078452265857
197.4271563777699,26.21143768967434,12.004220657752315,-0.5092536776295166,-2.310982153159494,-104.14116907905945
197.43825241172604,26.213816814389897,12.002369486280372,-0.5085910792049397,-2.311587838250987,-104.20386489592173
197.44934896531967,26.216194798930808,12.00051866726395,-0.5079283468989122,-2.312193639927775,-104.26653971644383
197.4604460383723,26.218571643168303,11.998668200703051,-0.5072654807372499,-2.312799558266236,-104.32919354062577
197.47154363070513,26.22094734697363,11.99681808659767,-0.5066024807457714,-2.3134055933427473,-104.39182636846759
197.48264174213912,26.22332191021808,11.994968324947807,-0.5059393469502984,-2.314011745233688,-104.45443819996918
197.49374037249544,26.225695332773,11.993118915753463,-0.5052760793766621,-2.314618014015433,-104.51702903513066
197.50483952159487,26.228067614509754,11.991269859014643,-0.5046126780506939,-2.315224399764356,-104.57959887395198
197.51593918925812,26.23043875529974,11.98942115473134,-0.5039491429982306,-2.3158309025568333,-104.64214771643312
197.52703937530597,26.232808755014435,11.987572802903559,-0.5032854742451174,-2.316437522469237,-104.70467556257408
197.5381400795589,26.235177613525316,11.985724803531301,-0.5026216718172001,-2.3170442595779406,-104.7671824123749
197.54924130183724,26.2375453307039,11.983877156614557,-0.5019577357403298,-2.3176511139593168,-104.82966826583552
197.56034304196143,26.239911906421767,11.982029862153336,-0.5012936660403655,-2.318258085689733,-104.892133122956
197.57144529975162,26.24227734055053,11.980182920147632,-0.5006294627431668,-2.3188651748455613,-104.95457698373632
197.5825480750278,26.24464163296181,11.978336330597454,-0.4999651258745995,-2.319472381503169,-105.01699984817645
197.5936513676101,26.24700478352733,11.97649009350279,-0.4993006554605367,-2.320079705738923,-105.07940171627645
197.60475517731828,26.249366792118785,11.974644208863648,-0.4986360515268521,-2.320687147629192,-105.1417825880363
197.61585950397205,26.251727658607948,11.972798676680023,-0.49797131409942536,-2.321294707250342,-105.20414246345595
197.6269643473911,26.25408738286663,11.97095349695192,-0.49730644320414424,-2.321902384678734,-105.26648134253543
197.63806970739495,26.256445964766662,11.969108669679338,-0.4966414388668957,-2.322510179990733,-105.32879922527478
197.6491755838029,26.258803404179908,11.967264194862276,-0.49597630111357416,-2.3231180932627016,-105.39109611167393
197.66028197643436,26.261159700978347,11.96542007250073,-0.49531102997008136,-2.3237261245710004,-105.45337200173297
197.6713888851084,26.263514855033876,11.96357630259471,-0.49464562546231783,-2.3243342739919903,-105.51562689545177
197.6824963096442,26.265868866218536,11.961732885144208,-0.4939800876161943,-2.324942541602031,-105.57786079283048
197.6936042498606,26.268221734404356,11.959889820149225,-0.49331441645762386,-2.325550927477478,-105.64007369386896
197.70471270557644,26.270573459463403,11.958047107609763,-0.4926486120125215,-2.326159431694689,-105.70226559856732
197.71582167661052,26.272924041267817,11.95620474752582,-0.491982674306813,-2.3267680543300187,-105.76443650692548
197.7269311627814,26.275273479689744,11.954362739897398,-0.491316603366424,-2.327376795459823,-105.82658641894353
197.7380411639075,26.27762177460138,11.952521084724497,-0.49065039921728504,-2.327985655160454,-105.8887153346214
197.74915167980734,26.27996892587498,11.95067978200711,-0.4899840618853356,-2.328594633508262,-105.9508232539591
197.76026271029912,26.28231493338279,11.948838831745247,-0.4893175913965151,-2.3292037305796005,-106.0129101769566
197.77137425520093,26.28465979699715,11.946998233938903,-0.4886509877767683,-2.3298129464508177,-106.074976103614
197.7824863143309,26.28700351659041,11.945157988588083,-0.4879842510520477,-2.33042228119826,-106.13702103393113
197.793598887507,26.28934609203498,11.943318095692778,-0.4873173812483075,-2.331031734898276,-106.19904496790824
197.80471197454685,26.29168752320327,11.941478555252994,-0.4866503783915066,-2.3316413076272102,-106.26104790554507
197.81582557526835,26.29402780996778,11.93963936726873,-0.4859832425076113,-2.332250999461408,-106.3230298468418
197.82693968948897,26.296366952201005,11.937800531739986,-0.4853159736225888,-2.3328608104772104,-106.38499079179833
197.83805431702623,26.298704949775534,11.935962048666761,-0.4846485717624147,-2.33347074075096,-106.44693074041473
197.84916945769754,26.301041802563933,11.93412391804906,-0.48398103695306605,-2.334080790358997,-106.50884969269094
197.86028511132002,26.303377510438832,11.932286139886877,-0.4833133692205256,-2.3346909593776592,-106.57074764862696
197.87140127771096,26.30571207327294,11.930448714180212,-0.4826455685907821,-2.3353012478832857,-106.63262460822283
197.8825179566873,26.30804549093896,11.928611640929065,-0.4819776350898276,-2.335911655952211,-106.69448057147856
197.89363514806587,26.31037776330962,11.926774920133443,-0.48130956874365705,-2.3365221836607692,-106.75631553839418
197.90475285166363,26.312708890257753,11.924938551793339,-0.4806413695782746,-2.3371328310852943,-106.8181295089695
197.91587106729716,26.315038871656178,11.923102535908754,-0.4799730376196852,-2.3377435983021173,-106.87992248320475
197.92698979478303,26.31736770737777,11.921266872479686,-0.47930457289389894,-2.33835448538757,-106.94169446109986
197.93810903393774,26.319695397295447,11.919431561506142,-0.4786359754269326,-2.3389654924179797,-107.00344544265477
197.94922878457766,26.32202194128218,11.917596602988123,-0.47796724524480505,-2.339576619469672,-107.0651754278695
197.96034904651887,26.324347339210927,11.915761996925616,-0.47729838237354044,-2.3401878666189755,-107.12688441674408
197.9714698195777,26.326671590954774,11.913927743318627,-0.4766293868391703,-2.3407992339422146,-107.18857240927852
197.98259110357,26.32899469638676,11.912093842167167,-0.4759602586677264,-2.3414107215157083,-107.25023940547273
197.99371289831166,26.331316655380014,11.910260293471218,-0.47529099788524654,-2.342022329415781,-107.31188540532679
198.0048352036186,26.333637467807705,11.908427097230797,-0.47462160451777513,-2.342634057718749,-107.37351040884074
198.0159580193064,26.33595713354302,11.906594253445892,-0.4739520785913597,-2.343245906500935,-107.43511441601451
198.0270813451905,26.33827565245919,11.904761762116506,-0.4732824201320512,-2.3438578758386512,-107.49669742684809
198.03820518108657,26.340593024429513,11.902929623242642,-0.47261262916590824,-2.3444699658082135,-107.55825944134153
198.04932952680974,26.342909249327285,11.901097836824297,-0.4719427057189892,-2.3450821764859344,-107.6198004594948
198.06045438217535,26.34522432702589,11.899266402861473,-0.4712726498173636,-2.3456945079481266,-107.68132048130792
198.07157974699845,26.34753825739872,11.897435321354164,-0.47060246148710017,-2.3463069602710993,-107.74281950678083
