galstreams/tracks/track.st.M92.thomas2020.ecsv
# %ECSV 1.0
# ---
# datatype:
# - {name: ra, unit: deg, datatype: float64}
# - {name: dec, unit: deg, datatype: float64}
# - {name: distance, unit: kpc, datatype: float64}
# - {name: pm_ra_cosdec, unit: mas / yr, datatype: float64}
# - {name: pm_dec, unit: mas / yr, datatype: float64}
# - {name: radial_velocity, unit: km / s, datatype: float64}
# delimiter: ','
# meta: !!omap
# - __serialized_columns__:
#     dec:
#       __class__: astropy.coordinates.angles.Latitude
#       unit: &id001 !astropy.units.Unit {unit: deg}
#       value: !astropy.table.SerializedColumn {name: dec}
#     distance:
#       __class__: astropy.coordinates.distances.Distance
#       unit: !astropy.units.Unit {unit: kpc}
#       value: !astropy.table.SerializedColumn {name: distance}
#     pm_dec:
#       __class__: astropy.units.quantity.Quantity
#       unit: !astropy.units.Unit {unit: mas / yr}
#       value: !astropy.table.SerializedColumn {name: pm_dec}
#     pm_ra_cosdec:
#       __class__: astropy.units.quantity.Quantity
#       unit: !astropy.units.Unit {unit: mas / yr}
#       value: !astropy.table.SerializedColumn {name: pm_ra_cosdec}
#     ra:
#       __class__: astropy.coordinates.angles.Longitude
#       unit: *id001
#       value: !astropy.table.SerializedColumn {name: ra}
#       wrap_angle: !astropy.coordinates.Angle
#         unit: *id001
#         value: 360.0
#     radial_velocity:
#       __class__: astropy.units.quantity.Quantity
#       unit: !astropy.units.Unit {unit: km / s}
#       value: !astropy.table.SerializedColumn {name: radial_velocity}
# schema: astropy-2.0
ra,dec,distance,pm_ra_cosdec,pm_dec,radial_velocity
[from data line 245]
253.54326202469514,41.56875950521118,8.300000000000002,0.0,0.0,0.0
253.55694778327043,41.57563853629243,8.3,0.0,0.0,0.0
253.57063575993578,41.58249905688202,8.3,0.0,0.0,0.0
253.58432594433842,41.58934108260442,8.3,0.0,0.0,0.0
253.59801832613093,41.596164629070245,8.3,0.0,0.0,0.0
253.61171289497048,41.60296971187621,8.3,0.0,0.0,0.0
253.62540964051922,41.609756346605145,8.3,0.0,0.0,0.0
253.6391085524446,41.61652454882603,8.3,0.0,0.0,0.0
253.65280962041876,41.623274334094,8.300000000000002,0.0,0.0,0.0
253.66651283411883,41.63000571795032,8.300000000000002,0.0,0.0,0.0
253.6802181832273,41.63671871592245,8.3,0.0,0.0,0.0
253.69392565743135,41.64341334352403,8.3,0.0,0.0,0.0
253.70763524642345,41.6500896162549,8.299999999999999,0.0,0.0,0.0
253.72134693990117,41.656747549601086,8.3,0.0,0.0,0.0
253.7350607275671,41.66338715903488,8.3,0.0,0.0,0.0
253.74877659912892,41.67000846001476,8.3,0.0,0.0,0.0
253.76249454429976,41.67661146798546,8.3,0.0,0.0,0.0
253.77621455279763,41.683196198378,8.300000000000002,0.0,0.0,0.0
253.78993661434586,41.6897626666096,8.3,0.0,0.0,0.0
253.80366071867292,41.69631088808384,8.3,0.0,0.0,0.0
253.81738685551267,41.70284087819056,8.3,0.0,0.0,0.0
253.83111501460402,41.70935265230588,8.300000000000002,0.0,0.0,0.0
253.84484518569124,41.71584622579226,8.300000000000002,0.0,0.0,0.0
253.85857735852406,41.722321613998496,8.3,0.0,0.0,0.0
253.87231152285733,41.7287788322597,8.3,0.0,0.0,0.0
253.8860476684511,41.73521789589735,8.3,0.0,0.0,0.0
253.89978578507126,41.741638820219286,8.300000000000002,0.0,0.0,0.0
253.91352586248857,41.748041620519714,8.300000000000002,0.0,0.0,0.0
253.92726789047933,41.75442631207925,8.300000000000002,0.0,0.0,0.0
253.94101185882542,41.76079291016488,8.3,0.0,0.0,0.0
253.95475775731398,41.76714143003004,8.300000000000002,0.0,0.0,0.0
253.96850557573768,41.773471886914535,8.3,0.0,0.0,0.0
253.98225530389453,41.77978429604466,8.3,0.0,0.0,0.0
253.99600693158825,41.78607867263312,8.299999999999999,0.0,0.0,0.0
254.00976044862787,41.7923550318791,8.3,0.0,0.0,0.0
254.0235158448279,41.79861338896824,8.300000000000002,0.0,0.0,0.0
254.03727311000873,41.80485375907267,8.3,0.0,0.0,0.0
254.05103223399593,41.811076157351025,8.300000000000002,0.0,0.0,0.0
254.06479320662086,41.817280598948415,8.3,0.0,0.0,0.0
254.07855601772047,41.82346709899651,8.3,0.0,0.0,0.0
254.09232065713735,41.82963567261347,8.3,0.0,0.0,0.0
254.10608711471946,41.83578633490403,8.300000000000002,0.0,0.0,0.0
254.11985538032084,41.84191910095944,8.3,0.0,0.0,0.0
254.13362544380098,41.84803398585756,8.3,0.0,0.0,0.0
254.14739729502503,41.854131004662804,8.3,0.0,0.0,0.0
254.16117092386386,41.86021017242617,8.3,0.0,0.0,0.0
254.17494632019427,41.86627150418527,8.3,0.0,0.0,0.0
254.18872347389862,41.87231501496431,8.3,0.0,0.0,0.0
254.202502374865,41.87834071977414,8.3,0.0,0.0,0.0
254.2162830129875,41.88434863361224,8.299999999999999,0.0,0.0,0.0
254.2300653781659,41.89033877146273,8.300000000000002,0.0,0.0,0.0
254.24384946030568,41.89631114829641,8.300000000000002,0.0,0.0,0.0
254.25763524931853,41.90226577907072,8.300000000000002,0.0,0.0,0.0
254.27142273512158,41.90820267872981,8.3,0.0,0.0,0.0
254.28521190763803,41.9141218622045,8.299999999999999,0.0,0.0,0.0
254.29900275679708,41.92002334441236,8.3,0.0,0.0,0.0
254.31279527253378,41.92590714025762,8.3,0.0,0.0,0.0
254.32658944478894,41.93177326463128,8.3,0.0,0.0,0.0
254.34038526350963,41.93762173241109,8.3,0.0,0.0,0.0
254.35418271864873,41.94345255846152,8.3,0.0,0.0,0.0
254.3679818001651,41.94926575763381,8.300000000000002,0.0,0.0,0.0
254.38178249802354,41.955061344766015,8.3,0.0,0.0,0.0
254.39558480219517,41.96083933468292,8.299999999999999,0.0,0.0,0.0
254.4093887026569,41.96659974219616,8.300000000000002,0.0,0.0,0.0
254.42319418939172,41.972342582104176,8.300000000000002,0.0,0.0,0.0
254.4370012523888,41.978067869192195,8.3,0.0,0.0,0.0
254.45080988164347,41.98377561823231,8.3,0.0,0.0,0.0
254.4646200671569,41.989465843983474,8.300000000000002,0.0,0.0,0.0
254.47843179893673,41.99513856119146,8.3,0.0,0.0,0.0
254.49224506699662,42.00079378458893,8.3,0.0,0.0,0.0
254.5060598613563,42.00643152889545,8.3,0.0,0.0,0.0
254.51987617204188,42.012051808817446,8.3,0.0,0.0,0.0
254.5336939890856,42.017654639048274,8.299999999999999,0.0,0.0,0.0
254.5475133025259,42.02324003426816,8.300000000000002,0.0,0.0,0.0
254.56133410240741,42.02880800914434,8.300000000000002,0.0,0.0,0.0
254.57515637878123,42.03435857833093,8.3,0.0,0.0,0.0
254.5889801217046,42.039891756469004,8.3,0.0,0.0,0.0
254.60280532124096,42.04540755818662,8.3,0.0,0.0,0.0
254.61663196746034,42.050905998098784,8.300000000000002,0.0,0.0,0.0
254.6304600504389,42.056387090807505,8.300000000000002,0.0,0.0,0.0
254.64428956025915,42.0618508509018,8.300000000000002,0.0,0.0,0.0
254.65812048701014,42.06729729295769,8.300000000000002,0.0,0.0,0.0
254.67195282078714,42.07272643153818,8.3,0.0,0.0,0.0
254.68578655169176,42.078138281193375,8.3,0.0,0.0,0.0
254.6996216698324,42.08353285646038,8.3,0.0,0.0,0.0
254.71345816532346,42.08891017186336,8.300000000000002,0.0,0.0,0.0
254.7272960282861,42.094270241913534,8.3,0.0,0.0,0.0
254.7411352488478,42.09961308110926,8.3,0.0,0.0,0.0
254.7549758171426,42.10493870393592,8.3,0.0,0.0,0.0
254.76881772331112,42.110247124866035,8.3,0.0,0.0,0.0
254.7826609575002,42.115538358359224,8.300000000000002,0.0,0.0,0.0
254.79650550986375,42.12081241886224,8.3,0.0,0.0,0.0
254.81035137056176,42.12606932080897,8.300000000000002,0.0,0.0,0.0
254.82419852976096,42.13130907862045,8.3,0.0,0.0,0.0
254.8380469776348,42.13653170670487,8.299999999999999,0.0,0.0,0.0
254.85189670436324,42.14173721945761,8.300000000000002,0.0,0.0,0.0
254.86574770013277,42.146925631261205,8.3,0.0,0.0,0.0
254.8795999551368,42.152096956485416,8.3,0.0,0.0,0.0
254.8934534595751,42.15725120948717,8.299999999999999,0.0,0.0,0.0
254.90730820365422,42.16238840461067,8.300000000000002,0.0,0.0,0.0
254.92116417758766,42.16750855618728,8.299999999999999,0.0,0.0,0.0
254.9350213715953,42.17261167853565,8.300000000000002,0.0,0.0,0.0
254.9488797759039,42.17769778596168,8.299999999999999,0.0,0.0,0.0
254.96273938074688,42.18276689275851,8.300000000000002,0.0,0.0,0.0
254.97660017636457,42.187819013206564,8.3,0.0,0.0,0.0
254.99046215300402,42.19285416157357,8.3,0.0,0.0,0.0
255.004325300919,42.197872352114544,8.3,0.0,0.0,0.0
255.01818961037029,42.20287359907178,8.3,0.0,0.0,0.0
255.03205507162525,42.207857916674946,8.299999999999999,0.0,0.0,0.0
255.0459216749582,42.21282531914102,8.3,0.0,0.0,0.0
255.05978941065055,42.2177758206743,8.299999999999999,0.0,0.0,0.0
255.07365826899021,42.222709435466456,8.3,0.0,0.0,0.0
255.08752824027218,42.22762617769657,8.3,0.0,0.0,0.0
255.1013993147985,42.232526061531,8.3,0.0,0.0,0.0
255.1152714828779,42.23740910112359,8.3,0.0,0.0,0.0
255.12914473482618,42.24227531061555,8.300000000000002,0.0,0.0,0.0
255.143019060966,42.24712470413548,8.3,0.0,0.0,0.0
255.15689445162727,42.25195729579943,8.3,0.0,0.0,0.0
255.17077089714664,42.25677309971089,8.3,0.0,0.0,0.0
255.18464838786778,42.26157212996077,8.300000000000002,0.0,0.0,0.0
255.1985269141416,42.266354400627456,8.300000000000002,0.0,0.0,0.0
255.21240646632594,42.2711199257768,8.300000000000002,0.0,0.0,0.0
255.22628703478546,42.275868719462125,8.300000000000002,0.0,0.0,0.0
255.24016860989238,42.28060079572427,8.3,0.0,0.0,0.0
255.25405118202565,42.28531616859156,8.3,0.0,0.0,0.0
255.26793474157128,42.290014852079814,8.3,0.0,0.0,0.0
255.28181927892288,42.294696860192424,8.3,0.0,0.0,0.0
255.29570478448068,42.29936220692029,8.300000000000002,0.0,0.0,0.0
255.30959124865234,42.30401090624185,8.3,0.0,0.0,0.0
255.32347866185253,42.30864297212313,8.3,0.0,0.0,0.0
255.33736701450331,42.31325841851773,8.3,0.0,0.0,0.0
255.35125629703387,42.31785725936677,8.300000000000002,0.0,0.0,0.0
255.36514649988044,42.32243950859905,8.3,0.0,0.0,0.0
255.3790376134868,42.32700518013091,8.3,0.0,0.0,0.0
255.39292962830376,42.33155428786636,8.3,0.0,0.0,0.0
255.40682253478946,42.336086845697,8.3,0.0,0.0,0.0
255.42071632340935,42.340602867502064,8.3,0.0,0.0,0.0
255.43461098463618,42.34510236714847,8.3,0.0,0.0,0.0
255.44850650894986,42.34958535849077,8.3,0.0,0.0,0.0
255.4624028868379,42.3540518553712,8.3,0.0,0.0,0.0
255.476300108795,42.358501871619694,8.3,0.0,0.0,0.0
255.4901981653231,42.362935421053855,8.3,0.0,0.0,0.0
255.50409704693183,42.367352517479006,8.300000000000002,0.0,0.0,0.0
255.51799674413795,42.37175317468817,8.3,0.0,0.0,0.0
255.5318972474657,42.376137406462156,8.3,0.0,0.0,0.0
255.54579854744674,42.38050522656945,8.3,0.0,0.0,0.0
255.55970063462027,42.3848566487663,8.3,0.0,0.0,0.0
255.5736034995328,42.38919168679676,8.3,0.0,0.0,0.0
255.5875071327382,42.39351035439262,8.3,0.0,0.0,0.0
255.60141152479827,42.39781266527346,8.3,0.0,0.0,0.0
255.6153166662819,42.40209863314667,8.300000000000002,0.0,0.0,0.0
255.62922254776547,42.40636827170746,8.3,0.0,0.0,0.0
255.64312915983322,42.41062159463879,8.3,0.0,0.0,0.0
255.65703649307667,42.41485861561156,8.299999999999999,0.0,0.0,0.0
255.6709445380949,42.41907934828442,8.3,0.0,0.0,0.0
255.68485328549474,42.42328380630391,8.3,0.0,0.0,0.0
255.69876272589042,42.42747200330445,8.3,0.0,0.0,0.0
255.7126728499039,42.43164395290829,8.3,0.0,0.0,0.0
255.7265836481646,42.43579966872562,8.299999999999999,0.0,0.0,0.0
255.74049511130977,42.43993916435449,8.299999999999999,0.0,0.0,0.0
255.7544072299842,42.44406245338088,8.3,0.0,0.0,0.0
255.76831999484023,42.44816954937867,8.3,0.0,0.0,0.0
255.78223339653815,42.452260465909696,8.3,0.0,0.0,0.0
255.79614742574572,42.45633521652371,8.3,0.0,0.0,0.0
255.8100620731383,42.46039381475845,8.300000000000002,0.0,0.0,0.0
255.8239773293994,42.464436274139594,8.3,0.0,0.0,0.0
255.83789318521983,42.4684626081808,8.300000000000002,0.0,0.0,0.0
255.85180963129824,42.47247283038373,8.3,0.0,0.0,0.0
255.8657266583413,42.47646695423802,8.300000000000002,0.0,0.0,0.0
255.8796442570631,42.480444993221326,8.300000000000002,0.0,0.0,0.0
255.89356241818575,42.484406960799355,8.3,0.0,0.0,0.0
255.90748113243902,42.488352870425786,8.3,0.0,0.0,0.0
255.92140039056062,42.492282735542396,8.299999999999999,0.0,0.0,0.0
255.9353201832961,42.49619656957899,8.3,0.0,0.0,0.0
255.94924050139858,42.500094385953446,8.3,0.0,0.0,0.0
255.96316133562945,42.50397619807171,8.3,0.0,0.0,0.0
255.97708267675773,42.50784201932783,8.300000000000002,0.0,0.0,0.0
255.99100451556023,42.51169186310394,8.3,0.0,0.0,0.0
256.004926842822,42.515525742770286,8.300000000000002,0.0,0.0,0.0
256.0188496493357,42.51934367168528,8.3,0.0,0.0,0.0
256.032772925902,42.523145663195365,8.3,0.0,0.0,0.0
256.04669666332956,42.52693173063522,8.3,0.0,0.0,0.0
256.060620852435,42.53070188732765,8.3,0.0,0.0,0.0
256.0745454840428,42.53445614658362,8.300000000000002,0.0,0.0,0.0
256.0884705489855,42.53819452170227,8.300000000000002,0.0,0.0,0.0
256.10239603810373,42.54191702597094,8.300000000000002,0.0,0.0,0.0
256.116321942246,42.545623672665165,8.300000000000002,0.0,0.0,0.0
256.13024825226864,42.549314475048675,8.299999999999999,0.0,0.0,0.0
256.1441749590366,42.55298944637345,8.3,0.0,0.0,0.0
256.15810205342234,42.55664859987967,8.300000000000002,0.0,0.0,0.0
256.1720295263065,42.56029194879581,8.3,0.0,0.0,0.0
256.18595736857816,42.56391950633851,8.299999999999999,0.0,0.0,0.0
256.1998855711339,42.56753128571278,8.3,0.0,0.0,0.0
256.21381412487875,42.57112730011183,8.300000000000002,0.0,0.0,0.0
256.227743020726,42.5747075627172,8.300000000000002,0.0,0.0,0.0
256.24167224959666,42.57827208669871,8.300000000000002,0.0,0.0,0.0
256.2556018024201,42.58182088521448,8.299999999999999,0.0,0.0,0.0
256.269531670134,42.585353971410996,8.3,0.0,0.0,0.0
256.2834618436839,42.58887135842302,8.3,0.0,0.0,0.0
256.29739231402374,42.59237305937369,8.3,0.0,0.0,0.0
256.3113230721155,42.5958590873745,8.3,0.0,0.0,0.0
256.3252541089296,42.59932945552528,8.3,0.0,0.0,0.0
256.3391854154444,42.60278417691427,8.3,0.0,0.0,0.0
256.3531169826465,42.60622326461808,8.3,0.0,0.0,0.0
256.3670488015312,42.60964673170173,8.3,0.0,0.0,0.0
256.38098086310146,42.61305459121864,8.300000000000002,0.0,0.0,0.0
256.3949131583688,42.616446856210636,8.3,0.0,0.0,0.0
256.40884567835315,42.619823539708015,8.3,0.0,0.0,0.0
256.4227784140824,42.62318465472948,8.3,0.0,0.0,0.0
256.4367113565929,42.6265302142822,8.3,0.0,0.0,0.0
256.45064449692956,42.6298602313618,8.299999999999999,0.0,0.0,0.0
256.4645778261452,42.63317471895242,8.300000000000002,0.0,0.0,0.0
256.47851133530133,42.63647369002663,8.300000000000002,0.0,0.0,0.0
256.49244501546764,42.639757157545525,8.300000000000002,0.0,0.0,0.0
256.50637885772215,42.64302513445872,8.300000000000002,0.0,0.0,0.0
256.52031285315144,42.64627763370432,8.300000000000002,0.0,0.0,0.0
256.5342469928503,42.649514668209,8.300000000000002,0.0,0.0,0.0
256.548181267922,42.65273625088793,8.3,0.0,0.0,0.0
256.56211566947843,42.65594239464488,8.3,0.0,0.0,0.0
256.57605018863944,42.659133112372146,8.3,0.0,0.0,0.0
256.5899848165338,42.6623084169506,8.300000000000002,0.0,0.0,0.0
256.6039195442985,42.66546832124974,8.3,0.0,0.0,0.0
256.61785436307895,42.66861283812762,8.300000000000002,0.0,0.0,0.0
256.6317892640292,42.67174198043093,8.3,0.0,0.0,0.0
256.6457242383117,42.674855760994916,8.300000000000002,0.0,0.0,0.0
256.65965927709726,42.67795419264355,8.300000000000002,0.0,0.0,0.0
256.6735943715656,42.681037288189366,8.299999999999999,0.0,0.0,0.0
256.68752951290463,42.68410506043359,8.3,0.0,0.0,0.0
256.7014646923109,42.687157522166096,8.3,0.0,0.0,0.0
256.71539990098927,42.69019468616544,8.3,0.0,0.0,0.0
256.72933513015363,42.69321656519883,8.3,0.0,0.0,0.0
256.7432703710262,42.69622317202222,8.3,0.0,0.0,0.0
256.7572056148376,42.69921451938024,8.3,0.0,0.0,0.0
256.7711408528274,42.70219062000624,8.300000000000002,0.0,0.0,0.0
256.78507607624357,42.705151486622285,8.300000000000002,0.0,0.0,0.0
256.7990112763426,42.70809713193922,8.300000000000002,0.0,0.0,0.0
256.8129464443898,42.711027568656604,8.300000000000002,0.0,0.0,0.0
256.8268815716591,42.71394280946276,8.300000000000002,0.0,0.0,0.0
256.840816649433,42.716842867034785,8.3,0.0,0.0,0.0
256.8547516690027,42.71972775403859,8.3,0.0,0.0,0.0
256.8686866216682,42.7225974831288,8.3,0.0,0.0,0.0
256.8826214987378,42.725452066948954,8.3,0.0,0.0,0.0
256.89655629152884,42.72829151813132,8.300000000000002,0.0,0.0,0.0
256.9104909913674,42.73111584929702,8.3,0.0,0.0,0.0
256.9244255895881,42.73392507305603,8.299999999999999,0.0,0.0,0.0
256.93836007753424,42.73671920200715,8.300000000000002,0.0,0.0,0.0
256.9522944465581,42.73949824873805,8.3,0.0,0.0,0.0
256.96622868802046,42.742262225825264,8.3,0.0,0.0,0.0
256.9801627932911,42.74501114583423,8.300000000000002,0.0,0.0,0.0
256.9940967537483,42.74774502131924,8.3,0.0,0.0,0.0
257.0080305607794,42.75046386482351,8.3,0.0,0.0,0.0
257.0219642057803,42.75316768887917,8.3,0.0,0.0,0.0
257.03589768015587,42.75585650600727,8.300000000000002,0.0,0.0,0.0
257.0498309753198,42.758530328717804,8.3,0.0,0.0,0.0
257.06376408269443,42.7611891695097,8.3,0.0,0.0,0.0
257.07769699371096,42.76383304087085,8.3,0.0,0.0,0.0
257.0916296998097,42.76646195527812,8.3,0.0,0.0,0.0
257.10556219243955,42.76907592519733,8.3,0.0,0.0,0.0
257.11949446305823,42.77167496308332,8.300000000000002,0.0,0.0,0.0
257.13342650313274,42.774259081379924,8.3,0.0,0.0,0.0
257.14735830413855,42.77682829251998,8.299999999999999,0.0,0.0,0.0
257.1612898575601,42.77938260892534,8.3,0.0,0.0,0.0
257.1752211548909,42.781922043006894,8.3,0.0,0.0,0.0
257.18915218763334,42.78444660716461,8.300000000000002,0.0,0.0,0.0
257.20308294729847,42.786956313787485,8.300000000000002,0.0,0.0,0.0
257.21701342540683,42.78945117525354,8.300000000000002,0.0,0.0,0.0
257.2309436134873,42.79193120392994,8.3,0.0,0.0,0.0
257.24487350307794,42.79439641217291,8.3,0.0,0.0,0.0
257.25880308572613,42.796846812327765,8.3,0.0,0.0,0.0
257.27273235298765,42.79928241672895,8.3,0.0,0.0,0.0
257.2866612964277,42.80170323770001,8.3,0.0,0.0,0.0
257.3005899076202,42.80410928755362,8.300000000000002,0.0,0.0,0.0
257.31451817814826,42.80650057859163,8.300000000000002,0.0,0.0,0.0
257.32844609960404,42.808877123105006,8.3,0.0,0.0,0.0
257.3423736635884,42.8112389333739,8.3,0.0,0.0,0.0
