galstreams/tracks/track.st.M92.thomas2020.ecsv
# %ECSV 0.9
# ---
# datatype:
# - {name: ra, unit: deg, datatype: float64}
# - {name: dec, unit: deg, datatype: float64}
# - {name: distance, unit: kpc, datatype: float64}
# - {name: pm_ra_cosdec, unit: mas / yr, datatype: float64}
# - {name: pm_dec, unit: mas / yr, datatype: float64}
# - {name: radial_velocity, unit: km / s, datatype: float64}
# delimiter: ','
# meta: !!omap
# - __serialized_columns__:
#     dec:
#       __class__: astropy.coordinates.angles.Latitude
#       unit: &id001 !astropy.units.Unit {unit: deg}
#       value: !astropy.table.SerializedColumn {name: dec}
#     distance:
#       __class__: astropy.coordinates.distances.Distance
#       unit: !astropy.units.Unit {unit: kpc}
#       value: !astropy.table.SerializedColumn {name: distance}
#     pm_dec:
#       __class__: astropy.units.quantity.Quantity
#       unit: !astropy.units.Unit {unit: mas / yr}
#       value: !astropy.table.SerializedColumn {name: pm_dec}
#     pm_ra_cosdec:
#       __class__: astropy.units.quantity.Quantity
#       unit: !astropy.units.Unit {unit: mas / yr}
#       value: !astropy.table.SerializedColumn {name: pm_ra_cosdec}
#     ra:
#       __class__: astropy.coordinates.angles.Longitude
#       unit: *id001
#       value: !astropy.table.SerializedColumn {name: ra}
#       wrap_angle: !astropy.coordinates.Angle
#         unit: *id001
#         value: 360.0
#     radial_velocity:
#       __class__: astropy.units.quantity.Quantity
#       unit: !astropy.units.Unit {unit: km / s}
#       value: !astropy.table.SerializedColumn {name: radial_velocity}
# schema: astropy-2.0
ra,dec,distance,pm_ra_cosdec,pm_dec,radial_velocity
[from data line 975]
263.5400514708221,42.5303452643003,8.300000000000002,0.0,0.0,0.0
263.5530920097416,42.52710497793303,8.300000000000002,0.0,0.0,0.0
263.56612937377207,42.52385461604551,8.300000000000002,0.0,0.0,0.0
263.57916355904206,42.52059418708199,8.3,0.0,0.0,0.0
263.59219456168984,42.51732369948082,8.3,0.0,0.0,0.0
263.6052223778631,42.514043161674564,8.300000000000002,0.0,0.0,0.0
263.6182470037191,42.510752582089935,8.300000000000002,0.0,0.0,0.0
263.6312684354248,42.50745196914785,8.300000000000002,0.0,0.0,0.0
263.64428666915654,42.50414133126343,8.300000000000002,0.0,0.0,0.0
263.6573017011004,42.50082067684599,8.299999999999999,0.0,0.0,0.0
263.6703135274517,42.49749001429906,8.3,0.0,0.0,0.0
263.6833221444157,42.49414935202045,8.300000000000002,0.0,0.0,0.0
263.6963275482068,42.49079869840216,8.3,0.0,0.0,0.0
263.7093297350492,42.487438061830474,8.3,0.0,0.0,0.0
263.7223287011765,42.48406745068594,8.3,0.0,0.0,0.0
263.73532444283177,42.48068687334338,8.3,0.0,0.0,0.0
263.7483169562677,42.47729633817191,8.3,0.0,0.0,0.0
263.76130623774645,42.473895853534955,8.300000000000002,0.0,0.0,0.0
263.77429228353975,42.47048542779022,8.300000000000002,0.0,0.0,0.0
263.78727508992864,42.46706506928978,8.3,0.0,0.0,0.0
263.80025465320387,42.46363478638,8.300000000000002,0.0,0.0,0.0
263.8132309696654,42.46019458740163,8.300000000000002,0.0,0.0,0.0
263.8262040356231,42.45674448068974,8.300000000000002,0.0,0.0,0.0
263.83917384739584,42.45328447457379,8.300000000000002,0.0,0.0,0.0
263.8521404013122,42.44981457737762,8.3,0.0,0.0,0.0
263.8651036937104,42.44633479741946,8.300000000000002,0.0,0.0,0.0
263.87806372093775,42.442845143011944,8.300000000000002,0.0,0.0,0.0
263.89102047935114,42.43934562246209,8.3,0.0,0.0,0.0
263.90397396531716,42.43583624407139,8.3,0.0,0.0,0.0
263.9169241752115,42.43231701613573,8.300000000000002,0.0,0.0,0.0
263.92987110541947,42.428787946945455,8.300000000000004,0.0,0.0,0.0
263.9428147523358,42.42524904478541,8.300000000000002,0.0,0.0,0.0
263.95575511236456,42.421700317934835,8.300000000000004,0.0,0.0,0.0
263.9686921819195,42.4181417746675,8.3,0.0,0.0,0.0
263.98162595742343,42.41457342325166,8.3,0.0,0.0,0.0
263.9945564353088,42.410995271950064,8.3,0.0,0.0,0.0
264.00748361201744,42.40740732901999,8.300000000000004,0.0,0.0,0.0
264.02040748400054,42.40380960271324,8.3,0.0,0.0,0.0
264.0333280477187,42.400202101276115,8.300000000000002,0.0,0.0,0.0
264.04624529964207,42.396584832949536,8.3,0.0,0.0,0.0
264.0591592362498,42.39295780596891,8.300000000000002,0.0,0.0,0.0
264.07206985403076,42.38932102856428,8.300000000000002,0.0,0.0,0.0
264.08497714948317,42.38567450896024,8.300000000000002,0.0,0.0,0.0
264.09788111911445,42.382018255375954,8.3,0.0,0.0,0.0
264.1107817594416,42.37835227602523,8.300000000000002,0.0,0.0,0.0
264.12367906699075,42.374676579116496,8.3,0.0,0.0,0.0
264.13657303829757,42.37099117285277,8.300000000000002,0.0,0.0,0.0
264.149463669907,42.36729606543174,8.3,0.0,0.0,0.0
264.16235095837334,42.36359126504572,8.299999999999999,0.0,0.0,0.0
264.1752349002602,42.35987677988173,8.3,0.0,0.0,0.0
264.18811549214064,42.35615261812141,8.299999999999999,0.0,0.0,0.0
264.20099273059685,42.35241878794112,8.3,0.0,0.0,0.0
264.21386661222044,42.34867529751189,8.3,0.0,0.0,0.0
264.22673713361246,42.34492215499949,8.3,0.0,0.0,0.0
264.2396042913831,42.34115936856437,8.300000000000002,0.0,0.0,0.0
264.25246808215195,42.337386946361754,8.300000000000002,0.0,0.0,0.0
264.26532850254785,42.33360489654155,8.300000000000002,0.0,0.0,0.0
264.2781855492089,42.32981322724847,8.300000000000002,0.0,0.0,0.0
264.29103921878266,42.32601194662197,8.3,0.0,0.0,0.0
264.30388950792576,42.32220106279628,8.3,0.0,0.0,0.0
264.3167364133042,42.31838058390042,8.300000000000002,0.0,0.0,0.0
264.3295799315934,42.314550518058205,8.3,0.0,0.0,0.0
264.3424200594777,42.31071087338825,8.300000000000002,0.0,0.0,0.0
264.35525679365117,42.30686165800401,8.300000000000002,0.0,0.0,0.0
264.3680901308166,42.303002880013764,8.300000000000002,0.0,0.0,0.0
264.3809200676865,42.299134547520616,8.300000000000002,0.0,0.0,0.0
264.3937466009824,42.295256668622564,8.300000000000002,0.0,0.0,0.0
264.40656972743506,42.29136925141244,8.3,0.0,0.0,0.0
264.41938944378455,42.28747230397795,8.300000000000002,0.0,0.0,0.0
264.43220574678014,42.28356583440172,8.300000000000002,0.0,0.0,0.0
264.4450186331803,42.27964985076124,8.3,0.0,0.0,0.0
264.45782809975276,42.27572436112893,8.300000000000002,0.0,0.0,0.0
264.4706341432745,42.27178937357213,8.3,0.0,0.0,0.0
264.48343676053145,42.267844896153136,8.300000000000002,0.0,0.0,0.0
264.4962359483192,42.263890936929144,8.3,0.0,0.0,0.0
264.5090317034421,42.25992750395235,8.3,0.0,0.0,0.0
264.52182402271393,42.255954605269864,8.3,0.0,0.0,0.0
264.5346129029575,42.25197224892385,8.3,0.0,0.0,0.0
264.547398341005,42.24798044295141,8.3,0.0,0.0,0.0
264.56018033369764,42.243979195384654,8.300000000000004,0.0,0.0,0.0
264.57295887788575,42.23996851425073,8.300000000000002,0.0,0.0,0.0
264.58573397042903,42.23594840757179,8.3,0.0,0.0,0.0
264.59850560819615,42.23191888336502,8.3,0.0,0.0,0.0
264.6112737880649,42.22787994964268,8.300000000000002,0.0,0.0,0.0
264.6240385069225,42.223831614412035,8.300000000000004,0.0,0.0,0.0
264.6367997616649,42.2197738856755,8.3,0.0,0.0,0.0
264.64955754919754,42.215706771430526,8.299999999999999,0.0,0.0,0.0
264.6623118664347,42.21163027966962,8.300000000000002,0.0,0.0,0.0
264.6750627103001,42.20754441838047,8.300000000000002,0.0,0.0,0.0
264.6878100777263,42.20344919554585,8.300000000000002,0.0,0.0,0.0
264.70055396565493,42.199344619143645,8.3,0.0,0.0,0.0
264.7132943710371,42.19523069714689,8.3,0.0,0.0,0.0
264.72603129083257,42.19110743752377,8.300000000000002,0.0,0.0,0.0
264.73876472201044,42.18697484823765,8.300000000000002,0.0,0.0,0.0
264.75149466154886,42.18283293724704,8.3,0.0,0.0,0.0
264.7642211064351,42.17868171250566,8.300000000000002,0.0,0.0,0.0
264.7769440536655,42.174521181962405,8.3,0.0,0.0,0.0
264.7896635002452,42.17035135356137,8.3,0.0,0.0,0.0
264.8023794431888,42.166172235241945,8.300000000000002,0.0,0.0,0.0
264.81509187951974,42.16198383493864,8.300000000000002,0.0,0.0,0.0
264.82780080627055,42.15778616058127,8.300000000000002,0.0,0.0,0.0
264.8405062204827,42.15357922009491,8.300000000000004,0.0,0.0,0.0
264.85320811920695,42.149363021399864,8.300000000000004,0.0,0.0,0.0
264.8659064995029,42.14513757241176,8.300000000000004,0.0,0.0,0.0
264.8786013584392,42.14090288104146,8.300000000000002,0.0,0.0,0.0
264.89129269309353,42.13665895519515,8.300000000000004,0.0,0.0,0.0
264.9039805005526,42.132405802774365,8.300000000000004,0.0,0.0,0.0
264.9166647779121,42.12814343167589,8.300000000000004,0.0,0.0,0.0
264.9293455222769,42.12387184979189,8.300000000000004,0.0,0.0,0.0
264.94202273076047,42.11959106500987,8.300000000000002,0.0,0.0,0.0
264.9546964004858,42.11530108521267,8.300000000000002,0.0,0.0,0.0
264.9673665285843,42.11100191827856,8.300000000000004,0.0,0.0,0.0
264.9800331121968,42.10669357208109,8.300000000000004,0.0,0.0,0.0
264.99269614847293,42.102376054489284,8.300000000000002,0.0,0.0,0.0
265.00535563457134,42.098049373367544,8.300000000000002,0.0,0.0,0.0
265.01801156765947,42.09371353657566,8.300000000000002,0.0,0.0,0.0
265.030663944914,42.0893685519689,8.300000000000002,0.0,0.0,0.0
265.0433127635203,42.08501442739793,8.300000000000004,0.0,0.0,0.0
265.0559580206729,42.08065117070887,8.300000000000004,0.0,0.0,0.0
265.06859971357505,42.0762787897433,8.300000000000002,0.0,0.0,0.0
265.08123783943904,42.071897292338285,8.300000000000002,0.0,0.0,0.0
265.09387239548624,42.067506686326354,8.300000000000002,0.0,0.0,0.0
265.10650337894657,42.063106979535554,8.3,0.0,0.0,0.0
265.11913078705925,42.05869817978941,8.300000000000002,0.0,0.0,0.0
265.1317546170722,42.054280294906995,8.300000000000002,0.0,0.0,0.0
265.14437486624223,42.04985333270289,8.300000000000004,0.0,0.0,0.0
265.1569915318351,42.045417300987204,8.300000000000004,0.0,0.0,0.0
265.16960461112546,42.040972207565645,8.300000000000006,0.0,0.0,0.0
265.1822141013969,42.03651806023943,8.300000000000004,0.0,0.0,0.0
265.1948199999417,42.032054866805396,8.300000000000002,0.0,0.0,0.0
265.2074223040613,42.027582635055936,8.300000000000002,0.0,0.0,0.0
265.2200210110657,42.02310137277904,8.300000000000004,0.0,0.0,0.0
265.23261611827394,42.01861108775835,8.300000000000002,0.0,0.0,0.0
265.24520762301387,42.014111787773075,8.300000000000002,0.0,0.0,0.0
265.2577955226222,42.009603480598095,8.300000000000004,0.0,0.0,0.0
265.2703798144444,42.005086174003914,8.300000000000004,0.0,0.0,0.0
265.28296049583497,42.0005598757567,8.300000000000004,0.0,0.0,0.0
265.29553756415703,41.99602459361827,8.300000000000002,0.0,0.0,0.0
265.3081110167826,41.99148033534617,8.300000000000002,0.0,0.0,0.0
265.32068085109256,41.98692710869357,8.300000000000002,0.0,0.0,0.0
265.33324706447655,41.98236492140938,8.300000000000004,0.0,0.0,0.0
265.3458096543329,41.977793781238226,8.300000000000002,0.0,0.0,0.0
265.35836861806916,41.97321369592044,8.300000000000002,0.0,0.0,0.0
265.37092395310106,41.968624673192124,8.300000000000002,0.0,0.0,0.0
265.38347565685353,41.964026720785085,8.3,0.0,0.0,0.0
265.39602372676023,41.9594198464269,8.300000000000002,0.0,0.0,0.0
265.4085681602636,41.95480405784095,8.300000000000004,0.0,0.0,0.0
265.4211089548146,41.95017936274636,8.300000000000004,0.0,0.0,0.0
265.43364610787324,41.945545768858075,8.300000000000004,0.0,0.0,0.0
265.4461796169083,41.940903283886826,8.300000000000004,0.0,0.0,0.0
265.45870947939693,41.93625191553919,8.300000000000002,0.0,0.0,0.0
265.4712356928256,41.931591671517516,8.300000000000002,0.0,0.0,0.0
265.4837582546889,41.92692255952007,8.300000000000004,0.0,0.0,0.0
265.4962771624907,41.92224458724092,8.300000000000002,0.0,0.0,0.0
265.50879241374315,41.91755776236999,8.300000000000002,0.0,0.0,0.0
265.52130400596747,41.912862092593144,8.300000000000004,0.0,0.0,0.0
265.5338119366934,41.908157585592036,8.300000000000002,0.0,0.0,0.0
265.54631620345936,41.90344424904429,8.300000000000006,0.0,0.0,0.0
265.5588168038125,41.89872209062343,8.300000000000002,0.0,0.0,0.0
265.5713137353088,41.89399111799889,8.300000000000002,0.0,0.0,0.0
265.5838069955128,41.88925133883602,8.300000000000002,0.0,0.0,0.0
265.5962965819977,41.88450276079614,8.300000000000004,0.0,0.0,0.0
265.6087824923454,41.87974539153654,8.300000000000004,0.0,0.0,0.0
265.6212647241466,41.87497923871044,8.300000000000004,0.0,0.0,0.0
265.6337432750004,41.87020430996704,8.300000000000004,0.0,0.0,0.0
265.64621814251484,41.86542061295159,8.300000000000004,0.0,0.0,0.0
265.65868932430635,41.860628155305264,8.300000000000004,0.0,0.0,0.0
265.6711568180002,41.8558269446653,8.300000000000004,0.0,0.0,0.0
265.68362062123015,41.851016988664945,8.300000000000004,0.0,0.0,0.0
265.69608073163874,41.846198294933515,8.300000000000004,0.0,0.0,0.0
265.70853714687706,41.84137087109631,8.300000000000002,0.0,0.0,0.0
265.72098986460475,41.83653472477475,8.300000000000002,0.0,0.0,0.0
265.73343888249013,41.831689863586305,8.300000000000002,0.0,0.0,0.0
265.74588419821026,41.82683629514453,8.300000000000002,0.0,0.0,0.0
265.75832580945047,41.821974027059056,8.300000000000002,0.0,0.0,0.0
265.770763713905,41.817103066935665,8.300000000000004,0.0,0.0,0.0
265.78319790927657,41.81222342237622,8.300000000000002,0.0,0.0,0.0
265.7956283932764,41.80733510097875,8.300000000000002,0.0,0.0,0.0
265.8080551636243,41.80243811033738,8.300000000000002,0.0,0.0,0.0
265.82047821804883,41.79753245804241,8.3,0.0,0.0,0.0
265.83289755428694,41.79261815168033,8.300000000000004,0.0,0.0,0.0
265.8453131700841,41.787695198833774,8.300000000000004,0.0,0.0,0.0
265.8577250631945,41.78276360708158,8.300000000000004,0.0,0.0,0.0
265.8701332313808,41.77782338399877,8.300000000000002,0.0,0.0,0.0
265.88253767241406,41.77287453715661,8.300000000000004,0.0,0.0,0.0
265.8949383840741,41.76791707412256,8.300000000000002,0.0,0.0,0.0
265.90733536414905,41.76295100246032,8.300000000000004,0.0,0.0,0.0
265.91972861043575,41.757976329729836,8.300000000000004,0.0,0.0,0.0
265.93211812073946,41.752993063487345,8.300000000000004,0.0,0.0,0.0
265.9445038928739,41.748001211285306,8.300000000000004,0.0,0.0,0.0
265.95688592466144,41.74300078067249,8.300000000000002,0.0,0.0,0.0
265.96926421393266,41.73799177919396,8.300000000000004,0.0,0.0,0.0
265.9816387585269,41.73297421439107,8.300000000000002,0.0,0.0,0.0
265.994009556292,41.72794809380148,8.300000000000004,0.0,0.0,0.0
266.00637660508403,41.72291342495922,8.300000000000004,0.0,0.0,0.0
266.0187399027677,41.71787021539463,8.300000000000004,0.0,0.0,0.0
266.0310994472161,41.7128184726344,8.300000000000002,0.0,0.0,0.0
266.04345523631093,41.70775820420161,8.3,0.0,0.0,0.0
266.05580726794216,41.70268941761569,8.300000000000004,0.0,0.0,0.0
266.06815554000826,41.69761212039245,8.300000000000004,0.0,0.0,0.0
266.08050005041616,41.69252632004413,8.300000000000004,0.0,0.0,0.0
266.09284079708124,41.687432024079364,8.300000000000002,0.0,0.0,0.0
266.1051777779272,41.68232924000318,8.300000000000004,0.0,0.0,0.0
266.11751099088633,41.67721797531709,8.300000000000002,0.0,0.0,0.0
266.1298404338992,41.67209823751902,8.300000000000004,0.0,0.0,0.0
266.14216610491474,41.66697003410337,8.300000000000004,0.0,0.0,0.0
266.15448800189046,41.661833372561,8.300000000000002,0.0,0.0,0.0
266.166806122792,41.65668826037921,8.300000000000002,0.0,0.0,0.0
266.1791204655938,41.651534705041875,8.300000000000004,0.0,0.0,0.0
266.19143102827826,41.646372714029326,8.300000000000004,0.0,0.0,0.0
266.2037378088363,41.64120229481839,8.300000000000004,0.0,0.0,0.0
266.21604080526726,41.63602345488246,8.300000000000002,0.0,0.0,0.0
266.2283400155789,41.63083620169146,8.300000000000002,0.0,0.0,0.0
266.2406354377871,41.625640542711835,8.300000000000002,0.0,0.0,0.0
266.2529270699163,41.62043648540663,8.300000000000004,0.0,0.0,0.0
266.26521490999914,41.61522403723545,8.300000000000002,0.0,0.0,0.0
266.27749895607684,41.61000320565446,8.300000000000002,0.0,0.0,0.0
266.2897792061986,41.60477399811648,8.300000000000004,0.0,0.0,0.0
266.3020556584222,41.59953642207087,8.300000000000002,0.0,0.0,0.0
266.31432831081366,41.59429048496367,8.300000000000002,0.0,0.0,0.0
266.32659716144735,41.58903619423753,8.300000000000004,0.0,0.0,0.0
266.3388622084057,41.58377355733174,8.300000000000004,0.0,0.0,0.0
266.3511234497799,41.57850258168223,8.300000000000004,0.0,0.0,0.0
266.36338088366904,41.573223274721634,8.300000000000002,0.0,0.0,0.0
266.37563450818067,41.567935643879245,8.300000000000004,0.0,0.0,0.0
266.38788432143053,41.562639696581044,8.300000000000004,0.0,0.0,0.0
266.40013032154263,41.55733544024973,8.300000000000002,0.0,0.0,0.0
266.41237250664955,41.552022882304705,8.300000000000002,0.0,0.0,0.0
266.4246108748915,41.5467020301621,8.300000000000002,0.0,0.0,0.0
266.43684542441764,41.541372891234786,8.300000000000002,0.0,0.0,0.0
266.4490761533849,41.53603547293237,8.300000000000004,0.0,0.0,0.0
266.4613030599586,41.53068978266125,8.300000000000004,0.0,0.0,0.0
266.4735261423124,41.52533582782456,8.300000000000002,0.0,0.0,0.0
266.485745398628,41.51997361582225,8.300000000000002,0.0,0.0,0.0
266.4979608270955,41.514603154051066,8.300000000000004,0.0,0.0,0.0
266.510172425913,41.509224449904536,8.300000000000004,0.0,0.0,0.0
266.5223801932871,41.50383751077304,8.300000000000004,0.0,0.0,0.0
266.5345841274323,41.49844234404376,8.3,0.0,0.0,0.0
266.54678422657156,41.493038957100744,8.300000000000004,0.0,0.0,0.0
266.5589804889359,41.48762735732489,8.300000000000002,0.0,0.0,0.0
266.5711729127643,41.48220755209397,8.300000000000004,0.0,0.0,0.0
266.5833614963045,41.4767795487826,8.300000000000004,0.0,0.0,0.0
266.5955462378119,41.47134335476235,8.300000000000002,0.0,0.0,0.0
266.6077271355502,41.46589897740163,8.300000000000002,0.0,0.0,0.0
266.61990418779135,41.46044642406581,8.300000000000004,0.0,0.0,0.0
266.63207739281535,41.454985702117156,8.300000000000004,0.0,0.0,0.0
266.6442467489104,41.44951681891488,8.300000000000004,0.0,0.0,0.0
266.65641225437287,41.44403978181517,8.300000000000002,0.0,0.0,0.0
266.6685739075072,41.43855459817112,8.300000000000004,0.0,0.0,0.0
