galstreams/tracks/track.st.Phlegethon.ibata2021.ecsv
# %ECSV 1.0
# ---
# datatype:
# - {name: ra, unit: deg, datatype: float64}
# - {name: dec, unit: deg, datatype: float64}
# - {name: distance, unit: kpc, datatype: float64}
# - {name: pm_ra_cosdec, unit: mas / yr, datatype: float64}
# - {name: pm_dec, unit: mas / yr, datatype: float64}
# - {name: radial_velocity, unit: km / s, datatype: float64}
# delimiter: ','
# meta: !!omap
# - __serialized_columns__:
#     dec:
#       __class__: astropy.coordinates.angles.Latitude
#       unit: &id001 !astropy.units.Unit {unit: deg}
#       value: !astropy.table.SerializedColumn {name: dec}
#     distance:
#       __class__: astropy.coordinates.distances.Distance
#       unit: !astropy.units.Unit {unit: kpc}
#       value: !astropy.table.SerializedColumn {name: distance}
#     pm_dec:
#       __class__: astropy.units.quantity.Quantity
#       unit: !astropy.units.Unit {unit: mas / yr}
#       value: !astropy.table.SerializedColumn {name: pm_dec}
#     pm_ra_cosdec:
#       __class__: astropy.units.quantity.Quantity
#       unit: !astropy.units.Unit {unit: mas / yr}
#       value: !astropy.table.SerializedColumn {name: pm_ra_cosdec}
#     ra:
#       __class__: astropy.coordinates.angles.Longitude
#       unit: *id001
#       value: !astropy.table.SerializedColumn {name: ra}
#       wrap_angle: !astropy.coordinates.Angle
#         unit: *id001
#         value: 360.0
#     radial_velocity:
#       __class__: astropy.units.quantity.Quantity
#       unit: !astropy.units.Unit {unit: km / s}
#       value: !astropy.table.SerializedColumn {name: radial_velocity}
# schema: astropy-2.0
ra,dec,distance,pm_ra_cosdec,pm_dec,radial_velocity
[from data line 3937]
323.9030645226391,-9.530446703943873,3.2914485840771133,-0.821193640251555,-33.90889403946348,-163.11685284744567
323.9039514679795,-9.52036127968195,3.2915728250217877,-0.8199383539131881,-33.90494901306085,-163.2157089822069
323.90483808813286,-9.510275822902999,3.29169721993852,-0.8186832404584772,-33.90100229032863,-163.3145897184079
323.9057243833272,-9.500190333628444,3.291821768877711,-0.8174282999806728,-33.89705387171685,-163.41349507132043
323.9066103537903,-9.490104811879698,3.2919464718897657,-0.816173532573127,-33.89310375767548,-163.5124250562168
323.90749599975,-9.480019257678181,3.292071329025089,-0.814918938329269,-33.88915194865447,-163.61137968836883
323.90838132143386,-9.469933671045288,3.2921963403340824,-0.8136645173426817,-33.885198445103754,-163.71035898304874
323.90926631906956,-9.459848052002423,3.2923215058671516,-0.812410269707013,-33.88124324747323,-163.80936295552846
323.91015099288455,-9.449762400570972,3.292446825674699,-0.8111561955160322,-33.877286356212835,-163.90839162108017
323.9110353431062,-9.439676716772325,3.2925722998071283,-0.8099022948636341,-33.87332777177241,-164.00744499497586
323.91191936996205,-9.429591000627864,3.292697928314845,-0.8086485678437825,-33.86936749460181,-164.10652309248744
323.9128030736792,-9.419505252158958,3.292823711248253,-0.8073950145506004,-33.865405525150905,-164.2056259288873
323.9136864544848,-9.409419471386979,3.2929496486577525,-0.8061416350782729,-33.861441863869516,-164.30475351944693
323.9145695126061,-9.399333658333282,3.2930757405937516,-0.8048884295211032,-33.85747651120744,-164.40390587943892
323.9154522482699,-9.389247813019235,3.293201987106652,-0.8036353979735269,-33.85350946761445,-164.5030830241352
323.91633466170333,-9.379161935466177,3.293328388246857,-0.8023825405300515,-33.849540733540344,-164.60228496880762
323.9172167531331,-9.369076025695453,3.293454944064772,-0.8011298572853205,-33.84557030943485,-164.70151172872835
323.91809852278607,-9.358990083728408,3.293581654610799,-0.7998773483340598,-33.84159819574771,-164.80076331916945
323.91897997088887,-9.34890410958636,3.2937085199353446,-0.7986250137711215,-33.83762439292862,-164.90003975540301
323.91986109766805,-9.338818103290654,3.293835540088809,-0.7973728536914706,-33.833648901427324,-164.99934105270083
323.92074190335023,-9.328732064862594,3.293962715121599,-0.7961208681901422,-33.82967172169344,-165.09866722633524
323.9216223881618,-9.318645994323495,3.294090045084116,-0.7948690573623409,-33.82569285417665,-165.1980182915783
323.9225025523291,-9.308559891694669,3.2942175300267653,-0.7936174213033036,-33.82171229932662,-165.29739426370193
323.9233823960784,-9.298473756997426,3.2943451699999504,-0.792365960108425,-33.81773005759294,-165.39679515797806
323.92426191963597,-9.288387590253063,3.294472965054075,-0.7911146738732011,-33.81374612942524,-165.4962209896789
323.9251411232279,-9.278301391482842,3.2946009152395437,-0.7898635626932231,-33.8097605152731,-165.59567177407652
323.92602000708007,-9.268215160708078,3.2947290206067588,-0.7886126266642064,-33.805773215586065,-165.69514752644295
323.92689857141863,-9.258128897950026,3.294857281206125,-0.787361865881933,-33.80178423081371,-165.79464826205023
323.92777681646925,-9.24804260322999,3.2949856970880465,-0.7861112804423591,-33.79779356140557,-165.89417399617028
323.92865474245787,-9.237956276569205,3.2951142683029255,-0.784860870441487,-33.79380120781116,-165.99372474407528
323.92953234961016,-9.227869917988938,3.2952429949011672,-0.7836106359754424,-33.78980717047996,-166.09330052103735
323.9304096381517,-9.217783527510457,3.2953718769331757,-0.7823605771404853,-33.785811449861455,-166.19290134232844
323.931286608308,-9.207697105154999,3.2955009144493523,-0.7811106940329484,-33.78181404640513,-166.29252722322062
323.9321632603046,-9.197610650943819,3.2956301075001044,-0.7798609867493074,-33.777814960560384,-166.3921781789858
323.9330395943669,-9.18752416489814,3.295759456135833,-0.7786114553860779,-33.77381419277668,-166.49185422489631
323.93391561072013,-9.177437647039199,3.295888960406943,-0.7773621000399693,-33.76981174350341,-166.591555376224
323.93479130958946,-9.167351097388226,3.2960186203638386,-0.7761129208077415,-33.76580761318996,-166.69128164824085
323.93566669120014,-9.157264515966437,3.296148436056923,-0.7748639177862771,-33.76180180228571,-166.791033056219
323.93654175577717,-9.147177902795045,3.2962784075365996,-0.7736150910725579,-33.75779431124001,-166.89080961543058
323.93741650354553,-9.13709125789526,3.296408534853274,-0.7723664407636912,-33.75378514050219,-166.9906113411476
323.9382909347301,-9.12700458128828,3.296538818057347,-0.7711179669568686,-33.74977429052158,-167.09043824864207
323.9391650495557,-9.116917872995302,3.296669257199225,-0.7698696697494167,-33.74576176174747,-167.19029035318616
323.9400388482471,-9.10683113303753,3.2967998523293103,-0.7686215492387332,-33.74174755462914,-167.2901676700516
323.9409123310289,-9.096744361436132,3.296930603498008,-0.7673736055223523,-33.73773166961583,-167.39007021451076
323.94178549812574,-9.086657558212297,3.29706151075572,-0.7661258386979073,-33.733714107156864,-167.4899980018355
323.94265834976204,-9.07657072338719,3.2971925741528523,-0.7648782488631234,-33.7296948677014,-167.58995104729797
323.94353088616225,-9.066483856981987,3.2973237937398077,-0.7636308361158441,-33.725673951698674,-167.6899293661703
323.94440310755067,-9.056396959017857,3.2974551695669887,-0.762383600554041,-33.72165135959787,-167.7899329737242
323.9452750141516,-9.046310029515938,3.2975867016848017,-0.7611365422757537,-33.717627091848186,-167.88996188523217
323.94614660618925,-9.036223068497389,3.2977183901436486,-0.7598896613791428,-33.713601148898746,-167.99001611596591
323.9470178838876,-9.026136075983354,3.297850234993933,-0.7586429579624969,-33.70957353119872,-168.09009568119768
323.9478888474707,-9.01604905199498,3.297982236286061,-0.7573964321241862,-33.70554423919721,-168.1902005961993
323.94875949716254,-9.005961996553387,3.2981143940704336,-0.7561500839626971,-33.70151327334334,-168.29033087624313
323.9496298331869,-8.995874909679715,3.298246708397456,-0.7549039135766265,-33.69748063408617,-168.39048653660092
323.95049985576765,-8.985787791395072,3.298379179317533,-0.7536579210646508,-33.69344632187478,-168.49066759254498
323.95136956512846,-8.975700641720586,3.298511806881066,-0.7524121065255915,-33.68941033715824,-168.5908740593472
323.9522389614928,-8.965613460677375,3.2986445911384603,-0.7511664700583713,-33.68537268038558,-168.69110595227957
323.95310804508443,-8.955526248286526,3.2987775321401194,-0.7499210117619919,-33.681333352005794,-168.79136328661417
323.95397681612667,-8.945439004569145,3.298910629936447,-0.7486757317355774,-33.6772923524679,-168.8916460776232
323.9548452748429,-8.935351729546333,3.2990438845778467,-0.7474306300783757,-33.673249682220884,-168.99195434057862
323.95571342145655,-8.925264423239177,3.2991772961147223,-0.7461857068897038,-33.669205341713706,-169.0922880907524
323.95658125619065,-8.91517708566875,3.2993108645974787,-0.744940962269026,-33.6651593313953,-169.1926473434167
323.9574487792685,-8.905089716856132,3.299444590076519,-0.7436963963158858,-33.6611116517146,-169.29303211384354
323.9583159909131,-8.895002316822396,3.2995784726022466,-0.742452009129936,-33.657062303120526,-169.39344241730495
323.95918289134744,-8.884914885588616,3.299712512225065,-0.7412078008109519,-33.653011286061975,-169.49387826907304
323.96004948079434,-8.87482742317585,3.2998467089953794,-0.739963771458811,-33.648958600987804,-169.59433968441954
323.9609157594768,-8.864739929605143,3.2999810629635924,-0.738719921173467,-33.644904248346904,-169.694826678617
323.96178172761745,-8.854652404897545,3.300115574180108,-0.7374762500550274,-33.640848228588084,-169.79533926693708
323.96264738543897,-8.844564849074107,3.30025024269533,-0.7362327582036707,-33.636790542160185,-169.89587746465216
323.963512733164,-8.834477262155868,3.300385068559663,-0.7349894457196919,-33.632731189512015,-169.99644128703392
323.964377771015,-8.82438964416386,3.300520051823509,-0.7337463127035191,-33.62867017109237,-170.0970307493546
323.9652424992144,-8.814301995119102,3.300655192537275,-0.7325033592556309,-33.62460748735,-170.19764586688635
323.96610691798463,-8.804214315042618,3.3007904907513614,-0.7312605854766696,-33.62054313873368,-170.29828665490112
323.9669710275479,-8.794126603955435,3.300925946516173,-0.7300179914673404,-33.61647712569216,-170.39895312867083
323.9678348281265,-8.78403886187855,3.301061559882114,-0.7287755773284825,-33.61240944867413,-170.49964530346767
323.96869831994246,-8.773951088832973,3.301197330899588,-0.7275333431610242,-33.6083401081283,-170.60036319456367
323.96956150321785,-8.763863284839704,3.3013332596189993,-0.7262912890660163,-33.60426910450337,-170.70110681723088
323.97042437817464,-8.753775449919738,3.301469346090752,-0.7250494151446025,-33.600196438248005,-170.80187618674142
323.97128694503476,-8.743687584094062,3.301605590365248,-0.7238077214980452,-33.59612210981086,-170.90267131836708
323.97214920401996,-8.733599687383665,3.3017419924928935,-0.7225662082277013,-33.59204611964056,-171.00349222738024
323.973011155352,-8.723511759809515,3.3018785525240903,-0.7213248754350285,-33.58796846818571,-171.1043389290527
323.97387279925255,-8.713423801392588,3.302015270509243,-0.7200837232216077,-33.58388915589494,-171.20521143865662
323.97473413594315,-8.703335812153849,3.3021521464987558,-0.7188427516891398,-33.57980818321681,-171.30610977146404
323.97559516564536,-8.693247792114278,3.302289180543031,-0.7176019609393798,-33.575725550599905,-171.40703394274692
323.9764558885806,-8.6831597412948,3.3024263726924743,-0.7163613510742435,-33.571641258492775,-171.5079839677775
323.9773163049702,-8.673071659716378,3.3025637229974882,-0.7151209221957009,-33.567555307343916,-171.6089598618277
323.97817641503536,-8.66298354739997,3.302701231508478,-0.7138806744058872,-33.56346769760189,-171.70996164016952
323.97903621899735,-8.652895404366491,3.3028388982758456,-0.7126406078070104,-33.559378429715146,-171.81098931807523
323.97989571707734,-8.642807230636912,3.302976723349996,-0.711400722501371,-33.55528750413221,-171.9120429108165
323.9807549094963,-8.632719026232124,3.3031147067813325,-0.7101610185913998,-33.55119492130153,-172.0131224336657
323.98161379647513,-8.62263079117307,3.303252848620259,-0.7089214961796353,-33.54710068167154,-172.11422790189485
323.98247237823483,-8.612542525480663,3.3033911489171794,-0.7076821553687118,-33.54300478569066,-172.2153593307758
323.98333065499617,-8.602454229175818,3.3035296077224983,-0.706442996261349,-33.53890723380734,-172.3165167355808
323.9841886269799,-8.592365902279454,3.303668225086617,-0.7052040189604174,-33.53480802646995,-172.4177001315818
323.98504629440663,-8.582277544812452,3.3038070010599423,-0.7039652235688649,-33.53070716412687,-172.51890953405072
323.9859036574969,-8.572189156795718,3.3039459356928753,-0.70272661018977,-33.52660464722648,-172.62014495825997
323.9867607164714,-8.562100738250141,3.304085029035822,-0.7014881789262644,-33.52250047621709,-172.72140641948138
323.9876174715504,-8.552012289196623,3.3042242811391853,-0.7002499298816396,-33.51839465154705,-172.82269393298688
323.98847392295426,-8.541923809656025,3.3043636920533688,-0.6990118631592663,-33.514287173664684,-172.9240075140487
323.98933007090324,-8.531835299649225,3.304503261828777,-0.6977739788626423,-33.51017804301825,-173.02534717793884
323.99018591561764,-8.521746759197109,3.3046429905158123,-0.6965362770953387,-33.50606726005605,-173.12671293992935
323.9910414573175,-8.51165818832052,3.3047828781648803,-0.6952987579610657,-33.50195482522634,-173.2281048152922
323.9918966962229,-8.501569587040345,3.304922924826383,-0.6940614215636183,-33.49784073897736,-173.32952281929943
323.9927516325538,-8.491480955377412,3.305063130550726,-0.6928242680069046,-33.49372500175733,-173.43096696722336
323.9936062665301,-8.481392293352586,3.305203495388312,-0.6915872973949471,-33.48960761401448,-173.53243727433576
323.99446059837163,-8.471303600986703,3.305344019389545,-0.6903505098318394,-33.485488576196985,-173.63393375590883
323.99531462829805,-8.461214878300607,3.305484702604828,-0.6891139054218396,-33.481367888753034,-173.73545642721444
323.9961683565291,-8.451126125315135,3.3056255450845664,-0.6878774842692721,-33.477245552130775,-173.8370053035248
323.9970217832844,-8.44103734205111,3.305766546879162,-0.6866412464785432,-33.47312156677835,-173.93858040011176
323.99787490878344,-8.430948528529347,3.305907708039021,-0.6854051921542235,-33.4689959331439,-174.04018173224782
323.99872773324563,-8.420859684770681,3.3060490286145456,-0.6841693214009643,-33.46486865167551,-174.1418093152045
323.99958025689034,-8.41077081079592,3.3061905086561403,-0.6829336343235077,-33.460739722821295,-174.243463164254
324.0004324799369,-8.400681906625868,3.3063321482142083,-0.6816981310267147,-33.456609147029326,-174.34514329466856
324.0012844026045,-8.390592972281315,3.3064739473391542,-0.6804628116155493,-33.45247692474765,-174.44684972172013
324.00213602511224,-8.380504007783081,3.3066159060813805,-0.6792276761950911,-33.44834305642432,-174.5485824606807
324.00298734767927,-8.370415013151943,3.306758024491292,-0.6779927248704976,-33.44420754250737,-174.65034152682244
324.0038383705245,-8.360325988408698,3.306900302619292,-0.6767579577470846,-33.440070383444784,-174.75212693541715
324.0046890938669,-8.35023693357412,3.307042740515784,-0.6755233749302141,-33.435931579684585,-174.85393870173718
324.00553951792534,-8.34014784866899,3.3071853382311724,-0.6742889765253723,-33.43179113167473,-174.95577684105427
324.00638964291846,-8.33005873371407,3.3073280958158615,-0.6730547626381815,-33.42764903986317,-175.05764136864082
324.0072394690651,-8.31996958873015,3.3074710133202547,-0.6718207333743376,-33.42350530469786,-175.1595322997685
324.00808899658375,-8.309880413737966,3.307614090794755,-0.6705868888396607,-33.41935992662674,-175.26144964970976
324.008938225693,-8.299791208758286,3.307757328289768,-0.6693532291400421,-33.41521290609771,-175.36339343373635
324.0097871566113,-8.289701973811848,3.3079007258556947,-0.6681197543815278,-33.411064243558656,-175.46536366712039
324.0106357895571,-8.279612708919418,3.3080442835429418,-0.6668864646702302,-33.40691393945745,-175.56736036513394
324.0114841247487,-8.269523414101736,3.3081880014019114,-0.6656533601123851,-33.40276199424197,-175.66938354304907
324.01233216240433,-8.259434089379514,3.308331879483007,-0.6644204408143226,-33.39860840836006,-175.7714332161378
324.0131799027421,-8.2493447347735,3.3084759178366343,-0.6631877068825105,-33.394453182259525,-175.87350939967232
324.0140273459802,-8.23925535030442,3.3086201165131945,-0.6619551584234697,-33.390296316388216,-175.97561210892442
324.01487449233656,-8.22916593599299,3.308764475563094,-0.6607227955438759,-33.38613781119388,-176.07774135916628
324.0157213420292,-8.219076491859939,3.3089089950367345,-0.6594906183504765,-33.38197766712433,-176.17989716566996
324.016567895276,-8.20898701792595,3.309053674984521,-0.6582586269501327,-33.37781588462732,-176.28207954370745
324.01741415229475,-8.198897514211751,3.3091985154568566,-0.6570268214498141,-33.37365246415059,-176.38428850855098
324.01826011330303,-8.188807980738034,3.309343516504146,-0.6557952019566251,-33.369487406141864,-176.48652407547246
324.01910577851874,-8.178718417525504,3.309488678176793,-0.6545637685777104,-33.36532071104885,-176.5887862597438
324.0199511481593,-8.168628824594833,3.3096340005252,-0.6533325214203654,-33.3611523793193,-176.6910750766373
324.02079622244224,-8.15853920196672,3.309779483599772,-0.6521014605919824,-33.35698241140083,-176.79339054142486
324.021641001585,-8.148449549661844,3.309925127450912,-0.6508705862000692,-33.352810807741136,-176.89573266937853
