galstreams/tracks/track.po.PS1-D.bernard2016.ecsv
# %ECSV 0.9
# ---
# datatype:
# - {name: ra, unit: deg, datatype: float64}
# - {name: dec, unit: deg, datatype: float64}
# - {name: distance, unit: kpc, datatype: float64}
# - {name: pm_ra_cosdec, unit: mas / yr, datatype: float64}
# - {name: pm_dec, unit: mas / yr, datatype: float64}
# - {name: radial_velocity, unit: km / s, datatype: float64}
# delimiter: ','
# meta: !!omap
# - __serialized_columns__:
#     dec:
#       __class__: astropy.coordinates.angles.Latitude
#       unit: &id001 !astropy.units.Unit {unit: deg}
#       value: !astropy.table.SerializedColumn {name: dec}
#     distance:
#       __class__: astropy.coordinates.distances.Distance
#       unit: !astropy.units.Unit {unit: kpc}
#       value: !astropy.table.SerializedColumn {name: distance}
#     pm_dec:
#       __class__: astropy.units.quantity.Quantity
#       unit: !astropy.units.Unit {unit: mas / yr}
#       value: !astropy.table.SerializedColumn {name: pm_dec}
#     pm_ra_cosdec:
#       __class__: astropy.units.quantity.Quantity
#       unit: !astropy.units.Unit {unit: mas / yr}
#       value: !astropy.table.SerializedColumn {name: pm_ra_cosdec}
#     ra:
#       __class__: astropy.coordinates.angles.Longitude
#       unit: *id001
#       value: !astropy.table.SerializedColumn {name: ra}
#       wrap_angle: !astropy.coordinates.Angle
#         unit: *id001
#         value: 360.0
#     radial_velocity:
#       __class__: astropy.units.quantity.Quantity
#       unit: !astropy.units.Unit {unit: km / s}
#       value: !astropy.table.SerializedColumn {name: radial_velocity}
# schema: astropy-2.0
ra,dec,distance,pm_ra_cosdec,pm_dec,radial_velocity
[from data line 3293]
140.13355935959558,11.306542799000688,22.900000000000038,0.0,0.0,0.0
140.1340071216274,11.31653538529389,22.900000000000038,0.0,0.0,0.0
140.13445491491558,11.326527970913736,22.900000000000038,0.0,0.0,0.0
140.13490273949054,11.336520555859584,22.900000000000038,0.0,0.0,0.0
140.13535059538287,11.346513140130767,22.900000000000038,0.0,0.0,0.0
140.13579848262313,11.356505723726626,22.900000000000038,0.0,0.0,0.0
140.13624640124178,11.366498306646516,22.900000000000038,0.0,0.0,0.0
140.13669435126943,11.376490888889766,22.90000000000004,0.0,0.0,0.0
140.13714233273657,11.386483470455717,22.90000000000004,0.0,0.0,0.0
140.13759034567386,11.396476051343724,22.900000000000038,0.0,0.0,0.0
140.13803839011177,11.40646863155312,22.900000000000034,0.0,0.0,0.0
140.1384864660809,11.416461211083243,22.900000000000038,0.0,0.0,0.0
140.13893457361192,11.426453789933433,22.900000000000038,0.0,0.0,0.0
140.1393827127353,11.436446368103038,22.900000000000038,0.0,0.0,0.0
140.13983088348175,11.446438945591398,22.900000000000038,0.0,0.0,0.0
140.14027908588184,11.456431522397848,22.900000000000034,0.0,0.0,0.0
140.14072731996617,11.466424098521728,22.900000000000038,0.0,0.0,0.0
140.1411755857654,11.47641667396239,22.900000000000038,0.0,0.0,0.0
140.14162388331016,11.486409248719154,22.900000000000038,0.0,0.0,0.0
140.14207221263106,11.496401822791377,22.90000000000004,0.0,0.0,0.0
140.14252057375882,11.506394396178397,22.900000000000038,0.0,0.0,0.0
140.14296896672403,11.516386968879544,22.900000000000038,0.0,0.0,0.0
140.1434173915574,11.526379540894162,22.90000000000004,0.0,0.0,0.0
140.14386584828958,11.536372112221596,22.90000000000004,0.0,0.0,0.0
140.14431433695128,11.546364682861178,22.900000000000038,0.0,0.0,0.0
140.1447628575732,11.556357252812239,22.900000000000038,0.0,0.0,0.0
140.14521141018602,11.566349822074136,22.900000000000045,0.0,0.0,0.0
140.14565999482045,11.576342390646197,22.900000000000038,0.0,0.0,0.0
140.14610861150726,11.58633495852775,22.900000000000038,0.0,0.0,0.0
140.1465572602771,11.59632752571816,22.90000000000004,0.0,0.0,0.0
140.14700594116073,11.606320092216743,22.90000000000004,0.0,0.0,0.0
140.1474546541889,11.61631265802284,22.90000000000004,0.0,0.0,0.0
140.1479033993924,11.626305223135796,22.900000000000038,0.0,0.0,0.0
140.14835217680192,11.636297787554943,22.900000000000038,0.0,0.0,0.0
140.1488009864483,11.646290351279621,22.900000000000038,0.0,0.0,0.0
140.14924982836226,11.656282914309157,22.900000000000038,0.0,0.0,0.0
140.1496987025746,11.666275476642896,22.900000000000038,0.0,0.0,0.0
140.1501476091161,11.676268038280183,22.90000000000004,0.0,0.0,0.0
140.1505965480176,11.686260599220336,22.900000000000045,0.0,0.0,0.0
140.1510455193099,11.696253159462701,22.900000000000045,0.0,0.0,0.0
140.1514945230238,11.706245719006617,22.900000000000045,0.0,0.0,0.0
140.15194355919013,11.716238277851412,22.900000000000045,0.0,0.0,0.0
140.15239262783973,11.726230835996434,22.900000000000045,0.0,0.0,0.0
140.15284172900346,11.73622339344101,22.900000000000045,0.0,0.0,0.0
140.15329086271214,11.746215950184476,22.90000000000004,0.0,0.0,0.0
140.15374002899665,11.756208506226155,22.900000000000045,0.0,0.0,0.0
140.15418922788788,11.766201061565408,22.90000000000004,0.0,0.0,0.0
140.15463845941665,11.776193616201551,22.90000000000004,0.0,0.0,0.0
140.1550877236139,11.786186170133917,22.900000000000045,0.0,0.0,0.0
140.15553702051048,11.796178723361852,22.90000000000004,0.0,0.0,0.0
140.15598635013734,11.806171275884685,22.90000000000004,0.0,0.0,0.0
140.15643571252534,11.816163827701745,22.900000000000045,0.0,0.0,0.0
140.15688510770548,11.826156378812378,22.900000000000045,0.0,0.0,0.0
140.1573345357086,11.836148929215911,22.900000000000045,0.0,0.0,0.0
140.15778399656566,11.846141478911667,22.90000000000004,0.0,0.0,0.0
140.15823349030765,11.856134027899,22.90000000000004,0.0,0.0,0.0
140.15868301696545,11.86612657617723,22.900000000000045,0.0,0.0,0.0
140.1591325765701,11.876119123745692,22.900000000000038,0.0,0.0,0.0
140.15958216915251,11.886111670603714,22.90000000000004,0.0,0.0,0.0
140.16003179474373,11.896104216750642,22.90000000000004,0.0,0.0,0.0
140.16048145337467,11.906096762185792,22.90000000000004,0.0,0.0,0.0
140.16093114507635,11.916089306908505,22.90000000000004,0.0,0.0,0.0
140.1613808698798,11.926081850918116,22.90000000000004,0.0,0.0,0.0
140.161830627816,11.936074394213954,22.900000000000045,0.0,0.0,0.0
140.162280418916,11.946066936795342,22.900000000000045,0.0,0.0,0.0
140.1627302432108,11.956059478661624,22.900000000000045,0.0,0.0,0.0
140.1631801007315,11.966052019812132,22.90000000000004,0.0,0.0,0.0
140.16362999150908,11.976044560246192,22.900000000000038,0.0,0.0,0.0
140.16407991557463,11.98603709996312,22.90000000000004,0.0,0.0,0.0
140.16452987295918,11.996029638962272,22.90000000000004,0.0,0.0,0.0
140.16497986369387,12.00602217724297,22.900000000000045,0.0,0.0,0.0
140.16542988780975,12.016014714804532,22.900000000000045,0.0,0.0,0.0
140.1658799453379,12.026007251646304,22.900000000000045,0.0,0.0,0.0
140.16633003630943,12.035999787767611,22.90000000000004,0.0,0.0,0.0
140.16678016075545,12.045992323167775,22.900000000000045,0.0,0.0,0.0
140.16723031870708,12.055984857846138,22.900000000000045,0.0,0.0,0.0
140.16768051019542,12.06597739180203,22.90000000000004,0.0,0.0,0.0
140.16813073525162,12.07596992503476,22.900000000000045,0.0,0.0,0.0
140.16858099390683,12.08596245754368,22.900000000000045,0.0,0.0,0.0
140.16903128619222,12.095954989328114,22.90000000000004,0.0,0.0,0.0
140.16948161213892,12.105947520387382,22.90000000000004,0.0,0.0,0.0
140.16993197177814,12.11594005072081,22.900000000000045,0.0,0.0,0.0
140.170382365141,12.125932580327742,22.900000000000038,0.0,0.0,0.0
140.17083279225872,12.135925109207498,22.900000000000045,0.0,0.0,0.0
140.1712832531625,12.145917637359394,22.90000000000004,0.0,0.0,0.0
140.17173374788354,12.155910164782782,22.900000000000045,0.0,0.0,0.0
140.17218427645304,12.165902691476973,22.900000000000045,0.0,0.0,0.0
140.17263483890224,12.175895217441289,22.900000000000045,0.0,0.0,0.0
140.17308543526235,12.185887742675078,22.900000000000045,0.0,0.0,0.0
140.17353606556466,12.19588026717765,22.90000000000005,0.0,0.0,0.0
140.17398672984035,12.205872790948343,22.900000000000045,0.0,0.0,0.0
140.1744374281207,12.215865313986464,22.900000000000045,0.0,0.0,0.0
140.17488816043704,12.225857836291361,22.90000000000005,0.0,0.0,0.0
140.1753389268206,12.235850357862358,22.900000000000045,0.0,0.0,0.0
140.1757897273026,12.24584287869876,22.900000000000045,0.0,0.0,0.0
140.17624056191443,12.25583539879992,22.900000000000045,0.0,0.0,0.0
140.17669143068733,12.265827918165144,22.900000000000045,0.0,0.0,0.0
140.17714233365265,12.275820436793762,22.900000000000045,0.0,0.0,0.0
140.1775932708417,12.285812954685108,22.90000000000005,0.0,0.0,0.0
140.17804424228578,12.295805471838507,22.900000000000045,0.0,0.0,0.0
140.17849524801625,12.305797988253268,22.900000000000045,0.0,0.0,0.0
140.17894628806448,12.315790503928724,22.900000000000045,0.0,0.0,0.0
140.17939736246177,12.325783018864206,22.900000000000045,0.0,0.0,0.0
140.17984847123955,12.335775533059033,22.900000000000045,0.0,0.0,0.0
140.18029961442915,12.345768046512523,22.90000000000004,0.0,0.0,0.0
140.18075079206196,12.355760559224015,22.900000000000045,0.0,0.0,0.0
140.18120200416936,12.365753071192822,22.900000000000045,0.0,0.0,0.0
140.1816532507828,12.375745582418261,22.900000000000045,0.0,0.0,0.0
140.18210453193362,12.385738092899672,22.900000000000045,0.0,0.0,0.0
140.18255584765328,12.39573060263637,22.900000000000045,0.0,0.0,0.0
140.1830071979732,12.405723111627667,22.900000000000045,0.0,0.0,0.0
140.1834585829248,12.415715619872907,22.900000000000045,0.0,0.0,0.0
140.18391000253956,12.4257081273714,22.90000000000004,0.0,0.0,0.0
140.18436145684893,12.435700634122469,22.90000000000005,0.0,0.0,0.0
140.18481294588432,12.445693140125433,22.900000000000045,0.0,0.0,0.0
140.18526446967726,12.455685645379623,22.900000000000045,0.0,0.0,0.0
140.1857160282592,12.465678149884353,22.900000000000052,0.0,0.0,0.0
140.18616762166167,12.47567065363895,22.900000000000045,0.0,0.0,0.0
140.18661924991613,12.485663156642735,22.90000000000004,0.0,0.0,0.0
140.1870709130541,12.495655658895025,22.900000000000045,0.0,0.0,0.0
140.1875226111071,12.505648160395136,22.90000000000004,0.0,0.0,0.0
140.18797434410666,12.5156406611424,22.900000000000045,0.0,0.0,0.0
140.18842611208433,12.525633161136138,22.900000000000045,0.0,0.0,0.0
140.1888779150716,12.535625660375665,22.900000000000045,0.0,0.0,0.0
140.18932975310008,12.545618158860291,22.900000000000045,0.0,0.0,0.0
140.18978162620132,12.555610656589357,22.900000000000045,0.0,0.0,0.0
140.1902335344069,12.565603153562172,22.900000000000045,0.0,0.0,0.0
140.19068547774836,12.57559564977805,22.900000000000045,0.0,0.0,0.0
140.19113745625734,12.585588145236326,22.900000000000045,0.0,0.0,0.0
140.19158946996544,12.595580639936303,22.900000000000045,0.0,0.0,0.0
140.1920415189042,12.605573133877304,22.900000000000045,0.0,0.0,0.0
140.19249360310533,12.615565627058654,22.900000000000045,0.0,0.0,0.0
140.19294572260043,12.62555811947967,22.900000000000045,0.0,0.0,0.0
140.19339787742106,12.635550611139656,22.90000000000005,0.0,0.0,0.0
140.19385006759902,12.645543102037959,22.90000000000005,0.0,0.0,0.0
140.19430229316583,12.655535592173875,22.900000000000052,0.0,0.0,0.0
140.1947545541532,12.665528081546729,22.900000000000052,0.0,0.0,0.0
140.19520685059283,12.675520570155829,22.90000000000005,0.0,0.0,0.0
140.19565918251635,12.685513058000511,22.900000000000045,0.0,0.0,0.0
140.1961115499555,12.695505545080078,22.900000000000052,0.0,0.0,0.0
140.19656395294194,12.705498031393843,22.900000000000045,0.0,0.0,0.0
140.19701639150745,12.715490516941136,22.90000000000005,0.0,0.0,0.0
140.19746886568367,12.725483001721267,22.90000000000005,0.0,0.0,0.0
140.1979213755024,12.735475485733554,22.90000000000005,0.0,0.0,0.0
140.19837392099532,12.745467968977314,22.90000000000005,0.0,0.0,0.0
140.1988265021942,12.755460451451858,22.900000000000052,0.0,0.0,0.0
140.1992791191308,12.765452933156512,22.90000000000005,0.0,0.0,0.0
140.1997317718369,12.775445414090571,22.900000000000052,0.0,0.0,0.0
140.20018446034427,12.785437894253375,22.90000000000005,0.0,0.0,0.0
140.2006371846847,12.795430373644228,22.900000000000052,0.0,0.0,0.0
140.20108994488996,12.805422852262442,22.900000000000052,0.0,0.0,0.0
140.20154274099187,12.815415330107339,22.900000000000045,0.0,0.0,0.0
140.20199557302226,12.825407807178227,22.900000000000052,0.0,0.0,0.0
140.2024484410129,12.835400283474419,22.900000000000045,0.0,0.0,0.0
140.2029013449957,12.845392758995237,22.90000000000005,0.0,0.0,0.0
140.20335428500243,12.855385233739996,22.90000000000005,0.0,0.0,0.0
140.203807261065,12.865377707708001,22.900000000000052,0.0,0.0,0.0
140.20426027321528,12.875370180898562,22.90000000000005,0.0,0.0,0.0
140.20471332148506,12.885362653311008,22.90000000000005,0.0,0.0,0.0
140.20516640590628,12.895355124944645,22.900000000000052,0.0,0.0,0.0
140.20561952651084,12.905347595798775,22.900000000000052,0.0,0.0,0.0
140.2060726833306,12.915340065872732,22.90000000000005,0.0,0.0,0.0
140.20652587639748,12.925332535165813,22.900000000000052,0.0,0.0,0.0
140.20697910574341,12.935325003677333,22.90000000000005,0.0,0.0,0.0
140.2074323714003,12.945317471406604,22.900000000000052,0.0,0.0,0.0
140.20788567340014,12.955309938352945,22.900000000000052,0.0,0.0,0.0
140.2083390117748,12.965302404515656,22.90000000000005,0.0,0.0,0.0
140.20879238655627,12.975294869894057,22.90000000000005,0.0,0.0,0.0
140.20924579777653,12.98528733448746,22.900000000000045,0.0,0.0,0.0
140.20969924546753,12.995279798295172,22.900000000000055,0.0,0.0,0.0
140.21015272966127,13.005272261316499,22.900000000000052,0.0,0.0,0.0
140.21060625038976,13.015264723550764,22.900000000000052,0.0,0.0,0.0
140.211059807685,13.025257184997272,22.900000000000055,0.0,0.0,0.0
140.21151340157897,13.035249645655325,22.900000000000055,0.0,0.0,0.0
140.2119670321037,13.04524210552425,22.900000000000055,0.0,0.0,0.0
140.21242069929127,13.05523456460334,22.900000000000055,0.0,0.0,0.0
140.21287440317369,13.065227022891913,22.90000000000005,0.0,0.0,0.0
140.21332814378297,13.075219480389277,22.900000000000055,0.0,0.0,0.0
140.21378192115125,13.085211937094748,22.900000000000055,0.0,0.0,0.0
140.21423573531055,13.095204393007625,22.900000000000055,0.0,0.0,0.0
140.214689586293,13.105196848127212,22.90000000000006,0.0,0.0,0.0
140.21514347413063,13.115189302452835,22.900000000000055,0.0,0.0,0.0
140.21559739885555,13.125181755983794,22.900000000000055,0.0,0.0,0.0
140.2160513604999,13.135174208719395,22.900000000000055,0.0,0.0,0.0
140.2165053590958,13.145166660658946,22.900000000000052,0.0,0.0,0.0
140.21695939467537,13.15515911180176,22.900000000000055,0.0,0.0,0.0
140.21741346727075,13.16515156214713,22.900000000000055,0.0,0.0,0.0
140.21786757691407,13.175144011694387,22.900000000000055,0.0,0.0,0.0
140.21832172363753,13.18513646044282,22.900000000000055,0.0,0.0,0.0
140.21877590747326,13.195128908391741,22.900000000000052,0.0,0.0,0.0
140.21923012845346,13.20512135554046,22.900000000000055,0.0,0.0,0.0
140.21968438661028,13.215113801888279,22.900000000000055,0.0,0.0,0.0
140.220138681976,13.225106247434507,22.900000000000055,0.0,0.0,0.0
140.22059301458276,13.23509869217844,22.900000000000055,0.0,0.0,0.0
140.22104738446276,13.2450911361194,22.900000000000055,0.0,0.0,0.0
140.2215017916483,13.255083579256686,22.900000000000055,0.0,0.0,0.0
140.2219562361716,13.265076021589602,22.900000000000055,0.0,0.0,0.0
140.22241071806485,13.275068463117455,22.900000000000055,0.0,0.0,0.0
140.22286523736034,13.285060903839547,22.900000000000055,0.0,0.0,0.0
140.22331979409034,13.295053343755184,22.900000000000052,0.0,0.0,0.0
140.22377438828715,13.305045782863674,22.900000000000055,0.0,0.0,0.0
140.224229019983,13.315038221164322,22.900000000000055,0.0,0.0,0.0
140.22468368921025,13.325030658656429,22.900000000000055,0.0,0.0,0.0
140.22513839600117,13.335023095339288,22.900000000000052,0.0,0.0,0.0
140.22559314038807,13.345015531212226,22.90000000000005,0.0,0.0,0.0
140.2260479224033,13.35500796627453,22.900000000000055,0.0,0.0,0.0
140.22650274207916,13.365000400525505,22.900000000000055,0.0,0.0,0.0
140.22695759944804,13.37499283396446,22.900000000000055,0.0,0.0,0.0
140.22741249454228,13.384985266590695,22.900000000000055,0.0,0.0,0.0
140.22786742739422,13.394977698403508,22.900000000000052,0.0,0.0,0.0
140.2283223980363,13.404970129402209,22.900000000000055,0.0,0.0,0.0
140.22877740650085,13.414962559586096,22.900000000000055,0.0,0.0,0.0
140.22923245282024,13.424954988954472,22.900000000000055,0.0,0.0,0.0
140.22968753702693,13.43494741750664,22.900000000000055,0.0,0.0,0.0
140.23014265915333,13.444939845241906,22.900000000000055,0.0,0.0,0.0
140.23059781923186,13.454932272159558,22.900000000000055,0.0,0.0,0.0
140.23105301729495,13.464924698258901,22.900000000000055,0.0,0.0,0.0
140.23150825337504,13.474917123539246,22.900000000000055,0.0,0.0,0.0
140.2319635275046,13.484909547999887,22.90000000000006,0.0,0.0,0.0
140.23241883971608,13.494901971640124,22.900000000000055,0.0,0.0,0.0
140.23287419004194,13.504894394459262,22.900000000000055,0.0,0.0,0.0
140.23332957851474,13.5148868164566,22.900000000000055,0.0,0.0,0.0
140.2337850051669,13.524879237631428,22.900000000000055,0.0,0.0,0.0
140.23424047003098,13.534871657983054,22.900000000000055,0.0,0.0,0.0
140.23469597313942,13.544864077510782,22.900000000000055,0.0,0.0,0.0
140.23515151452483,13.554856496213906,22.900000000000055,0.0,0.0,0.0
140.2356070942197,13.564848914091716,22.900000000000055,0.0,0.0,0.0
140.23606271225657,13.574841331143524,22.900000000000055,0.0,0.0,0.0
140.23651836866804,13.584833747368632,22.900000000000055,0.0,0.0,0.0
140.23697406348666,13.594826162766319,22.900000000000055,0.0,0.0,0.0
140.23742979674498,13.604818577335898,22.900000000000052,0.0,0.0,0.0
140.23788556847558,13.614810991076665,22.90000000000006,0.0,0.0,0.0
140.2383413787111,13.624803403987915,22.900000000000055,0.0,0.0,0.0
