galstreams/tracks/track.st.M92.ibata2021.ecsv
# %ECSV 0.9
# ---
# datatype:
# - {name: ra, unit: deg, datatype: float64}
# - {name: dec, unit: deg, datatype: float64}
# - {name: distance, unit: kpc, datatype: float64}
# - {name: pm_ra_cosdec, unit: mas / yr, datatype: float64}
# - {name: pm_dec, unit: mas / yr, datatype: float64}
# - {name: radial_velocity, unit: km / s, datatype: float64}
# delimiter: ','
# meta: !!omap
# - __serialized_columns__:
#     dec:
#       __class__: astropy.coordinates.angles.Latitude
#       unit: &id001 !astropy.units.Unit {unit: deg}
#       value: !astropy.table.SerializedColumn {name: dec}
#     distance:
#       __class__: astropy.coordinates.distances.Distance
#       unit: !astropy.units.Unit {unit: kpc}
#       value: !astropy.table.SerializedColumn {name: distance}
#     pm_dec:
#       __class__: astropy.units.quantity.Quantity
#       unit: !astropy.units.Unit {unit: mas / yr}
#       value: !astropy.table.SerializedColumn {name: pm_dec}
#     pm_ra_cosdec:
#       __class__: astropy.units.quantity.Quantity
#       unit: !astropy.units.Unit {unit: mas / yr}
#       value: !astropy.table.SerializedColumn {name: pm_ra_cosdec}
#     ra:
#       __class__: astropy.coordinates.angles.Longitude
#       unit: *id001
#       value: !astropy.table.SerializedColumn {name: ra}
#       wrap_angle: !astropy.coordinates.Angle
#         unit: *id001
#         value: 360.0
#     radial_velocity:
#       __class__: astropy.units.quantity.Quantity
#       unit: !astropy.units.Unit {unit: km / s}
#       value: !astropy.table.SerializedColumn {name: radial_velocity}
# schema: astropy-2.0
ra,dec,distance,pm_ra_cosdec,pm_dec,radial_velocity
[from data line 139]
249.5158288839563,43.82070081308395,9.016344020458112,-5.322257967847176,-2.4301668031989654,1.4315304120782974e-13
249.53378177329233,43.824857407343465,9.015719353482288,-5.322748182466869,-2.425855508675375,4.210383564936169e-14
249.55172516259802,43.828994063942105,9.015099874888477,-5.323233387594997,-2.4215501082114814,1.0946997268834039e-13
249.5696590444687,43.833110806085344,9.014485575304848,-5.323713593602016,-2.417250599287601,1.0946997268834039e-13
249.58758341154385,43.83720765697325,9.013876445359568,-5.324188810853755,-2.4129569793703745,3.368306851948935e-14
249.60549825650665,43.84128463980078,9.013272475680804,-5.324659049711376,-2.4086692459128116,1.6841534259744677e-13
249.62340357208453,43.84534177775754,9.01267365689672,-5.32512432053138,-2.4043873963542426,1.0104920555846805e-13
249.64129935104873,43.849379094027796,9.012079979635484,-5.325584633665561,-2.4001114281203693,1.2631150694808508e-13
249.65918558621433,43.853396611790615,9.011491434525265,-5.326039999460994,-2.3958413386232627,7.578690416885104e-14
249.67706227044067,43.857394354219615,9.010908012194221,-5.326490428260015,-2.3915771252613505,6.73661370389787e-14
249.6949293966307,43.861372344483165,9.01032970327053,-5.326935930400195,-2.387318785419455,7.578690416885104e-14
249.71278695773165,43.86533060574422,9.009756498382353,-5.327376516214319,-2.3830663164687684,7.578690416885104e-14
249.73063494673468,43.869269161160304,9.009188388157858,-5.32781219603039,-2.3788197157668773,5.894536990910637e-14
249.74847335667477,43.873188033883665,9.008625363225207,-5.32824298017155,-2.3745789806577866,1.2631150694808508e-13
249.76630218063116,43.87708724706099,9.008067414212572,-5.328668878956129,-2.3703441084718753,-2.5262301389617013e-14
249.78412141172663,43.88096682383367,9.007514531748116,-5.329089902697566,-2.36611509652598,1.0946997268834039e-13
249.80193104312858,43.88482678733751,9.00696670646001,-5.329506061704433,-2.361891942123318,1.1789073981821273e-13
249.8197310680479,43.88866716070299,9.00642392897642,-5.329917366280372,-2.3576746425535635,0.0
249.83752147973956,43.89248796705496,9.005886189925505,-5.330323826724114,-2.3534631950928326,1.6841534259744677e-13
249.85530227150298,43.896289229512846,9.00535347993544,-5.330725453329439,-2.3492575970036538,3.368306851948935e-14
249.87307343668078,43.90007097119059,9.004825789634388,-5.331122256385143,-2.3450578455350612,1.347322740779574e-13
249.89083496866044,43.90383321519647,9.004303109650518,-5.331514246175053,-2.340863937922499,-1.6841534259744676e-14
249.90858686087267,43.907575984633375,9.003785430611993,-5.331901432977966,-2.3366758713879334,1.0946997268834039e-13
249.9263291067928,43.91129930259851,9.003272743146981,-5.332283827067664,-2.3324936431397703,1.0104920555846805e-13
249.94406169993985,43.915003192183484,9.00276503788365,-5.3326614387128695,-2.3283172503729186,1.5999457546757442e-13
249.96178463387693,43.91868767647441,9.002262305450166,-5.3330342781772355,-2.3241466902687886,6.73661370389787e-14
249.9794979022111,43.92235277855166,9.001764536474694,-5.333402355719329,-2.319981959995288,1.515738083377021e-13
249.99720149859345,43.92599852149007,9.001271721585404,-5.333765681592595,-2.3158230567068454,9.262843842859572e-14
250.01489541671913,43.92962492835874,9.000783851410459,-5.3341242660453645,-2.311669977544402,1.515738083377021e-13
250.03257965032722,43.933232022221176,9.000300916578025,-5.334478119320805,-2.307522719635445,9.262843842859572e-14
250.0502541932008,43.93681982613514,8.999822907716274,-5.334827251656916,-2.3033812800939906,4.210383564936169e-14
250.06791903916704,43.94038836315271,8.99934981545337,-5.335171673286514,-2.299245656020604,5.894536990910637e-14
250.0855741820969,43.94393765632026,8.998881630417474,-5.335511394437199,-2.295115844502427,1.4315304120782974e-13
250.10321961590566,43.94746772867841,8.99841834323676,-5.3358464253313445,-2.2909918426131455,1.2631150694808508e-13
250.12085533455223,43.95097860326207,8.99795994453939,-5.336176776186075,-2.2868736474130413,1.1789073981821273e-13
250.1384813320397,43.95447030310034,8.997506424953535,-5.336502457213251,-2.2827612559489765,1.2631150694808508e-13
250.1560976024153,43.95794285121652,8.997057775107356,-5.336823478619447,-2.278654665254405,3.368306851948935e-14
250.17370413976977,43.96139627062821,8.996613985629027,-5.337139850605913,-2.2745538723494043,7.578690416885104e-14
250.1913009382383,43.964830584347055,8.996175047146707,-5.337451583368605,-2.270458874240645,9.262843842859572e-14
250.20888799199975,43.968245815379,8.995740950288567,-5.337758687098111,-2.266369667921445,9.262843842859572e-14
250.22646529527714,43.97164198672407,8.995311685682772,-5.338061171979664,-2.2622862503717416,9.262843842859572e-14
250.24403284233725,43.97501912137646,8.994887243957491,-5.338359048193113,-2.258208618558134,1.2631150694808508e-13
250.26159062749105,43.97837724232448,8.994467615740884,-5.338652325912911,-2.2541367694338605,8.420767129872338e-15
250.2791386450933,43.98171637255049,8.994052791661124,-5.338941015308082,-2.2500706999388367,8.420767129872338e-14
250.29667688954262,43.98503653503105,8.993642762346377,-5.339225126542219,-2.2460104069996563,7.578690416885104e-14
250.31420535528187,43.988337752736705,8.99323751842481,-5.339504669773457,-2.241955887529585,1.6841534259744676e-14
250.3317240367974,43.99162004863216,8.992837050524583,-5.339779655154451,-2.2379071384286124,1.4315304120782974e-13
250.3492329286199,43.99488344567604,8.992441349273872,-5.34005009283237,-2.2338641565834063,1.4315304120782974e-13
250.3667320253239,43.99812796682106,8.992050405300835,-5.340315992948866,-2.229826938867368,2.5262301389617013e-14
250.38422132152743,44.00135363501399,8.991664209233644,-5.34057736564005,-2.225795482140636,1.1789073981821273e-13
250.40170081189308,44.00456047319551,8.991282751700467,-5.3408342210365065,-2.221769783250065,5.894536990910637e-14
250.41917049112666,44.00774850430039,8.990906023329464,-5.3410865692632346,-2.21774983902929,6.73661370389787e-14
250.43663035397844,44.01091775125727,8.990534014748809,-5.341334420439655,-2.2137356462986766,4.210383564936169e-14
250.45408039524207,44.014068236988805,8.99016671658666,-5.341577784679584,-2.2097272018653955,9.262843842859572e-14
250.47152060975543,44.017199984411576,8.989804119471192,-5.341816672091218,-2.205724502523375,1.1789073981821273e-13
250.4889509924002,44.02031301643604,8.989446214030567,-5.342051092777116,-2.2017275450533442,6.73661370389787e-14
250.50637153810163,44.02340735596666,8.989092990892955,-5.342281056834173,-2.1977363262228504,8.420767129872338e-14
250.52378224182917,44.02648302590168,8.988744440686519,-5.342506574353617,-2.1937508427862413,1.2631150694808508e-13
250.54118309859578,44.02954004913335,8.988400554039423,-5.342727655420984,-2.1897710914847144,9.262843842859572e-14
250.55857410345845,44.032578448547675,8.988061321579845,-5.342944310116095,-2.185797069046288,5.894536990910637e-14
250.57595525151797,44.03559824702452,8.98772673393594,-5.343156548513049,-2.1818287721858374,5.0524602779234026e-14
250.59332653791867,44.03859946743766,8.987396781735876,-5.343364380680196,-2.1778661976051175,2.5262301389617013e-14
250.610687957849,44.041582132654604,8.987071455607825,-5.343567816680129,-2.173909341992732,7.578690416885104e-14
250.62803950654092,44.044546265536766,8.986750746179952,-5.343766866569659,-2.169958202024196,2.5262301389617013e-14
250.64538117927026,44.047491888939234,8.986434644080422,-5.3439615403998,-2.166012774361913,5.0524602779234026e-14
250.66271297135668,44.050419025710944,8.9861231399374,-5.34415184821576,-2.162073055655191,1.6841534259744676e-14
250.68003487816327,44.053327698694595,8.985816224379056,-5.3443378000569055,-2.158139042540282,1.4315304120782974e-13
250.69734689509727,44.05621793072661,8.985513888033553,-5.344519405956765,-2.1542107316403483,1.6841534259744676e-14
250.71464901760913,44.05908974463718,8.985216121529062,-5.344696675942994,-2.1502881195655226,4.210383564936169e-14
250.73194124119345,44.06194316325014,8.98492291549375,-5.344869620037381,-2.1463712029128796,1.0946997268834039e-13
250.7492235613882,44.064778209383135,8.984634260555776,-5.345038248255802,-2.142459978266483,1.0104920555846805e-13
250.76649597377514,44.06759490584743,8.984350147343314,-5.345202570608229,-2.138554442197366,2.5262301389617013e-14
250.78375847397973,44.070393275447955,8.984070566484526,-5.345362597098703,-2.1346545912635664,8.420767129872338e-15
250.80101105767076,44.07317334098338,8.983795508607582,-5.345518337725302,-2.130760422010143,1.5999457546757442e-13
250.8182537205612,44.07593512524594,8.98352496434065,-5.3456698024801685,-2.126871930969145,7.578690416885104e-14
250.83548645840696,44.07867865102158,8.983258924311889,-5.345817001349443,-2.1229891146597,1.0946997268834039e-13
250.85270926700815,44.08140394108978,8.982997379149474,-5.345959944313277,-2.119111969587947,9.262843842859572e-14
250.8699221422079,44.084111018223744,8.982740319481564,-5.34609864134581,-2.115240492247114,1.2631150694808508e-13
250.8871250798933,44.086799905190176,8.982487735936331,-5.346233102415152,-2.1113746791174854,1.6841534259744677e-13
250.904318075995,44.08947062474934,8.982239619141941,-5.346363337483372,-2.1075145266664266,3.368306851948935e-14
250.9215011264867,44.092123199655184,8.98199595972656,-5.346489356506473,-2.103660031348433,1.6841534259744676e-14
250.93867422738612,44.094757652655076,8.981756748318356,-5.346611169434388,-2.099811189605087,1.5999457546757442e-13
250.9558373747542,44.09737400649005,8.981521975545489,-5.346728786210956,-2.0959679978651096,5.0524602779234026e-14
250.9729905646954,44.09997228389459,8.981291632036138,-5.346842216773901,-2.092130452544355,-2.5262301389617013e-14
250.99013379335773,44.102552507596656,8.981065708418456,-5.34695147105484,-2.0882985500458373,2.5262301389617013e-14
251.0072670569324,44.10511470031783,8.980844195320618,-5.3470565589792365,-2.084472286759741,1.1789073981821273e-13
251.0243903516544,44.10765888477305,8.980627083370786,-5.347157490466405,-2.080651659063414,5.0524602779234026e-14
251.0415036738017,44.11018508367083,8.98041436319713,-5.347254275429491,-2.0768366633214237,7.578690416885104e-14
251.05860701969596,44.112693319713095,8.980206025427815,-5.347346923775459,-2.073027295885528,1.0104920555846805e-13
251.0757003857021,44.115183615595164,8.980002060691012,-5.347435445405061,-2.0692235530947034,1.515738083377021e-13
251.09278376822837,44.117655994005936,8.979802459614879,-5.347519850212852,-2.0654254312751776,-2.5262301389617013e-14
251.10985716372633,44.12011047762757,8.979607212827588,-5.347600148087141,-2.0616329267404163,8.420767129872338e-15
251.12692056869074,44.12254708913576,8.979416310957307,-5.347676348909994,-2.0578460357911617,5.894536990910637e-14
251.14397397965996,44.124965851199484,8.9792297446322,-5.3477484625572265,-2.0540647547154114,4.210383564936169e-14
251.16101739321522,44.12736678648121,8.979047504480432,-5.347816498898369,-2.050289079788479,7.578690416885104e-14
251.17805080598123,44.12974991763671,8.978869581130171,-5.34788046779667,-2.04651900727297,5.0524602779234026e-14
251.19507421462592,44.13211526731509,8.978695965209583,-5.347940379109065,-2.042754533418808,6.73661370389787e-14
251.21208761586024,44.13446285815889,8.978526647346838,-5.347996242686177,-2.0389956544632635,4.210383564936169e-14
251.22909100643855,44.13679271280388,8.978361618170101,-5.348048068372293,-2.0352423666309423,4.210383564936169e-14
251.24608438315803,44.13910485387925,8.978200868307537,-5.348095866005349,-2.031494666133831,1.2631150694808508e-13
251.2630677428595,44.141399304007386,8.978044388387314,-5.348139645416927,-2.0277525491712667,5.0524602779234026e-14
251.28004108242627,44.143676085804074,8.977892169037599,-5.348179416432223,-2.024016011930015,9.262843842859572e-14
251.29700439878516,44.145935221878304,8.977744200886557,-5.348215188870047,-2.0202850505842176,1.515738083377021e-13
251.31395768890616,44.14817673483234,8.977600474562355,-5.348246972542808,-2.0165596612954433,8.420767129872338e-15
251.3309009498017,44.1504006472618,8.977460980693156,-5.348274777256481,-2.0128398402127234,5.0524602779234026e-14
251.34783417852788,44.152606981755376,8.977325709907134,-5.348298612810626,-2.0091255834725064,1.2631150694808508e-13
251.36475737218336,44.15479576089518,8.97719465283245,-5.348318488998345,-2.0054168871987303,9.262843842859572e-14
251.38167052790996,44.15696700725642,8.977067800097275,-5.348334415606281,-2.001713747502805,1.0946997268834039e-13
251.3985736428925,44.159120743407506,8.97694514232977,-5.348346402414607,-1.9980161604836328,1.5999457546757442e-13
251.4154667143585,44.161256991910165,8.976826670158108,-5.348354459196999,-1.994324122227641,1.1789073981821273e-13
251.4323497395786,44.163375775319146,8.976712374210452,-5.348358595720641,-1.9906376288087715,1.6841534259744677e-13
251.44922271586614,44.165477116182515,8.976602245114966,-5.348358821746194,-1.9869566762885138,-1.6841534259744676e-14
251.4660856405773,44.16756103704142,8.976496273499823,-5.348355147027797,-1.9832812607159174,8.420767129872338e-15
251.48293851111126,44.16962756043014,8.976394449993183,-5.348347581313039,-1.9796113781275988,1.4315304120782974e-13
251.49978132490986,44.171676708876184,8.976296765223218,-5.34833613434296,-1.975947024547761,6.73661370389787e-14
251.5166140794577,44.17370850490006,8.97620320981809,-5.34832081585203,-1.9722881959882166,1.0946997268834039e-13
251.53343677228216,44.17572297101553,8.97611377440597,-5.348301635568133,-1.9686348884483955,8.420767129872338e-15
251.5502494009533,44.17772012972934,8.976028449615018,-5.348278603212569,-1.9649870979153587,5.0524602779234026e-14
251.56705196308386,44.179700003541406,8.975947226073412,-5.348251728500015,-1.9613448203638282,6.73661370389787e-14
251.5838444563293,44.18166261494467,8.975870094409306,-5.348221021138543,-1.9577080517561762,5.894536990910637e-14
251.60062687838774,44.18360798642515,8.975797045250875,-5.348186490829576,-1.9540767880424608,3.368306851948935e-14
251.61739922699965,44.18553614046197,8.975728069226282,-5.348148147267906,-1.950451025160458,1.768361097273191e-13
251.6341614999485,44.18744709952724,8.97566315696369,-5.348106000141657,-1.9468307590356233,1.1789073981821273e-13
251.6509136950599,44.18934088608616,8.975602299091275,-5.3480600591322816,-1.9432159855811717,1.6841534259744677e-13
251.6676558102022,44.191217522596894,8.975545486237198,-5.348010333914553,-1.9396067006980453,1.1789073981821273e-13
251.68438784328634,44.19307703151063,8.975492709029625,-5.34795683415655,-1.9360029002749477,1.6841534259744676e-14
251.70110979226538,44.19491943527162,8.975443958096722,-5.3478995695196305,-1.9324045801883827,8.420767129872338e-15
251.7178216551351,44.196744756317024,8.975399224066662,-5.347838549658444,-1.9288117363026187,1.347322740779574e-13
251.7345234299336,44.198553017077046,8.975358497567601,-5.347773784220907,-1.9252243644697538,1.0946997268834039e-13
251.7512151147414,44.2003442399748,8.975321769227714,-5.347705282848178,-1.9216424605297,1.4315304120782974e-13
251.76789670768125,44.202118447426415,8.975289029675167,-5.347633055174672,-1.918066020310222,1.0946997268834039e-13
251.7845682069183,44.203875661840925,8.97526026953812,-5.3475571108280295,-1.9144950396269393,9.262843842859572e-14
251.80122961066004,44.2056159056203,8.975235479444747,-5.347477459429112,-1.9109295142833442,1.347322740779574e-13
251.81788091715612,44.207339201159485,8.975214650023212,-5.347394110591983,-1.9073694400708265,4.210383564936169e-14
251.83452212469842,44.209045570846264,8.975197771901682,-5.347307073923905,-1.9038148127686791,1.0104920555846805e-13
251.85115323162103,44.210735037061404,8.975184835708319,-5.347216359025326,-1.9002656281441301,1.4315304120782974e-13
251.86777423630025,44.21240762217852,8.975175832071296,-5.347121975489866,-1.8967218819523368,7.578690416885104e-14
