galstreams/tracks/track.st.SGP-S.yang2022.ecsv
# %ECSV 1.0
# ---
# datatype:
# - {name: ra, unit: deg, datatype: float64}
# - {name: dec, unit: deg, datatype: float64}
# - {name: distance, unit: kpc, datatype: float64}
# - {name: pm_ra_cosdec, unit: mas / yr, datatype: float64}
# - {name: pm_dec, unit: mas / yr, datatype: float64}
# - {name: radial_velocity, unit: km / s, datatype: float64}
# delimiter: ','
# meta: !!omap
# - __serialized_columns__:
#     dec:
#       __class__: astropy.coordinates.angles.Latitude
#       unit: &id001 !astropy.units.Unit {unit: deg}
#       value: !astropy.table.SerializedColumn {name: dec}
#     distance:
#       __class__: astropy.coordinates.distances.Distance
#       unit: !astropy.units.Unit {unit: kpc}
#       value: !astropy.table.SerializedColumn {name: distance}
#     pm_dec:
#       __class__: astropy.units.quantity.Quantity
#       unit: !astropy.units.Unit {unit: mas / yr}
#       value: !astropy.table.SerializedColumn {name: pm_dec}
#     pm_ra_cosdec:
#       __class__: astropy.units.quantity.Quantity
#       unit: !astropy.units.Unit {unit: mas / yr}
#       value: !astropy.table.SerializedColumn {name: pm_ra_cosdec}
#     ra:
#       __class__: astropy.coordinates.angles.Longitude
#       unit: *id001
#       value: !astropy.table.SerializedColumn {name: ra}
#       wrap_angle: !astropy.coordinates.Angle
#         unit: *id001
#         value: 360.0
#     radial_velocity:
#       __class__: astropy.units.quantity.Quantity
#       unit: !astropy.units.Unit {unit: km / s}
#       value: !astropy.table.SerializedColumn {name: radial_velocity}
# schema: astropy-2.0
ra,dec,distance,pm_ra_cosdec,pm_dec,radial_velocity
[from data line 4488]
4.979135325203501,-16.31582721097539,9.500000000000002,2.0000000000000004,2.4999999999999996,-4.631421921429786e-14
4.9780911260475795,-16.30587319499141,9.5,2.0000000000000004,2.5,-2.1051917824680846e-14
4.9770468420493374,-16.295919188917527,9.5,2.0,2.5,-3.789345208442552e-14
4.976002473065336,-16.28596519276245,9.5,2.0000000000000004,2.4999999999999996,-2.947268495455318e-14
4.974958018952137,-16.276011206534896,9.5,2.0,2.4999999999999996,-5.0524602779234026e-14
4.973913479566303,-16.266057230243586,9.500000000000002,1.9999999999999993,2.499999999999999,-3.789345208442552e-14
4.972868854764403,-16.256103263897256,9.499999999999998,2.000000000000001,2.5000000000000004,-3.368306851948935e-14
4.971824144403001,-16.246149307504627,9.5,2.0000000000000004,2.4999999999999996,-5.0524602779234026e-14
4.970779348338666,-16.236195361074422,9.5,2.000000000000001,2.499999999999999,-3.368306851948935e-14
4.969734466427966,-16.226241424615385,9.5,2.0,2.4999999999999996,-5.4734986344170195e-14
4.968689498527474,-16.216287498136218,9.5,2.000000000000001,2.4999999999999996,-3.368306851948935e-14
4.967644444493762,-16.20633358164569,9.5,1.9999999999999998,2.500000000000001,-2.947268495455318e-14
4.966599304183401,-16.19637967515251,9.5,2.0000000000000004,2.5,-5.4734986344170195e-14
4.965554077452966,-16.186425778665416,9.5,2.0000000000000004,2.4999999999999996,-4.631421921429786e-14
4.964508764159034,-16.176471892193153,9.5,2.0000000000000004,2.4999999999999996,-3.789345208442552e-14
4.963463364158183,-16.166518015744447,9.500000000000002,2.0,2.499999999999999,-3.368306851948935e-14
4.962417877306992,-16.15656414932805,9.499999999999998,2.0000000000000004,2.5,-3.789345208442552e-14
4.9613723034620385,-16.146610292952694,9.499999999999998,2.000000000000001,2.5,-2.5262301389617013e-14
4.960326642479903,-16.136656446627114,9.5,2.0,2.4999999999999996,-2.1051917824680846e-14
4.9592808942171756,-16.126702610360088,9.500000000000002,1.9999999999999996,2.4999999999999987,-2.947268495455318e-14
4.958235058530432,-16.116748784160325,9.5,2.0,2.5,-5.0524602779234026e-14
4.957189135276259,-16.106794968036578,9.5,2.000000000000001,2.5,-4.631421921429786e-14
4.956143124311247,-16.096841161997595,9.5,2.0000000000000004,2.499999999999999,-3.789345208442552e-14
4.955097025491981,-16.08688736605214,9.5,2.0000000000000004,2.5,-3.368306851948935e-14
4.954050838675053,-16.07693358020895,9.500000000000002,1.9999999999999998,2.4999999999999996,-3.368306851948935e-14
4.953004563717051,-16.066979804476787,9.5,2.0000000000000004,2.4999999999999996,-5.4734986344170195e-14
4.951958200474566,-16.05702603886438,9.499999999999998,2.0000000000000004,2.5,-4.631421921429786e-14
4.950911748804195,-16.047072283380526,9.500000000000002,2.0,2.4999999999999996,-5.4734986344170195e-14
4.949865208562532,-16.037118538033944,9.500000000000002,2.0000000000000004,2.4999999999999996,-3.368306851948935e-14
4.948818579606171,-16.027164802833408,9.5,2.0,2.5000000000000004,-4.631421921429786e-14
4.94777186179171,-16.017211077787678,9.5,2.0000000000000004,2.5,-4.210383564936169e-14
4.946725054975751,-16.007257362905513,9.5,1.9999999999999998,2.4999999999999996,-3.789345208442552e-14
4.945678159014891,-15.997303658195673,9.5,2.0000000000000004,2.4999999999999996,-3.789345208442552e-14
4.944631173765731,-15.987349963666924,9.5,2.000000000000001,2.4999999999999996,-5.0524602779234026e-14
4.943584099084875,-15.977396279328017,9.5,2.0000000000000004,2.499999999999999,-2.5262301389617013e-14
4.942536934828928,-15.967442605187756,9.5,2.0000000000000004,2.4999999999999996,-4.631421921429786e-14
4.941489680854495,-15.957488941254876,9.5,2.0,2.5,-3.789345208442552e-14
4.940442337018183,-15.947535287538143,9.500000000000002,2.0000000000000004,2.4999999999999996,-3.789345208442552e-14
4.9393949031765985,-15.937581644046354,9.5,1.9999999999999998,2.4999999999999996,-4.210383564936169e-14
4.938347379186356,-15.927628010788272,9.499999999999996,2.000000000000001,2.5,-4.631421921429786e-14
4.937299764904061,-15.917674387772655,9.5,2.0000000000000004,2.499999999999999,-4.210383564936169e-14
4.936252060186328,-15.907720775008292,9.5,2.0000000000000004,2.499999999999999,-3.789345208442552e-14
4.935204264889774,-15.897767172503963,9.499999999999998,2.000000000000001,2.4999999999999996,-3.789345208442552e-14
4.934156378871007,-15.887813580268437,9.5,2.000000000000001,2.5,-2.947268495455318e-14
4.933108401986651,-15.877859998310505,9.499999999999998,2.0000000000000004,2.500000000000001,-3.789345208442552e-14
4.932060334093321,-15.867906426638935,9.499999999999998,2.0000000000000004,2.4999999999999996,-3.789345208442552e-14
4.931012175047633,-15.857952865262515,9.499999999999998,2.0,2.5,-2.947268495455318e-14
4.929963924706214,-15.847999314190043,9.5,2.000000000000001,2.5,-5.0524602779234026e-14
4.928915582925681,-15.83804577343028,9.5,2.0,2.4999999999999996,-4.210383564936169e-14
4.92786714956266,-15.828092242992025,9.5,2.0000000000000004,2.4999999999999996,-4.631421921429786e-14
4.926818624473773,-15.818138722884068,9.499999999999998,2.000000000000001,2.5000000000000004,-4.631421921429786e-14
4.9257700075156485,-15.808185213115195,9.5,2.000000000000001,2.4999999999999996,-3.368306851948935e-14
4.924721298544915,-15.798231713694204,9.5,2.0000000000000004,2.499999999999999,-4.631421921429786e-14
4.923672497418199,-15.788278224629872,9.5,2.000000000000001,2.4999999999999996,-3.789345208442552e-14
4.92262360399213,-15.778324745931007,9.500000000000002,2.0,2.499999999999999,-2.947268495455318e-14
4.921574618123345,-15.768371277606418,9.5,2.000000000000001,2.5,-5.0524602779234026e-14
4.920525539668472,-15.758417819664869,9.5,2.0000000000000004,2.4999999999999996,-5.0524602779234026e-14
4.919476368484148,-15.748464372115176,9.499999999999998,2.000000000000001,2.499999999999999,-4.631421921429786e-14
4.918427104427006,-15.738510934966143,9.5,2.0000000000000004,2.5,-3.789345208442552e-14
4.9173777473536875,-15.728557508226569,9.5,2.0000000000000004,2.4999999999999996,-3.368306851948935e-14
4.916328297120829,-15.718604091905261,9.5,1.9999999999999998,2.499999999999999,-4.631421921429786e-14
4.91527875358507,-15.708650686011014,9.499999999999998,2.000000000000001,2.5000000000000004,-4.631421921429786e-14
4.914229116603051,-15.698697290552634,9.5,2.000000000000001,2.5,-4.631421921429786e-14
4.913179386031418,-15.688743905538937,9.500000000000002,1.9999999999999996,2.4999999999999987,-3.789345208442552e-14
4.912129561726814,-15.678790530978732,9.5,2.0000000000000004,2.5,-5.4734986344170195e-14
4.911079643545883,-15.66883716688081,9.5,2.0,2.4999999999999996,-4.210383564936169e-14
4.9100296313452745,-15.658883813254006,9.5,2.0000000000000004,2.499999999999999,-2.947268495455318e-14
4.908979524981636,-15.64893047010714,9.500000000000002,2.0,2.499999999999999,-5.0524602779234026e-14
4.907929324311617,-15.638977137448995,9.5,2.0,2.5,-4.631421921429786e-14
4.906879029191868,-15.629023815288406,9.5,2.0000000000000004,2.499999999999999,-3.789345208442552e-14
4.9058286394790445,-15.619070503634196,9.500000000000002,2.0,2.4999999999999996,-4.210383564936169e-14
4.904778155029798,-15.609117202495176,9.499999999999998,2.000000000000001,2.5,-2.947268495455318e-14
4.903727575700784,-15.599163911880174,9.499999999999998,2.000000000000001,2.5000000000000004,-5.4734986344170195e-14
4.902676901348661,-15.589210631798002,9.499999999999998,2.0000000000000004,2.4999999999999996,-5.4734986344170195e-14
4.901626131830086,-15.579257362257486,9.5,2.0000000000000004,2.5,-4.210383564936169e-14
4.900575267001719,-15.569304103267452,9.5,2.0000000000000004,2.4999999999999996,-5.0524602779234026e-14
4.899524306720224,-15.559350854836739,9.5,2.0,2.5,-4.210383564936169e-14
4.89847325084226,-15.54939761697416,9.500000000000002,2.0000000000000004,2.4999999999999996,-3.789345208442552e-14
4.897422099224492,-15.539444389688544,9.500000000000002,2.0000000000000004,2.499999999999999,-2.5262301389617013e-14
4.896370851723586,-15.52949117298874,9.5,2.0000000000000004,2.4999999999999996,-4.631421921429786e-14
4.895319508196208,-15.519537966883563,9.5,2.0,2.4999999999999996,-4.631421921429786e-14
4.894268068499028,-15.50958477138185,9.499999999999998,2.0000000000000004,2.5,-4.631421921429786e-14
4.8932165324887125,-15.499631586492429,9.5,1.9999999999999998,2.4999999999999996,-2.1051917824680846e-14
4.892164900021937,-15.489678412224166,9.499999999999998,2.0000000000000004,2.4999999999999996,-3.789345208442552e-14
4.891113170955371,-15.47972524858588,9.5,2.0000000000000004,2.5000000000000004,-2.947268495455318e-14
4.890061345145687,-15.469772095586409,9.500000000000002,2.0,2.4999999999999996,-3.368306851948935e-14
4.889009422449567,-15.459818953234592,9.499999999999998,2.000000000000001,2.5,-4.210383564936169e-14
4.887957402723681,-15.449865821539271,9.5,2.0,2.5,-2.947268495455318e-14
4.88690528582471,-15.439912700509321,9.5,2.0000000000000004,2.5,-2.947268495455318e-14
4.8858530716093345,-15.429959590153548,9.500000000000002,1.9999999999999998,2.5,-3.368306851948935e-14
4.884800759934235,-15.420006490480826,9.5,2.0,2.5,-5.894536990910637e-14
4.883748350656093,-15.410053401499987,9.500000000000002,1.9999999999999996,2.499999999999999,-3.368306851948935e-14
4.882695843631594,-15.400100323219888,9.499999999999998,2.0000000000000004,2.5,-2.5262301389617013e-14
4.881643238717425,-15.39014725564939,9.5,2.0000000000000004,2.499999999999999,-2.947268495455318e-14
4.880590535770268,-15.380194198797337,9.5,2.0,2.4999999999999996,-4.210383564936169e-14
4.879537734646815,-15.370241152672579,9.500000000000002,1.9999999999999996,2.4999999999999996,-3.368306851948935e-14
4.878484835203757,-15.36028811728399,9.5,2.0000000000000004,2.4999999999999996,-3.789345208442552e-14
4.877431837297784,-15.350335092640414,9.499999999999998,2.0000000000000013,2.5000000000000004,-4.631421921429786e-14
4.876378740785585,-15.340382078750702,9.499999999999998,2.000000000000001,2.5,-3.789345208442552e-14
4.87532554552386,-15.330429075623744,9.5,2.0000000000000004,2.5,-5.0524602779234026e-14
4.874272251369303,-15.320476083268378,9.5,2.0000000000000004,2.5,-4.210383564936169e-14
4.873218858178608,-15.310523101693477,9.500000000000002,2.0,2.5,-3.789345208442552e-14
4.872165365808477,-15.300570130907907,9.500000000000002,2.0000000000000004,2.4999999999999996,-3.789345208442552e-14
4.871111774115607,-15.290617170920529,9.500000000000002,2.0000000000000004,2.499999999999999,-3.789345208442552e-14
4.870058082956704,-15.280664221740228,9.500000000000002,2.0000000000000004,2.5,-2.947268495455318e-14
4.8690042921884675,-15.270711283375858,9.500000000000004,2.0,2.499999999999999,-6.315575347404254e-14
4.867950401667603,-15.260758355836288,9.5,2.000000000000001,2.5,-4.631421921429786e-14
4.866896411250815,-15.250805439130405,9.5,2.0000000000000004,2.4999999999999996,-3.789345208442552e-14
4.8658423207948145,-15.24085253326708,9.500000000000002,2.0000000000000004,2.4999999999999996,-3.368306851948935e-14
4.864788130156305,-15.230899638255186,9.500000000000002,2.0000000000000004,2.4999999999999996,-3.368306851948935e-14
4.863733839191999,-15.2209467541036,9.500000000000004,2.0,2.4999999999999987,-3.789345208442552e-14
4.8626794477586115,-15.21099388082121,9.500000000000002,2.0000000000000004,2.4999999999999996,-5.894536990910637e-14
4.861624955712851,-15.20104101841688,9.500000000000002,2.0000000000000004,2.5,-3.789345208442552e-14
4.860570362911433,-15.191088166899513,9.500000000000002,1.9999999999999998,2.4999999999999996,-5.0524602779234026e-14
4.859515669211077,-15.181135326277962,9.5,2.0000000000000004,2.5,-2.5262301389617013e-14
4.858460874468498,-15.171182496561148,9.500000000000002,2.0,2.4999999999999996,-3.368306851948935e-14
4.857405978540415,-15.161229677757948,9.500000000000004,1.9999999999999998,2.499999999999999,-3.368306851948935e-14
4.856350981283549,-15.15127686987723,9.500000000000002,2.0000000000000004,2.5,-3.789345208442552e-14
4.855295882554621,-15.141324072927908,9.500000000000002,2.0,2.5,-3.789345208442552e-14
4.8542406822103565,-15.131371286918867,9.500000000000002,2.0000000000000004,2.4999999999999996,-4.631421921429786e-14
4.85318538010748,-15.12141851185899,9.500000000000002,2.0,2.5,-4.210383564936169e-14
4.8521299761027175,-15.111465747757183,9.5,2.000000000000001,2.5000000000000004,-3.368306851948935e-14
4.8510744700527955,-15.101512994622327,9.500000000000002,2.0000000000000004,2.5,-1.2631150694808506e-14
4.850018861814448,-15.091560252463347,9.500000000000002,2.000000000000001,2.499999999999999,-3.368306851948935e-14
4.848963151244401,-15.081607521289124,9.500000000000004,2.0,2.4999999999999996,-3.368306851948935e-14
4.8479073381993905,-15.07165480110855,9.500000000000002,2.0000000000000004,2.4999999999999996,-3.789345208442552e-14
4.846851422536149,-15.061702091930552,9.500000000000002,2.0000000000000004,2.500000000000001,-5.0524602779234026e-14
4.84579540411141,-15.051749393764002,9.500000000000002,2.0000000000000004,2.5000000000000004,-2.947268495455318e-14
4.844739282781913,-15.04179670661784,9.500000000000004,1.9999999999999998,2.4999999999999996,-4.631421921429786e-14
4.8436830584043955,-15.031844030500942,9.5,2.0000000000000013,2.4999999999999996,-1.6841534259744676e-14
4.842626730835599,-15.021891365422242,9.500000000000002,2.000000000000001,2.5,-4.210383564936169e-14
4.841570299932262,-15.011938711390625,9.5,2.0000000000000004,2.5,-3.368306851948935e-14
4.840513765551132,-15.001986068415038,9.500000000000002,2.0000000000000004,2.4999999999999996,-3.789345208442552e-14
4.839457127548949,-14.992033436504354,9.500000000000002,2.0,2.4999999999999996,-3.789345208442552e-14
4.838400385782459,-14.982080815667496,9.500000000000002,2.0,2.499999999999999,-2.947268495455318e-14
4.83734354010841,-14.972128205913403,9.500000000000002,2.0000000000000004,2.4999999999999996,-3.789345208442552e-14
4.836286590383555,-14.962175607250986,9.500000000000002,2.0,2.4999999999999996,-2.947268495455318e-14
4.83522953646464,-14.952223019689145,9.500000000000002,2.0000000000000004,2.4999999999999996,-4.210383564936169e-14
4.834172378208419,-14.942270443236817,9.5,2.0000000000000004,2.5000000000000004,-2.947268495455318e-14
4.833115115471643,-14.932317877902916,9.5,2.0000000000000013,2.4999999999999996,-2.1051917824680846e-14
4.83205774811107,-14.922365323696377,9.5,2.000000000000001,2.5,-2.947268495455318e-14
4.831000275983454,-14.912412780626116,9.500000000000004,2.0000000000000004,2.499999999999999,-3.789345208442552e-14
4.829942698945555,-14.90246024870106,9.500000000000004,2.0,2.5,-2.947268495455318e-14
4.828885016854132,-14.892507727930141,9.500000000000002,2.000000000000001,2.5,-4.210383564936169e-14
4.827827229565945,-14.882555218322294,9.500000000000004,2.0000000000000004,2.4999999999999996,-3.789345208442552e-14
4.826769336937756,-14.872602719886437,9.500000000000004,2.0000000000000004,2.4999999999999996,-3.789345208442552e-14
4.825711338826332,-14.86265023263152,9.500000000000002,2.000000000000001,2.5,-3.368306851948935e-14
4.824653235088438,-14.852697756566457,9.500000000000002,2.0,2.4999999999999996,-2.947268495455318e-14
4.82359502558084,-14.842745291700206,9.5,2.0000000000000013,2.5000000000000004,-3.368306851948935e-14
4.822536710160306,-14.83279283804169,9.5,2.000000000000001,2.5000000000000004,-3.368306851948935e-14
4.821478288683607,-14.822840395599858,9.500000000000002,2.000000000000001,2.5,-3.368306851948935e-14
4.820419761007513,-14.812887964383636,9.5,2.000000000000001,2.5000000000000004,-3.368306851948935e-14
4.8193611269888015,-14.802935544401993,9.500000000000002,2.0000000000000004,2.5000000000000004,-4.631421921429786e-14
4.818302386484245,-14.792983135663844,9.500000000000002,2.0000000000000004,2.5,-4.210383564936169e-14
4.817243539350618,-14.783030738178153,9.500000000000004,2.0,2.4999999999999987,-4.210383564936169e-14
4.8161845854447,-14.773078351953856,9.500000000000002,2.0000000000000004,2.5000000000000004,-4.210383564936169e-14
