galstreams/tracks/track.st.Orinoco.grillmair2017.ecsv
# %ECSV 1.0
# ---
# datatype:
# - {name: ra, unit: deg, datatype: float64}
# - {name: dec, unit: deg, datatype: float64}
# - {name: distance, unit: kpc, datatype: float64}
# - {name: pm_ra_cosdec, unit: mas / yr, datatype: float64}
# - {name: pm_dec, unit: mas / yr, datatype: float64}
# - {name: radial_velocity, unit: km / s, datatype: float64}
# delimiter: ','
# meta: !!omap
# - __serialized_columns__:
#     dec:
#       __class__: astropy.coordinates.angles.Latitude
#       unit: &id001 !astropy.units.Unit {unit: deg}
#       value: !astropy.table.SerializedColumn {name: dec}
#     distance:
#       __class__: astropy.coordinates.distances.Distance
#       unit: !astropy.units.Unit {unit: kpc}
#       value: !astropy.table.SerializedColumn {name: distance}
#     pm_dec:
#       __class__: astropy.units.quantity.Quantity
#       unit: !astropy.units.Unit {unit: mas / yr}
#       value: !astropy.table.SerializedColumn {name: pm_dec}
#     pm_ra_cosdec:
#       __class__: astropy.units.quantity.Quantity
#       unit: !astropy.units.Unit {unit: mas / yr}
#       value: !astropy.table.SerializedColumn {name: pm_ra_cosdec}
#     ra:
#       __class__: astropy.coordinates.angles.Longitude
#       unit: *id001
#       value: !astropy.table.SerializedColumn {name: ra}
#       wrap_angle: !astropy.coordinates.Angle
#         unit: *id001
#         value: 360.0
#     radial_velocity:
#       __class__: astropy.units.quantity.Quantity
#       unit: !astropy.units.Unit {unit: km / s}
#       value: !astropy.table.SerializedColumn {name: radial_velocity}
# schema: astropy-2.0
ra,dec,distance,pm_ra_cosdec,pm_dec,radial_velocity
[from data line 249]
2.853424039164823,-25.085413774988826,20.59999999999999,0.0,0.0,0.0
2.864797119044392,-25.083901115401435,20.599999999999994,0.0,0.0,0.0
2.8761696208279814,-25.082389690397275,20.599999999999998,0.0,0.0,0.0
2.8875415442721852,-25.080879504163182,20.59999999999999,0.0,0.0,0.0
2.8989128891351643,-25.07937056088618,20.599999999999998,0.0,0.0,0.0
2.9102836551765314,-25.077862864753413,20.599999999999998,0.0,0.0,0.0
2.921653842157597,-25.07635641995222,20.599999999999998,0.0,0.0,0.0
2.933023449840999,-25.07485123067008,20.59999999999999,0.0,0.0,0.0
2.944392477990947,-25.0733473010946,20.599999999999998,0.0,0.0,0.0
2.9557609263731033,-25.071844635413587,20.59999999999999,0.0,0.0,0.0
2.9671287947548226,-25.070343237814974,20.599999999999994,0.0,0.0,0.0
2.9784960829047895,-25.06884311248687,20.599999999999998,0.0,0.0,0.0
2.9898627905932607,-25.067344263617525,20.599999999999998,0.0,0.0,0.0
3.0012289175919418,-25.06584669539531,20.599999999999994,0.0,0.0,0.0
3.012594463674231,-25.06435041200883,20.59999999999999,0.0,0.0,0.0
3.0239594286148592,-25.062855417646766,20.599999999999998,0.0,0.0,0.0
3.0353238121901285,-25.061361716497995,20.599999999999994,0.0,0.0,0.0
3.046687614177777,-25.059869312751513,20.599999999999998,0.0,0.0,0.0
3.058050834357262,-25.058378210596526,20.59999999999999,0.0,0.0,0.0
3.0694134725093445,-25.05688841422234,20.599999999999994,0.0,0.0,0.0
3.0807755284163707,-25.055399927818417,20.599999999999994,0.0,0.0,0.0
3.092137001862124,-25.053912755574395,20.599999999999994,0.0,0.0,0.0
3.1034978926320957,-25.052426901680047,20.599999999999994,0.0,0.0,0.0
3.1148582005130887,-25.05094237032532,20.599999999999994,0.0,0.0,0.0
3.12621792529349,-25.049459165700267,20.599999999999998,0.0,0.0,0.0
3.137577066763123,-25.04797729199512,20.599999999999994,0.0,0.0,0.0
3.148935624713516,-25.04649675340028,20.59999999999999,0.0,0.0,0.0
3.160293598937511,-25.045017554106256,20.599999999999994,0.0,0.0,0.0
3.1716509892295304,-25.04353969830375,20.599999999999998,0.0,0.0,0.0
3.1830077953854383,-25.04206319018357,20.599999999999994,0.0,0.0,0.0
3.194364017202795,-25.04058803393671,20.59999999999999,0.0,0.0,0.0
3.2057196544804807,-25.039114233754283,20.599999999999998,0.0,0.0,0.0
3.217074707018956,-25.037641793827586,20.599999999999994,0.0,0.0,0.0
3.228429174620112,-25.03617071834801,20.599999999999994,0.0,0.0,0.0
3.2397830570875517,-25.034701011507174,20.599999999999994,0.0,0.0,0.0
3.2511363542261873,-25.033232677496752,20.599999999999998,0.0,0.0,0.0
3.2624890658425043,-25.03176572050865,20.599999999999994,0.0,0.0,0.0
3.273841191744442,-25.030300144734845,20.599999999999998,0.0,0.0,0.0
3.28519273174162,-25.028835954367537,20.599999999999994,0.0,0.0,0.0
3.296543685644994,-25.02737315359902,20.599999999999994,0.0,0.0,0.0
3.3078940532670758,-25.025911746621738,20.599999999999998,0.0,0.0,0.0
3.3192438344218345,-25.02445173762829,20.599999999999998,0.0,0.0,0.0
3.3305930289249264,-25.022993130811447,20.599999999999994,0.0,0.0,0.0
3.3419416365933268,-25.02153593036409,20.59999999999999,0.0,0.0,0.0
3.3532896572455875,-25.020080140479248,20.599999999999994,0.0,0.0,0.0
3.3646370907017014,-25.018625765350105,20.599999999999998,0.0,0.0,0.0
3.3759839367833497,-25.01717280917,20.599999999999998,0.0,0.0,0.0
3.3873301953135386,-25.015721276132393,20.599999999999994,0.0,0.0,0.0
3.39867586611685,-25.014271170430916,20.59999999999999,0.0,0.0,0.0
3.410020949019296,-25.01282249625929,20.599999999999998,0.0,0.0,0.0
3.4213654438485945,-25.011375257811466,20.599999999999998,0.0,0.0,0.0
3.4327093504337705,-25.009929459281466,20.599999999999998,0.0,0.0,0.0
3.44405266860543,-25.008485104863485,20.599999999999998,0.0,0.0,0.0
3.4553953981956114,-25.00704219875183,20.599999999999998,0.0,0.0,0.0
3.4667375390380553,-25.005600745141024,20.59999999999999,0.0,0.0,0.0
3.478079090967814,-25.004160748225644,20.599999999999998,0.0,0.0,0.0
3.489420053821516,-25.002722212200464,20.599999999999998,0.0,0.0,0.0
3.500760427437223,-25.00128514126037,20.599999999999994,0.0,0.0,0.0
3.5121002116546935,-24.99984953960043,20.599999999999998,0.0,0.0,0.0
3.523439406315003,-24.998415411415817,20.59999999999999,0.0,0.0,0.0
3.534778011260801,-24.996982760901822,20.599999999999998,0.0,0.0,0.0
3.5461160263361693,-24.995551592253946,20.599999999999994,0.0,0.0,0.0
3.5574534513868876,-24.994121909667776,20.599999999999994,0.0,0.0,0.0
3.5687902862600507,-24.992693717339066,20.599999999999998,0.0,0.0,0.0
3.5801265308043244,-24.991267019463688,20.599999999999998,0.0,0.0,0.0
3.59146218486981,-24.989841820237668,20.599999999999994,0.0,0.0,0.0
3.60279724830831,-24.988418123857166,20.599999999999998,0.0,0.0,0.0
3.614131720972932,-24.986995934518482,20.599999999999994,0.0,0.0,0.0
3.6254656027183585,-24.98557525641807,20.599999999999998,0.0,0.0,0.0
3.636798893400711,-24.984156093752468,20.59999999999999,0.0,0.0,0.0
3.648131592877802,-24.982738450718436,20.599999999999994,0.0,0.0,0.0
3.659463701008759,-24.9813223315128,20.59999999999999,0.0,0.0,0.0
3.670795217654277,-24.97990774033255,20.59999999999999,0.0,0.0,0.0
3.6821261426764913,-24.978494681374812,20.59999999999999,0.0,0.0,0.0
3.693456475939225,-24.977083158836862,20.59999999999999,0.0,0.0,0.0
3.7047862173076282,-24.975673176916096,20.59999999999999,0.0,0.0,0.0
3.7161153666483977,-24.974264739810042,20.59999999999999,0.0,0.0,0.0
3.727443923829693,-24.972857851716373,20.59999999999999,0.0,0.0,0.0
3.73877188872134,-24.971452516832905,20.59999999999999,0.0,0.0,0.0
3.7500992611945008,-24.970048739357576,20.599999999999994,0.0,0.0,0.0
3.7614260411218843,-24.96864652348846,20.59999999999999,0.0,0.0,0.0
3.772752228377659,-24.96724587342377,20.599999999999994,0.0,0.0,0.0
3.7840778228376606,-24.96584679336187,20.59999999999999,0.0,0.0,0.0
3.7954028243790576,-24.964449287501218,20.599999999999994,0.0,0.0,0.0
3.8067272328805797,-24.96305336004044,20.599999999999994,0.0,0.0,0.0
3.818051048222384,-24.961659015178277,20.59999999999999,0.0,0.0,0.0
3.829374270286331,-24.960266257113638,20.59999999999999,0.0,0.0,0.0
3.8406968989555854,-24.95887509004551,20.59999999999999,0.0,0.0,0.0
3.8520189341148865,-24.957485518173048,20.599999999999994,0.0,0.0,0.0
3.863340375650399,-24.95609754569554,20.59999999999999,0.0,0.0,0.0
3.8746612234499875,-24.954711176812395,20.59999999999999,0.0,0.0,0.0
3.885981477402822,-24.95332641572315,20.599999999999994,0.0,0.0,0.0
3.8973011373996407,-24.95194326662751,20.59999999999999,0.0,0.0,0.0
3.9086202033326196,-24.950561733725245,20.599999999999994,0.0,0.0,0.0
3.919938675095621,-24.949181821216328,20.59999999999999,0.0,0.0,0.0
3.931256552583825,-24.947803533300807,20.59999999999999,0.0,0.0,0.0
3.9425738356939672,-24.94642687417889,20.59999999999999,0.0,0.0,0.0
3.9538905243242217,-24.945051848050912,20.59999999999999,0.0,0.0,0.0
3.965206618374459,-24.943678459117336,20.59999999999999,0.0,0.0,0.0
3.9765221177458505,-24.942306711578738,20.59999999999999,0.0,0.0,0.0
3.987837022341141,-24.94093660963585,20.59999999999999,0.0,0.0,0.0
3.999151332064502,-24.939568157489504,20.59999999999999,0.0,0.0,0.0
4.0104650468218015,-24.938201359340713,20.599999999999994,0.0,0.0,0.0
4.021778166520211,-24.936836219390553,20.59999999999999,0.0,0.0,0.0
4.033090691068471,-24.935472741840282,20.59999999999999,0.0,0.0,0.0
4.044402620376754,-24.93411093089124,20.599999999999994,0.0,0.0,0.0
4.0557139543569205,-24.932750790744944,20.59999999999999,0.0,0.0,0.0
4.067024692922143,-24.93139232560298,20.59999999999999,0.0,0.0,0.0
4.078334835987152,-24.930035539667124,20.59999999999999,0.0,0.0,0.0
4.089644383468121,-24.92868043713923,20.599999999999994,0.0,0.0,0.0
4.100953335282905,-24.927327022221302,20.59999999999999,0.0,0.0,0.0
4.112261691350667,-24.925975299115475,20.59999999999999,0.0,0.0,0.0
4.123569451592138,-24.924625272023984,20.59999999999999,0.0,0.0,0.0
4.134876615929539,-24.923276945149226,20.599999999999984,0.0,0.0,0.0
4.146183184286533,-24.92193032269367,20.59999999999999,0.0,0.0,0.0
4.157489156588468,-24.920585408859978,20.599999999999987,0.0,0.0,0.0
4.168794532761996,-24.919242207850896,20.59999999999999,0.0,0.0,0.0
4.180099312735275,-24.917900723869277,20.59999999999999,0.0,0.0,0.0
4.191403496438144,-24.916560961118154,20.599999999999994,0.0,0.0,0.0
4.202707083801747,-24.915222923800652,20.59999999999999,0.0,0.0,0.0
4.2140100747587965,-24.913886616120003,20.59999999999999,0.0,0.0,0.0
4.225312469243498,-24.912552042279586,20.59999999999999,0.0,0.0,0.0
4.236614267191491,-24.91121920648289,20.59999999999999,0.0,0.0,0.0
4.247915468540099,-24.909888112933544,20.59999999999999,0.0,0.0,0.0
4.259216073227955,-24.908558765835302,20.599999999999987,0.0,0.0,0.0
4.270516081195253,-24.907231169392002,20.59999999999999,0.0,0.0,0.0
4.281815492383621,-24.905905327807645,20.599999999999987,0.0,0.0,0.0
4.293114306736369,-24.904581245286334,20.599999999999998,0.0,0.0,0.0
4.304412524198113,-24.90325892603231,20.59999999999999,0.0,0.0,0.0
4.315710144715033,-24.90193837424992,20.599999999999994,0.0,0.0,0.0
4.327007168234741,-24.900619594143617,20.599999999999998,0.0,0.0,0.0
4.338303594706529,-24.89930258991803,20.59999999999999,0.0,0.0,0.0
4.349599424081,-24.897987365777844,20.59999999999999,0.0,0.0,0.0
4.360894656310317,-24.896673925927896,20.59999999999999,0.0,0.0,0.0
4.372189291348071,-24.895362274573145,20.599999999999994,0.0,0.0,0.0
4.383483329149541,-24.89405241591866,20.599999999999994,0.0,0.0,0.0
4.394776769671307,-24.892744354169647,20.59999999999999,0.0,0.0,0.0
4.406069612871512,-24.891438093531395,20.599999999999994,0.0,0.0,0.0
4.417361858709732,-24.89013363820934,20.59999999999999,0.0,0.0,0.0
4.428653507147222,-24.888830992409048,20.599999999999994,0.0,0.0,0.0
4.439944558146544,-24.887530160336162,20.599999999999994,0.0,0.0,0.0
4.451235011671819,-24.886231146196476,20.599999999999994,0.0,0.0,0.0
4.462524867688598,-24.88493395419589,20.59999999999999,0.0,0.0,0.0
4.473814126164118,-24.883638588540432,20.59999999999999,0.0,0.0,0.0
4.485102787066914,-24.88234505343623,20.59999999999999,0.0,0.0,0.0
4.496390850367087,-24.88105335308953,20.599999999999998,0.0,0.0,0.0
4.507678316036168,-24.87976349170671,20.59999999999999,0.0,0.0,0.0
4.518965184047359,-24.878475473494255,20.59999999999999,0.0,0.0,0.0
4.530251454375182,-24.877189302658778,20.59999999999999,0.0,0.0,0.0
4.541537126995707,-24.87590498340698,20.59999999999999,0.0,0.0,0.0
4.552822201886434,-24.874622519945675,20.599999999999994,0.0,0.0,0.0
4.564106679026551,-24.873341916481856,20.59999999999999,0.0,0.0,0.0
4.575390558396542,-24.872063177222557,20.599999999999994,0.0,0.0,0.0
4.586673839978452,-24.87078630637496,20.59999999999999,0.0,0.0,0.0
4.597956523755758,-24.869511308146347,20.599999999999994,0.0,0.0,0.0
4.609238609713616,-24.868238186744133,20.599999999999994,0.0,0.0,0.0
4.62052009783848,-24.866966946375847,20.59999999999999,0.0,0.0,0.0
4.631800988118369,-24.865697591249095,20.599999999999994,0.0,0.0,0.0
4.643081280542726,-24.864430125571634,20.599999999999994,0.0,0.0,0.0
4.654360975102678,-24.86316455355132,20.599999999999994,0.0,0.0,0.0
4.665640071790653,-24.861900879396146,20.599999999999998,0.0,0.0,0.0
4.676918570600634,-24.860639107314167,20.599999999999994,0.0,0.0,0.0
4.688196471528032,-24.859379241513576,20.59999999999999,0.0,0.0,0.0
4.69947377456994,-24.858121286202685,20.59999999999999,0.0,0.0,0.0
4.710750479724756,-24.85686524558993,20.59999999999999,0.0,0.0,0.0
4.722026586992425,-24.85561112388382,20.59999999999999,0.0,0.0,0.0
4.733302096374332,-24.85435892529298,20.599999999999987,0.0,0.0,0.0
4.744577007873528,-24.853108654026194,20.59999999999999,0.0,0.0,0.0
4.755851321494381,-24.85186031429231,20.59999999999999,0.0,0.0,0.0
4.767125037242801,-24.85061391030029,20.59999999999999,0.0,0.0,0.0
4.778398155126129,-24.849369446259207,20.59999999999999,0.0,0.0,0.0
4.789670675153391,-24.848126926378264,20.599999999999994,0.0,0.0,0.0
4.800942597334906,-24.846886354866772,20.599999999999994,0.0,0.0,0.0
4.812213921682552,-24.845647735934115,20.59999999999999,0.0,0.0,0.0
4.823484648209639,-24.844411073789804,20.59999999999999,0.0,0.0,0.0
4.834754776931141,-24.843176372643487,20.599999999999994,0.0,0.0,0.0
4.84602430786335,-24.841943636704894,20.599999999999987,0.0,0.0,0.0
4.857293241024099,-24.84071287018384,20.599999999999998,0.0,0.0,0.0
4.868561576432652,-24.839484077290294,20.59999999999999,0.0,0.0,0.0
4.879829314109954,-24.838257262234297,20.599999999999994,0.0,0.0,0.0
4.89109645407825,-24.83703242922603,20.59999999999999,0.0,0.0,0.0
4.90236299636133,-24.835809582475743,20.59999999999999,0.0,0.0,0.0
4.913628940984424,-24.83458872619381,20.59999999999999,0.0,0.0,0.0
4.9248942879744275,-24.833369864590736,20.59999999999999,0.0,0.0,0.0
4.9361590373595385,-24.83215300187707,20.59999999999999,0.0,0.0,0.0
4.947423189169514,-24.830938142263534,20.59999999999999,0.0,0.0,0.0
4.958686743435526,-24.829725289960898,20.59999999999999,0.0,0.0,0.0
4.969949700190442,-24.828514449180094,20.59999999999999,0.0,0.0,0.0
4.9812120594684055,-24.82730562413211,20.599999999999994,0.0,0.0,0.0
4.992473821305128,-24.826098819028044,20.59999999999999,0.0,0.0,0.0
5.003734985737743,-24.824894038079126,20.599999999999994,0.0,0.0,0.0
5.014995552805055,-24.823691285496686,20.59999999999999,0.0,0.0,0.0
5.026255522547179,-24.82249056549214,20.59999999999999,0.0,0.0,0.0
5.037514895005771,-24.821291882277,20.599999999999987,0.0,0.0,0.0
5.048773670223915,-24.82009524006289,20.59999999999999,0.0,0.0,0.0
5.06003184824637,-24.818900643061557,20.599999999999987,0.0,0.0,0.0
5.071289429119197,-24.81770809548484,20.59999999999999,0.0,0.0,0.0
5.082546412890009,-24.81651760154465,20.599999999999994,0.0,0.0,0.0
5.093802799607839,-24.81532916545304,20.599999999999987,0.0,0.0,0.0
5.105058589323392,-24.814142791422142,20.59999999999999,0.0,0.0,0.0
5.116313782088682,-24.812958483664207,20.59999999999999,0.0,0.0,0.0
5.127568377957268,-24.811776246391563,20.599999999999994,0.0,0.0,0.0
5.138822376984131,-24.81059608381666,20.59999999999999,0.0,0.0,0.0
5.150075779225926,-24.809418000152032,20.59999999999999,0.0,0.0,0.0
5.161328584740614,-24.808241999610335,20.59999999999999,0.0,0.0,0.0
5.172580793587697,-24.807068086404296,20.599999999999994,0.0,0.0,0.0
5.183832405828105,-24.805896264746753,20.59999999999999,0.0,0.0,0.0
5.19508342152444,-24.804726538850666,20.599999999999998,0.0,0.0,0.0
5.206333840740604,-24.80355891292906,20.59999999999999,0.0,0.0,0.0
5.217583663542049,-24.80239339119509,20.59999999999999,0.0,0.0,0.0
5.228832889995644,-24.801229977861958,20.59999999999999,0.0,0.0,0.0
5.240081520169938,-24.800068677143027,20.59999999999999,0.0,0.0,0.0
5.251329554134777,-24.798909493251735,20.599999999999994,0.0,0.0,0.0
5.262576991961555,-24.79775243040159,20.599999999999994,0.0,0.0,0.0
5.273823833723082,-24.796597492806235,20.59999999999999,0.0,0.0,0.0
5.285070079493852,-24.795444684679392,20.599999999999994,0.0,0.0,0.0
5.296315729349648,-24.794294010234893,20.599999999999987,0.0,0.0,0.0
5.307560783367807,-24.793145473686625,20.599999999999994,0.0,0.0,0.0
5.318805241627081,-24.79199907924863,20.59999999999999,0.0,0.0,0.0
5.330049104207902,-24.79085483113501,20.59999999999999,0.0,0.0,0.0
5.341292371191992,-24.78971273355997,20.59999999999999,0.0,0.0,0.0
5.3525350426626295,-24.78857279073781,20.599999999999994,0.0,0.0,0.0
5.363777118704503,-24.78743500688293,20.59999999999999,0.0,0.0,0.0
5.375018599403986,-24.78629938620982,20.599999999999987,0.0,0.0,0.0
5.386259484848733,-24.78516593293307,20.59999999999999,0.0,0.0,0.0
5.3974997751279625,-24.784034651267344,20.59999999999999,0.0,0.0,0.0
5.408739470332299,-24.78290554542743,20.599999999999987,0.0,0.0,0.0
5.4199785705540515,-24.78177861962818,20.599999999999987,0.0,0.0,0.0
5.431217075886814,-24.780653878084582,20.599999999999987,0.0,0.0,0.0
5.442454986425735,-24.779531325011668,20.59999999999999,0.0,0.0,0.0
5.4536923022674415,-24.778410964624587,20.599999999999987,0.0,0.0,0.0
5.464929023509985,-24.77729280113857,20.59999999999999,0.0,0.0,0.0
5.476165150253081,-24.776176838768976,20.599999999999984,0.0,0.0,0.0
