galstreams/tracks/track.st.Orinoco.grillmair2017.ecsv
# %ECSV 0.9
# ---
# datatype:
# - {name: ra, unit: deg, datatype: float64}
# - {name: dec, unit: deg, datatype: float64}
# - {name: distance, unit: kpc, datatype: float64}
# - {name: pm_ra_cosdec, unit: mas / yr, datatype: float64}
# - {name: pm_dec, unit: mas / yr, datatype: float64}
# - {name: radial_velocity, unit: km / s, datatype: float64}
# delimiter: ','
# meta: !!omap
# - __serialized_columns__:
#     dec:
#       __class__: astropy.coordinates.angles.Latitude
#       unit: &id001 !astropy.units.Unit {unit: deg}
#       value: !astropy.table.SerializedColumn {name: dec}
#     distance:
#       __class__: astropy.coordinates.distances.Distance
#       unit: !astropy.units.Unit {unit: kpc}
#       value: !astropy.table.SerializedColumn {name: distance}
#     pm_dec:
#       __class__: astropy.units.quantity.Quantity
#       unit: !astropy.units.Unit {unit: mas / yr}
#       value: !astropy.table.SerializedColumn {name: pm_dec}
#     pm_ra_cosdec:
#       __class__: astropy.units.quantity.Quantity
#       unit: !astropy.units.Unit {unit: mas / yr}
#       value: !astropy.table.SerializedColumn {name: pm_ra_cosdec}
#     ra:
#       __class__: astropy.coordinates.angles.Longitude
#       unit: *id001
#       value: !astropy.table.SerializedColumn {name: ra}
#       wrap_angle: !astropy.coordinates.Angle
#         unit: *id001
#         value: 360.0
#     radial_velocity:
#       __class__: astropy.units.quantity.Quantity
#       unit: !astropy.units.Unit {unit: km / s}
#       value: !astropy.table.SerializedColumn {name: radial_velocity}
# schema: astropy-2.0
ra,dec,distance,pm_ra_cosdec,pm_dec,radial_velocity
[from data line 1683]
18.710297316641604,-26.251548325582583,20.6,0.0,0.0,0.0
18.721322819466117,-26.256135538931343,20.6,0.0,0.0,0.0
18.732348942678733,-26.260730014472184,20.599999999999998,0.0,0.0,0.0
18.74337568829414,-26.265331756328184,20.6,0.0,0.0,0.0
18.754403058329125,-26.2699407686222,20.599999999999998,0.0,0.0,0.0
18.765431054802498,-26.27455705547679,20.6,0.0,0.0,0.0
18.776459679735144,-26.279180621014266,20.6,0.0,0.0,0.0
18.787488935149998,-26.283811469356714,20.6,0.0,0.0,0.0
18.798518823072044,-26.288449604625907,20.6,0.0,0.0,0.0
18.809549345528357,-26.293095030943384,20.600000000000005,0.0,0.0,0.0
18.820580504548047,-26.29774775243045,20.600000000000005,0.0,0.0,0.0
18.83161230216232,-26.302407773208138,20.600000000000005,0.0,0.0,0.0
18.84264474040442,-26.30707509739719,20.6,0.0,0.0,0.0
18.85367782130967,-26.311749729118116,20.6,0.0,0.0,0.0
18.864711546915473,-26.316431672491166,20.6,0.0,0.0,0.0
18.875745919261306,-26.32112093163633,20.6,0.0,0.0,0.0
18.88678094038871,-26.32581751067332,20.6,0.0,0.0,0.0
18.89781661234132,-26.330521413721613,20.6,0.0,0.0,0.0
18.908852937164827,-26.335232644900398,20.6,0.0,0.0,0.0
18.91988991690703,-26.339951208328625,20.599999999999998,0.0,0.0,0.0
18.930927553617792,-26.344677108124962,20.6,0.0,0.0,0.0
18.941965849349064,-26.349410348407822,20.600000000000005,0.0,0.0,0.0
18.953004806154894,-26.354150933295365,20.6,0.0,0.0,0.0
18.96404442609141,-26.358898866905466,20.6,0.0,0.0,0.0
18.975084711216837,-26.363654153355764,20.6,0.0,0.0,0.0
18.986125663591483,-26.368416796763604,20.6,0.0,0.0,0.0
18.997167285277772,-26.373186801246085,20.6,0.0,0.0,0.0
19.0082095783402,-26.377964170920038,20.600000000000005,0.0,0.0,0.0
19.01925254484538,-26.38274890990203,20.600000000000005,0.0,0.0,0.0
19.03029618686201,-26.387541022308362,20.6,0.0,0.0,0.0
19.041340506460905,-26.392340512255053,20.600000000000005,0.0,0.0,0.0
19.05238550571499,-26.397147383857885,20.6,0.0,0.0,0.0
19.063431186699273,-26.40196164123234,20.600000000000005,0.0,0.0,0.0
19.074477551490897,-26.406783288493674,20.599999999999998,0.0,0.0,0.0
19.08552460216909,-26.411612329756828,20.6,0.0,0.0,0.0
19.09657234081522,-26.416448769136522,20.6,0.0,0.0,0.0
19.107620769512753,-26.421292610747162,20.600000000000005,0.0,0.0,0.0
19.11866989034728,-26.42614385870293,20.6,0.0,0.0,0.0
19.1297197054065,-26.431002517117697,20.6,0.0,0.0,0.0
19.140770216780243,-26.435868590105088,20.6,0.0,0.0,0.0
19.151821426560456,-26.44074208177847,20.600000000000005,0.0,0.0,0.0
19.162873336841226,-26.445622996250925,20.6,0.0,0.0,0.0
19.17392594971874,-26.45051133763523,20.60000000000001,0.0,0.0,0.0
19.184979267291354,-26.45540711004397,20.600000000000005,0.0,0.0,0.0
19.196033291659507,-26.460310317589393,20.6,0.0,0.0,0.0
19.207088024925802,-26.465220964383494,20.600000000000005,0.0,0.0,0.0
19.218143469194985,-26.470139054538006,20.6,0.0,0.0,0.0
19.229199626573912,-26.47506459216438,20.6,0.0,0.0,0.0
19.240256499171604,-26.479997581373794,20.6,0.0,0.0,0.0
19.251314089099196,-26.484938026277156,20.60000000000001,0.0,0.0,0.0
19.26237239847,-26.48988593098511,20.600000000000005,0.0,0.0,0.0
19.27343142939945,-26.49484129960802,20.6,0.0,0.0,0.0
19.284491184005137,-26.499804136255932,20.6,0.0,0.0,0.0
19.295551664406798,-26.504774445038706,20.600000000000005,0.0,0.0,0.0
19.306612872726326,-26.509752230065857,20.60000000000001,0.0,0.0,0.0
19.31767481108777,-26.514737495446646,20.6,0.0,0.0,0.0
19.328737481617328,-26.519730245290056,20.600000000000005,0.0,0.0,0.0
19.339800886443363,-26.52473048370481,20.600000000000012,0.0,0.0,0.0
19.3508650276964,-26.529738214799327,20.600000000000005,0.0,0.0,0.0
19.36192990750913,-26.53475344268177,20.6,0.0,0.0,0.0
19.372995528016386,-26.539776171460023,20.6,0.0,0.0,0.0
19.3840618913552,-26.544806405241676,20.600000000000005,0.0,0.0,0.0
19.39512899966475,-26.549844148134053,20.600000000000005,0.0,0.0,0.0
19.4061968550864,-26.5548894042442,20.600000000000005,0.0,0.0,0.0
19.417265459763676,-26.55994217767889,20.600000000000005,0.0,0.0,0.0
19.428334815842298,-26.56500247254461,20.6,0.0,0.0,0.0
19.439404925470136,-26.570070292947552,20.6,0.0,0.0,0.0
19.45047579079727,-26.57514564299366,20.600000000000005,0.0,0.0,0.0
19.461547413975943,-26.580228526788574,20.600000000000005,0.0,0.0,0.0
19.472619797160593,-26.585318948437664,20.6,0.0,0.0,0.0
19.483692942507837,-26.59041691204603,20.6,0.0,0.0,0.0
19.49476685217647,-26.595522421718435,20.600000000000005,0.0,0.0,0.0
19.50584152832752,-26.60063548155944,20.600000000000005,0.0,0.0,0.0
19.51691697312416,-26.60575609567326,20.6,0.0,0.0,0.0
19.5279931887318,-26.61088426816388,20.600000000000005,0.0,0.0,0.0
19.53907017731801,-26.616020003134945,20.600000000000005,0.0,0.0,0.0
19.550147941052582,-26.621163304689865,20.600000000000005,0.0,0.0,0.0
19.561226482107507,-26.62631417693175,20.600000000000005,0.0,0.0,0.0
19.57230580265699,-26.63147262396342,20.600000000000005,0.0,0.0,0.0
19.583385904877428,-26.636638649887395,20.600000000000005,0.0,0.0,0.0
19.594466790947433,-26.641812258805952,20.6,0.0,0.0,0.0
19.605548463047814,-26.646993454821047,20.60000000000001,0.0,0.0,0.0
19.616630923361633,-26.652182242034378,20.600000000000005,0.0,0.0,0.0
19.627714174074125,-26.65737862454732,20.600000000000005,0.0,0.0,0.0
19.638798217372763,-26.662582606461,20.600000000000005,0.0,0.0,0.0
19.64988305544725,-26.667794191876244,20.600000000000005,0.0,0.0,0.0
19.66096869048949,-26.673013384893576,20.600000000000005,0.0,0.0,0.0
19.67205512469363,-26.678240189613255,20.6,0.0,0.0,0.0
19.68314236025603,-26.68347461013523,20.600000000000005,0.0,0.0,0.0
19.694230399375293,-26.68871665055919,20.6,0.0,0.0,0.0
19.70531924425225,-26.6939663149845,20.6,0.0,0.0,0.0
19.71640889708997,-26.699223607510277,20.6,0.0,0.0,0.0
19.727499360093734,-26.704488532235295,20.60000000000001,0.0,0.0,0.0
19.73859063547111,-26.70976109325811,20.60000000000001,0.0,0.0,0.0
19.74968272543186,-26.71504129467691,20.600000000000005,0.0,0.0,0.0
19.76077563218802,-26.72032914058965,20.600000000000005,0.0,0.0,0.0
19.771869357953857,-26.725624635093965,20.600000000000005,0.0,0.0,0.0
19.78296390494589,-26.730927782287203,20.6,0.0,0.0,0.0
19.794059275382896,-26.73623858626643,20.6,0.0,0.0,0.0
19.805155471485893,-26.741557051128414,20.6,0.0,0.0,0.0
19.816252495478167,-26.746883180969622,20.6,0.0,0.0,0.0
19.82735034958526,-26.75221697988624,20.60000000000001,0.0,0.0,0.0
19.838449036034966,-26.757558451974155,20.60000000000001,0.0,0.0,0.0
19.849548557057357,-26.762907601328966,20.6,0.0,0.0,0.0
19.860648914884734,-26.768264432045964,20.600000000000005,0.0,0.0,0.0
19.871750111751723,-26.773628948220146,20.60000000000001,0.0,0.0,0.0
19.88285214989518,-26.77900115394625,20.600000000000005,0.0,0.0,0.0
19.893955031554228,-26.784381053318658,20.60000000000001,0.0,0.0,0.0
19.9050587589703,-26.789768650431512,20.60000000000001,0.0,0.0,0.0
19.916163334387083,-26.795163949378622,20.60000000000001,0.0,0.0,0.0
19.92726876005053,-26.800566954253508,20.600000000000012,0.0,0.0,0.0
19.93837503820892,-26.805977669149424,20.600000000000005,0.0,0.0,0.0
19.949482171112766,-26.811396098159268,20.60000000000001,0.0,0.0,0.0
19.960590161014917,-26.816822245375693,20.6,0.0,0.0,0.0
19.971699010170457,-26.822256114891022,20.600000000000012,0.0,0.0,0.0
19.98280872083682,-26.827697710797302,20.60000000000001,0.0,0.0,0.0
19.993919295273702,-26.833147037186258,20.600000000000012,0.0,0.0,0.0
20.005030735743098,-26.838604098149343,20.600000000000005,0.0,0.0,0.0
20.016143044509295,-26.844068897777674,20.60000000000001,0.0,0.0,0.0
20.02725622383891,-26.849541440162103,20.600000000000012,0.0,0.0,0.0
20.038370276000855,-26.855021729393155,20.60000000000001,0.0,0.0,0.0
20.049485203266315,-26.860509769561084,20.60000000000001,0.0,0.0,0.0
20.060601007908826,-26.8660055647558,20.60000000000001,0.0,0.0,0.0
20.071717692204228,-26.871509119066943,20.60000000000001,0.0,0.0,0.0
20.082835258430663,-26.877020436583848,20.600000000000012,0.0,0.0,0.0
20.093953708868604,-26.882539521395536,20.60000000000001,0.0,0.0,0.0
20.105073045800825,-26.888066377590732,20.60000000000001,0.0,0.0,0.0
20.116193271512444,-26.893601009257853,20.60000000000001,0.0,0.0,0.0
20.1273143882909,-26.899143420485025,20.600000000000005,0.0,0.0,0.0
20.138436398425938,-26.90469361536004,20.60000000000001,0.0,0.0,0.0
20.14955930420967,-26.91025159797042,20.60000000000001,0.0,0.0,0.0
20.160683107936492,-26.915817372403364,20.60000000000001,0.0,0.0,0.0
20.171807811903193,-26.921390942745756,20.60000000000001,0.0,0.0,0.0
20.182933418408854,-26.926972313084196,20.600000000000005,0.0,0.0,0.0
20.194059929754918,-26.932561487504977,20.60000000000001,0.0,0.0,0.0
20.205187348245154,-26.938158470094052,20.600000000000005,0.0,0.0,0.0
20.216315676185705,-26.9437632649371,20.60000000000001,0.0,0.0,0.0
20.22744491588503,-26.949375876119493,20.60000000000001,0.0,0.0,0.0
20.23857506965397,-26.95499630772626,20.600000000000012,0.0,0.0,0.0
20.249706139805696,-26.960624563842174,20.60000000000001,0.0,0.0,0.0
20.260838128655745,-26.96626064855165,20.60000000000001,0.0,0.0,0.0
20.27197103852201,-26.971904565938836,20.60000000000001,0.0,0.0,0.0
20.283104871724742,-26.977556320087512,20.60000000000001,0.0,0.0,0.0
20.294239630586567,-26.983215915081217,20.60000000000001,0.0,0.0,0.0
20.30537531743247,-26.988883355003132,20.60000000000001,0.0,0.0,0.0
20.316511934589812,-26.994558643936138,20.60000000000001,0.0,0.0,0.0
20.327649484388314,-27.000241785962825,20.600000000000005,0.0,0.0,0.0
20.33878796916009,-27.00593278516545,20.60000000000001,0.0,0.0,0.0
20.349927391239603,-27.011631645625943,20.60000000000001,0.0,0.0,0.0
20.361067752963727,-27.017338371425957,20.600000000000012,0.0,0.0,0.0
20.372209056671707,-27.023052966646826,20.600000000000005,0.0,0.0,0.0
20.38335130470517,-27.028775435369532,20.6,0.0,0.0,0.0
20.394494499408122,-27.034505781674792,20.60000000000001,0.0,0.0,0.0
20.405638643126995,-27.040244009642976,20.60000000000001,0.0,0.0,0.0
20.41678373821058,-27.045990123354162,20.60000000000001,0.0,0.0,0.0
20.427929787010076,-27.051744126888103,20.60000000000001,0.0,0.0,0.0
20.439076791879085,-27.0575060243242,20.600000000000012,0.0,0.0,0.0
20.45022475517361,-27.063275819741623,20.60000000000001,0.0,0.0,0.0
20.46137367925205,-27.06905351721914,20.60000000000001,0.0,0.0,0.0
20.47252356647522,-27.074839120835257,20.600000000000016,0.0,0.0,0.0
20.483674419206366,-27.08063263466813,20.60000000000001,0.0,0.0,0.0
20.49482623981109,-27.086434062795615,20.600000000000016,0.0,0.0,0.0
20.505979030657475,-27.092243409295246,20.600000000000012,0.0,0.0,0.0
20.517132794115977,-27.098060678244227,20.600000000000012,0.0,0.0,0.0
20.52828753255949,-27.10388587371948,20.600000000000016,0.0,0.0,0.0
20.539443248363344,-27.109718999797554,20.600000000000012,0.0,0.0,0.0
20.55059994390528,-27.115560060554714,20.60000000000001,0.0,0.0,0.0
20.561757621565466,-27.121409060066895,20.600000000000012,0.0,0.0,0.0
20.572916283726524,-27.127266002409716,20.600000000000016,0.0,0.0,0.0
20.584075932773484,-27.133130891658467,20.600000000000016,0.0,0.0,0.0
20.595236571093842,-27.13900373188812,20.600000000000016,0.0,0.0,0.0
20.606398201077525,-27.144884527173318,20.60000000000001,0.0,0.0,0.0
20.617560825116882,-27.150773281588403,20.600000000000012,0.0,0.0,0.0
20.628724445606743,-27.156669999207377,20.600000000000012,0.0,0.0,0.0
20.639889064944377,-27.162574684103905,20.60000000000001,0.0,0.0,0.0
20.651054685529495,-27.16848734035136,20.600000000000016,0.0,0.0,0.0
20.66222130976428,-27.17440797202277,20.600000000000016,0.0,0.0,0.0
20.673388940053368,-27.180336583190847,20.600000000000012,0.0,0.0,0.0
20.68455757880384,-27.186273177927962,20.60000000000002,0.0,0.0,0.0
20.695727228425284,-27.192217760306196,20.600000000000012,0.0,0.0,0.0
20.706897891329696,-27.198170334397247,20.600000000000012,0.0,0.0,0.0
20.71806956993159,-27.204130904272553,20.600000000000012,0.0,0.0,0.0
20.729242266647937,-27.210099474003172,20.600000000000012,0.0,0.0,0.0
20.740415983898192,-27.21607604765988,20.60000000000001,0.0,0.0,0.0
20.751590724104265,-27.222060629313074,20.600000000000012,0.0,0.0,0.0
20.76276648969058,-27.228053223032845,20.600000000000016,0.0,0.0,0.0
20.773943283084026,-27.234053832888986,20.60000000000001,0.0,0.0,0.0
20.785121106713994,-27.24006246295092,20.600000000000012,0.0,0.0,0.0
20.796299963012345,-27.246079117287753,20.600000000000016,0.0,0.0,0.0
20.80747985441346,-27.252103799968268,20.600000000000012,0.0,0.0,0.0
20.818660783354204,-27.25813651506091,20.600000000000012,0.0,0.0,0.0
20.829842752273933,-27.2641772666338,20.600000000000012,0.0,0.0,0.0
20.841025763614525,-27.27022605875473,20.600000000000012,0.0,0.0,0.0
20.85220981982036,-27.276282895491143,20.600000000000016,0.0,0.0,0.0
20.863394923338305,-27.28234778091015,20.600000000000016,0.0,0.0,0.0
20.874581076617776,-27.288420719078566,20.600000000000012,0.0,0.0,0.0
20.88576828211067,-27.294501714062836,20.600000000000012,0.0,0.0,0.0
20.896956542271436,-27.30059076992907,20.600000000000012,0.0,0.0,0.0
20.908145859557017,-27.306687890743085,20.600000000000005,0.0,0.0,0.0
20.919336236426872,-27.31279308057031,20.600000000000016,0.0,0.0,0.0
20.930527675343043,-27.31890634347588,20.600000000000012,0.0,0.0,0.0
20.941720178770037,-27.325027683524564,20.600000000000012,0.0,0.0,0.0
20.952913749174936,-27.331157104780825,20.60000000000001,0.0,0.0,0.0
20.964108389027338,-27.337294611308767,20.60000000000001,0.0,0.0,0.0
20.975304100799395,-27.343440207172172,20.60000000000001,0.0,0.0,0.0
20.986500886965793,-27.349593896434474,20.600000000000012,0.0,0.0,0.0
20.997698750003764,-27.355755683158765,20.600000000000012,0.0,0.0,0.0
21.0088976923931,-27.361925571407824,20.600000000000016,0.0,0.0,0.0
21.020097716616142,-27.368103565244084,20.600000000000016,0.0,0.0,0.0
21.031298825157773,-27.3742896687296,20.600000000000012,0.0,0.0,0.0
21.04250102050545,-27.380483885926132,20.600000000000016,0.0,0.0,0.0
21.053704305149196,-27.386686220895108,20.600000000000016,0.0,0.0,0.0
21.06490868158158,-27.39289667769757,20.60000000000001,0.0,0.0,0.0
21.076114152297745,-27.399115260394236,20.600000000000016,0.0,0.0,0.0
21.087320719795418,-27.405341973045516,20.600000000000016,0.0,0.0,0.0
21.09852838657489,-27.411576819711435,20.60000000000002,0.0,0.0,0.0
21.109737155139044,-27.417819804451696,20.600000000000023,0.0,0.0,0.0
21.120947027993317,-27.424070931325662,20.60000000000002,0.0,0.0,0.0
21.132158007645767,-27.43033020439236,20.600000000000016,0.0,0.0,0.0
21.143370096606994,-27.43659762771043,20.600000000000016,0.0,0.0,0.0
21.15458329739023,-27.442873205338216,20.600000000000016,0.0,0.0,0.0
21.16579761251128,-27.44915694133371,20.600000000000016,0.0,0.0,0.0
21.177013044488564,-27.455448839754535,20.600000000000016,0.0,0.0,0.0
21.188229595843072,-27.461748904657995,20.600000000000016,0.0,0.0,0.0
21.199447269098425,-27.468057140101028,20.600000000000023,0.0,0.0,0.0
21.21066606678085,-27.47437355014025,20.600000000000016,0.0,0.0,0.0
21.221885991419168,-27.480698138831897,20.600000000000016,0.0,0.0,0.0
21.233107045544827,-27.487030910231887,20.600000000000016,0.0,0.0,0.0
21.24432923169189,-27.493371868395776,20.600000000000016,0.0,0.0,0.0
21.255552552397038,-27.49972101737877,20.600000000000012,0.0,0.0,0.0
21.266777010199565,-27.506078361235737,20.60000000000002,0.0,0.0,0.0
21.278002607641422,-27.512443904021204,20.600000000000016,0.0,0.0,0.0
21.289229347267163,-27.518817649789305,20.600000000000016,0.0,0.0,0.0
21.30045723162398,-27.525199602593872,20.600000000000016,0.0,0.0,0.0
21.311686263261706,-27.53158976648837,20.600000000000016,0.0,0.0,0.0
21.322916444732826,-27.537988145525897,20.60000000000002,0.0,0.0,0.0
21.334147778592467,-27.54439474375924,20.600000000000012,0.0,0.0,0.0
21.34538026739836,-27.550809565240783,20.600000000000016,0.0,0.0,0.0
21.356613913710948,-27.557232614022578,20.60000000000002,0.0,0.0,0.0
21.3678487200933,-27.56366389415636,20.60000000000002,0.0,0.0,0.0
21.37908468911115,-27.57010340969347,20.600000000000016,0.0,0.0,0.0
21.39032182333286,-27.576551164684876,20.600000000000016,0.0,0.0,0.0
