galstreams/tracks/track.st.Spectre.chandra2022.ecsv
# %ECSV 1.0
# ---
# datatype:
# - {name: ra, unit: deg, datatype: float64}
# - {name: dec, unit: deg, datatype: float64}
# - {name: distance, unit: kpc, datatype: float64}
# - {name: pm_ra_cosdec, unit: mas / yr, datatype: float64}
# - {name: pm_dec, unit: mas / yr, datatype: float64}
# - {name: radial_velocity, unit: km / s, datatype: float64}
# delimiter: ','
# meta: !!omap
# - __serialized_columns__:
#     dec:
#       __class__: astropy.coordinates.angles.Latitude
#       unit: &id001 !astropy.units.Unit {unit: deg}
#       value: !astropy.table.SerializedColumn {name: dec}
#     distance:
#       __class__: astropy.coordinates.distances.Distance
#       unit: !astropy.units.Unit {unit: kpc}
#       value: !astropy.table.SerializedColumn {name: distance}
#     pm_dec:
#       __class__: astropy.units.quantity.Quantity
#       unit: !astropy.units.Unit {unit: mas / yr}
#       value: !astropy.table.SerializedColumn {name: pm_dec}
#     pm_ra_cosdec:
#       __class__: astropy.units.quantity.Quantity
#       unit: !astropy.units.Unit {unit: mas / yr}
#       value: !astropy.table.SerializedColumn {name: pm_ra_cosdec}
#     ra:
#       __class__: astropy.coordinates.angles.Longitude
#       unit: *id001
#       value: !astropy.table.SerializedColumn {name: ra}
#       wrap_angle: !astropy.coordinates.Angle
#         unit: *id001
#         value: 360.0
#     radial_velocity:
#       __class__: astropy.units.quantity.Quantity
#       unit: !astropy.units.Unit {unit: km / s}
#       value: !astropy.table.SerializedColumn {name: radial_velocity}
# schema: astropy-2.0
ra,dec,distance,pm_ra_cosdec,pm_dec,radial_velocity
[from data line 445]
214.352545279489,40.25045564058193,12.500000000000002,-5.643273521294741,-5.399885480141117,-132.95196228062383
214.3434687209644,40.243216259601574,12.500000000000004,-5.642947151274492,-5.401139103096811,-132.91587284680148
214.3343941106293,40.235976165086655,12.500000000000002,-5.642620775555053,-5.402392514801176,-132.87978341297898
214.3253214477764,40.22873535736173,12.500000000000004,-5.6422943942076,-5.4036457153258555,-132.84369397915668
214.3162507316987,40.22149383675118,12.500000000000002,-5.641968007303255,-5.404898704742495,-132.80760454533413
214.30718196168925,40.21425160357929,12.500000000000002,-5.641641614913064,-5.40615148312272,-132.77151511151172
214.29811513704132,40.20700865817015,12.5,-5.641315217108028,-5.407404050538156,-132.73542567768922
214.28905025704836,40.19976500084772,12.500000000000002,-5.640988813959073,-5.408656407060411,-132.6993362438668
214.27998732100383,40.19252063193579,12.500000000000002,-5.640662405537072,-5.409908552761088,-132.6632468100443
214.27092632820148,40.18527555175804,12.500000000000002,-5.640335991912829,-5.411160487711776,-132.627157376222
214.2618672779352,40.17802976063796,12.500000000000002,-5.6400095731570925,-5.4124122119840585,-132.59106794239952
214.25281016949904,40.17078325889888,12.500000000000002,-5.639683149340549,-5.413663725649509,-132.55497850857716
214.24375500218707,40.16353604686404,12.500000000000002,-5.639356720533817,-5.4149150287796886,-132.51888907475467
214.2347017752937,40.15628812485647,12.500000000000004,-5.639030286807463,-5.416166121446151,-132.48279964093226
214.22565048811342,40.149039493199055,12.5,-5.638703848231987,-5.417417003720441,-132.4467102071098
214.21660113994085,40.141790152214575,12.500000000000002,-5.638377404877827,-5.418667675674087,-132.4106207732874
214.20755373007077,40.134540102225614,12.500000000000002,-5.638050956815363,-5.419918137378615,-132.37453133946502
214.19850825779818,40.12728934355463,12.500000000000004,-5.637724504114907,-5.421168388905541,-132.3384419056425
214.18946472241814,40.1200378765239,12.500000000000002,-5.637398046846721,-5.422418430326369,-132.3023524718202
214.18042312322595,40.1127857014556,12.500000000000002,-5.637071585080998,-5.423668261712587,-132.26626303799762
214.171383459517,40.105532818671726,12.500000000000002,-5.636745118887866,-5.424917883135683,-132.23017360417518
214.16234573058688,40.09827922849413,12.500000000000004,-5.636418648337405,-5.426167294667128,-132.19408417035274
214.15330993573133,40.09102493124449,12.5,-5.636092173499626,-5.427416496378391,-132.1579947365303
214.14427607424625,40.083769927244376,12.5,-5.635765694444475,-5.428665488340918,-132.12190530270797
214.13524414542766,40.0765142168152,12.500000000000002,-5.635439211241843,-5.429914270626158,-132.08581586888556
214.1262141485718,40.069257800278166,12.500000000000002,-5.635112723961564,-5.431162843305546,-132.04972643506295
214.11718608297497,40.06200067795442,12.500000000000002,-5.6347862326734015,-5.4324112064504995,-132.01363700124057
214.10815994793373,40.054742850164914,12.500000000000002,-5.634459737447065,-5.433659360132436,-131.97754756741818
214.09913574274475,40.04748431723042,12.500000000000002,-5.634133238352202,-5.434907304422756,-131.94145813359572
214.09011346670482,40.04022507947162,12.500000000000005,-5.6338067354583945,-5.436155039392851,-131.90536869977328
214.08109311911096,40.032965137209,12.5,-5.633480228835175,-5.4374025651141125,-131.86927926595084
214.07207469926033,40.02570449076291,12.500000000000002,-5.633153718552004,-5.438649881657902,-131.83318983212848
214.06305820645017,40.01844314045358,12.5,-5.632827204678287,-5.439896989095588,-131.79710039830593
214.05404363997798,40.01118108660105,12.500000000000002,-5.6325006872833665,-5.441143887498516,-131.76101096448357
214.04503099914137,40.003918329525234,12.500000000000002,-5.632174166436534,-5.442390576938035,-131.72492153066125
214.0360202832381,39.996654869545885,12.500000000000002,-5.6318476422070045,-5.4436370574854696,-131.68883209683872
214.0270114915661,39.98939070698259,12.500000000000002,-5.631521114663944,-5.444883329212142,-131.6527426630163
214.01800462342348,39.98212584215485,12.500000000000002,-5.631194583876459,-5.4461293921893645,-131.6166532291938
214.00899967810844,39.97486027538196,12.500000000000002,-5.6308680499135875,-5.447375246488434,-131.58056379537138
213.9999966549194,39.96759400698307,12.5,-5.630541512844316,-5.4486208921806405,-131.54447436154896
213.99099555315496,39.96032703727721,12.500000000000002,-5.630214972737564,-5.44986632933726,-131.50838492772647
213.98199637211377,39.953059366583254,12.500000000000002,-5.629888429662195,-5.451111558029566,-131.47229549390406
213.97299911109477,39.94579099521989,12.5,-5.629561883687016,-5.452356578328812,-131.43620606008153
213.96400376939695,39.93852192350571,12.5,-5.629235334880764,-5.4536013903062415,-131.40011662625926
213.9550103463195,39.931252151759125,12.500000000000005,-5.628908783312122,-5.454845994033099,-131.36402719243682
213.94601884116184,39.923981680298404,12.499999999999998,-5.628582229049719,-5.456090389580604,-131.32793775861433
213.9370292532234,39.916710509441685,12.500000000000005,-5.6282556721621075,-5.457334577019969,-131.291848324792
213.92804158180385,39.909438639506924,12.500000000000002,-5.627929112717803,-5.458578556422407,-131.25575889096947
213.91905582620302,39.90216607081196,12.500000000000002,-5.627602550785243,-5.459822327859105,-131.2196694571471
213.91007198572098,39.89489280367447,12.500000000000002,-5.62727598643281,-5.461065891401243,-131.1835800233248
213.90109005965775,39.88761883841198,12.500000000000002,-5.62694941972883,-5.462309247119998,-131.1474905895022
213.8921100473137,39.88034417534189,12.500000000000002,-5.626622850741569,-5.46355239508653,-131.11140115567977
213.8831319479893,39.87306881478141,12.500000000000002,-5.626296279539231,-5.464795335371985,-131.07531172185733
213.87415576098513,39.86579275704766,12.500000000000002,-5.625969706189961,-5.4660380680475065,-131.0392222880349
213.865181485602,39.85851600245754,12.500000000000004,-5.625643130761847,-5.46728059318422,-131.00313285421254
213.85620912114084,39.85123855132786,12.500000000000002,-5.625316553322917,-5.468522910853249,-130.96704342039
213.84723866690274,39.84396040397528,12.500000000000002,-5.624989973941133,-5.469765021125688,-130.9309539865676
213.838270122189,39.836681560716286,12.5,-5.624663392684414,-5.471006924072644,-130.8948645527452
213.82930348630094,39.82940202186721,12.500000000000002,-5.6243368096205995,-5.472248619765194,-130.8587751189228
213.82033875854026,39.822121787744265,12.500000000000002,-5.62401022481748,-5.473490108274415,-130.82268568510028
213.81137593820858,39.81484085866352,12.5,-5.623683638342793,-5.474731389671367,-130.78659625127776
213.80241502460788,39.80755923494088,12.500000000000002,-5.623357050264203,-5.475972464027102,-130.7505068174554
213.7934560170402,39.800276916892074,12.500000000000002,-5.623030460649327,-5.477213331412659,-130.71441738363296
213.78449891480776,39.79299390483274,12.500000000000002,-5.62270386956572,-5.478453991899069,-130.67832794981064
213.77554371721288,39.78571019907835,12.500000000000002,-5.62237727708087,-5.479694445557346,-130.6422385159882
213.76659042355817,39.778425799944195,12.500000000000004,-5.62205068326222,-5.4809346924585,-130.60614908216573
213.7576390331463,39.771140707745474,12.500000000000002,-5.621724088177144,-5.482174732673527,-130.57005964834323
213.7486895452801,39.7638549227972,12.5,-5.62139749189296,-5.4834145662734075,-130.53397021452082
213.7397419592626,39.75656844541425,12.500000000000002,-5.621070894476926,-5.484654193329115,-130.49788078069844
213.730796274397,39.74928127591135,12.500000000000002,-5.620744295996246,-5.485893613911613,-130.4617913468758
213.72185248998665,39.74199341460311,12.500000000000002,-5.6204176965180626,-5.487132828091847,-130.4257019130536
213.712910605335,39.73470486180393,12.500000000000002,-5.620091096109453,-5.488371835940761,-130.3896124792311
213.70397061974572,39.72741561782813,12.500000000000002,-5.6197644948374466,-5.48961063752928,-130.35352304540868
213.69503253252267,39.72012568298983,12.500000000000002,-5.61943789276901,-5.490849232928318,-130.3174336115863
213.68609634296982,39.71283505760305,12.5,-5.619111289971052,-5.492087622208782,-130.28134417776388
213.67716205039127,39.705543741981636,12.500000000000002,-5.618784686510416,-5.493325805441565,-130.24525474394142
213.66822965409136,39.698251736439275,12.500000000000002,-5.6184580824538966,-5.494563782697547,-130.2091653101188
213.65929915337455,39.690959041289545,12.500000000000002,-5.6181314778682285,-5.495801554047601,-130.17307587629654
213.6503705475455,39.683665656845854,12.500000000000002,-5.617804872820084,-5.497039119562578,-130.136986442474
213.64144383590894,39.67637158342148,12.500000000000004,-5.617478267376081,-5.498276479313331,-130.10089700865169
213.63251901776985,39.66907682132951,12.500000000000002,-5.617151661602772,-5.499513633370697,-130.06480757482913
213.62359609243336,39.66178137088295,12.5,-5.616825055566666,-5.500750581805494,-130.02871814100675
213.61467505920467,39.65448523239461,12.500000000000002,-5.616498449334197,-5.50198732468854,-129.9926287071842
213.60575591738927,39.6471884061772,12.500000000000002,-5.61617184297175,-5.5032238620906275,-129.95653927336178
213.5968386662928,39.639890892543235,12.500000000000002,-5.615845236545653,-5.50446019408255,-129.9204498395395
213.5879233052209,39.6325926918051,12.500000000000002,-5.61551863012217,-5.505696320735088,-129.88436040571693
213.5790098334796,39.625293804275046,12.500000000000002,-5.615192023767515,-5.506932242118999,-129.84827097189455
213.57009825037488,39.617994230265175,12.500000000000002,-5.614865417547834,-5.508167958305042,-129.81218153807205
213.5611885552131,39.610693970087446,12.500000000000002,-5.614538811529227,-5.509403469363956,-129.77609210424976
213.55228074730059,39.60339302405365,12.500000000000002,-5.6142122057777275,-5.5106387753664725,-129.74000267042723
213.54337482594394,39.596091392475465,12.500000000000002,-5.613885600359316,-5.511873876383309,-129.7039132366048
213.5344707904499,39.58878907566443,12.500000000000002,-5.613558995339909,-5.513108772485168,-129.66782380278252
213.5255686401253,39.58148607393187,12.500000000000002,-5.613232390785373,-5.5143434637427475,-129.63173436896002
213.5166683742773,39.57418238758904,12.500000000000002,-5.612905786761512,-5.515577950226728,-129.5956449351376
213.50776999221299,39.566878016947015,12.500000000000002,-5.612579183334075,-5.516812232007783,-129.55955550131503
213.49887349323984,39.559572962316736,12.500000000000005,-5.612252580568752,-5.518046309156565,-129.52346606749273
213.48997887666536,39.552267224008986,12.500000000000002,-5.611925978531179,-5.519280181743729,-129.48737663367024
213.48108614179728,39.54496080233443,12.500000000000002,-5.611599377286927,-5.520513849839903,-129.4512871998478
213.47219528794346,39.537653697603545,12.5,-5.611272776901516,-5.521747313515707,-129.41519776602536
213.46330631441194,39.530345910126705,12.5,-5.6109461774404075,-5.522980572841758,-129.37910833220286
213.45441922051089,39.52303744021412,12.500000000000002,-5.610619578969002,-5.524213627888647,-129.34301889838054
213.4455340055487,39.51572828817585,12.500000000000002,-5.610292981552654,-5.525446478726964,-129.30692946455815
213.43665066883386,39.50841845432182,12.500000000000004,-5.609966385256646,-5.526679125427284,-129.27084003073568
213.4277692096751,39.50110793896182,12.5,-5.609639790146213,-5.527911568060168,-129.23475059691333
213.41888962738122,39.49379674240546,12.500000000000002,-5.609313196286525,-5.529143806696164,-129.19866116309066
213.4100119212613,39.48648486496226,12.500000000000004,-5.608986603742708,-5.530375841405808,-129.16257172926825
213.40113609062442,39.47917230694153,12.500000000000002,-5.608660012579817,-5.531607672259631,-129.12648229544584
213.39226213478,39.47185906865249,12.500000000000002,-5.608333422862859,-5.532839299328137,-129.09039286162343
213.38339005303752,39.464545150404206,12.500000000000002,-5.608006834656782,-5.534070722681835,-129.05430342780096
213.37451984470664,39.45723055250557,12.500000000000002,-5.607680248026474,-5.5353019423912055,-129.01821399397866
213.3656515090972,39.449915275265354,12.500000000000004,-5.607353663036768,-5.536532958526729,-128.9821245601563
213.3567850455192,39.44259931899219,12.500000000000004,-5.607027079752443,-5.537763771158869,-128.9460351263337
213.34792045328277,39.43528268399455,12.500000000000002,-5.606700498238222,-5.538994380358078,-128.90994569251137
213.33905773169826,39.42796537058076,12.5,-5.606373918558764,-5.5402247861947895,-128.87385625868887
213.33019688007616,39.420647379059034,12.500000000000002,-5.606047340778674,-5.541454988739433,-128.83776682486638
213.32133789772712,39.4133287097374,12.500000000000002,-5.605720764962509,-5.542684988062423,-128.80167739104397
213.31248078396195,39.40600936292378,12.500000000000002,-5.605394191174755,-5.543914784234156,-128.76558795722167
213.30362553809164,39.39868933892592,12.5,-5.605067619479858,-5.545144377325029,-128.7294985233992
213.29477215942728,39.391368638051425,12.500000000000002,-5.604741049942188,-5.546373767405411,-128.69340908957662
213.28592064728028,39.384047260607794,12.500000000000002,-5.604414482626079,-5.54760295454567,-128.65731965575412
213.27707100096205,39.37672520690236,12.500000000000002,-5.604087917595796,-5.5488319388161536,-128.6212302219319
213.26822321978426,39.369402477242275,12.500000000000004,-5.603761354915548,-5.550060720287201,-128.58514078810947
213.25937730305867,39.362079071934616,12.5,-5.603434794649495,-5.5512892990291425,-128.54905135428692
213.25053325009728,39.35475499128626,12.500000000000002,-5.603108236861733,-5.552517675112285,-128.5129619204646
213.24169106021225,39.347430235603966,12.500000000000005,-5.602781681616305,-5.553745848606932,-128.47687248664207
213.2328507327158,39.340104805194365,12.500000000000002,-5.602455128977201,-5.5549738195833775,-128.44078305281963
213.22401226692048,39.3327787003639,12.500000000000002,-5.602128579008353,-5.556201588111886,-128.40469361899721
213.21517566213888,39.325451921418924,12.500000000000002,-5.601802031773631,-5.557429154262728,-128.36860418517477
213.20634091768378,39.3181244686656,12.500000000000002,-5.601475487336855,-5.558656518106145,-128.3325147513524
213.19750803286817,39.31079634240997,12.500000000000002,-5.601148945761792,-5.5598836797123825,-128.29642531752995
213.18867700700517,39.30346754295795,12.500000000000002,-5.600822407112145,-5.56111063915166,-128.26033588370748
213.17984783940807,39.296138070615264,12.500000000000002,-5.600495871451568,-5.562337396494189,-128.2242464498851
213.17102052939032,39.28880792568756,12.5,-5.600169338843656,-5.5635639518101705,-128.1881570160627
213.16219507626553,39.28147710848028,12.500000000000002,-5.599842809351948,-5.564790305169787,-128.15206758224025
213.1533714793475,39.27414561929876,12.500000000000004,-5.599516283039925,-5.56601645664321,-128.11597814841775
213.14454973795017,39.26681345844818,12.500000000000002,-5.599189759971024,-5.567242406300606,-128.07988871459526
213.13572985138774,39.259480626233604,12.500000000000004,-5.59886324020861,-5.5684681542121135,-128.04379928077293
213.12691181897435,39.252147122959904,12.5,-5.598536723816004,-5.569693700447873,-128.00770984695043
213.11809564002456,39.244812948931845,12.500000000000002,-5.598210210856466,-5.570919045078,-127.97162041312798
213.109281313853,39.23747810445405,12.500000000000002,-5.597883701393204,-5.572144188172605,-127.93553097930572
213.10046883977438,39.230142589830976,12.500000000000002,-5.597557195489366,-5.573369129801781,-127.89944154548314
213.09165821710366,39.222806405366974,12.5,-5.597230693208051,-5.5745938700356135,-127.8633521116607
