galstreams/tracks/track.ep.Wambelong.shipp2018.ecsv
# %ECSV 0.9
# ---
# datatype:
# - {name: ra, unit: deg, datatype: float64}
# - {name: dec, unit: deg, datatype: float64}
# - {name: distance, unit: kpc, datatype: float64}
# - {name: pm_ra_cosdec, unit: mas / yr, datatype: float64}
# - {name: pm_dec, unit: mas / yr, datatype: float64}
# - {name: radial_velocity, unit: km / s, datatype: float64}
# delimiter: ','
# meta: !!omap
# - __serialized_columns__:
#     dec:
#       __class__: astropy.coordinates.angles.Latitude
#       unit: &id001 !astropy.units.Unit {unit: deg}
#       value: !astropy.table.SerializedColumn {name: dec}
#     distance:
#       __class__: astropy.coordinates.distances.Distance
#       unit: !astropy.units.Unit {unit: kpc}
#       value: !astropy.table.SerializedColumn {name: distance}
#     pm_dec:
#       __class__: astropy.units.quantity.Quantity
#       unit: !astropy.units.Unit {unit: mas / yr}
#       value: !astropy.table.SerializedColumn {name: pm_dec}
#     pm_ra_cosdec:
#       __class__: astropy.units.quantity.Quantity
#       unit: !astropy.units.Unit {unit: mas / yr}
#       value: !astropy.table.SerializedColumn {name: pm_ra_cosdec}
#     ra:
#       __class__: astropy.coordinates.angles.Longitude
#       unit: *id001
#       value: !astropy.table.SerializedColumn {name: ra}
#       wrap_angle: !astropy.coordinates.Angle
#         unit: *id001
#         value: 360.0
#     radial_velocity:
#       __class__: astropy.units.quantity.Quantity
#       unit: !astropy.units.Unit {unit: km / s}
#       value: !astropy.table.SerializedColumn {name: radial_velocity}
# schema: astropy-2.0
ra,dec,distance,pm_ra_cosdec,pm_dec,radial_velocity
90.50000000000003,-45.60000000000001,15.100000000000001,0.0,0.0,0.0
90.43335709240723,-45.54625510542036,15.100000000000001,0.0,0.0,0.0
90.36684154133783,-45.49247153447601,15.100000000000001,0.0,0.0,0.0
90.30045295619026,-45.438649433452134,15.100000000000001,0.0,0.0,0.0
90.23419094727095,-45.38478894804465,15.100000000000001,0.0,0.0,0.0
90.1680551257963,-45.33089022336265,15.100000000000001,0.0,0.0,0.0
90.10204510389411,-45.2769534039305,15.1,0.0,0.0,0.0
90.03616049460555,-45.22297863369042,15.100000000000001,0.0,0.0,0.0
89.97040091188656,-45.168966056004656,15.100000000000001,0.0,0.0,0.0
89.90476597060938,-45.114915813657824,15.1,0.0,0.0,0.0
89.83925528656405,-45.060828048859236,15.1,0.0,0.0,0.0
89.7738684764597,-45.00670290324501,15.100000000000003,0.0,0.0,0.0
89.70860515792612,-44.952540517880664,15.100000000000001,0.0,0.0,0.0
89.6434649495148,-44.898341033263215,15.100000000000001,0.0,0.0,0.0
89.57844747070035,-44.84410458932352,15.1,0.0,0.0,0.0
89.51355234188138,-44.78983132542844,15.100000000000001,0.0,0.0,0.0
89.44877918438193,-44.73552138038331,15.100000000000001,0.0,0.0,0.0
89.38412762045235,-44.68117489243408,15.100000000000001,0.0,0.0,0.0
89.31959727327028,-44.62679199926959,15.1,0.0,0.0,0.0
89.2551877669417,-44.5723728380239,15.100000000000003,0.0,0.0,0.0
89.19089872650157,-44.51791754527831,15.100000000000001,0.0,0.0,0.0
89.126729777915,-44.463426257063965,15.100000000000001,0.0,0.0,0.0
89.06268054807775,-44.40889910886382,15.100000000000001,0.0,0.0,0.0
88.99875066481714,-44.35433623561499,15.100000000000001,0.0,0.0,0.0
88.9349397568926,-44.299737771710994,15.100000000000003,0.0,0.0,0.0
88.87124745399626,-44.24510385100381,15.100000000000001,0.0,0.0,0.0
88.80767338675369,-44.19043460680638,15.100000000000001,0.0,0.0,0.0
88.74421718672433,-44.13573017189458,15.1,0.0,0.0,0.0
88.68087848640194,-44.08099067850956,15.100000000000001,0.0,0.0,0.0
88.61765691921511,-44.026216258359916,15.100000000000001,0.0,0.0,0.0
88.55455211952739,-43.97140704262377,15.100000000000001,0.0,0.0,0.0
88.49156372263802,-43.916563161951196,15.100000000000001,0.0,0.0,0.0
88.42869136478194,-43.86168474646622,15.100000000000001,0.0,0.0,0.0
88.36593468313013,-43.806771925769084,15.100000000000001,0.0,0.0,0.0
88.30329331578967,-43.75182482893829,15.100000000000003,0.0,0.0,0.0
88.2407669018041,-43.69684358453299,15.100000000000003,0.0,0.0,0.0
88.17835508115336,-43.641828320594975,15.100000000000003,0.0,0.0,0.0
88.11605749475399,-43.58677916465086,15.100000000000001,0.0,0.0,0.0
88.0538737844591,-43.531696243714336,15.1,0.0,0.0,0.0
87.99180359305814,-43.47657968428809,15.100000000000001,0.0,0.0,0.0
87.92984656427724,-43.42142961236618,15.100000000000001,0.0,0.0,0.0
87.86800234277884,-43.36624615343607,15.100000000000001,0.0,0.0,0.0
87.80627057416157,-43.311029432480716,15.100000000000003,0.0,0.0,0.0
87.74465090496021,-43.255779573980796,15.100000000000001,0.0,0.0,0.0
87.6831429826452,-43.200496701916606,15.100000000000001,0.0,0.0,0.0
87.62174645562266,-43.145180939770434,15.100000000000001,0.0,0.0,0.0
87.560460973234,-43.08983241052849,15.100000000000001,0.0,0.0,0.0
87.49928618575555,-43.03445123668307,15.100000000000001,0.0,0.0,0.0
87.43822174439825,-42.979037540234636,15.100000000000001,0.0,0.0,0.0
87.37726730130704,-42.923591442693755,15.100000000000001,0.0,0.0,0.0
87.3164225095608,-42.868113065083435,15.100000000000003,0.0,0.0,0.0
87.2556870231715,-42.81260252794101,15.1,0.0,0.0,0.0
87.19506049708403,-42.75705995132029,15.100000000000001,0.0,0.0,0.0
87.13454258717519,-42.70148545479345,15.1,0.0,0.0,0.0
87.07413295025363,-42.64587915745331,15.100000000000003,0.0,0.0,0.0
87.0138312440589,-42.590241177915274,15.100000000000001,0.0,0.0,0.0
86.95363712726096,-42.534571634319335,15.100000000000001,0.0,0.0,0.0
86.8935502594594,-42.47887064433217,15.100000000000001,0.0,0.0,0.0
86.83357030118275,-42.42313832514902,15.1,0.0,0.0,0.0
86.77369691388783,-42.36737479349592,15.100000000000001,0.0,0.0,0.0
86.7139297599589,-42.31158016563158,15.100000000000001,0.0,0.0,0.0
86.65426850270688,-42.25575455734939,15.100000000000003,0.0,0.0,0.0
86.59471280636858,-42.19989808397951,15.100000000000001,0.0,0.0,0.0
86.53526233610559,-42.14401086039063,15.1,0.0,0.0,0.0
86.47591675800379,-42.08809300099225,15.1,0.0,0.0,0.0
86.4166757390721,-42.03214461973648,15.100000000000003,0.0,0.0,0.0
86.35753894724176,-41.97616583012007,15.1,0.0,0.0,0.0
86.29850605136522,-41.92015674518634,15.1,0.0,0.0,0.0
86.23957672121509,-41.86411747752709,15.100000000000001,0.0,0.0,0.0
86.18075062748329,-41.80804813928472,15.100000000000001,0.0,0.0,0.0
86.12202744177998,-41.75194884215397,15.100000000000001,0.0,0.0,0.0
86.06340683663232,-41.69581969738408,15.1,0.0,0.0,0.0
86.00488848548345,-41.6396608157804,15.100000000000001,0.0,0.0,0.0
85.94647206269144,-41.58347230770669,15.1,0.0,0.0,0.0
85.88815724352808,-41.527254283086755,15.100000000000001,0.0,0.0,0.0
85.82994370417768,-41.47100685140652,15.100000000000001,0.0,0.0,0.0
85.77183112173591,-41.41473012171586,15.1,0.0,0.0,0.0
85.71381917420848,-41.3584242026304,15.100000000000001,0.0,0.0,0.0
85.65590754051007,-41.302089202333654,15.100000000000001,0.0,0.0,0.0
85.59809590046294,-41.24572522857871,15.100000000000001,0.0,0.0,0.0
85.54038393479566,-41.18933238869018,15.100000000000001,0.0,0.0,0.0
85.48277132514184,-41.13291078956607,15.100000000000001,0.0,0.0,0.0
85.42525775403863,-41.07646053767954,15.100000000000001,0.0,0.0,0.0
85.36784290492567,-41.01998173908094,15.100000000000001,0.0,0.0,0.0
85.31052646214344,-40.96347449939957,15.100000000000003,0.0,0.0,0.0
85.25330811093201,-40.90693892384551,15.100000000000001,0.0,0.0,0.0
85.19618753742961,-40.850375117211506,15.1,0.0,0.0,0.0
85.13916442867105,-40.79378318387462,15.100000000000001,0.0,0.0,0.0
85.0822384725865,-40.7371632277984,15.100000000000001,0.0,0.0,0.0
85.02540935799985,-40.680515352534364,15.100000000000001,0.0,0.0,0.0
84.96867677462735,-40.62383966122406,15.100000000000003,0.0,0.0,0.0
84.91204041307587,-40.567136256600584,15.100000000000001,0.0,0.0,0.0
84.85549996484167,-40.51040524099069,15.100000000000003,0.0,0.0,0.0
84.79905512230866,-40.45364671631639,15.100000000000001,0.0,0.0,0.0
84.74270557874688,-40.39686078409679,15.100000000000001,0.0,0.0,0.0
84.68645102831098,-40.34004754544989,15.100000000000001,0.0,0.0,0.0
84.63029116603848,-40.2832071010942,15.100000000000001,0.0,0.0,0.0
84.57422568784831,-40.226339551350776,15.100000000000001,0.0,0.0,0.0
84.51825429053916,-40.169444996144755,15.1,0.0,0.0,0.0
84.46237667178778,-40.112523535007206,15.100000000000001,0.0,0.0,0.0
84.40659253014738,-40.055575267076854,15.100000000000001,0.0,0.0,0.0
84.35090156504579,-39.998600291101766,15.1,0.0,0.0,0.0
84.29530347678407,-39.941598705441145,15.100000000000001,0.0,0.0,0.0
84.23979796653454,-39.88457060806704,15.100000000000001,0.0,0.0,0.0
84.18438473633921,-39.82751609656607,15.100000000000001,0.0,0.0,0.0
84.129063489108,-39.770435268141085,15.1,0.0,0.0,0.0
84.073833928617,-39.713328219612926,15.100000000000001,0.0,0.0,0.0
84.01869575950673,-39.65619504742211,15.100000000000003,0.0,0.0,0.0
83.9636486872803,-39.599035847630496,15.100000000000001,0.0,0.0,0.0
83.90869241830174,-39.54185071592297,15.100000000000001,0.0,0.0,0.0
83.85382665979412,-39.48463974760919,15.1,0.0,0.0,0.0
83.79905111983777,-39.42740303762514,15.100000000000001,0.0,0.0,0.0
83.74436550736844,-39.370140680534874,15.100000000000001,0.0,0.0,0.0
83.68976953217555,-39.31285277053222,15.1,0.0,0.0,0.0
83.6352629049002,-39.25553940144225,15.1,0.0,0.0,0.0
83.58084533703345,-39.198200666723146,15.100000000000003,0.0,0.0,0.0
83.52651654091439,-39.1408366594677,15.100000000000001,0.0,0.0,0.0
83.47227622972827,-39.083447472404956,15.100000000000001,0.0,0.0,0.0
83.41812411750463,-39.026033197901896,15.100000000000003,0.0,0.0,0.0
83.36405991911539,-38.968593927964996,15.100000000000001,0.0,0.0,0.0
83.31008335027296,-38.911129754241884,15.100000000000001,0.0,0.0,0.0
83.2561941275283,-38.85364076802289,15.100000000000001,0.0,0.0,0.0
83.20239196826901,-38.79612706024274,15.100000000000001,0.0,0.0,0.0
83.14867659071737,-38.73858872148202,15.100000000000001,0.0,0.0,0.0
83.09504771392845,-38.68102584196888,15.100000000000003,0.0,0.0,0.0
83.0415050577881,-38.62343851158055,15.100000000000001,0.0,0.0,0.0
82.98804834301102,-38.56582681984492,15.1,0.0,0.0,0.0
82.93467729113875,-38.50819085594213,15.1,0.0,0.0,0.0
82.88139162453778,-38.45053070870612,15.100000000000001,0.0,0.0,0.0
82.82819106639747,-38.39284646662615,15.100000000000001,0.0,0.0,0.0
82.77507534072807,-38.3351382178484,15.1,0.0,0.0,0.0
82.72204417235876,-38.27740605017752,15.100000000000001,0.0,0.0,0.0
82.66909728693562,-38.21965005107808,15.1,0.0,0.0,0.0
82.61623441091965,-38.161870307676175,15.1,0.0,0.0,0.0
82.56345527158462,-38.10406690676095,15.1,0.0,0.0,0.0
82.51075959701521,-38.046239934786065,15.1,0.0,0.0,0.0
82.45814711610484,-37.98838947787126,15.1,0.0,0.0,0.0
82.40561755855371,-37.93051562180381,15.100000000000003,0.0,0.0,0.0
82.35317065486672,-37.872618452040065,15.100000000000001,0.0,0.0,0.0
82.30080613635135,-37.81469805370691,15.100000000000001,0.0,0.0,0.0
82.24852373511577,-37.75675451160327,15.100000000000001,0.0,0.0,0.0
82.19632318406656,-37.69878791020156,15.099999999999998,0.0,0.0,0.0
82.1442042169068,-37.64079833364923,15.100000000000001,0.0,0.0,0.0
82.09216656813389,-37.58278586577013,15.100000000000001,0.0,0.0,0.0
82.04020997303758,-37.52475059006605,15.100000000000003,0.0,0.0,0.0
81.98833416769772,-37.46669258971815,15.100000000000003,0.0,0.0,0.0
81.93653888898231,-37.408611947588405,15.1,0.0,0.0,0.0
81.88482387454538,-37.350508746221024,15.100000000000001,0.0,0.0,0.0
81.83318886282477,-37.292383067843936,15.1,0.0,0.0,0.0
81.78163359304017,-37.234234994370205,15.100000000000001,0.0,0.0,0.0
81.73015780519094,-37.176064607399404,15.100000000000001,0.0,0.0,0.0
81.67876124005403,-37.117871988219115,15.1,0.0,0.0,0.0
81.62744363918175,-37.05965721780628,15.1,0.0,0.0,0.0
81.57620474489983,-37.00142037682865,15.100000000000001,0.0,0.0,0.0
81.52504430030515,-36.94316154564611,15.100000000000001,0.0,0.0,0.0
81.47396204926365,-36.8848808043122,15.1,0.0,0.0,0.0
81.42295773640822,-36.82657823257537,15.100000000000001,0.0,0.0,0.0
81.37203110713655,-36.768253909880464,15.1,0.0,0.0,0.0
81.321181907609,-36.70990791537002,15.100000000000001,0.0,0.0,0.0
81.2704098847464,-36.651540327885705,15.1,0.0,0.0,0.0
81.21971478622801,-36.59315122596963,15.1,0.0,0.0,0.0
81.16909636048929,-36.53474068786573,15.1,0.0,0.0,0.0
81.11855435671976,-36.476308791521156,15.1,0.0,0.0,0.0
81.06808852486088,-36.41785561458754,15.100000000000001,0.0,0.0,0.0
81.01769861560388,-36.3593812344224,15.100000000000001,0.0,0.0,0.0
80.96738438038761,-36.30088572809045,15.100000000000001,0.0,0.0,0.0
80.91714557139638,-36.24236917236494,15.100000000000003,0.0,0.0,0.0
80.86698194155775,-36.183831643729,15.099999999999998,0.0,0.0,0.0
80.81689324454048,-36.1252732183769,15.100000000000001,0.0,0.0,0.0
80.76687923475227,-36.066693972215404,15.100000000000003,0.0,0.0,0.0
80.71693966733761,-36.008093980865105,15.1,0.0,0.0,0.0
80.66707429817565,-35.949473319661664,15.100000000000001,0.0,0.0,0.0
80.61728288387802,-35.89083206365716,15.100000000000001,0.0,0.0,0.0
80.56756518178663,-35.83217028762133,15.100000000000001,0.0,0.0,0.0
80.51792094997154,-35.7734880660429,15.100000000000003,0.0,0.0,0.0
80.4683499472288,-35.71478547313085,15.100000000000001,0.0,0.0,0.0
80.41885193307822,-35.656062582815686,15.100000000000001,0.0,0.0,0.0
80.36942666776125,-35.597319468750676,15.100000000000001,0.0,0.0,0.0
80.32007391223875,-35.53855620431318,15.100000000000001,0.0,0.0,0.0
80.27079342818895,-35.47977286260585,15.100000000000001,0.0,0.0,0.0
80.22158497800511,-35.4209695164579,15.100000000000001,0.0,0.0,0.0
80.17244832479344,-35.36214623842637,15.100000000000001,0.0,0.0,0.0
80.12338323237091,-35.30330310079733,15.100000000000001,0.0,0.0,0.0
80.0743894652631,-35.24444017558715,15.100000000000001,0.0,0.0,0.0
80.02546678870196,-35.18555753454373,15.1,0.0,0.0,0.0
79.97661496862374,-35.126655249147674,15.100000000000001,0.0,0.0,0.0
79.92783377166671,-35.0677333906136,15.100000000000001,0.0,0.0,0.0
79.87912296516903,-35.008792029891225,15.100000000000001,0.0,0.0,0.0
79.83048231716664,-34.949831237666714,15.100000000000003,0.0,0.0,0.0
79.78191159639096,-34.89085108436381,15.100000000000003,0.0,0.0,0.0
79.73341057226685,-34.83185164014501,15.100000000000001,0.0,0.0,0.0
79.68497901491034,-34.77283297491281,15.1,0.0,0.0,0.0
79.63661669512652,-34.713795158310866,15.100000000000003,0.0,0.0,0.0
79.58832338440737,-34.654738259725185,15.1,0.0,0.0,0.0
79.54009885492952,-34.59566234828529,15.100000000000001,0.0,0.0,0.0
79.49194287955221,-34.53656749286541,15.100000000000001,0.0,0.0,0.0
79.44385523181504,-34.477453762085624,15.100000000000001,0.0,0.0,0.0
79.39583568593572,-34.41832122431305,15.100000000000001,0.0,0.0,0.0
79.34788401680812,-34.35916994766297,15.1,0.0,0.0,0.0
79.3,-34.3,15.100000000000001,0.0,0.0,0.0
