galstreams/tracks/track.st.M68-Fjorm.ibata2021.ecsv
# %ECSV 0.9
# ---
# datatype:
# - {name: ra, unit: deg, datatype: float64}
# - {name: dec, unit: deg, datatype: float64}
# - {name: distance, unit: kpc, datatype: float64}
# - {name: pm_ra_cosdec, unit: mas / yr, datatype: float64}
# - {name: pm_dec, unit: mas / yr, datatype: float64}
# - {name: radial_velocity, unit: km / s, datatype: float64}
# delimiter: ','
# meta: !!omap
# - __serialized_columns__:
#     dec:
#       __class__: astropy.coordinates.angles.Latitude
#       unit: &id001 !astropy.units.Unit {unit: deg}
#       value: !astropy.table.SerializedColumn {name: dec}
#     distance:
#       __class__: astropy.coordinates.distances.Distance
#       unit: !astropy.units.Unit {unit: kpc}
#       value: !astropy.table.SerializedColumn {name: distance}
#     pm_dec:
#       __class__: astropy.units.quantity.Quantity
#       unit: !astropy.units.Unit {unit: mas / yr}
#       value: !astropy.table.SerializedColumn {name: pm_dec}
#     pm_ra_cosdec:
#       __class__: astropy.units.quantity.Quantity
#       unit: !astropy.units.Unit {unit: mas / yr}
#       value: !astropy.table.SerializedColumn {name: pm_ra_cosdec}
#     ra:
#       __class__: astropy.coordinates.angles.Longitude
#       unit: *id001
#       value: !astropy.table.SerializedColumn {name: ra}
#       wrap_angle: !astropy.coordinates.Angle
#         unit: *id001
#         value: 360.0
#     radial_velocity:
#       __class__: astropy.units.quantity.Quantity
#       unit: !astropy.units.Unit {unit: km / s}
#       value: !astropy.table.SerializedColumn {name: radial_velocity}
# schema: astropy-2.0
ra,dec,distance,pm_ra_cosdec,pm_dec,radial_velocity
[from data line 3855]
193.25159789478124,-7.7590144941470545,5.198136281660815,-3.0016785068395975,2.572434152562947,-1.0525958912340423e-14
193.25330493674647,-7.748938882404265,5.1987002483429,-3.0014797053964593,2.5730554089435063,-9.47336302110638e-15
193.25501230348937,-7.73886336584248,5.199263901315159,-3.0012807503614147,2.5736768206213534,1.1578554803574466e-14
193.2567199950559,-7.728787944470718,5.199827240650037,-3.001081641757333,2.574298387516446,-3.1577876737021266e-15
193.25842801149204,-7.71871261829804,5.200390266419973,-3.000882379607079,2.5749201095487377,5.2629794561702115e-15
193.26013635284386,-7.708637387333353,5.200952978697416,-3.0006829639335035,2.5755419866381817,-1.0525958912340423e-15
193.26184501915745,-7.698562251585765,5.201515377554802,-3.000483394759452,2.576164018704729,-1.1578554803574466e-14
193.263554010479,-7.688487211064249,5.2020774630645805,-3.000283672107763,2.576786205668326,0.0
193.26526332685475,-7.6784122657778715,5.202639235299188,-3.0000837960012663,2.577408547448918,-3.1577876737021266e-15
193.26697296833098,-7.668337415735644,5.2032006943310725,-2.9998837664627804,2.5780310439664453,7.368171238638296e-15
193.26868293495403,-7.658262660946655,5.203761840232673,-2.9996835835151217,2.5786536951408507,-1.6841534259744676e-14
193.2703932267703,-7.648188001419827,5.204322673076433,-2.9994832471810913,2.579276500892069,-8.420767129872338e-15
193.2721038438263,-7.638113437164246,5.204883192934799,-2.9992827574834844,2.5798994611400357,-4.210383564936169e-15
193.27381478616854,-7.628038968188963,5.205443399880209,-2.9990821144450948,2.580522575804686,-2.8420089063319142e-14
193.27552605384358,-7.617964594503061,5.206003293985109,-2.9988813180886957,2.5811458448059463,-1.2631150694808506e-14
193.27723764689807,-7.607890316115468,5.20656287532194,-2.9986803684370615,2.581769268063743,1.1578554803574466e-14
193.27894956537872,-7.597816133035309,5.207122143963145,-2.998479265512956,2.582392845498003,-2.4209705498382972e-14
193.2806618093323,-7.587742045271616,5.207681099981168,-2.9982780093391326,2.5830165770286495,7.368171238638296e-15
193.28237437880563,-7.577668052833444,5.208239743448451,-2.9980765999383383,2.5836404625755987,-2.2104513715914887e-14
193.28408727384556,-7.567594155729891,5.208798074437438,-2.997875037333312,2.5842645020587702,-1.894672604221276e-14
193.28580049449903,-7.557520353969907,5.20935609302057,-2.997673321546782,2.584888695398077,-1.5788938368510635e-14
193.28751404081302,-7.547446647562617,5.209913799270289,-2.997471452601473,2.585513042513433,1.1578554803574466e-14
193.28922791283466,-7.537373036517076,5.210471193259041,-2.9972694305200953,2.586137543324746,1.1578554803574466e-14
193.29094211061098,-7.52729952084233,5.211028275059268,-2.997067255325355,2.586762197751923,8.420767129872338e-15
193.29265663418917,-7.5172261005475205,5.21158504474341,-2.996864927039951,2.587387005714869,1.6841534259744676e-14
193.29437148361652,-7.507152775641603,5.212141502383913,-2.996662445686568,2.5880119671334856,-6.315575347404253e-15
193.29608665894023,-7.497079546133699,5.212697648053219,-2.996459811287889,2.588637081927673,-1.473634247727659e-14
193.29780216020765,-7.487006412032893,5.213253481823769,-2.996257023866585,2.5892623500173246,2.1051917824680845e-15
193.2995179874663,-7.476933373348226,5.213809003768008,-2.9960540834453195,2.5898877713223385,-1.5788938368510635e-14
193.30123414076348,-7.4668604300888655,5.214364213958378,-2.9958509900467476,2.5905133457626035,-2.315710960714893e-14
193.30295062014685,-7.456787582263771,5.214919112467324,-2.995647743693515,2.5911390732580077,-2.1051917824680846e-14
193.30466742566387,-7.446714829882088,5.215473699367284,-2.995444344408262,2.5917649537284424,1.0525958912340423e-15
193.3063845573623,-7.436642172952897,5.2160279747307055,-2.995240792213618,2.5923909870937867,1.0525958912340423e-15
193.30810201528976,-7.426569611485339,5.216581938630029,-2.9950370871322036,2.593017173273923,-5.2629794561702115e-15
193.30981979949402,-7.416497145488404,5.217135591137697,-2.994833229186634,2.5936435121887316,-1.2631150694808506e-14
193.31153791002293,-7.406424774971231,5.217688932326153,-2.994629218399512,2.5942700037580857,-1.9999321933446802e-14
193.31325634692433,-7.396352499942919,5.21824196226784,-2.994425054793437,2.5948966479018623,-1.9999321933446802e-14
193.31497511024617,-7.386280320412577,5.218794681035202,-2.9942207383909927,2.595523444539928,-2.5262301389617013e-14
193.3166942000364,-7.376208236389298,5.21934708870068,-2.994016269214763,2.596150393592155,-2.4209705498382972e-14
193.3184136163431,-7.366136247882228,5.2198991853367165,-2.9938116472873175,2.596777494978407,-7.368171238638296e-15
193.3201333592144,-7.356064354900397,5.220450971015755,-2.99360687263122,2.597404748618548,-5.2629794561702115e-15
193.32185342869846,-7.34599255745294,5.221002445810241,-2.9934019452690235,2.5980321544324365,-1.5788938368510635e-14
193.32357382484346,-7.335920855548988,5.221553609792613,-2.993196865223275,2.5986597123399324,-1.2631150694808506e-14
193.32529454769772,-7.325849249197697,5.222104463035313,-2.9929916325165133,2.5992874222608924,-7.368171238638296e-15
193.3270155973096,-7.315777738408091,5.2226550056107905,-2.9927862471712654,2.5999152841151654,-5.2629794561702115e-15
193.3287369737275,-7.305706323189321,5.2232052375914835,-2.9925807092100523,2.600543297822604,-1.7894130150978717e-14
193.33045867699983,-7.295635003550545,5.223755159049834,-2.9923750186553892,2.6011714633030554,9.47336302110638e-15
193.33218070717518,-7.285563779500848,5.224304770058287,-2.9921691755297783,2.601799780476363,-1.9999321933446802e-14
193.33390306430206,-7.275492651049394,5.224854070689286,-2.9919631798557127,2.6024282492623705,1.5788938368510635e-14
193.33562574842915,-7.265421618205343,5.22540306101527,-2.991757031655683,2.6030568695809175,-3.1577876737021266e-15
193.33734875960513,-7.255350680977732,5.2259517411086875,-2.991550730952165,2.60368564135184,1.7894130150978717e-14
193.3390720978788,-7.245279839375757,5.226500111041976,-2.991344277767631,2.604314564494973,-1.5788938368510635e-14
193.3407957632989,-7.2352090934085425,5.2270481708875804,-2.991137672124542,2.604943638930149,-7.368171238638296e-15
193.3425197559143,-7.2251384430852905,5.2275959207179445,-2.9909309140453484,2.605572864577197,3.1577876737021266e-15
193.34424407577401,-7.215067888415041,5.228143360605511,-2.990724003552499,2.6062022413559403,-1.0525958912340423e-15
193.34596872292698,-7.204997429406996,5.228690490622721,-2.9905169406684258,2.6068317691862046,4.210383564936169e-15
193.34769369742224,-7.194927066070298,5.229237310842017,-2.9903097254155595,2.607461447987814,-1.1578554803574466e-14
193.34941899930888,-7.1848567984140965,5.229783821335844,-2.9901023578163186,2.6080912776805842,4.210383564936169e-15
193.35114462863612,-7.174786626447558,5.230330022176645,-2.989894837893112,2.608721258184331,-9.47336302110638e-15
193.35287058545313,-7.1647165501799,5.2308759134368605,-2.989687165668343,2.6093513894188667,2.1051917824680845e-15
193.35459686980926,-7.15464656962016,5.231421495188936,-2.9894793411644036,2.6099816713040034,-1.2631150694808506e-14
193.35632348175375,-7.144576684777564,5.231966767505312,-2.989271364403682,2.610612103759551,7.368171238638296e-15
193.35805042133612,-7.134506895661263,5.232511730458431,-2.989063235408552,2.6112426867053102,-3.263047262825531e-14
193.35977768860573,-7.124437202280511,5.233056384120738,-2.9888549542013823,2.6118734200610874,-1.3683746586042549e-14
193.36150528361216,-7.114367604644339,5.233600728564677,-2.9886465208045307,2.61250430374668,-1.3683746586042549e-14
193.36323320640494,-7.104298102761991,5.234144763862687,-2.9884379352403503,2.6131353376818867,-1.1578554803574466e-14
193.36496145703373,-7.0942286966426655,5.23468849008721,-2.988229197531182,2.613766521786502,-1.894672604221276e-14
193.36669003554823,-7.0841593862954975,5.2352319073106965,-2.9880203076993594,2.6143978559803176,-5.2629794561702115e-15
193.36841894199816,-7.07409017172976,5.235775015605579,-2.9878112657672085,2.615029340183123,-7.368171238638296e-15
193.37014817643336,-7.06402105295451,5.236317815044308,-2.9876020717570464,2.6156609743147037,-8.420767129872338e-15
193.3718777389037,-7.053952029978996,5.236860305699324,-2.987392725691177,2.6162927582948448,2.7367493172085098e-14
193.3736076294591,-7.043883102812434,5.2374024876430685,-2.9871832275919044,2.616924692043327,-2.1051917824680845e-15
193.37533784814954,-7.033814271463974,5.237944360947985,-2.9869735774815167,2.6175567754799296,-3.1577876737021266e-15
193.37706839502508,-7.023745535942896,5.238485925686517,-2.9867637753822955,2.6181890085244266,-7.368171238638296e-15
193.37879927013583,-7.013676896258293,5.2390271819311085,-2.9865538213165155,2.6188213910965925,-7.368171238638296e-15
193.38053047353193,-7.003608352419398,5.2395681297542,-2.986343715306444,2.6194539231161986,-1.6841534259744676e-14
193.3822620052636,-6.993539904435448,5.240108769228236,-2.9861334573743314,2.620086604503009,2.1051917824680845e-15
193.38399386538117,-6.983471552315641,5.2406491004256575,-2.9859230475424305,2.620719435176793,-8.420767129872338e-15
193.38572605393492,-6.973403296069215,5.241189123418909,-2.9857124858329773,2.6213524150573115,3.1577876737021266e-15
193.38745857097527,-6.9633351357053215,5.241728838280431,-2.9855017722682042,2.621985544064324,-1.2631150694808506e-14
193.38919141655268,-6.95326707123319,5.242268245082669,-2.985290906870331,2.622618822117586,1.7894130150978717e-14
193.3909245907177,-6.943199102662071,5.242807343898066,-2.985079889661572,2.6232522491368533,-1.5788938368510635e-14
193.39265809352082,-6.933131230001226,5.2433461347990615,-2.9848687206641316,2.623885825041877,9.47336302110638e-15
193.39439192501274,-6.923063453259778,5.243884617858103,-2.9846573999002035,2.6245195497524065,9.47336302110638e-15
193.39612608524416,-6.912995772447003,5.244422793147627,-2.9844459273919792,2.6251534231881877,-1.0525958912340423e-15
193.3978605742658,-6.90292818757214,5.244960660740083,-2.9842343031616325,2.6257874452689625,-1.894672604221276e-14
193.39959539212848,-6.8928606986444105,5.245498220707909,-2.9840225272313363,2.6264216159144746,-2.4209705498382972e-14
193.40133053888306,-6.882793305673077,5.246035473123552,-2.983810599623249,2.627055935044458,-2.2104513715914887e-14
193.40306601458045,-6.872726008667424,5.246572418059451,-2.983598520359525,2.627690402578651,-2.5262301389617013e-14
193.40480181927168,-6.862658807636553,5.24710905558805,-2.9833862894623073,2.6283250184367843,-1.0525958912340423e-14
193.40653795300776,-6.852591702589809,5.2476453857817935,-2.9831739069537293,2.628959782538587,-4.210383564936169e-15
193.40827441583983,-6.842524693536425,5.248181408713123,-2.98296137285592,2.6295946948037887,1.3683746586042549e-14
193.41001120781903,-6.8324577804857025,5.24871712445448,-2.9827486871909965,2.6302297551521123,-1.9999321933446802e-14
193.41174832899654,-6.822390963446796,5.249252533078309,-2.9825358499810655,2.630864963503278,-6.315575347404253e-15
193.41348577942372,-6.812324242429,5.249787634657053,-2.982322861248228,2.6315003197770066,0.0
193.41522355915185,-6.802257617441599,5.250322429263153,-2.9821097210145764,2.632135823893012,8.420767129872338e-15
193.41696166823237,-6.792191088493838,5.250856916969054,-2.981896429302192,2.632771475771008,1.5788938368510635e-14
193.41870010671673,-6.782124655594991,5.251391097847199,-2.98168298613315,2.6334072753307067,2.1051917824680845e-15
193.42043887465638,-6.772058318754383,5.25192497197003,-2.981469391529514,2.634043222491814,4.210383564936169e-15
193.422177972103,-6.76199207798118,5.2524585394099885,-2.98125564551334,2.634679317174035,-8.420767129872338e-15
193.42391739910815,-6.751925933284711,5.252991800239516,-2.981041748106679,2.6353155592970747,-1.5788938368510635e-14
193.4256571557235,-6.741859884674247,5.25352475453106,-2.980827699331566,2.6359519487806287,-1.0525958912340423e-15
193.42739724200086,-6.731793932159129,5.254057402357061,-2.9806134992100333,2.6365884855443955,-1.473634247727659e-14
193.42913765799204,-6.72172807574854,5.254589743789961,-2.9803991477641,2.637225169508068,-1.5788938368510635e-14
193.43087840374886,-6.711662315451812,5.255121778902205,-2.980184645015782,2.6378620005913374,-8.420767129872338e-15
193.43261947932328,-6.701596651278231,5.255653507766233,-2.9799699909870796,2.638498978713894,1.1578554803574466e-14
193.4343608847673,-6.691531083237102,5.2561849304544905,-2.97975518569999,2.6391361037954204,-7.368171238638296e-15
193.43610262013294,-6.681465611337771,5.256716047039418,-2.9795402291764987,2.639773375755603,-3.1577876737021266e-15
193.43784468547227,-6.671400235589438,5.257246857593462,-2.979325121438581,2.6404107945141186,9.47336302110638e-15
193.43958708083755,-6.661334956001443,5.257777362189059,-2.9791098625082104,2.6410483599906454,-2.2104513715914887e-14
193.44132980628092,-6.651269772583114,5.2583075608986585,-2.97889445240734,2.641686072104858,1.0525958912340423e-15
193.4430728618547,-6.64120468534373,5.258837453794701,-2.9786788911579243,2.642323930776427,-1.5788938368510635e-14
193.44481624761116,-6.631139694292679,5.259367040949626,-2.978463178781908,2.642961935925023,-2.1051917824680845e-15
193.4465599636028,-6.621074799439164,5.259896322435879,-2.97824731530122,2.643600087470311,-2.5262301389617013e-14
193.448304009882,-6.611010000792555,5.260425298325905,-2.9780313007377845,2.644238385331954,-1.9999321933446802e-14
193.4500483865013,-6.600945298362175,5.260953968692141,-2.9778151351135214,2.6448768294296143,-7.368171238638296e-15
193.4517930935133,-6.590880692157339,5.261482333607039,-2.977598818450332,2.6455154196829462,-3.1577876737021266e-15
193.45353813097057,-6.580816182187445,5.262010393143032,-2.9773823507701183,2.646154156011607,-1.0525958912340423e-14
193.45528349892587,-6.570751768461693,5.262538147372569,-2.9771657320947655,2.646793038335247,1.0525958912340423e-15
193.45702919743195,-6.560687450989492,5.263065596368091,-2.976948962446157,2.6474320665735167,-2.2104513715914887e-14
193.45877522654158,-6.550623229780176,5.263592740202039,-2.9767320418461627,2.648071240646062,-1.9999321933446802e-14
193.4605215863076,-6.540559104843118,5.264119578946859,-2.9765149703166447,2.648710560472527,-4.210383564936169e-15
193.462268276783,-6.530495076187582,5.264646112674992,-2.9762977478794563,2.6493500259725513,0.0
193.46401529802077,-6.520431143822943,5.265172341458882,-2.976080374556442,2.6499896370657727,-1.0525958912340423e-14
193.4657626500739,-6.510367307758561,5.265698265370971,-2.975862850369438,2.6506293936718275,2.1051917824680845e-15
193.46751033299557,-6.50030356800378,5.2662238844837015,-2.9756451753402713,2.651269295710347,-1.1578554803574466e-14
193.4692583468389,-6.4902399245679785,5.266749198869516,-2.97542734949076,2.6519093431009613,-2.5262301389617013e-14
193.47100669165707,-6.480176377460548,5.267274208600859,-2.9752093728427105,2.6525495357632973,-4.210383564936169e-15
193.47275536750342,-6.470112926690742,5.2677989137501715,-2.9749912454179257,2.653189873616976,-1.2631150694808506e-14
193.47450437443132,-6.460049572267989,5.268323314389897,-2.974772967238195,2.653830356581621,-3.0525280845787224e-14
193.47625371249407,-6.449986314201631,5.26884741059248,-2.9745545383253007,2.6544709845768493,0.0
193.47800338174517,-6.439923152501136,5.26937120243036,-2.9743359587010167,2.6551117575222767,3.1577876737021266e-15
193.4797533822382,-6.429860087175753,5.269894689975983,-2.9741172283871053,2.6557526753375145,-3.1577876737021266e-15
193.48150371402664,-6.419797118234885,5.27041787330179,-2.973898347405325,2.6563937379421727,5.2629794561702115e-15
193.4832543771642,-6.409734245687957,5.270940752480223,-2.9736793157774213,2.657034945255858,-8.420767129872338e-15
193.48500537170455,-6.399671469544324,5.271463327583728,-2.97346013352513,2.657676297198174,8.420767129872338e-15
193.48675669770142,-6.389608789813375,5.271985598684744,-2.9732408006701796,2.6583177936887226,2.1051917824680845e-15
