galstreams/tracks/track.st.Hermus.grillmair2014.ecsv
# %ECSV 1.0
# ---
# datatype:
# - {name: ra, unit: deg, datatype: float64}
# - {name: dec, unit: deg, datatype: float64}
# - {name: distance, unit: kpc, datatype: float64}
# - {name: pm_ra_cosdec, unit: mas / yr, datatype: float64}
# - {name: pm_dec, unit: mas / yr, datatype: float64}
# - {name: radial_velocity, unit: km / s, datatype: float64}
# delimiter: ','
# meta: !!omap
# - __serialized_columns__:
#     dec:
#       __class__: astropy.coordinates.angles.Latitude
#       unit: &id001 !astropy.units.Unit {unit: deg}
#       value: !astropy.table.SerializedColumn {name: dec}
#     distance:
#       __class__: astropy.coordinates.distances.Distance
#       unit: !astropy.units.Unit {unit: kpc}
#       value: !astropy.table.SerializedColumn {name: distance}
#     pm_dec:
#       __class__: astropy.units.quantity.Quantity
#       unit: !astropy.units.Unit {unit: mas / yr}
#       value: !astropy.table.SerializedColumn {name: pm_dec}
#     pm_ra_cosdec:
#       __class__: astropy.units.quantity.Quantity
#       unit: !astropy.units.Unit {unit: mas / yr}
#       value: !astropy.table.SerializedColumn {name: pm_ra_cosdec}
#     ra:
#       __class__: astropy.coordinates.angles.Longitude
#       unit: *id001
#       value: !astropy.table.SerializedColumn {name: ra}
#       wrap_angle: !astropy.coordinates.Angle
#         unit: *id001
#         value: 360.0
#     radial_velocity:
#       __class__: astropy.units.quantity.Quantity
#       unit: !astropy.units.Unit {unit: km / s}
#       value: !astropy.table.SerializedColumn {name: radial_velocity}
# schema: astropy-2.0
ra,dec,distance,pm_ra_cosdec,pm_dec,radial_velocity
[from data line 4491]
252.49638039504816,49.52164944556827,15.267269777895038,0.0,0.0,0.0
252.50876069896958,49.530406537115226,15.261071652556094,0.0,0.0,0.0
252.52115037007135,49.53916150071842,15.254833347062759,0.0,0.0,0.0
252.53354940632124,49.54791433416189,15.248554441240453,0.0,0.0,0.0
252.5459578056529,49.55666503523301,15.242234512326883,0.0,0.0,0.0
252.55837556596595,49.56541360172249,15.235873134961471,0.0,0.0,0.0
252.57080268512564,49.574160031424455,15.229469881174818,0.0,0.0,0.0
252.5832391609631,49.58290432213642,15.223024320377935,0.0,0.0,0.0
252.59568499127477,49.59164647165939,15.216536019351716,0.0,0.0,0.0
252.60814017382285,49.60038647779784,15.210004542236144,0.0,0.0,0.0
252.6206047063347,49.60912433835973,15.203429450519597,0.0,0.0,0.0
252.63307858650316,49.61786005115662,15.196810303028101,0.0,0.0,0.0
252.64556181198608,49.626593614003596,15.190146655914493,0.0,0.0,0.0
252.65805438040664,49.63532502471937,15.183438062647662,0.0,0.0,0.0
252.67055628935285,49.64405428112629,15.176684074001631,0.0,0.0,0.0
252.6830675363777,49.65278138105039,15.169884238044714,0.0,0.0,0.0
252.69558811899896,49.66150632232135,15.163038100128592,0.0,0.0,0.0
252.70811803469914,49.67022910277264,15.15614520287737,0.0,0.0,0.0
252.72065728092545,49.67894972024147,15.14920508617655,0.0,0.0,0.0
252.73320585508947,49.68766817256882,15.142217287162119,0.0,0.0,0.0
252.7457637545673,49.69638445759955,15.135181340209398,0.0,0.0,0.0
252.75833097669934,49.705098573182326,15.12809677692207,0.0,0.0,0.0
252.77090751879035,49.71381051716972,15.120963126120968,0.0,0.0,0.0
252.78349337810903,49.72252028741825,15.113779913833016,0.0,0.0,0.0
252.79608855188823,49.73122788178833,15.106546663280083,0.0,0.0,0.0
252.80869303732476,49.739933298144436,15.099262894867655,0.0,0.0,0.0
252.82130683157925,49.74863653435499,15.091928126173775,0.0,0.0,0.0
252.83392993177605,49.75733758829252,15.084541871937619,0.0,0.0,0.0
252.84656233500323,49.76603645783361,15.077103644048318,0.0,0.0,0.0
252.85920403831236,49.774733140858956,15.069612951533548,0.0,0.0,0.0
252.87185503871842,49.783427635253425,15.062069300548206,0.0,0.0,0.0
252.88451533319991,49.79211993890603,15.054472194363058,0.0,0.0,0.0
252.89718491869843,49.80081004971005,15.046821133353223,0.0,0.0,0.0
252.90986379211887,49.80949796556296,15.039115614986738,0.0,0.0,0.0
252.922551950329,49.81818368436656,15.031355133813188,0.0,0.0,0.0
252.93524939015973,49.82686720402691,15.023539181452005,0.0,0.0,0.0
252.9479561084048,49.83554852245449,15.01566724658101,0.0,0.0,0.0
252.96067210182065,49.84422763756411,15.00773881492482,0.0,0.0,0.0
252.97339736712644,49.852904547275,14.999753369243205,0.0,0.0,0.0
252.98613190100394,49.861579249510854,14.991710389319463,0.0,0.0,0.0
252.99887570009733,49.87025174219984,14.983609351948699,0.0,0.0,0.0
253.01162876101316,49.878922023274676,14.975449730926128,0.0,0.0,0.0
253.02439108032027,49.887590090672546,14.967230997035376,0.0,0.0,0.0
253.03716265454966,49.89625594233533,14.958952618036498,0.0,0.0,0.0
253.04994348019443,49.90491957620943,14.950614058654464,0.0,0.0,0.0
253.06273355370965,49.913580990245975,14.942214780567012,0.0,0.0,0.0
253.07553287151225,49.92224018240075,14.933754242392967,0.0,0.0,0.0
253.08834142998097,49.93089715063425,14.925231899680224,0.0,0.0,0.0
253.1011592254562,49.93955189291178,14.916647204893817,0.0,0.0,0.0
253.11398625423982,49.9482044072034,14.907999607403967,0.0,0.0,0.0
253.12682251259537,49.956854691483954,14.89928855347397,0.0,0.0,0.0
253.1396679967476,49.96550274373326,14.890513486248281,0.0,0.0,0.0
253.15252270288255,49.974148561935955,14.881673845740314,0.0,0.0,0.0
253.16538662714757,49.98279214408162,14.872769068820414,0.0,0.0,0.0
253.178259765651,49.99143348816482,14.86379858920358,0.0,0.0,0.0
253.19114211446202,50.00007259218514,14.854761837437405,0.0,0.0,0.0
