galstreams/tracks/track.st.New-5.ibata2024.ecsv
# %ECSV 1.0
# ---
# datatype:
# - {name: ra, unit: deg, datatype: float64}
# - {name: dec, unit: deg, datatype: float64}
# - {name: distance, unit: kpc, datatype: float64}
# - {name: pm_ra_cosdec, unit: mas / yr, datatype: float64}
# - {name: pm_dec, unit: mas / yr, datatype: float64}
# - {name: radial_velocity, unit: km / s, datatype: float64}
# delimiter: ','
# meta: !!omap
# - __serialized_columns__:
#     dec:
#       __class__: astropy.coordinates.angles.Latitude
#       unit: &id001 !astropy.units.Unit {unit: deg}
#       value: !astropy.table.SerializedColumn {name: dec}
#     distance:
#       __class__: astropy.coordinates.distances.Distance
#       unit: !astropy.units.Unit {unit: kpc}
#       value: !astropy.table.SerializedColumn {name: distance}
#     pm_dec:
#       __class__: astropy.units.quantity.Quantity
#       unit: !astropy.units.Unit {unit: mas / yr}
#       value: !astropy.table.SerializedColumn {name: pm_dec}
#     pm_ra_cosdec:
#       __class__: astropy.units.quantity.Quantity
#       unit: !astropy.units.Unit {unit: mas / yr}
#       value: !astropy.table.SerializedColumn {name: pm_ra_cosdec}
#     ra:
#       __class__: astropy.coordinates.angles.Longitude
#       unit: *id001
#       value: !astropy.table.SerializedColumn {name: ra}
#       wrap_angle: !astropy.coordinates.Angle
#         unit: *id001
#         value: 360.0
#     radial_velocity:
#       __class__: astropy.units.quantity.Quantity
#       unit: !astropy.units.Unit {unit: km / s}
#       value: !astropy.table.SerializedColumn {name: radial_velocity}
# schema: astropy-2.0
ra,dec,distance,pm_ra_cosdec,pm_dec,radial_velocity
[from data line 8616]
139.2261384643567,-1.6732455140219815,0.9999999999999994,-22.938179561519483,-42.54216076557767,273.1192340297107
139.2363089266445,-1.6750473200585647,0.9999999999999992,-22.954122049710303,-42.56026386193106,273.02278368405365
139.24647940875664,-1.6768501350251532,0.9999999999999992,-22.970077331727556,-42.57837807668966,272.92625808576554
139.25664991067669,-1.6786539591144225,0.9999999999999992,-22.98604541098818,-42.59650341209338,272.8296572170694
139.2668204323883,-1.680458792519046,0.9999999999999993,-23.00202629090926,-42.61463987038187,272.7329810601879
139.276990973875,-1.6822646354316966,0.9999999999999993,-23.018019974907954,-42.632787453794705,272.6362295973442
139.2871615351204,-1.6840714880450436,0.9999999999999993,-23.034026466401613,-42.65094616457126,272.5394028107611
139.29733211610807,-1.6858793505517555,0.9999999999999993,-23.050045768807728,-42.669116004950716,272.4425006826617
139.30750271682155,-1.6876882231444985,0.9999999999999992,-23.066077885543887,-42.687296977172096,272.34552319526887
139.31767333724437,-1.6894981060159382,0.9999999999999992,-23.08212282002781,-42.7054890834743,272.24847033080545
139.32784397736015,-1.6913089993587334,0.9999999999999992,-23.09818057567733,-42.723692326095986,272.1513420714947
139.33801463715233,-1.6931209033655537,0.9999999999999992,-23.114251155910523,-42.74190670727573,272.05413839955906
139.34818531660446,-1.6949338182290528,0.9999999999999993,-23.13033456414544,-42.760132229251845,271.9568592972218
139.3583560157,-1.6967477441418914,0.9999999999999994,-23.146430803800342,-42.77836889426259,271.85950474670597
139.3685267344225,-1.698562681296725,0.9999999999999994,-23.162539878293625,-42.79661670454594,271.762074730234
139.37869747275542,-1.7003786298862096,0.9999999999999993,-23.17866179104385,-42.814875662339766,271.6645692300294
139.38886823068222,-1.7021955901029948,0.9999999999999992,-23.194796545469597,-42.833145769881774,271.5669882283147
139.39903900818638,-1.7040135621397348,0.9999999999999993,-23.21094414498969,-42.85142702940946,271.4693317073131
139.40920980525135,-1.70583254618908,0.9999999999999993,-23.227104593023007,-42.86971944316019,271.3715996492475
139.41938062186048,-1.707652542443677,0.9999999999999992,-23.243277892988605,-42.888023013371175,271.27379203634075
139.42955145799735,-1.7094735510961712,0.9999999999999994,-23.25946404830566,-42.90633774227939,271.17590885081586
139.43972231364523,-1.7112955723392067,0.9999999999999992,-23.275663062393473,-42.92466363212174,271.0779500748957
139.44989318878763,-1.7131186063654276,0.9999999999999992,-23.291874938671516,-42.94300068513486,270.97991569080324
139.46006408340787,-1.7149426533674765,0.9999999999999993,-23.3080996805593,-42.961348903555276,270.8818056807615
139.47023499748937,-1.7167677135379837,0.9999999999999996,-23.324337291476493,-42.97970828961932,270.7836200269935
139.4804059310155,-1.718593787069602,0.9999999999999992,-23.340587774843055,-42.99807884556325,270.68535871172173
139.49057688396962,-1.7204208741549565,0.9999999999999993,-23.356851134078827,-43.016460573623,270.58702171716953
139.50074785633507,-1.7222489749866854,0.9999999999999992,-23.37312737260396,-43.034853476034435,270.4886090255598
139.51091884809517,-1.7240780897574197,0.9999999999999994,-23.38941649383864,-43.05325755503323,270.39012061911535
139.52108985923329,-1.7259082186597927,0.9999999999999993,-23.40571850120327,-43.0716728128549,270.2915564800593
139.53126088973275,-1.7277393618864296,0.9999999999999992,-23.422033398118305,-43.09009925173479,270.19291659061435
139.5414319395768,-1.729571519629959,0.9999999999999992,-23.438361188004368,-43.10853687390805,270.09420093300366
139.5516030087488,-1.731404692083008,0.9999999999999992,-23.454701874282193,-43.12698568160968,269.99540948945
139.56177409723196,-1.7332388794382017,0.9999999999999992,-23.471055460372686,-43.14544567707455,269.8965422421764
139.57194520500963,-1.7350740818881583,0.9999999999999991,-23.487421949696856,-43.163916862537306,269.79759917340584
139.582116332065,-1.7369102996255015,0.9999999999999992,-23.503801345675804,-43.182399240232435,269.69858026536116
139.5922874783814,-1.7387475328428488,0.9999999999999992,-23.520193651730853,-43.20089281239427,269.5994855002655
139.60245864394204,-1.7405857817328174,0.9999999999999994,-23.536598871283424,-43.219397581256985,269.5003148603415
139.61262982873012,-1.7424250464880249,0.9999999999999992,-23.55301700775499,-43.23791354905458,269.40106832781225
139.62280103272886,-1.7442653273010789,0.9999999999999993,-23.569448064567204,-43.25644071802084,269.3017458849009
139.63297225592152,-1.7461066243645975,0.9999999999999994,-23.585892045141996,-43.27497909038948,269.2023475138301
139.64314349829124,-1.7479489378711903,0.9999999999999993,-23.602348952901167,-43.29352866839396,269.10287319682266
139.65331475982123,-1.7497922680134632,0.9999999999999993,-23.618818791266825,-43.312089454267614,269.00332291610187
139.6634860404947,-1.7516366149840263,0.9999999999999992,-23.63530156366118,-43.330661450243575,268.90369665389045
139.6736573402947,-1.7534819789754814,0.9999999999999992,-23.651797273506528,-43.34924465855484,268.8039943924116
139.68382865920452,-1.7553283601804326,0.9999999999999993,-23.668305924225333,-43.36783908143422,268.704216113888
139.69399999720724,-1.757175758791483,0.9999999999999992,-23.6848275192402,-43.38644472111435,268.60436180054245
139.70417135428596,-1.7590241750012312,0.9999999999999991,-23.701362061973814,-43.40506157982775,268.50443143459836
139.71434273042385,-1.7608736090022756,0.9999999999999992,-23.717909555849033,-43.423689659806705,268.4044249982784
139.72451412560403,-1.7627240609872112,0.9999999999999994,-23.734470004288863,-43.44232896328333,268.30434247380555
139.73468553980956,-1.7645755311486366,0.9999999999999992,-23.75104341071642,-43.46097949248968,268.20418384340246
139.74485697302353,-1.7664280196791409,0.9999999999999993,-23.7676297785549,-43.47964124965747,268.1039490892926
139.755028425229,-1.768281526771316,0.9999999999999993,-23.784229111227717,-43.498314237018384,268.00363819369875
139.7651998964091,-1.7701360526177512,0.9999999999999993,-23.800841412158334,-43.51699845680386,267.90325113884353
139.7753713865468,-1.7719915974110378,0.9999999999999993,-23.817466684770444,-43.53569391124526,267.80278790695024
139.78554289562524,-1.7738481613437593,0.9999999999999993,-23.83410493248783,-43.55440060257368,267.7022484802415
139.79571442362737,-1.7757057446084985,0.9999999999999992,-23.850756158734306,-43.57311853302008,267.6016328409407
139.80588597053628,-1.7775643473978417,0.9999999999999993,-23.867420366933985,-43.59184770481526,267.50094097127015
139.8160575363349,-1.779423969904368,0.9999999999999992,-23.884097560510988,-43.61058812018984,267.40017285345334
139.82622912100632,-1.7812846123206536,0.9999999999999993,-23.90078774288963,-43.629339781374284,267.2993284697131
139.83640072453346,-1.7831462748392815,0.9999999999999993,-23.917490917494312,-43.64810269059889,267.1984078022721
139.84657234689928,-1.785008957652823,0.9999999999999994,-23.934207087749567,-43.66687685009378,267.09741083335365
139.85674398808686,-1.7868726609538537,0.9999999999999994,-23.950936257080198,-43.685662262088876,266.9963375451804
139.86691564807904,-1.788737384934946,0.9999999999999993,-23.967678428910887,-43.704458928814006,266.89518791997546
139.87708732685886,-1.7906031297886695,0.9999999999999992,-23.984433606666684,-43.72326685249877,266.7939619399616
139.88725902440916,-1.7924698957075935,0.9999999999999992,-24.001201793772612,-43.74208603537259,266.69265958736185
139.8974307407129,-1.7943376828842845,0.9999999999999993,-24.017982993653906,-43.76091647966478,266.5912808443993
139.907602475753,-1.7962064915113056,0.9999999999999993,-24.03477720973586,-43.77975818760441,266.48982569329695
139.9177742295124,-1.7980763217812241,0.9999999999999992,-24.05158444544406,-43.798611161420475,266.3882941162773
139.92794600197394,-1.7999471738866022,0.9999999999999994,-24.068404704204028,-43.817475403341696,266.2866860955636
139.9381177931205,-1.8018190480199983,0.9999999999999993,-24.085237989441573,-43.83635091559672,266.18500161337863
139.94828960293495,-1.803691944373968,0.9999999999999992,-24.102084304582455,-43.85523770041396,266.0832406519455
139.9584614314002,-1.8055658631410734,0.9999999999999992,-24.118943653052803,-43.87413576002169,265.98140319348704
139.96863327849903,-1.807440804513864,0.9999999999999993,-24.135816038278623,-43.89304509664799,265.87948922022633
139.9788051442143,-1.8093167686848943,0.9999999999999993,-24.1527014636863,-43.911965712520804,265.77749871438607
139.98897702852886,-1.811193755846718,0.9999999999999992,-24.169599932702138,-43.9308976098679,265.67543165818944
139.99914893142548,-1.813071766191883,0.9999999999999992,-24.186511448752693,-43.94984079091685,265.57328803385917
140.009320852887,-1.8149507999129353,0.9999999999999996,-24.20343601526462,-43.9687952578951,265.47106782361834
140.0194927928962,-1.8168308572024254,0.9999999999999993,-24.22037363566477,-43.987761013029896,265.36877100968985
140.02966475143586,-1.818711938252892,0.9999999999999993,-24.237324313379975,-44.0067380585483,265.26639757429666
140.03983672848872,-1.8205940432568815,0.9999999999999993,-24.25428805183731,-44.025726396677264,265.16394749966173
140.05000872403758,-1.822477172406931,0.9999999999999993,-24.271264854463958,-44.04472602964349,265.0614207680082
140.0601807380652,-1.8243613258955849,0.9999999999999994,-24.288254724687288,-44.0637369596736,264.9588173615585
140.07035277055428,-1.8262465039153795,0.9999999999999992,-24.305257665934686,-44.08275918899401,264.8561372625358
140.0805248214876,-1.8281327066588466,0.9999999999999992,-24.32227368163376,-44.101792719830925,264.7533804531632
140.09069689084777,-1.830019934318521,0.9999999999999992,-24.33930277521217,-44.12083755441045,264.65054691566354
140.1008689786176,-1.8319081870869365,0.9999999999999992,-24.35634495009782,-44.13989369495846,264.54763663225964
140.1110410847797,-1.833797465156625,0.9999999999999992,-24.373400209718643,-44.158961143700715,264.4446495851746
140.1212132093169,-1.8356877687201083,0.9999999999999993,-24.39046855750275,-44.17803990286275,264.3415857566314
140.1313853522117,-1.8375790979699202,0.9999999999999992,-24.407549996878398,-44.197129974670005,264.23844512885273
140.14155751344686,-1.8394714530985816,0.9999999999999993,-24.424644531273906,-44.21623136134765,264.1352276840618
140.151729693005,-1.8413648342986184,0.9999999999999993,-24.44175216411782,-44.235344065120806,264.0319334044813
140.16190189086876,-1.8432592417625513,0.9999999999999992,-24.458872898838724,-44.254468088214324,263.9285622723344
140.17207410702076,-1.8451546756828967,0.9999999999999993,-24.476006738865397,-44.273603432852944,263.825114269844
140.18224634144366,-1.8470511362521789,0.9999999999999992,-24.493153687626737,-44.29275010126119,263.72158937923285
140.19241859412,-1.848948623662908,0.9999999999999991,-24.510313748551773,-44.3119080956635,263.61798758272414
140.20259086503242,-1.850847138107598,0.9999999999999993,-24.52748692506958,-44.33107741828397,263.51430886254076
140.2127631541635,-1.8527466797787684,0.9999999999999992,-24.544673220609546,-44.35025807134681,263.4105532009056
140.2229354614958,-1.854647248868927,0.9999999999999992,-24.56187263860109,-44.36945005707578,263.30672058004143
140.23310778701193,-1.85654884557058,0.9999999999999993,-24.579085182473683,-44.388653377694624,263.20281098217134
140.2432801306944,-1.858451470076238,0.9999999999999992,-24.596310855657048,-44.40786803542687,263.09882438951826
140.2534524925257,-1.8603551225784063,0.9999999999999992,-24.613549661580965,-44.42709403249591,262.99476078430524
140.26362487248846,-1.8622598032695854,0.9999999999999992,-24.6308016036754,-44.44633137112492,262.8906201487551
140.27379727056515,-1.8641655123422818,0.9999999999999993,-24.64806668537043,-44.46558005353693,262.7864024650907
140.2839696867383,-1.8660722499889946,0.9999999999999992,-24.665344910096238,-44.48484008195481,262.68210771553527
140.29414212099036,-1.8679800164022209,0.9999999999999992,-24.682636281283177,-44.50411145860125,262.57773588231146
140.30431457330386,-1.869888811774457,0.9999999999999992,-24.699940802361695,-44.52339418569876,262.4732869476423
140.31448704366125,-1.8717986362982015,0.9999999999999993,-24.717258476762417,-44.54268826546973,262.36876089375085
140.32465953204502,-1.8737094901659437,0.9999999999999993,-24.73458930791606,-44.56199370013631,262.2641577028598
140.3348320384376,-1.8756213735701763,0.9999999999999992,-24.751933299253487,-44.58131049192054,262.15947735719226
140.34500456282146,-1.8775342867033866,0.9999999999999992,-24.769290454205656,-44.60063864304419,262.0547198389713
140.355177105179,-1.8794482297580684,0.9999999999999993,-24.786660776203743,-44.619978155729065,261.94988513041966
140.36534966549266,-1.8813632029267042,0.9999999999999993,-24.804044268678958,-44.63932903219659,261.8449732137602
140.37552224374483,-1.8832792064017791,0.9999999999999994,-24.821440935062714,-44.65869127466812,261.73998407121616
140.38569483991793,-1.8851962403757752,0.9999999999999992,-24.838850778786536,-44.67806488536485,261.6349176850102
140.39586745399438,-1.8871143050411734,0.9999999999999992,-24.856273803282047,-44.697449866507746,261.52977403736526
140.4060400859565,-1.889033400590453,0.9999999999999991,-24.873710011981082,-44.71684622031765,261.42455311050435
140.41621273578667,-1.8909535272160904,0.9999999999999993,-24.891159408315463,-44.73625394901521,261.31925488665064
140.42638540346726,-1.8928746851105611,0.9999999999999992,-24.90862199571728,-44.75567305482093,261.2138793480268
140.4365580889806,-1.8947968744663388,0.9999999999999993,-24.92609777761873,-44.77510353995514,261.1084264768559
140.44673079230904,-1.896720095475897,0.9999999999999991,-24.943586757452085,-44.794545406637994,261.0028962553607
140.45690351343487,-1.8986443483317048,0.9999999999999993,-24.96108893864978,-44.81399865708945,260.89728866576434
140.46707625234043,-1.9005696332262292,0.9999999999999992,-24.978604324644404,-44.83346329352937,260.7916036902898
140.47724900900803,-1.9024959503519387,0.9999999999999993,-24.996132918868625,-44.85293931817735,260.68584131115966
140.4874217834199,-1.9044232999012944,0.9999999999999993,-25.01367472475529,-44.87242673325287,260.5800015105974
140.4975945755584,-1.9063516820667645,0.9999999999999992,-25.03122974573738,-44.89192554097528,260.4740842708254
140.50776738540577,-1.9082810970408086,0.9999999999999992,-25.048797985247983,-44.911435743563686,260.368089574067
140.51794021294424,-1.9102115450158839,0.9999999999999992,-25.066379446720298,-44.930957343237075,260.2620174025449
140.52811305815607,-1.91214302618445,0.9999999999999993,-25.083974133587706,-44.95049034221421,260.1558677384822
140.5382859210235,-1.9140755407389622,0.9999999999999992,-25.10158204928368,-44.970034742713764,260.0496405641018
140.54845880152877,-1.9160090888718753,0.9999999999999993,-25.119203197241863,-44.989590546954155,259.9433358616266
140.55863169965406,-1.9179436707756403,0.9999999999999992,-25.13683758089596,-45.00915775715371,259.8369536132795
140.5688046153816,-1.9198792866427092,0.9999999999999992,-25.15448520367989,-45.02873637553052,259.7304938012836
140.57897754869356,-1.921815936665527,0.9999999999999994,-25.172146069027647,-45.04832640430253,259.62395640786167
140.58915049957213,-1.9237536210365438,0.9999999999999993,-25.18982018037338,-45.06792784568757,259.51734141523684
140.59932346799948,-1.9256923399482058,0.9999999999999993,-25.207507541151372,-45.08754070190322,259.41064880563175
140.6094964539578,-1.9276320935929518,0.9999999999999993,-25.22520815479602,-45.10716497516692,259.3038785612696
140.61966945742915,-1.9295728821632279,0.9999999999999994,-25.242922024741844,-45.126800667695946,259.19703066437324
