galstreams/tracks/track.st.Sagittarius.antoja2020.ecsv
# %ECSV 0.9
# ---
# datatype:
# - {name: ra, unit: deg, datatype: float64}
# - {name: dec, unit: deg, datatype: float64}
# - {name: distance, unit: kpc, datatype: float64}
# - {name: pm_ra_cosdec, unit: mas / yr, datatype: float64}
# - {name: pm_dec, unit: mas / yr, datatype: float64}
# - {name: radial_velocity, unit: km / s, datatype: float64}
# delimiter: ','
# meta: !!omap
# - __serialized_columns__:
#     dec:
#       __class__: astropy.coordinates.angles.Latitude
#       unit: &id001 !astropy.units.Unit {unit: deg}
#       value: !astropy.table.SerializedColumn {name: dec}
#     distance:
#       __class__: astropy.coordinates.distances.Distance
#       unit: !astropy.units.Unit {unit: kpc}
#       value: !astropy.table.SerializedColumn {name: distance}
#     pm_dec:
#       __class__: astropy.units.quantity.Quantity
#       unit: !astropy.units.Unit {unit: mas / yr}
#       value: !astropy.table.SerializedColumn {name: pm_dec}
#     pm_ra_cosdec:
#       __class__: astropy.units.quantity.Quantity
#       unit: !astropy.units.Unit {unit: mas / yr}
#       value: !astropy.table.SerializedColumn {name: pm_ra_cosdec}
#     ra:
#       __class__: astropy.coordinates.angles.Longitude
#       unit: *id001
#       value: !astropy.table.SerializedColumn {name: ra}
#       wrap_angle: !astropy.coordinates.Angle
#         unit: *id001
#         value: 360.0
#     radial_velocity:
#       __class__: astropy.units.quantity.Quantity
#       unit: !astropy.units.Unit {unit: km / s}
#       value: !astropy.table.SerializedColumn {name: radial_velocity}
# schema: astropy-2.0
ra,dec,distance,pm_ra_cosdec,pm_dec,radial_velocity
[from data line 19943]
225.3328368975206,-6.797613332443522,51.91551549275319,-1.0987266075763888,-0.5057369294949232,6.315575347404253e-15
225.32409600100422,-6.7926460917162625,51.917130584871316,-1.0986698409564088,-0.5056505805816527,1.5788938368510635e-13
225.31535528501342,-6.787678694378947,51.91874262932353,-1.0986131651786366,-0.5055642931866147,2.947268495455318e-14
225.30661474941687,-6.782711140550392,51.920351625218444,-1.0985565802299262,-0.5054780673662825,2.315710960714893e-14
225.29787439408324,-6.77774343034943,51.921957571665644,-1.0985000860971077,-0.5053919031771201,6.526094525651062e-14
225.2891342188812,-6.772775563894877,51.92356046777564,-1.0984436827669848,-0.5053058006755827,4.4209027431829774e-14
225.28039422367948,-6.767807541305571,51.92516031265989,-1.0983873702263351,-0.5052197599181169,3.157787673702127e-14
225.27165440834673,-6.762839362700317,51.92675710543077,-1.0983311484619118,-0.5051337809611613,1.1578554803574466e-13
225.26291477275163,-6.757871028197916,51.92835084520162,-1.0982750174604405,-0.5050478638611445,9.052324664612763e-14
225.25417531676285,-6.7529025379171825,51.929941531086705,-1.0982189772086226,-0.5049620086744876,1.5367900012017016e-13
225.24543604024902,-6.7479338919769125,51.931529162201244,-1.0981630276931336,-0.504876215457602,1.0736478090587231e-13
225.23669694307884,-6.742965090495895,51.93311373766134,-1.098107168900623,-0.5047904842668902,1.24206315165617e-13
225.2279580251209,-6.737996133592898,51.934695256584156,-1.098051400817714,-0.5047048151587453,1.1368035625327657e-13
225.21921928624386,-6.733027021386728,51.936273718087676,-1.0979957234310052,-0.5046192081895533,8.21024795162553e-14
225.21048072631638,-6.728057753996145,51.937849121290874,-1.0979401367270694,-0.5045336634156896,3.9998643866893604e-14
225.201742345207,-6.723088331539901,51.93942146531372,-1.097884640692453,-0.5044481808935192,1.5999457546757442e-13
225.19300414278447,-6.718118754136789,51.940990749277034,-1.0978292353136763,-0.5043627606794014,7.578690416885104e-14
225.18426611891732,-6.713149021905545,51.94255697230263,-1.0977739205772359,-0.5042774028296839,6.315575347404254e-14
225.17552827347413,-6.708179134964904,51.944120133513294,-1.0977186964696002,-0.5041921074007049,7.999728773378721e-14
225.1667906063236,-6.703209093433645,51.94568023203273,-1.0976635629772131,-0.5041068744487951,6.947132882144679e-14
225.15805311733422,-6.69823889743049,51.94723726698554,-1.0976085200864936,-0.5040217040302741,1.5999457546757442e-13
225.1493158063747,-6.6932685470741715,51.94879123749739,-1.0975535677838328,-0.5039365962014537,1.4315304120782974e-13
225.1405786733135,-6.6882980424834,51.95034214269477,-1.0974987060555979,-0.5038515510186347,-1.473634247727659e-14
225.13184171801927,-6.683327383776926,51.951889981705214,-1.0974439348881293,-0.5037665685381095,1.4315304120782974e-13
225.12310494036058,-6.678356571073451,51.95343475365715,-1.0973892542677415,-0.5036816488161613,1.620997672500425e-13
225.11436834020597,-6.673385604491664,51.95497645767998,-1.0973346641807251,-0.5035967919090618,1.49468616555234e-13
225.105631917424,-6.668414484150303,51.956515092904084,-1.0972801646133419,-0.5035119978730753,9.47336302110638e-14
225.0968956718833,-6.6634432101680545,51.95805065846072,-1.0972257555518308,-0.5034272667644556,1.24206315165617e-13
225.0881596034523,-6.658471782663605,51.95958315348214,-1.097171436982403,-0.5033425986394469,1.1157516447080849e-13
225.0794237119996,-6.653500201755623,51.961112577101595,-1.0971172088912446,-0.5032579935542819,1.0315439734093615e-13
225.07068799739375,-6.648528467562827,51.96263892845322,-1.0970630712645155,-0.5031734515651877,5.2629794561702114e-14
225.06195245950323,-6.643556580203871,51.96416220667213,-1.097009024088351,-0.5030889727283769,1.0736478090587231e-13
225.05321709819663,-6.638584539797412,51.96568241089441,-1.0969550673488593,-0.5030045571000549,4.4209027431829774e-14
225.0444819133424,-6.633612346462135,51.96719954025708,-1.0969012010321229,-0.502920204736417,1.5999457546757442e-13
225.0357469048091,-6.628640000316692,51.968713593898116,-1.0968474251241993,-0.502835915693647,6.105056169157445e-14
225.02701207246523,-6.623667501479725,51.97022457095649,-1.0967937396111198,-0.5027516900279205,1.5999457546757442e-13
225.01827741617925,-6.618694850069878,51.97173247057207,-1.096740144478889,-0.5026675277954022,1.1999593160068083e-13
225.00954293581972,-6.613722046205814,51.97323729188573,-1.0966866397134867,-0.5025834290522464,7.999728773378721e-14
225.00080863125507,-6.60874909000615,51.97473903403929,-1.096633225300867,-0.5024993938545977,1.1578554803574466e-13
224.99207450235377,-6.603775981589503,51.97623769617554,-1.096579901226957,-0.5024154222585904,6.73661370389787e-14
224.9833405489844,-6.598802721074522,51.97773327743818,-1.0965266674776597,-0.5023315143203484,4.8419410996765944e-14
224.97460677101532,-6.593829308579815,51.97922577697198,-1.0964735240388497,-0.5022476700959848,5.2629794561702114e-14
224.96587316831497,-6.588855744223972,51.980715193922535,-1.0964204708963783,-0.5021638896416042,1.1578554803574466e-13
224.95713974075196,-6.583882028125635,51.98220152743651,-1.09636750803607,-0.5020801730132975,7.157652060391487e-14
224.94840648819462,-6.578908160403383,51.9836847766615,-1.0963146354437225,-0.5019965202671487,1.0525958912340423e-13
224.93967341051146,-6.573934141175818,51.985164940746024,-1.0962618531051098,-0.5019129314592295,5.0524602779234026e-14
224.93094050757082,-6.568959970561513,51.98664201883964,-1.0962091610059772,-0.5018294066456005,2.947268495455318e-14
224.92220777924123,-6.563985648679069,51.98811601009281,-1.096156559132047,-0.5017459458823135,1.0104920555846805e-13
224.91347522539112,-6.559011175647056,51.989586913657,-1.0961040474690125,-0.5016625492254077,-2.1051917824680845e-15
224.90474284588885,-6.55403655158404,51.99105472868463,-1.0960516260025437,-0.5015792167309132,1.2841669873055315e-13
224.8960106406029,-6.549061776608599,51.99251945432907,-1.0959992947182842,-0.5014959484548486,4.8419410996765944e-14
224.88727860940162,-6.544086850839284,51.993981089744686,-1.0959470536018503,-0.5014127444532214,7.999728773378721e-14
224.87854675215345,-6.539111774394656,51.9954396340868,-1.0958949026388343,-0.501329604782029,1.1578554803574466e-13
224.86981506872678,-6.534136547393253,51.996895086511685,-1.0958428418148012,-0.5012465294972579,1.0315439734093615e-13
224.86108355899003,-6.529161169953633,51.998347446176645,-1.0957908711152906,-0.5011635186548832,7.789209595131913e-14
224.85235222281156,-6.5241856421943245,51.99979671223988,-1.0957389905258161,-0.5010805723108696,5.4734986344170195e-14
224.84362106005972,-6.519209964233849,52.00124288386062,-1.0956872000318656,-0.5009976905211689,1.7052053437991484e-13
224.83489007060297,-6.514234136190763,52.00268596019902,-1.0956354996189002,-0.5009148733417258,-6.315575347404253e-15
224.8261592543096,-6.50925815818356,52.004125940416245,-1.0955838892723566,-0.5008321208284695,6.105056169157445e-14
224.81742861104803,-6.504282030330767,52.00556282367442,-1.095532368977644,-0.5007494330373213,8.631286308119147e-14
224.80869814068654,-6.4993057527508675,52.00699660913663,-1.0954809387201465,-0.5006668100241889,4.4209027431829774e-14
224.79996784309355,-6.494329325562405,52.008427295966975,-1.095429598485222,-0.5005842518449707,1.3894265764289357e-13
224.79123771813744,-6.489352748883866,52.00985488333046,-1.0953783482582033,-0.5005017585555525,3.368306851948935e-14
224.78250776568643,-6.484376022833719,52.01127937039317,-1.0953271880243953,-0.5004193302118095,1.368374658604255e-13
224.77377798560897,-6.479399147530477,52.012700756322076,-1.0952761177690782,-0.5003369668696049,3.9998643866893604e-14
224.76504837777333,-6.474422123092612,52.01411904028515,-1.095225137477507,-0.5002546685847913,7.578690416885104e-14
224.75631894204787,-6.469444949638603,52.015534221451354,-1.0951742471349093,-0.5001724354132092,1.894672604221276e-14
224.7475896783008,-6.4644676272868935,52.01694629899064,-1.095123446726487,-0.5000902674106871,1.0946997268834039e-13
224.73886058640062,-6.459490156155987,52.01835527207392,-1.095072736237416,-0.5000081646330433,4.631421921429786e-14
224.73013166621547,-6.454512536364328,52.0197611398731,-1.0950221156528477,-0.4999261271360832,3.789345208442552e-14
224.72140291761372,-6.449534768030353,52.021163901561046,-1.094971584957905,-0.499844154975601,8.420767129872338e-14
224.71267434046365,-6.444556851272531,52.02256355631162,-1.094921144137687,-0.49976224820737924,4.4209027431829774e-14
224.70394593463357,-6.439578786209296,52.02396010329965,-1.0948707931772645,-0.49968040688718973,3.157787673702127e-14
224.6952176999917,-6.434600572959074,52.02535354170101,-1.0948205320616853,-0.49959863107078895,8.841805486365955e-14
224.68648963640644,-6.429622211640318,52.02674387069245,-1.0947703607759696,-0.4995169208139265,-1.894672604221276e-14
224.67776174374592,-6.4246437023714345,52.0281310894518,-1.0947202793051098,-0.4994352761723363,8.420767129872338e-14
224.66903402187847,-6.419665045270849,52.02951519715782,-1.0946702876340746,-0.499353697201742,1.6841534259744677e-13
224.66030647067237,-6.414686240456957,52.030896192990305,-1.094620385747807,-0.49927218395785405,1.0525958912340423e-14
224.65157908999583,-6.4097072880482004,52.03227407612995,-1.0945705736312221,-0.4991907364963727,3.157787673702127e-14
224.6428518797171,-6.404728188162965,52.03364884575856,-1.09452085126921,-0.49910935487298425,1.2841669873055315e-13
224.6341248397045,-6.399748940919637,52.03502050105882,-1.0944712186466352,-0.49902803914336413,6.947132882144679e-14
224.62539796982617,-6.3947695464366285,52.03638904121444,-1.0944216757483352,-0.4989467893631748,1.0315439734093615e-13
224.61667126995042,-6.389790004832317,52.037754465410124,-1.0943722225591221,-0.49886560558806686,3.157787673702127e-14
224.6079447399454,-6.384810316225085,52.039116772831576,-1.0943228590637815,-0.4987844878736788,4.4209027431829774e-14
224.59921837967934,-6.37983048073328,52.04047596266549,-1.0942735852470729,-0.4987034362756355,5.894536990910637e-14
224.5904921890205,-6.374850498475315,52.0418320340995,-1.0942244010937303,-0.4986224508495521,3.789345208442552e-14
224.58176616783706,-6.36987036956953,52.04318498632231,-1.0941753065884614,-0.4985415316510286,7.368171238638296e-14
224.57304031599722,-6.36489009413428,52.044534818523566,-1.0941263017159466,-0.4984606787356541,6.526094525651062e-14
224.5643146333692,-6.359909672287933,52.04588152989389,-1.0940773864608426,-0.4983798921590048,8.21024795162553e-14
224.5555891198212,-6.354929104148825,52.04722511962496,-1.0940285608077787,-0.49829917197664414,1.2631150694808506e-14
224.54686377522137,-6.349948389835305,52.0485655869094,-1.093979824741358,-0.49821851824412317,3.789345208442552e-14
224.53813859943787,-6.344967529465689,52.04990293094084,-1.093931178246157,-0.4981379310169799,4.4209027431829774e-14
224.52941359233893,-6.339986523158332,52.051237150913906,-1.0938826213067272,-0.49805741035074086,1.6841534259744676e-14
224.52068875379268,-6.335005371031549,52.05256824602425,-1.093834153907594,-0.49797695630091793,1.0525958912340423e-14
224.51196408366727,-6.330024073203642,52.05389621546844,-1.0937857760332557,-0.49789656892301104,2.5262301389617013e-14
224.5032395818309,-6.325042629792962,52.05522105844414,-1.0937374876681858,-0.49781624827250837,7.157652060391487e-14
224.49451524815177,-6.320061040917796,52.05654277414994,-1.09368928879683,-0.4977359944048847,-1.0525958912340423e-14
224.48579108249785,-6.315079306696438,52.05786136178548,-1.0936411794036087,-0.49765580737559967,1.1368035625327657e-13
224.47706708473748,-6.31009742724721,52.05917682055135,-1.0935931594729178,-0.49757568724010326,1.0525958912340423e-14
224.46834325473867,-6.305115402688387,52.06048914964917,-1.0935452289891243,-0.49749563405383024,8.631286308119147e-14
224.45961959236962,-6.300133233138256,52.0617983482816,-1.0934973879365697,-0.49741564787220305,1.0946997268834039e-13
224.45089609749837,-6.295150918715085,52.06310441565218,-1.0934496362995723,-0.49733572875063037,6.526094525651062e-14
224.44217276999314,-6.290168459537184,52.064407350965595,-1.0934019740624197,-0.49725587674450933,0.0
224.43344960972195,-6.285185855722802,52.06570715342741,-1.0933544012093774,-0.4971760919092224,1.3894265764289357e-13
224.42472661655293,-6.280203107390192,52.06700382224431,-1.0933069177246804,-0.4970963743001383,4.210383564936169e-14
224.41600379035424,-6.275220214657641,52.06829735662387,-1.0932595235925433,-0.49701672397261454,7.789209595131913e-14
224.4072811309939,-6.270237177643383,52.0695877557748,-1.0932122187971487,-0.4969371409819926,6.947132882144679e-14
224.3985586383401,-6.265253996465674,52.07087501890664,-1.0931650033226579,-0.4968576253836041,1.24206315165617e-13
224.38983631226077,-6.26027067124274,52.07215914523011,-1.093117877153202,-0.4967781772327627,1.3262708229548932e-13
224.38111415262415,-6.255287202092845,52.073440133956844,-1.0930708402728884,-0.4966987965847725,-1.0525958912340423e-14
224.3723921592982,-6.250303589134197,52.07471798429949,-1.0930238926657978,-0.49661948349492224,6.315575347404254e-14
224.36367033215103,-6.245319832485031,52.07599269547173,-1.0929770343159837,-0.4965402380184867,2.315710960714893e-14
224.3549486710507,-6.240335932263579,52.077264266688225,-1.0929302652074757,-0.49646106021072794,1.1999593160068083e-13
224.3462271758653,-6.235351888588047,52.07853269716468,-1.0928835853242755,-0.496381950126895,1.894672604221276e-14
224.33750584646282,-6.230367701576643,52.07979798611778,-1.0928369946503576,-0.49630290782222103,8.631286308119147e-14
224.32878468271136,-6.2253833713475615,52.081060132765224,-1.0927904931696735,-0.49622393335192694,-2.7367493172085098e-14
224.3200636844789,-6.220398898019025,52.08231913632575,-1.092744080866145,-0.49614502677121936,8.841805486365955e-14
224.31134285163353,-6.215414281709218,52.08357499601906,-1.0926977577236707,-0.49606618813529185,1.2631150694808508e-13
224.30262218404323,-6.210429522536304,52.08482771106592,-1.0926515237261203,-0.4959874174993225,5.2629794561702114e-14
224.2939016815761,-6.205444620618508,52.08607728068809,-1.0926053788573389,-0.49590871491847693,7.157652060391487e-14
224.28518134410012,-6.200459576073986,52.0873237041083,-1.0925593231011463,-0.49583008044790594,4.631421921429786e-14
224.27646117148328,-6.195474389020913,52.088566980550375,-1.0925133564413332,-0.4957515141427464,8.420767129872338e-14
224.26774116359357,-6.190489059577438,52.0898071092391,-1.0924674788616662,-0.4956730160581212,-2.315710960714893e-14
224.25902132029904,-6.18550358786175,52.09104408940029,-1.0924216903458854,-0.49559458624913855,8.21024795162553e-14
224.2503016414677,-6.180517973991995,52.092277920260784,-1.0923759908777049,-0.4955162247708941,8.841805486365955e-14
224.24158212696747,-6.175532218086304,52.09350860104842,-1.092330380440811,-0.49543793167846645,5.0524602779234026e-14
224.2328627766664,-6.17054632026285,52.094736130992054,-1.092284859018866,-0.4953597070269225,8.841805486365955e-14
224.22414359043248,-6.165560280639766,52.09596050932159,-1.092239426595503,-0.4952815508713139,1.2631150694808508e-13
224.21542456813359,-6.160574099335167,52.09718173526792,-1.0921940831543338,-0.4952034632666774,1.0104920555846805e-13
224.20670570963782,-6.155587776467214,52.09839980806297,-1.0921488286789378,-0.4951254442680361,5.2629794561702114e-14
224.19798701481307,-6.150601312154008,52.0996147269397,-1.092103663152872,-0.49504749393039843,5.0524602779234026e-14
224.1892684835273,-6.145614706513675,52.10082649113204,-1.0920585865596673,-0.4949696123087575,5.6840178126638284e-14
224.18055011564843,-6.140627959664313,52.102035099874996,-1.0920135988828266,-0.4948917994580925,1.894672604221276e-14
224.17183191104448,-6.1356410717240495,52.10324055240459,-1.0919687001058265,-0.49481405543336887,5.0524602779234026e-14
224.16311386958336,-6.130654042810984,52.104442847957834,-1.0919238902121182,-0.4947363802895358,1.0104920555846805e-13
