galstreams/tracks/track.st.New-17.ibata2024.ecsv
# %ECSV 1.0
# ---
# datatype:
# - {name: ra, unit: deg, datatype: float64}
# - {name: dec, unit: deg, datatype: float64}
# - {name: distance, unit: kpc, datatype: float64}
# - {name: pm_ra_cosdec, unit: mas / yr, datatype: float64}
# - {name: pm_dec, unit: mas / yr, datatype: float64}
# - {name: radial_velocity, unit: km / s, datatype: float64}
# delimiter: ','
# meta: !!omap
# - __serialized_columns__:
#     dec:
#       __class__: astropy.coordinates.angles.Latitude
#       unit: &id001 !astropy.units.Unit {unit: deg}
#       value: !astropy.table.SerializedColumn {name: dec}
#     distance:
#       __class__: astropy.coordinates.distances.Distance
#       unit: !astropy.units.Unit {unit: kpc}
#       value: !astropy.table.SerializedColumn {name: distance}
#     pm_dec:
#       __class__: astropy.units.quantity.Quantity
#       unit: !astropy.units.Unit {unit: mas / yr}
#       value: !astropy.table.SerializedColumn {name: pm_dec}
#     pm_ra_cosdec:
#       __class__: astropy.units.quantity.Quantity
#       unit: !astropy.units.Unit {unit: mas / yr}
#       value: !astropy.table.SerializedColumn {name: pm_ra_cosdec}
#     ra:
#       __class__: astropy.coordinates.angles.Longitude
#       unit: *id001
#       value: !astropy.table.SerializedColumn {name: ra}
#       wrap_angle: !astropy.coordinates.Angle
#         unit: *id001
#         value: 360.0
#     radial_velocity:
#       __class__: astropy.units.quantity.Quantity
#       unit: !astropy.units.Unit {unit: km / s}
#       value: !astropy.table.SerializedColumn {name: radial_velocity}
# schema: astropy-2.0
ra,dec,distance,pm_ra_cosdec,pm_dec,radial_velocity
[from data line 719]
212.02082753203882,19.18136656432951,1.0000000000000004,-22.981682915497913,0.6872144405548966,1000.0000000000006
212.03002541945042,19.17523752207029,1.0000000000000004,-22.980108414124217,0.6883441179607388,1000.0000000000009
212.0392176493528,19.169100138743808,1.0000000000000004,-22.97852605258457,0.6894678694494871,1000.0000000000007
212.04840419773674,19.162954378076925,1.0000000000000004,-22.976935832054735,0.6905856887686781,1000.0000000000006
212.0575850405907,19.156800203800376,1.0000000000000004,-22.975337753710292,0.6916975696732948,1000.0000000000003
212.06676015390047,19.15063757964877,1.0000000000000004,-22.973731818726193,0.6928035059258946,1000.0000000000008
212.0759295136494,19.144466469360548,1.0000000000000004,-22.97211802827701,0.6939034912966804,1000.0000000000008
212.0850930958184,19.138286836678017,1.0000000000000004,-22.97049638353691,0.6949975195633158,1000.0000000000008
212.09425087638587,19.132098645347316,1.0000000000000007,-22.968866885679304,0.6960855845110956,1000.0000000000007
212.10340283132786,19.125901859118407,1.0000000000000007,-22.967229535877436,0.6971676799330453,1000.0000000000009
212.11254893661805,19.119696441745077,1.0000000000000007,-22.965584335303916,0.6982437996297506,1000.0000000000006
212.12168916822776,19.11348235698492,1.0000000000000004,-22.96393128513094,0.6993139374094852,1000.0000000000007
212.1308235021259,19.107259568599325,1.0000000000000007,-22.962270386530037,0.7003780870883674,1000.0000000000007
212.13995191427918,19.10102804035348,1.0000000000000009,-22.96060164067225,0.7014362424900753,1000.0000000000006
212.14907438065197,19.094787736016354,1.0000000000000007,-22.958925048728148,0.7024883974460749,1000.0000000000007
212.15819087720644,19.088538619360683,1.0000000000000007,-22.957240611867775,0.7035345457957476,1000.0000000000008
212.16730137990243,19.082280654162975,1.0000000000000004,-22.955548331260502,0.7045746813861342,1000.0000000000007
212.17640586469764,19.076013804203487,1.0000000000000009,-22.95384820807506,0.7056087980721628,1000.0000000000008
212.18550430754772,19.069738033266212,1.0000000000000007,-22.95214024348003,0.7066368897166768,1000.0000000000009
212.19459668440598,19.0634533051389,1.0000000000000007,-22.950424438642955,0.7076589501902646,1000.0000000000008
212.20368297122369,19.057159583613014,1.0000000000000007,-22.948700794730954,0.7086749733715294,1000.0000000000008
212.21276314395,19.050856832483728,1.0000000000000007,-22.946969312910454,0.70968495314699,1000.0000000000009
212.2218371785321,19.044545015549943,1.0000000000000007,-22.945229994347443,0.7106888834110805,1000.000000000001
212.23090505091506,19.038224096614236,1.0000000000000009,-22.943482840207253,0.7116867580662358,1000.0000000000009
212.23996673704187,19.0318940394829,1.0000000000000007,-22.94172785165432,0.7126785710228631,1000.000000000001
212.24902221285367,19.02555480796588,1.0000000000000007,-22.939965029852743,0.7136643161994698,1000.0000000000009
212.25807145428954,19.0192063658768,1.0000000000000007,-22.938194375965764,0.7146439875226065,1000.0000000000008
212.26711443728664,19.01284867703296,1.0000000000000007,-22.936415891156088,0.715617578926782,1000.0000000000008
212.27615113778032,19.006481705255297,1.0000000000000004,-22.93462957658565,0.7165850843547616,1000.0000000000007
212.28518153170393,19.00010541436838,1.0000000000000007,-22.93283543341593,0.717546497757354,1000.0000000000009
212.29420559498905,18.993719768200435,1.0000000000000009,-22.931033462807264,0.7185018130935674,1000.0000000000009
212.3032233035654,18.987324730583293,1.0000000000000007,-22.92922366591968,0.7194510243305103,1000.0000000000008
212.31223463336087,18.980920265352406,1.0000000000000004,-22.927406043912285,0.7203941254435762,1000.0000000000008
212.32123956030168,18.97450633634682,1.0000000000000007,-22.925580597943565,0.7213311104163864,1000.0000000000008
212.33023806031218,18.968082907409187,1.0000000000000007,-22.923747329171263,0.7222619732407196,1000.0000000000006
212.33923010931517,18.961649942385737,1.0000000000000007,-22.921906238752385,0.7231867079167245,1000.0000000000007
212.34821568323156,18.95520740512628,1.0000000000000007,-22.92005732784297,0.7241053084528062,1000.0000000000006
212.35719475798075,18.94875525948418,1.0000000000000007,-22.918200597598627,0.725017768865726,1000.0000000000009
212.3661673094805,18.942293469316372,1.0000000000000009,-22.91633604917405,0.7259240831806011,1000.0000000000009
212.37513331364684,18.93582199848332,1.0000000000000007,-22.914463683722985,0.7268242454308762,1000.000000000001
212.38409274639437,18.929340810849038,1.0000000000000007,-22.91258350239866,0.7277182496584373,1000.000000000001
212.39304558363608,18.92284987028106,1.0000000000000007,-22.91069550635339,0.7286060899136118,1000.0000000000008
212.4019918012834,18.916349140650432,1.0000000000000007,-22.908799696738527,0.7294877602551111,1000.000000000001
212.4109313752463,18.90983858583172,1.0000000000000007,-22.906896074704733,0.7303632547502161,1000.0000000000009
212.4198642814333,18.90331816970297,1.0000000000000007,-22.904984641401967,0.7312325674747058,1000.000000000001
212.4287904957514,18.896787856145732,1.0000000000000007,-22.903065397979077,0.7320956925127575,1000.0000000000009
212.4377099941063,18.890247609045034,1.0000000000000007,-22.901138345584243,0.7329526239572459,1000.0000000000007
212.44662275240225,18.88369739228935,1.0000000000000004,-22.899203485364794,0.7338033559095294,1000.0000000000008
212.45552874654214,18.877137169770624,1.0000000000000009,-22.897260818466975,0.7346478824796776,1000.000000000001
212.46442795242757,18.87056690538425,1.0000000000000009,-22.895310346036382,0.7354861977862583,1000.0000000000008
212.47332034595874,18.863986563029076,1.0000000000000009,-22.8933520692175,0.7363182959566075,1000.0000000000008
212.4822059030347,18.857396106607347,1.0000000000000009,-22.891385989154188,0.7371441711266016,1000.0000000000008
212.49108459955318,18.85079550002474,1.0000000000000009,-22.889412106989212,0.7379638174410275,1000.0000000000008
212.49995641141072,18.84418470719035,1.000000000000001,-22.887430423864444,0.7387772290532126,1000.0000000000009
212.50882131450265,18.837563692016655,1.0000000000000009,-22.88544094092083,0.7395844001253096,1000.0000000000008
212.51767928472313,18.83093241841953,1.0000000000000009,-22.883443659298308,0.7403853248282815,1000.0000000000007
212.5265302979652,18.824290850318224,1.0000000000000009,-22.881438580136006,0.7411799973418454,1000.0000000000008
212.53537433012085,18.81763895163536,1.0000000000000009,-22.8794257045721,0.7419684118546002,1000.0000000000009
212.54421135708085,18.810976686296915,1.0000000000000009,-22.877405033743415,0.7427505625639128,1000.0000000000011
212.55304135473506,18.80430401823221,1.0000000000000009,-22.875376568786365,0.7435264436762026,1000.0000000000009
212.5618642989722,18.79762091137391,1.0000000000000009,-22.873340310835985,0.7442960494065431,1000.000000000001
212.57068016568016,18.790927329658018,1.0000000000000009,-22.8712962610265,0.7450593739792453,1000.0000000000011
212.57948893074567,18.784223237023838,1.0000000000000009,-22.869244420490958,0.7458164116272883,1000.0000000000009
212.58829057005462,18.77750859741398,1.0000000000000009,-22.867184790361577,0.7465671565927892,1000.000000000001
212.597085059492,18.77078337477437,1.0000000000000009,-22.865117371769315,0.7473116031269313,1000.000000000001
212.6058723749419,18.764047533054217,1.0000000000000009,-22.86304216584432,0.7480497454897659,1000.000000000001
212.61465249228752,18.757301036205995,1.0000000000000009,-22.86095917371557,0.7487815779504814,1000.0000000000008
212.62342538741134,18.75054384818546,1.0000000000000007,-22.85886839651107,0.7495070947874325,1000.0000000000008
212.63219103619488,18.7437759329516,1.0000000000000009,-22.856769835357525,0.7502262902879551,1000.000000000001
212.64094941451907,18.73699725446669,1.0000000000000009,-22.85466349138096,0.7509391587486363,1000.0000000000009
212.64970049826397,18.73020777669621,1.000000000000001,-22.85254936570604,0.7516456944750729,1000.0000000000008
212.65844426330895,18.723407463608886,1.0000000000000009,-22.850427459456327,0.752345891782241,1000.000000000001
212.66718068553274,18.716596279176642,1.0000000000000009,-22.848297773754325,0.7530397449941688,1000.000000000001
212.67590974081338,18.709774187374624,1.0000000000000009,-22.84616030972144,0.7537272484442497,1000.0000000000009
212.68463140502828,18.70294115218116,1.000000000000001,-22.8440150684779,0.7544083964750357,1000.000000000001
212.69334565405433,18.69609713757778,1.0000000000000009,-22.841862051142996,0.7550831834384084,1000.0000000000011
212.7020524637677,18.689242107549177,1.0000000000000009,-22.839701258834538,0.7557516036956287,1000.000000000001
212.71075181004414,18.68237602608321,1.0000000000000009,-22.837532692669484,0.7564136516171942,1000.0000000000011
212.71944366875888,18.6754988571709,1.0000000000000009,-22.835356353763558,0.7570693215830175,1000.0000000000014
212.7281280157866,18.668610564806404,1.0000000000000009,-22.833172243231203,0.7577186079824187,1000.0000000000011
212.73680482700152,18.661711112987014,1.0000000000000009,-22.830980362185585,0.7583615052141113,1000.0000000000009
212.74547407827757,18.65480046571315,1.0000000000000009,-22.828780711739057,0.7589980076863299,1000.000000000001
212.7541357454881,18.64787858698835,1.0000000000000009,-22.826573293002497,0.759628109816596,1000.0000000000011
212.76278980450618,18.64094544081924,1.0000000000000009,-22.824358107085487,0.7602518060321231,1000.0000000000011
212.77143623120458,18.634000991215547,1.0000000000000009,-22.82213515509673,0.7608690907695603,1000.000000000001
212.78007500145563,18.627045202190086,1.000000000000001,-22.819904438143283,0.7614799584751069,1000.0000000000009
212.78870609113153,18.62007803775873,1.0000000000000013,-22.81766595733133,0.7620844036045114,1000.0000000000011
212.79732947610412,18.61309946194043,1.0000000000000013,-22.815419713765607,0.7626824206231788,1000.0000000000011
212.805945132245,18.606109438757166,1.000000000000001,-22.81316570854959,0.7632740040060995,1000.0000000000011
212.81455303542572,18.599107932233974,1.000000000000001,-22.8109039427857,0.7638591482379198,1000.000000000001
212.82315316151738,18.59209490639892,1.0000000000000013,-22.808634417574567,0.7644378478129781,1000.0000000000011
212.83174548639127,18.58507032528308,1.000000000000001,-22.806357134016324,0.7650100972352902,1000.0000000000011
212.84032998591834,18.57803415292055,1.000000000000001,-22.804072093209,0.7655758910186137,1000.000000000001
212.84890663596954,18.57098635334842,1.000000000000001,-22.801779296249904,0.766135223686419,1000.0000000000008
212.8574754124157,18.56392689060676,1.000000000000001,-22.799478744234705,0.7666880897720247,1000.000000000001
212.86603629112776,18.556855728738622,1.000000000000001,-22.797170438257936,0.7672344838185552,1000.0000000000015
212.87458924797653,18.549772831790033,1.000000000000001,-22.794854379412698,0.7677744003788547,1000.0000000000014
212.88313425883288,18.542678163809967,1.000000000000001,-22.79253056879064,0.768307834015765,1000.0000000000011
212.8916712995678,18.53557168885034,1.000000000000001,-22.790199007482357,0.7688347793019474,1000.0000000000015
212.9002003460523,18.528453370966012,1.0000000000000009,-22.787859696576746,0.769355230819933,1000.000000000001
212.90872137415752,18.521323174214768,1.000000000000001,-22.785512637161673,0.7698691831622284,1000.0000000000011
212.91723435975481,18.514181062657293,1.000000000000001,-22.783157830323475,0.7703766309313309,1000.000000000001
212.92573927871567,18.507027000357194,1.000000000000001,-22.780795277146964,0.7708775687396354,1000.0000000000009
212.93423610691167,18.499860951380956,1.000000000000001,-22.778424978715663,0.7713719912096195,1000.0000000000015
212.9427248202148,18.492682879797954,1.000000000000001,-22.776046936111754,0.7718598929738079,1000.0000000000014
212.95120539449726,18.485492749680432,1.000000000000001,-22.773661150415904,0.7723412686747579,1000.0000000000011
212.95967780563151,18.478290525103493,1.000000000000001,-22.771267622707484,0.7728161129650601,1000.0000000000015
212.9681420294903,18.471076170145086,1.0000000000000013,-22.768866354064215,0.7732844205075438,1000.0000000000014
212.9765980419468,18.463849648886008,1.000000000000001,-22.7664573455627,0.7737461859750496,1000.000000000001
212.9850458188745,18.45661092540988,1.000000000000001,-22.764040598277617,0.774201404050693,1000.000000000001
212.99348533614736,18.44935996380315,1.000000000000001,-22.7616161132827,0.7746500694277074,1000.0000000000014
213.00191656963975,18.442096728155043,1.0000000000000013,-22.75918389164997,0.7750921768096077,1000.0000000000011
213.01033949522642,18.434821182557627,1.000000000000001,-22.756743934449815,0.7755277209100768,1000.0000000000014
213.01875408878274,18.42753329110571,1.000000000000001,-22.75429624275145,0.7759566964531501,1000.0000000000015
213.02716032618454,18.420233017896916,1.000000000000001,-22.75184081762231,0.7763790981730665,1000.0000000000015
213.03555818330818,18.412920327031596,1.000000000000001,-22.749377660128445,0.7767949208145026,1000.0000000000014
213.04394763603068,18.405595182612885,1.000000000000001,-22.746906771334466,0.77720415913236,1000.0000000000014
213.0523286602296,18.39825754874663,1.0000000000000013,-22.744428152303414,0.7776068078920062,1000.0000000000014
213.0607012317831,18.390907389541454,1.0000000000000013,-22.74194180409664,0.7780028618690977,1000.0000000000015
213.06906532657015,18.383544669108648,1.0000000000000013,-22.739447727774305,0.7783923158499491,1000.0000000000014
213.07742092047027,18.376169351562254,1.000000000000001,-22.73694592439452,0.7787751646310213,1000.0000000000014
213.0857679893638,18.368781401019003,1.000000000000001,-22.734436395014427,0.7791514030194406,1000.0000000000014
213.09410650913173,18.361380781598303,1.0000000000000013,-22.731919140688973,0.779521025832814,1000.000000000001
213.10243645565598,18.35396745742226,1.0000000000000013,-22.729394162472033,0.7798840278992216,1000.0000000000009
213.11075780481912,18.34654139261563,1.0000000000000013,-22.72686146141568,0.7802404040573734,1000.0000000000014
213.11907053250468,18.33910255130583,1.0000000000000013,-22.724321038570352,0.7805901491565237,1000.0000000000014
213.127374614597,18.331650897622932,1.0000000000000013,-22.72177289498498,0.7809332580564856,1000.0000000000014
213.13567002698136,18.324186395699634,1.0000000000000016,-22.719217031706876,0.7812697256277659,1000.0000000000014
213.14395674554393,18.31670900967125,1.0000000000000013,-22.71665344978176,0.7815995467515293,1000.0000000000016
213.15223474617179,18.309218703675736,1.0000000000000013,-22.71408215025353,0.7819227163195777,1000.0000000000015
213.16050400475314,18.301715441853613,1.0000000000000013,-22.711503134164616,0.7822392292345057,1000.0000000000016
213.16876449717705,18.294199188348028,1.0000000000000013,-22.708916402555914,0.7825490804095239,1000.0000000000015
213.17701619933374,18.286669907304677,1.0000000000000013,-22.70632195646634,0.7828522647686782,1000.0000000000014
