galstreams/tracks/track.ep.Cocytos.grillmair2009.ecsv
# %ECSV 0.9
# ---
# datatype:
# - {name: ra, unit: deg, datatype: float64}
# - {name: dec, unit: deg, datatype: float64}
# - {name: distance, unit: kpc, datatype: float64}
# - {name: pm_ra_cosdec, unit: mas / yr, datatype: float64}
# - {name: pm_dec, unit: mas / yr, datatype: float64}
# - {name: radial_velocity, unit: km / s, datatype: float64}
# delimiter: ','
# meta: !!omap
# - __serialized_columns__:
#     dec:
#       __class__: astropy.coordinates.angles.Latitude
#       unit: &id001 !astropy.units.Unit {unit: deg}
#       value: !astropy.table.SerializedColumn {name: dec}
#     distance:
#       __class__: astropy.coordinates.distances.Distance
#       unit: !astropy.units.Unit {unit: kpc}
#       value: !astropy.table.SerializedColumn {name: distance}
#     pm_dec:
#       __class__: astropy.units.quantity.Quantity
#       unit: !astropy.units.Unit {unit: mas / yr}
#       value: !astropy.table.SerializedColumn {name: pm_dec}
#     pm_ra_cosdec:
#       __class__: astropy.units.quantity.Quantity
#       unit: !astropy.units.Unit {unit: mas / yr}
#       value: !astropy.table.SerializedColumn {name: pm_ra_cosdec}
#     ra:
#       __class__: astropy.coordinates.angles.Longitude
#       unit: *id001
#       value: !astropy.table.SerializedColumn {name: ra}
#       wrap_angle: !astropy.coordinates.Angle
#         unit: *id001
#         value: 360.0
#     radial_velocity:
#       __class__: astropy.units.quantity.Quantity
#       unit: !astropy.units.Unit {unit: km / s}
#       value: !astropy.table.SerializedColumn {name: radial_velocity}
# schema: astropy-2.0
ra,dec,distance,pm_ra_cosdec,pm_dec,radial_velocity
185.99999999999994,-3.0000000000000133,11.0,0.0,0.0,0.0
186.3514905074999,-2.860899611894467,10.999999999999998,0.0,0.0,0.0
186.70289570428514,-2.721691761597381,11.0,0.0,0.0,0.0
187.05421970598243,-2.582381710377865,11.0,0.0,0.0,0.0
187.40546663663773,-2.4429747185195834,10.999999999999998,0.0,0.0,0.0
187.75664062827397,-2.3034760453632313,10.999999999999998,0.0,0.0,0.0
188.1077458204507,-2.163890949350233,11.000000000000002,0.0,0.0,0.0
188.45878635982433,-2.024224688067769,11.0,0.0,0.0,0.0
188.8097663997107,-1.8844825182947567,11.0,0.0,0.0,0.0
189.160690099648,-1.7446696960491619,10.999999999999998,0.0,0.0,0.0
189.51156162496133,-1.6047914766361968,11.0,0.0,0.0,0.0
189.86238514632822,-1.4648531146974901,10.999999999999998,0.0,0.0,0.0
190.21316483934476,-1.324859864261234,11.0,0.0,0.0,0.0
190.56390488409343,-1.1848169787929397,11.0,0.0,0.0,0.0
190.9146094647111,-1.0447297112471363,11.0,0.0,0.0,0.0
191.26528276895814,-0.9046033141196029,11.0,0.0,0.0,0.0
191.61592898778773,-0.7644430395003472,10.999999999999998,0.0,0.0,0.0
191.9665523149167,-0.624254139126881,11.0,0.0,0.0,0.0
192.31715694639584,-0.48404186443816993,11.0,0.0,0.0,0.0
192.66774708018144,-0.34381146662885087,10.999999999999998,0.0,0.0,0.0
193.01832691570672,-0.20356819670380388,11.0,0.0,0.0,0.0
193.36890065345366,-0.063317305533005,11.0,0.0,0.0,0.0
193.71947249452526,0.07693595609358408,11.0,0.0,0.0,0.0
194.07004664021767,0.21718633741087257,11.0,0.0,0.0,0.0
194.42062729159233,0.35742858762354957,11.000000000000002,0.0,0.0,0.0
194.77121864904808,0.49765745585093,10.999999999999998,0.0,0.0,0.0
195.12182491189358,0.6378676910721273,11.0,0.0,0.0,0.0
195.47245027791888,0.7780540420711566,11.0,0.0,0.0,0.0
195.82309894296696,0.9182112573824526,11.0,0.0,0.0,0.0
196.17377510050494,1.0583340852365821,11.0,0.0,0.0,0.0
196.52448294119506,1.1984172735065222,11.0,0.0,0.0,0.0
196.87522665246462,1.3384555696542357,10.999999999999998,0.0,0.0,0.0
197.2260104180757,1.4784437206778838,11.0,0.0,0.0,0.0
197.57683841769406,1.6183764730595112,10.999999999999998,0.0,0.0,0.0
197.92771482645728,1.7582485727136323,11.0,0.0,0.0,0.0
198.2786438145421,1.8980547649363482,11.0,0.0,0.0,0.0
198.62962954673074,2.037789794355376,10.999999999999998,0.0,0.0,0.0
198.98067618197646,2.177448404880988,10.999999999999998,0.0,0.0,0.0
199.33178787296745,2.3170253396577687,11.0,0.0,0.0,0.0
199.68296876569033,2.456515341017658,11.0,0.0,0.0,0.0
200.03422299899205,2.595913150433841,10.999999999999998,0.0,0.0,0.0
200.38555470414042,2.735213508475967,11.0,0.0,0.0,0.0
200.73696800438313,2.8744111547664737,11.0,0.0,0.0,0.0
201.088467014506,3.0135008279384308,11.0,0.0,0.0,0.0
201.4400558403888,3.152477265594566,11.0,0.0,0.0,0.0
201.79173857856037,3.291335204267879,11.0,0.0,0.0,0.0
202.14351931575104,3.430069379383644,11.0,0.0,0.0,0.0
202.49540212844457,3.5686745252232304,11.0,0.0,0.0,0.0
202.84739108242724,3.7071453748893863,11.0,0.0,0.0,0.0
203.19949023233565,3.8454766602733663,11.0,0.0,0.0,0.0
203.55170362120245,3.9836631120238684,11.0,0.0,0.0,0.0
203.9040352799999,4.121699459517773,11.0,0.0,0.0,0.0
204.25648922718187,4.259580430833004,11.0,0.0,0.0,0.0
204.60906946822323,4.3973007527232735,10.999999999999998,0.0,0.0,0.0
204.96177999515734,4.534855150594991,11.0,0.0,0.0,0.0
205.31462478611127,4.672238348486257,10.999999999999998,0.0,0.0,0.0
205.66760780483875,4.809445069048309,11.0,0.0,0.0,0.0
206.02073300025097,4.9464700335290495,11.0,0.0,0.0,0.0
206.3740043059446,5.0833079617591075,11.0,0.0,0.0,0.0
206.72742563972767,5.2199535721402395,11.0,0.0,0.0,0.0
207.0810009031432,5.35640158163645,11.0,0.0,0.0,0.0
207.4347339809899,5.492646705767528,11.0,0.0,0.0,0.0
207.7886287408405,5.628683658605343,11.0,0.0,0.0,0.0
208.1426890325576,5.764507152772909,11.0,0.0,0.0,0.0
208.49691868780664,5.9001118994461486,10.999999999999998,0.0,0.0,0.0
208.85132151956654,6.035492608358757,11.0,0.0,0.0,0.0
209.20590132163736,6.170643987809828,11.0,0.0,0.0,0.0
209.56066186814553,6.3055607446746285,10.999999999999998,0.0,0.0,0.0
209.91560691304582,6.440237584418359,10.999999999999998,0.0,0.0,0.0
210.27074018962136,6.574669211113308,11.0,0.0,0.0,0.0
210.62606540997996,6.708850327459023,11.0,0.0,0.0,0.0
210.9815862645484,6.8427756348059505,10.999999999999998,0.0,0.0,0.0
211.3373064215632,6.976439833182322,11.0,0.0,0.0,0.0
211.69322952655926,7.109837621324721,11.0,0.0,0.0,0.0
212.04935920185508,7.242963696711972,11.0,0.0,0.0,0.0
212.4056990460355,7.375812755602753,11.0,0.0,0.0,0.0
212.7622526334311,7.50837949307676,11.0,0.0,0.0,0.0
213.11902351359558,7.640658603079817,10.999999999999998,0.0,0.0,0.0
213.47601521077937,7.772644778472601,11.0,0.0,0.0,0.0
213.833231223401,7.904332711083338,11.0,0.0,0.0,0.0
214.19067502351544,8.035717091764461,10.999999999999998,0.0,0.0,0.0
214.54835005627945,8.166792610453195,11.0,0.0,0.0,0.0
214.90625973941457,8.297553956236408,11.0,0.0,0.0,0.0
215.2644074626669,8.427995817419438,10.999999999999998,0.0,0.0,0.0
215.62279658726436,8.558112881599264,11.0,0.0,0.0,0.0
215.981430445371,8.687899835741849,11.0,0.0,0.0,0.0
216.34031233953885,8.817351366264019,11.0,0.0,0.0,0.0
216.69944554215726,8.946462159119623,11.0,0.0,0.0,0.0
217.05883329489905,9.075226899890207,11.0,0.0,0.0,0.0
217.41847880816456,9.203640273880332,10.999999999999998,0.0,0.0,0.0
217.778385260523,9.331696966217335,11.0,0.0,0.0,0.0
218.13855579815169,9.459391661956037,11.0,0.0,0.0,0.0
218.49899353427207,9.586719046187955,11.0,0.0,0.0,0.0
218.85970154858447,9.71367380415548,11.0,0.0,0.0,0.0
219.2206828866994,9.840250621370796,11.0,0.0,0.0,0.0
219.58194055956773,9.966444183739927,10.999999999999998,0.0,0.0,0.0
219.9434775429081,10.092249177691594,11.0,0.0,0.0,0.0
220.3052967766325,10.21766029031125,11.0,0.0,0.0,0.0
220.6674011642695,10.342672209480078,11.0,0.0,0.0,0.0
221.0297935723864,10.467279624019433,10.999999999999998,0.0,0.0,0.0
221.3924768300089,10.591477223840213,10.999999999999998,0.0,0.0,0.0
221.75545372803927,10.715259700097713,10.999999999999998,0.0,0.0,0.0
222.11872701867316,10.83862174535173,11.0,0.0,0.0,0.0
222.4822994148146,10.961558053732105,11.0,0.0,0.0,0.0
222.84617358949015,11.084063321109697,10.999999999999998,0.0,0.0,0.0
223.21035217526114,11.206132245272832,11.0,0.0,0.0,0.0
223.57483776363551,11.327759526109352,11.0,0.0,0.0,0.0
223.93963290447817,11.448939865794209,11.0,0.0,0.0,0.0
224.3047401054209,11.569667968982731,11.0,0.0,0.0,0.0
224.6701618312711,11.689938543009575,10.999999999999998,0.0,0.0,0.0
225.03590050342052,11.809746298093415,11.0,0.0,0.0,0.0
225.40195849925337,11.929085947547401,10.999999999999998,0.0,0.0,0.0
225.76833815155393,12.047952207995431,11.0,0.0,0.0,0.0
226.1350417479146,12.166339799594331,11.0,0.0,0.0,0.0
226.5020715301437,12.28424344626185,10.999999999999998,0.0,0.0,0.0
226.86942969367342,12.401657875910654,10.999999999999998,0.0,0.0,0.0
227.23711838696886,12.518577820688279,11.0,0.0,0.0,0.0
227.60513971093687,12.634998017223062,10.999999999999998,0.0,0.0,0.0
227.97349571833632,12.75091320687611,10.999999999999998,0.0,0.0,0.0
228.34218841318915,12.866318135999366,11.0,0.0,0.0,0.0
228.7112197501927,12.981207556199712,11.0,0.0,0.0,0.0
229.08059163413333,13.095576224609202,11.0,0.0,0.0,0.0
229.4503059193021,13.20941890416147,11.0,0.0,0.0,0.0
229.82036440891162,13.32273036387422,10.999999999999998,0.0,0.0,0.0
230.19076885451568,13.435505379137966,10.999999999999998,0.0,0.0,0.0
230.5615209554308,13.547738732010906,11.0,0.0,0.0,0.0
230.93262235816056,13.659425211520038,11.0,0.0,0.0,0.0
231.30407465582206,13.770559613968457,11.0,0.0,0.0,0.0
231.67587938757666,13.881136743248902,11.0,0.0,0.0,0.0
232.04803803806263,13.991151411163518,11.0,0.0,0.0,0.0
232.4205520368325,14.100598437749868,11.0,0.0,0.0,0.0
232.79342275779308,14.209472651613156,11.0,0.0,0.0,0.0
233.16665151865067,14.317768890264674,11.0,0.0,0.0,0.0
233.5402395803598,14.425482000466527,10.999999999999998,0.0,0.0,0.0
233.91418814657678,14.5326068385825,10.999999999999998,0.0,0.0,0.0
234.2884983631185,14.6391382709352,11.0,0.0,0.0,0.0
234.66317131742557,14.745071174169363,11.0,0.0,0.0,0.0
235.03820803803194,14.850400435621307,11.0,0.0,0.0,0.0
235.41360949403955,14.95512095369462,11.000000000000002,0.0,0.0,0.0
235.7893765945991,15.059227638241891,11.0,0.0,0.0,0.0
236.1655101883978,15.162715410952616,10.999999999999998,0.0,0.0,0.0
236.54201106315267,15.265579205747132,10.999999999999998,0.0,0.0,0.0
236.91887994511194,15.367813969176646,10.999999999999998,0.0,0.0,0.0
237.29611749856292,15.469414660829237,11.0,0.0,0.0,0.0
237.673724325348,15.570376253741813,10.999999999999998,0.0,0.0,0.0
238.05170096438815,15.670693734818016,11.0,0.0,0.0,0.0
238.43004789121522,15.770362105252037,11.000000000000002,0.0,0.0,0.0
238.80876551751192,15.869376380958172,11.0,0.0,0.0,0.0
239.18785419066174,15.967731593006224,11.0,0.0,0.0,0.0
239.56731419330742,16.06542278806259,11.000000000000002,0.0,0.0,0.0
239.94714574291928,16.162445028837006,11.0,0.0,0.0,0.0
240.3273489913733,16.258793394534877,11.0,0.0,0.0,0.0
240.70792402453966,16.35446298131512,11.0,0.0,0.0,0.0
241.08887086188165,16.449448902753478,10.999999999999998,0.0,0.0,0.0
241.4701894560657,16.54374629031116,11.0,0.0,0.0,0.0
241.8518796925827,16.637350293808794,11.0,0.0,0.0,0.0
242.23394138938093,16.730256081905594,11.0,0.0,0.0,0.0
242.61637429651077,16.8224588425836,11.000000000000002,0.0,0.0,0.0
242.99917809578218,16.913953783636988,11.0,0.0,0.0,0.0
243.3823524004344,17.00473613316624,11.0,0.0,0.0,0.0
243.7658967548192,17.094801140077216,11.0,0.0,0.0,0.0
244.14981063409695,17.184144074584875,11.0,0.0,0.0,0.0
244.5340934439469,17.27276022872161,11.0,0.0,0.0,0.0
244.91874452029137,17.360644916850138,11.0,0.0,0.0,0.0
245.30376312903428,17.4477934761807,11.000000000000002,0.0,0.0,0.0
245.6891484658146,17.534201267292534,11.0,0.0,0.0,0.0
246.07489965577497,17.6198636746595,11.0,0.0,0.0,0.0
246.4610157533457,17.704776107179686,10.999999999999998,0.0,0.0,0.0
246.8474957420445,17.788933998708888,11.0,0.0,0.0,0.0
247.23433853429262,17.8723328085978,11.0,0.0,0.0,0.0
247.62154297124735,17.954968022232805,11.000000000000002,0.0,0.0,0.0
248.0091078226513,18.03683515158025,11.0,0.0,0.0,0.0
248.39703178669865,18.11792973573388,11.0,0.0,0.0,0.0
248.78531348991962,18.19824734146559,11.0,0.0,0.0,0.0
249.17395148708175,18.27778356377899,11.0,0.0,0.0,0.0
249.5629442611101,18.356534026465887,11.0,0.0,0.0,0.0
249.9522902230253,18.434494382665388,11.0,0.0,0.0,0.0
250.34198771190106,18.511660315425456,11.0,0.0,0.0,0.0
250.73203499483972,18.58802753826681,11.0,0.0,0.0,0.0
251.12243026696817,18.663591795748964,11.0,0.0,0.0,0.0
251.51317165145258,18.73834886403812,11.0,0.0,0.0,0.0
251.90425719953362,18.812294551476967,11.0,0.0,0.0,0.0
252.29568489058147,18.885424699155937,10.999999999999998,0.0,0.0,0.0
252.6874526321717,18.957735181485894,11.0,0.0,0.0,0.0
253.07955826018113,19.029221906772005,11.0,0.0,0.0,0.0
253.4719995389057,19.099880817788584,10.999999999999998,0.0,0.0,0.0
253.86477416119843,19.169707892354726,10.999999999999998,0.0,0.0,0.0
254.25787974862973,19.23869914391056,11.0,0.0,0.0,0.0
254.65131385166896,19.306850622093798,11.0,0.0,0.0,0.0
255.04507394988767,19.374158413316515,11.0,0.0,0.0,0.0
255.4391574521855,19.440618641341818,11.0,0.0,0.0,0.0
255.83356169703782,19.506227467860306,11.0,0.0,0.0,0.0
256.22828395276616,19.570981093065978,11.0,0.0,0.0,0.0
256.623321417831,19.634875756231462,11.0,0.0,0.0,0.0
257.01867122114766,19.69790773628228,11.0,0.0,0.0,0.0
257.414330422425,19.760073352369982,11.0,0.0,0.0,0.0
257.8102960125271,19.821368964443852,11.0,0.0,0.0,0.0
258.20656491385836,19.88179097382101,11.0,0.0,0.0,0.0
258.60313398077153,19.94133582375461,11.0,0.0,0.0,0.0
259.0,20.000000000000004,11.0,0.0,0.0,0.0
