galstreams/tracks/track.st.NGC3201-Gjoll.ibata2021.ecsv
# %ECSV 1.0
# ---
# datatype:
# - {name: ra, unit: deg, datatype: float64}
# - {name: dec, unit: deg, datatype: float64}
# - {name: distance, unit: kpc, datatype: float64}
# - {name: pm_ra_cosdec, unit: mas / yr, datatype: float64}
# - {name: pm_dec, unit: mas / yr, datatype: float64}
# - {name: radial_velocity, unit: km / s, datatype: float64}
# delimiter: ','
# meta: !!omap
# - __serialized_columns__:
#     dec:
#       __class__: astropy.coordinates.angles.Latitude
#       unit: &id001 !astropy.units.Unit {unit: deg}
#       value: !astropy.table.SerializedColumn {name: dec}
#     distance:
#       __class__: astropy.coordinates.distances.Distance
#       unit: !astropy.units.Unit {unit: kpc}
#       value: !astropy.table.SerializedColumn {name: distance}
#     pm_dec:
#       __class__: astropy.units.quantity.Quantity
#       unit: !astropy.units.Unit {unit: mas / yr}
#       value: !astropy.table.SerializedColumn {name: pm_dec}
#     pm_ra_cosdec:
#       __class__: astropy.units.quantity.Quantity
#       unit: !astropy.units.Unit {unit: mas / yr}
#       value: !astropy.table.SerializedColumn {name: pm_ra_cosdec}
#     ra:
#       __class__: astropy.coordinates.angles.Longitude
#       unit: *id001
#       value: !astropy.table.SerializedColumn {name: ra}
#       wrap_angle: !astropy.coordinates.Angle
#         unit: *id001
#         value: 360.0
#     radial_velocity:
#       __class__: astropy.units.quantity.Quantity
#       unit: !astropy.units.Unit {unit: km / s}
#       value: !astropy.table.SerializedColumn {name: radial_velocity}
# schema: astropy-2.0
ra,dec,distance,pm_ra_cosdec,pm_dec,radial_velocity
[from data line 2699]
84.76266826330992,-16.17257766201542,3.3339695686176727,23.791956536412673,-23.485657637043122,97.68433972676287
84.77054629570924,-16.17912237031914,3.3338810141726594,23.792420619237955,-23.48468812134219,97.76334125692577
84.77842486771489,-16.18566676935871,3.3337925383622777,23.79288362821938,-23.483716809771614,97.84234676188314
84.78630397951576,-16.19221085903898,3.3337041411613857,23.793345563565293,-23.482743702774027,97.92135623887133
84.79418363130085,-16.19875463926489,3.3336158225448367,23.793806425483954,-23.481768800792153,98.00036968512639
84.80206382325918,-16.205298109941335,3.333527582487486,23.794266214183555,-23.480792104268787,98.07938709788466
84.8099445555797,-16.211841270973157,3.3334394209641887,23.794724929872146,-23.47981361364679,98.15840847438211
84.81782582845152,-16.2183841222652,3.333351337949799,23.795182572757696,-23.478833329369134,98.23743381185515
84.8257076420636,-16.224926663722268,3.3332633334191732,23.79563914304806,-23.477851251878832,98.31646310753963
84.83358999660506,-16.231468895249165,3.3331754073471664,23.79609464095102,-23.476867381618998,98.39549635867209
84.8414728922649,-16.238010816750645,3.333087559708634,23.796549066674203,-23.475881719032817,98.47453356248836
84.8493563292323,-16.244552428131463,3.3329997904784303,23.797002420425187,-23.47489426456356,98.55357471622494
84.85724030769629,-16.25109372929634,3.3329120996314097,23.79745470241144,-23.473905018654573,98.63261981711773
84.86512482784605,-16.25763472014996,3.3328244871424295,23.797905912840296,-23.472913981749254,98.71166886240302
84.87300988987069,-16.264175400597015,3.332736952986342,23.79835605191904,-23.471921154291127,98.79072184931697
84.88089549395936,-16.270715770542154,3.3326494971380054,23.798805119854798,-23.47092653672377,98.86977877509572
84.88878164030126,-16.27725582989001,3.3325621195722723,23.799253116854644,-23.46993012949083,98.94883963697553
84.89666832908556,-16.283795578545185,3.3324748202639984,23.799700043125522,-23.468931933036053,99.0279044321925
84.90455556050148,-16.290335016412268,3.3323875991880403,23.800145898874295,-23.467931947803237,99.10697315798281
84.91244333473824,-16.29687414339582,3.3323004563192504,23.800590684307707,-23.466930174236296,99.18604581158266
84.92033165198508,-16.303412959400376,3.3322133916324868,23.8010343996324,-23.465926612779164,99.2651223902282
84.92822051243124,-16.309951464330457,3.3321264051026023,23.801477045054956,-23.464921263875937,99.34420289115545
84.93610991626603,-16.31648965809056,3.3320394967044527,23.80191862078182,-23.463914127970714,99.42328731160097
84.94399986367871,-16.323027540585144,3.331952666412893,23.80235912701931,-23.462905205507695,99.50237564880061
84.95189035485859,-16.32956511171867,3.3318659142027793,23.802798563973706,-23.461894496931176,99.58146789999059
84.959781389995,-16.336102371395555,3.331779240048966,23.803236931851142,-23.460882002685512,99.66056406240713
84.9676729692773,-16.342639319520195,3.3316926439263077,23.80367423085768,-23.459867723215147,99.7396641332865
84.9755650928948,-16.349175955996987,3.3316061258096608,23.80411046119926,-23.45885165896459,99.81876810986462
84.9834577610369,-16.355712280730277,3.331519685673878,23.804545623081744,-23.457833810378453,99.89787598937794
84.99135097389299,-16.362248293624397,3.3314333234938163,23.80497971671087,-23.456814177901396,99.97698776906248
84.99924473165248,-16.36878399458365,3.33134703924433,23.805412742292287,-23.45579276197817,100.05610344615435
85.00713903450482,-16.375319383512377,3.3312608329002766,23.80584470003155,-23.454769563053606,100.13522301788984
85.01503388263934,-16.381854460314717,3.331174704436507,23.806275590134103,-23.453744581572632,100.21434648150513
85.02292927624565,-16.38838922489508,3.331088653827879,23.806705412805293,-23.4527178179802,100.29347383423637
85.0308252155131,-16.394923677157553,3.3310026810492483,23.807134168250364,-23.451689272721403,100.37260507331973
85.03872170063123,-16.40145781700637,3.330916786075469,23.807561856674475,-23.450658946241358,100.45174019599135
85.04661873178954,-16.407991644345717,3.330830968881395,23.807988478282684,-23.44962683898531,100.53087919948733
85.05451630917754,-16.414525159079737,3.3307452294418822,23.808414033279906,-23.44859295139855,100.61002208104401
85.0624144329848,-16.421058361112554,3.330659567731787,23.80883852187102,-23.447557283926436,100.68916883789743
85.07031310340085,-16.42759125034828,3.3305739837259636,23.809261944260765,-23.44651983701443,100.76831946728389
85.07821232061526,-16.434123826690985,3.3304884773992667,23.8096843006538,-23.4454806111081,100.84747396643948
85.08611208481763,-16.440656090044737,3.3304030487265512,23.81010559125467,-23.444439606653003,100.92663233260032
85.09401239619757,-16.44718804031357,3.3303176976826734,23.81052581626781,-23.443396824094844,101.00579456300284
85.10191325494469,-16.453719677401484,3.330232424242488,23.810944975897595,-23.4423522638794,101.08496065488278
85.10981466124865,-16.460251001212487,3.330147228380849,23.81136307034826,-23.441305926452507,101.16413060547663
85.11771661529906,-16.466782011650537,3.330062110072613,23.81178009982396,-23.44025781226007,101.2433044120205
85.12561911728564,-16.473312708619574,3.329977069292634,23.81219606452877,-23.43920792174813,101.3224820717505
85.13352216739806,-16.479843092023522,3.329892106015768,23.812610964666618,-23.438156255362728,101.40166358190285
85.14142576582603,-16.486373161766277,3.3298072202168694,23.813024800441358,-23.43710281355002,101.48084893971384
85.14932991275924,-16.492902917751717,3.329722411870793,23.813437572056763,-23.436047596756257,101.56003814241933
85.1572346083875,-16.49943235988368,3.329637680952394,23.81384927971647,-23.434990605427732,101.63923118725585
85.16513985290048,-16.505961488066013,3.3295530274365297,23.814259923624046,-23.433931840010825,101.71842807145926
85.173045646488,-16.512490302202515,3.3294684512980526,23.814669503982945,-23.43287130095203,101.79762879226602
85.18095198933986,-16.51901880219696,3.3293839525118187,23.81507802099653,-23.431808988697863,101.87683334691205
85.18885888164583,-16.525546987953117,3.3292995310526825,23.815485474868062,-23.43074490369497,101.9560417326338
85.19676632359574,-16.532074859374717,3.3292151868954996,23.815891865800687,-23.429679046390028,102.03525394666711
85.20467431537944,-16.538602416365475,3.3291309200151256,23.81629719399748,-23.428611417229817,102.11446998624831
85.21258285718679,-16.54512965882908,3.3290467303864153,23.816701459661406,-23.427542016661196,102.1936898486137
85.22049194920764,-16.5516565866692,3.328962617984223,23.817104662995323,-23.426470845131096,102.27291353099926
85.22840159163188,-16.558183199789482,3.328878582783405,23.817506804201987,-23.425397903086516,102.35214103064123
85.23631178464943,-16.56470949809354,3.3287946247588156,23.817907883484075,-23.424323190974555,102.43137234477575
85.2442225284502,-16.57123548148497,3.3287107438853107,23.818307901044154,-23.423246709242363,102.51060747063907
85.25213382322418,-16.577761149867403,3.328626940137743,23.81870685708471,-23.422168458337197,102.58984640546741
85.26004566916122,-16.58428650314429,3.3285432134909714,23.819104751808077,-23.42108843870637,102.66908914649672
85.26795806645134,-16.59081154121922,3.328459563919848,23.819501585416546,-23.420006650797262,102.7483356909634
85.27587101528455,-16.597336263995683,3.3283759913992292,23.819897358112293,-23.418923095057373,102.82758603610351
85.28378451585083,-16.60386067137717,3.32829249590397,23.820292070097388,-23.417837771934238,102.9068401791531
85.2916985683402,-16.61038476326713,3.328209077408925,23.820685721573803,-23.416750681875488,102.98609811734867
85.29961317294271,-16.616908539569017,3.3281257358889507,23.82107831274342,-23.415661825328836,103.06535984792622
85.3075283298484,-16.62343200018623,3.3280424713189003,23.821469843808025,-23.414571202742042,103.1446253681218
85.31544403924735,-16.629955145022155,3.32795928367363,23.821860314969307,-23.413478814563003,103.22389467517175
85.32336030132964,-16.636477973980174,3.3278761729279935,23.822249726428826,-23.412384661239628,103.30316776631209
85.3312771162854,-16.643000486963626,3.3277931390568476,23.822638078388085,-23.411288743219952,103.38244463877925
85.33919448430471,-16.64952268387582,3.327710182035048,23.82302537104845,-23.41019106095205,103.46172528980907
85.34711240557773,-16.656044564620068,3.3276273018374476,23.82341160461123,-23.4090916148841,103.54100971663803
85.3550308802946,-16.662566129099638,3.3275444984389027,23.823796779277618,-23.40799040546435,103.62029791650208
85.3629499086455,-16.669087377217778,3.3274617718142685,23.8241808952487,-23.406887433141122,103.6995898866374
85.37086949082064,-16.675608308877724,3.327379121938399,23.82456395272546,-23.405782698362824,103.77888562428036
85.37878962701018,-16.682128923982678,3.327296548786151,23.824945951908813,-23.404676201577924,103.858185126667
85.38671031740435,-16.688649222435824,3.327214052332378,23.825326892999545,-23.403567943234993,103.93748839103341
85.3946315621934,-16.69516920414031,3.327131632551937,23.825706776198363,-23.402457923782656,104.01679541461601
85.40255336156757,-16.70168886899928,3.327049289419681,23.826085601705877,-23.401346143669624,104.09610619465066
85.41047571571714,-16.708208216915843,3.3269670229104666,23.82646336972257,-23.40023260334468,104.17542072837378
85.41839862483239,-16.714727247793096,3.3268848329991476,23.82684008044888,-23.39911730325669,104.25473901302144
85.42632208910362,-16.721245961534095,3.3268027196605803,23.8272157340851,-23.39800024385461,104.3340610458298
85.43424610872117,-16.727764358041885,3.3267206828696194,23.827590330831455,-23.39688142558745,104.41338682403509
85.44217068387535,-16.73428243721949,3.3266387226011194,23.82796387088805,-23.39576084890431,104.49271634487343
85.45009581475652,-16.7408001989699,3.3265568388299367,23.828336354454894,-23.39463851425434,104.57204960558104
85.45802150155505,-16.74731764319609,3.3264750315309257,23.82870778173192,-23.393514422086817,104.651386603394
85.46594774446132,-16.753834769801017,3.3263933006789412,23.829078152918967,-23.39238857285107,104.73072733554858
85.47387454366574,-16.760351578687597,3.326311646248838,23.829447468215736,-23.391260966996487,104.81007179928098
85.48180189935877,-16.766868069758768,3.326230068215472,23.829815727821867,-23.39013160497255,104.88941999182715
85.48972981173073,-16.773384242917317,3.3261485665536985,23.83018293193687,-23.38900048722883,104.96877191042354
85.49765828097222,-16.77990009806623,3.3260671412383713,23.830549080760232,-23.387867614214958,105.04812755230616
85.5055873072736,-16.78641563510824,3.325985792244347,23.83091417449123,-23.386732986380643,105.12748691471134
85.51351689082537,-16.79293085394619,3.32590451954648,23.83127821332914,-23.38559660417568,105.20684999487503
85.52144703181806,-16.799445754482864,3.325823323119626,23.831641197473097,-23.384458468049925,105.28621679003354
85.52937773044216,-16.80596033662104,3.3257422029386388,23.832003127122135,-23.383318578453327,105.36558729742303
85.53730898688825,-16.812474600263442,3.325661158978374,23.832364002475224,-23.382176935835915,105.44496151427963
85.54524080134682,-16.81898854531279,3.325580191213688,23.832723823731193,-23.38103354064778,105.52433943783952
85.55317317400849,-16.825502171671793,3.325499299619434,23.833082591088818,-23.379888393339083,105.60372106533893
85.56110610506383,-16.832015479243104,3.3254184841704677,23.833440304746745,-23.37874149436009,105.683106394014
85.56903959470343,-16.838528467929375,3.3253377448416455,23.83379696490354,-23.37759284416112,105.76249542110084
85.57697364311791,-16.84504113763324,3.32525708160782,23.834152571757667,-23.376442443192584,105.8418881438358
85.5849082504979,-16.851553488257288,3.3251764944438484,23.83450712550751,-23.375290291904964,105.92128455945478
85.59284341703408,-16.8580655197041,3.3250959833245854,23.834860626351308,-23.374136390748802,106.00068466519419
85.60077914291709,-16.864577231876222,3.325015548224886,23.835213074487253,-23.372980740174754,106.0800884582901
85.6087154283376,-16.8710886246762,3.324935189119605,23.835564470113425,-23.371823340633508,106.15949593597865
85.61665227348635,-16.877599698006534,3.3248549059835977,23.83591481342781,-23.37066419257587,106.2389070954961
85.62458967855403,-16.88411045176972,3.3247746987917184,23.836264104628288,-23.369503296452702,106.31832193407865
85.6325276437314,-16.8906208858682,3.3246945675188244,23.836612343912652,-23.368340652714945,106.39774044896237
85.64046616920916,-16.897131000204414,3.324614512139768,23.836959531478584,-23.367176261813615,106.47716263738342
85.64840525517812,-16.903640794680786,3.324534532629406,23.837305667523697,-23.3660101241998,106.55658849657802
85.65634490182907,-16.9101502691997,3.3244546289625934,23.83765075224548,-23.364842240324677,106.63601802378247
85.66428510935276,-16.916659423663532,3.324374801114185,23.837994785841335,-23.363672610639494,106.71545121623262
85.67222587794005,-16.923168257974613,3.324295049059036,23.83833776850858,-23.362501235595587,106.79488807116498
85.68016720778176,-16.92967677203528,3.324215372772001,23.838679700444423,-23.361328115644334,106.8743285858155
85.68810909906875,-16.936184965747813,3.3241357722279368,23.839020581845965,-23.360153251237218,106.95377275742045
85.69605155199187,-16.942692839014494,3.324056247401696,23.83936041291026,-23.35897664282581,107.03322058321605
85.70399456674201,-16.949200391737577,3.323976798268135,23.839699193834196,-23.357798290861723,107.11267206043834
85.71193814351007,-16.955707623819283,3.3238974248021096,23.840036924814633,-23.356618195796674,107.19212718632357
85.71988228248696,-16.96221453516182,3.3238181269784737,23.840373606048267,-23.35543635808244,107.27158595810796
85.72782698386365,-16.9687211256674,3.3237389047720836,23.84070923773177,-23.354252778170874,107.3510483730275
85.73577224783102,-16.975227395238118,3.3236597581577927,23.841043820061653,-23.353067456513926,107.43051442831853
85.74371807458007,-16.981733343776135,3.3235806871104567,23.841377353234385,-23.35188039356362,107.50998412121723
85.75166446430178,-16.98823897118356,3.3235016916049314,23.841709837446306,-23.35069158977203,107.58945744895972
85.75961141718716,-16.99474427736248,3.3234227716160722,23.84204127289366,-23.349501045591307,107.66893440878216
85.7675589334272,-17.001249262214966,3.3233439271187333,23.84237165977262,-23.348308761473714,107.74841499792066
85.77550701321296,-17.007753925643048,3.32326515808777,23.842700998279234,-23.347114737871564,107.82789921361152
85.78345565673547,-17.01425826754875,3.323186464498038,23.84302928860948,-23.345918975237254,107.90738705309093
85.79140486418581,-17.020762287834064,3.3231078463243913,23.843356530959227,-23.344721474023245,107.98687851359496
85.79935463575502,-17.027265986400955,3.323029303541685,23.843682725524253,-23.343522234682105,108.06637359235972
85.80730497163427,-17.03376936315137,3.3229508361247753,23.84400787250022,-23.342321257666423,108.14587228662162
85.8152558720146,-17.040272417987232,3.322872444048517,23.84433197208274,-23.341118543428934,108.22537459361652
85.8232073370872,-17.04677515081045,3.322794127287764,23.844655024467293,-23.3399140924224,108.30488051058087
85.83115936704318,-17.053277561522886,3.3227158858173733,23.84497702984926,-23.338707905099664,108.38439003475072
85.83911196207372,-17.059779650026393,3.322637719612199,23.845297988423958,-23.337499981913673,108.46390316336229
85.84706512237,-17.066281416222807,3.322559628647096,23.845617900386603,-23.33629032331742,108.54341989365166
85.85501884812321,-17.07278286001393,3.32248161289692,23.845936765932276,-23.335078929764,108.62294022285514
85.86297313952456,-17.07928398130155,3.3224036723365256,23.846254585256005,-23.333865801706544,108.7024641482088
85.87092799676529,-17.08578477998741,3.3223258069407677,23.846571358552712,-23.33265093959831,108.78199166694873
