galstreams/tracks/track.st.Gaia-9.ibata2021.ecsv
# %ECSV 0.9
# ---
# datatype:
# - {name: ra, unit: deg, datatype: float64}
# - {name: dec, unit: deg, datatype: float64}
# - {name: distance, unit: kpc, datatype: float64}
# - {name: pm_ra_cosdec, unit: mas / yr, datatype: float64}
# - {name: pm_dec, unit: mas / yr, datatype: float64}
# - {name: radial_velocity, unit: km / s, datatype: float64}
# delimiter: ','
# meta: !!omap
# - __serialized_columns__:
#     dec:
#       __class__: astropy.coordinates.angles.Latitude
#       unit: &id001 !astropy.units.Unit {unit: deg}
#       value: !astropy.table.SerializedColumn {name: dec}
#     distance:
#       __class__: astropy.coordinates.distances.Distance
#       unit: !astropy.units.Unit {unit: kpc}
#       value: !astropy.table.SerializedColumn {name: distance}
#     pm_dec:
#       __class__: astropy.units.quantity.Quantity
#       unit: !astropy.units.Unit {unit: mas / yr}
#       value: !astropy.table.SerializedColumn {name: pm_dec}
#     pm_ra_cosdec:
#       __class__: astropy.units.quantity.Quantity
#       unit: !astropy.units.Unit {unit: mas / yr}
#       value: !astropy.table.SerializedColumn {name: pm_ra_cosdec}
#     ra:
#       __class__: astropy.coordinates.angles.Longitude
#       unit: *id001
#       value: !astropy.table.SerializedColumn {name: ra}
#       wrap_angle: !astropy.coordinates.Angle
#         unit: *id001
#         value: 360.0
#     radial_velocity:
#       __class__: astropy.units.quantity.Quantity
#       unit: !astropy.units.Unit {unit: km / s}
#       value: !astropy.table.SerializedColumn {name: radial_velocity}
# schema: astropy-2.0
ra,dec,distance,pm_ra_cosdec,pm_dec,radial_velocity
[from data line 416]
227.25542163563333,67.46643718283345,3.950435846107397,-15.229598577150488,7.527872131733448,1.515738083377021e-13
227.27141587762029,67.45833715507416,3.950745098550627,-15.224926752840709,7.529134540352844,1.2631150694808508e-13
227.28740268376086,67.450236619949,3.9510540370778267,-15.220253829253286,7.53039291364858,1.5999457546757442e-13
227.30338205581523,67.4421355761207,3.951362663104719,-15.215579811117367,7.531647252609993,1.0946997268834039e-13
227.31935399553672,67.43403402225334,3.9516709780470247,-15.21090470316089,7.532897558229654,7.578690416885104e-14
227.3353185046716,67.42593195701228,3.951978983320467,-15.206228510110549,7.534143831503384,1.1789073981821273e-13
227.35127558495913,67.41782937906424,3.9522866803407672,-15.201551236691811,7.535386073430211,1.0104920555846805e-13
227.36722523813197,67.40972628707713,3.952594070523649,-15.196872887628885,7.536624285012456,9.262843842859572e-14
227.3831674659155,67.40162267972032,3.952901155284834,-15.192193467644762,7.537858467255628,1.347322740779574e-13
227.39910227002844,67.39351855566441,3.9532079360400445,-15.187512981461174,7.539088621168497,8.420767129872338e-14
227.41502965218234,67.3854139135814,3.9535144142050025,-15.18283143379863,7.540314747763016,1.347322740779574e-13
227.43094961408238,67.37730875214447,3.95382059119543,-15.178148829376346,7.5415368480544975,7.578690416885104e-14
227.44686215742644,67.3692030700282,3.9541264684270505,-15.173465172912305,7.542754923061379,1.0104920555846805e-13
227.46276728390586,67.36109686590854,3.954432047315584,-15.168780469123234,7.543968973805399,1.1789073981821273e-13
227.47866499520507,67.35299013846264,3.954737329276756,-15.164094722724585,7.545179001311528,1.2631150694808508e-13
227.4945552930016,67.34488288636912,3.9550423157262857,-15.159407938430569,7.546385006607947,1.4315304120782974e-13
227.5104381789667,67.33677510830772,3.9553470080798965,-15.15472012095407,7.547586990726184,1.5999457546757442e-13
227.5263136547644,67.32866680295959,3.955651407753311,-15.15003127500674,7.548784954700908,9.262843842859572e-14
227.54218172205216,67.32055796900728,3.9559555161622506,-15.145341405298954,7.549978899570079,1.5999457546757442e-13
227.55804238248072,67.31244860513458,3.9562593347224397,-15.140650516539782,7.551168826374881,1.0946997268834039e-13
227.57389563769433,67.30433871002653,3.9565628648495976,-15.135958613437015,7.552354736159825,1.1789073981821273e-13
227.58974148933038,67.29622828236958,3.9568661079594487,-15.13126570069716,7.553536629972579,7.578690416885104e-14
227.60557993901966,67.2881173208515,3.957169065467714,-15.12657178302543,7.5547145088641114,1.0946997268834039e-13
227.62141098838634,67.28000582416134,3.9574717387901166,-15.121876865125722,7.555888373888639,1.0104920555846805e-13
227.63723463904796,67.27189379098951,3.957774129342378,-15.117180951700675,7.557058226103607,1.0946997268834039e-13
227.65305089261568,67.26378122002765,3.9580762385402215,-15.11248404745156,7.558224066569776,1.1789073981821273e-13
227.66885975069385,67.25566810996877,3.9583780677993685,-15.107786157078392,7.559385896351101,1.347322740779574e-13
227.6846612148804,67.24755445950723,3.9586796185355415,-15.10308728527984,7.560543716514824,1.347322740779574e-13
227.70045528676658,67.23944026733871,3.958980892164462,-15.098387436753296,7.561697528131413,1.4315304120782974e-13
227.71624196793752,67.2313255321601,3.9592818901018534,-15.09368661619477,7.5628473322746705,1.0104920555846805e-13
227.73202125997142,67.22321025266973,3.959582613763437,-15.088984828299006,7.5639931300215775,6.73661370389787e-14
227.7477931644402,67.2150944275672,3.9598830645649366,-15.084282077759394,7.565134922452393,1.1789073981821273e-13
227.76355768290938,67.20697805555339,3.960183243922073,-15.079578369268,7.566272710650673,7.578690416885104e-14
227.77931481693784,67.19886113533063,3.960483153250569,-15.07487370751557,7.56740649570316,1.1789073981821273e-13
227.79506456807846,67.19074366560237,3.960782793966146,-15.070168097191459,7.568536278699982,1.0946997268834039e-13
227.81080693787732,67.18262564507353,3.9610821674845273,-15.065461542983744,7.569662060734424,1.347322740779574e-13
227.8265419278743,67.1745070724503,3.961381275221436,-15.060754049579105,7.570783842903064,1.4315304120782974e-13
227.84226953960288,67.16638794644015,3.9616801185925925,-15.056045621662912,7.571901626305753,1.0104920555846805e-13
227.85798977459012,67.15826826575203,3.9619786990137196,-15.05133626391918,7.57301541204559,9.262843842859572e-14
227.87370263435707,67.15014802909592,3.9622770179005395,-15.046625981030513,7.574125201228974,5.894536990910637e-14
227.88940812041815,67.14202723518335,3.9625750766687746,-15.041914777678226,7.575230994965552,6.73661370389787e-14
227.90510623428162,67.13390588272712,3.962872876734148,-15.03720265854223,7.576332794368221,1.2631150694808508e-13
227.9207969774494,67.12578397044135,3.9631704195123802,-15.032489628301082,7.57743060055315,6.73661370389787e-14
227.93648035141737,67.11766149704137,3.963467706419195,-15.027775691631957,7.578524414639814,1.0946997268834039e-13
227.952156357675,67.10953846124397,3.963764738870315,-15.023060853210655,7.579614237750931,1.2631150694808508e-13
227.96782499770558,67.10141486176717,3.96406151828146,-15.018345117711615,7.580700071012469,1.1789073981821273e-13
227.98348627298608,67.09329069733042,3.964358046068354,-15.0136284898079,7.581781915553667,1.4315304120782974e-13
227.9991401849877,67.08516596665429,3.964654323646719,-15.008910974171133,7.582859772507103,1.0104920555846805e-13
228.01478673517508,67.07704066846084,3.964950352432278,-15.004192575471615,7.583933643008542,1.2631150694808508e-13
228.03042592500685,67.06891480147338,3.965246133840752,-14.999473298378224,7.585003528197061,1.2631150694808508e-13
228.0460577559356,67.06078836441657,3.9655416692878642,-14.994753147558436,7.586069429215005,9.262843842859572e-14
228.0616822294076,67.05266135601639,3.9658369601893364,-14.990032127678349,7.587131347207959,9.262843842859572e-14
228.07729934686338,67.04453377500003,3.96613200796089,-14.985310243402626,7.588189283324855,1.1789073981821273e-13
228.09290910973715,67.03640562009615,3.9664268140182486,-14.98058749939456,7.589243238717839,1.0104920555846805e-13
228.10851151945704,67.0282768900346,3.9667213797771352,-14.975863900316,7.590293214542325,1.347322740779574e-13
228.12410657744536,67.02014758354669,3.9670157066532705,-14.97113945082741,7.591339211957049,1.4315304120782974e-13
228.1396942851181,67.01201769936492,3.9673097960623753,-14.966414155587836,7.592381232123964,7.578690416885104e-14
228.1552746438857,67.00388723622312,3.9676036494201763,-14.961688019254868,7.593419276208362,1.2631150694808508e-13
228.1708476551522,66.99575619285649,3.9678972681423916,-14.956961046484706,7.594453345378758,1.515738083377021e-13
228.18641332031584,66.98762456800154,3.9681906536447444,-14.952233241932111,7.59548344080697,1.1789073981821273e-13
228.20197164076885,66.9794923603961,3.968483807342959,-14.947504610250434,7.596509563668044,1.1789073981821273e-13
228.2175226178978,66.97135956877922,3.9687767306527553,-14.942775156091546,7.59753171514041,7.578690416885104e-14
228.23306625308302,66.9632261918914,3.969069424989857,-14.938044884105919,7.598549896405655,1.0946997268834039e-13
228.2486025476991,66.95509222847437,3.9693618917699856,-14.933313798942565,7.599564108648711,1.347322740779574e-13
228.26413150311467,66.9469576772713,3.9696541324088632,-14.92858190524907,7.600574353057745,1.1789073981821273e-13
228.2796531206927,66.93882253702647,3.969946148322212,-14.923849207671545,7.6015806308242695,1.0946997268834039e-13
228.2951674017901,66.93068680648561,3.9702379409257555,-14.919115710854673,7.602582943143002,1.347322740779574e-13
228.3106743477581,66.92255048439579,3.9705295116352155,-14.914381419441668,7.603581291211972,1.2631150694808508e-13
228.32617395994203,66.9144135695053,3.9708208618663132,-14.909646338074289,7.604575676232482,1.0104920555846805e-13
228.34166623968136,66.9062760605639,3.971111993034772,-14.904910471392848,7.60556609940908,1.2631150694808508e-13
228.3571511883101,66.89813795632244,3.9714029065563126,-14.900173824036164,7.606552561949681,1.0946997268834039e-13
228.37262880715625,66.88999925553327,3.9716936038466595,-14.895436400641604,7.607535065065387,1.4315304120782974e-13
228.38809909754212,66.88185995694997,3.971984086321534,-14.890698205845062,7.608513609970624,8.420767129872338e-14
228.40356206078428,66.87372005932748,3.972274355396657,-14.885959244280953,7.609488197883068,1.347322740779574e-13
228.41901769819356,66.86557956142208,3.972564412487752,-14.881219520582231,7.610458830023683,9.262843842859572e-14
228.43446601107533,66.85743846199122,3.9728542590105405,-14.876479039380333,7.61142550761676,9.262843842859572e-14
228.44990700072904,66.84929675979383,3.9731438963807464,-14.871737805305237,7.612388231889797,1.2631150694808508e-13
228.4653406684486,66.84115445359006,3.9734333260140926,-14.866995822985418,7.613347004073606,1.1789073981821273e-13
228.48076701552216,66.83301154214148,3.973722549326297,-14.862253097047889,7.61430182540226,1.0104920555846805e-13
228.4961860432325,66.82486802421077,3.974011567733086,-14.857509632118116,7.61525269711315,1.0946997268834039e-13
228.51159775285666,66.81672389856215,3.97430038265018,-14.852765432820103,7.616199620446913,6.73661370389787e-14
228.52700214566593,66.808579163961,3.9745889954933022,-14.848020503776356,7.617142596647457,1.1789073981821273e-13
228.54239922292626,66.8004338191741,3.9748774076781737,-14.843274849607859,7.618081626961994,1.2631150694808508e-13
228.55778898589796,66.79228786296954,3.975165620620517,-14.838528474934089,7.619016712640984,1.1789073981821273e-13
228.57317143583586,66.78414129411665,3.9754536357360553,-14.833781384373006,7.619947854938223,2.5262301389617013e-14
228.58854657398916,66.77599411138614,3.9757414544405103,-14.829033582541074,7.620875055110716,1.0946997268834039e-13
228.60391440160166,66.76784631354998,3.976029078149604,-14.824285074053222,7.62179831441879,1.1789073981821273e-13
228.61927491991153,66.75969789938158,3.9763165082790595,-14.81953586352287,7.622717634126021,5.894536990910637e-14
228.63462813015173,66.75154886765547,3.976603746244597,-14.814785955561891,7.623633015499311,1.0104920555846805e-13
228.64997403354948,66.74339921714761,3.9768907934619424,-14.810035354780645,7.624544459808788,1.0104920555846805e-13
228.66531263132677,66.73524894663528,3.9771776513468136,-14.805284065787973,7.625451968327892,1.0946997268834039e-13
228.6806439247,66.72709805489703,3.9774643213149368,-14.800532093191148,7.6263555423333145,7.578690416885104e-14
228.69596791488019,66.7189465407128,3.9777508047820316,-14.79577944159596,7.627255183105021,1.515738083377021e-13
228.71128460307324,66.71079440286367,3.9780371031638215,-14.791026115606575,7.6281508919263175,1.0104920555846805e-13
228.7265939904793,66.70264164013219,3.9783232178760275,-14.786272119825693,7.629042670083715,1.0946997268834039e-13
228.74189607829337,66.69448825130218,3.9786091503343726,-14.781517458854424,7.62993051886703,1.0946997268834039e-13
228.7571908677049,66.68633423515878,3.9788949019545803,-14.77676213729236,7.630814439569324,1.347322740779574e-13
228.77247835989846,66.67817959048836,3.979180474152371,-14.772006159737474,7.6316944334870085,6.73661370389787e-14
228.78775855605284,66.67002431607871,3.979465868343468,-14.767249530786257,7.632570501919708,1.1789073981821273e-13
228.80303145734175,66.66186841071885,3.979751085943593,-14.762492255033603,7.633442646170328,1.4315304120782974e-13
228.81829706493363,66.65371187319917,3.9800361283684693,-14.757734337072836,7.6343108675450875,9.262843842859572e-14
228.83355537999145,66.64555470231139,3.980320997033817,-14.752975781495747,7.635175167353411,8.420767129872338e-14
228.8488064036733,66.63739689684839,3.980605693355361,-14.748216592892508,7.636035546908078,1.4315304120782974e-13
228.8640501371318,66.62923845560451,3.9808902187488218,-14.743456775851755,7.636892007525113,1.0104920555846805e-13
228.87928658151432,66.62107937737532,3.981174574629921,-14.738696334960533,7.6377445505237755,1.4315304120782974e-13
228.89451573796308,66.61291966095781,3.9814587624143827,-14.733935274804331,7.638593177226641,5.0524602779234026e-14
228.90973760761523,66.60475930515013,3.9817427835179298,-14.729173599967005,7.639437888959557,1.0946997268834039e-13
228.9249521916026,66.59659830875177,3.9820266393562815,-14.72441131503088,7.640278687051637,9.262843842859572e-14
228.94015949105196,66.58843667056361,3.9823103313451633,-14.719648424576656,7.641115572835253,1.0104920555846805e-13
228.9553595070849,66.58027438938778,3.9825938609002938,-14.714884933183464,7.641948547646065,9.262843842859572e-14
228.97055224081777,66.57211146402778,3.9828772294373986,-14.710120845428834,7.642777612822977,7.578690416885104e-14
228.9857376933621,66.56394789328826,3.9831604383721984,-14.70535616588868,7.643602769708217,1.1789073981821273e-13
229.0009158658241,66.55578367597533,3.9834434891204156,-14.700590899137334,7.644424019647257,1.0104920555846805e-13
229.01608675930498,66.54761881089635,3.9837263830977734,-14.695825049747521,7.645241363988814,7.578690416885104e-14
229.03125037490076,66.53945329686005,3.9840091217199927,-14.69105862229037,7.646054804084882,1.0104920555846805e-13
229.0464067137027,66.53128713267628,3.984291706402795,-14.686291621335371,7.646864341290778,1.4315304120782974e-13
229.06155577679684,66.52312031715641,3.9845741385619053,-14.681524051450412,7.647669976965033,1.1789073981821273e-13
229.0766975652641,66.514952849113,3.9848564196130445,-14.676755917201776,7.6484717124694415,1.347322740779574e-13
229.09183208018067,66.50678472735993,3.9851385509719353,-14.67198722315413,7.649269549169106,7.578690416885104e-14
229.10695932261737,66.49861595071248,3.985420534054298,-14.667217973870509,7.650063488432339,6.73661370389787e-14
229.12207929364055,66.49044651798702,3.985702370275857,-14.662448173912303,7.650853531630796,7.578690416885104e-14
229.13719199431122,66.48227642800143,3.9859840610523327,-14.657677827839315,7.651639680139328,1.1789073981821273e-13
229.15229742568562,66.47410567957478,3.98626560779945,-14.652906940209672,7.652421935336096,9.262843842859572e-14
229.16739558881483,66.46593427152754,3.986547011932929,-14.648135515579922,7.653200298602467,1.0104920555846805e-13
229.18248648474545,66.45776220268134,3.9868282748684933,-14.643363558504905,7.653974771323167,1.4315304120782974e-13
229.1975701145189,66.44958947185923,3.9871093980218633,-14.63859107353788,7.654745354886105,8.420767129872338e-14
229.21264647917164,66.4414160778855,3.987390382808763,-14.633818065230436,7.655512050682475,1.0946997268834039e-13
229.22771557973547,66.4332420195858,3.9876712306449136,-14.629044538132531,7.6562748601067385,7.578690416885104e-14
229.24277741723714,66.4250672957871,3.987951942946038,-14.624270496792464,7.657033784556591,9.262843842859572e-14
229.25783199269884,66.41689190531748,3.988232521127859,-14.619495945756857,7.657788825433054,1.6841534259744676e-14
229.2728793071376,66.40871584700656,3.9885129666060974,-14.614720889570732,7.658539984140326,1.2631150694808508e-13
229.287919361566,66.4005391196851,3.988793280796475,-14.609945332777404,7.659287262085927,1.347322740779574e-13
229.3029521569914,66.39236172218533,3.989073465114717,-14.605169279918565,7.660030660680581,1.347322740779574e-13
229.31797769441695,66.3841836533405,3.9893535209765436,-14.60039273553419,7.660770181338355,6.73661370389787e-14
229.33299597484046,66.37600491198543,3.9896334497976764,-14.595615704162658,7.661505825476463,1.347322740779574e-13
229.34800699925532,66.36782549695612,3.9899132529938393,-14.590838190340621,7.662237594515446,2.020984111169361e-13
229.36301076865013,66.35964540708986,3.990192931980754,-14.586060198603077,7.662965489879095,1.8525687685719145e-13
229.37800728400865,66.35146464122532,3.990472488174142,-14.58128173348337,7.663689512994402,1.4315304120782974e-13
