galstreams/tracks/track.Lethe.grillmair2009.ecsv
# %ECSV 0.9
# ---
# datatype:
# - {name: sc.ra, unit: deg, datatype: float64}
# - {name: sc.dec, unit: deg, datatype: float64}
# - {name: sc.distance, unit: kpc, datatype: float64}
# - {name: width, datatype: float64}
# meta: !!omap
# - __serialized_columns__:
#     sc:
#       __class__: astropy.coordinates.sky_coordinate.SkyCoord
#       dec: !astropy.table.SerializedColumn
#         __class__: astropy.coordinates.angles.Latitude
#         unit: &id001 !astropy.units.Unit {unit: deg}
#         value: !astropy.table.SerializedColumn {name: sc.dec}
#       distance: !astropy.table.SerializedColumn
#         __class__: astropy.coordinates.distances.Distance
#         unit: !astropy.units.Unit {unit: kpc}
#         value: !astropy.table.SerializedColumn {name: sc.distance}
#       frame: icrs
#       ra: !astropy.table.SerializedColumn
#         __class__: astropy.coordinates.angles.Longitude
#         unit: *id001
#         value: !astropy.table.SerializedColumn {name: sc.ra}
#         wrap_angle: !astropy.coordinates.Angle
#           unit: *id001
#           value: 360.0
#       representation_type: spherical
# schema: astropy-2.0
sc.ra sc.dec sc.distance width
[from data line 692]
178.00286865268208 20.044777571059793 13.0 0.4
178.0131012777072 20.047533655669856 13.0 0.4
178.0233342619305 20.050289151759483 13.0 0.4
178.03356760534137 20.053044059220102 13.0 0.4
178.04380130792939 20.05579837794316 13.0 0.4
178.05403536968385 20.058552107820123 13.0 0.4
178.0642697905943 20.061305248742492 13.0 0.4
178.07450457064994 20.06405780060173 13.0 0.4
178.08473970984008 20.06680976328934 13.0 0.4
178.09497520815404 20.06956113669684 13.0 0.4
178.10521106558087 20.07231192071573 13.0 0.4
178.11544728210976 20.075062115237536 13.0 0.4
178.12568385772985 20.077811720153825 13.0 0.4
178.13592079243008 20.080560735356116 13.0 0.4
178.14615808619953 20.083309160735972 13.0 0.4
178.15639573902706 20.08605699618497 13.0 0.4
178.16663375090164 20.08880424159468 13.0 0.4
178.17687212181204 20.091550896856695 13.0 0.4
178.1871108517471 20.094296961862618 13.0 0.4
178.19734994069555 20.09704243650405 13.0 0.4
178.20758938864606 20.09978732067262 13.0 0.4
178.21782919558737 20.102531614259952 13.0 0.4
178.22806936150792 20.10527531715768 13.0 0.4
178.2383098863964 20.10801842925746 13.0 0.4
178.24855077024128 20.110760950450963 13.0 0.4
178.25879201303096 20.113502880629845 13.0 0.4
178.26903361475388 20.116244219685793 13.0 0.4
178.27927557539843 20.11898496751051 13.0 0.4
178.28951789495287 20.12172512399568 13.0 0.4
178.2997605734054 20.124464689033015 13.0 0.4
178.31000361074433 20.12720366251426 13.0 0.4
178.32024700695786 20.129942044331134 13.0 0.4
178.33049076203395 20.13267983437537 13.0 0.4
178.34073487596072 20.13541703253874 13.0 0.4
178.35097934872624 20.13815363871301 13.0 0.4
178.3612241803184 20.14088965278993 13.0 0.4
178.37146937072515 20.14362507466132 13.0 0.4
178.3817149199344 20.146359904218954 13.0 0.4
178.3919608279339 20.14909414135464 13.0 0.4
178.40220709471137 20.151827785960187 13.0 0.4
178.41245372025466 20.154560837927452 13.0 0.4
178.42270070455137 20.157293297148243 13.0 0.4
178.4329480475891 20.160025163514415 13.0 0.4
178.44319574935548 20.16275643691784 13.0 0.4
178.45344380983798 20.165487117250375 13.0 0.4
178.4636922290241 20.168217204403888 13.0 0.4
178.4739410069013 20.170946698270306 13.0 0.4
178.48419014345689 20.173675598741493 13.0 0.4
178.49443963867822 20.176403905709382 13.0 0.4
178.50468949255256 20.17913161906588 13.0 0.4
178.51493970506718 20.18185873870294 13.0 0.4
178.52519027620923 20.184585264512478 13.0 0.4
178.53544120596584 20.187311196386474 13.0 0.4
178.5456924943241 20.19003653421687 13.0 0.4
178.55594414127106 20.19276127789566 13.0 0.4
178.56619614679363 20.19548542731481 13.0 0.4
178.57644851087886 20.19820898236634 13.0 0.4
178.58670123351357 20.200931942942237 13.0 0.4
178.59695431468458 20.203654308934528 13.0 0.4
178.60720775437872 20.20637608023523 13.0 0.4
178.6174615525827 20.2090972567364 13.0 0.4
178.62771570928325 20.211817838330074 13.0 0.4
178.63797022446693 20.214537824908312 13.0 0.4
178.64822509812043 20.217257216363194 13.0 0.4
178.65848033023022 20.21997601258679 13.0 0.4
178.66873592078284 20.22269421347121 13.0 0.4
178.67899186976467 20.22541181890853 13.0 0.4
178.68924817716217 20.22812882879089 13.0 0.4
178.6995048429617 20.230845243010403 13.0 0.4
178.70976186714944 20.23356106145919 13.0 0.4
178.72001924971175 20.236276284029422 13.0 0.4
178.73027699063482 20.238990910613254 13.0 0.4
178.74053508990474 20.24170494110282 13.0 0.4
178.75079354750767 20.244418375390342 13.0 0.4
178.76105236342966 20.247131213367997 13.0 0.4
178.77131153765663 20.249843454927966 13.0 0.4
178.78157107017458 20.252555099962464 13.0 0.4
178.7918309609695 20.255266148363738 13.0 0.4
178.8020912100271 20.25797660002399 13.0 0.4
178.81235181733325 20.26068645483548 13.0 0.4
178.82261278287373 20.263395712690457 13.0 0.4
178.83287410663422 20.266104373481195 13.0 0.4
178.8431357886004 20.268812437099957 13.0 0.4
178.85339782875778 20.271519903439028 13.0 0.4
178.86366022709208 20.274226772390723 13.0 0.4
178.87392298358867 20.276933043847336 13.0 0.4
178.88418609823307 20.27963871770119 13.0 0.4
178.8944495710107 20.28234379384462 13.0 0.4
178.9047134019069 20.285048272169963 13.0 0.4
178.91497759090694 20.287752152569567 13.0 0.4
178.9252421379962 20.29045543493582 13.0 0.4
178.9355070431598 20.293158119161053 13.0 0.4
178.9457723063829 20.295860205137682 13.0 0.4
178.95603792765064 20.298561692758103 13.0 0.4
178.9663039069481 20.301262581914713 13.0 0.4
178.97657024426027 20.303962872499934 13.0 0.4
178.98683693957213 20.306662564406196 13.0 0.4
178.9971039928686 20.309361657525937 13.0 0.4
179.0073714041345 20.312060151751613 13.0 0.4
179.01763917335478 20.31475804697569 13.0 0.4
179.027907300514 20.31745534309062 13.0 0.4
179.03817578559705 20.320152039988912 13.0 0.4
179.04844462858858 20.32284813756306 13.0 0.4
179.0587138294731 20.325543635705543 13.0 0.4
179.0689833882353 20.328238534308912 13.0 0.4
179.07925330485966 20.330932833265685 13.0 0.4
179.08952357933063 20.333626532468397 13.0 0.4
179.09979421163268 20.3363196318096 13.0 0.4
179.11006520175013 20.339012131181864 13.0 0.4
179.12033654966737 20.341704030477757 13.0 0.4
179.13060825536857 20.34439532958985 13.0 0.4
179.14088031883807 20.347086028410768 13.0 0.4
179.15115274006 20.349776126833103 13.0 0.4
179.16142551901845 20.35246562474946 13.0 0.4
179.17169865569753 20.35515452205249 13.0 0.4
179.18197215008126 20.35784281863483 13.0 0.4
179.1922460021536 20.360530514389115 13.0 0.4
179.20252021189853 20.363217609208025 13.0 0.4
179.21279477929994 20.365904102984235 13.0 0.4
179.22306970434153 20.368589995610428 13.0 0.4
179.23334498700717 20.371275286979277 13.0 0.4
179.24362062728062 20.373959976983524 13.0 0.4
179.2538966251455 20.376644065515876 13.0 0.4
179.26417298058544 20.379327552469054 13.0 0.4
179.2744496935841 20.38201043773582 13.0 0.4
179.2847267641249 20.384692721208907 13.0 0.4
179.2950041921914 20.38737440278109 13.0 0.4
179.30528197776698 20.390055482345144 13.0 0.4
179.3155601208351 20.39273595979386 13.0 0.4
179.32583862137898 20.395415835020028 13.0 0.4
179.33611747938195 20.398095107916447 13.0 0.4
179.34639669482735 20.400773778375978 13.0 0.4
179.3566762676982 20.40345184629142 13.0 0.4
179.3669561979777 20.40612931155562 13.0 0.4
179.37723648564898 20.40880617406145 13.0 0.4
179.38751713069502 20.411482433701767 13.0 0.4
179.39779813309877 20.414158090369437 13.0 0.4
179.40807949284329 20.416833143957366 13.0 0.4
179.41836120991132 20.419507594358453 13.0 0.4
179.4286432842858 20.422181441465604 13.0 0.4
179.43892571594947 20.42485468517176 13.0 0.4
179.4492085048851 20.42752732536983 13.0 0.4
179.45949165107533 20.430199361952777 13.0 0.4
179.46977515450286 20.43287079481357 13.0 0.4
179.48005901515015 20.435541623845147 13.0 0.4
179.4903432329999 20.43821184894052 13.0 0.4
179.50062780803452 20.440881469992675 13.0 0.4
179.5109127402364 20.4435504868946 13.0 0.4
179.521198029588 20.446218899539332 13.0 0.4
179.53148367607167 20.448886707819902 13.0 0.4
179.5417696796696 20.45155391162931 13.0 0.4
179.55205604036416 20.454220510860655 13.0 0.4
179.56234275813748 20.45688650540698 13.0 0.4
179.57262983297167 20.45955189516135 13.0 0.4
179.58291726484882 20.46221668001686 13.0 0.4
179.59320505375098 20.464880859866597 13.0 0.4
179.60349319966022 20.467544434603692 13.0 0.4
179.61378170255833 20.470207404121247 13.0 0.4
179.62407056242733 20.472869768312396 13.0 0.4
179.63435977924902 20.47553152707029 13.0 0.4
179.64464935300515 20.478192680288075 13.0 0.4
179.65493928367752 20.480853227858923 13.0 0.4
179.6652295712478 20.483513169676023 13.0 0.4
179.67552021569762 20.486172505632545 13.0 0.4
179.68581121700853 20.488831235621696 13.0 0.4
179.69610257516217 20.49148935953671 13.0 0.4
179.70639429013994 20.494146877270794 13.0 0.4
179.71668636192334 20.496803788717177 13.0 0.4
179.72697879049377 20.49946009376913 13.0 0.4
179.7372715758325 20.502115792319902 13.0 0.4
179.74756471792082 20.50477088426276 13.0 0.4
179.75785821674012 20.507425369491006 13.0 0.4
179.76815207227142 20.510079247897924 13.0 0.4
179.77844628449594 20.512732519376815 13.0 0.4
179.78874085339473 20.515385183821014 13.0 0.4
179.7990357789489 20.518037241123842 13.0 0.4
179.80933106113937 20.520688691178645 13.0 0.4
179.81962669994718 20.52333953387879 13.0 0.4
179.82992269535305 20.52598976911761 13.0 0.4
179.840219047338 20.528639396788524 13.0 0.4
179.85051575588272 20.5312884167849 13.0 0.4
179.860812820968 20.533936829000147 13.0 0.4
179.87111024257447 20.536584633327678 13.0 0.4
179.88140802068287 20.539231829660917 13.0 0.4
179.89170615527368 20.541878417893308 13.0 0.4
179.90200464632755 20.544524397918302 13.0 0.4
179.9123034938249 20.547169769629345 13.0 0.4
179.9226026977462 20.549814532919935 13.0 0.4
179.9329022580718 20.552458687683533 13.0 0.4
179.9432021747821 20.55510223381366 13.0 0.4
179.9535024478574 20.557745171203816 13.0 0.4
179.96380307727784 20.560387499747513 13.0 0.4
179.97410406302367 20.563029219338297 13.0 0.4
179.9844054050751 20.56567032986972 13.0 0.4
179.9947071034121 20.56831083123532 13.0 0.4
180.0050091580148 20.570950723328682 13.0 0.4
180.0153115688632 20.57359000604339 13.0 0.4
180.02561433593715 20.576228679273022 13.0 0.4
180.03591745921656 20.57886674291119 13.0 0.4
180.0462209386814 20.581504196851526 13.0 0.4
180.0565247743113 20.584141040987642 13.0 0.4
180.06682896608604 20.586777275213187 13.0 0.4
180.0771335139854 20.589412899421824 13.0 0.4
180.0874384179889 20.5920479135072 13.0 0.4
180.09774367807617 20.594682317363002 13.0 0.4
180.10804929422676 20.59731611088293 13.0 0.4
180.11835526642022 20.59994929396068 13.0 0.4
180.1286615946359 20.602581866489967 13.0 0.4
180.13896827885318 20.6052138283645 13.0 0.4
180.1492753190515 20.60784517947806 13.0 0.4
180.15958271521004 20.61047591972436 13.0 0.4
180.1698904673081 20.613106048997174 13.0 0.4
180.18019857532488 20.61573556719029 13.0 0.4
180.19050703923944 20.61836447419748 13.0 0.4
180.20081585903094 20.620992769912547 13.0 0.4
180.21112503467842 20.623620454229318 13.0 0.4
180.2214345661608 20.62624752704159 13.0 0.4
180.23174445345708 20.62887398824322 13.0 0.4
180.24205469654612 20.631499837728057 13.0 0.4
180.25236529540675 20.634125075389957 13.0 0.4
180.2626762500178 20.63674970112279 13.0 0.4
180.27298756035793 20.639373714820444 13.0 0.4
180.28329922640586 20.641997116376825 13.0 0.4
180.29361124814028 20.64461990568583 13.0 0.4
180.30392362553974 20.647242082641398 13.0 0.4
180.3142363585827 20.649863647137444 13.0 0.4
180.32454944724773 20.652484599067925 13.0 0.4
180.3348628915133 20.65510493832682 13.0 0.4
180.34517669135764 20.657724664808054 13.0 0.4
180.3554908467592 20.66034377840566 13.0 0.4
180.36580535769627 20.66296227901361 13.0 0.4
180.37612022414706 20.66558016652592 13.0 0.4
180.3864354460897 20.6681974408366 13.0 0.4
180.3967510235024 20.6708141018397 13.0 0.4
180.40706695636322 20.67343014942926 13.0 0.4
180.41738324465013 20.676045583499327 13.0 0.4
180.42769988834118 20.67866040394399 13.0 0.4
180.4380168874143 20.681274610657333 13.0 0.4
180.44833424184733 20.68388820353343 13.0 0.4
180.45865195161812 20.68650118246641 13.0 0.4
180.4689700167045 20.6891135473504 13.0 0.4
180.47928843708408 20.69172529807951 13.0 0.4
180.4896072127346 20.694336434547893 13.0 0.4
180.49992634363375 20.696946956649718 13.0 0.4
180.510245829759 20.699556864279153 13.0 0.4
180.52056567108795 20.702166157330367 13.0 0.4
180.53088586759804 20.70477483569758 13.0 0.4
180.54120641926673 20.707382899274986 13.0 0.4
180.55152732607132 20.7099903479568 13.0 0.4
180.56184858798926 20.71259718163727 13.0 0.4
180.57217020499772 20.71520340021064 13.0 0.4
180.58249217707396 20.71780900357116 13.0 0.4
180.59281450419516 20.720413991613107 13.0 0.4
180.60313718633842 20.72301836423076 13.0 0.4
180.6134602234808 20.725622121318427 13.0 0.4
180.62378361559936 20.728225262770398 13.0 0.4
180.6341073626711 20.730827788481022 13.0 0.4
180.6444314646729 20.733429698344615 13.0 0.4
180.65475592158157 20.736030992255515 13.0 0.4
180.66508073337408 20.738631670108116 13.0 0.4
180.67540590002704 20.741231731796763 13.0 0.4
180.6857314215173 20.743831177215842 13.0 0.4
180.6960572978214 20.74643000625976 13.0 0.4
180.70638352891606 20.749028218822932 13.0 0.4
180.7167101147778 20.751625814799766 13.0 0.4
180.72703705538316 20.754222794084704 13.0 0.4
180.73736435070862 20.7568191565722 13.0 0.4
180.74769200073055 20.75941490215672 13.0 0.4
180.75802000542535 20.76201003073273 13.0 0.4
180.76834836476928 20.764604542194707 13.0 0.4
180.77867707873867 20.76719843643717 13.0 0.4
180.78900614730975 20.769791713354632 13.0 0.4
180.79933557045854 20.772384372841596 13.0 0.4
180.8096653481613 20.77497641479262 13.0 0.4
180.81999548039408 20.77756783910226 13.0 0.4
180.8303259671328 20.780158645665065 13.0 0.4
180.8406568083535 20.782748834375607 13.0 0.4
180.85098800403205 20.785338405128503 13.0 0.4
180.86131955414433 20.78792735781833 13.0 0.4
180.8716514586661 20.790515692339707 13.0 0.4
180.88198371757318 20.79310340858727 13.0 0.4
180.89231633084125 20.79569050645567 13.0 0.4
180.90264929844597 20.798276985839543 13.0 0.4
180.91298262036295 20.800862846633557 13.0 0.4
180.92331629656775 20.803448088732406 13.0 0.4
180.93365032703582 20.80603271203077 13.0 0.4
180.94398471174267 20.808616716423348 13.0 0.4
180.9543194506637 20.81120010180489 13.0 0.4
180.96465454377423 20.813782868070103 13.0 0.4
180.97498999104957 20.816365015113718 13.0 0.4
180.985325792465 20.818946542830535 13.0 0.4
180.9956619479957 20.82152745111529 13.0 0.4
181.00599845761676 20.82410773986278 13.0 0.4
181.01633532130342 20.826687408967807 13.0 0.4
181.02667253903059 20.82926645832517 13.0 0.4
181.03701011077334 20.83184488782969 13.0 0.4
181.04734803650658 20.834422697376212 13.0 0.4
181.0576863162052 20.836999886859584 13.0 0.4
181.0680249498441 20.839576456174665 13.0 0.4
181.078363937398 20.842152405216332 13.0 0.4
181.0887032788417 20.844727733879477 13.0 0.4
181.09904297414985 20.84730244205899 13.0 0.4
181.1093830232972 20.849876529649805 13.0 0.4
181.1197234262581 20.852449996546817 13.0 0.4
181.13006418300733 20.855022842644996 13.0 0.4
181.14040529351928 20.85759506783929 13.0 0.4
181.15074675776836 20.860166672024665 13.0 0.4
181.16108857572905 20.862737655096094 13.0 0.4
181.1714307473756 20.865308016948582 13.0 0.4
181.1817732726823 20.867877757477128 13.0 0.4
181.19211615162345 20.87044687657675 13.0 0.4
181.20245938417318 20.87301537414249 13.0 0.4
181.21280297030563 20.87558325006939 13.0 0.4
181.22314690999485 20.878150504252503 13.0 0.4
181.23349120321492 20.880717136586902 13.0 0.4
181.24383584993984 20.883283146967692 13.0 0.4
181.25418085014348 20.88584853528994 13.0 0.4
181.26452620379973 20.888413301448796 13.0 0.4
181.2748719108825 20.89097744533936 13.0 0.4
181.28521797136537 20.893540966856772 13.0 0.4
181.29556438522226 20.896103865896194 13.0 0.4
181.30591115242683 20.8986661423528 13.0 0.4
181.31625827295258 20.90122779612174 13.0 0.4
181.32660574677314 20.903788827098225 13.0 0.4
181.33695357386208 20.906349235177473 13.0 0.4
181.34730175419284 20.90890902025468 13.0 0.4
181.35765028773878 20.91146818222508 13.0 0.4
181.3679991744734 20.914026720983944 13.0 0.4
181.3783484143699 20.916584636426506 13.0 0.4
181.38869800740156 20.919141928448045 13.0 0.4
181.3990479535416 20.92169859694384 13.0 0.4
181.4093982527633 20.92425464180922 13.0 0.4
181.41974890503963 20.926810062939463 13.0 0.4
181.4300999103437 20.92936486022991 13.0 0.4
181.44045126864856 20.931919033575912 13.0 0.4
181.4508029799271 20.9344725828728 13.0 0.4
181.46115504415226 20.937025508015946 13.0 0.4
181.47150746129694 20.939577808900754 13.0 0.4
181.4818602313339 20.942129485422587 13.0 0.4
181.4922133542359 20.944680537476863 13.0 0.4
181.50256682997568 20.94723096495901 13.0 0.4
181.51292065852584 20.949780767764455 13.0 0.4
181.52327483985903 20.952329945788644 13.0 0.4
181.53362937394778 20.954878498927048 13.0 0.4
181.5439842607646 20.95742642707513 13.0 0.4
