galstreams/tracks/track.st.M5.ibata2021.ecsv
# %ECSV 1.0
# ---
# datatype:
# - {name: ra, unit: deg, datatype: float64}
# - {name: dec, unit: deg, datatype: float64}
# - {name: distance, unit: kpc, datatype: float64}
# - {name: pm_ra_cosdec, unit: mas / yr, datatype: float64}
# - {name: pm_dec, unit: mas / yr, datatype: float64}
# - {name: radial_velocity, unit: km / s, datatype: float64}
# delimiter: ','
# meta: !!omap
# - __serialized_columns__:
#     dec:
#       __class__: astropy.coordinates.angles.Latitude
#       unit: &id001 !astropy.units.Unit {unit: deg}
#       value: !astropy.table.SerializedColumn {name: dec}
#     distance:
#       __class__: astropy.coordinates.distances.Distance
#       unit: !astropy.units.Unit {unit: kpc}
#       value: !astropy.table.SerializedColumn {name: distance}
#     pm_dec:
#       __class__: astropy.units.quantity.Quantity
#       unit: !astropy.units.Unit {unit: mas / yr}
#       value: !astropy.table.SerializedColumn {name: pm_dec}
#     pm_ra_cosdec:
#       __class__: astropy.units.quantity.Quantity
#       unit: !astropy.units.Unit {unit: mas / yr}
#       value: !astropy.table.SerializedColumn {name: pm_ra_cosdec}
#     ra:
#       __class__: astropy.coordinates.angles.Longitude
#       unit: *id001
#       value: !astropy.table.SerializedColumn {name: ra}
#       wrap_angle: !astropy.coordinates.Angle
#         unit: *id001
#         value: 360.0
#     radial_velocity:
#       __class__: astropy.units.quantity.Quantity
#       unit: !astropy.units.Unit {unit: km / s}
#       value: !astropy.table.SerializedColumn {name: radial_velocity}
# schema: astropy-2.0
ra,dec,distance,pm_ra_cosdec,pm_dec,radial_velocity
[from data line 143]
197.2933577363367,17.14413969279993,7.083004224698583,3.0390131795653743,-8.313746916026972,-274.98929270432535
197.3036981610452,17.141856925813542,7.081733683283274,3.0379543048016515,-8.316950099359138,-273.68556059682544
197.31403586020602,17.139566932827115,7.080480135962919,3.0369094663818905,-8.3201358929249,-272.3958844854546
197.32437084005375,17.137269734072362,7.079243532467896,3.035878600158463,-8.323304341783853,-271.1201940935262
197.33470310682821,17.13496534977935,7.078023822528589,3.0348616419711654,-8.326455490979496,-269.85841914435406
197.34503266677453,17.132653800176577,7.076820955875376,3.033858527647258,-8.32958938553923,-268.6104893612517
197.355359526143,17.13033510549084,7.075634882238641,3.032869193001434,-8.332706070474398,-267.37633446753296
197.36568369118913,17.12800928594739,7.074465551348761,3.0318935738359007,-8.33580559078029,-266.15588418651095
197.3760051681736,17.125676361769848,7.073312912936121,3.03093160594035,-8.338887991436161,-264.94906824149945
197.3863239633623,17.12333635318025,7.072176916731098,3.0299832250920202,-8.341953317405252,-263.75581635581227
197.39664008302637,17.120989280398938,7.071057512464077,3.0290483670556743,-8.345001613634814,-262.5760582527627
197.40695353344208,17.11863516364472,7.069954649865438,3.028126967583658,-8.348032925056124,-261.40972365566466
197.41726432089084,17.116274023134775,7.068868278665558,3.0272189624158976,-8.351047296584488,-260.25674228783146
197.42757245165924,17.11390587908467,7.067798348594823,3.026324287279925,-8.354044773119288,-259.1170438725768
197.43787793203902,17.111530751708365,7.0667448093836125,3.0254428778908995,-8.35702539954397,-257.9905581332143
197.44818076832715,17.109148661218192,7.065707610762305,3.024574669951619,-8.359989220726089,-256.8772147930574
197.4584809668256,17.106759627824903,7.064686702461286,3.0237195991525576,-8.362936281517307,-255.77694357541995
197.46877853384157,17.104363671737634,7.063682034210931,3.0228776011718725,-8.365866626753418,-254.68967420361537
197.47907347568724,17.10196081316394,7.062693555741626,3.0220486116754266,-8.368780301254372,-253.6153364009573
197.48936579868018,17.099551072309723,7.061721216783749,3.0212325663168027,-8.371677349824285,-252.55385989075936
197.4996555091428,17.097134469379302,7.06076496706768,3.020429400737332,-8.374557817251464,-251.5051743963351
197.5099426134027,17.09471102457542,7.0598247563238035,3.0196390505661133,-8.377421748308409,-250.46920964099806
197.5202271177925,17.092280758099218,7.058900534282499,3.0188614514200327,-8.380269187751855,-249.4458953480619
197.53050902865013,17.08984369015018,7.057992250674148,3.0180965389037735,-8.38310018032277,-248.4351612408403
197.54078835231834,17.087399840926242,7.057099855229127,3.0173442486098447,-8.385914770746396,-247.43693704264666
197.55106509514505,17.084949230623735,7.056223297677821,3.0166045161185977,-8.388713003732231,-246.45115247679476
197.56133926348312,17.082491879437406,7.055362527750612,3.0158772769982587,-8.391494923974076,-245.47773726659804
197.57161086369075,17.08002780756034,7.054517495177878,3.0151624668049184,-8.394260576150044,-244.51662113537014
197.58187990213088,17.0775570351841,7.053688149690002,3.0144600210825825,-8.397010004922581,-243.56773380642474
197.59214638517162,17.07507958249862,7.052874441017364,3.013769875363175,-8.399743254938477,-242.63100500307544
197.6024103191861,17.07259546969225,7.052076318890346,3.0130919651665646,-8.402460370828882,-241.70636444863575
197.61267171055235,17.07010471695175,7.051293733039328,3.012426226000574,-8.405161397209335,-240.79374186641925
197.62293056565366,17.067607344462264,7.05052663319469,3.0117725933610116,-8.407846378679785,-239.8930669797396
197.63318689087814,17.06510337240735,7.049774969086814,3.0111310027316827,-8.410515359824577,-239.00426951191022
197.6434406926188,17.062592820969005,7.049038690446082,3.0105013895844057,-8.413168385212506,-238.1272791862449
197.65369197727387,17.06007571032763,7.048317747002874,3.0098836893790564,-8.415805499396816,-237.26202572605723
197.66394075124643,17.057552060661987,7.04761208848757,3.009277837563543,-8.418426746915223,-236.40843885466074
197.67418702094457,17.055021892149306,7.0469216646305535,3.0086837695738677,-8.421032172289927,-235.56644829536896
197.68443079278128,17.052485224965206,7.046246425162202,3.008101420834124,-8.42362182002764,-234.73598377149565
197.69467207317453,17.049942079283753,7.045586319812897,3.0075307267565194,-8.426195734619585,-233.91697500635428
197.70491086854733,17.047392475277352,7.044941298313024,3.0069716227413927,-8.428753960541533,-233.10935172325844
197.71514718532754,17.044836433116885,7.044311310392959,3.0064240441772405,-8.431296542253811,-232.31304364552176
197.7253810299479,17.042273972971646,7.043696305783087,3.00588792644073,-8.43382352420132,-231.52798049645787
197.7356124088462,17.039705115009333,7.043096234213782,3.0053632048967254,-8.436334950813555,-230.7540919993804
197.745841328465,17.037129879396083,7.042511045415432,3.0048498148982885,-8.438830866504603,-229.99130787760274
197.756067795252,17.03454828629639,7.041940689118414,3.0043476917867205,-8.441311315673202,-229.23955785443854
197.76629181565954,17.031960355873238,7.041385115053112,3.003856770891569,-8.443776342702714,-228.49877165320157
197.776513396145,17.029366108287995,7.040844272949906,3.0033769875306464,-8.446225991961164,-227.76887899720535
197.7867325431706,17.02676556370049,7.040318112539175,3.002908277010057,-8.448660307801262,-227.04980960976334
197.7969492632035,17.02415874226889,7.039806583551302,3.002450574624198,-8.451079334560397,-226.34149321418928
197.80716356271566,17.021545664149883,7.039309635716665,3.002003815655807,-8.453483116560683,-225.6438595337967
197.8173754481839,17.018926349498525,7.0388272187656495,3.001567935375946,-8.455871698108949,-224.95683829189932
197.8275849260899,17.01630081846832,7.038359282428634,3.001142869044055,-8.458245123496772,-224.28035921181046
197.8377920029203,17.013669091211156,7.0379057764359985,3.00072855190794,-8.460603437000504,-223.61435201684398
197.84799668516646,17.0110311878774,7.037466650518127,3.000324919203816,-8.462946682881247,-222.95874643031337
197.85819897932458,17.008387128615833,7.0370418544053965,2.999931906156308,-8.465274905384918,-222.31347217553227
197.86839889189565,17.00573693357366,7.036631337828188,2.9995494479784837,-8.467588148742237,-221.67845897581412
197.87859642938568,17.00308062289648,7.036235050516886,2.9991774798718582,-8.469886457168757,-221.0536365544727
197.88879159830523,17.000418216728377,7.035852942201873,2.9988159370264187,-8.47216987486486,-220.4389346348215
197.8989844051698,16.99774973521183,7.035484962613524,2.9984647546206546,-8.474438446015814,-219.83428294017418
197.9091748564997,16.995075198487783,7.0351310614822244,2.9981238678215503,-8.476692214791745,-219.2396111938443
197.91936295881993,16.992394626695592,7.0347911885383505,2.997793211784636,-8.478931225347674,-218.6548491191453
197.9295487186604,16.989708039973017,7.034465293512289,2.997472721653968,-8.48115552182354,-218.07992643939113
197.93973214255573,16.9870154584563,7.034153326134416,2.997162332562184,-8.483365148344202,-217.51477287789513
197.94991323704525,16.984316902280092,7.033855236135116,2.9968619796304967,-8.485560149019463,-216.9593181579708
197.9600920086731,16.981612391577524,7.033570973244768,2.9965715979687277,-8.487740567944085,-216.413492002932
197.97026846398822,16.978901946480065,7.0333004871937534,2.996291122675309,-8.489906449197811,-215.87722413609205
197.9804426095442,16.97618558711773,7.033043727712454,2.996020488837316,-8.492057836845367,-215.35044428076486
197.9906144518995,16.973463333618906,7.032800644531249,2.99575963153048,-8.494194774936489,-214.83308216026379
198.00078399761705,16.970735206110472,7.032571187380519,2.995508485819209,-8.49631730750594,-214.32506749790247
198.01095125326484,16.968001224717664,7.032355305990648,2.9952669867565955,-8.498425478573518,-213.82633001699452
198.02111622541537,16.965261409564242,7.032152950092016,2.99503506938445,-8.50051933214409,-213.33679944085355
198.03127892064583,16.962515780772364,7.031964069415001,2.99481266873331,-8.50259891220757,-212.8564054927931
198.0414393455382,16.95976435846266,7.0317886136899865,2.9945997198224594,-8.504664262738991,-212.3850778961269
198.0515975066791,16.957007162754184,7.031626532647355,2.994396157659949,-8.50671542769846,-211.92274637416833
198.0617534106599,16.95424421376442,7.031477776017484,2.994201917242605,-8.50875245103123,-211.4693406502312
198.07190706407656,16.95147553160932,7.031342293530756,2.9940169335560602,-8.510775376667667,-211.02479044762893
198.08205847352977,16.948701136403272,7.03122003491755,2.9938411415747623,-8.512784248523303,-210.58902548967527
198.09220764562482,16.945921048259148,7.0311109499082525,2.9936744762620036,-8.514779110498838,-210.16197549968368
198.10235458697184,16.943135287288186,7.031014988233239,2.993516872569913,-8.516760006480142,-209.7435702009677
198.11249930418535,16.94034387360014,7.030932099622891,2.993368265439507,-8.5187269803383,-209.33373931684116
198.1226418038847,16.9375468273032,7.030862233807592,2.9932285898006854,-8.520680075929599,-208.93241257061746
198.13278209269373,16.93474416850402,7.030805340517722,2.9930977805722554,-8.522619337095556,-208.5395196856103
198.14292017724114,16.931935917307644,7.030761369483661,2.9929757726619495,-8.524544807662949,-208.15499038513315
198.15305606415995,16.92912209381763,7.030730270435791,2.992862500966438,-8.526456531443799,-207.77875439249974
198.16318976008807,16.926302718135965,7.030711993104492,2.99275790037136,-8.52835455223541,-207.4107414310236
198.17332127166782,16.92347781036312,7.0307064872201455,2.992661905751328,-8.530238913820376,-207.0508812240183
198.18345060554623,16.920647390597946,7.030713702513133,2.9925744519699404,-8.532109659966611,-206.69910349479747
198.1935777683749,16.91781147893783,7.030733588713835,2.9924954738798233,-8.533966834427329,-206.35533796667474
198.20370276680998,16.91497009547856,7.030766095552632,2.9924249063226194,-8.535810480941098,-206.01951436296366
198.21382560751226,16.912123260314416,7.030811172759904,2.9923626841290303,-8.537640643231843,-205.69156240697768
198.223946297147,16.909270993538144,7.030868770066033,2.992308742118814,-8.53945736500884,-205.37141182203064
198.2340648423842,16.906413315240883,7.0309388372014014,2.99226301510081,-8.541260689966764,-205.058992331436
198.24418124989828,16.903550245512296,7.03102132389639,2.9922254378729587,-8.54305066178568,-204.7542336585075
198.2542955263682,16.900681804440477,7.031116179881377,2.9921959452223206,-8.544827324131074,-204.45706552655847
198.2644076784775,16.89780801211202,7.031223354886746,2.992174471925088,-8.546590720653857,-204.1674176589027
198.27451771291436,16.8949288886119,7.0313427986428785,2.9921609527465938,-8.548340894990378,-203.88521977885375
198.28462563637137,16.892044454023633,7.031474460880149,2.992155322441357,-8.55007789076246,-203.61040160972522
198.29473145554564,16.889154728429165,7.031618291328948,2.992157515753065,-8.55180175157739,-203.3428928748306
198.3048351771388,16.886259731908936,7.031774239719649,2.992167467414625,-8.553512521027942,-203.08262329748362
198.31493680785715,16.88335948454177,7.031942255782637,2.992185112148137,-8.555210242692395,-202.82952260099773
198.32503635441128,16.880454006405053,7.032122289248294,2.992210384664962,-8.556894960134548,-202.58352050868675
198.3351338235164,16.877543317574585,7.032314289846995,2.992243219665705,-8.558566716903737,-202.34454674386402
198.3452292218921,16.87462743812467,7.032518207309126,2.9922835518402366,-8.560225556534844,-202.11253102984324
198.35532255626265,16.871706388128015,7.032733991365067,2.9923313158677196,-8.561871522548303,-201.88740308993818
198.3654138333566,16.868780187655858,7.032961591745198,2.9923864464166163,-8.563504658450139,-201.6690926474621
198.3755030599071,16.865848856777877,7.0332009581799015,2.992448878144711,-8.56512500773196,-201.4575294257288
198.38559024265166,16.862912415562246,7.033452040399556,2.992518545699133,-8.566732613870986,-201.25264314805187
198.39567538833225,16.859970884075597,7.033714788134545,2.9925953837163513,-8.568327520330058,-201.05436353774488
198.4057585036955,16.857024282383005,7.033989151115246,2.992679326822212,-8.56990977055765,-200.86262031812134
198.4158395954922,16.854072630548057,7.034275079072045,2.9927703096319527,-8.571479407987876,-200.67734321249495
198.42591867047776,16.8511159486328,7.034572521735319,2.9928682667502087,-8.573036476040532,-200.49846194417924
198.43599573541186,16.848154256697786,7.034881428835451,2.9929731327710396,-8.574581018121078,-200.3259062364879
198.44607079705884,16.845187574801958,7.0352017501028214,2.9930848422779337,-8.57611307762068,-200.1596058127344
198.45614386218728,16.842215923002822,7.03553343526781,2.993203329843844,-8.577632697916194,-199.99949039623243
198.4662149375702,16.839239321356324,7.035876434060801,2.9933285300311905,-8.579139922370208,-199.84548971029542
198.47628402998495,16.836257789916917,7.036230696212168,2.99346037739188,-8.580634794331049,-199.69753347823712
198.48635114621354,16.83327134873747,7.0365961714523,2.9935988064673085,-8.58211735713278,-199.55555142337116
198.49641629304207,16.83028001786939,7.036972809511575,2.993743751788407,-8.583587654095238,-199.41947326901112
198.50647947726122,16.827283817362538,7.037360560120374,2.993895147875641,-8.585045728524033,-199.28922873847048
198.516540705666,16.82428276726527,7.0377593730090755,2.994052929239019,-8.586491623710568,-199.16474755506272
198.5265999850556,16.821276887624432,7.038169197908065,2.994217030378124,-8.58792538293205,-199.04595944210175
198.53665732223396,16.8182661984853,7.038589984547722,2.9943873857821184,-8.5893470494515,-198.93279412290104
198.5467127240091,16.815250719891694,7.039021682658423,2.9945639299297673,-8.590756666517793,-198.8251813207741
198.5567661971934,16.81223047188589,7.039464241970557,2.9947465972894527,-8.592154277365616,-198.72305075903472
198.56681774860365,16.80920547450867,7.0399176122144995,2.99493532231919,-8.593539925215547,-198.62633216099624
198.5768673850611,16.80617574779925,7.04038174312063,2.9951300394666367,-8.594913653274029,-198.53495524997234
198.58691511339111,16.803141311795383,7.040856584419332,2.9953306831691213,-8.596275504733383,-198.44884974927672
198.5969609404235,16.8001021865333,7.04134208584099,2.995537187853651,-8.597625522771839,-198.36794538222284
198.6070048729923,16.797058392047735,7.041838197115978,2.9957494879369344,-8.598963750553544,-198.29217187212436
198.61704691793602,16.794009948371844,7.042344867974683,2.995967517825374,-8.600290231228568,-198.22145894229487
198.62708708209738,16.790956875537333,7.042862048147481,2.9961912119151224,-8.601605007932939,-198.155736316048
198.63712537232342,16.787899193574397,7.043389687364758,2.9964205045920633,-8.602908123788616,-198.0949337166973
198.6471617954654,16.784836922511715,7.043927735356889,2.99665533023185,-8.604199621903543,-198.03898086755632
198.65719635837903,16.78177008237643,7.04447614185426,2.9968956231998938,-8.605479545371635,-197.98780749193867
198.66722906792415,16.778698693194205,7.0450348565872485,2.9971413178514164,-8.60674793727282,-197.94134331315806
198.677259930965,16.775622774989188,7.045603829286238,2.997392348531434,-8.60800484067302,-197.89951805452785
198.68728895436996,16.77254234778404,7.046183009681609,2.997648649574791,-8.60925029862418,-197.86226143936196
198.6973161450117,16.76945743159991,7.046772347503742,2.9979101553061707,-8.610484354164283,-197.82950319097378
198.70734150976736,16.766368046456392,7.047371792483017,2.998176800040098,-8.611707050317365,-197.80117303267687
198.7173650555181,16.76327421237164,7.047981294349817,2.9984485180809837,-8.612918430093513,-197.7772006877848
198.72738678914934,16.76017594936229,7.04860080283452,2.9987252437231118,-8.614118536488899,-197.75751587961136
