galstreams/tracks/track.st.NGC2298.ibata2021.ecsv
# %ECSV 0.9
# ---
# datatype:
# - {name: ra, unit: deg, datatype: float64}
# - {name: dec, unit: deg, datatype: float64}
# - {name: distance, unit: kpc, datatype: float64}
# - {name: pm_ra_cosdec, unit: mas / yr, datatype: float64}
# - {name: pm_dec, unit: mas / yr, datatype: float64}
# - {name: radial_velocity, unit: km / s, datatype: float64}
# delimiter: ','
# meta: !!omap
# - __serialized_columns__:
#     dec:
#       __class__: astropy.coordinates.angles.Latitude
#       unit: &id001 !astropy.units.Unit {unit: deg}
#       value: !astropy.table.SerializedColumn {name: dec}
#     distance:
#       __class__: astropy.coordinates.distances.Distance
#       unit: !astropy.units.Unit {unit: kpc}
#       value: !astropy.table.SerializedColumn {name: distance}
#     pm_dec:
#       __class__: astropy.units.quantity.Quantity
#       unit: !astropy.units.Unit {unit: mas / yr}
#       value: !astropy.table.SerializedColumn {name: pm_dec}
#     pm_ra_cosdec:
#       __class__: astropy.units.quantity.Quantity
#       unit: !astropy.units.Unit {unit: mas / yr}
#       value: !astropy.table.SerializedColumn {name: pm_ra_cosdec}
#     ra:
#       __class__: astropy.coordinates.angles.Longitude
#       unit: *id001
#       value: !astropy.table.SerializedColumn {name: ra}
#       wrap_angle: !astropy.coordinates.Angle
#         unit: *id001
#         value: 360.0
#     radial_velocity:
#       __class__: astropy.units.quantity.Quantity
#       unit: !astropy.units.Unit {unit: km / s}
#       value: !astropy.table.SerializedColumn {name: radial_velocity}
# schema: astropy-2.0
ra,dec,distance,pm_ra_cosdec,pm_dec,radial_velocity
[from data line 274]
96.46924918051475,-33.14843011980969,13.824297829466726,2.823393577597586,-2.1137248746808845,-7.578690416885104e-14
96.48039273779283,-33.15247224646818,13.823343951459451,2.82309748726411,-2.1137661528051215,-6.73661370389787e-14
96.49153287471704,-33.15651897132602,13.822355511584645,2.822810257955357,-2.1138080235959347,-4.210383564936169e-14
96.50266959612829,-33.16057029108565,13.821332609852735,2.8225318648859146,-2.1138504830345024,-7.578690416885104e-14
96.51380290686603,-33.16462620244811,13.820275346274158,2.822262283269245,-2.1138935271134054,-7.578690416885104e-14
96.52493281176818,-33.168686702113085,13.819183820859346,2.8220014883176967,-2.1139371518366343,-7.578690416885104e-14
96.53605931567088,-33.17275178677864,13.818058133618738,2.8217494552424918,-2.113981353219578,-8.420767129872338e-14
96.54718242340887,-33.17682145314157,13.816898384562766,2.8215061592537496,-2.114026127289018,-8.420767129872338e-14
96.55830213981534,-33.18089569789721,13.815704673701866,2.8212715755604787,-2.1140714700831187,-8.420767129872338e-14
96.56941846972173,-33.18497451773938,13.814477101046466,2.8210456793705814,-2.1141173776514295,-3.368306851948935e-14
96.580531417958,-33.18905790936054,13.813215766607007,2.8208284458908595,-2.1141638460548675,-8.420767129872338e-14
96.59164098935267,-33.193145869451776,13.81192077039392,2.8206198503270214,-2.114210871365715,-8.420767129872338e-14
96.60274718873245,-33.197238394702595,13.81059221241764,2.820419867883674,-2.114258449667621,-4.210383564936169e-14
96.61385002092271,-33.201335481801216,13.809230192688602,2.8202284737643426,-2.1143065770555807,-8.420767129872338e-14
96.62494949074706,-33.205437127434344,13.807834811217237,2.820045643171459,-2.1143552496359415,-6.73661370389787e-14
96.63604560302768,-33.20954332828728,13.806406168013982,2.819871351306377,-2.1144044635263874,-5.894536990910637e-14
96.64713836258521,-33.21365408104398,13.804944363089271,2.819705573369371,-2.114454214855939,-7.578690416885104e-14
96.65822777423858,-33.2177693823868,13.803449496453544,2.8195482845596347,-2.1145044997649425,-6.73661370389787e-14
96.6693138428053,-33.22188922899685,13.801921668117224,2.819399460075297,-2.1145553144050706,-7.578690416885104e-14
96.68039657310135,-33.22601361755374,13.80036097809075,2.8192590751134152,-2.114606654939304,-5.894536990910637e-14
96.69147596994095,-33.23014254473563,13.798767526384554,2.819127104869981,-2.1146585175419386,-6.73661370389787e-14
96.702552038137,-33.2342760072193,13.797141413009076,2.8190035245399248,-2.114710898398568,-5.894536990910637e-14
96.7136247825008,-33.23841400168011,13.795482737974746,2.818888309317122,-2.114763793706083,-6.73661370389787e-14
96.72469420784198,-33.24255652479197,13.793791601292,2.8187814343943924,-2.1148171996726695,-5.894536990910637e-14
96.73576031896874,-33.246703573227435,13.792068102971275,2.818682874963506,-2.114871112517788,-6.73661370389787e-14
96.74682312068767,-33.25085514365752,13.790312343022997,2.818592606215186,-2.114925528472185,-7.578690416885104e-14
96.75788261780386,-33.25501123275194,13.788524421457602,2.8185106033391123,-2.114980443777874,-5.894536990910637e-14
96.7689388151209,-33.259171837178975,13.786704438285534,2.818436841523925,-2.1150358546881307,-6.73661370389787e-14
96.77999171744072,-33.2633369536054,13.784852493517223,2.8183712959572276,-2.1150917574674963,-9.262843842859572e-14
96.79104132956378,-33.26750657869668,13.782968687163093,2.818313941825593,-2.1151481483917602,-8.420767129872338e-14
96.8020876562891,-33.27168070911686,13.78105311923359,2.818264754314565,-2.115205023747957,-6.73661370389787e-14
96.81313070241394,-33.27585934152845,13.77910588973914,2.8182237086086595,-2.115262379834367,-6.73661370389787e-14
96.82417047273422,-33.280042472592676,13.777127098690181,2.8181907798913732,-2.1153202129605,-8.420767129872338e-14
96.83520697204433,-33.284230098969324,13.775116846097152,2.8181659433451838,-2.115378519447092,-7.578690416885104e-14
96.84624020513695,-33.28842221731671,13.77307523197048,2.8181491741515523,-2.1154372956261085,-8.420767129872338e-14
96.85727017680345,-33.29261882429182,13.771002356320606,2.818140447490934,-2.1154965378407224,-1.0104920555846805e-13
96.8682968918335,-33.29681991655015,13.768898319157953,2.818139738542769,-2.1155562424453254,-5.894536990910637e-14
96.87932035501535,-33.30102549074582,13.766763220492964,2.8181470224855003,-2.115616405805503,-6.73661370389787e-14
96.89034057113577,-33.305235543531616,13.764597160336079,2.8181622744965646,-2.115677024298043,-7.578690416885104e-14
96.90135754497982,-33.30945007155876,13.762400238697719,2.8181854697524042,-2.1157380943109283,-1.0104920555846805e-13
96.91237128133122,-33.313669071477186,13.76017255558832,2.8182165834284705,-2.1157996122433222,-1.0104920555846805e-13
96.92338178497218,-33.317892539935414,13.757914211018324,2.8182555906992195,-2.115861574505567,-7.578690416885104e-14
96.93438906068322,-33.322120473580476,13.755625304998162,2.8183024667381242,-2.115923977519184,-8.420767129872338e-14
96.9453931132435,-33.32635286905809,13.75330593753827,2.8183571867176718,-2.1159868177168577,-7.578690416885104e-14
96.95639394743068,-33.33058972301256,13.750956208649075,2.818419725809373,-2.1160500915424345,-5.0524602779234026e-14
96.96739156802077,-33.33483103208668,13.748576218341018,2.8184900591837616,-2.1161137954509215,-9.262843842859572e-14
96.97838597978846,-33.33907679292202,13.74616606662453,2.8185681620103957,-2.116177925908467,-2.5262301389617013e-14
96.98937718750669,-33.343327002158546,13.74372585351005,2.8186540094578683,-2.1162424793923726,-3.368306851948935e-14
97.00036519594713,-33.347581656434976,13.741255679008006,2.818747576693804,-2.1163074523910708,-6.73661370389787e-14
97.01135000987988,-33.3518407523886,13.738755643128838,2.818848838884868,-2.1163728414041274,-2.5262301389617013e-14
97.0223316340734,-33.35610428665521,13.736225845882975,2.818957771196762,-2.1164386429422404,-8.420767129872338e-14
97.03331007329486,-33.360372255869336,13.73366638728085,2.819074348794237,-2.116504853527221,-3.368306851948935e-14
97.04428533230984,-33.364644656664034,13.731077367332905,2.819198546841092,-2.1165714696919955,-6.73661370389787e-14
97.05525741588232,-33.36892148567094,13.728458886049568,2.819330340500175,-2.1166384879806075,-1.0946997268834039e-13
97.06622632877497,-33.373202739520345,13.725811043441274,2.819469704933389,-2.1167059049481938,-5.0524602779234026e-14
97.0771920757489,-33.377488414841146,13.723133939518462,2.819616615301699,-2.1167737171609904,-6.73661370389787e-14
97.08815466156359,-33.38177850826078,13.720427674291559,2.8197710467651294,-2.116841921196332,-7.578690416885104e-14
97.09911409097731,-33.38607301640537,13.717692347771006,2.8199329744827675,-2.116910513642627,-5.0524602779234026e-14
97.11007036874652,-33.39037193589955,13.714928059967226,2.820102373612776,-2.1169794910993778,-5.0524602779234026e-14
97.12102349962643,-33.39467526336665,13.71213491089067,2.820279219312381,-2.1170488501771483,-6.73661370389787e-14
97.13197348837075,-33.39898299542859,13.709313000551761,2.8204634867378955,-2.1171185874975773,-7.578690416885104e-14
97.14292033973153,-33.403295128705835,13.706462428960933,2.8206551510447,-2.1171886996933673,-7.578690416885104e-14
97.1538640584595,-33.407611659817526,13.703583296128626,2.8208541873872655,-2.117259183408275,-5.0524602779234026e-14
97.16480464930396,-33.4119325853814,13.700675702065269,2.8210605709191463,-2.117330035297109,-1.0946997268834039e-13
97.1757421170125,-33.41625790201377,13.697739746781298,2.8212742767929853,-2.1174012520257275,-5.0524602779234026e-14
97.1866764663314,-33.420587606329576,13.69477553028715,2.8214952801605158,-2.1174728302710237,-1.0104920555846805e-13
97.19760770200557,-33.42492169494243,13.691783152593255,2.8217235561725755,-2.117544766720928,-9.262843842859572e-14
97.20853582877814,-33.429260164464445,13.688762713710043,2.821959079979092,-2.1176170580744023,-4.210383564936169e-14
97.21946085139108,-33.43360301150643,13.685714313647964,2.822201826729099,-2.1176897010414253,-5.894536990910637e-14
97.23038277458463,-33.43795023267775,13.682638052417435,2.8224517715707407,-2.1177626923430033,-6.73661370389787e-14
97.24130160309777,-33.44230182458644,13.6795340300289,2.822708889651264,-2.117836028711145,-3.368306851948935e-14
97.25221734166796,-33.446657783839136,13.676402346492791,2.8229731561170355,-2.1179097068888715,-7.578690416885104e-14
97.26312999503106,-33.45101810704103,13.673243101819539,2.823244546113532,-2.1179837236302053,-5.0524602779234026e-14
97.27403956792163,-33.455382790796016,13.670056396019586,2.823523034785352,-2.1180580757001626,-6.73661370389787e-14
97.28494606507279,-33.459751831706576,13.666842329103359,2.823808597276222,-2.118132759874749,-8.420767129872338e-14
97.29584949121598,-33.46412522637375,13.663601001081295,2.824101208728987,-2.11820777294096,-5.894536990910637e-14
97.30674985108138,-33.468502971397285,13.660332511963825,2.824400844285627,-2.1182831116967664,-7.578690416885104e-14
97.31764714939774,-33.472885063375514,13.657036961761392,2.8247074790872526,-2.11835877295111,-6.73661370389787e-14
97.32854139089216,-33.47727149890534,13.65371445048442,2.825021088274113,-2.1184347535239096,-5.894536990910637e-14
97.33943258029048,-33.48166227458238,13.650365078143347,2.8253416469855956,-2.1185110502460387,-6.73661370389787e-14
97.35032072231692,-33.48605738700078,13.646988944748607,2.8256691303602306,-2.118587659959334,-5.0524602779234026e-14
97.36120582169441,-33.49045683275334,13.643586150310636,2.8260035135356945,-2.118664579516582,-5.894536990910637e-14
97.3720878831444,-33.49486060843155,13.64015679483987,2.8263447716488175,-2.1187418057815153,-5.0524602779234026e-14
97.38296691138675,-33.499268710625394,13.636700978346738,2.8266928798355777,-2.118819335628811,-5.894536990910637e-14
97.39384291114001,-33.50368113592359,13.633218800841675,2.8270478132311117,-2.1188971659440803,-7.578690416885104e-14
97.40471588712136,-33.508097880913446,13.629710362335118,2.8274095469697174,-2.1189752936238637,-5.894536990910637e-14
97.41558584404629,-33.51251894218085,13.626175762837502,2.82777805618485,-2.119053715575631,-3.368306851948935e-14
97.42645278662906,-33.516944316310365,13.622615102359255,2.8281533160091414,-2.1191324287177715,-6.73661370389787e-14
97.4373167195825,-33.52137399988522,13.61902848091082,2.828535301574383,-2.119211429979584,-3.368306851948935e-14
97.44817764761778,-33.52580798948714,13.615415998502623,2.8289239880115438,-2.1192907163012866,-8.420767129872338e-14
97.45903557544496,-33.53024628169665,13.6117777551451,2.829319350450769,-2.1193702846339937,-4.210383564936169e-14
97.46989050777232,-33.53468887309271,13.608113850848692,2.8297213640213794,-2.119450131939723,-7.578690416885104e-14
97.48074244930696,-33.53913576025306,13.604424385623828,2.830130003851887,-2.1195302551913855,-5.0524602779234026e-14
97.49159140475453,-33.54358693975406,13.600709459480939,2.830545245069982,-2.1196106513727786,-6.73661370389787e-14
97.5024373788191,-33.54804240817057,13.596969172430464,2.8309670628025456,-2.1196913174785887,-8.420767129872338e-14
97.51328037620343,-33.552502162076244,13.593203624482838,2.8313954321756536,-2.119772250514375,-3.368306851948935e-14
97.52412040160888,-33.55696619804329,13.589412915648492,2.8318303283145774,-2.119853447496572,-5.894536990910637e-14
97.53495745973525,-33.56143451264252,13.585597145937859,2.8322717263437873,-2.119934905452484,-5.894536990910637e-14
97.54579155528106,-33.56590710244342,13.581756415361378,2.8327196013869536,-2.1200166214202767,-8.420767129872338e-14
97.5566226929434,-33.57038396401415,13.577890823929478,2.833173928566957,-2.120098592448972,-7.578690416885104e-14
97.5674508774178,-33.574865093921375,13.574000471652598,2.8336346830058816,-2.1201808155984496,-5.894536990910637e-14
97.57827611339854,-33.57935048873057,13.57008545854117,2.83410183982503,-2.1202632879394296,-6.73661370389787e-14
97.58909840557834,-33.58384014500567,13.56614588460563,2.834575374144912,-2.120346006553483,-6.73661370389787e-14
97.59991775864864,-33.588334059309354,13.562181849856408,2.835055261085265,-2.1204289685330133,-5.0524602779234026e-14
97.61073417729942,-33.59283222820296,13.558193454303941,2.8355414757650435,-2.1205121709812547,-5.0524602779234026e-14
97.62154766621916,-33.59733464824636,13.554180797958667,2.836033993302426,-2.1205956110122752,-5.0524602779234026e-14
97.63235823009504,-33.60184131599812,13.550143980831015,2.8365327888148206,-2.1206792857509593,-7.578690416885104e-14
97.64316587361287,-33.60635222801553,13.546083102931417,2.837037837418872,-2.120763192333012,-7.578690416885104e-14
97.65397060145686,-33.61086738085434,13.54199826427031,2.8375491142304514,-2.1208473279049507,-4.210383564936169e-14
97.66477241831001,-33.61538677106907,13.537889564858133,2.838066594364672,-2.1209316896241,-6.73661370389787e-14
97.67557132885388,-33.619910395212884,13.533757104705314,2.8385902529358904,-2.1210162746585848,-5.0524602779234026e-14
97.6863673377685,-33.62443824983748,13.529600983822291,2.8391200650577013,-2.121101080187331,-6.73661370389787e-14
97.69716044973269,-33.628970331493356,13.525421302219497,2.839656005842956,-2.1211861034000554,-8.420767129872338e-14
97.70795066942368,-33.63350663672948,13.521218159907363,2.84019805040375,-2.121271341497267,-5.894536990910637e-14
97.71873800151745,-33.638047162093606,13.516991656896327,2.840746173851433,-2.121356791690248,-4.210383564936169e-14
97.7295224506886,-33.64259190413208,13.512741893196825,2.8413003512966157,-2.1214424512010677,-5.894536990910637e-14
97.74030402161013,-33.64714085938986,13.508468968819287,2.8418605578491656,-2.121528317262565,-5.894536990910637e-14
97.75108271895388,-33.65169402441059,13.504172983774147,2.842426768618217,-2.121614387118348,-3.368306851948935e-14
97.76185854739025,-33.65625139573658,13.49985403807184,2.84299895871217,-2.121700658022786,-7.578690416885104e-14
97.77263151158809,-33.66081296990871,13.495512231722804,2.8435771032386916,-2.1217871272410105,-5.0524602779234026e-14
97.78340161621506,-33.665378743466576,13.491147664737468,2.8441611773047266,-2.1218737920489046,-1.6841534259744676e-14
97.79416886593741,-33.66994871294844,13.486760437126268,2.8447511560164944,-2.1219606497331,-5.894536990910637e-14
97.80493326541983,-33.6745228748911,13.482350648899645,2.8453470144794917,-2.1220476975909737,-5.0524602779234026e-14
97.81569481932587,-33.67910122583015,13.477918400068022,2.8459487277985027,-2.1221349329306425,-5.894536990910637e-14
97.82645353231749,-33.683683762299694,13.473463790641835,2.846556271077593,-2.12222235307096,-6.73661370389787e-14
97.83720940905538,-33.688270480832585,13.468986920631528,2.8471696194201184,-2.122309955341505,-7.578690416885104e-14
97.84796245419892,-33.69286137796034,13.464487890047526,2.8477887479287287,-2.1223977370825833,-4.210383564936169e-14
97.85871267240591,-33.69745645021302,13.459966798900266,2.8484136317053674,-2.1224856956452247,-4.210383564936169e-14
97.86946006833297,-33.702055694119416,13.45542374720018,2.8490442458512755,-2.122573828391172,-5.0524602779234026e-14
97.88020464663529,-33.70665910620701,13.450858834957707,2.8496805654669997,-2.122662132692877,-2.5262301389617013e-14
97.89094641196657,-33.711266683001824,13.446272162183277,2.8503225656523856,-2.1227506059335055,-7.578690416885104e-14
97.90168536897932,-33.71587842102864,13.441663828887325,2.8509702215065915,-2.1228392455069174,-3.368306851948935e-14
97.91242152232462,-33.72049431681087,13.437033935080285,2.8516235081280845,-2.1229280488176734,-5.0524602779234026e-14
97.92315487665208,-33.7251143668705,13.432382580772597,2.8522824006146466,-2.1230170132810287,-9.262843842859572e-14
97.93388543661015,-33.729738567728326,13.427709865974688,2.8529468740633783,-2.1231061363229213,-4.210383564936169e-14
97.94461320684567,-33.73436691590362,13.423015890696993,2.853616903570696,-2.1231954153799806,-5.0524602779234026e-14
