galstreams/tracks/track.st.NGC2298.ibata2021.ecsv
# %ECSV 0.9
# ---
# datatype:
# - {name: ra, unit: deg, datatype: float64}
# - {name: dec, unit: deg, datatype: float64}
# - {name: distance, unit: kpc, datatype: float64}
# - {name: pm_ra_cosdec, unit: mas / yr, datatype: float64}
# - {name: pm_dec, unit: mas / yr, datatype: float64}
# - {name: radial_velocity, unit: km / s, datatype: float64}
# delimiter: ','
# meta: !!omap
# - __serialized_columns__:
#     dec:
#       __class__: astropy.coordinates.angles.Latitude
#       unit: &id001 !astropy.units.Unit {unit: deg}
#       value: !astropy.table.SerializedColumn {name: dec}
#     distance:
#       __class__: astropy.coordinates.distances.Distance
#       unit: !astropy.units.Unit {unit: kpc}
#       value: !astropy.table.SerializedColumn {name: distance}
#     pm_dec:
#       __class__: astropy.units.quantity.Quantity
#       unit: !astropy.units.Unit {unit: mas / yr}
#       value: !astropy.table.SerializedColumn {name: pm_dec}
#     pm_ra_cosdec:
#       __class__: astropy.units.quantity.Quantity
#       unit: !astropy.units.Unit {unit: mas / yr}
#       value: !astropy.table.SerializedColumn {name: pm_ra_cosdec}
#     ra:
#       __class__: astropy.coordinates.angles.Longitude
#       unit: *id001
#       value: !astropy.table.SerializedColumn {name: ra}
#       wrap_angle: !astropy.coordinates.Angle
#         unit: *id001
#         value: 360.0
#     radial_velocity:
#       __class__: astropy.units.quantity.Quantity
#       unit: !astropy.units.Unit {unit: km / s}
#       value: !astropy.table.SerializedColumn {name: radial_velocity}
# schema: astropy-2.0
ra,dec,distance,pm_ra_cosdec,pm_dec,radial_velocity
93.26986865274075,-32.225198720693584,12.436895878028963,3.3239478688261763,-2.141510081039895,-1.0946997268834039e-13
93.28213770770935,-32.22786188081556,12.449179844835477,3.32029492235478,-2.1411962060799765,-1.0104920555846805e-13
93.29440194964198,-32.230530485630865,12.461401846915479,3.3166575715836677,-2.1408844816955277,-1.0946997268834039e-13
93.30666138388723,-32.23320453226857,12.473561984279407,3.31303579219572,-2.1405749004339167,-1.0946997268834039e-13
93.31891601579173,-32.235884017856165,12.485660356937691,3.3094295598714405,-2.1402674548563865,-5.894536990910637e-14
93.3311658506999,-32.23856893951941,12.497697064900768,3.3058388502889495,-2.1399621375380495,-1.0946997268834039e-13
93.34341089395394,-32.241259294382324,12.50967220817907,3.3022636391239906,-2.139658941067877,-6.73661370389787e-14
93.35565115089405,-32.24395507956731,12.521585886783035,3.2987039020499433,-2.1393578580486796,-7.578690416885104e-14
93.3678866268581,-32.24665629219497,12.533438200723094,3.2951596147378206,-2.1390588810971076,-9.262843842859572e-14
93.38011732718196,-32.24936292938434,12.54522925000968,3.2916307528562814,-2.138762002843625,-1.0946997268834039e-13
93.39234325719943,-32.252074988252716,12.55695913465323,3.2881172920716355,-2.1384672159325087,-5.894536990910637e-14
93.40456442224192,-32.25479246591564,12.568627954664175,3.2846192080478414,-2.1381745130218386,-7.578690416885104e-14
93.41678082763892,-32.257515359487044,12.580235810052953,3.28113647644652,-2.1378838867834706,-1.0104920555846805e-13
93.4289924787178,-32.2602436660792,12.591782800829995,3.277669072926963,-2.137595329903042,-5.894536990910637e-14
93.44119938080361,-32.26297738280256,12.60326902700574,3.2742169731461233,-2.1373088350799514,-5.894536990910637e-14
93.45340153921944,-32.26571650676602,12.614694588590618,3.270780152758644,-2.137024395027351,-1.0946997268834039e-13
93.46559895928631,-32.26846103507679,12.626059585595065,3.267358587416843,-2.136742002472128,-9.262843842859572e-14
93.47779164632287,-32.271210964840286,12.637364118029511,3.263952252770726,-2.1364616501549043,-9.262843842859572e-14
93.48997960564594,-32.27396629316037,12.6486082859044,3.2605611244679964,-2.1361833308300135,-8.420767129872338e-14
93.50216284256997,-32.276727017139116,12.659792189230155,3.257185178154059,-2.1359070372655014,-7.578690416885104e-14
93.51434136240748,-32.279493133877004,12.670915928017218,3.2538243894720162,-2.1356327622431,-8.420767129872338e-14
93.52651517046884,-32.282264640472825,12.681979602276016,3.250478734062695,-2.1353604985582297,-1.0946997268834039e-13
93.53868427206221,-32.28504153402363,12.692983312016993,3.2471481875646213,-2.1350902390199806,-8.420767129872338e-14
93.55084867249377,-32.28782381162485,12.703927157250577,3.2438327256140584,-2.1348219764511023,-7.578690416885104e-14
93.56300837706759,-32.29061147037026,12.714811237987202,3.240532323844993,-2.1345557036879943,-8.420767129872338e-14
93.57516339108548,-32.293404507351894,12.725635654237303,3.2372469578891434,-2.134291413580695,-8.420767129872338e-14
93.58731371984734,-32.29620291966015,12.736400506011313,3.233976603375967,-2.1340290989928654,-6.73661370389787e-14
93.59945936865094,-32.29900670438383,12.747105893319667,3.2307212359326676,-2.1337687528017826,-9.262843842859572e-14
93.61160034279182,-32.30181585860988,12.757751916172806,3.2274808311841956,-2.1335103678983294,-1.0104920555846805e-13
93.6237366475636,-32.304630379423806,12.76833867458115,3.2242553647532612,-2.133253937186977,-6.73661370389787e-14
93.63586828825768,-32.30745026390923,12.778866268555147,3.2210448122603337,-2.132999453585784,-9.262843842859572e-14
93.64799527016342,-32.31027550914826,12.789334798105225,3.217849149323649,-2.1327469100263725,-5.894536990910637e-14
93.66011759856819,-32.31310611222132,12.799744363241818,3.214668351559217,-2.1324962994539267,-6.73661370389787e-14
93.67223527875707,-32.315942070207065,12.810095063975359,3.21150239458082,-2.1322476148271803,-8.420767129872338e-14
93.68434831601324,-32.3187833801826,12.820387000316288,3.2083512540000307,-2.132000849118401,-1.1789073981821273e-13
93.69645671561778,-32.32163003922338,12.830620272275032,3.205214905426206,-2.1317559953133802,-7.578690416885104e-14
93.70856048284956,-32.324482044403055,12.840794979862032,3.202093324466494,-2.1315130464114294,-9.262843842859572e-14
93.72065962298554,-32.32733939279375,12.850911223087717,3.198986486725851,-2.1312719954253607,-1.0946997268834039e-13
93.73275414130055,-32.33020208146594,12.860969101962525,3.1958943678070297,-2.131032835381475,-4.210383564936169e-14
93.74484404306726,-32.33307010748832,12.870968716496886,3.1928169433105973,-2.130795559319563,-1.1789073981821273e-13
93.75692933355647,-32.33594346792806,12.880910166701236,3.1897541888349354,-2.1305601602928768,-8.420767129872338e-14
93.7690100180367,-32.33882215985056,12.89079355258601,3.186706079976248,-2.130326631368136,-6.73661370389787e-14
93.78108610177453,-32.34170618031967,12.900618974161642,3.183672592328564,-2.1300949656255037,-7.578690416885104e-14
93.79315759003454,-32.34459552639755,12.910386531438569,3.1806537014837457,-2.1298651561585804,-1.0104920555846805e-13
93.80522448807908,-32.34749019514466,12.920096324427224,3.177649383031491,-2.129637196074398,-6.73661370389787e-14
93.81728680116856,-32.350390183619865,12.92974845313803,3.1746596125593443,-2.1294110784934004,-5.0524602779234026e-14
93.8293445345614,-32.35329548888039,12.93934301758144,3.171684365652693,-2.129186796549435,-7.578690416885104e-14
93.84139769351376,-32.35620610798176,12.948880117767871,3.168723617894781,-2.1289643433897516,-1.0946997268834039e-13
93.85344628327995,-32.35912203797787,12.958359853707774,3.165777344866709,-2.1287437121749733,-7.578690416885104e-14
93.8654903091122,-32.36204327592104,12.967782325411571,3.162845522147447,-2.128524896079102,-8.420767129872338e-14
93.87752977626056,-32.36496981886181,12.977147632889698,3.1599281253138267,-2.1283078882895015,-1.0946997268834039e-13
93.88956468997327,-32.3679016638492,12.986455876152593,3.1570251299405587,-2.1280926820068826,-8.420767129872338e-14
93.90159505549626,-32.3708388079305,12.99570715521069,3.154136511600234,-2.127879270445302,-1.0946997268834039e-13
93.91362087807364,-32.37378124815141,13.004901570074416,3.1512622458633284,-2.127667646832144,-8.420767129872338e-14
93.92564216294747,-32.376728981556006,13.014039220754213,3.1484023082982087,-2.1274578044081074,-5.894536990910637e-14
93.93765891535757,-32.379682005186645,13.023120207260515,3.145556674471133,-2.1272497364272085,-9.262843842859572e-14
93.94967114054201,-32.38264031608411,13.032144629603751,3.1427253199462695,-2.1270434361567547,-6.73661370389787e-14
93.96167884373669,-32.385603911287554,13.041112587794357,3.139908220285686,-2.12683889687734,-9.262843842859572e-14
93.97368203017542,-32.388572787834434,13.050024181842774,3.1371053510493603,-2.126636111882841,-1.1789073981821273e-13
93.98568070509013,-32.39154694276062,13.058879511759427,3.1343166877951947,-2.126435074480396,-1.0946997268834039e-13
93.99767487371071,-32.39452637310038,13.06767867755475,3.131542206079009,-2.126235777990398,-6.73661370389787e-14
94.00966454126485,-32.39751107588623,13.07642177923919,3.1287818814545454,-2.1260382157464885,-9.262843842859572e-14
94.02164971297853,-32.4005010481492,13.085108916823168,3.126035689473492,-2.12584238109554,-8.420767129872338e-14
94.0336303940754,-32.40349628691854,13.093740190317124,3.1233036056854595,-2.1256482673976533,-1.0946997268834039e-13
94.04560658977731,-32.406496789222004,13.102315699731488,3.120585605638013,-2.1254558680261386,-8.420767129872338e-14
94.05757830530409,-32.40950255208567,13.110835545076696,3.1178816648766587,-2.125265176367509,-1.0946997268834039e-13
94.06954554587342,-32.412513572533946,13.119299826363184,3.11519175894486,-2.125076185821474,-5.894536990910637e-14
94.08150831670112,-32.41552984758964,13.12770864360139,3.1125158633840364,-2.1248888898009244,-8.420767129872338e-14
94.09346662300099,-32.418551374273996,13.136062096801739,3.1098539537335728,-2.124703281731919,-1.0104920555846805e-13
94.10542046998472,-32.42157814960652,13.14436028597467,3.1072060055308204,-2.124519355053683,-5.894536990910637e-14
94.11736986286215,-32.4246101706052,13.152603311130617,3.10457199431111,-2.1243371032185916,-8.420767129872338e-14
94.12931480684097,-32.4276474342863,13.160791272280015,3.1019518956077414,-2.1241565196921597,-7.578690416885104e-14
94.141255307127,-32.43068993766455,13.168924269433303,3.099345684952007,-2.123977597953032,-8.420767129872338e-14
94.1531913689241,-32.433737677753065,13.1770024026009,3.0967533378731886,-2.1238003314929763,-1.0946997268834039e-13
94.16512299743395,-32.43679065156323,13.185025771793256,3.0941748298985545,-2.1236247138168682,-8.420767129872338e-14
94.17705019785643,-32.439848856104916,13.192994477020797,3.091610136553381,-2.1234507384426857,-7.578690416885104e-14
94.1889729753894,-32.442912288386395,13.20090861829396,3.0890592333609455,-2.1232783989014923,-8.420767129872338e-14
94.20089133522862,-32.4459809454142,13.208768295623178,3.0865220958425312,-2.123107688737437,-7.578690416885104e-14
94.21280528256801,-32.44905482419334,13.216573609018889,3.0839986995174424,-2.122938601507732,-1.0104920555846805e-13
94.22471482259952,-32.45213392172726,13.224324658491515,3.081489019903003,-2.1227711307826507,-5.0524602779234026e-14
94.23661996051294,-32.455218235017625,13.23202154405151,3.0789930325145525,-2.122605270145518,-7.578690416885104e-14
94.24852070149628,-32.45830776106464,13.23966436570929,3.0765107128654723,-2.122441013192696,-1.0104920555846805e-13
94.26041705073555,-32.46140249686687,13.247253223475301,3.0740420364671697,-2.122278353533573,-7.578690416885104e-14
94.27230901341467,-32.46450243942119,13.254788217359973,3.071586978829094,-2.122117284790561,-6.73661370389787e-14
94.28419659471577,-32.467607585722995,13.262269447373734,3.0691455154587457,-2.121957800599078,-8.420767129872338e-14
94.29607979981881,-32.47071793276592,13.269697013527031,3.066717621861664,-2.1217998946075385,-1.0946997268834039e-13
94.30795863390196,-32.47383347754212,13.27707101583029,3.064303273541453,-2.1216435604773523,-1.0104920555846805e-13
94.31983310214143,-32.476954217042135,13.284391554293947,3.0619024459997695,-2.121488791882898,-7.578690416885104e-14
94.33170320971129,-32.480080148254785,13.291658728928434,3.0595151147363397,-2.121335582511535,-7.578690416885104e-14
94.34356896178383,-32.48321126816741,13.298872639744186,3.0571412552489576,-2.121183926063572,-1.0104920555846805e-13
94.35543036352941,-32.486347573765734,13.306033386751642,3.0547808430334924,-2.1210338162522677,-1.2631150694808508e-13
94.36728742011623,-32.48948906203377,13.313141069961228,3.0524338535838917,-2.120885246803826,-7.578690416885104e-14
94.3791401367108,-32.492635729954095,13.320195789383387,3.0501002623921916,-2.120738211457372,-1.1789073981821273e-13
94.39098851847746,-32.49578757450753,13.32719764502855,3.0477800449485106,-2.1205927039649555,-8.420767129872338e-14
94.40283257057872,-32.4989445926734,13.334146736907147,3.04547317674107,-2.120448718091535,-5.894536990910637e-14
94.41467229817522,-32.50210678142942,13.341043165029616,3.0431796332561856,-2.1203062476149643,-9.262843842859572e-14
94.42650770642543,-32.50527413775165,13.347887029406394,3.040899389978277,-2.120165286325993,-1.0104920555846805e-13
94.4383388004861,-32.5084466586146,13.354678430047908,3.0386324223898757,-2.1200258280282473,-1.0104920555846805e-13
94.45016558551201,-32.51162434099124,13.361417466964596,3.0363787059716283,-2.119887866538222,-1.0104920555846805e-13
94.46198806665586,-32.5148071818528,13.368104240166895,3.0341382162022947,-2.119751395685277,-9.262843842859572e-14
94.47380624906859,-32.517995178169045,13.374738849665233,3.031910928558763,-2.119616409311619,-7.578690416885104e-14
94.48562013789918,-32.521188326908145,13.381321395470048,3.029696818516052,-2.1194829012722955,-8.420767129872338e-14
94.49742973829453,-32.52438662503656,13.387851977591778,3.027495861547307,-2.1193508654351905,-1.1789073981821273e-13
94.5092350553998,-32.52759006951931,13.394330696040852,3.0253080331238174,-2.1192202956810045,-1.0946997268834039e-13
94.5210360943582,-32.530798657319764,13.400757650827703,3.023133308715018,-2.119091185903249,-6.73661370389787e-14
94.53283286031088,-32.53401238539964,13.407132941962772,3.0209716637884845,-2.118963530008245,-8.420767129872338e-14
94.54462535839727,-32.537231250719195,13.413456669456485,3.0188230738099513,-2.118837321915098,-7.578690416885104e-14
94.55641359375467,-32.54045525023698,13.419728933319277,3.016687514243307,-2.118712555555705,-7.578690416885104e-14
94.56819757151864,-32.54368438091003,13.425949833561592,3.014564960550606,-2.118589224874729,-1.1789073981821273e-13
94.57997729682283,-32.546918639693835,13.432119470193854,3.012455388192067,-2.1184673238296,-9.262843842859572e-14
94.59175277479878,-32.55015802354219,13.4382379432265,3.0103587726260823,-2.118346846390505,-9.262843842859572e-14
94.60352401057635,-32.55340252940738,13.444305352669966,3.0082750893092216,-2.1182277865403734,-7.578690416885104e-14
94.61529100928342,-32.55665215424015,13.450321798534686,3.006204313696238,-2.1181101382748686,-6.73661370389787e-14
94.62705377604587,-32.55990689498954,13.45628738083109,3.0041464212400655,-2.117993895602387,-8.420767129872338e-14
94.63881231598783,-32.56316674860316,13.462202199569623,3.0021013873918334,-2.1178790525440316,-7.578690416885104e-14
94.65056663423141,-32.566431712026905,13.468066354760706,3.0000691876008667,-2.1177656031336225,-7.578690416885104e-14
94.66231673589687,-32.569701782205186,13.473879946414783,2.9980497973146925,-2.1176535414176727,-8.420767129872338e-14
94.67406262610265,-32.57297695608085,13.479643074542281,2.9960431919790413,-2.117542861455381,-9.262843842859572e-14
94.68580430996514,-32.57625723059506,13.485355839153637,2.994049347037852,-2.1174335573186323,-1.0946997268834039e-13
94.69754179259893,-32.57954260268752,13.49101834025929,2.9920682379332826,-2.117325623091976,-9.262843842859572e-14
94.70927507911682,-32.58283306929633,13.496630677869666,2.9900998401057084,-2.117219052872621,-9.262843842859572e-14
94.72100417462947,-32.586128627357965,13.502192951995202,2.9881441289937296,-2.117113840770434,-6.73661370389787e-14
94.73272908424589,-32.58942927380739,13.507705262646335,2.9862010800341743,-2.1170099809079166,-6.73661370389787e-14
94.74444981307315,-32.59273500557801,13.513167709833496,2.9842706686621083,-2.116907467420204,-1.0104920555846805e-13
94.75616636621632,-32.59604581960158,13.518580393567124,2.982352870310828,-2.116806294455059,-1.0946997268834039e-13
94.76787874877878,-32.59936171280841,13.523943413857648,2.9804476604118832,-2.116706456172853,-1.1789073981821273e-13
94.77958696586185,-32.60268268212709,13.529256870715503,2.9785550143950617,-2.1166079467465675,-1.0104920555846805e-13
94.79129102256509,-32.60600872448479,13.534520864151126,2.9766749076884085,-2.1165107603617757,-9.262843842859572e-14
94.80299092398624,-32.60933983680706,13.539735494174948,2.974807315718228,-2.1164148912166363,-1.0946997268834039e-13
94.814686675221,-32.61267601601782,13.544900860797409,2.972952213909081,-2.116320333521889,-5.894536990910637e-14
94.8263782813633,-32.61601725903953,13.550017064028935,2.9711095776837966,-2.1162270815008415,-7.578690416885104e-14
94.8380657475053,-32.61936356279308,13.555084203879964,2.9692793824634793,-2.116135129389357,-1.0104920555846805e-13
94.84974907873706,-32.622714924197695,13.560102380360933,2.967461603667501,-2.116044471435851,-3.368306851948935e-14
94.86142828014698,-32.62607134017114,13.565071693482272,2.965656216713519,-2.1159551019012803,-8.420767129872338e-14
94.8731033568216,-32.62943280762963,13.56999224325442,2.9638631970174756,-2.11586701505913,-6.73661370389787e-14
94.88477431384543,-32.63279932348771,13.574864129687805,2.9620825199936003,-2.1157802051954144,-1.0104920555846805e-13
