galstreams/tracks/track.st.NGC2298.ibata2021.ecsv
# %ECSV 0.9
# ---
# datatype:
# - {name: ra, unit: deg, datatype: float64}
# - {name: dec, unit: deg, datatype: float64}
# - {name: distance, unit: kpc, datatype: float64}
# - {name: pm_ra_cosdec, unit: mas / yr, datatype: float64}
# - {name: pm_dec, unit: mas / yr, datatype: float64}
# - {name: radial_velocity, unit: km / s, datatype: float64}
# delimiter: ','
# meta: !!omap
# - __serialized_columns__:
#     dec:
#       __class__: astropy.coordinates.angles.Latitude
#       unit: &id001 !astropy.units.Unit {unit: deg}
#       value: !astropy.table.SerializedColumn {name: dec}
#     distance:
#       __class__: astropy.coordinates.distances.Distance
#       unit: !astropy.units.Unit {unit: kpc}
#       value: !astropy.table.SerializedColumn {name: distance}
#     pm_dec:
#       __class__: astropy.units.quantity.Quantity
#       unit: !astropy.units.Unit {unit: mas / yr}
#       value: !astropy.table.SerializedColumn {name: pm_dec}
#     pm_ra_cosdec:
#       __class__: astropy.units.quantity.Quantity
#       unit: !astropy.units.Unit {unit: mas / yr}
#       value: !astropy.table.SerializedColumn {name: pm_ra_cosdec}
#     ra:
#       __class__: astropy.coordinates.angles.Longitude
#       unit: *id001
#       value: !astropy.table.SerializedColumn {name: ra}
#       wrap_angle: !astropy.coordinates.Angle
#         unit: *id001
#         value: 360.0
#     radial_velocity:
#       __class__: astropy.units.quantity.Quantity
#       unit: !astropy.units.Unit {unit: km / s}
#       value: !astropy.table.SerializedColumn {name: radial_velocity}
# schema: astropy-2.0
ra,dec,distance,pm_ra_cosdec,pm_dec,radial_velocity
93.26986865274061,-32.225198720694216,12.436895878050978,3.3239478688372244,-2.1415100810400527,-3.368306851948935e-14
93.28213770770921,-32.227861880816185,12.449179844857184,3.32029492236579,-2.141196206080132,-4.210383564936169e-14
93.29440194964184,-32.230530485631476,12.461401846936884,3.3166575715946376,-2.1408844816956805,-5.894536990910637e-14
93.30666138388709,-32.233204532269184,12.47356198430051,3.3130357922066507,-2.1405749004340655,-5.894536990910637e-14
93.31891601579157,-32.235884017856776,12.48566035695849,3.309429559882334,-2.140267454856534,-2.5262301389617013e-14
93.33116585069976,-32.23856893952003,12.497697064921269,3.305838850299804,-2.139962137538193,-2.5262301389617013e-14
93.34341089395379,-32.24125929438293,12.509672208199273,3.3022636391348072,-2.139658941068018,-5.0524602779234026e-14
93.3556511508939,-32.24395507956791,12.521585886802942,3.298703902060722,-2.1393578580488164,-3.368306851948935e-14
93.36788662685795,-32.24665629219558,12.533438200742701,3.2951596147485636,-2.1390588810972417,-5.0524602779234026e-14
93.38011732718184,-32.249362929384944,12.545229250028994,3.2916307528669866,-2.138762002843756,-4.210383564936169e-14
93.39234325719929,-32.25207498825332,12.556959134672251,3.2881172920823025,-2.1384672159326383,-6.73661370389787e-14
93.40456442224179,-32.25479246591623,12.568627954682908,3.284619208058472,-2.138174513021964,-4.210383564936169e-14
93.41678082763879,-32.257515359487634,12.580235810071391,3.2811364764571143,-2.137883886783594,-5.894536990910637e-14
93.42899247871766,-32.260243666079795,12.591782800848147,3.27766907293752,-2.137595329903162,-5.0524602779234026e-14
93.44119938080348,-32.26297738280314,12.603269027023606,3.274216973156645,-2.1373088350800695,-5.894536990910637e-14
93.45340153921933,-32.26571650676661,12.614694588608199,3.270780152769129,-2.1370243950274657,-8.420767129872338e-14
93.4655989592862,-32.26846103507738,12.62605958561236,3.2673585874272906,-2.136742002472239,-2.5262301389617013e-14
93.47779164632276,-32.27121096484086,12.637364118046525,3.263952252781138,-2.1364616501550127,-5.0524602779234026e-14
93.48997960564577,-32.273966293160925,12.64860828592113,3.260561124478373,-2.1361833308301224,-5.0524602779234026e-14
93.50216284256986,-32.2767270171397,12.659792189246605,3.257185178164399,-2.135907037265605,-3.368306851948935e-14
93.51434136240736,-32.27949313387758,12.670915928033388,3.2538243894823227,-2.135632762243201,-4.210383564936169e-14
93.52651517046873,-32.28226464047341,12.68197960229191,3.2504787340729635,-2.135360498558327,-4.210383564936169e-14
93.5386842720621,-32.2850415340242,12.692983312032611,3.2471481875748562,-2.1350902390200757,-6.73661370389787e-14
93.55084867249366,-32.28782381162542,12.70392715726592,3.24383272562426,-2.134821976451196,-5.0524602779234026e-14
93.56300837706748,-32.29061147037085,12.71481123800227,3.2405323238551595,-2.1345557036880853,-4.210383564936169e-14
93.57516339108538,-32.29340450735246,12.725635654252104,3.237246957899275,-2.1342914135807827,-3.368306851948935e-14
93.58731371984723,-32.29620291966072,12.736400506025841,3.233976603386064,-2.134029098992951,-6.73661370389787e-14
93.59945936865084,-32.29900670438439,12.747105893333927,3.2307212359427293,-2.133768752801865,-5.894536990910637e-14
93.61160034279172,-32.30181585861045,12.757751916186795,3.2274808311942245,-2.1335103678984098,-5.0524602779234026e-14
93.62373664756346,-32.30463037942433,12.768338674594878,3.224255364763256,-2.133253937187056,-6.73661370389787e-14
93.63586828825757,-32.307450263909786,12.778866268568608,3.221044812270295,-2.1329994535858585,-5.0524602779234026e-14
93.64799527016334,-32.310275509148816,12.78933479811842,3.2178491493335772,-2.132746910026446,-4.210383564936169e-14
93.6601175985681,-32.313106112221874,12.799744363254748,3.214668351569112,-2.1324962994539973,-4.210383564936169e-14
93.67223527875699,-32.31594207020762,12.81009506398803,3.2115023945906827,-2.1322476148272487,-5.0524602779234026e-14
93.68434831601316,-32.31878338018316,12.820387000328697,3.2083512540098598,-2.1320008491184663,-1.6841534259744676e-14
93.6964567156177,-32.321630039223926,12.830620272287184,3.205214905436002,-2.1317559953134437,-5.894536990910637e-14
93.70856048284949,-32.3244820444036,12.840794979873928,3.2020933244762584,-2.1315130464114906,-5.0524602779234026e-14
93.72065962298544,-32.3273393927943,12.850911223099358,3.198986486735581,-2.131271995425419,-5.894536990910637e-14
93.73275414130046,-32.33020208146649,12.860969101973911,3.1958943678167295,-2.1310328353815318,-5.0524602779234026e-14
93.74484404306718,-32.33307010748886,12.870968716508019,3.1928169433202642,-2.1307955593196173,-5.894536990910637e-14
93.75692933355634,-32.33594346792857,12.88091016671212,3.189754188844569,-2.13056016029293,-3.368306851948935e-14
93.76901001803662,-32.338822159851105,12.890793552596643,3.1867060799858518,-2.130326631368186,-3.368306851948935e-14
93.78108610177445,-32.34170618032021,12.900618974172025,3.1836725923381355,-2.130094965625552,-5.0524602779234026e-14
93.79315759003448,-32.34459552639809,12.910386531448701,3.180653701493287,-2.1298651561586257,-2.5262301389617013e-14
93.805224488079,-32.347490195145184,12.920096324437107,3.1776493830410013,-2.129637196074441,-8.420767129872338e-14
93.81728680116849,-32.35039018362039,12.929748453147676,3.174659612568822,-2.1294110784934412,-5.0524602779234026e-14
93.82934453456134,-32.35329548888093,12.939343017590838,3.1716843656621396,-2.1291867965494737,-1.6841534259744676e-14
93.8413976935137,-32.35620610798229,12.948880117777032,3.1687236179041975,-2.128964343389788,-5.894536990910637e-14
93.85344628327988,-32.359122037978395,12.958359853716692,3.1657773448760955,-2.128743712175008,-5.894536990910637e-14
93.86549030911213,-32.362043275921565,12.967782325420247,3.162845522156803,-2.128524896079135,-8.420767129872338e-14
93.87752977626052,-32.36496981886233,12.977147632898136,3.1599281253231517,-2.1283078882895317,-2.5262301389617013e-14
93.88956468997316,-32.36790166384969,12.986455876160791,3.157025129949853,-2.128092682006913,-6.73661370389787e-14
93.9015950554962,-32.37083880793102,12.995707155218652,3.1541365116095,-2.1278792704453293,-4.210383564936169e-14
93.91362087807359,-32.37378124815193,13.004901570082147,3.1512622458725636,-2.127667646832168,-2.5262301389617013e-14
93.92564216294736,-32.37672898155649,13.01403922076171,3.1484023083074137,-2.127457804408132,-6.73661370389787e-14
93.93765891535755,-32.37968200518715,13.023120207267777,3.1455566744803116,-2.1272497364272294,-4.210383564936169e-14
93.94967114054197,-32.38264031608461,13.032144629610785,3.142725319955417,-2.1270434361567725,-4.210383564936169e-14
93.96167884373665,-32.38560391128807,13.041112587801162,3.1399082202948043,-2.1268388968773566,-4.210383564936169e-14
93.97368203017538,-32.388572787834946,13.050024181849349,3.13710535105845,-2.126636111882856,-5.894536990910637e-14
93.98568070509009,-32.39154694276113,13.058879511765774,3.1343166878042554,-2.1264350744804092,-4.210383564936169e-14
93.99767487371066,-32.39452637310088,13.067678677560878,3.1315422060880405,-2.1262357779904084,-5.894536990910637e-14
94.00966454126483,-32.39751107588673,13.07642177924509,3.1287818814635493,-2.126038215746497,-5.894536990910637e-14
94.02164971297844,-32.400501048149664,13.085108916828844,3.1260356894824666,-2.125842381095549,-5.894536990910637e-14
94.03363039407536,-32.40349628691905,13.093740190322574,3.123303605694408,-2.1256482673976587,-5.0524602779234026e-14
94.04560658977728,-32.4064967892225,13.10231569973672,3.120585605646933,-2.1254558680261413,-4.210383564936169e-14
94.05757830530402,-32.409502552086145,13.110835545081711,3.1178816648855494,-2.125265176367512,-4.210383564936169e-14
94.06954554587341,-32.41251357253443,13.119299826367984,3.115191758953724,-2.125076185821474,-6.73661370389787e-14
94.08150831670109,-32.41552984759013,13.127708643605967,3.1125158633928733,-2.1248888898009235,-5.0524602779234026e-14
94.09346662300098,-32.41855137427449,13.136062096806098,3.109853953742383,-2.1247032817319162,-2.5262301389617013e-14
94.1054204699847,-32.421578149607,13.144360285978818,3.107206005539604,-2.124519355053679,-5.894536990910637e-14
94.11736986286208,-32.42461017060565,13.152603311134554,3.104571994319864,-2.1243371032185867,-3.368306851948935e-14
94.12931480684094,-32.42764743428678,13.16079127228374,3.1019518956164696,-2.124156519692151,-5.0524602779234026e-14
94.141255307127,-32.43068993766503,13.168924269436813,3.09934568496071,-2.1239775979530227,-4.210383564936169e-14
94.15319136892403,-32.43373767775352,13.177002402604202,3.096753337881864,-2.1238003314929657,-2.5262301389617013e-14
94.16512299743394,-32.43679065156371,13.18502577179635,3.0941748299072045,-2.123624713816855,-5.0524602779234026e-14
94.17705019785642,-32.4398488561054,13.192994477023682,3.091610136562006,-2.123450738442672,-2.5262301389617013e-14
94.18897297538933,-32.44291228838684,13.20090861829664,3.089059233369541,-2.123278398901478,-6.73661370389787e-14
94.2008913352286,-32.445980945414675,13.208768295625655,3.086522095851104,-2.123107688737419,-4.210383564936169e-14
94.212805282568,-32.449054824193816,13.216573609021161,3.0839986995259894,-2.1229386015077125,-6.73661370389787e-14
94.22471482259951,-32.45213392172773,13.22432465849359,3.081489019911525,-2.1227711307826302,-5.0524602779234026e-14
94.23661996051293,-32.45521823501809,13.232021544053378,3.078993032523048,-2.1226052701454967,-6.73661370389787e-14
94.24852070149628,-32.4583077610651,13.239664365710961,3.076510712873942,-2.1224410131926725,-4.210383564936169e-14
94.26041705073555,-32.461402496867336,13.247253223476774,3.074042036475614,-2.1222783535335474,-4.210383564936169e-14
94.27230901341467,-32.464502439421665,13.254788217361245,3.071586978837516,-2.1221172847905354,-2.5262301389617013e-14
94.28419659471571,-32.46760758572342,13.262269447374814,3.0691455154671403,-2.1219578005990507,-6.73661370389787e-14
94.29607979981881,-32.470717932766384,13.269697013527917,3.0667176218700347,-2.121799894607509,-6.73661370389787e-14
94.30795863390196,-32.47383347754259,13.277071015830979,3.064303273549799,-2.1216435604773207,-4.210383564936169e-14
94.31983310214137,-32.47695421704256,13.284391554294444,3.0619024460080904,-2.121488791882867,-4.210383564936169e-14
94.33170320971129,-32.48008014825524,13.29165872892874,3.059515114744638,-2.121335582511502,-8.420767129872338e-14
94.34356896178384,-32.483211268167864,13.298872639744303,3.057141255257232,-2.1211839260635363,-1.6841534259744676e-14
94.35543036352936,-32.486347573766146,13.306033386751569,3.0547808430417427,-2.1210338162522326,-5.894536990910637e-14
94.36728742011624,-32.489489062034224,13.31314106996097,3.0524338535921194,-2.1208852468037884,-6.73661370389787e-14
94.37914013671076,-32.492635729954515,13.32019578938294,3.050100262400395,-2.120738211457334,-5.0524602779234026e-14
94.39098851847747,-32.49578757450798,13.327197645027915,3.0477800449566907,-2.1205927039649155,-8.420767129872338e-14
94.40283257057874,-32.49894459267384,13.33414673690633,3.045473176749226,-2.120448718091493,-5.0524602779234026e-14
94.41467229817518,-32.50210678142983,13.341043165028616,3.043179633264319,-2.1203062476149226,-5.0524602779234026e-14
94.42650770642545,-32.50527413775208,13.34788702940521,3.040899389986388,-2.1201652863259492,-5.0524602779234026e-14
94.43833880048612,-32.50844665861505,13.354678430046546,3.038632422397965,-2.120025828028202,-4.210383564936169e-14
94.45016558551198,-32.511624340991645,13.361417466963054,3.036378705979693,-2.1198878665381766,-5.0524602779234026e-14
94.46198806665589,-32.51480718185324,13.368104240165174,3.034138216210338,-2.1197513956852294,-6.73661370389787e-14
94.47380624906862,-32.517995178169485,13.374738849663334,3.0319109285667842,-2.11961640931157,-4.210383564936169e-14
94.48562013789915,-32.52118832690855,13.381321395467975,3.029696818524049,-2.119482901272247,-5.894536990910637e-14
94.49742973829454,-32.52438662503701,13.387851977589529,3.027495861555283,-2.11935086543514,-5.894536990910637e-14
94.50923505539981,-32.52759006951974,13.39433069603843,3.0253080331317728,-2.119220295680951,-8.420767129872338e-14
94.52103609435822,-32.5307986573202,13.400757650825108,3.0231333087229513,-2.119091185903196,-5.0524602779234026e-14
94.5328328603109,-32.53401238540007,13.407132941960004,3.020971663796396,-2.11896353000819,-7.578690416885104e-14
94.54462535839724,-32.53723125071959,13.413456669453547,3.018823073817841,-2.118837321915044,-5.894536990910637e-14
94.55641359375471,-32.5404552502374,13.419728933316174,3.016687514251176,-2.118712555555648,-6.73661370389787e-14
94.56819757151868,-32.54368438091046,13.425949833558317,3.0145649605584532,-2.118589224874671,-5.0524602779234026e-14
94.57997729682282,-32.54691863969423,13.432119470190411,3.0124553881998932,-2.1184673238295426,-5.0524602779234026e-14
94.59175277479883,-32.55015802354261,13.438237943222894,3.0103587726338885,-2.1183468463904442,-3.368306851948935e-14
94.60352401057638,-32.5534025294078,13.444305352666197,3.008275089317007,-2.118227786540312,-5.0524602779234026e-14
94.61529100928341,-32.55665215424053,13.450321798530751,3.0062043137040018,-2.1181101382748087,-4.210383564936169e-14
94.62705377604591,-32.55990689498996,13.456287380826996,3.0041464212478086,-2.117993895602323,-5.894536990910637e-14
94.63881231598783,-32.56316674860354,13.462202199565363,3.002101387399557,-2.1178790525439695,-1.0104920555846805e-13
94.6505666342314,-32.56643171202729,13.468066354756287,3.0000691876085717,-2.1177656031335594,-4.210383564936169e-14
94.66231673589692,-32.569701782205605,13.473879946410204,2.998049797322378,-2.117653541417607,-5.0524602779234026e-14
94.67406262610265,-32.572976956081234,13.47964307453754,2.9960431919867063,-2.1175428614553162,-2.5262301389617013e-14
94.68580430996519,-32.576257230595466,13.48535583914874,2.994049347045498,-2.1174335573185648,-5.894536990910637e-14
94.697541792599,-32.579542602687916,13.491018340254236,2.9920682379409085,-2.1173256230919075,-6.73661370389787e-14
94.70927507911682,-32.582833069296704,13.496630677864461,2.9900998401133134,-2.117219052872553,-7.578690416885104e-14
94.72100417462953,-32.58612862735836,13.502192951989844,2.9881441290013178,-2.1171138407703642,-9.262843842859572e-14
94.73272908424593,-32.58942927380779,13.50770526264082,2.9862010800417425,-2.1170099809078455,-8.420767129872338e-14
94.74444981307315,-32.59273500557838,13.513167709827835,2.984270668669656,-2.1169074674201336,-6.73661370389787e-14
94.75616636621638,-32.59604581960199,13.518580393561312,2.982352870318358,-2.1168062944549857,-9.262843842859572e-14
94.7678787487788,-32.59936171280878,13.523943413851686,2.980447660419393,-2.11670645617278,-5.0524602779234026e-14
94.77958696586185,-32.602682682127465,13.529256870709395,2.978555014402553,-2.116607946746494,-7.578690416885104e-14
94.79129102256516,-32.60600872448519,13.53452086414487,2.9766749076958834,-2.1165107603616997,-4.210383564936169e-14
94.80299092398626,-32.609339836807415,13.539735494168548,2.9748073157256822,-2.116414891216561,-8.420767129872338e-14
94.81468667522105,-32.61267601601822,13.544900860790861,2.9729522139165185,-2.116320333521813,-8.420767129872338e-14
94.82637828136336,-32.61601725903992,13.550017064022244,2.9711095776912173,-2.116227081500764,-8.420767129872338e-14
94.83806574750531,-32.61936356279344,13.555084203873133,2.96927938247088,-2.116135129389279,-7.578690416885104e-14
94.84974907873713,-32.62271492419808,13.560102380353959,2.9674616036748853,-2.116044471435772,-6.73661370389787e-14
94.86142828014707,-32.62607134017153,13.565071693475156,2.965656216720887,-2.1159551019012004,-5.894536990910637e-14
94.87310335682163,-32.62943280762998,13.569992243247164,2.963863197024825,-2.115867015059051,-5.894536990910637e-14
94.88477431384551,-32.6327993234881,13.574864129680407,2.9620825200009326,-2.115780205195333,-5.0524602779234026e-14
