galstreams/tracks/track.st.Molonglo.grillmair2017b.ecsv
# %ECSV 0.9
# ---
# datatype:
# - {name: ra, unit: deg, datatype: float64}
# - {name: dec, unit: deg, datatype: float64}
# - {name: distance, unit: kpc, datatype: float64}
# - {name: pm_ra_cosdec, unit: mas / yr, datatype: float64}
# - {name: pm_dec, unit: mas / yr, datatype: float64}
# - {name: radial_velocity, unit: km / s, datatype: float64}
# delimiter: ','
# meta: !!omap
# - __serialized_columns__:
#     dec:
#       __class__: astropy.coordinates.angles.Latitude
#       unit: &id001 !astropy.units.Unit {unit: deg}
#       value: !astropy.table.SerializedColumn {name: dec}
#     distance:
#       __class__: astropy.coordinates.distances.Distance
#       unit: !astropy.units.Unit {unit: kpc}
#       value: !astropy.table.SerializedColumn {name: distance}
#     pm_dec:
#       __class__: astropy.units.quantity.Quantity
#       unit: !astropy.units.Unit {unit: mas / yr}
#       value: !astropy.table.SerializedColumn {name: pm_dec}
#     pm_ra_cosdec:
#       __class__: astropy.units.quantity.Quantity
#       unit: !astropy.units.Unit {unit: mas / yr}
#       value: !astropy.table.SerializedColumn {name: pm_ra_cosdec}
#     ra:
#       __class__: astropy.coordinates.angles.Longitude
#       unit: *id001
#       value: !astropy.table.SerializedColumn {name: ra}
#       wrap_angle: !astropy.coordinates.Angle
#         unit: *id001
#         value: 360.0
#     radial_velocity:
#       __class__: astropy.units.quantity.Quantity
#       unit: !astropy.units.Unit {unit: km / s}
#       value: !astropy.table.SerializedColumn {name: radial_velocity}
# schema: astropy-2.0
ra,dec,distance,pm_ra_cosdec,pm_dec,radial_velocity
[from data line 707]
4.208017265175831,-20.17122132785765,19.999999999999968,0.0,0.0,0.0
4.199727071245028,-20.16493615012509,19.999999999999968,0.0,0.0,0.0
4.1914376509975195,-20.15865046282134,19.999999999999964,0.0,0.0,0.0
4.1831490045514395,-20.152364265721783,19.999999999999964,0.0,0.0,0.0
4.174861132024798,-20.146077558601718,19.999999999999964,0.0,0.0,0.0
4.1665740335356825,-20.13979034123651,19.999999999999964,0.0,0.0,0.0
4.158287709202201,-20.133502613401536,19.999999999999964,0.0,0.0,0.0
4.150002159142443,-20.127214374872157,19.99999999999997,0.0,0.0,0.0
4.141717383474663,-20.120925625423883,19.999999999999964,0.0,0.0,0.0
4.133433382316998,-20.1146363648321,19.999999999999968,0.0,0.0,0.0
4.125150155787661,-20.10834659287229,19.999999999999968,0.0,0.0,0.0
4.116867704004886,-20.10205630931992,19.999999999999964,0.0,0.0,0.0
4.108586027086933,-20.095765513950507,19.999999999999964,0.0,0.0,0.0
4.10030512515204,-20.089474206539528,19.999999999999968,0.0,0.0,0.0
4.092024998318612,-20.083182386862607,19.999999999999964,0.0,0.0,0.0
4.083745646704937,-20.076890054695273,19.99999999999997,0.0,0.0,0.0
4.075467070429377,-20.070597209813126,19.999999999999964,0.0,0.0,0.0
4.067189269610312,-20.06430385199175,19.999999999999968,0.0,0.0,0.0
4.058912244366105,-20.05800998100675,19.99999999999997,0.0,0.0,0.0
4.050635994815288,-20.05171559663385,19.999999999999968,0.0,0.0,0.0
4.04236052107627,-20.045420698648673,19.999999999999968,0.0,0.0,0.0
4.034085823267533,-20.039125286826906,19.999999999999968,0.0,0.0,0.0
4.025811901507586,-20.032829360944266,19.999999999999968,0.0,0.0,0.0
4.017538755914961,-20.026532920776475,19.999999999999968,0.0,0.0,0.0
4.009266386608169,-20.020235966099253,19.999999999999964,0.0,0.0,0.0
4.000994793705882,-20.01393849668843,19.999999999999964,0.0,0.0,0.0
3.9927239773266616,-20.007640512319764,19.999999999999964,0.0,0.0,0.0
3.984453937589139,-20.00134201276907,19.999999999999964,0.0,0.0,0.0
3.976184674611964,-19.995042997812163,19.99999999999997,0.0,0.0,0.0
3.967916188513772,-19.988743467224875,19.999999999999968,0.0,0.0,0.0
3.9596484794133593,-19.982443420783127,19.99999999999997,0.0,0.0,0.0
3.9513815474294045,-19.97614285826278,19.999999999999975,0.0,0.0,0.0
3.943115392680663,-19.96984177943975,19.999999999999968,0.0,0.0,0.0
3.934850015285904,-19.963540184089947,19.999999999999968,0.0,0.0,0.0
3.9265854153638866,-19.957238071989302,19.999999999999968,0.0,0.0,0.0
3.918321593033524,-19.950935442913835,19.999999999999975,0.0,0.0,0.0
3.910058548413619,-19.94463229663951,19.99999999999997,0.0,0.0,0.0
3.9017962816230445,-19.938328632942333,19.999999999999968,0.0,0.0,0.0
3.893534792780694,-19.932024451598327,19.99999999999997,0.0,0.0,0.0
3.8852740820054885,-19.925719752383525,19.99999999999997,0.0,0.0,0.0
3.877014149416326,-19.91941453507397,19.99999999999997,0.0,0.0,0.0
3.8687549951322655,-19.91310879944582,19.999999999999964,0.0,0.0,0.0
3.8604966192722525,-19.90680254527513,19.999999999999968,0.0,0.0,0.0
3.8522390219553038,-19.900495772338036,19.999999999999968,0.0,0.0,0.0
3.8439822033004543,-19.89418848041067,19.999999999999964,0.0,0.0,0.0
3.8357261634267235,-19.887880669269148,19.99999999999997,0.0,0.0,0.0
3.8274709024532907,-19.88157233868974,19.99999999999997,0.0,0.0,0.0
3.8192164204992194,-19.875263488448606,19.99999999999997,0.0,0.0,0.0
3.8109627176836414,-19.868954118321955,19.999999999999975,0.0,0.0,0.0
3.802709794125717,-19.862644228086037,19.99999999999997,0.0,0.0,0.0
3.7944576499446243,-19.85633381751709,19.999999999999968,0.0,0.0,0.0
3.7862062852595213,-19.850022886391365,19.99999999999997,0.0,0.0,0.0
3.7779557001897306,-19.843711434485225,19.999999999999975,0.0,0.0,0.0
3.7697058948544573,-19.837399461574954,19.99999999999997,0.0,0.0,0.0
3.7614568693729735,-19.831086967436867,19.999999999999964,0.0,0.0,0.0
3.753208623864577,-19.824773951847327,19.999999999999975,0.0,0.0,0.0
3.7449611584485463,-19.818460414582667,19.999999999999968,0.0,0.0,0.0
3.7367144732443167,-19.812146355419333,19.999999999999968,0.0,0.0,0.0
3.728468568371208,-19.805831774133708,19.99999999999997,0.0,0.0,0.0
3.7202234439486146,-19.799516670502207,19.99999999999997,0.0,0.0,0.0
3.711979100095949,-19.79320104430128,19.999999999999975,0.0,0.0,0.0
3.703735536932648,-19.78688489530739,19.99999999999997,0.0,0.0,0.0
3.6954927545781286,-19.780568223296978,19.99999999999997,0.0,0.0,0.0
3.687250753151965,-19.774251028046617,19.99999999999997,0.0,0.0,0.0
3.679009532773619,-19.76793330933278,19.99999999999997,0.0,0.0,0.0
3.670769093562619,-19.761615066932006,19.999999999999964,0.0,0.0,0.0
3.6625294356385174,-19.755296300620845,19.999999999999968,0.0,0.0,0.0
3.6542905591208443,-19.748977010175835,19.999999999999968,0.0,0.0,0.0
3.646052464129293,-19.742657195373646,19.999999999999968,0.0,0.0,0.0
3.6378151507834366,-19.736336855990828,19.999999999999975,0.0,0.0,0.0
3.6295786192029187,-19.730015991804027,19.99999999999997,0.0,0.0,0.0
3.621342869507407,-19.72369460258987,19.999999999999975,0.0,0.0,0.0
3.613107901816546,-19.717372688124993,19.99999999999997,0.0,0.0,0.0
3.6048737162501405,-19.711050248186147,19.99999999999998,0.0,0.0,0.0
3.5966403129278812,-19.704727282549996,19.999999999999975,0.0,0.0,0.0
3.5884076919695245,-19.698403790993243,19.99999999999997,0.0,0.0,0.0
3.580175853494849,-19.692079773292626,19.999999999999968,0.0,0.0,0.0
3.571944797623661,-19.685755229224903,19.99999999999997,0.0,0.0,0.0
3.5637145244757384,-19.679430158566795,19.99999999999997,0.0,0.0,0.0
3.555485034171023,-19.673104561095162,19.999999999999975,0.0,0.0,0.0
3.54725632682934,-19.666778436586778,19.999999999999975,0.0,0.0,0.0
3.539028402570581,-19.660451784818463,19.99999999999997,0.0,0.0,0.0
3.5308012615146644,-19.654124605567052,19.99999999999997,0.0,0.0,0.0
3.5225749037814773,-19.64779689860936,19.99999999999997,0.0,0.0,0.0
3.5143493294910777,-19.64146866372234,19.999999999999975,0.0,0.0,0.0
3.506124538763401,-19.635139900682848,19.99999999999997,0.0,0.0,0.0
3.497900531718449,-19.62881060926778,19.99999999999997,0.0,0.0,0.0
3.489677308476253,-19.62248078925408,19.99999999999997,0.0,0.0,0.0
3.4814548691568596,-19.616150440418668,19.999999999999975,0.0,0.0,0.0
3.4732332138802966,-19.609819562538494,19.99999999999997,0.0,0.0,0.0
3.46501234276675,-19.603488155390583,19.999999999999975,0.0,0.0,0.0
3.4567922559362882,-19.597156218751905,19.99999999999998,0.0,0.0,0.0
3.4485729535090517,-19.590823752399473,19.999999999999968,0.0,0.0,0.0
3.4403544356051974,-19.5844907561103,19.99999999999997,0.0,0.0,0.0
3.4321367023448635,-19.578157229661414,19.999999999999975,0.0,0.0,0.0
3.4239197538483475,-19.571823172829937,19.99999999999997,0.0,0.0,0.0
3.4157035902358257,-19.565488585392913,19.999999999999975,0.0,0.0,0.0
3.4074882116275504,-19.559153467127445,19.99999999999997,0.0,0.0,0.0
3.3992736181437877,-19.552817817810634,19.99999999999997,0.0,0.0,0.0
3.391059809904785,-19.546481637219575,19.999999999999975,0.0,0.0,0.0
3.3828467870309495,-19.5401449251315,19.999999999999975,0.0,0.0,0.0
3.374634549642568,-19.533807681323523,19.999999999999975,0.0,0.0,0.0
3.3664230978599985,-19.527469905572822,19.99999999999997,0.0,0.0,0.0
3.3582124318036204,-19.5211315976566,19.999999999999975,0.0,0.0,0.0
3.3500025515938336,-19.514792757352065,19.99999999999997,0.0,0.0,0.0
3.3417934573510126,-19.508453384436404,19.99999999999998,0.0,0.0,0.0
3.3335851491956965,-19.50211347868694,19.99999999999998,0.0,0.0,0.0
3.325377627248302,-19.495773039880905,19.999999999999975,0.0,0.0,0.0
3.3171708916293174,-19.48943206779556,19.999999999999975,0.0,0.0,0.0
3.3089649424592493,-19.483090562208208,19.99999999999998,0.0,0.0,0.0
3.3007597798585837,-19.47674852289613,19.99999999999997,0.0,0.0,0.0
3.292555403947962,-19.47040594963671,19.99999999999998,0.0,0.0,0.0
3.2843518148479127,-19.464062842207273,19.999999999999975,0.0,0.0,0.0
3.2761490126790296,-19.45771920038516,19.999999999999975,0.0,0.0,0.0
3.267946997561927,-19.451375023947758,19.999999999999975,0.0,0.0,0.0
3.2597457696172403,-19.44503031267244,19.999999999999982,0.0,0.0,0.0
3.2515453289655856,-19.438685066336603,19.99999999999998,0.0,0.0,0.0
3.2433456757277312,-19.432339284717724,19.99999999999998,0.0,0.0,0.0
3.2351468100243332,-19.425992967593203,19.99999999999998,0.0,0.0,0.0
3.2269487319761105,-19.419646114740505,19.999999999999982,0.0,0.0,0.0
3.218751441703811,-19.4132987259371,19.999999999999975,0.0,0.0,0.0
3.2105549393281474,-19.40695080096043,19.999999999999975,0.0,0.0,0.0
3.2023592249699986,-19.40060233958807,19.99999999999998,0.0,0.0,0.0
3.1941642987501253,-19.394253341597505,19.99999999999997,0.0,0.0,0.0
3.185970160789355,-19.387903806766264,19.999999999999975,0.0,0.0,0.0
3.1777768112085334,-19.381553734871897,19.999999999999975,0.0,0.0,0.0
3.1695842501285316,-19.375203125691968,19.99999999999998,0.0,0.0,0.0
3.1613924776701916,-19.368851979004024,19.99999999999998,0.0,0.0,0.0
3.153201493954519,-19.362500294585725,19.99999999999998,0.0,0.0,0.0
3.145011299102399,-19.35614807221465,19.999999999999975,0.0,0.0,0.0
3.136821893234782,-19.34979531166842,19.99999999999998,0.0,0.0,0.0
3.1286332764726428,-19.343442012724687,19.999999999999975,0.0,0.0,0.0
3.1204454489369287,-19.33708817516105,19.99999999999998,0.0,0.0,0.0
3.1122584107487477,-19.330733798755272,19.999999999999975,0.0,0.0,0.0
3.104072162029088,-19.324378883284993,19.999999999999975,0.0,0.0,0.0
3.0958867028990067,-19.31802342852792,19.99999999999998,0.0,0.0,0.0
3.08770203347958,-19.311667434261775,19.99999999999998,0.0,0.0,0.0
3.0795181538919048,-19.305310900264267,19.99999999999998,0.0,0.0,0.0
3.0713350642570534,-19.298953826313127,19.999999999999986,0.0,0.0,0.0
3.0631527646962575,-19.292596212186183,19.99999999999998,0.0,0.0,0.0
3.054971255330629,-19.286238057661173,19.999999999999975,0.0,0.0,0.0
3.0467905362813457,-19.279879362515896,19.99999999999998,0.0,0.0,0.0
3.038610607669611,-19.27352012652814,19.99999999999998,0.0,0.0,0.0
3.030431469616597,-19.267160349475713,19.99999999999998,0.0,0.0,0.0
3.022253122243636,-19.260800031136505,19.99999999999998,0.0,0.0,0.0
3.0140755656719445,-19.254439171288336,19.99999999999998,0.0,0.0,0.0
3.005898800022802,-19.248077769709074,19.99999999999998,0.0,0.0,0.0
2.9977228254175117,-19.241715826176588,19.999999999999982,0.0,0.0,0.0
2.9895476419773486,-19.235353340468752,19.99999999999998,0.0,0.0,0.0
2.981373249823747,-19.22899031236352,19.99999999999998,0.0,0.0,0.0
2.9731996490780226,-19.222626741638805,19.999999999999986,0.0,0.0,0.0
2.9650268398615602,-19.216262628072542,19.999999999999975,0.0,0.0,0.0
2.956854822295758,-19.209897971442665,19.99999999999998,0.0,0.0,0.0
2.948683596502043,-19.203532771527154,19.99999999999998,0.0,0.0,0.0
2.940513162601808,-19.19716702810394,19.99999999999998,0.0,0.0,0.0
2.93234352071661,-19.190800740951104,19.99999999999998,0.0,0.0,0.0
2.9241746709678855,-19.184433909846607,19.99999999999998,0.0,0.0,0.0
2.916006613477137,-19.17806653456848,19.99999999999998,0.0,0.0,0.0
2.9078393483658864,-19.171698614894748,19.99999999999998,0.0,0.0,0.0
2.899672875755631,-19.165330150603438,19.99999999999998,0.0,0.0,0.0
2.891507195768025,-19.158961141472673,19.99999999999998,0.0,0.0,0.0
2.8833423085246044,-19.152591587280508,19.999999999999975,0.0,0.0,0.0
2.8751782141469704,-19.146221487805025,19.99999999999998,0.0,0.0,0.0
2.8670149127567464,-19.13985084282434,19.99999999999998,0.0,0.0,0.0
2.858852404475573,-19.13347965211657,19.99999999999998,0.0,0.0,0.0
2.8506906894250656,-19.127107915459806,19.999999999999986,0.0,0.0,0.0
2.842529767726997,-19.120735632632268,19.999999999999986,0.0,0.0,0.0
2.8343696395030227,-19.11436280341209,19.999999999999986,0.0,0.0,0.0
2.82621030487486,-19.107989427577433,19.999999999999986,0.0,0.0,0.0
2.8180517639642524,-19.101615504906498,19.999999999999986,0.0,0.0,0.0
2.8098940168929114,-19.09524103517745,19.999999999999986,0.0,0.0,0.0
2.801737063782709,-19.08886601816857,19.99999999999998,0.0,0.0,0.0
2.793580904755395,-19.082490453658043,19.999999999999982,0.0,0.0,0.0
2.7854255399327905,-19.076114341424127,19.999999999999982,0.0,0.0,0.0
2.7772709694367297,-19.069737681245066,19.999999999999986,0.0,0.0,0.0
2.7691171933890266,-19.0633604728991,19.999999999999982,0.0,0.0,0.0
2.760964211911647,-19.056982716164566,19.99999999999998,0.0,0.0,0.0
2.7528120251264405,-19.050604410819748,19.999999999999982,0.0,0.0,0.0
2.744660633155323,-19.04422555664294,19.999999999999986,0.0,0.0,0.0
2.7365100361202273,-19.03784615341246,19.99999999999998,0.0,0.0,0.0
2.728360234143107,-19.031466200906646,19.999999999999986,0.0,0.0,0.0
2.720211227345889,-19.025085698903816,19.999999999999986,0.0,0.0,0.0
2.7120630158506573,-19.018704647182396,19.999999999999982,0.0,0.0,0.0
2.703915599779377,-19.012323045520727,19.999999999999982,0.0,0.0,0.0
2.6957689792540767,-19.00594089369718,19.999999999999982,0.0,0.0,0.0
2.687623154396807,-18.999558191490173,19.999999999999982,0.0,0.0,0.0
2.6794781253295894,-18.993174938678074,19.999999999999982,0.0,0.0,0.0
2.6713338921746033,-18.986791135039383,19.99999999999998,0.0,0.0,0.0
2.663190455053909,-18.98040678035249,19.999999999999986,0.0,0.0,0.0
2.655047814089632,-18.974021874395852,19.999999999999982,0.0,0.0,0.0
2.646905969403915,-18.96763641694793,19.999999999999986,0.0,0.0,0.0
2.638764921118925,-18.961250407787208,19.999999999999986,0.0,0.0,0.0
2.6306246693567936,-18.954863846692128,19.999999999999986,0.0,0.0,0.0
2.6224852142398163,-18.94847673344126,19.999999999999986,0.0,0.0,0.0
2.614346555890166,-18.942089067813086,19.99999999999999,0.0,0.0,0.0
2.6062086944300815,-18.935700849586123,19.999999999999986,0.0,0.0,0.0
2.598071629981821,-18.929312078538917,19.99999999999999,0.0,0.0,0.0
2.589935362667613,-18.92292275444998,19.99999999999999,0.0,0.0,0.0
2.581799892609846,-18.916532877097943,19.999999999999986,0.0,0.0,0.0
2.5736652199307857,-18.910142446261343,19.999999999999986,0.0,0.0,0.0
2.5655313447527655,-18.903751461718766,19.99999999999999,0.0,0.0,0.0
2.557398267198136,-18.89735992324881,19.999999999999986,0.0,0.0,0.0
2.549265987389266,-18.89096783063009,19.99999999999999,0.0,0.0,0.0
2.541134505448499,-18.884575183641186,19.999999999999986,0.0,0.0,0.0
2.5330038214983315,-18.878181982060795,19.999999999999986,0.0,0.0,0.0
2.524873935661144,-18.871788225667544,19.999999999999993,0.0,0.0,0.0
2.51674484805938,-18.865393914240087,19.99999999999999,0.0,0.0,0.0
2.508616558815502,-18.85899904755709,19.999999999999986,0.0,0.0,0.0
2.5004890680519423,-18.852603625397208,19.999999999999986,0.0,0.0,0.0
2.492362375891293,-18.846207647539185,19.999999999999986,0.0,0.0,0.0
2.4842364824560264,-18.8398111137617,19.999999999999986,0.0,0.0,0.0
2.4761113878686767,-18.833414023843485,19.99999999999999,0.0,0.0,0.0
2.4679870922517972,-18.82701637756325,19.99999999999999,0.0,0.0,0.0
2.459863595727961,-18.82061817469974,19.99999999999999,0.0,0.0,0.0
2.451740898419712,-18.81421941503167,19.999999999999993,0.0,0.0,0.0
2.4436190004497518,-18.80782009833787,19.99999999999999,0.0,0.0,0.0
2.435497901940661,-18.801420224397095,19.999999999999986,0.0,0.0,0.0
2.4273776030150835,-18.795019792988104,19.999999999999986,0.0,0.0,0.0
2.4192581037956824,-18.788618803889715,19.999999999999986,0.0,0.0,0.0
2.4111394044050938,-18.78221725688069,19.999999999999986,0.0,0.0,0.0
2.4030215049661092,-18.77581515173992,19.999999999999993,0.0,0.0,0.0
2.394904405601399,-18.769412488246207,19.999999999999993,0.0,0.0,0.0
2.3867881064336998,-18.763009266178386,19.999999999999993,0.0,0.0,0.0
2.378672607585763,-18.75660548531532,19.99999999999999,0.0,0.0,0.0
2.3705579091803166,-18.75020114543582,19.999999999999993,0.0,0.0,0.0
2.36244401134024,-18.74379624631884,19.999999999999993,0.0,0.0,0.0
2.3543309141882944,-18.737390787743234,19.999999999999993,0.0,0.0,0.0
2.346218617847306,-18.730984769487893,19.999999999999993,0.0,0.0,0.0
2.338107122440117,-18.72457819133173,19.999999999999996,0.0,0.0,0.0
2.3299964280895886,-18.71817105305367,19.99999999999999,0.0,0.0,0.0
2.3218865349185536,-18.71176335443259,19.99999999999999,0.0,0.0,0.0
2.313777443049999,-18.705355095247505,19.99999999999999,0.0,0.0,0.0
