galstreams/tracks/track.st.TucanaIII.shipp2019.ecsv
# %ECSV 1.0
# ---
# datatype:
# - {name: ra, unit: deg, datatype: float64}
# - {name: dec, unit: deg, datatype: float64}
# - {name: distance, unit: kpc, datatype: float64}
# - {name: pm_ra_cosdec, unit: mas / yr, datatype: float64}
# - {name: pm_dec, unit: mas / yr, datatype: float64}
# - {name: radial_velocity, unit: km / s, datatype: float64}
# delimiter: ','
# meta: !!omap
# - __serialized_columns__:
#     dec:
#       __class__: astropy.coordinates.angles.Latitude
#       unit: &id001 !astropy.units.Unit {unit: deg}
#       value: !astropy.table.SerializedColumn {name: dec}
#     distance:
#       __class__: astropy.coordinates.distances.Distance
#       unit: !astropy.units.Unit {unit: kpc}
#       value: !astropy.table.SerializedColumn {name: distance}
#     pm_dec:
#       __class__: astropy.units.quantity.Quantity
#       unit: !astropy.units.Unit {unit: mas / yr}
#       value: !astropy.table.SerializedColumn {name: pm_dec}
#     pm_ra_cosdec:
#       __class__: astropy.units.quantity.Quantity
#       unit: !astropy.units.Unit {unit: mas / yr}
#       value: !astropy.table.SerializedColumn {name: pm_ra_cosdec}
#     ra:
#       __class__: astropy.coordinates.angles.Longitude
#       unit: *id001
#       value: !astropy.table.SerializedColumn {name: ra}
#       wrap_angle: !astropy.coordinates.Angle
#         unit: *id001
#         value: 360.0
#     radial_velocity:
#       __class__: astropy.units.quantity.Quantity
#       unit: !astropy.units.Unit {unit: km / s}
#       value: !astropy.table.SerializedColumn {name: radial_velocity}
# schema: astropy-2.0
ra,dec,distance,pm_ra_cosdec,pm_dec,radial_velocity
354.58456532773755,-59.757859038532985,23.373560061029103,-0.4505660514371991,-1.7861358875967692,-1.6841534259744676e-14
354.60445091912567,-59.757070242592626,23.3819037147366,-0.44806407866248776,-1.7851125789426603,0.0
354.6243356151229,-59.75628226490241,23.390247308754738,-0.44556871326980363,-1.784089764617822,0.0
354.64421941903896,-59.75549510565655,23.398590843083504,-0.44307995406752776,-1.7830674503728738,3.368306851948935e-14
354.6641023341831,-59.754708765048015,23.4069343177229,-0.4405977998609543,-1.78204564195672,1.6841534259744676e-14
354.68398436386457,-59.753923243268645,23.415277732672934,-0.43812224945226474,-1.781024345116549,1.6841534259744676e-14
354.7038655113921,-59.753138540509084,23.42362108793359,-0.43565330164055804,-1.78000356559784,0.0
354.72374578007447,-59.752354656958815,23.431964383504884,-0.43319095522182527,-1.7789833091443588,-1.6841534259744676e-14
354.7436251732198,-59.75157159280614,23.440307619386807,-0.4307352089889731,-1.7779635814981614,0.0
354.76350369413655,-59.75078934823816,23.448650795579354,-0.4282860617318025,-1.7769443883995963,1.6841534259744676e-14
354.7833813461322,-59.75000792344083,23.456993912082545,-0.42584351223703387,-1.7759257355873017,1.6841534259744676e-14
354.80325813251477,-59.74922731859894,23.46533696889636,-0.4234075592882822,-1.7749076287982135,0.0
354.82313405659124,-59.74844753389607,23.47367996602081,-0.4209782016660857,-1.7738900737675596,0.0
354.84300912166907,-59.747668569514666,23.48202290345589,-0.41855543814787516,-1.7728730762288658,3.368306851948935e-14
354.86288333105483,-59.74689042563594,23.490365781201596,-0.4161392675080104,-1.771856641913954,0.0
354.8827566880553,-59.74611310244,23.498708599257938,-0.4137296885177484,-1.7708407765529475,0.0
354.90262919597666,-59.74533660010572,23.50705135762491,-0.4113266999452664,-1.769825485874267,0.0
354.92250085812515,-59.74456091881086,23.51539405630251,-0.4089303005556512,-1.7688107756046356,-1.6841534259744676e-14
354.94237167780665,-59.74378605873195,23.523736695290747,-0.4065404891109051,-1.7677966514690788,0.0
354.96224165832643,-59.743012020044375,23.532079274589613,-0.40415726436995103,-1.7667831191909267,1.6841534259744676e-14
354.98211080299006,-59.742238802922344,23.540421794199112,-0.401780625088617,-1.7657701844918137,-1.6841534259744676e-14
355.0019791151024,-59.741466407538894,23.54876425411924,-0.3994105700196602,-1.76475785309168,0.0
355.0218465979684,-59.74069483406587,23.557106654350005,-0.3970470979127454,-1.7637461307087747,1.6841534259744676e-14
355.04171325489244,-59.73992408267396,23.565448994891394,-0.394690207514466,-1.7627350230596557,3.368306851948935e-14
355.06157908917896,-59.73915415353269,23.57379127574342,-0.39233989756832344,-1.76172453585919,3.368306851948935e-14
355.08144410413166,-59.738385046810386,23.582133496906078,-0.3899961668147545,-1.760714674820556,1.6841534259744676e-14
355.1013083030546,-59.73761676267423,23.59047565837936,-0.3876590139911025,-1.759705445655247,1.6841534259744676e-14
355.12117168925096,-59.73684930129021,23.598817760163275,-0.38532843783164883,-1.7586968540730659,0.0
355.1410342660242,-59.736082662823144,23.607159802257822,-0.383004437067582,-1.7576889057821352,1.6841534259744676e-14
355.16089603667683,-59.7353168474367,23.615501784663003,-0.38068701042703074,-1.7566816064888906,0.0
355.18075700451203,-59.73455185529335,23.623843707378814,-0.37837615663503354,-1.755674961898087,0.0
355.20061717283176,-59.73378768655439,23.632185570405255,-0.3760718744135696,-1.754668977712798,-5.0524602779234026e-14
355.22047654493844,-59.73302434138,23.640527373742334,-0.37377416248153217,-1.7536636596344162,5.0524602779234026e-14
355.2403351241336,-59.73226181992909,23.648869117390035,-0.3714830195547547,-1.7526590133626567,1.6841534259744676e-14
355.26019291371915,-59.73150012235949,23.65721080134837,-0.3691984443459857,-1.7516550445955579,1.6841534259744676e-14
355.28004991699623,-59.73073924882779,23.66555242561734,-0.36692043556491427,-1.7506517590294812,-1.6841534259744676e-14
355.29990613726574,-59.72997919948947,23.673893990196937,-0.36464899191815736,-1.7496491623591104,0.0
355.3197615778287,-59.729219974498804,23.682235495087166,-0.3623841121092578,-1.7486472602774612,-1.6841534259744676e-14
355.33961624198525,-59.72846157400891,23.690576940288025,-0.360125794838699,-1.7476460584758722,1.6841534259744676e-14
355.359470133036,-59.727703998171705,23.698918325799518,-0.35787403880388596,-1.7466455626440134,0.0
355.37932325428045,-59.72694724713798,23.707259651621644,-0.3556288426991715,-1.745645778469883,3.368306851948935e-14
355.39917560901864,-59.726191321057314,23.715600917754394,-0.35339020521582803,-1.7446467116398143,0.0
355.4190272005496,-59.72543622007817,23.723942124197787,-0.351158125042078,-1.7436483678384667,5.0524602779234026e-14
355.4388780321726,-59.724681944347765,23.732283270951804,-0.3489326008630671,-1.7426507527488406,0.0
355.4587281071864,-59.72392849401221,23.740624358016447,-0.34671363136088806,-1.7416538720522667,1.6841534259744676e-14
355.47857742888965,-59.72317586921645,23.748965385391735,-0.3445012152145628,-1.7406577314284128,3.368306851948935e-14
355.49842600058037,-59.722424070104175,23.757306353077638,-0.3422953511000606,-1.7396623365552868,-1.6841534259744676e-14
355.51827382555666,-59.721673096818016,23.765647261074182,-0.34009603769028207,-1.7386676931092317,-1.6841534259744676e-14
355.5381209071161,-59.72092294949938,23.773988109381357,-0.3379032736550768,-1.7376738067649327,1.6841534259744676e-14
355.5579672485563,-59.7201736282885,23.782328897999157,-0.33571705766122345,-1.7366806831954165,1.6841534259744676e-14
355.57781285317407,-59.71942513332444,23.790669626927595,-0.33353738837245667,-1.73568832807205,1.6841534259744676e-14
355.5976577242664,-59.71867746474513,23.799010296166664,-0.33136426444944106,-1.7346967470645474,3.368306851948935e-14
355.6175018651299,-59.717930622687284,23.807350905716365,-0.3291976845497926,-1.7337059458409656,1.6841534259744676e-14
355.6373452790605,-59.717184607286484,23.815691455576697,-0.3270376473280726,-1.732715930067707,-1.6841534259744676e-14
355.65718796935454,-59.71643941867714,23.824031945747663,-0.3248841514357764,-1.7317267054095244,-1.6841534259744676e-14
355.67702993930743,-59.71569505699247,23.83237237622925,-0.3227371955213584,-1.7307382775295164,1.6841534259744676e-14
355.6968711922147,-59.714951522364544,23.840712747021474,-0.3205967782302111,-1.729750652089133,0.0
355.7167117313713,-59.71420881492425,23.849053058124326,-0.31846289820467905,-1.7287638347481749,0.0
355.7365515600721,-59.713466934801346,23.857393309537812,-0.3163355540840481,-1.7277778311647958,3.368306851948935e-14
355.7563906816116,-59.712725882124374,23.86573350126194,-0.31421474450456166,-1.7267926469955006,5.0524602779234026e-14
355.77622909928397,-59.71198565702072,23.874073633296685,-0.3121004680994065,-1.7258082878951537,1.6841534259744676e-14
355.79606681638313,-59.71124625961662,23.882413705642062,-0.30999272349872353,-1.7248247595169717,-3.368306851948935e-14
355.8159038362027,-59.71050769003716,23.890753718298075,-0.3078915093295997,-1.72384206751253,3.368306851948935e-14
355.835740162036,-59.7097699484062,23.899093671264716,-0.305796824216081,-1.7228602175317618,0.0
355.8555757971762,-59.709033034846485,23.90743356454199,-0.3037086667791562,-1.7218792152229616,1.6841534259744676e-14
355.87541074491577,-59.70829694947957,23.9157733981299,-0.30162703563677895,-1.7208990662327825,0.0
355.8952450085473,-59.70756169242586,23.924113172028438,-0.29955192940384595,-1.7199197762062437,1.6841534259744676e-14
355.91507859136277,-59.70682726380457,23.932452886237602,-0.2974833466922181,-1.7189413507867237,-3.368306851948935e-14
355.93491149665425,-59.70609366373378,23.9407925407574,-0.2954212861107026,-1.7179637956159688,1.6841534259744676e-14
355.95474372771315,-59.705360892330376,23.949132135587828,-0.2933657462650682,-1.716987116334089,3.368306851948935e-14
355.97457528783053,-59.7046289497101,23.957471670728893,-0.2913167257580448,-1.716011318579562,1.6841534259744676e-14
355.9944061802975,-59.70389783598749,23.965811146180585,-0.28927422318930884,-1.7150364079892362,1.6841534259744676e-14
356.0142364084046,-59.70316755127598,23.974150561942913,-0.2872382371555049,-1.7140623901983258,1.6841534259744676e-14
356.0340659754422,-59.70243809568779,23.982489918015872,-0.28520876625022823,-1.7130892708404186,1.6841534259744676e-14
356.0538948847003,-59.701709469333984,23.990829214399458,-0.2831858090640419,-1.7121170555474743,-1.6841534259744676e-14
356.0737231394686,-59.70098167232449,23.999168451093677,-0.28116936418446253,-1.711145749949825,1.6841534259744676e-14
356.09355074303636,-59.70025470476802,24.007507628098523,-0.279159430195976,-1.7101753596761768,-1.6841534259744676e-14
356.11337769869294,-59.69952856677218,24.015846745414006,-0.27715600568001747,-1.709205890353614,1.6841534259744676e-14
356.13320400972685,-59.69880325844335,24.024185803040115,-0.27515908921499804,-1.7082373476075943,1.6841534259744676e-14
356.15302967942677,-59.6980787798868,24.032524800976866,-0.27316867937627964,-1.7072697370619565,0.0
356.1728547110807,-59.697355131206606,24.04086373922424,-0.2711847747362001,-1.7063030643389174,0.0
356.1926791079765,-59.6966323125057,24.049202617782246,-0.2692073738640506,-1.7053373350590755,5.0524602779234026e-14
356.21250287340183,-59.69591032388579,24.057541436650883,-0.2672364753260953,-1.7043725548414097,-1.6841534259744676e-14
356.2323260106439,-59.69518916544753,24.065880195830147,-0.2652720776855585,-1.7034087293032822,0.0
356.25214852298944,-59.694468837290316,24.074218895320048,-0.2633141795026376,-1.7024458640604407,1.6841534259744676e-14
356.2719704137253,-59.69374933951241,24.08255753512058,-0.2613627793344871,-1.701483964727018,1.6841534259744676e-14
356.2917916861376,-59.69303067221092,24.090896115231747,-0.25941787573523756,-1.700523036915532,-1.6841534259744676e-14
356.31161234351225,-59.69231283548178,24.09923463565354,-0.2574794672559897,-1.6995630862368893,0.0
356.3314323891351,-59.69159582941977,24.107573096385963,-0.2555475524448025,-1.6986041183003888,1.6841534259744676e-14
356.35125182629133,-59.690879654118504,24.115911497429018,-0.2536221298467149,-1.6976461387137138,-1.6841534259744676e-14
356.371070658266,-59.69016430967042,24.12424983878271,-0.2517031980037303,-1.696689153082943,3.368306851948935e-14
356.39088888834374,-59.689449796166826,24.132588120447025,-0.24979075545482707,-1.6957331670125488,-1.6841534259744676e-14
356.41070651980914,-59.68873611369782,24.140926342421977,-0.2478848007359473,-1.6947781861053937,0.0
356.43052355594597,-59.6880232623524,24.149264504707556,-0.2459853323800188,-1.6938242159627377,1.6841534259744676e-14
356.4503400000382,-59.68731124221833,24.157602607303772,-0.24409234891692666,-1.6928712621842386,0.0
356.47015585536906,-59.68660005338227,24.16594065021062,-0.24220584887354218,-1.691919330367949,1.6841534259744676e-14
356.48997112522176,-59.68588969592968,24.17427863342809,-0.2403258307737013,-1.690968426110322,-1.6841534259744676e-14
356.509785812879,-59.6851801699449,24.182616556956205,-0.23845229313822122,-1.690018555006209,1.6841534259744676e-14
356.5295999216233,-59.68447147551107,24.190954420794938,-0.2365852344848881,-1.6890697226488653,0.0
356.5494134547366,-59.68376361271018,24.19929222494431,-0.23472465332847195,-1.688121934629946,3.368306851948935e-14
356.56922641550096,-59.68305658162306,24.207629969404305,-0.23287054818070946,-1.6871751965395112,0.0
356.58903880719765,-59.68235038232938,24.21596765417494,-0.2310229175503203,-1.6862295139660264,-1.6841534259744676e-14
356.60885063310775,-59.68164501490767,24.2243052792562,-0.2291817599430051,-1.68528489249636,1.6841534259744676e-14
356.6286618965123,-59.68094047943525,24.2326428446481,-0.22734707386143133,-1.6843413377157908,0.0
356.6484726006915,-59.68023677598833,24.240980350350622,-0.225518857805258,-1.6833988552080053,0.0
356.6682827489257,-59.679533904641936,24.249317796363783,-0.22369711027111178,-1.6824574505550993,1.6841534259744676e-14
356.6880923444946,-59.67883186546993,24.25765518268757,-0.22188182975260928,-1.6815171293375784,5.0524602779234026e-14
356.7079013906777,-59.678130658545,24.265992509321986,-0.2200730147403387,-1.6805778971343621,1.6841534259744676e-14
356.7277098907542,-59.67743028393872,24.274329776267045,-0.21827066372187665,-1.6796397595227812,-1.6841534259744676e-14
356.74751784800293,-59.676730741721485,24.28266698352272,-0.21647477518177516,-1.678702722078583,1.6841534259744676e-14
356.76732526570225,-59.6760320319625,24.29100413108903,-0.2146853476015737,-1.677766790375928,1.6841534259744676e-14
356.7871321471305,-59.67533415472984,24.299341218965978,-0.21290237945978777,-1.6768319699873953,0.0
356.80693849556525,-59.674637110090416,24.307678247153557,-0.21112586923192495,-1.6758982664839799,-1.6841534259744676e-14
356.8267443142842,-59.673940898109976,24.316015215651763,-0.2093558153904646,-1.6749656854350998,0.0
356.8465496065643,-59.67324551885313,24.324352124460603,-0.20759221640488598,-1.6740342324085886,0.0
356.8663543756826,-59.672550972383284,24.33268897358007,-0.2058350707416356,-1.6731039129707048,1.6841534259744676e-14
356.8861586249152,-59.671857258762735,24.34102576301018,-0.20408437686416098,-1.672174732686128,0.0
356.90596235753856,-59.67116437805257,24.34936249275091,-0.20234013323288189,-1.671246697117963,3.368306851948935e-14
356.9257655768283,-59.670472330312755,24.357699162802273,-0.20060233830521512,-1.6703198118277383,-1.6841534259744676e-14
356.94556828605977,-59.669781115602106,24.366035773164267,-0.1988709905355619,-1.6693940823754083,1.6841534259744676e-14
356.9653704885083,-59.66909073397825,24.374372323836894,-0.1971460883753024,-1.668469514319357,1.6841534259744676e-14
356.98517218744837,-59.668401185497665,24.38270881482015,-0.19542763027281887,-1.6675461132163956,1.6841534259744676e-14
357.0049733861547,-59.667712470215676,24.391045246114043,-0.1937156146734672,-1.6666238846217647,-1.6841534259744676e-14
357.02477408790105,-59.66702458818646,24.39938161771856,-0.19201004001960495,-1.6657028340891369,-1.6841534259744676e-14
357.04457429596135,-59.666337539463,24.40771792963371,-0.19031090475056925,-1.664782967170617,-5.0524602779234026e-14
357.0643740136088,-59.6656513240972,24.416054181859494,-0.1886182073026949,-1.6638642894167417,1.6841534259744676e-14
357.08417324411664,-59.66496594213967,24.424390374395905,-0.18693194610929967,-1.6629468063764843,-5.0524602779234026e-14
357.1039719907573,-59.66428139364004,24.432726507242954,-0.18525211960070026,-1.6620305235972517,-3.368306851948935e-14
357.1237702568034,-59.66359767864663,24.441062580400633,-0.18357872620419408,-1.6611154466248887,1.6841534259744676e-14
357.1435680455266,-59.66291479720667,24.449398593868935,-0.18191176434408404,-1.6602015810036799,-5.0524602779234026e-14
357.1633653601988,-59.662232749366254,24.45773454764788,-0.18025123244165078,-1.6592889322763449,0.0
357.1831622040911,-59.66155153517026,24.466070441737447,-0.17859712891517976,-1.6583775059840475,3.368306851948935e-14
357.2029585804746,-59.660871154662445,24.474406276137646,-0.17694945217994063,-1.6574673076663928,-3.368306851948935e-14
357.2227544926196,-59.66019160788543,24.482742050848472,-0.17530820064820707,-1.6565583428614263,1.6841534259744676e-14
357.24254994379663,-59.659512894880635,24.491077765869946,-0.17367337272923278,-1.6556506171056378,-1.6841534259744676e-14
357.26234493727543,-59.65883501568835,24.49941342120204,-0.17204496682927647,-1.654744135933964,-3.368306851948935e-14
357.2821394763254,-59.65815797034771,24.507749016844766,-0.17042298135159317,-1.6538389048797866,1.6841534259744676e-14
357.3019335642159,-59.65748175889667,24.516084552798134,-0.16880741469642455,-1.6529349294749358,-1.6841534259744676e-14
357.32172720421545,-59.65680638137208,24.524420029062114,-0.16719826526101828,-1.6520322152496891,0.0
357.3415203995929,-59.656131837809575,24.53275544563673,-0.16559553143960584,-1.6511307677327736,0.0
