galstreams/tracks/track.st.Gaia-7.ibata2021.ecsv
# %ECSV 0.9
# ---
# datatype:
# - {name: ra, unit: deg, datatype: float64}
# - {name: dec, unit: deg, datatype: float64}
# - {name: distance, unit: kpc, datatype: float64}
# - {name: pm_ra_cosdec, unit: mas / yr, datatype: float64}
# - {name: pm_dec, unit: mas / yr, datatype: float64}
# - {name: radial_velocity, unit: km / s, datatype: float64}
# delimiter: ','
# meta: !!omap
# - __serialized_columns__:
#     dec:
#       __class__: astropy.coordinates.angles.Latitude
#       unit: &id001 !astropy.units.Unit {unit: deg}
#       value: !astropy.table.SerializedColumn {name: dec}
#     distance:
#       __class__: astropy.coordinates.distances.Distance
#       unit: !astropy.units.Unit {unit: kpc}
#       value: !astropy.table.SerializedColumn {name: distance}
#     pm_dec:
#       __class__: astropy.units.quantity.Quantity
#       unit: !astropy.units.Unit {unit: mas / yr}
#       value: !astropy.table.SerializedColumn {name: pm_dec}
#     pm_ra_cosdec:
#       __class__: astropy.units.quantity.Quantity
#       unit: !astropy.units.Unit {unit: mas / yr}
#       value: !astropy.table.SerializedColumn {name: pm_ra_cosdec}
#     ra:
#       __class__: astropy.coordinates.angles.Longitude
#       unit: *id001
#       value: !astropy.table.SerializedColumn {name: ra}
#       wrap_angle: !astropy.coordinates.Angle
#         unit: *id001
#         value: 360.0
#     radial_velocity:
#       __class__: astropy.units.quantity.Quantity
#       unit: !astropy.units.Unit {unit: km / s}
#       value: !astropy.table.SerializedColumn {name: radial_velocity}
# schema: astropy-2.0
ra,dec,distance,pm_ra_cosdec,pm_dec,radial_velocity
[from data line 950]
180.89156671030992,-15.958132098226208,4.898562131046619,-10.146897533012611,-0.15918566231352307,1.0341754631374465e-13
180.8979872709825,-15.966009978449453,4.899101435661424,-10.147598239065784,-0.15843943400163507,3.9209196948468075e-14
180.90440876321128,-15.973887352318645,4.8996405408486865,-10.148298922606424,-0.15769648492806396,1.842042809659574e-14
180.91083118848834,-15.98176421880573,4.900179444781099,-10.148999579005354,-0.15695682360802068,1.0289124836812763e-13
180.9172545483059,-15.989640576882445,4.900718145631352,-10.149700203632033,-0.15622045855632183,4.710366613272339e-14
180.92367884415623,-15.997516425520324,4.901256641572135,-10.150400791854537,-0.155487398287372,9.815456685757444e-14
180.93010407753178,-16.005391763690678,4.90179493077614,-10.151101339039574,-0.15475765131517255,1.1118044101159571e-13
180.93653024992523,-16.013266590364594,4.902333011416062,-10.151801840552444,-0.15403122615332734,1.0907524922912763e-13
180.94295736282925,-16.02114090451296,4.9028708816645885,-10.152502291757111,-0.15330813131502313,2.5788599335234036e-14
180.94938541773672,-16.029014705106434,4.903408539694412,-10.153202688016114,-0.15258837531304725,8.328664989389359e-14
180.95581441614067,-16.036887991115474,4.903945983678228,-10.153903024690623,-0.1518719666597751,1.0999627063395741e-13
180.96224435953425,-16.04476076151032,4.9044832117887225,-10.15460329714043,-0.1511589138671815,1.059174615554255e-13
180.96867524941078,-16.052633015260984,4.905020222198587,-10.155303500723926,-0.15044922544681666,7.881311735614892e-14
180.9751070872636,-16.060504751337277,4.905557013080516,-10.156003630798113,-0.1497429099098308,1.1552239906293613e-13
180.9815398745864,-16.068375968708775,4.906093582607201,-10.156703682718595,-0.1490399757669618,2.947268495455318e-14
180.98797361287276,-16.076246666344858,4.906629928951332,-10.15740365183959,-0.1483404315285275,7.986571324738296e-14
180.99440830361664,-16.084116843214684,4.907166050285603,-10.158103533513918,-0.14764428570443885,7.210281854953189e-14
181.00084394831194,-16.091986498287188,4.9077019447826995,-10.158803323093,-0.14695154680418784,4.802468753755318e-14
181.0072805484528,-16.09985563053108,4.90823761061532,-10.159503015926843,-0.14626222333685174,1.18022314304617e-13
181.01371810553348,-16.107724238914884,4.908773045956152,-10.16020260736407,-0.1455763238110954,1.0170707799048934e-13
181.02015662104841,-16.11559232240687,4.909308248977887,-10.160902092751893,-0.14489385673515726,7.091864817189359e-14
181.02659609649209,-16.12345987997511,4.909843217853218,-10.161601467436107,-0.1442148306168617,6.605039217493615e-14
181.0330365333592,-16.131326910587454,4.910377950754836,-10.162300726761107,-0.14353925396361178,4.131438873093616e-14
181.03947793314458,-16.139193413211526,4.910912445855433,-10.162999866069876,-0.14286713528239417,2.368340755276595e-14
181.04592029734312,-16.147059386814757,4.9114467013277,-10.16369888070399,-0.1421984830797654,4.657736818710637e-14
181.05236362744998,-16.15492483036432,4.911980715344328,-10.164397766003601,-0.14153330586186844,3.5788260301957434e-14
181.05880792496032,-16.162789742827208,4.912514486078008,-10.165096517307445,-0.14087161213441451,1.1144358998440422e-13
181.06525319136958,-16.17065412317016,4.9130480117014335,-10.165795129952851,-0.140213410402695,6.933975433504253e-14
181.0716994281732,-16.178517970359714,4.913581290387295,-10.166493599275713,-0.13955870917157337,4.9603581374404244e-14
181.07814663686688,-16.186381283362195,4.9141143203082835,-10.167191920610504,-0.13890751694548467,2.3814982039170207e-14
181.08459481894633,-16.194244061143692,4.914647099637088,-10.167890089290292,-0.13825984222844068,1.0749635539227656e-13
181.09104397590755,-16.202106302670078,4.915179626546408,-10.16858810064668,-0.13761569352401978,6.407677487887232e-14
181.09749410924653,-16.209968006907015,4.915711899208926,-10.169285950009884,-0.1369750793353706,1.0802265333789359e-13
181.1039452204595,-16.217829172819926,4.916243915797339,-10.16998363270866,-0.13633800816521738,9.302316188780848e-14
181.11039731104282,-16.225689799374035,4.9167756744843345,-10.17068114407035,-0.13570448851584377,1.1289090933485104e-13
181.11685038249294,-16.233549885534313,4.91730717344261,-10.171378479420845,-0.13507452888910382,1.0039133312644677e-13
181.12330443630648,-16.241409430265556,4.91783841084485,-10.172075634084612,-0.13444813778641956,6.460307282448935e-14
181.12975947398016,-16.249268432532297,4.91836938486375,-10.172772603384677,-0.13382532370877484,1.0973312166114891e-13
181.1362154970109,-16.257126891298856,4.918900093672002,-10.173469382642617,-0.13320609515672127,2.4999152416808504e-14
181.14267250689574,-16.26498480552934,4.919430535442295,-10.174165967178583,-0.1325904606303694,2.539387587602127e-14
181.14913050513178,-16.272842174187637,4.919960708347322,-10.174862352311258,-0.13197842862939285,7.315541444076594e-14
181.15558949321638,-16.280698996237398,4.920490610559774,-10.175558533357902,-0.13137000765302873,8.276035194827658e-14
181.162049472647,-16.288555270642053,4.921020240252343,-10.176254505634315,-0.13076520620007237,8.486554373074466e-14
181.1685104449212,-16.29641099636482,4.921549595597721,-10.176950264454835,-0.1301640327688772,1.021018014497021e-13
181.1749724115367,-16.30426617236868,4.922078674768597,-10.177645805132373,-0.12956649585735505,6.420834936527658e-14
181.18143537399135,-16.3121207976164,4.922607475937665,-10.17834112297837,-0.12897260396297613,4.4209027431829774e-14
181.18789933378315,-16.319974871070517,4.9231359972776145,-10.179036213302808,-0.1283823655827614,8.618128859478721e-14
181.19436429241026,-16.327828391693345,4.92366423696114,-10.17973107141421,-0.12779578921329388,4.434060191823403e-14
181.20083025137092,-16.33568135844698,4.924192193160929,-10.180425692619654,-0.12721288335070358,7.012920125346806e-14
181.20729721216355,-16.34353377029328,4.924719864049676,-10.181120072224731,-0.12663365649067726,8.59181396219787e-14
181.21376517628673,-16.351385626193885,4.925247247800073,-10.181814205533584,-0.12605811712845527,1.218379744103404e-13
181.22023414523912,-16.359236925110217,4.925774342584807,-10.182508087848886,-0.1254862737588211,1.1749601635899996e-13
181.22670412051957,-16.367087666003453,4.9263011465765745,-10.183201714471837,-0.12491813487611596,6.49977962837021e-14
181.23317510362705,-16.374937847834552,4.926827657948066,-10.183895080702165,-0.1243537089742229,1.9078300528617017e-14
181.23964709606065,-16.382787469564274,4.927353874871971,-10.184588181838137,-0.12379300454657714,5.1445624184063814e-14
181.2461200993196,-16.39063653015311,4.927879795520982,-10.185281013176526,-0.12323603008615314,8.157618157063828e-14
181.25259411490327,-16.398485028561353,4.928405418067792,-10.185973570012642,-0.12268279408548692,9.3286310860617e-14
181.25906914431127,-16.406332963749048,4.928930740685088,-10.186665847640317,-0.12213330503663827,9.09179701053404e-14
181.26554518904317,-16.414180334676033,4.929455761545566,-10.187357841351886,-0.12158757143122562,4.105123975812765e-14
181.2720222505988,-16.422027140301907,4.929980478821916,-10.188049546438217,-0.12104560176040102,3.8946047975659563e-14
181.2785003304781,-16.42987337958605,4.930504890686829,-10.188740958188687,-0.12050740451486253,4.7498389591936156e-14
181.28497943018112,-16.437719051487598,4.931028995312996,-10.189432071891176,-0.11997298818484484,4.591949575508509e-14
181.2914595512081,-16.445564154965478,4.931552790873111,-10.190122882832096,-0.11944236126012409,6.802400947099998e-14
181.29794069505937,-16.453408688978367,4.932076275539864,-10.190813386296343,-0.11891553223001458,9.999660966723402e-14
181.30442286323546,-16.461252652484742,4.932599447485946,-10.191503577567335,-0.11839250958336235,5.552443326259573e-14
181.31090605723693,-16.46909604444282,4.93312230488405,-10.192193451926991,-0.11787330180855857,1.0578588706902125e-13
181.31739027856463,-16.47693886381061,4.933644845906866,-10.192883004655727,-0.11735791739352247,6.512937077010637e-14
181.3238755287194,-16.484781109545892,4.934167068727084,-10.193572231032475,-0.11684636482570777,8.94706507548936e-14
181.33036180920232,-16.4926227806062,4.934688971517398,-10.194261126334638,-0.1163386525921026,8.039201119299998e-14
181.33684912151455,-16.50046387594885,4.935210552450501,-10.19494968583813,-0.11583478917922449,5.35508159665319e-14
181.3433374671574,-16.508304394530917,4.93573180969908,-10.195637904817374,-0.11533478307312289,2.4867577930404248e-14
181.34982684763233,-16.516144335309267,4.936252741435829,-10.196325778545255,-0.11483864275937747,1.0460171669138295e-13
181.356317264441,-16.523983697240514,4.93677334583344,-10.197013302293168,-0.1143463767230968,8.131303259782976e-14
181.36280871908508,-16.53182247928105,4.937293621064603,-10.197700471330988,-0.11385799344891126,5.302451802091488e-14
181.36930121306642,-16.539660680387037,4.937813565302011,-10.198387280927074,-0.11337350142098396,9.841771583038295e-14
181.3757947478871,-16.547498299514398,4.938333176718355,-10.19907372634827,-0.11289290912300104,1.082858023107021e-13
181.38228932504927,-16.555335335618825,4.9388524534863265,-10.199759802859907,-0.11241622503817111,2.947268495455318e-14
181.38878494605515,-16.563171787655797,4.939371393778616,-10.200445505725787,-0.1119434576492262,5.815592299068084e-14
181.3952816124072,-16.571007654580526,4.939889995767915,-10.201130830208193,-0.11147461543842166,1.1644342046776594e-13
181.40177932560798,-16.578842935348028,4.940408257626917,-10.201815771567878,-0.11100970688753362,1.0223337593610635e-13
181.40827808716023,-16.586677628913055,4.940926177528313,-10.202500325064078,-0.11054874047785603,9.578622610229784e-14
181.41477789856674,-16.594511734230153,4.941443753644792,-10.20318448595449,-0.11009172469020233,9.683882199353189e-14
181.4212787613305,-16.60234525025361,4.941960984149048,-10.20386824949528,-0.10963866800490407,1.0157550350408507e-13
181.42778067695468,-16.610178175937506,4.942477867213771,-10.204551610941088,-0.10918957890180865,4.828783651036169e-14
181.43428364694248,-16.61801051023566,4.942994401011654,-10.205234565545009,-0.10874446586027875,2.8814812522531906e-14
181.44078767279728,-16.625842252101673,4.943510583715389,-10.205917108558603,-0.10830333735919107,8.065516016580848e-14
181.44729275602265,-16.633673400488913,4.944026413497665,-10.206599235231893,-0.10786620187693495,8.565499064917019e-14
181.45379889812224,-16.641503954350508,4.944541888531173,-10.207280940813366,-0.10743306789141455,5.776119953146807e-14
181.46030610059987,-16.649333912639346,4.945057006988606,-10.207962220549943,-0.1070039438800412,4.8550985483170197e-14
181.46681436495948,-16.65716327430809,4.94557176704266,-10.208643069687014,-0.10657883831973812,8.657601205399997e-14
181.47332369270512,-16.664992038309162,4.946086166866017,-10.209323483468431,-0.10615775968693682,8.85496293500638e-14
181.47983408534108,-16.67282020359476,4.946600204631375,-10.210003457136475,-0.105740716457578,7.61816276280638e-14
181.4863455443717,-16.68064776911682,4.947113878511425,-10.210682985931875,-0.10532771710710352,3.026213187297872e-14
181.4928580713014,-16.68847473382706,4.947627186678858,-10.211362065093823,-0.1049187701104686,7.657635108727657e-14
181.4993716676349,-16.696301096676972,4.948140127306364,-10.212040689859936,-0.10451388394212327,1.0183865247689359e-13
181.50588633487698,-16.70412685661779,4.948652698566636,-10.212718855466285,-0.10411306707603046,6.841873293021275e-14
181.51240207453247,-16.711952012600513,4.9491648986323655,-10.213396557147359,-0.10371632798564666,7.052392471268083e-14
181.5189188881065,-16.719776563575913,4.949676725676243,-10.214073790136112,-0.10332367514393472,6.394520039246807e-14
181.52543677710418,-16.72760050849453,4.9501881778709595,-10.214750549663913,-0.10293511702335476,1.1420665419889358e-13
181.53195574303092,-16.735423846306645,4.9506992533892085,-10.215426830960562,-0.10255066209586997,5.2761369048106366e-14
181.53847578739214,-16.743246575962313,4.9512099504036815,-10.216102629254296,-0.10217031883293283,4.1972261162957433e-14
181.54499691169343,-16.75106869641136,4.951720267087068,-10.216777939771783,-0.10179409570549888,8.328664989389359e-14
181.55151911744053,-16.758890206603358,4.95223020161206,-10.217452757738107,-0.10142200118401559,2.934111046814893e-14
181.55804240613932,-16.766711105487637,4.95273975215135,-10.218127078376776,-0.10105404373842501,8.144460708423403e-14
181.56456677929583,-16.77453139201332,4.9532489168776275,-10.218800896909734,-0.10069023183816785,4.381430397261701e-14
181.57109223841618,-16.782351065129244,4.953757693963587,-10.219474208557319,-0.10033057395216448,1.1196988793002124e-13
181.5776187850067,-16.790170123784037,4.954266081581919,-10.220147008538305,-0.09997507854883679,7.578690416885104e-14
181.58414642057377,-16.797988566926083,4.954774077905315,-10.220819292069876,-0.09962375409609579,1.0460171669138295e-13
181.59067514662397,-16.80580639350353,4.955281681106462,-10.221491054367633,-0.0992766090613333,8.236562848906381e-14
181.59720496466403,-16.813623602464258,4.955788889358058,-10.222162290645565,-0.09893365191143741,4.894570894238297e-14
181.60373587620074,-16.82144019275595,4.956295700832792,-10.2228329961161,-0.09859489111277205,6.762928601178721e-14
181.6102678827411,-16.829256163326,4.956802113703356,-10.22350316599005,-0.09826033513119901,6.394520039246807e-14
181.61680098579222,-16.83707151312161,4.957308126142439,-10.224172795476639,-0.09792999243204917,8.486554373074466e-14
181.6233351868614,-16.844886241089704,4.957813736322735,-10.224841879783494,-0.09760387148015262,3.210417468263829e-14
181.62987048745592,-16.85270034617697,4.958318942416936,-10.225510414116632,-0.0972819807398044,2.8288514576914886e-14
181.6364068890834,-16.860513827329875,4.95882374259773,-10.22617839368048,-0.09696432867479231,5.960324234112764e-14
181.64294439325144,-16.868326683494615,4.959328135037813,-10.226845813677846,-0.09665092374837826,2.2104513715914887e-14
181.64948300146787,-16.87613891361717,4.959832117909874,-10.227512669309938,-0.09634177442330101,9.23652894557872e-14
181.65602271524065,-16.883950516643253,4.9603356893866035,-10.228178955776361,-0.09603688916178545,4.4472176404638286e-14
181.66256353607784,-16.89176149151836,4.960838847640694,-10.228844668275096,-0.0957362764255176,1.6841534259744676e-14
181.6691054654876,-16.899571837187715,4.96134159084484,-10.22950980200251,-0.09543994467566537,8.631286308119147e-14
181.67564850497837,-16.907381552596316,4.961843917171728,-10.230174352153368,-0.09514790237287671,4.881413445597871e-14
181.68219265605856,-16.915190636688916,4.962345824794052,-10.230838313920799,-0.09486015797725975,5.4866560830574455e-14
181.6887379202368,-16.922999088410023,4.962847311884503,-10.23150168249632,-0.0945767199484011,1.1236461138923401e-13
181.6952842990219,-16.9308069067039,4.963348376615773,-10.232164453069823,-0.09429759674535641,1.1460137765810635e-13
181.7018317939227,-16.938614090514566,4.963849017160554,-10.232826620829577,-0.0940227968266511,5.118247521125531e-14
181.70838040644827,-16.94642063878578,4.9643492316915365,-10.233488180962222,-0.0937523286502717,1.1196988793002124e-13
181.7149301381078,-16.95422655046109,4.964849018381411,-10.234149128652769,-0.09348620067368231,4.1972261162957433e-14
181.72148099041056,-16.96203182448376,4.96534837540287,-10.234809459084591,-0.09322442135380134,2.4867577930404248e-14
181.72803296486597,-16.969836459796838,4.9658473009286075,-10.235469167439435,-0.09296699914701607,7.289226546795742e-14
181.73458606298368,-16.977640455343114,4.9663457931313095,-10.236128248897412,-0.09271394250917875,2.4341279984787228e-14
181.74114028627332,-16.985443810065117,4.966843850183673,-10.236786698636982,-0.09246525989559796,8.381294783951061e-14
181.74769563624483,-16.993246522905167,4.967341470258385,-10.237444511834976,-0.09222095976104851,8.328664989389359e-14
