galstreams/tracks/track.po.20.0-1.mateu2018.ecsv
# %ECSV 0.9
# ---
# datatype:
# - {name: ra, unit: deg, datatype: float64}
# - {name: dec, unit: deg, datatype: float64}
# - {name: distance, unit: kpc, datatype: float64}
# - {name: pm_ra_cosdec, unit: mas / yr, datatype: float64}
# - {name: pm_dec, unit: mas / yr, datatype: float64}
# - {name: radial_velocity, unit: km / s, datatype: float64}
# delimiter: ','
# meta: !!omap
# - __serialized_columns__:
#     dec:
#       __class__: astropy.coordinates.angles.Latitude
#       unit: &id001 !astropy.units.Unit {unit: deg}
#       value: !astropy.table.SerializedColumn {name: dec}
#     distance:
#       __class__: astropy.coordinates.distances.Distance
#       unit: !astropy.units.Unit {unit: kpc}
#       value: !astropy.table.SerializedColumn {name: distance}
#     pm_dec:
#       __class__: astropy.units.quantity.Quantity
#       unit: !astropy.units.Unit {unit: mas / yr}
#       value: !astropy.table.SerializedColumn {name: pm_dec}
#     pm_ra_cosdec:
#       __class__: astropy.units.quantity.Quantity
#       unit: !astropy.units.Unit {unit: mas / yr}
#       value: !astropy.table.SerializedColumn {name: pm_ra_cosdec}
#     ra:
#       __class__: astropy.coordinates.angles.Longitude
#       unit: *id001
#       value: !astropy.table.SerializedColumn {name: ra}
#       wrap_angle: !astropy.coordinates.Angle
#         unit: *id001
#         value: 360.0
#     radial_velocity:
#       __class__: astropy.units.quantity.Quantity
#       unit: !astropy.units.Unit {unit: km / s}
#       value: !astropy.table.SerializedColumn {name: radial_velocity}
# schema: astropy-2.0
ra,dec,distance,pm_ra_cosdec,pm_dec,radial_velocity
[from data line 1174]
292.39629694066764,-34.27323349381572,27.245541481473605,0.0,0.0,0.0
292.4056295185183,-34.26685922940691,27.245016761289822,0.0,0.0,0.0
292.4149604677874,-34.260484051493286,27.24449174722349,0.0,0.0,0.0
292.4242897888463,-34.25410796039588,27.243966439302284,0.0,0.0,0.0
292.43361748206615,-34.247730956435724,27.24344083755391,0.0,0.0,0.0
292.4429435478186,-34.241353039933664,27.24291494200607,0.0,0.0,0.0
292.452267986475,-34.23497421121049,27.24238875268649,0.0,0.0,0.0
292.46159079840714,-34.22859447058685,27.24186226962291,0.0,0.0,0.0
292.4709119839866,-34.2222138183833,27.241335492843085,0.0,0.0,0.0
292.48023154358503,-34.2158322549203,27.240808422374773,0.0,0.0,0.0
292.48954947757426,-34.2094497805182,27.240281058245756,0.0,0.0,0.0
292.49886578632623,-34.20306639549724,27.239753400483846,0.0,0.0,0.0
292.50818047021284,-34.19668210017754,27.239225449116837,0.0,0.0,0.0
292.5174935296061,-34.19029689487913,27.238697204172567,0.0,0.0,0.0
292.52680496487795,-34.18391077992199,27.23816866567887,0.0,0.0,0.0
292.5361147764007,-34.177523755625906,27.2376398336636,0.0,0.0,0.0
292.5454229645464,-34.17113582231061,27.237110708154614,0.0,0.0,0.0
292.55472952968745,-34.1647469802957,27.236581289179814,0.0,0.0,0.0
292.56403447219606,-34.15835722990069,27.23605157676709,0.0,0.0,0.0
292.5733377924448,-34.15196657144497,27.235521570944346,0.0,0.0,0.0
292.582639490806,-34.14557500524787,27.234991271739524,0.0,0.0,0.0
292.5919395676523,-34.13918253162855,27.23446067918055,0.0,0.0,0.0
292.60123802335625,-34.13278915090607,27.23392979329538,0.0,0.0,0.0
292.61053485829046,-34.1263948633995,27.23339861411199,0.0,0.0,0.0
292.61983007282777,-34.119999669427656,27.23286714165836,0.0,0.0,0.0
292.62912366734093,-34.11360356930933,27.232335375962492,0.0,0.0,0.0
292.6384156422028,-34.10720656336319,27.2318033170524,0.0,0.0,0.0
292.6477059977864,-34.1008086519078,27.231270964956103,0.0,0.0,0.0
292.6569947344646,-34.094409835261594,27.230738319701643,0.0,0.0,0.0
292.66628185261055,-34.088010113742946,27.230205381317077,0.0,0.0,0.0
292.6755673525974,-34.08160948767009,27.22967214983049,0.0,0.0,0.0
292.68485123479826,-34.075207957361194,27.229138625269936,0.0,0.0,0.0
292.6941334995865,-34.06880552313424,27.228604807663544,0.0,0.0,0.0
292.7034141473353,-34.062402185307235,27.228070697039414,0.0,0.0,0.0
292.71269317841814,-34.05599794419796,27.227536293425672,0.0,0.0,0.0
292.7219705932085,-34.04959280012417,27.22700159685047,0.0,0.0,0.0
292.7312463920798,-34.04318675340345,27.226466607341955,0.0,0.0,0.0
292.7405205754057,-34.036779804353344,27.225931324928297,0.0,0.0,0.0
292.74979314355977,-34.03037195329123,27.225395749637684,0.0,0.0,0.0
292.7590640969158,-34.02396320053443,27.224859881498322,0.0,0.0,0.0
292.76833343584747,-34.01755354640015,27.22432372053842,0.0,0.0,0.0
292.7776011607288,-34.011142991205425,27.223787266786204,0.0,0.0,0.0
292.7868672719335,-34.00473153526734,27.223250520269925,0.0,0.0,0.0
292.7961317698355,-33.998319178902726,27.222713481017827,0.0,0.0,0.0
292.80539465480894,-33.99190592242836,27.2221761490582,0.0,0.0,0.0
292.8146559272278,-33.98549176616094,27.22163852441931,0.0,0.0,0.0
292.8239155874664,-33.979076710417026,27.22110060712948,0.0,0.0,0.0
292.8331736358988,-33.97266075551307,27.220562397217,0.0,0.0,0.0
292.84243007289933,-33.966243901765445,27.220023894710216,0.0,0.0,0.0
292.8516848988423,-33.959826149490404,27.219485099637467,0.0,0.0,0.0
292.860938114102,-33.953407499004115,27.218946012027107,0.0,0.0,0.0
292.8701897190531,-33.94698795062254,27.218406631907513,0.0,0.0,0.0
292.8794397140699,-33.94056750466174,27.217866959307077,0.0,0.0,0.0
292.88868809952714,-33.93414616143751,27.21732699425419,0.0,0.0,0.0
292.89793487579936,-33.92772392126556,27.216786736777273,0.0,0.0,0.0
292.9071800432613,-33.92130078446153,27.21624618690475,0.0,0.0,0.0
292.9164236022877,-33.914876751340955,27.215705344665075,0.0,0.0,0.0
292.92566555325334,-33.908451822219234,27.215164210086698,0.0,0.0,0.0
292.9349058965332,-33.902025997411684,27.214622783198088,0.0,0.0,0.0
292.9441446325021,-33.89559927723352,27.214081064027745,0.0,0.0,0.0
292.9533817615352,-33.88917166199981,27.213539052604162,0.0,0.0,0.0
292.96261728400737,-33.88274315202562,27.212996748955867,0.0,0.0,0.0
292.97185120029377,-33.876313747625815,27.212454153111374,0.0,0.0,0.0
292.9810835107696,-33.86988344911519,27.21191126509923,0.0,0.0,0.0
292.9903142158102,-33.863452256808415,27.211368084948006,0.0,0.0,0.0
292.9995433157907,-33.85702017102008,27.21082461268626,0.0,0.0,0.0
293.00877081108655,-33.850587192064665,27.210280848342588,0.0,0.0,0.0
293.0179967020731,-33.84415332025654,27.2097367919456,0.0,0.0,0.0
293.0272209891259,-33.83771855590996,27.20919244352389,0.0,0.0,0.0
293.03644367262035,-33.831282899339115,27.208647803106107,0.0,0.0,0.0
293.04566475293217,-33.824846350858,27.2081028707209,0.0,0.0,0.0
293.0548842304369,-33.818408910780654,27.20755764639691,0.0,0.0,0.0
293.0641021055103,-33.81197057942089,27.20701213016282,0.0,0.0,0.0
293.07331837852814,-33.805531357092455,27.206466322047323,0.0,0.0,0.0
293.08253304986613,-33.799091244108986,27.205920222079115,0.0,0.0,0.0
293.0917461199003,-33.79265024078402,27.205373830286916,0.0,0.0,0.0
293.1009575890064,-33.78620834743098,27.204827146699454,0.0,0.0,0.0
293.1101674575605,-33.77976556436321,27.204280171345477,0.0,0.0,0.0
293.11937572593877,-33.773321891893914,27.20373290425374,0.0,0.0,0.0
293.128582394517,-33.76687733033622,27.203185345453022,0.0,0.0,0.0
293.13778746367177,-33.760431880003104,27.202637494972105,0.0,0.0,0.0
293.1469909337789,-33.75398554120756,27.202089352839803,0.0,0.0,0.0
293.1561928052148,-33.74753831426234,27.20154091908492,0.0,0.0,0.0
293.16539307835586,-33.74109019948015,27.200992193736294,0.0,0.0,0.0
293.17459175357834,-33.73464119717358,27.20044317682278,0.0,0.0,0.0
293.18378883125877,-33.72819130765514,27.19989386837322,0.0,0.0,0.0
293.19298431177356,-33.721740531237195,27.199344268416496,0.0,0.0,0.0
293.2021781954993,-33.71528886823204,27.198794376981503,0.0,0.0,0.0
293.21137048281264,-33.708836318951846,27.198244194097132,0.0,0.0,0.0
293.2205611740901,-33.7023828837087,27.197693719792305,0.0,0.0,0.0
293.2297502697086,-33.69592856281453,27.197142954095956,0.0,0.0,0.0
293.23893777004463,-33.689473356581274,27.196591897037028,0.0,0.0,0.0
293.2481236754752,-33.68301726532066,27.19604054864448,0.0,0.0,0.0
293.25730798637704,-33.67656028934432,27.195488908947286,0.0,0.0,0.0
293.26649070312715,-33.67010242896385,27.19493697797445,0.0,0.0,0.0
293.2756718261026,-33.66364368449067,27.194384755754946,0.0,0.0,0.0
293.28485135568025,-33.65718405623614,27.19383224231781,0.0,0.0,0.0
293.2940292922373,-33.650723544511486,27.193279437692077,0.0,0.0,0.0
293.30320563615084,-33.64426214962786,27.192726341906784,0.0,0.0,0.0
293.31238038779816,-33.63779987189624,27.19217295499099,0.0,0.0,0.0
293.32155354755633,-33.63133671162763,27.19161927697378,0.0,0.0,0.0
293.33072511580275,-33.62487266913283,27.191065307884227,0.0,0.0,0.0
293.33989509291473,-33.618407744722546,27.19051104775145,0.0,0.0,0.0
293.3490634792697,-33.6119419387074,27.189956496604548,0.0,0.0,0.0
293.35823027524503,-33.605475251397905,27.189401654472675,0.0,0.0,0.0
293.3673954812184,-33.59900768310445,27.188846521384956,0.0,0.0,0.0
293.3765590975672,-33.59253923413736,27.18829109737056,0.0,0.0,0.0
293.38572112466915,-33.58606990480683,27.18773538245867,0.0,0.0,0.0
293.3948815629019,-33.57959969542295,27.187179376678458,0.0,0.0,0.0
293.40404041264316,-33.573128606295676,27.18662308005913,0.0,0.0,0.0
293.4131976742705,-33.56665663773496,27.186066492629923,0.0,0.0,0.0
293.422353348162,-33.56018379005056,27.18550961442005,0.0,0.0,0.0
293.4315074346954,-33.55371006355213,27.184952445458755,0.0,0.0,0.0
293.44065993424863,-33.54723545854928,27.184394985775306,0.0,0.0,0.0
293.44981084719967,-33.540759975351456,27.183837235398975,0.0,0.0,0.0
293.45896017392647,-33.534283614268034,27.183279194359045,0.0,0.0,0.0
293.46810791480715,-33.52780637560826,27.182720862684832,0.0,0.0,0.0
293.4772540702199,-33.52132825968131,27.18216224040564,0.0,0.0,0.0
293.48639864054275,-33.514849266796205,27.181603327550803,0.0,0.0,0.0
293.49554162615397,-33.50836939726196,27.181044124149672,0.0,0.0,0.0
293.5046830274319,-33.501888651387375,27.1804846302316,0.0,0.0,0.0
293.5138228447547,-33.49540702948121,27.17992484582597,0.0,0.0,0.0
293.5229610785009,-33.4889245318521,27.179364770962152,0.0,0.0,0.0
293.5320977290487,-33.48244115880857,27.178804405669567,0.0,0.0,0.0
293.54123279677685,-33.47595691065906,27.178243749977632,0.0,0.0,0.0
293.5503662820636,-33.46947178771188,27.17768280391577,0.0,0.0,0.0
293.5594981852876,-33.46298579027528,27.17712156751343,0.0,0.0,0.0
293.5686285068275,-33.45649891865737,27.176560040800066,0.0,0.0,0.0
293.57775724706204,-33.45001117316611,27.175998223805152,0.0,0.0,0.0
293.5868844063697,-33.44352255410951,27.175436116558185,0.0,0.0,0.0
293.59600998512934,-33.43703306179533,27.174873719088666,0.0,0.0,0.0
293.6051339837198,-33.43054269653127,27.1743110314261,0.0,0.0,0.0
293.61425640251986,-33.42405145862493,27.17374805360003,0.0,0.0,0.0
293.62337724190843,-33.41755934838382,27.173184785639993,0.0,0.0,0.0
293.6324965022644,-33.41106636611531,27.172621227575554,0.0,0.0,0.0
293.6416141839669,-33.40457251212671,27.17205737943628,0.0,0.0,0.0
293.6507302873949,-33.3980777867252,27.171493241251763,0.0,0.0,0.0
293.6598448129274,-33.39158219021782,27.170928813051606,0.0,0.0,0.0
293.66895776094367,-33.38508572291162,27.17036409486542,0.0,0.0,0.0
293.6780691318228,-33.37858838511343,27.169799086722843,0.0,0.0,0.0
293.68717892594395,-33.37209017713003,27.169233788653518,0.0,0.0,0.0
293.69628714368645,-33.3655910992681,27.168668200687094,0.0,0.0,0.0
293.70539378542964,-33.35909115183419,27.16810232285325,0.0,0.0,0.0
293.7144988515529,-33.35259033513475,27.167536155181676,0.0,0.0,0.0
293.7236023424356,-33.34608864947614,27.166969697702072,0.0,0.0,0.0
293.7327042584571,-33.33958609516462,27.166402950444148,0.0,0.0,0.0
293.74180459999707,-33.333082672506336,27.165835913437647,0.0,0.0,0.0
293.75090336743494,-33.326578381807295,27.165268586712298,0.0,0.0,0.0
293.7600005611503,-33.320073223373505,27.164700970297872,0.0,0.0,0.0
293.76909618152285,-33.31356719751078,27.16413306422413,0.0,0.0,0.0
293.7781902289321,-33.307060304524846,27.163564868520865,0.0,0.0,0.0
293.78728270375797,-33.300552544721334,27.162996383217884,0.0,0.0,0.0
293.7963736063801,-33.29404391840576,27.162427608344984,0.0,0.0,0.0
293.80546293717833,-33.28753442588358,27.161858543932006,0.0,0.0,0.0
293.81455069653254,-33.28102406746009,27.161289190008794,0.0,0.0,0.0
293.8236368848225,-33.274512843440505,27.160719546605208,0.0,0.0,0.0
293.83272150242846,-33.26800075412989,27.160149613751116,0.0,0.0,0.0
293.84180454973,-33.26148779983336,27.1595793914764,0.0,0.0,0.0
293.85088602710744,-33.25497398085577,27.15900887981097,0.0,0.0,0.0
293.85996593494065,-33.24845929750192,27.158438078784727,0.0,0.0,0.0
293.8690442736099,-33.24194375007651,27.15786698842761,0.0,0.0,0.0
293.8781210434953,-33.23542733888413,27.157295608769562,0.0,0.0,0.0
293.887196244977,-33.22891006422928,27.156723939840536,0.0,0.0,0.0
293.8962698784353,-33.22239192641635,27.1561519816705,0.0,0.0,0.0
293.90534194425044,-33.21587292574963,27.155579734289446,0.0,0.0,0.0
293.9144124428028,-33.209353062533296,27.155007197727368,0.0,0.0,0.0
293.9234813744727,-33.20283233707138,27.15443437201429,0.0,0.0,0.0
293.9325487396406,-33.19631074966796,27.153861257180225,0.0,0.0,0.0
293.9416145386869,-33.18978830062684,27.15328785325522,0.0,0.0,0.0
293.9506787719921,-33.18326499025181,27.152714160269344,0.0,0.0,0.0
293.9597414399367,-33.176740818846525,27.152140178252647,0.0,0.0,0.0
293.9688025429013,-33.17021578671455,27.15156590723523,0.0,0.0,0.0
293.9778620812666,-33.16368989415935,27.150991347247178,0.0,0.0,0.0
293.98692005541324,-33.15716314148428,27.15041649831862,0.0,0.0,0.0
293.99597646572175,-33.150635528992595,27.149841360479662,0.0,0.0,0.0
294.0050313125731,-33.144107056987444,27.149265933760464,0.0,0.0,0.0
294.01408459634797,-33.137577725771806,27.148690218191177,0.0,0.0,0.0
294.0231363174271,-33.13104753564876,27.148114213801957,0.0,0.0,0.0
294.0321864761915,-33.12451648692105,27.147537920623005,0.0,0.0,0.0
294.04123507302194,-33.11798457989145,27.146961338684523,0.0,0.0,0.0
294.0502821082994,-33.11145181486258,27.1463844680167,0.0,0.0,0.0
294.059327582405,-33.10491819213698,27.14580730864978,0.0,0.0,0.0
294.06837149571953,-33.09838371201706,27.145229860613988,0.0,0.0,0.0
294.0774138486242,-33.09184837480517,27.144652123939593,0.0,0.0,0.0
294.08645464150004,-33.085312180803506,27.144074098656862,0.0,0.0,0.0
294.0954938747283,-33.0787751303142,27.143495784796063,0.0,0.0,0.0
294.10453154869003,-33.072237223639235,27.142917182387517,0.0,0.0,0.0
294.11356766376656,-33.06569846108059,27.142338291461513,0.0,0.0,0.0
294.122602220339,-33.059158842940036,27.14175911204839,0.0,0.0,0.0
294.13163521878874,-33.05261836951929,27.141179644178482,0.0,0.0,0.0
294.14066665949707,-33.046077041119936,27.140599887882143,0.0,0.0,0.0
294.14969654284545,-33.039534858043496,27.140019843189737,0.0,0.0,0.0
294.1587248692152,-33.032991820591356,27.13943951013165,0.0,0.0,0.0
294.16775163898774,-33.02644792906481,27.138858888738273,0.0,0.0,0.0
294.17677685254466,-33.01990318376507,27.138277979040026,0.0,0.0,0.0
294.1858005102675,-33.01335758499315,27.137696781067323,0.0,0.0,0.0
294.1948226125377,-33.00681113305015,27.137115294850602,0.0,0.0,0.0
294.20384315973683,-33.000263828236875,27.136533520420322,0.0,0.0,0.0
294.21286215224666,-32.99371567085415,27.135951457806947,0.0,0.0,0.0
294.2218795904488,-32.98716666120261,27.135369107040958,0.0,0.0,0.0
294.230895474725,-32.98061679958286,27.134786468152843,0.0,0.0,0.0
294.2399098054569,-32.974066086295366,27.134203541173118,0.0,0.0,0.0
294.24892258302634,-32.96751452164049,27.133620326132306,0.0,0.0,0.0
294.2579338078152,-32.9609621059185,27.133036823060944,0.0,0.0,0.0
294.26694348020527,-32.95440883942956,27.132453031989574,0.0,0.0,0.0
294.2759516005784,-32.947854722473686,27.13186895294877,0.0,0.0,0.0
294.28495816931667,-32.94129975535094,27.131284585969112,0.0,0.0,0.0
294.2939631868019,-32.9347439383611,27.130699931081185,0.0,0.0,0.0
294.30296665341604,-32.92818727180393,27.130114988315615,0.0,0.0,0.0
294.31196856954125,-32.9216297559791,27.129529757702997,0.0,0.0,0.0
294.32096893555956,-32.915071391186146,27.128944239273988,0.0,0.0,0.0
294.3299677518531,-32.90851217772451,27.12835843305923,0.0,0.0,0.0
294.3389650188039,-32.90195211589353,27.127772339089386,0.0,0.0,0.0
294.3479607367943,-32.895391205992446,27.12718595739513,0.0,0.0,0.0
294.35695490620645,-32.888829448320365,27.126599288007167,0.0,0.0,0.0
294.3659475274225,-32.882266843176396,27.126012330956193,0.0,0.0,0.0
294.3749386008248,-32.87570339085942,27.125425086272934,0.0,0.0,0.0
294.3839281267957,-32.86913909166828,27.124837553988115,0.0,0.0,0.0
294.39291610571746,-32.8625739459017,27.124249734132494,0.0,0.0,0.0
294.4019025379725,-32.856007953858295,27.12366162673683,0.0,0.0,0.0
294.4108874239432,-32.8494411158366,27.123073231831896,0.0,0.0,0.0
294.41987076401216,-32.84287343213501,27.122484549448494,0.0,0.0,0.0
294.42885255856163,-32.836304903051875,27.12189557961742,0.0,0.0,0.0
294.4378328079743,-32.82973552888539,27.121306322369485,0.0,0.0,0.0
294.44681151263273,-32.823165309933614,27.120716777735534,0.0,0.0,0.0
294.4557886729193,-32.81659424649465,27.12012694574641,0.0,0.0,0.0
294.4647642892169,-32.81002233886637,27.119536826432984,0.0,0.0,0.0
294.4737383619079,-32.80344958734658,27.118946419826116,0.0,0.0,0.0
294.4827108913752,-32.79687599223296,27.118355725956707,0.0,0.0,0.0
294.4916818780014,-32.79030155382313,27.117764744855645,0.0,0.0,0.0
294.50065132216923,-32.783726272414576,27.117173476553866,0.0,0.0,0.0
294.50961922426154,-32.7771501483047,27.116581921082282,0.0,0.0,0.0
294.51858558466114,-32.77057318179079,27.115990078471857,0.0,0.0,0.0
294.52755040375087,-32.76399537316999,27.11539794875354,0.0,0.0,0.0
