galstreams/tracks/track.st.Svol.ibata2021.ecsv
# %ECSV 1.0
# ---
# datatype:
# - {name: ra, unit: deg, datatype: float64}
# - {name: dec, unit: deg, datatype: float64}
# - {name: distance, unit: kpc, datatype: float64}
# - {name: pm_ra_cosdec, unit: mas / yr, datatype: float64}
# - {name: pm_dec, unit: mas / yr, datatype: float64}
# - {name: radial_velocity, unit: km / s, datatype: float64}
# delimiter: ','
# meta: !!omap
# - __serialized_columns__:
#     dec:
#       __class__: astropy.coordinates.angles.Latitude
#       unit: &id001 !astropy.units.Unit {unit: deg}
#       value: !astropy.table.SerializedColumn {name: dec}
#     distance:
#       __class__: astropy.coordinates.distances.Distance
#       unit: !astropy.units.Unit {unit: kpc}
#       value: !astropy.table.SerializedColumn {name: distance}
#     pm_dec:
#       __class__: astropy.units.quantity.Quantity
#       unit: !astropy.units.Unit {unit: mas / yr}
#       value: !astropy.table.SerializedColumn {name: pm_dec}
#     pm_ra_cosdec:
#       __class__: astropy.units.quantity.Quantity
#       unit: !astropy.units.Unit {unit: mas / yr}
#       value: !astropy.table.SerializedColumn {name: pm_ra_cosdec}
#     ra:
#       __class__: astropy.coordinates.angles.Longitude
#       unit: *id001
#       value: !astropy.table.SerializedColumn {name: ra}
#       wrap_angle: !astropy.coordinates.Angle
#         unit: *id001
#         value: 360.0
#     radial_velocity:
#       __class__: astropy.units.quantity.Quantity
#       unit: !astropy.units.Unit {unit: km / s}
#       value: !astropy.table.SerializedColumn {name: radial_velocity}
# schema: astropy-2.0
ra,dec,distance,pm_ra_cosdec,pm_dec,radial_velocity
[from data line 3295]
256.2514669537234,21.830488013578783,6.298366648132795,4.648040607290078,-7.8171816672482395,43.587648155994586
256.26195978827985,21.828048766919427,6.298112047130009,4.6488846969739805,-7.818064275489529,43.467448899587545
256.27245342157096,21.825611315208604,6.297857745572545,4.649728113978851,-7.81894564852845,43.34683471691636
256.28294785491613,21.823175660270138,6.29760374343529,4.650570858003401,-7.81982578524516,43.225805285964675
256.2934430896348,21.820741803927643,6.297350040693133,4.651412928746548,-7.82070468451976,43.10436028471536
256.30393912704716,21.818309748004534,6.2970966373209585,4.652254325907414,-7.821582345232294,42.98249939115171
256.31443596847333,21.81587949432402,6.296843533293654,4.653095049185343,-7.822458766262734,42.860222283256945
256.3249336152342,21.813451044709133,6.2965907285861045,4.653935098279865,-7.823333946491012,42.737528639014506
256.33543206865073,21.811024400982706,6.296338223173194,4.654774472890734,-7.824207884796979,42.61441813640743
256.34593133004415,21.808599564967345,6.296086017029812,4.655613172717906,-7.8250805800604395,42.49089045341908
256.35643140073637,21.806176538485495,6.295834110130846,4.656451197461543,-7.825952031161126,42.36694526803252
256.36693228204933,21.80375532335938,6.295582502451179,4.657288546822018,-7.82682223697872,42.24258225823119
256.37743397530545,21.80133592141104,6.295331193965696,4.658125220499912,-7.8276911963928475,42.117801101998204
256.38793648182764,21.798918334462318,6.295080184649287,4.658961218196002,-7.828558908283059,41.99260147731691
256.39843980293887,21.79650256433484,6.2948294744768365,4.659796539611289,-7.829425371528856,41.86698306217033
256.4089439399626,21.794088612850068,6.294579063423231,4.66063118444697,-7.830290585009677,41.74094553454191
256.4194488942227,21.79167648182924,6.294328951463356,4.6614651524044515,-7.831154547604903,41.61448857241487
256.42995466704326,21.78926617309341,6.2940791385720996,4.662298443185351,-7.832017258193851,41.4876118537724
256.4404612597488,21.786857688463417,6.293829624724345,4.663131056491492,-7.832878715655782,41.3603150565977
256.45096867366425,21.784451029759943,6.293580409894979,4.663962992024896,-7.8337389188699,41.23259785887414
256.4614769101147,21.782046198803425,6.29333149405889,4.664794249487802,-7.834597866715332,41.10445993858486
256.4719859704257,21.77964319741413,6.293082877190964,4.665624828582658,-7.835455558071171,40.97590097371296
256.48249585592316,21.777242027412125,6.292834559266084,4.666454729012112,-7.836311991816435,40.84692064224189
256.49300656793326,21.774842690617298,6.29258654025914,4.667283950479016,-7.837167166830083,40.71751862215481
256.50351810778267,21.772445188849286,6.292338820145017,4.668112492686441,-7.838021081991016,40.58769459143513
256.51403047679827,21.770049523927582,6.2920913988986,4.668940355337652,-7.838873736178079,40.45744822806586
256.5245436763073,21.767655697671472,6.291844276494775,4.669767538136129,-7.839725128270056,40.32677921003033
256.5350577076374,21.76526371190003,6.291597452908429,4.670594040785561,-7.840575257145668,40.1956872153116
256.5455725721165,21.762873568432138,6.291350928114449,4.6714198629898345,-7.841424121683582,40.06417192189315
256.55608827107307,21.76048526908648,6.291104702087721,4.672245004453045,-7.842271720762401,39.93223300775833
256.5666048058355,21.75809881568157,6.290858774803132,4.6730694648795055,-7.843118053260672,39.79987015088996
256.5771221777329,21.755714210035684,6.290613146235563,4.673893243973728,-7.843963118056881,39.66708302927163
256.58764038809477,21.753331453966926,6.290367816359907,4.674716341440421,-7.8448069140294585,39.533871320886384
256.5981594382506,21.75095054929319,6.290122785151049,4.675538756984518,-7.845649440056767,39.40023470371755
256.6086793295305,21.7485714978322,6.2898780525838704,4.676360490311147,-7.846490695017128,39.2661728557484
256.6192000632648,21.746194301401456,6.289633618633262,4.677181541125649,-7.847330677788782,39.13168545496209
256.62972164078445,21.743818961818274,6.289389483274108,4.678001909133565,-7.848169387249927,38.996772179341974
256.6402440634202,21.74144548089977,6.289145646481296,4.6788215940406515,-7.849006822278691,38.8614327068711
256.6507673325036,21.739073860462867,6.288902108229709,4.679640595552868,-7.849842981753156,38.72566671553279
256.6612914493665,21.736704102324275,6.288658868494239,4.680458913376369,-7.850677864551333,38.58947388331032
256.67181641534086,21.73433620830054,6.288415927249767,4.681276547217532,-7.851511469551177,38.452853888186915
256.6823422317593,21.731970180207995,6.2881732844711795,4.682093496782932,-7.852343795630596,38.31580640814593
256.6928688999544,21.729606019862757,6.287930940133365,4.682909761779357,-7.853174841667419,38.17833112117046
256.7033964212595,21.727243729080786,6.28768889421121,4.683725341913789,-7.8540046065394336,38.04042770524373
256.713924797008,21.724883309677818,6.287447146679599,4.684540236893432,-7.854833089124365,37.902095838349055
256.7244540285338,21.722524763469398,6.287205697513421,4.685354446425679,-7.8556602882998705,37.7633351984696
256.7349841171709,21.72016809227088,6.286964546687557,4.686167970218151,-7.856486202943566,37.624145463588576
256.74551506425394,21.717813297897422,6.286723694176896,4.686980807978657,-7.857310831932994,37.484526311689315
256.7560468711178,21.715460382163982,6.286483139956326,4.687792959415209,-7.858134174145643,37.3444774207551
256.7665795390977,21.713109346885325,6.286242884000733,4.688604424236046,-7.85895622845895,37.20399846876901
256.7771130695291,21.710760193876013,6.286002926284999,4.689415202149593,-7.8597769937502875,37.06308913371452
256.78764746374793,21.70841292495043,6.285763266784013,4.690225292864495,-7.8605964688969685,36.92174909357464
256.79818272309046,21.706067541922746,6.285523905472662,4.691034696089598,-7.861414652776251,36.77997802633254
256.80871884889325,21.703724046606936,6.28528484232583,4.691843411533943,-7.862231544265339,36.637775609971854
256.81925584249325,21.701382440816793,6.285046077318408,4.692651438906795,-7.8630471422413635,36.49514152247539
256.8297937052277,21.699042726365903,6.2848076104252755,4.693458777917615,-7.863861445581422,36.35207544182675
256.84033243843425,21.696704905067662,6.284569441621325,4.694265428276072,-7.864674453162535,36.20857704600898
256.8508720434508,21.69436897873526,6.284331570881437,4.695071389692044,-7.865486163861665,36.064646013005174
256.8614125216157,21.692034949181718,6.2840939981805,4.695876661875603,-7.866296576555731,35.92028202079874
256.8719538742676,21.689702818219825,6.283856723493403,4.696681244537041,-7.867105690121582,35.775484747373
256.8824961027454,21.687372587662193,6.283619746795028,4.697485137386849,-7.867913503436013,35.630253870711115
256.8930392083885,21.685044259321252,6.283383068060264,4.698288340135727,-7.868720015375763,35.48458906879623
256.9035831925366,21.682717835009207,6.283146687263994,4.699090852494573,-7.869525224817512,35.338490019611704
256.9141280565297,21.680393316538087,6.282910604381109,4.699892674174494,-7.8703291306378835,35.191956401140935
256.924673801708,21.678070705719723,6.282674819386491,4.700693804886817,-7.87113173171344,35.0449878913665
256.9352204294125,21.675750004365756,6.282439332255029,4.70149424434305,-7.871933026920692,34.89758416827237
256.945767940984,21.67343121428762,6.282204142961606,4.702293992254918,-7.872733015136092,34.74974490984161
256.956316337764,21.671114337296554,6.281969251481113,4.703093048334359,-7.873531695236029,34.60146979405728
256.9668656210942,21.668799375203612,6.281734657788432,4.703891412293508,-7.8743290660968395,34.45275849890269
256.9774157923166,21.66648632981964,6.28150036185845,4.7046890838447055,-7.8751251265948055,34.3036107023611
256.9879668527737,21.66417520295531,6.281266363666056,4.705486062700496,-7.8759198756061455,34.15402608241569
256.9985188038083,21.661865996421067,6.2810326631861315,4.7062823485736365,-7.876713312007035,34.00400431704964
257.0090716467634,21.659558712027206,6.280799260393565,4.707077941177083,-7.877505434673572,33.85354508424648
257.01962538298244,21.657253351583762,6.280566155263245,4.707872840223999,-7.8782962424818095,33.70264806198923
257.0301800138093,21.65494991690064,6.280333347770053,4.708667045427755,-7.8790857343077425,33.55131292826118
257.040735540588,21.652648409787524,6.280100837888879,4.709460556501922,-7.879873909027308,33.39953936104556
257.05129196466305,21.650348832053883,6.2798686255946095,4.7102533731602785,-7.880660765516385,33.24732703832548
257.0618492873793,21.648051185509022,6.279636710862128,4.711045495116809,-7.881446302650804,33.09467563808445
257.0724075100818,21.645755471962044,6.2794050936663215,4.711836922085704,-7.882230519306326,32.941584838305495
257.0829666341161,21.64346169322184,6.279173773982077,4.71262765378136,-7.883013414358663,32.78805431697186
257.093526660828,21.64116985109713,6.278942751784281,4.713417689918373,-7.883794986683468,32.63408375206683
257.1040875915637,21.63887994739642,6.278712027047817,4.714207030211551,-7.884575235156343,32.47967282157374
257.11464942766975,21.63659198392804,6.2784815997475745,4.714995674375895,-7.885354158652829,32.324821203475736
257.12521217049306,21.634305962500093,6.27825146985844,4.715783622126622,-7.886131756048404,32.16952857575602
257.13577582138066,21.63202188492053,6.278021637355295,4.716570873179158,-7.886908026218505,32.01379461639792
257.1463403816801,21.62973975299708,6.27779210221303,4.717357427249121,-7.8876829680384954,31.857619003384528
257.15690585273944,21.62745956853727,6.27756286440653,4.718143284052347,-7.888456580383699,31.70100141469939
257.1674722359067,21.625181333348465,6.277333923910682,4.718928443304861,-7.889228862129371,31.543941528325323
257.17803953253053,21.622905049237808,6.277105280700369,4.7197129047229085,-7.889999812150715,31.386439022245877
257.1886077439599,21.620630718012254,6.27687693475048,4.7204966680229274,-7.890769429322883,31.228493574444148
257.19917687154395,21.61835834147856,6.276648886035904,4.721279732921564,-7.891537712520959,31.070104862903396
257.20974691663235,21.61608792144331,6.276421134531522,4.722062099135676,-7.892304660619983,30.91127256560697
257.2203178805749,21.613819459712868,6.276193680212222,4.722843766382324,-7.893070272494935,30.751996360537984
257.23088976472206,21.61155295809341,6.275966523052891,4.723624734378758,-7.893834547020742,30.59227592567985
257.2414625704242,21.609288418390936,6.275739663028413,4.72440500284246,-7.8945974830722605,30.43211093901546
257.25203629903245,21.607025842411215,6.27551310011368,4.725184571491088,-7.895359079524311,30.271501078528413
257.262610951898,21.604765231959863,6.27528683428357,4.7259634400425234,-7.896119335251649,30.11044602220164
257.2731865303725,21.60250658884227,6.275060865512974,4.726741608214846,-7.896878249128978,29.94894544801862
257.2837630358079,21.60024991486365,6.274835193776776,4.727519075726339,-7.897635820030937,29.7869990339625
257.29434046955663,21.597995211829012,6.274609819049867,4.728295842295491,-7.898392046832116,29.62460645801667
257.30491883297117,21.59574248154318,6.274384741307127,4.7290719076409955,-7.899146928407053,29.461767398164117
257.3154981274046,21.593491725810782,6.274159960523448,4.7298472714817485,-7.899900463630224,29.298481532388283
257.3260783542102,21.591242946436243,6.27393547667371,4.73062193353686,-7.9006526513760535,29.134748538672152
257.33665951474165,21.588996145223813,6.273711289732803,4.731395893525628,-7.901403490518909,28.970568094999095
257.347241610353,21.586751323977516,6.2734873996756155,4.732169151167563,-7.902152979933099,28.805939879352668
257.35782464239855,21.58450848450123,6.273263806477027,4.732941706182383,-7.902901118492887,28.640863569715577
257.36840861223294,21.582267628598586,6.2730405101119295,4.733713558290007,-7.90364790507247,28.47533884407142
257.3789935212113,21.580028758073063,6.272817510555206,4.734484707210552,-7.904393338546001,28.309365380403314
257.3895793706889,21.577791874727914,6.272594807781745,4.7352551526643545,-7.905137417787565,28.14294285669428
257.4001661620216,21.57555698036623,6.272372401766432,4.736024894371935,-7.9058801416712035,27.97607095092812
257.4107538965652,21.57332407679089,6.2721502924841515,4.73679393205404,-7.906621509070894,27.808749341087495
257.4213425756763,21.571093165804566,6.271928479909792,4.737562265431595,-7.9073615188605695,27.640977705156104
257.4319322007115,21.568864249209767,6.271706964018239,4.738329894225755,-7.908100169914093,27.47275572111684
257.44252277302786,21.56663732880879,6.271485744784377,4.739096818157862,-7.908837461105293,27.3040830669531
257.4531142939829,21.564412406403736,6.271264822183095,4.73986303694947,-7.909573391307921,27.134959420648098
257.4637067649342,21.562189483796526,6.271044196189276,4.7406285503223256,-7.910307959395695,26.965384460184957
257.4743001872399,21.559968562788878,6.270823866777811,4.741393357998396,-7.911041164242257,26.795357863547185
257.4848945622585,21.557749645182323,6.270603833923579,4.742157459699841,-7.911773004721217,26.62487930871777
257.4954898913486,21.55553273277818,6.2703840976014735,4.742920855149028,-7.9125034797061105,26.453948473680008
257.50608617586937,21.553317827377597,6.270164657786378,4.743683544068522,-7.913232588070427,26.28256503641728
257.5166834171803,21.551104930781523,6.269945514453175,4.744445526181101,-7.913960328687611,26.110728674912686
257.527281616641,21.548894044790703,6.269726667576756,4.745206801209742,-7.91468670043103,25.938439067149314
257.53788077561177,21.546685171205706,6.269508117132006,4.745967368877624,-7.915411702174015,25.765695891110784
257.54848089545294,21.544478311826893,6.269289863093809,4.746727228908129,-7.916135332789843,25.592498824780158
257.55908197752535,21.542273468454432,6.2690719054370545,4.747486381024853,-7.916857591151727,25.418847546140597
257.56968402319006,21.54007064288832,6.2688542441366275,4.748244824951579,-7.917578476132828,25.244741733175395
257.58028703380853,21.537869836928326,6.268636879167411,4.7490025604123085,-7.918297986606261,25.070181063867768
257.5908910107426,21.535671052374045,6.2684198105042945,4.749759587131237,-7.919016121445079,24.895165216200894
257.60149595535444,21.533474291024884,6.268203038122163,4.750515904832766,-7.919732879522282,24.719693868158135
257.61210186900644,21.531279554680058,6.2679865619959045,4.751271513241505,-7.920448259710819,24.543766697722724
257.62270875306154,21.529086845138565,6.267770382100402,4.752026412082252,-7.921162260883584,24.36738338287792
257.63331660888275,21.526896164199243,6.267554498410544,4.7527806010800315,-7.921874881913415,24.19054360160689
257.6439254378336,21.524707513660708,6.267338910901216,4.75353407996005,-7.922586121673095,24.013247031892828
257.654535241278,21.522520895321396,6.267123619547307,4.75428684844773,-7.92329597903536,23.83549335171899
257.66514602058,21.52033631097956,6.266908624323698,4.755038906268695,-7.924004452872885,23.65728223906872
257.67575777710414,21.51815376243325,6.266693925205279,4.755790253148764,-7.9247115420583025,23.478613371925253
257.6863705122153,21.515973251480315,6.266479522166933,4.75654088881397,-7.925417245464175,23.299486428271805
257.6969842272786,21.513794779918424,6.26626541518355,4.75729081299054,-7.926121561963019,23.119901086091524
257.7075989236596,21.51161834954506,6.266051604230013,4.758040025404916,-7.926824490427307,22.939857023367615
257.718214602724,21.509443962157487,6.265838089281212,4.7587885257837295,-7.927526029729438,22.759353918083384
257.72883126583827,21.507271619552792,6.26562487031203,4.759536313853818,-7.928226178741781,22.578391448222106
257.7394489143688,21.505101323527885,6.265411947297353,4.760283389342229,-7.928924936336635,22.396969291767178
257.75006754968234,21.502933075879447,6.265199320212069,4.761029751976206,-7.929622301386249,22.215087126701597
257.7606871731462,21.500766878404,6.264986989031064,4.761775401483203,-7.930318272762819,22.032744631008658
