galstreams/tracks/track.st.ACS.ramos2021.ecsv
# %ECSV 0.9
# ---
# datatype:
# - {name: ra, unit: deg, datatype: float64}
# - {name: dec, unit: deg, datatype: float64}
# - {name: distance, unit: kpc, datatype: float64}
# - {name: pm_ra_cosdec, unit: mas / yr, datatype: float64}
# - {name: pm_dec, unit: mas / yr, datatype: float64}
# - {name: radial_velocity, unit: km / s, datatype: float64}
# delimiter: ','
# meta: !!omap
# - __serialized_columns__:
#     dec:
#       __class__: astropy.coordinates.angles.Latitude
#       unit: &id001 !astropy.units.Unit {unit: deg}
#       value: !astropy.table.SerializedColumn {name: dec}
#     distance:
#       __class__: astropy.coordinates.distances.Distance
#       unit: !astropy.units.Unit {unit: kpc}
#       value: !astropy.table.SerializedColumn {name: distance}
#     pm_dec:
#       __class__: astropy.units.quantity.Quantity
#       unit: !astropy.units.Unit {unit: mas / yr}
#       value: !astropy.table.SerializedColumn {name: pm_dec}
#     pm_ra_cosdec:
#       __class__: astropy.units.quantity.Quantity
#       unit: !astropy.units.Unit {unit: mas / yr}
#       value: !astropy.table.SerializedColumn {name: pm_ra_cosdec}
#     ra:
#       __class__: astropy.coordinates.angles.Longitude
#       unit: *id001
#       value: !astropy.table.SerializedColumn {name: ra}
#       wrap_angle: !astropy.coordinates.Angle
#         unit: *id001
#         value: 360.0
#     radial_velocity:
#       __class__: astropy.units.quantity.Quantity
#       unit: !astropy.units.Unit {unit: km / s}
#       value: !astropy.table.SerializedColumn {name: radial_velocity}
# schema: astropy-2.0
ra,dec,distance,pm_ra_cosdec,pm_dec,radial_velocity
[from data line 961]
134.75886952469207,71.51142117923493,11.69999999999994,0.6664958268719456,-0.3786162702664577,1.0525958912340423e-15
134.7513113531909,71.50171117161,11.69999999999994,0.6663196775738646,-0.37888920527055236,-5.2629794561702115e-15
134.74376537681195,71.49200052421342,11.699999999999942,0.6661427343552799,-0.37916123586475464,-1.0525958912340423e-15
134.73623157060356,71.48228923854649,11.69999999999994,0.6659649957966771,-0.37943235684910653,-5.2629794561702115e-15
134.72870990966584,71.47257731610675,11.699999999999942,0.6657864604765396,-0.3797025630740977,-6.315575347404253e-15
134.7212003691504,71.46286475838805,11.699999999999944,0.66560712697157,-0.37997184944068446,-3.1577876737021266e-15
134.71370292426045,71.45315156688063,11.69999999999994,0.6654269938568215,-0.3802402109002833,-5.2629794561702115e-15
134.70621755025022,71.44343774307082,11.699999999999942,0.6652460597059165,-0.38050764245475194,1.0525958912340423e-15
134.69874422242535,71.43372328844147,11.69999999999994,0.6650643230912258,-0.3807741391564185,-4.210383564936169e-15
134.69128291614257,71.42400820447173,11.699999999999939,0.6648817825840336,-0.38103969610802824,2.1051917824680845e-15
134.68383360680946,71.41429249263707,11.69999999999994,0.6646984367546867,-0.38130430846274854,-6.315575347404253e-15
134.67639626988455,71.40457615440933,11.69999999999994,0.6645142841728686,-0.38156797142418986,-3.1577876737021266e-15
134.66897088087708,71.39485919125671,11.69999999999994,0.6643293234076826,-0.3818306802463393,1.0525958912340423e-15
134.66155741534675,71.38514160464382,11.699999999999942,0.6641435530278612,-0.3820924302335741,-6.315575347404253e-15
134.6541558489039,71.37542339603162,11.69999999999994,0.6639569716019833,-0.3823532167406573,-2.1051917824680845e-15
134.6467661572092,71.36570456687748,11.699999999999942,0.6637695776985915,-0.38261303517266027,-1.0525958912340423e-15
134.6393883159736,71.35598511863525,11.699999999999944,0.6635813698864165,-0.38287188098501584,-2.1051917824680845e-15
134.63202230095808,71.34626505275513,11.699999999999944,0.6633923467345233,-0.38312974968343977,0.0
134.6246680879737,71.33654437068378,11.699999999999942,0.663202506812514,-0.38338663682392693,-6.315575347404253e-15
134.61732565288142,71.32682307386429,11.69999999999994,0.6630118486906921,-0.38364253801272485,-3.1577876737021266e-15
134.60999497159202,71.31710116373627,11.699999999999942,0.662820370940228,-0.38389744890629196,-3.1577876737021266e-15
134.60267602006587,71.30737864173578,11.699999999999944,0.6626280721333717,-0.3841513652112871,-8.420767129872338e-15
134.5953687743129,71.29765550929523,11.699999999999944,0.6624349508435767,-0.3844042826845087,-2.1051917824680845e-15
134.58807321039254,71.28793176784369,11.699999999999944,0.6622410056457213,-0.3846561971328847,-4.210383564936169e-15
134.58078930441349,71.27820741880666,11.699999999999944,0.6620462351162661,-0.3849071044134325,-1.0525958912340423e-15
134.57351703253366,71.26848246360618,11.699999999999942,0.6618506378334226,-0.3851570004332084,-3.1577876737021266e-15
134.56625637096002,71.25875690366077,11.699999999999944,0.661654212377332,-0.3854058811492685,-1.0525958912340423e-15
134.55900729594862,71.24903074038549,11.699999999999944,0.6614569573302391,-0.38565374256864593,2.1051917824680845e-15
134.55176978380425,71.239303975192,11.699999999999942,0.6612588712766831,-0.3859005807482919,-2.1051917824680845e-15
134.5445438108805,71.22957660948846,11.699999999999944,0.6610599528036242,-0.386146391795025,-1.0525958912340423e-14
134.53732935357962,71.21984864467959,11.69999999999994,0.6608602005006726,-0.3863911718655106,-3.1577876737021266e-15
134.5301263883523,71.21012008216672,11.699999999999944,0.660659612960233,-0.38663491716616627,-4.210383564936169e-15
134.52293489169773,71.20039092334774,11.699999999999944,0.6604581887776535,-0.38687762395316955,-3.1577876737021266e-15
134.51575484016334,71.19066116961717,11.699999999999944,0.6602559265514585,-0.38711928853235356,-9.47336302110638e-15
134.50858621034476,71.18093082236608,11.699999999999942,0.6600528248834451,-0.38735990725919867,-9.47336302110638e-15
134.5014289788857,71.1711998829822,11.699999999999944,0.6598488823789085,-0.38759947653872445,-3.1577876737021266e-15
134.4942831224778,71.16146835284988,11.699999999999944,0.6596440976467983,-0.3878379928254962,1.0525958912340423e-15
134.48714861786053,71.15173623335009,11.699999999999944,0.6594384692998692,-0.38807545262350285,0.0
134.48002544182117,71.14200352586049,11.699999999999942,0.6592319959548752,-0.3883118524861481,-3.1577876737021266e-15
134.47291357119454,71.13227023175536,11.699999999999944,0.6590246762327143,-0.38854718901615887,-3.1577876737021266e-15
134.4658129828631,71.12253635240569,11.699999999999944,0.658816508758623,-0.3887814588655323,-8.420767129872338e-15
134.4587236537565,71.11280188917901,11.699999999999946,0.658607492162314,-0.3890146587354698,2.1051917824680845e-15
134.45164556085183,71.1030668434397,11.699999999999946,0.6583976250781712,-0.389246785376309,-6.315575347404253e-15
134.44457868117343,71.09333121654882,11.699999999999944,0.6581869061453866,-0.3894778355874578,0.0
134.43752299179255,71.08359500986404,11.699999999999944,0.6579753340081567,-0.3897078062173207,-1.0525958912340423e-15
134.4304784698275,71.07385822473985,11.699999999999946,0.6577629073158319,-0.3899366941632296,-1.0525958912340423e-15
134.42344509244342,71.0641208625274,11.699999999999944,0.6575496247230704,-0.3901644963713793,-1.0525958912340423e-15
134.41642283685218,71.05438292457463,11.699999999999944,0.6573354848900196,-0.3903912098367367,-4.210383564936169e-15
134.40941168031236,71.04464441222618,11.699999999999946,0.657120486482476,-0.3906168316029816,-8.420767129872338e-15
134.40241160012894,71.03490532682346,11.699999999999944,0.6569046281720496,-0.39084135876241205,-4.210383564936169e-15
134.39542257365343,71.02516566970468,11.699999999999948,0.6566879086363095,-0.3910647884558874,-5.2629794561702115e-15
134.38844457828367,71.01542544220482,11.699999999999944,0.6564703265589735,-0.39128711787272996,-4.210383564936169e-15
134.38147759146355,71.00568464565559,11.699999999999944,0.6562518806300434,-0.3915083442506507,-1.0525958912340423e-15
134.37452159068323,70.99594328138558,11.699999999999944,0.6560325695459795,-0.3917284648756598,1.0525958912340423e-15
134.36757655347876,70.98620135072012,11.699999999999944,0.6558123920098603,-0.3919474770819922,-4.210383564936169e-15
134.36064245743216,70.97645885498146,11.699999999999944,0.6555913467315434,-0.3921653782520189,-6.315575347404253e-15
134.35371928017113,70.96671579548848,11.699999999999946,0.6553694324278068,-0.3923821658161528,-3.1577876737021266e-15
134.34680699936908,70.95697217355705,11.699999999999944,0.6551466478225343,-0.3925978372527683,1.0525958912340423e-15
134.339905592745,70.9472279904999,11.699999999999944,0.65492299164685,-0.39281239008810015,-8.420767129872338e-15
134.3330150380634,70.9374832476265,11.699999999999944,0.6546984626392958,-0.39302582189616564,-2.1051917824680845e-15
134.32613531313396,70.92773794624328,11.699999999999946,0.6544730595459527,-0.3932381302986564,-4.210383564936169e-15
134.31926639581184,70.91799208765353,11.699999999999948,0.6542467811206539,-0.3934493129648692,-2.1051917824680845e-15
134.31240826399718,70.90824567315738,11.699999999999944,0.6540196261250755,-0.39365936761157305,1.0525958912340423e-15
134.3055608956352,70.8984987040519,11.699999999999948,0.6537915933289365,-0.39386829200293755,-4.210383564936169e-15
134.29872426871614,70.88875118163102,11.699999999999948,0.653562681510145,-0.39407608395044796,-2.1051917824680845e-15
134.29189836127497,70.87900310718561,11.699999999999948,0.6533328894549145,-0.39428274131275615,-6.315575347404253e-15
134.28508315139143,70.86925448200347,11.699999999999946,0.6531022159579752,-0.3944882619956367,-1.0525958912340423e-15
134.27827861718987,70.85950530736929,11.699999999999948,0.6528706598226917,-0.394692643951843,-7.368171238638296e-15
134.27148473683923,70.84975558456472,11.699999999999946,0.6526382198611966,-0.3948958851810185,-3.1577876737021266e-15
134.2647014885527,70.84000531486838,11.699999999999946,0.6524048948945891,-0.3950979837296077,-7.368171238638296e-15
134.257928850588,70.8302544995558,11.699999999999948,0.6521706837530432,-0.3952989376907204,-3.1577876737021266e-15
134.2511668012469,70.82050313989953,11.699999999999946,0.6519355852759724,-0.39549874520404515,-4.210383564936169e-15
134.24441531887538,70.81075123716907,11.699999999999948,0.6516995983121843,-0.39569740445571805,-8.420767129872338e-15
134.23767438186343,70.80099879263093,11.699999999999948,0.6514627217200115,-0.3958949136782548,-2.1051917824680845e-15
134.23094396864482,70.79124580754852,11.699999999999948,0.6512249543674723,-0.39609127115039766,-5.2629794561702115e-15
134.22422405769728,70.78149228318235,11.699999999999948,0.650986295132423,-0.3962864751970178,-1.0525958912340423e-15
134.2175146275422,70.77173822078994,11.699999999999946,0.6507467429026764,-0.39648052418900476,-2.1051917824680845e-15
134.21081565674444,70.76198362162577,11.699999999999948,0.6505062965761755,-0.3966734165431603,-7.368171238638296e-15
134.20412712391266,70.75222848694143,11.699999999999948,0.6502649550611055,-0.39686515072206036,-1.0525958912340423e-15
134.19744900769862,70.74247281798546,11.699999999999948,0.6500227172760898,-0.3970557252339506,-1.0525958912340423e-15
134.19078128679757,70.73271661600354,11.69999999999995,0.6497795821502703,-0.3972451386326273,-2.1051917824680845e-15
134.18412393994788,70.72295988223833,11.699999999999944,0.6495355486235015,-0.3974333895173357,1.0525958912340423e-15
134.17747694593106,70.71320261792958,11.699999999999948,0.649290615646445,-0.39762047653260396,-2.1051917824680845e-15
134.17084028357158,70.70344482431415,11.699999999999946,0.649044782180751,-0.39780639836816567,-1.0525958912340423e-14
134.1642139317369,70.69368650262594,11.699999999999948,0.6487980471991712,-0.3979911537588235,-6.315575347404253e-15
134.15759786933722,70.68392765409592,11.699999999999951,0.6485504096857138,-0.3981747414843176,-4.210383564936169e-15
134.1509920753254,70.67416827995226,11.699999999999944,0.6483018686357757,-0.39835716036920493,-4.210383564936169e-15
134.14439652869706,70.66440838142013,11.699999999999944,0.6480524230562635,-0.3985384092827375,0.0
134.13781120849023,70.65464795972194,11.699999999999946,0.6478020719657686,-0.3987184871387314,-3.1577876737021266e-15
134.1312360937853,70.64488701607702,11.699999999999948,0.6475508143946649,-0.39889739289543646,-3.1577876737021266e-15
134.12467116370507,70.63512555170206,11.69999999999995,0.6472986493852536,-0.3990751255554201,-7.368171238638296e-15
134.11811639741455,70.62536356781075,11.69999999999995,0.6470455759919188,-0.399251684165415,-6.315575347404253e-15
134.11157177412088,70.61560106561403,11.699999999999948,0.6467915932812279,-0.3994270678162083,-1.0525958912340423e-15
134.10503727307312,70.6058380463199,11.699999999999948,0.6465367003321031,-0.3996012756424949,-5.2629794561702115e-15
134.09851287356236,70.59607451113364,11.69999999999995,0.6462808962359033,-0.3997743068227597,-1.0525958912340423e-15
134.09199855492153,70.58631046125761,11.699999999999948,0.64602418009661,-0.3999461605791225,-1.0525958912340423e-14
134.0854942965252,70.5765458978914,11.699999999999946,0.6457665510309112,-0.4001168361772254,-1.0525958912340423e-15
134.0790000777897,70.56678082223182,11.699999999999948,0.6455080081683607,-0.40028633292607757,-7.368171238638296e-15
134.0725158781728,70.55701523547283,11.699999999999948,0.6452485506514911,-0.4004546501779282,-7.368171238638296e-15
134.06604167717379,70.54724913880561,11.699999999999948,0.644988177635949,-0.4006217873281297,-3.1577876737021266e-15
134.05957745433324,70.53748253341863,11.699999999999948,0.6447268882906227,-0.4007877438149852,-3.1577876737021266e-15
134.05312318923305,70.5277154204975,11.699999999999948,0.644464681797766,-0.4009525191196351,-7.368171238638296e-15
134.04667886149625,70.51794780122508,11.69999999999995,0.6442015573531186,-0.40111611276588505,-4.210383564936169e-15
134.0402444507869,70.50817967678154,11.69999999999995,0.6439375141660408,-0.40127852432007877,-1.0525958912340423e-14
134.03381993681015,70.49841104834422,11.699999999999948,0.6436725514596279,-0.4014397533909651,-5.2629794561702115e-15
134.02740529931188,70.48864191708778,11.699999999999948,0.6434066684708419,-0.4015997996295368,-6.315575347404253e-15
134.0210005180789,70.47887228418413,11.699999999999948,0.6431398644506251,-0.40175866272889627,-8.420767129872338e-15
134.01460557293862,70.4691021508025,11.699999999999946,0.6428721386640335,-0.4019163424241019,-2.1051917824680845e-15
134.00822044375906,70.45933151810925,11.699999999999948,0.6426034903903337,-0.40207283849203845,-2.1051917824680845e-15
134.0018451104487,70.44956038726822,11.69999999999995,0.6423339189231531,-0.4022281507512415,-7.368171238638296e-15
133.9954795529566,70.43978875944045,11.69999999999995,0.6420634235705815,-0.40238227906178237,-1.1578554803574466e-14
133.98912375127202,70.43001663578433,11.699999999999948,0.6417920036552797,-0.40253522332509617,-6.315575347404253e-15
133.9827776854244,70.42024401745556,11.699999999999948,0.6415196585146248,-0.40268698348384174,-1.0525958912340423e-14
133.97644133548343,70.41047090560713,11.699999999999948,0.6412463875007947,-0.40283755952174305,-6.315575347404253e-15
133.9701146815588,70.40069730138943,11.699999999999948,0.6409721899809107,-0.40298695146345187,-7.368171238638296e-15
133.96379770380014,70.39092320595012,11.699999999999948,0.6406970653371304,-0.40313515937438604,-3.1577876737021266e-15
133.9574903823969,70.38114862043427,11.699999999999948,0.6404210129667753,-0.4032821833605737,-5.2629794561702115e-15
133.95119269757842,70.37137354598428,11.699999999999948,0.6401440322824419,-0.4034280235685054,-6.315575347404253e-15
133.94490462961363,70.36159798373991,11.69999999999995,0.6398661227121026,-0.4035726801849842,-9.47336302110638e-15
133.93862615881108,70.35182193483827,11.69999999999995,0.6395872836992326,-0.4037161534369509,-7.368171238638296e-15
133.9323572655188,70.34204540041392,11.699999999999948,0.6393075147029029,-0.4038584435913607,-6.315575347404253e-15
133.9260979301242,70.33226838159877,11.699999999999948,0.639026815197917,-0.40399955095499374,-1.0525958912340423e-14
133.9198481330541,70.32249087952214,11.699999999999951,0.6387451846748851,-0.40413947587431837,-8.420767129872338e-15
133.91360785477445,70.31271289531065,11.699999999999951,0.63846262264035,-0.40427821873532577,-6.315575347404253e-15
133.9073770757904,70.30293443008847,11.699999999999948,0.6381791286168934,-0.4044157799633662,-3.1577876737021266e-15
133.9011557766461,70.29315548497716,11.699999999999948,0.6378947021432482,-0.4045521600230029,-6.315575347404253e-15
133.89494393792472,70.28337606109565,11.699999999999951,0.6376093427743879,-0.40468735941784334,-9.47336302110638e-15
133.8887415402483,70.27359615956037,11.699999999999951,0.6373230500816368,-0.40482137869037127,-9.47336302110638e-15
133.88254856427756,70.26381578148515,11.699999999999951,0.6370358236527749,-0.4049542184218037,-1.0525958912340423e-14
133.87636499071206,70.25403492798127,11.69999999999995,0.6367476630921403,-0.40508587923191325,-2.1051917824680845e-15
133.87019080028986,70.2442536001575,11.69999999999995,0.6364585680207372,-0.40521636177887144,-5.2629794561702115e-15
133.86402597378756,70.23447179912007,11.699999999999951,0.636168538076312,-0.4053456667590824,-8.420767129872338e-15
133.85787049202023,70.22468952597262,11.699999999999951,0.6358775729134932,-0.40547379490702107,-4.210383564936169e-15
133.85172433584123,70.21490678181632,11.699999999999948,0.6355856722038447,-0.4056007469950709,-4.210383564936169e-15
133.8455874861422,70.20512356774987,11.699999999999951,0.6352928356359964,-0.40572652383335084,-9.47336302110638e-15
133.83945992385296,70.19533988486937,11.699999999999948,0.6349990629157317,-0.40585112626955605,-6.315575347404253e-15
