galstreams/tracks/track.st.Kshir.ibata2024.ecsv
# %ECSV 1.0
# ---
# datatype:
# - {name: ra, unit: deg, datatype: float64}
# - {name: dec, unit: deg, datatype: float64}
# - {name: distance, unit: kpc, datatype: float64}
# - {name: pm_ra_cosdec, unit: mas / yr, datatype: float64}
# - {name: pm_dec, unit: mas / yr, datatype: float64}
# - {name: radial_velocity, unit: km / s, datatype: float64}
# delimiter: ','
# meta: !!omap
# - __serialized_columns__:
#     dec:
#       __class__: astropy.coordinates.angles.Latitude
#       unit: &id001 !astropy.units.Unit {unit: deg}
#       value: !astropy.table.SerializedColumn {name: dec}
#     distance:
#       __class__: astropy.coordinates.distances.Distance
#       unit: !astropy.units.Unit {unit: kpc}
#       value: !astropy.table.SerializedColumn {name: distance}
#     pm_dec:
#       __class__: astropy.units.quantity.Quantity
#       unit: !astropy.units.Unit {unit: mas / yr}
#       value: !astropy.table.SerializedColumn {name: pm_dec}
#     pm_ra_cosdec:
#       __class__: astropy.units.quantity.Quantity
#       unit: !astropy.units.Unit {unit: mas / yr}
#       value: !astropy.table.SerializedColumn {name: pm_ra_cosdec}
#     ra:
#       __class__: astropy.coordinates.angles.Longitude
#       unit: *id001
#       value: !astropy.table.SerializedColumn {name: ra}
#       wrap_angle: !astropy.coordinates.Angle
#         unit: *id001
#         value: 360.0
#     radial_velocity:
#       __class__: astropy.units.quantity.Quantity
#       unit: !astropy.units.Unit {unit: km / s}
#       value: !astropy.table.SerializedColumn {name: radial_velocity}
# schema: astropy-2.0
ra,dec,distance,pm_ra_cosdec,pm_dec,radial_velocity
[from data line 3318]
275.51564089138975,56.77762005216055,1.0000000000000009,-4.093776487746718,2.0002530111046504,-254.80356193412237
275.52817126701683,56.77034267699937,1.0000000000000009,-4.093103894640182,1.9998022630850976,-254.66511093102332
275.5406970426944,56.76306417537196,1.0000000000000009,-4.092431896513316,1.999350444028149,-254.52645273252702
275.5532182209357,56.75578454810694,1.0000000000000007,-4.091760493250126,1.9988975540517977,-254.3875872277521
275.5657348042533,56.74850379603229,1.0000000000000009,-4.091089684734558,1.9984435932734606,-254.2485143058166
275.5782467951587,56.74122191997543,1.0000000000000009,-4.0904194708503585,1.9979885618101498,-254.1092338558386
275.59075419616283,56.73393892076319,1.0000000000000009,-4.089749851481264,1.9975324597783164,-253.9697457669366
275.6032570097759,56.72665479922175,1.0000000000000009,-4.089080826510807,1.9970752872939208,-253.8300499282285
275.61575523850706,56.71936955617678,1.0000000000000009,-4.088412395822474,1.9966170444724582,-253.69014622883276
275.62824888486483,56.712083192453285,1.0000000000000009,-4.087744559299633,1.9961577314288839,-253.5500345578676
275.640737951357,56.7047957088757,1.0000000000000009,-4.087077316825496,1.995697348277659,-253.40971480445108
275.6532224404904,56.697507106267906,1.0000000000000009,-4.086410668283223,1.9952358951327867,-253.26918685770167
275.66570235477127,56.69021738545314,1.0000000000000009,-4.0857446135558195,1.994773372107737,-253.12845060673746
275.6781776967049,56.68292654725404,1.0000000000000009,-4.08507915252625,1.994309779315465,-252.9875059406766
275.69064846879576,56.67563459249271,1.000000000000001,-4.0844142850772815,1.993845116868492,-252.84635274863749
275.7031146735477,56.66834152199062,1.0000000000000009,-4.0837500110916345,1.9933793848787715,-252.70499091973815
275.7155763134636,56.66104733656866,1.0000000000000009,-4.083086330451929,1.9929125834578088,-252.56342034309688
275.7280333910456,56.65375203704714,1.0000000000000009,-4.082423243040621,1.9924447127166012,-252.42164090783214
275.740485908795,56.646455624245746,1.0000000000000009,-4.081760748740126,1.9919757727656418,-252.27965250306167
275.7529338692124,56.63915809898363,1.0000000000000009,-4.081098847432713,1.991505763714951,-252.13745501790422
275.7653772747976,56.63185946207929,1.0000000000000009,-4.0804375390005845,1.991034685674002,-251.9950483414777
275.7778161280493,56.6245597143507,1.000000000000001,-4.0797768233257585,1.990562538751842,-251.85243236290043
275.79025043146595,56.6172588566152,1.0000000000000009,-4.079116700290239,1.9900893230569707,-251.70960697129064
275.8026801875446,56.60995688968955,1.0000000000000009,-4.078457169775875,1.9896150386974227,-251.56657205576644
275.8151053987819,56.60265381438993,1.0000000000000009,-4.077798231664416,1.9891396857807209,-251.4233275054461
275.8275260676735,56.59534963153195,1.0000000000000009,-4.077139885837563,1.9886632644138977,-251.279873209448
275.8399421967144,56.58804434193059,1.0000000000000009,-4.07648213217678,1.988185774703517,-251.1362090568903
275.8523537883985,56.58073794640028,1.0000000000000007,-4.075824970563609,1.9877072167556165,-250.992334936891
275.8647608452192,56.57343044575487,1.0000000000000007,-4.075168400879348,1.987227590675765,-250.84825073856862
275.877163369669,56.566121840807575,1.0000000000000009,-4.074512423005239,1.9867468965690094,-250.70395635104128
275.88956136423946,56.55881213237107,1.0000000000000009,-4.073857036822445,1.986265134539945,-250.5594516634272
275.9019548314215,56.551501321257426,1.0000000000000009,-4.073202242211978,1.9857823046926413,-250.41473656484465
275.91434377370507,56.544189408278136,1.0000000000000009,-4.072548039054823,1.9852984071306992,-250.26981094441166
275.92672819357944,56.53687639424411,1.0000000000000009,-4.071894427231781,1.9848134419572112,-250.1246746912467
275.9391080935329,56.52956227996569,1.0000000000000007,-4.071241406623623,1.9843274092748082,-249.9793276944679
275.9514834760531,56.52224706625257,1.0000000000000009,-4.070588977110976,1.983840309185588,-249.83376984319335
275.96385434362685,56.514930753913944,1.0000000000000009,-4.069937138574371,1.9833521417911655,-249.6880010265416
275.97622069873995,56.507613343758365,1.0000000000000009,-4.069285890894276,1.9828629071927146,-249.54202113363064
275.98858254387756,56.500294836593845,1.0000000000000009,-4.068635233951008,1.9823726054908803,-249.3958300535786
276.000939881524,56.492975233227774,1.0000000000000009,-4.067985167624831,1.9818812367858207,-249.2494276755039
276.01329271416273,56.48565453446701,1.0000000000000009,-4.067335691795883,1.9813888011771859,-249.10281388852485
276.02564104427637,56.47833274111775,1.0000000000000009,-4.0666868063442205,1.980895298764196,-248.95598858175936
276.03798487434676,56.471009853985706,1.0000000000000009,-4.066038511149809,1.980400729645524,-248.8089516443259
276.05032420685484,56.463685873875946,1.0000000000000009,-4.06539080609251,1.9799050939193954,-248.6617029653425
276.06265904428085,56.45636080159297,1.0000000000000009,-4.064743691052029,1.97940839168351,-248.51424243392768
276.074989389104,56.44903463794071,1.0000000000000009,-4.064097165908108,1.9789106230350981,-248.3665699391995
276.08731524380295,56.441707383722516,1.0000000000000009,-4.063451230540254,1.9784117880709466,-248.21868537027598
276.0996366108553,56.43437903974115,1.0000000000000009,-4.062805884827986,1.97791188688727,-248.07058861627576
276.11195349273794,56.42704960679882,1.0000000000000009,-4.062161128650646,1.9774109195798886,-247.92227956631675
276.1242658919268,56.419719085697096,1.0000000000000009,-4.0615169618875395,1.976908886244054,-247.77375810951725
276.1365738108972,56.41238747723705,1.0000000000000009,-4.060873384417869,1.9764057869745812,-247.62502413499558
276.1488772521233,56.405054782219125,1.0000000000000009,-4.060230396120696,1.9759016218657877,-247.47607753186995
276.16117621807877,56.39772100144317,1.0000000000000009,-4.059587996875067,1.9753963910115004,-247.3269181892583
276.17347071123623,56.39038613570854,1.0000000000000009,-4.058946186559851,1.9748900945050742,-247.17754599627924
276.18576073406757,56.38305018581393,1.0000000000000009,-4.058304965053878,1.9743827324393806,-247.0279608420508
276.19804628904376,56.3757131525575,1.0000000000000009,-4.057664332235904,1.973874304906797,-246.87816261569117
276.210327378635,56.368375036736815,1.0000000000000009,-4.057024287984501,1.9733648119992075,-246.72815120631884
276.2226040053105,56.36103583914887,1.0000000000000009,-4.056384832178281,1.9728542538080127,-246.57792650305169
276.2348761715389,56.35369556059011,1.0000000000000009,-4.055745964695649,1.972342630424194,-246.4274883950081
276.2471438797877,56.34635420185636,1.0000000000000009,-4.055107685414981,1.9718299419381466,-246.27683677130634
276.2594071325239,56.3390117637429,1.0000000000000009,-4.054469994214513,1.9713161884398644,-246.12597152106463
276.27166593221335,56.33166824704446,1.0000000000000007,-4.053832890972464,1.9708013700188154,-245.97489253340103
276.2839202813212,56.324323652555144,1.0000000000000007,-4.053196375566909,1.9702854867640127,-245.82359969743402
276.29617018231164,56.3169779810685,1.0000000000000007,-4.052560447875861,1.9697685387639652,-245.6720929022816
276.3084156376482,56.30963123337754,1.0000000000000009,-4.051925107777201,1.9692505261067232,-245.52037203706226
276.32065664979336,56.302283410274654,1.0000000000000009,-4.051290355148762,1.96873144887984,-245.36843699089385
276.332893221209,56.294934512551684,1.0000000000000007,-4.050656189868281,1.9682113071703817,-245.2162876528949
276.3451253543559,56.28758454099991,1.0000000000000009,-4.05002261181342,1.9676901010649708,-245.06392391218355
276.3573530516942,56.28023349641001,1.0000000000000009,-4.0493896208616995,1.967167830649693,-244.91134565787803
276.369576315683,56.27288137957213,1.0000000000000009,-4.048757216890609,1.9666444960102147,-244.75855277909636
276.38179514878067,56.26552819127581,1.0000000000000009,-4.0481253997775255,1.9661200972316806,-244.60554516495716
276.3940095534447,56.25817393231004,1.0000000000000009,-4.047494169399759,1.9655946343987694,-244.45232270457828
276.4062195321317,56.25081860346325,1.0000000000000009,-4.0468635256345,1.965068107595716,-244.2988852870782
276.4184250872974,56.24346220552327,1.0000000000000007,-4.0462334683588965,1.9645405169061831,-244.14523280157513
276.43062622139695,56.236104739277394,1.0000000000000009,-4.045603997449959,1.9640118624134644,-243.99136513718707
276.4428229368842,56.22874620551232,1.0000000000000009,-4.0449751127846385,1.9634821442003059,-243.83728218303256
276.4550152362125,56.2213866050142,1.0000000000000009,-4.044346814239821,1.962951362349017,-243.68298382822954
276.4672031218341,56.21402593856861,1.0000000000000007,-4.043719101692297,1.9624195169414023,-243.5284699618963
276.4793865962006,56.20666420696054,1.0000000000000009,-4.043091975018728,1.9618866080587871,-243.37374047315123
276.4915656617626,56.19930141097446,1.0000000000000009,-4.042465434095755,1.9613526357820454,-243.21879525111245
276.5037403209699,56.191937551394226,1.0000000000000009,-4.0418394787999095,1.9608176001915716,-243.06363418489812
276.5159105762714,56.18457262900314,1.0000000000000009,-4.0412141090076545,1.9602815013672554,-242.90825716362664
276.52807643011516,56.17720664458396,1.0000000000000009,-4.040589324595318,1.9597443393885463,-242.7526640764159
276.54023788494845,56.16983959891885,1.0000000000000009,-4.0399651254392,1.959206114334389,-242.59685481238458
276.5523949432176,56.16247149278945,1.0000000000000007,-4.039341511415492,1.9586668262832916,-242.44082926065062
276.56454760736807,56.15510232697677,1.0000000000000009,-4.038718482400316,1.9581264753132466,-242.2845873103322
276.57669587984446,56.14773210226131,1.0000000000000007,-4.038096038269712,1.9575850615017991,-242.12812885054763
276.5888397630905,56.14036081942299,1.0000000000000009,-4.037474178899645,1.9570425849259934,-241.9714537704153
276.6009792595491,56.13298847924116,1.0000000000000009,-4.036852904165972,1.95649904566244,-241.8145619590532
276.61311437166233,56.125615082494626,1.0000000000000009,-4.036232213944495,1.9559544437872596,-241.65745330557968
276.6252451018712,56.11824062996161,1.0000000000000009,-4.035612108110925,1.9554087793760715,-241.50012769911288
276.63737145261615,56.11086512241979,1.0000000000000009,-4.0349925865409055,1.9548620525040725,-241.342585028771
276.6494934263365,56.10348856064625,1.0000000000000009,-4.034373649109964,1.9543142632459514,-241.1848251836725
276.66161102547085,56.09611094541756,1.0000000000000009,-4.0337552956936005,1.9537654116759313,-241.0268480529353
276.6737242524568,56.08873227750967,1.0000000000000009,-4.033137526167213,1.9532154978677703,-240.8686535256777
276.6858331097312,56.08135255769805,1.0000000000000009,-4.0325203404060765,1.9526645218947642,-240.71024149101822
276.6979375997299,56.073971786757504,1.0000000000000009,-4.031903738285511,1.9521124838297048,-240.55161183807456
276.71003772488814,56.06658996546238,1.0000000000000009,-4.031287719680596,1.9515593837449607,-240.39276445596556
276.72213348763995,56.05920709458641,1.0000000000000009,-4.0306722844664336,1.951005221712414,-240.23369923380895
276.73422489041866,56.05182317490276,1.0000000000000009,-4.030057432518058,1.9504499978034318,-240.0744160607231
276.7463119356567,56.04443820718407,1.0000000000000009,-4.029443163710398,1.949893712088972,-239.91491482582626
276.7583946257857,56.0370521922024,1.0000000000000009,-4.028829477918284,1.949336364639489,-239.75519541823684
276.7704729632363,56.029665130729256,1.0000000000000007,-4.028216375016504,1.9487779555249887,-239.59525772707266
276.78254695043813,56.0222770235356,1.0000000000000009,-4.027603854879764,1.9482184848150155,-239.4351016414523
276.79461658982046,56.0148878713918,1.0000000000000009,-4.0269919173826585,1.9476579525785986,-239.27472705049385
276.806681883811,56.0074976750677,1.0000000000000009,-4.026380562399793,1.9470963588843375,-239.11413384331541
276.81874283483717,56.00010643533258,1.0000000000000009,-4.025769789805578,1.946533703800366,-238.95332190903554
276.83079944532517,55.992714152955166,1.0000000000000009,-4.025159599474452,1.9459699873943528,-238.79229113677204
276.8428517177003,55.98532082870362,1.0000000000000009,-4.024549991280745,1.9454052097334582,-238.6310414156435
276.8548996543872,55.97792646334554,1.0000000000000009,-4.023940965098679,1.94483937088442,-238.469572634768
276.86694325780945,55.97053105764801,1.0000000000000009,-4.023332520802461,1.9442724709135142,-238.3078846832637
276.87898253038986,55.96313461237749,1.0000000000000009,-4.022724658266183,1.9437045098864871,-238.14597745024895
276.89101747455027,55.955737128299965,1.0000000000000009,-4.02211737736389,1.9431354878687266,-237.98385082484197
276.9030480927117,55.948338606180805,1.0000000000000009,-4.0215106779695216,1.9425654049250483,-237.8215046961607
276.91507438729417,55.940939046784855,1.0000000000000007,-4.020904559956967,1.9419942611198664,-237.6589389533237
276.9270963607169,55.93353845087639,1.0000000000000009,-4.020299023200049,1.941422056517112,-237.49615348544927
276.93911401539833,55.926136819219145,1.0000000000000009,-4.019694067572511,1.940848791180244,-237.33314818165522
276.95112735375585,55.9187341525763,1.0000000000000007,-4.01908969294802,1.9402744651722514,-237.16992293106017
276.96313637820595,55.911330451710484,1.0000000000000009,-4.0184858992001775,1.9396990785557087,-237.00647762278214
276.9751410911643,55.90392571738377,1.0000000000000009,-4.017882686202525,1.9391226313926637,-236.84281214593938
276.98714149504576,55.896519950357686,1.0000000000000009,-4.017280053828485,1.9385451237447633,-236.67892638965012
276.9991375922641,55.8891131513932,1.0000000000000009,-4.0166780019514885,1.9379665556731247,-236.51482024303257
277.0111293852324,55.88170532125074,1.0000000000000009,-4.016076530444841,1.9373869272384603,-236.35049359520508
277.0231168763627,55.874296460690154,1.0000000000000007,-4.015475639181783,1.9368062385009672,-236.1859463352858
277.03510006806624,55.86688657047079,1.0000000000000009,-4.014875328035481,1.9362244895204377,-236.0211783523928
277.0470789627533,55.8594756513514,1.000000000000001,-4.014275596879081,1.93564168035617,-235.85618953564455
277.0590535628333,55.85206370409023,1.0000000000000009,-4.01367644558562,1.935057811066983,-235.69097977415913
277.07102387071484,55.844650729444936,1.0000000000000009,-4.013077874028036,1.9344728817112902,-235.52554895705472
277.0829898888054,55.837236728172634,1.0000000000000009,-4.012479882079283,1.9338868923469832,-235.35989697344985
277.09495161951185,55.82982170102993,1.0000000000000009,-4.011882469612168,1.933299843031559,-235.1940237124624
277.1069090652399,55.82240564877283,1.0000000000000009,-4.011285636499473,1.9327117338219928,-235.02792906321065
277.1188622283946,55.81498857215683,1.0000000000000009,-4.010689382613902,1.93212256477484,-234.86161291481292
277.1308111113799,55.807570471936835,1.0000000000000009,-4.010093707828103,1.931532335946148,-234.69507515638742
277.142755716599,55.800151348867274,1.0000000000000007,-4.009498612014624,1.9309410473915953,-234.52831567705243
277.1546960464541,55.79273120370197,1.0000000000000009,-4.0089040950459776,1.9303486991663057,-234.36133436592604
277.16663210334656,55.78531003719422,1.0000000000000009,-4.00831015679462,1.9297552913250051,-234.19413111212657
277.1785638896768,55.77788785009679,1.0000000000000007,-4.007716797132908,1.929160823921947,-234.0267058047722
277.1904914078444,55.77046464316186,1.0000000000000009,-4.00712401593314,1.9285652970109162,-233.85905833298125
277.20241466024794,55.7630404171411,1.0000000000000009,-4.006531813067593,1.927968710645235,-233.69118858587169
277.21433364928515,55.75561517278563,1.0000000000000007,-4.005940188408405,1.9273710648778177,-233.52309645256216
277.2262483773528,55.748188910846025,1.0000000000000009,-4.005349141827756,1.926772359761042,-233.35478182217042
