galstreams/tracks/track.st.NGC5466.grillmair2006.ecsv
# %ECSV 1.0
# ---
# datatype:
# - {name: ra, unit: deg, datatype: float64}
# - {name: dec, unit: deg, datatype: float64}
# - {name: distance, unit: kpc, datatype: float64}
# - {name: pm_ra_cosdec, unit: mas / yr, datatype: float64}
# - {name: pm_dec, unit: mas / yr, datatype: float64}
# - {name: radial_velocity, unit: km / s, datatype: float64}
# delimiter: ','
# meta: !!omap
# - __serialized_columns__:
#     dec:
#       __class__: astropy.coordinates.angles.Latitude
#       unit: &id001 !astropy.units.Unit {unit: deg}
#       value: !astropy.table.SerializedColumn {name: dec}
#     distance:
#       __class__: astropy.coordinates.distances.Distance
#       unit: !astropy.units.Unit {unit: kpc}
#       value: !astropy.table.SerializedColumn {name: distance}
#     pm_dec:
#       __class__: astropy.units.quantity.Quantity
#       unit: !astropy.units.Unit {unit: mas / yr}
#       value: !astropy.table.SerializedColumn {name: pm_dec}
#     pm_ra_cosdec:
#       __class__: astropy.units.quantity.Quantity
#       unit: !astropy.units.Unit {unit: mas / yr}
#       value: !astropy.table.SerializedColumn {name: pm_ra_cosdec}
#     ra:
#       __class__: astropy.coordinates.angles.Longitude
#       unit: *id001
#       value: !astropy.table.SerializedColumn {name: ra}
#       wrap_angle: !astropy.coordinates.Angle
#         unit: *id001
#         value: 360.0
#     radial_velocity:
#       __class__: astropy.units.quantity.Quantity
#       unit: !astropy.units.Unit {unit: km / s}
#       value: !astropy.table.SerializedColumn {name: radial_velocity}
# schema: astropy-2.0
ra,dec,distance,pm_ra_cosdec,pm_dec,radial_velocity
[from data line 1654]
212.36200259475405,28.020491096877485,16.599999999999984,0.0,0.0,0.0
212.35239375302152,28.02579436639284,16.599999999999987,0.0,0.0,0.0
212.3427844386895,28.031097603214114,16.599999999999987,0.0,0.0,0.0
212.33317465057382,28.03640080601936,16.599999999999987,0.0,0.0,0.0
212.32356438749144,28.04170397348725,16.599999999999987,0.0,0.0,0.0
212.31395364826017,28.047007104297325,16.59999999999999,0.0,0.0,0.0
212.30434243169876,28.052310197129756,16.599999999999987,0.0,0.0,0.0
212.29473073662695,28.057613250665547,16.599999999999987,0.0,0.0,0.0
212.28511856186546,28.062916263586363,16.599999999999984,0.0,0.0,0.0
212.27550590623585,28.068219234574695,16.599999999999984,0.0,0.0,0.0
212.26589276856078,28.073522162313683,16.599999999999987,0.0,0.0,0.0
212.2562791476637,28.078825045487324,16.599999999999984,0.0,0.0,0.0
212.24666504236922,28.084127882780216,16.599999999999987,0.0,0.0,0.0
212.2370504515026,28.089430672877846,16.59999999999999,0.0,0.0,0.0
212.22743537389042,28.094733414466305,16.59999999999999,0.0,0.0,0.0
212.21781980835993,28.10003610623252,16.599999999999987,0.0,0.0,0.0
212.20820375373938,28.105338746864156,16.599999999999984,0.0,0.0,0.0
212.1985872088581,28.11064133504954,16.599999999999987,0.0,0.0,0.0
212.18897017254616,28.115943869477842,16.599999999999987,0.0,0.0,0.0
212.17935264363481,28.12124634883887,16.599999999999984,0.0,0.0,0.0
212.16973462095606,28.12654877182327,16.599999999999987,0.0,0.0,0.0
212.16011610334303,28.13185113712232,16.599999999999987,0.0,0.0,0.0
212.15049708962957,28.13715344342818,16.599999999999987,0.0,0.0,0.0
212.14087757865076,28.142455689433582,16.599999999999987,0.0,0.0,0.0
212.13125756924236,28.147757873832163,16.59999999999999,0.0,0.0,0.0
212.12163706024128,28.15305999531813,16.599999999999984,0.0,0.0,0.0
212.1120160504852,28.158362052586604,16.599999999999987,0.0,0.0,0.0
212.102394538813,28.163664044333295,16.599999999999987,0.0,0.0,0.0
212.09277252406417,28.168965969254756,16.599999999999987,0.0,0.0,0.0
212.08315000507946,28.174267826048197,16.599999999999987,0.0,0.0,0.0
212.07352698070034,28.179569613411655,16.59999999999999,0.0,0.0,0.0
212.06390344976936,28.184871330043784,16.599999999999987,0.0,0.0,0.0
212.05427941112995,28.190172974644128,16.599999999999987,0.0,0.0,0.0
212.0446548636266,28.195474545912813,16.599999999999984,0.0,0.0,0.0
212.03502980610452,28.200776042550842,16.599999999999987,0.0,0.0,0.0
212.02540423741013,28.206077463259817,16.599999999999987,0.0,0.0,0.0
212.01577815639052,28.211378806742214,16.599999999999987,0.0,0.0,0.0
212.00615156189406,28.21668007170113,16.599999999999987,0.0,0.0,0.0
211.99652445276965,28.2219812568405,16.599999999999987,0.0,0.0,0.0
211.98689682786758,28.227282360864876,16.599999999999987,0.0,0.0,0.0
211.97726868603877,28.232583382479653,16.599999999999984,0.0,0.0,0.0
211.9676400261351,28.237884320390958,16.599999999999987,0.0,0.0,0.0
211.95801084700958,28.243185173305537,16.599999999999987,0.0,0.0,0.0
211.94838114751593,28.248485939931026,16.599999999999987,0.0,0.0,0.0
211.93875092650913,28.25378661897566,16.59999999999999,0.0,0.0,0.0
211.9291201828447,28.25908720914852,16.599999999999987,0.0,0.0,0.0
211.91948891537953,28.264387709159337,16.599999999999987,0.0,0.0,0.0
211.909857122971,28.269688117718648,16.59999999999999,0.0,0.0,0.0
211.9002248044779,28.274988433537633,16.599999999999984,0.0,0.0,0.0
211.8905919587595,28.280288655328327,16.599999999999987,0.0,0.0,0.0
211.88095858467645,28.28558878180337,16.599999999999984,0.0,0.0,0.0
211.87132468108996,28.290888811676254,16.599999999999987,0.0,0.0,0.0
211.86169024686248,28.29618874366109,16.599999999999987,0.0,0.0,0.0
211.85205528085717,28.30148857647285,16.599999999999987,0.0,0.0,0.0
211.84241978193836,28.306788308827098,16.59999999999999,0.0,0.0,0.0
211.83278374897102,28.31208793944028,16.599999999999987,0.0,0.0,0.0
211.82314718082142,28.317387467029416,16.599999999999987,0.0,0.0,0.0
211.81351007635647,28.322686890312422,16.599999999999984,0.0,0.0,0.0
211.80387243444417,28.32798620800779,16.599999999999987,0.0,0.0,0.0
211.7942342539534,28.33328541883488,16.599999999999984,0.0,0.0,0.0
211.78459553375401,28.338584521513667,16.599999999999987,0.0,0.0,0.0
211.7749562727168,28.34388351476497,16.599999999999987,0.0,0.0,0.0
211.76531646971353,28.34918239731022,16.599999999999987,0.0,0.0,0.0
211.75567612361672,28.354481167871715,16.599999999999987,0.0,0.0,0.0
211.74603523330012,28.359779825172343,16.599999999999987,0.0,0.0,0.0
211.73639379763821,28.36507836793581,16.599999999999987,0.0,0.0,0.0
211.7267518155064,28.370376794886578,16.599999999999984,0.0,0.0,0.0
211.71710928578113,28.37567510474976,16.599999999999987,0.0,0.0,0.0
211.70746620733988,28.380973296251195,16.599999999999984,0.0,0.0,0.0
211.69782257906076,28.386271368117534,16.599999999999984,0.0,0.0,0.0
211.68817839982304,28.39156931907614,16.599999999999987,0.0,0.0,0.0
211.6785336685069,28.396867147855012,16.599999999999987,0.0,0.0,0.0
211.66888838399342,28.402164853183027,16.599999999999987,0.0,0.0,0.0
211.6592425451647,28.407462433789632,16.599999999999987,0.0,0.0,0.0
211.64959615090353,28.412759888405155,16.599999999999984,0.0,0.0,0.0
211.63994920009398,28.418057215760513,16.599999999999987,0.0,0.0,0.0
211.63030169162082,28.42335441458748,16.599999999999984,0.0,0.0,0.0
211.62065362436982,28.42865148361843,16.599999999999987,0.0,0.0,0.0
211.6110049972277,28.433948421586607,16.599999999999987,0.0,0.0,0.0
211.60135580908212,28.43924522722583,16.599999999999987,0.0,0.0,0.0
211.5917060588216,28.4445418992708,16.599999999999987,0.0,0.0,0.0
211.58205574533568,28.44983843645681,16.599999999999987,0.0,0.0,0.0
211.5724048675148,28.45513483751998,16.59999999999999,0.0,0.0,0.0
211.56275342425036,28.460431101197077,16.599999999999987,0.0,0.0,0.0
211.55310141443462,28.465727226225695,16.599999999999987,0.0,0.0,0.0
211.54344883696086,28.471023211344026,16.59999999999999,0.0,0.0,0.0
211.53379569072325,28.47631905529111,16.599999999999987,0.0,0.0,0.0
211.5241419746169,28.48161475680662,16.599999999999987,0.0,0.0,0.0
211.5144876875378,28.48691031463104,16.59999999999999,0.0,0.0,0.0
211.50483282838306,28.492205727505496,16.599999999999987,0.0,0.0,0.0
211.49517739605045,28.497500994171887,16.599999999999987,0.0,0.0,0.0
211.48552138943882,28.502796113372874,16.599999999999987,0.0,0.0,0.0
211.47586480744795,28.50809108385177,16.599999999999984,0.0,0.0,0.0
211.46620764897864,28.513385904352607,16.599999999999987,0.0,0.0,0.0
211.45654991293242,28.51868057362021,16.599999999999987,0.0,0.0,0.0
211.44689159821183,28.52397509040013,16.599999999999987,0.0,0.0,0.0
211.43723270372044,28.529269453438545,16.599999999999984,0.0,0.0,0.0
211.4275732283626,28.534563661482487,16.599999999999987,0.0,0.0,0.0
211.41791317104375,28.539857713279574,16.599999999999987,0.0,0.0,0.0
211.40825253067004,28.54515160757831,16.599999999999987,0.0,0.0,0.0
211.39859130614883,28.550445343127738,16.599999999999984,0.0,0.0,0.0
211.38892949638816,28.555738918677804,16.599999999999987,0.0,0.0,0.0
211.37926710029714,28.56103233297903,16.599999999999984,0.0,0.0,0.0
211.36960411678575,28.56632558478278,16.599999999999987,0.0,0.0,0.0
211.35994054476495,28.571618672841023,16.59999999999999,0.0,0.0,0.0
211.35027638314654,28.57691159590658,16.599999999999987,0.0,0.0,0.0
211.3406116308434,28.582204352732862,16.599999999999987,0.0,0.0,0.0
211.33094628676906,28.587496942074136,16.599999999999987,0.0,0.0,0.0
211.32128034983842,28.592789362685266,16.599999999999984,0.0,0.0,0.0
211.31161381896683,28.59808161332194,16.599999999999987,0.0,0.0,0.0
211.3019466930709,28.603373692740483,16.599999999999987,0.0,0.0,0.0
211.292278971068,28.608665599698032,16.599999999999987,0.0,0.0,0.0
211.2826106518765,28.61395733295233,16.599999999999987,0.0,0.0,0.0
211.2729417344156,28.619248891261968,16.599999999999987,0.0,0.0,0.0
211.26327221760567,28.624540273386152,16.599999999999987,0.0,0.0,0.0
211.25360210036766,28.629831478084895,16.599999999999987,0.0,0.0,0.0
211.24393138162378,28.635122504118844,16.599999999999987,0.0,0.0,0.0
211.23426006029683,28.640413350249446,16.599999999999987,0.0,0.0,0.0
211.2245881353109,28.645704015238802,16.599999999999987,0.0,0.0,0.0
211.21491560559073,28.65099449784978,16.599999999999987,0.0,0.0,0.0
211.20524247006202,28.656284796845984,16.599999999999984,0.0,0.0,0.0
211.19556872765156,28.661574910991646,16.59999999999999,0.0,0.0,0.0
211.18589437728681,28.66686483905183,16.599999999999984,0.0,0.0,0.0
211.17621941789648,28.672154579792217,16.599999999999987,0.0,0.0,0.0
211.16654384840984,28.67744413197931,16.599999999999987,0.0,0.0,0.0
211.15686766775747,28.68273349438022,16.599999999999987,0.0,0.0,0.0
211.14719087487043,28.688022665762883,16.599999999999984,0.0,0.0,0.0
211.13751346868116,28.693311644895868,16.599999999999987,0.0,0.0,0.0
211.12783544812262,28.698600430548527,16.59999999999999,0.0,0.0,0.0
211.11815681212906,28.703889021490852,16.59999999999999,0.0,0.0,0.0
211.10847755963528,28.709177416493667,16.599999999999987,0.0,0.0,0.0
211.09879768957737,28.714465614328397,16.599999999999984,0.0,0.0,0.0
211.08911720089202,28.719753613767264,16.599999999999987,0.0,0.0,0.0
211.0794360925171,28.725041413583146,16.59999999999999,0.0,0.0,0.0
211.0697543633912,28.73032901254972,16.59999999999999,0.0,0.0,0.0
211.06007201245404,28.735616409441278,16.599999999999987,0.0,0.0,0.0
211.05038903864596,28.740903603032923,16.599999999999984,0.0,0.0,0.0
211.0407054409086,28.74619059210039,16.599999999999987,0.0,0.0,0.0
211.03102121818415,28.75147737542022,16.599999999999984,0.0,0.0,0.0
211.02133636941602,28.756763951769575,16.599999999999987,0.0,0.0,0.0
211.01165089354834,28.762050319926416,16.599999999999987,0.0,0.0,0.0
211.00196478952628,28.76733647866935,16.599999999999984,0.0,0.0,0.0
210.99227805629582,28.772622426777783,16.599999999999987,0.0,0.0,0.0
210.98259069280402,28.777908163031718,16.599999999999987,0.0,0.0,0.0
210.9729026979987,28.783193686211977,16.599999999999984,0.0,0.0,0.0
210.96321407082863,28.788478995100096,16.599999999999987,0.0,0.0,0.0
210.95352481024364,28.79376408847821,16.599999999999987,0.0,0.0,0.0
210.9438349151942,28.79904896512933,16.599999999999987,0.0,0.0,0.0
210.93414438463208,28.804333623837028,16.599999999999987,0.0,0.0,0.0
210.92445321750955,28.809618063385724,16.599999999999987,0.0,0.0,0.0
210.91476141278017,28.81490228256043,16.599999999999987,0.0,0.0,0.0
210.90506896939812,28.820186280146988,16.599999999999987,0.0,0.0,0.0
210.89537588631873,28.825470054931827,16.599999999999987,0.0,0.0,0.0
210.88568216249806,28.830753605702238,16.599999999999984,0.0,0.0,0.0
210.8759877968933,28.83603693124608,16.599999999999987,0.0,0.0,0.0
210.8662927884623,28.84132003035203,16.599999999999987,0.0,0.0,0.0
210.85659713616403,28.846602901809398,16.599999999999987,0.0,0.0,0.0
210.84690083895825,28.851885544408297,16.59999999999999,0.0,0.0,0.0
210.83720389580577,28.857167956939435,16.599999999999987,0.0,0.0,0.0
210.82750630566812,28.86245013819437,16.599999999999987,0.0,0.0,0.0
210.817808067508,28.867732086965226,16.599999999999987,0.0,0.0,0.0
210.80810918028877,28.873013802044987,16.59999999999999,0.0,0.0,0.0
210.79840964297492,28.878295282227207,16.599999999999987,0.0,0.0,0.0
210.78870945453164,28.88357652630625,16.599999999999987,0.0,0.0,0.0
210.7790086139253,28.88885753307714,16.599999999999987,0.0,0.0,0.0
210.7693071201229,28.894138301335673,16.599999999999984,0.0,0.0,0.0
210.7596049720926,28.899418829878243,16.599999999999987,0.0,0.0,0.0
210.74990216880326,28.904699117502094,16.599999999999987,0.0,0.0,0.0
210.74019870922487,28.90997916300505,16.599999999999987,0.0,0.0,0.0
210.73049459232817,28.915258965185725,16.59999999999999,0.0,0.0,0.0
210.72078981708478,28.92053852284346,16.599999999999987,0.0,0.0,0.0
210.7110843824675,28.925817834778204,16.599999999999987,0.0,0.0,0.0
210.7013782874497,28.93109689979074,16.599999999999987,0.0,0.0,0.0
210.69167153100594,28.936375716682438,16.599999999999987,0.0,0.0,0.0
210.6819641121115,28.94165428425551,16.599999999999987,0.0,0.0,0.0
210.6722560297427,28.94693260131272,16.599999999999984,0.0,0.0,0.0
210.66254728287666,28.952210666657706,16.599999999999984,0.0,0.0,0.0
210.6528378704916,28.957488479094675,16.599999999999987,0.0,0.0,0.0
210.64312779156637,28.96276603742864,16.599999999999987,0.0,0.0,0.0
210.63341704508102,28.968043340465243,16.599999999999987,0.0,0.0,0.0
210.6237056300163,28.973320387010926,16.599999999999984,0.0,0.0,0.0
210.613993545354,28.978597175872725,16.599999999999987,0.0,0.0,0.0
210.60428079007667,28.983873705858496,16.599999999999984,0.0,0.0,0.0
210.59456736316804,28.989149975776712,16.599999999999987,0.0,0.0,0.0
210.58485326361242,28.99442598443662,16.599999999999987,0.0,0.0,0.0
210.57513849039532,28.99970173064812,16.599999999999984,0.0,0.0,0.0
210.56542304250289,29.004977213221885,16.599999999999987,0.0,0.0,0.0
210.5557069189225,29.010252430969178,16.599999999999987,0.0,0.0,0.0
210.54599011864212,29.015527382702125,16.59999999999999,0.0,0.0,0.0
210.53627264065085,29.02080206723341,16.599999999999987,0.0,0.0,0.0
210.52655448393855,29.026076483376546,16.599999999999984,0.0,0.0,0.0
210.51683564749615,29.031350629945635,16.599999999999987,0.0,0.0,0.0
210.50711613031535,29.036624505755615,16.599999999999984,0.0,0.0,0.0
210.4973959313888,29.041898109621968,16.599999999999984,0.0,0.0,0.0
210.48767504971008,29.047171440361023,16.599999999999984,0.0,0.0,0.0
210.4779534842736,29.052444496789793,16.599999999999984,0.0,0.0,0.0
210.46823123407484,29.057717277725892,16.599999999999987,0.0,0.0,0.0
210.45850829811,29.062989781987767,16.599999999999987,0.0,0.0,0.0
210.44878467537632,29.06826200839446,16.599999999999984,0.0,0.0,0.0
210.43906036487186,29.073533955765836,16.599999999999984,0.0,0.0,0.0
210.4293353655957,29.078805622922314,16.599999999999987,0.0,0.0,0.0
210.41960967654765,29.084077008685185,16.599999999999984,0.0,0.0,0.0
210.40988329672865,29.08934811187628,16.599999999999984,0.0,0.0,0.0
210.4001562251403,29.09461893131828,16.599999999999987,0.0,0.0,0.0
210.39042846078536,29.099889465834423,16.599999999999984,0.0,0.0,0.0
210.38070000266725,29.105159714248806,16.59999999999999,0.0,0.0,0.0
210.3709708497905,29.11042967538608,16.599999999999987,0.0,0.0,0.0
210.3612410011604,29.115699348071722,16.59999999999999,0.0,0.0,0.0
210.35151045578326,29.1209687311318,16.59999999999999,0.0,0.0,0.0
210.34177921266618,29.12623782339321,16.599999999999987,0.0,0.0,0.0
210.3320472708173,29.13150662368341,16.599999999999987,0.0,0.0,0.0
210.32231462924548,29.13677513083068,16.599999999999984,0.0,0.0,0.0
210.31258128696072,29.142043343663907,16.599999999999984,0.0,0.0,0.0
210.30284724297366,29.147311261012778,16.599999999999987,0.0,0.0,0.0
210.2931124962961,29.15257888170756,16.599999999999984,0.0,0.0,0.0
210.28337704594048,29.15784620457935,16.599999999999987,0.0,0.0,0.0
210.27364089092046,29.16311322845982,16.599999999999987,0.0,0.0,0.0
210.2639040302503,29.16837995218146,16.599999999999984,0.0,0.0,0.0
210.25416646294536,29.17364637457736,16.599999999999987,0.0,0.0,0.0
210.24442818802183,29.178912494481366,16.59999999999999,0.0,0.0,0.0
210.23468920449673,29.184178310728065,16.599999999999984,0.0,0.0,0.0
210.2249495113881,29.18944382215262,16.599999999999987,0.0,0.0,0.0
210.21520910771494,29.19470902759097,16.599999999999987,0.0,0.0,0.0
210.20546799249698,29.199973925879764,16.599999999999987,0.0,0.0,0.0
210.19572616475483,29.20523851585636,16.599999999999987,0.0,0.0,0.0
210.18598362351023,29.210502796358735,16.599999999999987,0.0,0.0,0.0
210.17624036778557,29.21576676622567,16.599999999999987,0.0,0.0,0.0
210.16649639660443,29.221030424296536,16.599999999999987,0.0,0.0,0.0
210.15675170899092,29.226293769411527,16.59999999999999,0.0,0.0,0.0
210.14700630397041,29.231556800411372,16.599999999999987,0.0,0.0,0.0
210.1372601805689,29.23681951613769,16.599999999999987,0.0,0.0,0.0
210.12751333781347,29.242081915432614,16.599999999999987,0.0,0.0,0.0
210.11776577473196,29.24734399713913,16.599999999999984,0.0,0.0,0.0
210.10801749035323,29.252605760100792,16.59999999999999,0.0,0.0,0.0
