galstreams/tracks/track.st.C-5.ibata2021.ecsv
# %ECSV 1.0
# ---
# datatype:
# - {name: ra, unit: deg, datatype: float64}
# - {name: dec, unit: deg, datatype: float64}
# - {name: distance, unit: kpc, datatype: float64}
# - {name: pm_ra_cosdec, unit: mas / yr, datatype: float64}
# - {name: pm_dec, unit: mas / yr, datatype: float64}
# - {name: radial_velocity, unit: km / s, datatype: float64}
# delimiter: ','
# meta: !!omap
# - __serialized_columns__:
#     dec:
#       __class__: astropy.coordinates.angles.Latitude
#       unit: &id001 !astropy.units.Unit {unit: deg}
#       value: !astropy.table.SerializedColumn {name: dec}
#     distance:
#       __class__: astropy.coordinates.distances.Distance
#       unit: !astropy.units.Unit {unit: kpc}
#       value: !astropy.table.SerializedColumn {name: distance}
#     pm_dec:
#       __class__: astropy.units.quantity.Quantity
#       unit: !astropy.units.Unit {unit: mas / yr}
#       value: !astropy.table.SerializedColumn {name: pm_dec}
#     pm_ra_cosdec:
#       __class__: astropy.units.quantity.Quantity
#       unit: !astropy.units.Unit {unit: mas / yr}
#       value: !astropy.table.SerializedColumn {name: pm_ra_cosdec}
#     ra:
#       __class__: astropy.coordinates.angles.Longitude
#       unit: *id001
#       value: !astropy.table.SerializedColumn {name: ra}
#       wrap_angle: !astropy.coordinates.Angle
#         unit: *id001
#         value: 360.0
#     radial_velocity:
#       __class__: astropy.units.quantity.Quantity
#       unit: !astropy.units.Unit {unit: km / s}
#       value: !astropy.table.SerializedColumn {name: radial_velocity}
# schema: astropy-2.0
ra,dec,distance,pm_ra_cosdec,pm_dec,radial_velocity
[from data line 427]
117.96764546638424,34.634595497190354,4.689188387989519,-0.6855227855337342,-9.598173531796547,86.98604341915609
117.978172493057,34.62959064641273,4.692929442134547,-0.6845680960514038,-9.593556858271349,87.27961911945022
117.98869534207478,34.62458041324672,4.696681914926613,-0.6836106747028312,-9.588920377970823,87.57565734539
117.99921399242507,34.61956476792824,4.700445866311012,-0.6826504889561438,-9.58426386524386,87.87416796147039
118.00972842308708,34.614543680699754,4.704221356233046,-0.6816875061956829,-9.579587094449561,88.17516083218639
118.02023861303165,34.60951712181026,4.708008444638009,-0.6807216937221501,-9.57488983995725,88.47864582203285
118.03074454122138,34.60448506151534,4.711807191471202,-0.6797530187527991,-9.570171876146457,88.78463279550472
118.04124618661068,34.599447470077045,4.715617656677923,-0.6787814484215997,-9.565432977406925,89.09313161709696
118.05174352814569,34.594404317763995,4.719439900203468,-0.677806949779407,-9.56067291813863,89.40415215130443
118.06223654476446,34.58935557485132,4.723273981993137,-0.676829489794144,-9.555891472751753,89.71770426262206
118.07272521539686,34.58430121162065,4.727119961992229,-0.6758490353509599,-9.551088415666706,90.03379781554484
118.08320951896472,34.57924119836014,4.73097790014604,-0.6748655532524372,-9.54626352131412,90.35244267456765
118.0936894343818,34.574175505364444,4.734847856399869,-0.6738790102187293,-9.541416564134856,90.67364870418535
118.10416494055382,34.5691041029347,4.738729890699013,-0.6728893728877581,-9.536547318579977,90.99742576889295
118.11463601637858,34.564026961378545,4.742624062988773,-0.6718966078153992,-9.531655559110787,91.32378373318535
118.12510264074587,34.55894405101009,4.746530433214443,-0.6709006814756417,-9.526741060198813,91.65273246155745
118.13556479253764,34.55385534214993,4.750449061321325,-0.6699015602607821,-9.521803596325794,91.98428181850416
118.14602245062791,34.54876080512509,4.754380007254715,-0.6688992104816034,-9.516842941983706,92.31844166852058
118.15647559388294,34.54366041026913,4.758323330959911,-0.6678935983675518,-9.511858871674734,92.65522187610135
118.16692420116121,34.538554127922005,4.7622790923822125,-0.6668846900669267,-9.5068511599113,92.99463230574158
118.17736825131328,34.53344192843014,4.766247351466916,-0.6658724516470387,-9.501819581216028,93.33668282193618
118.18780772318225,34.528323782146394,4.7702281681593215,-0.6648568490944466,-9.496763910121777,93.68138328917998
118.19824259560329,34.52319965943006,4.774221602404724,-0.6638378483150764,-9.49168392117162,94.02874357196802
118.2086728474041,34.51806953064688,4.778227714148425,-0.6628154151344643,-9.486579388918841,94.37877353479506
118.21909845740473,34.51293336616898,4.78224656333572,-0.6617895152979107,-9.481450087926955,94.73148304215624
118.22951940441762,34.507791136374934,4.78627820991191,-0.6607601144706758,-9.47629579276967,95.08688195854634
118.23993566724769,34.502642811649714,4.790322713822291,-0.6597271782381693,-9.47111627803092,95.44498014846032
118.25034722469249,34.49748836238467,4.794380135012162,-0.6586906721061494,-9.465911318304837,95.80578747639308
118.26075405554195,34.49232775897758,4.79845053342682,-0.6576505615008839,-9.460680688195769,96.16931380683964
118.27115613857866,34.48716097183258,4.802533969011563,-0.6566068117693762,-9.455424162318264,96.53556900429477
118.2815534525779,34.481987971360205,4.806630501711689,-0.6555593881795425,-9.45014151529707,96.90456293325346
118.29194597630747,34.476808727977335,4.810740191472499,-0.6545082559203883,-9.44483252176713,97.27630545821069
118.30233368852798,34.471623212107254,4.8148630982392895,-0.6534533801022304,-9.439496956373587,97.6508064436613
118.31271656799281,34.46643139417955,4.818999281957356,-0.6523947257568832,-9.43413459377177,98.02807575410027
118.323094593448,34.46123324463022,4.823148802572001,-0.6513322578378276,-9.428745208627191,98.40812325402253
118.33346774363253,34.45602873390157,4.827311720028519,-0.650265941220455,-9.423328575615558,98.79095880792296
118.34383599727813,34.45081783244223,4.831488094272211,-0.6491957407022166,-9.417884469422747,99.17659228029648
118.35419933310955,34.44560051070719,4.835677985248373,-0.6481216210028604,-9.412412664744814,99.5650335356381
118.36455772984438,34.44037673915773,4.839881452902302,-0.6470435467646007,-9.406912936287977,99.95629243844256
118.37491116619319,34.43514648826145,4.8440985571793,-0.6459614825523272,-9.401385058768625,100.35037885320502
118.38525962085966,34.429909728492284,4.848329358024661,-0.6448753928538227,-9.395828806913308,100.74730264442019
118.39560307254042,34.424666430330426,4.852573915383687,-0.6437852420799324,-9.390243955458725,101.14707367658306
118.40594149992528,34.41941656426237,4.856832289201674,-0.6426909945647963,-9.384630279151729,101.54970181418878
118.41627488169712,34.414160100780904,4.861104539423919,-0.6415926145660311,-9.37898755274932,101.95519692173191
118.42660319653204,34.40889701038507,4.865390725995722,-0.6404900662649422,-9.373315551018624,102.36356886370764
118.43692642309937,34.403627263580205,4.869690908862381,-0.639383313766734,-9.367614048736908,102.77482750461068
118.4472445400616,34.39835083087788,4.874005147969193,-0.6382723211006991,-9.36188282069157,103.1889827089362
118.45755752607465,34.39306768279592,4.878333503261456,-0.637157052220445,-9.356121641680113,103.6060443411789
118.4678653597877,34.38777778985841,4.88267603468447,-0.6360374710040837,-9.350330286510157,104.02602226583389
118.47816801984335,34.382481122595664,4.887032802183532,-0.6349135412544551,-9.344508529999441,104.44892634739583
118.48846548487754,34.377177651544194,4.891403865703938,-0.633785226699314,-9.338656146975776,104.87476645035991
118.49875773351981,34.37186734724677,4.895789285190991,-0.6326524909915747,-9.33277291227709,105.30355243922101
118.50904474439304,34.36655018025236,4.900189120589986,-0.6315152977094765,-9.326858600751384,105.7352941784739
118.51932649611378,34.36122612111614,4.904603431846222,-0.6303736103568345,-9.320912987256731,106.17000153261363
118.5296029672921,34.35589514039945,4.909032278904994,-0.6292273923632368,-9.314935846661282,106.60768436613515
118.53987413653174,34.350557208669855,4.913475721711604,-0.6280766070842465,-9.308926953843233,107.04835254353326
118.55013998243003,34.345212296501074,4.917933820211349,-0.6269212178016312,-9.302886083690847,107.49201592930294
118.5604004835781,34.33986037447303,4.922406634349525,-0.6257611877235743,-9.296813011102424,107.93868438793915
118.57065561856079,34.33450141317176,4.926894224071434,-0.6245964799848882,-9.290707510986298,108.38836778393677
118.58090536595668,34.32913538318948,4.931396649322371,-0.623427057647223,-9.284569358260823,108.84107598179071
118.59114970433825,34.32376225512456,4.935913970047635,-0.6222528836992991,-9.27839832785438,109.29681884599606
118.60138861227189,34.31838199958148,4.940446246192525,-0.6210739210571208,-9.272194194705346,109.75560624104746
118.61162206831779,34.31299458717087,4.94499353770234,-0.6198901325641795,-9.265956733762096,110.21744803144013
118.62185005103015,34.30759998850949,4.949555904522374,-0.6187014809916893,-9.259685719983,110.68235408166872
118.63207253895727,34.30219817422017,4.9541334065979274,-0.6175079290388186,-9.253380928336405,111.15033425622832
118.64228951064135,34.29678911493188,4.958726103874299,-0.6163094393328699,-9.247042133800615,111.6213984196138
118.65250094461875,34.29137278127968,4.963334056296787,-0.6151059744295466,-9.240669111363896,112.09555643632015
118.66270681941992,34.28594914390467,4.967957323810689,-0.6138974968131476,-9.234261636024456,112.57281817084221
118.67290711356956,34.2805181734541,4.972595966361303,-0.6126839688968091,-9.227819482790444,113.05319348767486
118.68310180558647,34.275079840581235,4.9772500438939264,-0.6114653530227119,-9.22134242667993,113.5366922513132
118.69329087398381,34.26963411594541,4.981919616353858,-0.6102416114623148,-9.214830242720897,114.023324326252
118.70347429726898,34.26418097021202,4.986604743686398,-0.60901270641659,-9.208282705951223,114.51309957698625
118.71365205394375,34.25872037405249,4.99130548583684,-0.6077786000162284,-9.20169959141868,115.00602786801088
118.72382412250425,34.25325229814428,4.996021902750487,-0.6065392543218882,-9.195080674180911,115.50211906382073
118.7339904814411,34.247776713170886,5.000754054372632,-0.6052946313244116,-9.18842572930544,116.00138302891081
118.74415110923927,34.2422935898218,5.005502000648578,-0.6040446929450507,-9.181734531869623,116.50382962777608
118.7543059843784,34.236802898792526,5.01026580152362,-0.6027894010357162,-9.175006856960664,117.00946872491126
118.7644550853326,34.23130461078457,5.015045516943056,-0.6015287173791846,-9.168242479675602,117.51831018481145
118.77459839057059,34.2257986965054,5.019841206852186,-0.6002626036893473,-9.161441175121272,118.03036387197164
118.78473587855572,34.22028512666849,5.024652931196308,-0.5989910216114231,-9.154602718414326,118.54563965088661
118.7948675277461,34.2147638719933,5.02948074992072,-0.5977139327222263,-9.147726884681191,119.0641473860513
118.80499331659453,34.20923490320518,5.034324722970718,-0.596431298530367,-9.14081344905808,119.58589694196063
118.8151132235486,34.20369819103551,5.039184910291602,-0.5951430804764946,-9.133862186690953,120.11089818310964
118.82522722705066,34.19815370622155,5.044061371828669,-0.593849239933538,-9.126872872735524,120.63916097399309
118.83533530553804,34.19260141950651,5.048954167527219,-0.5925497382069467,-9.119845282357229,121.17069517910605
118.8454374374429,34.18704130163953,5.053863357332548,-0.5912445365349144,-9.112779190731226,121.70551066294331
118.85553360119238,34.18147332337569,5.058789001189957,-0.589933596088625,-9.105674373042374,122.2436172899998
118.86562377520863,34.1758974554759,5.06373115904474,-0.5886168779724956,-9.098530604485225,122.78502492477065
118.87570793790884,34.17031366870702,5.0686898908421965,-0.5872943432244022,-9.091347660263986,123.32974343175047
118.88578606770527,34.164721933841776,5.073665256527626,-0.5859659528159313,-9.084125315592539,123.87778267543446
118.89585814300537,34.15912222165878,5.0786573160463275,-0.5846316676526233,-9.076863345694386,124.42915252031737
118.90592414221167,34.15351450294248,5.083666129343596,-0.5832914485741951,-9.069561525802673,124.98386283089424
118.91598404372205,34.14789874848322,5.0886917563647325,-0.5819452563548104,-9.06221963116014,125.5419234716599
118.92603782592958,34.142274929077125,5.093734257055034,-0.5805930517032993,-9.054837437019124,126.1033443071094
118.93608546722264,34.136643015526246,5.098793691359797,-0.5792347952634138,-9.04741471864154,126.6681352017374
118.946126945985,34.131002978638385,5.10387011922432,-0.5778704476140719,-9.039951251298863,127.23630602003907
118.95616224059586,34.12535478922719,5.108963600593905,-0.5764999692695936,-9.032446810272091,127.80786662650934
118.9661913294298,34.119698418112094,5.114074195413846,-0.575123320679964,-9.024901170851777,128.38282688564297
118.97621419085694,34.11403383611835,5.119201963629442,-0.5737404622310653,-9.017314108337958,128.961196661935
118.98623080324296,34.108361014077,5.124346965185992,-0.5723513542449368,-9.009685398040173,129.54298581988024
118.9962411449491,34.10267992282482,5.129509260028794,-0.5709559569800118,-9.002014815277422,130.1282042239738
119.00624519433224,34.0969905332044,5.134688908103144,-0.5695542306313728,-8.994302135378167,130.7168617387104
119.0162429297449,34.091292816064055,5.139885969354344,-0.5681461353309909,-8.986547133680304,131.30896822858517
119.02623432953546,34.08558674225785,5.145100503727689,-0.5667316311480102,-8.97874958553114,131.90453355809288
119.03621937204788,34.07987228264562,5.150332571168477,-0.5653106780889536,-8.970909266287396,132.5035675917284
119.04619803562211,34.07414940809285,5.155582231622008,-0.563883236098008,-8.963025951315153,133.1060801939869
119.05617029859386,34.0684180894708,5.160849545033578,-0.5624492650572619,-8.955099415989862,133.71208122936312
119.06613613929477,34.06267829765645,5.166134571348488,-0.5610087247869648,-8.947129435696315,134.32158056235195
119.07609553605245,34.0569300035324,5.171437370512034,-0.5595615750457732,-8.939115785828623,134.93458805744845
119.08604846719055,34.051173177986996,5.176758002469513,-0.5581077755310302,-8.9310582417902,135.55111357914745
119.0959949110287,34.04540779191423,5.182096527166228,-0.5566472858789853,-8.922956578993734,136.17116699194386
119.10593484588269,34.039633816213765,5.187453004547471,-0.5551800656650849,-8.914810572861198,136.7947581603327
119.11586825006441,34.03385122179091,5.192827494558544,-0.5537060744042015,-8.906619998823775,137.42189694880884
119.12579510188193,34.02805997955664,5.198220057144744,-0.5522252715509066,-8.898384632321891,138.0525932218671
119.13571537963963,34.022260060427506,5.203630752251368,-0.5507376164997395,-8.890104248805162,138.6868568440026
119.14562906163809,34.01645143532573,5.209059639823717,-0.5492430685854415,-8.881778623732382,139.32469767971014
119.15553612617431,34.01063407517913,5.214506779807086,-0.5477415870832378,-8.873407532571502,139.9661255934847
119.16543655154157,34.00480795092112,5.219972232146775,-0.5462331312090889,-8.864990750799615,140.6111504498212
119.17533031602966,33.9989730334907,5.225456056788081,-0.5447176601199435,-8.856528053902919,141.25978211321444
119.18521739792477,33.99312929383245,5.230958313676302,-0.5431951329140277,-8.848019217376711,141.91203044815944
119.19509777550971,33.987276702896516,5.2364790627567395,-0.5416655086310778,-8.839464016725355,142.56790531915124
119.20497142706377,33.981415231638586,5.242018363974687,-0.540128746252631,-8.83086222746226,143.22741659068453
119.21483833086289,33.97554485101993,5.247576277275444,-0.5385848047022601,-8.822213625109866,143.8905741272543
119.22469846517967,33.96966553200731,5.25315286260431,-0.5370336428458695,-8.81351798519961,144.55738779335562
119.23455180828344,33.963777245573034,5.258748179906582,-0.5354752194919357,-8.804775083271904,145.22786745348333
119.24439833844025,33.95787996269492,5.2643622891275585,-0.5339094933917874,-8.795984694876127,145.90202297213236
119.25423803391301,33.951973654356266,5.269995250212537,-0.5323364232398808,-8.787146595570583,146.5798642137975
119.26407087296147,33.9460582915459,5.2756471231068165,-0.5307559676740512,-8.778260560922488,147.261401042974
119.27389683384226,33.94013384525809,5.281317967755693,-0.5291680852757774,-8.769326366507938,147.94664332415635
119.28371589480892,33.9342002864926,5.287007844104468,-0.5275727345704673,-8.76034378791189,148.63560092183982
119.29352803411216,33.92825758625462,5.292716812098438,-0.525969874027731,-8.751312600728143,149.32828370051908
119.30333322999955,33.9223057155548,5.2984449316829005,-0.5243594620616352,-8.742232580559303,150.02470152468922
119.31313146071587,33.91634464540923,5.304192262803156,-0.5227414570309756,-8.733103503016768,150.72486425884526
119.32292270450297,33.91037434683943,5.309958865404497,-0.5211158172395649,-8.723925143720692,151.42878176748187
119.33270693959999,33.904394790872296,5.3157447994322276,-0.5194825009364914,-8.714697278299969,152.13646391509414
119.34248414424323,33.898405948540166,5.321550124831643,-0.5178414663163946,-8.705419682392206,152.84792056617695
119.3522542966663,33.89240779088073,5.327374901548041,-0.5161926715197445,-8.696092131643695,153.56316158522517
119.36201737510021,33.886400288937054,5.333219189526723,-0.5145360746331158,-8.686714401709379,154.28219683673373
119.37177335777326,33.88038341375763,5.339083048712984,-0.5128716336894561,-8.677286268252855,155.00503618519772
119.38152222291127,33.874357136396206,5.3449665390521215,-0.5111993066683671,-8.667807506946312,155.73168949511182
119.39126394873752,33.86832142791195,5.350869720489437,-0.5095190514963783,-8.658277893470524,156.46216663097115
