galstreams/tracks/track.st.Slidr.ibata2021.ecsv
# %ECSV 0.9
# ---
# datatype:
# - {name: ra, unit: deg, datatype: float64}
# - {name: dec, unit: deg, datatype: float64}
# - {name: distance, unit: kpc, datatype: float64}
# - {name: pm_ra_cosdec, unit: mas / yr, datatype: float64}
# - {name: pm_dec, unit: mas / yr, datatype: float64}
# - {name: radial_velocity, unit: km / s, datatype: float64}
# delimiter: ','
# meta: !!omap
# - __serialized_columns__:
#     dec:
#       __class__: astropy.coordinates.angles.Latitude
#       unit: &id001 !astropy.units.Unit {unit: deg}
#       value: !astropy.table.SerializedColumn {name: dec}
#     distance:
#       __class__: astropy.coordinates.distances.Distance
#       unit: !astropy.units.Unit {unit: kpc}
#       value: !astropy.table.SerializedColumn {name: distance}
#     pm_dec:
#       __class__: astropy.units.quantity.Quantity
#       unit: !astropy.units.Unit {unit: mas / yr}
#       value: !astropy.table.SerializedColumn {name: pm_dec}
#     pm_ra_cosdec:
#       __class__: astropy.units.quantity.Quantity
#       unit: !astropy.units.Unit {unit: mas / yr}
#       value: !astropy.table.SerializedColumn {name: pm_ra_cosdec}
#     ra:
#       __class__: astropy.coordinates.angles.Longitude
#       unit: *id001
#       value: !astropy.table.SerializedColumn {name: ra}
#       wrap_angle: !astropy.coordinates.Angle
#         unit: *id001
#         value: 360.0
#     radial_velocity:
#       __class__: astropy.units.quantity.Quantity
#       unit: !astropy.units.Unit {unit: km / s}
#       value: !astropy.table.SerializedColumn {name: radial_velocity}
# schema: astropy-2.0
ra,dec,distance,pm_ra_cosdec,pm_dec,radial_velocity
[from data line 2261]
170.0787323519239,6.87316197812349,3.3009426431468736,-20.458265146283875,-5.3097744336826125,-49.895471839065
170.08804435424983,6.870228995089725,3.3014011857793353,-20.453188339277986,-5.3084806612025455,-49.892498793770116
170.09735541525697,6.867290433401965,3.301860178225089,-20.448109230425775,-5.307187258790134,-49.88952009362751
170.10666553431855,6.864346290920201,3.3023196205653047,-20.443027824482197,-5.305894227873606,-49.8865357364681
170.11597471081436,6.861396565547028,3.3027795128786597,-20.437944126225577,-5.304601569883429,-49.88354572016585
170.12528294413067,6.8584412552278256,3.3032398552413174,-20.432858140457817,-5.303309286252386,-49.88055004263775
170.13459023366042,6.855480357950782,3.303700647726928,-20.4277698720043,-5.3020173784154965,-49.87754870184453
170.14389657880307,6.852513871746972,3.3041618904066357,-20.422679325713897,-5.300725847810064,-49.87454169579028
170.15320197896463,6.849541794690496,3.304623583349051,-20.41758650645915,-5.299434695875678,-49.87152902252266
170.16250643355795,6.84656412489848,3.3050857266202702,-20.412491419136146,-5.29814392405419,-49.868510680133234
170.1718099420023,6.843580860531241,3.305548320283847,-20.407394068664704,-5.296853533789727,-49.86548666675688
170.18111250372374,6.840591999792331,3.3060113644008053,-20.402294459988305,-5.29556352652871,-49.862456980572716
170.1904141181549,6.837597540928594,3.3064748590296285,-20.397192598074128,-5.294273903719817,-49.85942161980333
170.19971478473525,6.834597482230295,3.306938804226252,-20.39208848791313,-5.29298466681401,-49.85638058271578
170.2090145029108,6.8315918220312,3.3074032000440576,-20.386982134520075,-5.291695817264551,-49.85333386762097
170.21831327213442,6.828580558708629,3.307868046533876,-20.381873542933565,-5.290407356526963,-49.850281472873995
170.22761109186567,6.825563690683568,3.3083333437439726,-20.37676271821608,-5.289119286059056,-49.84722339687394
170.23690796157084,6.8225412164207215,3.308799091720047,-20.371649665454004,-5.2878316073209355,-49.84415963806479
170.2462038807231,6.819513134428634,3.3092652905052313,-20.366534389757614,-5.286544321774973,-49.84109019493453
170.25549884880226,6.8164794432597615,3.3097319401400735,-20.361416896261286,-5.285257430885851,-49.83801506601567
170.26479286529514,6.813440141510523,3.3101990406625497,-20.356297190123264,-5.283970936120502,-49.83493424988559
170.27408592969522,6.810395227821431,3.3106665921080443,-20.351175276525947,-5.282684838948179,-49.831847745166094
170.28337804150289,6.807344700877146,3.3111345945093493,-20.34605116067578,-5.281399140840422,-49.828755550523695
170.29266920022536,6.804288559406571,3.3116030478966643,-20.34092484780333,-5.2801138432710495,-49.82565766466982
170.3019594053769,6.801226802182942,3.3120719522975843,-20.33579634316333,-5.278828947716168,-49.82255408636119
170.3112486564784,6.7981594280238875,3.3125413077370984,-20.33066565203471,-5.2775444556542,-49.819444814398885
170.3205369530579,6.795086435791538,3.3130111142375873,-20.325532779720636,-5.276260368565833,-49.81632984762969
170.32982429465025,6.792007824392606,3.3134813718188094,-20.32039773154852,-5.274976687934062,-49.81320918494505
170.3391106807973,6.78892359277844,3.313952080497908,-20.31526051287006,-5.2736934152441854,-49.81008282528221
170.34839611104783,6.785833739945158,3.3144232402893943,-20.31012112906134,-5.272410551983789,-49.8069507676233
170.35768058495762,6.782738264933703,3.3148948512051515,-20.30497958552279,-5.271128099642756,-49.80381301099613
170.36696410208947,6.779637166829925,3.3153669132544215,-20.29983588767928,-5.26984605971328,-49.80066955447407
170.37624666201316,6.776530444764673,3.315839426443811,-20.29469004098005,-5.268564433689843,-49.79752039717603
170.38552826430558,6.773418097913875,3.316312390777276,-20.289542050898902,-5.267283223069226,-49.79436553826654
170.39480890855057,6.770300125498618,3.3167858062561186,-20.284391922934105,-5.266002429350523,-49.79120497695593
170.40408859433913,6.767176526785259,3.317259672878989,-20.279239662608497,-5.264722054035127,-49.788038712500644
170.4133673212693,6.764047301085477,3.3177339906418726,-20.274085275469496,-5.263442098626739,-49.784866744202795
170.42264508894627,6.760912447756369,3.318208759538087,-20.26892876708916,-5.2621625646313595,-49.781689071410746
170.43192189698223,6.757771966200535,3.318683979558278,-20.26377014306419,-5.260883453557293,-49.7785056935187
170.4411977449967,6.754625855866169,3.319159650690416,-20.25860940901599,-5.259604766915165,-49.77531660996741
170.45047263261625,6.751474116247145,3.3196357729197863,-20.25344657059072,-5.258326506217908,-49.7721218202437
170.4597465594746,6.748316746883058,3.32011234622899,-20.248281633459236,-5.257048672980748,-49.76892132388074
170.4690195252127,6.745153747359384,3.3205893705979346,-20.24311460331726,-5.255771268721235,-49.76571512045843
170.4782915294787,6.741985117307525,3.3210668460038257,-20.237945485885362,-5.25449429495924,-49.762503209603004
170.487562571928,6.738810856404869,3.321544772421175,-20.232774286908928,-5.253217753216932,-49.7592855909874
170.49683265222325,6.735630964374918,3.3220231498217765,-20.227601012158306,-5.251941645018796,-49.75606226433126
170.5061017700343,6.732445440987345,3.3225019781747203,-20.22242566742875,-5.250665971891645,-49.752833229401176
170.5153699250383,6.729254286058099,3.3229812574463726,-20.21724825854054,-5.249390735364595,-49.74959848601028
170.5246371169198,6.7260574994494755,3.3234609876003804,-20.21206879133894,-5.248115936969085,-49.74635803401915
170.5339033453705,6.722855081070206,3.323941168597657,-20.206887271694278,-5.246841578238882,-49.74311187333526
170.5431686100895,6.719647030875538,3.3244218003963915,-20.20170370550195,-5.245567660710057,-49.7398600039128
170.55243291078332,6.716433348867331,3.3249028829520273,-20.196518098682528,-5.244294185921014,-49.73660242575403
170.56169624716577,6.713214035094138,3.3253844162172665,-20.191330457181678,-5.243021155412478,-49.73333913890796
170.57095861895806,6.7099890896512795,3.325866400142063,-20.18614078697031,-5.241748570727491,-49.730070143471096
170.5802200258888,6.706758512680944,3.3263488346736176,-20.180949094044568,-5.240476433411421,-49.72679543958766
170.58948046769396,6.703522304372262,3.3268317197563713,-20.175755384425823,-5.239204745011968,-49.72351502744903
170.59873994411709,6.700280464961402,3.327315055331999,-20.170559664160805,-5.237933507079161,-49.72022890729491
170.60799845490908,6.697032994731636,3.327798841339414,-20.165361939321524,-5.236662721165341,-49.716937079412155
170.6172559998283,6.693779894013445,3.3282830777147496,-20.16016221600537,-5.235392388825196,-49.7136395441357
170.62651257864067,6.69052116318461,3.3287677643913582,-20.154960500335214,-5.234122511615732,-49.710336301848486
170.63576819111958,6.68725680267027,3.329252901299815,-20.149756798459297,-5.232853091096292,-49.70702735298156
170.6450228370459,6.68398681294302,3.3297384883678993,-20.14455111655137,-5.231584128828555,-49.703712698013604
170.6542765162081,6.680711194523013,3.3302245255205976,-20.139343460810704,-5.230315626376522,-49.70039233747211
170.66352922840224,6.677429947978016,3.330711012680098,-20.134133837462098,-5.229047585306544,-49.697066271932506
170.67278097343183,6.67414307392352,3.3311979497657833,-20.128922252756,-5.227780007187286,-49.69373450201858
170.6820317511081,6.670850573022811,3.3316853366942247,-20.12370871296841,-5.226512893589779,-49.69039702840254
170.69128156124984,6.667552445987063,3.3321731733791817,-20.118493224401014,-5.225246246087365,-49.68705385180533
170.70053040368347,6.664248693575413,3.332661459731592,-20.1132757933812,-5.223980066255736,-49.68370497299648
170.70977827824308,6.660939316595068,3.333150195659564,-20.10805642626209,-5.222714355672933,-49.68035039279398
170.71902518477035,6.6576243159013755,3.333639381068382,-20.10283512942256,-5.221449115919321,-49.67699011206488
170.72827112311478,6.654303692397901,3.3341290158604893,-20.097611909267307,-5.220184348577623,-49.67362413172518
170.73751609313348,6.650977447036526,3.3346190999354945,-20.092386772226817,-5.218920055232895,-49.670252452739604
170.7467600946912,6.6476455808175325,3.335109633190154,-20.087159724757495,-5.217656237472539,-49.66687507612201
170.75600312766065,6.644308094789699,3.335600615518376,-20.081930773341664,-5.216392896886314,-49.66349200293566
170.76524519192208,6.640964990050357,3.3360920468112134,-20.076699924487524,-5.215130035066309,-49.66010323429261
170.77448628736354,6.637616267745506,3.3365839269568562,-20.07146718472932,-5.213867653606973,-49.65670877135443
170.783726413881,6.6342619290698925,3.3370762558406266,-20.066232560627295,-5.212605754105104,-49.65330861533234
170.79296557137812,6.630901975267068,3.3375690333449777,-20.060996058767735,-5.211344338159841,-49.64990276748676
170.80220375976643,6.627536407629513,3.338062259349487,-20.055757685762988,-5.210083407372676,-49.64649122912787
170.81144097896524,6.624165227498728,3.3385559337308437,-20.05051744825157,-5.2088229633474725,-49.64307400161518
170.82067722890184,6.620788436265268,3.3390500563628573,-20.045275352898113,-5.207563007690421,-49.63965108635844
170.8299125095113,6.61740603536887,3.33954462711644,-20.040031406393453,-5.206303542010083,-49.636222484816976
170.83914682073657,6.6140180262985355,3.3400396458596107,-20.034785615454663,-5.205044567917365,-49.63278819850003
170.8483801625286,6.610624410592612,3.34053511245748,-20.029537986825073,-5.203786087025549,-49.62934822896689
170.8576125348462,6.607225189838861,3.3410310267722547,-20.02428852727429,-5.202528100950255,-49.625902577827084
170.86684393765617,6.603820365674578,3.3415273886632275,-20.01903724359831,-5.201270611309466,-49.622451246740155
170.87607437093322,6.6004099397866485,3.342024197986775,-20.013784142619414,-5.200013619723538,-49.61899423741603
170.88530383466014,6.596993913911648,3.3425214545963486,-20.008529231186348,-5.198757127815173,-49.615531551614836
170.89453232882758,6.59357228983593,3.3430191583424715,-20.003272516174267,-5.197501137209448,-49.612063191147435
170.90375985343437,6.5901450693957155,3.34351730907273,-19.99801400448483,-5.1962456495338,-49.60858915787513
170.91298640848726,6.586712254477154,3.344015906631779,-19.992753703046176,-5.194990666418022,-49.605109453709645
170.9222119940011,6.583273847016443,3.344514950861323,-19.98749161881298,-5.193736189494282,-49.601624080613554
170.9314366099988,6.579829848999887,3.3450144416001213,-19.98222775876653,-5.192482220397108,-49.59813304060047
170.94066025651136,6.576380262464014,3.345514378683975,-19.97696212991473,-5.191228760763409,-49.59463633573463
170.94988293357792,6.572925089495623,3.3460147619457294,-19.971694739292072,-5.189975812232446,-49.59113396813119
170.95910464124572,6.569464332231902,3.3465155912152635,-19.966425593959798,-5.1887233764458625,-49.587625939956624
170.96832537957013,6.565997992860508,3.347016866319485,-19.96115470100586,-5.187471455047671,-49.5841122534284
170.9775451486147,6.562526073619638,3.34751858708233,-19.95588206754494,-5.1862200496842545,-49.580592910815156
170.9867639484511,6.559048576798121,3.348020753324752,-19.950607700718518,-5.184969162004364,-49.57706791443703
170.9959817791594,6.555565504735528,3.348523364864719,-19.9453316076949,-5.183718793659141,-49.57353726666567
171.0051986408276,6.55207685982222,3.349026421517209,-19.940053795669254,-5.18246894630209,-49.570000969923676
171.01441453355213,6.548582644499472,3.3495299230942033,-19.934774271863663,-5.181219621589089,-49.566459026686076
171.0236294574376,6.545082861259524,3.3500338694046845,-19.929493043527106,-5.1799708211784115,-49.56291143947873
171.03284341259692,6.541577512645686,3.3505382602546274,-19.924210117935527,-5.178722546730689,-49.559358210879864
171.04205639915125,6.538066601252439,3.3510430954469963,-19.91892550239189,-5.177474799908943,-49.555799343519425
171.0512684172301,6.534550129725488,3.3515483747817374,-19.913639204226182,-5.176227582378582,-49.552234840079066
171.06047946697123,6.53102810076188,3.352054098055775,-19.90835123079549,-5.174980895807388,-49.54866470329263
171.06968954852087,6.527500517110059,3.3525602650630093,-19.903061589483954,-5.173734741865529,-49.545088935946325
171.07889866203342,6.523967381569986,3.3530668755943087,-19.89777028770288,-5.172489122225552,-49.54150754087804
171.08810680767186,6.520428696993199,3.3535739294374993,-19.892477332890746,-5.1712440385624046,-49.537920520978346
171.09731398560746,6.516884466282919,3.3540814263773675,-19.887182732513256,-5.169999492553408,-49.534327879190286
171.10652019601986,6.513334692394109,3.3545893661956554,-19.88188649406331,-5.168755485878272,-49.53072961850873
171.1157254390972,6.50977937833359,3.355097748671047,-19.876588625061128,-5.1675120202191,-49.52712574198189
171.12492971503605,6.506218527160118,3.3556065735791716,-19.871289133054237,-5.16626909726038,-49.52351625271011
171.13413302404143,6.502652141984477,3.3561158406925933,-19.86598802561749,-5.165026718688999,-49.51990115384666
171.1433353663269,6.499080225969538,3.356625549780809,-19.86068531035316,-5.163784886194226,-49.51628044859779
171.15253674211448,6.495502782330379,3.35713570061024,-19.855380994890908,-5.162543601467737,-49.51265414022208
171.1617371516347,6.491919814334343,3.3576462929442332,-19.850075086887824,-5.161302866203577,-49.50902223203194
171.1709365951266,6.488331325301138,3.358157326543048,-19.84476759402853,-5.160062682098212,-49.50538472739194
171.18013507283786,6.4847373186029555,3.358668801163852,-19.839458524025172,-5.158823050850498,-49.50174162972064
171.18933258502472,6.481137797664493,3.359180716560725,-19.834147884617394,-5.157583974161683,-49.49809294248936
171.1985291319519,6.477532765963079,3.359693072484641,-19.828835683572485,-5.156345453735408,-49.49443866922278
171.2077247138929,6.4739222270287495,3.360205868683476,-19.82352192868532,-5.155107491277722,-49.49077881349944
171.2169193311297,6.470306184444375,3.3607191049019867,-19.81820662777848,-5.153870088497086,-49.487113378950866
171.22611298395304,6.466684641845661,3.361232780881822,-19.812889788702194,-5.15263324710434,-49.48344236926261
171.23530567266224,6.463057602921303,3.3617468963615114,-19.807571419334415,-5.151396968812724,-49.479765788173516
171.24449739756528,6.459425071413071,3.362261451076451,-19.80225152758087,-5.150161255337913,-49.47608363947646
171.25368815897903,6.455787051115866,3.3627764447589112,-19.796930121375137,-5.148926108397964,-49.47239592701836
171.2628779572288,6.452143545877816,3.363291877138027,-19.791607208678542,-5.14769152971334,-49.46870265469963
171.2720667926489,6.44849455960037,3.363807747939793,-19.786282797480283,-5.14645752100691,-49.465003826475275
171.2812546655822,6.4448400962383925,3.364324056887051,-19.78095689579751,-5.145224084003957,-49.46129944635396
171.2904415763804,6.441180159800227,3.364840803699497,-19.77562951167529,-5.143991220432173,-49.45758951839869
171.29962752540405,6.43751475434779,3.365357988093671,-19.770300653186617,-5.142758932021659,-49.453874046727
171.30881251302247,6.433843883996676,3.3658756097829463,-19.764970328432515,-5.141527220504921,-49.45015303551072
171.31799653961377,6.430167552916222,3.3663936684775333,-19.75963854554206,-5.140296087616884,-49.446426488975895
171.32717960556496,6.426485765329602,3.366912163884466,-19.754305312672365,-5.139065535094882,-49.44269441140362
171.33636171127185,6.4227985255139135,3.367431095707605,-19.748970638008643,-5.137835564678662,-49.438956807129244
171.34554285713924,6.419105837800269,3.367950463647626,-19.743634529764275,-5.13660617811039,-49.43521368054322
171.35472304358066,6.41540770657388,3.3684702674020137,-19.73829699618081,-5.135377377134651,-49.43146503609026
171.36390227101873,6.411704136274127,3.3689905066650683,-19.73295804552796,-5.134149163498434,-49.42771087827061
171.37308053988494,6.407995131394679,3.36951118112788,-19.72761768610373,-5.13292153895116,-49.42395121163943
