galstreams/tracks/track.st.Slidr.ibata2021.ecsv
# %ECSV 0.9
# ---
# datatype:
# - {name: ra, unit: deg, datatype: float64}
# - {name: dec, unit: deg, datatype: float64}
# - {name: distance, unit: kpc, datatype: float64}
# - {name: pm_ra_cosdec, unit: mas / yr, datatype: float64}
# - {name: pm_dec, unit: mas / yr, datatype: float64}
# - {name: radial_velocity, unit: km / s, datatype: float64}
# delimiter: ','
# meta: !!omap
# - __serialized_columns__:
#     dec:
#       __class__: astropy.coordinates.angles.Latitude
#       unit: &id001 !astropy.units.Unit {unit: deg}
#       value: !astropy.table.SerializedColumn {name: dec}
#     distance:
#       __class__: astropy.coordinates.distances.Distance
#       unit: !astropy.units.Unit {unit: kpc}
#       value: !astropy.table.SerializedColumn {name: distance}
#     pm_dec:
#       __class__: astropy.units.quantity.Quantity
#       unit: !astropy.units.Unit {unit: mas / yr}
#       value: !astropy.table.SerializedColumn {name: pm_dec}
#     pm_ra_cosdec:
#       __class__: astropy.units.quantity.Quantity
#       unit: !astropy.units.Unit {unit: mas / yr}
#       value: !astropy.table.SerializedColumn {name: pm_ra_cosdec}
#     ra:
#       __class__: astropy.coordinates.angles.Longitude
#       unit: *id001
#       value: !astropy.table.SerializedColumn {name: ra}
#       wrap_angle: !astropy.coordinates.Angle
#         unit: *id001
#         value: 360.0
#     radial_velocity:
#       __class__: astropy.units.quantity.Quantity
#       unit: !astropy.units.Unit {unit: km / s}
#       value: !astropy.table.SerializedColumn {name: radial_velocity}
# schema: astropy-2.0
ra,dec,distance,pm_ra_cosdec,pm_dec,radial_velocity
[from data line 2120]
168.75671913271898,7.232574574736603,3.240712250726188,-21.149165059885732,-5.495257988084051,-50.259793695508954
168.76615475471598,7.230387833245142,3.2411092889858675,-21.144449865432296,-5.493925269542107,-50.257577084660916
168.77558958140293,7.228196203347399,3.2415067428865134,-21.139731916303482,-5.492592741925474,-50.25535551865043
168.78502361139357,7.225999677688854,3.24190461281403,-21.135011214303248,-5.491260406351884,-50.25312899002226
168.794456843306,7.2237982489465535,3.2423028991524894,-21.13028776125393,-5.48992826394121,-50.25089749135342
168.8038892757626,7.221591909829222,3.242701602284114,-21.12556155899652,-5.488596315815473,-50.248661015252935
168.81332090739005,7.219380653077312,3.2431007225892854,-21.1208326093905,-5.487264563098833,-50.24641955436173
168.8227517368194,7.217164471463107,3.2435002604465297,-21.116100914313957,-5.4859330069175956,-50.24417310135369
168.83218176268602,7.214943357790765,3.2439002162325155,-21.11136647566368,-5.484601648400227,-50.24192164893408
168.8416109836297,7.212717304896395,3.244300590322056,-21.10662929535501,-5.4832704886773245,-50.2396651898413
168.85103939829455,7.210486305648144,3.244701383088096,-21.101889375322074,-5.481939528881643,-50.23740371684573
168.86046700532916,7.20825035294627,3.245102594901714,-21.097146717517695,-5.480608770148081,-50.23513722275077
168.86989380338645,7.206009439723214,3.245504226132111,-21.09240132391349,-5.4792782136136955,-50.23286570039207
168.87931979112386,7.203763558943666,3.2459062771466134,-21.087653196499822,-5.477947860417688,-50.23058914263817
168.88874496720317,7.2015127036046485,3.246308748310664,-21.08290233728598,-5.476617711701406,-50.228307542390226
168.89816933029073,7.199256866735587,3.2467116399878173,-21.078148748300066,-5.475287768608357,-50.22602089258242
168.90759287905723,7.196996041398394,3.247114952539737,-21.07339243158907,-5.473958032284208,-50.223729186181494
168.917015612178,7.194730220687518,3.247518686326194,-21.06863338921894,-5.4726285038767575,-50.221432416187916
168.92643752833277,7.192459397730047,3.2479228417050527,-21.063871623274657,-5.471299184535977,-50.21913057563434
168.93585862620583,7.190183565685771,3.2483274190322793,-21.059107135860106,-5.469970075413988,-50.216823657587284
168.945278904486,7.187902717747266,3.248732418661926,-21.05433992909827,-5.468641177665069,-50.21451165514605
168.9546983618666,7.185616847139937,3.2491378409461333,-21.049570005131198,-5.467312492445649,-50.21219456144345
168.96411699704564,7.1833259471221265,3.249543686235122,-21.04479736612003,-5.46598402091432,-50.20987236964555
168.97353480872556,7.181030010985194,3.249949954877191,-21.040022014245118,-5.464655764231827,-50.20754507295204
168.9829517956135,7.178729032053563,3.2503566472187115,-21.03524395170593,-5.463327723561086,-50.205212664595905
168.9923679564212,7.176423003684799,3.2507637636041244,-21.030463180721107,-5.461999900067157,-50.202875137844124
169.00178328986487,7.174111919269708,3.251171304375934,-21.02567970352864,-5.460672294917266,-50.2005324859967
169.0111977946657,7.171795772232401,3.2515792698747017,-21.02089352238574,-5.459344909280807,-50.19818470238815
169.02061146954915,7.1694745560303526,3.2519876604390454,-21.01610463956895,-5.458017744329327,-50.19583178038638
169.0300243132456,7.16714826415451,3.252396476405633,-21.011313057374142,-5.4566908012365385,-50.19347371339315
169.03943632449003,7.16481689012933,3.252805718109177,-21.006518778116607,-5.455364081178317,-50.19111049484444
169.04884750202214,7.162480427512891,3.253215385882433,-21.001721804131027,-5.454037585332706,-50.188742118210385
169.05825784458634,7.160138869896937,3.253625480056192,-20.99692213777155,-5.4527113148799105,-50.18636857699471
169.0676673509318,7.157792210906968,3.2540360009592777,-20.9921197814118,-5.451385271002299,-50.18398986473612
169.07707601981235,7.155440444202322,3.2544469489185412,-20.987314737444933,-5.45005945488441,-50.18160597500683
169.0864838499867,7.153083563476248,3.2548583242588567,-20.98250700828365,-5.448733867712948,-50.17921690141423
169.09589084021826,7.15072156245597,3.2552701273031155,-20.977696596360282,-5.447408510676788,-50.17682263759939
169.10529698927525,7.14835443490277,3.255682358372224,-20.97288350412674,-5.446083384966972,-50.17442317723844
169.1147022959307,7.145982174612081,3.2560950177850967,-20.96806773405462,-5.44475849177672,-50.17201851404193
169.12410675896248,7.143604775413524,3.256508105858656,-20.963249288635208,-5.443433832301406,-50.16960864175495
169.1335103771533,7.141222231171016,3.2569216229078233,-20.958428170379495,-5.442109407738584,-50.16719355415779
169.14291314929068,7.138834535782848,3.2573355692455133,-20.95360438181828,-5.440785219287983,-50.164773245064964
169.15231507416706,7.136441683181743,3.257749945182634,-20.94877792550216,-5.439461268151501,-50.16234770832621
169.16171615057976,7.1340436673349386,3.258164751028079,-20.94394880400152,-5.438137555533217,-50.159916937826445
169.17111637733097,7.131640482244265,3.2585799870887255,-20.939117019906632,-5.436814082639374,-50.15748092748543
169.18051575322784,7.129232121946224,3.2589956536694262,-20.934282575827698,-5.435490850678394,-50.15503967125793
169.18991427708238,7.126818580512074,3.2594117510730065,-20.929445474394836,-5.434167860860885,-50.152593163134135
169.19931194771164,7.124399852047873,3.2598282796002627,-20.92460571825813,-5.432845114399611,-50.150141397139706
169.20870876393758,7.121975930694596,3.2602452395499504,-20.919763310087692,-5.431522612509538,-50.14768436733512
169.21810472458714,7.1195468106282025,3.2606626312187865,-20.91491825257367,-5.430200356407795,-50.14522206781691
169.22749982849228,7.117112486059674,3.2610804549014447,-20.91007054842626,-5.428878347313699,-50.142754492716854
169.2368940744899,7.11467295123516,3.261498710890543,-20.905220200375815,-5.427556586448744,-50.14028163620221
169.24628746142204,7.112228200435991,3.26191739947665,-20.900367211172817,-5.426235075036597,-50.13780349247629
169.25567998813574,7.109778227978783,3.262336520948271,-20.895511583587897,-5.42491381430312,-50.135320055778
169.265071653483,7.10732302821553,3.262756075591848,-20.890653320411964,-5.42359280547636,-50.13283132038189
169.274462456321,7.10486259553366,3.263176063691755,-20.885792424456145,-5.4222720497865335,-50.13033728059867
169.28385239551199,7.102396924356111,3.263596485530293,-20.88092889855184,-5.420951548466059,-50.127837930774916
169.29324146992332,7.099926009141418,3.2640173413876834,-20.876062745550794,-5.419631302749522,-50.125333265293555
169.3026296784274,7.09744984438378,3.2644386315420664,-20.87119396832508,-5.418311313873707,-50.12282327857328
169.31201701990187,7.0949684246131595,3.2648603562694936,-20.8663225697672,-5.416991583077579,-50.120307965069344
169.32140349322947,7.092481744395327,3.2652825158439294,-20.86144855279006,-5.415672111602294,-50.11778731927314
169.33078909729807,7.089989798331987,3.2657051105372323,-20.856571920327017,-5.414352900691202,-50.115261335712354
169.34017383100084,7.087492581060781,3.266128140619169,-20.85169267533194,-5.413033951589836,-50.11273000895176
169.34955769323602,7.084990087255461,3.2665516063573916,-20.846810820779243,-5.411715265545927,-50.11019333359167
169.35894068290713,7.082482311625878,3.2669755080174503,-20.841926359663873,-5.4103968438093855,-50.107651304269886
169.36832279892292,7.079969248918121,3.267399845862774,-20.837039295001386,-5.409078687632326,-50.105103915660564
169.37770404019736,7.077450893914556,3.267824620154674,-20.832149629828017,-5.40776079826905,-50.1025511624747
169.38708440564966,7.074927241433928,3.268249831152338,-20.827257367200573,-5.406443176976054,-50.09999303946004
169.3964638942044,7.0723982863314445,3.2686754791128187,-20.822362510196715,-5.405125825012038,-50.097429541401524
169.4058425047914,7.0698640234988055,3.2691015642910455,-20.817465061914678,-5.4038087436378826,-50.09486066312106
169.41522023634573,7.0673244478643635,3.269528086939795,-20.812565025473646,-5.402491934116678,-50.09228639947741
169.42459708780785,7.064779554393132,3.2699550473097134,-20.807662404013456,-5.401175397713711,-50.08970674536684
169.43397305812354,7.06222933808688,3.2703824456492923,-20.802757200694895,-5.3998591356964605,-50.08712169572259
169.443348146244,7.059673793984232,3.270810282204872,-20.797849418699567,-5.398543149334602,-50.0845312455157
169.45272235112571,7.0571129171607305,3.271238557220633,-20.792939061230072,-5.397227439900032,-50.08193538975407
169.4620956717306,7.054546702728914,3.2716672709386,-20.788026131509888,-5.395912008666818,-50.079334123483456
169.47146810702594,7.0519751458384015,3.27209642359862,-20.783110632783522,-5.394596856911266,-50.07672744178724
169.48083965598448,7.049398241675965,3.2725260154383786,-20.7781925683165,-5.393281985911852,-50.07411533978603
169.4902103175844,7.04681598546561,3.2729560466933814,-20.773271941395386,-5.391967396949269,-50.07149781263887
169.4995800908093,7.044228372468671,3.273386517596951,-20.768348755327835,-5.390653091306423,-50.06887485554199
169.5089489746483,7.0416353979838595,3.273817428380227,-20.76342301344266,-5.389339070268411,-50.0662464637299
169.51831696809595,7.039037057347367,3.2742487792721557,-20.75849471908984,-5.388025335122554,-50.063612632474964
169.5276840701523,7.036433345932937,3.274680570499491,-20.75356387564053,-5.38671188715837,-50.06097335708767
169.537050279823,7.03382425915193,3.275112802286784,-20.74863048648711,-5.385398727667572,-50.05832863291657
169.54641559611918,7.031209792453437,3.275545474856385,-20.743694555043245,-5.384085857944109,-50.05567845534845
169.55578001805742,7.028589941324339,3.2759785884284267,-20.738756084743954,-5.382773279284132,-50.05302281980845
169.56514354466003,7.025964701289353,3.276412143220838,-20.73381507904551,-5.381460992985994,-50.05036172176005
169.57450617495485,7.023334067911181,3.2768461394493227,-20.728871541425587,-5.380149000350272,-50.04769515670541
169.58386790797522,7.0206980367905425,3.277280577327358,-20.723925475383332,-5.378837302679758,-50.04502312018469
169.59322874276023,7.018056603566255,3.2777154570662006,-20.718976884439275,-5.377525901279431,-50.04234560777745
169.60258867835455,7.015409763915338,3.2781507788748647,-20.71402577213545,-5.376214797456524,-50.03966261510144
169.6119477138084,7.0127575135530495,3.2785865429601335,-20.7090721420354,-5.374903992520463,-50.036974137812955
169.62130584817785,7.010099848233027,3.2790227495265425,-20.704115997724234,-5.373593487782899,-50.03428017160811
169.63066308052447,7.007436763747315,3.279459398776385,-20.699157342808643,-5.372283284557693,-50.03158071222085
169.64001940991568,7.004768255926457,3.2798964909096977,-20.694196180916922,-5.3709733841609255,-50.02887575542507
169.64937483542445,7.0020943206396105,3.2803340261242573,-20.689232515699075,-5.369663787910913,-50.026165297033074
169.65872935612958,6.999414953794587,3.2807720046155824,-20.68426635082678,-5.368354497128182,-50.02344933289692
169.6680829711156,6.99673015133793,3.281210426576925,-20.67929768999339,-5.367045513135477,-50.02072785890755
169.67743567947284,6.994039909255021,3.2816492921992646,-20.67432653691414,-5.365736837257769,-50.018000870995536
169.68678748029726,6.991344223570151,3.2820886016713025,-20.66935289532595,-5.364428470822253,-50.01526836513059
169.69613837269077,6.988643090346588,3.2825283551794606,-20.664376768987665,-5.363120415158346,-50.01253033732225
169.70548835576105,6.985936505686671,3.282968552907875,-20.659398161679896,-5.361812671597691,-50.009786783619596
169.7148374286215,6.983224465731903,3.283409195038387,-20.654417077205306,-5.360505241474173,-50.00703770011114
169.724185586921,6.980506943828002,3.2838502836756582,-20.649433508986988,-5.3591981262436335,-50.00428305895651
169.733532832003,6.977783950797365,3.2842918177643745,-20.644447467580157,-5.357891327181296,-50.00152287165383
169.74287916426408,6.975055491227887,3.2847337967771364,-20.63945896065546,-5.356584845586069,-49.99875714315337
169.7522245828414,6.972321561419545,3.285176220886516,-20.634467992103556,-5.355278682800682,-49.995985869704604
169.76156908687796,6.969582157711851,3.285619090262766,-20.62947456583727,-5.353972840170094,-49.993209047596885
169.77091267552277,6.966837276483931,3.2860624050738254,-20.624478685791473,-5.35266731904148,-49.990426673159966
169.78025534793062,6.964086914154644,3.286506165485303,-20.619480355923212,-5.351362120764279,-49.98763874276346
169.78959710326242,6.961331067182614,3.286950371660483,-20.614479580211736,-5.35005724669014,-49.9848452528177
169.79893794068497,6.958569732066341,3.287395023760312,-20.609476362658484,-5.348752698172953,-49.98204619977324
169.80827785937103,6.955802905344281,3.2878401219434,-20.604470707287174,-5.347448476568848,-49.979241580121084
169.81761685849946,6.953030583594913,3.28828566636601,-20.599462618143875,-5.346144583236191,-49.97643139039289
169.82695493725507,6.950252763436842,3.2887316571820597,-20.5944520992969,-5.344841019535591,-49.97361562716099
169.8362920948287,6.947469441528833,3.289178094543112,-20.58943915483696,-5.343537786829873,-49.970794287038416
169.84562833041733,6.944680614569968,3.289624978598368,-20.584423788877213,-5.342234886484133,-49.96796736667917
169.85496364322387,6.9418862792996485,3.290072309494673,-20.579406005553192,-5.340932319865689,-49.96513486277796
169.86429803245747,6.939086432497741,3.2905200873764953,-20.574385809022957,-5.339630088344108,-49.96229677207054
169.87363149733326,6.936281070984607,3.2909683123859352,-20.569363203467038,-5.3383281932911935,-49.95945309133371
169.88296403707258,6.9334701916212245,3.291416984662717,-20.564338193088524,-5.337026636080999,-49.956603817385734
169.89229565090284,6.930653791309255,3.291866104344172,-20.559310782113133,-5.335725418089827,-49.95374894708546
169.90162633805767,6.927831866991097,3.2923156715652553,-20.55428097478913,-5.334424540696223,-49.95088847733384
169.9109560977768,6.925004415650032,3.2927656864585253,-20.54924877538747,-5.333124005280972,-49.94802240507261
169.9202849293062,6.922171434310232,3.293216149154139,-20.544214188201792,-5.33182381322711,-49.94515072728538
169.92961283189805,6.919332920036904,3.293667059779856,-20.539177217548456,-5.330523965919925,-49.94227344099697
169.93893980481067,6.916488869936346,3.2941184184610224,-20.534137867766603,-5.329224464746968,-49.93939054327411
169.94826584730876,6.913639281155992,3.2945702253205797,-20.52909614321814,-5.327925311098023,-49.9365020312254
169.9575909586631,6.910784150884565,3.2950224804790498,-20.524052048287807,-5.326626506365117,-49.93360790200086
169.96691513815088,6.907923476352112,3.295475184054528,-20.51900558738323,-5.325328051942567,-49.930708152792704
169.97623838505552,6.905057254830107,3.295928336162686,-20.513956764934946,-5.32402994922691,-49.927802780835016
169.98556069866675,6.902185483631517,3.2963819369167617,-20.508905585396427,-5.322732199616947,-49.92489178340401
169.99488207828063,6.899308160110888,3.2968359864275603,-20.503852053244117,-5.321434804513751,-49.92197515781789
170.00420252319955,6.8964252816644365,3.2972904848034372,-20.498796172977453,-5.320137765320636,-49.91905290143746
170.01352203273225,6.893536845730128,3.2977454321503097,-20.493737949118945,-5.318841083443177,-49.91612501166546
170.02284060619385,6.890642849787746,3.298200828571639,-20.48867738621415,-5.31754476028921,-49.913191485947166
170.03215824290584,6.88774329135899,3.2986566741684276,-20.483614488831808,-5.316248797268838,-49.910252321770386
170.04147494219615,6.884838168007561,3.299112969039224,-20.47854926156372,-5.314953195794411,-49.90730751666535
170.05079070339914,6.881927477339235,3.299569713280099,-20.47348170902499,-5.313657957280564,-49.904357068205286
170.0601055258555,6.879011217001946,3.30002690698466,-20.468411835853875,-5.312363083144163,-49.90140097400557
