galstreams/tracks/track.st.C-4.ibata2021.ecsv
# %ECSV 0.9
# ---
# datatype:
# - {name: ra, unit: deg, datatype: float64}
# - {name: dec, unit: deg, datatype: float64}
# - {name: distance, unit: kpc, datatype: float64}
# - {name: pm_ra_cosdec, unit: mas / yr, datatype: float64}
# - {name: pm_dec, unit: mas / yr, datatype: float64}
# - {name: radial_velocity, unit: km / s, datatype: float64}
# delimiter: ','
# meta: !!omap
# - __serialized_columns__:
#     dec:
#       __class__: astropy.coordinates.angles.Latitude
#       unit: &id001 !astropy.units.Unit {unit: deg}
#       value: !astropy.table.SerializedColumn {name: dec}
#     distance:
#       __class__: astropy.coordinates.distances.Distance
#       unit: !astropy.units.Unit {unit: kpc}
#       value: !astropy.table.SerializedColumn {name: distance}
#     pm_dec:
#       __class__: astropy.units.quantity.Quantity
#       unit: !astropy.units.Unit {unit: mas / yr}
#       value: !astropy.table.SerializedColumn {name: pm_dec}
#     pm_ra_cosdec:
#       __class__: astropy.units.quantity.Quantity
#       unit: !astropy.units.Unit {unit: mas / yr}
#       value: !astropy.table.SerializedColumn {name: pm_ra_cosdec}
#     ra:
#       __class__: astropy.coordinates.angles.Longitude
#       unit: *id001
#       value: !astropy.table.SerializedColumn {name: ra}
#       wrap_angle: !astropy.coordinates.Angle
#         unit: *id001
#         value: 360.0
#     radial_velocity:
#       __class__: astropy.units.quantity.Quantity
#       unit: !astropy.units.Unit {unit: km / s}
#       value: !astropy.table.SerializedColumn {name: radial_velocity}
# schema: astropy-2.0
ra,dec,distance,pm_ra_cosdec,pm_dec,radial_velocity
[from data line 412]
207.03526028484708,84.02716202821694,3.7939207674410667,-17.18015978766421,0.7884376496587903,8.631286308119147e-14
207.12516388600767,84.02341247353229,3.793082617110353,-17.18256678157659,0.8157266324217644,1.0341754631374465e-13
207.21496061388922,84.01964985473666,3.792243339601302,-17.184942265039133,0.8429952435970401,8.631286308119147e-14
207.30465028214627,84.0158741910977,3.7914029402440943,-17.18728634176796,0.8702433877948744,9.289158740140423e-14
207.39423270643996,84.01208550191794,3.790561424368908,-17.189599115746955,0.8974709703651953,1.0368069528655317e-13
207.4837077044358,84.00828380653421,3.7897187973059214,-17.191880691222284,0.9246778973977895,1.0604903604182976e-13
207.5730750957963,84.0044691243174,3.788875064385314,-17.194131172697166,0.9518640757209658,9.868086480319146e-14
207.66233470218117,84.00064147467157,3.7880302309372644,-17.19635066492642,0.9790294129024406,9.104954459174465e-14
207.75148634723928,83.99680087703382,3.7871843022919514,-17.19853927291125,1.0061738172477506,9.525992815668083e-14
207.8405298566089,83.99294735087346,3.7863372837795533,-17.200697101893848,1.0332971978010765,9.657567302072338e-14
207.92946505790988,83.98908091569176,3.7854891807302495,-17.202824257352177,1.0603994643436971,1.0394384425936167e-13
208.01829178074118,83.98520159102128,3.7846399984742196,-17.20492084499469,1.0874805273939823,8.7102309999617e-14
208.107009856678,83.98130939642537,3.783789742341641,-17.20698697075506,1.1145402982072332,9.131269356455317e-14
208.19561911926408,83.9774043514978,3.782938417662692,-17.209022740787027,1.1415786887741368,9.341788534702125e-14
208.28411940401142,83.97348647586209,3.782086029767554,-17.211028261459088,1.1685956118212617,9.052324664612763e-14
208.3725105483917,83.96955578917115,3.7812325839864043,-17.213003639349463,1.1955909808092495,9.604937507510636e-14
208.46079239183584,83.96561231110668,3.780378085649421,-17.21494898124079,1.2225647099332582,9.21021404829787e-14
208.5489647757255,83.96165606137878,3.7795225400867833,-17.216864394115113,1.2495167141210495,9.368103431982976e-14
208.63702754339243,83.9576870597253,3.778665952628671,-17.218749985148648,1.2764469090333779,8.631286308119147e-14
208.7249805401102,83.95370532591153,3.7778083286052615,-17.2206058617068,1.3033552110621138,8.999694870051062e-14
208.81282361309113,83.94971087972957,3.776949673346736,-17.222432131339055,1.3302415373298375,8.21024795162553e-14
208.9005566114827,83.94570374099784,3.7760899921832696,-17.22422890177387,1.3571058056893555,9.894401377599997e-14
208.9881793863595,83.9416839295608,3.775229290445044,-17.225996280913765,1.3839479347217525,8.894435280927657e-14
209.07569179072192,83.93765146528808,3.774367573462237,-17.2277343768302,1.4107678437365208,9.525992815668083e-14
209.16309367948756,83.93360636807442,3.773504846565027,-17.229443297758717,1.4375654527694384,8.789175691804252e-14
209.25038490948972,83.92954865783886,3.772641115083595,-17.23112315209386,1.464340682582608,8.789175691804252e-14
209.3375653394691,83.92547835452443,3.771776384348116,-17.232774048384375,1.4910934546623857,9.262843842859572e-14
209.42463483007015,83.92139547809762,3.770910659688772,-17.234396095328222,1.5178236912186713,8.21024795162553e-14
209.51159324383696,83.91730004854792,3.770043946435741,-17.235989401767664,1.5445313151841549,9.157584253736168e-14
209.59844044520483,83.9131920858873,3.7691762499192016,-17.23755407668454,1.5712162502121034,8.526026718995742e-14
209.6851763004988,83.90907161014978,3.7683075754693323,-17.23909022919527,1.597878420676278,8.789175691804252e-14
209.77180067792418,83.90493864139098,3.7674379284163115,-17.240597968546215,1.6245177516685052,9.420733226544678e-14
209.85831344756517,83.90079319968753,3.76656731409032,-17.242077404108713,1.6511341689984889,8.526026718995742e-14
209.94471448137523,83.89663530513681,3.765695737821534,-17.24352864537452,1.677727599191339,9.420733226544678e-14
210.0310036531757,83.89246497785622,3.7648232049401344,-17.24495180195089,1.7042979694873324,7.841839389693615e-14
210.1171808386464,83.88828223798295,3.7639497207763,-17.246346983556013,1.730845207839456,8.262877746187231e-14
210.20324591532173,83.88408710567344,3.7630752906602085,-17.247714300014312,1.7573692429124446,9.894401377599997e-14
210.28919876258632,83.8798796011028,3.7621999199220375,-17.249053861251674,1.7838700040817033,8.841805486365955e-14
210.37503926166573,83.87565974446456,3.761323613891969,-17.25036577729099,1.8103474214307531,8.157618157063828e-14
210.46076729562455,83.87142755597,3.7604463779001795,-17.251650158247426,1.836801425750882,7.94709897881702e-14
210.54638274935678,83.86718305584792,3.7595682172768483,-17.252907114323975,1.8632319485383904,8.894435280927657e-14
210.6318855095836,83.86292626434393,3.758689137352154,-17.254136755806748,1.8896389219941359,9.578622610229784e-14
210.7172754648437,83.85865720172028,3.7578091434562775,-17.255339193060614,1.9160222790207317,9.368103431982976e-14
210.80255250549098,83.85437588825515,3.7569282409193954,-17.256514536524605,1.9423819532220512,8.368137335310636e-14
210.88771652368513,83.85008234424238,3.7560464350716853,-17.257662896707526,1.968717878900459,9.21021404829787e-14
210.97276741338712,83.84577658999099,3.755163731243329,-17.258784384183464,1.9950299910555938,8.841805486365955e-14
211.05770507035427,83.84145864582459,3.754280134764504,-17.25987910958736,2.0213182253829505,8.420767129872338e-14
211.14252939213088,83.83712853208125,3.7533956509653894,-17.260947183610746,2.047582518271161,7.315541444076594e-14
211.22724027804566,83.83278626911267,3.752510285176163,-17.261988716997227,2.0738228068012394,9.104954459174465e-14
211.31183762920182,83.8284318772841,3.7516240427270042,-17.263003820538312,2.1000390287436916,8.578656513557444e-14
211.39632134847437,83.82406537697366,3.750736928948093,-17.263992605068978,2.126231122557665,8.262877746187231e-14
211.4806913405006,83.81968678857204,3.7498489491696056,-17.264955181463527,2.1523990273881504,8.789175691804252e-14
211.56494751167492,83.81529613248203,3.7489601087217244,-17.265891660631286,2.1785426830644035,8.052358567940423e-14
211.64908977014403,83.81089342911801,3.7480704129346254,-17.26680215351235,2.204662030098454,7.526060622323402e-14
211.73311802579698,83.80647869890575,3.7471798671384877,-17.267686771073514,2.2307570096821068,8.368137335310636e-14
211.81703219026258,83.80205196228168,3.7462884766634903,-17.26854562430398,2.2568275636860973,7.94709897881702e-14
211.90083217689892,83.79761323969272,3.7453962468398134,-17.269378824211387,2.282873634656877,7.262911649514892e-14
211.98451790079062,83.79316255159573,3.744503182997634,-17.27018648181756,2.308895165815726,7.999728773378721e-14
212.06808927873857,83.78869991845713,3.7436092904671323,-17.270968708154573,2.3348921010555044,6.578724320212765e-14
212.1515462292567,83.78422536075247,3.742714574578486,-17.271725614260614,2.3608643849396898,8.683916102680849e-14
212.23488867256242,83.77973889896606,3.7418190406618734,-17.272457311176037,2.3868119626992734,7.841839389693615e-14
212.318116530571,83.77524055359052,3.740922694047475,-17.273163909939388,2.4127347802309784,8.94706507548936e-14
212.40122972689034,83.7707303451263,3.740025540065469,-17.273845521583354,2.438632784095545,8.368137335310636e-14
212.4842281868109,83.76620829408145,3.739127584046034,-17.27450225713102,2.4645059215145135,8.631286308119147e-14
212.56711183730255,83.76167442097103,3.738228831319348,-17.275134227591774,2.4903541403691483,7.578690416885104e-14
212.6498806070041,83.7571287463169,3.7373292872155925,-17.27574154395763,2.5161773891970216,8.526026718995742e-14
212.73253442622007,83.75257129064703,3.736428957064944,-17.276324317199247,2.5419756171909293,7.262911649514892e-14
212.81507322691007,83.74800207449545,3.735527846197581,-17.276882658262267,2.5677487741954184,7.578690416885104e-14
212.8974969426857,83.74342111840157,3.734625959943683,-17.27741667806339,2.5934968107056466,7.157652060391487e-14
212.97980550880007,83.73882844291,3.73372330363343,-17.27792648748675,2.6192196778640082,7.999728773378721e-14
213.0619988621425,83.73422406857,3.7328198825969987,-17.278412197380206,2.6449173274582694,9.47336302110638e-14
213.1440769412327,83.7296080159351,3.731915702164569,-17.278873918551504,2.6705897119195634,8.21024795162553e-14
213.22603968621058,83.72498030556285,3.7310107676663202,-17.27931176176485,2.696236784319029,7.157652060391487e-14
213.30788703883286,83.72034095801428,3.73010508443243,-17.279725837737075,2.7218584983665326,8.526026718995742e-14
213.38961894246225,83.71568999385364,3.7291986577930776,-17.280116257134228,2.7474548084071104,7.999728773378721e-14
213.4712353420641,83.71102743364787,3.728291493078442,-17.280483130567834,2.773025669419625,8.104988362502126e-14
213.55273618419594,83.70635329796639,3.727383595618703,-17.280826568591507,2.798571037013348,7.789209595131913e-14
213.6341214170019,83.70166760738064,3.726474970744037,-17.281146681697393,2.8240908674258534,6.947132882144679e-14
213.7153909902066,83.69697038246366,3.725565623784625,-17.281443580312633,2.8495851175209808,6.947132882144679e-14
213.79654485510503,83.69226164378983,3.7246555600706457,-17.281717374796052,2.8750537447852933,7.894469184255317e-14
213.87758296455883,83.68754141193436,3.7237447849322765,-17.281968175434592,2.9004967073266896,7.4734308277617e-14
213.95850527298546,83.6828097074731,3.7228333036996966,-17.28219609244011,2.925913963870728,6.947132882144679e-14
214.0393117363546,83.67806655098195,3.7219211217030845,-17.282401235945805,2.9513054737591533,7.052392471268083e-14
214.1200023121771,83.67331196303678,3.7210082442726207,-17.282583716003117,2.976671196946227,8.21024795162553e-14
214.20057695950157,83.66854596421275,3.720094676738483,-17.28274364257824,3.0020110939972366,7.157652060391487e-14
214.2810356389036,83.66376857508423,3.7191804244308497,-17.28288112554901,3.0273251260848593,7.789209595131913e-14
214.3613783124801,83.6589798162243,3.7182654926798997,-17.282996274701638,3.05261325498704,7.999728773378721e-14
214.4416049438431,83.65417970820438,3.717349886815812,-17.283089199727357,3.077875443084687,7.262911649514892e-14
214.52171549810913,83.64936827159396,3.7164336121687667,-17.283160010219504,3.1031116533580607,7.368171238638296e-14
214.60170994189588,83.64454552696017,3.7155166740689407,-17.28320881567013,3.128321849385235,7.157652060391487e-14
214.68158824331073,83.63971149486756,3.7145990778465143,-17.283235725467094,3.1535059953382913,7.262911649514892e-14
214.7613503719473,83.63486619587756,3.713680828831665,-17.28324084889081,3.1786640559817236,7.683950006008508e-14
214.8409962988742,83.63000965054833,3.712761932354572,-17.28322429511133,3.203795996668628,8.21024795162553e-14
214.92052599663137,83.62514187943428,3.7118423937454157,-17.283186173185182,3.228901783339077,8.420767129872338e-14
214.99993943921942,83.62026290308583,3.710922218334372,-17.283126592052533,3.253981382516443,7.894469184255317e-14
215.07923660209354,83.61537274204902,3.7100014114516213,-17.283045660534107,3.279034761305044,6.526094525651062e-14
215.15841746215736,83.61047141686514,3.709079978427343,-17.282943487328257,3.3040618873877854,7.894469184255317e-14
215.23748199775247,83.60555894807055,3.7081579245917147,-17.282820181008148,3.3290627290224775,7.683950006008508e-14
215.3164301886543,83.60063535619611,3.7072352552749157,-17.282675850018766,3.3540372550401236,7.157652060391487e-14
215.3952620160613,83.59570066176713,3.7063119758071257,-17.282510602674176,3.378985434841024,7.683950006008508e-14
215.47397746259082,83.59075488530274,3.705388091518522,-17.2823245471546,3.403907238393093,6.631354114774466e-14
215.55257651226867,83.58579804731593,3.704463607739284,-17.282117791503758,3.428802636228093,6.841873293021275e-14
215.63105915052273,83.58083016831291,3.7035385297995904,-17.281890443626025,3.453671599439211,8.21024795162553e-14
215.70942536417706,83.57585126879289,3.702612863029621,-17.281642611283658,3.4785140996786534,7.683950006008508e-14
215.78767514144096,83.57086136924788,3.7016866127595534,-17.28137440209425,3.5033301091538687,7.262911649514892e-14
215.86580847190513,83.5658604901622,3.7007597843195663,-17.28108592352788,3.528119600625733,7.4734308277617e-14
215.94382534653067,83.56084865201234,3.699832383039839,-17.280777282904644,3.5528825474046855,8.104988362502126e-14
216.02172575764504,83.55582587526646,3.698904414250551,-17.280448587391877,3.577618923348916,7.052392471268083e-14
216.09950969893086,83.55079218038432,3.6979758832818805,-17.280099944001744,3.6023287028604067,7.894469184255317e-14
216.17717716542202,83.54574758781668,3.6970467954640056,-17.279731459588504,3.6270118608831576,6.526094525651062e-14
216.25472815349303,83.54069211800531,3.696117156127106,-17.279343240846156,3.6516683728993313,6.73661370389787e-14
216.33216266085284,83.5356257913825,3.6951869706013607,-17.278935394305854,3.6762982149268075,5.999796580034041e-14
216.40948068653844,83.53054862837072,3.694256244216948,-17.278508026333384,3.7009013635166492,5.6840178126638284e-14
216.48668223090448,83.52546064938255,3.693324982304046,-17.278061243126896,3.7254777957493013,6.420834936527658e-14
216.56376729561893,83.5203618748201,3.692393190192835,-17.27759515071428,3.7500274892326964,5.999796580034041e-14
216.64073588365233,83.515252325075,3.6914608732134924,-17.27710985495101,3.774550422098352,7.683950006008508e-14
216.71758799927355,83.51013202052785,3.690528036696198,-17.27660546151756,3.7990465729994543,6.841873293021275e-14
216.7943236480387,83.50500098154815,3.6895946859711306,-17.27608207591731,3.8235159211068734,7.578690416885104e-14
216.87094283678726,83.49985922849386,3.6886608263684693,-17.275539803474015,3.8479584461073273,7.052392471268083e-14
216.94744557363128,83.49470678171123,3.6877264632183913,-17.27497874932977,3.872374128199519,6.631354114774466e-14
217.02383186794935,83.48954366153448,3.686791601851077,-17.274399018442598,3.896762948091554,5.3682390452936155e-14
217.10010173038006,83.48436988828544,3.6858562475967043,-17.273800715584276,3.921124886998434,7.052392471268083e-14
217.1762551728117,83.47918548227344,3.6849204057854528,-17.273183945338232,3.9454599266381742,6.73661370389787e-14
217.2522922083781,83.47399046379486,3.6839840817475,-17.272548812097234,3.969768049229927,6.526094525651062e-14
217.32821285144752,83.46878485313302,3.6830472808130263,-17.271895420061455,3.994049237489928,6.105056169157445e-14
217.40401711761874,83.46356867055775,3.682110008312208,-17.27122387323615,4.01830347462965,5.6840178126638284e-14
217.47970502371035,83.4583419363253,3.6811722695752276,-17.270534275429792,4.042530744351871,5.999796580034041e-14
217.55527658775472,83.45310467067794,3.680234069932262,-17.269826730251914,4.066731030848168,7.262911649514892e-14
217.63073182899157,83.44785689384369,3.6792954147134895,-17.26910134111104,4.090904318796297,6.105056169157445e-14
217.70607076785754,83.44259862603624,3.67835630924909,-17.268358211212842,4.11505059335631,5.999796580034041e-14
217.7812934259821,83.43732988745441,3.6774167588692412,-17.267597443557992,4.139169840168684,5.789277401787233e-14
217.8563998261767,83.43205069828217,3.6764767689041227,-17.26681914094042,4.163262045350253,6.420834936527658e-14
217.93138999243058,83.42676107868816,3.675536344683912,-17.266023405945198,4.187327195492315,6.526094525651062e-14
218.00626394989996,83.42146104882565,3.67459549153879,-17.26521034094684,4.211365277656607,6.105056169157445e-14
218.08102172490388,83.41615062883207,3.673654214798933,-17.264380048107274,4.235376279373362,5.999796580034041e-14
218.15566334491382,83.41082983882895,3.6727125197945223,-17.263532629374126,4.259360188637466,5.4734986344170195e-14
218.23018883854755,83.40549869892159,3.6717704118557366,-17.26266818647893,4.283316993905812,6.315575347404254e-14
218.30459823556285,83.40015722919877,3.6708278963127525,-17.261786820935164,4.307246684094794,6.105056169157445e-14
