galstreams/tracks/track.st.Elqui.shipp2019.ecsv
# %ECSV 0.9
# ---
# datatype:
# - {name: ra, unit: deg, datatype: float64}
# - {name: dec, unit: deg, datatype: float64}
# - {name: distance, unit: kpc, datatype: float64}
# - {name: pm_ra_cosdec, unit: mas / yr, datatype: float64}
# - {name: pm_dec, unit: mas / yr, datatype: float64}
# - {name: radial_velocity, unit: km / s, datatype: float64}
# delimiter: ','
# meta: !!omap
# - __serialized_columns__:
#     dec:
#       __class__: astropy.coordinates.angles.Latitude
#       unit: &id001 !astropy.units.Unit {unit: deg}
#       value: !astropy.table.SerializedColumn {name: dec}
#     distance:
#       __class__: astropy.coordinates.distances.Distance
#       unit: !astropy.units.Unit {unit: kpc}
#       value: !astropy.table.SerializedColumn {name: distance}
#     pm_dec:
#       __class__: astropy.units.quantity.Quantity
#       unit: !astropy.units.Unit {unit: mas / yr}
#       value: !astropy.table.SerializedColumn {name: pm_dec}
#     pm_ra_cosdec:
#       __class__: astropy.units.quantity.Quantity
#       unit: !astropy.units.Unit {unit: mas / yr}
#       value: !astropy.table.SerializedColumn {name: pm_ra_cosdec}
#     ra:
#       __class__: astropy.coordinates.angles.Longitude
#       unit: *id001
#       value: !astropy.table.SerializedColumn {name: ra}
#       wrap_angle: !astropy.coordinates.Angle
#         unit: *id001
#         value: 360.0
#     radial_velocity:
#       __class__: astropy.units.quantity.Quantity
#       unit: !astropy.units.Unit {unit: km / s}
#       value: !astropy.table.SerializedColumn {name: radial_velocity}
# schema: astropy-2.0
ra,dec,distance,pm_ra_cosdec,pm_dec,radial_velocity
[from data line 540]
16.46500779935145,-40.28816932762552,50.099999999992185,0.1851225912590752,-0.5866628056908982,1.6451063287932497e-09
16.47578544257034,-40.29387398745945,50.09999999999215,0.18503562722320943,-0.5860122982165823,1.648516739480848e-09
16.486564360972434,-40.2995782338867,50.09999999999212,0.18494819772038526,-0.5853603040450539,1.6518766255656669e-09
16.497344555058326,-40.30528206668579,50.09999999999211,0.1848603021507645,-0.5847068233306963,1.6551944078148367e-09
16.508126025328696,-40.31098548563521,50.09999999999209,0.18477193991427385,-0.58405185622811,1.6584869277626168e-09
16.51890877228428,-40.31668849051331,50.09999999999206,0.18468311041060442,-0.5833954028921126,1.6617205023404878e-09
16.529692796425895,-40.32239108109841,50.09999999999206,0.18459381303921202,-0.5827374634777385,1.664928814616969e-09
16.540478098254425,-40.32809325716876,50.09999999999202,0.18450404719931712,-0.5820780381402417,1.6680866022906713e-09
16.55126467827084,-40.33379501850253,50.09999999999201,0.18441381228990447,-0.5814171270350916,1.6712191276629838e-09
16.562052536976154,-40.339496364877796,50.09999999999199,0.18432310770972427,-0.580754730317978,1.6743348115010365e-09
16.572841674871487,-40.34519729607258,50.099999999991965,0.18423193285729067,-0.5800908481448073,1.67739154996918e-09
16.583632092458007,-40.35089781186482,50.09999999999195,0.18414028713088268,-0.5794254806717054,1.6803893430674146e-09
16.594423790236963,-40.356597912032406,50.09999999999192,0.18404816992854384,-0.5787586280550163,1.6833534530971297e-09
16.605216768709678,-40.362297596353145,50.0999999999919,0.18395558064808254,-0.578090290451303,1.6863259838939746e-09
16.616011028377535,-40.36799686460473,50.09999999999188,0.1838625186870716,-0.5774204680173474,1.689197465485261e-09
16.626806569742,-40.37369571656485,50.09999999999186,0.18376898344284837,-0.5767491609101506,1.6920857886108074e-09
16.63760339330462,-40.37939415201105,50.09999999999182,0.18367497431251537,-0.5760763692869333,1.694889904065055e-09
16.64840149956698,-40.38509217072085,50.099999999991816,0.18358049069293902,-0.5754020933051349,1.6976687572179127e-09
16.659200889030778,-40.3907897724717,50.099999999991795,0.18348553198075096,-0.5747263331224158,1.7004055065351213e-09
16.670001562197754,-40.39648695704094,50.099999999991766,0.18339009757234687,-0.5740490888966557,1.70312541431807e-09
16.68080351956973,-40.402183724205855,50.09999999999176,0.18329418686388751,-0.5733703607859537,1.705828480566759e-09
16.6916067616486,-40.40788007374366,50.09999999999173,0.18319779925129823,-0.5726901489486308,1.7084473391441493e-09
16.702411288936332,-40.41357600543149,50.09999999999172,0.18310093413026862,-0.5720084535432268,1.71104935618728e-09
16.71321710193495,-40.419271519046404,50.099999999991695,0.18300359089625323,-0.571325274728503,1.7135755863262415e-09
16.724024201146573,-40.42496661436541,50.09999999999167,0.18290576894447125,-0.5706406126634418,1.716110237232333e-09
16.73483258707338,-40.43066129116541,50.099999999991645,0.18280746766990602,-0.5699544675072455,1.718628046604165e-09
16.745642260217608,-40.43635554922325,50.099999999991624,0.18270868646730587,-0.569266839419339,1.7210953313732175e-09
16.75645322108159,-40.44204938831568,50.099999999991596,0.18260942473118363,-0.5685777285593674,1.7234615669367117e-09
16.767265470167708,-40.44774280821943,50.09999999999158,0.1825096818558169,-0.5678871350871982,1.7258278025002059e-09
16.778079007978437,-40.4534358087111,50.09999999999155,0.18240945723524776,-0.5671950591629203,1.72818561729657e-09
16.788893835016296,-40.459128389567226,50.099999999991525,0.18230875026328258,-0.5665015009468444,1.730433962120246e-09
16.799709951783903,-40.464820550564305,50.09999999999151,0.18220756033349284,-0.5658064605995035,1.7326991484781816e-09
16.810527358783926,-40.47051229147872,50.09999999999149,0.18210588683921403,-0.5651099382816529,1.7348885479319485e-09
16.821346056519115,-40.4762036120868,50.09999999999146,0.1820037291735468,-0.5644119341542706,1.7370695266185854e-09
16.832166045492297,-40.48189451216479,50.09999999999143,0.1819010867293564,-0.5637124483785569,1.7392168222367028e-09
16.842987326206337,-40.48758499148888,50.09999999999142,0.1817979588992718,-0.563011481115935,1.7413388555534306e-09
16.853809899164204,-40.493275049835155,50.099999999991404,0.18169434507568766,-0.5623090325280515,1.7434019435002495e-09
16.864633764868945,-40.49896468697965,50.09999999999137,0.1815902446507628,-0.5616051027767761,1.7454229276114188e-09
16.87545892382363,-40.50465390269831,50.09999999999136,0.18148565701641994,-0.5608996920242014,1.7474018078869388e-09
16.886285376531465,-40.51034269676703,50.09999999999133,0.18138058156434786,-0.5601928004326445,1.7493891089295886e-09
16.897113123495657,-40.516031068961595,50.099999999991304,0.1812750176859986,-0.5594844281646458,1.75127536076668e-09
16.90794216521953,-40.52171901905775,50.09999999999129,0.1811689647725891,-0.5587745753829693,1.7531616126037715e-09
16.918772502206476,-40.52740654683113,50.09999999999127,0.1810624222151015,-0.5580632422506039,1.7549804983038238e-09
16.92960413495995,-40.53309365205736,50.09999999999123,0.1809553894042818,-0.5573504289307626,1.7568499086066556e-09
16.940437063983445,-40.5387803345119,50.099999999991226,0.18084786573064077,-0.5566361355868824,1.7585845866354093e-09
16.951271289780582,-40.54446659397018,50.0999999999912,0.18073985058445421,-0.5559203623826261,1.7602940023627733e-09
16.962106812855016,-40.55015243020759,50.099999999991184,0.18063134335576173,-0.5552031094818805,1.7620034180901374e-09
16.972943633710482,-40.55583784299939,50.099999999991155,0.18052234343436777,-0.5544843770487577,1.7636707299818522e-09
16.983781752850785,-40.56152283212079,50.09999999999112,0.180412850209842,-0.5537641652475955,1.7652875172707876e-09
16.994621170779784,-40.56720739734693,50.09999999999111,0.18030286307151774,-0.5530424742429563,1.7668622007240737e-09
17.00546188800143,-40.57289153845286,50.09999999999109,0.18019238140849353,-0.552319304199629,1.7684032011088404e-09
17.01630390501975,-40.578575255213565,50.09999999999106,0.18008140460963235,-0.5515946552826282,1.7699020976579577e-09
17.027147222338815,-40.584258547403955,50.09999999999104,0.17996993206356132,-0.5508685276571939,1.7713841526728152e-09
17.03799184046278,-40.58994141479885,50.09999999999101,0.17985796315867275,-0.5501409214887931,1.7727904207835039e-09
17.04883775989586,-40.59562385717302,50.099999999991,0.17974549728312295,-0.5494118369431189,1.7741798473599328e-09
17.05968498114236,-40.60130587430116,50.09999999999097,0.17963253382483355,-0.5486812741860908,1.7755692739363618e-09
17.07053350470663,-40.60698746595785,50.09999999999095,0.1795190721714899,-0.5479492333838554,1.776874492841492e-09
17.081383331093107,-40.612668631917636,50.09999999999093,0.17940511171054271,-0.5472157147027858,1.7781712909794923e-09
17.092234460806292,-40.618349371954984,50.09999999999091,0.17929065182920656,-0.5464807183094831,1.7793838814461938e-09
17.103086894350763,-40.62402968584427,50.09999999999088,0.1791756919144613,-0.5457442443707747,1.7806133134471552e-09
17.11394063223114,-40.62970957335979,50.099999999990864,0.17906023135305066,-0.5450062930537163,1.7817922208453373e-09
17.12479567495215,-40.63538903427578,50.099999999990835,0.17894426953148357,-0.544266864525591,1.7829206036407402e-09
17.13565202301856,-40.641068068366415,50.099999999990814,0.17882780583603308,-0.5435259589539096,1.7840153033676237e-09
17.146509676935235,-40.64674667540576,50.099999999990786,0.17871083965273704,-0.5427835765064117,1.7851015823273773e-09
17.15736863720707,-40.65242485516782,50.099999999990764,0.17859337036739795,-0.5420397173510644,1.7861457574514814e-09
17.168228904339067,-40.65810260742652,50.09999999999075,0.1784753973655826,-0.5412943816560636,1.7871057249042869e-09
17.179090478836272,-40.66377993195572,50.09999999999073,0.1783569200326226,-0.5405475695898339,1.7880488508228326e-09
17.18995336120381,-40.669456828529206,50.09999999999071,0.17823793775361416,-0.5397992813210287,1.7889582936728588e-09
17.200817551946884,-40.67513329692069,50.09999999999068,0.17811844991341802,-0.5390495170185305,1.789859315755755e-09
17.21168305157074,-40.68080933690377,50.099999999990665,0.17799845589665925,-0.5382982768514508,1.7907013924687423e-09
17.222549860580724,-40.68648494825202,50.09999999999063,0.177877955087728,-0.5375455609891311,1.79150978611321e-09
17.23341797948222,-40.69216013073891,50.099999999990615,0.17775694687077845,-0.5367913696011413,1.7922844966891582e-09
17.24428740878071,-40.69783488413784,50.09999999999059,0.1776354306297298,-0.5360357028572823,1.7930255241965872e-09
17.255158148981725,-40.70350920822215,50.09999999999056,0.17751340574826585,-0.5352785609275844,1.7937328686354964e-09
17.266030200590873,-40.70918310276507,50.099999999990544,0.17739087160983438,-0.5345199439823085,1.7943812677044965e-09
17.276903564113827,-40.71485656753976,50.099999999990516,0.17726782759764864,-0.5337598521919452,1.7949875629378472e-09
17.287778240056323,-40.72052960231936,50.0999999999905,0.17714427309468578,-0.532998285727216,1.7955770166369385e-09
17.298654228924185,-40.72620220687686,50.09999999999047,0.1770202074836878,-0.5322352447590732,1.7961580495688997e-09
17.309531531223282,-40.73187438098522,50.09999999999045,0.17689563014716136,-0.5314707294587004,1.7966717163638217e-09
17.320410147459572,-40.73754612441731,50.09999999999042,0.17677054046737778,-0.5307047399975116,1.7971517000902246e-09
17.33129007813906,-40.743217436945905,50.0999999999904,0.17664493782637258,-0.529937276547152,1.7975980007481078e-09
17.342171323767833,-40.74888831834374,50.099999999990374,0.17651882160594617,-0.5291683392794989,1.7979937768032118e-09
17.353053884852045,-40.754558768383454,50.09999999999036,0.17639219118766364,-0.5283979283666613,1.7983811320911858e-09
17.363937761897922,-40.76022878683761,50.099999999990324,0.17626504595285458,-0.5276260439809799,1.7987432250777704e-09
17.374822955411748,-40.76589837347869,50.09999999999031,0.17613738528261302,-0.5268526862950268,1.7990211103930562e-09
17.385709465899875,-40.771567528079125,50.09999999999029,0.1760092085577979,-0.5260778554816077,1.7993074164754719e-09
17.396597293868734,-40.77723625041123,50.09999999999026,0.17588051515903252,-0.5253015517137596,1.7995263564208484e-09
17.40748643982482,-40.78290454024727,50.099999999990246,0.17575130446670484,-0.5245237751647526,1.7997200340648356e-09
17.41837690427468,-40.78857239735945,50.09999999999021,0.17562157586096758,-0.5237445260080897,1.7998968701745629e-09
17.42926868772495,-40.794239821519845,50.09999999999019,0.17549132872173784,-0.5229638044175068,1.8000063401472513e-09
17.440161790682332,-40.79990681250052,50.09999999999016,0.17536056242869766,-0.522181610566973,1.8000905478185499e-09
17.45105621365358,-40.80557337007339,50.099999999990146,0.17522927636129332,-0.5213979446306903,1.8001410724213293e-09
17.461951957145526,-40.81123949401036,50.09999999999011,0.17509746989873592,-0.5206128067830957,1.800157913955589e-09
17.47284902166507,-40.81690518408323,50.09999999999011,0.17496514242000122,-0.5198261971988584,1.8001663347227188e-09
17.483747407719186,-40.822570440063714,50.09999999999006,0.17483229330382977,-0.5190381160528827,1.8001073893528098e-09
17.494647115814892,-40.82823526172347,50.09999999999004,0.1746989219287261,-0.5182485635203066,1.8000063401472513e-09
17.505548146459297,-40.833899648834056,50.09999999999002,0.17456502767296006,-0.5174575397765023,1.7999052909416928e-09
17.51645050015957,-40.83956360116699,50.09999999999,0.17443060991456563,-0.5166650449970767,1.7997452963662252e-09
17.52735417742294,-40.84522711849364,50.099999999989976,0.17429566803134205,-0.5158710793578715,1.7995347771879785e-09
17.53825917875671,-40.850890200585404,50.099999999989954,0.17416020140085253,-0.5150756430349634,1.7992905749412121e-09
17.549165504668256,-40.85655284721352,50.09999999998992,0.17402420940042537,-0.5142787362046645,1.7990126896259263e-09
17.56007315566501,-40.86221505814918,50.0999999999899,0.1738876914071532,-0.5134803590435213,1.7987348043106406e-09
17.57098213225447,-40.867876833163486,50.099999999989876,0.17375064679789354,-0.5126805117283164,1.798372711324056e-09
17.581892434944216,-40.87353817202747,50.09999999998986,0.17361307494926848,-0.5118791944360683,1.7979937768032118e-09
17.592804064241875,-40.87919907451211,50.099999999989834,0.17347497523766492,-0.5110764073440313,1.797589579980978e-09
17.60371702065517,-40.88485954038827,50.0999999999898,0.173336347039234,-0.5102721506296954,1.7971517000902246e-09
17.614631304691844,-40.89051956942674,50.09999999998979,0.17319718972989184,-0.5094664244707873,1.7966969786652115e-09
17.625546916859754,-40.89617916139826,50.09999999998976,0.17305750268531933,-0.5086592290452701,1.7961748911031594e-09
17.636463857666794,-40.90183831607347,50.099999999989734,0.1729172852809617,-0.507850564531343,1.7956443827739774e-09
17.64738212762094,-40.90749703322295,50.099999999989706,0.17277653689202896,-0.5070404311074428,1.7950633498420162e-09
17.658301727230228,-40.91315531261719,50.09999999998969,0.17263525689349601,-0.5062288289522432,1.7944570546086654e-09
17.669222657002756,-40.918813154026594,50.09999999998965,0.1724934446601023,-0.505415758244655,1.7937749724711457e-09
17.6801449174467,-40.924470557221525,50.099999999989635,0.17235109956635183,-0.5046012191638264,1.7931181526350156e-09
17.691068509070295,-40.93012752197221,50.09999999998963,0.1722082209865133,-0.5037852118891433,1.7923855458947168e-09
17.701993432381837,-40.93578404804885,50.09999999998959,0.17206480829462034,-0.5029677366002295,1.791644518387288e-09
17.7129196878897,-40.94144013522156,50.09999999998956,0.17192086086447117,-0.5021487934769469,1.7908698078113397e-09
17.72384727610232,-40.94709578326036,50.09999999998954,0.17177637806962853,-0.501328382699395,1.7900529933997422e-09
17.7347761975282,-40.9527509919352,50.09999999998951,0.1716313592834202,-0.5005065044479124,1.7892024959196251e-09
17.74570645267589,-40.95840576101595,50.0999999999895,0.171485803878938,-0.4996831589030759,1.7883098946038585e-09
17.756638042054032,-40.964060090272405,50.09999999998947,0.1713397112290396,-0.4988583462457016,1.7873751894524428e-09
17.767570966171334,-40.96971397947429,50.09999999998944,0.1711930807063462,-0.4980320666568441,1.7864152219996373e-09
17.778505225536552,-40.97536742839125,50.099999999989414,0.1710459116832444,-0.49720432031779727,1.785446833779702e-09
17.789440820658506,-40.981020436792825,50.0999999999894,0.17089820353188545,-0.4963751074100943,1.7843689755870784e-09
17.800377752046113,-40.98667300444854,50.09999999998937,0.17074995562418516,-0.49554442811550825,1.7833248004629741e-09
17.811316020208313,-40.992325131127764,50.09999999998934,0.1706011673318241,-0.49471228261605166,1.7822301007360909e-09
17.82225562565415,-40.997976816599845,50.09999999998932,0.1704518380262478,-0.4938786710939771,1.7811269802420775e-09
17.8331965688927,-41.00362806063403,50.09999999998929,0.17030196707866602,-0.4930435937317774,1.7799564936110251e-09
17.844138850433136,-41.00927886299948,50.09999999998927,0.17015155386005407,-0.49220705071218573,1.7787607446785833e-09
17.855082470784662,-41.0149292234653,50.09999999998926,0.17000059774115103,-0.4913690422181753,1.7775060503762323e-09
17.866027430456587,-41.020579141800525,50.09999999998923,0.16984909809246182,-0.4905295684329611,1.776268197608141e-09
17.87697372995825,-41.02622861777406,50.09999999998921,0.16969705428425524,-0.48968862953999803,1.774954557935881e-09
17.887921369799088,-41.031877651154794,50.099999999989166,0.16954446568656553,-0.4888462257229829,1.773640918263621e-09
17.89887035048855,-41.03752624171148,50.099999999989144,0.1693913316691908,-0.48800235716585305,1.7722346501529323e-09
17.909820672536217,-41.043174389212865,50.09999999998913,0.16923765160169477,-0.48715702405278793,1.7708452235765033e-09
