galstreams/tracks/track.st.Orinoco.grillmair2017.ecsv
# %ECSV 1.0
# ---
# datatype:
# - {name: ra, unit: deg, datatype: float64}
# - {name: dec, unit: deg, datatype: float64}
# - {name: distance, unit: kpc, datatype: float64}
# - {name: pm_ra_cosdec, unit: mas / yr, datatype: float64}
# - {name: pm_dec, unit: mas / yr, datatype: float64}
# - {name: radial_velocity, unit: km / s, datatype: float64}
# delimiter: ','
# meta: !!omap
# - __serialized_columns__:
#     dec:
#       __class__: astropy.coordinates.angles.Latitude
#       unit: &id001 !astropy.units.Unit {unit: deg}
#       value: !astropy.table.SerializedColumn {name: dec}
#     distance:
#       __class__: astropy.coordinates.distances.Distance
#       unit: !astropy.units.Unit {unit: kpc}
#       value: !astropy.table.SerializedColumn {name: distance}
#     pm_dec:
#       __class__: astropy.units.quantity.Quantity
#       unit: !astropy.units.Unit {unit: mas / yr}
#       value: !astropy.table.SerializedColumn {name: pm_dec}
#     pm_ra_cosdec:
#       __class__: astropy.units.quantity.Quantity
#       unit: !astropy.units.Unit {unit: mas / yr}
#       value: !astropy.table.SerializedColumn {name: pm_ra_cosdec}
#     ra:
#       __class__: astropy.coordinates.angles.Longitude
#       unit: *id001
#       value: !astropy.table.SerializedColumn {name: ra}
#       wrap_angle: !astropy.coordinates.Angle
#         unit: *id001
#         value: 360.0
#     radial_velocity:
#       __class__: astropy.units.quantity.Quantity
#       unit: !astropy.units.Unit {unit: km / s}
#       value: !astropy.table.SerializedColumn {name: radial_velocity}
# schema: astropy-2.0
ra,dec,distance,pm_ra_cosdec,pm_dec,radial_velocity
[from data line 1416]
15.782645951230357,-25.27331029594782,20.599999999999977,0.0,0.0,0.0
15.793571659261357,-25.276106768897804,20.599999999999977,0.0,0.0,0.0
15.804497518148475,-25.27890939508269,20.59999999999998,0.0,0.0,0.0
15.815423529411655,-25.2817181786821,20.59999999999998,0.0,0.0,0.0
15.826349694572533,-25.28453312387552,20.599999999999984,0.0,0.0,0.0
15.837276015154458,-25.28735423484228,20.59999999999998,0.0,0.0,0.0
15.84820249268246,-25.290181515761514,20.599999999999977,0.0,0.0,0.0
15.859129128683277,-25.293014970812184,20.599999999999984,0.0,0.0,0.0
15.870055924685364,-25.295854604173126,20.59999999999998,0.0,0.0,0.0
15.880982882218833,-25.298700420022943,20.59999999999998,0.0,0.0,0.0
15.89191000281555,-25.301552422540095,20.599999999999977,0.0,0.0,0.0
15.902837288009048,-25.304410615902864,20.59999999999998,0.0,0.0,0.0
15.913764739334573,-25.307275004289384,20.599999999999984,0.0,0.0,0.0
15.924692358329091,-25.31014559187759,20.599999999999977,0.0,0.0,0.0
15.935620146531253,-25.31302238284523,20.599999999999984,0.0,0.0,0.0
15.946548105481428,-25.315905381369923,20.599999999999977,0.0,0.0,0.0
15.957476236721686,-25.318794591629068,20.59999999999998,0.0,0.0,0.0
15.968404541795817,-25.321690017799938,20.59999999999998,0.0,0.0,0.0
15.97933302224931,-25.324591664059582,20.599999999999977,0.0,0.0,0.0
15.990261679629372,-25.327499534584916,20.599999999999977,0.0,0.0,0.0
16.001190515484907,-25.330413633552645,20.59999999999998,0.0,0.0,0.0
16.012119531366555,-25.33333396513934,20.599999999999984,0.0,0.0,0.0
16.023048728826655,-25.336260533521354,20.59999999999998,0.0,0.0,0.0
16.03397810941926,-25.33919334287489,20.599999999999984,0.0,0.0,0.0
16.044907674700138,-25.34213239737598,20.599999999999984,0.0,0.0,0.0
16.055837426226773,-25.345077701200452,20.599999999999977,0.0,0.0,0.0
16.066767365558377,-25.34802925852399,20.599999999999984,0.0,0.0,0.0
16.077697494255872,-25.350987073522074,20.59999999999998,0.0,0.0,0.0
16.088627813881896,-25.353951150370015,20.59999999999998,0.0,0.0,0.0
16.09955832600081,-25.356921493242957,20.599999999999984,0.0,0.0,0.0
16.1104890321787,-25.35989810631586,20.59999999999998,0.0,0.0,0.0
16.121419933983372,-25.3628809937635,20.599999999999984,0.0,0.0,0.0
16.132351032984346,-25.36587015976048,20.59999999999998,0.0,0.0,0.0
16.143282330752886,-25.368865608481222,20.59999999999998,0.0,0.0,0.0
16.154213828861963,-25.37186734409997,20.599999999999984,0.0,0.0,0.0
16.165145528886285,-25.374875370790804,20.59999999999998,0.0,0.0,0.0
16.176077432402277,-25.377889692727578,20.59999999999998,0.0,0.0,0.0
16.187009540988093,-25.380910314084016,20.599999999999984,0.0,0.0,0.0
16.197941856223636,-25.383937239033646,20.599999999999984,0.0,0.0,0.0
16.208874379690513,-25.386970471749795,20.599999999999984,0.0,0.0,0.0
16.219807112972074,-25.39001001640565,20.59999999999998,0.0,0.0,0.0
16.230740057653403,-25.39305587717418,20.59999999999998,0.0,0.0,0.0
16.241673215321306,-25.396108058228176,20.59999999999998,0.0,0.0,0.0
16.252606587564344,-25.39916656374028,20.599999999999977,0.0,0.0,0.0
16.26354017597279,-25.402231397882904,20.59999999999998,0.0,0.0,0.0
16.274473982138666,-25.405302564828315,20.599999999999984,0.0,0.0,0.0
16.28540800765573,-25.40838006874859,20.599999999999984,0.0,0.0,0.0
16.296342254119477,-25.411463913815602,20.59999999999998,0.0,0.0,0.0
16.307276723127135,-25.414554104201073,20.59999999999998,0.0,0.0,0.0
16.318211416277684,-25.417650644076513,20.59999999999998,0.0,0.0,0.0
16.329146335171835,-25.420753537613255,20.599999999999977,0.0,0.0,0.0
16.34008148141205,-25.423862788982465,20.59999999999998,0.0,0.0,0.0
16.351016856602527,-25.426978402355108,20.599999999999984,0.0,0.0,0.0
16.361952462349212,-25.430100381901966,20.59999999999998,0.0,0.0,0.0
16.372888300259795,-25.43322873179363,20.599999999999977,0.0,0.0,0.0
16.38382437194371,-25.436363456200525,20.599999999999984,0.0,0.0,0.0
16.39476067901215,-25.439504559292885,20.599999999999984,0.0,0.0,0.0
16.405697223078036,-25.442652045240727,20.599999999999977,0.0,0.0,0.0
16.41663400575606,-25.44580591821393,20.599999999999984,0.0,0.0,0.0
16.427571028662648,-25.448966182382144,20.59999999999998,0.0,0.0,0.0
16.438508293415985,-25.452132841914857,20.599999999999977,0.0,0.0,0.0
16.449445801636017,-25.455305900981372,20.599999999999984,0.0,0.0,0.0
16.46038355494444,-25.458485363750775,20.59999999999998,0.0,0.0,0.0
16.47132155496467,-25.461671234392004,20.59999999999998,0.0,0.0,0.0
16.48225980332194,-25.464863517073773,20.599999999999984,0.0,0.0,0.0
16.4931983016432,-25.468062215964647,20.59999999999998,0.0,0.0,0.0
16.50413705155717,-25.471267335232948,20.59999999999998,0.0,0.0,0.0
16.515076054694315,-25.47447887904686,20.599999999999984,0.0,0.0,0.0
16.526015312686887,-25.477696851574347,20.599999999999984,0.0,0.0,0.0
16.536954827168877,-25.48092125698321,20.599999999999984,0.0,0.0,0.0
16.547894599776043,-25.484152099441015,20.599999999999984,0.0,0.0,0.0
16.558834632145917,-25.487389383115197,20.599999999999984,0.0,0.0,0.0
16.569774925917773,-25.490633112172954,20.59999999999998,0.0,0.0,0.0
16.580715482732682,-25.493883290781294,20.599999999999984,0.0,0.0,0.0
16.59165630423346,-25.497139923107074,20.599999999999977,0.0,0.0,0.0
16.60259739206469,-25.50040301331692,20.599999999999984,0.0,0.0,0.0
16.613538747872735,-25.50367256557727,20.599999999999984,0.0,0.0,0.0
16.624480373305733,-25.506948584054392,20.59999999999998,0.0,0.0,0.0
16.635422270013574,-25.510231072914358,20.599999999999977,0.0,0.0,0.0
16.646364439647932,-25.51352003632301,20.599999999999977,0.0,0.0,0.0
16.657306883862244,-25.516815478446034,20.59999999999998,0.0,0.0,0.0
16.668249604311747,-25.52011740344893,20.599999999999977,0.0,0.0,0.0
16.679192602653426,-25.523425815496964,20.599999999999977,0.0,0.0,0.0
16.690135880546055,-25.526740718755246,20.59999999999998,0.0,0.0,0.0
16.701079439650186,-25.530062117388667,20.59999999999998,0.0,0.0,0.0
16.71202328162815,-25.53339001556193,20.599999999999984,0.0,0.0,0.0
16.722967408144065,-25.536724417439565,20.599999999999977,0.0,0.0,0.0
16.733911820863803,-25.54006532718586,20.59999999999998,0.0,0.0,0.0
16.744856521455063,-25.54341274896496,20.599999999999977,0.0,0.0,0.0
16.75580151158728,-25.546766686940767,20.599999999999984,0.0,0.0,0.0
16.766746792931713,-25.550127145277024,20.599999999999984,0.0,0.0,0.0
16.777692367161386,-25.553494128137256,20.59999999999998,0.0,0.0,0.0
16.788638235951115,-25.556867639684786,20.59999999999998,0.0,0.0,0.0
16.79958440097751,-25.560247684082768,20.59999999999998,0.0,0.0,0.0
16.810530863918952,-25.563634265494134,20.599999999999987,0.0,0.0,0.0
16.821477626455636,-25.56702738808162,20.599999999999984,0.0,0.0,0.0
16.832424690269534,-25.570427056007766,20.599999999999984,0.0,0.0,0.0
16.84337205704442,-25.573833273434932,20.599999999999977,0.0,0.0,0.0
16.854319728465857,-25.577246044525246,20.59999999999998,0.0,0.0,0.0
16.865267706221196,-25.58066537344066,20.599999999999987,0.0,0.0,0.0
16.876215991999608,-25.584091264342938,20.599999999999984,0.0,0.0,0.0
16.887164587492034,-25.587523721393595,20.599999999999984,0.0,0.0,0.0
16.89811349439123,-25.590962748753995,20.599999999999984,0.0,0.0,0.0
16.909062714391748,-25.594408350585297,20.59999999999998,0.0,0.0,0.0
16.92001224918994,-25.597860531048422,20.599999999999977,0.0,0.0,0.0
16.93096210048397,-25.60131929430413,20.599999999999984,0.0,0.0,0.0
16.941912269973784,-25.60478464451296,20.599999999999984,0.0,0.0,0.0
16.95286275936116,-25.608256585835253,20.599999999999984,0.0,0.0,0.0
16.96381357034966,-25.61173512243115,20.599999999999984,0.0,0.0,0.0
16.97476470464467,-25.615220258460592,20.59999999999998,0.0,0.0,0.0
16.985716163953374,-25.618711998083317,20.599999999999984,0.0,0.0,0.0
16.996667949984765,-25.622210345458843,20.59999999999998,0.0,0.0,0.0
17.007620064449654,-25.625715304746507,20.599999999999977,0.0,0.0,0.0
17.018572509060657,-25.62922688010543,20.599999999999977,0.0,0.0,0.0
17.029525285532213,-25.632745075694544,20.59999999999998,0.0,0.0,0.0
17.040478395580564,-25.636269895672566,20.599999999999977,0.0,0.0,0.0
17.051431840923776,-25.639801344197995,20.59999999999998,0.0,0.0,0.0
17.062385623281727,-25.643339425429136,20.59999999999998,0.0,0.0,0.0
17.073339744376128,-25.646884143524122,20.599999999999977,0.0,0.0,0.0
17.08429420593048,-25.65043550264082,20.59999999999998,0.0,0.0,0.0
17.095249009670134,-25.65399350693693,20.59999999999998,0.0,0.0,0.0
17.106204157322253,-25.65755816056994,20.59999999999998,0.0,0.0,0.0
17.11715965061581,-25.661129467697126,20.59999999999998,0.0,0.0,0.0
17.128115491281626,-25.66470743247557,20.599999999999984,0.0,0.0,0.0
17.139071681052343,-25.668292059062125,20.59999999999998,0.0,0.0,0.0
17.150028221662406,-25.671883351613463,20.59999999999998,0.0,0.0,0.0
17.160985114848117,-25.675481314286007,20.599999999999984,0.0,0.0,0.0
17.171942362347597,-25.67908595123603,20.599999999999984,0.0,0.0,0.0
17.1828999659008,-25.682697266619556,20.599999999999984,0.0,0.0,0.0
17.1938579272495,-25.6863152645924,20.599999999999977,0.0,0.0,0.0
17.20481624813732,-25.689939949310176,20.599999999999984,0.0,0.0,0.0
17.215774930309706,-25.693571324928318,20.599999999999984,0.0,0.0,0.0
17.22673397551397,-25.697209395601995,20.59999999999998,0.0,0.0,0.0
17.237693385499217,-25.70085416548621,20.599999999999977,0.0,0.0,0.0
17.248653162016407,-25.70450563873573,20.59999999999998,0.0,0.0,0.0
17.259613306818363,-25.708163819505135,20.59999999999998,0.0,0.0,0.0
17.270573821659713,-25.711828711948765,20.59999999999998,0.0,0.0,0.0
17.281534708296963,-25.71550032022077,20.59999999999998,0.0,0.0,0.0
17.292495968488435,-25.71917864847509,20.599999999999977,0.0,0.0,0.0
17.303457603994303,-25.72286370086544,20.59999999999998,0.0,0.0,0.0
17.3144196165766,-25.72655548154533,20.599999999999977,0.0,0.0,0.0
17.325382007999195,-25.73025399466805,20.599999999999984,0.0,0.0,0.0
17.33634478002781,-25.73395924438669,20.59999999999998,0.0,0.0,0.0
17.347307934430013,-25.737671234854123,20.59999999999998,0.0,0.0,0.0
17.35827147297523,-25.741389970223004,20.599999999999984,0.0,0.0,0.0
17.36923539743474,-25.745115454645777,20.599999999999977,0.0,0.0,0.0
17.380199709581667,-25.74884769227467,20.59999999999998,0.0,0.0,0.0
17.39116441119101,-25.752586687261694,20.59999999999998,0.0,0.0,0.0
17.402129504039593,-25.75633244375864,20.599999999999984,0.0,0.0,0.0
17.413094989906146,-25.76008496591712,20.599999999999984,0.0,0.0,0.0
17.424060870571207,-25.763844257888483,20.599999999999984,0.0,0.0,0.0
17.43502714781722,-25.76761032382388,20.599999999999984,0.0,0.0,0.0
17.445993823428456,-25.771383167874262,20.59999999999998,0.0,0.0,0.0
17.45696089919107,-25.775162794190337,20.59999999999998,0.0,0.0,0.0
17.467928376893084,-25.77894920692262,20.59999999999998,0.0,0.0,0.0
17.47889625832437,-25.78274241022139,20.599999999999984,0.0,0.0,0.0
17.489864545276685,-25.786542408236723,20.599999999999984,0.0,0.0,0.0
17.50083323954365,-25.79034920511847,20.59999999999998,0.0,0.0,0.0
17.51180234292076,-25.794162805016263,20.599999999999984,0.0,0.0,0.0
17.522771857205367,-25.79798321207952,20.599999999999984,0.0,0.0,0.0
17.53374178419671,-25.801810430457436,20.599999999999984,0.0,0.0,0.0
17.54471212569591,-25.80564446429899,20.599999999999977,0.0,0.0,0.0
17.55568288350594,-25.80948531775294,20.59999999999998,0.0,0.0,0.0
17.566654059431688,-25.813332994967826,20.599999999999977,0.0,0.0,0.0
17.577625655279878,-25.81718750009197,20.59999999999998,0.0,0.0,0.0
17.58859767285914,-25.821048837273466,20.599999999999984,0.0,0.0,0.0
17.599570113979993,-25.824917010660194,20.599999999999977,0.0,0.0,0.0
17.610542980454813,-25.828792024399814,20.599999999999984,0.0,0.0,0.0
17.62151627409789,-25.83267388263975,20.599999999999977,0.0,0.0,0.0
17.63248999672538,-25.836562589527226,20.59999999999998,0.0,0.0,0.0
17.643464150155328,-25.84045814920925,20.59999999999998,0.0,0.0,0.0
17.654438736207684,-25.844360565832563,20.59999999999998,0.0,0.0,0.0
17.665413756704268,-25.84826984354373,20.599999999999977,0.0,0.0,0.0
17.676389213468813,-25.852185986489072,20.59999999999998,0.0,0.0,0.0
17.68736510832692,-25.856108998814676,20.59999999999998,0.0,0.0,0.0
17.69834144310611,-25.860038884666448,20.599999999999977,0.0,0.0,0.0
17.709318219635783,-25.863975648190017,20.599999999999984,0.0,0.0,0.0
17.720295439747247,-25.86791929353083,20.599999999999977,0.0,0.0,0.0
17.7312731052737,-25.871869824834075,20.59999999999998,0.0,0.0,0.0
17.742251218050257,-25.87582724624475,20.59999999999998,0.0,0.0,0.0
17.753229779913916,-25.879791561907584,20.599999999999984,0.0,0.0,0.0
17.76420879270359,-25.883762775967135,20.599999999999977,0.0,0.0,0.0
17.775188258260094,-25.887740892567685,20.59999999999998,0.0,0.0,0.0
17.78616817842614,-25.891725915853318,20.59999999999998,0.0,0.0,0.0
17.797148555046373,-25.89571784996789,20.599999999999984,0.0,0.0,0.0
17.808129389967323,-25.899716699055016,20.599999999999984,0.0,0.0,0.0
17.819110685037447,-25.903722467258085,20.59999999999998,0.0,0.0,0.0
17.8300924421071,-25.907735158720286,20.59999999999998,0.0,0.0,0.0
17.841074663028568,-25.911754777584544,20.59999999999998,0.0,0.0,0.0
17.85205734965604,-25.915781327993574,20.59999999999998,0.0,0.0,0.0
17.86304050384562,-25.919814814089865,20.59999999999998,0.0,0.0,0.0
17.874024127455336,-25.923855240015655,20.599999999999984,0.0,0.0,0.0
17.885008222345146,-25.927902609912998,20.59999999999998,0.0,0.0,0.0
17.895992790376912,-25.931956927923665,20.599999999999984,0.0,0.0,0.0
17.90697783341443,-25.936018198189235,20.59999999999998,0.0,0.0,0.0
17.91796335332341,-25.94008642485104,20.59999999999998,0.0,0.0,0.0
17.92894935197151,-25.944161612050177,20.599999999999977,0.0,0.0,0.0
17.93993583122829,-25.94824376392752,20.599999999999977,0.0,0.0,0.0
17.95092279296525,-25.95233288462373,20.599999999999977,0.0,0.0,0.0
17.961910239055825,-25.956428978279202,20.59999999999998,0.0,0.0,0.0
17.972898171375377,-25.960532049034114,20.59999999999998,0.0,0.0,0.0
17.983886591801202,-25.964642101028428,20.599999999999984,0.0,0.0,0.0
17.994875502212537,-25.96875913840184,20.59999999999998,0.0,0.0,0.0
18.005864904490547,-25.97288316529384,20.599999999999977,0.0,0.0,0.0
18.01685480051834,-25.97701418584368,20.59999999999998,0.0,0.0,0.0
18.02784519218097,-25.98115220419037,20.599999999999984,0.0,0.0,0.0
18.03883608136542,-25.985297224472692,20.59999999999998,0.0,0.0,0.0
18.049827469960633,-25.989449250829182,20.59999999999998,0.0,0.0,0.0
18.06081935985747,-25.993608287398164,20.599999999999984,0.0,0.0,0.0
18.07181175294877,-25.997774338317704,20.59999999999998,0.0,0.0,0.0
18.082804651129294,-26.001947407725652,20.599999999999984,0.0,0.0,0.0
18.09379805629577,-26.006127499759604,20.599999999999984,0.0,0.0,0.0
18.104791970346877,-26.010314618556944,20.59999999999998,0.0,0.0,0.0
18.11578639518323,-26.0145087682548,20.599999999999977,0.0,0.0,0.0
18.126781332707413,-26.01870995299004,20.599999999999977,0.0,0.0,0.0
18.13777678482396,-26.022918176899367,20.599999999999977,0.0,0.0,0.0
18.148772753439367,-26.027133444119166,20.599999999999977,0.0,0.0,0.0
18.159769240462083,-26.031355758785654,20.599999999999977,0.0,0.0,0.0
18.170766247802522,-26.035585125034753,20.599999999999977,0.0,0.0,0.0
18.18176377737306,-26.039821547002177,20.599999999999977,0.0,0.0,0.0
18.19276183108804,-26.044065028823397,20.599999999999984,0.0,0.0,0.0
18.20376041086377,-26.048315574633644,20.59999999999998,0.0,0.0,0.0
18.21475951861851,-26.0525731885679,20.599999999999977,0.0,0.0,0.0
18.22575915627252,-26.056837874760927,20.599999999999977,0.0,0.0,0.0
18.236759325747983,-26.06110963734722,20.599999999999984,0.0,0.0,0.0
18.247760028969118,-26.06538848046106,20.599999999999984,0.0,0.0,0.0
18.258761267862063,-26.06967440823648,20.59999999999998,0.0,0.0,0.0
18.26976304435496,-26.073967424807265,20.599999999999977,0.0,0.0,0.0
18.280765360377906,-26.078267534306946,20.59999999999998,0.0,0.0,0.0
18.291768217863,-26.082574740868843,20.59999999999998,0.0,0.0,0.0
18.302771618744323,-26.08688904862603,20.599999999999984,0.0,0.0,0.0
