galstreams/tracks/track.st.SGP-S.yang2022.ecsv
# %ECSV 1.0
# ---
# datatype:
# - {name: ra, unit: deg, datatype: float64}
# - {name: dec, unit: deg, datatype: float64}
# - {name: distance, unit: kpc, datatype: float64}
# - {name: pm_ra_cosdec, unit: mas / yr, datatype: float64}
# - {name: pm_dec, unit: mas / yr, datatype: float64}
# - {name: radial_velocity, unit: km / s, datatype: float64}
# delimiter: ','
# meta: !!omap
# - __serialized_columns__:
#     dec:
#       __class__: astropy.coordinates.angles.Latitude
#       unit: &id001 !astropy.units.Unit {unit: deg}
#       value: !astropy.table.SerializedColumn {name: dec}
#     distance:
#       __class__: astropy.coordinates.distances.Distance
#       unit: !astropy.units.Unit {unit: kpc}
#       value: !astropy.table.SerializedColumn {name: distance}
#     pm_dec:
#       __class__: astropy.units.quantity.Quantity
#       unit: !astropy.units.Unit {unit: mas / yr}
#       value: !astropy.table.SerializedColumn {name: pm_dec}
#     pm_ra_cosdec:
#       __class__: astropy.units.quantity.Quantity
#       unit: !astropy.units.Unit {unit: mas / yr}
#       value: !astropy.table.SerializedColumn {name: pm_ra_cosdec}
#     ra:
#       __class__: astropy.coordinates.angles.Longitude
#       unit: *id001
#       value: !astropy.table.SerializedColumn {name: ra}
#       wrap_angle: !astropy.coordinates.Angle
#         unit: *id001
#         value: 360.0
#     radial_velocity:
#       __class__: astropy.units.quantity.Quantity
#       unit: !astropy.units.Unit {unit: km / s}
#       value: !astropy.table.SerializedColumn {name: radial_velocity}
# schema: astropy-2.0
ra,dec,distance,pm_ra_cosdec,pm_dec,radial_velocity
10.982835227392698,-61.0,9.49999999999999,1.9999999999999938,2.4999999999999942,-3.368306851948935e-14
10.980718003420897,-60.99004054069191,9.499999999999986,1.9999999999999944,2.499999999999995,-2.5262301389617013e-14
10.978601347652456,-60.980081101633786,9.499999999999986,1.999999999999995,2.4999999999999956,-1.6841534259744676e-14
10.976485259931605,-60.97012168279034,9.499999999999986,1.9999999999999936,2.4999999999999956,0.0
10.974369740102503,-60.96016228412603,9.499999999999986,1.9999999999999938,2.499999999999995,-1.6841534259744676e-14
10.972254788009407,-60.95020290560559,9.499999999999984,1.9999999999999931,2.4999999999999947,8.420767129872338e-15
10.970140403496522,-60.94024354719362,9.499999999999982,1.999999999999994,2.499999999999996,0.0
10.968026586408138,-60.93028420885492,9.499999999999984,1.9999999999999933,2.499999999999995,-3.368306851948935e-14
10.965913336588487,-60.920324890554085,9.499999999999982,1.9999999999999936,2.4999999999999947,0.0
10.963800653881902,-60.91036559225607,9.49999999999998,1.9999999999999936,2.499999999999996,-4.210383564936169e-14
10.961688538132641,-60.9004063139255,9.499999999999982,1.999999999999993,2.4999999999999947,-2.5262301389617013e-14
10.959576989185072,-60.890447055527375,9.499999999999977,1.9999999999999933,2.4999999999999964,-2.5262301389617013e-14
10.957466006883495,-60.88048781702643,9.49999999999998,1.9999999999999933,2.499999999999994,8.420767129872338e-15
10.9553555910723,-60.87052859838772,9.49999999999998,1.9999999999999933,2.4999999999999947,-1.6841534259744676e-14
10.95324574159583,-60.860569399576065,9.499999999999977,1.9999999999999938,2.4999999999999947,-3.368306851948935e-14
10.951136458298508,-60.85061022055655,9.499999999999977,1.9999999999999931,2.499999999999995,-8.420767129872338e-15
10.949027741024723,-60.840651061294146,9.499999999999977,1.9999999999999938,2.499999999999996,-1.6841534259744676e-14
10.946919589618886,-60.83069192175383,9.499999999999975,1.9999999999999933,2.4999999999999947,8.420767129872338e-15
10.94481200392547,-60.82073280190084,9.499999999999977,1.999999999999993,2.4999999999999956,-3.368306851948935e-14
10.942704983788898,-60.81077370170012,9.499999999999975,1.9999999999999942,2.499999999999995,-8.420767129872338e-15
10.940598529053684,-60.800814621116984,9.499999999999973,1.9999999999999942,2.4999999999999956,-8.420767129872338e-15
10.938492639564283,-60.7908555601165,9.499999999999975,1.9999999999999938,2.499999999999995,0.0
10.936387315165229,-60.78089651866399,9.499999999999973,1.9999999999999933,2.4999999999999956,-1.6841534259744676e-14
10.934282555701028,-60.770937496724606,9.499999999999975,1.999999999999993,2.4999999999999947,-5.894536990910637e-14
10.932178361016248,-60.76097849426372,9.499999999999975,1.999999999999993,2.4999999999999947,0.0
10.93007473095542,-60.75101951124659,9.499999999999973,1.999999999999994,2.4999999999999956,-3.368306851948935e-14
10.927971665363144,-60.74106054763866,9.499999999999973,1.9999999999999927,2.4999999999999956,-3.368306851948935e-14
10.925869164083982,-60.73110160340522,9.49999999999997,1.999999999999994,2.4999999999999956,-4.210383564936169e-14
10.923767226962584,-60.72114267851179,9.49999999999997,1.9999999999999933,2.4999999999999956,-2.5262301389617013e-14
10.921665853843528,-60.71118377292374,9.499999999999972,1.9999999999999936,2.4999999999999947,-2.5262301389617013e-14
10.919565044571506,-60.701224886606674,9.499999999999973,1.999999999999993,2.4999999999999942,-3.368306851948935e-14
10.917464798991132,-60.691266019526,9.499999999999972,1.9999999999999933,2.4999999999999947,-2.5262301389617013e-14
10.915365116947125,-60.68130717164739,9.499999999999973,1.9999999999999927,2.4999999999999947,-2.5262301389617013e-14
10.913265998284132,-60.67134834293634,9.49999999999997,1.9999999999999936,2.4999999999999942,-1.6841534259744676e-14
10.911167442846903,-60.6613895333586,9.49999999999997,1.9999999999999936,2.4999999999999947,0.0
10.909069450480152,-60.651430742879775,9.49999999999997,1.9999999999999922,2.499999999999995,-3.368306851948935e-14
10.906972021028583,-60.641471971465485,9.499999999999972,1.999999999999993,2.4999999999999947,-1.6841534259744676e-14
10.904875154337013,-60.631513219081604,9.49999999999997,1.9999999999999933,2.499999999999996,-2.5262301389617013e-14
10.902778850250169,-60.62155448569377,9.49999999999997,1.9999999999999936,2.4999999999999947,-3.368306851948935e-14
10.900683108612872,-60.611595771267886,9.499999999999972,1.9999999999999933,2.4999999999999947,-1.6841534259744676e-14
10.898587929269915,-60.60163707576971,9.499999999999968,1.9999999999999933,2.4999999999999956,-2.5262301389617013e-14
10.896493312066141,-60.591678399165204,9.49999999999997,1.9999999999999933,2.4999999999999947,-8.420767129872338e-15
10.894399256846356,-60.58171974142013,9.499999999999966,1.9999999999999933,2.499999999999995,-1.6841534259744676e-14
10.89230576345546,-60.57176110250059,9.499999999999966,1.9999999999999936,2.4999999999999956,-1.6841534259744676e-14
10.890212831738285,-60.5618024823724,9.499999999999968,1.9999999999999927,2.499999999999995,-8.420767129872338e-15
10.888120461539762,-60.55184388100169,9.499999999999968,1.9999999999999933,2.499999999999996,0.0
10.886028652704754,-60.54188529835439,9.499999999999968,1.9999999999999938,2.499999999999995,-3.368306851948935e-14
10.883937405078221,-60.53192673439666,9.499999999999972,1.9999999999999925,2.4999999999999947,-2.5262301389617013e-14
10.881846718505072,-60.52196818909453,9.499999999999966,1.9999999999999938,2.499999999999995,-1.6841534259744676e-14
10.879756592830294,-60.51200966241422,9.499999999999968,1.9999999999999933,2.4999999999999947,-1.6841534259744676e-14
10.877667027898838,-60.50205115432187,9.499999999999966,1.9999999999999933,2.499999999999995,-3.368306851948935e-14
10.875578023555676,-60.492092664783605,9.49999999999997,1.9999999999999931,2.4999999999999947,-2.5262301389617013e-14
10.87348957964585,-60.48213419376579,9.499999999999968,1.9999999999999931,2.4999999999999956,-1.6841534259744676e-14
10.871401696014344,-60.47217574123457,9.499999999999968,1.9999999999999933,2.499999999999995,8.420767129872338e-15
10.869314372506222,-60.4622173071564,9.499999999999968,1.9999999999999927,2.4999999999999947,-1.6841534259744676e-14
10.867227608966514,-60.452258891497486,9.499999999999966,1.9999999999999938,2.499999999999995,-2.5262301389617013e-14
10.865141405240308,-60.442300494224284,9.49999999999997,1.999999999999993,2.4999999999999947,-8.420767129872338e-15
10.863055761172667,-60.43234211530314,9.499999999999968,1.9999999999999942,2.4999999999999947,-2.5262301389617013e-14
10.860970676608725,-60.422383754700576,9.499999999999968,1.9999999999999931,2.499999999999995,-1.6841534259744676e-14
10.858886151393557,-60.41242541238297,9.49999999999997,1.9999999999999933,2.4999999999999942,-1.6841534259744676e-14
10.856802185372333,-60.40246708831693,9.49999999999997,1.9999999999999927,2.4999999999999947,-3.368306851948935e-14
10.854718778390172,-60.39250878246888,9.499999999999968,1.9999999999999933,2.4999999999999947,-1.6841534259744676e-14
10.852635930292271,-60.38255049480552,9.49999999999997,1.9999999999999931,2.499999999999995,-8.420767129872338e-15
10.850553640923772,-60.37259222529335,9.499999999999968,1.9999999999999931,2.4999999999999956,-4.210383564936169e-14
10.848471910129916,-60.3626339738991,9.49999999999997,1.9999999999999927,2.4999999999999947,-3.368306851948935e-14
10.84639073775589,-60.35267574058939,9.499999999999966,1.9999999999999936,2.4999999999999964,8.420767129872338e-15
10.84431012364691,-60.34271752533088,9.499999999999966,1.9999999999999936,2.4999999999999956,-8.420767129872338e-15
10.842230067648254,-60.332759328090454,9.499999999999968,1.9999999999999933,2.499999999999995,-2.5262301389617013e-14
10.840150569605148,-60.322801148834714,9.49999999999997,1.9999999999999933,2.499999999999995,-8.420767129872338e-15
10.83807162936291,-60.31284298753063,9.49999999999997,1.999999999999993,2.499999999999995,-3.368306851948935e-14
10.835993246766787,-60.30288484414489,9.49999999999997,1.999999999999993,2.4999999999999947,0.0
10.833915421662127,-60.29292671864451,9.499999999999968,1.9999999999999933,2.4999999999999947,-2.5262301389617013e-14
10.83183815389422,-60.28296861099626,9.499999999999968,1.9999999999999936,2.4999999999999956,-8.420767129872338e-15
10.829761443308444,-60.27301052116723,9.49999999999997,1.9999999999999927,2.499999999999995,-5.0524602779234026e-14
10.827685289750109,-60.2630524491242,9.499999999999972,1.999999999999993,2.499999999999994,2.5262301389617013e-14
10.825609693064642,-60.2530943948344,9.499999999999968,1.999999999999993,2.4999999999999956,-4.210383564936169e-14
10.82353465309738,-60.243136358264664,9.499999999999968,1.9999999999999942,2.499999999999996,1.6841534259744676e-14
10.821460169693758,-60.233178339382235,9.499999999999968,1.9999999999999933,2.4999999999999956,-2.5262301389617013e-14
10.819386242699172,-60.22322033815407,9.49999999999997,1.999999999999993,2.4999999999999942,-3.368306851948935e-14
10.817312871959086,-60.21326235454744,9.499999999999972,1.9999999999999933,2.4999999999999942,-1.6841534259744676e-14
10.81524005731892,-60.20330438852938,9.499999999999966,1.9999999999999942,2.499999999999995,8.420767129872338e-15
10.813167798624164,-60.19334644006724,9.499999999999968,1.9999999999999933,2.4999999999999956,-1.6841534259744676e-14
10.811096095720277,-60.183388509128115,9.49999999999997,1.9999999999999936,2.4999999999999947,-1.6841534259744676e-14
10.809024948452787,-60.173430595679406,9.49999999999997,1.9999999999999936,2.499999999999995,-4.210383564936169e-14
10.806954356667186,-60.16347269968834,9.49999999999997,1.9999999999999931,2.4999999999999942,-2.5262301389617013e-14
10.80488432020899,-60.153514821122215,9.49999999999997,1.9999999999999933,2.4999999999999947,-2.5262301389617013e-14
10.802814838923773,-60.14355695994849,9.499999999999972,1.9999999999999925,2.499999999999994,-8.420767129872338e-15
10.800745912657066,-60.13359911613448,9.499999999999968,1.9999999999999936,2.4999999999999947,8.420767129872338e-15
10.79867754125448,-60.123641289647715,9.499999999999966,1.9999999999999938,2.4999999999999956,0.0
10.796609724561566,-60.11368348045556,9.499999999999966,1.9999999999999938,2.499999999999995,-1.6841534259744676e-14
10.794542462423962,-60.10372568852562,9.49999999999997,1.9999999999999933,2.4999999999999947,-1.6841534259744676e-14
10.792475754687267,-60.09376791382532,9.499999999999968,1.9999999999999942,2.4999999999999947,-8.420767129872338e-15
10.790409601197142,-60.08381015632231,9.499999999999968,1.9999999999999936,2.499999999999995,0.0
10.788344001799212,-60.07385241598411,9.49999999999997,1.9999999999999936,2.4999999999999947,-1.6841534259744676e-14
10.786278956339176,-60.063894692778454,9.49999999999997,1.9999999999999936,2.4999999999999947,-8.420767129872338e-15
10.784214464662682,-60.05393698667288,9.499999999999968,1.9999999999999944,2.4999999999999956,-1.6841534259744676e-14
10.78215052661547,-60.043979297635204,9.499999999999972,1.9999999999999938,2.4999999999999947,0.0
10.780087142043214,-60.03402162563303,9.49999999999997,1.999999999999995,2.4999999999999947,1.6841534259744676e-14
10.778024310791684,-60.02406397063428,9.49999999999997,1.999999999999994,2.4999999999999947,-8.420767129872338e-15
10.775962032706602,-60.014106332606616,9.49999999999997,1.999999999999994,2.4999999999999956,0.0
10.773900307633715,-60.004148711517864,9.499999999999972,1.9999999999999936,2.4999999999999942,0.0
10.771839135418835,-59.99419110733598,9.49999999999997,1.9999999999999933,2.4999999999999947,-8.420767129872338e-15
10.769778515907712,-59.984233520028724,9.499999999999972,1.9999999999999933,2.4999999999999942,8.420767129872338e-15
10.76771844894619,-59.974275949564145,9.499999999999972,1.999999999999994,2.499999999999994,-8.420767129872338e-15
10.765658934380061,-59.96431839591009,9.49999999999997,1.9999999999999942,2.4999999999999947,-8.420767129872338e-15
10.76359997205519,-59.95436085903465,9.499999999999968,1.9999999999999942,2.499999999999996,-8.420767129872338e-15
10.761541561817399,-59.94440333890575,9.49999999999997,1.999999999999994,2.499999999999995,-8.420767129872338e-15
10.759483703512585,-59.93444583549153,9.49999999999997,1.9999999999999942,2.4999999999999947,8.420767129872338e-15
10.757426396986604,-59.92448834875999,9.499999999999972,1.9999999999999942,2.499999999999994,-2.5262301389617013e-14
10.755369642085379,-59.91453087867934,9.499999999999972,1.9999999999999933,2.4999999999999942,0.0
10.753313438654798,-59.90457342521762,9.49999999999997,1.9999999999999947,2.4999999999999947,1.6841534259744676e-14
10.751257786540812,-59.89461598834314,9.49999999999997,1.9999999999999933,2.4999999999999947,-1.6841534259744676e-14
10.74920268558934,-59.88465856802399,9.499999999999968,1.9999999999999947,2.4999999999999947,-1.6841534259744676e-14
10.747148135646368,-59.87470116422849,9.499999999999972,1.999999999999994,2.499999999999994,0.0
10.745094136557855,-59.86474377692494,9.499999999999972,1.9999999999999942,2.4999999999999947,8.420767129872338e-15
10.743040688169772,-59.854786406081544,9.499999999999972,1.9999999999999938,2.4999999999999956,-1.6841534259744676e-14
10.740987790328154,-59.844829051666764,9.499999999999972,1.9999999999999942,2.4999999999999947,-8.420767129872338e-15
10.73893544287899,-59.834871713648866,9.499999999999973,1.999999999999994,2.499999999999994,0.0
10.73688364566835,-59.8249143919964,9.499999999999972,1.9999999999999944,2.4999999999999956,-3.368306851948935e-14
10.734832398542235,-59.81495708667762,9.499999999999972,1.9999999999999942,2.4999999999999947,2.5262301389617013e-14
10.732781701346752,-59.80499979766118,9.499999999999973,1.9999999999999938,2.4999999999999947,0.0
10.730731553927946,-59.795042524915445,9.499999999999973,1.9999999999999944,2.499999999999994,1.6841534259744676e-14
10.728681956131942,-59.78508526840906,9.499999999999972,1.9999999999999942,2.4999999999999947,0.0
10.72663290780482,-59.7751280281105,9.499999999999972,1.9999999999999944,2.4999999999999947,0.0
10.724584408792724,-59.76517080398845,9.499999999999972,1.999999999999995,2.4999999999999947,0.0
10.722536458941768,-59.75521359601143,9.499999999999972,1.9999999999999951,2.4999999999999947,-8.420767129872338e-15
10.720489058098137,-59.74525640414823,9.499999999999972,1.999999999999995,2.4999999999999947,2.5262301389617013e-14
10.718442206107964,-59.73529922836744,9.499999999999972,1.999999999999995,2.4999999999999947,0.0
10.716395902817462,-59.72534206863787,9.499999999999972,1.9999999999999947,2.4999999999999956,2.5262301389617013e-14
10.71435014807282,-59.71538492492827,9.499999999999972,1.9999999999999938,2.4999999999999956,8.420767129872338e-15
10.712304941720221,-59.70542779720734,9.499999999999975,1.9999999999999944,2.4999999999999947,0.0
10.710260283605939,-59.695470685444015,9.499999999999975,1.9999999999999942,2.4999999999999947,0.0
10.708216173576172,-59.68551358960705,9.499999999999973,1.9999999999999947,2.4999999999999947,8.420767129872338e-15
10.706172611477209,-59.67555650966544,9.499999999999973,1.9999999999999942,2.499999999999995,-8.420767129872338e-15
10.7041295971553,-59.66559944558798,9.499999999999972,1.9999999999999951,2.499999999999995,1.6841534259744676e-14
10.702087130456745,-59.65564239734374,9.499999999999973,1.999999999999994,2.499999999999995,2.5262301389617013e-14
10.700045211227831,-59.64568536490162,9.499999999999975,1.9999999999999942,2.4999999999999942,8.420767129872338e-15
10.698003839314893,-59.6357283482307,9.499999999999977,1.9999999999999942,2.4999999999999947,1.6841534259744676e-14
10.695963014564233,-59.625771347299946,9.499999999999975,1.9999999999999947,2.4999999999999942,-8.420767129872338e-15
10.693922736822227,-59.615814362078524,9.499999999999973,1.9999999999999956,2.4999999999999947,-3.368306851948935e-14
10.691883005935203,-59.605857392535434,9.499999999999973,1.9999999999999953,2.4999999999999947,-8.420767129872338e-15
