galstreams/tracks/track.st.Jhelum.ibata2021.ecsv
# %ECSV 1.0
# ---
# datatype:
# - {name: ra, unit: deg, datatype: float64}
# - {name: dec, unit: deg, datatype: float64}
# - {name: distance, unit: kpc, datatype: float64}
# - {name: pm_ra_cosdec, unit: mas / yr, datatype: float64}
# - {name: pm_dec, unit: mas / yr, datatype: float64}
# - {name: radial_velocity, unit: km / s, datatype: float64}
# delimiter: ','
# meta: !!omap
# - __serialized_columns__:
#     dec:
#       __class__: astropy.coordinates.angles.Latitude
#       unit: &id001 !astropy.units.Unit {unit: deg}
#       value: !astropy.table.SerializedColumn {name: dec}
#     distance:
#       __class__: astropy.coordinates.distances.Distance
#       unit: !astropy.units.Unit {unit: kpc}
#       value: !astropy.table.SerializedColumn {name: distance}
#     pm_dec:
#       __class__: astropy.units.quantity.Quantity
#       unit: !astropy.units.Unit {unit: mas / yr}
#       value: !astropy.table.SerializedColumn {name: pm_dec}
#     pm_ra_cosdec:
#       __class__: astropy.units.quantity.Quantity
#       unit: !astropy.units.Unit {unit: mas / yr}
#       value: !astropy.table.SerializedColumn {name: pm_ra_cosdec}
#     ra:
#       __class__: astropy.coordinates.angles.Longitude
#       unit: *id001
#       value: !astropy.table.SerializedColumn {name: ra}
#       wrap_angle: !astropy.coordinates.Angle
#         unit: *id001
#         value: 360.0
#     radial_velocity:
#       __class__: astropy.units.quantity.Quantity
#       unit: !astropy.units.Unit {unit: km / s}
#       value: !astropy.table.SerializedColumn {name: radial_velocity}
# schema: astropy-2.0
ra,dec,distance,pm_ra_cosdec,pm_dec,radial_velocity
[from data line 1705]
343.43378024946134,-51.34255595615852,10.638421442569824,6.585663124330783,-5.37247138377311,66.66467743111212
343.4178245893874,-51.341449431498006,10.639178826741503,6.5841995679851895,-5.373685400229282,67.0014294878897
343.4018697784435,-51.3403402378212,10.639936312617685,6.582735937496406,-5.3748986134288295,67.33780046591961
343.3859158186896,-51.33922837470505,10.640693898548564,6.581272234496313,-5.37611102328662,67.67378823734852
343.3699627121858,-51.33811384172708,10.641451582884331,6.579808460616815,-5.377322629718805,68.00939067432314
343.3540104609924,-51.33699663846534,10.64220936397518,6.578344617489842,-5.378533432642797,68.34460564898987
343.33805906717004,-51.33587676449841,10.6429672401713,6.576880706747345,-5.379743431977287,68.67943103349579
343.32210853277934,-51.334754219405454,10.643725209822895,6.575416730021293,-5.380952627642225,69.01386469998708
343.30615885988124,-51.333629002766166,10.644483271280151,6.573952688943682,-5.3821610195588505,69.3479045206107
343.29021005053676,-51.33250111416076,10.645241422893264,6.572488585146533,-5.383368607649664,69.68154836751292
343.2742621068073,-51.331370553170046,10.645999663012429,6.571024420261881,-5.38457539183843,70.01479411284097
343.2583150307543,-51.330237319375314,10.646757989987837,6.569560195921778,-5.385781372050198,70.34763962874085
343.24236882443944,-51.32910141235844,10.64751640216968,6.568095913758298,-5.386986548211286,70.68008278735932
343.22642348992457,-51.32796283170184,10.648274897908161,6.566631575403532,-5.38819092024927,71.01212146084345
343.21047902927165,-51.326821576988486,10.649033475553463,6.565167182489573,-5.389394488093014,71.34375352133941
343.19453544454296,-51.325677647801854,10.649792133455781,6.56370273664856,-5.390597251672638,71.67497684099418
343.17859273780095,-51.32453104372601,10.650550869965318,6.562238239512617,-5.3917992109195465,72.00578929195414
343.1626509111081,-51.32338176434554,10.651309683432258,6.5607736927138856,-5.393000365766406,72.33618874636602
343.1467099665271,-51.3222298092456,10.652068572206797,6.559309097884529,-5.39420071614716,72.6661730763764
343.130769906121,-51.32107517801185,10.652827534639131,6.557844456656714,-5.3954002619970165,72.99574015413194
343.1148307319528,-51.31991787023054,10.653586569079453,6.556379770662621,-5.396599003252456,73.32488785177924
343.0988924460858,-51.318757885488424,10.654345673877954,6.554915041534436,-5.397796939851235,73.6536140414651
343.08295505058345,-51.31759522337284,10.65510484738483,6.553450270904356,-5.39899407173237,73.98191659533595
343.06701854750924,-51.31642988347165,10.655864087950274,6.551985460404587,-5.400190398836166,74.30979338553838
343.051082938927,-51.31526186537326,10.65662339392448,6.550520611667326,-5.401385921104179,74.63724228421934
343.0351482269007,-51.31409116866663,10.657382763657642,6.549055726324798,-5.402580638479246,74.96426116352508
343.01921441349435,-51.31291779294128,10.658142195499956,6.5475908060092145,-5.403774550905467,75.29084789560297
343.0032815007721,-51.311741737787244,10.658901687801608,6.546125852352798,-5.404967658328234,75.61700035259855
342.9873494907985,-51.31056300279511,10.659661238912799,6.544660866987766,-5.406159960694181,75.94271640665919
342.9714183856381,-51.30938158755601,10.660420847183723,6.543195851546346,-5.407351457951226,76.26799392993138
342.95548818735557,-51.30819749166168,10.661180510964567,6.541730807660763,-5.408542150048563,76.59283079456173
342.9395588980157,-51.30701071470431,10.66194022860553,6.540265736963234,-5.409732036936641,76.91722487269682
342.92363051968357,-51.30582125627669,10.662699998456803,6.538800641085984,-5.410921118567195,77.24117403648339
342.90770305442425,-51.30462911597215,10.663459818868583,6.5373355216612286,-5.412109394893223,77.56467615806788
342.89177650430315,-51.30343429338457,10.664219688191064,6.535870380321176,-5.4132968658689915,77.88772910959726
342.87585087138564,-51.30223678810834,10.664979604774434,6.534405218698044,-5.41448353145004,78.21033076321771
342.85992615773733,-51.30103659973846,10.665739566968888,6.5329400384240355,-5.415669391593177,78.53247899107622
342.844002365424,-51.299833727870414,10.666499573124625,6.531474841131339,-5.41685444625648,78.85417166531944
342.8280794965114,-51.29862817210028,10.667259621591835,6.5300096284521425,-5.418038695399298,79.17540665809366
342.8121575530656,-51.297419932024646,10.668019710720714,6.528544402018633,-5.419222138982249,79.49618184154596
342.7962365371528,-51.29620900724066,10.668779838861449,6.527079163462975,-5.420404776967224,79.81649508782262
342.78031645083917,-51.29499539734606,10.669540004364244,6.525613914417326,-5.421586609317376,80.13634426907053
342.7643972961912,-51.29377910193903,10.670300205579284,6.52414865651384,-5.422767635997135,80.45572725743608
342.7484790752753,-51.292560120618404,10.671060440856767,6.522683391384643,-5.423947856972199,80.77464192506615
342.73256179015823,-51.2913384529835,10.671820708546882,6.521218120661862,-5.425127272209533,81.09308614410708
342.7166454429068,-51.29011409863421,10.672581006999831,6.519752845977594,-5.426305881677372,81.41105778670585
342.70073003558787,-51.288887057170975,10.6733413345658,6.518287568963943,-5.427483685345225,81.7285547250088
342.6848155702684,-51.28765732819475,10.674101689594986,6.516822291252973,-5.428660683183862,82.04557483116275
342.6689020490158,-51.28642491130707,10.674862070437582,6.515357014476742,-5.429836875165323,82.36211597731433
342.6529894738971,-51.28518980611002,10.675622475443783,6.5138917402672885,-5.43101226126293,82.67817603561001
342.63707784697976,-51.28395201220621,10.67638290296378,6.512426470256629,-5.432186841451262,82.99375287819663
342.6211671703313,-51.2827115291988,10.67714335134777,6.510961206076759,-5.433360615706167,83.3088443772206
342.6052574460193,-51.28146835669151,10.677903818945945,6.509495949359656,-5.434533584004766,83.62344840482874
342.58934867611157,-51.2802224942886,10.678664304108496,6.508030701737274,-5.435705746325452,83.93756283316743
342.5734408626759,-51.278973941594884,10.679424805185622,6.506565464841546,-5.436877102647871,84.25118553438388
342.5575340077803,-51.277722698215705,10.68018532052751,6.50510024030437,-5.4380476529529576,84.56431438062401
342.5416281134927,-51.276468763756974,10.680945848484361,6.503635029757628,-5.439217397222903,84.87694724403498
342.5257231818814,-51.27521213782515,10.681706387406365,6.502169834833176,-5.440386335441168,85.18908199676315
342.50981921501455,-51.27395282002721,10.682466935643715,6.500704657162836,-5.44155446759249,85.50071651095517
342.4939162149606,-51.27269080997071,10.683227491546607,6.499239498378414,-5.442721793662855,85.81184865875797
342.47801418378805,-51.27142610726374,10.68398805346523,6.4977743601116655,-5.443888313639542,86.12247631231781
342.46211312356525,-51.27015871151494,10.684748619749785,6.496309243994334,-5.445054027511083,86.43259734378124
342.4462130363611,-51.268888622333506,10.685509188750462,6.49484415165813,-5.446218935267277,86.74220962529535
342.4303139242442,-51.26761583932917,10.686269758817451,6.49337908473472,-5.4473830368992004,87.05131102900661
342.4144157892835,-51.266340362112196,10.68703032830095,6.491914044855751,-5.448546332399184,87.3598994270615
342.3985186335478,-51.26506219029344,10.687790895551151,6.490449033652824,-5.449708821760848,87.66797269160675
342.3826224591062,-51.263781323484274,10.688551458918251,6.488984052757515,-5.450870504979049,87.97552869478906
342.3667272680278,-51.262497761296615,10.689312016752439,6.487519103801354,-5.4520313820499435,88.28256530875487
342.35083306238175,-51.261211503342935,10.690072567403911,6.486054188415846,-5.453191452970925,88.58908040565088
342.3349398442374,-51.259922549236265,10.690833109222863,6.484589308232442,-5.454350717740676,88.89507185762412
342.31904761566403,-51.25863089859017,10.691593640559482,6.48312446488257,-5.455509176359142,89.20053753682055
342.3031563787311,-51.25733655101877,10.692354159763967,6.481659659997609,-5.456666828827527,89.50547531538743
342.2872661355081,-51.25603950613673,10.693114665186513,6.480194895208891,-5.457823675148312,89.80988306547079
342.2713768880647,-51.25473976355925,10.693875155177308,6.478730172147722,-5.458979715325238,90.11375865921781
342.2554886384704,-51.253437322902116,10.694635628086553,6.4772654924453485,-5.460134949363312,90.41709996877476
342.23960138879505,-51.25213218378161,10.695396082264432,6.475800857732987,-5.461289377268817,90.71990486628835
342.2237151411084,-51.25082434581459,10.696156516061142,6.474336269641807,-5.462442999049286,91.02217122390547
342.20782989748034,-51.249513808618495,10.696916927826885,6.47287172980291,-5.463595814713535,91.32389691377236
342.19194565998083,-51.248200571811246,10.69767731591185,6.471407239847378,-5.46474782427163,91.62507980803615
342.1760624306798,-51.246884635011355,10.698437678666226,6.4699428014062415,-5.465899027734922,91.92571777884294
342.16018021164734,-51.24556599783787,10.699198014440208,6.468478416110465,-5.4670494251160155,92.22580869833963
342.1442990049536,-51.244244659910386,10.699958321583992,6.467014085590981,-5.468199016428777,92.52535043867289
342.1284188126687,-51.24292062084905,10.700718598447775,6.465549811478662,-5.469347801688345,92.82434087198932
342.1125396368629,-51.24159388027454,10.701478843381743,6.464085595404324,-5.470495780911134,93.1227778704352
342.09666147960655,-51.24026443780813,10.702239054736095,6.462621438998747,-5.471642954114795,93.42065930615797
342.08078434296993,-51.238932293071585,10.702999230861023,6.461157343892641,-5.472789321318276,93.71798305130342
342.06490822902344,-51.23759744568727,10.703759370106722,6.4596933117166655,-5.473934882541767,94.01474697801883
342.0490331398376,-51.23625989527804,10.704519470823382,6.458229344101432,-5.475079637806735,94.31094895845035
342.03315907748276,-51.23491964146735,10.705279531361201,6.456765442677482,-5.476223587135914,94.60658686474474
342.0172860440297,-51.233576683879164,10.706039550070374,6.455301609075311,-5.477366730553284,94.90165856904896
342.00141404154874,-51.232231022138045,10.706799525301086,6.453837844925351,-5.478509068084117,95.19616194350922
341.9855430721106,-51.230882655869046,10.70755945540354,6.452374151857972,-5.479650599754926,95.49009486027238
341.96967313778606,-51.22953158469781,10.708319338727923,6.4509105315034905,-5.480791325593499,95.78345519148506
341.95380424064575,-51.228177808250486,10.709079173624431,6.449446985492153,-5.481931245628885,96.07624080929385
341.93793638276037,-51.226821326153846,10.709838958443264,6.447983515454148,-5.483070359891403,96.3684495858453
341.9220695662007,-51.22546213803513,10.710598691534605,6.446520123019602,-5.484208668412626,96.66007939328617
341.9062037930377,-51.22410024352218,10.711358371248654,6.44505680981857,-5.485346171225393,96.95112810376318
341.89033906534206,-51.22273564224334,10.712117995935603,6.443593577481053,-5.486482868363816,97.24159358942282
341.8744753851847,-51.22136833382755,10.712877563945646,6.442130427636975,-5.4876187598632615,97.53147372241159
341.85861275463657,-51.21999831790427,10.713637073628977,6.440667361916197,-5.488753845760358,97.82076637487643
341.84275117576857,-51.218625594103536,10.714396523335791,6.43920438194851,-5.489888126092998,98.10946941896378
341.82689065065165,-51.21725016205588,10.715155911416277,6.437741489363639,-5.4910216009003445,98.39758072682035
341.8110311813567,-51.21587202139243,10.715915236220633,6.436278685791232,-5.492154270222814,98.68509817059265
341.79517276995495,-51.214491171744854,10.716674496099053,6.434815972860876,-5.493286134102085,98.97201962242754
341.77931541851717,-51.213107612745354,10.717433689401728,6.433353352202073,-5.49441719258111,99.25834295447139
341.7634591291145,-51.21172134402669,10.718192814478853,6.431890825444267,-5.495547445704091,99.54406603887107
341.74760390381806,-51.21033236522217,10.71895186968062,6.430428394216816,-5.4966768935164945,99.82918674777316
341.7317497446988,-51.20894067596566,10.719710853357224,6.4289660601489995,-5.497805536065056,100.11370295332408
341.7158966538278,-51.20754627589155,10.720469763858862,6.4275038248700405,-5.498933373397761,100.39761252767089
341.70004463327626,-51.206149164634795,10.72122859953572,6.426041690009063,-5.500060405563868,100.6809133429598
341.6841936851152,-51.2047493418309,10.721987358738001,6.424579657195118,-5.501186632613891,100.96360327133772
341.66834381141564,-51.203346807115906,10.72274603981589,6.42311772805719,-5.5023120545996065,101.24568018495101
341.6524950142488,-51.201941560126436,10.723504641119584,6.421655904224174,-5.50343667157405,101.52714195594668
341.63664729568575,-51.20053360049962,10.724263160999282,6.420194187324875,-5.50456048359152,101.80798645647096
341.62080065779764,-51.19912292787315,10.725021597805167,6.418732578988039,-5.505683490707574,102.08821155867076
341.6049551026554,-51.19770954188528,10.725779949887444,6.417271080842307,-5.506805692979034,102.36781513469253
341.58911063233035,-51.196293442174806,10.726538215596296,6.4158096945162475,-5.50792709046398,102.64679505668306
341.57326724889356,-51.19487462838106,10.727296393281925,6.414348421638345,-5.509047683221738,102.9251491967891
341.557424954416,-51.19345310014394,10.728054481294523,6.412887263836985,-5.510167471312922,103.20287542715694
341.54158375096887,-51.192028857103885,10.728812477984281,6.41142622274049,-5.511286454799381,103.47997161993364
341.5257436406231,-51.19060189890189,10.729570381701391,6.409965299977067,-5.512404633744243,103.75643564726525
341.5099046254499,-51.18917222517947,10.730328190796053,6.4085044971748575,-5.513522008211876,104.03226538129891
341.49406670752035,-51.187739835578725,10.731085903618455,6.4070438159619005,-5.514638578267918,104.30745869418108
341.47822988890533,-51.18630472974228,10.731843518518792,6.405583257966146,-5.515754343979266,104.58201345805848
341.46239417167595,-51.18486690731334,10.73260103384726,6.404122824815458,-5.5168693054140725,104.85592754507762
341.44655955790313,-51.18342636793561,10.733358447954053,6.4026625181375945,-5.517983462641756,105.12919882738508
341.430726049658,-51.18198311125338,10.73411575918936,6.4012023395602435,-5.519096815732977,105.40182517712769
341.41489364901133,-51.18053713691148,10.73487296590338,6.3997422907109724,-5.520209364759673,105.67380446645183
341.39906235803414,-51.17908844455529,10.735630066446305,6.398282373217269,-5.521321109795029,105.94513456750448
341.3832321787974,-51.177637033830734,10.736387059168326,6.396822588706524,-5.522432050913488,106.215813352432
341.3674031133719,-51.17618290438428,10.737143942419639,6.395362938806022,-5.523542188190751,106.48583869338123
341.35157516382844,-51.174726055862955,10.737900714550438,6.39390342514296,-5.524651521703779,106.75520846249857
341.335748332238,-51.17326648791432,10.738657373910915,6.392444049344427,-5.52576005153079,107.02392053193084
341.31992262067115,-51.17180420018651,10.739413918851264,6.390984813037415,-5.526867777751258,107.2919727738244
341.30409803119875,-51.1703391923282,10.74017034772168,6.389525717848813,-5.527974700445908,107.5593630603264
341.2882745658915,-51.16887146398858,10.740926658872361,6.38806676540541,-5.529080819696732,107.82608926358292
341.27245222682006,-51.167401014817436,10.741682850653486,6.386607957333897,-5.5301861355869715,108.09214925574099
341.2566310160551,-51.165927844465074,10.742438921415266,6.38514929526085,-5.5312906482011215,108.35754090894699
341.2408109356671,-51.16445195258236,10.743194869507885,6.38369078081274,-5.532394357624941,108.62226209534772
341.22499198772675,-51.16297333882071,10.74395069328154,6.3822324156159524,-5.533497263945433,108.88631068708985
341.2091741743044,-51.16149200283207,10.74470639108642,6.380774201296739,-5.534599367250879,109.14968455631954
341.1933574974706,-51.16000794426897,10.745461961272728,6.379316139481251,-5.535700667630783,109.41238157518427
