galstreams/tracks/track.st.Hrid.ibata2021.ecsv
# %ECSV 1.0
# ---
# datatype:
# - {name: ra, unit: deg, datatype: float64}
# - {name: dec, unit: deg, datatype: float64}
# - {name: distance, unit: kpc, datatype: float64}
# - {name: pm_ra_cosdec, unit: mas / yr, datatype: float64}
# - {name: pm_dec, unit: mas / yr, datatype: float64}
# - {name: radial_velocity, unit: km / s, datatype: float64}
# delimiter: ','
# meta: !!omap
# - __serialized_columns__:
#     dec:
#       __class__: astropy.coordinates.angles.Latitude
#       unit: &id001 !astropy.units.Unit {unit: deg}
#       value: !astropy.table.SerializedColumn {name: dec}
#     distance:
#       __class__: astropy.coordinates.distances.Distance
#       unit: !astropy.units.Unit {unit: kpc}
#       value: !astropy.table.SerializedColumn {name: distance}
#     pm_dec:
#       __class__: astropy.units.quantity.Quantity
#       unit: !astropy.units.Unit {unit: mas / yr}
#       value: !astropy.table.SerializedColumn {name: pm_dec}
#     pm_ra_cosdec:
#       __class__: astropy.units.quantity.Quantity
#       unit: !astropy.units.Unit {unit: mas / yr}
#       value: !astropy.table.SerializedColumn {name: pm_ra_cosdec}
#     ra:
#       __class__: astropy.coordinates.angles.Longitude
#       unit: *id001
#       value: !astropy.table.SerializedColumn {name: ra}
#       wrap_angle: !astropy.coordinates.Angle
#         unit: *id001
#         value: 360.0
#     radial_velocity:
#       __class__: astropy.units.quantity.Quantity
#       unit: !astropy.units.Unit {unit: km / s}
#       value: !astropy.table.SerializedColumn {name: radial_velocity}
# schema: astropy-2.0
ra,dec,distance,pm_ra_cosdec,pm_dec,radial_velocity
[from data line 142]
278.72433585358266,16.59206230284852,3.2018763453904584,-6.0595981324053,14.002929013378814,-331.15812045466953
278.7252657010935,16.602041698804108,3.20180626136796,-6.059829190878106,14.007383264807403,-331.1551124631276
278.72619530633625,16.612021104498723,3.2017361810144713,-6.0600599648618765,14.011836638449623,-331.1520642011247
278.727124669438,16.622000519926686,3.2016661043592545,-6.060290454366635,14.016289134136777,-331.1489756810653
278.72805379052636,16.631979945082232,3.2015960314315697,-6.060520659402334,14.020740751700195,-331.1458469153541
278.72898266972845,16.64195937995976,3.2015259622606766,-6.060750579979064,14.025191490971212,-331.1426779163957
278.72991130717173,16.651938824553493,3.201455896875838,-6.060980216106875,14.029641351781153,-331.1394686965946
278.73083970298336,16.661918278857783,3.2013858353063127,-6.061209567795909,14.034090333961334,-331.1362192683551
278.73176785729066,16.671897742867024,3.2013157775813634,-6.061438635056275,14.03853843734309,-331.132929644082
278.7326957702209,16.68187721657545,3.2012457237302487,-6.061667417898179,14.042985661757763,-331.12959983617975
278.7336234419012,16.691856699977492,3.2011756737822314,-6.061895916331827,14.047432007036676,-331.1262298570527
278.7345508724588,16.70183619306739,3.201105627766571,-6.062124130367453,14.05187747301116,-331.1228197191057
278.7354780620209,16.711815695839537,3.2010355857125288,-6.062352060015325,14.056322059512556,-331.119369434743
278.73640501071463,16.72179520828834,3.200965547649365,-6.062579705285769,14.060765766372208,-331.11587901636943
278.737331718667,16.731774730408063,3.2008955136063415,-6.062807066189143,14.06520859342144,-331.11234847638906
278.7382581860053,16.74175426219311,3.2008254836127166,-6.063034142735775,14.069650540491613,-331.10877782720706
278.73918441285645,16.751733803637897,3.2007554576977557,-6.063260934936111,14.074091607414053,-331.1051670812274
278.7401103993476,16.761713354736692,3.200685435890714,-6.063487442800573,14.078531794020098,-331.1015162508549
278.7410361456057,16.771692915483985,3.200615418220857,-6.063713666339655,14.082971100141108,-331.097825348494
278.7419616517578,16.78167248587404,3.2005454047174426,-6.063939605563836,14.087409525608429,-331.0940943865492
278.74288691793095,16.791652065901307,3.2004753954097325,-6.064165260483637,14.091847070253404,-331.0903233774252
278.743811944252,16.80163165556023,3.200405390326987,-6.064390631109679,14.096283733907384,-331.08651233352623
278.74473673084805,16.81161125484509,3.200335389498468,-6.064615717452526,14.100719516401725,-331.08266126725704
278.7456612778458,16.821590863750405,3.200265392953435,-6.064840519522843,14.105154417567777,-331.07877019102216
278.7465855853723,16.83157048227047,3.20019540072115,-6.065065037331274,14.109588437236889,-331.07483911722613
278.74750965355446,16.841550110399744,3.2001254128308725,-6.065289270888519,14.114021575240422,-331.07086805827316
278.74843348251903,16.85152974813271,3.2000554293118637,-6.065513220205292,14.118453831409745,-331.06685702656836
278.7493570723929,16.861509395463685,3.199985450193385,-6.065736885292393,14.122885205576214,-331.0628060345158
278.75028042330285,16.871489052387176,3.1999154755046963,-6.065960266160614,14.12731569757117,-331.0587150945202
278.75120353537574,16.881468718897537,3.19984550527506,-6.06618336282075,14.131745307226,-331.05458421898607
278.75212640873826,16.891448394989236,3.199775539533735,-6.066406175283706,14.13617403437206,-331.0504134203179
278.7530490435172,16.90142808065678,3.199705578309983,-6.066628703560324,14.140601878840714,-331.0462027109204
278.75397143983923,16.911407775894496,3.199635621633064,-6.066850947661571,14.145028840463338,-331.0419521031977
278.7548935978311,16.9213874806969,3.1995656695322388,-6.067072907598385,14.149454919071296,-331.03766160955473
278.75581551761945,16.9313671950585,3.1994957220367692,-6.067294583381755,14.153880114495964,-331.0333312423959
278.756737199331,16.94134691897364,3.1994257791759155,-6.067515975022718,14.158304426568703,-331.0289610141255
278.75765864309227,16.951326652436908,3.1993558409789387,-6.067737082532302,14.16272785512091,-331.02455093714843
278.75857984903007,16.96130639544266,3.1992859074750997,-6.067957905921583,14.167150399983932,-331.0201010238691
278.7595008172708,16.971286147985406,3.1992159786936574,-6.068178445201697,14.171572060989185,-331.0156112866919
278.7604215479412,16.981265910059708,3.199146054663875,-6.068398700383794,14.17599283796802,-331.0110817380216
278.7613420411676,16.99124568165993,3.199076135415013,-6.068618671479044,14.180412730751824,-331.00651239026234
278.76226229707675,17.00122546278061,3.19900622097633,-6.068838358498649,14.184831739171987,-331.00190325581923
278.763182315795,17.011205253416314,3.198936311377089,-6.0690577614538705,14.189249863059892,-330.99725434709626
278.7641020974489,17.021185053561418,3.19886640664655,-6.069276880355972,14.193667102246929,-330.99256567649826
278.765021642165,17.031164863210535,3.198796506813973,-6.069495715216259,14.198083456564483,-330.98783725642954
278.7659409500696,17.04114468235807,3.198726611908621,-6.069714266046061,14.202498925843944,-330.98306909929494
278.7668600212892,17.05112451099859,3.1986567219597526,-6.069932532856756,14.20691350991671,-330.9782612174989
278.7677788559501,17.06110434912667,3.1985868369966286,-6.07015051565976,14.211327208614161,-330.9734136234457
278.7686974541788,17.071084196736717,3.1985169570485117,-6.0703682144664874,14.215740021767708,-330.96852632954005
278.7696158161016,17.08106405382338,3.198447082144661,-6.070585629288388,14.220151949208741,-330.9635993481867
278.7705339418448,17.09104392038106,3.198377212314338,-6.070802760136983,14.224562990768664,-330.9586326917896
278.77145183153476,17.101023796404384,3.198307347586803,-6.0710196070237785,14.228973146278877,-330.95362637275394
278.7723694852978,17.11100368188791,3.1982374879913165,-6.071236169960334,14.233382415570786,-330.9485804034837
278.7732869032602,17.120983576826106,3.1981676335571403,-6.071452448958235,14.237790798475787,-330.9434947963839
278.7742040855481,17.130963481213623,3.1980977843135343,-6.071668444029122,14.242198294825297,-330.93836956385866
278.77512103228787,17.140943395044914,3.19802794028976,-6.071884155184619,14.246604904450715,-330.93320471831277
278.7760377436056,17.150923318314568,3.1979581015150775,-6.072099582436401,14.251010627183451,-330.9280002721507
278.77695421962756,17.16090325101725,3.197888268018748,-6.072314725796224,14.255415462854923,-330.9227562377769
278.7778704604799,17.17088319314739,3.1978184398300327,-6.072529585275786,14.259819411296554,-330.9174726275959
278.77878646628864,17.180863144699625,3.197748616978191,-6.072744160886904,14.264222472339743,-330.9121494540124
278.7797022371801,17.190843105668588,3.197678799492485,-6.072958452641332,14.268624645815912,-330.9067867294308
278.7806177732803,17.20082307604877,3.197608987402175,-6.0731724605509445,14.273025931556488,-330.9013844662556
278.7815330747153,17.210803055834837,3.1975391807365203,-6.073386184627607,14.277426329392878,-330.8959426768914
278.7824481416112,17.22078304502131,3.197469379524784,-6.07359962488319,14.281825839156527,-330.8904613737429
278.78336297409396,17.230763043602824,3.1973995837962264,-6.07381278132967,14.286224460678838,-330.8849405692141
278.7842775722897,17.240743051574047,3.197329793580108,-6.074025653978964,14.29062219379125,-330.87938027571
278.78519193632434,17.25072306892946,3.197260008905688,-6.07423824284307,14.295019038325197,-330.873780505635
278.78610606632395,17.260703095663747,3.19719022980223,-6.074450547934016,14.299414994112091,-330.8681412713937
278.78701996241443,17.270683131771573,3.1971204562989928,-6.0746625692638565,14.303810060983377,-330.86246258539063
278.78793362472163,17.280663177247465,3.197050688425238,-6.074874306844691,14.30820423877049,-330.85674446003014
278.7888470533717,17.29064323208614,3.1969809262102267,-6.075085760688577,14.312597527304863,-330.8509869077169
278.7897602484903,17.300623296282126,3.1969111696832178,-6.075296930807722,14.316989926417943,-330.8451899408555
278.7906732102034,17.310603369830122,3.1968414188734737,-6.075507817214264,14.321381435941154,-330.83935357185027
278.7915859386369,17.32058345272481,3.1967716738102547,-6.075718419920415,14.325772055705958,-330.83347781310613
278.7924984339166,17.33056354496075,3.1967019345228214,-6.0759287389384005,14.330161785543787,-330.827562677027
278.7934106961683,17.34054364653267,3.1966322010404356,-6.076138774280496,14.33455062528608,-330.821608176018
278.7943227255177,17.35052375743514,3.1965624733923583,-6.076348525959009,14.338938574764292,-330.81561432248327
278.79523452209077,17.36050387766287,3.1964927516078476,-6.0765579939862455,14.34332563380989,-330.8095811288276
278.7961460860131,17.370484007210564,3.1964230357161667,-6.076767178374581,14.347711802254297,-330.80350860745517
278.79705741741043,17.38046414607279,3.196353325746576,-6.076976079136393,14.352097079928981,-330.7973967707711
278.7979685164086,17.390444294244343,3.196283621728335,-6.077184696284089,14.356481466665404,-330.7912456311794
278.7988793831332,17.400424451719772,3.196213923690706,-6.0773930298301275,14.360864962295013,-330.7850552010847
278.79979001771,17.41040461849384,3.1961442316629487,-6.077601079786964,14.365247566649273,-330.7788254928917
278.8007004202645,17.420384794561254,3.1960745456743256,-6.077808846167146,14.369629279559643,-330.7725565190049
278.8016105909224,17.430364979916614,3.1960048657540945,-6.07801632898318,14.374010100857584,-330.76624829182856
278.8025205298093,17.44034517455468,3.195935191931519,-6.078223528247648,14.37839003037458,-330.7599008237676
278.8034302370509,17.450325378470204,3.1958655242358582,-6.07843044397312,14.382769067942078,-330.75351412722625
278.8043397127726,17.460305591657757,3.1957958626963747,-6.078637076172255,14.387147213391547,-330.7470882146092
278.8052489571001,17.470285814112188,3.1957262073423265,-6.078843424857699,14.391524466554479,-330.7406230983211
278.8061579701588,17.48026604582808,3.1956565582029763,-6.079049490042146,14.395900827262327,-330.7341187907662
278.80706675207426,17.49024628680023,3.195586915307585,-6.079255271738304,14.400276295346574,-330.7275753043491
278.807975302972,17.5002265370234,3.1955172786854127,-6.079460769958919,14.4046508706387,-330.7209926514744
278.80888362297753,17.510206796492216,3.1954476483657204,-6.079665984716753,14.409024552970193,-330.7143708445467
278.80979171221617,17.52018706520145,3.195378024377768,-6.079870916024646,14.413397342172512,-330.7077098959704
278.8106995708134,17.530167343145912,3.1953084067508177,-6.080075563895429,14.417769238077156,-330.70100981815017
278.8116071988947,17.54014763032022,3.19523879551413,-6.080279928341943,14.42214024051561,-330.6942706234901
278.8125145965854,17.55012792671924,3.195169190696965,-6.080484009377096,14.426510349319368,-330.6874923243954
278.8134217640109,17.560108232337605,3.195099592328583,-6.0806878070138,14.430879564319909,-330.6806749332704
278.8143287012966,17.570088547170126,3.195030000438247,-6.080891321265036,14.435247885348732,-330.67381846251914
278.8152354085676,17.580068871211626,3.1949604150552156,-6.081094552143782,14.439615312237322,-330.66692292454655
278.8161418859495,17.590049204456747,3.19489083620875,-6.081297499663023,14.443981844817191,-330.6599883317572
278.8170481335675,17.600029546900377,3.1948212639281115,-6.0815001638358215,14.448347482919832,-330.6530146965557
278.81795415154676,17.61000989853717,3.1947516982425603,-6.08170254467524,14.45271222637674,-330.6460020313464
278.81885994001266,17.619990259361963,3.194682139181358,-6.081904642194415,14.457076075019417,-330.6389503485338
278.81976549909035,17.6299706293696,3.1946125867737654,-6.082106456406428,14.461439028679361,-330.6318596605223
278.8206708289052,17.63995100855474,3.194543041049042,-6.082307987324449,14.465801087188112,-330.624729979717
278.8215759295822,17.649931396912287,3.194473502036449,-6.082509234961698,14.470162250377136,-330.61756131852195
278.8224808012466,17.659911794436937,3.194403969765248,-6.082710199331382,14.474522518077968,-330.6103536893414
278.82338544402364,17.66989220112354,3.1943344442647,-6.082910880446713,14.47888189012213,-330.6031071045806
278.82428985803836,17.67987261696695,3.194264925564064,-6.083111278321022,14.48324036634111,-330.5958215766437
278.8251940434159,17.68985304196187,3.1941954136926025,-6.083311392967573,14.487597946566448,-330.5884971179353
278.8260980002813,17.699833476103162,3.1941259086795752,-6.083511224399736,14.491954630629648,-330.58113374085985
278.8270017287598,17.709813919385706,3.1940564105542424,-6.0837107726308215,14.49631041836225,-330.5737314578219
278.82790522897636,17.71979437180421,3.1939869193458668,-6.08391003767426,14.500665309595771,-330.5662902812262
278.828808501056,17.729774833353613,3.1939174350837085,-6.0841090195434715,14.505019304161717,-330.558810223477
278.82971154512376,17.739755304028613,3.1938479577970273,-6.084307718251905,14.50937240189165,-330.5512912969788
278.83061436130464,17.749735783824132,3.1937784875150848,-6.084506133813048,14.513724602617067,-330.5437335141364
278.83151694972366,17.759716272735048,3.193709024267142,-6.08470426624038,14.518075906169527,-330.53613688735413
278.8324193105057,17.769696770756077,3.193639568082459,-6.084902115547454,14.52242631238055,-330.5285014290367
278.8333214437758,17.779677277882154,3.1935701189902956,-6.085099681747849,14.526775821081685,-330.5208271515885
278.8342233496589,17.78965779410817,3.193500677019914,-6.085296964855129,14.531124432104468,-330.513114067414
278.8351250282798,17.799638319428876,3.1934312422005764,-6.085493964882945,14.535472145280426,-330.5053621889179
278.8360264797634,17.80961885383924,3.193361814561541,-6.085690681844936,14.539818960441128,-330.4975715285045
278.8369277042346,17.819599397334006,3.1932923941320697,-6.08588711575479,14.544164877418087,-330.4897420985787
278.83782870181824,17.829579949908112,3.193222980941422,-6.086083266626212,14.548509896042876,-330.4818739115447
278.8387294726393,17.839560511556485,3.1931535750188615,-6.086279134472916,14.552854016147041,-330.4739669798072
278.8396300168223,17.849541082273895,3.1930841763936457,-6.0864747193087245,14.55719723756214,-330.46602131577055
278.8405303344923,17.859521662055318,3.1930147850950372,-6.086670021147368,14.56153956011971,-330.45803693183956
278.8414304257739,17.869502250895543,3.192945401152297,-6.086865040002715,14.565880983651322,-330.4500138404184
278.84233029079195,17.87948284878952,3.192876024594684,-6.087059775888584,14.57022150798854,-330.441952053912
278.84322992967117,17.8894634557322,3.1928066554514616,-6.087254228818876,14.574561132962915,-330.4338515847245
278.84412934253623,17.899444071718356,3.19273729375189,-6.087448398807497,14.578899858406,-330.4257124452609
278.8450285295119,17.90942469674301,3.192667939525228,-6.087642285868373,14.583237684149385,-330.41753464792527
278.84592749072283,17.919405330800966,3.1925985928007368,-6.0878358900154685,14.587574610024632,-330.4093182051225
278.8468262262937,17.92938597388719,3.1925292536076797,-6.088029211262784,14.591910635863297,-330.40106312925684
278.8477247363491,17.939366625996644,3.192459921975315,-6.0882222496243354,14.596245761496974,-330.39276943273285
278.84862302101374,17.949347287124144,3.192390597932904,-6.088415005114167,14.600579986757221,-330.38443712795527
278.8495210804121,17.95932795726468,3.1923212815097077,-6.088607477746368,14.604913311475634,-330.37606622732864
278.8504189146689,17.969308636413206,3.192251972734988,-6.088799667535026,14.609245735483768,-330.3676567432572
278.8513165239087,17.97928932456458,3.1921826716380037,-6.088991574494296,14.613577258613223,-330.3592086881456
278.8522139082559,17.989270021713832,3.1921133782480173,-6.089183198638322,14.617907880695572,-330.35072207439845
278.85311106783524,17.999250727855795,3.192044092594287,-6.089374539981283,14.622237601562425,-330.3421969144202
