galstreams/tracks/track.st.C-5.ibata2021.ecsv
# %ECSV 0.9
# ---
# datatype:
# - {name: ra, unit: deg, datatype: float64}
# - {name: dec, unit: deg, datatype: float64}
# - {name: distance, unit: kpc, datatype: float64}
# - {name: pm_ra_cosdec, unit: mas / yr, datatype: float64}
# - {name: pm_dec, unit: mas / yr, datatype: float64}
# - {name: radial_velocity, unit: km / s, datatype: float64}
# delimiter: ','
# meta: !!omap
# - __serialized_columns__:
#     dec:
#       __class__: astropy.coordinates.angles.Latitude
#       unit: &id001 !astropy.units.Unit {unit: deg}
#       value: !astropy.table.SerializedColumn {name: dec}
#     distance:
#       __class__: astropy.coordinates.distances.Distance
#       unit: !astropy.units.Unit {unit: kpc}
#       value: !astropy.table.SerializedColumn {name: distance}
#     pm_dec:
#       __class__: astropy.units.quantity.Quantity
#       unit: !astropy.units.Unit {unit: mas / yr}
#       value: !astropy.table.SerializedColumn {name: pm_dec}
#     pm_ra_cosdec:
#       __class__: astropy.units.quantity.Quantity
#       unit: !astropy.units.Unit {unit: mas / yr}
#       value: !astropy.table.SerializedColumn {name: pm_ra_cosdec}
#     ra:
#       __class__: astropy.coordinates.angles.Longitude
#       unit: *id001
#       value: !astropy.table.SerializedColumn {name: ra}
#       wrap_angle: !astropy.coordinates.Angle
#         unit: *id001
#         value: 360.0
#     radial_velocity:
#       __class__: astropy.units.quantity.Quantity
#       unit: !astropy.units.Unit {unit: km / s}
#       value: !astropy.table.SerializedColumn {name: radial_velocity}
# schema: astropy-2.0
ra,dec,distance,pm_ra_cosdec,pm_dec,radial_velocity
[from data line 137]
114.8218008906432,35.98317579416672,3.83989835721599,-0.953283065197911,-11.030890740301736,-5.0524602779234026e-14
114.83269551966936,35.978447922610364,3.8428573955741085,-0.9521273245515762,-11.022458371256672,-3.368306851948935e-14
114.84359160533442,35.973723589556684,3.8458104684428114,-0.950974323472944,-11.0140720072831,-8.420767129872338e-14
114.85448913000967,35.969002763248035,3.8487576357673983,-0.9498240571932608,-11.005731420493008,-3.368306851948935e-14
114.86538807605343,35.96428541193346,3.851698957493165,-0.9486765208488723,-10.9974363830021,-5.0524602779234026e-14
114.87628842581094,35.95957150386871,3.854634493565411,-0.9475317094811037,-10.98918666692982,-8.420767129872338e-14
114.88719016161437,35.954861007316175,3.8575643039294345,-0.9463896180361817,-10.980982044399395,-5.0524602779234026e-14
114.89809326578289,35.950153890545,3.8604884485305333,-0.9452502413651434,-10.972822287537863,-6.73661370389787e-14
114.90899772062261,35.945450121831016,3.863406987314006,-0.9441135742237452,-10.964707168476098,-6.73661370389787e-14
114.91990350842656,35.94074966945673,3.86631998022515,-0.9429796112723743,-10.95663645934886,-8.420767129872338e-14
114.93081061147471,35.9360525017114,3.869227487209264,-0.9418483470759673,-10.948609932294826,-6.73661370389787e-14
114.94171901203403,35.93135858689098,3.8721295682116454,-0.9407197761039165,-10.94062735945661,-3.368306851948935e-14
114.95262869235837,35.92666789329814,3.8750262831775935,-0.9395938927299916,-10.932688512980805,-3.368306851948935e-14
114.96353963468846,35.92198038924229,3.877917692052405,-0.9384706912322388,-10.92479316501802,-6.73661370389787e-14
114.9744518212521,35.917296043039535,3.880803854781379,-0.9373501657929275,-10.91694108772291,-1.6841534259744676e-14
114.9853652342639,35.91261482301275,3.8836848313098127,-0.9362323104984378,-10.909132053254208,-3.368306851948935e-14
114.99627985592542,35.90793669749153,3.8865606815830054,-0.9351171193391875,-10.90136583377475,-1.6841534259744676e-14
115.00719566842514,35.9032616348122,3.8894314655462545,-0.9340045862095637,-10.893642201451534,-5.0524602779234026e-14
115.01811265393846,35.89858960331783,3.892297243144858,-0.932894704907823,-10.885960928455722,-1.6841534259744676e-14
115.02903079462772,35.89392057135826,3.895158074324114,-0.931787469136029,-10.878321786962701,-1.6841534259744676e-14
115.03995007264214,35.88925450729007,3.898014019029321,-0.9306828724999636,-10.870724549152094,-5.0524602779234026e-14
115.05087047011786,35.88459137947657,3.9008651372057774,-0.9295809085090504,-10.863168987207795,-5.0524602779234026e-14
115.06179196917793,35.87993115628788,3.9037114887987805,-0.9284815705762866,-10.855654873318029,-3.368306851948935e-14
115.07271455193222,35.875273806100864,3.9065531337536292,-0.9273848520181435,-10.848181979675358,-1.6841534259744676e-14
115.08363820047776,35.87061929729911,3.90939013201562,-0.9262907460545431,-10.840750078476715,-3.368306851948935e-14
115.09456289689824,35.86596759827303,3.9122225435300537,-0.9251992458087166,-10.833358941923445,-5.0524602779234026e-14
115.1054886232643,35.861318677419796,3.9150504282422256,-0.9241103443071799,-10.826008342221353,-1.6841534259744676e-14
115.11641536163356,35.856672503143365,3.917873846097436,-0.9230240344796443,-10.818698051580697,-3.368306851948935e-14
115.12734309405045,35.852029043854486,3.920692857040982,-0.9219403091589466,-10.811427842216267,-5.0524602779234026e-14
115.13827180254636,35.84738826797066,3.9235075210181605,-0.9208591610809767,-10.80419748634738,-1.6841534259744676e-14
115.14920146913956,35.8427501439162,3.9263178979742728,-0.9197805828846166,-10.797006756197941,0.0
115.16013207583524,35.838114640122235,3.9291240478546148,-0.9187045671116603,-10.789855423996459,-6.73661370389787e-14
115.17106360462542,35.83348172502664,3.931926030604483,-0.9176311062067523,-10.782743261976087,-3.368306851948935e-14
115.18199603748911,35.82885136707415,3.9347239061691806,-0.9165601925173235,-10.775670042374642,-3.368306851948935e-14
115.19292935639216,35.82422353471626,3.937517734494,-0.9154918182935163,-10.768635537434676,-6.73661370389787e-14
115.2038635432873,35.819598196411306,3.940307575524243,-0.9144259756881237,-10.761639519403447,-5.0524602779234026e-14
115.21479858011426,35.8149753206244,3.9430934892052063,-0.913362656756539,-10.754681760533014,-3.368306851948935e-14
115.22573444879956,35.81035487582751,3.945875535482188,-0.9123018534566617,-10.747762033080233,-5.0524602779234026e-14
115.23667113125663,35.805736830499406,3.948653774300487,-0.9112435576488614,-10.740880109306792,-5.0524602779234026e-14
115.24760860938586,35.80112115312566,3.9514282656054016,-0.9101877610959094,-10.734035761479259,-5.0524602779234026e-14
115.25854686507452,35.79650781219871,3.954199069342228,-0.9091344554629129,-10.727228761869108,-3.368306851948935e-14
115.26948588019673,35.7918967762178,3.956966245456266,-0.9080836323172601,-10.720458882752748,0.0
115.2804256366136,35.787288013689015,3.9597298538928127,-0.9070352831285606,-10.713725896411551,-1.6841534259744676e-14
115.29136611617305,35.78268149312525,3.9624899545971677,-0.9059893992685815,-10.707029575131902,-5.0524602779234026e-14
115.30230730070996,35.77807718304629,3.9652466075146284,-0.9049459720112,-10.700369691205212,0.0
115.31324917204613,35.77347505197873,3.9679998725904917,-0.9039049925323416,-10.693746016927967,-3.368306851948935e-14
115.32419171199022,35.768875068456,3.9707498097700573,-0.9028664519099255,-10.687158324601748,-5.0524602779234026e-14
115.33513490233776,35.76427720101844,3.9734964789986225,-0.9018303411237976,-10.680606386533267,-3.368306851948935e-14
115.3460787248714,35.759681418213134,3.976239940221485,-0.900796651055719,-10.6740899750344,-3.368306851948935e-14
115.35702316136049,35.75508768859412,3.978980253383945,-0.8997653724892624,-10.66760886242223,-6.73661370389787e-14
115.36796819356137,35.75049598072224,3.9817174784312983,-0.8987364961097798,-10.661162821019056,-1.6841534259744676e-14
115.37891380321726,35.74590626316527,3.984451675308844,-0.8977100125043584,-10.654751623152448,-8.420767129872338e-14
115.38985997205837,35.741318504497734,3.9871829039618794,-0.8966859121617685,-10.648375041155266,1.6841534259744676e-14
115.40080668180182,35.73673267330114,3.9899112243357036,-0.8956641854724104,-10.642032847365689,-5.0524602779234026e-14
115.41175391415157,35.7321487381638,3.9926366963756146,-0.8946448227282604,-10.635724814127268,-5.0524602779234026e-14
115.42270165079863,35.72756666768091,3.9953593800269105,-0.8936278141228373,-10.629450713788936,-3.368306851948935e-14
115.43364987342088,35.72298643045456,3.998079335234888,-0.8926131497511473,-10.623210318705045,-5.0524602779234026e-14
115.4445985636831,35.71840799509371,4.000796621944846,-0.8916008196096377,-10.617003401235408,-5.0524602779234026e-14
115.45554770323712,35.7138313302142,4.003511300102086,-0.890590813596161,-10.61082973374532,-5.0524602779234026e-14
115.46649727372157,35.70925640443876,4.006223429651902,-0.8895831215099079,-10.604689088605587,-8.420767129872338e-14
115.47744725676219,35.704683186396984,4.008933070539592,-0.8885777330514059,-10.598581238192587,0.0
115.4883976339715,35.700111644725425,4.011640282710457,-0.8875746378224324,-10.592505954888255,-6.73661370389787e-14
115.49934838694911,35.695541748067434,4.0143451261097916,-0.8865738253259992,-10.586463011080152,-1.6841534259744676e-14
115.51029949728151,35.69097346507334,4.017047660682896,-0.8855752849663081,-10.58045217916148,-6.73661370389787e-14
115.52125094654218,35.68640676440033,4.019747946375069,-0.8845790060487072,-10.574473231531117,-3.368306851948935e-14
115.53220271629156,35.68184161471251,4.022446043131607,-0.8835849777796645,-10.568525940593657,-6.73661370389787e-14
115.54315478807709,35.67727798468088,4.02514201089781,-0.8825931892667073,-10.562610078759421,-5.0524602779234026e-14
115.55410714343314,35.67271584298334,4.027835909618975,-0.8816036295184068,-10.556725418444511,-1.6841534259744676e-14
115.56505976388108,35.668155158304714,4.030527799240399,-0.8806162874443374,-10.550871732070831,-3.368306851948935e-14
115.5760126309293,35.66359589933675,4.033217739707382,-0.8796311518550344,-10.545048792066112,-6.73661370389787e-14
115.5869657260731,35.65903803477806,4.03590579096522,-0.8786482114619634,-10.539256370863958,-5.0524602779234026e-14
115.59791903079487,35.654481533334234,4.038592012959214,-0.8776674548774962,-10.533494240903867,-5.0524602779234026e-14
115.60887252656389,35.64992636371778,4.0412764656346605,-0.8766888706148577,-10.527762174631258,-5.0524602779234026e-14
115.61982619483663,35.64537249464804,4.043959208936857,-0.8757124470881349,-10.522059944497526,-3.368306851948935e-14
115.63078001705641,35.640819894851376,4.046640302811102,-0.8747381726121897,-10.516387322960044,0.0
115.64173397465362,35.63626853306105,4.049319807202695,-0.8737660354026725,-10.510744082482198,-1.6841534259744676e-14
115.65268804904568,35.631718378017226,4.051997782056933,-0.8727960235759824,-10.505129995533446,-3.368306851948935e-14
115.663642221637,35.62716939846703,4.054674287319114,-0.8718281251492284,-10.499544834589315,-6.73661370389787e-14
115.6745964738191,35.62262156316451,4.057349382934534,-0.8708623280402212,-10.493988372131456,-5.0524602779234026e-14
115.68555078697051,35.61807484087065,4.060023128848497,-0.8698986200674363,-10.48846038064765,-8.420767129872338e-14
115.69650514245679,35.613529200353355,4.062695585006295,-0.8689369889499822,-10.482960632631867,-3.368306851948935e-14
115.7074595216306,35.60898461038751,4.065366811353227,-0.8679774223075948,-10.477488900584284,-1.6841534259744676e-14
115.71841390583161,35.60444103975491,4.0680368678345955,-0.8670199076606008,-10.472044957011303,-5.0524602779234026e-14
115.72936827638661,35.599898457244294,4.070705814395695,-0.866064432429891,-10.466628574425599,-6.73661370389787e-14
115.74032261460943,35.595356831651344,4.073373710981824,-0.8651109839369117,-10.461239525346151,-1.6841534259744676e-14
115.75127690180105,35.59081613177873,4.076040617538282,-0.864159549403646,-10.455877582298255,-1.6841534259744676e-14
115.76223111924945,35.58627632643602,4.078706594010367,-0.8632101159525734,-10.450542517813572,-5.0524602779234026e-14
115.7731852482298,35.58173738443975,4.081371700343373,-0.862262670606674,-10.445234104430165,-1.6841534259744676e-14
115.78413927000432,35.577199274613434,4.084035996482603,-0.8613172002893944,-10.439952114692487,-3.368306851948935e-14
115.79509316582235,35.57266196578751,4.086699542373353,-0.8603736918246415,-10.434696321151463,-1.6841534259744676e-14
115.8060469169204,35.56812542679939,4.0893623979609215,-0.8594321319367655,-10.429466496364494,-1.6841534259744676e-14
115.81700050452207,35.563589626493446,4.092024623190607,-0.8584925072505327,-10.424262412895477,-1.6841534259744676e-14
115.82795390983809,35.55905453372098,4.094686278007708,-0.8575548042911257,-10.41908384331487,-3.368306851948935e-14
115.83890711406642,35.55452011734031,4.097347422357521,-0.8566190094841287,-10.41393056019968,-3.368306851948935e-14
115.84986009839206,35.54998634621668,4.100008116185345,-0.8556851091554986,-10.408802336133526,-3.368306851948935e-14
115.86081284398726,35.54545318922231,4.102668419436479,-0.8547530895315748,-10.403698943706646,-5.0524602779234026e-14
115.87176533201144,35.540920615236374,4.10532839205622,-0.8538229367390631,-10.398620155515951,-3.368306851948935e-14
115.88271754361112,35.53638859314507,4.1079880939898645,-0.8528946368050071,-10.393565744165034,-1.6841534259744676e-14
115.89366945992019,35.531857091841474,4.110647585182713,-0.8519681756568145,-10.388535482264189,-1.6841534259744676e-14
115.90462106205956,35.527326080225706,4.113306925580065,-0.8510435391222151,-10.38352914243048,0.0
115.91557233113748,35.52279552720484,4.115966175127214,-0.8501207129292726,-10.37854649728774,-3.368306851948935e-14
115.92652324824932,35.518265401692915,4.118625393769462,-0.8491996827063674,-10.373587319466598,-1.6841534259744676e-14
115.93747379447775,35.51373567261096,4.121284641452107,-0.8482804339822066,-10.368651381604533,0.0
115.94842395089266,35.509206308886995,4.123943978120446,-0.8473629521858055,-10.363738456345878,-3.368306851948935e-14
115.9593736985512,35.50467727945597,4.126603463719774,-0.8464472226464925,-10.358848316341867,-3.368306851948935e-14
115.9703230184978,35.50014855325986,4.129263158195395,-0.8455332305939001,-10.353980734250642,-1.6841534259744676e-14
115.9812718917641,35.49562009924762,4.131923121492603,-0.8446209611579676,-10.349135482737317,0.0
115.99222029936908,35.49109188637515,4.134583413556699,-0.8437103993689385,-10.344312334473962,-1.6841534259744676e-14
116.003168222319,35.48656388360539,4.137244094332977,-0.842801530157369,-10.33951106213968,-3.368306851948935e-14
116.01411564160742,35.482036059908225,4.139905223766741,-0.8418943383541031,-10.334731438420581,-6.73661370389787e-14
116.02506253821522,35.47750838426052,4.142566861803283,-0.8409888086903167,-10.329973236009883,-5.0524602779234026e-14
116.03600889311059,35.472980825646154,4.145229068387905,-0.84008492579748,-10.325236227607855,-5.0524602779234026e-14
116.04695468724908,35.46845335305599,4.147891903465903,-0.8391826742073846,-10.320520185921916,-5.0524602779234026e-14
116.0578999015736,35.46392593548789,4.150555426982577,-0.8382820383521402,-10.315824883666624,-8.420767129872338e-14
116.06884451701437,35.45939854194666,4.153219698883223,-0.8373830025641794,-10.311150093563722,-3.368306851948935e-14
116.079788514489,35.45487114144415,4.1558847791131415,-0.8364855510762726,-10.306495588342155,-5.0524602779234026e-14
116.0907318749025,35.450343702999184,4.158550727617628,-0.8355896680215219,-10.301861140738115,-3.368306851948935e-14
116.10167457914731,35.445816195637576,4.161217604341983,-0.8346953374333889,-10.29724652349504,-1.6841534259744676e-14
116.1126166081032,35.44128858839213,4.163885469231505,-0.8338025432456745,-10.292651509363669,-1.6841534259744676e-14
116.12355794263738,35.43676085030267,4.166554382231489,-0.8329112692925572,-10.288075871102066,-3.368306851948935e-14
116.13449856360455,35.43223295041598,4.169224403287235,-0.8320214993085977,-10.28351938147563,-1.6841534259744676e-14
116.14543845184676,35.42770485778588,4.1718955923440415,-0.8311332169287324,-10.278981813257147,-3.368306851948935e-14
116.15637758819364,35.42317654147313,4.1745680093472055,-0.830246405688319,-10.274462939226792,-6.73661370389787e-14
116.1673159534622,35.41864797054555,4.177241714242027,-0.8293610490231145,-10.269962532172173,-3.368306851948935e-14
116.1782535284569,35.41411911407791,4.179916766973801,-0.8284771302693127,-10.265480364888365,-1.6841534259744676e-14
116.18919029396984,35.409589941152035,4.1825932274878275,-0.8275946326635608,-10.261016210177917,-5.0524602779234026e-14
116.20012623078047,35.40506042085669,4.185271155729406,-0.8267135393429604,-10.256569840850885,-3.368306851948935e-14
116.21106131965584,35.400530522287674,4.187950611643832,-0.825833833345096,-10.252141029724879,-3.368306851948935e-14
116.22199554135054,35.39600021454779,4.190631655176405,-0.824955497608052,-10.247729549625056,-6.73661370389787e-14
116.23292887660669,35.39146946674682,4.193314346272423,-0.8240785149704364,-10.243335173384185,-3.368306851948935e-14
116.24386130615396,35.386938248001556,4.1959987448771825,-0.8232028681713789,-10.238957673842638,0.0
116.25479281070963,35.382406527435805,4.198684910935985,-0.8223285398505896,-10.234596823848435,-1.6841534259744676e-14
116.26572337097855,35.377874274180385,4.201372904394126,-0.8214555125483424,-10.230252396257272,-5.0524602779234026e-14
116.27665296765319,35.373341457373066,4.204062785196904,-0.8205837687055254,-10.225924163932545,3.368306851948935e-14
116.2875815814136,35.368808046158684,4.206754613289617,-0.8197132906636526,-10.221611899745374,-6.73661370389787e-14
116.29850919292754,35.36427400968904,4.2094484486175645,-0.8188440606648867,-10.21731537657462,-3.368306851948935e-14
