galstreams/tracks/track.st.Gaia-2.ibata2021.ecsv
# %ECSV 1.0
# ---
# datatype:
# - {name: ra, unit: deg, datatype: float64}
# - {name: dec, unit: deg, datatype: float64}
# - {name: distance, unit: kpc, datatype: float64}
# - {name: pm_ra_cosdec, unit: mas / yr, datatype: float64}
# - {name: pm_dec, unit: mas / yr, datatype: float64}
# - {name: radial_velocity, unit: km / s, datatype: float64}
# delimiter: ','
# meta: !!omap
# - __serialized_columns__:
#     dec:
#       __class__: astropy.coordinates.angles.Latitude
#       unit: &id001 !astropy.units.Unit {unit: deg}
#       value: !astropy.table.SerializedColumn {name: dec}
#     distance:
#       __class__: astropy.coordinates.distances.Distance
#       unit: !astropy.units.Unit {unit: kpc}
#       value: !astropy.table.SerializedColumn {name: distance}
#     pm_dec:
#       __class__: astropy.units.quantity.Quantity
#       unit: !astropy.units.Unit {unit: mas / yr}
#       value: !astropy.table.SerializedColumn {name: pm_dec}
#     pm_ra_cosdec:
#       __class__: astropy.units.quantity.Quantity
#       unit: !astropy.units.Unit {unit: mas / yr}
#       value: !astropy.table.SerializedColumn {name: pm_ra_cosdec}
#     ra:
#       __class__: astropy.coordinates.angles.Longitude
#       unit: *id001
#       value: !astropy.table.SerializedColumn {name: ra}
#       wrap_angle: !astropy.coordinates.Angle
#         unit: *id001
#         value: 360.0
#     radial_velocity:
#       __class__: astropy.units.quantity.Quantity
#       unit: !astropy.units.Unit {unit: km / s}
#       value: !astropy.table.SerializedColumn {name: radial_velocity}
# schema: astropy-2.0
ra,dec,distance,pm_ra_cosdec,pm_dec,radial_velocity
[from data line 418]
3.7360690485650947,-12.230501864950133,6.962967718572457,-0.20542531804943298,-0.29488665288596394,2783.6639628487865
3.741228025887259,-12.23918301815949,6.9631361451108,-0.2052715659716826,-0.2951449675940623,2734.6973488786816
3.7463891826369453,-12.247862949173056,6.963305518104531,-0.20511316390199674,-0.29539668442430767,2686.2004024323905
3.7515525133176144,-12.256541661406295,6.963475834164049,-0.2049501264861915,-0.2956418192342909,2638.1712608193857
3.7567180124325033,-12.26521915827507,6.9636470898997525,-0.2047824683696744,-0.295880387882157,2590.608061349143
3.7618856744845326,-12.273895443195485,6.963819281922036,-0.20461020419745246,-0.2961124062265519,2543.5089413311352
3.7670554939762124,-12.282570519583745,6.963992406841299,-0.2044333486141232,-0.29633789012670064,2496.8720380748323
3.772227465409855,-12.291244390856493,6.964166461267936,-0.20425191626386763,-0.29655685544234167,2450.69548888971
3.7774015832873356,-12.299917060430424,6.964341441812349,-0.20406592179045369,-0.2967693180337996,2404.9774310852413
3.7825778421102987,-12.308588531722625,6.96451734508493,-0.20387537983722748,-0.2969752937619283,2359.716001970897
3.7877562363800727,-12.317258808150441,6.96469416769608,-0.2036803050471212,-0.2971747984881308,2314.909338856153
3.7929367605975717,-12.325927893131322,6.964871906256196,-0.2034807120626274,-0.2973678480743871,2270.555579050481
3.798119409263478,-12.334595790083098,6.965050557375674,-0.20327661552581144,-0.29755445838323524,2226.6528598633536
3.8033041768781595,-12.34326250242387,6.965230117664912,-0.2030680300783132,-0.2977346452777727,2183.199318604244
3.808491057941564,-12.35192803357184,6.9654105837343065,-0.20285497036132538,-0.2979084246216619,2140.1930925826264
3.813680046953442,-12.360592386945653,6.965591952194256,-0.2026374510156046,-0.29807581227915136,2097.6323191079728
3.8188711384131,-12.369255565964025,6.9657742196551595,-0.2024154866814616,-0.2982368241150546,2055.5151354897557
3.8240643268196086,-12.37791757404606,6.96595738272741,-0.20218909199875723,-0.2983914759947677,2013.83967903745
3.8292596066717195,-12.386578414611135,6.966141438021407,-0.20195828160690477,-0.2985397837842676,1972.6040870605273
3.8344569724677635,-12.395238091078733,6.966326382147549,-0.20172307014485558,-0.2986817633501051,1931.8064968684607
3.8396564187058435,-12.403896606868736,6.966512211716231,-0.20148347225111163,-0.2988174305594402,1891.4450457707235
3.8448579398837293,-12.412553965401289,6.9666989233378525,-0.2012395025636997,-0.2989468012800085,1851.517871076789
3.8500615304987806,-12.42121017009666,6.966886513622811,-0.2009911757201901,-0.2990698913801495,1812.0231100961296
3.855267185048146,-12.42986522437557,6.9670749791815005,-0.20073850635767743,-0.29918671672878183,1772.9589001382199
3.8604748980285306,-12.438519131658797,6.967264316624322,-0.20048150911278917,-0.2992972931954583,1734.32337851253
3.8656846639364,-12.447171895367543,6.967454522561673,-0.20022019862166784,-0.2994016366503036,1696.1146825285362
3.870896477267892,-12.45582351892328,6.967645593603945,-0.19995458951998213,-0.299499762964059,1658.330949495709
3.876110332518723,-12.464474005747572,6.967837526361545,-0.1996846964429091,-0.29959168800810154,1620.9703167235223
3.8813262241843747,-12.473123359262427,6.96803031744486,-0.19941053402514441,-0.2996774276543839,1584.03092152145
3.886544146759996,-12.48177158289011,6.968223963464296,-0.19913211690088772,-0.29975699777549636,1547.5109011989641
3.8917640947403176,-12.490418680053006,6.968418461030245,-0.1988494597038466,-0.29983041424465107,1511.4083930655383
3.8969860626198556,-12.49906465417396,6.968613806753106,-0.19856257706722458,-0.2998976929356818,1475.7215344306426
3.902210044892676,-12.507709508675909,6.968809997243277,-0.19827148362372649,-0.29995884972304054,1440.448462603756
3.907436036052605,-12.516353246982192,6.969007029111154,-0.19797619400555,-0.30001390048182763,1405.5873148943476
3.912664030593138,-12.524995872516433,6.969204898967134,-0.19767672284438298,-0.30006286108776514,1371.1362286118917
3.9178940230073405,-12.533637388702378,6.969403603421617,-0.19737308477139726,-0.30010574741720397,1337.0933410658597
3.9231260077880408,-12.542277798964193,6.969603139084998,-0.19706529441725174,-0.30014257534716116,1303.4567895657267
3.928359979427728,-12.550917106726326,6.969803502567676,-0.1967533664120764,-0.300173360755263,1270.2247114209642
3.933595932418473,-12.559555315413354,6.970004690480045,-0.1964373153854866,-0.3001981195198118,1237.3952439410464
3.938833861252128,-12.568192428450313,6.970206699432507,-0.19611715596656154,-0.30021686751975274,1204.9665244354453
3.944073760420086,-12.57682844926235,6.970409526035456,-0.1957929027838503,-0.3002296206346742,1172.9366902136348
3.9493156244135017,-12.585463381275014,6.97061316689929,-0.19546457046536947,-0.30023639474483055,1141.303878585088
3.9545594477231867,-12.59409722791415,6.970817618634407,-0.1951321736385907,-0.3002372057311309,1110.0662268592766
3.9598052248395277,-12.602729992605731,6.971022877851206,-0.1947957269304441,-0.3002320694751557,1079.2218723456751
3.9650529502526646,-12.611361678776161,6.971228941160079,-0.1944552449673158,-0.3002210018591409,1048.7689523537551
3.9703026184523997,-12.619992289852124,6.971435805171427,-0.19411074237503811,-0.30020401876600467,1018.7056041929912
3.975554223928104,-12.628621829260464,6.971643466495649,-0.19376223377889024,-0.3001811360793205,989.0299651728557
3.980807761168929,-12.637250300428473,6.97185192174314,-0.19340973380359183,-0.30015236968335746,959.7401726028216
3.9860632246635705,-12.645877706783558,6.972061167524296,-0.193053257073305,-0.300117735463056,930.8343637923618
3.9913206089004696,-12.654504051753557,6.972271200449517,-0.1926928182116201,-0.30007724930403334,902.3106760509498
3.996579908367731,-12.663129338766588,6.972482017129201,-0.19232843184156323,-0.30003092709260404,874.1672466880578
4.001841117553022,-12.67175357125092,6.972693614173743,-0.19196011258558476,-0.2999787847157718,846.4022130131596
4.007104230943764,-12.680376752635258,6.972905988193539,-0.19158787506555885,-0.2999208380612215,819.0137123357287
4.012369243027035,-12.688998886348607,6.9731191357989895,-0.19121173390278146,-0.2998571030173389,791.999881965237
4.017636148289474,-12.6976199758201,6.973333053600492,-0.19083170371796032,-0.29978759547322564,765.3588592111585
4.022904941217507,-12.706240024479373,6.973547738208441,-0.19044779913121967,-0.29971233131866004,739.0887813829652
4.028175616297088,-12.714859035756163,6.973763186233234,-0.19006003476208888,-0.2996313264441426,713.1877857901313
4.033448168013919,-12.723477013080647,6.973979394285272,-0.18966842522950333,-0.2995445967408763,687.6540097421287
4.038722590853359,-12.732093959883287,6.974196358974949,-0.1892729851517987,-0.2994521581007854,662.4855905484319
4.043998879300327,-12.740709879594714,6.974414076912665,-0.18887372914670864,-0.299354026416502,637.6806655185123
4.049277027839492,-12.749324775646002,6.974632544708815,-0.18847067183135824,-0.2992502175813794,613.2373719618439
4.054557030955172,-12.757938651468516,6.974851758973796,-0.1880638278222646,-0.29914074748949426,589.1538471878998
4.059838883131251,-12.766551510493782,6.9750717163180065,-0.18765321173533012,-0.299025632035649,565.4282285061522
4.065122578851383,-12.775163356153824,6.975292413351846,-0.18723883818583686,-0.2989048871153739,542.0586532260754
4.070408112598755,-12.783774191880767,6.975513846685708,-0.18682072178844922,-0.2987785286249336,519.0432586571408
4.075695478856295,-12.79238402110719,6.975736012929991,-0.18639887715720238,-0.298646572461331,496.38018210882245
4.080984672106585,-12.800992847265986,6.975958908695092,-0.18597331890550417,-0.2985090345223007,474.0675608905941
4.086275686831764,-12.809600673790202,6.97618253059141,-0.18554406164613013,-0.2983659307063258,452.1035323119275
4.091568517513711,-12.818207504113323,6.976406875229342,-0.18511111999121688,-0.29821727691263433,430.48623368229653
4.096863158633957,-12.826813341669169,6.976631939219284,-0.18467450855226275,-0.2980630890411984,409.21380231117365
4.10215960467359,-12.835418189891701,6.976857719171634,-0.18423424194012017,-0.2979033829927493,388.2843755080324
4.107457850113468,-12.844022052215406,6.9770842116967895,-0.18379033476499396,-0.2977381746687695,367.6960905823455
4.112757889433972,-12.852624932074859,6.977311413405149,-0.18334280163643646,-0.2975674799715038,347.447084843586
4.11805971711523,-12.861226832905126,6.9775393209071055,-0.18289165716334677,-0.29739131480395464,327.5354956012251
4.123363327637008,-12.869827758141557,6.9777679308130605,-0.1824369159539606,-0.2972096950698946,307.95946016473954
4.128668715478631,-12.878427711219688,6.977997239733412,-0.18197859261585386,-0.2970226366738624,288.71711584360077
4.1339758751191615,-12.887026695575509,6.978227244278556,-0.1815167017559336,-0.2968301555211692,269.8065999472814
4.139284801037308,-12.895624714645333,6.978457941058887,-0.18105125798043642,-0.29663226751790117,251.22604978525496
4.14459548771133,-12.904221771865634,6.9786893266848065,-0.18058227589492465,-0.2964289885709268,232.97360266699397
4.149907929619255,-12.912817870673411,6.978921397766711,-0.18010977010428159,-0.29622033458789154,215.04739590197192
4.155222121238633,-12.921413014505776,6.979154150914993,-0.17963375521270836,-0.2960063214772306,197.4455667996618
4.160538057046747,-12.930007206800315,6.979387582740056,-0.17915424582372066,-0.29578696514816505,180.16625266953605
4.165855731520524,-12.938600450994926,6.979621689852297,-0.17867125654014349,-0.29556228151070885,163.20759082106855
4.171175139136441,-12.947192750527702,6.979856468862109,-0.17818480196410894,-0.29533228647567167,146.5677185637316
4.1764962743707095,-12.955784108837179,6.980091916379893,-0.17769489669705096,-0.29509699595466177,130.24477320699896
4.181819131699181,-12.964374529362242,6.980328029016043,-0.17720155533970244,-0.29485642586008887,114.23689206034305
4.18714370559726,-12.97296401554194,6.98056480338096,-0.17670479249209142,-0.29461059210516893,98.54221243323715
4.192469990540106,-12.981552570815849,6.980802236085041,-0.17620462275353674,-0.2943595106039245,83.15887163515389
4.197797981002403,-12.990140198623676,6.981040323738681,-0.17570106072264444,-0.2941031972711925,68.08500697556723
4.203127671458564,-12.998726902405602,6.981279062952278,-0.17519412099730436,-0.2938416680226234,53.31875576394964
4.208459056382639,-13.007312685602137,6.98151845033623,-0.17468381817468542,-0.29357493877468677,38.85825530977432
4.213792130248228,-13.015897551653982,6.9817584825009344,-0.17417016685123282,-0.2933030254446737,24.701642922514107
4.219126887528656,-13.024481504002301,6.981999156056788,-0.1736531816226634,-0.293025943950701,10.847055911642201
4.2244633226968915,-13.033064546088605,6.982240467614187,-0.17313287708396238,-0.29274371021171297,-2.7073684133684983
4.22980143022544,-13.041646681354587,6.982482413783533,-0.17260926782937897,-0.2924563401474862,-15.963492743044752
4.23514120458657,-13.050227913242463,6.9827249911752185,-0.17208236845242308,-0.2921638496786326,-28.92317976791378
4.240482640252068,-13.058808245194596,6.982968196399644,-0.17155219354586138,-0.29186625472660194,-41.58829217850221
4.2458257316934365,-13.067387680653836,6.983212026067204,-0.17101875770171293,-0.29156357121368576,-53.96069266533719
4.251170473381823,-13.075966223063357,6.9834564767883,-0.17048207551124625,-0.2912558150630207,-66.0422439189458
4.256516859787912,-13.084543875866546,6.983701545173326,-0.16994216156497463,-0.2909430021985917,-77.83480862985493
4.261864885382116,-13.093120642507246,6.983947227832679,-0.16939903045265275,-0.29062514854523464,-89.34024948859144
4.267214544634482,-13.101696526429672,6.984193521376757,-0.16885269676327302,-0.29030227002864145,-100.56042918568228
4.27256583201459,-13.110271531078208,6.9844404224159575,-0.16830317508506093,-0.2899743825753612,-111.49721041165503
4.277918741991784,-13.118845659897794,6.984687927560679,-0.16775048000547227,-0.2896415021128048,-122.15245585703539
4.283273269034913,-13.127418916333513,6.984936033421319,-0.16719462611118846,-0.28930364456924873,-132.52802821235124
4.288629407612548,-13.135991303830927,6.985184736608274,-0.16663562798811316,-0.28896082587383576,-142.62579016812936
4.293987152192895,-13.144562825835964,6.98543403373194,-0.16607350022136813,-0.28861306195658165,-152.44760441489646
4.299346497243695,-13.153133485794738,6.985683921402717,-0.16550825739528963,-0.288260368748376,-161.99533364318012
4.304707437232409,-13.16170328715386,6.985934396230998,-0.16493991409342462,-0.2879027621809872,-171.27084054350652
4.310069966626132,-13.170272233360286,6.986185454827185,-0.16436848489852596,-0.2875402581870641,-180.27598780640312
4.3154340798914905,-13.178840327861188,6.9864370938016735,-0.1637939843925506,-0.2871728727001406,-189.01263812239665
4.320799771494867,-13.18740757410427,6.986689309764861,-0.16321642715665347,-0.2868006216546384,-197.48265418201447
4.326167035902146,-13.195973975537397,6.986942099327145,-0.16263582777118535,-0.2864235209858701,-205.687898675783
4.331535867578929,-13.204539535608934,6.9871954590989205,-0.16205220081568777,-0.286041586630043,-213.63023429422955
4.33690626099045,-13.213104257767599,6.987449385690588,-0.16146556086888952,-0.285654834524262,-221.3115237278808
4.342278210601473,-13.221668145462317,6.987703875712543,-0.16087592250870375,-0.2852632806065334,-228.7336296672641
4.347651710876477,-13.23023120214251,6.987958925775186,-0.16028330031222304,-0.2848669408157669,-235.89841480290679
4.353026756279574,-13.238793431257978,6.98821453248891,-0.15968770885571504,-0.28446583109178336,-242.80774182533477
4.358403341274403,-13.247354836258703,6.988470692464116,-0.1590891627146207,-0.28405996737530925,-249.46347342507494
4.363781460324352,-13.255915420595242,6.988727402311196,-0.15848767646354822,-0.28364936560798837,-255.86747229265535
4.369161107892307,-13.264475187718302,6.988984658640553,-0.15788326467627034,-0.2832340417323822,-262.02160111860195
4.37454227844087,-13.27303414107911,6.9892424580625825,-0.15727594192572059,-0.28281401169197085,-267.92772259344235
4.379924966432271,-13.281592284129243,6.989500797187681,-0.15666572278398772,-0.28238929143116187,-273.58769940770355
4.385309166328263,-13.290149620320504,6.989759672626246,-0.15605262182231527,-0.28195989689528655,-279.0033942519118
4.390694872590314,-13.2987061531052,6.990019080988676,-0.1554366536110937,-0.2815258440306101,-284.1766698165946
4.396082079679518,-13.307261885936002,6.990279018885368,-0.15481783271985972,-0.28108714878432806,-289.1093887922794
4.401470782056492,-13.315816822265809,6.9905394829267165,-0.15419617371728989,-0.2806438271045786,-293.8034138694923
4.406860974181597,-13.324370965548066,6.990800469723121,-0.15357169117120018,-0.2801958949404322,-298.2606077387605
4.412252650514692,-13.33292431923641,6.99106197588498,-0.15294439964853712,-0.2797433682419126,-302.48283309061077
4.417645805515348,-13.341476886784976,6.991323998022692,-0.15231431371537896,-0.27928626295998193,-306.47195261557073
4.423040433642753,-13.350028671648273,6.991586532746651,-0.1516814479369285,-0.27882459504655865,-310.2298290041666
4.428436529355618,-13.358579677281044,6.991849576667255,-0.15104581687751129,-0.27835838045451333,-313.75832494692605
4.433834087112371,-13.367129907138544,6.9921131263949015,-0.15040743510056953,-0.27788763513767134,-317.0593031343755
4.43923310137105,-13.375679364676387,6.99237717853999,-0.1497663171686605,-0.2774123750508186,-320.13462625704176
4.444633566589221,-13.38422805335044,6.992641729712914,-0.14912247764345077,-0.276932616149709,-322.9861570054526
4.450035477224189,-13.392775976617125,6.992906776524074,-0.1484759310857141,-0.2764483743910555,-325.61575807013395
4.45543882773275,-13.401323137933039,6.993172315583866,-0.14782669205532606,-0.2759596657325476,-328.0252921416138
