galstreams/tracks/track.st.Gaia-6.ibata2021.ecsv
# %ECSV 1.0
# ---
# datatype:
# - {name: ra, unit: deg, datatype: float64}
# - {name: dec, unit: deg, datatype: float64}
# - {name: distance, unit: kpc, datatype: float64}
# - {name: pm_ra_cosdec, unit: mas / yr, datatype: float64}
# - {name: pm_dec, unit: mas / yr, datatype: float64}
# - {name: radial_velocity, unit: km / s, datatype: float64}
# delimiter: ','
# meta: !!omap
# - __serialized_columns__:
#     dec:
#       __class__: astropy.coordinates.angles.Latitude
#       unit: &id001 !astropy.units.Unit {unit: deg}
#       value: !astropy.table.SerializedColumn {name: dec}
#     distance:
#       __class__: astropy.coordinates.distances.Distance
#       unit: !astropy.units.Unit {unit: kpc}
#       value: !astropy.table.SerializedColumn {name: distance}
#     pm_dec:
#       __class__: astropy.units.quantity.Quantity
#       unit: !astropy.units.Unit {unit: mas / yr}
#       value: !astropy.table.SerializedColumn {name: pm_dec}
#     pm_ra_cosdec:
#       __class__: astropy.units.quantity.Quantity
#       unit: !astropy.units.Unit {unit: mas / yr}
#       value: !astropy.table.SerializedColumn {name: pm_ra_cosdec}
#     ra:
#       __class__: astropy.coordinates.angles.Longitude
#       unit: *id001
#       value: !astropy.table.SerializedColumn {name: ra}
#       wrap_angle: !astropy.coordinates.Angle
#         unit: *id001
#         value: 360.0
#     radial_velocity:
#       __class__: astropy.units.quantity.Quantity
#       unit: !astropy.units.Unit {unit: km / s}
#       value: !astropy.table.SerializedColumn {name: radial_velocity}
# schema: astropy-2.0
ra,dec,distance,pm_ra_cosdec,pm_dec,radial_velocity
[from data line 702]
210.79017399338647,30.161598331863416,8.03320427420435,-8.470226536811317,-8.850759681405895,6.73661370389787e-14
210.79882762012997,30.16823227766874,8.033265527799045,-8.469878223598993,-8.84837953790749,6.73661370389787e-14
210.80748202377032,30.174866027920363,8.033328827480718,-8.469530514282571,-8.845998598737246,6.73661370389787e-14
210.81613720591892,30.181499581291778,8.033394172664035,-8.469183405076212,-8.843616864013885,5.0524602779234026e-14
210.82479316818691,30.188132936456025,8.033461562763677,-8.468836892194021,-8.841234333857138,5.0524602779234026e-14
210.83344991218576,30.194766092085906,8.033530997194307,-8.46849097185006,-8.83885100838771,6.73661370389787e-14
210.8421074395267,30.20139904685381,8.033602475370609,-8.468145640258312,-8.836466887727289,8.420767129872338e-14
210.85076575182114,30.20803179943176,8.033675996707244,-8.467800893632734,-8.83408197199857,1.1789073981821273e-13
210.85942485068037,30.214664348491503,8.033751560618901,-8.467456728187187,-8.831696261325202,5.0524602779234026e-14
210.86808473771566,30.221296692704264,8.03382916652024,-8.467113140135506,-8.82930975583188,3.368306851948935e-14
210.87674541453836,30.22792883074104,8.033908813825938,-8.466770125691468,-8.82692245564424,6.73661370389787e-14
210.88540688275987,30.23456076127243,8.033990501950674,-8.466427681068765,-8.824534360888933,1.1789073981821273e-13
210.89406914399146,30.241192482968675,8.034074230309114,-8.466085802481068,-8.822145471693599,6.73661370389787e-14
210.90273219984448,30.247823994499647,8.034159998315932,-8.465744486141972,-8.819755788186873,1.1789073981821273e-13
210.91139605193032,30.254455294534914,8.034247805385807,-8.465403728265022,-8.817365310498378,1.1789073981821273e-13
210.92006070186022,30.261086381743556,8.034337650933407,-8.465063525063695,-8.814974038758745,1.515738083377021e-13
210.92872615124557,30.267717254794395,8.034429534373407,-8.464723872751428,-8.81258197309959,5.0524602779234026e-14
210.93739240169768,30.274347912355882,8.034523455120482,-8.464384767541588,-8.810189113653532,8.420767129872338e-14
210.9460594548279,30.28097835309607,8.0346194125893,-8.464046205647495,-8.807795460554189,3.368306851948935e-14
210.95472731224757,30.287608575682686,8.034717406194538,-8.46370818328241,-8.805401013936173,6.73661370389787e-14
210.96339597556806,30.294238578783126,8.03481743535087,-8.463370696659531,-8.803005773935086,1.0104920555846805e-13
210.97206544640062,30.300868361064293,8.034919499472972,-8.463033741991996,-8.800609740687559,8.420767129872338e-14
210.98073572635664,30.307497921192848,8.035023597975508,-8.462697315492907,-8.798212914331199,5.0524602779234026e-14
210.98940681704744,30.314127257835068,8.035129730273162,-8.462361413375291,-8.795815295004623,-1.6841534259744676e-14
210.99807872008435,30.32075636965684,8.035237895780599,-8.462026031852128,-8.793416882847453,3.368306851948935e-14
211.0067514370787,30.327385255323716,8.035348093912498,-8.461691167136326,-8.79101767800031,5.0524602779234026e-14
211.01542496964186,30.33401391350091,8.035460324083525,-8.461356815440766,-8.788617680604823,3.368306851948935e-14
211.02409931938507,30.340642342853155,8.035574585708366,-8.461022972978228,-8.786216890803619,-1.6841534259744676e-14
211.03277448791968,30.34727054204494,8.035690878201681,-8.460689635961483,-8.78381530874035,-3.368306851948935e-14
211.04145047685702,30.35389850974036,8.03580920097815,-8.460356800603211,-8.781412934559658,3.368306851948935e-14
211.05012728780838,30.360526244603115,8.035929553452448,-8.460024463116055,-8.779009768407192,1.1789073981821273e-13
211.05880492238515,30.3671537452966,8.036051935039241,-8.45969261971259,-8.776605810429619,6.73661370389787e-14
211.0674833821986,30.373781010483818,8.036176345153208,-8.459361266605338,-8.774201060774605,1.0104920555846805e-13
211.07616266885995,30.380408038827337,8.036302783209022,-8.459030400006764,-8.771795519590842,1.0104920555846805e-13
211.08484278398058,30.387034828989467,8.036431248621355,-8.458700016129278,-8.769389187028024,1.347322740779574e-13
211.0935237291718,30.393661379632103,8.036561740804881,-8.45837011118523,-8.766982063236846,0.0
211.10220550604487,30.40028768941678,8.036694259174276,-8.458040681386915,-8.764574148369038,3.368306851948935e-14
211.11088811621107,30.406913757004677,8.036828803144207,-8.45771172294658,-8.762165442577325,1.6841534259744676e-14
211.11957156128176,30.413539581056632,8.03696537212935,-8.457383232076403,-8.75975594601546,0.0
211.12825584286807,30.420165160233005,8.037103965544379,-8.4570552049885,-8.757345658838203,1.515738083377021e-13
211.13694096258138,30.42679049319394,8.037244582803968,-8.456727637894947,-8.754934581201331,8.420767129872338e-14
211.1456269220329,30.433415578599103,8.037387223322789,-8.456400527007755,-8.752522713261644,1.0104920555846805e-13
211.15431372283393,30.440040415107877,8.037531886515517,-8.456073868538882,-8.75011005517695,6.73661370389787e-14
211.16300136659575,30.446665001379262,8.037678571796823,-8.455747658700226,-8.747696607106082,6.73661370389787e-14
211.1716898549295,30.453289336071787,8.037827278581382,-8.455421893703623,-8.745282369208898,1.1789073981821273e-13
211.18037918944648,30.45991341784375,8.037978006283867,-8.455096569760862,-8.742867341646264,3.368306851948935e-14
211.1890693717579,30.46653724535301,8.038130754318951,-8.454771683083672,-8.740451524580077,5.0524602779234026e-14
211.19776040347503,30.473160817257096,8.038285522101306,-8.454447229883725,-8.738034918173256,6.73661370389787e-14
211.20645228620901,30.479784132213144,8.038442309045607,-8.454123206372632,-8.735617522589735,3.368306851948935e-14
211.21514502157117,30.486407188877962,8.038601114566529,-8.453799608761962,-8.733199337994469,0.0
211.2238386111726,30.49302998590788,8.038761938078741,-8.453476433263202,-8.730780364553462,6.73661370389787e-14
211.23253305662448,30.499652521958993,8.03892477899692,-8.453153676087808,-8.728360602433721,8.420767129872338e-14
211.24122835953804,30.506274795686984,8.039089636735735,-8.452831333447161,-8.725940051803287,5.0524602779234026e-14
211.24992452152443,30.51289680574711,8.039256510709865,-8.452509401552598,-8.723518712831218,2.1893994537668078e-13
211.25862154419485,30.519518550794352,8.03942540033398,-8.452187876615394,-8.721096585687619,8.420767129872338e-14
211.26731942916047,30.526140029483305,8.039596305022753,-8.45186675484677,-8.718673670543607,6.73661370389787e-14
211.2760181780323,30.53276124046808,8.03976922419086,-8.451546032457877,-8.716249967571343,1.1789073981821273e-13
211.2847177924216,30.539382182402562,8.039944157252972,-8.451225705659827,-8.713825476944006,5.0524602779234026e-14
211.29341827393944,30.54600285394018,8.040121103623761,-8.450905770663667,-8.711400198835818,1.0104920555846805e-13
211.30211962419696,30.552623253734065,8.040300062717902,-8.450586223680391,-8.708974133422021,-1.6841534259744676e-14
211.31082184480522,30.55924338043691,8.04048103395007,-8.450267060920932,-8.706547280878905,1.6841534259744676e-14
211.31952493737538,30.56586323270111,8.040664016734933,-8.449948278596178,-8.70411964138378,1.1789073981821273e-13
211.32822890351844,30.572482809178574,8.040849010487172,-8.449629872916937,-8.701691215114998,1.0104920555846805e-13
211.33693374484548,30.579102108520956,8.041036014621454,-8.449311840093978,-8.699262002251952,1.1789073981821273e-13
211.34563946296757,30.585721129379493,8.041225028552455,-8.448994176338015,-8.696832002975063,1.0104920555846805e-13
211.35434605949573,30.59233987040506,8.04141605169485,-8.448676877859693,-8.694401217465789,6.73661370389787e-14
211.363053536041,30.59895833024813,8.04160908346331,-8.448359940869612,-8.691969645906635,1.347322740779574e-13
211.37176189421447,30.605576507558908,8.041804123272504,-8.448043361578318,-8.689537288481139,8.420767129872338e-14
211.380471135627,30.612194400987047,8.042001170537112,-8.447727136196281,-8.687104145373887,2.020984111169361e-13
211.38918126188966,30.618812009181976,8.042200224671804,-8.447411260933933,-8.684670216770495,1.347322740779574e-13
211.3978922746134,30.625429330792727,8.042401285091257,-8.447095732001639,-8.682235502857626,1.515738083377021e-13
211.4066041754092,30.63204636446791,8.04260435121014,-8.446780545609723,-8.67980000382299,8.420767129872338e-14
211.41531696588797,30.638663108855827,8.042809422443128,-8.446465697968426,-8.677363719855338,8.420767129872338e-14
211.42403064766074,30.645279562604397,8.043016498204894,-8.446151185287963,-8.674926651144457,6.73661370389787e-14
211.43274522233827,30.651895724361076,8.043225577910114,-8.445837003778465,-8.672488797881197,8.420767129872338e-14
211.44146069153155,30.65851159277303,8.043436660973455,-8.445523149650027,-8.670050160257446,1.347322740779574e-13
211.45017705685143,30.665127166487082,8.043649746809596,-8.445209619112674,-8.667610738466133,5.0524602779234026e-14
211.4588943199088,30.671742444149608,8.04386483483321,-8.44489640837638,-8.66517053270124,8.420767129872338e-14
211.4676124823146,30.678357424406688,8.044081924458968,-8.44458351365107,-8.662729543157798,1.6841534259744676e-14
211.4763315456795,30.684972105903906,8.04430101510154,-8.4442709311466,-8.660287770031902,0.0
211.48505151161436,30.691586487286585,8.04452210617561,-8.443958657072766,-8.657845213520673,1.347322740779574e-13
211.49377238173005,30.698200567199645,8.04474519709584,-8.443646687639326,-8.655401873822294,3.368306851948935e-14
211.50249415763727,30.704814344287616,8.04497028727691,-8.443335019055969,-8.652957751136015,8.420767129872338e-14
211.51121684094687,30.711427817194664,8.045197376133492,-8.443023647532335,-8.650512845662115,1.347322740779574e-13
211.5199404332696,30.718040984564613,8.045426463080256,-8.442712569277997,-8.648067157601941,6.73661370389787e-14
211.5286649362161,30.72465384504081,8.04565754753188,-8.44240178050248,-8.645620687157903,1.347322740779574e-13
211.53739035139714,30.73126639726633,8.045890628903031,-8.442091277415253,-8.643173434533455,1.1789073981821273e-13
211.5461166804234,30.737878639883853,8.046125706608393,-8.441781056225715,-8.640725399933096,-1.6841534259744676e-14
211.55484392490555,30.744490571535636,8.046362780062628,-8.441471113143233,-8.638276583562423,1.6841534259744676e-14
211.56357208645423,30.75110219086362,8.046601848680416,-8.441161444377093,-8.635826985628054,8.420767129872338e-14
211.57230116668015,30.75771349650937,8.046842911876428,-8.440852046136548,-8.633376606337675,-5.0524602779234026e-14
211.58103116719383,30.764324487113978,8.047085969065341,-8.440542914630768,-8.630925445900049,1.6841534259744676e-14
211.58976208960587,30.77093516131827,8.047331019661819,-8.440234046068891,-8.62847350452499,6.73661370389787e-14
211.59849393552688,30.777545517762654,8.047578063080547,-8.439925436659983,-8.626020782423371,1.1789073981821273e-13
211.6072267065674,30.784155555087164,8.047827098736189,-8.439617082613072,-8.62356727980713,1.6841534259744677e-13
211.61596040433795,30.790765271931456,8.048078126043421,-8.439308980137106,-8.621112996889275,3.368306851948935e-14
211.62469503044912,30.797374666934846,8.048331144416922,-8.439001125440997,-8.618657933883869,1.515738083377021e-13
211.63343058651128,30.803983738736168,8.048586153271357,-8.438693514733583,-8.616202091006054,5.0524602779234026e-14
211.64216707413493,30.810592485973988,8.048843152021405,-8.438386144223664,-8.613745468472036,3.368306851948935e-14
211.6509044949305,30.81720090728645,8.049102140081734,-8.43807901011996,-8.611288066499082,1.1789073981821273e-13
211.65964285050845,30.823809001311332,8.04936311686702,-8.437772108631169,-8.608829885305532,5.0524602779234026e-14
211.66838214247915,30.830416766686014,8.049626081791942,-8.437465435965901,-8.606370925110792,5.0524602779234026e-14
211.677122372453,30.83702420204755,8.049891034271166,-8.437158988332737,-8.603911186135347,8.420767129872338e-14
211.6858635420403,30.843631306032524,8.050157973719363,-8.436852761940168,-8.601450668600751,3.368306851948935e-14
211.6946056528514,30.8502380772772,8.050426899551217,-8.436546752996655,-8.598989372729628,3.368306851948935e-14
211.70334870649657,30.85684451441747,8.05069781118139,-8.436240957710607,-8.596527298745677,6.73661370389787e-14
211.71209270458613,30.863450616088848,8.050970708024565,-8.435935372290352,-8.594064446873666,1.1789073981821273e-13
211.7208376487303,30.87005638092644,8.051245589495407,-8.43562999294419,-8.591600817339451,1.0104920555846805e-13
211.7295835405394,30.876661807565032,8.051522455008595,-8.435324815880346,-8.589136410369946,3.368306851948935e-14
211.73833038162348,30.883266894638915,8.051801303978799,-8.435019837306992,-8.586671226193168,1.6841534259744676e-14
211.74707817359277,30.889871640782083,8.052082135820692,-8.43471505343225,-8.584205265038186,8.420767129872338e-14
211.75582691805744,30.896476044628184,8.05236494994895,-8.434410460464179,-8.581738527135162,0.0
211.76457661662755,30.903080104810392,8.052649745778247,-8.434106054610783,-8.579271012715331,1.0104920555846805e-13
211.7733272709133,30.909683819961632,8.05293652272325,-8.43380183208003,-8.57680272201102,0.0
211.78207888252467,30.916287188714268,8.05322528019864,-8.433497789079802,-8.57433365525563,8.420767129872338e-14
211.79083145307172,30.922890209700416,8.053516017619087,-8.433193921817933,-8.571863812683645,1.1789073981821273e-13
211.79958498416443,30.929492881551777,8.053808734399265,-8.432890226502217,-8.56939319453063,1.0104920555846805e-13
211.8083394774128,30.936095202899676,8.054103429953845,-8.43258669934038,-8.566921801033239,6.73661370389787e-14
211.81709493442682,30.94269717237507,8.054400103697505,-8.432283336540094,-8.564449632429213,3.368306851948935e-14
211.82585135681643,30.949298788608516,8.054698755044912,-8.431980134308976,-8.56197668895737,0.0
211.8346087461914,30.95590005023013,8.054999383410742,-8.431677088854583,-8.559502970857642,1.8525687685719145e-13
211.84336710416173,30.962500955869746,8.05530198820967,-8.431374196384422,-8.557028478371006,8.420767129872338e-14
211.85212643233717,30.96910150415676,8.055606568856367,-8.431071453105947,-8.55455321173957,1.1789073981821273e-13
211.86088673232757,30.97570169372022,8.055913124765512,-8.430768855226543,-8.552077171206502,1.1789073981821273e-13
211.8696480057427,30.982301523188752,8.05622165535177,-8.430466398953559,-8.549600357016086,8.420767129872338e-14
211.87841025419232,30.988900991190672,8.056532160029818,-8.430164080494272,-8.547122769413669,8.420767129872338e-14
211.88717347928608,30.995500096353776,8.056844638214333,-8.429861896055908,-8.544644408645723,1.515738083377021e-13
211.8959376826337,31.002098837305606,8.057159089319981,-8.429559841845638,-8.542165274959798,8.420767129872338e-14
211.9047028658448,31.008697212673265,8.057475512761437,-8.429257914070586,-8.539685368604538,1.347322740779574e-13
211.9134690305291,31.01529522108348,8.057793907953382,-8.428956108937804,-8.537204689829679,-1.6841534259744676e-14
211.92223617829603,31.021892861162613,8.05811427431048,-8.4286544226543,-8.534723238886066,-3.368306851948935e-14
211.93100431075527,31.028490131536643,8.058436611247409,-8.428352851427034,-8.532241016025637,6.73661370389787e-14
211.93977342951626,31.035087030831086,8.05876091817884,-8.428051391462887,-8.529758021501426,1.515738083377021e-13
211.94854353618854,31.04168355767117,8.059087194519448,-8.427750038968707,-8.527274255567566,6.73661370389787e-14
211.95731463238147,31.048279710681697,8.059415439683905,-8.427448790151272,-8.524789718479296,1.515738083377021e-13
211.96608671970458,31.054875488487106,8.059745653086889,-8.42714764121731,-8.522304410492948,6.73661370389787e-14
211.9748597997672,31.061470889711416,8.060077834143064,-8.426846588373506,-8.51981833186597,1.6841534259744676e-14
211.9836338741787,31.068065912978327,8.06041198226711,-8.426545627826473,-8.517331482856902,5.0524602779234026e-14
211.99240894454832,31.074660556911034,8.060748096873702,-8.426244755782772,-8.514843863725392,0.0
