galstreams/tracks/track.st.C-19.martin2022.ecsv
# %ECSV 0.9
# ---
# datatype:
# - {name: ra, unit: deg, datatype: float64}
# - {name: dec, unit: deg, datatype: float64}
# - {name: distance, unit: kpc, datatype: float64}
# - {name: pm_ra_cosdec, unit: mas / yr, datatype: float64}
# - {name: pm_dec, unit: mas / yr, datatype: float64}
# - {name: radial_velocity, unit: km / s, datatype: float64}
# delimiter: ','
# meta: !!omap
# - __serialized_columns__:
#     dec:
#       __class__: astropy.coordinates.angles.Latitude
#       unit: &id001 !astropy.units.Unit {unit: deg}
#       value: !astropy.table.SerializedColumn {name: dec}
#     distance:
#       __class__: astropy.coordinates.distances.Distance
#       unit: !astropy.units.Unit {unit: kpc}
#       value: !astropy.table.SerializedColumn {name: distance}
#     pm_dec:
#       __class__: astropy.units.quantity.Quantity
#       unit: !astropy.units.Unit {unit: mas / yr}
#       value: !astropy.table.SerializedColumn {name: pm_dec}
#     pm_ra_cosdec:
#       __class__: astropy.units.quantity.Quantity
#       unit: !astropy.units.Unit {unit: mas / yr}
#       value: !astropy.table.SerializedColumn {name: pm_ra_cosdec}
#     ra:
#       __class__: astropy.coordinates.angles.Longitude
#       unit: *id001
#       value: !astropy.table.SerializedColumn {name: ra}
#       wrap_angle: !astropy.coordinates.Angle
#         unit: *id001
#         value: 360.0
#     radial_velocity:
#       __class__: astropy.units.quantity.Quantity
#       unit: !astropy.units.Unit {unit: km / s}
#       value: !astropy.table.SerializedColumn {name: radial_velocity}
# schema: astropy-2.0
ra,dec,distance,pm_ra_cosdec,pm_dec,radial_velocity
[from data line 293]
354.38145357017294,33.069063094602036,18.0,1.3674124824340355,-2.3857218149735044,-189.44000000000014
354.3821682109226,33.05866403142427,18.0,1.367251149080756,-2.3865641782395364,-189.4400000000001
354.38288247572336,33.04826495580075,18.0,1.3670898849441089,-2.3874061383760385,-189.44000000000017
354.3835963647592,33.03786586773785,18.0,1.366928690037188,-2.3882476953926464,-189.44000000000017
354.3843098782137,33.02746676724205,18.0,1.3667675643730632,-2.389088849298979,-189.44000000000014
354.3850230162704,33.01706765431959,18.0,1.3666065079647842,-2.3899296001046517,-189.44000000000005
354.3857357791126,33.006668528976945,18.000000000000004,1.3664455208253783,-2.3907699478192717,-189.44000000000014
354.3864481669238,32.99626939122048,18.0,1.3662846029678524,-2.3916098924524407,-189.44000000000014
354.38716017988685,32.985870241056546,17.999999999999996,1.3661237544051894,-2.392449434013746,-189.44000000000014
354.38787181818475,32.9754710784915,18.0,1.365962975150353,-2.3932885725127724,-189.4400000000002
354.38858308200037,32.965071903531694,18.0,1.365802265216285,-2.3941273079590957,-189.4400000000001
354.3892939715162,32.954672716183545,17.999999999999996,1.3656416246159042,-2.3949656403622805,-189.44000000000023
354.39000448691496,32.944273516453265,18.0,1.3654810533621091,-2.3958035697318865,-189.44000000000014
354.3907146283788,32.93387430434725,17.999999999999996,1.3653205514677758,-2.396641096077466,-189.4400000000001
354.39142439609003,32.92347507987183,18.0,1.3651601189457614,-2.39747821940856,-189.44000000000014
354.3921337902306,32.91307584303331,18.0,1.3649997558088973,-2.398314939734705,-189.44000000000017
354.39284281098253,32.90267659383802,17.999999999999996,1.3648394620699977,-2.39915125706543,-189.44000000000014
354.39355145852755,32.89227733229229,18.0,1.364679237741853,-2.3999871714102508,-189.44000000000005
354.39425973304725,32.88187805840234,18.0,1.3645190828372333,-2.4008226827786796,-189.44000000000014
354.39496763472306,32.8714787721745,18.0,1.3643589973688857,-2.4016577911802197,-189.4400000000001
354.39567516373637,32.861079473615064,18.0,1.364198981349538,-2.402492496624367,-189.44000000000014
354.39638232026823,32.85068016273029,18.0,1.3640390347918963,-2.4033267991206078,-189.44000000000005
354.3970891044998,32.84028083952648,17.999999999999996,1.363879157708644,-2.4041606986784245,-189.44000000000014
354.39779551661184,32.829881504009926,18.0,1.3637193501124436,-2.404994195307285,-189.4400000000002
354.39850155678516,32.81948215618678,18.0,1.363559612015938,-2.4058272890166554,-189.44000000000014
354.3992072252003,32.80908279606337,18.0,1.3633999434317476,-2.4066599798159904,-189.44000000000017
354.3999125220377,32.79868342364592,18.0,1.363240344372471,-2.4074922677147397,-189.44000000000014
354.4006174474777,32.788284038940674,18.0,1.3630808148506877,-2.4083241527223396,-189.44000000000014
354.40132200170035,32.77788464195386,18.0,1.3629213548789534,-2.409155634848227,-189.44000000000014
354.4020261848857,32.76748523269177,18.0,1.3627619644698035,-2.409986714101821,-189.4400000000002
354.4027299972136,32.75708581116049,18.0,1.3626026436357543,-2.410817390492544,-189.4400000000001
354.4034334388637,32.7466863773663,18.0,1.3624433923892976,-2.411647664029799,-189.44000000000014
354.4041365100157,32.73628693131541,18.0,1.3622842107429078,-2.4124775347229916,-189.4400000000001
354.4048392108488,32.72588747301401,18.0,1.3621250987090345,-2.41330700258151,-189.4400000000002
354.40554154154245,32.71548800246828,18.0,1.361966056300109,-2.4141360676147428,-189.44000000000017
354.4062435022757,32.70508851968449,18.000000000000004,1.3618070835285405,-2.4149647298320662,-189.44000000000017
354.4069450932275,32.694689024668676,18.0,1.3616481804067173,-2.4157929892428496,-189.44000000000017
354.40764631457677,32.684289517427075,18.0,1.3614893469470069,-2.416620845856454,-189.4400000000001
354.4083471665021,32.673889997965865,18.0,1.361330583161755,-2.417448299682234,-189.4400000000001
354.409047649182,32.663490466291194,18.0,1.3611718890632876,-2.418275350729535,-189.44000000000017
354.40974776279506,32.6530909224092,18.0,1.3610132646639095,-2.4191019990076987,-189.4400000000001
354.41044750751934,32.642691366326105,18.0,1.360854709975903,-2.419928244526049,-189.44000000000014
354.41114688353304,32.632291798047945,18.0,1.3606962250115324,-2.420754087293912,-189.44000000000005
354.4118458910141,32.62189221758087,18.0,1.3605378097830383,-2.4215795273206036,-189.44000000000017
354.41254453014034,32.61149262493104,17.999999999999996,1.3603794643026428,-2.42240456461543,-189.44000000000014
354.4132428010894,32.60109302010455,18.0,1.3602211885825446,-2.4232291991876913,-189.44000000000014
354.4139407040389,32.59069340310752,18.0,1.360062982634925,-2.424053431046678,-189.44000000000014
354.4146382391661,32.58029377394607,18.0,1.359904846471941,-2.424877260201675,-189.44000000000014
354.4153354066484,32.56989413262634,18.0,1.3597467801057312,-2.425700686661957,-189.4400000000001
354.4160322066628,32.5594944791543,18.0,1.3595887835484124,-2.4265237104367943,-189.44000000000005
354.41672863938624,32.54909481353612,18.0,1.3594308568120812,-2.4273463315354453,-189.44000000000017
354.4174247049956,32.53869513577786,18.0,1.3592729999088133,-2.4281685499671655,-189.44000000000014
354.4181204036675,32.528295445885604,18.0,1.3591152128506632,-2.428990365741198,-189.44000000000017
354.4188157355785,32.5178957438654,18.000000000000004,1.358957495649666,-2.4298117788667817,-189.44000000000005
354.41951070090494,32.50749602972339,18.0,1.358799848317835,-2.4306327893531465,-189.44000000000014
354.4202052998231,32.4970963034655,18.0,1.358642270867163,-2.431453397209516,-189.4400000000001
354.42089953250905,32.48669656509782,18.000000000000004,1.3584847633096229,-2.4322736024451004,-189.44000000000014
354.4215933991388,32.47629681462643,18.0,1.358327325657167,-2.433093405069111,-189.44000000000017
354.4222868998882,32.46589705205732,18.0,1.358169957921726,-2.433912805090745,-189.44000000000014
354.4229800349327,32.45549727739655,17.999999999999996,1.3580126601152107,-2.434731802519194,-189.44000000000014
354.4236728044481,32.445097490650184,17.999999999999996,1.3578554322495116,-2.435550397363642,-189.44000000000017
354.42436520860963,32.43469769182411,18.000000000000004,1.3576982743364978,-2.4363685896332647,-189.44000000000005
354.4250572475926,32.42429788092442,17.999999999999996,1.357541186388021,-2.4371863793372337,-189.4400000000001
354.42574892157194,32.413898057957105,18.0,1.3573841684159065,-2.4380037664847043,-189.4400000000002
354.4264402307229,32.40349822292816,18.0,1.357227220431966,-2.438820751084835,-189.44000000000017
354.4271311752201,32.39309837584356,17.999999999999996,1.3570703424479855,-2.43963733314677,-189.44000000000014
354.42782175523826,32.38269851670936,18.0,1.3569135344757333,-2.4404535126796447,-189.4400000000001
354.4285119709519,32.37229864553142,18.0,1.3567567965269565,-2.4412692896925927,-189.4400000000002
354.42920182253545,32.36189876231576,18.0,1.3566001286133818,-2.4420846641947374,-189.4400000000001
354.4298913101632,32.351498867068365,18.0,1.3564435307467166,-2.4428996361951913,-189.44000000000014
354.4305804340092,32.34109895979516,17.999999999999996,1.3562870029386465,-2.443714205703065,-189.44000000000014
354.4312691942474,32.33069904050211,18.0,1.356130545200837,-2.4445283727274565,-189.44000000000014
354.4319575910517,32.32029910919516,18.000000000000004,1.3559741575449347,-2.445342137277458,-189.44000000000014
354.43264562459575,32.30989916588032,18.0,1.3558178399825638,-2.446155499362156,-189.44000000000017
354.43333329505316,32.29949921056338,18.0,1.3556615925253317,-2.4469684589906304,-189.44000000000014
354.43402060259723,32.289099243250334,18.0,1.3555054151848203,-2.4477810161719447,-189.4400000000002
354.4347075474013,32.2786992639471,18.0,1.3553493079725962,-2.4485931709151663,-189.44000000000014
354.4353941296385,32.26829927265958,18.0,1.3551932709002041,-2.4494049232293484,-189.4400000000001
354.4360803494818,32.2578992693937,18.000000000000004,1.3550373039791674,-2.450216273123538,-189.4400000000001
354.43676620710403,32.24749925415541,17.999999999999996,1.3548814072209916,-2.4510272206067754,-189.44000000000014
354.43745170267795,32.237099226950484,18.0,1.3547255806371594,-2.4518377656880923,-189.44000000000014
354.4381368363761,32.22669918778487,18.0,1.3545698242391366,-2.4526479083765143,-189.44000000000014
354.43882160837086,32.21629913666444,18.0,1.3544141380383654,-2.4534576486810566,-189.44000000000017
354.43950601883466,32.20589907359507,18.0,1.3542585220462708,-2.454266986610732,-189.44000000000017
354.4401900679395,32.195498998582636,18.0,1.3541029762742565,-2.45507592217454,-189.44000000000017
354.4408737558575,32.18509891163305,18.0,1.3539475007337065,-2.4558844553814767,-189.44000000000014
354.4415570827605,32.17469881275206,18.0,1.3537920954359839,-2.45669258624053,-189.44000000000014
354.44224004882017,32.164298701945576,17.999999999999996,1.3536367603924337,-2.457500314760678,-189.44000000000005
354.4429226542082,32.15389857921942,17.999999999999996,1.353481495614379,-2.4583076409508937,-189.4400000000002
354.443604899096,32.14349844457944,18.0,1.3533263011131242,-2.459114564820142,-189.44000000000014
354.44428678365483,32.13309829803148,18.0,1.3531711768999528,-2.45992108637738,-189.44000000000014
354.44496830805593,32.12269813958139,17.999999999999996,1.3530161229861297,-2.460727205631558,-189.4400000000002
354.4456494724704,32.11229796923491,18.0,1.3528611393828986,-2.4615329225916183,-189.4400000000002
354.4463302770691,32.10189778699787,18.0,1.3527062261014846,-2.4623382372664975,-189.44000000000005
354.4470107220227,32.09149759287611,18.000000000000004,1.352551383153091,-2.4631431496651195,-189.4400000000002
354.44769080750194,32.0810973868754,18.0,1.3523966105489045,-2.463947659796409,-189.44000000000005
354.44837053367723,32.070697169001555,18.0,1.3522419083000878,-2.4647517676692763,-189.4400000000001
354.449049900719,32.06029693926035,18.0,1.3520872764177878,-2.465555473292628,-189.4400000000001
354.4497289087974,32.04989669765762,18.0,1.351932714913129,-2.4663587766753596,-189.44000000000014
354.45040755808253,32.03949644419904,18.0,1.3517782237972171,-2.467161677826365,-189.44000000000014
354.4510858487443,32.02909617889042,18.0,1.3516238030811383,-2.467964176754525,-189.44000000000017
354.45176378095255,32.01869590173752,17.999999999999996,1.3514694527759594,-2.4687662734687184,-189.44000000000014
354.4524413548769,32.00829561274611,18.0,1.3513151728927255,-2.46956796797781,-189.44000000000017
354.4531185706869,31.99789531192192,18.0,1.3511609634424644,-2.470369260290663,-189.44000000000017
354.453795428552,31.98749499927077,17.999999999999996,1.3510068244361833,-2.471170150416132,-189.44000000000017
354.45447192864134,31.977094674798256,18.000000000000004,1.3508527558848693,-2.4719706383630604,-189.4400000000001
354.4551480711241,31.9666943385102,18.0,1.3506987577994904,-2.47277072414029,-189.44000000000017
354.4558238561692,31.9562939904123,18.0,1.3505448301909957,-2.4735704077566525,-189.44000000000005
354.4564992839455,31.94589363051029,17.999999999999996,1.350390973070313,-2.47436968922097,-189.4400000000002
354.4571743546218,31.935493258809863,18.0,1.3502371864483524,-2.475168568542061,-189.44000000000014
354.4578490683666,31.925092875316803,18.0,1.3500834703360034,-2.475967045728736,-189.44000000000017
354.45852342534835,31.914692480036674,18.0,1.3499298247441354,-2.4767651207897963,-189.4400000000001
354.4591974257352,31.904292072975256,18.0,1.3497762496836005,-2.4775627937340374,-189.44000000000014
354.45987106969557,31.893891654138212,18.0,1.349622745165229,-2.4783600645702473,-189.44000000000005
354.4605443573973,31.88349122353123,17.999999999999996,1.3494693111998326,-2.479156933307206,-189.44000000000003
354.4612172890083,31.873090781159988,18.0,1.3493159477982035,-2.479953399953686,-189.44000000000017
354.4618898646964,31.862690327030208,18.0,1.349162654971116,-2.480749464518455,-189.44000000000014
354.46256208462916,31.85228986114744,18.0,1.349009432729322,-2.4815451270102717,-189.44000000000014
354.46323394897405,31.8418893835174,17.999999999999996,1.3488562810835565,-2.4823403874378864,-189.44000000000017
354.4639054578984,31.831488894145743,18.0,1.3487032000445336,-2.4831352458100433,-189.4400000000002
354.4645766115696,31.821088393038103,18.0,1.3485501896229497,-2.483929702135479,-189.44000000000005
354.46524741015446,31.810687880200117,18.000000000000004,1.348397249829479,-2.484723756422923,-189.44000000000014
354.4659178538201,31.80028735563744,18.0,1.3482443806747813,-2.4855174086811007,-189.44000000000017
354.46658794273327,31.789886819355733,18.000000000000004,1.3480915821694912,-2.4863106589187223,-189.44000000000023
354.4672576770607,31.779486271360504,18.0,1.3479388543242292,-2.487103507144501,-189.44000000000017
354.4679270569688,31.769085711657436,17.999999999999996,1.3477861971495928,-2.4878959533671328,-189.44000000000014
354.46859608262406,31.75868514025213,18.0,1.3476336106561622,-2.4886879975953136,-189.44000000000014
354.4692647541928,31.748284557150193,17.999999999999996,1.347481094854498,-2.4894796398377297,-189.44000000000014
354.46993307184107,31.73788396235721,18.0,1.3473286497551413,-2.490270880103058,-189.44000000000014
354.4706010357349,31.727483355878835,18.0,1.3471762753686152,-2.491061718399974,-189.44000000000005
354.4712686460401,31.71708273772055,17.999999999999996,1.3470239717054218,-2.4918521547371384,-189.44000000000017
354.4719359029225,31.706682107887968,18.0,1.3468717387760452,-2.4926421891232127,-189.44000000000014
354.4726028065476,31.696281466386676,18.0,1.34671957659095,-2.4934318215668436,-189.44000000000005
354.473269357081,31.685880813222244,18.0,1.3465674851605818,-2.494221052076675,-189.4400000000002
354.4739355546879,31.675480148400208,18.0,1.346415464495369,-2.495009880661347,-189.4400000000001
354.4746013995336,31.66507947192621,18.0,1.3462635146057171,-2.4957983073294816,-189.44000000000014
354.47526689178306,31.654678783805657,18.000000000000004,1.3461116355020144,-2.4965863320897053,-189.44000000000017
354.47593203160125,31.64427808404416,18.0,1.3459598271946323,-2.49737395495063,-189.4400000000001
354.47659681915303,31.633877372647262,18.0,1.34580808969392,-2.4981611759208664,-189.44000000000014
354.47726125460304,31.623476649620486,18.0,1.3456564230102088,-2.498947995009011,-189.44000000000005
354.4779253381157,31.613075914969354,18.0,1.3455048271538117,-2.499734412223659,-189.44000000000014
354.47858906985556,31.602675168699438,18.0,1.3453533021350226,-2.500520427573395,-189.44000000000014
354.4792524499868,31.592274410816152,17.999999999999996,1.3452018479641155,-2.501306041066799,-189.44000000000014
354.4799154786736,31.58187364132505,17.999999999999996,1.3450504646513464,-2.502091252712442,-189.44000000000014
354.4805781560799,31.571472860231623,18.0,1.344899152206952,-2.5028760625188897,-189.44000000000014
354.4812404823697,31.561072067541375,18.000000000000004,1.3447479106411506,-2.5036604704946974,-189.4400000000001
354.48190245770655,31.5506712632598,18.0,1.3445967399641412,-2.5044444766484184,-189.4400000000002
354.4825640822542,31.54027044739237,17.999999999999996,1.3444456401861047,-2.5052280809885947,-189.44000000000017
354.4832253561761,31.529869619944623,18.0,1.3442946113172007,-2.5060112835237622,-189.44000000000014
354.48388627963556,31.51946878092191,18.0,1.3441436533675741,-2.5067940842624505,-189.4400000000002
354.4845468527958,31.509067930329763,18.0,1.3439927663473472,-2.507576483213182,-189.4400000000001
354.48520707581986,31.498667068173628,18.0,1.3438419502666255,-2.508358480384472,-189.44000000000017
354.4858669488708,31.488266194458976,18.0,1.3436912051354966,-2.5091400757848277,-189.4400000000002
354.4865264721113,31.477865309191237,18.0,1.3435405309640263,-2.5099212694227497,-189.44000000000014
