galstreams/tracks/track.st.NGC2808.ibata2024.ecsv
# %ECSV 1.0
# ---
# datatype:
# - {name: ra, unit: deg, datatype: float64}
# - {name: dec, unit: deg, datatype: float64}
# - {name: distance, unit: kpc, datatype: float64}
# - {name: pm_ra_cosdec, unit: mas / yr, datatype: float64}
# - {name: pm_dec, unit: mas / yr, datatype: float64}
# - {name: radial_velocity, unit: km / s, datatype: float64}
# delimiter: ','
# meta: !!omap
# - __serialized_columns__:
#     dec:
#       __class__: astropy.coordinates.angles.Latitude
#       unit: &id001 !astropy.units.Unit {unit: deg}
#       value: !astropy.table.SerializedColumn {name: dec}
#     distance:
#       __class__: astropy.coordinates.distances.Distance
#       unit: !astropy.units.Unit {unit: kpc}
#       value: !astropy.table.SerializedColumn {name: distance}
#     pm_dec:
#       __class__: astropy.units.quantity.Quantity
#       unit: !astropy.units.Unit {unit: mas / yr}
#       value: !astropy.table.SerializedColumn {name: pm_dec}
#     pm_ra_cosdec:
#       __class__: astropy.units.quantity.Quantity
#       unit: !astropy.units.Unit {unit: mas / yr}
#       value: !astropy.table.SerializedColumn {name: pm_ra_cosdec}
#     ra:
#       __class__: astropy.coordinates.angles.Longitude
#       unit: *id001
#       value: !astropy.table.SerializedColumn {name: ra}
#       wrap_angle: !astropy.coordinates.Angle
#         unit: *id001
#         value: 360.0
#     radial_velocity:
#       __class__: astropy.units.quantity.Quantity
#       unit: !astropy.units.Unit {unit: km / s}
#       value: !astropy.table.SerializedColumn {name: radial_velocity}
# schema: astropy-2.0
ra,dec,distance,pm_ra_cosdec,pm_dec,radial_velocity
128.54566423378256,-61.104597934048215,1.000000000000001,1.54200194374791,-0.463324381100513,103.16727140820674
128.55772788119427,-61.11342278105629,1.0000000000000013,1.5395949156718807,-0.46068735792747617,103.1905613573541
128.56981548656933,-61.12223627333673,1.000000000000001,1.5371941089765384,-0.4580561102525511,103.2137166146343
128.5819270257403,-61.131038424337135,1.000000000000001,1.5347995168072144,-0.4554306326286035,103.23673730644856
128.59406247448842,-61.13982924750556,1.000000000000001,1.532411132320255,-0.45281091959773434,103.25962355919819
128.60622180854415,-61.14860875629088,1.0000000000000009,1.530028948683026,-0.45019696569128165,103.28237549928433
128.6184050035868,-61.157376964142514,1.0000000000000009,1.5276529590738512,-0.44758876542988624,103.30499325310826
128.6306120352452,-61.166133884510806,1.000000000000001,1.5252831566820095,-0.4449863133234615,103.32747694707118
128.64284287909715,-61.174879530846795,1.000000000000001,1.5229195347077056,-0.4423896038712609,103.34982670757435
128.65509751067034,-61.18361391660246,1.000000000000001,1.5205620863620197,-0.4397986315618905,103.37204266101898
128.66737590544156,-61.192337055230624,1.000000000000001,1.5182108048669063,-0.43721339087331934,103.39412493380628
128.6796780388376,-61.201048960185226,1.000000000000001,1.5158656834551643,-0.43463387627291183,103.41607365233757
128.69200388623483,-61.20974964492107,1.000000000000001,1.5135267153703902,-0.4320600822174754,103.43788894301397
128.70435342295943,-61.21843912289407,1.0000000000000009,1.5111938938669667,-0.4294920031532463,103.45957093223677
128.71672662428782,-61.22711740756137,1.000000000000001,1.5088672122100295,-0.4269296335159414,103.48111974640719
128.72912346544615,-61.235784512381166,1.000000000000001,1.5065466636754508,-0.4243729677307684,103.50253551192647
128.7415439216112,-61.24444045081299,1.000000000000001,1.5042322415497846,-0.4218220002124671,103.52381835519577
128.75398796790967,-61.25308523631752,1.000000000000001,1.5019239391302586,-0.4192767253653287,103.54496840261645
128.766455579419,-61.26171888235695,1.000000000000001,1.4996217497247564,-0.416737137583187,103.56598578058966
128.77894673116683,-61.27034140239468,1.0000000000000009,1.4973256666517596,-0.4142032312495161,103.58687061551662
128.79146139813184,-61.27895280989568,1.000000000000001,1.4950356832403457,-0.41167500073737884,103.60762303379862
128.80399955524322,-61.287553118326336,1.0000000000000009,1.492751792830136,-0.40915244040950505,103.62824316183683
128.81656117738092,-61.29614234115457,1.000000000000001,1.4904739887712903,-0.40663554461828966,103.64873112603249
128.8291462393763,-61.30472049184997,1.000000000000001,1.4882022644244648,-0.4041243077058212,103.66908705278689
128.84175471601134,-61.31328758388367,1.000000000000001,1.4859366131607885,-0.4016187240039262,103.68931106850118
128.85438658201963,-61.3218436307286,1.000000000000001,1.483677028361833,-0.3991187878341709,103.70940329957665
128.8670418120858,-61.33038864585932,1.000000000000001,1.481423503419573,-0.39662449350789863,103.7293638724145
128.87972038084615,-61.3389226427523,1.000000000000001,1.4791760317363805,-0.39413583532625474,103.74919291341594
128.8924222628883,-61.34744563488576,1.000000000000001,1.4769346067249716,-0.39165280758021126,103.76889054898224
128.90514743275187,-61.355957635739934,1.000000000000001,1.4746992218083959,-0.38917540455058486,103.78845690551465
128.91789586492786,-61.36445865879687,1.000000000000001,1.4724698704199923,-0.3867036205080847,103.80789210941435
128.93066753385966,-61.37294871754077,1.000000000000001,1.4702465460033736,-0.384237449713309,103.82719628708257
128.94346241394229,-61.381427825457784,1.000000000000001,1.4680292420123786,-0.3817768864167892,103.84636956492058
128.95628047952295,-61.38989599603613,1.000000000000001,1.465817951911074,-0.3793219248590294,103.86541206932962
128.96912170490143,-61.39835324276637,1.0000000000000009,1.4636126691736875,-0.37687255927047225,103.88432392671079
128.98198606432948,-61.40679957914103,1.0000000000000009,1.461413387284594,-0.3744287838716325,103.90310526346552
128.9948735320117,-61.415235018655146,1.000000000000001,1.4592200997383058,-0.37199059287298475,103.92175620599492
129.007784082105,-61.42365957480582,1.000000000000001,1.457032800039399,-0.3695579804751379,103.94027688070022
129.02071768871932,-61.432073261092754,1.000000000000001,1.4548514817025318,-0.3671309408687158,103.95866741398272
129.03367432591716,-61.44047609101783,1.000000000000001,1.4526761382523832,-0.364709468234512,103.97692793224358
129.0466539677143,-61.44886807808559,1.000000000000001,1.450506763223621,-0.36229355674343644,103.9950585618841
129.0596565880794,-61.457249235803,1.0000000000000009,1.448343350160898,-0.3598832005565491,104.01305942930536
129.0726821609343,-61.465619577679526,1.000000000000001,1.4461858926187832,-0.35747839382513646,104.03093066090878
129.0857306601545,-61.47397911722744,1.000000000000001,1.4440343841617773,-0.3550791306906689,104.04867238309548
129.0988020595685,-61.48232786796149,1.000000000000001,1.441888818364248,-0.35268540528487513,104.06628472226674
129.11189633295882,-61.49066584339925,1.000000000000001,1.43974918881041,-0.35029721172977446,104.08376780482375
129.12501345406127,-61.49899305706103,1.000000000000001,1.4376154890942932,-0.3479145441376552,104.10112175716776
129.13815339656597,-61.507309522469995,1.000000000000001,1.4354877128197163,-0.34553739661114236,104.1183467057
129.15131613411648,-61.51561525315209,1.0000000000000009,1.4333658536002494,-0.34316576324322234,104.13544277682169
129.16450164031087,-61.52391026263633,1.0000000000000009,1.4312499050591896,-0.3407996381172502,104.15241009693412
129.177709888701,-61.53219456445456,1.0000000000000009,1.4291398608295314,-0.3384390153069834,104.16924879243841
129.19094085279355,-61.54046817214174,1.0000000000000009,1.427035714553913,-0.33608388887661533,104.18595898973585
129.20419450604916,-61.54873109923587,1.0000000000000007,1.4249374598846263,-0.3337342528808094,104.20254081522768
129.21747082188327,-61.55698335927804,1.0000000000000009,1.4228450904835466,-0.33139010136471114,104.2189943953152
129.23076977366605,-61.565224965812625,1.0000000000000009,1.4207586000221397,-0.32905142836396983,104.2353198563995
129.24409133472236,-61.573455932387056,1.0000000000000007,1.4186779821813778,-0.32671822790479155,104.25151732488186
129.25743547833224,-61.581676272552265,1.0000000000000009,1.4166032306517629,-0.32439049400393394,104.26758692716358
129.27080217773042,-61.58988599986226,1.0000000000000009,1.4145343391332652,-0.3220682206687755,104.28352878964577
129.2841914061073,-61.59808512787467,1.0000000000000009,1.4124713013352972,-0.31975140189728357,104.29934303872975
129.29760313660825,-61.60627367015033,1.0000000000000009,1.410414110976677,-0.3174400316781192,104.31502980081673
129.3110373423343,-61.61445164025375,1.0000000000000009,1.408362761785618,-0.3151341039905837,104.33058920230796
129.3244939963419,-61.6226190517528,1.0000000000000009,1.406317247499663,-0.31283361280470956,104.34602136960464
129.3379730716434,-61.63077591821909,1.0000000000000009,1.4042775618656869,-0.31053855208123693,104.36132642910802
129.3514745412069,-61.63892225322773,1.0000000000000009,1.402243698639844,-0.308248915771701,104.37650450721931
129.36499837795634,-61.64705807035751,1.0000000000000009,1.4002156515875335,-0.3059646978184052,104.39155573033969
129.3785445547721,-61.65518338319109,1.0000000000000009,1.3981934144833854,-0.30368589215447095,104.40648022487053
129.3921130444904,-61.66329820531471,1.0000000000000009,1.3961769811112186,-0.30141249270386794,104.42127811721299
129.40570381990418,-61.67140255031863,1.0000000000000009,1.3941663452639972,-0.29914449338144067,104.43594953376824
129.41931685376252,-61.679496431796856,1.0000000000000009,1.3921615007438248,-0.29688188809291916,104.45049460093756
129.43295211877154,-61.68757986334742,1.0000000000000009,1.3901624413618787,-0.29462467073498466,104.46491344512219
129.44660958759366,-61.6956528585722,1.000000000000001,1.3881691609384204,-0.29237283519527857,104.47920619272338
129.46028923284862,-61.70371543107728,1.0000000000000007,1.386181653302713,-0.2901263753523846,104.49337297014233
129.47399102711287,-61.711767594472676,1.0000000000000009,1.3841999122930337,-0.2878852850759426,104.50741390378026
129.48771494292004,-61.71980936237258,1.0000000000000009,1.3822239317566076,-0.28564955822661275,104.5213291200384
129.5014609527613,-61.727840748395394,1.0000000000000009,1.3802537055496034,-0.28341918865614524,104.53511874531804
129.51522902908485,-61.735861766163715,1.0000000000000009,1.3782892275370786,-0.28119417020734794,104.54878290602032
129.52901914429688,-61.74387242930443,1.0000000000000009,1.3763304915929533,-0.27897449671420205,104.56232172854656
129.54283127076084,-61.75187275144872,1.0000000000000009,1.3743774915999794,-0.2767601620018123,104.57573533929795
129.5566653807984,-61.75986274623224,1.0000000000000009,1.3724302214497177,-0.27455115988647094,104.5890238646757
129.57052144668876,-61.767842427294916,1.0000000000000009,1.3704886750424814,-0.27234748417569676,104.60218743108103
129.58439944066964,-61.77581180828131,1.0000000000000009,1.3685528462873284,-0.27014912866822627,104.61522616491526
129.5982993349366,-61.783770902840374,1.0000000000000009,1.3666227291020085,-0.2679560871540776,104.62814019257951
129.6122211016439,-61.79171972462575,1.0000000000000009,1.3646983174129401,-0.26576835341457183,104.64092964047508
129.6261647129041,-61.79965828729562,1.0000000000000009,1.3627796051551773,-0.2635859212223419,104.65359463500322
129.64013014078827,-61.80758660451284,1.0000000000000009,1.360866586272376,-0.2614087843413788,104.66613530256502
129.6541173573267,-61.81550468994507,1.0000000000000009,1.3589592547167468,-0.25923693652706703,104.67855176956193
129.66812633450797,-61.82341255726462,1.0000000000000009,1.357057604449059,-0.2570703715261988,104.690844162395
129.68215704428033,-61.83131022014876,1.0000000000000009,1.3551616294385553,-0.2549090830769938,104.70301260746552
129.6962094585507,-61.83919769227947,1.0000000000000009,1.3532713236629625,-0.25275306490916627,104.71505723117474
129.7102835491857,-61.84707498734379,1.0000000000000009,1.3513866811084396,-0.2506023107439148,104.72697815992393
129.7243792880111,-61.85494211903363,1.0000000000000009,1.3495076957695398,-0.24845681429395583,104.73877552011419
129.7384966468126,-61.86279910104597,1.0000000000000007,1.34763436164919,-0.24631656926360002,104.75044943814684
129.7526355973353,-61.87064594708285,1.0000000000000007,1.345766672758641,-0.24418156934870083,104.7620000404231
129.76679611128435,-61.87848267085134,1.0000000000000009,1.3439046231174512,-0.24205180823675576,104.77342745334421
129.780978160325,-61.88630928606383,1.0000000000000009,1.342048206753442,-0.2399272796068992,104.7847318033114
129.79518171608234,-61.89412580643772,1.0000000000000007,1.3401974177026696,-0.23780797712994328,104.79591321672585
129.80940675014222,-61.901932245695875,1.0000000000000009,1.338352250009379,-0.23569389446839395,104.80697181998887
129.82365323405048,-61.90972861756629,1.0000000000000007,1.3365126977259907,-0.23358502527650238,104.81790773950165
129.83792113931395,-61.91751493578245,1.0000000000000009,1.3346787549130408,-0.23148136320027568,104.82872110166541
129.85221043739975,-61.92529121408312,1.0000000000000009,1.3328504156391805,-0.22938290187751598,104.83941203288137
129.86652109973627,-61.933057466212645,1.0000000000000009,1.331027673981115,-0.2272896349378435,104.8499806595508
129.88085309771253,-61.940813705920725,1.0000000000000009,1.3292105240235657,-0.2252015560027374,104.8604271080749
129.89520640267912,-61.94855994696277,1.0000000000000007,1.3273989598592681,-0.2231186586855447,104.87075150485494
129.9095809859476,-61.95629620309966,1.0000000000000009,1.3255929755888962,-0.22104093659153357,104.88095397629213
129.92397681879092,-61.964022488097925,1.0000000000000009,1.3237925653210718,-0.21896838331791457,104.89103464878765
129.93839387244392,-61.97173881572988,1.000000000000001,1.3219977231722924,-0.2169009924538603,104.90099364874284
129.95283211810283,-61.97944519977346,1.0000000000000009,1.32020844326692,-0.21483875758053905,104.91083110255882
129.9672915269261,-61.987141654012504,1.0000000000000009,1.3184247197371342,-0.2127816722711664,104.92054713663686
129.98177207003377,-61.99482819223655,1.0000000000000007,1.316646546722903,-0.21072973009100693,104.93014187737822
129.9962737185085,-62.0025048282412,1.0000000000000009,1.314873918371947,-0.20868292459740623,104.93961545118411
130.01079644339472,-62.010171575827755,1.000000000000001,1.313106828839719,-0.20664124933985306,104.94896798445573
130.0253402156999,-62.01782844880374,1.0000000000000009,1.3113452722893433,-0.20460469785995095,104.95819960359437
130.03990500639355,-62.02547546098249,1.0000000000000007,1.3095892428915885,-0.20257326369152118,104.96731043500124
130.05449078640837,-62.03311262618357,1.0000000000000009,1.3078387348248555,-0.20054694036056553,104.97630060507751
130.0690975266396,-62.04073995823257,1.0000000000000009,1.3060937422751238,-0.1985257213853462,104.98517024022445
130.08372519794565,-62.048357470961236,1.0000000000000009,1.3043542594358986,-0.1965096002763964,104.99391946684337
130.09837377114823,-62.05596517820764,1.0000000000000009,1.3026202805082256,-0.1944985705365081,105.00254841133544
130.1130432170321,-62.063563093815965,1.0000000000000009,1.3008917997006026,-0.19249262566086855,105.01105720010183
130.1277335063458,-62.07115123163685,1.0000000000000007,1.299168811228986,-0.1904917591369788,105.01944595954382
130.1424446098012,-62.07872960552715,1.0000000000000009,1.2974513093167301,-0.18849596444474948,105.02771481606264
130.15717649807425,-62.086298229350255,1.0000000000000009,1.2957392881945635,-0.18650523505650618,105.03586389605957
130.1719291418045,-62.093857116975855,1.0000000000000007,1.2940327421005478,-0.1845195644370392,105.04389332593576
130.18670251159588,-62.10140628228029,1.0000000000000009,1.2923316652800558,-0.18253894604361598,105.0518032320925
130.2014965780162,-62.10894573914629,1.0000000000000007,1.290636051985727,-0.18056337332600236,105.05959374093098
130.21631131159802,-62.116475501463334,1.0000000000000009,1.2889458964774212,-0.1785928397265355,105.06726497885248
130.2311466828381,-62.12399558312741,1.0000000000000009,1.2872611930222009,-0.1766273386801025,105.07481707225816
130.2460026621979,-62.13150599804119,1.0000000000000009,1.2855819358943013,-0.17466686361421502,105.08225014754929
130.260879220104,-62.13900676011418,1.0000000000000009,1.2839081193750665,-0.1727114079490022,105.08956433112712
130.2757763269475,-62.146497883262505,1.0000000000000007,1.282239737752942,-0.17076096509728167,105.09675974939285
130.29069395308503,-62.15397938140929,1.0000000000000009,1.2805767853234347,-0.16881552846455072,105.1038365287477
130.30563206883812,-62.161451268484335,1.0000000000000009,1.2789192563890657,-0.16687509144905555,105.11079479559294
130.32059064449422,-62.168913558424556,1.0000000000000009,1.2772671452593292,-0.1649396474417575,105.11763467632976
130.33556965030573,-62.1763662651736,1.0000000000000009,1.2756204462507021,-0.1630091898264734,105.12435629735943
130.35056905649137,-62.18380940268233,1.0000000000000009,1.2739791536865415,-0.16108371197978855,105.13095978508318
130.3655888332353,-62.19124298490853,1.0000000000000009,1.272343261897113,-0.1591632072711615,105.13744526590219
130.38062895068788,-62.198667025817066,1.0000000000000009,1.2707127652195043,-0.15724766906293652,105.14381286621774
130.39568937896576,-62.206081539380065,1.0000000000000009,1.2690876579976287,-0.15533709071037016,105.15006271243107
130.4107700881517,-62.21348653957671,1.0000000000000009,1.2674679345821644,-0.1534314655616562,105.15619493094334
130.42587104829528,-62.2208820403935,1.0000000000000007,1.265853589330531,-0.1515307869579754,105.16220964815585
