galstreams/tracks/track.st.C-19.martin2022.ecsv
# %ECSV 0.9
# ---
# datatype:
# - {name: ra, unit: deg, datatype: float64}
# - {name: dec, unit: deg, datatype: float64}
# - {name: distance, unit: kpc, datatype: float64}
# - {name: pm_ra_cosdec, unit: mas / yr, datatype: float64}
# - {name: pm_dec, unit: mas / yr, datatype: float64}
# - {name: radial_velocity, unit: km / s, datatype: float64}
# delimiter: ','
# meta: !!omap
# - __serialized_columns__:
#     dec:
#       __class__: astropy.coordinates.angles.Latitude
#       unit: &id001 !astropy.units.Unit {unit: deg}
#       value: !astropy.table.SerializedColumn {name: dec}
#     distance:
#       __class__: astropy.coordinates.distances.Distance
#       unit: !astropy.units.Unit {unit: kpc}
#       value: !astropy.table.SerializedColumn {name: distance}
#     pm_dec:
#       __class__: astropy.units.quantity.Quantity
#       unit: !astropy.units.Unit {unit: mas / yr}
#       value: !astropy.table.SerializedColumn {name: pm_dec}
#     pm_ra_cosdec:
#       __class__: astropy.units.quantity.Quantity
#       unit: !astropy.units.Unit {unit: mas / yr}
#       value: !astropy.table.SerializedColumn {name: pm_ra_cosdec}
#     ra:
#       __class__: astropy.coordinates.angles.Longitude
#       unit: *id001
#       value: !astropy.table.SerializedColumn {name: ra}
#       wrap_angle: !astropy.coordinates.Angle
#         unit: *id001
#         value: 360.0
#     radial_velocity:
#       __class__: astropy.units.quantity.Quantity
#       unit: !astropy.units.Unit {unit: km / s}
#       value: !astropy.table.SerializedColumn {name: radial_velocity}
# schema: astropy-2.0
ra,dec,distance,pm_ra_cosdec,pm_dec,radial_velocity
[from data line 303]
354.38858308200037,32.96507190353169,18.0,1.3658022652162858,-2.3941273079590952,-189.44000000000003
354.3892939715162,32.95467271618354,18.0,1.3656416246159044,-2.3949656403622797,-189.4400000000001
354.39000448691496,32.94427351645326,18.000000000000004,1.3654810533621093,-2.3958035697318856,-189.44
354.3907146283788,32.93387430434725,18.0,1.3653205514677762,-2.3966410960774645,-189.44000000000005
354.39142439609003,32.92347507987183,18.000000000000007,1.3651601189457612,-2.3974782194085584,-189.44000000000003
354.3921337902306,32.913075843033305,18.000000000000004,1.3649997558088975,-2.3983149397347048,-189.44000000000005
354.39284281098253,32.90267659383801,18.0,1.3648394620699982,-2.399151257065429,-189.44000000000005
354.39355145852755,32.89227733229229,18.000000000000004,1.3646792377418537,-2.3999871714102494,-189.44
354.39425973304725,32.881878058402336,18.000000000000004,1.3645190828372338,-2.4008226827786787,-189.44000000000003
354.39496763472306,32.871478772174505,18.0,1.3643589973688866,-2.4016577911802184,-189.44000000000005
354.39567516373637,32.86107947361506,18.000000000000004,1.3641989813495385,-2.4024924966243666,-189.44000000000005
354.39638232026823,32.850680162730285,18.000000000000004,1.3640390347918967,-2.4033267991206073,-189.43999999999997
354.3970891044998,32.84028083952648,18.0,1.3638791577086442,-2.404160698678424,-189.44000000000005
354.39779551661184,32.829881504009926,18.000000000000004,1.3637193501124438,-2.4049941953072844,-189.44000000000005
354.39850155678516,32.81948215618678,18.000000000000004,1.363559612015938,-2.405827289016654,-189.44000000000003
354.3992072252003,32.80908279606338,18.000000000000004,1.3633999434317479,-2.4066599798159896,-189.44000000000014
354.3999125220377,32.798683423645926,18.000000000000007,1.3632403443724712,-2.4074922677147375,-189.44000000000005
354.4006174474777,32.78828403894067,18.0,1.363080814850688,-2.4083241527223396,-189.44000000000005
354.40132200170035,32.77788464195386,18.000000000000007,1.3629213548789534,-2.4091556348482253,-189.44000000000005
354.4020261848857,32.76748523269177,18.000000000000004,1.362761964469804,-2.4099867141018207,-189.44000000000005
354.4027299972136,32.75708581116049,18.000000000000004,1.3626026436357548,-2.410817390492543,-189.44
354.4034334388637,32.746686377366295,18.0,1.3624433923892985,-2.411647664029799,-189.44000000000005
354.4041365100157,32.73628693131541,18.000000000000004,1.3622842107429085,-2.4124775347229903,-189.44000000000003
354.4048392108488,32.72588747301401,18.0,1.3621250987090352,-2.4133070025815093,-189.44000000000005
354.40554154154245,32.71548800246828,18.000000000000004,1.3619660563001093,-2.4141360676147423,-189.44000000000005
354.4062435022757,32.70508851968449,18.000000000000007,1.3618070835285414,-2.4149647298320644,-189.44000000000003
354.4069450932275,32.694689024668676,18.000000000000004,1.361648180406718,-2.4157929892428487,-189.44000000000005
354.40764631457677,32.684289517427075,18.000000000000004,1.3614893469470073,-2.4166208458564538,-189.44
354.4083471665021,32.673889997965865,18.000000000000004,1.3613305831617557,-2.417448299682233,-189.44000000000005
354.409047649182,32.663490466291194,18.000000000000004,1.361171889063288,-2.4182753507295347,-189.44000000000005
354.40974776279506,32.65309092240921,18.0,1.36101326466391,-2.419101999007697,-189.44000000000003
354.41044750751934,32.64269136632611,18.000000000000007,1.3608547099759032,-2.419928244526047,-189.44000000000003
354.41114688353304,32.632291798047945,18.000000000000004,1.3606962250115329,-2.4207540872939117,-189.44
354.4118458910141,32.62189221758087,18.000000000000004,1.3605378097830387,-2.4215795273206036,-189.44000000000005
354.41254453014034,32.61149262493104,18.0,1.3603794643026434,-2.422404564615429,-189.44000000000005
354.4132428010894,32.60109302010455,18.000000000000007,1.3602211885825448,-2.4232291991876895,-189.44000000000003
354.4139407040389,32.59069340310753,18.000000000000004,1.3600629826349253,-2.4240534310466773,-189.44000000000005
354.4146382391661,32.58029377394607,18.000000000000004,1.3599048464719414,-2.424877260201674,-189.44000000000003
354.4153354066484,32.56989413262634,18.000000000000004,1.3597467801057317,-2.425700686661956,-189.44000000000005
354.4160322066628,32.5594944791543,18.000000000000004,1.3595887835484128,-2.4265237104367925,-189.44
354.41672863938624,32.54909481353613,18.000000000000004,1.3594308568120814,-2.427346331535444,-189.4400000000001
354.4174247049956,32.53869513577786,18.000000000000007,1.3592729999088133,-2.428168549967164,-189.44000000000003
354.4181204036675,32.528295445885604,18.000000000000004,1.3591152128506634,-2.428990365741197,-189.44000000000005
354.4188157355785,32.51789574386541,18.000000000000004,1.3589574956496666,-2.429811778866782,-189.44000000000005
354.41951070090494,32.50749602972339,18.000000000000004,1.3587998483178354,-2.4306327893531465,-189.44000000000005
354.4202052998231,32.497096303465504,18.000000000000004,1.3586422708671637,-2.4314533972095145,-189.44000000000005
354.42089953250905,32.48669656509783,18.0,1.3584847633096235,-2.432273602445101,-189.44000000000005
354.4215933991388,32.47629681462643,18.000000000000004,1.358327325657167,-2.43309340506911,-189.4400000000001
354.4222868998882,32.46589705205732,18.000000000000004,1.3581699579217263,-2.4339128050907455,-189.44
354.4229800349327,32.45549727739655,18.0,1.3580126601152112,-2.4347318025191935,-189.44000000000005
354.4236728044481,32.44509749065018,18.0,1.357855432249512,-2.4355503973636417,-189.44000000000005
354.42436520860963,32.43469769182412,18.0,1.357698274336499,-2.4363685896332647,-189.44000000000005
354.4250572475926,32.42429788092443,18.000000000000004,1.3575411863880213,-2.4371863793372315,-189.44000000000005
354.42574892157194,32.413898057957105,18.000000000000007,1.3573841684159067,-2.4380037664847034,-189.4400000000001
354.4264402307229,32.40349822292815,18.000000000000004,1.3572272204319662,-2.4388207510848345,-189.44000000000003
354.4271311752201,32.39309837584356,18.0,1.3570703424479862,-2.439637333146769,-189.44
354.42782175523826,32.38269851670936,18.0,1.356913534475734,-2.4404535126796443,-189.44
354.4285119709519,32.37229864553143,18.000000000000004,1.3567567965269567,-2.4412692896925914,-189.4400000000001
354.42920182253545,32.36189876231576,18.000000000000004,1.3566001286133824,-2.4420846641947365,-189.44000000000003
354.4298913101632,32.35149886706836,18.000000000000004,1.356443530746717,-2.4428996361951913,-189.44000000000003
354.4305804340092,32.34109895979516,18.0,1.356287002938647,-2.4437142057030634,-189.44000000000003
354.4312691942474,32.33069904050211,18.000000000000004,1.3561305452008379,-2.4445283727274556,-189.44000000000003
354.4319575910517,32.32029910919517,18.000000000000004,1.355974157544935,-2.445342137277459,-189.4400000000001
354.43264562459575,32.309899165880324,18.0,1.3558178399825647,-2.4461554993621553,-189.44000000000005
354.43333329505316,32.299499210563376,18.000000000000007,1.3556615925253317,-2.4469684589906286,-189.44
354.43402060259723,32.289099243250334,18.000000000000004,1.3555054151848207,-2.4477810161719438,-189.44000000000005
354.4347075474013,32.2786992639471,18.000000000000004,1.355349307972597,-2.4485931709151654,-189.44000000000003
354.4353941296385,32.26829927265958,18.000000000000004,1.3551932709002044,-2.449404923229348,-189.44
354.43608034948176,32.257899269393704,18.000000000000004,1.3550373039791674,-2.4502162731235364,-189.4400000000001
354.43676620710403,32.24749925415541,18.0,1.3548814072209916,-2.4510272206067745,-189.44
354.43745170267795,32.237099226950484,18.0,1.3547255806371599,-2.451837765688092,-189.4400000000001
354.4381368363761,32.22669918778487,18.000000000000004,1.354569824239137,-2.452647908376514,-189.44000000000005
354.43882160837086,32.21629913666443,18.000000000000004,1.3544141380383659,-2.4534576486810575,-189.44000000000003
354.43950601883466,32.20589907359507,18.000000000000004,1.354258522046271,-2.4542669866107314,-189.44000000000005
354.4401900679395,32.195498998582636,18.000000000000004,1.3541029762742571,-2.4550759221745393,-189.44000000000005
354.4408737558575,32.18509891163305,18.000000000000004,1.3539475007337067,-2.4558844553814767,-189.44000000000003
354.4415570827605,32.17469881275206,18.000000000000004,1.3537920954359848,-2.4566925862405293,-189.44000000000003
354.44224004882017,32.164298701945576,18.0,1.353636760392434,-2.4575003147606767,-189.44
354.4429226542082,32.15389857921942,18.0,1.3534814956143797,-2.458307640950893,-189.4400000000001
354.443604899096,32.14349844457944,18.000000000000007,1.3533263011131242,-2.4591145648201405,-189.44000000000003
354.44428678365483,32.13309829803148,18.000000000000004,1.3531711768999528,-2.4599210863773786,-189.44000000000005
354.44496830805593,32.122698139581395,18.000000000000004,1.3530161229861297,-2.4607272056315566,-189.4400000000001
354.4456494724704,32.1122979692349,18.000000000000004,1.3528611393828989,-2.4615329225916174,-189.44000000000014
354.4463302770691,32.10189778699787,18.000000000000004,1.352706226101485,-2.4623382372664966,-189.44
354.4470107220227,32.0914975928761,18.000000000000007,1.352551383153091,-2.4631431496651195,-189.44000000000005
354.44769080750194,32.0810973868754,18.000000000000004,1.352396610548905,-2.4639476597964087,-189.43999999999997
354.44837053367723,32.070697169001555,18.000000000000004,1.3522419083000883,-2.4647517676692754,-189.44000000000005
354.449049900719,32.06029693926035,18.000000000000004,1.3520872764177883,-2.4655554732926275,-189.44000000000003
354.4497289087974,32.04989669765763,18.000000000000004,1.3519327149131293,-2.466358776675359,-189.4400000000001
354.45040755808253,32.03949644419904,18.000000000000004,1.3517782237972176,-2.4671616778263643,-189.44000000000005
354.4510858487443,32.02909617889041,18.000000000000004,1.351623803081139,-2.467964176754525,-189.4400000000001
354.45176378095255,32.01869590173752,18.0,1.3514694527759599,-2.468766273468718,-189.44000000000005
354.4524413548769,32.00829561274611,18.000000000000004,1.3513151728927262,-2.469567967977809,-189.44000000000003
354.4531185706869,31.99789531192192,18.000000000000004,1.351160963442465,-2.4703692602906626,-189.44000000000005
354.453795428552,31.98749499927077,18.000000000000004,1.3510068244361835,-2.4711701504161305,-189.4400000000001
354.45447192864134,31.977094674798263,18.000000000000007,1.3508527558848695,-2.4719706383630595,-189.44000000000005
354.4551480711241,31.9666943385102,18.0,1.3506987577994911,-2.4727707241402896,-189.4400000000001
354.4558238561692,31.9562939904123,18.000000000000007,1.3505448301909957,-2.4735704077566503,-189.44
354.45649928394556,31.94589363051029,18.0,1.350390973070314,-2.4743696892209694,-189.44
354.4571743546218,31.935493258809863,18.000000000000004,1.3502371864483527,-2.4751685685420606,-189.44000000000005
354.4578490683666,31.925092875316803,18.000000000000004,1.3500834703360038,-2.4759670457287357,-189.44000000000005
354.45852342534835,31.91469248003669,18.0,1.3499298247441363,-2.476765120789796,-189.44000000000005
354.4591974257352,31.904292072975256,18.000000000000004,1.349776249683601,-2.4775627937340357,-189.44
354.45987106969557,31.893891654138212,18.000000000000007,1.3496227451652292,-2.478360064570246,-189.44
354.4605443573973,31.883491223531237,18.000000000000004,1.349469311199833,-2.4791569333072054,-189.44
354.4612172890083,31.873090781159988,18.000000000000004,1.349315947798204,-2.4799533999536854,-189.4400000000001
354.4618898646964,31.8626903270302,18.000000000000007,1.3491626549711162,-2.4807494645184547,-189.44000000000005
354.46256208462916,31.85228986114744,18.000000000000007,1.3490094327293225,-2.481545127010271,-189.44000000000003
354.46323394897405,31.8418893835174,18.0,1.3488562810835565,-2.4823403874378864,-189.44000000000005
354.4639054578984,31.831488894145735,18.000000000000004,1.348703200044534,-2.4831352458100424,-189.44000000000005
354.4645766115696,31.821088393038096,18.000000000000004,1.3485501896229497,-2.4839297021354785,-189.44
354.46524741015446,31.810687880200117,18.000000000000004,1.34839724982948,-2.484723756422923,-189.44000000000005
354.4659178538201,31.80028735563744,18.0,1.3482443806747817,-2.4855174086811003,-189.44000000000005
354.46658794273327,31.789886819355726,18.000000000000007,1.3480915821694917,-2.4863106589187214,-189.4400000000001
354.4672576770607,31.779486271360508,18.0,1.3479388543242297,-2.4871035071444996,-189.44000000000005
354.4679270569688,31.76908571165743,18.0,1.3477861971495932,-2.4878959533671323,-189.44000000000003
354.46859608262406,31.75868514025213,18.0,1.3476336106561628,-2.488687997595313,-189.44000000000003
354.4692647541928,31.748284557150193,18.0,1.3474810948544989,-2.489479639837729,-189.44
354.46993307184107,31.73788396235721,18.000000000000004,1.347328649755142,-2.4902708801030577,-189.44000000000005
354.4706010357349,31.727483355878835,18.000000000000004,1.3471762753686156,-2.491061718399972,-189.44
354.4712686460401,31.717082737720542,18.0,1.3470239717054224,-2.4918521547371384,-189.44000000000003
354.4719359029225,31.706682107887975,18.000000000000004,1.3468717387760458,-2.4926421891232113,-189.44000000000003
354.4726028065476,31.696281466386676,18.000000000000004,1.3467195765909505,-2.493431821566843,-189.44000000000005
354.473269357081,31.685880813222244,18.0,1.3465674851605829,-2.494221052076675,-189.44000000000005
354.4739355546879,31.6754801484002,18.000000000000004,1.346415464495369,-2.4950098806613457,-189.44
354.4746013995336,31.6650794719262,18.000000000000004,1.3462635146057174,-2.4957983073294807,-189.44000000000005
354.47526689178306,31.65467878380565,18.000000000000007,1.3461116355020153,-2.4965863320897044,-189.44000000000003
354.47593203160125,31.64427808404416,18.0,1.345959827194633,-2.4973739549506306,-189.44000000000005
354.47659681915303,31.633877372647262,18.000000000000004,1.3458080896939206,-2.4981611759208655,-189.44000000000005
354.47726125460304,31.623476649620486,18.000000000000004,1.3456564230102095,-2.498947995009011,-189.44
354.4779253381157,31.613075914969357,18.0,1.3455048271538121,-2.499734412223659,-189.44000000000003
354.47858906985556,31.602675168699438,18.000000000000004,1.3453533021350228,-2.5005204275733943,-189.44000000000003
354.4792524499868,31.592274410816152,18.0,1.345201847964116,-2.501306041066799,-189.44000000000005
354.4799154786736,31.581873641325046,18.0,1.3450504646513468,-2.5020912527124426,-189.44000000000003
354.4805781560799,31.571472860231623,18.000000000000004,1.3448991522069527,-2.5028760625188884,-189.4400000000001
354.4812404823697,31.561072067541375,18.000000000000007,1.344747910641151,-2.5036604704946974,-189.44000000000005
354.48190245770655,31.5506712632598,18.000000000000004,1.3445967399641419,-2.5044444766484184,-189.44000000000005
354.4825640822542,31.54027044739237,18.0,1.344445640186105,-2.5052280809885947,-189.4400000000001
354.4832253561761,31.529869619944616,18.0,1.3442946113172014,-2.506011283523762,-189.44000000000005
354.48388627963556,31.51946878092191,18.000000000000007,1.3441436533675741,-2.5067940842624505,-189.4400000000001
354.4845468527958,31.509067930329756,18.000000000000004,1.3439927663473477,-2.5075764832131813,-189.44
354.48520707581986,31.498667068173635,18.0,1.3438419502666263,-2.508358480384472,-189.4400000000001
354.4858669488708,31.488266194458976,18.000000000000004,1.343691205135497,-2.509140075784827,-189.4400000000001
354.4865264721113,31.477865309191237,18.000000000000004,1.3435405309640267,-2.5099212694227497,-189.4400000000001
354.48718564570413,31.467464412375918,18.0,1.3433899277622656,-2.5107020613067337,-189.44
354.48784446981176,31.457063504018333,18.000000000000004,1.3432393955402424,-2.511482451445265,-189.44000000000005
354.4885029445967,31.446662584123967,18.000000000000007,1.3430889343079697,-2.5122624398468245,-189.44
354.4891610702212,31.436261652698263,18.000000000000004,1.3429385440754404,-2.5130420265198845,-189.44
