galstreams/tracks/track.st.Gaia-10.ibata2021.ecsv
# %ECSV 1.0
# ---
# datatype:
# - {name: ra, unit: deg, datatype: float64}
# - {name: dec, unit: deg, datatype: float64}
# - {name: distance, unit: kpc, datatype: float64}
# - {name: pm_ra_cosdec, unit: mas / yr, datatype: float64}
# - {name: pm_dec, unit: mas / yr, datatype: float64}
# - {name: radial_velocity, unit: km / s, datatype: float64}
# delimiter: ','
# meta: !!omap
# - __serialized_columns__:
#     dec:
#       __class__: astropy.coordinates.angles.Latitude
#       unit: &id001 !astropy.units.Unit {unit: deg}
#       value: !astropy.table.SerializedColumn {name: dec}
#     distance:
#       __class__: astropy.coordinates.distances.Distance
#       unit: !astropy.units.Unit {unit: kpc}
#       value: !astropy.table.SerializedColumn {name: distance}
#     pm_dec:
#       __class__: astropy.units.quantity.Quantity
#       unit: !astropy.units.Unit {unit: mas / yr}
#       value: !astropy.table.SerializedColumn {name: pm_dec}
#     pm_ra_cosdec:
#       __class__: astropy.units.quantity.Quantity
#       unit: !astropy.units.Unit {unit: mas / yr}
#       value: !astropy.table.SerializedColumn {name: pm_ra_cosdec}
#     ra:
#       __class__: astropy.coordinates.angles.Longitude
#       unit: *id001
#       value: !astropy.table.SerializedColumn {name: ra}
#       wrap_angle: !astropy.coordinates.Angle
#         unit: *id001
#         value: 360.0
#     radial_velocity:
#       __class__: astropy.units.quantity.Quantity
#       unit: !astropy.units.Unit {unit: km / s}
#       value: !astropy.table.SerializedColumn {name: radial_velocity}
# schema: astropy-2.0
ra,dec,distance,pm_ra_cosdec,pm_dec,radial_velocity
150.73000953660258,15.999758732729468,17.381981250642063,-3.2615819967736073,-2.3276956561843605,-2.5262301389617013e-14
150.74034768594393,15.998365760333572,17.37585518064234,-3.2636712145100053,-2.3299915020076463,-2.5262301389617013e-14
150.75068577559693,15.99697359462346,17.369734405587238,-3.2657568713230596,-2.332282866691997,2.5262301389617013e-14
150.7610238056597,15.995582234721633,17.363618922425616,-3.2678389713083913,-2.3345697550488334,-8.420767129872338e-15
150.77136177623032,15.994191679750644,17.357508728106282,-3.2699175185625653,-2.3368521718886774,-6.73661370389787e-14
150.7816996874065,15.992801928833023,17.351403819578085,-3.271992517183066,-2.339130122021155,-1.6841534259744676e-14
150.79203753928587,15.991412981091335,17.345304193789854,-3.2740639712683146,-2.3414036102549827,-3.368306851948935e-14
150.80237533196583,15.990024835648136,17.339209847690427,-3.2761318849176573,-2.3436726413979834,-5.894536990910637e-14
150.81271306554356,15.988637491626001,17.333120778228633,-3.278196262231374,-2.3459372202570763,2.5262301389617013e-14
150.82305074011617,15.987250948147521,17.32703698235332,-3.280257107310671,-2.348197351638279,4.210383564936169e-14
150.83338835578047,15.985865204335278,17.320958457013315,-3.282314424257686,-2.3504530403467103,0.0
150.84372591263306,15.984480259311892,17.31488519915745,-3.284368217175483,-2.3527042911865865,-8.420767129872338e-14
150.8540634107705,15.983096112199961,17.30881720573457,-3.28641849016806,-2.3549511089612247,3.368306851948935e-14
150.864400850289,15.981712762122124,17.302754473693494,-3.288465247340343,-2.3571934984730385,1.6841534259744676e-14
150.8747382312847,15.980330208201003,17.29669699998307,-3.290508492798179,-2.359431464523541,-4.210383564936169e-14
150.88507555385345,15.978948449559253,17.290644781552132,-3.292548230648354,-2.361665011913344,-8.420767129872338e-14
150.895412818091,15.977567485319522,17.28459781534951,-3.2945844649985747,-2.363894145442164,2.5262301389617013e-14
150.9057500240928,15.976187314604479,17.27855609832404,-3.2966171999574816,-2.366118869908805,0.0
150.9160871719543,15.974807936536795,17.27251962742456,-3.2986464396346387,-2.3683391901111785,-8.420767129872338e-15
150.92642426177053,15.973429350239156,17.266488399599908,-3.3006721881405383,-2.370555110846292,-2.5262301389617013e-14
150.93676129363647,15.97205155483427,17.26046241179891,-3.302694449586604,-2.3727666369102542,8.420767129872338e-15
150.94709826764694,15.970674549444833,17.2544416609704,-3.3047132280851828,-2.374973773098265,-8.420767129872338e-15
150.9574351838965,15.969298333193557,17.24842614406322,-3.306728527749554,-2.3771765242046308,-4.210383564936169e-14
150.9677720424795,15.967922905203174,17.24241585802621,-3.3087403526939143,-2.3793748950227522,0.0
150.9781088434902,15.966548264596423,17.23641079980819,-3.3107487070333987,-2.3815688903451306,-6.73661370389787e-14
150.98844558702254,15.965174410496045,17.23041096635801,-3.312753594884062,-2.3837585149633647,2.5262301389617013e-14
150.9987822731704,15.963801342024803,17.224416354624495,-3.3147550203628877,-2.38594377366815,0.0
151.00911890202738,15.962429058305469,17.21842696155648,-3.3167529875877864,-2.3881246712492845,5.0524602779234026e-14
151.01945547368692,15.961057558460823,17.212442784102812,-3.3187475006775906,-2.39030121249566,1.6841534259744676e-14
151.02979198824232,15.959686841613642,17.206463819212303,-3.3207385637520694,-2.3924734021952703,-1.6841534259744676e-14
151.04012844578665,15.958316906886733,17.200490063833815,-3.3227261809319013,-2.394641245135202,-7.578690416885104e-14
151.05046484641272,15.956947753402906,17.194521514916165,-3.3247103563387057,-2.3968047461016453,2.5262301389617013e-14
151.0608011902133,15.955579380284986,17.1885581694082,-3.32669109409502,-2.3989639098798867,-4.210383564936169e-14
151.07113747728087,15.954211786655794,17.182600024258736,-3.3286683983243113,-2.4011187412543107,-4.210383564936169e-14
151.08147370770772,15.952844971638182,17.176647076416625,-3.3306422731509655,-2.4032692450084,-5.0524602779234026e-14
151.09180988158596,15.951478934354999,17.170699322830703,-3.332612722700297,-2.4054154259247333,-8.420767129872338e-15
151.10214599900758,15.950113673929108,17.164756760449794,-3.3345797510985475,-2.407557288784991,7.578690416885104e-14
151.11248206006425,15.94874918948339,17.158819386222735,-3.3365433624728813,-2.4096948383699495,-5.0524602779234026e-14
151.12281806484762,15.947385480140708,17.15288719709837,-3.3385035609513856,-2.4118280794594806,2.5262301389617013e-14
151.13315401344906,15.946022545023984,17.14696019002552,-3.3404603506630735,-2.4139570168325575,0.0
151.1434899059597,15.944660383256107,17.141038361953036,-3.3424137357378823,-2.4160816552672473,-4.210383564936169e-14
151.15382574247056,15.943298993960004,17.13512170982974,-3.344363720306672,-2.4182019995407202,8.420767129872338e-15
151.16416152307244,15.941938376258591,17.129210230604475,-3.346310308501228,-2.4203180544292406,1.6841534259744676e-14
151.17449724785598,15.940578529274813,17.12330392122607,-3.348253504454259,-2.4224298247081704,3.368306851948935e-14
151.18483291691157,15.93921945213162,17.117402778643363,-3.350193312299397,-2.424537315151969,-3.368306851948935e-14
151.19516853032948,15.937861143951965,17.111506799805188,-3.352129736171196,-2.4266405305341943,1.6841534259744676e-14
151.2055040881997,15.936503603858837,17.105615981660385,-3.3540627802051337,-2.428739475627504,4.210383564936169e-14
151.21583959061223,15.935146830975198,17.099730321157782,-3.355992448537612,-2.4308341552036454,-9.262843842859572e-14
151.22617503765662,15.933790824424047,17.093849815246216,-3.357918745305955,-2.432924574033473,-1.6841534259744676e-14
151.23651042942242,15.93243558332838,17.08797446087452,-3.3598416746484085,-2.435010736886932,-8.420767129872338e-15
151.24684576599893,15.93108110681123,17.08210425499154,-3.3617612407041406,-2.4370926485330657,8.420767129872338e-15
151.25718104747526,15.929727393995607,17.076239194546098,-3.363677447613243,-2.439170313740017,-4.210383564936169e-14
151.2675162739403,15.928374444004547,17.070379276487035,-3.365590299516726,-2.441243737275027,8.420767129872338e-15
151.27785144548278,15.927022255961106,17.064524497763184,-3.3674998005565286,-2.443312923904429,2.5262301389617013e-14
151.28818656219127,15.92567082898834,17.05867485532338,-3.369405954875504,-2.445377878393658,8.420767129872338e-15
151.29852162415418,15.924320162209314,17.052830346116455,-3.3713087666174313,-2.4474386055072435,-2.5262301389617013e-14
151.30885663145963,15.922970254747108,17.046990967091254,-3.37320823992701,-2.4494951100088107,-8.420767129872338e-14
151.31919158419558,15.921621105724821,17.0411567151966,-3.37510437894986,-2.451547396661089,-5.894536990910637e-14
151.32952648244986,15.92027271426555,17.03532758738134,-3.3769971878325205,-2.4535954702258964,-4.210383564936169e-14
151.33986132631009,15.918925079492405,17.0295035805943,-3.378886670722458,-2.455639335464152,1.6841534259744676e-14
151.35019611586364,15.917578200528522,17.023684691784318,-3.3807728317680525,-2.457678997135871,3.368306851948935e-14
151.3605308511978,15.91623207649703,17.01787091790023,-3.3826556751186074,-2.4597144600001655,-6.73661370389787e-14
151.37086553239956,15.914886706521076,17.012062255890864,-3.3845352049243465,-2.461745728815245,-5.0524602779234026e-14
151.38120015955573,15.913542089723821,17.006258702705065,-3.3864114253364144,-2.463772808338414,1.6841534259744676e-14
151.39153473275312,15.912198225228433,17.000460255291664,-3.3882843405068725,-2.4657957033260747,1.6841534259744676e-14
151.40186925207811,15.91085511215809,16.99466691059949,-3.3901539545887065,-2.467814418533726,-1.6841534259744676e-14
151.41220371761702,15.909512749635999,16.98887866557739,-3.3920202717358157,-2.469828958715965,-7.578690416885104e-14
151.42253812945594,15.908171136785336,16.98309551717419,-3.3938832961030263,-2.471839328626481,2.5262301389617013e-14
151.43287248768078,15.906830272729342,16.97731746233872,-3.395743031846079,-2.4738455330180655,-1.6841534259744676e-14
151.44320679237728,15.905490156591242,16.97154449801983,-3.397599483121631,-2.475847576642602,-5.0524602779234026e-14
151.45354104363096,15.904150787494249,16.96577662116635,-3.3994526540872654,-2.4778454642510725,-5.0524602779234026e-14
151.46387524152715,15.902812164561638,16.960013828727106,-3.401302548901478,-2.4798392005935566,-3.368306851948935e-14
151.47420938615107,15.901474286916665,16.95425611765095,-3.403149171723686,-2.4818287904192253,1.6841534259744676e-14
151.4845434775877,15.900137153682591,16.948503484886693,-3.4049925267142256,-2.4838142384763513,1.6841534259744676e-14
151.49487751592176,15.898800763982708,16.942755927383192,-3.406832618034347,-2.4857955495123014,-4.210383564936169e-14
151.5052115012379,15.897465116940305,16.937013442089274,-3.408669449846224,-2.4877727282735393,5.0524602779234026e-14
151.51554543362053,15.896130211678699,16.931276025953768,-3.4105030263129446,-2.4897457795056237,-3.368306851948935e-14
151.52587931315384,15.894796047321197,16.92554367592552,-3.4123333515985155,-2.4917147079532103,4.210383564936169e-14
151.5362131399219,15.893462622991136,16.919816388953354,-3.4141604298678603,-2.493679518360052,1.6841534259744676e-14
151.54654691400853,15.892129937811855,16.91409416198611,-3.4159842652868213,-2.4956402154689954,-5.894536990910637e-14
151.55688063549735,15.890797990906709,16.908376991972627,-3.417804862022154,-2.4975968040219856,-2.5262301389617013e-14
151.56721430447195,15.889466781399056,16.902664875861735,-3.419622224241537,-2.49954928876006,2.5262301389617013e-14
151.57754792101557,15.888136308412275,16.89695781060227,-3.4214363561135617,-2.501497674423357,-5.894536990910637e-14
151.58788148521126,15.886806571069759,16.891255793143063,-3.423247261807735,-2.5034419657511067,-2.5262301389617013e-14
151.59821499714195,15.885477568494892,16.885558820432955,-3.4250549454944847,-2.505382167481637,4.210383564936169e-14
151.6085484568904,15.884149299811105,16.879866889420782,-3.4268594113451494,-2.5073182843523716,2.5262301389617013e-14
151.6188818645391,15.88282176414181,16.874179997055375,-3.4286606635319883,-2.50925032109983,-8.420767129872338e-15
151.6292152201704,15.88149496061045,16.868498140285574,-3.430458706228173,-2.511178282459627,4.210383564936169e-14
151.6395485238665,15.880168888340457,16.86282131606021,-3.4322535436077946,-2.5131021731664713,-5.0524602779234026e-14
151.64988177570925,15.878843546455299,16.857149521328115,-3.4340451798458553,-2.5150219979541752,1.6841534259744676e-14
151.66021497578058,15.877518934078443,16.851482753038127,-3.4358336191182763,-2.5169377615556336,4.210383564936169e-14
151.67054812416205,15.876195050333372,16.845821008139076,-3.4376188656018947,-2.518849468702849,3.368306851948935e-14
151.68088122093505,15.874871894343581,16.840164283579806,-3.439400923474456,-2.520757124126912,-5.0524602779234026e-14
151.69121426618076,15.873549465232571,16.83451257630915,-3.4411797969146276,-2.5226607325580117,4.210383564936169e-14
151.70154725998032,15.872227762123869,16.828865883275938,-3.442955490101989,-2.524560298725432,-4.210383564936169e-14
151.71188020241445,15.870906784140994,16.823224201429014,-3.4447280072170336,-2.526455827357553,0.0
151.72221309356388,15.869586530407494,16.8175875277172,-3.4464973524411704,-2.528347323181851,1.6841534259744676e-14
151.7325459335091,15.86826700004692,16.811955859089345,-3.448263529956721,-2.530234790924894,-7.578690416885104e-14
151.74287872233026,15.86694819218284,16.80632919249427,-3.450026543946921,-2.532118235312351,0.0
151.75321146010765,15.865630105938822,16.80070752488082,-3.4517863985959236,-2.5339976610689794,0.0
151.76354414692105,15.864312740438464,16.79509085319783,-3.4535430980887885,-2.535873072918635,1.6841534259744676e-14
151.77387678285024,15.862996094805373,16.789479174394128,-3.455296646611496,-2.537744475584273,6.73661370389787e-14
151.78420936797474,15.861680168163147,16.783872485418552,-3.457047048350935,-2.5396118737879374,5.0524602779234026e-14
151.79454190237388,15.860364959635424,16.778270783219938,-3.4587943074949083,-2.5414752722507696,-1.6841534259744676e-14
151.80487438612684,15.85905046834584,16.772674064747125,-3.4605384282321325,-2.5433346756930053,3.368306851948935e-14
151.81520681931255,15.857736693418039,16.76708232694894,-3.462279414752237,-2.545190088833979,-3.368306851948935e-14
151.8255392020098,15.856423633975693,16.761495566774222,-3.4640172712457638,-2.547041516392118,-1.6841534259744676e-14
151.83587153429724,15.855111289142467,16.75591378117181,-3.465752001904166,-2.54888896308494,2.5262301389617013e-14
151.84620381625328,15.85379965804205,16.75033696709053,-3.467483610919811,-2.5507324336290664,3.368306851948935e-14
151.8565360479561,15.852488739798142,16.744765121479226,-3.4692121024859737,-2.552571932740205,1.6841534259744676e-14
151.86686822948374,15.851178533534453,16.739198241286726,-3.470937480796847,-2.554407465133162,-2.5262301389617013e-14
151.87720036091406,15.849869038374706,16.733636323461873,-3.472659750047531,-2.556239035521841,2.5262301389617013e-14
151.88753244232473,15.848560253442646,16.728079364953487,-3.47437891443404,-2.558066648619238,-4.210383564936169e-14
151.8978644737932,15.847252177862014,16.722527362710416,-3.4760949781532977,-2.5598903091374434,-8.420767129872338e-15
151.9081964553968,15.845944810756558,16.716980313681496,-3.4778079454031388,-2.5617100217876407,8.420767129872338e-15
151.91852838721252,15.844638151250075,16.711438214815555,-3.4795178203823087,-2.563525791280113,8.420767129872338e-15
151.9288602693174,15.84333219846633,16.70590106306143,-3.4812246072904673,-2.5653376223242312,1.6841534259744676e-14
151.93919210178814,15.842026951529126,16.700368855367955,-3.4829283103281825,-2.567145519628468,-8.420767129872338e-15
151.94952388470125,15.84072240956228,16.69484158868397,-3.4846289336969294,-2.5689494879003845,-4.210383564936169e-14
151.95985561813308,15.839418571689608,16.689319259958307,-3.486326481599097,-2.570749531846641,-5.0524602779234026e-14
151.9701873021598,15.838115437034945,16.683801866139795,-3.488020958237987,-2.5725456561729905,-1.6841534259744676e-14
151.98051893685738,15.836813004722142,16.678289404177278,-3.4897123678178033,-2.574337865584279,8.420767129872338e-15
151.99085052230163,15.83551127387505,16.672781871019588,-3.4914007145436674,-2.576126164784448,-8.420767129872338e-15
152.00118205856805,15.83421024361756,16.667279263615566,-3.4930860026216033,-2.5779105584765354,8.420767129872338e-15
152.01151354573224,15.832909913073536,16.66178157891403,-3.494768236258551,-2.5796910513626696,5.894536990910637e-14
152.02184498386933,15.831610281366892,16.65628881386383,-3.496447419662356,-2.581467648144074,2.5262301389617013e-14
152.03217637305437,15.830311347621526,16.650800965413794,-3.4981235570417737,-2.5832403535210706,-3.368306851948935e-14
152.0425077133622,15.829013110961364,16.645318030512765,-3.499796652606465,-2.585009172193071,-1.6841534259744676e-14
152.0528390048675,15.827715570510344,16.63984000610957,-3.5014667105670063,-2.5867741088585823,0.0
152.0631702476448,15.826418725392418,16.634366889153046,-3.5031337351348766,-2.5885351682152047,-7.578690416885104e-14
152.07350144176826,15.825122574731543,16.62889867659203,-3.504797730522466,-2.590292354959637,1.6841534259744676e-14
152.08383258731214,15.823827117651689,16.623435365375354,-3.506458700943072,-2.592045673787666,-5.0524602779234026e-14
152.0941636843502,15.822532353276852,16.617976952451855,-3.5081166506108965,-2.593795129394176,-3.368306851948935e-14
152.10449473295634,15.821238280731018,16.612523434770363,-3.509771583741058,-2.595540726473144,8.420767129872338e-15
152.11482573320404,15.819944899138209,16.60707480927972,-3.5114235045495747,-2.5972824697176424,1.6841534259744676e-14
152.12515668516664,15.81865220762245,16.60163107292876,-3.5130724172533734,-2.5990203638198346,-8.420767129872338e-15
