galstreams/tracks/track.st.Jhelum-b.bonaca2019.ecsv
# %ECSV 0.9
# ---
# datatype:
# - {name: ra, unit: deg, datatype: float64}
# - {name: dec, unit: deg, datatype: float64}
# - {name: distance, unit: kpc, datatype: float64}
# - {name: pm_ra_cosdec, unit: mas / yr, datatype: float64}
# - {name: pm_dec, unit: mas / yr, datatype: float64}
# - {name: radial_velocity, unit: km / s, datatype: float64}
# delimiter: ','
# meta: !!omap
# - __serialized_columns__:
#     dec:
#       __class__: astropy.coordinates.angles.Latitude
#       unit: &id001 !astropy.units.Unit {unit: deg}
#       value: !astropy.table.SerializedColumn {name: dec}
#     distance:
#       __class__: astropy.coordinates.distances.Distance
#       unit: !astropy.units.Unit {unit: kpc}
#       value: !astropy.table.SerializedColumn {name: distance}
#     pm_dec:
#       __class__: astropy.units.quantity.Quantity
#       unit: !astropy.units.Unit {unit: mas / yr}
#       value: !astropy.table.SerializedColumn {name: pm_dec}
#     pm_ra_cosdec:
#       __class__: astropy.units.quantity.Quantity
#       unit: !astropy.units.Unit {unit: mas / yr}
#       value: !astropy.table.SerializedColumn {name: pm_ra_cosdec}
#     ra:
#       __class__: astropy.coordinates.angles.Longitude
#       unit: *id001
#       value: !astropy.table.SerializedColumn {name: ra}
#       wrap_angle: !astropy.coordinates.Angle
#         unit: *id001
#         value: 360.0
#     radial_velocity:
#       __class__: astropy.units.quantity.Quantity
#       unit: !astropy.units.Unit {unit: km / s}
#       value: !astropy.table.SerializedColumn {name: radial_velocity}
# schema: astropy-2.0
ra,dec,distance,pm_ra_cosdec,pm_dec,radial_velocity
[from data line 1669]
340.69576558502706,-50.123586262176545,13.000000000000004,6.4537339807526335,-5.074685537699179,-1.0104920555846805e-13
340.680613386866,-50.12119959470622,13.000000000000004,6.452758669178713,-5.075757777426528,3.368306851948935e-14
340.6654626621969,-50.11881105395654,13.000000000000004,6.451783109260074,-5.076829561526996,-1.0104920555846805e-13
340.65031341189973,-50.11642064027957,13.000000000000004,6.450807301281083,-5.077900889782199,-6.73661370389787e-14
340.63516563685386,-50.1140283540275,13.000000000000002,6.449831245526129,-5.0789717619739925,-6.73661370389787e-14
340.6200193379376,-50.11163419555275,13.000000000000002,6.448854942279623,-5.080042177884504,-2.020984111169361e-13
340.6048745160288,-50.10923816520794,13.000000000000002,6.447878391825997,-5.0811121372960955,-1.347322740779574e-13
340.5897311720043,-50.106840263345866,13.000000000000002,6.446901594449714,-5.0821816399913855,0.0
340.57458930674005,-50.10444049031952,13.000000000000002,6.4459245504352545,-5.083250685753255,-6.73661370389787e-14
340.55944892111137,-50.10203884648208,13.000000000000002,6.444947260067126,-5.084319274364823,-2.020984111169361e-13
340.54431001599283,-50.099635332186935,13.000000000000002,6.443969723629874,-5.085387405609465,0.0
340.5291725922579,-50.09722994778765,13.000000000000004,6.442991941408035,-5.086455079270818,-1.0104920555846805e-13
340.5140366507797,-50.09482269363798,13.000000000000004,6.4420139136862025,-5.0875222951327554,-6.73661370389787e-14
340.49890219243,-50.092413570091885,13.000000000000005,6.441035640748971,-5.088589052979415,-1.347322740779574e-13
340.4837692180804,-50.09000257750349,13.000000000000004,6.440057122880972,-5.089655352595178,0.0
340.46863772860115,-50.08758971622714,13.000000000000004,6.439078360366846,-5.090721193764689,-1.347322740779574e-13
340.453507724862,-50.08517498661737,13.000000000000004,6.438099353491269,-5.091786576272828,0.0
340.43837920773177,-50.082758389028854,13.000000000000004,6.437120102538932,-5.092851499904743,-1.0104920555846805e-13
340.4232521780786,-50.080339923816524,13.000000000000007,6.436140607794543,-5.093915964445821,-1.347322740779574e-13
340.40812663676974,-50.077919591335466,13.000000000000002,6.43516086954285,-5.094979969681713,-3.368306851948935e-14
340.3930025846716,-50.07549739194097,13.000000000000004,6.434180888068601,-5.09604351539831,3.368306851948935e-14
340.3778800226499,-50.07307332598851,13.000000000000004,6.433200663656575,-5.097106601381768,-1.0104920555846805e-13
340.3627589515695,-50.07064739383372,13.000000000000002,6.4322201965915795,-5.09816922741848,-1.347322740779574e-13
340.3476393722945,-50.06821959583247,13.000000000000004,6.431239487158432,-5.099231393295101,3.368306851948935e-14
340.33252128568813,-50.06578993234079,13.000000000000002,6.430258535641971,-5.100293098798536,-1.0104920555846805e-13
340.3174046926128,-50.063358403714915,13.000000000000004,6.42927734232706,-5.101354343715941,-1.6841534259744677e-13
340.3022895939303,-50.06092501031126,13.0,6.428295907498587,-5.102415127834724,-2.3578147963642546e-13
340.2871759905014,-50.058489752486416,13.000000000000004,6.427314231441449,-5.103475450942536,-3.368306851948935e-14
340.2720638831862,-50.056052630597186,13.000000000000002,6.42633231444057,-5.1045353128272986,0.0
340.2569532728439,-50.05361364500054,13.000000000000002,6.425350156780889,-5.105594713277174,-1.347322740779574e-13
340.24184416033296,-50.05117279605365,13.000000000000004,6.424367758747372,-5.1066536520805705,-3.368306851948935e-14
340.226736546511,-50.048730084113856,13.000000000000002,6.423385120624991,-5.10771212902616,-2.020984111169361e-13
340.21163043223504,-50.04628550953871,13.000000000000004,6.4224022426987535,-5.108770143902851,0.0
340.19652581836095,-50.04383907268593,13.000000000000004,6.4214191252536725,-5.109827696499823,-3.368306851948935e-14
340.181422705744,-50.04139077391343,13.000000000000002,6.420435768574791,-5.110884786606494,-1.0104920555846805e-13
340.1663210952387,-50.038940613579314,13.000000000000004,6.419452172947154,-5.111941414012531,-3.368306851948935e-14
340.15122098769854,-50.036488592041856,13.000000000000004,6.418468338655833,-5.112997578507865,-1.6841534259744677e-13
340.13612238397656,-50.034034709659544,13.000000000000004,6.417484265985934,-5.114053279882661,-6.73661370389787e-14
340.12102528492466,-50.031578966791,13.000000000000002,6.416499955222553,-5.115108517927357,0.0
340.105929691394,-50.02912136379511,13.000000000000004,6.415515406650812,-5.116163292432624,3.368306851948935e-14
340.09083560423517,-50.02666190103086,13.000000000000002,6.414530620555858,-5.117217603189398,-1.347322740779574e-13
340.0757430242976,-50.02420057885749,13.000000000000004,6.41354559722285,-5.118271449988854,-2.3578147963642546e-13
340.0606519524303,-50.02173739763438,13.000000000000004,6.412560336936971,-5.1193248326224206,-3.368306851948935e-14
340.0455623894811,-50.019272357721114,13.000000000000007,6.411574839983399,-5.120377750881788,-1.0104920555846805e-13
340.03047433629735,-50.016805459477446,13.000000000000004,6.410589106647357,-5.121430204558892,-3.368306851948935e-14
340.0153877937254,-50.014336703263346,13.000000000000004,6.409603137214062,-5.122482193445914,-3.368306851948935e-14
340.0003027626107,-50.01186608943893,13.000000000000004,6.408616931968752,-5.123533717335295,-6.73661370389787e-14
339.98521924379827,-50.00939361836451,13.000000000000002,6.407630491196693,-5.124584776019721,-3.368306851948935e-14
339.97013723813194,-50.0069192904006,13.000000000000004,6.40664381518315,-5.12563536929213,-3.368306851948935e-14
339.95505674645494,-50.00444310590787,13.000000000000002,6.40565690421341,-5.126685496945718,-6.73661370389787e-14
339.93997776960964,-50.0019650652472,13.000000000000002,6.404669758572772,-5.127735158773923,0.0
339.92490030843754,-49.999485168779614,13.000000000000002,6.403682378546557,-5.128784354570442,-2.020984111169361e-13
339.90982436377953,-49.997003416866356,13.000000000000004,6.402694764420096,-5.129833084129213,-1.6841534259744677e-13
339.8947499364755,-49.994519809868834,13.000000000000004,6.401706916478735,-5.130881347244433,-2.3578147963642546e-13
339.8796770273646,-49.99203434814864,13.000000000000004,6.40071883500783,-5.13192914371055,-1.347322740779574e-13
339.86460563728525,-49.98954703206756,13.000000000000004,6.399730520292759,-5.132976473322257,-3.368306851948935e-14
339.8495357670748,-49.98705786198755,13.000000000000004,6.398741972618902,-5.1340233358745095,-1.347322740779574e-13
339.8344674175702,-49.98456683827073,13.000000000000002,6.397753192271666,-5.135069731162501,-1.347322740779574e-13
339.81940058960726,-49.98207396127944,13.000000000000004,6.39676417953646,-5.13611565898168,0.0
339.8043352840211,-49.97957923137617,13.000000000000002,6.395774934698713,-5.137161119127753,-6.73661370389787e-14
339.789271501646,-49.977082648923606,13.000000000000002,6.394785458043863,-5.138206111396669,-2.020984111169361e-13
339.7742092433156,-49.974584214284604,13.000000000000005,6.393795749857362,-5.139250635584624,-1.6841534259744677e-13
339.7591485098625,-49.97208392782221,13.000000000000002,6.3928058104246785,-5.140294691488079,-2.020984111169361e-13
339.7440893021186,-49.96958178989965,13.000000000000002,6.391815640031282,-5.141338278903731,-2.020984111169361e-13
339.729031620915,-49.967077800880304,13.000000000000004,6.390825238962666,-5.142381397628539,-1.347322740779574e-13
339.71397546708204,-49.96457196112778,13.000000000000002,6.389834607504332,-5.143424047459707,-6.73661370389787e-14
339.698920841449,-49.96206427100583,13.000000000000004,6.388843745941782,-5.144466228194691,-1.6841534259744677e-13
339.6838677448448,-49.959554730878395,13.000000000000005,6.3878526545605485,-5.145507939631193,-6.73661370389787e-14
339.6688161780971,-49.95704334110957,13.000000000000004,6.386861333646158,-5.1465491815671776,-2.3578147963642546e-13
339.653766142033,-49.954530102063686,13.000000000000002,6.385869783484166,-5.147589953800843,-6.73661370389787e-14
339.63871763747875,-49.952015014105186,13.000000000000002,6.384878004360116,-5.148630256130655,-2.020984111169361e-13
339.62367066525985,-49.949498077598754,13.000000000000002,6.383885996559577,-5.149670088355316,-2.020984111169361e-13
339.60862522620084,-49.94697929290919,13.000000000000002,6.382893760368132,-5.150709450273785,-2.020984111169361e-13
339.59358132112555,-49.94445866040154,13.000000000000004,6.381901296071358,-5.15174834168527,-6.73661370389787e-14
339.578538950857,-49.94193618044096,13.000000000000004,6.38090860395485,-5.152786762389233,0.0
339.56349811621743,-49.93941185339282,13.000000000000004,6.379915684304224,-5.1538247121853855,-1.347322740779574e-13
339.54845881802817,-49.936885679622655,13.000000000000004,6.378922537405082,-5.154862190873681,-6.73661370389787e-14
339.53342105710976,-49.93435765949622,13.000000000000004,6.377929163543055,-5.155899198254335,-6.73661370389787e-14
339.5183848342821,-49.931827793379355,13.000000000000004,6.376935563003771,-5.156935734127807,-1.6841534259744677e-13
339.50335015036404,-49.929296081638164,13.000000000000004,6.375941736072879,-5.157971798294803,-2.020984111169361e-13
339.4883170061738,-49.926762524638896,13.000000000000004,6.374947683036021,-5.159007390556284,-1.0104920555846805e-13
339.47328540252875,-49.92422712274796,13.000000000000002,6.373953404178857,-5.160042510713467,-1.0104920555846805e-13
339.45825534024533,-49.92168987633196,13.000000000000002,6.372958899787054,-5.161077158567807,-2.020984111169361e-13
339.44322682013944,-49.91915078575766,13.000000000000005,6.371964170146288,-5.1621113339210085,0.0
339.4281998430258,-49.916609851392025,13.000000000000004,6.370969215542235,-5.163145036575049,-2.020984111169361e-13
339.41317440971864,-49.91406707360217,13.000000000000004,6.369974036260589,-5.164178266332122,-2.020984111169361e-13
339.3981505210312,-49.9115224527554,13.000000000000002,6.368978632587042,-5.165211022994699,-2.020984111169361e-13
339.3831281777761,-49.908975989219186,13.000000000000004,6.3679830048073,-5.1662433063654785,-1.0104920555846805e-13
339.3681073807648,-49.90642768336118,13.000000000000004,6.36698715320707,-5.167275116247433,-2.020984111169361e-13
339.3530881308083,-49.90387753554919,13.000000000000004,6.365991078072072,-5.168306452443765,-1.6841534259744677e-13
339.3380704287168,-49.90132554615123,13.000000000000002,6.36499477968803,-5.169337314757934,-1.0104920555846805e-13
339.3230542752992,-49.89877171553545,13.000000000000004,6.363998258340665,-5.170367702993653,-2.3578147963642546e-13
339.30803967136427,-49.89621604407023,13.000000000000004,6.363001514315717,-5.171397616954875,-1.6841534259744677e-13
339.29302661771953,-49.89365853212405,13.000000000000005,6.3620045478989296,-5.1724270564458115,-1.0104920555846805e-13
339.27801511517174,-49.89109918006561,13.000000000000002,6.361007359376045,-5.173456021270921,-1.347322740779574e-13
339.26300516452693,-49.88853798826378,13.000000000000004,6.360009949032816,-5.174484511234911,-6.73661370389787e-14
339.24799676659035,-49.8859749570876,13.000000000000004,6.359012317154991,-5.175512526142738,-1.6841534259744677e-13
339.2329899221664,-49.883410086906245,13.000000000000002,6.358014464028344,-5.176540065799605,-2.3578147963642546e-13
339.2179846320586,-49.88084337808914,13.000000000000004,6.357016389938634,-5.177567130010967,-3.368306851948935e-14
339.2029808970697,-49.878274831005804,13.000000000000004,6.356018095171634,-5.178593718582539,-6.73661370389787e-14
339.18797871800166,-49.87570444602598,13.000000000000002,6.3550195800131135,-5.179619831320268,-1.6841534259744677e-13
339.17297809565576,-49.873132223519534,13.000000000000002,6.35402084474886,-5.180645468030352,-1.347322740779574e-13
339.15797903083217,-49.87055816385657,13.000000000000004,6.353021889664644,-5.181670628519252,-3.368306851948935e-14
339.1429815243304,-49.86798226740731,13.000000000000002,6.352022715046259,-5.182695312593675,-2.020984111169361e-13
339.12798557694936,-49.86540453454215,13.000000000000002,6.351023321179498,-5.183719520060558,-1.0104920555846805e-13
339.11299118948676,-49.862824965631695,13.000000000000004,6.350023708350142,-5.184743250727109,-1.0104920555846805e-13
339.0979983627398,-49.86024356104666,13.000000000000004,6.3490238768440035,-5.185766504400776,-6.73661370389787e-14
339.0830070975047,-49.857660321157994,13.000000000000004,6.3480238269468625,-5.186789280889258,3.368306851948935e-14
339.0680173945769,-49.85507524633677,13.000000000000004,6.347023558944529,-5.187811580000506,-1.6841534259744677e-13
339.05302925475104,-49.85248833695425,13.000000000000004,6.346023073122806,-5.188833401542709,-1.347322740779574e-13
339.03804267882106,-49.84989959338187,13.000000000000002,6.345022369767501,-5.189854745324315,-6.73661370389787e-14
339.02305766757996,-49.847309015991215,13.000000000000004,6.344021449164416,-5.190875611154018,-1.0104920555846805e-13
339.00807422181987,-49.844716605154055,13.000000000000002,6.343020311599363,-5.191895998840762,-1.6841534259744677e-13
338.9930923423323,-49.84212236124233,13.000000000000004,6.3420189573581505,-5.192915908193735,-1.0104920555846805e-13
338.9781120299078,-49.83952628462816,13.000000000000004,6.341017386726593,-5.193935339022378,-6.73661370389787e-14
338.96313328533614,-49.83692837568378,13.000000000000004,6.340015599990498,-5.194954291136382,-1.0104920555846805e-13
338.94815610940634,-49.834328634781656,13.000000000000004,6.339013597435684,-5.195972764345681,-6.73661370389787e-14
338.93318050290645,-49.831727062294384,13.000000000000004,6.338011379347965,-5.196990758460467,-1.6841534259744677e-13
338.91820646662393,-49.82912365859476,13.000000000000004,6.337008946013156,-5.198008273291165,-1.6841534259744677e-13
338.90323400134525,-49.82651842405571,13.000000000000004,6.336006297717069,-5.199025308648464,-1.347322740779574e-13
338.8882631078561,-49.82391135905035,13.000000000000004,6.335003434745523,-5.200041864343296,-2.020984111169361e-13
338.87329378694153,-49.82130246395195,13.000000000000004,6.334000357384331,-5.201057940186834,-6.73661370389787e-14
338.8583260393855,-49.81869173913397,13.000000000000002,6.332997065919309,-5.202073535990513,-2.020984111169361e-13
338.84335986597125,-49.816079184970015,13.000000000000004,6.331993560636266,-5.2030886515660075,-2.3578147963642546e-13
338.8283952674814,-49.81346480183386,13.000000000000004,6.33098984182102,-5.2041032867252355,-1.0104920555846805e-13
338.8134322446975,-49.810848590099454,13.000000000000004,6.329985909759381,-5.205117441280379,-1.6841534259744677e-13
338.79847079840044,-49.80823055014089,13.000000000000004,6.328981764737165,-5.206131115043851,-1.347322740779574e-13
338.7835109293702,-49.80561068233247,13.000000000000004,6.327977407040177,-5.207144307828322,-1.0104920555846805e-13
338.76855263838604,-49.802988987048614,13.000000000000004,6.326972836954221,-5.208157019446713,-1.347322740779574e-13
338.75359592622635,-49.80036546466395,13.000000000000002,6.325968054765114,-5.209169249712183,-3.368306851948935e-14
338.7386407936687,-49.797740115553225,13.000000000000004,6.324963060758646,-5.2101809984381475,-6.73661370389787e-14
338.72368724148987,-49.79511294009139,13.000000000000004,6.323957855220633,-5.211192265438264,-3.368306851948935e-14
338.70873527046587,-49.79248393865353,13.000000000000005,6.322952438436864,-5.212203050526444,-3.368306851948935e-14
338.6937848813718,-49.78985311161494,13.000000000000002,6.321946810693142,-5.213213353516844,0.0
338.678836074982,-49.78722045935102,13.000000000000004,6.32094097227526,-5.214223174223866,-3.368306851948935e-14
338.66388885207,-49.78458598223737,13.000000000000004,6.319934923469004,-5.2152325124621575,-3.368306851948935e-14
338.6489432134085,-49.78194968064975,13.000000000000005,6.318928664560165,-5.216241368046626,-1.0104920555846805e-13
338.6339991597694,-49.779311554964075,13.000000000000005,6.317922195834532,-5.217249740792409,0.0
