galstreams/tracks/track.st.C-5.ibata2021.ecsv
# %ECSV 0.9
# ---
# datatype:
# - {name: ra, unit: deg, datatype: float64}
# - {name: dec, unit: deg, datatype: float64}
# - {name: distance, unit: kpc, datatype: float64}
# - {name: pm_ra_cosdec, unit: mas / yr, datatype: float64}
# - {name: pm_dec, unit: mas / yr, datatype: float64}
# - {name: radial_velocity, unit: km / s, datatype: float64}
# delimiter: ','
# meta: !!omap
# - __serialized_columns__:
#     dec:
#       __class__: astropy.coordinates.angles.Latitude
#       unit: &id001 !astropy.units.Unit {unit: deg}
#       value: !astropy.table.SerializedColumn {name: dec}
#     distance:
#       __class__: astropy.coordinates.distances.Distance
#       unit: !astropy.units.Unit {unit: kpc}
#       value: !astropy.table.SerializedColumn {name: distance}
#     pm_dec:
#       __class__: astropy.units.quantity.Quantity
#       unit: !astropy.units.Unit {unit: mas / yr}
#       value: !astropy.table.SerializedColumn {name: pm_dec}
#     pm_ra_cosdec:
#       __class__: astropy.units.quantity.Quantity
#       unit: !astropy.units.Unit {unit: mas / yr}
#       value: !astropy.table.SerializedColumn {name: pm_ra_cosdec}
#     ra:
#       __class__: astropy.coordinates.angles.Longitude
#       unit: *id001
#       value: !astropy.table.SerializedColumn {name: ra}
#       wrap_angle: !astropy.coordinates.Angle
#         unit: *id001
#         value: 360.0
#     radial_velocity:
#       __class__: astropy.units.quantity.Quantity
#       unit: !astropy.units.Unit {unit: km / s}
#       value: !astropy.table.SerializedColumn {name: radial_velocity}
# schema: astropy-2.0
ra,dec,distance,pm_ra_cosdec,pm_dec,radial_velocity
113.35053109462349,36.678353419375284,3.3518629495384302,-1.1381989110832627,-12.720866096054445,-3.368306851948935e-14
113.3610650974091,36.67283772046302,3.3562059228494587,-1.1366625572413611,-12.70397569393026,-3.368306851948935e-14
113.37160285296501,36.667329971670526,3.360534718165231,-1.135128752713742,-12.687162538019516,-3.368306851948935e-14
113.38214434534086,36.661830140378186,3.3648493954310457,-1.1335975044812079,-12.670426400238608,-5.0524602779234026e-14
113.39268955857534,36.656338193972225,3.3691500145921993,-1.1320688194506294,-12.653767052503206,-1.6841534259744676e-14
113.40323847669603,36.65085409984472,3.373436635593993,-1.1305427044546816,-12.637184266728244,-1.6841534259744676e-14
113.41379108371954,36.64537782539357,3.377709318381721,-1.1290191662516795,-12.62067781482802,-3.368306851948935e-14
113.4243473636514,36.63990933802251,3.381968122900684,-1.1274982115253238,-12.60424746871616,-1.6841534259744676e-14
113.43490730048602,36.63444860514119,3.3862131090961793,-1.1259798468845077,-12.587893000305677,-1.6841534259744676e-14
113.44547087820663,36.628995594165055,3.390444336913505,-1.1244640788631053,-12.571614181508995,0.0
113.45603808078542,36.6235502725155,3.39466186629796,-1.1229509139197618,-12.555410784237997,-3.368306851948935e-14
113.4666088921833,36.61811260761974,3.3988657571948413,-1.1214403584376738,-12.539282580404022,-5.0524602779234026e-14
113.47718329635006,36.61268256691092,3.403056069549447,-1.1199324187244013,-12.523229341917922,-1.6841534259744676e-14
113.48776127722417,36.60726011782809,3.407232863307076,-1.1184271010116313,-12.507250840690084,-1.6841534259744676e-14
113.49834281873302,36.60184522781613,3.411396198413026,-1.1169244114550092,-12.49134684863045,0.0
113.5089279047926,36.596437864325914,3.4155461348125957,-1.1154243561339032,-12.475517137648563,-3.368306851948935e-14
113.5195165193076,36.59103799481423,3.4196827324510823,-1.1139269410512054,-12.459761479653599,-6.73661370389787e-14
113.53010864617144,36.58564558674374,3.4238060512737847,-1.1124321721331314,-12.444079646554373,-1.6841534259744676e-14
113.54070426926617,36.58026060758311,3.4279161512260004,-1.1109400552290243,-12.428471410259403,-3.368306851948935e-14
113.5513033724625,36.574883024806894,3.432013092253028,-1.109450596111147,-12.412936542676913,-1.6841534259744676e-14
113.56190593961973,36.569512805895634,3.436096934300165,-1.1079638004744723,-12.397474815714876,1.6841534259744676e-14
113.57251195458575,36.56414991833583,3.4401677373127098,-1.1064796739365037,-12.38208600128105,-3.368306851948935e-14
113.58312140119702,36.55879432961991,3.444225561235961,-1.1049982220370582,-12.366769871282985,-1.6841534259744676e-14
113.59373426327855,36.55344600724632,3.4482704660152157,-1.1035194502380776,-12.351526197628095,-3.368306851948935e-14
113.60435052464388,36.54810491871946,3.4523025115957724,-1.1020433639234235,-12.336354752223647,-5.0524602779234026e-14
113.61497016909502,36.54277103154972,3.4563217579229297,-1.1005699683986967,-12.321255306976813,-5.0524602779234026e-14
113.62559318042247,36.53744431325351,3.4603282649419866,-1.0990992688910177,-12.306227633794695,-5.0524602779234026e-14
113.6362195424052,36.532124731353214,3.4643220925982376,-1.0976312705488593,-12.291271504584369,0.0
113.64684923881059,36.526812253377244,3.468303300836985,-1.096165978441832,-12.276386691252894,-1.6841534259744676e-14
113.65748225339443,36.52150684686002,3.472271949603525,-1.0947033975605056,-12.261572965707359,1.6841534259744676e-14
113.66811856990094,36.51620847934202,3.476228098843155,-1.0932435328162062,-12.246830099854915,-6.73661370389787e-14
113.67875817206264,36.510917118369676,3.480171808501175,-1.0917863890408335,-12.23215786560279,-3.368306851948935e-14
113.68940104360047,36.50563273149555,3.484103138522882,-1.090331970986669,-12.217556034858333,-3.368306851948935e-14
113.70004716822363,36.50035528627818,3.4880221488535734,-1.088880283326187,-12.203024379529058,0.0
113.71069652962969,36.49508475028223,3.491928899438549,-1.0874313306518677,-12.188562671522641,1.6841534259744676e-14
113.72134911150444,36.489821091078355,3.4958234502231043,-1.085985117476007,-12.174170682746997,-5.0524602779234026e-14
113.73200489752199,36.484564276243326,3.499705861152541,-1.084541648230534,-12.159848185110251,-5.0524602779234026e-14
113.74266387134458,36.479314273359975,3.5035761921721535,-1.0831009272668122,-12.145594950520834,-5.0524602779234026e-14
113.7533260166229,36.47407105001719,3.5074345032272443,-1.0816629588554982,-12.131410750887463,-3.368306851948935e-14
113.76399131699566,36.46883457380997,3.5112808542631067,-1.0802277471863022,-12.117295358119225,-5.0524602779234026e-14
113.77465975608978,36.46360481233944,3.515115305225042,-1.0787952963678347,-12.103248544125538,-3.368306851948935e-14
113.78533131752036,36.45838173321279,3.518937916058347,-1.077365610427426,-12.08927008081626,-3.368306851948935e-14
113.79600598489067,36.45316530404335,3.52274874670832,-1.0759386933109405,-12.075359740101657,-5.0524602779234026e-14
113.80668374179204,36.44795549245052,3.526547857120261,-1.0745145488825911,-12.06151729389247,0.0
113.817364571804,36.44275226605989,3.530335307239464,-1.0730931809247777,-12.047742514099951,-3.368306851948935e-14
113.82804845849408,36.43755559250314,3.5341111570112305,-1.0716745931378904,-12.034035172635868,-3.368306851948935e-14
113.83873538541792,36.432365439418085,3.5378754663808576,-1.0702587891401427,-12.020395041412549,-3.368306851948935e-14
113.8494253361192,36.42718177444872,3.5416282952936435,-1.0688457724673979,-12.00682189234292,-3.368306851948935e-14
113.8601182941296,36.42200456524517,3.545369703694886,-1.0674355465729786,-11.99331549734054,-5.0524602779234026e-14
113.8708142429689,36.416833779463694,3.549099751529884,-1.066028114827518,-11.979875628319615,-1.6841534259744676e-14
113.88151316614477,36.41166938476679,3.552818498743934,-1.0646234805187573,-11.96650205719505,-5.0524602779234026e-14
113.89221504715292,36.406511348823045,3.5565260052823358,-1.0632216468513982,-11.95319455588247,-5.0524602779234026e-14
113.90291986947696,36.40135963930729,3.5602223310903875,-1.0618226169469158,-11.939952896298244,-3.368306851948935e-14
113.91362761658851,36.3962142239005,3.563907536113385,-1.0604263938433962,-11.92677685035955,-1.6841534259744676e-14
113.92433827194708,36.391075070289894,3.5675816802966285,-1.0590329804953647,-11.913666189984365,-5.0524602779234026e-14
113.93505181900005,36.38594214616882,3.5712448235854177,-1.057642379773608,-11.900620687091513,-3.368306851948935e-14
113.94576824118275,36.38081541923691,3.5748970259250465,-1.056254594465026,-11.887640113600733,-5.0524602779234026e-14
113.9564875219183,36.375694857199946,3.578538347260816,-1.0548696272724452,-11.874724241432641,-6.73661370389787e-14
113.96720964461777,36.37058042776996,3.5821688475380222,-1.0534874808144634,-11.861872842508832,-5.0524602779234026e-14
113.97793459267997,36.36547209866522,3.585788586701965,-1.0521081576252793,-11.84908568875186,-3.368306851948935e-14
113.98866234949159,36.36036983761019,3.5893976246979427,-1.0507316601545384,-11.836362552085305,0.0
113.9993928984271,36.355273612335644,3.592996021471252,-1.0493579907671475,-11.823703204433787,0.0
114.01012622284871,36.35018339057854,3.5965838369671923,-1.0479871517431345,-11.811107417723008,1.6841534259744676e-14
114.02086230610655,36.34509914008209,3.6001611311310597,-1.0466191452774898,-11.79857496387978,-5.0524602779234026e-14
114.03160113153832,36.34002082859579,3.6037279639081548,-1.045253973479975,-11.786105614832053,-5.0524602779234026e-14
114.04234268246957,36.334948423875396,3.607284395243775,-1.043891638374995,-11.773699142508956,-3.368306851948935e-14
114.05308694221353,36.32988189368294,3.610830485083217,-1.0425321419014166,-11.761355318840831,-5.0524602779234026e-14
114.06383389407112,36.324821205786726,3.6143662933717797,-1.041175485912433,-11.74907391575926,-3.368306851948935e-14
114.07458352133101,36.319766327961354,3.6178918800547635,-1.0398216721753841,-11.73685470519709,-5.0524602779234026e-14
114.08533580726947,36.31471722798771,3.6214073050774624,-1.0384707023716133,-11.72469745908849,-5.0524602779234026e-14
114.09609073515048,36.309673873652955,3.624912628385177,-1.0371225780963103,-11.712601949368956,0.0
114.10684828822565,36.30463623275061,3.628407909923205,-1.0357773008583548,-11.700567947975363,-3.368306851948935e-14
114.1176084497342,36.29960427308046,3.631893209636845,-1.0344348720801622,-11.688595226845985,-3.368306851948935e-14
114.12837120290303,36.29457796244861,3.6353685874713944,-1.0330952930975348,-11.676683557920544,1.6841534259744676e-14
114.13913653094653,36.28955726866753,3.6388341033721505,-1.0317585651595063,-11.66483271314023,-3.368306851948935e-14
114.14990441706676,36.284542159555954,3.6422898172844134,-1.0304246894281912,-11.653042464447731,-1.6841534259744676e-14
114.16067484445335,36.27953260293901,3.64573578915348,-1.0290936669786364,-11.641312583787272,-5.0524602779234026e-14
114.17144779628343,36.27452856664813,3.6491720789246487,-1.0277654987986697,-11.629642843104655,-3.368306851948935e-14
114.18222325572174,36.269530018521124,3.6525987465432177,-1.0264401857887604,-11.61803301434729,-3.368306851948935e-14
114.1930012059205,36.26453692640214,3.656015851954484,-1.0251177287618551,-11.606482869464209,-1.6841534259744676e-14
114.20378163001946,36.25954925814169,3.6594234551037474,-1.0237981284432456,-11.594992180406116,-3.368306851948935e-14
114.21456451114588,36.25456698159663,3.662821615936305,-1.0224813854704227,-11.583560719125426,0.0
114.22534983241448,36.249590064630254,3.666210394397456,-1.021167500392918,-11.572188257576283,-3.368306851948935e-14
114.23613757692749,36.24461847511215,3.669589850432497,-1.0198564736721785,-11.560874567714603,-3.368306851948935e-14
114.24692772777459,36.239652180918355,3.6729600439867274,-1.018548305681413,-11.549619421498097,-5.0524602779234026e-14
114.2577202680329,36.234691149931265,3.6763210350054436,-1.0172429967054477,-11.538422590886316,-1.6841534259744676e-14
114.26851518076693,36.22973535003971,3.679672883433945,-1.0159405469405847,-11.527283847840685,-5.0524602779234026e-14
114.27931244902878,36.22478474913884,3.68301564921753,-1.0146409564944956,-11.516202964324517,-1.6841534259744676e-14
114.29011205585779,36.2198393151303,3.6863493923014965,-1.013344225386015,-11.505179712303072,-5.0524602779234026e-14
114.30091398428075,36.2148990159221,3.689674172631142,-1.0120503535450671,-11.494213863743566,0.0
114.31171821731186,36.209963819428715,3.692990050151766,-1.0107593408124862,-11.483305190615226,-1.6841534259744676e-14
114.32252473795268,36.205033693570996,3.696297084808664,-1.0094711869399011,-11.472453464889316,-3.368306851948935e-14
114.33333352919209,36.20010860627628,3.699595336547136,-1.0081858915895907,-11.461658458539155,-6.73661370389787e-14
114.34414457400639,36.195188525478265,3.7028848653124795,-1.0069034543343551,-11.450919943540171,-5.0524602779234026e-14
114.3549578553592,36.19027341911717,3.706165731049994,-1.0056238746573778,-11.440237691869928,-5.0524602779234026e-14
114.36577335620143,36.18536325513962,3.7094379937049746,-1.00434715195209,-11.429611475508155,-5.0524602779234026e-14
114.37659105947134,36.18045800149869,3.712701713222723,-1.0030732855220394,-11.419041066436778,-1.6841534259744676e-14
114.38741094809451,36.17555762615399,3.715956949548535,-1.00180227458077,-11.408526236639972,-5.0524602779234026e-14
114.39823300498375,36.17066209707147,3.7192037626277092,-1.0005341182516734,-11.398066758104164,-3.368306851948935e-14
114.40905721303926,36.16577138222366,3.7224422124055447,-0.9992688155678726,-11.387662402818089,-1.6841534259744676e-14
114.41988355514842,36.16088544958952,3.725672358827339,-0.9980063654720881,-11.377312942772818,-3.368306851948935e-14
114.4307120141859,36.15600426715449,3.728894261838388,-0.9967467668165094,-11.367018149961797,-3.368306851948935e-14
114.4415425730136,36.15112780291054,3.7321079813839932,-0.9954900183626691,-11.356777796380861,-6.73661370389787e-14
114.45237521448075,36.14625602485606,3.735313577409451,-0.9942361187813202,-11.346591654028286,-1.6841534259744676e-14
114.46320992142373,36.14138890099601,3.73851110986006,-0.992985066652309,-11.336459494904817,-5.0524602779234026e-14
114.47404667666612,36.136526399341825,3.7417006386811176,-0.9917368604644475,-11.326381091013708,-1.6841534259744676e-14
114.4848854630188,36.13166848791146,3.744882223817923,-0.9904914986153872,-11.316356214360734,-5.0524602779234026e-14
114.49572626327979,36.12681513472938,3.7480559252157737,-0.9892489794115097,-11.306384636954254,-3.368306851948935e-14
114.50656906023433,36.12196630782655,3.7512218028199675,-0.9880093010677975,-11.296466130805225,-5.0524602779234026e-14
114.51741383665481,36.11712197524051,3.7543799165758034,-0.9867724617077049,-11.286600467927236,0.0
114.52826057530083,36.1122821050153,3.7575303264285784,-0.9855384593630555,-11.276787420336559,-1.6841534259744676e-14
114.5391092589191,36.107446665201515,3.7606730923235903,-0.9843072919738971,-11.267026760052158,-1.6841534259744676e-14
114.54995987024365,36.10261562385625,3.76380827420614,-0.9830789573884329,-11.25731825909573,-5.0524602779234026e-14
114.56081239199547,36.097788949043185,3.7669359320215223,-0.9818534533628388,-11.24766168949176,-6.73661370389787e-14
114.57166680688276,36.092966608832555,3.7700561257150373,-0.9806307775611953,-11.238056823267527,-3.368306851948935e-14
114.58252309760086,36.088148571301154,3.7731689152319823,-0.9794109275553535,-11.228503432453142,-3.368306851948935e-14
114.5933812468322,36.08333480453233,3.7762743605176556,-0.9781939008248219,-11.219001289081604,-5.0524602779234026e-14
114.60424123724637,36.078525276615984,3.779372521517356,-0.9769796947566616,-11.209550165188803,-6.73661370389787e-14
114.61510305150004,36.07371995564863,3.78246345817638,-0.9757683066453573,-11.20014983281358,-6.73661370389787e-14
114.625966672237,36.06891880973331,3.7855472304400273,-0.9745597336927218,-11.190800063997727,0.0
114.63683208208806,36.06412180697971,3.788623898253595,-0.9733539730077712,-11.181500630786074,-1.6841534259744676e-14
114.64769926367127,36.05932891550407,3.7916935215623813,-0.9721510216066318,-11.172251305226467,-1.6841534259744676e-14
114.65856819959157,36.05454010342922,3.7947561603116853,-0.9709508764124085,-11.163051859369828,-3.368306851948935e-14
114.66943887244106,36.049755338884594,3.797811874446803,-0.9697535342550914,-11.153902065270199,-3.368306851948935e-14
114.68031126479896,36.044974590006234,3.8008607239130354,-0.9685589918714512,-11.144801694984743,-3.368306851948935e-14
114.69118535923143,36.0401978249368,3.803902768655678,-0.9673672459049207,-11.135750520573815,-3.368306851948935e-14
114.70206113829177,36.035425011825545,3.806938068620031,-0.9661782929054974,-11.126748314100967,0.0
114.71293858452026,36.03065611882836,3.8099666837513912,-0.9649921293296325,-11.117794847632997,-5.0524602779234026e-14
114.72381768044423,36.02589111410775,3.812988673995057,-0.9638087515401341,-11.10888989323998,-1.6841534259744676e-14
114.73469840857807,36.02112996583286,3.8160040992963262,-0.9626281558060569,-11.100033222995288,-6.73661370389787e-14
114.74558075142316,36.016372642179434,3.819013019600498,-0.961450338302609,-11.091224608975654,-1.6841534259744676e-14
114.75646469146793,36.011619111329914,3.8220154948528684,-0.9602752951110409,-11.08246382326117,-8.420767129872338e-14
114.7673502111878,36.00686934147331,3.825011584998738,-0.9591030222185488,-11.073750637935342,-8.420767129872338e-14
114.77823729304518,36.002123300805344,3.828001349983404,-0.9579335155181781,-11.065084825085124,-3.368306851948935e-14
114.78912591948949,35.997380957528364,3.8309848497521637,-0.9567667708087201,-11.056466156800944,-1.6841534259744676e-14
114.8000160729571,35.99264227985139,3.8339621442503162,-0.955602783794612,-11.047894405176734,-1.6841534259744676e-14
