galstreams/tracks/track.st.Gaia-10.ibata2021.ecsv
# %ECSV 0.9
# ---
# datatype:
# - {name: ra, unit: deg, datatype: float64}
# - {name: dec, unit: deg, datatype: float64}
# - {name: distance, unit: kpc, datatype: float64}
# - {name: pm_ra_cosdec, unit: mas / yr, datatype: float64}
# - {name: pm_dec, unit: mas / yr, datatype: float64}
# - {name: radial_velocity, unit: km / s, datatype: float64}
# delimiter: ','
# meta: !!omap
# - __serialized_columns__:
#     dec:
#       __class__: astropy.coordinates.angles.Latitude
#       unit: &id001 !astropy.units.Unit {unit: deg}
#       value: !astropy.table.SerializedColumn {name: dec}
#     distance:
#       __class__: astropy.coordinates.distances.Distance
#       unit: !astropy.units.Unit {unit: kpc}
#       value: !astropy.table.SerializedColumn {name: distance}
#     pm_dec:
#       __class__: astropy.units.quantity.Quantity
#       unit: !astropy.units.Unit {unit: mas / yr}
#       value: !astropy.table.SerializedColumn {name: pm_dec}
#     pm_ra_cosdec:
#       __class__: astropy.units.quantity.Quantity
#       unit: !astropy.units.Unit {unit: mas / yr}
#       value: !astropy.table.SerializedColumn {name: pm_ra_cosdec}
#     ra:
#       __class__: astropy.coordinates.angles.Longitude
#       unit: *id001
#       value: !astropy.table.SerializedColumn {name: ra}
#       wrap_angle: !astropy.coordinates.Angle
#         unit: *id001
#         value: 360.0
#     radial_velocity:
#       __class__: astropy.units.quantity.Quantity
#       unit: !astropy.units.Unit {unit: km / s}
#       value: !astropy.table.SerializedColumn {name: radial_velocity}
# schema: astropy-2.0
ra,dec,distance,pm_ra_cosdec,pm_dec,radial_velocity
[from data line 1238]
163.49594592910947,14.617603111620683,12.889711660835223,-4.499724464290007,-3.168244452426054,8.420767129872338e-15
163.50622762704577,14.616542115287025,12.887804446079196,-4.500816887304686,-3.1683906548909926,-4.210383564936169e-14
163.51650924863358,14.615480853450164,12.885898748925506,-4.501911472982631,-3.1685376394398155,4.210383564936169e-14
163.52679079375463,14.614419325260178,12.883994566322993,-4.503008226422348,-3.1686854097721144,2.5262301389617013e-14
163.53707226229045,14.613357529867184,12.882091895220485,-4.5041071527230185,-3.1688339695866388,2.5262301389617013e-14
163.54735365412242,14.612295466421335,12.880190732566824,-4.505208256984494,-3.1689833225812776,-3.368306851948935e-14
163.55763496913173,14.611233134072823,12.87829107531084,-4.5063115443072945,-3.1691334724530775,-5.894536990910637e-14
163.56791620719943,14.61017053197185,12.87639292040137,-4.507417019792607,-3.1692844228982255,-1.6841534259744676e-14
163.57819736820647,14.609107659268673,12.874496264787247,-4.508524688542299,-3.1694361776120634,3.368306851948935e-14
163.58847845203363,14.608044515113571,12.872601105417308,-4.509634555658894,-3.1695887402890794,-8.420767129872338e-15
163.59875945856146,14.606981098656853,12.870707439240386,-4.510746626245593,-3.1697421146229114,-8.420767129872338e-15
163.60904038767046,14.605917409048871,12.868815263205319,-4.511860905406262,-3.1698963043063495,-7.578690416885104e-14
163.61932123924086,14.604853445440002,12.866924574260938,-4.512977398245438,-3.170051313031331,-3.368306851948935e-14
163.6296020131528,14.603789206980657,12.865035369356082,-4.514096109868321,-3.1702071444889395,5.894536990910637e-14
163.63988270928638,14.602724692821278,12.863147645439584,-4.515217045380787,-3.170363802369417,-4.210383564936169e-14
163.6501633275213,14.601659902112342,12.861261399460282,-4.516340209889374,-3.1705212903621494,-5.0524602779234026e-14
163.6604438677373,14.600594834004362,12.859376628367002,-4.517465608501291,-3.1706796121556757,-5.0524602779234026e-14
163.6707243298139,14.599529487647878,12.857493329108593,-4.51859324632441,-3.170838771437685,-8.420767129872338e-14
163.68100471363047,14.598463862193459,12.855611498633875,-4.519723128467272,-3.1709987718950163,-5.894536990910637e-14
163.69128501906619,14.597397956791719,12.853731133891694,-4.520855260039086,-3.1711596172136587,-5.0524602779234026e-14
163.70156524600014,14.596331770593297,12.851852231830884,-4.521989646149724,-3.1713213110787537,-8.420767129872338e-14
163.71184539431124,14.595265302748867,12.849974789400273,-4.5231262919097315,-3.171483857174596,1.6841534259744676e-14
163.72212546387826,14.594198552409127,12.8480988035487,-4.5242652024303105,-3.1716472591846276,-3.368306851948935e-14
163.73240545457975,14.593131518724825,12.846224271224997,-4.525406382823333,-3.171811520791446,-1.6841534259744676e-14
163.74268536629418,14.592064200846725,12.844351189378008,-4.526549838201337,-3.1719766456767955,-2.5262301389617013e-14
163.75296519889983,14.590996597925631,12.842479554956562,-4.527695573677525,-3.172142637521574,3.368306851948935e-14
163.76324495227487,14.589928709112385,12.840609364909492,-4.528843594365766,-3.172309500005837,8.420767129872338e-15
163.7735246262973,14.588860533557849,12.838740616185637,-4.529993905380585,-3.172477236808785,-6.73661370389787e-14
163.78380422084487,14.58779207041293,12.836873305733828,-4.531146511837187,-3.1726458516087743,5.894536990910637e-14
163.7940837357953,14.586723318828561,12.8350074305029,-4.532301418851428,-3.1728153480833137,-4.210383564936169e-14
163.80436317102615,14.585654277955715,12.83314298744169,-4.533458631539831,-3.172985729909065,-2.5262301389617013e-14
163.81464252641476,14.584584946945384,12.831279973499038,-4.534618155019581,-3.1731570007618375,-3.368306851948935e-14
163.8249218018383,14.5835153249486,12.82941838562377,-4.535779994408533,-3.1733291643166033,2.5262301389617013e-14
163.8352009971739,14.582445411116439,12.827558220764727,-4.536944154825199,-3.1735022242474793,5.894536990910637e-14
163.84548011229847,14.581375204599995,12.825699475870739,-4.538110641388757,-3.17367618422774,8.420767129872338e-15
163.85575914708872,14.5803047045504,12.823842147890646,-4.539279459219039,-3.173851047929812,-3.368306851948935e-14
163.86603810142128,14.579233910118822,12.821986233773279,-4.540450613436555,-3.174026819025279,-2.5262301389617013e-14
163.8763169751726,14.578162820456454,12.82013173046748,-4.54162410916246,-3.17420350118487,-1.6841534259744676e-14
163.886595768219,14.577091434714529,12.818278634922075,-4.542799951518582,-3.174381098078479,1.6841534259744676e-14
163.8968744804366,14.576019752044303,12.816426944085903,-4.543978145627407,-3.174559613375147,-3.368306851948935e-14
163.90715311170135,14.574947771597092,12.8145766549078,-4.54515869661208,-3.1747390507430713,-1.6841534259744676e-14
163.91743166188917,14.573875492524202,12.812727764336596,-4.546341609596411,-3.1749194138496053,3.368306851948935e-14
163.92771013087568,14.572802913977016,12.810880269321135,-4.547526889704866,-3.175100706361254,-1.6841534259744676e-14
163.93798851853646,14.57173003510692,12.809034166810243,-4.548714542062575,-3.175282931943681,-5.894536990910637e-14
163.94826682474684,14.570656855065339,12.807189453752763,-4.549904571795325,-3.1754660942617026,4.210383564936169e-14
163.95854504938208,14.569583373003738,12.805346127097522,-4.551096984029567,-3.1756501969792894,1.6841534259744676e-14
163.96882319231725,14.568509588073615,12.80350418379336,-4.552291783892408,-3.175835243759572,8.420767129872338e-15
163.9791012534273,14.567435499426491,12.80166362078911,-4.5534889765116136,-3.176021238264832,-2.5262301389617013e-14
163.98937923258694,14.56636110621393,12.799824435033608,-4.5546885670156145,-3.176208184156508,-5.0524602779234026e-14
163.9996571296708,14.565286407587525,12.797986623475692,-4.555890560533488,-3.176396085095197,-5.894536990910637e-14
164.00993494455335,14.564211402698906,12.796150183064187,-4.557094962194987,-3.17658494474065,-4.210383564936169e-14
164.02021267710893,14.563136090699729,12.794315110747938,-4.558301777130506,-3.1767747667517723,0.0
164.03049032721165,14.562060470741686,12.79248140347578,-4.5595110104711045,-3.1769655547866305,8.420767129872338e-15
164.04076789473555,14.560984541976504,12.790649058196541,-4.560722667348503,-3.1771573125024446,8.420767129872338e-15
164.05104537955447,14.559908303555943,12.788818071859058,-4.561936752895076,-3.177350043555592,0.0
164.06132278154215,14.558831754631797,12.78698844141217,-4.563153272243855,-3.1775437516016094,-8.420767129872338e-14
164.07160010057206,14.557754894355883,12.785160163804708,-4.5643722305285275,-3.177738440295186,-8.420767129872338e-14
164.08187733651764,14.556677721880071,12.78333323598551,-4.565593632883436,-3.177934113290172,-8.420767129872338e-14
164.09215448925212,14.555600236356243,12.78150765490341,-4.566817484443586,-3.1781307742395755,-3.368306851948935e-14
164.10243155864862,14.554522436936328,12.779683417507242,-4.568043790344635,-3.178328426795559,-2.5262301389617013e-14
164.11270854458007,14.553444322772275,12.77786052074584,-4.569272555722895,-3.1785270746094474,-1.6841534259744676e-14
164.12298544691922,14.552365893016091,12.776038961568045,-4.570503785715334,-3.1787267213317185,-8.420767129872338e-15
164.13326226553875,14.551287146819794,12.774218736922684,-4.571737485459576,-3.1789273706120142,-1.6841534259744676e-14
164.14353900031114,14.550208083335438,12.772399843758592,-4.572973660093903,-3.1791290260991327,-8.420767129872338e-15
164.1538156511087,14.54912870171511,12.770582279024612,-4.574212314757246,-3.1793316914410257,0.0
164.1640922178036,14.548049001110943,12.768766039669575,-4.575453454589194,-3.1795353702848117,-8.420767129872338e-15
164.17436870026793,14.546968980675084,12.766951122642315,-4.576697084729991,-3.1797400662767616,-4.210383564936169e-14
164.1846450983735,14.545888639559738,12.765137524891667,-4.577943210320534,-3.1799457830623115,-3.368306851948935e-14
164.19492141199206,14.544807976917111,12.763325243366463,-4.579191836502367,-3.180152524286052,-7.578690416885104e-14
164.20519764099515,14.543726991899478,12.761514275015545,-4.580442968417698,-3.180360293591736,3.368306851948935e-14
164.21547378525426,14.542645683659112,12.759704616787744,-4.581696611209384,-3.1805690946222738,-5.0524602779234026e-14
164.22574984464063,14.541564051348347,12.757896265631896,-4.582952770020933,-3.180778931019737,-4.210383564936169e-14
164.23602581902531,14.54048209411954,12.756089218496832,-4.584211449996509,-3.180989806425359,8.420767129872338e-15
164.24630170827936,14.539399811125072,12.754283472331393,-4.585472656280922,-3.1812017244795285,-8.420767129872338e-15
164.25657751227357,14.538317201517376,12.752479024084414,-4.58673639401964,-3.1814146888217993,-8.420767129872338e-15
164.26685323087855,14.537234264448905,12.750675870704722,-4.588002668358784,-3.1816287030908854,8.420767129872338e-15
164.2771288639649,14.536150999072145,12.748874009141161,-4.589271484445121,-3.1818437709246576,4.210383564936169e-14
164.2874044114029,14.535067404539628,12.747073436342559,-4.5905428474260725,-3.182059895960154,3.368306851948935e-14
164.2976798730628,14.533983480003904,12.745274149257758,-4.591816762449709,-3.1822770818335666,-5.894536990910637e-14
164.30795524881466,14.532899224617568,12.743476144835583,-4.593093234664757,-3.182495332180257,-3.368306851948935e-14
164.31823053852835,14.53181463753324,12.74167942002488,-4.594372269220583,-3.182714650634738,5.0524602779234026e-14
164.32850574207365,14.53072971790358,12.739883971774479,-4.595653871267215,-3.182935040830694,4.210383564936169e-14
164.33878085932022,14.529644464881272,12.738089797033215,-4.596938045955324,-3.183156506400965,-5.894536990910637e-14
164.3490558901374,14.528558877619048,12.736296892749923,-4.598224798436232,-3.1833790509775586,8.420767129872338e-15
164.35933083439457,14.527472955269657,12.734505255873435,-4.599514133861914,-3.1836026781916362,-2.5262301389617013e-14
164.36960569196086,14.526386696985897,12.732714883352594,-4.600806057384986,-3.183827391673529,3.368306851948935e-14
164.3798804627053,14.525300101920589,12.730925772136228,-4.602100574158722,-3.1840531950527287,-8.420767129872338e-14
164.39015514649668,14.524213169226595,12.729137919173171,-4.60339768933704,-3.184280091957892,-6.73661370389787e-14
164.40042974320374,14.523125898056792,12.727351321412266,-4.604697408074505,-3.184508086016832,-5.0524602779234026e-14
164.410704252695,14.522038287564126,12.72556597580234,-4.605999735526332,-3.1847371808565303,3.368306851948935e-14
164.42097867483892,14.520950336901537,12.723781879292234,-4.607304676848383,-3.184967380103131,-5.0524602779234026e-14
164.43125300950368,14.519862045222025,12.721999028830778,-4.6086122371971685,-3.1851986873819422,-3.368306851948935e-14
164.44152725655738,14.518773411678614,12.720217421366808,-4.609922421729846,-3.185431106317434,-5.894536990910637e-14
164.451801415868,14.517684435424366,12.718437053849161,-4.6112352356042186,-3.185664640533241,-4.210383564936169e-14
164.46207548730334,14.516595115612365,12.716657923226672,-4.612550683978736,-3.185899293652162,-6.73661370389787e-14
164.47234947073096,14.515505451395741,12.714880026448174,-4.613868772012498,-3.186135069296162,1.6841534259744676e-14
164.4826233660185,14.514415441927657,12.713103360462505,-4.615189504865244,-3.186371971086367,-2.5262301389617013e-14
164.49289717303316,14.513325086361299,12.711327922218493,-4.6165128876973665,-3.1866100026430706,2.5262301389617013e-14
164.5031708916422,14.512234383849899,12.70955370866498,-4.617838925669899,-3.186849167585729,-5.894536990910637e-14
164.51344452171267,14.511143333546713,12.707780716750799,-4.619167623944519,-3.1870894695329652,-5.0524602779234026e-14
164.52371806311143,14.510051934605038,12.706008943424786,-4.620498987683555,-3.1873309121025653,0.0
164.53399151570525,14.508960186178204,12.704238385635774,-4.621833022049971,-3.1875734989114823,-5.894536990910637e-14
164.5442648793607,14.507868087419567,12.702469040332598,-4.623169732207389,-3.187817233575837,-8.420767129872338e-15
164.55453815394426,14.50677563748252,12.700700904464098,-4.624509123320062,-3.18806211971091,-1.6841534259744676e-14
164.5648113393222,14.505682835520494,12.698933974979099,-4.625851200552892,-3.188308160931155,-1.6841534259744676e-14
164.57508443536062,14.504589680686955,12.697168248826443,-4.627195969071425,-3.188555360850186,-2.5262301389617013e-14
164.5853574419256,14.50349617213539,12.69540372295497,-4.628543434041853,-3.1888037230807846,-8.420767129872338e-15
164.5956303588829,14.502402309019342,12.693640394313498,-4.629893600631007,-3.189053251234905,-7.578690416885104e-14
164.60590318609823,14.501308090492355,12.691878259850883,-4.631246474006359,-3.1893039489236554,2.5262301389617013e-14
164.61617592343717,14.500213515708037,12.690117316515947,-4.632602059336033,-3.1895558197573237,8.420767129872338e-15
164.6264485707651,14.49911858382002,12.688357561257524,-4.633960361788786,-3.1898088673453593,-1.6841534259744676e-14
164.6367211279472,14.49802329398197,12.68659899102445,-4.635321386534021,-3.190063095296379,3.368306851948935e-14
164.64699359484865,14.496927645347572,12.68484160276557,-4.63668513874178,-3.1903185072181657,-3.368306851948935e-14
164.65726597133437,14.495831637070571,12.68308539342971,-4.63805162358275,-3.190575106717673,1.6841534259744676e-14
164.66753825726914,14.494735268304726,12.681330359965706,-4.639420846228257,-3.19083289740102,-4.210383564936169e-14
164.6778104525176,14.49363853820384,12.679576499322394,-4.640792811850268,-3.191091882873497,-3.368306851948935e-14
164.68808255694424,14.492541445921738,12.677823808448606,-4.642167525621396,-3.19135206673956,-8.420767129872338e-15
164.69835457041344,14.491443990612296,12.676072284293184,-4.643544992714882,-3.1916134526028292,-3.368306851948935e-14
164.70862649278936,14.490346171429412,12.674321923804957,-4.644925218304624,-3.1918760440661047,-4.210383564936169e-14
164.71889832393606,14.48924798752702,12.672572723932758,-4.646308207565145,-3.1921398447313463,-5.894536990910637e-14
164.72917006371745,14.488149438059082,12.67082468162543,-4.647693965671612,-3.1924048581996813,8.420767129872338e-15
164.73944171199724,14.487050522179613,12.6690777938318,-4.649082497799838,-3.192671088071415,-6.73661370389787e-14
164.74971326863908,14.48595123904264,12.667332057500706,-4.650473809126266,-3.1929385379460156,-8.420767129872338e-14
164.75998473350637,14.484851587802234,12.665587469580986,-4.6518679048279825,-3.193207211422122,-5.894536990910637e-14
164.77025610646245,14.48375156761249,12.663844027021474,-4.653264790082711,-3.1934771120975443,3.368306851948935e-14
164.78052738737046,14.482651177627561,12.662101726771,-4.654664470068815,-3.19374824356926,0.0
164.7907985760934,14.481550417001614,12.660360565778406,-4.656066949965292,-3.19402060943342,-5.0524602779234026e-14
164.80106967249415,14.480449284888847,12.65862054099252,-4.657472234951784,-3.1942942132853416,-5.0524602779234026e-14
164.81134067643535,14.47934778044351,12.65688164936218,-4.658880330208561,-3.1945690587195186,1.6841534259744676e-14
164.8216115877796,14.478245902819864,12.655143887836228,-4.66029124091654,-3.1948451493296073,-5.894536990910637e-14
164.8318824063893,14.477143651172224,12.653407253363486,-4.661704972257268,-3.195122488708445,2.5262301389617013e-14
164.84215313212675,14.476041024654931,12.651671742892795,-4.663121529412934,-3.1954010804480295,-4.210383564936169e-14
164.85242376485397,14.474938022422357,12.649937353372993,-4.664540917566354,-3.1956809281395375,-8.420767129872338e-15
164.862694304433,14.47383464362891,12.648204081752914,-4.665963141900991,-3.1959620353733147,-5.894536990910637e-14
164.87296475072563,14.472730887429035,12.646471924981388,-4.66738820760094,-3.196244405738879,-1.6841534259744676e-14
164.8832351035935,14.47162675297721,12.644740880007252,-4.668816119850928,-3.196528042824919,-3.368306851948935e-14
