galstreams/tracks/track.st.ACS.ramos2021.ecsv
# %ECSV 0.9
# ---
# datatype:
# - {name: ra, unit: deg, datatype: float64}
# - {name: dec, unit: deg, datatype: float64}
# - {name: distance, unit: kpc, datatype: float64}
# - {name: pm_ra_cosdec, unit: mas / yr, datatype: float64}
# - {name: pm_dec, unit: mas / yr, datatype: float64}
# - {name: radial_velocity, unit: km / s, datatype: float64}
# delimiter: ','
# meta: !!omap
# - __serialized_columns__:
#     dec:
#       __class__: astropy.coordinates.angles.Latitude
#       unit: &id001 !astropy.units.Unit {unit: deg}
#       value: !astropy.table.SerializedColumn {name: dec}
#     distance:
#       __class__: astropy.coordinates.distances.Distance
#       unit: !astropy.units.Unit {unit: kpc}
#       value: !astropy.table.SerializedColumn {name: distance}
#     pm_dec:
#       __class__: astropy.units.quantity.Quantity
#       unit: !astropy.units.Unit {unit: mas / yr}
#       value: !astropy.table.SerializedColumn {name: pm_dec}
#     pm_ra_cosdec:
#       __class__: astropy.units.quantity.Quantity
#       unit: !astropy.units.Unit {unit: mas / yr}
#       value: !astropy.table.SerializedColumn {name: pm_ra_cosdec}
#     ra:
#       __class__: astropy.coordinates.angles.Longitude
#       unit: *id001
#       value: !astropy.table.SerializedColumn {name: ra}
#       wrap_angle: !astropy.coordinates.Angle
#         unit: *id001
#         value: 360.0
#     radial_velocity:
#       __class__: astropy.units.quantity.Quantity
#       unit: !astropy.units.Unit {unit: km / s}
#       value: !astropy.table.SerializedColumn {name: radial_velocity}
# schema: astropy-2.0
ra,dec,distance,pm_ra_cosdec,pm_dec,radial_velocity
[from data line 1233]
133.07997484670446,68.85098829393556,11.699999999999953,0.5860691980178542,-0.412691211087069,-9.47336302110638e-15
133.07496184753958,68.84114941326504,11.699999999999955,0.5856522030517121,-0.4126758965419569,-1.0525958912340423e-14
133.0699558199286,68.83131019479403,11.699999999999958,0.5852344271144274,-0.4126598092530842,-8.420767129872338e-15
133.0649567493801,68.8214706393309,11.699999999999955,0.584815872834323,-0.41264295354685815,-8.420767129872338e-15
133.0599646214305,68.81163074768222,11.699999999999955,0.584396542861247,-0.41262533376164523,-7.368171238638296e-15
133.0549794216442,68.80179052065303,11.699999999999955,0.583976439866539,-0.4126069542476028,-1.3683746586042549e-14
133.05000113561323,68.79194995904666,11.699999999999951,0.583555566543008,-0.41258781936649624,-5.2629794561702115e-15
133.04502974895726,68.78210906366482,11.699999999999957,0.5831339256048936,-0.4125679334915294,-1.1578554803574466e-14
133.04006524732372,68.77226783530753,11.699999999999955,0.5827115197878245,-0.41254730100717485,-5.2629794561702115e-15
133.03510761638745,68.76242627477316,11.699999999999955,0.5822883518487957,-0.4125259263089947,-8.420767129872338e-15
133.0301568418509,68.75258438285846,11.699999999999955,0.581864424566121,-0.412503813803469,-1.5788938368510635e-14
133.02521290944395,68.74274216035849,11.699999999999953,0.5814397407394005,-0.41248096790782857,-6.315575347404253e-15
133.0202758049238,68.73289960806675,11.699999999999955,0.5810143031894849,-0.41245739304987467,-5.2629794561702115e-15
133.01534551407505,68.72305672677508,11.699999999999955,0.5805881147584305,-0.4124330936678152,-1.1578554803574466e-14
133.0104220227095,68.71321351727367,11.699999999999953,0.580161178309471,-0.4124080742100894,-9.47336302110638e-15
133.0055053166662,68.70336998035108,11.699999999999957,0.5797334967269608,-0.4123823391351972,-9.47336302110638e-15
133.00059538181134,68.69352611679433,11.699999999999955,0.5793050729163489,-0.4123558929115311,-6.315575347404253e-15
132.9956922040382,68.68368192738875,11.699999999999958,0.5788759098041307,-0.4123287400172033,-4.210383564936169e-15
132.99079576926707,68.67383741291816,11.699999999999955,0.578446010337808,-0.4123008849398785,-1.2631150694808506e-14
132.9859060634452,68.66399257416458,11.699999999999955,0.5780153774858402,-0.4122723321766061,-1.2631150694808506e-14
132.98102307254683,68.65414741190861,11.699999999999955,0.5775840142376095,-0.41224308623364475,-1.0525958912340423e-14
132.97614678257293,68.64430192692924,11.699999999999955,0.5771519236033633,-0.41221315162630096,-9.47336302110638e-15
132.97127717955144,68.6344561200038,11.699999999999955,0.5767191086141801,-0.41218253287875917,-6.315575347404253e-15
132.9664142495368,68.6246099919081,11.699999999999955,0.5762855723219207,-0.4121512345239147,-1.3683746586042549e-14
132.96155797861033,68.6147635434163,11.699999999999955,0.5758513177991759,-0.4121192611032036,-1.0525958912340423e-14
132.95670835287996,68.60491677530106,11.69999999999996,0.5754163481392228,-0.41208661716643946,-1.473634247727659e-14
132.9518653584801,68.5950696883334,11.699999999999958,0.5749806664559778,-0.41205330727164824,-7.368171238638296e-15
132.9470289815716,68.5852222832828,11.699999999999957,0.5745442758839407,-0.4120193359848971,-1.0525958912340423e-14
132.94219920834203,68.5753745609172,11.699999999999958,0.5741071795781529,-0.4119847078801351,-9.47336302110638e-15
132.9373760250051,68.56552652200295,11.699999999999955,0.573669380714138,-0.41194942753902397,-1.0525958912340423e-14
132.93255941780092,68.55567816730485,11.69999999999996,0.5732308824878574,-0.4119134995507785,-1.1578554803574466e-14
132.92774937299598,68.54582949758613,11.699999999999957,0.5727916881156561,-0.41187692851199703,-2.1051917824680845e-15
132.9229458768828,68.53598051360852,11.699999999999957,0.5723518008342057,-0.41183971902650107,-1.6841534259744676e-14
132.91814891578034,68.52613121613217,11.699999999999958,0.5719112239004558,-0.4118018757051736,-1.3683746586042549e-14
132.91335847603338,68.51628160591571,11.699999999999958,0.5714699605915738,-0.41176340316579146,-1.1578554803574466e-14
132.90857454401296,68.5064316837162,11.699999999999958,0.5710280142048993,-0.41172430603286986,-9.47336302110638e-15
132.9037971061161,68.4965814502893,11.699999999999957,0.5705853880578756,-0.41168458893749826,-9.47336302110638e-15
132.89902614876559,68.48673090638891,11.699999999999958,0.5701420854880028,-0.4116442565171736,-1.2631150694808506e-14
132.8942616584103,68.4768800527676,11.699999999999955,0.569698109852777,-0.4116033134156509,-1.0525958912340423e-14
132.88950362152482,68.46702889017634,11.699999999999958,0.5692534645296293,-0.4115617642827694,-7.368171238638296e-15
132.8847520246096,68.45717741936463,11.69999999999996,0.5688081529158729,-0.4115196137743071,-8.420767129872338e-15
132.88000685419078,68.44732564108047,11.699999999999955,0.5683621784286409,-0.4114768665518128,-1.1578554803574466e-14
132.87526809682012,68.43747355607027,11.699999999999958,0.5679155445048187,-0.4114335272824461,-1.2631150694808506e-14
132.87053573907505,68.42762116507903,11.699999999999955,0.5674682546010011,-0.4113896006388246,-1.1578554803574466e-14
132.8658097675585,68.4177684688502,11.699999999999955,0.5670203121934125,-0.41134509129886415,-6.315575347404253e-15
132.8610901688989,68.40791546812576,11.69999999999996,0.5665717207778516,-0.41130000394562155,-1.0525958912340423e-14
132.85637692975024,68.3980621636462,11.699999999999958,0.5661224838696319,-0.4112543432671364,-7.368171238638296e-15
132.85167003679177,68.38820855615054,11.699999999999955,0.5656726050035114,-0.41120811395627654,-1.3683746586042549e-14
132.84696947672813,68.37835464637625,11.699999999999957,0.5652220877336339,-0.41116132071058087,-7.368171238638296e-15
132.84227523628923,68.36850043505942,11.699999999999957,0.564770935633461,-0.41111396823210644,-1.0525958912340423e-14
132.83758730223025,68.3586459229346,11.699999999999958,0.5643191522957062,-0.41106606122727235,-1.0525958912340423e-14
132.8329056613315,68.3487911107349,11.699999999999958,0.5638667413322709,-0.4110176044067042,-1.473634247727659e-14
132.82823030039845,68.33893599919199,11.699999999999958,0.5634137063741723,-0.4109686024850832,-1.0525958912340423e-14
132.8235612062615,68.32908058903597,11.699999999999958,0.5629600510714852,-0.41091906018099106,-1.6841534259744676e-14
132.81889836577628,68.31922488099556,11.699999999999957,0.5625057790932619,-0.41086898221675544,-1.3683746586042549e-14
132.81424176582328,68.30936887579809,11.699999999999958,0.5620508941274692,-0.41081837331830506,-8.420767129872338e-15
132.80959139330784,68.29951257416933,11.699999999999955,0.5615953998809231,-0.4107672382150087,-1.0525958912340423e-14
132.80494723516023,68.28965597683367,11.699999999999955,0.5611393000792079,-0.41071558163953237,-1.3683746586042549e-14
132.80030927833553,68.27979908451404,11.699999999999955,0.5606825984666161,-0.41066340832768067,-1.0525958912340423e-14
132.79567750981352,68.26994189793191,11.699999999999955,0.5602252988060678,-0.41061072301825735,-6.315575347404253e-15
132.7910519165987,68.2600844178074,11.699999999999957,0.5597674048790435,-0.4105575304529027,-1.1578554803574466e-14
132.78643248572013,68.25022664485905,11.699999999999957,0.5593089204855105,-0.4105038353759562,-8.420767129872338e-15
132.78181920423165,68.24036857980416,11.699999999999958,0.5588498494438513,-0.41044964253430405,-7.368171238638296e-15
132.77721205921148,68.23051022335844,11.69999999999996,0.55839019559078,-0.41039495667722564,-1.9999321933446802e-14
132.7726110377624,68.22065157623624,11.699999999999955,0.5579299627812833,-0.41033978255626025,-9.47336302110638e-15
132.76801612701155,68.21079263915057,11.699999999999958,0.557469154888527,-0.41028412492504096,-8.420767129872338e-15
132.76342731411054,68.20093341281294,11.699999999999955,0.5570077758037998,-0.4102279885391675,-1.1578554803574466e-14
132.75884458623526,68.19107389793348,11.699999999999958,0.5565458294364161,-0.41017137815604887,-1.1578554803574466e-14
132.75426793058588,68.18121409522091,11.699999999999957,0.5560833197136551,-0.4101142985347606,-1.0525958912340423e-14
132.74969733438684,68.17135400538261,11.69999999999996,0.5556202505806735,-0.4100567544359034,-1.2631150694808506e-14
132.74513278488666,68.16149362912442,11.699999999999955,0.5551566260004317,-0.40999875062145436,-1.1578554803574466e-14
132.74057426935815,68.15163296715095,11.699999999999957,0.5546924499536127,-0.40994029185462755,-9.47336302110638e-15
132.73602177509798,68.14177202016529,11.699999999999958,0.554227726438542,-0.4098813828997291,-9.47336302110638e-15
132.731475289427,68.13191078886926,11.699999999999958,0.5537624594711068,-0.40982202852201643,-7.368171238638296e-15
132.72693479969,68.12204927396326,11.699999999999957,0.5532966530846798,-0.40976223348755547,-8.420767129872338e-15
132.72240029325567,68.11218747614626,11.69999999999996,0.552830311330033,-0.4097020025630781,-1.473634247727659e-14
132.7178717575166,68.1023253961159,11.699999999999955,0.5523634382752558,-0.40964134051584583,-9.47336302110638e-15
132.71334917988912,68.09246303456847,11.699999999999955,0.5518960380056747,-0.4095802521135033,-1.2631150694808506e-14
132.70883254781344,68.08260039219884,11.699999999999958,0.5514281146237688,-0.40951874212394723,-9.47336302110638e-15
132.70432184875344,68.07273746970057,11.699999999999955,0.5509596722490862,-0.40945681531517963,-1.0525958912340423e-14
132.69981707019662,68.06287426776585,11.69999999999996,0.5504907150181584,-0.40939447645517313,-1.1578554803574466e-14
132.69531819965417,68.05301078708548,11.699999999999958,0.5500212470844195,-0.4093317303117357,-1.0525958912340423e-14
132.69082522466084,68.04314702834894,11.699999999999957,0.5495512726181144,-0.40926858165236807,-1.0525958912340423e-14
132.68633813277486,68.03328299224435,11.699999999999957,0.5490807958062194,-0.4092050352441301,-1.2631150694808506e-14
132.681856911578,68.02341867945849,11.699999999999955,0.54860982085235,-0.4091410958535067,-8.420767129872338e-15
132.67738154867536,68.01355409067682,11.699999999999955,0.5481383519766773,-0.40907676824627065,-1.3683746586042549e-14
132.6729120316955,68.00368922658345,11.699999999999958,0.5476663934158386,-0.40901205718734446,-1.0525958912340423e-14
132.66844834829016,67.99382408786107,11.699999999999955,0.5471939494228518,-0.4089469674406722,-1.2631150694808506e-14
132.66399048613457,67.98395867519116,11.69999999999996,0.5467210242670216,-0.4088815037690835,-6.315575347404253e-15
132.65953843292698,67.97409298925385,11.69999999999996,0.5462476222338564,-0.40881567093415844,-1.5788938368510635e-14
132.65509217638896,67.96422703072788,11.699999999999958,0.5457737476249703,-0.4087494736960981,-1.2631150694808506e-14
132.65065170426513,67.95436080029076,11.69999999999996,0.5452994047580031,-0.4086829168135922,-9.47336302110638e-15
132.6462170043232,67.94449429861862,11.699999999999958,0.54482459796652,-0.40861600504368506,-8.420767129872338e-15
132.6417880643539,67.93462752638631,11.699999999999957,0.5443493315999274,-0.4085487431416508,-1.1578554803574466e-14
132.637364872171,67.92476048426732,11.69999999999996,0.5438736100233758,-0.4084811358608565,-9.47336302110638e-15
132.6329474156111,67.91489317293393,11.69999999999996,0.5433974376176696,-0.40841318795263815,-9.47336302110638e-15
132.6285356825338,67.905025593057,11.699999999999958,0.5429208187791754,-0.40834490416616936,-1.2631150694808506e-14
132.62412966082147,67.89515774530621,11.699999999999958,0.5424437579197214,-0.4082762892483325,-1.5788938368510635e-14
132.61972933837924,67.8852896303498,11.69999999999996,0.5419662594665149,-0.408207347943595,-9.47336302110638e-15
132.61533470313506,67.87542124885488,11.699999999999958,0.5414883278620404,-0.4081380849938765,-9.47336302110638e-15
132.61094574303954,67.86555260148717,11.69999999999996,0.5410099675639648,-0.4080685051384281,-8.420767129872338e-15
132.60656244606588,67.85568368891109,11.699999999999958,0.5405311830450448,-0.40799861311370406,-1.1578554803574466e-14
132.60218480020998,67.84581451178984,11.699999999999958,0.5400519787930286,-0.4079284136532352,-8.420767129872338e-15
132.59781279349025,67.83594507078539,11.699999999999957,0.5395723593105591,-0.40785791148750766,-1.2631150694808506e-14
132.5934464139475,67.8260753665582,11.699999999999957,0.539092329115081,-0.4077871113438355,-1.473634247727659e-14
132.58908564964517,67.8162053997677,11.699999999999957,0.5386118927387384,-0.40771601794624124,-1.1578554803574466e-14
132.58473048866904,67.80633517107198,11.69999999999996,0.5381310547282796,-0.4076446360153307,-1.473634247727659e-14
132.58038091912724,67.79646468112783,11.699999999999958,0.537649819644959,-0.40757297026817013,-1.0525958912340423e-14
132.57603692915018,67.78659393059081,11.699999999999958,0.5371681920644363,-0.4075010254181675,-1.1578554803574466e-14
132.57169850689058,67.7767229201152,11.69999999999996,0.5366861765766797,-0.4074288061749495,-1.5788938368510635e-14
132.56736564052343,67.76685165035404,11.69999999999996,0.5362037777858653,-0.40735631724424276,-9.47336302110638e-15
132.5630383182459,67.75698012195913,11.69999999999996,0.5357210003102745,-0.4072835633277535,-1.2631150694808506e-14
132.5587165282771,67.74710833558098,11.699999999999958,0.5352378487822002,-0.407210549123047,-1.0525958912340423e-14
132.55440025885852,67.73723629186888,11.699999999999957,0.5347543278478343,-0.4071372793234335,-1.1578554803574466e-14
132.55008949825344,67.72736399147087,11.69999999999996,0.5342704421671782,-0.40706375861784627,-7.368171238638296e-15
132.54578423474726,67.71749143503376,11.699999999999958,0.5337861964139342,-0.4069899916907275,-1.3683746586042549e-14
132.54148445664734,67.70761862320312,11.699999999999958,0.5333015952754069,-0.40691598322190903,-1.2631150694808506e-14
132.53719015228285,67.69774555662327,11.69999999999996,0.5328166434523922,-0.4068417378864998,-9.47336302110638e-15
132.53290131000492,67.68787223593735,11.69999999999996,0.5323313456590849,-0.40676726035476746,-1.0525958912340423e-14
132.52861791818643,67.67799866178724,11.69999999999996,0.5318457066229691,-0.40669255529202575,-1.0525958912340423e-14
132.52433996522197,67.66812483481354,11.69999999999996,0.5313597310847148,-0.40661762735852053,-1.3683746586042549e-14
132.520067439528,67.65825075565567,11.69999999999996,0.5308734237980737,-0.4065424812093157,-1.0525958912340423e-14
132.51580032954251,67.6483764249519,11.699999999999958,0.5303867895297731,-0.40646712149417996,-1.0525958912340423e-14
132.51153862372527,67.63850184333923,11.69999999999996,0.5298998330594169,-0.4063915528574779,-1.0525958912340423e-14
132.50728231055746,67.62862701145343,11.69999999999996,0.5294125591793666,-0.4063157799380533,-1.3683746586042549e-14
132.50303137854195,67.61875192992908,11.699999999999958,0.528924972694651,-0.40623980736912463,-9.47336302110638e-15
132.49878581620302,67.60887659939957,11.69999999999996,0.5284370784228464,-0.4061636397781687,-1.3683746586042549e-14
132.49454561208645,67.59900102049706,11.699999999999958,0.5279488811939801,-0.4060872817868163,-1.5788938368510635e-14
132.49031075475943,67.58912519385254,11.69999999999996,0.5274603858504162,-0.40601073801074067,-1.3683746586042549e-14
132.48608123281045,67.57924912009578,11.699999999999958,0.5269715972467497,-0.405934013059549,-6.315575347404253e-15
132.48185703484936,67.56937279985537,11.699999999999958,0.5264825202497009,-0.4058571115366757,-8.420767129872338e-15
132.47763814950733,67.55949623375872,11.69999999999996,0.5259931597380022,-0.4057800380392753,-5.2629794561702115e-15
132.47342456543666,67.54961942243204,11.69999999999996,0.5255035206022945,-0.4057027971581172,-1.473634247727659e-14
132.46921627131093,67.53974236650035,11.69999999999996,0.5250136077450146,-0.40562539347747706,-1.5788938368510635e-14
132.46501325582486,67.52986506658749,11.69999999999996,0.5245234260802873,-0.40554783157503477,-1.5788938368510635e-14
