galstreams/tracks/track.st.Ylgr.ibata2021.ecsv
# %ECSV 1.0
# ---
# datatype:
# - {name: ra, unit: deg, datatype: float64}
# - {name: dec, unit: deg, datatype: float64}
# - {name: distance, unit: kpc, datatype: float64}
# - {name: pm_ra_cosdec, unit: mas / yr, datatype: float64}
# - {name: pm_dec, unit: mas / yr, datatype: float64}
# - {name: radial_velocity, unit: km / s, datatype: float64}
# delimiter: ','
# meta: !!omap
# - __serialized_columns__:
#     dec:
#       __class__: astropy.coordinates.angles.Latitude
#       unit: &id001 !astropy.units.Unit {unit: deg}
#       value: !astropy.table.SerializedColumn {name: dec}
#     distance:
#       __class__: astropy.coordinates.distances.Distance
#       unit: !astropy.units.Unit {unit: kpc}
#       value: !astropy.table.SerializedColumn {name: distance}
#     pm_dec:
#       __class__: astropy.units.quantity.Quantity
#       unit: !astropy.units.Unit {unit: mas / yr}
#       value: !astropy.table.SerializedColumn {name: pm_dec}
#     pm_ra_cosdec:
#       __class__: astropy.units.quantity.Quantity
#       unit: !astropy.units.Unit {unit: mas / yr}
#       value: !astropy.table.SerializedColumn {name: pm_ra_cosdec}
#     ra:
#       __class__: astropy.coordinates.angles.Longitude
#       unit: *id001
#       value: !astropy.table.SerializedColumn {name: ra}
#       wrap_angle: !astropy.coordinates.Angle
#         unit: *id001
#         value: 360.0
#     radial_velocity:
#       __class__: astropy.units.quantity.Quantity
#       unit: !astropy.units.Unit {unit: km / s}
#       value: !astropy.table.SerializedColumn {name: radial_velocity}
# schema: astropy-2.0
ra,dec,distance,pm_ra_cosdec,pm_dec,radial_velocity
[from data line 2662]
174.0802882885993,-22.314766192930403,10.352073647586671,-0.3363139327013118,-7.461802186605743,236.18220943490084
174.0841349498028,-22.324116858408182,10.353973308590538,-0.3363807677246631,-7.4600923673613195,236.2500826472778
174.08798182579315,-22.333467543200904,10.355871991550712,-0.3364476666035172,-7.458382921776019,236.3179415872898
174.09182891685438,-22.34281824726371,10.357769694302386,-0.3365146292325646,-7.4566738503391905,236.3857862374909
174.09567622327071,-22.352168970551705,10.359666414680781,-0.3365816555064119,-7.454965153540153,236.45361658043524
174.09952374532637,-22.361519713019995,10.361562150521097,-0.33664874531958555,-7.453256831868239,236.52143259867677
174.10337148330564,-22.370870474623672,10.363456899658551,-0.3367158985665267,-7.45154888581276,236.5892342747696
174.107219437493,-22.380221255317846,10.365350659928346,-0.33678311514159576,-7.449841315863026,236.65702159126778
174.11106760817296,-22.389572055057574,10.367243429165693,-0.33685039493907154,-7.4481341225083515,236.72479453072523
174.11491599563,-22.39892287379796,10.369135205205797,-0.3369177378531489,-7.446427306238033,236.79255307569616
174.1187646001489,-22.408273711494065,10.371025985883868,-0.33698514377793887,-7.444720867541367,236.86029720873458
174.1226134220143,-22.417624568100944,10.37291576903512,-0.3370526126074698,-7.443014806907644,236.9280269123945
174.1264624615111,-22.426975443573657,10.374804552494764,-0.3371201442356915,-7.441309124826137,236.99574216923
174.13031171892413,-22.436326337867257,10.376692334097992,-0.3371877385564652,-7.439603821786137,237.0634429617951
174.13416119453845,-22.445677250936797,10.378579111680029,-0.33725539546357286,-7.4378988982769085,237.1311292726439
174.13801088863906,-22.455028182737298,10.380464883076074,-0.33732311485071176,-7.436194354787719,237.19880108433046
174.1418608015112,-22.464379133223797,10.382349646121343,-0.3373908966114987,-7.434490191807828,237.2664583794087
174.14571093344006,-22.473730102351308,10.384233398651043,-0.3374587406394647,-7.432786409826482,237.3341011404328
174.14956128471093,-22.483081090074847,10.386116138500379,-0.3375266468280581,-7.43108300933294,237.40172934995672
174.15341185560922,-22.492432096349436,10.387997863504562,-0.33759461507064453,-7.4293799908164395,237.4693429905346
174.15726264642046,-22.501783121130053,10.389878571498798,-0.3376626452605097,-7.4276773547662165,237.5369420447205
174.16111365743018,-22.5111341643717,10.391758260318301,-0.3377307372908487,-7.425975101671497,237.60452649506823
174.164964888924,-22.520485226029376,10.393636927798275,-0.3377988910547799,-7.424273232021512,237.67209632413216
174.16881634118775,-22.52983630605804,10.39551457177393,-0.3378671064453384,-7.42257174630547,237.73965151446612
174.17266801450714,-22.539187404412683,10.397391190080477,-0.33793538335547096,-7.42087064501259,237.8071920486243
174.17651990916812,-22.548538521048243,10.399266780553123,-0.3380037216780437,-7.419169928632076,237.87471790916058
174.1803720254567,-22.55788965591971,10.401141341027078,-0.3380721213058421,-7.417469597653127,237.94222907862914
174.1842243636589,-22.56724080898201,10.403014869337547,-0.3381405821315622,-7.415769652564939,238.00972553958405
174.18807692406085,-22.5765919801901,10.404887363319737,-0.3382091040478216,-7.414070093856698,238.0772072745793
174.19192970694883,-22.585943169498915,10.406758820808866,-0.33827768694715354,-7.4123709220175815,238.14467426616892
174.19578271260914,-22.595294376863365,10.408629239640137,-0.338346330722004,-7.410672137536772,238.21212649690705
174.19963594132818,-22.604645602238392,10.410498617648758,-0.3384150352647406,-7.408973740903434,238.27956394934762
174.20348939339246,-22.61399684557891,10.412366952669936,-0.33848380046764176,-7.407275732606731,238.3469866060447
174.2073430690885,-22.623348106839813,10.414234242538887,-0.33855262622290794,-7.405578113135819,238.41439444955247
174.21119696870298,-22.63269938597601,10.416100485090814,-0.33862151242265004,-7.40388088297985,238.48178746242488
174.21505109252263,-22.642050682942383,10.417965678160924,-0.33869045895890043,-7.4021840426279715,238.5491656272158
174.2189054408343,-22.651401997693835,10.419829819584429,-0.3387594657236037,-7.400487592569316,238.61652892647965
174.2227600139248,-22.660753330185226,10.421692907196535,-0.33882853260862117,-7.3987915332930205,238.68387734277016
174.22661481208127,-22.670104680371438,10.423554938832458,-0.3388976595057313,-7.397095865288203,238.75121085864163
174.23046983559064,-22.679456048207317,10.425415912327399,-0.33896684630662854,-7.395400589043993,238.81852945664792
174.23432508474016,-22.688807433647735,10.427275825516567,-0.33903609290292347,-7.393705705049501,238.8858331193431
174.238180559817,-22.698158836647533,10.429134676235178,-0.33910539918613897,-7.392011213793827,238.95312182928123
174.24203626110855,-22.70751025716156,10.43099246231843,-0.33917476504772026,-7.390317115766077,239.0203955690165
174.24589218890222,-22.716861695144633,10.432849181601538,-0.339244190379022,-7.388623411455348,239.08765432110278
174.24974834348546,-22.726213150551594,10.434704831919712,-0.33931367507131793,-7.386930101350724,239.1548980680942
174.25360472514592,-22.735564623337247,10.43655941110816,-0.33938321901579693,-7.385237185941287,239.2221267925448
174.2574613341712,-22.744916113456416,10.438412917002085,-0.33945282210356365,-7.383544665716115,239.28934047700864
174.26131817084905,-22.75426762086389,10.4402653474367,-0.33952248422563747,-7.381852541164275,239.3565391040397
174.26517523546738,-22.763619145514472,10.442116700247219,-0.3395922052729534,-7.380160812774827,239.42372265619218
174.26903252831403,-22.772970687362946,10.443966973268841,-0.3396619851363637,-7.378469481036828,239.49089111601995
174.27289004967707,-22.782322246364103,10.445816164336778,-0.3397318237066351,-7.376778546439332,239.55804446607715
174.27674779984457,-22.79167382247271,10.447664271286241,-0.3398017208744474,-7.375088009471379,239.62518268891785
174.28060577910472,-22.801025415643533,10.44951129195244,-0.3398716765303976,-7.373397870622007,239.69230576709606
174.28446398774574,-22.81037702583132,10.451357224170579,-0.33994169056500134,-7.371708130380242,239.75941368316577
174.28832242605606,-22.81972865299084,10.45320206577587,-0.3400117628686837,-7.3700187892351146,239.82650641968112
174.292181094324,-22.829080297076814,10.455045814603517,-0.3400818933317872,-7.368329847675637,239.89358395919615
174.29603999283822,-22.83843195804399,10.456888468488733,-0.340152081844573,-7.366641306190825,239.96064628426493
174.29989912188722,-22.847783635847094,10.458730025266727,-0.34022232829721055,-7.364953165269678,240.02769337744135
174.30375848175973,-22.85713533044085,10.460570482772704,-0.3402926325797899,-7.363265425401196,240.09472522127973
174.30761807274456,-22.866487041779955,10.46240983884188,-0.3403629945823162,-7.361578087074365,240.16174179833382
174.31147789513057,-22.87583876981913,10.464248091309456,-0.34043341419470446,-7.359891150778179,240.22874309115798
174.31533794920665,-22.88519051451305,10.46608523801064,-0.34050389130678904,-7.358204617001611,240.29572908230583
174.3191982352619,-22.894542275816427,10.46792127678065,-0.34057442580831787,-7.356518486233635,240.36269975433194
174.32305875358543,-22.90389405368393,10.469756205454683,-0.34064501758895505,-7.354832758963211,240.42965508979003
174.32691950446645,-22.913245848070236,10.47159002186796,-0.3407156665382769,-7.353147435679296,240.49659507123417
174.33078048819428,-22.922597658930005,10.473422723855682,-0.3407863725457757,-7.35146251687085,240.5635196812185
174.33464170505826,-22.931949486217903,10.475254309253055,-0.3408571355008599,-7.3497780030268105,240.63042890229704
174.33850315534792,-22.941301329888567,10.47708477589529,-0.34092795529285136,-7.34809389463612,240.69732271702384
174.34236483935277,-22.950653189896652,10.478914121617603,-0.34099883181098434,-7.346410192187704,240.76420110795286
174.3462267573625,-22.960005066196782,10.480742344255198,-0.3410697649444108,-7.344726896170494,240.83106405763817
174.3500889096668,-22.969356958743578,10.482569441643278,-0.34114075458219695,-7.343044007073404,240.89791154863397
174.3539512965555,-22.978708867491687,10.484395411617058,-0.3412118006133211,-7.341361525385348,240.9647435634942
174.35781391831853,-22.98806079239569,10.486220252011744,-0.34128290292667884,-7.339679451595226,241.0315600847729
174.36167677524588,-22.997412733410208,10.488043960662548,-0.3413540614110785,-7.3379977861919405,241.09836109502416
174.36553986762763,-23.006764690489828,10.489866535404673,-0.3414252759552415,-7.336316529664381,241.16514657680204
174.36940319575396,-23.016116663589127,10.491687974073335,-0.34149654644780814,-7.334635682501428,241.23191651266055
174.37326675991508,-23.025468652662695,10.493508274503734,-0.3415678727773266,-7.332955245191964,241.29867088515357
174.3771305604014,-23.034820657665094,10.495327434531088,-0.34163925483226376,-7.331275218224856,241.36540967683544
174.38099459750333,-23.044172678550897,10.4971454519906,-0.3417106925009997,-7.329595602088968,241.43213287026018
174.38485887151143,-23.053524715274655,10.498962324717478,-0.3417821856718284,-7.327916397273161,241.49884044798168
174.3887233827162,-23.062876767790925,10.500778050546934,-0.34185373423295545,-7.326237604266276,241.56553239255396
174.39258813140842,-23.072228836054222,10.502592627314176,-0.3419253380725039,-7.324559223557166,241.63220868653133
174.3964531178789,-23.081580920019093,10.504406052854408,-0.3419969970785098,-7.322881255634663,241.69886931246756
174.40031834241847,-23.090933019640055,10.506218325002845,-0.342068711138923,-7.32120370098759,241.76551425291674
174.4041838053181,-23.10028513487163,10.508029441594694,-0.34214048014160514,-7.319526560104781,241.83214349043328
174.40804950686882,-23.10963726566832,10.509839400465163,-0.3422123039743347,-7.31784983347504,241.89875700757074
174.41191544736182,-23.118989411984614,10.51164819944946,-0.34228418252480286,-7.316173521587179,241.9653547868833
174.41578162708828,-23.128341573775014,10.513455836382796,-0.34235611568061236,-7.3144976249299996,242.03193681092517
174.41964804633955,-23.137693750994007,10.515262309100374,-0.34242810332928425,-7.312822143992299,242.09850306225042
174.42351470540703,-23.147045943596048,10.517067615437407,-0.3425001453582479,-7.311147079262861,242.16505352341278
174.4273816045822,-23.156398151535612,10.518871753229108,-0.34257224165484906,-7.309472431230464,242.2315881769666
174.43124874415662,-23.165750374767164,10.520674720310677,-0.34264439210634645,-7.307798200383888,242.29810700546582
174.43511612442202,-23.175102613245134,10.52247651451733,-0.34271659659991294,-7.306124387211891,242.36460999146448
174.43898374567013,-23.184454866924,10.524277133684265,-0.3427888550226352,-7.304450992203234,242.43109711751674
174.44285160819283,-23.19380713575815,10.526076575646707,-0.34286116726151084,-7.3027780158466715,242.4975683661765
174.44671971228203,-23.203159419702036,10.527874838239851,-0.34293353320345077,-7.301105458630948,242.56402371999783
174.45058805822976,-23.212511718710065,10.529671919298911,-0.3430059527352838,-7.299433321044798,242.63046316153483
174.4544566463281,-23.22186403273665,10.531467816659097,-0.34307842574374664,-7.297761603576952,242.6968866733416
174.45832547686936,-23.23121636173619,10.533262528155612,-0.3431509521154913,-7.2960903067161365,242.76329423797205
174.4621945501458,-23.240568705663065,10.535056051623672,-0.34322353173708375,-7.294419430951066,242.82968583798032
174.46606386644976,-23.24992106447168,10.536848384898482,-0.3432961644950009,-7.292748976770447,242.8960614559204
174.46993342607374,-23.2592734381164,10.538639525815253,-0.3433688502756352,-7.291078944662982,242.96242107434648
174.47380322931033,-23.26862582655158,10.540429472209182,-0.3434415889652891,-7.289409335117375,243.02876467581245
174.4776732764522,-23.277978229731584,10.542218221915496,-0.34351438045018107,-7.287740148622299,243.09509224287237
174.48154356779204,-23.287330647610766,10.544005772769392,-0.3435872246164393,-7.286071385666441,243.1614037580804
174.48541410362276,-23.296683080143474,10.545792122606084,-0.3436601213501098,-7.284403046738466,243.2276992039905
174.4892848842372,-23.306035527284024,10.547577269260778,-0.3437330705371435,-7.282735132327048,243.29397856315674
174.49315590992848,-23.315387988986753,10.549361210568678,-0.3438060720634114,-7.281067642920847,243.3602418181332
174.4970271809896,-23.324740465205966,10.551143944365004,-0.34387912581469354,-7.279400579008502,243.42648895147383
174.50089869771386,-23.33409295589599,10.552925468484954,-0.34395223167668376,-7.277733941078668,243.49271994573277
174.5047704603945,-23.343445461011104,10.554705780763744,-0.3440253895349882,-7.2760677296199745,243.55893478346405
174.5086424693249,-23.35279798050561,10.556484879036574,-0.34409859927512365,-7.274401945121056,243.62513344722174
174.51251472479856,-23.362150514333784,10.558262761138662,-0.34417186078252265,-7.2727365880705275,243.6913159195599
174.51638722710902,-23.371503062449893,10.560039424905218,-0.3442451739425305,-7.271071658957001,243.7574821830325
174.52025997654997,-23.380855624808216,10.56181486817144,-0.3443185386403992,-7.269407158269088,243.8236322201936
174.52413297341508,-23.39020820136301,10.563589088772542,-0.3443919547612996,-7.267743086495388,243.88976601359738
174.5280062179983,-23.3995607920685,10.565362084543741,-0.3444654221903119,-7.266079444124486,243.9558835457976
174.53187971059342,-23.408913396878955,10.567133853320229,-0.344538940812426,-7.264416231644978,244.02198479934867
174.53575345149454,-23.418266015748586,10.568904392937226,-0.34461251051255104,-7.262753449545429,244.08806975680434
174.5396274409958,-23.427618648631622,10.570673701229937,-0.3446861311755012,-7.261091098314413,244.1541384007189
174.5435016793913,-23.43697129548227,10.572441776033573,-0.34475980268600664,-7.259429178440489,244.22019071364625
174.54737616697545,-23.446323956254737,10.574208615183345,-0.344833524928707,-7.257767690412215,244.28622667814042
174.55125090404258,-23.45567663090323,10.575974216514453,-0.34490729778815843,-7.256106634718131,244.35224627675558
174.55512589088715,-23.46502931938193,10.577738577862114,-0.34498112114882284,-7.254446011846783,244.41824949204565
174.55900112780375,-23.474382021644995,10.57950169706153,-0.34505499489507874,-7.252785822286699,244.4842363065647
174.56287661508705,-23.483734737646625,10.58126357194792,-0.34512891891121456,-7.2511260665264,244.55020670286697
174.56675235303177,-23.493087467340978,10.58302420035648,-0.34520289308143026,-7.249466745054409,244.6161606635063
174.5706283419328,-23.502440210682188,10.584783580122428,-0.3452769172898401,-7.2478078583592245,244.6820981710367
174.57450458208504,-23.511792967624398,10.586541709080969,-0.3453509914204663,-7.246149406929358,244.74801920801235
174.57838107378353,-23.521145738121763,10.588298585067308,-0.34542511535724507,-7.244491391253296,244.81392375698732
174.5822578173234,-23.530498522128397,10.59005420591666,-0.34549928898402327,-7.242833811819527,244.87981180051554
174.58613481299992,-23.539851319598412,10.591808569464234,-0.345573512184561,-7.241176669116524,244.94568332115117
174.59001206110827,-23.54920413048593,10.593561673545233,-0.345647784842527,-7.239519963632762,245.0115383014481
174.59388956194397,-23.558556954745033,10.59531351599487,-0.34572210684150423,-7.237863695856701,245.07737672396053
174.59776731580246,-23.567909792329836,10.597064094648351,-0.34579647806498515,-7.2362078662767955,245.14319857124252
174.6016453229793,-23.57726264319439,10.59881340734089,-0.3458708983963732,-7.234552475381495,245.20900382584801
174.6055235837702,-23.586615507292795,10.600561451907687,-0.34594536771898626,-7.232897523659239,245.2747924703311
174.60940209847098,-23.595968384579102,10.602308226183961,-0.34601988591605104,-7.231243011598449,245.34056448724587
