galstreams/tracks/track.st.Cetus.yam2013.ecsv
# %ECSV 0.9
# ---
# datatype:
# - {name: ra, unit: deg, datatype: float64}
# - {name: dec, unit: deg, datatype: float64}
# - {name: distance, unit: kpc, datatype: float64}
# - {name: pm_ra_cosdec, unit: mas / yr, datatype: float64}
# - {name: pm_dec, unit: mas / yr, datatype: float64}
# - {name: radial_velocity, unit: km / s, datatype: float64}
# delimiter: ','
# meta: !!omap
# - __serialized_columns__:
#     dec:
#       __class__: astropy.coordinates.angles.Latitude
#       unit: &id001 !astropy.units.Unit {unit: deg}
#       value: !astropy.table.SerializedColumn {name: dec}
#     distance:
#       __class__: astropy.coordinates.distances.Distance
#       unit: !astropy.units.Unit {unit: kpc}
#       value: !astropy.table.SerializedColumn {name: distance}
#     pm_dec:
#       __class__: astropy.units.quantity.Quantity
#       unit: !astropy.units.Unit {unit: mas / yr}
#       value: !astropy.table.SerializedColumn {name: pm_dec}
#     pm_ra_cosdec:
#       __class__: astropy.units.quantity.Quantity
#       unit: !astropy.units.Unit {unit: mas / yr}
#       value: !astropy.table.SerializedColumn {name: pm_ra_cosdec}
#     ra:
#       __class__: astropy.coordinates.angles.Longitude
#       unit: *id001
#       value: !astropy.table.SerializedColumn {name: ra}
#       wrap_angle: !astropy.coordinates.Angle
#         unit: *id001
#         value: 360.0
#     radial_velocity:
#       __class__: astropy.units.quantity.Quantity
#       unit: !astropy.units.Unit {unit: km / s}
#       value: !astropy.table.SerializedColumn {name: radial_velocity}
# schema: astropy-2.0
ra,dec,distance,pm_ra_cosdec,pm_dec,radial_velocity
[from data line 140]
28.26991079137008,15.417938757450564,31.28531106839232,-1.6653345369377348e-16,-1.1102230246251565e-16,-140.20043501547468
28.334750371788402,15.555708415284519,31.30132358304267,0.0,-1.6653345369377348e-16,-140.4989652566813
28.399664836432095,15.693464287033246,31.317389983355092,-5.551115123125783e-17,-8.326672684688674e-17,-140.7961982187397
28.464654081274688,15.831206614728181,31.333515403720003,-1.6653345369377348e-16,-1.1102230246251565e-16,-141.09213203219963
28.529718003778388,15.968935640843137,31.349704978527807,-2.220446049250313e-16,-1.6653345369377348e-16,-141.38676482761065
28.594856502890593,16.10665160831184,31.36596384216891,5.551115123125783e-17,-1.6653345369377348e-16,-141.68009473552237
28.66006947904052,16.24435476054548,31.38229712903372,-1.6653345369377348e-16,-1.1102230246251565e-16,-141.97211988648445
28.72535683413609,16.38204534145028,31.39870997351265,-5.551115123125783e-17,-1.1102230246251565e-16,-142.2628384110465
28.790718471560822,16.51972359544501,31.415207509996097,-5.551115123125783e-17,-1.6653345369377348e-16,-142.55224843975807
28.856154296171038,16.657389767478563,31.431794872874473,-5.551115123125783e-17,-1.1102230246251565e-16,-142.84034810316885
28.9216642142931,16.795044103047445,31.448477196538196,0.0,-1.1102230246251565e-16,-143.12713553182837
28.98724813372086,16.932686848213287,31.465259615377658,-5.551115123125783e-17,-1.6653345369377348e-16,-143.41260885628637
29.0529059637133,17.070318249620385,31.48214726378327,-1.1102230246251565e-16,-2.220446049250313e-16,-143.69676620709234
29.118637614992263,17.20793855451315,31.499145276145445,-1.1102230246251565e-16,-5.551115123125783e-17,-143.97960571479595
29.184442999740366,17.345548010753582,31.51625878685458,0.0,-5.551115123125783e-17,-144.26112550994685
29.25032203159909,17.48314686683876,31.533492930301097,-5.551115123125783e-17,-2.7755575615628914e-16,-144.54132372309465
29.316274625667052,17.620735371918265,31.550852840875393,-1.1102230246251565e-16,-5.551115123125783e-17,-144.82019848478882
29.38230069849835,17.758313775811565,31.56834365296788,0.0,-5.551115123125783e-17,-145.09774792557917
29.448400168101166,17.89588232902547,31.585970500968962,-1.1102230246251565e-16,-1.6653345369377348e-16,-145.37397017601523
29.514572953936497,18.033441282771506,31.603738519269047,-5.551115123125783e-17,-1.6653345369377348e-16,-145.6488633666466
29.58081897691697,18.170990888983212,31.621652842258545,-1.6653345369377348e-16,-1.1102230246251565e-16,-145.92242562802295
29.647138159406023,18.308531400333564,31.639718604327864,5.551115123125783e-17,-1.1102230246251565e-16,-146.19465509069386
29.713530425216966,18.446063070252197,31.657940939867405,1.1102230246251565e-16,-1.1102230246251565e-16,-146.46554988520896
29.77999569961249,18.58358615294275,31.676324983267584,-1.1102230246251565e-16,-1.6653345369377348e-16,-146.73510814211775
29.84653390930416,18.72110090340011,31.6948758689188,5.551115123125783e-17,-1.6653345369377348e-16,-147.00332799197005
29.9131449824521,18.858607577427605,31.713598731211462,-5.551115123125783e-17,-5.551115123125783e-17,-147.27020756531533
29.979828848664923,18.996106431654212,31.732498704535985,0.0,-1.1102230246251565e-16,-147.53574499270326
30.046585438999745,19.13359772355176,31.75158092328277,-1.1102230246251565e-16,-1.6653345369377348e-16,-147.79993840468345
30.113414685962425,19.271081711452013,31.770850521842224,-5.551115123125783e-17,-5.551115123125783e-17,-148.0627859318055
30.180316523507923,19.40855865456378,31.790312634604764,-1.1102230246251565e-16,-2.220446049250313e-16,-148.324285704619
30.247290887040887,19.546028812990013,31.809972395960777,-2.220446049250313e-16,-1.1102230246251565e-16,-148.58443585367363
30.314337713416368,19.683492447744776,31.82983494030069,-1.1102230246251564e-16,0.0,-148.84323450951896
30.381456940940716,19.820949820770267,31.8499054020149,-1.1102230246251564e-16,-5.551115123125783e-17,-149.1006798027046
30.44864850937268,19.958401194953783,31.87018891549382,-5.551115123125783e-17,-5.551115123125783e-17,-149.35676986378024
30.515912359924624,20.095846834144584,31.89069061512785,5.551115123125782e-17,-5.551115123125783e-17,-149.6115028232954
30.58324843526397,20.23328700317081,31.91141563530741,-1.6653345369377348e-16,-1.1102230246251565e-16,-149.86487681179972
30.650656679514846,20.370721967856262,31.932369110422897,0.0,5.551115123125783e-17,-150.1168899598429
30.718137038259794,20.50815199503722,31.95355617486472,-5.551115123125783e-17,0.0,-150.36754039797435
30.78568945854177,20.645577352579156,31.974981963023286,0.0,5.551115123125783e-17,-150.61682625674396
30.853313888866314,20.782998309393438,31.996651609289003,0.0,-5.551115123125783e-17,-150.8647456667011
30.921010279203813,20.92041513545397,32.018570248052285,1.1102230246251565e-16,5.551115123125783e-17,-151.11129675839555
30.988778580992058,21.057828101813744,32.040743013703526,5.551115123125782e-17,0.0,-151.35647766237682
31.05661874713894,21.195237480621486,32.06317504063315,1.1102230246251565e-16,0.0,-151.6002865091946
31.124530732025285,21.33264354513803,32.08587146323155,0.0,-5.551115123125783e-17,-151.8427214293985
31.192514491507964,21.470046569752835,32.10883741588914,1.1102230246251565e-16,1.1102230246251565e-16,-152.08378055353808
31.260569982923123,21.607446830000317,32.132078032996326,5.551115123125783e-17,-5.551115123125783e-17,-152.323462012163
31.32869716508964,21.744844602576244,32.15559844894352,-5.551115123125783e-17,0.0,-152.56176393582285
31.396895998312765,21.882240165353952,32.179403798121115,1.1102230246251565e-16,0.0,-152.79868445506722
31.465166444387926,22.019633797400584,32.20349921491954,0.0,1.6653345369377348e-16,-153.0342217004458
31.533508466604772,22.157025778993223,32.22788983372919,-1.1102230246251564e-16,1.6653345369377348e-16,-153.26837380250817
31.601922029751414,22.294416391635057,32.25258078894046,0.0,1.6653345369377348e-16,-153.50113889180392
31.67040710011878,22.43180591807132,32.27757721494379,1.6653345369377348e-16,1.6653345369377348e-16,-153.73251509888271
31.73896364550529,22.56919464230535,32.30288424612956,0.0,1.6653345369377348e-16,-153.9625005542941
31.807591635221662,22.706582849614453,32.32850701688818,5.551115123125783e-17,1.1102230246251565e-16,-154.19109338858772
31.87629104009591,22.843970826565737,32.354450661610066,0.0,1.6653345369377348e-16,-154.41829173231326
31.945061832478583,22.981358861031946,32.38072031468562,1.1102230246251565e-16,1.6653345369377348e-16,-154.64409371602025
32.01390398624819,23.1187472422071,32.40732111050526,0.0,1.1102230246251565e-16,-154.86849747025838
32.082817476816864,23.256136260622196,32.43425818345938,0.0,1.1102230246251565e-16,-155.09150112557717
32.15180228113617,23.393526208160754,32.4615366679384,5.551115123125782e-17,2.7755575615628914e-16,-155.31310281252627
32.22085837770319,23.530917378074307,32.4891616983327,1.1102230246251564e-16,1.1102230246251565e-16,-155.53330066165535
