galstreams/tracks/track.st.Pal5.ibata2024.ecsv
# %ECSV 1.0
# ---
# datatype:
# - {name: ra, unit: deg, datatype: float64}
# - {name: dec, unit: deg, datatype: float64}
# - {name: distance, unit: kpc, datatype: float64}
# - {name: pm_ra_cosdec, unit: mas / yr, datatype: float64}
# - {name: pm_dec, unit: mas / yr, datatype: float64}
# - {name: radial_velocity, unit: km / s, datatype: float64}
# delimiter: ','
# meta: !!omap
# - __serialized_columns__:
#     dec:
#       __class__: astropy.coordinates.angles.Latitude
#       unit: &id001 !astropy.units.Unit {unit: deg}
#       value: !astropy.table.SerializedColumn {name: dec}
#     distance:
#       __class__: astropy.coordinates.distances.Distance
#       unit: !astropy.units.Unit {unit: kpc}
#       value: !astropy.table.SerializedColumn {name: distance}
#     pm_dec:
#       __class__: astropy.units.quantity.Quantity
#       unit: !astropy.units.Unit {unit: mas / yr}
#       value: !astropy.table.SerializedColumn {name: pm_dec}
#     pm_ra_cosdec:
#       __class__: astropy.units.quantity.Quantity
#       unit: !astropy.units.Unit {unit: mas / yr}
#       value: !astropy.table.SerializedColumn {name: pm_ra_cosdec}
#     ra:
#       __class__: astropy.coordinates.angles.Longitude
#       unit: *id001
#       value: !astropy.table.SerializedColumn {name: ra}
#       wrap_angle: !astropy.coordinates.Angle
#         unit: *id001
#         value: 360.0
#     radial_velocity:
#       __class__: astropy.units.quantity.Quantity
#       unit: !astropy.units.Unit {unit: km / s}
#       value: !astropy.table.SerializedColumn {name: radial_velocity}
# schema: astropy-2.0
ra,dec,distance,pm_ra_cosdec,pm_dec,radial_velocity
[from data line 1979]
235.16789458286738,3.818545563960369,0.9999999999999994,-2.7166902255423273,-2.326142780257675,-54.48928307950925
235.1766545084132,3.8234598697375035,0.9999999999999996,-2.7166788551896333,-2.3258004947674946,-54.49107884243283
235.18541530036617,3.8283729306438916,0.9999999999999994,-2.716667339653693,-2.3254587827012045,-54.49288393097006
235.19417695758074,3.8332847484177144,0.9999999999999996,-2.716655678408753,-2.3251176443193184,-54.49469833626855
235.2029394789117,3.8381953247971357,0.9999999999999996,-2.7166438709290492,-2.324777079882416,-54.496522049475935
235.21170286321347,3.8431046615202953,0.9999999999999996,-2.716631916688932,-2.324437089651139,-54.49835506173984
235.22046710934072,3.848012760325316,0.9999999999999996,-2.716619815162735,-2.324097673886188,-54.5001973642079
235.2292322161479,3.852919622950295,0.9999999999999996,-2.7166075658248774,-2.3237588328483256,-54.50204894802776
235.23799818248955,3.8578252511333093,0.9999999999999996,-2.7165951681498055,-2.32342056679838,-54.50390980434704
235.2467650072201,3.86272964661242,0.9999999999999993,-2.7165826216120275,-2.323082875997237,-54.50577992431339
235.255532689194,3.8676328111256617,0.9999999999999993,-2.7165699256860876,-2.322745760705848,-54.50765929907441
235.26430122726566,3.8725347464110516,0.9999999999999994,-2.7165570798465826,-2.3224092211852247,-54.50954791977778
235.27307062028942,3.8774354542065885,0.9999999999999996,-2.716544083568151,-2.322073257696441,-54.51144577757111
235.28184086711963,3.882334936250248,0.9999999999999996,-2.7165309363254964,-2.3217378705006366,-54.51335286360204
235.29061196661053,3.887233194279989,0.9999999999999997,-2.716517637593357,-2.32140305985901,-54.515269169018175
235.29938391761644,3.8921302300337466,0.9999999999999998,-2.7165041868465196,-2.321068826032822,-54.51719468496719
235.30815671899163,3.897026045249443,0.9999999999999994,-2.71649058355981,-2.3207351692834,-54.51912940259663
235.31693036959027,3.901920641664973,0.9999999999999998,-2.7164768272081115,-2.320402089872129,-54.521073313054266
235.3257048682665,3.9068140210182247,0.9999999999999996,-2.7164629172663703,-2.3200695880604605,-54.52302640748763
235.3344802138745,3.9117061850470525,0.9999999999999994,-2.716448853209566,-2.319737664109908,-54.52498867704437
235.34325640526848,3.9165971354893054,0.9999999999999994,-2.7164346345127006,-2.319406318282046,-54.52696011287217
235.35203344130247,3.9214868740828046,0.9999999999999994,-2.716420260650861,-2.319075550838515,-54.528940706118604
235.36081132083044,3.926375402565357,0.9999999999999994,-2.716405731099188,-2.3187453620410174,-54.530930447931304
235.36959004270648,3.931262722674754,0.9999999999999996,-2.7163910453328417,-2.318415752151317,-54.53292932945795
235.37836960578468,3.9361488361487638,0.9999999999999997,-2.7163762028270297,-2.318086721431244,-54.534937341846145
235.38715000891887,3.9410337447251433,0.9999999999999996,-2.7163612030570445,-2.3177582701426895,-54.53695447624352
235.3959312509631,3.945917450141627,0.9999999999999997,-2.716346045498191,-2.31743039854761,-54.53898072379773
235.40471333077116,3.9507999541359364,0.9999999999999996,-2.716330729625849,-2.3171031069080223,-54.54101607565636
235.41349624719714,3.955681258445771,0.9999999999999996,-2.716315254915409,-2.316776395486009,-54.54306052296711
235.42227999909477,3.960561364808814,0.9999999999999996,-2.71629962084235,-2.3164502645437173,-54.545114056877566
235.43106458531784,3.965440274962737,0.9999999999999996,-2.7162838268821927,-2.3161247143433563,-54.54717666853538
235.43985000472017,3.9703179906451918,0.9999999999999996,-2.716267872510496,-2.3157997451471988,-54.54924834908817
235.44863625615562,3.9751945135938143,0.9999999999999994,-2.7162517572028624,-2.3154753572175832,-54.55132908968357
235.45742333847787,3.9800698455462253,0.9999999999999997,-2.716235480434963,-2.3151515508169074,-54.55341888146922
235.46621125054065,3.9849439882400275,0.9999999999999996,-2.716219041682499,-2.314828326207641,-54.555517715592785
235.47499999119762,3.989816943412808,0.9999999999999994,-2.7162024404212435,-2.3145056836523104,-54.55762558320183
235.48378955930252,3.994688712802143,0.9999999999999993,-2.7161856761269876,-2.3141836234135083,-54.55974247544405
235.4925799537089,3.999559298145588,0.9999999999999994,-2.7161687482756074,-2.3138621457538946,-54.561868383467015
235.50137117327046,4.004428701180688,0.9999999999999996,-2.7161516563429977,-2.313541250936189,-54.564003298418434
235.51016321684077,4.009296923644966,0.9999999999999996,-2.7161343998051164,-2.313220939223179,-54.566147211445895
235.51895608327334,4.01416396727594,0.9999999999999994,-2.71611697813798,-2.3129012108777154,-54.56830011369703
235.5277497714217,4.019029833811108,0.9999999999999996,-2.7160993908176447,-2.3125820661627117,-54.57046199631949
235.53654428013942,4.023894524987949,0.9999999999999994,-2.716081637320205,-2.3122635053411487,-54.57263285046087
235.54533960827987,4.02875804254394,0.9999999999999996,-2.7160637171218402,-2.3119455286760697,-54.574812667268844
235.55413575469672,4.033620388216533,0.9999999999999997,-2.7160456296987254,-2.3116281364305857,-54.577001437891056
235.56293271824313,4.038481563743171,0.9999999999999996,-2.716027374527159,-2.31131132886787,-54.57919915347506
235.5717304977727,4.043341570861286,0.9999999999999996,-2.716008951083413,-2.310995106251161,-54.581405805168586
235.5805290921387,4.048200411308289,0.9999999999999997,-2.715990358843871,-2.3106794688437624,-54.58362138411919
235.58932850019463,4.0530580868215855,0.9999999999999997,-2.7159715972849146,-2.310364416909043,-54.58584588147458
235.59812872079362,4.057914599138564,0.9999999999999994,-2.7159526658830373,-2.310049950710439,-54.588079288382325
235.60692975278909,4.062769949996599,0.9999999999999998,-2.7159335641147204,-2.3097360705114447,-54.59032159599007
235.6157315950344,4.067624141133059,0.9999999999999996,-2.715914291456524,-2.3094227765756297,-54.59257279544548
235.62453424638264,4.072477174285292,0.9999999999999996,-2.7158948473850812,-2.3091100691666213,-54.59483287789616
235.6333377056871,4.0773290511906435,0.9999999999999996,-2.715875231377038,-2.308797948548115,-54.59710183448972
235.64214197180112,4.082179773586434,0.9999999999999996,-2.7158554429090964,-2.3084864149838715,-54.59937965637386
235.65094704357773,4.087029343209982,0.9999999999999994,-2.7158354814580394,-2.3081754687377174,-54.60166633469616
235.65975291987007,4.091877761798591,0.9999999999999994,-2.7158153465006856,-2.3078651100735437,-54.60396186060427
235.66855959953148,4.096725031089553,0.9999999999999996,-2.7157950375138693,-2.3075553392553085,-54.60626622524582
235.67736708141487,4.101571152820155,0.9999999999999994,-2.715774553974542,-2.307246156547037,-54.60857941976844
235.68617536437353,4.106416128727659,0.9999999999999996,-2.715753895359635,-2.3069375622128154,-54.61090143531978
235.69498444726028,4.111259960549334,0.9999999999999994,-2.7157330611462087,-2.306629556516802,-54.61323226304744
235.70379432892847,4.116102650022421,0.9999999999999997,-2.7157120508112893,-2.306322139723215,-54.615571894099105
235.7126050082309,4.120944198884164,0.9999999999999994,-2.7156908638320334,-2.3060153120963447,-54.61792031962235
235.72141648402066,4.125784608871788,0.9999999999999996,-2.7156694996856006,-2.305709073900543,-54.62027753076485
235.73022875515073,4.130623881722512,0.9999999999999994,-2.715647957849221,-2.3054034254002307,-54.62264351867419
235.73904182047406,4.135462019173545,0.9999999999999996,-2.7156262378001688,-2.305098366859893,-54.62501827449806
235.74785567884362,4.140299022962088,0.9999999999999996,-2.7156043390157585,-2.304793898544084,-54.62740178938404
235.7566703291123,4.145134894825326,0.9999999999999997,-2.7155822609733957,-2.3044900207174206,-54.62979405447984
235.76548577013307,4.14996963650044,0.9999999999999996,-2.7155600031504847,-2.3041867336445896,-54.63219506093301
235.7743020007587,4.154803249724604,0.9999999999999997,-2.7155375650245346,-2.3038840375903438,-54.63460479989123
235.7831190198421,4.159635736234978,0.9999999999999997,-2.7155149460730716,-2.3035819328194993,-54.6370232625021
235.79193682623622,4.164467097768714,0.9999999999999996,-2.7154921457736676,-2.3032804195969456,-54.639450439913304
235.8007554187936,4.169297336062958,0.9999999999999996,-2.715469163604005,-2.302979498187634,-54.641886323272395
235.80957479636737,4.174126452854849,0.9999999999999996,-2.715445999041726,-2.3026791688565815,-54.64433090372711
235.81839495781006,4.178954449881511,0.9999999999999994,-2.7154226515646154,-2.3023794318688777,-54.646784172424994
235.8272159019745,4.183781328880064,0.9999999999999997,-2.71539912065045,-2.3020802874896753,-54.6492461205137
235.83603762771352,4.1886070915876275,0.9999999999999994,-2.7153754057770816,-2.3017817359841946,-54.651716739140916
235.84486013387965,4.1934317397413,0.9999999999999997,-2.7153515064224387,-2.301483777617723,-54.654196019454204
235.85368341932582,4.198255275078182,0.9999999999999996,-2.715327422064425,-2.3011864126556176,-54.65668395260122
235.86250748290453,4.203077699335365,0.9999999999999996,-2.715303152181096,-2.300889641363298,-54.659180529729596
235.87133232346852,4.20789901424993,0.9999999999999998,-2.715278696250493,-2.3005934640062575,-54.661685741986986
235.88015793987046,4.212719221558959,0.9999999999999994,-2.7152540537507286,-2.3002978808500525,-54.66419958052102
235.8889843309629,4.217538322999516,0.9999999999999994,-2.715229224159977,-2.3000028921603084,-54.666722036479285
235.89781149559857,4.22235632030867,0.9999999999999996,-2.7152042069564426,-2.299708498202716,-54.669253101009474
235.90663943262993,4.227173215223476,0.9999999999999996,-2.715179001618415,-2.2994146992430387,-54.6717927652592
235.91546814090964,4.231989009480989,0.9999999999999997,-2.7151536076242118,-2.2991214955471033,-54.67434102037608
235.92429761929017,4.236803704818253,0.9999999999999994,-2.715128024452224,-2.2988288873808074,-54.676897857507754
235.93312786662412,4.241617302972308,0.9999999999999997,-2.7151022515808783,-2.2985368750101145,-54.67946326780186
235.94195888176398,4.24642980568019,0.9999999999999996,-2.715076288488657,-2.298245458701058,-54.68203724240601
235.95079066356237,4.25124121467893,0.9999999999999997,-2.7150501346540845,-2.297954638719737,-54.68461977246788
235.95962321087163,4.256051531705554,0.9999999999999994,-2.7150237895557847,-2.2976644153323225,-54.68721084913507
235.9684565225443,4.260860758497076,0.9999999999999999,-2.7149972526723825,-2.2973747888050484,-54.68981046355522
235.97729059743276,4.26566889679052,0.9999999999999996,-2.714970523482605,-2.2970857594042227,-54.69241860687594
235.98612543438958,4.270475948322894,0.9999999999999996,-2.7149436014651678,-2.296797327396218,-54.69503527024493
235.99496103226707,4.275281914831202,0.9999999999999996,-2.714916486098905,-2.296509493047478,-54.697660444809756
236.00379738991768,4.280086798052449,0.9999999999999997,-2.7148891768626795,-2.2962222566245116,-54.70029412171808
236.0126345061938,4.284890599723634,0.9999999999999994,-2.714861673235403,-2.2959356183939,-54.702936292117506
236.02147237994782,4.289693321581754,0.9999999999999994,-2.7148339746960306,-2.2956495786222906,-54.70558694715573
236.03031101003208,4.294494965363798,0.9999999999999994,-2.71480608072361,-2.2953641375764002,-54.708246077980334
236.039150395299,4.2992955328067595,0.9999999999999994,-2.7147779907971956,-2.295079295523017,-54.71091367573897
236.04799053460079,4.304095025647619,0.9999999999999994,-2.714749704395948,-2.294795052728994,-54.713589731579255
236.0568314267898,4.308893445623361,0.9999999999999996,-2.7147212209990363,-2.294511409461255,-54.716274236648836
236.06567307071836,4.3136907944709675,0.9999999999999996,-2.7146925400857125,-2.2942283659867946,-54.71896718209533
236.07451546523882,4.3184870739274155,0.9999999999999996,-2.7146636611352597,-2.2939459225726737,-54.721668559066394
236.08335860920332,4.32328228572968,0.9999999999999996,-2.714634583627043,-2.293664079486025,-54.72437835870962
236.0922025014642,4.328076431614734,0.9999999999999996,-2.7146053070404617,-2.2933828369940485,-54.72709657217269
236.1010471408737,4.332869513319554,0.9999999999999996,-2.714575830854973,-2.293102195364015,-54.72982319060322
236.10989252628409,4.3376615325811,0.9999999999999997,-2.714546154550086,-2.2928221548632637,-54.73255820514882
236.11873865654752,4.342452491136348,0.9999999999999996,-2.714516277605391,-2.292542715759204,-54.73530160695715
236.12758553051623,4.347242390722264,0.9999999999999996,-2.7144861995004987,-2.292263878319316,-54.738053387175846
236.13643314704237,4.352031233075813,0.9999999999999996,-2.714455919715099,-2.291985642811147,-54.740813536952494
236.14528150497821,4.356819019933961,0.9999999999999994,-2.7144254377289174,-2.291708009502317,-54.743582047434806
236.15413060317587,4.3616057530336745,0.9999999999999993,-2.714394753021743,-2.2914309786605127,-54.746358909770336
236.16298044048753,4.366391434111912,0.9999999999999994,-2.714363865073426,-2.2911545505534927,-54.74914411510678
236.17183101576532,4.371176064905639,0.9999999999999996,-2.714332773363862,-2.2908787254490854,-54.75193765459173
236.18068232786138,4.375959647151821,0.9999999999999996,-2.714301477373022,-2.2906035036151904,-54.754739519372826
236.18953437562783,4.380742182587422,0.9999999999999996,-2.7142699765808938,-2.2903288853197745,-54.75754970059776
236.19838715791676,4.385523672949406,0.9999999999999994,-2.7142382704675754,-2.290054870830877,-54.76036818941404
236.20724067358032,4.390304119974734,0.9999999999999994,-2.714206358513163,-2.2897814604166076,-54.7631949769694
236.21609492147056,4.395083525400375,0.9999999999999996,-2.714174240197846,-2.289508654345144,-54.76603005441144
236.22494990043953,4.399861890963294,0.9999999999999993,-2.7141419150018646,-2.289236452884739,-54.76887341288779
236.23380560933933,4.404639218400454,0.9999999999999997,-2.714109382405504,-2.288964856303709,-54.77172504354611
236.2426620470221,4.40941550944883,0.9999999999999996,-2.7140766418890974,-2.2886938648704485,-54.774584937533994
236.25151921233973,4.414190765845386,0.9999999999999996,-2.7140436929330742,-2.288423478853418,-54.777453085999085
236.2603771041444,4.418964989327098,0.9999999999999996,-2.7140105350178647,-2.2881536985211497,-54.780329480089044
236.26923572128803,4.423738181630938,0.9999999999999998,-2.7139771676240017,-2.2878845241422456,-54.78321411095149
236.27809506262273,4.42851034449388,0.9999999999999996,-2.7139435902320486,-2.287615955985384,-54.786106969734035
236.28695512700043,4.433281479652901,0.9999999999999994,-2.7139098023226373,-2.2873479943193074,-54.78900804758433
236.2958159132732,4.438051588844983,0.9999999999999996,-2.713875803376435,-2.287080639412831,-54.79191733565002
236.30467742029296,4.442820673807109,0.9999999999999997,-2.713841592874206,-2.286813891534843,-54.79483482507871
236.31353964691178,4.447588736276262,0.9999999999999997,-2.7138071702967204,-2.2865477509543024,-54.797760507018054
236.32240259198156,4.452355777989434,0.9999999999999996,-2.7137725351248454,-2.28628221794024,-54.80069437261565
236.3312662543543,4.457121800683615,0.9999999999999996,-2.713737686839498,-2.2860172927617537,-54.80363641301919
236.34013063288185,4.4618868060958,0.9999999999999996,-2.7137026249216416,-2.2857529756880215,-54.80658661937625
236.34899572641638,4.466650795962988,0.9999999999999996,-2.713667348852272,-2.285489266988282,-54.8095449828345
236.35786153380965,4.471413772022181,0.9999999999999996,-2.713631858112496,-2.2852261669318534,-54.812511494541596
236.36672805391365,4.476175736010387,0.9999999999999997,-2.713596152183449,-2.284963675788124,-54.81548614564509
236.37559528558035,4.4809366896646186,0.9999999999999996,-2.7135602305463093,-2.2847017938265513,-54.81846892729266
236.38446322766157,4.485696634721887,0.9999999999999996,-2.7135240926823427,-2.284440521316666,-54.82145983063197
