galstreams/tracks/track.st.ACS.ramos2020b.ecsv
# %ECSV 0.9
# ---
# datatype:
# - {name: ra, unit: deg, datatype: float64}
# - {name: dec, unit: deg, datatype: float64}
# - {name: distance, unit: kpc, datatype: float64}
# - {name: pm_ra_cosdec, unit: mas / yr, datatype: float64}
# - {name: pm_dec, unit: mas / yr, datatype: float64}
# - {name: radial_velocity, unit: km / s, datatype: float64}
# delimiter: ','
# meta: !!omap
# - __serialized_columns__:
#     dec:
#       __class__: astropy.coordinates.angles.Latitude
#       unit: &id001 !astropy.units.Unit {unit: deg}
#       value: !astropy.table.SerializedColumn {name: dec}
#     distance:
#       __class__: astropy.coordinates.distances.Distance
#       unit: !astropy.units.Unit {unit: kpc}
#       value: !astropy.table.SerializedColumn {name: distance}
#     pm_dec:
#       __class__: astropy.units.quantity.Quantity
#       unit: !astropy.units.Unit {unit: mas / yr}
#       value: !astropy.table.SerializedColumn {name: pm_dec}
#     pm_ra_cosdec:
#       __class__: astropy.units.quantity.Quantity
#       unit: !astropy.units.Unit {unit: mas / yr}
#       value: !astropy.table.SerializedColumn {name: pm_ra_cosdec}
#     ra:
#       __class__: astropy.coordinates.angles.Longitude
#       unit: *id001
#       value: !astropy.table.SerializedColumn {name: ra}
#       wrap_angle: !astropy.coordinates.Angle
#         unit: *id001
#         value: 360.0
#     radial_velocity:
#       __class__: astropy.units.quantity.Quantity
#       unit: !astropy.units.Unit {unit: km / s}
#       value: !astropy.table.SerializedColumn {name: radial_velocity}
# schema: astropy-2.0
ra,dec,distance,pm_ra_cosdec,pm_dec,radial_velocity
[from data line 137]
126.21630463275395,41.880633156558666,11.699999999999955,0.0851052171650459,-0.6318228417315492,-6.315575347404253e-15
126.16352867329024,41.59456454335015,11.699999999999955,0.07563816312215743,-0.635347187917848,2.1051917824680845e-15
126.11153277023703,41.30844731725406,11.699999999999955,0.06626732469709357,-0.6383719737372096,-8.420767129872338e-15
126.06034338436535,41.022279215232366,11.699999999999951,0.05707479904441726,-0.6408031636073342,4.210383564936169e-15
126.0099869958807,40.73605798350712,11.699999999999951,0.04814150522297092,-0.6425548787063662,-8.420767129872338e-15
125.96049010439627,40.449781375729934,11.699999999999951,0.03954481765682091,-0.6435519162519929,-6.315575347404253e-15
125.91187923049242,40.163447150953104,11.699999999999951,0.0313561408851849,-0.6437322063942046,-2.1051917824680845e-15
125.86418091883044,39.87705307140988,11.69999999999995,0.023638481241577913,-0.6430491454324394,-6.315575347404253e-15
125.8174217427895,39.59059690011138,11.699999999999948,0.01644407541581283,-0.6414737411483118,-4.210383564936169e-15
125.77162831059897,39.30407639826751,11.699999999999948,0.009812139271900305,-0.6389965042228931,-2.1051917824680845e-15
125.72682727294003,39.01748932253901,11.699999999999948,0.0037668026677684097,-0.6356290191442269,0.0
125.68304533199408,38.730833422126636,11.699999999999944,-0.0016847028022949904,-0.6314051288638525,-6.315575347404253e-15
125.64030925191852,38.444106435703965,11.699999999999944,-0.006553536392284564,-0.6263816698809006,-4.210383564936169e-15
125.59864587073372,38.157306088199114,11.69999999999994,-0.010870356024032024,-0.6206386985581702,6.315575347404253e-15
125.55808211360971,37.870430087430265,11.699999999999937,-0.014685979527100268,-0.6142791554311486,0.0
125.51864500754485,37.583476120599336,11.699999999999937,-0.018071542501500087,-0.607427922163775,8.420767129872338e-15
125.48036169743321,37.29644185064783,11.699999999999937,-0.021118102865666094,-0.600230235715563,4.210383564936169e-15
125.44325946352254,37.00932491247737,11.699999999999932,-0.02393565093821426,-0.5928494362662773,4.210383564936169e-15
125.40736574026896,36.72212290903766,11.699999999999934,-0.026651494672815277,-0.5854640395150055,-4.210383564936169e-15
125.37270813660089,36.434833407283364,11.69999999999993,-0.02940800244981279,-0.5782641401077467,0.0
125.33931445760872,36.14745393400079,11.699999999999928,-0.0323597006199528,-0.5714471710822373,0.0
125.30721272768326,35.85998197150432,11.699999999999923,-0.03566973974807311,-0.5652130642272466,6.315575347404253e-15
125.27643121513162,35.572414953202106,11.69999999999992,-0.03950576212412085,-0.5597588779510535,2.1051917824680845e-15
125.24699845830504,35.28475025902925,11.699999999999918,-0.044035223447715724,-0.5552729823857694,6.315575347404253e-15
125.21894329327868,34.99698521074619,11.69999999999991,-0.049420243442387254,-0.5519289156884054,2.1051917824680845e-15
125.19229488313132,34.70911706709892,11.699999999999909,-0.055812083238619456,-0.5498790504162101,2.1051917824680845e-15
125.16708274887742,34.42114301883697,11.699999999999905,-0.0633453713261926,-0.5492482339372207,6.315575347404253e-15
125.14333680211257,34.133060183583794,11.699999999999902,-0.07213222427378002,-0.5501275914633359,4.210383564936169e-15
125.12108737943919,33.844865600553675,11.699999999999898,-0.08225643270939359,-0.5525687037227778,0.0
125.10036527874729,33.556556225107826,11.699999999999891,-0.09376790660412714,-0.5565783926505452,2.1051917824680845e-15
125.0812017974333,33.26812892314167,11.699999999999887,-0.106677595939203,-0.5621143667597284,4.210383564936169e-15
125.06362877264698,32.979580465293736,11.699999999999882,-0.12095312247097112,-0.569081991897569,-2.1051917824680845e-15
125.04767862366727,32.69090752096598,11.699999999999875,-0.13651537450204682,-0.5773324615567053,-4.210383564936169e-15
125.03338439651559,32.402106652143544,11.699999999999868,-0.15323632812751664,-0.586662642291188,0.0
125.02077981092715,32.11317430700099,11.699999999999864,-0.17093836398950946,-0.5968168623695395,-4.210383564936169e-15
125.00989930981143,31.82410681328033,11.699999999999859,-0.1893953465909476,-0.6074908936638588,-4.210383564936169e-15
125.0007781113462,31.534900371424975,11.69999999999985,-0.208335721939493,-0.618338345777204,-2.1051917824680845e-15
124.99345226386335,31.24555104745149,11.699999999999845,-0.22744786674183604,-0.6289796451596907,-2.1051917824680845e-15
124.98795870370118,30.956054765539584,11.699999999999836,-0.24638788634088188,-0.6390137078036913,-4.210383564936169e-15
124.98433531621502,30.666407300318582,11.699999999999825,-0.2647900066151921,-0.6480323291064993,0.0
124.98262100015874,30.37660426882603,11.699999999999816,-0.28227963440107895,-0.6556372054115004,2.1051917824680845e-15
124.9828557356726,30.08664112211201,11.699999999999806,-0.2984890686116013,-0.661459365033366,0.0
124.98508065613876,29.79651313645918,11.699999999999795,-0.3130757267523738,-0.6651806183458887,2.1051917824680845e-15
124.98933812419497,29.506215404185912,11.699999999999788,-0.325742605267333,-0.6665564325076918,6.315575347404253e-15
124.9956718122314,29.21574282399583,11.699999999999774,-0.33626051301350296,-0.665439391979388,2.1051917824680845e-15
125.00412678773226,28.92509009083296,11.699999999999758,-0.3444914006957494,-0.6618021160984899,8.420767129872338e-15
125.01474960386962,28.634251685196944,11.699999999999742,-0.3504118503996231,-0.6557581641427037,8.420767129872338e-15
125.02758839580302,28.343221861867512,11.699999999999726,-0.354135483103075,-0.6475790605885812,0.0
125.04269298319748,28.051994637981206,11.699999999999708,-0.3559326824056573,-0.637705112234235,8.420767129872338e-15
125.06011497953372,27.76056378039644,11.699999999999687,-0.35624561335765614,-0.6267471575692876,8.420767129872338e-15
125.07990790885721,27.468922792275052,11.699999999999664,-0.35569602932497457,-0.6154757797562764,1.0525958912340423e-14
125.1021273306936,27.17706489879993,11.69999999999964,-0.35508279983737123,-0.6047938197982436,4.210383564936169e-15
125.12683097394921,26.884983031937374,11.69999999999961,-0.3553654502793732,-0.5956872372483686,1.2631150694808506e-14
125.15407888071877,26.59266981414255,11.69999999999958,-0.3576292713677241,-0.5891484728948941,-2.1051917824680845e-15
125.18393356103772,26.300117540892,11.699999999999545,-0.36302672323287266,-0.5860654612773134,8.420767129872338e-15
125.21646015974733,26.007318161913705,11.69999999999951,-0.37268891543953464,-0.5870683100197553,6.315575347404253e-15
125.25172663678485,25.714263260967655,11.699999999999465,-0.3875998795544484,-0.5923243964122464,4.210383564936169e-15
125.28980396237544,25.420944034011608,11.699999999999417,-0.408425153174635,-0.601271217298857,0.0
125.3307663287825,25.12735126556511,11.699999999999365,-0.43528485110772125,-0.6122747531735121,6.315575347404253e-15
125.37469138047659,24.83347530306168,11.69999999999931,-0.4674598971518005,-0.6221993576396587,1.0525958912340423e-14
125.42166046480729,24.539306028951273,11.699999999999248,-0.5030184142340698,-0.6258732443918074,8.420767129872338e-15
125.4717589055125,24.24483283028605,11.699999999999184,-0.538347406071423,-0.6154314999944623,1.0525958912340423e-14
125.52507630167665,23.950044565488348,11.699999999999111,-0.5675727935131348,-0.5795161854162032,1.0525958912340423e-14
