galstreams/tracks/track.st.NGC6101.ibata2024.ecsv
# %ECSV 1.0
# ---
# datatype:
# - {name: ra, unit: deg, datatype: float64}
# - {name: dec, unit: deg, datatype: float64}
# - {name: distance, unit: kpc, datatype: float64}
# - {name: pm_ra_cosdec, unit: mas / yr, datatype: float64}
# - {name: pm_dec, unit: mas / yr, datatype: float64}
# - {name: radial_velocity, unit: km / s, datatype: float64}
# delimiter: ','
# meta: !!omap
# - __serialized_columns__:
#     dec:
#       __class__: astropy.coordinates.angles.Latitude
#       unit: &id001 !astropy.units.Unit {unit: deg}
#       value: !astropy.table.SerializedColumn {name: dec}
#     distance:
#       __class__: astropy.coordinates.distances.Distance
#       unit: !astropy.units.Unit {unit: kpc}
#       value: !astropy.table.SerializedColumn {name: distance}
#     pm_dec:
#       __class__: astropy.units.quantity.Quantity
#       unit: !astropy.units.Unit {unit: mas / yr}
#       value: !astropy.table.SerializedColumn {name: pm_dec}
#     pm_ra_cosdec:
#       __class__: astropy.units.quantity.Quantity
#       unit: !astropy.units.Unit {unit: mas / yr}
#       value: !astropy.table.SerializedColumn {name: pm_ra_cosdec}
#     ra:
#       __class__: astropy.coordinates.angles.Longitude
#       unit: *id001
#       value: !astropy.table.SerializedColumn {name: ra}
#       wrap_angle: !astropy.coordinates.Angle
#         unit: *id001
#         value: 360.0
#     radial_velocity:
#       __class__: astropy.units.quantity.Quantity
#       unit: !astropy.units.Unit {unit: km / s}
#       value: !astropy.table.SerializedColumn {name: radial_velocity}
# schema: astropy-2.0
ra,dec,distance,pm_ra_cosdec,pm_dec,radial_velocity
[from data line 142]
226.63378358200086,-73.30529271277253,0.9999999999999997,2.182776734800157,-1.235434114272529,368.82582594863965
226.66870304207526,-73.30422066935101,0.9999999999999997,2.181907742037172,-1.2335529466589144,368.82807464237766
226.7036178937123,-73.3031467231176,0.9999999999999997,2.1810396332063497,-1.2316736349000799,368.83028552143605
226.73852813840838,-73.30207086915412,0.9999999999999998,2.180172407481466,-1.2297961749661326,368.8324585911067
226.7734337776164,-73.30099310253993,0.9999999999999997,2.179306064028955,-1.227920562834786,368.8345938566814
226.8083348127461,-73.29991341835203,0.9999999999999998,2.1784406020078038,-1.226046794491296,368.8366913234526
226.8432312451638,-73.29883181166497,0.9999999999999998,2.1775760205696404,-1.2241748659285747,368.83875099671155
226.87812307619254,-73.29774827755091,0.9999999999999998,2.176712318858753,-1.222304773147087,368.8407728817506
226.91301030711216,-73.2966628110797,0.9999999999999997,2.1758494960120824,-1.2204365121548832,368.8427569838618
226.9478929391593,-73.29557540731881,0.9999999999999997,2.1749875511592602,-1.2185700789676694,368.8447033083369
226.98277097352675,-73.2944860613334,0.9999999999999996,2.1741264834226364,-1.2167054696087085,368.84661186046776
227.01764441136478,-73.29339476818635,0.9999999999999998,2.173266291917253,-1.2148426801088554,368.8484826455465
227.05251325378012,-73.29230152293822,0.9999999999999998,2.172406975750933,-1.212981706506607,368.8503156688648
227.08737750183636,-73.29120632064736,0.9999999999999998,2.1715485340242164,-1.2111225448480276,368.8521109357151
227.12223715655372,-73.29010915636982,0.9999999999999999,2.1706909658304756,-1.209265191186816,368.8538684513888
227.15709221890947,-73.28901002515948,0.9999999999999998,2.169834270255853,-1.2074096415842952,368.85558822117804
227.1919426898375,-73.28790892206801,0.9999999999999998,2.1689784463793167,-1.2055558921093414,368.8572702503748
227.22678857022873,-73.28680584214487,0.9999999999999999,2.168123493272665,-1.203703938838494,368.8589145442711
227.26162986093075,-73.28570078043738,0.9999999999999999,2.167269410000584,-1.2018537778559057,368.86052110815865
227.29646656274818,-73.28459373199074,1.0,2.166416195620597,-1.2000054052533002,368.8620899473296
227.33129867644246,-73.283484691848,0.9999999999999998,2.1655638491831493,-1.198158817130082,368.86362106707577
227.3661262027319,-73.28237365505011,0.9999999999999999,2.164712369731605,-1.1963140095932268,368.86511447268924
227.4009491422918,-73.28126061663596,0.9999999999999999,2.1638617563022287,-1.1944709787573586,368.8665701694617
227.43576749575436,-73.28014557164235,0.9999999999999998,2.1630120079242765,-1.1926297207447014,368.8679881626852
227.47058126370874,-73.27902851510406,0.9999999999999999,2.1621631236199548,-1.1907902316851349,368.8693684576519
227.50539044670109,-73.27790944205384,0.9999999999999998,2.1613151024044743,-1.1889525077161451,368.8707110596535
227.5401950452345,-73.27678834752244,0.9999999999999998,2.160467943286042,-1.1871165449828531,368.8720159739821
227.57499505976926,-73.27566522653865,0.9999999999999999,2.159621645265908,-1.185282339637979,368.8732832059294
227.6097904907222,-73.27454007412926,0.9999999999999999,2.158776207338329,-1.183449887841931,368.87451276078747
227.6445813384676,-73.27341288531913,0.9999999999999999,2.157931628490692,-1.1816191857627203,368.87570464384817
227.67936760333671,-73.2722836551312,0.9999999999999998,2.157087907703435,-1.1797902295759854,368.8768588604038
227.71414928561788,-73.27115237858652,0.9999999999999997,2.1562450439500864,-1.1779630154650143,368.877975415746
227.74892638555644,-73.27001905070426,0.9999999999999999,2.155403036197324,-1.1761375396206937,368.8790543151665
227.7836989033549,-73.2688836665017,0.9999999999999998,2.154561883404959,-1.1743137982416272,368.8800955639575
227.81846683917286,-73.26774622099427,0.9999999999999998,2.153721584525943,-1.172491787533989,368.88109916741115
227.85323019312708,-73.26660670919563,0.9999999999999999,2.1528821385064543,-1.1706715037116169,368.8820651308191
227.88798896529147,-73.26546512611758,0.9999999999999998,2.1520435442858066,-1.168852942996029,368.88299345947314
227.9227431556972,-73.26432146677016,0.9999999999999998,2.151205800796582,-1.1670361016163078,368.8838841586656
227.95749276433244,-73.26317572616166,0.9999999999999999,2.1503689069645624,-1.1652209758092624,368.8847372336883
227.99223779114277,-73.26202789929859,1.0,2.1495328617088116,-1.1634075618193158,368.885552689833
228.0269782360309,-73.26087798118576,0.9999999999999999,2.148697663941654,-1.1615958558985362,368.8863305323917
228.06171409885687,-73.25972596682628,1.0,2.1478633125686954,-1.1597858543066337,368.88707076665656
228.09644537943788,-73.25857185122155,0.9999999999999999,2.147029806488863,-1.157977553311003,368.88777339791926
228.13117207754854,-73.2574156293713,0.9999999999999999,2.146197144594403,-1.1561709491866878,368.88843843147185
228.16589419292086,-73.25625729627365,1.0,2.145365325770932,-1.1543660382163417,368.88906587260635
228.2006117252437,-73.25509684692507,1.0,2.1445343488973982,-1.1525628166903346,368.8896557266146
228.2353246741638,-73.25393427632041,1.0,2.143704212846144,-1.1507612809066536,368.89020799878847
228.27003303928498,-73.25276957945297,1.0,2.1428749164829437,-1.148961427170967,368.89072269441994
228.30473682016867,-73.25160275131444,0.9999999999999999,2.1420464586669627,-1.1471632517966022,368.8911998188012
228.33943601633354,-73.250433786895,0.9999999999999999,2.1412188382507864,-1.1453667511045076,368.89163937722384
228.3741306272557,-73.24926268118324,0.9999999999999999,2.14039205408052,-1.1435719214233728,368.89204137497995
228.4088206523688,-73.24808942916633,1.0,2.139566104995689,-1.141778759089462,368.8924058173614
228.44350609106388,-73.24691402582987,0.9999999999999999,2.138740989829344,-1.1399872604467767,368.8927327096603
228.47818694268952,-73.24573646615802,1.0,2.1379167074080225,-1.1381974218469715,368.89302205716837
228.51286320655183,-73.24455674513351,1.0,2.137093256551827,-1.1364092396493213,368.8932738651778
228.54753488191434,-73.24337485773758,0.9999999999999998,2.136270636074384,-1.134622710220853,368.89348813898016
228.58220196799832,-73.24219079895013,1.0,2.1354488447829,-1.132837829936154,368.89366488386776
228.61686446398244,-73.24100456374963,1.0,2.1346278814781705,-1.1310545951776199,368.89380410513246
228.6515223690031,-73.23981614711317,1.0,2.1338077449545825,-1.1292730023351893,368.8939058080661
228.68617568215421,-73.2386255440165,1.0,2.1329884340001666,-1.1274930478065528,368.8939699979607
228.72082440248747,-73.23743274943402,1.0,2.1321699473965623,-1.125714727997071,368.8939966801082
228.75546852901212,-73.23623775833886,1.0,2.1313522839191066,-1.1239380393197145,368.89398585980035
228.79010806069513,-73.23504056570277,1.0,2.1305354423367895,-1.1221629781952451,368.89393754232935
228.82474299646137,-73.23384116649632,0.9999999999999999,2.1297194214123216,-1.1203895410520097,368.893851732987
228.85937333519288,-73.23263955568876,1.0,2.128904219902088,-1.1186177243260644,368.89372843706536
228.89399907573005,-73.23143572824814,0.9999999999999999,2.1280898365562493,-1.1168475244611642,368.89356765985616
228.9286202168708,-73.23022967914126,1.0,2.127276270118694,-1.1150789379087094,368.89336940665163
228.96323675737088,-73.22902140333373,1.0,2.126463519327091,-1.1133119611278204,368.8931336827433
228.99784869594396,-73.22781089579,1.0,2.125651582912866,-1.1115465905852737,368.89286049342354
229.03245603126138,-73.22659815147334,1.0,2.1248404596013053,-1.1097828227555588,368.892549843984
229.0670587619525,-73.22538316534589,0.9999999999999999,2.124030148111471,-1.1080206541208106,368.8922017397167
229.10165688660453,-73.22416593236866,1.0,2.123220647156293,-1.1062600811709125,368.8918161859136
229.1362504037626,-73.22294644750157,1.0000000000000002,2.12241195544253,-1.1045011004033647,368.89139318786664
229.1708393119298,-73.22172470570345,0.9999999999999999,2.1216040716708733,-1.1027437083234126,368.890932750868
229.2054236095672,-73.22050070193207,1.0,2.120796994535846,-1.100987901443979,368.8904348802092
229.24000329509371,-73.21927443114414,1.0,2.119990722725955,-1.0992336762856425,368.88989958118236
229.27457836688657,-73.21804588829538,0.9999999999999999,2.1191852549235684,-1.0974810293767057,368.8893268590793
229.30914882328085,-73.21681506834045,1.0,2.1183805898050405,-1.0957299572532015,368.8887167191923
229.34371466256977,-73.2155819662331,0.9999999999999999,2.117576726040687,-1.093980456458759,368.8880691668131
229.37827588300453,-73.21434657692605,1.0,2.1167736622948112,-1.0922325235447872,368.88738420723337
229.41283248279476,-73.2131088953711,0.9999999999999999,2.1159713972257546,-1.0904861550703444,368.88666184574544
229.44738446010766,-73.21186891651908,1.0,2.115169929485795,-1.0887413476022445,368.88590208764117
229.48193181306905,-73.21062663531997,1.0,2.1143692577213518,-1.0869980977149325,368.88510493821235
229.516474539763,-73.20938204672285,0.9999999999999999,2.113569380572823,-1.0852564019905557,368.8842704027512
229.55101263823158,-73.20813514567587,0.9999999999999999,2.1127702966747126,-1.08351625701901,368.8833984865492
229.58554610647516,-73.20688592712641,1.0,2.111972004655639,-1.0817776593978472,368.88248919489877
229.62007494245262,-73.20563438602096,1.0000000000000002,2.1111745031382547,-1.0800406057323357,368.88154253309176
229.65459914408066,-73.2043805173052,1.0000000000000002,2.11037779073947,-1.0783050926354605,368.8805585064197
229.68911870923478,-73.20312431592404,1.0,2.109581866070224,-1.0765711167278873,368.87953712017475
229.72363363574866,-73.2018657768216,1.0000000000000002,2.108786727735664,-1.0748386746379666,368.87847837964927
229.7581439214143,-73.20060489494125,1.0000000000000002,2.107992374335142,-1.073107763001829,368.8773822901347
229.79264956398225,-73.19934166522562,1.0000000000000002,2.107198804462172,-1.0713783784631943,368.87624885692304
229.82715056116132,-73.19807608261661,1.0000000000000002,2.106406016704529,-1.0696505176735975,368.87507808530637
229.86164691061907,-73.19680814205545,1.0000000000000002,2.1056140096441567,-1.067924177292202,368.87386998057684
229.89613860998122,-73.19553783848262,1.0000000000000002,2.10482278185734,-1.0661993539859438,368.8726245480259
229.93062565683226,-73.19426516683804,1.0000000000000002,2.104032331914567,-1.0644760444293908,368.87134179294577
229.96510804871525,-73.1929901220609,1.0000000000000002,2.103242658380614,-1.062754245304884,368.8700217206283
229.9995857831316,-73.19171269908983,1.0,2.102453759814617,-1.0610339533024415,368.8686643363655
230.03405885754177,-73.1904328928628,1.0,2.1016656347699865,-1.0593151651197843,368.86726964544914
230.06852726936407,-73.18915069831723,1.0,2.100878281794518,-1.0575978774623849,368.86583765317147
230.10299101597624,-73.18786611038998,1.0,2.1000916994303314,-1.0558820870433578,368.86436836482426
230.1374500947144,-73.18657912401731,1.0000000000000002,2.0993058862139335,-1.0541677905836053,368.8628617856995
230.17190450287347,-73.18528973413503,1.0000000000000002,2.098520840676244,-1.0524549848116749,368.861317921089
230.2063542377071,-73.18399793567835,1.0000000000000002,2.097736561342547,-1.0507436664638696,368.8597367762848
230.24079929642775,-73.18270372358208,1.0000000000000002,2.096953046732601,-1.049033832284163,368.8581183565788
230.27523967620664,-73.18140709278049,1.0,2.0961702953606025,-1.0473254790243054,368.8564626672629
230.30967537417393,-73.18010803820742,1.0,2.0953883057351987,-1.045618603443689,368.85476971362925
230.34410638741846,-73.17880655479628,1.0000000000000002,2.094607076359569,-1.0439132023094864,368.8530395009696
230.37853271298826,-73.17750263748006,1.0000000000000002,2.0938266057312998,-1.0422092723965264,368.851272034576
230.4129543478901,-73.17619628119135,1.0000000000000002,2.0930468923425884,-1.0405068104873898,368.8494673197402
230.4473712890897,-73.17488748086237,1.0,2.0922679346801196,-1.0388058133723668,368.84762536175435
230.4817835335119,-73.17357623142496,1.0000000000000002,2.09148973122514,-1.0371062778494462,368.84574616591027
230.51619107804058,-73.17226252781063,1.0,2.0907122804534453,-1.0354082007243441,368.84382973749996
230.55059391951855,-73.1709463649506,1.0,2.089935580835446,-1.0337115788105073,368.84187608181537
230.58499205474772,-73.16962773777574,1.0000000000000002,2.089159630836191,-1.0320164089290635,368.83988520414846
230.61938548048929,-73.16830664121666,1.0000000000000002,2.0883844289152567,-1.030322687908889,368.8378571097909
230.6537741934637,-73.16698307020368,1.0000000000000002,2.0876099735269307,-1.0286304125865797,368.835791804035
230.6881581903499,-73.16565701966692,1.0000000000000002,2.0868362631201567,-1.026939579806431,368.8336892921724
230.7225374677868,-73.16432848453624,1.0000000000000002,2.0860632961385193,-1.0252501864204717,368.83154957949546
230.75691202237238,-73.16299745974126,1.0000000000000002,2.085291071020288,-1.0235622292884372,368.82937267129546
230.79128185066372,-73.16166394021147,1.0000000000000002,2.084519586198514,-1.0218757052777825,368.8271585728652
230.82564694917738,-73.16032792087614,1.0000000000000002,2.083748840100892,-1.0201906112636898,368.82490728949557
230.86000731438926,-73.15898939666442,1.0,2.0829788311498945,-1.018506944129058,368.8226188264795
230.89436294273455,-73.15764836250533,1.0000000000000002,2.082209557762768,-1.016824700764495,368.8202931891085
230.92871383060802,-73.15630481332771,1.0000000000000002,2.0814410183514838,-1.0151438780683364,368.81793038267443
230.96305997436363,-73.15495874406037,1.0000000000000002,2.080673211322898,-1.0134644729466622,368.81553041246934
230.99740137031503,-73.15361014963202,1.0,2.0799061350786126,-1.0117864823132123,368.81309328378507
231.03173801473545,-73.15225902497127,1.0,2.079139788015034,-1.0101099030895035,368.8106190019138
231.0660699038574,-73.15090536500676,1.0,2.078374168523526,-1.0084347322047726,368.80810757214726
231.10039703387326,-73.14954916466706,1.0,2.0776092749901647,-1.0067609665959232,368.80555899977753
231.1347194009348,-73.14819041888074,1.0,2.0768451057960533,-1.005088603207632,368.8029732900962
231.1690370011536,-73.14682912257639,1.0,2.076081659317108,-1.0034176389922678,368.8003504483957
231.20334983060084,-73.1454652706826,1.0,2.075318933924189,-1.0017480709099544,368.79769047996774
231.2376578853077,-73.14409885812807,1.0000000000000002,2.0745569279830747,-1.000079895928483,368.79499339010437
231.27196116126441,-73.14272987984153,1.0000000000000002,2.073795639854506,-0.9984131110234351,368.7922591840972
231.30625965442178,-73.14135833075179,1.0000000000000002,2.073035067894155,-0.9967477131780491,368.78948786723845
231.34055336068994,-73.13998420578778,1.0,2.07227521045278,-0.9950836993833114,368.78667944482004
231.3748422759393,-73.13860749987856,1.0000000000000002,2.0715160658759864,-0.9934210666379393,368.7838339221339
231.40912639599983,-73.13722820795331,1.0000000000000002,2.0707576325045114,-0.9917598119483486,368.78095130447184
231.44340571666157,-73.13584632494138,1.0000000000000002,2.0699999086740934,-0.9900999323287181,368.77803159712613
231.47768023367442,-73.13446184577234,1.0000000000000002,2.0692428927155593,-0.9884414248008717,368.77507480538833
231.51194994274852,-73.13307476537588,1.0,2.068486582954721,-0.9867842863944212,368.7720809345504
231.5462148395539,-73.13168507868194,1.0000000000000002,2.0677309777125235,-0.9851285141467052,368.7690499899046
231.58047491972064,-73.1302927806207,1.0000000000000002,2.0669760753050586,-0.9834741051027365,368.76598197674286
231.61473017883895,-73.12889786612264,1.0000000000000002,2.0662218740434817,-0.9818210563152512,368.76287690035673
231.64898061245935,-73.12750033011841,1.0,2.0654683722340703,-0.9801693648447554,368.75973476603826
231.6832262160923,-73.126100167539,1.0000000000000002,2.064715568178329,-0.9785190277594324,368.7565555790796
