galstreams/tracks/track.ep.NGC5053.lauchner2006.ecsv
# %ECSV 1.0
# ---
# datatype:
# - {name: ra, unit: deg, datatype: float64}
# - {name: dec, unit: deg, datatype: float64}
# - {name: distance, unit: kpc, datatype: float64}
# - {name: pm_ra_cosdec, unit: mas / yr, datatype: float64}
# - {name: pm_dec, unit: mas / yr, datatype: float64}
# - {name: radial_velocity, unit: km / s, datatype: float64}
# delimiter: ','
# meta: !!omap
# - __serialized_columns__:
#     dec:
#       __class__: astropy.coordinates.angles.Latitude
#       unit: &id001 !astropy.units.Unit {unit: deg}
#       value: !astropy.table.SerializedColumn {name: dec}
#     distance:
#       __class__: astropy.coordinates.distances.Distance
#       unit: !astropy.units.Unit {unit: kpc}
#       value: !astropy.table.SerializedColumn {name: distance}
#     pm_dec:
#       __class__: astropy.units.quantity.Quantity
#       unit: !astropy.units.Unit {unit: mas / yr}
#       value: !astropy.table.SerializedColumn {name: pm_dec}
#     pm_ra_cosdec:
#       __class__: astropy.units.quantity.Quantity
#       unit: !astropy.units.Unit {unit: mas / yr}
#       value: !astropy.table.SerializedColumn {name: pm_ra_cosdec}
#     ra:
#       __class__: astropy.coordinates.angles.Longitude
#       unit: *id001
#       value: !astropy.table.SerializedColumn {name: ra}
#       wrap_angle: !astropy.coordinates.Angle
#         unit: *id001
#         value: 360.0
#     radial_velocity:
#       __class__: astropy.units.quantity.Quantity
#       unit: !astropy.units.Unit {unit: km / s}
#       value: !astropy.table.SerializedColumn {name: radial_velocity}
# schema: astropy-2.0
ra,dec,distance,pm_ra_cosdec,pm_dec,radial_velocity
194.99999999999997,14.99999999999999,17.400000000000002,0.0,0.0,0.0
195.02032754311296,15.013759495775648,17.4,0.0,0.0,0.0
195.04065770479312,15.027517186854764,17.4,0.0,0.0,0.0
195.06099048754731,15.04127307127252,17.400000000000002,0.0,0.0,0.0
195.08132589388234,15.055027147063425,17.400000000000002,0.0,0.0,0.0
195.10166392630467,15.068779412261327,17.4,0.0,0.0,0.0
195.1220045873207,15.082529864899415,17.399999999999995,0.0,0.0,0.0
195.14234787943664,15.096278503010144,17.4,0.0,0.0,0.0
195.16269380515865,15.110025324625452,17.400000000000002,0.0,0.0,0.0
195.1830423669926,15.123770327776475,17.400000000000002,0.0,0.0,0.0
195.2033935674442,15.13751351049372,17.399999999999995,0.0,0.0,0.0
195.22374740901907,15.151254870807033,17.4,0.0,0.0,0.0
195.2441038942226,15.164994406745581,17.4,0.0,0.0,0.0
195.26446302556005,15.178732116337873,17.4,0.0,0.0,0.0
195.28482480553643,15.192467997611729,17.4,0.0,0.0,0.0
195.3051892366568,15.20620204859432,17.4,0.0,0.0,0.0
195.32555632142572,15.219934267312127,17.399999999999995,0.0,0.0,0.0
195.34592606234787,15.233664651790969,17.400000000000002,0.0,0.0,0.0
195.36629846192756,15.247393200055956,17.399999999999995,0.0,0.0,0.0
195.38667352266907,15.26111991013163,17.4,0.0,0.0,0.0
195.40705124707654,15.274844780041743,17.4,0.0,0.0,0.0
195.42743163765368,15.288567807809429,17.400000000000002,0.0,0.0,0.0
195.4478146969043,15.30228899145713,17.4,0.0,0.0,0.0
195.46820042733185,15.316008329006626,17.4,0.0,0.0,0.0
195.48858883143973,15.329725818479004,17.4,0.0,0.0,0.0
195.5089799117311,15.343441457894695,17.4,0.0,0.0,0.0
195.5293736707089,15.357155245273429,17.400000000000002,0.0,0.0,0.0
195.54977011087598,15.370867178634287,17.400000000000002,0.0,0.0,0.0
195.57016923473495,15.384577255995653,17.4,0.0,0.0,0.0
195.5905710447882,15.398285475375197,17.4,0.0,0.0,0.0
195.61097554353802,15.411991834790028,17.4,0.0,0.0,0.0
195.63138273348656,15.425696332256456,17.4,0.0,0.0,0.0
195.6517926171356,15.43939896579016,17.4,0.0,0.0,0.0
195.67220519698688,15.453099733406125,17.4,0.0,0.0,0.0
195.69262047554193,15.466798633118666,17.4,0.0,0.0,0.0
195.713038455302,15.480495662941417,17.4,0.0,0.0,0.0
195.73345913876832,15.494190820887312,17.4,0.0,0.0,0.0
195.75388252844175,15.507884104968626,17.400000000000002,0.0,0.0,0.0
195.77430862682306,15.521575513196932,17.4,0.0,0.0,0.0
195.7947374364128,15.535265043583149,17.4,0.0,0.0,0.0
195.8151689597113,15.54895269413743,17.4,0.0,0.0,0.0
195.8356031992188,15.56263846286939,17.4,0.0,0.0,0.0
195.85604015743525,15.57632234778783,17.4,0.0,0.0,0.0
195.87647983686037,15.590004346900914,17.4,0.0,0.0,0.0
195.89692223999378,15.603684458216113,17.4,0.0,0.0,0.0
195.91736736933484,15.617362679740214,17.400000000000002,0.0,0.0,0.0
195.9378152273827,15.631039009479316,17.4,0.0,0.0,0.0
195.95826581663636,15.64471344543883,17.399999999999995,0.0,0.0,0.0
195.97871913959457,15.65838598562347,17.4,0.0,0.0,0.0
195.9991751987559,15.672056628037291,17.400000000000002,0.0,0.0,0.0
196.0196339966187,15.685725370683619,17.400000000000002,0.0,0.0,0.0
196.04009553568108,15.699392211565081,17.400000000000002,0.0,0.0,0.0
196.06055981844105,15.713057148683715,17.4,0.0,0.0,0.0
196.08102684739637,15.726720180040754,17.4,0.0,0.0,0.0
196.10149662504455,15.740381303636788,17.4,0.0,0.0,0.0
196.12196915388284,15.75404051747171,17.4,0.0,0.0,0.0
196.14244443640843,15.76769781954471,17.400000000000002,0.0,0.0,0.0
196.16292247511814,15.7813532078543,17.4,0.0,0.0,0.0
196.1834032725087,15.795006680398295,17.4,0.0,0.0,0.0
196.20388683107657,15.808658235173809,17.400000000000002,0.0,0.0,0.0
196.22437315331797,15.822307870177276,17.4,0.0,0.0,0.0
196.24486224172898,15.835955583404418,17.400000000000002,0.0,0.0,0.0
196.26535409880537,15.849601372850271,17.399999999999995,0.0,0.0,0.0
196.28584872704272,15.863245236509151,17.4,0.0,0.0,0.0
196.30634612893647,15.876887172374754,17.400000000000002,0.0,0.0,0.0
196.32684630698174,15.890527178440006,17.4,0.0,0.0,0.0
196.34734926367346,15.904165252697146,17.4,0.0,0.0,0.0
196.3678550015063,15.917801393137731,17.4,0.0,0.0,0.0
196.38836352297486,15.931435597752614,17.400000000000002,0.0,0.0,0.0
196.40887483057327,15.945067864531946,17.4,0.0,0.0,0.0
196.4293889267956,15.958698191465189,17.400000000000002,0.0,0.0,0.0
196.4499058141357,15.972326576541088,17.400000000000002,0.0,0.0,0.0
196.47042549508706,15.985953017747706,17.4,0.0,0.0,0.0
196.49094797214306,15.99957751307239,17.4,0.0,0.0,0.0
196.5114732477968,16.013200060501774,17.4,0.0,0.0,0.0
196.5320013245412,16.02682065802186,17.4,0.0,0.0,0.0
196.55253220486887,16.040439303617873,17.4,0.0,0.0,0.0
196.57306589127222,16.054055995274357,17.4,0.0,0.0,0.0
196.59360238624342,16.067670730975145,17.4,0.0,0.0,0.0
196.61414169227442,16.081283508703393,17.4,0.0,0.0,0.0
196.63468381185686,16.09489432644153,17.4,0.0,0.0,0.0
196.65522874748228,16.108503182171283,17.400000000000002,0.0,0.0,0.0
196.67577650164185,16.12211007387368,17.399999999999995,0.0,0.0,0.0
196.69632707682655,16.135714999529036,17.4,0.0,0.0,0.0
196.7168804755271,16.149317957116967,17.400000000000002,0.0,0.0,0.0
196.73743670023396,16.16291894461635,17.400000000000002,0.0,0.0,0.0
196.75799575343743,16.176517960005445,17.400000000000002,0.0,0.0,0.0
196.7785576376275,16.190115001261713,17.4,0.0,0.0,0.0
196.7991223552939,16.20371006636194,17.4,0.0,0.0,0.0
196.8196899089261,16.217303153282195,17.4,0.0,0.0,0.0
196.8402603010134,16.23089425999785,17.400000000000002,0.0,0.0,0.0
196.86083353404476,16.244483384483548,17.4,0.0,0.0,0.0
196.8814096105089,16.258070524713254,17.400000000000002,0.0,0.0,0.0
196.90198853289436,16.271655678660192,17.4,0.0,0.0,0.0
196.92257030368933,16.285238844296888,17.4,0.0,0.0,0.0
196.94315492538183,16.298820019595148,17.400000000000002,0.0,0.0,0.0
196.9637424004595,16.312399202526056,17.4,0.0,0.0,0.0
196.98433273140992,16.325976391060053,17.4,0.0,0.0,0.0
197.00492592072018,16.339551583166777,17.4,0.0,0.0,0.0
197.02552197087732,16.353124776815207,17.4,0.0,0.0,0.0
197.04612088436798,16.366695969973584,17.4,0.0,0.0,0.0
197.06672266367852,16.380265160609426,17.4,0.0,0.0,0.0
197.08732731129513,16.39383234668956,17.400000000000002,0.0,0.0,0.0
197.1079348297037,16.407397526180095,17.4,0.0,0.0,0.0
197.12854522138986,16.42096069704642,17.4,0.0,0.0,0.0
197.14915848883894,16.43452185725319,17.400000000000002,0.0,0.0,0.0
197.16977463453603,16.448081004764376,17.4,0.0,0.0,0.0
197.1903936609659,16.461638137543208,17.4,0.0,0.0,0.0
197.21101557061314,16.47519325355219,17.4,0.0,0.0,0.0
197.23164036596194,16.488746350753154,17.400000000000002,0.0,0.0,0.0
197.25226804949637,16.50229742710715,17.4,0.0,0.0,0.0
197.2728986237001,16.515846480574556,17.4,0.0,0.0,0.0
197.29353209105653,16.52939350911501,17.4,0.0,0.0,0.0
197.31416845404888,16.542938510687442,17.400000000000002,0.0,0.0,0.0
197.33480771516,16.556481483250042,17.400000000000002,0.0,0.0,0.0
197.35544987687248,16.570022424760296,17.400000000000002,0.0,0.0,0.0
197.37609494166867,16.583561333174966,17.4,0.0,0.0,0.0
197.39674291203053,16.59709820645008,17.4,0.0,0.0,0.0
197.41739379043986,16.610633042540965,17.4,0.0,0.0,0.0
197.4380475793781,16.6241658394022,17.400000000000002,0.0,0.0,0.0
197.45870428132642,16.637696594987656,17.4,0.0,0.0,0.0
197.4793638987657,16.65122530725048,17.4,0.0,0.0,0.0
197.50002643417656,16.66475197414309,17.400000000000002,0.0,0.0,0.0
197.52069189003927,16.678276593617188,17.4,0.0,0.0,0.0
197.54136026883384,16.691799163623724,17.4,0.0,0.0,0.0
197.56203157304003,16.705319682112957,17.4,0.0,0.0,0.0
197.58270580513724,16.718838147034404,17.4,0.0,0.0,0.0
197.60338296760455,16.732354556336848,17.4,0.0,0.0,0.0
197.62406306292084,16.745868907968354,17.4,0.0,0.0,0.0
197.64474609356463,16.75938119987626,17.4,0.0,0.0,0.0
197.66543206201413,16.77289143000717,17.4,0.0,0.0,0.0
197.68612097074725,16.786399596306968,17.400000000000002,0.0,0.0,0.0
197.7068128222417,16.799905696720796,17.4,0.0,0.0,0.0
197.7275076189747,16.813409729193083,17.399999999999995,0.0,0.0,0.0
197.74820536342332,16.826911691667505,17.4,0.0,0.0,0.0
197.76890605806423,16.840411582087036,17.400000000000002,0.0,0.0,0.0
197.7896097053739,16.8539093983939,17.4,0.0,0.0,0.0
197.81031630782834,16.867405138529595,17.4,0.0,0.0,0.0
197.83102586790338,16.88089880043488,17.400000000000002,0.0,0.0,0.0
197.85173838807447,16.894390382049796,17.4,0.0,0.0,0.0
197.87245387081677,16.90787988131364,17.400000000000002,0.0,0.0,0.0
197.8931723186051,16.921367296164984,17.4,0.0,0.0,0.0
197.91389373391405,16.934852624541655,17.4,0.0,0.0,0.0
197.93461811921773,16.948335864380752,17.400000000000002,0.0,0.0,0.0
197.95534547699006,16.96181701361865,17.4,0.0,0.0,0.0
197.97607580970464,16.97529607019096,17.400000000000002,0.0,0.0,0.0
197.9968091198347,16.9887730320326,17.4,0.0,0.0,0.0
198.01754540985317,17.002247897077716,17.4,0.0,0.0,0.0
198.0382846822326,17.01572066325973,17.4,0.0,0.0,0.0
198.05902693944532,17.02919132851133,17.4,0.0,0.0,0.0
198.07977218396323,17.04265989076446,17.400000000000002,0.0,0.0,0.0
198.100520418258,17.056126347950336,17.4,0.0,0.0,0.0
198.12127164480088,17.06959069799943,17.4,0.0,0.0,0.0
198.14202586606285,17.083052938841476,17.4,0.0,0.0,0.0
198.1627830845145,17.09651306840546,17.400000000000002,0.0,0.0,0.0
198.18354330262616,17.109971084619644,17.4,0.0,0.0,0.0
198.2043065228678,17.123426985411545,17.4,0.0,0.0,0.0
198.22507274770896,17.136880768707933,17.4,0.0,0.0,0.0
198.24584197961897,17.15033243243485,17.399999999999995,0.0,0.0,0.0
198.26661422106682,17.16378197451758,17.4,0.0,0.0,0.0
198.28738947452104,17.177229392880676,17.4,0.0,0.0,0.0
198.30816774244988,17.190674685447952,17.4,0.0,0.0,0.0
198.32894902732133,17.204117850142463,17.399999999999995,0.0,0.0,0.0
198.3497333316029,17.217558884886547,17.4,0.0,0.0,0.0
198.3705206577618,17.230997787601773,17.400000000000002,0.0,0.0,0.0
198.39131100826498,17.244434556208983,17.400000000000002,0.0,0.0,0.0
198.4121043855789,17.257869188628256,17.400000000000002,0.0,0.0,0.0
198.4329007921698,17.271301682778958,17.4,0.0,0.0,0.0
198.45370023050342,17.28473203657968,17.4,0.0,0.0,0.0
198.4745027030453,17.29816024794827,17.4,0.0,0.0,0.0
198.49530821226048,17.311586314801854,17.4,0.0,0.0,0.0
198.51611676061384,17.325010235056787,17.400000000000002,0.0,0.0,0.0
198.53692835056967,17.338432006628683,17.4,0.0,0.0,0.0
198.55774298459207,17.351851627432406,17.4,0.0,0.0,0.0
198.57856066514472,17.365269095382097,17.4,0.0,0.0,0.0
198.5993813946909,17.378684408391106,17.4,0.0,0.0,0.0
198.62020517569363,17.39209756437207,17.4,0.0,0.0,0.0
198.64103201061542,17.405508561236854,17.4,0.0,0.0,0.0
198.66186190191857,17.418917396896592,17.4,0.0,0.0,0.0
198.68269485206488,17.432324069261654,17.4,0.0,0.0,0.0
198.70353086351588,17.445728576241677,17.400000000000002,0.0,0.0,0.0
198.72436993873268,17.45913091574552,17.399999999999995,0.0,0.0,0.0
198.745212080176,17.472531085681304,17.4,0.0,0.0,0.0
198.76605729030624,17.485929083956414,17.4,0.0,0.0,0.0
198.78690557158336,17.49932490847745,17.4,0.0,0.0,0.0
198.80775692646702,17.512718557150304,17.400000000000002,0.0,0.0,0.0
198.82861135741643,17.526110027880065,17.400000000000002,0.0,0.0,0.0
198.84946886689048,17.539499318571114,17.399999999999995,0.0,0.0,0.0
198.8703294573476,17.552886427127035,17.4,0.0,0.0,0.0
198.89119313124596,17.566271351450695,17.4,0.0,0.0,0.0
198.9120598910432,17.57965408944419,17.4,0.0,0.0,0.0
198.93292973919668,17.593034639008856,17.4,0.0,0.0,0.0
198.95380267816336,17.606412998045275,17.400000000000002,0.0,0.0,0.0
198.97467871039976,17.619789164453298,17.4,0.0,0.0,0.0
198.99555783836203,17.63316313613198,17.4,0.0,0.0,0.0
199.01644006450599,17.646534910979653,17.4,0.0,0.0,0.0
199.03732539128697,17.65990448689386,17.4,0.0,0.0,0.0
199.05821382115997,17.673271861771422,17.4,0.0,0.0,0.0
199.07910535657956,17.686637033508372,17.4,0.0,0.0,0.0
199.1,17.7,17.400000000000002,0.0,0.0,0.0
