galstreams/tracks/track.st.C-25.ibata2024.ecsv
# %ECSV 1.0
# ---
# datatype:
# - {name: ra, unit: deg, datatype: float64}
# - {name: dec, unit: deg, datatype: float64}
# - {name: distance, unit: kpc, datatype: float64}
# - {name: pm_ra_cosdec, unit: mas / yr, datatype: float64}
# - {name: pm_dec, unit: mas / yr, datatype: float64}
# - {name: radial_velocity, unit: km / s, datatype: float64}
# delimiter: ','
# meta: !!omap
# - __serialized_columns__:
#     dec:
#       __class__: astropy.coordinates.angles.Latitude
#       unit: &id001 !astropy.units.Unit {unit: deg}
#       value: !astropy.table.SerializedColumn {name: dec}
#     distance:
#       __class__: astropy.coordinates.distances.Distance
#       unit: !astropy.units.Unit {unit: kpc}
#       value: !astropy.table.SerializedColumn {name: distance}
#     pm_dec:
#       __class__: astropy.units.quantity.Quantity
#       unit: !astropy.units.Unit {unit: mas / yr}
#       value: !astropy.table.SerializedColumn {name: pm_dec}
#     pm_ra_cosdec:
#       __class__: astropy.units.quantity.Quantity
#       unit: !astropy.units.Unit {unit: mas / yr}
#       value: !astropy.table.SerializedColumn {name: pm_ra_cosdec}
#     ra:
#       __class__: astropy.coordinates.angles.Longitude
#       unit: *id001
#       value: !astropy.table.SerializedColumn {name: ra}
#       wrap_angle: !astropy.coordinates.Angle
#         unit: *id001
#         value: 360.0
#     radial_velocity:
#       __class__: astropy.units.quantity.Quantity
#       unit: !astropy.units.Unit {unit: km / s}
#       value: !astropy.table.SerializedColumn {name: radial_velocity}
# schema: astropy-2.0
ra,dec,distance,pm_ra_cosdec,pm_dec,radial_velocity
[from data line 1016]
108.12423241135731,39.272353803727924,1.0000000000000002,5.963660349748392,-1.4102207345651108,-19.05667045224968
108.13623725647004,39.274848647536395,1.0000000000000004,5.963642333266335,-1.4108848346532747,-19.04414799775277
108.14824394907632,39.277339218463226,1.0000000000000002,5.963624192745328,-1.4115489382317925,-19.031668121909654
108.1602524823576,39.279825531545534,1.0000000000000002,5.963605930617849,-1.4122130454365336,-19.019230711637988
108.17226284950402,39.28230760182281,1.0000000000000004,5.963587549316158,-1.4128771564050575,-19.00683565385544
108.18427504371456,39.284785444336954,1.0000000000000002,5.96356905127231,-1.4135412712766198,-18.99448283547967
108.1962890581967,39.28725907413221,1.0000000000000002,5.963550438918141,-1.41420539019215,-18.98217214342834
108.20830488616681,39.289728506255194,1.0000000000000002,5.963531714685268,-1.4148695132942832,-18.969903464619104
108.2203225208498,39.29219375575489,1.0,5.96351288100511,-1.4155336407273313,-18.95767668596963
108.23234195547957,39.29465483768264,1.0000000000000002,5.963493940308849,-1.4161977726373187,-18.945491694397575
108.24436318329845,39.29711176709215,1.0,5.963474895027464,-1.4168619091719477,-18.9333483768206
108.25638619755782,39.2995645590395,1.0000000000000004,5.963455747591704,-1.417526050480636,-18.921246620156374
108.26841099151758,39.30201322858313,1.0000000000000002,5.963436500432116,-1.4181901967144817,-18.90918631132255
108.28043755844668,39.30445779078384,1.0000000000000002,5.963417155979004,-1.4188543480263096,-18.897167337236787
108.29246589162256,39.30689826070476,1.0000000000000004,5.9633977166624605,-1.4195185045706222,-18.88518958481675
108.30449598433177,39.309334653411454,1.0000000000000002,5.963378184912359,-1.4201826665036492,-18.873252940980098
108.31652782986944,39.31176698397174,1.0000000000000002,5.963358563158339,-1.420846833983316,-18.861357292644488
108.32856142153955,39.314195267455844,1.0000000000000004,5.963338853829821,-1.421511007169253,-18.849502526727594
108.34059675265513,39.31661951893638,1.0000000000000004,5.9633190593559995,-1.4221751862228165,-18.837688530147062
108.35263381653776,39.319039753488234,1.0000000000000004,5.963299182165833,-1.4228393713070613,-18.82591518982056
108.3646726065182,39.321455986188724,1.0000000000000002,5.963279224688064,-1.4235035625867698,-18.814182392665746
108.37671311593573,39.323868232117455,1.0000000000000002,5.963259189351192,-1.424167760228425,-18.802490025600292
108.38875533813888,39.32627650635642,1.0000000000000002,5.9632390785834914,-1.4248319644002456,-18.790837975541837
108.40079926648474,39.328680823989934,1.0000000000000004,5.963218894813007,-1.4254961752721549,-18.779226129408066
108.4128448943396,39.33108120010468,1.0000000000000002,5.963198640467547,-1.4261603930158113,-18.767654374116614
108.42489221507839,39.33347764978965,1.0000000000000002,5.9631783179746805,-1.4268246178045807,-18.756122596585172
108.43694122208525,39.33587018813622,1.0,5.963157929761753,-1.4274888498135772,-18.744630683731376
108.44899190875297,39.33825883023807,1.0000000000000002,5.963137478255857,-1.428153089219613,-18.733178522472894
108.4610442684836,39.34064359119126,1.0000000000000002,5.963116965883863,-1.4288173362012566,-18.72176599972739
108.47309829468789,39.34302448609416,1.0000000000000004,5.963096395072391,-1.4294815909387895,-18.710393002412534
108.48515398078561,39.34540153004745,1.0000000000000002,5.963075768247829,-1.4301458536142257,-18.69905941744597
108.49721132020572,39.34777473815423,1.0000000000000002,5.9630550878363175,-1.4308101244113274,-18.687765131745365
108.50927030638587,39.35014412551985,1.0000000000000002,5.96303435626376,-1.431474403515572,-18.676510032228375
108.52133093277298,39.35250970725202,1.0000000000000002,5.9630135759558085,-1.4321386911141964,-18.665294005812676
108.5333931928228,39.35487149846079,1.0000000000000002,5.962992749337879,-1.4328029873961572,-18.654116939415907
108.54545708000026,39.357229514258556,1.0000000000000002,5.962971878835136,-1.4334672925521645,-18.642978719955753
108.55752258777913,39.35958376975999,1.0000000000000002,5.962950966872501,-1.4341316067746597,-18.631879234349856
108.56958970964251,39.36193428008216,1.0000000000000002,5.962930015874644,-1.4347959302578406,-18.620818369515895
108.58165843908225,39.36428106034438,1.0000000000000002,5.962909028265987,-1.4354602631976365,-18.6097960123715
108.59372876959954,39.36662412566835,1.0000000000000002,5.962888006470704,-1.436124605791743,-18.598812049834365
108.60580069470441,39.36896349117807,1.0000000000000004,5.962866952912715,-1.4367889582395807,-18.587866368822134
108.61787420791626,39.371299171999866,1.0000000000000002,5.96284587001569,-1.4374533207423439,-18.57695885625247
108.62994930276326,39.37363118326234,1.0000000000000002,5.96282476020304,-1.4381176935029618,-18.566089399043037
108.64202597278303,39.37595954009652,1.0000000000000002,5.96280362589793,-1.438782076726128,-18.55525788411149
108.65410421152208,39.37828425763562,1.0000000000000002,5.962782469523259,-1.4394464706182886,-18.5444641983755
108.66618401253606,39.38060535101525,1.0000000000000002,5.962761293501677,-1.4401108753876388,-18.533708228752722
108.67826536938998,39.38292283537331,1.0000000000000002,5.962740100255571,-1.4407752912441485,-18.522989862160816
108.6903482756577,39.38523672585001,1.0000000000000002,5.962718892207073,-1.4414397183995311,-18.512308985517432
108.70243272492253,39.38754703758787,1.0000000000000002,5.96269767177805,-1.4421041570672786,-18.501665485740254
108.71451871077674,39.38985378573173,1.0000000000000002,5.962676441390114,-1.4427686074626278,-18.49105924974692
108.72660622682197,39.39215698542874,1.0000000000000002,5.962655203464606,-1.4434330698025972,-18.480490164455116
108.73869526666883,39.39445665182831,1.0000000000000004,5.962633960422609,-1.444097544305958,-18.46995811678249
108.75078582393743,39.39675280008221,1.0000000000000002,5.962612714684944,-1.4447620311932658,-18.459462993646685
108.76287789225678,39.39904544534448,1.0000000000000002,5.962591468672156,-1.4454265306868244,-18.44900468196538
108.77497146526542,39.40133460277147,1.0000000000000004,5.96257022480453,-1.4460910430107332,-18.438583068656246
108.78706653661085,39.403620287521846,1.0000000000000002,5.962548985502087,-1.4467555683908382,-18.42819804063693
108.79916309995006,39.40590251475653,1.0,5.9625277531845695,-1.4474201070547852,-18.417849484825087
108.81126114894914,39.40818129963876,1.0000000000000002,5.962506530271451,-1.448084659231978,-18.407537288138396
108.82336067728343,39.41045665733409,1.0000000000000002,5.9624853191819405,-1.4487492251535998,-18.3972613374945
108.83546167863774,39.41272860301033,1.0000000000000004,5.962464122334966,-1.4494138050526226,-18.387021519811075
108.84756414670592,39.41499715183759,1.0000000000000002,5.962442942149193,-1.4500783991637853,-18.37681772200577
108.85966807519138,39.41726231898832,1.0000000000000002,5.962421781042998,-1.4507430077236232,-18.366649830996245
108.87177345780653,39.41952411963717,1.0000000000000002,5.962400641434492,-1.4514076309704378,-18.356517733700176
108.88388028827342,39.42178256896112,1.0000000000000004,5.962379525741499,-1.452072269144333,-18.34642131703521
108.89598856032318,39.424037682139456,1.0000000000000002,5.962358436381584,-1.452736922487182,-18.336360467919008
108.90809826769645,39.42628947435372,1.0000000000000002,5.962337375772009,-1.4534015912426639,-18.32633507326924
108.92020940414302,39.42853796078773,1.0000000000000002,5.9623163463297715,-1.4540662756562241,-18.316345020003563
108.93232196342234,39.43078315662761,1.0000000000000002,5.962295350471581,-1.4547309759751217,-18.306390195039633
108.94443593930285,39.43302507706171,1.0000000000000002,5.962274390613865,-1.4553956924483893,-18.296470485295114
108.95655132556274,39.43526373728072,1.0000000000000002,5.962253469172769,-1.4560604253268683,-18.286585777687673
108.96866811598933,39.43749915247757,1.0000000000000004,5.962232588564151,-1.4567251748631846,-18.276735959134964
108.98078630437935,39.43973133784744,1.0000000000000002,5.962211751203591,-1.4573899413117557,-18.266920916554646
108.99290588453914,39.44196030858784,1.0000000000000002,5.962190959506369,-1.458054724928816,-18.25714053686438
109.00502685028418,39.44418607989847,1.0000000000000002,5.962170215887489,-1.4587195259723753,-18.247394706981833
109.01714919543969,39.446408666981405,1.0000000000000002,5.962149522761656,-1.4593843447022665,-18.237683313824657
109.02927291383995,39.44862808504084,1.0000000000000002,5.962128882543291,-1.4600491813801022,-18.228006244310524
109.04139799932908,39.45084434928339,1.0000000000000004,5.96210829764652,-1.4607140362693216,-18.21836338535709
109.05352444576027,39.45305747491783,1.0000000000000002,5.962087770485182,-1.461378909635142,-18.20875462388202
109.06565224699656,39.45526747715522,1.0000000000000002,5.962067303472814,-1.4620438017446147,-18.19917984680296
109.07778139691008,39.45747437120887,1.0000000000000002,5.962046899022663,-1.462708712866571,-18.18963894103759
109.0899118893828,39.459678172294375,1.0000000000000004,5.962026559547681,-1.463373643271676,-18.18013179350356
109.10204371830586,39.46187889562956,1.0000000000000002,5.962006287460522,-1.4640385932323805,-18.170658291118528
109.1141768775802,39.46407655643453,1.0000000000000002,5.961986085173541,-1.4647035630229717,-18.161218320800167
109.12631136111605,39.4662711699316,1.0000000000000002,5.961965955098789,-1.4653685529195302,-18.15181176946612
109.13844716283316,39.46846275134535,1.0000000000000002,5.961945899648029,-1.4660335631999524,-18.14243852403406
109.15058427666104,39.47065131590263,1.0000000000000002,5.9619259212327105,-1.4666985941439645,-18.133098471421647
109.16272269653841,39.47283687883251,1.0000000000000002,5.961906022263988,-1.467363646033088,-18.123791498546545
109.17486241641387,39.47501945536634,1.0000000000000002,5.961886205152706,-1.4680287191506858,-18.11451749232641
109.18700343024528,39.47719906073763,1.0000000000000004,5.961866472309412,-1.4686938137819163,-18.105276339678905
109.19914573200033,39.479375710182254,1.0000000000000002,5.961846826144345,-1.4693589302137795,-18.096067927521688
109.21128931565605,39.4815494189382,1.0000000000000002,5.961827269067429,-1.4700240687350792,-18.08689214277242
109.22343417519924,39.483720202245806,1.0000000000000002,5.961807803488293,-1.4706892296364582,-18.077748872348767
109.23558030462614,39.48588807534754,1.0000000000000002,5.961788431816246,-1.4713544132103686,-18.068638003168385
109.24772769794275,39.48805305348819,1.0000000000000002,5.961769156460293,-1.4720196197510995,-18.05955942214894
109.25987634916451,39.4902151519147,1.0000000000000002,5.961749979829127,-1.4726848495547602,-18.050513016208075
109.27202625231668,39.49237438587631,1.0,5.961730904331125,-1.4733501029192955,-18.041498672263483
109.28417740143396,39.49453077062445,1.0000000000000002,5.961711932374353,-1.4740153801444713,-18.032516277232787
109.29632979056073,39.49668432141278,1.0000000000000002,5.961693066366566,-1.4746806815318823,-18.023565718033677
109.30848341375116,39.498835053497196,1.0000000000000002,5.961674308715194,-1.4753460073849693,-18.014646881583808
109.32063826506884,39.50098298213579,1.0000000000000002,5.961655661827361,-1.4760113580089858,-18.005759654800833
109.33279433858728,39.503128122588926,1.0000000000000002,5.961637128109863,-1.4766767337110407,-17.996903924602417
109.34495162838941,39.50527049011911,1.0000000000000004,5.9616187099691835,-1.477342134800058,-17.988079577906227
109.35711012856812,39.507410099991155,1.0000000000000002,5.961600409811487,-1.4780075615868176,-17.979286501629915
109.36926983322569,39.509546967472005,1.0000000000000002,5.9615822300426125,-1.4786730143839195,-17.970524582691137
109.38143073647436,39.51168110783086,1.0000000000000002,5.961564173068075,-1.4793384935058163,-17.961793708007573
109.39359283243586,39.51381253633912,1.0000000000000004,5.961546241293071,-1.4800039992687903,-17.953093764496867
109.40575611524187,39.51594126827041,1.0000000000000002,5.961528437122471,-1.4806695319909768,-17.944424639076686
109.41792057903352,39.51806731890051,1.0000000000000002,5.961510762960823,-1.481335091992339,-17.935786218664695
109.430086217962,39.5201907035075,1.0000000000000002,5.961493221212342,-1.482000679594699,-17.92717839017854
109.44225302618786,39.52231143737156,1.0000000000000002,5.9614758142809166,-1.4826662951217084,-17.918601040535897
109.45442099788181,39.524429535775134,1.0000000000000002,5.961458544570111,-1.4833319388988815,-17.910054056654417
109.46659012722401,39.52654501400285,1.0000000000000002,5.961441414483154,-1.4839976112535667,-17.90153732545177
109.47876040840443,39.5286578873415,1.0000000000000002,5.9614244264229495,-1.4846633125149578,-17.893050733845612
109.49093183562302,39.530768171080155,1.0000000000000002,5.961407582792065,-1.4853290430141166,-17.884594168753605
109.50310440308921,39.53287588050996,1.0000000000000002,5.961390885992733,-1.485994803083931,-17.876167517093407
109.51527810502256,39.53498103092437,1.0000000000000002,5.96137433842686,-1.486660593059166,-17.86777066578269
109.5274529356521,39.53708363761895,1.0000000000000002,5.961357942496006,-1.4873264132764132,-17.859403501739095
109.53962888921697,39.53918371589149,1.0000000000000002,5.9613417006014044,-1.4879922640741414,-17.8510659118803
109.55180595996586,39.541281281041925,1.0000000000000002,5.961325615143943,-1.488658145792658,-17.842757783123954
109.56398414215754,39.54337634837245,1.0000000000000002,5.961309688524176,-1.4893240587741354,-17.83447900238772
109.57616343006032,39.54546893318734,1.0000000000000002,5.9612939231423185,-1.4899900033625941,-17.826229456589278
109.58834381795269,39.54755905079314,1.0000000000000004,5.96127832139824,-1.4906559799039278,-17.818009032646263
109.60052530012267,39.5496467164985,1.0000000000000002,5.961262885691475,-1.491321988745869,-17.809817617476345
109.6127078708684,39.55173194561433,1.0000000000000002,5.961247618421209,-1.4919880302380293,-17.80165509799719
109.62489152449777,39.5538147534536,1.0000000000000004,5.961232521986282,-1.4926541047318724,-17.793521361126455
109.63707625532841,39.55589515533155,1.0000000000000002,5.961217598785201,-1.4933202125807183,-17.7854162937818
109.64926205768813,39.55797316656554,1.0000000000000004,5.961202851216109,-1.4939863541397662,-17.77733978288089
109.66144892591436,39.5600488024751,1.0000000000000002,5.9611882816768205,-1.4946525297660642,-17.769291715341375
109.67363685435464,39.56212207838197,1.0000000000000002,5.961173892564786,-1.4953187398185404,-17.761271978080927
109.68582583736621,39.56419300960996,1.0000000000000002,5.961159686277115,-1.4959849846579714,-17.753280458017198
109.69801586931646,39.56626161148515,1.0000000000000002,5.9611456652105606,-1.4966512646470223,-17.74531704206786
109.71020694458244,39.5683278993357,1.0000000000000002,5.961131831761532,-1.4973175801502043,-17.737381617150568
109.72239905755137,39.570391888491955,1.0000000000000002,5.96111818832608,-1.4979839315339196,-17.729474070182988
109.73459220262022,39.572453594286415,1.0000000000000002,5.961104737299905,-1.498650319166423,-17.721594288082763
109.74678637419609,39.57451303205374,1.0,5.961091481078348,-1.4993167434178563,-17.713742157767577
109.75898156669582,39.57657021713071,0.9999999999999999,5.961078422056403,-1.4999832046602177,-17.705917566155073
109.77117777454644,39.5786251648563,1.0000000000000002,5.96106556262869,-1.5006497032673933,-17.698120400162917
109.78337499218478,39.58067789057159,1.0,5.961052905189493,-1.5013162396151358,-17.690350546708785
109.79557321405761,39.582728409619826,1.0000000000000002,5.961040452132723,-1.501982814081066,-17.682607892710315
109.80777243462194,39.58477673734639,1.0,5.961028205851933,-1.5026494270447053,-17.674892325085178
109.81997264834446,39.58682288909878,1.0,5.961016168740315,-1.5033160788874227,-17.66720373075104
