galstreams/tracks/track.st.Cetus-New.yuan2021.ecsv
# %ECSV 1.0
# ---
# datatype:
# - {name: ra, unit: deg, datatype: float64}
# - {name: dec, unit: deg, datatype: float64}
# - {name: distance, unit: kpc, datatype: float64}
# - {name: pm_ra_cosdec, unit: mas / yr, datatype: float64}
# - {name: pm_dec, unit: mas / yr, datatype: float64}
# - {name: radial_velocity, unit: km / s, datatype: float64}
# delimiter: ','
# meta: !!omap
# - __serialized_columns__:
#     dec:
#       __class__: astropy.coordinates.angles.Latitude
#       unit: &id001 !astropy.units.Unit {unit: deg}
#       value: !astropy.table.SerializedColumn {name: dec}
#     distance:
#       __class__: astropy.coordinates.distances.Distance
#       unit: !astropy.units.Unit {unit: kpc}
#       value: !astropy.table.SerializedColumn {name: distance}
#     pm_dec:
#       __class__: astropy.units.quantity.Quantity
#       unit: !astropy.units.Unit {unit: mas / yr}
#       value: !astropy.table.SerializedColumn {name: pm_dec}
#     pm_ra_cosdec:
#       __class__: astropy.units.quantity.Quantity
#       unit: !astropy.units.Unit {unit: mas / yr}
#       value: !astropy.table.SerializedColumn {name: pm_ra_cosdec}
#     ra:
#       __class__: astropy.coordinates.angles.Longitude
#       unit: *id001
#       value: !astropy.table.SerializedColumn {name: ra}
#       wrap_angle: !astropy.coordinates.Angle
#         unit: *id001
#         value: 360.0
#     radial_velocity:
#       __class__: astropy.units.quantity.Quantity
#       unit: !astropy.units.Unit {unit: km / s}
#       value: !astropy.table.SerializedColumn {name: radial_velocity}
# schema: astropy-2.0
ra,dec,distance,pm_ra_cosdec,pm_dec,radial_velocity
[from data line 4460]
26.376788995996442,-45.39410461816875,17.175274833756745,1.9456195381077612,1.6290866662467143,0.0
26.377317305830676,-45.40422514627676,17.17448223343362,1.9458072566965166,1.6295601329618599,-8.420767129872338e-15
26.377845564403405,-45.41434567900706,17.173690516396814,1.9459949841856445,1.6300335223719422,8.420767129872338e-15
26.378373771489535,-45.424466216367826,17.17289968326338,1.9461827205707036,1.6305068343339006,2.5262301389617013e-14
26.378901926863815,-45.434586758367246,17.17210973465038,1.9463704658472687,1.6309800687046614,1.6841534259744676e-14
26.379430030300785,-45.444707305013466,17.171320671174858,1.946558220010934,1.6314532253411396,2.5262301389617013e-14
26.37995808157484,-45.45482785631467,17.170532493453877,1.94674598305731,1.6319263041002416,8.420767129872338e-15
26.380486080460155,-45.46494841227906,17.169745202104494,1.946933754982023,1.632399304838859,8.420767129872338e-15
26.381014026730725,-45.475068972914805,17.168958797743766,1.9471215357807208,1.6328722274138738,2.5262301389617013e-14
26.381541920160394,-45.4851895382301,17.168173280988743,1.9473093254490637,1.6333450716821578,0.0
26.382069760522782,-45.49531010823314,17.16738865245649,1.9474971239827332,1.6338178375005694,2.5262301389617013e-14
26.382597547591352,-45.50543068293213,17.166604912764065,1.947684931377426,1.6342905247259567,-1.6841534259744676e-14
26.38312528113937,-45.51555126233527,17.16582206252852,1.947872747628859,1.6347631332151566,8.420767129872338e-15
26.38365296093992,-45.52567184645078,17.16504010236691,1.9480605727327633,1.6352356628249942,0.0
26.384180586765897,-45.53579243528685,17.164259032896293,1.9482484066848906,1.6357081134122842,-1.6841534259744676e-14
26.384708158390033,-45.54591302885171,17.163478854733725,1.9484362494810081,1.6361804848338295,-8.420767129872338e-15
26.38523567558485,-45.55603362715358,17.162699568496265,1.9486241011169012,1.6366527769464205,1.6841534259744676e-14
26.385763138122677,-45.56615423020068,17.16192117480097,1.9488119615883737,1.6371249896068374,2.5262301389617013e-14
26.386290545775694,-45.57627483800127,17.161143674264896,1.9489998308912464,1.6375971226718495,1.6841534259744676e-14
26.38681789831586,-45.58639545056356,17.160367067505096,1.949187709021356,1.6380691759982133,8.420767129872338e-15
26.387345195514975,-45.59651606789576,17.159591355138634,1.9493755959745582,1.6385411494426743,2.5262301389617013e-14
26.387872437144633,-45.60663669000618,17.158816537782553,1.949563491746729,1.6390130428619685,-1.6841534259744676e-14
26.388399622976248,-45.616757316903,17.158042616053926,1.949751396333757,1.6394848561128166,2.5262301389617013e-14
26.388926752781042,-45.62687794859451,17.157269590569797,1.9499393097315534,1.6399565890519319,2.5262301389617013e-14
26.38945382633006,-45.636998585088975,17.156497461947225,1.9501272319360425,1.6404282415360139,8.420767129872338e-15
26.389980843394156,-45.64711922639461,17.155726230803282,1.9503151629431696,1.6408998134217494,1.6841534259744676e-14
26.39050780374399,-45.65723987251973,17.154955897755006,1.9505031027488966,1.6413713045658178,0.0
26.391034707150055,-45.66736052347256,17.154186463419453,1.950691051349203,1.641842714824885,3.368306851948935e-14
26.391561553382612,-45.67748117926139,17.153417928413692,1.950879008740086,1.642314044055602,5.0524602779234026e-14
26.392088342211785,-45.687601839894526,17.15265029335477,1.9510669749175598,1.6427852921146142,1.6841534259744676e-14
26.392615073407473,-45.69772250538019,17.15188355885975,1.9512549498776595,1.6432564588585512,-8.420767129872338e-15
26.39314174673941,-45.70784317572671,17.15111772554569,1.9514429336164345,1.6437275441440329,8.420767129872338e-15
26.393668361977124,-45.717963850942375,17.150352794029637,1.9516309261299534,1.6441985478276675,1.6841534259744676e-14
26.394194918889962,-45.728084531035464,17.14958876492865,1.9518189274143012,1.64466946976605,0.0
26.39472141724708,-45.73820521601428,17.14882563885979,1.9520069374655848,1.6451403098157673,8.420767129872338e-15
26.395247856817438,-45.748325905887114,17.14806341644012,1.9521949562799232,1.6456110678333893,3.368306851948935e-14
26.39577423736982,-45.7584466006623,17.14730209828668,1.9523829838534579,1.6460817436754807,0.0
26.39630055867281,-45.76856730034814,17.14654168501654,1.952571020182346,1.6465523371985897,0.0
26.39682682049479,-45.778688004952926,17.145782177246755,1.952759065262763,1.6470228482592546,0.0
26.39735302260399,-45.78880871448499,17.145023575594365,1.9529471190909033,1.6474932767140031,8.420767129872338e-15
26.3978791647684,-45.798929428952675,17.144265880676453,1.953135181662976,1.647963622419349,0.0
26.39840524675586,-45.80905014836429,17.14350909311006,1.9533232529752116,1.6484338852317963,8.420767129872338e-15
26.398931268333985,-45.819170872728186,17.142753213512243,1.9535113330238576,1.6489040650078362,-1.6841534259744676e-14
26.399457229270222,-45.82929160205267,17.141998242500065,1.9536994218051782,1.6493741616039488,1.6841534259744676e-14
26.399983129331815,-45.83941233634609,17.141244180690578,1.9538875193154577,1.6498441748766015,8.420767129872338e-15
26.400508968285827,-45.849533075616826,17.140491028700833,1.9540756255509963,1.6503141046822525,-1.6841534259744676e-14
26.401034745899114,-45.85965381987319,17.139738787147895,1.9542637405081131,1.6507839508773454,8.420767129872338e-15
26.401560461938338,-45.869774569123535,17.138987456648824,1.9544518641831443,1.6512537133183125,2.5262301389617013e-14
26.402086116169993,-45.879895323376246,17.138237037820666,1.954639996572446,1.651723391861577,0.0
26.402611708360347,-45.890016082639654,17.13748753128049,1.9548281376723902,1.6521929863635452,1.6841534259744676e-14
26.403137238275495,-45.90013684692216,17.136738937645337,1.9550162874793713,1.6526624966806183,2.5262301389617013e-14
26.40366270568135,-45.910257616232116,17.13599125753228,1.9552044459897933,1.6531319226691807,8.420767129872338e-15
26.404188110343583,-45.92037839057788,17.135244491558357,1.9553926132000874,1.6536012641856064,0.0
26.404713452027725,-45.93049916996786,17.13449864034064,1.9555807891066974,1.6540705210862567,1.6841534259744676e-14
26.405238730499082,-45.94061995441043,17.13375370449618,1.9557689737060875,1.6545396932274843,2.5262301389617013e-14
26.405763945522775,-45.950740743913975,17.133009684642037,1.9559571669947384,1.655008780465625,0.0
26.406289096863727,-45.960861538486895,17.132266581395264,1.9561453689691504,1.655477782657008,-8.420767129872338e-15
26.40681418428667,-45.970982338137574,17.131524395372917,1.9563335796258408,1.6559466996579468,8.420767129872338e-15
26.407339207556145,-45.98110314287441,17.130783127192053,1.956521798961346,1.6564155313247446,3.368306851948935e-14
26.40786416643647,-45.99122395270582,17.130042777469725,1.9567100269722213,1.6568842775136932,8.420767129872338e-15
26.408389060691796,-46.00134476764021,17.129303346823008,1.9568982636550354,1.6573529380810696,8.420767129872338e-15
26.408913890086072,-46.011465587686,17.128564835868932,1.9570865090063836,1.6578215128831433,8.420767129872338e-15
26.409438654383052,-46.0215864128516,17.127827245224573,1.957274763022871,1.6582900017761686,3.368306851948935e-14
26.409963353346278,-46.031707243145426,17.127090575506976,1.9574630257011267,1.6587584046163888,-1.6841534259744676e-14
26.410487986739113,-46.041828078575904,17.126354827333206,1.9576512970377948,1.6592267212600358,8.420767129872338e-15
26.41101255432472,-46.051948919151485,17.12562000132032,1.9578395770295385,1.6596949515633284,1.6841534259744676e-14
26.411537055866045,-46.06206976488059,17.124886098085362,1.9580278656730417,1.6601630953824742,0.0
26.41206149112586,-46.072190615771646,17.12415311824541,1.9582161629650017,1.660631152573667,1.6841534259744676e-14
26.412585859866738,-46.0823114718331,17.123421062417496,1.958404468902139,1.6610991229930936,0.0
26.41311016185103,-46.09243233307343,17.122689931218694,1.9585927834811905,1.6615670064969223,-2.5262301389617013e-14
26.413634396840926,-46.102553199501045,17.121959725266056,1.9587811066989083,1.662034802941315,0.0
26.41415856459837,-46.11267407112442,17.121230445176636,1.9589694385520686,1.6625025121824168,8.420767129872338e-15
26.414682664885163,-46.12279494795203,17.12050209156749,1.9591577790374624,1.6629701340763638,2.5262301389617013e-14
26.41520669746285,-46.132915829992314,17.11977466505568,1.9593461281518985,1.6634376684792778,8.420767129872338e-15
26.41573066209282,-46.14303671725375,17.119048166258256,1.9595344858922088,1.6639051152472732,1.6841534259744676e-14
26.416254558536234,-46.15315760974481,17.118322595792282,1.9597228522552366,1.6643724742364454,3.368306851948935e-14
26.416778386554075,-46.16327850747399,17.11759795427481,1.9599112272378478,1.6648397453028827,2.5262301389617013e-14
26.41730214590712,-46.173399410449754,17.1168742423229,1.9600996108369264,1.6653069283026596,8.420767129872338e-15
26.41782583635592,-46.183520318680564,17.1161514605536,1.9602880030493757,1.665774023091838,2.5262301389617013e-14
26.418349457660867,-46.19364123217496,17.11542960958398,1.9604764038721154,1.6662410295264696,1.6841534259744676e-14
26.41887300958212,-46.2037621509414,17.11470869003108,1.9606648133020852,1.6667079474625919,2.5262301389617013e-14
26.419396491879656,-46.2138830749884,17.113988702511975,1.9608532313362417,1.6671747767562306,8.420767129872338e-15
26.419919904313232,-46.22400400432444,17.113269647643705,1.9610416579715615,1.6676415172633998,1.6841534259744676e-14
26.420443246642414,-46.23412493895806,17.112551526043337,1.9612300932050393,1.668108168840101,-8.420767129872338e-15
26.420966518626585,-46.244245878897736,17.111834338327927,1.9614185370336887,1.668574731342324,5.0524602779234026e-14
26.421489720024873,-46.254366824152015,17.11111808511453,1.9616069894545398,1.6690412046260445,8.420767129872338e-15
26.422012850596275,-46.264487774729396,17.110402767020197,1.9617954504646433,1.66950758854723,2.5262301389617013e-14
26.422535910099516,-46.27460873063841,17.10968838466199,1.9619839200610707,1.6699738829618311,8.420767129872338e-15
26.42305889829316,-46.28472969188759,17.10897493865697,1.962172398240905,1.6704400877257872,1.6841534259744676e-14
26.42358181493556,-46.294850658485466,17.10826242962219,1.962360885001255,1.6709062026950297,8.420767129872338e-15
26.424104659784863,-46.304971630440576,17.10755085817469,1.9625493803392462,1.6713722277254734,0.0
26.424627432598992,-46.315092607761436,17.106840224931553,1.9627378842520193,1.671838162673019,8.420767129872338e-15
26.425150133135713,-46.32521359045663,17.106130530509823,1.9629263967367367,1.67230400739356,-8.420767129872338e-15
26.425672761152544,-46.33533457853468,17.105421775526562,1.9631149177905796,1.6727697617429742,2.5262301389617013e-14
26.426195316406798,-46.34545557200414,17.104713960598822,1.9633034474107467,1.6732354255771285,0.0
26.426717798655627,-46.35557657087359,17.104007086343653,1.9634919855944577,1.6737009987518774,1.6841534259744676e-14
26.42724020765594,-46.36569757515158,17.103301153378126,1.9636805323389468,1.674166481123062,1.6841534259744676e-14
26.42776254316444,-46.37581858484666,17.102596162319287,1.9638690876414704,1.6746318725465108,1.6841534259744676e-14
26.428284804937654,-46.38593959996742,17.101892113784196,1.964057651499303,1.675097172878043,2.5262301389617013e-14
26.428806992731865,-46.396060620522434,17.10118900838991,1.9642462239097365,1.6755623819734602,1.6841534259744676e-14
26.429329106303168,-46.40618164652028,17.100486846753483,1.9644348048700828,1.6760274996885562,-8.420767129872338e-15
26.42985114540746,-46.416302677969526,17.09978562949198,1.9646233943776716,1.6764925258791092,1.6841534259744676e-14
26.43037310980042,-46.42642371487878,17.099085357222446,1.9648119924298537,1.6769574604008888,0.0
26.43089499923753,-46.43654475725663,17.098386030561944,1.9650005990239954,1.677422303109647,2.5262301389617013e-14
26.431416813474055,-46.446665805111664,17.097687650127533,1.9651892141574834,1.6778870538611264,8.420767129872338e-15
26.431938552265045,-46.456786858452475,17.096990216536263,1.965377837827724,1.6783517125110579,1.6841534259744676e-14
26.432460215365346,-46.46690791728768,17.096293730405193,1.9655664700321434,1.678816278915157,1.6841534259744676e-14
26.432981802529625,-46.47702898162589,17.09559819235138,1.9657551107681808,1.6792807529291292,0.0
26.43350331351231,-46.48715005147571,17.094903602991884,1.965943760033301,1.6797451344086665,1.6841534259744676e-14
26.434024748067618,-46.49727112684576,17.094209962943754,1.9661324178249857,1.6802094232094484,1.6841534259744676e-14
26.43454610594957,-46.507392207744665,17.093517272824055,1.9663210841407328,1.6806736191871412,1.6841534259744676e-14
26.435067386911978,-46.51751329418104,17.09282553324984,1.9665097589780622,1.6811377221973995,0.0
26.435588590708438,-46.52763438616352,17.092134744838166,1.9666984423345109,1.6816017320958652,8.420767129872338e-15
26.43610971709234,-46.53775548370074,17.091444908206086,1.9668871342076373,1.6820656487381664,0.0
26.436630765816872,-46.547876586801344,17.090756023970666,1.967075834595015,1.6825294719799209,2.5262301389617013e-14
26.437151736635,-46.55799769547397,17.09006809274895,1.9672645434942406,1.6829932016767322,2.5262301389617013e-14
26.43767262929947,-46.56811880972726,17.089381115157998,1.9674532609029267,1.6834568376841907,1.6841534259744676e-14
26.438193443562835,-46.57823992956986,17.08869509181488,1.9676419868187063,1.683920379857876,0.0
26.438714179177445,-46.58836105501043,17.088010023336633,1.967830721239231,1.684383828053353,2.5262301389617013e-14
26.439234835895416,-46.59848218605766,17.087325910340326,1.968019464162171,1.684847182126175,8.420767129872338e-15
26.439755413468657,-46.60860332272015,17.086642753443012,1.9682082155852172,1.6853104419318818,4.210383564936169e-14
26.44027591164888,-46.618724465006636,17.085960553261742,1.9683969755060782,1.6857736073260035,0.0
26.440796330187563,-46.62884561292574,17.085279310413586,1.9685857439224808,1.686236678164052,1.6841534259744676e-14
26.441316668835988,-46.63896676648615,17.084599025515594,1.9687745208321723,1.6866996543015313,8.420767129872338e-15
26.441836927345225,-46.649087925696556,17.083919699184815,1.9689633062329208,1.6871625355939301,2.5262301389617013e-14
26.442357105466126,-46.65920909056564,17.08324133203832,1.9691521001225085,1.6876253218967248,8.420767129872338e-15
26.44287720294931,-46.66933026110208,17.082563924693147,1.969340902498743,1.6880880130653804,8.420767129872338e-15
26.44339721954524,-46.6794514373146,17.081887477766372,1.9695297133594445,1.6885506089553473,1.6841534259744676e-14
26.443917155004087,-46.68957261921186,17.081211991875044,1.9697185327024576,1.6890131094220626,1.6841534259744676e-14
26.444437009075862,-46.69969380680258,17.080537467636216,1.969907360525645,1.6894755143209537,0.0
26.444956781510353,-46.70981500009545,17.079863905666944,1.970096196826886,1.6899378235074312,0.0
26.44547647205713,-46.719936199099195,17.079191306584285,1.970285041604082,1.6904000368368974,1.6841534259744676e-14
26.44599608046553,-46.730057403822535,17.078519671005306,1.9704738948551515,1.6908621541647357,8.420767129872338e-15
26.446515606484706,-46.74017861427417,17.07784899954705,1.9706627565780341,1.6913241753463224,8.420767129872338e-15
26.447035049863576,-46.75029983046283,17.07717929282659,1.970851626770686,1.691786100237017,1.6841534259744676e-14
26.447554410350843,-46.76042105239724,17.076510551460967,1.9710405054310869,1.6922479286921683,4.210383564936169e-14
26.448073687694993,-46.77054228008615,17.075842776067237,1.9712293925572328,1.6927096605671124,0.0
26.448592881644316,-46.780663513538265,17.075175967262467,1.9714182881471392,1.6931712957171705,8.420767129872338e-15
26.449111991946854,-46.79078475276233,17.07451012566371,1.9716071921988394,1.693632833997651,5.0524602779234026e-14
26.449631018350452,-46.80090599776711,17.073845251888017,1.9717961047103918,1.6940942752638517,4.210383564936169e-14
