galstreams/tracks/track.st.Indus.shipp2019.ecsv
# %ECSV 1.0
# ---
# datatype:
# - {name: ra, unit: deg, datatype: float64}
# - {name: dec, unit: deg, datatype: float64}
# - {name: distance, unit: kpc, datatype: float64}
# - {name: pm_ra_cosdec, unit: mas / yr, datatype: float64}
# - {name: pm_dec, unit: mas / yr, datatype: float64}
# - {name: radial_velocity, unit: km / s, datatype: float64}
# delimiter: ','
# meta: !!omap
# - __serialized_columns__:
#     dec:
#       __class__: astropy.coordinates.angles.Latitude
#       unit: &id001 !astropy.units.Unit {unit: deg}
#       value: !astropy.table.SerializedColumn {name: dec}
#     distance:
#       __class__: astropy.coordinates.distances.Distance
#       unit: !astropy.units.Unit {unit: kpc}
#       value: !astropy.table.SerializedColumn {name: distance}
#     pm_dec:
#       __class__: astropy.units.quantity.Quantity
#       unit: !astropy.units.Unit {unit: mas / yr}
#       value: !astropy.table.SerializedColumn {name: pm_dec}
#     pm_ra_cosdec:
#       __class__: astropy.units.quantity.Quantity
#       unit: !astropy.units.Unit {unit: mas / yr}
#       value: !astropy.table.SerializedColumn {name: pm_ra_cosdec}
#     ra:
#       __class__: astropy.coordinates.angles.Longitude
#       unit: *id001
#       value: !astropy.table.SerializedColumn {name: ra}
#       wrap_angle: !astropy.coordinates.Angle
#         unit: *id001
#         value: 360.0
#     radial_velocity:
#       __class__: astropy.units.quantity.Quantity
#       unit: !astropy.units.Unit {unit: km / s}
#       value: !astropy.table.SerializedColumn {name: radial_velocity}
# schema: astropy-2.0
ra,dec,distance,pm_ra_cosdec,pm_dec,radial_velocity
[from data line 895]
335.1007056589062,-58.438625614368966,16.600000000000005,3.073308662723031,-4.8694783692220405,-57.01074153130138
335.1146839330382,-58.44546132931976,16.600000000000005,3.0743183274434305,-4.869455226208386,-56.971032823741574
335.1286667484959,-58.45229598611643,16.60000000000001,3.0753285275370077,-4.869431873587962,-56.93130218158337
335.1426541076821,-58.45912958404324,16.600000000000005,3.0763392633019606,-4.869408310934123,-56.89154960482659
335.15664601300034,-58.465962122383864,16.60000000000001,3.077350535036482,-4.869384537819796,-56.85177509347116
335.1706424668547,-58.472793600421525,16.600000000000005,3.078362343038769,-4.869360553817498,-56.81197864751756
335.1846434716504,-58.47962401743896,16.60000000000001,3.079374687607032,-4.869336358499309,-56.772160266965194
335.19864902979316,-58.48645337271832,16.600000000000005,3.0803875690394706,-4.869311951436902,-56.73231995181444
335.2126591436896,-58.49328166554128,16.600000000000005,3.0814009876343054,-4.869287332201509,-56.692457702065035
335.226673815747,-58.500108895188994,16.600000000000005,3.0824149436897406,-4.869262500363957,-56.6525735177173
335.2406930483734,-58.506935060942105,16.60000000000001,3.083429437503998,-4.869237455494644,-56.61266739877097
335.2547168439776,-58.51376016208073,16.600000000000005,3.0844444693752946,-4.869212197163537,-56.5727393452261
335.26874520496915,-58.520584197884475,16.60000000000001,3.085460039601844,-4.869186724940187,-56.53278935708278
335.2827781337585,-58.52740716763243,16.60000000000001,3.086476148481869,-4.869161038393717,-56.492817434340836
335.29681563275653,-58.53422907060316,16.600000000000005,3.087492796313591,-4.8691351370928295,-56.45282357700045
335.3108577043752,-58.54104990607473,16.60000000000001,3.088509983395228,-4.8691090206058,-56.412807785061545
335.3249043510271,-58.547869673324676,16.600000000000005,3.0895277100250023,-4.869082688500474,-56.372770058524075
335.3389555751254,-58.55468837163,16.600000000000005,3.0905459765011307,-4.869056140344284,-56.33271039738836
335.3530113790843,-58.56150600026723,16.60000000000001,3.091564783121841,-4.869029375704218,-56.29262880165384
335.3670717653185,-58.56832255851232,16.6,3.0925841301853456,-4.869002394146861,-56.252525271320955
335.38113673624366,-58.57513804564075,16.600000000000005,3.093604017989865,-4.868975195238347,-56.21239980638946
335.39520629427597,-58.581952460927454,16.600000000000005,3.0946244468336124,-4.868947778544405,-56.17225240685959
335.4092804418326,-58.588765803646844,16.600000000000005,3.0956454170148033,-4.868920143630321,-56.13208307273114
335.4233591813312,-58.595578073072836,16.600000000000005,3.0966669288316506,-4.868892290060968,-56.09189180400424
335.43744251519036,-58.602389268478824,16.600000000000005,3.0976889825823655,-4.868864217400775,-56.0516786006787
335.45153044582935,-58.60919938913765,16.600000000000005,3.098711578565145,-4.868835925213755,-56.01144346275471
335.4656229756681,-58.61600843432166,16.600000000000005,3.0997347170781993,-4.868807413063491,-55.97118639023231
335.47972010712743,-58.62281640330267,16.60000000000001,3.100758398419722,-4.868778680513131,-55.930907383111304
335.49382184262885,-58.629623295352,16.600000000000005,3.1017826228879164,-4.8687497271254045,-55.89060644139172
335.5079281845944,-58.63642910974039,16.60000000000001,3.102807390780959,-4.8687205524626025,-55.85028356507378
335.5220391354472,-58.643233845738116,16.6,3.103832702397048,-4.868691156086593,-55.809938754157194
335.53615469761075,-58.6500375026149,16.600000000000005,3.1048585580343486,-4.8686615375588085,-55.76957200864221
335.55027487350964,-58.656840079639935,16.600000000000005,3.105884957991049,-4.868631696440254,-55.729183328528734
335.56439966556894,-58.663641576081936,16.600000000000005,3.106911902565313,-4.868601632291504,-55.68877271381665
335.57852907621447,-58.670441991209046,16.60000000000001,3.1079393920552985,-4.868571344672704,-55.64834016450596
335.59266310787285,-58.67724132428888,16.60000000000001,3.1089674267591616,-4.86854083314357,-55.60788568059702
335.6068017629715,-58.68403957458858,16.600000000000005,3.109996006975055,-4.868510097263377,-55.5674092620894
335.6209450439384,-58.690836741374724,16.600000000000005,3.111025133001114,-4.868479136590977,-55.52691090898333
335.6350929532022,-58.69763282391337,16.60000000000001,3.1120548051354744,-4.868447950684789,-55.48639062127883
335.6492454931927,-58.704427821470034,16.600000000000005,3.113085023676269,-4.868416539102796,-55.44584839897562
335.6634026663399,-58.71122173330976,16.600000000000005,3.1141157889215982,-4.868384901402556,-55.40528424207413
335.67756447507486,-58.71801455869702,16.600000000000005,3.1151471011695824,-4.8683530371411825,-55.36469815057393
335.69173092182916,-58.72480629689576,16.60000000000001,3.1161789607183135,-4.868320945875364,-55.32409012447534
335.7059020090353,-58.731596947169415,16.60000000000001,3.117211367865882,-4.868288627161354,-55.2834601637782
335.7200777391263,-58.73838650878089,16.600000000000005,3.11824432291037,-4.868256080554973,-55.24280826848248
335.7342581145361,-58.74517498099256,16.60000000000001,3.1192778261498413,-4.868223305611604,-55.202134438588345
335.74844313769916,-58.751962363066276,16.600000000000005,3.1203118778823593,-4.868190301886199,-55.1614386740956
335.7626328110507,-58.75874865426335,16.600000000000005,3.121346478405963,-4.868157068933274,-55.12072097500455
335.7768271370269,-58.76553385384458,16.60000000000001,3.1223816280186956,-4.868123606306903,-55.07998134131481
335.79102611806417,-58.77231796107023,16.600000000000005,3.123417327018572,-4.868089913560743,-55.03921977302665
335.80522975660017,-58.77910097520002,16.60000000000001,3.124453575703612,-4.868055990247992,-54.99843627013993
335.81943805507296,-58.78588289549317,16.600000000000005,3.125490374371814,-4.868021835921431,-54.95763083265463
335.83365101592125,-58.79266372120835,16.6,3.126527723321156,-4.867987450133398,-54.916803460571
335.8478686415847,-58.79944345160369,16.600000000000005,3.127565622849618,-4.867952832435783,-54.8759541538887
335.8620909345035,-58.806222085936824,16.600000000000005,3.128604073255156,-4.8679179823800585,-54.83508291260796
335.8763178971186,-58.812999623464805,16.600000000000005,3.1296430748357116,-4.867882899517252,-54.794189736728825
335.8905495318717,-58.81977606344422,16.600000000000005,3.130682627889221,-4.867847583397941,-54.75327462625095
335.9047858412051,-58.826551405131056,16.600000000000005,3.1317227327135937,-4.867812033572289,-54.71233758117483
335.91902682756205,-58.83332564778083,16.600000000000005,3.1327633896067386,-4.867776249589999,-54.671378601499924
335.9332724933861,-58.840098790648476,16.60000000000001,3.1338045988665337,-4.867740231000351,-54.63039768722665
335.9475228411218,-58.84687083298844,16.600000000000005,3.134846360790847,-4.867703977352178,-54.58939483835491
335.9617778732144,-58.85364177405458,16.60000000000001,3.1358886756775357,-4.867667488193874,-54.54837005488449
335.9760375921096,-58.86041161310027,16.600000000000005,3.1369315438244314,-4.867630763073399,-54.507323336815766
335.99030200025413,-58.867180349378344,16.600000000000005,3.137974965529353,-4.867593801538267,-54.466254684148474
336.00457110009523,-58.873947982141075,16.60000000000001,3.139018941090103,-4.867556603135557,-54.42516409688257
336.01884489408076,-58.88071451064022,16.600000000000005,3.140063470804462,-4.8675191674119045,-54.38405157501833
336.0331233846595,-58.88747993412701,16.600000000000005,3.1411085549702005,-4.867481493913504,-54.34291711855543
336.0474065742808,-58.894244251852136,16.600000000000005,3.1421541938850615,-4.867443582186111,-54.301760727494
336.06169446539457,-58.901007463065724,16.600000000000005,3.1432003878467674,-4.86740543177504,-54.26058240183413
336.0759870604517,-58.90776956701741,16.600000000000005,3.144247137153033,-4.86736704222516,-54.21938214157571
336.09028436190346,-58.914530562956266,16.600000000000005,3.1452944421015365,-4.867328413080907,-54.178159946718985
336.1045863722021,-58.92129045013085,16.60000000000001,3.1463423029899573,-4.867289543886262,-54.13691581726358
336.1188930938004,-58.928049227789145,16.600000000000005,3.1473907201159377,-4.867250434184775,-54.095649753209635
336.1332045291518,-58.93480689517864,16.600000000000005,3.148439693777102,-4.867211083519544,-54.05436175455721
336.14752068071044,-58.94156345154626,16.6,3.149489224271056,-4.8671714914332345,-54.01305182130624
336.16184155093123,-58.948318896138396,16.60000000000001,3.1505393118953817,-4.867131657468055,-53.97171995345677
336.17616714226966,-58.95507322820091,16.600000000000005,3.1515899569476358,-4.867091581165785,-53.93036615100895
336.19049745718206,-58.96182644697912,16.600000000000005,3.152641159725368,-4.867051262067745,-53.88899041396244
336.20483249812514,-58.96857855171781,16.600000000000005,3.1536929205260815,-4.867010699714826,-53.847592742317495
336.21917226755664,-58.97532954166123,16.600000000000005,3.1547452396472693,-4.8669698936474655,-53.806173136074044
336.23351676793476,-58.98207941605306,16.60000000000001,3.1557981173864045,-4.866928843405652,-53.7647315952321
336.2478660017185,-58.98882817413649,16.60000000000001,3.156851554040931,-4.866887548528939,-53.72326811979154
336.2622199713673,-58.99557581515413,16.60000000000001,3.157905549908262,-4.866846008556432,-53.681782709752454
336.2765786793415,-59.00232233834806,16.600000000000005,3.1589601052857943,-4.866804223026786,-53.64027536511503
336.2909421281022,-59.009067742959836,16.600000000000005,3.160015220470896,-4.866762191478214,-53.59874608587906
336.30531032011083,-59.015812028230435,16.600000000000005,3.1610708957609104,-4.866719913448473,-53.5571948720444
336.3196832578298,-59.022555193400336,16.6,3.162127131453153,-4.8666773884748915,-53.51562172361139
336.334060943722,-59.02929723770945,16.600000000000005,3.1631839278449174,-4.866634616094335,-53.474026640579865
336.3484433802512,-59.03603816039717,16.600000000000005,3.1642412852334623,-4.866591595843229,-53.43240962294984
336.36283056988145,-59.042777960702324,16.600000000000005,3.165299203916021,-4.866548327257547,-53.39077067072132
336.37722251507796,-59.04951663786319,16.60000000000001,3.1663576841898116,-4.866504809872817,-53.34910978389419
336.39161921830623,-59.05625419111753,16.600000000000005,3.167416726352006,-4.866461043224123,-53.3074269624687
336.4060206820326,-59.06299061970255,16.60000000000001,3.1684763306997548,-4.8664170268460865,-53.26572220644453
336.4204269087239,-59.06972592285492,16.600000000000005,3.16953649753018,-4.866372760272903,-53.223995515822025
336.4348379008479,-59.07646009981074,16.600000000000005,3.1705972271403793,-4.866328243038293,-53.182246890600865
336.4492536608728,-59.08319314980561,16.600000000000005,3.171658519827406,-4.866283474675547,-53.14047633078139
336.46367419126756,-59.089925072074536,16.60000000000001,3.1727203758883014,-4.866238454717491,-53.0986838363631
336.47809949450175,-59.096655865852014,16.600000000000005,3.1737827956200615,-4.866193182696517,-53.05686940734644
336.4925295730455,-59.10338553037199,16.600000000000005,3.174845779319657,-4.866147658144553,-53.01503304373137
336.5069644293698,-59.11011406486785,16.600000000000005,3.175909327284029,-4.8661018805930825,-52.973174745517746
336.5214040659463,-59.116841468572446,16.60000000000001,3.1769734398100846,-4.866055849573133,-52.931294512705584
336.53584848524696,-59.12356774071809,16.600000000000005,3.1780381171946948,-4.8660095646152906,-52.889392345294894
336.55029768974475,-59.13029288053652,16.60000000000001,3.1791033597347025,-4.865963025249678,-52.84746824328572
336.5647516819132,-59.137016887258966,16.60000000000001,3.1801691677269224,-4.865916231005973,-52.80552220667793
336.5792104642264,-59.14373976011607,16.600000000000005,3.1812355414681184,-4.8658691814134,-52.76355423547184
336.59367403915917,-59.15046149833796,16.60000000000001,3.182302481255042,-4.865821876000727,-52.72156432966701
336.6081424091868,-59.157182101154206,16.600000000000005,3.1833699873843924,-4.865774314296282,-52.679552489263806
336.62261557678556,-59.16390156779381,16.600000000000005,3.1844380601528446,-4.865726495827918,-52.637518714262114
336.63709354443205,-59.17061989748526,16.600000000000005,3.185506699857034,-4.865678420123055,-52.595463004661866
336.65157631460363,-59.17733708945646,16.600000000000005,3.186575906793559,-4.865630086708648,-52.553385360463146
336.66606388977834,-59.18405314293481,16.6,3.1876456812589895,-4.865581495111201,-52.51128578166577
336.6805562724347,-59.1907680571471,16.6,3.188716023549846,-4.865532644856764,-52.46916426827006
336.6950534650521,-59.197481831319614,16.600000000000005,3.1897869339626213,-4.865483535470934,-52.42702082027592
336.7095554701105,-59.204194464678096,16.600000000000005,3.190858412793777,-4.865434166478845,-52.38485543768301
336.7240622900902,-59.21090595644769,16.600000000000005,3.191930460339716,-4.865384537405192,-52.342668120491815
336.7385739274726,-59.217616305853035,16.60000000000001,3.193003076896826,-4.8653346477741914,-52.30045886870191
336.7530903847393,-59.22432551211818,16.600000000000005,3.1940762627614356,-4.865284497109631,-52.2582276823137
336.7676116643729,-59.23103357446668,16.600000000000005,3.1951500182298513,-4.865234084934815,-52.215974561326824
336.7821377688564,-59.237740492121475,16.60000000000001,3.1962243435983346,-4.865183410772609,-52.17369950574143
336.7966687006734,-59.244446264304976,16.600000000000005,3.1972992391630974,-4.8651324741454225,-52.131402515557625
336.8112044623083,-59.25115089023906,16.60000000000001,3.198374705220318,-4.865081274575195,-52.08908359077543
336.82574505624603,-59.257854369145036,16.6,3.1994507420661487,-4.865029811583421,-52.04674273139444
336.8402904849721,-59.26455670024366,16.600000000000005,3.2005273499966727,-4.864978084691126,-52.00437993741503
336.8548407509727,-59.271257882755116,16.600000000000005,3.201604529307949,-4.864926093418889,-51.9619952088372
336.8693958567346,-59.27795791589908,16.60000000000001,3.2026822802959893,-4.864873837286827,-51.91958854566081
336.88395580474526,-59.28465679889463,16.600000000000005,3.2037606032567694,-4.864821315814595,-51.877159947885936
336.8985205974927,-59.29135453096032,16.600000000000005,3.204839498486212,-4.864768528521393,-51.83470941551249
336.91309023746555,-59.298051111314116,16.600000000000005,3.205918966280203,-4.864715474925956,-51.79223694854065
336.9276647271531,-59.30474653917347,16.600000000000005,3.2069990069345797,-4.864662154546567,-51.74974254697024
336.94224406904516,-59.31144081375524,16.60000000000001,3.2080796207451394,-4.864608566901046,-51.70722621080128
336.9568282656323,-59.31813393427576,16.600000000000005,3.2091608080076313,-4.864554711506755,-51.664687940033886
336.97141731940553,-59.32482589995078,16.600000000000005,3.2102425690177654,-4.864500587880587,-51.62212773466789
336.9860112328566,-59.33151670999551,16.600000000000005,3.2113249040711946,-4.864446195538989,-51.579545594703504
337.0006100084778,-59.338206363624614,16.600000000000005,3.212407813463538,-4.8643915339979324,-51.536941520140424
337.015213648762,-59.34489486005217,16.600000000000005,3.2134912974903562,-4.864336602772939,-51.494315510978964
337.02982215620284,-59.35158219849172,16.600000000000005,3.214575356447174,-4.8642814013790625,-51.451667567218955
337.04443553329435,-59.358268378156225,16.600000000000005,3.2156599906294634,-4.864225929330899,-51.408997688860545
337.05905378253124,-59.364953398258145,16.600000000000005,3.216745200332645,-4.864170186142574,-51.366305875903464
337.0736769064089,-59.3716372580093,16.600000000000005,3.2178309858520953,-4.8641141713277625,-51.323592128347904
337.0883049074231,-59.378319956621006,16.600000000000005,3.2189173474831447,-4.864057884399671,-51.280856446193894
337.1029377880705,-59.385001493304,16.600000000000005,3.2200042855210635,-4.864001324871038,-51.23809882944154
337.1175755508482,-59.39168186726849,16.600000000000005,3.2210918002610915,-4.863944492254145,-51.19531927809043
