galstreams/tracks/track.po.PS1-D.bernard2016.ecsv
# %ECSV 0.9
# ---
# datatype:
# - {name: ra, unit: deg, datatype: float64}
# - {name: dec, unit: deg, datatype: float64}
# - {name: distance, unit: kpc, datatype: float64}
# - {name: pm_ra_cosdec, unit: mas / yr, datatype: float64}
# - {name: pm_dec, unit: mas / yr, datatype: float64}
# - {name: radial_velocity, unit: km / s, datatype: float64}
# delimiter: ','
# meta: !!omap
# - __serialized_columns__:
#     dec:
#       __class__: astropy.coordinates.angles.Latitude
#       unit: &id001 !astropy.units.Unit {unit: deg}
#       value: !astropy.table.SerializedColumn {name: dec}
#     distance:
#       __class__: astropy.coordinates.distances.Distance
#       unit: !astropy.units.Unit {unit: kpc}
#       value: !astropy.table.SerializedColumn {name: distance}
#     pm_dec:
#       __class__: astropy.units.quantity.Quantity
#       unit: !astropy.units.Unit {unit: mas / yr}
#       value: !astropy.table.SerializedColumn {name: pm_dec}
#     pm_ra_cosdec:
#       __class__: astropy.units.quantity.Quantity
#       unit: !astropy.units.Unit {unit: mas / yr}
#       value: !astropy.table.SerializedColumn {name: pm_ra_cosdec}
#     ra:
#       __class__: astropy.coordinates.angles.Longitude
#       unit: *id001
#       value: !astropy.table.SerializedColumn {name: ra}
#       wrap_angle: !astropy.coordinates.Angle
#         unit: *id001
#         value: 360.0
#     radial_velocity:
#       __class__: astropy.units.quantity.Quantity
#       unit: !astropy.units.Unit {unit: km / s}
#       value: !astropy.table.SerializedColumn {name: radial_velocity}
# schema: astropy-2.0
ra,dec,distance,pm_ra_cosdec,pm_dec,radial_velocity
138.66263797642594,-21.599120509970472,22.89999999999928,0.0,0.0,0.0
138.6631359619036,-21.589129005686996,22.899999999999277,0.0,0.0,0.0
138.66363387865854,-21.579137499922922,22.89999999999928,0.0,0.0,0.0
138.66413172673523,-21.569145992679132,22.89999999999928,0.0,0.0,0.0
138.66462950617816,-21.559154483956675,22.899999999999288,0.0,0.0,0.0
138.6651272170318,-21.54916297375639,22.899999999999288,0.0,0.0,0.0
138.6656248593405,-21.539171462079356,22.899999999999295,0.0,0.0,0.0
138.66612243314873,-21.529179948926433,22.899999999999295,0.0,0.0,0.0
138.6666199385009,-21.519188434298616,22.899999999999295,0.0,0.0,0.0
138.66711737544134,-21.509196918196913,22.899999999999295,0.0,0.0,0.0
138.66761474401437,-21.499205400622177,22.899999999999302,0.0,0.0,0.0
138.66811204426438,-21.48921388157547,22.899999999999306,0.0,0.0,0.0
138.66860927623566,-21.47922236105764,22.89999999999931,0.0,0.0,0.0
138.66910643997244,-21.4692308390697,22.899999999999313,0.0,0.0,0.0
138.66960353551906,-21.45923931561265,22.899999999999313,0.0,0.0,0.0
138.67010056291974,-21.44924779068734,22.899999999999313,0.0,0.0,0.0
138.6705975222187,-21.43925626429484,22.899999999999313,0.0,0.0,0.0
138.67109441346014,-21.429264736435968,22.89999999999932,0.0,0.0,0.0
138.67159123668827,-21.419273207111754,22.89999999999932,0.0,0.0,0.0
138.6720879919472,-21.409281676323197,22.89999999999932,0.0,0.0,0.0
138.67258467928113,-21.399290144071138,22.899999999999324,0.0,0.0,0.0
138.67308129873416,-21.389298610356644,22.899999999999327,0.0,0.0,0.0
138.6735778503504,-21.37930707518054,22.89999999999933,0.0,0.0,0.0
138.67407433417392,-21.369315538543848,22.89999999999933,0.0,0.0,0.0
138.6745707502488,-21.359324000447568,22.89999999999933,0.0,0.0,0.0
138.67506709861905,-21.349332460892526,22.899999999999334,0.0,0.0,0.0
138.67556337932874,-21.339340919879795,22.899999999999338,0.0,0.0,0.0
138.67605959242184,-21.329349377410214,22.899999999999338,0.0,0.0,0.0
138.67655573794235,-21.319357833484833,22.899999999999338,0.0,0.0,0.0
138.6770518159342,-21.3093662881045,22.899999999999345,0.0,0.0,0.0
138.67754782644138,-21.2993747412702,22.899999999999345,0.0,0.0,0.0
138.67804376950775,-21.289383192982953,22.899999999999345,0.0,0.0,0.0
138.67853964517727,-21.27939164324358,22.89999999999935,0.0,0.0,0.0
138.67903545349375,-21.269400092053147,22.899999999999352,0.0,0.0,0.0
138.67953119450118,-21.259408539412483,22.899999999999356,0.0,0.0,0.0
138.68002686824326,-21.24941698532259,22.899999999999352,0.0,0.0,0.0
138.68052247476388,-21.23942542978447,22.899999999999356,0.0,0.0,0.0
138.68101801410683,-21.229433872798936,22.899999999999363,0.0,0.0,0.0
138.6815134863159,-21.219442314367083,22.899999999999363,0.0,0.0,0.0
138.68200889143483,-21.20945075448971,22.899999999999366,0.0,0.0,0.0
138.68250422950734,-21.199459193167886,22.899999999999363,0.0,0.0,0.0
138.6829995005772,-21.18946763040243,22.89999999999937,0.0,0.0,0.0
138.68349470468814,-21.17947606619435,22.899999999999377,0.0,0.0,0.0
138.68398984188377,-21.169484500544637,22.89999999999937,0.0,0.0,0.0
138.68448491220775,-21.159492933454114,22.899999999999377,0.0,0.0,0.0
138.68497991570376,-21.149501364923854,22.899999999999377,0.0,0.0,0.0
138.6854748524154,-21.13950979495467,22.899999999999377,0.0,0.0,0.0
138.6859697223863,-21.129518223547553,22.89999999999938,0.0,0.0,0.0
138.68646452566,-21.11952665070352,22.89999999999938,0.0,0.0,0.0
138.6869592622801,-21.109535076423374,22.899999999999384,0.0,0.0,0.0
138.6874539322901,-21.09954350070818,22.89999999999938,0.0,0.0,0.0
138.68794853573357,-21.089551923558744,22.89999999999939,0.0,0.0,0.0
138.688443072654,-21.07956034497609,22.899999999999388,0.0,0.0,0.0
138.68893754309482,-21.069568764961186,22.899999999999395,0.0,0.0,0.0
138.68943194709956,-21.05957718351487,22.899999999999395,0.0,0.0,0.0
138.68992628471162,-21.04958560063819,22.899999999999395,0.0,0.0,0.0
138.69042055597444,-21.039594016331957,22.899999999999395,0.0,0.0,0.0
138.69091476093143,-21.029602430597233,22.899999999999395,0.0,0.0,0.0
138.691408899626,-21.01961084343483,22.899999999999405,0.0,0.0,0.0
138.69190297210147,-21.00961925484574,22.8999999999994,0.0,0.0,0.0
138.69239697840115,-20.999627664830964,22.899999999999405,0.0,0.0,0.0
138.69289091856845,-20.98963607339131,22.899999999999405,0.0,0.0,0.0
138.6933847926466,-20.979644480527828,22.899999999999412,0.0,0.0,0.0
138.69387860067897,-20.969652886241345,22.89999999999941,0.0,0.0,0.0
138.69437234270876,-20.959661290532843,22.899999999999412,0.0,0.0,0.0
138.6948660187792,-20.94966969340331,22.899999999999412,0.0,0.0,0.0
138.6953596289336,-20.939678094853566,22.899999999999416,0.0,0.0,0.0
138.6958531732151,-20.92968649488466,22.899999999999416,0.0,0.0,0.0
138.69634665166694,-20.919694893497397,22.89999999999942,0.0,0.0,0.0
138.69684006433218,-20.909703290692832,22.89999999999942,0.0,0.0,0.0
138.6973334112541,-20.89971168647178,22.899999999999423,0.0,0.0,0.0
138.69782669247576,-20.889720080835215,22.89999999999943,0.0,0.0,0.0
138.69831990804028,-20.87972847378415,22.899999999999427,0.0,0.0,0.0
138.69881305799075,-20.869736865319375,22.89999999999943,0.0,0.0,0.0
138.6993061423703,-20.85974525544194,22.89999999999943,0.0,0.0,0.0
138.69979916122185,-20.849753644152656,22.899999999999434,0.0,0.0,0.0
138.70029211458854,-20.83976203145251,22.899999999999437,0.0,0.0,0.0
138.70078500251338,-20.82977041734249,22.899999999999434,0.0,0.0,0.0
138.7012778250393,-20.819778801823396,22.89999999999944,0.0,0.0,0.0
138.70177058220932,-20.809787184896276,22.899999999999444,0.0,0.0,0.0
138.70226327406638,-20.799795566561947,22.899999999999444,0.0,0.0,0.0
138.70275590065341,-20.78980394682139,22.899999999999444,0.0,0.0,0.0
138.70324846201336,-20.779812325675582,22.899999999999444,0.0,0.0,0.0
138.70374095818912,-20.769820703125333,22.899999999999444,0.0,0.0,0.0
138.70423338922353,-20.759829079171677,22.899999999999444,0.0,0.0,0.0
138.70472575515947,-20.749837453815438,22.89999999999945,0.0,0.0,0.0
138.7052180560398,-20.739845827057575,22.89999999999945,0.0,0.0,0.0
138.7057102919073,-20.729854198899083,22.89999999999946,0.0,0.0,0.0
138.70620246280478,-20.719862569340773,22.899999999999455,0.0,0.0,0.0
138.70669456877505,-20.709870938383673,22.899999999999462,0.0,0.0,0.0
138.70718660986086,-20.699879306028595,22.899999999999462,0.0,0.0,0.0
138.70767858610495,-20.689887672276562,22.899999999999462,0.0,0.0,0.0
138.70817049755004,-20.679896037128405,22.899999999999462,0.0,0.0,0.0
138.70866234423883,-20.66990440058508,22.89999999999947,0.0,0.0,0.0
138.709154126214,-20.65991276264757,22.899999999999466,0.0,0.0,0.0
138.70964584351827,-20.649921123316673,22.89999999999947,0.0,0.0,0.0
138.71013749619425,-20.639929482593452,22.89999999999947,0.0,0.0,0.0
138.71062908428453,-20.629937840478664,22.899999999999476,0.0,0.0,0.0
138.7111206078318,-20.619946196973384,22.899999999999473,0.0,0.0,0.0
138.7116120668786,-20.609954552078396,22.899999999999473,0.0,0.0,0.0
138.71210346146748,-20.599962905794673,22.899999999999476,0.0,0.0,0.0
138.71259479164107,-20.589971258123192,22.899999999999476,0.0,0.0,0.0
138.7130860574418,-20.57997960906476,22.89999999999948,0.0,0.0,0.0
138.7135772589123,-20.569987958620406,22.899999999999487,0.0,0.0,0.0
138.71406839609497,-20.55999630679092,22.899999999999487,0.0,0.0,0.0
138.71455946903237,-20.550004653577293,22.89999999999949,0.0,0.0,0.0
138.71505047776685,-20.54001299898048,22.899999999999487,0.0,0.0,0.0
138.71554142234098,-20.530021343001295,22.899999999999487,0.0,0.0,0.0
138.7160323027971,-20.52002968564076,22.899999999999494,0.0,0.0,0.0
138.7165231191776,-20.510038026899675,22.899999999999494,0.0,0.0,0.0
138.7170138715249,-20.50004636677901,22.899999999999494,0.0,0.0,0.0
138.71750455988135,-20.490054705279743,22.899999999999498,0.0,0.0,0.0
138.71799518428932,-20.480063042402648,22.8999999999995,0.0,0.0,0.0
138.71848574479105,-20.47007137814878,22.8999999999995,0.0,0.0,0.0
138.71897624142898,-20.460079712518926,22.8999999999995,0.0,0.0,0.0
138.71946667424533,-20.450088045514047,22.8999999999995,0.0,0.0,0.0
138.71995704328234,-20.440096377135124,22.899999999999505,0.0,0.0,0.0
138.7204473485823,-20.430104707382945,22.899999999999505,0.0,0.0,0.0
138.72093759018742,-20.420113036258527,22.899999999999512,0.0,0.0,0.0
138.72142776813996,-20.410121363762688,22.899999999999512,0.0,0.0,0.0
138.72191788248205,-20.40012968989642,22.89999999999951,0.0,0.0,0.0
138.7224079332559,-20.390138014660547,22.89999999999952,0.0,0.0,0.0
138.7228979205037,-20.380146338056022,22.899999999999512,0.0,0.0,0.0
138.72338784426753,-20.37015466008381,22.899999999999515,0.0,0.0,0.0
138.72387770458957,-20.360162980744704,22.89999999999952,0.0,0.0,0.0
138.72436750151186,-20.350171300039726,22.899999999999523,0.0,0.0,0.0
138.7248572350765,-20.340179617969675,22.89999999999952,0.0,0.0,0.0
138.72534690532558,-20.330187934535505,22.899999999999523,0.0,0.0,0.0
138.72583651230119,-20.32019624973819,22.899999999999523,0.0,0.0,0.0
138.72632605604525,-20.3102045635785,22.899999999999523,0.0,0.0,0.0
138.7268155365998,-20.30021287605748,22.899999999999526,0.0,0.0,0.0
138.72730495400688,-20.29022118717591,22.899999999999526,0.0,0.0,0.0
138.72779430830843,-20.280229496934798,22.89999999999953,0.0,0.0,0.0
138.72828359954642,-20.270237805334958,22.899999999999533,0.0,0.0,0.0
138.72877282776275,-20.260246112377327,22.899999999999537,0.0,0.0,0.0
138.7292619929994,-20.250254418062877,22.899999999999537,0.0,0.0,0.0
138.7297510952982,-20.2402627223924,22.899999999999537,0.0,0.0,0.0
138.73024013470106,-20.230271025366907,22.899999999999537,0.0,0.0,0.0
138.73072911124981,-20.22027932698719,22.89999999999954,0.0,0.0,0.0
138.7312180249864,-20.210287627254196,22.899999999999544,0.0,0.0,0.0
138.7317068759525,-20.200295926168895,22.89999999999954,0.0,0.0,0.0
138.73219566419007,-20.190304223732074,22.899999999999547,0.0,0.0,0.0
138.73268438974077,-20.180312519944742,22.899999999999544,0.0,0.0,0.0
138.73317305264644,-20.17032081480769,22.899999999999544,0.0,0.0,0.0
138.73366165294883,-20.160329108321864,22.899999999999547,0.0,0.0,0.0
138.7341501906896,-20.150337400488233,22.89999999999955,0.0,0.0,0.0
138.73463866591058,-20.140345691307576,22.89999999999955,0.0,0.0,0.0
138.73512707865336,-20.130353980780907,22.89999999999955,0.0,0.0,0.0
138.7356154289597,-20.120362268909016,22.899999999999554,0.0,0.0,0.0
138.73610371687127,-20.110370555692842,22.89999999999956,0.0,0.0,0.0
138.7365919424296,-20.100378841133356,22.899999999999554,0.0,0.0,0.0
138.73708010567643,-20.09038712523133,22.89999999999956,0.0,0.0,0.0
138.7375682066533,-20.080395407987783,22.89999999999956,0.0,0.0,0.0
138.7380562454018,-20.070403689403488,22.899999999999565,0.0,0.0,0.0
138.7385442219635,-20.060411969479464,22.89999999999957,0.0,0.0,0.0
138.73903213638002,-20.050420248216483,22.899999999999565,0.0,0.0,0.0
138.73951998869285,-20.040428525615503,22.899999999999565,0.0,0.0,0.0
138.74000777894346,-20.030436801677478,22.899999999999565,0.0,0.0,0.0
138.7404955071734,-20.020445076403178,22.89999999999957,0.0,0.0,0.0
138.7409831734241,-20.01045334979363,22.899999999999572,0.0,0.0,0.0
138.7414707777371,-20.000461621849585,22.899999999999572,0.0,0.0,0.0
138.74195832015377,-19.990469892572072,22.899999999999576,0.0,0.0,0.0
138.74244580071556,-19.980478161961866,22.899999999999576,0.0,0.0,0.0
138.74293321946385,-19.97048643001991,22.89999999999958,0.0,0.0,0.0
138.7434205764401,-19.960494696747155,22.89999999999958,0.0,0.0,0.0
138.74390787168562,-19.95050296214439,22.899999999999576,0.0,0.0,0.0
138.74439510524175,-19.940511226212603,22.899999999999576,0.0,0.0,0.0
138.74488227714988,-19.930519488952584,22.89999999999958,0.0,0.0,0.0
138.74536938745132,-19.920527750365267,22.899999999999586,0.0,0.0,0.0
138.74585643618732,-19.910536010451608,22.899999999999583,0.0,0.0,0.0
138.7463434233992,-19.900544269212382,22.899999999999586,0.0,0.0,0.0
138.7468303491282,-19.890552526648587,22.899999999999586,0.0,0.0,0.0
138.74731721341558,-19.880560782761005,22.89999999999959,0.0,0.0,0.0
138.74780401630258,-19.870569037550585,22.899999999999586,0.0,0.0,0.0
138.74829075783035,-19.860577291018252,22.89999999999959,0.0,0.0,0.0
138.74877743804018,-19.850585543164797,22.89999999999959,0.0,0.0,0.0
138.74926405697315,-19.840593793991225,22.899999999999594,0.0,0.0,0.0
138.7497506146705,-19.8306020434983,22.899999999999594,0.0,0.0,0.0
138.7502371111733,-19.820610291686958,22.899999999999594,0.0,0.0,0.0
138.7507235465227,-19.810618538558153,22.8999999999996,0.0,0.0,0.0
138.75120992075978,-19.800626784112662,22.899999999999594,0.0,0.0,0.0
138.75169623392566,-19.790635028351467,22.899999999999597,0.0,0.0,0.0
138.7521824860614,-19.78064327127535,22.8999999999996,0.0,0.0,0.0
138.75266867720802,-19.770651512885305,22.8999999999996,0.0,0.0,0.0
138.7531548074066,-19.76065975318211,22.899999999999608,0.0,0.0,0.0
138.75364087669809,-19.750667992166708,22.899999999999604,0.0,0.0,0.0
138.75412688512353,-19.740676229840027,22.899999999999604,0.0,0.0,0.0
138.75461283272392,-19.73068446620284,22.89999999999961,0.0,0.0,0.0
138.75509871954014,-19.720692701256144,22.89999999999961,0.0,0.0,0.0
138.75558454561323,-19.710700935000713,22.89999999999961,0.0,0.0,0.0
138.75607031098406,-19.700709167437477,22.89999999999961,0.0,0.0,0.0
138.75655601569355,-19.690717398567383,22.89999999999961,0.0,0.0,0.0
138.75704165978257,-19.680725628391183,22.899999999999615,0.0,0.0,0.0
138.75752724329203,-19.670733856909898,22.899999999999615,0.0,0.0,0.0
138.7580127662628,-19.66074208412427,22.89999999999962,0.0,0.0,0.0
138.75849822873565,-19.650750310035303,22.899999999999622,0.0,0.0,0.0
138.75898363075146,-19.640758534643773,22.89999999999962,0.0,0.0,0.0
138.759468972351,-19.63076675795059,22.89999999999962,0.0,0.0,0.0
138.75995425357507,-19.620774979956707,22.899999999999622,0.0,0.0,0.0
138.76043947446445,-19.61078320066289,22.899999999999626,0.0,0.0,0.0
138.76092463505987,-19.60079142007013,22.899999999999622,0.0,0.0,0.0
138.76140973540205,-19.590799638179185,22.89999999999963,0.0,0.0,0.0
138.76189477553174,-19.580807854990994,22.899999999999626,0.0,0.0,0.0
138.76237975548963,-19.570816070506492,22.899999999999622,0.0,0.0,0.0
138.76286467531642,-19.560824284726433,22.89999999999963,0.0,0.0,0.0
138.7633495350527,-19.55083249765182,22.89999999999963,0.0,0.0,0.0
138.7638343347392,-19.5408407092834,22.89999999999963,0.0,0.0,0.0
138.7643190744165,-19.530848919622123,22.899999999999633,0.0,0.0,0.0
138.76480375412524,-19.52085712866891,22.899999999999633,0.0,0.0,0.0
138.765288373906,-19.510865336424523,22.89999999999963,0.0,0.0,0.0
138.76577293379935,-19.500873542889952,22.899999999999633,0.0,0.0,0.0
138.76625743384585,-19.490881748065956,22.899999999999636,0.0,0.0,0.0
138.76674187408605,-19.480889951953518,22.899999999999633,0.0,0.0,0.0
138.76722625456048,-19.47089815455341,22.89999999999964,0.0,0.0,0.0
138.76771057530968,-19.46090635586655,22.899999999999643,0.0,0.0,0.0
138.76819483637405,-19.450914555893874,22.89999999999964,0.0,0.0,0.0
138.76867903779413,-19.440922754636137,22.89999999999964,0.0,0.0,0.0
138.7691631796104,-19.43093095209432,22.899999999999643,0.0,0.0,0.0
138.76964726186324,-19.42093914826919,22.899999999999643,0.0,0.0,0.0
138.77013128459308,-19.410947343161666,22.89999999999965,0.0,0.0,0.0
138.77061524784037,-19.40095553677269,22.89999999999965,0.0,0.0,0.0
138.77109915164542,-19.390963729103007,22.899999999999643,0.0,0.0,0.0
138.7715829960487,-19.380971920153595,22.89999999999965,0.0,0.0,0.0
138.77206678109047,-19.370980109925224,22.89999999999965,0.0,0.0,0.0
138.77255050681114,-19.36098829841886,22.89999999999965,0.0,0.0,0.0
138.77303417325098,-19.35099648563528,22.899999999999658,0.0,0.0,0.0
138.7735177804503,-19.341004671575394,22.899999999999658,0.0,0.0,0.0
138.77400132844943,-19.331012856240125,22.899999999999658,0.0,0.0,0.0
138.77448481728857,-19.321021039630242,22.899999999999658,0.0,0.0,0.0
138.77496824700802,-19.31102922174671,22.89999999999966,0.0,0.0,0.0
138.775451617648,-19.301037402590296,22.899999999999658,0.0,0.0,0.0
138.77593492924868,-19.291045582161914,22.89999999999966,0.0,0.0,0.0
