galstreams/tracks/track.st.Hermus.grillmair2014.ecsv
# %ECSV 0.9
# ---
# datatype:
# - {name: ra, unit: deg, datatype: float64}
# - {name: dec, unit: deg, datatype: float64}
# - {name: distance, unit: kpc, datatype: float64}
# - {name: pm_ra_cosdec, unit: mas / yr, datatype: float64}
# - {name: pm_dec, unit: mas / yr, datatype: float64}
# - {name: radial_velocity, unit: km / s, datatype: float64}
# delimiter: ','
# meta: !!omap
# - __serialized_columns__:
#     dec:
#       __class__: astropy.coordinates.angles.Latitude
#       unit: &id001 !astropy.units.Unit {unit: deg}
#       value: !astropy.table.SerializedColumn {name: dec}
#     distance:
#       __class__: astropy.coordinates.distances.Distance
#       unit: !astropy.units.Unit {unit: kpc}
#       value: !astropy.table.SerializedColumn {name: distance}
#     pm_dec:
#       __class__: astropy.units.quantity.Quantity
#       unit: !astropy.units.Unit {unit: mas / yr}
#       value: !astropy.table.SerializedColumn {name: pm_dec}
#     pm_ra_cosdec:
#       __class__: astropy.units.quantity.Quantity
#       unit: !astropy.units.Unit {unit: mas / yr}
#       value: !astropy.table.SerializedColumn {name: pm_ra_cosdec}
#     ra:
#       __class__: astropy.coordinates.angles.Longitude
#       unit: *id001
#       value: !astropy.table.SerializedColumn {name: ra}
#       wrap_angle: !astropy.coordinates.Angle
#         unit: *id001
#         value: 360.0
#     radial_velocity:
#       __class__: astropy.units.quantity.Quantity
#       unit: !astropy.units.Unit {unit: km / s}
#       value: !astropy.table.SerializedColumn {name: radial_velocity}
# schema: astropy-2.0
ra,dec,distance,pm_ra_cosdec,pm_dec,radial_velocity
[from data line 4254]
249.82699106562254,47.391462976822126,16.25948120155224,0.0,0.0,0.0
249.83715855925126,47.40065782555882,16.255527318354297,0.0,0.0,0.0
249.84733513746775,47.40985111093907,16.25157987550149,0.0,0.0,0.0
249.85752080392203,47.41904283059392,16.247638828702136,0.0,0.0,0.0
249.86771556224906,47.4282329821531,16.24370413284987,0.0,0.0,0.0
249.87791941606852,47.43742156324516,16.2397757420189,0.0,0.0,0.0
249.88813236898457,47.44660857149738,16.23585360945898,0.0,0.0,0.0
249.89835442458622,47.45579400453584,16.231937687590488,0.0,0.0,0.0
249.9085855864468,47.4649778599854,16.228027927999474,0.0,0.0,0.0
249.91882585812428,47.47416013546974,16.224124281432683,0.0,0.0,0.0
249.92907524316078,47.48334082861132,16.220226697792494,0.0,0.0,0.0
249.93933374508296,47.49251993703145,16.216335126131984,0.0,0.0,0.0
249.9496013674017,47.50169745835028,16.212449514649844,0.0,0.0,0.0
249.95987811361195,47.51087339018679,16.208569810685322,0.0,0.0,0.0
249.97016398719308,47.520047730158794,16.20469596071316,0.0,0.0,0.0
249.98045899160815,47.52922047588305,16.200827910338514,0.0,0.0,0.0
249.9907631303046,47.5383916249751,16.196965604291815,0.0,0.0,0.0
250.00107640671357,47.547561175049445,16.19310898642367,0.0,0.0,0.0
250.01139882425005,47.55672912371946,16.189257999699674,0.0,0.0,0.0
250.02173038631307,47.56589546859745,16.185412586195255,0.0,0.0,0.0
250.0320710962852,47.57506020729462,16.181572687090572,0.0,0.0,0.0
250.04242095753273,47.58422333742113,16.177738242665168,0.0,0.0,0.0
250.0527799734056,47.59338485658607,16.173909192292857,0.0,0.0,0.0
250.06314814723723,47.60254476239752,16.17008547443643,0.0,0.0,0.0
250.07352548234465,47.61170305246251,16.166267026642423,0.0,0.0,0.0
250.08391198202804,47.62085972438705,16.162453785535813,0.0,0.0,0.0
250.09430764957128,47.63001477577617,16.15864568681477,0.0,0.0,0.0
250.10471248824123,47.639168204233876,16.15484266524525,0.0,0.0,0.0
250.11512650128802,47.64832000736319,16.151044654655756,0.0,0.0,0.0
250.12554969194503,47.65747018276619,16.147251587931954,0.0,0.0,0.0
250.13598206342877,47.666618728044,16.14346339701122,0.0,0.0,0.0
250.14642361893843,47.67576564079678,16.13968001287738,0.0,0.0,0.0
250.15687436165646,47.68491091862376,16.13590136555522,0.0,0.0,0.0
250.16733429474806,47.69405455912325,16.132127384105054,0.0,0.0,0.0
250.17780342136132,47.70319655989267,16.128357996617293,0.0,0.0,0.0
250.18828174462683,47.71233691852849,16.124593130206982,0.0,0.0,0.0
250.19876926765824,47.721475632626394,16.12083271100827,0.0,0.0,0.0
250.2092659935514,47.73061269978112,16.117076664168977,0.0,0.0,0.0
250.21977192538498,47.73974811758653,16.113324913844988,0.0,0.0,0.0
250.23028706621997,47.748881883635704,16.109577383194733,0.0,0.0,0.0
250.2408114190998,47.75801399552087,16.105833994373672,0.0,0.0,0.0
250.2513449870502,47.767144450833406,16.1020946685286,0.0,0.0,0.0
250.26188777307928,47.77627324716394,16.098359325792153,0.0,0.0,0.0
250.27243978017708,47.785400382102246,16.09462788527712,0.0,0.0,0.0
250.2830010113161,47.79452585323734,16.090900265070804,0.0,0.0,0.0
250.2935714694506,47.80364965815748,16.087176382229366,0.0,0.0,0.0
250.3041511575169,47.81277179445018,16.08345615277216,0.0,0.0,0.0
250.3147400784334,47.82189225970217,16.079739491675973,0.0,0.0,0.0
250.3253382351002,47.831011051499466,16.07602631286937,0.0,0.0,0.0
250.33594563039904,47.84012816742742,16.07231652922688,0.0,0.0,0.0
250.34656226719366,47.84924360507062,16.068610052563304,0.0,0.0,0.0
250.3571881483293,47.858357362012995,16.064906793627866,0.0,0.0,0.0
250.3678232766326,47.86746943583779,16.061206662098446,0.0,0.0,0.0
250.37846765491201,47.87657982412758,16.05750956657573,0.0,0.0,0.0
250.38912128595712,47.88568852446433,16.053815414577414,0.0,0.0,0.0
250.39978417253909,47.894795534429335,16.050124112532274,0.0,0.0,0.0
250.41045631741022,47.90390085160326,16.046435565774313,0.0,0.0,0.0
250.421137723304,47.91300447356623,16.04274967853687,0.0,0.0,0.0
250.43182839293524,47.92210639789772,16.03906635394667,0.0,0.0,0.0
250.44252832899969,47.93120662217662,16.035385494017884,0.0,0.0,0.0
250.45323753417406,47.9403051439813,16.031706999646158,0.0,0.0,0.0
250.46395601111604,47.94940196088955,16.028030770602648,0.0,0.0,0.0
250.4746837624642,47.95849707047865,16.024356705527985,0.0,0.0,0.0
250.4854207908379,47.96759047032532,16.02068470192625,0.0,0.0,0.0
250.49616709883722,47.97668215800582,16.01701465615895,0.0,0.0,0.0
250.50692268904274,47.98577213109588,16.013346463438914,0.0,0.0,0.0
250.51768756401577,47.99486038717077,16.00968001782421,0.0,0.0,0.0
250.52846172629813,48.003946923805294,16.006015212212056,0.0,0.0,0.0
250.5392451784119,48.013031738573815,16.002351938332673,0.0,0.0,0.0
250.55003792285967,48.02211482905024,15.99869008674313,0.0,0.0,0.0
250.56083996212428,48.03119619280809,15.995029546821154,0.0,0.0,0.0
250.57165129866863,48.04027582742045,15.991370206758987,0.0,0.0,0.0
250.58247193493602,48.049353730460034,15.987711953557097,0.0,0.0,0.0
250.59330187334956,48.058429899499195,15.984054673017988,0.0,0.0,0.0
250.60414111631258,48.06750433210988,15.980398249739952,0.0,0.0,0.0
250.61498966620803,48.07657702586375,15.97674256711076,0.0,0.0,0.0
250.62584752539905,48.085647978332105,15.973087507301344,0.0,0.0,0.0
250.63671469622827,48.09471718708592,15.969432951259526,0.0,0.0,0.0
250.64759118101813,48.1037846496959,15.96577877870365,0.0,0.0,0.0
250.65847698207077,48.11285036373248,15.962124868116199,0.0,0.0,0.0
250.6693721016677,48.12191432676576,15.95847109673744,0.0,0.0,0.0
250.6802765420701,48.13097653636567,15.954817340559009,0.0,0.0,0.0
250.6911903055183,48.140036990101855,15.95116347431742,0.0,0.0,0.0
250.7021133942322,48.149095685543735,15.947509371487746,0.0,0.0,0.0
250.7130458104109,48.15815262026057,15.943854904277016,0.0,0.0,0.0
250.72398755623254,48.167207791821404,15.940199943617767,0.0,0.0,0.0
250.73493863385454,48.17626119779511,15.936544359161578,0.0,0.0,0.0
250.7458990454132,48.18531283575037,15.93288801927244,0.0,0.0,0.0
250.75686879302393,48.19436270325583,15.929230791020272,0.0,0.0,0.0
250.76784787878083,48.203410797879876,15.925572540174295,0.0,0.0,0.0
250.77883630475694,48.212457117190894,15.921913131196451,0.0,0.0,0.0
250.78983407300404,48.22150165875713,15.918252427234762,0.0,0.0,0.0
250.8008411855525,48.23054442014676,15.914590290116706,0.0,0.0,0.0
250.81185764441122,48.2395853989279,15.910926580342505,0.0,0.0,0.0
250.82288345156783,48.24862459266863,15.907261157078475,0.0,0.0,0.0
250.83391860898803,48.25766199893701,15.903593878150307,0.0,0.0,0.0
250.84496311861614,48.26669761530109,15.899924600036293,0.0,0.0,0.0
250.8560169823747,48.275731439328915,15.896253177860608,0.0,0.0,0.0
250.8670802021645,48.28476346858857,15.892579465386527,0.0,0.0,0.0
250.87815277986422,48.29379370064817,15.888903315009575,0.0,0.0,0.0
250.88923471733085,48.302822133075914,15.885224577750758,0.0,0.0,0.0
250.90032601639916,48.31184876344004,15.881543103249703,0.0,0.0,0.0
250.91142667888207,48.32087358930889,15.877858739757741,0.0,0.0,0.0
250.92253670656996,48.329896608250955,15.874171334131054,0.0,0.0,0.0
250.9336561012312,48.33891781783479,15.870480731823799,0.0,0.0,0.0
250.94478486461182,48.34793721562916,15.866786776881064,0.0,0.0,0.0
250.9559229984353,48.35695479920293,15.863089311931985,0.0,0.0,0.0
250.96707050440267,48.36597056612523,15.85938817818274,0.0,0.0,0.0
250.97822738419248,48.37498451396528,15.855683215409545,0.0,0.0,0.0
250.98939363946056,48.3839966402926,15.851974261951641,0.0,0.0,0.0
251.00056927184002,48.39300694267691,15.848261154704161,0.0,0.0,0.0
251.01175428294115,48.402015418688194,15.84454372911116,0.0,0.0,0.0
251.0229486743514,48.41102206589668,15.840821819158478,0.0,0.0,0.0
251.03415244763522,48.420026881872936,15.837095257366563,0.0,0.0,0.0
251.04536560433405,48.42902986418778,15.833363874783398,0.0,0.0,0.0
251.0565881459662,48.43803101041236,15.829627500977315,0.0,0.0,0.0
251.06782007402686,48.44703031811822,15.825885964029741,0.0,0.0,0.0
251.0790613899878,48.4560277848772,15.822139090528085,0.0,0.0,0.0
251.09031209529746,48.46502340826155,15.818386705558446,0.0,0.0,0.0
251.1015721913811,48.474017185843934,15.814628632698286,0.0,0.0,0.0
251.11284167964007,48.483009115197376,15.810864694009275,0.0,0.0,0.0
251.1241205614525,48.49199919389541,15.807094710029906,0.0,0.0,0.0
251.1354088381726,48.50098741951196,15.803318499768142,0.0,0.0,0.0
251.14670651113096,48.50997378962144,15.79953588069411,0.0,0.0,0.0
251.15801358163424,48.51895830179879,15.795746668732694,0.0,0.0,0.0
251.1693300509653,48.527940953619414,15.791950678256134,0.0,0.0,0.0
251.18065592038303,48.536921742659274,15.788147722076587,0.0,0.0,0.0
251.19199119112207,48.54590066649486,15.78433761143871,0.0,0.0,0.0
251.20333586439313,48.55487772270323,15.780520156012143,0.0,0.0,0.0
251.2146899413826,48.56385290886209,15.77669516388403,0.0,0.0,0.0
251.22605342325247,48.572826222549665,15.772862441551501,0.0,0.0,0.0
251.23742631114047,48.58179766134485,15.769021793914096,0.0,0.0,0.0
251.24880860615988,48.590767222827196,15.76517302426623,0.0,0.0,0.0
251.26020030939935,48.59973490457687,15.761315934289572,0.0,0.0,0.0
251.2716014219229,48.6087007041748,15.757450324045443,0.0,0.0,0.0
251.2830119447699,48.617664619202564,15.753575991967116,0.0,0.0,0.0
251.2944318789548,48.62662664724246,15.74969273485224,0.0,0.0,0.0
251.30586122546742,48.63558678587757,15.745800347855077,0.0,0.0,0.0
251.3172999852723,48.64454503269174,15.741898624478791,0.0,0.0,0.0
251.3287481593092,48.65350138526956,15.737987356567734,0.0,0.0,0.0
251.3402057484927,48.66245584119644,15.73406633429963,0.0,0.0,0.0
251.35167275371217,48.67140839805865,15.730135346177867,0.0,0.0,0.0
251.36314917583158,48.680359053443276,15.726194179023588,0.0,0.0,0.0
251.37463501568968,48.689307804938274,15.722242617967895,0.0,0.0,0.0
251.3861302740998,48.69825465013249,15.71828044644398,0.0,0.0,0.0
251.39763495184957,48.70719958661569,15.714307446179248,0.0,0.0,0.0
251.40914904970117,48.71614261197855,15.710323397187357,0.0,0.0,0.0
251.420672568391,48.725083723812716,15.706328077760338,0.0,0.0,0.0
251.43220550862975,48.734022919710775,15.702321264460553,0.0,0.0,0.0
251.44374787110218,48.742960197266356,15.698302732112785,0.0,0.0,0.0
251.4552996564672,48.75189555407406,15.694272253796168,0.0,0.0,0.0
251.46686086535746,48.76082898772952,15.69022960083616,0.0,0.0,0.0
251.47843149837985,48.76976049582945,15.68617454279648,0.0,0.0,0.0
251.49001155611484,48.77869007597165,15.682106847471037,0.0,0.0,0.0
251.50160103911662,48.787617725754984,15.678026280875757,0.0,0.0,0.0
251.51319994791317,48.79654344277943,15.673932607240497,0.0,0.0,0.0
251.52480828300583,48.80546722464616,15.669825589000837,0.0,0.0,0.0
251.5364260448696,48.81438906895749,15.665704986789878,0.0,0.0,0.0
251.5480532339527,48.82330897331688,15.661570559430148,0.0,0.0,0.0
251.55968985067673,48.832226935329054,15.65742206392515,0.0,0.0,0.0
251.57133589543665,48.84114295259994,15.653259255451282,0.0,0.0,0.0
251.5829913686003,48.8500570227367,15.649081887349372,0.0,0.0,0.0
251.59465627050872,48.858969143347814,15.644889711116527,0.0,0.0,0.0
251.60633060147595,48.86787931204303,15.640682476397638,0.0,0.0,0.0
251.6180143617887,48.876787526433404,15.636459930977125,0.0,0.0,0.0
251.62970755170676,48.88569378413137,15.632221820770434,0.0,0.0,0.0
251.64141017146247,48.89459808275069,15.627967889815691,0.0,0.0,0.0
251.65312222126082,48.90350041990653,15.623697880265198,0.0,0.0,0.0
251.6648437012793,48.91240079321547,15.619411532376995,0.0,0.0,0.0
251.676574611668,48.921299200295515,15.615108584506311,0.0,0.0,0.0
251.68831495254918,48.9301956387661,15.610788773097097,0.0,0.0,0.0
251.70006472401747,48.939090106248194,15.606451832673411,0.0,0.0,0.0
251.71182392613983,48.947982600364234,15.602097495830826,0.0,0.0,0.0
251.72359255895512,48.956873118738166,15.597725493227937,0.0,0.0,0.0
251.73537062247433,48.9657616589955,15.593335553577528,0.0,0.0,0.0
251.74715811668042,48.974648218763356,15.588927403638106,0.0,0.0,0.0
251.7589550415281,48.983532795670364,15.584500768205103,0.0,0.0,0.0
251.77076139694395,48.99241538734684,15.580055370102158,0.0,0.0,0.0
251.78257718282623,49.00129599142473,15.575590930172437,0.0,0.0,0.0
251.79440239904463,49.01017460553763,15.571107167269819,0.0,0.0,0.0
251.80623704544053,49.01905122732084,15.56660379825009,0.0,0.0,0.0
251.81808112182668,49.02792585441136,15.562080537962178,0.0,0.0,0.0
251.82993462798714,49.03679848444793,15.557537099239209,0.0,0.0,0.0
251.8417975636772,49.04566911507107,15.552973192889727,0.0,0.0,0.0
251.85366992862345,49.05453774392306,15.548388527688763,0.0,0.0,0.0
251.8655517225232,49.06340436864801,15.543782810368825,0.0,0.0,0.0
251.87744294504515,49.07226898689186,15.539155745611078,0.0,0.0,0.0
251.88934359582865,49.08113159630239,15.534507036036258,0.0,0.0,0.0
251.90125367448394,49.089992194529316,15.52983638219568,0.0,0.0,0.0
251.91317318059194,49.09885077922421,15.525143482562209,0.0,0.0,0.0
251.92510211370424,49.10770734804057,15.520428033521197,0.0,0.0,0.0
251.93704047334296,49.11656189863392,15.515689729361362,0.0,0.0,0.0
251.94898825900063,49.1254144286617,15.510928262265717,0.0,0.0,0.0
251.9609454701402,49.134264935783406,15.506143322302368,0.0,0.0,0.0
251.97291210619485,49.14311341766052,15.501334597415338,0.0,0.0,0.0
251.98488816656794,49.15195987195662,15.49650177341543,0.0,0.0,0.0
251.996873650633,49.16080429633736,15.491644533970891,0.0,0.0,0.0
252.00886855773356,49.169646688470515,15.486762560598235,0.0,0.0,0.0
252.020872887183,49.17848704602596,15.481855532652919,0.0,0.0,0.0
252.03288663826447,49.18732536667576,15.476923127320026,0.0,0.0,0.0
252.04490981023113,49.19616164809418,15.471965019604914,0.0,0.0,0.0
252.05694240230548,49.20499588795765,15.466980882323885,0.0,0.0,0.0
252.06898441367974,49.21382808394489,15.461970386094722,0.0,0.0,0.0
252.08103584351562,49.22265823373686,15.456933199327324,0.0,0.0,0.0
252.09309669094412,49.23148633501679,15.451868988214187,0.0,0.0,0.0
252.1051669550656,49.240312385470276,15.446777416720973,0.0,0.0,0.0
252.11724663494965,49.249136382785245,15.441658146576941,0.0,0.0,0.0
252.1293357296348,49.25795832465195,15.436510837265471,0.0,0.0,0.0
252.1414342381288,49.2667782087631,15.431335146014428,0.0,0.0,0.0
252.15354215940823,49.2755960328138,15.42613072778662,0.0,0.0,0.0
252.16565949241857,49.2844117945016,15.420897235270127,0.0,0.0,0.0
252.17778623607387,49.293225491526535,15.41563431886864,0.0,0.0,0.0
252.18992238925713,49.30203712159115,15.410341626691828,0.0,0.0,0.0
252.20206795081964,49.3108466824005,15.405018804545598,0.0,0.0,0.0
252.2142229195813,49.319654171662215,15.39966549592231,0.0,0.0,0.0
252.22638729433044,49.32845958708655,15.394281341991048,0.0,0.0,0.0
252.23856107382355,49.33726292638629,15.388865981587857,0.0,0.0,0.0
252.25074425678528,49.346064187276916,15.3834190512058,0.0,0.0,0.0
252.2629368419087,49.35486336747657,15.37794018498522,0.0,0.0,0.0
252.2751388278545,49.36366046470608,15.372429014703783,0.0,0.0,0.0
252.28735021325159,49.37245547668901,15.366885169766572,0.0,0.0,0.0
252.29957099669653,49.38124840115167,15.361308277196143,0.0,0.0,0.0
252.31180117675376,49.39003923582314,15.355697961622578,0.0,0.0,0.0
252.32404075195515,49.398827978435314,15.350053845273438,0.0,0.0,0.0
252.33628972080035,49.40761462672293,15.344375547963727,0.0,0.0,0.0
252.34854808175643,49.4163991784236,15.338662687085879,0.0,0.0,0.0
252.3608158332577,49.4251816312778,15.332914877599617,0.0,0.0,0.0
252.3730929737059,49.43396198302893,15.327131732021813,0.0,0.0,0.0
252.3853795014698,49.44274023142338,15.321312860416402,0.0,0.0,0.0
252.3976754148854,49.45151637421045,15.31545787038417,0.0,0.0,0.0
252.4099807122556,49.46029040914251,15.309566367052511,0.0,0.0,0.0
252.4222953918503,49.46906233397494,15.303637953065197,0.0,0.0,0.0
252.4346194519061,49.47783214646619,15.297672228572136,0.0,0.0,0.0
252.44695289062628,49.486599844377814,15.29166879121908,0.0,0.0,0.0
252.45929570618097,49.49536542547447,15.285627236137174,0.0,0.0,0.0
252.4716478967066,49.50412888752396,15.279547155932748,0.0,0.0,0.0
