galstreams/tracks/track.st.Cetus.yam2013.ecsv
# %ECSV 1.0
# ---
# datatype:
# - {name: ra, unit: deg, datatype: float64}
# - {name: dec, unit: deg, datatype: float64}
# - {name: distance, unit: kpc, datatype: float64}
# - {name: pm_ra_cosdec, unit: mas / yr, datatype: float64}
# - {name: pm_dec, unit: mas / yr, datatype: float64}
# - {name: radial_velocity, unit: km / s, datatype: float64}
# delimiter: ','
# meta: !!omap
# - __serialized_columns__:
#     dec:
#       __class__: astropy.coordinates.angles.Latitude
#       unit: &id001 !astropy.units.Unit {unit: deg}
#       value: !astropy.table.SerializedColumn {name: dec}
#     distance:
#       __class__: astropy.coordinates.distances.Distance
#       unit: !astropy.units.Unit {unit: kpc}
#       value: !astropy.table.SerializedColumn {name: distance}
#     pm_dec:
#       __class__: astropy.units.quantity.Quantity
#       unit: !astropy.units.Unit {unit: mas / yr}
#       value: !astropy.table.SerializedColumn {name: pm_dec}
#     pm_ra_cosdec:
#       __class__: astropy.units.quantity.Quantity
#       unit: !astropy.units.Unit {unit: mas / yr}
#       value: !astropy.table.SerializedColumn {name: pm_ra_cosdec}
#     ra:
#       __class__: astropy.coordinates.angles.Longitude
#       unit: *id001
#       value: !astropy.table.SerializedColumn {name: ra}
#       wrap_angle: !astropy.coordinates.Angle
#         unit: *id001
#         value: 360.0
#     radial_velocity:
#       __class__: astropy.units.quantity.Quantity
#       unit: !astropy.units.Unit {unit: km / s}
#       value: !astropy.table.SerializedColumn {name: radial_velocity}
# schema: astropy-2.0
ra,dec,distance,pm_ra_cosdec,pm_dec,radial_velocity
[from data line 2962]
32.00196013366963,23.094921046897557,32.40268399105706,-1.1102230246251565e-16,1.1102230246251565e-16,-154.82968123620694
32.00651318839601,23.104004211145252,32.404450590647556,1.1102230246251565e-16,1.6653345369377348e-16,-154.84448396182114
32.011066554940705,23.113087378041232,32.40621865767132,0.0,2.220446049250313e-16,-154.85928056858756
32.015620233296794,23.12217054766961,32.40798819361203,5.551115123125783e-17,1.1102230246251565e-16,-154.87407105596594
32.02017422345739,23.131253720114543,32.40975919995341,-5.551115123125783e-17,0.0,-154.88885542341603
32.02472852541564,23.140336895460212,32.41153167817916,-5.551115123125783e-17,1.6653345369377348e-16,-154.90363367039765
32.02928313916471,23.149420073790797,32.413305629773006,-5.551115123125783e-17,1.6653345369377348e-16,-154.91840579637065
32.03383806469782,23.158503255190528,32.415081056218646,-5.551115123125783e-17,1.1102230246251565e-16,-154.93317180079467
32.038393302008174,23.167586439743673,32.416857958999785,5.551115123125783e-17,5.551115123125783e-17,-154.94793168312958
32.04294885108905,23.17666962753449,32.418636339600134,0.0,1.6653345369377348e-16,-154.96268544283504
32.04750471193372,23.18575281864728,32.420416199503414,-5.551115123125783e-17,5.551115123125783e-17,-154.977433079371
32.05206088453553,23.194836013166388,32.4221975401933,-1.1102230246251565e-16,1.6653345369377348e-16,-154.99217459219705
32.05661736888781,23.203919211176157,32.42398036315354,0.0,1.6653345369377348e-16,-155.00690998077314
32.06117416498394,23.213002412760964,32.42576466986782,0.0,5.551115123125783e-17,-155.02163924455888
32.06573127281733,23.222085618005224,32.427550461819855,-1.1102230246251565e-16,1.1102230246251565e-16,-155.03636238301425
32.07028869238142,23.23116882699337,32.42933774049335,5.551115123125783e-17,1.1102230246251565e-16,-155.05107939559878
32.07484642366967,23.24025203980985,32.43112650737202,0.0,1.1102230246251565e-16,-155.06579028177242
32.079404466675584,23.249335256539165,32.43291676393957,1.1102230246251565e-16,2.7755575615628914e-16,-155.08049504099492
32.08396282139267,23.258418477265806,32.43470851167971,-1.6653345369377348e-16,5.551115123125783e-17,-155.095193672726
32.08852148781451,23.26750170207433,32.43650175207615,0.0,1.6653345369377348e-16,-155.10988617642553
32.09308046593467,23.27658493104929,32.43829648661259,1.1102230246251565e-16,5.551115123125783e-17,-155.12457255155317
32.09763975574677,23.285668164275275,32.440092716772746,5.551115123125783e-17,1.6653345369377348e-16,-155.1392527975688
32.10219935724444,23.29475140183689,32.44189044404033,-5.551115123125783e-17,0.0,-155.15392691393208
32.10675927042138,23.303834643818814,32.443689669899044,-5.551115123125783e-17,1.1102230246251565e-16,-155.16859490010293
32.111319495271275,23.312917890305666,32.44549039583261,0.0,5.551115123125783e-17,-155.18325675554104
32.11588003178786,23.322001141382174,32.4472926233247,0.0,1.1102230246251565e-16,-155.19791247970613
32.1204408799649,23.331084397133047,32.44909635385906,0.0,5.551115123125783e-17,-155.21256207205812
32.12500203979618,23.340167657643033,32.45090158891939,5.551115123125783e-17,2.220446049250313e-16,-155.2272055320567
32.12956351127553,23.349250922996898,32.4527083299894,0.0,5.551115123125783e-17,-155.2418428591616
32.134125294396796,23.35833419327946,32.454516578552784,5.551115123125783e-17,1.6653345369377348e-16,-155.2564740528327
32.13868738915385,23.367417468575525,32.45632633609327,-5.551115123125783e-17,2.7755575615628914e-16,-155.27109911252978
32.143249795540626,23.37650074896995,32.45813760409456,-5.551115123125783e-17,1.6653345369377348e-16,-155.28571803771246
32.14781251355104,23.385584034547627,32.45995038404035,-1.1102230246251565e-16,2.7755575615628914e-16,-155.3003308278407
32.15237554317907,23.394667325393435,32.46176467741436,1.1102230246251565e-16,1.1102230246251565e-16,-155.31493748237415
32.156938884418715,23.403750621592327,32.4635804857003,-5.551115123125783e-17,1.6653345369377348e-16,-155.3295380007727
32.161502537264,23.41283392322925,32.46539781038188,-1.1102230246251565e-16,5.551115123125783e-17,-155.344132382496
32.16606650170898,23.421917230389194,32.467216652942795,-1.6653345369377348e-16,1.6653345369377348e-16,-155.35872062700395
32.17063077774777,23.431000543157165,32.46903701486677,0.0,1.6653345369377348e-16,-155.37330273375622
32.17519536537445,23.440083861618202,32.470858897637505,-1.6653345369377348e-16,5.551115123125783e-17,-155.38787870221262
32.179760264583194,23.449167185857373,32.47268230273871,2.220446049250313e-16,2.220446049250313e-16,-155.40244853183296
32.18432547536816,23.458250515959755,32.4745072316541,0.0,1.1102230246251565e-16,-155.41701222207698
32.18889099772356,23.46733385201048,32.476333685867374,-5.551115123125783e-17,2.220446049250313e-16,-155.43156977240443
32.19345683164364,23.47641719409468,32.47816166686224,-2.220446049250313e-16,2.220446049250313e-16,-155.44612118227522
32.198022977122655,23.48550054229753,32.479991176122425,0.0,2.220446049250313e-16,-155.46066645114897
32.202589434154916,23.494583896704224,32.481822215131615,0.0,2.220446049250313e-16,-155.47520557848554
32.20715620273472,23.503667257399986,32.483654785373524,-5.551115123125783e-17,1.1102230246251565e-16,-155.48973856374465
32.21172328285645,23.512750624470062,32.48548888833187,-5.551115123125783e-17,1.6653345369377348e-16,-155.50426540638617
32.21629067451448,23.521833997999742,32.48732452549036,-1.6653345369377348e-16,2.220446049250313e-16,-155.5187861058697
32.22085837770322,23.53091737807431,32.48916169833269,-5.551115123125783e-17,1.1102230246251565e-16,-155.53330066165523
