galstreams/tracks/track.st.C-7.ibata2020.ecsv
# %ECSV 0.9
# ---
# datatype:
# - {name: ra, unit: deg, datatype: float64}
# - {name: dec, unit: deg, datatype: float64}
# - {name: distance, unit: kpc, datatype: float64}
# - {name: pm_ra_cosdec, unit: mas / yr, datatype: float64}
# - {name: pm_dec, unit: mas / yr, datatype: float64}
# - {name: radial_velocity, unit: km / s, datatype: float64}
# delimiter: ','
# meta: !!omap
# - __serialized_columns__:
#     dec:
#       __class__: astropy.coordinates.angles.Latitude
#       unit: &id001 !astropy.units.Unit {unit: deg}
#       value: !astropy.table.SerializedColumn {name: dec}
#     distance:
#       __class__: astropy.coordinates.distances.Distance
#       unit: !astropy.units.Unit {unit: kpc}
#       value: !astropy.table.SerializedColumn {name: distance}
#     pm_dec:
#       __class__: astropy.units.quantity.Quantity
#       unit: !astropy.units.Unit {unit: mas / yr}
#       value: !astropy.table.SerializedColumn {name: pm_dec}
#     pm_ra_cosdec:
#       __class__: astropy.units.quantity.Quantity
#       unit: !astropy.units.Unit {unit: mas / yr}
#       value: !astropy.table.SerializedColumn {name: pm_ra_cosdec}
#     ra:
#       __class__: astropy.coordinates.angles.Longitude
#       unit: *id001
#       value: !astropy.table.SerializedColumn {name: ra}
#       wrap_angle: !astropy.coordinates.Angle
#         unit: *id001
#         value: 360.0
#     radial_velocity:
#       __class__: astropy.units.quantity.Quantity
#       unit: !astropy.units.Unit {unit: km / s}
#       value: !astropy.table.SerializedColumn {name: radial_velocity}
# schema: astropy-2.0
ra,dec,distance,pm_ra_cosdec,pm_dec,radial_velocity
270.87146584824586,-53.13402347861627,6.120265710848975,-15.45927388073189,-7.669016513735434,1.347322740779574e-13
271.0776253418175,-53.114026372853246,6.106684849615286,-15.44884306664404,-7.722712406317719,2.3578147963642546e-13
271.2835824819892,-53.093646068247146,6.093367519089156,-15.438218566354227,-7.776641991564594,3.368306851948935e-14
271.48933373011425,-53.07288297424432,6.080311621549196,-15.427397498177733,-7.830798969426274,2.5262301389617017e-13
271.6948755682419,-53.05173751121629,6.067515059274023,-15.416377052654676,-7.885177022478606,2.1893994537668078e-13
271.9002044994852,-53.030210110380004,6.054975734542253,-15.405154492509885,-7.939769816651103,2.3578147963642546e-13
272.10531704838246,-53.008301213716585,6.042691549632494,-15.393727152599098,-7.994571001953032,1.6841534259744677e-13
272.31020976125245,-52.986011273888955,6.030660406823363,-15.382092439841976,-8.049574213196973,2.3578147963642546e-13
272.5148792065431,-52.96334075415787,6.0188802083934725,-15.37024783314174,-8.104773070720102,1.347322740779574e-13
272.71932197517424,-52.94029012829677,6.007348856621437,-15.358190883291652,-8.160161181102627,2.020984111169361e-13
272.92353468087265,-52.91685988050547,5.9960642537858675,-15.345919212868486,-8.215732137883174,1.1789073981821273e-13
273.1275139605015,-52.89305050532243,5.98502430216538,-15.333430516113028,-8.271479522271004,2.1893994537668078e-13
273.3312564743834,-52.86886250753586,5.97422690403859,-15.320722558797689,-8.327396903854943,2.020984111169361e-13
273.5347589066151,-52.844296402093725,5.963669961684107,-15.30779317808157,-8.383477841308363,1.347322740779574e-13
273.7380179653769,-52.819352714012496,5.953351377380548,-15.294640282352814,-8.439715883090505,2.1893994537668078e-13
273.94103038323533,-52.79403197828485,5.943269053406524,-15.281261851058524,-8.496104568143753,2.1893994537668078e-13
274.14379291743745,-52.76833473978622,5.933420892040648,-15.267655934522478,-8.552637426586397,0.0
274.34630235019955,-52.7422615531803,5.923804795561537,-15.253820653750617,-8.609307980401049,2.5262301389617017e-13
274.5485554889887,-52.71581298282354,5.914418666247803,-15.239754200224489,-8.66610974411841,2.1893994537668078e-13
274.7505491667971,-52.688989602668556,5.905260406378058,-15.225454835682916,-8.723036225496042,1.515738083377021e-13
274.9522802424088,-52.66179199616674,5.896327918230921,-15.210920891891837,-8.780080926191989,1.8525687685719145e-13
275.1537456006605,-52.634220756169704,5.8876191040849974,-15.196150770402799,-8.837237342433319,5.0524602779234026e-14
275.3549421526946,-52.60627648482994,5.879131866218906,-15.181142942299752,-8.894498965679038,2.3578147963642546e-13
275.5558668362051,-52.57795979350064,5.87086410691126,-15.16589594793492,-8.951859283277432,3.031476166754042e-13
275.75651661567656,-52.549271302634565,5.862813728440675,-15.150408396653507,-9.009311779117555,1.8525687685719145e-13
275.9568884826159,-52.52021164168208,5.854978633085759,-15.134678966507419,-9.066849934274806,1.347322740779574e-13
276.15697945577665,-52.490781448988564,5.84735672312513,-15.118706403958482,-9.12446722765024,1.347322740779574e-13
276.35678658137664,-52.46098137169085,5.8399459008374,-15.102489523570991,-9.182157136603614,1.6841534259744677e-13
276.55630693330835,-52.43081206561309,5.832744068501184,-15.08602720769393,-9.239913137580103,1.1789073981821273e-13
276.7555376133413,-52.40027419516186,5.825749128395095,-15.069318406133098,-9.297728706730066,2.3578147963642546e-13
276.95447575131845,-52.36936843322066,5.818958982797745,-15.05236213581323,-9.355597320522374,1.1789073981821273e-13
277.1531185053446,-52.33809546104359,5.812371533987749,-15.035157480430296,-9.413512456350645,1.347322740779574e-13
277.3514630619678,-52.30645596814874,5.805984684243721,-15.017703590094293,-9.471467593132452,3.368306851948935e-14
277.5495066363533,-52.27445065221073,5.799796335844275,-14.999999680962588,-9.529456211901325,1.6841534259744677e-13
277.7472464724516,-52.24208021895279,5.793804391068022,-14.982045034864024,-9.587471796391615,2.1893994537668078e-13
277.944679843157,-52.20934538203839,5.788006752193578,-14.963838998914147,-9.645507833615605,2.3578147963642546e-13
278.1418040504616,-52.17624686296238,5.782401321499556,-14.945380985121513,-9.70355781443334,1.1789073981821273e-13
278.3386164256002,-52.1427853909415,5.776986001264569,-14.926670469985465,-9.761615234114712,1.515738083377021e-13
278.53511432918935,-52.10896170280478,5.771758693767232,-14.907706994085462,-9.819673592893658,1.6841534259744677e-13
278.7312951513584,-52.07477654288325,5.766717301286159,-14.888490161662315,-9.877726396514655,1.8525687685719145e-13
278.92715631187457,-52.04023066289946,5.761859726099962,-14.869019640191253,-9.935767156771137,5.0524602779234026e-14
279.12269526025966,-52.00532482185664,5.757183870487253,-14.849295159947458,-9.993789392035785,5.0524602779234026e-14
279.31790947590105,-51.970059785927525,5.752687636726648,-14.829316513563835,-10.051786627782771,2.694645481559148e-13
279.5127964681553,-51.934436328342876,5.748368927096762,-14.809083555581415,-10.10975239710179,5.0524602779234026e-14
279.70735377644405,-51.89845522927987,5.744225643876206,-14.788596201992844,-10.167680241203493,2.1893994537668078e-13
279.90157897034464,-51.86211727575019,5.740255689343595,-14.767854429778579,-10.225563709916866,1.6841534259744677e-13
280.09546964967257,-51.82542326148784,5.736456965777543,-14.746858276436628,-10.283396362177967,3.031476166754042e-13
280.28902344455764,-51.78837398683707,5.732827375456662,-14.725607839505637,-10.341171766510099,3.031476166754042e-13
280.4822380155134,-51.75097025863989,5.729364820659565,-14.70410327608169,-10.398883501495463,1.1789073981821273e-13
280.67511105350025,-51.71321289012355,5.726067203664867,-14.682344802328993,-10.456525156238175,8.420767129872338e-14
280.86764027998095,-51.67510270078813,5.722932426751182,-14.660332692984733,-10.514090330818485,1.1789073981821273e-13
281.05982344697037,-51.63664051629382,5.7199583921971255,-14.638067280858147,-10.571572636738345,3.031476166754042e-13
281.2516583370791,-51.59782716834824,5.717143002281307,-14.615548956324172,-10.628965697358247,2.694645481559148e-13
281.443142763549,-51.558663494594,5.714484159282342,-14.592778166811884,-10.68626314832498,1.8525687685719145e-13
281.63427457028405,-51.51915033849595,5.711979765478844,-14.56975541628777,-10.743458637990841,1.6841534259744676e-14
281.8250516318737,-51.47928854922873,5.709627723149427,-14.546481264734293,-10.80054582782374,2.1893994537668078e-13
282.0154718536112,-51.43907898156416,5.707425934572705,-14.522956327623634,-10.857518392808615,2.5262301389617017e-13
282.205533171504,-51.39852249575912,5.70537230202729,-14.49918127538719,-10.91437002183963,2.5262301389617017e-13
282.39523355227936,-51.35761995744318,5.703464727791794,-14.475156832880755,-10.971094418103691,3.368306851948935e-14
282.5845709933836,-51.316372237506506,5.701701114144838,-14.450883778845592,-11.027685299454898,1.347322740779574e-13
282.77354352297493,-51.27478021198813,5.7000793633650275,-14.426362945365934,-11.084136398780068,1.6841534259744676e-14
282.96214919991064,-51.23284476196413,5.698597377730981,-14.40159521732258,-11.14044146435522,2.5262301389617017e-13
283.1503861137289,-51.19056677343622,5.697253059521311,-14.376581531843208,-11.196594260193335,1.347322740779574e-13
283.33825238462356,-51.14794713722057,5.696044311014629,-14.35132287774955,-11.252588566382794,8.420767129872338e-14
283.52574616341417,-51.104986748836936,5.694969034489551,-14.32582029500138,-11.30841817941721,8.420767129872338e-14
283.7128656315106,-51.06168650839784,5.694025132224689,-14.300074874137783,-11.364076912516218,1.347322740779574e-13
283.8996090008714,-51.01804732049848,5.69321050649866,-14.274087755715723,-11.41955859593725,2.694645481559148e-13
284.08597451395667,-50.97407009410665,5.692523059590072,-14.247860129746284,-11.474857077278589,5.0524602779234026e-14
284.27196044367616,-50.92975574245305,5.691960693777542,-14.221393235128495,-11.529966221773448,0.0
284.45756509333165,-50.88510518292223,5.691521311339685,-14.194688359081253,-11.584879912575225,2.3578147963642546e-13
284.64278679655405,-50.84011933694363,5.691202814555114,-14.167746836573272,-11.639592051034018,1.347322740779574e-13
284.82762391723577,-50.79479912988318,5.691003105702439,-14.14057004975135,-11.694096556964315,1.347322740779574e-13
285.0120748494572,-50.749145490935405,5.690920087060277,-14.11315942736717,-11.748387368903902,6.73661370389787e-14
285.196138017409,-50.70315935301585,5.690951660907241,-14.08551644420279,-11.802458444364175,1.6841534259744677e-13
285.3798118753096,-50.65684165265403,5.691095729521942,-14.057642620494786,-11.85630376007184,1.0104920555846805e-13
285.5630949073168,-50.61019332988699,5.691350195182998,-14.029539521357759,-11.909917312201799,1.347322740779574e-13
285.74598562743574,-50.56321532815325,5.691712960169022,-14.001208756206703,-11.96329311660173,6.73661370389787e-14
285.9284825794221,-50.51590859418717,5.692181926758624,-13.972651978178945,-12.016425209008087,3.368306851948935e-14
286.1105843366799,-50.46827407791428,5.692754997230421,-13.943870883555519,-12.069307645253588,-6.73661370389787e-14
286.2922895021559,-50.420312732346744,5.693430073863024,-13.914867211182342,-12.121934501466377,3.368306851948935e-14
286.47359670822914,-50.37202551347954,5.694205058935051,-13.885642741891036,-12.174299874260985,1.6841534259744677e-13
286.6545046165962,-50.32341338018738,5.695077854725111,-13.85619929792009,-12.226397880920825,-3.368306851948935e-14
286.83501191815196,-50.27447729412208,5.696046363511819,-13.826538742335927,-12.278222659572585,0.0
287.01511733286736,-50.225218219610575,5.69710848757379,-13.796662978454354,-12.329768369352653,6.73661370389787e-14
287.1948196096616,-50.175637123553656,5.698262129189636,-13.766573949262689,-12.381029190565254,6.73661370389787e-14
287.37411752627156,-50.12573497532538,5.6995051906379715,-13.736273636842249,-12.431999324832724,6.73661370389787e-14
287.5530098891173,-50.07551274667287,5.700835574197408,-13.7057640617918,-12.482672995237975,1.0104920555846805e-13
287.7314955331629,-50.02497141161734,5.702251182146562,-13.675047282651853,-12.53304444645897,6.73661370389787e-14
287.90957332177476,-49.974111946355215,5.703749916764046,-13.644125395330082,-12.583107944895556,-3.368306851948935e-14
288.0872421465759,-49.922935329160374,5.705329680328475,-13.613000532527854,-12.63285777878868,1.347322740779574e-13
288.26450092729635,-49.871442540286964,5.706988375118459,-13.581674863168194,-12.68228825833192,6.73661370389787e-14
288.441348611621,-49.81963456187296,5.708723903412616,-13.550150591825187,-12.731393715775555,1.6841534259744677e-13
288.61778417503325,-49.76751237784447,5.710534167489556,-13.518429958154911,-12.780168505523358,6.73661370389787e-14
288.7938066206565,-49.715076973820736,5.712417069627896,-13.486515236328149,-12.828607004221878,1.0104920555846805e-13
288.96941497909125,-49.66232933702009,5.714370512106245,-13.454408734465073,-12.87670361084265,3.368306851948935e-14
289.14460830825016,-49.609270456166456,5.7163923972032205,-13.422112794071621,-12.924452746757133,1.0104920555846805e-13
289.3193856931902,-49.55590132139674,5.718480627197437,-13.389629789478155,-12.971848855804836,1.6841534259744677e-13
289.4937462459409,-49.502222924169025,5.720633104367502,-13.356962127280351,-13.01888640435418,6.73661370389787e-14
289.66768910533096,-49.448236257171615,5.7228477309920365,-13.324112245782253,-13.065559881356759,-1.0104920555846805e-13
289.8412134368117,-49.39394231423271,5.725122409349648,-13.291082614441844,-13.111863798394772,3.368306851948935e-14
290.01431843227783,-49.33934209023112,5.727455041718955,-13.257875733319127,-13.157792689721724,2.020984111169361e-13
290.18700330988605,-49.284436581007625,5.729843530378569,-13.224494132526832,-13.203341112296691,-3.368306851948935e-14
290.3592673138706,-49.229226783277326,5.732285777607102,-13.190940371683899,-13.248503645811953,1.347322740779574e-13
290.53110971435746,-49.17371369454271,5.734779685683172,-13.157217039371622,-13.293274892714487,3.368306851948935e-14
290.70252980717504,-49.1178983130076,5.737323156885388,-13.12332675259303,-13.337649478220943,1.6841534259744677e-13
290.8735269136641,-49.061781637492025,5.739914093492366,-13.08927215623491,-13.381622050326694,6.73661370389787e-14
291.04410038048417,-49.005364667347834,5.7425503977827175,-13.055055922533212,-13.425187279808638,3.368306851948935e-14
291.21424957941906,-48.94864840237529,5.745229972035061,-13.02068075054155,-13.468339860222153,3.368306851948935e-14
291.3839739071798,-48.89163384274043,5.7479507185280045,-12.98614936560293,-13.511074507892152,1.347322740779574e-13
291.5532727852062,-48.83432198889341,5.750710539540164,-12.951464518824901,-13.553385961898424,1.347322740779574e-13
291.7221456594662,-48.77671384148759,5.753507337350155,-12.916628986558049,-13.595268984055222,-3.368306851948935e-14
291.8905920002536,-48.71881040129967,5.756339014236587,-12.881645569878184,-13.636718358885455,6.73661370389787e-14
292.0586113019846,-48.66061266915057,5.759203472478076,-12.846517094071814,-13.677728893589308,-6.73661370389787e-14
292.2262030829924,-48.60212164582727,5.762098614353237,-12.811246408125532,-13.718295418007568,-1.0104920555846805e-13
292.39336688532023,-48.54333833200552,5.765022342140681,-12.775836384218985,-13.758412784579761,0.0
292.56010227451367,-48.48426372817349,5.767972558119022,-12.740289917221599,-13.798075868297087,6.73661370389787e-14
292.72640883941074,-48.424898834556245,5.770947164566874,-12.704609924193253,-13.837279566650372,-6.73661370389787e-14
292.8922861919315,-48.36524465104121,5.773944063762852,-12.668799343888747,-13.876018799573032,0.0
293.0577339668662,-48.30530217710444,5.776961157985568,-12.632861136266282,-13.914288509379354,1.347322740779574e-13
293.22275182166226,-48.24507241173787,5.779996349513637,-12.596798281999893,-13.952083660697907,0.0
293.38733943621025,-48.18455635337747,5.783047540625671,-12.560613781996059,-13.989399240400429,3.368306851948935e-14
293.5514965126294,-48.12375499983225,5.786112633600284,-12.524310656914206,-14.026230257526201,1.0104920555846805e-13
293.71522277505125,-48.0626693482142,5.789189530716091,-12.487891946691636,-14.062571743201978,-1.0104920555846805e-13
293.8785179694034,-48.00130039486922,5.792276134251705,-12.451360710072443,-14.098418750557645,-1.0104920555846805e-13
294.04138186319216,-47.939649135308784,5.795370346485739,-12.414720024140763,-14.133766354637668,0.0
294.2038142452846,-47.87771656414267,5.798470069696804,-12.377972983858275,-14.168609652308483,0.0
294.3658149256897,-47.81550367501257,5.801573206163519,-12.341122701606045,-14.202943762161755,3.368306851948935e-14
294.5273837353392,-47.75301146052648,5.804677658164493,-12.304172306730692,-14.236763824413927,-6.73661370389787e-14
294.6885205258681,-47.690240912194206,5.807781327978344,-12.267124945094976,-14.270065000801827,-1.6841534259744677e-13
294.8492251693946,-47.62719302036363,5.810882117883683,-12.229983778632775,-14.302842474474637,-3.368306851948935e-14
295.00949755829924,-47.563868774157854,5.8139779301591235,-12.192751984908487,-14.33509144988227,-1.347322740779574e-13
295.1693376050046,-47.50026916141342,5.817066667083278,-12.155432756680982,-14.36680715266023,0.0
295.3287452417541,-47.43639516861923,5.820146230934764,-12.118029301471898,-14.397984829511053,-1.6841534259744677e-13
295.4877204203906,-47.372247780856505,5.823214523992191,-12.080544841138664,-14.428619748082472,-1.0104920555846805e-13
295.6462631121353,-47.307827981739585,5.826269448534174,-12.042982611451883,-14.458707196842381,-1.0104920555846805e-13
295.8043733073661,-47.24313675335761,5.829308906839328,-12.005345861677325,-14.488242484950632,-1.6841534259744677e-13
295.96205101539664,-47.17817507621715,5.832330801186268,-11.96763785416253,-14.517220942127874,-1.0104920555846805e-13
