galstreams/tracks/track.st.Gaia-8.ibata2021.ecsv
# %ECSV 1.0
# ---
# datatype:
# - {name: ra, unit: deg, datatype: float64}
# - {name: dec, unit: deg, datatype: float64}
# - {name: distance, unit: kpc, datatype: float64}
# - {name: pm_ra_cosdec, unit: mas / yr, datatype: float64}
# - {name: pm_dec, unit: mas / yr, datatype: float64}
# - {name: radial_velocity, unit: km / s, datatype: float64}
# delimiter: ','
# meta: !!omap
# - __serialized_columns__:
#     dec:
#       __class__: astropy.coordinates.angles.Latitude
#       unit: &id001 !astropy.units.Unit {unit: deg}
#       value: !astropy.table.SerializedColumn {name: dec}
#     distance:
#       __class__: astropy.coordinates.distances.Distance
#       unit: !astropy.units.Unit {unit: kpc}
#       value: !astropy.table.SerializedColumn {name: distance}
#     pm_dec:
#       __class__: astropy.units.quantity.Quantity
#       unit: !astropy.units.Unit {unit: mas / yr}
#       value: !astropy.table.SerializedColumn {name: pm_dec}
#     pm_ra_cosdec:
#       __class__: astropy.units.quantity.Quantity
#       unit: !astropy.units.Unit {unit: mas / yr}
#       value: !astropy.table.SerializedColumn {name: pm_ra_cosdec}
#     ra:
#       __class__: astropy.coordinates.angles.Longitude
#       unit: *id001
#       value: !astropy.table.SerializedColumn {name: ra}
#       wrap_angle: !astropy.coordinates.Angle
#         unit: *id001
#         value: 360.0
#     radial_velocity:
#       __class__: astropy.units.quantity.Quantity
#       unit: !astropy.units.Unit {unit: km / s}
#       value: !astropy.table.SerializedColumn {name: radial_velocity}
# schema: astropy-2.0
ra,dec,distance,pm_ra_cosdec,pm_dec,radial_velocity
[from data line 568]
187.09575511175257,-22.053647729161362,6.965757485900386,-9.450678697363802,-8.530449740778476,190.50936863807726
187.1046010572443,-22.047909704516186,6.965620240554945,-9.450784052023957,-8.530739130257999,190.78889326941894
187.11344516536883,-22.04216984357534,6.9654849271810235,-9.450892361616335,-8.531029120548887,191.06830655233318
187.12228743843707,-22.036428149400948,6.9653515421307475,-9.451003617998232,-8.531319709104462,191.34760498965144
187.13112787876057,-22.030684625054516,6.965220081756245,-9.45111781302779,-8.531610893375689,191.62678508420456
187.13996648865134,-22.0249392735969,6.965090542409654,-9.451234938563992,-8.531902670811148,191.90584333882387
187.1488032704221,-22.019192098088336,6.964962920443103,-9.451354986466677,-8.532195038857072,192.18477625634054
187.15763822638613,-22.013443101588386,6.964837212208724,-9.451477948596533,-8.532487994957334,192.46358033958546
187.1664713588571,-22.007692287156093,6.964713414058647,-9.4516038168151,-8.532781536553435,192.74225209138982
187.17530267014945,-22.001939657849746,6.964591522345006,-9.451732582984764,-8.533075661084535,193.02078801458478
187.18413216257807,-21.996185216727064,6.96447153341993,-9.451864238968756,-8.53337036598744,193.2991846120015
187.19295983845848,-21.990428966845112,6.964353443635553,-9.451998776631157,-8.533665648696605,193.57743838647113
187.20178570010668,-21.98467091126034,6.964237249344005,-9.452136187836897,-8.533961506644134,193.85554584082473
187.2106097498394,-21.97891105302856,6.964122946897417,-9.452276464451753,-8.5342579372598,194.13350347789338
187.21943198997369,-21.973149395204967,6.964010532647921,-9.452419598342344,-8.534554937971023,194.4113078005082
187.22825242282744,-21.96738594084407,6.963900002947651,-9.452565581376138,-8.534852506202888,194.68895531150034
187.23707105071878,-21.96162069299988,6.963791354148737,-9.452714405421455,-8.535150639378143,194.9664425137009
187.24588787596662,-21.955853654725654,6.963684582603308,-9.452866062347463,-8.535449334917212,195.2437659099411
187.25470290089038,-21.95008482907409,6.9635796846634985,-9.453020544024152,-8.535748590238164,195.52092200305196
187.26351612781,-21.944314219097212,6.963476656681437,-9.453177842322381,-8.53604840275677,195.79790729586472
187.272327559046,-21.938541827846453,6.963375495009257,-9.453337949113852,-8.536348769886459,196.0747182912102
187.28113719691947,-21.932767658372615,6.963276195999094,-9.453500856271088,-8.536649689038335,196.35135149191984
187.28994504375206,-21.926991713725837,6.963178756003071,-9.453666555667482,-8.536951157621196,196.6278034008247
187.2987511018658,-21.921213996955714,6.963083171373325,-9.453835039177257,-8.5372531730415,196.9040705207557
187.3075553735835,-21.91543451111116,6.962989438461989,-9.454006298675486,-8.537555732703414,197.18014935454428
187.31635786122837,-21.909653259240468,6.96289755362119,-9.454180326038074,-8.537858834008771,197.45603640502134
187.32515856712425,-21.9038702443913,6.962807513203062,-9.454357113141782,-8.538162474357112,197.7317281750181
187.33395749359548,-21.898085469610734,6.962719313559736,-9.454536651864201,-8.53846665114566,198.00722116736546
187.34275464296692,-21.892298937945174,6.962632951043344,-9.454718934083772,-8.538771361769342,198.28251188489497
187.35155001756408,-21.886510652440414,6.962548422006017,-9.454903951679764,-8.539076603620774,198.5575968304373
187.36034361971284,-21.880720616141705,6.962465722799886,-9.455091696532309,-8.53938237409027,198.83247250682382
187.36913545173974,-21.874928832093573,6.9623848497770835,-9.455282160522353,-8.539688670565859,199.10713541688563
187.37792551597184,-21.869135303339966,6.96230579928974,-9.455475335531705,-8.539995490433268,199.38158206345383
187.3867138147367,-21.86334003292421,6.96222856768999,-9.455671213442997,-8.540302831075934,199.6558089493594
187.39550035036248,-21.857543023889022,6.962153151329959,-9.455869786139713,-8.540610689875006,199.92981257743372
187.40428512517784,-21.851744279276467,6.962079546561785,-9.456071045506157,-8.540919064209339,200.20358945050762
187.41306814151193,-21.84594380212803,6.962007749737595,-9.456274983427498,-8.541227951455522,200.47713607141245
187.42184940169452,-21.840141595484518,6.961937757209526,-9.456481591789714,-8.541537348987838,200.75044894297938
187.43062890805578,-21.834337662386243,6.961869565329703,-9.456690862479643,-8.541847254178302,201.02352456803928
187.43940666292653,-21.828532005872777,6.961803170450258,-9.45690278738496,-8.542157664396663,201.2963594494235
187.44818266863808,-21.82272462898311,6.961738568923328,-9.457117358394155,-8.54246857701038,201.568950089963
187.4569569275223,-21.81691553475564,6.961675757101041,-9.457334567396575,-8.542779989384647,201.84129299248895
187.46572944191152,-21.811104726228116,6.961614731335528,-9.457554406282396,-8.543091898882395,202.11338465983243
187.47450021413857,-21.80529220643771,6.961555487978921,-9.457776866942632,-8.543404302864278,202.3852215948248
187.483269246537,-21.7994779784209,6.961498023383352,-9.458001941269124,-8.543717198688695,202.65680030029688
187.4920365414406,-21.793662045213683,6.961442333900955,-9.458229621154569,-8.544030583711779,202.92811727907986
187.5008021011839,-21.78784440985134,6.961388415883855,-9.45845989849247,-8.544344455287396,203.19916903400488
187.5095659281018,-21.78202507536855,6.9613362656841895,-9.458692765177188,-8.544658810767178,203.46995206790317
187.51832802452986,-21.776204044799403,6.9612858796540875,-9.458928213103906,-8.544973647500484,203.74046288360586
187.52708839280407,-21.770381321177357,6.96123725414568,-9.45916623416864,-8.545288962834432,204.0106979839436
187.53584703526093,-21.764556907535273,6.9611903855111015,-9.459406820268242,-8.54560475411388,204.2806538717483
187.5446039542375,-21.75873080690539,6.961145270102478,-9.4596499633004,-8.545921018681454,204.55032704985052
187.55335915207138,-21.752903022319312,6.961101904271948,-9.459895655163624,-8.54623775387753,204.8197140210814
187.56211263110055,-21.747073556808118,6.961060284371641,-9.460143887757267,-8.546554957040236,205.08881128827235
187.57086439366358,-21.741242413402194,6.961020406753682,-9.460394652981519,-8.546872625505472,205.35761535425434
187.5796144420996,-21.735409595131326,6.960982267770212,-9.460647942737374,-8.547190756606893,205.62612272185848
187.58836277874823,-21.729575105024722,6.960945863773355,-9.46090374892669,-8.54750934767593,205.8943298939158
187.5971094059495,-21.723738946110945,6.960911191115247,-9.461162063452129,-8.547828396041776,206.16223337325758
187.6058543260441,-21.717901121417984,6.960878246148018,-9.461422878217192,-8.54814789903139,206.42982966271478
187.61459754137317,-21.712061633973164,6.960847025223798,-9.461686185126224,-8.54846785396953,206.6971152651186
187.62333905427818,-21.7062204868033,6.960817524694722,-9.461951976084377,-8.54878825817869,206.96408668330037
187.63207886710137,-21.700377682934533,6.960789740912919,-9.462220242997647,-8.54910910897917,207.23074042009088
187.64081698218533,-21.69453322539238,6.96076367023052,-9.462490977772848,-8.549430403689055,207.49707297832134
187.64955340187322,-21.68868711720179,6.960739308999659,-9.462764172317632,-8.549752139624191,207.7630808608229
187.6582881285086,-21.682839361387092,6.960716653572465,-9.463039818540473,-8.55007431409823,208.02876057042687
187.66702116443562,-21.676989960972005,6.960695700301073,-9.463317908350671,-8.550396924422607,208.29410860996413
187.675752511999,-21.671138918979622,6.960676445537612,-9.463598433658355,-8.550719967906543,208.5591214822658
187.68448217354373,-21.665286238432532,6.960658885634211,-9.463881386374489,-8.551043441857054,208.82379569016317
187.69321015141546,-21.6594319223526,6.960643016943005,-9.464166758410848,-8.551367343578955,209.088127736487
187.70193644796032,-21.653575973761146,6.9606288358161255,-9.464454541680048,-8.551691670374861,209.3521141240689
187.71066106552487,-21.64771839567887,6.960616338605703,-9.464744728095509,-8.552016419545177,209.61575135573975
187.71938400645627,-21.64185919112587,6.960605521663871,-9.465037309571505,-8.552341588388122,209.8790359343306
187.72810527310202,-21.63599836312165,6.960596381342758,-9.465332278023109,-8.552667174199726,210.1419643626727
187.73682486781024,-21.63013591468512,6.9605889139944965,-9.46562962536624,-8.552993174273809,210.40453314359715
187.74554279292954,-21.62427184883453,6.960583115971218,-9.465929343517617,-8.55331958590201,210.66673877993492
187.75425905080888,-21.618406168587633,6.960578983625054,-9.46623142439481,-8.553646406373787,210.92857777451732
187.7629736437978,-21.61253887696152,6.960576513308137,-9.466535859916192,-8.5539736329764,211.19004663017546
187.77168657424636,-21.606669976972665,6.960575701372599,-9.466842642000966,-8.554301262994937,211.45114184974045
187.78039784450505,-21.600799471636968,6.96057654417057,-9.467151762569154,-8.554629293712312,211.71185993604314
187.78910745692482,-21.594927363969724,6.960579038054181,-9.4674632135416,-8.55495772240924,211.972197391915
187.7978154138572,-21.589053656985644,6.960583179375565,-9.467776986839985,-8.555286546364282,212.23215072018706
187.80652171765414,-21.583178353698784,6.960588964486852,-9.46809307438678,-8.555615762853822,212.49171642369043
187.81522637066797,-21.577301457122722,6.960596389740174,-9.46841146810532,-8.555945369152056,212.75089100525608
187.82392937525168,-21.571422970270316,6.960605451487664,-9.468732159919716,-8.556275362531036,213.00967096771538
187.8326307337586,-21.565542896153882,6.960616146081454,-9.469055141754932,-8.556605740260634,213.2680528138992
187.84133044854264,-21.55966123778514,6.960628469873675,-9.469380405536729,-8.556936499608566,213.52603304663884
187.85002852195808,-21.5537779981752,6.960642419216452,-9.469707943191718,-8.557267637840386,213.78360816876548
187.85872495635977,-21.547893180334587,6.960657990461927,-9.470037746647284,-8.557599152219478,214.04077468311
187.86741975410297,-21.542006787273213,6.960675179962224,-9.470369807831675,-8.55793104000709,214.29752909250374
187.87611291754348,-21.536118822000383,6.9606939840694775,-9.470704118673934,-8.558263298462307,214.55386789977769
187.8848044490374,-21.53022928752491,6.960714399135818,-9.471040671103927,-8.558595924842054,214.80978760776298
187.8934943509415,-21.524338186854894,6.96073642151338,-9.471379457052334,-8.55892891640112,215.0652847192908
187.90218262561294,-21.51844552299789,6.960760047554291,-9.471720468450656,-8.559262270392136,215.32035573719216
187.91086927540934,-21.51255129896086,6.960785273610684,-9.472063697231215,-8.559595984065606,215.57499716429825
187.91955430268877,-21.50665551775016,6.960812096034692,-9.472409135327146,-8.559930054669874,215.82920550344028
187.9282377098098,-21.500758182371566,6.960840511178441,-9.472756774672394,-8.560264479451153,216.08297725744916
187.93691949913148,-21.49485929583023,6.960870515394072,-9.473106607201723,-8.560599255653518,216.3363089291564
187.94559967301325,-21.4889588611308,6.9609021050337105,-9.473458624850723,-8.560934380518907,216.58919702139255
187.95427823381502,-21.48305688127726,6.960935276449486,-9.473812819555787,-8.561269851287129,216.84163803698925
187.9629551838973,-21.477153359273014,6.960970025993532,-9.474169183254126,-8.561605665195863,217.09362847877728
187.97163052562087,-21.47124829812087,6.961006350017985,-9.474527707883771,-8.561941819480651,217.34516484958797
187.98030426134707,-21.465341700823075,6.961044244874969,-9.47488838538355,-8.562278311374929,217.59624365225233
187.98897639343767,-21.459433570381265,6.961083706916619,-9.475251207693125,-8.562615138109985,217.84686138960154
187.997646924255,-21.45352390979646,6.961124732495068,-9.475616166752959,-8.562952296915004,218.09701456446663
188.00631585616165,-21.4476127220692,6.9611673179624445,-9.475983254504332,-8.563289785017048,218.34669967967866
188.01498319152077,-21.441700010199316,6.961211459670881,-9.47635246288934,-8.563627599641062,218.59591323806913
188.02364893269598,-21.43578577718612,6.961257153972511,-9.476723783850877,-8.563965738009873,218.84465174246873
188.03231308205133,-21.42987002602831,6.961304397219464,-9.47709720933267,-8.564304197344208,219.09291169570886
188.04097564195135,-21.423952759724006,6.96135318576387,-9.477472731279237,-8.56464297486267,219.3406896006204
188.04963661476094,-21.41803398127074,6.961403515957864,-9.477850341635925,-8.564982067781767,219.58798196003477
188.05829600284554,-21.412113693665454,6.961455384153575,-9.478230032348872,-8.56532147331589,219.83478527678272
188.06695380857104,-21.406191899904496,6.961508786703135,-9.478611795365039,-8.565661188677346,220.08109605369572
188.07561003430362,-21.4002686029837,6.9615637199586775,-9.478995622632201,-8.566001211076326,220.32691079360458
188.08426468241012,-21.39434380589823,6.961620180272331,-9.479381506098932,-8.566341537720925,220.57222599934084
188.09291775525764,-21.3884175116427,6.961678163996231,-9.47976943771461,-8.566682165817145,220.81703817373517
188.1015692552139,-21.382489723211144,6.9617376674825024,-9.480159409429453,-8.567023092568903,221.06134381961888
188.1102191846469,-21.37656044359701,6.961798687083284,-9.480551413194442,-8.567364315178002,221.30513943982314
188.11886754592518,-21.370629675793154,6.961861219150704,-9.480945440961404,-8.56770583084419,221.54842153717914
188.1275143414178,-21.36469742279183,6.961925260036893,-9.48134148468295,-8.568047636765103,221.7911866145178
188.13615957349393,-21.358763687584812,6.961990806093984,-9.481739536312514,-8.568389730136298,222.03343117467028
188.14480324452356,-21.352828473163182,6.962057853674107,-9.482139587804332,-8.568732108151252,222.27515172046785
188.15344535687692,-21.346891782517485,6.962126399129395,-9.48254163111344,-8.569074768001364,222.51634475474134
188.16208591292468,-21.340953618637684,6.962196438811979,-9.48294565819568,-8.569417706875948,222.75700678032234
188.17072491503805,-21.335013984513157,6.962267969073992,-9.483351661007717,-8.56976092196226,222.99713430004144
188.17936236558856,-21.329072883132703,6.962340986267565,-9.483759631506995,-8.570104410445461,223.23672381673015
188.18799826694826,-21.323130317484566,6.962415486744826,-9.484169561651793,-8.570448169508657,223.47577183321934
188.19663262148956,-21.317186290556336,6.96249146685791,-9.484581443401163,-8.570792196332887,223.71427485234028
188.2052654315853,-21.311240805335157,6.962568922958948,-9.484995268714986,-8.571136488097105,223.95222937692412
188.2138966996088,-21.305293864807492,6.96264785140007,-9.48541102955394,-8.57148104197822,224.18963190980196
188.2225264279338,-21.299345471959246,6.96272824853341,-9.485828717879503,-8.571825855151074,224.42647895380472
188.23115461893448,-21.293395629775773,6.962810110711097,-9.486248325653953,-8.572170924788443,224.66276701176372
188.23978127498535,-21.28744434124182,6.962893434285264,-9.486669844840389,-8.572516248061062,224.89849258651023
188.24840639846155,-21.281491609341582,6.962978215608043,-9.487093267402688,-8.57286182213759,225.13365218087483
188.25702999173845,-21.275537437058635,6.963064451031563,-9.487518585305539,-8.573207644184652,225.36824229768914
188.26565205719186,-21.269581827376083,6.963152136907961,-9.487945790514441,-8.573553711366802,225.60225943978426
188.27427259719812,-21.263624783276356,6.963241269589362,-9.488374874995685,-8.573900020846562,225.83570010999105
188.2828916141339,-21.257666307741353,6.963331845427902,-9.488805830716373,-8.574246569784405,226.06856081114083
188.29150911037638,-21.25170640375238,6.96342386077571,-9.489238649644394,-8.574593355338765,226.3008380460645
188.30012508830305,-21.245745074290177,6.9635173119849165,-9.489673323748445,-8.574940374666015,226.53252831759346
188.3087395502919,-21.239782322334925,6.9636121954076575,-9.490109844998015,-8.57528762492051,226.76362812855874
188.3173524987214,-21.23381815086619,6.963708507396061,-9.49054820536341,-8.575635103254553,226.9941339817914
