galstreams/tracks/track.st.M5.sollima2020.ecsv
# %ECSV 1.0
# ---
# datatype:
# - {name: ra, unit: deg, datatype: float64}
# - {name: dec, unit: deg, datatype: float64}
# - {name: distance, unit: kpc, datatype: float64}
# - {name: pm_ra_cosdec, unit: mas / yr, datatype: float64}
# - {name: pm_dec, unit: mas / yr, datatype: float64}
# - {name: radial_velocity, unit: km / s, datatype: float64}
# delimiter: ','
# meta: !!omap
# - __serialized_columns__:
#     dec:
#       __class__: astropy.coordinates.angles.Latitude
#       unit: &id001 !astropy.units.Unit {unit: deg}
#       value: !astropy.table.SerializedColumn {name: dec}
#     distance:
#       __class__: astropy.coordinates.distances.Distance
#       unit: !astropy.units.Unit {unit: kpc}
#       value: !astropy.table.SerializedColumn {name: distance}
#     pm_dec:
#       __class__: astropy.units.quantity.Quantity
#       unit: !astropy.units.Unit {unit: mas / yr}
#       value: !astropy.table.SerializedColumn {name: pm_dec}
#     pm_ra_cosdec:
#       __class__: astropy.units.quantity.Quantity
#       unit: !astropy.units.Unit {unit: mas / yr}
#       value: !astropy.table.SerializedColumn {name: pm_ra_cosdec}
#     ra:
#       __class__: astropy.coordinates.angles.Longitude
#       unit: *id001
#       value: !astropy.table.SerializedColumn {name: ra}
#       wrap_angle: !astropy.coordinates.Angle
#         unit: *id001
#         value: 360.0
#     radial_velocity:
#       __class__: astropy.units.quantity.Quantity
#       unit: !astropy.units.Unit {unit: km / s}
#       value: !astropy.table.SerializedColumn {name: radial_velocity}
# schema: astropy-2.0
ra,dec,distance,pm_ra_cosdec,pm_dec,radial_velocity
227.96855197,2.9973248899999874,7.478999999999998,0.0,0.0,0.0
227.97638563788516,2.991029021297034,7.478999999999997,0.0,0.0,0.0
227.9843038956661,2.984848517191302,7.4789999999999965,0.0,0.0,0.0
227.99230452459287,2.9787803495652536,7.478999999999998,0.0,0.0,0.0
228.00038533354376,2.972821528018738,7.478999999999997,0.0,0.0,0.0
228.00854415887895,2.9669690996755778,7.478999999999998,0.0,0.0,0.0
228.01677886429442,2.9612201489897867,7.4789999999999965,0.0,0.0,0.0
228.02508734067632,2.9555717975516878,7.478999999999997,0.0,0.0,0.0
228.03346750595517,2.950021203894278,7.478999999999998,0.0,0.0,0.0
228.04191730496055,2.944565563299202,7.478999999999996,0.0,0.0,0.0
228.05043470927615,2.9392021076026684,7.4789999999999965,0.0,0.0,0.0
228.05901771709452,2.9339281050016037,7.4789999999999965,0.0,0.0,0.0
228.06766435307256,2.9287408598593943,7.4789999999999965,0.0,0.0,0.0
228.07637266818676,2.923637712511788,7.478999999999997,0.0,0.0,0.0
228.0851407395892,2.9186160390725235,7.478999999999996,0.0,0.0,0.0
228.09396667046283,2.913673251239252,7.478999999999996,0.0,0.0,0.0
228.1028485898778,2.9088067960990975,7.4789999999999965,0.0,0.0,0.0
228.11178465264763,2.904014155934174,7.478999999999996,0.0,0.0,0.0
228.12077303918517,2.899292848027356,7.478999999999997,0.0,0.0,0.0
228.12981195535917,2.894640424467702,7.4789999999999965,0.0,0.0,0.0
228.1388996323511,2.8900544719558416,7.478999999999996,0.0,0.0,0.0
228.14803432651138,2.8855326116096127,7.4789999999999965,0.0,0.0,0.0
228.1572143192166,2.8810724987693463,7.478999999999998,0.0,0.0,0.0
228.16643791672607,2.8766718228032984,7.478999999999995,0.0,0.0,0.0
228.17570345003944,2.872328306912855,7.4789999999999965,0.0,0.0,0.0
228.1850092747533,2.868039707938047,7.478999999999996,0.0,0.0,0.0
228.19435377091872,2.863803816162718,7.4789999999999965,0.0,0.0,0.0
228.20373534289865,2.859618455119688,7.478999999999997,0.0,0.0,0.0
228.2131524192253,2.8554814813961658,7.478999999999995,0.0,0.0,0.0
228.2226034524577,2.85139078443886,7.478999999999995,0.0,0.0,0.0
228.23208691903946,2.847344286359051,7.478999999999996,0.0,0.0,0.0
228.24160131915636,2.8433399417379515,7.478999999999996,0.0,0.0,0.0
228.25114517659418,2.8393757374317077,7.4789999999999965,0.0,0.0,0.0
228.26071703859665,2.8354496923765953,7.478999999999996,0.0,0.0,0.0
228.2703154757234,2.8315598573939753,7.478999999999996,0.0,0.0,0.0
228.2799390817078,2.8277043149955925,7.4789999999999965,0.0,0.0,0.0
228.28958647331524,2.8238811791885468,7.478999999999998,0.0,0.0,0.0
228.2992562902012,2.8200885952802537,7.4789999999999965,0.0,0.0,0.0
228.30894719476947,2.8163247396836955,7.478999999999996,0.0,0.0,0.0
228.31865787203012,2.8125878197223604,7.478999999999996,0.0,0.0,0.0
228.32838702945827,2.8088760734351736,7.478999999999996,0.0,0.0,0.0
228.33813339685207,2.8051877693817215,7.478999999999995,0.0,0.0,0.0
228.34789572619113,2.8015212064471293,7.4789999999999965,0.0,0.0,0.0
228.35767279149496,2.7978747136471442,7.4789999999999965,0.0,0.0,0.0
228.3674633886815,2.794246649933002,7.478999999999996,0.0,0.0,0.0
228.3772663354256,2.7906354039966286,7.478999999999996,0.0,0.0,0.0
228.38708047101719,2.7870393940755407,7.478999999999998,0.0,0.0,0.0
228.39690465622053,2.783457067757739,7.478999999999997,0.0,0.0,0.0
228.40673777313205,2.7798869017869032,7.4789999999999965,0.0,0.0,0.0
228.41657872503927,2.7763274018672868,7.4789999999999965,0.0,0.0,0.0
228.42642643627963,2.7727771024686083,7.478999999999998,0.0,0.0,0.0
228.43627985209864,2.769234566631253,7.478999999999995,0.0,0.0,0.0
228.44613793850894,2.765698385771127,7.4789999999999965,0.0,0.0,0.0
228.45599968214879,2.7621671794847353,7.4789999999999965,0.0,0.0,0.0
228.46586409014077,2.75863959535404,7.478999999999997,0.0,0.0,0.0
228.47573018995055,2.755114308751674,7.478999999999998,0.0,0.0,0.0
228.4855970292454,2.751590022645851,7.4789999999999965,0.0,0.0,0.0
228.49546367575317,2.748065467405279,7.478999999999998,0.0,0.0,0.0
228.50532921712082,2.7445394006043866,7.478999999999996,0.0,0.0,0.0
228.51519276077317,2.7410106068282127,7.478999999999998,0.0,0.0,0.0
228.52505343377157,2.737477897477514,7.478999999999997,0.0,0.0,0.0
228.53491038267296,2.7339401105736667,7.478999999999998,0.0,0.0,0.0
228.54476277338816,2.730396110563923,7.478999999999997,0.0,0.0,0.0
228.5546097910407,2.7268447881263653,7.478999999999998,0.0,0.0,0.0
228.56445063982585,2.723285059974873,7.478999999999998,0.0,0.0,0.0
228.57428454286892,2.719715868664401,7.478999999999996,0.0,0.0,0.0
228.5841107420843,2.7161361823959624,7.478999999999997,0.0,0.0,0.0
228.59392849803396,2.7125449948216236,7.4789999999999965,0.0,0.0,0.0
228.60373708978628,2.7089413248498126,7.478999999999998,0.0,0.0,0.0
228.61353581477468,2.7053242164502973,7.478999999999998,0.0,0.0,0.0
228.62332398865624,2.701692738459383,7.478999999999999,0.0,0.0,0.0
228.63310094517067,2.698045984384915,7.478999999999998,0.0,0.0,0.0
228.64286603599854,2.6943830722116275,7.478999999999998,0.0,0.0,0.0
228.65261863062025,2.6907031442062093,7.478999999999998,0.0,0.0,0.0
228.66235811617463,2.687005366722369,7.478999999999998,0.0,0.0,0.0
228.67208389731738,2.6832889300062317,7.478999999999999,0.0,0.0,0.0
228.6817953960799,2.6795530480014267,7.478999999999997,0.0,0.0,0.0
228.69149205172786,2.675796958154205,7.478999999999999,0.0,0.0,0.0
228.70117332061957,2.6720199212188613,7.478999999999998,0.0,0.0,0.0
228.71083867606484,2.668221221062837,7.478999999999998,0.0,0.0,0.0
228.72048760818325,2.6644001644720388,7.4789999999999965,0.0,0.0,0.0
228.73011962376302,2.660556080955967,7.479,0.0,0.0,0.0
228.73973424611916,2.656688322553195,7.478999999999999,0.0,0.0,0.0
228.74933101495216,2.6527962636365583,7.479,0.0,0.0,0.0
228.7589094862066,2.6488793007183618,7.478999999999999,0.0,0.0,0.0
228.7684692319293,2.644936852255895,7.478999999999999,0.0,0.0,0.0
228.77800984012796,2.640968358456667,7.478999999999998,0.0,0.0,0.0
228.7875309146296,2.636973281083654,7.478999999999998,0.0,0.0,0.0
228.7970320749388,2.6329511032608592,7.478999999999998,0.0,0.0,0.0
228.80651295609638,2.628901329278556,7.478999999999998,0.0,0.0,0.0
228.8159732085373,2.6248234843987404,7.479,0.0,0.0,0.0
228.82541249794957,2.620717114660406,7.478999999999998,0.0,0.0,0.0
228.83483050513212,2.6165817866851584,7.479,0.0,0.0,0.0
228.84422692585318,2.6124170874825525,7.479000000000001,0.0,0.0,0.0
228.85360147070898,2.608222624255432,7.478999999999999,0.0,0.0,0.0
228.8629538649813,2.603998024205596,7.479,0.0,0.0,0.0
228.8722838484962,2.599742934339174,7.478999999999999,0.0,0.0,0.0
228.88159117548238,2.5954570212720114,7.479,0.0,0.0,0.0
228.8908756144288,2.591139971035379,7.478999999999999,0.0,0.0,0.0
228.90013694794334,2.5867914888813512,7.479000000000001,0.0,0.0,0.0
228.90937497261078,2.5824112990884136,7.478999999999999,0.0,0.0,0.0
228.918589498851,2.5779991447668653,7.479,0.0,0.0,0.0
228.92778035077703,2.573554787664586,7.479,0.0,0.0,0.0
228.9369473660531,2.5690780079725126,7.479,0.0,0.0,0.0
228.946090395753,2.5645686041301174,7.479,0.0,0.0,0.0
228.9552093042178,2.56002639263122,7.479,0.0,0.0,0.0
228.96430396891398,2.555451207829466,7.479000000000001,0.0,0.0,0.0
228.97337428029152,2.5508429017440193,7.479000000000001,0.0,0.0,0.0
228.98242014164202,2.546201343865075,7.479000000000001,0.0,0.0,0.0
228.99144146895634,2.541526420959717,7.479000000000001,0.0,0.0,0.0
229.00043819078272,2.5368180368774826,7.479000000000002,0.0,0.0,0.0
229.00941024808492,2.5320761123559477,7.479000000000002,0.0,0.0,0.0
229.0183575940999,2.527300584826623,7.479000000000001,0.0,0.0,0.0
229.02728019419573,2.522491408220558,7.479000000000001,0.0,0.0,0.0
229.03617802572958,2.517648552773967,7.479,0.0,0.0,0.0
229.0450510779056,2.512772004834158,7.479,0.0,0.0,0.0
229.0538993516327,2.5078617666651506,7.479000000000001,0.0,0.0,0.0
229.0627228593823,2.5029178562534957,7.479000000000001,0.0,0.0,0.0
229.07152162504636,2.4979403071139137,7.479000000000001,0.0,0.0,0.0
229.0802956837951,2.49292916809528,7.479000000000002,0.0,0.0,0.0
229.08904508193464,2.4878845031863164,7.479,0.0,0.0,0.0
229.09776987676506,2.4828063913212963,7.479000000000001,0.0,0.0,0.0
229.10647013643785,2.4776949261860644,7.479000000000001,0.0,0.0,0.0
229.11514593981374,2.472550216023763,7.479,0.0,0.0,0.0
229.1237973763207,2.4673723834405736,7.479000000000001,0.0,0.0,0.0
229.13242454581118,2.462161565211768,7.479000000000001,0.0,0.0,0.0
229.14102755842018,2.4569179120874343,7.479000000000002,0.0,0.0,0.0
229.1496065344227,2.451641588598417,7.479000000000003,0.0,0.0,0.0
229.15816160409162,2.446332772862068,7.479000000000001,0.0,0.0,0.0
229.16669290755524,2.4409916563883356,7.479000000000001,0.0,0.0,0.0
229.17520059465483,2.4356184438855744,7.479000000000001,0.0,0.0,0.0
229.18368482480253,2.43021335306635,7.479000000000003,0.0,0.0,0.0
229.1921457668386,2.42477661445357,7.479000000000001,0.0,0.0,0.0
229.20058359888947,2.4193084711863073,7.479000000000002,0.0,0.0,0.0
229.20899850822497,2.413809178825654,7.479000000000001,0.0,0.0,0.0
229.21739069111612,2.40827900516086,7.479000000000002,0.0,0.0,0.0
229.22576035269265,2.402718230015168,7.479000000000002,0.0,0.0,0.0
229.23410770680044,2.3971271450518468,7.479000000000002,0.0,0.0,0.0
229.24243297585951,2.391506053580035,7.479000000000001,0.0,0.0,0.0
229.25073639072102,2.385855270360927,7.479000000000002,0.0,0.0,0.0
229.25901819052513,2.3801751214136693,7.479000000000002,0.0,0.0,0.0
229.26727862255868,2.3744659438212614,7.479000000000001,0.0,0.0,0.0
229.2755179421122,2.3687280855367674,7.479000000000001,0.0,0.0,0.0
229.283736412338,2.3629619051892354,7.479000000000001,0.0,0.0,0.0
229.29193430410734,2.357167771889621,7.479000000000002,0.0,0.0,0.0
229.30011189586804,2.3513460650370255,7.479000000000001,0.0,0.0,0.0
229.3082694735021,2.3454971741245965,7.479000000000002,0.0,0.0,0.0
229.31640733018276,2.339621498545651,7.479000000000002,0.0,0.0,0.0
229.32452576623277,2.333719447399592,7.479000000000003,0.0,0.0,0.0
229.33262508898105,2.3277914392981707,7.479000000000001,0.0,0.0,0.0
229.34070561262058,2.321837902171456,7.479000000000002,0.0,0.0,0.0
229.3487676580661,2.3158592730738126,7.479000000000001,0.0,0.0,0.0
229.35681155281117,2.3098559979901756,7.479000000000002,0.0,0.0,0.0
229.36483763078553,2.3038285316420453,7.479000000000002,0.0,0.0,0.0
229.37284623221325,2.297777337293478,7.479000000000002,0.0,0.0,0.0
229.3808377034696,2.291702886557383,7.479000000000003,0.0,0.0,0.0
229.38881239693865,2.2856056592015026,7.479000000000001,0.0,0.0,0.0
229.39677067087067,2.2794861429545805,7.479000000000002,0.0,0.0,0.0
229.40471288923993,2.273344833312349,7.479000000000001,0.0,0.0,0.0
229.41263942160177,2.267182233343856,7.479000000000003,0.0,0.0,0.0
229.42055064295005,2.260998853497484,7.479000000000002,0.0,0.0,0.0
229.4284469335751,2.2547952114069867,7.479000000000003,0.0,0.0,0.0
229.43632867892035,2.2485718316978276,7.479000000000003,0.0,0.0,0.0
229.4441962694406,2.2423292457931843,7.479000000000001,0.0,0.0,0.0
229.45205010045885,2.2360679917201676,7.479000000000003,0.0,0.0,0.0
229.45989057202422,2.2297886139158334,7.479000000000002,0.0,0.0,0.0
229.4677180887691,2.223491663033546,7.479000000000002,0.0,0.0,0.0
229.47553305976655,2.217177695749034,7.479000000000001,0.0,0.0,0.0
229.48333589838808,2.210847274566453,7.479000000000002,0.0,0.0,0.0
229.4911270221608,2.2045009676247624,7.479000000000002,0.0,0.0,0.0
229.49890685262486,2.1981393485037906,7.479000000000001,0.0,0.0,0.0
229.50667581519127,2.191762996030315,7.479000000000002,0.0,0.0,0.0
229.5144343389988,2.1853724940844454,7.479000000000001,0.0,0.0,0.0
229.52218285677182,2.178968431405672,7.479000000000002,0.0,0.0,0.0
229.52992180467768,2.1725514013991223,7.479000000000002,0.0,0.0,0.0
229.53765162218414,2.1661220019416207,7.479000000000002,0.0,0.0,0.0
229.5453727519168,2.1596808351880834,7.479000000000003,0.0,0.0,0.0
229.5530856395165,2.1532285073776185,7.479000000000003,0.0,0.0,0.0
229.56079073349687,2.146765628639628,7.479000000000002,0.0,0.0,0.0
229.5684884851019,2.1402928128002143,7.479000000000002,0.0,0.0,0.0
229.576179348163,2.133810677188292,7.479000000000002,0.0,0.0,0.0
229.58386377895712,2.1273198424416973,7.479000000000002,0.0,0.0,0.0
229.59154223606336,2.1208209323136065,7.479000000000003,0.0,0.0,0.0
229.59921518022136,2.1143145734786226,7.479000000000003,0.0,0.0,0.0
229.60688307418786,2.1078013953390617,7.479000000000002,0.0,0.0,0.0
229.614546382595,2.1012820298310477,7.479000000000003,0.0,0.0,0.0
229.62220557180726,2.094757111230939,7.479000000000002,0.0,0.0,0.0
229.62986110977897,2.0882272759614606,7.479000000000002,0.0,0.0,0.0
229.63751346591215,2.0816931623978374,7.479000000000002,0.0,0.0,0.0
229.6451631109136,2.075155410674248,7.479000000000002,0.0,0.0,0.0
229.65281051665238,2.0686146624898916,7.479000000000002,0.0,0.0,0.0
229.6604561560178,2.0620715609153017,7.479000000000002,0.0,0.0,0.0
229.6681005027761,2.055526750198578,7.479000000000003,0.0,0.0,0.0
229.6757440314288,2.0489808755716385,7.479000000000002,0.0,0.0,0.0
229.6833872170694,2.042434583056468,7.479000000000002,0.0,0.0,0.0
229.69103053524142,2.0358885192713765,7.479000000000001,0.0,0.0,0.0
229.69867446179575,2.0293433312372513,7.479000000000002,0.0,0.0,0.0
229.7063194727479,2.0227996661838197,7.479000000000003,0.0,0.0,0.0
229.7139660441359,2.016258171355912,7.479000000000002,0.0,0.0,0.0
229.72161465187736,2.009719493819726,7.479000000000002,0.0,0.0,0.0
229.72926577162744,2.0031842802690965,7.479000000000002,0.0,0.0,0.0
229.73691987863583,1.9966531768317615,7.479,0.0,0.0,0.0
229.74457744760488,1.9901268288756424,7.479000000000002,0.0,0.0,0.0
229.7522389525464,1.9836058808151165,7.479000000000001,0.0,0.0,0.0
229.75990486663966,1.9770909759172943,7.479000000000001,0.0,0.0,0.0
229.7675756620888,1.9705827561083062,7.479,0.0,0.0,0.0
229.77525180998003,1.964081861779583,7.479000000000001,0.0,0.0,0.0
229.7829337801398,1.957588931594145,7.479000000000002,0.0,0.0,0.0
229.79062204099142,1.9511046022928913,7.479,0.0,0.0,0.0
229.79831705941336,1.9446295085008947,7.479000000000001,0.0,0.0,0.0
229.80601930059638,1.9381642825336922,7.479000000000001,0.0,0.0,0.0
229.8137292279009,1.9317095542035916,7.479,0.0,0.0,0.0
229.82144730271486,1.9252659506259633,7.479,0.0,0.0,0.0
229.8291739843111,1.9188340960255537,7.479000000000001,0.0,0.0,0.0
229.83690972970476,1.9124146115427847,7.479,0.0,0.0,0.0
229.84465499351072,1.906008115040069,7.479,0.0,0.0,0.0
229.85241022780153,1.8996152209081172,7.479000000000002,0.0,0.0,0.0
229.8601758819644,1.893236539872262,7.479000000000001,0.0,0.0,0.0
229.86795240255904,1.8868726787987684,7.479,0.0,0.0,0.0
229.87574023317495,1.8805242405011593,7.479,0.0,0.0,0.0
229.8835398142892,1.8741918235465407,7.479,0.0,0.0,0.0
229.89135158312362,1.8678760220619284,7.478999999999999,0.0,0.0,0.0
229.8991759735025,1.861577425540577,7.479,0.0,0.0,0.0
229.90701341571003,1.8552966186483173,7.479000000000001,0.0,0.0,0.0
229.91486433634776,1.8490341810298911,7.478999999999999,0.0,0.0,0.0
229.92272915819217,1.8427906871152915,7.478999999999999,0.0,0.0,0.0
229.9306083000521,1.836566705926104,7.479,0.0,0.0,0.0
229.93850217662632,1.8303628008818575,7.479,0.0,0.0,0.0
229.94641119836095,1.8241795296063694,7.479,0.0,0.0,0.0
229.95433577130686,1.8180174437341006,7.479,0.0,0.0,0.0
229.9622762969774,1.8118770887165097,7.479000000000001,0.0,0.0,0.0
229.97023317220564,1.805759003628415,7.479000000000001,0.0,0.0,0.0
229.978206789002,1.7996637209743542,7.479,0.0,0.0,0.0
229.9861975344117,1.7935917664949514,7.479000000000001,0.0,0.0,0.0
229.99420579037212,1.787543658973286,7.479,0.0,0.0,0.0
230.00223193357033,1.7815199100412653,7.478999999999998,0.0,0.0,0.0
230.01027633530072,1.7755210239860004,7.478999999999998,0.0,0.0,0.0
230.01833936132212,1.7695474975561842,7.478999999999999,0.0,0.0,0.0
230.02642137171566,1.763599819768476,7.479000000000001,0.0,0.0,0.0
230.0345227207419,1.757678471713887,7.479,0.0,0.0,0.0
230.04264375669825,1.7517839263641675,7.479,0.0,0.0,0.0
230.050784821777,1.7459166483782036,7.478999999999999,0.0,0.0,0.0
230.0589462519218,1.7400770939084091,7.478999999999998,0.0,0.0,0.0
