galstreams/tracks/track.st.Spectre.chandra2022.ecsv
# %ECSV 1.0
# ---
# datatype:
# - {name: ra, unit: deg, datatype: float64}
# - {name: dec, unit: deg, datatype: float64}
# - {name: distance, unit: kpc, datatype: float64}
# - {name: pm_ra_cosdec, unit: mas / yr, datatype: float64}
# - {name: pm_dec, unit: mas / yr, datatype: float64}
# - {name: radial_velocity, unit: km / s, datatype: float64}
# delimiter: ','
# meta: !!omap
# - __serialized_columns__:
#     dec:
#       __class__: astropy.coordinates.angles.Latitude
#       unit: &id001 !astropy.units.Unit {unit: deg}
#       value: !astropy.table.SerializedColumn {name: dec}
#     distance:
#       __class__: astropy.coordinates.distances.Distance
#       unit: !astropy.units.Unit {unit: kpc}
#       value: !astropy.table.SerializedColumn {name: distance}
#     pm_dec:
#       __class__: astropy.units.quantity.Quantity
#       unit: !astropy.units.Unit {unit: mas / yr}
#       value: !astropy.table.SerializedColumn {name: pm_dec}
#     pm_ra_cosdec:
#       __class__: astropy.units.quantity.Quantity
#       unit: !astropy.units.Unit {unit: mas / yr}
#       value: !astropy.table.SerializedColumn {name: pm_ra_cosdec}
#     ra:
#       __class__: astropy.coordinates.angles.Longitude
#       unit: *id001
#       value: !astropy.table.SerializedColumn {name: ra}
#       wrap_angle: !astropy.coordinates.Angle
#         unit: *id001
#         value: 360.0
#     radial_velocity:
#       __class__: astropy.units.quantity.Quantity
#       unit: !astropy.units.Unit {unit: km / s}
#       value: !astropy.table.SerializedColumn {name: radial_velocity}
# schema: astropy-2.0
ra,dec,distance,pm_ra_cosdec,pm_dec,radial_velocity
[from data line 302]
215.67090638924944,41.27817627867327,12.500000000000002,-5.689849185057923,-5.218406542335025,-138.11275131723198
215.66154388339953,41.271042351099666,12.500000000000002,-5.689524394531816,-5.219691116088654,-138.07666188340946
215.65218342840254,41.263907661992924,12.500000000000005,-5.689199587466942,-5.220975468263125,-138.0405724495871
215.64282502353046,41.25677221169982,12.500000000000002,-5.688874763943837,-5.222259598931106,-138.0044830157647
215.63346866805526,41.24963600056704,12.5,-5.688549924042958,-5.223543508165272,-137.96839358194222
215.62411436124918,41.24249902894106,12.500000000000004,-5.688225067844696,-5.22482719603828,-137.9323041481197
215.6147621023846,41.23536129716824,12.500000000000002,-5.687900195429377,-5.226110662622798,-137.89621471429734
215.60541189073396,41.22822280559473,12.500000000000002,-5.687575306877251,-5.227393907991473,-137.86012528047488
215.5960637255699,41.221083554566576,12.5,-5.687250402268507,-5.228676932216958,-137.82403584665252
215.58671760616517,41.2139435444296,12.5,-5.686925481683259,-5.229959735371896,-137.78794641283005
215.5773735317927,41.20680277552951,12.500000000000004,-5.686600545201556,-5.231242317528928,-137.7518569790077
215.56803150172541,41.199661248211825,12.500000000000002,-5.6862755929033755,-5.232524678760689,-137.71576754518512
215.5586915152366,41.192518962821964,12.500000000000002,-5.685950624868629,-5.233806819139811,-137.6796781113627
215.5493535715995,41.1853759197051,12.500000000000002,-5.685625641177161,-5.235088738738915,-137.6435886775403
215.54001767008756,41.17823211920632,12.500000000000002,-5.685300641908741,-5.236370437630626,-137.6074992437179
215.5306838099744,41.1710875616705,12.500000000000004,-5.684975627143075,-5.237651915887553,-137.57140980989547
215.52135199053367,41.163942247442385,12.500000000000002,-5.6846505969598,-5.238933173582312,-137.535320376073
215.5120222110393,41.15679617686656,12.500000000000002,-5.684325551438488,-5.240214210787505,-137.4992309422505
215.50269447076528,41.14964935028742,12.500000000000004,-5.684000490658633,-5.241495027575728,-137.46314150842815
215.49336876898568,41.14250176804925,12.500000000000004,-5.683675414699671,-5.242775624019582,-137.42705207460568
215.48404510497483,41.135353430496146,12.500000000000002,-5.683350323640967,-5.244056000191653,-137.39096264078327
215.47472347800715,41.12820433797205,12.500000000000005,-5.683025217561811,-5.2453361561645195,-137.35487320696095
215.46540388735716,41.12105449082071,12.500000000000002,-5.6827000965414385,-5.246616092010774,-137.31878377313845
215.45608633229952,41.1139038893858,12.5,-5.682374960659002,-5.247895807802973,-137.28269433931587
215.44677081210915,41.10675253401076,12.500000000000002,-5.6820498099935985,-5.249175303613694,-137.24660490549346
215.43745732606095,41.0996004250389,12.500000000000002,-5.681724644624246,-5.250454579515498,-137.21051547167102
215.42814587343005,41.092447562813355,12.500000000000002,-5.681399464629907,-5.2517336355809405,-137.17442603784858
215.4188364534917,41.08529394767714,12.5,-5.681074270089467,-5.253012471882574,-137.1383366040262
215.4095290655213,41.078139579973055,12.500000000000002,-5.680749061081743,-5.254291088492943,-137.1022471702037
215.40022370879436,41.07098446004378,12.500000000000002,-5.680423837685493,-5.255569485484586,-137.06615773638129
215.39092038258656,41.063828588231836,12.500000000000002,-5.680098599979399,-5.256847662930039,-137.03006830255893
215.38161908617369,41.05667196487955,12.500000000000004,-5.679773348042077,-5.258125620901833,-136.99397886873658
215.37231981883173,41.04951459032916,12.500000000000002,-5.6794480819520805,-5.259403359472486,-136.9578894349141
215.36302257983675,41.042356464922655,12.500000000000002,-5.6791228017878925,-5.260680878714523,-136.92180000109158
215.353727368465,41.035197589001946,12.500000000000002,-5.678797507627921,-5.261958178700446,-136.8857105672692
215.3444341839928,41.028037962908755,12.500000000000002,-5.678472199550523,-5.26323525950277,-136.84962113344685
215.33514302569674,41.020877586984625,12.500000000000002,-5.678146877633972,-5.26451212119399,-136.81353169962435
215.32585389285342,41.013716461570965,12.500000000000002,-5.677821541956481,-5.2657887638466,-136.77744226580188
215.31656678473962,41.00655458700902,12.500000000000002,-5.677496192596198,-5.267065187533087,-136.74135283197938
215.30728170063233,40.99939196363988,12.500000000000004,-5.677170829631203,-5.268341392325938,-136.70526339815706
215.2979986398086,40.99222859180448,12.500000000000002,-5.676845453139506,-5.269617378297625,-136.66917396433465
215.28871760154567,40.9850644718436,12.500000000000005,-5.676520063199047,-5.270893145520618,-136.63308453051226
215.27943858512086,40.97789960409783,12.500000000000002,-5.6761946598877095,-5.272168694067386,-136.59699509668977
215.2701615898117,40.97073398890763,12.500000000000002,-5.675869243283302,-5.273444024010383,-136.56090566286727
215.26088661489584,40.963567626613326,12.500000000000002,-5.675543813463564,-5.2747191354220595,-136.5248162290449
215.25161365965104,40.95640051755503,12.500000000000002,-5.675218370506174,-5.275994028374863,-136.48872679522245
215.24234272335528,40.94923266207273,12.5,-5.674892914488744,-5.277268702941235,-136.45263736139998
215.23307380528658,40.94206406050627,12.500000000000004,-5.6745674454888135,-5.278543159193603,-136.41654792757754
215.22380690472318,40.93489471319531,12.500000000000005,-5.674241963583859,-5.2798173972044005,-136.38045849375507
215.2145420209434,40.92772462047936,12.500000000000002,-5.673916468851295,-5.281091417046047,-136.3443690599326
215.20527915322583,40.920553782697766,12.5,-5.673590961368456,-5.282365218790954,-136.3082796261102
215.19601830084903,40.91338220018974,12.500000000000002,-5.673265441212623,-5.283638802511527,-136.27219019228778
215.1867594630918,40.906209873294316,12.500000000000002,-5.672939908461004,-5.284912168280174,-136.23610075846534
215.1775026392331,40.899036802350366,12.500000000000002,-5.672614363190742,-5.286185316169288,-136.20001132464287
215.16824782855198,40.891862987696626,12.500000000000002,-5.672288805478914,-5.287458246251252,-136.16392189082057
215.15899503032765,40.884688429671684,12.500000000000002,-5.671963235402532,-5.288730958598457,-136.12783245699808
215.1497442438395,40.87751312861392,12.500000000000005,-5.671637653038537,-5.290003453283272,-136.09174302317567
215.140495468367,40.870337084861596,12.500000000000002,-5.671312058463809,-5.291275730378071,-136.0556535893532
215.13124870318984,40.863160298752824,12.500000000000002,-5.67098645175516,-5.29254778995521,-136.0195641555308
215.12200394758776,40.85598277062554,12.500000000000004,-5.670660832989331,-5.293819632087048,-135.9834747217084
215.1127612008407,40.84880450081752,12.500000000000005,-5.670335202243005,-5.295091256845936,-135.94738528788585
215.1035204622288,40.841625489666406,12.500000000000002,-5.670009559592795,-5.2963626643042145,-135.91129585406344
215.09428173103223,40.83444573750967,12.500000000000002,-5.669683905115246,-5.297633854534215,-135.87520642024106
215.08504500653137,40.82726524468461,12.500000000000002,-5.669358238886838,-5.298904827608272,-135.83911698641856
215.07581028800672,40.8200840115284,12.500000000000002,-5.6690325609839896,-5.300175583598703,-135.80302755259606
215.066577574739,40.812902038378056,12.500000000000002,-5.668706871483049,-5.301446122577823,-135.76693811877377
215.05734686600897,40.8057193255704,12.500000000000005,-5.668381170460297,-5.302716444617943,-135.73084868495133
215.04811816109753,40.79853587344213,12.500000000000002,-5.668055457991956,-5.3039865497913645,-135.6947592511288
215.03889145928585,40.79135168232978,12.500000000000002,-5.6677297341541735,-5.305256438170376,-135.6586698173065
215.02966675985513,40.784166752569746,12.500000000000002,-5.667403999023037,-5.306526109827269,-135.62258038348392
215.02044406208677,40.77698108449823,12.5,-5.6670782526745676,-5.307795564834324,-135.58649094966162
215.0112233652623,40.7697946784513,12.500000000000002,-5.666752495184719,-5.309064803263809,-135.5504015158391
215.0020046686634,40.762607534764875,12.500000000000002,-5.666426726629384,-5.310333825187994,-135.51431208201672
214.9927879715719,40.75541965377471,12.500000000000004,-5.666100947084382,-5.311602630679134,-135.4782226481943
214.98357327326968,40.74823103581639,12.500000000000002,-5.665775156625475,-5.312871219809492,-135.44213321437178
214.97436057303895,40.74104168122538,12.500000000000002,-5.665449355328353,-5.314139592651296,-135.40604378054928
214.96514987016198,40.73385159033696,12.500000000000004,-5.665123543268647,-5.315407749276792,-135.36995434672696
214.9559411639211,40.726660763486265,12.500000000000002,-5.6647977205219195,-5.3166756897582115,-135.33386491290452
214.94673445359894,40.71946920100826,12.500000000000004,-5.664471887163666,-5.317943414167767,-135.29777547908216
214.9375297384781,40.71227690323777,12.500000000000002,-5.664146043269319,-5.319210922577687,-135.2616860452596
214.92832701784153,40.70508387050948,12.500000000000002,-5.663820188914245,-5.3204782150601675,-135.22559661143728
214.91912629097214,40.69789010315788,12.500000000000002,-5.663494324173749,-5.321745291687416,-135.18950717761481
214.90992755715314,40.69069560151733,12.500000000000002,-5.663168449123066,-5.323012152531621,-135.15341774379237
214.90073081566777,40.683500365922036,12.500000000000002,-5.6628425638373665,-5.324278797664972,-135.11732830997
214.89153606579947,40.67630439670605,12.500000000000002,-5.662516668391757,-5.325545227159643,-135.0812388761475
214.8823433068318,40.66910769420324,12.500000000000002,-5.662190762861284,-5.326811441087809,-135.04514944232503
214.87315253804857,40.66191025874737,12.500000000000002,-5.661864847320921,-5.328077439521624,-135.0090600085026
214.86396375873358,40.654712090672014,12.500000000000002,-5.661538921845582,-5.329343222533253,-134.97297057468032
214.85477696817085,40.647513190310576,12.500000000000005,-5.6612129865101135,-5.330608790194836,-134.93688114085762
214.8455921656446,40.640313557996336,12.500000000000005,-5.6608870413893015,-5.331874142578516,-134.90079170703538
214.8364093504391,40.63311319406244,12.500000000000004,-5.660561086557863,-5.333139279756426,-134.86470227321288
214.82722852183886,40.62591209884181,12.500000000000002,-5.66023512209045,-5.33440420180069,-134.82861283939044
214.81804967912848,40.61871027266727,12.500000000000002,-5.659909148061657,-5.335668908783422,-134.792523405568
214.80887282159267,40.61150771587149,12.500000000000002,-5.659583164546004,-5.336933400776734,-134.75643397174557
214.79969794851644,40.604304428786946,12.500000000000002,-5.659257171617952,-5.3381976778527225,-134.72034453792315
214.7905250591848,40.597100411745984,12.5,-5.6589311693518995,-5.339461740083484,-134.68425510410063
214.7813541528829,40.58989566508081,12.500000000000002,-5.658605157822173,-5.340725587541104,-134.6481656702782
214.7721852288962,40.58269018912345,12.500000000000002,-5.658279137103047,-5.341989220297655,-134.6120762364558
214.76301828651017,40.57548398420578,12.500000000000002,-5.657953107268722,-5.343252638425209,-134.57598680263345
214.75385332501045,40.56827705065953,12.500000000000002,-5.657627068393337,-5.344515841995831,-134.539897368811
214.74469034368283,40.561069388816286,12.500000000000002,-5.657301020550964,-5.3457788310815655,-134.50380793498857
214.7355293418133,40.55386099900744,12.500000000000002,-5.656974963815619,-5.347041605754467,-134.46771850116608
214.72637031868797,40.54665188156429,12.500000000000002,-5.6566488982612455,-5.348304166086564,-134.43162906734366
214.71721327359305,40.539442036817924,12.5,-5.656322823961728,-5.349566512149892,-134.39553963352128
214.70805820581495,40.532231465099315,12.500000000000002,-5.655996740990883,-5.350828644016466,-134.35945019969887
214.69890511464024,40.52502016673926,12.500000000000004,-5.6556706494224676,-5.352090561758302,-134.32336076587632
214.6897539993556,40.51780814206841,12.500000000000002,-5.655344549330174,-5.3533522654474055,-134.28727133205388
214.68060485924792,40.51059539141726,12.5,-5.655018440787628,-5.354613755155766,-134.2511818982315
214.67145769360417,40.503381915116165,12.5,-5.6546923238683915,-5.355875030955377,-134.21509246440905
214.66231250171148,40.496167713495296,12.500000000000002,-5.654366198645967,-5.357136092918216,-134.17900303058664
214.65316928285722,40.48895278688472,12.5,-5.654040065193792,-5.3583969411162515,-134.14291359676432
214.6440280363288,40.481737135614274,12.500000000000002,-5.653713923585235,-5.359657575621451,-134.10682416294173
214.6348887614138,40.47452076001373,12.500000000000002,-5.653387773893609,-5.360917996505765,-134.0707347291193
214.62575145739999,40.467303660412654,12.500000000000004,-5.65306161619216,-5.36217820384114,-134.0346452952969
214.6166161235753,40.460085837140454,12.500000000000002,-5.652735450554067,-5.363438197699512,-133.99855586147447
214.60748275922774,40.45286729052641,12.500000000000002,-5.652409277052451,-5.364697978152811,-133.962466427652
214.59835136364558,40.445648020899654,12.500000000000002,-5.652083095760368,-5.3659575452729555,-133.92637699382962
214.5892219361171,40.43842802858913,12.500000000000002,-5.6517569067508076,-5.367216899131859,-133.8902875600071
214.58009447593085,40.431207313923665,12.500000000000002,-5.651430710096704,-5.368476039801425,-133.85419812618468
214.5709689823755,40.42398587723191,12.500000000000002,-5.651104505870915,-5.369734967353544,-133.81810869236224
214.56184545473982,40.416763718842375,12.500000000000002,-5.650778294146249,-5.370993681860101,-133.78201925853992
214.5527238923128,40.409540839083405,12.500000000000002,-5.650452074995449,-5.37225218339298,-133.7459298247175
214.54360429438353,40.402317238283224,12.500000000000004,-5.650125848491183,-5.373510472024043,-133.70984039089504
214.5344866602413,40.39509291676986,12.500000000000002,-5.649799614706071,-5.374768547825153,-133.67375095707263
214.52537098917554,40.387867874871205,12.500000000000002,-5.6494733737126595,-5.376026410868156,-133.63766152325013
214.51625728047577,40.38064211291502,12.500000000000002,-5.649147125583438,-5.377284061224895,-133.60157208942766
214.50714553343175,40.37341563122889,12.500000000000004,-5.648820870390834,-5.3785414989672065,-133.56548265560534
214.49803574733332,40.36618843014024,12.500000000000002,-5.648494608207203,-5.379798724166912,-133.5293932217828
214.48892792147055,40.358960509976384,12.5,-5.648168339104853,-5.381055736895823,-133.49330378796049
214.47982205513355,40.35173187106444,12.500000000000002,-5.64784206315601,-5.3823125372257525,-133.45721435413802
214.47071814761273,40.34450251373138,12.500000000000002,-5.647515780432856,-5.383569125228494,-133.42112492031552
214.46161619819853,40.33727243830405,12.500000000000002,-5.6471894910075005,-5.384825500975833,-133.38503548649305
214.4525162061816,40.330041645109134,12.500000000000004,-5.646863194951992,-5.386081664539551,-133.34894605267067
214.44341817085268,40.32281013447315,12.500000000000002,-5.646536892338315,-5.387337615991419,-133.31285661884831
214.43432209150276,40.31557790672246,12.500000000000002,-5.646210583238395,-5.388593355403197,-133.27676718502582
214.42522796742293,40.30834496218331,12.500000000000002,-5.645884267724094,-5.389848882846634,-133.24067775120335
214.41613579790445,40.30111130118176,12.500000000000002,-5.645557945867209,-5.391104198393474,-133.20458831738097
214.40704558223865,40.29387692404373,12.5,-5.645231617739478,-5.39235930211546,-133.1684988835585
214.39795731971716,40.286641831095,12.500000000000002,-5.644905283412577,-5.393614194084299,-133.13240944973603
214.38887100963166,40.279406022661156,12.5,-5.644578942958116,-5.394868874371718,-133.09632001591365
214.37978665127397,40.27216949906771,12.500000000000002,-5.644252596447643,-5.396123343049416,-133.06023058209124
214.3707042439362,40.264932260639924,12.500000000000002,-5.6439262439526505,-5.397377600189091,-133.02414114826874
