galstreams/tracks/track.st.C-10.ibata2024.ecsv
# %ECSV 1.0
# ---
# datatype:
# - {name: ra, unit: deg, datatype: float64}
# - {name: dec, unit: deg, datatype: float64}
# - {name: distance, unit: kpc, datatype: float64}
# - {name: pm_ra_cosdec, unit: mas / yr, datatype: float64}
# - {name: pm_dec, unit: mas / yr, datatype: float64}
# - {name: radial_velocity, unit: km / s, datatype: float64}
# delimiter: ','
# meta: !!omap
# - __serialized_columns__:
#     dec:
#       __class__: astropy.coordinates.angles.Latitude
#       unit: &id001 !astropy.units.Unit {unit: deg}
#       value: !astropy.table.SerializedColumn {name: dec}
#     distance:
#       __class__: astropy.coordinates.distances.Distance
#       unit: !astropy.units.Unit {unit: kpc}
#       value: !astropy.table.SerializedColumn {name: distance}
#     pm_dec:
#       __class__: astropy.units.quantity.Quantity
#       unit: !astropy.units.Unit {unit: mas / yr}
#       value: !astropy.table.SerializedColumn {name: pm_dec}
#     pm_ra_cosdec:
#       __class__: astropy.units.quantity.Quantity
#       unit: !astropy.units.Unit {unit: mas / yr}
#       value: !astropy.table.SerializedColumn {name: pm_ra_cosdec}
#     ra:
#       __class__: astropy.coordinates.angles.Longitude
#       unit: *id001
#       value: !astropy.table.SerializedColumn {name: ra}
#       wrap_angle: !astropy.coordinates.Angle
#         unit: *id001
#         value: 360.0
#     radial_velocity:
#       __class__: astropy.units.quantity.Quantity
#       unit: !astropy.units.Unit {unit: km / s}
#       value: !astropy.table.SerializedColumn {name: radial_velocity}
# schema: astropy-2.0
ra,dec,distance,pm_ra_cosdec,pm_dec,radial_velocity
[from data line 146]
145.45448460264814,-4.067306955684547,0.9999999999999998,-0.6651336738138367,0.8269011227946751,42.82495805647494
145.4551803091568,-4.057093477424536,1.0,-0.6647930431216391,0.8265668186589905,42.298562555079826
145.45587543488278,-4.046879941686183,0.9999999999999999,-0.6644541046350483,0.8262346656562418,41.77462360200433
145.4565699834277,-4.036666348827146,0.9999999999999999,-0.6641168542204281,0.8259046584065084,41.253137146087596
145.45726395839282,-4.026452699204856,0.9999999999999999,-0.6637812877440501,0.8255767915299372,40.734099136168616
145.45795736337917,-4.016238993176955,1.0,-0.6634474010721192,0.8252510596467403,40.21750552108651
145.45865020198744,-4.00602523110091,0.9999999999999998,-0.663115190070747,0.8249274573771983,39.70335224968044
145.45934247781807,-3.995811413334176,0.9999999999999999,-0.6627846506059769,0.8246059793416549,39.191635270789526
145.4600341944712,-3.98559754023437,0.9999999999999999,-0.6624557785437721,0.8242866201605209,38.682350533252766
145.46072535554674,-3.975383612158873,0.9999999999999998,-0.6621285697500179,0.8239693744542704,38.175493985909334
145.46141596464423,-3.965169629465283,0.9999999999999998,-0.6618030200905118,0.8236542368434452,37.67106157759832
145.46210602536294,-3.9549555925110162,0.9999999999999998,-0.6614791254309882,0.8233412019486483,37.16904925715886
145.46279554130194,-3.94474150165349,0.9999999999999999,-0.6611568816370936,0.8230302643905494,36.66945297342996
145.46348451605994,-3.9345273572502713,0.9999999999999999,-0.660836284574402,0.8227214187898806,36.172268675250855
145.4641729532354,-3.924313159658698,0.9999999999999999,-0.6605173301084135,0.8224146597674382,35.67749231146052
145.46486085642647,-3.9140989092363236,0.9999999999999999,-0.660200014104547,0.8221099819440818,35.18511983089819
145.4655482292311,-3.903884606340523,0.9999999999999998,-0.6598843324281489,0.8218073799407335,34.69514718240287
145.4662350752469,-3.8936702513286647,0.9999999999999998,-0.6595702809444881,0.8215068483783788,34.207570314813644
145.46692139807126,-3.883455844558277,0.9999999999999999,-0.6592578555187592,0.821208381878065,33.72238517696971
145.46760720130123,-3.8732413863866513,1.0000000000000002,-0.6589470520160821,0.8209119750609015,33.239587717710144
145.46829248853362,-3.8630268771713,1.0000000000000002,-0.6586378663015044,0.8206176225480601,32.759173885873956
145.468977263365,-3.852812317269561,0.9999999999999999,-0.6583302942399989,0.8203253189607742,32.28113963030036
145.46966152939163,-3.8425977070387574,0.9999999999999999,-0.6580243316964629,0.8200350589203369,31.80548089982836
145.4703452902095,-3.832383046836373,0.9999999999999999,-0.6577199745357185,0.8197468370481038,31.33219364329715
145.4710285494144,-3.8221683370196655,1.0,-0.6574172186225216,0.8194606479654909,30.861273809545768
145.4717113106017,-3.811953577946102,1.0,-0.6571160598215458,0.8191764862939743,30.392717347413384
145.47239357736672,-3.8017387699729785,1.0,-0.6568164939974039,0.8188943466550908,29.926520205739042
145.47307535330435,-3.791523913457581,1.0,-0.656518517014629,0.8186142236704362,29.462678333361904
145.47375664200928,-3.7813090087573555,1.0,-0.656222124737686,0.8183361119616661,29.001187679121003
145.47443744707593,-3.771094056229517,1.0,-0.6559273130309626,0.8180600061504963,28.542044191855457
145.47511777209849,-3.7608790562314973,1.0,-0.6556340777587839,0.8177859008586998,28.085243820404393
145.47579762067082,-3.750664009120551,1.0,-0.6553424147853963,0.8175137907081109,27.630782513606935
145.4764769963866,-3.7404489152539284,1.0,-0.6550523199749838,0.8172436703206201,27.178656220302123
145.4771559028392,-3.730233774989034,1.0,-0.6547637891916542,0.8169755343181767,26.728860889329084
145.47783434362177,-3.720018588683049,1.0,-0.6544768182994476,0.8167093773227889,26.281392469526935
145.4785123223272,-3.7098033566933664,1.0,-0.6541914031623355,0.8164451939565217,25.836246909734744
145.47918984254804,-3.6995880793772074,1.0,-0.6539075396442176,0.8161829788414984,25.39342015879168
145.47986690787675,-3.6893727570917783,1.0,-0.6536252236089273,0.8159227265998981,24.95290816553678
145.48054352190542,-3.679157390194456,1.0,-0.6533444509202315,0.8156644318539576,24.514706878809196
145.48121968822593,-3.6689419790423794,0.9999999999999999,-0.6530652174418234,0.8154080892259712,24.07881224744802
145.48189541042993,-3.658726523992909,1.0,-0.6527875190373309,0.8151536933382879,23.64522022029232
145.4825706921087,-3.6485110254032294,1.0,-0.652511351570316,0.8149012388133146,23.21392674618121
145.48324553685353,-3.6382954836305155,1.0,-0.652236710904273,0.8146507202735127,22.784927773953793
145.4839199482552,-3.628079899032104,1.0000000000000002,-0.6519635929026273,0.8144021323413999,22.358219252449242
145.48459392990435,-3.617864271965105,1.0,-0.6516919934287366,0.8141554696395503,21.933797130506566
145.4852674853914,-3.6076486027868437,1.0,-0.6514219083458941,0.8139107267905913,21.511657356964875
145.4859406183065,-3.5974328918544676,1.0,-0.6511533335173285,0.8136678984172061,21.091795880663323
145.4866133322396,-3.5872171395251216,1.0,-0.6508862648062019,0.813426979142133,20.67420865044095
145.4872856307804,-3.577001346156111,0.9999999999999999,-0.6506206980756091,0.8131879635881643,20.258891615136946
145.48795751751825,-3.5667855121045084,1.0,-0.6503566291885754,0.8129508463781467,19.845840723590317
145.48862899604242,-3.556569637727608,1.0,-0.6500940540080726,0.8127156221349803,19.435051924640263
145.48930006994186,-3.5463537233824725,1.0,-0.6498329683969974,0.8124822854816203,19.026521167125782
145.4899707428053,-3.5361377694263783,1.0,-0.6495733682181888,0.8122508310410739,18.62024439988609
145.49064101822128,-3.525921776216436,1.0,-0.6493152493344172,0.8120212534364024,18.2162175717602
145.49131089977797,-3.5157057441097375,1.0,-0.6490586076083884,0.81179354729072,17.814436631587235
145.49198039106346,-3.505489673463552,1.0,-0.6488034389027473,0.8115677072271942,17.41489752820636
145.4926494956656,-3.4952735646349056,0.9999999999999999,-0.6485497390800778,0.8113437278690441,17.01759621045656
145.49331821717192,-3.4850574179810483,1.0,-0.6482975040028958,0.8111216038395417,16.62252862717701
145.49398655916974,-3.4748412338590575,1.0,-0.6480467295336556,0.8109013297620113,16.229690727206826
145.49465452524626,-3.464625012626,1.0000000000000002,-0.6477974115347513,0.8106829002598293,15.839078459385057
145.4953221189883,-3.454408754639112,0.9999999999999999,-0.6475495458685114,0.810466309956424,15.450687772550866
145.49598934398256,-3.44419246025539,0.9999999999999999,-0.6473031283972039,0.8102515534752734,15.064514615543306
145.4966562038155,-3.433976129832057,1.0,-0.6470581549830348,0.8100386254399086,14.680554937201526
145.4973227020733,-3.4237597637261614,0.9999999999999999,-0.6468146214881489,0.8098275204739117,14.298804686364582
145.497988842342,-3.4135433622947398,1.0,-0.6465725237746298,0.809618233200915,13.919259811871651
145.4986546282074,-3.403326925895,0.9999999999999998,-0.6463318577044979,0.8094107582446015,13.541916262561733
145.49932006325503,-3.393110454883913,1.0,-0.646092619139716,0.8092050902287048,13.166769987273998
145.49998515107026,-3.382893949618673,0.9999999999999999,-0.645854803942187,0.809001223777009,12.793816934847559
145.5006498952382,-3.3726774104562987,1.0,-0.645618407973747,0.8087991535133472,12.423053054121421
145.5013142993438,-3.362460837753805,0.9999999999999999,-0.6453834270961782,0.8085988740616037,12.05447429393482
145.50197836697174,-3.3522442318683674,1.0,-0.6451498571712018,0.8084003800457116,11.688076603126737
145.5026421017065,-3.3420275931569328,1.0,-0.6449176940604772,0.8082036660896534,11.323855930536373
145.50330550713235,-3.331810921976669,1.0,-0.6446869336256059,0.8080087268174609,10.961808225002757
145.50396858683337,-3.3215942186845697,1.0,-0.6444575717281315,0.8078155568532148,10.601929435365056
145.50463134439343,-3.3113774836376195,1.0,-0.6442296042295356,0.8076241508210451,10.244215510462322
145.50529378339616,-3.301160717192973,1.0,-0.644003026991244,0.8074345033451295,9.888662399133684
145.505955907425,-3.290943919707551,1.0,-0.6437778358746227,0.8072466090496947,9.535266050218265
145.5066177200632,-3.280727091538495,0.9999999999999999,-0.643554026740979,0.8070604625590158,9.1840224125551
145.50727922489378,-3.2705102330427716,0.9999999999999999,-0.6433315954515645,0.8068760584974154,8.834927434983362
145.50794042549953,-3.2602933445773465,0.9999999999999999,-0.6431105378675684,0.8066933914892642,8.487977066342133
145.50860132546313,-3.2500764264993443,1.0,-0.6428908498501283,0.8065124561589806,8.143167255470464
145.50926192836693,-3.2398594791656636,1.0,-0.6426725272603181,0.8063332471310302,7.80049395120753
145.5099222377932,-3.2296425029334226,1.0,-0.6424555659591608,0.8061557590299259,7.459953102392379
145.51058225732396,-3.219425498159565,1.0,-0.6422399618076178,0.8059799864802284,7.1215406578641485
145.51124199054104,-3.209208465201031,1.0,-0.6420257106665967,0.8058059241065441,6.785252566461923
145.51190144102603,-3.1989914044149237,1.0,-0.6418128083969461,0.8056335665335268,6.451084777024824
145.51256061236037,-3.1887743161581183,1.0,-0.6416012508594606,0.8054629083858772,6.1190332383919355
145.5132195081253,-3.17855720078771,1.0,-0.6413910339148761,0.8052939442883412,5.7890938994023795
145.51387813190186,-3.1683400586606214,1.0,-0.6411821534238755,0.805126668865712,5.461262708895255
145.51453648727087,-3.1581228901337672,1.0,-0.6409746052470846,0.8049610767428281,5.135535615709617
145.51519457781302,-3.1479056955642317,1.0,-0.6407683852450737,0.8047971625445746,4.81190856868465
145.5158524071088,-3.1376884753088654,1.0,-0.6405634892783578,0.8046349208958808,4.490377516659406
145.5165099787384,-3.1274712297247453,0.9999999999999999,-0.6403599132073969,0.8044743464217237,4.170938408472992
145.517167296282,-3.117253959168768,1.0,-0.6401576528925963,0.8043154337471231,3.853587192964491
145.51782436331945,-3.107036663997831,0.9999999999999999,-0.6399567041943062,0.804158177497146,3.538319818973039
145.51848118343045,-3.0968193445689955,0.9999999999999999,-0.6397570629728226,0.8040025722969029,3.2251322353377203
145.51913776019458,-3.0866020012390942,1.0,-0.6395587250883875,0.8038486127715498,2.9140203908976754
145.51979409719118,-3.0763846343651795,1.0,-0.6393616864011883,0.8036962935462878,2.6049802344919324
145.52045019799937,-3.066167244304075,0.9999999999999999,-0.6391659427713585,0.8035456092463618,2.29800771495967
145.52110606619817,-3.055949831412824,1.0,-0.6389714900589777,0.8033965544970605,1.9930987811399519
145.52176170536637,-3.0457323960483014,1.0000000000000002,-0.6387783241240725,0.8032491239237176,1.6902493818718929
145.5224171190826,-3.035514938567376,0.9999999999999998,-0.6385864408266161,0.8031033121517113,1.389455465994607
145.52307231092533,-3.025297459327078,0.9999999999999999,-0.6383958360265276,0.802959113806462,1.0907129823471418
145.52372728447278,-3.0150799586842156,0.9999999999999999,-0.6382065055836735,0.8028165235134351,0.794017879768677
145.5243820433031,-3.004862436995811,1.0000000000000002,-0.6380184453578683,0.8026755358981386,0.4993661070982569
145.52503659099415,-2.99464489461872,1.0,-0.637831651208873,0.8025361455861252,0.20675361317499638
145.52569093112376,-2.984427331909794,1.0,-0.6376461189963961,0.802398347202989,-0.08382365316198262
145.52634506726943,-2.974209749226045,1.0,-0.6374618445800941,0.8022621353743686,-0.3723697430736133
145.5269990030086,-2.9639921469242614,0.9999999999999998,-0.6372788238195712,0.8021275047259453,-0.6588887077207389
145.52765274191844,-2.9537745253614496,1.0,-0.6370970525743795,0.8019944498834419,-0.9433845982643123
145.52830628757616,-2.943556884894446,0.9999999999999999,-0.6369165267040193,0.8018629654726253,-1.2258614658651954
145.52895964355852,-2.933339225880082,0.9999999999999999,-0.6367372420679396,0.8017330461193042,-1.5063233616843
145.5296128134423,-2.9231215486753555,1.0,-0.6365591945255377,0.8016046864493296,-1.7847743368824969
145.5302658008041,-2.9129038536370366,0.9999999999999999,-0.6363823799361592,0.8014778810885952,-2.061218442620707
145.53091860922024,-2.9026861411221154,1.0,-0.6362067941590994,0.8013526246630354,-2.3356597300598527
145.53157124226703,-2.8924684114874117,1.0,-0.6360324330536018,0.801228911798628,-2.608102250360744
145.53222370352054,-2.8822506650897384,0.9999999999999999,-0.6358592924788595,0.8011067371213919,-2.878550054684411
145.53287599655667,-2.8720329022860778,0.9999999999999999,-0.6356873682940146,0.8009860952573873,-3.147007194191656
145.53352812495115,-2.8618151234331837,1.0,-0.6355166563581589,0.800866980832716,-3.4134777200433994
145.53418009227966,-2.851597328888029,1.0,-0.6353471525303338,0.800749388473522,-3.6779656834005334
145.53483190211753,-2.8413795190074196,1.0,-0.6351788526695306,0.8006333128059888,-3.9404751354239855
145.53548355804017,-2.831161694148152,1.0,-0.6350117526346902,0.8005187484563422,-4.201010127274617
145.5361350636226,-2.820943854667193,1.0,-0.6348458482847039,0.8004056900508486,-4.459574710113342
145.53678642243983,-2.810726000921281,1.0,-0.6346811354784131,0.8002941322158155,-4.716172935101043
145.53743763806673,-2.800508133267374,1.0,-0.6345176100746093,0.8001840695775904,-4.970808853398603
145.5380887140779,-2.7902902520622606,1.0,-0.634355267932035,0.8000754967625616,-5.223486516166978
145.53873965404796,-2.780072357662726,1.0,-0.634194104909383,0.7999684083971578,-5.474209974567011
145.53939046155116,-2.7698544504257203,1.0,-0.6340341168652968,0.799862799107848,-5.722983279759608
145.5400411401618,-2.759636530707965,1.0,-0.6338752996583719,0.7997586635211411,-5.9698104829057135
145.540691693454,-2.74941859886641,0.9999999999999999,-0.6337176491471529,0.7996559962635869,-6.2146956351661755
145.54134212500153,-2.7392006552578243,1.0,-0.6335611611901382,0.7995547919617736,-6.457642787701914
145.54199243837837,-2.7289827002389817,0.9999999999999999,-0.6334058316457745,0.7994550452423306,-6.6986559916737995
145.54264263715802,-2.718764734166817,1.0,-0.6332516563724626,0.7993567507319256,-6.937739298242774
145.54329272491404,-2.7085467573980417,0.9999999999999999,-0.6330986312285541,0.7992599030572669,-7.174896758569683
145.5439427052198,-2.698328770289586,1.0,-0.6329467520723512,0.799164496845102,-7.4101324238154715
145.54459258164843,-2.6881107731982112,1.0000000000000002,-0.6327960147621101,0.799070526722217,-7.643450345140991
145.54524235777313,-2.6778927664806758,0.9999999999999999,-0.6326464151560371,0.7989779873154386,-7.874854573707164
145.5458920371668,-2.667674750493905,0.9999999999999999,-0.6324979491122913,0.7988868732516301,-8.104349160674905
145.5465416234022,-2.65745672559459,1.0,-0.6323506124889843,0.7987971791576959,-8.331938157205077
145.54719112005205,-2.6472386921396573,1.0000000000000002,-0.632204401144181,0.7987088996605787,-8.557625614458582
145.54784053068883,-2.6370206504858498,0.9999999999999999,-0.632059310935897,0.7986220293872595,-8.78141558359636
145.54848985888498,-2.6268026009899135,1.0000000000000002,-0.6319153377221003,0.7985365629647578,-9.003312115779261
145.54913910821278,-2.616584544008763,1.0,-0.6317724773607137,0.7984524950201322,-9.223319262168209
145.54978828224435,-2.6063664798990813,1.0,-0.6316307257096128,0.7983698201804791,-9.441441073924077
145.55043738455169,-2.5961484090177773,1.0000000000000002,-0.631490078626623,0.7982885330729335,-9.657681602207795
145.5510864187067,-2.5859303317215847,1.0000000000000002,-0.6313505319695262,0.7982086283246682,-9.872044898180224
145.55173538828106,-2.5757122483672394,1.0000000000000002,-0.6312120815960571,0.7981301005628942,-10.084535013002295
145.5523842968465,-2.565494159311645,1.0,-0.6310747233639015,0.7980529444148612,-10.295155997834867
145.55303314797445,-2.5552760649114696,1.0,-0.6309384531307013,0.7979771545078549,-10.503911903838864
145.55368194523626,-2.545057965523614,1.0000000000000002,-0.6308032667540509,0.7979027254692005,-10.71080678217518
