galstreams/tracks/track.st.Kwando.grillmair2017.ecsv
# %ECSV 0.9
# ---
# datatype:
# - {name: ra, unit: deg, datatype: float64}
# - {name: dec, unit: deg, datatype: float64}
# - {name: distance, unit: kpc, datatype: float64}
# - {name: pm_ra_cosdec, unit: mas / yr, datatype: float64}
# - {name: pm_dec, unit: mas / yr, datatype: float64}
# - {name: radial_velocity, unit: km / s, datatype: float64}
# delimiter: ','
# meta: !!omap
# - __serialized_columns__:
#     dec:
#       __class__: astropy.coordinates.angles.Latitude
#       unit: &id001 !astropy.units.Unit {unit: deg}
#       value: !astropy.table.SerializedColumn {name: dec}
#     distance:
#       __class__: astropy.coordinates.distances.Distance
#       unit: !astropy.units.Unit {unit: kpc}
#       value: !astropy.table.SerializedColumn {name: distance}
#     pm_dec:
#       __class__: astropy.units.quantity.Quantity
#       unit: !astropy.units.Unit {unit: mas / yr}
#       value: !astropy.table.SerializedColumn {name: pm_dec}
#     pm_ra_cosdec:
#       __class__: astropy.units.quantity.Quantity
#       unit: !astropy.units.Unit {unit: mas / yr}
#       value: !astropy.table.SerializedColumn {name: pm_ra_cosdec}
#     ra:
#       __class__: astropy.coordinates.angles.Longitude
#       unit: *id001
#       value: !astropy.table.SerializedColumn {name: ra}
#       wrap_angle: !astropy.coordinates.Angle
#         unit: *id001
#         value: 360.0
#     radial_velocity:
#       __class__: astropy.units.quantity.Quantity
#       unit: !astropy.units.Unit {unit: km / s}
#       value: !astropy.table.SerializedColumn {name: radial_velocity}
# schema: astropy-2.0
ra,dec,distance,pm_ra_cosdec,pm_dec,radial_velocity
[from data line 930]
28.69985785509307,-27.18150355071987,19.99999999999998,0.0,0.0,0.0
28.708777132509827,-27.18830074488977,19.999999999999982,0.0,0.0,0.0
28.717692972367967,-27.19510646217427,19.99999999999998,0.0,0.0,0.0
28.72660537422027,-27.201920707301614,19.99999999999998,0.0,0.0,0.0
28.735514337619268,-27.208743485000166,19.99999999999998,0.0,0.0,0.0
28.744419862117244,-27.21557479999846,19.999999999999982,0.0,0.0,0.0
28.753321947266276,-27.222414657025165,19.999999999999982,0.0,0.0,0.0
28.762220592618146,-27.229263060809078,19.99999999999998,0.0,0.0,0.0
28.771115797724427,-27.236120016079116,19.999999999999982,0.0,0.0,0.0
28.78000756213641,-27.242985527564358,19.999999999999986,0.0,0.0,0.0
28.788895885405143,-27.24985959999401,19.99999999999998,0.0,0.0,0.0
28.7977807670814,-27.2567422380974,19.999999999999982,0.0,0.0,0.0
28.806662206715682,-27.263633446603997,19.99999999999998,0.0,0.0,0.0
28.815540203858248,-27.270533230243398,19.99999999999998,0.0,0.0,0.0
28.824414758059064,-27.277441593745355,19.999999999999982,0.0,0.0,0.0
28.833285868867815,-27.284358541839712,19.99999999999998,0.0,0.0,0.0
28.842153535833916,-27.291284079256474,19.999999999999982,0.0,0.0,0.0
28.851017758506494,-27.298218210725775,19.999999999999982,0.0,0.0,0.0
28.859878536434387,-27.305160940977853,19.99999999999998,0.0,0.0,0.0
28.86873586916612,-27.312112274743082,19.999999999999982,0.0,0.0,0.0
28.877589756249957,-27.319072216751994,19.99999999999998,0.0,0.0,0.0
28.886440197233853,-27.326040771735222,19.99999999999998,0.0,0.0,0.0
28.89528719166544,-27.333017944423503,19.999999999999982,0.0,0.0,0.0
28.904130739092047,-27.340003739547758,19.99999999999998,0.0,0.0,0.0
28.9129708390607,-27.346998161838968,19.99999999999998,0.0,0.0,0.0
28.921807491118095,-27.354001216028305,19.99999999999998,0.0,0.0,0.0
28.93064069481064,-27.361012906847,19.999999999999982,0.0,0.0,0.0
28.9394704496844,-27.368033239026467,19.999999999999982,0.0,0.0,0.0
28.948296755285078,-27.375062217298172,19.99999999999998,0.0,0.0,0.0
28.95711961115811,-27.382099846393768,19.99999999999998,0.0,0.0,0.0
28.96593901684854,-27.389146131044996,19.999999999999982,0.0,0.0,0.0
28.974754971901117,-27.396201075983722,19.99999999999998,0.0,0.0,0.0
28.983567475860227,-27.40326468594194,19.999999999999982,0.0,0.0,0.0
28.992376528269894,-27.41033696565175,19.99999999999998,0.0,0.0,0.0
29.00118212867382,-27.41741791984537,19.99999999999998,0.0,0.0,0.0
29.00998427661533,-27.42450755325515,19.99999999999998,0.0,0.0,0.0
29.018782971637396,-27.43160587061355,19.99999999999998,0.0,0.0,0.0
29.02757821328263,-27.438712876653124,19.99999999999998,0.0,0.0,0.0
29.03637000109329,-27.445828576106575,19.99999999999998,0.0,0.0,0.0
29.04515833461124,-27.45295297370671,19.999999999999982,0.0,0.0,0.0
29.053943213377966,-27.460086074186428,19.99999999999998,0.0,0.0,0.0
29.06272463693461,-27.467227882278767,19.99999999999998,0.0,0.0,0.0
29.071502604821884,-27.47437840271687,19.999999999999982,0.0,0.0,0.0
29.08027711658016,-27.481537640234002,19.99999999999998,0.0,0.0,0.0
29.08904817174938,-27.4887055995635,19.999999999999975,0.0,0.0,0.0
29.097815769869108,-27.495882285438846,19.999999999999982,0.0,0.0,0.0
29.10657991047852,-27.503067702593643,19.99999999999998,0.0,0.0,0.0
29.115340593116375,-27.510261855761563,19.999999999999986,0.0,0.0,0.0
29.124097817321015,-27.517464749676424,19.99999999999999,0.0,0.0,0.0
29.132851582630394,-27.524676389072113,19.999999999999986,0.0,0.0,0.0
29.141601888582038,-27.53189677868266,19.99999999999998,0.0,0.0,0.0
29.15034873471305,-27.539125923242175,19.999999999999986,0.0,0.0,0.0
29.15909212056011,-27.5463638274849,19.999999999999986,0.0,0.0,0.0
29.167832045659484,-27.55361049614515,19.999999999999986,0.0,0.0,0.0
29.176568509547,-27.560865933957366,19.999999999999986,0.0,0.0,0.0
29.18530151175804,-27.56813014565608,19.999999999999986,0.0,0.0,0.0
29.194031051827547,-27.575403135975943,19.999999999999986,0.0,0.0,0.0
29.20275712929003,-27.5826849096517,19.999999999999986,0.0,0.0,0.0
29.21147974367955,-27.589975471418175,19.999999999999982,0.0,0.0,0.0
29.220198894529723,-27.597274826010317,19.999999999999986,0.0,0.0,0.0
29.228914581373672,-27.604582978163187,19.999999999999982,0.0,0.0,0.0
29.237626803744085,-27.611899932611898,19.999999999999986,0.0,0.0,0.0
29.2463355611732,-27.61922569409171,19.999999999999986,0.0,0.0,0.0
29.25504085319276,-27.62656026733796,19.999999999999986,0.0,0.0,0.0
29.263742679334044,-27.633903657086083,19.999999999999982,0.0,0.0,0.0
29.272441039127852,-27.641255868071603,19.999999999999982,0.0,0.0,0.0
29.281135932104508,-27.648616905030135,19.999999999999982,0.0,0.0,0.0
29.28982735779384,-27.655986772697425,19.999999999999986,0.0,0.0,0.0
29.298515315725187,-27.663365475809265,19.999999999999986,0.0,0.0,0.0
29.30719980542741,-27.67075301910158,19.999999999999986,0.0,0.0,0.0
29.315880826428856,-27.678149407310354,19.999999999999986,0.0,0.0,0.0
29.32455837825736,-27.685554645171695,19.999999999999982,0.0,0.0,0.0
29.333232460440275,-27.692968737421772,19.999999999999986,0.0,0.0,0.0
29.341903072504422,-27.700391688796866,19.999999999999986,0.0,0.0,0.0
29.3505702139761,-27.707823504033342,19.999999999999982,0.0,0.0,0.0
29.359233884381123,-27.715264187867643,19.999999999999986,0.0,0.0,0.0
29.367894083244753,-27.72271374503632,19.999999999999982,0.0,0.0,0.0
29.37655081009171,-27.73017218027599,19.999999999999982,0.0,0.0,0.0
29.38520406444622,-27.737639498323386,19.999999999999982,0.0,0.0,0.0
29.393853845831938,-27.745115703915282,19.999999999999982,0.0,0.0,0.0
29.402500153771992,-27.75260080178858,19.99999999999998,0.0,0.0,0.0
29.411142987788953,-27.760094796680253,19.999999999999982,0.0,0.0,0.0
29.419782347404862,-27.767597693327343,19.999999999999986,0.0,0.0,0.0
29.428418232141187,-27.775109496467007,19.999999999999982,0.0,0.0,0.0
29.437050641518848,-27.78263021083644,19.999999999999982,0.0,0.0,0.0
29.445679575058186,-27.790159841172965,19.999999999999982,0.0,0.0,0.0
29.454305032278977,-27.79769839221396,19.999999999999982,0.0,0.0,0.0
29.462927012700447,-27.80524586869687,19.999999999999986,0.0,0.0,0.0
29.47154551584122,-27.812802275359275,19.999999999999986,0.0,0.0,0.0
29.480160541219345,-27.82036761693876,19.999999999999982,0.0,0.0,0.0
29.48877208835229,-27.82794189817303,19.999999999999986,0.0,0.0,0.0
29.497380156756925,-27.835525123799883,19.999999999999986,0.0,0.0,0.0
29.505984745949537,-27.843117298557157,19.999999999999982,0.0,0.0,0.0
29.514585855445805,-27.850718427182795,19.99999999999998,0.0,0.0,0.0
29.5231834847608,-27.85832851441478,19.999999999999986,0.0,0.0,0.0
29.531777633408996,-27.8659475649912,19.999999999999986,0.0,0.0,0.0
29.54036830090425,-27.873575583650226,19.999999999999982,0.0,0.0,0.0
29.548955486759795,-27.881212575130057,19.999999999999986,0.0,0.0,0.0
29.557539190488242,-27.88885854416901,19.999999999999982,0.0,0.0,0.0
29.5661194116016,-27.896513495505445,19.999999999999982,0.0,0.0,0.0
29.574696149611206,-27.90417743387781,19.999999999999982,0.0,0.0,0.0
29.5832694040278,-27.91185036402461,19.999999999999986,0.0,0.0,0.0
29.591839174361454,-27.91953229068443,19.999999999999986,0.0,0.0,0.0
29.600405460121635,-27.92722321859592,19.999999999999986,0.0,0.0,0.0
29.608968260817093,-27.93492315249779,19.999999999999982,0.0,0.0,0.0
29.617527575955993,-27.942632097128826,19.999999999999982,0.0,0.0,0.0
29.626083405045804,-27.950350057227887,19.999999999999986,0.0,0.0,0.0
29.634635747593343,-27.958077037533872,19.999999999999986,0.0,0.0,0.0
29.643184603104764,-27.965813042785783,19.999999999999986,0.0,0.0,0.0
29.651729971085523,-27.97355807772265,19.999999999999986,0.0,0.0,0.0
29.660271851040445,-27.981312147083585,19.999999999999986,0.0,0.0,0.0
29.668810242473633,-27.989075255607773,19.99999999999998,0.0,0.0,0.0
29.677345144888516,-27.996847408034423,19.999999999999982,0.0,0.0,0.0
29.685876557787857,-28.004628609102852,19.999999999999986,0.0,0.0,0.0
29.69440448067366,-28.012418863552405,19.999999999999986,0.0,0.0,0.0
29.702928913047305,-28.0202181761225,19.999999999999986,0.0,0.0,0.0
29.711449854409427,-28.028026551552617,19.999999999999982,0.0,0.0,0.0
29.719967304259953,-28.035843994582272,19.99999999999998,0.0,0.0,0.0
29.728481262098093,-28.043670509951067,19.999999999999982,0.0,0.0,0.0
29.736991727422357,-28.051506102398655,19.999999999999982,0.0,0.0,0.0
29.745498699730508,-28.05935077666473,19.999999999999986,0.0,0.0,0.0
29.754002178519595,-28.067204537489058,19.999999999999986,0.0,0.0,0.0
29.762502163285937,-28.075067389611444,19.999999999999982,0.0,0.0,0.0
29.770998653525098,-28.082939337771766,19.999999999999986,0.0,0.0,0.0
29.779491648731927,-28.090820386709936,19.999999999999982,0.0,0.0,0.0
29.787981148400494,-28.09871054116593,19.99999999999998,0.0,0.0,0.0
29.796467152024118,-28.10660980587976,19.999999999999986,0.0,0.0,0.0
29.804949659095403,-28.114518185591525,19.99999999999999,0.0,0.0,0.0
29.81342866910614,-28.12243568504133,19.999999999999982,0.0,0.0,0.0
29.82190418154739,-28.130362308969357,19.999999999999982,0.0,0.0,0.0
29.83037619590942,-28.138298062115837,19.999999999999982,0.0,0.0,0.0
29.83884471168172,-28.14624294922103,19.999999999999986,0.0,0.0,0.0
29.84730972835302,-28.15419697502527,19.999999999999986,0.0,0.0,0.0
29.855771245411237,-28.162160144268896,19.999999999999986,0.0,0.0,0.0
29.86422926234352,-28.17013246169235,19.999999999999982,0.0,0.0,0.0
29.872683778636215,-28.178113932036073,19.999999999999982,0.0,0.0,0.0
29.881134793774848,-28.186104560040555,19.999999999999986,0.0,0.0,0.0
29.889582307244176,-28.194104350446356,19.999999999999986,0.0,0.0,0.0
29.898026318528114,-28.20211330799406,19.999999999999982,0.0,0.0,0.0
29.906466827109757,-28.210131437424284,19.999999999999982,0.0,0.0,0.0
29.914903832471424,-28.2181587434777,19.999999999999982,0.0,0.0,0.0
29.92333733409455,-28.226195230895016,19.999999999999986,0.0,0.0,0.0
29.93176733145979,-28.234240904416993,19.999999999999986,0.0,0.0,0.0
29.940193824046936,-28.24229576878442,19.999999999999986,0.0,0.0,0.0
29.948616811334936,-28.250359828738105,19.999999999999986,0.0,0.0,0.0
29.957036292801913,-28.25843308901892,19.999999999999986,0.0,0.0,0.0
29.965452267925116,-28.26651555436777,19.999999999999986,0.0,0.0,0.0
29.973864736180957,-28.274607229525593,19.999999999999986,0.0,0.0,0.0
29.982273697044974,-28.282708119233348,19.999999999999986,0.0,0.0,0.0
29.990679149991866,-28.29081822823205,19.999999999999986,0.0,0.0,0.0
29.99908109449542,-28.29893756126273,19.999999999999986,0.0,0.0,0.0
30.00747953002857,-28.307066123066477,19.999999999999982,0.0,0.0,0.0
30.015874456063372,-28.31520391838437,19.99999999999999,0.0,0.0,0.0
30.024265872071005,-28.323350951957572,19.999999999999986,0.0,0.0,0.0
30.032653777521727,-28.331507228527222,19.999999999999986,0.0,0.0,0.0
30.041038171884914,-28.33967275283453,19.999999999999986,0.0,0.0,0.0
30.04941905462905,-28.347847529620726,19.999999999999986,0.0,0.0,0.0
30.057796425221706,-28.356031563627056,19.999999999999986,0.0,0.0,0.0
30.066170283129544,-28.3642248595948,19.999999999999986,0.0,0.0,0.0
30.074540627818294,-28.372427422265257,19.99999999999999,0.0,0.0,0.0
30.0829074587528,-28.380639256379776,19.999999999999986,0.0,0.0,0.0
30.091270775396925,-28.388860366679708,19.99999999999999,0.0,0.0,0.0
30.09963057721366,-28.39709075790644,19.999999999999986,0.0,0.0,0.0
30.107986863665012,-28.405330434801364,19.999999999999986,0.0,0.0,0.0
30.116339634212054,-28.41357940210592,19.99999999999999,0.0,0.0,0.0
30.12468888831494,-28.42183766456157,19.999999999999986,0.0,0.0,0.0
30.13303462543283,-28.430105226909767,19.999999999999993,0.0,0.0,0.0
30.14137684502397,-28.43838209389202,19.999999999999986,0.0,0.0,0.0
30.149715546545586,-28.446668270249827,19.999999999999993,0.0,0.0,0.0
30.158050729454,-28.45496376072474,19.999999999999986,0.0,0.0,0.0
30.166382393204508,-28.463268570058297,19.99999999999999,0.0,0.0,0.0
30.174710537251446,-28.471582702992063,19.999999999999986,0.0,0.0,0.0
30.183035161048164,-28.47990616426762,19.999999999999982,0.0,0.0,0.0
30.191356264047027,-28.488238958626585,19.99999999999999,0.0,0.0,0.0
30.199673845699404,-28.496581090810565,19.999999999999986,0.0,0.0,0.0
30.207987905455646,-28.504932565561194,19.99999999999999,0.0,0.0,0.0
30.216298442765122,-28.513293387620106,19.999999999999986,0.0,0.0,0.0
30.22460545707617,-28.521663561728964,19.99999999999999,0.0,0.0,0.0
30.232908947836126,-28.530043092629437,19.999999999999993,0.0,0.0,0.0
30.241208914491303,-28.538431985063205,19.999999999999993,0.0,0.0,0.0
30.249505356486967,-28.546830243771957,19.99999999999999,0.0,0.0,0.0
30.25779827326737,-28.555237873497397,19.99999999999999,0.0,0.0,0.0
30.266087664275727,-28.563654878981236,19.999999999999986,0.0,0.0,0.0
30.274373528954197,-28.57208126496518,19.99999999999999,0.0,0.0,0.0
30.282655866743887,-28.580517036190976,19.999999999999993,0.0,0.0,0.0
30.290934677084866,-28.588962197400328,19.999999999999986,0.0,0.0,0.0
30.29920995941614,-28.59741675333499,19.999999999999986,0.0,0.0,0.0
30.307481713175623,-28.6058807087367,19.999999999999986,0.0,0.0,0.0
30.315749937800188,-28.614354068347208,19.99999999999999,0.0,0.0,0.0
30.32401463272562,-28.622836836908267,19.99999999999999,0.0,0.0,0.0
30.33227579738664,-28.631329019161623,19.999999999999986,0.0,0.0,0.0
30.340533431216826,-28.639830619849015,19.999999999999986,0.0,0.0,0.0
30.348787533648725,-28.648341643712236,19.99999999999999,0.0,0.0,0.0
30.35703810411376,-28.656862095493015,19.99999999999999,0.0,0.0,0.0
30.365285142042243,-28.66539197993312,19.99999999999999,0.0,0.0,0.0
30.373528646863388,-28.673931301774306,19.999999999999986,0.0,0.0,0.0
30.381768618005278,-28.682480065758313,19.99999999999999,0.0,0.0,0.0
30.390005054894885,-28.6910382766269,19.99999999999999,0.0,0.0,0.0
30.398237956958067,-28.699605939121813,19.999999999999986,0.0,0.0,0.0
30.406467323619516,-28.708183057984787,19.999999999999986,0.0,0.0,0.0
30.414693154302828,-28.716769637957565,19.999999999999986,0.0,0.0,0.0
30.422915448430416,-28.725365683781877,19.999999999999993,0.0,0.0,0.0
30.431134205423557,-28.733971200199445,19.999999999999986,0.0,0.0,0.0
30.439349424702385,-28.742586191951993,19.99999999999999,0.0,0.0,0.0
30.447561105685864,-28.751210663781215,19.99999999999999,0.0,0.0,0.0
30.45576924779179,-28.759844620428815,19.99999999999999,0.0,0.0,0.0
30.463973850436783,-28.768488066636486,19.999999999999986,0.0,0.0,0.0
30.472174913036294,-28.777141007145907,19.999999999999986,0.0,0.0,0.0
30.48037243500458,-28.785803446698726,19.999999999999986,0.0,0.0,0.0
30.488566415754732,-28.794475390036624,19.999999999999986,0.0,0.0,0.0
30.4967568546986,-28.80315684190122,19.999999999999993,0.0,0.0,0.0
30.50494375124687,-28.81184780703416,19.99999999999999,0.0,0.0,0.0
30.51312710480903,-28.820548290177033,19.999999999999986,0.0,0.0,0.0
30.521306914793314,-28.829258296071462,19.999999999999986,0.0,0.0,0.0
30.529483180606782,-28.83797782945901,19.999999999999993,0.0,0.0,0.0
30.53765590165522,-28.846706895081237,19.999999999999986,0.0,0.0,0.0
30.545825077343242,-28.855445497679696,19.999999999999993,0.0,0.0,0.0
30.553990707074163,-28.86419364199591,19.999999999999993,0.0,0.0,0.0
30.562152790250114,-28.872951332771393,19.99999999999999,0.0,0.0,0.0
30.570311326271945,-28.88171857474762,19.999999999999993,0.0,0.0,0.0
30.578466314539252,-28.890495372666056,19.999999999999993,0.0,0.0,0.0
30.586617754450394,-28.899281731268168,19.999999999999993,0.0,0.0,0.0
30.59476564540243,-28.908077655295347,19.999999999999993,0.0,0.0,0.0
30.602909986791172,-28.916883149489,19.999999999999993,0.0,0.0,0.0
30.611050778011162,-28.925698218590497,19.999999999999993,0.0,0.0,0.0
30.619188018455638,-28.934522867341194,19.999999999999993,0.0,0.0,0.0
30.627321707516547,-28.943357100482416,19.999999999999993,0.0,0.0,0.0
30.635451844584566,-28.952200922755434,19.999999999999993,0.0,0.0,0.0
30.643578429049036,-28.96105433890153,19.999999999999993,0.0,0.0,0.0
30.651701460298014,-28.969917353661945,19.99999999999999,0.0,0.0,0.0
30.659820937718244,-28.97878997177788,19.99999999999999,0.0,0.0,0.0
