galstreams/tracks/track.st.Sylgr.ibata2021.ecsv
# %ECSV 1.0
# ---
# datatype:
# - {name: ra, unit: deg, datatype: float64}
# - {name: dec, unit: deg, datatype: float64}
# - {name: distance, unit: kpc, datatype: float64}
# - {name: pm_ra_cosdec, unit: mas / yr, datatype: float64}
# - {name: pm_dec, unit: mas / yr, datatype: float64}
# - {name: radial_velocity, unit: km / s, datatype: float64}
# delimiter: ','
# meta: !!omap
# - __serialized_columns__:
#     dec:
#       __class__: astropy.coordinates.angles.Latitude
#       unit: &id001 !astropy.units.Unit {unit: deg}
#       value: !astropy.table.SerializedColumn {name: dec}
#     distance:
#       __class__: astropy.coordinates.distances.Distance
#       unit: !astropy.units.Unit {unit: kpc}
#       value: !astropy.table.SerializedColumn {name: distance}
#     pm_dec:
#       __class__: astropy.units.quantity.Quantity
#       unit: !astropy.units.Unit {unit: mas / yr}
#       value: !astropy.table.SerializedColumn {name: pm_dec}
#     pm_ra_cosdec:
#       __class__: astropy.units.quantity.Quantity
#       unit: !astropy.units.Unit {unit: mas / yr}
#       value: !astropy.table.SerializedColumn {name: pm_ra_cosdec}
#     ra:
#       __class__: astropy.coordinates.angles.Longitude
#       unit: *id001
#       value: !astropy.table.SerializedColumn {name: ra}
#       wrap_angle: !astropy.coordinates.Angle
#         unit: *id001
#         value: 360.0
#     radial_velocity:
#       __class__: astropy.units.quantity.Quantity
#       unit: !astropy.units.Unit {unit: km / s}
#       value: !astropy.table.SerializedColumn {name: radial_velocity}
# schema: astropy-2.0
ra,dec,distance,pm_ra_cosdec,pm_dec,radial_velocity
[from data line 558]
169.74275664746023,-7.6579455170032755,2.8341925022990098,-20.671489759673534,-19.939379282178994,-22.21092130202319
169.75105598630526,-7.651694360983242,2.8348018220212596,-20.66459929564732,-19.93262551906466,-21.728390899822127
169.7593565127806,-7.64544601680125,2.8354109223927493,-20.65771146815565,-19.925872814659265,-21.248059418510195
169.7676582266662,-7.639200483516003,2.8360198051044723,-20.650826274361584,-19.91912116784366,-20.769923926411533
169.77596112774205,-7.632957760186278,2.8366284718474235,-20.64394371142799,-19.912370577498734,-20.293981491850154
169.78426521578788,-7.626717845870946,2.8372369243125983,-20.637063776517518,-19.905621042505384,-19.82022918315015
169.79257049058364,-7.620480739628904,2.837845164190989,-20.630186466792615,-19.89887256174462,-19.348664068635756
169.800876951909,-7.614246440519199,2.838453193173592,-20.623311779415495,-19.892125134097455,-18.87928321663086
169.8091845995436,-7.608014947600945,2.839061012951401,-20.616439711548196,-19.885378758444954,-18.412083695459813
169.81749343326706,-7.601786259933363,2.8396686252154106,-20.609570260352555,-19.87863343366824,-17.94706257344662
169.82580345285893,-7.595560376575689,2.840276031656616,-20.60270342299014,-19.871889158648475,-17.484216918915205
169.83411465809868,-7.589337296587315,2.840883233966009,-20.595839196622396,-19.86514593226687,-17.023543800189756
169.8424270487657,-7.583117019027696,2.8414902338345875,-20.58897757841047,-19.858403753404676,-16.565040285594588
169.85074062463923,-7.576899542956399,2.842097032953344,-20.582118565515383,-19.8516626209432,-16.108703443453564
169.85905538549864,-7.570684867432997,2.8427036330132727,-20.57526215509791,-19.84492253376378,-15.654530342090686
169.86737133112314,-7.5644729915172295,2.8433100357053687,-20.56840834431862,-19.838183490747817,-15.20251804983041
169.87568846129176,-7.558263914268893,2.843916242720627,-20.561557130337867,-19.83144549077673,-14.752663634996518
169.88400677578358,-7.552057634747897,2.844522255750041,-20.554708510315834,-19.824708532732004,-14.304964165913233
169.89232627437767,-7.5458541520141615,2.8451280764846065,-20.54786248141245,-19.817972615495158,-13.859416710904716
169.90064695685285,-7.539653465127771,2.8457337066153165,-20.541019040787486,-19.811237737947774,-13.41601833829487
169.90896882298804,-7.5334555731488635,2.846339147833166,-20.534178185600478,-19.804503898971454,-12.974766116407997
169.91729187256195,-7.527260475137693,2.8469444018291497,-20.52733991301077,-19.797771097447843,-12.535657113568053
169.92561610535336,-7.5210681701545266,2.8475494702942616,-20.520504220177482,-19.791039332258656,-12.098688398099222
169.9339415211409,-7.5148786572597865,2.848154354919496,-20.513671104259558,-19.784308602285613,-11.663857038325563
169.94226811970307,-7.508691935513987,2.848759057395849,-20.50684056241571,-19.77757890641051,-11.231160102571176
169.9505959008185,-7.502508003977648,2.8493635794143133,-20.50001259180446,-19.77085024351517,-10.800594659160124
169.95892486426555,-7.496326861711461,2.849967922665883,-20.493187189584127,-19.764122612481458,-10.372157776416685
169.9672550098226,-7.490148507776166,2.850572088841554,-20.48636435291284,-19.757396012191286,-9.94584652266465
169.97558633726783,-7.483972941232617,2.851176079632321,-20.479544078948486,-19.750670441526587,-9.521657966228297
169.98391884637965,-7.477800161141689,2.851779896729177,-20.47272636484877,-19.74394589936938,-9.099589175431749
169.99225253693612,-7.47163016656441,2.8523835418231167,-20.465911207771228,-19.737222384601683,-8.679637218599026
170.00058740871532,-7.465462956561866,2.8529870166051348,-20.45909860487313,-19.73049989610557,-8.261799164054361
170.0089234614952,-7.459298530195262,2.853590322766227,-20.452288553311575,-19.72377843276315,-7.8460720801215915
170.01726069505378,-7.453136886525821,2.8541934619973857,-20.445481050243483,-19.71705799345659,-7.432453035125108
170.02559910916892,-7.446978024614909,2.854796435989607,-20.438676092825524,-19.710338577068075,-7.020939097388797
170.03393870361836,-7.440821943523967,2.8553992464338847,-20.431873678214206,-19.703620182479842,-6.611527335236833
170.0422794781798,-7.434668642314544,2.8560018950212114,-20.42507380356584,-19.69690280857418,-6.20421481699321
170.05062143263103,-7.428518120048198,2.856604383442585,-20.418276466036463,-19.69018645423337,-5.798998610982297
170.0589645667495,-7.422370375786652,2.857206713388998,-20.41148166278202,-19.683471118339803,-5.395875785527883
170.06730888031277,-7.416225408591692,2.857808886551446,-20.404689390958158,-19.67675679977583,-4.994843408954331
170.07565437309822,-7.410083217525214,2.858410904620922,-20.3978996477204,-19.670043497423915,-4.595898549585602
170.08400104488325,-7.403943801649123,2.8590127692884213,-20.391112430224016,-19.66333121016651,-4.199038275745665
170.09234889544516,-7.397807160025492,2.8596144822449374,-20.384327735624105,-19.656619936886138,-3.8042596557588815
170.1006979245611,-7.39167329171645,2.860216045181466,-20.377545561075554,-19.649909676465327,-3.41155975794912
170.1090481320082,-7.385542195784239,2.8608174597890015,-20.370765903733048,-19.643200427786663,-3.0209356506407166
170.11739951756363,-7.379413871291115,2.861418727758537,-20.363988760751084,-19.636492189732778,-2.6323844021574008
170.12575208100432,-7.373288317299497,2.862019850781068,-20.35721412928396,-19.629784961186328,-2.245903080823731
170.1341058221072,-7.367165532871861,2.8626208305475895,-20.35044200648576,-19.623078741029992,-1.8614887549635177
170.14246074064897,-7.361045517070801,2.863221668749095,-20.34367238951039,-19.616373528146514,-1.4791384929007678
170.15081683640665,-7.3549282689589175,2.863822367076579,-20.33690527551154,-19.60966932141866,-1.0988493629598761
170.1591741091568,-7.348813787598977,2.8644229272210358,-20.330140661642698,-19.602966119729246,-0.720618433464783
170.167532558676,-7.342702072053807,2.8650233508734613,-20.3233785450572,-19.596263921961096,-0.34444277273942436
170.1758921847408,-7.336593121386345,2.8656236397248476,-20.316618922908113,-19.589562726997094,0.029680550891737795
170.1842529871278,-7.330486934659544,2.8662237954661918,-20.309861792348364,-19.582862533720157,0.4017544691048602
170.19261496561325,-7.32438351093652,2.866823819788486,-20.303107150530668,-19.576163341013224,0.7717819135758595
170.2009781199735,-7.318282849280445,2.867423714382726,-20.296354994607533,-19.569465147759285,1.1397658159805681
170.20934244998483,-7.3121849487546084,2.868023480939906,-20.289605321731262,-19.56276795284136,1.5057091079947431
170.2177079554234,-7.306089808422312,2.868623121151021,-20.282858129054,-19.5560717551425,1.8696147212946002
170.22607463606528,-7.299997427347022,2.869222636707063,-20.27611341372766,-19.549376553545795,2.231485587555824
170.2344424916865,-7.293907804592256,2.8698220292990304,-20.26937117290398,-19.542682346934363,2.591324638454328
170.24281152206294,-7.287820939221656,2.870421300617915,-20.26263140373448,-19.535989134191354,2.9491348056661075
170.25118172697054,-7.281736830298876,2.8710204523547107,-20.255894103370515,-19.529296914199985,3.304919020867022
170.25955310618505,-7.2756554768877235,2.871619486200413,-20.249159268963222,-19.52260568584346,3.658680215732873
170.26792565948213,-7.2695768780520975,2.8722184038460177,-20.242426897663538,-19.515915448005025,4.010421321939755
170.27629938663753,-7.2635010328559195,2.872817206982517,-20.23569698662226,-19.509226199568005,4.360145271163438
170.28467428742672,-7.257427940363255,2.8734158973009065,-20.228969532989893,-19.502537939415703,4.707854995079841
170.2930503616252,-7.2513575996382444,2.87401447649218,-20.222244533916836,-19.49585066643147,5.053553425364899
170.30142760900827,-7.245290009745141,2.8746129462473338,-20.21552198655326,-19.489164379498696,5.397243493694562
170.30980602935142,-7.239225169748209,2.8752113082573594,-20.208801888049138,-19.48247907750083,5.738928131744566
170.31818562242978,-7.2331630787118675,2.8758095642132546,-20.202084235554253,-19.475794759321303,6.078610271190967
170.32656638801856,-7.227103735700616,2.8764077158060104,-20.195369026218216,-19.4691114238436,6.416292843709609
170.33494832589275,-7.221047139779042,2.8770057647266234,-20.188656257190413,-19.462429069951252,6.751978780976456
170.3433314358275,-7.2149932900117735,2.8776037126660885,-20.181945925620045,-19.45574769652779,7.085671014667358
170.35171571759767,-7.20894218546358,2.878201561315398,-20.175238028656143,-19.449067302456825,7.417372476458175
170.3601011709781,-7.202893825199302,2.878799312365548,-20.168532563447513,-19.442387886621944,7.747086098024889
170.36848779574353,-7.196848208283891,2.8793969675075326,-20.161829527142814,-19.435709447906802,8.074814811043293
170.37687559166875,-7.190805333782316,2.8799945284323463,-20.155128916890458,-19.42903198519507,8.400561547189469
170.38526455852832,-7.1847652007597045,2.880591996830984,-20.148430729838694,-19.422355497370447,8.724329238139102
170.39365469609675,-7.1787278082812485,2.8811893743944386,-20.141734963135594,-19.415679983316682,9.046120815568251
170.40204600414845,-7.17269315541225,2.8817866628137057,-20.135041613929022,-19.409005441917525,9.365939211152813
170.4104384824579,-7.166661241218031,2.88238386377978,-20.128350679366648,-19.40233187205678,9.683787356568716
170.41883213079933,-7.160632064764067,2.882980978983656,-20.121662156595956,-19.395659272618268,9.999668183491744
170.42722694894698,-7.154605625115907,2.8835780101163273,-20.11497604276423,-19.388987642485844,10.313584623597828
170.43562293667495,-7.148581921339206,2.884174958868788,-20.108292335018593,-19.382316980543408,10.625539608562853
170.44402009375733,-7.14256095249963,2.884771826932035,-20.101611030505957,-19.375647285674845,10.935536070062845
170.45241841996807,-7.136542717663018,2.88536861599706,-20.094932126373045,-19.368978556764116,11.24357693977362
170.46081791508107,-7.130527215895265,2.8859653277548585,-20.08825561976639,-19.36231079269519,11.549665149371101
170.46921857887006,-7.1245144462623795,2.886561963896425,-20.08158150783234,-19.355643992352057,11.853803630531175
170.4776204111089,-7.118504407830382,2.887158526112754,-20.074909787717043,-19.348978154618752,12.155995314929726
170.48602341157115,-7.112497099665465,2.8877550160948404,-20.06824045656648,-19.34231327837933,12.456243134242628
170.49442758003042,-7.106492520833873,2.8883514355336777,-20.061573511526422,-19.33564936251787,12.75455002014596
170.50283291626008,-7.100490670401972,2.8889477861202613,-20.05490894974248,-19.328986405918485,13.05091890431547
170.51123942003372,-7.094491547436137,2.8895440695455843,-20.04824676836003,-19.322324407465324,13.34535271842694
170.5196470911245,-7.08849515100291,2.8901402875006426,-20.04158696452431,-19.315663366042543,13.63785439415668
170.52805592930576,-7.082501480168889,2.8907364416764305,-20.03492953538035,-19.309003280534334,13.928426863180075
170.53646593435053,-7.0765105340007946,2.891332533763942,-20.028274478072976,-19.30234414982492,14.21707305717351
170.544877106032,-7.07052231156536,2.8919285654541707,-20.021621789746874,-19.295685972798562,14.503795907812556
170.55328944412312,-7.064536811929475,2.892524538438112,-20.014971467546466,-19.289028748339515,14.788598346773341
170.56170294839677,-7.05855403416012,2.8931204544067617,-20.008323508616055,-19.28237247533208,15.071483305731443
170.5701176186258,-7.052573977324294,2.893716315051112,-20.001677910099747,-19.275717152660597,15.352453716363174
170.57853345458295,-7.046596640489158,2.8943121220621584,-19.995034669141432,-19.269062779209406,15.631512510344177
170.5869504560409,-7.040622022721932,2.8949078771308954,-19.98839378288485,-19.262409353862896,15.908662619350311
170.59536862277213,-7.034650123089957,2.895503581948317,-19.981755248473522,-19.255756875505462,16.183906975057727
170.60378795454923,-7.028680940660581,2.8960992382054163,-19.975119063050812,-19.24910534302155,16.45724850914206
170.61220845114454,-7.022714474501319,2.8966948475931913,-19.96848522375988,-19.24245475529559,16.728690153279555
170.62063011233042,-7.016750723679747,2.8972904118026332,-19.961853727743705,-19.23580511121208,16.998234839145685
170.62905293787904,-7.01078968726356,2.897885932524739,-19.95522457214509,-19.229156409655527,17.265885498416683
170.63747692756263,-7.004831364320462,2.8984814114505015,-19.94859775410663,-19.222508649510438,17.531645062768266
170.64590208115325,-6.998875753918324,2.899076850270916,-19.941973270770774,-19.21586182966139,17.79551646387638
170.65432839842285,-6.992922855125079,2.899672250676976,-19.935351119279744,-19.20921594899295,18.057502633416966
170.66275587914328,-6.986972667008775,2.900267614359677,-19.92873129677562,-19.202571006389732,18.317606503065974
170.67118452308645,-6.981025188637476,2.900862943010011,-19.922113800400265,-19.195927000736358,18.575831004499207
170.67961433002407,-6.9750804190794025,2.9014582383189755,-19.91549862729538,-19.18928393091748,18.83217906939258
170.68804529972772,-6.969138357402844,2.902053501977565,-19.90888577460245,-19.18264179581776,19.086653629422166
170.69647743196896,-6.963199002676211,2.902648735676771,-19.90227523946283,-19.176000594321913,19.339257616263644
170.70491072651933,-6.957262353967909,2.9032439411075917,-19.895667019017633,-19.16936032531464,19.589993961592853
170.71334518315018,-6.951328410346534,2.9038391199610167,-19.889061110407848,-19.162720987680718,19.83886559708597
170.7217808016328,-6.945397170880721,2.904434273928046,-19.882457510774245,-19.156082580304876,20.085875454418836
170.73021758173837,-6.9394686346392325,2.9050294046996696,-19.8758562172574,-19.149445102071937,20.331026465267115
170.73865552323807,-6.933542800690843,2.9056245139668855,-19.86925722699774,-19.142808551866683,20.574321561307055
170.74709462590295,-6.927619668104493,2.906219603420685,-19.862660537135497,-19.136172928573977,20.815763674214217
170.7555348895039,-6.921699235949183,2.9068146747520647,-19.856066144810722,-19.129538231078666,21.05535573566487
170.7639763138118,-6.915781503294027,2.9074097296520187,-19.849474047163266,-19.122904458265616,21.293100677334508
170.7724188985975,-6.909866469208162,2.9080047698115394,-19.842884241332836,-19.11627160901975,21.529001430899307
170.78086264363162,-6.903954132760877,2.9085997969216244,-19.836296724458933,-19.10963968222598,21.763060928035102
170.78930754868475,-6.898044493021535,2.9091948126732676,-19.829711493680886,-19.10300867676925,21.995282100417896
170.79775361352742,-6.892137549059612,2.90978981875746,-19.823128546137834,-19.096378591534528,22.22566787972339
170.8062008379301,-6.88623329994459,2.9103848168652,-19.816547878968745,-19.089749425406804,22.454221197627696
170.81464922166313,-6.880331744746129,2.9109798086874803,-19.809969489312394,-19.08312117727109,22.680944985806516
170.82309876449673,-6.874432882533942,2.9115747959152958,-19.803393374307397,-19.076493846012397,22.905842175935845
170.83154946620104,-6.868536712377859,2.912169780239642,-19.79681953109218,-19.069867430515792,23.128915699691664
170.8400013265462,-6.86264323334773,2.912764763351511,-19.790247956804976,-19.06324192966634,23.35016848874976
170.84845434530217,-6.856752444513566,2.913359746941898,-19.783678648583873,-19.056617342349146,23.569603474786064
170.8569085222388,-6.850864344945464,2.9139547327017987,-19.77711160356673,-19.049993667449293,23.78722358947645
170.865363857126,-6.844978933713539,2.9145497223222065,-19.770546818891276,-19.04337090385193,24.003031764496967
170.87382034973342,-6.839096209888072,2.915144717494117,-19.76398429169504,-19.03674905044221,24.217030931523365
170.88227799983076,-6.833216172539409,2.915739719908523,-19.75742401911536,-19.030128106105302,24.429224022231598
170.8907368071874,-6.827338820738004,2.9163347312564194,-19.75086599828942,-19.023508069726393,24.639613968297567
