galstreams/tracks/track.st.Fimbulthul.ibata2021.ecsv
# %ECSV 0.9
# ---
# datatype:
# - {name: ra, unit: deg, datatype: float64}
# - {name: dec, unit: deg, datatype: float64}
# - {name: distance, unit: kpc, datatype: float64}
# - {name: pm_ra_cosdec, unit: mas / yr, datatype: float64}
# - {name: pm_dec, unit: mas / yr, datatype: float64}
# - {name: radial_velocity, unit: km / s, datatype: float64}
# delimiter: ','
# meta: !!omap
# - __serialized_columns__:
#     dec:
#       __class__: astropy.coordinates.angles.Latitude
#       unit: &id001 !astropy.units.Unit {unit: deg}
#       value: !astropy.table.SerializedColumn {name: dec}
#     distance:
#       __class__: astropy.coordinates.distances.Distance
#       unit: !astropy.units.Unit {unit: kpc}
#       value: !astropy.table.SerializedColumn {name: distance}
#     pm_dec:
#       __class__: astropy.units.quantity.Quantity
#       unit: !astropy.units.Unit {unit: mas / yr}
#       value: !astropy.table.SerializedColumn {name: pm_dec}
#     pm_ra_cosdec:
#       __class__: astropy.units.quantity.Quantity
#       unit: !astropy.units.Unit {unit: mas / yr}
#       value: !astropy.table.SerializedColumn {name: pm_ra_cosdec}
#     ra:
#       __class__: astropy.coordinates.angles.Longitude
#       unit: *id001
#       value: !astropy.table.SerializedColumn {name: ra}
#       wrap_angle: !astropy.coordinates.Angle
#         unit: *id001
#         value: 360.0
#     radial_velocity:
#       __class__: astropy.units.quantity.Quantity
#       unit: !astropy.units.Unit {unit: km / s}
#       value: !astropy.table.SerializedColumn {name: radial_velocity}
# schema: astropy-2.0
ra,dec,distance,pm_ra_cosdec,pm_dec,radial_velocity
188.67470116520522,-39.95539310678148,5.139315331063897,-6.162908194673741,-6.533751356092665,3.368306851948935e-14
188.6834005876262,-39.946857310257336,5.1403752616833005,-6.15956966580811,-6.534506489254315,5.0524602779234026e-14
188.6920968569433,-39.93831909905217,5.141432090986215,-6.156241523234761,-6.535262579265687,1.6841534259744676e-14
188.7007899769682,-39.929778478179635,5.142485820915226,-6.15292376169104,-6.536019627741133,8.420767129872338e-14
188.70947995151326,-39.92123545265231,5.1435364534129215,-6.149616375914594,-6.5367776362902585,3.368306851948935e-14
188.71816678439103,-39.91269002748194,5.144583990421883,-6.146319360643389,-6.537536606517885,6.73661370389787e-14
188.72685047941488,-39.90414220767914,5.1456284338847,-6.143032710615651,-6.538296540024106,3.368306851948935e-14
188.73553104039846,-39.895591998253565,5.146669785743957,-6.1397564205699195,-6.539057438404255,1.6841534259744676e-14
188.74420847115604,-39.8870394042139,5.147708047942241,-6.136490485245028,-6.539819303248934,5.0524602779234026e-14
188.75288277550226,-39.878484430567816,5.148743222422134,-6.133234899380119,-6.540582136144021,1.6841534259744676e-14
188.7615539572523,-39.869927082322,5.149775311126223,-6.129989657714619,-6.541345938670663,8.420767129872338e-14
188.7702220202219,-39.86136736448213,5.150804315997098,-6.126754754988251,-6.5421107124053,6.73661370389787e-14
188.778886968227,-39.852805282052955,5.151830238977341,-6.12353018594106,-6.542876458919652,5.0524602779234026e-14
188.78754880508424,-39.844240840038175,5.152853082009536,-6.120315945313375,-6.543643179780755,5.0524602779234026e-14
188.79620753461072,-39.835674043440534,5.153872847036274,-6.117112027845835,-6.544410876550947,6.73661370389787e-14
188.80486316062388,-39.827104897261755,5.154889536000136,-6.113918428279369,-6.5451795507878785,6.73661370389787e-14
188.81351568694168,-39.818533406502624,5.155903150843709,-6.110735141355226,-6.545949204044527,6.73661370389787e-14
188.8221651173826,-39.80995957616286,5.15691369350958,-6.107562161814944,-6.546719837869197,1.6841534259744676e-14
188.83081145576534,-39.801383411241325,5.1579211659403335,-6.104399484400381,-6.54749145380552,8.420767129872338e-14
188.8394547059093,-39.792804916735776,5.158925570078554,-6.1012471038536855,-6.548264053392495,3.368306851948935e-14
188.84809487163417,-39.784224097643055,5.159926907866831,-6.098105014917327,-6.549037638164452,6.73661370389787e-14
188.85673195676014,-39.77564095895898,5.160925181247748,-6.094973212334063,-6.549812209651095,5.0524602779234026e-14
188.86536596510777,-39.76705550567842,5.161920392163889,-6.091851690846974,-6.550587769377483,5.0524602779234026e-14
188.87399690049816,-39.75846774279522,5.162912542557843,-6.088740445199444,-6.551364318864062,8.420767129872338e-14
188.88262476675268,-39.74987767530232,5.163901634372192,-6.085639470135163,-6.552141859626642,3.368306851948935e-14
188.8912495676932,-39.74128530819163,5.1648876695495245,-6.082548760398139,-6.552920393176436,3.368306851948935e-14
188.899871307142,-39.73269064645405,5.165870650032428,-6.07946831073268,-6.553699921020044,5.0524602779234026e-14
188.90848998892181,-39.72409369507957,5.166850577763482,-6.076398115883413,-6.554480444659484,1.6841534259744676e-14
188.9171056168557,-39.715494459057155,5.167827454685279,-6.073338170595269,-6.555261965592166,3.368306851948935e-14
188.9257181947672,-39.7068929433748,5.168801282740399,-6.070288469613501,-6.556044485310931,1.6841534259744676e-14
188.93432772648026,-39.698289153019516,5.169772063871433,-6.067249007683663,-6.556828005304038,5.0524602779234026e-14
188.94293421581907,-39.68968309297741,5.170739800020963,-6.064219779551635,-6.557612527055184,6.73661370389787e-14
188.95153766660837,-39.68107476823352,5.171704493131576,-6.061200779963603,-6.558398052043502,6.73661370389787e-14
188.9601380826733,-39.67246418377196,5.172666145145858,-6.058192003666071,-6.5591845817435726,3.368306851948935e-14
188.96873546783925,-39.66385134457585,5.173624758006394,-6.055193445405862,-6.559972117625433,3.368306851948935e-14
188.97732982593215,-39.65523625562736,5.1745803336557685,-6.052205099930102,-6.560760661154585,3.368306851948935e-14
188.98592116077816,-39.64661892190767,5.17553287403657,-6.049226961986258,-6.5615502137919925,8.420767129872338e-14
188.99450947620397,-39.63799934839696,5.176482381091383,-6.046259026322085,-6.562340776994102,6.73661370389787e-14
189.0030947760365,-39.629377540074536,5.177428856762794,-6.043301287685677,-6.563132352212832,6.73661370389787e-14
189.01167706410308,-39.62075350191863,5.178372302993386,-6.040353740825448,-6.563924940895609,5.0524602779234026e-14
189.02025634423143,-39.61212723890658,5.179312721725749,-6.037416380490116,-6.564718544485345,8.420767129872338e-14
189.02883262024966,-39.60349875601471,5.180250114902465,-6.034489201428732,-6.565513164420464,5.0524602779234026e-14
189.03740589598613,-39.59486805821837,5.181184484466121,-6.031572198390663,-6.566308802134902,5.0524602779234026e-14
189.04597617526966,-39.58623515049199,5.182115832359302,-6.028665366125602,-6.56710545905811,3.368306851948935e-14
189.05454346192943,-39.57760003780897,5.183044160524594,-6.0257686993835495,-6.567903136615071,5.0524602779234026e-14
189.06310775979478,-39.568962725141844,5.183969470904586,-6.0228821929148495,-6.568701836226293,6.73661370389787e-14
189.0716690726956,-39.560323217462084,5.184891765441859,-6.020005841470154,-6.569501559307842,3.368306851948935e-14
189.08022740446205,-39.55168151974025,5.1858110460789995,-6.0171396398004475,-6.57030230727132,5.0524602779234026e-14
189.0887827589246,-39.5430376369459,5.186727314758596,-6.014283582657032,-6.571104081523888,3.368306851948935e-14
189.09733513991407,-39.53439157404768,5.1876405734232325,-6.011437664791541,-6.5719068834682695,3.368306851948935e-14
189.10588455126165,-39.52574333601321,5.188550824015494,-6.00860188095592,-6.572710714502765,8.420767129872338e-14
189.11443099679872,-39.51709292780923,5.1894580684779665,-6.00577622590247,-6.573515576021238,8.420767129872338e-14
189.12297448035713,-39.50844035440146,5.190362308753238,-6.002960694383786,-6.574321469413155,1.6841534259744676e-14
189.13151500576896,-39.499785620754686,5.19126354678389,-6.000155281152812,-6.575128396063558,5.0524602779234026e-14
189.14005257686665,-39.49112873183271,5.192161784512512,-5.99735998096281,-6.575936357353095,1.0104920555846805e-13
189.14858719748298,-39.48246969259841,5.193057023881688,-5.994574788567369,-6.5767453546580255,1.6841534259744676e-14
189.1571188714509,-39.47380850801367,5.193949266834006,-5.991799698720415,-6.577555389350209,3.368306851948935e-14
189.16564760260388,-39.46514518303944,5.194838515312048,-5.989034706176199,-6.578366462797145,6.73661370389787e-14
189.17417339477544,-39.456479722635734,5.1957247712584005,-5.986279805689315,-6.579178576361938,1.0104920555846805e-13
189.18269625179957,-39.44781213176157,5.196608036615652,-5.98353499201466,-6.579991731403341,6.73661370389787e-14
189.19121617751048,-39.439142415375045,5.197488313326385,-5.98080025990749,-6.580805929275752,6.73661370389787e-14
189.19973317574272,-39.43047057843327,5.198365603333189,-5.978075604123376,-6.581621171329201,8.420767129872338e-14
189.2082472503311,-39.421796625892426,5.1992399085786465,-5.975361019418226,-6.582437458909393,3.368306851948935e-14
189.21675840511074,-39.413120562707704,5.200111231005343,-5.972656500548293,-6.583254793357692,6.73661370389787e-14
189.22526664391694,-39.40444239383344,5.200979572555865,-5.969962042270149,-6.584073176011117,5.0524602779234026e-14
189.2337719705854,-39.39576212422292,5.2018449351728,-5.9672776393407005,-6.584892608202384,1.0104920555846805e-13
189.24227438895204,-39.38707975882851,5.202707320798731,-5.9646032865172,-6.585713091259886,6.73661370389787e-14
189.25077390285304,-39.37839530260163,5.203566731376246,-5.961938978557221,-6.586534626507704,3.368306851948935e-14
189.25927051612484,-39.36970876049277,5.204423168847929,-5.959284710218689,-6.587357215265624,8.420767129872338e-14
189.2677642326042,-39.36102013745143,5.205276635156365,-5.956640476259848,-6.588180858849133,1.6841534259744676e-14
189.27625505612815,-39.35232943842617,5.206127132244144,-5.954006271439294,-6.589005558569433,6.73661370389787e-14
189.2847429905338,-39.34363666836468,5.206974662053846,-5.951382090515954,-6.589831315733441,1.0104920555846805e-13
189.2932280396587,-39.3349418322136,5.207819226528063,-5.948767928249102,-6.590658131643812,6.73661370389787e-14
189.3017102073406,-39.326244934918684,5.208660827609373,-5.946163779398328,-6.591486007598923,8.420767129872338e-14
189.31018949741747,-39.31754598142471,5.209499467240368,-5.943569638723584,-6.592314944892902,5.0524602779234026e-14
189.31866591372756,-39.30884497667554,5.210335147363633,-5.940985500985152,-6.593144944815612,3.368306851948935e-14
189.32713946010932,-39.30014192561407,5.211167869921751,-5.938411360943654,-6.593976008652687,1.0104920555846805e-13
189.33561014040154,-39.29143683318224,5.211997636857311,-5.935847213360052,-6.594808137685515,6.73661370389787e-14
189.34407795844302,-39.28272970432115,5.212824450112894,-5.933293052995662,-6.595641333191251,6.73661370389787e-14
189.35254291807303,-39.27402054397082,5.213648311631089,-5.930748874612124,-6.596475596442829,6.73661370389787e-14
189.3610050231309,-39.265309357070386,5.214469223354484,-5.92821467297142,-6.5973109287089615,0.0
189.36946427745633,-39.25659614855808,5.215287187225659,-5.92569044283589,-6.598147331254161,1.6841534259744676e-14
189.3779206848891,-39.247880923371156,5.216102205187203,-5.923176178968208,-6.598984805338728,6.73661370389787e-14
189.3863742492693,-39.23916368644593,5.216914279181703,-5.920671876131388,-6.59982335221877,8.420767129872338e-14
189.39482497443728,-39.23044444271775,5.217723411151741,-5.9181775290887915,-6.600662973146214,3.368306851948935e-14
189.4032728642334,-39.221723197121136,5.218529603039906,-5.915693132604132,-6.601503669368783,1.0104920555846805e-13
189.4117179224984,-39.212999954589556,5.219332856788784,-5.91321868144146,-6.602345442130044,3.368306851948935e-14
189.4201601530732,-39.20427472005561,5.220133174340957,-5.91075417036517,-6.603188292669394,3.368306851948935e-14
189.4285995597989,-39.19554749845092,5.220930557639013,-5.908299594140011,-6.604032222222063,3.368306851948935e-14
189.4370361465168,-39.18681829470621,5.22172500862554,-5.905854947531064,-6.604877232019125,3.368306851948935e-14
189.44546991706844,-39.17808711375121,5.22251652924312,-5.903420225303773,-6.6057233232875205,5.0524602779234026e-14
189.4539008752954,-39.16935396051482,5.223305121434341,-5.900995422223925,-6.606570497250034,6.73661370389787e-14
189.46232902503965,-39.16061883992493,5.224090787141787,-5.898580533057652,-6.607418755125319,8.420767129872338e-14
189.47075437014325,-39.1518817569085,5.224873528308044,-5.896175552571431,-6.608268098127912,1.6841534259744676e-14
189.47917691444843,-39.143142716391594,5.225653346875699,-5.893780475532091,-6.609118527468215,1.1789073981821273e-13
189.48759666179762,-39.13440172329931,5.226430244787339,-5.891395296706816,-6.609970044352538,8.420767129872338e-14
189.49601361603354,-39.125658782555824,5.227204223985545,-5.8890200108631285,-6.6108226499830725,5.0524602779234026e-14
189.5044277809988,-39.11691389908445,5.2279752864129065,-5.886654612768917,-6.611676345557901,6.73661370389787e-14
189.51283916053643,-39.10816707780747,5.228743434012007,-5.884299097192406,-6.6125311322710285,8.420767129872338e-14
189.52124775848958,-39.099418323646304,5.229508668725436,-5.881953458902175,-6.613387011312372,8.420767129872338e-14
189.5296535787015,-39.09066764152143,5.230270992495774,-5.879617692667164,-6.614243983867773,8.420767129872338e-14
189.5380566250157,-39.08191503635236,5.231030407265612,-5.877291793256648,-6.615102051118992,3.368306851948935e-14
189.54645690127575,-39.07316051305778,5.231786914977529,-5.874975755440276,-6.615961214243737,8.420767129872338e-14
189.5548544113255,-39.064404076555306,5.232540517574119,-5.872669573988018,-6.616821474415644,6.73661370389787e-14
189.5632491590087,-39.055645731761786,5.233291216997961,-5.870373243670235,-6.6176828328043085,6.73661370389787e-14
189.5716411481696,-39.046885483593066,5.234039015191644,-5.868086759257628,-6.61854529057528,6.73661370389787e-14
189.5800303826523,-39.038123336964034,5.234783914097753,-5.86581011552123,-6.619408848890067,5.0524602779234026e-14
189.58841686630126,-39.02935929678873,5.235525915658872,-5.863543307232461,-6.620273508906155,8.420767129872338e-14
189.59680060296094,-39.02059336798022,5.236265021817592,-5.861286329163072,-6.6211392717769915,3.368306851948935e-14
189.60518159647603,-39.01182555545069,5.237001234516492,-5.859039176085187,-6.622006138652029,6.73661370389787e-14
189.61355985069133,-39.00305586411132,5.237734555698162,-5.856801842771266,-6.622874110676689,1.0104920555846805e-13
189.62193536945168,-38.994284298872515,5.238464987305185,-5.8545743239941554,-6.6237431889924006,6.73661370389787e-14
189.63030815660218,-38.98551086464366,5.23919253128015,-5.852356614527028,-6.624613374736592,1.0104920555846805e-13
189.638678215988,-38.97673556633321,5.23991718956564,-5.850148709143427,-6.625484669042702,8.420767129872338e-14
189.64704555145445,-38.96795840884877,5.2406389641042415,-5.8479506026172565,-6.626357073040196,1.0104920555846805e-13
189.65541016684696,-38.95917939709696,5.241357856838542,-5.845762289722767,-6.627230587854543,6.73661370389787e-14
189.66377206601106,-38.95039853598356,5.242073869711124,-5.843583765234581,-6.628105214607264,6.73661370389787e-14
189.67213125279252,-38.94161583041333,5.242787004664574,-5.841415023927663,-6.628980954415909,6.73661370389787e-14
189.68048773103695,-38.93283128529024,5.243497263641482,-5.839256060577355,-6.629857808394059,6.73661370389787e-14
189.68884150459036,-38.92404490551725,5.244204648584428,-5.837106869959348,-6.63073577765137,5.0524602779234026e-14
189.69719257729864,-38.915256695996455,5.2449091614359995,-5.834967446849694,-6.631614863293532,6.73661370389787e-14
189.70554095300798,-38.906466661629004,5.245610804138782,-5.832837786024811,-6.632495066422322,8.420767129872338e-14
189.71388663556456,-38.89767480731516,5.246309578635364,-5.830717882261455,-6.633376388135564,8.420767129872338e-14
189.72222962881474,-38.88888113795423,5.2470054868683285,-5.828607730336776,-6.634258829527184,3.368306851948935e-14
189.7305699366048,-38.880085658444706,5.2476985307802595,-5.82650732502827,-6.635142391687166,8.420767129872338e-14
189.73890756278135,-38.871288373684095,5.248388712313749,-5.824416661113788,-6.636027075701604,1.1789073981821273e-13
189.7472425111909,-38.86248928856896,5.249076033411376,-5.822335733371552,-6.636912882652688,1.0104920555846805e-13
189.75557478568018,-38.85368840799505,5.24976049601573,-5.820264536580145,-6.637799813618707,3.368306851948935e-14
189.76390439009595,-38.84488573685716,5.250442102069396,-5.818203065518503,-6.638687869674057,6.73661370389787e-14
189.77223132828505,-38.83608128004914,5.251120853514959,-5.816151314965951,-6.639577051889267,5.0524602779234026e-14
189.78055560409445,-38.82727504246398,5.251796752295005,-5.814109279702144,-6.640467361330976,1.1789073981821273e-13
189.78887722137108,-38.81846702899378,5.25246980035212,-5.812076954507126,-6.641358799061952,5.0524602779234026e-14
189.79719618396203,-38.8096572445297,5.253139999628889,-5.810054334161296,-6.642251366141114,8.420767129872338e-14
189.80551249571454,-38.80084569396198,5.2538073520678985,-5.808041413445416,-6.643145063623516,5.0524602779234026e-14
189.8138261604758,-38.79203238218,5.254471859611735,-5.806038187140618,-6.644039892560364,8.420767129872338e-14
189.8221371820931,-38.783217314072196,5.255133524202981,-5.804044650028396,-6.644935853999026,6.73661370389787e-14
189.83044556441382,-38.7744004945261,5.255792347784227,-5.802060796890604,-6.645832948983028,1.0104920555846805e-13
189.83875131128536,-38.765581928428404,5.256448332298055,-5.80008662250948,-6.646731178552066,1.1789073981821273e-13
