galstreams/tracks/track.st.Ophiuchus.caldwell2020.ecsv
# %ECSV 0.9
# ---
# datatype:
# - {name: ra, unit: deg, datatype: float64}
# - {name: dec, unit: deg, datatype: float64}
# - {name: distance, unit: kpc, datatype: float64}
# - {name: pm_ra_cosdec, unit: mas / yr, datatype: float64}
# - {name: pm_dec, unit: mas / yr, datatype: float64}
# - {name: radial_velocity, unit: km / s, datatype: float64}
# delimiter: ','
# meta: !!omap
# - __serialized_columns__:
#     dec:
#       __class__: astropy.coordinates.angles.Latitude
#       unit: &id001 !astropy.units.Unit {unit: deg}
#       value: !astropy.table.SerializedColumn {name: dec}
#     distance:
#       __class__: astropy.coordinates.distances.Distance
#       unit: !astropy.units.Unit {unit: kpc}
#       value: !astropy.table.SerializedColumn {name: distance}
#     pm_dec:
#       __class__: astropy.units.quantity.Quantity
#       unit: !astropy.units.Unit {unit: mas / yr}
#       value: !astropy.table.SerializedColumn {name: pm_dec}
#     pm_ra_cosdec:
#       __class__: astropy.units.quantity.Quantity
#       unit: !astropy.units.Unit {unit: mas / yr}
#       value: !astropy.table.SerializedColumn {name: pm_ra_cosdec}
#     ra:
#       __class__: astropy.coordinates.angles.Longitude
#       unit: *id001
#       value: !astropy.table.SerializedColumn {name: ra}
#       wrap_angle: !astropy.coordinates.Angle
#         unit: *id001
#         value: 360.0
#     radial_velocity:
#       __class__: astropy.units.quantity.Quantity
#       unit: !astropy.units.Unit {unit: km / s}
#       value: !astropy.table.SerializedColumn {name: radial_velocity}
# schema: astropy-2.0
ra,dec,distance,pm_ra_cosdec,pm_dec,radial_velocity
240.96264313743183,-7.1545372209132045,8.333333333333343,-4.200324230295191,-4.003524360295032,1.4736342477276593e-13
240.97370903125693,-7.148086797649709,8.333333333333345,-4.217393781131508,-4.020491610144104,1.221011233831489e-13
240.98476093725787,-7.14173154439126,8.333333333333341,-4.234266820358765,-4.037120834726024,1.1368035625327657e-13
240.995799011434,-7.135470423380656,8.333333333333343,-4.2509463644312495,-4.053416115485279,2.5262301389617013e-14
241.00682340857568,-7.129302404450825,8.333333333333341,-4.267435403951962,-4.0693815052399245,1.1368035625327657e-13
241.01783428227,-7.123226464999333,8.333333333333341,-4.283736903770015,-4.085021028268846,1.515738083377021e-13
241.02883178490544,-7.117241589962877,8.333333333333341,-4.299853803077985,-4.100338680399125,8.420767129872338e-15
241.03981606767738,-7.111346771791854,8.333333333333343,-4.315789015509167,-4.115338429093423,7.999728773378721e-14
241.05078728059357,-7.105541010424865,8.333333333333343,-4.331545429234756,-4.130024213537467,6.73661370389787e-14
241.0617455724791,-7.0998233132632365,8.333333333333341,-4.34712590706095,-4.144399944727568,-8.420767129872338e-15
241.07269109098138,-7.094192695145516,8.333333333333343,-4.362533286525963,-4.158469505558199,-3.789345208442552e-14
241.0836239825757,-7.088648178322028,8.33333333333334,-4.377770379996996,-4.172236750909657,7.578690416885104e-14
241.09454439257033,-7.08318879242937,8.333333333333341,-4.392839974767088,-4.185705507735742,7.578690416885104e-14
241.10545246511128,-7.077813574464905,8.33333333333334,-4.407744833151949,-4.198879575151517,1.0946997268834039e-13
241.11634834318784,-7.072521568761314,8.33333333333334,-4.422487692586668,-4.2117627245211215,2.315710960714893e-13
241.12723216863756,-7.067311826961089,8.333333333333341,-4.437071265722395,-4.224358699545619,4.210383564936169e-14
241.13810408215087,-7.062183407991014,8.333333333333341,-4.451498240522929,-4.236671216350915,8.420767129872338e-14
241.14896422327695,-7.057135378036717,8.333333333333341,-4.465771280361252,-4.248703963575726,8.841805486365955e-14
241.1598127304282,-7.052166810517157,8.33333333333334,-4.479893024115985,-4.2604606024595775,2.947268495455318e-14
241.17064974088518,-7.0472767860591,8.33333333333334,-4.493866086267809,-4.271944766930873,7.999728773378721e-14
241.1814753908021,-7.042464392471671,8.333333333333341,-4.507693056995772,-4.283160063695015,1.1368035625327657e-13
241.19228981521135,-7.037728724720829,8.333333333333341,-4.521376502273598,-4.294110072322541,1.9788802755199994e-13
241.20309314802887,-7.033068884903865,8.33333333333334,-4.534918963965875,-4.304798345337341,1.642049590325106e-13
241.21388552205852,-7.02848398222389,8.33333333333334,-4.548322959924229,-4.315228408304895,1.4736342477276593e-13
241.2246670689976,-7.023973132964366,8.33333333333334,-4.56159098408341,-4.325403759920581,1.4315304120782974e-13
241.23543791944158,-7.019535460463577,8.333333333333341,-4.574725506557339,-4.335327872098003,1.3052189051302125e-13
241.24619820288873,-7.015170095089106,8.333333333333341,-4.587728973735095,-4.3450041900573675,1.1789073981821273e-13
241.25694804774548,-7.010876174212375,8.333333333333341,-4.600603808376835,-4.354436132413912,1.8525687685719145e-13
241.267687581331,-7.006652842183109,8.333333333333341,-4.613352409709673,-4.36362709126637,1.3052189051302125e-13
241.27841692988193,-7.002499250303799,8.33333333333334,-4.6259771535235075,-4.372580432285468,6.315575347404254e-14
241.2891362185576,-6.99841455680425,8.33333333333334,-4.638480392266783,-4.381299494802475,1.3052189051302125e-13
241.29984557144468,-6.994397926816029,8.333333333333337,-4.650864455142215,-4.38978759189779,1.0525958912340423e-13
241.3105451115618,-6.9904485323469405,8.33333333333334,-4.663131648202453,-4.398048010489555,1.1789073981821273e-13
241.3212349608647,-6.986565552255559,8.33333333333334,-4.67528425444571,-4.406084011422324,5.4734986344170195e-14
241.3319152402507,-6.982748172225667,8.333333333333341,-4.687324533911318,-4.413898829555755,1.8104649329225526e-13
241.34258606956402,-6.978995584740772,8.33333333333334,-4.699254723775269,-4.421495673853352,-1.6841534259744676e-14
241.35324756759948,-6.975306989058544,8.33333333333334,-4.711077038445672,-4.4288777274712166,-3.368306851948935e-14
241.36389985210837,-6.971681591185345,8.33333333333334,-4.722793669658202,-4.43604814784688,2.1472956181174462e-13
241.37454303980292,-6.968118603850693,8.333333333333341,-4.734406786571467,-4.443010066788121,9.683882199353189e-14
241.38517724636026,-6.964617246481701,8.333333333333341,-4.7459185358623746,-4.449766590561858,4.631421921429786e-14
241.39580258642812,-6.96117674517762,8.333333333333343,-4.7573310418214,-4.456320799983036,5.4734986344170195e-14
241.40641917362908,-6.957796332684274,8.33333333333334,-4.768646406447867,-4.4626757505035926,3.368306851948935e-14
241.41702712056514,-6.954475248368521,8.333333333333337,-4.7798667095451455,-4.4688344723014115,3.789345208442552e-14
241.42762653882264,-6.95121273819277,8.33333333333334,-4.790994008815825,-4.474799970369335,1.7262572616238293e-13
241.4382175389769,-6.948008054689425,8.333333333333337,-4.802030339956856,-4.480575224604205,1.5578419190263825e-13
241.44880023059676,-6.944860456935374,8.33333333333334,-4.8129777167546255,-4.4861631898959295,2.063087946818723e-13
241.45937472224924,-6.941769210526418,8.333333333333337,-4.82383813118003,-4.491566796216569,8.841805486365955e-14
241.46994112150415,-6.938733587551798,8.333333333333337,-4.834613553483461,-4.496788948709486,5.4734986344170195e-14
241.48049953493887,-6.935752866568636,8.33333333333334,-4.845305932289813,-4.501832527778479,2.020984111169361e-13
241.4910500681428,-6.9328263325763855,8.333333333333337,-4.855917194693402,-4.506700389176992,8.841805486365955e-14
241.50159282572199,-6.929953276991329,8.333333333333337,-4.866449246352863,-4.511395364097313,1.642049590325106e-13
241.5121279113039,-6.927132997621037,8.33333333333334,-4.876903971586034,-4.515920259259816,-1.6841534259744676e-14
241.52265542754142,-6.924364798638799,8.333333333333337,-4.887283233464787,-4.52027785700225,3.789345208442552e-14
241.5331754761183,-6.921647990558139,8.333333333333337,-4.897588873909795,-4.524470915369015,-4.210383564936169e-15
241.543688157753,-6.918981890207251,8.333333333333337,-4.907822713785327,-4.5285021682005,8.420767129872338e-14
241.55419357220347,-6.916365820703444,8.333333333333337,-4.917986552993961,-4.53237432522243,1.0525958912340423e-13
241.56469181827183,-6.913799111427638,8.33333333333334,-4.928082170571278,-4.53609007213524,1.2631150694808508e-13
241.5751829938087,-6.911281097998808,8.33333333333334,-4.938111324780531,-4.539652070703486,1.3894265764289357e-13
241.5856671957179,-6.908811122248441,8.33333333333334,-4.948075753207267,-4.543062958845261,7.999728773378721e-14
241.5961445199605,-6.906388532194982,8.333333333333337,-4.957977172853939,-4.546325350721655,1.9367764398706378e-13
241.60661506156012,-6.904012682018323,8.333333333333337,-4.9678172802344545,-4.549441836826231,1.768361097273191e-13
241.61707891460685,-6.901682932034242,8.33333333333334,-4.977597751468727,-4.552414984074522,-1.2631150694808506e-14
241.6275361722615,-6.899398648668835,8.333333333333337,-4.987320242377185,-4.555247335893562,1.8525687685719145e-13
241.63798692676096,-6.89715920443302,8.33333333333334,-4.9969863885752375,-4.557941412311426,1.1368035625327657e-13
241.6484312694219,-6.894963977896959,8.333333333333337,-5.006597805567731,-4.5604997100468125,5.4734986344170195e-14
241.6588692906453,-6.892812353664498,8.33333333333334,-5.016156088843365,-4.56292470259862,9.683882199353189e-14
241.66930107992133,-6.890703722347658,8.33333333333334,-5.025662813969087,-4.56521884033558,2.1051917824680845e-13
241.67972672583355,-6.888637480541072,8.333333333333337,-5.035119536684453,-4.5673845505858885,1.3052189051302125e-13
241.69014631606302,-6.886613030796396,8.333333333333337,-5.044527792995964,-4.569424237726863,5.894536990910637e-14
241.70055993739325,-6.884629781596828,8.333333333333337,-5.053889099271377,-4.571340283274626,8.420767129872338e-14
241.7109676757144,-6.8826871473315085,8.333333333333337,-5.063204952333985,-4.573135045973816,1.2631150694808508e-13
241.72136961602772,-6.880784548269988,8.333333333333337,-5.0724768295568765,-4.574810861887296,7.999728773378721e-14
241.73176584244965,-6.878921410536648,8.333333333333337,-5.08170618895716,-4.5763700444859134,1.2631150694808508e-13
241.74215643821682,-6.877097166085188,8.333333333333337,-5.090894469290175,-4.577814884738249,1.6841534259744676e-14
241.7525414856899,-6.875311252673058,8.333333333333337,-5.100043090143671,-4.579147651200415,1.0525958912340423e-13
241.76292106635822,-6.873563113835869,8.333333333333337,-5.1091534520319595,-4.580370590105855,-4.210383564936169e-14
241.77329526084407,-6.8718521988618875,8.333333333333337,-5.11822693649005,-4.581485925455166,-8.420767129872338e-15
241.78366414890718,-6.870177962766464,8.333333333333337,-5.127264906167748,-4.582495859105943,8.420767129872338e-14
241.79402780944886,-6.8685398662664365,8.333333333333337,-5.136268704923753,-4.583402570862645,1.2631150694808508e-13
241.80438632051667,-6.866937375754641,8.333333333333337,-5.145239657919696,-4.584208218566476,1.1789073981821273e-13
241.81473975930848,-6.865369963274307,8.333333333333337,-5.154179071714202,-4.584914938185282,1.1368035625327657e-13
241.8250882021768,-6.863837106493491,8.333333333333337,-5.163088234356886,-4.5855248439034675,7.157652060391487e-14
241.83543172463334,-6.862338288679559,8.333333333333337,-5.1719684154823495,-4.586040028211944,1.768361097273191e-13
241.84577040135332,-6.860872998673589,8.333333333333337,-5.180820866404155,-4.586462561998069,1.0946997268834039e-13
241.8561043061795,-6.859440730864834,8.333333333333337,-5.189646820208765,-4.586794494635632,2.1051917824680846e-14
241.86643351212663,-6.858040985165126,8.333333333333337,-5.198447491849478,-4.587037854074844,3.368306851948935e-14
241.87675809138602,-6.856673266983359,8.333333333333336,-5.207224078240326,-4.587194646932332,1.6841534259744676e-14
241.88707811532942,-6.855337087199894,8.333333333333337,-5.215977758349961,-4.5872668585811756,1.0946997268834039e-13
241.89739365451365,-6.854031962140995,8.333333333333337,-5.224709693295526,-4.587256453240948,-8.420767129872338e-15
241.90770477868458,-6.852757413553285,8.333333333333337,-5.233421026436479,-4.587165374067774,6.73661370389787e-14
241.9180115567818,-6.851512968578174,8.333333333333337,-5.2421128834684385,-4.586995543244402,0.0
241.92831405694238,-6.850298159726261,8.333333333333337,-5.2507863725169726,-4.586748862070296,2.73674931720851e-13
241.93861234650578,-6.849112524851819,8.333333333333337,-5.259442584231387,-4.586427211051749,1.1368035625327657e-13
241.94890649201753,-6.847955607127206,8.333333333333336,-5.268082591878491,-4.586032449992004,1.3052189051302125e-13
241.95919655923367,-6.846826955017267,8.333333333333337,-5.276707451436334,-4.585566418081389,1.4736342477276593e-13
241.96948261312525,-6.845726122253816,8.333333333333337,-5.285318201687943,-4.585030933987484,8.420767129872338e-15
241.97976471788223,-6.844652667810039,8.333333333333336,-5.2939158643150295,-4.584427795945285,-4.210383564936169e-14
241.9900429369179,-6.843606155874936,8.333333333333336,-5.302501443991657,-4.5837587818473855,1.7262572616238293e-13
242.00031733287315,-6.842586155827717,8.333333333333337,-5.311075928477945,-4.583025649334193,8.841805486365955e-14
242.01058796762052,-6.8415922422122835,8.333333333333336,-5.3196402887137,-4.58223013588414,1.0104920555846805e-13
242.0208549022687,-6.84062399471163,8.333333333333337,-5.328195478912047,-4.581373958903911,7.578690416885104e-14
242.03111819716625,-6.839680998122253,8.333333333333334,-5.336742436653076,-4.5804588158187,2.315710960714893e-13
242.04137791190658,-6.838762842328614,8.333333333333336,-5.345282082977396,-4.579486384162461,1.1789073981821273e-13
242.0516341053315,-6.83786912227756,8.333333333333337,-5.353815322479763,-4.578458321668202,1.7262572616238293e-13
242.06188683553552,-6.836999437952708,8.333333333333336,-5.362343043402612,-4.577376266358258,8.841805486365955e-14
242.0721361598704,-6.836153394348932,8.333333333333336,-5.37086611772963,-4.576241836634611,5.894536990910637e-14
242.08238213494906,-6.8353306014467545,8.333333333333336,-5.379385401279272,-4.575056631369197,1.515738083377021e-13
242.09262481664976,-6.834530674186751,8.333333333333336,-5.387901733798278,-4.573822229994257,1.0525958912340423e-13
242.10286426012036,-6.833753232444021,8.333333333333336,-5.396415939055187,-4.572540192592669,1.7262572616238293e-13
242.11310051978253,-6.8329979010025825,8.333333333333336,-5.404928824933801,-4.57121205998832,2.442022467662978e-13
242.12333364933602,-6.832264309529806,8.333333333333336,-5.4134411835266665,-4.569839353836485,7.999728773378721e-14
242.13356370176228,-6.8315520925508,8.333333333333336,-5.421953791228519,-4.5684235767142,3.789345208442552e-14
242.14379072932937,-6.830860889422901,8.333333333333334,-5.430467408829725,-4.5669662122106915,2.48412630331234e-13
242.15401478359584,-6.830190344310041,8.333333333333334,-5.438982781609688,-4.565468725017765,2.5262301389617013e-14
242.16423591541445,-6.8295401061571654,8.333333333333336,-5.447500639430273,-4.563932561020261,1.1789073981821273e-13
242.174454174937,-6.828909828664694,8.333333333333336,-5.456021696829186,-4.562359147386479,1.6841534259744677e-13
242.18466961161823,-6.828299170262914,8.333333333333336,-5.464546653113348,-4.560749892658652,1.1368035625327657e-13
242.19488227421957,-6.8277077940863835,8.333333333333336,-5.473076192452261,-4.559106186843396,1.515738083377021e-13
242.20509221081386,-6.827135367948383,8.333333333333336,-5.481610983971347,-4.5574294015022145,1.2631150694808506e-14
242.2152994687892,-6.826581564315325,8.333333333333336,-5.490151681845278,-4.555720889841983,5.894536990910637e-14
242.22550409485297,-6.826046060281131,8.333333333333336,-5.498698925391305,-4.553981986805457,0.0
242.23570613503625,-6.8255285375417145,8.333333333333336,-5.507253339162543,-4.552214009161798,-2.5262301389617013e-14
242.2459056346976,-6.825028682369345,8.333333333333336,-5.51581553304127,-4.550418255597108,1.4315304120782974e-13
242.2561026385277,-6.8245461855870975,8.333333333333336,-5.524386102332194,-4.5485960068049796,5.4734986344170195e-14
242.26629719055262,-6.824080742543224,8.333333333333336,-5.5329656278557175,-4.546748525577046,1.1368035625327657e-13
242.27648933413872,-6.823632053085621,8.333333333333336,-5.541554676041182,-4.5448770568935615,1.3052189051302125e-13
242.2866791119965,-6.823199821536215,8.333333333333336,-5.550153799020094,-4.542982828013988,5.0524602779234026e-14
242.29686656618435,-6.822783756665356,8.333333333333334,-5.558763534719362,-4.541067048567585,1.3052189051302125e-13
242.30705173811322,-6.822383571666281,8.333333333333336,-5.567384406954469,-4.5391309106440225,4.210383564936169e-14
242.31723466855036,-6.821998984129495,8.333333333333334,-5.576016925522698,-4.53717558888401,4.210383564936169e-15
242.32741539762324,-6.821629716017162,8.333333333333334,-5.584661586296289,-4.535202240569918,1.221011233831489e-13
242.33759396482426,-6.821275493637565,8.333333333333336,-5.59331887131561,-4.533212005716431,-2.5262301389617013e-14
242.34777040901417,-6.820936047619497,8.333333333333336,-5.60198924888231,-4.531206007161208,2.1051917824680846e-14
242.35794476842634,-6.820611112886636,8.333333333333336,-5.610673173652458,-4.529185350655544,1.0104920555846805e-13
242.36811708067108,-6.820300428632016,8.333333333333334,-5.619371086729666,-4.527151124955064,1.894672604221276e-13
242.37828738273947,-6.820003738292394,8.333333333333334,-5.628083415758203,-4.525104401910411,1.5578419190263825e-13
242.38845571100745,-6.819720789522687,8.333333333333336,-5.636810575016095,-4.523046236557952,1.0946997268834039e-13
242.39862210123982,-6.819451334170323,8.333333333333336,-5.645552965508217,-4.520977667210493,-2.947268495455318e-14
