galstreams/tracks/track.st.M5.sollima2020.ecsv
# %ECSV 0.9
# ---
# datatype:
# - {name: ra, unit: deg, datatype: float64}
# - {name: dec, unit: deg, datatype: float64}
# - {name: distance, unit: kpc, datatype: float64}
# - {name: pm_ra_cosdec, unit: mas / yr, datatype: float64}
# - {name: pm_dec, unit: mas / yr, datatype: float64}
# - {name: radial_velocity, unit: km / s, datatype: float64}
# delimiter: ','
# meta: !!omap
# - __serialized_columns__:
#     dec:
#       __class__: astropy.coordinates.angles.Latitude
#       unit: &id001 !astropy.units.Unit {unit: deg}
#       value: !astropy.table.SerializedColumn {name: dec}
#     distance:
#       __class__: astropy.coordinates.distances.Distance
#       unit: !astropy.units.Unit {unit: kpc}
#       value: !astropy.table.SerializedColumn {name: distance}
#     pm_dec:
#       __class__: astropy.units.quantity.Quantity
#       unit: !astropy.units.Unit {unit: mas / yr}
#       value: !astropy.table.SerializedColumn {name: pm_dec}
#     pm_ra_cosdec:
#       __class__: astropy.units.quantity.Quantity
#       unit: !astropy.units.Unit {unit: mas / yr}
#       value: !astropy.table.SerializedColumn {name: pm_ra_cosdec}
#     ra:
#       __class__: astropy.coordinates.angles.Longitude
#       unit: *id001
#       value: !astropy.table.SerializedColumn {name: ra}
#       wrap_angle: !astropy.coordinates.Angle
#         unit: *id001
#         value: 360.0
#     radial_velocity:
#       __class__: astropy.units.quantity.Quantity
#       unit: !astropy.units.Unit {unit: km / s}
#       value: !astropy.table.SerializedColumn {name: radial_velocity}
# schema: astropy-2.0
ra,dec,distance,pm_ra_cosdec,pm_dec,radial_velocity
[from data line 250]
230.12500897393315,1.6944104825588961,7.300000000000001,0.0,0.0,0.0
230.13336770563546,1.6888394671964944,7.3,0.0,0.0,0.0
230.14174978682973,1.6833002264282741,7.300000000000002,0.0,0.0,0.0
230.15015547532033,1.6777931100586454,7.300000000000001,0.0,0.0,0.0
230.15858502095227,1.6723184570625769,7.300000000000001,0.0,0.0,0.0
230.1670386654688,1.6668765953920397,7.300000000000001,0.0,0.0,0.0
230.17551664236865,1.661467841782452,7.300000000000001,0.0,0.0,0.0
230.18401917676346,1.656092501559132,7.300000000000001,0.0,0.0,0.0
230.19254648523506,1.650750868443743,7.300000000000001,0.0,0.0,0.0
230.20109877569305,1.6454432243607584,7.300000000000002,0.0,0.0,0.0
230.20967624723176,1.6401698392439141,7.3,0.0,0.0,0.0
230.21827908998787,1.634930970842675,7.300000000000002,0.0,0.0,0.0
230.22690748499784,1.6297268645286993,7.300000000000001,0.0,0.0,0.0
230.23556160405468,1.6245577531023125,7.300000000000001,0.0,0.0,0.0
230.24424160956605,1.619423856598976,7.300000000000001,0.0,0.0,0.0
230.25294765441097,1.6143253820957646,7.300000000000002,0.0,0.0,0.0
230.26167988179742,1.6092625235178493,7.300000000000002,0.0,0.0,0.0
230.27043842511944,1.6042354614449759,7.3,0.0,0.0,0.0
230.27922340781467,1.5992443629179571,7.300000000000001,0.0,0.0,0.0
230.28803494322148,1.5942893812451568,7.300000000000001,0.0,0.0,0.0
230.29687313443625,1.5893706558089866,7.300000000000001,0.0,0.0,0.0
230.3057380741707,1.5844883118724007,7.300000000000001,0.0,0.0,0.0
230.3146298446091,1.5796424603853945,7.300000000000002,0.0,0.0,0.0
230.32354851726566,1.5748331977915082,7.300000000000001,0.0,0.0,0.0
230.3324941528417,1.5700606058343327,7.300000000000002,0.0,0.0,0.0
230.34146680108276,1.5653247513640147,7.300000000000001,0.0,0.0,0.0
230.35046650063617,1.5606256861437724,7.300000000000002,0.0,0.0,0.0
230.35949327890802,1.5559634466564058,7.300000000000001,0.0,0.0,0.0
230.3685471519205,1.5513380539108164,7.300000000000001,0.0,0.0,0.0
230.37762812416906,1.5467495132485267,7.300000000000001,0.0,0.0,0.0
230.38673618847977,1.5421978141502009,7.300000000000002,0.0,0.0,0.0
230.3958713258664,1.537682930042174,7.3,0.0,0.0,0.0
230.40503350538765,1.5332048181029747,7.300000000000001,0.0,0.0,0.0
230.4142226840045,1.5287634190698587,7.300000000000001,0.0,0.0,0.0
230.4234388064372,1.524358657045343,7.300000000000001,0.0,0.0,0.0
230.43268180502258,1.5199904393037373,7.3000000000000025,0.0,0.0,0.0
230.44195159957113,1.5156586560976852,7.300000000000002,0.0,0.0,0.0
230.45124809722444,1.5113631804647027,7.300000000000002,0.0,0.0,0.0
230.46057119231216,1.507103868033718,7.300000000000002,0.0,0.0,0.0
230.4699207662091,1.5028805568316204,7.3000000000000025,0.0,0.0,0.0
230.47929668719266,1.4986930670898024,7.3000000000000025,0.0,0.0,0.0
230.4886988102998,1.4945412010507095,7.300000000000002,0.0,0.0,0.0
230.49812697718423,1.490424742774391,7.300000000000002,0.0,0.0,0.0
230.50758101597364,1.4863434579450492,7.300000000000002,0.0,0.0,0.0
230.51706074112684,1.4822970936775934,7.300000000000001,0.0,0.0,0.0
230.5265659532907,1.4782853783241967,7.3000000000000025,0.0,0.0,0.0
230.5360964391577,1.4743080212808521,7.300000000000001,0.0,0.0,0.0
230.54565197132257,1.4703647127939274,7.300000000000002,0.0,0.0,0.0
230.55523230813992,1.466455123766727,7.300000000000001,0.0,0.0,0.0
230.564837193581,1.4625789055660496,7.300000000000001,0.0,0.0,0.0
230.574466357091,1.4587356898287525,7.300000000000001,0.0,0.0,0.0
230.58411951344618,1.45492508826831,7.300000000000001,0.0,0.0,0.0
230.59379636261093,1.45114669248138,7.300000000000002,0.0,0.0,0.0
230.60349658959493,1.447400073754364,7.3000000000000025,0.0,0.0,0.0
230.61321986431028,1.4436847828699741,7.300000000000001,0.0,0.0,0.0
230.62296584142857,1.440000349913793,7.3000000000000025,0.0,0.0,0.0
230.632734160238,1.436346284080846,7.300000000000001,0.0,0.0,0.0
230.6425244445007,1.4327220734821602,7.300000000000001,0.0,0.0,0.0
230.65233630230935,1.4291271849513285,7.300000000000002,0.0,0.0,0.0
230.6621693259449,1.425561063851081,7.300000000000001,0.0,0.0,0.0
230.67202309173325,1.4220231338798421,7.300000000000002,0.0,0.0,0.0
230.68189715990255,1.4185127968783018,7.300000000000002,0.0,0.0,0.0
230.6917910744403,1.4150294326359725,7.300000000000001,0.0,0.0,0.0
230.7017043629502,1.4115723986977562,7.300000000000002,0.0,0.0,0.0
230.7116365365099,1.4081410301705053,7.300000000000001,0.0,0.0,0.0
230.72158708952747,1.404734639529584,7.3000000000000025,0.0,0.0,0.0
230.73155549959858,1.4013525164254284,7.300000000000002,0.0,0.0,0.0
230.74154122736422,1.397993927490101,7.3000000000000025,0.0,0.0,0.0
230.75154371636714,1.3946581161438547,7.300000000000004,0.0,0.0,0.0
230.76156239290916,1.3913443024016818,7.300000000000002,0.0,0.0,0.0
230.77159666590856,1.3880516826798692,7.3000000000000025,0.0,0.0,0.0
230.78164592675685,1.3847794296025508,7.300000000000002,0.0,0.0,0.0
230.79170954917632,1.381526691808254,7.3000000000000025,0.0,0.0,0.0
230.80178688907657,1.3782925937564485,7.300000000000004,0.0,0.0,0.0
230.81187728441245,1.3750762355340873,7.300000000000002,0.0,0.0,0.0
230.82198005504029,1.371876692662148,7.3000000000000025,0.0,0.0,0.0
230.832094502576,1.3686930159021744,7.300000000000002,0.0,0.0,0.0
230.8422199102515,1.3655242310628037,7.300000000000002,0.0,0.0,0.0
230.85235554277224,1.3623693388063036,7.300000000000002,0.0,0.0,0.0
230.8625006461743,1.359227314455095,7.300000000000002,0.0,0.0,0.0
230.8726544476815,1.3560971077982789,7.3000000000000025,0.0,0.0,0.0
230.88281615556275,1.3529776428981517,7.3000000000000025,0.0,0.0,0.0
230.8929849589892,1.349867817896722,7.300000000000002,0.0,0.0,0.0
230.90316002789115,1.3467665048222188,7.300000000000002,0.0,0.0,0.0
230.91334051281586,1.3436725493955963,7.3000000000000025,0.0,0.0,0.0
230.9235255447843,1.3405847708370349,7.300000000000004,0.0,0.0,0.0
230.93371423514856,1.337501961672434,7.300000000000002,0.0,0.0,0.0
230.94390567544903,1.3344228875399011,7.300000000000004,0.0,0.0,0.0
230.95409893727177,1.3313462869962338,7.300000000000002,0.0,0.0,0.0
230.96429307210576,1.3282708713233955,7.300000000000002,0.0,0.0,0.0
230.97448711120012,1.3251953243349874,7.300000000000002,0.0,0.0,0.0
230.98468006542157,1.3221183021827088,7.3000000000000025,0.0,0.0,0.0
230.99487092511157,1.3190384331628147,7.3000000000000025,0.0,0.0,0.0
231.0050586599437,1.3159543175225625,7.3000000000000025,0.0,0.0,0.0
231.0152422187812,1.3128645272666577,7.300000000000001,0.0,0.0,0.0
231.025420529534,1.3097676059636796,7.3000000000000025,0.0,0.0,0.0
231.03559249901656,1.306662068552513,7.300000000000002,0.0,0.0,0.0
231.04575701280478,1.3035464011487599,7.300000000000002,0.0,0.0,0.0
231.0559129350938,1.30041906085115,7.300000000000003,0.0,0.0,0.0
231.06605910855532,1.2972784755479374,7.300000000000002,0.0,0.0,0.0
231.076194354195,1.2941230437232913,7.3000000000000025,0.0,0.0,0.0
231.08631747121012,1.290951134263673,7.300000000000002,0.0,0.0,0.0
231.0964272368468,1.2877610862642066,7.300000000000002,0.0,0.0,0.0
231.10652240625797,1.2845512088350395,7.3000000000000025,0.0,0.0,0.0
231.11660171236053,1.281319780907688,7.300000000000002,0.0,0.0,0.0
231.12666386569302,1.278065051041375,7.300000000000002,0.0,0.0,0.0
231.13670755427344,1.2747852372293593,7.3000000000000025,0.0,0.0,0.0
231.14673144345664,1.271478526705247,7.3000000000000025,0.0,0.0,0.0
231.15673417579208,1.2681430757492962,7.300000000000002,0.0,0.0,0.0
231.16671437088158,1.264777009494704,7.300000000000002,0.0,0.0,0.0
231.17667062523688,1.2613784217338904,7.3000000000000025,0.0,0.0,0.0
231.18660151213749,1.2579453747247598,7.3000000000000025,0.0,0.0,0.0
231.19650558148842,1.2544758989969529,7.300000000000002,0.0,0.0,0.0
231.20638135967806,1.2509679931580882,7.3000000000000025,0.0,0.0,0.0
231.21622734943597,1.247419623699986,7.3000000000000025,0.0,0.0,0.0
231.2260420296907,1.2438287248048785,7.3000000000000025,0.0,0.0,0.0
231.2358238554277,1.2401931981516088,7.3000000000000025,0.0,0.0,0.0
231.2455712575474,1.2365109127218148,7.300000000000002,0.0,0.0,0.0
231.25528264272288,1.2327797046060929,7.300000000000003,0.0,0.0,0.0
231.26495639325816,1.2289973768101565,7.3000000000000025,0.0,0.0,0.0
231.27459086694608,1.2251616990609713,7.3000000000000025,0.0,0.0,0.0
231.28418439692643,1.2212704076128778,7.3000000000000025,0.0,0.0,0.0
231.29373529154398,1.2173212050536981,7.300000000000002,0.0,0.0,0.0
231.30324183420674,1.2133117601108308,7.300000000000002,0.0,0.0,0.0
231.31270228324396,1.2092397074573213,7.300000000000002,0.0,0.0,0.0
231.32211487176463,1.2051026475179276,7.3000000000000025,0.0,0.0,0.0
231.33147780751517,1.200898146275158,7.3000000000000025,0.0,0.0,0.0
231.34078927273853,1.1966237350753015,7.300000000000002,0.0,0.0,0.0
231.35004742403177,1.1922769104344382,7.3000000000000025,0.0,0.0,0.0
231.35925039220484,1.1878551338444343,7.300000000000004,0.0,0.0,0.0
231.3683962821388,1.1833558315789194,7.300000000000002,0.0,0.0,0.0
231.3774831726444,1.178776394499249,7.300000000000002,0.0,0.0,0.0
231.38650911632018,1.174114177860452,7.300000000000003,0.0,0.0,0.0
231.39547213941157,1.169366501117157,7.300000000000002,0.0,0.0,0.0
231.40437024166891,1.1645306477295092,7.3000000000000025,0.0,0.0,0.0
231.41320139620635,1.159603864969068,7.300000000000004,0.0,0.0,0.0
231.42196354936016,1.154583363724687,7.3000000000000025,0.0,0.0,0.0
231.4306546205477,1.1494663183083844,7.300000000000002,0.0,0.0,0.0
231.4392725021257,1.1442498662611909,7.3000000000000025,0.0,0.0,0.0
231.44781505924945,1.1389311081589935,7.300000000000002,0.0,0.0,0.0
231.45628012973123,1.1335071074183536,7.300000000000002,0.0,0.0,0.0
231.46466552389887,1.127974890102318,7.3000000000000025,0.0,0.0,0.0
231.47296902445518,1.1223314447262214,7.300000000000002,0.0,0.0,0.0
231.48118838633604,1.1165737220634608,7.3000000000000025,0.0,0.0,0.0
231.48932133656976,1.1106986349512782,7.3000000000000025,0.0,0.0,0.0
231.4973655741356,1.1047030580965178,7.3000000000000025,0.0,0.0,0.0
231.50531876982294,1.0985838278813818,7.3000000000000025,0.0,0.0,0.0
231.5131785660899,1.0923377421691693,7.3000000000000025,0.0,0.0,0.0
231.52094257692247,1.0859615601100168,7.300000000000002,0.0,0.0,0.0
231.5286083876931,1.0794520019466252,7.300000000000002,0.0,0.0,0.0
231.53617355502013,1.0728057488199827,7.300000000000002,0.0,0.0,0.0
231.54363560662617,1.0660194425750877,7.300000000000002,0.0,0.0,0.0
231.55099204119725,1.0590896855666652,7.300000000000002,0.0,0.0,0.0
231.55824032824185,1.0520130404648809,7.300000000000002,0.0,0.0,0.0
231.5653779079495,1.0447860300610632,7.300000000000002,0.0,0.0,0.0
231.57240219104995,1.037405137073422,7.300000000000002,0.0,0.0,0.0
231.57931055867172,1.0298668039527759,7.3000000000000025,0.0,0.0,0.0
231.5861003622012,1.0221674326882846,7.3000000000000025,0.0,0.0,0.0
231.59276892314128,1.0143033846131895,7.300000000000002,0.0,0.0,0.0
231.59931353297017,1.0062709802105736,7.300000000000001,0.0,0.0,0.0
231.60573145299998,0.9980664989191297,7.300000000000001,0.0,0.0,0.0
231.6120199142354,0.9896861789389444,7.300000000000001,0.0,0.0,0.0
231.61817611723225,0.9811262170373103,7.3000000000000025,0.0,0.0,0.0
231.6241972319562,0.9723827683545619,7.300000000000002,0.0,0.0,0.0
231.63008039764068,0.9634519462099275,7.300000000000002,0.0,0.0,0.0
231.6358227226457,0.9543298219074297,7.300000000000002,0.0,0.0,0.0
231.6414212843156,0.9450124245418089,7.300000000000002,0.0,0.0,0.0
231.64687312883763,0.9354957408044883,7.300000000000002,0.0,0.0,0.0
231.65217527109925,0.9257757147895913,7.300000000000002,0.0,0.0,0.0
231.65732469454662,0.9158482477999946,7.300000000000002,0.0,0.0,0.0
231.6623183510418,0.9057091981534466,7.300000000000001,0.0,0.0,0.0
231.66715316072026,0.8953543809887385,7.300000000000001,0.0,0.0,0.0
231.6718260118484,0.8847795680719421,7.300000000000002,0.0,0.0,0.0
231.67633376068036,0.8739804876027175,7.300000000000002,0.0,0.0,0.0
231.68067323131515,0.8629528240206996,7.300000000000001,0.0,0.0,0.0
231.68484121555298,0.851692217811964,7.300000000000001,0.0,0.0,0.0
231.68883447275195,0.8401942653155895,7.3,0.0,0.0,0.0
231.6926497296839,0.8284545185303106,7.3,0.0,0.0,0.0
231.69628368039008,0.8164684849212827,7.300000000000001,0.0,0.0,0.0
231.69973298603725,0.8042316272269548,7.300000000000001,0.0,0.0,0.0
231.70299427477195,0.7917393632660674,7.300000000000002,0.0,0.0,0.0
231.7060641415759,0.7789870657447815,7.300000000000001,0.0,0.0,0.0
231.7089391481202,0.7659700620639472,7.300000000000001,0.0,0.0,0.0
231.71161582261905,0.7526836341265227,7.300000000000001,0.0,0.0,0.0
231.7140906596835,0.739123018145151,7.300000000000001,0.0,0.0,0.0
231.71636012017447,0.7252834044499128,7.299999999999999,0.0,0.0,0.0
231.71842063105524,0.7111599372962601,7.300000000000001,0.0,0.0,0.0
231.72026858524302,0.6967477146731448,7.3,0.0,0.0,0.0
231.721900341461,0.6820417881113516,7.3,0.0,0.0,0.0
231.7233122240888,0.667037162492058,7.300000000000002,0.0,0.0,0.0
231.72450052301247,0.6517287958556246,7.299999999999998,0.0,0.0,0.0
231.72546149347403,0.6361115992106255,7.300000000000001,0.0,0.0,0.0
231.72619135592046,0.6201804363431638,7.3,0.0,0.0,0.0
231.72668629585118,0.6039301236264456,7.3,0.0,0.0,0.0
231.72694246366555,0.5873554298306589,7.300000000000001,0.0,0.0,0.0
231.7269559745088,0.5704510759331642,7.299999999999998,0.0,0.0,0.0
231.72672290811767,0.5532117349290164,7.300000000000001,0.0,0.0,0.0
231.7262393086647,0.5356320316418364,7.299999999999999,0.0,0.0,0.0
231.72550118460143,0.517706542535049,7.300000000000001,0.0,0.0,0.0
231.7245045085009,0.49942979552351696,7.3,0.0,0.0,0.0
231.72324521689885,0.48079626978557793,7.299999999999999,0.0,0.0,0.0
231.72171921013333,0.4618003955755218,7.3,0.0,0.0,0.0
231.71992235218391,0.4424365540365166,7.3,0.0,0.0,0.0
231.7178504705087,0.4226990770140239,7.3,0.0,0.0,0.0
231.71549935588052,0.40258224686971533,7.299999999999998,0.0,0.0,0.0
231.71286476222147,0.3820802962959163,7.299999999999999,0.0,0.0,0.0
231.70994240643583,0.3611874081306193,7.3,0.0,0.0,0.0
231.70672796824155,0.33989771517307343,7.300000000000001,0.0,0.0,0.0
231.70321708999995,0.3182053000000005,7.299999999999998,0.0,0.0,0.0
