galstreams/tracks/track.st.Hrid.ibata2021.ecsv
# %ECSV 0.9
# ---
# datatype:
# - {name: ra, unit: deg, datatype: float64}
# - {name: dec, unit: deg, datatype: float64}
# - {name: distance, unit: kpc, datatype: float64}
# - {name: pm_ra_cosdec, unit: mas / yr, datatype: float64}
# - {name: pm_dec, unit: mas / yr, datatype: float64}
# - {name: radial_velocity, unit: km / s, datatype: float64}
# delimiter: ','
# meta: !!omap
# - __serialized_columns__:
#     dec:
#       __class__: astropy.coordinates.angles.Latitude
#       unit: &id001 !astropy.units.Unit {unit: deg}
#       value: !astropy.table.SerializedColumn {name: dec}
#     distance:
#       __class__: astropy.coordinates.distances.Distance
#       unit: !astropy.units.Unit {unit: kpc}
#       value: !astropy.table.SerializedColumn {name: distance}
#     pm_dec:
#       __class__: astropy.units.quantity.Quantity
#       unit: !astropy.units.Unit {unit: mas / yr}
#       value: !astropy.table.SerializedColumn {name: pm_dec}
#     pm_ra_cosdec:
#       __class__: astropy.units.quantity.Quantity
#       unit: !astropy.units.Unit {unit: mas / yr}
#       value: !astropy.table.SerializedColumn {name: pm_ra_cosdec}
#     ra:
#       __class__: astropy.coordinates.angles.Longitude
#       unit: *id001
#       value: !astropy.table.SerializedColumn {name: ra}
#       wrap_angle: !astropy.coordinates.Angle
#         unit: *id001
#         value: 360.0
#     radial_velocity:
#       __class__: astropy.units.quantity.Quantity
#       unit: !astropy.units.Unit {unit: km / s}
#       value: !astropy.table.SerializedColumn {name: radial_velocity}
# schema: astropy-2.0
ra,dec,distance,pm_ra_cosdec,pm_dec,radial_velocity
[from data line 1241]
279.6272240938888,27.56426798850571,3.133523374024386,-6.145598255263431,18.331489338198438,-5.0524602779234026e-14
279.6279615081667,27.574255430627662,3.133474976761039,-6.145527765734244,18.334877798814365,-6.73661370389787e-14
279.6286988137792,27.584242878099133,3.133426615324292,-6.1454570146346645,18.33826519837136,-1.347322740779574e-13
279.62943601084913,27.59423033091685,3.133378289743406,-6.145386001989446,18.341651536705548,-6.73661370389787e-14
279.6301730994996,27.604217789077744,3.1333300000476414,-6.1453147278233144,18.345036813653028,-3.368306851948935e-14
279.63091007985344,27.61420525257852,3.13328174626626,-6.145243192161017,18.348421029049945,-1.6841534259744676e-14
279.63164695203386,27.624192721416076,3.1332335284285215,-6.14517139502726,18.351804182732412,-1.1789073981821273e-13
279.63238371616364,27.63418019558729,3.133185346563687,-6.145099336446796,18.355186274536578,-6.73661370389787e-14
279.63312037236597,27.644167675088873,3.133137200701017,-6.145027016444324,18.358567304298578,-1.0104920555846805e-13
279.6338569207639,27.65415515991772,3.1330890908697735,-6.144954435044554,18.361947271854575,-5.0524602779234026e-14
279.6345933614804,27.6641426500707,3.1330410170992153,-6.1448815922722,18.36532617704072,-1.8525687685719145e-13
279.6353296946387,27.674130145544556,3.1329929794186047,-6.144808488151963,18.368704019693176,-1.6841534259744677e-13
279.63606592036166,27.6841176463362,3.1329449778572016,-6.144735122708547,18.372080799648117,-8.420767129872338e-14
279.63680203877266,27.694105152442372,3.132897012444267,-6.14466149596662,18.375456516741718,-1.1789073981821273e-13
279.63753804999476,27.704092663859946,3.132849083209062,-6.14458760795088,18.37883117081017,-1.347322740779574e-13
279.63827395415103,27.714080180585796,3.1328011901808477,-6.144513458686011,18.38220476168966,-1.347322740779574e-13
279.63900975136465,27.724067702616658,3.1327533333888837,-6.144439048196678,18.385577289216386,-1.1789073981821273e-13
279.6397454417589,27.734055229949412,3.1327055128624317,-6.144364376507545,18.388948753226558,-1.1789073981821273e-13
279.640481025457,27.744042762580936,3.1326577286307518,-6.144289443643281,18.39231915355639,-1.6841534259744677e-13
279.6412165025821,27.75403030050796,3.1326099807231063,-6.144214249628541,18.39568849004209,-1.515738083377021e-13
279.64195187325737,27.76401784372742,3.1325622691687545,-6.14413879448798,18.399056762519884,-5.0524602779234026e-14
279.64268713760623,27.77400539223603,3.1325145939969565,-6.1440630782462335,18.40242397082602,-3.368306851948935e-14
279.643422295752,27.783992946030676,3.1324669552369753,-6.143987100927933,18.405790114796726,-1.515738083377021e-13
279.6441573478177,27.793980505108244,3.1324193529180695,-6.143910862557731,18.40915519426826,-1.1789073981821273e-13
279.6448922939269,27.803968069465473,3.1323717870695016,-6.143834363160245,18.412519209076855,-1.0104920555846805e-13
279.6456271342028,27.813955639099277,3.1323242577205317,-6.143757602760092,18.41588215905877,-5.0524602779234026e-14
279.64636186876885,27.823943214006388,3.1322767649004195,-6.143680581381887,18.419244044050302,-1.1789073981821273e-13
279.6470964977484,27.833930794183697,3.1322293086384274,-6.143603299050239,18.422604863887706,-1.1789073981821273e-13
279.6478310212647,27.843918379628086,3.132181888963816,-6.14352575578976,18.42596461840724,-5.0524602779234026e-14
279.64856543944137,27.853905970336257,3.132134505905845,-6.143447951625036,18.429323307445223,-6.73661370389787e-14
279.64929975240165,27.86389356630518,3.1320871594937754,-6.1433698865806665,18.432680930837943,-5.0524602779234026e-14
279.65003396026907,27.873881167531565,3.132039849756869,-6.143291560681226,18.43603748842169,-1.6841534259744676e-14
279.6507680631671,27.883868774012292,3.131992576724386,-6.143212973951298,18.439392980032782,-1.0104920555846805e-13
279.65150206121916,27.89385638574426,3.131945340425587,-6.143134126415449,18.442747405507525,-5.0524602779234026e-14
279.6522359545488,27.903844002724178,3.131898140889732,-6.14305501809825,18.446100764682257,-5.0524602779234026e-14
279.6529697432795,27.91383162494899,3.1318509781460837,-6.1429756490242555,18.44945305739328,-1.1789073981821273e-13
279.6537034275348,27.92381925241543,3.1318038522239022,-6.142896019218028,18.452804283476937,-5.0524602779234026e-14
279.6544370074383,27.93380688512037,3.1317567631524468,-6.142816128704104,18.456154442769588,-1.1789073981821273e-13
279.65517048311347,27.943794523060696,3.1317097109609797,-6.142735977507032,18.459503535107565,-1.0104920555846805e-13
279.65590385468397,27.953782166233147,3.131662695678761,-6.142655565651342,18.462851560327238,-8.420767129872338e-14
279.6566371222734,27.963769814634592,3.1316157173350527,-6.142574893161558,18.466198518264946,-1.0104920555846805e-13
279.6573702860054,27.97375746826192,3.1315687759591144,-6.142493960062201,18.469544408757073,-6.73661370389787e-14
279.6581033460036,27.983745127111867,3.1315218715802073,-6.142412766377787,18.47288923164,-1.0104920555846805e-13
279.65883630239165,27.99373279118137,3.1314750042275916,-6.1423313121328285,18.476232986750098,-1.347322740779574e-13
279.6595691552932,28.003720460467132,3.1314281739305287,-6.142249597351824,18.479575673923755,-1.0104920555846805e-13
279.660301904832,28.013708134966073,3.1313813807182793,-6.142167622059269,18.482917292997392,-5.0524602779234026e-14
279.6610345511318,28.02369581467505,3.1313346246201035,-6.142085386279644,18.486257843807394,-5.0524602779234026e-14
279.6617670943163,28.033683499590804,3.131287905665263,-6.1420028900374355,18.489597326190164,-5.0524602779234026e-14
279.6624995345093,28.04367118971022,3.131241223883018,-6.141920133357118,18.49293573998214,-1.0104920555846805e-13
279.6632318718345,28.053658885030178,3.131194579302631,-6.141837116263156,18.49627308501973,-1.1789073981821273e-13
279.6639641064158,28.06364658554741,3.131147971953359,-6.1417538387800175,18.49960936113938,-1.347322740779574e-13
279.66469623837685,28.07363429125885,3.1311014018644663,-6.141670300932158,18.502944568177508,-1.0104920555846805e-13
279.6654282678416,28.083622002161224,3.1310548690652125,-6.141586502744017,18.506278705970583,-5.0524602779234026e-14
279.6661601949339,28.093609718251418,3.1310083735848577,-6.141502444240027,18.509611774355037,-1.1789073981821273e-13
279.66689201977766,28.103597439526325,3.130961915452663,-6.1414181254446465,18.51294377316734,-1.0104920555846805e-13
279.66762374249674,28.11358516598267,3.13091549469789,-6.141333546382276,18.516274702243958,-1.1789073981821273e-13
279.66835536321497,28.123572897617382,3.130869111349799,-6.141248707077356,18.519604561421364,-1.0104920555846805e-13
279.6690868820564,28.1335606344272,3.13082276543765,-6.141163607554287,18.52293335053603,-8.420767129872338e-14
279.6698182991449,28.143548376409,3.1307764569907057,-6.141078247837477,18.526261069424443,-3.368306851948935e-14
279.67054961460445,28.15353612355967,3.130730186038224,-6.140992627951322,18.529587717923114,-8.420767129872338e-14
279.6712808285591,28.16352387587594,3.1306839526094676,-6.140906747920216,18.53291329586853,-1.1789073981821273e-13
279.67201194113284,28.173511633354757,3.1306377567336985,-6.140820607768541,18.536237803097187,-5.0524602779234026e-14
279.67274295244965,28.183499395992815,3.130591598440174,-6.140734207520677,18.539561239445625,-1.347322740779574e-13
279.6734738626336,28.193487163787044,3.130545477758158,-6.140647547200999,18.542883604750344,-8.420767129872338e-14
279.67420467180887,28.203474936734317,3.13049939471691,-6.140560626833852,18.546204898847893,-6.73661370389787e-14
279.6749353800993,28.213462714831344,3.13045334934569,-6.1404734464436155,18.54952512157479,-1.6841534259744676e-14
279.6756659876293,28.22345049807502,3.1304073416737603,-6.140386006054616,18.552844272767572,-3.368306851948935e-14
279.67639649452275,28.23343828646223,3.130361371730381,-6.1402983056912035,18.556162352262817,-6.73661370389787e-14
279.67712690090394,28.2434260799897,3.1303154395448125,-6.140210345377708,18.559479359897054,-8.420767129872338e-14
279.67785720689704,28.253413878654385,3.1302695451463163,-6.140122125138456,18.562795295506866,-1.0104920555846805e-13
279.67858741262614,28.26340168245298,3.1302236885641523,-6.140033644997771,18.566110158928808,-1.1789073981821273e-13
279.6793175182155,28.273389491382407,3.130177869827583,-6.139944904979956,18.56942394999946,-8.420767129872338e-14
279.6800475237893,28.283377305439533,3.130132088965867,-6.139855905109322,18.572736668555414,-8.420767129872338e-14
279.6807774294719,28.293365124621072,3.130086346008266,-6.13976664541016,18.57604831443325,-1.347322740779574e-13
279.68150723538747,28.30335294892393,3.130040640984041,-6.139677125906766,18.579358887469574,-8.420767129872338e-14
279.6822369416604,28.313340778345,3.129994973922452,-6.139587346623408,18.582668387501,-5.0524602779234026e-14
279.6829665484149,28.323328612880974,3.1299493448527613,-6.13949730758436,18.585976814364123,-1.515738083377021e-13
279.6836960557754,28.33331645252884,3.1299037538042285,-6.139407008813896,18.589284167895563,-8.420767129872338e-14
279.6844254638661,28.34330429728528,3.129858200806114,-6.139316450336275,18.59259044793196,-8.420767129872338e-14
279.68515477281153,28.353292147147204,3.1298126858876802,-6.1392256321757355,18.59589565430994,-6.73661370389787e-14
279.68588398273596,28.363280002111487,3.129767209078186,-6.139134554356527,18.599199786866144,-8.420767129872338e-14
279.68661309376387,28.373267862174867,3.1297217704068934,-6.1390432169028815,18.60250284543721,-5.0524602779234026e-14
279.68734210601974,28.383255727334273,3.129676369903063,-6.138951619839025,18.605804829859803,-6.73661370389787e-14
279.68807101962796,28.393243597586427,3.1296310075959544,-6.138859763189175,18.609105739970595,-1.6841534259744677e-13
279.68879983471294,28.403231472928233,3.1295856835148315,-6.138767646977547,18.612405575606232,-1.1789073981821273e-13
279.6895285513992,28.413219353356567,3.12954039768895,-6.13867527122835,18.615704336603393,-1.6841534259744676e-14
279.6902571698114,28.42320723886814,3.129495150147575,-6.13858263596576,18.619002022798774,-6.73661370389787e-14
279.6909856900739,28.433195129459914,3.1294499409199665,-6.1384897412139745,18.62229863402905,-1.347322740779574e-13
279.6917141123114,28.443183025128604,3.1294047700353844,-6.1383965869971675,18.62559417013093,-1.347322740779574e-13
279.6924424366484,28.453170925871095,3.129359637523089,-6.138303173339519,18.628888630941113,-1.1789073981821273e-13
279.69317066320946,28.46315883168428,3.1293145434123417,-6.138209500265188,18.632182016296298,-6.73661370389787e-14
279.6938987921193,28.47314674256488,3.129269487732403,-6.138115567798321,18.635474326033226,-8.420767129872338e-14
279.6946268235024,28.48313465850977,3.1292244705125363,-6.138021375963078,18.638765559988595,-5.0524602779234026e-14
279.69535475748364,28.493122579515855,3.1291794917819984,-6.137926924783579,18.642055717999156,-5.0524602779234026e-14
279.6960825941876,28.503110505579837,3.129134551570051,-6.1378322142839705,18.645344799901647,-1.1789073981821273e-13
279.696810333739,28.51309843669868,3.1290896499059575,-6.13773724448836,18.648632805532802,-1.1789073981821273e-13
279.6975379762625,28.523086372869088,3.1290447868189757,-6.137642015420873,18.651919734729383,-1.347322740779574e-13
279.69826552188283,28.53307431408797,3.128999962338367,-6.137546527105613,18.655205587328155,0.0
279.698992970725,28.543062260352194,3.1289551764933936,-6.1374507795666595,18.65849036316587,-8.420767129872338e-14
279.6997203229135,28.55305021165847,3.1289104293133154,-6.137354772828125,18.661774062079306,-8.420767129872338e-14
279.7004475785733,28.563038168003708,3.1288657208273927,-6.137258506914073,18.66505668390526,-1.0104920555846805e-13
279.7011747378292,28.573026129384793,3.1288210510648864,-6.137161981848581,18.668338228480508,-5.0524602779234026e-14
279.70190180080607,28.583014095798426,3.1287764200550585,-6.1370651976557085,18.671618695641833,-1.347322740779574e-13
279.70262876762877,28.593002067241574,3.1287318278271683,-6.136968154359514,18.67489808522606,-6.73661370389787e-14
279.7033556384222,28.60299004371094,3.1286872744104772,-6.136870851984044,18.678176397069986,-6.73661370389787e-14
279.7040824133113,28.612978025203414,3.128642759834246,-6.136773290553318,18.681453631010434,-1.1789073981821273e-13
279.704809092421,28.62296601171589,3.128598284127735,-6.136675470091388,18.68472978688423,-8.420767129872338e-14
279.7055356758762,28.63295400324507,3.1285538473202057,-6.136577390622263,18.688004864528185,-6.73661370389787e-14
279.706262163802,28.642941999787922,3.1285094494409185,-6.136479052169951,18.691278863779164,-1.0104920555846805e-13
279.7069885563233,28.65293000134114,3.128465090519133,-6.136380454758461,18.694551784474005,-1.515738083377021e-13
279.7077148535652,28.66291800790162,3.128420770584112,-6.136281598411789,18.69782362644954,-1.0104920555846805e-13
279.70844105565277,28.672906019466254,3.1283764896651154,-6.136182483153913,18.701094389542654,-6.73661370389787e-14
279.709167162711,28.682894036031755,3.128332247791404,-6.136083109008806,18.704364073590195,-3.368306851948935e-14
279.7098931748651,28.692882057595067,3.1282880449922392,-6.135983476000435,18.707632678429054,-5.0524602779234026e-14
279.71061909224005,28.7028700841529,3.128243881296881,-6.135883584152765,18.71090020389609,-3.368306851948935e-14
279.7113449149611,28.712858115702147,3.1281997567345896,-6.135783433489744,18.714166649828222,-6.73661370389787e-14
279.71207064315337,28.7228461522397,3.1281556713346266,-6.135683024035308,18.71743201606231,-5.0524602779234026e-14
279.712796276942,28.73283419376227,3.128111625126253,-6.135582355813392,18.720696302435286,0.0
279.71352181645227,28.74282224026673,3.1280676181387292,-6.135481428847918,18.723959508784045,-3.368306851948935e-14
279.7142472618094,28.752810291749988,3.128023650401316,-6.135380243162794,18.727221634945497,-5.0524602779234026e-14
279.7149726131386,28.762798348208737,3.1279797219432743,-6.135278798781933,18.730482680756577,-6.73661370389787e-14
279.7156978705652,28.772786409639938,3.1279358327938636,-6.135177095729227,18.733742646054218,-1.6841534259744676e-14
279.7164230342144,28.782774476040302,3.127891982982347,-6.135075134028549,18.737001530675354,-6.73661370389787e-14
279.71714810421156,28.7927625474067,3.127848172537984,-6.134972913703798,18.74025933445691,-1.0104920555846805e-13
279.7178730806821,28.80275062373604,3.127804401490036,-6.134870434778824,18.743516057235865,-6.73661370389787e-14
279.71859796375134,28.81273870502502,3.127760669867762,-6.134767697277491,18.746771698849173,-8.420767129872338e-14
279.71932275354465,28.822726791270547,3.1277169777004246,-6.134664701223646,18.750026259133804,-5.0524602779234026e-14
279.72004745018745,28.83271488246947,3.1276733250172843,-6.1345614466411265,18.753279737926718,-1.1789073981821273e-13
279.72077205380515,28.842702978618533,3.127629711847601,-6.1344579335537714,18.75653213506491,-8.420767129872338e-14
279.72149656452325,28.85269107971467,3.1275861382206367,-6.134354161985396,18.759783450385353,-6.73661370389787e-14
279.72222098246715,28.862679185754576,3.127542604165651,-6.134250131959812,18.76303368372506,-6.73661370389787e-14
279.7229453077625,28.87266729673517,3.1274991097119047,-6.13414584350082,18.76628283492102,-8.420767129872338e-14
279.7236695405346,28.882655412653314,3.12745565488866,-6.134041296632207,18.76953090381025,-1.1789073981821273e-13
279.7243936809092,28.892643533505716,3.127412239725176,-6.133936491377767,18.77277789022976,-1.347322740779574e-13
279.7251177290118,28.902631659289334,3.1273688642507147,-6.133831427761267,18.77602379401659,-1.0104920555846805e-13
279.725841684968,28.91261979000086,3.1273255284945365,-6.133726105806467,18.77926861500776,-1.8525687685719145e-13
279.72656554890335,28.9226079256372,3.1272822324859013,-6.133620525537135,18.78251235304029,-1.1789073981821273e-13
