galstreams/tracks/track.st.NGC2808.ibata2021.ecsv
# %ECSV 1.0
# ---
# datatype:
# - {name: ra, unit: deg, datatype: float64}
# - {name: dec, unit: deg, datatype: float64}
# - {name: distance, unit: kpc, datatype: float64}
# - {name: pm_ra_cosdec, unit: mas / yr, datatype: float64}
# - {name: pm_dec, unit: mas / yr, datatype: float64}
# - {name: radial_velocity, unit: km / s, datatype: float64}
# delimiter: ','
# meta: !!omap
# - __serialized_columns__:
#     dec:
#       __class__: astropy.coordinates.angles.Latitude
#       unit: &id001 !astropy.units.Unit {unit: deg}
#       value: !astropy.table.SerializedColumn {name: dec}
#     distance:
#       __class__: astropy.coordinates.distances.Distance
#       unit: !astropy.units.Unit {unit: kpc}
#       value: !astropy.table.SerializedColumn {name: distance}
#     pm_dec:
#       __class__: astropy.units.quantity.Quantity
#       unit: !astropy.units.Unit {unit: mas / yr}
#       value: !astropy.table.SerializedColumn {name: pm_dec}
#     pm_ra_cosdec:
#       __class__: astropy.units.quantity.Quantity
#       unit: !astropy.units.Unit {unit: mas / yr}
#       value: !astropy.table.SerializedColumn {name: pm_ra_cosdec}
#     ra:
#       __class__: astropy.coordinates.angles.Longitude
#       unit: *id001
#       value: !astropy.table.SerializedColumn {name: ra}
#       wrap_angle: !astropy.coordinates.Angle
#         unit: *id001
#         value: 360.0
#     radial_velocity:
#       __class__: astropy.units.quantity.Quantity
#       unit: !astropy.units.Unit {unit: km / s}
#       value: !astropy.table.SerializedColumn {name: radial_velocity}
# schema: astropy-2.0
ra,dec,distance,pm_ra_cosdec,pm_dec,radial_velocity
[from data line 1807]
153.93236115020923,-70.1422701137048,7.279855473442002,3.02679044607484,-0.2599062518954615,-5.262979456170211e-16
153.95524149372548,-70.14888037236267,7.274777640216044,3.0281421167933997,-0.25950927295336224,-2.6314897280851058e-15
153.97813154186213,-70.15549071794918,7.269692680142589,3.0295007652924277,-0.2591114568563057,1.5788938368510633e-15
154.00103130447724,-70.1621011515309,7.2646005961602285,3.0308663967928924,-0.25871279353463067,1.0525958912340423e-15
154.02394079145097,-70.16871167417315,7.259501391207551,3.0322390165075337,-0.25831327290158645,-2.6314897280851058e-15
154.04686001268553,-70.17532228694004,7.254395068223144,3.0336186296408423,-0.25791288485331326,8.420767129872338e-15
154.06978897810504,-70.18193299089441,7.249281630145595,3.0350052413890274,-0.25751161926882815,5.789277401787233e-15
154.09272769765593,-70.18854378709783,7.244161079913496,3.0363988569399982,-0.25710946601000007,-1.5788938368510633e-15
154.1156761813067,-70.19515467661064,7.239033420465434,3.037799481473335,-0.25670641492152574,2.1051917824680845e-15
154.138634439048,-70.20176566049193,7.233898654739998,3.039207120160261,-0.2563024558309213,-5.262979456170211e-16
154.16160248089284,-70.20837673979948,7.228756785675778,3.0406217781636293,-0.25589757854849376,1.0525958912340423e-15
154.18458031687646,-70.21498791558982,7.22360781621136,3.042043460637878,-0.2554917728673226,4.73668151055319e-15
154.20756795705643,-70.22159918891819,7.218451749285337,3.0434721727290235,-0.2550850285632414,5.262979456170211e-16
154.2305654115127,-70.22821056083855,7.213288587836296,3.044907919574623,-0.2546773353948156,4.210383564936169e-15
154.25357269034765,-70.23482203240354,7.208118334802825,3.0463507063037545,-0.2542686831033248,-5.789277401787233e-15
154.2765898036862,-70.24143360466458,7.202940993123514,3.0478005380369915,-0.25385906141273956,0.0
154.29961676167562,-70.24804527867164,7.197756565736949,3.0492574198863713,-0.2534484600297039,3.684085619319148e-15
154.32265357448588,-70.25465705547352,7.192565055581722,3.0507213569553744,-0.2530368686435148,0.0
154.34570025230948,-70.2612689361176,7.187366465596423,3.052192354338899,-0.25262427692609896,4.210383564936169e-15
154.36875680536158,-70.26788092165002,7.182160798719639,3.0536704171232305,-0.25221067453199675,-5.789277401787233e-15
154.39182324388008,-70.27449301311553,7.176948057889962,3.0551555503860217,-0.25179605109833775,-1.5788938368510633e-15
154.41489957812547,-70.28110521155757,7.171728246045974,3.0566477591962626,-0.2513803962448249,-7.894469184255318e-15
154.4379858183812,-70.28771751801823,7.166501366126266,3.058147048614256,-0.2509636995737082,-3.1577876737021266e-15
154.46108197495346,-70.29432993353822,7.16126742106943,3.0596534236915875,-0.2505459506697677,9.999660966723401e-15
154.4841880581712,-70.30094245915697,7.156026413814055,3.0611668894711035,-0.2501271391002988,-1.5788938368510633e-15
154.5073040783865,-70.30755509591248,7.150778347298728,3.0626874509868856,-0.2497072544150759,5.2629794561702115e-15
154.53043004597427,-70.31416784484142,7.145523224462038,3.064215113264218,-0.24928628614634601,6.8418732930212744e-15
154.55356597133238,-70.32078070697905,7.140261048242573,3.0657498813195714,-0.24886422380880663,-4.210383564936169e-15
154.57671186488187,-70.32739368335929,7.134991821578925,3.067291760160564,-0.24844105689957427,7.894469184255318e-15
154.5998677370668,-70.33400677501467,7.129715547409679,3.0688407547859433,-0.2480167748981781,1.5788938368510633e-15
154.62303359835437,-70.34061998297629,7.124432228673427,3.070396870185558,-0.2475913672665272,7.368171238638296e-15
154.64620945923502,-70.34723330827389,7.1191418683087555,3.0719601113403314,-0.24716482344889865,1.5788938368510633e-15
154.66939533022236,-70.3538467519358,7.113844469254257,3.0735304832222305,-0.24673713287190913,1.7894130150978717e-14
154.69259122185326,-70.36046031498891,7.108540034448517,3.075107990794244,-0.24630828494450152,2.6314897280851058e-15
154.71579714468803,-70.36707399845875,7.103228566830124,3.076692639010353,-0.24587826905791504,2.6314897280851058e-15
154.7390131093102,-70.37368780336936,7.0979100693376695,3.078284432815506,-0.24544707458567394,-1.5788938368510633e-15
154.76223912632682,-70.38030173074337,7.092584544909741,3.0798833771455896,-0.24501469088355748,-2.6314897280851058e-15
154.78547520636837,-70.38691578160201,7.087251996484926,3.081489476927398,-0.2445811072895843,-4.73668151055319e-15
154.80872136008884,-70.39352995696504,7.081912427001815,3.0831027370786175,-0.24414631312399085,2.1051917824680845e-15
154.83197759816574,-70.40014425785076,7.076565839398998,3.0847231625077827,-0.2437102976892075,5.2629794561702115e-15
154.8552439313002,-70.40675868527603,7.071212236615062,3.0863507581142677,-0.2432730502698421,-5.2629794561702115e-15
154.87852037021705,-70.41337324025625,7.065851621588597,3.087985528788239,-0.24283456013265084,6.8418732930212744e-15
154.90180692566474,-70.41998792380532,7.06048399725819,3.0896274794106446,-0.24239481652652464,1.0525958912340423e-15
154.92510360841547,-70.42660273693573,7.055109366562432,3.0912766148531743,-0.24195380868246438,1.0525958912340423e-15
154.9484104292652,-70.43321768065843,7.049727732439913,3.0929329399782413,-0.2415115258135598,-1.2631150694808506e-14
154.97172739903394,-70.43983275598289,7.044339097829217,3.094596459638949,-0.2410679571149636,1.5262640422893612e-14
154.9950545285652,-70.44644796391712,7.03894346566894,3.0962671786790628,-0.24062309176388302,5.789277401787233e-15
155.01839182872672,-70.45306330546761,7.03354083889766,3.0979451019329867,-0.2401769189195423,1.7367832205361697e-14
155.0417393104101,-70.45967878163933,7.02813122045398,3.0996302342257307,-0.2397294277231724,-3.1577876737021266e-15
155.06509698453098,-70.46629439343572,7.022714613276476,3.1013225803728846,-0.23928060729797984,9.999660966723401e-15
155.08846486202904,-70.47291014185876,7.0172910203037455,3.1030221451805895,-0.23883044674913748,0.0
155.11184295386815,-70.47952602790888,7.011860444474374,3.1047289334455104,-0.23837893516374994,-4.210383564936169e-15
155.13523127103628,-70.48614205258491,7.0064228887269495,3.106442949954809,-0.23792606161084065,8.947065075489359e-15
155.15862982454559,-70.49275821688425,7.000978356000061,3.1081641994861102,-0.23747181514132648,4.73668151055319e-15
155.18203862543257,-70.4993745218027,6.995526849232301,3.109892686807479,-0.23701618478799413,-3.684085619319148e-15
155.205457684758,-70.50599096833446,6.990068371362256,3.1116284166773904,-0.2365591595654823,-5.789277401787233e-15
155.22888701360694,-70.51260755747224,6.984602925328512,3.113371393844701,-0.23610072847025843,-5.2629794561702115e-15
155.25232662308895,-70.51922429020715,6.979130514069663,3.1151216230486174,-0.23564088048059248,-4.73668151055319e-15
155.275776524338,-70.52584116752875,6.973651140524293,3.116879109018673,-0.2351796045565413,-5.2629794561702115e-15
155.29923672851257,-70.53245819042502,6.9681648076309965,3.1186438564746934,-0.23471688963992343,4.73668151055319e-15
155.32270724679563,-70.53907535988229,6.962671518328357,3.1204158701267737,-0.23425272465429475,3.1577876737021266e-15
155.34618809039483,-70.54569267688538,6.957171275554968,3.122195154675241,-0.2337870985049307,8.420767129872338e-15
155.36967927054238,-70.55231014241748,6.951664082249413,3.1239817148106352,-0.23332000007880166,5.2629794561702115e-15
155.3931807984953,-70.55892775746015,6.946149941350286,3.1257755552136732,-0.23285141824454897,7.894469184255318e-15
155.41669268553522,-70.56554552299336,6.940628855796172,3.1275766805552196,-0.23238134185246628,-1.5788938368510633e-15
155.44021494296868,-70.57216343999545,6.935100828525662,3.129385095496262,-0.23190975973447317,1.2104852749191486e-14
155.4637475821269,-70.57878150944316,6.929565862477343,3.1312008046878774,-0.23143666070409752,-2.1051917824680845e-15
155.48729061436617,-70.58539973231156,6.92402396058981,3.133023812771203,-0.2309620335564476,7.368171238638296e-15
155.51084405106758,-70.59201810957407,6.918475125801645,3.1348541243774135,-0.23048586706819546,-5.789277401787233e-15
155.53440790363732,-70.59863664220251,6.912919361051438,3.1366917441276803,-0.23000814999754482,5.2629794561702115e-15
155.55798218350645,-70.60525533116703,6.907356669277781,3.138536676633147,-0.22952887108422235,2.368340755276595e-15
155.58156690213133,-70.61187417743608,6.901787053419258,3.1403889264949068,-0.22904801904944183,1.0525958912340423e-14
155.60516207099326,-70.61849318197648,6.896210516414464,3.142248498303956,-0.2285655825958898,-1.842042809659574e-15
155.62876770159883,-70.62511234575335,6.8906270612019815,3.1441153966411837,-0.2280815504076973,4.73668151055319e-15
155.65238380547987,-70.63173166973017,6.885036690720404,3.145989626077324,-0.22759591115042027,3.947234592127659e-15
155.67601039419338,-70.6383511548687,6.879439407908321,3.147871191172939,-0.2271086534710189,6.315575347404253e-15
155.6996474793218,-70.64497080212898,6.873835215704317,3.149760096478384,-0.22661976599782788,-1.5788938368510633e-15
155.723295072473,-70.65159061246942,6.868224117046984,3.1516563465337706,-0.22612923734053683,9.736511993914891e-15
155.74695318528012,-70.65821058684664,6.862606114874909,3.1535599458689507,-0.22563705609017168,6.8418732930212744e-15
155.7706218294019,-70.66483072621557,6.8569812121266835,3.15547089900347,-0.22514321081906358,1.3157448640425529e-15
155.79430101652258,-70.67145103152946,6.851349411740894,3.1573892104465515,-0.2246476900808335,9.999660966723401e-15
155.81799075835195,-70.67807150373976,6.845710716656129,3.1593148846970562,-0.22415048241036342,5.262979456170211e-16
155.84169106662551,-70.68469214379621,6.840065129810982,3.161247926243453,-0.22365157632377272,7.631320211446806e-15
155.8654019531044,-70.69131295264683,6.834412654144036,3.1631883395637943,-0.2231509603184013,-1.0789107885148933e-14
155.88912342957548,-70.69793393123786,6.828753292593882,3.1651361291256785,-0.22264862287277798,1.2631150694808506e-14
155.9128555078514,-70.70455508051377,6.8230870480991115,3.1670912993862186,-0.22214455244660533,1.0525958912340423e-15
155.93659819977063,-70.71117640141729,6.817413923598309,3.1690538547920193,-0.22163873748073193,-2.6314897280851058e-15
155.96035151719767,-70.71779789488939,6.811733922030065,3.1710237997791344,-0.22113116639712216,5.789277401787233e-15
155.98411547202272,-70.72441956186918,6.80604704633297,3.1730011387730475,-0.22062182759885027,-4.473532537744679e-15
156.00789007616214,-70.73104140329409,6.800353299445611,3.1749858761886305,-0.2201107094700583,3.4209366465106372e-15
156.03167534155827,-70.73766342009968,6.7946526843065795,3.1769780164301187,-0.21959780037594442,9.47336302110638e-15
156.05547128017955,-70.74428561321972,6.788945203854462,3.178977563891076,-0.2190830886627334,6.315575347404253e-15
156.07927790402059,-70.75090798358619,6.783230861027848,3.1809845229543665,-0.21856656265765415,6.052426374595743e-15
156.10309522510215,-70.75753053212924,6.777509658765324,3.1829988979921193,-0.21804821066891827,7.8944691842553165e-16
156.12692325547124,-70.76415325977719,6.771781600005485,3.185020693365695,-0.2175280209856922,-3.947234592127659e-15
156.15076200720122,-70.77077616745653,6.766046687686912,3.187049913425667,-0.21700598187807735,2.8946387008936164e-15
156.17461149239173,-70.77739925609195,6.760304924748199,3.18908656251177,-0.216482081597085,-5.789277401787233e-15
156.1984717231689,-70.78402252660624,6.754556314127934,3.1911306449528825,-0.21595630837460852,-6.315575347404253e-15
156.2223427116852,-70.79064597992034,6.74880085876471,3.1931821650669887,-0.21542865042340556,-5.262979456170211e-16
156.24622447011967,-70.79726961695336,6.743038561597107,3.1952411271611507,-0.21489909593706955,-3.1577876737021266e-15
156.27011701067798,-70.80389343862255,6.73726942556372,3.197307535531467,-0.21436763309000514,8.157618157063828e-15
156.29402034559223,-70.81051744584323,6.731493453603135,3.199381394463055,-0.21383425003741088,4.473532537744679e-15
156.3179344871213,-70.81714163952888,6.725710648653943,3.201462708230001,-0.21329893491524707,1.0525958912340423e-15
156.34185944755086,-70.82376602059111,6.719921013654734,3.203551481095343,-0.21276167584021,1.0525958912340423e-15
156.36579523919318,-70.83039058993955,6.714124551544091,3.2056477173110323,-0.21222246090972058,3.947234592127659e-15
156.38974187438745,-70.83701534848198,6.708321265260609,3.207751421117893,-0.21168127820188362,1.0525958912340423e-15
156.41369936549972,-70.84364029712431,6.702511157742876,3.2098625967456034,-0.21113811577547542,4.473532537744679e-15
156.43766772492296,-70.85026543677044,6.696694231929478,3.211981248412654,-0.2105929616699129,7.894469184255318e-15
156.4616469650771,-70.85689076832242,6.690870490759004,3.2141073803263156,-0.21004580390523364,-7.8944691842553165e-16
156.4856370984092,-70.86351629268029,6.685039937170048,3.216240996682606,-0.20949663048206235,4.210383564936169e-15
156.50963813739324,-70.87014201074219,6.679202574101194,3.218382101666264,-0.2089454293816018,1.1578554803574466e-14
156.5336500945305,-70.87676792340434,6.673358404491031,3.220530699450705,-0.20839218856559288,-6.052426374595743e-15
156.55767298234932,-70.88339403156094,6.667507431278148,3.222686794197993,-0.20783689597629507,8.947065075489359e-15
156.58170681340536,-70.89002033610427,6.6616496574011395,3.2248503900588066,-0.20727953953646722,1.473634247727659e-14
156.60575160028162,-70.89664683792459,6.655785085798585,3.2270214911724096,-0.20672010714933267,8.157618157063828e-15
156.62980735558838,-70.90327353791024,6.649913719409081,3.2292001016666103,-0.20615858669856463,5.2629794561702115e-15
156.65387409196336,-70.90990043694752,6.644035561171212,3.2313862256577335,-0.2055949660482523,5.526128428978722e-15
156.6779518220717,-70.91652753592075,6.638150614023568,3.2335798672505796,-0.20502923304288015,-7.8944691842553165e-16
156.70204055860614,-70.92315483571228,6.632258880904741,3.2357810305383983,-0.2044613755073042,8.947065075489359e-15
156.72614031428688,-70.92978233720237,6.626360364753316,3.237989719602852,-0.20389138124672412,-3.684085619319148e-15
156.75025110186192,-70.93641004126934,6.620455068507881,3.2402059385139816,-0.2033192380466581,1.842042809659574e-15
156.7743729341067,-70.94303794878945,6.6145429951070325,3.242429691330165,-0.20274493367292057,4.9998304833617005e-15
156.7985058238246,-70.94966606063693,6.6086241474893495,3.2446609820981025,-0.20216845587159538,-4.210383564936169e-15
156.82264978384669,-70.95629437768393,6.602698528593426,3.2468998148527586,-0.20158979236900315,2.8946387008936164e-15
156.8468048270319,-70.9629229008006,6.596766141357849,3.2491461936173422,-0.2010089308716942,-7.8944691842553165e-16
156.87097096626707,-70.96955163085504,6.590826988721208,3.251400122403267,-0.20042585906640006,6.052426374595743e-15
156.89514821446699,-70.97618056871323,6.584881073622094,3.2536616052101186,-0.19984056462002953,0.0
156.91933658457444,-70.98280971523911,6.578928398999093,3.2559306460256203,-0.19925303517962528,2.368340755276595e-15
156.94353608956027,-70.98943907129454,6.572968967790796,3.2582072488255927,-0.19866325837235,5.789277401787233e-15
156.96774674242346,-70.99606863773927,6.567002782935792,3.260491417573928,-0.1980712218054582,-7.1050222658297854e-15
156.99196855619124,-71.002698415431,6.5610298473726685,3.2627831562225467,-0.19747691306626278,6.578724320212764e-15
157.01620154391887,-71.00932840522523,6.555050164040015,3.2650824687113644,-0.19688031972212489,-2.6314897280851057e-16
157.0404457186901,-71.01595860797545,6.549063735876419,3.2673893589682623,-0.19628142932040973,7.8944691842553165e-16
