galstreams/tracks/track.st.NGC7492.ibata2024.ecsv
# %ECSV 1.0
# ---
# datatype:
# - {name: ra, unit: deg, datatype: float64}
# - {name: dec, unit: deg, datatype: float64}
# - {name: distance, unit: kpc, datatype: float64}
# - {name: pm_ra_cosdec, unit: mas / yr, datatype: float64}
# - {name: pm_dec, unit: mas / yr, datatype: float64}
# - {name: radial_velocity, unit: km / s, datatype: float64}
# delimiter: ','
# meta: !!omap
# - __serialized_columns__:
#     dec:
#       __class__: astropy.coordinates.angles.Latitude
#       unit: &id001 !astropy.units.Unit {unit: deg}
#       value: !astropy.table.SerializedColumn {name: dec}
#     distance:
#       __class__: astropy.coordinates.distances.Distance
#       unit: !astropy.units.Unit {unit: kpc}
#       value: !astropy.table.SerializedColumn {name: distance}
#     pm_dec:
#       __class__: astropy.units.quantity.Quantity
#       unit: !astropy.units.Unit {unit: mas / yr}
#       value: !astropy.table.SerializedColumn {name: pm_dec}
#     pm_ra_cosdec:
#       __class__: astropy.units.quantity.Quantity
#       unit: !astropy.units.Unit {unit: mas / yr}
#       value: !astropy.table.SerializedColumn {name: pm_ra_cosdec}
#     ra:
#       __class__: astropy.coordinates.angles.Longitude
#       unit: *id001
#       value: !astropy.table.SerializedColumn {name: ra}
#       wrap_angle: !astropy.coordinates.Angle
#         unit: *id001
#         value: 360.0
#     radial_velocity:
#       __class__: astropy.units.quantity.Quantity
#       unit: !astropy.units.Unit {unit: km / s}
#       value: !astropy.table.SerializedColumn {name: radial_velocity}
# schema: astropy-2.0
ra,dec,distance,pm_ra_cosdec,pm_dec,radial_velocity
345.8519318132013,-18.890696822203125,1.0000000000000007,0.6596546530536784,-2.777125760738244,1000.0000000000003
345.85330625978565,-18.877839665082465,1.0000000000000009,0.6604124544803085,-2.7775577966109353,1000.0000000000002
345.85470554625766,-18.86500861922653,1.0000000000000009,0.6611671799532104,-2.77797461156419,1000.0000000000007
345.8561296149963,-18.852203630158705,1.000000000000001,0.6619188383010197,-2.7783762573411224,1000.0000000000007
345.8575784084312,-18.83942464339045,1.0000000000000009,0.6626674383427513,-2.7787627856884,1000.0000000000006
345.8590518690424,-18.826671604421495,1.0000000000000009,0.6634129888869964,-2.779134248356428,1000.0000000000006
345.86054993935954,-18.81394445873995,1.0000000000000009,0.6641554987333151,-2.7794906970991633,1000.0000000000006
345.86207256196195,-18.801243151822526,1.0000000000000009,0.6648949766713983,-2.7798321836742446,1000.0000000000003
345.8636196794784,-18.788567629134423,1.0000000000000009,0.6656314314813301,-2.780158759842763,1000.0000000000006
345.8651912345866,-18.77591783612959,1.0000000000000009,0.6663648719342916,-2.7804704773693913,1000.0000000000006
345.8667871700129,-18.76329371825091,1.0000000000000007,0.6670953067919925,-2.7807673880222126,1000.0000000000003
345.86840742853224,-18.750695220930087,1.0000000000000007,0.6678227448078076,-2.781049543572898,1000.0000000000006
345.87005195296746,-18.738122289587952,1.0000000000000007,0.6685471947258961,-2.7813169957963453,1000.0000000000009
345.8717206861896,-18.72557486963444,1.0000000000000007,0.6692686652816207,-2.7815697964709756,1000.0000000000006
345.8734135711167,-18.713052906468885,1.0000000000000009,0.6699871652023575,-2.7818079973783796,1000.0000000000008
345.87513055071463,-18.7005563454799,1.0000000000000007,0.670702703207013,-2.7820316503036224,1000.0000000000003
345.87687156799586,-18.68808513204561,1.0000000000000007,0.6714152880059174,-2.7822408070349525,1000.0000000000002
345.87863656601974,-18.67563921153374,1.0000000000000007,0.6721249283018125,-2.7824355193638723,1000.0000000000006
345.8804254878917,-18.663218529301794,1.0000000000000009,0.6728316327895598,-2.7826158390850324,1000.0000000000001
345.88223827676376,-18.650823030697023,1.0000000000000007,0.6735354101558713,-2.7827818179962946,1000.0000000000006
345.88407487583345,-18.63845266105656,1.0000000000000007,0.6742362690802963,-2.782933507898669,1000.0000000000003
345.88593522834384,-18.626107365707714,1.0000000000000007,0.6749342182346609,-2.7830709605962625,1000.0000000000006
345.88781927758333,-18.613787089967797,1.0000000000000007,0.6756292662837282,-2.7831942278961677,1000.0000000000006
345.88972696688535,-18.6014917791444,1.0000000000000007,0.6763214218847224,-2.7833033616085814,1000.0000000000006
345.89165823962804,-18.589221378535417,1.0000000000000007,0.6770106936884517,-2.783398413546678,1000.0000000000002
345.89361303923386,-18.576975833429305,1.0000000000000007,0.6776970903380999,-2.7834794355266155,1000.0000000000003
345.89559130916956,-18.56475508910496,1.0000000000000007,0.6783806204706622,-2.783546479367473,1000.0000000000002
345.8975929929457,-18.552559090831966,1.0000000000000007,0.6790612927163195,-2.7835995968911718,1000.0000000000006
345.89961803411654,-18.54038778387062,1.0000000000000007,0.6797391156988581,-2.7836388399226024,1000.0000000000003
345.9016663762795,-18.5282411134722,1.0000000000000007,0.6804140980357118,-2.78366426028942,1000.0000000000003
345.90373796307523,-18.51611902487882,1.0000000000000007,0.6810862483381896,-2.783675909822094,1000.0000000000007
345.9058327381872,-18.50402146332364,1.0000000000000007,0.6817555752112696,-2.7836738403538988,1000.0000000000006
345.9079506453414,-18.49194837403112,1.0000000000000007,0.682422087254217,-2.7836581037208177,1000.0000000000006
345.91009162830585,-18.47989970221685,1.0000000000000007,0.6830857930607763,-2.783628751761512,1000.0000000000006
345.91225563089097,-18.467875393087812,1.0000000000000007,0.6837467012185812,-2.7835858363174424,1000.0000000000006
345.91444259694873,-18.455875391842422,1.0000000000000007,0.684404820309986,-2.7835294092325427,1000.0000000000003
345.91665247037247,-18.443899643670743,1.0000000000000004,0.6850601589118455,-2.783459522353482,1000.0000000000001
345.91888519509695,-18.431948093754393,1.0000000000000007,0.6857127255960762,-2.7833762275295584,1000.0000000000003
345.92114071509786,-18.42002068726673,1.0000000000000007,0.6863625289289104,-2.7832795766124363,1000.0000000000002
345.9234189743915,-18.408117369373088,1.0000000000000009,0.6870095774719758,-2.7831696214565085,1000.0000000000006
345.9257199170346,-18.396238085230618,1.0000000000000004,0.6876538797821539,-2.783046413918534,1000.0000000000002
345.9280434871243,-18.384382779988545,1.0000000000000009,0.6882954444111675,-2.7829100058578007,1000.0000000000003
345.9303896287974,-18.372551398788207,1.0000000000000004,0.688934279906448,-2.7827604491359423,1000.0000000000002
345.9327582862305,-18.360743886763267,1.0000000000000007,0.6895703948107936,-2.7825977956171712,1000.0
345.9351494036397,-18.348960189039616,1.0000000000000007,0.6902037976627255,-2.7824220971678955,1000.0000000000003
345.93756292528025,-18.337200250735545,1.0000000000000004,0.6908344969965157,-2.7822334056569247,1000.0000000000002
345.9399987954462,-18.325464016961984,1.0000000000000007,0.6914625013422366,-2.7820317729554773,1000.0000000000001
345.94245695847036,-18.313751432822354,1.0000000000000007,0.692087819226245,-2.781817250936946,1000.0000000000002
345.9449373587242,-18.302062443412805,1.0000000000000007,0.6927104591704563,-2.7815898914770116,1000.0000000000006
345.9474399406171,-18.290396993822245,1.0000000000000004,0.6933304296935461,-2.781349746453614,1000.0000000000002
345.94996464859634,-18.278755029132565,1.0000000000000004,0.6939477393105165,-2.7810968677469035,1000.0000000000002
345.9525114271471,-18.267136494418544,1.0000000000000004,0.6945623965328167,-2.7808313072391684,1000.0000000000006
345.955080220792,-18.255541334748028,1.0000000000000004,0.6951744098682937,-2.7805531168148434,1000.0000000000002
345.9576709740909,-18.24396949518199,1.0000000000000007,0.6957837878216822,-2.7802623483605515,1000.0000000000006
345.9602836316403,-18.232420920774782,1.0000000000000004,0.6963905388948106,-2.7799590537649337,1000.0000000000003
345.9629181380739,-18.220895556573954,1.0000000000000004,0.696994671586161,-2.779643284918663,1000.0000000000002
345.9655744380617,-18.20939334762048,1.0000000000000004,0.6975961943914015,-2.7793150937145725,1000.0000000000001
345.9682524763099,-18.197914238948965,1.0000000000000004,0.6981951158033795,-2.7789745320473926,1000.0000000000006
345.97095219756085,-18.186458175587504,1.0000000000000004,0.698791444312171,-2.7786216518139213,1000.0000000000006
345.9736735465926,-18.175025102557914,1.0000000000000004,0.6993851884055715,-2.7782565049128394,1000.0000000000003
345.9764164682188,-18.16361496487573,1.0000000000000004,0.6999763565686834,-2.7778791432448102,1000.0000000000002
345.9791809072885,-18.152227707550498,1.0000000000000004,0.7005649572842074,-2.7774896187123304,1000.0000000000003
345.9819668086856,-18.14086327558557,1.0000000000000004,0.7011509990328335,-2.777087983219886,1000.0000000000002
345.9847741173293,-18.129521613978383,1.0000000000000004,0.70173449029285,-2.7766742886736395,1000.0000000000003
345.98760277817314,-18.11820266772045,1.0000000000000004,0.7023154395409534,-2.7762485869818008,1000.0000000000001
345.99045273620493,-18.106906381797607,1.0000000000000004,0.702893855251574,-2.7758109300541918,1000.0
345.993323936447,-18.095632701189857,1.0000000000000004,0.7034697458975643,-2.7753613698025106,1000.0000000000001
345.9962163239555,-18.084381570871585,1.0000000000000004,0.7040431199500077,-2.7748999581400966,1000.0000000000002
345.9991298438203,-18.07315293581175,1.0000000000000004,0.7046139858780478,-2.774426746982151,1000.0000000000006
346.0020644411647,-18.06194674097373,1.0000000000000004,0.7051823521503664,-2.773941788245473,1000.0000000000003
346.00502006114556,-18.050762931315578,1.0000000000000004,0.7057482272330233,-2.7734451338485258,1000.0000000000001
346.00799664895254,-18.03960145179,1.0000000000000004,0.7063116195917445,-2.772936835711434,1000.0000000000001
346.0109941498082,-18.028462247344606,1.0000000000000004,0.7068725376910052,-2.7724169457560137,1000.0000000000002
346.01401250896794,-18.017345262921786,1.0000000000000007,0.7074309899935685,-2.7718855159055664,1000.0000000000001
346.0170516717193,-18.006250443458853,1.0000000000000004,0.7079869849620906,-2.7713425980850417,1000.0000000000001
346.02011158338206,-17.995177733888294,1.0000000000000004,0.7085405310578992,-2.7707882442208316,1000.0000000000002
346.02319218930813,-17.984127079137565,1.0000000000000004,0.7090916367419169,-2.7702225062410193,1000.0000000000002
346.0262934348812,-17.973098424129386,1.0000000000000004,0.7096403104738158,-2.7696454360750593,1000.0000000000001
346.02941526551626,-17.962091713781696,1.0000000000000004,0.7101865607136517,-2.769057085653877,1000.0000000000001
346.0325576266599,-17.951106893007903,1.0000000000000004,0.7107303959200735,-2.768457506909897,1000.0000000000002
346.0357204637897,-17.940143906716735,1.0000000000000004,0.7112718245523055,-2.7678467517769576,1000.0000000000001
346.0389037224142,-17.92920269981243,1.0000000000000004,0.7118108550686628,-2.7672248721903046,1000.0000000000003
346.04210734807265,-17.918283217194933,1.0000000000000004,0.7123474959276521,-2.766591920086526,1000.0
346.0453312863347,-17.90738540375974,1.0000000000000004,0.712881755587766,-2.765947947403582,1000.0000000000002
346.04857548280063,-17.89650920439813,1.0000000000000004,0.7134136425072768,-2.765293006080782,1000.0
346.05183988310034,-17.885654563997154,1.0000000000000004,0.7139431651449613,-2.764627148058736,1000.0000000000001
346.055124432894,-17.874821427439898,1.0000000000000004,0.7144703319594328,-2.763950425279347,1000.0
346.05842907787115,-17.864009739605294,1.0000000000000004,0.7149951514103421,-2.7632628896857128,1000.0
346.061753763751,-17.85321944536835,1.0000000000000004,0.7155176319571339,-2.762564593222322,1000.0
346.06509843628214,-17.8424504896002,1.0000000000000004,0.7160377820597787,-2.7618555878347166,1000.0000000000002
346.06846304124184,-17.83170281716825,1.0000000000000004,0.7165556101795616,-2.7611359254697305,999.9999999999999
346.0718475244366,-17.820976372936087,1.0000000000000004,0.7170711247777675,-2.760405658075321,1000.0000000000001
346.07525183170145,-17.810271101763657,1.0000000000000004,0.7175843343168822,-2.7596648376006456,999.9999999999999
346.07867590889987,-17.799586948507425,1.0000000000000004,0.7180952472601518,-2.758913515995914,999.9999999999999
346.0821197019237,-17.788923858020254,1.0,0.7186038720718813,-2.758151745212558,1000.0
346.0855831566928,-17.778281775151598,1.0000000000000002,0.7191102172173913,-2.757379577203025,1000.0
346.089066219155,-17.767660644747544,1.0000000000000002,0.7196142911635377,-2.7565970639207436,1000.0
346.0925688352856,-17.757060411650983,1.0000000000000002,0.7201161023776663,-2.7558042573203494,1000.0
346.09609095108766,-17.746481020701488,1.0000000000000002,0.7206156593293258,-2.7550012093573883,1000.0000000000001
346.09963251259137,-17.73592241673549,1.0000000000000002,0.7211129704890951,-2.7541879719884363,1000.0000000000002
346.10319346585413,-17.725384544586486,1.0000000000000002,0.7216080443290949,-2.7533645971710357,1000.0000000000003
346.1067737569602,-17.714867349084827,1.0000000000000002,0.7221008893232224,-2.752531136863702,1000.0
346.1103733320206,-17.704370775057996,1.0000000000000002,0.7225915139469237,-2.7516876430258748,999.9999999999999
346.1139921371729,-17.693894767330566,1.0000000000000004,0.7230799266773786,-2.7508341676179384,1000.0000000000001
346.117630118581,-17.683439270724463,1.0000000000000002,0.7235661359938703,-2.749970762601116,1000.0
346.121287222435,-17.673004230058748,1.0000000000000002,0.724050150377451,-2.749097479937518,1000.0
346.1249633949509,-17.66258959014989,1.0000000000000002,0.7245319783115249,-2.748214371590173,1000.0
346.12865858237075,-17.652195295811747,1.0000000000000002,0.725011628281031,-2.7473214895228466,1000.0000000000003
346.1323727309618,-17.64182129185576,1.0000000000000004,0.7254891087739637,-2.746418885700187,1000.0000000000001
346.1361057870171,-17.631467523090826,1.0000000000000002,0.7259644282796671,-2.7455066120876452,1000.0000000000001
346.13985769685473,-17.621133934323474,1.0000000000000002,0.7264375952907116,-2.744584720651325,1000.0000000000001
346.143628406818,-17.610820470358007,1.0000000000000002,0.7269086183014508,-2.7436532633582758,1000.0
346.14741786327494,-17.60052707599641,1.0000000000000002,0.7273775058092369,-2.742712292176101,1000.0000000000001
346.1512260126184,-17.590253696038513,1.0000000000000002,0.727844266313987,-2.7417618590732147,1000.0
346.15505280126587,-17.580000275282003,1.0000000000000002,0.7283089083179419,-2.740802016018705,999.9999999999999
346.1588981756589,-17.56976675852263,1.0000000000000002,0.7287714403264616,-2.7398328149823428,1000.0000000000001
346.1627620822634,-17.55955309055407,1.0000000000000002,0.7292318708478973,-2.7388543079345453,1000.0
346.16664446756926,-17.549359216168078,1.0000000000000002,0.7296902083930306,-2.737866546846334,1000.0000000000002
346.1705452780902,-17.539185080154677,1.0,0.7301464614762381,-2.7368695836893977,1000.0
346.17446446036354,-17.529030627302006,1.0000000000000002,0.7306006386143906,-2.7358634704360085,1000.0000000000001
346.1784019609502,-17.518895802396507,1.0000000000000002,0.7310527483278904,-2.7348482590590137,1000.0000000000001
346.1823577264343,-17.508780550222937,1.0000000000000002,0.7315027991404364,-2.7338240015318362,1000.0
346.18633170342304,-17.498684815564587,1.0000000000000002,0.7319507995787262,-2.732790749828432,999.9999999999999
346.1903238385467,-17.488608543203096,1.0000000000000002,0.732396758173202,-2.7317485559232324,1000.0000000000002
346.1943340784583,-17.478551677918684,1.0000000000000002,0.7328406834575389,-2.7306974717912667,999.9999999999999
346.1983623698336,-17.46851416449013,1.0000000000000002,0.7332825839688937,-2.7296375494079825,1000.0
346.2024086593706,-17.458495947694985,1.0000000000000002,0.7337224682483026,-2.7285688407493467,1000.0
346.2064728937897,-17.448496972309414,1.0000000000000002,0.734160344840106,-2.727491397791738,1000.0000000000002
346.2105550198335,-17.43851718310837,1.0000000000000004,0.7345962222928222,-2.7264052725119896,999.9999999999999
346.2146549842665,-17.42855652486577,1.0000000000000002,0.7350301091583162,-2.725310516887305,1000.0
346.21877273387486,-17.418614942354306,1.0000000000000002,0.735462013992958,-2.7242071828953627,999.9999999999997
346.2229082154666,-17.408692380345684,1.0000000000000004,0.735891945356471,-2.723095322514183,999.9999999999997
346.22706137587113,-17.39878878361062,1.0,0.7363199118128705,-2.7219749877221346,1000.0
346.23123216193903,-17.388904096919006,1.0000000000000002,0.7367459219304848,-2.7208462304979193,1000.0000000000001
346.2354205205422,-17.379038265039778,1.0000000000000002,0.7371699842813015,-2.71970910282063,1000.0000000000002
346.2396263985734,-17.369191232741084,1.0,0.7375921074423317,-2.7185636566696587,1000.0
346.24384974294634,-17.359362944790448,1.0000000000000002,0.7380122999938905,-2.7174099440246238,1000.0
346.2480905005953,-17.349553345954607,1.0000000000000002,0.7384305705214018,-2.716248016865471,1000.0
346.252348618475,-17.339762380999712,1.0000000000000002,0.7388469276146878,-2.7150779271724232,1000.0
346.2566240435608,-17.32998999469134,1.0000000000000002,0.7392613798678909,-2.713899726925895,999.9999999999999
346.26091672284787,-17.320236131794644,1.0000000000000002,0.7396739358796012,-2.7127134681065854,1000.0
346.2652266033517,-17.310500737074257,1.0000000000000002,0.7400846042531057,-2.7115192026953636,1000.0
346.26955363210755,-17.300783755294447,1.0000000000000002,0.7404933935969069,-2.7103169826733122,1000.0
