galstreams/tracks/track.st.NGC3201-Gjoll.palau2021.ecsv
# %ECSV 0.9
# ---
# datatype:
# - {name: ra, unit: deg, datatype: float64}
# - {name: dec, unit: deg, datatype: float64}
# - {name: distance, unit: kpc, datatype: float64}
# - {name: pm_ra_cosdec, unit: mas / yr, datatype: float64}
# - {name: pm_dec, unit: mas / yr, datatype: float64}
# - {name: radial_velocity, unit: km / s, datatype: float64}
# delimiter: ','
# meta: !!omap
# - __serialized_columns__:
#     dec:
#       __class__: astropy.coordinates.angles.Latitude
#       unit: &id001 !astropy.units.Unit {unit: deg}
#       value: !astropy.table.SerializedColumn {name: dec}
#     distance:
#       __class__: astropy.coordinates.distances.Distance
#       unit: !astropy.units.Unit {unit: kpc}
#       value: !astropy.table.SerializedColumn {name: distance}
#     pm_dec:
#       __class__: astropy.units.quantity.Quantity
#       unit: !astropy.units.Unit {unit: mas / yr}
#       value: !astropy.table.SerializedColumn {name: pm_dec}
#     pm_ra_cosdec:
#       __class__: astropy.units.quantity.Quantity
#       unit: !astropy.units.Unit {unit: mas / yr}
#       value: !astropy.table.SerializedColumn {name: pm_ra_cosdec}
#     ra:
#       __class__: astropy.coordinates.angles.Longitude
#       unit: *id001
#       value: !astropy.table.SerializedColumn {name: ra}
#       wrap_angle: !astropy.coordinates.Angle
#         unit: *id001
#         value: 360.0
#     radial_velocity:
#       __class__: astropy.units.quantity.Quantity
#       unit: !astropy.units.Unit {unit: km / s}
#       value: !astropy.table.SerializedColumn {name: radial_velocity}
# schema: astropy-2.0
ra,dec,distance,pm_ra_cosdec,pm_dec,radial_velocity
[from data line 6617]
93.60142630500252,-22.675476486365625,4.640259149587598,23.580688898807352,-21.50773533972345,-3.705137537143829e-13
93.61007647021502,-22.681528957385186,4.640881164541093,23.579977267771817,-21.5049875017598,-5.389290963118296e-13
93.61872752234376,-22.68758081287401,4.641502854578189,23.579264351712617,-21.502238108575014,-4.041968222338722e-13
93.6273794615555,-22.693632052702572,4.642124219431304,23.578550150918637,-21.499487161013523,-4.3787989075336156e-13
93.63603228801675,-22.69968267674138,4.642745258833111,23.57783466567893,-21.496734659920044,-4.715629592728509e-13
93.64468600189396,-22.705732684861115,4.643365972516614,23.577117896282775,-21.493980606139566,-5.052460277923403e-13
93.65334060335347,-22.711782076932625,4.643986360215088,23.57639984301961,-21.49122500051729,-5.052460277923403e-13
93.66199609256135,-22.717830852826733,4.644606421662107,23.57568050617909,-21.488467843898757,-3.705137537143829e-13
93.6706524696836,-22.72387901241446,4.645226156591546,23.57495988605102,-21.485709137129714,-5.389290963118296e-13
93.6793097348862,-22.729926555567022,4.6458455647375665,23.574237982925492,-21.48294888105619,-5.052460277923403e-13
93.68796788833481,-22.735973482155575,4.646464645834637,23.573514797092706,-21.48018707652448,-5.052460277923403e-13
93.69662693019498,-22.742019792051465,4.647083399617507,23.572790328843077,-21.477423724381147,-4.041968222338722e-13
93.7052868606322,-22.74806548512618,4.647701825821215,23.572064578467224,-21.474658825473007,-5.052460277923403e-13
93.71394767981187,-22.754110561251363,4.64831992418111,23.571337546256007,-21.471892380647137,-3.031476166754042e-13
93.72260938789901,-22.76015502029859,4.648937694432852,23.57060923250035,-21.469124390750867,-4.3787989075336156e-13
93.73127198505874,-22.76619886213976,4.649555136312346,23.569879637491518,-21.466354856631813,-4.041968222338722e-13
93.739935471456,-22.772242086646802,4.6501722495558395,23.569148761520886,-21.463583779137842,-4.715629592728509e-13
93.7485998472555,-22.778284693691724,4.650789033899839,23.568416604880035,-21.460811159117032,-5.052460277923403e-13
93.75726511262181,-22.78432668314665,4.651405489081183,23.56768316786073,-21.45803699741782,-4.715629592728509e-13
93.76593126771948,-22.790368054883878,4.6520216148369755,23.566948450754975,-21.455261294888807,-3.705137537143829e-13
93.77459831271284,-22.796408808775816,4.652637410904625,23.566212453854863,-21.45248405237888,-5.052460277923403e-13
93.78326624776605,-22.802448944694902,4.653252877021848,23.565475177452836,-21.449705270737223,-5.052460277923403e-13
93.7919350730432,-22.808488462513772,4.653868012926639,23.564736621841384,-21.446924950813216,-5.052460277923403e-13
93.80060478870827,-22.81452736210519,4.654482818357304,23.563996787313275,-21.444143093456546,-3.3683068519489354e-13
93.80927539492497,-22.820565643341954,4.655097293052416,23.563255674161432,-21.44135969951712,-4.041968222338722e-13
93.81794689185692,-22.826603306096985,4.655711436750894,23.562513282678967,-21.438574769845133,-4.3787989075336156e-13
93.82661927966767,-22.83264035024339,4.656325249191908,23.561769613159196,-21.435788305291002,-3.705137537143829e-13
93.8352925585206,-22.83867677565437,4.65693873011494,23.561024665895633,-21.43300030670541,-4.715629592728509e-13
93.84396672857889,-22.84471258220316,4.657551879259772,23.560278441181968,-21.43021077493932,-5.389290963118296e-13
93.85264179000565,-22.850747769763228,4.65816469636648,23.559530939312104,-21.42741971084391,-4.041968222338722e-13
93.86131774296385,-22.856782338208095,4.658777181175434,23.558782160580105,-21.424627115270617,-6.062952333508084e-13
93.86999458761625,-22.86281628741137,4.659389333427305,23.55803210528024,-21.421832989071177,-3.3683068519489354e-13
93.87867232412557,-22.868849617246855,4.660001152863066,23.557280773706974,-21.419037333097506,-3.3683068519489354e-13
93.88735095265427,-22.874882327588356,4.660612639223956,23.55652816615494,-21.41624014820183,-3.3683068519489354e-13
93.8960304733648,-22.880914418309924,4.6612237922515565,23.555774282919018,-21.413441435236592,-4.3787989075336156e-13
93.90471088641934,-22.886945889285613,4.661834611687715,23.555019124294176,-21.410641195054488,-4.3787989075336156e-13
93.91339219198005,-22.892976740389642,4.662445097274583,23.55426269057569,-21.407839428508517,-5.726121648313189e-13
93.92207439020893,-22.899006971496412,4.6630552487546195,23.55350498205894,-21.40503613645183,-3.705137537143829e-13
93.9307574812677,-22.905036582480253,4.663665065870565,23.552745999039512,-21.402231319737904,-5.052460277923403e-13
93.9394414653182,-22.911065573215847,4.664274548365471,23.55198574181325,-21.39942497922045,-3.3683068519489354e-13
93.94812634252182,-22.91709394357777,4.664883695982676,23.55122421067608,-21.396617115753415,-4.041968222338722e-13
93.9568121130401,-22.923121693440876,4.665492508465822,23.550461405924167,-21.393807730190975,-4.041968222338722e-13
93.96549877703421,-22.92914882268003,4.666100985558849,23.54969732785387,-21.3909968233876,-4.3787989075336156e-13
93.9741863346653,-22.93517533117027,4.666709127005989,23.54893197676176,-21.38818439619799,-5.052460277923403e-13
93.98287478609447,-22.941201218786784,4.6673169325518025,23.548165352944554,-21.385370449477055,-4.041968222338722e-13
93.9915641314824,-22.947226485404745,4.667924401941092,23.547397456699134,-21.382554984079995,-4.715629592728509e-13
94.00025437098995,-22.953251130899602,4.6685315349189915,23.54662828832267,-21.37973800086224,-4.3787989075336156e-13
94.00894550477757,-22.959275155146752,4.669138331230938,23.545857848112416,-21.376919500679463,-3.705137537143829e-13
94.01763753300578,-22.96529855802189,4.669744790622657,23.545086136365867,-21.374099484387575,-4.3787989075336156e-13
94.0263304558348,-22.97132133940064,4.670350912840186,23.54431315338067,-21.37127795284274,-3.705137537143829e-13
94.0350242734248,-22.977343499158888,4.670956697629833,23.543538899454706,-21.368454906901363,-4.041968222338722e-13
94.04371898593585,-22.983365037172604,4.671562144738237,23.542763374886043,-21.36563034742009,-4.041968222338722e-13
94.05241459352773,-22.989385953317786,4.672167253912312,23.541986579972846,-21.36280427525582,-4.3787989075336156e-13
94.06111109636026,-22.995406247470694,4.672772024899279,23.54120851501361,-21.359976691265665,-4.3787989075336156e-13
94.06980849459292,-23.001425919507536,4.673376457446657,23.540429180306884,-21.357147596307023,-5.389290963118296e-13
94.0785067883853,-23.007444969304807,4.673980551302271,23.539648576151492,-21.35431699123749,-3.705137537143829e-13
94.08720597789656,-23.01346339673897,4.674584306214232,23.53886670284641,-21.351484876914927,-3.705137537143829e-13
94.09590606328592,-23.01948120168669,4.675187721930974,23.53808356069075,-21.34865125419741,-4.715629592728509e-13
94.1046070447125,-23.025498384024765,4.675790798201194,23.537299149983937,-21.345816123943283,-4.3787989075336156e-13
94.11330892233505,-23.03151494363,4.676393534773924,23.536513471025454,-21.342979487011117,-5.726121648313189e-13
94.12201169631243,-23.037530880379485,4.676995931398466,23.53572652411506,-21.340141344259724,-4.3787989075336156e-13
94.13071536680316,-23.043546194150228,4.677597987824451,23.53493830955264,-21.337301696548167,-5.052460277923403e-13
94.1394199339658,-23.049560884819538,4.678199703801788,23.534148827638283,-21.334460544735673,-3.705137537143829e-13
94.14812539795855,-23.055574952264674,4.6788010790806895,23.533358078672258,-21.331617889681816,-5.389290963118296e-13
94.1568317589397,-23.06158839636315,4.679402113411671,23.532566062955063,-21.328773732246347,-4.3787989075336156e-13
94.1655390170673,-23.067601216992557,4.680002806545561,23.531772780787318,-21.325928073289234,-6.062952333508084e-13
94.1742471724992,-23.073613414030532,4.680603158233455,23.530978232469856,-21.323080913670726,-4.041968222338722e-13
94.1829562253932,-23.079624987354954,4.681203168226795,23.5301824183037,-21.320232254251273,-5.389290963118296e-13
94.19166617590689,-23.08563593684367,4.6818028362772806,23.529385338590057,-21.3173820958916,-4.715629592728509e-13
94.20037702419783,-23.091646262374805,4.682402162136913,23.528586993630284,-21.314530439452582,-5.052460277923403e-13
94.20908877042324,-23.09765596382643,4.683001145558055,23.527787383725972,-21.311677285795444,-5.052460277923403e-13
94.2178014147404,-23.103665041076873,4.683599786293276,23.526986509178855,-21.30882263578154,-3.705137537143829e-13
94.22651495730642,-23.10967349400454,4.6841980840955255,23.526184370290895,-21.30596649027251,-4.041968222338722e-13
94.23522939827814,-23.115681322487884,4.684796038718016,23.525380967364182,-21.303108850130226,-5.052460277923403e-13
94.24394473781234,-23.121688526405578,4.685393649914268,23.52457630070103,-21.300249716216776,-4.715629592728509e-13
94.25266097606574,-23.127695105636384,4.685990917438097,23.523770370603923,-21.29738908939447,-4.715629592728509e-13
94.26137811319481,-23.133701060059128,4.686587841043631,23.52296317737554,-21.294526970525865,-4.715629592728509e-13
94.27009614935585,-23.139706389552774,4.687184420485303,23.52215472131871,-21.29166336047376,-4.3787989075336156e-13
94.2788150847051,-23.145711093996432,4.687780655517819,23.521345002736474,-21.288798260101153,-3.031476166754042e-13
94.28753491939871,-23.151715173269345,4.688376545896224,23.52053402193205,-21.285931670271275,-4.3787989075336156e-13
94.29625565359252,-23.15771862725079,4.6889720913758355,23.519721779208833,-21.283063591847622,-3.3683068519489354e-13
94.30497728744237,-23.163721455820244,4.689567291712287,23.518908274870398,-21.28019402569388,-4.3787989075336156e-13
94.31369982110397,-23.169723658857293,4.690162146661515,23.51809350922051,-21.277322972673943,-4.715629592728509e-13
94.32242325473275,-23.175725236241615,4.690756655979739,23.51727748256312,-21.27445043365201,-4.041968222338722e-13
94.33114758848409,-23.18172618785294,4.6913508194235085,23.516460195202338,-21.27157640949244,-4.715629592728509e-13
94.33987282251326,-23.18772651357124,4.69194463674966,23.515641647442465,-21.268700901059834,-4.715629592728509e-13
94.3485989569754,-23.193726213276594,4.6925381077153165,23.514821839588027,-21.26582390921902,-3.705137537143829e-13
94.35732599202531,-23.199725286849063,4.693131232077944,23.514000771943618,-21.26294543483504,-4.041968222338722e-13
94.36605392781792,-23.205723734168956,4.693724009595265,23.51317844481414,-21.260065478773196,-5.052460277923403e-13
94.37478276450791,-23.211721555116696,4.694316440025338,23.512354858504626,-21.257184041898952,-5.389290963118296e-13
94.38351250224979,-23.217718749572782,4.694908523126511,23.511530013320254,-21.254301125078072,-2.694645481559148e-13
94.39224314119785,-23.22371531741776,4.695500258657436,23.510703909566438,-21.251416729176505,-4.3787989075336156e-13
94.40097468150643,-23.22971125853243,4.696091646377059,23.509876547548714,-21.24853085506039,-5.052460277923403e-13
94.40970712332967,-23.23570657279768,4.696682686044644,23.509047927572873,-21.245643503596135,-5.052460277923403e-13
94.41844046682142,-23.241701260094427,4.697273377419742,23.50821804994482,-21.24275467565036,-5.052460277923403e-13
94.42717471213558,-23.247695320303798,4.697863720262218,23.50738691497065,-21.23986437208988,-4.715629592728509e-13
94.43590985942588,-23.253688753307035,4.698453714332241,23.50655452295669,-21.236972593781772,-4.3787989075336156e-13
94.44464590884577,-23.25968155898544,4.699043359390287,23.505720874209374,-21.234079341593283,-4.3787989075336156e-13
94.45338286054866,-23.265673737220432,4.699632655197109,23.504885969035357,-21.231184616391936,-4.715629592728509e-13
94.4621207146878,-23.271665287893605,4.7002216015138005,23.504049807741453,-21.228288419045427,-4.715629592728509e-13
94.4708594714164,-23.277656210886686,4.7008101981017285,23.503212390634694,-21.225390750421685,-4.3787989075336156e-13
94.47959913088732,-23.283646506081414,4.701398444722574,23.50237371802223,-21.222491611388875,-5.389290963118296e-13
94.48833969325345,-23.289636173359757,4.701986341138328,23.501533790211433,-21.219591002815346,-5.726121648313189e-13
94.49708115866754,-23.29562521260376,4.702573887111275,23.50069260750986,-21.216688925569677,-4.715629592728509e-13
94.50582352728202,-23.301613623695552,4.703161082404009,23.4998501702252,-21.213785380520697,-5.052460277923403e-13
94.51456679924942,-23.307601406517442,4.70374792677944,23.499006478665343,-21.21088036853738,-4.715629592728509e-13
94.52331097472191,-23.313588560951796,4.704334420000738,23.49816153313839,-21.207973890489,-3.705137537143829e-13
94.53205605385169,-23.31957508688118,4.704920561831431,23.49731533395256,-21.205065947244965,-4.715629592728509e-13
94.54080203679068,-23.32556098418816,4.705506352035329,23.496467881416283,-21.20215653967495,-3.3683068519489354e-13
94.54954892369076,-23.33154625275553,4.706091790376527,23.49561917583819,-21.19924566864884,-4.041968222338722e-13
94.55829671470372,-23.337530892466205,4.706676876619455,23.49476921752704,-21.196333335036694,-4.3787989075336156e-13
94.56704540998096,-23.34351490320309,4.707261610528837,23.49391800679178,-21.193419539708845,-4.3787989075336156e-13
94.57579500967405,-23.349498284849375,4.707845991869689,23.49306554394158,-21.190504283535788,-5.052460277923403e-13
94.58454551393416,-23.355481037288218,4.70843002040735,23.49221182928568,-21.187587567388235,-4.041968222338722e-13
94.59329692291249,-23.361463160403048,4.709013695907453,23.49135686313364,-21.184669392137145,-4.3787989075336156e-13
94.60204923676,-23.367444654077246,4.709597018135929,23.490500645795088,-21.181749758653662,-5.052460277923403e-13
94.61080245562756,-23.373425518194452,4.7101799868590355,23.489643177579865,-21.178828667809125,-3.3683068519489354e-13
94.61955657966594,-23.37940575263838,4.710762601843309,23.488784458797987,-21.17590612047512,-4.3787989075336156e-13
94.62831160902562,-23.385385357292808,4.711344862855621,23.487924489759635,-21.172982117523407,-4.715629592728509e-13
94.63706754385711,-23.391364332041746,4.711926769663119,23.48706327077519,-21.170056659825985,-4.3787989075336156e-13
94.64582438431061,-23.397342676769192,4.71250832203327,23.486200802155167,-21.16712974825504,-4.041968222338722e-13
94.65458213053638,-23.403320391359387,4.713089519733849,23.485337084210315,-21.16420138368298,-5.052460277923403e-13
94.66334078268432,-23.409297475696565,4.713670362532927,23.48447211725147,-21.16127156698239,-4.715629592728509e-13
94.67210034090432,-23.415273929665204,4.7142508501988765,23.483605901589726,-21.158340299026122,-5.052460277923403e-13
94.68086080534621,-23.421249753149862,4.71483098250041,23.48273843753637,-21.15540758068719,-4.041968222338722e-13
94.6896221761594,-23.42722494603512,4.715410759206493,23.481869725402717,-21.1524734128388,-5.389290963118296e-13
94.69838445349349,-23.433199508205863,4.715990180086438,23.48099976550042,-21.149537796354384,-3.3683068519489354e-13
94.70714763749763,-23.43917343954689,4.7165692449098415,23.480128558141224,-21.14660073210763,-5.052460277923403e-13
94.71591172832109,-23.445146739943308,4.717147953446614,23.479256103637063,-21.14366222097232,-5.052460277923403e-13
94.72467672611282,-23.451119409280178,4.717726305466971,23.478382402300056,-21.140722263822557,-5.052460277923403e-13
94.7334426310217,-23.457091447442796,4.7183043007414405,23.47750745444245,-21.13778086153253,-4.715629592728509e-13
94.74220944319651,-23.463062854316593,4.718881939040843,23.476631260376735,-21.13483801497673,-4.041968222338722e-13
94.75097716278579,-23.469033629786974,4.7194592201363195,23.475753820415505,-21.13189372502981,-3.3683068519489354e-13
94.75974578993801,-23.475003773739637,4.720036143799307,23.47487513487161,-21.128947992566616,-4.715629592728509e-13
94.76851532480144,-23.480973286060262,4.720612709801542,23.473995204057978,-21.126000818462224,-5.389290963118296e-13
94.7772857675243,-23.486942166634776,4.721188917915098,23.473114028287778,-21.12305220359188,-5.389290963118296e-13
