galstreams/tracks/track.st.M68.ibata2021.ecsv
# %ECSV 0.9
# ---
# datatype:
# - {name: ra, unit: deg, datatype: float64}
# - {name: dec, unit: deg, datatype: float64}
# - {name: distance, unit: kpc, datatype: float64}
# - {name: pm_ra_cosdec, unit: mas / yr, datatype: float64}
# - {name: pm_dec, unit: mas / yr, datatype: float64}
# - {name: radial_velocity, unit: km / s, datatype: float64}
# delimiter: ','
# meta: !!omap
# - __serialized_columns__:
#     dec:
#       __class__: astropy.coordinates.angles.Latitude
#       unit: &id001 !astropy.units.Unit {unit: deg}
#       value: !astropy.table.SerializedColumn {name: dec}
#     distance:
#       __class__: astropy.coordinates.distances.Distance
#       unit: !astropy.units.Unit {unit: kpc}
#       value: !astropy.table.SerializedColumn {name: distance}
#     pm_dec:
#       __class__: astropy.units.quantity.Quantity
#       unit: !astropy.units.Unit {unit: mas / yr}
#       value: !astropy.table.SerializedColumn {name: pm_dec}
#     pm_ra_cosdec:
#       __class__: astropy.units.quantity.Quantity
#       unit: !astropy.units.Unit {unit: mas / yr}
#       value: !astropy.table.SerializedColumn {name: pm_ra_cosdec}
#     ra:
#       __class__: astropy.coordinates.angles.Longitude
#       unit: *id001
#       value: !astropy.table.SerializedColumn {name: ra}
#       wrap_angle: !astropy.coordinates.Angle
#         unit: *id001
#         value: 360.0
#     radial_velocity:
#       __class__: astropy.units.quantity.Quantity
#       unit: !astropy.units.Unit {unit: km / s}
#       value: !astropy.table.SerializedColumn {name: radial_velocity}
# schema: astropy-2.0
ra,dec,distance,pm_ra_cosdec,pm_dec,radial_velocity
[from data line 281]
187.269992020534,-41.099146452986396,3.963620262469745,-4.559213072704211,9.965842969530492,-3.368306851948935e-14
187.2726078433785,-41.08938996867564,3.963554708115855,-4.558980095480529,9.965995622326734,-3.368306851948935e-14
187.27522008691534,-41.07963303373334,3.963491402753952,-4.558743370175364,9.966134553431706,1.6841534259744676e-14
187.27782876301433,-41.06987564980823,3.9634303416501346,-4.558502905728305,9.966259784262345,-3.368306851948935e-14
187.28043388353797,-41.06011781854794,3.963371520070504,-4.55825871108377,9.966371336234587,-1.6841534259744676e-14
187.2830354603416,-41.05035954159851,3.963314933281163,-4.558010795190971,9.96646923076341,-5.0524602779234026e-14
187.28563350527335,-41.04060082060491,3.9632605765482114,-4.557759167003889,9.966553489262829,-6.73661370389787e-14
187.2882280301742,-41.03084165721055,3.963208445137751,-4.557503835481251,9.966624133145908,-5.0524602779234026e-14
187.2908190468778,-41.02108205305773,3.963158534315883,-4.557244809586467,9.966681183824765,-3.368306851948935e-14
187.29340656721084,-41.01132200978722,3.9631108393487064,-4.556982098287652,9.966724662710583,0.0
187.29599060299265,-41.00156152903873,3.9630653555023243,-4.5567157105575316,9.966754591213622,-3.368306851948935e-14
187.29857116603552,-40.991800612450376,3.9630220780428385,-4.556445655373472,9.966770990743207,-1.6841534259744676e-14
187.30114826814446,-40.98203926165924,3.9629810022363476,-4.5561719417174045,9.966773882707777,0.0
187.3037219211175,-40.97227747830087,3.9629421233489546,-4.555894578575826,9.966763288514844,-6.73661370389787e-14
187.30629213674536,-40.96251526400971,3.9629054366467584,-4.555613574939743,9.966739229571044,-3.368306851948935e-14
187.3088589268117,-40.95275262041873,3.9628709373958633,-4.555328939804666,9.966701727282114,-1.6841534259744676e-14
187.31142230309302,-40.942989549159826,3.962838620862368,-4.555040682170563,9.966650803052916,-1.6841534259744676e-14
187.31398227735878,-40.93322605186337,3.9628084823123744,-4.554748811041835,9.96658647828745,-3.368306851948935e-14
187.31653886137116,-40.92346213015867,3.9627805170119825,-4.554453335427282,9.966508774388846,-3.368306851948935e-14
187.31909206688536,-40.913697785673556,3.962754720227294,-4.554154264340084,9.966417712759377,-1.6841534259744676e-14
187.32164190564944,-40.90393302003482,3.962731087224411,-4.5538516067977595,9.96631331480048,-3.368306851948935e-14
187.32418838940433,-40.89416783486771,3.9627096132694333,-4.55354537182214,9.966195601912746,-5.0524602779234026e-14
187.32673152988392,-40.88440223179647,3.9626902936284623,-4.553235568439348,9.966064595495938,-6.73661370389787e-14
187.329271338815,-40.874636212443846,3.9626731235675994,-4.55292220567976,9.965920316949,-5.0524602779234026e-14
187.3318078279172,-40.864869778431576,3.962658098352945,-4.552605292577972,9.965762787670052,-5.0524602779234026e-14
187.33434100890324,-40.85510293137988,3.9626452132506005,-4.552284838172784,9.965592029056417,-5.0524602779234026e-14
187.3368708934786,-40.84533567290797,3.9626344635266686,-4.551960851507163,9.965408062504615,-5.0524602779234026e-14
187.3393974933418,-40.83556800463361,3.962625844447247,-4.551633341628217,9.96521090941038,-3.368306851948935e-14
187.3419208201843,-40.8257999281735,3.9626193512784385,-4.551302317587157,9.965000591168662,-8.420767129872338e-14
187.34444088569052,-40.81603144514291,3.9626149792863434,-4.550967788439291,9.964777129173626,-5.0524602779234026e-14
187.34695770153775,-40.806262557156096,3.962612723737065,-4.550629763243958,9.964540544818675,-5.0524602779234026e-14
187.3494712793964,-40.79649326582585,3.9626125798967022,-4.550288251064549,9.964290859496451,-5.0524602779234026e-14
187.35198163092974,-40.786723572763954,3.9626145430313575,-4.549943260968431,9.964028094598845,-5.0524602779234026e-14
187.35448876779404,-40.77695347958076,3.962618608407131,-4.549594802026951,9.96375227151701,-3.368306851948935e-14
187.35699270163857,-40.76718298788562,3.9626247712901237,-4.549242883315393,9.963463411641346,-3.368306851948935e-14
187.35949344410565,-40.75741209928643,3.9626330269464383,-4.548887513912954,9.963161536361532,-6.73661370389787e-14
187.36199100683044,-40.74764081539012,3.962643370642173,-4.548528702902711,9.962846667066525,-3.368306851948935e-14
187.3644854014413,-40.73786913780216,3.9626557976434307,-4.548166459371606,9.962518825144565,-1.6841534259744676e-14
187.36697663955945,-40.72809706812707,3.962670303216311,-4.547800792410406,9.96217803198319,-3.368306851948935e-14
187.36946473279926,-40.71832460796792,3.9626868826269175,-4.547431711113681,9.961824308969218,-6.73661370389787e-14
187.371949692768,-40.7085517589268,3.96270553114135,-4.547059224579769,9.9614576774888,-1.6841534259744676e-14
187.37443153106605,-40.69877852260442,3.9627262440257085,-4.546683341910761,9.961078158927393,-1.6841534259744676e-14
187.37691025928686,-40.68900490060049,3.9627490165460957,-4.546304072212468,9.960685774669757,-5.0524602779234026e-14
187.3793858890168,-40.67923089451331,3.9627738439686118,-4.545921424594387,9.960280546100009,0.0
187.38185843183544,-40.66945650594024,3.9628007215593573,-4.5455354081696875,9.959862494601587,-5.0524602779234026e-14
187.38432789931528,-40.6596817364772,3.962829644584435,-4.545146032055169,9.959431641557277,-1.6841534259744676e-14
187.386794303022,-40.64990658771919,3.9628606083099447,-4.544753305371247,9.958988008349209,-5.0524602779234026e-14
187.38925765451427,-40.6401310612598,3.9628936080019868,-4.544357237241922,9.958531616358878,-5.0524602779234026e-14
187.39171796534387,-40.63035515869167,3.962928638926666,-4.5439578367947435,9.958062486967133,-3.368306851948935e-14
187.3941752470557,-40.62057888160607,3.9629656963500772,-4.543555113160809,9.957580641554216,1.6841534259744676e-14
187.3966295111877,-40.61080223159332,3.9630047755383266,-4.543149075474704,9.957086101499726,-1.6841534259744676e-14
187.39908076927094,-40.60102521024233,3.963045871757513,-4.542739732874498,9.956578888182662,0.0
187.40152903282956,-40.5912478191411,3.963088980273738,-4.542327094501715,9.956059022981403,-5.0524602779234026e-14
187.40397431338084,-40.58147005987629,3.963134096353104,-4.541911169501296,9.955526527273744,-5.0524602779234026e-14
187.40641662243522,-40.57169193403356,3.9631812152617094,-4.5414919670215905,9.954981422436875,-1.6841534259744676e-14
187.40885597149617,-40.56191344319724,3.9632303322656566,-4.54106949621432,9.954423729847399,-3.368306851948935e-14
187.4112923720604,-40.55213458895077,3.9632814426310468,-4.540643766234548,9.953853470881349,-5.0524602779234026e-14
187.41372583561764,-40.54235537287617,3.963334541623981,-4.540214786240661,9.953270666914175,-5.0524602779234026e-14
187.41615637365084,-40.53257579655459,3.96338962451056,-4.539782565394343,9.95267533932077,0.0
187.41858399763615,-40.52279586156581,3.963446686556885,-4.539347112860552,9.952067509475459,-3.368306851948935e-14
187.42100871904276,-40.513015569488694,3.9635057230290576,-4.538908437807481,9.951447198752025,-5.0524602779234026e-14
187.42343054933315,-40.50323492190076,3.9635667291931784,-4.538466549406554,9.95081442852369,-5.0524602779234026e-14
187.42584949996282,-40.49345392037865,3.9636297003153476,-4.538021456832379,9.950169220163156,-1.6841534259744676e-14
187.42826558238065,-40.48367256649764,3.9636946316616677,-4.537573169262739,9.94951159504258,-3.368306851948935e-14
187.4306788080285,-40.47389086183212,3.9637615184982393,-4.537121695878553,9.948841574533597,-3.368306851948935e-14
187.43308918834157,-40.46410880795515,3.963830356091163,-4.5366670458638705,9.948159180007318,-5.0524602779234026e-14
187.43549673474817,-40.45432640643887,3.96390113970654,-4.536209228405821,9.947464432834352,-3.368306851948935e-14
187.4379014586699,-40.44454365885416,3.9639738646104723,-4.535748252694614,9.94675735438479,-5.0524602779234026e-14
187.44030337152145,-40.43476056677094,3.964048526069059,-4.535284127923493,9.946037966028234,-3.368306851948935e-14
187.44270248471088,-40.42497713175787,3.964125119348403,-4.534816863288734,9.94530628913378,-1.6841534259744676e-14
187.44509880963932,-40.415193355382705,3.9642036397146057,-4.5343464679895895,9.94456234507005,-3.368306851948935e-14
187.4474923577013,-40.405409239211885,3.9642840824337653,-4.5338729512283,9.94380615520518,-3.368306851948935e-14
187.44988314028438,-40.395624784811,3.9643664427719854,-4.533396322210039,9.943037740906833,-5.0524602779234026e-14
187.45227116876958,-40.38583999374429,3.964450715995367,-4.532916590142908,9.942257123542202,-1.6841534259744676e-14
187.45465645453103,-40.376054867575185,3.9645368973700097,-4.532433764237904,9.941464324478023,-1.6841534259744676e-14
187.4570390089362,-40.36626940786581,3.9646249821620163,-4.531947853708898,9.94065936508057,-6.73661370389787e-14
187.4594188433457,-40.35648361617735,3.9647149656374867,-4.5314588677726055,9.93984226671568,-3.368306851948935e-14
187.46179596911364,-40.34669749406981,3.964806843062523,-4.530966815648581,9.939013050748727,-3.368306851948935e-14
187.46417039758714,-40.33691104310221,3.964900609703224,-4.530471706559166,9.938171738544671,-6.73661370389787e-14
187.46654214010675,-40.327124264832534,3.9649962608256932,-4.52997354972948,9.937318351468036,-5.0524602779234026e-14
187.46891120800635,-40.31733716081758,3.965093791696031,-4.5294723543874085,9.936452910882906,-5.0524602779234026e-14
187.47127761261305,-40.30754973261308,3.9651931975803376,-4.528968129763559,9.935575438152966,-3.368306851948935e-14
187.47364136524726,-40.29776198177383,3.965294473744715,-4.528460885091247,9.93468595464148,-3.368306851948935e-14
187.4760024772227,-40.28797390985356,3.965397615455263,-4.527950629606475,9.93378448171131,-3.368306851948935e-14
187.47836095984647,-40.27818551840479,3.965502617978085,-4.527437372547904,9.932871040724912,-5.0524602779234026e-14
187.48071682441892,-40.26839680897918,3.9656094765792793,-4.526921123156831,9.931945653044359,-5.0524602779234026e-14
187.48307008223375,-40.258607783127175,3.965718186524949,-4.526401890677166,9.931008340031317,-3.368306851948935e-14
187.48542074457805,-40.24881844239834,3.965828743081195,-4.525879684355421,9.930059123047089,-5.0524602779234026e-14
187.4877688227322,-40.23902878834102,3.9659411415141173,-4.5253545134406625,9.929098023452596,-3.368306851948935e-14
187.49011432796993,-40.229238822502715,3.966055377089818,-4.524826387184513,9.92812506260838,-5.0524602779234026e-14
187.49245727155838,-40.219448546429675,3.9661714450743975,-4.524295314841115,9.92714026187463,-1.6841534259744676e-14
187.49479766475798,-40.20965796166736,3.966289340733956,-4.523761305667114,9.926143642611166,-8.420767129872338e-14
187.4971355188226,-40.19986706975992,3.966409059334597,-4.523224368921624,9.925135226177467,-1.6841534259744676e-14
187.49947084499945,-40.19007587225079,3.9665305961424195,-4.5226845138662215,9.924115033932658,-3.368306851948935e-14
187.50180365452914,-40.180284370682074,3.966653946423525,-4.522141749764924,9.923083087235518,-1.6841534259744676e-14
187.5041339586456,-40.17049256659514,3.9667791054440142,-4.521596085884144,9.922039407444496,-3.368306851948935e-14
187.50646176857634,-40.16070046153004,3.9669060684699895,-4.521047531492698,9.920984015917705,-3.368306851948935e-14
187.50878709554206,-40.150908057026115,3.9670348307675525,-4.520496095861752,9.919916934012942,-3.368306851948935e-14
187.511109950757,-40.14111535462143,3.967165387602801,-4.519941788264839,9.91883818308768,-1.6841534259744676e-14
187.5134303454288,-40.13132235585325,3.9672977342418387,-4.519384617977796,9.917747784499078,-6.73661370389787e-14
187.51574829075847,-40.121529062257636,3.9674318659507657,-4.518824594278776,9.916645759603986,-3.368306851948935e-14
187.5180637979405,-40.111735475369855,3.9675677779956846,-4.518261726448193,9.915532129758954,-3.368306851948935e-14
187.52037687816284,-40.10194159672393,3.9677054656426933,-4.517696023768739,9.914406916320239,-5.0524602779234026e-14
187.52268754260677,-40.09214742785318,3.9678449241578955,-4.51712749552533,9.913270140643794,-3.368306851948935e-14
187.5249958024472,-40.0823529702896,3.9679861488073915,-4.516556151005103,9.912121824085297,-3.368306851948935e-14
187.52730166885235,-40.07255822556449,3.9681291348572825,-4.515981999497385,9.910961988000139,-6.73661370389787e-14
187.52960515298395,-40.0627631952079,3.96827387757367,-4.51540505029368,9.909790653743435,0.0
187.53190626599718,-40.05296788074916,3.9684203722226545,-4.514825312687634,9.90860784267004,-5.0524602779234026e-14
187.5342050190408,-40.04317228371631,3.9685686140703362,-4.514242795975036,9.90741357613454,1.6841534259744676e-14
187.53650142325688,-40.03337640563672,3.968718598382817,-4.513657509453776,9.906207875491248,-5.0524602779234026e-14
187.53879548978114,-40.02358024803649,3.9688703204261997,-4.513069462423831,9.904990762094236,0.0
187.5410872297427,-40.01378381244101,3.969023775466582,-4.512478664187256,9.90376225729733,-3.368306851948935e-14
187.5433766542642,-40.00398710037444,3.969178958770067,-4.511885124048138,9.902522382454096,-1.6841534259744676e-14
187.54566377446184,-39.9941901133602,3.969335865602756,-4.511288851312606,9.901271158917876,-3.368306851948935e-14
187.54794860144528,-39.98439285292052,3.9694944912307486,-4.510689855288782,9.900008608041771,-1.6841534259744676e-14
187.55023114631777,-39.97459532057689,3.9696548309201476,-4.510088145286781,9.898734751178665,-1.6841534259744676e-14
187.552511420176,-39.96479751784961,3.969816879937053,-4.509483730618685,9.897449609681193,-6.73661370389787e-14
187.5547894341102,-39.95499944625823,3.9699806335475656,-4.508876620598507,9.8961532049018,-3.368306851948935e-14
187.55706519920432,-39.94520110732112,3.970146087017786,-4.508266824542202,9.8948455581927,-3.368306851948935e-14
187.55933872653557,-39.93540250255593,3.9703132356138178,-4.5076543517676155,9.893526690905906,-5.0524602779234026e-14
187.561610027175,-39.92560363347913,3.9704820746017595,-4.50703921159449,9.892196624393225,-6.73661370389787e-14
187.56387911218698,-39.915804501606424,3.9706525992477135,-4.50642141334442,9.89085538000626,0.0
187.56614599262969,-39.90600510845241,3.970824804817781,-4.505800966340858,9.889502979096424,-3.368306851948935e-14
187.56841067955463,-39.89620545553092,3.9709986865780613,-4.505177879909068,9.888139443014957,-1.6841534259744676e-14
187.57067318400712,-39.8864055443546,3.971174239794658,-4.5045521633761325,9.886764793112883,-3.368306851948935e-14
187.57293351702592,-39.87660537643542,3.971351459733669,-4.503923826070907,9.885379050741077,0.0
187.57519168964345,-39.866804953284166,3.971530341661199,-4.503292877324025,9.883982237250216,-5.0524602779234026e-14
187.57744771288566,-39.8570042764109,3.971710880843346,-4.502659326467856,9.88257437399083,-5.0524602779234026e-14
187.5797015977722,-39.847203347324545,3.9718930725462136,-4.502023182836512,9.881155482313257,-5.0524602779234026e-14
187.58195335531633,-39.8374021675333,3.9720769120359,-4.501384455765792,9.879725583567705,0.0
187.58420299652488,-39.82760073854423,3.9722623945785087,-4.500743154593215,9.878284699104192,-3.368306851948935e-14
187.58645053239832,-39.817799061863674,3.9724495154401405,-4.500099288657933,9.87683285027262,-5.0524602779234026e-14
187.58869597393075,-39.80799713899684,3.972638269886895,-4.4994528673007785,9.875370058422725,-5.0524602779234026e-14
187.59093933210994,-39.79819497144821,3.972828653184874,-4.498803899864205,9.873896344904097,-3.368306851948935e-14
187.59318061791734,-39.78839256072114,3.9730206606001786,-4.4981523956922835,9.872411731066201,-5.0524602779234026e-14
187.59541984232794,-39.778589908318324,3.9732142873989114,-4.497498364130668,9.870916238258364,-5.0524602779234026e-14
187.59765701631054,-39.768787015741246,3.973409528847171,-4.4968418145266105,9.869409887829782,-1.6841534259744676e-14
187.5998921508275,-39.75898388449075,3.9736063802110593,-4.496182756228904,9.867892701129538,-6.73661370389787e-14
