galstreams/tracks/track.po.Scamander.grillmair2017.ecsv
# %ECSV 0.9
# ---
# datatype:
# - {name: ra, unit: deg, datatype: float64}
# - {name: dec, unit: deg, datatype: float64}
# - {name: distance, unit: kpc, datatype: float64}
# - {name: pm_ra_cosdec, unit: mas / yr, datatype: float64}
# - {name: pm_dec, unit: mas / yr, datatype: float64}
# - {name: radial_velocity, unit: km / s, datatype: float64}
# delimiter: ','
# meta: !!omap
# - __serialized_columns__:
#     dec:
#       __class__: astropy.coordinates.angles.Latitude
#       unit: &id001 !astropy.units.Unit {unit: deg}
#       value: !astropy.table.SerializedColumn {name: dec}
#     distance:
#       __class__: astropy.coordinates.distances.Distance
#       unit: !astropy.units.Unit {unit: kpc}
#       value: !astropy.table.SerializedColumn {name: distance}
#     pm_dec:
#       __class__: astropy.units.quantity.Quantity
#       unit: !astropy.units.Unit {unit: mas / yr}
#       value: !astropy.table.SerializedColumn {name: pm_dec}
#     pm_ra_cosdec:
#       __class__: astropy.units.quantity.Quantity
#       unit: !astropy.units.Unit {unit: mas / yr}
#       value: !astropy.table.SerializedColumn {name: pm_ra_cosdec}
#     ra:
#       __class__: astropy.coordinates.angles.Longitude
#       unit: *id001
#       value: !astropy.table.SerializedColumn {name: ra}
#       wrap_angle: !astropy.coordinates.Angle
#         unit: *id001
#         value: 360.0
#     radial_velocity:
#       __class__: astropy.units.quantity.Quantity
#       unit: !astropy.units.Unit {unit: km / s}
#       value: !astropy.table.SerializedColumn {name: radial_velocity}
# schema: astropy-2.0
ra,dec,distance,pm_ra_cosdec,pm_dec,radial_velocity
[from data line 1395]
150.09118745330215,-6.5834808150579205,21.000000000000018,0.0,0.0,0.0
150.09013817621988,-6.573533747654075,21.000000000000018,0.0,0.0,0.0
150.08908894112042,-6.563586678065046,21.000000000000018,0.0,0.0,0.0
150.08803974793804,-6.553639606294147,21.000000000000018,0.0,0.0,0.0
150.08699059660697,-6.5436925323449096,21.000000000000018,0.0,0.0,0.0
150.0859414870615,-6.533745456220648,21.00000000000002,0.0,0.0,0.0
150.08489241923587,-6.523798377924894,21.000000000000018,0.0,0.0,0.0
150.08384339306443,-6.513851297460948,21.00000000000002,0.0,0.0,0.0
150.08279440848142,-6.503904214832355,21.000000000000018,0.0,0.0,0.0
150.08174546542116,-6.493957130042419,21.000000000000014,0.0,0.0,0.0
150.08069656381798,-6.484010043094611,21.000000000000014,0.0,0.0,0.0
150.07964770360618,-6.4740629539924095,21.000000000000018,0.0,0.0,0.0
150.07859888472015,-6.464115862739121,21.000000000000014,0.0,0.0,0.0
150.07755010709417,-6.454168769338278,21.000000000000014,0.0,0.0,0.0
150.07650137066264,-6.444221673793173,21.000000000000018,0.0,0.0,0.0
150.07545267535994,-6.434274576107348,21.000000000000018,0.0,0.0,0.0
150.07440402112036,-6.424327476284107,21.000000000000018,0.0,0.0,0.0
150.0733554078784,-6.414380374326968,21.000000000000018,0.0,0.0,0.0
150.0723068355684,-6.404433270239241,21.000000000000018,0.0,0.0,0.0
150.07125830412477,-6.394486164024395,21.000000000000018,0.0,0.0,0.0
150.07020981348197,-6.384539055685896,21.000000000000018,0.0,0.0,0.0
150.06916136357435,-6.374591945227061,21.000000000000014,0.0,0.0,0.0
150.06811295433636,-6.3646448326514,21.000000000000014,0.0,0.0,0.0
150.06706458570252,-6.354697717962212,21.000000000000018,0.0,0.0,0.0
150.06601625760723,-6.344750601163031,21.000000000000014,0.0,0.0,0.0
150.06496796998496,-6.334803482257154,21.00000000000001,0.0,0.0,0.0
150.06391972277018,-6.3248563612480995,21.000000000000014,0.0,0.0,0.0
150.06287151589743,-6.314909238139166,21.000000000000014,0.0,0.0,0.0
150.0618233493011,-6.304962112933826,21.00000000000001,0.0,0.0,0.0
150.06077522291585,-6.295014985635534,21.000000000000014,0.0,0.0,0.0
150.05972713667606,-6.2850678562476,21.000000000000014,0.0,0.0,0.0
150.0586790905163,-6.275120724773535,21.000000000000018,0.0,0.0,0.0
150.05763108437117,-6.265173591216637,21.000000000000018,0.0,0.0,0.0
150.0565831181751,-6.255226455580429,21.000000000000018,0.0,0.0,0.0
150.0555351918627,-6.245279317868202,21.000000000000014,0.0,0.0,0.0
150.05448730536855,-6.235332178083479,21.000000000000014,0.0,0.0,0.0
150.05343945862722,-6.225385036229544,21.00000000000001,0.0,0.0,0.0
150.0523916515733,-6.215437892309868,21.00000000000001,0.0,0.0,0.0
150.05134388414132,-6.205490746327904,21.000000000000014,0.0,0.0,0.0
150.05029615626597,-6.195543598286956,21.000000000000014,0.0,0.0,0.0
150.04924846788182,-6.185596448190529,21.000000000000014,0.0,0.0,0.0
150.0482008189235,-6.175649296041917,21.000000000000018,0.0,0.0,0.0
150.04715320932564,-6.165702141844637,21.000000000000018,0.0,0.0,0.0
150.0461056390229,-6.155754985601981,21.000000000000014,0.0,0.0,0.0
150.04505810794993,-6.145807827317456,21.000000000000014,0.0,0.0,0.0
150.04401061604133,-6.135860666994354,21.00000000000002,0.0,0.0,0.0
150.04296316323186,-6.125913504636137,21.000000000000014,0.0,0.0,0.0
150.04191574945617,-6.11596634024626,21.000000000000014,0.0,0.0,0.0
150.04086837464888,-6.106019173828,21.000000000000014,0.0,0.0,0.0
150.0398210387448,-6.096072005384878,21.000000000000018,0.0,0.0,0.0
150.03877374167857,-6.08612483492018,21.000000000000018,0.0,0.0,0.0
150.03772648338494,-6.07617766243742,21.000000000000018,0.0,0.0,0.0
150.03667926379862,-6.066230487939875,21.000000000000014,0.0,0.0,0.0
150.03563208285436,-6.056283311431054,21.000000000000018,0.0,0.0,0.0
150.03458494048687,-6.046336132914256,21.000000000000018,0.0,0.0,0.0
150.03353783663098,-6.036388952392924,21.000000000000014,0.0,0.0,0.0
150.03249077122138,-6.026441769870503,21.000000000000018,0.0,0.0,0.0
150.0314437441929,-6.016494585350285,21.000000000000014,0.0,0.0,0.0
150.03039675548027,-6.0065473988357745,21.000000000000014,0.0,0.0,0.0
150.02934980501834,-5.996600210330257,21.000000000000014,0.0,0.0,0.0
150.02830289274186,-5.986653019837235,21.000000000000014,0.0,0.0,0.0
150.02725601858572,-5.97670582735999,21.000000000000018,0.0,0.0,0.0
150.02620918248462,-5.966758632902037,21.000000000000014,0.0,0.0,0.0
150.02516238437352,-5.956811436466637,21.000000000000014,0.0,0.0,0.0
150.02411562418717,-5.946864238057246,21.000000000000014,0.0,0.0,0.0
150.02306890186048,-5.936917037677321,21.000000000000018,0.0,0.0,0.0
150.02202221732827,-5.926969835330129,21.000000000000018,0.0,0.0,0.0
150.02097557052542,-5.917022631019181,21.000000000000018,0.0,0.0,0.0
150.0199289613868,-5.907075424747748,21.000000000000014,0.0,0.0,0.0
150.0188823898473,-5.897128216519335,21.000000000000018,0.0,0.0,0.0
150.0178358558418,-5.887181006337222,21.000000000000018,0.0,0.0,0.0
150.01678935930525,-5.877233794204904,21.000000000000014,0.0,0.0,0.0
150.01574290017254,-5.867286580125663,21.000000000000014,0.0,0.0,0.0
150.01469647837857,-5.857339364102931,21.000000000000018,0.0,0.0,0.0
150.01365009385827,-5.847392146140169,21.000000000000018,0.0,0.0,0.0
150.01260374654663,-5.8374449262406385,21.000000000000018,0.0,0.0,0.0
150.01155743637858,-5.827497704407839,21.000000000000018,0.0,0.0,0.0
150.01051116328904,-5.817550480645049,21.000000000000014,0.0,0.0,0.0
150.00946492721303,-5.807603254955763,21.000000000000018,0.0,0.0,0.0
150.0084187280855,-5.797656027343256,21.000000000000014,0.0,0.0,0.0
150.00737256584145,-5.787708797811016,21.000000000000018,0.0,0.0,0.0
150.00632644041585,-5.777761566362329,21.000000000000014,0.0,0.0,0.0
150.00528035174372,-5.767814333000623,21.000000000000018,0.0,0.0,0.0
150.00423429976007,-5.75786709772934,21.000000000000018,0.0,0.0,0.0
150.00318828439993,-5.747919860551754,21.000000000000018,0.0,0.0,0.0
150.00214230559834,-5.737972621471359,21.000000000000014,0.0,0.0,0.0
150.0010963632903,-5.728025380491418,21.000000000000018,0.0,0.0,0.0
150.00005045741088,-5.718078137615428,21.000000000000014,0.0,0.0,0.0
149.99900458789517,-5.708130892846657,21.000000000000018,0.0,0.0,0.0
149.9979587546782,-5.698183646188597,21.000000000000018,0.0,0.0,0.0
149.99691295769503,-5.688236397644518,21.000000000000014,0.0,0.0,0.0
149.9958671968808,-5.678289147217852,21.000000000000018,0.0,0.0,0.0
149.99482147217054,-5.66834189491204,21.000000000000018,0.0,0.0,0.0
149.9937757834994,-5.6583946407303385,21.000000000000014,0.0,0.0,0.0
149.99273013080244,-5.648447384676241,21.00000000000001,0.0,0.0,0.0
149.99168451401485,-5.638500126753012,21.000000000000018,0.0,0.0,0.0
149.9906389330717,-5.628552866964152,21.000000000000014,0.0,0.0,0.0
149.98959338790814,-5.618605605312914,21.000000000000014,0.0,0.0,0.0
149.98854787845931,-5.608658341802787,21.000000000000018,0.0,0.0,0.0
149.98750240466043,-5.598711076437036,21.000000000000018,0.0,0.0,0.0
149.98645696644655,-5.58876380921909,21.000000000000014,0.0,0.0,0.0
149.9854115637529,-5.578816540152385,21.000000000000018,0.0,0.0,0.0
149.98436619651469,-5.568869269240175,21.000000000000018,0.0,0.0,0.0
149.98332086466706,-5.558921996485959,21.000000000000014,0.0,0.0,0.0
149.98227556814524,-5.548974721892982,21.000000000000014,0.0,0.0,0.0
149.98123030688438,-5.53902744546474,21.000000000000014,0.0,0.0,0.0
149.98018508081975,-5.529080167204492,21.000000000000018,0.0,0.0,0.0
149.97913988988657,-5.519132887115715,21.000000000000014,0.0,0.0,0.0
149.97809473402003,-5.5091856052016785,21.000000000000018,0.0,0.0,0.0
149.97704961315543,-5.499238321465803,21.000000000000014,0.0,0.0,0.0
149.97600452722796,-5.489291035911518,21.000000000000018,0.0,0.0,0.0
149.97495947617293,-5.479343748542078,21.000000000000014,0.0,0.0,0.0
149.97391445992554,-5.469396459360968,21.000000000000018,0.0,0.0,0.0
149.97286947842113,-5.459449168371446,21.000000000000014,0.0,0.0,0.0
149.97182453159496,-5.4495018755769875,21.000000000000014,0.0,0.0,0.0
149.97077961938228,-5.439554580980859,21.000000000000018,0.0,0.0,0.0
149.96973474171847,-5.429607284586533,21.000000000000014,0.0,0.0,0.0
149.96868989853874,-5.419659986397264,21.000000000000014,0.0,0.0,0.0
149.9676450897785,-5.40971268641648,21.000000000000014,0.0,0.0,0.0
149.96660031537303,-5.399765384647603,21.000000000000014,0.0,0.0,0.0
149.96555557525767,-5.389818081093881,21.00000000000001,0.0,0.0,0.0
149.9645108693677,-5.379870775758793,21.000000000000014,0.0,0.0,0.0
149.96346619763858,-5.369923468645601,21.000000000000014,0.0,0.0,0.0
149.9624215600056,-5.359976159757779,21.000000000000014,0.0,0.0,0.0
149.9613769564041,-5.350028849098573,21.000000000000014,0.0,0.0,0.0
149.96033238676958,-5.340081536671461,21.000000000000018,0.0,0.0,0.0
149.95928785103726,-5.3301342224797,21.000000000000014,0.0,0.0,0.0
149.95824334914263,-5.320186906526704,21.000000000000014,0.0,0.0,0.0
149.95719888102104,-5.310239588815898,21.00000000000001,0.0,0.0,0.0
149.95615444660797,-5.300292269350523,21.000000000000014,0.0,0.0,0.0
149.95511004583875,-5.290344948134055,21.000000000000018,0.0,0.0,0.0
149.95406567864885,-5.280397625169755,21.000000000000014,0.0,0.0,0.0
149.9530213449737,-5.270450300461081,21.000000000000014,0.0,0.0,0.0
149.95197704474873,-5.26050297401129,21.000000000000018,0.0,0.0,0.0
149.95093277790934,-5.250555645823853,21.000000000000018,0.0,0.0,0.0
149.9498885443911,-5.240608315902016,21.000000000000018,0.0,0.0,0.0
149.94884434412938,-5.230660984249199,21.00000000000001,0.0,0.0,0.0
149.9478001770597,-5.220713650868811,21.000000000000014,0.0,0.0,0.0
149.94675604311752,-5.210766315764096,21.000000000000018,0.0,0.0,0.0
149.94571194223832,-5.2008189789385355,21.000000000000018,0.0,0.0,0.0
149.94466787435758,-5.190871640395367,21.000000000000014,0.0,0.0,0.0
149.94362383941086,-5.18092430013806,21.000000000000014,0.0,0.0,0.0
149.94257983733365,-5.170976958169864,21.000000000000018,0.0,0.0,0.0
149.94153586806144,-5.161029614494241,21.000000000000014,0.0,0.0,0.0
149.9404919315298,-5.151082269114435,21.000000000000014,0.0,0.0,0.0
149.93944802767422,-5.141134922033871,21.000000000000014,0.0,0.0,0.0
149.9384041564303,-5.13118757325594,21.000000000000014,0.0,0.0,0.0
149.93736031773355,-5.1212402227839,21.000000000000018,0.0,0.0,0.0
149.93631651151955,-5.111292870621211,21.000000000000014,0.0,0.0,0.0
149.93527273772386,-5.101345516771118,21.000000000000014,0.0,0.0,0.0
149.93422899628206,-5.091398161237084,21.000000000000014,0.0,0.0,0.0
149.9331852871297,-5.081450804022342,21.000000000000018,0.0,0.0,0.0
149.93214161020242,-5.071503445130378,21.00000000000001,0.0,0.0,0.0
149.9310979654358,-5.061556084564408,21.000000000000014,0.0,0.0,0.0
149.93005435276547,-5.051608722327862,21.000000000000014,0.0,0.0,0.0
149.929010772127,-5.041661358424131,21.000000000000014,0.0,0.0,0.0
149.92796722345605,-5.0317139928564645,21.00000000000001,0.0,0.0,0.0
149.92692370668823,-5.021766625628315,21.000000000000014,0.0,0.0,0.0
149.92588022175914,-5.011819256742927,21.00000000000001,0.0,0.0,0.0
149.92483676860454,-5.001871886203767,21.00000000000001,0.0,0.0,0.0
149.92379334715997,-4.991924514014066,21.00000000000001,0.0,0.0,0.0
149.92274995736113,-4.981977140177288,21.00000000000001,0.0,0.0,0.0
149.9217065991437,-4.972029764696662,21.000000000000014,0.0,0.0,0.0
149.92066327244336,-4.962082387575599,21.000000000000014,0.0,0.0,0.0
149.91961997719574,-4.952135008817508,21.00000000000001,0.0,0.0,0.0
149.91857671333662,-4.94218762842561,21.000000000000018,0.0,0.0,0.0
149.91753348080164,-4.9322402464033805,21.000000000000014,0.0,0.0,0.0
149.9164902795265,-4.92229286275404,21.000000000000018,0.0,0.0,0.0
149.91544710944697,-4.912345477481056,21.000000000000014,0.0,0.0,0.0
149.9144039704987,-4.902398090587666,21.000000000000018,0.0,0.0,0.0
149.91336086261748,-4.892450702077313,21.000000000000014,0.0,0.0,0.0
149.91231778573902,-4.882503311953239,21.000000000000018,0.0,0.0,0.0
149.9112747397991,-4.872555920218846,21.000000000000014,0.0,0.0,0.0
149.9102317247334,-4.862608526877535,21.00000000000001,0.0,0.0,0.0
149.90918874047773,-4.852661131932532,21.00000000000001,0.0,0.0,0.0
149.90814578696785,-4.842713735387291,21.000000000000014,0.0,0.0,0.0
149.90710286413955,-4.832766337245055,21.000000000000014,0.0,0.0,0.0
149.90605997192856,-4.822818937509261,21.000000000000014,0.0,0.0,0.0
149.9050171102707,-4.812871536183162,21.000000000000018,0.0,0.0,0.0
149.9039742791018,-4.802924133270194,21.000000000000018,0.0,0.0,0.0
149.9029314783576,-4.792976728773591,21.000000000000014,0.0,0.0,0.0
149.901888707974,-4.783029322696757,21.00000000000001,0.0,0.0,0.0
149.90084596788674,-4.773081915043077,21.00000000000001,0.0,0.0,0.0
149.89980325803165,-4.763134505815785,21.000000000000018,0.0,0.0,0.0
149.8987605783446,-4.75318709501834,21.000000000000014,0.0,0.0,0.0
149.89771792876144,-4.743239682653964,21.000000000000014,0.0,0.0,0.0
149.89667530921795,-4.733292268726102,21.000000000000018,0.0,0.0,0.0
149.89563271965005,-4.723344853237989,21.000000000000018,0.0,0.0,0.0
149.89459015999358,-4.713397436193072,21.000000000000014,0.0,0.0,0.0
149.8935476301844,-4.70345001759458,21.00000000000001,0.0,0.0,0.0
149.8925051301584,-4.693502597445904,21.000000000000014,0.0,0.0,0.0
149.8914626598515,-4.683555175750439,21.00000000000001,0.0,0.0,0.0
149.89042021919954,-4.6736077525114075,21.000000000000014,0.0,0.0,0.0
149.88937780813845,-4.663660327732265,21.000000000000014,0.0,0.0,0.0
149.8883354266041,-4.653712901416227,21.000000000000014,0.0,0.0,0.0
149.88729307453244,-4.643765473566742,21.00000000000001,0.0,0.0,0.0
149.88625075185934,-4.633818044187043,21.00000000000001,0.0,0.0,0.0
149.8852084585208,-4.623870613280567,21.000000000000007,0.0,0.0,0.0
149.8841661944527,-4.613923180850542,21.00000000000001,0.0,0.0,0.0
149.883123959591,-4.603975746900356,21.000000000000014,0.0,0.0,0.0
149.88208175387163,-4.594028311433404,21.00000000000001,0.0,0.0,0.0
149.88103957723058,-4.5840808744529005,21.000000000000007,0.0,0.0,0.0
149.87999742960378,-4.574133435962292,21.000000000000014,0.0,0.0,0.0
149.8789553109272,-4.564185995964801,21.00000000000001,0.0,0.0,0.0
149.87791322113688,-4.55423855446388,21.000000000000007,0.0,0.0,0.0
149.87687116016872,-4.5442911114627345,21.000000000000014,0.0,0.0,0.0
149.87582912795875,-4.534343666964812,21.00000000000001,0.0,0.0,0.0
149.87478712444297,-4.5243962209733475,21.00000000000001,0.0,0.0,0.0
149.8737451495574,-4.514448773491713,21.00000000000001,0.0,0.0,0.0
149.87270320323802,-4.5045013245232886,21.000000000000007,0.0,0.0,0.0
149.87166128542083,-4.494553874071309,21.000000000000007,0.0,0.0,0.0
149.87061939604192,-4.48460642213921,21.00000000000001,0.0,0.0,0.0
149.86957753503728,-4.474658968730212,21.000000000000007,0.0,0.0,0.0
149.86853570234297,-4.464711513847745,21.00000000000001,0.0,0.0,0.0
149.86749389789497,-4.454764057495038,21.00000000000001,0.0,0.0,0.0
149.86645212162944,-4.444816599675528,21.00000000000001,0.0,0.0,0.0
149.86541037348235,-4.4348691403924345,21.000000000000014,0.0,0.0,0.0
149.86436865338982,-4.4249216796491355,21.00000000000001,0.0,0.0,0.0
149.8633269612879,-4.414974217449017,21.00000000000001,0.0,0.0,0.0
149.86228529711266,-4.405026753795291,21.00000000000001,0.0,0.0,0.0
149.8612436608002,-4.395079288691401,21.000000000000014,0.0,0.0,0.0
149.86020205228664,-4.3851318221405595,21.00000000000001,0.0,0.0,0.0
149.85916047150806,-4.375184354146205,21.000000000000014,0.0,0.0,0.0
149.85811891840055,-4.365236884711554,21.00000000000001,0.0,0.0,0.0
149.8570773929002,-4.35528941384004,21.000000000000014,0.0,0.0,0.0
149.8560358949432,-4.345341941534873,21.000000000000014,0.0,0.0,0.0
149.85499442446564,-4.335394467799442,21.000000000000014,0.0,0.0,0.0
149.85395298140367,-4.325446992637124,21.00000000000001,0.0,0.0,0.0
149.8529115656934,-4.315499516051126,21.00000000000001,0.0,0.0,0.0
149.851870177271,-4.305552038044889,21.000000000000014,0.0,0.0,0.0
149.8508288160726,-4.295604558621623,21.000000000000014,0.0,0.0,0.0
149.8497874820344,-4.28565707778477,21.00000000000001,0.0,0.0,0.0
149.84874617509257,-4.275709595537522,21.00000000000001,0.0,0.0,0.0
