galstreams/tracks/track.st.SGP-S.yang2022.ecsv
# %ECSV 1.0
# ---
# datatype:
# - {name: ra, unit: deg, datatype: float64}
# - {name: dec, unit: deg, datatype: float64}
# - {name: distance, unit: kpc, datatype: float64}
# - {name: pm_ra_cosdec, unit: mas / yr, datatype: float64}
# - {name: pm_dec, unit: mas / yr, datatype: float64}
# - {name: radial_velocity, unit: km / s, datatype: float64}
# delimiter: ','
# meta: !!omap
# - __serialized_columns__:
#     dec:
#       __class__: astropy.coordinates.angles.Latitude
#       unit: &id001 !astropy.units.Unit {unit: deg}
#       value: !astropy.table.SerializedColumn {name: dec}
#     distance:
#       __class__: astropy.coordinates.distances.Distance
#       unit: !astropy.units.Unit {unit: kpc}
#       value: !astropy.table.SerializedColumn {name: distance}
#     pm_dec:
#       __class__: astropy.units.quantity.Quantity
#       unit: !astropy.units.Unit {unit: mas / yr}
#       value: !astropy.table.SerializedColumn {name: pm_dec}
#     pm_ra_cosdec:
#       __class__: astropy.units.quantity.Quantity
#       unit: !astropy.units.Unit {unit: mas / yr}
#       value: !astropy.table.SerializedColumn {name: pm_ra_cosdec}
#     ra:
#       __class__: astropy.coordinates.angles.Longitude
#       unit: *id001
#       value: !astropy.table.SerializedColumn {name: ra}
#       wrap_angle: !astropy.coordinates.Angle
#         unit: *id001
#         value: 360.0
#     radial_velocity:
#       __class__: astropy.units.quantity.Quantity
#       unit: !astropy.units.Unit {unit: km / s}
#       value: !astropy.table.SerializedColumn {name: radial_velocity}
# schema: astropy-2.0
ra,dec,distance,pm_ra_cosdec,pm_dec,radial_velocity
[from data line 4002]
5.479339784088023,-21.154487103431936,9.500000000000004,1.9999999999999987,2.5,-1.2631150694808506e-14
5.4783198214855044,-21.144529276873705,9.500000000000004,1.9999999999999998,2.500000000000001,-4.210383564936169e-15
5.47729984388184,-21.134571456148027,9.500000000000002,1.9999999999999998,2.5000000000000013,-1.6841534259744676e-14
5.476279851133107,-21.12461364126295,9.500000000000002,1.9999999999999993,2.500000000000001,-4.210383564936169e-15
5.4752598430953805,-21.11465583222655,9.500000000000002,1.9999999999999993,2.500000000000001,-1.2631150694808506e-14
5.474239819624741,-21.104698029046876,9.500000000000002,1.9999999999999993,2.500000000000001,4.210383564936169e-15
5.473219780577265,-21.09474023173201,9.500000000000002,1.9999999999999998,2.500000000000001,-1.2631150694808506e-14
5.472199725809037,-21.08478244029002,9.500000000000004,1.9999999999999991,2.5000000000000004,-4.210383564936169e-15
5.4711796551761305,-21.07482465472896,9.500000000000002,1.9999999999999996,2.5000000000000004,-8.420767129872338e-15
5.470159568534629,-21.06486687505692,9.500000000000005,2.0,2.5,-1.6841534259744676e-14
5.469139465740619,-21.054909101281964,9.500000000000004,1.999999999999999,2.5000000000000004,0.0
5.468119346650179,-21.044951333412175,9.500000000000002,1.9999999999999993,2.5000000000000004,-4.210383564936169e-15
5.46709921111939,-21.0349935714556,9.500000000000002,2.0,2.5,4.210383564936169e-15
5.466079059004341,-21.02503581542036,9.500000000000004,1.9999999999999993,2.5000000000000004,-8.420767129872338e-15
5.465058890161113,-21.01507806531449,9.500000000000002,1.9999999999999996,2.500000000000001,-4.210383564936169e-15
5.464038704445794,-21.00512032114611,9.5,1.9999999999999996,2.5000000000000013,-1.2631150694808506e-14
5.463018501714467,-20.995162582923264,9.500000000000002,2.0,2.500000000000001,-1.2631150694808506e-14
5.461998281823221,-20.985204850654057,9.5,1.9999999999999998,2.5000000000000018,-1.6841534259744676e-14
5.460978044628143,-20.975247124346563,9.5,1.9999999999999998,2.5000000000000013,-8.420767129872338e-15
5.459957789985319,-20.96528940400887,9.500000000000002,1.9999999999999993,2.500000000000001,-4.210383564936169e-15
5.45893751775084,-20.95533168964907,9.500000000000004,1.9999999999999996,2.5000000000000004,-1.6841534259744676e-14
5.457917227780799,-20.945373981275242,9.500000000000004,1.9999999999999993,2.5,-8.420767129872338e-15
5.45689691993128,-20.935416278895467,9.500000000000002,1.9999999999999996,2.5000000000000004,-4.210383564936169e-15
5.455876594058379,-20.925458582517866,9.500000000000002,1.9999999999999996,2.500000000000001,-4.210383564936169e-15
5.454856250018184,-20.915500892150504,9.500000000000002,2.0,2.500000000000001,-4.210383564936169e-15
5.4538358876667905,-20.905543207801486,9.5,2.0,2.5000000000000018,-1.2631150694808506e-14
5.452815506860292,-20.895585529478897,9.500000000000004,1.9999999999999993,2.5000000000000018,-8.420767129872338e-15
5.451795107454779,-20.88562785719084,9.500000000000004,1.9999999999999991,2.500000000000001,0.0
5.450774689306351,-20.875670190945428,9.5,2.0000000000000004,2.500000000000001,-1.2631150694808506e-14
5.449754252271099,-20.865712530750727,9.500000000000004,1.9999999999999993,2.5,-4.210383564936169e-15
5.448733796205121,-20.85575487661486,9.500000000000004,1.9999999999999996,2.5000000000000004,-8.420767129872338e-15
5.447713320964516,-20.845797228545926,9.500000000000002,1.9999999999999998,2.500000000000001,-2.5262301389617013e-14
5.446692826405379,-20.835839586552027,9.500000000000002,2.0000000000000004,2.5000000000000013,-8.420767129872338e-15
5.445672312383809,-20.825881950641254,9.500000000000004,1.9999999999999998,2.4999999999999996,4.210383564936169e-15
5.444651778755906,-20.815924320821736,9.5,2.0,2.5000000000000018,-2.5262301389617013e-14
5.443631225377768,-20.805966697101557,9.5,2.0,2.5000000000000018,0.0
5.442610652105498,-20.796009079488847,9.500000000000004,1.9999999999999991,2.500000000000001,-8.420767129872338e-15
5.441590058795195,-20.786051467991697,9.500000000000004,1.9999999999999993,2.5000000000000004,-4.210383564936169e-15
5.440569445302964,-20.776093862618236,9.500000000000002,1.9999999999999998,2.5,-8.420767129872338e-15
5.439548811484906,-20.76613626337656,9.500000000000002,1.9999999999999998,2.5000000000000004,0.0
5.4385281571971245,-20.756178670274807,9.500000000000004,1.9999999999999991,2.500000000000001,-2.5262301389617013e-14
5.4375074822957234,-20.746221083321057,9.500000000000004,1.9999999999999991,2.5000000000000004,-4.210383564936169e-15
5.436486786636808,-20.736263502523453,9.500000000000004,1.9999999999999993,2.5000000000000004,-4.210383564936169e-15
5.435466070076488,-20.72630592789011,9.500000000000002,1.9999999999999998,2.5000000000000013,-1.6841534259744676e-14
5.434445332470864,-20.716348359429137,9.500000000000004,1.9999999999999993,2.5000000000000004,-4.210383564936169e-15
5.4334245736760485,-20.706390797148664,9.500000000000002,1.9999999999999993,2.5000000000000013,-8.420767129872338e-15
5.432403793548144,-20.696433241056813,9.500000000000005,1.9999999999999998,2.5,0.0
5.431382991943265,-20.686475691161707,9.500000000000002,1.9999999999999993,2.5000000000000013,-2.947268495455318e-14
5.430362168717517,-20.67651814747147,9.500000000000002,2.0000000000000004,2.5000000000000018,-8.420767129872338e-15
5.429341323727013,-20.666560609994225,9.500000000000002,1.9999999999999996,2.500000000000001,-2.1051917824680846e-14
5.428320456827861,-20.656603078738097,9.500000000000002,2.0,2.500000000000001,-8.420767129872338e-15
5.427299567876177,-20.646645553711224,9.500000000000004,1.9999999999999993,2.500000000000001,-1.2631150694808506e-14
5.42627865672807,-20.636688034921736,9.500000000000004,1.9999999999999993,2.500000000000001,-8.420767129872338e-15
5.425257723239658,-20.626730522377766,9.5,2.0,2.500000000000001,-1.2631150694808506e-14
5.424236767267047,-20.616773016087432,9.500000000000002,1.9999999999999998,2.5000000000000013,-4.210383564936169e-15
5.423215788666358,-20.606815516058884,9.500000000000005,1.999999999999999,2.5,-4.210383564936169e-15
5.4221947872937095,-20.59685802230027,9.5,2.0000000000000004,2.500000000000001,-2.1051917824680846e-14
5.4211737630052115,-20.586900534819687,9.500000000000002,1.9999999999999993,2.5000000000000018,-8.420767129872338e-15
5.4201527156569815,-20.57694305362531,9.5,2.0000000000000004,2.5000000000000013,-2.5262301389617013e-14
5.419131645105143,-20.56698557872526,9.500000000000002,1.9999999999999998,2.500000000000001,0.0
5.4181105512058085,-20.55702811012769,9.500000000000004,2.0,2.5,4.210383564936169e-15
5.4170894338151,-20.547070647840734,9.500000000000002,2.0,2.500000000000001,-8.420767129872338e-15
5.416068292789141,-20.53711319187254,9.500000000000002,1.9999999999999991,2.500000000000001,0.0
5.415047127984046,-20.527155742231255,9.500000000000005,1.9999999999999996,2.4999999999999996,4.210383564936169e-15
5.414025939255944,-20.517198298925035,9.5,2.0,2.5000000000000013,-2.1051917824680846e-14
5.413004726460953,-20.507240861962003,9.5,2.0000000000000004,2.5000000000000018,-2.5262301389617013e-14
5.411983489455195,-20.497283431350322,9.5,2.000000000000001,2.5000000000000013,-1.2631150694808506e-14
5.410962228094795,-20.487326007098144,9.500000000000002,2.0,2.5000000000000013,4.210383564936169e-15
5.409940942235884,-20.477368589213633,9.500000000000004,1.9999999999999998,2.5000000000000004,-8.420767129872338e-15
5.40891963173458,-20.467411177704918,9.500000000000004,1.9999999999999993,2.5000000000000004,4.210383564936169e-15
5.407898296447011,-20.45745377258017,9.500000000000002,2.0,2.500000000000001,-4.210383564936169e-15
5.40687693622931,-20.447496373847546,9.500000000000002,1.9999999999999998,2.500000000000001,-8.420767129872338e-15
5.405855550937598,-20.437538981515196,9.500000000000002,1.9999999999999993,2.500000000000002,4.210383564936169e-15
5.404834140428005,-20.42758159559128,9.500000000000002,1.9999999999999998,2.500000000000001,2.1051917824680846e-14
5.403812704556664,-20.41762421608398,9.500000000000004,2.0,2.5000000000000013,-2.5262301389617013e-14
5.402791243179702,-20.407666843001415,9.500000000000002,2.0,2.5000000000000004,-8.420767129872338e-15
5.401769756153253,-20.397709476351785,9.500000000000004,1.9999999999999996,2.5,-4.210383564936169e-15
5.400748243333446,-20.387752116143236,9.500000000000004,1.9999999999999998,2.500000000000001,-8.420767129872338e-15
5.399726704576415,-20.377794762383935,9.500000000000002,1.9999999999999996,2.500000000000001,-4.210383564936169e-15
5.3987051397382935,-20.367837415082064,9.500000000000002,1.9999999999999998,2.5,-8.420767129872338e-15
5.397683548675217,-20.357880074245784,9.5,1.9999999999999998,2.5000000000000013,-1.6841534259744676e-14
5.396661931243318,-20.34792273988325,9.500000000000002,2.0,2.500000000000001,0.0
5.395640287298735,-20.337965412002653,9.500000000000004,1.9999999999999998,2.5000000000000004,-1.2631150694808506e-14
5.394618616697603,-20.32800809061216,9.500000000000004,1.999999999999999,2.500000000000001,-1.2631150694808506e-14
5.39359691929606,-20.31805077571994,9.500000000000004,1.9999999999999993,2.500000000000001,-1.2631150694808506e-14
5.392575194950245,-20.308093467334167,9.500000000000002,1.9999999999999993,2.500000000000001,-4.210383564936169e-15
5.391553443516296,-20.298136165463028,9.500000000000002,2.0000000000000004,2.500000000000001,-2.1051917824680846e-14
5.39053166485035,-20.28817887011468,9.500000000000002,2.0,2.500000000000001,-1.6841534259744676e-14
5.389509858808554,-20.278221581297334,9.500000000000002,1.9999999999999993,2.500000000000001,4.210383564936169e-15
5.388488025247046,-20.268264299019158,9.500000000000002,2.000000000000001,2.5000000000000013,-1.2631150694808506e-14
5.387466164021967,-20.258307023288314,9.500000000000004,1.9999999999999993,2.500000000000001,0.0
5.386444274989462,-20.24834975411301,9.500000000000004,1.9999999999999996,2.500000000000001,-1.6841534259744676e-14
5.385422358005677,-20.238392491501436,9.500000000000004,2.0,2.5,-1.2631150694808506e-14
5.384400412926753,-20.228435235461752,9.500000000000002,2.0,2.5000000000000013,-1.6841534259744676e-14
5.383378439608834,-20.21847798600215,9.500000000000002,1.9999999999999996,2.5000000000000013,4.210383564936169e-15
5.38235643790807,-20.20852074313083,9.500000000000002,1.9999999999999998,2.500000000000001,-4.210383564936169e-15
5.381334407680608,-20.19856350685599,9.500000000000002,2.0000000000000004,2.5000000000000013,-1.6841534259744676e-14
5.380312348782595,-20.18860627718581,9.500000000000004,1.9999999999999993,2.500000000000001,-2.1051917824680846e-14
5.379290261070179,-20.17864905412847,9.500000000000004,2.0000000000000004,2.5000000000000004,4.210383564936169e-15
5.378268144399509,-20.168691837692187,9.500000000000002,1.9999999999999996,2.5000000000000013,0.0
5.377245998626739,-20.158734627885153,9.500000000000002,2.0000000000000004,2.5000000000000013,-2.947268495455318e-14
5.376223823608014,-20.148777424715554,9.500000000000002,1.9999999999999996,2.500000000000001,-8.420767129872338e-15
5.375201619199493,-20.138820228191598,9.5,2.0000000000000004,2.5000000000000018,-2.5262301389617013e-14
5.374179385257324,-20.12886303832147,9.5,2.0000000000000004,2.5000000000000018,0.0
5.373157121637661,-20.118905855113383,9.500000000000004,1.9999999999999993,2.500000000000001,-8.420767129872338e-15
5.3721348281966605,-20.108948678575548,9.500000000000002,2.0,2.500000000000001,-8.420767129872338e-15
5.371112504790476,-20.09899150871615,9.500000000000002,2.0000000000000004,2.5000000000000013,-1.2631150694808506e-14
5.370090151275264,-20.0890343455434,9.5,2.000000000000001,2.500000000000002,0.0
5.369067767507182,-20.079077189065504,9.500000000000004,1.9999999999999993,2.500000000000001,-8.420767129872338e-15
5.368045353342389,-20.06912003929069,9.500000000000002,2.0,2.5000000000000018,-4.210383564936169e-15
5.36702290863704,-20.05916289622714,9.5,2.0,2.500000000000002,-1.2631150694808506e-14
5.366000433247295,-20.049205759883062,9.500000000000002,2.0,2.5000000000000013,-8.420767129872338e-15
5.364977927029316,-20.03924863026669,9.500000000000004,1.9999999999999993,2.500000000000001,-8.420767129872338e-15
5.363955389839266,-20.029291507386237,9.5,2.0000000000000004,2.5000000000000018,-8.420767129872338e-15
5.3629328215333,-20.0193343912499,9.500000000000005,1.9999999999999996,2.500000000000001,-2.1051917824680846e-14
5.361910221967587,-20.00937728186589,9.500000000000002,2.0,2.500000000000001,8.420767129872338e-15
5.36088759099829,-19.999420179242442,9.5,2.000000000000001,2.5000000000000018,1.2631150694808506e-14
5.35986492848157,-19.98946308338778,9.500000000000002,2.0,2.5000000000000013,-1.6841534259744676e-14
5.358842234273594,-19.979505994310102,9.5,2.0000000000000004,2.5000000000000018,-1.6841534259744676e-14
5.357819508230529,-19.96954891201764,9.500000000000004,1.9999999999999993,2.500000000000001,-8.420767129872338e-15
5.356796750208539,-19.959591836518612,9.500000000000002,2.0000000000000004,2.5000000000000018,-2.1051917824680846e-14
5.355773960063796,-19.949634767821255,9.500000000000002,2.0,2.5000000000000013,0.0
5.354751137652464,-19.93967770593378,9.500000000000005,1.9999999999999998,2.5000000000000004,0.0
5.353728282830716,-19.92972065086442,9.5,2.0,2.5000000000000013,-1.6841534259744676e-14
5.352705395454718,-19.919763602621394,9.500000000000002,2.0,2.5000000000000018,-8.420767129872338e-15
5.351682475380647,-19.909806561212946,9.500000000000004,2.0,2.500000000000001,-4.210383564936169e-15
5.35065952246467,-19.899849526647298,9.500000000000002,2.0,2.500000000000001,0.0
5.34963653656296,-19.88989249893268,9.500000000000002,2.0,2.500000000000001,-1.6841534259744676e-14
5.348613517531693,-19.87993547807733,9.500000000000002,2.0000000000000004,2.500000000000001,0.0
5.347590465227045,-19.869978464089485,9.500000000000002,1.9999999999999996,2.500000000000001,-1.2631150694808506e-14
5.346567379505185,-19.860021456977368,9.500000000000004,2.0,2.500000000000001,-1.2631150694808506e-14
5.345544260222295,-19.850064456749227,9.500000000000002,2.0,2.5000000000000013,-2.5262301389617013e-14
5.344521107234549,-19.84010746341329,9.500000000000002,2.0000000000000004,2.5000000000000018,4.210383564936169e-15
5.343497920398125,-19.830150476977824,9.500000000000004,1.9999999999999998,2.500000000000001,-1.2631150694808506e-14
5.342474699569204,-19.82019349745104,9.500000000000002,1.9999999999999996,2.500000000000001,-4.210383564936169e-15
5.341451444603962,-19.81023652484119,9.5,2.000000000000001,2.5000000000000018,-8.420767129872338e-15
5.340428155358582,-19.80027955915652,9.500000000000002,2.0000000000000013,2.5000000000000013,0.0
5.3394048316892455,-19.790322600405286,9.500000000000004,2.0,2.5000000000000013,-1.6841534259744676e-14
5.338381473452133,-19.780365648595712,9.500000000000002,2.0000000000000004,2.5000000000000013,-1.2631150694808506e-14
5.337358080503429,-19.770408703736056,9.500000000000002,2.000000000000001,2.5000000000000013,0.0
5.336334652699316,-19.760451765834578,9.500000000000002,2.0000000000000004,2.500000000000002,-4.210383564936169e-15
5.335311189895978,-19.75049483489952,9.500000000000004,2.0000000000000004,2.5000000000000004,-1.2631150694808506e-14
5.334287691949603,-19.740537910939125,9.500000000000002,2.0,2.500000000000001,-1.2631150694808506e-14
5.333264158716375,-19.730580993961656,9.500000000000004,2.0,2.500000000000001,-1.2631150694808506e-14
5.332240590052484,-19.720624083975366,9.500000000000002,2.0000000000000004,2.5000000000000018,-1.6841534259744676e-14
5.331216985814117,-19.71066718098852,9.500000000000004,2.0,2.500000000000001,-8.420767129872338e-15
5.33019334585746,-19.70071028500935,9.500000000000004,1.9999999999999998,2.500000000000001,0.0
5.32916967003871,-19.69075339604614,9.500000000000002,2.0,2.5000000000000013,0.0
5.328145958214051,-19.680796514107143,9.500000000000002,2.0000000000000004,2.500000000000001,-1.2631150694808506e-14
