galstreams/tracks/track.st.C-8.ibata2020.ecsv
# %ECSV 0.9
# ---
# datatype:
# - {name: ra, unit: deg, datatype: float64}
# - {name: dec, unit: deg, datatype: float64}
# - {name: distance, unit: kpc, datatype: float64}
# - {name: pm_ra_cosdec, unit: mas / yr, datatype: float64}
# - {name: pm_dec, unit: mas / yr, datatype: float64}
# - {name: radial_velocity, unit: km / s, datatype: float64}
# delimiter: ','
# meta: !!omap
# - __serialized_columns__:
#     dec:
#       __class__: astropy.coordinates.angles.Latitude
#       unit: &id001 !astropy.units.Unit {unit: deg}
#       value: !astropy.table.SerializedColumn {name: dec}
#     distance:
#       __class__: astropy.coordinates.distances.Distance
#       unit: !astropy.units.Unit {unit: kpc}
#       value: !astropy.table.SerializedColumn {name: distance}
#     pm_dec:
#       __class__: astropy.units.quantity.Quantity
#       unit: !astropy.units.Unit {unit: mas / yr}
#       value: !astropy.table.SerializedColumn {name: pm_dec}
#     pm_ra_cosdec:
#       __class__: astropy.units.quantity.Quantity
#       unit: !astropy.units.Unit {unit: mas / yr}
#       value: !astropy.table.SerializedColumn {name: pm_ra_cosdec}
#     ra:
#       __class__: astropy.coordinates.angles.Longitude
#       unit: *id001
#       value: !astropy.table.SerializedColumn {name: ra}
#       wrap_angle: !astropy.coordinates.Angle
#         unit: *id001
#         value: 360.0
#     radial_velocity:
#       __class__: astropy.units.quantity.Quantity
#       unit: !astropy.units.Unit {unit: km / s}
#       value: !astropy.table.SerializedColumn {name: radial_velocity}
# schema: astropy-2.0
ra,dec,distance,pm_ra_cosdec,pm_dec,radial_velocity
327.40444289908396,-81.77774076615549,3.5933237019178144,9.18032171314662,4.663567733917419,-1.473634247727659e-14
327.78651470715863,-81.74617055349293,3.6003323267690237,9.159451535687726,4.714784616704964,6.315575347404253e-15
328.1605052918949,-81.71396637508842,3.6070707836295117,9.138887512344613,4.764934573920052,-1.473634247727659e-14
328.52649025710826,-81.68114943248162,3.6135420367387705,9.118638657257675,4.814031609905466,6.315575347404253e-15
328.88454951241255,-81.64774036541192,3.6197490503362952,9.098713132638647,4.862090239380984,-1.0525958912340423e-14
329.23476692260266,-81.6137592552368,3.625694788661577,9.079118272424342,4.909125424064159,-4.210383564936169e-15
329.5772299705246,-81.57922562928,3.6313822159541105,9.059860607316766,4.955152512744095,-1.2631150694808506e-14
329.9120294336897,-81.54415846603023,3.636814296453389,9.040945890954703,5.000187184780044,-3.157787673702127e-14
330.2392590747846,-81.50857620111633,3.6419939943989035,9.022379126980912,5.044245396976343,-2.315710960714893e-14
330.55901534613787,-81.47249673398535,3.646924274030149,9.004164596786893,5.087343333769426,-2.5262301389617013e-14
330.871397108122,-81.4359374352144,3.6516080995866176,8.986305887735657,5.1294973606483065,-1.2631150694808506e-14
331.176505361394,-81.39891515439025,3.656048435307804,8.96880592168053,5.170723980718087,-2.7367493172085098e-14
331.474442992815,-81.36144622849362,3.6602482454331993,8.95166698361513,5.211039794306509,-3.789345208442552e-14
331.7653145348311,-81.32354649072833,3.6642104942022984,8.93489075030616,5.250461461505683,-2.5262301389617013e-14
332.04922593805094,-81.28523127973988,3.667938145854593,8.918478318776499,5.28900566753525,-5.6840178126638284e-14
332.3262843567152,-81.24651544916887,3.671434164629577,8.902430234520583,5.326689090809122,-1.6841534259744676e-14
332.59659794671256,-81.20741337749149,3.674701514766743,8.886746519348897,5.363528373584107,-2.5262301389617013e-14
332.8602756757778,-81.16793897809896,3.6777431605055857,8.87142669877073,5.39954009506825,-2.5262301389617013e-14
333.11742714547614,-81.12810570957349,3.680562066085596,8.856469828837419,5.434740746864924,-3.157787673702127e-14
333.36816242456564,-81.08792658611975,3.683161195746268,8.841874522379221,5.469146710629956,-2.315710960714893e-14
333.6125918933138,-81.04741418811503,3.685543513727095,8.827638974579848,5.5027742378196445,-5.4734986344170195e-14
333.8508260983369,-81.0065806727427,3.6877119842675716,8.81376098784224,5.535639431409901,-1.6841534259744676e-14
334.0829756175235,-80.96543778467816,3.6896695716071877,8.800237995908205,5.567758229468718,-4.631421921429786e-14
334.3091509346059,-80.92399686679639,3.691419239985438,8.78706708720224,5.599146390467943,-1.6841534259744676e-14
334.5294623229355,-80.88226887087593,3.692963953641816,8.77424502737792,5.629819480222734,-6.105056169157445e-14
334.74401973803293,-80.84026436827358,3.6943066768158146,8.761768281050959,5.659792860351771,-4.4209027431829774e-14
334.95293271847817,-80.79799356054787,3.695450373746927,8.74963303270967,5.68908167815456,-4.4209027431829774e-14
335.1563102947215,-80.75546629001133,3.696398008674647,8.737835206798428,5.717700857806879,-3.368306851948935e-14
335.35426090539926,-80.71269205019279,3.6971525458384655,8.726370486974597,5.745665092779173,-3.9998643866893604e-14
335.5468923207528,-80.66967999619385,3.6977169494778774,8.715234334543329,5.772988839387557,-2.947268495455318e-14
335.7343115727569,-80.62643895492434,3.698094183832375,8.704422006078493,5.799686311391218,-5.4734986344170195e-14
335.9166248915778,-80.58297743520436,3.698287213141453,8.69392857024082,5.825771475554311,-5.2629794561702114e-14
336.0939376479939,-80.53930363772031,3.698299001644603,8.683748923807203,5.851258048095209,-4.4209027431829774e-14
336.2663543014245,-80.49542546482608,3.698132513581318,8.673877806927312,5.876159491949756,-5.2629794561702114e-14
336.43397835322475,-80.4513505301795,3.697790713191092,8.664309817625622,5.900489014779652,-5.0524602779234026e-14
336.59691230492217,-80.40708616820689,3.6972765647134187,8.655039425568399,5.92425956766125,-2.947268495455318e-14
336.7552576210789,-80.36263944338913,3.696593032387789,8.646060985116765,5.947483844393745,-5.2629794561702114e-14
336.90911469648336,-80.31801715936378,3.695743080453698,8.637368747687429,5.970174281369889,-5.894536990910637e-14
337.05858282738313,-80.27322586783839,3.694729673150637,8.628956873444164,5.9923430579557495,-6.526094525651062e-14
337.20376018648886,-80.22827187731211,3.6935557747181025,8.620819442342889,6.014002097329836,-5.6840178126638284e-14
337.34474380149084,-80.18316126160146,3.692224349395584,8.6129504645542,6.035163067735208,-7.368171238638296e-14
337.48162953684226,-80.13789986816934,3.690738361422576,8.605343890286932,6.055837384101295,-5.894536990910637e-14
337.6145120785763,-80.09249332625514,3.689100775038572,8.597993619036698,6.076036209995437,-5.6840178126638284e-14
337.74348492193866,-80.04694705480496,3.687314554483065,8.59089350828296,6.095770459866996,-5.6840178126638284e-14
337.86864036162586,-80.00126627020202,3.6853826639955476,8.584037381658279,6.115050801549612,-4.210383564936169e-14
337.99006948443343,-79.95545599379692,3.6833080678155143,8.577419036612813,6.133887658989792,-6.315575347404254e-14
338.10786216412936,-79.90952105923853,3.6810937301824556,8.571032251596977,6.152291215172628,-7.157652060391487e-14
338.2221070583781,-79.86346611960688,3.678742615335867,8.564870792784559,6.1702714152175275,-5.4734986344170195e-14
338.33289160755123,-79.81729565434826,3.6762576875152404,8.558928420358177,6.187837969619309,-4.4209027431829774e-14
338.44030203527046,-79.77101397601542,3.6736419109600695,8.55319889437834,6.205000357611738,-6.526094525651062e-14
338.54442335053966,-79.72462523681416,3.6708982499098473,8.54767598025683,6.221767830632837,-9.262843842859572e-14
338.6453393513286,-79.67813343495824,3.668029668604068,8.542353453854485,6.23814941587276,-6.315575347404254e-14
338.7431326294828,-79.63154242083574,3.665039131282222,8.537225106222795,6.254153919887018,-5.4734986344170195e-14
338.8378845768411,-79.58485590298854,3.6619296021838057,8.532284748008033,6.269789932259129,-3.789345208442552e-14
338.9296753924491,-79.53807745390839,3.6587040455483093,8.527526213536051,6.285065829298469,-5.894536990910637e-14
339.0185840907654,-79.49121051565217,3.655365425615228,8.522943364595198,6.299989777760181,-5.894536990910637e-14
339.10468851076445,-79.44425840527887,3.651916706624053,8.518530093933947,6.314569738575528,-7.578690416885104e-14
339.18806532584614,-79.39722432011231,3.6483608528142795,8.51428032848944,6.328813470582056,-6.73661370389787e-14
339.2687900544676,-79.35011134283194,3.6447008284254006,8.51018803236227,6.3427285342440545,-6.315575347404254e-14
339.3469370714211,-79.30292244639521,3.640939597696908,8.50624720955221,6.356322295354883,-5.0524602779234026e-14
339.42257961968414,-79.2556604987951,3.637080124868295,8.50245190646903,6.369601928713491,-6.73661370389787e-14
339.4957898227766,-79.20832826765536,3.6331253741790546,8.49879621423178,6.38257442176851,-5.894536990910637e-14
339.56663869756085,-79.16092842466777,3.629078309868681,8.495274270769453,6.3952465782238725,-6.73661370389787e-14
339.63519616742997,-79.11346354987379,3.6249418961766664,8.491880262735183,6.407625021600821,-6.315575347404254e-14
339.70153107582826,-79.0659361357949,3.6207190973425054,8.488608427245687,6.419716198751632,-5.4734986344170195e-14
339.7657112000579,-79.01834859141385,3.6164128776056885,8.485453053456919,6.431526383321309,-5.894536990910637e-14
339.82780326532446,-78.97070324601141,3.6120262012057105,8.482408483986628,6.443061679153546,-6.315575347404254e-14
339.8878729589804,-78.92300235286083,3.6075620323820656,8.479469116193686,6.4543280236383325,-7.578690416885104e-14
339.94598494492925,-78.87524809278413,3.6030233353742442,8.476629403323754,6.4653311909986835,-6.315575347404254e-14
340.0022028781535,-78.82744257757274,3.5984130744217424,8.473883855530254,6.476076795514398,-5.4734986344170195e-14
340.0565894193362,-78.77958785327641,3.593734213764051,8.47122704077919,6.4865702946814,-5.4734986344170195e-14
340.1092062495449,-78.73168590336286,3.5889897176406635,8.468653585645962,6.4968169923052566,-7.999728773378721e-14
340.16011408495234,-78.68373865175217,3.5841825502910742,8.466158176011692,6.506822041528007,-5.894536990910637e-14
340.20937269156866,-78.63574796572787,3.579315675954775,8.463735557666471,6.516590447787562,-7.578690416885104e-14
340.25704089996333,-78.58771565872885,3.5743920588712608,8.461380536826242,6.526127071709375,-7.157652060391487e-14
340.3031766199556,-78.53964349302444,3.569414663280022,8.459087980569887,6.535436631930095,-5.4734986344170195e-14
340.3478368552562,-78.49153318227587,3.5643864534205543,8.45685281720254,6.544523707853307,-5.4734986344170195e-14
340.3910777180431,-78.44338639398663,3.55931039353235,8.454670036551015,6.553392742337617,-5.4734986344170195e-14
340.4329544434557,-78.39520475184509,3.5541894478549003,8.452534690196693,6.562048044317351,-7.578690416885104e-14
340.47352140399573,-78.34698983796166,3.5490265806277,8.450441891651046,6.570493791356606,-7.578690416885104e-14
340.51283212382043,-78.29874319500364,3.5438247560902436,8.448386816478726,6.5787340321370325,-3.789345208442552e-14
340.55093929291945,-78.25046632822976,3.5385869384820228,8.446364702372637,6.586772688880499,-7.578690416885104e-14
340.58789478116455,-78.20216070742768,3.5333160920425293,8.444370849185418,6.59461355970723,-5.894536990910637e-14
340.62374965222386,-78.15382776875684,3.5280151810112588,8.44240061892135,6.602260320930501,-4.631421921429786e-14
340.6585541773333,-78.10546891649862,3.522687169627703,8.440449435692567,6.609716529288981,-7.578690416885104e-14
340.6923578489192,-78.05708552471694,3.5173350221313555,8.43851278564299,6.616985624117837,-5.4734986344170195e-14
340.72520939406496,-78.00867893883121,3.51196170276171,8.436586216843661,6.62407092945963,-7.157652060391487e-14
340.75715678781904,-77.960250477104,3.5065701757582577,8.434665339162363,6.630975656116467,-4.631421921429786e-14
340.78824726633763,-77.91180143204585,3.501163405360494,8.432745824110734,6.637702903644441,-7.157652060391487e-14
340.8185273398609,-77.8633330717394,3.4957443558079104,8.430823404671587,6.644255662291824,-5.4734986344170195e-14
340.84804280551793,-77.81484664108443,3.4903159913400006,8.428893875109122,6.650636814882136,-4.631421921429786e-14
340.8768387599594,-77.76634336296686,3.4848812761962566,8.426953090764515,6.656849138643634,-3.368306851948935e-14
340.9049596118156,-77.717824439353,3.479443174616174,8.424996967839213,6.6628953069863766,-5.0524602779234026e-14
340.9324490939781,-77.66929105231112,3.4740046508392446,8.423021483168153,6.66877789122835,-5.4734986344170195e-14
340.9593502757048,-77.62074436496276,3.4685686691049606,8.42102267398496,6.674499362271895,-4.210383564936169e-14
340.98570557454707,-77.57218552236483,3.4631381936528163,8.418996637681062,6.680062092231838,-5.0524602779234026e-14
341.01155676809935,-77.52361565232516,3.457716188722306,8.416939531560521,6.685468356016729,-5.0524602779234026e-14
341.0369450055709,-77.47503586615288,3.4523056185529195,8.414847572592404,6.690720332864372,-5.0524602779234026e-14
341.0619108191794,-77.426447259345,3.446909447384153,8.412717037162096,6.695820107833132,-6.315575347404254e-14
341.086494135369,-77.37785091221178,3.4415306394554968,8.410544260823276,6.700769673250257,-7.578690416885104e-14
341.1107342858503,-77.32924789044166,3.4361721590064462,8.40832563805182,6.705570930118447,-7.157652060391487e-14
341.13467001846675,-77.28063924560786,3.4308369702764954,8.406057622003093,6.710225689482095,-6.315575347404254e-14
341.15833950788584,-77.23202601561793,3.425528037505134,8.403736724273752,6.714735673754367,-2.5262301389617013e-14
341.18178036611795,-77.18340922510797,3.4202483249318583,8.401359514669288,6.719102518006348,-5.4734986344170195e-14
341.2050296528634,-77.13478988578265,3.4150007967961598,8.398922620978436,6.723327771219535,-7.157652060391487e-14
341.2281238856899,-77.08616899670298,3.4097884173375324,8.39642272875545,6.7274128975028455,-5.0524602779234026e-14
341.251099050041,-77.0375475445227,3.4046141507954673,8.39385658111126,6.731359277275295,-6.315575347404254e-14
341.2739906090782,-76.98892650367482,3.39948096140946,8.391220978514294,6.7351682084155104,-4.210383564936169e-14
341.2968335133582,-76.94030683650989,3.3943918134190034,8.388512778602047,6.738840907379224,-5.4734986344170195e-14
341.31966221034617,-76.89168949338661,3.3893496710635898,8.385728896003968,6.742378510285869,-2.5262301389617013e-14
341.3425106537685,-76.84307541271691,3.3843574985827125,8.382866302176566,6.7457820739752234,-5.4734986344170195e-14
341.365412312805,-76.79446552096577,3.3794182602158633,8.379922025251432,6.749052577035381,-4.631421921429786e-14
341.38840018112415,-76.74586073260771,3.3745349202025383,8.376893149896759,6.7521909208028426,-4.631421921429786e-14
341.4115067857618,-76.69726195004053,3.3697104427822286,8.373776817193118,6.755197930335918,-4.210383564936169e-14
341.4347641958462,-76.64867006345784,3.3649477921944273,8.370570224523954,6.758074355362315,-3.789345208442552e-14
341.45820403117074,-76.60008595068105,3.360249932678628,8.36727062548148,6.760820871201891,-5.4734986344170195e-14
341.48185747061655,-76.55151047695213,3.3556198284743246,8.36387532978836,6.763438079665568,-5.4734986344170195e-14
341.505755260426,-76.50294449468807,3.351060443821009,8.360381703235829,6.765926509931193,-4.631421921429786e-14
341.52992772232983,-76.45438884319792,3.3465747429581736,8.356787167638565,6.768286619397365,-5.894536990910637e-14
341.55440476152995,-76.40584434836356,3.342165690125314,8.353089200806842,6.7705187945160485,-2.947268495455318e-14
341.5792158745376,-76.3573118222849,3.337836249561921,8.349285336536395,6.772623351604729,-3.789345208442552e-14
341.60439015687155,-76.30879206289055,3.3335893855074907,8.345373164616259,6.7746005376391425,-4.631421921429786e-14
341.629956310615,-76.26028585351476,3.329428062201512,8.341350330855159,6.776450531027133,-2.947268495455318e-14
341.6559426518356,-76.21179396244156,3.325355243883481,8.337214537126545,6.778173442364638,-2.5262301389617013e-14
341.6823771178676,-76.16331714241672,3.32137389479289,8.332963541432854,6.779769315174422,-4.210383564936169e-14
341.7092872744599,-76.11485613012857,3.3174869791692334,8.328595157989085,6.781238126628411,-5.0524602779234026e-14
341.7367003227897,-76.06641164565838,3.3136974612520023,8.3241072573262,6.782579788254278,-5.894536990910637e-14
341.7646431063442,-76.01798439190073,3.31000830528069,8.319497766414376,6.7837941466270255,-5.0524602779234026e-14
341.79314211767144,-75.96957505395523,3.3064224754947906,8.314764668806625,6.784880984046296,-1.6841534259744676e-14
341.8222235050015,-75.9211842984897,3.3029429361337974,8.309906004802867,6.785840019200011,-4.210383564936169e-14
341.8519130787396,-75.87281277307575,3.299572651437203,8.30491987163471,6.786670907815115,-4.210383564936169e-14
341.8822363178321,-75.8244611054974,3.2963145856445,8.299804423671226,6.78737324329598,-4.210383564936169e-14
341.91321837600617,-75.77612990303349,3.293171702995183,8.294557872645905,6.787946557351173,-4.210383564936169e-14
341.9448840878855,-75.72781975171428,3.290146967728744,8.289178487904893,6.788390320609205,-2.1051917824680846e-14
341.97725797498117,-75.67953121555294,3.287243344084676,8.283664596676918,6.788703943223812,-4.631421921429786e-14
342.0103642515608,-75.63126483575265,3.284463796302473,8.278014584364811,6.788886775469547,-5.0524602779234026e-14
342.04422683039513,-75.58302112988973,3.281811288621627,8.27222689485902,6.788938108328058,-2.5262301389617013e-14
342.07886932838363,-75.53480059107339,3.2792887852816324,8.266300030873163,6.788857174065804,-5.0524602779234026e-14
342.11431507206083,-75.48660368708262,3.2768992505219807,8.260232554301753,6.788643146803738,-3.368306851948935e-14
