galstreams/tracks/track.st.Monoceros.ramos2021.ecsv
# %ECSV 1.0
# ---
# datatype:
# - {name: ra, unit: deg, datatype: float64}
# - {name: dec, unit: deg, datatype: float64}
# - {name: distance, unit: kpc, datatype: float64}
# - {name: pm_ra_cosdec, unit: mas / yr, datatype: float64}
# - {name: pm_dec, unit: mas / yr, datatype: float64}
# - {name: radial_velocity, unit: km / s, datatype: float64}
# delimiter: ','
# meta: !!omap
# - __serialized_columns__:
#     dec:
#       __class__: astropy.coordinates.angles.Latitude
#       unit: &id001 !astropy.units.Unit {unit: deg}
#       value: !astropy.table.SerializedColumn {name: dec}
#     distance:
#       __class__: astropy.coordinates.distances.Distance
#       unit: !astropy.units.Unit {unit: kpc}
#       value: !astropy.table.SerializedColumn {name: distance}
#     pm_dec:
#       __class__: astropy.units.quantity.Quantity
#       unit: !astropy.units.Unit {unit: mas / yr}
#       value: !astropy.table.SerializedColumn {name: pm_dec}
#     pm_ra_cosdec:
#       __class__: astropy.units.quantity.Quantity
#       unit: !astropy.units.Unit {unit: mas / yr}
#       value: !astropy.table.SerializedColumn {name: pm_ra_cosdec}
#     ra:
#       __class__: astropy.coordinates.angles.Longitude
#       unit: *id001
#       value: !astropy.table.SerializedColumn {name: ra}
#       wrap_angle: !astropy.coordinates.Angle
#         unit: *id001
#         value: 360.0
#     radial_velocity:
#       __class__: astropy.units.quantity.Quantity
#       unit: !astropy.units.Unit {unit: km / s}
#       value: !astropy.table.SerializedColumn {name: radial_velocity}
# schema: astropy-2.0
ra,dec,distance,pm_ra_cosdec,pm_dec,radial_velocity
[from data line 4204]
117.14428317568847,34.7831018416721,10.599999999999998,-0.336205862556019,-0.843641949775807,0.0
117.14356795707214,34.7724045507483,10.599999999999998,-0.33606953556562197,-0.8430077876829056,-8.420767129872338e-15
117.14282928018604,34.7617009316601,10.599999999999998,-0.33592979360445785,-0.8423729760347138,8.420767129872338e-15
117.14206719049616,34.750990993372135,10.599999999999998,-0.3357866357953805,-0.8417375499362897,0.0
117.14128173439813,34.74027474509084,10.599999999999998,-0.33564006140649094,-0.8411015447627885,-8.420767129872338e-15
117.1404729592196,34.72955219626543,10.599999999999998,-0.3354900698522856,-0.8404649961591212,-4.210383564936169e-15
117.13964091322292,34.71882335658893,10.6,-0.33533666069462864,-0.839827940039827,0.0
117.1387856456072,34.70808823599904,10.599999999999998,-0.3351798336438933,-0.8391904125887582,1.2631150694808506e-14
117.13790720651068,34.697346844679124,10.599999999999998,-0.3350195885600403,-0.8385524502587116,-4.210383564936169e-15
117.137005647013,34.68659919305909,10.599999999999998,-0.33485592545370574,-0.837914089771174,-4.210383564936169e-15
117.13608101913691,34.675845291816294,10.599999999999998,-0.3346888444872427,-0.837275368115972,4.210383564936169e-15
117.13513337585107,34.665085151876525,10.599999999999998,-0.3345183459758878,-0.8366363225508746,0.0
117.1341627710716,34.65431878441482,10.599999999999998,-0.3343444303888101,-0.8359969906012578,0.0
117.1331692596641,34.643546200856356,10.599999999999998,-0.33416709835024533,-0.8353574100595864,-4.210383564936169e-15
117.13215289744589,34.632767412877364,10.600000000000001,-0.3339863506405992,-0.8347176189850989,0.0
117.13111374118736,34.621982432405886,10.599999999999998,-0.33380218819756163,-0.8340776557032282,-8.420767129872338e-15
117.1300518486144,34.61119127162268,10.599999999999998,-0.33361461211723364,-0.8334375588052071,0.0
117.1289672784096,34.60039394296211,10.599999999999998,-0.33342362365524514,-0.8327973671475244,0.0
117.12786009021423,34.589590459112806,10.6,-0.33322922422791823,-0.8321571198512856,-4.210383564936169e-15
117.12673034462973,34.578780833018584,10.599999999999996,-0.3330314154133697,-0.8315168563018579,4.210383564936169e-15
117.12557810321962,34.56796507787924,10.599999999999994,-0.332830198952681,-0.8308766161480189,0.0
117.12440342851035,34.557143207151256,10.599999999999996,-0.3326255767510291,-0.8302364393016224,0.0
117.12320638399335,34.54631523454854,10.599999999999996,-0.3324175508788806,-0.8295963659367094,-8.420767129872338e-15
117.12198703412606,34.53548117404329,10.599999999999996,-0.3322061235730825,-0.8289564364889388,-8.420767129872338e-15
117.12074544433338,34.524641039866616,10.599999999999996,-0.3319912972381507,-0.8283166916549177,0.0
117.11948168100885,34.513794846509306,10.599999999999996,-0.33177307444728044,-0.8276771723914683,-4.210383564936169e-15
117.11819581151579,34.50294260872252,10.599999999999998,-0.3315514579436831,-0.8270379199148017,-4.210383564936169e-15
117.11688790418856,34.49208434151846,10.599999999999998,-0.33132645064166066,-0.8263989756998192,-8.420767129872338e-15
117.11555802833323,34.481220060171,10.599999999999996,-0.3310980556278857,-0.8257603814792698,-4.210383564936169e-15
117.11420625422915,34.470349780216466,10.599999999999996,-0.3308662761625102,-0.8251221792429135,0.0
117.11283265312903,34.45947351745408,10.599999999999996,-0.33063111568045933,-0.8244844112366498,0.0
117.11143729726062,34.44859128794682,10.599999999999996,-0.33039257779258235,-0.8238471199616528,0.0
117.11002025982668,34.43770310802175,10.599999999999996,-0.3301506662868873,-0.8232103481733885,-4.210383564936169e-15
117.10858161500623,34.42680899427084,10.599999999999996,-0.3299053851297665,-0.8225741388806981,4.210383564936169e-15
117.1071214379547,34.41590896355137,10.599999999999996,-0.32965673846724997,-0.821938535344851,-4.210383564936169e-15
117.10563980480487,34.40500303298655,10.599999999999996,-0.3294047306262175,-0.8213035810783971,-8.420767129872338e-15
117.10413679266685,34.394091219966036,10.599999999999996,-0.3291493661156192,-0.8206693198443284,-4.210383564936169e-15
117.1026124796289,34.383173542146466,10.599999999999998,-0.32889064962777,-0.8200357956547959,0.0
117.10106694475739,34.37225001745193,10.599999999999996,-0.32862858603962886,-0.819403052770078,-4.210383564936169e-15
117.09950026809707,34.36132066407439,10.599999999999996,-0.32836318041397233,-0.8187711356975078,0.0
117.09791253067122,34.350385500474246,10.599999999999996,-0.3280944380007668,-0.8181400891901672,-4.210383564936169e-15
117.09630381448169,34.33944454538062,10.599999999999998,-0.3278223642383852,-0.8175099582458558,-4.210383564936169e-15
117.09467420250893,34.32849781779197,10.599999999999996,-0.32754696475491824,-0.8168807881055522,0.0
117.09302377871163,34.31754533697625,10.599999999999993,-0.3272682453694528,-0.8162526242525727,-4.210383564936169e-15
117.09135262802673,34.306587122471434,10.599999999999994,-0.3269862120934195,-0.8156255124108682,0.0
117.08966083636903,34.295623194085884,10.599999999999994,-0.32670087113181084,-0.8149994985438824,0.0
117.08794849063074,34.28465357189852,10.599999999999994,-0.32641222888459237,-0.8143746288531835,-4.210383564936169e-15
117.08621567868117,34.27367827625927,10.599999999999996,-0.32612029194798187,-0.8137509497769175,0.0
117.08446248936579,34.2626973277893,10.599999999999996,-0.3258250671157602,-0.8131285079885113,-4.210383564936169e-15
117.0826890125063,34.2517107473813,10.599999999999996,-0.32552656138068387,-0.8125073503951565,-1.2631150694808506e-14
117.08089533889888,34.24071855619966,10.599999999999996,-0.32522478193574444,-0.8118875241362178,-8.420767129872338e-15
117.07908156031415,34.22972077568075,10.599999999999996,-0.3249197361755411,-0.8112690765818316,-8.420767129872338e-15
117.07724776949597,34.218717427533065,10.599999999999996,-0.3246114316977588,-0.8106520553310949,8.420767129872338e-15
117.07539406016029,34.20770853373744,10.599999999999996,-0.3242998763043309,-0.8100365082106877,-8.420767129872338e-15
117.07352052699409,34.196694116547086,10.599999999999994,-0.32398507800302323,-0.8094224832730039,-6.315575347404253e-15
117.07162726565424,34.18567419848784,10.599999999999994,-0.32366704500867793,-0.8088100287945966,0.0
117.0697143727661,34.17464880235817,10.599999999999996,-0.3233457857447206,-0.8081991932743298,-6.315575347404253e-15
117.06778194592215,34.1636179512293,10.599999999999996,-0.32302130884444746,-0.8075900254316819,-1.6841534259744676e-14
117.06583008368027,34.15258166844511,10.599999999999996,-0.3226936231525062,-0.8069825742050063,-4.210383564936169e-15
117.06385888556235,34.14153997762234,10.599999999999994,-0.32236273772638746,-0.8063768887493372,-1.0525958912340423e-14
117.06186845205244,34.130492902650424,10.599999999999996,-0.3220286618376852,-0.805773018434907,-1.473634247727659e-14
117.05985888459495,34.119440467691525,10.599999999999996,-0.3216914049736804,-0.8051710128449897,0.0
117.05783028559273,34.10838269718046,10.599999999999994,-0.3213509768387191,-0.8045709217739712,-6.315575347404253e-15
117.05578275840483,34.09731961582455,10.599999999999996,-0.3210073873557213,-0.803972795225302,-4.210383564936169e-15
117.05371640734461,34.086251248603546,10.599999999999994,-0.320660646667545,-0.8033766834095033,-1.0525958912340423e-14
117.05163133767743,34.07517762076944,10.599999999999996,-0.3203107651386083,-0.8027826367420161,6.315575347404253e-15
117.04952765561802,34.0640987578463,10.599999999999994,-0.3199577533562447,-0.8021907058410991,-2.1051917824680845e-15
117.04740546832825,34.053014685630046,10.599999999999993,-0.31960162213228827,-0.8016009415255825,-6.315575347404253e-15
117.04526488391451,34.041925430188215,10.599999999999993,-0.3192423825044967,-0.8010133948127582,0.0
117.04310601142492,34.030831017859654,10.599999999999994,-0.318880045738147,-0.8004281169159064,-2.1051917824680845e-15
117.04092896084639,34.01973147525424,10.599999999999993,-0.31851462332749014,-0.7998451592422777,6.315575347404253e-15
117.03873384310194,34.00862682925255,10.599999999999993,-0.3181461269973201,-0.7992645733904205,4.210383564936169e-15
117.03652077004753,33.997517107005486,10.599999999999993,-0.31777456870451026,-0.7986864111479484,-4.210383564936169e-15
117.03428985446872,33.986402335933796,10.599999999999993,-0.31739996063956033,-0.7981107244890953,2.1051917824680845e-15
117.03204121007745,33.97528254372778,10.599999999999993,-0.31702231522812063,-0.797537565572258,-6.315575347404253e-15
117.0297749515088,33.96415775834666,10.599999999999993,-0.31664164513267967,-0.7969669867372816,4.210383564936169e-15
117.02749119431729,33.953028008018286,10.599999999999993,-0.31625796325403216,-0.7963990405030352,0.0
117.02519005497308,33.94189332123835,10.59999999999999,-0.31587128273288345,-0.7958337795647017,-8.420767129872338e-15
117.02287165085836,33.93075372676998,10.599999999999994,-0.3154816169515385,-0.7952712567912036,-6.315575347404253e-15
117.02053610026339,33.91960925364309,10.599999999999993,-0.315088979535423,-0.7947115252222515,-1.2631150694808506e-14
117.01818352238249,33.908459931153736,10.599999999999993,-0.31469338435473165,-0.7941546380658513,0.0
117.01581403730962,33.89730578886347,10.599999999999994,-0.3142948455260866,-0.7936006486953144,0.0
117.01342776603444,33.88614685659857,10.599999999999993,-0.31389337741420975,-0.7930496106462758,-2.1051917824680845e-15
117.01102483043762,33.87498316444932,10.599999999999993,-0.31348899463350977,-0.7925015776140761,0.0
117.00860535328599,33.86381474276916,10.599999999999993,-0.3130817120497667,-0.7919566034504835,0.0
117.00616945822864,33.85264162217397,10.59999999999999,-0.31267154478183756,-0.7914147421609085,-6.315575347404253e-15
117.00371726979122,33.841463833541155,10.599999999999994,-0.3122585082033602,-0.7908760479011189,-6.315575347404253e-15
117.00124891337141,33.83028140800869,10.599999999999993,-0.31184261794443136,-0.7903405749742543,2.1051917824680845e-15
116.99876451523362,33.81909437697422,10.599999999999994,-0.3114238898933111,-0.7898083778276226,4.210383564936169e-15
116.99626420250387,33.8079027720941,10.599999999999993,-0.3110023401981217,-0.7892795110494134,0.0
116.99374810316428,33.79670662528234,10.599999999999993,-0.3105779852686942,-0.7887540293654366,4.210383564936169e-15
116.9912163460474,33.78550596870951,10.599999999999993,-0.31015084177817775,-0.7882319876358328,-8.420767129872338e-15
116.98866906083079,33.7743008348017,10.599999999999993,-0.309720926664924,-0.7877134408516473,-1.6841534259744676e-14
116.98610637803078,33.763091256239285,10.599999999999993,-0.30928825713416036,-0.787198444131293,4.210383564936169e-15
116.98352842899709,33.75187726595587,10.599999999999993,-0.3088528506598187,-0.7866870527172392,4.210383564936169e-15
116.9809353459058,33.74065889713689,10.599999999999993,-0.3084147249863743,-0.7861793219722916,0.0
116.97832726175413,33.72943618321848,10.599999999999994,-0.3079738981305732,-0.7856753073759537,-8.420767129872338e-15
116.97570431035287,33.718209157886,10.599999999999993,-0.3075303883832761,-0.7851750645210418,-2.1051917824680845e-15
116.97306662632077,33.70697785507286,10.599999999999993,-0.30708421431135513,-0.7846786491095343,-6.315575347404253e-15
116.97041434507712,33.69574230895894,10.599999999999993,-0.30663539475948354,-0.7841861169490505,-6.315575347404253e-15
116.96774760283498,33.684502553969175,10.599999999999994,-0.30618394885195993,-0.7836975239490492,4.210383564936169e-15
116.96506653659434,33.67325862477212,10.599999999999993,-0.30572989599469597,-0.7832129261167514,-6.315575347404253e-15
116.96237128413482,33.66201055627835,10.599999999999994,-0.3052732558769711,-0.7827323795532579,6.315575347404253e-15
116.95966198400794,33.650758383638866,10.599999999999993,-0.3048140484734664,-0.7822559404495288,-8.420767129872338e-15
116.95693877552992,33.63950214224339,10.599999999999993,-0.3043522940460167,-0.7817836650823247,2.1051917824680845e-15
116.95420179877387,33.62824186771881,10.59999999999999,-0.30388801314571345,-0.7813156098100118,-8.420767129872338e-15
116.95145119456171,33.61697759592729,10.59999999999999,-0.3034212266146591,-0.7808518310684097,-4.210383564936169e-15
116.94868710445657,33.6057093629646,10.599999999999993,-0.3029519555881366,-0.7803923853663821,-6.315575347404253e-15
116.94590967075398,33.594437205158194,10.59999999999999,-0.30248022149630105,-0.7799373292818788,-2.1051917824680845e-15
116.94311903647393,33.58316115906534,10.59999999999999,-0.3020060460664617,-0.7794867194569867,-1.0525958912340423e-14
116.94031534535196,33.57188126147117,10.599999999999993,-0.3015294513248189,-0.7790406125939019,-6.315575347404253e-15
116.93749874183065,33.56059754938668,10.599999999999993,-0.30105045959862153,-0.7785990654503516,2.1051917824680845e-15
116.93466937105067,33.549310060046736,10.59999999999999,-0.30056909351813965,-0.7781621348348279,2.1051917824680845e-15
116.93182737884167,33.53801883090792,10.59999999999999,-0.30008537601871765,-0.7777298776020704,-6.315575347404253e-15
116.92897291171283,33.52672389964637,10.599999999999993,-0.2995993303427916,-0.7773023506483194,-6.315575347404253e-15
116.92610611684343,33.51542530415553,10.59999999999999,-0.29911098004199904,-0.7768796109065575,-6.315575347404253e-15
116.92322714207342,33.504123082544005,10.59999999999999,-0.29862034897924483,-0.7764617153415652,-6.315575347404253e-15
116.92033613589356,33.492817273133184,10.599999999999993,-0.2981274613307347,-0.7760487209452233,4.210383564936169e-15
116.91743324743513,33.4815079144548,10.59999999999999,-0.2976323415881944,-0.7756406847311527,0.0
116.91451862645992,33.470195045248616,10.59999999999999,-0.2971350145609253,-0.7752376637300508,-1.2631150694808506e-14
116.91159242334992,33.45887870445983,10.599999999999989,-0.2966355053779073,-0.7748397149843645,-4.210383564936169e-15
116.90865478909625,33.447558931236514,10.59999999999999,-0.2961338394900646,-0.7744468955430528,-2.1051917824680845e-15
116.90570587528933,33.43623576492722,10.599999999999993,-0.29563004267232684,-0.7740592624563871,2.1051917824680845e-15
116.90274583410687,33.42490924507802,10.59999999999999,-0.29512414102589335,-0.7736768727707211,-2.1051917824680845e-15
116.89977481830311,33.413579411429915,10.59999999999999,-0.2946161609803622,-0.7732997835228814,0.0
116.89679298119765,33.402246303916115,10.59999999999999,-0.29410612929597413,-0.7729280517347712,2.1051917824680845e-15
116.89380047666383,33.39090996265919,10.59999999999999,-0.2935940730659342,-0.7725617344078128,0.0
116.89079745911656,33.37957042796796,10.59999999999999,-0.2930800197184799,-0.7722008885174443,0.0
116.88778408350035,33.36822774033471,10.59999999999999,-0.2925639970192888,-0.7718455710070714,4.210383564936169e-15
116.88476050527788,33.356881940432146,10.59999999999999,-0.29204603307369026,-0.7714958387826595,-6.315575347404253e-15
116.8817268804167,33.34553306911021,10.59999999999999,-0.2915261563290389,-0.7711517487066555,-8.420767129872338e-15
116.87868336537726,33.33418116739306,10.59999999999999,-0.2910043955768888,-0.7708133575921814,-1.0525958912340423e-14
116.8756301170996,33.32282627647568,10.59999999999999,-0.29048077995548,-0.7704807221968518,0.0
116.87256729299037,33.31146843772062,10.59999999999999,-0.2899553389519005,-0.7701538992169441,-6.315575347404253e-15
116.86949505091019,33.30010769265479,10.59999999999999,-0.28942810240471273,-0.7698329452809425,-2.1051917824680845e-15
116.86641354915947,33.28874408296588,10.59999999999999,-0.2888991005060392,-0.7695179169434769,-4.210383564936169e-15
116.86332294646475,33.27737765049881,10.59999999999999,-0.288368363804124,-0.769208870678984,0.0
116.86022340196543,33.26600843725243,10.59999999999999,-0.28783592320577744,-0.7689058628752731,2.1051917824680845e-15
116.85711507519865,33.25463648537557,10.59999999999999,-0.2873018099786746,-0.7686089498269291,-1.0525958912340423e-14
