galstreams/tracks/track.st.LMS-1.ibata2024.ecsv
# %ECSV 1.0
# ---
# datatype:
# - {name: ra, unit: deg, datatype: float64}
# - {name: dec, unit: deg, datatype: float64}
# - {name: distance, unit: kpc, datatype: float64}
# - {name: pm_ra_cosdec, unit: mas / yr, datatype: float64}
# - {name: pm_dec, unit: mas / yr, datatype: float64}
# - {name: radial_velocity, unit: km / s, datatype: float64}
# delimiter: ','
# meta: !!omap
# - __serialized_columns__:
#     dec:
#       __class__: astropy.coordinates.angles.Latitude
#       unit: &id001 !astropy.units.Unit {unit: deg}
#       value: !astropy.table.SerializedColumn {name: dec}
#     distance:
#       __class__: astropy.coordinates.distances.Distance
#       unit: !astropy.units.Unit {unit: kpc}
#       value: !astropy.table.SerializedColumn {name: distance}
#     pm_dec:
#       __class__: astropy.units.quantity.Quantity
#       unit: !astropy.units.Unit {unit: mas / yr}
#       value: !astropy.table.SerializedColumn {name: pm_dec}
#     pm_ra_cosdec:
#       __class__: astropy.units.quantity.Quantity
#       unit: !astropy.units.Unit {unit: mas / yr}
#       value: !astropy.table.SerializedColumn {name: pm_ra_cosdec}
#     ra:
#       __class__: astropy.coordinates.angles.Longitude
#       unit: *id001
#       value: !astropy.table.SerializedColumn {name: ra}
#       wrap_angle: !astropy.coordinates.Angle
#         unit: *id001
#         value: 360.0
#     radial_velocity:
#       __class__: astropy.units.quantity.Quantity
#       unit: !astropy.units.Unit {unit: km / s}
#       value: !astropy.table.SerializedColumn {name: radial_velocity}
# schema: astropy-2.0
ra,dec,distance,pm_ra_cosdec,pm_dec,radial_velocity
[from data line 3382]
238.09378321525824,28.18983471593056,1.0000000000000007,0.9549553597123364,-2.015554025510264,-146.37467184174488
238.10500363136606,28.1883328339869,1.0000000000000007,0.9557214928550248,-2.016191631355598,-146.44130854603003
238.11622360065,28.186829188986035,1.0000000000000007,0.9564876483437352,-2.016829458701439,-146.5079461463181
238.12744312279455,28.185323781748885,1.0000000000000009,0.9572538259978334,-2.0174675074078383,-146.5745846312297
238.13866219748456,28.183816613096443,1.0000000000000007,0.9580200256366673,-2.0181057773347533,-146.64122398938562
238.1498808244055,28.182307683849746,1.0000000000000004,0.9587862470797521,-2.018744268342063,-146.70786420940658
238.1610990032431,28.180796994829855,1.0000000000000007,0.9595524901465708,-2.019382980289585,-146.7745052799132
238.17231673368352,28.1792845468579,1.0000000000000007,0.9603187546566954,-2.0200219130370414,-146.8411471895262
238.1835340154135,28.177770340755053,1.0000000000000007,0.9610850404297917,-2.0206610664440774,-146.90778992686614
238.1947508481201,28.17625437734253,1.0000000000000007,0.9618513472855508,-2.021300440370263,-146.9744334805539
238.20596723149075,28.174736657441585,1.0000000000000007,0.962617675043699,-2.021940034675099,-147.04107783921006
238.2171831652134,28.173217181873536,1.0000000000000007,0.9633840235240605,-2.022579849217987,-147.10772299145538
238.22839864897654,28.171695951459725,1.0000000000000007,0.9641503925465589,-2.0232198838582764,-147.1743689259104
238.23961368246884,28.17017296702155,1.0000000000000007,0.9649167819310875,-2.023860138455218,-147.2410156311959
238.25082826537954,28.16864822938046,1.0000000000000007,0.9656831914976394,-2.0245006128679925,-147.3076630959326
238.26204239739826,28.167121739357945,1.0000000000000007,0.9664496210662623,-2.0251413069557014,-147.37431130874117
238.2732560782152,28.165593497775525,1.0000000000000007,0.9672160704571144,-2.0257822205773746,-147.4409602582422
238.28446930752082,28.164063505454802,1.0000000000000007,0.9679825394903432,-2.026423353591948,-147.50760993305641
238.295682085006,28.162531763217384,1.0000000000000007,0.9687490279861564,-2.027064705858299,-147.57426032180464
238.30689441036222,28.16099827188494,1.0000000000000007,0.9695155357648915,-2.027706277235218,-147.64091141310743
238.3181062832812,28.159463032279195,1.0000000000000007,0.9702820626468807,-2.0283480675814065,-147.70756319558544
238.32931770345513,28.1579260452219,1.0000000000000007,0.9710486084525147,-2.0289900767555107,-147.7742156578595
238.34052867057684,28.15638731153486,1.0000000000000007,0.9718151730023141,-2.0296323046160882,-147.8408687885502
238.3517391843392,28.15484683203992,1.0000000000000007,0.9725817561167478,-2.0302747510216133,-147.90752257627813
238.36294924443592,28.15330460755898,1.0000000000000007,0.9733483576164552,-2.0309174158304906,-147.97417700966417
238.37415885056092,28.151760638913984,1.0000000000000007,0.9741149773220954,-2.0315602989010397,-148.0408320773289
238.3853680024085,28.15021492692689,1.0000000000000007,0.9748816150543522,-2.0322034000915217,-148.10748776789296
238.39657669967352,28.148667472419746,1.0000000000000007,0.9756482706339877,-2.0328467192600908,-148.1741440699772
238.40778494205125,28.147118276214613,1.0000000000000007,0.9764149438818794,-2.0334902562648427,-148.24080097220212
238.4189927292373,28.145567339133606,1.0000000000000007,0.9771816346188587,-2.034134010963802,-148.30745846318848
238.43020006092777,28.14401466199888,1.0000000000000007,0.9779483426659024,-2.0347779832148962,-148.37411653155706
238.4414069368192,28.142460245632655,1.0000000000000007,0.9787150678439946,-2.035422172875979,-148.44077516592841
238.45261335660857,28.14090409085716,1.0000000000000007,0.9794818099742493,-2.036066579804851,-148.50743435492328
238.4638193199933,28.139346198494685,1.0000000000000007,0.9802485688777747,-2.036711203859202,-148.57409408716234
238.47502482667113,28.137786569367563,1.0000000000000007,0.9810153443757468,-2.037356044896674,-148.64075435126634
238.4862298763403,28.136225204298185,1.0000000000000007,0.9817821362893984,-2.038001102774805,-148.70741513585583
238.49743446869962,28.13466210410895,1.0000000000000007,0.9825489444400901,-2.038646377351082,-148.7740764295516
238.50863860344805,28.133097269622336,1.0000000000000007,0.9833157686491347,-2.0392918684828967,-148.84073822097426
238.5198422802852,28.131530701660846,1.0000000000000007,0.9840826087379995,-2.039937576027567,-148.9074004987446
238.53104549891103,28.129962401047035,1.0000000000000007,0.984849464528148,-2.040583499842331,-148.97406325148327
238.5422482590259,28.128392368603492,1.0000000000000007,0.9856163358411258,-2.041229639784369,-149.04072646781086
238.55345056033065,28.126820605152844,1.0000000000000009,0.986383222498544,-2.041875995710763,-149.10739013634813
238.56465240252652,28.12524711151779,1.0000000000000007,0.9871501243220457,-2.042522567478521,-149.17405424571587
238.57585378531527,28.12367188852103,1.0000000000000007,0.9879170411334126,-2.0431693549445935,-149.24071878453455
238.5870547083989,28.12209493698535,1.0000000000000004,0.9886839727543677,-2.0438163579658166,-149.307383741425
238.59825517148,28.120516257733534,1.0000000000000007,0.9894509190067637,-2.0444635763990036,-149.37404910500797
238.6094551742616,28.11893585158845,1.0000000000000009,0.9902178797125529,-2.0451110101008254,-149.4407148639039
238.62065471644698,28.11735371937298,1.0000000000000009,0.9909848546936288,-2.0457586589279373,-149.50738100673374
238.6318537977401,28.115769861910067,1.0000000000000007,0.9917518437720876,-2.0464065227368824,-149.57404752211804
238.64305241784513,28.114184280022684,1.0000000000000007,0.9925188467699577,-2.047054601384133,-149.64071439867746
238.65425057646675,28.112596974533837,1.0000000000000007,0.9932858635093922,-2.0477028947260987,-149.70738162503284
238.66544827331012,28.111007946266607,1.0000000000000009,0.9940528938125954,-2.048351402619092,-149.77404918980466
238.67664550808078,28.109417196044085,1.0000000000000007,0.9948199375018412,-2.0490001249193703,-149.8407170816137
238.68784228048474,28.107824724689415,1.0000000000000007,0.9955869943994511,-2.0496490614830947,-149.90738528908074
238.69903859022833,28.106230533025787,1.0000000000000007,0.9963540643277717,-2.050298212166364,-149.9740538008263
238.7102344370184,28.104634621876432,1.0000000000000009,0.9971211471092776,-2.0509475768251892,-150.04072260547116
238.72142982056224,28.103036992064606,1.0000000000000009,0.9978882425664395,-2.0515971553155286,-150.10739169163605
238.73262474056753,28.10143764441364,1.0000000000000009,0.9986553505218527,-2.0522469474932254,-150.17406104794156
238.7438191967424,28.099836579746864,1.0000000000000009,0.9994224707981214,-2.0528969532140895,-150.2407306630084
238.75501318879543,28.09823379888769,1.0000000000000009,1.0001896032179332,-2.05354717233382,-150.30740052545727
238.76620671643553,28.096629302659547,1.0000000000000009,1.0009567476039916,-2.05419760470806,-150.37407062390886
238.77739977937222,28.095023091885913,1.0000000000000009,1.0017239037791654,-2.054848250192368,-150.44074094698385
238.78859237731515,28.093415167390297,1.0000000000000009,1.0024910715662134,-2.0554991086422323,-150.50741148330295
238.79978450997478,28.09180552999626,1.0000000000000009,1.0032582507881518,-2.056150179913061,-150.57408222148686
238.8109761770617,28.090194180527416,1.0000000000000009,1.0040254412678848,-2.0568014638601824,-150.64075315015612
238.822167378287,28.08858111980738,1.0000000000000009,1.004792642828459,-2.0574529603388623,-150.7074242579316
238.83335811336235,28.086966348659846,1.0000000000000009,1.0055598552930292,-2.058104669204276,-150.77409553343392
238.84454838199966,28.08534986790854,1.0000000000000009,1.0063270784846967,-2.058756590311532,-150.84076696528365
238.85573818391137,28.083731678377212,1.0000000000000009,1.0070943122267053,-2.059408723515661,-150.90743854210174
238.8669275188103,28.082111780889665,1.0000000000000009,1.0078615563423057,-2.0600610686716223,-150.9741102525086
238.8781163864097,28.080490176269755,1.0000000000000009,1.0086288106548444,-2.0607136256342837,-151.04078208512507
238.88930478642328,28.078866865341343,1.0000000000000009,1.009396074987718,-2.06136639425846,-151.1074540285718
238.90049271856523,28.07724184892837,1.0000000000000009,1.0101633491643955,-2.062019374398867,-151.1741260714695
238.91168018255001,28.07561512785479,1.0000000000000009,1.0109306330083623,-2.0626725659101695,-151.2407982024388
238.9228671780927,28.0739867029446,1.0000000000000009,1.0116979263432242,-2.063325968646936,-151.30747041010048
238.9340537049086,28.072356575021846,1.0000000000000009,1.0124652289925695,-2.063979582463668,-151.3741426830751
238.94523976271364,28.070724744910624,1.0000000000000009,1.013232540780134,-2.064633407214801,-151.44081500998342
238.956425351224,28.069091213435037,1.0000000000000009,1.013999861529637,-2.0652874427546717,-151.50748737944616
238.96761047015653,28.06745598141925,1.0000000000000009,1.014767191064946,-2.0659416889375706,-151.5741597800839
238.97879511922818,28.065819049687466,1.0000000000000009,1.0155345292098659,-2.0665961456176962,-151.6408322005174
238.9899792981567,28.064180419063923,1.0000000000000009,1.0163018757883844,-2.067250812649158,-151.7075046293674
239.00116300665985,28.06254009037292,1.0000000000000009,1.017069230624445,-2.0679056898860164,-151.77417705525443
239.0123462444562,28.060898064438735,1.0000000000000009,1.0178365935421336,-2.068560777182256,-151.84084946679934
239.02352901126457,28.05925434208576,1.0000000000000009,1.0186039643655533,-2.0692160743917576,-151.90752185262275
239.0347113068042,28.057608924138375,1.0000000000000009,1.0193713429188662,-2.0698715813683624,-151.97419420134528
239.04589313079484,28.055961811421025,1.0000000000000009,1.0201387290263249,-2.0705272979658105,-152.0408665015877
239.05707448295652,28.054313004758182,1.0000000000000007,1.0209061225121712,-2.07118322403778,-152.10753874197064
239.06825536300988,28.052662504974354,1.0000000000000009,1.0216735232008052,-2.0718393594378703,-152.1742109111149
239.0794357706758,28.05101031289409,1.0000000000000007,1.022440930916586,-2.072495704019614,-152.24088299764102
239.09061570567582,28.049356429341987,1.0000000000000009,1.0232083454840382,-2.073152257636451,-152.3075549901698
239.1017951677317,28.04770085514268,1.0000000000000009,1.0239757667276521,-2.0738090201417627,-152.37422687732175
239.11297415656577,28.046043591120828,1.0000000000000009,1.024743194472041,-2.074465991388843,-152.4408986477178
239.12415267190065,28.04438463810112,1.0000000000000007,1.0255106285418183,-2.0751231712309366,-152.50757028997842
239.13533071345947,28.042723996908336,1.0000000000000009,1.0262780687617088,-2.0757805595211725,-152.57424179272445
239.1465082809659,28.041061668367234,1.000000000000001,1.0270455149565052,-2.076438156112644,-152.64091314457656
239.15768537414382,28.039397653302636,1.0000000000000009,1.027812966951025,-2.0770959608583404,-152.70758433415534
239.1688619927176,28.037731952539403,1.0000000000000009,1.0285804245701033,-2.0777539736112054,-152.77425535008152
239.18003813641218,28.036064566902432,1.0000000000000009,1.029347887638746,-2.078412194224075,-152.84092618097586
239.19121380495275,28.034395497216643,1.0000000000000009,1.0301153559819252,-2.07907062254975,-152.90759681545896
239.20238899806503,28.03272474430703,1.0000000000000007,1.030882829424712,-2.079729258440919,-152.97426724215146
239.21356371547517,28.031052308998575,1.0000000000000007,1.0316503077922565,-2.0803881017502146,-153.04093744967423
239.22473795690968,28.029378192116344,1.0000000000000009,1.0324177909097063,-2.0810471523301945,-153.10760742664772
239.23591172209555,28.027702394485416,1.0000000000000009,1.0331852786023248,-2.081706410033343,-153.17427716169286
239.24708501076012,28.026024916930904,1.0000000000000009,1.033952770695393,-2.082365874712071,-153.2409466434301
239.25825782263138,28.02434576027797,1.0000000000000009,1.0347202670143254,-2.083025546218707,-153.30761586048033
239.26943015743743,28.022664925351815,1.0000000000000009,1.0354877673844918,-2.083685424405518,-153.37428480146403
239.28060201490703,28.020982412977663,1.0000000000000009,1.0362552716314113,-2.084345509124672,-153.4409534550021
239.2917733947693,28.019298223980783,1.0000000000000009,1.0370227795806013,-2.0850058002282985,-153.5076218097151
239.3029442967538,28.017612359186487,1.0000000000000009,1.0377902910576822,-2.0856662975684355,-153.57428985422376
239.3141147205905,28.015924819420103,1.0000000000000009,1.038557805888317,-2.086327000997036,-153.64095757714875
239.32528466600974,28.014235605507032,1.0000000000000009,1.0393253238982023,-2.0869879103659876,-153.7076249671107
239.3364541327424,28.01254471827266,1.0000000000000009,1.0400928449131523,-2.0876490255271225,-153.77429201273034
239.34762312051973,28.010852158542466,1.0000000000000009,1.0408603687589846,-2.0883103463321753,-153.84095870262843
239.35879162907335,28.009157927141924,1.0000000000000009,1.041627895261584,-2.0889718726328077,-153.90762502542557
239.36995965813543,28.007462024896576,1.0000000000000009,1.0423954242469229,-2.0896336042806123,-153.97429096974247
239.38112720743854,28.005764452631958,1.0000000000000009,1.043162955541062,-2.09029554112713,-154.04095652419983
239.39229427671557,28.004065211173682,1.0000000000000007,1.0439304889700232,-2.0909576830237935,-154.10762167741822
239.40346086569997,28.002364301347377,1.0000000000000009,1.044698024359981,-2.091620029821975,-154.17428641801854
239.41462697412553,28.000661723978705,1.0000000000000009,1.045465561537112,-2.092282581372981,-154.24095073462135
239.42579260172647,27.99895747989338,1.0000000000000007,1.0462331003276741,-2.0929453375280413,-154.30761461584737
239.43695774823752,27.997251569917143,1.0000000000000009,1.047000640558002,-2.093608298138303,-154.37427805031717
239.44812241339375,27.995543994875767,1.0000000000000009,1.0477681820544618,-2.094271463054847,-154.44094102665161
239.45928659693072,27.99383475559506,1.0000000000000009,1.0485357246434948,-2.094934832128681,-154.50760353347127
239.47045029858438,27.99212385290087,1.0000000000000009,1.0493032681516095,-2.0955984052107333,-154.5742655593968
239.48161351809105,27.990411287619086,1.0000000000000009,1.050070812405318,-2.0962621821518788,-154.64092709304907
239.4927762551876,27.98869706057562,1.0000000000000009,1.0508383572312852,-2.0969261628028875,-154.70758812304857
239.5039385096113,27.98698117259643,1.0000000000000009,1.0516059024561546,-2.097590347014483,-154.77424863801605
239.51510028109968,27.98526362450749,1.0000000000000009,1.0523734479066675,-2.0982547346373064,-154.8409086265722
239.526261569391,27.983544417134848,1.0000000000000009,1.0531409934096398,-2.0989193255219174,-154.9075680773378
239.53742237422364,27.981823551304526,1.000000000000001,1.053908538791882,-2.099584119518825,-154.9742269789334
239.54858269533668,27.98010102784265,1.0000000000000009,1.0546760838803646,-2.1002491164784303,-155.04088531997965
239.55974253246933,27.978376847575333,1.0000000000000009,1.0554436285019921,-2.1009143162510977,-155.1075430890974
239.57090188536156,27.976651011328737,1.0000000000000009,1.0562111724838736,-2.1015797186870984,-155.17420027490726
239.58206075375347,27.974923519929064,1.000000000000001,1.0569787156530257,-2.1022453236366303,-155.24085686602987
239.59321913738574,27.97319437420254,1.0000000000000009,1.0577462578366479,-2.1029111309498347,-155.307512851086
239.60437703599953,27.971463574975438,1.0000000000000009,1.0585137988619575,-2.1035771404767516,-155.37416821869635
239.61553444933625,27.969731123074045,1.0000000000000009,1.0592813385561968,-2.104243352067382,-155.44082295748137
239.62669137713794,27.967997019324702,1.0000000000000009,1.0600488767467375,-2.1049097655716285,-155.5074770560621
239.63784781914677,27.966261264553776,1.0000000000000009,1.0608164132608913,-2.105576380839336,-155.574130503059
