galstreams/tracks/track.st.M2.ibata2021.ecsv
# %ECSV 0.9
# ---
# datatype:
# - {name: ra, unit: deg, datatype: float64}
# - {name: dec, unit: deg, datatype: float64}
# - {name: distance, unit: kpc, datatype: float64}
# - {name: pm_ra_cosdec, unit: mas / yr, datatype: float64}
# - {name: pm_dec, unit: mas / yr, datatype: float64}
# - {name: radial_velocity, unit: km / s, datatype: float64}
# delimiter: ','
# meta: !!omap
# - __serialized_columns__:
#     dec:
#       __class__: astropy.coordinates.angles.Latitude
#       unit: &id001 !astropy.units.Unit {unit: deg}
#       value: !astropy.table.SerializedColumn {name: dec}
#     distance:
#       __class__: astropy.coordinates.distances.Distance
#       unit: !astropy.units.Unit {unit: kpc}
#       value: !astropy.table.SerializedColumn {name: distance}
#     pm_dec:
#       __class__: astropy.units.quantity.Quantity
#       unit: !astropy.units.Unit {unit: mas / yr}
#       value: !astropy.table.SerializedColumn {name: pm_dec}
#     pm_ra_cosdec:
#       __class__: astropy.units.quantity.Quantity
#       unit: !astropy.units.Unit {unit: mas / yr}
#       value: !astropy.table.SerializedColumn {name: pm_ra_cosdec}
#     ra:
#       __class__: astropy.coordinates.angles.Longitude
#       unit: *id001
#       value: !astropy.table.SerializedColumn {name: ra}
#       wrap_angle: !astropy.coordinates.Angle
#         unit: *id001
#         value: 360.0
#     radial_velocity:
#       __class__: astropy.units.quantity.Quantity
#       unit: !astropy.units.Unit {unit: km / s}
#       value: !astropy.table.SerializedColumn {name: radial_velocity}
# schema: astropy-2.0
ra,dec,distance,pm_ra_cosdec,pm_dec,radial_velocity
[from data line 1767]
327.26723048862414,0.22930681764426997,12.057811179807352,3.193497067435326,-2.30108561113676,-8.341822438029786e-14
327.2763731379995,0.2335583384933419,12.05889475783918,3.192371675337422,-2.3008484067402004,1.9012513285414888e-14
327.28551494313047,0.23781257478304302,12.059976055655302,3.1912456420763453,-2.300610058361665,1.5986300098117018e-14
327.2946559034099,0.24206952862728573,12.061055068856549,3.1901189666730323,-2.3003705645666477,-1.2861406046015955e-13
327.3037960182308,0.24632920214002096,12.062131793043736,3.1889916481484812,-2.3001299239206126,-6.052426374595743e-15
327.312935286986,0.25059159743523685,12.063206223817694,3.187863685523749,-2.2998881349889957,-6.611617941813829e-14
327.32207370906855,0.2548567166269587,12.064278356779242,3.1867350778199555,-2.2996451963372,-2.3222896850351057e-14
327.3312112838717,0.2591245618292482,12.0653481875292,3.18560582405828,-2.299401106530602,-7.802367043772338e-14
327.3403480107887,0.2633951351562084,12.066415711668393,3.1844759232599644,-2.299155864134544,6.8418732930212744e-15
327.3494838892128,0.2676684387219774,12.067480924797644,3.183345374446305,-2.2989094677143402,3.670928170678722e-14
327.3586189185375,0.27194447464073285,12.068543822517778,3.1822141766386682,-2.298661915835274,-6.249788104202127e-14
327.36775309815636,0.2762232450266903,12.06960440042961,3.1810823288584746,-2.2984132070625978,-9.683882199353189e-14
327.3768864274629,0.2805047519941006,12.070662654133969,3.1799498301272076,-2.2981633399615338,4.473532537744679e-15
327.38601890585096,0.28478899765725657,12.071718579231675,3.1788166794664114,-2.2979123130972745,-2.1183492311085102e-14
327.39515053271424,0.2890759841304874,12.072772171323551,3.1776828758976925,-2.297660125034979,4.276170808138297e-14
327.40428130744664,0.29336571352815893,12.073823426010424,3.176548418442716,-2.297406774339779,-6.21031575828085e-14
327.41341122944226,0.2976581879646795,12.07487233889311,3.17541330612321,-2.297152259576775,3.1577876737021266e-15
327.4225402980951,0.30195340955448924,12.075918905572435,3.174277537960966,-2.2968965793110363,-9.09179701053404e-14
327.4316685127993,0.3062513804120706,12.07696312164922,3.173141112977834,-2.2966397321075998,-6.21031575828085e-14
327.44079587294925,0.31055210265194577,12.078004982724284,3.1720040301957244,-2.2963817165314753,-4.920885791519147e-14
327.44992237793923,0.31485557838867106,12.079044484398459,3.1708662886366126,-2.296122531147638,9.907558826240422e-14
327.45904802716365,0.319161809736844,12.080081622272562,3.1697278873225327,-2.295862174521035,-9.539150264308508e-14
327.4681728200172,0.32347079881110147,12.081116391947415,3.1685888252755827,-2.295600645216581,-1.132856327940638e-13
327.4772967558944,0.32778254772611376,12.08214878902384,3.167449101517921,-2.2953379417991617,-8.539184167636168e-14
327.48641983419003,0.3320970585965939,12.083178809102662,3.1663087150717684,-2.2950740628336317,1.7894130150978717e-14
327.4955420542989,0.33641433353729316,12.084206447784704,3.1651676649594065,-2.29480900688481,1.5525789395702124e-14
327.50466341561594,0.34073437466299966,12.085231700670787,3.1640259502031802,-2.2945427725174885,-5.5129709803382966e-14
327.5137839175362,0.34505718408854374,12.086254563361736,3.162883569825495,-2.2942753582964306,3.763030311161701e-14
327.52290355945473,0.34938276392878687,12.087275031458368,3.16174052284882,-2.2940067627863643,1.1841703776382976e-14
327.53202234076673,0.3537111162986366,12.088293100561513,3.1605968082956863,-2.293736984551987,5.1445624184063814e-14
327.5411402608675,0.3580422433130354,12.089308766271985,3.159452425188687,-2.2934660221579675,-8.841805486365955e-14
327.55025731915254,0.36237614708696686,12.09032202419061,3.158307372550478,-2.2931938741689426,-4.789311305114892e-14
327.55937351501717,0.36671282973545216,12.091332869918213,3.1571616494037733,-2.292920539149514,-9.223371496938295e-14
327.56848884785705,0.37105229337354784,12.092341299055619,3.1560152547713574,-2.2926460156642583,-2.920953598174467e-14
327.5776033170678,0.37539454011635437,12.093347307203645,3.1548681876760694,-2.2923703022777153,-7.85499683833404e-14
327.58671692204524,0.3797395720790092,12.094350889963119,3.153720447140815,-2.292093397554397,5.499813531697871e-14
327.59582966218517,0.38408739137668885,12.095352042934856,3.152572032188564,-2.2918153000587855,-4.776153856474467e-14
327.6049415368836,0.3884380001246091,12.096350761719684,3.1514229418423447,-2.2915360083553247,1.7367832205361697e-14
327.6140525455364,0.3927914004380213,12.097347041918425,3.150273175125251,-2.291255521008435,-1.197327826278723e-14
327.62316268753995,0.39714759443222036,12.098340879131898,3.1491227310604404,-2.2909738365825008,1.9604598474234038e-14
327.6322719622903,0.40150658422253893,12.09933226896093,3.147971608671131,-2.2906909536418767,4.131438873093616e-14
327.6413803691839,0.4058683719243463,12.100321207006344,3.146819806980604,-2.290406870750883,6.894503087582976e-14
327.650487907617,0.4102329596530554,12.101307688868955,3.145667325012206,-2.290121586473813,-2.9998982900170206e-14
327.6595945769862,0.41460034952411523,12.102291710149597,3.144514161789343,-2.289835099374926,2.4604428957595736e-14
327.66870037668815,0.41897054365301173,12.103273266449088,3.1433603163354893,-2.289547408018447,5.197192212968084e-14
327.6778053061194,0.42334354415527475,12.104252353368244,3.142205787674178,-2.2892585109685766,-6.723456255257445e-14
327.6869093646769,0.4277193531464715,12.105228966507896,3.141050574829006,-2.2889684067894756,-3.328834506027659e-14
327.69601255175746,0.43209797274220707,12.106203101468862,3.1398946768236384,-2.2886770940452776,-2.6314897280851058e-15
327.70511486675804,0.43647940505813054,12.107174753851968,3.138738092681795,-2.2883845713000843,-4.578792126868084e-14
327.7142163090757,0.4408636522099221,12.108143919258035,3.1375808214272687,-2.2880908371179642,-9.604937507510636e-14
327.7233168781077,0.44525071631330787,12.109110593287884,3.1364228620839087,-2.2877958900629562,-3.407779197870212e-14
327.73241657325116,0.4496405994840536,12.110074771542337,3.135264213675633,-2.2874997286990655,-7.486588276402125e-14
327.74151539390357,0.45403330383796087,12.111036449622219,3.134104875226419,-2.287202351590265,5.118247521125531e-14
327.75061333946223,0.45842883149087327,12.111995623128355,3.132944845760309,-2.286903757300496,6.710298806617019e-15
327.7597104093248,0.4628271845586718,12.112952287661564,3.131784124301413,-2.286603944393671,3.85513245164468e-14
327.76880660288884,0.46722836515727884,12.113906438822667,3.1306227098739003,-2.286302911433667,-2.3288684093553184e-14
327.7779019195521,0.4716323754026561,12.11485807221249,3.129460601502006,-2.2860006569843283,-2.763064214489361e-15
327.7869963587124,0.47603921741080424,12.115807183431853,3.128297798210028,-2.2856971796094703,7.8944691842553165e-16
327.7960899197676,0.48044889329776674,12.116753768081583,3.1271342990223303,-2.2853924778728754,-8.289192643468082e-15
327.8051826021158,0.4848614051796186,12.117697821762498,3.1259701029633407,-2.2850865503382924,3.0262131872978715e-15
327.814274405155,0.4892767551724841,12.118639340075424,3.1248052090575493,-2.2847793955694393,-7.73657980057021e-14
327.82336532828356,0.49369494539252173,12.119578318621178,3.1236396163295144,-2.284471012130003,1.4210044531659571e-14
327.8324553708996,0.49811597795593165,12.120514753000588,3.1224733238038525,-2.284161398583636,2.5525450362425525e-14
327.8415445324015,0.5025398549789536,12.121448638814472,3.1213063305052495,-2.28385055349396,-3.3025196087468076e-14
327.8506328121879,0.5069665785778688,12.122379971663657,3.120138635458457,-2.283538475424564,2.5525450362425525e-14
327.8597202096572,0.5113961508689918,12.12330874714897,3.118970237688285,-2.283225162939004,1.9473023987829782e-14
327.8688067242081,0.5158285739686852,12.12423496087122,3.1178011362196143,-2.282910614600806,-3.670928170678722e-14
327.8778923552395,0.5202638499933476,12.12515860843124,3.1166313300773854,-2.2825948289734614,-8.183933054344678e-14
327.88697710215007,0.5247019810594179,12.12607968542985,3.1154608182866075,-2.2822778046204295,-3.263047262825531e-14
327.8960609643389,0.529142969283378,12.126998187467871,3.1142895998723534,-2.2819595401051394,-6.262945552842552e-14
327.9051439412049,0.5335868167817432,12.127914110146131,3.113117673859759,-2.281640033990987,-5.710332709944679e-14
327.91422603214727,0.5380335256710757,12.128827449065442,3.111945039274028,-2.281319284841332,-8.447082027153189e-14
327.92330723656534,0.5424830980679735,12.129738199826638,3.110771695140426,-2.280997291219505,-3.684085619319148e-15
327.93238755385823,0.5469355360890765,12.130646358030535,3.1095976404842878,-2.280674051688807,4.710366613272339e-14
327.94146698342547,0.5513908418510681,12.131551919277959,3.108422874331007,-2.280349564812499,-1.3420597613234039e-14
327.9505455246666,0.5558490174706645,12.132454879169726,3.1072473957060476,-2.2800238291538193,4.184068667655318e-14
327.95962317698115,0.5603100650646269,12.133355233306668,3.1060712036349387,-2.2796968432759632,3.210417468263829e-14
327.96869993976884,0.5647739867497571,12.134252977289599,3.1048942971432743,-2.2793686057421003,-3.4209366465106372e-15
327.97777581242946,0.5692407846428956,12.135148106719347,3.1037166752567082,-2.2790391151153644,-9.183899151017018e-14
327.98685079436297,0.5737104608609261,12.136040617196738,3.1025383370009667,-2.278708369958859,-3.315677057387233e-14
327.9959248849693,0.5781830175207666,12.136930504322585,3.101359281401841,-2.2783763688356533,-2.710434419927659e-14
328.0049980836485,0.5826584567393832,12.137817763697715,3.100179507485183,-2.278043110308785,-6.605039217493615e-14
328.0140703898008,0.5871367806337756,12.138702390922951,3.098999014276914,-2.2777085929412575,8.683916102680848e-15
328.0231418028264,0.5916179913209888,12.139584381599121,3.097817800803019,-2.277372815296042,-7.894469184255317e-14
328.0322123221257,0.5961020909181076,12.140463731327037,3.096635866089551,-2.2770357759360786,1.2631150694808506e-14
328.04128194709915,0.6005890815422572,12.141340435707527,3.0954532091626277,-2.2766974734242726,4.052494181251063e-14
328.05035067714726,0.6050789653105998,12.142214490341415,3.0942698290484305,-2.276357906323497,6.052426374595743e-15
328.05941851167074,0.6095717443403413,12.143085890829518,3.093085724773211,-2.2760170731965914,-1.6841534259744676e-14
328.0684854500703,0.6140674207487298,12.143954632772665,3.091900895363283,-2.2756749726063648,-3.447251543791488e-14
328.0775514917467,0.6185659966530518,12.144820711771676,3.090715339845026,-2.275331603115591,-3.131472776421276e-14
328.086616636101,0.6230674741706368,12.145684123427374,3.089529057244888,-2.274986963287009,1.842042809659574e-14
328.09568088253405,0.6275718554188504,12.14654486334058,3.0883420465893847,-2.274641051683332,7.052392471268083e-14
328.10474423044707,0.6320791425151038,12.147402927112116,3.0871543069050937,-2.2742938668672323,-9.47336302110638e-15
328.11380667924135,0.6365893375768462,12.14825831034281,3.0859658372186582,-2.273945407401354,2.9735833927361694e-14
328.122868228318,0.6411024427215689,12.14911100863348,3.084776636556793,-2.2735956718483052,7.315541444076594e-14
328.13192887707856,0.6456184600668067,12.14996101758495,3.083586703946273,-2.2732446587706634,4.815626202395743e-14
328.14098862492443,0.6501373917301282,12.150808332798041,3.082396038413947,-2.2728923667309724,-9.47336302110638e-15
328.15004747125727,0.6546592398291504,12.151652949873576,3.0812046389867236,-2.272538794291742,-5.999796580034041e-14
328.1591054154787,0.6591840064815266,12.152494864412377,3.080012504691582,-2.2721839400154504,-2.7367493172085098e-14
328.16816245699056,0.6637116938049538,12.15333407201527,3.0788196345555625,-2.2718278024645406,2.947268495455318e-14
328.17721859519463,0.6682423039171681,12.154170568283076,3.0776260276057785,-2.2714703802014236,1.6315236314127656e-14
328.1862738294929,0.6727758389359486,12.155004348816613,3.0764316828694067,-2.2711116717884785,-5.789277401787233e-14
328.1953281592875,0.6773123009791133,12.155835409216712,3.0752365993736914,-2.2707516757880466,-1.2894299667617018e-14
328.20438158398053,0.6818516921645223,12.156663745084186,3.074040776145943,-2.2703903907624428,-5.4734986344170195e-14
328.2134341029742,0.6863940146100783,12.157489352019871,3.072844212213538,-2.270027815273942,-9.078639561893615e-14
328.22248571567087,0.6909392704337233,12.158312225624574,3.071646906603923,-2.269663947884792,-5.3945539425744666e-14
328.23153642147304,0.6954874617534436,12.159132361499127,3.0704488583446072,-2.269298787157202,-5.552443326259573e-14
328.2405862197831,0.7000385906872615,12.159949755244352,3.0692500664631703,-2.268932331653352,-7.4734308277617e-14
328.24963511000385,0.7045926593532428,12.160764402461067,3.0680505299872585,-2.2685645799353846,-4.8682559969574456e-14
328.2586830915378,0.7091496698694989,12.161576298750099,3.0668502479445814,-2.268195530565412,-2.6314897280851057e-14
328.267730163788,0.7137096243541762,12.16238543971227,3.0656492193629212,-2.267825182105513,5.210349661608509e-14
328.2767763261571,0.7182725249254682,12.163191820948402,3.0644474432701223,-2.2674535331177306,-4.73668151055319e-15
328.28582157804834,0.7228383737016045,12.163995438059317,3.063244918694101,-2.267080582164077,1.6315236314127656e-14
328.2948659188647,0.7274071728008592,12.164796286645835,3.0620416446628376,-2.2667063278065296,2.8683238036127654e-14
328.30390934800926,0.7319789243415482,12.165594362308784,3.060837620204381,-2.2663307686070326,2.9735833927361694e-14
328.31295186488546,0.7365536304420275,12.166389660648983,3.0596328443468477,-2.2659539031274973,-7.526060622323402e-14
328.32199346889666,0.7411312932206963,12.167182177267259,3.058427316118419,-2.2655757299298,-7.8944691842553165e-16
328.3310341594463,0.7457119147959916,12.167971907764429,3.0572210345473487,-2.2651962475757847,4.9998304833617005e-15
328.3400739359379,0.7502954972863982,12.168758847741318,3.056013998661954,-2.2648154546272616,-5.920851888191488e-14
328.3491127977752,0.7548820428104365,12.169542992798748,3.0548062074906213,-2.264433349646007,-5.420868839855318e-14
328.3581507443619,0.7594715534866723,12.170324338537542,3.0535976600618033,-2.264049931193763,1.4999491450085103e-14
328.3671877751019,0.7640640314337129,12.171102880558525,3.0523883554040223,-2.2636651978322413,-9.394418329263828e-14
328.37622388939917,0.768659478770205,12.171878614462512,3.0511782925458686,-2.263279148123114,-1.473634247727659e-14
328.3852590866576,0.7732578976148388,12.172651535850335,3.0499674705159974,-2.2628917806280255,-5.499813531697871e-14
328.3942933662815,0.7778592900863458,12.17342164032281,3.0487558883431367,-2.2625030939085846,1.7367832205361697e-14
328.4033267276749,0.7824636583035004,12.174188923480761,3.047543545056076,-2.262113086526364,-7.157652060391487e-14
328.41235917024227,0.7870710043851168,12.174953380925015,3.0463304396836755,-2.2617217570429062,-1.6052087341319144e-14
328.42139069338805,0.7916813304500548,12.175715008256391,3.0451165712548653,-2.261329104019717,0.0
328.4304212965166,0.7962946386172112,12.176473801075709,3.0439019387986446,-2.2609351260182695,-5.0524602779234026e-14
328.43945097903264,0.8009109310055265,12.177229754983797,3.0426865413440742,-2.260539821600005,-3.684085619319148e-15
328.4484797403408,0.8055302097339858,12.177982865581471,3.041470377920291,-2.26014318932633,-2.4472854471191484e-14
328.4575075798459,0.8101524769216139,12.17873312846956,3.040253447556492,-2.259745227758614,-8.368137335310636e-14
328.46653449695293,0.8147777346874786,12.179480539248884,3.03903574928195,-2.2593459354581955,2.6841195226468077e-14
328.4755604910667,0.8194059851506875,12.180225093520264,3.0378172821260003,-2.2589453109863795,-2.920953598174467e-14
328.4845855615923,0.8240372304303913,12.180966786884527,3.036598045118051,-2.2585433529044376,-6.73661370389787e-14
