galstreams/tracks/track.st.Gaia-10.ibata2024.ecsv
# %ECSV 1.0
# ---
# datatype:
# - {name: ra, unit: deg, datatype: float64}
# - {name: dec, unit: deg, datatype: float64}
# - {name: distance, unit: kpc, datatype: float64}
# - {name: pm_ra_cosdec, unit: mas / yr, datatype: float64}
# - {name: pm_dec, unit: mas / yr, datatype: float64}
# - {name: radial_velocity, unit: km / s, datatype: float64}
# delimiter: ','
# meta: !!omap
# - __serialized_columns__:
#     dec:
#       __class__: astropy.coordinates.angles.Latitude
#       unit: &id001 !astropy.units.Unit {unit: deg}
#       value: !astropy.table.SerializedColumn {name: dec}
#     distance:
#       __class__: astropy.coordinates.distances.Distance
#       unit: !astropy.units.Unit {unit: kpc}
#       value: !astropy.table.SerializedColumn {name: distance}
#     pm_dec:
#       __class__: astropy.units.quantity.Quantity
#       unit: !astropy.units.Unit {unit: mas / yr}
#       value: !astropy.table.SerializedColumn {name: pm_dec}
#     pm_ra_cosdec:
#       __class__: astropy.units.quantity.Quantity
#       unit: !astropy.units.Unit {unit: mas / yr}
#       value: !astropy.table.SerializedColumn {name: pm_ra_cosdec}
#     ra:
#       __class__: astropy.coordinates.angles.Longitude
#       unit: *id001
#       value: !astropy.table.SerializedColumn {name: ra}
#       wrap_angle: !astropy.coordinates.Angle
#         unit: *id001
#         value: 360.0
#     radial_velocity:
#       __class__: astropy.units.quantity.Quantity
#       unit: !astropy.units.Unit {unit: km / s}
#       value: !astropy.table.SerializedColumn {name: radial_velocity}
# schema: astropy-2.0
ra,dec,distance,pm_ra_cosdec,pm_dec,radial_velocity
[from data line 1008]
156.48822441512775,15.463271096807977,1.0,-3.4202868574986987,-2.99940641986832,299.8552876903269
156.4985606421198,15.462544318361044,0.9999999999999998,-3.4217238544567294,-2.999738857190488,299.8534359154728
156.50889683619482,15.461817605569767,1.0,-3.4231608066089265,-3.0000713514248307,299.8515604083877
156.51923299732658,15.46109095758016,1.0,-3.4245977143147392,-3.0004039022437947,299.8496610672223
156.52956912548842,15.460364373538248,1.0,-3.426034577933404,-3.000736509319726,299.84773779012744
156.5399052206538,15.459637852590081,1.0,-3.4274713978242737,-3.001069172324936,299.84579047525375
156.5502412827957,15.458911393881737,0.9999999999999999,-3.4289081743464607,-3.0014018909316746,299.843819020752
156.56057731188722,15.45818499655929,0.9999999999999999,-3.4303449078590873,-3.001734664812128,299.84182332477286
156.57091330790107,15.45745865976888,1.0,-3.4317815987212157,-3.002067493638439,299.8398032854671
156.58124927080988,15.456732382656615,1.0,-3.43321824729178,-3.0024003770826635,299.8377588009854
156.5915852005861,15.456006164368679,1.0,-3.434654853929704,-3.002733314816828,299.8356897694784
156.60192109720208,15.455280004051238,1.0,-3.43609141899384,-3.0030663065128866,299.8335960890971
156.61225696062974,15.454553900850499,0.9999999999999999,-3.4375279428428662,-3.0033993518427344,299.83147765799185
156.6225927908412,15.453827853912685,1.0,-3.438964425835522,-3.0037324504782212,299.82933437431365
156.6329285878081,15.45310186238405,1.0,-3.4404008683303715,-3.0040656020911243,299.8271661362131
156.64326435150204,15.45237592541086,0.9999999999999999,-3.4418372706860154,-3.0043988063531746,299.82497284184086
156.65360008189444,15.451650042139407,0.9999999999999998,-3.4432736332608407,-3.0047320629360357,299.8227543893478
156.66393577895647,15.450924211716003,0.9999999999999999,-3.444709956413302,-3.0050653715113125,299.82051067688457
156.67427144265935,15.45019843328698,0.9999999999999999,-3.446146240501708,-3.00539873175056,299.81824160260174
156.6846070729738,15.449472705998707,0.9999999999999999,-3.4475824858843147,-3.0057321433252753,299.8159470646504
156.69494266987064,15.44874702899755,0.9999999999999999,-3.449018692919296,-3.0060656059068815,299.81362696118083
156.7052782333203,15.44802140142993,0.9999999999999998,-3.4504548619647117,-3.006399119166769,299.81128119034406
156.71561376329333,15.44729582244225,0.9999999999999998,-3.4518909933786865,-3.0067326827762493,299.80890965029073
156.72594925975974,15.44657029118098,0.9999999999999998,-3.4533270875191207,-3.007066296406599,299.8065122391715
156.73628472268973,15.445844806792566,1.0,-3.454763144743943,-3.0073999597290015,299.8040888551372
156.746620152053,15.445119368423521,0.9999999999999999,-3.4561991654109434,-3.007733672414611,299.8016393963384
156.75695554781936,15.444393975220335,0.9999999999999999,-3.457635149877916,-3.008067434134505,299.7991637609259
156.76729090995826,15.44366862632957,1.0,-3.459071098502509,-3.0084012445597406,299.7966618470504
156.77762623843896,15.442943320897774,0.9999999999999998,-3.4605070116423136,-3.008735103361275,299.7941335528626
156.78796153323074,15.442218058071523,0.9999999999999999,-3.461942889654889,-3.0090690102100144,299.7915787765134
156.7982967943025,15.441492836997432,1.0,-3.4633787328976915,-3.009402964776836,299.7889974161533
156.80863202162317,15.440767656822118,0.9999999999999999,-3.46481454172811,-3.00973696673252,299.78638936993303
156.81896721516128,15.44004251669223,0.9999999999999999,-3.4662503165034977,-3.010071015747817,299.7837545360034
156.82930237488537,15.439317415754443,0.9999999999999998,-3.4676860575810338,-3.0104051114934176,299.78109281251517
156.8396375007637,15.438592353155451,0.9999999999999999,-3.469121765317986,-3.0107392536399384,299.77840409761893
156.84997259276446,15.437867328041966,0.9999999999999999,-3.4705574400713637,-3.011073441857951,299.7756882894655
156.8603076508555,15.437142339560731,1.0,-3.47199308219826,-3.011407675817974,299.7729452862054
156.87064267500475,15.436417386858498,0.9999999999999998,-3.4734286920556308,-3.01174195519045,299.7701749859897
156.8809776651797,15.435692469082063,1.0,-3.474864270000367,-3.012076279645779,299.76737728696884
156.89131262134785,15.434967585378224,0.9999999999999998,-3.4762998163892753,-3.012410648854301,299.7645520872936
156.9016475434764,15.434242734893811,1.0,-3.4777353315790904,-3.0127450624862977,299.76169928511473
156.91198243153255,15.433517916775681,1.0,-3.479170815926519,-3.0130795202119973,299.75881877858296
156.92231728548316,15.432793130170703,0.9999999999999998,-3.4806062697881366,-3.0134140217015606,299.75591046584896
156.93265210529495,15.432068374225778,0.9999999999999998,-3.482041693520504,-3.0137485666250967,299.7529742450635
156.94298689093458,15.431343648087816,0.9999999999999999,-3.4834770874800682,-3.014083154652649,299.7500100143773
156.95332164236834,15.43061895090377,0.9999999999999998,-3.4849124520232166,-3.0144177854542313,299.747017671941
156.96365635956258,15.4298942818206,0.9999999999999998,-3.486347787506247,-3.014752458699766,299.7439971159054
156.97399104248328,15.429169639985295,0.9999999999999998,-3.4877830942854544,-3.015087174059131,299.7409482444213
156.98432569109642,15.428445024544866,0.9999999999999997,-3.4892183727169765,-3.0154219312021553,299.73787095563904
156.99466030536757,15.42772043464634,0.9999999999999998,-3.4906536231568914,-3.0157567297985963,299.73476514771
157.00499488526248,15.426995869436778,0.9999999999999999,-3.492088845961291,-3.016091569518169,299.73163071878423
157.0153294307463,15.42627132806326,1.0,-3.493524041486083,-3.016426450030515,299.7284675670129
157.02566394178442,15.42554680967289,0.9999999999999998,-3.494959210087181,-3.0167613710052414,299.7252755905464
157.03599841834176,15.424822313412784,0.9999999999999999,-3.496394352120401,-3.017096332111862,299.7220546875357
157.0463328603832,15.4240978384301,0.9999999999999998,-3.4978294679414894,-3.0174313330198785,299.7188047561314
157.05666726787345,15.423373383871995,1.0,-3.49926455790607,-3.017766373398697,299.7155256944843
157.06700164077697,15.422648948885673,1.0,-3.5006996223698224,-3.018101452917673,299.71221740074503
157.07733597905815,15.42192453261835,0.9999999999999998,-3.5021346616882028,-3.018436571246138,299.7088797730644
157.08767028268113,15.421200134217258,1.0,-3.503569676216717,-3.018771728053311,299.7055127095929
157.09800455161,15.420475752829663,0.9999999999999999,-3.505004666310736,-3.0191069230084153,299.70211610848156
157.10833878580843,15.419751387602854,1.0,-3.5064396323255806,-3.019442155780567,299.69868986788094
157.1186729852402,15.419027037684128,0.9999999999999999,-3.5078745746164834,-3.0197774260388517,299.6952338859417
157.12900714986873,15.418302702220824,0.9999999999999999,-3.5093094935386127,-3.0201127334522813,299.6917480608148
157.13934127965737,15.417578380360297,0.9999999999999999,-3.5107443894470833,-3.020448077689837,299.6882322906508
157.1496753745692,15.416854071249922,0.9999999999999998,-3.512179262696897,-3.0207834584204,299.6846864736003
157.16000943456729,15.416129774037099,0.9999999999999999,-3.5136141136430226,-3.021118875312837,299.68111050781414
157.1703434596143,15.415405487869256,0.9999999999999999,-3.5150489426403553,-3.021454328035949,299.67750429144314
157.18067744967297,15.414681211893823,0.9999999999999998,-3.516483750043676,-3.0217898162584547,299.67386772263785
157.19101140470573,15.413956945258287,0.9999999999999999,-3.5179185362077554,-3.0221253396490386,299.67020069954907
157.20134532467478,15.413232687110133,1.0,-3.5193533014872536,-3.022460897876323,299.6665031203275
157.21167920954235,15.41250843659688,0.9999999999999999,-3.5207880462367847,-3.022796490608876,299.6627748831239
157.22201305927027,15.411784192866067,0.9999999999999999,-3.522222770810828,-3.023132117515205,299.65901588608887
157.2323468738204,15.411059955065255,0.9999999999999999,-3.5236574755639047,-3.0234677782637576,299.65522602737326
157.24268065315422,15.410335722342024,0.9999999999999999,-3.525092160850331,-3.0238034725229266,299.6514052051278
157.2530143972333,15.409611493843993,0.9999999999999999,-3.5265268270244263,-3.024139199961068,299.647553317503
157.26334810601875,15.408887268718793,0.9999999999999999,-3.5279614744404846,-3.0244749602464367,299.64367026264995
157.27368177947176,15.408163046114067,0.9999999999999998,-3.5293961034526156,-3.024810753047273,299.6397559387189
157.28401541755315,15.4074388251775,0.9999999999999999,-3.5308307144149538,-3.025146578031732,299.6358102438611
157.29434902022376,15.4067146050568,1.0,-3.5322653076814916,-3.0254824348679374,299.63183307622666
157.30468258744403,15.405990384899692,0.9999999999999998,-3.5336998836061895,-3.025818323223941,299.6278243339668
157.3150161191745,15.40526616385391,0.9999999999999999,-3.535134442542951,-3.0261542427677295,299.62378391523214
157.32534961537525,15.404541941067242,0.9999999999999999,-3.5365689848455624,-3.026490193167252,299.61971171817316
157.33568307600643,15.403817715687474,0.9999999999999999,-3.538003510867764,-3.026826174090383,299.6156076409408
157.34601650102792,15.403093486862431,0.9999999999999998,-3.539438020963221,-3.0271621852049737,299.6114715816858
157.35634989039934,15.402369253739948,0.9999999999999998,-3.540872515485521,-3.027498226178757,299.6073034385587
157.36668324408035,15.401645015467892,0.9999999999999999,-3.542306994788209,-3.027834296679476,299.60310310971033
157.37701656203018,15.400920771194166,0.9999999999999999,-3.5437414592247123,-3.0281703963747884,299.59887049329154
157.38734984420816,15.400196520066661,0.9999999999999997,-3.5451759091484263,-3.0285065249322667,299.5946054874527
157.39768309057325,15.399472261233328,0.9999999999999999,-3.5466103449126543,-3.028842682019487,299.5903079903448
157.4080163010843,15.398747993842116,0.9999999999999998,-3.548044766870593,-3.0291788673039193,299.5859779001186
157.4183494757,15.398023717041022,0.9999999999999999,-3.5494791753754846,-3.0295150804530024,299.58161511492466
157.4286826143789,15.397299429978036,0.9999999999999999,-3.5509135707803416,-3.029851321134105,299.5772195329137
157.43901571707926,15.396575131801196,1.0,-3.5523479534382325,-3.0301875890145453,299.57279105223654
157.44934878375935,15.395850821658557,0.9999999999999999,-3.553782323702091,-3.030523883761587,299.56832957104393
157.45968181437715,15.3951264986982,0.9999999999999998,-3.5552166819248257,-3.030860205042437,299.5638349874863
157.47001480889034,15.394402162068218,0.9999999999999999,-3.5566510284591715,-3.0311965525242357,299.5593071997148
157.48034776725677,15.393677810916735,0.9999999999999999,-3.5580853636579057,-3.0315329258740924,299.5547461058798
157.49068068943382,15.392953444391912,0.9999999999999999,-3.559519687873699,-3.0318693247590307,299.55015160413217
157.50101357537886,15.392229061641908,0.9999999999999998,-3.5609540014591268,-3.0322057488460317,299.5455235926226
157.51134642504897,15.391504661814922,0.9999999999999999,-3.5623883047667206,-3.032542197802016,299.54086196950186
157.52167923840122,15.390780244059181,0.9999999999999998,-3.56382259814891,-3.03287867129386,299.5361666329207
157.53201201539227,15.390055807522915,1.0,-3.5652568819580566,-3.0332151689883666,299.53143748102957
157.54234475597892,15.389331351354398,0.9999999999999998,-3.5666911565465114,-3.033551690552283,299.52667441197946
157.55267746011748,15.388606874701924,0.9999999999999999,-3.5681254222664656,-3.0338882356523253,299.5218773239211
157.5630101277644,15.387882376713796,0.9999999999999999,-3.5695596794701103,-3.0342248039551194,299.5170461150051
157.57334275887558,15.387157856538371,1.0,-3.5709939285094805,-3.0345613951272696,299.51218068338216
157.5836753534072,15.386433313323998,0.9999999999999997,-3.5724281697366465,-3.0348980088352953,299.5072809272029
157.5940079113149,15.38570874621906,0.9999999999999999,-3.573862403503547,-3.0352346447456604,299.5023467446185
157.6043404325543,15.384984154371972,1.0,-3.5752966301620397,-3.035571302524792,299.49737803377906
157.61467291708087,15.384259536931172,0.9999999999999997,-3.576730850063921,-3.035907981839051,299.49237469283577
157.6250053648499,15.383534893045109,0.9999999999999998,-3.5781650635609417,-3.0362446823547398,299.487336619939
157.6353377758164,15.382810221862275,0.9999999999999998,-3.579599271004728,-3.0365814037381185,299.48226371323983
157.64567014993537,15.382085522531167,0.9999999999999998,-3.5810334727469026,-3.0369181456553562,299.4771558708887
157.65600248716152,15.381360794200312,0.9999999999999999,-3.5824676691389463,-3.03725490777261,299.4720129910365
157.66633478744947,15.380636036018274,0.9999999999999999,-3.5839018605323503,-3.0375916897559563,299.46683497183386
157.67666705075362,15.379911247133627,0.9999999999999999,-3.5853360472784246,-3.0379284912714244,299.46162171143146
157.68699927702824,15.379186426694963,0.9999999999999999,-3.5867702297285255,-3.0382653119849614,299.4563731079801
157.69733146622733,15.37846157385092,0.9999999999999998,-3.588204408233832,-3.0386021515625092,299.45108905963036
157.70766361830485,15.377736687750142,0.9999999999999998,-3.5896385831455397,-3.0389390096699103,299.44576946453316
157.71799573321454,15.377011767541298,0.9999999999999999,-3.591072754814732,-3.039275885972959,299.44041422083916
157.72832781090992,15.376286812373097,0.9999999999999997,-3.592506923592371,-3.039612780137416,299.435023226699
157.7386598513444,15.375561821394253,0.9999999999999998,-3.593941089829478,-3.0399496918289675,299.42959638026355
157.74899185447123,15.374836793753511,1.0,-3.595375253876849,-3.0402866207132373,299.4241335796833
157.7593238202434,15.374111728599642,0.9999999999999999,-3.596809416085307,-3.040623566455798,299.41863472310916
157.76965574861384,15.373386625081446,0.9999999999999999,-3.5982435768055936,-3.0409605287221932,299.41309970869173
157.77998763953525,15.372661482347734,0.9999999999999998,-3.599677736388365,-3.041297507177873,299.4075284345819
157.79031949296015,15.371936299547357,0.9999999999999998,-3.6011118951841645,-3.0416345014882555,299.40192079893
157.80065130884094,15.371211075829171,0.9999999999999998,-3.6025460535435663,-3.0419715113186925,299.3962766998873
157.8109830871298,15.37048581034207,0.9999999999999998,-3.603980211816957,-3.042308536334467,299.3905960356042
157.8213148277788,15.369760502234975,1.0,-3.6054143703547155,-3.0426455762008437,299.38487870423137
157.83164653073973,15.369035150656826,0.9999999999999999,-3.606848529507161,-3.04298263058301,299.37912460391965
157.8419781959643,15.368309754756577,1.0,-3.6082826896244846,-3.0433196991460782,299.37333363281977
157.85230982340406,15.367584313683226,0.9999999999999999,-3.6097168510568594,-3.0436567815551463,299.36750568908235
157.86264141301032,15.36685882658578,0.9999999999999998,-3.6111510141543484,-3.0439938774752164,299.3616406708581
157.87297296473432,15.366133292613275,0.9999999999999999,-3.6125851792669934,-3.044330986571257,299.355738476298
157.883304478527,15.365407710914775,0.9999999999999998,-3.614019346744705,-3.044668108508187,299.3497990035524
157.89363595433926,15.364682080639367,0.9999999999999998,-3.6154535169373787,-3.0450052429508556,299.34382215077227
157.90396739212173,15.363956400936157,0.9999999999999997,-3.6168876901947513,-3.0453423895640555,299.3378078161082
157.9142987918249,15.363230670954286,0.9999999999999999,-3.6183218668666015,-3.0456795480125365,299.331755897711
157.92463015339916,15.362504889842903,0.9999999999999999,-3.619756047302559,-3.0460167179609723,299.3256662937314
157.9349614767946,15.361779056751194,0.9999999999999997,-3.621190231852207,-3.0463538990740027,299.31953890231995
157.94529276196127,15.361053170828374,0.9999999999999999,-3.622624420865062,-3.046691091016214,299.31337362162753
157.95562400884896,15.36032723122367,0.9999999999999999,-3.6240586146905507,-3.047028293452108,299.30717034980484
