galstreams/tracks/track.st.Orinoco.grillmair2017.ecsv
# %ECSV 0.9
# ---
# datatype:
# - {name: ra, unit: deg, datatype: float64}
# - {name: dec, unit: deg, datatype: float64}
# - {name: distance, unit: kpc, datatype: float64}
# - {name: pm_ra_cosdec, unit: mas / yr, datatype: float64}
# - {name: pm_dec, unit: mas / yr, datatype: float64}
# - {name: radial_velocity, unit: km / s, datatype: float64}
# delimiter: ','
# meta: !!omap
# - __serialized_columns__:
#     dec:
#       __class__: astropy.coordinates.angles.Latitude
#       unit: &id001 !astropy.units.Unit {unit: deg}
#       value: !astropy.table.SerializedColumn {name: dec}
#     distance:
#       __class__: astropy.coordinates.distances.Distance
#       unit: !astropy.units.Unit {unit: kpc}
#       value: !astropy.table.SerializedColumn {name: distance}
#     pm_dec:
#       __class__: astropy.units.quantity.Quantity
#       unit: !astropy.units.Unit {unit: mas / yr}
#       value: !astropy.table.SerializedColumn {name: pm_dec}
#     pm_ra_cosdec:
#       __class__: astropy.units.quantity.Quantity
#       unit: !astropy.units.Unit {unit: mas / yr}
#       value: !astropy.table.SerializedColumn {name: pm_ra_cosdec}
#     ra:
#       __class__: astropy.coordinates.angles.Longitude
#       unit: *id001
#       value: !astropy.table.SerializedColumn {name: ra}
#       wrap_angle: !astropy.coordinates.Angle
#         unit: *id001
#         value: 360.0
#     radial_velocity:
#       __class__: astropy.units.quantity.Quantity
#       unit: !astropy.units.Unit {unit: km / s}
#       value: !astropy.table.SerializedColumn {name: radial_velocity}
# schema: astropy-2.0
ra,dec,distance,pm_ra_cosdec,pm_dec,radial_velocity
[from data line 465]
5.296315729349658,-24.79429401023486,20.599999999999984,0.0,0.0,0.0
5.307560783367754,-24.79314547368659,20.59999999999999,0.0,0.0,0.0
5.318805241627093,-24.79199907924861,20.599999999999984,0.0,0.0,0.0
5.330049104207913,-24.790854831134983,20.599999999999987,0.0,0.0,0.0
5.341292371192003,-24.789712733559945,20.599999999999987,0.0,0.0,0.0
5.352535042662577,-24.78857279073779,20.599999999999987,0.0,0.0,0.0
5.3637771187045145,-24.7874350068829,20.599999999999987,0.0,0.0,0.0
5.375018599403994,-24.786299386209805,20.599999999999984,0.0,0.0,0.0
5.386259484848744,-24.785165932933044,20.599999999999987,0.0,0.0,0.0
5.39749977512791,-24.78403465126732,20.599999999999987,0.0,0.0,0.0
5.40873947033231,-24.7829055454274,20.599999999999987,0.0,0.0,0.0
5.419978570554063,-24.78177861962816,20.599999999999987,0.0,0.0,0.0
5.431217075886825,-24.78065387808456,20.599999999999987,0.0,0.0,0.0
5.442454986425682,-24.779531325011632,20.59999999999999,0.0,0.0,0.0
5.453692302267389,-24.778410964624555,20.599999999999987,0.0,0.0,0.0
5.464929023509995,-24.777292801138554,20.59999999999999,0.0,0.0,0.0
5.4761651502530935,-24.776176838768965,20.599999999999984,0.0,0.0,0.0
5.487400682597767,-24.775063081731194,20.599999999999984,0.0,0.0,0.0
5.498635620646507,-24.77395153424075,20.599999999999984,0.0,0.0,0.0
5.509869964503492,-24.77284220051328,20.599999999999984,0.0,0.0,0.0
5.521103714274182,-24.77173508476445,20.599999999999987,0.0,0.0,0.0
5.53233687006559,-24.77063019121006,20.599999999999984,0.0,0.0,0.0
5.543569431986146,-24.76952752406598,20.59999999999999,0.0,0.0,0.0
5.554801400145948,-24.76842708754818,20.599999999999987,0.0,0.0,0.0
5.566032774656394,-24.76732888587275,20.599999999999984,0.0,0.0,0.0
5.57726355563042,-24.766232923255785,20.59999999999999,0.0,0.0,0.0
5.588493743182394,-24.765139203913556,20.59999999999999,0.0,0.0,0.0
5.599723337428332,-24.764047732062387,20.599999999999987,0.0,0.0,0.0
5.6109523384855695,-24.762958511918697,20.599999999999984,0.0,0.0,0.0
5.622180746472972,-24.76187154769899,20.599999999999984,0.0,0.0,0.0
5.633408561510822,-24.76078684361985,20.599999999999987,0.0,0.0,0.0
5.644635783721081,-24.759704403897956,20.59999999999999,0.0,0.0,0.0
5.655862413226999,-24.758624232750115,20.599999999999984,0.0,0.0,0.0
5.667088450153366,-24.757546334393137,20.599999999999984,0.0,0.0,0.0
5.678313894626397,-24.75647071304397,20.599999999999987,0.0,0.0,0.0
5.689538746773974,-24.755397372919678,20.599999999999984,0.0,0.0,0.0
5.70076300672527,-24.754326318237347,20.599999999999987,0.0,0.0,0.0
5.711986674611006,-24.753257553214194,20.59999999999999,0.0,0.0,0.0
5.723209750563322,-24.752191082067508,20.599999999999984,0.0,0.0,0.0
5.7344322347160155,-24.751126909014662,20.59999999999999,0.0,0.0,0.0
5.745654127204191,-24.750065038273124,20.599999999999984,0.0,0.0,0.0
5.756875428164487,-24.749005474060432,20.599999999999987,0.0,0.0,0.0
5.768096137734962,-24.747948220594218,20.599999999999987,0.0,0.0,0.0
5.779316256055343,-24.7468932820922,20.599999999999984,0.0,0.0,0.0
5.79053578326665,-24.745840662772178,20.599999999999984,0.0,0.0,0.0
5.801754719511446,-24.744790366852047,20.599999999999984,0.0,0.0,0.0
5.812973064933709,-24.743742398549745,20.599999999999984,0.0,0.0,0.0
5.824190819679086,-24.74269676208336,20.59999999999999,0.0,0.0,0.0
5.835407983894516,-24.74165346167101,20.599999999999987,0.0,0.0,0.0
5.846624557728482,-24.740612501530922,20.59999999999999,0.0,0.0,0.0
5.857840541330877,-24.73957388588137,20.599999999999987,0.0,0.0,0.0
5.869055934853274,-24.738537618940768,20.599999999999987,0.0,0.0,0.0
5.880270738448526,-24.73750370492757,20.599999999999984,0.0,0.0,0.0
5.891484952271025,-24.73647214806032,20.599999999999987,0.0,0.0,0.0
5.902698576476596,-24.73544295255764,20.599999999999984,0.0,0.0,0.0
5.913911611222717,-24.73441612263826,20.599999999999987,0.0,0.0,0.0
5.925124056668159,-24.733391662520965,20.599999999999984,0.0,0.0,0.0
5.936335912973239,-24.73236957642462,20.599999999999984,0.0,0.0,0.0
5.947547180299686,-24.73134986856817,20.599999999999987,0.0,0.0,0.0
5.958757858810898,-24.730332543170668,20.599999999999984,0.0,0.0,0.0
5.969967948671562,-24.729317604451218,20.59999999999999,0.0,0.0,0.0
5.981177450047904,-24.728305056629015,20.599999999999984,0.0,0.0,0.0
5.992386363107569,-24.7272949039233,20.59999999999999,0.0,0.0,0.0
6.00359468801987,-24.726287150553485,20.59999999999998,0.0,0.0,0.0
6.014802424955405,-24.725281800738944,20.599999999999987,0.0,0.0,0.0
6.026009574086309,-24.7242788586992,20.599999999999984,0.0,0.0,0.0
6.037216135586148,-24.723278328653844,20.599999999999984,0.0,0.0,0.0
6.048422109630136,-24.72228021482254,20.599999999999987,0.0,0.0,0.0
6.05962749639479,-24.721284521425044,20.59999999999998,0.0,0.0,0.0
6.070832296058153,-24.720291252681147,20.59999999999999,0.0,0.0,0.0
6.0820365087997015,-24.719300412810757,20.599999999999984,0.0,0.0,0.0
6.093240134800561,-24.718312006033848,20.599999999999984,0.0,0.0,0.0
6.104443174243147,-24.717326036570473,20.599999999999984,0.0,0.0,0.0
6.115645627311431,-24.71634250864075,20.599999999999987,0.0,0.0,0.0
6.126847494190784,-24.715361426464888,20.599999999999987,0.0,0.0,0.0
6.138048775068242,-24.71438279426316,20.599999999999987,0.0,0.0,0.0
6.149249470132136,-24.713406616255927,20.599999999999987,0.0,0.0,0.0
6.160449579572337,-24.7124328966636,20.59999999999999,0.0,0.0,0.0
6.17164910358012,-24.71146163970669,20.59999999999999,0.0,0.0,0.0
6.182848042348436,-24.71049284960578,20.599999999999987,0.0,0.0,0.0
6.19404639607152,-24.70952653058152,20.599999999999987,0.0,0.0,0.0
6.205244164945144,-24.70856268685463,20.599999999999987,0.0,0.0,0.0
6.216441349166497,-24.70760132264591,20.599999999999984,0.0,0.0,0.0
6.227637948934431,-24.706642442176243,20.599999999999984,0.0,0.0,0.0
6.238833964449083,-24.70568604966657,20.599999999999984,0.0,0.0,0.0
6.250029395912136,-24.704732149337907,20.599999999999984,0.0,0.0,0.0
6.261224243526672,-24.703780745411333,20.59999999999999,0.0,0.0,0.0
6.272418507497455,-24.702831842108033,20.59999999999999,0.0,0.0,0.0
6.283612188030523,-24.701885443649235,20.599999999999987,0.0,0.0,0.0
6.294805285333459,-24.700941554256254,20.599999999999987,0.0,0.0,0.0
6.305997799615259,-24.70000017815045,20.599999999999987,0.0,0.0,0.0
6.317189731086576,-24.699061319553294,20.599999999999987,0.0,0.0,0.0
6.328381079959355,-24.698124982686302,20.599999999999984,0.0,0.0,0.0
6.33957184644708,-24.697191171771063,20.59999999999999,0.0,0.0,0.0
6.350762030764644,-24.69625989102923,20.599999999999987,0.0,0.0,0.0
6.361951633128605,-24.695331144682555,20.599999999999984,0.0,0.0,0.0
6.373140653756806,-24.694404936952832,20.599999999999984,0.0,0.0,0.0
6.384329092868634,-24.69348127206193,20.599999999999987,0.0,0.0,0.0
6.395516950684874,-24.692560154231785,20.599999999999984,0.0,0.0,0.0
6.406704227427993,-24.69164158768443,20.599999999999987,0.0,0.0,0.0
6.417890923321728,-24.690725576641928,20.599999999999987,0.0,0.0,0.0
6.429077038591357,-24.689812125326416,20.599999999999987,0.0,0.0,0.0
6.440262573463578,-24.688901237960117,20.59999999999999,0.0,0.0,0.0
6.451447528166743,-24.68799291876533,20.599999999999984,0.0,0.0,0.0
6.462631902930487,-24.68708717196439,20.59999999999999,0.0,0.0,0.0
6.473815697985992,-24.686184001779726,20.599999999999987,0.0,0.0,0.0
6.484998913565846,-24.6852834124338,20.599999999999987,0.0,0.0,0.0
6.496181549904297,-24.684385408149193,20.59999999999999,0.0,0.0,0.0
6.5073636072368854,-24.68348999314851,20.599999999999987,0.0,0.0,0.0
6.518545085800679,-24.682597171654436,20.599999999999987,0.0,0.0,0.0
6.529725985834161,-24.68170694788973,20.599999999999984,0.0,0.0,0.0
6.5409063075774805,-24.6808193260772,20.599999999999984,0.0,0.0,0.0
6.5520860512720605,-24.679934310439716,20.59999999999999,0.0,0.0,0.0
6.5632652171608745,-24.679051905200247,20.599999999999987,0.0,0.0,0.0
6.574443805488296,-24.67817211458178,20.599999999999987,0.0,0.0,0.0
6.585621816500365,-24.677294942807425,20.599999999999984,0.0,0.0,0.0
6.596799250444395,-24.676420394100298,20.599999999999987,0.0,0.0,0.0
6.60797610756926,-24.67554847268361,20.599999999999984,0.0,0.0,0.0
6.61915238812522,-24.67467918278062,20.59999999999999,0.0,0.0,0.0
6.630328092364201,-24.673812528614672,20.59999999999999,0.0,0.0,0.0
6.641503220539428,-24.672948514409153,20.599999999999987,0.0,0.0,0.0
6.6526777729056406,-24.67208714438752,20.59999999999999,0.0,0.0,0.0
6.663851749719005,-24.671228422773297,20.59999999999999,0.0,0.0,0.0
6.67502515123734,-24.670372353790064,20.59999999999999,0.0,0.0,0.0
6.6861979777197496,-24.66951894166146,20.59999999999999,0.0,0.0,0.0
6.697370229426874,-24.66866819061121,20.599999999999984,0.0,0.0,0.0
6.708541906620762,-24.66782010486305,20.59999999999999,0.0,0.0,0.0
6.719713009565123,-24.666974688640835,20.59999999999999,0.0,0.0,0.0
6.730883538524949,-24.66613194616844,20.599999999999994,0.0,0.0,0.0
6.742053493766771,-24.665291881669834,20.599999999999987,0.0,0.0,0.0
6.753222875558522,-24.66445449936899,20.59999999999999,0.0,0.0,0.0
6.764391684169808,-24.66361980349002,20.599999999999987,0.0,0.0,0.0
6.775559919871497,-24.66278779825702,20.59999999999999,0.0,0.0,0.0
6.786727582936012,-24.661958487894207,20.599999999999994,0.0,0.0,0.0
6.797894673637244,-24.66113187662581,20.59999999999999,0.0,0.0,0.0
6.8090611922504785,-24.660307968676143,20.59999999999999,0.0,0.0,0.0
6.820227139052677,-24.65948676826958,20.59999999999999,0.0,0.0,0.0
6.831392514322077,-24.658668279630547,20.59999999999999,0.0,0.0,0.0
6.842557318338386,-24.657852506983495,20.599999999999994,0.0,0.0,0.0
6.853721551382977,-24.65703945455301,20.599999999999994,0.0,0.0,0.0
6.864885213738496,-24.65622912656367,20.599999999999987,0.0,0.0,0.0
6.8760483056891335,-24.65542152724011,20.59999999999999,0.0,0.0,0.0
6.887210827520545,-24.654616660807076,20.59999999999999,0.0,0.0,0.0
6.898372779519797,-24.653814531489314,20.599999999999987,0.0,0.0,0.0
6.909534161975608,-24.65301514351166,20.599999999999987,0.0,0.0,0.0
6.920694975177988,-24.652218501098993,20.599999999999994,0.0,0.0,0.0
6.93185521941848,-24.651424608476272,20.59999999999999,0.0,0.0,0.0
6.943014894990026,-24.650633469868442,20.59999999999999,0.0,0.0,0.0
6.954174002187234,-24.64984508950058,20.59999999999999,0.0,0.0,0.0
6.965332541305992,-24.649059471597802,20.599999999999994,0.0,0.0,0.0
6.976490512643724,-24.64827662038525,20.59999999999999,0.0,0.0,0.0
6.987647916499259,-24.647496540088138,20.599999999999994,0.0,0.0,0.0
6.998804753173082,-24.646719234931737,20.59999999999999,0.0,0.0,0.0
7.009961022966963,-24.64594470914136,20.59999999999999,0.0,0.0,0.0
7.021116726184204,-24.645172966942393,20.599999999999987,0.0,0.0,0.0
7.032271863129519,-24.64440401256024,20.59999999999999,0.0,0.0,0.0
7.04342643410927,-24.64363785022041,20.59999999999999,0.0,0.0,0.0
7.054580439431107,-24.642874484148432,20.59999999999999,0.0,0.0,0.0
7.065733879404215,-24.642113918569876,20.599999999999984,0.0,0.0,0.0
7.076886754339184,-24.641356157710394,20.59999999999999,0.0,0.0,0.0
7.088039064548255,-24.64060120579567,20.59999999999999,0.0,0.0,0.0
7.099190810344958,-24.639849067051454,20.59999999999999,0.0,0.0,0.0
7.110341992044359,-24.63909974570353,20.59999999999999,0.0,0.0,0.0
7.121492609962919,-24.638353245977743,20.59999999999999,0.0,0.0,0.0
7.132642664418762,-24.6376095721,20.59999999999999,0.0,0.0,0.0
7.1437921557312976,-24.636868728296236,20.59999999999999,0.0,0.0,0.0
7.154941084221462,-24.63613071879244,20.59999999999999,0.0,0.0,0.0
7.1660894502116,-24.63539554781468,20.59999999999999,0.0,0.0,0.0
7.177237254025708,-24.634663219589047,20.599999999999987,0.0,0.0,0.0
7.188384495989079,-24.633933738341668,20.59999999999999,0.0,0.0,0.0
7.199531176428514,-24.63320710829876,20.59999999999999,0.0,0.0,0.0
7.21067729567224,-24.63248333368655,20.59999999999999,0.0,0.0,0.0
7.221822854050138,-24.63176241873133,20.59999999999999,0.0,0.0,0.0
7.232967851893357,-24.631044367659456,20.59999999999999,0.0,0.0,0.0
7.244112289534593,-24.63032918469731,20.599999999999987,0.0,0.0,0.0
7.255256167307939,-24.629616874071324,20.59999999999999,0.0,0.0,0.0
7.266399485549143,-24.62890744000799,20.59999999999999,0.0,0.0,0.0
7.277542244595243,-24.628200886733822,20.59999999999999,0.0,0.0,0.0
7.288684444784799,-24.627497218475416,20.59999999999999,0.0,0.0,0.0
7.299826086457783,-24.626796439459394,20.59999999999999,0.0,0.0,0.0
7.310967169955818,-24.626098553912424,20.59999999999999,0.0,0.0,0.0
7.322107695621811,-24.62540356606122,20.59999999999999,0.0,0.0,0.0
7.333247663800197,-24.624711480132557,20.59999999999999,0.0,0.0,0.0
7.34438707483682,-24.624022300353225,20.59999999999999,0.0,0.0,0.0
7.355525929079179,-24.623336030950096,20.599999999999987,0.0,0.0,0.0
7.366664226876052,-24.62265267615006,20.59999999999999,0.0,0.0,0.0
7.377801968577742,-24.621972240180057,20.599999999999994,0.0,0.0,0.0
7.388939154535975,-24.621294727267085,20.599999999999987,0.0,0.0,0.0
7.400075785104109,-24.620620141638167,20.59999999999999,0.0,0.0,0.0
7.411211860636802,-24.619948487520393,20.59999999999999,0.0,0.0,0.0
7.422347381490231,-24.61927976914087,20.59999999999999,0.0,0.0,0.0
7.433482348021984,-24.618613990726768,20.59999999999999,0.0,0.0,0.0
7.444616760591297,-24.617951156505285,20.59999999999999,0.0,0.0,0.0
7.455750619558697,-24.61729127070369,20.599999999999984,0.0,0.0,0.0
7.46688392528623,-24.616634337549247,20.59999999999999,0.0,0.0,0.0
7.478016678137355,-24.6159803612693,20.599999999999987,0.0,0.0,0.0
7.489148878477179,-24.615329346091233,20.599999999999987,0.0,0.0,0.0
7.500280526672095,-24.61468129624247,20.59999999999999,0.0,0.0,0.0
7.511411623090025,-24.614036215950446,20.599999999999994,0.0,0.0,0.0
7.522542168100293,-24.613394109442677,20.59999999999999,0.0,0.0,0.0
7.533672162073879,-24.61275498094671,20.599999999999987,0.0,0.0,0.0
7.544801605383043,-24.612118834690104,20.59999999999999,0.0,0.0,0.0
7.555930498401571,-24.611485674900496,20.59999999999999,0.0,0.0,0.0
7.567058841504662,-24.61085550580555,20.59999999999999,0.0,0.0,0.0
7.5781866350691605,-24.610228331632968,20.59999999999999,0.0,0.0,0.0
7.589313879473196,-24.60960415661048,20.599999999999987,0.0,0.0,0.0
7.600440575096423,-24.608982984965877,20.599999999999984,0.0,0.0,0.0
7.61156672231991,-24.608364820926965,20.59999999999999,0.0,0.0,0.0
7.622692321526366,-24.60774966872161,20.59999999999999,0.0,0.0,0.0
7.63381737309979,-24.607137532577713,20.59999999999999,0.0,0.0,0.0
7.644941877425705,-24.606528416723208,20.59999999999999,0.0,0.0,0.0
7.656065834891041,-24.60592232538605,20.599999999999987,0.0,0.0,0.0
7.667189245884379,-24.605319262794264,20.59999999999999,0.0,0.0,0.0
7.678312110795579,-24.6047192331759,20.59999999999999,0.0,0.0,0.0
7.68943443001604,-24.60412224075903,20.599999999999987,0.0,0.0,0.0
7.7005562039385484,-24.603528289771774,20.599999999999987,0.0,0.0,0.0
7.711677432957558,-24.602937384442296,20.59999999999999,0.0,0.0,0.0
7.722798117468794,-24.60234952899879,20.599999999999987,0.0,0.0,0.0
7.733918257869514,-24.601764727669472,20.59999999999999,0.0,0.0,0.0
7.74503785455838,-24.601182984682616,20.599999999999987,0.0,0.0,0.0
7.756156907935704,-24.600604304266522,20.599999999999994,0.0,0.0,0.0
7.7672754184030826,-24.600028690649527,20.59999999999999,0.0,0.0,0.0
7.778393386363634,-24.59945614805999,20.59999999999999,0.0,0.0,0.0
7.789510812221881,-24.598886680726316,20.59999999999999,0.0,0.0,0.0
7.800627696384015,-24.598320292876956,20.599999999999987,0.0,0.0,0.0
7.811744039257481,-24.59775698874037,20.59999999999999,0.0,0.0,0.0
7.822859841251268,-24.59719677254506,20.59999999999999,0.0,0.0,0.0
7.833975102775772,-24.59663964851958,20.599999999999987,0.0,0.0,0.0
7.84508982424303,-24.59608562089249,20.59999999999999,0.0,0.0,0.0
7.856204006066365,-24.5955346938924,20.599999999999987,0.0,0.0,0.0
7.867317648660631,-24.594986871747945,20.599999999999987,0.0,0.0,0.0
7.878430752442075,-24.594442158687784,20.59999999999999,0.0,0.0,0.0
7.889543317828608,-24.593900558940632,20.59999999999999,0.0,0.0,0.0
7.900655345239417,-24.593362076735225,20.599999999999987,0.0,0.0,0.0
7.91176683509521,-24.592826716300316,20.59999999999999,0.0,0.0,0.0
