galstreams/tracks/track.st.AAU-ATLAS.ibata2021.ecsv
# %ECSV 1.0
# ---
# datatype:
# - {name: ra, unit: deg, datatype: float64}
# - {name: dec, unit: deg, datatype: float64}
# - {name: distance, unit: kpc, datatype: float64}
# - {name: pm_ra_cosdec, unit: mas / yr, datatype: float64}
# - {name: pm_dec, unit: mas / yr, datatype: float64}
# - {name: radial_velocity, unit: km / s, datatype: float64}
# delimiter: ','
# meta: !!omap
# - __serialized_columns__:
#     dec:
#       __class__: astropy.coordinates.angles.Latitude
#       unit: &id001 !astropy.units.Unit {unit: deg}
#       value: !astropy.table.SerializedColumn {name: dec}
#     distance:
#       __class__: astropy.coordinates.distances.Distance
#       unit: !astropy.units.Unit {unit: kpc}
#       value: !astropy.table.SerializedColumn {name: distance}
#     pm_dec:
#       __class__: astropy.units.quantity.Quantity
#       unit: !astropy.units.Unit {unit: mas / yr}
#       value: !astropy.table.SerializedColumn {name: pm_dec}
#     pm_ra_cosdec:
#       __class__: astropy.units.quantity.Quantity
#       unit: !astropy.units.Unit {unit: mas / yr}
#       value: !astropy.table.SerializedColumn {name: pm_ra_cosdec}
#     ra:
#       __class__: astropy.coordinates.angles.Longitude
#       unit: *id001
#       value: !astropy.table.SerializedColumn {name: ra}
#       wrap_angle: !astropy.coordinates.Angle
#         unit: *id001
#         value: 360.0
#     radial_velocity:
#       __class__: astropy.units.quantity.Quantity
#       unit: !astropy.units.Unit {unit: km / s}
#       value: !astropy.table.SerializedColumn {name: radial_velocity}
# schema: astropy-2.0
ra,dec,distance,pm_ra_cosdec,pm_dec,radial_velocity
[from data line 685]
23.774144807536945,-29.053330275302724,23.920518982990327,-0.11456888225861728,-0.7420299193015005,-93.76952213898831
23.78341409818723,-29.059178315849262,23.923709033874246,-0.11440015924225866,-0.7418277916148647,-93.73899111156426
23.79268379538681,-29.06502648064246,23.926902987556243,-0.11423137831236235,-0.7416262114421217,-93.70841836121284
23.801953902227083,-29.070874766357825,23.93010080339489,-0.11406253867784083,-0.7414251785085053,-93.67780375407104
23.81122442179911,-29.07672316967018,23.93330244074878,-0.11389363954763798,-0.7412246925390042,-93.64714715627618
23.820495357193327,-29.082571687253452,23.936507858976476,-0.11372468013072912,-0.7410247532583597,-93.61644843396525
23.829766711499918,-29.088420315780972,23.93971701743658,-0.11355565963611958,-0.7408253603910668,-93.58570745327538
23.839038487808377,-29.094269051925114,23.942929875487668,-0.11338657727284729,-0.7406265136613731,-93.55492408034385
23.848310689208024,-29.10011789235768,23.946146392488306,-0.11321743224997921,-0.7404282127932816,-93.52409818130762
23.85758331878749,-29.105966833749566,23.949366527797093,-0.1130482237766155,-0.740230457510545,-93.49322962230391
23.866856379634996,-29.11181587277093,23.952590240772608,-0.11287895106188589,-0.7400332475366707,-93.46231826946982
23.87612987483846,-29.117665006091258,23.95581749077342,-0.1127096133149515,-0.7398365825949188,-93.4313639889424
23.885403807485115,-29.12351423037912,23.959048237158125,-0.11254020974500506,-0.7396404624083011,-93.40036664685898
23.894678180661987,-29.1293635423025,23.9622824392853,-0.1123707395612682,-0.7394448866995824,-93.36932610935649
23.90395299745541,-29.135212938528426,23.965520056513526,-0.1122012019729961,-0.7392498551912788,-93.33824224257214
23.913228260951445,-29.141062415723326,23.968761048201376,-0.11203159618947328,-0.7390553676056594,-93.30711491264307
23.92250397423559,-29.146911970552754,23.972005373707447,-0.11186192142001522,-0.7388614236647444,-93.27594398570638
23.93178014039285,-29.15276159968151,23.9752529923903,-0.11169217687396948,-0.7386680230903062,-93.24472932789922
23.941056762507944,-29.158611299773725,23.978503863608537,-0.11152236176071278,-0.7384751656038684,-93.21347080535874
23.950333843664893,-29.16446106749261,23.981757946720734,-0.11135247528965436,-0.7382828509267056,-93.18216828422197
23.95961138694752,-29.170310899500752,23.985015201085467,-0.11118251667023255,-0.7380910787798445,-93.15082163062614
23.968889395438925,-29.17616079245984,23.988275586061317,-0.11101248511191814,-0.7378998488840625,-93.1194307107084
23.978167872221977,-29.18201074303095,23.99153906100687,-0.11084237982421202,-0.7377091609598874,-93.0879953906057
23.98744682037892,-29.187860747874243,23.994805585280698,-0.1106722000166459,-0.7375190147275982,-93.05651553645538
23.996726242991556,-29.193710803649157,23.9980751182414,-0.11050194489878234,-0.7373294099072245,-93.02499101439447
24.006006143141338,-29.199560907014433,24.00134761924754,-0.1103316136802146,-0.7371403462185457,-92.99342169056011
24.015286523909076,-29.205411054627916,24.00462304765771,-0.11016120557056708,-0.7369518233810926,-92.96180743108941
24.024567388375335,-29.21126124314683,24.007901362830484,-0.10999071977949382,-0.7367638411141451,-92.93014810211956
24.033848739619955,-29.217111469227483,24.011182524124447,-0.1098201555166814,-0.7365763991367331,-92.89844356978759
24.043130580722565,-29.22296172952553,24.014466490898187,-0.1096495119918453,-0.7363894971676361,-92.86669370023071
24.05241291476215,-29.22881202069581,24.017753222510272,-0.10947878841473291,-0.736203134925385,-92.83489835958602
24.061695744817236,-29.234662339392333,24.02104267831929,-0.10930798399512226,-0.7360173121282572,-92.80305741399064
24.07097907396602,-29.240512682268452,24.02433481768383,-0.10913709794282095,-0.735832028494281,-92.77117072958174
24.08026290528604,-29.246363045976658,24.02762959996246,-0.10896612946766837,-0.7356472837412344,-92.7392381724964
24.08954724185455,-29.252213427168744,24.03092698451377,-0.1087950777795344,-0.7354630775866426,-92.70725960887178
24.098832086748146,-29.25806382249564,24.034226930696338,-0.10862394208831949,-0.7352794097477809,-92.67523490484498
24.108117443043152,-29.26391422860763,24.037529397868745,-0.10845272160395403,-0.7350962799416734,-92.64316392655314
24.117403313815213,-29.26976464215408,24.04083434538958,-0.10828141553640003,-0.7349136878850911,-92.61104654013342
24.12668970213969,-29.275615059783718,24.044141732617412,-0.10811002309564932,-0.7347316332945546,-92.57888261172288
24.135976611091344,-29.281465478144423,24.047451518910826,-0.10793854349172477,-0.734550115886333,-92.54667200745872
24.145264043744447,-29.287315893883274,24.050763663628405,-0.1077669759346801,-0.7343691353764414,-92.51441459347804
24.154552003172945,-29.293166303646682,24.05407812612874,-0.10759531963459867,-0.7341886914806444,-92.48211023591799
24.1638404924501,-29.29901670408017,24.057394865770398,-0.10742357380159567,-0.7340087839144533,-92.44975880091563
24.173129514648927,-29.304867091828612,24.060713841911962,-0.10725173764581503,-0.7338294123931279,-92.41736015460813
24.182419072841725,-29.310717463535955,24.064035013912026,-0.10707981037743336,-0.7336505766316739,-92.38491416313268
24.19170917010054,-29.316567815845527,24.067358341129157,-0.10690779120665589,-0.7334722763448447,-92.35242069262631
24.200999809496782,-29.322418145399784,24.070683782921947,-0.10673567934371958,-0.7332945112471411,-92.31987960922618
24.21029099410137,-29.328268448840383,24.074011298648966,-0.10656347399889132,-0.7331172810528098,-92.2872907790695
24.219582726984918,-29.334118722808334,24.077340847668808,-0.10639117438246859,-0.7329405854758447,-92.25465406829328
24.228875011217323,-29.339968963943722,24.080672389340048,-0.10621877970478,-0.7327644242299856,-92.22196934303466
24.238167849868244,-29.345819168886,24.084005883021256,-0.10604628917618286,-0.7325887970287198,-92.18923646943085
24.2474612460066,-29.351669334273705,24.08734128807103,-0.10587370200706697,-0.7324137035852791,-92.15645531361892
24.256755202701086,-29.35751945674473,24.090678563847955,-0.10570101740785087,-0.7322391436126418,-92.12362574173603
24.266049723019723,-29.363369532936083,24.0940176697106,-0.1055282345889848,-0.7320651168235317,-92.09074761991931
24.275344810030056,-29.369219559484023,24.097358565017547,-0.10535535276094932,-0.7318916229304191,-92.05782081430581
24.2846404667993,-29.375069533024107,24.10070120912738,-0.1051823711342541,-0.7317186616455186,-92.02484519103277
24.293936696393978,-29.380919450190987,24.104045561398678,-0.10500928891944072,-0.7315462326807907,-91.99182061623725
24.303233501880324,-29.38676930761869,24.107391581190026,-0.10483610532707982,-0.7313743357479405,-91.95874695605637
24.312530886323895,-29.39261910194029,24.11073922786001,-0.10466281956777407,-0.731202970558418,-91.9256240766273
24.32182885278993,-29.398468829788257,24.11408846076721,-0.10448943085215467,-0.7310321368234183,-91.89245184408715
24.331127404343064,-29.404318487794175,24.117439239270198,-0.10431593839088443,-0.7308618342538808,-91.8592301245731
24.34042654404742,-29.410168072588824,24.120791522727554,-0.1041423413946565,-0.7306920625604894,-91.82595878422218
24.349726274966788,-29.41601758080233,24.12414527049787,-0.10396863907419307,-0.7305228214536713,-91.79263768917156
24.35902660016426,-29.4218670090639,24.12750044193973,-0.10379483064024808,-0.730354110643599,-91.75926670555842
24.368327522702625,-29.427716354002087,24.1308569964117,-0.10362091530360523,-0.7301859298401876,-91.72584569951982
24.377629045644007,-29.433565612244532,24.134214893272375,-0.10344689227507864,-0.7300182787530969,-91.69237453719295
24.386931172050208,-29.439414780418254,24.13757409188033,-0.1032727607655119,-0.7298511570917297,-91.65885308471485
24.396233904982402,-29.445263855149367,24.14093455159415,-0.10309851998578029,-0.7296845645652319,-91.62528120822275
24.405537247501258,-29.451112833063206,24.144296231772408,-0.10292416914678881,-0.7295185008824928,-91.59165877385367
24.41484120266708,-29.45696171078442,24.147659091773697,-0.10274970745947215,-0.7293529657521447,-91.55798564774486
24.424145773539518,-29.46281048493676,24.151023090956592,-0.10257513413479585,-0.7291879588825619,-91.52426169603339
24.43345096317789,-29.46865915214331,24.15438818867968,-0.10240044838375534,-0.729023479981862,-91.49048678485634
24.442756774640813,-29.474507709026273,24.15775434430153,-0.1022256494173771,-0.7288595287579054,-91.4566607803509
24.45206321098663,-29.48035615220715,24.161121517180735,-0.10205073644671647,-0.7286961049182936,-91.42278354865418
24.461370275273,-29.48620447830661,24.164489666675877,-0.10187570868286017,-0.7285332081703708,-91.38885495590334
24.470677970557112,-29.4920526839445,24.167858752145527,-0.10170056533692462,-0.7283708382212232,-91.35487486823547
24.479986299895774,-29.497900765740027,24.171228732948272,-0.10152530562005668,-0.7282089947776785,-91.32084315178771
24.4892952663451,-29.503748720311435,24.174599568442698,-0.10134992874343346,-0.7280476775463053,-91.28675967269722
24.49860487296092,-29.50959654427634,24.177971217987377,-0.10117443391826142,-0.7278868862334145,-91.25262429710105
24.50791512279832,-29.515444234251444,24.1813436409409,-0.1009988203557789,-0.7277266205450569,-91.21843689113639
24.51722601891212,-29.521291786852803,24.184716796661846,-0.1008230872672522,-0.7275668801870265,-91.18419732094034
24.526537564356442,-29.52713919869557,24.188090644508787,-0.10064723386397983,-0.7274076648648554,-91.14990545265006
24.535849762184938,-29.53298646639411,24.19146514384032,-0.10047125935728957,-0.7272489742838179,-91.11556115240266
24.54516261545089,-29.538833586562124,24.194840254015002,-0.10029516295853902,-0.7270908081489281,-91.08116428633531
24.554476127206847,-29.544680555812402,24.198215934391445,-0.10011894387911674,-0.7269331661649406,-91.04671472058503
24.563790300505076,-29.550527370757035,24.201592144328217,-0.09994260133044036,-0.7267760480363497,-91.0122123212891
24.57310513839713,-29.55637402800725,24.20496884318388,-0.09976613452395888,-0.7266194534673903,-90.97765695458445
24.582420643934224,-29.562220524173583,24.208345990317056,-0.09958954267115033,-0.7264633821620359,-90.94304848660843
24.59173682016695,-29.5680668558657,24.211723545086294,-0.09941282498352377,-0.7263078338240003,-90.908386783498
24.60105367014536,-29.57391301969247,24.215101466850186,-0.09923598067261791,-0.7261528081567361,-90.87367171139039
24.61037119691914,-29.57975901226208,24.21847971496731,-0.09905900895000103,-0.7259983048634358,-90.83890313642269
24.619689403537272,-29.5856048301818,24.221858248796252,-0.09888190902727317,-0.7258443236470296,-90.80408092473202
24.62900829304841,-29.59145047005825,24.22523702769559,-0.09870468011606248,-0.7256908642101874,-90.76920494245549
24.63832786850052,-29.597295928497108,24.228616011023906,-0.09852732142802823,-0.7255379262553174,-90.7342750557303
24.647648132941203,-29.603141202103412,24.23199515813979,-0.09834983217485987,-0.7253855094845657,-90.69929113069355
24.656969089417434,-29.60898628748132,24.23537442840181,-0.09817221156827671,-0.7252336135998172,-90.6642530334823
24.66629074097563,-29.614831181234173,24.238753781168548,-0.09799445882002844,-0.7250822383026948,-90.62916063023376
24.675613090661876,-29.620675879964647,24.242133175798596,-0.09781657314189385,-0.7249313832945589,-90.594013787085
24.684936141521508,-29.6265203802745,24.245512571650526,-0.09763855374568303,-0.7247810482765069,-90.55881237017324
24.694259896599558,-29.632364678764795,24.248891928082934,-0.09746039984323496,-0.7246312329493747,-90.5235562456355
24.70358435894031,-29.638208772035714,24.252271204454374,-0.09728211064642028,-0.7244819370137356,-90.48824527960899
24.71290953158775,-29.644052656686764,24.255650360123457,-0.09710368536713765,-0.7243331601698982,-90.45287933823077
24.722235417585182,-29.64989632931656,24.25902935444874,-0.09692512321731722,-0.7241849021179106,-90.41745828763804
24.731562019975367,-29.655739786522926,24.26240814678883,-0.09674642340891915,-0.7240371625575541,-90.38198199396784
24.74088934180071,-29.66158302490301,24.265786696502285,-0.09656758515393232,-0.7238899411883505,-90.34645032335743
24.75021738610288,-29.667426041052995,24.26916496294769,-0.09638860766437762,-0.7237432377095541,-90.31086314194378
24.759546155923207,-29.673268831568453,24.27254290548364,-0.0962094901523044,-0.7235970518201575,-90.27522031586417
24.76887565430232,-29.679111393044018,24.275920483468706,-0.09603023182979281,-0.723451383218889,-90.2395217112556
24.77820588428049,-29.684953722073622,24.279297656261473,-0.09585083190895227,-0.7233062316042123,-90.20376719425532
24.787536848897318,-29.690795815250365,24.28267438322052,-0.09567128960192312,-0.7231615966743257,-90.16795663100034
24.796868551191867,-29.696637669166524,24.286050623704426,-0.09549160412087565,-0.723017478127165,-90.13208988762787
24.806200994202825,-29.70247928041367,24.28942633707178,-0.09531177467800928,-0.7228738756603983,-90.09616683027504
24.815534180968136,-29.708320645582475,24.29280148268116,-0.09513180048555447,-0.7227307889714311,-90.06018732507893
24.824868114525422,-29.714161761262943,24.29617601989114,-0.09495168075577076,-0.7225882177574027,-90.02415123817661
24.834202797911555,-29.72000262404413,24.299549908060307,-0.09477141470094874,-0.7224461617151864,-89.98805843570538
24.843538234163088,-29.725843230514442,24.302923106547247,-0.09459100153340744,-0.7223046205413901,-89.95190878380225
24.852874426315857,-29.73168357726141,24.306295574710543,-0.0944104404654979,-0.7221635939323565,-89.91570214860435
24.862211377405185,-29.73752366087174,24.30966727190876,-0.09422973070960028,-0.7220230815841622,-89.87943839624887
24.871549090466008,-29.74336347793146,24.3130381575005,-0.09404887147812335,-0.7218830831926163,-89.84311739287288
24.880887568532486,-29.74920302502565,24.31640819084433,-0.0938678619835085,-0.7217435984532624,-89.8067390046136
24.890226814638485,-29.755042298738765,24.319777331298834,-0.09368670143822483,-0.7216046270613781,-89.77030309760801
24.89956683181709,-29.760881295654272,24.3231455382226,-0.09350538905477279,-0.7214661687119719,-89.73380953799335
24.908907623101072,-29.766720012355044,24.326512770974198,-0.09332392404568196,-0.7213282230997884,-89.6972581919067
24.91824919152248,-29.772558445422995,24.329878988912224,-0.09314230562351267,-0.7211907899193022,-89.66064892548523
24.927591540112843,-29.778396591439268,24.33324415139525,-0.09296053300085505,-0.7210538688647221,-89.62398160486602
24.936934671903266,-29.784234446984314,24.33660821778185,-0.09277860539032873,-0.7209174596299884,-89.58725609618627
24.946278589924137,-29.79007200863765,24.339971147430624,-0.09259652200458413,-0.7207815619087738,-89.550472265583
24.955623297205474,-29.795909272978115,24.34333289970014,-0.09241428205630042,-0.7206461753944838,-89.51362997919342
24.964968796776564,-29.801746236583632,24.346693433948985,-0.09223188475818839,-0.7205112997802541,-89.47672910315465
24.97431509166632,-29.807582896031434,24.35005270953574,-0.09204932932298693,-0.720376934758953,-89.4397695036038
24.983662184902926,-29.813419247897844,24.353410685818982,-0.09186661496346721,-0.7202430800231797,-89.40275104667806
24.993010079514193,-29.819255288758534,24.35676732215729,-0.0916837408924282,-0.7201097352652656,-89.36567359851443
25.002358778527256,-29.825091015188217,24.36012257790926,-0.0915007063226998,-0.719976900177271,-89.32853702525013
25.01170828496867,-29.83092642376088,24.363476412433453,-0.0913175104671427,-0.7198445744509891,-89.29134119302228
25.0210586018646,-29.836761511049744,24.36682878508847,-0.09113415253864598,-0.7197127577779423,-89.25408596796804
25.03040973224044,-29.842596273627137,24.37017965523288,-0.0909506317501298,-0.7195814498493838,-89.21677121622443
25.03976167912126,-29.848430708064697,24.373528982225274,-0.09076694731454377,-0.7194506503562969,-89.1793968039287
