galstreams/tracks/track.po.Sangarius.grillmair2017.ecsv
# %ECSV 0.9
# ---
# datatype:
# - {name: ra, unit: deg, datatype: float64}
# - {name: dec, unit: deg, datatype: float64}
# - {name: distance, unit: kpc, datatype: float64}
# - {name: pm_ra_cosdec, unit: mas / yr, datatype: float64}
# - {name: pm_dec, unit: mas / yr, datatype: float64}
# - {name: radial_velocity, unit: km / s, datatype: float64}
# delimiter: ','
# meta: !!omap
# - __serialized_columns__:
#     dec:
#       __class__: astropy.coordinates.angles.Latitude
#       unit: &id001 !astropy.units.Unit {unit: deg}
#       value: !astropy.table.SerializedColumn {name: dec}
#     distance:
#       __class__: astropy.coordinates.distances.Distance
#       unit: !astropy.units.Unit {unit: kpc}
#       value: !astropy.table.SerializedColumn {name: distance}
#     pm_dec:
#       __class__: astropy.units.quantity.Quantity
#       unit: !astropy.units.Unit {unit: mas / yr}
#       value: !astropy.table.SerializedColumn {name: pm_dec}
#     pm_ra_cosdec:
#       __class__: astropy.units.quantity.Quantity
#       unit: !astropy.units.Unit {unit: mas / yr}
#       value: !astropy.table.SerializedColumn {name: pm_ra_cosdec}
#     ra:
#       __class__: astropy.coordinates.angles.Longitude
#       unit: *id001
#       value: !astropy.table.SerializedColumn {name: ra}
#       wrap_angle: !astropy.coordinates.Angle
#         unit: *id001
#         value: 360.0
#     radial_velocity:
#       __class__: astropy.units.quantity.Quantity
#       unit: !astropy.units.Unit {unit: km / s}
#       value: !astropy.table.SerializedColumn {name: radial_velocity}
# schema: astropy-2.0
ra,dec,distance,pm_ra_cosdec,pm_dec,radial_velocity
[from data line 1411]
133.36842350702182,-3.503508144724208,20.999999999999993,0.0,0.0,0.0
133.36796598104164,-3.4935165792018426,20.999999999999996,0.0,0.0,0.0
133.36750846480308,-3.483525013457211,20.999999999999993,0.0,0.0,0.0
133.367050958278,-3.47353344749107,20.999999999999993,0.0,0.0,0.0
133.36659346143827,-3.4635418813040024,20.99999999999999,0.0,0.0,0.0
133.36613597425577,-3.453550314896649,20.99999999999999,0.0,0.0,0.0
133.36567849670232,-3.4435587482696537,20.999999999999996,0.0,0.0,0.0
133.36522102874983,-3.4335671814236552,20.999999999999993,0.0,0.0,0.0
133.36476357037017,-3.423575614359245,20.999999999999993,0.0,0.0,0.0
133.36430612153524,-3.4135840470771686,20.999999999999993,0.0,0.0,0.0
133.36384868221685,-3.403592479578019,20.99999999999999,0.0,0.0,0.0
133.36339125238698,-3.3936009118624315,20.999999999999993,0.0,0.0,0.0
133.36293383201746,-3.383609343931051,20.999999999999996,0.0,0.0,0.0
133.36247642108015,-3.373617775784518,20.999999999999993,0.0,0.0,0.0
133.36201901954698,-3.363626207423416,20.999999999999996,0.0,0.0,0.0
133.36156162738985,-3.353634638848504,20.999999999999993,0.0,0.0,0.0
133.3611042445806,-3.343643070060358,20.999999999999993,0.0,0.0,0.0
133.36064687109118,-3.333651501059626,20.999999999999993,0.0,0.0,0.0
133.36018950689348,-3.323659931846949,20.999999999999993,0.0,0.0,0.0
133.3597321519594,-3.313668362422962,20.999999999999993,0.0,0.0,0.0
133.35927480626083,-3.3036767927882553,20.999999999999993,0.0,0.0,0.0
133.35881746976966,-3.293685222943578,20.999999999999993,0.0,0.0,0.0
133.3583601424578,-3.283693652889521,20.999999999999993,0.0,0.0,0.0
133.35790282429724,-3.2737020826267216,20.999999999999993,0.0,0.0,0.0
133.35744551525977,-3.263710512155815,20.999999999999993,0.0,0.0,0.0
133.3569882153174,-3.253718941477395,20.999999999999993,0.0,0.0,0.0
133.35653092444198,-3.243727370592206,20.999999999999996,0.0,0.0,0.0
133.35607364260548,-3.233735799500842,20.999999999999993,0.0,0.0,0.0
133.35561636977977,-3.2237442282039335,20.999999999999996,0.0,0.0,0.0
133.35515910593682,-3.2137526567021304,20.999999999999996,0.0,0.0,0.0
133.35470185104853,-3.2037610849960663,20.999999999999993,0.0,0.0,0.0
133.35424460508685,-3.1937695130863277,20.999999999999993,0.0,0.0,0.0
133.3537873680237,-3.183777940973664,20.999999999999993,0.0,0.0,0.0
133.35333013983097,-3.1737863686586665,20.999999999999993,0.0,0.0,0.0
133.35287292048062,-3.16379479614197,20.999999999999993,0.0,0.0,0.0
133.3524157099446,-3.1538032234242137,20.999999999999996,0.0,0.0,0.0
133.35195850819488,-3.143811650506039,20.999999999999996,0.0,0.0,0.0
133.35150131520334,-3.1338200773880334,20.999999999999996,0.0,0.0,0.0
133.35104413094194,-3.123828504070948,20.999999999999993,0.0,0.0,0.0
133.35058695538265,-3.1138369305553613,20.999999999999993,0.0,0.0,0.0
133.35012978849736,-3.1038453568419184,20.999999999999993,0.0,0.0,0.0
133.34967263025808,-3.0938537829312582,20.999999999999993,0.0,0.0,0.0
133.34921548063676,-3.083862208824019,20.999999999999993,0.0,0.0,0.0
133.34875833960527,-3.0738706345207865,20.999999999999993,0.0,0.0,0.0
133.34830120713565,-3.06387906002231,20.999999999999996,0.0,0.0,0.0
133.34784408319985,-3.0538874853291795,20.999999999999993,0.0,0.0,0.0
133.3473869677698,-3.0438959104420245,20.999999999999993,0.0,0.0,0.0
133.34692986081748,-3.0339043353614903,20.999999999999993,0.0,0.0,0.0
133.34647276231485,-3.0239127600882187,20.999999999999993,0.0,0.0,0.0
133.34601567223385,-3.0139211846227876,20.999999999999993,0.0,0.0,0.0
133.3455585905465,-3.003929608965951,20.999999999999993,0.0,0.0,0.0
133.3451015172247,-2.9939380331182943,20.999999999999996,0.0,0.0,0.0
133.34464445224046,-2.9839464570804553,20.99999999999999,0.0,0.0,0.0
133.34418739556577,-2.9739548808530745,20.999999999999993,0.0,0.0,0.0
133.3437303471726,-2.9639633044367857,20.999999999999996,0.0,0.0,0.0
133.34327330703292,-2.953971727832181,20.999999999999993,0.0,0.0,0.0
133.34281627511868,-2.943980151040003,20.999999999999993,0.0,0.0,0.0
133.3423592514019,-2.9339885740608387,20.999999999999993,0.0,0.0,0.0
133.34190223585455,-2.923996996895329,20.999999999999993,0.0,0.0,0.0
133.34144522844863,-2.9140054195441074,20.999999999999996,0.0,0.0,0.0
133.3409882291561,-2.904013842007762,20.999999999999996,0.0,0.0,0.0
133.340531237949,-2.894022264287044,20.999999999999996,0.0,0.0,0.0
133.34007425479925,-2.884030686382533,20.999999999999993,0.0,0.0,0.0
133.33961727967892,-2.874039108294873,20.999999999999993,0.0,0.0,0.0
133.33916031255993,-2.8640475300246937,20.999999999999996,0.0,0.0,0.0
133.33870335341433,-2.8540559515726396,21.0,0.0,0.0,0.0
133.3382464022141,-2.8440643729392945,21.0,0.0,0.0,0.0
133.33778945893124,-2.8340727941254094,20.999999999999996,0.0,0.0,0.0
133.33733252353775,-2.8240812151315615,20.999999999999996,0.0,0.0,0.0
133.33687559600565,-2.8140896359583953,20.999999999999996,0.0,0.0,0.0
133.33641867630698,-2.8040980566065437,21.0,0.0,0.0,0.0
133.33596176441367,-2.7941064770766526,20.999999999999996,0.0,0.0,0.0
133.33550486029776,-2.7841148973692964,21.0,0.0,0.0,0.0
133.3350479639313,-2.7741233174852327,21.0,0.0,0.0,0.0
133.33459107528628,-2.7641317374250396,20.999999999999996,0.0,0.0,0.0
133.3341341943347,-2.7541401571893553,21.0,0.0,0.0,0.0
133.3336773210486,-2.7441485767788216,20.999999999999993,0.0,0.0,0.0
133.3332204554,-2.7341569961940695,21.0,0.0,0.0,0.0
133.33276359736092,-2.7241654154356882,20.999999999999993,0.0,0.0,0.0
133.33230674690338,-2.7141738345044266,20.999999999999996,0.0,0.0,0.0
133.33184990399943,-2.704182253400866,20.999999999999996,0.0,0.0,0.0
133.33139306862105,-2.694190672125642,20.999999999999996,0.0,0.0,0.0
133.3309362407403,-2.6841990906793973,20.999999999999996,0.0,0.0,0.0
133.3304794203292,-2.674207509062765,20.999999999999996,0.0,0.0,0.0
133.33002260735978,-2.664215927276329,20.999999999999996,0.0,0.0,0.0
133.32956580180408,-2.654224345320844,20.999999999999996,0.0,0.0,0.0
133.32910900363416,-2.644232763196883,20.999999999999996,0.0,0.0,0.0
133.32865221282205,-2.63424118090509,20.999999999999996,0.0,0.0,0.0
133.3281954293398,-2.6242495984461005,21.0,0.0,0.0,0.0
133.32773865315937,-2.6142580158205537,20.999999999999996,0.0,0.0,0.0
133.32728188425293,-2.604266433029031,20.999999999999996,0.0,0.0,0.0
133.32682512259242,-2.5942748500722774,20.999999999999996,0.0,0.0,0.0
133.32636836814993,-2.5842832669508837,20.999999999999996,0.0,0.0,0.0
133.32591162089756,-2.5742916836654786,21.0,0.0,0.0,0.0
133.32545488080726,-2.5643001002167023,21.0,0.0,0.0,0.0
133.32499814785115,-2.5543085166051425,20.999999999999996,0.0,0.0,0.0
133.3245414220013,-2.544316932831539,21.0,0.0,0.0,0.0
133.3240847032297,-2.5343253488964774,21.0,0.0,0.0,0.0
133.32362799150846,-2.5243337648005983,21.0,0.0,0.0,0.0
133.3231712868096,-2.5143421805445354,20.999999999999993,0.0,0.0,0.0
133.32271458910523,-2.504350596128924,21.0,0.0,0.0,0.0
133.32225789836738,-2.4943590115543484,21.0,0.0,0.0,0.0
133.32180121456813,-2.4843674268215583,20.999999999999996,0.0,0.0,0.0
133.32134453767952,-2.4743758419311344,21.0,0.0,0.0,0.0
133.3208878676737,-2.4643842568837124,20.999999999999996,0.0,0.0,0.0
133.3204312045226,-2.4543926716799294,21.0,0.0,0.0,0.0
133.31997454819842,-2.4444010863204277,21.0,0.0,0.0,0.0
133.31951789867318,-2.4344095008057787,21.0,0.0,0.0,0.0
133.31906125591897,-2.424417915136743,20.999999999999996,0.0,0.0,0.0
133.31860461990783,-2.4144263293138875,21.0,0.0,0.0,0.0
133.31814799061186,-2.404434743337863,20.999999999999996,0.0,0.0,0.0
133.31769136800312,-2.3944431572092966,21.0,0.0,0.0,0.0
133.31723475205376,-2.384451570928829,21.0,0.0,0.0,0.0
133.3167781427358,-2.374459984497042,20.999999999999996,0.0,0.0,0.0
133.31632154002136,-2.3644683979146848,21.0,0.0,0.0,0.0
133.3158649438825,-2.354476811182333,21.0,0.0,0.0,0.0
133.31540835429132,-2.3444852243006284,20.999999999999996,0.0,0.0,0.0
133.31495177121988,-2.334493637270206,20.999999999999996,0.0,0.0,0.0
133.31449519464036,-2.324502050091703,20.999999999999996,0.0,0.0,0.0
133.31403862452476,-2.3145104627656985,20.999999999999996,0.0,0.0,0.0
133.31358206084516,-2.3045188752929406,20.999999999999996,0.0,0.0,0.0
133.31312550357376,-2.2945272876740113,20.999999999999993,0.0,0.0,0.0
133.31266895268257,-2.2845356999095485,20.999999999999996,0.0,0.0,0.0
133.31221240814372,-2.2745441120001844,20.999999999999993,0.0,0.0,0.0
133.31175586992933,-2.264552523946559,21.0,0.0,0.0,0.0
133.31129933801145,-2.254560935749254,21.0,0.0,0.0,0.0
133.31084281236227,-2.2445693474090143,20.999999999999996,0.0,0.0,0.0
133.3103862929538,-2.2345777589264197,20.999999999999996,0.0,0.0,0.0
133.30992977975816,-2.2245861703021093,20.999999999999996,0.0,0.0,0.0
133.30947327274754,-2.214594581536717,21.0,0.0,0.0,0.0
133.30901677189397,-2.2046029926308233,21.000000000000004,0.0,0.0,0.0
133.30856027716956,-2.194611403585179,21.0,0.0,0.0,0.0
133.30810378854648,-2.184619814400359,21.0,0.0,0.0,0.0
133.3076473059968,-2.1746282250770084,21.0,0.0,0.0,0.0
133.30719082949267,-2.164636635615753,21.0,0.0,0.0,0.0
133.30673435900613,-2.154645046017235,21.000000000000004,0.0,0.0,0.0
133.3062778945094,-2.14465345628203,21.000000000000004,0.0,0.0,0.0
133.30582143597456,-2.1346618664108896,21.000000000000004,0.0,0.0,0.0
133.30536498337372,-2.1246702764043963,21.0,0.0,0.0,0.0
133.304908536679,-2.1146786862631797,21.000000000000004,0.0,0.0,0.0
133.30445209586253,-2.104687095987881,21.0,0.0,0.0,0.0
133.30399566089645,-2.0946955055791308,21.0,0.0,0.0,0.0
133.30353923175284,-2.084703915037512,21.0,0.0,0.0,0.0
133.3030828084039,-2.074712324363771,21.0,0.0,0.0,0.0
133.30262639082173,-2.0647207335584885,21.0,0.0,0.0,0.0
133.3021699789784,-2.0547291426223033,21.000000000000004,0.0,0.0,0.0
133.30171357284618,-2.044737551555844,21.000000000000004,0.0,0.0,0.0
133.30125717239707,-2.034745960359754,21.0,0.0,0.0,0.0
133.30080077760329,-2.024754369034602,21.000000000000004,0.0,0.0,0.0
133.30034438843694,-2.0147627775811494,21.000000000000004,0.0,0.0,0.0
133.29988800487013,-2.004771185999966,21.000000000000004,0.0,0.0,0.0
133.29943162687508,-1.9947795942916893,21.0,0.0,0.0,0.0
133.29897525442385,-1.9847880024569586,20.999999999999996,0.0,0.0,0.0
133.29851888748865,-1.9747964104964066,21.0,0.0,0.0,0.0
133.29806252604155,-1.964804818410607,21.0,0.0,0.0,0.0
133.29760617005476,-1.9548132262003184,21.0,0.0,0.0,0.0
133.29714981950042,-1.9448216338661117,21.0,0.0,0.0,0.0
133.29669347435066,-1.9348300414086252,21.000000000000004,0.0,0.0,0.0
133.29623713457764,-1.9248384488284978,20.999999999999996,0.0,0.0,0.0
133.29578080015344,-1.9148468561263545,21.0,0.0,0.0,0.0
133.29532447105032,-1.9048552633027838,21.0,0.0,0.0,0.0
133.29486814724038,-1.8948636703585298,21.000000000000004,0.0,0.0,0.0
133.2944118286958,-1.8848720772941718,21.0,0.0,0.0,0.0
133.2939555153887,-1.8748804841103468,21.0,0.0,0.0,0.0
133.29349920729123,-1.864888890807686,21.0,0.0,0.0,0.0
133.29304290437557,-1.8548972973867681,21.000000000000004,0.0,0.0,0.0
133.29258660661392,-1.8449057038483463,21.0,0.0,0.0,0.0
133.2921303139784,-1.8349141101929956,21.0,0.0,0.0,0.0
133.29167402644114,-1.8249225164213532,21.0,0.0,0.0,0.0
133.29121774397433,-1.8149309225340495,21.0,0.0,0.0,0.0
133.29076146655018,-1.8049393285317223,21.0,0.0,0.0,0.0
133.29030519414076,-1.7949477344149511,21.0,0.0,0.0,0.0
133.28984892671835,-1.7849561401844798,21.0,0.0,0.0,0.0
133.28939266425505,-1.774964545840893,21.000000000000007,0.0,0.0,0.0
133.28893640672302,-1.764972951384821,21.0,0.0,0.0,0.0
133.28848015409446,-1.7549813568168988,21.0,0.0,0.0,0.0
133.28802390634152,-1.744989762137762,21.0,0.0,0.0,0.0
133.28756766343642,-1.73499816734799,21.0,0.0,0.0,0.0
133.28711142535127,-1.725006572448329,21.0,0.0,0.0,0.0
133.28665519205828,-1.7150149774393564,21.0,0.0,0.0,0.0
133.28619896352964,-1.705023382321709,21.000000000000004,0.0,0.0,0.0
133.28574273973746,-1.6950317870960228,21.0,0.0,0.0,0.0
133.285286520654,-1.6850401917629265,21.000000000000004,0.0,0.0,0.0
133.2848303062514,-1.6750485963230015,21.0,0.0,0.0,0.0
133.28437409650186,-1.6650570007769983,21.000000000000004,0.0,0.0,0.0
133.28391789137754,-1.655065405125491,21.000000000000004,0.0,0.0,0.0
133.28346169085066,-1.6450738093691173,21.0,0.0,0.0,0.0
133.28300549489336,-1.6350822135085066,21.000000000000004,0.0,0.0,0.0
133.28254930347782,-1.6250906175442419,21.000000000000004,0.0,0.0,0.0
133.28209311657628,-1.615099021477069,21.000000000000004,0.0,0.0,0.0
133.28163693416084,-1.6051074253075663,21.0,0.0,0.0,0.0
133.2811807562038,-1.595115829036366,21.000000000000004,0.0,0.0,0.0
133.2807245826773,-1.585124232664105,21.0,0.0,0.0,0.0
133.2802684135535,-1.5751326361914162,20.999999999999996,0.0,0.0,0.0
133.27981224880463,-1.5651410396189325,21.0,0.0,0.0,0.0
133.2793560884029,-1.555149442947235,21.0,0.0,0.0,0.0
133.27889993232043,-1.5451578461770685,21.0,0.0,0.0,0.0
133.27844378052947,-1.5351662493090126,20.999999999999996,0.0,0.0,0.0
133.27798763300225,-1.5251746523437002,21.0,0.0,0.0,0.0
133.2775314897109,-1.5151830552817664,21.000000000000004,0.0,0.0,0.0
133.2770753506276,-1.5051914581237889,21.0,0.0,0.0,0.0
133.27661921572462,-1.4951998608705135,21.000000000000004,0.0,0.0,0.0
133.27616308497414,-1.4852082635225172,21.000000000000004,0.0,0.0,0.0
133.27570695834837,-1.4752166660804353,21.000000000000007,0.0,0.0,0.0
133.27525083581946,-1.465225068544905,21.000000000000007,0.0,0.0,0.0
133.2747947173597,-1.4552334709165553,21.000000000000004,0.0,0.0,0.0
133.27433860294119,-1.4452418731959666,21.000000000000004,0.0,0.0,0.0
133.27388249253622,-1.4352502753838847,21.000000000000007,0.0,0.0,0.0
133.27342638611694,-1.4252586774808873,21.000000000000007,0.0,0.0,0.0
133.2729702836556,-1.4152670794876123,21.000000000000004,0.0,0.0,0.0
133.27251418512438,-1.4052754814046835,21.000000000000007,0.0,0.0,0.0
133.2720580904955,-1.3952838832327472,21.000000000000004,0.0,0.0,0.0
133.2716019997412,-1.38529228497237,21.000000000000004,0.0,0.0,0.0
133.27114591283362,-1.375300686624305,21.000000000000007,0.0,0.0,0.0
133.27068982974504,-1.3653090881891299,21.000000000000004,0.0,0.0,0.0
133.27023375044763,-1.355317489667477,21.000000000000007,0.0,0.0,0.0
133.26977767491366,-1.3453258910599786,21.000000000000004,0.0,0.0,0.0
133.26932160311523,-1.3353342923672702,21.000000000000004,0.0,0.0,0.0
133.26886553502467,-1.325342693589925,21.000000000000007,0.0,0.0,0.0
133.26840947061416,-1.315351094728699,21.000000000000007,0.0,0.0,0.0
133.26795340985592,-1.305359495784163,21.000000000000004,0.0,0.0,0.0
133.26749735272216,-1.295367896756949,21.000000000000007,0.0,0.0,0.0
133.26704129918508,-1.2853762976476943,21.000000000000004,0.0,0.0,0.0
133.26658524921692,-1.2753846984569757,21.000000000000007,0.0,0.0,0.0
133.26612920278995,-1.265393099185536,21.000000000000007,0.0,0.0,0.0
133.26567315987631,-1.2554014998339593,21.000000000000007,0.0,0.0,0.0
133.26521712044826,-1.245409900402876,21.000000000000004,0.0,0.0,0.0
133.264761084478,-1.235418300892916,21.000000000000004,0.0,0.0,0.0
133.2643050519378,-1.2254267013047182,21.000000000000004,0.0,0.0,0.0
133.26384902279986,-1.215435101638912,21.000000000000007,0.0,0.0,0.0
133.26339299703642,-1.2054435018960774,21.000000000000007,0.0,0.0,0.0
133.26293697461966,-1.1954519020769587,21.0,0.0,0.0,0.0
133.26248095552188,-1.185460302182135,21.000000000000007,0.0,0.0,0.0
133.26202493971522,-1.1754687022122408,21.000000000000004,0.0,0.0,0.0
133.261568927172,-1.165477102167904,21.000000000000007,0.0,0.0,0.0
133.26111291786438,-1.155485502049709,21.000000000000004,0.0,0.0,0.0
133.26065691176464,-1.145493901858393,21.000000000000007,0.0,0.0,0.0
133.26020090884498,-1.135502301594542,21.0,0.0,0.0,0.0
133.25974490907765,-1.125510701258785,21.000000000000004,0.0,0.0,0.0
133.25928891243487,-1.1155191008517553,21.000000000000007,0.0,0.0,0.0
133.2588329188889,-1.1055275003740896,21.000000000000004,0.0,0.0,0.0
133.25837692841196,-1.0955358998263593,21.000000000000007,0.0,0.0,0.0
133.25792094097625,-1.0855442992093136,21.000000000000004,0.0,0.0,0.0
133.25746495655403,-1.0755526985235324,21.000000000000004,0.0,0.0,0.0
133.25700897511757,-1.0655610977696421,21.000000000000004,0.0,0.0,0.0
