galstreams/tracks/track.st.Slidr.ibata2021.ecsv
# %ECSV 1.0
# ---
# datatype:
# - {name: ra, unit: deg, datatype: float64}
# - {name: dec, unit: deg, datatype: float64}
# - {name: distance, unit: kpc, datatype: float64}
# - {name: pm_ra_cosdec, unit: mas / yr, datatype: float64}
# - {name: pm_dec, unit: mas / yr, datatype: float64}
# - {name: radial_velocity, unit: km / s, datatype: float64}
# delimiter: ','
# meta: !!omap
# - __serialized_columns__:
#     dec:
#       __class__: astropy.coordinates.angles.Latitude
#       unit: &id001 !astropy.units.Unit {unit: deg}
#       value: !astropy.table.SerializedColumn {name: dec}
#     distance:
#       __class__: astropy.coordinates.distances.Distance
#       unit: !astropy.units.Unit {unit: kpc}
#       value: !astropy.table.SerializedColumn {name: distance}
#     pm_dec:
#       __class__: astropy.units.quantity.Quantity
#       unit: !astropy.units.Unit {unit: mas / yr}
#       value: !astropy.table.SerializedColumn {name: pm_dec}
#     pm_ra_cosdec:
#       __class__: astropy.units.quantity.Quantity
#       unit: !astropy.units.Unit {unit: mas / yr}
#       value: !astropy.table.SerializedColumn {name: pm_ra_cosdec}
#     ra:
#       __class__: astropy.coordinates.angles.Longitude
#       unit: *id001
#       value: !astropy.table.SerializedColumn {name: ra}
#       wrap_angle: !astropy.coordinates.Angle
#         unit: *id001
#         value: 360.0
#     radial_velocity:
#       __class__: astropy.units.quantity.Quantity
#       unit: !astropy.units.Unit {unit: km / s}
#       value: !astropy.table.SerializedColumn {name: radial_velocity}
# schema: astropy-2.0
ra,dec,distance,pm_ra_cosdec,pm_dec,radial_velocity
[from data line 1839]
165.8694939121975,7.644591329533086,3.1426322310934176,-22.343433299659733,-5.873450864935715,-16.087490396665494
165.87921209586625,7.642676026943461,3.1429760014694015,-22.339248035518963,-5.872079202833304,-15.951760758518876
165.88893023762353,7.640760687576841,3.1433199162047076,-22.335061576161724,-5.870707854460786,-15.815932679647396
165.8986483359392,7.638845305282176,3.1436639756053117,-22.330873921949163,-5.86933682023888,-15.68000624823162
165.90836638928263,7.636929873908551,3.144008179977185,-22.326685073242487,-5.867966100588087,-15.543981552452195
165.91808439612262,7.635014387305194,3.1443525296263024,-22.322495030402944,-5.866595695928699,-15.407858680489836
165.92780235492745,7.6330988393214865,3.1446970248586372,-22.318303793791884,-5.865225606680807,-15.271637720524973
165.93752026416487,7.631183223806948,3.1450416659801617,-22.314111363770675,-5.863855833264281,-15.135318760738485
165.9472381223021,7.62926753461125,3.145386453296852,-22.309917740700765,-5.862486376098796,-14.998901889310856
165.95695592780578,7.627351765584206,3.1457313871146786,-22.30572292494368,-5.861117235603813,-14.86238719442272
165.96667367914202,7.625435910575766,3.146076467739616,-22.301526916860993,-5.859748412198588,-14.725774764254789
165.97639137477648,7.623519963436039,3.1464216954776396,-22.297329716814332,-5.858379906302151,-14.589064686987616
165.98610901317417,7.621603918015275,3.1467670706347204,-22.29313132516539,-5.857011718333354,-14.452257050801768
165.99582659279966,7.6196877681638595,3.147112593516833,-22.288931742275928,-5.855643848710811,-14.315351943877932
166.00554411211695,7.617771507732333,3.1474582644299502,-22.284730968507766,-5.854276297852942,-14.17834945439698
166.0152615695895,7.615855130571375,3.147804083680048,-22.280529004222778,-5.852909066177956,-14.041249670539104
166.0249789636802,7.613938630531812,3.148150051573096,-22.27632584978293,-5.851542154103859,-13.904052680485114
166.03469629285158,7.612022001464615,3.148496168415071,-22.272121505550192,-5.850175562048434,-13.766758572415831
166.0444135555654,7.610105237220895,3.1488424345119452,-22.267915971886655,-5.848809290429272,-13.629367434511712
166.05413075028304,7.608188331651913,3.1491888501696916,-22.263709249154427,-5.847443339663738,-13.491879354953335
166.06384787546529,7.6062712786090705,3.149535415694285,-22.259501337715708,-5.846077710168996,-13.354294421921354
166.07356492957246,7.604354071943918,3.149882131391698,-22.25529223793275,-5.844712402362009,-13.216612723596379
166.0832819110643,7.602436705508143,3.150228997567904,-22.251081950167855,-5.843347416659515,-13.078834348159244
166.09299881840002,7.600519173153584,3.1505760145288755,-22.246870474783407,-5.841982753478058,-12.940959383790437
166.10271565003833,7.598601468732211,3.1509231825805895,-22.242657812141804,-5.84061841323396,-12.802987918670405
166.1124324044374,7.596683586096152,3.1512705020290164,-22.238443962605587,-5.8392543963433425,-12.664920040980094
166.12214908005492,7.59476551909767,3.1516179731801315,-22.234228926537263,-5.837890703222109,-12.526755838900032
166.1318656753479,7.59284726158918,3.151965596339906,-22.23001270429949,-5.836527334285969,-12.388495400610779
166.141582188773,7.590928807423231,3.152313371814315,-22.22579529625493,-5.835164289950413,-12.250138814292793
166.15129861878626,7.589010150452516,3.152661299909333,-22.221576702766303,-5.833801570630711,-12.111686168127118
166.16101496384323,7.5870912845298815,3.153009380930932,-22.217356924196423,-5.832439176741948,-11.97313755029407
166.17073122239893,7.585172203508305,3.153357615185086,-22.213135960908158,-5.831077108698977,-11.834493048974373
166.1804473929078,7.5832529012409156,3.1537060029777666,-22.20891381326442,-5.829715366916459,-11.695752752348758
166.19016347382387,7.58133337158098,3.154054544614951,-22.204690481628177,-5.828353951808824,-11.55691674859765
166.19987946360055,7.579413608381911,3.1544032404026106,-22.200465966362483,-5.826992863790318,-11.417985125901861
166.2095953606907,7.577493605497263,3.1547520906467184,-22.196240267830447,-5.825632103274965,-11.278957972441807
166.21931116354682,7.575573356780737,3.1551010956532495,-22.192013386395217,-5.824271670676567,-11.139835376398446
166.22902687062071,7.573652856086169,3.155450255728176,-22.187785322420027,-5.8229115664087425,-11.000617425952116
166.23874248036373,7.571732097267544,3.1557995711774716,-22.183556076268165,-5.821551790884875,-10.861304209283416
166.24845799122673,7.569811074178989,3.1561490423071104,-22.179325648302964,-5.820192344518153,-10.721895814573276
166.25817340165997,7.567889780674769,3.1564986694230655,-22.17509403888783,-5.818833227721557,-10.582392330002087
166.26788871011328,7.565968210609299,3.1568484528313108,-22.170861248386238,-5.817474440907841,-10.442793843750534
166.2776039150359,7.564046357837129,3.1571983928378202,-22.16662727716171,-5.816115984489562,-10.303100443999154
166.28731901487663,7.562124216212953,3.1575484897485655,-22.162392125577835,-5.814757858879072,-10.163312218928763
166.29703400808364,7.560201779591612,3.157898743869522,-22.158155793998258,-5.813400064488494,-10.023429256719972
166.30674889310464,7.558279041828084,3.1582491555066623,-22.15391828278668,-5.8120426017297575,-9.883451645553297
166.31646366838683,7.556355996777491,3.1585997249659594,-22.149679592306885,-5.810685471014578,-9.743379473609323
166.32617833237694,7.554432638295092,3.158950452553389,-22.145439722922678,-5.809328672754456,-9.603212829068871
166.33589288352104,7.552508960236296,3.1593013385749216,-22.141198674997973,-5.807972207360688,-9.462951800112444
166.3456073202648,7.550584956456651,3.159652383336533,-22.1369564488967,-5.806616075244348,-9.322596474920635
166.35532164105337,7.548660620811844,3.1600035871441965,-22.13271304498288,-5.805260276816309,-9.182146941674182
166.36503584433135,7.546735947157703,3.160354950303884,-22.12846846362057,-5.803904812487243,-9.041603288553697
166.37474992854277,7.544810929350202,3.16070647312157,-22.124222705173914,-5.802549682667593,-8.900965603739595
166.3844638921313,7.5428855612454555,3.161058155903229,-22.11997577000708,-5.801194887767599,-8.760233975412861
166.39417773353995,7.540959836699714,3.161409998954833,-22.11572765848432,-5.799840428197289,-8.619408491753921
166.40389145121125,7.539033749569373,3.1617620025823565,-22.111478370969966,-5.798486304366483,-8.47848924094332
166.41360504358727,7.537107293710974,3.1621141670917723,-22.107227907828364,-5.797132516684785,-8.33747631116185
166.42331850910955,7.535180462981189,3.1624664927890542,-22.10297626942395,-5.795779065561602,-8.196369790590152
166.43303184621905,7.533253251236839,3.1628189799801762,-22.09872345612121,-5.794425951406105,-8.055169767408685
166.4427450533563,7.531325652334886,3.163171628971111,-22.0944694682847,-5.793073174627274,-7.913876329798332
166.4524581289613,7.529397660132427,3.163524440067832,-22.090214306279027,-5.791720735633877,-7.772489565939434
166.46217107147348,7.527469268486704,3.1638774135763135,-22.085957970468854,-5.790368634834463,-7.63100956401284
166.4718838793318,7.525540471255098,3.1642305498025287,-22.081700461218905,-5.789016872637372,-7.4894364121989225
166.48159655097479,7.523611262295133,3.164583849052451,-22.077441778893974,-5.787665449450736,-7.347770198678636
166.49130908484034,7.52168163546447,3.164937311632053,-22.07318192385891,-5.786314365682468,-7.206011011632455
166.5010214793659,7.519751584620912,3.1652909378473106,-22.06892089647861,-5.784963621740273,-7.0641589392410316
166.51073373298837,7.517821103622404,3.1656447280041955,-22.06465869711805,-5.783613218031654,-6.922214069684925
166.52044584414418,7.515890186327029,3.1659986824086808,-22.060395326142256,-5.782263154963896,-6.780176491144854
166.53015781126925,7.513958826593008,3.166352801366742,-22.056130783916306,-5.780913432944058,-6.63804629180136
166.53986963279897,7.512027018278708,3.1667070851843517,-22.05186507080534,-5.779564052379011,-6.495823559835042
166.54958130716827,7.5100947552426325,3.1670615341674813,-22.047598187174593,-5.778215013675405,-6.353508383426684
166.5592928328115,7.508162031343419,3.167416148622107,-22.043330133389286,-5.776866317239664,-6.211100850756954
166.5690042081626,7.506228840439859,3.167770928854202,-22.039060909814765,-5.775517963478023,-6.068601050006275
166.57871543165487,7.504295176390872,3.1681258751697383,-22.034790516816415,-5.7741699527964965,-5.926009069355367
166.58842650172124,7.502361033055517,3.168480987874691,-22.030518954759682,-5.7728222856008795,-5.78332499698471
166.59813741679406,7.500426404293001,3.168836267275033,-22.026246224010045,-5.771474962296762,-5.640548921075337
166.60784817530518,7.498491283962663,3.169191713676737,-22.021972324933085,-5.770127983289517,-5.49768092980736
166.61755877568604,7.496555665923981,3.1695473273857777,-22.01769725789441,-5.768781348984313,-5.354721111361877
166.62726921636735,7.494619544036576,3.169903108708129,-22.0134210232597,-5.767435059786102,-5.211669553919105
166.63697949577963,7.492682912160212,3.170259057949763,-22.009143621394696,-5.766089116099623,-5.068526345660021
166.64668961235262,7.4907457641547825,3.170615175416654,-22.0048650526652,-5.764743518329399,-4.925291574765122
166.65639956451577,7.4888080938803245,3.1709714614147746,-22.000585317437064,-5.763398266879751,-4.781965329415069
166.6661093506978,7.486869895197014,3.1713279162501,-21.996304416076196,-5.76205336215477,-4.6385476977902265
166.6758189693272,7.484931161965167,3.1716845402286022,-21.992022348948584,-5.760708804558356,-4.4950387680715975
166.68552841883172,7.482991888045237,3.172041333656255,-21.98773911642025,-5.759364594494182,-4.351438628439657
166.6952376976388,7.481052067297813,3.1723982968390327,-21.983454718857296,-5.758020732365707,-4.207747367075098
166.70494680417517,7.4791116935836275,3.172755430082908,-21.97916915662585,-5.75667721857619,-4.063965072158323
166.7146557368673,7.477170760763549,3.1731127336938547,-21.97488243009216,-5.755334053528654,-3.9200918318702205
166.72436449414099,7.4752292626985835,3.1734702079778465,-21.97059453962246,-5.7539912376259394,-3.7761277343913178
166.73407307442162,7.47328719324988,3.173827853240857,-21.9663054855831,-5.752648771270651,-3.6320728679022616
166.743781476134,7.471344546278719,3.174185669788858,-21.96201526834046,-5.751306654865186,-3.4879273205835233
166.75348969770258,7.4694013156465235,3.174543657927826,-21.95772388826098,-5.749964888811732,-3.3436911806160117
166.76319773755114,7.467457495214849,3.174901817963732,-21.953431345711167,-5.748623473512258,-3.1993645361801164
166.77290559410312,7.465513078845403,3.175260150202551,-21.94913764105759,-5.7472824093685215,-3.0549474754567547
166.78261326578138,7.46356806040001,3.1756186549502554,-21.944842774666864,-5.745941696782071,-2.910440086626274
166.7923207510083,7.461622433740645,3.1759773325128196,-21.940546746905667,-5.744601336154231,-2.7658424578694256
166.80202804820573,7.459676192729425,3.176336183196216,-21.936249558140748,-5.7432613278861275,-2.6211546773666763
166.81173515579508,7.457729331228595,3.1766952073064187,-21.9319512087389,-5.741921672378657,-2.4763768332989655
166.8214420721973,7.455781843100535,3.1770544051494034,-21.927651699066967,-5.740582370032514,-2.3315090138466714
166.83114879583275,7.453833722207777,3.1774137770311395,-21.923351029491887,-5.739243421248166,-2.1865513071903875
166.84085532512134,7.451884962412974,3.1777733232576035,-21.919049200380606,-5.737904826425885,-2.041503801510945
166.85056165848252,7.449935557578925,3.1781330441347673,-21.914746212100184,-5.736566585965713,-1.896366584988927
166.86026779433521,7.447985501568568,3.178492939968607,-21.91044206501768,-5.735228700267482,-1.7511397458049145
166.86997373109787,7.446034788244971,3.178853011065092,-21.906136759500278,-5.733891169730826,-1.6058233721394437
166.87967946718842,7.444083411471342,3.179213257730199,-21.901830295915147,-5.73255399475513,-1.4604175521733083
166.88938500102435,7.442131365111028,3.179573680269901,-21.89752267462958,-5.731217175739592,-1.3149223740870783
166.89909033102262,7.44017864302751,3.17993427899017,-21.8932138960109,-5.729880713083191,-1.1693379260615056
166.9087954555997,7.438225239084404,3.1802950541969808,-21.88890396042646,-5.72854460718469,-1.0236642962767892
166.9185003731716,7.4362711471454706,3.180656006196307,-21.88459286824373,-5.727208858442633,-0.877901572914077
166.92820508215382,7.434316361074596,3.181017135294122,-21.880280619830202,-5.725873467255353,-0.7320498441537261
166.9379095809614,7.432360874735807,3.1813784417963986,-21.875967215553427,-5.724538434020963,-0.5861091981763826
166.9476138680088,7.430404681993271,3.18173992600911,-21.87165265578101,-5.723203759137379,-0.44007972316274974
166.9573179417102,7.428447776711288,3.182101588238232,-21.867336940880644,-5.721869443002273,-0.29396150729343334
166.967021800479,7.426490152754292,3.182463428789737,-21.863020071220042,-5.720535486013128,-0.14775463874886693
166.9767254427284,7.424531803986855,3.182825447969597,-21.858702047167014,-5.719201888567196,-0.0014592057100607373
166.9864288668709,7.422572724273687,3.183187646083786,-21.854382869089402,-5.717868651061524,0.14492470364271598
166.9961320713187,7.420612907479631,3.1835500234382788,-21.850062537355086,-5.716535773892935,0.29139700112859396
167.00583505448336,7.418652347469663,3.1839125803390487,-21.845741052332052,-5.715203257458041,0.43795759856699457
167.015537814776,7.416691038108903,3.184275317092068,-21.841418414388322,-5.713871102153241,0.5846064077773769
167.02524035060733,7.414728973262599,3.184638234003311,-21.83709462389197,-5.712539308374712,0.7313433405789624
167.0349426603875,7.412766146796136,3.1850013313787513,-21.832769681211126,-5.711207876518418,0.8781683087912565
167.04464474252617,7.410802552575034,3.1853646095243637,-21.828443586713984,-5.709876806980113,1.0250812242336405
167.05434659543258,7.408838184464953,3.1857280687461182,-21.824116340768818,-5.7085461001553295,1.1720819987254556
167.06404821751545,7.4068730363316835,3.186091709349992,-21.819787943743915,-5.707215756439379,1.319170544086098
167.07374960718303,7.404907102041149,3.186455531641956,-21.815458396007664,-5.7058857762273725,1.4663467721348078
167.0834507628431,7.402940375459416,3.1868195359279845,-21.81112769792847,-5.704556159914183,1.613610594691021
167.09315168290294,7.400972850452676,3.187183722514052,-21.806795849874835,-5.703226907894493,1.7609619235742264
167.10285236576937,7.399004520887261,3.1875480917061307,-21.802462852215285,-5.701898020562744,1.9084006706035697
167.11255280984867,7.397035380629641,3.187912643810195,-21.798128705318437,-5.700569498313178,2.0559267475985687
167.12225301354673,7.395065423546409,3.1882773791322183,-21.79379340955293,-5.699241341539814,2.2035400663786553
167.13195297526894,7.3930946435043055,3.1886422979781734,-21.789456965287496,-5.6979135506364536,2.3512405387630864
167.14165269342018,7.391123034370195,3.1890074006540337,-21.785119372890897,-5.696586125996688,2.4990280765712987
167.15135216640488,7.389150590011085,3.189372687465774,-21.780780632731958,-5.6952590680138835,2.6469025916226685
167.16105139262697,7.387177304294109,3.1897381587193667,-21.776440745179574,-5.693932377081191,2.7948639957364216
167.17075037048994,7.385203171086545,3.190103814720786,-21.772099710602692,-5.692606053591555,2.9429122007321373
167.1804490983968,7.383228184255789,3.1904696557760053,-21.767757529370318,-5.69128009793768,3.0910471184289463
167.19014757475003,7.381252337669387,3.190835682190998,-21.763414201851496,-5.689954510512083,3.239268660646493
167.1998457979517,7.379275625195013,3.191201894271737,-21.759069728415366,-5.688629291707042,3.3875767392039444
167.20954376640336,7.377298040700468,3.191568292324196,-21.754724109431088,-5.687304441914622,3.535971265920835
167.21924147850615,7.375319578053698,3.1919348766543494,-21.750377345267893,-5.685979961526681,3.684452152616447
