galstreams/tracks/track.st.C-4.ibata2020.ecsv
# %ECSV 0.9
# ---
# datatype:
# - {name: ra, unit: deg, datatype: float64}
# - {name: dec, unit: deg, datatype: float64}
# - {name: distance, unit: kpc, datatype: float64}
# - {name: pm_ra_cosdec, unit: mas / yr, datatype: float64}
# - {name: pm_dec, unit: mas / yr, datatype: float64}
# - {name: radial_velocity, unit: km / s, datatype: float64}
# delimiter: ','
# meta: !!omap
# - __serialized_columns__:
#     dec:
#       __class__: astropy.coordinates.angles.Latitude
#       unit: &id001 !astropy.units.Unit {unit: deg}
#       value: !astropy.table.SerializedColumn {name: dec}
#     distance:
#       __class__: astropy.coordinates.distances.Distance
#       unit: !astropy.units.Unit {unit: kpc}
#       value: !astropy.table.SerializedColumn {name: distance}
#     pm_dec:
#       __class__: astropy.units.quantity.Quantity
#       unit: !astropy.units.Unit {unit: mas / yr}
#       value: !astropy.table.SerializedColumn {name: pm_dec}
#     pm_ra_cosdec:
#       __class__: astropy.units.quantity.Quantity
#       unit: !astropy.units.Unit {unit: mas / yr}
#       value: !astropy.table.SerializedColumn {name: pm_ra_cosdec}
#     ra:
#       __class__: astropy.coordinates.angles.Longitude
#       unit: *id001
#       value: !astropy.table.SerializedColumn {name: ra}
#       wrap_angle: !astropy.coordinates.Angle
#         unit: *id001
#         value: 360.0
#     radial_velocity:
#       __class__: astropy.units.quantity.Quantity
#       unit: !astropy.units.Unit {unit: km / s}
#       value: !astropy.table.SerializedColumn {name: radial_velocity}
# schema: astropy-2.0
ra,dec,distance,pm_ra_cosdec,pm_dec,radial_velocity
165.19788583465908,84.32581717510504,3.9807602537392337,-13.084016036680033,-10.497292339510699,2.1893994537668078e-13
165.87501587338926,84.3411624093705,3.9812340169054212,-13.192272301234171,-10.338353723126902,2.1893994537668078e-13
166.5551042961828,84.35589193894975,3.9815578181792204,-13.29986555073945,-10.17799146125591,2.2736071250655313e-13
167.2380523347265,84.37000003512169,3.981733295925349,-13.406749945897541,-10.016207303465452,2.0841398646434036e-13
167.9237570095999,84.38348108876782,3.981762088508526,-13.512879276756722,-9.853005081639438,1.8736206863965952e-13
168.61211118088124,84.39632961869023,3.981645834293469,-13.618207052748366,-9.68839074367828,1.9788802755199994e-13
169.30300361024175,84.40854027988689,3.9813861716448975,-13.7226865960005,-9.522372382030248,2.1262437002927655e-13
169.99631903469202,84.42010787175987,3.9809847389275306,-13.826271137641097,-9.354960256752491,2.2315032894161697e-13
170.69193825207194,84.43102734623032,3.9804431745060866,-13.928913916771986,-9.186166812824467,2.1472956181174462e-13
171.38973821834932,84.44129381573512,3.9797631167452825,-14.03056828177078,-9.016006691452601,1.894672604221276e-13
172.0895921567039,84.45090256107815,3.978946204009838,-14.131187793546873,-8.844496735138005,1.9578283576953187e-13
172.7913696783299,84.45984903911018,3.9779940746644717,-14.230726330355813,-8.67165598630358,2.063087946818723e-13
173.49493691482851,84.468128890211,3.9769083670739027,-14.329138193753748,-8.497505679308443,1.9999321933446803e-13
174.20015666198097,84.47573794554698,3.9756907196028486,-14.426378215250978,-8.322069225715364,1.9367764398706378e-13
174.90688853464303,84.48267223407834,3.974342770616028,-14.522401863208907,-8.145372192709834,1.789413015097872e-13
175.6149891324367,84.48892798929039,3.972866158478159,-14.617165349510133,-7.967442274607826,2.042036028994042e-13
176.324312215834,84.49450165562384,3.9712625215539616,-14.710625735518281,-7.788309257433048,1.8525687685719145e-13
177.0347088921793,84.49938989457955,3.969533498208153,-14.802741036839144,-7.608004976582659,1.8104649329225526e-13
177.74602781113413,84.50358959047497,3.9676807268054537,-14.893470326390796,-7.426563267642327,1.5999457546757442e-13
178.45811536894846,84.50709785582947,3.96570584571058,-14.982773835288047,-7.244019910459995,1.7262572616238293e-13
179.17081592093524,84.50991203635827,3.9636104932882503,-15.07061305105482,-7.060412566622974,1.7262572616238293e-13
179.8839720014407,84.51202971555477,3.9613963079031853,-15.156950812682314,-6.875780710533777,1.7052053437991484e-13
180.59742455057037,84.51344871884376,3.959064927920102,-15.241751402065397,-6.690165554317711,1.642049590325106e-13
181.31101314688644,84.51416711728908,3.95661799170372,-15.324980631366191,-6.503609966835877,1.6631015081497867e-13
182.02457624523376,84.51418323084117,3.954057137618757,-15.406605925871718,-6.316158387121427,1.7262572616238293e-13
182.73795141883252,84.51349563111208,3.95138400402993,-15.486596401938515,-6.127856732589839,1.642049590325106e-13
183.45097560474656,84.51210314366713,3.9486002293019618,-15.564922939644585,-5.93875230240901,1.8315168507472335e-13
184.16348535179137,84.51000484982511,3.945707451799566,-15.641558249797523,-5.748893676452718,1.6841534259744677e-13
184.87531706996188,84.50720008796021,3.9427073098874654,-15.716476934984948,-5.558330610281035,1.642049590325106e-13
185.58630728041604,84.50368845430218,3.9396014419303755,-15.789655544386513,-5.367113926625918,1.49468616555234e-13
186.2962928650674,84.49946980323196,3.9363914862930174,-15.861072622107718,-5.17529540387597,1.5578419190263825e-13
187.00511131484217,84.49454424707415,3.9330790813401078,-15.930708748836281,-4.9829276620725516,1.515738083377021e-13
187.71260097564945,84.48891215538781,3.9296658654363656,-15.998546576662598,-4.790064046947099,1.6315236314127656e-13
188.41860129114576,84.48257415376128,3.926153476946509,-16.064570856950784,-4.596758512534596,1.5788938368510635e-13
189.12295304139738,84.47553112211729,3.9225435542352574,-16.12876846119038,-4.4030655029028996,1.4210044531659572e-13
189.82549857655698,84.46778419253768,3.9188377356673296,-16.191128394801684,-4.209039833542563,1.4420563709906378e-13
190.52608204472165,84.45933474661885,3.9150376596074423,-16.2516418039129,-4.014736572953647,1.49468616555234e-13
191.22454961317982,84.45018441237072,3.9111449644203162,-16.310301975170084,-3.8202109249575846,1.568367877938723e-13
191.92074968227965,84.44033506067419,3.907161288470669,-16.36710432868139,-3.6255181122560924,1.4315304120782974e-13
192.6145330912331,84.4297888013136,3.9030882701232184,-16.422046404239836,-3.430713261733573,1.3999525353412762e-13
193.30575331519134,84.41854797860239,3.8989275477426846,-16.475127841004753,-3.2358512919892126,1.2841669873055315e-13
193.9942666530054,84.40661516662131,3.894680759693785,-16.5263503508598,-3.0409868035557825,1.3789006175165953e-13
194.6799324051448,84.39399316409053,3.890349544341238,-16.57571768569879,-2.8461739722364063,1.273641028393191e-13
195.36261304129343,84.38068498889713,3.885935540049763,-16.6232355989202,-2.6514664459659407,1.273641028393191e-13
196.04217435722265,84.36669387230152,3.8814403851840784,-16.668911801440128,-2.4569172455679706,1.299955925674042e-13
196.71848562060492,84.35202325284635,3.8768657181089012,-16.712755912557387,-2.26257866974522,1.3367967818672336e-13
197.39141970548292,84.3366767699924,3.872213177188952,-16.754779406024948,-2.0685022046107133,1.3367967818672336e-13
198.06085321518825,84.32065825750692,3.867484400788948,-16.794995551700175,-1.874738438026754,1.1894333570944678e-13
198.7266665935704,84.30397173662925,3.8626810272736103,-16.83341935316028,-1.6813369789815278,1.1315405830765954e-13
199.388744224439,84.28662140903974,3.8578046950076534,-16.8700674816793,-1.4883463822019356,1.1894333570944678e-13
200.0469745192158,84.26861164965729,3.8528570423557986,-16.904958206971017,-1.2958140781547778,1.2052222954629784e-13
200.70124999282112,84.2499469992913,3.8478397076827635,-16.938111325105247,-1.1037863085606847,1.0894367474272338e-13
201.3514673278953,84.23063215717295,3.842754329353267,-16.969548084005655,-0.9123080675029751,1.1920648468225528e-13
201.99752742751056,84.210671973391,3.8376025457320266,-16.999291106934983,-0.7214230481785169,1.1657499495417018e-13
202.63933545656212,84.19007144125618,3.8323859951837638,-17.027364314367546,-0.5311735953082396,1.144698031717021e-13
203.27680087209148,84.16883568961823,3.8271063160731935,-17.053792844641123,-0.34160066318756377,1.071016319330638e-13
203.90983744283668,84.1469699751582,3.821765146765036,-17.078602973769456,-0.15274377932659602,1.0927261095873402e-13
204.53836325832967,84.1244796746785,3.816364125624011,-17.10182203478376,0.03535898639493552,1.0564608917721673e-13
205.1623007279108,84.10137027741196,3.8109048910148347,-17.12347833695662,0.22267104716405386,1.0335175907054253e-13
205.78157657006204,84.07764737736997,3.805389081302226,-17.14360108524508,0.409157319393125,1.021018014497021e-13
206.39612179246993,84.05331666574935,3.7998183348509063,-17.16222030027148,0.5947842377485166,9.828614134397869e-14
207.00587166328015,84.02838392341556,3.7941942900255903,-17.179366739141344,0.7795197652257162,1.0631218501463827e-13
207.61076567399738,84.00285501348,3.7885185851909977,-17.195071817377098,0.9633333984565731,9.499677918387231e-14
208.21074749451594,83.97673587398673,3.78279285871185,-17.209367532225343,1.1461961684548676,9.841771583038295e-14
208.8057649207797,83.95003251072353,3.777018748952861,-17.222286387573966,1.3280806370195608,9.157584253736168e-14
209.39576981556093,83.92275099017075,3.7711978942787527,-17.23386132069315,1.5089608890210984,8.841805486365955e-14
209.980718042869,83.89489743260063,3.7653319330542416,-17.244125630992823,1.6888125208093663,9.21021404829787e-14
210.5605693964981,83.8664780053373,3.759422503644048,-17.25311291096685,1.8676126249875507,8.578656513557444e-14
211.13528752320948,83.83749891618872,3.7534712444128893,-17.260856979473033,2.0453397717968542,8.736545897242551e-14
211.70483984105195,83.80796640705826,3.747479793725485,-17.26739181747696,2.2219739873631665,8.683916102680849e-14
212.26919745331682,83.77788674774408,3.7414497899465524,-17.272751506366802,2.3974967290574445,8.420767129872338e-14
212.82833505859819,83.74726622993298,3.735382871440811,-17.276970168927313,2.5718908582155477,8.631286308119147e-14
213.3822308574423,83.71611116139384,3.7292806765729782,-17.28008191304122,2.7451406104682246,7.789209595131913e-14
213.93086645603222,83.68442786037573,3.7231448437077743,-17.282120778169435,2.9172315639204474,7.683950006008508e-14
214.474226767353,83.65222265021364,3.7169770112099165,-17.283120684643666,3.0881506054186114,8.420767129872338e-14
215.01229991026742,83.61950185414473,3.710778817444124,-17.283115385789124,3.257885895137922,7.052392471268083e-14
215.5450771069005,83.58627179033678,3.7045519007751144,-17.28213842288074,3.4264268297107674,7.683950006008508e-14
216.07255257872637,83.55253876712993,3.6982978995676072,-17.280223082922042,3.593764004113093,6.420834936527658e-14
216.59472344172985,83.51830907849124,3.6920184521863213,-17.27740235922299,3.759889172516138,6.526094525651062e-14
217.1115896009843,83.48358899968214,3.685715196995974,-17.273708914742453,3.924795208298526,6.947132882144679e-14
217.62315364497863,83.44838478313719,3.6793897723612847,-17.269175048149787,4.088476063407125,7.052392471268083e-14
218.12942074000557,83.41270265455202,3.673043816646972,-17.26383266255067,4.2509267272449405,6.841873293021275e-14
218.63039852488888,83.37654880917869,3.666678968217753,-17.257713236815118,4.412143185249607,6.631354114774466e-14
219.12609700632856,83.33992940832451,3.6602968654383488,-17.250847799436812,4.57212237732238,5.894536990910637e-14
219.61652845510116,83.30285057605185,3.6538991466734765,-17.243266904848277,4.730862156249966,6.105056169157445e-14
220.1017073033457,83.26531839607463,3.6474874502878545,-17.235000612110177,4.8883612462554105,5.4734986344170195e-14
220.58165004314665,83.22733890884693,3.641063414646201,-17.226078465888563,5.044619201803659,5.894536990910637e-14
221.05637512659465,83.18891810883997,3.634628678113235,-17.216529479631358,5.199636366773924,5.0524602779234026e-14
221.5259028674989,83.15006194200215,3.6281848790536766,-17.206382120851764,5.353413834103958,6.105056169157445e-14
221.99025534490684,83.11077630339682,3.621733655832241,-17.195664298424163,5.505953406002084,3.9998643866893604e-14
222.44945630855668,83.07106703501344,3.61527664681365,-17.184403351797982,5.657257554808743,5.2629794561702114e-14
222.9035310863928,83.03093992374542,3.6088154903626197,-17.17262604203261,5.807329384587216,4.8419410996765944e-14
223.3525064942379,82.99040069953038,3.60235182484387,-17.16035854455798,5.95617259350754,4.210383564936169e-14
223.7964107477131,82.94945503364625,3.5958872886221203,-17.147626443564818,6.103791437083681,3.368306851948935e-14
224.23527337648503,82.90810853715787,3.589423520062087,-17.134454727929374,6.250190692315954,5.894536990910637e-14
224.6691251408927,82.86636675950821,3.5829621575284896,-17.12086778857974,6.395375622780001,4.631421921429786e-14
225.09799795100767,82.82423518724877,3.5765048393860472,-17.106889417211534,6.539351944699744,4.8419410996765944e-14
225.5219247881669,82.78171924290262,3.5700532039994783,-17.092542806262685,6.682125794035114,3.9998643866893604e-14
225.94093962899885,82.73882428395525,3.5636088897335,-17.07785055006029,6.823703694606155,3.789345208442552e-14
226.35507737196207,82.69555560196693,3.557173534952832,-17.062834647054057,6.96409252727231,5.0524602779234026e-14
226.76437376640703,82.65191842180106,3.5507487780221934,-17.047516503053373,7.103299500180365,3.9998643866893604e-14
227.16886534415315,82.6079179009632,3.5443362573063015,-17.0319169353892,7.241332120086725,3.368306851948935e-14
227.5685893535771,82.5635591290451,3.5379376111698746,-17.016056177923247,7.3781981647586115,2.7367493172085098e-14
227.9635836961948,82.51884712726832,3.5315544779776338,-16.999953886831204,7.513905656452579,3.9998643866893604e-14
228.3538868657141,82.47378684812249,3.525188496094295,-16.983629147089395,7.648462836465676,5.2629794561702114e-14
228.7395378895309,82.42838317509289,3.518841303884578,-16.967100479597352,7.781878140751091,3.9998643866893604e-14
229.12057627263476,82.38264092247238,3.5125145397132007,-16.950385848872354,7.914160176587131,4.210383564936169e-14
229.49704194388605,82.33656483525297,3.5062098419448815,-16.933502671254715,8.045317700285533,4.4209027431829774e-14
229.8689752046229,82.29015958909226,3.4999288489443394,-16.91646782356619,8.17535959592286,4.8419410996765944e-14
230.23641667955243,82.24342979035009,3.493673199076293,-16.899297652166663,8.304294855076487,4.210383564936169e-14
230.59940726987696,82.19637997619137,3.4874445307054613,-16.88200798235772,8.43213255754482,4.631421921429786e-14
230.95798810860506,82.14901461475037,3.481244482196562,-16.864614128084344,8.558881853030055,0.0
231.31220051799272,82.10133810535287,3.475074691914315,-16.84713090188938,8.684551943759791,1.6841534259744676e-14
231.66208596906068,82.05335477879173,3.468936798223436,-16.82957262507782,8.809152068023714,2.947268495455318e-14
232.00768604313012,82.00506889765268,3.462832439488646,-16.811953138051244,8.932691484599436,8.420767129872338e-15
232.34904239531932,81.95648465668624,3.4567632540746636,-16.79428581077507,9.055179458041732,2.1051917824680846e-14
232.68619671994247,81.90760618322246,3.450730880346206,-16.776583553344146,9.176625244808553,2.1051917824680846e-14
233.01919071775157,81.85843753762528,3.444736956667992,-16.758858826614468,9.29703808019651,3.368306851948935e-14
233.3480660649616,81.80898271378318,3.4387831214047413,-16.741123652871494,9.416427166058874,4.210383564936169e-15
233.6728643839994,81.75924563963325,3.4328710129211717,-16.723389626507686,9.534801659278212,2.5262301389617013e-14
233.99362721591697,81.70923017771551,3.427002269582001,-16.70566792468403,9.652170660966602,5.0524602779234026e-14
234.31039599440973,81.65894012575521,3.4211785297519492,-16.68796931795259,9.768543206365685,2.1051917824680846e-14
234.62321202138116,81.60837921727001,3.4154014317957335,-16.670304180819002,9.883928255419585,2.5262301389617013e-14
234.9321164439962,81.55755112219998,3.4096726140780738,-16.652682502225606,9.998334683993649,4.210383564936169e-14
235.2371502331655,81.5064594475577,3.403993714963687,-16.635113895938044,10.111771275712519,-2.5262301389617013e-14
235.5383541634045,81.4551077380967,3.398366372817294,-16.617607610819462,10.224246714391112,0.0
235.83576879401235,81.4034994769956,3.39279222600361,-16.600172540978193,10.335769577033277,0.0
236.1294344515155,81.35163808655645,3.387272912887357,-16.582817235776425,10.44634832737227,1.6841534259744676e-14
236.41939121332373,81.2995269289151,3.3818100718332516,-16.565549909688563,10.555991309929086,4.631421921429786e-14
236.70567889254644,81.247169306762,3.3764053412060124,-16.548378451999334,10.664706744564075,4.631421921429786e-14
236.98833702391806,81.19456846407174,3.3710603593703583,-16.531310436333133,10.77250272149878,8.420767129872338e-15
237.26740485078446,81.14172758683966,3.3657767646910077,-16.514353130006825,10.879387196785007,8.420767129872338e-15
237.5429213131009,81.08864980382423,3.36055619553268,-16.49751350319994,10.985367988199162,-4.210383564936169e-15
237.81492503639646,81.03533818729376,3.3554002902600923,-16.480798237936355,11.090452771540324,1.2631150694808506e-14
238.08345432165873,80.98179575377617,3.3503106872379647,-16.46421373687327,11.194649077311428,2.5262301389617013e-14
238.34854713609514,80.92802546481064,3.3452890248310148,-16.447766131893687,11.297964287763364,3.789345208442552e-14
238.61024110472917,80.87403022769998,3.3403369414039603,-16.431461292499442,11.400405634282844,3.789345208442552e-14
238.86857350278981,80.8198128962627,3.335456075321522,-16.415304834002722,11.501980195105187,-8.420767129872338e-15
