galstreams/tracks/track.po.PS1-A.bernard2016.ecsv
# %ECSV 0.9
# ---
# datatype:
# - {name: ra, unit: deg, datatype: float64}
# - {name: dec, unit: deg, datatype: float64}
# - {name: distance, unit: kpc, datatype: float64}
# - {name: pm_ra_cosdec, unit: mas / yr, datatype: float64}
# - {name: pm_dec, unit: mas / yr, datatype: float64}
# - {name: radial_velocity, unit: km / s, datatype: float64}
# delimiter: ','
# meta: !!omap
# - __serialized_columns__:
#     dec:
#       __class__: astropy.coordinates.angles.Latitude
#       unit: &id001 !astropy.units.Unit {unit: deg}
#       value: !astropy.table.SerializedColumn {name: dec}
#     distance:
#       __class__: astropy.coordinates.distances.Distance
#       unit: !astropy.units.Unit {unit: kpc}
#       value: !astropy.table.SerializedColumn {name: distance}
#     pm_dec:
#       __class__: astropy.units.quantity.Quantity
#       unit: !astropy.units.Unit {unit: mas / yr}
#       value: !astropy.table.SerializedColumn {name: pm_dec}
#     pm_ra_cosdec:
#       __class__: astropy.units.quantity.Quantity
#       unit: !astropy.units.Unit {unit: mas / yr}
#       value: !astropy.table.SerializedColumn {name: pm_ra_cosdec}
#     ra:
#       __class__: astropy.coordinates.angles.Longitude
#       unit: *id001
#       value: !astropy.table.SerializedColumn {name: ra}
#       wrap_angle: !astropy.coordinates.Angle
#         unit: *id001
#         value: 360.0
#     radial_velocity:
#       __class__: astropy.units.quantity.Quantity
#       unit: !astropy.units.Unit {unit: km / s}
#       value: !astropy.table.SerializedColumn {name: radial_velocity}
# schema: astropy-2.0
ra,dec,distance,pm_ra_cosdec,pm_dec,radial_velocity
28.38512389565404,-6.497929446580401,7.9000000000001425,0.0,0.0,0.0
28.393953086440998,-6.474922098897204,7.900000000000131,0.0,0.0,0.0
28.402781472511823,-6.451914598777931,7.90000000000012,0.0,0.0,0.0
28.4116090568179,-6.428906946782775,7.9000000000001105,0.0,0.0,0.0
28.42043584230972,-6.405899143471524,7.9000000000001025,0.0,0.0,0.0
28.429261831936707,-6.3828911894039795,7.900000000000095,0.0,0.0,0.0
28.438087028647406,-6.359883085139591,7.90000000000009,0.0,0.0,0.0
28.446911435389374,-6.336874831237612,7.900000000000085,0.0,0.0,0.0
28.455735055109145,-6.31386642825727,7.900000000000079,0.0,0.0,0.0
28.4645578907524,-6.290857876757375,7.900000000000076,0.0,0.0,0.0
28.47337994526376,-6.267849177296768,7.9000000000000705,0.0,0.0,0.0
28.482201221586962,-6.244840330433937,7.900000000000068,0.0,0.0,0.0
28.491021722664804,-6.221831336727181,7.900000000000065,0.0,0.0,0.0
28.49984145143908,-6.198822196734767,7.900000000000062,0.0,0.0,0.0
28.508660410850705,-6.1758129110146145,7.900000000000059,0.0,0.0,0.0
28.517478603839642,-6.1528034801244536,7.900000000000056,0.0,0.0,0.0
28.526296033344877,-6.129793904621992,7.9000000000000545,0.0,0.0,0.0
28.535112702304566,-6.106784185064536,7.900000000000052,0.0,0.0,0.0
28.54392861365581,-6.083774322009416,7.900000000000048,0.0,0.0,0.0
28.552743770334903,-6.060764316013619,7.900000000000045,0.0,0.0,0.0
28.561558175277188,-6.037754167633953,7.900000000000043,0.0,0.0,0.0
28.570371831417052,-6.014743877427195,7.900000000000042,0.0,0.0,0.0
28.57918474168804,-5.9917334459497305,7.9000000000000385,0.0,0.0,0.0
28.587996909022706,-5.968722873757976,7.9000000000000385,0.0,0.0,0.0
28.596808336352783,-5.945712161408009,7.900000000000035,0.0,0.0,0.0
28.60561902660909,-5.922701309455719,7.900000000000035,0.0,0.0,0.0
28.614428982721495,-5.899690318456984,7.900000000000032,0.0,0.0,0.0
28.623238207619053,-5.8766791889672865,7.90000000000003,0.0,0.0,0.0
28.632046704229847,-5.853667921542144,7.900000000000029,0.0,0.0,0.0
28.640854475481135,-5.830656516736732,7.900000000000028,0.0,0.0,0.0
28.64966152429931,-5.807644975106064,7.9000000000000234,0.0,0.0,0.0
28.65846785360981,-5.784633297205117,7.9000000000000234,0.0,0.0,0.0
28.66727346633729,-5.761621483588495,7.900000000000023,0.0,0.0,0.0
28.676078365405445,-5.738609534810835,7.900000000000021,0.0,0.0,0.0
28.684882553737168,-5.715597451426439,7.90000000000002,0.0,0.0,0.0
28.6936860342545,-5.6925852339894405,7.900000000000018,0.0,0.0,0.0
28.70248880987855,-5.669572883053954,7.900000000000018,0.0,0.0,0.0
28.71129088352964,-5.646560399173769,7.900000000000017,0.0,0.0,0.0
28.720092258127224,-5.6235477829025005,7.9000000000000155,0.0,0.0,0.0
28.72889293658988,-5.600535034793753,7.900000000000015,0.0,0.0,0.0
28.737692921835382,-5.57752215540075,7.900000000000014,0.0,0.0,0.0
28.746492216780606,-5.554509145276757,7.900000000000014,0.0,0.0,0.0
28.755290824341653,-5.531496004974718,7.900000000000013,0.0,0.0,0.0
28.764088747433785,-5.5084827350474,7.900000000000011,0.0,0.0,0.0
28.772885988971375,-5.4854693360475695,7.900000000000011,0.0,0.0,0.0
28.781682551868037,-5.462455808527615,7.900000000000011,0.0,0.0,0.0
28.79047843903651,-5.43944215303997,7.900000000000008,0.0,0.0,0.0
28.799273653388738,-5.416428370136744,7.900000000000009,0.0,0.0,0.0
28.808068197835887,-5.393414460369884,7.900000000000008,0.0,0.0,0.0
28.816862075288217,-5.370400424291338,7.9000000000000075,0.0,0.0,0.0
28.82565528865528,-5.347386262452665,7.900000000000008,0.0,0.0,0.0
28.834447840845744,-5.3243719754054935,7.9000000000000075,0.0,0.0,0.0
28.843239734767526,-5.301357563701118,7.9000000000000075,0.0,0.0,0.0
28.852030973327743,-5.2783430278906796,7.900000000000007,0.0,0.0,0.0
28.860821559432676,-5.255328368525317,7.900000000000007,0.0,0.0,0.0
28.869611495987872,-5.2323135861558026,7.900000000000007,0.0,0.0,0.0
28.878400785898034,-5.209298681332955,7.900000000000007,0.0,0.0,0.0
28.88718943206712,-5.186283654607284,7.900000000000006,0.0,0.0,0.0
28.895977437398326,-5.163268506529137,7.900000000000007,0.0,0.0,0.0
28.90476480479399,-5.140253237648871,7.900000000000005,0.0,0.0,0.0
28.913551537155797,-5.11723784851647,7.900000000000006,0.0,0.0,0.0
28.92233763738453,-5.094222339681981,7.900000000000006,0.0,0.0,0.0
28.931123108380326,-5.071206711695134,7.900000000000004,0.0,0.0,0.0
28.939907953042507,-5.04819096510551,7.900000000000005,0.0,0.0,0.0
28.948692174269596,-5.025175100462693,7.900000000000005,0.0,0.0,0.0
28.957475774959434,-5.00215911831596,7.900000000000005,0.0,0.0,0.0
28.966258758009097,-4.979143019214438,7.900000000000004,0.0,0.0,0.0
28.97504112631486,-4.9561268037072574,7.900000000000004,0.0,0.0,0.0
28.983822882772323,-4.933110472343196,7.900000000000004,0.0,0.0,0.0
28.99260403027628,-4.910094025671086,7.900000000000004,0.0,0.0,0.0
29.00138457172084,-4.887077464239459,7.900000000000004,0.0,0.0,0.0
29.010164509999388,-4.8640607885966975,7.900000000000004,0.0,0.0,0.0
29.018943848004504,-4.841043999291195,7.900000000000003,0.0,0.0,0.0
29.02772258862813,-4.818027096870993,7.900000000000003,0.0,0.0,0.0
29.036500734761404,-4.795010081884194,7.900000000000003,0.0,0.0,0.0
29.045278289294806,-4.7719929548786,7.900000000000003,0.0,0.0,0.0
29.0540552551181,-4.748975716401869,7.900000000000003,0.0,0.0,0.0
29.062831635120286,-4.725958367001676,7.900000000000001,0.0,0.0,0.0
29.071607432189722,-4.702940907225339,7.900000000000003,0.0,0.0,0.0
29.080382649213984,-4.679923337620252,7.900000000000001,0.0,0.0,0.0
29.089157289080006,-4.656905658733506,7.900000000000002,0.0,0.0,0.0
29.097931354674042,-4.633887871112051,7.900000000000003,0.0,0.0,0.0
29.106704848881574,-4.610869975302858,7.900000000000001,0.0,0.0,0.0
29.115477774587465,-4.587851971852548,7.900000000000001,0.0,0.0,0.0
29.12425013467583,-4.564833861307818,7.900000000000001,0.0,0.0,0.0
29.133021932030157,-4.541815644215064,7.9,0.0,0.0,0.0
29.14179316953325,-4.518797321120551,7.9,0.0,0.0,0.0
29.15056385006716,-4.49577889257056,7.900000000000001,0.0,0.0,0.0
29.15933397651337,-4.472760359111089,7.900000000000002,0.0,0.0,0.0
29.168103551752644,-4.449741721287994,7.8999999999999995,0.0,0.0,0.0
29.176872578665044,-4.426722979647157,7.900000000000001,0.0,0.0,0.0
29.185641060130045,-4.403704134734116,7.900000000000002,0.0,0.0,0.0
29.194408999026393,-4.380685187094491,7.9,0.0,0.0,0.0
29.203176398232223,-4.357666137273608,7.9,0.0,0.0,0.0
29.211943260625027,-4.334646985816666,7.9,0.0,0.0,0.0
29.220709589081586,-4.31162773326889,7.9,0.0,0.0,0.0
29.22947538647812,-4.288608380175165,7.9,0.0,0.0,0.0
29.23824065569012,-4.26558892708046,7.9,0.0,0.0,0.0
29.2470053995925,-4.242569374529455,7.9,0.0,0.0,0.0
29.25576962105956,-4.219549723066708,7.900000000000001,0.0,0.0,0.0
29.26453332296488,-4.196529973236792,7.9,0.0,0.0,0.0
29.2732965081815,-4.17351012558401,7.9,0.0,0.0,0.0
29.28205917958178,-4.150490180652603,7.9,0.0,0.0,0.0
29.290821340037496,-4.127470138986677,7.9,0.0,0.0,0.0
29.299582992419786,-4.104450001130213,7.900000000000001,0.0,0.0,0.0
29.308344139599182,-4.081429767627072,7.9,0.0,0.0,0.0
29.317104784445615,-4.0584094390209895,7.899999999999999,0.0,0.0,0.0
29.325864929828388,-4.035389015855583,7.899999999999999,0.0,0.0,0.0
29.334624578616218,-4.012368498674345,7.8999999999999995,0.0,0.0,0.0
29.343383733677225,-3.9893478880206525,7.8999999999999995,0.0,0.0,0.0
29.352142397878914,-3.9663271844377586,7.899999999999999,0.0,0.0,0.0
29.36090057408822,-3.943306388468801,7.8999999999999995,0.0,0.0,0.0
29.369658265171484,-3.920285500656798,7.899999999999999,0.0,0.0,0.0
29.37841547399444,-3.897264521544652,7.899999999999999,0.0,0.0,0.0
29.387172203422285,-3.874243451675146,7.899999999999998,0.0,0.0,0.0
29.395928456319588,-3.85122229159095,7.8999999999999995,0.0,0.0,0.0
29.404684235550377,-3.828201041834616,7.899999999999999,0.0,0.0,0.0
29.413439543978093,-3.8051797029485845,7.899999999999999,0.0,0.0,0.0
29.422194384465616,-3.7821582754751812,7.899999999999998,0.0,0.0,0.0
29.43094875987526,-3.7591367599566174,7.899999999999999,0.0,0.0,0.0
29.439702673068776,-3.736115156934993,7.899999999999998,0.0,0.0,0.0
29.448456126907367,-3.713093466952297,7.899999999999998,0.0,0.0,0.0
29.45720912425166,-3.690071690550407,7.899999999999997,0.0,0.0,0.0
29.465961667961757,-3.6670498282710886,7.899999999999997,0.0,0.0,0.0
29.474713760897203,-3.644027880655999,7.899999999999996,0.0,0.0,0.0
29.48346540591699,-3.621005848246686,7.899999999999997,0.0,0.0,0.0
29.492216605879598,-3.5979837315845926,7.899999999999996,0.0,0.0,0.0
29.500967363642935,-3.57496153121105,7.899999999999996,0.0,0.0,0.0
29.509717682064394,-3.551939247667282,7.899999999999996,0.0,0.0,0.0
29.51846756400085,-3.5289168814944123,7.899999999999995,0.0,0.0,0.0
29.52721701230863,-3.5058944332334536,7.899999999999995,0.0,0.0,0.0
29.535966029843543,-3.4828719034253144,7.899999999999995,0.0,0.0,0.0
29.544714619460894,-3.459849292610802,7.899999999999995,0.0,0.0,0.0
29.553462784015455,-3.436826601330619,7.899999999999995,0.0,0.0,0.0
29.5622105263615,-3.413803830125364,7.899999999999994,0.0,0.0,0.0
29.570957849352776,-3.3907809795355357,7.899999999999994,0.0,0.0,0.0
29.579704755842545,-3.3677580501015307,7.899999999999993,0.0,0.0,0.0
29.58845124868357,-3.3447350423636446,7.899999999999992,0.0,0.0,0.0
29.59719733072808,-3.3217119568620737,7.899999999999992,0.0,0.0,0.0
29.605943004827843,-3.2986887941369156,7.899999999999993,0.0,0.0,0.0
29.614688273834133,-3.2756655547281697,7.8999999999999915,0.0,0.0,0.0
29.62343314059772,-3.2526422391757346,7.899999999999991,0.0,0.0,0.0
29.632177607968902,-3.229618848019417,7.8999999999999915,0.0,0.0,0.0
29.6409216787975,-3.2065953817989223,7.89999999999999,0.0,0.0,0.0
29.64966535593284,-3.1835718410538636,7.8999999999999915,0.0,0.0,0.0
29.658408642223787,-3.1605482263237574,7.899999999999991,0.0,0.0,0.0
29.667151540518734,-3.137524538148027,7.899999999999989,0.0,0.0,0.0
29.675894053665598,-3.1145007770659987,7.899999999999991,0.0,0.0,0.0
29.684636184511863,-3.0914769436169123,7.899999999999989,0.0,0.0,0.0
29.693377935904497,-3.0684530383399093,7.899999999999989,0.0,0.0,0.0
29.70211931069008,-3.045429061774044,7.89999999999999,0.0,0.0,0.0
29.710860311714665,-3.022405014458276,7.899999999999987,0.0,0.0,0.0
29.719600941823916,-2.999380896931477,7.899999999999988,0.0,0.0,0.0
29.72834120386302,-2.9763567097324297,7.899999999999989,0.0,0.0,0.0
29.737081100676736,-2.9533324533998275,7.899999999999987,0.0,0.0,0.0
29.74582063510936,-2.9303081284722756,7.899999999999987,0.0,0.0,0.0
29.75455981000478,-2.9072837354882917,7.899999999999988,0.0,0.0,0.0
29.76329862820644,-2.8842592749863067,7.899999999999986,0.0,0.0,0.0
29.772037092557348,-2.8612347475046653,7.899999999999986,0.0,0.0,0.0
29.78077520590009,-2.838210153581629,7.899999999999985,0.0,0.0,0.0
29.78951297107683,-2.8151854937553717,7.899999999999985,0.0,0.0,0.0
29.798250390929322,-2.7921607685639844,7.8999999999999835,0.0,0.0,0.0
29.80698746829889,-2.7691359785454766,7.899999999999984,0.0,0.0,0.0
29.815724206026456,-2.746111124237774,7.899999999999984,0.0,0.0,0.0
29.824460606952538,-2.723086206178718,7.8999999999999835,0.0,0.0,0.0
29.833196673917236,-2.7000612249060745,7.899999999999982,0.0,0.0,0.0
29.841932409760236,-2.6770361809575234,7.899999999999982,0.0,0.0,0.0
29.850667817320875,-2.654011074870668,7.899999999999981,0.0,0.0,0.0
29.859402899438034,-2.630985907183032,7.89999999999998,0.0,0.0,0.0
29.868137658950257,-2.607960678432059,7.899999999999979,0.0,0.0,0.0
29.87687209869566,-2.5849353891551163,7.899999999999978,0.0,0.0,0.0
29.885606221511985,-2.561910039889495,7.899999999999978,0.0,0.0,0.0
29.894340030236613,-2.538884631172408,7.899999999999977,0.0,0.0,0.0
29.903073527706518,-2.515859163540995,7.8999999999999755,0.0,0.0,0.0
29.91180671675832,-2.492833637532316,7.899999999999973,0.0,0.0,0.0
29.92053960022826,-2.4698080536833618,7.89999999999997,0.0,0.0,0.0
29.92927218095221,-2.4467824125310482,7.899999999999969,0.0,0.0,0.0
29.938004461765694,-2.423756714612216,7.899999999999967,0.0,0.0,0.0
29.946736445503852,-2.400730960463637,7.899999999999965,0.0,0.0,0.0
29.955468135001468,-2.37770515062201,7.899999999999962,0.0,0.0,0.0
29.964199533092994,-2.3546792856239613,7.8999999999999595,0.0,0.0,0.0
29.972930642612514,-2.331653366006049,7.899999999999958,0.0,0.0,0.0
29.981661466393774,-2.308627392304762,7.899999999999953,0.0,0.0,0.0
29.99039200727017,-2.285601365056519,7.899999999999951,0.0,0.0,0.0
29.99912226807476,-2.2625752847976703,7.899999999999946,0.0,0.0,0.0
30.007852251640273,-2.239549152064502,7.899999999999943,0.0,0.0,0.0
30.01658196079909,-2.216522967393229,7.899999999999938,0.0,0.0,0.0
30.025311398383277,-2.193496731320003,7.899999999999933,0.0,0.0,0.0
30.034040567224558,-2.17047044438091,7.899999999999928,0.0,0.0,0.0
30.042769470154347,-2.147444107111971,7.899999999999924,0.0,0.0,0.0
30.051498110003728,-2.1244177200491436,7.899999999999918,0.0,0.0,0.0
30.06022648960349,-2.101391283728319,7.8999999999999115,0.0,0.0,0.0
30.068954611784086,-2.0783647986853295,7.899999999999905,0.0,0.0,0.0
30.077682479375657,-2.055338265455946,7.899999999999898,0.0,0.0,0.0
30.086410095208073,-2.0323116845758746,7.899999999999891,0.0,0.0,0.0
30.095137462110856,-2.0092850565807616,7.899999999999887,0.0,0.0,0.0
30.10386458291326,-1.9862583820061968,7.899999999999878,0.0,0.0,0.0
30.112591460444225,-1.9632316613877068,7.899999999999872,0.0,0.0,0.0
30.121318097532427,-1.9402048952607611,7.899999999999863,0.0,0.0,0.0
30.130044497006214,-1.9171780841607726,7.899999999999855,0.0,0.0,0.0
