galstreams/tracks/track.st.Jhelum-a.bonaca2019.ecsv
# %ECSV 0.9
# ---
# datatype:
# - {name: ra, unit: deg, datatype: float64}
# - {name: dec, unit: deg, datatype: float64}
# - {name: distance, unit: kpc, datatype: float64}
# - {name: pm_ra_cosdec, unit: mas / yr, datatype: float64}
# - {name: pm_dec, unit: mas / yr, datatype: float64}
# - {name: radial_velocity, unit: km / s, datatype: float64}
# delimiter: ','
# meta: !!omap
# - __serialized_columns__:
#     dec:
#       __class__: astropy.coordinates.angles.Latitude
#       unit: &id001 !astropy.units.Unit {unit: deg}
#       value: !astropy.table.SerializedColumn {name: dec}
#     distance:
#       __class__: astropy.coordinates.distances.Distance
#       unit: !astropy.units.Unit {unit: kpc}
#       value: !astropy.table.SerializedColumn {name: distance}
#     pm_dec:
#       __class__: astropy.units.quantity.Quantity
#       unit: !astropy.units.Unit {unit: mas / yr}
#       value: !astropy.table.SerializedColumn {name: pm_dec}
#     pm_ra_cosdec:
#       __class__: astropy.units.quantity.Quantity
#       unit: !astropy.units.Unit {unit: mas / yr}
#       value: !astropy.table.SerializedColumn {name: pm_ra_cosdec}
#     ra:
#       __class__: astropy.coordinates.angles.Longitude
#       unit: *id001
#       value: !astropy.table.SerializedColumn {name: ra}
#       wrap_angle: !astropy.coordinates.Angle
#         unit: *id001
#         value: 360.0
#     radial_velocity:
#       __class__: astropy.units.quantity.Quantity
#       unit: !astropy.units.Unit {unit: km / s}
#       value: !astropy.table.SerializedColumn {name: radial_velocity}
# schema: astropy-2.0
ra,dec,distance,pm_ra_cosdec,pm_dec,radial_velocity
[from data line 1668]
340.35597458984086,-50.99726836901928,13.000000000000004,6.43035821125696,-5.104445650453804,0.0
340.34055768593134,-50.99483729615932,13.000000000000004,6.429360759742051,-5.105535427106627,-1.347322740779574e-13
340.32514234779063,-50.9924043192039,13.000000000000004,6.428363062865402,-5.106624729935248,-1.0104920555846805e-13
340.30972857633896,-50.98996943852515,13.000000000000004,6.427365120925985,-5.1077135587202225,-2.3578147963642546e-13
340.2943163724958,-50.98753265449543,13.000000000000005,6.4263669342227985,-5.108801913242365,-1.347322740779574e-13
340.2789057371796,-50.985093967487295,13.000000000000004,6.425368503054857,-5.109889793282777,-1.347322740779574e-13
340.26349667130813,-50.98265337787346,13.000000000000004,6.42436982772119,-5.110977198622819,-2.3578147963642546e-13
340.24808917579804,-50.980210886026896,13.000000000000004,6.423370908520848,-5.112064129044121,-2.020984111169361e-13
340.2326832515654,-50.97776649232074,13.000000000000002,6.4223717457529,-5.11315058432859,-6.73661370389787e-14
340.217278899525,-50.97532019712835,13.000000000000004,6.421372339716422,-5.114236564258404,-1.6841534259744677e-13
340.20187612059124,-50.97287200082324,13.000000000000004,6.420372690710524,-5.1153220686159955,-2.3578147963642546e-13
340.18647491567725,-50.97042190377914,13.000000000000007,6.41937279903432,-5.116407097184083,-1.6841534259744677e-13
340.1710752856954,-50.96796990637003,13.000000000000005,6.418372664986947,-5.117491649745654,-1.347322740779574e-13
340.1556772315573,-50.96551600896999,13.000000000000004,6.417372288867556,-5.1185757260839555,0.0
340.1402807541735,-50.96306021195339,13.000000000000004,6.416371670975308,-5.11965932598252,-2.020984111169361e-13
340.1248858544538,-50.96060251569474,13.000000000000004,6.415370811609392,-5.120742449225129,-2.694645481559148e-13
340.1094925333071,-50.95814292056877,13.000000000000004,6.41436971106901,-5.121825095595851,-2.694645481559148e-13
340.09410079164144,-50.955681426950385,13.000000000000005,6.413368369653368,-5.122907264879016,-1.0104920555846805e-13
340.0787106303638,-50.95321803521471,13.000000000000007,6.412366787661696,-5.1239889568592325,-1.6841534259744677e-13
340.0633220503806,-50.95075274573707,13.000000000000004,6.411364965393245,-5.125070171321369,-6.73661370389787e-14
340.04793505259704,-50.948285558892934,13.000000000000004,6.410362903147266,-5.126150908050569,-2.020984111169361e-13
340.0325496379177,-50.945816475058045,13.000000000000004,6.409360601223036,-5.12723116683224,-3.368306851948935e-14
340.0171658072462,-50.94334549460827,13.000000000000002,6.408358059919839,-5.128310947452069,-3.368306851948935e-14
340.00178356148524,-50.94087261791973,13.000000000000004,6.407355279536972,-5.129390249696007,-2.3578147963642546e-13
339.9864029015367,-50.938397845368684,13.000000000000007,6.406352260373762,-5.130469073350268,-1.347322740779574e-13
339.97102382830144,-50.93592117733162,13.000000000000002,6.405349002729534,-5.13154741820135,-2.020984111169361e-13
339.9556463426797,-50.933442614185225,13.000000000000004,6.404345506903622,-5.132625284036006,-2.020984111169361e-13
339.9402704455706,-50.930962156306364,13.000000000000004,6.4033417731953834,-5.133702670641267,-1.347322740779574e-13
339.92489613787245,-50.92847980407209,13.000000000000004,6.402337801904188,-5.134779577804436,-2.020984111169361e-13
339.90952342048274,-50.92599555785968,13.000000000000004,6.4013335933294115,-5.135856005313078,-2.020984111169361e-13
339.8941522942981,-50.92350941804655,13.000000000000004,6.400329147770453,-5.136931952955027,-1.0104920555846805e-13
339.8787827602141,-50.92102138501037,13.000000000000004,6.3993244655267105,-5.138007420518397,-1.6841534259744677e-13
339.8634148191256,-50.91853145912896,13.000000000000007,6.3983195468975955,-5.139082407791555,-2.694645481559148e-13
339.8480484719265,-50.91603964078037,13.000000000000002,6.397314392182549,-5.140156914563156,-2.020984111169361e-13
339.83268371950993,-50.913545930342785,13.000000000000004,6.396309001680997,-5.141230940622103,-1.347322740779574e-13
339.817320562768,-50.911050328194634,13.000000000000004,6.395303375692393,-5.142304485757588,-1.0104920555846805e-13
339.8019590025919,-50.90855283471454,13.000000000000004,6.394297514516197,-5.143377549759066,-1.6841534259744677e-13
339.78659903987216,-50.906053450281256,13.000000000000004,6.393291418451881,-5.144450132416252,-2.694645481559148e-13
339.7712406754983,-50.9035521752738,13.000000000000004,6.392285087798931,-5.145522233519138,-1.0104920555846805e-13
339.7558839103588,-50.90104901007135,13.000000000000002,6.3912785228568305,-5.146593852857986,-3.368306851948935e-14
339.7405287453416,-50.89854395505325,13.0,6.390271723925088,-5.147664990223331,-1.6841534259744677e-13
339.7251751813335,-50.89603701059908,13.000000000000004,6.389264691303207,-5.148735645405957,-3.368306851948935e-14
339.7098232192205,-50.89352817708857,13.000000000000005,6.388257425290712,-5.149805818196941,-3.368306851948935e-14
339.69447285988764,-50.891017454901665,13.000000000000002,6.387249926187135,-5.150875508387623,-1.6841534259744677e-13
339.6791241042193,-50.8885048444185,13.000000000000002,6.386242194292013,-5.151944715769593,-6.73661370389787e-14
339.66377695309865,-50.88599034601939,13.000000000000004,6.385234229904891,-5.153013440134735,-6.73661370389787e-14
339.6484314074083,-50.883473960084835,13.000000000000002,6.384226033325327,-5.154081681275194,-1.347322740779574e-13
339.63308746802966,-50.88095568699553,13.000000000000004,6.383217604852886,-5.155149438983374,-2.3578147963642546e-13
339.6177451358436,-50.878435527132375,13.000000000000002,6.382208944787142,-5.156216713051953,-1.6841534259744677e-13
339.6024044117299,-50.87591348087644,13.000000000000002,6.381200053427665,-5.157283503273888,-2.020984111169361e-13
339.5870652965674,-50.87338954860897,13.000000000000004,6.380190931074055,-5.158349809442383,-1.0104920555846805e-13
339.5717277912342,-50.87086373071142,13.000000000000004,6.3791815780258965,-5.159415631350937,-1.0104920555846805e-13
339.55639189660747,-50.868336027565434,13.000000000000002,6.378171994582801,-5.160480968793298,-1.0104920555846805e-13
339.54105761356345,-50.86580643955285,13.0,6.3771621810443735,-5.161545821563487,-1.0104920555846805e-13
339.5257249429776,-50.863274967055645,13.000000000000004,6.37615213771022,-5.162610189455796,-2.020984111169361e-13
339.51039388572445,-50.86074161045605,13.000000000000004,6.375141864879976,-5.163674072264784,0.0
339.4950644426775,-50.85820637013643,13.000000000000002,6.374131362853262,-5.16473746978528,-6.73661370389787e-14
339.4797366147096,-50.85566924647938,13.000000000000002,6.37312063192971,-5.165800381812378,-1.0104920555846805e-13
339.4644104026926,-50.85313023986763,13.000000000000005,6.3721096724089605,-5.166862808141444,-1.347322740779574e-13
339.44908580749734,-50.85058935068416,13.000000000000002,6.3710984845906635,-5.167924748568112,-2.694645481559148e-13
339.4337628299942,-50.848046579312076,13.000000000000002,6.3700870687744615,-5.1689862028882745,-1.6841534259744677e-13
339.41844147105206,-50.8455019261347,13.000000000000002,6.369075425260014,-5.170047170898108,-2.020984111169361e-13
339.4031217315395,-50.84295539153554,13.000000000000004,6.36806355434698,-5.171107652394046,-2.3578147963642546e-13
339.38780361232386,-50.840406975898276,13.000000000000004,6.367051456335025,-5.172167647172792,-1.347322740779574e-13
339.3724871142716,-50.83785667960678,13.000000000000004,6.3660391315238085,-5.173227155031323,-2.3578147963642546e-13
339.35717223824855,-50.83530450304512,13.000000000000004,6.365026580213014,-5.174286175766875,-2.3578147963642546e-13
339.3418589851194,-50.83275044659752,13.000000000000002,6.364013802702317,-5.175344709176957,-1.347322740779574e-13
339.3265473557481,-50.83019451064842,13.000000000000002,6.363000799291389,-5.176402755059348,-1.6841534259744677e-13
339.3112373509976,-50.827636695582434,13.0,6.361987570279917,-5.177460313212094,-1.347322740779574e-13
339.29592897173006,-50.82507700178433,13.000000000000004,6.360974115967587,-5.178517383433499,-1.347322740779574e-13
339.2806222188068,-50.82251542963911,13.000000000000004,6.359960436654091,-5.179573965522147,0.0
339.26531709308796,-50.81995197953191,13.000000000000002,6.3589465326391155,-5.1806300592768935,-2.694645481559148e-13
339.2500135954332,-50.817386651848096,13.000000000000002,6.357932404222357,-5.18168566449684,-2.694645481559148e-13
339.2347117267011,-50.81481944697319,13.000000000000002,6.356918051703516,-5.182740780981369,-3.368306851948935e-14
339.21941148774926,-50.81225036529288,13.0,6.355903475382284,-5.1837954085301465,-2.694645481559148e-13
339.2041128794346,-50.80967940719309,13.000000000000004,6.3548886755583665,-5.184849546943068,-3.368306851948935e-14
339.188815902613,-50.80710657305985,13.000000000000002,6.353873652531461,-5.185903196020336,-1.347322740779574e-13
339.1735205581394,-50.804531863279436,13.000000000000002,6.352858406601269,-5.186956355562396,-6.73661370389787e-14
339.1582268468681,-50.80195527823829,13.000000000000002,6.351842938067499,-5.188009025369965,-1.0104920555846805e-13
339.1429347696523,-50.79937681832302,13.000000000000002,6.350827247229848,-5.189061205244034,-1.347322740779574e-13
339.12764432734446,-50.79679648392041,13.000000000000002,6.349811334388032,-5.190112894985857,-2.694645481559148e-13
339.112355520796,-50.794214275417474,13.000000000000004,6.34879519984175,-5.191164094396947,-6.73661370389787e-14
339.0970683508575,-50.79163019320134,13.000000000000002,6.347778843890707,-5.192214803279102,-3.368306851948935e-14
339.08178281837877,-50.78904423765936,13.000000000000002,6.3467622668346095,-5.1932650214343745,-1.0104920555846805e-13
339.06649892420853,-50.78645640917904,13.000000000000002,6.34574546897316,-5.194314748665086,-1.347322740779574e-13
339.05121666919484,-50.78386670814809,13.000000000000002,6.344728450606064,-5.1953639847738255,-2.3578147963642546e-13
339.0359360541848,-50.7812751349544,13.000000000000004,6.343711212033031,-5.196412729563447,-6.73661370389787e-14
339.0206570800244,-50.778681689985994,13.0,6.342693753553757,-5.1974609828370815,-2.694645481559148e-13
339.0053797475591,-50.776086373631145,13.000000000000004,6.341676075467944,-5.198508744398104,-1.347322740779574e-13
338.99010405763323,-50.77348918627824,13.000000000000004,6.340658178075294,-5.199556014050185,-1.6841534259744677e-13
338.97483001109026,-50.7708901283159,13.000000000000002,6.339640061675505,-5.2006027915972455,-2.3578147963642546e-13
338.9595576087729,-50.76828920013288,13.000000000000002,6.338621726568275,-5.20164907684347,-1.347322740779574e-13
338.94428685152286,-50.76568640211813,13.000000000000002,6.337603173053289,-5.202694869593316,-1.0104920555846805e-13
338.929017740181,-50.76308173466079,13.000000000000002,6.336584401430248,-5.203740169651509,-1.6841534259744677e-13
338.91375027558723,-50.760475198150154,13.000000000000004,6.335565411998838,-5.204784976823037,0.0
338.89848445858064,-50.757866792975705,13.000000000000002,6.334546205058743,-5.205829290913162,-2.3578147963642546e-13
338.8832202899995,-50.75525651952711,13.000000000000002,6.33352678090965,-5.2068731117273925,-1.347322740779574e-13
338.86795777068096,-50.752644378194205,13.000000000000002,6.332507139851233,-5.207916439071531,-2.694645481559148e-13
338.85269690146157,-50.75003036936702,13.000000000000004,6.331487282183175,-5.2089592727516205,-1.347322740779574e-13
338.8374376831768,-50.747414493435706,13.000000000000004,6.330467208205143,-5.210001612573993,-2.3578147963642546e-13
338.8221801166613,-50.74479675079067,13.000000000000004,6.329446918216807,-5.211043458345229,-2.020984111169361e-13
338.8069242027488,-50.74217714182244,13.000000000000002,6.328426412517834,-5.212084809872182,-6.73661370389787e-14
338.79166994227216,-50.73955566692173,13.000000000000004,6.327405691407878,-5.213125666961973,-3.368306851948935e-14
338.77641733606333,-50.736932326479426,13.000000000000004,6.326384755186596,-5.214166029421991,-1.6841534259744677e-13
338.7611663849534,-50.73430712088662,13.0,6.325363604153641,-5.215205897059882,-2.020984111169361e-13
338.7459170897726,-50.73168005053452,13.000000000000002,6.324342238608656,-5.21624526968356,-2.020984111169361e-13
338.73066945135025,-50.729051115814585,13.000000000000004,6.32332065885128,-5.217284147101212,-2.020984111169361e-13
338.71542347051474,-50.72642031711839,13.000000000000004,6.32229886518115,-5.218322529121289,-1.6841534259744677e-13
338.7001791480935,-50.72378765483771,13.000000000000002,6.321276857897888,-5.219360415552503,-1.6841534259744677e-13
338.68493648491335,-50.72115312936446,13.000000000000004,6.320254637301123,-5.220397806203831,-1.347322740779574e-13
338.66969548179986,-50.71851674109078,13.000000000000004,6.319232203690466,-5.221434700884526,-2.020984111169361e-13
338.6544561395781,-50.71587849040895,13.000000000000004,6.318209557365529,-5.222471099404089,-1.6841534259744677e-13
338.6392184590718,-50.713238377711434,13.000000000000002,6.317186698625914,-5.223507001572305,-2.020984111169361e-13
338.62398244110426,-50.71059640339087,13.000000000000004,6.316163627771217,-5.224542407199211,-1.6841534259744677e-13
338.60874808649754,-50.70795256784005,13.000000000000004,6.315140345101029,-5.225577316095112,-1.347322740779574e-13
338.593515396073,-50.70530687145197,13.0,6.314116850914929,-5.226611728070589,-1.347322740779574e-13
338.578284370651,-50.70265931461977,13.000000000000004,6.313093145512483,-5.227645642936473,-1.6841534259744677e-13
338.5630550110511,-50.7000098977368,13.000000000000002,6.312069229193272,-5.228679060503869,-6.73661370389787e-14
338.547827318092,-50.697358621196514,13.000000000000002,6.311045102256844,-5.2297119805841445,-2.020984111169361e-13
338.5326012925914,-50.69470548539262,13.000000000000002,6.310020765002752,-5.230744402988932,-1.347322740779574e-13
338.5173769353661,-50.69205049071893,13.000000000000004,6.3089962177305345,-5.231776327530129,-2.3578147963642546e-13
338.50215424723217,-50.689393637569445,13.000000000000002,6.307971460739732,-5.2328077540198965,-1.347322740779574e-13
338.48693322900465,-50.686734926338374,13.000000000000004,6.306946494329853,-5.233838682270666,-6.73661370389787e-14
338.47171388149764,-50.684074357420066,13.000000000000004,6.305921318800425,-5.234869112095133,-2.020984111169361e-13
338.4564962055246,-50.68141193120903,13.000000000000004,6.304895934450949,-5.2358990433062464,-2.020984111169361e-13
338.4412802018978,-50.67874764809994,13.000000000000004,6.303870341580915,-5.236928475717233,-2.3578147963642546e-13
338.42606587142893,-50.676081508487705,13.000000000000002,6.302844540489821,-5.2379574091415755,-1.0104920555846805e-13
338.41085321492847,-50.67341351276731,13.000000000000004,6.30181853147713,-5.238985843393028,-2.020984111169361e-13
338.3956422332062,-50.67074366133398,13.000000000000002,6.300792314842311,-5.240013778285608,-1.6841534259744677e-13
338.38043292707096,-50.66807195458308,13.000000000000002,6.299765890884822,-5.24104121363359,-1.6841534259744677e-13
338.36522529733077,-50.66539839291014,13.000000000000004,6.298739259904099,-5.242068149251521,-2.694645481559148e-13
338.35001934479266,-50.66272297671088,13.000000000000004,6.297712422199587,-5.243094584954209,-2.3578147963642546e-13
338.33481507026283,-50.66004570638116,13.0,6.296685378070703,-5.244120520556726,-2.694645481559148e-13
338.31961247454655,-50.65736658231704,13.000000000000002,6.2956581278168535,-5.245145955874408,-1.6841534259744677e-13
338.30441155844824,-50.654685604914725,13.000000000000002,6.294630671737439,-5.24617089072286,-1.6841534259744677e-13
338.2892123227714,-50.65200277457059,13.000000000000004,6.293603010131847,-5.247195324917943,-1.6841534259744677e-13
338.2740147683187,-50.64931809168118,13.000000000000004,6.292575143299455,-5.2482192582757845,-1.6841534259744677e-13
