galstreams/tracks/track.st.M68-Fjorm.ibata2021.ecsv
# %ECSV 0.9
# ---
# datatype:
# - {name: ra, unit: deg, datatype: float64}
# - {name: dec, unit: deg, datatype: float64}
# - {name: distance, unit: kpc, datatype: float64}
# - {name: pm_ra_cosdec, unit: mas / yr, datatype: float64}
# - {name: pm_dec, unit: mas / yr, datatype: float64}
# - {name: radial_velocity, unit: km / s, datatype: float64}
# delimiter: ','
# meta: !!omap
# - __serialized_columns__:
#     dec:
#       __class__: astropy.coordinates.angles.Latitude
#       unit: &id001 !astropy.units.Unit {unit: deg}
#       value: !astropy.table.SerializedColumn {name: dec}
#     distance:
#       __class__: astropy.coordinates.distances.Distance
#       unit: !astropy.units.Unit {unit: kpc}
#       value: !astropy.table.SerializedColumn {name: distance}
#     pm_dec:
#       __class__: astropy.units.quantity.Quantity
#       unit: !astropy.units.Unit {unit: mas / yr}
#       value: !astropy.table.SerializedColumn {name: pm_dec}
#     pm_ra_cosdec:
#       __class__: astropy.units.quantity.Quantity
#       unit: !astropy.units.Unit {unit: mas / yr}
#       value: !astropy.table.SerializedColumn {name: pm_ra_cosdec}
#     ra:
#       __class__: astropy.coordinates.angles.Longitude
#       unit: *id001
#       value: !astropy.table.SerializedColumn {name: ra}
#       wrap_angle: !astropy.coordinates.Angle
#         unit: *id001
#         value: 360.0
#     radial_velocity:
#       __class__: astropy.units.quantity.Quantity
#       unit: !astropy.units.Unit {unit: km / s}
#       value: !astropy.table.SerializedColumn {name: radial_velocity}
# schema: astropy-2.0
ra,dec,distance,pm_ra_cosdec,pm_dec,radial_velocity
[from data line 6073]
198.3116238725542,15.102162980121873,6.135888153953303,-2.098074314087724,4.426254025531581,-58.236873869163034
198.3144612409299,15.11208643185502,6.135633846719649,-2.0976310098302626,4.426788973594915,-58.24693286686296
198.31729909582256,15.12200978550703,6.1353791561329825,-2.097187617957914,4.427323779935903,-58.25699176514915
198.3201374385431,15.13193304073616,6.1351240806597245,-2.0967441382517693,4.427858443893417,-58.26705056349866
198.3229762701333,15.141856197277104,6.134868619243478,-2.096300570534712,4.428392964991745,-58.27710926151062
198.32581558899486,15.151779255614152,6.134612775437212,-2.0958569150437385,4.428927344556362,-58.28716785998372
198.32865539537937,15.16170221570646,6.134356549559322,-2.0954131717260003,4.429461582649602,-58.29722635887618
198.33149568953849,15.17162507751309,6.134099941928276,-2.09496934052863,4.429995679333835,-58.30728475814682
198.33433647172407,15.181547840993069,6.13384295286264,-2.094525421398722,4.430529634671441,-58.31734305775398
198.3371777421882,15.191470506105368,6.133585582681053,-2.0940814142833526,4.431063448724829,-58.32740125765614
198.34001950118304,15.201393072808951,6.133327831702237,-2.093637319129556,4.431597121556447,-58.33745935781163
198.34286174896098,15.211315541062717,6.133069700244999,-2.0931931358843396,4.432130653228757,-58.34751735817887
198.34570448577463,15.221237910825524,6.132811188628226,-2.0927488644946872,4.432664043804246,-58.3575752587161
198.3485477118767,15.23116018205626,6.132552297170881,-2.092304504907539,4.433197293345444,-58.367633059381845
198.35139142752004,15.2410823547136,6.132293026192021,-2.0918600570698205,4.433730401914887,-58.37769076013411
198.3542356329577,15.25100442875635,6.1320333760107735,-2.0914155209284147,4.434263369575144,-58.38774836093112
198.35708032844303,15.260926404143213,6.131773346946358,-2.0909708964301847,4.434796196388812,-58.397805861731214
198.3599255142294,15.27084828083285,6.131512939318067,-2.090526183521957,4.435328882418509,-58.40786326249229
198.36277119057036,15.28077005878391,6.13125215344528,-2.0900813821505313,4.435861427726882,-58.41792056317248
198.3656173577197,15.290691737954969,6.130990989647451,-2.089636492262674,4.436393832376606,-58.42797776372996
198.36846401593132,15.300613318304585,6.130729448244121,-2.0891915138051234,4.436926096430375,-58.438034864122606
198.37131116545942,15.310534799791318,6.130467529554911,-2.088746446724588,4.437458219950913,-58.44809186430839
198.3741588065582,15.320456182373531,6.130205233899522,-2.0883012909677476,4.4379902030009655,-58.458148764245315
198.37700693948207,15.330377466009713,6.129942561597738,-2.0878560464812472,4.43852204564331,-58.46820556389115
198.37985556448575,15.340298650658264,6.1296795129694175,-2.0874107132117103,4.4390537479407435,-58.47826226320375
198.38270468182395,15.350219736277513,6.129416088334507,-2.08696529110572,4.4395853099560885,-58.48831886214111
198.38555429175173,15.360140722825784,6.129152288013031,-2.0865197801098376,4.440116731752191,-58.49837536066072
198.38840439452414,15.370061610261377,6.128888112325092,-2.0860741801705913,4.440648013391931,-58.508431758720434
198.39125499039656,15.379982398542491,6.128623561590878,-2.0856284912344787,4.4411791549381965,-58.518488056277896
198.39410607962446,15.389903087627339,6.128358636130651,-2.085182713247966,4.441710156453922,-58.528544253290875
198.39695766246348,15.399823677474062,6.12809333626476,-2.084736846157497,4.442241018002046,-58.538600349716845
198.39980973916948,15.409744168040849,6.127827662313623,-2.084290889909475,4.442771739645548,-58.54865634551334
198.40266230999845,15.419664559285648,6.127561614597753,-2.083844844450284,4.443302321447418,-58.55871224063793
198.40551537520656,15.429584851166565,6.127295193437733,-2.0833987097262696,4.443832763470682,-58.56876803504804
198.40836893505022,15.439505043641592,6.127028399154223,-2.082952485683748,4.4443630657783855,-58.57882372870132
198.41122298978587,15.44942513666868,6.12676123206797,-2.0825061722690132,4.4448932284336005,-58.588879321554984
198.41407753967027,15.45934513020575,6.1264936924998015,-2.0820597694283234,4.445423251499417,-58.5989348135663
198.41693258496028,15.46926502421067,6.126225780770619,-2.0816132771079032,4.445953135038957,-58.60899020469284
198.41978812591293,15.479184818641356,6.125957497201399,-2.081166695253956,4.446482879115366,-58.61904549489172
198.4226441627855,15.489104513455482,6.125688842113208,-2.08072002381265,4.447012483791805,-58.62910068412023
198.42550069583527,15.499024108610852,6.125419815827188,-2.0802732627301266,4.447541949131468,-58.63915577233559
198.42835772531993,15.508943604065205,6.125150418664553,-2.079826411952491,4.448071275197574,-58.64921075949485
198.43121525149715,15.518862999776204,6.124880650946607,-2.0793794714258245,4.448600462053356,-58.65926564555521
198.43407327462486,15.528782295701493,6.124610512994722,-2.078932441096178,4.449129509762082,-58.66932043047383
198.43693179496117,15.538701491798674,6.1243400051303585,-2.07848532090957,4.449658418387035,-58.67937511420763
198.43979081276433,15.548620588025305,6.124069127675048,-2.0780381108119923,4.450187187991529,-58.68942969671367
198.44265032829276,15.55853958433891,6.1237978809504074,-2.0775908107494043,4.450715818638893,-58.699484177948776
198.4455103418051,15.568458480696954,6.123526265278123,-2.0771434206677357,4.451244310392484,-58.70953855787008
198.4483708535601,15.57837727705695,6.123254280979965,-2.0766959405128866,4.45177266331569,-58.71959283643428
198.4512318638168,15.58829597337618,6.12298192837778,-2.0762483702307306,4.45230087747191,-58.72964701359821
198.45409337283422,15.598214569612063,6.122709207793493,-2.0758007097671056,4.452828952924576,-58.73970108931887
198.45695538087173,15.608133065721912,6.122436119549112,-2.07535295906782,4.453356889737134,-58.74975506355291
198.45981788818884,15.618051461663025,6.122162663966712,-2.0749051180786635,4.453884687973061,-58.759808936256874
198.46268089504514,15.627969757392622,6.121888841368458,-2.074457186745381,4.4544123476958495,-58.76986270738764
198.46554440170053,15.637887952867912,6.12161465207658,-2.0740091650136954,4.454939868969028,-58.77991637690188
198.46840840841497,15.647806048046064,6.121340096413399,-2.073561052829299,4.4554672518561285,-58.789969944755946
198.47127291544865,15.657724042884247,6.121065174701304,-2.0731128501378517,4.455994496420723,-58.80002341090661
198.47413792306196,15.66764193733943,6.120789887262757,-2.0726645568849884,4.456521602726408,-58.81007677531031
198.47700343151539,15.677559731368714,6.120514234420308,-2.072216173016312,4.4570485708367835,-58.820130037923455
198.4798694410696,15.687477424929105,6.12023821649658,-2.0717676984773923,4.457575400815491,-58.830183198702656
198.4827359519856,15.697395017977549,6.119961833814277,-2.0713191332137755,4.458102092726181,-58.84023625760417
198.48560296452436,15.707312510470983,6.119685086696167,-2.0708704771709736,4.45862864663254,-58.85028921458426
198.48847047894714,15.717229902366284,6.119407975465109,-2.0704217302944667,4.459155062598267,-58.86034206959939
198.4913384955153,15.727147193620285,6.119130500444034,-2.069972892529713,4.4596813406870845,-58.87039482260585
198.49420701449046,15.737064384189798,6.118852661955946,-2.0695239638221348,4.460207480962738,-58.88044747355987
198.49707603613436,15.746981474031587,6.118574460323924,-2.0690749441171237,4.4607334834890064,-58.890500022417505
198.499945560709,15.756898463102408,6.118295895871135,-2.0686258333600467,4.461259348329672,-58.90055246913495
198.50281558847635,15.766815351358852,6.118016968920809,-2.068176631496238,4.4617850755485495,-58.91060481366833
198.50568611969882,15.776732138757623,6.117737679796256,-2.067727338471003,4.462310665209476,-58.920657055973805
198.50855715463882,15.786648825255291,6.117458028820871,-2.0672779542296174,4.462836117376305,-58.930709196007285
198.51142869355894,15.796565410808437,6.117178016318109,-2.0668284787173254,4.4633614321129205,-58.940761233724764
198.51430073672205,15.806481895373581,6.116897642611518,-2.066378911879345,4.463886609483217,-58.95081316908229
198.5171732843911,15.816398278907212,6.116616908024704,-2.065929253660859,4.464411649551128,-58.96086500203553
198.52004633682932,15.826314561365805,6.116335812881362,-2.0654795040070226,4.4649365523805935,-58.97091673254071
198.52291989429995,15.836230742705666,6.116054357505258,-2.065029662862975,4.4654613180355724,-58.980968360553355
198.52579395706655,15.846146822883199,6.115772542220237,-2.0645797301737976,4.46598594658006,-58.99101988602919
198.528668525687,15.856062801771177,6.115490366873018,-2.064129705836327,4.46651043788628,-59.00107130878804
198.5315436027809,15.865978678656802,6.115207827972226,-2.0636795894090505,4.4670347904839955,-59.01112262769335
198.53441918596334,15.875894454248657,6.114924930142961,-2.063229381271035,4.467559006165164,-59.02117384392808
198.53729527549848,15.88581012850297,6.114641673709363,-2.0627790813672546,4.4680830849938715,-59.031224957447684
198.5401718716508,15.895725701375866,6.1143580589956645,-2.0623286896426603,4.468607027034199,-59.041275968207586
198.5430489746848,15.905641172823488,6.11407408632614,-2.061878206042171,4.469130832350275,-59.05132687616371
198.5459265848653,15.915556542801896,6.113789756025182,-2.061427630510676,4.4696545010062225,-59.06137768127124
198.54880470245718,15.925471811267183,6.113505068417215,-2.060976962993035,4.470178033066212,-59.07142838348569
198.55168332772553,15.935386978175245,6.113220023826765,-2.060526203434071,4.470701428594423,-59.081478982762675
198.5545624609356,15.945302043482108,6.112934622578425,-2.0600753517785897,4.471224687655049,-59.09152947905719
198.5574421023529,15.955217007143665,6.112648864996857,-2.05962440797136,4.471747810312318,-59.10157987232492
198.56032225224305,15.965131869115805,6.112362751406803,-2.059173371957123,4.472270796630472,-59.11163016252108
198.5632029108719,15.975046629354349,6.112076282133083,-2.0587222436805903,4.4727936466737654,-59.12168034960085
198.56608407850533,15.98496128781511,6.111789457500578,-2.0582710230864434,4.473316360506491,-59.13173043351938
198.56896575540958,15.994875844453835,6.111502277834254,-2.0578197101193325,4.473838938192946,-59.14178041423196
198.57184794185096,16.00479029922629,6.111214743459149,-2.0573683047238815,4.474361379797456,-59.15183029169375
198.57473063809599,16.01470465208806,6.11092685470037,-2.056916806844682,4.474883685384365,-59.161880065859606
198.57761384441133,16.02461890299482,6.110638611883099,-2.0564652164262984,4.47540585501804,-59.17192973668479
198.5804975610639,16.034533051902162,6.110350015332591,-2.056013533413263,4.4759278887628655,-59.181979304124255
198.58338178832074,16.044447098765634,6.110061065374179,-2.055561757750079,4.476449786683246,-59.19202876813306
198.58626652644904,16.05436104354076,6.109771762333264,-2.055109889381224,4.476971548843604,-59.202078128665896
198.5891517757162,16.06427488618301,6.109482106535324,-2.0546579282511415,4.477493175308389,-59.21212738567779
198.59203753638985,16.074188626647818,6.1091920983059085,-2.0542058743042446,4.478014666142061,-59.222176539123616
198.59492380873772,16.084102264890568,6.108901737970634,-2.0537537274849234,4.4785360214091074,-59.23222558895816
198.59781059302776,16.094015800866664,6.1086110258551995,-2.053301487737529,4.479057241174033,-59.24227453513615
198.600697889528,16.10392923453133,6.108319962285369,-2.052849155006391,4.479578325501362,-59.252323377612306
198.60358569850678,16.11384256583986,6.108028547586983,-2.052396729235808,4.480099274455638,-59.26237211634125
198.60647402023258,16.1237557947475,6.107736782085955,-2.0519442103700465,4.480620088101426,-59.27242075127766
198.60936285497405,16.133668921209438,6.107444666108269,-2.0514915983533424,4.481140766503305,-59.28246928237624
198.612252203,16.14358194518082,6.107152199979979,-2.051038893129906,4.481661309725882,-59.292517709591365
198.61514206457943,16.153494866616757,6.106859384027215,-2.050586094643918,4.482181717833775,-59.30256603287767
198.61803243998148,16.163407685472308,6.106566218576177,-2.050133202839525,4.482701990891629,-59.31261425218964
198.6209233294756,16.17332040170256,6.10627270395314,-2.0496802176608497,4.483222128964097,-59.32266236748161
198.62381473333122,16.183233015262395,6.105978840484446,-2.0492271390519816,4.483742132115866,-59.33271037870802
198.62670665181807,16.1931455261068,6.105684628496508,-2.048773966956984,4.484262000411633,-59.34275828582319
198.6295990852061,16.20305793419069,6.105390068315821,-2.048320701319883,4.484781733916109,-59.35280608878146
198.63249203376535,16.212970239468923,6.105095160268937,-2.0478673420846873,4.485301332694039,-59.36285378753713
198.63538549776604,16.222882441896328,6.104799904682489,-2.047413889195367,4.485820796810174,-59.37290138204435
198.63827947747862,16.232794541427676,6.1045043018831775,-2.046960342595867,4.4863401263292895,-59.38294887225728
198.6411739731737,16.242706538017725,6.1042083521977775,-2.0465067022300962,4.486859321316178,-59.39299625813021
198.64406898512203,16.252618431621165,6.103912055953134,-2.046052968041943,4.487378381835643,-59.403043539617094
198.64696451359464,16.26253022219266,6.103615413476159,-2.0455991399752613,4.487897307952525,-59.41309071667204
198.6498605588626,16.272441909686886,6.103318425093836,-2.045145217973876,4.488416099731668,-59.42313778924917
198.65275712119728,16.2823534940583,6.103021091133226,-2.0446912019815873,4.4889347572379386,-59.43318475730228
198.65565420087012,16.292264975261503,6.1027234119214535,-2.044237091942156,4.489453280536223,-59.443231620785426
198.65855179815279,16.30217635325101,6.102425387785714,-2.0437828877993205,4.4899716696914265,-59.453278379652446
198.6614499133172,16.312087627981246,6.102127019053279,-2.043328589496792,4.490489924768466,-59.463325033857224
198.66434854663538,16.32199879940665,6.101828306051482,-2.0428741969782487,4.491008045832283,-59.473371583353625
198.66724769837958,16.33190986748159,6.101529249107738,-2.0424197101873327,4.491526032947836,-59.483418028095286
198.6701473688221,16.341820832160447,6.101229848549524,-2.041965129067674,4.4920438861801,-59.493464368036065
198.67304755823557,16.35173169339741,6.100930104704385,-2.041510453562854,4.492561605594067,-59.50351060312957
198.67594826689268,16.361642451146796,6.100630017899939,-2.04105568361644,4.493079191254756,-59.513556733329416
198.67884949506646,16.371553105362793,6.100329588463879,-2.0406008191719565,4.493596643227187,-59.523602758589384
198.68175124302994,16.3814636559996,6.10002881672396,-2.0401458601729106,4.494113961576411,-59.53364867886286
198.68465351105644,16.391374103011316,6.099727703008009,-2.039690806562776,4.494631146367491,-59.54369449410335
198.68755629941947,16.401284446352054,6.099426247643923,-2.0392356582849915,4.495148197665515,-59.553740204264415
198.69045960839256,16.411194685975854,6.099124450959666,-2.0387804152829716,4.495665115535578,-59.56378580929961
198.69336343824966,16.421104821836725,6.098822313283284,-2.038325077500106,4.496181900042792,-59.57383130916214
198.69626778926474,16.431014853888616,6.098519834942867,-2.037869644879745,4.496698551252302,-59.583876703805416
198.699172661712,16.440924782085524,6.098217016266598,-2.037414117365215,4.497215069229254,-59.593921993182775
198.7020780558658,16.45083460638122,6.097913857582716,-2.0369584948998134,4.49773145403882,-59.60396717724755
198.70498397200066,16.460744326729596,6.0976103592195345,-2.0365027774268065,4.498247705746182,-59.61401225595285
198.70789041039134,16.470653943084464,6.097306521505433,-2.036046964889434,4.498763824416545,-59.62405722925183
198.7107973713127,16.480563455399565,6.097002344768865,-2.0355910572309,4.499279810115126,-59.63410209709788
198.71370485503994,16.490472863628643,6.0966978293383365,-2.0351350543943916,4.49979566290717,-59.64414685944383
