galstreams/tracks/track.st.Svol.ibata2020.ecsv
# %ECSV 0.9
# ---
# datatype:
# - {name: ra, unit: deg, datatype: float64}
# - {name: dec, unit: deg, datatype: float64}
# - {name: distance, unit: kpc, datatype: float64}
# - {name: pm_ra_cosdec, unit: mas / yr, datatype: float64}
# - {name: pm_dec, unit: mas / yr, datatype: float64}
# - {name: radial_velocity, unit: km / s, datatype: float64}
# delimiter: ','
# meta: !!omap
# - __serialized_columns__:
#     dec:
#       __class__: astropy.coordinates.angles.Latitude
#       unit: &id001 !astropy.units.Unit {unit: deg}
#       value: !astropy.table.SerializedColumn {name: dec}
#     distance:
#       __class__: astropy.coordinates.distances.Distance
#       unit: !astropy.units.Unit {unit: kpc}
#       value: !astropy.table.SerializedColumn {name: distance}
#     pm_dec:
#       __class__: astropy.units.quantity.Quantity
#       unit: !astropy.units.Unit {unit: mas / yr}
#       value: !astropy.table.SerializedColumn {name: pm_dec}
#     pm_ra_cosdec:
#       __class__: astropy.units.quantity.Quantity
#       unit: !astropy.units.Unit {unit: mas / yr}
#       value: !astropy.table.SerializedColumn {name: pm_ra_cosdec}
#     ra:
#       __class__: astropy.coordinates.angles.Longitude
#       unit: *id001
#       value: !astropy.table.SerializedColumn {name: ra}
#       wrap_angle: !astropy.coordinates.Angle
#         unit: *id001
#         value: 360.0
#     radial_velocity:
#       __class__: astropy.units.quantity.Quantity
#       unit: !astropy.units.Unit {unit: km / s}
#       value: !astropy.table.SerializedColumn {name: radial_velocity}
# schema: astropy-2.0
ra,dec,distance,pm_ra_cosdec,pm_dec,radial_velocity
220.60684478720336,27.75396342677253,8.91318574557419,1.1676458043583546,-4.354282571595498,1.6841534259744676e-14
220.81029052368106,27.79997314955826,8.889273364916766,1.1673803137753893,-4.348056402206259,1.6841534259744676e-14
221.01373174408647,27.844439549272167,8.865476532977569,1.1676285801310042,-4.34230218871793,3.368306851948935e-14
221.21716127459058,27.88737404202095,8.841795117525262,1.1683842887663465,-4.337018243486,1.6841534259744676e-14
221.42057202795925,27.928788062615627,8.818228986328505,1.1696411451601296,-4.33220283712687,8.420767129872338e-15
221.62395700490376,27.968693064138566,8.794778007155966,1.1713928753310494,-4.327854198350283,2.5262301389617013e-14
221.82730929539656,28.00710051750638,8.771442047776311,1.1736332262356675,-4.323970513806346,2.5262301389617013e-14
222.0306220799549,28.04402191102875,8.748220975958205,1.1763559661612912,-4.320549927947235,0.0
222.23388863088888,28.07946874996356,8.72511465947031,1.1795548851136597,-4.317590542903565,1.6841534259744676e-14
222.43710231351528,28.113452556068484,8.702122966081296,1.1832237951990092,-4.31509041837548,8.420767129872338e-15
222.64025658733536,28.145984867149366,8.679245763559825,1.187356531000323,-4.313047571538431,8.420767129872338e-15
222.8433450071767,28.177077236605488,8.65648291967456,1.1919469499474094,-4.311459976963629,0.0
223.04636122429875,28.206741232972092,8.63383430219417,1.196988932680557,-4.31032556655311,8.420767129872338e-15
223.2492989874606,28.234988439460427,8.611299778887322,1.2024763834075416,-4.309642229489391,8.420767129872338e-15
223.45215214395233,28.261830453495314,8.588879217522674,1.2084032302536667,-4.309407812199594,2.5262301389617013e-14
223.65491464058746,28.287278886250864,8.566572485868898,1.2147634256046755,-4.309620118333959,8.420767129872338e-15
223.85758052465835,28.31134536218419,8.544379451694653,1.221550946442251,-4.310276908758673,8.420767129872338e-15
224.06014394485217,28.334041518567613,8.522299982768606,1.228759794671954,-4.3113759015628155,-8.420767129872338e-15
224.2625991521295,28.355379005019486,8.500333946859424,1.2363839974433268,-4.312914772079374,8.420767129872338e-15
224.46494050056262,28.37536948303398,8.478481211735772,1.2444176074620654,-4.3148911529200875,1.6841534259744676e-14
224.66716244813648,28.39402462550983,8.456741645166312,1.2528547032940027,-4.317302634024009,0.0
224.86925955750925,28.41135611627857,8.435115114919714,1.2616893896608226,-4.320146762719581,2.5262301389617013e-14
225.07122649673445,28.427375649632335,8.41360148876464,1.2709157977272936,-4.323421043800048,-2.5262301389617013e-14
225.27305803994417,28.442094929851294,8.39220063446975,1.2805280853799137,-4.327122939611986,-8.420767129872338e-15
225.47474906799215,28.455525670731376,8.370912419803721,1.290520437496882,-4.3312498701567135,-1.6841534259744676e-14
225.6762945690591,28.46767959511198,8.349736712535208,1.3008870662092016,-4.335799213204441,0.0
225.87768963921775,28.478568434404384,8.32867338043288,1.31162221115293,-4.340768304420799,-8.420767129872338e-15
226.07892948296015,28.488203928120594,8.307722291265398,1.3227201397123738,-4.346154437505597,-3.368306851948935e-14
226.2800094136853,28.49659782340327,8.286883312801436,1.3341751472542571,-4.351954864343505,-2.5262301389617013e-14
226.48092485414895,28.503761874556652,8.266156312809652,1.3459815573527487,-4.358166795166433,0.0
226.68167133687464,28.509707842578802,8.245541159058712,1.3581337220053165,-4.364787398727279,-2.5262301389617013e-14
226.88224450452697,28.514447494695336,8.225037719317283,1.3706260218393624,-4.371813802484822,8.420767129872338e-15
227.08264011024707,28.517992603894836,8.204645861354026,1.3834528663096308,-4.379243092799444,-3.368306851948935e-14
227.28285401795023,28.520354948466153,8.184365452937612,1.396608693886374,-4.3870723151393936,-4.210383564936169e-14
227.48288220258735,28.521546311537747,8.164196361836701,1.4100879722342423,-4.395298474297292,-2.5262301389617013e-14
227.68272075036845,28.521578480619375,8.14413845581996,1.4238851983819623,-4.403918534616588,-3.368306851948935e-14
227.88236585895098,28.520463247145994,8.124191602656055,1.4379948988827596,-4.412929420227631,-8.420767129872338e-15
228.0818138375914,28.518212406024478,8.104355670113648,1.4524116299656282,-4.422328015293064,8.420767129872338e-15
228.28106110726202,28.514837755182942,8.084630525961405,1.467129977677388,-4.43211116426224,-1.6841534259744676e-14
228.48010420073214,28.510351095123074,8.065016037967997,1.4821445580156984,-4.442275672134292,-1.6841534259744676e-14
228.6789397626156,28.504764228475462,8.045512073902081,1.4974500170529754,-4.452818304729589,-3.368306851948935e-14
228.8775645493835,28.498088959558263,8.026118501532325,1.513041031051361,-4.463735788969219,-1.6841534259744676e-14
229.07597542934394,28.490337093939143,8.006835188627395,1.5289123065687769,-4.475024813162182,-8.420767129872338e-15
229.2741693825895,28.481520438000743,7.987662002955956,1.5450585805561525,-4.486682027299986,-5.894536990910637e-14
229.4721435009112,28.471650798509906,7.968598812286671,1.5614746204459546,-4.498704043358282,2.5262301389617013e-14
229.66989498768177,28.460739982190532,7.949645484388207,1.5781552242320747,-4.511087435605237,-5.0524602779234026e-14
229.86742115770784,28.448799795300502,7.93080188702923,1.5950952205412054,-4.523828740916333,-3.368306851948935e-14
230.06471943705122,28.435842043212435,7.912067887978403,1.612289468695829,-4.53692445909521,-2.5262301389617013e-14
230.26178736282063,28.42187852999887,7.893443355004391,1.6297328587689301,-4.550371053200289,-8.420767129872338e-15
230.45862258293477,28.40692105802134,7.874928155875859,1.6474203116305575,-4.564164949876815,8.420767129872338e-15
230.655222855856,28.390981427524178,7.856522158361473,1.6653467789864034,-4.578302539694002,-4.210383564936169e-14
230.85158605029736,28.37407143623252,7.838225230229898,1.683507243408484,-4.592780177486979,-1.6841534259744676e-14
231.04771014490157,28.35620287895493,7.820037239249799,1.7018967183581335,-4.607594182703199,-3.368306851948935e-14
231.24359322789422,28.337387547190758,7.801958053189841,1.7205102482014296,-4.622740839752998,-2.5262301389617013e-14
231.4392334967113,28.317637228742058,7.783987539818689,1.739342908217198,-4.638216398364014,-2.5262301389617013e-14
231.63462925760106,28.296963707330505,7.766125566905008,1.7583898045978075,-4.654017073939118,-3.368306851948935e-14
231.82977892520296,28.27537876221894,7.7483720022174625,1.7776460744428568,-4.670139047917612,8.420767129872338e-15
232.02468102210142,28.252894167838175,7.730726713524719,1.7971068857459922,-4.686578468139326,0.0
232.2193341783586,28.229521693418462,7.713189568595443,1.8167674373749605,-4.703331449211377,-3.368306851948935e-14
232.41373713102354,28.205273102626332,7.695760435198295,1.8366229590451575,-4.7203940728772675,-2.5262301389617013e-14
232.6078887236207,28.180160153206366,7.678439181101945,1.856668711286771,-4.737762388388026,-6.73661370389787e-14
232.80178790561857,28.154194596628166,7.661225674075056,1.876899985405743,-4.755432412875167,-5.0524602779234026e-14
232.99543373187666,28.127388177738634,7.644119781886295,1.8973121034387728,-4.773400131725109,1.6841534259744676e-14
233.18882536207528,28.099752634419367,7.627121372304324,1.917900418102454,-4.791661498954862,-4.210383564936169e-14
233.38196206012563,28.07129969724946,7.6102303130978095,1.9386603127368358,-4.81021243758866,1.6841534259744676e-14
233.57484319356297,28.042041089173534,7.593446472035419,1.959587201243525,-4.829048840035314,0.0
233.7674682329223,28.0119885251752,7.576769716885812,1.9806765280185892,-4.848166568466025,-5.894536990910637e-14
233.9598367510987,27.981153711955745,7.560199915417658,2.0019237678803643,-4.867561455192386,-5.0524602779234026e-14
234.15194842269088,27.94954834761843,7.543736935399621,2.0233244259924716,-4.8872293030443785,-8.420767129872338e-15
234.3438030233312,27.91718412135796,7.527380644600366,2.0448740377821477,-4.907165885748081,-5.0524602779234026e-14
234.53540042900136,27.884072713155426,7.511130910788557,2.0665681688541055,-4.9273669483029074,-8.420767129872338e-15
234.72674061533385,27.85022579347882,7.494987601732859,2.088402414900174,-4.947828207358095,-4.210383564936169e-14
234.9178236569025,27.81565502298867,7.4789505852019404,2.1103724016048053,-4.968545351588299,8.420767129872338e-15
235.108649726499,27.780372052249422,7.463019728964464,2.132473784546772,-4.98951404206802,-3.368306851948935e-14
235.2992190944001,27.744388521445885,7.447194900789093,2.1547022490971086,-5.010729912644713,-8.420767129872338e-15
235.4895321276227,27.707716060105447,7.431475968444494,2.1770535103136166,-5.032188570310335,-2.5262301389617013e-14
235.6795892891703,27.670366286825306,7.415862799699333,2.1995233128320235,-5.05388559557119,1.6841534259744676e-14
235.86939113726876,27.632350809005413,7.400355262322274,2.2221074307540527,-5.075816542815855,-4.210383564936169e-14
236.0589383245953,27.593681222586493,7.3849532240819835,2.244801667532523,-5.09797694068105,-5.894536990910637e-14
236.2482315974975,27.55436911179361,7.3696565527471245,2.2676018558537514,-5.120362292415213,-1.6841534259744676e-14
236.4372717952064,27.514426048884946,7.354465116086363,2.29050385751735,-5.142968076239717,-4.210383564936169e-14
236.6260598490428,27.473863593905808,7.339378781868363,2.313503563313643,-5.165789745707498,0.0
236.81459678161625,27.432693294448086,7.324397417861791,2.336596892898899,-5.188822730058962,-3.368306851948935e-14
237.00288370602024,27.390926685414655,7.309520891835313,2.359779794668481,-5.212062434575072,0.0
237.19092182502087,27.348575288789302,7.294749071557592,2.383048245628194,-5.235504240927429,-8.420767129872338e-15
237.37871243024253,27.305650613411444,7.280081824797293,2.406398251263869,-5.2591435075252315,-8.420767129872338e-15
237.56625690134857,27.262164154756313,7.265519019323081,2.4298258454094865,-5.282975569859025,-8.420767129872338e-15
237.7535567052198,27.218127394719904,7.251060522903623,2.4533270901138624,-5.3069957408410815,-1.6841534259744676e-14
237.94061339512933,27.173551801409225,7.236706203307584,2.4768980755061842,-5.331199311142341,-2.5262301389617013e-14
238.12742860991625,27.128448828937305,7.222455928303629,2.500534919660444,-5.355581549525787,-5.894536990910637e-14
238.31400407315655,27.082829917223314,7.208309565660419,2.52423376845901,-5.380137703176161,1.6841534259744676e-14
238.5003415923336,27.036706491797524,7.194266983146622,2.5479907954554144,-5.404862998025949,3.368306851948935e-14
238.686443058008,26.99008996361101,7.180328048530905,2.571802201736523,-5.429752639077542,0.0
238.8723104429865,26.942991728850355,7.1664926295819305,2.5956642157842675,-5.45480181072149,-7.578690416885104e-14
239.05794580149234,26.895423168756874,7.152760594068364,2.619573093337002,-5.480005677050788,-5.894536990910637e-14
239.24335126833472,26.847395649450753,7.139131809758872,2.6435251172506957,-5.505359382171121,3.368306851948935e-14
239.42852905808098,26.798920521759563,7.125606144422116,2.667516597360009,-5.530858050507016,5.0524602779234026e-14
239.61348146422918,26.750009121051637,7.1121834658267655,2.691543870339448,-5.55649678710385,-6.73661370389787e-14
239.7982108583837,26.7006727670737,7.098863641741483,2.715603299564652,-5.582270677925651,0.0
239.98271968943172,26.650922763793186,7.085646539934933,2.7396912749740245,-5.608174790148668,1.6841534259744676e-14
240.16701048272384,26.60077039924484,7.0725320281757815,2.763804212930685,-5.634204172450652,8.420767129872338e-15
240.35108583925734,26.550226945381674,7.059519974232695,2.7879385560849634,-5.660353855295854,-2.5262301389617013e-14
240.5349484348625,26.49930365793027,7.046610245874337,2.812090773237489,-5.686618851215641,-1.6841534259744676e-14
240.71860101939316,26.448011776250297,7.033802710869372,2.8362573592029836,-5.712994155084814,-1.6841534259744676e-14
240.90204641592126,26.396362523198125,7.021097236986466,2.860434834674834,-5.739474744393485,5.0524602779234026e-14
241.08528751993575,26.344367104994696,7.0084936919942855,2.8846197460905696,-5.766055579514628,-6.73661370389787e-14
241.2683272985467,26.29203671109729,6.995991943661491,2.9088086654982757,-5.792731603967194,-1.6841534259744676e-14
241.4511687896935,26.2393825140754,6.983591859756754,2.932998190424101,-5.819497744674832,-6.73661370389787e-14
241.63381510135952,26.18641566949046,6.971293308048732,2.9571849437408497,-5.846348912220241,-1.6841534259744676e-14
241.81626941079128,26.133147315779485,6.959096156306096,2.9813655735378037,-5.873280001095065,-5.0524602779234026e-14
241.99853496372452,26.079588574142498,6.947000272297511,3.0055367529917687,-5.900285889945499,5.0524602779234026e-14
242.18061507361506,26.025750548433702,6.935005523791639,3.029695180239518,-5.927361441813423,-5.0524602779234026e-14
242.36251312087748,25.971644325056378,6.923111778557145,3.053837578251529,-5.9545015043732565,-8.420767129872338e-14
242.54423255212905,25.917280972861306,6.911318904362695,3.077960694707258,-5.981700910164439,-3.368306851948935e-14
242.72577687944087,25.862671543048904,6.899626768976957,3.1020613018718457,-6.008954476819613,3.368306851948935e-14
242.9071496795961,25.807827069074747,6.888035240168593,3.1261361964744063,-6.036257007288526,-6.73661370389787e-14
243.08835459335526,25.752758566558573,6.876544185706266,3.150182199587845,-6.063603290057692,0.0
243.26939532472838,25.697477033196705,6.865153473358646,3.1741961565103747,-6.090988099365795,-5.0524602779234026e-14
243.4502756402552,25.641993448677745,6.8538629708943954,3.1981749366486154,-6.1184061954149715,-5.0524602779234026e-14
243.63099936829244,25.586318774601608,6.842672546082177,3.222115433402444,-6.1458523245779055,-3.368306851948935e-14
243.81157039830927,25.530463954401707,6.831582066690662,3.2460145640515097,-6.17332121960083,-5.0524602779234026e-14
243.99199268019044,25.47443991327035,6.820591400488508,3.269869269643528,-6.200807599802526,8.420767129872338e-14
244.17227022354714,25.418257558087173,6.809700415244387,3.2936765148843183,-6.228306171269233,1.6841534259744676e-14
244.35240709703663,25.361927777350708,6.798908978726959,3.317433288029606,-6.255811627045689,0.0
244.53240742768932,25.305461441112854,6.788216958704891,3.3411366007786336,-6.283318647322204,-3.368306851948935e-14
244.71227540024492,25.248869400916305,6.777624222946849,3.364783488169551,-6.310821899617948,8.420767129872338e-14
244.89201525649605,25.192162489734955,6.767130639221496,3.3883710084766383,-6.3383160389603805,-5.0524602779234026e-14
245.07163129464152,25.135351521916977,6.756736075297499,3.4118962431092843,-6.365795708061016,5.0524602779234026e-14
245.2511278686469,25.07844729313083,6.7464403989435215,3.4353562965128255,-6.39325553748748,1.6841534259744676e-14
245.43050938761456,25.02146058031386,6.736243477928228,3.458748296071149,-6.420690145831969,1.6841534259744676e-14
245.6097803151621,24.964402141623736,6.726145180020287,3.482069392011094,-6.448094139876174,1.6841534259744676e-14
245.7889451688093,24.90728271639237,6.716145372988362,3.5053167573086688,-6.475462114752718,-3.368306851948935e-14
245.96800851937408,24.8501130250825,6.706243924601115,3.528487587596989,-6.502788654103195,0.0
246.14697499037695,24.79290376924679,6.696440702627215,3.551579101076018,-6.5300683302328615,5.0524602779234026e-14
246.32584925745445,24.73566563148944,6.686735574835326,3.5745885384240266,-6.557295704262045,-1.6841534259744676e-14
246.5046360477814,24.678409275430152,6.677128408994112,3.5975131627107606,-6.5844653262743895,3.368306851948935e-14
246.68334013950178,24.621145345670683,6.667619072872237,3.620350259312323,-6.611571735461931,5.0524602779234026e-14
246.8619663611684,24.56388446776349,6.658207434238369,3.643097135827718,-6.638609460267138,-5.0524602779234026e-14
247.04051959119204,24.506637248182937,6.648893360861172,3.6657511219970256,-6.665573018521988,5.0524602779234026e-14
247.21900475729802,24.44941427429865,6.63967672050931,3.688309569621209,-6.69245691758409,-1.6841534259744676e-14
