galstreams/tracks/track.st.C-10.ibata2024.ecsv
# %ECSV 1.0
# ---
# datatype:
# - {name: ra, unit: deg, datatype: float64}
# - {name: dec, unit: deg, datatype: float64}
# - {name: distance, unit: kpc, datatype: float64}
# - {name: pm_ra_cosdec, unit: mas / yr, datatype: float64}
# - {name: pm_dec, unit: mas / yr, datatype: float64}
# - {name: radial_velocity, unit: km / s, datatype: float64}
# delimiter: ','
# meta: !!omap
# - __serialized_columns__:
#     dec:
#       __class__: astropy.coordinates.angles.Latitude
#       unit: &id001 !astropy.units.Unit {unit: deg}
#       value: !astropy.table.SerializedColumn {name: dec}
#     distance:
#       __class__: astropy.coordinates.distances.Distance
#       unit: !astropy.units.Unit {unit: kpc}
#       value: !astropy.table.SerializedColumn {name: distance}
#     pm_dec:
#       __class__: astropy.units.quantity.Quantity
#       unit: !astropy.units.Unit {unit: mas / yr}
#       value: !astropy.table.SerializedColumn {name: pm_dec}
#     pm_ra_cosdec:
#       __class__: astropy.units.quantity.Quantity
#       unit: !astropy.units.Unit {unit: mas / yr}
#       value: !astropy.table.SerializedColumn {name: pm_ra_cosdec}
#     ra:
#       __class__: astropy.coordinates.angles.Longitude
#       unit: *id001
#       value: !astropy.table.SerializedColumn {name: ra}
#       wrap_angle: !astropy.coordinates.Angle
#         unit: *id001
#         value: 360.0
#     radial_velocity:
#       __class__: astropy.units.quantity.Quantity
#       unit: !astropy.units.Unit {unit: km / s}
#       value: !astropy.table.SerializedColumn {name: radial_velocity}
# schema: astropy-2.0
ra,dec,distance,pm_ra_cosdec,pm_dec,radial_velocity
[from data line 866]
146.0267694630721,3.2791514903157246,1.0000000000000007,-0.6012248428503506,0.810198898813342,48.70763561774839
146.02797390423777,3.2893138314181303,1.0000000000000007,-0.6010295722565173,0.8100233376481608,48.9013524197824
146.0291803529949,3.2994759716038624,1.0000000000000007,-0.6008330063607508,0.8098460629288204,49.094608934289916
146.03038881302888,3.309637910503895,1.0000000000000007,-0.6006351410099482,0.8096670692896275,49.28740111011
146.03159928802583,3.3197996477491176,1.0000000000000009,-0.6004359720510877,0.8094863513648252,49.47972489608177
146.03281178167228,3.32996118297034,1.0000000000000007,-0.6002354953312272,0.8093039037886001,49.6715762410443
146.03402629765526,3.3401225157982903,1.0000000000000007,-0.6000337066974764,0.8091197211950746,49.862951093836735
146.0352428396624,3.350283645863613,1.0000000000000007,-0.5998306019970379,0.8089337982183098,50.053845403298126
146.0364614113818,3.360444572796868,1.0000000000000007,-0.599626177077174,0.8087461294923036,50.2442551182676
146.03768201650215,3.370605296228539,1.0000000000000007,-0.5994204277852377,0.8085567096509925,50.43417618758431
146.0389046587125,3.3807658157890184,1.0000000000000007,-0.5992133499686378,0.8083655333282473,50.62360456008731
146.04012934170268,3.390926131108617,1.0000000000000009,-0.5990049394748844,0.8081725951578753,50.812536184615674
146.04135606916284,3.4010862418175623,1.0000000000000007,-0.5987951921515453,0.8079778897736184,51.00096701000855
146.04258484478376,3.4112461475459956,1.0000000000000009,-0.59858410384627,0.8077814118091541,51.188892985105014
146.0438156722567,3.4214058479239724,1.0000000000000007,-0.5983716704067934,0.8075831558980914,51.37631005874423
146.04504855527347,3.431565342581463,1.0000000000000007,-0.5981578876809257,0.8073831166739746,51.563214179765204
146.04628349752645,3.4417246311483525,1.0000000000000007,-0.5979427515165634,0.8071812887702792,51.749601297007125
146.0475205027085,3.4518837132544373,1.0000000000000009,-0.5977262577616749,0.8069776668204136,51.93546735930905
146.04875957451299,3.4620425885294273,1.0000000000000009,-0.5975084022643093,0.8067722454577162,52.12080831551007
146.05000071663395,3.4722012566029465,1.0000000000000007,-0.5972891808726226,0.8065650193154572,52.30562011444932
146.05124393276583,3.4823597171045293,1.0000000000000007,-0.5970685894348211,0.8063559830268355,52.489898704965874
146.05248922660368,3.4925179696636213,1.0000000000000009,-0.596846623799224,0.8061451312249808,52.67364003589889
146.053736601843,3.5026760139095834,1.0000000000000007,-0.5966232798142137,0.805932458542951,52.8568400560874
146.05498606217998,3.5128338494716784,1.0000000000000007,-0.5963985533282781,0.8057179596137315,53.039494714370534
146.05623761131125,3.5229914759790897,1.0000000000000007,-0.5961724401899762,0.8055016290702351,53.2215999595874
146.05749125293394,3.5331488930609027,1.0000000000000007,-0.5959449362479674,0.8052834615453033,53.40315174057713
146.05874699074585,3.5433061003461153,1.0000000000000007,-0.5957160373509893,0.8050634516717001,53.58414600617878
146.06000482844522,3.5534630974636348,1.0000000000000009,-0.5954857393478843,0.8048415940821185,53.764578705231465
146.06126476973088,3.5636198840422777,1.0000000000000007,-0.5952540380875622,0.8046178834091751,53.944445786574306
146.06252681830222,3.573776459710764,1.0000000000000007,-0.5950209294190483,0.8043923142854091,54.12374319904635
146.06379097785916,3.5839328240977277,1.0000000000000009,-0.5947864091914425,0.8041648813432853,54.30246689148678
146.06505725210212,3.5940889768317046,1.0000000000000007,-0.5945504732539506,0.8039355792151912,54.48061281273464
146.0663256447322,3.6042449175411377,1.0000000000000007,-0.5943131174558607,0.8037044025334344,54.65817691162903
146.06759615945091,3.614400645854383,1.0000000000000007,-0.5940743376465667,0.8034713459302465,54.8351551370091
146.0688687999604,3.624556161399692,1.0000000000000009,-0.5938341296755487,0.8032364040377776,55.011543437713925
146.0701435699633,3.6347114638052305,1.0000000000000009,-0.5935924893923872,0.8029995714880996,55.18733776258263
146.0714204731629,3.644866552699063,1.0000000000000009,-0.5933494126467602,0.8027608429132036,55.36253406045427
146.072699513263,3.6550214277091624,1.0000000000000007,-0.5931048952884499,0.8025202129449983,55.53712828016798
146.07398069396785,3.6651760884634004,1.0000000000000007,-0.5928589331673235,0.8022776762153125,55.711116370562856
146.07526401898247,3.6753305345895577,1.0000000000000009,-0.5926115221333621,0.8020332273558908,55.88449428047802
146.07654949201222,3.685484765715317,1.0000000000000009,-0.5923626580366426,0.8017868609983944,56.05725795875254
146.0778371167632,3.6956387814682596,1.0000000000000007,-0.5921123367273387,0.8015385717744015,56.229403354225546
146.07912689694194,3.7057925814758748,1.0000000000000007,-0.591860554055736,0.8012883543154041,56.40092641573613
146.0804188362556,3.7159461653655472,1.0000000000000009,-0.5916073058722162,0.8010362032528107,56.571823092123374
146.0817129384119,3.7260995327645654,1.0000000000000007,-0.5913525880272683,0.8007821132179433,56.742089332226385
146.08300920711912,3.736252683300124,1.0000000000000007,-0.5910963963714924,0.8005260788420352,56.9117210848843
146.08430764608607,3.7464056165993087,1.0000000000000007,-0.5908387267555852,0.8002680947562344,57.0807142989362
146.08560825902217,3.756558332289108,1.0000000000000009,-0.5905795750303495,0.8000081555915985,57.24906492322122
146.08691104963742,3.766710829996414,1.0000000000000007,-0.590318937046713,0.7997462559790987,57.416768906578405
146.08821602164232,3.7768631093480107,1.0000000000000009,-0.5900568086556959,0.7994823905496153,57.58382219784693
146.08952317874804,3.787015169970585,1.0000000000000007,-0.5897931857084382,0.7992165539339375,57.7502207458658
146.09083252466618,3.79716701149072,1.0000000000000009,-0.5895280640561777,0.7989487407627635,57.91596049947419
146.0921440631091,3.8073186335348956,1.0000000000000009,-0.5892614395502767,0.7986789456667015,58.0810374075112
146.09345779778954,3.817470035729493,1.0000000000000009,-0.5889933080422152,0.7984071632762642,58.24544741881588
146.09477373242098,3.82762121770078,1.0000000000000009,-0.5887236653835695,0.7981333882218744,58.409186482227405
146.09609187071734,3.83777217907493,1.0000000000000009,-0.5884525074260374,0.7978576151338571,58.57225054658482
146.0974122163932,3.847922919478004,1.0000000000000009,-0.5881798300214411,0.7975798386424456,58.73463556072721
146.09873477316373,3.8580734385359685,1.0000000000000007,-0.5879056290217148,0.7973000533777755,58.89633747349376
146.1000595447446,3.8682237358746736,1.0000000000000007,-0.5876299002789018,0.7970182539698873,59.057352233723556
146.1013865348521,3.8783738111198667,1.0000000000000009,-0.5873526396451716,0.7967344350487251,59.217675790255655
146.10271574720318,3.8885236638971907,1.0000000000000007,-0.5870738429728233,0.7964485912441324,59.377304091929176
146.1040471855152,3.898673293832177,1.0000000000000009,-0.5867935061142493,0.7961607171858585,59.53623308758322
146.10538085350626,3.9088227005502545,1.0000000000000009,-0.5865116249219913,0.795870807503549,59.69445872605689
146.106716754895,3.918971883676739,1.0000000000000007,-0.5862281952487001,0.7955788568267526,59.85197695618927
146.1080548934006,3.9291208428368445,1.0000000000000007,-0.58594321294715,0.7952848597849147,60.008783726819516
146.10939527274286,3.9392695776556663,1.0000000000000007,-0.5856566738702451,0.7949888110073814,60.16487498678669
146.11073789664218,3.9494180877581986,1.0000000000000007,-0.5853685738710075,0.7946907051233947,60.32024668492994
146.11208276881953,3.9595663727693204,1.0000000000000007,-0.5850789088025898,0.7943905367620949,60.47489477008828
146.1134298929965,3.9697144323138005,1.0000000000000007,-0.584787674518279,0.7940883005525168,60.62881519110086
146.1147792728952,3.9798622660163,1.0000000000000009,-0.5844948668714744,0.7937839911235914,60.78200389680683
146.11613091223842,3.990009873501367,1.0000000000000004,-0.5842004817157243,0.7934776031041446,60.934456836045236
146.11748481474947,4.000157254393431,1.0000000000000007,-0.5839045149046909,0.7931691311228952,61.08616995765519
146.11884098415234,4.010304408316818,1.0000000000000007,-0.5836069622921745,0.7928585698084548,61.23713921047581
146.1201994241715,4.020451334895736,1.0000000000000009,-0.5833078197321058,0.7925459137893287,61.387360543346176
146.12156013853212,4.03059803375428,1.0000000000000007,-0.5830070830785612,0.7922311576939117,61.53682990510538
146.1229231309599,4.040744504516429,1.0000000000000009,-0.5827047481857273,0.7919142961504892,61.685543244592594
146.12428840518123,4.05089074680605,1.0000000000000009,-0.5824008109079566,0.7915953237872377,61.83349651064685
146.12565596492294,4.061036760246893,1.0000000000000009,-0.5820952670997066,0.7912742352322226,61.980685652107304
146.1270258139126,4.071182544462592,1.0000000000000007,-0.5817881126155973,0.7909510251133958,62.127106617813
146.1283979558784,4.081328099076666,1.0000000000000007,-0.5814793433103826,0.7906256880585973,62.272755356603064
146.12977239454898,4.091473423712511,1.0000000000000007,-0.5811689550389412,0.7902982186955554,62.41762781731661
146.13114913365374,4.101618517993417,1.0000000000000009,-0.5808569436563085,0.7899686116518811,62.56171994879272
146.1325281769226,4.1117633815425485,1.0000000000000009,-0.580543305017656,0.7896368615550717,62.705027699870556
146.1339095280861,4.121908013982951,1.0000000000000007,-0.5802280349783029,0.7893029630325085,62.84754701938915
146.1352931908754,4.132052414937551,1.0000000000000009,-0.5799111293937012,0.7889669107114564,62.98927385618762
146.1366791690223,4.1421965840291595,1.0000000000000007,-0.5795925841194673,0.7886286992190612,63.13020415910509
146.13806746625914,4.152340520880461,1.0000000000000007,-0.5792723950113405,0.7882883231823521,63.270333876980665
146.1394580863189,4.162484225114025,1.0000000000000007,-0.5789505579252223,0.7879457772282383,63.40965895865341
146.14085103293522,4.172627696352297,1.0000000000000007,-0.5786270687171591,0.7876010559835083,63.54817535296248
146.14224630984228,4.1827709342176025,1.0000000000000009,-0.5783019232433446,0.7872541540748295,63.68587900874692
146.14364392077493,4.192913938332139,1.0000000000000007,-0.5779751173601326,0.786905066128749,63.8227658748459
146.14504386946857,4.20305670831799,1.0000000000000009,-0.5776466469240127,0.7865537867716894,63.958831900098474
146.14644615965932,4.2131992437971055,1.0000000000000007,-0.5773165077916458,0.7862003106299515,64.09407303334372
146.1478507950838,4.223341544391323,1.0000000000000009,-0.5769846958198235,0.7858446323297092,64.22848522342079
146.14925777947934,4.233483609722346,1.0000000000000007,-0.576651206865515,0.7854867464970141,64.3620644191688
146.15066711658383,4.2436254394117565,1.0000000000000007,-0.5763160367858315,0.7851266477577903,64.4948065694268
146.15207881013583,4.253767033081011,1.0000000000000007,-0.575979181438055,0.7847643307378329,64.62670762303391
146.15349286387448,4.263908390351436,1.0000000000000007,-0.5756406366796032,0.7843997900628135,64.7577635288293
146.15490928153957,4.274049510844239,1.0000000000000007,-0.5753003983680758,0.784033020358271,64.88797023565195
146.15632806687154,4.284190394180491,1.0000000000000009,-0.5749584623612263,0.7836640162496167,65.01732369234105
146.15774922361135,4.2943310399811425,1.0000000000000007,-0.5746148245169556,0.7832927723621306,65.14581984773568
146.1591727555007,4.304471447867011,1.0000000000000009,-0.5742694806933555,0.7829192833209622,65.27345465067495
146.16059866628186,4.314611617458787,1.0000000000000007,-0.5739224267486565,0.7825435437511283,65.40022404999793
146.16202695969773,4.32475154837703,1.0000000000000007,-0.5735736585412621,0.7821655482775121,65.52612399454377
146.16345763949192,4.334891240242168,1.0000000000000009,-0.5732231719297545,0.7817852915248624,65.65115043315151
146.16489070940852,4.345030692674506,1.0000000000000007,-0.5728709627728605,0.7814027681177946,65.77529931466033
146.1663261731924,4.355169905294205,1.0000000000000009,-0.5725170269295017,0.7810179726807869,65.89856658790929
146.16776403458894,4.365308877721307,1.0000000000000007,-0.572161360258745,0.7806308998381817,66.02094820173747
146.16920429734427,4.375447609575709,1.0000000000000007,-0.5718039586198378,0.780241544214183,66.14244010498402
146.17064696520504,4.3855861004771866,1.0000000000000007,-0.5714448178722087,0.7798499004328556,66.26303824648802
146.17209204191866,4.395724350045371,1.0000000000000009,-0.5710839338754461,0.7794559631181264,66.38273857508858
146.17353953123305,4.40586235789977,1.0000000000000009,-0.5707213024893196,0.7790597268937804,66.50153703962481
146.17498943689688,4.416000123659744,1.0000000000000007,-0.5703569195737819,0.778661186383464,66.61942958893579
146.1764417626594,4.426137646944531,1.0000000000000009,-0.5699907809889426,0.778260336210677,66.73641217186062
146.17789651227048,4.436274927373224,1.0000000000000007,-0.569622882595108,0.7778571709987792,66.85248073723841
146.1793536894807,4.44641196456478,1.0000000000000007,-0.5692532202527536,0.7774516853709852,66.96763123390829
146.18081329804122,4.456548758138022,1.0000000000000009,-0.5688817898225436,0.7770438739503656,67.0818596107093
146.1822753417039,4.466685307711637,1.0000000000000007,-0.5685085871653142,0.7766337313598435,67.19516181648062
146.18373982422116,4.476821612904168,1.0000000000000007,-0.5681336081420953,0.7762212522221952,67.30753380006131
146.18520674934618,4.486957673334019,1.0000000000000009,-0.5677568486140858,0.7758064311600505,67.41897151029048
146.1866761208327,4.497093488619464,1.0000000000000007,-0.5673783044426877,0.7753892627958885,67.52947089600721
146.18814794243514,4.507229058378621,1.0000000000000007,-0.5669979714894797,0.7749697417520411,67.63902790605064
146.18962221790858,4.517364382229482,1.0000000000000007,-0.5666158456162336,0.7745478626506868,67.74763848925984
146.1910989510087,4.527499459789885,1.0000000000000009,-0.5662319226849002,0.7741236201138533,67.85529859447396
146.19257814549192,4.537634290677538,1.0000000000000009,-0.5658461985576331,0.7736970087634161,67.96200417053208
146.19405980511524,4.5477688745099965,1.0000000000000007,-0.5654586690967678,0.7732680232210978,68.06775116627325
146.19554393363632,4.557903210904681,1.0000000000000007,-0.5650693301648309,0.7728366581084636,68.17253553053662
146.1970305348135,4.568037299478859,1.0000000000000009,-0.5646781776245682,0.7724029080469261,68.2763532121613
146.1985196124058,4.578171139849657,1.0000000000000009,-0.5642852073388873,0.7719667676577395,68.37920015998635
146.20001117017281,4.588304731634064,1.0000000000000007,-0.5638904151709108,0.7715282315620013,68.48107232285095
146.20150521187486,4.598438074448913,1.0000000000000007,-0.5634937969839475,0.7710872943806508,68.58196564959414
146.2030017412729,4.6085711679108945,1.0000000000000007,-0.5630953486415287,0.7706439507344662,68.6818760890551
146.2045007621286,4.618704011636553,1.0000000000000009,-0.5626950660073513,0.7701981952440675,68.78079959007279
146.20600227820418,4.628836605242284,1.0000000000000009,-0.5622929449453595,0.769750022529911,68.87873210148642
146.20750629326264,4.638968948344335,1.0000000000000007,-0.5618889813196537,0.7692994272122922,68.97566957213508
146.20901281106754,4.6491010405588,1.0000000000000007,-0.5614831709945642,0.7688464039113432,69.07160795085784
146.2105218353832,4.659232881501636,1.0000000000000007,-0.5610755098346223,0.7683909472470283,69.16654318649384
146.21203336997453,4.669364470788636,1.0000000000000009,-0.5606659937045704,0.7679330518391518,69.26047122788212
146.21354741860716,4.67949580803545,1.0000000000000007,-0.5602546184693606,0.7674727123073468,69.35338802386188
146.21506398504735,4.689626892857578,1.0000000000000007,-0.5598413799941326,0.7670099232710805,69.44528952327212
146.21658307306208,4.699757724870356,1.0000000000000009,-0.5594262741442684,0.7665446793496526,69.53617167495203
