galstreams/tracks/track.st.Gaia-11.ibata2021.ecsv
# %ECSV 0.9
# ---
# datatype:
# - {name: ra, unit: deg, datatype: float64}
# - {name: dec, unit: deg, datatype: float64}
# - {name: distance, unit: kpc, datatype: float64}
# - {name: pm_ra_cosdec, unit: mas / yr, datatype: float64}
# - {name: pm_dec, unit: mas / yr, datatype: float64}
# - {name: radial_velocity, unit: km / s, datatype: float64}
# delimiter: ','
# meta: !!omap
# - __serialized_columns__:
#     dec:
#       __class__: astropy.coordinates.angles.Latitude
#       unit: &id001 !astropy.units.Unit {unit: deg}
#       value: !astropy.table.SerializedColumn {name: dec}
#     distance:
#       __class__: astropy.coordinates.distances.Distance
#       unit: !astropy.units.Unit {unit: kpc}
#       value: !astropy.table.SerializedColumn {name: distance}
#     pm_dec:
#       __class__: astropy.units.quantity.Quantity
#       unit: !astropy.units.Unit {unit: mas / yr}
#       value: !astropy.table.SerializedColumn {name: pm_dec}
#     pm_ra_cosdec:
#       __class__: astropy.units.quantity.Quantity
#       unit: !astropy.units.Unit {unit: mas / yr}
#       value: !astropy.table.SerializedColumn {name: pm_ra_cosdec}
#     ra:
#       __class__: astropy.coordinates.angles.Longitude
#       unit: *id001
#       value: !astropy.table.SerializedColumn {name: ra}
#       wrap_angle: !astropy.coordinates.Angle
#         unit: *id001
#         value: 360.0
#     radial_velocity:
#       __class__: astropy.units.quantity.Quantity
#       unit: !astropy.units.Unit {unit: km / s}
#       value: !astropy.table.SerializedColumn {name: radial_velocity}
# schema: astropy-2.0
ra,dec,distance,pm_ra_cosdec,pm_dec,radial_velocity
[from data line 279]
269.08888370752015,46.05130764574349,11.919078135342298,-4.6058528396457765,5.003878173392215,1.8525687685719145e-13
269.0937279238159,46.04187074056787,11.92036660601693,-4.605279500245616,5.002853370223204,1.8525687685719145e-13
269.0985715317083,46.03243393208931,11.921652856480264,-4.604705771241948,5.001829643209861,2.5262301389617017e-13
269.1034145313409,46.02299722017903,11.922936889792998,-4.604131653012326,5.000806992221635,2.5262301389617017e-13
269.1082569228571,46.01356060470826,11.924218709015811,-4.603557145934456,4.999785417128145,2.3578147963642546e-13
269.11309870640014,46.004124085548256,11.925498317209387,-4.602982250386184,4.998764917799161,2.020984111169361e-13
269.117939882113,45.99468766257035,11.926775717434413,-4.602406966745486,4.997745494104622,1.6841534259744677e-13
269.1227804501385,45.98525133564594,11.928050912751578,-4.601831295390483,4.9967271459146305,1.515738083377021e-13
269.1276204106195,45.97581510464654,11.929323906221555,-4.601255236699438,4.995709873099452,1.6841534259744677e-13
269.1324597636984,45.96637896944352,11.930594700905038,-4.600678791050743,4.994693675529512,1.1789073981821273e-13
269.1372985095177,45.9569429299085,11.931863299862714,-4.600101958822936,4.993678553075394,2.8630608241565947e-13
269.1421366482195,45.9475069859131,11.933129706155263,-4.599524740394694,4.992664505607859,3.3683068519489354e-13
269.1469741799459,45.93807113732899,11.93439392284337,-4.598947136144826,4.991651532997819,2.3578147963642546e-13
269.1518111048387,45.9286353840279,11.935655952987723,-4.598369146452291,4.990639635116343,2.020984111169361e-13
269.1566474230396,45.91919972588165,11.936915799649007,-4.597790771696181,4.989628811834672,2.020984111169361e-13
269.16148313469023,45.909764162762016,11.938173465887905,-4.5972120122557225,4.9886190630242115,3.1998915093514883e-13
269.16631823993185,45.900328694540896,11.939428954765104,-4.59663286851028,4.987610388556524,1.347322740779574e-13
269.17115273890573,45.89089332109031,11.940682269341279,-4.596053340839372,4.9866027883033315,1.8525687685719145e-13
269.17598663175283,45.88145804228222,11.94193341267713,-4.595473429622633,4.98559626213652,2.020984111169361e-13
269.180819918614,45.872022857988725,11.943182387833337,-4.594893135239853,4.984590809928139,2.8630608241565947e-13
269.18565259963003,45.86258776808193,11.944429197870576,-4.594312458070951,4.983586431550407,3.3683068519489354e-13
269.1904846749414,45.85315277243408,11.94567384584955,-4.593731398495988,4.98258312687569,2.694645481559148e-13
269.19531614468843,45.84371787091732,11.94691633483093,-4.593149956895158,4.981580895776523,2.694645481559148e-13
269.2001470090114,45.83428306340398,11.9481566678754,-4.592568133648802,4.980579738125616,2.694645481559148e-13
269.2049772680503,45.824848349766405,11.949394848043655,-4.591985929137392,4.979579653795814,1.347322740779574e-13
269.20980692194496,45.81541372987703,11.95063087839637,-4.591403343741541,4.978580642660141,2.3578147963642546e-13
269.21463597083516,45.80597920360832,11.951864761994235,-4.590820377841994,4.977582704591786,1.6841534259744677e-13
269.21946441486034,45.796544770832845,11.953096501897939,-4.590237031819641,4.976585839464084,1.0104920555846805e-13
269.2242922541599,45.787110431423066,11.954326101168157,-4.5896533060555145,4.9755900471505505,2.3578147963642546e-13
269.2291194888731,45.77767618525168,11.95555356286558,-4.5890692009307665,4.9745953275248525,1.515738083377021e-13
269.2339461191389,45.76824203219138,11.956778890050893,-4.5884847168267,4.973601680460815,2.3578147963642546e-13
269.2387721450963,45.75880797211491,11.958002085784782,-4.587899854124753,4.972609105832431,2.1893994537668078e-13
269.24359756688386,45.74937400489509,11.95922315312793,-4.587314613206503,4.971617603513856,2.020984111169361e-13
269.2484223846402,45.739940130404754,11.960442095141023,-4.586728994453656,4.970627173379404,1.515738083377021e-13
269.2532465985037,45.73050634851691,11.961658914884746,-4.586142998248068,4.969637815303545,1.515738083377021e-13
269.2580702086126,45.72107265910441,11.962873615419777,-4.585556624971725,4.968649529160925,2.3578147963642546e-13
269.2628932151049,45.711639062040334,11.964086199806815,-4.584969875006747,4.967662314826335,2.3578147963642546e-13
269.26771561811853,45.70220555719778,11.965296671106534,-4.584382748735395,4.966676172174741,2.1893994537668078e-13
269.2725374177912,45.69277214444988,11.966505032379626,-4.583795246540071,4.9656911010812586,2.3578147963642546e-13
269.27735861426055,45.68333882366984,11.967711286686766,-4.583207368803308,4.96470710142118,1.515738083377021e-13
269.28217920766383,45.67390559473093,11.96891543708865,-4.582619115907778,4.963724173069933,2.3578147963642546e-13
269.2869991981384,45.66447245750652,11.970117486645957,-4.58203048823629,4.962742315903133,3.031476166754042e-13
269.2918185858213,45.65503941186985,11.971317438419375,-4.581441486171784,4.961761529796549,1.347322740779574e-13
269.29663737084945,45.64560645769441,11.972515295469588,-4.580852110097349,4.960781814626097,1.0104920555846805e-13
269.3014555533596,45.63617359485372,11.973711060857276,-4.580262360396203,4.959803170267875,2.5262301389617017e-13
269.30627313348833,45.626740823221276,11.974904737643131,-4.579672237451698,4.958825596598127,2.1893994537668078e-13
269.31109011137204,45.61730814267069,11.976096328887834,-4.579081741647326,4.957849093493264,2.5262301389617017e-13
269.31590648714706,45.607875553075665,11.977285837652076,-4.5784908733667145,4.956873660829855,1.515738083377021e-13
269.3207222609494,45.598443054309804,11.978473266996533,-4.57789963299363,4.955899298484631,2.1893994537668078e-13
269.3255374329152,45.58901064624694,11.979658619981898,-4.577308020911969,4.9549260063344915,1.515738083377021e-13
269.33035200318,45.57957832876089,11.980841899668846,-4.576716037505777,4.9539537842564805,1.515738083377021e-13
269.3351659718796,45.57014610172555,11.982023109118073,-4.5761236831592145,4.952982632127819,2.020984111169361e-13
269.3399793391493,45.560713965014806,11.983202251390257,-4.575530958256603,4.952012549825875,2.5262301389617017e-13
269.34479210512455,45.5512819185027,11.984379329546087,-4.574937863182375,4.951043537228189,1.0104920555846805e-13
269.3496042699404,45.541849962063324,11.985554346646246,-4.574344398321124,4.950075594212454,1.0104920555846805e-13
269.3544158337318,45.53241809557067,11.986727305751417,-4.573750564057558,4.949108720656529,1.8525687685719145e-13
269.35922679663366,45.52298631889894,11.98789820992229,-4.573156360776537,4.948142916438422,2.5262301389617017e-13
269.3640371587806,45.51355463192237,11.989067062219545,-4.572561788863042,4.947178181436321,2.5262301389617017e-13
269.36884692030713,45.504123034515224,11.990233865703875,-4.571966848702198,4.94621451552856,1.8525687685719145e-13
269.3736560813476,45.49469152655186,11.991398623435954,-4.5713715406792685,4.945251918593635,1.347322740779574e-13
269.378464642036,45.485260107906676,11.992561338476474,-4.570775865179652,4.944290390510201,1.8525687685719145e-13
269.3832726025067,45.475828778454044,11.993722013886119,-4.5701798225888695,4.9433299311570815,1.8525687685719145e-13
269.3880799628933,45.466397538068506,11.994880652725572,-4.56958341329259,4.942370540413254,3.368306851948935e-14
269.3928867233295,45.456966386624615,11.99603725805552,-4.568986637676623,4.9414122181578595,1.515738083377021e-13
269.397692883949,45.44753532399699,11.997191832936645,-4.5683894961269,4.940454964270193,2.1893994537668078e-13
269.40249844488505,45.4381043500603,11.998344380429636,-4.567791989029492,4.939498778629716,2.5262301389617017e-13
269.4073034062709,45.42867346468925,11.999494903595174,-4.567194116770608,4.938543661116045,1.6841534259744677e-13
269.4121077682396,45.419242667758716,12.000643405493951,-4.566595879736594,4.937589611608957,3.031476166754042e-13
269.4169115309242,45.4098119591434,12.001789889186645,-4.565997278313917,4.936636629988401,1.8525687685719145e-13
269.4217146944573,45.40038133871825,12.002934357733942,-4.565398312889198,4.935684716134469,8.420767129872338e-14
269.4265172589715,45.39095080635824,12.00407681419653,-4.564798983849186,4.934733869927414,2.5262301389617017e-13
269.4313192245993,45.381520361938335,12.005217261635092,-4.564199291580759,4.933784091247661,3.3683068519489354e-13
269.436120591473,45.37209000533365,12.006355703110312,-4.563599236470932,4.932835379975796,1.515738083377021e-13
269.4409213597246,45.362659736419275,12.007492141682878,-4.562998818906864,4.931887735992541,2.8630608241565947e-13
269.4457215294861,45.353229555070435,12.008626580413473,-4.56239803927584,4.930941159178799,2.1893994537668078e-13
269.45052110088943,45.34379946116228,12.00975902236278,-4.561796897965274,4.929995649415636,2.020984111169361e-13
269.45532007406604,45.33436945457013,12.010889470591492,-4.561195395362727,4.929051206584259,3.1998915093514883e-13
269.4601184491476,45.324939535169335,12.012017928160281,-4.560593531855888,4.9281078305660495,1.8525687685719145e-13
269.4649162262654,45.31550970283529,12.01314439812984,-4.559991307832586,4.927165521242541,1.6841534259744677e-13
269.4697134055506,45.30607995744347,12.014268883560858,-4.559388723680773,4.926224278495431,6.73661370389787e-14
269.4745099871341,45.29665029886944,12.015391387514013,-4.55878577978855,4.925284102206569,1.347322740779574e-13
269.47930597114697,45.28722072698866,12.016511913049989,-4.55818247654414,4.924344992257973,2.1893994537668078e-13
269.4841013577198,45.27779124167679,12.017630463229478,-4.5575788143359,4.923406948531815,1.8525687685719145e-13
269.4888961469832,45.26836184280953,12.018747041113164,-4.556974793552333,4.922469970910431,1.347322740779574e-13
269.4936903390676,45.25893253026263,12.019861649761722,-4.556370414582069,4.92153405927631,2.020984111169361e-13
269.49848393410315,45.24950330391187,12.020974292235849,-4.555765677813866,4.920599213512104,2.1893994537668078e-13
269.50327693222005,45.240074163633096,12.022084971596223,-4.555160583636628,4.91966543350062,1.8525687685719145e-13
269.50806933354806,45.23064510930228,12.023193690903533,-4.554555132439383,4.918732719124829,1.515738083377021e-13
269.51286113821715,45.22121614079526,12.024300453218462,-4.553949324611297,4.917801070267862,1.515738083377021e-13
269.51765234635684,45.21178725798814,12.025405261601694,-4.5533431605416705,4.9168704868130035,1.515738083377021e-13
269.5224429580967,45.202358460756976,12.026508119113915,-4.552736640619934,4.9159409686436994,2.1893994537668078e-13
269.5272329735659,45.1929297489779,12.02760902881581,-4.552129765235655,4.915012515643561,2.1893994537668078e-13
269.53202239289374,45.18350112252708,12.028707993768066,-4.551522534778535,4.914085127696341,8.420767129872338e-14
269.53681121620906,45.174072581280875,12.029805017031366,-4.5509149496384085,4.913158804685964,3.031476166754042e-13
269.54159944364096,45.16464412511542,12.03090010166639,-4.550307010205236,4.912233546496523,1.1789073981821273e-13
269.54638707531797,45.15521575390714,12.031993250733834,-4.549698716869125,4.911309353012243,2.1893994537668078e-13
269.55117411136865,45.14578746753245,12.033084467294376,-4.549090070020304,4.910386224117538,1.515738083377021e-13
269.55596055192143,45.13635926586784,12.034173754408702,-4.548481070049144,4.909464159696952,3.1998915093514883e-13
269.5607463971046,45.126931148789794,12.035261115137498,-4.547871717346139,4.908543159635208,1.1789073981821273e-13
269.56553164704616,45.11750311617492,12.036346552541444,-4.547262012301928,4.907623223817179,1.515738083377021e-13
269.57031630187396,45.10807516789991,12.037430069681234,-4.546651955307281,4.906704352127896,2.5262301389617017e-13
269.575100361716,45.09864730384132,12.038511669617543,-4.546041546753088,4.905786544452557,1.6841534259744677e-13
269.5798838266998,45.08921952387598,12.039591355411064,-4.545430787030388,4.904869800676501,3.3683068519489354e-13
269.58466669695287,45.079791827880705,12.04066913012248,-4.544819676530338,4.903954120685247,2.020984111169361e-13
269.58944897260244,45.07036421573231,12.041744996812474,-4.544208215644245,4.903039504364452,3.031476166754042e-13
269.59423065377587,45.06093668730776,12.042818958541735,-4.543596404763534,4.902125951599949,2.020984111169361e-13
269.59901174059996,45.051509242484,12.04389101837094,-4.542984244279771,4.9012134622777115,2.3578147963642546e-13
269.6037922332017,45.042081881138124,12.044961179360781,-4.542371734584649,4.9003020362838905,1.0104920555846805e-13
269.6085721317079,45.03265460314711,12.046029444571941,-4.541758876070002,4.89939167350478,1.6841534259744677e-13
269.6133514362449,45.02322740838815,12.04709581706511,-4.541145669127788,4.898482373826836,1.8525687685719145e-13
269.6181301469393,45.01380029673844,12.04816029990096,-4.5405321141501,4.897574137136678,1.6841534259744677e-13
269.6229082639173,45.004373268075234,12.04922289614019,-4.539918211529161,4.8966669633210715,1.1789073981821273e-13
269.627685787305,44.99494632227583,12.050283608843475,-4.539303961657339,4.895760852266955,2.8630608241565947e-13
269.6324627172284,44.98551945921768,12.051342441071505,-4.538689364927115,4.894855803861415,1.515738083377021e-13
269.6372390538133,44.97609267877805,12.052399395884965,-4.5380744217311175,4.893951817991695,1.6841534259744677e-13
269.6420147971853,44.96666598083452,12.05345447634454,-4.537459132462098,4.893048894545207,2.694645481559148e-13
269.64678994747,44.95723936526457,12.054507685510915,-4.536843497512947,4.892147033409502,2.3578147963642546e-13
269.65156450479276,44.947812831945825,12.05555902644477,-4.536227517276681,4.891246234472311,2.8630608241565947e-13
269.65633846927875,44.93838638075593,12.056608502206798,-4.535611192146449,4.890346497621506,1.8525687685719145e-13
269.66111184105307,44.92896001157257,12.057656115857679,-4.5349945225155395,4.8894478227451215,2.3578147963642546e-13
269.66588462024055,44.919533724273556,12.058701870458096,-4.534377508777369,4.888550209731353,1.6841534259744677e-13
269.670656806966,44.9101075187366,12.05974576906874,-4.533760151325475,4.887653658468543,2.8630608241565947e-13
269.6754284013541,44.90068139483962,12.06078781475029,-4.5331424505535445,4.88675816884521,3.1998915093514883e-13
269.68019940352923,44.89125535246055,12.061828010563435,-4.532524406855384,4.885863740750015,2.694645481559148e-13
269.6849698136158,44.88182939147737,12.062866359568861,-4.53190602062493,4.884970374071779,2.3578147963642546e-13
269.68973963173784,44.87240351176808,12.063902864827252,-4.531287292256269,4.884078068699475,2.5262301389617017e-13
269.69450885801945,44.86297771321087,12.06493752939929,-4.530668222143596,4.883186824522252,2.1893994537668078e-13
269.69927749258443,44.853551995683745,12.065970356345664,-4.530048810681253,4.882296641429394,2.8630608241565947e-13
269.70404553555665,44.84412635906499,12.067001348727054,-4.529429058263699,4.881407519310359,2.1893994537668078e-13
269.7088129870596,44.83470080323285,12.068030509604148,-4.528808965285542,4.880519458054756,1.0104920555846805e-13
269.71357984721664,44.82527532806564,12.069057842037632,-4.528188532141513,4.879632457552342,2.694645481559148e-13
269.7183461161511,44.81584993344175,12.070083349088192,-4.527567759226466,4.8787465176930445,2.694645481559148e-13
269.72311179398616,44.80642461923957,12.071107033816508,-4.5269466469353965,4.877861638366946,1.0104920555846805e-13
269.72787688084463,44.796999385337664,12.072128899283266,-4.5263251956634365,4.876977819464275,2.5262301389617017e-13
269.73264137684964,44.78757423161446,12.073148948549157,-4.525703405805827,4.876095060875432,1.6841534259744677e-13
269.7374052821236,44.77814915794858,12.074167184674861,-4.525081277757969,4.8752133624909595,2.5262301389617017e-13
269.74216859678916,44.7687241642187,12.075183610721067,-4.524458811915364,4.874332724201572,2.5262301389617017e-13
269.7469313209687,44.75929925030353,12.076198229748453,-4.52383600867367,4.873453145898129,2.020984111169361e-13
