galstreams/tracks/track.st.NGC2298.sollima2020.ecsv
# %ECSV 1.0
# ---
# datatype:
# - {name: ra, unit: deg, datatype: float64}
# - {name: dec, unit: deg, datatype: float64}
# - {name: distance, unit: kpc, datatype: float64}
# - {name: pm_ra_cosdec, unit: mas / yr, datatype: float64}
# - {name: pm_dec, unit: mas / yr, datatype: float64}
# - {name: radial_velocity, unit: km / s, datatype: float64}
# delimiter: ','
# meta: !!omap
# - __serialized_columns__:
#     dec:
#       __class__: astropy.coordinates.angles.Latitude
#       unit: &id001 !astropy.units.Unit {unit: deg}
#       value: !astropy.table.SerializedColumn {name: dec}
#     distance:
#       __class__: astropy.coordinates.distances.Distance
#       unit: !astropy.units.Unit {unit: kpc}
#       value: !astropy.table.SerializedColumn {name: distance}
#     pm_dec:
#       __class__: astropy.units.quantity.Quantity
#       unit: !astropy.units.Unit {unit: mas / yr}
#       value: !astropy.table.SerializedColumn {name: pm_dec}
#     pm_ra_cosdec:
#       __class__: astropy.units.quantity.Quantity
#       unit: !astropy.units.Unit {unit: mas / yr}
#       value: !astropy.table.SerializedColumn {name: pm_ra_cosdec}
#     ra:
#       __class__: astropy.coordinates.angles.Longitude
#       unit: *id001
#       value: !astropy.table.SerializedColumn {name: ra}
#       wrap_angle: !astropy.coordinates.Angle
#         unit: *id001
#         value: 360.0
#     radial_velocity:
#       __class__: astropy.units.quantity.Quantity
#       unit: !astropy.units.Unit {unit: km / s}
#       value: !astropy.table.SerializedColumn {name: radial_velocity}
# schema: astropy-2.0
ra,dec,distance,pm_ra_cosdec,pm_dec,radial_velocity
104.51655906034298,-37.72621033827373,9.828000000000005,0.0,0.0,0.0
104.50305454172427,-37.726188425960174,9.828000000000003,0.0,0.0,0.0
104.48986359560352,-37.7256658408064,9.828000000000003,0.0,0.0,0.0
104.47697796038466,-37.72465624224808,9.828000000000001,0.0,0.0,0.0
104.46438948159678,-37.72317307956262,9.828000000000005,0.0,0.0,0.0
104.45209011205888,-37.72122959386695,9.828000000000003,0.0,0.0,0.0
104.44007191199574,-37.71883882009891,9.828000000000005,0.0,0.0,0.0
104.42832704910582,-37.71601358898183,9.828000000000003,0.0,0.0,0.0
104.41684779858296,-37.71276652897304,9.828,0.0,0.0,0.0
104.40562654309294,-37.70911006819609,9.828000000000001,0.0,0.0,0.0
104.39465577270701,-37.70505643635747,9.828000000000001,0.0,0.0,0.0
104.38392808479348,-37.700617666647794,9.828,0.0,0.0,0.0
104.3734361838689,-37.69580559762779,9.828000000000001,0.0,0.0,0.0
104.36317288140978,-37.69063187509911,9.828000000000003,0.0,0.0,0.0
104.35313109562719,-37.68510795396074,9.828000000000003,0.0,0.0,0.0
104.34330385120472,-37.67924510005075,9.828000000000001,0.0,0.0,0.0
104.33368427900156,-37.67305439197393,9.828000000000003,0.0,0.0,0.0
104.32426561572227,-37.666546722915406,9.828000000000001,0.0,0.0,0.0
104.31504120355353,-37.65973280244055,9.828,0.0,0.0,0.0
104.30600448977059,-37.65262315828133,9.828000000000003,0.0,0.0,0.0
104.29714902631343,-37.64522813810955,9.828000000000001,0.0,0.0,0.0
104.28846846933486,-37.63755791129698,9.828000000000003,0.0,0.0,0.0
104.2799565787206,-37.62962247066257,9.828000000000001,0.0,0.0,0.0
104.27160721758375,-37.62143163420725,9.828000000000001,0.0,0.0,0.0
104.26341435173393,-37.6129950468363,9.828,0.0,0.0,0.0
104.25537204912294,-37.60432218206953,9.828000000000001,0.0,0.0,0.0
104.24747447926687,-37.59542234373948,9.828,0.0,0.0,0.0
104.2397159126473,-37.58630466767796,9.828000000000001,0.0,0.0,0.0
104.23209072009126,-37.57697812339093,9.828000000000003,0.0,0.0,0.0
104.22459337213215,-37.56745151572218,9.828000000000003,0.0,0.0,0.0
104.21721843835111,-37.557733486505605,9.828000000000003,0.0,0.0,0.0
104.2099605867017,-37.547832516206654,9.828000000000001,0.0,0.0,0.0
104.20281458281715,-37.537756925552955,9.828000000000003,0.0,0.0,0.0
104.19577528930216,-37.527514877154225,9.828000000000005,0.0,0.0,0.0
104.18883766500986,-37.51711437711191,9.828000000000003,0.0,0.0,0.0
104.18199676430416,-37.50656327661813,9.828000000000005,0.0,0.0,0.0
104.1752477363097,-37.49586927354497,9.828000000000003,0.0,0.0,0.0
104.16858582414874,-37.48503991402344,9.828000000000003,0.0,0.0,0.0
104.16200636416715,-37.4740825940128,9.828000000000003,0.0,0.0,0.0
104.15550478514875,-37.46300456086003,9.828000000000005,0.0,0.0,0.0
104.14907660752039,-37.451812914849945,9.828000000000003,0.0,0.0,0.0
104.14271744254704,-37.44051461074575,9.828000000000005,0.0,0.0,0.0
104.13642299151905,-37.42911645932057,9.828000000000003,0.0,0.0,0.0
104.1301890449304,-37.417625128879436,9.828000000000005,0.0,0.0,0.0
104.12401148165051,-37.40604714677275,9.828000000000003,0.0,0.0,0.0
104.11788626808891,-37.39438890090045,9.828000000000007,0.0,0.0,0.0
104.11180945735433,-37.38265664120779,9.828000000000005,0.0,0.0,0.0
104.10577718840746,-37.37085648117206,9.828000000000007,0.0,0.0,0.0
104.09978568520975,-37.358994399281165,9.828000000000005,0.0,0.0,0.0
104.0938312558673,-37.347076240503434,9.828000000000005,0.0,0.0,0.0
104.08791029177094,-37.33510771774936,9.828000000000005,0.0,0.0,0.0
104.08201926673345,-37.32309441332503,9.828000000000003,0.0,0.0,0.0
104.07615473612317,-37.31104178037725,9.828000000000005,0.0,0.0,0.0
104.07031333599588,-37.29895514433092,9.828000000000005,0.0,0.0,0.0
104.06449178222451,-37.286839704318204,9.828000000000005,0.0,0.0,0.0
104.05868686962762,-37.274700534600086,9.828000000000003,0.0,0.0,0.0
104.05289547109624,-37.26254258597983,9.828000000000003,0.0,0.0,0.0
104.04711453672058,-37.250370687209006,9.828000000000005,0.0,0.0,0.0
104.0413410929163,-37.238189546385705,9.828000000000008,0.0,0.0,0.0
104.03557224155088,-37.226003752345406,9.828000000000007,0.0,0.0,0.0
104.02980515907012,-37.21381777604407,9.828000000000007,0.0,0.0,0.0
104.02403709562583,-37.201635971934046,9.828000000000007,0.0,0.0,0.0
104.01826537420429,-37.189462579332485,9.828000000000007,0.0,0.0,0.0
104.01248738975634,-37.177301723782655,9.828000000000007,0.0,0.0,0.0
104.00670060832876,-37.16515741840767,9.828000000000007,0.0,0.0,0.0
104.00090256619788,-37.15303356525737,9.828000000000007,0.0,0.0,0.0
103.99509086900531,-37.140933956647864,9.828000000000007,0.0,0.0,0.0
103.98926319089634,-37.128862276494246,9.828000000000008,0.0,0.0,0.0
103.98341727366034,-37.11682210163588,9.828000000000007,0.0,0.0,0.0
103.97755092587488,-37.10481690315505,9.828000000000007,0.0,0.0,0.0
103.97166202205246,-37.092850047688536,9.828000000000007,0.0,0.0,0.0
103.96574850179069,-37.08092479873227,9.82800000000001,0.0,0.0,0.0
103.95980836892613,-37.06904431793925,9.82800000000001,0.0,0.0,0.0
103.95383969069145,-37.05721166641042,9.82800000000001,0.0,0.0,0.0
103.94784059687667,-37.0454298059789,9.828000000000008,0.0,0.0,0.0
103.94180927899443,-37.03370160048755,9.828000000000007,0.0,0.0,0.0
103.93574398944948,-37.022029817059625,9.82800000000001,0.0,0.0,0.0
103.92964304071197,-37.01041712736277,9.828000000000008,0.0,0.0,0.0
103.92350480449579,-36.998866108866466,9.828000000000007,0.0,0.0,0.0
103.91732771094104,-36.98737924609267,9.828000000000007,0.0,0.0,0.0
103.91111024780135,-36.97595893186008,9.828000000000007,0.0,0.0,0.0
103.90485095963571,-36.96460746852142,9.82800000000001,0.0,0.0,0.0
103.89854844700537,-36.95332706919457,9.82800000000001,0.0,0.0,0.0
103.89220136567549,-36.94211985898683,9.828000000000008,0.0,0.0,0.0
103.88580842582215,-36.930987876212846,9.82800000000001,0.0,0.0,0.0
103.8793683912438,-36.919933073605876,9.82800000000001,0.0,0.0,0.0
103.87288007857846,-36.908957319522614,9.82800000000001,0.0,0.0,0.0
103.86634235652582,-36.89806239914154,9.82800000000001,0.0,0.0,0.0
103.85975414507467,-36.88725001565475,9.82800000000001,0.0,0.0,0.0
103.85311441473584,-36.876521791453435,9.828000000000012,0.0,0.0,0.0
103.84642218577991,-36.86587926930664,9.828000000000012,0.0,0.0,0.0
103.83967652748098,-36.85532391353387,9.82800000000001,0.0,0.0,0.0
103.83287655736535,-36.84485711117109,9.828000000000008,0.0,0.0,0.0
103.82602144046625,-36.834480173130416,9.828000000000008,0.0,0.0,0.0
103.81911038858308,-36.82419433535319,9.82800000000001,0.0,0.0,0.0
103.8121426595471,-36.81400075995687,9.82800000000001,0.0,0.0,0.0
103.80511755649196,-36.803900536375274,9.828000000000012,0.0,0.0,0.0
103.79803442713032,-36.79389468249271,9.828000000000007,0.0,0.0,0.0
103.79089266303517,-36.78398414577137,9.82800000000001,0.0,0.0,0.0
103.78369169892747,-36.77416980437255,9.82800000000001,0.0,0.0,0.0
103.77643101196878,-36.764452468271344,9.82800000000001,0.0,0.0,0.0
103.76911012105977,-36.754832880365115,9.82800000000001,0.0,0.0,0.0
103.76172858614372,-36.74531171757533,9.828000000000008,0.0,0.0,0.0
103.75428600751606,-36.735889591943156,9.828000000000012,0.0,0.0,0.0
103.74678202513887,-36.72656705171853,9.828000000000012,0.0,0.0,0.0
103.73921631796148,-36.717344582443154,9.828000000000012,0.0,0.0,0.0
103.7315886032456,-36.708222608026524,9.828000000000008,0.0,0.0,0.0
103.7238986358967,-36.699201491816076,9.828000000000008,0.0,0.0,0.0
103.71614620780029,-36.690281537660695,9.82800000000001,0.0,0.0,0.0
103.70833114716369,-36.681462990967745,9.82800000000001,0.0,0.0,0.0
103.7004533178634,-36.67274603975397,9.82800000000001,0.0,0.0,0.0
103.69251261879708,-36.66413081568958,9.828000000000012,0.0,0.0,0.0
103.68450898324151,-36.65561739513623,9.828000000000012,0.0,0.0,0.0
103.67644237821544,-36.64720580017845,9.828000000000012,0.0,0.0,0.0
103.66831280384788,-36.63889599964871,9.828000000000014,0.0,0.0,0.0
103.6601202927511,-36.6306879101459,9.828000000000014,0.0,0.0,0.0
103.65186490939918,-36.622581397047526,9.828000000000014,0.0,0.0,0.0
103.64354674951156,-36.61457627551537,9.828000000000012,0.0,0.0,0.0
103.63516593944178,-36.60667231149482,9.828000000000012,0.0,0.0,0.0
103.62672263557067,-36.598869222707506,9.828000000000012,0.0,0.0,0.0
103.61821702370524,-36.591166679637716,9.828000000000014,0.0,0.0,0.0
103.60964931848198,-36.58356430651218,9.828000000000014,0.0,0.0,0.0
103.60101976277564,-36.57606168227353,9.828000000000012,0.0,0.0,0.0
103.5923286271119,-36.56865834154705,9.828000000000014,0.0,0.0,0.0
103.58357620908589,-36.56135377560116,9.828000000000014,0.0,0.0,0.0
103.57476283278483,-36.55414743330128,9.828000000000014,0.0,0.0,0.0
103.5658888482156,-36.54703872205721,9.828000000000012,0.0,0.0,0.0
103.55695463073715,-36.54002700876408,9.828000000000014,0.0,0.0,0.0
103.54796058049712,-36.533111620736605,9.828000000000012,0.0,0.0,0.0
103.53890712187344,-36.526291846636965,9.828000000000014,0.0,0.0,0.0
103.52979470292038,-36.51956693739617,9.828000000000012,0.0,0.0,0.0
103.52062379481924,-36.51293610712878,9.82800000000001,0.0,0.0,0.0
103.51139489133305,-36.50639853404111,9.828000000000014,0.0,0.0,0.0
103.5021085082663,-36.49995336133292,9.828000000000012,0.0,0.0,0.0
103.49276518292854,-36.493599698092545,9.828000000000014,0.0,0.0,0.0
103.48336547360293,-36.48733662018547,9.828000000000012,0.0,0.0,0.0
103.47390995901827,-36.481163171136224,9.828000000000012,0.0,0.0,0.0
103.46439923782611,-36.475078363003874,9.828000000000014,0.0,0.0,0.0
103.45483392808141,-36.46908117725074,9.828000000000014,0.0,0.0,0.0
103.44521466672819,-36.463170565604756,9.828000000000014,0.0,0.0,0.0
103.4355421090882,-36.45734545091496,9.828000000000008,0.0,0.0,0.0
103.42581692835478,-36.451604728000575,9.82800000000001,0.0,0.0,0.0
103.41603981509013,-36.445947264493405,9.82800000000001,0.0,0.0,0.0
103.40621147672704,-36.44037190167373,9.82800000000001,0.0,0.0,0.0
103.39633263707408,-36.43487745529932,9.828000000000008,0.0,0.0,0.0
103.38640403582525,-36.42946271642808,9.828000000000012,0.0,0.0,0.0
103.37642642807337,-36.42412645223392,9.828000000000012,0.0,0.0,0.0
103.36640058382723,-36.418867406816084,9.82800000000001,0.0,0.0,0.0
103.35632728753298,-36.4136843020018,9.82800000000001,0.0,0.0,0.0
103.34620733759877,-36.40857583814213,9.82800000000001,0.0,0.0,0.0
103.33604154592365,-36.403540694901444,9.828000000000008,0.0,0.0,0.0
103.32583073743005,-36.39857753203998,9.828000000000012,0.0,0.0,0.0
103.31557574960021,-36.393684990189996,9.828000000000008,0.0,0.0,0.0
103.30527743201577,-36.38886169162493,9.828000000000012,0.0,0.0,0.0
103.29493664590166,-36.38410624102218,9.828000000000012,0.0,0.0,0.0
103.28455426367317,-36.37941722621906,9.82800000000001,0.0,0.0,0.0
103.27413116848722,-36.37479321896218,9.828000000000012,0.0,0.0,0.0
103.2636682537963,-36.37023277564994,9.828000000000012,0.0,0.0,0.0
103.25316642290692,-36.36573443806854,9.828000000000008,0.0,0.0,0.0
103.24262658854104,-36.36129673412125,9.828000000000012,0.0,0.0,0.0
103.23204967240147,-36.35691817855098,9.828000000000012,0.0,0.0,0.0
103.22143660474013,-36.35259727365601,9.82800000000001,0.0,0.0,0.0
103.21078832393037,-36.3483325099993,9.82800000000001,0.0,0.0,0.0
103.20010577604265,-36.34412236711084,9.828000000000012,0.0,0.0,0.0
103.18938991442336,-36.33996531418343,9.828000000000012,0.0,0.0,0.0
103.17864169927766,-36.33585981076177,9.82800000000001,0.0,0.0,0.0
103.16786209725498,-36.331804307424704,9.82800000000001,0.0,0.0,0.0
103.15705208103847,-36.32779724646093,9.82800000000001,0.0,0.0,0.0
103.14621262893775,-36.323837062537784,9.82800000000001,0.0,0.0,0.0
103.13534472448502,-36.31992218336365,9.828000000000008,0.0,0.0,0.0
103.1244493560342,-36.31605103034319,9.82800000000001,0.0,0.0,0.0
103.113527516364,-36.31222201922628,9.828000000000012,0.0,0.0,0.0
103.10258020228379,-36.308433560749975,9.82800000000001,0.0,0.0,0.0
103.09160841424337,-36.30468406127395,9.82800000000001,0.0,0.0,0.0
103.08061315594536,-36.300971923408945,9.828000000000012,0.0,0.0,0.0
103.06959543396158,-36.297295546638786,9.82800000000001,0.0,0.0,0.0
103.05855625735225,-36.293653327935516,9.82800000000001,0.0,0.0,0.0
103.04749663728897,-36.290043662367914,9.828000000000008,0.0,0.0,0.0
103.0364175866804,-36.28646494370313,9.828000000000008,0.0,0.0,0.0
103.02532011980182,-36.28291556500181,9.828000000000008,0.0,0.0,0.0
103.01420525192763,-36.27939391920636,9.82800000000001,0.0,0.0,0.0
103.00307399896724,-36.27589839972253,9.828000000000008,0.0,0.0,0.0
102.9919273771045,-36.27242740099439,9.82800000000001,0.0,0.0,0.0
102.98076640243993,-36.26897931907238,9.828000000000008,0.0,0.0,0.0
102.9695920906366,-36.265552552174846,9.828000000000008,0.0,0.0,0.0
102.95840545656924,-36.26214550124273,9.828000000000008,0.0,0.0,0.0
102.94720751397688,-36.25875657048777,9.828000000000008,0.0,0.0,0.0
102.9359992751182,-36.25538416793363,9.828000000000008,0.0,0.0,0.0
102.92478175043082,-36.25202670595067,9.828000000000008,0.0,0.0,0.0
102.91355594819343,-36.24868260178384,9.828000000000007,0.0,0.0,0.0
102.9023228741919,-36.24535027807403,9.828000000000008,0.0,0.0,0.0
102.89108353138779,-36.242028163372424,9.828000000000008,0.0,0.0,0.0
102.87983891959105,-36.238714692648536,9.828000000000007,0.0,0.0,0.0
102.86859003513551,-36.235408307791225,9.828000000000008,0.0,0.0,0.0
102.85733787055828,-36.23210745810339,9.828000000000008,0.0,0.0,0.0
102.84608341428178,-36.228810600789544,9.828000000000008,0.0,0.0,0.0
102.83482765029989,-36.22551620143707,9.828000000000008,0.0,0.0,0.0
102.82357155786691,-36.222222734490636,9.828000000000008,0.0,0.0,0.0
102.8123161111906,-36.21892868372002,9.82800000000001,0.0,0.0,0.0
102.80106227912766,-36.215632542681156,9.828000000000008,0.0,0.0,0.0
102.7898110248837,-36.21233281517061,9.82800000000001,0.0,0.0,0.0
102.77856330571589,-36.20902801567342,9.828000000000008,0.0,0.0,0.0
102.76732007263941,-36.20571666980413,9.82800000000001,0.0,0.0,0.0
102.7560822701375,-36.202397314741475,9.82800000000001,0.0,0.0,0.0
102.74485083587452,-36.19906849965601,9.82800000000001,0.0,0.0,0.0
102.73362670041296,-36.19572878613144,9.828000000000008,0.0,0.0,0.0
102.72241078693385,-36.19237674857915,9.828000000000008,0.0,0.0,0.0
102.71120401096081,-36.189010974646244,9.828000000000007,0.0,0.0,0.0
102.70000728008728,-36.18563006561673,9.828000000000008,0.0,0.0,0.0
102.68882149370776,-36.182232636806276,9.828000000000007,0.0,0.0,0.0
102.67764754275245,-36.1788173179503,9.828000000000007,0.0,0.0,0.0
102.66648630942572,-36.17538275358551,9.828000000000007,0.0,0.0,0.0
102.65533866694766,-36.171927603424656,9.828000000000008,0.0,0.0,0.0
102.64420547929997,-36.16845054272486,9.828000000000007,0.0,0.0,0.0
102.63308760097505,-36.16495026264931,9.828000000000005,0.0,0.0,0.0
102.6219858767292,-36.16142547062239,9.828000000000007,0.0,0.0,0.0
102.61090114133891,-36.1578748906781,9.828000000000007,0.0,0.0,0.0
102.59983421936151,-36.15429726380207,9.828000000000007,0.0,0.0,0.0
102.58878592489921,-36.15069134826689,9.828000000000007,0.0,0.0,0.0
102.57775706136712,-36.14705591996092,9.828000000000007,0.0,0.0,0.0
102.56674842126502,-36.14338977271062,9.828000000000007,0.0,0.0,0.0
102.55576078595269,-36.13969171859609,9.828000000000007,0.0,0.0,0.0
102.54479492542941,-36.135960588260325,9.828000000000008,0.0,0.0,0.0
102.53385159811725,-36.132195231211796,9.828000000000007,0.0,0.0,0.0
102.52293155064825,-36.12839451612058,9.828000000000007,0.0,0.0,0.0
102.51203551765524,-36.1245573311078,9.828000000000007,0.0,0.0,0.0
102.5011642215669,-36.12068258402869,9.828000000000007,0.0,0.0,0.0
102.49031837240666,-36.11676920274911,9.828000000000007,0.0,0.0,0.0
102.47949866759573,-36.11281613541564,9.828000000000007,0.0,0.0,0.0
102.46870579175959,-36.108822350718874,9.828000000000007,0.0,0.0,0.0
102.45794041653915,-36.10478683815057,9.828000000000007,0.0,0.0,0.0
102.44720320040541,-36.100708608254045,9.828000000000007,0.0,0.0,0.0
102.43649478847883,-36.09658669286836,9.828000000000007,0.0,0.0,0.0
102.42581581235176,-36.09242014536566,9.828000000000007,0.0,0.0,0.0
102.41516688991594,-36.08820804088233,9.828000000000007,0.0,0.0,0.0
102.40454862519357,-36.083949476543566,9.828000000000007,0.0,0.0,0.0
