galstreams/tracks/track.st.M92.ibata2024.ecsv
# %ECSV 1.0
# ---
# datatype:
# - {name: ra, unit: deg, datatype: float64}
# - {name: dec, unit: deg, datatype: float64}
# - {name: distance, unit: kpc, datatype: float64}
# - {name: pm_ra_cosdec, unit: mas / yr, datatype: float64}
# - {name: pm_dec, unit: mas / yr, datatype: float64}
# - {name: radial_velocity, unit: km / s, datatype: float64}
# delimiter: ','
# meta: !!omap
# - __serialized_columns__:
#     dec:
#       __class__: astropy.coordinates.angles.Latitude
#       unit: &id001 !astropy.units.Unit {unit: deg}
#       value: !astropy.table.SerializedColumn {name: dec}
#     distance:
#       __class__: astropy.coordinates.distances.Distance
#       unit: !astropy.units.Unit {unit: kpc}
#       value: !astropy.table.SerializedColumn {name: distance}
#     pm_dec:
#       __class__: astropy.units.quantity.Quantity
#       unit: !astropy.units.Unit {unit: mas / yr}
#       value: !astropy.table.SerializedColumn {name: pm_dec}
#     pm_ra_cosdec:
#       __class__: astropy.units.quantity.Quantity
#       unit: !astropy.units.Unit {unit: mas / yr}
#       value: !astropy.table.SerializedColumn {name: pm_ra_cosdec}
#     ra:
#       __class__: astropy.coordinates.angles.Longitude
#       unit: *id001
#       value: !astropy.table.SerializedColumn {name: ra}
#       wrap_angle: !astropy.coordinates.Angle
#         unit: *id001
#         value: 360.0
#     radial_velocity:
#       __class__: astropy.units.quantity.Quantity
#       unit: !astropy.units.Unit {unit: km / s}
#       value: !astropy.table.SerializedColumn {name: radial_velocity}
# schema: astropy-2.0
ra,dec,distance,pm_ra_cosdec,pm_dec,radial_velocity
[from data line 142]
253.25348844554708,44.03828244443117,0.9999999999999989,-3.695980953026937,-1.7810249450953344,44.435563740731865
253.26948424693788,44.03816056754274,0.999999999999999,-3.7008516578795687,-1.7781950273252103,43.61070501424612
253.2854780133018,44.03803206080883,0.9999999999999988,-3.705712967743435,-1.7753632161884676,42.788261932690745
253.30146973964884,44.03789692501479,0.9999999999999989,-3.7105648915858565,-1.7725295197747508,41.96823169668431
253.31745942099127,44.03775516094717,0.999999999999999,-3.7154074383791267,-1.7696939461655044,41.150611506845884
253.33344705234362,44.03760676939381,0.9999999999999987,-3.72024061710047,-1.7668565034339867,40.33539856379406
253.3494326287225,44.037451751143855,0.9999999999999988,-3.7250644367320476,-1.7640171996452585,39.52259006814787
253.3654161451469,44.037290106987626,0.9999999999999989,-3.7298789062609528,-1.7611760428561678,38.71218322052601
253.38139759663812,44.03712183771673,0.9999999999999989,-3.7346840346792245,-1.758333041115348,37.904175221547376
253.39737697821982,44.036946944124026,0.999999999999999,-3.7394798309838064,-1.7554882024632157,37.098563271830805
253.4133542849176,44.03676542700365,0.9999999999999988,-3.744266304176566,-1.7526415349319717,36.29534457199505
253.42932951175973,44.03657728715098,0.9999999999999989,-3.749043463264284,-1.749793046545574,35.49451632265899
253.44530265377657,44.03638252536262,0.9999999999999988,-3.7538113172586467,-1.746942745319747,34.696075724441464
253.46127370600092,44.036181142436426,0.9999999999999989,-3.7585698751762395,-1.7440906392619762,33.900019977961215
253.47724266346773,44.03597313917151,0.999999999999999,-3.763319146038542,-1.741236736371497,33.10634628383725
253.49320952121445,44.035758516368254,0.9999999999999989,-3.7680591388719344,-1.7383810446392882,32.31505184268823
253.5091742742806,44.035537274828215,0.9999999999999989,-3.7727898627076537,-1.735523572048074,31.526133855133054
253.52513691770847,44.03530941535425,0.999999999999999,-3.777511326581852,-1.7326643265723027,30.739589521790545
253.5410974465421,44.035074938750476,0.999999999999999,-3.782223539535517,-1.729803316178173,29.955416043279588
253.55705585582828,44.03483384582218,0.9999999999999991,-3.7869265106145242,-1.7269405488235825,29.173610620218867
253.5730121406161,44.03458613737592,0.999999999999999,-3.791620248869611,-1.724076032458159,28.394170453227396
253.58896629595696,44.034331814219485,0.9999999999999991,-3.7963047633563596,-1.7212097750232327,27.617092742923802
253.60491831690456,44.03407087716194,0.999999999999999,-3.8009800631352144,-1.7183417844518563,26.842374689927045
253.62086819851504,44.03380332701353,0.9999999999999989,-3.805646157271446,-1.715472068668766,26.07001349485594
253.63681593584693,44.033529164585744,0.999999999999999,-3.810303054835183,-1.7126006355903955,25.30000635832925
253.65276152396117,44.0332483906913,0.9999999999999991,-3.8149507649013756,-1.7097274931248692,24.532350480965935
253.66870495792085,44.03296100614418,0.9999999999999989,-3.8195892965497977,-1.7068526491720062,23.76704306338468
253.68464623279178,44.032667011759536,0.999999999999999,-3.8242186588650533,-1.703976111623281,23.004081306204416
253.70058534364193,44.032366408353816,0.9999999999999991,-3.8288388609365533,-1.7010978883618608,22.243462410043914
253.71652228554194,44.03205919674459,0.9999999999999989,-3.8334499118585295,-1.6982179872625625,21.485183575522086
253.73245705356447,44.031745377750774,0.9999999999999989,-3.8380518207299996,-1.6953364161918785,20.729242003257582
253.74838964278496,44.031424952192424,0.9999999999999989,-3.8426445966547975,-1.6924531830079483,19.9756348938695
253.76432004828104,44.031097920890836,0.9999999999999988,-3.847228248741535,-1.689568295560565,19.22435944797637
253.78024826513308,44.03076428466851,0.9999999999999989,-3.8518027861036264,-1.6866817616911571,18.475412866197328
253.7961742884234,44.03042404434921,0.999999999999999,-3.856368217859244,-1.6837935892328113,17.728792349150897
253.8120981132372,44.030077200757866,0.9999999999999989,-3.8609245531313565,-1.6809037860102283,16.98449509745614
253.82801973466195,44.02972375472065,0.9999999999999991,-3.86547180104769,-1.6780123598397463,16.24251831173172
253.8439391477876,44.02936370706492,0.9999999999999991,-3.870009970740737,-1.6751193185293252,15.502859192596636
253.85985634770657,44.02899705861928,0.9999999999999991,-3.8745390713477463,-1.6722246698785428,14.765514940669535
253.87577132951364,44.02862381021353,0.9999999999999991,-3.879059112010716,-1.6693284216785915,14.030482756569375
253.89168408830628,44.02824396267867,0.999999999999999,-3.8835701018763937,-1.6664305817122649,13.297759840914965
253.90759461918427,44.02785751684691,0.999999999999999,-3.8880720500962624,-1.6635311577539598,12.567343394325162
253.92350291725003,44.02746447355164,0.999999999999999,-3.8925649658265447,-1.6606301575696651,11.839230617418648
253.9394089776082,44.02706483362752,0.9999999999999991,-3.897048858228181,-1.657727588916976,11.113418710814434
253.9553127953662,44.02665859791036,0.999999999999999,-3.901523736466847,-1.6548234595450577,10.389904875131176
253.97121436563393,44.02624576723717,0.9999999999999989,-3.905989609712924,-1.6519177771946585,9.66868631098782
253.98711368352352,44.0258263424462,0.9999999999999989,-3.9104464871415088,-1.6490105495981082,8.949760219003224
254.00301074414998,44.025400324376854,0.999999999999999,-3.914894377932396,-1.6461017844793011,8.233123799796092
254.01890554263062,44.024967713869756,0.9999999999999989,-3.9193332912700853,-1.6431914895536983,7.518774253985401
254.03479807408536,44.0245285117667,0.9999999999999992,-3.923763236343767,-1.6402796725283177,6.806708782189811
254.05068833363677,44.024082718910684,0.9999999999999989,-3.92818422234732,-1.6373663411017323,6.096924585028321
254.06657631640965,44.02363033614592,0.999999999999999,-3.9325962584792933,-1.6344515029640714,5.389418863119621
254.08246201753155,44.023171364317825,0.999999999999999,-3.9369993539429204,-1.6315351657970028,4.6841888170826484
254.09834543213276,44.022705804272896,0.9999999999999991,-3.9413935179461057,-1.6286173372737247,3.9812316475361342
254.1142265553457,44.02223365685898,0.999999999999999,-3.945778759701402,-1.6256980250589916,3.2805445550989547
254.13010538230563,44.02175492292497,0.9999999999999993,-3.9501550884260292,-1.6227772368090685,2.582124740390007
254.14598190815042,44.021269603321024,0.9999999999999991,-3.9545225133418613,-1.619854980171748,1.8859694040280064
254.16185612802042,44.020777698898435,0.999999999999999,-3.9588810436754045,-1.6169312627863457,1.1920757466318468
254.17772803705864,44.02027921050969,0.9999999999999991,-3.9632306886578137,-1.614006092283684,0.500440968820396
254.19359763041044,44.0197741390085,0.9999999999999991,-3.9675714575248704,-1.6110794762861103,-0.1889377287876545
254.20946490322413,44.01926248524969,0.9999999999999991,-3.971903359516983,-1.6081514224074565,-0.8760631455733521
254.22532985065038,44.01874425008929,0.999999999999999,-3.976226403879185,-1.6052219382530675,-1.5609380809179567
254.2411924678427,44.0182194343845,0.9999999999999991,-3.98054059986112,-1.6022910314197694,-2.2435653342025828
254.25705274995678,44.01768803899372,0.999999999999999,-3.984845956717038,-1.599358709495899,-2.9239477048083864
254.27291069215147,44.017150064776466,0.999999999999999,-3.9891424837057943,-1.5964249800612533,-3.602087992116488
254.28876628958784,44.016605512593486,0.9999999999999991,-3.9934301900908395,-1.5934898506871265,-4.277988995508264
254.30461953742991,44.01605438330663,0.999999999999999,-3.997709085140216,-1.5905533289362745,-4.951653514364697
254.32047043084393,44.01549667777899,0.9999999999999991,-4.001979178126543,-1.5876154223629402,-5.623084348067052
254.33631896499918,44.01493239687477,0.9999999999999991,-4.006240478327027,-1.5846761385128172,-6.292284295996449
254.35216513506742,44.01436154145936,0.9999999999999991,-4.010492995023439,-1.5817354849230636,-6.959256157534066
254.36800893622322,44.013784112399264,0.9999999999999991,-4.01473673750212,-1.5787934691222902,-7.624002732061096
254.38385036364346,44.01320011056225,0.9999999999999991,-4.018971715053963,-1.57585009863057,-8.286526818958674
254.39968941250808,44.012609536817166,0.9999999999999992,-4.023197936974424,-1.5729053809594111,-8.946831217608041
254.41552607799943,44.012012392034016,0.9999999999999992,-4.0274154125635,-1.5699593236117706,-9.604918727390247
254.43136035530284,44.01140867708398,0.9999999999999991,-4.031624151125732,-1.5670119340820288,-10.260792147686605
254.44719223960587,44.01079839283941,0.9999999999999991,-4.035824161970192,-1.5640632198560218,-10.914454277878146
254.46302172609916,44.01018154017379,0.9999999999999991,-4.04001545441048,-1.5611131884109948,-11.565907917346186
254.47884880997594,44.00955811996175,0.9999999999999992,-4.044198037764725,-1.5581618472156196,-12.21515586547181
254.49467348643213,44.00892813307909,0.999999999999999,-4.048371921355569,-1.555209203729989,-12.862200921636145
254.5104957506663,44.008291580402734,0.9999999999999991,-4.052537114510157,-1.5522552654056088,-13.507045885220505
254.5263155978798,44.007648462810785,0.999999999999999,-4.0566936265601505,-1.5493000396853995,-14.149693555605888
254.54213302327668,44.00699878118247,0.9999999999999991,-4.060841466841696,-1.5463435340036793,-14.790146732173604
254.55794802206387,44.00634253639813,0.9999999999999992,-4.064980644695443,-1.5433857557861623,-15.42840821430472
254.57376058945067,44.00567972933932,0.9999999999999992,-4.069111169466517,-1.5404267124499769,-16.06448080138051
254.58957072064948,44.00501036088867,0.9999999999999991,-4.073233050504526,-1.5374664114036247,-16.698367292782063
254.6053784108753,44.00433443193,0.999999999999999,-4.077346297163551,-1.5345048600470013,-17.33007048789062
254.62118365534587,44.003651943348196,0.9999999999999991,-4.0814509188021395,-1.5315420657713852,-17.959593186087268
254.63698644928166,44.00296289602938,0.9999999999999991,-4.085546924783298,-1.5285780359594332,-18.586938186753258
254.65278678790605,44.00226729086073,0.9999999999999991,-4.089634324474485,-1.5256127779851743,-19.212108289269658
254.66858466644496,44.00156512873058,0.9999999999999991,-4.093713127247613,-1.5226462992140108,-19.835106293017745
254.68438008012743,44.000856410528364,0.999999999999999,-4.097783342479031,-1.5196786070026957,-20.45593499737869
254.7001730241848,44.00014113714473,0.9999999999999991,-4.101844979549522,-1.5167097086993686,-21.074597201733646
254.71596349385158,43.999419309471385,0.999999999999999,-4.1058980478443,-1.5137396116435058,-21.69109570546369
254.7317514843649,43.99869092840115,0.9999999999999991,-4.109942556753005,-1.5107683231659403,-22.305433307950132
254.74753699096482,43.99795599482801,0.9999999999999991,-4.113978515669686,-1.5077958505888502,-22.917612808574
254.76332000889403,43.997214509647094,0.9999999999999991,-4.118005933992804,-1.5048222012257662,-23.52763700671662
254.7791005333981,43.99646647375457,0.9999999999999989,-4.122024821125229,-1.5018473823815555,-24.13550870175902
254.7948785597255,43.995711888047815,0.9999999999999991,-4.126035186474219,-1.4988714013524094,-24.741230693082485
254.8106540831275,43.99495075342524,0.9999999999999991,-4.130037039451432,-1.4958942654258576,-25.344805780068103
254.82642709885798,43.994183070786484,0.9999999999999991,-4.134030389472903,-1.4929159818807691,-25.946236762097126
254.84219760217388,43.99340884103217,0.9999999999999991,-4.138015245959051,-1.4899365579873187,-26.545526438550667
254.857965588335,43.992628065064125,0.9999999999999991,-4.141991618334661,-1.4869560010070044,-27.142677608809894
254.87373105260383,43.99184074378525,0.9999999999999992,-4.145959516028892,-1.4839743181926361,-27.737693072256008
254.88949399024574,43.99104687809958,0.9999999999999992,-4.149918948475251,-1.4809915167883472,-28.33057562827015
254.90525439652893,43.99024646891224,0.9999999999999991,-4.153869925111607,-1.4780076040295658,-28.921328076233507
254.9210122667247,43.98943951712946,0.9999999999999992,-4.157812455380169,-1.4750225871430223,-29.509953215527236
254.93676759610693,43.988626023658576,0.9999999999999993,-4.161746548727491,-1.4720364733467437,-30.096453845532533
254.95252037995238,43.98780598940807,0.9999999999999993,-4.1656722146044585,-1.469049269850066,-30.680832765630534
254.9682706135409,43.986979415287465,0.9999999999999992,-4.16958946246628,-1.4660609838536,-31.263092775202498
254.98401829215499,43.98614630220742,0.9999999999999992,-4.173498301772495,-1.463071622549247,-31.843236673629452
254.99976341108035,43.985306651079625,0.9999999999999992,-4.177398741986945,-1.4600811931201911,-32.42126726029273
255.0155059656051,43.98446046281702,0.9999999999999992,-4.181290792577789,-1.4570897027409035,-32.99718733457335
255.03124595102062,43.98360773833349,0.9999999999999993,-4.1851744630174785,-1.454097158577114,-33.570999695852564
255.0469833626212,43.982748478544075,0.9999999999999991,-4.189049762782767,-1.4511035677858297,-34.14270714351154
255.06271819570392,43.981882684364884,0.9999999999999991,-4.192916701354699,-1.4481089375153333,-34.71231247693146
255.07845044556868,43.98101035671318,0.9999999999999992,-4.196775288218589,-1.4451132749051583,-35.27981849549342
255.0941801075184,43.98013149650722,0.9999999999999991,-4.200625532864042,-1.442116587086114,-35.845227998578714
255.1099071768591,43.97924610466643,0.9999999999999991,-4.204467444784916,-1.4391188811802396,-36.408543785568405
255.1256316488995,43.978354182111254,0.9999999999999992,-4.20830103347935,-1.4361201643008465,-36.969768655843716
255.14135351895135,43.97745572976331,0.9999999999999993,-4.212126308449717,-1.4331204435524856,-37.528905408785825
255.15707278232915,43.97655074854519,0.9999999999999992,-4.215943279202669,-1.4301197260309633,-38.08595684377588
255.17278943435076,43.97563923938065,0.9999999999999992,-4.219751955249069,-1.4271180188233075,-38.640925760195074
255.18850347033663,43.97472120319446,0.9999999999999991,-4.2235523461040465,-1.4241153290077966,-39.193814957424465
255.20421488561027,43.97379664091255,0.9999999999999992,-4.227344461286933,-1.4211116636539405,-39.74462723484544
255.21992367549825,43.97286555346186,0.9999999999999992,-4.2311283103213,-1.4181070298224752,-40.29336539183899
255.23562983532995,43.9719279417704,0.9999999999999993,-4.23490390273494,-1.4151014345653667,-40.84003222778635
255.2513333604379,43.97098380676729,0.9999999999999991,-4.23867124805985,-1.4120948849257946,-41.384630542068685
255.2670342461574,43.97003314938273,0.9999999999999993,-4.242430355832229,-1.409087387938171,-41.92716313406718
255.28273248782696,43.969075970547934,0.9999999999999992,-4.246181235592469,-1.4060789506281117,-42.46763280316296
255.29842808078797,43.96811227119524,0.9999999999999992,-4.249923896885168,-1.403069580012446,-43.00604234873726
255.31412102038485,43.967142052257984,0.9999999999999992,-4.253658349259094,-1.4000592830992122,-43.5423945701712
255.32981130196484,43.96616531467065,0.9999999999999992,-4.257384602267205,-1.3970480668876673,-44.07669226684597
255.34549892087847,43.96518205936873,0.9999999999999992,-4.26110266546662,-1.3940359383682397,-44.608938238142734
255.36118387247913,43.964192287288796,0.9999999999999993,-4.264812548418627,-1.3910229045225808,-45.13913528344273
255.37686615212334,43.96319599936845,0.9999999999999992,-4.268514260688676,-1.3880089723235214,-45.66728620212702
255.3925457551704,43.9621931965464,0.9999999999999992,-4.27220781184636,-1.384994148735096,-46.19339379357684
255.40822267698283,43.96118387976239,0.9999999999999992,-4.275893211465429,-1.3819784407125182,-46.71746085717333
255.42389691292618,43.9601680499572,0.9999999999999991,-4.27957046912376,-1.3789618552021832,-47.23949019229768
255.43956845836914,43.95914570807265,0.9999999999999992,-4.283239594403364,-1.3759443991416642,-47.75948459833109
