galstreams/tracks/track.st.Ylgr.ibata2021.ecsv
# %ECSV 1.0
# ---
# datatype:
# - {name: ra, unit: deg, datatype: float64}
# - {name: dec, unit: deg, datatype: float64}
# - {name: distance, unit: kpc, datatype: float64}
# - {name: pm_ra_cosdec, unit: mas / yr, datatype: float64}
# - {name: pm_dec, unit: mas / yr, datatype: float64}
# - {name: radial_velocity, unit: km / s, datatype: float64}
# delimiter: ','
# meta: !!omap
# - __serialized_columns__:
#     dec:
#       __class__: astropy.coordinates.angles.Latitude
#       unit: &id001 !astropy.units.Unit {unit: deg}
#       value: !astropy.table.SerializedColumn {name: dec}
#     distance:
#       __class__: astropy.coordinates.distances.Distance
#       unit: !astropy.units.Unit {unit: kpc}
#       value: !astropy.table.SerializedColumn {name: distance}
#     pm_dec:
#       __class__: astropy.units.quantity.Quantity
#       unit: !astropy.units.Unit {unit: mas / yr}
#       value: !astropy.table.SerializedColumn {name: pm_dec}
#     pm_ra_cosdec:
#       __class__: astropy.units.quantity.Quantity
#       unit: !astropy.units.Unit {unit: mas / yr}
#       value: !astropy.table.SerializedColumn {name: pm_ra_cosdec}
#     ra:
#       __class__: astropy.coordinates.angles.Longitude
#       unit: *id001
#       value: !astropy.table.SerializedColumn {name: ra}
#       wrap_angle: !astropy.coordinates.Angle
#         unit: *id001
#         value: 360.0
#     radial_velocity:
#       __class__: astropy.units.quantity.Quantity
#       unit: !astropy.units.Unit {unit: km / s}
#       value: !astropy.table.SerializedColumn {name: radial_velocity}
# schema: astropy-2.0
ra,dec,distance,pm_ra_cosdec,pm_dec,radial_velocity
[from data line 3218]
176.2606252580993,-27.515403745578947,11.195703092710646,-0.379980262685053,-6.58270734141197,271.2205584491079
176.2646378487863,-27.524757968118166,11.196724955764749,-0.38006381196088795,-6.58128054959242,271.27780449075505
176.26865082740002,-27.53411218350654,11.19774463715117,-0.3801473524033713,-6.5798544021497,271.3350265600885
176.27266419428452,-27.543466391692828,11.198762134705136,-0.3802308838534359,-6.578428899567311,271.39222463966206
176.27667794978393,-27.552820592625828,11.199777446261844,-0.3803144061519038,-6.577004042328753,271.4493987120298
176.28069209424257,-27.562174786254293,11.200790569656505,-0.38039791913948323,-6.575579830917504,271.50654875974584
176.2847066280049,-27.571528972526973,11.20180150272433,-0.380481422656769,-6.574156265817023,271.5636747653642
176.2887215514155,-27.580883151392584,11.202810243300526,-0.3805649165442424,-6.572733347510755,271.6207767114388
176.29273686481906,-27.590237322799865,11.2038167892203,-0.3806484006422724,-6.571311076482132,271.677854580524
176.29675256856046,-27.599591486697502,11.204821138318863,-0.3807318747911163,-6.569889453214564,271.7349083551737
176.3007686629847,-27.60894564303417,11.205823288431425,-0.3808153388309147,-6.568468478191447,271.7919380179418
176.3047851484369,-27.618299791758528,11.206823237393191,-0.3808987926016956,-6.5670481518961665,271.8489435513823
176.30880202526237,-27.627653932819246,11.207820983039372,-0.3809822359433773,-6.565628474812082,271.9059249380497
176.31281929380654,-27.637008066164938,11.208816523205176,-0.3810656686957629,-6.564209447422545,271.96288216049766
176.31683695441487,-27.646362191744227,11.209809855725812,-0.38114909069853653,-6.562791070210884,272.01981520128027
176.32085500743315,-27.6557163095057,11.210800978436488,-0.381232501791275,-6.561373343660418,272.07672404295164
176.32487345320718,-27.66507041939794,11.211789889172412,-0.38131590181344044,-6.559956268254448,272.1336086680659
176.3288922920829,-27.674424521369524,11.212776585768797,-0.3813992906043803,-6.558539844476249,272.19046905917696
176.33291152440648,-27.683778615368993,11.213761066060849,-0.38148266800332725,-6.557124072809093,272.24730519883894
176.3369311505241,-27.693132701344883,11.214743327883777,-0.3815660338494016,-6.555708953736228,272.30411706960587
176.3409511707822,-27.702486779245703,11.215723369072782,-0.3816493879816096,-6.55429448774089,272.36090465403186
176.34497158552733,-27.71184084901995,11.216701187463087,-0.38173273023884297,-6.552880675306291,272.4176679346707
176.34899239510614,-27.721194910616113,11.217676780889892,-0.3818160604598793,-6.5514675169156344,272.4744068940769
176.35301359986542,-27.730548963982663,11.218650147188406,-0.38189937848338135,-6.550055013052109,272.53112151480406
176.3570352001521,-27.739903009068026,11.219621284193838,-0.3819826841478994,-6.548643164198876,272.5878117794064
176.36105719631337,-27.749257045820645,11.220590189741397,-0.38206597729186803,-6.547231970839092,272.64447767043805
176.36507958869635,-27.75861107418895,11.221556861666294,-0.3821492577536079,-6.5458214334558855,272.70111917045296
176.3691023776485,-27.767965094121323,11.222521297803738,-0.38223252537132546,-6.544411552532379,272.7577362620053
176.37312556351728,-27.77731910556615,11.223483495988928,-0.3823157799831133,-6.543002328551669,272.81432892764894
176.3771491466504,-27.786673108471796,11.224443454057088,-0.3823990214269478,-6.541593761996844,272.8708971499381
176.38117312739556,-27.7960271027866,11.225401169843412,-0.38248224954069093,-6.540185853350973,272.9274409114267
176.38519750610078,-27.8053810884589,11.226356641183122,-0.3825654641620917,-6.538778603097103,272.9839601946688
176.38922228311415,-27.814735065437013,11.227309865911417,-0.3826486651287831,-6.537372011718272,273.0404549822185
176.39324745878383,-27.824089033669242,11.228260841863511,-0.38273185227828205,-6.535966079697497,273.0969252566299
176.39727303345825,-27.833442993103855,11.229209566874609,-0.3828150254479948,-6.534560807517777,273.15337100045684
176.40129900748582,-27.842796943689113,11.230156038779919,-0.3828981844752075,-6.533156195662099,273.2097921962536
176.40532538121525,-27.852150885373273,11.231100255414653,-0.38298132919709227,-6.53175224461343,273.26618882657414
176.40935215499536,-27.86150481810456,11.232042214614022,-0.38306445945071144,-6.530348954854717,273.32256087397246
176.413379329175,-27.87085874183118,11.232981914213228,-0.38314757507300384,-6.5289463268688985,273.37890832100265
176.4174069041033,-27.88021265650136,11.233919352047483,-0.38323067590080195,-6.527544361138886,273.43523115021895
176.42143488012942,-27.889566562063223,11.234854525951997,-0.38331376177081344,-6.5261430581475866,273.4915293441751
176.4254632576028,-27.898920458464975,11.235787433761976,-0.3833968325196386,-6.524742418377879,273.54780288542514
176.42949203687283,-27.90827434565475,11.236718073312634,-0.38347988798375787,-6.523342442312625,273.6040517565234
176.43352121828926,-27.91762822358067,11.237646442439171,-0.3835629279995389,-6.521943130434681,273.6602759400238
176.4375508022018,-27.926982092190844,11.238572538976804,-0.3836459524032308,-6.520544483226875,273.71647541848023
176.4415807889604,-27.936335951433367,11.239496360760736,-0.38372896103096893,-6.519146501172023,273.77265017444705
176.4456111789152,-27.945689801256325,11.240417905626176,-0.38381195371877314,-6.5177491847529225,273.8288001904779
176.44964197241626,-27.955043641607762,11.241337171408336,-0.3838949303025482,-6.516352534452354,273.88492544912725
176.45367316981407,-27.96439747243572,11.242254155942424,-0.3839778906180783,-6.514956550753079,273.9410259329489
176.4577047714591,-27.973751293688238,11.243168857063651,-0.38406083450103773,-6.513561234137849,273.997101624497
176.46173677770196,-27.98310510531331,11.244081272607215,-0.38414376178698,-6.512166585089394,274.05315250632555
176.4657691888935,-27.99245890725892,11.24499140040834,-0.38422667231134766,-6.510772604090419,274.10917856098854
176.46980200538457,-28.001812699473064,11.245899238302222,-0.3843095659094611,-6.509379291623627,274.16517977104013
176.47383522752634,-28.011166481903675,11.246804784124075,-0.3843924424165309,-6.507986648171689,274.22115611903433
176.47786885566995,-28.020520254498713,11.247708035709108,-0.38447530166764626,-6.506594674217268,274.2771075875252
176.4819028901668,-28.029874017206073,11.248608990892528,-0.38455814349778156,-6.5052033702430085,274.33303415906676
176.4859373313684,-28.03922776997367,11.249507647509548,-0.3846409677417968,-6.503812736731534,274.38893581621306
176.48997217962642,-28.048581512749394,11.25040400339537,-0.3847237742344312,-6.502422774165452,274.4448125415182
176.49400743529262,-28.057935245481115,11.251298056385208,-0.3848065628103118,-6.501033483027357,274.50066431753606
176.49804309871894,-28.06728896811667,11.252189804314268,-0.38488933330394565,-6.4996448637998245,274.55649112682096
176.5020791702575,-28.076642680603907,11.253079245017757,-0.38497208554972656,-6.498256916965409,274.6122929519267
176.50611565026057,-28.085996382890634,11.253966376330888,-0.38505481938193076,-6.4968696430066455,274.6680697754075
176.51015253908042,-28.095350074924667,11.254851196088872,-0.3851375346347159,-6.495483042406056,274.72382157981735
176.51418983706967,-28.104703756653766,11.255733702126907,-0.3852202311421199,-6.494097115646151,274.7795483477103
176.51822754458095,-28.114057428025696,11.25661389228021,-0.38530290873806927,-6.492711863209411,274.83525006164035
176.52226566196708,-28.123411088988206,11.25749176438399,-0.38538556725637463,-6.491327285578308,274.89092670416153
176.526304189581,-28.132764739489048,11.25836731627345,-0.385468206530722,-6.489943383235295,274.9465782578281
176.53034312777586,-28.1421183794759,11.259240545783804,-0.38555082639468763,-6.488560156662799,275.00220470519383
176.53438247690488,-28.15147200889648,11.260111450750257,-0.3856334266817265,-6.487177606343241,275.057806028813
176.53842223732144,-28.160825627698443,11.260980029008024,-0.3857160072251754,-6.485795732759021,275.11338221123947
176.54246240937914,-28.170179235829462,11.261846278392305,-0.3857985678582586,-6.4844145363925145,275.1689332350274
176.54650299343166,-28.179532833237168,11.262710196738317,-0.3858811084140778,-6.483034017726089,275.2244590827307
176.55054398983276,-28.188886419869213,11.26357178188126,-0.3859636287256213,-6.481654177242088,275.2799597369038
176.55458539893652,-28.198239995673156,11.26443103165635,-0.3860461286257567,-6.4802750154228415,275.33543518010015
176.558627221097,-28.207593560596614,11.265287943898793,-0.38612860794723414,-6.478896532750659,275.3908853948743
176.56266945666852,-28.216947114587153,11.266142516443795,-0.38621106652268805,-6.477518729707832,275.4463103637801
176.5667121060055,-28.226300657592322,11.26699474712657,-0.3862935041846342,-6.4761416067766335,275.5017100693717
176.5707551694625,-28.23565418955966,11.267844633782323,-0.38637592076546917,-6.4747651644393205,275.55708449420297
176.57479864739423,-28.245007710436678,11.268692174246265,-0.3864583160974731,-6.473389403178132,275.61243362082814
176.5788425401556,-28.254361220170875,11.269537366353601,-0.38654069001280733,-6.472014323475289,275.66775743180096
176.58288684810157,-28.26371471870974,11.270380207939542,-0.38662304234351735,-6.470639925812997,275.72305590967596
176.58693157158731,-28.273068206000726,11.271220696839302,-0.38670537292152474,-6.469266210673436,275.77832903700676
176.59097671096814,-28.282421681991288,11.27205883088808,-0.38678768157863935,-6.467893178538778,275.8335767963477
176.59502226659953,-28.291775146628854,11.272894607921087,-0.38686996814655145,-6.466520829891166,275.88879917025275
176.59906823883708,-28.30112859986081,11.273728025773536,-0.3869522324568283,-6.46514916521274,275.94399614127576
176.6031146280365,-28.31048204163457,11.274559082280637,-0.3870344743409254,-6.4637781849856015,275.99916769197097
176.60716143455375,-28.319835471897516,11.275387775277594,-0.3871166936301722,-6.462407889691851,276.05431380489244
176.61120865874486,-28.329188890596985,11.276214102599612,-0.38719889015578735,-6.461038279813573,276.10943446259404
176.615256300966,-28.338542297680316,11.277038062081909,-0.3872810637488665,-6.45966935583281,276.1645296476301
176.6193043615735,-28.347895693094827,11.277859651559687,-0.38736321424038433,-6.458301118231617,276.2195993425545
176.62335284092399,-28.35724907678784,11.27867886886816,-0.3874453414612039,-6.456933567492005,276.27464352992126
176.62740173937394,-28.36660244870662,11.27949571184253,-0.3875274452420619,-6.45556670409599,276.3296621922845
176.63145105728026,-28.37595580879843,11.280310178318011,-0.38760952541358173,-6.454200528525546,276.38465531219816
176.6355007949998,-28.385309157010536,11.28112226612981,-0.38769158180626373,-6.452835041262647,276.4396228722165
176.63955095288975,-28.394662493290134,11.281931973113137,-0.3877736142504918,-6.451470242789243,276.49456485489327
176.6436015313073,-28.404015817584476,11.282739297103195,-0.38785562257652917,-6.4501061335872665,276.5494812427829
176.64765253060986,-28.413369129840735,11.2835442359352,-0.38793760661452265,-6.448742714138621,276.6043720184391
176.65170395115496,-28.422722430006072,11.284346787444358,-0.3880195661944936,-6.44737998492521,276.65923716441597
176.65575579330024,-28.43207571802767,11.285146949465876,-0.3881015011463501,-6.4460179464289045,276.7140766632677
176.65980805740364,-28.44142899385265,11.285944719834962,-0.38818341129987943,-6.444656599131568,276.7688904975483
176.66386074382308,-28.450782257428134,11.286740096386833,-0.38826529648474684,-6.443295943515031,276.82367864981177
176.6679138529167,-28.460135508701242,11.287533076956688,-0.3883471565305009,-6.441935980061124,276.87844110261227
176.6719673850428,-28.469488747619025,11.28832365937974,-0.38842899126656555,-6.440576709251643,276.93317783850364
176.67602134055988,-28.478841974128585,11.289111841491195,-0.38851080052225756,-6.43921813156837,276.9878888400401
176.68007571982645,-28.48819518817692,11.289897621126265,-0.3885925841267565,-6.437860247493076,277.04257408977554
176.6841305232013,-28.49754838971111,11.290680996120155,-0.3886743419091341,-6.436503057507509,277.0972335702643
176.6881857510433,-28.506901578678136,11.291461964308079,-0.38875607369833987,-6.435146562093388,277.15186726406006
176.6922414037115,-28.516254755025006,11.29224052352524,-0.38883777932319996,-6.4337907617324275,277.20647515371724
176.69629748156513,-28.52560791869868,11.293016671606852,-0.38891945861242605,-6.432435656906316,277.26105722178954
176.70035398496347,-28.534961069646116,11.29379040638812,-0.3890011113946015,-6.431081248096733,277.3156134508313
176.7044109142661,-28.544314207814246,11.29456172570425,-0.3890827374981972,-6.429727535785326,277.3701438233962
176.70846826983262,-28.55366733315001,11.295330627390456,-0.3891643367515601,-6.428374520453731,277.4246483220388
176.7125260520228,-28.56302044560028,11.29609710928195,-0.3892459089829171,-6.4270222025835615,277.47912692931277
176.71658426119666,-28.57237354511196,11.296861169213928,-0.38932745402037744,-6.425670582656417,277.53357962777227
176.7206428977143,-28.581726631631888,11.297622805021609,-0.38940897169192557,-6.424319661153877,277.5880063999712
176.72470196193595,-28.591079705106935,11.2983820145402,-0.3894904618254273,-6.422969438557495,277.6424072284639
176.72876145422202,-28.60043276548391,11.29913879560491,-0.38957192424862475,-6.421619915348821,277.69678209580434
176.73282137493308,-28.609785812709614,11.299893146050946,-0.3896533587891481,-6.420271092009373,277.7511309845463
176.73688172442985,-28.619138846730856,11.300645063713517,-0.38973476527449546,-6.4189229690206515,277.8054538772442
176.7409425030732,-28.62849186749439,11.301394546427831,-0.3898161435320534,-6.417575546864142,277.85975075645183
176.74500371122414,-28.637844874946968,11.302141592029097,-0.389897493389081,-6.416228826021311,277.91402160472325
176.74906534924386,-28.64719786903532,11.302886198352525,-0.38997881467271966,-6.414882806973603,277.96826640461273
176.7531274174937,-28.656550849706175,11.303628363233324,-0.39006010720999024,-6.413537490202445,278.02248513867414
176.75718991633505,-28.665903816906216,11.3043680845067,-0.3901413708277896,-6.412192876189244,278.07667778946154
176.76125284612965,-28.67525677058211,11.305105360007863,-0.3902226053528945,-6.4108489654153935,278.1308443395289
176.7653162072392,-28.68460971068054,11.30584018757202,-0.39030381061196084,-6.409505758362261,278.18498477143044
176.76938000002573,-28.693962637148122,11.306572565034385,-0.3903849864315258,-6.408163255511194,278.23909906772013
176.7734442248513,-28.703315549931492,11.30730249023016,-0.39046613263799823,-6.4068214573435265,278.2931872109521
176.77750888207814,-28.71266844897723,11.30802996099456,-0.39054724905767324,-6.405480364340574,278.3472491836802
176.7815739720686,-28.72202133423193,11.308754975162786,-0.39062833551671644,-6.404139976983629,278.4012849684587
176.78563949518534,-28.731374205642172,11.309477530570058,-0.39070939184117887,-6.402800295753957,278.45529454784156
176.78970545179104,-28.740727063154466,11.310197625051572,-0.3907904178569874,-6.401461321132825,278.50927790438277
176.79377184224853,-28.750079906715367,11.310915256442549,-0.3908714133899444,-6.400123053601456,278.5632350206364
176.79783866692082,-28.759432736271364,11.311630422578189,-0.39095237826573287,-6.39878549364108,278.6171658791566
176.80190592617114,-28.76878555176894,11.3123431212937,-0.39103331230991567,-6.397448641732885,278.67107046249725
176.8059736203628,-28.77813835315459,11.313053350424294,-0.3911142153479297,-6.39611249835805,278.7249487532125
176.81004174985927,-28.787491140374748,11.313761107805183,-0.39119508720509033,-6.39477706399773,278.77880073385643
176.81411031502418,-28.796843913375834,11.314466391271566,-0.3912759277065922,-6.393442339133076,278.83262638698307
