galstreams/tracks/track.st.Sagittarius.antoja2020.ecsv
# %ECSV 0.9
# ---
# datatype:
# - {name: ra, unit: deg, datatype: float64}
# - {name: dec, unit: deg, datatype: float64}
# - {name: distance, unit: kpc, datatype: float64}
# - {name: pm_ra_cosdec, unit: mas / yr, datatype: float64}
# - {name: pm_dec, unit: mas / yr, datatype: float64}
# - {name: radial_velocity, unit: km / s, datatype: float64}
# delimiter: ','
# meta: !!omap
# - __serialized_columns__:
#     dec:
#       __class__: astropy.coordinates.angles.Latitude
#       unit: &id001 !astropy.units.Unit {unit: deg}
#       value: !astropy.table.SerializedColumn {name: dec}
#     distance:
#       __class__: astropy.coordinates.distances.Distance
#       unit: !astropy.units.Unit {unit: kpc}
#       value: !astropy.table.SerializedColumn {name: distance}
#     pm_dec:
#       __class__: astropy.units.quantity.Quantity
#       unit: !astropy.units.Unit {unit: mas / yr}
#       value: !astropy.table.SerializedColumn {name: pm_dec}
#     pm_ra_cosdec:
#       __class__: astropy.units.quantity.Quantity
#       unit: !astropy.units.Unit {unit: mas / yr}
#       value: !astropy.table.SerializedColumn {name: pm_ra_cosdec}
#     ra:
#       __class__: astropy.coordinates.angles.Longitude
#       unit: *id001
#       value: !astropy.table.SerializedColumn {name: ra}
#       wrap_angle: !astropy.coordinates.Angle
#         unit: *id001
#         value: 360.0
#     radial_velocity:
#       __class__: astropy.units.quantity.Quantity
#       unit: !astropy.units.Unit {unit: km / s}
#       value: !astropy.table.SerializedColumn {name: radial_velocity}
# schema: astropy-2.0
ra,dec,distance,pm_ra_cosdec,pm_dec,radial_velocity
[from data line 14658]
276.7068501711657,-27.684368503734483,30.371315051252346,-2.3607693635548546,-1.1687322014689097,-8.420767129872338e-15
276.6958594342434,-27.682069989544626,30.373928472746414,-2.3605020803514156,-1.1685076569725492,8.420767129872338e-14
276.68486916001405,-27.679770608059723,30.376542777968286,-2.3602347202368903,-1.1682832065894364,1.2631150694808508e-13
276.6738793485875,-27.677470359400886,30.379157967315273,-2.359967283269959,-1.1680588503072666,1.768361097273191e-13
276.6628900000737,-27.675169243689275,30.3817740411845,-2.359699769509315,-1.1678345881136902,2.1893994537668078e-13
276.6519011145822,-27.672867261046044,30.384390999972922,-2.3594321790136528,-1.1676104199963113,1.1789073981821273e-13
276.64091269222274,-27.670564411592416,30.38700884407733,-2.3591645118416764,-1.1673863459426839,1.515738083377021e-13
276.6299247331049,-27.668260695449636,30.38962757389431,-2.3588967680520985,-1.167162365940322,-2.5262301389617013e-14
276.618937237338,-27.665956112738954,30.39224718982029,-2.358628947703638,-1.1669384799766884,-5.894536990910637e-14
276.6079502050315,-27.66365066358167,30.39486769225153,-2.3583610508550183,-1.1667146880392008,-5.0524602779234026e-14
276.5969636362947,-27.661344348099124,30.39748908158408,-2.3580930775649755,-1.166490990115233,1.6841534259744677e-13
276.5859775312367,-27.65903716641266,30.400111358213838,-2.3578250278922472,-1.1662673861921116,5.894536990910637e-14
276.5749918899667,-27.65672911864366,30.402734522536527,-2.35755690189558,-1.166043876257116,1.4315304120782974e-13
276.5640067125937,-27.65442020491354,30.40535857494767,-2.357288699633729,-1.1658204602974793,8.420767129872338e-15
276.5530219992266,-27.65211042534376,30.407983515842613,-2.357020421165456,-1.1655971383003911,1.0946997268834039e-13
276.54203774997416,-27.649799780055783,30.410609345616542,-2.3567520665495287,-1.1653739102529919,1.8525687685719145e-13
276.5310539649453,-27.647488269171102,30.413236064664453,-2.356483635844722,-1.1651507761423776,4.210383564936169e-14
276.52007064424845,-27.645175892811277,30.41586367338114,-2.356215129109819,-1.1649277359555987,6.73661370389787e-14
276.5090877879923,-27.642862651097857,30.418492172161255,-2.355946546403608,-1.1647047896796583,1.8525687685719145e-13
276.49810539628544,-27.640548544152438,30.421121561399236,-2.3556778877848843,-1.1644819373015154,5.0524602779234026e-14
276.48712346923605,-27.638233572096635,30.42375184148937,-2.3554091533124524,-1.1642591788080796,-3.368306851948935e-14
276.4761420069525,-27.63591773505211,30.426383012825724,-2.3551403430451203,-1.1640365141862177,1.0946997268834039e-13
276.46516100954307,-27.63360103314054,30.429015075802216,-2.3548714570417077,-1.1638139434227504,9.262843842859572e-14
276.45418047711576,-27.631283466483637,30.43164803081257,-2.3546024953610347,-1.1635914665044498,1.9367764398706378e-13
276.44320040977874,-27.628965035203144,30.434281878250314,-2.3543334580619346,-1.1633690834180466,2.2736071250655313e-13
276.4322208076399,-27.626645739420827,30.436916618508825,-2.3540643452032417,-1.1631467941502214,-8.420767129872338e-15
276.4212416708071,-27.624325579258493,30.43955225198125,-2.3537951568438022,-1.1629245986876107,-8.420767129872338e-14
276.41026299938795,-27.622004554837957,30.442188779060608,-2.353525893042465,-1.162702497016803,2.5262301389617013e-14
276.3992847934904,-27.619682666281086,30.444826200139687,-2.3532565538580887,-1.1624804891243457,-8.420767129872338e-15
276.38830705322175,-27.617359913709777,30.447464515611106,-2.352987139349538,-1.1622585749967365,5.894536990910637e-14
276.3773297786897,-27.615036297245926,30.45010372586731,-2.3527176495756823,-1.1620367546204275,1.1789073981821273e-13
276.3663529700016,-27.612711817011498,30.45274383130054,-2.3524480845953994,-1.1618150279818273,1.2631150694808508e-13
276.35537662726483,-27.610386473128457,30.45538483230286,-2.352178444467573,-1.161593395067297,1.515738083377021e-13
276.3444007505865,-27.608060265718816,30.45802672926616,-2.3519087292510945,-1.161371855863151,1.0104920555846805e-13
276.3334253400738,-27.6057331949046,30.460669522582123,-2.3516389390048604,-1.1611504103556607,1.0104920555846805e-13
276.3224503958338,-27.603405260807886,30.463313212642248,-2.351369073787776,-1.1609290585310497,1.5999457546757442e-13
276.3114759179735,-27.601076463550754,30.46595779983786,-2.3510991336587495,-1.1607078003754974,0.0
276.30050190659966,-27.59874680325532,30.4686032845601,-2.3508291186766987,-1.1604866358751338,0.0
276.2895283618191,-27.596416280043755,30.471249667199885,-2.350559028900548,-1.160265565016049,5.894536990910637e-14
276.27855528373857,-27.59408489403823,30.473896948147996,-2.3502888643892272,-1.160044587784283,1.9367764398706378e-13
276.26758267246464,-27.59175264536095,30.476545127794985,-2.3500186252016695,-1.1598237041658321,2.2736071250655313e-13
276.25661052810386,-27.589419534134155,30.47919420653123,-2.3497483113968207,-1.159602914146647,1.515738083377021e-13
276.2456388507627,-27.587085560480116,30.48184418474691,-2.34947792303363,-1.159382217712633,-1.6841534259744676e-14
276.2346676405473,-27.584750724521125,30.484495062832046,-2.349207460171051,-1.1591616148496464,1.4315304120782974e-13
276.2236968975641,-27.582415026379504,30.487146841176433,-2.3489369228680457,-1.158941105543503,1.6841534259744677e-13
276.21272662191916,-27.58007846617762,30.489799520169672,-2.348666311183585,-1.158720689779971,1.347322740779574e-13
276.20175681371865,-27.577741044037854,30.492453100201224,-2.34839562517664,-1.1585003675447727,-2.5262301389617013e-14
276.19078747306844,-27.5754027600826,30.4951075816603,-2.348124864906194,-1.1582801388235837,-7.578690416885104e-14
276.17981860007444,-27.57306361443432,30.497762964935955,-2.3478540304312325,-1.1580600036020365,1.0104920555846805e-13
276.16885019484255,-27.57072360721548,30.500419250417035,-2.34758312181075,-1.157839961865718,-1.6841534259744676e-14
276.15788225747843,-27.568382738548575,30.503076438492204,-2.347312139103746,-1.1576200136001675,-2.5262301389617013e-14
276.1469147880876,-27.56604100855613,30.505734529549947,-2.3470410823692247,-1.1574001587908793,1.0946997268834039e-13
276.1359477867758,-27.563698417360715,30.508393523978512,-2.3467699516662,-1.1571803974233061,1.0104920555846805e-13
276.1249812536483,-27.561354965084902,30.511053422165993,-2.346498747053688,-1.1569607294828506,5.0524602779234026e-14
276.11401518881047,-27.55901065185131,30.513714224500298,-2.346227468590715,-1.1567411549548705,2.3578147963642546e-13
276.1030495923677,-27.556665477782584,30.51637593136909,-2.345956116336309,-1.1565216738246826,-2.5262301389617013e-14
276.09208446442506,-27.554319443001404,30.519038543159883,-2.3456846903495094,-1.1563022860775516,2.1051917824680845e-13
276.0811198050877,-27.551972547630456,30.52170206025999,-2.345413190689356,-1.1560829916987039,1.0946997268834039e-13
276.07015561446065,-27.54962479179247,30.524366483056525,-2.3451416174148987,-1.1558637906733145,1.4315304120782974e-13
276.05919189264876,-27.54727617561022,30.527031811936386,-2.3448699705851914,-1.155644682986518,1.6841534259744676e-14
276.0482286397568,-27.544926699206485,30.529698047286317,-2.344598250259295,-1.1554256686234,2.5262301389617013e-14
276.0372658558896,-27.54257636270408,30.53236518949283,-2.3443264564962756,-1.155206747569002,5.0524602779234026e-14
276.0263035411517,-27.540225166225845,30.53503323894225,-2.3440545893552063,-1.1549879198083217,2.1893994537668078e-13
276.01534169564786,-27.537873109894672,30.537702196020714,-2.343782648895166,-1.1547691853263118,-1.6841534259744676e-14
276.0043803194823,-27.53552019383343,30.540372061114166,-2.343510635175236,-1.1545505441078756,-8.420767129872338e-14
275.9934194127596,-27.53316641816508,30.54304283460833,-2.3432385482545106,-1.1543319961378757,1.768361097273191e-13
275.9824589755839,-27.530811783012574,30.545714516888744,-2.342966388192084,-1.1541135414011292,5.0524602779234026e-14
275.9714990080595,-27.528456288498887,30.548387108340762,-2.342694155047058,-1.1538951798824062,-8.420767129872338e-15
275.96053951029035,-27.526099934747045,30.551060609349523,-2.3424218488785393,-1.1536769115664303,6.73661370389787e-14
275.9495804823806,-27.523742721880087,30.55373502029997,-2.342149469745643,-1.1534587364378843,2.5262301389617013e-14
275.93862192443424,-27.521384650021094,30.556410341576843,-2.341877017707489,-1.1532406544814038,1.515738083377021e-13
275.927663836555,-27.519025719293158,30.559086573564706,-2.3416044928231994,-1.1530226656815783,9.262843842859572e-14
275.9167062188466,-27.516665929819425,30.56176371664788,-2.3413318951519075,-1.1528047700229536,1.2631150694808508e-13
275.90574907141286,-27.514305281723033,30.564441771210532,-2.3410592247527484,-1.1525869674900304,1.2631150694808508e-13
275.89479239435724,-27.51194377512719,30.56712073763659,-2.3407864816848667,-1.1523692580672642,1.347322740779574e-13
275.8838361877832,-27.509581410155082,30.56980061630982,-2.3405136660074066,-1.152151641739064,1.5999457546757442e-13
275.8728804517943,-27.507218186929983,30.572481407613743,-2.3402407777795236,-1.151934118489798,-8.420767129872338e-14
275.8619251864936,-27.50485410557515,30.57516311193171,-2.339967817060377,-1.1517166883037837,8.420767129872338e-14
275.85097039198445,-27.502489166213884,30.577845729646878,-2.3396947839091298,-1.1514993511652984,-2.5262301389617013e-14
275.84001606836995,-27.500123368969515,30.58052926114215,-2.339421678384956,-1.1512821070585721,1.347322740779574e-13
275.82906221575325,-27.497756713965405,30.58321370680028,-2.3391485005470267,-1.151064955967792,2.5262301389617013e-14
275.8181088342372,-27.49538920132493,30.585899067003805,-2.338875250454526,-1.150847897877097,-4.210383564936169e-14
275.8071559239246,-27.493020831171503,30.588585342135048,-2.338601928166639,-1.1506309327705835,6.73661370389787e-14
275.79620348491835,-27.490651603628574,30.59127253257612,-2.3383285337425597,-1.1504140606323046,8.420767129872338e-15
275.785251517321,-27.488281518819612,30.593960638708964,-2.338055067241486,-1.1501972814462647,1.5999457546757442e-13
275.77430002123526,-27.4859105768681,30.59664966091529,-2.3377815287226174,-1.1499805951964261,1.6841534259744676e-14
275.7633489967636,-27.483538777897593,30.59933959957659,-2.3375079182451683,-1.1497640018667064,2.5262301389617013e-14
275.7523984440084,-27.481166122031617,30.602030455074193,-2.3372342358683484,-1.1495475014409766,1.347322740779574e-13
275.741448363072,-27.478792609393768,30.6047222277892,-2.3369604816513774,-1.1493310939030643,1.4315304120782974e-13
275.73049875405667,-27.476418240107655,30.60741491810249,-2.336686655653482,-1.1491147792367529,5.894536990910637e-14
275.7195496170645,-27.47404301429692,30.61010852639475,-2.336412757933892,-1.14889855742578,7.578690416885104e-14
275.7086009521976,-27.47166693208522,30.61280305304648,-2.336138788551841,-1.1486824284538382,1.0104920555846805e-13
275.6976527595579,-27.46928999359625,30.61549849843795,-2.33586474756657,-1.1484663923045764,1.0104920555846805e-13
275.68670503924733,-27.46691219895374,30.618194862949224,-2.3355906350373266,-1.148250448961599,1.8525687685719145e-13
275.67575779136763,-27.464533548281445,30.620892146960152,-2.33531645102336,-1.1480345984084663,-1.6841534259744676e-14
275.6648110160205,-27.46215404170312,30.623590350850417,-2.335042195583927,-1.1478188406286907,-5.894536990910637e-14
275.65386471330754,-27.459773679342597,30.62628947499944,-2.3347678687782905,-1.1476031756057432,7.578690416885104e-14
275.64291888333037,-27.457392461323707,30.628989519786447,-2.3344934706657154,-1.1473876033230508,8.420767129872338e-15
275.6319735261903,-27.455010387770297,30.631690485590482,-2.334219001305474,-1.1471721237639936,-1.6841534259744676e-14
275.6210286419887,-27.452627458806273,30.63439237279037,-2.3339444607568427,-1.146956736911907,4.210383564936169e-14
275.6100842308269,-27.45024367455554,30.637095181764693,-2.3336698490791066,-1.146741442750085,1.0104920555846805e-13
275.599140292806,-27.44785903514206,30.639798912891866,-2.3333951663315484,-1.1465262412617747,0.0
275.58819682802704,-27.44547354068979,30.642503566550065,-2.333120412573464,-1.146311132430178,2.1893994537668078e-13
275.5772538365911,-27.443087191322743,30.645209143117278,-2.332845587864148,-1.1460961162384553,1.0946997268834039e-13
275.56631131859905,-27.440699987164944,30.64791564297126,-2.3325706922629044,-1.1458811926697197,1.8525687685719145e-13
275.55536927415176,-27.43831192834045,30.65062306648957,-2.3322957258290398,-1.1456663617070424,0.0
275.54442770334975,-27.435923014973344,30.653331414049546,-2.3320206886218657,-1.1454516233334455,1.768361097273191e-13
275.5334866062938,-27.433533247187743,30.656040686028327,-2.3317455807007,-1.145236977531914,8.420767129872338e-14
275.5225459830845,-27.431142625107793,30.65875088280281,-2.3314704021248662,-1.1450224242853835,6.73661370389787e-14
275.5116058338221,-27.428751148857636,30.661462004749716,-2.331195152953689,-1.1448079635767443,1.5999457546757442e-13
275.5006661586072,-27.426358818561496,30.664174052245528,-2.3309198332465018,-1.1445935953888466,2.3578147963642546e-13
275.48972695754,-27.42396563434359,30.666887025666522,-2.3306444430626394,-1.1443793197044958,8.420767129872338e-15
275.47878823072057,-27.421571596328164,30.66960092538877,-2.330368982461446,-1.1441651365064474,1.515738083377021e-13
275.4678499782491,-27.41917670463948,30.672315751788126,-2.3300934515022647,-1.143951045777419,-4.210383564936169e-14
275.45691220022553,-27.416780959401876,30.67503150524019,-2.3298178502444506,-1.1437370475000819,1.1789073981821273e-13
275.44597489674993,-27.41438436073967,30.67774818612041,-2.3295421787473565,-1.143523141657063,-1.6841534259744676e-14
275.43503806792194,-27.411986908777212,30.680465794803997,-2.3292664370703444,-1.1433093282309426,1.347322740779574e-13
275.4241017138414,-27.409588603638912,30.68318433166591,-2.3289906252727803,-1.1430956072042635,1.0946997268834039e-13
275.41316583460804,-27.407189445449177,30.685903797080943,-2.3287147434140336,-1.1428819785595172,8.420767129872338e-15
275.4022304303212,-27.40478943433244,30.68862419142365,-2.328438791553478,-1.1426684422791535,5.894536990910637e-14
275.39129550108055,-27.402388570413184,30.69134551506835,-2.328162769750495,-1.1424549983455814,1.6841534259744676e-14
275.38036104698534,-27.39998685381591,30.694067768389182,-2.3278866780644685,-1.1422416467411598,1.4315304120782974e-13
275.369427068135,-27.397584284665136,30.69679095176005,-2.3276105165547856,-1.1420283874482098,0.0
275.35849356462853,-27.395180863085418,30.69951506555464,-2.3273342852808407,-1.1418152204490017,1.1789073981821273e-13
275.34756053656525,-27.392776589201333,30.702240110146406,-2.3270579843020323,-1.141602145725769,9.262843842859572e-14
275.3366279840441,-27.390371463137498,30.70496608590861,-2.3267816136777615,-1.1413891632606958,6.73661370389787e-14
275.325695907164,-27.38796548501853,30.707692993214287,-2.3265051734674356,-1.1411762730359236,1.768361097273191e-13
275.31476430602385,-27.385558654969113,30.71042083243623,-2.326228663730466,-1.1409634750335527,4.210383564936169e-14
275.30383318072234,-27.383150973113924,30.71314960394704,-2.325952084526271,-1.1407507692356347,2.2736071250655313e-13
275.29290253135815,-27.38074243957769,30.715879308119092,-2.325675435914268,-1.1405381556241816,2.020984111169361e-13
275.2819723580299,-27.378333054485132,30.71860994532455,-2.3253987179538815,-1.140325634181158,0.0
275.2710426608361,-27.37592281796105,30.72134151593531,-2.3251219307045448,-1.1401132048884872,1.515738083377021e-13
275.26011343987506,-27.37351173013023,30.7240740203231,-2.3248450742256876,-1.1399008677280478,9.262843842859572e-14
275.24918469524516,-27.37109979111749,30.72680745885942,-2.324568148576749,-1.1396886226816734,1.9367764398706378e-13
275.2382564270446,-27.368687001047697,30.72954183191552,-2.3242911538171724,-1.1394764697311561,2.3578147963642546e-13
