galstreams/tracks/track.st.Kshir.ibata2021.ecsv
# %ECSV 0.9
# ---
# datatype:
# - {name: ra, unit: deg, datatype: float64}
# - {name: dec, unit: deg, datatype: float64}
# - {name: distance, unit: kpc, datatype: float64}
# - {name: pm_ra_cosdec, unit: mas / yr, datatype: float64}
# - {name: pm_dec, unit: mas / yr, datatype: float64}
# - {name: radial_velocity, unit: km / s, datatype: float64}
# delimiter: ','
# meta: !!omap
# - __serialized_columns__:
#     dec:
#       __class__: astropy.coordinates.angles.Latitude
#       unit: &id001 !astropy.units.Unit {unit: deg}
#       value: !astropy.table.SerializedColumn {name: dec}
#     distance:
#       __class__: astropy.coordinates.distances.Distance
#       unit: !astropy.units.Unit {unit: kpc}
#       value: !astropy.table.SerializedColumn {name: distance}
#     pm_dec:
#       __class__: astropy.units.quantity.Quantity
#       unit: !astropy.units.Unit {unit: mas / yr}
#       value: !astropy.table.SerializedColumn {name: pm_dec}
#     pm_ra_cosdec:
#       __class__: astropy.units.quantity.Quantity
#       unit: !astropy.units.Unit {unit: mas / yr}
#       value: !astropy.table.SerializedColumn {name: pm_ra_cosdec}
#     ra:
#       __class__: astropy.coordinates.angles.Longitude
#       unit: *id001
#       value: !astropy.table.SerializedColumn {name: ra}
#       wrap_angle: !astropy.coordinates.Angle
#         unit: *id001
#         value: 360.0
#     radial_velocity:
#       __class__: astropy.units.quantity.Quantity
#       unit: !astropy.units.Unit {unit: km / s}
#       value: !astropy.table.SerializedColumn {name: radial_velocity}
# schema: astropy-2.0
ra,dec,distance,pm_ra_cosdec,pm_dec,radial_velocity
[from data line 418]
203.19226539296335,67.07569178919731,9.93118937814497,-7.688532705370242,-4.274143504566215,1.0104920555846805e-13
203.2167666070775,67.07870272927451,9.932127760167146,-7.688331256994549,-4.270777603614046,1.0946997268834039e-13
203.24127279655812,67.08171116910253,9.933071176941654,-7.688130045303742,-4.267410783335548,1.4315304120782974e-13
203.2657839623874,67.0847171045545,9.934019616453815,-7.687929067521012,-4.264043043897793,1.0104920555846805e-13
203.2903001055308,67.08772053150203,9.934973066688954,-7.687728320868736,-4.2606743854725515,9.262843842859572e-14
203.31482122693706,67.09072144581519,9.9359315156324,-7.687527802568503,-4.2573048082362925,7.578690416885104e-14
203.33934732753832,67.09371984336249,9.936894951269476,-7.687327509841143,-4.253934312370185,9.262843842859572e-14
203.36387840824983,67.09671572001096,9.937863361585514,-7.687127439906673,-4.250562898060114,8.420767129872338e-14
203.38841446997023,67.09970907162607,9.93883673456584,-7.686927589984364,-4.247190565496664,1.2631150694808508e-13
203.4129555135813,67.10269989407175,9.939815058195776,-7.686727957292719,-4.243817314875151,8.420767129872338e-14
203.43750153994796,67.10568818321048,9.940798320460651,-7.686528539049473,-4.240443146395609,1.0946997268834039e-13
203.46205254991844,67.1086739349032,9.941786509345791,-7.686329332471602,-4.237068060262789,7.578690416885104e-14
203.48660854432393,67.1116571450093,9.942779612836523,-7.686130334775338,-4.23369205668618,1.0104920555846805e-13
203.51116952397894,67.11463780938674,9.943777618918173,-7.685931543176173,-4.230315135879993,1.2631150694808508e-13
203.5357354896809,67.11761592389193,9.944780515576065,-7.685732954888851,-4.226937298063189,1.2631150694808508e-13
203.56030644221053,67.1205914843799,9.94578829079553,-7.6855345671273945,-4.223558543459444,1.0104920555846805e-13
203.58488238233116,67.12356448670401,9.946800932561896,-7.685336377105065,-4.220178872297231,1.0946997268834039e-13
203.6094633107896,67.12653492671633,9.947818428860481,-7.685138382034443,-4.216798284809729,5.894536990910637e-14
203.6340492283154,67.12950280026732,9.948840767676618,-7.68494057912737,-4.213416781234882,1.6841534259744677e-13
203.65864013562128,67.13246810320607,9.94986793699563,-7.6847429655949755,-4.210034361815379,1.347322740779574e-13
203.68323603340272,67.13543083138013,9.950899924802851,-7.68454553864769,-4.20665102679869,1.0946997268834039e-13
203.70783692233817,67.13839098063566,9.951936719083601,-7.6843482954952345,-4.2032667764370455,8.420767129872338e-14
203.73244280308907,67.14134854681731,9.952978307823207,-7.684151233346647,-4.199881610987437,1.0946997268834039e-13
203.75705367629965,67.14430352576834,9.954024679006993,-7.683954349410264,-4.196495530711636,1.0104920555846805e-13
203.78166954259697,67.14725591333051,9.95507582062029,-7.683757640893747,-4.193108535876188,7.578690416885104e-14
203.80629040259103,67.15020570534418,9.956131720648422,-7.683561105004074,-4.189720626752426,1.1789073981821273e-13
203.83091625687453,67.15315289764827,9.957192367076718,-7.683364738947544,-4.18633180361646,8.420767129872338e-14
203.85554710602298,67.15609748608027,9.958257747890505,-7.683168539929803,-4.182942066749191,9.262843842859572e-14
203.8801829505947,67.15903946647627,9.959327851075102,-7.6829725051558295,-4.179551416436321,9.262843842859572e-14
203.9048237911306,67.1619788346709,9.960402664615842,-7.682776631829948,-4.176159852968342,1.0104920555846805e-13
203.9294696281545,67.16491558649744,9.961482176498052,-7.6825809171558195,-4.172767376640548,1.1789073981821273e-13
203.95412046217268,67.16784971778773,9.962566374707055,-7.682385358336484,-4.169373987753042,9.262843842859572e-14
203.9787762936743,67.17078122437219,9.963655247228182,-7.682189952574326,-4.165979686610732,6.73661370389787e-14
204.00343712313094,67.1737101020799,9.964748782046756,-7.681994697071098,-4.16258447352334,7.578690416885104e-14
204.02810295099698,67.17663634673849,9.9658469671481,-7.681799589027942,-4.159188348805416,1.2631150694808508e-13
204.0527737777093,67.17955995417427,9.966949790517548,-7.681604625645355,-4.15579131277631,8.420767129872338e-14
204.0774496036873,67.18248092021211,9.968057240140425,-7.681409804123229,-4.152393365760209,1.0104920555846805e-13
204.102130429333,67.18539924067558,9.969169304002055,-7.681215121660857,-4.148994508086141,1.5999457546757442e-13
204.12681625503092,67.18831491138681,9.97028597008776,-7.681020575456917,-4.1455947400879465,1.768361097273191e-13
204.15150708114805,67.19122792816661,9.971407226382876,-7.680826162709479,-4.142194062104306,6.73661370389787e-14
204.17620290803384,67.19413828683443,9.972533060872722,-7.680631880616044,-4.13879247447876,1.0946997268834039e-13
204.20090373602022,67.19704598320834,9.97366346154263,-7.680437726373514,-4.13538997755967,1.0946997268834039e-13
204.22560956542154,67.1999510131051,9.974798416377926,-7.680243697178206,-4.131986571700256,2.5262301389617013e-14
204.25032039653445,67.20285337234012,9.97593791336393,-7.680049790225874,-4.1285822572586035,1.2631150694808508e-13
204.27503622963812,67.20575305672746,9.977081940485974,-7.6798560027116975,-4.125177034597629,9.262843842859572e-14
204.29975706499394,67.20865006207988,9.978230485729386,-7.679662331830291,-4.12177090408513,1.1789073981821273e-13
204.32448290284574,67.21154438420879,9.979383537079487,-7.679468774775718,-4.118363866093761,1.1789073981821273e-13
204.34921374341957,67.2144360189243,9.98054108252161,-7.67927532874149,-4.114955921001042,1.0946997268834039e-13
204.3739495869238,67.21732496203518,9.981703110041074,-7.679081990920572,-4.111547069189366,5.0524602779234026e-14
204.398690433549,67.22021120934892,9.982869607623211,-7.678888758505387,-4.108137311046017,9.262843842859572e-14
204.42343628346805,67.22309475667168,9.984040563253345,-7.6786956286878345,-4.104726646963135,1.347322740779574e-13
204.44818713683594,67.22597559980838,9.985215964916804,-7.678502598659283,-4.101315077337762,1.1789073981821273e-13
204.47294299378993,67.22885373456259,9.986395800598913,-7.678309665610578,-4.097902602571817,1.1789073981821273e-13
204.49770385444944,67.2317291567366,9.987580058285001,-7.678116826732053,-4.094489223072117,1.0104920555846805e-13
204.52246971891594,67.23460186213147,9.98876872596039,-7.677924079213533,-4.091074939250369,9.262843842859572e-14
204.54724058727305,67.23747184654694,9.989961791610412,-7.6777314202443385,-4.087659751523188,1.0946997268834039e-13
204.57201645958656,67.24033910578147,9.991159243220386,-7.677538847013307,-4.084243660312085,1.2631150694808508e-13
204.59679733590423,67.24320363563233,9.992361068775649,-7.67734635670876,-4.080826666043475,3.368306851948935e-14
204.62158321625589,67.24606543189542,9.993567256261516,-7.6771539465185645,-4.077408769148693,9.262843842859572e-14
204.64637410065333,67.24892449036548,9.994777793663324,-7.676961613630084,-4.0739899700639866,1.0104920555846805e-13
204.6711699890905,67.251780806836,9.995992668966393,-7.67676935523023,-4.070570269230516,1.1789073981821273e-13
204.69597088154313,67.25463437709917,9.99721187015605,-7.676577168505439,-4.067149667094363,7.578690416885104e-14
204.720776777969,67.25748519694598,9.998435385217622,-7.676385050641691,-4.063728164106551,1.0104920555846805e-13
204.74558767830783,67.2603332621662,9.999663202136437,-7.676192998824516,-4.060305760723008,1.0104920555846805e-13
204.77040358248115,67.26317856854837,10.00089530889782,-7.676001010238991,-4.056882457404622,9.262843842859572e-14
204.7952244903925,67.26602111187978,10.0021316934871,-7.675809082069752,-4.053458254617196,1.0946997268834039e-13
204.82005040192715,67.26886088794657,10.003372343889597,-7.675617211501021,-4.050033152831491,6.73661370389787e-14
204.84488131695224,67.27169789253361,10.004617248090645,-7.67542539571656,-4.046607152523203,1.347322740779574e-13
204.86971723531678,67.27453212142461,10.005866394075566,-7.6752336318997365,-4.043180254172979,9.262843842859572e-14
204.89455815685147,67.27736357040207,10.007119769829691,-7.675041917233494,-4.0397524582664195,5.894536990910637e-14
204.91940408136884,67.28019223524728,10.008377363338338,-7.674850248900359,-4.036323765294089,1.1789073981821273e-13
204.9442550086631,67.2830181117404,10.009639162586843,-7.674658624082471,-4.032894175751495,8.420767129872338e-14
204.96911093851037,67.28584119566037,10.010905155560529,-7.674467039961571,-4.029463690139102,7.578690416885104e-14
204.99397187066802,67.28866148278493,10.012175330244721,-7.674275493718984,-4.026032308962397,9.262843842859572e-14
205.01883780487552,67.29147896889071,10.013449674624743,-7.674083982535698,-4.022600032731778,6.73661370389787e-14
205.04370874085382,67.29429364975316,10.014728176685928,-7.673892503592281,-4.019166861962642,1.0946997268834039e-13
205.06858467830546,67.29710552114656,10.016010824413595,-7.673701054068964,-4.015732797175361,1.0946997268834039e-13
205.09346561691473,67.29991457884405,10.017297605793079,-7.673509631145592,-4.012297838895287,9.262843842859572e-14
205.11835155634728,67.30272081861766,10.018588508809701,-7.673318232001661,-4.008861987652761,7.578690416885104e-14
205.1432424962505,67.3055242362382,10.019883521448788,-7.673126853816322,-4.005425243983119,8.420767129872338e-14
205.1681384362532,67.30832482747543,10.021182631695666,-7.672935493768374,-4.001987608426685,1.0946997268834039e-13
205.19303937596575,67.31112258809793,10.022485827535665,-7.672744149036281,-3.9985490815287723,1.1789073981821273e-13
205.21794531497997,67.31391751387319,10.023793096954108,-7.672552816798174,-3.99510966383971,1.0946997268834039e-13
205.2428562528692,67.31670960056756,10.025104427936322,-7.672361494231865,-3.99166935591482,1.0946997268834039e-13
205.26777218918812,67.3194988439463,10.026419808467631,-7.672170178514841,-3.9882281583144383,9.262843842859572e-14
205.2926931234729,67.32228523977358,10.027739226533368,-7.671978866824279,-3.984786071603912,4.210383564936169e-14
205.3176190552411,67.32506878381243,10.029062670118858,-7.671787556337058,-3.9813430963536045,1.2631150694808508e-13
205.34254998399163,67.32784947182479,10.030390127209424,-7.671596244229754,-3.977899233138885,1.0104920555846805e-13
205.3674859092048,67.33062729957157,10.03172158579039,-7.671404927678651,-3.9744544825401653,4.210383564936169e-14
205.3924268303421,67.33340226281258,10.033057033847088,-7.671213603859748,-3.971008845142874,5.894536990910637e-14
205.41737274684647,67.3361743573065,10.034396459364846,-7.6710222699487645,-3.967562321537465,7.578690416885104e-14
205.4423236581421,67.33894357881098,10.035739850328985,-7.6708309231211596,-3.96411491231943,8.420767129872338e-14
205.46727956363435,67.34170992308263,10.037087194724837,-7.67063956055211,-3.9606666180893044,1.5999457546757442e-13
205.49224046271,67.34447338587701,10.038438480537721,-7.670448179416552,-3.9572174394526454,1.0104920555846805e-13
205.5172063547368,67.34723396294856,10.03979369575297,-7.67025677688916,-3.953767377020076,1.0104920555846805e-13
205.54217723906388,67.34999165005073,10.041152828355905,-7.670065350144366,-3.9503164314072485,9.262843842859572e-14
205.56715311502143,67.35274644293591,10.042515866331858,-7.6698738963563695,-3.9468646032348804,1.0104920555846805e-13
205.59213398192082,67.35549833735548,10.043882797666155,-7.669682412699126,-3.943411893128733,1.0104920555846805e-13
205.61711983905462,67.3582473290598,10.045253610344119,-7.669490896346385,-3.939958301719631,5.894536990910637e-14
205.6421106856963,67.36099341379814,10.046628292351075,-7.669299344471666,-3.936503829643467,9.262843842859572e-14
205.6671065211006,67.36373658731885,10.048006831672359,-7.669107754248285,-3.9330484775411816,6.73661370389787e-14
205.69210734450326,67.36647684536922,10.049389216293287,-7.668916122849348,-3.9295922460588004,7.578690416885104e-14
205.71711315512096,67.3692141836955,10.05077543419919,-7.668724447447772,-3.926135135847414,6.73661370389787e-14
205.74212395215153,67.37194859804305,10.052165473375391,-7.668532725216279,-3.922677147563188,7.578690416885104e-14
205.76713973477368,67.37468008415611,10.053559321807223,-7.668340953327412,-3.9192182818673715,8.420767129872338e-14
205.79216050214717,67.37740863777807,10.05495696748001,-7.668149128953532,-3.915758539426291,5.0524602779234026e-14
205.81718625341256,67.38013425465121,10.056358398379077,-7.6679572492668395,-3.9122979209113655,1.0104920555846805e-13
205.84221698769156,67.38285693051694,10.057763602489747,-7.667765311439373,-3.9088364269990947,8.420767129872338e-14
205.86725270408655,67.38557666111562,10.059172567797356,-7.6675733126429995,-3.905374058371076,1.4315304120782974e-13
205.89229340168092,67.38829344218674,10.06058528228722,-7.667381250049463,-3.901910815714008,1.347322740779574e-13
205.91733907953892,67.39100726946877,10.062001733944676,-7.667189120830351,-3.8984466997196767,6.73661370389787e-14
205.94238973670548,67.39371813869923,10.06342191075504,-7.666996922157118,-3.894981711084984,1.0104920555846805e-13
205.96744537220656,67.39642604561475,10.064845800703644,-7.666804651201099,-3.8915158505119307,5.894536990910637e-14
205.99250598504872,67.39913098595095,10.066273391775812,-7.666612305133505,-3.8880491187076336,1.0104920555846805e-13
206.0175715742194,67.40183295544259,10.067704671956877,-7.666419881125428,-3.8845815163843143,1.515738083377021e-13
206.04264213868677,67.40453194982345,10.069139629232158,-7.666227376347872,-3.881113044259316,1.0104920555846805e-13
206.06771767739966,67.40722796482646,10.070578251586983,-7.6660347879717206,-3.877643703055103,6.73661370389787e-14
206.09279818928766,67.40992099618356,10.07202052700668,-7.665842113167782,-3.874173493499262,5.0524602779234026e-14
206.117883673261,67.41261103962583,10.07346644347658,-7.6656493491067685,-3.8707024163245056,1.1789073981821273e-13
206.1429741282106,67.41529809088345,10.074915988982001,-7.665456492959339,-3.8672304722686754,1.0946997268834039e-13
206.16806955300805,67.41798214568568,10.076369151508274,-7.665263541896049,-3.8637576620747476,8.420767129872338e-14
206.19316994650544,67.42066319976094,10.077825919040722,-7.665070493087416,-3.860283986490838,1.1789073981821273e-13
206.21827530753555,67.4233412488367,10.079286279564677,-7.664877343703894,-3.8568094462701956,6.73661370389787e-14
206.24338563491165,67.42601628863966,10.080750221065463,-7.664684090915885,-3.853334042171218,5.894536990910637e-14
206.2685009274277,67.42868831489551,10.082217731528402,-7.664490731893767,-3.8498577749574485,6.73661370389787e-14
206.293621183858,67.43135732332918,10.083688798938828,-7.664297263807855,-3.8463806453975797,1.0946997268834039e-13
206.31874640295752,67.43402330966475,10.085163411282062,-7.664103683828469,-3.8429026542654556,1.0946997268834039e-13
206.34387658346162,67.4366862696254,10.086641556543432,-7.6639099891258855,-3.839423802340075,1.0946997268834039e-13
206.3690117240861,67.43934619893346,10.088123222708266,-7.663716176870387,-3.8359440904056035,1.4315304120782974e-13
206.39415182352735,67.44200309331049,10.08960839776189,-7.66352224423224,-3.8324635192513576,1.0946997268834039e-13
206.41929688046213,67.44465694847717,10.091097069689631,-7.663328188381724,-3.8289820896718174,8.420767129872338e-14
206.4444468935473,67.44730776015334,10.092589226476813,-7.6631340064891145,-3.825499802466673,8.420767129872338e-14
206.4696018614205,67.44995552405803,10.094084856108763,-7.662939695724713,-3.8220166584407336,9.262843842859572e-14
206.49476178269953,67.4526002359095,10.095583946570805,-7.6627452532588585,-3.8185326584040147,1.0946997268834039e-13
206.51992665598257,67.45524189142517,10.09708648584828,-7.662550676261892,-3.8150478031716917,1.0104920555846805e-13
206.54509647984818,67.45788048632168,10.098592461926494,-7.662355961904234,-3.8115620935641346,5.894536990910637e-14
206.57027125285504,67.46051601631484,10.100101862790783,-7.662161107356311,-3.8080755304068954,6.73661370389787e-14
