galstreams/tracks/track.st.Orphan-Chenab.koposov2023.ecsv
# %ECSV 1.0
# ---
# datatype:
# - {name: ra, unit: deg, datatype: float64}
# - {name: dec, unit: deg, datatype: float64}
# - {name: distance, unit: kpc, datatype: float64}
# - {name: pm_ra_cosdec, unit: mas / yr, datatype: float64}
# - {name: pm_dec, unit: mas / yr, datatype: float64}
# - {name: radial_velocity, unit: km / s, datatype: float64}
# delimiter: ','
# meta: !!omap
# - __serialized_columns__:
#     dec:
#       __class__: astropy.coordinates.angles.Latitude
#       unit: &id001 !astropy.units.Unit {unit: deg}
#       value: !astropy.table.SerializedColumn {name: dec}
#     distance:
#       __class__: astropy.coordinates.distances.Distance
#       unit: !astropy.units.Unit {unit: kpc}
#       value: !astropy.table.SerializedColumn {name: distance}
#     pm_dec:
#       __class__: astropy.units.quantity.Quantity
#       unit: !astropy.units.Unit {unit: mas / yr}
#       value: !astropy.table.SerializedColumn {name: pm_dec}
#     pm_ra_cosdec:
#       __class__: astropy.units.quantity.Quantity
#       unit: !astropy.units.Unit {unit: mas / yr}
#       value: !astropy.table.SerializedColumn {name: pm_ra_cosdec}
#     ra:
#       __class__: astropy.coordinates.angles.Longitude
#       unit: *id001
#       value: !astropy.table.SerializedColumn {name: ra}
#       wrap_angle: !astropy.coordinates.Angle
#         unit: *id001
#         value: 360.0
#     radial_velocity:
#       __class__: astropy.units.quantity.Quantity
#       unit: !astropy.units.Unit {unit: km / s}
#       value: !astropy.table.SerializedColumn {name: radial_velocity}
# schema: astropy-2.0
ra,dec,distance,pm_ra_cosdec,pm_dec,radial_velocity
327.8348830865742,-50.988110443386326,36.502203413741185,0.3443754274232941,-2.3528284129850925,-148.96417606243574
327.82729414287525,-50.99701486218821,36.49567377812873,0.34421450324280034,-2.3534722406545954,-148.9388128792273
327.81970237577127,-51.005918830738096,36.489144142516295,0.34405332700073676,-2.3541160783310184,-148.91344969601886
327.8121077833499,-51.014822348679665,36.48261450690386,0.34389189851319546,-2.3547599259812544,-148.88808651281053
327.8045103636973,-51.023725415656465,36.476084871291405,0.34373021759613587,-2.35540378357212,-148.8627233296021
327.79691011489825,-51.032628031311546,36.46955523567897,0.3435682840653723,-2.3560476510703525,-148.8373601463937
327.78930703503585,-51.0415301952879,36.463025600066516,0.34340609773657904,-2.356691528442621,-148.8119969631852
327.78170112219215,-51.05043190722796,36.45649596445408,0.34324365842528815,-2.357335415655513,-148.7866337799768
327.77409237444743,-51.05933316677414,36.44996632884163,0.3430809659468911,-2.357979312675548,-148.76127059676838
327.7664807898808,-51.068233973568276,36.44343669322918,0.34291802011664074,-2.358623219469163,-148.73590741356
327.75886636656975,-51.07713432725214,36.43690705761674,0.3427548207496438,-2.359267136002723,-148.7105442303516
327.7512491025904,-51.086034227467145,36.43037742200429,0.3425913676608676,-2.359911062242517,-148.68518104714323
327.74362899601755,-51.09493367385429,36.423847786391846,0.3424276606651415,-2.3605549981547567,-148.6598178639347
327.7360060449243,-51.10383266605445,36.41731815077941,0.3422636995771441,-2.3611989437055803,-148.63445468072632
327.72838024738263,-51.11273120370803,36.410788515166956,0.34209948421142156,-2.3618428988610494,-148.609091497518
327.7207516014628,-51.12162928645532,36.40425887955452,0.34193501438237406,-2.362486863587146,-148.58372831430944
327.7131201052338,-51.13052691393612,36.39772924394207,0.3417702899042565,-2.3631308378497806,-148.55836513110106
327.7054857567631,-51.139424085790075,36.391199608329636,0.3416053105911848,-2.3637748216147854,-148.53300194789267
327.6978485541169,-51.148320801656546,36.38466997271718,0.341440076257137,-2.364418814847914,-148.5076387646841
327.69020849535957,-51.1572170611744,36.378140337104746,0.3412745867159387,-2.365062817514847,-148.48227558147582
327.6825655785544,-51.1661128639825,36.371610701492294,0.3411088417812769,-2.365706829581187,-148.4569123982674
327.67491980176317,-51.17500820971908,36.365081065879856,0.3409428412667037,-2.366350851012455,-148.431549215059
327.667271163046,-51.183903098022384,36.35855143026741,0.3407765849856166,-2.366994881774102,-148.40618603185055
327.6596196604619,-51.19279752853009,36.352021794654966,0.3406100727512765,-2.3676389218314973,-148.3808228486421
327.65196529206816,-51.201691500879775,36.345492159042514,0.34044330437680037,-2.3682829711499362,-148.35545966543378
327.64430805592065,-51.210585014708656,36.33896252343008,0.34027627967516083,-2.368927029694631,-148.33009648222534
327.63664795007395,-51.219478069653555,36.33243288781763,0.3401089984591904,-2.3695710974307223,-148.30473329901687
327.628984972581,-51.228370665351164,36.32590325220519,0.3399414605415715,-2.370215174323271,-148.2793701158084
327.6213191214934,-51.23726280143767,36.31937361659274,0.3397736657348511,-2.3708592603372582,-148.25400693259994
327.6136503948612,-51.24615447754917,36.312843980980304,0.3396056138514255,-2.37150335543759,-148.22864374939164
327.6059787907332,-51.25504569332123,36.30631434536786,0.3394373047035535,-2.3721474595890912,-148.20328056618342
327.5983043071565,-51.26393644838934,36.299784709755414,0.33926873810334646,-2.372791572756512,-148.17791738297478
327.59062694217687,-51.2728267423886,36.29325507414297,0.33909991386277105,-2.3734356949045203,-148.1525541997663
327.58294669383855,-51.281716574953684,36.28672543853052,0.33893083179365,-2.3740798259977094,-148.1271910165581
327.5752635601844,-51.2906059457192,36.28019580291808,0.33876149170766634,-2.3747239660005905,-148.1018278333496
327.5675775392557,-51.29949485431918,36.273666167305635,0.33859189341635176,-2.375368114877599,-148.07646465014128
327.5598886290924,-51.30838330038764,36.2671365316932,0.3384220367310997,-2.376012272593089,-148.05110146693275
327.552196827733,-51.317271283558,36.26060689608074,0.3382519214631555,-2.3766564391113363,-148.02573828372428
327.5445021332144,-51.326158803463606,36.25407726046831,0.3380815474236205,-2.377300614396537,-148.00037510051598
327.536804543572,-51.335045859737434,36.24754762485585,0.3379109144234502,-2.3779447984128117,-147.97501191730746
327.5291040568399,-51.34393245201203,36.24101798924342,0.3377400222734581,-2.3785889911241953,-147.94964873409907
327.5214006710507,-51.35281857991987,36.23448835363097,0.3375688707843095,-2.379233192494649,-147.92428555089057
327.51369438423546,-51.36170424309284,36.22795871801852,0.33739745976652835,-2.3798774024880496,-147.89892236768222
327.5059851944238,-51.37058944116282,36.22142908240609,0.33722578903048717,-2.3805216210681968,-147.87355918447386
327.49827309964377,-51.379474173761096,36.21489944679364,0.33705385838641977,-2.381165848198811,-147.8481960012654
327.49055809792213,-51.388358440518914,36.20836981118119,0.33688166764440886,-2.381810083843529,-147.82283281805704
327.48284018728407,-51.397242241066955,36.20184017556874,0.3367092166143977,-2.382454327965912,-147.7974696348485
327.47511936575324,-51.40612557503584,36.195310539956296,0.33653650510617794,-2.383098580529436,-147.77210645164004
327.467395631352,-51.41500844205564,36.18878090434386,0.33636353292939936,-2.3837428414974986,-147.74674326843171
327.459668982101,-51.423890841756304,36.18225126873141,0.33619029989356186,-2.38438711083342,-147.72138008522336
327.45193941601957,-51.43277277376745,36.175721633118975,0.33601680580802384,-2.3850313885004346,-147.69601690201503
327.44420693112545,-51.44165423771826,36.16919199750652,0.33584305048199303,-2.385675674461698,-147.67065371880642
327.43647152543497,-51.45053523323777,36.162662361894085,0.33566903372453416,-2.3863199686802856,-147.64529053559818
327.428733196963,-51.45941575995455,36.15613272628164,0.33549475534456363,-2.386964271119191,-147.6199273523896
327.42099194372287,-51.468295817497,36.14960309066919,0.3353202151508521,-2.3876085817413246,-147.5945641691813
327.4132477637264,-51.4771754054931,36.14307345505675,0.33514541295202505,-2.388252900509518,-147.56920098597288
327.40550065498405,-51.486054523570566,36.1365438194443,0.3349703485565565,-2.3888972273865217,-147.54383780276447
327.3977506155046,-51.49493317135689,36.13001418383186,0.3347950217727794,-2.3895415623349994,-147.51847461955603
327.38999764329554,-51.50381134847905,36.1234845482194,0.3346194324088757,-2.390185905317541,-147.49311143634756
327.38224173636263,-51.51268905456392,36.11695491260697,0.3344435802728787,-2.3908302562966472,-147.46774825313915
327.3744828927105,-51.52156628923788,36.11042527699452,0.334267465172683,-2.39147461523474,-147.44238506993085
327.36672111034187,-51.53044305212721,36.10389564138209,0.3340910869160246,-2.3921189820941584,-147.4170218867223
327.3589563872583,-51.53931934285761,36.097366005769636,0.33391444531049996,-2.39276335683716,-147.3916587035139
327.35118872145955,-51.5481951610547,36.0908363701572,0.33373754016355384,-2.3934077394259177,-147.36629552030553
327.3434181109442,-51.557070506343734,36.084306734544754,0.33356037128248306,-2.3940521298225237,-147.34093233709712
327.33564455370913,-51.56594537834955,36.0777770989323,0.33338293847444356,-2.3946965279889865,-147.31556915388865
327.32786804774975,-51.57481977669679,36.071247463319864,0.3332052415464315,-2.395340933887232,-147.29020597068026
327.3200885910601,-51.58369370100966,36.06471782770742,0.33302728030530615,-2.395985347479103,-147.26484278747193
327.31230618163244,-51.59256715091223,36.058188192094974,0.3328490545577706,-2.3966297687263585,-147.2394796042635
327.30452081745784,-51.60144012602803,36.05165855648253,0.3326705641103853,-2.3972741975906753,-147.214116421055
327.29673249652564,-51.61031262598046,36.045128920870084,0.33249180876955897,-2.3979186340336462,-147.1887532378466
327.28894121682384,-51.6191846503926,36.038599285257646,0.33231278834155065,-2.398563078016778,-147.16339005463823
327.28114697633873,-51.628056198887016,36.032069649645194,0.3321335026324741,-2.3992075295014987,-147.13802687142982
327.2733497730553,-51.636927271086236,36.02554001403276,0.33195395144829276,-2.399851988449147,-147.11266368822135
327.265549604957,-51.645797866612206,36.01901037842031,0.33177413459482175,-2.400496454820982,-147.08730050501296
327.25774647002555,-51.65466798508679,36.01248074280786,0.3315940518777232,-2.4011409285781755,-147.06193732180458
327.2499403662415,-51.66353762613134,36.00595110719542,0.3314137031025175,-2.4017854096818176,-147.03657413859608
327.2421312915836,-51.67240678936699,35.99942147158298,0.33123308807456864,-2.40242989809291,-147.01121095538767
327.23431924402917,-51.681275474414626,35.99289183597053,0.3310522065990942,-2.403074393772374,-146.98584777217934
327.22650422155414,-51.6901436808946,35.98636220035808,0.33087105848116516,-2.403718896681045,-146.96048458897087
327.21868622213276,-51.699011408427204,35.979832564745635,0.3306896435256972,-2.4043634067796713,-146.93512140576252
327.2108652437379,-51.70787865663219,35.9733029291332,0.33050796153745976,-2.4050079240289177,-146.90975822255407
327.20304128434077,-51.716745425129176,35.96677329352075,0.3303260123210716,-2.4056524483893647,-146.88439503934555
327.19521434191114,-51.72561171353726,35.960243657908315,0.33014379568099983,-2.406296979821507,-146.85903185613725
327.1873844144172,-51.734477521475455,35.95371402229586,0.3299613114215654,-2.4069415182857523,-146.83366867292872
327.17955149982583,-51.743342848562214,35.94718438668342,0.32977855934693845,-2.4075860637424236,-146.80830548972028
327.17171559610205,-51.75220769441589,35.94065475107097,0.32959553926113117,-2.4082306161517595,-146.78294230651187
327.1638767012097,-51.7610720586543,35.93412511545853,0.3294122509680182,-2.408875175473911,-146.75757912330357
327.1560348131107,-51.76993594089514,35.92759547984609,0.3292286942713094,-2.4095197416689436,-146.73221594009516
327.1481899297658,-51.778799340755704,35.92106584423364,0.32904486897457486,-2.4101643146968375,-146.7068527568867
327.1403420491341,-51.78766225785289,35.9145362086212,0.32886077488123133,-2.4108088945174835,-146.68148957367828
327.13249116917314,-51.79652469180343,35.90800657300875,0.3286764117945409,-2.4114534810906907,-146.6561263904698
327.12463728783894,-51.805386642223525,35.90147693739632,0.32849177951761654,-2.412098074376177,-146.63076320726154
327.11678040308595,-51.81424810872931,35.894947301783866,0.32830687785342194,-2.412742674333577,-146.60540002405304
327.1089205128672,-51.82310909093634,35.88841766617143,0.3281217066047686,-2.413387280922436,-146.58003684084454
327.10105761513415,-51.83196958846,35.881888030558976,0.32793626557431566,-2.414031894102214,-146.55467365763613
327.0931917078365,-51.84082960091541,35.87535839494654,0.32775055456456736,-2.4146765138322817,-146.52931047442783
327.0853227889228,-51.84968912791714,35.86882875933409,0.3275645733778838,-2.4153211400719248,-146.50394729121945
327.0774508563398,-51.85854816907969,35.86229912372165,0.32737832181646986,-2.41596577278034,-146.47858410801095
327.06957590803273,-51.867406724017016,35.8557694881092,0.3271917996823748,-2.416610411916638,-146.4532209248025
327.0616979419454,-51.876264792342944,35.84923985249676,0.3270050067775012,-2.4172550574398395,-146.4278577415941
327.05381695601994,-51.88512237367079,35.84271021688431,0.32681794290359867,-2.4178997093088777,-146.40249455838577
327.0459329481971,-51.89397946761367,35.83618058127186,0.32663060786226117,-2.4185443674826006,-146.37713137517727
327.03804591641585,-51.902836073784385,35.829650945659424,0.3264430014549322,-2.4191890319197626,-146.3517681919689
327.0301558586139,-51.91169219179528,35.823121310046986,0.32625512348290475,-2.4198337025790355,-146.32640500876053
327.02226277272706,-51.92054782125856,35.816591674434534,0.32606697374731297,-2.4204783794189995,-146.3010418255521
327.01436665669,-51.92940296178588,35.810062038822096,0.3258785520491494,-2.421123062398145,-146.27567864234362
327.00646750843555,-51.93825761298882,35.803532403209644,0.3256898581892418,-2.421767751474878,-146.2503154591352
326.99856532589513,-51.94711177447836,35.7970027675972,0.32550089196827336,-2.4224124466075114,-146.22495227592688
326.9906601069984,-51.95596544586539,35.790473131984754,0.3253116531867666,-2.4230571477542693,-146.19958909271833
326.98275184967383,-51.96481862676037,35.783943496372316,0.32512214164509956,-2.4237018548732876,-146.17422590951003
326.97484055184793,-51.9736713167734,35.77741386075987,0.32493235714348856,-2.424346567922616,-146.14886272630147
326.966926211446,-51.98252351551432,35.77088422514742,0.32474229948200284,-2.4249912868602084,-146.12349954309317
326.95900882639165,-51.99137522259256,35.76435458953498,0.32455196846055756,-2.425636011643932,-146.0981363598846
326.95108839460676,-52.00022643761732,35.75782495392254,0.32436136387890535,-2.4262807422315658,-146.07277317667632
326.9431649140119,-52.00907716019738,35.751295318310085,0.32417048553665695,-2.426925478580798,-146.04740999346785
326.93523838252605,-52.017927389941235,35.74476568269765,0.323979333233265,-2.427570220649223,-146.02204681025938
326.9273087980664,-52.0267771264571,35.73823604708521,0.3237879067680216,-2.428214968394349,-145.9966836270511
326.9193761585489,-52.03562636935271,35.731706411472764,0.3235962059400739,-2.4288597217735948,-145.97132044384256
326.91144046188776,-52.04447511823566,35.72517677586031,0.3234042305484104,-2.4295044807442845,-145.94595726063415
326.90350170599555,-52.053323372712995,35.718647140247874,0.32321198039186383,-2.430149245263652,-145.92059407742585
326.89555988878345,-52.062171132391676,35.71211750463542,0.3230194552691168,-2.4307940152888445,-145.8952308942175
326.887615008161,-52.071018396878074,35.70558786902298,0.3228266549786927,-2.4314387907769133,-145.86986771100905
326.8796670620361,-52.07986516577845,35.69905823341054,0.32263357931896297,-2.4320835716848204,-145.84450452780058
326.87171604831514,-52.088711438698645,35.69252859779809,0.3224402280881431,-2.432728357969439,-145.81914134459205
326.863761964903,-52.09755721524407,35.68599896218565,0.3222466010842915,-2.4333731495875464,-145.79377816138373
326.8558048097028,-52.106402495020006,35.679469326573205,0.322052698105314,-2.4340179464958287,-145.7684149781753
326.8478445806165,-52.11524727763118,35.67293969096076,0.3218585189489649,-2.434662748650885,-145.74305179496687
326.8398812755438,-52.12409156268218,35.66641005534831,0.3216640634128314,-2.4353075560092186,-145.71768861175846
326.8319148923835,-52.132935349777085,35.65988041973588,0.32146933129435795,-2.435952368527238,-145.69232542855013
326.82394542903245,-52.141778638519824,35.65335078412343,0.32127432239082543,-2.4365971861612667,-145.6669622453416
326.815972883386,-52.15062142851379,35.64682114851099,0.3210790364993632,-2.4372420088675293,-145.64159906213325
326.807997253338,-52.159463719362236,35.64029151289854,0.3208834734169408,-2.437886836602162,-145.61623587892478
326.80001853678056,-52.168305510667864,35.6337618772861,0.32068763294037606,-2.4385316693212036,-145.59087269571646
326.7920367316044,-52.17714680203326,35.627232241673646,0.32049151486632765,-2.439176506980607,-145.56550951250793
326.78405183569845,-52.185987593060595,35.62070260606121,0.32029511899129637,-2.439821349536225,-145.54014632929952
326.7760638469502,-52.194827883351586,35.61417297044876,0.3200984451116311,-2.4404661969438224,-145.51478314609102
326.7680727632455,-52.203667672507805,35.60764333483632,0.3199014930235211,-2.4411110491590677,-145.48941996288278
326.76007858246874,-52.2125069601303,35.601113699223866,0.31970426252300377,-2.4417559061375353,-145.4640567796743
