galstreams/tracks/track.st.Alpheus.grillmair2013.ecsv
# %ECSV 0.9
# ---
# datatype:
# - {name: ra, unit: deg, datatype: float64}
# - {name: dec, unit: deg, datatype: float64}
# - {name: distance, unit: kpc, datatype: float64}
# - {name: pm_ra_cosdec, unit: mas / yr, datatype: float64}
# - {name: pm_dec, unit: mas / yr, datatype: float64}
# - {name: radial_velocity, unit: km / s, datatype: float64}
# delimiter: ','
# meta: !!omap
# - __serialized_columns__:
#     dec:
#       __class__: astropy.coordinates.angles.Latitude
#       unit: &id001 !astropy.units.Unit {unit: deg}
#       value: !astropy.table.SerializedColumn {name: dec}
#     distance:
#       __class__: astropy.coordinates.distances.Distance
#       unit: !astropy.units.Unit {unit: kpc}
#       value: !astropy.table.SerializedColumn {name: distance}
#     pm_dec:
#       __class__: astropy.units.quantity.Quantity
#       unit: !astropy.units.Unit {unit: mas / yr}
#       value: !astropy.table.SerializedColumn {name: pm_dec}
#     pm_ra_cosdec:
#       __class__: astropy.units.quantity.Quantity
#       unit: !astropy.units.Unit {unit: mas / yr}
#       value: !astropy.table.SerializedColumn {name: pm_ra_cosdec}
#     ra:
#       __class__: astropy.coordinates.angles.Longitude
#       unit: *id001
#       value: !astropy.table.SerializedColumn {name: ra}
#       wrap_angle: !astropy.coordinates.Angle
#         unit: *id001
#         value: 360.0
#     radial_velocity:
#       __class__: astropy.units.quantity.Quantity
#       unit: !astropy.units.Unit {unit: km / s}
#       value: !astropy.table.SerializedColumn {name: radial_velocity}
# schema: astropy-2.0
ra,dec,distance,pm_ra_cosdec,pm_dec,radial_velocity
[from data line 937]
24.253342035824353,-59.6857999804496,1.7552398562721871,0.0,0.0,0.0
24.255979453280357,-59.675883412603,1.7554051480019977,0.0,0.0,0.0
24.258616421232407,-59.665966875384264,1.7555704391723497,0.0,0.0,0.0
24.261252939702743,-59.656050368738136,1.755735729784019,0.0,0.0,0.0
24.263889008713626,-59.64613389260918,1.7559010198377825,0.0,0.0,0.0
24.266524628287243,-59.636217446942204,1.756066309334415,0.0,0.0,0.0
24.269159798445763,-59.62630103168191,1.7562315982746926,0.0,0.0,0.0
24.271794519211348,-59.61638464677299,1.7563968866593913,0.0,0.0,0.0
24.274428790606056,-59.60646829216041,1.756562174489287,0.0,0.0,0.0
24.277062612651992,-59.59655196778888,1.7567274617651558,0.0,0.0,0.0
24.27969598537114,-59.586635673603425,1.7568927484877734,0.0,0.0,0.0
24.282328908785537,-59.576719409548936,1.7570580346579152,0.0,0.0,0.0
24.284961382917132,-59.5668031755703,1.757223320276358,0.0,0.0,0.0
24.28759340778784,-59.55688697161265,1.7573886053438768,0.0,0.0,0.0
24.29022498341956,-59.546970797620965,1.7575538898612482,0.0,0.0,0.0
24.292856109834165,-59.53705465354029,1.757719173829248,0.0,0.0,0.0
24.295486787053452,-59.527138539315835,1.7578844572486512,0.0,0.0,0.0
24.29811701509923,-59.51722245489267,1.7580497401202346,0.0,0.0,0.0
24.300746793993238,-59.50730640021609,1.758215022444774,0.0,0.0,0.0
24.303376123757204,-59.497390375231284,1.7583803042230448,0.0,0.0,0.0
24.306005004412825,-59.48747437988345,1.7585455854558236,0.0,0.0,0.0
24.308633435981722,-59.47755841411804,1.7587108661438857,0.0,0.0,0.0
24.311261418485543,-59.46764247788028,1.7588761462880071,0.0,0.0,0.0
24.313888951945852,-59.45772657111565,1.7590414258889637,0.0,0.0,0.0
24.3165160363842,-59.447810693769526,1.7592067049475317,0.0,0.0,0.0
24.31914267182212,-59.43789484578733,1.7593719834644868,0.0,0.0,0.0
24.32176885828107,-59.42797902711468,1.7595372614406044,0.0,0.0,0.0
24.324394595782515,-59.418063237696956,1.7597025388766605,0.0,0.0,0.0
24.327019884347834,-59.408147477479886,1.759867815773432,0.0,0.0,0.0
24.329644723998435,-59.39823174640902,1.7600330921316931,0.0,0.0,0.0
24.33226911475566,-59.38831604442995,1.7601983679522215,0.0,0.0,0.0
24.334893056640805,-59.378400371488475,1.7603636432357916,0.0,0.0,0.0
24.337516549675172,-59.3684847275302,1.7605289179831805,0.0,0.0,0.0
24.34013959387996,-59.35856911250103,1.760694192195163,0.0,0.0,0.0
24.342762189276407,-59.34865352634667,1.7608594658725156,0.0,0.0,0.0
24.345384335885697,-59.338737969012946,1.7610247390160143,0.0,0.0,0.0
24.348006033728936,-59.32882244044582,1.7611900116264345,0.0,0.0,0.0
24.35062728282727,-59.318906940591084,1.7613552837045523,0.0,0.0,0.0
24.353248083201727,-59.30899146939484,1.7615205552511435,0.0,0.0,0.0
24.35586843487337,-59.29907602680299,1.7616858262669837,0.0,0.0,0.0
24.35848833786322,-59.28916061276153,1.76185109675285,0.0,0.0,0.0
24.361107792192218,-59.279245227216606,1.7620163667095168,0.0,0.0,0.0
24.363726797881327,-59.26932987011425,1.7621816361377607,0.0,0.0,0.0
24.366345354951417,-59.25941454140069,1.7623469050383576,0.0,0.0,0.0
24.36896346342338,-59.24949924102205,1.7625121734120834,0.0,0.0,0.0
24.37158112331806,-59.23958396892448,1.762677441259714,0.0,0.0,0.0
24.374198334656242,-59.22966872505436,1.7628427085820246,0.0,0.0,0.0
24.376815097458717,-59.219753509357865,1.7630079753797918,0.0,0.0,0.0
24.37943141174619,-59.209838321781454,1.7631732416537913,0.0,0.0,0.0
24.382047277539368,-59.199923162271396,1.7633385074047996,0.0,0.0,0.0
24.384662694858957,-59.19000803077408,1.7635037726335918,0.0,0.0,0.0
24.38727766372554,-59.18009292723604,1.7636690373409427,0.0,0.0,0.0
24.389892184159745,-59.17017785160369,1.7638343015276308,0.0,0.0,0.0
24.392506256182156,-59.16026280382351,1.7639995651944307,0.0,0.0,0.0
24.39511987981326,-59.150347783842165,1.7641648283421174,0.0,0.0,0.0
24.39773305507361,-59.14043279160611,1.7643300909714679,0.0,0.0,0.0
24.40034578198363,-59.13051782706211,1.7644953530832581,0.0,0.0,0.0
24.402958060563776,-59.120602890156775,1.764660614678263,0.0,0.0,0.0
24.405569890834457,-59.11068798083672,1.7648258757572595,0.0,0.0,0.0
24.40818127281601,-59.10077309904885,1.7649911363210222,0.0,0.0,0.0
24.410792206528804,-59.0908582447398,1.7651563963703287,0.0,0.0,0.0
24.41340269199311,-59.080943417856496,1.7653216559059544,0.0,0.0,0.0
24.416012729229205,-59.07102861834574,1.7654869149286738,0.0,0.0,0.0
24.418622318257345,-59.06111384615438,1.765652173439264,0.0,0.0,0.0
24.4212314590977,-59.051199101229436,1.765817431438501,0.0,0.0,0.0
24.42384015177046,-59.04128438351778,1.7659826889271601,0.0,0.0,0.0
24.426448396295733,-59.031369692966514,1.7661479459060172,0.0,0.0,0.0
24.429056192693643,-59.02145502952263,1.7663132023758485,0.0,0.0,0.0
24.43166354098427,-59.01154039313314,1.7664784583374298,0.0,0.0,0.0
24.43427044118761,-59.00162578374528,1.7666437137915367,0.0,0.0,0.0
24.436876893323703,-58.99171120130609,1.7668089687389457,0.0,0.0,0.0
24.439482897412496,-58.98179664576286,1.7669742231804322,0.0,0.0,0.0
24.442088453473918,-58.97188211706279,1.7671394771167726,0.0,0.0,0.0
24.44469356152791,-58.96196761515306,1.7673047305487417,0.0,0.0,0.0
24.447298221594302,-58.952053139981096,1.7674699834771164,0.0,0.0,0.0
24.44990243369296,-58.942138691494115,1.7676352359026724,0.0,0.0,0.0
24.452506197843665,-58.93222426963962,1.7678004878261848,0.0,0.0,0.0
24.455109514066198,-58.922309874364956,1.767965739248431,0.0,0.0,0.0
24.45771238238031,-58.912395505617525,1.7681309901701856,0.0,0.0,0.0
24.460314802805684,-58.90248116334493,1.768296240592225,0.0,0.0,0.0
24.462916775362,-58.89256684749463,1.7684614905153249,0.0,0.0,0.0
24.465518300068922,-58.882652558014136,1.768626739940261,0.0,0.0,0.0
24.468119376946028,-58.872738294851175,1.7687919888678099,0.0,0.0,0.0
24.470720006012908,-58.862824057953226,1.7689572372987465,0.0,0.0,0.0
24.473320187289087,-58.85290984726813,1.7691224852338474,0.0,0.0,0.0
24.47591992079408,-58.84299566274352,1.7692877326738885,0.0,0.0,0.0
24.47851920654739,-58.83308150432707,1.7694529796196454,0.0,0.0,0.0
24.481118044568422,-58.823167371966704,1.769618226071894,0.0,0.0,0.0
24.483716434876623,-58.81325326561012,1.7697834720314103,0.0,0.0,0.0
24.486314377491336,-58.8033391852053,1.7699487174989696,0.0,0.0,0.0
24.488911872431927,-58.79342513070007,1.7701139624753488,0.0,0.0,0.0
24.491508919717717,-58.78351110204232,1.7702792069613233,0.0,0.0,0.0
24.49410551936796,-58.77359709918014,1.7704444509576687,0.0,0.0,0.0
24.496701671401937,-58.76368312206139,1.770609694465161,0.0,0.0,0.0
24.499297375838836,-58.753769170634264,1.770774937484577,0.0,0.0,0.0
24.501892632697842,-58.743855244846785,1.770940180016691,0.0,0.0,0.0
24.504487441998137,-58.733941344647,1.77110542206228,0.0,0.0,0.0
24.507081803758798,-58.72402746998318,1.7712706636221194,0.0,0.0,0.0
24.509675717998952,-58.714113620803424,1.7714359046969859,0.0,0.0,0.0
24.51226918473761,-58.70419979705608,1.7716011452876539,0.0,0.0,0.0
24.514862203993815,-58.69428599868931,1.7717663853949008,0.0,0.0,0.0
24.517454775786575,-58.68437222565141,1.7719316250195012,0.0,0.0,0.0
24.520046900134805,-58.674458477890816,1.7720968641622319,0.0,0.0,0.0
24.52263857705746,-58.66454475535579,1.7722621028238688,0.0,0.0,0.0
24.525229806573417,-58.65463105799488,1.7724273410051867,0.0,0.0,0.0
24.52782058870153,-58.644717385756465,1.772592578706963,0.0,0.0,0.0
24.530410923460657,-58.634803738588985,1.7727578159299726,0.0,0.0,0.0
24.533000810869563,-58.62489011644108,1.772923052674991,0.0,0.0,0.0
24.535590250947028,-58.614976519261184,1.7730882889427955,0.0,0.0,0.0
24.538179243711763,-58.60506294699803,1.7732535247341605,0.0,0.0,0.0
24.540767789182475,-58.595149399600196,1.7734187600498632,0.0,0.0,0.0
24.543355887377853,-58.585235877016295,1.7735839948906784,0.0,0.0,0.0
24.545943538316497,-58.57532237919515,1.7737492292573824,0.0,0.0,0.0
24.54853074201704,-58.565408906085395,1.773914463150752,0.0,0.0,0.0
24.551117498498026,-58.55549545763592,1.7740796965715608,0.0,0.0,0.0
24.553703807777996,-58.545582033795526,1.774244929520587,0.0,0.0,0.0
24.556289669875483,-58.53566863451298,1.7744101619986052,0.0,0.0,0.0
24.558875084808925,-58.525755259737295,1.7745753940063915,0.0,0.0,0.0
24.561460052596786,-58.515841909417354,1.7747406255447222,0.0,0.0,0.0
24.564044573257483,-58.50592858350206,1.7749058566143732,0.0,0.0,0.0
24.566628646809363,-58.496015281940544,1.7750710872161197,0.0,0.0,0.0
24.569212273270807,-58.48610200468172,1.7752363173507377,0.0,0.0,0.0
24.571795452660105,-58.47618875167479,1.775401547019004,0.0,0.0,0.0
24.574378184995545,-58.46627552286882,1.7755667762216936,0.0,0.0,0.0
24.576960470295397,-58.456362318212896,1.7757320049595822,0.0,0.0,0.0
24.579542308577842,-58.44644913765632,1.7758972332334466,0.0,0.0,0.0
24.582123699861107,-58.43653598114821,1.7760624610440614,0.0,0.0,0.0
24.584704644163313,-58.42662284863795,1.7762276883922041,0.0,0.0,0.0
24.5872851415026,-58.416709740074765,1.7763929152786495,0.0,0.0,0.0
24.58986519189707,-58.406796655407945,1.7765581417041736,0.0,0.0,0.0
24.59244479536476,-58.396883594586974,1.7767233676695524,0.0,0.0,0.0
24.595023951923725,-58.38697055756114,1.7768885931755618,0.0,0.0,0.0
24.597602661591928,-58.37705754428003,1.777053818222978,0.0,0.0,0.0
24.60018092438734,-58.367144554693034,1.7772190428125767,0.0,0.0,0.0
24.602758740327932,-58.35723158874964,1.777384266945133,0.0,0.0,0.0
24.605336109431565,-58.34731864639951,1.777549490621424,0.0,0.0,0.0
24.607913031716127,-58.33740572759213,1.7777147138422245,0.0,0.0,0.0
24.610489507199446,-58.32749283227724,1.7778799366083111,0.0,0.0,0.0
24.61306553589933,-58.31757996040443,1.7780451589204596,0.0,0.0,0.0
24.615641117833572,-58.30766711192337,1.7782103807794456,0.0,0.0,0.0
24.618216253019884,-58.29775428678391,1.7783756021860455,0.0,0.0,0.0
24.620790941476002,-58.28784148493576,1.778540823141034,0.0,0.0,0.0
24.623365183219615,-58.27792870632868,1.778706043645189,0.0,0.0,0.0
24.625938978268337,-58.268015950912634,1.7788712636992843,0.0,0.0,0.0
24.628512326639832,-58.258103218637395,1.7790364833040972,0.0,0.0,0.0
24.63108522835163,-58.24819050945299,1.7792017024604023,0.0,0.0,0.0
24.63365768342132,-58.238277823309325,1.7793669211689764,0.0,0.0,0.0
24.63622969186644,-58.228365160156336,1.7795321394305958,0.0,0.0,0.0
24.63880125370444,-58.21845251994418,1.7796973572460355,0.0,0.0,0.0
24.64137236895283,-58.208539902622796,1.7798625746160717,0.0,0.0,0.0
24.643943037628983,-58.19862730814241,1.7800277915414802,0.0,0.0,0.0
24.646513259750336,-58.18871473645312,1.780193008023037,0.0,0.0,0.0
24.649083035334257,-58.17880218750502,1.7803582240615181,0.0,0.0,0.0
24.651652364398057,-58.16888966124844,1.780523439657699,0.0,0.0,0.0
24.654221246959068,-58.158977157633544,1.7806886548123566,0.0,0.0,0.0
24.656789683034535,-58.149064676610706,1.7808538695262648,0.0,0.0,0.0
24.659357672641708,-58.13915221813019,1.7810190838002011,0.0,0.0,0.0
24.66192521579782,-58.129239782142314,1.7811842976349408,0.0,0.0,0.0
24.664492312520018,-58.11932736859758,1.7813495110312607,0.0,0.0,0.0
24.667058962825475,-58.10941497744632,1.781514723989935,0.0,0.0,0.0
24.669625166731286,-58.0995026086391,1.781679936511741,0.0,0.0,0.0
24.672190924254547,-58.089590262126364,1.781845148597454,0.0,0.0,0.0
24.67475623541233,-58.07967793785861,1.7820103602478499,0.0,0.0,0.0
24.677321100221633,-58.06976563578653,1.7821755714637044,0.0,0.0,0.0
24.679885518699457,-58.05985335586062,1.782340782245794,0.0,0.0,0.0
24.68244949086276,-58.049941098031624,1.782505992594894,0.0,0.0,0.0
24.685013016728472,-58.0400288622502,1.782671202511781,0.0,0.0,0.0
24.687576096313517,-58.030116648467,1.78283641199723,0.0,0.0,0.0
24.690138729634725,-58.020204456632904,1.783001621052017,0.0,0.0,0.0
24.692700916708965,-58.010292286698586,1.7831668296769183,0.0,0.0,0.0
24.695262657553013,-58.00038013861499,1.7833320378727102,0.0,0.0,0.0
24.69782395218367,-57.99046801233293,1.783497245640167,0.0,0.0,0.0
24.70038480061768,-57.98055590780327,1.7836624529800664,0.0,0.0,0.0
24.702945202871735,-57.97064382497704,1.7838276598931833,0.0,0.0,0.0
24.70550515896255,-57.96073176380509,1.7839928663802933,0.0,0.0,0.0
24.70806466890674,-57.950819724238585,1.7841580724421735,0.0,0.0,0.0
24.710623732720943,-57.9409077062285,1.7843232780795983,0.0,0.0,0.0
24.713182350421775,-57.930995709725856,1.7844884832933452,0.0,0.0,0.0
24.715740522025747,-57.92108373468189,1.7846536880841883,0.0,0.0,0.0
24.71829824754941,-57.91117178104769,1.7848188924529047,0.0,0.0,0.0
24.720855527009274,-57.90125984877443,1.7849840964002701,0.0,0.0,0.0
24.723412360421797,-57.89134793781343,1.7851492999270602,0.0,0.0,0.0
24.725968747803417,-57.88143604811583,1.785314503034051,0.0,0.0,0.0
24.728524689170523,-57.871524179633056,1.7854797057220178,0.0,0.0,0.0
24.731080184539508,-57.86161233231639,1.7856449079917376,0.0,0.0,0.0
24.733635233926723,-57.851700506117155,1.7858101098439851,0.0,0.0,0.0
24.73618983734845,-57.84178870098685,1.7859753112795373,0.0,0.0,0.0
24.738743994821014,-57.831876916876844,1.7861405122991691,0.0,0.0,0.0
24.74129770636063,-57.8219651537387,1.7863057129036577,0.0,0.0,0.0
24.743850971983537,-57.8120534115239,1.786470913093777,0.0,0.0,0.0
24.746403791705937,-57.80214169018392,1.7866361128703043,0.0,0.0,0.0
24.748956165543955,-57.79222998967048,1.7868013122340154,0.0,0.0,0.0
24.751508093513767,-57.78231830993509,1.7869665111856863,0.0,0.0,0.0
24.754059575631434,-57.772406650929526,1.7871317097260921,0.0,0.0,0.0
24.756610611913036,-57.76249501260541,1.7872969078560088,0.0,0.0,0.0
24.759161202374628,-57.75258339491447,1.787462105576213,0.0,0.0,0.0
24.76171134703219,-57.742671797808526,1.7876273028874803,0.0,0.0,0.0
24.76426104590173,-57.7327602212393,1.7877924997905865,0.0,0.0,0.0
24.766810298999165,-57.72284866515875,1.7879576962863069,0.0,0.0,0.0
24.769359106340424,-57.71293712951869,1.788122892375418,0.0,0.0,0.0
24.771907467941407,-57.703025614270985,1.7882880880586967,0.0,0.0,0.0
24.774455383817944,-57.69311411936768,1.7884532833369164,0.0,0.0,0.0
24.777002853985888,-57.68320264476066,1.7886184782108545,0.0,0.0,0.0
24.779549878461,-57.67329119040206,1.788783672681288,0.0,0.0,0.0
24.78209645725907,-57.66337975624388,1.7889488667489906,0.0,0.0,0.0
24.784642590395833,-57.65346834223814,1.7891140604147395,0.0,0.0,0.0
24.787188277886976,-57.6435569483371,1.78927925367931,0.0,0.0,0.0
24.78973351974818,-57.63364557449285,1.7894444465434778,0.0,0.0,0.0
24.7922783159951,-57.62373422065757,1.78960963900802,0.0,0.0,0.0
24.794822666643327,-57.613822886783566,1.789774831073711,0.0,0.0,0.0
24.797366571708473,-57.60391157282301,1.789940022741328,0.0,0.0,0.0
24.799910031206057,-57.59400027872835,1.7901052140116456,0.0,0.0,0.0
24.802453045151612,-57.58408900445181,1.7902704048854403,0.0,0.0,0.0
24.804995613560646,-57.5741777499458,1.7904355953634885,0.0,0.0,0.0
24.807537736448605,-57.56426651516276,1.7906007854465653,0.0,0.0,0.0
24.810079413830934,-57.554355300055086,1.7907659751354472,0.0,0.0,0.0
24.81262064572301,-57.54444410457534,1.7909311644309092,0.0,0.0,0.0
24.81516143214023,-57.534532928676015,1.7910963533337279,0.0,0.0,0.0
24.81770177309792,-57.5246217723096,1.7912615418446796,0.0,0.0,0.0
24.820241668611395,-57.514710635428806,1.791426729964539,0.0,0.0,0.0
24.822781118695957,-57.50479951798614,1.7915919176940824,0.0,0.0,0.0
24.825320123366808,-57.494888419934384,1.7917571050340861,0.0,0.0,0.0
24.827858682639206,-57.48497734122618,1.7919222919853257,0.0,0.0,0.0
24.830396796528348,-57.475066281814215,1.7920874785485774,0.0,0.0,0.0
24.832934465049366,-57.46515524165136,1.7922526647246164,0.0,0.0,0.0
24.83547168821742,-57.45524422069032,1.7924178505142192,0.0,0.0,0.0
24.83800846604758,-57.44533321888404,1.7925830359181614,0.0,0.0,0.0
24.840544798554934,-57.435422236185346,1.792748220937219,0.0,0.0,0.0
24.84308068575454,-57.42551127254711,1.7929134055721678,0.0,0.0,0.0
24.84561612766137,-57.41560032792237,1.7930785898237838,0.0,0.0,0.0
24.848151124290435,-57.40568940226402,1.7932437736928428,0.0,0.0,0.0
24.85068567565667,-57.395778495525164,1.7934089571801208,0.0,0.0,0.0
