galstreams/tracks/track.st.M68-Fjorm.ibata2021.ecsv
# %ECSV 0.9
# ---
# datatype:
# - {name: ra, unit: deg, datatype: float64}
# - {name: dec, unit: deg, datatype: float64}
# - {name: distance, unit: kpc, datatype: float64}
# - {name: pm_ra_cosdec, unit: mas / yr, datatype: float64}
# - {name: pm_dec, unit: mas / yr, datatype: float64}
# - {name: radial_velocity, unit: km / s, datatype: float64}
# delimiter: ','
# meta: !!omap
# - __serialized_columns__:
#     dec:
#       __class__: astropy.coordinates.angles.Latitude
#       unit: &id001 !astropy.units.Unit {unit: deg}
#       value: !astropy.table.SerializedColumn {name: dec}
#     distance:
#       __class__: astropy.coordinates.distances.Distance
#       unit: !astropy.units.Unit {unit: kpc}
#       value: !astropy.table.SerializedColumn {name: distance}
#     pm_dec:
#       __class__: astropy.units.quantity.Quantity
#       unit: !astropy.units.Unit {unit: mas / yr}
#       value: !astropy.table.SerializedColumn {name: pm_dec}
#     pm_ra_cosdec:
#       __class__: astropy.units.quantity.Quantity
#       unit: !astropy.units.Unit {unit: mas / yr}
#       value: !astropy.table.SerializedColumn {name: pm_ra_cosdec}
#     ra:
#       __class__: astropy.coordinates.angles.Longitude
#       unit: *id001
#       value: !astropy.table.SerializedColumn {name: ra}
#       wrap_angle: !astropy.coordinates.Angle
#         unit: *id001
#         value: 360.0
#     radial_velocity:
#       __class__: astropy.units.quantity.Quantity
#       unit: !astropy.units.Unit {unit: km / s}
#       value: !astropy.table.SerializedColumn {name: radial_velocity}
# schema: astropy-2.0
ra,dec,distance,pm_ra_cosdec,pm_dec,radial_velocity
[from data line 10134]
218.5850177835053,52.18073724832424,5.543631867940038,1.1578428067549658,5.726966973146818,8.420767129872338e-15
218.59474796500626,52.189027514052526,5.54365388275033,1.1590727046866207,5.726544832212654,-8.420767129872338e-15
218.60448236476964,52.197316761736204,5.543676038719263,1.1603027972948352,5.726121996458859,0.0
218.61422098511082,52.205604990661676,5.543698335919281,1.1615330844698055,5.725698465557258,-3.368306851948935e-14
218.62396382834618,52.213892200114785,5.5437207744228285,1.1627635661014406,5.7252742391795355,-5.0524602779234026e-14
218.63371089679342,52.22217838938086,5.543743354302347,1.1639942420793792,5.7248493169972505,-1.6841534259744676e-14
218.64346219277115,52.23046355774456,5.543766075630276,1.165225112292961,5.724423698681823,0.0
218.65321771859914,52.23874770449004,5.543788938479065,1.166456176631254,5.723997383904539,-2.5262301389617013e-14
218.66297747659831,52.2470308289009,5.5438119429211525,1.1676874349830382,5.723570372336545,-2.5262301389617013e-14
218.67274146909065,52.255312930260175,5.543835089028981,1.1689188872368141,5.7231426636488605,-1.6841534259744676e-14
218.68250969839931,52.26359400785033,5.5438583768749945,1.1701505332807958,5.7227142575123615,-2.5262301389617013e-14
218.6922821668484,52.27187406095322,5.543881806531638,1.1713823730029067,5.722285153597795,-3.368306851948935e-14
218.70205887676326,52.2801530888502,5.54390537807135,1.1726144062907957,5.721855351575776,-3.368306851948935e-14
218.7118398304703,52.28843109082203,5.543929091566577,1.173846633031818,5.721424851116778,-6.73661370389787e-14
218.72162503029708,52.29670806614891,5.5439529470897595,1.1750790531130462,5.720993651891142,-2.5262301389617013e-14
218.73141447857213,52.30498401411046,5.543976944713342,1.1763116664212658,5.720561753569077,-3.368306851948935e-14
218.74120817762525,52.313258933985736,5.544001084509766,1.177544472842977,5.720129155820656,-5.0524602779234026e-14
218.7510061297872,52.32153282505323,5.544025366551474,1.1787774722643891,5.71969585831582,-3.368306851948935e-14
218.7608083373899,52.32980568659086,5.544049790910912,1.1800106645714212,5.719261860724368,-3.368306851948935e-14
218.77061480276643,52.338077517876,5.544074357660518,1.181244049649717,5.718827162715975,8.420767129872338e-15
218.78042552825082,52.346348318185406,5.544099066872738,1.1824776273846154,5.718391763960174,-4.210383564936169e-14
218.7902405161784,52.354618086795334,5.544123918620013,1.1837113976611773,5.717955664126367,-2.5262301389617013e-14
218.8000597688854,52.36288682298139,5.544148912974789,1.1849453603641695,5.7175188628838205,-3.368306851948935e-14
218.80988328870933,52.37115452601865,5.544174050009505,1.1861795153780688,5.717081359901668,-2.5262301389617013e-14
218.81971107798864,52.37942119518164,5.544199329796606,1.1874138625870596,5.71664315484891,-1.6841534259744676e-14
218.829543139063,52.38768682974427,5.544224752408535,1.1886484018750412,5.716204247394408,-3.368306851948935e-14
218.83937947427313,52.395951428979934,5.544250317917733,1.189883133125621,5.715764637206899,-2.5262301389617013e-14
218.84922008596087,52.404214992161386,5.544276026396645,1.1911180562221073,5.715324323954973,-2.5262301389617013e-14
218.8590649764691,52.412477518560856,5.544301877917714,1.1923531710475204,5.7148833073071,-2.5262301389617013e-14
218.8689141481419,52.420739007449974,5.544327872553379,1.1935884774845902,5.714441586931605,-3.368306851948935e-14
218.87876760332435,52.42899945809982,5.544354010376086,1.1948239754157526,5.7139991624966875,-3.368306851948935e-14
218.88862534436274,52.437258869780884,5.5443802914582765,1.1960596647231478,5.713556033670408,-1.6841534259744676e-14
218.8984873736043,52.445517241763106,5.5444067158723955,1.1972955452886207,5.713112200120693,1.6841534259744676e-14
218.90835369339752,52.453774573315776,5.544433283690884,1.1985316169937237,5.71266766151534,-5.0524602779234026e-14
218.91822430609184,52.46203086370772,5.544459994986186,1.1997678797197167,5.712222417522009,-3.368306851948935e-14
218.92809921403799,52.47028611220711,5.544486849830743,1.2010043333475615,5.711776467808228,8.420767129872338e-15
218.93797841958758,52.47854031808155,5.544513848296999,1.202240977757923,5.711329812041393,-4.210383564936169e-14
218.94786192509343,52.4867934805981,5.544540990457393,1.203477812831171,5.710882449888766,-2.5262301389617013e-14
218.9577497329095,52.49504559902324,5.544568276384375,1.2047148384473811,5.710434381017469,-3.368306851948935e-14
218.96764184539072,52.50329667262284,5.544595706150383,1.2059520544863256,5.709985605094501,-3.368306851948935e-14
218.97753826489327,52.5115467006622,5.544623279827858,1.207189460827486,5.709536121786726,-1.6841534259744676e-14
218.98743899377428,52.51979568240605,5.5446509974892475,1.2084270573500404,5.709085930760868,-4.210383564936169e-14
218.99734403439206,52.52804361711854,5.544678859206992,1.2096648439328712,5.708635031683526,-5.894536990910637e-14
219.007253389106,52.5362905040633,5.544706865053535,1.2109028204545655,5.708183424221156,-8.420767129872338e-15
219.0171670602766,52.54453634250324,5.544735015101318,1.2121409867933963,5.707731108040096,0.0
219.02708505026538,52.55278113170082,5.544763309422786,1.2133793428273523,5.707278082806534,-1.6841534259744676e-14
219.037007361435,52.561024870917855,5.544791748090381,1.2146178884341152,5.70682434818654,-1.6841534259744676e-14
219.0469339961493,52.56926755941562,5.544820331176544,1.2158566234910688,5.706369903846043,-2.5262301389617013e-14
219.0568649567731,52.57750919645476,5.544849058753718,1.2170955478752914,5.705914749450843,-3.368306851948935e-14
219.06680024567237,52.58574978129541,5.544877930894348,1.2183346614635653,5.7054588846666,0.0
219.07673986521405,52.593989313197014,5.544906947670877,1.2195739641323582,5.705002309158852,-2.5262301389617013e-14
219.0866838177664,52.602227791418535,5.5449361091557465,1.2208134557578543,5.704545022592999,-2.5262301389617013e-14
219.09663210569857,52.61046521521832,5.544965415421398,1.222053136215915,5.7040870246343065,-2.5262301389617013e-14
219.10658473138093,52.61870158385408,5.544994866540277,1.2232930053821118,5.703628314947915,-2.5262301389617013e-14
219.11654169718489,52.62693689658307,5.545024462584827,1.2245330631317095,5.703168893198821,-8.420767129872338e-15
219.1265030054829,52.635171152661805,5.545054203627485,1.22577330933966,5.702708759051905,-2.5262301389617013e-14
219.13646865864862,52.64340435134632,5.545084089740699,1.2270137438806235,5.702247912171899,-2.5262301389617013e-14
219.14643865905666,52.65163649189204,5.545114120996911,1.2282543666289405,5.701786352223413,-5.0524602779234026e-14
219.15641300908285,52.659867573553804,5.545144297468566,1.229495177458658,5.701324078870918,-1.6841534259744676e-14
219.16639171110407,52.66809759558585,5.545174619228099,1.2307361762435118,5.70086109177876,-2.5262301389617013e-14
219.17637476749826,52.67632655724186,5.545205086347961,1.2319773628569306,5.700397390611151,-8.420767129872338e-15
219.18636218064444,52.68455445777486,5.5452356989005915,1.2332187371720278,5.69993297503217,1.6841534259744676e-14
219.19635395292278,52.69278129643738,5.545266456958434,1.2344602990616258,5.699467844705763,-4.210383564936169e-14
219.20635008671445,52.70100707248131,5.54529736059393,1.2357020483982233,5.699001999295746,-3.368306851948935e-14
219.2163505844018,52.70923178515798,5.5453284098795255,1.236943985054022,5.698535438465803,-1.6841534259744676e-14
219.22635544836825,52.717455433718094,5.545359604887659,1.2381861089009065,5.698068161879485,-1.6841534259744676e-14
219.2363646809983,52.725678017411774,5.5453909456907775,1.2394284198104548,5.697600169200216,-2.5262301389617013e-14
219.24637828467743,52.73389953548859,5.5454224323613195,1.2406709176539323,5.697131460091286,-4.210383564936169e-14
219.2563962617924,52.742119987197505,5.545454064971731,1.2419136023022967,5.696662034215852,1.6841534259744676e-14
219.2664186147309,52.75033937178686,5.545485843594453,1.2431564736261944,5.69619189123694,-8.420767129872338e-15
219.2764453458818,52.758557688504425,5.545517768301932,1.2443995314959586,5.695721030817444,-5.0524602779234026e-14
219.28647645763505,52.76677493659742,5.545549839166605,1.2456427757816149,5.695249452620134,-8.420767129872338e-15
219.29651195238156,52.7749911153124,5.545582056260919,1.2468862063528658,5.694777156307639,-2.5262301389617013e-14
219.30655183251352,52.783206223895384,5.545614419657316,1.2481298230791131,5.694304141542467,-3.368306851948935e-14
219.31659610042405,52.79142026159177,5.545646929428239,1.249373625829437,5.693830407986983,8.420767129872338e-15
219.32664475850743,52.79963322764637,5.54567958564613,1.2506176144726098,5.693355955303431,-4.210383564936169e-14
219.33669780915906,52.80784512130344,5.545712388383431,1.2518617888770858,5.692880783153921,3.368306851948935e-14
219.34675525477525,52.81605594180654,5.545745337712587,1.2531061489110005,5.692404891200435,-2.5262301389617013e-14
219.3568170977536,52.824265688398754,5.5457784337060385,1.2543506944421838,5.691928279104817,-1.6841534259744676e-14
219.36688334049268,52.8324743603225,5.545811676436232,1.2555954253381396,5.691450946528789,-5.894536990910637e-14
219.3769539853922,52.84068195681964,5.545845065975606,1.2568403414660634,5.690972893133939,-3.368306851948935e-14
219.38702903485287,52.8488884771314,5.545878602396606,1.2580854426928323,5.690494118581723,8.420767129872338e-15
219.3971084912766,52.85709392049847,5.545912285771675,1.2593307288850029,5.690014622533464,0.0
219.40719235706624,52.86529828616086,5.545946116173253,1.2605761999088163,5.6895344046503675,-3.368306851948935e-14
219.41728063462583,52.87350157335804,5.545980093673785,1.261821855630191,5.689053464593496,2.5262301389617013e-14
219.42737332636045,52.88170378132887,5.546014218345714,1.2630676959147353,5.688571802023786,-3.368306851948935e-14
219.43747043467627,52.889904909311625,5.546048490261483,1.2643137206277337,5.688089416602043,-2.5262301389617013e-14
219.44757196198057,52.89810495654399,5.546082909493534,1.265559929634152,5.687606307988945,8.420767129872338e-15
219.4576779106816,52.906303922262985,5.54611747611431,1.266806322798632,5.68712247584504,-3.368306851948935e-14
219.46778828318884,52.914501805705115,5.546152190196254,1.2680528999854992,5.686637919830748,1.6841534259744676e-14
219.47790308191276,52.922698606106216,5.546187051811807,1.2692996610587586,5.68615263960635,-2.5262301389617013e-14
219.48802230926486,52.930894322701576,5.546222061033416,1.2705466058820887,5.685666634832009,-8.420767129872338e-15
219.49814596765785,52.93908895472588,5.54625721793352,1.2717937343188488,5.685179905167751,-8.420767129872338e-15
219.5082740595054,52.94728250141317,5.546292522584563,1.27304104623208,5.684692450273477,-1.6841534259744676e-14
219.51840658722233,52.95547496199691,5.546327975058988,1.274288541484495,5.684204269808958,-5.0524602779234026e-14
219.5285435532245,52.96366633570999,5.546363575429237,1.2755362199384805,5.68371536343383,-3.368306851948935e-14
219.53868495992884,52.971856621784646,5.546399323767755,1.2767840814561044,5.68322573080761,-3.368306851948935e-14
219.5488308097534,52.98004581945256,5.546435220146982,1.2780321258991114,5.682735371589678,0.0
219.5589811051173,52.98823392794479,5.546471264639363,1.2792803531289194,5.682244285439284,0.0
219.56913584844065,52.99642094649176,5.54650745731734,1.280528763006614,5.681752472015557,2.5262301389617013e-14
219.5792950421447,53.004606874323336,5.546543798253355,1.2817773553929657,5.681259930977493,-8.420767129872338e-15
219.5894586886518,53.01279171066878,5.546580287519853,1.2830261301484118,5.680766661983956,8.420767129872338e-15
219.59962679038537,53.0209754547567,5.546616925189276,1.2842750871330662,5.680272664693685,-8.420767129872338e-15
219.60979934976982,53.02915810581516,5.546653711334064,1.2855242262067115,5.679777938765292,-2.5262301389617013e-14
219.6199763692307,53.037339663071606,5.546690646026663,1.2867735472288058,5.679282483857255,0.0
219.63015785119464,53.045520125752816,5.546727729339516,1.2880230500584775,5.678786299627931,-8.420767129872338e-15
219.6403437980893,53.05369949308504,5.546764961345064,1.2892727345545276,5.678289385735542,-1.6841534259744676e-14
219.65053421234347,53.061877764293875,5.546802342115749,1.2905226005754233,5.677791741838184,-8.420767129872338e-15
219.66072909638694,53.07005493860432,5.546839871724017,1.2917726479793077,5.677293367593826,-2.5262301389617013e-14
219.67092845265063,53.07823101524081,5.54687755024231,1.2930228766239906,5.67679426266031,-4.210383564936169e-14
219.68113228356646,53.086405993427086,5.546915377743069,1.2942732863669493,5.676294426695347,0.0
219.6913405915675,53.09457987238633,5.546953354298738,1.2955238770653337,5.675793859356522,-2.5262301389617013e-14
219.7015533790878,53.102752651341156,5.54699147998176,1.2967746485759568,5.675292560301291,-1.6841534259744676e-14
219.71177064856266,53.11092432951348,5.547029754864576,1.2980256007553073,5.674790529186987,-8.420767129872338e-15
219.72199240242816,53.11909490612467,5.547068179019632,1.2992767334595319,5.674287765670809,0.0
219.73221864312174,53.12726438039549,5.54710675251937,1.3005280465444518,5.673784269409829,-8.420767129872338e-15
219.74244937308168,53.13543275154602,5.54714547543623,1.3017795398655458,5.673280040060996,8.420767129872338e-15
219.75268459474742,53.14360001879581,5.5471843478426575,1.3030312132779645,5.672775077281132,0.0
219.76292431055953,53.151766181363755,5.547223369811094,1.3042830666365255,5.672269380726927,8.420767129872338e-15
219.7731685229595,53.159931238468154,5.547262541413983,1.3055350997957045,5.671762950054948,-3.368306851948935e-14
219.78341723439004,53.1680951893267,5.547301862723769,1.3067873126096508,5.671255784921632,-2.5262301389617013e-14
219.79367044729483,53.17625803315645,5.547341333812891,1.308039704932164,5.670747884983291,-1.6841534259744676e-14
219.80392816411862,53.18441976917385,5.5473809547537964,1.309292276616717,5.670239249896111,0.0
219.8141903873072,53.19258039659476,5.547420725618924,1.3105450275164423,5.669729879316148,-8.420767129872338e-15
219.8244571193075,53.20073991463439,5.547460646480717,1.311797957484137,5.669219772899338,-1.6841534259744676e-14
219.83472836256752,53.20889832250736,5.54750071741162,1.3130510663722557,5.668708930301481,-5.0524602779234026e-14
219.8450041195362,53.21705561942769,5.547540938484075,1.3143043540329207,5.668197351178259,-2.5262301389617013e-14
219.85528439266363,53.22521180460874,5.547581309770526,1.3155578203179041,5.667685035185224,8.420767129872338e-15
219.86556918440095,53.233366877263244,5.547621831343414,1.3168114650786458,5.667171981977804,-2.5262301389617013e-14
219.8758584972004,53.2415208366034,5.547662503275181,1.318065288166249,5.666658191211296,-1.6841534259744676e-14
219.88615233351513,53.24967368184071,5.547703325638275,1.3193192894314645,5.666143662540874,-3.368306851948935e-14
219.8964506957996,53.25782541218612,5.547744298505134,1.3205734687247166,5.66562839562159,-1.6841534259744676e-14
219.90675358650904,53.265976026849906,5.5477854219482,1.3218278258960718,5.665112390108366,-3.368306851948935e-14
219.91706100809998,53.27412552504173,5.5478266960399205,1.3230823607952658,5.6645956456559965,-2.5262301389617013e-14
219.92737296302988,53.28227390597068,5.547868120852735,1.324337073271687,5.664078161919155,-8.420767129872338e-15
219.9376894537573,53.29042116884518,5.547909696459087,1.3255919631743815,5.663559938552389,8.420767129872338e-15
219.94801048274178,53.29856731287305,5.547951422931419,1.3268470303520483,5.663040975210116,-8.420767129872338e-15
219.95833605244405,53.3067123372615,5.547993300342174,1.3281022746530509,5.662521271546633,0.0
219.96866616532583,53.3148562412171,5.548035328763795,1.329357695925394,5.6620008272161115,-1.6841534259744676e-14
219.97900082384984,53.3229990239458,5.548077508268726,1.3306132940167505,5.661479641872598,-3.368306851948935e-14
219.98934003047992,53.33114068465297,5.5481198389294075,1.3318690687744397,5.660957715170009,-8.420767129872338e-15
