galstreams/tracks/track.st.Gaia-12.ibata2021.ecsv
# %ECSV 0.9
# ---
# datatype:
# - {name: ra, unit: deg, datatype: float64}
# - {name: dec, unit: deg, datatype: float64}
# - {name: distance, unit: kpc, datatype: float64}
# - {name: pm_ra_cosdec, unit: mas / yr, datatype: float64}
# - {name: pm_dec, unit: mas / yr, datatype: float64}
# - {name: radial_velocity, unit: km / s, datatype: float64}
# delimiter: ','
# meta: !!omap
# - __serialized_columns__:
#     dec:
#       __class__: astropy.coordinates.angles.Latitude
#       unit: &id001 !astropy.units.Unit {unit: deg}
#       value: !astropy.table.SerializedColumn {name: dec}
#     distance:
#       __class__: astropy.coordinates.distances.Distance
#       unit: !astropy.units.Unit {unit: kpc}
#       value: !astropy.table.SerializedColumn {name: distance}
#     pm_dec:
#       __class__: astropy.units.quantity.Quantity
#       unit: !astropy.units.Unit {unit: mas / yr}
#       value: !astropy.table.SerializedColumn {name: pm_dec}
#     pm_ra_cosdec:
#       __class__: astropy.units.quantity.Quantity
#       unit: !astropy.units.Unit {unit: mas / yr}
#       value: !astropy.table.SerializedColumn {name: pm_ra_cosdec}
#     ra:
#       __class__: astropy.coordinates.angles.Longitude
#       unit: *id001
#       value: !astropy.table.SerializedColumn {name: ra}
#       wrap_angle: !astropy.coordinates.Angle
#         unit: *id001
#         value: 360.0
#     radial_velocity:
#       __class__: astropy.units.quantity.Quantity
#       unit: !astropy.units.Unit {unit: km / s}
#       value: !astropy.table.SerializedColumn {name: radial_velocity}
# schema: astropy-2.0
ra,dec,distance,pm_ra_cosdec,pm_dec,radial_velocity
[from data line 964]
43.71970008073829,14.056065066245909,10.641025107645461,6.127529230517153,-6.2203154388655,-8.420767129872338e-14
43.727344725303325,14.049341289502818,10.639322565010765,6.12910305108729,-6.221804966236183,-8.420767129872338e-14
43.73498821897901,14.042616493355403,10.637628438244912,6.13068146107393,-6.22329506579216,-7.578690416885104e-14
43.74263056018917,14.03589067601243,10.635942746693551,6.132264472082358,-6.224785737566932,-2.5262301389617013e-14
43.75027174735756,14.029163835682805,10.634265509702349,6.1338520957178595,-6.226276981595051,-4.210383564936169e-14
43.757911778907925,14.022435970575561,10.632596746616947,6.135444343585729,-6.227768797912111,-1.5999457546757442e-13
43.765550653264015,14.015707078899863,10.63093647678301,6.137041227291256,-6.22926118655474,-1.0104920555846805e-13
43.773188368849496,14.008977158865013,10.629284719546188,6.138642758439744,-6.230754147560613,-3.368306851948935e-14
43.78082492408804,14.002246208680436,10.627641494252137,6.1402489486364935,-6.232247680968428,-6.73661370389787e-14
43.788460317403285,13.9955142265557,10.626006820246515,6.14185980948681,-6.23374178681793,-8.420767129872338e-14
43.79609454721885,13.988781210700493,10.624380716874974,6.1434753525959955,-6.235236465149878,-1.0104920555846805e-13
43.80372761195833,13.982047159324642,10.622763203483165,6.145095589569374,-6.236731716006083,-1.1789073981821273e-13
43.81135951004527,13.975312070638095,10.621154299416755,6.1467205320122416,-6.238227539429356,-5.0524602779234026e-14
43.81899023990323,13.968575942850942,10.619554024021387,6.1483501915299215,-6.239723935463553,-1.0104920555846805e-13
43.826619799955694,13.96183877417339,10.61796239664272,6.149984579727733,-6.241220904153547,-3.368306851948935e-14
43.83424818862617,13.95510056281579,10.616379436626415,6.151623708210989,-6.242718445545222,-7.578690416885104e-14
43.84187540433811,13.948361306988613,10.614805163318119,6.153267588585011,-6.2442165596854915,-6.73661370389787e-14
43.84950144551497,13.941621004902453,10.613239596063487,6.15491623245512,-6.245715246622281,-4.210383564936169e-14
43.857126310580135,13.93487965476805,10.611682754208175,6.156569651426638,-6.247214506404529,-9.262843842859572e-14
43.864749997957,13.928137254796253,10.610134657097843,6.158227857104885,-6.248714339082186,-1.0104920555846805e-13
43.872372506068935,13.921393803198058,10.608595324078145,6.159890861095182,-6.250214744706207,-1.0946997268834039e-13
43.87999383333928,13.914649298184568,10.607064774494733,6.161558675002857,-6.251715723328563,-5.894536990910637e-14
43.88761397819134,13.907903737967027,10.60554302769326,6.163231310433227,-6.253217275002226,-1.6841534259744676e-14
43.89523293904841,13.901157120756821,10.604030103019383,6.1649087789916175,-6.2547193997811705,-2.5262301389617013e-14
43.90285071433376,13.894409444765424,10.602526019818757,6.166591092283351,-6.256222097720369,-1.1789073981821273e-13
43.910467302470636,13.887660708204466,10.601030797437039,6.168278261913746,-6.257725368875797,-8.420767129872338e-15
43.91808270188225,13.8809109092857,10.599544455219885,6.169970299488121,-6.259229213304423,-1.0104920555846805e-13
43.9256969109918,13.874160046220993,10.598067012512947,6.171667216611793,-6.260733631064214,-6.73661370389787e-14
43.93330992822248,13.867408117222347,10.596598488661877,6.1733690248900865,-6.262238622214128,-4.210383564936169e-14
43.940921751997415,13.860655120501898,10.595138903012337,6.175075735928308,-6.2637441868141055,-9.262843842859572e-14
43.948532380739756,13.85390105427188,10.59368827490998,6.1767873613317725,-6.265250324925084,-7.578690416885104e-14
43.95614181287258,13.847145916744687,10.592246623700456,6.178503912705795,-6.266757036608988,-9.262843842859572e-14
43.96375004681901,13.840389706132802,10.590813968729423,6.1802254016556795,-6.268264321928714,-5.0524602779234026e-14
43.97135708100207,13.833632420648863,10.589390329342539,6.181951839786731,-6.269772180948149,-8.420767129872338e-14
43.97896291384483,13.826874058505608,10.587975724885457,6.18368323870425,-6.271280613732154,-1.1789073981821273e-13
43.9865675437703,13.820114617915916,10.58657017470383,6.1854196100135415,-6.272789620346576,-8.420767129872338e-14
43.99417096920146,13.813354097092782,10.585173698143315,6.187160965319897,-6.274299200858226,-1.1789073981821273e-13
44.00177318856131,13.80659249424932,10.583786314549567,6.18890731622861,-6.275809355334893,-5.0524602779234026e-14
44.00937420027279,13.799829807598782,10.582408043268241,6.190658674344968,-6.277320083845339,-6.73661370389787e-14
44.016974002758815,13.793066035354522,10.581038903644991,6.19241505127425,-6.278831386459284,-1.4315304120782974e-13
44.02457259444234,13.78630117573003,10.57967891502547,6.194176458621745,-6.280343263247433,-9.262843842859572e-14
44.03216997374622,13.77953522693891,10.57832809675534,6.195942907992718,-6.281855714281433,-5.0524602779234026e-14
44.03976613909334,13.772768187194897,10.57698646818025,6.197714410992443,-6.283368739633911,-1.4315304120782974e-13
44.04736108890655,13.766000054711837,10.575654048645855,6.199490979226185,-6.284882339378445,-1.0946997268834039e-13
44.054954821608675,13.759230827703703,10.574330857497815,6.201272624299197,-6.28639651358957,-7.578690416885104e-14
44.06254733562252,13.752460504384597,10.57301691408178,6.20305935781674,-6.28791126234278,-6.73661370389787e-14
44.07013862937089,13.745689082968722,10.571712237743407,6.2048511913840585,-6.289426585714523,-9.262843842859572e-14
44.077728701276534,13.738916561670415,10.570416847828351,6.206648136606392,-6.290942483782197,-7.578690416885104e-14
44.08531754976222,13.732142938704126,10.569130763682264,6.2084502050889805,-6.292458956624149,-8.420767129872338e-15
44.09290517325066,13.72536821228443,10.567854004650806,6.2102574084370445,-6.29397600431967,-1.0104920555846805e-13
44.100491570164586,13.718592380626022,10.566586590079629,6.212069758255813,-6.295493626949002,-6.73661370389787e-14
44.10807673892667,13.71181544194371,10.565328539314386,6.213887266150493,-6.297011824593326,-4.210383564936169e-14
44.115660677959596,13.705037394452427,10.564079871700736,6.215709943726303,-6.298530597334766,-1.4315304120782974e-13
44.123243385686024,13.698258236367215,10.562840606584333,6.217537802588431,-6.300049945256381,-1.0946997268834039e-13
44.130824860528584,13.69147796590325,10.561610763310831,6.219370854342071,-6.301569868442167,-8.420767129872338e-14
44.13840510090987,13.684696581275807,10.560390361225888,6.221209110592411,-6.303090366977056,-1.4315304120782974e-13
44.14598410525252,13.677914080700289,10.559179419675157,6.223052582944622,-6.304611440946916,-5.894536990910637e-14
44.15356187197909,13.671130462392222,10.55797795800429,6.2249012830038755,-6.306133090438534,-1.6841534259744676e-14
44.161138399512154,13.664345724567232,10.556785995558945,6.226755222375325,-6.3076553155396375,-6.73661370389787e-14
44.16871368627424,13.657559865441083,10.555603551684777,6.228614412664124,-6.3091781163388685,-1.0946997268834039e-13
44.17628773068788,13.650772883229632,10.55443064572744,6.230478865475408,-6.310701492925803,-5.0524602779234026e-14
44.18386053117559,13.64398477614887,10.55326729703259,6.232348592414311,-6.312225445390931,-1.2631150694808508e-13
44.191432086159864,13.6371955424149,10.552113524945884,6.234223605085951,-6.313749973825662,-1.0104920555846805e-13
44.19900239406318,13.630405180243933,10.550969348812972,6.236103915095439,-6.315275078322328,-1.0946997268834039e-13
44.20657145330797,13.623613687852307,10.549834787979512,6.237989534047879,-6.316800758974173,-1.0946997268834039e-13
44.2141392623167,13.616821063456465,10.548709861791158,6.239880473548357,-6.318327015875354,-7.578690416885104e-14
44.22170581951178,13.610027305272963,10.547594589593567,6.241776745201957,-6.319853849120939,-3.368306851948935e-14
44.229271123315634,13.603232411518482,10.546488990732392,6.2436783606137425,-6.321381258806904,-6.73661370389787e-14
44.23683517215063,13.596436380409813,10.545393084553288,6.245585331388778,-6.322909245030132,-1.0946997268834039e-13
44.24439796443915,13.589639210163856,10.544306890401911,6.247497669132102,-6.3244378078884145,-8.420767129872338e-14
44.25195949860357,13.582840898997624,10.543230427623918,6.249415385448753,-6.325966947480437,-8.420767129872338e-15
44.25951977306621,13.576041445128258,10.542163715564957,6.251338491943752,-6.327496663905796,-2.5262301389617013e-14
44.26707878624939,13.56924084677299,10.54110677357069,6.253267000222114,-6.329026957264976,-1.2631150694808508e-13
44.27463653657546,13.562439102149174,10.540059620986767,6.255200921888834,-6.330557827659366,-3.368306851948935e-14
44.28219302246668,13.555636209474288,10.53902227715885,6.257140268548895,-6.332089275191242,-4.210383564936169e-14
44.28974824234533,13.548832166965903,10.537994761432588,6.259085051807274,-6.333621299963774,-5.0524602779234026e-14
44.297302194633694,13.542026972841715,10.536977093153634,6.261035283268934,-6.33515390208103,-1.4315304120782974e-13
44.30485487775401,13.535220625319518,10.535969291667653,6.262990974538812,-6.336687081647948,-5.894536990910637e-14
44.31240629012852,13.528413122617238,10.53497137632029,6.264952137221853,-6.338220838770373,-7.578690416885104e-14
44.319956430179445,13.521604462952887,10.533983366457202,6.266918782922967,-6.339755173555016,-7.578690416885104e-14
44.32750529632898,13.51479464454461,10.533005281424048,6.268890923247066,-6.341290086109476,1.6841534259744676e-14
44.335052886999314,13.507983665610652,10.53203714056648,6.270868569799037,-6.342825576542235,-1.0104920555846805e-13
44.342599200612646,13.501171524369365,10.531078963230154,6.27285173418376,-6.344361644962646,-4.210383564936169e-14
44.35014423559112,13.494358219039206,10.530130768760724,6.274840428006097,-6.345898291480942,-5.894536990910637e-14
44.35768799035688,13.487543747838766,10.529192576503846,6.276834662870893,-6.347435516208222,-5.0524602779234026e-14
44.365230463332075,13.480728108986716,10.528264405805173,6.278834450382984,-6.348973319256464,-5.894536990910637e-14
44.37277165293882,13.473911300701852,10.527346276010364,6.280839802147181,-6.350511700738509,-7.578690416885104e-14
44.38031155759923,13.467093321203071,10.52643820646507,6.282850729768292,-6.352050660768071,-8.420767129872338e-14
44.38785017573539,13.46027416870939,10.52554021651495,6.2848672448511,-6.3535901994597195,-8.420767129872338e-14
44.395387505769385,13.453453841439915,10.524652325505652,6.286889359000371,-6.3551303169288955,-9.262843842859572e-14
44.40292354612328,13.446632337613886,10.52377455278284,6.288917083820863,-6.356671013291894,-5.0524602779234026e-14
44.410458295219144,13.439809655450619,10.522906917692163,6.290950430917313,-6.358212288665874,-4.210383564936169e-14
44.41799175147901,13.43298579316956,10.522049439579277,6.2929894118944345,-6.3597541431688445,-5.894536990910637e-14
44.425523913324895,13.426160748990256,10.521202137789839,6.295034038356933,-6.361296576919671,-1.0104920555846805e-13
44.43305477917884,13.419334521132356,10.5203650316695,6.2970843219095,-6.362839590038076,-3.368306851948935e-14
44.44058434746283,13.41250710781562,10.51953814056392,6.299140274156795,-6.364383182644624,-6.73661370389787e-14
44.44811261659887,13.405678507259914,10.51872148381875,6.301201906703476,-6.365927354860736,-5.894536990910637e-14
44.45563958500894,13.398848717685205,10.517915080779645,6.303269231154168,-6.367472106808671,-1.5999457546757442e-13
44.463165251115,13.392017737311567,10.517118950792266,6.305342259113489,-6.369017438611534,-8.420767129872338e-14
44.470689613339026,13.38518556435918,10.516333113202261,6.307421002186032,-6.370563350393271,-4.210383564936169e-14
44.47821267010295,13.378352197048333,10.51555758735529,6.309505471976379,-6.372109842278675,-5.0524602779234026e-14
44.4857344198287,13.371517633599414,10.514792392597002,6.311595680089084,-6.3736569143933695,-8.420767129872338e-14
44.49325486093822,13.364681872232914,10.514037548273059,6.313691638128686,-6.37520456686381,-2.5262301389617013e-14
44.5007739918534,13.357844911169435,10.51329307372911,6.315793357699708,-6.376752799817297,-9.262843842859572e-14
44.50829181099616,13.351006748629672,10.512558988310813,6.317900850406648,-6.37830161338195,-8.420767129872338e-14
44.51580831678839,13.344167382834433,10.511835311363821,6.320014127853987,-6.379851007686727,-6.73661370389787e-14
44.523323507651945,13.337326812004623,10.511122062233794,6.322133201646183,-6.3814009828614076,-8.420767129872338e-14
44.53083738200873,13.330485034361253,10.51041926026638,6.324258083387683,-6.382951539036599,-4.210383564936169e-14
44.53834993828056,13.323642048125443,10.509726924807243,6.326388784682896,-6.384502676343727,-1.1789073981821273e-13
44.545861174889325,13.316797851518388,10.509045075202028,6.328525317136227,-6.386054394915049,-8.420767129872338e-14
44.55337109025684,13.309952442761425,10.508373730796395,6.330667692352053,-6.3876066948836305,-6.73661370389787e-14
44.560879682804945,13.303105820075961,10.507712910935998,6.332815921934731,-6.389159576383361,-7.578690416885104e-14
44.56838695095545,13.296257981683516,10.507062634966495,6.33497001748859,-6.390713039548936,-9.262843842859572e-14
44.57589289313017,13.289408925805716,10.506422922233538,6.337129990617955,-6.392267084515875,-1.2631150694808508e-13
44.583397507750895,13.282558650664276,10.505793792082782,6.339295852927108,-6.393821711420503,-5.0524602779234026e-14
44.59090079323942,13.275707154481022,10.505175263859883,6.3414676160203225,-6.395376920399949,-9.262843842859572e-14
44.598402748017534,13.268854435477865,10.504567356910494,6.3436452915018435,-6.396932711592158,-1.0104920555846805e-13
44.60590337050699,13.262000491876842,10.503970090580273,6.345828890975895,-6.398489085135871,-1.2631150694808508e-13
44.61340265912958,13.255145321900057,10.503383484214874,6.348018426046682,-6.400046041170637,-7.578690416885104e-14
44.62090061230703,13.248288923769744,10.50280755715995,6.350213908318378,-6.401603579836802,-1.6841534259744676e-14
44.6283972284611,13.241431295708209,10.502242328761158,6.35241534939514,-6.403161701275512,0.0
44.635892506013505,13.234572435937881,10.501687818364154,6.3546227608810995,-6.404720405628711,-3.368306851948935e-14
44.64338644338599,13.227712342681276,10.50114404531459,6.356836154380366,-6.406279693039134,-1.1789073981821273e-13
44.650879039000294,13.220851014161001,10.500611028958124,6.359055541497019,-6.407839563650312,-2.5262301389617013e-14
44.65837029127809,13.21398844859977,10.500088788640408,6.361280933835124,-6.409400017606561,-2.5262301389617013e-14
44.665860198641106,13.20712464422039,10.499577343707099,6.363512342998708,-6.410961055052987,-6.73661370389787e-14
44.673348759511036,13.200259599245772,10.499076713503852,6.365749780591791,-6.41252267613549,-9.262843842859572e-14
44.68083597230956,13.193393311898921,10.49858691737632,6.36799325821835,-6.414084881000742,-8.420767129872338e-14
44.688321835458375,13.186525780402931,10.498107974670162,6.370242787482349,-6.415647669796204,-3.368306851948935e-14
44.695806347379126,13.179657002981003,10.49763990473103,6.3724983799877215,-6.417211042670118,-2.5262301389617013e-14
44.7032895064935,13.172786977856433,10.49718272690458,6.374760047338375,-6.418774999771495,-5.894536990910637e-14
44.71077131122315,13.165915703252603,10.496736460536466,6.377027801138199,-6.4203395412501365,-1.0104920555846805e-13
44.71825175998972,13.159043177392997,10.49630112497234,6.379301652991044,-6.421904667256605,-9.262843842859572e-14
44.72573085121487,13.152169398501197,10.495876739557861,6.381581614500747,-6.423470377942245,-6.73661370389787e-14
44.733208583320234,13.145294364800879,10.495463323638692,6.383867697271105,-6.425036673459157,-1.6841534259744676e-14
44.74068495472743,13.138418074515805,10.495060896560473,6.386159912905903,-6.426603553960228,-3.368306851948935e-14
44.748159963858086,13.131540525869845,10.494669477668866,6.388458273008883,-6.428171019599093,-1.2631150694808508e-13
