galstreams/tracks/track.st.Kwando.ibata2021.ecsv
# %ECSV 0.9
# ---
# datatype:
# - {name: ra, unit: deg, datatype: float64}
# - {name: dec, unit: deg, datatype: float64}
# - {name: distance, unit: kpc, datatype: float64}
# - {name: pm_ra_cosdec, unit: mas / yr, datatype: float64}
# - {name: pm_dec, unit: mas / yr, datatype: float64}
# - {name: radial_velocity, unit: km / s, datatype: float64}
# delimiter: ','
# meta: !!omap
# - __serialized_columns__:
#     dec:
#       __class__: astropy.coordinates.angles.Latitude
#       unit: &id001 !astropy.units.Unit {unit: deg}
#       value: !astropy.table.SerializedColumn {name: dec}
#     distance:
#       __class__: astropy.coordinates.distances.Distance
#       unit: !astropy.units.Unit {unit: kpc}
#       value: !astropy.table.SerializedColumn {name: distance}
#     pm_dec:
#       __class__: astropy.units.quantity.Quantity
#       unit: !astropy.units.Unit {unit: mas / yr}
#       value: !astropy.table.SerializedColumn {name: pm_dec}
#     pm_ra_cosdec:
#       __class__: astropy.units.quantity.Quantity
#       unit: !astropy.units.Unit {unit: mas / yr}
#       value: !astropy.table.SerializedColumn {name: pm_ra_cosdec}
#     ra:
#       __class__: astropy.coordinates.angles.Longitude
#       unit: *id001
#       value: !astropy.table.SerializedColumn {name: ra}
#       wrap_angle: !astropy.coordinates.Angle
#         unit: *id001
#         value: 360.0
#     radial_velocity:
#       __class__: astropy.units.quantity.Quantity
#       unit: !astropy.units.Unit {unit: km / s}
#       value: !astropy.table.SerializedColumn {name: radial_velocity}
# schema: astropy-2.0
ra,dec,distance,pm_ra_cosdec,pm_dec,radial_velocity
[from data line 1066]
23.124172148998458,-22.038176284060533,7.91080090185352,-0.12121070528788712,-0.07813638319444854,-1.0525958912340423e-15
23.131855426530766,-22.045910250184576,7.912543349989942,-0.12116645259573527,-0.0781484546868836,-9.21021404829787e-16
23.139537857036355,-22.05364536740251,7.914284063989189,-0.12112219039793895,-0.07816004366356458,-1.3157448640425528e-16
23.14721943850761,-22.06138163788026,7.916023028195353,-0.121077919860129,-0.07817114993547383,-9.21021404829787e-16
23.154900168936887,-22.06911906378426,7.917760226952524,-0.12103364214800631,-0.07818177331382226,-9.21021404829787e-16
23.162580046316535,-22.076857647281468,7.9194956446048,-0.1209893584273413,-0.07819191361004935,-3.9472345921276583e-16
23.170259068638885,-22.084597390539322,7.921229265496275,-0.12094506986397428,-0.07820157063582331,-6.578724320212764e-16
23.177937233896234,-22.09233829572581,7.922961073971042,-0.12090077762381497,-0.07821074420304132,-7.8944691842553165e-16
23.185614540080863,-22.100080365009404,7.924691054373194,-0.12085648287284256,-0.07821943412382948,-9.21021404829787e-16
23.193290985185033,-22.10782360055909,7.9264191910468265,-0.12081218677710556,-0.07822764021054311,-9.21021404829787e-16
23.20096656720098,-22.115568004544375,7.928145468336034,-0.12076789050272158,-0.07823536227576672,-3.9472345921276583e-16
23.208641284120926,-22.123313579135264,7.929869870584908,-0.12072359521587749,-0.07824260013231435,-2.6314897280851057e-16
23.216315133937073,-22.13106032650228,7.931592382137544,-0.12067930208282895,-0.07824935359322939,-6.578724320212764e-16
23.22398811464157,-22.138808248816453,7.933312987338037,-0.12063501226990056,-0.07825562247178502,-6.578724320212764e-16
23.231660224226584,-22.146557348249335,7.935031670530478,-0.1205907269434856,-0.07826140658148412,-7.8944691842553165e-16
23.23933146068423,-22.154307626972976,7.936748416058964,-0.12054644727004596,-0.07826670573605951,-7.8944691842553165e-16
23.247001822006602,-22.16205908715994,7.938463208267588,-0.12050217441611205,-0.07827151974947402,-9.21021404829787e-16
23.254671306185795,-22.16981173098331,7.940176031500441,-0.12045790954828263,-0.07827584843592067,-9.21021404829787e-16
23.262339911213836,-22.17756556061667,7.941886870101622,-0.12041365383322472,-0.0782796916098227,-9.21021404829787e-16
23.270007635082763,-22.18532057823413,7.943595708415223,-0.12036940843767346,-0.07828304908583383,-3.9472345921276583e-16
23.277674475784575,-22.193076786010284,7.945302530785336,-0.12032517452843208,-0.07828592067883824,-7.8944691842553165e-16
23.285340431311248,-22.200834186120275,7.947007321556057,-0.12028095327237164,-0.07828830620395079,-9.21021404829787e-16
23.29300549965471,-22.20859278073972,7.948710065071481,-0.12023674583643099,-0.07829020547651708,-3.9472345921276583e-16
23.300669678806912,-22.21635257204478,7.9504107456757,-0.12019255338761657,-0.07829161831211358,-6.578724320212764e-16
23.308332966759725,-22.22411356221211,7.952109347712805,-0.12014837709300256,-0.07829254452654792,-6.578724320212764e-16
23.31599536150503,-22.231875753418883,7.9538058555268965,-0.12010421811973036,-0.07829298393585872,-3.9472345921276583e-16
23.323656861034657,-22.239639147842777,7.9555002534620645,-0.12006007763500874,-0.07829293635631582,-5.262979456170211e-16
23.331317463340415,-22.24740374766199,7.957192525862406,-0.12001595680611361,-0.07829240160442053,-5.262979456170211e-16
23.338977166414093,-22.25516955505523,7.95888265707201,-0.11997185680038812,-0.07829137949690569,-9.21021404829787e-16
23.34663596824744,-22.262936572201713,7.960570631434975,-0.11992777878524202,-0.07828986985073558,-2.6314897280851057e-16
23.35429386683218,-22.27070480128117,7.962256433295393,-0.11988372392815226,-0.07828787248310644,-7.8944691842553165e-16
23.361950860160004,-22.27847424447384,7.963940046997359,-0.1198396933966622,-0.07828538721144612,-9.21021404829787e-16
23.369606946222575,-22.286244903960494,7.965621456884963,-0.11979568835838184,-0.07828241385341461,-5.262979456170211e-16
23.37726212301154,-22.294016781922398,7.967300647302304,-0.11975170998098772,-0.07827895222690386,-6.578724320212764e-16
23.384916388518487,-22.30178988054132,7.968977602593475,-0.11970775943222256,-0.07827500215003808,-7.8944691842553165e-16
23.392569740734988,-22.309564201999564,7.970652307102567,-0.11966383787989547,-0.07827056344117377,-7.8944691842553165e-16
23.40022217765259,-22.317339748479938,7.972324745173678,-0.11961994649188142,-0.07826563591889986,-5.262979456170211e-16
23.407873697262797,-22.32511652216575,7.9739949011509,-0.11957608643612153,-0.0782602194020378,-7.8944691842553165e-16
23.415524297557088,-22.33289452524084,7.975662759378326,-0.11953225888062266,-0.0782543137096417,-1.0525958912340423e-15
23.423173976526897,-22.340673759889558,7.977328304200051,-0.11948846499345742,-0.0782479186609985,-5.262979456170211e-16
23.430822732163637,-22.348454228296756,7.97899151996017,-0.11944470594276398,-0.07824103407562791,-1.0525958912340423e-15
23.43847056245868,-22.356235932647806,7.980652391002775,-0.11940098289674594,-0.07823365977328266,-1.3157448640425528e-16
23.44611746540338,-22.364018875128586,7.982310901671961,-0.11935729702367236,-0.07822579557394864,-6.578724320212764e-16
23.453763438989032,-22.371803057925508,7.98396703631182,-0.11931364949187738,-0.07821744129784493,-1.3157448640425528e-16
23.461408481206913,-22.379588483225465,7.9856207792664495,-0.11927004146976027,-0.07820859676542379,-3.9472345921276583e-16
23.469052590048264,-22.387375153215892,7.987272114879942,-0.11922647412578527,-0.07819926179737118,-6.578724320212764e-16
23.476695763504274,-22.395163070084724,7.98892102749639,-0.11918294862848147,-0.07818943621460635,-2.6314897280851057e-16
23.484337999566126,-22.402952236020408,7.990567501459889,-0.11913946614644272,-0.0781791198382824,-6.578724320212764e-16
23.49197929622493,-22.410742653211905,7.992211521114534,-0.11909602784832729,-0.07816831248978598,-5.262979456170211e-16
23.49961965147179,-22.418534323848704,7.993853070804415,-0.11905263490285817,-0.07815701399073784,-2.6314897280851057e-16
23.50725906329776,-22.42632725012078,7.995492134873631,-0.11900928847882238,-0.07814522416299245,-9.21021404829787e-16
23.514897529693847,-22.434121434218646,7.997128697666273,-0.1189659897450713,-0.07813294282863857,-9.21021404829787e-16
23.522535048651044,-22.441916878333316,7.998762743526435,-0.11892273987052052,-0.07812016980999904,-5.262979456170211e-16
23.53017161816029,-22.44971358465633,8.000394256798211,-0.11887954002414933,-0.07810690492963104,-1.0525958912340423e-15
23.53780723621247,-22.457511555379728,8.002023221825697,-0.11883639137500102,-0.0780931480103261,-5.262979456170211e-16
23.545441900798465,-22.465310792696066,8.003649622952983,-0.1187932950921825,-0.07807889887511027,-9.21021404829787e-16
23.553075609909083,-22.473111298798415,8.005273444524168,-0.11875025234486423,-0.07806415734724417,-5.262979456170211e-16
23.560708361535116,-22.480913075880373,8.00689467088334,-0.11870726430228018,-0.0780489232502232,-1.0525958912340423e-15
23.5683401536673,-22.48871612613603,8.0085132863746,-0.11866433213372761,-0.07803319640777749,-5.262979456170211e-16
23.575970984296347,-22.496520451760006,8.010129275342035,-0.11862145700856688,-0.07801697664387217,-6.578724320212764e-16
23.5836008514129,-22.504326054947427,8.011742622129747,-0.11857864009622156,-0.07800026378270727,-6.578724320212764e-16
23.591229753007582,-22.51213293789394,8.013353311081818,-0.11853588256617803,-0.07798305764871807,-3.9472345921276583e-16
23.59885768707097,-22.5199411027957,8.014961326542352,-0.11849318558798545,-0.07796535806657491,-9.21021404829787e-16
23.60648465159359,-22.527750551849365,8.016566652855442,-0.11845055033125564,-0.07794716486118353,-6.578724320212764e-16
23.61411064456594,-22.535561287252143,8.01816927436518,-0.11840797796566309,-0.0779284778576851,-1.0525958912340423e-15
23.621735663978452,-22.54337331120172,8.019769175415659,-0.11836546966094454,-0.07790929688145624,-5.262979456170211e-16
23.629359707821543,-22.551186625896317,8.021366340350975,-0.11832302658689907,-0.07788962175810929,-7.8944691842553165e-16
23.636982774085553,-22.559001233534655,8.02296075351522,-0.1182806499133879,-0.07786945231349213,-1.0525958912340423e-15
23.644604860760797,-22.566817136315983,8.02455239925249,-0.11823834081033413,-0.07784878837368853,-5.262979456170211e-16
23.65222596583755,-22.574634336440056,8.026141261906872,-0.11819610044772312,-0.07782762976501828,-3.9472345921276583e-16
23.65984608730603,-22.58245283610714,8.027727325822474,-0.11815392999560147,-0.07780597631403693,-1.0525958912340423e-15
23.66746522315641,-22.590272637518037,8.029310575343377,-0.11811183062407773,-0.07778382784753633,-7.8944691842553165e-16
23.675083371378797,-22.59809374287402,8.030890994813683,-0.11806980350332186,-0.07776118419254434,-1.0525958912340423e-15
23.682700529963295,-22.605916154376935,8.03246856857748,-0.11802784980356512,-0.07773804517632527,-6.578724320212764e-16
23.690316696899927,-22.613739874229097,8.034043280978866,-0.11798597069510001,-0.07771441062637968,-7.8944691842553165e-16
23.69793187017868,-22.62156490463336,8.035615116361933,-0.1179441673482802,-0.07769028037044468,-6.578724320212764e-16
23.705546047789486,-22.62939124779307,8.037184059070777,-0.11790244093352009,-0.07766565423649384,0.0
23.713159227722237,-22.6372189059121,8.03875009344949,-0.1178607926212951,-0.07764053205273751,-6.578724320212764e-16
23.720771407966765,-22.645047881194856,8.040313203842167,-0.11781922358214132,-0.07761491364762262,-1.0525958912340423e-15
23.728382586512858,-22.652878175846233,8.0418733745929,-0.1177777349866553,-0.07758879884983313,-6.578724320212764e-16
23.73599276135025,-22.660709792071646,8.043430590045785,-0.11773632800549404,-0.07756218748828976,-1.3157448640425529e-15
23.74360193046862,-22.668542732077032,8.044984834544916,-0.11769500380937484,-0.07753507939215035,-5.262979456170211e-16
23.751210091857622,-22.676376998068847,8.046536092434383,-0.11765376356907513,-0.07750747439080974,-1.3157448640425529e-15
23.758817243506826,-22.68421259225405,8.048084348058287,-0.11761260845543234,-0.07747937231390002,-6.578724320212764e-16
23.76642338340576,-22.692049516840108,8.049629585760721,-0.11757153963934373,-0.07745077299129055,-6.578724320212764e-16
23.774028509543903,-22.69988777403503,8.051171789885771,-0.11753055829176645,-0.07742167625308816,-6.578724320212764e-16
23.78163261991068,-22.707727366047315,8.052710944777541,-0.11748966558371704,-0.07739208192963688,-7.8944691842553165e-16
23.789235712495465,-22.715568295085994,8.054247034780118,-0.11744886268627175,-0.07736198985151854,-5.262979456170211e-16
23.796837785287572,-22.7234105633606,8.055780044237599,-0.1174081507705659,-0.0773313998495524,-5.262979456170211e-16
23.80443883627627,-22.731254173081194,8.057309957494075,-0.11736753100779423,-0.07730031175479558,-7.8944691842553165e-16
23.812038863450752,-22.739099126458335,8.058836758893644,-0.11732700456921041,-0.0772687253985429,-5.262979456170211e-16
23.81963786480018,-22.746945425703124,8.060360432780396,-0.11728657262612706,-0.07723664061232707,-5.262979456170211e-16
23.827235838313634,-22.75479307302714,8.06188096349843,-0.11724623634991556,-0.07720405722791876,-1.0525958912340423e-15
23.83483278198017,-22.762642070642517,8.063398335391836,-0.11720599691200596,-0.07717097507732672,-1.3157448640425529e-15
23.842428693788765,-22.770492420761876,8.06491253280471,-0.11716585548388685,-0.07713739399279776,-9.21021404829787e-16
23.850023571728343,-22.778344125598363,8.066423540081141,-0.11712581323710508,-0.07710331380681695,-9.21021404829787e-16
23.85761741378776,-22.786197187365634,8.067931341565231,-0.11708587134326583,-0.07706873435210759,-6.578724320212764e-16
23.865210217955838,-22.794051608277872,8.06943592160107,-0.11704603097403235,-0.07703365546163146,-9.21021404829787e-16
23.872801982221315,-22.80190739054978,8.070937264532748,-0.11700629330112584,-0.07699807696858867,-5.262979456170211e-16
23.880392704572884,-22.80976453639654,8.072435354704366,-0.11696665949632523,-0.07696199870641784,-3.9472345921276583e-16
23.887982382999176,-22.817623048033884,8.073930176460017,-0.11692713073146715,-0.07692542050879628,-9.21021404829787e-16
23.895571015488766,-22.82548292767806,8.07542171414379,-0.11688770817844595,-0.07688834220963997,-7.8944691842553165e-16
23.903158600030146,-22.833344177545815,8.076909952099781,-0.11684839300921318,-0.07685076364310366,-9.21021404829787e-16
23.910745134611766,-22.841206799854415,8.078394874672087,-0.11680918639577761,-0.07681268464358078,-7.8944691842553165e-16
23.918330617222022,-22.849070796821646,8.079876466204798,-0.11677008951020529,-0.0767741050457039,-7.8944691842553165e-16
23.925915045849226,-22.856936170665808,8.081354711042009,-0.11673110352461907,-0.07673502468434444,-7.8944691842553165e-16
23.933498418481644,-22.864802923605716,8.082829593527816,-0.11669222961119871,-0.07669544339461286,-7.8944691842553165e-16
23.94108073310746,-22.872671057860703,8.084301098006312,-0.11665346894218069,-0.07665536101185881,-3.9472345921276583e-16
23.948661987714818,-22.88054057565061,8.085769208821588,-0.11661482268985805,-0.07661477737167124,-1.3157448640425529e-15
23.956242180291778,-22.888411479195806,8.087233910317744,-0.1165762920265801,-0.0765736923098782,-6.578724320212764e-16
23.963821308826343,-22.896283770717165,8.088695186838866,-0.11653787812475244,-0.0765321056625472,-7.8944691842553165e-16
23.971399371306447,-22.904157452436078,8.090153022729057,-0.11649958215683694,-0.07649001726598509,-5.262979456170211e-16
23.978976365719973,-22.91203252657446,8.091607402332404,-0.1164614052953514,-0.07644742695673842,-9.21021404829787e-16
23.986552290054703,-22.919908995354728,8.093058309993005,-0.11642334871286925,-0.076404334571593,-2.6314897280851057e-16
23.994127142298396,-22.927786860999827,8.094505730054951,-0.11638541358201984,-0.07636073994757457,-5.262979456170211e-16
24.00170092043871,-22.93566612573321,8.095949646862337,-0.116347601075488,-0.07631664292194838,-6.578724320212764e-16
24.009273622463244,-22.943546791778843,8.09739004475926,-0.11630991236601397,-0.0762720433322196,-6.578724320212764e-16
24.016845246359548,-22.95142886136123,8.098826908089807,-0.1162723486263932,-0.07622694101613314,-1.1841703776382976e-15
24.02441579011506,-22.959312336705356,8.100260221198079,-0.11623491102947624,-0.07618133581167384,-1.3157448640425528e-16
24.0319852517172,-22.96719722003675,8.101689968428166,-0.11619760074816873,-0.07613522755706653,-9.21021404829787e-16
24.039553629153264,-22.975083513581435,8.103116134124164,-0.11616041895543104,-0.0760886160907761,-9.21021404829787e-16
24.04712092041053,-22.982971219565965,8.104538702630167,-0.1161233668242782,-0.07604150125150758,-1.3157448640425529e-15
24.054687123476164,-22.990860340217417,8.105957658290265,-0.1160864455277799,-0.07599388287820609,-5.262979456170211e-16
24.062252236337276,-22.998750877763353,8.107372985448556,-0.11604965623906006,-0.075945760810057,-5.262979456170211e-16
24.069816256980914,-23.006642834431876,8.108784668449136,-0.11601300013129694,-0.07589713488648606,-3.9472345921276583e-16
24.077379183394044,-23.014536212451613,8.110192691636092,-0.1159764783777229,-0.07584800494715938,-6.578724320212764e-16
24.084941013563547,-23.022431014051673,8.111597039353523,-0.11594009215162421,-0.0757983708319834,-1.0525958912340423e-15
24.09250174547625,-23.030327241461706,8.112997695945523,-0.11590384262634087,-0.0757482323811051,-7.8944691842553165e-16
24.10006137711888,-23.03822489691186,8.114394645756187,-0.11586773097526674,-0.0756975894349121,-1.0525958912340423e-15
24.107619906478124,-23.046123982632835,8.115787873129603,-0.1158317583718491,-0.07564644183403256,-1.1841703776382976e-15
24.115177331540558,-23.054024500855807,8.117177362409869,-0.1157959259895885,-0.07559478941933528,-2.6314897280851057e-16
