galstreams/tracks/track.ep.Turranburra.shipp2018.ecsv
# %ECSV 0.9
# ---
# datatype:
# - {name: ra, unit: deg, datatype: float64}
# - {name: dec, unit: deg, datatype: float64}
# - {name: distance, unit: kpc, datatype: float64}
# - {name: pm_ra_cosdec, unit: mas / yr, datatype: float64}
# - {name: pm_dec, unit: mas / yr, datatype: float64}
# - {name: radial_velocity, unit: km / s, datatype: float64}
# delimiter: ','
# meta: !!omap
# - __serialized_columns__:
#     dec:
#       __class__: astropy.coordinates.angles.Latitude
#       unit: &id001 !astropy.units.Unit {unit: deg}
#       value: !astropy.table.SerializedColumn {name: dec}
#     distance:
#       __class__: astropy.coordinates.distances.Distance
#       unit: !astropy.units.Unit {unit: kpc}
#       value: !astropy.table.SerializedColumn {name: distance}
#     pm_dec:
#       __class__: astropy.units.quantity.Quantity
#       unit: !astropy.units.Unit {unit: mas / yr}
#       value: !astropy.table.SerializedColumn {name: pm_dec}
#     pm_ra_cosdec:
#       __class__: astropy.units.quantity.Quantity
#       unit: !astropy.units.Unit {unit: mas / yr}
#       value: !astropy.table.SerializedColumn {name: pm_ra_cosdec}
#     ra:
#       __class__: astropy.coordinates.angles.Longitude
#       unit: *id001
#       value: !astropy.table.SerializedColumn {name: ra}
#       wrap_angle: !astropy.coordinates.Angle
#         unit: *id001
#         value: 360.0
#     radial_velocity:
#       __class__: astropy.units.quantity.Quantity
#       unit: !astropy.units.Unit {unit: km / s}
#       value: !astropy.table.SerializedColumn {name: radial_velocity}
# schema: astropy-2.0
ra,dec,distance,pm_ra_cosdec,pm_dec,radial_velocity
59.29999999999999,-17.999999999999996,27.500000000000004,0.0,0.0,0.0
59.37539900572394,-18.045757227891627,27.499999999999996,0.0,0.0,0.0
59.45083724537045,-18.09148521585214,27.5,0.0,0.0,0.0
59.526314820569105,-18.137183869358044,27.499999999999996,0.0,0.0,0.0
59.60183183285657,-18.182853093773343,27.5,0.0,0.0,0.0
59.67738838367518,-18.228492794349155,27.5,0.0,0.0,0.0
59.752984574372356,-18.2741028762238,27.5,0.0,0.0,0.0
59.828620506199265,-18.319683244422418,27.5,0.0,0.0,0.0
59.9042962803102,-18.365233803856974,27.499999999999996,0.0,0.0,0.0
59.980011997761366,-18.410754459326103,27.5,0.0,0.0,0.0
60.0557677595098,-18.45624511551478,27.500000000000004,0.0,0.0,0.0
60.13156366641269,-18.50170567699445,27.5,0.0,0.0,0.0
60.20739981922599,-18.547136048222622,27.5,0.0,0.0,0.0
60.283276318603775,-18.59253613354296,27.5,0.0,0.0,0.0
60.35919326509681,-18.6379058371849,27.5,0.0,0.0,0.0
60.43515075915192,-18.68324506326374,27.500000000000004,0.0,0.0,0.0
60.51114890111077,-18.72855371578039,27.5,0.0,0.0,0.0
60.587187791208684,-18.77383169862117,27.500000000000004,0.0,0.0,0.0
60.663267529573915,-18.819078915557867,27.500000000000004,0.0,0.0,0.0
60.73938821622625,-18.864295270247382,27.500000000000004,0.0,0.0,0.0
60.81554995107632,-18.909480666231822,27.5,0.0,0.0,0.0
60.891752833924095,-18.95463500693815,27.500000000000004,0.0,0.0,0.0
60.96799696445826,-18.999758195678304,27.500000000000004,0.0,0.0,0.0
61.04428244225472,-19.044850135648794,27.500000000000007,0.0,0.0,0.0
61.120609366775874,-19.089910729930853,27.500000000000007,0.0,0.0,0.0
61.19697783736934,-19.13493988149019,27.500000000000004,0.0,0.0,0.0
61.27338795326671,-19.17993749317679,27.500000000000004,0.0,0.0,0.0
61.34983981358285,-19.224903467725007,27.500000000000004,0.0,0.0,0.0
61.426333517314276,-19.26983770775322,27.500000000000004,0.0,0.0,0.0
61.502869163338545,-19.31474011576396,27.499999999999996,0.0,0.0,0.0
61.57944685041266,-19.35961059414357,27.5,0.0,0.0,0.0
61.65606667717237,-19.404449045162327,27.500000000000004,0.0,0.0,0.0
61.73272874213059,-19.449255370974097,27.499999999999996,0.0,0.0,0.0
61.80943314367666,-19.49402947361646,27.500000000000004,0.0,0.0,0.0
61.88617998007497,-19.538771255010516,27.5,0.0,0.0,0.0
61.96296934946373,-19.583480616960692,27.5,0.0,0.0,0.0
62.03980134985405,-19.62815746115485,27.499999999999996,0.0,0.0,0.0
62.11667607912849,-19.672801689163986,27.500000000000004,0.0,0.0,0.0
62.19359363504018,-19.71741320244236,27.5,0.0,0.0,0.0
62.270554115211254,-19.761991902327146,27.5,0.0,0.0,0.0
62.34755761713208,-19.806537690038642,27.500000000000004,0.0,0.0,0.0
62.42460423815964,-19.851050466679897,27.500000000000004,0.0,0.0,0.0
62.501694075516674,-19.895530133236868,27.5,0.0,0.0,0.0
62.578827226290315,-19.93997659057825,27.5,0.0,0.0,0.0
62.65600378743069,-19.984389739455295,27.500000000000004,0.0,0.0,0.0
62.73322385575008,-20.02876948050198,27.500000000000004,0.0,0.0,0.0
62.810487527921296,-20.073115714234646,27.5,0.0,0.0,0.0
62.88779490047674,-20.117428341052236,27.500000000000004,0.0,0.0,0.0
62.965146069806885,-20.161707261235932,27.499999999999996,0.0,0.0,0.0
63.042541132159315,-20.205952374949355,27.499999999999996,0.0,0.0,0.0
63.119980183637125,-20.250163582238283,27.499999999999996,0.0,0.0,0.0
63.19746332019792,-20.294340783030762,27.500000000000004,0.0,0.0,0.0
63.27499063765248,-20.338483877137,27.499999999999996,0.0,0.0,0.0
63.35256223166329,-20.382592764249196,27.500000000000004,0.0,0.0,0.0
63.430178197743544,-20.42666734394172,27.499999999999996,0.0,0.0,0.0
63.50783863125553,-20.470707515670806,27.5,0.0,0.0,0.0
63.58554362740968,-20.514713178774773,27.500000000000004,0.0,0.0,0.0
63.66329328126282,-20.55868423247371,27.5,0.0,0.0,0.0
63.74108768771731,-20.602620575869715,27.499999999999996,0.0,0.0,0.0
63.8189269415193,-20.64652210794657,27.5,0.0,0.0,0.0
63.89681113725772,-20.690388727569953,27.5,0.0,0.0,0.0
63.974740369362834,-20.734220333487315,27.5,0.0,0.0,0.0
64.05271473210466,-20.778016824327754,27.5,0.0,0.0,0.0
64.13073431959207,-20.821778098602184,27.5,0.0,0.0,0.0
64.20879922577089,-20.86550405470308,27.500000000000004,0.0,0.0,0.0
64.28690954442308,-20.90919459090472,27.500000000000004,0.0,0.0,0.0
64.36506536916484,-20.9528496053629,27.500000000000004,0.0,0.0,0.0
64.44326679344572,-20.996468996115162,27.499999999999996,0.0,0.0,0.0
64.52151391054667,-21.040052661080548,27.500000000000004,0.0,0.0,0.0
64.5998068135792,-21.08360049805981,27.500000000000004,0.0,0.0,0.0
64.67814559548367,-21.1271124047353,27.5,0.0,0.0,0.0
64.75653034902773,-21.170588278670866,27.5,0.0,0.0,0.0
64.83496116680537,-21.214028017312078,27.499999999999996,0.0,0.0,0.0
64.91343814123493,-21.25743151798601,27.500000000000004,0.0,0.0,0.0
64.99196136455821,-21.300798677901422,27.5,0.0,0.0,0.0
65.07053092883848,-21.344129394148595,27.5,0.0,0.0,0.0
65.14914692595954,-21.387423563699524,27.5,0.0,0.0,0.0
65.227809447624,-21.4306810834078,27.500000000000004,0.0,0.0,0.0
65.30651858535161,-21.473901850008648,27.499999999999996,0.0,0.0,0.0
65.38527443047838,-21.517085760119027,27.500000000000004,0.0,0.0,0.0
65.46407707415437,-21.560232710237504,27.500000000000004,0.0,0.0,0.0
65.54292660734292,-21.603342596744465,27.500000000000004,0.0,0.0,0.0
65.62182312081849,-21.64641531590196,27.500000000000004,0.0,0.0,0.0
65.70076670516573,-21.689450763853912,27.500000000000004,0.0,0.0,0.0
65.77975745077752,-21.732448836625963,27.5,0.0,0.0,0.0
65.85879544785375,-21.775409430125684,27.5,0.0,0.0,0.0
65.93788078639976,-21.81833244014255,27.500000000000004,0.0,0.0,0.0
66.01701355622451,-21.861217762347913,27.5,0.0,0.0,0.0
66.09619384693956,-21.904065292295197,27.500000000000004,0.0,0.0,0.0
66.17542174795695,-21.946874925419767,27.500000000000004,0.0,0.0,0.0
66.2546973484882,-21.98964655703921,27.500000000000004,0.0,0.0,0.0
66.33402073754222,-22.032380082353143,27.500000000000004,0.0,0.0,0.0
66.41339200392426,-22.0750753964435,27.500000000000004,0.0,0.0,0.0
66.4928112362338,-22.117732394274395,27.5,0.0,0.0,0.0
66.57227852286348,-22.16035097069236,27.5,0.0,0.0,0.0
66.65179395199722,-22.202931020426348,27.5,0.0,0.0,0.0
66.7313576116085,-22.24547243808773,27.5,0.0,0.0,0.0
66.81096958945916,-22.287975118170536,27.500000000000004,0.0,0.0,0.0
66.89062997309736,-22.330438955051328,27.500000000000004,0.0,0.0,0.0
66.97033884985635,-22.372863842989542,27.500000000000004,0.0,0.0,0.0
67.0500963068524,-22.41524967612729,27.500000000000004,0.0,0.0,0.0
67.12990243098363,-22.457596348489698,27.500000000000004,0.0,0.0,0.0
67.20975730892806,-22.499903753984853,27.5,0.0,0.0,0.0
67.28966102714202,-22.542171786403948,27.5,0.0,0.0,0.0
67.36961367185859,-22.584400339421375,27.5,0.0,0.0,0.0
67.44961532908576,-22.62658930659485,27.499999999999996,0.0,0.0,0.0
67.52966608460498,-22.668738581365478,27.5,0.0,0.0,0.0
67.60976602396929,-22.710848057057923,27.500000000000004,0.0,0.0,0.0
67.68991523250172,-22.752917626880475,27.500000000000004,0.0,0.0,0.0
67.7701137952936,-22.79494718392519,27.500000000000004,0.0,0.0,0.0
67.85036179720281,-22.836936621167993,27.500000000000004,0.0,0.0,0.0
67.93065932285212,-22.878885831468857,27.500000000000004,0.0,0.0,0.0
68.01100645662747,-22.920794707571854,27.499999999999996,0.0,0.0,0.0
68.09140328267618,-22.962663142105367,27.500000000000004,0.0,0.0,0.0
68.17184988490534,-23.00449102758217,27.5,0.0,0.0,0.0
68.25234634697993,-23.046278256399596,27.5,0.0,0.0,0.0
68.33289275232117,-23.088024720839666,27.5,0.0,0.0,0.0
68.41348918410478,-23.129730313069263,27.500000000000004,0.0,0.0,0.0
68.4941357252591,-23.171394925140252,27.500000000000004,0.0,0.0,0.0
68.57483245846348,-23.213018448989676,27.5,0.0,0.0,0.0
68.65557946614636,-23.254600776439865,27.5,0.0,0.0,0.0
68.73637683048361,-23.296141799198637,27.5,0.0,0.0,0.0
68.81722463339666,-23.337641408859454,27.500000000000004,0.0,0.0,0.0
68.89812295655071,-23.37909949690161,27.500000000000004,0.0,0.0,0.0
68.97907188135298,-23.42051595469036,27.5,0.0,0.0,0.0
69.06007148895078,-23.461890673477157,27.5,0.0,0.0,0.0
69.14112186022989,-23.503223544399788,27.500000000000004,0.0,0.0,0.0
69.2222230758125,-23.544514458482602,27.5,0.0,0.0,0.0
69.30337521605556,-23.585763306636657,27.5,0.0,0.0,0.0
69.38457836104881,-23.626969979659954,27.5,0.0,0.0,0.0
69.46583259061306,-23.66813436823761,27.500000000000004,0.0,0.0,0.0
69.5471379842982,-23.70925636294207,27.500000000000004,0.0,0.0,0.0
69.62849462138144,-23.750335854233324,27.500000000000004,0.0,0.0,0.0
69.70990258086537,-23.79137273245911,27.499999999999996,0.0,0.0,0.0
69.79136194147614,-23.832366887855105,27.500000000000004,0.0,0.0,0.0
69.87287278166153,-23.873318210545197,27.500000000000004,0.0,0.0,0.0
69.95443517958908,-23.914226590541663,27.5,0.0,0.0,0.0
70.0360492131442,-23.955091917745406,27.5,0.0,0.0,0.0
70.11771495992822,-23.995914081946218,27.499999999999996,0.0,0.0,0.0
70.19943249725654,-24.036692972822962,27.5,0.0,0.0,0.0
70.28120190215665,-24.07742847994386,27.499999999999996,0.0,0.0,0.0
70.36302325136629,-24.118120492766707,27.499999999999996,0.0,0.0,0.0
70.44489662133137,-24.158768900639146,27.5,0.0,0.0,0.0
70.52682208820416,-24.199373592798892,27.500000000000004,0.0,0.0,0.0
70.6087997278413,-24.239934458374012,27.500000000000004,0.0,0.0,0.0
70.6908296158018,-24.280451386383177,27.499999999999996,0.0,0.0,0.0
70.77291182734518,-24.32092426573593,27.5,0.0,0.0,0.0
70.85504643742938,-24.361352985232937,27.499999999999996,0.0,0.0,0.0
70.93723352070886,-24.40173743356632,27.5,0.0,0.0,0.0
71.01947315153261,-24.44207749931986,27.499999999999996,0.0,0.0,0.0
71.10176540394211,-24.48237307096933,27.5,0.0,0.0,0.0
71.18411035166939,-24.52262403688277,27.500000000000004,0.0,0.0,0.0
71.26650806813501,-24.56283028532078,27.5,0.0,0.0,0.0
71.34895862644603,-24.602991704436807,27.5,0.0,0.0,0.0
71.431462099394,-24.64310818227747,27.500000000000004,0.0,0.0,0.0
71.51401855945294,-24.683179606782833,27.500000000000004,0.0,0.0,0.0
71.59662807877729,-24.72320586578675,27.5,0.0,0.0,0.0
71.67929072919992,-24.763186847017153,27.500000000000004,0.0,0.0,0.0
71.76200658223003,-24.803122438096388,27.500000000000004,0.0,0.0,0.0
71.84477570905113,-24.843012526541525,27.499999999999996,0.0,0.0,0.0
71.92759818051894,-24.882856999764705,27.500000000000004,0.0,0.0,0.0
72.0104740671594,-24.92265574507346,27.500000000000004,0.0,0.0,0.0
72.09340343916651,-24.96240864967105,27.5,0.0,0.0,0.0
72.17638636640031,-25.002115600656822,27.5,0.0,0.0,0.0
72.25942291838477,-25.041776485026524,27.499999999999996,0.0,0.0,0.0
72.34251316430573,-25.081391189672704,27.499999999999996,0.0,0.0,0.0
72.42565717300876,-25.120959601385024,27.500000000000004,0.0,0.0,0.0
72.50885501299703,-25.160481606850663,27.500000000000004,0.0,0.0,0.0
72.59210675242929,-25.199957092654632,27.500000000000004,0.0,0.0,0.0
72.6754124591177,-25.239385945280183,27.500000000000004,0.0,0.0,0.0
72.75877220052567,-25.278768051109182,27.5,0.0,0.0,0.0
72.8421860437658,-25.318103296422493,27.500000000000004,0.0,0.0,0.0
72.92565405559768,-25.357391567400338,27.500000000000004,0.0,0.0,0.0
73.00917630242579,-25.396632750122706,27.5,0.0,0.0,0.0
73.0927528502973,-25.435826730569758,27.500000000000004,0.0,0.0,0.0
73.17638376490001,-25.474973394622207,27.500000000000004,0.0,0.0,0.0
73.26006911156006,-25.514072628061754,27.500000000000004,0.0,0.0,0.0
73.34380895523985,-25.553124316571452,27.499999999999996,0.0,0.0,0.0
73.42760336053585,-25.592128345736153,27.500000000000004,0.0,0.0,0.0
73.5114523916764,-25.631084601042947,27.5,0.0,0.0,0.0
73.59535611251953,-25.669992967881534,27.5,0.0,0.0,0.0
73.67931458655075,-25.70885333154471,27.500000000000004,0.0,0.0,0.0
73.76332787688091,-25.747665577228766,27.5,0.0,0.0,0.0
73.84739604624389,-25.78642959003393,27.500000000000004,0.0,0.0,0.0
73.93151915699454,-25.825145254964852,27.500000000000004,0.0,0.0,0.0
74.0156972711063,-25.863812456930994,27.5,0.0,0.0,0.0
74.09993045016908,-25.902431080747153,27.5,0.0,0.0,0.0
74.18421875538701,-25.94100101113385,27.5,0.0,0.0,0.0
74.2685622475762,-25.979522132717868,27.500000000000004,0.0,0.0,0.0
74.35296098716246,-26.01799433003268,27.500000000000004,0.0,0.0,0.0
74.43741503417915,-26.056417487518928,27.5,0.0,0.0,0.0
74.52192444826484,-26.094791489524926,27.5,0.0,0.0,0.0
74.60648928866108,-26.133116220307137,27.499999999999996,0.0,0.0,0.0
74.69110961421015,-26.171391564030646,27.500000000000004,0.0,0.0,0.0
74.77578548335279,-26.2096174047697,27.5,0.0,0.0,0.0
74.86051695412593,-26.247793626508173,27.5,0.0,0.0,0.0
74.94530408416034,-26.2859201131401,27.5,0.0,0.0,0.0
75.03014693067848,-26.323996748470176,27.5,0.0,0.0,0.0
75.11504555049211,-26.36202341621428,27.500000000000004,0.0,0.0,0.0
75.2,-26.400000000000002,27.5,0.0,0.0,0.0
