galstreams/tracks/track.st.M30.sollima2020.ecsv
# %ECSV 1.0
# ---
# datatype:
# - {name: ra, unit: deg, datatype: float64}
# - {name: dec, unit: deg, datatype: float64}
# - {name: distance, unit: kpc, datatype: float64}
# - {name: pm_ra_cosdec, unit: mas / yr, datatype: float64}
# - {name: pm_dec, unit: mas / yr, datatype: float64}
# - {name: radial_velocity, unit: km / s, datatype: float64}
# delimiter: ','
# meta: !!omap
# - __serialized_columns__:
#     dec:
#       __class__: astropy.coordinates.angles.Latitude
#       unit: &id001 !astropy.units.Unit {unit: deg}
#       value: !astropy.table.SerializedColumn {name: dec}
#     distance:
#       __class__: astropy.coordinates.distances.Distance
#       unit: !astropy.units.Unit {unit: kpc}
#       value: !astropy.table.SerializedColumn {name: distance}
#     pm_dec:
#       __class__: astropy.units.quantity.Quantity
#       unit: !astropy.units.Unit {unit: mas / yr}
#       value: !astropy.table.SerializedColumn {name: pm_dec}
#     pm_ra_cosdec:
#       __class__: astropy.units.quantity.Quantity
#       unit: !astropy.units.Unit {unit: mas / yr}
#       value: !astropy.table.SerializedColumn {name: pm_ra_cosdec}
#     ra:
#       __class__: astropy.coordinates.angles.Longitude
#       unit: *id001
#       value: !astropy.table.SerializedColumn {name: ra}
#       wrap_angle: !astropy.coordinates.Angle
#         unit: *id001
#         value: 360.0
#     radial_velocity:
#       __class__: astropy.units.quantity.Quantity
#       unit: !astropy.units.Unit {unit: km / s}
#       value: !astropy.table.SerializedColumn {name: radial_velocity}
# schema: astropy-2.0
ra,dec,distance,pm_ra_cosdec,pm_dec,radial_velocity
[from data line 236]
323.06739617294625,-23.832343162676963,8.458000000000004,0.0,0.0,0.0
323.0767565362336,-23.825611882164484,8.458000000000002,0.0,0.0,0.0
323.0861198984349,-23.81890400778219,8.458000000000002,0.0,0.0,0.0
323.09548632766996,-23.812219923436228,8.458000000000004,0.0,0.0,0.0
323.10485589170634,-23.8055600102888,8.458000000000002,0.0,0.0,0.0
323.11422865794776,-23.798924646693575,8.458000000000004,0.0,0.0,0.0
323.1236046934231,-23.79231420813174,8.458000000000004,0.0,0.0,0.0
323.1329840647751,-23.785729067148804,8.458000000000002,0.0,0.0,0.0
323.1423668382491,-23.779169593291815,8.458000000000004,0.0,0.0,0.0
323.15175307968224,-23.77263615304738,8.458000000000006,0.0,0.0,0.0
323.1611428544925,-23.766129109780184,8.458000000000004,0.0,0.0,0.0
323.1705362276675,-23.75964882367223,8.458000000000002,0.0,0.0,0.0
323.17993326375426,-23.753195651662608,8.458,0.0,0.0,0.0
323.1893340268478,-23.74676994738799,8.458000000000002,0.0,0.0,0.0
323.1987385805812,-23.740372061123672,8.458000000000002,0.0,0.0,0.0
323.20814698811444,-23.734002339725237,8.458000000000002,0.0,0.0,0.0
323.2175593121243,-23.727661126570936,8.458000000000002,0.0,0.0,0.0
323.2269756147941,-23.721348761504537,8.458,0.0,0.0,0.0
323.2363959578029,-23.715065580778948,8.458000000000002,0.0,0.0,0.0
323.24582040231576,-23.70881191700038,8.458,0.0,0.0,0.0
323.2552490089732,-23.702588099073157,8.458,0.0,0.0,0.0
323.26468183788137,-23.696394452145135,8.458000000000002,0.0,0.0,0.0
323.274118948602,-23.69023129755378,8.458,0.0,0.0,0.0
323.2835604001428,-23.68409895277278,8.458000000000002,0.0,0.0,0.0
323.29300625094703,-23.677997731359426,8.457999999999998,0.0,0.0,0.0
323.3024565588842,-23.67192794290249,8.458000000000002,0.0,0.0,0.0
323.31191138124035,-23.665889892970768,8.458000000000002,0.0,0.0,0.0
323.3213707747085,-23.65988388306228,8.458000000000002,0.0,0.0,0.0
323.33083479537885,-23.65391021055403,8.458,0.0,0.0,0.0
323.34030349873007,-23.6479691686524,8.458,0.0,0.0,0.0
323.3497769396192,-23.64206104634427,8.458000000000002,0.0,0.0,0.0
323.3592551722728,-23.63618612834859,8.458000000000002,0.0,0.0,0.0
323.36873825027783,-23.630344695068725,8.458000000000002,0.0,0.0,0.0
323.37822622657234,-23.62453702254533,8.458,0.0,0.0,0.0
323.3877191534368,-23.618763382409874,8.458,0.0,0.0,0.0
323.397217082485,-23.613024041838827,8.458000000000002,0.0,0.0,0.0
323.40672006465496,-23.607319263508412,8.458000000000002,0.0,0.0,0.0
323.4162281502008,-23.601649305550012,8.458,0.0,0.0,0.0
323.42574138868355,-23.596014421506176,8.458,0.0,0.0,0.0
323.4352598289627,-23.59041486028728,8.458000000000002,0.0,0.0,0.0
323.4447835191881,-23.584850866128782,8.458000000000002,0.0,0.0,0.0
323.4543125067908,-23.579322678549136,8.458000000000002,0.0,0.0,0.0
323.46384683847543,-23.573830532308268,8.458000000000002,0.0,0.0,0.0
323.4733865602115,-23.568374657366743,8.458000000000002,0.0,0.0,0.0
323.4829317172254,-23.562955278845514,8.458000000000002,0.0,0.0,0.0
323.49248235399267,-23.55757261698629,8.458,0.0,0.0,0.0
323.50203851422924,-23.552226887112543,8.458000000000002,0.0,0.0,0.0
323.5116002408842,-23.54691829959115,8.458000000000002,0.0,0.0,0.0
323.5211675761317,-23.54164705979465,8.458,0.0,0.0,0.0
323.5307405613632,-23.536413368064046,8.458000000000002,0.0,0.0,0.0
323.54031923717974,-23.531217419672416,8.458000000000002,0.0,0.0,0.0
323.549903643385,-23.5260594047889,8.458,0.0,0.0,0.0
323.5594938189768,-23.520939508443536,8.458000000000002,0.0,0.0,0.0
323.5690898021404,-23.515857910492574,8.458,0.0,0.0,0.0
323.5786916302411,-23.51081478558449,8.457999999999998,0.0,0.0,0.0
323.5882993398168,-23.50581030312654,8.458,0.0,0.0,0.0
323.5979129665709,-23.50084462725206,8.458,0.0,0.0,0.0
323.6075325453656,-23.495917916788244,8.458000000000002,0.0,0.0,0.0
323.61715811021435,-23.491030325224667,8.458,0.0,0.0,0.0
323.62678969427554,-23.486182000682362,8.458,0.0,0.0,0.0
323.6364273298453,-23.48137308588355,8.458,0.0,0.0,0.0
323.6460710483508,-23.476603718121947,8.458000000000002,0.0,0.0,0.0
323.65572088034384,-23.471874029233767,8.458,0.0,0.0,0.0
323.6653768554944,-23.46718414556927,8.458,0.0,0.0,0.0
323.67503900258373,-23.46253418796499,8.458,0.0,0.0,0.0
323.6847073494984,-23.45792427171656,8.458,0.0,0.0,0.0
323.6943819232238,-23.453354506552156,8.458,0.0,0.0,0.0
323.704062749838,-23.448824996606582,8.458,0.0,0.0,0.0
323.71374985450586,-23.44433584039592,8.458000000000004,0.0,0.0,0.0
323.72344326147254,-23.43988713079292,8.458000000000002,0.0,0.0,0.0
323.73314299405814,-23.43547895500288,8.458000000000002,0.0,0.0,0.0
323.74284907465125,-23.431111394540206,8.458000000000002,0.0,0.0,0.0
323.7525615247038,-23.42678452520565,8.458000000000002,0.0,0.0,0.0
323.76228036472503,-23.42249841706405,8.458000000000002,0.0,0.0,0.0
323.772005614276,-23.418253134422756,8.458,0.0,0.0,0.0
323.781737291964,-23.414048735810738,8.458,0.0,0.0,0.0
323.79147541543733,-23.409885273958185,8.458000000000002,0.0,0.0,0.0
323.80122000138,-23.405762795776855,8.458000000000002,0.0,0.0,0.0
323.81097106550624,-23.401681342340943,8.458000000000002,0.0,0.0,0.0
323.82072862255563,-23.39764094886863,8.458000000000002,0.0,0.0,0.0
323.8304926862882,-23.39364164470422,8.458,0.0,0.0,0.0
323.84026326947884,-23.389683453300957,8.457999999999998,0.0,0.0,0.0
323.8500403839131,-23.385766392204385,8.458000000000002,0.0,0.0,0.0
323.8598240403823,-23.381890473036393,8.458,0.0,0.0,0.0
323.86961424867843,-23.378055701479838,8.458000000000002,0.0,0.0,0.0
323.87941101759003,-23.374262077263804,8.458000000000002,0.0,0.0,0.0
323.88921435489766,-23.370509594149496,8.458,0.0,0.0,0.0
323.89902426736916,-23.366798239916758,8.458000000000002,0.0,0.0,0.0
323.9088407607554,-23.363127996351164,8.458000000000002,0.0,0.0,0.0
323.91866383978675,-23.359498839231797,8.458,0.0,0.0,0.0
323.92849350816766,-23.35591073831961,8.458,0.0,0.0,0.0
323.9383297685741,-23.35236365734638,8.457999999999998,0.0,0.0,0.0
323.9481726226482,-23.348857554004383,8.458,0.0,0.0,0.0
323.95802207099547,-23.345392379936566,8.458000000000004,0.0,0.0,0.0
323.9678781131807,-23.341968080727444,8.458,0.0,0.0,0.0
323.97774074772394,-23.338584595894545,8.458,0.0,0.0,0.0
323.9876099720974,-23.335241858880508,8.458000000000002,0.0,0.0,0.0
323.99748578272187,-23.331939797045802,8.458000000000002,0.0,0.0,0.0
324.00736817496323,-23.32867833166206,8.458,0.0,0.0,0.0
324.0172571431292,-23.32545737790605,8.458,0.0,0.0,0.0
324.0271526804661,-23.322276844854244,8.458000000000002,0.0,0.0,0.0
324.0370547791558,-23.319136635477992,8.458,0.0,0.0,0.0
324.0469634303128,-23.31603664663939,8.458,0.0,0.0,0.0
324.0568786239815,-23.31297676908765,8.458000000000002,0.0,0.0,0.0
324.06680034913273,-23.30995688745623,8.458000000000002,0.0,0.0,0.0
324.0767285936617,-23.30697688026049,8.458000000000002,0.0,0.0,0.0
324.0866633443851,-23.30403661989596,8.458,0.0,0.0,0.0
324.09660458703866,-23.301135972637326,8.458,0.0,0.0,0.0
324.10655230627475,-23.298274798637895,8.458000000000002,0.0,0.0,0.0
324.11650648565995,-23.295452951929825,8.458,0.0,0.0,0.0
324.12646710767297,-23.292670280424854,8.458000000000002,0.0,0.0,0.0
324.1364341537024,-23.28992662591575,8.458000000000002,0.0,0.0,0.0
324.1464076040448,-23.287221824078298,8.458,0.0,0.0,0.0
324.15638743790265,-23.284555704473956,8.458000000000002,0.0,0.0,0.0
324.1663736333828,-23.281928090553112,8.458,0.0,0.0,0.0
324.17636616749445,-23.279338799658973,8.458000000000002,0.0,0.0,0.0
324.18636501614753,-23.276787643032062,8.458,0.0,0.0,0.0
324.1963701541514,-23.274274425815356,8.458,0.0,0.0,0.0
324.2063815552134,-23.27179894705999,8.458000000000002,0.0,0.0,0.0
324.2163991919372,-23.269360999731695,8.458000000000002,0.0,0.0,0.0
324.2264230358223,-23.26696037071766,8.458000000000002,0.0,0.0,0.0
324.236453057262,-23.264596840834237,8.458000000000002,0.0,0.0,0.0
324.24648922554303,-23.262270184835142,8.458000000000002,0.0,0.0,0.0
324.2565315088446,-23.259980171420267,8.458,0.0,0.0,0.0
324.2665798742374,-23.257726563245154,8.458,0.0,0.0,0.0
324.27663428768284,-23.255509116931062,8.458,0.0,0.0,0.0
324.286694714033,-23.2533275830757,8.458000000000002,0.0,0.0,0.0
324.29676111702935,-23.251181706264514,8.458,0.0,0.0,0.0
324.30683345930294,-23.249071225082645,8.458000000000002,0.0,0.0,0.0
324.3169117023741,-23.24699587212745,8.458000000000002,0.0,0.0,0.0
324.32699580665195,-23.244955374021743,8.458000000000002,0.0,0.0,0.0
324.3370857314348,-23.24294945142751,8.458000000000002,0.0,0.0,0.0
324.34718143490966,-23.240977819060387,8.458000000000002,0.0,0.0,0.0
324.35728287415293,-23.239040185704667,8.458,0.0,0.0,0.0
324.3673900051303,-23.237136254228943,8.458000000000002,0.0,0.0,0.0
324.3775027826973,-23.235265721602413,8.458000000000002,0.0,0.0,0.0
324.38762116059985,-23.23342827891174,8.458,0.0,0.0,0.0
324.39774509147463,-23.23162361137854,8.458000000000002,0.0,0.0,0.0
324.40787452685,-23.229851398377573,8.458,0.0,0.0,0.0
324.4180094171467,-23.22811131345544,8.458000000000002,0.0,0.0,0.0
324.42814971167894,-23.226403024349956,8.458000000000004,0.0,0.0,0.0
324.43829535865507,-23.22472619301015,8.458000000000002,0.0,0.0,0.0
324.4484463051795,-23.22308047561683,8.458000000000002,0.0,0.0,0.0
324.45860249725297,-23.221465522603847,8.458,0.0,0.0,0.0
324.46876387977466,-23.219880978679896,8.458,0.0,0.0,0.0
324.4789303965435,-23.218326482851012,8.458000000000002,0.0,0.0,0.0
324.4891019902598,-23.216801668443598,8.458000000000002,0.0,0.0,0.0
324.4992786025267,-23.21530616312814,8.458000000000002,0.0,0.0,0.0
324.5094601738527,-23.21383958894353,8.458000000000004,0.0,0.0,0.0
324.51964664365283,-23.21240156232197,8.458000000000004,0.0,0.0,0.0
324.52983795025114,-23.21099169411453,8.458000000000002,0.0,0.0,0.0
324.54003403088285,-23.20960958961733,8.458000000000002,0.0,0.0,0.0
324.55023482169685,-23.208254848598276,8.458,0.0,0.0,0.0
324.56044025775765,-23.20692706532452,8.458000000000002,0.0,0.0,0.0
324.5706502730485,-23.205625828590406,8.458,0.0,0.0,0.0
324.58086480047365,-23.204350721746174,8.458000000000002,0.0,0.0,0.0
324.59108377186135,-23.203101322727157,8.458,0.0,0.0,0.0
324.60130711796666,-23.20187720408371,8.458000000000002,0.0,0.0,0.0
324.6115347684744,-23.200677933011647,8.458,0.0,0.0,0.0
324.6217666520029,-23.199503071383337,8.458000000000002,0.0,0.0,0.0
324.63200269610644,-23.198352175779483,8.458,0.0,0.0,0.0
324.64224282727906,-23.197224797521404,8.458,0.0,0.0,0.0
324.65248697095814,-23.196120482704032,8.458,0.0,0.0,0.0
324.66273505152805,-23.195038772229463,8.458,0.0,0.0,0.0
324.67298699232373,-23.19397920184114,8.458000000000002,0.0,0.0,0.0
324.683242715635,-23.192941302158694,8.458000000000002,0.0,0.0,0.0
324.69350214271,-23.191924598713303,8.458000000000002,0.0,0.0,0.0
324.7037651937598,-23.19092861198381,8.458,0.0,0.0,0.0
324.71403178796254,-23.189952857433333,8.458,0.0,0.0,0.0
324.72430184346797,-23.188996845546544,8.458000000000002,0.0,0.0,0.0
324.73457527740163,-23.188060081867565,8.458000000000002,0.0,0.0,0.0
324.74485200587003,-23.18714206703847,8.458,0.0,0.0,0.0
324.75513194396507,-23.18624229683839,8.458000000000002,0.0,0.0,0.0
324.765415005769,-23.185360262223316,8.458,0.0,0.0,0.0
324.77570110435965,-23.184495449366374,8.458,0.0,0.0,0.0
324.78599015181555,-23.183647339698844,8.458000000000002,0.0,0.0,0.0
324.79628205922137,-23.18281540995173,8.458000000000004,0.0,0.0,0.0
324.806576736673,-23.181999132197962,8.458,0.0,0.0,0.0
324.8168740932835,-23.181197973895227,8.458000000000002,0.0,0.0,0.0
324.82717403718874,-23.180411397929404,8.458000000000002,0.0,0.0,0.0
324.8374764755532,-23.179638862658603,8.458000000000002,0.0,0.0,0.0
324.84778131457597,-23.178879821957835,8.458000000000002,0.0,0.0,0.0
324.85808845949714,-23.178133725264274,8.458,0.0,0.0,0.0
324.8683978146035,-23.17740001762321,8.458000000000002,0.0,0.0,0.0
324.8787092832355,-23.17667813973451,8.458000000000002,0.0,0.0,0.0
324.8890227677934,-23.175967527999756,8.458000000000002,0.0,0.0,0.0
324.8993381697442,-23.17526761457001,8.458,0.0,0.0,0.0
324.90965538962854,-23.174577827394167,8.458,0.0,0.0,0.0
324.9199743270673,-23.17389759026787,8.458000000000002,0.0,0.0,0.0
324.9302948807688,-23.1732263228832,8.458000000000002,0.0,0.0,0.0
324.94061694853633,-23.1725634408788,8.458,0.0,0.0,0.0
324.9509404272752,-23.171908355890746,8.458,0.0,0.0,0.0
324.9612652130004,-23.171260475603937,8.458,0.0,0.0,0.0
324.9715912008443,-23.17061920380416,8.458,0.0,0.0,0.0
324.98191828506424,-23.16998394043077,8.458000000000002,0.0,0.0,0.0
324.99224635905085,-23.169354081629944,8.458,0.0,0.0,0.0
325.0025753153357,-23.168729019808566,8.458000000000002,0.0,0.0,0.0
325.01290504559995,-23.16810814368879,8.458000000000002,0.0,0.0,0.0
325.02323544068236,-23.167490838363094,8.458000000000002,0.0,0.0,0.0
325.03356639058813,-23.166876485350024,8.458,0.0,0.0,0.0
325.04389778449746,-23.166264462650577,8.458,0.0,0.0,0.0
325.0542295107742,-23.165654144805163,8.458,0.0,0.0,0.0
325.06456145697507,-23.165044902951152,8.458,0.0,0.0,0.0
325.0748935098586,-23.16443610488107,8.458000000000002,0.0,0.0,0.0
325.0852255553946,-23.16382711510144,8.458000000000002,0.0,0.0,0.0
325.09555747877334,-23.16321729489215,8.458000000000002,0.0,0.0,0.0
325.10588916441526,-23.162606002366513,8.458000000000002,0.0,0.0,0.0
325.11622049598054,-23.16199259253195,8.458000000000002,0.0,0.0,0.0
325.1265513563792,-23.16137641735116,8.458,0.0,0.0,0.0
325.1368816277807,-23.16075682580408,8.458,0.0,0.0,0.0
325.14721119162476,-23.160133163950327,8.458,0.0,0.0,0.0
325.157539928631,-23.15950477499231,8.458,0.0,0.0,0.0
325.16786771880993,-23.15887099933894,8.458,0.0,0.0,0.0
325.17819444147307,-23.158231174669975,8.458000000000002,0.0,0.0,0.0
325.18851997524416,-23.157584636000927,8.458,0.0,0.0,0.0
325.19884419807005,-23.156930715748643,8.458,0.0,0.0,0.0
325.2091669872316,-23.156268743797465,8.458000000000002,0.0,0.0,0.0
325.2194882193549,-23.15559804756599,8.458,0.0,0.0,0.0
325.22980777042284,-23.15491795207451,8.458,0.0,0.0,0.0
325.24012551578664,-23.154227780012942,8.458000000000002,0.0,0.0,0.0
325.2504413301776,-23.153526851809527,8.458,0.0,0.0,0.0
325.2607550877185,-23.152814485700002,8.458000000000002,0.0,0.0,0.0
325.2710666619365,-23.15208999779746,8.458,0.0,0.0,0.0
325.2813759257746,-23.151352702162818,8.458,0.0,0.0,0.0
325.29168275160424,-23.150601910875874,8.458000000000002,0.0,0.0,0.0
325.30198701123777,-23.14983693410698,8.458,0.0,0.0,0.0
325.3122885759411,-23.149057080189333,8.458,0.0,0.0,0.0
325.32258731644663,-23.14826165569192,8.458000000000004,0.0,0.0,0.0
325.3328831029661,-23.147449965492964,8.458000000000002,0.0,0.0,0.0
325.3431758052038,-23.146621312854116,8.458,0.0,0.0,0.0
325.35346529236995,-23.145774999495167,8.458,0.0,0.0,0.0
325.3637514331938,-23.144910325669397,8.458000000000002,0.0,0.0,0.0
325.37403409593776,-23.144026590239548,8.458000000000002,0.0,0.0,0.0
325.3843131484109,-23.143123090754408,8.458,0.0,0.0,0.0
325.394588457983,-23.142199123525995,8.458000000000002,0.0,0.0,0.0
325.40485989159845,-23.14125398370733,8.458000000000002,0.0,0.0,0.0
325.41512731579087,-23.140286965370898,8.458000000000002,0.0,0.0,0.0
325.4253905966974,-23.13929736158763,8.458000000000002,0.0,0.0,0.0
325.4356496000731,-23.13828446450655,8.458000000000002,0.0,0.0,0.0
325.4459041913061,-23.137247565435032,8.458000000000002,0.0,0.0,0.0
325.4561542354323,-23.136185954919643,8.458,0.0,0.0,0.0
325.4663995971503,-23.135098922827606,8.458,0.0,0.0,0.0
325.4766401408373,-23.133985758428913,8.458000000000002,0.0,0.0,0.0
325.48687573056355,-23.13284575047898,8.458,0.0,0.0,0.0
325.49710623010895,-23.131678187301983,8.458,0.0,0.0,0.0
325.5073315029782,-23.13048235687471,8.458,0.0,0.0,0.0
325.5175514124169,-23.129257546911163,8.458,0.0,0.0,0.0
325.5277658214275,-23.128003044947654,8.458,0.0,0.0,0.0
325.5379745927858,-23.12671813842854,8.458000000000002,0.0,0.0,0.0
325.5481775890573,-23.125402114792614,8.458,0.0,0.0,0.0
325.5583746726137,-23.12405426156003,8.458,0.0,0.0,0.0
325.5685657056497,-23.122673866419937,8.458,0.0,0.0,0.0
325.5787505501998,-23.12126021731861,8.458000000000002,0.0,0.0,0.0
325.5889290681559,-23.11981260254829,8.458,0.0,0.0,0.0
