galstreams/tracks/track.st.NGC6362.sollima2020.ecsv
# %ECSV 0.9
# ---
# datatype:
# - {name: ra, unit: deg, datatype: float64}
# - {name: dec, unit: deg, datatype: float64}
# - {name: distance, unit: kpc, datatype: float64}
# - {name: pm_ra_cosdec, unit: mas / yr, datatype: float64}
# - {name: pm_dec, unit: mas / yr, datatype: float64}
# - {name: radial_velocity, unit: km / s, datatype: float64}
# delimiter: ','
# meta: !!omap
# - __serialized_columns__:
#     dec:
#       __class__: astropy.coordinates.angles.Latitude
#       unit: &id001 !astropy.units.Unit {unit: deg}
#       value: !astropy.table.SerializedColumn {name: dec}
#     distance:
#       __class__: astropy.coordinates.distances.Distance
#       unit: !astropy.units.Unit {unit: kpc}
#       value: !astropy.table.SerializedColumn {name: distance}
#     pm_dec:
#       __class__: astropy.units.quantity.Quantity
#       unit: !astropy.units.Unit {unit: mas / yr}
#       value: !astropy.table.SerializedColumn {name: pm_dec}
#     pm_ra_cosdec:
#       __class__: astropy.units.quantity.Quantity
#       unit: !astropy.units.Unit {unit: mas / yr}
#       value: !astropy.table.SerializedColumn {name: pm_ra_cosdec}
#     ra:
#       __class__: astropy.coordinates.angles.Longitude
#       unit: *id001
#       value: !astropy.table.SerializedColumn {name: ra}
#       wrap_angle: !astropy.coordinates.Angle
#         unit: *id001
#         value: 360.0
#     radial_velocity:
#       __class__: astropy.units.quantity.Quantity
#       unit: !astropy.units.Unit {unit: km / s}
#       value: !astropy.table.SerializedColumn {name: radial_velocity}
# schema: astropy-2.0
ra,dec,distance,pm_ra_cosdec,pm_dec,radial_velocity
[from data line 234]
262.08450363537736,-66.43039109637763,7.649000000000007,0.0,0.0,-0.0
262.1050541851667,-66.43554472295742,7.649000000000005,0.0,0.0,-0.0
262.1255056012505,-66.44074858359376,7.649000000000006,0.0,0.0,-0.0
262.14585181175164,-66.44600573853697,7.649000000000005,0.0,0.0,-0.0
262.16608673337845,-66.4513192583448,7.649000000000006,0.0,0.0,-0.0
262.18620427506227,-66.45669222193595,7.649000000000007,0.0,0.0,-0.0
262.2061983416441,-66.46212771460506,7.649000000000007,0.0,0.0,-0.0
262.22606283760615,-66.46762882599849,7.649000000000005,0.0,0.0,-0.0
262.24579167085255,-66.47319864805169,7.649000000000008,0.0,0.0,-0.0
262.26537875653713,-66.47884027288764,7.649000000000006,0.0,0.0,-0.0
262.28481802093916,-66.48455679067662,7.649000000000007,0.0,0.0,-0.0
262.30410340538765,-66.49035128745726,7.649000000000006,0.0,0.0,-0.0
262.3232288702344,-66.49622684291903,7.649000000000007,0.0,0.0,-0.0
262.3421883988767,-66.50218652814611,7.649000000000005,0.0,0.0,-0.0
262.3609760018303,-66.50823340332262,7.649000000000009,0.0,0.0,-0.0
262.37958572085216,-66.51437051539968,7.649000000000007,0.0,0.0,-0.0
262.3980116331154,-66.52060089572373,7.649000000000007,0.0,0.0,-0.0
262.4162478554368,-66.52692755762706,7.649000000000009,0.0,0.0,-0.0
262.4342885485564,-66.5333534939799,7.649000000000007,0.0,0.0,-0.0
262.4521279214723,-66.53988167470442,7.649000000000007,0.0,0.0,-0.0
262.46976023582977,-66.54651504425111,7.649000000000009,0.0,0.0,-0.0
262.4871798103672,-66.55325651903716,7.649000000000009,0.0,0.0,-0.0
262.50438102541926,-66.56010898484753,7.649000000000007,0.0,0.0,-0.0
262.52135832747894,-66.56707529419813,7.649000000000007,0.0,0.0,-0.0
262.53810623381935,-66.57415826366228,7.649000000000007,0.0,0.0,-0.0
262.5546193371774,-66.58136067115964,7.649000000000006,0.0,0.0,-0.0
262.5708923105001,-66.58868525320861,7.649000000000008,0.0,0.0,-0.0
262.5869199117558,-66.59613470214177,7.649000000000006,0.0,0.0,-0.0
262.60269698881086,-66.60371166328494,7.649000000000007,0.0,0.0,-0.0
262.61821848437575,-66.61141873210033,7.649000000000007,0.0,0.0,-0.0
262.6334794410191,-66.61925845129312,7.649000000000007,0.0,0.0,-0.0
262.6484750062545,-66.62723330788276,7.649000000000007,0.0,0.0,-0.0
262.6632004377003,-66.63534573023858,7.649000000000007,0.0,0.0,-0.0
262.67765110831556,-66.64359808508014,7.649000000000008,0.0,0.0,-0.0
262.6918225117127,-66.65199267444282,7.649000000000007,0.0,0.0,-0.0
262.7057102675512,-66.66053173260852,7.649000000000007,0.0,0.0,-0.0
262.719310127012,-66.6692174230021,7.649000000000008,0.0,0.0,-0.0
262.73261797835744,-66.67805183505375,7.649000000000007,0.0,0.0,-0.0
262.74562985257705,-66.68703698102755,7.649000000000008,0.0,0.0,-0.0
262.75834192912276,-66.69617479281656,7.649000000000008,0.0,0.0,-0.0
262.77075054173577,-66.70546711870496,7.649000000000008,0.0,0.0,-0.0
262.7828521843675,-66.71491572009708,7.649000000000007,0.0,0.0,-0.0
262.7946435171973,-66.72452226821432,7.649000000000007,0.0,0.0,-0.0
262.8061213727491,-66.73428834075958,7.649000000000007,0.0,0.0,-0.0
262.8172827621109,-66.74421541855027,7.649000000000008,0.0,0.0,-0.0
262.8281248812582,-66.75430488211971,7.649000000000009,0.0,0.0,-0.0
262.8386451174854,-66.7645580082874,7.649000000000007,0.0,0.0,-0.0
262.84884105594773,-66.77497596669873,7.649000000000007,0.0,0.0,-0.0
262.8587104863157,-66.78555981633428,7.649000000000009,0.0,0.0,-0.0
262.8682514095462,-66.7963105019891,7.649000000000006,0.0,0.0,-0.0
262.87746204477173,-66.80722885072231,7.649000000000008,0.0,0.0,-0.0
262.8863408363126,-66.81831556827758,7.649000000000007,0.0,0.0,-0.0
262.8948864608122,-66.82957123547457,7.649000000000007,0.0,0.0,-0.0
262.903097834501,-66.84099630457182,7.649000000000007,0.0,0.0,-0.0
262.9109741205904,-66.85259109560143,7.649000000000007,0.0,0.0,-0.0
262.91851473679986,-66.86435579267598,7.649000000000009,0.0,0.0,-0.0
262.92571936302005,-66.87629044026777,7.649000000000008,0.0,0.0,-0.0
262.93258794911475,-66.88839493946098,7.649000000000007,0.0,0.0,-0.0
262.9391207228645,-66.90066904417691,7.649000000000007,0.0,0.0,-0.0
262.9453181980547,-66.91311235737271,7.649000000000007,0.0,0.0,-0.0
262.95118118270943,-66.9257243272138,7.649000000000008,0.0,0.0,-0.0
262.95671078747625,-66.93850424322034,7.64900000000001,0.0,0.0,-0.0
262.9619084341616,-66.95145123238804,7.649000000000007,0.0,0.0,-0.0
262.9667758644209,-66.96456425528348,7.649000000000007,0.0,0.0,-0.0
262.9713151486047,-66.97784210211425,7.649000000000007,0.0,0.0,-0.0
262.9755286947635,-66.991283388774,7.649000000000007,0.0,0.0,-0.0
262.9794192578132,-67.0048865528628,7.649000000000007,0.0,0.0,-0.0
262.98298994886204,-67.01864984968275,7.649000000000008,0.0,0.0,-0.0
262.9862442447017,-67.03257134820907,7.649000000000007,0.0,0.0,-0.0
262.98918599746344,-67.04664892703687,7.649000000000007,0.0,0.0,-0.0
262.99181944444064,-67.06088027030336,7.649000000000008,0.0,0.0,-0.0
262.99414921807846,-67.07526286358589,7.649000000000009,0.0,0.0,-0.0
262.99618035613105,-67.08979398977564,7.649000000000008,0.0,0.0,-0.0
262.99791831198786,-67.10447072492677,7.649000000000007,0.0,0.0,-0.0
262.9993689651673,-67.11928993408118,7.649000000000007,0.0,0.0,-0.0
263.00053863197945,-67.13424826706861,7.649000000000008,0.0,0.0,-0.0
263.00143407635534,-67.14934215428187,7.649000000000007,0.0,0.0,-0.0
263.0020625208439,-67.1645678024269,7.649000000000007,0.0,0.0,-0.0
263.0024316577728,-67.17992119024741,7.649000000000008,0.0,0.0,-0.0
263.00254966057355,-67.19539806422368,7.649000000000009,0.0,0.0,-0.0
263.0024251952674,-67.21099393424512,7.649000000000008,0.0,0.0,-0.0
263.0020674321093,-67.22670406925589,7.649000000000007,0.0,0.0,-0.0
263.001486057387,-67.24252349287316,7.649000000000008,0.0,0.0,-0.0
263.00069128537115,-67.2584469789772,7.649000000000007,0.0,0.0,-0.0
262.999693870412,-67.27446904727256,7.649000000000007,0.0,0.0,-0.0
262.99850511917765,-67.29058395881951,7.649000000000006,0.0,0.0,-0.0
262.99713690302815,-67.30678571153457,7.649000000000009,0.0,0.0,-0.0
262.99560167051834,-67.32306803565939,7.649000000000009,0.0,0.0,-0.0
262.99391246002364,-67.3394243891964,7.649000000000009,0.0,0.0,-0.0
262.9920829124786,-67.35584795331029,7.649000000000009,0.0,0.0,-0.0
262.99012728422167,-67.37233162769363,7.649000000000008,0.0,0.0,-0.0
262.9880604599348,-67.38886802589523,7.649000000000007,0.0,0.0,-0.0
262.9858979656675,-67.40544947060948,7.649000000000009,0.0,0.0,-0.0
262.98365598193504,-67.42206798892492,7.649000000000008,0.0,0.0,-0.0
262.9813513568758,-67.43871530752996,7.649000000000005,0.0,0.0,-0.0
262.97900161945614,-67.45538284787374,7.649000000000007,0.0,0.0,-0.0
262.9766249927073,-67.47206172127987,7.649000000000007,0.0,0.0,-0.0
262.97424040697706,-67.4887427240104,7.649000000000007,0.0,0.0,-0.0
262.97186751318196,-67.50541633227758,7.649000000000009,0.0,0.0,-0.0
262.96952669603775,-67.52207269720078,7.649000000000007,0.0,0.0,-0.0
262.9672390872516,-67.53870163970501,7.649000000000007,0.0,0.0,-0.0
262.96502657865284,-67.5552926453586,7.649000000000009,0.0,0.0,-0.0
262.96291183524033,-67.571834859146,7.649000000000007,0.0,0.0,-0.0
262.96091830812264,-67.58831708017262,7.649000000000008,0.0,0.0,-0.0
262.9590702473246,-67.60472775629759,7.649000000000009,0.0,0.0,-0.0
262.9573927144332,-67.62105497869064,7.649000000000006,0.0,0.0,-0.0
262.95591159505506,-67.63728647630859,7.649000000000009,0.0,0.0,-0.0
262.954653611053,-67.65340961028733,7.649000000000009,0.0,0.0,-0.0
262.95364633253035,-67.66941136824427,7.649000000000006,0.0,0.0,-0.0
262.9529181895294,-67.68527835848641,7.649000000000008,0.0,0.0,-0.0
262.9524984834064,-67.70099680411896,7.649000000000007,0.0,0.0,-0.0
262.9524173978468,-67.71655253704873,7.649000000000008,0.0,0.0,-0.0
262.95270600947964,-67.73193099187694,7.649000000000009,0.0,0.0,-0.0
262.95339629804937,-67.74711719967523,7.649000000000008,0.0,0.0,-0.0
262.9545211561022,-67.76209578163868,7.649000000000008,0.0,0.0,-0.0
262.956114398139,-67.77685094260931,7.649000000000007,0.0,0.0,-0.0
262.95821076918867,-67.7913664644635,7.649000000000008,0.0,0.0,-0.0
262.96084595274993,-67.80562569935577,7.649000000000008,0.0,0.0,-0.0
262.9640565780505,-67.81961156281231,7.649000000000008,0.0,0.0,-0.0
262.9678802265674,-67.83330652666596,7.649000000000007,0.0,0.0,-0.0
262.9723554377536,-67.84669261182536,7.649000000000007,0.0,0.0,-0.0
262.9775217139091,-67.8597513808698,7.649000000000006,0.0,0.0,-0.0
262.9834195241385,-67.87246393046156,7.649000000000008,0.0,0.0,-0.0
262.9900903073278,-67.88481088356717,7.649000000000007,0.0,0.0,-0.0
262.9975764740783,-67.89677238147853,7.649000000000007,0.0,0.0,-0.0
263.0059214075268,-67.90832807562496,7.649000000000007,0.0,0.0,-0.0
263.01516946298347,-67.91945711916702,7.649000000000008,0.0,0.0,-0.0
263.02536596631575,-67.93013815836211,7.649000000000008,0.0,0.0,-0.0
263.0365572110025,-67.94034932369276,7.649000000000007,0.0,0.0,-0.0
263.0487904537831,-67.95006822074711,7.649000000000007,0.0,0.0,-0.0
263.0621139088246,-67.9592719208423,7.649000000000007,0.0,0.0,-0.0
263.076576740325,-67.96793695137977,7.649000000000007,0.0,0.0,-0.0
263.092229053473,-67.97603928592292,7.649000000000006,0.0,0.0,-0.0
263.1091218836805,-67.98355433398646,7.649000000000006,0.0,0.0,-0.0
263.1273071840038,-67.99045693052716,7.649000000000006,0.0,0.0,-0.0
263.14683781066805,-67.99672132512566,7.649000000000007,0.0,0.0,-0.0
263.1677675066081,-68.0023211708489,7.649000000000007,0.0,0.0,-0.0
263.1901508829393,-68.00722951278306,7.649000000000005,0.0,0.0,-0.0
263.21404339826967,-68.01141877622672,7.649000000000007,0.0,0.0,-0.0
263.23950133576585,-68.01486075453427,7.649000000000007,0.0,0.0,-0.0
263.26658177788465,-68.01752659659981,7.649000000000008,0.0,0.0,-0.0
263.2953425786823,-68.01938679397203,7.649000000000007,0.0,0.0,-0.0
263.325842333615,-68.02041116759099,7.649000000000009,0.0,0.0,-0.0
263.35814034674354,-68.02056885413762,7.649000000000007,0.0,0.0,-0.0
263.39229659525887,-68.01982829198809,7.649000000000006,0.0,0.0,-0.0
263.4283716912448,-68.0181572067649,7.649000000000006,0.0,0.0,-0.0
263.4664268405977,-68.01552259647765,7.649000000000008,0.0,0.0,-0.0
263.50652379902584,-68.01189071624654,7.649000000000007,0.0,0.0,-0.0
263.5487248250539,-68.0072270626034,7.649000000000008,0.0,0.0,-0.0
263.5930926299624,-68.00149635736469,7.649000000000009,0.0,0.0,-0.0
263.6396903245961,-67.99466253107275,7.649000000000008,0.0,0.0,-0.0
263.68858136297985,-67.986688706002,7.649000000000007,0.0,0.0,-0.0
263.73982948268855,-67.9775371787283,7.649000000000009,0.0,0.0,-0.0
263.79349864192073,-67.96716940226058,7.649000000000008,0.0,0.0,-0.0
263.8496529532349,-67.95554596773509,7.649000000000008,0.0,0.0,-0.0
263.9083566139156,-67.94262658567446,7.649000000000009,0.0,0.0,-0.0
263.969673832943,-67.92837006681458,7.649000000000008,0.0,0.0,-0.0
264.0336687545514,-67.91273430250422,7.649000000000009,0.0,0.0,-0.0
264.1004053783707,-67.89567624468413,7.649000000000009,0.0,0.0,-0.0
264.16994747615684,-67.87715188545374,7.649000000000009,0.0,0.0,-0.0
