galstreams/tracks/track.st.Sylgr.ibata2021.ecsv
# %ECSV 0.9
# ---
# datatype:
# - {name: ra, unit: deg, datatype: float64}
# - {name: dec, unit: deg, datatype: float64}
# - {name: distance, unit: kpc, datatype: float64}
# - {name: pm_ra_cosdec, unit: mas / yr, datatype: float64}
# - {name: pm_dec, unit: mas / yr, datatype: float64}
# - {name: radial_velocity, unit: km / s, datatype: float64}
# delimiter: ','
# meta: !!omap
# - __serialized_columns__:
#     dec:
#       __class__: astropy.coordinates.angles.Latitude
#       unit: &id001 !astropy.units.Unit {unit: deg}
#       value: !astropy.table.SerializedColumn {name: dec}
#     distance:
#       __class__: astropy.coordinates.distances.Distance
#       unit: !astropy.units.Unit {unit: kpc}
#       value: !astropy.table.SerializedColumn {name: distance}
#     pm_dec:
#       __class__: astropy.units.quantity.Quantity
#       unit: !astropy.units.Unit {unit: mas / yr}
#       value: !astropy.table.SerializedColumn {name: pm_dec}
#     pm_ra_cosdec:
#       __class__: astropy.units.quantity.Quantity
#       unit: !astropy.units.Unit {unit: mas / yr}
#       value: !astropy.table.SerializedColumn {name: pm_ra_cosdec}
#     ra:
#       __class__: astropy.coordinates.angles.Longitude
#       unit: *id001
#       value: !astropy.table.SerializedColumn {name: ra}
#       wrap_angle: !astropy.coordinates.Angle
#         unit: *id001
#         value: 360.0
#     radial_velocity:
#       __class__: astropy.units.quantity.Quantity
#       unit: !astropy.units.Unit {unit: km / s}
#       value: !astropy.table.SerializedColumn {name: radial_velocity}
# schema: astropy-2.0
ra,dec,distance,pm_ra_cosdec,pm_dec,radial_velocity
165.30319141426477,-11.612360880178633,2.410752485222368,-25.00915873437019,-23.906034824781734,-1.6841534259744676e-14
165.31079468861876,-11.604391606098252,2.411747931855203,-25.000362035006717,-23.898512851217305,8.420767129872338e-14
165.31839927036054,-11.596425681057955,2.412742215562372,-24.99156951278046,-23.890992579959118,9.262843842859572e-14
165.32600515926495,-11.588463104076713,2.413735338034868,-24.982781165027667,-23.883474009790955,1.6841534259744676e-14
165.33361235510668,-11.580503874173592,2.414727300963687,-24.973996989084196,-23.87595713949692,1.1789073981821273e-13
165.34122085766072,-11.572547990367694,2.415718106039823,-24.965216982285405,-23.868441967861475,8.420767129872338e-15
165.34883066670199,-11.564595451678207,2.4167077549542717,-24.95644114196629,-23.860928493669473,-8.420767129872338e-15
165.3564417820057,-11.556646257124292,2.4176962493980247,-24.94766946546132,-23.85341671570611,6.73661370389787e-14
165.36405420334705,-11.548700405725231,2.4186835910620794,-24.938901950104587,-23.845906632756943,6.73661370389787e-14
165.3716679305014,-11.540757896500345,2.4196697816374275,-24.93013859322972,-23.838398243607866,8.420767129872338e-15
165.3792829632441,-11.532818728469023,2.420654822815066,-24.921379392169904,-23.830891547045145,5.894536990910637e-14
165.3868993013508,-11.524882900650638,2.421638716285988,-24.912624344257885,-23.823386541855395,8.420767129872338e-14
165.39451694459717,-11.516950412064693,2.422621463741188,-24.903873446825955,-23.815883226825605,1.6841534259744676e-14
165.40213589275888,-11.509021261730714,2.42360306687166,-24.895126697206024,-23.808381600743083,1.0104920555846805e-13
165.40975614561182,-11.501095448668304,2.4245835273683998,-24.88638409272951,-23.800881662395508,3.368306851948935e-14
165.417377702932,-11.493172971897057,2.4255628469224004,-24.87764563072742,-23.7933834105709,5.0524602779234026e-14
165.42500056449543,-11.48525383043667,2.426541027224658,-24.868911308530294,-23.785886844057647,8.420767129872338e-14
165.43262473007835,-11.4773380233069,2.427518069966166,-24.860181123468287,-23.77839196164446,5.894536990910637e-14
165.44025019945693,-11.469425549527555,2.428493976837919,-24.851455072871087,-23.770898762120414,4.210383564936169e-14
165.44787697240764,-11.461516408118444,2.4294687495309106,-24.842733154067965,-23.76340724427496,7.578690416885104e-14
165.45550504870693,-11.453610598099484,2.4304423897361374,-24.834015364387724,-23.755917406897805,7.578690416885104e-14
165.46313442813135,-11.445708118490646,2.431414899144591,-24.82530170115877,-23.748429248779114,4.210383564936169e-14
165.47076511045753,-11.437808968311954,2.4323862794472677,-24.816592161709067,-23.74094276870931,8.420767129872338e-14
165.4783970954624,-11.429913146583425,2.4333565323351616,-24.80788674336615,-23.73345796547921,4.210383564936169e-14
165.4860303829227,-11.422020652325207,2.4343256594992675,-24.79918544345709,-23.725974837879946,1.347322740779574e-13
165.4936649726155,-11.414131484557467,2.435293662630579,-24.79048825930861,-23.718493384703024,9.262843842859572e-14
165.50130086431776,-11.406245642300455,2.4362605434200915,-24.781795188246896,-23.71101360474023,8.420767129872338e-14
165.50893805780674,-11.398363124574413,2.437226303558799,-24.773106227597772,-23.703535496783747,1.2631150694808508e-13
165.51657655285973,-11.390483930399691,2.4381909447376957,-24.764421374686606,-23.696059059626084,4.210383564936169e-14
165.524216349254,-11.382608058796688,2.439154468647777,-24.755740626838392,-23.68858429206008,9.262843842859572e-14
165.53185744676705,-11.374735508785866,2.440116876980036,-24.74706398137763,-23.681111192878916,5.0524602779234026e-14
165.5394998451765,-11.36686627938768,2.441078171425468,-24.738391435628408,-23.673639760876096,1.6841534259744676e-14
165.54714354425994,-11.359000369622706,2.4420383536750676,-24.72972298691441,-23.66616999484548,5.0524602779234026e-14
165.55478854379515,-11.351137778511557,2.4429974254198283,-24.721058632558886,-23.65870189358125,1.0104920555846805e-13
165.5624348435599,-11.343278505074917,2.4439553883507457,-24.71239836988464,-23.651235455877917,8.420767129872338e-14
165.57008244333227,-11.335422548333458,2.444912244158814,-24.703742196214076,-23.643770680530345,8.420767129872338e-14
165.57773134289025,-11.32756990730798,2.445867994535027,-24.695090108869188,-23.636307566333723,-8.420767129872338e-15
165.58538154201185,-11.319720581019343,2.4468226411703786,-24.686442105171523,-23.62884611208356,5.0524602779234026e-14
165.59303304047543,-11.311874568488372,2.447776185755865,-24.67779818244216,-23.621386316575688,9.262843842859572e-14
165.6006858380593,-11.30403186873603,2.4487286299824804,-24.669158338001846,-23.61392817860629,9.262843842859572e-14
165.6083399345418,-11.296192480783319,2.449679975541219,-24.66052256917086,-23.606471696971862,2.5262301389617013e-14
165.6159953297014,-11.288356403651317,2.450630224123074,-24.651890873269036,-23.599016870469253,2.5262301389617013e-14
165.6236520233168,-11.280523636361075,2.451579377419041,-24.643263247615856,-23.5915636978956,1.0946997268834039e-13
165.63131001516663,-11.272694177933783,2.4525274371201142,-24.634639689530307,-23.5841121780484,-1.6841534259744676e-14
165.63896930502963,-11.264868027390657,2.4534744049172885,-24.626020196331023,-23.576662309725457,1.4315304120782974e-13
165.64662989268467,-11.257045183752993,2.454420282501558,-24.617404765336154,-23.569214091724895,1.4315304120782974e-13
165.6542917779108,-11.249225646042072,2.455365071563917,-24.608793393863486,-23.561767522845184,9.262843842859572e-14
165.66195496048698,-11.241409413279307,2.45630877379536,-24.600186079230358,-23.55432260188508,5.894536990910637e-14
165.66961944019232,-11.23359648448614,2.4572513908868823,-24.591582818753707,-23.54687932764371,5.894536990910637e-14
165.67728521680604,-11.225786858684089,2.4581929245294765,-24.582983609750045,-23.53943769892046,-3.368306851948935e-14
165.6849522901075,-11.21798053489466,2.459133376414139,-24.57438844953546,-23.531997714515093,4.210383564936169e-14
165.69262065987613,-11.210177512139492,2.460072748231863,-24.565797335425653,-23.52455937322767,-8.420767129872338e-15
165.70029032589127,-11.202377789440245,2.461011041673643,-24.557210264735897,-23.517122673858562,1.0104920555846805e-13
165.7079612879326,-11.194581365818664,2.4619482584304753,-24.548627234781,-23.509687615208442,5.0524602779234026e-14
165.71563354577975,-11.186788240296487,2.4628844001933516,-24.540048242875468,-23.50225419607836,5.894536990910637e-14
165.7233070992125,-11.178998411895574,2.4638194686532673,-24.531473286333295,-23.494822415269624,8.420767129872338e-14
165.73098194801062,-11.17121187963781,2.4647534655012184,-24.5229023624681,-23.487392271583865,3.368306851948935e-14
165.738658091954,-11.163428642545174,2.4656863924281978,-24.514335468593078,-23.479963763823033,2.5262301389617013e-14
165.7463355308227,-11.155648699639624,2.4666182511251993,-24.505772602021036,-23.472536890789424,6.73661370389787e-14
165.7540142643968,-11.147872049943244,2.4675490432832192,-24.497213760064355,-23.465111651285596,1.0104920555846805e-13
165.76169429245647,-11.140098692478153,2.4684787705932516,-24.488658940034984,-23.457688044114445,7.578690416885104e-14
165.76937561478184,-11.132328626266553,2.46940743474629,-24.480108139244525,-23.450266068079163,7.578690416885104e-14
165.77705823115343,-11.124561850330641,2.470335037433329,-24.471561355004106,-23.442845721983282,1.6841534259744676e-14
165.78474214135156,-11.116798363692716,2.471261580345364,-24.46301858462447,-23.435427004630608,6.73661370389787e-14
165.7924273451567,-11.109038165375136,2.472187065173388,-24.454479825415973,-23.428009914825267,3.368306851948935e-14
165.80011384234942,-11.101281254400327,2.473111493608397,-24.445945074688535,-23.4205944513717,1.515738083377021e-13
165.8078016327105,-11.093527629790708,2.4740348673413846,-24.437414329751665,-23.413180613074648,1.0104920555846805e-13
165.81549071602058,-11.085777290568819,2.4749571880633456,-24.428887587914495,-23.405768398739163,8.420767129872338e-15
165.82318109206048,-11.078030235757247,2.475878457465274,-24.420364846485732,-23.398357807170576,8.420767129872338e-14
165.8308727606111,-11.070286464378642,2.476798677238164,-24.41184610277369,-23.390948837174573,5.0524602779234026e-14
165.83856572145348,-11.062545975455658,2.4777178490730116,-24.403331354086273,-23.383541487557082,1.515738083377021e-13
165.84625997436865,-11.054808768011062,2.4786359746608095,-24.394820597730956,-23.37613575712439,6.73661370389787e-14
165.85395551913768,-11.047074841067701,2.479553055692553,-24.386313831014863,-23.36873164468305,1.347322740779574e-13
165.86165235554196,-11.039344193648386,2.480469093859236,-24.377811051244674,-23.361329149039914,3.368306851948935e-14
165.8693504833626,-11.031616824776062,2.4813840908518547,-24.369312255726655,-23.353928269002147,2.5262301389617013e-14
165.8770499023811,-11.023892733473724,2.4822980483614008,-24.36081744176675,-23.346529003377224,1.4315304120782974e-13
165.8847506123788,-11.016171918764432,2.483210968078871,-24.352326606670392,-23.339131350972888,1.1789073981821273e-13
165.89245261313735,-11.008454379671239,2.4841228516952585,-24.343839747742685,-23.331735310597214,9.262843842859572e-14
165.9001559044383,-11.000740115217333,2.485033700901558,-24.33535686228833,-23.32434088105854,5.894536990910637e-14
165.9078604860633,-10.993029124425918,2.485943517388766,-24.326877947611592,-23.31694806116551,4.210383564936169e-14
165.9155663577941,-10.985321406320312,2.486852302847873,-24.318403001016385,-23.309556849727084,8.420767129872338e-14
165.9232735194126,-10.977616959923784,2.487760058969876,-24.309932019806173,-23.30216724555249,1.0946997268834039e-13
165.93098197070069,-10.969915784259761,2.4886667874457697,-24.301465001284054,-23.29477924745126,3.368306851948935e-14
165.9386917114403,-10.962217878351694,2.489572489966548,-24.29300194275272,-23.287392854233207,-1.6841534259744676e-14
165.94640274141346,-10.954523241223123,2.4904771682232036,-24.284542841514504,-23.28000806470847,1.1789073981821273e-13
165.95411506040242,-10.94683187189756,2.4913808239067334,-24.276087694871265,-23.27262487768744,6.73661370389787e-14
165.96182866818927,-10.939143769398655,2.492283458708131,-24.26763650012453,-23.265243291980806,1.347322740779574e-13
165.96954356455637,-10.931458932750102,2.493185074318392,-24.25918925457538,-23.25786330639955,5.894536990910637e-14
165.97725974928593,-10.923777360975674,2.4940856724285094,-24.25074595552458,-23.250484919754964,7.578690416885104e-14
165.98497722216055,-10.916099053099126,2.494985254729477,-24.242306600272414,-23.2431081308586,8.420767129872338e-14
165.99269598296257,-10.908424008144344,2.4958838229122913,-24.233871186118837,-23.2357329385223,8.420767129872338e-14
166.00041603147466,-10.900752225135262,2.4967813786679445,-24.22543971036336,-23.228359341558214,5.0524602779234026e-14
166.0081373674793,-10.89308370309588,2.497677923687433,-24.217012170305146,-23.220987338778727,1.2631150694808508e-13
166.01585999075937,-10.885418441050188,2.498573459661751,-24.208588563242948,-23.21361692899658,5.894536990910637e-14
166.02358390109754,-10.87775643802233,2.499467988281892,-24.200168886475115,-23.206248111024728,1.0946997268834039e-13
166.03130909827667,-10.870097693036458,2.5003615112388506,-24.191753137299614,-23.19888088367648,1.0104920555846805e-13
166.0390355820796,-10.862442205116817,2.5012540302236212,-24.183341313014047,-23.19151524576534,1.0104920555846805e-13
166.04676335228945,-10.854789973287645,2.5021455469272005,-24.17493341091556,-23.184151196105166,7.578690416885104e-14
166.05449240868916,-10.847140996573309,2.503036063040579,-24.16652942830102,-23.17678873351008,1.0104920555846805e-13
166.0622227510619,-10.839495273998207,2.5039255802547538,-24.158129362466788,-23.169427856794456,6.73661370389787e-14
166.0699543791908,-10.831852804586829,2.5048141002607203,-24.149733210708895,-23.162068564772962,6.73661370389787e-14
166.07768729285917,-10.824213587363648,2.5057016247494706,-24.141340970322986,-23.15471085626058,1.0104920555846805e-13
166.08542149185027,-10.816577621353273,2.506588155411999,-24.132952638604323,-23.14735473007251,1.1789073981821273e-13
166.09315697594755,-10.808944905580343,2.5074736939393016,-24.124568212847745,-23.140000185024267,-8.420767129872338e-15
166.10089374493433,-10.801315439069583,2.508358242022373,-24.116187690347747,-23.13264721993161,4.210383564936169e-14
166.10863179859425,-10.79368922084572,2.509241801352206,-24.10781106839842,-23.125295833610625,8.420767129872338e-15
166.11637113671085,-10.786066249933592,2.510124373619796,-24.099438344293464,-23.11794602487763,1.0104920555846805e-13
166.12411175906774,-10.778446525358106,2.5110059605161377,-24.091069515326215,-23.110597792549218,9.262843842859572e-14
166.1318536654487,-10.770830046144164,2.511886563732225,-24.082704578789595,-23.10325113544227,7.578690416885104e-14
166.13959685563745,-10.763216811316797,2.5127661849590526,-24.07434353197617,-23.095906052373937,7.578690416885104e-14
166.14734132941786,-10.755606819901065,2.5136448258876154,-24.065986372178102,-23.088562542161633,5.0524602779234026e-14
166.15508708657376,-10.748000070922105,2.514522488208907,-24.057633096687194,-23.081220603623038,5.0524602779234026e-14
166.16283412688912,-10.740396563405124,2.515399173613922,-24.049283702794863,-23.073880235576137,9.262843842859572e-14
166.17058245014806,-10.732796296375314,2.516274883793656,-24.0409381877921,-23.066541436839124,5.0524602779234026e-14
166.1783320561346,-10.725199268858034,2.517149620439101,-24.0325965489696,-23.059204206230522,5.894536990910637e-14
166.18608294463283,-10.717605479878657,2.5180233852412544,-24.024258783617597,-23.051868542569075,4.210383564936169e-14
166.19383511542705,-10.710014928462575,2.5188961798911085,-24.015924889026,-23.044534444673815,1.2631150694808508e-13
166.20158856830153,-10.702427613635313,2.519768006079659,-24.0075948624843,-23.03720191136405,8.420767129872338e-14
166.20934330304055,-10.694843534422418,2.5206388654979,-23.999268701281636,-23.029870941459333,1.4315304120782974e-13
166.21709931942848,-10.687262689849527,2.5215087598368258,-23.99094640270676,-23.022541533779478,2.5262301389617013e-14
166.22485661724983,-10.679685078942281,2.5223776907874305,-23.982627964048046,-23.015213687144595,1.0104920555846805e-13
166.2326151962891,-10.672110700726444,2.523245660040709,-23.974313382593493,-23.00788740037502,1.6841534259744676e-14
166.24037505633083,-10.66453955422781,2.524112669287656,-23.966002655630724,-23.000562672291366,5.894536990910637e-14
166.2481361971596,-10.656971638472271,2.524978720219265,-23.957695780446983,-22.99323950171451,1.4315304120782974e-13
166.25589861856022,-10.6494069524857,2.525843814526532,-23.949392754329125,-22.985917887465583,6.73661370389787e-14
166.26366232031737,-10.641845495294112,2.52670795390045,-23.94109357456366,-22.978597828365988,1.0104920555846805e-13
166.27142730221584,-10.63428726592356,2.5275711400320144,-23.9327982384367,-22.971279323237365,5.894536990910637e-14
166.2791935640404,-10.626732263400164,2.52843337461222,-23.924506743234,-22.963962370901637,7.578690416885104e-14
166.28696110557613,-10.619180486750066,2.5292946593320598,-23.916219086240943,-22.956646970180987,1.1789073981821273e-13
166.2947299266079,-10.611631934999524,2.530154995882528,-23.907935264742502,-22.949333119897823,5.0524602779234026e-14
166.30250002692077,-10.604086607174825,2.531014385954621,-23.899655276023328,-22.942020818874827,1.2631150694808508e-13
166.31027140629976,-10.596544502302356,2.5318728312393324,-23.89137911736766,-22.93471006593493,3.368306851948935e-14
166.31804406453008,-10.589005619408494,2.532730333427656,-23.883106786059408,-22.927400859901358,9.262843842859572e-14
166.32581800139693,-10.58146995751975,2.5335868942105875,-23.87483827938205,-22.92009319959753,5.0524602779234026e-14
