galstreams/tracks/track.st.Ylgr.ibata2024.ecsv
# %ECSV 1.0
# ---
# datatype:
# - {name: ra, unit: deg, datatype: float64}
# - {name: dec, unit: deg, datatype: float64}
# - {name: distance, unit: kpc, datatype: float64}
# - {name: pm_ra_cosdec, unit: mas / yr, datatype: float64}
# - {name: pm_dec, unit: mas / yr, datatype: float64}
# - {name: radial_velocity, unit: km / s, datatype: float64}
# delimiter: ','
# meta: !!omap
# - __serialized_columns__:
#     dec:
#       __class__: astropy.coordinates.angles.Latitude
#       unit: &id001 !astropy.units.Unit {unit: deg}
#       value: !astropy.table.SerializedColumn {name: dec}
#     distance:
#       __class__: astropy.coordinates.distances.Distance
#       unit: !astropy.units.Unit {unit: kpc}
#       value: !astropy.table.SerializedColumn {name: distance}
#     pm_dec:
#       __class__: astropy.units.quantity.Quantity
#       unit: !astropy.units.Unit {unit: mas / yr}
#       value: !astropy.table.SerializedColumn {name: pm_dec}
#     pm_ra_cosdec:
#       __class__: astropy.units.quantity.Quantity
#       unit: !astropy.units.Unit {unit: mas / yr}
#       value: !astropy.table.SerializedColumn {name: pm_ra_cosdec}
#     ra:
#       __class__: astropy.coordinates.angles.Longitude
#       unit: *id001
#       value: !astropy.table.SerializedColumn {name: ra}
#       wrap_angle: !astropy.coordinates.Angle
#         unit: *id001
#         value: 360.0
#     radial_velocity:
#       __class__: astropy.units.quantity.Quantity
#       unit: !astropy.units.Unit {unit: km / s}
#       value: !astropy.table.SerializedColumn {name: radial_velocity}
# schema: astropy-2.0
ra,dec,distance,pm_ra_cosdec,pm_dec,radial_velocity
[from data line 2170]
171.92393213625672,-16.456505667696565,1.0,-0.3288921041373456,-8.46458466400438,320.7255439079333
171.9271919234601,-16.465959961953704,1.0,-0.32901989930748243,-8.463153850585673,320.7428528959312
171.9304514898227,-16.475414371944638,1.0,-0.3291478122880207,-8.461723087928583,320.7601432377104
171.93371083648276,-16.48486889735467,1.0000000000000002,-0.32927584277299893,-8.460292375973584,320.7774149600393
171.93696996457862,-16.494323537869064,1.0,-0.3294039904563224,-8.458861714661154,320.7946680896862
171.94022887524872,-16.50377829317302,1.0,-0.32953225503177563,-8.45743110393176,320.8119026534192
171.9434875696318,-16.513233162951718,1.0,-0.3296606361931662,-8.456000543725864,320.82911867800647
171.9467460488666,-16.522688146890335,1.0,-0.3297891336340406,-8.454570033983906,320.8463161902162
171.95000431409207,-16.532143244673836,1.0,-0.32991774704800036,-8.453139574646329,320.86349521681683
171.95326236644735,-16.541598455987323,1.0,-0.33004647612849247,-8.451709165653583,320.8806557845763
171.95652020707166,-16.551053780515772,1.0,-0.33017532056885734,-8.45027880694607,320.8977979202628
171.9597778371045,-16.56050921794413,1.0000000000000002,-0.3303042800623981,-8.448848498464226,320.914921650645
171.96303525768536,-16.56996476795731,1.0,-0.3304333543022686,-8.447418240148462,320.93202700249043
171.96629246995406,-16.579420430240162,1.0000000000000002,-0.33056254298157484,-8.445988031939166,320.94911400256774
171.96954947505048,-16.5888762044775,1.0,-0.33069184579334276,-8.444557873776748,320.9661826776449
171.97280627411465,-16.59833209035408,1.0,-0.3308212624304261,-8.443127765601599,320.98323305449037
171.9760628682868,-16.607788087554635,1.0,-0.33095079258568205,-8.441697707354077,321.00026515987213
171.97931925870725,-16.61724419576383,1.0,-0.3310804359518098,-8.440267698974566,321.01727902055853
171.98257544651662,-16.626700414666363,1.0,-0.33121019222146764,-8.438837740403429,321.0342746633177
171.98583143285552,-16.63615674394669,1.0000000000000002,-0.3313400610872126,-8.43740783158104,321.0512521149178
171.98908721886482,-16.645613183289413,1.0000000000000002,-0.3314700422414685,-8.43597797244772,321.0682114021272
171.99234280568552,-16.65506973237904,1.0,-0.33160013537661825,-8.434548162943816,321.08515255171386
171.9955981944588,-16.664526390900004,1.0,-0.33173034018494185,-8.433118403009669,321.1020755904463
171.99885338632603,-16.673983158536704,1.0000000000000002,-0.3318606563586446,-8.431688692585592,321.1189805450925
172.00210838242862,-16.683440034973508,1.0,-0.3319910835897897,-8.430259031611907,321.1358674424207
172.00536318390826,-16.69289701989471,1.0,-0.33212162157037284,-8.42882942002893,321.1527363091991
172.00861779190672,-16.702354112984597,1.0000000000000002,-0.33225226999232227,-8.427399857776937,321.169587172196
172.011872207566,-16.711811313927363,1.0,-0.33238302854750046,-8.425970344796244,321.1864200581796
172.01512643202827,-16.72126862240725,0.9999999999999999,-0.33251389692757805,-8.42454088102713,321.2032349939179
172.01838046643573,-16.730726038108266,1.0,-0.33264487482425054,-8.423111466409864,321.2200320061793
172.02163431193094,-16.74018356071455,1.0,-0.33277596192905534,-8.42168210088471,321.23681112173193
172.02488796965645,-16.749641189910125,1.0000000000000002,-0.3329071579334695,-8.420252784391948,321.2535723673441
172.02814144075504,-16.759098925378986,1.0000000000000002,-0.33303846252884917,-8.418823516871818,321.27031576978396
172.0313947263697,-16.768556766805073,1.0,-0.33316987540650445,-8.41739429826455,321.2870413558195
172.03464782764354,-16.77801471387227,1.0,-0.333301396257637,-8.415965128510404,321.30374915221927
172.0379007457198,-16.78747276626443,1.0,-0.3334330247733224,-8.4145360075496,321.3204391857513
172.04115348174193,-16.796930923665343,1.0,-0.3335647606446219,-8.413106935322343,321.3371114831839
172.04440603685353,-16.80638918575877,1.0,-0.3336966035624034,-8.411677911768859,321.3537660712851
172.0476584121984,-16.81584755222841,1.0,-0.3338285532176055,-8.410248936829348,321.3704029768232
172.05091060892045,-16.825306022757978,1.0,-0.33396060930090243,-8.408820010443993,321.3870222265664
172.05416262816374,-16.834764597030965,1.0,-0.334092771502954,-8.407391132553013,321.4036238472829
172.05741447107258,-16.844223274730993,1.0000000000000002,-0.33422503951439175,-8.405962303096555,321.42020786574113
172.0606661387914,-16.85368205554159,1.0,-0.3343574130256588,-8.404533522014798,321.4367743087089
172.06391763246478,-16.863140939146206,1.0,-0.3344898917271699,-8.403104789247912,321.45332320295455
172.0671689532375,-16.872599925228272,1.0,-0.3346224753092475,-8.401676104736044,321.4698545752464
172.0704201022545,-16.882059013471142,1.0000000000000002,-0.33475516346206646,-8.400247468419344,321.48636845235274
172.07367108066086,-16.891518203558164,1.0,-0.3348879558757929,-8.39881888023795,321.5028648610415
172.07692188960183,-16.9009774951726,1.0000000000000002,-0.3350208522404543,-8.397390340131981,321.519343828081
172.08017253022288,-16.910436887997683,1.0000000000000002,-0.3351538522460267,-8.39596184804157,321.5358053802395
172.08342300366962,-16.919896381716644,1.0000000000000002,-0.33528695558234034,-8.39453340390682,321.5522495442852
172.0866733110878,-16.92935597601251,1.0,-0.3354201619391972,-8.393105007667852,321.56867634698614
172.08992345362336,-16.93881567056842,1.0000000000000002,-0.3355534710063015,-8.39167665926474,321.58508581511074
172.09317343242242,-16.9482754650674,1.0000000000000002,-0.3356868824732224,-8.390248358637596,321.6014779754272
172.09642324863125,-16.957735359192448,1.0,-0.33582039602947766,-8.388820105726477,321.6178528547034
172.0996729033963,-16.967195352626497,1.0,-0.33595401136450853,-8.38739190047147,321.63421047970814
172.10292239786423,-16.976655445052444,0.9999999999999999,-0.3360877281676675,-8.38596374281262,321.650550877209
172.1061717331818,-16.986115636153112,1.0000000000000002,-0.3362215461281579,-8.384535632690007,321.6668740739747
172.109420910496,-16.995575925611316,1.0,-0.3363554649351954,-8.383107570043663,321.68318009677307
172.1126699309539,-17.005036313109787,1.0,-0.33648948427780034,-8.381679554813616,321.6994689723726
172.11591879570287,-17.014496798331223,1.0,-0.3366236038450001,-8.38025158693991,321.7157407275411
172.1191675058904,-17.023957380958322,1.0,-0.3367578233256854,-8.378823666362564,321.7319953890472
172.12241606266406,-17.03341806067357,1.0000000000000002,-0.3368921424086473,-8.377395793021584,321.748232983659
172.12566446717176,-17.04287883715957,1.0000000000000002,-0.3370265607826486,-8.375967966856987,321.76445353814455
172.12891272056146,-17.052339710098824,1.0,-0.33716107813630103,-8.374540187808751,321.7806570792722
172.1321608239813,-17.06180067917377,1.0,-0.33729569415814353,-8.373112455816877,321.79684363381006
172.1354087785797,-17.07126174406682,1.0,-0.33743040853668127,-8.371684770821343,321.81301322852624
172.13865658550512,-17.080722904460316,1.0,-0.33756522096025243,-8.370257132762106,321.82916589018924
172.14190424590623,-17.090184160036554,1.0,-0.33770013111713837,-8.36882954157915,321.8453016455671
172.14515176093198,-17.099645510477796,1.0,-0.3378351386955796,-8.3674019972124,321.86142052142804
172.14839913173137,-17.109106955466235,1.0,-0.33797024338368686,-8.365974499601815,321.87752254454034
172.1516463594536,-17.118568494684073,1.0,-0.33810544486945737,-8.364547048687335,321.89360774167193
172.15489344524806,-17.1280301278133,1.0000000000000002,-0.33824074284084027,-8.36311964440889,321.90967613959145
172.15814039026435,-17.13749185453603,1.0000000000000002,-0.33837613698572433,-8.36169228670639,321.92572776506677
172.16138719565217,-17.146953674534256,1.0000000000000002,-0.3385116269918278,-8.360264975519744,321.9417626448662
172.1646338625615,-17.15641558748993,1.0,-0.3386472125468796,-8.358837710788865,321.9577808057579
172.1678803921424,-17.165877593084954,1.0,-0.33878289333843803,-8.357410492453635,321.97378227451014
172.17112678554514,-17.17533969100117,1.0,-0.3389186690540278,-8.355983320453944,321.98976707789114
172.17437304392016,-17.18480188092038,1.0,-0.3390545393810651,-8.354556194729675,322.005735242669
172.17761916841815,-17.194264162524334,0.9999999999999999,-0.33919050400690054,-8.353129115220675,322.0216867956121
172.1808651601899,-17.203726535494724,1.0,-0.33932656261878513,-8.351702081866819,322.0376217634884
172.18411102038638,-17.2131889995132,1.0,-0.33946271490389357,-8.350275094607962,322.0535401730664
172.18735675015876,-17.222651554261404,1.0,-0.33959896054924954,-8.348848153383937,322.06944205111404
172.1906023506584,-17.232114199420785,1.0000000000000004,-0.3397352992418998,-8.347421258134567,322.08532742439974
172.19384782303678,-17.24157693467288,1.0000000000000004,-0.3398717306687544,-8.345994408799697,322.1011963196915
172.19709316844563,-17.25103975969914,1.0000000000000004,-0.34000825451657946,-8.344567605319124,322.1170487637577
172.20033838803687,-17.260502674180948,1.0000000000000004,-0.3401448704721588,-8.343140847632657,322.1328847833664
172.20358348296253,-17.26996567779965,1.0000000000000002,-0.34028157822214666,-8.341714135680114,322.1487044052859
172.2068284543749,-17.279428770236528,1.0000000000000002,-0.34041837745308,-8.340287469401265,322.1645076562844
172.2100733034263,-17.288891951172815,1.0000000000000002,-0.34055526785141765,-8.33886084873589,322.1802945631302
172.21331803126944,-17.298355220289707,1.0000000000000002,-0.3406922491036113,-8.337434273623767,322.1960651525913
172.2165626390571,-17.307818577268332,1.0000000000000002,-0.3408293208959243,-8.336007744004661,322.21181945143604
172.2198071279422,-17.31728202178983,1.0000000000000002,-0.34096648291458287,-8.334581259818322,322.22755748643254
172.22305149907797,-17.326745553535112,1.0000000000000004,-0.3411037348457491,-8.333154821004495,322.24327928434917
172.22629575361768,-17.336209172185228,1.0000000000000004,-0.3412410763754661,-8.331728427502902,322.258984871954
172.22953989271488,-17.345672877421087,1.0000000000000004,-0.34137850718969887,-8.330302079253304,322.2746742760151
172.23278391752328,-17.355136668923567,1.0000000000000004,-0.3415160269743023,-8.328875776195392,322.29034752330097
172.23602782919676,-17.364600546373495,1.0000000000000002,-0.34165363541511695,-8.327449518268892,322.3060046405796
172.23927162888938,-17.37406450945164,1.0000000000000002,-0.3417913321978432,-8.326023305413496,322.3216456546192
172.24251531775542,-17.38352855783871,1.0000000000000002,-0.34192911700808004,-8.324597137568905,322.3372705921883
172.24575889694933,-17.392992691215373,1.0000000000000002,-0.34206698953140346,-8.323171014674791,322.35287948005475
172.24900236762568,-17.40245690926224,1.0000000000000004,-0.3422049494532544,-8.32174493667084,322.3684723449869
172.25224573093934,-17.411921211659877,1.0000000000000002,-0.34234299645902766,-8.320318903496709,322.38404921375275
172.2554889880453,-17.42138559808884,1.0000000000000002,-0.34248113023398297,-8.318892915092047,322.39961011312073
172.25873214009872,-17.430850068229475,1.0000000000000004,-0.3426193504633357,-8.317466971396517,322.4151550698591
172.26197518825498,-17.44031462176224,1.0000000000000002,-0.3427576568322017,-8.316041072349755,322.43068411073597
172.26521813366963,-17.449779258367478,1.0000000000000004,-0.3428960490256472,-8.314615217891387,322.44619726251943
172.26846097749842,-17.459243977725485,1.0000000000000002,-0.3430345267285819,-8.31318940796104,322.4616945519778
172.27170372089725,-17.468708779516504,1.0000000000000002,-0.34317308962589443,-8.311763642498317,322.47717600587924
172.27494636502232,-17.478173663420712,1.0000000000000004,-0.34331173740238974,-8.31033792144283,322.4926416509922
172.27818891102987,-17.487638629118265,1.0000000000000002,-0.34345046974273075,-8.308912244734163,322.5080915140844
172.2814313600764,-17.497103676289232,1.0000000000000004,-0.34358928633154484,-8.307486612311902,322.52352562192453
172.28467371331863,-17.50656880461364,1.0000000000000002,-0.34372818685337947,-8.306061024115632,322.53894400128047
172.2879159719134,-17.51603401377152,1.0000000000000004,-0.34386717099267905,-8.304635480084904,322.5543466789205
172.2911581370178,-17.525499303442686,1.0000000000000002,-0.34400623843378675,-8.303209980159295,322.569733681613
172.294400209789,-17.534964673307055,1.0000000000000002,-0.34414538886097823,-8.30178452427834,322.585105036126
172.29764219138454,-17.544430123044446,1.0000000000000002,-0.34428462195851495,-8.300359112381585,322.6004607692277
172.300884082962,-17.55389565233461,1.0000000000000002,-0.34442393741043453,-8.298933744408561,322.61580090768643
172.30412588567924,-17.563361260857263,1.0000000000000002,-0.3445633349008226,-8.297508420298776,322.6311254782703
172.30736760069422,-17.572826948292043,1.0000000000000002,-0.34470281411359416,-8.296083139991769,322.64643450774753
172.31060922916518,-17.582292714318555,1.0000000000000002,-0.34484237473260926,-8.294657903427012,322.6617280228864
172.3138507722505,-17.591758558616338,1.0000000000000002,-0.34498201644166215,-8.293232710544022,322.67700605045485
172.31709223110883,-17.60122448086488,1.0000000000000004,-0.3451217389244796,-8.291807561282273,322.69226861722143
172.32033360689883,-17.61069048074362,1.0000000000000002,-0.34526154186460545,-8.290382455581241,322.70751574995415
172.3235749007796,-17.620156557931985,1.0000000000000002,-0.3454014249456492,-8.288957393380397,322.72274747542133
172.3268161139102,-17.629622712109192,1.0,-0.34554138785100896,-8.287532374619197,322.73796382039103
172.33005724745007,-17.639088942954565,1.0000000000000002,-0.34568143026406695,-8.286107399237078,322.75316481163173
172.33329830255872,-17.648555250147318,1.0000000000000004,-0.34582155186811114,-8.284682467173496,322.7683504759113
172.3365392803959,-17.658021633366612,1.0000000000000002,-0.345961752346323,-8.28325757836788,322.783520839998
172.33978018212156,-17.667488092291546,1.0000000000000002,-0.3461020313818466,-8.28183273275964,322.79867593066024
172.34302100889582,-17.676954626601184,1.0000000000000002,-0.3462423886576911,-8.280407930288181,322.8138157746661
172.34626176187905,-17.6864212359745,1.0000000000000002,-0.3463828238568496,-8.278983170892925,322.828940398784
172.3495024422317,-17.695887920090453,1.0000000000000004,-0.34652333666213764,-8.277558454513247,322.8440498297817
172.35274305111457,-17.70535467862791,1.0000000000000002,-0.34666392675636537,-8.276133781088554,322.8591440944277
172.35598358968858,-17.714821511265765,1.0000000000000002,-0.34680459382226303,-8.274709150558188,322.8742232194901
172.35922405911475,-17.724288417682676,1.0000000000000002,-0.34694533754243473,-8.273284562861537,322.8892872317372
172.36246446055452,-17.73375539755742,1.0000000000000002,-0.3470861575994526,-8.271860017937936,322.90433615793705
172.36570479516925,-17.74322245056865,1.0000000000000002,-0.3472270536756987,-8.270435515726756,322.91937002485815
172.36894506412077,-17.752689576394978,1.0000000000000004,-0.3473680254536209,-8.269011056167308,322.93438885926855
172.37218526857092,-17.76215677471495,1.0000000000000004,-0.34750907261551056,-8.26758663919895,322.94939268793627
172.3754254096818,-17.77162404520706,1.0000000000000002,-0.3476501948435473,-8.266162264760975,322.9643815376298
172.37866548861575,-17.781091387549754,1.0000000000000004,-0.3477913918198752,-8.264737932792691,322.97935543511716
172.38190550653522,-17.790558801421398,1.0000000000000002,-0.347932663226576,-8.26331364323342,322.9943144071667
172.38514546460294,-17.800026286500323,1.0000000000000002,-0.3480740087455789,-8.261889396022422,323.00925848054646
172.38838536398177,-17.809493842464803,1.0000000000000002,-0.3482154280587899,-8.260465191099001,323.02418768202466
172.39162520583483,-17.818961468993106,1.0000000000000002,-0.3483569208479942,-8.259041028402418,323.0391020383698
172.39486499132542,-17.828429165763264,1.0,-0.34849848679495743,-8.257616907871935,323.0540015763497
