galstreams/tracks/track.st.M92.ibata2021.ecsv
# %ECSV 1.0
# ---
# datatype:
# - {name: ra, unit: deg, datatype: float64}
# - {name: dec, unit: deg, datatype: float64}
# - {name: distance, unit: kpc, datatype: float64}
# - {name: pm_ra_cosdec, unit: mas / yr, datatype: float64}
# - {name: pm_dec, unit: mas / yr, datatype: float64}
# - {name: radial_velocity, unit: km / s, datatype: float64}
# delimiter: ','
# meta: !!omap
# - __serialized_columns__:
#     dec:
#       __class__: astropy.coordinates.angles.Latitude
#       unit: &id001 !astropy.units.Unit {unit: deg}
#       value: !astropy.table.SerializedColumn {name: dec}
#     distance:
#       __class__: astropy.coordinates.distances.Distance
#       unit: !astropy.units.Unit {unit: kpc}
#       value: !astropy.table.SerializedColumn {name: distance}
#     pm_dec:
#       __class__: astropy.units.quantity.Quantity
#       unit: !astropy.units.Unit {unit: mas / yr}
#       value: !astropy.table.SerializedColumn {name: pm_dec}
#     pm_ra_cosdec:
#       __class__: astropy.units.quantity.Quantity
#       unit: !astropy.units.Unit {unit: mas / yr}
#       value: !astropy.table.SerializedColumn {name: pm_ra_cosdec}
#     ra:
#       __class__: astropy.coordinates.angles.Longitude
#       unit: *id001
#       value: !astropy.table.SerializedColumn {name: ra}
#       wrap_angle: !astropy.coordinates.Angle
#         unit: *id001
#         value: 360.0
#     radial_velocity:
#       __class__: astropy.units.quantity.Quantity
#       unit: !astropy.units.Unit {unit: km / s}
#       value: !astropy.table.SerializedColumn {name: radial_velocity}
# schema: astropy-2.0
ra,dec,distance,pm_ra_cosdec,pm_dec,radial_velocity
[from data line 708]
258.1502531915192,43.64387631342952,9.213099091526008,-5.081282932795566,-0.8000056769234245,-130.96347806236625
258.1628466698713,43.640227954420645,9.213912163124165,-5.08040005221275,-0.7982848469328347,-131.04625709732204
258.17543267800306,43.63657170316681,9.214725090531122,-5.07951697038121,-0.7965667326238866,-131.12928295625846
258.1880112278539,43.632907578603486,9.215537864375046,-5.078633693697418,-0.7948513263388439,-131.2125537836179
258.2005823313818,43.62923559965851,9.21635047528411,-5.077750228551414,-0.793138620416086,-131.296067723842
258.21314600056326,43.6255557852523,9.21716291388647,-5.076866581326816,-0.7914286071901349,-131.3798229213731
258.22570224739354,43.621868154297665,9.217975170810304,-5.075982758400821,-0.7897212789916559,-131.46381752065318
258.2382510838864,43.61817272569986,9.218787236683767,-5.075098766144217,-0.7880166281474648,-131.54804966612463
258.2507925220736,43.61446951835675,9.219599102135033,-5.074214610921388,-0.7863146469805806,-131.6325175022291
258.26332657400576,43.610758551158554,9.220410757792267,-5.073330299090319,-0.7846153278101826,-131.71721917340892
258.2758532517516,43.607039842988094,9.221222194283635,-5.072445837002612,-0.7829186629516762,-131.80215282410623
258.28837256739797,43.60331341272059,9.222033402237305,-5.071561231003491,-0.7812246447166744,-131.8873165987628
258.30088453305024,43.599579279223875,9.222844372281443,-5.070676487431799,-0.7795332654130187,-131.97270864182119
258.31338916083166,43.59583746135819,9.223655095044212,-5.069791612620019,-0.7778445173448085,-132.058327097723
258.3258864628839,43.59208797797628,9.224465561153785,-5.068906612894274,-0.7761583928123805,-132.14417011091064
258.33837645136623,43.588330847923544,9.22527576123832,-5.06802149457434,-0.7744748841123699,-132.23023582582587
258.3508591384565,43.58456609003774,9.226085685925993,-5.067136263973641,-0.7727939835376658,-132.31652238691123
258.36333453634995,43.58079372314926,9.226895325844968,-5.066250927399274,-0.7711156833774913,-132.40302793860846
258.3758026572602,43.577013766080974,9.227704671623405,-5.065365491152009,-0.7694399759173558,-132.48975062535965
258.38826351341834,43.57322623764833,9.228513713889477,-5.064479961526285,-0.7677668534391084,-132.57668859160705
258.4007171170735,43.56943115665927,9.229322443271354,-5.0635943448102365,-0.7660963082209318,-132.66383998179265
258.41316348049247,43.565628541914286,9.230130850397192,-5.062708647285692,-0.7644283325373622,-132.7512029403584
258.42560261595975,43.5618184122065,9.230938925895167,-5.061822875228179,-0.7627629186593077,-132.83877561174666
258.4380345357775,43.55800078632145,9.231746660393439,-5.060937034906937,-0.7611000588540457,-132.92655614039933
258.45045925226526,43.5541756830374,9.232554044520178,-5.060051132584923,-0.7594397453852637,-133.01454267075837
258.4628767777605,43.55034312112504,9.23336106890355,-5.059165174518808,-0.7577819705130346,-133.10273334726622
258.47528712461815,43.54650311934769,9.234167724171721,-5.058279166959012,-0.7561267264938565,-133.19112631436482
258.4876903052099,43.54265569646126,9.23497400095286,-5.057393116149682,-0.7544740055806796,-133.27971971649598
258.50008633192584,43.53880087121418,9.235779889875133,-5.056507028328717,-0.7528238000228678,-133.3685116981021
258.51247521717255,43.53493866234757,9.236585381566703,-5.055620909727768,-0.7511761020662717,-133.45750040362518
258.52485697337437,43.531069088595046,9.237390466655741,-5.0547347665722455,-0.7495309039531948,-133.54668397750729
258.53723161297285,43.52719216868281,9.23819513577041,-5.053848605081342,-0.7478881979224277,-133.6360605641906
258.54959914842635,43.523307921329774,9.23899937953888,-5.052962431468007,-0.7462479762092766,-133.72562830811685
258.56195959221094,43.519416365247324,9.239803188589311,-5.052076251938996,-0.7446102310455307,-133.81538535372854
258.57431295681914,43.51551751913958,9.24060655354988,-5.051190072694837,-0.7429749546595288,-133.90532984546738
258.5866592547612,43.51161140170315,9.241409465048745,-5.050303899929869,-0.7413421392761175,-133.9954599277759
258.59899849856356,43.5076980316274,9.242211913714078,-5.049417739832234,-0.7397117771167254,-134.0857737450958
258.6113307007703,43.50377742759421,9.243013890174037,-5.0485315985838914,-0.7380838603993141,-134.17626944186927
258.6236558739421,43.49984960827808,9.243815385056799,-5.0476454823606165,-0.7364583813384302,-134.26694516253858
258.63597403065626,43.4959145923463,9.244616388990526,-5.0467593973320195,-0.7348353321452177,-134.35779905154553
258.6482851835073,43.49197239845859,9.245416892603382,-5.045873349661546,-0.7332147050274007,-134.44882925333235
258.6605893451061,43.488023045267504,9.246216886523541,-5.044987345506483,-0.7315964921893354,-134.540033912341
258.6728865280804,43.48406655141809,9.247016361379163,-5.044101391017972,-0.7299806858319828,-134.6314111730138
258.6851767450745,43.48010293554818,9.247815307798417,-5.043215492341016,-0.7283672781529635,-134.72295917979253
258.6974600087494,43.476132216288214,9.248613716409468,-5.04232965561448,-0.7267562613465284,-134.8146760771195
258.70973633178244,43.4721544122612,9.249411577840485,-5.041443886971104,-0.7251476276035969,-134.90656000943667
258.7220057268677,43.46816954208302,9.250208882719631,-5.040558192537512,-0.7235413691117683,-134.99860912118632
258.73426820671546,43.46417762436204,9.251005621675079,-5.0396725784342165,-0.7219374780553227,-135.09082155681025
258.7465237840525,43.46017867769943,9.25180178533499,-5.038787050775624,-0.7203359466152446,-135.18319546075085
258.7587724716218,43.456172720689004,9.252597364327528,-5.037901615670052,-0.7187367669692311,-135.27572897744975
258.771014282183,43.45215977191721,9.253392349280867,-5.037016279219717,-0.7171399312916886,-135.36842025134948
258.78324922851147,43.44813984996332,9.254186730823172,-5.036131047520768,-0.7155454317537817,-135.46126742689188
258.79547732339927,43.44411297339914,9.254980499582604,-5.035245926663273,-0.7139532605234,-135.55426864851913
258.8076985796541,43.44007916078936,9.255773646187336,-5.034360922731233,-0.7123634097652201,-135.6474220606733
258.8199130101001,43.43603843069127,9.256566161265532,-5.033476041802593,-0.7107758716406642,-135.7407258077965
258.8321206275774,43.431990801654834,9.257358035445359,-5.0325912899492495,-0.7091906383079547,-135.83417803433068
258.844321444942,43.42793629222288,9.25814925935498,-5.03170667323705,-0.707607701922109,-135.927776884718
258.85651547506615,43.42387492093083,9.258939823622567,-5.030822197725804,-0.7060270546349443,-136.0215205034006
258.8687027308375,43.41980670630692,9.259729718876285,-5.0299378694692995,-0.7044486885951098,-136.11540703482055
258.88088322516006,43.41573166687207,9.2605189357443,-5.029053694515298,-0.7028725959480755,-136.20943462341992
258.8930569709532,43.41164982113999,9.261307464854777,-5.028169678905545,-0.701298768836172,-136.30360141364062
258.90522398115235,43.40756118761709,9.262095296835884,-5.027285828675787,-0.6997271993985652,-136.397905549925
258.9173842687087,43.4034657848025,9.262882422315789,-5.026402149855759,-0.6981578797712971,-136.4923451767151
258.9295378465887,43.39936363118823,9.263668831922658,-5.025518648469216,-0.6965908020872986,-136.58691843845278
258.9416847277748,43.39525474525892,9.264454516284653,-5.024635330533924,-0.6950259584763754,-136.68162347958022
258.95382492526494,43.391139145492076,9.265239466029948,-5.023752202061665,-0.6934633410652467,-136.77645844453974
258.9659584520724,43.3870168503579,9.266023671786705,-5.022869269058265,-0.691902941977542,-136.87142147777317
258.9780853212261,43.38288787831937,9.266807124183089,-5.021986537523578,-0.6903447533338147,-136.96651072372245
258.9902055457703,43.378752247832345,9.267589813847273,-5.021104013451499,-0.6887887672515611,-137.06172432683007
259.00231913876473,43.37460997734533,9.268371731407418,-5.020221702829987,-0.687234975845217,-137.15706043153784
259.0144261132842,43.37046108529976,9.269152867491693,-5.0193396116410565,-0.6856833712261923,-137.25251718228796
259.0265264824192,43.36630559012973,9.269933212728265,-5.018457745860781,-0.6841339455028506,-137.34809272352248
259.038620259275,43.36214351026226,9.270712757745295,-5.017576111459322,-0.6825866907805622,-137.44378519968328
259.05070745697236,43.357974864117104,9.271491493170961,-5.0166947144009075,-0.6810415991616658,-137.53959275521274
259.06278808864727,43.35379967010681,9.27226940963342,-5.015813560643867,-0.6794986627455177,-137.63551353455279
259.0748621674504,43.349617946636826,9.273046497760838,-5.014932656140624,-0.6779578736284964,-137.7315456821457
259.0869297065479,43.34542971210532,9.273822748181386,-5.014052006837701,-0.6764192239039963,-137.82768734243325
259.0989907191206,43.34123498490341,9.274598151523232,-5.013171618675731,-0.6748827056624644,-137.92393665985767
259.11104521836444,43.337033783414945,9.27537269841454,-5.012291497589476,-0.6733483109913876,-138.02029177886098
259.12309321749035,43.332826126016606,9.276146379483473,-5.011411649507808,-0.671816031975309,-138.1167508438856
259.1351347297238,43.328612031077995,9.276919185358205,-5.010532080353743,-0.6702858606958673,-138.2133119993731
259.14716976830556,43.324391516961484,9.277691106666898,-5.009652796044436,-0.6687577892317567,-138.3099733897659
259.15919834649065,43.32016460202239,9.278462134037719,-5.008773802491184,-0.6672318096587861,-138.40673315950596
259.1712204775491,43.31593130460876,9.279232258098833,-5.007895105599448,-0.6657079140498596,-138.50358945303523
259.1832361747657,43.311691643061636,9.280001469478409,-5.00701671126884,-0.6641860944750035,-138.600540414796
259.1952454514396,43.30744563571483,9.280769758804617,-5.006138625393142,-0.6626663430013608,-138.69758418923047
259.2072483208848,43.303193300895046,9.281537116705616,-5.005260853860329,-0.6611486516932199,-138.79471892078044
259.2192447964296,43.298934656921915,9.282303533809577,-5.004383402552537,-0.659633012612022,-138.89194275388812
259.23123489141705,43.29466972210788,9.283069000744664,-5.00350627734611,-0.6581194178163585,-138.9892538329955
259.2432186192044,43.290398514758365,9.283833508139049,-5.002629484111583,-0.656607859361996,-139.0866503025447
259.25519599316345,43.2861210531716,9.284597046620892,-5.001753028713693,-0.6550983293018795,-139.18413030697806
259.2671670266804,43.28183735563869,9.285359606818364,-5.000876917011397,-0.6535908196861462,-139.28169199073724
259.27913173315557,43.27754744044379,9.286121179359633,-5.000001154857868,-0.6520853225621339,-139.37933349826457
259.2910901260038,43.27325132586378,9.286881754872857,-4.999125748100508,-0.6505818299743928,-139.47705297400208
259.30304221865396,43.26894903016864,9.287641323986213,-4.998250702580947,-0.6490803339646973,-139.574848562392
259.3149880245491,43.26464057162107,9.28839987732786,-4.997376024135069,-0.6475808265720582,-139.67271840787598
259.32692755714663,43.260325968476884,9.289157405525968,-4.996501718592989,-0.6460832998327224,-139.77066065489655
259.3388608299177,43.2560052389847,9.289913899208704,-4.995627791779096,-0.6445877457801981,-139.86867344789556
259.3507878563479,43.25167840138606,9.290669349004235,-4.994754249512027,-0.6430941564452433,-139.96675493131525
259.3627086499365,43.247345473915566,9.291423745540724,-4.993881097604694,-0.6416025238559124,-140.06490324959765
259.37462322419685,43.24300647480063,9.292177079446342,-4.99300834186429,-0.64011284003753,-140.16311654718467
259.38653159265624,43.23866142226171,9.29292934134925,-4.992135988092292,-0.6386250970127219,-140.26139296851852
259.3984337688558,43.234310334512166,9.293680521877622,-4.991264042084458,-0.6371392868014143,-140.35973065804131
259.4103297663506,43.22995322975828,9.29443061165962,-4.990392509630857,-0.6356554014208438,-140.45812776019528
259.4222195987092,43.22559012619943,9.29517960132341,-4.989521396515853,-0.6341734328855921,-140.5565824194222
259.4341032795142,43.22122104202779,9.29592748149716,-4.988650708518133,-0.6326933732075573,-140.65509278016424
259.4459808223618,43.216845995428706,9.296674242809035,-4.9877804514106945,-0.6312152143959908,-140.7536569868636
259.45785224086165,43.21246500458028,9.297419875887204,-4.9869106309608675,-0.6297389484574971,-140.85227318396224
259.4697175486373,43.20807808765381,9.298164371359833,-4.9860412529303115,-0.6282645673960547,-140.95093951590218
259.4815767593258,43.20368526281344,9.298907719855087,-4.9851723230750284,-0.6267920632130013,-141.04965412712573
259.4934298865777,43.19928654821632,9.299649912001135,-4.984303847145366,-0.6253214279070638,-141.148415162075
259.50527694405685,43.194881962012715,9.300390938426142,-4.983435830886033,-0.6238526534743827,-141.2472207651917
259.5171179454409,43.19047152234574,9.301130789758275,-4.982568280036095,-0.6223857319084791,-141.34606908091826
259.5289529044204,43.18605524735163,9.3018694566257,-4.981701200328982,-0.620920655200305,-141.4449582536966
259.5407818346997,43.18163315515961,9.302606929656585,-4.98083459749251,-0.6194574153382275,-141.54388642796877
259.5526047499964,43.17720526389185,9.303343199479096,-4.979968477248868,-0.6179960043080457,-141.642851748177
259.5644216640411,43.17277159166368,9.304078256721397,-4.979102845314642,-0.6165364140930145,-141.74185235876328
259.57623259057783,43.168332156583325,9.304812092011659,-4.978237707400811,-0.6150786366738268,-141.84088640416968
259.58803754336367,43.16388697675216,9.305544695978046,-4.977373069212752,-0.6136226640286524,-141.93995202883835
259.59983653616905,43.15943607026448,9.306276059248722,-4.976508936450267,-0.612168488133116,-142.03904737721132
259.61162958277725,43.15497945520776,9.30700617245186,-4.975645314807558,-0.610716100960347,-142.13817059373068
259.62341669698475,43.15051714966243,9.307735026215623,-4.974782209973266,-0.6092654944809444,-142.23731982283846
259.63519789260107,43.146049171701925,9.308462611168174,-4.973919627630453,-0.6078166606630124,-142.33649320897692
259.6469731834486,43.14157553939293,9.309188917937687,-4.9730575734566225,-0.6063695914721734,-142.43568889658803
259.65874258336265,43.137096270794984,9.309913937152325,-4.972196053123727,-0.6049242788715614,-142.53490503011372
259.67050610619157,43.132611383960864,9.310637659440252,-4.971335072298163,-0.6034807148218431,-142.6341397539963
259.6822637657963,43.128120896936295,9.31136007542964,-4.970474636640786,-0.6020388912812193,-142.73339121267776
259.69401557605084,43.12362482776013,9.312081175748652,-4.96961475180693,-0.6005988002054352,-142.8326575506001
259.7057615508418,43.11912319446435,9.312800951025451,-4.968755423446382,-0.5991604335478018,-142.9319369122055
259.71750170406875,43.114616015073935,9.313519391888216,-4.967896657203416,-0.5977237832591735,-143.03122744193624
259.7292360496434,43.11010330760707,9.314236488965099,-4.9670384587168,-0.5962888412880116,-143.1305272842339
259.7409646014908,43.10558509007491,9.314952232884275,-4.966180833619784,-0.5948555995803251,-143.22983458354102
259.75268737354793,43.10106138048186,9.315666614273907,-4.9653237875401235,-0.5934240500797465,-143.32914748429943
259.76440437976487,43.096532196825315,9.316379623762165,-4.964467326100067,-0.5919941847274839,-143.42846413095143
259.7761156341039,43.0919975570958,9.317091251977214,-4.963611454916397,-0.590565995462371,-143.52778266793874
259.78782115053997,43.08745747927705,9.31780148954722,-4.962756179600397,-0.5891394742208511,-143.6271012397039
259.79952094306026,43.0829119813458,9.318510327100348,-4.961901505757885,-0.5877146129369988,-143.7264179906887
259.81121502566447,43.07836108127204,9.319217755264768,-4.961047438989214,-0.5862914035425315,-143.82573106533528
259.8229034123646,43.07380479701875,9.319923764668646,-4.96019398488927,-0.5848698379667987,-143.92503860808569
259.8345861171851,43.06924314654223,9.320628345940145,-4.95934114904749,-0.5834499081368143,-144.02433876338213
259.84626315416256,43.06467614779176,9.321331489707436,-4.958488937047861,-0.5820316059772495,-144.1236296756665
