galstreams/tracks/track.st.M92.thomas2020.ecsv
# %ECSV 1.0
# ---
# datatype:
# - {name: ra, unit: deg, datatype: float64}
# - {name: dec, unit: deg, datatype: float64}
# - {name: distance, unit: kpc, datatype: float64}
# - {name: pm_ra_cosdec, unit: mas / yr, datatype: float64}
# - {name: pm_dec, unit: mas / yr, datatype: float64}
# - {name: radial_velocity, unit: km / s, datatype: float64}
# delimiter: ','
# meta: !!omap
# - __serialized_columns__:
#     dec:
#       __class__: astropy.coordinates.angles.Latitude
#       unit: &id001 !astropy.units.Unit {unit: deg}
#       value: !astropy.table.SerializedColumn {name: dec}
#     distance:
#       __class__: astropy.coordinates.distances.Distance
#       unit: !astropy.units.Unit {unit: kpc}
#       value: !astropy.table.SerializedColumn {name: distance}
#     pm_dec:
#       __class__: astropy.units.quantity.Quantity
#       unit: !astropy.units.Unit {unit: mas / yr}
#       value: !astropy.table.SerializedColumn {name: pm_dec}
#     pm_ra_cosdec:
#       __class__: astropy.units.quantity.Quantity
#       unit: !astropy.units.Unit {unit: mas / yr}
#       value: !astropy.table.SerializedColumn {name: pm_ra_cosdec}
#     ra:
#       __class__: astropy.coordinates.angles.Longitude
#       unit: *id001
#       value: !astropy.table.SerializedColumn {name: ra}
#       wrap_angle: !astropy.coordinates.Angle
#         unit: *id001
#         value: 360.0
#     radial_velocity:
#       __class__: astropy.units.quantity.Quantity
#       unit: !astropy.units.Unit {unit: km / s}
#       value: !astropy.table.SerializedColumn {name: radial_velocity}
# schema: astropy-2.0
ra,dec,distance,pm_ra_cosdec,pm_dec,radial_velocity
[from data line 521]
257.37022768559285,42.81591840024467,8.300000000000002,0.0,0.0,0.0
257.38415412686027,42.81823608135275,8.300000000000002,0.0,0.0,0.0
257.39808017715126,42.820539077228766,8.3,0.0,0.0,0.0
257.41200582811217,42.82282740009884,8.3,0.0,0.0,0.0
257.42593107139834,42.825101062178334,8.3,0.0,0.0,0.0
257.43985589867447,42.82736007567181,8.3,0.0,0.0,0.0
257.4537803016141,42.82960445277315,8.3,0.0,0.0,0.0
257.46770427189995,42.83183420566544,8.3,0.0,0.0,0.0
257.4816278012239,42.83404934652105,8.3,0.0,0.0,0.0
257.49555088128716,42.83624988750162,8.3,0.0,0.0,0.0
257.5094735037997,42.83843584075815,8.3,0.0,0.0,0.0
257.5233956604807,42.84060721843087,8.3,0.0,0.0,0.0
257.5373173430589,42.84276403264934,8.3,0.0,0.0,0.0
257.55123854327167,42.84490629553247,8.3,0.0,0.0,0.0
257.5651592528659,42.847034019188484,8.300000000000002,0.0,0.0,0.0
257.57907946359757,42.84914721571497,8.3,0.0,0.0,0.0
257.5929991672318,42.85124589719888,8.3,0.0,0.0,0.0
257.60691835554303,42.8533300757165,8.300000000000002,0.0,0.0,0.0
257.6208370203148,42.85539976333353,8.3,0.0,0.0,0.0
257.63475515334,42.857454972105046,8.3,0.0,0.0,0.0
257.6486727464204,42.85949571407555,8.3,0.0,0.0,0.0
257.6625897913675,42.8615220012789,8.300000000000002,0.0,0.0,0.0
257.67650628000183,42.86353384573844,8.3,0.0,0.0,0.0
257.69042220415304,42.86553125946691,8.3,0.0,0.0,0.0
257.70433755566006,42.86751425446654,8.3,0.0,0.0,0.0
257.71825232637144,42.86948284272893,8.3,0.0,0.0,0.0
257.7321665081446,42.87143703623522,8.300000000000002,0.0,0.0,0.0
257.74608009284634,42.87337684695601,8.3,0.0,0.0,0.0
257.759993072353,42.87530228685139,8.3,0.0,0.0,0.0
257.77390543854995,42.87721336787093,8.3,0.0,0.0,0.0
257.78781718333187,42.87911010195372,8.3,0.0,0.0,0.0
257.801728298603,42.88099250102838,8.3,0.0,0.0,0.0
257.8156387762768,42.882860577013055,8.300000000000002,0.0,0.0,0.0
257.8295486082758,42.884714341815425,8.3,0.0,0.0,0.0
257.84345778653227,42.88655380733273,8.3,0.0,0.0,0.0
257.8573663029877,42.88837898545177,8.300000000000002,0.0,0.0,0.0
257.8712741495929,42.89018988804892,8.3,0.0,0.0,0.0
257.88518131830796,42.89198652699017,8.3,0.0,0.0,0.0
257.89908780110255,42.89376891413103,8.300000000000002,0.0,0.0,0.0
257.91299358995565,42.895537061316695,8.3,0.0,0.0,0.0
257.9268986768554,42.89729098038193,8.3,0.0,0.0,0.0
257.9408030537998,42.89903068315115,8.300000000000002,0.0,0.0,0.0
257.9547067127959,42.90075618143841,8.300000000000002,0.0,0.0,0.0
257.96860964586017,42.90246748704739,8.300000000000002,0.0,0.0,0.0
257.9825118450188,42.90416461177146,8.3,0.0,0.0,0.0
257.99641330230713,42.90584756739365,8.3,0.0,0.0,0.0
258.0103140097699,42.907516365686675,8.3,0.0,0.0,0.0
258.02421395946163,42.90917101841292,8.3,0.0,0.0,0.0
258.03811314344597,42.910811537324506,8.3,0.0,0.0,0.0
258.05201155379615,42.91243793416326,8.300000000000002,0.0,0.0,0.0
258.06590918259485,42.91405022066071,8.300000000000002,0.0,0.0,0.0
258.0798060219343,42.91564840853816,8.3,0.0,0.0,0.0
258.09370206391617,42.91723250950661,8.3,0.0,0.0,0.0
258.1075973006515,42.91880253526688,8.300000000000002,0.0,0.0,0.0
258.121491724261,42.92035849750949,8.300000000000002,0.0,0.0,0.0
258.1353853268749,42.9219004079148,8.3,0.0,0.0,0.0
258.14927810063267,42.923428278152926,8.300000000000002,0.0,0.0,0.0
258.1631700376836,42.92494211988379,8.300000000000002,0.0,0.0,0.0
258.1770611301865,42.9264419447571,8.3,0.0,0.0,0.0
258.1909513703094,42.92792776441245,8.3,0.0,0.0,0.0
258.20484075023023,42.9293995904792,8.3,0.0,0.0,0.0
258.21872926213626,42.93085743457658,8.3,0.0,0.0,0.0
258.2326168982244,42.932301308313704,8.3,0.0,0.0,0.0
258.2465036507011,42.93373122328949,8.300000000000002,0.0,0.0,0.0
258.2603895117824,42.93514719109278,8.300000000000002,0.0,0.0,0.0
258.2742744736938,42.93654922330227,8.3,0.0,0.0,0.0
258.2881585286704,42.93793733148657,8.3,0.0,0.0,0.0
258.3020416689572,42.93931152720422,8.3,0.0,0.0,0.0
258.3159238868085,42.94067182200364,8.300000000000002,0.0,0.0,0.0
258.32980517448794,42.94201822742317,8.300000000000002,0.0,0.0,0.0
258.34368552426946,42.943350754991144,8.300000000000002,0.0,0.0,0.0
258.3575649284361,42.94466941622579,8.300000000000002,0.0,0.0,0.0
258.3714433792805,42.94597422263534,8.3,0.0,0.0,0.0
258.3853208691053,42.94726518571798,8.300000000000002,0.0,0.0,0.0
258.3991973902226,42.948542316961884,8.3,0.0,0.0,0.0
258.4130729349538,42.9498056278452,8.300000000000002,0.0,0.0,0.0
258.42694749563054,42.9510551298361,8.300000000000002,0.0,0.0,0.0
258.44082106459365,42.95229083439277,8.3,0.0,0.0,0.0
258.4546936341939,42.95351275296341,8.299999999999999,0.0,0.0,0.0
258.4685651967914,42.95472089698628,8.3,0.0,0.0,0.0
258.48243574475646,42.95591527788966,8.3,0.0,0.0,0.0
258.4963052704685,42.957095907091905,8.300000000000002,0.0,0.0,0.0
258.5101737663169,42.958262796001435,8.3,0.0,0.0,0.0
258.5240412247008,42.95941595601674,8.300000000000002,0.0,0.0,0.0
258.5379076380289,42.9605553985264,8.299999999999999,0.0,0.0,0.0
258.55177299871957,42.96168113490912,8.3,0.0,0.0,0.0
258.56563729920106,42.962793176533694,8.3,0.0,0.0,0.0
258.5795005319112,42.96389153475904,8.299999999999999,0.0,0.0,0.0
258.5933626892974,42.96497622093422,8.3,0.0,0.0,0.0
258.6072237638173,42.966047246398425,8.299999999999999,0.0,0.0,0.0
258.62108374793763,42.96710462248102,8.300000000000002,0.0,0.0,0.0
258.6349426341352,42.968148360501516,8.3,0.0,0.0,0.0
258.6488004148967,42.96917847176958,8.300000000000002,0.0,0.0,0.0
258.6626570827182,42.970194967585144,8.3,0.0,0.0,0.0
258.67651263010583,42.971197859238245,8.300000000000002,0.0,0.0,0.0
258.69036704957523,42.97218715800919,8.3,0.0,0.0,0.0
258.7042203336521,42.973162875168484,8.300000000000002,0.0,0.0,0.0
258.71807247487163,42.97412502197684,8.3,0.0,0.0,0.0
258.73192346577883,42.97507360968526,8.3,0.0,0.0,0.0
258.7457732989287,42.97600864953494,8.3,0.0,0.0,0.0
258.75962196688585,42.976930152757376,8.3,0.0,0.0,0.0
258.77346946222457,42.97783813057434,8.3,0.0,0.0,0.0
258.7873157775293,42.97873259419786,8.300000000000002,0.0,0.0,0.0
258.80116090539394,42.979613554830266,8.300000000000002,0.0,0.0,0.0
258.8150048384223,42.980481023664225,8.3,0.0,0.0,0.0
258.82884756922806,42.98133501188266,8.300000000000002,0.0,0.0,0.0
258.8426890904347,42.982175530658864,8.300000000000002,0.0,0.0,0.0
258.85652939467553,42.983002591156456,8.3,0.0,0.0,0.0
258.8703684745936,42.983816204529404,8.299999999999999,0.0,0.0,0.0
258.8842063228419,42.984616381921995,8.3,0.0,0.0,0.0
258.8980429320832,42.985403134468974,8.3,0.0,0.0,0.0
258.9118782949899,42.98617647329538,8.300000000000002,0.0,0.0,0.0
258.9257124042448,42.98693640951669,8.300000000000002,0.0,0.0,0.0
258.9395452525401,42.987682954238736,8.3,0.0,0.0,0.0
258.9533768325778,42.98841611855781,8.3,0.0,0.0,0.0
258.96720713707015,42.98913591356061,8.3,0.0,0.0,0.0
258.98103615873896,42.98984235032426,8.300000000000002,0.0,0.0,0.0
258.9948638903159,42.99053543991632,8.3,0.0,0.0,0.0
259.00869032454284,42.99121519339482,8.3,0.0,0.0,0.0
259.02251545417107,42.99188162180828,8.3,0.0,0.0,0.0
259.03633927196205,42.99253473619561,8.3,0.0,0.0,0.0
259.050161770687,42.99317454758632,8.300000000000002,0.0,0.0,0.0
259.06398294312726,42.99380106700032,8.299999999999999,0.0,0.0,0.0
259.07780278207383,42.99441430544808,8.300000000000002,0.0,0.0,0.0
259.0916212803276,42.99501427393058,8.300000000000002,0.0,0.0,0.0
259.1054384306996,42.995600983439324,8.300000000000002,0.0,0.0,0.0
259.1192542260105,42.99617444495635,8.300000000000002,0.0,0.0,0.0
259.13306865909095,42.99673466945426,8.3,0.0,0.0,0.0
259.14688172278176,42.9972816678962,8.3,0.0,0.0,0.0
259.1606934099334,42.997815451235944,8.300000000000002,0.0,0.0,0.0
259.1745037134062,42.99833603041776,8.3,0.0,0.0,0.0
259.18831262607074,42.99884341637655,8.300000000000002,0.0,0.0,0.0
259.20212014080715,42.99933762003785,8.300000000000002,0.0,0.0,0.0
259.21592625050596,42.999818652317764,8.3,0.0,0.0,0.0
259.2297309480671,43.00028652412307,8.300000000000002,0.0,0.0,0.0
259.24353422640087,43.00074124635113,8.3,0.0,0.0,0.0
259.25733607842744,43.00118282988997,8.300000000000002,0.0,0.0,0.0
259.27113649707667,43.00161128561832,8.3,0.0,0.0,0.0
259.28493547528876,43.00202662440551,8.300000000000002,0.0,0.0,0.0
259.29873300601366,43.00242885711159,8.3,0.0,0.0,0.0
259.3125290822112,43.00281799458729,8.3,0.0,0.0,0.0
259.3263236968514,43.00319404767402,8.3,0.0,0.0,0.0
259.3401168429141,43.00355702720395,8.300000000000002,0.0,0.0,0.0
259.3539085133891,43.00390694399993,8.3,0.0,0.0,0.0
259.3676987012763,43.00424380887555,8.3,0.0,0.0,0.0
259.3814873995856,43.004567632635144,8.3,0.0,0.0,0.0
259.39527460133667,43.00487842607383,8.3,0.0,0.0,0.0
259.4090602995593,43.00517619997746,8.300000000000002,0.0,0.0,0.0
259.42284448729345,43.00546096512265,8.300000000000002,0.0,0.0,0.0
259.4366271575887,43.00573273227683,8.3,0.0,0.0,0.0
259.45040830350496,43.00599151219822,8.3,0.0,0.0,0.0
259.4641879181119,43.00623731563583,8.300000000000002,0.0,0.0,0.0
259.47796599448947,43.00647015332952,8.3,0.0,0.0,0.0
259.4917425257274,43.00669003600996,8.3,0.0,0.0,0.0
259.5055175049255,43.00689697439865,8.3,0.0,0.0,0.0
259.51929092519356,43.00709097920796,8.300000000000002,0.0,0.0,0.0
259.5330627796515,43.0072720611411,8.300000000000002,0.0,0.0,0.0
259.54683306142914,43.00744023089219,8.3,0.0,0.0,0.0
259.5606017636665,43.00759549914619,8.3,0.0,0.0,0.0
259.5743688795133,43.00773787657898,8.3,0.0,0.0,0.0
259.5881344021297,43.00786737385731,8.3,0.0,0.0,0.0
259.6018983246855,43.00798400163892,8.300000000000002,0.0,0.0,0.0
259.61566064036094,43.008087770572374,8.3,0.0,0.0,0.0
259.62942134234595,43.008178691297246,8.3,0.0,0.0,0.0
259.6431804238406,43.008256774444035,8.3,0.0,0.0,0.0
259.6569378780552,43.00832203063419,8.3,0.0,0.0,0.0
259.67069369820985,43.00837447048014,8.3,0.0,0.0,0.0
259.6844478775348,43.00841410458529,8.3,0.0,0.0,0.0
259.6982004092704,43.008440943544024,8.3,0.0,0.0,0.0
259.711951286667,43.008454997941755,8.3,0.0,0.0,0.0
259.725700502985,43.00845627835486,8.300000000000002,0.0,0.0,0.0
259.73944805149495,43.00844479535078,8.3,0.0,0.0,0.0
259.7531939254773,43.008420559487995,8.3,0.0,0.0,0.0
259.7669381182227,43.008383581315954,8.3,0.0,0.0,0.0
259.7806806230319,43.00833387137525,8.3,0.0,0.0,0.0
259.7944214332156,43.00827144019751,8.300000000000002,0.0,0.0,0.0
259.8081605420946,43.008196298305414,8.3,0.0,0.0,0.0
259.82189794299984,43.00810845621274,8.300000000000002,0.0,0.0,0.0
259.8356336292723,43.00800792442439,8.299999999999999,0.0,0.0,0.0
259.849367594263,43.00789471343633,8.3,0.0,0.0,0.0
259.86309983133316,43.00776883373568,8.3,0.0,0.0,0.0
259.87683033385395,43.007630295800666,8.3,0.0,0.0,0.0
259.89055909520664,43.007479110100654,8.3,0.0,0.0,0.0
259.90428610878274,43.00731528709619,8.300000000000002,0.0,0.0,0.0
259.9180113679837,43.00713883723894,8.3,0.0,0.0,0.0
259.931734866221,43.00694977097178,8.300000000000002,0.0,0.0,0.0
259.94545659691653,43.006748098728735,8.3,0.0,0.0,0.0
259.9591765535019,43.00653383093505,8.299999999999999,0.0,0.0,0.0
259.9728947294191,43.00630697800715,8.3,0.0,0.0,0.0
259.98661111812004,43.006067550352704,8.3,0.0,0.0,0.0
260.0003257130668,43.00581555837057,8.3,0.0,0.0,0.0
260.0140385077316,43.005551012450894,8.3,0.0,0.0,0.0
260.02774949559665,43.005273922975015,8.300000000000002,0.0,0.0,0.0
260.0414586701545,43.00498430031555,8.299999999999999,0.0,0.0,0.0
260.0551660249075,43.004682154836395,8.300000000000002,0.0,0.0,0.0
260.06887155336847,43.00436749689272,8.300000000000002,0.0,0.0,0.0
260.08257524905997,43.004040336830975,8.3,0.0,0.0,0.0
260.09627710551484,43.00370068498892,8.3,0.0,0.0,0.0
260.1099771162761,43.003348551695645,8.3,0.0,0.0,0.0
260.1236752748969,43.00298394727152,8.3,0.0,0.0,0.0
260.1373715749404,43.00260688202825,8.3,0.0,0.0,0.0
260.15106600997984,43.00221736626894,8.3,0.0,0.0,0.0
260.16475857359876,43.001815410287996,8.3,0.0,0.0,0.0
260.17844925939073,43.00140102437122,8.3,0.0,0.0,0.0
260.1921380609594,43.00097421879575,8.3,0.0,0.0,0.0
260.20582497191856,43.00053500383015,8.300000000000002,0.0,0.0,0.0
260.2195099858922,43.00008338973437,8.3,0.0,0.0,0.0
260.23319309651447,42.999619386759754,8.300000000000002,0.0,0.0,0.0
260.2468742974295,42.9991430051491,8.3,0.0,0.0,0.0
260.2605535822916,42.99865425513659,8.300000000000002,0.0,0.0,0.0
260.27423094476535,42.99815314694787,8.300000000000002,0.0,0.0,0.0
260.2879063785252,42.99763969080004,8.3,0.0,0.0,0.0
260.301579877256,42.99711389690166,8.3,0.0,0.0,0.0
260.3152514346526,42.99657577545275,8.3,0.0,0.0,0.0
260.32892104442004,42.99602533664482,8.3,0.0,0.0,0.0
260.34258870027344,42.99546259066091,8.3,0.0,0.0,0.0
260.3562543959381,42.994887547675475,8.3,0.0,0.0,0.0
260.3699181251494,42.994300217854594,8.3,0.0,0.0,0.0
260.38357988165296,42.99370061135579,8.3,0.0,0.0,0.0
260.39723965920456,42.99308873832817,8.300000000000002,0.0,0.0,0.0
260.4108974515699,42.99246460891236,8.300000000000002,0.0,0.0,0.0
260.4245532525251,42.99182823324055,8.299999999999999,0.0,0.0,0.0
260.43820705585625,42.99117962143654,8.3,0.0,0.0,0.0
260.4518588553596,42.99051878361561,8.3,0.0,0.0,0.0
260.4655086448417,42.989845729884784,8.300000000000002,0.0,0.0,0.0
260.479156418119,42.989160470342526,8.3,0.0,0.0,0.0
260.4928021690182,42.98846301507903,8.299999999999999,0.0,0.0,0.0
260.50644589137636,42.98775337417606,8.300000000000002,0.0,0.0,0.0
260.5200875790403,42.98703155770701,8.300000000000002,0.0,0.0,0.0
260.5337272258673,42.986297575736934,8.3,0.0,0.0,0.0
260.5473648257247,42.98555143832257,8.300000000000002,0.0,0.0,0.0
260.5610003724899,42.98479315551224,8.300000000000002,0.0,0.0,0.0
260.5746338600505,42.98402273734603,8.3,0.0,0.0,0.0
260.58826528230423,42.98324019385567,8.3,0.0,0.0,0.0
260.60189463315913,42.98244553506461,8.3,0.0,0.0,0.0
260.6155219065332,42.98163877098797,8.300000000000002,0.0,0.0,0.0
260.62914709635464,42.980819911632636,8.300000000000002,0.0,0.0,0.0
260.64277019656186,42.97998896699719,8.3,0.0,0.0,0.0
260.65639120110336,42.97914594707199,8.3,0.0,0.0,0.0
260.6700101039378,42.9782908618391,8.3,0.0,0.0,0.0
260.68362689903404,42.97742372127239,8.3,0.0,0.0,0.0
260.6972415803709,42.97654453533749,8.3,0.0,0.0,0.0
260.71085414193783,42.975653313991806,8.299999999999999,0.0,0.0,0.0
260.72446457773384,42.97475006718454,8.3,0.0,0.0,0.0
260.73807288176846,42.97383480485672,8.300000000000002,0.0,0.0,0.0
260.75167904806125,42.972907536941165,8.300000000000002,0.0,0.0,0.0
260.76528307064194,42.97196827336253,8.3,0.0,0.0,0.0
260.77888494355045,42.97101702403732,8.3,0.0,0.0,0.0
260.79248466083686,42.970053798873884,8.3,0.0,0.0,0.0
260.8060822165613,42.96907860777243,8.3,0.0,0.0,0.0
260.8196776047941,42.968091460625025,8.3,0.0,0.0,0.0
260.8332708196159,42.96709236731563,8.299999999999999,0.0,0.0,0.0
260.84686185511714,42.9660813377201,8.3,0.0,0.0,0.0
260.8604507053988,42.96505838170619,8.3,0.0,0.0,0.0
260.87403736457173,42.96402350913356,8.3,0.0,0.0,0.0
260.8876218267571,42.96297672985383,8.300000000000002,0.0,0.0,0.0
260.9012040860861,42.9619180537105,8.3,0.0,0.0,0.0
260.9147841367003,42.96084749053907,8.3,0.0,0.0,0.0
260.928361972751,42.959765050166936,8.3,0.0,0.0,0.0
260.94193758840015,42.95867074241354,8.3,0.0,0.0,0.0
260.9555109778194,42.95756457709024,8.300000000000002,0.0,0.0,0.0
260.9690821351909,42.95644656400042,8.300000000000002,0.0,0.0,0.0
260.9826510547067,42.95531671293944,8.300000000000002,0.0,0.0,0.0
260.9962177305692,42.95417503369468,8.3,0.0,0.0,0.0
261.00978215699075,42.95302153604556,8.300000000000002,0.0,0.0,0.0
261.023344328194,42.95185622976349,8.300000000000002,0.0,0.0,0.0
261.03690423841164,42.95067912461197,8.3,0.0,0.0,0.0
261.05046188188663,42.94949023034655,8.299999999999999,0.0,0.0,0.0
261.06401725287196,42.94828955671478,8.299999999999999,0.0,0.0,0.0
261.07757034563076,42.947077113456395,8.299999999999999,0.0,0.0,0.0
261.09112115443645,42.94585291030312,8.299999999999999,0.0,0.0,0.0
261.1046696735724,42.944616956978834,8.299999999999999,0.0,0.0,0.0
261.11821589733216,42.943369263199486,8.299999999999999,0.0,0.0,0.0
261.1317598200196,42.9421098386732,8.299999999999999,0.0,0.0,0.0
