galstreams/tracks/track.po.PS1-E.bernard2016.ecsv
# %ECSV 1.0
# ---
# datatype:
# - {name: ra, unit: deg, datatype: float64}
# - {name: dec, unit: deg, datatype: float64}
# - {name: distance, unit: kpc, datatype: float64}
# - {name: pm_ra_cosdec, unit: mas / yr, datatype: float64}
# - {name: pm_dec, unit: mas / yr, datatype: float64}
# - {name: radial_velocity, unit: km / s, datatype: float64}
# delimiter: ','
# meta: !!omap
# - __serialized_columns__:
#     dec:
#       __class__: astropy.coordinates.angles.Latitude
#       unit: &id001 !astropy.units.Unit {unit: deg}
#       value: !astropy.table.SerializedColumn {name: dec}
#     distance:
#       __class__: astropy.coordinates.distances.Distance
#       unit: !astropy.units.Unit {unit: kpc}
#       value: !astropy.table.SerializedColumn {name: distance}
#     pm_dec:
#       __class__: astropy.units.quantity.Quantity
#       unit: !astropy.units.Unit {unit: mas / yr}
#       value: !astropy.table.SerializedColumn {name: pm_dec}
#     pm_ra_cosdec:
#       __class__: astropy.units.quantity.Quantity
#       unit: !astropy.units.Unit {unit: mas / yr}
#       value: !astropy.table.SerializedColumn {name: pm_ra_cosdec}
#     ra:
#       __class__: astropy.coordinates.angles.Longitude
#       unit: *id001
#       value: !astropy.table.SerializedColumn {name: ra}
#       wrap_angle: !astropy.coordinates.Angle
#         unit: *id001
#         value: 360.0
#     radial_velocity:
#       __class__: astropy.units.quantity.Quantity
#       unit: !astropy.units.Unit {unit: km / s}
#       value: !astropy.table.SerializedColumn {name: radial_velocity}
# schema: astropy-2.0
ra,dec,distance,pm_ra_cosdec,pm_dec,radial_velocity
[from data line 1189]
172.36384343099553,55.217105073127485,12.599999999999989,0.0,0.0,0.0
172.37634256076265,55.224122716818236,12.599999999999989,0.0,0.0,0.0
172.38884610023564,55.23113908261678,12.59999999999999,0.0,0.0,0.0
172.40135405131977,55.238154169738095,12.599999999999987,0.0,0.0,0.0
172.4138664159204,55.24516797739656,12.599999999999987,0.0,0.0,0.0
172.42638319594323,55.25218050480619,12.59999999999999,0.0,0.0,0.0
172.4389043932941,55.259191751180424,12.599999999999985,0.0,0.0,0.0
172.45143000987912,55.26620171573229,12.599999999999989,0.0,0.0,0.0
172.46396004760456,55.27321039767429,12.599999999999989,0.0,0.0,0.0
172.47649450837673,55.280217796218366,12.599999999999989,0.0,0.0,0.0
172.4890333941023,55.28722391057608,12.599999999999989,0.0,0.0,0.0
172.50157670668816,55.29422873995848,12.599999999999985,0.0,0.0,0.0
172.5141244480413,55.30123228357608,12.599999999999989,0.0,0.0,0.0
172.52667662006886,55.30823454063894,12.599999999999989,0.0,0.0,0.0
172.53923322467838,55.31523551035668,12.599999999999985,0.0,0.0,0.0
172.55179426377725,55.322235191938276,12.599999999999989,0.0,0.0,0.0
172.5643597392733,55.32923358459236,12.599999999999989,0.0,0.0,0.0
172.57692965307447,55.336230687527014,12.599999999999989,0.0,0.0,0.0
172.5895040070889,55.34322649994985,12.599999999999987,0.0,0.0,0.0
172.60208280322485,55.35022102106799,12.599999999999989,0.0,0.0,0.0
172.61466604339088,55.35721425008807,12.599999999999989,0.0,0.0,0.0
172.62725372949552,55.364206186216165,12.599999999999987,0.0,0.0,0.0
172.63984586344762,55.37119682865792,12.599999999999989,0.0,0.0,0.0
172.65244244715623,55.37818617661853,12.59999999999999,0.0,0.0,0.0
172.66504348253045,55.385174229302606,12.599999999999987,0.0,0.0,0.0
172.67764897147973,55.39216098591433,12.599999999999989,0.0,0.0,0.0
172.69025891591357,55.39914644565742,12.599999999999989,0.0,0.0,0.0
172.70287331774148,55.40613060773498,12.599999999999989,0.0,0.0,0.0
172.71549217887346,55.4131134713497,12.599999999999985,0.0,0.0,0.0
172.72811550121943,55.42009503570382,12.599999999999987,0.0,0.0,0.0
172.74074328668962,55.42707529999902,12.599999999999989,0.0,0.0,0.0
172.75337553719433,55.4340542634365,12.599999999999989,0.0,0.0,0.0
172.76601225464412,55.44103192521703,12.599999999999989,0.0,0.0,0.0
172.77865344094954,55.44800828454075,12.599999999999989,0.0,0.0,0.0
172.79129909802137,55.45498334060742,12.599999999999987,0.0,0.0,0.0
172.80394922777066,55.46195709261629,12.599999999999989,0.0,0.0,0.0
172.81660383210846,55.46892953976607,12.599999999999987,0.0,0.0,0.0
172.82926291294615,55.475900681255084,12.599999999999989,0.0,0.0,0.0
172.84192647219496,55.482870516280975,12.599999999999989,0.0,0.0,0.0
172.85459451176655,55.48983904404104,12.599999999999989,0.0,0.0,0.0
172.86726703357263,55.49680626373206,12.599999999999987,0.0,0.0,0.0
172.87994403952504,55.5037721745503,12.599999999999987,0.0,0.0,0.0
172.89262553153583,55.51073677569151,12.599999999999989,0.0,0.0,0.0
172.9053115115171,55.51770006635103,12.599999999999989,0.0,0.0,0.0
172.91800198138114,55.524662045723545,12.599999999999989,0.0,0.0,0.0
172.93069694304035,55.53162271300339,12.599999999999989,0.0,0.0,0.0
172.9433963984073,55.53858206738433,12.599999999999989,0.0,0.0,0.0
172.95610034939466,55.5455401080597,12.599999999999987,0.0,0.0,0.0
172.96880879791533,55.55249683422226,12.599999999999989,0.0,0.0,0.0
172.98152174588233,55.55945224506438,12.599999999999987,0.0,0.0,0.0
172.99423919520856,55.56640633977775,12.599999999999989,0.0,0.0,0.0
173.0069611478074,55.573359117553736,12.599999999999989,0.0,0.0,0.0
173.0196876055921,55.58031057758314,12.599999999999989,0.0,0.0,0.0
173.03241857047624,55.58726071905629,12.599999999999987,0.0,0.0,0.0
173.0451540443734,55.59420954116297,12.599999999999989,0.0,0.0,0.0
173.05789402919734,55.60115704309255,12.599999999999989,0.0,0.0,0.0
173.0706385268618,55.60810322403377,12.599999999999989,0.0,0.0,0.0
173.08338753928084,55.615048083175004,12.599999999999989,0.0,0.0,0.0
173.09614106836855,55.62199161970406,12.599999999999989,0.0,0.0,0.0
173.10889911603908,55.628933832808265,12.599999999999989,0.0,0.0,0.0
173.12166168420686,55.635874721674426,12.599999999999989,0.0,0.0,0.0
173.13442877478622,55.64281428548888,12.599999999999989,0.0,0.0,0.0
173.1472003896918,55.64975252343748,12.599999999999987,0.0,0.0,0.0
173.15997653083815,55.656689434705505,12.599999999999989,0.0,0.0,0.0
173.17275720014015,55.663625018477816,12.599999999999987,0.0,0.0,0.0
173.18554239951263,55.670559273938736,12.599999999999989,0.0,0.0,0.0
173.19833213087057,55.67749220027208,12.599999999999989,0.0,0.0,0.0
173.21112639612906,55.68442379666118,12.599999999999989,0.0,0.0,0.0
173.2239251972033,55.691354062288866,12.599999999999989,0.0,0.0,0.0
173.2367285360086,55.69828299633748,12.599999999999989,0.0,0.0,0.0
173.2495364144603,55.70521059798883,12.599999999999987,0.0,0.0,0.0
173.26234883447393,55.712136866424245,12.599999999999989,0.0,0.0,0.0
173.275165797965,55.71906180082456,12.599999999999987,0.0,0.0,0.0
173.2879873068493,55.72598540037009,12.599999999999987,0.0,0.0,0.0
173.30081336304252,55.73290766424066,12.599999999999989,0.0,0.0,0.0
173.31364396846055,55.73982859161559,12.599999999999985,0.0,0.0,0.0
173.32647912501935,55.74674818167371,12.599999999999989,0.0,0.0,0.0
173.33931883463492,55.75366643359331,12.599999999999989,0.0,0.0,0.0
173.35216309922342,55.76058334655223,12.599999999999989,0.0,0.0,0.0
173.36501192070105,55.76749891972777,12.599999999999989,0.0,0.0,0.0
173.37786530098404,55.77441315229675,12.599999999999989,0.0,0.0,0.0
173.39072324198884,55.78132604343547,12.599999999999989,0.0,0.0,0.0
173.40358574563191,55.788237592319746,12.599999999999989,0.0,0.0,0.0
173.41645281382972,55.795147798124866,12.599999999999989,0.0,0.0,0.0
173.42932444849887,55.802056660025634,12.599999999999989,0.0,0.0,0.0
173.44220065155608,55.808964177196344,12.59999999999999,0.0,0.0,0.0
173.45508142491806,55.815870348810776,12.599999999999989,0.0,0.0,0.0
173.46796677050168,55.82277517404225,12.599999999999987,0.0,0.0,0.0
173.4808566902238,55.829678652063514,12.599999999999987,0.0,0.0,0.0
173.49375118600136,55.83658078204687,12.599999999999989,0.0,0.0,0.0
173.50665025975138,55.84348156316409,12.599999999999989,0.0,0.0,0.0
173.51955391339095,55.85038099458643,12.599999999999989,0.0,0.0,0.0
173.53246214883728,55.857279075484676,12.599999999999989,0.0,0.0,0.0
173.54537496800748,55.86417580502908,12.599999999999987,0.0,0.0,0.0
173.55829237281887,55.87107118238939,12.599999999999987,0.0,0.0,0.0
173.57121436518875,55.87796520673488,12.599999999999989,0.0,0.0,0.0
173.58414094703454,55.88485787723427,12.599999999999989,0.0,0.0,0.0
173.5970721202736,55.89174919305581,12.599999999999987,0.0,0.0,0.0
173.61000788682347,55.89863915336723,12.599999999999989,0.0,0.0,0.0
173.62294824860166,55.90552775733577,12.599999999999989,0.0,0.0,0.0
173.63589320752575,55.91241500412813,12.599999999999987,0.0,0.0,0.0
173.64884276551336,55.91930089291054,12.599999999999989,0.0,0.0,0.0
173.66179692448216,55.92618542284872,12.599999999999989,0.0,0.0,0.0
173.6747556863499,55.93306859310785,12.599999999999989,0.0,0.0,0.0
173.68771905303427,55.939950402852624,12.599999999999989,0.0,0.0,0.0
173.7006870264531,55.94683085124725,12.599999999999985,0.0,0.0,0.0
173.71365960852424,55.9537099374554,12.599999999999989,0.0,0.0,0.0
173.7266368011655,55.96058766064025,12.599999999999989,0.0,0.0,0.0
173.73961860629484,55.96746401996446,12.599999999999987,0.0,0.0,0.0
173.75260502583015,55.974339014590186,12.599999999999989,0.0,0.0,0.0
173.7655960616894,55.981212643679086,12.599999999999989,0.0,0.0,0.0
173.77859171579058,55.988084906392295,12.599999999999987,0.0,0.0,0.0
173.79159199005173,55.994955801890455,12.599999999999989,0.0,0.0,0.0
173.80459688639084,56.001825329333684,12.599999999999987,0.0,0.0,0.0
173.81760640672601,56.0086934878816,12.599999999999987,0.0,0.0,0.0
173.83062055297538,56.015560276693314,12.59999999999999,0.0,0.0,0.0
173.84363932705693,56.02242569492742,12.59999999999999,0.0,0.0,0.0
173.85666273088887,56.029289741742005,12.599999999999987,0.0,0.0,0.0
173.8696907663893,56.03615241629466,12.599999999999989,0.0,0.0,0.0
173.8827234354764,56.04301371774245,12.599999999999989,0.0,0.0,0.0
173.89576074006834,56.04987364524193,12.59999999999999,0.0,0.0,0.0
173.90880268208326,56.05673219794915,12.599999999999989,0.0,0.0,0.0
173.92184926343936,56.06358937501967,12.599999999999989,0.0,0.0,0.0
173.9349004860548,56.07044517560849,12.599999999999987,0.0,0.0,0.0
173.9479563518478,56.077299598870155,12.599999999999989,0.0,0.0,0.0
173.96101686273656,56.08415264395867,12.599999999999989,0.0,0.0,0.0
173.97408202063932,56.09100431002752,12.599999999999989,0.0,0.0,0.0
173.98715182747418,56.0978545962297,12.599999999999989,0.0,0.0,0.0
174.00022628515936,56.104703501717694,12.599999999999987,0.0,0.0,0.0
174.01330539561312,56.11155102564347,12.599999999999987,0.0,0.0,0.0
174.02638916075355,56.11839716715847,12.599999999999985,0.0,0.0,0.0
174.0394775824989,56.12524192541364,12.599999999999989,0.0,0.0,0.0
174.05257066276727,56.132085299559414,12.599999999999989,0.0,0.0,0.0
174.06566840347685,56.1389272887457,12.599999999999989,0.0,0.0,0.0
174.07877080654578,56.14576789212191,12.59999999999999,0.0,0.0,0.0
174.09187787389214,56.152607108836946,12.599999999999989,0.0,0.0,0.0
174.10498960743408,56.15944493803919,12.599999999999987,0.0,0.0,0.0
174.11810600908964,56.166281378876484,12.599999999999985,0.0,0.0,0.0
174.13122708077697,56.173116430496215,12.599999999999989,0.0,0.0,0.0
174.14435282441397,56.17995009204522,12.599999999999989,0.0,0.0,0.0
174.15748324191875,56.18678236266982,12.599999999999987,0.0,0.0,0.0
174.17061833520927,56.19361324151582,12.599999999999987,0.0,0.0,0.0
174.1837581062035,56.20044272772856,12.599999999999989,0.0,0.0,0.0
174.19690255681937,56.207270820452806,12.599999999999989,0.0,0.0,0.0
174.21005168897474,56.21409751883282,12.599999999999989,0.0,0.0,0.0
174.22320550458747,56.22092282201239,12.599999999999989,0.0,0.0,0.0
174.2363640055754,56.22774672913475,12.599999999999989,0.0,0.0,0.0
174.24952719385632,56.23456923934263,12.599999999999989,0.0,0.0,0.0
174.26269507134796,56.24139035177826,12.599999999999989,0.0,0.0,0.0
174.27586763996797,56.24821006558333,12.599999999999987,0.0,0.0,0.0
174.28904490163407,56.25502837989905,12.599999999999989,0.0,0.0,0.0
174.30222685826385,56.26184529386607,12.599999999999989,0.0,0.0,0.0
174.31541351177484,56.26866080662456,12.599999999999989,0.0,0.0,0.0
174.32860486408458,56.275474917314156,12.599999999999987,0.0,0.0,0.0
174.34180091711048,56.28228762507401,12.599999999999989,0.0,0.0,0.0
174.35500167277,56.28909892904271,12.599999999999989,0.0,0.0,0.0
174.36820713298042,56.295908828358364,12.59999999999999,0.0,0.0,0.0
174.38141729965906,56.30271732215853,12.599999999999989,0.0,0.0,0.0
174.39463217472314,56.3095244095803,12.599999999999989,0.0,0.0,0.0
174.4078517600898,56.31633008976021,12.599999999999989,0.0,0.0,0.0
174.4210760576762,56.32313436183429,12.599999999999987,0.0,0.0,0.0
174.4343050693993,56.32993722493807,12.599999999999989,0.0,0.0,0.0
174.4475387971761,56.33673867820653,12.59999999999999,0.0,0.0,0.0
174.46077724292348,56.34353872077416,12.59999999999999,0.0,0.0,0.0
174.47402040855826,56.350337351774925,12.599999999999989,0.0,0.0,0.0
174.48726829599718,56.35713457034227,12.599999999999989,0.0,0.0,0.0
174.50052090715693,56.363930375609115,12.599999999999993,0.0,0.0,0.0
174.51377824395405,56.37072476670788,12.59999999999999,0.0,0.0,0.0
174.52704030830512,56.37751774277048,12.599999999999993,0.0,0.0,0.0
174.5403071021265,56.38430930292825,12.59999999999999,0.0,0.0,0.0
174.55357862733456,56.39109944631207,12.599999999999989,0.0,0.0,0.0
174.5668548858456,56.397888172052276,12.599999999999989,0.0,0.0,0.0
174.58013587957572,56.4046754792787,12.59999999999999,0.0,0.0,0.0
174.59342161044103,56.41146136712064,12.59999999999999,0.0,0.0,0.0
174.60671208035748,56.41824583470686,12.599999999999989,0.0,0.0,0.0
174.620007291241,56.42502888116566,12.599999999999993,0.0,0.0,0.0
174.6333072450074,56.43181050562476,12.599999999999989,0.0,0.0,0.0
174.6466119435723,56.43859070721139,12.59999999999999,0.0,0.0,0.0
174.65992138885136,56.445369485052275,12.599999999999989,0.0,0.0,0.0
174.67323558276004,56.452146838273585,12.599999999999989,0.0,0.0,0.0
174.68655452721373,56.45892276600099,12.599999999999989,0.0,0.0,0.0
174.6998782241277,56.46569726735965,12.599999999999993,0.0,0.0,0.0
174.71320667541713,56.47247034147419,12.599999999999993,0.0,0.0,0.0
174.7265398829971,56.47924198746871,12.59999999999999,0.0,0.0,0.0
174.73987784878247,56.48601220446681,12.59999999999999,0.0,0.0,0.0
174.75322057468819,56.49278099159156,12.59999999999999,0.0,0.0,0.0
174.76656806262886,56.499548347965494,12.599999999999989,0.0,0.0,0.0
174.77992031451916,56.506314272710654,12.59999999999999,0.0,0.0,0.0
174.7932773322735,56.51307876494852,12.59999999999999,0.0,0.0,0.0
174.80663911780624,56.519841823800114,12.59999999999999,0.0,0.0,0.0
174.82000567303163,56.52660344838587,12.59999999999999,0.0,0.0,0.0
174.83337699986373,56.533363637825744,12.59999999999999,0.0,0.0,0.0
174.84675310021652,56.54012239123915,12.59999999999999,0.0,0.0,0.0
174.86013397600382,56.546879707745,12.599999999999989,0.0,0.0,0.0
174.8735196291393,56.55363558646165,12.59999999999999,0.0,0.0,0.0
174.88691006153655,56.560390026506994,12.59999999999999,0.0,0.0,0.0
174.90030527510905,56.56714302699832,12.59999999999999,0.0,0.0,0.0
174.91370527176994,56.573894587052465,12.59999999999999,0.0,0.0,0.0
174.92711005343247,56.58064470578572,12.59999999999999,0.0,0.0,0.0
174.94051962200962,56.587393382313834,12.59999999999999,0.0,0.0,0.0
174.9539339794142,56.59414061575208,12.59999999999999,0.0,0.0,0.0
174.96735312755888,56.60088640521515,12.599999999999989,0.0,0.0,0.0
174.98077706835628,56.607630749817254,12.59999999999999,0.0,0.0,0.0
174.99420580371876,56.61437364867207,12.599999999999993,0.0,0.0,0.0
175.0076393355585,56.62111510089274,12.59999999999999,0.0,0.0,0.0
175.02107766578766,56.627855105591905,12.599999999999989,0.0,0.0,0.0
175.0345207963181,56.63459366188166,12.599999999999993,0.0,0.0,0.0
175.0479687290616,56.641330768873594,12.599999999999993,0.0,0.0,0.0
175.06142146592978,56.648066425678756,12.59999999999999,0.0,0.0,0.0
175.074879008834,56.654800631407696,12.599999999999989,0.0,0.0,0.0
175.08834135968553,56.66153338517041,12.599999999999993,0.0,0.0,0.0
175.10180852039548,56.66826468607638,12.59999999999999,0.0,0.0,0.0
175.11528049287475,56.67499453323456,12.599999999999989,0.0,0.0,0.0
175.12875727903406,56.68172292575341,12.599999999999989,0.0,0.0,0.0
175.14223888078396,56.68844986274083,12.599999999999993,0.0,0.0,0.0
175.15572530003487,56.6951753433042,12.59999999999999,0.0,0.0,0.0
175.16921653869696,56.70189936655039,12.599999999999989,0.0,0.0,0.0
175.1827125986802,56.70862193158573,12.599999999999989,0.0,0.0,0.0
175.1962134818945,56.71534303751604,12.599999999999989,0.0,0.0,0.0
175.20971919024944,56.72206268344661,12.599999999999989,0.0,0.0,0.0
175.22322972565445,56.72878086848219,12.599999999999989,0.0,0.0,0.0
175.23674509001881,56.73549759172702,12.599999999999989,0.0,0.0,0.0
175.25026528525157,56.742212852284794,12.599999999999989,0.0,0.0,0.0
175.2637903132616,56.74892664925871,12.599999999999989,0.0,0.0,0.0
175.27732017595756,56.75563898175144,12.59999999999999,0.0,0.0,0.0
175.29085487524787,56.76234984886508,12.59999999999999,0.0,0.0,0.0
175.3043944130408,56.76905924970125,12.59999999999999,0.0,0.0,0.0
175.3179387912444,56.77576718336104,12.59999999999999,0.0,0.0,0.0
175.3314880117665,56.782473648944986,12.599999999999989,0.0,0.0,0.0
175.34504207651474,56.78917864555312,12.59999999999999,0.0,0.0,0.0
175.35860098739653,56.79588217228494,12.59999999999999,0.0,0.0,0.0
175.37216474631902,56.80258422823942,12.59999999999999,0.0,0.0,0.0
175.38573335518927,56.80928481251499,12.59999999999999,0.0,0.0,0.0
175.39930681591395,56.815983924209576,12.59999999999999,0.0,0.0,0.0
175.41288513039964,56.82268156242057,12.599999999999993,0.0,0.0,0.0
