galstreams/tracks/track.st.GD-1.pricewhelan2018.ecsv
# %ECSV 1.0
# ---
# datatype:
# - {name: ra, unit: deg, datatype: float64}
# - {name: dec, unit: deg, datatype: float64}
# - {name: distance, unit: kpc, datatype: float64}
# - {name: pm_ra_cosdec, unit: mas / yr, datatype: float64}
# - {name: pm_dec, unit: mas / yr, datatype: float64}
# - {name: radial_velocity, unit: km / s, datatype: float64}
# delimiter: ','
# meta: !!omap
# - __serialized_columns__:
#     dec:
#       __class__: astropy.coordinates.angles.Latitude
#       unit: &id001 !astropy.units.Unit {unit: deg}
#       value: !astropy.table.SerializedColumn {name: dec}
#     distance:
#       __class__: astropy.coordinates.distances.Distance
#       unit: !astropy.units.Unit {unit: kpc}
#       value: !astropy.table.SerializedColumn {name: distance}
#     pm_dec:
#       __class__: astropy.units.quantity.Quantity
#       unit: !astropy.units.Unit {unit: mas / yr}
#       value: !astropy.table.SerializedColumn {name: pm_dec}
#     pm_ra_cosdec:
#       __class__: astropy.units.quantity.Quantity
#       unit: !astropy.units.Unit {unit: mas / yr}
#       value: !astropy.table.SerializedColumn {name: pm_ra_cosdec}
#     ra:
#       __class__: astropy.coordinates.angles.Longitude
#       unit: *id001
#       value: !astropy.table.SerializedColumn {name: ra}
#       wrap_angle: !astropy.coordinates.Angle
#         unit: *id001
#         value: 360.0
#     radial_velocity:
#       __class__: astropy.units.quantity.Quantity
#       unit: !astropy.units.Unit {unit: km / s}
#       value: !astropy.table.SerializedColumn {name: radial_velocity}
# schema: astropy-2.0
ra,dec,distance,pm_ra_cosdec,pm_dec,radial_velocity
[from data line 4247]
143.86682148479696,30.142246066517295,7.632015059973877,-4.835478237316087,-12.572826680737762,1.0317999647301096e-08
143.87310275565488,30.150651032136114,7.63251509940864,-4.836403533039099,-12.572611936269418,1.0320391145165979e-08
143.87938531217227,30.15905556841646,7.633015138843402,-4.837328778194944,-12.572396463456279,1.032291737530494e-08
143.88566915491023,30.167459675159673,7.633515178278165,-4.838253972779182,-12.572180262276387,1.0325275190101305e-08
143.89195428443017,30.175863352166996,7.634015217712928,-4.839179116787454,-12.57196333270782,1.0327767737171747e-08
143.8982407012936,30.184266599239507,7.63451525714769,-4.840104210215492,-12.57174567472871,1.0330091868899592e-08
143.90452840606227,30.19266941617811,7.635015296582454,-4.841029253059091,-12.571527288317217,1.0332584415970034e-08
143.91081739929828,30.201071802783723,7.6355153360172165,-4.841954245314158,-12.571308173451555,1.0335076963040476e-08
143.91710768156386,30.2094737588572,7.636015375451978,-4.8428791869766625,-12.57108833010997,1.033746846090536e-08
143.92339925342148,30.217875284199142,7.636515414886742,-4.843804078042666,-12.570867758270749,1.0339893641838763e-08
143.9296921154338,30.22627637861006,7.637015454321503,-4.844728918508305,-12.570646457912238,1.0342318822772166e-08
143.9359862681637,30.234677041890446,7.637515493756266,-4.845653708369806,-12.570424429012801,1.034477768677409e-08
143.94228171217438,30.24307727384072,7.638015533191028,-4.846578447623477,-12.570201671550855,1.0347169184638972e-08
143.94857844802914,30.251477074260993,7.638515572625792,-4.84750313626571,-12.56997818550487,1.0349594365572377e-08
143.95487647629164,30.259876442951505,7.639015612060553,-4.848427774292981,-12.569753970853334,1.0351918497300221e-08
143.96117579752558,30.268275379712197,7.6395156514953175,-4.849352361701831,-12.569529027574797,1.0354411044370663e-08
143.9674764122951,30.276673884343076,7.640015690930081,-4.850276898488919,-12.569303355647842,1.0356802542235547e-08
143.97377832116433,30.285071956643847,7.640515730364843,-4.851201384650946,-12.569076955051093,1.035922772316895e-08
143.98008152469785,30.293469596414326,7.641015769799606,-4.852125820184728,-12.568849825763216,1.0361551854896796e-08
143.98638602346028,30.301866803454,7.641515809234369,-4.853050205087142,-12.568621967762928,1.0364010718898717e-08
143.99269181801662,30.31026357756246,7.64201584866913,-4.8539745393551605,-12.568393381028965,1.036646958290064e-08
143.99899890893195,30.318659918539,7.642515888103894,-4.8548988229858265,-12.568164065540133,1.0368827397697005e-08
144.0053072967717,30.32705582618299,7.643015927538657,-4.855823055976284,-12.567934021275263,1.0371319944767447e-08
144.01161698210137,30.3354513002935,7.64351596697342,-4.856747238323729,-12.567703248213228,1.0373610393426772e-08
144.01792796548688,30.343846340669675,7.644016006408181,-4.857671370025471,-12.567471746332942,1.0376136623565734e-08
144.02424024749422,30.352240947110392,7.644516045842945,-4.858595451078883,-12.567239515613377,1.0378528121430618e-08
144.0305538286897,30.360635119414578,7.645016085277708,-4.859519481481426,-12.567006556033514,1.0380885936226983e-08
144.03686870963975,30.369028857380883,7.645516124712471,-4.860443461230634,-12.566772867572409,1.0383311117160386e-08
144.0431848909111,30.377422160808052,7.646016164147233,-4.861367390324139,-12.566538450209144,1.0385702615025268e-08
144.04950237307074,30.385815029494488,7.646516203581996,-4.8622912687596305,-12.566303303922835,1.0388127795958673e-08
144.0558211566858,30.394207463238704,7.6470162430167585,-4.863215096534908,-12.566067428692655,1.0390485610755037e-08
144.06214124232363,30.402599461838932,7.647516282451521,-4.864138873647835,-12.565830824497816,1.0392944474756959e-08
144.06846263055192,30.41099102509345,7.648016321886284,-4.865062600096353,-12.565593491317557,1.0395335972621843e-08
144.0747853219384,30.41938215280026,7.648516361321048,-4.865986275878492,-12.565355429131175,1.0397761153555246e-08
144.08110931705124,30.427772844757445,7.649016400755811,-4.86690990099237,-12.565116637917999,1.040015265142013e-08
144.0874346164587,30.43616310076279,7.649516440190572,-4.867833475436173,-12.564877117657407,1.0402510466216495e-08
144.09376122072925,30.444552920614164,7.650016479625335,-4.868756999208172,-12.56463686832881,1.0404901964081377e-08
144.10008913043163,30.452942304109122,7.6505165190601,-4.869680472306721,-12.564395889911665,1.040732714501478e-08
144.10641834613483,30.461331251045273,7.651016558494863,-4.870603894730251,-12.56415418238547,1.0409718642879665e-08
144.11274886840806,30.469719761220105,7.651516597929626,-4.871527266477288,-12.563911745729765,1.0412211189950107e-08
144.1190806978207,30.478107834430915,7.652016637364387,-4.872450587546418,-12.56366857992413,1.041456900474647e-08
144.12541383494232,30.486495470474875,7.652516676799151,-4.873373857936313,-12.563424684948181,1.0416960502611355e-08
144.13174828034286,30.494882669149167,7.653016716233914,-4.874297077645736,-12.56318006078159,1.04192846343392e-08
144.1380840345924,30.503269430250832,7.653516755668676,-4.875220246673527,-12.562934707404057,1.0421777181409643e-08
144.1444210982612,30.511655753576704,7.6540167951034395,-4.87614336501859,-12.562688624795324,1.0424134996206007e-08
144.15075947191986,30.520041638923654,7.654516834538201,-4.877066432679938,-12.562441812935182,1.042649281100237e-08
144.15709915613908,30.52842708608829,7.655016873972966,-4.877989449656638,-12.562194271803456,1.0428850625798735e-08
144.1634401514899,30.53681209486727,7.6555169134077286,-4.8789124159478545,-12.561946001380015,1.0431376855937697e-08
144.16978245854347,30.545196665056988,7.656016952842492,-4.879835331552815,-12.561697001644776,1.043376835380258e-08
144.1761260778713,30.55358079645389,7.656516992277254,-4.880758196470852,-12.56144727257768,1.0436025119393386e-08
144.18247101004494,30.56196448885414,7.657017031712016,-4.881681010701349,-12.56119681415873,1.043838293418975e-08
144.18881725563645,30.570347742053976,7.657517071146779,-4.882603774243798,-12.56094562636795,1.0440774432054633e-08
144.1951648152177,30.57873055584933,7.658017110581543,-4.8835264870977335,-12.560693709185418,1.0443300662193595e-08
144.20151368936126,30.58711293003624,7.658517150016307,-4.884449149262816,-12.560441062591256,1.0445759526195519e-08
144.20786387863959,30.595494864410433,7.6590171894510695,-4.885371760738748,-12.56018768656561,1.0448083657923363e-08
144.2142153836255,30.603876358767696,7.659517228885832,-4.886294321525336,-12.559933581088693,1.0450441472719727e-08
144.22056820489195,30.612257412903542,7.660017268320597,-4.887216831622434,-12.559678746140728,1.0452765604447572e-08
144.2269223430122,30.620638026613566,7.660517307755359,-4.888139291030017,-12.559423181702005,1.0455089736175418e-08
144.23327779855975,30.629018199693046,7.661017347190121,-4.889061699748115,-12.559166887752845,1.0457649649382899e-08
144.23963457210834,30.63739793193735,7.661517386624886,-4.889984057776839,-12.558909864273604,1.0460074830316302e-08
144.24599266423175,30.645777223141568,7.662017426059647,-4.8909063651163756,-12.558652111244697,1.0462331595907106e-08
144.25235207550426,30.654156073100836,7.662517465494409,-4.891828621767004,-12.558393628646556,1.0464723093771991e-08
144.2587128065001,30.662534481609992,7.663017504929174,-4.892750827729063,-12.558134416459673,1.0467215640842433e-08
144.26507485779402,30.67091244846399,7.663517544363937,-4.893672983002997,-12.557874474664573,1.0469607138707317e-08
144.27143822996072,30.67928997345746,7.6640175837986995,-4.8945950875893,-12.557613803241825,1.0471897587366642e-08
144.27780292357528,30.687667056385106,7.664517623233463,-4.895517141488565,-12.557352402172027,1.0474322768300045e-08
144.28416893921298,30.69604369704135,7.665017662668226,-4.896439144701446,-12.55709027143584,1.0476781632301969e-08
144.2905362774494,30.704419895220692,7.6655177021029886,-4.897361097228709,-12.556827411013947,1.0479206813235372e-08
144.2969049388601,30.712795650717315,7.666017741537751,-4.8982829990711565,-12.556563820887089,1.0481463578826177e-08
144.30327492402117,30.72117096332544,7.666517780972515,-4.899204850229688,-12.556299501036017,1.048388875975958e-08
144.30964623350872,30.729545832839214,7.667017820407278,-4.900126650705294,-12.556034451441562,1.0486212891487425e-08
144.31601886789923,30.737920259052537,7.667517859842041,-4.901048400499031,-12.555768672084573,1.048850334014675e-08
144.32239282776922,30.746294241759202,7.668017899276805,-4.901970099612019,-12.55550216294594,1.0491029570285713e-08
144.32876811369562,30.754667780753003,7.668517938711568,-4.902891748045478,-12.5552349240066,1.0493286335876518e-08
144.3351447262555,30.763040875827638,7.669017978146331,-4.903813345800706,-12.55496695524753,1.049571151680992e-08
144.3415226660262,30.771413526776566,7.669518017581094,-4.90473489287907,-12.554698256649745,1.0498069331606285e-08
144.3479019335852,30.77978573339315,7.670018057015858,-4.905656389282006,-12.554428828194299,1.0500528195608208e-08
144.35428252951027,30.78815749547075,7.670518096450621,-4.906577835011042,-12.554158669862295,1.0502818644267533e-08
144.36066445437953,30.796528812802592,7.671018135885384,-4.907499230067795,-12.553887781634872,1.0505142775995379e-08
144.367047708771,30.804899685181677,7.671518175320148,-4.908420574453922,-12.553616163493201,1.0507500590791743e-08
144.37343229326325,30.81327011240106,7.672018214754911,-4.909341868171195,-12.553343815418508,1.0509993137862185e-08
144.37981820843493,30.821640094253524,7.672518254189674,-4.910263111221442,-12.553070737392055,1.0512384635727069e-08
144.38620545486495,30.830009630531908,7.673018293624438,-4.911184303606583,-12.552796929395136,1.0514776133591952e-08
144.39259403313238,30.838378721028757,7.673518333059202,-4.912105445328594,-12.5525223914091,1.0517032899182758e-08
144.39898394381666,30.846747365536693,7.674018372493966,-4.9130265363895536,-12.552247123415327,1.0519390713979123e-08
144.40537518749727,30.855115563848045,7.6745184119287275,-4.913947576791596,-12.55197112539524,1.0521950627186603e-08
144.41176776475413,30.86348331575522,7.675018451363491,-4.914868566536952,-12.551694397330303,1.0524106343571851e-08
144.41816167616716,30.871850621050342,7.675518490798254,-4.915789505627903,-12.551416939202024,1.0526497841436735e-08
144.42455692231673,30.880217479525555,7.676018530233018,-4.916710394066843,-12.551138750991935,1.0528923022370138e-08
144.43095350378323,30.88858389097277,7.676518569667781,-4.917631231856203,-12.550859832681631,1.0531247154097982e-08
144.43735142114747,30.896949855183944,7.677018609102545,-4.918552018998528,-12.550580184252732,1.0533571285825828e-08
144.4437506749903,30.905315371950742,7.6775186485373075,-4.9194727554964075,-12.550299805686917,1.0535861734485153e-08
144.45015126589297,30.91368044106489,7.678018687972071,-4.920393441352537,-12.55001869696588,1.0538489013829673e-08
144.45655319443685,30.92204506231786,7.678518727406833,-4.9213140765696615,-12.54973685807137,1.054064473021492e-08
144.46295646120356,30.930409235501163,7.6790187668415975,-4.922234661150621,-12.549454288985178,1.0543137277285362e-08
144.46936106677498,30.93877296040599,7.679518806276361,-4.923155195098326,-12.549170989689129,1.0545360359807648e-08
144.47576701173315,30.947136236823663,7.680018845711125,-4.9240756784157576,-12.548886960165088,1.0547819223809572e-08
144.4821742966604,30.955499064545187,7.680518885145888,-4.9249961111059815,-12.548602200394978,1.0550075989400377e-08
144.4885829221393,30.963861443361615,7.681018924580652,-4.92591649317214,-12.54831671036073,1.055250117033378e-08
144.49499288875256,30.97222337306374,7.681518964015416,-4.9268368246174425,-12.548030490044344,1.0554825302061625e-08
144.50140419708322,30.980584853442398,7.682019003450177,-4.927757105445182,-12.54774353942785,1.0557284166063548e-08
144.50781684771448,30.988945884288174,7.682519042884941,-4.92867733565872,-12.547455858493313,1.0559608297791392e-08
144.51423084122976,30.997306465391663,7.683019082319704,-4.929597515261503,-12.547167447222847,1.0561966112587756e-08
144.5206461782128,31.005666596543218,7.683519121754468,-4.930517644257048,-12.5468783055986,1.056439129352116e-08
144.52706285924742,31.014026277533194,7.684019161189232,-4.931437722648944,-12.54658843360277,1.0566715425249005e-08
144.53348088491788,31.022385508151835,7.6845192006239955,-4.93235775044087,-12.546297831217577,1.0569140606182408e-08
144.53990025580845,31.0307442881892,7.685019240058758,-4.933277727636565,-12.546006498425303,1.0571464737910253e-08
144.5463209725037,31.039102617435198,7.685519279493522,-4.934197654239841,-12.545714435208254,1.0573755186569579e-08
144.55274303558852,31.04746049567977,7.686019318928286,-4.935117530254603,-12.545421641548785,1.0576146684434461e-08
144.55916644564795,31.0558179227127,7.686519358363049,-4.936037355684814,-12.545128117429282,1.0578403450025268e-08
144.56559120326716,31.064174898323554,7.687019397797812,-4.936957130534524,-12.54483386283219,1.0580828630958671e-08
144.5720173090318,31.072531422301935,7.687519437232576,-4.937876854807852,-12.544538877739967,1.0583287494960594e-08
144.5784447635275,31.08088749443721,7.688019476667341,-4.938796528508991,-12.544243162135135,1.058547689441436e-08
144.58487356734028,31.08924311451873,7.688519516102103,-4.939716151642215,-12.543946716000242,1.0587834709210724e-08
144.59130372105628,31.09759828233565,7.689019555536866,-4.9406357242118615,-12.543649539317888,1.0590226207075609e-08
144.59773522526197,31.105952997677107,7.689519594971632,-4.941555246222359,-12.543351632070694,1.0592449289597895e-08
144.6041680805439,31.114307260332,7.690019634406394,-4.942474717678192,-12.543052994241345,1.0594840787462778e-08
144.6106022874891,31.12266107008929,7.690519673841158,-4.943394138583941,-12.542753625812546,1.059740070067026e-08
144.61703784668452,31.13101442673763,7.691019713275921,-4.944313508944236,-12.542453526767051,1.0599590100124026e-08
144.62347475871758,31.139367330065745,7.691519752710686,-4.945232828763805,-12.542152697087662,1.0601914231851872e-08
144.6299130241758,31.14771977986207,7.69201979214545,-4.94615209804743,-12.541851136757204,1.0604272046648236e-08
144.63635264364703,31.1560717759151,7.692519831580212,-4.94707131679999,-12.54154884575855,1.060659617837608e-08
144.64279361771918,31.164423318013057,7.693019871014974,-4.947990485026407,-12.541245824074617,1.0608987676240964e-08
144.64923594698064,31.172774405944217,7.693519910449741,-4.948909602731716,-12.54094207168835,1.0611311807968808e-08
144.65567963201974,31.181125039496557,7.694019949884503,-4.949828669920988,-12.540637588582754,1.0613635939696654e-08
144.66212467342532,31.18947521845814,7.694519989319268,-4.9507476865993985,-12.540332374740856,1.0616061120630057e-08
144.6685710717862,31.19782494261673,7.695020028754031,-4.951666652772166,-12.540026430145732,1.0618385252357902e-08
144.67501882769164,31.20617421176015,7.695520068188795,-4.952585568444624,-12.53971975478049,1.0620743067154266e-08
144.68146794173094,31.21452302567592,7.696020107623558,-4.953504433622131,-12.539412348628286,1.062316824808767e-08
144.68791841449385,31.222871384151677,7.696520147058323,-4.954423248310161,-12.539104211672306,1.0625323964472917e-08
144.6943702465701,31.231219286974703,7.697020186493084,-4.95534201251424,-12.5387953438958,1.0627580730063722e-08
144.70082343854983,31.239566733932385,7.69752022592785,-4.956260726239969,-12.538485745282019,1.0630005910997125e-08
144.70727799102332,31.247913724811806,7.698020265362613,-4.957179389493023,-12.538175415814287,1.0632363725793489e-08
144.71373390458115,31.256260259400122,7.698520304797377,-4.958098002279161,-12.537864355475946,1.0634687857521334e-08
144.7201911798141,31.264606337484167,7.6990203442321405,-4.959016564604204,-12.537552564250404,1.0637079355386219e-08
144.72664981731305,31.27295195885086,7.699520383666905,-4.9599350764740375,-12.537240042121084,1.0639403487114063e-08
