galstreams/tracks/track.st.C-9.ibata2024.ecsv
# %ECSV 1.0
# ---
# datatype:
# - {name: ra, unit: deg, datatype: float64}
# - {name: dec, unit: deg, datatype: float64}
# - {name: distance, unit: kpc, datatype: float64}
# - {name: pm_ra_cosdec, unit: mas / yr, datatype: float64}
# - {name: pm_dec, unit: mas / yr, datatype: float64}
# - {name: radial_velocity, unit: km / s, datatype: float64}
# delimiter: ','
# meta: !!omap
# - __serialized_columns__:
#     dec:
#       __class__: astropy.coordinates.angles.Latitude
#       unit: &id001 !astropy.units.Unit {unit: deg}
#       value: !astropy.table.SerializedColumn {name: dec}
#     distance:
#       __class__: astropy.coordinates.distances.Distance
#       unit: !astropy.units.Unit {unit: kpc}
#       value: !astropy.table.SerializedColumn {name: distance}
#     pm_dec:
#       __class__: astropy.units.quantity.Quantity
#       unit: !astropy.units.Unit {unit: mas / yr}
#       value: !astropy.table.SerializedColumn {name: pm_dec}
#     pm_ra_cosdec:
#       __class__: astropy.units.quantity.Quantity
#       unit: !astropy.units.Unit {unit: mas / yr}
#       value: !astropy.table.SerializedColumn {name: pm_ra_cosdec}
#     ra:
#       __class__: astropy.coordinates.angles.Longitude
#       unit: *id001
#       value: !astropy.table.SerializedColumn {name: ra}
#       wrap_angle: !astropy.coordinates.Angle
#         unit: *id001
#         value: 360.0
#     radial_velocity:
#       __class__: astropy.units.quantity.Quantity
#       unit: !astropy.units.Unit {unit: km / s}
#       value: !astropy.table.SerializedColumn {name: radial_velocity}
# schema: astropy-2.0
ra,dec,distance,pm_ra_cosdec,pm_dec,radial_velocity
[from data line 1598]
157.13535894265297,17.285511081945014,1.0000000000000002,-8.631928249991898,-5.777015658720824,44.690987525006946
157.14863971313295,17.286120656940806,1.0000000000000002,-8.632954131786857,-5.774943123964381,44.670795343053534
157.16192023765151,17.286728788137932,1.0000000000000002,-8.633979083979925,-5.772870971445296,44.65061147060678
157.1752004986472,17.28733545016296,1.0000000000000002,-8.63500310378991,-5.770799202142283,44.63043605770332
157.18848047855096,17.287940617647198,1.0000000000000004,-8.636026188436077,-5.768727817035439,44.610269254379645
157.20176015978578,17.28854426522672,1.0,-8.63704833513815,-5.766656817106281,44.590111210672426
157.21503952476718,17.28914636754231,1.0000000000000002,-8.638069541116327,-5.7645862033376645,44.56996207661818
157.22831855590272,17.289746899239518,1.0000000000000002,-8.639089803591272,-5.762515976713869,44.54982200225349
157.2415972355924,17.290345834968623,1.0000000000000002,-8.640109119784094,-5.760446138220539,44.529691137614975
157.25487554622845,17.290943149384635,1.0000000000000002,-8.641127486916416,-5.758376688844698,44.50956963273915
157.26815347019536,17.291538817147305,1.0000000000000004,-8.64214490221027,-5.756307629574743,44.48945763766266
157.28143098987002,17.292132812921103,1.0,-8.643161362888208,-5.754238961400468,44.46935530242203
157.2947080876216,17.292725111375233,1.0000000000000002,-8.644176866173222,-5.752170685313004,44.44926277705387
157.30798474581152,17.293315687183625,1.0000000000000002,-8.645191409288785,-5.750102802304883,44.42918021159474
157.32126094679367,17.293904515024924,1.0000000000000002,-8.646204989458848,-5.748035313369994,44.40910775608125
157.3345366729142,17.294491569582497,1.0000000000000002,-8.647217603907825,-5.745968219503593,44.38904556054995
157.34781190651165,17.295076825544438,1.0000000000000002,-8.648229249860611,-5.743901521702295,44.36899377503741
157.36108662991685,17.295660257603537,1.0000000000000002,-8.649239924542568,-5.741835220964083,44.34895254958025
157.37436082545307,17.296241840457313,1.0000000000000002,-8.650249625179544,-5.7397693182883,44.328922034215
157.38763447543593,17.29682154880798,1.0000000000000002,-8.651258348997859,-5.737703814675637,44.308902378978274
157.40090756217344,17.297399357362465,1.0000000000000002,-8.652266093224306,-5.735638711128148,44.28889373390663
157.41418006796604,17.297975240832397,1.0000000000000002,-8.653272855086168,-5.733574008649235,44.26889624903666
157.42745197510652,17.298549173934106,1.0000000000000002,-8.654278631811197,-5.731509708243651,44.24891007440494
157.4407232658801,17.29912113138862,1.0000000000000002,-8.655283420627631,-5.729445810917491,44.228935360048034
157.45399392256445,17.299691087921666,1.0000000000000004,-8.656287218764193,-5.727382317678201,44.208972256002546
157.46726392742963,17.300259018263656,1.0000000000000004,-8.657290023450077,-5.72531922953457,44.18902091230504
157.48053326273822,17.300824897149692,1.0000000000000002,-8.658291831914983,-5.723256547496719,44.16908147899208
157.4938019107451,17.301388699319567,1.0000000000000002,-8.659292641389067,-5.72119427257611,44.149154106100305
157.5070698536978,17.301950399517754,1.0000000000000002,-8.660292449102995,-5.71913240578554,44.1292389436662
157.5203370738362,17.302509972493407,1.0000000000000004,-8.661291252287903,-5.717070948139139,44.10933614172643
157.53360355339268,17.303067393000365,1.0000000000000002,-8.662289048175428,-5.715009900652362,44.08944585031753
157.5468692745921,17.30362263579714,1.0000000000000004,-8.663285833997692,-5.7129492643419955,44.06956821947604
157.56013421965184,17.3041756756469,1.0000000000000002,-8.664281606987304,-5.710889040226152,44.04970339923865
157.5733983707818,17.3047264873175,1.0000000000000002,-8.665276364377362,-5.70882922932425,44.02985153964181
157.58666171018436,17.30527504558146,1.0000000000000004,-8.666270103401462,-5.706769832657049,44.0100127907222
157.59992422005445,17.305821325215955,1.0000000000000002,-8.667262821293697,-5.70471085124661,43.990187302516354
157.61318588257953,17.30636530100283,1.0000000000000002,-8.668254515288636,-5.702652286116311,43.970375225060856
157.62644667993962,17.30690694772857,1.0000000000000004,-8.669245182621363,-5.700594138290837,43.95057670839227
157.63970659430726,17.30744624018434,1.0000000000000002,-8.670234820527451,-5.698536408796194,43.930791902547206
157.65296560784753,17.30798315316592,1.0000000000000002,-8.671223426242964,-5.696479098659674,43.911020957562236
157.66622370271824,17.308517661473783,1.0000000000000002,-8.672210997004484,-5.694422208909888,43.8912640234739
157.67948086106966,17.309049739913004,1.0000000000000002,-8.673197530049066,-5.692365740576733,43.87152125031882
157.6927370650446,17.30957936329333,1.0000000000000004,-8.67418302261428,-5.690309694691415,43.85179278813357
157.70599229677862,17.310106506429133,1.0000000000000002,-8.675167471938206,-5.6882540722864245,43.83207878695471
157.71924653839983,17.310631144139418,1.0000000000000002,-8.67615087525941,-5.686198874395548,43.812379396818805
157.73249977202892,17.31115325124782,1.0000000000000002,-8.677133229816972,-5.684144102053853,43.7926947677625
157.7457519797793,17.311672802582617,1.0000000000000002,-8.678114532850476,-5.6820897562977075,43.77302504982231
157.75900314375696,17.31218977297671,1.0000000000000002,-8.67909478160001,-5.6800358381647476,43.75337039303482
157.7722532460606,17.312704137267602,1.0000000000000002,-8.680073973306172,-5.67798234869389,43.73373094743665
157.78550226878158,17.31321587029744,1.0000000000000002,-8.681052105210075,-5.67592928892533,43.714106863064316
157.79875019400387,17.31372494691297,1.0000000000000004,-8.682029174553312,-5.67387665990054,43.69449828995444
157.81199700380424,17.314231341965566,1.0000000000000002,-8.68300517857803,-5.671824462662261,43.6749053781436
157.82524268025205,17.31473503031119,1.0000000000000002,-8.683980114526857,-5.669772698254498,43.655328277668374
157.83848720540942,17.315235986810436,1.0000000000000002,-8.684953979642948,-5.667721367722522,43.635767138565335
157.85173056133124,17.315734186328473,1.0000000000000002,-8.685926771169962,-5.665670472112863,43.61622211087104
157.86497273006503,17.316229603735085,1.0000000000000002,-8.686898486352082,-5.66362001247331,43.596693344622096
157.87821369365113,17.316722213904644,1.0000000000000004,-8.687869122434009,-5.661569989852909,43.577180989855066
157.89145343412258,17.31721199171613,1.0000000000000002,-8.688838676660955,-5.659520405301963,43.55768519660654
157.9046919335052,17.317698912053093,1.0000000000000002,-8.689807146278657,-5.657471259872013,43.538206114913116
157.91792917381764,17.318182949803674,1.0000000000000002,-8.69077452853336,-5.6554225546158445,43.518743894811315
157.93116513707128,17.318664079860593,1.0000000000000004,-8.691740820671845,-5.653374290587491,43.49929868633777
157.94439980527025,17.319142277121163,1.0000000000000002,-8.692706019941417,-5.651326468842238,43.47987063952902
157.95763316041158,17.319617516487252,1.0000000000000002,-8.693670123589882,-5.649279090436579,43.46045990442167
157.9708651844851,17.320089772865305,1.0000000000000002,-8.694633128865595,-5.647232156428258,43.441066631052294
157.98409585947337,17.320559021166346,1.0000000000000002,-8.695595033017426,-5.645185667876246,43.42169096945747
157.99732516735193,17.321025236305946,1.0000000000000002,-8.69655583329478,-5.643139625840741,43.40233306967379
158.01055309008913,17.32148839320425,1.0000000000000002,-8.69751552694758,-5.641094031383155,43.3829930817378
158.0237796096461,17.321948466785948,1.0000000000000002,-8.698474111226282,-5.639048885566128,43.36367115568608
158.037004707977,17.322405431980282,1.0000000000000002,-8.699431583381886,-5.637004189453515,43.34436744155525
158.0502283670287,17.32285926372106,1.0000000000000002,-8.700387940665896,-5.6349599441103795,43.325082089381866
158.06345056874108,17.323309936946618,1.0000000000000004,-8.701343180330381,-5.632916150602996,43.305815249202475
158.0766712950469,17.32375742659985,1.0000000000000004,-8.70229729962792,-5.630872809998849,43.286567071053696
158.08989052787186,17.324201707628163,1.0000000000000002,-8.703250295811646,-5.62882992336662,43.2673377049721
158.10310824913458,17.324642754983525,1.0000000000000002,-8.704202166135218,-5.626787491776186,43.248127300994256
158.11632444074655,17.32508054362242,1.0000000000000002,-8.705152907852835,-5.624745516298631,43.22893600915676
158.1295390846124,17.32551504850586,1.0000000000000002,-8.706102518219241,-5.622703998006216,43.20976397949616
158.1427521626295,17.32594624459939,1.0000000000000004,-8.707050994489707,-5.620662937972406,43.19061136204908
158.15596365668839,17.32637410687305,1.0000000000000002,-8.707998333920075,-5.618622337271839,43.17147830685205
158.16917354867246,17.326798610301424,1.0000000000000002,-8.708944533766699,-5.616582196980337,43.152364963941686
158.18238182045823,17.32721972986359,1.0000000000000002,-8.709889591286487,-5.6145425181749005,43.13327148335454
158.19558845391512,17.327637440543135,1.0000000000000002,-8.710833503736904,-5.6125033019337085,43.114198015127215
158.20879343090567,17.328051717328144,1.0000000000000004,-8.711776268375958,-5.610464549336099,43.09514470929627
158.22199673328538,17.32846253521122,1.0000000000000002,-8.712717882462197,-5.608426261462585,43.07611171589827
158.23519834290286,17.328869869189447,1.0000000000000004,-8.713658343254721,-5.606388439394847,43.05709918496985
158.24839824159972,17.3292736942644,1.0000000000000002,-8.714597648013193,-5.604351084215713,43.03810726654755
158.26159641121077,17.329673985442152,1.0000000000000002,-8.715535793997814,-5.602314197009171,43.019136110667915
158.27479283356377,17.330070717733243,1.0000000000000004,-8.716472778469349,-5.600277778860365,43.00018586736757
158.28798749047962,17.330463866152712,1.0000000000000002,-8.717408598689108,-5.598241830855587,42.981256686683075
158.3011803637724,17.330853405720056,1.0000000000000004,-8.718343251918965,-5.596206354082265,42.96234871865106
158.31437143524923,17.33123931145924,1.0000000000000004,-8.719276735421357,-5.594171349628972,42.94346211330803
158.32756068671037,17.331621558398727,1.0000000000000002,-8.720209046459262,-5.592136818585429,42.92459702069059
158.34074809994934,17.33200012157141,1.0000000000000002,-8.721140182296235,-5.59010276204247,42.90575359083534
158.3539336567527,17.332374976014652,1.0000000000000004,-8.72207014019639,-5.588069181092068,42.886931973778836
158.36711733890027,17.332746096770272,1.0000000000000002,-8.722998917424404,-5.586036076827323,42.86813231955765
158.38029912816495,17.333113458884537,1.0000000000000004,-8.7239265112455,-5.584003450342456,42.8493547782084
158.39347900631296,17.33347703740817,1.0000000000000004,-8.724852918925494,-5.5819713027328,42.8305994997676
158.40665695510367,17.33383680739631,1.0000000000000002,-8.725778137730758,-5.579939635094803,42.81186663427188
158.4198329562897,17.334192743908567,1.0000000000000002,-8.726702164928229,-5.577908448526028,42.793156331757814
158.4330069916169,17.334544822008954,1.0000000000000002,-8.727624997785414,-5.575877744125137,42.774468742261966
158.44617904282435,17.33489301676594,1.0000000000000002,-8.728546633570398,-5.573847522991898,42.75580401582092
158.45934909164447,17.335237303252395,1.0000000000000004,-8.729467069551827,-5.571817786227168,42.73716230247126
158.47251711980286,17.335577656545627,1.0000000000000002,-8.730386302998939,-5.56978853493291,42.718543752249545
158.48568310901845,17.335914051727357,1.0000000000000002,-8.731304331181523,-5.567759770212167,42.69994851519237
158.49884704100356,17.3362464638837,1.0000000000000004,-8.732221151369968,-5.565731493169063,42.68137674133633
158.51200889746366,17.336574868105195,1.0000000000000002,-8.733136760835226,-5.563703704908827,42.662828580717985
158.52516866009773,17.336899239486787,1.0000000000000002,-8.734051156848835,-5.56167640653773,42.64430418337389
158.53832631059797,17.33721955312781,1.0000000000000002,-8.734964336682914,-5.559649599163136,42.62580369934064
158.55148183064995,17.337535784131994,1.0000000000000002,-8.735876297610156,-5.5576232838934825,42.607327278654836
158.56463520193267,17.33784790760745,1.0000000000000002,-8.736787036903843,-5.555597461838262,42.58887507135306
158.5777864061185,17.33815589866669,1.0000000000000002,-8.73769655183785,-5.553572134108025,42.57044722747184
158.59093542487315,17.338459732426607,1.0000000000000004,-8.738604839686623,-5.551547301814383,42.55204389704781
158.60408223985584,17.33875938400844,1.0000000000000002,-8.739511897725212,-5.549522966069995,42.53366523011753
158.61722683271915,17.33905482853783,1.0000000000000002,-8.740417723229243,-5.547499127988576,42.51531137671755
158.63036918510906,17.33934604114478,1.0000000000000002,-8.74132231347493,-5.545475788684874,42.496982486884484
158.6435092786651,17.339632996963644,1.0000000000000002,-8.742225665739092,-5.543452949274683,42.4786787106549
158.65664709502022,17.339915671133127,1.0000000000000002,-8.743127777299138,-5.541430610874826,42.46040019806538
158.66978261580087,17.340194038796323,1.0000000000000004,-8.744028645433072,-5.53940877460316,42.44214709915248
158.68291582262694,17.34046807510063,1.0000000000000002,-8.744928267419487,-5.537387441578565,42.4239195639528
158.69604669711188,17.340737755197807,1.0000000000000002,-8.745826640537574,-5.535366612920943,42.40571774250293
158.70917522086265,17.341003054243956,1.0000000000000002,-8.746723762067127,-5.533346289751214,42.38754178483944
158.72230137547976,17.34126394739952,1.0000000000000002,-8.747619629288552,-5.53132647319131,42.36939184099888
158.73542514255726,17.341520409829243,1.0000000000000002,-8.74851423948284,-5.52930716436417,42.35126806101787
158.74854650368277,17.34177241670221,1.0000000000000002,-8.74940758993159,-5.527288364393735,42.33317059493295
158.76166544043744,17.342019943191833,1.0000000000000002,-8.750299677917006,-5.525270074404949,42.31509959278074
158.77478193439612,17.34226296447583,1.0000000000000002,-8.7511905007219,-5.523252295523745,42.29705520459779
158.78789596712716,17.342501455736215,1.0000000000000004,-8.75208005562969,-5.521235028877049,42.27903758042069
158.8010075201926,17.342735392159337,1.0000000000000004,-8.752968339924413,-5.519218275592776,42.261046870286016
158.8141165751481,17.342964748935824,1.0000000000000002,-8.753855350890703,-5.517202036799816,42.24308322423033
158.82722311354294,17.34318950126059,1.0000000000000002,-8.754741085813809,-5.515186313628032,42.22514679229023
158.8403271169201,17.343409624332867,1.0000000000000002,-8.755625541979601,-5.5131711072082705,42.20723772450231
158.85342856681626,17.343625093356156,1.0,-8.756508716674553,-5.511156418672332,42.18935617090312
158.86652744476172,17.34383588353823,1.0000000000000002,-8.75739060718576,-5.509142249152985,42.171502281529236
158.8796237322806,17.34404197009114,1.0000000000000004,-8.758271210800949,-5.5071285997839485,42.15367620641725
158.89271741089064,17.34424332823123,1.0000000000000002,-8.759150524808447,-5.505115471699913,42.13587809560374
158.90580846210338,17.344439933179075,1.0000000000000002,-8.760028546497209,-5.503102866036494,42.11810809912529
158.91889686742408,17.344631760159533,1.0000000000000002,-8.760905273156814,-5.5010907839302625,42.10036636701847
158.9319826083518,17.344818784401706,1.0000000000000002,-8.761780702077466,-5.499079226518727,42.082653049319866
158.94506566637935,17.345000981138963,1.0,-8.762654830549991,-5.4970681949403275,42.064968296066056
158.9581460229934,17.345178325608874,1.0000000000000002,-8.763527655865834,-5.495057690334425,42.047312257293605
158.97122365967434,17.345350793053296,1.0000000000000004,-8.764399175317097,-5.493047713841319,42.0296850830391
158.98429855789647,17.345518358718305,1.0000000000000002,-8.765269386196486,-5.491038266602223,42.012086923339105
158.9973706991279,17.345680997854195,1.0000000000000002,-8.766138285797343,-5.48902934975926,41.99451792823023
