galstreams/tracks/track.st.Kwando.ibata2021.ecsv
# %ECSV 1.0
# ---
# datatype:
# - {name: ra, unit: deg, datatype: float64}
# - {name: dec, unit: deg, datatype: float64}
# - {name: distance, unit: kpc, datatype: float64}
# - {name: pm_ra_cosdec, unit: mas / yr, datatype: float64}
# - {name: pm_dec, unit: mas / yr, datatype: float64}
# - {name: radial_velocity, unit: km / s, datatype: float64}
# delimiter: ','
# meta: !!omap
# - __serialized_columns__:
#     dec:
#       __class__: astropy.coordinates.angles.Latitude
#       unit: &id001 !astropy.units.Unit {unit: deg}
#       value: !astropy.table.SerializedColumn {name: dec}
#     distance:
#       __class__: astropy.coordinates.distances.Distance
#       unit: !astropy.units.Unit {unit: kpc}
#       value: !astropy.table.SerializedColumn {name: distance}
#     pm_dec:
#       __class__: astropy.units.quantity.Quantity
#       unit: !astropy.units.Unit {unit: mas / yr}
#       value: !astropy.table.SerializedColumn {name: pm_dec}
#     pm_ra_cosdec:
#       __class__: astropy.units.quantity.Quantity
#       unit: !astropy.units.Unit {unit: mas / yr}
#       value: !astropy.table.SerializedColumn {name: pm_ra_cosdec}
#     ra:
#       __class__: astropy.coordinates.angles.Longitude
#       unit: *id001
#       value: !astropy.table.SerializedColumn {name: ra}
#       wrap_angle: !astropy.coordinates.Angle
#         unit: *id001
#         value: 360.0
#     radial_velocity:
#       __class__: astropy.units.quantity.Quantity
#       unit: !astropy.units.Unit {unit: km / s}
#       value: !astropy.table.SerializedColumn {name: radial_velocity}
# schema: astropy-2.0
ra,dec,distance,pm_ra_cosdec,pm_dec,radial_velocity
14.859317570138163,-14.03524591426475,8.236840507616984,0.06842245942168734,0.1608304764158497,1000.0000000000007
14.866758877036322,-14.042892817688262,8.231527860008212,0.06781116221016337,0.16044645456992868,1000.0000000000007
14.87420148538967,-14.050538805200981,8.226230167458095,0.06720106732966435,0.16006262868929433,1000.0000000000009
14.881645393184199,-14.058183878582515,8.220947414310727,0.06659217370581949,0.15967899907191985,1000.0000000000007
14.889090598405952,-14.065828039612747,8.215679584910202,0.06598448026420911,0.15929556601582728,1000.0000000000009
14.896537099040945,-14.073471290071712,8.210426663600613,0.06537798593035138,0.1589123298190822,1000.0000000000008
14.903984893075005,-14.08111363173945,8.205188634726058,0.06477268962970406,0.15852929077976974,1000.0000000000008
14.911433978494083,-14.088755066396283,8.199965482630622,0.0641685902876512,0.1581464491960345,1000.0000000000008
14.918884353284048,-14.096395595822695,8.194757191658407,0.06356568682952712,0.15776380536605217,1000.0000000000008
14.926336015430639,-14.104035221799169,8.189563746153505,0.06296397818059418,0.15738135958803223,1000.0000000000009
14.933788962919648,-14.111673946106475,8.184385130460011,0.06236346326606412,0.1569991121602241,1000.0000000000008
14.941243193736803,-14.119311770525487,8.179221328922019,0.06176414101107586,0.15661706338092074,1000.0000000000008
14.948698705867828,-14.126948696837271,8.174072325883618,0.06116601034070257,0.15623521354844083,1000.0000000000006
14.956155497298274,-14.13458472682292,8.168938105688907,0.060569070179970375,0.15585356296115993,1000.0000000000007
14.963613566013805,-14.142219862263808,8.163818652681977,0.05997331945382456,0.15547211191746868,1000.0000000000007
14.971072909999991,-14.14985410494145,8.158713951206927,0.059378757087164225,0.15509086071581724,1000.0000000000008
14.9785335272423,-14.157487456637389,8.153623985607842,0.05878538200480854,0.15470980965466197,1000.0000000000008
14.985995415726237,-14.165119919133454,8.148548740228827,0.0581931931315296,0.15432895903252764,1000.0000000000009
14.993458573437282,-14.172751494211614,8.143488199413968,0.05760218939202044,0.15394830914795854,1000.0000000000009
15.000922998360762,-14.180382183653876,8.138442347507358,0.05701236971092438,0.15356786029953806,1000.0000000000008
15.008388688482071,-14.18801198924252,8.133411168853097,0.05642373301281278,0.15318761278588156,1000.000000000001
15.01585564178658,-14.195640912759991,8.128394647795277,0.05583627822219395,0.15280756690564878,1000.000000000001
15.02332385625948,-14.203268955988744,8.12339276867799,0.05525000426351845,0.15242772295752793,1000.0000000000009
15.030793329886055,-14.210896120711528,8.118405515845334,0.054664910061165806,0.15204808124024627,1000.000000000001
15.038264060651546,-14.218522408711248,8.113432873641397,0.05408099453946047,0.1516686420525586,1000.0000000000007
15.045736046541037,-14.226147821770834,8.108474826410276,0.05349825662265051,0.15128940569326677,1000.0000000000006
15.053209285539682,-14.233772361673495,8.103531358496063,0.052916695234932476,0.15091037246119665,1000.0000000000007
15.060683775632613,-14.241396030202608,8.098602454242862,0.05233630930042832,0.15053154265521496,1000.0000000000008
15.068159514804796,-14.249018829141571,8.09368809799475,0.05175709774320314,0.15015291657421415,1000.000000000001
15.07563650104127,-14.25664076027407,8.088788274095839,0.05117905948725543,0.1497744945171311,1000.0000000000009
15.083114732327052,-14.26426182538395,8.083902966890207,0.05060219345651085,0.14939627678293377,1000.0000000000009
15.090594206646982,-14.271882026255092,8.079032160721955,0.05002649857484798,0.1490182636706141,1000.0000000000006
15.098074921985983,-14.279501364671646,8.074175839935176,0.049451973766068136,0.14864045547920313,1000.0000000000006
15.105556876328915,-14.2871198424179,8.069333988873971,0.048878617953905135,0.1482628525077727,1000.0000000000006
15.113040067660629,-14.294737461278332,8.064506591882424,0.04830643006203861,0.14788545505541162,1000.0000000000009
15.120524493965808,-14.302354223037456,8.059693633304631,0.0477354090140798,0.14750826342125833,1000.0000000000003
15.128010153229246,-14.309970129480087,8.054895097484689,0.04716555373356357,0.14713127790447444,1000.0000000000008
15.135497043435658,-14.317585182391172,8.05011096876669,0.04659686314397771,0.14675449880424996,1000.0000000000007
15.142985162569637,-14.32519938355572,8.04534123149473,0.046029336168732726,0.14637792641981306,1000.0000000000007
15.150474508615838,-14.332812734759015,8.040585870012903,0.04546297173117697,0.14600156105041506,1000.0000000000006
15.157965079558895,-14.340425237786517,8.035844868665302,0.04489776875458862,0.14562540299535787,1000.0000000000008
15.165456873383253,-14.348036894423707,8.031118211796018,0.04433372616219344,0.14524945255395227,1000.0000000000008
15.172949888073477,-14.35564770645637,8.026405883749147,0.04377084287713551,0.14487371002554994,1000.0000000000008
15.180444121614062,-14.363257675670438,8.021707868868786,0.043209117822504695,0.14449817570953183,1000.0000000000008
15.187939571989372,-14.370866803851909,8.017024151499022,0.04264854992131806,0.14412284990531798,1000.0000000000008
15.195436237183838,-14.37847509278704,8.012354715983957,0.04208913809652959,0.14374773291233733,1000.0000000000007
15.202934115181861,-14.38608254426228,8.00769954666768,0.041530881271022224,0.14337282503007387,1000.000000000001
15.210433203967668,-14.393689160064097,8.00305862789429,0.040973778367629166,0.14299812655802668,1000.0000000000008
15.217933501525595,-14.401294941979273,7.998431944007875,0.04041782830909568,0.14262363779571885,1000.0000000000009
15.225435005839886,-14.408899891794698,7.993819479352529,0.03986303001811198,0.14224935904271874,1000.0000000000007
15.23293771489479,-14.416504011297482,7.98922121827235,0.039309382417299865,0.14187529059861692,1000.0000000000008
15.240441626674397,-14.42410730227477,7.984637145111429,0.038756884429218985,0.14150143276302973,1000.0000000000007
15.247946739162884,-14.431709766514004,7.9800672442138625,0.03820553497635526,0.14112778583560104,1000.0000000000009
15.255453050344393,-14.439311405802803,7.975511499923743,0.037655332981128886,0.14075435011601467,1000.0000000000009
15.262960558202904,-14.446912221928805,7.970969896585164,0.03710627736589611,0.14038112590396512,1000.0000000000006
15.270469260722479,-14.454512216679968,7.96644241854222,0.0365583670529519,0.14000811349918596,1000.0000000000007
15.277979155887161,-14.462111391844427,7.9619290501390045,0.03601160096450595,0.13963531320144185,1000.0000000000006
15.285490241680819,-14.469709749210326,7.957429775719615,0.03546597802271734,0.13926272531050898,1000.0000000000007
15.293002516087403,-14.477307290566138,7.95294457962814,0.03492149714967674,0.13889035012620798,1000.0000000000007
15.300515977090845,-14.4849040177005,7.948473446208674,0.03437815726739579,0.13851818794838255,1000.0000000000007
15.308030622674911,-14.492499932402088,7.944016359805317,0.03383595729783373,0.1381462390768906,1000.0000000000006
15.315546450823446,-14.50009503645988,7.939573304762157,0.03329489616286807,0.1377745038116327,1000.0000000000008
15.323063459520267,-14.507689331663034,7.935144265423291,0.03275497278432393,0.1374029824525227,1000.0000000000007
15.330581646749037,-14.515282819800747,7.93072922613281,0.03221618608394383,0.13703167529951443,1000.0000000000009
15.338101010493503,-14.52287550266252,7.926328171234809,0.031678534983407225,0.13666058265257508,1000.0000000000006
15.345621548737368,-14.530467382038026,7.921941085073385,0.031142018404331395,0.13628970481169755,1000.0000000000008
15.35314325946419,-14.538058459716993,7.9175679519926305,0.030606635268260796,0.13591904207691208,1000.0000000000006
15.360666140657607,-14.545648737489442,7.913208756336634,0.030072384496669713,0.13554859474826397,1000.0000000000006
15.368190190301222,-14.553238217145573,7.908863482449497,0.02953926501097115,0.13517836312581988,1000.0000000000003
15.375715406378482,-14.56082690047564,7.904532114675312,0.029007275732501725,0.13480834750968196,1000.0000000000008
15.383241786872931,-14.568414789270198,7.900214637358171,0.028476415582534997,0.13443854819996925,1000.0000000000006
15.39076932976802,-14.576001885319942,7.8959110348421655,0.027946683482277912,0.134068965496831,1000.0000000000007
15.398298033047226,-14.583588190415771,7.891621291471393,0.0274180783528557,0.13369959970043066,1000.0000000000006
15.405827894693841,-14.591173706348648,7.8873453915899505,0.02689059911534386,0.13333045111096364,1000.0000000000008
15.413358912691276,-14.598758434909843,7.883083319541925,0.026364244690740612,0.13296152002864492,1000.0000000000007
15.420891085022896,-14.606342377890806,7.878835059671415,0.025839013999964244,0.1325928067537152,1000.0000000000006
15.428424409671901,-14.613925537083023,7.874600596322516,0.025314905963882417,0.13222431158643033,1000.0000000000008
15.435958884621591,-14.621507914278316,7.870379913839316,0.02479191950328552,0.13185603482708608,1000.0000000000007
15.443494507855224,-14.629089511268658,7.866172996565915,0.024270053538890224,0.1314879767759809,1000.0000000000007
15.451031277355915,-14.636670329846103,7.861979828846399,0.023749306991352803,0.13112013773344788,1000.0000000000007
15.458569191106852,-14.644250371802984,7.8578003950248725,0.023229678781254037,0.130752517999837,1000.0000000000006
15.46610824709119,-14.651829638931842,7.85363467944542,0.022711167829105428,0.13038511787552132,1000.0000000000003
15.473648443291948,-14.659408133025266,7.849482666452142,0.02219377305535808,0.1300179376608961,1000.0000000000003
15.481189777692213,-14.666985855876137,7.845344340389131,0.02167749338037428,0.1296509776563699,1000.0000000000006
15.488732248275046,-14.674562809277552,7.841219685600478,0.02116232772446569,0.12928423816239043,1000.0000000000006
15.496275853023358,-14.682138995022639,7.83710868643028,0.020648275007865813,0.128917719479408,1000.0000000000006
15.503820589920137,-14.689714414904847,7.833011327222633,0.02013533415073976,0.1285514219078987,1000.0000000000007
15.51136645694835,-14.697289070717808,7.828927592321623,0.019623504073182474,0.12818534574836615,1000.0000000000007
15.518913452090818,-14.704862964255222,7.82485746607135,0.019112783695208968,0.1278194913013273,1000.0000000000003
15.526461573330412,-14.71243609731108,7.820800932815908,0.018603171936791618,0.12745385886731597,1000.0000000000006
15.53401081864998,-14.720008471679533,7.81675797689939,0.018094667717795332,0.1270884487468873,1000.0000000000003
15.541561186032341,-14.727580089154962,7.81272858266589,0.0175872699580486,0.1267232612406275,1000.0000000000007
15.549112673460177,-14.735150951531802,7.8087127344595,0.017080977577285772,0.1263582966491219,1000.0000000000002
15.556665278916267,-14.742721060604799,7.804710416624317,0.016575789495178128,0.12599355527298872,1000.0000000000003
15.564219000383332,-14.7502904181689,7.800721613504434,0.016071704631334782,0.12562903741285947,1000.0000000000003
15.571773835843961,-14.757859026019103,7.796746309443945,0.015568721905284022,0.12526474336938964,1000.0000000000008
15.579329783280828,-14.765426885950717,7.792784488786943,0.01506684023648397,0.12490067344323741,1000.0000000000002
15.586886840676573,-14.772993999759262,7.7888361358775215,0.014566058544325244,0.12453682793509913,1000.0000000000003
15.594445006013691,-14.7805603692403,7.7849012350597775,0.01406637574812386,0.12417320714567914,1000.0000000000003
15.602004277274746,-14.788125996189715,7.780979770677802,0.01356779076713277,0.12380981137569247,1000.0000000000003
15.609564652442302,-14.795690882403589,7.777071727075691,0.013070302520517885,0.12344664092588165,1000.0000000000007
15.617126129498738,-14.803255029678061,7.773177088597536,0.012573909927392712,0.12308369609700165,1000.0000000000002
15.624688706426555,-14.810818439809596,7.769295839587431,0.012078611906785497,0.12272097718982344,1000.0000000000006
15.632252381208193,-14.818381114594843,7.765427964389475,0.01158440737766675,0.12235848450513398,1000.0000000000006
15.639817151825962,-14.82594305583052,7.761573447347755,0.01109129525891639,0.12199621834373886,1000.0000000000006
15.647383016262252,-14.833504265313662,7.757732272806372,0.010599274469355713,0.1216341790064579,1000.0000000000003
15.654949972499422,-14.841064744841514,7.753904425109414,0.010108343927729635,0.12127236679412601,1000.0000000000007
15.66251801851969,-14.848624496211363,7.750089888600979,0.009618502552720898,0.12091078200759764,1000.0000000000006
15.670087152305355,-14.856183521220835,7.746288647625158,0.009129749262924314,0.12054942494773258,1000.0000000000007
15.677657371838679,-14.863741821667748,7.7425006865260455,0.008642082976875187,0.1201882959154128,1000.0000000000006
15.685228675101794,-14.871299399349985,7.738725989647736,0.008155502613028887,0.11982739521153896,1000.0000000000007
15.692801060076906,-14.878856256065742,7.734964541334324,0.007670007089775943,0.11946672313700812,1000.0000000000003
15.700374524746154,-14.886412393613403,7.731216325929905,0.007185595325429617,0.11910627999275913,1000.0000000000007
15.707949067091695,-14.893967813791553,7.72748132777857,0.006702266238230337,0.1187460660797175,1000.0000000000003
15.715524685095524,-14.901522518398867,7.723759531224413,0.006220018746344813,0.11838608169884068,1000.0000000000002
15.723101376739738,-14.90907650923434,7.720050920611529,0.005738851767874031,0.11802632715108619,1000.0000000000007
15.730679140006393,-14.916629788097175,7.716355480284013,0.00525876422084437,0.11766680273744168,1000.0000000000007
15.738257972877415,-14.924182356786629,7.712673194585957,0.004779755023203158,0.11730750875888418,1000.0000000000006
15.745837873334798,-14.931734217102296,7.709004047861455,0.004301823092831114,0.11694844551642536,1000.0000000000003
15.753418839360515,-14.939285370843963,7.705348024454605,0.0038249673475325707,0.11658961331107509,1000.0000000000006
15.76100086893641,-14.946835819811508,7.701705108709496,0.003349186705039031,0.1162310124438628,1000.0000000000006
15.768583960044378,-14.954385565805115,7.698075284970224,0.0028744800830127204,0.11587264321582591,1000.0000000000006
15.776168110666324,-14.96193461062518,7.694458537580882,0.002400846399043033,0.1155145059280116,1000.0000000000006
15.783753318783983,-14.969482956072177,7.690854850885565,0.0019282845706367624,0.11515660088148927,1000.0000000000003
15.791339582379194,-14.977030603946893,7.687264209228368,0.0014567935152332012,0.1147989283773212,1000.0000000000006
15.798926899433749,-14.984577556050333,7.6836865969533825,0.0009863721502050282,0.11444148871659277,1000.0000000000006
15.806515267929317,-14.992123814183575,7.6801219984047036,0.0005170193928423217,0.1140842822004009,1000.0000000000003
15.814104685847639,-14.999669380148026,7.676570397926423,4.8734160364105605e-05,0.11372730912985052,1000.0000000000003
15.821695151170434,-15.007214255745291,7.673031779862642,-0.00041848463008609116,0.1133705698060492,1000.0000000000002
15.829286661879275,-15.01475844277706,7.669506128557446,-0.0008846380614331295,0.11301406453012319,1000.0000000000001
15.836879215955827,-15.022301943045356,7.665993428354934,-0.0013497272166764773,0.11265779360320849,1000.0000000000006
15.844472811381692,-15.02984475835236,7.662493663599197,-0.0018137531789035322,0.1123017573264411,1000.0000000000003
15.85206744613848,-15.037386890500507,7.659006818634332,-0.0022767170312558704,0.111945956000981,1000.0000000000003
15.85966311820765,-15.044928341292293,7.65553287780443,-0.0027386198569594455,0.11159038992797488,1000.0000000000006
15.867259825570759,-15.052469112530579,7.652071825453586,-0.0031994627393121533,0.11123505940860401,1000.0000000000003
15.87485756620933,-15.0600092060184,7.648623645925896,-0.0036592467616900493,0.11087996474403639,1000.0000000000006
15.882456338104753,-15.067548623558896,7.645188323565449,-0.004117973007534914,0.11052510623545864,1000.0000000000002
