galstreams/tracks/track.st.C-7.ibata2020.ecsv
# %ECSV 0.9
# ---
# datatype:
# - {name: ra, unit: deg, datatype: float64}
# - {name: dec, unit: deg, datatype: float64}
# - {name: distance, unit: kpc, datatype: float64}
# - {name: pm_ra_cosdec, unit: mas / yr, datatype: float64}
# - {name: pm_dec, unit: mas / yr, datatype: float64}
# - {name: radial_velocity, unit: km / s, datatype: float64}
# delimiter: ','
# meta: !!omap
# - __serialized_columns__:
#     dec:
#       __class__: astropy.coordinates.angles.Latitude
#       unit: &id001 !astropy.units.Unit {unit: deg}
#       value: !astropy.table.SerializedColumn {name: dec}
#     distance:
#       __class__: astropy.coordinates.distances.Distance
#       unit: !astropy.units.Unit {unit: kpc}
#       value: !astropy.table.SerializedColumn {name: distance}
#     pm_dec:
#       __class__: astropy.units.quantity.Quantity
#       unit: !astropy.units.Unit {unit: mas / yr}
#       value: !astropy.table.SerializedColumn {name: pm_dec}
#     pm_ra_cosdec:
#       __class__: astropy.units.quantity.Quantity
#       unit: !astropy.units.Unit {unit: mas / yr}
#       value: !astropy.table.SerializedColumn {name: pm_ra_cosdec}
#     ra:
#       __class__: astropy.coordinates.angles.Longitude
#       unit: *id001
#       value: !astropy.table.SerializedColumn {name: ra}
#       wrap_angle: !astropy.coordinates.Angle
#         unit: *id001
#         value: 360.0
#     radial_velocity:
#       __class__: astropy.units.quantity.Quantity
#       unit: !astropy.units.Unit {unit: km / s}
#       value: !astropy.table.SerializedColumn {name: radial_velocity}
# schema: astropy-2.0
ra,dec,distance,pm_ra_cosdec,pm_dec,radial_velocity
[from data line 138]
296.27610910045854,-47.04744428943586,5.838313507119948,-11.892021178262778,-14.573488784568417,3.368306851948935e-14
296.43248958880133,-46.98167713239096,5.841270123263918,-11.854119096325162,-14.600768930855875,-3.368306851948935e-14
296.5884378121242,-46.91564343167091,5.844200784564125,-11.816158928747344,-14.627473767978657,-1.0104920555846805e-13
296.7439538710984,-46.84934415903923,5.847103393299186,-11.778143997245206,-14.653598726394357,3.368306851948935e-14
296.8990378840044,-46.78278028435102,5.84997585174771,-11.740077634232579,-14.67913925627608,3.368306851948935e-14
297.05368998651136,-46.715952775501684,5.852816062188314,-11.701963182440027,-14.70409082736261,0.0
297.2079103314576,-46.64886259837652,5.855621926899611,-11.66380399453849,-14.728448928806358,-6.73661370389787e-14
297.3616990886309,-46.58151071680126,5.858391348160214,-11.625603432767372,-14.752209069019194,-3.368306851948935e-14
297.5150564445499,-46.51389809249328,5.861122228248736,-11.587364868567377,-14.775366775515984,-3.368306851948935e-14
297.6679826022453,-46.4460256850139,5.863812469443792,-11.549091682217968,-14.797917594756228,-1.0104920555846805e-13
297.82047778104214,-46.377894451721396,5.866459974023993,-11.510787262479427,-14.819857091983675,-1.347322740779574e-13
297.9725422163425,-46.309505347724816,5.869062644267957,-11.472455006239578,-14.841180851064076,-1.0104920555846805e-13
298.1241761594088,-46.24085932583875,5.871618382454295,-11.434098318165134,-14.861884474321162,-6.73661370389787e-14
298.27537987714754,-46.17195733653879,5.87412509086162,-11.395720610357644,-14.881963582370872,-1.347322740779574e-13
298.42615365189437,-46.10280032791805,5.876580671768547,-11.35732530201405,-14.901413813953994,-6.73661370389787e-14
298.5764977811991,-46.03338924564418,5.878983027453689,-11.318915819091869,-14.920230825767218,-1.0104920555846805e-13
298.72641257761205,-45.96372503291752,5.881330060195659,-11.28049559397893,-14.93841029229268,1.0104920555846805e-13
298.8758983684711,-45.8938086304298,5.883619672273071,-11.2420680651677,-14.955947905626214,6.73661370389787e-14
299.0249554956895,-45.823640976323865,5.88584976596454,-11.203636676934169,-14.972839375304135,-6.73661370389787e-14
299.1735843155442,-45.753223006154,5.88801824354868,-11.165204879021319,-14.989080428128824,-1.347322740779574e-13
299.321785198466,-45.68255565284728,5.8901230073040995,-11.126776126327043,-15.004666807993189,-1.347322740779574e-13
299.4695585288296,-45.611639846665426,5.892161959509419,-11.088353878596665,-15.019594275703884,0.0
299.6169047047457,-45.540476515167654,5.894133002443247,-11.049941600119903,-15.033858608803646,-3.368306851948935e-14
299.7638241378527,-45.46906658317428,5.896034038384198,-11.011542759432343,-15.04745560139246,-3.368306851948935e-14
299.9103172531107,-45.39741097273101,5.897862969610889,-10.973160829021355,-15.060381063948004,6.73661370389787e-14
300.0563844885963,-45.32551060307403,5.899617698401929,-10.934799285036455,-15.07263082314515,-1.0104920555846805e-13
300.2020262952974,-45.253366390595865,5.901296127035937,-10.896461607004092,-15.08420072167468,-6.73661370389787e-14
300.347243136911,-45.18097924881199,5.902896157791521,-10.858151277546831,-15.095086618061373,-1.0104920555846805e-13
300.4920354896401,-45.10835008832817,5.904415692947298,-10.819871782106855,-15.105284386481355,-1.0104920555846805e-13
300.63640384199334,-45.035479816808554,5.905852634781881,-10.781626608673964,-15.114789916578907,-1.6841534259744677e-13
300.7803486945849,-44.962369338944484,5.907204885573883,-10.743419247517721,-15.123599113282744,0.0
300.92387055993606,-44.88901955642403,5.908470347601917,-10.705253190923997,-15.13170789662181,3.368306851948935e-14
301.0669699622774,-44.81543136790225,5.9096469231445985,-10.667131932935817,-15.13911220154069,1.0104920555846805e-13
301.20964743735334,-44.74160566897219,5.9107325144805385,-10.629058969098356,-15.145807977714654,-6.73661370389787e-14
301.35190353222623,-44.667543352136526,5.911725023888352,-10.591037796208312,-15.151791189364374,0.0
301.4937388050837,-44.593245306779934,5.912622353646655,-10.553071912067255,-15.157057815070495,0.0
301.6351538250455,-44.51871241914218,5.913422406034059,-10.515164815239373,-15.16160384758792,0.0
301.77614917197303,-44.44394557229186,5.9141230833291765,-10.47732000481322,-15.165425293660018,-1.0104920555846805e-13
301.9167254362791,-44.36894564610079,5.914722287810624,-10.439540980167603,-15.168518173832709,0.0
302.05688321874,-44.29371351721915,5.915217921757011,-10.401831240741531,-15.170878522268605,-6.73661370389787e-14
302.19662313030807,-44.21825005905125,5.915607887446955,-10.364194285808292,-15.172502386561035,0.0
302.3359457919263,-44.14255614173185,5.915890087159068,-10.326633614253483,-15.173385827548266,-1.0104920555846805e-13
302.4748518343438,-44.06663263210336,5.9160624231719625,-10.289152724357004,-15.173524919127734,1.347322740779574e-13
302.6133418979332,-43.99048039369342,5.916122797764254,-10.251755113579096,-15.172915748070563,0.0
302.7514166325088,-43.91410028669334,5.916069113214556,-10.214444278350252,-15.171554413836128,-6.73661370389787e-14
302.88907669714666,-43.83749316793705,5.915899271801481,-10.177223713865018,-15.169437028387005,-6.73661370389787e-14
303.026322760006,-43.760659890880625,5.915611175803642,-10.14009691387972,-15.16655971600414,3.368306851948935e-14
303.163155498152,-43.68360130558257,5.915202727499656,-10.1030673705139,-15.16291861310238,3.368306851948935e-14
303.2995755973797,-43.60631825868459,5.914671829168134,-10.066138574055719,-15.158509868046414,0.0
303.4355837520402,-43.52881159339305,5.914016383087689,-10.029314012770975,-15.15332964096703,-3.368306851948935e-14
303.5711806648673,-43.451082149460944,5.913234291536937,-9.99259717271593,-15.147374103577926,3.368306851948935e-14
303.7063670468065,-43.37313076317046,5.912323456794487,-9.955991537553867,-15.14063943899302,-1.0104920555846805e-13
303.8411436168448,-43.29495826731625,5.911281781138958,-9.919500588375207,-15.133121841544158,1.347322740779574e-13
303.9755111018426,-43.21656549118908,5.910107166848963,-9.883127803521347,-15.124817516599592,-3.368306851948935e-14
304.10947023636623,-43.137953260560195,5.908797516203112,-9.846876658412139,-15.115722680382877,6.73661370389787e-14
304.2430217625233,-43.05912239766618,5.9073507314800215,-9.810750625376754,-15.105833559792526,-3.368306851948935e-14
304.3761664297978,-42.98007372119436,5.905764714958305,-9.774753173488335,-15.095146392222262,6.73661370389787e-14
304.50890499488855,-42.900808046268764,5.9040373689165735,-9.738887768401908,-15.083657425382036,3.368306851948935e-14
304.6412382215478,-42.8213261844367,5.902166595633442,-9.703157872195902,-15.07136291711973,-6.73661370389787e-14
304.7731668804215,-42.74162894365569,5.900150297387528,-9.66756694321709,-15.05825913524361,3.368306851948935e-14
304.9046917488924,-42.6617171282811,5.89798637645744,-9.63211843592886,-15.044342357345707,0.0
305.03581361092245,-42.58159153905413,5.895672735121793,-9.596815800762924,-15.02960887062579,-3.368306851948935e-14
