galstreams/tracks/track.st.Sylgr.ibata2021.ecsv
# %ECSV 1.0
# ---
# datatype:
# - {name: ra, unit: deg, datatype: float64}
# - {name: dec, unit: deg, datatype: float64}
# - {name: distance, unit: kpc, datatype: float64}
# - {name: pm_ra_cosdec, unit: mas / yr, datatype: float64}
# - {name: pm_dec, unit: mas / yr, datatype: float64}
# - {name: radial_velocity, unit: km / s, datatype: float64}
# delimiter: ','
# meta: !!omap
# - __serialized_columns__:
#     dec:
#       __class__: astropy.coordinates.angles.Latitude
#       unit: &id001 !astropy.units.Unit {unit: deg}
#       value: !astropy.table.SerializedColumn {name: dec}
#     distance:
#       __class__: astropy.coordinates.distances.Distance
#       unit: !astropy.units.Unit {unit: kpc}
#       value: !astropy.table.SerializedColumn {name: distance}
#     pm_dec:
#       __class__: astropy.units.quantity.Quantity
#       unit: !astropy.units.Unit {unit: mas / yr}
#       value: !astropy.table.SerializedColumn {name: pm_dec}
#     pm_ra_cosdec:
#       __class__: astropy.units.quantity.Quantity
#       unit: !astropy.units.Unit {unit: mas / yr}
#       value: !astropy.table.SerializedColumn {name: pm_ra_cosdec}
#     ra:
#       __class__: astropy.coordinates.angles.Longitude
#       unit: *id001
#       value: !astropy.table.SerializedColumn {name: ra}
#       wrap_angle: !astropy.coordinates.Angle
#         unit: *id001
#         value: 360.0
#     radial_velocity:
#       __class__: astropy.units.quantity.Quantity
#       unit: !astropy.units.Unit {unit: km / s}
#       value: !astropy.table.SerializedColumn {name: radial_velocity}
# schema: astropy-2.0
ra,dec,distance,pm_ra_cosdec,pm_dec,radial_velocity
[from data line 838]
172.1121450182191,-6.014066959448979,3.0023548397067708,-18.834825289996186,-18.085636709405318,37.619118215204026
172.12076801689895,-6.008566667773199,3.002968791459441,-18.828561546969876,-18.079135787732564,37.60046202920841
172.12939213840278,-6.003068927818577,3.003582997339799,-18.822299638802804,-18.072635612508467,37.58042779157629
172.13801738248546,-5.997573738668908,3.0041974590388367,-18.816039562608225,-18.066136182619744,37.55901843398378
172.14664374890197,-5.992081099408044,3.0048121782475508,-18.809781315499166,-18.05963749695309,37.536236888106615
172.15527123740705,-5.986591009119934,3.005427156656934,-18.80352489458856,-18.053139554395234,37.51208608562082
172.1638998477553,-5.981103466888643,3.006042395957983,-18.797270296989122,-18.04664235383287,37.48656895820234
172.17252957970143,-5.975618471798258,3.0066578978416896,-18.791017519813497,-18.040145894152744,37.459688437526964
172.18116043299986,-5.97013602293303,3.007273663999051,-18.784766560174123,-18.03365017424155,37.43144745527057
172.18979240740484,-5.964656119377303,3.00788969612106,-18.778517415183313,-18.027155192986037,37.4018489431093
172.19842550267074,-5.959178760215443,3.00850599589871,-18.772270081953206,-18.02066094927293,37.37089583271868
172.20705971855162,-5.9537039445319735,3.0091225650229982,-18.766024557595813,-18.014167441988963,37.33859105577497
172.21569505480153,-5.948231671411499,3.0097394051849173,-18.75978083922299,-18.007674670020858,37.30493754395379
172.2243315111743,-5.94276193993873,3.010356518075462,-18.75353892394644,-18.00118263225537,37.26993822893121
172.23296908742387,-5.937294749198404,3.0109739053856264,-18.747298808877723,-17.994691327579243,37.23359604238311
172.2416077833038,-5.931830098275425,3.0115915688064048,-18.741060491128223,-17.988200754879202,37.19591391598549
172.25024759856774,-5.926367986254753,3.012209510028794,-18.734823967809223,-17.981710913042015,37.15689478141404
172.25888853296905,-5.920908412221485,3.0128277307437856,-18.728589236031798,-17.975221800954426,37.11654157034473
172.26753058626127,-5.915451375260721,3.013446232642375,-18.722356292906927,-17.968733417503184,37.0748572144535
172.27617375819753,-5.909996874457734,3.0140650174155574,-18.716125135545393,-17.962245761575055,37.031844645416214
172.28481804853095,-5.904544908897869,3.0146840867543263,-18.70989576105788,-17.955758832056794,36.987506794908924
172.29346345701455,-5.899095477666578,3.015303442349677,-18.70366816655488,-17.949272627835153,36.94184659460734
172.30210998340135,-5.893648579849346,3.0159230858926027,-18.69744234914677,-17.94278714779691,36.89486697618741
172.31075762744408,-5.888204214531811,3.016543019074099,-18.691218305943735,-17.93630239082883,36.84657087132519
172.3194063888954,-5.882762380799687,3.0171632435851605,-18.684996034055864,-17.92981835581768,36.7969612116964
172.32805626750792,-5.877323077738809,3.01778376111678,-18.678775530593068,-17.923335041650233,36.746040928976925
172.33670726303413,-5.8718863044350185,3.018404573359954,-18.672556792665105,-17.91685244721326,36.69381295484283
172.3453593752264,-5.86645205997434,3.0190256820056756,-18.666339817381598,-17.910370571393535,36.64028022096996
172.35401260383694,-5.861020343442851,3.01964708874494,-18.660124601852026,-17.90388941307785,36.58544565903401
172.3626669486178,-5.855591153926759,3.0202687952687404,-18.653911143185713,-17.89740897115297,36.529312200711296
172.37132240932118,-5.850164490512284,3.0208908032680735,-18.64769943849182,-17.890929244505696,36.47188277767739
172.3799789856989,-5.844740352285812,3.0215131144339322,-18.641489484879394,-17.884450232022797,36.41316032160836
172.38863667750277,-5.8393187383338025,3.0221357304573107,-18.63528127945731,-17.877971932591073,36.35314776417982
172.39729548448437,-5.83389964774283,3.022758653029204,-18.629074819334324,-17.871494345097314,36.291848037068135
172.40595540639544,-5.828483079599487,3.023381883840606,-18.622870101618997,-17.865017468428313,36.22926407194894
172.4146164429874,-5.823069032990537,3.024005424582513,-18.61666712341979,-17.858541301470844,36.165398800498075
172.42327859401155,-5.817657507002806,3.024629276945918,-18.61046588184498,-17.852065843111728,36.10025515439151
172.43194185921908,-5.812248500723244,3.025253442621814,-18.60426637400274,-17.845591092237758,36.033836065305294
172.44060623836126,-5.806842013238812,3.0258779233011985,-18.598068597001056,-17.839117047735726,35.96614446491508
172.449271731189,-5.801438043636649,3.0265027206750648,-18.591872547947794,-17.832643708492434,35.89718328489703
172.45793833745321,-5.796036591003956,3.027127836434406,-18.58567822395066,-17.826171073394686,35.826955456926825
172.46660605690462,-5.79063765442805,3.027753272270218,-18.57948562211722,-17.8196991413293,35.75546391268052
172.47527488929404,-5.785241232996275,3.0283790298734954,-18.57329473955491,-17.813227911183073,35.68271158383384
172.48394483437193,-5.779847325796132,3.029005110935232,-18.567105573370974,-17.806757381842814,35.60870140206294
172.49261589188873,-5.774455931915222,3.0296315171464214,-18.560918120672568,-17.800287552195336,35.533436299043544
172.50128806159483,-5.769067050441162,3.0302582501980595,-18.554732378566676,-17.793818421127455,35.45691920645148
172.5099613432404,-5.76368068046174,3.0308853117811396,-18.54854834416012,-17.787349987525978,35.37915305596294
172.5186357365756,-5.758296821064813,3.0315127035866576,-18.542366014559605,-17.780882250277724,35.30014077925355
172.52731124135028,-5.752915471338349,3.032140427305608,-18.536185386871658,-17.774415208269502,35.21988530799939
172.5359878573145,-5.74753663037034,3.032768484628983,-18.530006458202717,-17.767948860388145,35.138389573876154
172.5446655842179,-5.742160297248949,3.033396877247779,-18.523829225659032,-17.761483205520467,35.05565650855999
172.55334442181018,-5.736786471062398,3.03402560685299,-18.517653686346705,-17.75501824255328,34.97168904372675
172.56202436984083,-5.7314151508990365,3.03465467513561,-18.511479837371734,-17.748553970373425,34.886490111052126
172.5707054280593,-5.726046335847227,3.0352840837866344,-18.505307675839905,-17.74209038786771,34.800062642212254
172.57938759621496,-5.720680024995504,3.035913834497057,-18.499137198856932,-17.735627493922966,34.71240956888293
172.58807087405688,-5.715316217432467,3.0365439289578724,-18.49296840352836,-17.729165287426024,34.623533822740136
172.59675526133418,-5.709954912246836,3.037174368860075,-18.486801286959565,-17.722703767263702,34.533438335459586
172.60544075779586,-5.704596108527348,3.03780515589466,-18.48063584625582,-17.716242932322846,34.442126038717504
172.61412736319076,-5.699239805362909,3.0384362917526193,-18.474472078522226,-17.709782781490276,34.34959986418952
172.6228150772676,-5.693886001842494,3.0390677781249513,-18.468309980863722,-17.703323313652813,34.25586274355155
172.6315038997749,-5.6885346970551955,3.039699616702647,-18.46214955038518,-17.69686452769732,34.16091760847966
172.64019383046136,-5.683185890090126,3.040331809176702,-18.45599078419125,-17.690406422510605,34.0647673906496
172.6488848690752,-5.677839580036562,3.0409643572381118,-18.44983367938647,-17.68394899697951,33.96741502173742
172.65757701536478,-5.672495765983855,3.0415972625778704,-18.443678233075246,-17.677492249990873,33.86886343341887
172.66627026907818,-5.667154447021469,3.0422305268869705,-18.437524442361827,-17.67103618043154,33.7691155573699
172.67496462996354,-5.661815622238891,3.042864151856409,-18.431372304350315,-17.664580787188335,33.668174325266506
172.68366009776875,-5.656479290725775,3.043498139177178,-18.425221816144685,-17.658126069148107,33.56604266878445
172.69235667224154,-5.65114545157184,3.044132490540274,-18.419072974848756,-17.65167202519769,33.46272351959978
172.70105435312968,-5.645814103866927,3.0447672076366916,-18.412925777566215,-17.645218654223928,33.35821980938823
172.70975314018074,-5.640485246700899,3.0454022921574238,-18.406780221400606,-17.638765955113666,33.252534469825875
172.7184530331422,-5.63515887916378,3.0460377457934644,-18.40063630345534,-17.632313926753756,33.145670432588496
172.7271540317614,-5.629835000345665,3.0466735702358103,-18.394494020833644,-17.625862568031025,33.03763062935199
172.73585613578547,-5.6245136093367725,3.047309767175454,-18.388353370638658,-17.619411877832327,32.92841799179238
172.74455934496163,-5.619194705227332,3.047946338303391,-18.38221434997336,-17.612961855044514,32.818035451585494
172.7532636590369,-5.613878287107745,3.048583285310616,-18.376076955940565,-17.606512498554412,32.70648594040713
172.7619690777581,-5.608564354068485,3.0492206098881214,-18.369941185642993,-17.6000638072489,32.59377238993341
172.77067560087193,-5.603252905200139,3.0498583137269035,-18.36380703618318,-17.593615780014808,32.479897731840104
172.77938322812517,-5.597943939593313,3.0504963985179576,-18.35767450466353,-17.58716841573898,32.364864897803095
172.7880919592643,-5.592637456338787,3.051134865952276,-18.351543588186342,-17.580721713308282,32.24867681949841
172.79680179403567,-5.587333454527423,3.051773717720854,-18.34541428385372,-17.574275671609556,32.13133642860181
172.8055127321857,-5.582031933250117,3.052412955514687,-18.33928658876766,-17.567830289529656,32.01284665678917
172.81422477346047,-5.5767328915979215,3.053052581024768,-18.333160500030026,-17.56138556595543,31.893210435736655
172.8229379176061,-5.571436328661964,3.0536925959420915,-18.32703601474251,-17.554941499773744,31.772430697119795
172.83165216436845,-5.566142243533487,3.0543330019576533,-18.3209131300067,-17.548498089871437,31.65051037261479
172.84036751349348,-5.560850635303752,3.054973800762447,-18.314791842924006,-17.542055335135373,31.527452393897395
172.8490839647268,-5.555561503064193,3.0556149940474664,-18.308672150595733,-17.535613234452413,31.403259692643616
172.857801517814,-5.550274845906311,3.0562565835037065,-18.302554050123035,-17.529171786709398,31.277935200529317
172.86652017250057,-5.544990662921721,3.056898570822163,-18.296437538606906,-17.522730990793196,31.15148184923032
172.87523992853193,-5.539708953202062,3.057540957693829,-18.290322613148234,-17.51629084559066,31.02390257042266
172.88396078565327,-5.534429715839141,3.0581837458096985,-18.28420927084775,-17.509851349988654,30.895200295782086
172.89268274360975,-5.52915294992483,3.0588269368607683,-18.278097508806034,-17.503412502874028,30.765377956984533
172.90140580214623,-5.523878654551127,3.0594705325380294,-18.271987324123575,-17.49697430313365,30.63443848570608
172.91012996100778,-5.51860682881004,3.0601145345324796,-18.265878713900648,-17.490536749654375,30.502384813622456
172.9188552199391,-5.5133374717937516,3.0607589445351113,-18.259771675237456,-17.48409984132307,30.369219872409612
172.92758157868482,-5.508070582594511,3.061403764236919,-18.253666205234026,-17.477663577026583,30.234946593743487
172.93630903698943,-5.502806160304689,3.062048995328898,-18.247562300990282,-17.47122795565179,30.099567909299836
172.94503759459744,-5.497544204016669,3.062694639502042,-18.24145995960596,-17.464792976085555,29.963086750754755
172.95376725125308,-5.4922847128230075,3.0633406984473464,-18.23535917818069,-17.458358637214726,29.8255060497841
172.9624980067006,-5.487027685816332,3.0639871738558044,-18.229259953813962,-17.45192493792618,29.68682873806362
172.9712298606839,-5.481773122089384,3.0646340674184116,-18.223162283605138,-17.44549187710678,29.547057747269434
172.9799628129471,-5.476521020734925,3.065281380826163,-18.217066164653403,-17.439059453643377,29.406196009077302
172.9886968632339,-5.471271380845888,3.0659291157700506,-18.210971594057842,-17.43262766642286,29.264246455163207
172.99743201128805,-5.466024201515272,3.0665772739410713,-18.204878568917405,-17.426196514332073,29.12121201720303
173.00616825685307,-5.460779481836194,3.0672258570302184,-18.198787086330864,-17.41976599625789,28.97709562687262
173.0149055996725,-5.4555372209017925,3.067874866728487,-18.192697143396895,-17.413336111087194,28.831900215847934
173.02364403948968,-5.450297417805378,3.0685243047268695,-18.186608737214026,-17.40690685770684,28.68562871580481
173.03238357604778,-5.445060071640317,3.069174172716364,-18.180521864880635,-17.400478235003682,28.538284058419244
173.04112420908987,-5.439825181500112,3.0698244723879617,-18.17443652349498,-17.39405024186461,28.389869175367078
173.04986593835903,-5.43459274647827,3.070475205432658,-18.168352710155173,-17.3876228771765,28.240386998324336
173.05860876359813,-5.4293627656684755,3.0711263735414485,-18.162270421959175,-17.38119613982619,28.089840458966748
173.06735268454986,-5.424135238164477,3.071777978405327,-18.15618965600484,-17.374770028700578,27.938232488970144
173.07609770095675,-5.418910163060148,3.0724300217152867,-18.15011040938988,-17.368344542686526,27.78556602001082
173.0848438125615,-5.413687539449373,3.073082505162324,-18.144032679211847,-17.361919680670912,27.63184398376425
173.0935910191064,-5.4084673664262075,3.073735430437431,-18.13795646256818,-17.355495441540594,27.47706931190654
173.10233932033367,-5.40324964308481,3.074388799231605,-18.131881756556172,-17.34907182418246,27.321244936113576
173.11108871598555,-5.398034368519341,3.075042613235839,-18.125808558272983,-17.342648827483377,27.164373788061226
173.119839205804,-5.392821541824146,3.0756968741411264,-18.119736864815632,-17.33622645033023,27.00645879942555
173.12859078953096,-5.387611162093631,3.0763515836384636,-18.11366667328102,-17.329804691609873,26.847502901882137
173.1373434669081,-5.382403228422322,3.0770067434188437,-18.107597980765892,-17.323383550209194,26.687509027107215
173.14609723767728,-5.377197739904764,3.077662355173263,-18.101530784366872,-17.316963025015067,26.526480106776464
173.15485210157993,-5.3719946956356734,3.0783184205927125,-18.095465081180432,-17.310543114914385,26.364419072565823
173.16360805835745,-5.3667940947098325,3.07897494136819,-18.089400868302913,-17.304123818794,26.201328856151363
173.17236510775115,-5.361595936222145,3.079631919190689,-18.08333814283054,-17.29770513554079,26.037212389208843
173.1811232495023,-5.35640021926753,3.080289355751203,-18.077276901859396,-17.29128706404166,25.872072603414075
173.18988248335182,-5.351206942941081,3.080947252740728,-18.07121714248541,-17.28486960318347,25.705912430443195
173.1986428090408,-5.346016106337954,3.081605611850257,-18.06515886180439,-17.2784527518531,25.53873480197188
173.20740422630988,-5.3408277085534275,3.082264434770785,-18.059102056912014,-17.27203650893744,25.370542649676146
173.2161667348999,-5.335641748682801,3.082923723193307,-18.053046724903812,-17.265620873323346,25.20133890523194
173.2249303345514,-5.330458225821542,3.083583478808816,-18.0469928628752,-17.25920584389774,25.031126500315093
173.2336950250048,-5.325277139065181,3.0842437033083083,-18.040940467921445,-17.25279141954748,24.859908366601584
173.24246080600042,-5.320098487509375,3.0849043983827773,-18.034889537137673,-17.246377599159448,24.68768743576719
173.25122767727854,-5.314922270249796,3.0855655657232184,-18.028840067618898,-17.239964381620535,24.514466639487882
173.25999563857923,-5.309748486382289,3.0862272070206243,-18.022792056459988,-17.233551765817634,24.340248909439545
173.26876468964244,-5.304577135002763,3.0868893239659903,-18.01674550075567,-17.22713975063761,24.16503717729802
173.27753483020794,-5.299408215207246,3.0875519182503113,-18.01070039760055,-17.22072833496737,23.988834374739408
173.28630606001556,-5.2942417260917916,3.088214991564581,-18.00465674408909,-17.214317517693786,23.811643433439407
173.2950783788049,-5.289077666752617,3.088878545599795,-17.99861453731563,-17.207907297703755,23.63346728507412
173.30385178631536,-5.283916036286008,3.089542582046947,-17.99257377437436,-17.201497673884166,23.45430886131929
173.31262628228635,-5.2787568337883695,3.0902071025970304,-17.986534452359372,-17.19508864512191,23.274171093850796
