galstreams/tracks/track.st.Leiptr.ibata2021.ecsv
# %ECSV 0.9
# ---
# datatype:
# - {name: ra, unit: deg, datatype: float64}
# - {name: dec, unit: deg, datatype: float64}
# - {name: distance, unit: kpc, datatype: float64}
# - {name: pm_ra_cosdec, unit: mas / yr, datatype: float64}
# - {name: pm_dec, unit: mas / yr, datatype: float64}
# - {name: radial_velocity, unit: km / s, datatype: float64}
# delimiter: ','
# meta: !!omap
# - __serialized_columns__:
#     dec:
#       __class__: astropy.coordinates.angles.Latitude
#       unit: &id001 !astropy.units.Unit {unit: deg}
#       value: !astropy.table.SerializedColumn {name: dec}
#     distance:
#       __class__: astropy.coordinates.distances.Distance
#       unit: !astropy.units.Unit {unit: kpc}
#       value: !astropy.table.SerializedColumn {name: distance}
#     pm_dec:
#       __class__: astropy.units.quantity.Quantity
#       unit: !astropy.units.Unit {unit: mas / yr}
#       value: !astropy.table.SerializedColumn {name: pm_dec}
#     pm_ra_cosdec:
#       __class__: astropy.units.quantity.Quantity
#       unit: !astropy.units.Unit {unit: mas / yr}
#       value: !astropy.table.SerializedColumn {name: pm_ra_cosdec}
#     ra:
#       __class__: astropy.coordinates.angles.Longitude
#       unit: *id001
#       value: !astropy.table.SerializedColumn {name: ra}
#       wrap_angle: !astropy.coordinates.Angle
#         unit: *id001
#         value: 360.0
#     radial_velocity:
#       __class__: astropy.units.quantity.Quantity
#       unit: !astropy.units.Unit {unit: km / s}
#       value: !astropy.table.SerializedColumn {name: radial_velocity}
# schema: astropy-2.0
ra,dec,distance,pm_ra_cosdec,pm_dec,radial_velocity
[from data line 6818]
113.22070946840981,-43.36028264851911,6.178547638791215,8.778353616047498,-5.1296668653292725,-3.368306851948935e-14
113.2323901984259,-43.36560276207569,6.177837742772459,8.776993464468053,-5.127282905557666,8.420767129872338e-15
113.24407281557326,-43.37092189542631,6.177127417345419,8.775632539457005,-5.124898741671093,1.6841534259744676e-14
113.25575732018699,-43.37624004821542,6.176416662361243,8.774270840771537,-5.122514374037417,7.578690416885104e-14
113.26744371260189,-43.38155722008747,6.175705477671088,8.772908368168785,-5.120129803024739,0.0
113.27913199315259,-43.38687341068674,6.1749938631261125,8.771545121405905,-5.117745029001397,3.368306851948935e-14
113.29082216217348,-43.39218861965744,6.174281818577466,8.77018110024003,-5.115360052335966,2.5262301389617013e-14
113.30251421999886,-43.39750284664376,6.1735693438763075,8.768816304428286,-5.112974873397249,-8.420767129872338e-15
113.31420816696263,-43.4028160912897,6.172856438873791,8.767450733727792,-5.1105894925543005,8.420767129872338e-15
113.32590400339865,-43.408128353239256,6.172143103421071,8.76608438789566,-5.108203910176401,-8.420767129872338e-15
113.33760172964053,-43.41343963213632,6.171429337369305,8.764717266688988,-5.105818126633065,8.420767129872338e-15
113.34930134602162,-43.41874992762467,6.170715140569643,8.76334936986487,-5.1034321422940465,-8.420767129872338e-15
113.36100285287512,-43.42405923934801,6.170000512873244,8.761980697180391,-5.101045957529339,-5.0524602779234026e-14
113.372706250534,-43.429367566950006,6.169285454131262,8.760611248392637,-5.098659572709179,-1.6841534259744676e-14
113.38441153933104,-43.43467491007417,6.168569964194852,8.759241023258664,-5.096272988204016,-3.368306851948935e-14
113.39611871959877,-43.43998126836395,6.167854042915169,8.757870021535542,-5.093886204384564,1.6841534259744676e-14
113.40782779166959,-43.445286641462744,6.167137690143368,8.75649824298032,-5.091499221621755,-1.6841534259744676e-14
113.4195387558756,-43.450591029013815,6.166420905730606,8.755125687350048,-5.089112040286764,0.0
113.43125161254875,-43.455894430660386,6.1657036895280335,8.753752354401765,-5.0867246607510115,0.0
113.44296636202077,-43.46119684604554,6.164986041386812,8.752378243892496,-5.0843370833861385,0.0
113.45468300462316,-43.466498274812324,6.164267961158089,8.751003355579282,-5.081949308564043,-2.5262301389617013e-14
113.46640154068726,-43.47179871660369,6.163549448693023,8.749627689219125,-5.0795613366568375,0.0
113.47812197054411,-43.47709817106249,6.162830503842771,8.748251244569042,-5.077173168036895,3.368306851948935e-14
113.48984429452464,-43.482396637831485,6.162111126458488,8.746874021386036,-5.074784803076806,4.210383564936169e-14
113.50156851295952,-43.48769411655338,6.161391316391324,8.745496019427097,-5.072396242149413,0.0
113.51329462617917,-43.49299060687077,6.160671073492438,8.744117238449233,-5.070007485627796,-5.894536990910637e-14
113.52502263451392,-43.49828610842618,6.159950397612986,8.742737678209416,-5.067618533885259,-4.210383564936169e-14
113.53675253829374,-43.50358062086204,6.15922928860412,8.741357338464626,-5.065229387295359,-5.894536990910637e-14
113.54848433784852,-43.50887414382072,6.158507746316997,8.739976218971833,-5.06284004623188,0.0
113.56021803350782,-43.514166676944434,6.1577857706027705,8.738594319488008,-5.060450511068856,-2.5262301389617013e-14
113.57195362560108,-43.519458219875396,6.1570633613126,8.737211639770106,-5.0580607821805454,0.0
113.5836911144575,-43.5247487722557,6.156340518297633,8.735828179575083,-5.055670859941455,1.6841534259744676e-14
113.59543050040602,-43.53003833372734,6.155617241409031,8.73444393865989,-5.0532807447263295,4.210383564936169e-14
113.60717178377541,-43.53532690393224,6.154893530497946,8.733058916781467,-5.05089043691015,-5.0524602779234026e-14
113.6189149648943,-43.54061448251226,6.154169385415534,8.731673113696758,-5.048499936868124,-2.5262301389617013e-14
113.63066004409092,-43.545901069109135,6.153444806012948,8.730286529162687,-5.046109244975727,-5.894536990910637e-14
113.64240702169344,-43.55118666336454,6.152719792141347,8.72889916293618,-5.043718361608641,-8.420767129872338e-15
113.65415589802979,-43.556471264920056,6.151994343651883,8.72751101477417,-5.04132728714281,-2.5262301389617013e-14
113.66590667342766,-43.56175487341719,6.151268460395711,8.726122084433563,-5.038936021954399,-5.894536990910637e-14
113.67765934821449,-43.567037488497334,6.150542142223987,8.72473237167128,-5.036544566419832,0.0
113.68941392271758,-43.57231910980185,6.149815388987867,8.723341876244223,-5.034152920915757,8.420767129872338e-15
113.70117039726398,-43.57759973697197,6.149088200538504,8.721950597909299,-5.0317610858190625,0.0
113.71292877218049,-43.58287936964885,6.148360576727054,8.720558536423402,-5.029369061506883,3.368306851948935e-14
113.7246890477937,-43.58815800747355,6.147632517404673,8.719165691543433,-5.0269768483565915,-2.5262301389617013e-14
113.73645122443011,-43.593435650087116,6.146904022422512,8.71777206302628,-5.024584446745788,-5.0524602779234026e-14
113.74821530241582,-43.598712297130405,6.146175091631731,8.716377650628827,-5.0221918570523325,0.0
113.7599812820768,-43.60398794824424,6.145445724883483,8.714982454107963,-5.0197990796543115,-2.5262301389617013e-14
113.77174916373882,-43.60926260306938,6.144715922028923,8.71358647322056,-5.017406114930049,-2.5262301389617013e-14
113.78351894772743,-43.61453626124648,6.1439856829192045,8.712189707723496,-5.015012963258112,-8.420767129872338e-15
113.79529063436786,-43.61980892241609,6.143255007405488,8.71079215737364,-5.012619625017315,-2.5262301389617013e-14
113.80706422398526,-43.625080586218715,6.142523895338921,8.709393821927867,-5.010226100586706,-8.420767129872338e-15
113.81883971690452,-43.630351252294744,6.141792346570663,8.707994701143036,-5.0078323903455715,4.210383564936169e-14
113.83061711345022,-43.635620920284495,6.141060360951868,8.706594794776013,-5.005438494673442,2.5262301389617013e-14
113.84239641394686,-43.64088958982818,6.1403279383336935,8.70519410258365,-5.003044413950083,-3.368306851948935e-14
113.85417761871864,-43.646157260565964,6.139595078567289,8.703792624322814,-5.000650148555502,-8.420767129872338e-15
113.86596072808952,-43.651423932137924,6.138861781503816,8.70239035975035,-4.998255698869957,1.6841534259744676e-14
113.87774574238328,-43.656689604184024,6.1381280469944235,8.700987308623112,-4.995861065273935,-2.5262301389617013e-14
113.88953266192351,-43.661954276344154,6.137393874890272,8.699583470697945,-4.99346624814816,8.420767129872338e-15
113.90132148703354,-43.66721794825812,6.1366592650425105,8.698178845731697,-4.991071247873609,-5.894536990910637e-14
113.91311221803643,-43.67248061956567,6.135924217302301,8.696773433481212,-4.988676064831496,8.420767129872338e-15
113.9249048552551,-43.67774228990641,6.135188731520794,8.695367233703333,-4.986280699403272,-1.6841534259744676e-14
113.9366993990122,-43.68300295891994,6.134452807549142,8.693960246154898,-4.983885151970629,-8.420767129872338e-15
113.94849584963018,-43.6882626262457,6.133716445238507,8.692552470592744,-4.9814894229155104,-1.6841534259744676e-14
113.96029420743126,-43.69352129152309,6.132979644440039,8.69114390677371,-4.979093512620083,0.0
113.97209447273744,-43.69877895439142,6.132242405004897,8.689734554454624,-4.976697421466767,-2.5262301389617013e-14
113.98389664587049,-43.70403561448991,6.131504726784231,8.688324413392325,-4.974301149838224,1.6841534259744676e-14
113.99570072715196,-43.70929127145769,6.130766609629201,8.686913483343645,-4.971904698117355,-2.5262301389617013e-14
114.00750671690317,-43.71454592493382,6.130028053390959,8.685501764065412,-4.969508066687299,-2.5262301389617013e-14
114.01931461544525,-43.719799574557285,6.1292890579206585,8.68408925531446,-4.967111255931436,0.0
114.03112442309902,-43.725052219966926,6.128549623069459,8.682675956847607,-4.964714266233399,-4.210383564936169e-14
114.04293614018518,-43.730303860801584,6.127809748688512,8.68126186842169,-4.962317097977053,-5.0524602779234026e-14
114.05474976702419,-43.73555449669997,6.1270694346289725,8.679846989793536,-4.959919751546496,0.0
114.06656530393614,-43.740804127300706,6.126328680742,8.678431320719968,-4.957522227326096,-8.420767129872338e-15
114.0783827512411,-43.74605275224235,6.125587486878746,8.677014860957813,-4.955124525700436,-8.420767129872338e-15
114.09020210925878,-43.751300371163374,6.124845852890363,8.6755976102639,-4.952726647054348,-4.210383564936169e-14
114.10202337830873,-43.75654698370215,6.12410377862801,8.674179568395047,-4.950328591772911,2.5262301389617013e-14
114.1138465587102,-43.76179258949698,6.1233612639428445,8.672760735108088,-4.947930360241454,0.0
114.12567165078231,-43.76703718818608,6.122618308686013,8.671341110159847,-4.945531952845525,0.0
114.13749865484387,-43.77228077940759,6.121874912708678,8.669920693307146,-4.943133369970933,-4.210383564936169e-14
114.14932757121348,-43.777523362799535,6.1211310758619915,8.668499484306817,-4.940734612003729,-3.368306851948935e-14
114.16115840020956,-43.782764937999914,6.12038679799711,8.667077482915687,-4.938335679330197,-2.5262301389617013e-14
114.17299114215028,-43.788005504646584,6.119642078965185,8.665654688890578,-4.935936572336868,8.420767129872338e-15
114.18482579735353,-43.79324506237736,6.118896918617376,8.664231101988324,-4.93353729141052,4.210383564936169e-14
114.19666236613699,-43.79848361082991,6.118151316804837,8.662806721965747,-4.931137836938172,-8.420767129872338e-15
114.20850084881818,-43.80372114964193,6.117405273378719,8.661381548579683,-4.92873820930708,-7.578690416885104e-14
114.22034124571431,-43.80895767845094,6.116658788190183,8.659955581586972,-4.9263384089047495,-8.420767129872338e-15
114.23218355714239,-43.81419319689438,6.115911861090382,8.658528820744431,-4.923938436118928,-5.0524602779234026e-14
114.24402778341923,-43.819427704609666,6.115164491930468,8.657101265808908,-4.921538291337607,0.0
114.25587392486136,-43.82466120123408,6.1144166805615985,8.655672916537227,-4.919137974949013,-1.6841534259744676e-14
114.2677219817851,-43.82989368640484,6.113668426834931,8.654243772686234,-4.916737487341631,8.420767129872338e-15
114.27957195450651,-43.83512515975907,6.112919730601615,8.652813834012765,-4.9143368289041796,6.73661370389787e-14
114.29142384334149,-43.84035562093383,6.112170591712809,8.651383100273662,-4.911936000025618,-1.6841534259744676e-14
114.30327764860563,-43.84558506956607,6.111421010019667,8.649951571225774,-4.909535001095156,1.6841534259744676e-14
114.3151333706143,-43.850813505292656,6.110670985373346,8.648519246625938,-4.907133832502249,-6.73661370389787e-14
114.32699100968274,-43.85604092775044,6.109920517624996,8.64708612623101,-4.904732494636586,2.5262301389617013e-14
114.3388505661258,-43.86126733657609,6.109169606625781,8.645652209797834,-4.902330987888108,0.0
114.35071204025819,-43.866492731406254,6.108418252226847,8.64421749708327,-4.899929312647,-1.6841534259744676e-14
114.3625754323944,-43.87171711187747,6.107666454279354,8.642781987844174,-4.897527469303689,1.6841534259744676e-14
114.3744407428486,-43.87694047762623,6.106914212634453,8.641345681837397,-4.89512545824884,-5.0524602779234026e-14
114.38630797193483,-43.8821628282889,6.106161527143305,8.63990857881981,-4.892723279873374,2.5262301389617013e-14
114.3981771199668,-43.88738416350177,6.10540839765706,8.638470678548273,-4.890320934568454,0.0
114.4100481872581,-43.89260448290107,6.104654824026874,8.63703198077966,-4.887918422725474,1.6841534259744676e-14
114.42192117412195,-43.89782378612292,6.103900806103905,8.635592485270843,-4.885515744736092,0.0
114.43379608087142,-43.903042072803395,6.103146343739303,8.634152191778691,-4.8831129009922005,-8.420767129872338e-15
114.44567290781933,-43.908259342578454,6.102391436784228,8.63271110006009,-4.8807098918859335,-8.420767129872338e-15
114.45755165527827,-43.91347559508398,6.101636085089832,8.631269209871922,-4.878306717809673,-4.210383564936169e-14
114.46943232356057,-43.91869082995576,6.100880288507271,8.629826520971076,-4.87590337915605,-5.0524602779234026e-14
114.48131491297832,-43.92390504682954,6.100124046887698,8.628383033114442,-4.87349987631794,-5.894536990910637e-14
114.49319942384342,-43.92911824534095,6.0993673600822715,8.626938746058913,-4.87109620968845,0.0
114.50508585646747,-43.934330425125545,6.098610227942145,8.6254936595614,-4.868692379660956,0.0
114.51697421116188,-43.93954158581879,6.097852650318474,8.624047773378793,-4.866288386629057,0.0
114.52886448823782,-43.94475172705609,6.097094627062412,8.622601087268013,-4.863884230986606,0.0
114.54075668800617,-43.94996084847273,6.0963361580251165,8.621153600985966,-4.861479913127704,0.0
114.55265081077762,-43.95516894970395,6.09557724305774,8.619705314289584,-4.8590754334467015,8.420767129872338e-15
114.56454685686262,-43.960376030384886,6.094817882011438,8.618256226935781,-4.85667079233818,-2.5262301389617013e-14
114.57644482657138,-43.96558209015062,6.094058074737366,8.616806338681489,-4.8542659901969705,2.5262301389617013e-14
114.58834472021383,-43.9707871286361,6.093297821086682,8.615355649283643,-4.851861027418163,-1.6841534259744676e-14
114.6002465380997,-43.97599114547622,6.092537120910535,8.613904158499187,-4.849455904397082,-6.73661370389787e-14
114.61215028053849,-43.981194140305824,6.091775974060085,8.61245186608506,-4.847050621529293,-3.368306851948935e-14
114.62405594783941,-43.98639611275962,6.091014380386484,8.610998771798226,-4.844645179210627,3.368306851948935e-14
114.63596354031147,-43.99159706247225,6.09025233974089,8.609544875395635,-4.8422395778371365,2.5262301389617013e-14
114.64787305826347,-43.9967969890783,6.089489851974453,8.608090176634253,-4.8398338178051326,2.5262301389617013e-14
114.65978450200384,-44.001995892212236,6.088726916938334,8.60663467527105,-4.837427899511182,5.894536990910637e-14
114.67169787184086,-44.007193771508454,6.087963534483684,8.605178371063001,-4.8350218233520845,-6.73661370389787e-14
114.68361316808264,-44.01239062660129,6.0871997044616615,8.603721263767095,-4.832615589724882,-4.210383564936169e-14
114.69553039103694,-44.01758645712499,6.086435426723416,8.602263353140318,-4.830209199026875,-5.0524602779234026e-14
114.70744954101126,-44.022781262713686,6.08567070112011,8.600804638939664,-4.827802651655604,-2.5262301389617013e-14
114.71937061831292,-44.02797504300146,6.084905527502893,8.599345120922145,-4.825395948008863,-2.5262301389617013e-14
114.73129362324904,-44.03316779762231,6.084139905722919,8.597884798844765,-4.822989088484681,3.368306851948935e-14
114.74321855612634,-44.038359526210144,6.083373835631349,8.596423672464542,-4.820582073481345,-3.368306851948935e-14
114.75514541725143,-44.043550228398765,6.082607317079332,8.594961741538501,-4.818174903397383,-2.5262301389617013e-14
114.76707420693064,-44.04873990382194,6.081840349918027,8.59349900582368,-4.815767578631569,-8.420767129872338e-14
114.77900492547008,-44.05392855211335,6.081072933998588,8.592035465077114,-4.8133600995829235,9.262843842859572e-14
114.7909375731755,-44.059116172906535,6.080305069172168,8.590571119055856,-4.810952466650733,1.6841534259744676e-14
114.80287215035257,-44.064302765835016,6.079536755289927,8.589105967516954,-4.808544680234492,4.210383564936169e-14
114.8148086573066,-44.06948833053221,6.078767992203013,8.58764001021748,-4.80613674073398,-7.578690416885104e-14
114.8267470943427,-44.074672866631474,6.077998779762587,8.586173246914502,-4.803728648549204,-3.368306851948935e-14
114.8386874617657,-44.079856373766034,6.0772291178198,8.5847056773651,-4.8013204040804265,0.0
114.85062975988023,-44.08503885156906,6.07645900622581,8.583237301326365,-4.798912007728148,-8.420767129872338e-15
114.86257398899063,-44.09022029967366,6.07568844483177,8.581768118555392,-4.796503459893133,1.6841534259744676e-14
114.87452014940102,-44.09540071771284,6.074917433488837,8.580298128809293,-4.794094760976375,6.73661370389787e-14
