galstreams/tracks/track.po.Sangarius.grillmair2017.ecsv
# %ECSV 0.9
# ---
# datatype:
# - {name: ra, unit: deg, datatype: float64}
# - {name: dec, unit: deg, datatype: float64}
# - {name: distance, unit: kpc, datatype: float64}
# - {name: pm_ra_cosdec, unit: mas / yr, datatype: float64}
# - {name: pm_dec, unit: mas / yr, datatype: float64}
# - {name: radial_velocity, unit: km / s, datatype: float64}
# delimiter: ','
# meta: !!omap
# - __serialized_columns__:
#     dec:
#       __class__: astropy.coordinates.angles.Latitude
#       unit: &id001 !astropy.units.Unit {unit: deg}
#       value: !astropy.table.SerializedColumn {name: dec}
#     distance:
#       __class__: astropy.coordinates.distances.Distance
#       unit: !astropy.units.Unit {unit: kpc}
#       value: !astropy.table.SerializedColumn {name: distance}
#     pm_dec:
#       __class__: astropy.units.quantity.Quantity
#       unit: !astropy.units.Unit {unit: mas / yr}
#       value: !astropy.table.SerializedColumn {name: pm_dec}
#     pm_ra_cosdec:
#       __class__: astropy.units.quantity.Quantity
#       unit: !astropy.units.Unit {unit: mas / yr}
#       value: !astropy.table.SerializedColumn {name: pm_ra_cosdec}
#     ra:
#       __class__: astropy.coordinates.angles.Longitude
#       unit: *id001
#       value: !astropy.table.SerializedColumn {name: ra}
#       wrap_angle: !astropy.coordinates.Angle
#         unit: *id001
#         value: 360.0
#     radial_velocity:
#       __class__: astropy.units.quantity.Quantity
#       unit: !astropy.units.Unit {unit: km / s}
#       value: !astropy.table.SerializedColumn {name: radial_velocity}
# schema: astropy-2.0
ra,dec,distance,pm_ra_cosdec,pm_dec,radial_velocity
[from data line 4096]
132.0813941402257,23.322509156060914,21.000000000000018,0.0,0.0,0.0
132.080853550726,23.33249882669545,21.00000000000002,0.0,0.0,0.0
132.0803128799097,23.34248849547478,21.000000000000018,0.0,0.0,0.0
132.07977212772562,23.35247816239772,21.00000000000002,0.0,0.0,0.0
132.0792312941225,23.362467827463107,21.000000000000018,0.0,0.0,0.0
132.07869037904908,23.37245749066978,21.00000000000002,0.0,0.0,0.0
132.07814938245411,23.382447152016574,21.000000000000018,0.0,0.0,0.0
132.0776083042862,23.392436811502296,21.000000000000018,0.0,0.0,0.0
132.07706714449407,23.402426469125782,21.000000000000018,0.0,0.0,0.0
132.0765259030263,23.412416124885873,21.000000000000018,0.0,0.0,0.0
132.07598457983156,23.422405778781375,21.00000000000002,0.0,0.0,0.0
132.0754431748584,23.43239543081113,21.00000000000002,0.0,0.0,0.0
132.0749016880554,23.44238508097396,21.000000000000018,0.0,0.0,0.0
132.07436011937108,23.452374729268698,21.000000000000018,0.0,0.0,0.0
132.07381846875393,23.462364375694154,21.000000000000018,0.0,0.0,0.0
132.07327673615248,23.472354020249163,21.000000000000018,0.0,0.0,0.0
132.07273492151515,23.48234366293253,21.00000000000002,0.0,0.0,0.0
132.07219302479032,23.492333303743102,21.000000000000025,0.0,0.0,0.0
132.0716510459265,23.5023229426797,21.00000000000002,0.0,0.0,0.0
132.07110898487204,23.51231257974113,21.000000000000018,0.0,0.0,0.0
132.07056684157527,23.522302214926217,21.00000000000002,0.0,0.0,0.0
132.07002461598452,23.532291848233804,21.00000000000002,0.0,0.0,0.0
132.06948230804812,23.542281479662677,21.000000000000025,0.0,0.0,0.0
132.06893991771432,23.552271109211684,21.00000000000002,0.0,0.0,0.0
132.06839744493138,23.562260736879626,21.00000000000002,0.0,0.0,0.0
132.06785488964752,23.57225036266533,21.00000000000002,0.0,0.0,0.0
132.06731225181096,23.582239986567615,21.00000000000002,0.0,0.0,0.0
132.06676953136986,23.59222960858528,21.00000000000002,0.0,0.0,0.0
132.06622672827237,23.602219228717164,21.00000000000002,0.0,0.0,0.0
132.06568384246657,23.612208846962083,21.00000000000002,0.0,0.0,0.0
132.06514087390065,23.62219846331884,21.00000000000002,0.0,0.0,0.0
132.06459782252261,23.632188077786267,21.00000000000002,0.0,0.0,0.0
132.06405468828052,23.642177690363148,21.00000000000002,0.0,0.0,0.0
132.06351147112244,23.652167301048316,21.000000000000025,0.0,0.0,0.0
132.06296817099627,23.6621569098406,21.000000000000018,0.0,0.0,0.0
132.06242478785003,23.672146516738785,21.000000000000025,0.0,0.0,0.0
132.06188132163166,23.682136121741692,21.00000000000002,0.0,0.0,0.0
132.06133777228908,23.692125724848136,21.00000000000002,0.0,0.0,0.0
132.06079413977017,23.702115326056933,21.000000000000018,0.0,0.0,0.0
132.06025042402283,23.71210492536688,21.00000000000002,0.0,0.0,0.0
132.05970662499485,23.722094522776786,21.00000000000002,0.0,0.0,0.0
132.05916274263402,23.732084118285467,21.00000000000002,0.0,0.0,0.0
132.0586187768882,23.74207371189175,21.00000000000002,0.0,0.0,0.0
132.05807472770508,23.7520633035944,21.00000000000002,0.0,0.0,0.0
132.05753059503246,23.762052893392255,21.000000000000025,0.0,0.0,0.0
132.056986378818,23.77204248128412,21.00000000000002,0.0,0.0,0.0
132.0564420790094,23.78203206726879,21.00000000000002,0.0,0.0,0.0
132.0558976955543,23.79202165134508,21.000000000000025,0.0,0.0,0.0
132.05535322840032,23.802011233511795,21.00000000000002,0.0,0.0,0.0
132.0548086774951,23.812000813767717,21.000000000000025,0.0,0.0,0.0
132.05426404278617,23.821990392111694,21.00000000000002,0.0,0.0,0.0
132.0537193242211,23.831979968542473,21.00000000000002,0.0,0.0,0.0
132.05317452174745,23.8419695430589,21.00000000000002,0.0,0.0,0.0
132.05262963531266,23.851959115659763,21.000000000000025,0.0,0.0,0.0
132.05208466486425,23.86194868634386,21.00000000000002,0.0,0.0,0.0
132.0515396103496,23.87193825511,21.00000000000002,0.0,0.0,0.0
132.0509944717162,23.88192782195697,21.00000000000002,0.0,0.0,0.0
132.05044924891138,23.891917386883573,21.00000000000002,0.0,0.0,0.0
132.04990394188255,23.901906949888627,21.00000000000002,0.0,0.0,0.0
132.049358550577,23.91189651097091,21.000000000000025,0.0,0.0,0.0
132.0488130749421,23.92188607012921,21.00000000000002,0.0,0.0,0.0
132.0482675149251,23.931875627362352,21.000000000000025,0.0,0.0,0.0
132.04772187047325,23.94186518266911,21.000000000000025,0.0,0.0,0.0
132.04717614153384,23.951854736048297,21.00000000000002,0.0,0.0,0.0
132.046630328054,23.961844287498696,21.00000000000002,0.0,0.0,0.0
132.04608442998097,23.971833837019094,21.00000000000002,0.0,0.0,0.0
132.04553844726183,23.981823384608308,21.000000000000018,0.0,0.0,0.0
132.0449923798438,23.991812930265116,21.00000000000002,0.0,0.0,0.0
132.04444622767392,24.00180247398831,21.00000000000002,0.0,0.0,0.0
132.04389999069926,24.01179201577669,21.00000000000003,0.0,0.0,0.0
132.04335366886687,24.021781555629044,21.000000000000025,0.0,0.0,0.0
132.0428072621238,24.031771093544165,21.00000000000002,0.0,0.0,0.0
132.042260770417,24.041760629520823,21.000000000000025,0.0,0.0,0.0
132.04171419369348,24.05175016355784,21.00000000000002,0.0,0.0,0.0
132.04116753190016,24.061739695653987,21.00000000000003,0.0,0.0,0.0
132.0406207849839,24.07172922580806,21.000000000000025,0.0,0.0,0.0
132.04007395289167,24.08171875401883,21.00000000000003,0.0,0.0,0.0
132.03952703557027,24.09170828028511,21.00000000000002,0.0,0.0,0.0
132.03898003296658,24.101697804605656,21.000000000000025,0.0,0.0,0.0
132.03843294502732,24.111687326979283,21.000000000000025,0.0,0.0,0.0
132.03788577169937,24.12167684740477,21.000000000000025,0.0,0.0,0.0
132.03733851292944,24.131666365880886,21.00000000000002,0.0,0.0,0.0
132.03679116866422,24.14165588240643,21.000000000000025,0.0,0.0,0.0
132.03624373885046,24.15164539698017,21.000000000000025,0.0,0.0,0.0
132.03569622343477,24.16163490960091,21.000000000000025,0.0,0.0,0.0
132.03514862236383,24.171624420267417,21.000000000000025,0.0,0.0,0.0
132.03460093558425,24.181613928978486,21.00000000000003,0.0,0.0,0.0
132.0340531630426,24.19160343573288,21.000000000000025,0.0,0.0,0.0
132.03350530468552,24.201592940529398,21.00000000000002,0.0,0.0,0.0
132.03295736045942,24.211582443366797,21.00000000000003,0.0,0.0,0.0
132.0324093303109,24.221571944243884,21.000000000000025,0.0,0.0,0.0
132.0318612141864,24.231561443159404,21.00000000000003,0.0,0.0,0.0
132.0313130120324,24.24155094011217,21.00000000000003,0.0,0.0,0.0
132.0307647237953,24.251540435100942,21.000000000000025,0.0,0.0,0.0
132.0302163494215,24.2615299281245,21.000000000000025,0.0,0.0,0.0
132.02966788885735,24.27151941918161,21.00000000000003,0.0,0.0,0.0
132.02911934204923,24.28150890827106,21.000000000000025,0.0,0.0,0.0
132.02857070894345,24.29149839539162,21.00000000000003,0.0,0.0,0.0
132.0280219894863,24.30148788054207,21.000000000000025,0.0,0.0,0.0
132.027473183624,24.311477363721174,21.000000000000025,0.0,0.0,0.0
132.0269242913029,24.321466844927702,21.00000000000003,0.0,0.0,0.0
132.02637531246904,24.331456324160445,21.000000000000025,0.0,0.0,0.0
132.02582624706872,24.341445801418157,21.00000000000003,0.0,0.0,0.0
132.02527709504804,24.35143527669961,21.00000000000003,0.0,0.0,0.0
132.0247278563531,24.361424750003593,21.00000000000003,0.0,0.0,0.0
132.0241785309301,24.371414221328852,21.00000000000002,0.0,0.0,0.0
132.023629118725,24.381403690674173,21.00000000000002,0.0,0.0,0.0
132.02307961968395,24.391393158038316,21.00000000000003,0.0,0.0,0.0
132.02253003375284,24.40138262342004,21.00000000000003,0.0,0.0,0.0
132.02198036087773,24.411372086818144,21.000000000000025,0.0,0.0,0.0
132.02143060100457,24.421361548231353,21.000000000000025,0.0,0.0,0.0
132.02088075407926,24.43135100765847,21.000000000000025,0.0,0.0,0.0
132.02033082004777,24.441340465098243,21.000000000000025,0.0,0.0,0.0
132.0197807988559,24.451329920549426,21.000000000000025,0.0,0.0,0.0
132.01923069044955,24.461319374010802,21.00000000000003,0.0,0.0,0.0
132.0186804947745,24.47130882548113,21.000000000000025,0.0,0.0,0.0
132.01813021177657,24.481298274959165,21.000000000000025,0.0,0.0,0.0
132.01757984140153,24.491287722443676,21.000000000000025,0.0,0.0,0.0
132.0170293835951,24.50127716793343,21.00000000000003,0.0,0.0,0.0
132.01647883830296,24.511266611427175,21.000000000000025,0.0,0.0,0.0
132.01592820547086,24.52125605292368,21.000000000000025,0.0,0.0,0.0
132.0153774850444,24.531245492421696,21.00000000000003,0.0,0.0,0.0
132.01482667696925,24.541234929919995,21.000000000000025,0.0,0.0,0.0
132.01427578119097,24.55122436541733,21.000000000000025,0.0,0.0,0.0
132.01372479765513,24.561213798912448,21.00000000000003,0.0,0.0,0.0
132.0131737263073,24.57120323040412,21.00000000000003,0.0,0.0,0.0
132.0126225670929,24.581192659891105,21.000000000000025,0.0,0.0,0.0
132.01207131995756,24.591182087372143,21.000000000000025,0.0,0.0,0.0
132.01151998484667,24.601171512845998,21.000000000000025,0.0,0.0,0.0
132.01096856170565,24.611160936311432,21.00000000000003,0.0,0.0,0.0
132.01041705047987,24.62115035776719,21.000000000000025,0.0,0.0,0.0
132.00986545111476,24.63113977721202,21.000000000000032,0.0,0.0,0.0
132.00931376355567,24.641129194644677,21.000000000000032,0.0,0.0,0.0
132.00876198774787,24.65111861006393,21.00000000000003,0.0,0.0,0.0
132.0082101236367,24.66110802346851,21.000000000000032,0.0,0.0,0.0
132.00765817116732,24.671097434857177,21.00000000000003,0.0,0.0,0.0
132.0071061302851,24.681086844228684,21.00000000000003,0.0,0.0,0.0
132.00655400093515,24.69107625158177,21.00000000000003,0.0,0.0,0.0
132.0060017830627,24.701065656915194,21.00000000000003,0.0,0.0,0.0
132.00544947661282,24.71105506022769,21.000000000000032,0.0,0.0,0.0
132.00489708153071,24.721044461518026,21.00000000000003,0.0,0.0,0.0
132.0043445977614,24.731033860784933,21.00000000000003,0.0,0.0,0.0
132.00379202525,24.741023258027163,21.00000000000003,0.0,0.0,0.0
132.00323936394153,24.751012653243457,21.00000000000003,0.0,0.0,0.0
132.00268661378098,24.761002046432566,21.00000000000003,0.0,0.0,0.0
132.00213377471334,24.77099143759324,21.00000000000003,0.0,0.0,0.0
132.00158084668354,24.780980826724207,21.00000000000003,0.0,0.0,0.0
132.00102782963654,24.790970213824206,21.00000000000003,0.0,0.0,0.0
132.00047472351721,24.800959598892007,21.00000000000003,0.0,0.0,0.0
131.9999215282704,24.810948981926334,21.00000000000003,0.0,0.0,0.0
131.99936824384093,24.82093836292592,21.00000000000003,0.0,0.0,0.0
131.99881487017365,24.830927741889514,21.000000000000025,0.0,0.0,0.0
131.9982614072133,24.840917118815863,21.00000000000003,0.0,0.0,0.0
131.9977078549047,24.850906493703697,21.000000000000032,0.0,0.0,0.0
131.99715421319246,24.86089586655175,21.00000000000003,0.0,0.0,0.0
131.9966004820213,24.87088523735878,21.000000000000025,0.0,0.0,0.0
131.99604666133595,24.880874606123495,21.000000000000032,0.0,0.0,0.0
131.995492751081,24.890863972844656,21.00000000000003,0.0,0.0,0.0
131.99493875120106,24.90085333752098,21.000000000000032,0.0,0.0,0.0
131.99438466164068,24.91084270015122,21.00000000000003,0.0,0.0,0.0
131.99383048234444,24.920832060734107,21.00000000000003,0.0,0.0,0.0
131.99327621325688,24.93082141926835,21.00000000000003,0.0,0.0,0.0
131.99272185432238,24.940810775752716,21.000000000000025,0.0,0.0,0.0
131.99216740548553,24.95080013018592,21.00000000000003,0.0,0.0,0.0
131.9916128666907,24.960789482566692,21.00000000000003,0.0,0.0,0.0
131.9910582378823,24.970778832893775,21.00000000000003,0.0,0.0,0.0
131.9905035190047,24.98076818116588,21.00000000000003,0.0,0.0,0.0
131.98994871000227,24.990757527381756,21.000000000000032,0.0,0.0,0.0
131.98939381081928,25.000746871540134,21.000000000000032,0.0,0.0,0.0
131.98883882140007,25.010736213639724,21.00000000000003,0.0,0.0,0.0
131.9882837416889,25.020725553679263,21.00000000000003,0.0,0.0,0.0
131.9877285716299,25.03071489165748,21.000000000000032,0.0,0.0,0.0
131.98717331116737,25.0407042275731,21.00000000000003,0.0,0.0,0.0
131.98661796024544,25.05069356142486,21.00000000000003,0.0,0.0,0.0
131.98606251880827,25.060682893211453,21.000000000000032,0.0,0.0,0.0
131.98550698679998,25.070672222931627,21.000000000000032,0.0,0.0,0.0
131.9849513641646,25.08066155058412,21.00000000000003,0.0,0.0,0.0
131.98439565084624,25.09065087616763,21.00000000000003,0.0,0.0,0.0
131.98383984678892,25.100640199680875,21.000000000000032,0.0,0.0,0.0
131.98328395193658,25.110629521122608,21.00000000000003,0.0,0.0,0.0
131.98272796623326,25.120618840491527,21.00000000000003,0.0,0.0,0.0
131.98217188962283,25.130608157786355,21.00000000000003,0.0,0.0,0.0
131.98161572204927,25.140597473005812,21.00000000000003,0.0,0.0,0.0
131.9810594634564,25.15058678614861,21.00000000000003,0.0,0.0,0.0
131.98050311378807,25.160576097213497,21.00000000000003,0.0,0.0,0.0
131.97994667298812,25.170565406199152,21.00000000000003,0.0,0.0,0.0
131.97939014100035,25.18055471310432,21.00000000000003,0.0,0.0,0.0
131.9788335177685,25.190544017927706,21.00000000000003,0.0,0.0,0.0
131.9782768032363,25.200533320668033,21.00000000000003,0.0,0.0,0.0
131.97771999734744,25.210522621323996,21.00000000000003,0.0,0.0,0.0
131.97716310004563,25.22051191989434,21.00000000000003,0.0,0.0,0.0
131.97660611127446,25.230501216377743,21.00000000000003,0.0,0.0,0.0
131.9760490309776,25.240490510772958,21.00000000000003,0.0,0.0,0.0
131.9754918590986,25.25047980307866,21.00000000000003,0.0,0.0,0.0
131.974934595581,25.260469093293587,21.00000000000003,0.0,0.0,0.0
131.97437724036837,25.270458381416443,21.00000000000003,0.0,0.0,0.0
131.97381979340415,25.280447667445937,21.00000000000003,0.0,0.0,0.0
131.97326225463183,25.290436951380777,21.00000000000003,0.0,0.0,0.0
131.97270462399487,25.300426233219667,21.00000000000003,0.0,0.0,0.0
131.97214690143662,25.310415512961317,21.000000000000032,0.0,0.0,0.0
131.97158908690048,25.32040479060445,21.00000000000003,0.0,0.0,0.0
131.97103118032982,25.330394066147754,21.00000000000003,0.0,0.0,0.0
131.9704731816679,25.34038333958994,21.00000000000003,0.0,0.0,0.0
131.96991509085805,25.350372610929732,21.00000000000003,0.0,0.0,0.0
131.96935690784352,25.3603618801658,21.00000000000003,0.0,0.0,0.0
131.9687986325675,25.370351147296883,21.00000000000003,0.0,0.0,0.0
131.96824026497325,25.38034041232166,21.00000000000003,0.0,0.0,0.0
131.96768180500385,25.390329675238842,21.00000000000003,0.0,0.0,0.0
131.96712325260253,25.40031893604713,21.00000000000003,0.0,0.0,0.0
131.96656460771234,25.410308194745237,21.00000000000003,0.0,0.0,0.0
131.96600587027635,25.42029745133185,21.00000000000003,0.0,0.0,0.0
131.96544704023762,25.43028670580567,21.00000000000003,0.0,0.0,0.0
131.96488811753918,25.440275958165408,21.00000000000003,0.0,0.0,0.0
131.96432910212397,25.450265208409757,21.00000000000003,0.0,0.0,0.0
131.963769993935,25.4602544565374,21.00000000000003,0.0,0.0,0.0
131.96321079291516,25.47024370254705,21.00000000000003,0.0,0.0,0.0
131.96265149900736,25.480232946437404,21.00000000000003,0.0,0.0,0.0
131.96209211215447,25.490222188207156,21.00000000000003,0.0,0.0,0.0
131.96153263229928,25.500211427854993,21.00000000000003,0.0,0.0,0.0
131.96097305938463,25.510200665379628,21.00000000000003,0.0,0.0,0.0
131.9604133933533,25.52018990077973,21.00000000000003,0.0,0.0,0.0
131.959853634148,25.53017913405401,21.00000000000003,0.0,0.0,0.0
131.9592937817115,25.540168365201165,21.00000000000003,0.0,0.0,0.0
131.9587338359864,25.55015759421987,21.000000000000032,0.0,0.0,0.0
131.95817379691545,25.56014682110882,21.000000000000036,0.0,0.0,0.0
131.9576136644412,25.570136045866708,21.000000000000032,0.0,0.0,0.0
131.95705343850628,25.58012526849223,21.000000000000036,0.0,0.0,0.0
131.9564931190532,25.590114488984078,21.000000000000036,0.0,0.0,0.0
131.95593270602453,25.60010370734092,21.000000000000036,0.0,0.0,0.0
131.95537219936278,25.610092923561453,21.000000000000032,0.0,0.0,0.0
131.95481159901036,25.620082137644385,21.000000000000032,0.0,0.0,0.0
131.9542509049098,25.63007134958837,21.00000000000003,0.0,0.0,0.0
131.95369011700342,25.640060559392108,21.000000000000036,0.0,0.0,0.0
131.95312923523363,25.650049767054288,21.000000000000036,0.0,0.0,0.0
131.9525682595428,25.660038972573584,21.000000000000036,0.0,0.0,0.0
131.95200718987323,25.670028175948694,21.000000000000032,0.0,0.0,0.0
