galstreams/tracks/track.st.Pal5.pricewhelan2019.ecsv
# %ECSV 0.9
# ---
# datatype:
# - {name: ra, unit: deg, datatype: float64}
# - {name: dec, unit: deg, datatype: float64}
# - {name: distance, unit: kpc, datatype: float64}
# - {name: pm_ra_cosdec, unit: mas / yr, datatype: float64}
# - {name: pm_dec, unit: mas / yr, datatype: float64}
# - {name: radial_velocity, unit: km / s, datatype: float64}
# delimiter: ','
# meta: !!omap
# - __serialized_columns__:
#     dec:
#       __class__: astropy.coordinates.angles.Latitude
#       unit: &id001 !astropy.units.Unit {unit: deg}
#       value: !astropy.table.SerializedColumn {name: dec}
#     distance:
#       __class__: astropy.coordinates.distances.Distance
#       unit: !astropy.units.Unit {unit: kpc}
#       value: !astropy.table.SerializedColumn {name: distance}
#     pm_dec:
#       __class__: astropy.units.quantity.Quantity
#       unit: !astropy.units.Unit {unit: mas / yr}
#       value: !astropy.table.SerializedColumn {name: pm_dec}
#     pm_ra_cosdec:
#       __class__: astropy.units.quantity.Quantity
#       unit: !astropy.units.Unit {unit: mas / yr}
#       value: !astropy.table.SerializedColumn {name: pm_ra_cosdec}
#     ra:
#       __class__: astropy.coordinates.angles.Longitude
#       unit: *id001
#       value: !astropy.table.SerializedColumn {name: ra}
#       wrap_angle: !astropy.coordinates.Angle
#         unit: *id001
#         value: 360.0
#     radial_velocity:
#       __class__: astropy.units.quantity.Quantity
#       unit: !astropy.units.Unit {unit: km / s}
#       value: !astropy.table.SerializedColumn {name: radial_velocity}
# schema: astropy-2.0
ra,dec,distance,pm_ra_cosdec,pm_dec,radial_velocity
[from data line 143]
228.80455207001216,-0.36843652651360137,20.4766389845989,-2.7633242207469633,-2.7016887721433105,999.0000221210258
228.7366455397983,-0.456722447882979,20.45570885564744,-2.7646940855502233,-2.7071026727463923,999.0000221188672
228.66821026202402,-0.5442111834928808,20.43463826057313,-2.7660194533575044,-2.712559023884644,999.0000221165818
228.5989743812514,-0.6304923731782383,20.413427199374375,-2.7673005939896065,-2.71805756206435,999.00002211413
228.52869313588158,-0.7151965799723302,20.39207567204978,-2.768537839335791,-2.7235979627656217,999.0000221114769
228.4571592476499,-0.7980109792174591,20.37058367859816,-2.7697315646033354,-2.72917986004396,999.0000221085938
228.38421221619498,-0.878693391704148,20.348951219018613,-2.770882165809991,-2.734802869772044,999.0000221054595
228.30974602768472,-0.9570839200984641,20.327178293310585,-2.77199003504609,-2.7404666149224592,999.0000221020628
228.23371482246324,-1.0331135027770404,20.305264901473844,-2.773055535246404,-2.746170751095874,999.0000220983992
228.1561361277545,-1.1068087916898346,20.28321104350855,-2.774078976267413,-2.751914990466256,999.0000220944758
228.07709134748572,-1.178292890708113,20.26101671941523,-2.775060593962527,-2.7576991224443503,999.0000220903073
227.99672331090895,-1.2477816560143176,20.23868192919476,-2.7760005337040106,-2.7635230296307927,999.0000220859184
227.91523081220876,-1.3155754564445123,20.216206672848333,-2.7768988394539194,-2.7693866980008615,999.0000220813391
227.8328602205966,-1.3820465132625603,20.193590950377413,-2.7777554490852805,-2.7752902206831505,999.0000220766079
227.74989439902166,-1.447622177521223,20.170834761783667,-2.7785701962506035,-2.7812337951119854,999.0000220717676
227.6666393327459,-1.5127647488321538,20.14793810706889,-2.7793428187301226,-2.787217713704976,999.0000220668625
227.58340902860547,-1.5779486800568525,20.124900986234906,-2.7800729728931066,-2.793242348517632,999.0000220619377
227.5005093927829,-1.6436362346030406,20.10172339928349,-2.7807602536738187,-2.799308130555016,999.0000220570371
227.41822191960205,-1.7102528519623958,20.07840534621627,-2.7814042192785142,-2.80541552459865,999.0000220521988
227.33678811614945,-1.7781636175410238,20.054946827034616,-2.7820044196598097,-2.811565000575921,999.0000220474556
227.2563956374556,-1.8476523094871968,20.03134784173958,-2.7825604275732454,-2.817757002705741,999.0000220428311
227.17716710523635,-1.918904493821661,20.00760839033185,-2.7830718707298843,-2.823991917934565,999.0000220383383
227.0991525217765,-1.9919960473605425,19.983728472811652,-2.7835384631661713,-2.8302700455402645,999.0000220339824
227.02232606341607,-2.0668882963699446,19.959708089178797,-2.7839600334999446,-2.8365915701956768,999.0000220297542
226.9465878420074,-2.1434306625488446,19.935547239432665,-2.784336547306621,-2.842956541170037,999.0000220256359
226.87177095796778,-2.221371307294857,19.91124592357224,-2.7846681205570047,-2.8493648605840476,999.0000220215999
226.7976538398987,-2.3003757676003835,19.88680414159619,-2.7849550210571516,-2.855816283579456,999.0000220176121
226.72397748316962,-2.3800529977669704,19.86222189350303,-2.785197655268047,-2.8623104327804323,999.000022013634
226.65046677939216,-2.459987594989498,19.837499179291132,-2.7853965388623476,-2.8688468284203035,999.0000220096259
226.5768546930037,-2.5397763283156816,19.812635998958964,-2.785552250921019,-2.875424933973027,999.0000220055499
226.5029076199375,-2.6190664545230327,19.787632352505206,-2.785665373698124,-2.882044215161219,999.0000220013751
226.4284498932969,-2.6975927463750615,19.76248823992886,-2.785736422183022,-2.888704208019708,999.0000219970774
226.35338512524754,-2.775209743264198,19.737203661229408,-2.785765769964051,-2.8954045895750458,999.0000219926465
226.27771194131313,-2.851915533753055,19.711778616406864,-2.785753579788398,-2.90214524299941,999.0000219880831
226.20153172412088,-2.9278634707759226,19.686213105461846,-2.7856997483775054,-2.9089263081335384,999.0000219834027
226.12504628914016,-3.0033586797253617,19.660507128395516,-2.7856038752287557,-2.915748208285925,999.0000219786345
226.04854401065145,-3.078837116627623,19.634660685209514,-2.785465264168786,-2.922611645319926,999.000021973816
225.97237383620399,-3.1548263208292973,19.60867377590582,-2.7852829642941517,-2.9295175572370717,999.0000219689924
225.8969078867344,-3.231888907674113,19.582546400486503,-2.7850558536716266,-2.9364670356979246,999.0000219642101
225.82249492193566,-3.310552239694311,19.55627855895347,-2.7847827647586256,-2.9434612051786466,999.0000219595086
225.74940879781886,-3.391230511795976,19.529870251308175,-2.784462644789505,-2.950501070858512,999.000021954916
225.6777980371847,-3.4741485064453363,19.503321477551324,-2.7840947370563804,-2.9575873491179667,999.0000219504416
225.60764457429596,-3.55927921424278,19.476632237682658,-2.783678759834092,-2.9647203028969598,999.0000219460711
225.53874131517978,-3.646309905175073,19.449802531700854,-2.7832150488821585,-2.971899613854196,999.0000219417648
225.4706989271027,-3.7346523968427614,19.422832359603554,-2.782704618405492,-2.9791243329186825,999.0000219374608
225.40299160726755,-3.823512250357222,19.39572172138767,-2.7821490874317596,-2.9863929572892802,999.0000219330811
225.33504862736442,-3.9120271477042547,19.368470617049915,-2.7815504196222562,-2.9937036798516643,999.0000219285469
225.2663920726365,-3.999475062143502,19.341079046587588,-2.7809104427946867,-3.001054838959509,999.0000219237954
225.1968099162969,-4.085535803916135,19.313547009999578,-2.7802301594702254,-3.0084455541692288,999.0000219188054
225.1265355074036,-4.170562251358672,19.285874507287325,-2.779508941070952,-3.0158764587466043,999.0000219136156
225.056377323547,-4.255776437551406,19.25806153845558,-2.778743825478942,-3.0233503247681224,999.0000219083432
224.98770346344367,-4.343246108058411,19.230108103512194,-2.7779293249651507,-3.0308722093513443,999.0000219031754
224.92213008205744,-4.435413758153781,19.20201420246642,-2.777058431675467,-3.0384485027445303,999.0000218983275
224.86068710049835,-4.533835578110847,19.173779835324076,-2.7761259499027986,-3.046083870565534,999.0000218939334
224.8021322455246,-4.636633737173146,19.145405002078178,-2.7751359870698957,-3.0537744684809027,999.0000218898324
224.73994907569235,-4.733961646154997,19.116889702692315,-2.7741163969105216,-3.061494976541082,999.0000218852064
224.65738999320817,-4.800515080645671,19.088233937073312,-2.7731435694318476,-3.0691765133457634,999.0000218779888
