galstreams/tracks/track.st.OmegaCen-Fimbulthul.sollima2020.ecsv
# %ECSV 0.9
# ---
# datatype:
# - {name: ra, unit: deg, datatype: float64}
# - {name: dec, unit: deg, datatype: float64}
# - {name: distance, unit: kpc, datatype: float64}
# - {name: pm_ra_cosdec, unit: mas / yr, datatype: float64}
# - {name: pm_dec, unit: mas / yr, datatype: float64}
# - {name: radial_velocity, unit: km / s, datatype: float64}
# delimiter: ','
# meta: !!omap
# - __serialized_columns__:
#     dec:
#       __class__: astropy.coordinates.angles.Latitude
#       unit: &id001 !astropy.units.Unit {unit: deg}
#       value: !astropy.table.SerializedColumn {name: dec}
#     distance:
#       __class__: astropy.coordinates.distances.Distance
#       unit: !astropy.units.Unit {unit: kpc}
#       value: !astropy.table.SerializedColumn {name: distance}
#     pm_dec:
#       __class__: astropy.units.quantity.Quantity
#       unit: !astropy.units.Unit {unit: mas / yr}
#       value: !astropy.table.SerializedColumn {name: pm_dec}
#     pm_ra_cosdec:
#       __class__: astropy.units.quantity.Quantity
#       unit: !astropy.units.Unit {unit: mas / yr}
#       value: !astropy.table.SerializedColumn {name: pm_ra_cosdec}
#     ra:
#       __class__: astropy.coordinates.angles.Longitude
#       unit: *id001
#       value: !astropy.table.SerializedColumn {name: ra}
#       wrap_angle: !astropy.coordinates.Angle
#         unit: *id001
#         value: 360.0
#     radial_velocity:
#       __class__: astropy.units.quantity.Quantity
#       unit: !astropy.units.Unit {unit: km / s}
#       value: !astropy.table.SerializedColumn {name: radial_velocity}
# schema: astropy-2.0
ra,dec,distance,pm_ra_cosdec,pm_dec,radial_velocity
196.08535590402428,-45.18061546831236,5.100000000000004,0.0,0.0,-0.0
196.09942457468316,-45.183717845952735,5.100000000000005,0.0,0.0,-0.0
196.1134638927524,-45.186851080170456,5.100000000000005,0.0,0.0,-0.0
196.1274740848071,-45.19001496227757,5.100000000000005,0.0,0.0,-0.0
196.1414553763863,-45.19320928428746,5.100000000000005,0.0,0.0,-0.0
196.15540799199752,-45.19643383891426,5.100000000000006,0.0,0.0,-0.0
196.1693321551211,-45.19968841957236,5.100000000000004,0.0,0.0,-0.0
196.18322808821458,-45.20297282037587,5.100000000000004,0.0,0.0,-0.0
196.19709601271677,-45.20628683613805,5.100000000000004,0.0,0.0,-0.0
196.21093614905232,-45.20963026237077,5.100000000000005,0.0,0.0,-0.0
196.22474871663573,-45.21300289528394,5.100000000000004,0.0,0.0,-0.0
196.2385339338757,-45.21640453178491,5.100000000000005,0.0,0.0,-0.0
196.25229201817916,-45.219834969477915,5.100000000000004,0.0,0.0,-0.0
196.26602318595565,-45.22329400666347,5.100000000000005,0.0,0.0,-0.0
196.27972765262118,-45.22678144233779,5.100000000000005,0.0,0.0,-0.0
196.29340563260257,-45.2302970761921,5.100000000000004,0.0,0.0,-0.0
196.3070573393413,-45.23384070861213,5.100000000000005,0.0,0.0,-0.0
196.3206829852978,-45.23741214067739,5.100000000000004,0.0,0.0,-0.0
196.33428278195518,-45.2410111741606,5.100000000000004,0.0,0.0,-0.0
196.34785693982352,-45.24463761152697,5.100000000000004,0.0,0.0,-0.0
196.36140566844355,-45.24829125593365,5.100000000000002,0.0,0.0,-0.0
196.37492917639082,-45.25197191122895,5.100000000000003,0.0,0.0,-0.0
196.3884276712795,-45.255679381951786,5.100000000000003,0.0,0.0,-0.0
196.40190135976624,-45.25941347333087,5.100000000000003,0.0,0.0,-0.0
196.41535044755415,-45.2631739912842,5.100000000000003,0.0,0.0,-0.0
196.4287751393965,-45.266960742418156,5.100000000000003,0.0,0.0,-0.0
196.44217563910064,-45.270773534026986,5.100000000000003,0.0,0.0,-0.0
196.4555521495317,-45.27461217409197,5.100000000000003,0.0,0.0,-0.0
196.4689048726165,-45.27847647128076,5.100000000000002,0.0,0.0,-0.0
196.482234009347,-45.28236623494668,5.100000000000003,0.0,0.0,-0.0
196.49553975978435,-45.286281275127884,5.100000000000004,0.0,0.0,-0.0
196.50882232306245,-45.290221402546756,5.100000000000003,0.0,0.0,-0.0
196.52208189739147,-45.294186428609045,5.100000000000003,0.0,0.0,-0.0
196.53531868006175,-45.2981761654032,5.100000000000004,0.0,0.0,-0.0
196.54853286744725,-45.30219042569953,5.100000000000003,0.0,0.0,-0.0
196.56172465500916,-45.3062290229495,5.100000000000003,0.0,0.0,-0.0
196.5748942372996,-45.31029177128491,5.100000000000003,0.0,0.0,-0.0
196.58804180796497,-45.314378485517125,5.100000000000002,0.0,0.0,-0.0
196.60116755974974,-45.3184889811363,5.100000000000002,0.0,0.0,-0.0
196.61427168449967,-45.32262307431055,5.100000000000003,0.0,0.0,-0.0
196.62735437316556,-45.326780581885174,5.100000000000003,0.0,0.0,-0.0
196.64041581580656,-45.33096132138183,5.100000000000003,0.0,0.0,-0.0
196.65345620159366,-45.33516511099769,5.100000000000002,0.0,0.0,-0.0
196.66647571881313,-45.339391769604724,5.100000000000002,0.0,0.0,-0.0
196.67947455486987,-45.3436411167487,5.100000000000003,0.0,0.0,-0.0
196.69245289629086,-45.347912972648466,5.100000000000002,0.0,0.0,-0.0
196.7054109287284,-45.35220715819508,5.100000000000003,0.0,0.0,-0.0
196.71834883696377,-45.35652349495094,5.100000000000002,0.0,0.0,-0.0
196.73126680491004,-45.36086180514895,5.100000000000003,0.0,0.0,-0.0
196.7441650156158,-45.36522191169163,5.100000000000002,0.0,0.0,-0.0
196.75704365126833,-45.36960363815027,5.100000000000002,0.0,0.0,-0.0
196.76990289319673,-45.374006808764015,5.100000000000003,0.0,0.0,-0.0
196.78274292187527,-45.37843124843904,5.100000000000002,0.0,0.0,-0.0
196.7955639169267,-45.38287678274763,5.100000000000002,0.0,0.0,-0.0
196.80836605712523,-45.38734323792724,5.100000000000002,0.0,0.0,-0.0
196.82114952039993,-45.3918304408797,5.100000000000002,0.0,0.0,-0.0
196.83391448383773,-45.39633821917022,5.100000000000001,0.0,0.0,-0.0
196.84666112368674,-45.40086640102648,5.100000000000002,0.0,0.0,-0.0
196.85938961535916,-45.40541481533774,5.1000000000000005,0.0,0.0,-0.0
196.87210013343463,-45.40998329165397,5.100000000000001,0.0,0.0,-0.0
196.88479285166318,-45.414571660184784,5.100000000000001,0.0,0.0,-0.0
196.89746794296823,-45.41917975179862,5.100000000000002,0.0,0.0,-0.0
196.91012557944995,-45.42380739802174,5.100000000000001,0.0,0.0,-0.0
196.92276593238788,-45.428454431037316,5.100000000000002,0.0,0.0,-0.0
196.93538917224438,-45.433120683684464,5.100000000000001,0.0,0.0,-0.0
196.94799546866727,-45.437805989457246,5.100000000000001,0.0,0.0,-0.0
196.9605849904931,-45.4425101825038,5.100000000000002,0.0,0.0,-0.0
196.97315790574987,-45.447233097625265,5.100000000000001,0.0,0.0,-0.0
196.98571438166027,-45.45197457027489,5.100000000000001,0.0,0.0,-0.0
196.99825458464431,-45.456734436557,5.100000000000002,0.0,0.0,-0.0
197.01077868032257,-45.46151253322604,5.100000000000001,0.0,0.0,-0.0
197.02328683351877,-45.466308697685584,5.100000000000002,0.0,0.0,-0.0
197.03577920826294,-45.47112276798731,5.100000000000002,0.0,0.0,-0.0
197.0482559677941,-45.47595458283004,5.100000000000001,0.0,0.0,-0.0
197.06071727456325,-45.480803981558715,5.100000000000002,0.0,0.0,-0.0
197.07316329023618,-45.485670804163384,5.100000000000001,0.0,0.0,-0.0
197.08559417569617,-45.49055489127819,5.100000000000002,0.0,0.0,-0.0
197.09801009104706,-45.49545608418033,5.100000000000002,0.0,0.0,-0.0
197.11041119561582,-45.50037422478909,5.100000000000001,0.0,0.0,-0.0
197.12279764795537,-45.50530915566473,5.100000000000001,0.0,0.0,-0.0
197.1351696058475,-45.51026072000755,5.100000000000002,0.0,0.0,-0.0
197.14752722630539,-45.51522876165674,5.100000000000001,0.0,0.0,-0.0
197.15987066557656,-45.52021312508942,5.100000000000001,0.0,0.0,-0.0
197.1722000791455,-45.52521365541954,5.1000000000000005,0.0,0.0,-0.0
197.18451562173632,-45.53023019839688,5.100000000000001,0.0,0.0,-0.0
197.19681744731557,-45.53526260040593,5.1000000000000005,0.0,0.0,-0.0
197.2091057090948,-45.54031070846488,5.1000000000000005,0.0,0.0,-0.0
197.22138055953343,-45.545374370224515,5.1000000000000005,0.0,0.0,-0.0
197.2336421503411,-45.55045343396717,5.100000000000001,0.0,0.0,-0.0
197.24589063248055,-45.55554774860564,5.1000000000000005,0.0,0.0,-0.0
197.25812615617016,-45.560657163682095,5.1000000000000005,0.0,0.0,-0.0
197.27034887088658,-45.565781529367015,5.1000000000000005,0.0,0.0,-0.0
197.28255892536734,-45.57092069645808,5.100000000000001,0.0,0.0,-0.0
197.29475646761344,-45.57607451637911,5.1000000000000005,0.0,0.0,-0.0
197.30694164489185,-45.58124284117892,5.100000000000001,0.0,0.0,-0.0
197.31911460373814,-45.58642552353023,5.100000000000002,0.0,0.0,-0.0
197.33127548995913,-45.59162241672862,5.1000000000000005,0.0,0.0,-0.0
197.34342444863518,-45.59683337469135,5.100000000000001,0.0,0.0,-0.0
197.35556162412294,-45.60205825195624,5.1000000000000005,0.0,0.0,-0.0
197.36768716005773,-45.60729690368064,5.1000000000000005,0.0,0.0,-0.0
197.3798011993561,-45.61254918564021,5.1000000000000005,0.0,0.0,-0.0
197.3919038842184,-45.61781495422784,5.1,0.0,0.0,-0.0
197.403995356131,-45.62309406645252,5.1000000000000005,0.0,0.0,-0.0
197.41607575586897,-45.628386379938235,5.1,0.0,0.0,-0.0
197.4281452234986,-45.633691752922715,5.1000000000000005,0.0,0.0,-0.0
197.44020389837956,-45.63901004425645,5.1000000000000005,0.0,0.0,-0.0
197.45225191916762,-45.644341113401445,5.1000000000000005,0.0,0.0,-0.0
197.4642894238168,-45.649684820430096,5.1000000000000005,0.0,0.0,-0.0
197.4763165495821,-45.65504102602402,5.1000000000000005,0.0,0.0,-0.0
197.48833343302158,-45.66040959147294,5.100000000000001,0.0,0.0,-0.0
197.5003402099989,-45.66579037867352,5.1000000000000005,0.0,0.0,-0.0
197.5123370156858,-45.67118325012813,5.100000000000001,0.0,0.0,-0.0
197.52432398456415,-45.67658806894379,5.1000000000000005,0.0,0.0,-0.0
197.53630125042866,-45.682004698830916,5.1000000000000005,0.0,0.0,-0.0
197.548268946389,-45.68743300410216,5.1000000000000005,0.0,0.0,-0.0
197.5602272048721,-45.6928728496713,5.1,0.0,0.0,-0.0
197.57217615762477,-45.69832410105196,5.1,0.0,0.0,-0.0
197.58411593571563,-45.703786624356496,5.1,0.0,0.0,-0.0
197.5960466695377,-45.70926028629477,5.1000000000000005,0.0,0.0,-0.0
197.60796848881054,-45.714744954173,5.1,0.0,0.0,-0.0
197.6198815225826,-45.72024049589253,5.1,0.0,0.0,-0.0
197.6317858992334,-45.72574677994863,5.1000000000000005,0.0,0.0,-0.0
197.64368174647598,-45.73126367542935,5.099999999999999,0.0,0.0,-0.0
197.65556919135895,-45.736791052014226,5.1000000000000005,0.0,0.0,-0.0
197.66744836026885,-45.74232877997317,5.1,0.0,0.0,-0.0
197.6793193789324,-45.74787673016519,5.1,0.0,0.0,-0.0
197.6911823724186,-45.7534347740372,5.1,0.0,0.0,-0.0
197.70303746514116,-45.75900278362283,5.1000000000000005,0.0,0.0,-0.0
197.71488478086044,-45.764580631541165,5.1,0.0,0.0,-0.0
197.72672444268585,-45.77016819099552,5.1,0.0,0.0,-0.0
197.73855657307803,-45.77576533577228,5.1000000000000005,0.0,0.0,-0.0
197.75038129385092,-45.78137194023959,5.099999999999999,0.0,0.0,-0.0
197.762198726174,-45.786987879346164,5.1000000000000005,0.0,0.0,-0.0
197.77400899057452,-45.792613028620075,5.1,0.0,0.0,-0.0
197.78581220693943,-45.798247264167465,5.099999999999999,0.0,0.0,-0.0
197.79760849451785,-45.80389046267134,5.1,0.0,0.0,-0.0
197.809397971923,-45.809542501390304,5.099999999999999,0.0,0.0,-0.0
197.82118075713433,-45.81520325815735,5.099999999999999,0.0,0.0,-0.0
197.83295696749968,-45.820872611378554,5.1,0.0,0.0,-0.0
197.8447267197375,-45.82655044003191,5.1,0.0,0.0,-0.0
197.85649012993875,-45.83223662366596,5.1,0.0,0.0,-0.0
197.86824731356919,-45.837931042398665,5.099999999999999,0.0,0.0,-0.0
197.87999838547134,-45.843633576916034,5.099999999999999,0.0,0.0,-0.0
197.89174345986663,-45.84934410847094,5.1,0.0,0.0,-0.0
197.90348265035752,-45.85506251888181,5.1000000000000005,0.0,0.0,-0.0
197.91521606992941,-45.86078869053138,5.1,0.0,0.0,-0.0
197.92694383095292,-45.86652250636541,5.099999999999999,0.0,0.0,-0.0
197.93866604518573,-45.872263849891425,5.1000000000000005,0.0,0.0,-0.0
197.9503828237748,-45.87801260517745,5.1,0.0,0.0,-0.0
197.96209427725827,-45.883768656850684,5.1,0.0,0.0,-0.0
197.97380051556766,-45.889531890096286,5.1000000000000005,0.0,0.0,-0.0
197.98550164802975,-45.895302190656025,5.1,0.0,0.0,-0.0
197.99719778336853,-45.90107944482707,5.1,0.0,0.0,-0.0
198.00888902970755,-45.90686353946062,5.1,0.0,0.0,-0.0
198.02057549457157,-45.91265436196069,5.1,0.0,0.0,-0.0
198.03225728488871,-45.91845180028277,5.1000000000000005,0.0,0.0,-0.0
198.04393450699243,-45.92425574293252,5.099999999999999,0.0,0.0,-0.0
198.05560726662353,-45.93006607896454,5.1000000000000005,0.0,0.0,-0.0
198.06727566893215,-45.935882697981015,5.099999999999999,0.0,0.0,-0.0
198.07893981847965,-45.9417054901304,5.1000000000000005,0.0,0.0,-0.0
198.09059981924065,-45.94753434610618,5.1000000000000005,0.0,0.0,-0.0
198.10225577460503,-45.953369157145495,5.1,0.0,0.0,-0.0
198.1139077873797,-45.95920981502787,5.1,0.0,0.0,-0.0
198.12555595979083,-45.965056212073904,5.1,0.0,0.0,-0.0
198.1372003934856,-45.97090824114396,5.1,0.0,0.0,-0.0
198.1488411895342,-45.9767657956368,5.1,0.0,0.0,-0.0
198.1604784484316,-45.98262876948835,5.1000000000000005,0.0,0.0,-0.0
198.17211227009986,-45.988497057170314,5.1,0.0,0.0,-0.0
198.18374275388962,-45.99437055368885,5.099999999999999,0.0,0.0,-0.0
198.1953699985823,-46.00024915458334,5.1,0.0,0.0,-0.0
198.2069941023918,-46.00613275592494,5.099999999999999,0.0,0.0,-0.0
198.21861516296673,-46.0120212543153,5.099999999999999,0.0,0.0,-0.0
198.23023327739185,-46.01791454688527,5.1,0.0,0.0,-0.0
198.24184854219035,-46.023812531293565,5.099999999999999,0.0,0.0,-0.0
198.25346105332565,-46.02971510572532,5.099999999999999,0.0,0.0,-0.0
198.26507090620302,-46.03562216889094,5.099999999999999,0.0,0.0,-0.0
198.27667819567182,-46.04153362002456,5.099999999999999,0.0,0.0,-0.0
198.28828301602724,-46.047449358882886,5.099999999999999,0.0,0.0,-0.0
198.29988546101202,-46.05336928574374,5.099999999999999,0.0,0.0,-0.0
198.31148562381853,-46.05929330140473,5.099999999999999,0.0,0.0,-0.0
198.3230835970905,-46.065221307181965,5.099999999999999,0.0,0.0,-0.0
198.33467947292488,-46.071153204908605,5.1,0.0,0.0,-0.0
198.34627334287376,-46.07708889693363,5.099999999999999,0.0,0.0,-0.0
198.35786529794615,-46.0830282861204,5.099999999999999,0.0,0.0,-0.0
198.3694554286098,-46.088971275845324,5.099999999999999,0.0,0.0,-0.0
198.3810438247931,-46.09491776999652,5.099999999999999,0.0,0.0,-0.0
198.39263057588687,-46.10086767297247,5.099999999999999,0.0,0.0,-0.0
198.4042157707462,-46.10682088968059,5.099999999999999,0.0,0.0,-0.0
198.41579949769215,-46.11277732553595,5.099999999999999,0.0,0.0,-0.0
198.42738184451392,-46.11873688645988,5.099999999999999,0.0,0.0,-0.0
198.43896289847015,-46.124699478878604,5.1,0.0,0.0,-0.0
198.45054274629118,-46.13066500972187,5.099999999999999,0.0,0.0,-0.0
198.46212147418058,-46.136633386421586,5.099999999999999,0.0,0.0,-0.0
198.47369916781705,-46.142604516910446,5.099999999999999,0.0,0.0,-0.0
198.4852759123562,-46.14857830962061,5.099999999999999,0.0,0.0,-0.0
198.49685179243238,-46.15455467348222,5.099999999999999,0.0,0.0,-0.0
198.50842689216037,-46.16053351792212,5.1,0.0,0.0,-0.0
198.5200012951373,-46.166514752862476,5.099999999999999,0.0,0.0,-0.0
198.53157508444423,-46.172498288719325,5.099999999999999,0.0,0.0,-0.0
198.54314834264815,-46.17848403640128,5.099999999999999,0.0,0.0,-0.0
198.55472115180362,-46.1844719073081,5.099999999999999,0.0,0.0,-0.0
198.56629359345462,-46.19046181332931,5.099999999999999,0.0,0.0,-0.0
198.57786574863613,-46.19645366684283,5.099999999999999,0.0,0.0,-0.0
198.58943769787612,-46.20244738071361,5.099999999999999,0.0,0.0,-0.0
198.6010095211972,-46.20844286829218,5.099999999999999,0.0,0.0,-0.0
198.61258129811833,-46.21444004341331,5.099999999999999,0.0,0.0,-0.0
198.6241531076567,-46.22043882039463,5.099999999999999,0.0,0.0,-0.0
198.6357250283293,-46.226439114035166,5.099999999999999,0.0,0.0,-0.0
198.6472971381548,-46.23244083961405,5.099999999999999,0.0,0.0,-0.0
198.65886951465535,-46.23844391288903,5.099999999999999,0.0,0.0,-0.0
198.6704422348581,-46.24444825009513,5.099999999999999,0.0,0.0,-0.0
198.68201537529703,-46.25045376794325,5.099999999999999,0.0,0.0,-0.0
198.6935890120148,-46.25646038361871,5.099999999999999,0.0,0.0,-0.0
198.70516322056434,-46.26246801477993,5.099999999999999,0.0,0.0,-0.0
198.71673807601056,-46.26847657955696,5.099999999999999,0.0,0.0,-0.0
198.7283136529322,-46.27448599655011,5.1,0.0,0.0,-0.0
198.73989002542345,-46.28049618482855,5.099999999999999,0.0,0.0,-0.0
198.75146726709565,-46.28650706392889,5.099999999999999,0.0,0.0,-0.0
198.76304545107908,-46.29251855385375,5.099999999999999,0.0,0.0,-0.0
198.77462465002458,-46.298530575070416,5.099999999999999,0.0,0.0,-0.0
198.78620493610535,-46.30454304850932,5.099999999999999,0.0,0.0,-0.0
198.7977863810186,-46.31055589556276,5.099999999999999,0.0,0.0,-0.0
198.80936905598722,-46.31656903808337,5.099999999999999,0.0,0.0,-0.0
198.82095303176158,-46.3225823983828,5.099999999999998,0.0,0.0,-0.0
198.8325383786211,-46.3285958992302,5.099999999999999,0.0,0.0,-0.0
198.84412516637605,-46.334609463850896,5.099999999999999,0.0,0.0,-0.0
198.85571346436913,-46.34062301592493,5.099999999999999,0.0,0.0,-0.0
198.86730334147728,-46.34663647958561,5.099999999999999,0.0,0.0,-0.0
198.87889486611334,-46.35264977941816,5.099999999999999,0.0,0.0,-0.0
198.89048810622756,-46.3586628404582,5.1,0.0,0.0,-0.0
198.90208312930955,-46.364675588190444,5.1,0.0,0.0,-0.0
198.9136800023898,-46.37068794854715,5.099999999999999,0.0,0.0,-0.0
198.92527879204138,-46.376699847906785,5.1,0.0,0.0,-0.0
198.93687956438157,-46.38271121309255,5.099999999999999,0.0,0.0,-0.0
198.9484823850736,-46.388721971370956,5.1,0.0,0.0,-0.0
198.9600873193283,-46.394732050450415,5.099999999999999,0.0,0.0,-0.0
198.9716944319058,-46.400741378479786,5.099999999999999,0.0,0.0,-0.0
198.9833037871171,-46.40674988404694,5.099999999999999,0.0,0.0,-0.0
198.9949154488258,-46.412757496177335,5.099999999999999,0.0,0.0,-0.0
199.0065294804497,-46.41876414433261,5.1,0.0,0.0,-0.0
