galstreams/tracks/track.st.NGC3201-Gjoll.palau2021.ecsv
# %ECSV 1.0
# ---
# datatype:
# - {name: ra, unit: deg, datatype: float64}
# - {name: dec, unit: deg, datatype: float64}
# - {name: distance, unit: kpc, datatype: float64}
# - {name: pm_ra_cosdec, unit: mas / yr, datatype: float64}
# - {name: pm_dec, unit: mas / yr, datatype: float64}
# - {name: radial_velocity, unit: km / s, datatype: float64}
# delimiter: ','
# meta: !!omap
# - __serialized_columns__:
#     dec:
#       __class__: astropy.coordinates.angles.Latitude
#       unit: &id001 !astropy.units.Unit {unit: deg}
#       value: !astropy.table.SerializedColumn {name: dec}
#     distance:
#       __class__: astropy.coordinates.distances.Distance
#       unit: !astropy.units.Unit {unit: kpc}
#       value: !astropy.table.SerializedColumn {name: distance}
#     pm_dec:
#       __class__: astropy.units.quantity.Quantity
#       unit: !astropy.units.Unit {unit: mas / yr}
#       value: !astropy.table.SerializedColumn {name: pm_dec}
#     pm_ra_cosdec:
#       __class__: astropy.units.quantity.Quantity
#       unit: !astropy.units.Unit {unit: mas / yr}
#       value: !astropy.table.SerializedColumn {name: pm_ra_cosdec}
#     ra:
#       __class__: astropy.coordinates.angles.Longitude
#       unit: *id001
#       value: !astropy.table.SerializedColumn {name: ra}
#       wrap_angle: !astropy.coordinates.Angle
#         unit: *id001
#         value: 360.0
#     radial_velocity:
#       __class__: astropy.units.quantity.Quantity
#       unit: !astropy.units.Unit {unit: km / s}
#       value: !astropy.table.SerializedColumn {name: radial_velocity}
# schema: astropy-2.0
ra,dec,distance,pm_ra_cosdec,pm_dec,radial_velocity
[from data line 12272]
158.57932609321685,-47.07577048323712,5.279603605441242,6.98006771145584,-1.363880471436179,-4.210383564936169e-15
158.5940644930131,-47.07775185090591,5.2796376731729,6.9756947173174435,-1.3619529134631252,4.210383564936169e-15
158.60880388573028,-47.079731016323535,5.279670661722858,6.971322425967031,-1.3600272015295476,-3.157787673702127e-14
158.6235442701224,-47.08170797743351,5.279702568920765,6.966950840519159,-1.3581033367891915,-2.1051917824680846e-14
158.63828564494082,-47.08368273217795,5.279733392594191,6.962579964092817,-1.3561813203951933,0.0
158.65302800893434,-47.08565527849757,5.279763130568611,6.958209799811502,-1.3542611535000857,1.894672604221276e-14
158.66777136084931,-47.08762561433167,5.279791780667419,6.953840350803176,-1.3523428372557844,1.6841534259744676e-14
158.68251569942944,-47.08959373761815,5.279819340711915,6.949471620200287,-1.3504263728135872,-2.1051917824680845e-15
158.697261023416,-47.09155964629354,5.27984580852131,6.945103611139747,-1.3485117613241644,-6.315575347404253e-15
158.71200733154757,-47.0935233382929,5.279871181912724,6.9407363267629805,-1.346599003937572,-2.315710960714893e-14
158.72675462256035,-47.09548481154994,5.279895458701184,6.936369770215888,-1.3446881018032335,-6.315575347404253e-15
158.7415028951878,-47.09744406399696,5.279918636699625,6.932003944648859,-1.3427790560699417,-1.6841534259744676e-14
158.75625214816102,-47.099401093564836,5.279940713718885,6.9276388532167905,-1.3408718678858578,2.947268495455318e-14
158.7710023802083,-47.101355898183044,5.279961687567707,6.923274499079081,-1.3389665383985128,-2.315710960714893e-14
158.78575359005566,-47.103308475779684,5.279981556052738,6.918910885399612,-1.3370630687547802,8.420767129872338e-15
158.80050577642635,-47.105258824281414,5.2800003169785255,6.914548015346803,-1.3351614601009079,2.1051917824680846e-14
158.8152589380411,-47.10720694161351,5.280017968147522,6.910185892093556,-1.3332617135824916,-2.5262301389617013e-14
158.8300130736181,-47.10915282569983,5.280034507360073,6.905824518817313,-1.3313638303444741,1.894672604221276e-14
158.84476818187298,-47.11109647446285,5.280049932414431,6.901463898699997,-1.3294678115311491,1.473634247727659e-14
158.85952426151877,-47.11303788582362,5.2800642411067376,6.8971040349280885,-1.3275736582861553,0.0
158.87428131126586,-47.114977057701786,5.28007743123104,6.892744930692572,-1.3256813717524727,-2.5262301389617013e-14
158.88903932982225,-47.11691398801561,5.280089500579274,6.888386589188955,-1.323790953072411,-6.315575347404253e-15
158.9037983158932,-47.11884867468193,5.280100446941273,6.884029013617292,-1.3219024033876245,1.0525958912340423e-14
158.91855826818136,-47.12078111561618,5.280110268104763,6.879672207182162,-1.3200157238391015,2.1051917824680845e-15
158.93331918538692,-47.12271130873239,5.280118961855364,6.8753161730926715,-1.3181309155671432,-2.7367493172085098e-14
158.94808106620746,-47.1246392519432,5.280126525976585,6.87096091456248,-1.3162479797113888,-8.420767129872338e-15
158.96284390933792,-47.12656494315984,5.280132958249824,6.866606434809802,-1.3143669174107973,1.473634247727659e-14
158.97760771347063,-47.128488380292104,5.280138256454373,6.862252737057361,-1.3124877298036408,1.0525958912340423e-14
158.99237247729542,-47.130409561248435,5.280142418367407,6.857899824532469,-1.3106104180275144,-2.315710960714893e-14
159.00713819949945,-47.132328483935815,5.280145441763992,6.85354770046697,-1.3087349832193167,2.1051917824680845e-15
159.02190487876723,-47.13424514625985,5.280147324417076,6.849196368097283,-1.3068614265152676,-2.7367493172085098e-14
159.03667251378087,-47.13615954612475,5.280148064097492,6.844845830664365,-1.3049897490508766,-4.210383564936169e-15
159.0514411032197,-47.1380716814333,5.280147658573961,6.840496091413749,-1.3031199519609677,1.0525958912340423e-14
159.0662106457604,-47.13998155008689,5.280146105613083,6.83614715359555,-1.3012520363796645,-1.2631150694808506e-14
159.08098114007728,-47.14188914998549,5.280143402979338,6.831799020464417,-1.299386003440375,-1.2631150694808506e-14
159.09575258484185,-47.143794479027676,5.28013954843509,6.827451695279603,-1.2975218542758098,1.0525958912340423e-14
159.11052497872296,-47.14569753511063,5.28013453974058,6.823105181304935,-1.2956595900179733,-8.420767129872338e-15
159.1252983203871,-47.14759831613009,5.280128374653927,6.818759481808799,-1.2937992117981403,-1.6841534259744676e-14
159.14007260849786,-47.14949681998044,5.280121050931131,6.814414600064189,-1.2919407207468816,0.0
159.15484784171636,-47.15139304455462,5.280112566326059,6.8100705393486765,-1.2900841179940443,1.2631150694808506e-14
159.16962401870109,-47.15328698774415,5.2801029185904635,6.805727302944431,-1.2882294046687557,-2.315710960714893e-14
159.18440113810792,-47.15517864743921,5.280092105473965,6.801384894138196,-1.286376581899405,-6.315575347404253e-15
159.19917919859006,-47.157068021528495,5.280080124724057,6.79704331622133,-1.284525650813662,-4.210383564936169e-15
159.21395819879805,-47.15895510789935,5.280066974086105,6.7927025724897945,-1.2826766125384643,-2.5262301389617013e-14
159.22873813737996,-47.16083990443769,5.280052651303347,6.788362666244131,-1.2808294681999994,4.210383564936169e-15
159.24351901298107,-47.162722409028014,5.2800371541168865,6.784023600789522,-1.2789842189237306,6.315575347404253e-15
159.258300824244,-47.164602619553435,5.280020480265699,6.779685379435734,-1.2771408658343741,-1.2631150694808506e-14
159.273083569809,-47.16648053389566,5.280002627486625,6.775348005497148,-1.275299410055889,2.947268495455318e-14
159.28786724831332,-47.16835614993496,5.279983593514372,6.771011482292785,-1.2734598527115013,-2.315710960714893e-14
159.3026518583918,-47.17022946555023,5.279963376081514,6.7666758131462625,-1.2716221949236712,-4.210383564936169e-15
159.31743739867662,-47.17210047861896,5.279941972918486,6.762341001385842,-1.269786437814111,1.2631150694808506e-14
159.33222386779718,-47.1739691870172,5.279919381753589,6.758007050344384,-1.267952582503768,-1.894672604221276e-14
159.34701126438043,-47.17583558861963,5.27989560031298,6.753673963359408,-1.2661206301128272,-1.894672604221276e-14
159.36179958705048,-47.17769968129949,5.279870626320685,6.7493417437730585,-1.2642905817607129,-2.1051917824680845e-15
159.3765888344289,-47.17956146292862,5.279844457498585,6.745010394932104,-1.2624624385660714,1.894672604221276e-14
159.39137900513458,-47.1814209313775,5.279817091566419,6.740679920187965,-1.260636201646785,2.7367493172085098e-14
159.4061700977837,-47.18327808451513,5.2797885262417825,6.736350322896717,-1.258811872119959,-8.420767129872338e-15
159.42096211098988,-47.18513292020915,5.279758759240132,6.732021606419056,-1.2569894511019095,-1.2631150694808506e-14
159.435755043364,-47.18698543632578,5.279727788274774,6.7276937741203495,-1.2551689397081804,-1.0525958912340423e-14
159.45054889351434,-47.18883563072981,5.279695611056874,6.723366829370605,-1.253350339053526,1.2631150694808506e-14
159.4653436600464,-47.19068350128467,5.279662225295444,6.719040775544507,-1.2515336502519174,-2.1051917824680845e-15
159.4801393415631,-47.192529045852346,5.279627628697354,6.7147156160213735,-1.249718874416522,-3.368306851948935e-14
159.49493593666472,-47.19437226229343,5.279591818967323,6.710391354185204,-1.2479060126597168,-1.6841534259744676e-14
159.50973344394882,-47.19621314846708,5.279554793807919,6.706067993424668,-1.2460950660930838,1.894672604221276e-14
159.5245318620102,-47.1980517022311,5.279516550919558,6.701745537133085,-1.2442860358273986,-4.210383564936169e-15
159.53933118944119,-47.19988792144183,5.279477088000505,6.697423988708469,-1.2424789229726274,-2.1051917824680845e-15
159.55413142483118,-47.20172180395425,5.279436402746869,6.693103351553504,-1.2406737286379395,-1.6841534259744676e-14
159.56893256676716,-47.20355334762187,5.279394492852611,6.688783629075548,-1.2388704539316728,-2.1051917824680845e-15
159.5837346138332,-47.20538255029687,5.279351356009525,6.68446482468665,-1.2370690999613672,1.894672604221276e-14
159.59853756461072,-47.20720940982995,5.279306989907258,6.680146941803548,-1.2352696678337396,-4.210383564936169e-15
159.61334141767864,-47.209033924070454,5.2792613922332965,6.675829983847657,-1.233472158654672,1.6841534259744676e-14
159.62814617161294,-47.21085609086628,5.279214560672965,6.6715139542451,-1.2316765735292374,-8.420767129872338e-15
159.64295182498708,-47.21267590806396,5.279166492909428,6.667198856426692,-1.2298829135616702,-4.210383564936169e-15
159.65775837637173,-47.21449337350855,5.279117186623693,6.6628846938279525,-1.2280911798553773,-8.420767129872338e-15
159.67256582433492,-47.21630848504379,5.2790666394946015,6.658571469889086,-1.2263013735129222,-1.473634247727659e-14
159.68737416744193,-47.21812124051191,5.279014849198833,6.6542591880550255,-1.2245134956360366,-1.6841534259744676e-14
159.70218340425538,-47.219931637753824,5.278961813410902,6.6499478517754085,-1.222727547325611,-4.631421921429786e-14
159.71699353333517,-47.22173967460897,5.278907529803155,6.645637464504574,-1.2209435296816777,4.210383564936169e-15
159.73180455323845,-47.22354534891541,5.278851996045779,6.641328029701593,-1.219161443803436,-1.473634247727659e-14
159.74661646251974,-47.22534865850977,5.278795209806781,6.637019550830252,-1.2173812907892243,-1.0525958912340423e-14
159.7614292597308,-47.227149601227325,5.278737168752012,6.632712031359051,-1.2156030717365214,-8.420767129872338e-15
159.7762429434207,-47.22894817490188,5.278677870545144,6.628405474761231,-1.213826787741955,-2.1051917824680845e-15
159.79105751213575,-47.230744377365845,5.278617312847682,6.624099884514751,-1.212052439901285,2.1051917824680846e-14
159.80587296441954,-47.23253820645024,5.2785554933189545,6.619795264102319,-1.2102800293094127,-3.9998643866893604e-14
159.82068929881308,-47.23432965998467,5.278492409616122,6.615491617011361,-1.2085095570603532,-1.473634247727659e-14
159.83550651385445,-47.23611873579732,5.278428059394169,6.611188946734046,-1.2067410242472654,6.315575347404253e-15
159.85032460807912,-47.23790543171497,5.2783624403059015,6.606887256767306,-1.2049744319624303,-1.894672604221276e-14
159.86514358001986,-47.239689745563,5.2782955500019515,6.602586550612787,-1.203209781297237,-2.7367493172085098e-14
159.87996342820662,-47.24147167516536,5.278227386130769,6.598286831776916,-1.2014470733422038,-2.5262301389617013e-14
159.8947841511667,-47.24325121834461,5.278157946338633,6.593988103770857,-1.1996863091869598,2.315710960714893e-14
159.90960574742462,-47.2450283729219,5.278087228269636,6.589690370110519,-1.1979274899202443,-1.0525958912340423e-14
159.9244282155022,-47.24680313671697,5.278015229565691,6.585393634316601,-1.1961706166298987,-4.210383564936169e-15
159.9392515539184,-47.248575507548125,5.277941947866528,6.581097899914536,-1.1944156904028742,8.420767129872338e-15
159.95407576118964,-47.250345483232294,5.277867380809695,6.57680317043455,-1.1926627123252238,-6.315575347404253e-15
159.96890083582946,-47.25211306158498,5.277791526030557,6.572509449411603,-1.1909116834820863,-1.473634247727659e-14
159.9837267763487,-47.253878240420285,5.277714381162288,6.568216740385462,-1.1891626049577029,4.210383564936169e-15
159.99855358125544,-47.25564101755089,5.277635943835879,6.5639250469006605,-1.1874154778354078,-8.420767129872338e-15
160.013381249055,-47.257401390788075,5.277556211680137,6.55963437250649,-1.1856703031976086,-1.6841534259744676e-14
160.02820977825,-47.259159357941705,5.277475182321672,6.555344720757052,-1.183927082125806,0.0
160.0430391673402,-47.26091491682023,5.27739285338491,6.551056095211228,-1.1821858157005822,2.315710960714893e-14
160.05786941482273,-47.26266806523071,5.277309222492084,6.546768499432675,-1.1804465050015882,4.210383564936169e-15
160.07270051919193,-47.26441880097879,5.277224287263233,6.542481936989856,-1.1787091511075518,1.0525958912340423e-14
160.08753247893927,-47.26616712186867,5.277138045316205,6.538196411456024,-1.1769737550962707,4.210383564936169e-15
160.1023652925536,-47.26791302570319,5.277050494266654,6.533911926409243,-1.1752403180446094,6.315575347404253e-15
160.11719895852093,-47.269656510283745,5.276961631728037,6.529628485432351,-1.173508841028489,-1.894672604221276e-14
160.13203347532456,-47.27139757341033,5.276871455311614,6.525346092113023,-1.1717793251228956,-1.894672604221276e-14
160.14686884144496,-47.273136212881546,5.276779962626448,6.521064750043729,-1.170051771401872,-1.894672604221276e-14
160.16170505535982,-47.274872426494575,5.276687151279404,6.51678446282174,-1.1683261809385066,-1.0525958912340423e-14
160.17654211554415,-47.27660621204515,5.276593018875145,6.512505234049166,-1.1666025548049421,1.2631150694808506e-14
160.19138002047004,-47.27833756732766,5.276497563016134,6.508227067332923,-1.1648808940723714,-3.157787673702127e-14
160.206218768607,-47.28006649013505,5.276400781302633,6.503949966284743,-1.163161199811014,-1.894672604221276e-14
160.22105835842154,-47.281792978258835,5.276302671332697,6.499673934521194,-1.1614434730901424,-3.9998643866893604e-14
160.23589878837754,-47.28351702948915,5.276203230702182,6.495398975663675,-1.1597277149780592,4.210383564936169e-15
160.25074005693605,-47.28523864161471,5.2761024570047335,6.491125093338398,-1.1580139265420966,-2.5262301389617013e-14
160.26558216255538,-47.28695781242283,5.276000347831791,6.486852291176433,-1.1563021088486163,1.0525958912340423e-14
160.2804251036909,-47.288674539699386,5.275896900772588,6.482580572813669,-1.1545922629630097,-1.473634247727659e-14
160.29526887879535,-47.29038882122887,5.275792113414153,6.47830994189086,-1.1528843899496841,-2.1051917824680846e-14
160.31011348631867,-47.29210065479435,5.275685983341294,6.474040402053577,-1.151178490872061,8.420767129872338e-15
160.32495892470786,-47.2938100381775,5.275578508136617,6.469771956952256,-1.1494745667925867,-2.315710960714893e-14
160.33980519240728,-47.29551696915858,5.275469685380511,6.465504610242191,-1.1477726187727124,-4.210383564936169e-15
160.35465228785847,-47.297221445516385,5.275359512651156,6.461238365583506,-1.1460726478728924,6.315575347404253e-15
160.36950020950005,-47.298923465028395,5.275247987524512,6.456973226641208,-1.1443746551525944,-1.0525958912340423e-14
160.3843489557679,-47.300623025470614,5.275135107574327,6.452709197085158,-1.1426786416702832,-2.5262301389617013e-14
160.39919852509524,-47.30232012461764,5.275020870372133,6.448446280590068,-1.1409846084834143,-2.1051917824680846e-14
160.41404891591225,-47.304014760242666,5.274905273487241,6.444184480835536,-1.139292556648445,-2.1051917824680846e-14
160.42890012664643,-47.3057069301175,5.274788314486747,6.439923801506022,-1.1376024872208186,1.473634247727659e-14
160.4437521557224,-47.30739663201251,5.274669990935522,6.435664246290869,-1.1359144012549711,2.1051917824680845e-15
160.45860500156206,-47.309083863696664,5.274550300396221,6.431405818884279,-1.1342282998043105,0.0
160.47345866258442,-47.31076862293751,5.274429240429274,6.427148522985353,-1.1325441839212331,1.2631150694808506e-14
160.48831313720567,-47.31245090750119,5.274306808592887,6.422892362298074,-1.130862054657114,-2.947268495455318e-14
160.50316842383924,-47.31413071515244,5.274183002443044,6.418637340531296,-1.129181913062287,-6.315575347404253e-15
160.5180245208957,-47.31580804365459,5.2740578195335,6.414383461398782,-1.1275037601860691,1.473634247727659e-14
160.53288142678272,-47.31748289076954,5.2739312574157875,6.410130728619191,-1.125827597076742,-2.1051917824680845e-15
160.54773913990527,-47.319155254257794,5.273803313639206,6.4058791459160584,-1.1241534247815395,-1.6841534259744676e-14
160.56259765866548,-47.320825131878436,5.273673985750832,6.401628717017832,-1.1224812443466627,-1.2631150694808506e-14
160.57745698146255,-47.322492521389144,5.273543271295504,6.397379445657872,-1.1208110568172662,-6.315575347404253e-15
160.59231710669286,-47.324157420546186,5.27341116781584,6.393131335574436,-1.1191428632374585,8.420767129872338e-15
