galstreams/tracks/track.st.Jhelum-a.bonaca2019.ecsv
# %ECSV 0.9
# ---
# datatype:
# - {name: ra, unit: deg, datatype: float64}
# - {name: dec, unit: deg, datatype: float64}
# - {name: distance, unit: kpc, datatype: float64}
# - {name: pm_ra_cosdec, unit: mas / yr, datatype: float64}
# - {name: pm_dec, unit: mas / yr, datatype: float64}
# - {name: radial_velocity, unit: km / s, datatype: float64}
# delimiter: ','
# meta: !!omap
# - __serialized_columns__:
#     dec:
#       __class__: astropy.coordinates.angles.Latitude
#       unit: &id001 !astropy.units.Unit {unit: deg}
#       value: !astropy.table.SerializedColumn {name: dec}
#     distance:
#       __class__: astropy.coordinates.distances.Distance
#       unit: !astropy.units.Unit {unit: kpc}
#       value: !astropy.table.SerializedColumn {name: distance}
#     pm_dec:
#       __class__: astropy.units.quantity.Quantity
#       unit: !astropy.units.Unit {unit: mas / yr}
#       value: !astropy.table.SerializedColumn {name: pm_dec}
#     pm_ra_cosdec:
#       __class__: astropy.units.quantity.Quantity
#       unit: !astropy.units.Unit {unit: mas / yr}
#       value: !astropy.table.SerializedColumn {name: pm_ra_cosdec}
#     ra:
#       __class__: astropy.coordinates.angles.Longitude
#       unit: *id001
#       value: !astropy.table.SerializedColumn {name: ra}
#       wrap_angle: !astropy.coordinates.Angle
#         unit: *id001
#         value: 360.0
#     radial_velocity:
#       __class__: astropy.units.quantity.Quantity
#       unit: !astropy.units.Unit {unit: km / s}
#       value: !astropy.table.SerializedColumn {name: radial_velocity}
# schema: astropy-2.0
ra,dec,distance,pm_ra_cosdec,pm_dec,radial_velocity
[from data line 978]
351.3083446171127,-52.202530664844396,13.000000000000004,7.044178711659353,-4.254169762364034,-1.1789073981821273e-13
351.29211186568494,-52.201488932040135,13.000000000000004,7.043418379205438,-4.255519484667978,1.6841534259744676e-14
351.27587985576304,-52.20044509862803,13.000000000000002,7.042657613670805,-4.256868947257684,-3.368306851948935e-14
351.2596485887721,-52.19939916478906,13.000000000000005,7.041896415279896,-4.258218149739717,-1.6841534259744677e-13
351.24341806613654,-52.19835113070447,13.000000000000005,7.041134784257336,-4.259567091720873,-6.73661370389787e-14
351.22718828928043,-52.19730099655589,13.000000000000005,7.040372720827966,-4.260915772808136,-1.1789073981821273e-13
351.2109592596273,-52.19624876252531,13.000000000000004,7.039610225216811,-4.2622641926086935,-5.0524602779234026e-14
351.1947309786003,-52.19519442879503,13.000000000000004,7.03884729764909,-4.263612350729945,-1.1789073981821273e-13
351.1785034476219,-52.194137995547706,13.000000000000004,7.038083938350226,-4.264960246779488,0.0
351.1622766681141,-52.19307946296633,13.000000000000004,7.03732014754583,-4.266307880365138,5.0524602779234026e-14
351.14605064149833,-52.19201883123426,13.000000000000004,7.0365559254617125,-4.267655251094911,0.0
351.1298253691957,-52.19095610053516,13.000000000000004,7.035791272323881,-4.269002358577023,0.0
351.1136008526267,-52.18989127105307,13.000000000000004,7.0350261883585326,-4.270349202419909,6.73661370389787e-14
351.0973770932112,-52.18882434297235,13.000000000000004,7.034260673792057,-4.2716957822322055,-2.020984111169361e-13
351.08115409236876,-52.18775531647771,13.000000000000004,7.033494728851047,-4.273042097622746,-1.515738083377021e-13
351.0649318515184,-52.18668419175421,13.000000000000007,7.032728353762287,-4.274388148200583,-5.0524602779234026e-14
351.04871037207835,-52.18561096898724,13.000000000000004,7.031961548752749,-4.2757339335749815,0.0
351.0324896554667,-52.184535648362534,13.000000000000004,7.031194314049602,-4.277079453355403,0.0
351.01626970310076,-52.183458230066165,13.000000000000004,7.030426649880208,-4.278424707151521,-1.347322740779574e-13
351.0000505163976,-52.18237871428456,13.000000000000004,7.029658556472132,-4.279769694573204,-1.347322740779574e-13
350.9838320967733,-52.18129710120447,13.000000000000004,7.028890034053107,-4.281114415230567,-2.020984111169361e-13
350.96761444564396,-52.18021339101302,13.000000000000004,7.0281210828510865,-4.282458868733892,-1.515738083377021e-13
350.9513975644247,-52.17912758389762,13.000000000000004,7.0273517030941965,-4.283803054693689,-5.0524602779234026e-14
350.93518145453055,-52.17803968004607,13.000000000000004,7.026581895010766,-4.28514697272068,-1.6841534259744677e-13
350.9189661173757,-52.17694967964647,13.000000000000002,7.025811658829319,-4.286490622425781,3.368306851948935e-14
350.9027515543739,-52.175857582887325,13.000000000000002,7.0250409947785535,-4.287834003420138,1.6841534259744676e-14
350.8865377669383,-52.174763389957405,13.000000000000005,7.024269903087377,-4.289177115315091,-6.73661370389787e-14
350.87032475648186,-52.17366710104587,13.000000000000005,7.023498383984877,-4.290519957722192,3.368306851948935e-14
350.8541125244166,-52.1725687163422,13.000000000000004,7.022726437700345,-4.291862530253216,-1.1789073981821273e-13
350.8379010721543,-52.17146823603621,13.000000000000004,7.021954064463246,-4.293204832520124,-3.368306851948935e-14
350.821690401106,-52.170365660318076,13.000000000000004,7.021181264503249,-4.294546864135111,1.6841534259744676e-14
350.80548051268244,-52.16926098937831,13.000000000000002,7.020408038050207,-4.295888624710578,-8.420767129872338e-14
350.7892714082936,-52.168154223407726,13.000000000000004,7.019634385334165,-4.297230113859121,3.368306851948935e-14
350.7730630893491,-52.16704536259752,13.000000000000007,7.018860306585352,-4.2985713311935685,-3.368306851948935e-14
350.75685555725795,-52.16593440713921,13.000000000000002,7.018085802034201,-4.29991227632695,-1.1789073981821273e-13
350.7406488134286,-52.16482135722468,13.000000000000005,7.0173108719113095,-4.301252948872504,-1.515738083377021e-13
350.7244428592693,-52.1637062130461,13.000000000000004,7.016535516447507,-4.3025933484436765,-1.6841534259744677e-13
350.7082376961871,-52.16258897479601,13.000000000000004,7.015759735873756,-4.303933474654151,-1.6841534259744677e-13
350.6920333255891,-52.16146964266729,13.000000000000002,7.014983530421251,-4.305273327117794,0.0
350.6758297488816,-52.160348216853166,13.000000000000004,7.01420690032135,-4.306612905448706,-1.1789073981821273e-13
350.6596269674705,-52.15922469754717,13.000000000000004,7.0134298458056135,-4.30795220926118,-5.0524602779234026e-14
350.6434249827611,-52.158099084943196,13.000000000000004,7.012652367105788,-4.309291238169736,-1.6841534259744676e-14
350.6272237961581,-52.15697137923548,13.000000000000005,7.011874464453797,-4.310629991789108,-1.0104920555846805e-13
350.61102340906575,-52.155841580618585,13.000000000000004,7.011096138081768,-4.311968469734231,-6.73661370389787e-14
350.5948238228878,-52.15470968928741,13.000000000000005,7.010317388221999,-4.313306671620265,-1.0104920555846805e-13
350.5786250390274,-52.15357570543719,13.000000000000002,7.009538215106991,-4.314644597062579,-5.0524602779234026e-14
350.56242705888695,-52.152439629263526,13.000000000000004,7.00875861896941,-4.315982245676759,-1.347322740779574e-13
350.54622988386876,-52.1513014609623,13.000000000000005,7.007978600042135,-4.317319617078598,-1.515738083377021e-13
350.5300335153743,-52.15016120072979,13.000000000000004,7.007198158558211,-4.318656710884109,0.0
350.51383795480444,-52.14901884876257,13.000000000000004,7.006417294750868,-4.319993526709528,-1.8525687685719145e-13
350.4976432035598,-52.14787440525758,13.000000000000007,7.005636008853544,-4.321330064171284,-1.1789073981821273e-13
350.4814492630401,-52.14672787041206,13.000000000000005,7.00485430109984,-4.32266632288604,-8.420767129872338e-14
350.4652561346448,-52.14557924442361,13.000000000000004,7.004072171723548,-4.324002302470667,-8.420767129872338e-14
350.44906381977273,-52.14442852749019,13.000000000000004,7.003289620958656,-4.325338002542242,-8.420767129872338e-14
350.432872319822,-52.14327571981003,13.000000000000007,7.00250664903931,-4.326673422718082,-1.6841534259744676e-14
350.4166816361904,-52.142120821581756,13.000000000000004,7.001723256199872,-4.32800856261571,-1.6841534259744677e-13
350.4004917702751,-52.140963833004314,13.000000000000007,7.000939442674867,-4.329343421852844,-1.347322740779574e-13
350.38430272347273,-52.139804754276966,13.000000000000005,7.000155208699017,-4.330678000047439,1.6841534259744676e-14
350.3681144971793,-52.13864358559934,13.000000000000007,6.999370554507213,-4.332012296817668,-8.420767129872338e-14
350.35192709279033,-52.13748032717136,13.000000000000007,6.998585480334543,-4.33334631178191,-6.73661370389787e-14
350.3357405117008,-52.13631497919332,13.000000000000007,6.997799986416275,-4.334680044558763,0.0
350.3195547553051,-52.13514754186584,13.000000000000005,6.997014072987858,-4.336013494767052,-1.0104920555846805e-13
350.3033698249971,-52.13397801538987,13.000000000000004,6.996227740284919,-4.337346662025801,-6.73661370389787e-14
350.28718572217014,-52.13280639996669,13.000000000000005,6.995440988543275,-4.3386795459542675,-6.73661370389787e-14
350.27100244821685,-52.131632695797926,13.000000000000007,6.994653817998923,-4.3400121461719205,-8.420767129872338e-14
350.25482000452945,-52.13045690308552,13.000000000000007,6.9938662288880415,-4.34134446229845,-1.8525687685719145e-13
350.23863839249964,-52.12927902203177,13.000000000000004,6.993078221446994,-4.342676493953755,-8.420767129872338e-14
350.22245761351843,-52.12809905283929,13.000000000000005,6.992289795912316,-4.344008240757961,-1.347322740779574e-13
350.2062776689763,-52.12691699571105,13.000000000000007,6.991500952520734,-4.345339702331412,-1.6841534259744677e-13
350.1900985602634,-52.125732850850305,13.000000000000005,6.9907116915091585,-4.346670878294664,-1.0104920555846805e-13
350.173920288769,-52.12454661846072,13.000000000000007,6.9899220131146675,-4.348001768268489,0.0
350.1577428558818,-52.123358298746226,13.00000000000001,6.989131917574524,-4.349332371873906,-6.73661370389787e-14
350.1415662629902,-52.12216789191112,13.000000000000007,6.988341405126176,-4.350662688732123,-1.0104920555846805e-13
350.12539051148184,-52.120975398160006,13.000000000000005,6.987550476007252,-4.351992718464575,-1.8525687685719145e-13
350.109215602744,-52.119780817697865,13.000000000000007,6.986759130455555,-4.35332246069291,8.420767129872338e-14
350.0930415381631,-52.11858415072995,13.000000000000007,6.985967368709074,-4.354651915039017,5.0524602779234026e-14
350.0768683191253,-52.1173853974619,13.000000000000007,6.985175191005964,-4.355981081124986,3.368306851948935e-14
350.0606959470159,-52.11618455809967,13.000000000000007,6.984382597584577,-4.357309958573136,-2.020984111169361e-13
350.0445244232199,-52.11498163284953,13.000000000000004,6.983589588683438,-4.358638547005999,-1.515738083377021e-13
350.0283537491216,-52.113776621918106,13.000000000000007,6.982796164541238,-4.359966846046328,3.368306851948935e-14
350.01218392610474,-52.11256952551233,13.000000000000005,6.982002325396862,-4.361294855317114,-1.0104920555846805e-13
349.9960149555524,-52.11136034383949,13.000000000000007,6.981208071489364,-4.362622574441544,-6.73661370389787e-14
349.9798468388473,-52.1101490771072,13.000000000000007,6.980413403057982,-4.363950003043047,-1.1789073981821273e-13
349.9636795773715,-52.10893572552338,13.000000000000005,6.9796183203421265,-4.365277140745254,-1.515738083377021e-13
349.9475131725064,-52.10772028929633,13.000000000000004,6.9788228235813925,-4.366603987172035,-1.6841534259744677e-13
349.9313476256329,-52.10650276863463,13.000000000000007,6.978026913015536,-4.36793054194747,-8.420767129872338e-14
349.9151829381314,-52.105283163747224,13.000000000000004,6.97723058888452,-4.3692568046958575,1.6841534259744676e-14
349.8990191113815,-52.10406147484336,13.000000000000005,6.976433851428441,-4.370582775041747,-6.73661370389787e-14
349.88285614676244,-52.102837702132646,13.000000000000007,6.975636700887607,-4.371908452609875,-1.6841534259744676e-14
349.86669404565276,-52.101611845825,13.000000000000005,6.974839137502492,-4.3732338370252215,-1.0104920555846805e-13
349.85053280943055,-52.10038390613067,13.000000000000004,6.97404116151374,-4.374558927912976,-1.0104920555846805e-13
349.8343724394732,-52.09915388326026,13.000000000000009,6.9732427731621796,-4.375883724898559,-1.347322740779574e-13
349.8182129371577,-52.097921777424666,13.000000000000007,6.9724439726888106,-4.377208227607612,-5.0524602779234026e-14
349.8020543038602,-52.096687588835124,13.000000000000005,6.9716447603348,-4.378532435666001,-1.1789073981821273e-13
349.7858965409564,-52.09545131770323,13.000000000000005,6.970845136341507,-4.379856348699812,-6.73661370389787e-14
349.76973964982153,-52.09421296424086,13.000000000000009,6.970045100950444,-4.38117996633536,-3.368306851948935e-14
349.75358363183,-52.09297252866027,13.000000000000007,6.96924465440332,-4.382503288199182,-6.73661370389787e-14
349.7374284883558,-52.091730011173986,13.000000000000007,6.968443796942,-4.383826313918034,-1.1789073981821273e-13
349.72127422077244,-52.09048541199493,13.000000000000007,6.967642528808537,-4.385149043118899,-6.73661370389787e-14
349.7051208304526,-52.0892387313363,13.000000000000005,6.966840850245142,-4.386471475428993,-1.6841534259744677e-13
349.6889683187685,-52.08798996941164,13.000000000000007,6.96603876149422,-4.387793610475737,-3.368306851948935e-14
349.6728166870917,-52.086739126434836,13.000000000000007,6.9652362627983235,-4.3891154478868,0.0
349.65666593679333,-52.08548620262007,13.000000000000007,6.964433354400193,-4.390436987290063,-1.6841534259744677e-13
349.640516069244,-52.08423119818189,13.000000000000007,6.963630036542755,-4.391758228313617,-6.73661370389787e-14
349.62436708581316,-52.082974113335126,13.000000000000004,6.9628263094690785,-4.393079170585823,-1.515738083377021e-13
349.6082189878704,-52.08171494829498,13.000000000000005,6.962022173422415,-4.394399813735222,-1.515738083377021e-13
349.5920717767842,-52.08045370327697,13.000000000000009,6.961217628646207,-4.395720157390604,-1.8525687685719145e-13
349.5759254539229,-52.07919037849691,13.000000000000007,6.960412675384045,-4.397040201180975,-6.73661370389787e-14
349.5597800206538,-52.07792497417099,13.000000000000007,6.959607313879702,-4.398359944735576,-5.0524602779234026e-14
349.5436354783439,-52.07665749051567,13.000000000000004,6.958801544377121,-4.399679387683864,1.6841534259744676e-14
349.5274918283595,-52.075387927747805,13.000000000000005,6.957995367120406,-4.400998529655535,-1.6841534259744677e-13
349.5113490720663,-52.07411628608452,13.000000000000009,6.957188782353851,-4.402317370280494,-3.368306851948935e-14
349.49520721082945,-52.07284256574329,13.000000000000007,6.956381790321902,-4.403635909188894,3.368306851948935e-14
349.4790662460135,-52.0715667669419,13.000000000000004,6.955574391269186,-4.404954146011102,-8.420767129872338e-14
349.46292617898234,-52.070288889898485,13.000000000000007,6.954766585440493,-4.40627208037771,-1.6841534259744677e-13
349.4467870110994,-52.069008934831494,13.000000000000007,6.9539583730807895,-4.407589711919543,-8.420767129872338e-14
349.4306487437274,-52.0677269019597,13.000000000000007,6.953149754435202,-4.408907040267654,-6.73661370389787e-14
349.4145113782284,-52.06644279150219,13.000000000000007,6.9523407297490385,-4.410224065053322,-1.8525687685719145e-13
349.3983749159641,-52.06515660367842,13.000000000000007,6.951531299267762,-4.411540785908049,5.0524602779234026e-14
349.3822393582953,-52.06386833870811,13.000000000000007,6.950721463237015,-4.41285720246358,-1.0104920555846805e-13
349.3661047065826,-52.062577996811335,13.000000000000005,6.949911221902611,-4.414173314351858,-1.6841534259744676e-14
349.34997096218535,-52.06128557820851,13.000000000000005,6.949100575510508,-4.415489121205105,-1.8525687685719145e-13
349.333838126463,-52.05999108312036,13.000000000000007,6.948289524306856,-4.416804622655717,-1.347322740779574e-13
349.317706200774,-52.058694511767904,13.000000000000005,6.94747806853797,-4.418119818336352,-8.420767129872338e-14
349.30157518647627,-52.05739586437255,13.000000000000007,6.94666620845032,-4.419434707879891,-1.6841534259744677e-13
349.2854450849272,-52.05609514115598,13.000000000000007,6.945853944290554,-4.420749290919432,-1.1789073981821273e-13
349.26931589748347,-52.05479234234021,13.000000000000007,6.945041276305482,-4.422063567088316,-1.1789073981821273e-13
349.25318762550125,-52.05348746814758,13.000000000000005,6.944228204742084,-4.423377536020111,-1.1789073981821273e-13
349.2370602703361,-52.05218051880076,13.000000000000007,6.9434147298475,-4.424691197348608,-5.0524602779234026e-14
349.22093383334277,-52.050871494522745,13.000000000000005,6.942600851869043,-4.426004550707838,-1.6841534259744677e-13
349.2048083158757,-52.04956039553686,13.000000000000005,6.941786571054187,-4.427317595732051,-1.8525687685719145e-13
349.18868371928863,-52.04824722206672,13.000000000000005,6.940971887650575,-4.428630332055733,0.0
349.17256004493447,-52.04693197433629,13.000000000000007,6.940156801906007,-4.429942759313603,-1.6841534259744676e-14
349.15643729416576,-52.04561465256986,13.000000000000007,6.93934131406846,-4.431254877140611,-1.8525687685719145e-13
349.14031546833445,-52.04429525699203,13.000000000000005,6.938525424386067,-4.432566685171927,-1.8525687685719145e-13
349.1241945687917,-52.04297378782772,13.000000000000007,6.937709133107134,-4.433878183042958,-1.1789073981821273e-13
349.10807459688823,-52.04165024530218,13.000000000000004,6.936892440480119,-4.435189370389349,-1.8525687685719145e-13
349.0919555539741,-52.040324629641,13.000000000000007,6.936075346753662,-4.436500246846954,0.0
