galstreams/tracks/track.st.Jhelum.ibata2021.ecsv
# %ECSV 1.0
# ---
# datatype:
# - {name: ra, unit: deg, datatype: float64}
# - {name: dec, unit: deg, datatype: float64}
# - {name: distance, unit: kpc, datatype: float64}
# - {name: pm_ra_cosdec, unit: mas / yr, datatype: float64}
# - {name: pm_dec, unit: mas / yr, datatype: float64}
# - {name: radial_velocity, unit: km / s, datatype: float64}
# delimiter: ','
# meta: !!omap
# - __serialized_columns__:
#     dec:
#       __class__: astropy.coordinates.angles.Latitude
#       unit: &id001 !astropy.units.Unit {unit: deg}
#       value: !astropy.table.SerializedColumn {name: dec}
#     distance:
#       __class__: astropy.coordinates.distances.Distance
#       unit: !astropy.units.Unit {unit: kpc}
#       value: !astropy.table.SerializedColumn {name: distance}
#     pm_dec:
#       __class__: astropy.units.quantity.Quantity
#       unit: !astropy.units.Unit {unit: mas / yr}
#       value: !astropy.table.SerializedColumn {name: pm_dec}
#     pm_ra_cosdec:
#       __class__: astropy.units.quantity.Quantity
#       unit: !astropy.units.Unit {unit: mas / yr}
#       value: !astropy.table.SerializedColumn {name: pm_ra_cosdec}
#     ra:
#       __class__: astropy.coordinates.angles.Longitude
#       unit: *id001
#       value: !astropy.table.SerializedColumn {name: ra}
#       wrap_angle: !astropy.coordinates.Angle
#         unit: *id001
#         value: 360.0
#     radial_velocity:
#       __class__: astropy.units.quantity.Quantity
#       unit: !astropy.units.Unit {unit: km / s}
#       value: !astropy.table.SerializedColumn {name: radial_velocity}
# schema: astropy-2.0
ra,dec,distance,pm_ra_cosdec,pm_dec,radial_velocity
[from data line 2562]
330.2842757304037,-49.3831451999646,11.152338909208147,5.471775191986307,-6.13686783690715,-6.956079599184406
330.2697850090324,-49.37965231782572,11.152578311777011,5.4708286563866295,-6.137489206641878,-7.726400132195942
330.25529679511357,-49.37615659761105,11.152816402166353,5.469883360466936,-6.138110132632228,-8.498925314289629
330.2408110902705,-49.372658039327256,11.153053178726372,5.468939305569753,-6.138730615730305,-9.273657273318207
330.2263278961252,-49.36915664298135,11.15328863980726,5.467996493037002,-6.139350656788984,-10.050598137135866
330.21184721429876,-49.365652408580786,11.15352278375921,5.467054924210007,-6.139970256661929,-10.829750033595445
330.19736904641115,-49.362145336133366,11.153755608932416,5.466114600429495,-6.140589416203555,-11.611115090550463
330.1828933940811,-49.35863542564734,11.153987113677072,5.465175523035589,-6.141208136269073,-12.394695435854162
330.1684202589265,-49.35512267713129,11.154217296343374,5.4642376933678225,-6.141826417714444,-13.180493197360093
330.1539496425641,-49.351607090594214,11.154446155281516,5.463301112765124,-6.142444261396409,-13.968510502920997
330.1394815466094,-49.3480886660455,11.154673688841683,5.462365782565824,-6.1430616681724866,-14.758749480391398
330.1250159726771,-49.344567403494935,11.154899895374077,5.461431704107651,-6.143678638900942,-15.551212257623648
330.1105529223805,-49.34104330295267,11.15512477322889,5.460498878727735,-6.144295174440822,-16.34590096247137
330.09609239733214,-49.337516364429256,11.155348320756314,5.45956730776261,-6.144911275651941,-17.142817722788404
330.0816343991432,-49.33398658793567,11.15557053630655,5.458636992548193,-6.145526943394874,-17.941964666427335
330.06717892942396,-49.33045397348319,11.155791418229779,5.457707934419824,-6.14614217853096,-18.743343921242477
330.0527259897836,-49.32691852108357,11.156010964876204,5.456780134712232,-6.146756981922295,-19.54695761508614
330.03827558182996,-49.323380230748924,11.156229174596016,5.455853594759528,-6.147371354431757,-20.352807875812672
330.02382770717026,-49.319839102491734,11.156446045739408,5.454928315895252,-6.147985296922963,-21.160896831274638
330.00938236741024,-49.316295136324854,11.156661576656576,5.454004299452315,-6.148598810260298,-21.971226609326003
329.99493956415466,-49.31274833226159,11.15687576569771,5.453081546763044,-6.149211895308916,-22.78379933781959
329.9804992990073,-49.30919869031558,11.157088611213005,5.4521600591591515,-6.1498245529347155,-23.59861714460924
329.96606157357076,-49.30564621050086,11.157300111552656,5.451239837971756,-6.150436784004359,-24.415682157547824
329.95162638944646,-49.30209089283184,11.157510265066856,5.450320884531363,-6.15104858938527,-25.234996504489512
329.9371937482349,-49.29853273732334,11.157719070105799,5.449403200167888,-6.151659969945614,-26.056562313286864
329.9227636515354,-49.29497174399058,11.157926525019679,5.448486786210625,-6.152270926554328,-26.88038171179321
329.9083361009462,-49.291407912849095,11.15813262815869,5.447571643988284,-6.152881460081083,-27.706456827862716
329.8939110980644,-49.28784124391485,11.158337377873023,5.446657774828956,-6.1534915713963265,-28.534789789348263
329.8794886444861,-49.28427173720419,11.158540772512874,5.44574518006014,-6.154101261371233,-29.365382724103295
329.8650687418063,-49.280699392733865,11.158742810428436,5.444833861008713,-6.154710530877745,-30.198237759980792
329.8506513916187,-49.27712421052095,11.1589434899699,5.4439238190009664,-6.155319380788548,-31.03335702483484
329.8362365955163,-49.27354619058297,11.159142809487467,5.443015055362573,-6.155927811977076,-31.87074264651811
329.8218243550906,-49.26996533293776,11.159340767331326,5.442107571418611,-6.156535825317507,-32.71039675288449
329.8074146719322,-49.26638163760359,11.159537361851664,5.441201368493541,-6.15714342168478,-33.55232147178691
329.7930075476305,-49.2627951045991,11.159732591398688,5.440296447911222,-6.1577506019545645,-34.39651893107935
329.778602983774,-49.25920573394329,11.159926454322585,5.439392810994914,-6.158357367003277,-35.24299125861411
329.7642009819499,-49.25561352565557,11.160118948973546,5.438490459067261,-6.158963717708089,-36.09174058224585
329.74980154374435,-49.25201847975571,11.16031007370177,5.4375893934503,-6.1595696549469015,-36.94276902982702
329.7354046707425,-49.248420596263855,11.160499826857446,5.4366896154654825,-6.160175179598361,-37.796078729211125
329.72101036452824,-49.244819875200555,11.16068820679077,5.435791126433615,-6.160780292541865,-38.6516718082521
329.7066186266844,-49.24121631658671,11.16087521185194,5.434893927674927,-6.161384994657535,-39.50955039480244
329.6922294587928,-49.23760992044361,11.161060840391142,5.433998020509026,-6.161989286826243,-40.3697166167164
329.67784286243403,-49.234000686792925,11.16124509075857,5.433103406254931,-6.162593169929593,-41.23217260184654
329.6634588391877,-49.2303886156567,11.161427961304426,5.432210086231024,-6.163196644849926,-42.096920478046755
329.64907739063216,-49.22677370705736,11.161609450378894,5.431318061755089,-6.163799712470329,-42.963962373170304
329.6346985183448,-49.2231559610177,11.16178955633217,5.430427334144318,-6.164402373674609,-43.83330041507055
329.62032222390184,-49.219535377560895,11.161968277514454,5.429537904715272,-6.165004629347318,-44.70493673160049
329.6059485088784,-49.21591195671049,11.162145612275934,5.428649774783918,-6.165606480373734,-45.57887345061427
329.59157737484844,-49.21228569849044,11.162321558966806,5.427762945665606,-6.166207927639869,-46.455112699964374
329.57720882338486,-49.208656602925,11.16249611593726,5.426877418675078,-6.166808972032474,-47.333656607504935
329.5628428560595,-49.205024670038895,11.162669281537495,5.425993195126463,-6.167409614439018,-48.21450730108846
329.5484794744429,-49.20138989985715,11.1628410541177,5.425110276333292,-6.168009855747709,-49.09766690856894
329.5341186801047,-49.19775229240519,11.163011432028073,5.424228663608468,-6.1686096968474775,-49.98313755780002
329.5197604746134,-49.19411184770882,11.163180413618804,5.4233483582643,-6.169209138627984,-50.870921376634406
329.50540485953627,-49.190468565794205,11.163347997240086,5.4224693616124755,-6.16980818197961,-51.761020492925866
329.49105183643945,-49.1868224466879,11.163514181242114,5.4215916749640725,-6.170406827793473,-52.65343703452735
329.47670140688814,-49.18317349041681,11.163678963975089,5.420715299629563,-6.1710050769614,-53.54817312929287
329.46235357244626,-49.17952169700824,11.163842343789192,5.419840236918811,-6.1716029303759585,-54.44523090507513
329.44800833467673,-49.175867066489836,11.164004319034627,5.418966488141043,-6.172200388930423,-55.34461248972818
329.43366569514126,-49.172209598889644,11.164164888061578,5.4180940546049134,-6.1727974535188,-56.246320011104565
329.4193256554005,-49.16854929423606,11.164324049220248,5.417222937618435,-6.1733941250358075,-57.15035559705829
329.4049882170139,-49.16488615255785,11.164481800860823,5.416353138489022,-6.173990404376891,-58.056721375442315
329.39065338154,-49.16122017388417,11.164638141333507,5.415484658523465,-6.174586292438205,-58.96541947411026
329.3763211505359,-49.15755135824452,11.164793068988484,5.414617499027949,-6.17518179011664,-59.8764520209155
329.36199152555776,-49.153879705668786,11.164946582175947,5.41375166130805,-6.175776898309785,-60.78982114371141
329.3476645081607,-49.15020521618724,11.165098679246096,5.41288714666873,-6.176371617915945,-61.70552897035127
329.3333400998986,-49.14652788983047,11.165249358549124,5.412023956414326,-6.176965949834146,-62.62357762868811
329.3190183023242,-49.14284772662949,11.16539861843522,5.411162091848572,-6.177559894964126,-63.54396924657593
329.3046991169892,-49.13916472661564,11.165546457254585,5.410301554274588,-6.178153454206338,-64.46670595186771
329.29038254544406,-49.13547888982066,11.165692873357402,5.409442344994872,-6.178746628461948,-65.39178987241712
329.27606858923826,-49.13179021627661,11.165837865093877,5.408584465311321,-6.179339418632821,-66.31922313607718
329.26175724992004,-49.12809870601599,11.165981430814194,5.4077279165252,-6.179931825621546,-67.24900787070145
329.2474485290366,-49.12440435907158,11.16612356886855,5.4068726999371854,-6.180523850331408,-68.18114620414295
329.2331424281339,-49.12070717547661,11.166264277607139,5.406018816847307,-6.181115493666406,-69.11564026425563
329.21883894875685,-49.11700715526459,11.166403555380152,5.4051662685550035,-6.181706756531256,-70.05249217889249
329.2045380924493,-49.11330429846948,11.16654140053779,5.404315056359087,-6.1822976398313525,-70.99170407590645
329.1902398607537,-49.10959860512554,11.16667781143024,5.40346518155776,-6.182888144472826,-71.9332780831523
329.17594425521173,-49.105890075267425,11.166812786407696,5.402616645448602,-6.183478271362487,-72.87721632848185
329.1616512773637,-49.102178708930154,11.166946323820357,5.401769449328587,-6.184068021407862,-73.82352093974954
329.147360928749,-49.098464506149085,11.16707842201841,5.400923594494067,-6.184657395517171,-74.77219404480782
329.1330732109054,-49.09474746695997,11.167209079352052,5.400079082240771,-6.185246394599348,-75.72323777151115
329.11878812537026,-49.091027591398905,11.167338294171477,5.39923591386383,-6.185835019564004,-76.67665424771158
329.10450567367917,-49.087304879502355,11.167466064826876,5.398394090657735,-6.186423271321476,-77.63244560126384
329.09022585736693,-49.08357933130715,11.167592389668448,5.397553613916379,-6.187011150782775,-78.59061396002016
329.0759486779671,-49.07985094685047,11.167717267046381,5.396714484933029,-6.187598658859625,-79.55116145183472
329.0616741370122,-49.07611972616987,11.16784069531087,5.39587670500034,-6.188185796464442,-80.51409020456039
329.04740223603346,-49.072385669303245,11.167962672812111,5.395040275410346,-6.188772564510327,-81.47940234605078
329.033132976561,-49.068648776288875,11.168083197900296,5.394205197454461,-6.189358963911092,-82.44710000415887
329.0188663601239,-49.0649090471654,11.16820226892562,5.393371472423488,-6.189944995581224,-83.4171853067384
329.0046023882501,-49.06116648197178,11.168319884238276,5.392539101607598,-6.190530660435919,-84.38966038164301
328.9903410624663,-49.057421080747375,11.168436042188455,5.391708086296372,-6.19111595939105,-85.36452735672525
328.976082384298,-49.053672843531906,11.168550741126355,5.390878427778735,-6.191700893363191,-86.34178835983946
328.96182635527,-49.049921770365415,11.168663979402167,5.3900501273430335,-6.192285463269594,-87.32144551883793
328.9475729769053,-49.04616786128833,11.168775755366084,5.38922318627696,-6.192869670028209,-88.30350096157505
328.93332225072623,-49.04241111634144,11.168886067368303,5.388397605867609,-6.193453514557667,-89.28795681590337
328.9190741782538,-49.03865153556587,11.168994913759015,5.387573387401447,-6.194036997777289,-90.27481520967707
328.904828761008,-49.034889119003125,11.169102292888416,5.386750532164326,-6.194620120607072,-91.26407827074863
328.8905860005074,-49.03112386669504,11.169208203106697,5.38592904144148,-6.195202883967713,-92.25574812697222
328.87634589826985,-49.02735577868384,11.169312642764053,5.385108916517514,-6.195785288780581,-93.24982690620037
328.86210845581166,-49.023584855012075,11.169415610210677,5.384290158676424,-6.196367335967728,-94.2463167362874
328.84787367464816,-49.01981109572266,11.16951710379676,5.383472769201582,-6.19694902645189,-95.24521974508588
328.8336415562936,-49.01603450085886,11.169617121872504,5.382656749375738,-6.197530361156475,-96.24653806044935
328.8194121022611,-49.01225507046432,11.169715662788095,5.381842100481026,-6.198111341005585,-97.25027381023159
328.8051853140623,-49.00847280458299,11.169812724893728,5.3810288237989585,-6.198691966923984,-98.2564291222854
328.7909611932082,-49.00468770325924,11.1699083065396,5.380216920610419,-6.199272239837127,-99.26500612446475
328.77673974120813,-49.000899766537735,11.170002406075904,5.379406392195677,-6.199852160671141,-100.27600694462264
328.76252095957074,-48.99710899446351,11.170095021852829,5.3785972398343915,-6.200431730352818,-101.28943371061234
328.7483048498032,-48.993315387081964,11.170186152220571,5.377789464805576,-6.201010949809643,-102.30528855028722
328.7340914134117,-48.989518944438835,11.170275795529328,5.376983068387647,-6.2015898199697554,-103.32357359150112
328.71988065190124,-48.985719666580216,11.170363950129287,5.376178051858382,-6.2021683417619835,-104.34429096210688
328.7056725667756,-48.98191755355257,11.170450614370646,5.3753744164949495,-6.20274651611581,-105.36744278995818
328.6914671595376,-48.97811260540267,11.170535786603597,5.3745721635738954,-6.2033243439614,-106.39303120290788
328.6772644316885,-48.974304822177686,11.17061946517834,5.373771294371123,-6.203901826229591,-107.42105832881022
328.66306438472895,-48.970494203925085,11.170701648445053,5.372971810161943,-6.204478963851874,-108.4515262955175
328.6488670201581,-48.96668075069275,11.170782334753948,5.372173712221031,-6.2050557577604195,-109.4844372308838
328.6346723394739,-48.96286446252884,11.170861522455207,5.371377001822435,-6.205632208888058,-110.51979326276269
328.6204803441735,-48.95904533948192,11.170939209899029,5.370581680239582,-6.206208318168292,-111.55759651900686
328.60629103575235,-48.95522338160087,11.171015395435598,5.3697877487452885,-6.2067840865352855,-112.5978491274703
328.59210441570525,-48.95139858893496,11.171090077415124,5.368995208611728,-6.207359514923861,-113.64055321600556
328.5779204855257,-48.94757096153373,11.171163254187785,5.368204061110476,-6.207934604269505,-114.68571091246699
328.5637392467058,-48.94374049944715,11.171234924103787,5.367414307512459,-6.208509355508374,-115.7333243447072
328.5495607007367,-48.93990720272549,11.171305085513318,5.366625949087995,-6.209083769577276,-116.78339564058032
328.53538484910854,-48.93607107141939,11.171373736766569,5.365838987106782,-6.209657847413679,-117.83592692793859
328.52121169330997,-48.932232105579814,11.17144087621374,5.36505342283788,-6.210231589955715,-118.89092033463658
328.50704123482876,-48.92839030525807,11.171506502205018,5.364269257549743,-6.210804998142166,-119.94837798852659
328.49287347515127,-48.92454567050585,11.171570613090603,5.363486492510182,-6.211378072912478,-121.00830201746281
328.47870841576287,-48.92069820137513,11.171633207220685,5.362705128986395,-6.211950815206746,-122.07069454929811
328.46454605814773,-48.916847897918295,11.171694282945458,5.3619251682449605,-6.21252322596573,-123.13555771188597
328.4503864037889,-48.91299476018801,11.171753838615114,5.3611466115518205,-6.213095306130827,-124.20289363308018
328.43622945416814,-48.90913878823736,11.171811872579852,5.3603694601723,-6.213667056644101,-125.2727044407334
328.4220752107662,-48.90527998211969,11.17186838318986,5.359593715371105,-6.214238478448256,-126.34499226269965
328.40792367506253,-48.901418341888736,11.171923368795335,5.358819378412302,-6.2148095724866605,-127.41975922683181
328.39377484853554,-48.897553867598575,11.171976827746471,5.3580464505593435,-6.215380339703318,-128.4970074609834
328.37962873266235,-48.89368655930362,11.17202875839346,5.357274933075052,-6.215950781042894,-129.57673909300757
328.36548532891896,-48.8898164170586,11.172079159086493,5.356504827221626,-6.2165208974506925,-130.65895625075854
328.3513446387803,-48.88594344091863,11.172128028175772,5.3557361342606455,-6.217090689872661,-131.7436610620886
328.33720666371994,-48.88206763093915,11.172175364011483,5.35496885545306,-6.2176601592554075,-132.8308556548517
328.3230714052105,-48.87818898717592,11.17222116494382,5.354202992059181,-6.2182293065461725,-133.92054215690095
328.30893886472325,-48.87430750968505,11.17226542932298,5.3534385453387205,-6.21879813269284,-135.0127226960902
328.29480904372843,-48.87042319852301,11.17230815549916,5.35267551655074,-6.21936663864394,-136.10739940027187
328.280681943695,-48.86653605374659,11.172349341822542,5.351913906953693,-6.219934825348653,-137.2045743973001
