galstreams/tracks/track.st.Vid.ibata2021.ecsv
# %ECSV 0.9
# ---
# datatype:
# - {name: ra, unit: deg, datatype: float64}
# - {name: dec, unit: deg, datatype: float64}
# - {name: distance, unit: kpc, datatype: float64}
# - {name: pm_ra_cosdec, unit: mas / yr, datatype: float64}
# - {name: pm_dec, unit: mas / yr, datatype: float64}
# - {name: radial_velocity, unit: km / s, datatype: float64}
# delimiter: ','
# meta: !!omap
# - __serialized_columns__:
#     dec:
#       __class__: astropy.coordinates.angles.Latitude
#       unit: &id001 !astropy.units.Unit {unit: deg}
#       value: !astropy.table.SerializedColumn {name: dec}
#     distance:
#       __class__: astropy.coordinates.distances.Distance
#       unit: !astropy.units.Unit {unit: kpc}
#       value: !astropy.table.SerializedColumn {name: distance}
#     pm_dec:
#       __class__: astropy.units.quantity.Quantity
#       unit: !astropy.units.Unit {unit: mas / yr}
#       value: !astropy.table.SerializedColumn {name: pm_dec}
#     pm_ra_cosdec:
#       __class__: astropy.units.quantity.Quantity
#       unit: !astropy.units.Unit {unit: mas / yr}
#       value: !astropy.table.SerializedColumn {name: pm_ra_cosdec}
#     ra:
#       __class__: astropy.coordinates.angles.Longitude
#       unit: *id001
#       value: !astropy.table.SerializedColumn {name: ra}
#       wrap_angle: !astropy.coordinates.Angle
#         unit: *id001
#         value: 360.0
#     radial_velocity:
#       __class__: astropy.units.quantity.Quantity
#       unit: !astropy.units.Unit {unit: km / s}
#       value: !astropy.table.SerializedColumn {name: radial_velocity}
# schema: astropy-2.0
ra,dec,distance,pm_ra_cosdec,pm_dec,radial_velocity
[from data line 925]
26.017402854469868,-30.452754664669857,24.705592836913464,-0.07061857055226839,-0.7085625290924018,-1.6841534259744676e-14
26.026857252031622,-30.45853540451585,24.70855396344892,-0.07041332921980414,-0.7084833409445932,-1.2631150694808506e-14
26.03631278336684,-30.464315448200054,24.71150923884198,-0.07020784098426142,-0.7084046269023123,-2.1051917824680846e-14
26.045769451434566,-30.470094792206456,24.71445862245122,-0.0700021050618446,-0.7083263866264078,-2.1051917824680846e-14
26.055227259193167,-30.475873433018197,24.71740207363524,-0.06979612066878826,-0.7082486197774323,-1.6841534259744676e-14
26.06468620960033,-30.481651367117585,24.7203395517526,-0.06958988702135877,-0.708171326015646,-4.210383564936169e-15
26.074146305613038,-30.48742859098608,24.72327101616188,-0.06938340333585374,-0.7080945050010132,-8.420767129872338e-15
26.083607550187622,-30.493205101104312,24.726196426221687,-0.06917666882860185,-0.7080181563932033,-2.1051917824680846e-14
26.093069946279698,-30.49898089395209,24.72911574129058,-0.06896968271596332,-0.707942279851591,-1.2631150694808506e-14
26.102533496844206,-30.50475596600835,24.732028920727153,-0.06876244421432981,-0.7078668750352552,-8.420767129872338e-15
26.111998204835402,-30.51053031375121,24.734935923889974,-0.06855495254012384,-0.7077919416029796,-1.2631150694808506e-14
26.121464073206845,-30.516303933657948,24.737836710137632,-0.06834720690980003,-0.7077174792132512,-2.1051917824680846e-14
26.130931104911404,-30.522076822205005,24.74073123882871,-0.06813920653984343,-0.7076434875242614,-1.6841534259744676e-14
26.140399302901255,-30.527848975867975,24.743619469321786,-0.06793095064677163,-0.7075699661939052,-1.2631150694808506e-14
26.14986867012787,-30.533620391121616,24.746501360975444,-0.06772243844713319,-0.7074969148797803,-2.1051917824680846e-14
26.159339209542058,-30.539391064439837,24.74937687314826,-0.06751366915750795,-0.7074243332391881,-2.1051917824680846e-14
26.16881092409389,-30.545160992295713,24.75224596519882,-0.06730464199450756,-0.7073522209291324,-1.6841534259744676e-14
26.178283816732772,-30.550930171161497,24.755108596485712,-0.06709535617477502,-0.7072805776063197,-2.5262301389617013e-14
26.187757890407383,-30.55669859750856,24.757964726367508,-0.06688581091498522,-0.7072094029271592,-1.6841534259744676e-14
26.197233148065727,-30.56246626780747,24.760814314202786,-0.06667600543184413,-0.7071386965477616,-8.420767129872338e-15
26.206709592655077,-30.568233178527915,24.763657319350138,-0.06646593894208994,-0.7070684581239393,-1.6841534259744676e-14
26.21618722712203,-30.573999326138775,24.76649370116814,-0.06625561066249197,-0.706998687311207,-1.2631150694808506e-14
26.22566605441248,-30.579764707108087,24.769323419015368,-0.06604501980985161,-0.7069293837647801,-1.2631150694808506e-14
26.23514607747157,-30.585529317902996,24.772146432250423,-0.06583416560100144,-0.7068605471395747,-1.2631150694808506e-14
26.244627299243785,-30.59129315498987,24.77496270023186,-0.06562304725280627,-0.7067921770902086,-1.6841534259744676e-14
26.254109722672872,-30.597056214834197,24.77777218231828,-0.0654116639821627,-0.706724273271,-4.210383564936169e-15
26.263593350701896,-30.602818493900617,24.780574837868247,-0.06520001500599881,-0.7066568353359668,-4.210383564936169e-15
26.273078186273175,-30.60857998865292,24.78337062624036,-0.06498809954127435,-0.7065898629388268,-1.6841534259744676e-14
26.282564232328333,-30.614340695554095,24.786159506793194,-0.06477591680498143,-0.7065233557329981,-1.2631150694808506e-14
26.292051491808284,-30.620100611066242,24.788941438885328,-0.06456346601414348,-0.7064573133715983,-1.2631150694808506e-14
26.301539967653206,-30.62585973165062,24.791716381875347,-0.06435074638581645,-0.7063917355074443,-1.2631150694808506e-14
26.311029662802582,-30.631618053767667,24.794484295121826,-0.0641377571370875,-0.7063266217930515,-2.1051917824680846e-14
26.320520580195165,-30.637375573876945,24.79724513798335,-0.06392449748507656,-0.7062619718806344,-2.1051917824680846e-14
26.33001272276898,-30.643132288437197,24.799998869818506,-0.06371096664693474,-0.7061977854221055,-1.6841534259744676e-14
26.339506093461353,-30.648888193906302,24.80274544998586,-0.06349716383984577,-0.7061340620690768,0.0
26.349000695208858,-30.654643286741276,24.805484837844013,-0.063283088281025,-0.7060708014728564,-2.1051917824680846e-14
26.358496530947367,-30.660397563398323,24.808216992751536,-0.0630687391877203,-0.7060080032844517,-8.420767129872338e-15
26.36799360361202,-30.666151020332787,24.810941874067012,-0.06285411577721117,-0.7059456671545667,-8.420767129872338e-15
26.377491916137213,-30.671903653999134,24.81365944114902,-0.06263921726680982,-0.7058837927336028,-1.2631150694808506e-14
26.386991471456646,-30.677655460851028,24.81636965335614,-0.06242404287385997,-0.7058223796716583,-1.6841534259744676e-14
26.396492272503266,-30.68340643734125,24.819072470046958,-0.06220859181573803,-0.7057614276185279,-2.5262301389617013e-14
26.405994322209285,-30.689156579921757,24.82176785058006,-0.06199286330985265,-0.7057009362237032,-1.6841534259744676e-14
26.415497623506194,-30.694905885043617,24.824455754314016,-0.06177685657364431,-0.7056409051363718,-2.5262301389617013e-14
26.42500217932475,-30.7006543491571,24.82713614060741,-0.06156057082458635,-0.7055813340054169,-4.210383564936169e-15
26.43450799259496,-30.70640196871158,24.829808968818828,-0.06134400528018397,-0.7055222224794173,-1.6841534259744676e-14
26.44401506624611,-30.7121487401556,24.832474198306862,-0.061127159157975015,-0.7054635702066472,-4.210383564936169e-15
26.453523403206734,-30.717894659936857,24.83513178843006,-0.060910031675529754,-0.7054053768350765,-1.6841534259744676e-14
26.46303300640463,-30.72363972450219,24.837781698547037,-0.06069262205045081,-0.7053476420123692,-1.2631150694808506e-14
26.47254387876686,-30.729383930297562,24.84042388801636,-0.060474929500373,-0.7052903653858836,-2.947268495455318e-14
26.482056023219734,-30.735127273768143,24.84305831619661,-0.060256953242964345,-0.7052335466026733,-1.2631150694808506e-14
26.491569442688824,-30.740869751358193,24.84568494244637,-0.06003869249592456,-0.7051771853094851,-1.6841534259744676e-14
26.501084140098946,-30.746611359511142,24.848303726124225,-0.05982014647698663,-0.70512128115276,-2.5262301389617013e-14
26.51060011837418,-30.752352094669583,24.850914626588747,-0.059601314403915695,-0.705065833778632,-4.210383564936169e-15
26.520117380437853,-30.758091953275198,24.85351760319853,-0.0593821954945097,-0.7050108428329286,-1.6841534259744676e-14
26.52963592921254,-30.763830931768887,24.85611261531214,-0.05916278896659932,-0.7049563079611708,-1.2631150694808506e-14
26.539155767620063,-30.769569026590652,24.858699622288178,-0.05894309403804774,-0.7049022288085713,-1.6841534259744676e-14
26.548676898581476,-30.775306234179656,24.861278583485213,-0.05872310992675118,-0.7048486050200359,-8.420767129872338e-15
26.558199325017117,-30.781042550974195,24.86384945826182,-0.05850283585063854,-0.7047954362401625,-8.420767129872338e-15
26.56772304984653,-30.78677797341172,24.866412205976594,-0.058282271027671445,-0.7047427221132404,-1.6841534259744676e-14
26.577248075988518,-30.792512497928826,24.86896678598811,-0.05806141467584438,-0.7046904622832514,-8.420767129872338e-15
26.586774406361112,-30.79824612096123,24.87151315765495,-0.057840266013184836,-0.7046386563938676,-2.947268495455318e-14
26.596302043881604,-30.80397883894384,24.874051280335696,-0.05761882425775327,-0.7045873040884527,-1.2631150694808506e-14
26.605830991466497,-30.80971064831065,24.87658111338893,-0.05739708862764271,-0.7045364050100617,-2.1051917824680846e-14
26.615361252031548,-30.815441545494853,24.879102616173224,-0.05717505834097986,-0.7044859588014393,4.210383564936169e-15
26.624892828491735,-30.821171526928712,24.881615748047178,-0.05695273261592387,-0.7044359651050209,-1.6841534259744676e-14
26.634425723761296,-30.826900589043724,24.884120468369357,-0.05673011067066727,-0.7043864235629319,-1.2631150694808506e-14
26.643959940753657,-30.832628728270446,24.886616736498354,-0.05650719172343583,-0.7043373338169872,-1.2631150694808506e-14
26.6534954823815,-30.838355941038625,24.889104511792745,-0.05628397499248814,-0.7042886955086913,-1.6841534259744676e-14
26.663032351556758,-30.844082223777136,24.891583753611105,-0.05606045969611603,-0.7042405082792386,-1.2631150694808506e-14
26.672570551190542,-30.849807572913978,24.894054421312028,-0.05583664505264493,-0.7041927717695103,-2.1051917824680846e-14
26.682110084193212,-30.85553198487631,24.896516474254078,-0.055612530280433226,-0.7041454856200793,-1.6841534259744676e-14
26.69165095347436,-30.861255456090436,24.898969871795856,-0.05538811459787276,-0.7040986494712039,-8.420767129872338e-15
26.70119316194278,-30.866977982981766,24.901414573295934,-0.05516339722338862,-0.7040522629628324,-2.1051917824680846e-14
26.71073671250651,-30.872699561974898,24.903850538112895,-0.05493837737543944,-0.7040063257346003,-2.1051917824680846e-14
26.72028160807278,-30.87842018949353,24.90627772560532,-0.05471305427251699,-0.7039608374258306,-4.210383564936169e-15
26.729827851548063,-30.884139861960502,24.908696095131784,-0.05448742713314727,-0.7039157976755337,-1.2631150694808506e-14
26.739375445838032,-30.88985857579781,24.911105606050874,-0.05426149517588888,-0.7038712061224071,-1.2631150694808506e-14
26.748924393847588,-30.895576327426586,24.91350621772118,-0.054035257619334275,-0.7038270624048342,-1.2631150694808506e-14
26.75847469848082,-30.90129311326708,24.91589788950127,-0.053808713682110154,-0.7037833661608859,-1.6841534259744676e-14
26.768026362641045,-30.907008929738694,24.918280580749734,-0.05358186258287595,-0.7037401170283193,-1.2631150694808506e-14
26.777579389230805,-30.912723773259966,24.920654250825145,-0.05335470354032526,-0.7036973146445762,-8.420767129872338e-15
26.787133781151823,-30.91843764024857,24.92301885908609,-0.053127235773185316,-0.7036549586467851,-1.6841534259744676e-14
26.796689541305042,-30.924150527121313,24.925374364891148,-0.052899458500217406,-0.7036130486717596,-1.2631150694808506e-14
26.80624667259059,-30.92986243029413,24.9277207275989,-0.05267137094021618,-0.7035715843559982,0.0
26.815805177907837,-30.93557334618211,24.930057906567928,-0.052442972312010394,-0.703530565335684,-4.210383564936169e-15
26.825365060155328,-30.94128327119946,24.93238586115682,-0.05221426183446268,-0.7034899912466849,-1.2631150694808506e-14
26.834926322230796,-30.946992201759528,24.934704550724156,-0.05198523872646996,-0.7034498617245527,-1.2631150694808506e-14
26.84448896703121,-30.9527001342748,24.937013934628506,-0.05175590220696227,-0.703410176404524,-1.2631150694808506e-14
26.854052997452698,-30.95840706515688,24.939313972228465,-0.051526251494904834,-0.703370934921518,-2.5262301389617013e-14
26.86361841639063,-30.964112990816542,24.941604622882604,-0.05129628580929593,-0.7033321369101376,-1.6841534259744676e-14
26.873185226739498,-30.969817907663643,24.943885845949506,-0.05106600436916875,-0.7032937820046695,-4.210383564936169e-15
26.88275343139306,-30.97552181210721,24.946157600787757,-0.05083540639359016,-0.7032558698390821,-8.420767129872338e-15
26.892323033244217,-30.98122470055538,24.948419846755936,-0.050604491101661514,-0.7032184000470267,-1.6841534259744676e-14
26.901894035185077,-30.986926569415445,24.950672543212633,-0.05037325771251863,-0.7031813722618374,-8.420767129872338e-15
26.91146644010694,-30.992627415093803,24.952915649516406,-0.050141705445331,-0.70314478611653,-1.6841534259744676e-14
26.92104025090027,-30.998327233996005,24.95514912502586,-0.049909833519303004,-0.7031086412438012,-2.1051917824680846e-14
26.930615470454743,-31.004026022526705,24.95737292909957,-0.049677641153673374,-0.7030729372760302,-2.1051917824680846e-14
26.940192101659193,-31.009723777089746,24.959587021096116,-0.04944512756771524,-0.703037673845277,-1.2631150694808506e-14
26.94977014740166,-31.015420494088023,24.961791360374065,-0.049212291980736206,-0.7030028505832824,-2.5262301389617013e-14
26.959349610569333,-31.021116169923605,24.963985906292027,-0.04897913361207851,-0.7029684671214673,-1.2631150694808506e-14
26.968930494048607,-31.0268108009977,24.966170618208558,-0.04874565168111897,-0.7029345230909336,-8.420767129872338e-15
26.978512800725028,-31.03250438371061,24.968345455482257,-0.048511845407268966,-0.7029010181224626,-2.947268495455318e-14
26.988096533483333,-31.03819691446181,24.970510377471694,-0.0482777140099748,-0.7028679518465156,-1.6841534259744676e-14
26.99768169520742,-31.043888389649844,24.97266534353545,-0.0480432567087174,-0.7028353238932332,-1.6841534259744676e-14
27.007268288780363,-31.04957880567244,24.97481031303212,-0.04780847272301242,-0.7028031338924352,-2.5262301389617013e-14
27.016856317084418,-31.055268158926435,24.976945245320277,-0.04757336127241049,-0.7027713814736201,-1.2631150694808506e-14
27.026445783001,-31.060956445807776,24.97907009975849,-0.047337921576496966,-0.7027400662659653,-1.6841534259744676e-14
27.036036689410665,-31.066643662711552,24.981184835705363,-0.04710215285489272,-0.7027091878983258,-1.2631150694808506e-14
27.04562903919317,-31.07232980603198,24.98328941251946,-0.046866054327252715,-0.7026787459992355,-1.6841534259744676e-14
27.055222835227415,-31.07801487216241,24.985383789559375,-0.046629625213267994,-0.702648740196905,-1.6841534259744676e-14
27.064818080391465,-31.083698857495293,24.987467926183673,-0.04639286473266377,-0.7026191701192234,-1.2631150694808506e-14
27.074414777562545,-31.089381758422228,24.989541781750955,-0.046155772105201,-0.7025900353937555,-2.1051917824680846e-14
27.08401292961704,-31.095063571333935,24.991605315619786,-0.04591834655067578,-0.7025613356477443,-8.420767129872338e-15
27.093612539430474,-31.100744292620238,24.993658487148757,-0.04568058728891913,-0.7025330705081084,-1.6841534259744676e-14
27.103213609877557,-31.106423918670117,24.995701255696442,-0.045442493539797874,-0.7025052396014433,-1.6841534259744676e-14
27.112816143832116,-31.11210244587166,24.997733580621432,-0.0452040645232141,-0.7024778425540197,-8.420767129872338e-15
27.122420144167158,-31.117779870612065,24.99975542128231,-0.044965299459104824,-0.7024508789917846,-1.6841534259744676e-14
27.132025613754813,-31.12345618927769,25.001766737037645,-0.04472619756744339,-0.7024243485403601,-8.420767129872338e-15
27.14163255546639,-31.129131398253985,25.00376748724602,-0.04448675806823782,-0.7023982508250439,4.210383564936169e-15
27.151240972172307,-31.134805493925512,25.005757631266018,-0.0442469801815325,-0.7023725854708074,0.0
27.16085086674216,-31.140478472675987,25.00773712845623,-0.04400686312740679,-0.7023473521022974,-1.6841534259744676e-14
27.17046224204465,-31.14615033088825,25.00970593817523,-0.04376640612597621,-0.7023225503438344,-1.2631150694808506e-14
27.18007510094766,-31.151821064944233,25.011664019781602,-0.04352560839739167,-0.7022981798194131,-8.420767129872338e-15
27.18968944631818,-31.157490671225,25.01361133263392,-0.04328446916184048,-0.7022742401527018,-1.6841534259744676e-14
27.19930528102236,-31.163159146110733,25.01554783609077,-0.04304298763954492,-0.7022507309670419,-2.5262301389617013e-14
27.20892260792545,-31.168826485980755,25.017473489510735,-0.042801163050764174,-0.7022276518854482,-1.6841534259744676e-14
27.218541429891882,-31.174492687213483,25.019388252252394,-0.04255899461579257,-0.7022050025306079,-2.1051917824680846e-14
27.228161749785187,-31.180157746186477,25.02129208367433,-0.04231648155496118,-0.7021827825248805,-1.6841534259744676e-14
27.23778357046802,-31.18582165927638,25.023184943135128,-0.042073623088636575,-0.7021609914902981,-2.5262301389617013e-14
27.247406894802197,-31.191484422859,25.02506678999336,-0.041830418437221795,-0.7021396290485642,-1.2631150694808506e-14
27.257031725648634,-31.197146033309224,25.026937583607616,-0.041586866821156115,-0.702118694821054,-4.210383564936169e-15
