galstreams/tracks/track.st.Orphan-Chenab.koposov2019.ecsv
# %ECSV 0.9
# ---
# datatype:
# - {name: ra, unit: deg, datatype: float64}
# - {name: dec, unit: deg, datatype: float64}
# - {name: distance, unit: kpc, datatype: float64}
# - {name: pm_ra_cosdec, unit: mas / yr, datatype: float64}
# - {name: pm_dec, unit: mas / yr, datatype: float64}
# - {name: radial_velocity, unit: km / s, datatype: float64}
# delimiter: ','
# meta: !!omap
# - __serialized_columns__:
#     dec:
#       __class__: astropy.coordinates.angles.Latitude
#       unit: &id001 !astropy.units.Unit {unit: deg}
#       value: !astropy.table.SerializedColumn {name: dec}
#     distance:
#       __class__: astropy.coordinates.distances.Distance
#       unit: !astropy.units.Unit {unit: kpc}
#       value: !astropy.table.SerializedColumn {name: distance}
#     pm_dec:
#       __class__: astropy.units.quantity.Quantity
#       unit: !astropy.units.Unit {unit: mas / yr}
#       value: !astropy.table.SerializedColumn {name: pm_dec}
#     pm_ra_cosdec:
#       __class__: astropy.units.quantity.Quantity
#       unit: !astropy.units.Unit {unit: mas / yr}
#       value: !astropy.table.SerializedColumn {name: pm_ra_cosdec}
#     ra:
#       __class__: astropy.coordinates.angles.Longitude
#       unit: *id001
#       value: !astropy.table.SerializedColumn {name: ra}
#       wrap_angle: !astropy.coordinates.Angle
#         unit: *id001
#         value: 360.0
#     radial_velocity:
#       __class__: astropy.units.quantity.Quantity
#       unit: !astropy.units.Unit {unit: km / s}
#       value: !astropy.table.SerializedColumn {name: radial_velocity}
# schema: astropy-2.0
ra,dec,distance,pm_ra_cosdec,pm_dec,radial_velocity
[from data line 20080]
148.71613897575057,32.08153690148761,35.791236253550146,-0.8115933947600218,-0.5538263944883378,173.18722184244083
148.7123127830283,32.090978028258284,35.79770987272063,-0.8113420598791738,-0.5540476588266124,173.14621941724548
148.70848568202763,32.10041900573445,35.804183491891095,-0.811090696504324,-0.5542689156181851,173.1052169920501
148.70465767227319,32.10985983383845,35.81065711106156,-0.8108393046208839,-0.5544901648546702,173.0642145668548
148.7008287532893,32.119300512492664,35.81713073023203,-0.810587884214257,-0.554711406527678,173.0232121416594
148.69699892460002,32.12874104161929,35.82360434940248,-0.8103364352698417,-0.5549326406288101,172.98220971646407
148.69316818572915,32.13818142114066,35.830077968572965,-0.8100849577730238,-0.5551538671496641,172.94120729126865
148.68933653620022,32.147621650978834,35.836551587743415,-0.8098334517091856,-0.555375086081829,172.90020486607332
148.68550397553645,32.157061731056054,35.84302520691389,-0.809581917063698,-0.5555962974168901,172.85920244087777
148.6816705032608,32.166501661294305,35.84949882608436,-0.8093303538219273,-0.5558175011464241,172.81820001568238
148.67783611889595,32.17594144161569,35.85597244525482,-0.809078761969228,-0.556038697262004,172.77719759048688
148.6740008219644,32.18538107194215,35.86244606442528,-0.8088271414909505,-0.5562598857551937,172.7361951652915
148.67016461198818,32.19482055219569,35.868919683595756,-0.8085754923724341,-0.5564810666175538,172.69519274009593
148.66632748848923,32.20425988229809,35.87539330276622,-0.8083238145990119,-0.5567022398406356,172.65419031490052
148.6624894509891,32.21369906217131,35.881866921936684,-0.8080721081560093,-0.5569234054159876,172.61318788970488
148.65865049900913,32.22313809173707,35.88834054110716,-0.807820373028741,-0.5571445633351493,172.5721854645093
148.65483820115224,32.23258497638474,35.89483267991847,-0.8075687441966048,-0.5573654735783213,172.53074514951794
148.6510378864527,32.24203545695552,35.90133347938539,-0.8073171500475009,-0.5575862638875293,172.48910005665127
148.64723666297107,32.25148579014209,35.90783427885229,-0.8070655274879325,-0.5578070464912164,172.44745496378468
148.64343453023181,32.26093597586786,35.91433507831921,-0.806813876503383,-0.558027821381084,172.40580987091806
148.63963148775917,32.270386014056086,35.92083587778611,-0.806562197079331,-0.5582485885488254,172.36416477805142
148.6358275350772,32.279835904630055,35.92733667725303,-0.8063104892012449,-0.5584693479861289,172.3225196851847
148.6320226717096,32.28928564751293,35.93383747671992,-0.8060587528545874,-0.5586900996846752,172.2808745923181
148.62821689717973,32.29873524262793,35.94033827618684,-0.8058069880248093,-0.5589108436361412,172.2392294994513
148.62441021101083,32.3081846898981,35.94683907565374,-0.8055551946973576,-0.5591315798321946,172.19758440658464
148.62060261272566,32.31763398924656,35.95333987512065,-0.8053033728576673,-0.5593523082645002,172.15593931371785
148.61679410184695,32.3270831405963,35.959840674587575,-0.8050515224911687,-0.5595730289247133,172.1142942208511
148.61298467789697,32.33653214387025,35.96634147405447,-0.8047996435832843,-0.5597937418044839,172.07264912798436
148.60917434039771,32.34598099899141,35.97284227352139,-0.8045477361194242,-0.5600144468954583,172.03100403511758
148.60536308887106,32.35542970588258,35.979343072988286,-0.8042958000849959,-0.5602351441892723,171.9893589422508
148.6015509228384,32.364878264466626,35.9858438724552,-0.8040438354653956,-0.56045583367756,171.94771384938397
148.59773784182102,32.37432667466628,35.9923446719221,-0.8037918422460126,-0.5606765153519447,171.9060687565172
148.5939238453398,32.38377493640433,35.99884547138901,-0.8035398204122272,-0.5608971892040474,171.8644236636502
148.5901089329154,32.393223049603385,36.00534627085591,-0.803287769949413,-0.5611178552254799,171.82277857078347
148.5862931040682,32.40267101418616,36.01184707032283,-0.8030356908429335,-0.5613385134078499,171.78113347791648
148.58247635831833,32.41211883007515,36.01834786978973,-0.8027835830781482,-0.5615591637427568,171.73948838504973
148.57865869518557,32.42156649719298,36.024848669256635,-0.8025314466404034,-0.5617798062217957,171.69784329218265
148.5748401141895,32.431014015462026,36.03134946872353,-0.8022792815150416,-0.5620004408365535,171.65619819931584
148.57102061484932,32.440461384804834,36.037850268190454,-0.8020270876873936,-0.5622210675786128,171.61455310644897
148.56720019668407,32.44990860514375,36.04435106765737,-0.8017748651427854,-0.5624416864395478,171.57290801358187
148.56337885921243,32.459355676401074,36.050851867124265,-0.8015226138665339,-0.5626622974109274,171.53126292071497
148.5595566019528,32.46880259849918,36.057352666591186,-0.8012703338439454,-0.5628829004843153,171.48961782784792
148.55573342442335,32.478249371360235,36.06385346605807,-0.8010180250603229,-0.563103495651266,171.44797273498097
148.55190932614192,32.4876959949065,36.070354265525,-0.8007656875009563,-0.563324082903331,171.40632764211395
148.54808430662612,32.49714246906007,36.076855064991896,-0.8005133211511315,-0.5635446622320529,171.3646825492469
148.5442583653932,32.506588793743106,36.0833558644588,-0.800260925996124,-0.5637652336289697,171.32303745637984
148.5404315019602,32.516034968877584,36.0898566639257,-0.8000085020212007,-0.5639857970856114,171.28139236351282
148.53660371584385,32.52548099438557,36.09635746339263,-0.799756049211622,-0.5642063525935029,171.23974727064575
148.53277500656066,32.53492687018897,36.10285826285951,-0.799503567552641,-0.564426900144162,171.19810217777862
148.52894537362667,32.54437259620973,36.10935906232643,-0.7992510570294987,-0.564647439729101,171.15645708491152
148.5251148165579,32.55381817236969,36.11585986179335,-0.7989985176274321,-0.5648679713398251,171.1148119920443
148.52128333486993,32.56326359859064,36.122360661260245,-0.7987459493316693,-0.5650884949678324,171.0731668991772
148.517450928078,32.572708874794365,36.12886146072717,-0.7984933521274267,-0.5653090106046171,171.03152180631005
148.51361759569727,32.58215400090254,36.135362260194064,-0.7982407259999182,-0.5655295182416632,170.9898767134429
148.50978333724242,32.59159897683687,36.141863059660984,-0.7979880709343445,-0.5657500178704526,170.94823162057565
148.50594815222797,32.60104380251894,36.148363859127876,-0.7977353869159016,-0.5659705094824573,170.90658652770853
148.5021120401681,32.61048847787031,36.15486465859479,-0.7974826739297755,-0.5661909930691448,170.86494143484117
148.49827500057668,32.619933002812495,36.16136545806169,-0.7972299319611442,-0.5664114686219748,170.82329634197407
148.49443703296743,32.62937737726699,36.16786625752861,-0.7969771609951781,-0.5666319361324025,170.7816512491067
148.4905981368536,32.63882160115514,36.17436705699551,-0.7967243610170393,-0.5668523955918743,170.74000615623962
148.48675831174825,32.64826567439842,36.18086785646242,-0.7964715320118807,-0.5670728469918328,170.6983610633723
148.48291755716423,32.657709596918046,36.18736865592931,-0.7962186739648498,-0.567293290323711,170.656715970505
148.4791008395393,32.66716063370938,36.19388496874345,-0.7959659293605803,-0.567513476489278,170.61468862198817
148.4753004627505,32.67661654623604,36.20041200943156,-0.7957132544985746,-0.5677334823041931,170.57239693397148
148.47149916259855,32.68607231111388,36.206939050119665,-0.7954605508919579,-0.5679534800083811,170.53010524595476
148.4676969385996,32.69552792826588,36.213466090807785,-0.7952078185260534,-0.5681734695934488,170.48781355793795
148.4638937902696,32.70498339761488,36.21999313149589,-0.7949550573861798,-0.5683934510509949,170.44552186992132
148.4600897171242,32.714438719083816,36.22652017218402,-0.7947022674576456,-0.5686134243726141,170.40323018190455
148.45628471867875,32.7238938925954,36.23304721287212,-0.794449448725753,-0.568833389549891,170.3609384938879
148.45247879444835,32.73334891807246,36.23957425356024,-0.7941966011757929,-0.5690533465744078,170.31864680587103
148.44867194394777,32.742803795437624,36.24610129424834,-0.7939437247930523,-0.5692732954377367,170.2763551178543
148.44486416669156,32.752258524613616,36.25262833493647,-0.7936908195628047,-0.5694932361314462,170.23406342983736
148.44105546219393,32.761713105522986,36.25915537562457,-0.7934378854703212,-0.5697131686470963,170.19177174182062
148.4372458299688,32.77116753808835,36.26568241631269,-0.7931849225008594,-0.5699330929762432,170.14948005380373
148.43343526952984,32.78062182223217,36.27220945700082,-0.7929319306396725,-0.5701530091104339,170.10718836578687
148.42962378039041,32.79007595787692,36.278736497688925,-0.7926789098720046,-0.5703729170412096,170.06489667776998
148.42581136206363,32.79952994494502,36.285263538377045,-0.79242586018309,-0.5705928167601071,170.0226049897531
148.42199801406227,32.80898378335882,36.291790579065136,-0.7921727815581563,-0.5708127082586539,169.98031330173612
148.4181837358988,32.81843747304064,36.29831761975326,-0.7919196739824207,-0.5710325915283733,169.93802161371923
148.41436852708546,32.82789101391273,36.30484466044136,-0.7916665374410958,-0.5712524665607803,169.89572992570243
148.4105523871342,32.83734440589735,36.311371701129495,-0.7914133719193827,-0.5714723333473853,169.85343823768542
148.4067353155567,32.84679764891662,36.3178987418176,-0.7911601774024767,-0.5716921918796902,169.81114654966848
148.40291731186426,32.85625074289269,36.324425782505706,-0.7909069538755624,-0.5719120421491924,169.76885486165142
148.399098375568,32.8657036877476,36.330952823193826,-0.7906537013238182,-0.5721318841473808,169.7265631736345
148.3952785061786,32.8751564834034,36.337479863881946,-0.7904004197324116,-0.5723517178657407,169.68427148561742
148.39145770320673,32.88460912978206,36.344006904570065,-0.790147109086505,-0.5725715432957474,169.6419797976003
148.38763596616246,32.89406162680547,36.35053394525818,-0.7898937693712516,-0.5727913604288714,169.5996881095833
148.38381329455575,32.90351397439554,36.35706098594629,-0.7896404005717951,-0.573011169256578,169.55739642156624
148.37998968789623,32.91296617247404,36.363588026634396,-0.7893870026732713,-0.5732309697703227,169.51510473354915
148.37616514569322,32.92241822096283,36.37011506732252,-0.7891335756608076,-0.5734507619615582,169.47281304553204
148.37233966745583,32.93187011978355,36.37664210801063,-0.788880119519525,-0.5736705458217275,169.43052135751503
148.3685132526928,32.94132186885794,36.383169148698734,-0.7886266342345338,-0.5738903213422694,169.38822966949775
148.36468590091255,32.95077346810757,36.38969618938685,-0.788373119790936,-0.5741100885146139,169.34593798148072
148.3608576116233,32.960224917454084,36.396223230074966,-0.7881195761738258,-0.5743298473301872,169.3036462934635
148.35702838433295,32.96967621681893,36.40275027076307,-0.7878660033682918,-0.574549597780406,169.26135460544643
148.3531982185491,32.97912736612367,36.40927731145119,-0.7876124013594095,-0.574769339856683,169.21906291742914
148.34936711377904,32.988578365289655,36.41580435213929,-0.7873587701322494,-0.5749890735504222,169.17677122941203
148.34553506952983,32.99802921423832,36.42233139282742,-0.7871051096718722,-0.5752087988530228,169.1344795413947
148.34170208530819,33.00747991289097,36.42885843351554,-0.7868514199633302,-0.5754285157558757,169.09218785337745
148.3378681606205,33.0169304611689,36.43538547420364,-0.7865977009916689,-0.5756482242503668,169.0498961653602
148.33403329497295,33.02638085899332,36.44191251489176,-0.7863439527419229,-0.5758679243278745,169.00760447734288
148.33019748787143,33.03583110628541,36.448439555579874,-0.7860901751991214,-0.5760876159797703,168.96531278932565
148.32636073882145,33.04528120296632,36.45496659626798,-0.7858363683482823,-0.5763072991974205,168.9230211013083
148.32252304732833,33.05473114895711,36.46149363695609,-0.7855825321744172,-0.5765269739721824,168.88072941329108
148.318684412897,33.06418094417884,36.46802067764422,-0.7853286666625277,-0.5767466402954095,168.83843772527368
148.31484483503218,33.07363058855246,36.47454771833232,-0.7850747717976096,-0.576966298158446,168.79614603725636
148.31100431323821,33.08308008199893,36.481074759020444,-0.7848208475646461,-0.5771859475526322,168.75385434923896
148.30716284701924,33.0925294244391,36.48760179970855,-0.7845668939486168,-0.5774055884692988,168.71156266122162
148.30334248983735,33.101985046321445,36.4941415168225,-0.7843130540395676,-0.5776249742761564,168.6689450549942
148.29954315901043,33.11144692444388,36.50069385965659,-0.784059327525044,-0.577844105943886,168.6260028342296
148.29574289030805,33.120908654787236,36.50724620249067,-0.783805571948953,-0.5780632290987235,168.58306061346514
148.291941683238,33.130370237274185,36.51379854532477,-0.7835517872964615,-0.5782823437321855,168.54011839270058
148.2881395373078,33.13983167182717,36.52035088815884,-0.7832979735527332,-0.5785014498357781,168.49717617193608
148.28433645202463,33.149292958368754,36.526903230992936,-0.7830441307029183,-0.5787205474010053,168.45423395117146
148.28053242689538,33.158754096821305,36.533455573827005,-0.782790258732162,-0.5789396364193605,168.41129173040693
148.27672746142662,33.16821508710727,36.540007916661104,-0.7825363576255993,-0.5791587168823337,168.36834950964226
148.27292155512473,33.17767592914891,36.54656025949518,-0.7822824273683575,-0.5793777887814052,168.32540728887773
148.26911470749567,33.1871366228686,36.55311260232928,-0.7820284679455549,-0.5795968521080525,168.28246506811303
148.26530691804524,33.196597168188504,36.559664945163355,-0.7817744793423032,-0.5798159068537423,168.23952284734838
148.26149818627877,33.20605756503087,36.56621728799745,-0.7815204615437024,-0.5800349530099385,168.19658062658368
148.25768851170147,33.21551781331777,36.57276963083152,-0.7812664145348482,-0.5802539905680951,168.1536384058191
148.25387789381813,33.22497791297135,36.57932197366562,-0.7810123383008234,-0.5804730195196627,168.11069618505434
148.25006633213337,33.23443786391363,36.58587431649972,-0.7807582328267061,-0.5806920398560818,168.06775396428952
148.2462538261514,33.243897666066566,36.59242665933379,-0.7805040980975649,-0.5809110515687889,168.0248117435249
148.2424403753761,33.25335731935217,36.59897900216788,-0.7802499340984572,-0.5811300546492135,167.98186952276006
148.23862597931128,33.26281682369225,36.60553134500196,-0.7799957408144367,-0.5813490490887763,167.93892730199536
148.2348106374602,33.272276179008735,36.61208368783605,-0.7797415182305443,-0.5815680348788949,167.89598508123052
148.230994349326,33.28173538522332,36.618636030670125,-0.7794872663318162,-0.5817870120109762,167.8530428604658
148.2271771144114,33.29119444225783,36.62518837350423,-0.7792329851032758,-0.5820059804764238,167.81010063970095
148.22335893221887,33.30065335003389,36.63174071633831,-0.7789786745299422,-0.5822249402666329,167.76715841893616
148.2195398022506,33.31011210847321,36.63829305917239,-0.7787243345968231,-0.5824438913729929,167.72421619817126
148.21571972400855,33.31957071749733,36.64484540200647,-0.7784699652889205,-0.5826628337868851,167.68127397740645
148.2118986969942,33.32902917702783,36.65139774484056,-0.7782155665912244,-0.5828817674996862,167.63833175664158
148.20807672070887,33.33848748698617,36.65795008767465,-0.7779611384887183,-0.583100692502764,167.59538953587654
148.20425379465357,33.34794564729379,36.664502430508726,-0.777706680966378,-0.5833196087874806,167.55244731511183
148.20042991832898,33.357403657872126,36.67105477334282,-0.7774521940091685,-0.5835385163451923,167.50950509434676
148.1966050912355,33.366861518642445,36.6776071161769,-0.7771976776020493,-0.5837574151672458,167.46656287358198
148.19277931287323,33.37631922952614,36.68415945901099,-0.7769431317299675,-0.5839763052449851,167.4236206528169
148.18895258274196,33.38577679044435,36.69071180184506,-0.7766885563778656,-0.5841951865697437,167.380678432052
148.18512490034118,33.39523420131835,36.69726414467916,-0.776433951530674,-0.5844140591328508,167.33773621128694
