galstreams/tracks/track.st.Jhelum-a.bonaca2019.ecsv
# %ECSV 0.9
# ---
# datatype:
# - {name: ra, unit: deg, datatype: float64}
# - {name: dec, unit: deg, datatype: float64}
# - {name: distance, unit: kpc, datatype: float64}
# - {name: pm_ra_cosdec, unit: mas / yr, datatype: float64}
# - {name: pm_dec, unit: mas / yr, datatype: float64}
# - {name: radial_velocity, unit: km / s, datatype: float64}
# delimiter: ','
# meta: !!omap
# - __serialized_columns__:
#     dec:
#       __class__: astropy.coordinates.angles.Latitude
#       unit: &id001 !astropy.units.Unit {unit: deg}
#       value: !astropy.table.SerializedColumn {name: dec}
#     distance:
#       __class__: astropy.coordinates.distances.Distance
#       unit: !astropy.units.Unit {unit: kpc}
#       value: !astropy.table.SerializedColumn {name: distance}
#     pm_dec:
#       __class__: astropy.units.quantity.Quantity
#       unit: !astropy.units.Unit {unit: mas / yr}
#       value: !astropy.table.SerializedColumn {name: pm_dec}
#     pm_ra_cosdec:
#       __class__: astropy.units.quantity.Quantity
#       unit: !astropy.units.Unit {unit: mas / yr}
#       value: !astropy.table.SerializedColumn {name: pm_ra_cosdec}
#     ra:
#       __class__: astropy.coordinates.angles.Longitude
#       unit: *id001
#       value: !astropy.table.SerializedColumn {name: ra}
#       wrap_angle: !astropy.coordinates.Angle
#         unit: *id001
#         value: 360.0
#     radial_velocity:
#       __class__: astropy.units.quantity.Quantity
#       unit: !astropy.units.Unit {unit: km / s}
#       value: !astropy.table.SerializedColumn {name: radial_velocity}
# schema: astropy-2.0
ra,dec,distance,pm_ra_cosdec,pm_dec,radial_velocity
[from data line 2814]
323.8831456328611,-47.06550405548492,13.000000000000012,5.199048889945684,-6.005636725344779,0.0
323.86991009312095,-47.06116817800429,13.000000000000012,5.197956828217768,-6.006101182424704,-1.6841534259744677e-13
323.8566766179382,-47.05683089616855,13.000000000000012,5.196864829180681,-6.0065650682260205,1.0104920555846805e-13
323.8434452073202,-47.05249221043293,13.000000000000012,5.195772893045354,-6.007028382768993,-1.0104920555846805e-13
323.83021586127387,-47.04815212125274,13.000000000000012,5.194681020022581,-6.007491126073994,-1.0104920555846805e-13
323.81698857980535,-47.043810629083154,13.000000000000012,5.193589210323041,-6.00795329816153,-1.0104920555846805e-13
323.80376336292034,-47.039467734379365,13.000000000000014,5.192497464157274,-6.008414899052227,-6.73661370389787e-14
323.7905402106238,-47.03512343759651,13.000000000000012,5.191405781735706,-6.00887592876684,-6.73661370389787e-14
323.7773191229203,-47.03077773918974,13.00000000000001,5.190314163268627,-6.009336387326249,3.368306851948935e-14
323.7641000998135,-47.026430639614084,13.000000000000012,5.189222608966201,-6.009796274751456,-1.6841534259744677e-13
323.75088314130676,-47.02208213932464,13.000000000000012,5.188131119038471,-6.010255591063583,-1.0104920555846805e-13
323.7376682474028,-47.01773223877642,13.000000000000012,5.187039693695352,-6.010714336283886,-1.0104920555846805e-13
323.72445541810356,-47.013380938424405,13.000000000000012,5.18594833314662,-6.011172510433738,-6.73661370389787e-14
323.71124465341063,-47.00902823872355,13.000000000000012,5.184857037601951,-6.011630113534636,-6.73661370389787e-14
323.6980359533248,-47.00467414012878,13.000000000000012,5.1837658072708654,-6.012087145608201,0.0
323.68482931784644,-47.00031864309499,13.000000000000012,5.182674642362771,-6.012543606676182,-1.0104920555846805e-13
323.67162474697517,-46.99596174807702,13.000000000000012,5.181583543086949,-6.012999496760446,-6.73661370389787e-14
323.6584222407102,-46.99160345552971,13.000000000000014,5.180492509652554,-6.013454815882982,0.0
323.64522179905003,-46.98724376590784,13.000000000000012,5.17940154226861,-6.013909564065907,-1.347322740779574e-13
323.6320234219925,-46.982882679666176,13.000000000000014,5.178310641144015,-6.014363741331454,-1.347322740779574e-13
323.6188271095351,-46.978520197259435,13.000000000000014,5.177219806487544,-6.01481734770199,-3.368306851948935e-14
323.60563286167456,-46.97415631914231,13.000000000000012,5.176129038507843,-6.015270383199993,-3.368306851948935e-14
323.59244067840694,-46.96979104576946,13.000000000000014,5.175038337413423,-6.015722847848069,-3.368306851948935e-14
323.57925055972794,-46.96542437759548,13.000000000000014,5.17394770341269,-6.016174741668944,-6.73661370389787e-14
323.56606250563243,-46.96105631507498,13.000000000000012,5.172857136713896,-6.01662606468547,-2.020984111169361e-13
323.552876516115,-46.956686858662515,13.000000000000014,5.171766637525191,-6.017076816920612,3.368306851948935e-14
323.53969259116934,-46.9523160088126,13.000000000000016,5.170676206054573,-6.01752699839747,-1.0104920555846805e-13
323.5265107307887,-46.94794376597972,13.000000000000018,5.1695858425099335,-6.017976609139255,-1.6841534259744677e-13
323.5133309349658,-46.94357013061832,13.000000000000016,5.168495547099036,-6.0184256491693,-3.368306851948935e-14
323.50015320369266,-46.93919510318281,13.000000000000016,5.167405320029506,-6.018874118511068,-6.73661370389787e-14
323.48697753696075,-46.934818684127585,13.000000000000016,5.166315161508842,-6.0193220171881325,-1.347322740779574e-13
323.473803934761,-46.930440873906996,13.000000000000018,5.165225071744433,-6.019769345224194,0.0
323.4606323970837,-46.926061672975315,13.000000000000016,5.164135050943517,-6.020216102643074,-1.0104920555846805e-13
323.4474629239187,-46.921681081786865,13.000000000000016,5.163045099313226,-6.020662289468712,-6.73661370389787e-14
323.434295515255,-46.91729910079586,13.000000000000012,5.1619552170605525,-6.021107905725171,-6.73661370389787e-14
323.42113017108124,-46.9129157304565,13.000000000000016,5.160865404392365,-6.021552951436629,-1.0104920555846805e-13
323.40796689138546,-46.90853097122295,13.000000000000016,5.15977566151541,-6.021997426627387,0.0
323.39480567615493,-46.90414482354938,13.000000000000016,5.158685988636298,-6.022441331321875,-1.0104920555846805e-13
323.3816465253766,-46.899757287889834,13.000000000000016,5.157596385961515,-6.022884665544629,-1.6841534259744677e-13
323.3684894390367,-46.89536836469841,13.000000000000014,5.156506853697437,-6.023327429320311,-1.0104920555846805e-13
323.35533441712084,-46.89097805442913,13.000000000000016,5.155417392050282,-6.0237696226737025,-1.0104920555846805e-13
323.3421814596142,-46.886586357535954,13.000000000000016,5.154328001226167,-6.024211245629704,-6.73661370389787e-14
323.3290305665012,-46.882193274472876,13.000000000000018,5.153238681431067,-6.024652298213337,-3.368306851948935e-14
323.3158817377659,-46.87779880569377,13.000000000000016,5.152149432870841,-6.025092780449741,-1.347322740779574e-13
323.3027349733915,-46.87340295165255,13.000000000000016,5.151060255751206,-6.025532692364175,-1.347322740779574e-13
323.28959027336094,-46.869005712803045,13.000000000000016,5.149971150277777,-6.025972033982011,-1.0104920555846805e-13
323.2764476376563,-46.864607089599055,13.000000000000016,5.14888211665601,-6.0264108053287515,-1.0104920555846805e-13
323.26330706625924,-46.86020708249435,13.000000000000014,5.147793155091262,-6.026849006430007,3.368306851948935e-14
323.25016855915084,-46.855805691942656,13.000000000000016,5.14670426578874,-6.027286637311512,-1.6841534259744677e-13
323.2370321163115,-46.85140291839769,13.000000000000016,5.145615448953546,-6.027723697999118,-2.694645481559148e-13
323.22389773772124,-46.8469987623131,13.000000000000018,5.144526704790641,-6.028160188518791,-1.347322740779574e-13
323.21076542335936,-46.84259322414249,13.000000000000016,5.143438033504859,-6.028596108896624,-1.0104920555846805e-13
323.1976351732045,-46.83818630433946,13.000000000000018,5.14234943530091,-6.029031459158818,-1.0104920555846805e-13
323.1845069872349,-46.833778003357544,13.000000000000016,5.141260910383381,-6.0294662393317005,-1.6841534259744677e-13
323.17138086542826,-46.82936832165025,13.000000000000016,5.140172458956727,-6.029900449441703,0.0
323.15825680776146,-46.82495725967106,13.000000000000018,5.139084081225268,-6.030334089515392,-3.368306851948935e-14
323.14513481421113,-46.820544817873376,13.00000000000002,5.137995777393218,-6.030767159579438,0.0
323.13201488475295,-46.816130996710605,13.000000000000016,5.136907547664642,-6.031199659660638,-2.020984111169361e-13
323.1188970193624,-46.81171579663611,13.000000000000018,5.135819392243494,-6.031631589785894,-2.020984111169361e-13
323.1057812180142,-46.8072992181032,13.000000000000018,5.134731311333589,-6.032062949982235,-2.020984111169361e-13
323.0926674806825,-46.80288126156514,13.000000000000016,5.133643305138626,-6.032493740276802,-6.73661370389787e-14
323.0795558073409,-46.798461927475195,13.000000000000021,5.132555373862161,-6.032923960696859,-1.0104920555846805e-13
323.0664461979625,-46.79404121628654,13.000000000000018,5.131467517707637,-6.033353611269778,-1.347322740779574e-13
323.0533386525197,-46.78961912845234,13.00000000000002,5.130379736878374,-6.0337826920230455,-6.73661370389787e-14
323.0402331709844,-46.78519566442572,13.000000000000021,5.129292031577542,-6.034211202984277,-1.347322740779574e-13
323.0271297533279,-46.78077082465976,13.000000000000018,5.128204402008208,-6.034639144181192,-1.6841534259744677e-13
323.0140283995212,-46.776344609607506,13.00000000000002,5.127116848373302,-6.035066515641624,0.0
323.0009291095342,-46.77191701972197,13.00000000000002,5.126029370875619,-6.03549331739354,-1.6841534259744677e-13
322.9878318833367,-46.7674880554561,13.00000000000002,5.1249419697178435,-6.035919549464998,0.0
322.97473672089774,-46.76305771726282,13.00000000000002,5.123854645102518,-6.036345211884189,0.0
322.9616436221857,-46.758626005595026,13.00000000000002,5.1227673972320655,-6.036770304679417,-3.368306851948935e-14
322.9485525871687,-46.75419292090555,13.000000000000018,5.121680226308779,-6.037194827879093,-1.6841534259744677e-13
322.935463615814,-46.749758463647204,13.000000000000016,5.120593132534828,-6.037618781511746,-2.020984111169361e-13
322.9223767080885,-46.74532263427277,13.000000000000018,5.119506116112253,-6.03804216560602,-1.0104920555846805e-13
322.90929186395834,-46.74088543323494,13.00000000000002,5.118419177242957,-6.03846498019068,-1.347322740779574e-13
322.89620908338924,-46.736446860986426,13.00000000000002,5.117332316128737,-6.038887225294596,-1.347322740779574e-13
322.8831283663463,-46.73200691797984,13.000000000000021,5.116245532971242,-6.039308900946757,-2.3578147963642546e-13
322.87004971279407,-46.72756560466781,13.00000000000002,5.11515882797201,-6.039730007176266,-1.6841534259744677e-13
322.8569731226966,-46.72312292150289,13.00000000000002,5.11407220133244,-6.040150544012336,-3.368306851948935e-14
322.8438985960173,-46.7186788689376,13.00000000000002,5.112985653253806,-6.040570511484302,-1.347322740779574e-13
322.830826132719,-46.71423344742443,13.000000000000021,5.111899183937262,-6.040989909621603,-1.347322740779574e-13
322.817755732764,-46.7097866574158,13.00000000000002,5.110812793583829,-6.0414087384538,-1.347322740779574e-13
322.8046873961141,-46.705338499364125,13.00000000000002,5.109726482394402,-6.041826998010561,-1.0104920555846805e-13
322.7916211227305,-46.700888973721746,13.00000000000002,5.1086402505697395,-6.04224468832167,-2.020984111169361e-13
322.7785569125738,-46.69643808094099,13.00000000000002,5.107554098310494,-6.042661809417023,-3.368306851948935e-14
322.765494765604,-46.691985821474134,13.00000000000002,5.10646802581717,-6.04307836132663,-1.0104920555846805e-13
322.75243468178076,-46.68753219577339,13.00000000000002,5.105382033290158,-6.0434943440806155,-1.347322740779574e-13
322.7393766610629,-46.68307720429098,13.00000000000002,5.104296120929716,-6.04390975770921,-3.368306851948935e-14
322.72632070340893,-46.678620847479024,13.00000000000002,5.103210288935966,-6.044324602242769,-6.73661370389787e-14
322.7132668087766,-46.674163125789626,13.000000000000021,5.102124537508921,-6.044738877711742,-6.73661370389787e-14
322.70021497712327,-46.669704039674876,13.000000000000021,5.101038866848454,-6.045152584146708,1.347322740779574e-13
322.68716520840553,-46.665243589586765,13.00000000000002,5.099953277154317,-6.0455657215783525,-6.73661370389787e-14
322.67411750257975,-46.6607817759773,13.000000000000021,5.098867768626127,-6.045978290037464,-1.347322740779574e-13
322.66107185960146,-46.65631859929839,13.00000000000002,5.097782341463385,-6.046390289554954,-1.0104920555846805e-13
322.6480282794257,-46.65185406000195,13.000000000000023,5.096696995865451,-6.046801720161841,-6.73661370389787e-14
322.634986762007,-46.64738815853983,13.000000000000025,5.095611732031567,-6.047212581889256,-6.73661370389787e-14
322.62194730729925,-46.64292089536383,13.000000000000025,5.09452655016085,-6.047622874768443,-1.0104920555846805e-13
322.608909915256,-46.63845227092573,13.000000000000025,5.093441450452281,-6.04803259883075,-1.0104920555846805e-13
322.59587458582996,-46.63398228567723,13.000000000000021,5.092356433104722,-6.04844175410765,-2.020984111169361e-13
322.5828413189735,-46.62951094007003,13.000000000000025,5.091271498316902,-6.048850340630704,-6.73661370389787e-14
322.56981011463836,-46.62503823455573,13.00000000000002,5.0901866462874255,-6.0492583584316115,-2.020984111169361e-13
322.55678097277575,-46.62056416958597,13.000000000000023,5.089101877214768,-6.049665807542157,0.0
322.5437538933362,-46.61608874561228,13.000000000000021,5.088017191297272,-6.050072687994258,-2.020984111169361e-13
322.53072887626996,-46.611611963086155,13.000000000000023,5.08693258873317,-6.050478999819919,-6.73661370389787e-14
322.5177059215265,-46.60713382245905,13.00000000000002,5.085848069720554,-6.0508847430512755,-1.347322740779574e-13
322.50468502905477,-46.60265432418241,13.000000000000021,5.084763634457383,-6.051289917720562,-1.347322740779574e-13
322.49166619880333,-46.5981734687076,13.000000000000021,5.083679283141509,-6.051694523860127,-1.347322740779574e-13
322.47864943071994,-46.59369125648594,13.000000000000025,5.082595015970635,-6.052098561502421,-1.6841534259744677e-13
322.4656347247521,-46.58920768796871,13.000000000000025,5.081510833142351,-6.0525020306800155,-1.347322740779574e-13
322.4526220808465,-46.58472276360716,13.000000000000025,5.08042673485412,-6.052904931425583,-6.73661370389787e-14
322.4396114989493,-46.580236483852495,13.000000000000025,5.0793427213032585,-6.053307263771911,-1.347322740779574e-13
322.4266029790065,-46.57574884915584,13.000000000000025,5.078258792686981,-6.0537090277518875,-1.347322740779574e-13
322.41359652096304,-46.57125985996832,13.000000000000027,5.077174949202365,-6.054110223398518,-1.347322740779574e-13
322.40059212476353,-46.566769516741005,13.000000000000025,5.076091191046352,-6.054510850744915,-3.368306851948935e-14
322.38758979035214,-46.56227781992489,13.000000000000025,5.075007518415769,-6.054910909824297,-2.694645481559148e-13
322.37458951767235,-46.55778476997097,13.000000000000025,5.073923931507307,-6.055310400669989,0.0
322.3615913066671,-46.553290367330156,13.000000000000025,5.072840430517536,-6.055709323315431,-6.73661370389787e-14
322.34859515727885,-46.548794612453335,13.000000000000023,5.071757015642892,-6.056107677794174,-2.020984111169361e-13
322.3356010694496,-46.54429750579135,13.000000000000025,5.070673687079693,-6.056505464139855,-1.0104920555846805e-13
322.3226090431205,-46.539799047794965,13.000000000000025,5.06959044502412,-6.05690268238625,0.0
322.30961907823246,-46.53529923891495,13.000000000000025,5.0685072896722305,-6.05729933256722,-6.73661370389787e-14
322.2966311747258,-46.530798079602,13.000000000000025,5.06742422121996,-6.057695414716742,-3.368306851948935e-14
322.2836453325402,-46.526295570306765,13.000000000000023,5.066341239863106,-6.058090928868905,-1.0104920555846805e-13
322.2706615516148,-46.521791711479864,13.000000000000027,5.065258345797352,-6.05848587505789,0.0
322.25767983188825,-46.51728650357183,13.000000000000025,5.064175539218237,-6.058880253318006,-3.368306851948935e-14
322.24470017329867,-46.512779947033216,13.000000000000027,5.063092820321191,-6.059274063683651,-1.0104920555846805e-13
322.23172257578364,-46.50827204231445,13.000000000000027,5.062010189301504,-6.059667306189337,-6.73661370389787e-14
322.2187470392802,-46.503762789865974,13.000000000000025,5.0609276463543456,-6.0600599808696884,0.0
322.20577356372473,-46.49925219013818,13.000000000000027,5.059845191674754,-6.0604520877594235,0.0
322.19280214905325,-46.49474024358137,13.000000000000025,5.058762825457644,-6.0608436268933845,-2.020984111169361e-13
322.17983279520115,-46.49022695064585,13.000000000000027,5.057680547897799,-6.061234598306498,-1.347322740779574e-13
322.1668655021034,-46.48571231178183,13.000000000000027,5.056598359189877,-6.0616250020338125,-3.368306851948935e-14
322.1539002696941,-46.48119632743951,13.000000000000027,5.055516259528409,-6.0620148381104855,-2.020984111169361e-13
322.1409370979073,-46.47667899806904,13.000000000000027,5.054434249107801,-6.062404106571761,-1.0104920555846805e-13
322.12797598667606,-46.47216032412052,13.000000000000027,5.053352328122328,-6.062792807453009,0.0
322.11501693593317,-46.46764030604398,13.000000000000028,5.052270496766135,-6.0631809407896995,-6.73661370389787e-14
322.1020599456109,-46.46311894428942,13.000000000000027,5.051188755233254,-6.063568506617399,0.0
322.0891050156408,-46.45859623930679,13.000000000000027,5.050107103717569,-6.063955504971785,0.0
322.07615214595404,-46.45407219154601,13.000000000000028,5.0490255424128545,-6.064341935888649,6.73661370389787e-14
322.06320133648114,-46.449546801456925,13.000000000000027,5.0479440715127435,-6.064727799403874,-1.0104920555846805e-13
