galstreams/tracks/track.st.NGC2808.ibata2021.ecsv
# %ECSV 0.9
# ---
# datatype:
# - {name: ra, unit: deg, datatype: float64}
# - {name: dec, unit: deg, datatype: float64}
# - {name: distance, unit: kpc, datatype: float64}
# - {name: pm_ra_cosdec, unit: mas / yr, datatype: float64}
# - {name: pm_dec, unit: mas / yr, datatype: float64}
# - {name: radial_velocity, unit: km / s, datatype: float64}
# delimiter: ','
# meta: !!omap
# - __serialized_columns__:
#     dec:
#       __class__: astropy.coordinates.angles.Latitude
#       unit: &id001 !astropy.units.Unit {unit: deg}
#       value: !astropy.table.SerializedColumn {name: dec}
#     distance:
#       __class__: astropy.coordinates.distances.Distance
#       unit: !astropy.units.Unit {unit: kpc}
#       value: !astropy.table.SerializedColumn {name: distance}
#     pm_dec:
#       __class__: astropy.units.quantity.Quantity
#       unit: !astropy.units.Unit {unit: mas / yr}
#       value: !astropy.table.SerializedColumn {name: pm_dec}
#     pm_ra_cosdec:
#       __class__: astropy.units.quantity.Quantity
#       unit: !astropy.units.Unit {unit: mas / yr}
#       value: !astropy.table.SerializedColumn {name: pm_ra_cosdec}
#     ra:
#       __class__: astropy.coordinates.angles.Longitude
#       unit: *id001
#       value: !astropy.table.SerializedColumn {name: ra}
#       wrap_angle: !astropy.coordinates.Angle
#         unit: *id001
#         value: 360.0
#     radial_velocity:
#       __class__: astropy.units.quantity.Quantity
#       unit: !astropy.units.Unit {unit: km / s}
#       value: !astropy.table.SerializedColumn {name: radial_velocity}
# schema: astropy-2.0
ra,dec,distance,pm_ra_cosdec,pm_dec,radial_velocity
[from data line 1508]
147.48868942213343,-68.16459095802875,8.465264994778453,2.9097623381410394,-0.3809326130011223,-2.1051917824680845e-15
147.5090244077127,-68.17122686607196,8.462449884665078,2.9092914507727365,-0.3804052409435132,8.420767129872338e-15
147.52936696724493,-68.17786250921095,8.459626769066135,2.9088257058646425,-0.37987935317400195,6.315575347404253e-15
147.54971710562629,-68.1844978886695,8.456795650920206,2.908365110201313,-0.37935494399770914,1.0525958912340423e-15
147.57007482776515,-68.19113300567139,8.453956533165886,2.907909670564462,-0.37883200770715925,3.1577876737021266e-15
147.59044013858204,-68.19776786144047,8.451109418741758,2.9074593937329625,-0.37831053858227126,-9.47336302110638e-15
147.61081304300976,-68.20440245720057,8.448254310586416,2.9070142864828226,-0.3777905308903474,-1.2631150694808506e-14
147.63119354599328,-68.21103679417557,8.445391211638448,2.9065743555871792,-0.3772719788860596,-3.1577876737021266e-15
147.65158165248988,-68.21767087358936,8.442520124836442,2.90613960781628,-0.37675487681144204,-1.0525958912340423e-15
147.6719773674691,-68.22430469666587,8.439641053118985,2.9057100499374773,-0.3762392188958739,1.6841534259744676e-14
147.69238069591282,-68.23093826462899,8.436753999424667,2.905285688715205,-0.375724999356073,5.2629794561702115e-15
147.71279164281523,-68.23757157870268,8.433858966692082,2.9048665309109736,-0.37521221239607977,-1.2631150694808506e-14
147.733210213183,-68.24420464011088,8.43095595785981,2.904452583283356,-0.374700852207245,9.47336302110638e-15
147.75363641203504,-68.25083745007755,8.428044975866449,2.9040438525879693,-0.3741909129682278,0.0
147.77407024440276,-68.25747000982663,8.425126023650579,2.903640345577467,-0.37368238884496907,0.0
147.79451171533,-68.26410232058207,8.422199104150796,2.9032420690015215,-0.3731752739906904,7.368171238638296e-15
147.81496082987303,-68.27073438356781,8.419264220305681,2.9028490296068172,-0.3726695625458814,6.315575347404253e-15
147.83541759310066,-68.27736620000782,8.416321375053835,2.902461234137026,-0.3721652486382826,2.1051917824680845e-15
147.8558820100942,-68.28399777112598,8.413370571333834,2.90207868933281,-0.3716623263828791,0.0
147.8763540859475,-68.29062909814627,8.410411812084275,2.9017014019317875,-0.37116078988188345,1.0525958912340423e-15
147.89683382576695,-68.29726018229256,8.407445100243745,2.9013293786685406,-0.37066063322472964,-6.315575347404253e-15
147.91732123467156,-68.30389102478871,8.404470438750831,2.90096262627459,-0.3701618504880585,-5.2629794561702115e-15
147.93781631779297,-68.31052162685863,8.401487830544125,2.90060115147838,-0.3696644357357042,-1.0525958912340423e-15
147.9583190802754,-68.31715198972613,8.398497278562214,2.9002449610052734,-0.36916838301868615,-5.2629794561702115e-15
147.9788295272758,-68.32378211461501,8.395498785743685,2.8998940615775326,-0.36867368637519277,-8.420767129872338e-15
147.9993476639638,-68.33041200274909,8.392492355027132,2.8995484599143038,-0.3681803398305743,-9.47336302110638e-15
148.0198734955217,-68.33704165535205,8.389477989351139,2.89920816273161,-0.3676883373973251,-2.1051917824680845e-15
148.04040702714465,-68.34367107364766,8.386455691654296,2.898873176742333,-0.3671976730750786,1.1578554803574466e-14
148.0609482640404,-68.35030025885953,8.383425464875197,2.898543508656199,-0.3667083408505906,2.1051917824680845e-15
148.08149721142968,-68.35692921221131,8.38038731195242,2.8982191651797713,-0.3662203346977275,6.315575347404253e-15
148.1020538745459,-68.3635579349266,8.377341235824566,2.897900153016428,-0.36573364857745616,2.1051917824680845e-15
148.12261825863538,-68.3701864282289,8.374287239430213,2.8975864788663532,-0.3652482764378304,-7.368171238638296e-15
148.1431903689573,-68.37681469334169,8.371225325707961,2.897278149426523,-0.3647642122139786,1.5788938368510635e-14
148.16377021078375,-68.3834427314884,8.368155497596387,2.896975171390693,-0.36428144982809696,2.1051917824680845e-15
148.1843577893997,-68.39007054389236,8.36507775803409,2.8966775514493825,-0.3637999831894287,6.315575347404253e-15
148.2049531101031,-68.3966981317769,8.361992109959653,2.8963852962898566,-0.3633198061942581,-2.1051917824680845e-15
148.2255561782049,-68.40332549636524,8.358898556311669,2.896098412596123,-0.3628409127258963,1.0525958912340423e-14
148.24616699902896,-68.40995263888053,8.35579710002872,2.8958169070489097,-0.36236329665467115,-9.47336302110638e-15
148.26678557791232,-68.41657956054591,8.352687744049401,2.8955407863256526,-0.36188695183790937,3.1577876737021266e-15
148.28741192020485,-68.42320626258436,8.349570491312303,2.8952700571004835,-0.36141187211993475,-4.210383564936169e-15
148.30804603126973,-68.42983274621882,8.346445344756008,2.8950047260442138,-0.36093805133204315,1.0525958912340423e-15
148.32868791648312,-68.43645901267217,8.34331230731911,2.8947447998243256,-0.3604654832925023,1.1578554803574466e-14
148.3493375812343,-68.44308506316717,8.340171381940195,2.8944902851049497,-0.35999416180653343,-2.1051917824680845e-15
148.36999503092574,-68.44971089892654,8.33702257155785,2.8942411885468617,-0.35952408066629565,0.0
148.39066027097311,-68.45633652117284,8.33386587911067,2.8939975168074543,-0.359055233650884,-4.210383564936169e-15
148.41133330680526,-68.4629619311286,8.330701307537238,2.8937592765407385,-0.35858761452630433,-1.0525958912340423e-15
148.4320141438643,-68.46958713001621,8.32752885977615,2.893526474397318,-0.3581212170454732,1.0525958912340423e-15
148.45270278760557,-68.476212119058,8.324348538765987,2.8932991170243816,-0.3576560349481995,5.2629794561702115e-15
148.4733992434977,-68.48283689947615,8.32116034744534,2.8930772110656857,-0.3571920619611716,-4.210383564936169e-15
148.4941035170227,-68.48946147249279,8.317964288752801,2.892860763161543,-0.3567292917979442,6.315575347404253e-15
148.51481561367578,-68.49608583932988,8.314760365626958,2.892649779948804,-0.35626771815893254,-3.1577876737021266e-15
148.53553553896572,-68.50271000120931,8.311548581006395,2.8924442680608475,-0.35580733473139137,7.368171238638296e-15
148.55626329841454,-68.50933395935282,8.308328937829707,2.892244234127563,-0.35534813518940916,6.315575347404253e-15
148.57699889755767,-68.51595771498206,8.305101439035482,2.892049684775338,-0.3548901131938933,-9.47336302110638e-15
148.59774234194413,-68.52258126931856,8.301866087562306,2.8918606266270457,-0.3544332623925558,-5.2629794561702115e-15
148.61849363713628,-68.52920462358371,8.29862288634877,2.891677066302022,-0.35397757641990196,-7.368171238638296e-15
148.63925278871008,-68.53582777899874,8.29537183833346,2.891499010416066,-0.3535230488972216,7.894469184255318e-15
148.66001980225488,-68.54245073678482,8.29211294645497,2.891326465581411,-0.3530696734325737,1.5788938368510633e-15
148.68079468337376,-68.54907349816291,8.288846213651885,2.891159438406718,-0.35261744362076947,3.684085619319148e-15
148.70157743768326,-68.55569606435387,8.285571642862797,2.89099793549706,-0.3521663530433665,2.1051917824680845e-15
148.72236807081356,-68.56231843657841,8.282289237026289,2.8908419634539073,-0.35171639526865517,1.1578554803574466e-14
148.7431665884085,-68.56894061605709,8.278998999080958,2.8906915288751094,-0.35126756385164315,-4.210383564936169e-15
148.7639729961256,-68.57556260401036,8.275700931965385,2.89054663835489,-0.35081985233404417,-4.210383564936169e-15
148.78478729963598,-68.58218440165842,8.272395038618164,2.8904072984838205,-0.3503732542442651,3.1577876737021266e-15
148.8056095046246,-68.58880601022142,8.269081321977879,2.8902735158488158,-0.3499277630973956,3.1577876737021266e-15
148.82643961679008,-68.59542743091929,8.265759784983128,2.890145297033107,-0.349483372395192,4.210383564936169e-15
148.8472776418448,-68.60204866497183,8.26243043057249,2.890022648616246,-0.3490400756260684,4.73668151055319e-15
148.86812358551504,-68.60866971359863,8.259093261684558,2.889905577174072,-0.34859786626507977,-3.1577876737021266e-15
148.8889774535408,-68.61529057801914,8.255748281257922,2.8897940892787064,-0.34815673777391165,1.0525958912340423e-15
148.90983925167603,-68.62191125945265,8.25239549223117,2.8896881914985366,-0.3477166836008674,0.0
148.9307089856885,-68.62853175911826,8.249034897542892,2.889587890398201,-0.34727769718085655,1.2104852749191486e-14
148.95158666135987,-68.63515207823487,8.245666500131671,2.889493192538572,-0.34683977193537946,-5.2629794561702115e-15
148.9724722844858,-68.64177221802123,8.242290302936103,2.8894041044767462,-0.346402901272515,-2.1051917824680845e-15
148.9933658608759,-68.64839217969589,8.238906308894776,2.889320632766024,-0.3459670785869095,-2.1051917824680845e-15
149.0142673963538,-68.65501196447718,8.235514520946275,2.889242783955897,-0.34553229725976176,5.789277401787233e-15
149.03517689675706,-68.66163157358329,8.232114942029192,2.8891705645920376,-0.345098550658814,1.0525958912340423e-14
149.05609436793736,-68.6682510082322,8.228707575082115,2.889103981216272,-0.3446658321383333,1.6841534259744676e-14
149.07701981576045,-68.67487026964163,8.225292423043632,2.8890430403665834,-0.344234135039106,-3.684085619319148e-15
149.09795324610621,-68.68148935902919,8.221869488852331,2.888987748577077,-0.34380345268841195,1.4210044531659571e-14
149.11889466486858,-68.6881082776122,8.218438775446806,2.8889381123779807,-0.3433737784000319,-3.1577876737021266e-15
149.13984407795576,-68.69472702660782,8.215000285765639,2.8888941382956226,-0.3429451054742122,1.1578554803574466e-14
149.16080149129002,-68.701345607233,8.211554022747425,2.888855832852413,-0.34251742719766964,4.210383564936169e-15
149.181766910808,-68.70796402070441,8.208099989330748,2.888823202566839,-0.342090736843566,1.1052256857957444e-14
149.2027403424604,-68.71458226823857,8.2046381884542,2.888796253953446,-0.34166502767150614,5.262979456170211e-16
149.22372179221236,-68.72120035105172,8.20116862305637,2.8887749935228113,-0.3412402929275141,-3.684085619319148e-15
149.24471126604328,-68.72781827035992,8.197691296075845,2.8887594277815465,-0.3408165258440253,3.1577876737021266e-15
149.26570876994683,-68.73443602737898,8.194206210451217,2.8887495632322686,-0.3403937196398763,3.684085619319148e-15
149.28671430993106,-68.74105362332443,8.190713369121069,2.888745406373595,-0.3399718675202874,-5.789277401787233e-15
149.3077278920185,-68.74767105941166,8.187212775023994,2.8887469637001186,-0.3395509626768488,3.684085619319148e-15
149.328749522246,-68.7542883368557,8.183704431098583,2.8887542417023986,-0.3391309982875116,-5.789277401787233e-15
149.34977920666486,-68.76090545687141,8.18018834028342,2.888767246866944,-0.3387119675165719,-1.2104852749191486e-14
149.37081695134088,-68.7675224206734,8.176664505517095,2.888785985676197,-0.3382938635146556,5.262979456170211e-16
149.3918627623544,-68.77413922947598,8.173132929738198,2.8888104646085213,-0.33787667941871197,2.6314897280851058e-15
149.4129166458002,-68.78075588449326,8.16959361588532,2.888840690138178,-0.33746040835199387,2.1051917824680845e-15
149.4339786077877,-68.78737238693903,8.166046566897048,2.88887666873532,-0.33704504342404673,3.684085619319148e-15
149.4550486544409,-68.79398873802685,8.162491785711968,2.8889184068659723,-0.33663057773069444,1.0525958912340423e-15
149.4761267918984,-68.80060493897004,8.158929275268672,2.888965910992016,-0.3362170043540296,8.947065075489359e-15
149.49721302631337,-68.80722099098158,8.155359038505752,2.8890191875711686,-0.33580431636239594,-5.789277401787233e-15
149.51830736385386,-68.8138368952742,8.15178107836179,2.8890782430569835,-0.33539250681037447,3.684085619319148e-15
149.5394098107024,-68.82045265306041,8.14819539777538,2.889143083898812,-0.3349815687387763,5.789277401787233e-15
149.56052037305642,-68.82706826555236,8.144601999685108,2.889213716541807,-0.33457149517462237,-1.1052256857957444e-14
149.58163905712806,-68.83368373396195,8.141000887029561,2.889290147426899,-0.33416227913113156,1.2631150694808506e-14
149.60276586914418,-68.84029905950078,8.137392062747335,2.889372382990778,-0.3337539136077153,-1.1052256857957444e-14
149.6239008153466,-68.84691424338016,8.133775529777015,2.8894604296658812,-0.3333463915899478,-5.2629794561702115e-15
149.64504390199184,-68.8535292868111,8.130151291057185,2.88955429388038,-0.33293970604956824,1.5788938368510635e-14
149.66619513535142,-68.86014419100431,8.126519349526443,2.8896539820581593,-0.33253384994446195,-1.1052256857957444e-14
149.68735452171177,-68.8667589571702,8.122879708123369,2.8897595006188035,-0.3321288162186411,-9.47336302110638e-15
149.70852206737425,-68.87337358651888,8.11923236978656,2.889870855977575,-0.33172459780223673,1.0525958912340423e-14
149.729697778655,-68.87998808026012,8.1155773374546,2.889988054545417,-0.3313211876114931,-3.684085619319148e-15
149.75088166188553,-68.88660243960341,8.111914614066078,2.8901111027289077,-0.33091857854873297,1.7894130150978717e-14
149.77207372341203,-68.89321666575788,8.108244202559586,2.8902400069302736,-0.33051676350236614,-1.5788938368510633e-15
149.793273969596,-68.89983075993237,8.104566105873708,2.8903747735473555,-0.3301157353468609,1.6315236314127656e-14
149.81448240681382,-68.90644472333537,8.100880326947038,2.890515408973596,-0.32971548694273994,-4.210383564936169e-15
149.83569904145716,-68.91305855717506,8.097186868718163,2.8906619195980285,-0.32931601113655706,-8.420767129872338e-15
149.8569238799328,-68.91967226265929,8.093485734125668,2.890814311805258,-0.3289173007608937,-1.5788938368510633e-15
149.87815692866258,-68.92628584099552,8.089776926108149,2.8909725919754385,-0.32851934863433685,8.947065075489359e-15
149.89939819408372,-68.93289929339093,8.086060447604185,2.891136766484271,-0.3281221475614726,2.6314897280851058e-15
149.92064768264856,-68.93951262105233,8.082336301552377,2.8913068417029706,-0.32772569033286375,-3.684085619319148e-15
149.9419054008248,-68.94612582518617,8.078604490891308,2.891482823998267,-0.3273299697250447,1.4210044531659571e-14
149.96317135509528,-68.95273890699855,8.074865018559564,2.8916647197323733,-0.3269349785005041,-1.5788938368510633e-15
149.98444555195846,-68.95935186769523,8.071117887495738,2.89185253526298,-0.3265407094076655,1.1052256857957444e-14
150.00572799792783,-68.9659647084816,8.067363100638417,2.8920462769432334,-0.3261471551808831,3.684085619319148e-15
150.02701869953248,-68.97257743056265,8.06360066092619,2.892245951121719,-0.32575430854042287,3.1577876737021266e-15
150.0483176633169,-68.97919003514305,8.059830571297647,2.892451564142452,-0.32536216219244696,1.2104852749191486e-14
150.06962489584092,-68.9858025234271,8.056052834691377,2.8926631223448487,-0.3249707088290054,-5.789277401787233e-15
150.09094040368,-68.99241489661868,8.052267454045966,2.8928806320637226,-0.3245799411280145,-5.2629794561702115e-15
150.11226419342503,-68.99902715592133,8.048474432300004,2.8931040996292587,-0.3241898517532484,5.262979456170211e-16
150.13359627168242,-69.00563930253816,8.044673772392084,2.8933335313670003,-0.32380043335432507,-1.473634247727659e-14
150.15493664507426,-69.01225133767193,8.04086547726079,2.8935689335978356,-0.3234116785666887,6.315575347404253e-15
150.1762853202381,-69.018863262525,8.037049549844713,2.8938103126379717,-0.3230235800116006,-7.894469184255318e-15
150.19764230382722,-69.02547507829932,8.033225993082441,2.894057674798932,-0.3226361302961191,-8.947065075489359e-15
150.21900760251063,-69.03208678619644,8.029394809912565,2.8943110263875247,-0.32224932201308953,-7.368171238638296e-15
150.2403812229729,-69.03869838741755,8.025556003273673,2.8945703737058355,-0.32186314774112873,1.5788938368510633e-15
150.26176317191437,-69.04530988316338,8.02170957610435,2.894835723051212,-0.32147760004461384,-4.73668151055319e-15
150.2831534560512,-69.05192127463425,8.017855531343189,2.895107080716235,-0.3210926714736625,-9.999660966723401e-15
150.30455208211532,-69.05853256303008,8.013993871928777,2.895384452988714,-0.32070835456412017,6.315575347404253e-15
150.32595905685443,-69.0651437495504,8.010124600799706,2.8956678461516683,-0.32032464183755305,2.6314897280851058e-15
