galstreams/tracks/track.st.Orphan-Chenab.ibata2021.ecsv
# %ECSV 0.9
# ---
# datatype:
# - {name: ra, unit: deg, datatype: float64}
# - {name: dec, unit: deg, datatype: float64}
# - {name: distance, unit: kpc, datatype: float64}
# - {name: pm_ra_cosdec, unit: mas / yr, datatype: float64}
# - {name: pm_dec, unit: mas / yr, datatype: float64}
# - {name: radial_velocity, unit: km / s, datatype: float64}
# delimiter: ','
# meta: !!omap
# - __serialized_columns__:
#     dec:
#       __class__: astropy.coordinates.angles.Latitude
#       unit: &id001 !astropy.units.Unit {unit: deg}
#       value: !astropy.table.SerializedColumn {name: dec}
#     distance:
#       __class__: astropy.coordinates.distances.Distance
#       unit: !astropy.units.Unit {unit: kpc}
#       value: !astropy.table.SerializedColumn {name: distance}
#     pm_dec:
#       __class__: astropy.units.quantity.Quantity
#       unit: !astropy.units.Unit {unit: mas / yr}
#       value: !astropy.table.SerializedColumn {name: pm_dec}
#     pm_ra_cosdec:
#       __class__: astropy.units.quantity.Quantity
#       unit: !astropy.units.Unit {unit: mas / yr}
#       value: !astropy.table.SerializedColumn {name: pm_ra_cosdec}
#     ra:
#       __class__: astropy.coordinates.angles.Longitude
#       unit: *id001
#       value: !astropy.table.SerializedColumn {name: ra}
#       wrap_angle: !astropy.coordinates.Angle
#         unit: *id001
#         value: 360.0
#     radial_velocity:
#       __class__: astropy.units.quantity.Quantity
#       unit: !astropy.units.Unit {unit: km / s}
#       value: !astropy.table.SerializedColumn {name: radial_velocity}
# schema: astropy-2.0
ra,dec,distance,pm_ra_cosdec,pm_dec,radial_velocity
[from data line 2580]
155.31468491526644,15.680753624384398,22.480387690130623,-1.1906972789493762,-0.05051192011054228,8.157618157063828e-15
155.31828456469486,15.671378046400907,22.477489727303144,-1.1910405493153398,-0.05014300372718704,-3.0788429818595735e-14
155.32188410652304,15.662002493042111,22.474592013511977,-1.1913838448267353,-0.04977393031441965,1.3683746586042549e-14
155.325483540812,15.652626964283993,22.47169454889188,-1.1917271654654942,-0.04940469993257034,6.052426374595743e-15
155.32908286762267,15.643251460102528,22.468797333577623,-1.192070511213562,-0.04903531264197247,-9.736511993914891e-15
155.33268208701594,15.633875980473881,22.465900367703963,-1.192413882052897,-0.04866576850296378,-7.368171238638296e-15
155.33628119905268,15.62450052537398,22.46300365140567,-1.1927572779654714,-0.04829606757588447,-5.2629794561702115e-15
155.33988020379374,15.615125094779035,22.460107184817495,-1.1931006989332722,-0.0479262099210785,2.4999152416808504e-14
155.3434791013001,15.605749688665044,22.457210968074207,-1.1934441449382966,-0.04755619559889252,-2.23676626887234e-14
155.34707789163247,15.596374307008047,22.45431500131056,-1.1937876159625582,-0.04718602466967696,-1.5788938368510635e-14
155.35067657485172,15.586998949784237,22.451419284661327,-1.1941311119880826,-0.046815697193785824,2.0525619879063826e-14
155.35427515101875,15.577623616969621,22.448523818261265,-1.194474632996908,-0.046445213231575494,-1.2104852749191486e-14
155.35787362019425,15.568248308540408,22.44562860224512,-1.194818178971088,-0.046074572843406346,-2.5262301389617013e-14
155.36147198243907,15.55887302447267,22.442733636747683,-1.1951617498926879,-0.04570377608964221,2.1051917824680845e-15
155.36507023781397,15.549497764742487,22.439838921903686,-1.195505345743787,-0.04533282303064882,-9.47336302110638e-15
155.36866838637968,15.540122529326093,22.436944457847915,-1.1958489665064775,-0.0449617137267975,-1.5262640422893612e-14
155.37226642819695,15.53074731819959,22.434050244715124,-1.1961926121628654,-0.04459044823846081,-5.262979456170211e-16
155.37586436332657,15.521372131339085,22.43115628264006,-1.1965362826950703,-0.044219026626015116,1.3157448640425529e-15
155.37946219182916,15.511996968720842,22.4282625717575,-1.1968799780852248,-0.04384744894984082,4.157753770374467e-14
155.38305991376552,15.50262183032093,22.425369112202205,-1.197223698315474,-0.04347571527032062,1.1315405830765954e-14
155.3866575291962,15.49324671611564,22.42247590410893,-1.197567443367978,-0.04310382564784059,1.394689555885106e-14
155.390255038182,15.483871626081122,22.419582947612447,-1.1979112132249083,-0.04273178014279134,9.868086480319147e-15
155.3938524407835,15.4744965601935,22.41669024284751,-1.1982550078684513,-0.042359578815564874,2.4999152416808503e-15
155.39744973706135,15.465121518429115,22.413797789948873,-1.198598827280807,-0.04198722172655764,-2.513072690321276e-14
155.40104692707618,15.455746500764064,22.41090558905131,-1.1989426714441866,-0.04161470893616871,-2.4209705498382972e-14
155.40464401088855,15.446371507174685,22.408013640289578,-1.1992865403408164,-0.04124204050480163,2.8946387008936165e-14
155.40824098855916,15.436996537637167,22.40512194379844,-1.199630433952935,-0.04086921649286103,-1.0789107885148933e-14
155.41183786014852,15.4276215921277,22.40223049971265,-1.199974352262795,-0.040496236960756646,1.0394384425936167e-14
155.41543462571718,15.418246670622638,22.399339308166986,-1.2003182952526612,-0.04012310196890081,-2.3814982039170207e-14
155.41903128532573,15.408871773098141,22.396448369296206,-1.2006622629048134,-0.03974981157770896,-4.434060191823403e-14
155.42262783903465,15.399496899530591,22.393557683235052,-1.201006255201544,-0.03937636584760024,5.789277401787233e-15
155.42622428690453,15.390122049896222,22.3906672501183,-1.2013502721251577,-0.03900276483899624,-6.315575347404253e-15
155.42982062899586,15.380747224171262,22.387777070080713,-1.2016943136579732,-0.03862900861232272,-1.1315405830765954e-14
155.43341686536908,15.37137242233211,22.384887143257057,-1.202038379782322,-0.03825509722800769,-6.447149833808509e-15
155.43701299608475,15.361997644354979,22.381997469782085,-1.2023824704805504,-0.03788103074648298,-9.078639561893614e-15
155.44060902120322,15.352622890216294,22.379108049790553,-1.2027265857350158,-0.03750680922818385,2.6314897280851058e-15
155.44420494078503,15.343248159892317,22.376218883417234,-1.2030707255280895,-0.0371324327335482,-2.065719436546808e-14
155.44780075489058,15.333873453359327,22.373329970796885,-1.2034148898421575,-0.0367579013230175,-8.947065075489359e-15
155.4513964635803,15.324498770593793,22.37044131206427,-1.2037590786596177,-0.03638321505703608,-1.6446810800531912e-14
155.45499206691454,15.315124111571997,22.367552907354145,-1.2041032919628805,-0.036008373996052306,2.0130896419851058e-14
155.4585875649538,15.30574947627024,22.364664756801282,-1.204447529734371,-0.03563337820051632,-1.3815321072446805e-14
155.46218295775833,15.29637486466502,22.36177686054043,-1.2047917919565267,-0.035258227730883177,3.249889814185105e-14
155.46577824538858,15.28700027673259,22.358889218706363,-1.2051360786117986,-0.03488292264760957,2.197293922951063e-14
155.46937342790486,15.277625712449451,22.356001831433833,-1.2054803896826518,-0.034507463011156356,-1.6841534259744676e-14
155.47296850536745,15.268251171791952,22.353114698857603,-1.205824725151562,-0.03413184888198758,2.0130896419851058e-14
155.47656347783675,15.258876654736431,22.35022782111244,-1.2061690850010196,-0.033756080320569794,1.9999321933446802e-14
155.48015834537304,15.24950216125942,22.3473411983331,-1.2065134692135298,-0.03338015738737335,1.1841703776382976e-14
155.4837531080366,15.240127691337221,22.34445483065435,-1.206857877771609,-0.03300408014287141,-4.8682559969574454e-15
155.48734776588768,15.230753244946394,22.341568718210947,-1.2072023106577865,-0.03262784864754084,-4.3419580513404245e-14
155.49094231898653,15.221378822063304,22.33868286113765,-1.2075467678546064,-0.03225146296186151,-2.4999152416808503e-15
155.49453676739347,15.212004422664359,22.335797259569226,-1.2078912493446246,-0.031874923146315286,-1.5394214909297868e-14
155.49813111116862,15.202630046726116,22.332911913640434,-1.2082357551104104,-0.03149822926138936,1.3815321072446805e-14
155.50172535037228,15.19325569422494,22.33002682348604,-1.2085802851345469,-0.031121381367572306,1.0525958912340423e-14
155.50531948506463,15.18388136513741,22.327141989240808,-1.20892483939963,-0.030744379525356514,1.394689555885106e-14
155.5089135153058,15.17450705943995,22.324257411039483,-1.2092694178882675,-0.030367223795238135,2.0525619879063826e-14
155.51250744115606,15.165132777109013,22.32137308901685,-1.209614020583083,-0.02998991423771514,-4.078809078531914e-15
155.5161012626755,15.155758518121196,22.31848902330764,-1.2099586474667117,-0.029612450913290112,-1.2631150694808506e-14
155.51969497992428,15.146384282452907,22.315605214046645,-1.2103032985218007,-0.02923483388246731,-1.3025874154021273e-14
155.52328859296247,15.137010070080773,22.31272166136861,-1.2106479737310125,-0.028857063205755543,1.1315405830765954e-14
155.52688210185028,15.12763588098126,22.30983836540831,-1.2109926730770209,-0.028479138943666178,3.6182983761170205e-14
155.53047550664778,15.118261715130854,22.30695532630049,-1.2113373965425145,-0.028101061156712966,-8.552341616276594e-15
155.534068807415,15.108887572506212,22.304072544179917,-1.2116821441101935,-0.027722829905414307,1.3289023126829784e-14
155.53766200421208,15.09951345308378,22.301190019181355,-1.212026915762772,-0.02734444525029064,1.0789107885148933e-14
155.54125509709905,15.090139356840217,22.298307751439573,-1.2123717114829764,-0.026965907251865862,-2.8025365604106374e-14
155.54484808613591,15.080765283752054,22.29542574108932,-1.2127165312535475,-0.026587215970667273,-1.6973108746148932e-14
155.54844097138275,15.071391233795815,22.29254398826536,-1.213061375057238,-0.02620837146722489,2.763064214489361e-15
155.55203375289955,15.062017206948187,22.289662493102462,-1.2134062428768149,-0.025829373802072116,8.683916102680848e-15
155.55562643074634,15.052643203185665,22.286781255735377,-1.2137511346950571,-0.025450223035745095,-2.5262301389617013e-14
155.55921900498305,15.043269222484955,22.283900276298883,-1.2140960504947562,-0.025070919228783784,-1.3683746586042549e-14
155.56281147566966,15.03389526482263,22.281019554927724,-1.2144409902587183,-0.02469146244173068,-1.3552172099638295e-14
155.5664038428662,15.024521330175258,22.278139091756664,-1.214785953969762,-0.024311852735131447,7.894469184255318e-15
155.56999610663252,15.015147418519566,22.275258886920472,-1.2151309416107188,-0.023932090169535312,1.986774744704255e-14
155.5735882670286,15.0057735298321,22.27237894055391,-1.2154759531644328,-0.023552174805494423,2.5788599335234036e-14
155.57718032411435,14.996399664089601,22.269499252791736,-1.215820988613762,-0.023172106703563313,-1.2894299667617018e-14
155.58077227794962,14.98702582126869,22.26661982376871,-1.2161660479415768,-0.02279188592430131,1.513106593648936e-14
155.5843641285944,14.97765200134597,22.263740653619607,-1.2165111311307608,-0.02241151252826857,-1.1381193073968082e-14
155.58795587610845,14.968278204298228,22.26086174247916,-1.2168562381642114,-0.022030986576030184,7.56553296824468e-15
155.59154752055167,14.958904430102045,22.25798309048215,-1.217201369024838,-0.0216503081281535,8.35497988667021e-15
155.5951390619839,14.949530678734202,22.255104697763343,-1.217546523695563,-0.021269477245209677,-1.5986300098117018e-14
155.59873050046497,14.94015695017136,22.252226564457498,-1.2178917021593214,-0.020888493987772074,-2.670962074006382e-14
155.6023218360547,14.930783244390177,22.24934869069936,-1.2182369043990642,-0.020507358416417466,-3.124894052101063e-14
155.60591306881287,14.921409561367478,22.24647107662371,-1.218582130397751,-0.02012607059172606,-7.8944691842553165e-16
155.60950419879927,14.912035901079923,22.243593722365308,-1.218927380138357,-0.019744630574281136,1.480212972047872e-14
155.6130952260737,14.902662263504203,22.240716628058898,-1.219272653603871,-0.019363038424667765,-1.8288853610191485e-14
155.6166861506959,14.89328864861717,22.237839793839264,-1.2196179507772924,-0.018981294203476298,-1.513106593648936e-14
155.62027697272558,14.883915056395471,22.23496321984116,-1.2199632716416349,-0.01859939797129864,1.5196853179691485e-14
155.62386769222252,14.874541486815964,22.232086906199335,-1.2203086161799261,-0.018217349788729787,4.210383564936169e-15
155.6274583092464,14.86516793985538,22.229210853048563,-1.2206539843752047,-0.017835149716368393,-4.670894267351062e-15
155.631048823857,14.855794415490436,22.226335060523606,-1.2209993762105238,-0.017452797814816158,-1.6052087341319144e-14
155.63463923611386,14.846420913698022,22.22345952875923,-1.2213447916689484,-0.017070294144677534,-1.0657533398744677e-14
155.63822954607676,14.837047434454828,22.220584257890184,-1.221690230733557,-0.016687638766559723,2.8946387008936164e-15
155.64181975380535,14.827673977737769,22.217709248051232,-1.222035693387442,-0.01630483174107409,-1.3617959342840423e-14
155.64540985935923,14.818300543523609,22.214834499377137,-1.222381179613706,-0.015921873128833974,4.73668151055319e-15
155.6489998627981,14.808927131789096,22.211960012002667,-1.2227266893954678,-0.015538762990456008,-2.2236088202319143e-14
155.6525897641815,14.799553742511183,22.20908578606258,-1.2230722227158564,-0.015155501386560234,-3.934077143487233e-14
155.65617956356908,14.7901803756666,22.206211821691635,-1.223417779558016,-0.014772088377770047,-2.6314897280851057e-16
155.65976926102041,14.7808070312323,22.20333811902459,-1.2237633599051019,-0.014388524024710588,6.578724320212764e-15
155.6633588565951,14.771433709185073,22.20046467819622,-1.2241089637402833,-0.014004808388011464,4.8024687537553175e-15
155.66694835035267,14.762060409501744,22.197591499341275,-1.2244545910467415,-0.013620941528304101,-1.1249618587563827e-14
155.67053774235265,14.75268713215929,22.194718582594525,-1.224800241807671,-0.013236923506224197,1.8552002582999993e-14
155.67412703265467,14.743313877134472,22.191845928090718,-1.2251459160062816,-0.0128527543824091,-1.7367832205361697e-14
155.67771622131812,14.733940644404306,22.188973535964628,-1.225491613625791,-0.012468434217500884,2.1578215770297867e-14
155.68130530840259,14.724567433945621,22.18610140635101,-1.2258373346494347,-0.012083963072143006,2.0722981608670208e-14
155.68489429396757,14.715194245735269,22.18322953938463,-1.2261830790604578,-0.011699341006982769,-4.473532537744679e-15
155.6884831780725,14.705821079750281,22.180357935200252,-1.2265288468421196,-0.01131456808267079,1.9571704852632974e-14
155.69207196077684,14.696447935967523,22.177486593932635,-1.226874637977692,-0.01092964435985998,-2.022957728465425e-14
155.6956606421401,14.687074814363873,22.174615515716535,-1.2272204524504604,-0.010544569899206421,-1.6381023557329782e-14
155.69924922222162,14.67770171491638,22.17174470068672,-1.2275662902437223,-0.010159344761370048,5.657702915382977e-15
155.70283770108094,14.668328637601878,22.16887414897795,-1.2279121513407878,-0.009773969007012146,-2.1150598689484036e-14
155.70642607877738,14.658955582397434,22.16600386072498,-1.228258035724981,-0.0093884426967992,-1.6512598043734038e-14
155.71001435537033,14.649582549279971,22.163133836062578,-1.2286039433796385,-0.009002765891398668,5.822171023388296e-15
155.71360253091925,14.6402095382264,22.16026407512551,-1.2289498742881078,-0.008616938651481986,-2.7959578360904248e-14
155.71719060548344,14.630836549213809,22.15739457804853,-1.2292958284337525,-0.008230961037723944,-1.868357706940425e-14
155.72077857912225,14.621463582219082,22.15452534496641,-1.2296418057999463,-0.007844833110801544,3.766319673321808e-14
155.72436645189507,14.612090637219335,22.151656376013896,-1.2299878063700769,-0.007458554931394737,-1.6413917178930845e-14
155.72795422386116,14.602717714191515,22.148787671325756,-1.2303338301275453,-0.007072126560187534,-1.661127890853723e-14
155.73154189507989,14.593344813112576,22.14591923103676,-1.2306798770557639,-0.006685548057865763,8.716809724281913e-15
155.73512946561053,14.583971933959662,22.14305105528166,-1.2310259471381588,-0.006298819485118658,-4.276170808138297e-15
155.73871693551237,14.574599076709694,22.14018314419522,-1.2313720403581692,-0.00591194090263889,3.1906812953031906e-15
155.74230430484465,14.565226241339825,22.137315497912205,-1.2317181566992461,-0.005524912371121729,2.1857811553906908e-14
155.74589157366668,14.55585342782705,22.13444811656737,-1.2320642961448542,-0.0051377339512645205,-3.89131543540585e-14
155.7494787420377,14.54648063614837,22.131581000295476,-1.2324104586784708,-0.004750405703769708,-8.223405400265956e-17
155.75306581001686,14.537107866280948,22.1287141492313,-1.2327566442835856,-0.004362927689340894,1.5377768098497338e-14
155.75665277766348,14.527735118201779,22.125847563509584,-1.2331028529437014,-0.003975299968685015,1.1183831344361698e-15
155.76023964503668,14.518362391888036,22.122981243265105,-1.233449084642333,-0.003587522602512841,2.0081555987449462e-14
155.7638264121957,14.508989687316754,22.120115188632614,-1.233795339363009,-0.0031995956515366293,-2.937400408974999e-14
155.7674130791997,14.499617004464994,22.11724939974687,-1.2341416170892712,-0.0028115191764731097,-1.1315405830765954e-14
155.77099964610784,14.490244343309959,22.114383876742647,-1.2344879178046722,-0.002423293238041204,-2.675073776706515e-14
155.77458611297925,14.480871703828669,22.1115186197547,-1.2348342414927782,-0.0020349178969629868,4.226830375736701e-15
155.7781724798731,14.471499085998339,22.10865362891779,-1.2351805881371694,-0.0016463932139628506,-1.3552172099638295e-14
155.78175874684845,14.462126489796065,22.105788904366683,-1.2355269577214367,-0.0012577192497693276,8.346756481269945e-15
155.78534491396445,14.452753915198935,22.10292444623614,-1.2358733502291854,-0.0008688960651126553,1.0213469507130316e-14
