galstreams/tracks/track.st.New-10.ibata2024.ecsv
# %ECSV 1.0
# ---
# datatype:
# - {name: ra, unit: deg, datatype: float64}
# - {name: dec, unit: deg, datatype: float64}
# - {name: distance, unit: kpc, datatype: float64}
# - {name: pm_ra_cosdec, unit: mas / yr, datatype: float64}
# - {name: pm_dec, unit: mas / yr, datatype: float64}
# - {name: radial_velocity, unit: km / s, datatype: float64}
# delimiter: ','
# meta: !!omap
# - __serialized_columns__:
#     dec:
#       __class__: astropy.coordinates.angles.Latitude
#       unit: &id001 !astropy.units.Unit {unit: deg}
#       value: !astropy.table.SerializedColumn {name: dec}
#     distance:
#       __class__: astropy.coordinates.distances.Distance
#       unit: !astropy.units.Unit {unit: kpc}
#       value: !astropy.table.SerializedColumn {name: distance}
#     pm_dec:
#       __class__: astropy.units.quantity.Quantity
#       unit: !astropy.units.Unit {unit: mas / yr}
#       value: !astropy.table.SerializedColumn {name: pm_dec}
#     pm_ra_cosdec:
#       __class__: astropy.units.quantity.Quantity
#       unit: !astropy.units.Unit {unit: mas / yr}
#       value: !astropy.table.SerializedColumn {name: pm_ra_cosdec}
#     ra:
#       __class__: astropy.coordinates.angles.Longitude
#       unit: *id001
#       value: !astropy.table.SerializedColumn {name: ra}
#       wrap_angle: !astropy.coordinates.Angle
#         unit: *id001
#         value: 360.0
#     radial_velocity:
#       __class__: astropy.units.quantity.Quantity
#       unit: !astropy.units.Unit {unit: km / s}
#       value: !astropy.table.SerializedColumn {name: radial_velocity}
# schema: astropy-2.0
ra,dec,distance,pm_ra_cosdec,pm_dec,radial_velocity
[from data line 287]
143.07559193140446,-24.93912553210872,1.0000000000000013,2.3968879392306093,7.809730298890841,101.39386065310674
143.07965996860545,-24.928911133411553,1.0000000000000013,2.396796838779345,7.807417890334378,101.4039169448792
143.08372802209612,-24.918696901185836,1.000000000000001,2.3967057182667677,7.805108217668178,101.41398014814024
143.08779609106614,-24.908482835013807,1.000000000000001,2.39661457749423,7.802801277374465,101.42405024411934
143.0918641747054,-24.898268934477834,1.000000000000001,2.3965234162634683,7.800497065935506,101.43412721404614
143.09593227220398,-24.888055199160572,1.000000000000001,2.3964322343765616,7.798195579833587,101.4442110391501
143.10000038275228,-24.8778416286446,1.000000000000001,2.3963410316359735,7.795896815551016,101.45430170066076
143.104068505541,-24.867628222512643,1.000000000000001,2.396249807844505,7.7936007695701255,101.46439917980763
143.10813663976091,-24.857414980347688,1.000000000000001,2.3961585628053435,7.791307438373277,101.47450345782029
143.1122047846032,-24.847201901732678,1.000000000000001,2.39606729632205,7.789016818442855,101.48461451592824
143.11627293925926,-24.83698898625073,1.000000000000001,2.3959760081985095,7.786728906261264,101.49473233536101
143.12034110292072,-24.826776233485027,1.0000000000000013,2.3958846982390387,7.7844436983109455,101.50485689734819
143.1244092747794,-24.816563643019027,1.0000000000000013,2.3957933662482613,7.782161191074358,101.5149881831192
143.1284774540275,-24.80635121443614,1.000000000000001,2.3957020120311814,7.7798813810339835,101.52512617390367
143.1325456398574,-24.796138947319886,1.000000000000001,2.3956106353931865,7.777604264672327,101.53527085093111
143.13661383146166,-24.78592684125407,1.000000000000001,2.39551923614,7.775329838471929,101.54542219543102
143.14068202803318,-24.77571489582246,1.000000000000001,2.395427814077765,7.773058098915352,101.55558018863297
143.14475022876513,-24.765503110608925,1.0000000000000013,2.3953363690129095,7.770789042485176,101.56574481176646
143.14881843285082,-24.755291485197624,1.0000000000000013,2.395244900752301,7.768522665664017,101.57591604606105
143.1528866394839,-24.745080019172647,1.0000000000000013,2.395153409103127,7.766258964934505,101.58609387274628
143.1569548478582,-24.73486871211829,1.000000000000001,2.3950618938729775,7.7639979367793055,101.59627827305158
143.16102305716788,-24.72465756361888,1.0000000000000013,2.3949703548697876,7.761739577681103,101.60646922820662
143.16509126660722,-24.714446573259032,1.000000000000001,2.394878791901842,7.759483884122616,101.61666671944086
143.1691594753709,-24.70423574062332,1.0000000000000013,2.394787204777833,7.757230852586575,101.62687072798386
143.17322768265367,-24.694025065296422,1.000000000000001,2.394695593306782,7.754980479555744,101.6370812350651
143.1772958876507,-24.6838145468633,1.000000000000001,2.3946039572981057,7.752732761512915,101.64729822191416
143.18136408955726,-24.673604184908868,1.000000000000001,2.394512296561567,7.750487694940899,101.65752166976057
143.185432287569,-24.663393979018164,1.0000000000000013,2.3944206109073143,7.74824527632254,101.66775155983383
143.18950048088166,-24.65318392877649,1.000000000000001,2.3943289001458368,7.746005502140698,101.67798787336352
143.19356866869134,-24.6429740337691,1.000000000000001,2.3942371640880147,7.743768368878273,101.68823059157914
143.19763685019436,-24.63276429358143,1.0000000000000009,2.3941454025450906,7.741533873018177,101.69847969571022
143.20170502458728,-24.622554707798972,1.0000000000000009,2.3940536153286605,7.739302011043353,101.70873516698627
143.20577319106687,-24.61234527600749,1.0000000000000009,2.393961802250704,7.737072779436771,101.71899698663687
143.20984134883014,-24.602135997792697,1.000000000000001,2.3938699631235654,7.734846174681419,101.72926513589157
143.2139094970744,-24.591926872740434,1.000000000000001,2.393778097759956,7.732622193260323,101.73953959597985
143.21797763499717,-24.58171790043681,1.0000000000000009,2.39368620597293,7.730400831656531,101.74982034813121
143.22204576179618,-24.571509080467898,1.0000000000000009,2.393594287575958,7.728182086353115,101.76010737357525
143.22611387666947,-24.561300412419865,1.0000000000000009,2.3935023423828348,7.725965953833168,101.7704006535415
143.2301819788152,-24.551091895879164,1.000000000000001,2.3934103702077447,7.723752430579815,101.78070016925945
143.23425006743196,-24.540883530432207,1.000000000000001,2.3933183708652326,7.72154151307621,101.7910059019587
143.2383181417184,-24.530675315665572,1.000000000000001,2.3932263441702144,7.7193331978055255,101.80131783286866
143.24238620087348,-24.520467251165893,1.000000000000001,2.393134289937983,7.717127481250968,101.81163594321899
143.24645424409644,-24.51025933652008,1.000000000000001,2.3930422079841644,7.7149243598957575,101.82196021423913
143.25052227058669,-24.500051571315,1.000000000000001,2.3929500981247926,7.7127238302231635,101.83229062715867
143.2545902795439,-24.489843955137626,1.000000000000001,2.392857960176263,7.710525888716451,101.84262716320711
143.25865827016796,-24.47963648757522,1.000000000000001,2.3927657939553253,7.708330531858938,101.852969803614
143.26272624165904,-24.469429168214976,1.0000000000000009,2.392673599279094,7.706137756133952,101.8633185296089
143.26679419321758,-24.45922199664422,1.000000000000001,2.3925813759650723,7.703947558024851,101.8736733224213
143.27086212404413,-24.449014972450556,1.0000000000000009,2.392489123831112,7.701759934015028,101.8840341632807
143.27493003333953,-24.438808095221525,1.0000000000000009,2.3923968426954616,7.69957488058789,101.89440103341666
143.27899792030502,-24.428601364544775,1.000000000000001,2.392304532376688,7.697392394226875,101.90477391405875
143.2830657841418,-24.41839478000826,1.0000000000000009,2.3922121926937834,7.6952124714154575,101.91515278643647
143.28713362405148,-24.40818834119986,1.0000000000000009,2.3921198234660714,7.693035108637114,101.92553763177936
143.29120143923586,-24.397982047707632,1.000000000000001,2.3920274245132607,7.690860302375371,101.93592843131695
143.29526922889704,-24.387775899119696,1.0000000000000009,2.391934995655415,7.688688049113779,101.94632516627877
143.2993369922372,-24.377569895024426,1.000000000000001,2.391842536712984,7.686518345335891,101.95672781789436
143.3034047284589,-24.367364035010187,1.0000000000000009,2.3917500475067808,7.684351187525332,101.96713636739325
143.3074724367649,-24.35715831866542,1.0000000000000009,2.3916575278579852,7.682186572165703,101.97755079600493
143.31154011635812,-24.346952745578847,1.000000000000001,2.3915649775881356,7.680024495740662,101.98797108495897
143.31560776644181,-24.336747315339164,1.000000000000001,2.391472396519161,7.677864954733892,101.99839721548493
143.31967538621944,-24.326542027535204,1.000000000000001,2.391379784473333,7.675707945629091,102.00882916881227
143.32374297489466,-24.31633688175589,1.0000000000000009,2.3912871412733168,7.67355346491,102.01926692617059
143.3278105316714,-24.306131877590392,1.000000000000001,2.3911944667421423,7.671401509060363,102.0297104687894
143.33187805575372,-24.295927014627843,1.000000000000001,2.391101760703201,7.669252074563981,102.04015977789818
143.33594554634607,-24.28572229245749,1.000000000000001,2.3910090229802563,7.6671051579046505,102.05061483472655
143.34001300265305,-24.275517710668854,1.0000000000000009,2.390916253397439,7.664960755566229,102.06107562050398
143.3440804238795,-24.265313268851394,1.000000000000001,2.390823451779246,7.662818864032556,102.07154211646005
143.34814780923045,-24.255108966594708,1.000000000000001,2.390730617950565,7.660679479787555,102.08201430382428
143.35221515791122,-24.24490480348864,1.000000000000001,2.3906377517366213,7.658542599315123,102.09249216382612
143.35628246912734,-24.234700779122996,1.0000000000000009,2.390544852963041,7.656408219099218,102.1029756776952
143.3603497420846,-24.224496893087714,1.0000000000000009,2.390451921455778,7.6542763356238135,102.11346482666102
143.3644169759889,-24.21429314497297,1.000000000000001,2.390358957041215,7.652146945372902,102.1239595919531
143.36848417004651,-24.204089534368908,1.000000000000001,2.3902659595460545,7.650020044830522,102.13445995480102
143.37255132346388,-24.193886060865847,1.0000000000000009,2.3901729287973943,7.647895630480727,102.1449658964342
143.37661843544774,-24.183682724054137,1.000000000000001,2.390079864622667,7.6457736988075915,102.1554773980823
143.38068550520484,-24.173479523524435,1.0000000000000009,2.389986766849743,7.643654246295239,102.16599444097476
143.38475253194244,-24.163276458867333,1.0000000000000009,2.3898936353067874,7.641537269427797,102.17651700634119
143.3888195148679,-24.153073529673524,1.000000000000001,2.3898004698223865,7.639422764689435,102.18704507541109
143.39288645318868,-24.142870735533986,1.0000000000000009,2.389707270225472,7.637310728564341,102.19757862941391
143.39695334611272,-24.132668076039657,1.0000000000000009,2.389614036345348,7.63520115753674,102.20811764957931
143.40102019284802,-24.122465550781563,1.0000000000000009,2.389520768011696,7.633094048090871,102.21866211713676
143.4050869926028,-24.112263159351016,1.0000000000000009,2.389427465054572,7.63098939671102,102.22921201331579
143.40915374458567,-24.102060901339282,1.0000000000000009,2.389334127304366,7.628887199881479,102.23976731934597
143.41322044800518,-24.091858776337773,1.0000000000000009,2.3892407545919045,7.626787454086575,102.25032801645675
143.41728710207042,-24.08165678393799,1.000000000000001,2.389147346748313,7.624690155810669,102.26089408587774
143.42135370599047,-24.071454923731682,1.0000000000000009,2.389053903605138,7.622595301538159,102.27146550883847
143.42542025897473,-24.061253195310556,1.0000000000000009,2.38896042499427,7.620502887753437,102.2820422665684
143.42948676023286,-24.051051598266415,1.000000000000001,2.388866910747975,7.618412910940949,102.29262434029714
143.43355320897467,-24.04085013219137,1.000000000000001,2.388773360698888,7.616325367585167,102.30321171125415
143.4376196044102,-24.03064879667745,1.0000000000000009,2.38867977468003,7.614240254170587,102.31380436066902
143.4416859457498,-24.020447591316792,1.000000000000001,2.388586152524759,7.612157567181722,102.32440226977128
143.44575223220394,-24.010246515701837,1.0000000000000009,2.3884924940668384,7.610077303103138,102.33500541979048
143.44981846298336,-24.000045569424945,1.0000000000000009,2.3883987991403792,7.607999458419402,102.34561379195607
143.453884637299,-23.989844752078646,1.000000000000001,2.388305067579884,7.605924029615118,102.35622736749764
143.45795075436212,-23.97964406325555,1.000000000000001,2.388211299220176,7.603851013174936,102.36684612764472
143.462016813384,-23.9694435025485,1.000000000000001,2.3881174938965177,7.601780405583507,102.37747005362684
143.46608281357632,-23.95924306955032,1.000000000000001,2.3880236514444864,7.599712203325517,102.38809912667348
143.47014875415098,-23.949042763853928,1.000000000000001,2.3879297717000583,7.5976464028856965,102.39873332801426
143.4742146343199,-23.938842585052523,1.0000000000000009,2.387835854499583,7.595583000748789,102.40937263887864
143.4782804532955,-23.92864253273924,1.000000000000001,2.3877418996797495,7.5935219933995555,102.4200170404962
143.48234621029025,-23.91844260650734,1.0000000000000009,2.387647907077641,7.59146337732282,102.43066651409644
143.48641190451684,-23.90824280595034,1.000000000000001,2.387553876530724,7.589407149003397,102.44132104090892
143.4904775351882,-23.898043130661723,1.000000000000001,2.387459807876809,7.587353304926149,102.45198060216316
143.4945431015176,-23.887843580235128,1.000000000000001,2.3873657009540654,7.585301841575973,102.46264517908865
143.49860860271832,-23.877644154264235,1.000000000000001,2.3872715556010746,7.583252755437771,102.47331475291499
143.502674038004,-23.867444852343013,1.0000000000000009,2.3871773716567635,7.581206042996495,102.48398930487168
143.50673940658842,-23.857245674065375,1.0000000000000009,2.3870831489604285,7.579161700737114,102.49466881618824
143.5108047076857,-23.847046619025345,1.0000000000000007,2.386988887351741,7.577119725144627,102.50535326809417
143.51486994051004,-23.836847686817205,1.000000000000001,2.3868945866707403,7.575080112704063,102.51604264181913
143.51893510427593,-23.826648877035204,1.0000000000000009,2.386800246757831,7.573042859900479,102.52673691859252
143.52300019819805,-23.816450189273706,1.0000000000000009,2.3867058674538075,7.571007963218971,102.53743607964394
143.5270652214913,-23.8062516231273,1.000000000000001,2.38661144859981,7.568975419144631,102.54814010620288
143.53113017337083,-23.79605317819058,1.000000000000001,2.386516990037359,7.5669452241626205,102.55884897949892
143.53519505305198,-23.78585485405826,1.0000000000000009,2.3864224916083554,7.564917374758107,102.56956268076158
143.5392598597503,-23.775656650325143,1.000000000000001,2.3863279531550514,7.562891867416283,102.58028119122035
143.54332459268153,-23.765458566586272,1.0000000000000009,2.386233374520083,7.560868698622384,102.59100449210477
143.5473892510617,-23.75526060243666,1.0000000000000009,2.3861387555464386,7.558847864861663,102.6017325646444
143.551453834107,-23.745062757471413,1.0000000000000013,2.3860440960775104,7.5568293626194,102.6124653900688
143.55551834103383,-23.734865031285924,1.0000000000000009,2.3859493959570237,7.554813188380927,102.62320294960742
143.55958277105884,-23.72466742347551,1.0000000000000009,2.385854655029103,7.55279933863157,102.63394522448985
143.56364712339894,-23.714469933635627,1.000000000000001,2.385759873138211,7.550787809856703,102.64469219594564
143.56771139727104,-23.704272561361968,1.0000000000000009,2.385665050129221,7.548778598541732,102.65544384520426
143.57177559189253,-23.69407530625019,1.000000000000001,2.3855701858473353,7.546771701172078,102.66620015349524
143.57583970648082,-23.68387816789612,1.000000000000001,2.3854752801381682,7.544767114233212,102.6769611020482
143.5799037402537,-23.673681145895635,1.0000000000000009,2.3853803328476513,7.542764834210619,102.68772667209258
143.58396769242904,-23.663484239844863,1.0000000000000009,2.3852853438221366,7.540764857589803,102.69849684485797
143.58803156222493,-23.6532874493399,1.0000000000000009,2.3851903129083265,7.538767180856319,102.70927160157385
143.59209534885977,-23.64309077397694,1.0000000000000009,2.3850952399532765,7.536771800495739,102.7200509234698
143.596159051552,-23.632894213352454,1.000000000000001,2.3850001248044546,7.534778712993659,102.73083479177535
143.60022266952052,-23.622697767062856,1.000000000000001,2.3849049673096356,7.532787914835726,102.74162318772
143.6042862019842,-23.61250143470466,1.000000000000001,2.38480976731703,7.5307994025075855,102.75241609253325
143.60834964816223,-23.60230521587466,1.0000000000000009,2.3847145246751786,7.528813172494942,102.76321348744472
143.61241300727406,-23.592109110169588,1.000000000000001,2.3846192392329932,7.526829221283498,102.77401535368388
143.61647627853924,-23.581913117186303,1.0000000000000009,2.384523910839775,7.524847545359023,102.7848216724803
143.6205394611776,-23.571717236521895,1.0000000000000009,2.384428539345178,7.522868141207278,102.79563242506347
143.6246025544091,-23.561521467773435,1.000000000000001,2.38433312459925,7.520891005314075,102.80644759266302
143.62866555745407,-23.551325810538142,1.0000000000000009,2.3842376664523535,7.518916134165257,102.8172671565083
143.63272846953288,-23.54113026441329,1.000000000000001,2.3841421647552945,7.516943524246677,102.828091097829
143.63679128986624,-23.53093482899642,1.000000000000001,2.3840466193591734,7.514973172044245,102.83891939785461
143.6408540176749,-23.520739503885014,1.0000000000000009,2.383951030115531,7.513005074043872,102.84975203781465
143.64491665218006,-23.510544288676677,1.000000000000001,2.38385539687623,7.511039226731517,102.86058899893864
143.64897919260287,-23.500349182969266,1.000000000000001,2.3837597194935256,7.50907562659317,102.87143026245614
