galstreams/tracks/track.st.C-19.martin2022.ecsv
# %ECSV 0.9
# ---
# datatype:
# - {name: ra, unit: deg, datatype: float64}
# - {name: dec, unit: deg, datatype: float64}
# - {name: distance, unit: kpc, datatype: float64}
# - {name: pm_ra_cosdec, unit: mas / yr, datatype: float64}
# - {name: pm_dec, unit: mas / yr, datatype: float64}
# - {name: radial_velocity, unit: km / s, datatype: float64}
# delimiter: ','
# meta: !!omap
# - __serialized_columns__:
#     dec:
#       __class__: astropy.coordinates.angles.Latitude
#       unit: &id001 !astropy.units.Unit {unit: deg}
#       value: !astropy.table.SerializedColumn {name: dec}
#     distance:
#       __class__: astropy.coordinates.distances.Distance
#       unit: !astropy.units.Unit {unit: kpc}
#       value: !astropy.table.SerializedColumn {name: distance}
#     pm_dec:
#       __class__: astropy.units.quantity.Quantity
#       unit: !astropy.units.Unit {unit: mas / yr}
#       value: !astropy.table.SerializedColumn {name: pm_dec}
#     pm_ra_cosdec:
#       __class__: astropy.units.quantity.Quantity
#       unit: !astropy.units.Unit {unit: mas / yr}
#       value: !astropy.table.SerializedColumn {name: pm_ra_cosdec}
#     ra:
#       __class__: astropy.coordinates.angles.Longitude
#       unit: *id001
#       value: !astropy.table.SerializedColumn {name: ra}
#       wrap_angle: !astropy.coordinates.Angle
#         unit: *id001
#         value: 360.0
#     radial_velocity:
#       __class__: astropy.units.quantity.Quantity
#       unit: !astropy.units.Unit {unit: km / s}
#       value: !astropy.table.SerializedColumn {name: radial_velocity}
# schema: astropy-2.0
ra,dec,distance,pm_ra_cosdec,pm_dec,radial_velocity
[from data line 2449]
355.2571241776924,10.626249086102808,18.000000000000004,1.1888745268036873,-3.276300518623147,-189.44000000000005
355.2572843023064,10.615830940768364,18.0,1.1888702193233596,-3.2762873620419977,-189.4400000000001
355.2574442329729,10.605412788305367,18.000000000000007,1.1888659823480543,-3.2762738125149458,-189.44000000000014
355.257603969713,10.594994628714664,18.000000000000007,1.1888618158732924,-3.2762598700444037,-189.44000000000005
355.25776351254785,10.584576461997093,18.00000000000001,1.1888577198945913,-3.276245534632781,-189.4400000000001
355.2579228614985,10.574158288153505,18.000000000000007,1.1888536944074752,-3.27623080628249,-189.44000000000017
355.2580820165862,10.563740107184739,18.000000000000004,1.1888497394074637,-3.2762156849959356,-189.44000000000003
355.2582409778316,10.553321919091628,18.000000000000004,1.1888458548900742,-3.276200170775531,-189.4400000000001
355.2583997452559,10.54290372387503,18.000000000000007,1.1888420408508318,-3.27618426362368,-189.44000000000005
355.2585583188799,10.532485521535776,18.00000000000001,1.188838297285256,-3.2761679635427927,-189.44000000000003
355.2587166987246,10.522067312074721,18.00000000000001,1.1888346241888696,-3.2761512705352773,-189.4400000000001
355.2588748848106,10.5116490954927,18.000000000000007,1.1888310215571936,-3.276134184603541,-189.44000000000014
355.25903287715903,10.501230871790549,18.000000000000007,1.1888274893857538,-3.276116705749992,-189.4400000000001
355.2591906757904,10.490812640969125,18.000000000000007,1.1888240276700692,-3.2760988339770316,-189.44000000000014
355.2593482807256,10.48039440302926,18.000000000000004,1.188820636405668,-3.276080569287072,-189.44000000000005
355.2595056919851,10.469976157971804,18.000000000000007,1.1888173155880686,-3.2760619116825143,-189.4400000000001
355.25966290958974,10.459557905797597,18.000000000000004,1.188814065212798,-3.2760428611657657,-189.4400000000001
355.2598199335599,10.449139646507483,18.00000000000001,1.1888108852753796,-3.276023417739228,-189.44000000000014
355.2599767639164,10.4387213801023,18.00000000000001,1.1888077757713416,-3.276003581405311,-189.44000000000005
355.26013340067954,10.428303106582899,18.000000000000007,1.1888047366962051,-3.275983352166415,-189.44000000000014
355.2602898438699,10.417884825950123,18.00000000000001,1.1888017680454974,-3.2759627300249416,-189.44000000000005
355.2604460935079,10.407466538204812,18.000000000000007,1.1887988698147458,-3.2759417149832997,-189.44000000000014
355.2606021496139,10.397048243347804,18.00000000000001,1.1887960419994754,-3.275920307043885,-189.4400000000001
355.26075801220827,10.386629941379947,18.000000000000004,1.1887932845952145,-3.275898506209109,-189.44000000000005
355.2609136813113,10.376211632302098,18.0,1.1887905975974884,-3.275876312481364,-189.44000000000014
355.26106915694334,10.365793316115079,18.000000000000004,1.188787981001826,-3.275853725863057,-189.44000000000017
355.2612244391246,10.355374992819737,18.000000000000004,1.188785434803756,-3.2758307463565877,-189.44000000000014
355.2613795278752,10.344956662416932,18.000000000000004,1.188782958998807,-3.2758073739643563,-189.4400000000002
355.2615344232154,10.33453832490749,18.000000000000007,1.1887805535825082,-3.275783608688765,-189.44000000000014
355.2616891251652,10.324119980292267,18.000000000000007,1.1887782185503888,-3.275759450532213,-189.44000000000017
355.26184363374483,10.313701628572094,18.000000000000004,1.1887759538979799,-3.2757348994971,-189.44000000000014
355.26199794897417,10.303283269747826,18.000000000000004,1.1887737596208099,-3.2757099555858242,-189.44000000000017
355.26215207087336,10.292864903820302,18.000000000000007,1.1887716357144118,-3.2756846188007858,-189.44000000000014
355.26230599946217,10.282446530790367,18.000000000000007,1.1887695821743158,-3.275658889144382,-189.4400000000001
355.2624597347607,10.272028150658866,18.00000000000001,1.1887675989960549,-3.2756327666190126,-189.44000000000005
355.2626132767886,10.261609763426645,18.000000000000004,1.1887656861751608,-3.275606251227076,-189.44000000000005
355.262766625566,10.25119136909455,18.000000000000007,1.1887638437071677,-3.275579342970966,-189.44000000000005
355.2629197811125,10.240772967663412,18.00000000000001,1.188762071587608,-3.2755520418530804,-189.44000000000005
355.2630727434478,10.230354559134089,18.000000000000007,1.1887603698120142,-3.2755243478758214,-189.44000000000017
355.26322551259176,10.219936143507418,18.000000000000004,1.1887587383759235,-3.2754962610415777,-189.44000000000017
355.263378088564,10.209517720784248,18.000000000000004,1.1887571772748695,-3.2754677813527504,-189.44000000000014
355.26353047138423,10.199099290965423,18.000000000000004,1.1887556865043891,-3.275438908811733,-189.44000000000005
355.26368266107187,10.188680854051789,18.000000000000004,1.1887542660600159,-3.27540964342092,-189.44000000000005
355.26383465764656,10.178262410044189,18.000000000000004,1.1887529159372872,-3.275379985182707,-189.4400000000001
355.2639864611279,10.167843958943465,18.000000000000007,1.1887516361317407,-3.275349934099488,-189.44000000000005
355.2641380715352,10.15742550075047,18.0,1.1887504266389144,-3.27531949017366,-189.44000000000014
355.2642894888881,10.147007035466034,18.00000000000001,1.1887492874543457,-3.2752886534076127,-189.44000000000014
355.2644407132058,10.13658856309102,18.00000000000001,1.1887482185735743,-3.275257423803742,-189.4400000000001
355.26459174450775,10.126170083626262,18.000000000000007,1.1887472199921385,-3.2752258013644404,-189.44000000000005
355.26474258281326,10.115751597072617,18.000000000000004,1.188746291705579,-3.2751937860921014,-189.4400000000001
355.26489322814155,10.105333103430912,18.00000000000001,1.188745433709435,-3.2751613779891153,-189.44000000000005
355.26504368051195,10.094914602702012,18.00000000000001,1.1887446459992488,-3.2751285770578753,-189.4400000000001
355.2651939399436,10.08449609488675,18.000000000000007,1.188743928570561,-3.275095383300775,-189.44000000000014
355.2653440064556,10.074077579985971,18.000000000000007,1.1887432814189152,-3.2750617967202014,-189.44000000000005
355.26549388006714,10.063659058000532,18.000000000000007,1.1887427045398522,-3.2750278173185503,-189.44000000000005
355.26564356079734,10.053240528931273,18.000000000000004,1.1887421979289172,-3.2749934450982106,-189.4400000000001
355.2657930486651,10.042821992779034,18.000000000000007,1.1887417615816527,-3.274958680061571,-189.44000000000014
355.2659423436895,10.03240344954467,18.000000000000007,1.188741395493605,-3.274923522211023,-189.44000000000014
355.2660914458896,10.02198489922903,18.000000000000004,1.1887410996603187,-3.2748879715489547,-189.4400000000001
355.2662403552841,10.011566341832946,18.00000000000001,1.188740874077338,-3.274852028077756,-189.4400000000001
355.266389071892,10.001147777357279,18.000000000000007,1.1887407187402113,-3.2748156917998195,-189.44000000000017
355.2665375957321,9.990729205802868,18.000000000000007,1.1887406336444855,-3.2747789627175306,-189.44000000000014
355.26668592682324,9.980310627170562,18.000000000000004,1.188740618785708,-3.274741840833278,-189.44000000000005
355.2668340651842,9.969892041461211,18.000000000000004,1.1887406741594273,-3.2747043261494495,-189.44000000000005
355.26698201083354,9.959473448675656,18.00000000000001,1.1887407997611907,-3.2746664186684313,-189.44000000000005
355.26712976379014,9.949054848814749,18.00000000000001,1.1887409955865507,-3.2746281183926156,-189.44000000000005
355.26727732407244,9.938636241879333,18.000000000000007,1.1887412616310555,-3.2745894253243857,-189.44000000000017
355.2674246916992,9.928217627870266,18.000000000000007,1.188741597890258,-3.2745503394661277,-189.44000000000014
355.26757186668897,9.917799006788384,18.000000000000004,1.1887420043597086,-3.2745108608202327,-189.4400000000001
355.2677188490602,9.907380378634533,18.000000000000007,1.18874248103496,-3.2744709893890827,-189.44000000000014
355.2678656388314,9.896961743409573,18.000000000000007,1.188743027911565,-3.2744307251750633,-189.4400000000001
355.2680122360209,9.886543101114341,18.00000000000001,1.1887436449850766,-3.274390068180561,-189.44000000000005
355.26815864064736,9.876124451749694,18.000000000000007,1.1887443322510527,-3.2743490184079644,-189.4400000000001
355.2683048527289,9.865705795316469,18.000000000000004,1.1887450897050444,-3.2743075758596545,-189.44000000000005
355.26845087228395,9.855287131815526,18.00000000000001,1.188745917342609,-3.274265740538014,-189.44000000000005
355.2685966993307,9.844868461247714,18.000000000000007,1.188746815159303,-3.2742235124454333,-189.44000000000017
355.26874233388753,9.834449783613872,18.000000000000007,1.1887477831506847,-3.274180891584292,-189.44000000000005
355.2688877759726,9.824031098914853,18.000000000000007,1.1887488213123107,-3.274137877956975,-189.44000000000003
355.26903302560396,9.813612407151505,18.000000000000007,1.1887499296397401,-3.2740944715658666,-189.44000000000005
355.26917808279984,9.803193708324681,18.000000000000004,1.1887511081285327,-3.2740506724133485,-189.4400000000001
355.26932294757836,9.792775002435228,18.000000000000007,1.1887523567742482,-3.274006480501804,-189.44000000000005
355.2694676199574,9.78235628948399,18.000000000000007,1.188753675572447,-3.273961895833616,-189.44000000000005
355.26961209995517,9.771937569471824,18.00000000000001,1.1887550645186926,-3.2739169184111656,-189.44000000000005
355.2697563875894,9.761518842399582,18.000000000000007,1.188756523608545,-3.2738715482368366,-189.44000000000014
355.26990048287826,9.75110010826811,18.000000000000007,1.1887580528375707,-3.2738257853130097,-189.4400000000001
355.2700443858395,9.740681367078253,18.00000000000001,1.1887596522013313,-3.273779629642065,-189.4400000000001
355.270188096491,9.730262618830867,18.000000000000007,1.1887613216953916,-3.2737330812263874,-189.44000000000014
355.2703316148505,9.719843863526801,18.000000000000007,1.1887630613153164,-3.273686140068354,-189.4400000000001
355.2704749409359,9.709425101166904,18.000000000000007,1.1887648710566756,-3.273638806170347,-189.44000000000005
355.27061807476474,9.699006331752027,18.000000000000007,1.188766750915031,-3.2735910795347456,-189.44000000000014
355.2707610163549,9.688587555283032,18.000000000000007,1.1887687008859562,-3.273542960163932,-189.44000000000003
355.270903765724,9.678168771760756,18.00000000000001,1.1887707209650145,-3.273494448060284,-189.44000000000014
355.2710463228895,9.66774998118605,18.000000000000007,1.1887728111477798,-3.2734455432261824,-189.4400000000001
355.2711886878691,9.657331183559776,18.000000000000004,1.1887749714298197,-3.2733962456640047,-189.4400000000001
355.2713308606803,9.646912378882778,18.000000000000007,1.1887772018067055,-3.27334655537613,-189.4400000000001
355.2714728413406,9.636493567155904,18.000000000000007,1.1887795022740106,-3.273296472364939,-189.44000000000014
355.27161462986743,9.626074748380013,18.000000000000007,1.1887818728273076,-3.2732459966328076,-189.44000000000003
355.2717562262782,9.615655922555959,18.000000000000007,1.1887843134621674,-3.2731951281821163,-189.44000000000014
355.27189763059033,9.60523708968459,18.000000000000007,1.1887868241741684,-3.2731438670152424,-189.4400000000001
355.2720388428211,9.594818249766751,18.00000000000001,1.1887894049588823,-3.273092213134561,-189.44000000000003
355.2721798629878,9.584399402803314,18.0,1.1887920558118885,-3.2730401665424544,-189.44000000000005
355.2723206911078,9.573980548795113,18.000000000000007,1.1887947767287617,-3.2729877272412935,-189.44000000000005
355.2724613271981,9.563561687743011,18.00000000000001,1.1887975677050788,-3.2729348952334583,-189.44000000000017
355.2726017712761,9.553142819647858,18.000000000000004,1.1888004287364233,-3.272881670521328,-189.44000000000005
355.2727420233588,9.542723944510511,18.000000000000007,1.1888033598183692,-3.272828053107274,-189.4400000000001
355.2728820834633,9.532305062331817,18.00000000000001,1.1888063609465005,-3.2727740429936754,-189.4400000000001
355.27302195160667,9.52188617311264,18.000000000000007,1.188809432116397,-3.272719640182909,-189.44000000000017
355.273161627806,9.51146727685382,18.000000000000004,1.1888125733236419,-3.272664844677348,-189.44000000000014
355.27330111207823,9.501048373556216,18.00000000000001,1.1888157845638172,-3.272609656479367,-189.44000000000005
355.2734404044403,9.490629463220689,18.000000000000014,1.1888190658325082,-3.272554075591343,-189.44000000000014
355.2735795049091,9.480210545848088,18.000000000000007,1.1888224171253,-3.2724981020156543,-189.44000000000005
355.27371841350146,9.469791621439269,18.000000000000007,1.1888258384377763,-3.272441735754669,-189.44000000000014
355.27385713023426,9.459372689995092,18.000000000000004,1.188829329765526,-3.2723849768107653,-189.44000000000014
355.2739956551242,9.448953751516397,18.000000000000007,1.1888328911041355,-3.272327825186317,-189.4400000000001
355.27413398818817,9.438534806004053,18.000000000000004,1.1888365224491955,-3.2722702808836974,-189.44000000000005
355.27427212944275,9.428115853458914,18.000000000000007,1.1888402237962925,-3.272212343905278,-189.44000000000005
355.2744100789046,9.417696893881837,18.000000000000004,1.1888439951410195,-3.272154014253437,-189.44000000000005
355.27454783659044,9.407277927273668,18.00000000000001,1.1888478364789647,-3.2720952919305426,-189.44000000000014
355.2746854025168,9.396858953635277,18.000000000000007,1.188851747805726,-3.272036176938974,-189.44000000000005
355.2748227767002,9.386439972967503,18.000000000000004,1.1888557291168922,-3.2719766692810994,-189.44000000000005
355.27495995915723,9.376020985271223,18.000000000000007,1.188859780408059,-3.2719167689592923,-189.44000000000005
355.2750969499043,9.365601990547278,18.00000000000001,1.188863901674821,-3.2718564759759245,-189.44000000000005
355.2752337489578,9.355182988796537,18.00000000000001,1.188868092912775,-3.271795790333368,-189.44000000000014
355.27537035633424,9.344763980019845,18.0,1.1888723541175192,-3.2717347120339997,-189.4400000000001
355.2755067720499,9.33434496421807,18.000000000000004,1.1888766852846502,-3.271673241080185,-189.44000000000014
355.275642996121,9.32392594139206,18.00000000000001,1.1888810864097676,-3.2716113774742968,-189.44000000000003
355.275779028564,9.313506911542683,18.000000000000007,1.1888855574884725,-3.271549121218708,-189.44000000000014
355.275914869395,9.303087874670789,18.00000000000001,1.1888900985163646,-3.271486472315788,-189.44000000000005
355.2760505186303,9.29266883077724,18.00000000000001,1.1888947094890483,-3.2714234307679093,-189.44000000000005
355.2761859762859,9.282249779862896,18.00000000000001,1.1888993904021234,-3.271359996577443,-189.44000000000014
355.27632124237806,9.271830721928614,18.000000000000004,1.1889041412511976,-3.2712961697467584,-189.44000000000014
355.27645631692286,9.261411656975254,18.000000000000004,1.1889089620318756,-3.2712319502782248,-189.4400000000001
355.27659119993626,9.250992585003674,18.000000000000004,1.1889138527397618,-3.2711673381742146,-189.44
355.27672589143424,9.240573506014734,18.0,1.188918813370464,-3.2711023334370948,-189.4400000000001
355.2768603914329,9.230154420009296,18.000000000000007,1.1889238439195924,-3.2710369360692373,-189.44000000000014
355.276994699948,9.219735326988209,18.000000000000007,1.1889289443827533,-3.270971146073011,-189.4400000000001
355.27712881699546,9.209316226952351,18.000000000000004,1.1889341147555588,-3.2709049634507847,-189.44000000000014
355.27726274259123,9.198897119902572,18.000000000000004,1.1889393550336211,-3.2708383882049277,-189.44000000000014
355.277396476751,9.18847800583974,18.000000000000004,1.1889446652125526,-3.2707714203378093,-189.44000000000014
355.27753001949065,9.1780588847647,18.000000000000004,1.188950045287966,-3.2707040598518,-189.44000000000014
355.2776633708258,9.167639756678332,18.000000000000004,1.1889554952554768,-3.2706363067492625,-189.44000000000005
