galstreams/tracks/track.st.Leiptr.ibata2021.ecsv
# %ECSV 1.0
# ---
# datatype:
# - {name: ra, unit: deg, datatype: float64}
# - {name: dec, unit: deg, datatype: float64}
# - {name: distance, unit: kpc, datatype: float64}
# - {name: pm_ra_cosdec, unit: mas / yr, datatype: float64}
# - {name: pm_dec, unit: mas / yr, datatype: float64}
# - {name: radial_velocity, unit: km / s, datatype: float64}
# delimiter: ','
# meta: !!omap
# - __serialized_columns__:
#     dec:
#       __class__: astropy.coordinates.angles.Latitude
#       unit: &id001 !astropy.units.Unit {unit: deg}
#       value: !astropy.table.SerializedColumn {name: dec}
#     distance:
#       __class__: astropy.coordinates.distances.Distance
#       unit: !astropy.units.Unit {unit: kpc}
#       value: !astropy.table.SerializedColumn {name: distance}
#     pm_dec:
#       __class__: astropy.units.quantity.Quantity
#       unit: !astropy.units.Unit {unit: mas / yr}
#       value: !astropy.table.SerializedColumn {name: pm_dec}
#     pm_ra_cosdec:
#       __class__: astropy.units.quantity.Quantity
#       unit: !astropy.units.Unit {unit: mas / yr}
#       value: !astropy.table.SerializedColumn {name: pm_ra_cosdec}
#     ra:
#       __class__: astropy.coordinates.angles.Longitude
#       unit: *id001
#       value: !astropy.table.SerializedColumn {name: ra}
#       wrap_angle: !astropy.coordinates.Angle
#         unit: *id001
#         value: 360.0
#     radial_velocity:
#       __class__: astropy.units.quantity.Quantity
#       unit: !astropy.units.Unit {unit: km / s}
#       value: !astropy.table.SerializedColumn {name: radial_velocity}
# schema: astropy-2.0
ra,dec,distance,pm_ra_cosdec,pm_dec,radial_velocity
[from data line 1008]
64.8130373256141,-3.9029358244474324,7.922052882247894,8.911710377362265,-10.092072174154863,23.697795239398886
64.81987140371312,-3.9102648572793886,7.921325203150505,8.912611907867316,-10.093083302914907,23.764240391515
64.82670548233958,-3.9175939382939546,7.9205979594341,8.913513111378595,-10.09409378326857,23.83065547297624
64.83353956171801,-3.9249230673872137,7.919871150949835,8.914413987969642,-10.095103615179683,23.897040494962873
64.84037364207312,-3.9322522444553982,7.919144777548866,8.915314537713943,-10.09611279861211,23.963395468654706
64.84720772362938,-3.93958146939457,7.91841883908235,8.916214760684943,-10.097121333529744,24.029720405231615
64.85404180661149,-3.9469107421009477,7.9176933354014345,8.917114656956036,-10.098129219896514,24.096015315873746
64.86087589124399,-3.9542400624706104,7.916968266357283,8.918014226600565,-10.099136457676378,24.16228021176083
64.86770997775157,-3.961569430399797,7.916243631801043,8.918913469691837,-10.100143046833322,24.22851510407311
64.87454406635882,-3.9688988457846244,7.915519431583875,8.919812386303098,-10.101148987331367,24.29472000399034
64.88137815729036,-3.9762283085212293,7.914795665556933,8.920710976507552,-10.102154279134563,24.360894922692516
64.88821225077086,-3.983557818505858,7.9140723335713705,8.921609240378366,-10.103158922206992,24.427039871359685
64.89504634702494,-3.9908873756345997,7.913349435478343,8.922507177988644,-10.104162916512776,24.493154861171668
64.90188044627733,-3.998216979803728,7.912626971129008,8.923404789411448,-10.105166262016043,24.559239903308576
64.9087145487526,-4.005546630909348,7.911904940374518,8.924302074719803,-10.106168958680986,24.625295008950285
64.91554865467552,-4.0128763288477165,7.9111833430660266,8.925199033986667,-10.107171006471795,24.69132018927672
64.92238276427071,-4.020206073515004,7.91046217905469,8.926095667284978,-10.108172405352724,24.757315455467932
64.92921687776285,-4.027535864807361,7.909741448191666,8.926991974687592,-10.10917315528803,24.82328081870375
64.9360509953767,-4.034865702621078,7.9090211503281065,8.927887956267352,-10.110173256242017,24.889216290164217
64.94288511733691,-4.042195586852274,7.908301285315169,8.928783612097028,-10.111172708179021,24.955121881029324
64.94971924386826,-4.04952551739726,7.9075818530040065,8.929678942249364,-10.1121715110634,25.020997602478978
64.95655337519541,-4.056855494152201,7.906862853245773,8.930573946797036,-10.113169664859544,25.086843465693175
64.96338751154309,-4.064185517013277,7.906144285891626,8.931468625812688,-10.114167169531884,25.152659481851895
64.9702216531361,-4.071515585876805,7.905426150792721,8.93236297936891,-10.115164025044868,25.21844566213504
64.97705580019908,-4.0788457006389285,7.904708447800211,8.933257007538248,-10.11616023136299,25.284202017722556
64.98388995295693,-4.0861758611959695,7.903991176765251,8.934150710393205,-10.117155788450763,25.349928559794535
64.99072411163428,-4.093506067444082,7.903274337538996,8.93504408800622,-10.118150696272735,25.41562529953075
64.99755827645599,-4.1008363192795985,7.902557929972604,8.935937140449704,-10.119144954793489,25.48129224811118
65.0043924476468,-4.108166616598693,7.901841953917228,8.936829867796014,-10.120138563977628,25.546929416716026
65.0112266254315,-4.115496959297687,7.9011264092240205,8.937722270117455,-10.1211315237898,25.612536816524887
65.0180608100349,-4.122827347272812,7.90041129574414,8.93861434748629,-10.12212383419467,25.67811445871802
65.02489500168177,-4.130157780420278,7.899696613328741,8.939506099974734,-10.123115495156949,25.74366235447526
65.03172920059698,-4.137488258636439,7.898982361828978,8.940397527654953,-10.124106506641368,25.809180514976596
65.03856340700527,-4.144818781817488,7.898268541096004,8.941288630599074,-10.125096868612689,25.87466895140196
65.04539762113156,-4.1521493498597835,7.897555150980979,8.94217940887916,-10.126086581035707,25.940127674931443
65.05223184320063,-4.159479962659565,7.89684219133505,8.943069862567251,-10.12707564387526,26.005556696744723
65.05906607343731,-4.166810620113075,7.896129662009383,8.943959991735312,-10.128064057096186,26.07095602802202
65.06590031206652,-4.174141322116686,7.895417562855124,8.944849796455287,-10.129051820663388,26.136325679943106
65.07273455931303,-4.181472068566604,7.894705893723433,8.945739276799051,-10.130038934541775,26.201665663688125
65.0795688154018,-4.188802859359222,7.8939946544654624,8.946628432838448,-10.131025398696305,26.266975990436826
65.08640308055763,-4.196133694390747,7.893283844932368,8.947517264645269,-10.132011213091953,26.332256671369418
65.0932373550055,-4.2034645735575875,7.892573464975304,8.948405772291252,-10.13299637769373,26.397507717665686
65.10007163897019,-4.210795496755943,7.891863514445428,8.949293955848098,-10.133980892466681,26.46272914050562
65.10690593267671,-4.2181264638822435,7.89115399319389,8.950181815387467,-10.134964757375883,26.527920951069287
65.11374023634993,-4.225457474832752,7.890444901071851,8.951069350980939,-10.135947972386425,26.593083160536448
65.12057455021473,-4.232788529503747,7.889736237930462,8.951956562700088,-10.136930537463456,26.658215780087215
65.1274088744961,-4.2401196277916435,7.88902800362088,8.952843450616411,-10.137912452572133,26.723318820901515
65.13424320941891,-4.247450769592698,7.888320197994261,8.953730014801378,-10.138893717677648,26.78839229415925
65.14107755520818,-4.254781954803324,7.887612820901757,8.9546162553264,-10.139874332745237,26.853436211040414
65.14791191208886,-4.26211318331983,7.886905872194525,8.955502172262841,-10.140854297740146,26.918450582725068
65.15474628028582,-4.269444455038502,7.886199351723717,8.95638776568203,-10.141833612627675,26.983435420393057
65.16158066002411,-4.276775769855796,7.885493259340494,8.95727303565523,-10.142812277373134,27.048390735224263
65.1684150515287,-4.284107127667962,7.884787594896005,8.958157982253672,-10.143790291941865,27.113316538398845
65.17524945502457,-4.291438528371454,7.884082358241409,8.959042605548538,-10.144767656299265,27.178212841096606
65.1820838707367,-4.298769971862546,7.883377549227858,8.959926905610956,-10.145744370410727,27.243079654497667
65.18891829889014,-4.306101458037686,7.8826731677065105,8.960810882512012,-10.146720434241702,27.307916989781695
65.1957527397099,-4.3134329867932095,7.881969213528521,8.961694536322742,-10.147695847757651,27.372724858129025
65.20258719342092,-4.320764558025448,7.88126568654504,8.962577867114144,-10.148670610924084,27.43750327071932
65.20942166024832,-4.328096171630857,7.880562586607226,8.963460874957157,-10.149644723706533,27.502252238732787
65.21625614041709,-4.335427827505745,7.879859913566237,8.964343559922677,-10.150618186070554,27.566971773349046
65.22309063415231,-4.342759525546579,7.879157667273222,8.965225922081558,-10.151590997981744,27.631661885748407
65.22992514167902,-4.350091265649665,7.878455847579341,8.966107961504596,-10.152563159405727,27.696322587110757
65.2367596632223,-4.357423047711478,7.8777544543357445,8.966989678262559,-10.153534670308156,27.76095388861583
65.24359419900722,-4.364754871628389,7.877053487393591,8.967871072426147,-10.154505530654713,27.82555580144376
65.25042874925883,-4.372086737296746,7.876352946604034,8.968752144066023,-10.155475740411116,27.890128336774623
65.25726331420226,-4.379418644613041,7.875652831818229,8.96963289325281,-10.156445299543112,27.954671505787996
65.26409789406259,-4.386750593473611,7.87495314288733,8.970513320057067,-10.157414208016474,28.01918531966421
65.27093248906498,-4.394082583774949,7.874253879662494,8.971393424549317,-10.158382465797006,28.08366978958312
65.2777670994345,-4.4014146154134375,7.873555041994877,8.972273206800036,-10.159350072850543,28.148124926724773
65.28460172539623,-4.408746688285446,7.872856629735629,8.973152666879653,-10.160317029142963,28.21255074226878
65.29143636717541,-4.416078802287501,7.872158642735908,8.97403180485855,-10.161283334640153,28.276947247395466
65.29827102499709,-4.423410957315939,7.8714610808468715,8.974910620807051,-10.16224898930804,28.341314453284625
65.30510569908654,-4.430743153267286,7.870763943919673,8.97578911479545,-10.163213993112585,28.405652371116357
65.31194038966878,-4.4380753900378975,7.870067231805465,8.976667286893989,-10.164178346019776,28.469961012070552
65.31877509696909,-4.445407667524289,7.869370944355403,8.977545137172857,-10.165142047995639,28.534240387326953
65.3256098212126,-4.452739985622838,7.868675081420644,8.978422665702197,-10.166105099006208,28.59849050806577
65.33244456262453,-4.460072344230074,7.867979642852344,8.979299872552115,-10.167067499017572,28.662711385466988
65.33927932143007,-4.467404743242413,7.867284628501655,8.980176757792654,-10.168029247995836,28.726903030710453
65.34611409785438,-4.47473718255626,7.866590038219734,8.981053321493825,-10.168990345907144,28.791065454976156
65.35294889212275,-4.482069662068179,7.865895871857734,8.981929563725588,-10.169950792717664,28.855198669443954
65.35978370446033,-4.489402181674541,7.8652021292668115,8.98280548455785,-10.170910588393598,28.919302685293953
65.36661853509244,-4.49673474127191,7.8645088102981235,8.983681084060477,-10.171869732901166,28.983377513706174
65.37345338424427,-4.504067340756703,7.863815914802822,8.984556362303286,-10.172828226206642,29.047423165860245
65.38028825214104,-4.511399980025369,7.8631234426320615,8.985431319356048,-10.173786068276309,29.111439652936493
65.3871231390081,-4.518732658974468,7.862431393637,8.986305955288485,-10.174743259076491,29.175426986114765
65.39395804507063,-4.526065377500404,7.861739767668791,8.987180270170274,-10.175699798573538,29.239385176574938
65.400792970554,-4.533398135499749,7.8610485645785895,8.988054264071048,-10.176655686733826,29.303314235497
65.40762791568339,-4.540730932868916,7.860357784217551,8.988927937060383,-10.177610923523778,29.36721417406098
65.4144628806842,-4.548063769504482,7.859667426436831,8.989801289207826,-10.178565508909822,29.43108500344674
65.42129786578171,-4.555396645302909,7.85897749108758,8.990674320582858,-10.179519442858442,29.494926734834312
65.42813287120117,-4.562729560160657,7.858287978020959,8.991547031254926,-10.18047272533613,29.55873937940355
65.434967897168,-4.570062513974314,7.8575988870881215,8.99241942129342,-10.181425356309424,29.622522948334616
65.44180294390746,-4.5773955066403165,7.856910218140221,8.993291490767698,-10.182377335744885,29.686277452807307
65.44863801164496,-4.584728538055255,7.856221971028414,8.994163239747046,-10.183328663609096,29.75000290400171
65.45547310060577,-4.592061608115576,7.855534145603853,8.995034668300734,-10.184279339868695,29.81369931309757
65.46230821101535,-4.599394716717877,7.8548467417176955,8.995905776497967,-10.185229364490317,29.877366691275057
65.46914334309903,-4.60672786375865,7.8541597592210985,8.996776564407902,-10.186178737440654,29.941005049714025
65.47597849708215,-4.61406104913438,7.8534731979652115,8.997647032099657,-10.187127458686415,30.004614399594473
65.48281367319017,-4.621394272741684,7.852787057801193,8.998517179642299,-10.188075528194338,30.06819475209636
65.4896488716484,-4.628727534477006,7.852101338580197,8.99938700710485,-10.189022945931208,30.131746118399537
65.49648409268235,-4.6360608342369956,7.851416040153381,9.00025651455628,-10.189969711863812,30.195268509684183
65.50331933651735,-4.643394171918093,7.850731162371896,9.00112570206552,-10.190915825958992,30.258761937130064
65.51015460337891,-4.650727547416932,7.850046705086902,9.001994569701449,-10.191861288183599,30.32222641191726
65.51698989349244,-4.658060960630035,7.849362668149548,9.002863117532895,-10.192806098504533,30.385661945225717
65.52382520708332,-4.665394411453906,7.848679051410995,9.00373134562866,-10.193750256888714,30.449068548235196
65.5306605443771,-4.672727899785191,7.847995854722392,9.00459925405747,-10.194693763303093,30.512446232125964
65.53749590559919,-4.680061425520365,7.847313077934898,9.00546684288803,-10.195636617714655,30.57579500807788
65.54433129097508,-4.687394988556074,7.846630720899668,9.006334112188974,-10.196578820090405,30.63911488727071
65.55116670073023,-4.694728588788816,7.845948783467858,9.007201062028905,-10.197520370397383,30.702405880884708
65.5580021350902,-4.70206222611525,7.8452672654906195,9.008067692476379,-10.198461268602664,30.76566800009958
65.56483759428046,-4.709395900431895,7.844586166819109,9.008934003599904,-10.199401514673346,30.82890125609538
65.57167307852647,-4.7167296116353015,7.843905487304482,9.009799995467937,-10.200341108576563,30.892105660052216
65.57850858805385,-4.72406335962213,7.843225226797895,9.010665668148889,-10.201280050279474,30.95528122314981
65.58534412308802,-4.731397144288885,7.8425453851504985,9.011531021711127,-10.202218339749269,31.018427956568242
65.59217968385462,-4.738730965532243,7.841865962213452,9.012396056222972,-10.203155976953164,31.081545871487506
65.59901527057917,-4.7460648232487594,7.841186957837909,9.013260771752691,-10.204092961858414,31.14463497908749
65.6058508834872,-4.753398717334984,7.840508371875025,9.014125168368517,-10.205029294432297,31.20769529054813
65.61268652280432,-4.760732647687599,7.839830204175955,9.014989246138619,-10.205964974642118,31.270726817049464
65.61952218875606,-4.768066614203133,7.8391524545918525,9.015853005131142,-10.206900002455225,31.333729569771485
65.62635788156811,-4.775400616778271,7.838475122973874,9.016716445414158,-10.207834377838973,31.39670355989405
65.63319360146593,-4.7827346553095476,7.8377982091731715,9.017579567055721,-10.208768100760775,31.45964879859708
65.64002934867527,-4.790068729693651,7.837121713040906,9.018442370123807,-10.20970117118805,31.522565297060655
65.64686512342163,-4.797402839827113,7.8364456344282285,9.019304854686371,-10.210633589088252,31.585453066464726
65.65370092593074,-4.804736985606655,7.835769973186294,9.020167020811305,-10.211565354428878,31.64831211798921
65.6605367564282,-4.812071166928849,7.83509472916626,9.021028868566468,-10.212496467177438,31.711142462814163
65.66737261513958,-4.819405383690277,7.834419902219277,9.021890398019663,-10.213426927301485,31.773944112119253
65.67420850229067,-4.826739635787659,7.8337454921965035,9.022751609238647,-10.214356734768584,31.836717077084764
65.68104441810704,-4.834073923117543,7.833071498949096,9.023612502291124,-10.21528588954635,31.89946136889057
65.68788036281444,-4.841408245576653,7.832397922328207,9.024473077244775,-10.216214391602417,31.962176998716515
65.6947163366385,-4.848742603061585,7.83172476218499,9.02533333416721,-10.217142240904451,32.0248639777426
65.70155233980492,-4.856076995468944,7.8310520183706025,9.026193273125994,-10.218069437420143,32.08752231714899
65.70838837253946,-4.8634114226954575,7.8303796907362,9.02705289418866,-10.218995981117216,32.150152028115386
65.71522443506777,-4.870745884637695,7.829707779132934,9.027912197422689,-10.21992187196343,32.21275312182179
65.72206052761564,-4.878080381192392,7.829036283411964,9.028771182895504,-10.22084710992656,32.27532560944837
65.72889665040873,-4.885414912256122,7.828365203424443,9.029629850674496,-10.221771694974422,32.337869502174684
65.7357328036729,-4.892749477725627,7.827694539021527,9.030488200826998,-10.222695627074856,32.40038481118108
65.74256898763383,-4.90008407749753,7.827024290054368,9.031346233420306,-10.223618906195743,32.46287154764736
65.74940520251727,-4.90741871146846,7.8263544563741245,9.032203948521666,-10.224541532304974,32.525329722753575
65.75624144854905,-4.914753379535167,7.825685037831951,9.03306134619827,-10.225463505370481,32.58775934767957
65.7630777259549,-4.922088081594231,7.825016034279,9.033918426517275,-10.226384825360226,32.65016043360524
65.7699140349607,-4.929422817542429,7.82434744556643,9.034775189545783,-10.227305492242197,32.712532991710795
65.77675037579218,-4.936757587276341,7.823679271545392,9.035631635350857,-10.228225505984419,32.77487703317602
