galstreams/tracks/track.st.AAU-ATLAS.ibata2021.ecsv
# %ECSV 0.9
# ---
# datatype:
# - {name: ra, unit: deg, datatype: float64}
# - {name: dec, unit: deg, datatype: float64}
# - {name: distance, unit: kpc, datatype: float64}
# - {name: pm_ra_cosdec, unit: mas / yr, datatype: float64}
# - {name: pm_dec, unit: mas / yr, datatype: float64}
# - {name: radial_velocity, unit: km / s, datatype: float64}
# delimiter: ','
# meta: !!omap
# - __serialized_columns__:
#     dec:
#       __class__: astropy.coordinates.angles.Latitude
#       unit: &id001 !astropy.units.Unit {unit: deg}
#       value: !astropy.table.SerializedColumn {name: dec}
#     distance:
#       __class__: astropy.coordinates.distances.Distance
#       unit: !astropy.units.Unit {unit: kpc}
#       value: !astropy.table.SerializedColumn {name: distance}
#     pm_dec:
#       __class__: astropy.units.quantity.Quantity
#       unit: !astropy.units.Unit {unit: mas / yr}
#       value: !astropy.table.SerializedColumn {name: pm_dec}
#     pm_ra_cosdec:
#       __class__: astropy.units.quantity.Quantity
#       unit: !astropy.units.Unit {unit: mas / yr}
#       value: !astropy.table.SerializedColumn {name: pm_ra_cosdec}
#     ra:
#       __class__: astropy.coordinates.angles.Longitude
#       unit: *id001
#       value: !astropy.table.SerializedColumn {name: ra}
#       wrap_angle: !astropy.coordinates.Angle
#         unit: *id001
#         value: 360.0
#     radial_velocity:
#       __class__: astropy.units.quantity.Quantity
#       unit: !astropy.units.Unit {unit: km / s}
#       value: !astropy.table.SerializedColumn {name: radial_velocity}
# schema: astropy-2.0
ra,dec,distance,pm_ra_cosdec,pm_dec,radial_velocity
[from data line 1242]
29.086475085693223,-32.23153581545973,25.13747519084215,0.010917482962422925,-0.7052939526861327,-4.210383564936169e-15
29.096432883330394,-32.23691522140894,25.13654593914505,0.011240069027324912,-0.7053464098275397,-4.210383564936169e-15
29.10639271030166,-32.24229277282305,25.135597952975846,0.011563148657894401,-0.705399217366711,0.0
29.1163545692658,-32.247668465902606,25.13463119169313,0.011886722625338464,-0.7054523748568149,0.0
29.126318462880278,-32.25304229684719,25.133645614655478,0.01221079170080927,-0.705505881850629,8.420767129872338e-15
29.136284393801315,-32.25841426185544,25.132641181221473,0.012535356655404922,-0.7055597379005376,0.0
29.146252364683832,-32.263784357125054,25.1316178507497,0.012860418260168871,-0.7056139425585342,-1.6841534259744676e-14
29.15622237818147,-32.26915257885277,25.13057558259872,0.013185977286090445,-0.7056684953762186,0.0
29.166194436946586,-32.27451892323434,25.129514336127137,0.013512034504104098,-0.7057233959047977,0.0
29.17616854363021,-32.2798833864646,25.128434070693523,0.01383859068508897,-0.7057786436950857,1.6841534259744676e-14
29.186144700882128,-32.285245964737385,25.12733474565647,0.0141656465998696,-0.7058342382975016,0.0
29.19612291135082,-32.29060665424563,25.12621632037454,0.014493203019215748,-0.7058901792620718,0.0
29.20610317768341,-32.295965451181274,25.12507875420633,0.0148212607138406,-0.705946466138427,8.420767129872338e-15
29.216085502525825,-32.301322351735294,25.12392200651041,0.015149820454403827,-0.7060030984758041,8.420767129872338e-15
29.226069888522577,-32.306677352097736,25.122746036645374,0.01547888301150785,-0.706060075823044,0.0
29.236056338316946,-32.31203044845767,25.1215508039698,0.01580844915570012,-0.7061173977285917,0.0
29.24604485455089,-32.317381637003216,25.120336267842262,0.01613851965747251,-0.7061750637404978,0.0
29.256035439865034,-32.32273091392153,25.119102387621346,0.016469095287260344,-0.7062330734064152,8.420767129872338e-15
29.266028096898708,-32.3280782753988,25.117849122665625,0.016800176815443407,-0.7062914262736005,8.420767129872338e-15
29.27602282828991,-32.33342371762028,25.116576432333698,0.017131765012344535,-0.7063501218889129,0.0
29.28601963667533,-32.33876723677021,25.115284275984138,0.017463860648230856,-0.7064091597988147,-1.6841534259744676e-14
29.29601852469035,-32.34410882903196,25.113972612975527,0.017796464493312264,-0.7064685395493705,0.0
29.306019494968993,-32.34944849058786,25.112641402666434,0.018129577317742812,-0.7065282606862463,0.0
29.316022550143995,-32.35478621761929,25.111290604415462,0.018463199891619042,-0.7065883227547096,-8.420767129872338e-15
29.32602769284672,-32.36012200630671,25.10992017758118,0.01879733298498057,-0.7066487252996294,-8.420767129872338e-15
29.33603492570723,-32.36545585282958,25.108530081522165,0.01913197736781036,-0.7067094678654755,0.0
29.34604425135425,-32.37078775336639,25.10712027559701,0.01946713381003362,-0.7067705499963175,-1.6841534259744676e-14
29.35605567241516,-32.376117704094725,25.10569071916428,0.019802803081518383,-0.7068319712358258,8.420767129872338e-15
29.366069191515994,-32.38144570119114,25.104241371582578,0.020138985952075056,-0.7068937311272694,-8.420767129872338e-15
29.376084811281473,-32.386771740831264,25.10277219221047,0.0204756831914564,-0.7069558292135175,8.420767129872338e-15
29.386102534334935,-32.39209581918973,25.101283140406544,0.02081289556935728,-0.7070182650370377,0.0
29.39612236329839,-32.39741793244027,25.09977417552938,0.021150623855414608,-0.7070810381398966,0.0
29.40614430079249,-32.40273807675556,25.098245256937556,0.021488868819207002,-0.7071441480637588,0.0
29.416168349436553,-32.40805624830741,25.096696343989656,0.021827631230255135,-0.7072075943498866,-8.420767129872338e-15
29.426194511848525,-32.41337244326659,25.095127396044262,0.022166911858020694,-0.7072713765391394,8.420767129872338e-15
29.436222790644997,-32.41868665780294,25.093538372459953,0.022506711471907442,-0.7073354941719747,1.6841534259744676e-14
29.44625318844119,-32.4239988880853,25.09192923259532,0.02284703084125969,-0.7073999467884453,8.420767129872338e-15
29.456285707850977,-32.42930913028159,25.090299935808922,0.023187870735363214,-0.7074647339282019,-1.6841534259744676e-14
29.46632035148686,-32.434617380558734,25.088650441459365,0.02352923192344472,-0.7075298551304894,-8.420767129872338e-15
29.476357121959968,-32.43992363508271,25.086980708905216,0.023871115174671775,-0.70759530993415,0.0
29.486396021880076,-32.44522789001849,25.085290697505055,0.02421352125815282,-0.70766109787762,1.6841534259744676e-14
29.496437053855548,-32.450530141530095,25.08358036661749,0.02455645094293632,-0.7077272184989306,-8.420767129872338e-15
29.506480220493433,-32.45583038578062,25.081849675601063,0.02489990499801109,-0.7077936713357085,-8.420767129872338e-15
29.5165255243993,-32.46112861893212,25.080098583814376,0.025243884192306137,-0.7078604559251729,0.0
29.526572968177458,-32.46642483714573,25.078327050616007,0.02558838929469115,-0.7079275718041383,-8.420767129872338e-15
29.536622554430746,-32.47171903658161,25.076535035364547,0.025933421073975116,-0.7079950185090116,-8.420767129872338e-15
29.54667428576064,-32.47701121339892,25.074722497418563,0.026278980298906712,-0.7080627955757929,0.0
29.556728164767243,-32.48230136375588,25.07288939613664,0.026625067738174465,-0.7081309025400748,-8.420767129872338e-15
29.56678419404922,-32.487589483809735,25.071035690877366,0.026971684160405712,-0.7081993389370425,8.420767129872338e-15
29.576842376203906,-32.492875569716745,25.06916134099932,0.027318830334168265,-0.7082681043014727,-8.420767129872338e-15
29.58690271382718,-32.49815961763222,25.067266305861075,0.02766650702796772,-0.708337198167734,0.0
29.596965209513556,-32.50344162371048,25.065350544821218,0.02801471501024944,-0.708406620069786,1.6841534259744676e-14
29.60702986585612,-32.50872158410486,25.063414017238337,0.028363455049397166,-0.7084763695411785,0.0
29.61709668544657,-32.51399949496776,25.061456682471,0.028712727913733388,-0.7085464461150525,0.0
29.627165670875183,-32.5192753524506,25.059478499877805,0.029062534371519035,-0.7086168493241382,0.0
29.63723682473083,-32.524549152703784,25.05747942881732,0.02941287519095342,-0.708687578700756,-8.420767129872338e-15
29.647310149600983,-32.529820891876795,25.055459428648128,0.029763751140174072,-0.7087586337768156,8.420767129872338e-15
29.65738564807167,-32.53509056611811,25.053418458728817,0.030115162987256083,-0.7088300140838149,0.0
29.667463322727507,-32.54035817157524,25.051356478417965,0.030467111500212942,-0.7089017191528413,0.0
29.677543176151698,-32.54562370439473,25.049273447074142,0.030819597446995278,-0.7089737485145696,8.420767129872338e-15
29.687625210926026,-32.550887160722134,25.047169324055954,0.031172621595491723,-0.7090461016992625,-8.420767129872338e-15
29.697709429630805,-32.55614853670204,25.045044068721964,0.03152618471352764,-0.7091187782367699,0.0
29.707795834844976,-32.56140782847807,25.04289764043076,0.03188028756886596,-0.7091917776565293,0.0
29.71788442914602,-32.56666503219284,25.040729998540915,0.032234930929206734,-0.7092650994875641,0.0
29.727975215109968,-32.57192014398801,25.038541102411017,0.03259011556218655,-0.7093387432584844,0.0
29.738068195311435,-32.57717316000427,25.036330911399656,0.032945842235378525,-0.7094127084974864,0.0
29.74816337232357,-32.58242407638133,25.034099384865392,0.03330211171629299,-0.709486994732351,-8.420767129872338e-15
29.758260748718115,-32.587672889257895,25.031846482166827,0.03365892477237589,-0.7095616014904448,-8.420767129872338e-15
29.768360327065345,-32.59291959477173,25.02957216266253,0.03401628217100977,-0.7096365282987189,0.0
29.77846210993405,-32.598164189059595,25.02727638571109,0.03437418467951264,-0.709711774683709,8.420767129872338e-15
29.788566099891625,-32.603406668257264,25.024959110671084,0.03473263306513924,-0.7097873401715346,8.420767129872338e-15
29.79867229950398,-32.60864702849956,25.022620296901096,0.03509162809507929,-0.7098632242878988,-8.420767129872338e-15
29.80878071133558,-32.61388526592033,25.020259903759698,0.0354511705364583,-0.7099394265580881,-8.420767129872338e-15
29.8188913379494,-32.619121376652416,25.017877890605487,0.035811261156336704,-0.7100159465069718,0.0
29.829004181906978,-32.624355356827664,25.01547421679703,0.036171900721710726,-0.710092783659001,8.420767129872338e-15
29.839119245768398,-32.62958720257699,25.013048841692918,0.03653308999951119,-0.7101699375382102,-8.420767129872338e-15
29.849236532092227,-32.63481691003029,25.010601724651732,0.036894829756603714,-0.7102474076682146,0.0
29.859356043435607,-32.640044475316486,25.00813282503205,0.03725712075978885,-0.710325193572211,-1.6841534259744676e-14
29.86947778235417,-32.64526989456354,25.00564210219245,0.037619963775801346,-0.710403294772977,-8.420767129872338e-15
29.8796017514021,-32.650493163898396,25.00312951549152,0.037983359571310354,-0.7104817107928716,-8.420767129872338e-15
29.88972795313208,-32.65571427944705,25.000595024287836,0.038347308912919126,-0.7105604411538328,-8.420767129872338e-15
29.89985639009533,-32.66093323733448,24.99803858793998,0.03871181256716519,-0.7106394853773791,0.0
29.909987064841545,-32.666150033684715,24.99546016580655,0.03907687130051926,-0.7107188429846081,8.420767129872338e-15
29.92011997991897,-32.67136466462077,24.992859717246102,0.03944248587938615,-0.7107985134961967,-8.420767129872338e-15
29.930255137874347,-32.676577126264704,24.990237201617227,0.03980865707010395,-0.7108784964324009,0.0
29.940392541252915,-32.68178741473757,24.9875925782785,0.040175385638943795,-0.7109587913130541,-8.420767129872338e-15
29.950532192598406,-32.68699552615944,24.984925806588528,0.040542672352110176,-0.7110393976575676,-8.420767129872338e-15
29.96067409445309,-32.69220145664943,24.982236845905867,0.040910517975740635,-0.7111203149849312,1.6841534259744676e-14
29.97081824935769,-32.6974052023256,24.979525655589097,0.041278923275905044,-0.7112015428137116,-8.420767129872338e-15
29.98096465985145,-32.7026067593051,24.976792194996825,0.04164788901860608,-0.7112830806620511,0.0
29.9911133284721,-32.70780612370406,24.9740364234876,0.04201741596977851,-0.7113649280476698,-8.420767129872338e-15
30.00126425775585,-32.71300329163763,24.97125830042002,0.042387504895289696,-0.7114470844878635,8.420767129872338e-15
30.01141745023739,-32.718198259219946,24.968457785152673,0.042758156560938815,-0.7115295494995026,-8.420767129872338e-15
30.021572908449922,-32.72339102256419,24.96563483704413,0.043129371732456845,-0.7116123225990338,-8.420767129872338e-15
30.031730634925097,-32.72858157778256,24.962789415452974,0.043501151175506264,-0.7116954033024785,-8.420767129872338e-15
30.04189063219306,-32.733769920986255,24.959921479737783,0.04387349565568152,-0.7117787911254325,8.420767129872338e-15
30.052052902782403,-32.73895604828546,24.957030989257152,0.044246405938507455,-0.7118624855830651,0.0
30.062217449220235,-32.744139955789386,24.95411790336965,0.04461988278944126,-0.7119464861901204,0.0
30.0723842740321,-32.74932163960628,24.95118218143385,0.04499392697387028,-0.7120307924609149,-1.6841534259744676e-14
30.082553379742002,-32.75450109584339,24.94822378280836,0.04536853925711207,-0.7121154039093385,0.0
30.092724768872422,-32.75967832060695,24.94524266685174,0.04574372040441607,-0.7122003200488534,8.420767129872338e-15
30.10289844394431,-32.764853310002216,24.942238792922577,0.04611947118096116,-0.7122855403924941,0.0
30.113074407477043,-32.77002606013345,24.93921212037946,0.04649579235185636,-0.7123710644528669,-8.420767129872338e-15
30.123252661988474,-32.77519656710396,24.936162608580954,0.04687268468214115,-0.7124568917421497,8.420767129872338e-15
30.13343320999491,-32.780364827016,24.93309021688566,0.04725014893678453,-0.7125430217720906,0.0
30.143616054011087,-32.78553083597088,24.929994904652137,0.04762818588068557,-0.7126294540540097,0.0
30.153801196550187,-32.79069459006888,24.92687663123899,0.04800679627867188,-0.7127161880987958,-1.6841534259744676e-14
30.16398864012386,-32.79585608540935,24.923735356004777,0.048385980895501335,-0.7128032234169089,0.0
30.174178387242158,-32.801015318090556,24.920571038308097,0.04876574049586008,-0.7128905595183778,-8.420767129872338e-15
30.184370440413595,-32.80617228420986,24.91738363750753,0.04914607584436384,-0.7129781959128001,-1.6841534259744676e-14
30.194564802145113,-32.811326979863566,24.914173112961645,0.04952698770555611,-0.7130661321093433,8.420767129872338e-15
30.204761474942067,-32.81647940114702,24.91093942402904,0.04990847684390984,-0.7131543676167417,1.6841534259744676e-14
30.214960461308266,-32.82162954415456,24.907682530068286,0.05029054402382563,-0.7132429019432982,0.0
30.225161763745923,-32.82677740497953,24.904402390437962,0.05067319000963255,-0.7133317345968839,0.0
30.235365384755685,-32.83192297971429,24.901098964496647,0.0510564155655871,-0.7134208650849363,8.420767129872338e-15
30.24557132683661,-32.83706626445017,24.897772211602938,0.05144022145587446,-0.7135102929144593,-1.6841534259744676e-14
30.25577959248617,-32.842207255277565,24.89442209111541,0.051824608444606374,-0.7136000175920244,0.0
30.265990184200245,-32.84734594828581,24.891048562392637,0.052209577295822124,-0.7136900386237679,0.0
30.276203104473133,-32.85248233956329,24.887651584793208,0.05259512877348855,-0.7137803555153927,0.0
30.28641835579754,-32.85761642519735,24.8842311176757,0.05298126364149908,-0.713870967772166,0.0
30.296635940664576,-32.86274820127439,24.880787120398693,0.05336798266367404,-0.7139618748989206,-8.420767129872338e-15
30.306855861563733,-32.86787766387977,24.877319552320774,0.053755286603760284,-0.7140530764000534,-8.420767129872338e-15
30.31707812098292,-32.87300480909788,24.873828372800517,0.05414317622543116,-0.7141445717795258,8.420767129872338e-15
30.327302721408433,-32.87812963301207,24.870313541196516,0.05453165229228582,-0.7142363605408617,0.0
30.33752966532497,-32.883252131704744,24.86677501686734,0.054920715567849665,-0.7143284421871499,0.0
30.347758955215586,-32.88837230125728,24.863212759171574,0.05531036681557403,-0.7144208162210406,-2.5262301389617013e-14
30.357990593561755,-32.89349013775006,24.859626727467802,0.055700606798835095,-0.7145134821447476,0.0
30.368224582843332,-32.89860563726245,24.8560168811146,0.05609143628093566,-0.7146064394600464,8.420767129872338e-15
30.378460925538505,-32.90371879587284,24.85238317947056,0.05648285602510223,-0.7146996876682741,0.0
30.388699624123916,-32.90882960965862,24.84872558189425,0.05687486679448758,-0.7147932262703296,-8.420767129872338e-15
30.398940681074514,-32.91393807469617,24.84504404774426,0.05726746935216834,-0.714887054766672,0.0
30.409184098863633,-32.91904418706085,24.84133853637917,0.057660664461146066,-0.7149811726573222,0.0
30.419429879963005,-32.924147942827055,24.837609007157557,0.058054452884346935,-0.7150755794418596,-8.420767129872338e-15
30.429678026842694,-32.929249338068146,24.833855419438006,0.05844883538462073,-0.7151702746194251,0.0
30.439928541971135,-32.93434836885651,24.830077732579102,0.05884381272474154,-0.7152652576887175,8.420767129872338e-15
30.450181427815117,-32.93944503126351,24.826275905939422,0.059239385667407114,-0.7153605281479962,0.0
30.46043668683979,-32.94453932135952,24.822449898877544,0.05963555497523923,-0.7154560854950778,1.6841534259744676e-14
30.470694321508663,-32.94963123521389,24.818599670752057,0.060032321410782095,-0.7155519292273376,8.420767129872338e-15
30.480954334283567,-32.95472076889499,24.814725180921535,0.060429685736503626,-0.7156480588417089,0.0
30.491216727624703,-32.959807918470176,24.810826388744566,0.06082764871479465,-0.7157444738346826,-8.420767129872338e-15
30.50148150399062,-32.9648926800058,24.80690325357972,0.0612262111079688,-0.7158411737023065,-8.420767129872338e-15
30.51174866583817,-32.96997504956721,24.802955734785602,0.06162537367826177,-0.7159381579401842,8.420767129872338e-15
30.5220182156226,-32.97505502321875,24.798983791720758,0.062025137187832355,-0.7160354260434777,8.420767129872338e-15
