galstreams/tracks/track.st.Orphan.koposov2019.ecsv
# %ECSV 0.9
# ---
# datatype:
# - {name: ra, unit: deg, datatype: float64}
# - {name: dec, unit: deg, datatype: float64}
# - {name: distance, unit: kpc, datatype: float64}
# - {name: pm_ra_cosdec, unit: mas / yr, datatype: float64}
# - {name: pm_dec, unit: mas / yr, datatype: float64}
# - {name: radial_velocity, unit: km / s, datatype: float64}
# delimiter: ','
# meta: !!omap
# - __serialized_columns__:
#     dec:
#       __class__: astropy.coordinates.angles.Latitude
#       unit: &id001 !astropy.units.Unit {unit: deg}
#       value: !astropy.table.SerializedColumn {name: dec}
#     distance:
#       __class__: astropy.coordinates.distances.Distance
#       unit: !astropy.units.Unit {unit: kpc}
#       value: !astropy.table.SerializedColumn {name: distance}
#     pm_dec:
#       __class__: astropy.units.quantity.Quantity
#       unit: !astropy.units.Unit {unit: mas / yr}
#       value: !astropy.table.SerializedColumn {name: pm_dec}
#     pm_ra_cosdec:
#       __class__: astropy.units.quantity.Quantity
#       unit: !astropy.units.Unit {unit: mas / yr}
#       value: !astropy.table.SerializedColumn {name: pm_ra_cosdec}
#     ra:
#       __class__: astropy.coordinates.angles.Longitude
#       unit: *id001
#       value: !astropy.table.SerializedColumn {name: ra}
#       wrap_angle: !astropy.coordinates.Angle
#         unit: *id001
#         value: 360.0
#     radial_velocity:
#       __class__: astropy.units.quantity.Quantity
#       unit: !astropy.units.Unit {unit: km / s}
#       value: !astropy.table.SerializedColumn {name: radial_velocity}
# schema: astropy-2.0
ra,dec,distance,pm_ra_cosdec,pm_dec,radial_velocity
341.01566483739145,-13.651559707819343,100.00000000693495,-0.383655500757255,0.6818674253783332,-8.603567837373088e-07
340.73590371478247,-14.774087670422757,98.36528485497038,-0.34057742968430327,0.6036444613976408,-7.527056883282537e-07
340.45359606834813,-15.896352362346972,96.72501114486553,-0.29830894954444015,0.5257679795041632,-6.488122086770959e-07
340.1683166823317,-17.018285417559415,95.07276289111131,-0.2569452243153407,0.4481929052306216,-5.488906869903589e-07
339.87973823941655,-18.139843358948344,93.40381136335044,-0.21645737896410522,0.3708231048205994,-4.5274521412076644e-07
339.58739457436695,-19.26095153661542,91.71096594748236,-0.17694294972616179,0.2935907127705657,-3.606373643576737e-07
339.290940573229,-20.381565740359942,89.99021734255442,-0.13838130323688752,0.21639683642859345,-2.724401104289265e-07
338.9898642282416,-21.50160443134447,88.23371070424874,-0.100874672717962,0.13914639469556145,-1.8845902934251729e-07
338.68379359982447,-22.621021048477836,86.43804576264296,-0.0644126991982789,0.061733738076359686,-1.0861913627234631e-07
338.37216493154494,-23.739726371343302,84.59481384157623,-0.02910547770502636,-0.01596983445405703,-3.326326459482718e-08
338.054569234431,-24.857669668519822,82.70111330378283,0.0050441355398351245,-0.094082843952873,3.764572574661537e-08
337.7303838363461,-25.97475300891043,80.74809203963255,0.03791368540577009,-0.17277721742037863,1.0373793966150203e-07
337.39915096414677,-27.090919406331214,78.73323664614222,0.06948267289907513,-0.2521939673686629,1.6502641328679678e-07
337.06018029374053,-28.20606089218003,76.6473619785865,0.09960960403284035,-0.3325631651302695,2.2112761015241885e-07
336.7129516335805,-29.3201117972259,74.48823246989082,0.12824939025588758,-0.4140639587286751,2.720439385977674e-07
336.35669631628315,-30.432952413167172,72.24644033860903,0.15523111270229267,-0.4970086191688222,3.1739506625465465e-07
335.9908157175623,-31.544505516119248,69.91991745520082,0.18047368578942946,-0.5816408988910514,3.57186340310208e-07
335.6144496954921,-32.654637481111976,67.4991437998735,0.20375976296342713,-0.6683957816870709,3.910603413036001e-07
335.2269022006875,-33.763256087806646,64.98210828224656,0.22495251938720348,-0.7576285955367491,4.190398053060815e-07
334.82720543487676,-34.870211014416476,62.35928904255518,0.24375864716120396,-0.8499689415494072,4.4081380391214894e-07
334.4145432069997,-35.97539086880118,59.6286216312051,0.2599492191492728,-0.9459720492210417,4.564383015401474e-07
333.9878200606098,-37.07862508183435,56.78314034419213,0.27310970433433845,-1.0465640559775335,4.6569334775264473e-07
333.54607328443564,-38.1797781953139,53.8759915914482,0.28309855251752575,-1.1518120708466388,4.6917309503679036e-07
333.088148067286,-39.27867608438906,51.0218197779645,0.2899879815969532,-1.2608240458100548,4.679699526708085e-07
332.6132326320335,-40.375228403217875,48.339398100205834,0.29419366481159115,-1.3717199259576023,4.637010279327854e-07
332.1203117987743,-41.46930462954452,45.953641059245925,0.29637196783440817,-1.4817659729668056,4.5806396431763777e-07
331.60843362489925,-42.56079566123906,43.978604498402554,0.2976060070520659,-1.5871301708858838,4.529313046535695e-07
331.0764276826548,-43.64955031039225,42.50029838135333,0.29905307436895123,-1.6839080289750346,4.4982690464347075e-07
330.5231241879578,-44.73542633293421,41.44492051109582,0.3008238235262323,-1.7718406411189527,4.486192655878415e-07
329.9471553560946,-45.818245956967715,40.71364799769932,0.3025343275736377,-1.8521429574638166,4.4865166869975726e-07
329.347093422439,-46.89782869800146,40.19755700807747,0.30348359070681064,-1.9269567961403895,4.490394281845536e-07
328.7213204290831,-47.97396266907594,39.79419304848989,0.3027868830057481,-1.9987296065850106,4.488106191001007e-07
328.06809894560416,-49.046422299943295,39.39755296394974,0.2993602158198504,-2.0702700522113435,4.469024059023346e-07
327.38549418805997,-50.11495187747719,38.92974134919053,0.2922223975841207,-2.143770196926309,4.425240448746917e-07
326.6713924144471,-51.17927154320489,38.384587821368385,0.28100975142764706,-2.2194993667444702,4.35715989382464e-07
325.9234574831713,-52.23906908837615,37.771235852302276,0.265479039014911,-2.2972984321116794,4.2671253885027304e-07
325.1391133345797,-53.29399795741827,37.098745533516016,0.24535564498314455,-2.3770013791644735,4.1576180276083335e-07
324.31551492383153,-54.34367274332351,36.37650718452762,0.2203511055712054,-2.458405994389591,4.031333803945749e-07
323.4495129713659,-55.387663391581,35.613421773072595,0.19013181627546694,-2.5412998389355965,3.8908919129230533e-07
322.53761665218536,-56.42548907098021,34.81895101854523,0.15436396206970893,-2.62540087027274,3.7391099432219005e-07
321.57594846947774,-57.45661029015485,34.00201221271574,0.11265814724391632,-2.710404409085446,3.578567007398829e-07
320.5600205003339,-58.480376751748516,33.17196302703125,0.06463113141064136,-2.795906092499951,3.411662013593796e-07
319.4847125796263,-59.496023121982745,32.337912525120075,0.009833166460357923,-2.8814527179180516,3.240313549389672e-07
318.3443081152475,-60.50267911651804,31.508938882659137,-0.052163155454653554,-2.9664669339842566,3.066403150993956e-07
317.1324755889822,-61.49936627021807,30.694518382958012,-0.12183661935695644,-3.050275478395841,2.8916062142348064e-07
315.84215325326727,-62.4849691548623,29.903274258100577,-0.1996083021170021,-3.13202855467724,2.7174381403649165e-07
314.4655253952459,-63.45822792273891,29.14522545890088,-0.28588203709102,-3.210658168210536,2.5452843139924915e-07
312.99389378099903,-64.41770083862446,28.428364826026634,-0.38102057489428875,-3.2849979764750765,2.3762124883896e-07
311.41766652857126,-65.36175302253567,27.76342938443466,-0.48532661456634396,-3.353626438099343,2.2112638072041787e-07
309.7262346310918,-66.28850879981267,27.15644461870398,-0.59912237692276,-3.415169767730665,2.0509061282579644e-07
307.90800104063385,-67.19583573537514,26.609322808502874,-0.7228603342018984,-3.468290303556956,1.8950966740539364e-07
305.95030487508626,-68.0812861852682,26.115618337762587,-0.8572246385116533,-3.511931342106555,1.743136015674288e-07
303.8395509294473,-68.94207744428266,25.673145156193844,-1.002768433119561,-3.544633326267416,1.5946186089740443e-07
301.56126839150585,-69.77502485826658,25.275496258442097,-1.1601459018409621,-3.5650206927395414,1.4488733188129548e-07
299.1004560026909,-70.5765237008211,24.920337567286886,-1.3297430695237158,-3.5712267100611976,1.305497800937554e-07
296.441928728179,-71.34248354237907,24.601451491025703,-1.5119547298452638,-3.5614420275934915,1.163905296294232e-07
293.571063061777,-72.06832801713145,24.316273152065374,-1.7066898245675115,-3.5333333515903274,1.0237345539731178e-07
290.47464548382965,-72.74895461739193,24.05885714579704,-1.9136744255380425,-3.484651825026215,8.845247895968647e-08
287.14222175666447,-73.37878666602457,23.826325020813183,-2.131840523621774,-3.412730174827146,7.459896970830569e-08
283.5675982681715,-73.95180351594726,23.61308633304018,-2.359664525228404,-3.3151753319722173,6.078268024763895e-08
279.7507864962357,-74.46169833535617,23.415866283814562,-2.5945075130437414,-3.189539791484338,4.698614590665889e-08
275.6998843795233,-74.9020349608614,23.22951216303949,-2.8330727179205417,-3.0341137498671653,3.319639870398551e-08
271.4329273878516,-75.26655665824272,23.050270051354023,-3.0708608852598585,-2.8477990765287977,1.941044084652057e-08
266.9789943641036,-75.54948574018208,22.873507746079568,-3.302932779830936,-2.6309050540937475,5.632794286212815e-09
262.3783835849799,-75.74594539615543,22.69490943371619,-3.5237524706900683,-2.3850600827079886,-8.11985101648635e-09
257.681260689948,-75.8522983216766,22.510448386325052,-3.728145816874801,-2.1136338139281454,-2.1824489525778114e-08
252.94487408911291,-75.86658112274898,22.316557482911907,-3.9112316711643924,-1.8213453073090784,-3.542137589887603e-08
248.22935956933935,-75.78862992179441,22.114246974059316,-4.069289603079847,-1.5141908714165835,-4.8844415534577733e-08
243.59307868000755,-75.62012360234506,21.903846201183345,-4.199839414209861,-1.1987538701915634,-6.200566194097883e-08
239.08839023782798,-75.3642884190664,21.68688789096258,-4.302279060803325,-0.8817382216976414,-7.48549862913552e-08
234.75836422911505,-75.02579942693892,21.46386900655473,-4.377288924118028,-0.5692532418801232,-8.730336213041805e-08
230.6352324877591,-74.61019124390349,21.236148549656136,-4.4269942515844765,-0.2664735535516156,-9.931730427767543e-08
226.739867464145,-74.12373118811162,21.004387931077517,-4.454093878693604,0.022647222421381872,-1.1081075538769876e-07
223.08307724519,-73.5727803743027,20.769790982191303,-4.461914128435536,0.29537812030189,-1.2176454111058434e-07
219.66677283125546,-72.96381194941203,20.533165006802967,-4.453626157171781,0.550105682539417,-1.320983107495279e-07
216.48648315371076,-72.30287138162555,20.295577220619283,-4.4324387172814195,0.7861582526459209,-1.418057900435708e-07
213.532589682807,-71.5957744782671,20.057962265782262,-4.401033681027657,1.0035524167799992,-1.5081534984231448e-07
210.79274182971122,-70.84768238906389,19.821269296991275,-4.36190464780727,1.202837255842402,-1.591316615663243e-07
208.25239329424053,-70.06342264590138,19.586541740066558,-4.316957392275915,1.3848525811052512,-1.6669170419440031e-07
205.89668987532355,-69.24713987900589,19.354629243358424,-4.267907428176598,1.5506677155718966,-1.7350955303880008e-07
203.71029217567906,-68.40267097954406,19.126665461707077,-4.2159665014498495,1.701393313477586,-1.7953155518175558e-07
201.6787981511184,-67.53323602645575,18.90341909177205,-4.162230577372082,1.838204773372985,-1.847795372516675e-07
199.78809821721237,-66.64181991301899,18.686093385169816,-4.107408315484772,1.962197809881473,-1.8920900391502155e-07
198.02549859434095,-65.73088579362611,18.47520537666612,-4.052174031995298,2.074471302772267,-1.9284369331435688e-07
196.37884590831496,-64.80273724785692,18.271337608171617,-3.996931379060535,2.1760227839785036,-1.9564047428043423e-07
194.83747370758485,-63.859249709841734,18.074451045150703,-3.942090458148066,2.267823835736004,-1.9761866405304958e-07
193.39125706440697,-62.902200822405824,17.88503133767013,-3.8878306553596347,2.3506899647090997,-1.9873936710883005e-07
192.03145637403384,-61.93301816988951,17.703057784563928,-3.83433770156041,2.4253567337736177,-1.9902334905951785e-07
190.75024847988138,-60.95293712652934,17.52899548140523,-3.7816674062225655,2.49241396796345,-1.9849846580277865e-07
189.54167068531137,-59.96272351582405,17.362846457852292,-3.7299561520879427,2.5523921925218334,-1.973342947470738e-07
188.4001753246597,-58.96311300670334,17.205050902324334,-3.6792373844622555,2.6057256372685393,-1.9566895331486747e-07
187.3209974646514,-57.95469398697306,17.055637927963968,-3.62959245944561,2.6528542513468505,-1.9366230134935314e-07
186.2997137735742,-56.93803088405646,16.915018463375826,-3.581026423092612,2.694138461634438,-1.9145038476428106e-07
185.3324445318468,-55.91359783200784,16.78325305784732,-3.533582520979729,2.729953350845071,-1.891756155733516e-07
184.41565045314522,-54.88183131761344,16.660719027508033,-3.487251435880414,2.760608914260604,-1.869703177112436e-07
183.5461649565014,-53.84311483171881,16.547512710450576,-3.4420511802216023,2.786431675740761,-1.849630257674274e-07
182.72114023189872,-52.797788999902096,16.443973457669102,-3.3979658815534046,2.807699282584603,-1.8328124699778356e-07
181.93799012089,-51.74616280458234,16.350237748721856,-3.354996619637798,2.824702475783899,-1.820447078693646e-07
181.1944055099965,-50.6885049392141,16.266602616807095,-3.3131249888671075,2.837699704547732,-1.8137525688253974e-07
180.4882795466265,-49.62506076281292,16.193249035609185,-3.2723406353295785,2.846955631620975,-1.813881238147142e-07
179.8177209451344,-48.5560450678947,16.130427367870077,-3.232624363862354,2.8527182543382814,-1.821996668260885e-07
179.1810257114603,-47.48164680554053,16.07836743406071,-3.193958154032359,2.8552332651356958,-1.8392565462316417e-07
178.5766246238083,-46.40204065000596,16.03726857380635,-3.1563224143116564,2.8547431138316055,-1.8667695502597312e-07
178.0031591035452,-45.31736380949546,16.00741380702497,-3.119694126403947,2.8514794438692843,-1.905749449719253e-07
177.45930580835633,-44.22776158898704,15.988944825759052,-3.084052916314143,2.8456807833609243,-1.9572565876072002e-07
176.9440087053077,-43.133322364897055,15.98191048715896,-3.0493720477571893,2.837566034295544,-2.0225737835881385e-07
176.45612938094948,-42.03417069254265,15.985483798398377,-3.015625499264247,2.827357488878544,-2.1025988598534542e-07
175.9948826699575,-40.930347847102155,15.998991060298728,-2.982776388332368,2.8152400875884305,-2.1986395615384169e-07
175.5592660088485,-39.82196480724244,16.021467419308944,-2.9507850560337245,2.801394347863269,-2.3114891249066602e-07
175.14873000071822,-38.709019975619334,16.052257245393957,-2.9195570801623925,2.785829055879428,-2.442562575666688e-07
174.76148753173,-37.59185476625688,16.090385287184443,-2.8889338172734327,2.768465238096846,-2.5910260894573004e-07
174.393959813179,-36.47130337725439,16.135198530974446,-2.8586783710073407,2.7492150226248073,-2.752751300985406e-07
174.04201598309132,-35.348359599947834,16.185726890550693,-2.8285820601406755,2.728023752118792,-2.922254775111375e-07
173.70195123214745,-34.22391310007768,16.24130440556108,-2.7984200634082477,2.7047282640791046,-3.0943919283648826e-07
173.37022665938696,-33.098818711862585,16.30098171792484,-2.7680327275662213,2.679218635282278,-3.2639423903714364e-07
173.04334305163883,-31.9739287006214,16.364064357668074,-2.7372162155780235,2.651244672698057,-3.425414473639618e-07
172.71830714794459,-30.8499640558522,16.429639257818124,-2.7058589894104457,2.620656832265034,-3.573935585477399e-07
172.39169173584136,-29.727765599479998,16.49696787580368,-2.673773167579241,2.587119729422256,-3.7035707692116445e-07
172.06101283363242,-28.60791843637598,16.565188998736122,-2.6408947440383814,2.55045962737673,-3.809929100030155e-07
171.7227957301783,-27.491270939070823,16.633504448471246,-2.607047646104679,2.510255885825512,-3.886578459168447e-07
171.37503931789158,-26.37826675363441,16.7011204291806,-2.5722147560517055,2.466325837877859,-3.929776152467979e-07
171.01429639840046,-25.269728307055168,16.767163564172115,-2.536231388914879,2.4181584576461166,-3.9329231615597554e-07
170.64111187868767,-24.165397605599498,16.830923037655513,-2.4991606107825564,2.3655406891945203,-3.8970729244117217e-07
170.25554303657225,-23.06514523146706,16.891434806973106,-2.460893269588367,2.307815617149809,-3.822375499094134e-07
169.85970075936024,-21.968298038669055,16.94833731722238,-2.4215313998763843,2.2448121015683533,-3.7132748612521097e-07
169.45363010401397,-20.87473788862817,17.00237208645636,-2.3809748931964445,2.1759377161244617,-3.5706333816474196e-07
169.039272833983,-19.783853502490082,17.055163809918753,-2.339450157541756,2.101548637011762,-3.399252076451489e-07
168.6166487036808,-18.69554898393682,17.10820499720128,-2.297060143199381,2.021857724512322,-3.200259581082735e-07
168.18753380537862,-17.609279206286338,17.1629417678859,-2.254119715128526,1.9376921389519417,-2.9781339752931526e-07
167.75196051966049,-16.5249644599385,17.22106671513413,-2.210731222667466,1.8493925309613501,-2.7340598926025714e-07
167.31153872423997,-15.442127547048736,17.283811364790544,-2.1671601572769053,1.75776768826364,218.6080728684926
166.86634751933795,-14.360697358925524,17.353097413921613,-2.1235036838153136,1.6632619226110443,225.07165444027413
166.41782714736723,-13.280264409979736,17.4299127742989,-2.079977348493434,1.566641888471781,226.96036092745246
165.96613487283255,-12.20075733387306,17.516437267229154,-2.03667866507862,1.468460897935516,228.72920851272724
165.51252771958804,-11.12183466290783,17.613405948389556,-1.9937738979036057,1.369418400331221,230.38343274832167
165.05729501517672,-10.043408746733318,17.723226448719707,-1.951367797900891,1.2701772920664622,231.90996787675158
