galstreams/tracks/track.st.C-23.ibata2024.ecsv
# %ECSV 1.0
# ---
# datatype:
# - {name: ra, unit: deg, datatype: float64}
# - {name: dec, unit: deg, datatype: float64}
# - {name: distance, unit: kpc, datatype: float64}
# - {name: pm_ra_cosdec, unit: mas / yr, datatype: float64}
# - {name: pm_dec, unit: mas / yr, datatype: float64}
# - {name: radial_velocity, unit: km / s, datatype: float64}
# delimiter: ','
# meta: !!omap
# - __serialized_columns__:
#     dec:
#       __class__: astropy.coordinates.angles.Latitude
#       unit: &id001 !astropy.units.Unit {unit: deg}
#       value: !astropy.table.SerializedColumn {name: dec}
#     distance:
#       __class__: astropy.coordinates.distances.Distance
#       unit: !astropy.units.Unit {unit: kpc}
#       value: !astropy.table.SerializedColumn {name: distance}
#     pm_dec:
#       __class__: astropy.units.quantity.Quantity
#       unit: !astropy.units.Unit {unit: mas / yr}
#       value: !astropy.table.SerializedColumn {name: pm_dec}
#     pm_ra_cosdec:
#       __class__: astropy.units.quantity.Quantity
#       unit: !astropy.units.Unit {unit: mas / yr}
#       value: !astropy.table.SerializedColumn {name: pm_ra_cosdec}
#     ra:
#       __class__: astropy.coordinates.angles.Longitude
#       unit: *id001
#       value: !astropy.table.SerializedColumn {name: ra}
#       wrap_angle: !astropy.coordinates.Angle
#         unit: *id001
#         value: 360.0
#     radial_velocity:
#       __class__: astropy.units.quantity.Quantity
#       unit: !astropy.units.Unit {unit: km / s}
#       value: !astropy.table.SerializedColumn {name: radial_velocity}
# schema: astropy-2.0
ra,dec,distance,pm_ra_cosdec,pm_dec,radial_velocity
[from data line 1575]
198.22719544720584,39.23359910513377,1.0000000000000004,-5.3505938217434466,0.0629258448406631,-201.0872322134809
198.232169405791,39.224383745888645,1.0000000000000004,-5.349966506263163,0.06289189877018941,-201.0321276720251
198.23714040521432,39.21516760774246,1.0000000000000004,-5.349339628300285,0.06285708220031694,-200.97688350399304
198.24210844237135,39.20595068952923,1.0000000000000002,-5.348713188895257,0.06282139308741819,-200.921499568543
198.24707351415879,39.19673299008337,1.0000000000000004,-5.348087189088734,0.06278482938826002,-200.86597572483345
198.2520356174745,39.1875145082397,1.0000000000000004,-5.347461629921627,0.06274738906000366,-200.81031183202296
198.2569947492173,39.17829524283345,1.0000000000000004,-5.346836512435116,0.06270907006023307,-200.75450774926978
198.26195090628735,39.16907519270027,1.0000000000000002,-5.346211837670603,0.0626698703469124,-200.69856333573227
198.26690408558574,39.1598543566762,1.0000000000000004,-5.345587606669769,0.06262978787840368,-200.64247845056906
198.27185428401472,39.150632733597696,1.0000000000000004,-5.3449638204745025,0.06258882061351656,-200.58625295293842
198.2768014984777,39.14141032230161,1.0000000000000004,-5.344340480126958,0.06254696651139824,-200.5298867019989
198.28174572587915,39.13218712162519,1.0000000000000004,-5.343717586669527,0.06250422353162577,-200.4733795569088
198.28668696312465,39.12296313040611,1.0000000000000004,-5.3430951411448575,0.06246058963415635,-200.41673137682662
198.29162520712094,39.113738347482425,1.0000000000000004,-5.3424731445958145,0.06241606277937706,-200.35994202091067
198.29656045477583,39.1045127716926,1.0000000000000004,-5.341851598065512,0.062370640928062215,-200.30301134831947
198.3014927029982,39.09528640187546,1.0000000000000002,-5.3412305025973374,0.062324322041337865,-200.24593921821145
198.3064219486981,39.086059236870305,1.0000000000000004,-5.340609859234847,0.06227710408078124,-200.18872548974502
198.31134818878667,39.076831275516746,1.0000000000000004,-5.339989669021897,0.062228985008339066,-200.13137002207858
198.31627142017615,39.06760251665485,1.0000000000000004,-5.339369933002558,0.06217996278636306,-200.07387267437053
198.3211916397799,39.05837295912503,1.0000000000000004,-5.33875065222111,0.06213003537757089,-200.01623330577942
198.32610884451236,39.04914260176814,1.0000000000000004,-5.33813182772211,0.06207920074511364,-199.95845177546346
198.33102303128908,39.0399114434254,1.0000000000000004,-5.337513460550333,0.06202745685251543,-199.9005279425812
198.33593419702675,39.03067948293842,1.0000000000000004,-5.336895551750754,0.06197480166367342,-199.84246166629111
198.34084233864306,39.02144671914918,1.0000000000000004,-5.336278102368642,0.061921233142903986,-199.78425280575146
198.34574745305696,39.012213150900116,1.0000000000000004,-5.335661113449431,0.06186674925491786,-199.72590122012085
198.35064953718836,39.002978777033945,1.0000000000000004,-5.335044586038835,0.06181134796476684,-199.66740676855753
198.35554858795834,38.99374359639388,1.0000000000000002,-5.33442852118276,0.061755027237961,-199.60876931022008
198.36044460228908,38.98450760782344,1.0000000000000004,-5.333812919927345,0.06169778504033374,-199.5499887042668
198.36533757710382,38.97527081016656,1.0000000000000004,-5.333197783318976,0.06163961933815543,-199.4910648098562
198.37022750932695,38.966033202267575,1.0000000000000004,-5.332583112404237,0.06158052809806236,-199.4319974861466
198.3751143958839,38.95679478297115,1.0000000000000004,-5.3319689082299675,0.06152050928707453,-199.37278659229648
198.3799982337013,38.94755555112239,1.0000000000000002,-5.331355171843198,0.061459560872599184,-199.3134319874643
198.3848790197067,38.93831550556672,1.0000000000000004,-5.330741904291182,0.06139768082244501,-199.2539335308085
198.38975675082892,38.92907464514999,1.0000000000000004,-5.330129106621424,0.061334867104768875,-199.19429108148736
198.39463142399777,38.91983296871842,1.0000000000000004,-5.329516779881622,0.06127111768815752,-199.13450449865948
198.39950303614424,38.91059047511855,1.0000000000000002,-5.328904925119685,0.06120643054153163,-199.07457364148314
198.40437158420033,38.90134716319741,1.0000000000000004,-5.32829354338377,0.0611408036342489,-199.0144983691168
198.4092370650992,38.89210303180228,1.0000000000000004,-5.327682635722228,0.06107423493600095,-198.95427854071892
198.41409947577506,38.882858079780895,1.0000000000000004,-5.327072203183613,0.06100672241689864,-198.8939140154479
198.4189588131632,38.873612305981325,1.0000000000000004,-5.326462246816739,0.060938264047404544,-198.83340465246212
198.4238150742,38.86436570925202,1.0000000000000007,-5.3258527676705825,0.06086885779835782,-198.7727503109201
198.42866825582303,38.8551182884418,1.0000000000000004,-5.325243766794388,0.06079850164100975,-198.71195084998013
198.43351835497083,38.84587004239985,1.0000000000000004,-5.324635245237534,0.06072719354696687,-198.65100612880076
198.4383653685831,38.836620969975726,1.0000000000000004,-5.324027204049669,0.060654931488208774,-198.5899160065404
198.44320929360057,38.827371070019346,1.0000000000000004,-5.323419644280641,0.06058171343711649,-198.5286803423573
198.44805012696514,38.818120341381,1.0000000000000002,-5.322812566980488,0.060507537366401465,-198.46729899541015
198.4528878656197,38.808868782911325,1.0000000000000002,-5.322205973199482,0.06043240124922988,-198.40577182485714
198.4577225065083,38.79961639346134,1.0000000000000004,-5.321599863988071,0.060356303059055705,-198.34409868985682
198.462554046576,38.790363171882426,1.0000000000000004,-5.320994240396939,0.06027924076976632,-198.28227944956762
198.4673824827691,38.781109117026325,1.0000000000000004,-5.320389103476931,0.060201212355618594,-198.22031396314785
198.47220781203478,38.77185422774508,1.0000000000000004,-5.319784454279141,0.06012221579118915,-198.15820208975606
198.4770300313215,38.762598502891194,1.0000000000000004,-5.319180293854824,0.06004224905150224,-198.09594368855053
198.48184913757862,38.753341941317466,1.0000000000000004,-5.318576623255485,0.059961310111898314,-198.03353861868985
198.4866651277567,38.744084541877044,1.0000000000000004,-5.3179734435327735,0.05987939694812994,-197.97098673933232
198.49147799880737,38.734826303423446,1.0000000000000004,-5.31737075573858,0.05979650753627652,-197.90828790963636
198.4962877476833,38.72556722481057,1.0000000000000004,-5.316768560924974,0.059712639852829597,-197.8454419887605
198.50109437133833,38.716307304892624,1.0000000000000004,-5.316166860144206,0.05962779187463951,-197.78244883586308
198.5058978667272,38.70704654252418,1.0000000000000004,-5.315565654448772,0.05954196157888347,-197.71930831010255
198.51069823080596,38.697784936560176,1.0000000000000004,-5.314964944891299,0.05945514694317211,-197.65602027063727
198.51549546053153,38.6885224858559,1.0000000000000004,-5.314364732524668,0.05936734594544646,-197.5925845766257
198.52028955286207,38.67925918926696,1.0000000000000004,-5.313765018401897,0.05927855656401704,-197.52900108722628
198.52508050475672,38.66999504564932,1.0000000000000002,-5.313165803576242,0.05918877677756029,-197.46526966159746
198.52986831317568,38.66073005385932,1.0000000000000004,-5.312567089101117,0.05909800456513281,-197.40139015889764
198.53465297508035,38.65146421275363,1.0000000000000004,-5.311968876030145,0.05900623790615711,-197.3373624382852
198.5394344874331,38.642197521189246,1.0000000000000004,-5.311371165417114,0.05891347478038611,-197.2731863589185
198.54421284719737,38.63292997802351,1.0000000000000002,-5.3107739583160445,0.05881971316796708,-197.20886177995627
198.54898805133772,38.6236615821141,1.0000000000000007,-5.310177255781083,0.05872495104938835,-197.14438856055654
198.55376009681976,38.6143923323191,1.0000000000000002,-5.30958105886662,0.058629186405553924,-197.07976655987787
198.55852898061025,38.60512222749686,1.0000000000000004,-5.3089853686271695,0.05853241721764846,-197.01499563707887
198.56329469967685,38.59585126650605,1.0000000000000004,-5.308390186117485,0.05843464146726873,-196.95007565131766
198.56805725098846,38.58657944820577,1.0000000000000002,-5.307795512392474,0.0583358571363739,-196.88500646175282
198.57281663151494,38.5773067714554,1.0000000000000004,-5.307201348507229,0.058236062207278394,-196.81978792754285
198.57757283822727,38.56803323511463,1.0000000000000004,-5.30660769551703,0.05813525466262348,-196.75441990784608
198.58232586809757,38.558758838043524,1.0000000000000004,-5.306014554477301,0.058033432485459,-196.68890226182094
198.58707571809884,38.54948357910248,1.0000000000000004,-5.305421926443707,0.05793059365914388,-196.62323484862577
198.59182238520535,38.54020745715221,1.0000000000000004,-5.304829812472024,0.057826736167449155,-196.55741752741912
198.59656586639227,38.53093047105375,1.0000000000000004,-5.304238213618259,0.05772185799442653,-196.4914501573594
198.60130615863596,38.521652619668494,1.0000000000000004,-5.3036471309385504,0.05761595712456469,-196.42533259760492
198.60604325891384,38.51237390185814,1.0000000000000004,-5.303056565489237,0.057509031542661404,-196.35906470731425
198.61077716420428,38.50309431648473,1.0000000000000002,-5.302466518326815,0.05740107923387683,-196.29264634564566
198.6155078714868,38.4938138624106,1.0000000000000004,-5.301876990507973,0.05729209818371217,-196.2260773717577
198.62023537774203,38.48453253849845,1.0000000000000004,-5.301287983089551,0.057182086378055885,-196.15935764480872
198.62495967995156,38.47525034361131,1.0000000000000004,-5.3006994971285675,0.05707104180312328,-196.09248702395715
198.62968077509808,38.465967276612474,1.0000000000000002,-5.300111533682195,0.05695896244547782,-196.02546536836147
198.6343986601654,38.45668333636561,1.0000000000000004,-5.299524093807802,0.056845846292059576,-195.95829253718006
198.63911333213832,38.447398521734705,1.0000000000000004,-5.298937178562879,0.05673169133012834,-195.8909683895713
198.6438247880027,38.438112831584036,1.0000000000000004,-5.298350789005147,0.056616495547313406,-195.82349278469363
198.64853302474552,38.428826264778216,1.0000000000000004,-5.297764926192421,0.05650025693159577,-195.7558655817055
198.65323803935476,38.41953882018218,1.0000000000000004,-5.297179591182736,0.056382973471286846,-195.68808663976534
198.65793982881948,38.410250496661156,1.0000000000000004,-5.296594785034259,0.056264643155049754,-195.6201558180316
198.6626383901298,38.40096129308074,1.0000000000000002,-5.2960105088053115,0.05614526397192776,-195.5520729756626
198.66733372027696,38.39167120830678,1.0000000000000002,-5.295426763554406,0.05602483391126256,-195.48383797181688
198.6720258162531,38.38238024120547,1.0000000000000004,-5.294843550340197,0.05590335096276888,-195.41545066565277
198.67671467505156,38.373088390643304,1.0000000000000004,-5.294260870221496,0.055780813116502515,-195.3469109163287
198.68140029366668,38.363795655487095,1.0000000000000004,-5.293678724257257,0.05565721836286741,-195.27821858300317
198.68608266909385,38.35450203460398,1.0000000000000004,-5.293097113506633,0.05553256469260859,-195.20937352483458
198.69076179832956,38.345207526861365,1.0000000000000004,-5.292516039028877,0.05540685009681923,-195.14037560098126
198.69543767837126,38.335912131126975,1.0000000000000004,-5.291935501883449,0.05528007256688383,-195.07122467060165
198.70011030621757,38.326615846268886,1.0000000000000004,-5.29135550312993,0.05515223009463455,-195.00192059285428
198.70477967886808,38.31731867115541,1.0000000000000004,-5.290776043828055,0.05502332067214866,-194.93246322689748
198.70944579332343,38.30802060465524,1.0,-5.29019712503773,0.05489334229189424,-194.86285243188965
198.71410864658534,38.2987216456373,1.0000000000000002,-5.289618747818983,0.05476229294665913,-194.79308806698936
198.7187682356566,38.28942179297085,1.0000000000000002,-5.289040913232,0.05463017062957576,-194.72316999135484
198.723424557541,38.28012104552545,1.0000000000000002,-5.288463622337158,0.05449697333412473,-194.65309806414464
198.72807760924343,38.27081940217096,1.0000000000000002,-5.287886876194889,0.05436269905409574,-194.58287214451718
198.73272738776976,38.26151686177752,1.0000000000000002,-5.287310675865864,0.05422734578366217,-194.5124920916308
198.737373890127,38.252213423215586,1.0000000000000002,-5.286735022410841,0.05409091151727807,-194.44195776464403
198.74201711332313,38.242909085355926,1.0000000000000004,-5.286159916890746,0.053953394249784736,-194.3712690227152
198.74665705436718,38.23360384706959,1.0000000000000002,-5.285585360366653,0.053814791976346754,-194.30042572500278
198.7512937102693,38.224297707227876,1.0000000000000002,-5.285011353899742,0.05367510269242359,-194.22942773066518
198.75592707804057,38.21499066470244,1.0000000000000002,-5.284437898551378,0.05353432439386552,-194.15827489886078
198.7605571546932,38.20568271836522,1.0000000000000002,-5.283864995383048,0.05339245507681056,-194.08696708874805
198.7651839372404,38.1963738670884,1.0,-5.2832926454563705,0.0532494927377698,-194.01550415948543
198.76980742269652,38.187064109744504,1.0,-5.28272084983311,0.05310543537354917,-193.94388597023124
198.7744276080768,38.177753445206314,1.0000000000000004,-5.282149609575148,0.052960280981313446,-193.8721123801441
198.7790444903976,38.16844187234693,1.0000000000000002,-5.281578925744537,0.05281402755854003,-193.80018324838218
198.78365806667634,38.1591293900397,1.0000000000000002,-5.281008799403443,0.05266667310305451,-193.72809843410408
198.78826833393146,38.149815997158285,1.0000000000000002,-5.280439231614169,0.05251821561299508,-193.6558577964682
198.79287528918238,38.140501692576606,1.0000000000000002,-5.279870223439145,0.052368653086819705,-193.58346119463297
198.79747892944968,38.1311864751689,1.0000000000000002,-5.279301775940949,0.052217983523355826,-193.5109084877566
198.8020792517549,38.12187034380966,1.0000000000000002,-5.278733890182254,0.052066204921711545,-193.43819953499786
198.8066762531206,38.11255329737369,1.0000000000000002,-5.278166567225899,0.051913315281368,-193.36533419551498
198.81126993057046,38.10323533473603,1.0000000000000002,-5.277599808134841,0.05175931260207989,-193.29231232846632
198.8158602811291,38.093916454772014,1.0,-5.277033613972163,0.05160419488397494,-193.21913379301043
198.8204473018222,38.08459665635729,1.0000000000000002,-5.276467985801071,0.05144796012747577,-193.14579844830573
198.82503098967652,38.075275938367724,1.0000000000000002,-5.27590292468491,0.05129060633333893,-193.0723061535105
198.82961134171984,38.0659542996795,1.0000000000000002,-5.275338431687114,0.05113213150264073,-192.9986567677833
198.834188354981,38.05663173916907,1.0000000000000002,-5.274774507871269,0.0509725336368092,-192.9248501502825
198.83876202648972,38.047308255713155,1.0000000000000002,-5.27421115430111,0.05081181073753527,-192.85088616016657
198.84333235327694,38.03798384818873,1.0000000000000002,-5.273648372040421,0.0506499608068971,-192.77676465659388
198.84789933237457,38.028658515473076,1.0000000000000002,-5.273086162153168,0.05048698184724287,-192.70248549872284
198.8524629608155,38.01933225644371,1.0000000000000004,-5.27252452570341,0.050322871861265384,-192.62804854571192
198.85702323563373,38.01000506997843,1.0000000000000002,-5.271963463755322,0.05015762885197361,-192.5534536567195
198.86158015386422,38.000676954955324,1.0,-5.271402977373217,0.04999125082269984,-192.47870069090408
198.86613371254296,37.99134791025271,1.0000000000000002,-5.27084306762152,0.04982373577708543,-192.40378950742394
198.87068390870706,37.98201793474921,1.0000000000000002,-5.270283735564737,0.04965508171909505,-192.32871996543764
198.87523073939457,37.97268702732366,1.0000000000000002,-5.2697249822675225,0.04948528665299534,-192.25349192410357
198.87977420164455,37.96335518685522,1.0000000000000002,-5.269166808794626,0.04931434858340111,-192.17810524258013
198.88431429249718,37.95402241222326,1.0,-5.268609216210944,0.0491422655152256,-192.10255978002562
