galstreams/tracks/track.st.Gaia-9.ibata2020.ecsv
# %ECSV 0.9
# ---
# datatype:
# - {name: ra, unit: deg, datatype: float64}
# - {name: dec, unit: deg, datatype: float64}
# - {name: distance, unit: kpc, datatype: float64}
# - {name: pm_ra_cosdec, unit: mas / yr, datatype: float64}
# - {name: pm_dec, unit: mas / yr, datatype: float64}
# - {name: radial_velocity, unit: km / s, datatype: float64}
# delimiter: ','
# meta: !!omap
# - __serialized_columns__:
#     dec:
#       __class__: astropy.coordinates.angles.Latitude
#       unit: &id001 !astropy.units.Unit {unit: deg}
#       value: !astropy.table.SerializedColumn {name: dec}
#     distance:
#       __class__: astropy.coordinates.distances.Distance
#       unit: !astropy.units.Unit {unit: kpc}
#       value: !astropy.table.SerializedColumn {name: distance}
#     pm_dec:
#       __class__: astropy.units.quantity.Quantity
#       unit: !astropy.units.Unit {unit: mas / yr}
#       value: !astropy.table.SerializedColumn {name: pm_dec}
#     pm_ra_cosdec:
#       __class__: astropy.units.quantity.Quantity
#       unit: !astropy.units.Unit {unit: mas / yr}
#       value: !astropy.table.SerializedColumn {name: pm_ra_cosdec}
#     ra:
#       __class__: astropy.coordinates.angles.Longitude
#       unit: *id001
#       value: !astropy.table.SerializedColumn {name: ra}
#       wrap_angle: !astropy.coordinates.Angle
#         unit: *id001
#         value: 360.0
#     radial_velocity:
#       __class__: astropy.units.quantity.Quantity
#       unit: !astropy.units.Unit {unit: km / s}
#       value: !astropy.table.SerializedColumn {name: radial_velocity}
# schema: astropy-2.0
ra,dec,distance,pm_ra_cosdec,pm_dec,radial_velocity
219.92416951601365,70.80981088051067,3.7774496996789697,-17.019480756218048,6.644541839406474,1.8525687685719145e-13
220.1340754195086,70.72264602504305,3.7835169793465675,-16.97806479272255,6.676834988116356,1.5999457546757442e-13
220.3429149166117,70.6354972602292,3.789479243832161,-16.936285958803623,6.708630716882309,1.515738083377021e-13
220.5506968734219,70.54836228985991,3.7953383111127637,-16.8941504865761,6.739929094692427,1.4315304120782974e-13
220.75742986666643,70.46123882823368,3.801095999165389,-16.85166461735632,6.77073020025564,1.5999457546757442e-13
220.9631221920808,70.37412460061718,3.8067541259670543,-16.80883460090041,6.801034123986231,1.515738083377021e-13
221.16778187254098,70.28701734368747,3.812314509494771,-16.765666694637826,6.830840969913243,8.420767129872338e-14
221.3714166659548,70.19991480595685,3.8177789677255545,-16.72216716290115,6.860150857516311,1.2631150694808508e-13
221.57403407292244,70.1128147481799,3.82314931863642,-16.678342276152698,6.888963923490568,1.4315304120782974e-13
221.77564134417196,70.02571494374442,3.828427380204381,-16.634198310208884,6.917280323441606,1.8525687685719145e-13
221.97624548777824,69.93861317904593,3.8336149704064506,-16.589741545463095,6.945100233513013,1.4315304120782974e-13
222.1758532761736,69.85150725384602,3.8387139072196454,-16.544978266107393,6.972423851948076,1.5999457546757442e-13
222.3744712529553,69.76439498161568,3.8437260086209784,-16.499914759354198,6.9992514005871715,1.5999457546757442e-13
222.5721057394977,69.6772741898633,3.848653092587464,-16.45455731465823,7.0255831263027755,1.8525687685719145e-13
222.76876284137504,69.59014272044831,3.8534969770961176,-16.408912222939506,7.051419302373341,1.347322740779574e-13
222.96444845460186,69.50299842988011,3.8582594801239525,-16.362985775807864,7.076760229798122,1.4315304120782974e-13
223.15916827169596,69.41583918960337,3.862942419647983,-16.31678426478961,7.101606238553869,1.347322740779574e-13
223.35292778756937,69.32866288626987,3.867547613645225,-16.270313980557013,7.125957688795103,1.1789073981821273e-13
223.54573230525506,69.24146742199652,3.87207688009269,-16.22358121216076,7.149814971999623,1.0104920555846805e-13
223.73758694147156,69.15425071461105,3.8765320369673963,-16.176592246266384,7.173178512060144,1.4315304120782974e-13
223.92849663203305,69.06701069788465,3.880914902246354,-16.129353366394728,7.1960487663237185,1.5999457546757442e-13
224.11846613710804,68.97974532175257,3.8852272939065795,-16.08187085216722,7.218426226580068,1.1789073981821273e-13
224.30750004633327,68.89245255252236,3.889471029925088,-16.034150978556127,7.240311420000318,1.1789073981821273e-13
224.4956027837852,68.80513037307058,3.893647928278893,-15.986200015140541,7.26170491002703,1.6841534259744677e-13
224.68277861281499,68.71777678302779,3.897759806945008,-15.93802422536825,7.282607297216975,1.4315304120782974e-13
224.8690316407504,68.63038979895269,3.901808483900449,-15.889629865824055,7.303019220037519,1.0946997268834039e-13
225.0543658234694,68.54296745449473,3.905795777122228,-15.841023185504843,7.322941355618257,1.1789073981821273e-13
225.2387849698485,68.45550780054627,3.909723504587362,-15.792210425101814,7.342374420458411,1.4315304120782974e-13
225.4222927460895,68.36800890538449,3.913593484272865,-15.743197816290309,7.361319171091267,1.768361097273191e-13
225.60489267993,68.28046885480232,3.9174075341557484,-15.693991581027422,7.379776404707038,1.2631150694808508e-13
225.78658816473856,68.19288575223007,3.9211674722130305,-15.644597930857815,7.3977469597345475,1.4315304120782974e-13
225.96738246349983,68.1052577188467,3.9248751164217226,-15.595023066228187,7.4152317163832455,1.4315304120782974e-13
226.14727871269181,68.0175828936819,3.928532284758841,-15.545273175810468,7.432231597146131,1.0946997268834039e-13
226.32627992605958,67.92985943370826,3.9321407952014,-15.495354435834132,7.44874756726502,1.515738083377021e-13
226.50438899828671,67.84208551392454,3.935702465726412,-15.44527300942805,7.464780635158494,1.5999457546757442e-13
226.68160870856858,67.75425932743009,3.939219114310893,-15.395035045971968,7.480331852813785,1.515738083377021e-13
226.85794172409064,67.66637908549,3.9426925589318578,-15.3446466804579,7.49540231614359,1.4315304120782974e-13
227.03339060341295,67.57844301759184,3.946124617566319,-15.294114032861852,7.5099931653082805,1.0104920555846805e-13
227.2079577997648,67.49044937149405,3.949517108191293,-15.243443207525882,7.524105585004702,1.6841534259744677e-13
227.38164566425138,67.40239641326599,3.9528718487837917,-15.19264029255093,7.5377408047222225,1.0104920555846805e-13
227.55445644897543,67.31428242731961,3.956190657320832,-15.141711359200457,7.550900098966952,1.0946997268834039e-13
227.7263923100756,67.2261057164335,3.959475351779426,-15.090662461315269,7.563584787454815,9.262843842859572e-14
227.8974553106838,67.13786460176925,3.9627277501365885,-15.039499634739647,7.575796235274238,1.2631150694808508e-13
228.06764742380494,67.04955742287972,3.9659496703693358,-14.988228896758876,7.58753585301951,9.262843842859572e-14
228.2369705351193,66.96118253771036,3.96914293045468,-14.936856245548572,7.598805096895093,1.347322740779574e-13
228.40542644571116,66.87273832259288,3.972309348369638,-14.885387659635725,7.609605468792018,1.347322740779574e-13
228.5730168747245,66.78422317223225,3.9754507420912204,-14.833829097371925,7.619938516336875,9.262843842859572e-14
228.73974346194916,66.69563549968592,3.9785689295964453,-14.782186496418458,7.629805832914233,1.2631150694808508e-13
228.9056077703377,66.60697373633695,3.9816657288623256,-14.73046577324394,7.639209057663132,7.578690416885104e-14
229.07061128845527,66.5182363318602,3.984742957865874,-14.678672822634331,7.648149875448161,7.578690416885104e-14
229.2347554328656,66.42942175418162,3.9878024345841077,-14.626813517215298,7.656630016806252,1.2631150694808508e-13
229.39804155045258,66.34052848943163,3.990845976994039,-14.574893706987465,7.664651257869333,4.210383564936169e-14
229.56047092068044,66.25155504189183,3.993875403072682,-14.52291921887431,7.672215420263746,3.368306851948935e-14
229.72204475779387,66.16249993393589,3.9968925307970533,-14.470895856282965,7.67932437098712,5.894536990910637e-14
229.88276421295984,66.07336170596393,3.9998991781441657,-14.418829398677833,7.6859800222632275,1.0104920555846805e-13
230.04263037635215,65.9841389163315,4.002897163091033,-14.366725601167396,7.692184331375447,1.6841534259744677e-13
230.20164427917973,65.89483014127264,4.005888303614671,-14.314590194104007,7.697939300479352,1.4315304120782974e-13
230.359806895662,65.80543397481703,4.008874417692093,-14.26242888269685,7.703246976395324,1.4315304120782974e-13
230.5171191449502,65.715949028702,4.011857323300315,-14.210247346638123,7.708109450381437,5.894536990910637e-14
230.67358189299782,65.62637393227887,4.014838838416348,-14.158051239742464,7.712528857887335,4.210383564936169e-14
230.8291959543804,65.53670733241438,4.017820781017209,-14.105846189599665,7.7165073782897,1.515738083377021e-13
230.9839620940669,65.44694789338628,4.020804969079913,-14.053637797240686,7.720047234609889,8.420767129872338e-14
231.13788102914233,65.3570942967746,4.023793220581471,-14.001431636817115,7.723150693214107,1.347322740779574e-13
231.29095343048496,65.26714524134758,4.026787353498902,-13.949233255293802,7.72582006349692,1.0946997268834039e-13
231.4431799243966,65.17709944294302,4.029789185809215,-13.897048172155092,7.728057697548354,9.262843842859572e-14
231.5945610941899,65.0869556343445,4.0328005354894305,-13.844881879124225,7.729865989805413,5.0524602779234026e-14
231.7450974817317,64.99671256515357,4.035823220516557,-13.792739839896235,7.731247376688338,1.0946997268834039e-13
231.89478958894392,64.90636900165711,4.0388590588676125,-13.74062748988414,7.732204336222017,8.420767129872338e-15
232.0436378792636,64.81592372669026,4.0419098685196095,-13.688550235978544,7.73273938764331,1.4315304120782974e-13
232.19164277906307,64.72537553949533,4.044977467449563,-13.636513456320365,7.732855090994709,4.210383564936169e-14
232.3388046790297,64.63472325557628,4.048063673634489,-13.584522500087129,7.732554046704493,8.420767129872338e-14
232.48512393550857,64.54396570654943,4.051170305051399,-13.532582687292255,7.731838895154365,6.73661370389787e-14
232.63060087180725,64.45310173998988,4.054299179677309,-13.480699308597618,7.730712316234684,9.262843842859572e-14
232.7752357794639,64.36213021927414,4.057452115489233,-13.428877625139314,7.729177028887833,1.0946997268834039e-13
232.91902891947993,64.2710500234194,4.060630930464185,-13.377122868366456,7.727235790640172,1.0104920555846805e-13
233.06198052351812,64.17986004691845,4.06383744257918,-13.325440239892968,7.72489139712318,6.73661370389787e-14
233.2040907950663,64.08855919957148,4.067073469811231,-13.273834911362428,7.722146681583826,1.0946997268834039e-13
233.34535991056848,63.9971464063144,4.070340830137354,-13.222312024325682,7.719004514385135,0.0
233.48578802052265,63.90562060704369,4.073641341534564,-13.170876690131426,7.715467802496786,3.368306851948935e-14
233.6253752505485,63.81398075643781,4.076976821979873,-13.119533989829295,7.711539488976747,8.420767129872338e-14
233.764121702423,63.722225823775624,4.080349089450295,-13.068288974085764,7.707222552443872,5.0524602779234026e-14
233.90202745508608,63.63035479275188,4.083759961922849,-13.017146663112527,7.702520006541987,4.210383564936169e-14
234.03909256561764,63.53836666128913,4.087211257374543,-12.966112046607282,7.697434899396171,1.0104920555846805e-13
234.1753170701853,63.446260441347256,4.090704793782397,-12.915190083706879,7.691970313061113,9.262843842859572e-14
234.310700984964,63.354035158729936,4.094242389123421,-12.86438570295271,7.6861293629622764,2.5262301389617013e-14
234.44524430702842,63.26168985288851,4.097825861374632,-12.813703802268211,7.679915197330026,7.578690416885104e-14
234.57894701521923,63.16922357672283,4.101457028513045,-12.763149248948302,7.673330996627442,1.0946997268834039e-13
234.71180907098255,63.076635396379956,4.10513770851567,-12.712726879660769,7.6663799729716295,8.420767129872338e-14
234.8438304191838,62.98392439105027,4.108869719359526,-12.66244150045939,7.659065369549249,6.73661370389787e-14
234.97501098889785,62.89108965276088,4.112654879021626,-12.612297886808621,7.651390460026677,-8.420767129872338e-15
235.1053506941737,62.79813028616712,4.116495005478982,-12.562300783619854,7.643358547954791,8.420767129872338e-15
235.23484943477615,62.70504540834145,4.120391916708612,-12.512454905298931,7.634972966168982,4.210383564936169e-14
235.3635070969042,62.61183414856065,4.124347430687528,-12.462764935804966,7.626237076184617,2.5262301389617013e-14
235.49132355388676,62.518495648090315,4.128363365392746,-12.413235528720161,7.6171542675883,7.578690416885104e-14
235.61829866685687,62.42502905996784,4.132441538801278,-12.363871307330545,7.607727957425233,5.0524602779234026e-14
235.74443228540335,62.33143354878349,4.13658376889014,-12.314676864717578,7.597961589582838,1.0104920555846805e-13
235.86972424820308,62.23770829045911,4.1407918736363465,-12.26565676386019,7.5878586341713365,-8.420767129872338e-15
235.99417438363113,62.143852472025756,4.145067671016911,-12.216815537747475,7.577422586900989,5.894536990910637e-14
236.11778251035233,62.049865291399016,4.149412979008848,-12.168157689501552,7.566656968456865,8.420767129872338e-14
236.24054843789236,61.955745957153376,4.1538296155891725,-12.119687692510652,7.55556532387096,1.6841534259744676e-14
236.36247196719037,61.86149368829425,4.158319398734898,-12.071409990572135,7.544151221892211,9.262843842859572e-14
236.48355289113331,61.767107714029194,4.162884146423041,-12.0233289980453,7.53241825435464,5.894536990910637e-14
236.6037909950711,61.67258727353744,4.167525676630612,-11.975449100013956,7.52037003554362,3.368306851948935e-14
236.7231860573155,61.57793161573819,4.17224580733463,-11.927774652458305,7.508010201560998,5.0524602779234026e-14
236.84173784962087,61.48313999905749,4.177046356512103,-11.88030998243628,7.495342409688831,7.578690416885104e-14
236.9594461376485,61.38821169119417,4.181929142140052,-11.8330593882739,7.482370337752287,5.0524602779234026e-14
237.07631068141467,61.29314596888447,4.186895982195488,-11.786027139764654,7.469097683481847,-2.5262301389617013e-14
237.1923312357223,61.19794211766569,4.191948694655427,-11.739217478377663,7.4555281638749955,3.368306851948935e-14
237.30750755057775,61.10259943163889,4.197089097496882,-11.692634617474365,7.441665514557739,1.6841534259744676e-14
237.42183937159206,61.00711721323059,4.2023190086968665,-11.64628274253372,7.4275134891460235,-1.6841534259744676e-14
237.53532644036716,60.91149477295376,4.207640246232396,-11.60016601138561,7.413075858607359,5.0524602779234026e-14
237.6479684948686,60.815731429167826,4.213054628080484,-11.554288554452285,7.398356410622882,-6.73661370389787e-14
237.75976526978283,60.719826507838164,4.218563972218147,-11.508654474997751,7.3833589489498745,1.2631150694808508e-13
237.87071649686268,60.62377934229475,4.224170096622399,-11.463267849384739,7.368087292785281,7.578690416885104e-14
237.98082190525773,60.52758927299047,4.229874819270252,-11.418132727339321,7.352545276129983,5.0524602779234026e-14
238.09008122183283,60.43125564725856,4.235679958138722,-11.373253132222752,7.336736747154345,6.73661370389787e-14
238.19849417147378,60.3347778190699,4.241587331204823,-11.328633061310473,7.320665567565122,-1.6841534259744676e-14
238.30606047738033,60.238155148789666,4.24759875644557,-11.284276486078092,7.304335611973739,1.6841534259744676e-14
238.41277986134796,60.14138700293382,4.253716051837977,-11.240187352494136,7.2877507672664805,-5.894536990910637e-14
238.51865204403714,60.044472753925135,4.259941035359057,-11.196369581319342,7.270914931976257,1.6841534259744676e-14
238.62367674523222,59.947411779849084,4.266275524985826,-11.152827068412357,7.253832015656624,-1.6841534259744676e-14
238.72785368408836,59.85020346420959,4.272721338695297,-11.109563685041696,7.236505938257746,-5.894536990910637e-14
238.83118257936832,59.752847195684616,4.2792802944644865,-11.066583278203677,7.218940629504822,5.894536990910637e-14
238.93366314966897,59.6553423678816,4.285954210270407,-11.02388967094615,7.20114002827893,-1.6841534259744676e-14
239.03529511363683,59.557688379093086,4.292744904090073,-10.981486662697995,7.183108082000343,5.0524602779234026e-14
239.13607819017489,59.45988463205224,4.2996541939004995,-10.939378029603937,7.164848746014783,-6.73661370389787e-14
239.23601209863867,59.361930533688536,4.3066838976787,-10.897567524864787,7.146365982982332,2.5262301389617013e-14
239.3350965590241,59.26382549488363,4.31383583340169,-10.85605887908263,7.127663762269486,4.210383564936169e-14
239.43333129214548,59.16556893022735,4.321111819046484,-10.814855800611028,7.108746059344219,5.894536990910637e-14
239.53071601980514,59.06716025777404,4.328513672590095,-10.773961975909906,7.08961685517432,-1.6841534259744676e-14
239.62725046495422,58.96859889879922,4.336043212009537,-10.733381069904969,7.07028013562904,-5.894536990910637e-14
239.72293435184542,58.86988427755649,4.343702255281826,-10.6931167263515,7.050739890884218,3.368306851948935e-14
239.8177674061779,58.77101582103503,4.3514926203839766,-10.653172568202294,7.031000114831017,-2.5262301389617013e-14
239.9117493552336,58.671992958717425,4.359416125293001,-10.61355219797964,7.0110648044881865,-3.368306851948935e-14
240.0048799280069,58.572815122338106,4.367474587985916,-10.574259198151086,6.990937959418207,-2.5262301389617013e-14
240.0971588553262,58.47348174564223,4.375669826439734,-10.535297131508822,6.9706235811472474,-6.73661370389787e-14
240.18858586996888,58.3739922641453,4.384003658631469,-10.496669541552581,6.950125672589077,-8.420767129872338e-15
240.27916070676906,58.27434611489339,4.392477902538139,-10.458379952875717,6.92944823747302,5.0524602779234026e-14
240.36888310271894,58.17454273622405,4.401094376136754,-10.420431871554504,6.908595279776019,-2.5262301389617013e-14
