galstreams/tracks/track.st.Kwando.ibata2024.ecsv
# %ECSV 1.0
# ---
# datatype:
# - {name: ra, unit: deg, datatype: float64}
# - {name: dec, unit: deg, datatype: float64}
# - {name: distance, unit: kpc, datatype: float64}
# - {name: pm_ra_cosdec, unit: mas / yr, datatype: float64}
# - {name: pm_dec, unit: mas / yr, datatype: float64}
# - {name: radial_velocity, unit: km / s, datatype: float64}
# delimiter: ','
# meta: !!omap
# - __serialized_columns__:
#     dec:
#       __class__: astropy.coordinates.angles.Latitude
#       unit: &id001 !astropy.units.Unit {unit: deg}
#       value: !astropy.table.SerializedColumn {name: dec}
#     distance:
#       __class__: astropy.coordinates.distances.Distance
#       unit: !astropy.units.Unit {unit: kpc}
#       value: !astropy.table.SerializedColumn {name: distance}
#     pm_dec:
#       __class__: astropy.units.quantity.Quantity
#       unit: !astropy.units.Unit {unit: mas / yr}
#       value: !astropy.table.SerializedColumn {name: pm_dec}
#     pm_ra_cosdec:
#       __class__: astropy.units.quantity.Quantity
#       unit: !astropy.units.Unit {unit: mas / yr}
#       value: !astropy.table.SerializedColumn {name: pm_ra_cosdec}
#     ra:
#       __class__: astropy.coordinates.angles.Longitude
#       unit: *id001
#       value: !astropy.table.SerializedColumn {name: ra}
#       wrap_angle: !astropy.coordinates.Angle
#         unit: *id001
#         value: 360.0
#     radial_velocity:
#       __class__: astropy.units.quantity.Quantity
#       unit: !astropy.units.Unit {unit: km / s}
#       value: !astropy.table.SerializedColumn {name: radial_velocity}
# schema: astropy-2.0
ra,dec,distance,pm_ra_cosdec,pm_dec,radial_velocity
[from data line 4730]
29.19978844277674,-28.380410716807724,1.0000000000000007,0.817303586037734,-0.5005395901296823,22.735609881148818
29.20239085976485,-28.390469310210378,1.0000000000000007,0.8173695517511645,-0.5004239064253797,22.806429517395276
29.20499296235173,-28.40052805307563,1.0000000000000007,0.8174355916272886,-0.5003081349354686,22.87727686738097
29.207594750165065,-28.41058694552787,1.0000000000000007,0.8175017057022389,-0.5001922756579398,22.948151941170025
29.21019622283236,-28.420645987691508,1.0000000000000007,0.8175678940121454,-0.5000763285907812,23.019054748826516
29.212797379980866,-28.430705179691007,1.0000000000000007,0.8176341565931387,-0.49996029373198914,23.089985300414583
29.215398221237653,-28.440764521650852,1.0000000000000007,0.8177004934813454,-0.49984417107955803,23.160943605998327
29.21799874622955,-28.450824013695588,1.0000000000000007,0.8177669047128919,-0.4997279606314857,23.23192967564181
29.220598954583178,-28.460883655949797,1.0000000000000007,0.8178333903239048,-0.49961166238577115,23.302943519409176
29.22319884592494,-28.4709434485381,1.0000000000000007,0.817899950350506,-0.49949527634041724,23.373985147364504
29.225798419881023,-28.481003391585155,1.0000000000000007,0.8179665848288211,-0.4993788024934278,23.4450545695719
29.228397676077396,-28.49106348521567,1.0000000000000009,0.8180332937949681,-0.4992622408428091,23.516151796095443
29.230996614139805,-28.50112372955439,1.0000000000000004,0.8181000772850695,-0.49914559138657033,23.5872768369993
29.233595233693787,-28.511184124726096,1.0000000000000007,0.8181669353352428,-0.4990288541227217,23.65842970234754
29.236193534364645,-28.52124467085562,1.0000000000000007,0.8182338679816048,-0.49891202904927656,23.729610402204276
29.23879151577749,-28.531305368067827,1.0000000000000007,0.818300875260273,-0.49879511616424965,23.800818946633562
29.24138917755717,-28.541366216487617,1.0000000000000007,0.818367957207363,-0.498678115465661,23.87205534569956
29.24398651932837,-28.551427216239944,1.0000000000000007,0.8184351138589856,-0.4985610269515277,23.94331960946634
29.24658354071551,-28.561488367449808,1.0000000000000007,0.8185023452512565,-0.4984438506198736,24.01461174799801
29.249180241342813,-28.57154967024223,1.0000000000000007,0.8185696514202854,-0.4983265864687225,24.085931771358705
29.251776620834267,-28.581611124742277,1.0000000000000007,0.8186370324021823,-0.4982092344961013,24.157279689612462
29.25437267881366,-28.591672731075082,1.0000000000000004,0.8187044882330565,-0.49809179470003695,24.228655512823448
29.256968414904538,-28.601734489365775,1.0000000000000004,0.8187720189490144,-0.49797426707856607,24.30005925105573
29.25956382873024,-28.611796399739568,1.0000000000000007,0.8188396245861642,-0.4978566516297187,24.371490914373414
29.262158919913887,-28.621858462321693,1.0000000000000007,0.8189073051806091,-0.49773894835153154,24.4429505128406
29.264753688078372,-28.631920677237428,1.0000000000000007,0.8189750607684547,-0.49762115724204214,24.5144380565214
29.267348132846372,-28.641983044612083,1.0000000000000007,0.819042891385803,-0.49750327829929253,24.585953555479904
29.269942253840316,-28.652045564571033,1.0000000000000007,0.819110797068757,-0.4973853115213256,24.657497019780234
29.272536050682458,-28.662108237239654,1.0000000000000007,0.8191787778534154,-0.49726725690618734,24.729068459486474
29.275129522994796,-28.672171062743406,1.0000000000000004,0.8192468337758789,-0.4971491144519242,24.80066788466268
29.277722670399115,-28.682234041207764,1.0000000000000007,0.8193149648722442,-0.49703088415658847,24.872295305373086
29.280315492516973,-28.69229717275826,1.0000000000000007,0.8193831711786101,-0.4969125660182323,24.943950731681706
29.282907988969736,-28.702360457520452,1.0000000000000007,0.819451452731071,-0.4967941600349097,25.015634173652654
29.28550015937849,-28.71242389561994,1.0000000000000007,0.8195198095657235,-0.4966756662046792,25.08734564135001
29.288092003364145,-28.72248748718238,1.0000000000000004,0.8195882417186604,-0.49655708452560043,25.15908514483793
29.290683520547365,-28.732551232333435,1.0000000000000007,0.8196567492259741,-0.4964384149957377,25.230852694180467
29.293274710548605,-28.742615131198868,1.0000000000000004,0.819725332123757,-0.496319657613153,25.30264829944175
29.295865572988085,-28.75267918390442,1.0000000000000004,0.8197939904480986,-0.4962008123759163,25.374471970685875
29.298456107485812,-28.762743390575906,1.0000000000000007,0.8198627242350884,-0.4960818792820967,25.44632371797695
29.301046313661548,-28.77280775133918,1.0000000000000007,0.8199315335208148,-0.4959628583297655,25.51820355137906
29.303636191134853,-28.782872266320144,1.0000000000000007,0.8200004183413672,-0.49584374951699894,25.590111480956313
29.30622573952505,-28.792936935644708,1.0000000000000007,0.8200693787328284,-0.4957245528418732,25.662047516772834
29.308814958451244,-28.803001759438864,1.0000000000000007,0.8201384147312849,-0.49560526830246987,25.734011668892705
29.311403847532315,-28.813066737828617,1.0000000000000007,0.8202075263728212,-0.49548589589687086,25.806003947380013
29.313992406386895,-28.823131870940017,1.0000000000000007,0.8202767136935207,-0.4953664356231613,25.878024362298902
29.316580634633425,-28.833197158899164,1.0000000000000004,0.8203459767294661,-0.4952468874794276,25.95007292371345
29.319168531890103,-28.843262601832194,1.0000000000000007,0.8204153155167355,-0.4951272514637597,26.022149641687705
29.321756097774898,-28.853328199865295,1.0000000000000004,0.8204847300914115,-0.4950075275742525,26.094254526285862
29.324343331905563,-28.863393953124678,1.0000000000000004,0.8205542204895722,-0.4948877158090008,26.166387587572014
29.326930233899606,-28.873459861736595,1.0000000000000007,0.8206237867472967,-0.4947678161661013,26.238548835610217
29.329516803374336,-28.88352592582736,1.0000000000000007,0.8206934289006613,-0.4946478286436542,26.31073828046461
29.3321030399468,-28.893592145523304,1.0000000000000007,0.8207631469857424,-0.49452775323976406,26.38295593219925
29.334688943233854,-28.903658520950813,1.0000000000000007,0.8208329410386153,-0.49440758995253375,26.45520180087829
29.3372745128521,-28.913725052236302,1.0000000000000007,0.8209028110953549,-0.4942873387800777,26.52747589656581
29.33985974841793,-28.92379173950625,1.0000000000000009,0.8209727571920322,-0.4941669997204996,26.599778229325924
29.342444649547485,-28.933858582887133,1.0000000000000009,0.8210427793647219,-0.4940465727719183,26.672108809222703
29.3450292158567,-28.943925582505543,1.0000000000000007,0.8211128776494947,-0.4939260579324478,26.74446764632027
29.347613446961283,-28.953992738488026,1.0000000000000007,0.8211830520824208,-0.4938054552002069,26.816854750682754
29.350197342476687,-28.96406005096121,1.0000000000000007,0.8212533026995708,-0.4936847645733202,26.88927013237422
29.352780902018164,-28.97412752005179,1.0000000000000007,0.8213236295370123,-0.49356398604990837,26.961713801458767
29.355364125200712,-28.984195145886453,1.0000000000000007,0.821394032630814,-0.49344311962810083,27.034185768000533
29.35794701163913,-28.99426292859195,1.0000000000000007,0.8214645120170425,-0.49332216530602624,27.106686042063586
29.360529560947963,-29.004330868295078,1.0000000000000007,0.821535067731763,-0.4932011230818185,27.179214633712046
29.363111772741533,-29.014398965122666,1.0000000000000007,0.8216056998110424,-0.4930799929536116,27.251771553010023
29.36569364663394,-29.024467219201583,1.0000000000000007,0.8216764082909436,-0.492958774919543,27.32435681002155
29.36827518223903,-29.034535630658734,1.0000000000000007,0.8217471932075309,-0.49283746897775593,27.396970414810834
29.370856379170448,-29.044604199621094,1.0000000000000007,0.821818054596867,-0.49271607512639237,27.46961237744195
29.373437237041596,-29.054672926215652,1.0000000000000007,0.8218889924950121,-0.49259459336359734,27.542282707978952
29.376017755465625,-29.064741810569423,1.0000000000000007,0.8219600069380311,-0.49247302368752344,27.61498141648598
29.378597934055495,-29.074810852809495,1.0000000000000004,0.8220310979619805,-0.49235136609632013,27.687708513027136
29.381177772423896,-29.08488005306299,1.0000000000000007,0.8221022656029202,-0.4922296205881427,27.760464007666524
29.38375727018331,-29.094949411457062,1.0000000000000007,0.8221735098969096,-0.49210778716114767,27.83324791046824
29.386336426945977,-29.10501892811889,1.0000000000000007,0.8222448308800077,-0.4919858658134988,27.9060602314964
29.38891524232391,-29.115088603175757,1.0000000000000007,0.8223162285882692,-0.4918638565433566,27.978900980815048
29.39149371592888,-29.125158436754898,1.0000000000000007,0.8223877030577513,-0.49174175934888753,28.05177016848836
29.394071847372444,-29.135228428983652,1.0000000000000007,0.8224592543245095,-0.4916195742282623,28.124667804580394
29.396649636265895,-29.145298579989376,1.0000000000000007,0.8225308824245983,-0.4914973011796504,28.197593899155283
29.399227082220328,-29.155368889899478,1.0000000000000004,0.8226025873940725,-0.4913749402012275,28.270548462277098
29.401804184846586,-29.165439358841397,1.0000000000000007,0.8226743692689835,-0.49125249129117154,28.343531504009956
29.40438094375526,-29.175509986942608,1.0000000000000007,0.8227462280853866,-0.49112995444766394,28.416543034417984
29.406957358556753,-29.18558077433065,1.0000000000000007,0.8228181638793302,-0.4910073296688853,28.48958306356525
29.40953342886119,-29.195651721133075,1.0000000000000004,0.8228901766868684,-0.4908846169530272,28.56265160151583
29.412109154278482,-29.205722827477484,1.0000000000000007,0.8229622665440501,-0.490761816298273,28.635748658333863
29.41468453441831,-29.21579409349154,1.0000000000000007,0.8230344334869255,-0.49063892770282136,28.70887424408348
29.417259568890103,-29.225865519302914,1.0000000000000007,0.8231066775515437,-0.4905159511648618,28.78202836882877
29.41983425730307,-29.23593710503934,1.0000000000000007,0.8231789987739515,-0.49039288668259573,28.855211042633822
29.422408599266177,-29.24600885082859,1.0000000000000007,0.8232513971901985,-0.4902697342542237,28.92842227556272
29.424982594388155,-29.25608075679848,1.0000000000000007,0.8233238728363315,-0.4901464938779516,29.001662077679608
29.427556242277486,-29.266152823076823,1.0000000000000007,0.8233964257483957,-0.49002316555198444,29.074930459048545
29.430129542542456,-29.276225049791545,1.0000000000000007,0.8234690559624369,-0.48989974927453206,29.148227429733648
29.432702494791073,-29.286297437070562,1.0000000000000007,0.8235417635145008,-0.4897762450438119,29.22155299979904
29.43527509863112,-29.296369985041853,1.0000000000000007,0.8236145484406325,-0.48965265285803605,29.29490717930882
29.437847353670147,-29.306442693833414,1.0000000000000007,0.823687410776873,-0.4895289727154255,29.368289978327066
29.44041925951548,-29.316515563573322,1.0000000000000004,0.8237603505592697,-0.4894052046142039,29.4417014069179
29.44299081577417,-29.326588594389644,1.0000000000000004,0.8238333678238616,-0.48928134855259486,29.51514147514541
29.44556202205307,-29.33666178641052,1.0000000000000004,0.8239064626066921,-0.4891574045288287,29.588610193073706
29.448132877958773,-29.346735139764135,1.0000000000000007,0.8239796349438038,-0.4890333725411362,29.662107570766892
29.450703383097647,-29.3568086545787,1.0000000000000007,0.8240528848712358,-0.48890925258775386,29.73563361828908
29.453273537075802,-29.366882330982463,1.0000000000000007,0.8241262124250288,-0.48878504466691775,29.809188345704346
29.45584333949913,-29.376956169103718,1.0000000000000007,0.8241996176412214,-0.4886607487768706,29.88277176307678
29.458412789973263,-29.387030169070815,1.0000000000000007,0.8242731005558572,-0.4885363649158556,29.956383880470558
29.460981888103618,-29.397104331012127,1.0000000000000009,0.8243466612049706,-0.48841189308211863,30.03002470794972
29.463550633495366,-29.407178655056065,1.0000000000000007,0.8244202996246002,-0.4882873332739157,30.1036942555784
29.466119025753425,-29.417253141331095,1.0000000000000007,0.8244940158507852,-0.4881626854894954,30.17739253342067
29.468687064482474,-29.42732778996572,1.0000000000000004,0.8245678099195621,-0.48803794972711545,30.25111955154068
29.471254749286963,-29.43740260108845,1.0000000000000007,0.8246416818669666,-0.48791312598503866,30.324875320002487
29.4738220797711,-29.4474775748279,1.0000000000000007,0.824715631729037,-0.4877882142615273,30.39865984887019
29.476389055538846,-29.457552711312672,1.0000000000000007,0.8247896595418065,-0.48766321455484807,30.47247314820794
29.47895567619394,-29.467628010671426,1.0000000000000007,0.8248637653413109,-0.4875381268632699,30.546315228079795
29.48152194133983,-29.477703473032875,1.0000000000000007,0.8249379491635875,-0.487412951185068,30.620186098549887
29.484087850579797,-29.487779098525753,1.0000000000000007,0.8250122110446649,-0.48728768751851526,30.6940857696823
29.486653403516808,-29.497854887278834,1.0000000000000007,0.8250865510205827,-0.4871623358618944,30.76801425154111
29.489218599753638,-29.507930839420958,1.0000000000000007,0.8251609691273716,-0.48703689621348767,30.84197155419047
29.491783438892792,-29.518006955080985,1.0000000000000004,0.8252354654010658,-0.4869113685715809,30.91595768769447
29.49434792053655,-29.5280832343878,1.0000000000000007,0.8253100398776949,-0.48678575293446436,30.989972662117207
29.49691204428694,-29.538159677470365,1.0000000000000007,0.825384692593294,-0.4866600493004305,31.06401648752276
29.499475809745743,-29.548236284457662,1.0000000000000007,0.8254594235838928,-0.4865342576677745,31.138089173975274
29.502039216514504,-29.558313055478703,1.0000000000000007,0.8255342328855253,-0.4864083780347985,31.212190731538765
29.504602264194524,-29.568389990662585,1.0000000000000004,0.8256091205342191,-0.4862824103998018,31.28632117027746
29.50716495238687,-29.578467090138382,1.0000000000000004,0.8256840865660071,-0.48615635476109276,31.36048050025541
29.50972728069233,-29.588544354035257,1.0000000000000007,0.8257591310169183,-0.4860302111169834,31.434668731536686
29.512289248711497,-29.598621782482393,1.0000000000000004,0.8258342539229826,-0.48590397946578223,31.508885874185427
29.514850856044678,-29.60869937560901,1.0000000000000007,0.8259094553202293,-0.4857776598058079,31.58313193826573
29.51741210229195,-29.61877713354438,1.0000000000000007,0.8259847352446896,-0.4856512521353804,31.657406933841695
29.519972987053155,-29.62885505641782,1.0000000000000007,0.8260600937323899,-0.48552475645282334,31.731710870977402
29.52253350992788,-29.63893314435867,1.0000000000000007,0.8261355308193594,-0.48539817275646024,31.806043759736973
29.525093670515467,-29.649011397496317,1.0000000000000007,0.8262110465416259,-0.48527150104462624,31.880405610184514
29.527653468415018,-29.659089815960193,1.0000000000000007,0.826286640935217,-0.485144741315652,31.95479643238412
29.53021290322537,-29.669168399879766,1.0000000000000007,0.8263623140361629,-0.48501789356787395,32.02921623639991
29.53277197454514,-29.679247149384558,1.0000000000000007,0.8264380658804868,-0.48489095779963387,32.10366503229595
29.535330681972667,-29.689326064604092,1.0000000000000007,0.8265138965042196,-0.48476393400927664,32.17814283013639
29.537889025106082,-29.699405145667985,1.0000000000000007,0.826589805943386,-0.48463682219514714,32.25264963998531
29.54044700354326,-29.709484392705853,1.0000000000000007,0.8266657942340112,-0.4845096223555996,32.32718547190678
29.54300461688178,-29.71956380584737,1.0000000000000007,0.826741861412124,-0.48438233448898727,32.40175033596495
29.545561864719033,-29.729643385222246,1.0000000000000007,0.8268180075137499,-0.4842549585936671,32.47634424222386
29.548118746652147,-29.739723130960243,1.0000000000000007,0.8268942325749129,-0.484127494668003,32.5509672007477
29.550675262277977,-29.749803043191143,1.0000000000000007,0.8269705366316407,-0.4839999427103576,32.62561922160051
29.55323141119316,-29.75988312204478,1.0000000000000007,0.8270469197199581,-0.4838723027191034,32.70030031484644
29.555787192994075,-29.769963367651027,1.0000000000000007,0.8271233818758894,-0.48374457469260923,32.77501049054956
