galstreams/tracks/track.po.Scamander.grillmair2017.ecsv
# %ECSV 0.9
# ---
# datatype:
# - {name: ra, unit: deg, datatype: float64}
# - {name: dec, unit: deg, datatype: float64}
# - {name: distance, unit: kpc, datatype: float64}
# - {name: pm_ra_cosdec, unit: mas / yr, datatype: float64}
# - {name: pm_dec, unit: mas / yr, datatype: float64}
# - {name: radial_velocity, unit: km / s, datatype: float64}
# delimiter: ','
# meta: !!omap
# - __serialized_columns__:
#     dec:
#       __class__: astropy.coordinates.angles.Latitude
#       unit: &id001 !astropy.units.Unit {unit: deg}
#       value: !astropy.table.SerializedColumn {name: dec}
#     distance:
#       __class__: astropy.coordinates.distances.Distance
#       unit: !astropy.units.Unit {unit: kpc}
#       value: !astropy.table.SerializedColumn {name: distance}
#     pm_dec:
#       __class__: astropy.units.quantity.Quantity
#       unit: !astropy.units.Unit {unit: mas / yr}
#       value: !astropy.table.SerializedColumn {name: pm_dec}
#     pm_ra_cosdec:
#       __class__: astropy.units.quantity.Quantity
#       unit: !astropy.units.Unit {unit: mas / yr}
#       value: !astropy.table.SerializedColumn {name: pm_ra_cosdec}
#     ra:
#       __class__: astropy.coordinates.angles.Longitude
#       unit: *id001
#       value: !astropy.table.SerializedColumn {name: ra}
#       wrap_angle: !astropy.coordinates.Angle
#         unit: *id001
#         value: 360.0
#     radial_velocity:
#       __class__: astropy.units.quantity.Quantity
#       unit: !astropy.units.Unit {unit: km / s}
#       value: !astropy.table.SerializedColumn {name: radial_velocity}
# schema: astropy-2.0
ra,dec,distance,pm_ra_cosdec,pm_dec,radial_velocity
[from data line 2856]
148.5699301624082,7.949795538795372,20.999999999999996,0.0,0.0,0.0
148.56887443771348,7.959742270590223,20.999999999999996,0.0,0.0,0.0
148.56781866176428,7.969688999717206,20.999999999999993,0.0,0.0,0.0
148.5667628344932,7.979635726172697,20.999999999999996,0.0,0.0,0.0
148.56570695583292,7.9895824499533035,21.0,0.0,0.0,0.0
148.56465102571602,7.999529171055404,21.0,0.0,0.0,0.0
148.5635950440751,8.009475889475604,20.999999999999996,0.0,0.0,0.0
148.56253901084278,8.019422605210279,20.999999999999993,0.0,0.0,0.0
148.56148292595157,8.029369318256029,20.999999999999993,0.0,0.0,0.0
148.56042678933412,8.039316028609289,20.999999999999996,0.0,0.0,0.0
148.55937060092293,8.04926273626649,21.0,0.0,0.0,0.0
148.5583143606505,8.059209441224235,21.0,0.0,0.0,0.0
148.55725806844944,8.0691561434789,21.000000000000004,0.0,0.0,0.0
148.55620172425222,8.079102843027076,21.0,0.0,0.0,0.0
148.5551453279913,8.089049539865142,21.0,0.0,0.0,0.0
148.55408887959922,8.098996233989695,21.0,0.0,0.0,0.0
148.55303237900844,8.108942925397104,21.0,0.0,0.0,0.0
148.55197582615136,8.118889614083969,21.0,0.0,0.0,0.0
148.55091922096054,8.128836300046713,21.0,0.0,0.0,0.0
148.5498625633683,8.138782983281763,21.0,0.0,0.0,0.0
148.54880585330713,8.148729663785716,21.0,0.0,0.0,0.0
148.54774909070946,8.158676341554937,20.999999999999996,0.0,0.0,0.0
148.54669227550758,8.168623016586018,21.0,0.0,0.0,0.0
148.54563540763397,8.17856968887533,20.999999999999996,0.0,0.0,0.0
148.54457848702097,8.18851635841946,21.0,0.0,0.0,0.0
148.5435215136009,8.198463025214776,21.0,0.0,0.0,0.0
148.54246448730615,8.208409689257868,21.0,0.0,0.0,0.0
148.54140740806903,8.218356350545156,21.0,0.0,0.0,0.0
148.5403502758219,8.228303009073061,21.0,0.0,0.0,0.0
148.53929309049698,8.238249664838168,21.0,0.0,0.0,0.0
148.53823585202662,8.248196317836845,20.999999999999996,0.0,0.0,0.0
148.53717856034305,8.258142968065671,21.0,0.0,0.0,0.0
148.5361212153786,8.268089615521012,21.0,0.0,0.0,0.0
148.5350638170655,8.278036260199453,20.999999999999996,0.0,0.0,0.0
148.53400636533593,8.28798290209735,21.0,0.0,0.0,0.0
148.53294886012216,8.29792954121129,21.0,0.0,0.0,0.0
148.5318913013564,8.307876177537688,21.0,0.0,0.0,0.0
148.5308336889709,8.317822811072956,20.999999999999993,0.0,0.0,0.0
148.5297760228977,8.327769441813675,21.0,0.0,0.0,0.0
148.52871830306916,8.337716069756201,21.0,0.0,0.0,0.0
148.52766052941726,8.347662694897114,21.0,0.0,0.0,0.0
148.52660270187425,8.357609317232772,21.0,0.0,0.0,0.0
148.52554482037223,8.367555936759754,20.999999999999996,0.0,0.0,0.0
148.52448688484333,8.37750255347441,21.0,0.0,0.0,0.0
148.52342889521967,8.387449167373317,21.0,0.0,0.0,0.0
148.5223708514333,8.397395778452884,20.999999999999996,0.0,0.0,0.0
148.52131275341634,8.40734238670952,20.999999999999996,0.0,0.0,0.0
148.5202546011008,8.417288992139799,21.0,0.0,0.0,0.0
148.51919639441877,8.427235594740072,21.0,0.0,0.0,0.0
148.5181381333023,8.437182194506912,21.000000000000004,0.0,0.0,0.0
148.5170798176834,8.44712879143667,20.999999999999996,0.0,0.0,0.0
148.51602144749407,8.457075385525915,21.0,0.0,0.0,0.0
148.51496302266628,8.467021976770994,21.0,0.0,0.0,0.0
148.5139045431321,8.476968565168477,20.999999999999996,0.0,0.0,0.0
148.5128460088234,8.486915150714772,21.0,0.0,0.0,0.0
148.51178741967223,8.496861733406275,21.0,0.0,0.0,0.0
148.51072877561046,8.506808313239556,21.0,0.0,0.0,0.0
148.50967007657002,8.516754890210956,21.0,0.0,0.0,0.0
148.5086113224829,8.526701464317048,21.0,0.0,0.0,0.0
148.5075525132809,8.536648035554173,21.0,0.0,0.0,0.0
148.506493648896,8.546594603918894,21.0,0.0,0.0,0.0
148.50543472926003,8.55654116940755,21.0,0.0,0.0,0.0
148.50437575430485,8.56648773201671,21.0,0.0,0.0,0.0
148.5033167239623,8.576434291742773,20.999999999999996,0.0,0.0,0.0
148.50225763816428,8.586380848582122,21.0,0.0,0.0,0.0
148.50119849684248,8.596327402531328,20.999999999999996,0.0,0.0,0.0
148.50013929992883,8.60627395358673,21.000000000000004,0.0,0.0,0.0
148.4990800473551,8.616220501744879,21.0,0.0,0.0,0.0
148.498020739053,8.626167047002124,21.0,0.0,0.0,0.0
148.49696137495437,8.636113589355011,20.999999999999996,0.0,0.0,0.0
148.49590195499087,8.646060128799883,21.0,0.0,0.0,0.0
148.49484247909436,8.656006665333297,21.0,0.0,0.0,0.0
148.49378294719648,8.665953198951643,21.0,0.0,0.0,0.0
148.49272335922896,8.675899729651306,20.999999999999993,0.0,0.0,0.0
148.49166371512348,8.685846257428839,21.0,0.0,0.0,0.0
148.49060401481174,8.695792782280579,20.999999999999996,0.0,0.0,0.0
148.4895442582254,8.70573930420308,20.999999999999996,0.0,0.0,0.0
148.48848444529614,8.715685823192667,21.0,0.0,0.0,0.0
148.48742457595554,8.725632339245896,20.999999999999996,0.0,0.0,0.0
148.4863646501353,8.735578852359092,21.000000000000004,0.0,0.0,0.0
148.48530466776694,8.745525362528811,21.0,0.0,0.0,0.0
148.48424462878216,8.75547186975143,21.0,0.0,0.0,0.0
148.48318453311245,8.765418374023339,21.0,0.0,0.0,0.0
148.48212438068944,8.775364875341078,20.999999999999993,0.0,0.0,0.0
148.48106417144467,8.785311373700972,20.999999999999996,0.0,0.0,0.0
148.4800039053097,8.795257869099576,21.0,0.0,0.0,0.0
148.478943582216,8.805204361533209,21.0,0.0,0.0,0.0
148.47788320209514,8.815150850998412,21.0,0.0,0.0,0.0
148.4768227648786,8.825097337491513,21.0,0.0,0.0,0.0
148.47576227049785,8.835043821009057,21.0,0.0,0.0,0.0
148.47470171888435,8.844990301547416,20.999999999999996,0.0,0.0,0.0
148.4736411099696,8.854936779102966,20.999999999999996,0.0,0.0,0.0
148.47258044368502,8.86488325367225,21.0,0.0,0.0,0.0
148.471519719962,8.874829725251583,20.999999999999996,0.0,0.0,0.0
148.47045893873204,8.884776193837512,20.999999999999996,0.0,0.0,0.0
148.46939809992648,8.894722659426348,21.0,0.0,0.0,0.0
148.4683372034767,8.904669122014631,21.0,0.0,0.0,0.0
148.4672762493141,8.914615581598678,20.999999999999996,0.0,0.0,0.0
148.46621523737,8.924562038175022,20.999999999999996,0.0,0.0,0.0
148.46515416757575,8.934508491740042,20.999999999999996,0.0,0.0,0.0
148.4640930398627,8.944454942290095,21.0,0.0,0.0,0.0
148.46303185416215,8.95440138982172,21.000000000000004,0.0,0.0,0.0
148.46197061040542,8.964347834331237,20.999999999999993,0.0,0.0,0.0
148.46090930852372,8.974294275815167,20.999999999999993,0.0,0.0,0.0
148.45984794844844,8.984240714269827,20.999999999999993,0.0,0.0,0.0
148.45878653011076,8.994187149691744,20.999999999999996,0.0,0.0,0.0
148.4577250534419,9.004133582077236,21.000000000000004,0.0,0.0,0.0
148.4566635183731,9.014080011422825,21.0,0.0,0.0,0.0
148.45560192483563,9.024026437724874,20.999999999999996,0.0,0.0,0.0
148.45454027276062,9.033972860979746,20.999999999999993,0.0,0.0,0.0
148.45347856207925,9.043919281183976,20.999999999999996,0.0,0.0,0.0
148.45241679272277,9.053865698333857,20.999999999999993,0.0,0.0,0.0
148.45135496462225,9.063812112425921,20.999999999999993,0.0,0.0,0.0
148.45029307770886,9.073758523456474,20.999999999999996,0.0,0.0,0.0
148.4492311319137,9.083704931422039,20.999999999999996,0.0,0.0,0.0
148.44816912716792,9.093651336318919,20.999999999999993,0.0,0.0,0.0
148.4471070634026,9.103597738143637,20.999999999999993,0.0,0.0,0.0
148.44604494054877,9.113544136892543,20.999999999999996,0.0,0.0,0.0
148.4449827585376,9.123490532561997,20.999999999999993,0.0,0.0,0.0
148.44392051730006,9.133436925148523,20.999999999999996,0.0,0.0,0.0
148.44285821676718,9.143383314648414,20.999999999999993,0.0,0.0,0.0
148.44179585687004,9.153329701058194,20.999999999999993,0.0,0.0,0.0
148.44073343753956,9.163276084374154,20.999999999999993,0.0,0.0,0.0
148.43967095870684,9.173222464592818,20.999999999999993,0.0,0.0,0.0
148.43860842030278,9.183168841710476,20.999999999999993,0.0,0.0,0.0
148.43754582225836,9.193115215723646,20.999999999999993,0.0,0.0,0.0
148.43648316450452,9.20306158662868,20.999999999999993,0.0,0.0,0.0
148.43542044697224,9.21300795442192,20.999999999999993,0.0,0.0,0.0
148.43435766959237,9.222954319099884,20.999999999999993,0.0,0.0,0.0
148.43329483229584,9.232900680658863,20.999999999999993,0.0,0.0,0.0
148.43223193501353,9.242847039095372,20.999999999999993,0.0,0.0,0.0
148.43116897767635,9.252793394405694,20.999999999999993,0.0,0.0,0.0
148.4301059602151,9.262739746586348,20.999999999999993,0.0,0.0,0.0
148.42904288256068,9.272686095633615,20.999999999999993,0.0,0.0,0.0
148.4279797446439,9.282632441544006,20.999999999999996,0.0,0.0,0.0
148.4269165463955,9.292578784313863,20.999999999999993,0.0,0.0,0.0
148.42585328774638,9.302525123939528,20.999999999999993,0.0,0.0,0.0
148.42478996862724,9.31247146041751,20.999999999999993,0.0,0.0,0.0
148.42372658896895,9.322417793744092,20.999999999999993,0.0,0.0,0.0
148.42266314870216,9.332364123915777,20.99999999999999,0.0,0.0,0.0
148.42159964775766,9.342310450928847,20.99999999999999,0.0,0.0,0.0
148.42053608606616,9.352256774779809,20.999999999999996,0.0,0.0,0.0
148.41947246355838,9.362203095464942,20.999999999999993,0.0,0.0,0.0
148.41840878016495,9.37214941298075,20.999999999999993,0.0,0.0,0.0
148.41734503581662,9.382095727323568,20.999999999999993,0.0,0.0,0.0
148.416281230444,9.392042038489727,20.99999999999999,0.0,0.0,0.0
148.4152173639778,9.401988346475727,20.999999999999993,0.0,0.0,0.0
148.41415343634864,9.411934651277848,20.999999999999993,0.0,0.0,0.0
148.41308944748704,9.42188095289259,20.999999999999993,0.0,0.0,0.0
148.4120253973237,9.431827251316221,20.999999999999993,0.0,0.0,0.0
148.41096128578917,9.44177354654524,20.999999999999993,0.0,0.0,0.0
148.409897112814,9.45171983857598,20.999999999999996,0.0,0.0,0.0
148.40883287832878,9.46166612740477,20.999999999999993,0.0,0.0,0.0
148.40776858226405,9.471612413028097,20.999999999999993,0.0,0.0,0.0
148.40670422455028,9.48155869544224,20.999999999999993,0.0,0.0,0.0
148.40563980511806,9.491504974643687,20.999999999999996,0.0,0.0,0.0
148.40457532389783,9.50145125062871,20.999999999999996,0.0,0.0,0.0
148.40351078082006,9.511397523393802,20.999999999999993,0.0,0.0,0.0
148.40244617581521,9.521343792935225,20.999999999999993,0.0,0.0,0.0
148.40138150881378,9.531290059249473,20.999999999999993,0.0,0.0,0.0
148.40031677974613,9.541236322332866,20.999999999999996,0.0,0.0,0.0
148.39925198854274,9.551182582181728,20.99999999999999,0.0,0.0,0.0
148.39818713513398,9.561128838792538,20.999999999999996,0.0,0.0,0.0
148.39712221945024,9.57107509216157,20.999999999999993,0.0,0.0,0.0
148.3960572414219,9.581021342285306,20.99999999999999,0.0,0.0,0.0
148.39499220097923,9.590967589160007,20.999999999999993,0.0,0.0,0.0
148.39392709805267,9.600913832782158,20.999999999999993,0.0,0.0,0.0
148.39286193257252,9.610860073148018,20.99999999999999,0.0,0.0,0.0
148.39179670446904,9.62080631025407,20.99999999999999,0.0,0.0,0.0
148.39073141367257,9.63075254409663,20.99999999999999,0.0,0.0,0.0
148.38966606011337,9.640698774672012,20.999999999999993,0.0,0.0,0.0
148.3886006437217,9.650645001976695,20.999999999999993,0.0,0.0,0.0
148.3875351644278,9.660591226006929,20.999999999999993,0.0,0.0,0.0
148.38646962216188,9.670537446759203,20.999999999999993,0.0,0.0,0.0
148.38540401685418,9.680483664229767,20.99999999999999,0.0,0.0,0.0
148.38433834843488,9.690429878415099,20.999999999999993,0.0,0.0,0.0
148.3832726168342,9.700376089311444,20.999999999999996,0.0,0.0,0.0
148.38220682198224,9.710322296915288,20.999999999999993,0.0,0.0,0.0
148.3811409638092,9.720268501222936,20.999999999999993,0.0,0.0,0.0
148.38007504224518,9.73021470223069,20.999999999999993,0.0,0.0,0.0
148.3790090572203,9.740160899935024,20.999999999999993,0.0,0.0,0.0
148.3779430086647,9.750107094332186,20.999999999999993,0.0,0.0,0.0
148.3768768965084,9.760053285418655,20.999999999999993,0.0,0.0,0.0
148.37581072068156,9.769999473190664,20.999999999999996,0.0,0.0,0.0
148.37474448111413,9.779945657644694,20.999999999999993,0.0,0.0,0.0
148.37367817773622,9.789891838776981,20.999999999999993,0.0,0.0,0.0
148.37261181047782,9.799838016584005,20.999999999999993,0.0,0.0,0.0
148.37154537926898,9.809784191062056,20.999999999999996,0.0,0.0,0.0
148.3704788840396,9.819730362207434,20.999999999999993,0.0,0.0,0.0
148.36941232471975,9.829676530016606,20.999999999999993,0.0,0.0,0.0
148.36834570123935,9.83962269448581,20.999999999999993,0.0,0.0,0.0
148.3672790135283,9.849568855611517,20.999999999999993,0.0,0.0,0.0
148.3662122615166,9.859515013389958,20.999999999999993,0.0,0.0,0.0
148.3651454451341,9.8694611678176,20.999999999999993,0.0,0.0,0.0
148.36407856431072,9.879407318890678,20.999999999999993,0.0,0.0,0.0
148.36301161897632,9.889353466605654,20.999999999999996,0.0,0.0,0.0
148.3619446090608,9.899299610958819,20.999999999999993,0.0,0.0,0.0
148.36087753449397,9.909245751946465,20.99999999999999,0.0,0.0,0.0
148.35981039520564,9.91919188956505,20.999999999999993,0.0,0.0,0.0
148.35874319112568,9.929138023810804,20.999999999999993,0.0,0.0,0.0
148.35767592218383,9.939084154680186,20.999999999999996,0.0,0.0,0.0
148.35660858830994,9.94903028216943,20.99999999999999,0.0,0.0,0.0
148.35554118943367,9.958976406274987,20.99999999999999,0.0,0.0,0.0
148.35447372548484,9.968922526993083,20.999999999999996,0.0,0.0,0.0
148.3534061963932,9.978868644320182,20.999999999999993,0.0,0.0,0.0
148.3523386020884,9.988814758252559,20.999999999999993,0.0,0.0,0.0
148.35127094250015,9.9987608687865,20.999999999999993,0.0,0.0,0.0
148.35020321755815,10.008706975918459,20.99999999999999,0.0,0.0,0.0
148.3491354271921,10.01865307964465,20.999999999999993,0.0,0.0,0.0
148.3480675713316,10.028599179961535,20.999999999999993,0.0,0.0,0.0
148.3469996499063,10.038545276865328,20.999999999999993,0.0,0.0,0.0
148.34593166284583,10.048491370352487,20.999999999999993,0.0,0.0,0.0
148.34486361007973,10.058437460419222,20.999999999999993,0.0,0.0,0.0
148.34379549153763,10.068383547061984,20.999999999999993,0.0,0.0,0.0
148.34272730714912,10.07832963027705,20.999999999999993,0.0,0.0,0.0
148.3416590568437,10.088275710060692,20.999999999999993,0.0,0.0,0.0
148.34059074055094,10.098221786409361,20.999999999999993,0.0,0.0,0.0
148.33952235820033,10.108167859319261,20.999999999999993,0.0,0.0,0.0
148.33845390972138,10.118113928786846,20.999999999999993,0.0,0.0,0.0
148.33738539504358,10.12805999480832,20.999999999999996,0.0,0.0,0.0
148.3363168140964,10.138006057380137,20.999999999999993,0.0,0.0,0.0
148.33524816680927,10.147952116498496,20.999999999999993,0.0,0.0,0.0
148.33417945311166,10.157898172159845,20.99999999999999,0.0,0.0,0.0
148.33311067293295,10.167844224360449,20.99999999999999,0.0,0.0,0.0
148.33204182620258,10.177790273096573,20.999999999999993,0.0,0.0,0.0
148.33097291284986,10.187736318364658,20.99999999999999,0.0,0.0,0.0
148.32990393280426,10.197682360160908,20.999999999999993,0.0,0.0,0.0
148.32883488599504,10.20762839848176,20.999999999999993,0.0,0.0,0.0
148.32776577235157,10.217574433323415,20.999999999999993,0.0,0.0,0.0
148.3266965918032,10.227520464682316,20.99999999999999,0.0,0.0,0.0
148.32562734427916,10.237466492554717,20.999999999999993,0.0,0.0,0.0
148.32455802970878,10.24741251693688,20.999999999999993,0.0,0.0,0.0
148.3234886480213,10.257358537825239,20.999999999999993,0.0,0.0,0.0
148.32241919914603,10.267304555215992,20.999999999999993,0.0,0.0,0.0
148.3213496830121,10.277250569105565,21.0,0.0,0.0,0.0
148.32028009954885,10.287196579490164,20.999999999999996,0.0,0.0,0.0
148.31921044868534,10.297142586366213,20.999999999999993,0.0,0.0,0.0
148.31814073035088,10.307088589729913,20.999999999999996,0.0,0.0,0.0
148.31707094447455,10.317034589577688,20.999999999999993,0.0,0.0,0.0
148.3160010909855,10.326980585905792,20.999999999999996,0.0,0.0,0.0
148.31493116981292,10.336926578710475,20.999999999999993,0.0,0.0,0.0
148.31386118088588,10.34687256798816,20.999999999999993,0.0,0.0,0.0
148.3127911241335,10.356818553735042,20.999999999999993,0.0,0.0,0.0
148.31172099948483,10.366764535947544,20.999999999999993,0.0,0.0,0.0
148.31065080686895,10.376710514621854,20.999999999999996,0.0,0.0,0.0
148.3095805462149,10.386656489754388,20.999999999999993,0.0,0.0,0.0
148.30851021745173,10.39660246134135,20.999999999999993,0.0,0.0,0.0
148.3074398205084,10.406548429379145,20.999999999999996,0.0,0.0,0.0
148.30636935531393,10.416494393864019,21.0,0.0,0.0,0.0
148.30529882179732,10.426440354792222,20.999999999999993,0.0,0.0,0.0
