galstreams/tracks/track.st.Pal5.ibata2021.ecsv
# %ECSV 1.0
# ---
# datatype:
# - {name: ra, unit: deg, datatype: float64}
# - {name: dec, unit: deg, datatype: float64}
# - {name: distance, unit: kpc, datatype: float64}
# - {name: pm_ra_cosdec, unit: mas / yr, datatype: float64}
# - {name: pm_dec, unit: mas / yr, datatype: float64}
# - {name: radial_velocity, unit: km / s, datatype: float64}
# delimiter: ','
# meta: !!omap
# - __serialized_columns__:
#     dec:
#       __class__: astropy.coordinates.angles.Latitude
#       unit: &id001 !astropy.units.Unit {unit: deg}
#       value: !astropy.table.SerializedColumn {name: dec}
#     distance:
#       __class__: astropy.coordinates.distances.Distance
#       unit: !astropy.units.Unit {unit: kpc}
#       value: !astropy.table.SerializedColumn {name: distance}
#     pm_dec:
#       __class__: astropy.units.quantity.Quantity
#       unit: !astropy.units.Unit {unit: mas / yr}
#       value: !astropy.table.SerializedColumn {name: pm_dec}
#     pm_ra_cosdec:
#       __class__: astropy.units.quantity.Quantity
#       unit: !astropy.units.Unit {unit: mas / yr}
#       value: !astropy.table.SerializedColumn {name: pm_ra_cosdec}
#     ra:
#       __class__: astropy.coordinates.angles.Longitude
#       unit: *id001
#       value: !astropy.table.SerializedColumn {name: ra}
#       wrap_angle: !astropy.coordinates.Angle
#         unit: *id001
#         value: 360.0
#     radial_velocity:
#       __class__: astropy.units.quantity.Quantity
#       unit: !astropy.units.Unit {unit: km / s}
#       value: !astropy.table.SerializedColumn {name: radial_velocity}
# schema: astropy-2.0
ra,dec,distance,pm_ra_cosdec,pm_dec,radial_velocity
[from data line 698]
227.3996334316084,-1.4067482756326868,22.12465618873189,-2.8337290751423647,-2.852287403036125,-51.4283045205196
227.40694422376336,-1.3997277275810707,22.12681267243594,-2.8335300863809456,-2.8514073677527874,-51.40884912722056
227.41425781975423,-1.3927112829672335,22.128959897296106,-2.8333313017549564,-2.8505282625635684,-51.3894506619666
227.42157421761368,-1.385698938739326,22.131097872928702,-2.8331327230015577,-2.8496500877504074,-51.37010901202576
227.4288934153746,-1.3786906918455606,22.133226608950068,-2.832934351857809,-2.848772843595334,-51.350824064666426
227.4362154110698,-1.3716865392344344,22.13534611497653,-2.832736190060672,-2.8478965303804773,-51.331595707156815
227.443540202732,-1.3646864778546342,22.137456400624426,-2.8325382393470218,-2.8470211483880696,-51.31242382676478
227.45086778839422,-1.357690504654939,22.13955747551008,-2.832340501453631,-2.846146697900436,-51.29330831075891
227.4581981660891,-1.3506986165844468,22.141649349249825,-2.832142978117181,-2.8452731792000026,-51.27424904640719
227.46553133384967,-1.3437108105923163,22.143732031459987,-2.83194567107426,-2.8444005925692912,-51.25524592097778
227.4728672897087,-1.3367270836280238,22.145805531756903,-2.8317485820613597,-2.843528938290921,-51.23629882173918
227.48020603169917,-1.3297474326411078,22.1478698597569,-2.831551712814881,-2.8426582166476093,-51.217407635959255
227.48754755785384,-1.3227718545814233,22.149925025076307,-2.8313550650711328,-2.84178842792217,-51.198572250906075
227.49489186620576,-1.3158003463988865,22.151971037331457,-2.83115864056633,-2.840919572397511,-51.17979255384817
227.5022389547878,-1.3088329050437024,22.154007906138677,-2.8309624410365957,-2.840051650356637,-51.161068432053675
227.50958882163278,-1.301869527466263,22.156035641114304,-2.8307664682179627,-2.839184662082651,-51.14239977279048
227.5169414647738,-1.2949102106170542,22.158054251874656,-2.830570723846373,-2.8383186078587483,-51.123786463327086
227.52429688224362,-1.2879549514468827,22.16006374803608,-2.8303752096576735,-2.8374534879682187,-51.105228390931636
227.53165507207532,-1.2810037469066127,22.162064139214895,-2.8301799273876274,-2.836589302694451,-51.08672544287236
227.53901603230176,-1.2740565939474295,22.164055435027443,-2.8299848787719015,-2.835726052320921,-51.068277506417196
227.54637976095594,-1.2671134895205796,22.166037645090036,-2.8297900655460797,-2.8348637371312084,-51.04988446883469
227.55374625607075,-1.2601744305776281,22.168010779019014,-2.829595489445653,-2.834002357408981,-51.031546217392645
227.56111551567923,-1.2532394140702023,22.169974846430705,-2.829401152206022,-2.8331419134379976,-51.01326263935949
227.56848753781424,-1.2463084369502453,22.17192985694145,-2.829207055562501,-2.8322824055021143,-50.995033622003405
227.5758623205088,-1.2393814961697651,22.173875820167567,-2.829013201250318,-2.8314238338852795,-50.976859052592516
227.58323986179587,-1.2324585886810557,22.175812745725395,-2.82881959100461,-2.8305661988715336,-50.95873881839509
227.59062015970835,-1.225539711436601,22.177740643231257,-2.8286262265604316,-2.8297095007450106,-50.94067280667926
227.59800321227925,-1.2186248613889779,22.17965952230148,-2.828433109652744,-2.8288537397899325,-50.92266090471329
227.60538901754148,-1.211714035491083,22.181569392552415,-2.8282402420164274,-2.8279989162906167,-50.90470299976526
227.61277757352804,-1.2048072306958757,22.18347026360037,-2.828047625386275,-2.8271450305314723,-50.88679897910338
227.62016887827178,-1.1979044439566342,22.18536214506168,-2.8278552614969934,-2.8262920827969964,-50.86894872999594
227.62756292980578,-1.191005672226696,22.18724504655269,-2.8276631520832027,-2.8254400733717784,-50.851152139710955
227.63495972616286,-1.1841109124597209,22.189118977689716,-2.827471298879443,-2.8245890025405,-50.833409095516764
227.64235926537606,-1.1772201616094298,22.19098394808909,-2.827279703620163,-2.8237388705879276,-50.81571948468158
227.6497615454782,-1.1703334166298294,22.192839967367146,-2.827088368039734,-2.8228896777989245,-50.798083194473335
227.65716656450226,-1.1634506744751187,22.19468704514021,-2.8268972938724413,-2.8220414244584378,-50.78050011216057
227.66457432048114,-1.1565719320995902,22.196525191024616,-2.826706482852484,-2.821194110851506,-50.762970125011336
227.67198481144771,-1.149697186457855,22.198354414636704,-2.8265159367139807,-2.8203477372632553,-50.74549312029383
227.6793980354349,-1.1428264345045878,22.200174725592777,-2.826325657190973,-2.8195023039789047,-50.728068985276074
227.68681399047557,-1.1359596731947808,22.201986133509195,-2.8261356460174087,-2.818657811283754,-50.710697607226415
227.69423267460266,-1.12909689948349,22.203788648002273,-2.8259459049271634,-2.817814259463197,-50.69337887341308
227.7016540858489,-1.1222381103260897,22.205582278688347,-2.8257564356540272,-2.8169716488027117,-50.67611267110425
227.70907822224726,-1.1153833026780182,22.207367035183736,-2.825567239931713,-2.816129979587867,-50.658898887567915
227.71650508183055,-1.1085324734950301,22.20914292710479,-2.825378319493846,-2.8152892521043134,-50.641737410072686
227.72393466263156,-1.1016856197329463,22.210909964067817,-2.825189676073981,-2.8144494666377953,-50.62462812588621
227.73136696268313,-1.0948427383478707,22.212668155689173,-2.8250013114055843,-2.8136106234741334,-50.60757092227705
227.73880198001802,-1.088003826296102,22.21441751158517,-2.824813227222046,-2.8127727228992434,-50.59056568651336
227.74623971266908,-1.0811688805340316,22.216158041372132,-2.8246254252566807,-2.811935765199124,-50.57361230586318
227.75368015866897,-1.07433789801837,22.217889754666412,-2.824437907242718,-2.811099750659856,-50.55671066759484
227.76112331605054,-1.067510875705891,22.21961266108432,-2.8242506749133147,-2.8102646795676107,-50.539860658976444
227.76856918284645,-1.0606878105536877,22.2213267702422,-2.824063730001548,-2.8094305522086396,-50.52306216727621
227.77601775708948,-1.0538686995189148,22.22303209175638,-2.8238770742404125,-2.8085973688692802,-50.506315079762444
227.78346903681222,-1.0470535395590492,22.224728635243192,-2.823690709362835,-2.8077651298359534,-50.48961928370317
227.79092302004747,-1.0402423276316273,22.226416410318954,-2.823504637101661,-2.806933835395167,-50.472974666366646
227.79837970482777,-1.033435060694508,22.228095426600003,-2.823318859189657,-2.8061034858335088,-50.45638111502098
227.80583908918587,-1.0266317357056092,22.22976569370267,-2.823133377359519,-2.8052740814376502,-50.43983851693452
227.8133011711543,-1.0198323496231394,22.231427221243294,-2.822948193343862,-2.8044456224943457,-50.423346759375306
227.82076594876563,-1.0130368994054968,22.233080018838198,-2.8227633088752295,-2.803618109290432,-50.406905729611594
227.82823342005247,-1.006245382011175,22.234724096103704,-2.8225787256860904,-2.8027915421128298,-50.39051531491153
227.83570358304738,-0.9994577943989861,22.236359462656164,-2.8223944455088352,-2.8019659212485397,-50.37417540254356
227.84317643578288,-0.9926741335278073,22.237986128111885,-2.8222104700757864,-2.801141246984645,-50.357885879775495
227.85065197629137,-0.9858943963568316,22.239604102087213,-2.8220268011191862,-2.8003175196083077,-50.34164663387556
227.85813020260548,-0.9791185798453199,22.241213394198464,-2.8218434403712096,-2.7994947394067746,-50.325457552112354
227.8656111127575,-0.9723466809528473,22.242814014061985,-2.8216603895639536,-2.7986729066673695,-50.30931852175354
227.87309470478,-0.9655786966390543,22.2444059712941,-2.821477650429445,-2.797852021677498,-50.29322943006775
227.8805809767052,-0.9588146238639026,22.24598927551114,-2.8212952246996403,-2.797032084724645,-50.277190164322846
227.88806992656563,-0.9520544595874141,22.247563936329424,-2.8211131141064207,-2.7962130960963765,-50.26120061178723
227.8955615523936,-0.9452982007698985,22.2491299633653,-2.8209313203815976,-2.7953950560803364,-50.24526065972899
227.90305585222126,-0.9385458443718577,22.25068736623509,-2.820749845256911,-2.794577964964247,-50.22937019541637
227.910552824081,-0.9317973873538893,22.25223615455512,-2.8205686904640315,-2.7937618230359096,-50.21352910611738
227.9180524660051,-0.9250528266769077,22.25377633794173,-2.8203878577345556,-2.792946630583204,-50.197737279100615
227.92555477602573,-0.918312159301893,22.25530792601124,-2.820207348800017,-2.7921323878940902,-50.181994601633725
227.93305975217507,-0.9115753821901426,22.25683092837999,-2.8200271653918723,-2.791319095256601,-50.16630096098539
227.9405673924853,-0.9048424923030189,22.25834535466431,-2.8198473092415117,-2.7905067529588474,-50.150656244423466
227.94807769498848,-0.8981134866022022,22.259851214480527,-2.81966778208026,-2.7896953612890236,-50.13506033921638
227.95559065771675,-0.8913883620494367,22.261348517444965,-2.819488585639368,-2.788884920535393,-50.119513132632186
227.96310627870218,-0.8846671156067539,22.26283727317396,-2.819309721650021,-2.788075430986298,-50.104014511939084
227.9706245559767,-0.8779497442363763,22.264317491283844,-2.819131191843338,-2.787266892930157,-50.088564364405286
227.97814548757245,-0.8712362449006206,22.265789181390957,-2.8189529979503667,-2.7864593066554635,-50.07316257729911
227.9856690715212,-0.8645266145621245,22.267252353111605,-2.818775141702094,-2.7856526724507886,-50.05780903788838
227.99319530585495,-0.8578208501835878,22.26870701606214,-2.8185976248294318,-2.7848469906047737,-50.04250363344164
228.00072418860552,-0.8511189487280298,22.27015317985888,-2.818420449063235,-2.7840422614061415,-50.02724625122696
228.00825571780484,-0.8444209071585328,22.271590854118173,-2.8182436161342848,-2.7832384851436807,-50.01203677851257
228.0157898914846,-0.8377267224384994,22.27302004845632,-2.8180671277733014,-2.7824356621062623,-49.996875102566506
228.02332670767666,-0.8310363915313926,22.27444077248968,-2.817890985710939,-2.781633792582823,-49.98176111065717
228.03086616441263,-0.8243499114009987,22.27585303583457,-2.817715191677787,-2.7808328768623807,-49.966694690052485
228.0384082597243,-0.8176672790111625,22.27725684810731,-2.8175397474043686,-2.7800329152340213,-49.95167572802098
228.04595299164328,-0.8109884913260192,22.278652218924258,-2.8173646546211457,-2.7792339079869026,-49.93670411183067
228.05350035820106,-0.8043135453098946,22.28003915790172,-2.817189915058516,-2.778435855410259,-49.9217797287497
228.06105035742937,-0.7976424379272086,22.28141767465604,-2.8170155304468114,-2.7776387577933934,-49.90690246604639
228.06860298735958,-0.7909751661427015,22.282787778803534,-2.816841502516304,-2.7768426154256813,-49.892072210988694
228.07615824602325,-0.7843117269211748,22.284149479960554,-2.8166678329972,-2.7760474285965686,-49.87728885084516
228.08371613145172,-0.7776521172277522,22.285502787743408,-2.8164945236196486,-2.7752531975955756,-49.86255227288361
228.09127664167653,-0.770996334027616,22.286847711768445,-2.8163215761137312,-2.774459922712288,-49.84786236437244
228.09883977472882,-0.7643443742862718,22.28818426165198,-2.816148992209472,-2.7736676042363673,-49.83321901257981
228.10640552864007,-0.7576962349692862,22.28951244701035,-2.815976773636831,-2.77287624245754,-49.818622104773944
228.11397390144143,-0.7510519130425121,22.290832277459895,-2.81580492212571,-2.772085837665604,-49.804071528222956
228.12154489116406,-0.7444114054719956,22.292143762616927,-2.81563343940595,-2.7712963901504297,-49.789567170195
228.1291184958392,-0.7377747092238749,22.293446912097792,-2.81546232720733,-2.7705079002019515,-49.775108917958406
228.13669471349795,-0.7311418212646107,22.294741735518812,-2.8152915872595696,-2.769720368110175,-49.760696658781384
228.14427354217136,-0.7245127385607226,22.296028242496316,-2.8151212212923338,-2.7689337941651746,-49.74633027993183
228.15185497989037,-0.7178874580790525,22.29730644264664,-2.8149512310352227,-2.768148178657092,-49.73200966867831
228.1594390246861,-0.7112659767865034,22.298576345586117,-2.8147816182177765,-2.7673635218761325,-49.717734712288774
228.1670256745893,-0.7046482916502971,22.299837960931068,-2.8146123845694864,-2.766579824112578,-49.70350529803144
228.17461492763093,-0.6980343996377185,22.301091298297834,-2.8144435318197774,-2.765797085656766,-49.68932131317459
228.18220678184178,-0.6914242977163733,22.302336367302733,-2.8142750616980186,-2.7650153067991114,-49.675182644986435
228.18980123525265,-0.684817982853925,22.303573177562104,-2.8141069759335253,-2.764234487830088,-49.661089180734876
228.1973982858942,-0.6782154520183293,22.304801738692277,-2.8139392762555504,-2.7634546290402375,-49.64704080768857
228.20499793179704,-0.6716167021777293,22.30602206030958,-2.813771964393297,-2.7626757307201673,-49.63303741311518
228.21260017099192,-0.6650217303003636,22.307234152030343,-2.8136050420759053,-2.7618977931605504,-49.619078884283375
228.22020500150927,-0.65843053335479,22.308438023470895,-2.813438511032465,-2.761120816652126,-49.605165108461115
228.22781242137964,-0.6518431083096276,22.309633684247576,-2.813272372992006,-2.7603448014856933,-49.59129597291656
228.23542242863343,-0.645259452133816,22.310821143976707,-2.813106629683509,-2.759569747952121,-49.577471364917976
228.2430350213011,-0.6386795617963553,22.31200041227462,-2.8129412828358937,-2.7587956563423393,-49.56369117173353
228.25065019741294,-0.6321034342665653,22.31317149875765,-2.8127763341780305,-2.75802252694734,-49.549955280631494
228.25826795499924,-0.6255310665138283,22.31433441304212,-2.812611785438732,-2.757250360058183,-49.53626357887983
228.26588829209018,-0.6189624555078453,22.315489164744356,-2.81244763834676,-2.7564791559659874,-49.52261595374695
228.27351120671602,-0.6123975982183778,22.316635763480708,-2.81228389463082,-2.755708914961932,-49.509012292501005
228.2811366969068,-0.6058364916154761,22.317774218867495,-2.8121205560195666,-2.7549396373372654,-49.49545248240998
228.28876476069257,-0.5992791326693796,22.31890454052105,-2.8119576242416016,-2.7541713233832907,-49.48193641074263
228.29639539610335,-0.5927255183504222,22.320026738057688,-2.811795101025478,-2.7534039733913804,-49.46846396476639
228.304028601169,-0.5861756456292566,22.32114082109376,-2.8116329880996895,-2.7526375876529587,-49.45503503174991
228.3116643739195,-0.5796295114765956,22.32224679924559,-2.811471287192682,-2.751872166459516,-49.44164949896132
228.31930271238457,-0.5730871128634735,22.323344682129502,-2.811310000032854,-2.751107710102604,-49.428307253668606
228.32694361459406,-0.5665484467609841,22.324434479361837,-2.8111491283485472,-2.750344218873832,-49.415008183140316
228.33458707857756,-0.5600135101405407,22.32551620055892,-2.8109886738680556,-2.7495816930648704,-49.40175217464453
228.34223310236476,-0.5534822999736174,22.326589855337073,-2.810828638319622,-2.748820132967448,-49.388539115449085
228.3498816839852,-0.5469548132320079,22.327655453312637,-2.810669023431441,-2.7480595388733535,-49.37536889282257
228.35753282146842,-0.540431046887566,22.328713004101946,-2.8105098309316583,-2.747299911074433,-49.36224139403314
228.36518651284385,-0.5339109979124339,22.32976251732132,-2.810351062548365,-2.7465412498625925,-49.349156506348834
228.3728427561408,-0.5273946632789404,22.330804002587094,-2.8101927200096117,-2.7457835555297962,-49.33611411703776
228.3805015493887,-0.5208820399595117,22.331837469515598,-2.8100348050433945,-2.7450268283680637,-49.32311411336825
228.38816289061674,-0.5143731249268887,22.332862927723166,-2.8098773193776623,-2.7442710686694745,-49.310156382608774
228.39582677785413,-0.5078679151538759,22.333880386826124,-2.8097202647403208,-2.7435162767261634,-49.297240812026985
228.4034932091299,-0.5013664076135944,22.334889856440796,-2.809563642859222,-2.742762452830324,-49.284367288891396
228.41116218247325,-0.4948685992792279,22.335891346183534,-2.809407455462174,-2.7420095972742007,-49.27153570047016
228.41883369591307,-0.4883744871242773,22.336884865670644,-2.8092517042769396,-2.741257710350102,-49.25874593403131
228.42650774747833,-0.48188406812230467,22.33787042451847,-2.8090963910312317,-2.740506792350385,-49.24599787684333
