galstreams/tracks/track.st.Phlegethon.ibata2021.ecsv
# %ECSV 0.9
# ---
# datatype:
# - {name: ra, unit: deg, datatype: float64}
# - {name: dec, unit: deg, datatype: float64}
# - {name: distance, unit: kpc, datatype: float64}
# - {name: pm_ra_cosdec, unit: mas / yr, datatype: float64}
# - {name: pm_dec, unit: mas / yr, datatype: float64}
# - {name: radial_velocity, unit: km / s, datatype: float64}
# delimiter: ','
# meta: !!omap
# - __serialized_columns__:
#     dec:
#       __class__: astropy.coordinates.angles.Latitude
#       unit: &id001 !astropy.units.Unit {unit: deg}
#       value: !astropy.table.SerializedColumn {name: dec}
#     distance:
#       __class__: astropy.coordinates.distances.Distance
#       unit: !astropy.units.Unit {unit: kpc}
#       value: !astropy.table.SerializedColumn {name: distance}
#     pm_dec:
#       __class__: astropy.units.quantity.Quantity
#       unit: !astropy.units.Unit {unit: mas / yr}
#       value: !astropy.table.SerializedColumn {name: pm_dec}
#     pm_ra_cosdec:
#       __class__: astropy.units.quantity.Quantity
#       unit: !astropy.units.Unit {unit: mas / yr}
#       value: !astropy.table.SerializedColumn {name: pm_ra_cosdec}
#     ra:
#       __class__: astropy.coordinates.angles.Longitude
#       unit: *id001
#       value: !astropy.table.SerializedColumn {name: ra}
#       wrap_angle: !astropy.coordinates.Angle
#         unit: *id001
#         value: 360.0
#     radial_velocity:
#       __class__: astropy.units.quantity.Quantity
#       unit: !astropy.units.Unit {unit: km / s}
#       value: !astropy.table.SerializedColumn {name: radial_velocity}
# schema: astropy-2.0
ra,dec,distance,pm_ra_cosdec,pm_dec,radial_velocity
[from data line 1234]
319.2559252991199,-36.56740362902908,3.352223809559162,-4.764161938311949,-36.82605041906923,1.6841534259744677e-13
319.25904792824815,-36.55754851395968,3.352116062489327,-4.7624691784719,-36.82844039962074,3.031476166754042e-13
319.26216889462887,-36.54769320729604,3.352008333150089,-4.76077662483905,-36.83082733018409,3.031476166754042e-13
319.2652881992861,-36.53783770919488,3.351900621591851,-4.7590842774341855,-36.83321121134419,3.3683068519489354e-13
319.2684058432433,-36.527982019812576,3.351792927865017,-4.75739213627781,-36.8355920436858,1.6841534259744677e-13
319.2715218275231,-36.51812613930551,3.351685252019992,-4.755700201390146,-36.83796982779358,1.6841534259744677e-13
319.2746361531474,-36.50827006782993,3.351577594107179,-4.754008472791249,-36.840344564252156,2.694645481559148e-13
319.2777488211376,-36.498413805541745,3.351469954176981,-4.752316950500832,-36.84271625364603,2.3578147963642546e-13
319.28085983251407,-36.48855735259694,3.351362332279803,-4.750625634538416,-36.845084896559605,2.694645481559148e-13
319.2839691882967,-36.478700709151106,3.3512547284660483,-4.748934524923234,-36.847450493577234,2.3578147963642546e-13
319.2870768895046,-36.46884387535992,3.351147142786121,-4.747243621674304,-36.849813045283135,1.347322740779574e-13
319.2901829371561,-36.45898685137868,3.351039575290424,-4.745552924810378,-36.85217255226147,2.3578147963642546e-13
319.29328733226896,-36.44912963736267,3.350932026029362,-4.743862434349916,-36.85452901509632,2.3578147963642546e-13
319.2963900758601,-36.43927223346706,3.350824495053338,-4.7421721503112355,-36.8568824343716,2.3578147963642546e-13
319.29949116894574,-36.42941463984667,3.3507169824127567,-4.740482072712279,-36.85923281067124,2.694645481559148e-13
319.30259061254156,-36.419556856656335,3.3506094881580215,-4.738792201570824,-36.861580144579015,1.6841534259744677e-13
319.3056884076622,-36.409698884050755,3.3505020123395357,-4.737102536904413,-36.86392443667863,3.031476166754042e-13
319.308784555322,-36.39984072218428,3.3503945550077043,-4.735413078730243,-36.866265687553714,2.3578147963642546e-13
319.3118790565342,-36.38998237121137,3.35028711621293,-4.733723827065383,-36.86860389778776,3.031476166754042e-13
319.31497191231176,-36.38012383128605,3.3501796960056174,-4.732034781926556,-36.87093906796423,2.020984111169361e-13
319.3180631236665,-36.370265102562456,3.350072294436169,-4.730345943330308,-36.87327119866646,2.020984111169361e-13
319.3211526916097,-36.36040618519436,3.3499649115549905,-4.728657311292926,-36.87560029047771,2.020984111169361e-13
319.3242406171521,-36.35054707933551,3.349857547412484,-4.7269688858304075,-36.87792634398116,2.694645481559148e-13
319.3273269013034,-36.34068778513951,3.349750202059055,-4.7252806669585965,-36.880249359759866,1.6841534259744677e-13
319.3304115450731,-36.33082830275967,3.349642875545104,-4.723592654692979,-36.88256933839685,2.3578147963642546e-13
319.3334945494694,-36.32096863234928,3.349535567921039,-4.721904849048901,-36.88488628047497,2.3578147963642546e-13
319.3365759155002,-36.31110877406151,3.349428279237261,-4.720217250041397,-36.88720018657709,2.3578147963642546e-13
319.3396556441726,-36.30124872804919,3.349321009544175,-4.718529857685285,-36.88951105728589,3.031476166754042e-13
319.3427337364929,-36.29138849446521,3.349213758892185,-4.716842671995158,-36.89181889318401,2.020984111169361e-13
319.34581019346683,-36.28152807346211,3.349106527331693,-4.715155692985331,-36.89412369485403,2.694645481559148e-13
319.34888501609936,-36.2716674651925,3.348999314913104,-4.7134689206699125,-36.896425462878355,2.694645481559148e-13
319.35195820539485,-36.261806669808585,3.3488921216868226,-4.711782355062736,-36.8987241978394,2.3578147963642546e-13
319.3550297623568,-36.25194568746262,3.348784947703252,-4.710095996177424,-36.901019900319405,2.020984111169361e-13
319.35809968798804,-36.242084518306704,3.3486777930127953,-4.7084098440273845,-36.90331257090058,2.3578147963642546e-13
319.36116798329084,-36.23222316249259,3.3485706576658574,-4.706723898625693,-36.90560221016503,2.694645481559148e-13
319.3642346492667,-36.22236162017208,3.3484635417128406,-4.705038159985289,-36.90788881869475,2.020984111169361e-13
319.3672996869162,-36.212499891496805,3.348356445204149,-4.703352628118832,-36.91017239707169,2.020984111169361e-13
319.3703630972397,-36.202637976618085,3.3482493681901877,-4.701667303038715,-36.91245294587765,2.3578147963642546e-13
319.3734248812364,-36.19277587568731,3.3481423107213604,-4.6999821847571575,-36.91473046569437,2.694645481559148e-13
319.37648503990516,-36.18291358885549,3.3480352728480702,-4.698297273286064,-36.917004957103536,2.3578147963642546e-13
319.3795435742438,-36.17305111627373,3.347928254620721,-4.696612568637196,-36.919276420686714,2.020984111169361e-13
319.38260048524984,-36.163188458092755,3.3478212560897154,-4.694928070821991,-36.92154485702537,2.020984111169361e-13
319.38565577391967,-36.153325614463256,3.34771427730546,-4.693243779851731,-36.92381026670088,1.0104920555846805e-13
319.3887094412493,-36.14346258553587,3.3476073183183566,-4.691559695737393,-36.92607265029458,1.6841534259744677e-13
319.39176148823407,-36.13359937146084,3.347500379178808,-4.689875818489744,-36.928332008387656,1.347322740779574e-13
319.39481191586833,-36.12373597238851,3.3473934599372206,-4.688192148119358,-36.93058834156124,3.031476166754042e-13
319.3978607251461,-36.113872388468835,3.3472865606439965,-4.686508684636509,-36.93284165039637,1.347322740779574e-13
319.40090791706035,-36.10400861985183,3.3471796813495396,-4.68482542805129,-36.935091935473984,4.041968222338722e-13
319.40395349260365,-36.09414466668732,3.347072822104255,-4.683142378373542,-36.93733919737494,2.694645481559148e-13
319.40699745276777,-36.08428052912481,3.346965982958545,-4.681459535612877,-36.93958343668001,2.694645481559148e-13
319.4100397985438,-36.07441620731391,3.346859163962814,-4.6797768997786715,-36.94182465396989,2.3578147963642546e-13
319.41308053092206,-36.06455170140386,3.3467523651674655,-4.678094470880058,-36.94406284982515,2.020984111169361e-13
319.4161196508923,-36.05468701154387,3.3466455866229032,-4.676412248925978,-36.94629802482629,2.3578147963642546e-13
319.41915715944356,-36.04482213788307,3.3465388283795323,-4.674730233925105,-36.94853017955375,2.020984111169361e-13
319.42219305756413,-36.03495708057021,3.3464320904877543,-4.673048425885911,-36.95075931458783,1.347322740779574e-13
319.4252273462417,-36.02509183975416,3.3463253729979754,-4.671366824816621,-36.95298543050878,2.3578147963642546e-13
319.4282600264632,-36.015226415583406,3.3462186759605976,-4.669685430725226,-36.95520852789675,2.3578147963642546e-13
319.4312910992149,-36.00536080820645,3.3461119994260256,-4.66800424361951,-36.9574286073318,2.694645481559148e-13
319.4343205654824,-35.99549501777163,3.346005343444662,-4.666323263507021,-36.95964566939391,2.3578147963642546e-13
319.4373484262506,-35.98562904442702,3.3458987080669123,-4.66464249039506,-36.961859714662936,2.694645481559148e-13
319.44037468250366,-35.975762888320695,3.3457920933431797,-4.662961924290748,-36.9640707437187,2.3578147963642546e-13
319.4433993352252,-35.96589654960043,3.345685499323867,-4.661281565200941,-36.96627875714092,2.020984111169361e-13
319.446422385398,-35.956030028414006,3.3455789260593796,-4.659601413132265,-36.96848375550917,2.020984111169361e-13
319.4494438340043,-35.94616332490902,3.3454723736001193,-4.657921468091164,-36.97068573940302,2.694645481559148e-13
319.45246368202555,-35.93629643923277,3.3453658419964922,-4.656241730083796,-36.972884709401896,1.0104920555846805e-13
319.4554819304425,-35.92642937153267,3.3452593312989003,-4.654562199116162,-36.97508066608516,3.031476166754042e-13
319.4584985802354,-35.916562121955714,3.3451528415577485,-4.652882875193974,-36.977273610032064,2.020984111169361e-13
319.4615136323836,-35.90669469064895,3.345046372823439,-4.651203758322778,-36.979463541821815,2.694645481559148e-13
319.4645270878659,-35.89682707775925,3.3449399251463787,-4.649524848507845,-36.98165046203346,2.694645481559148e-13
319.4675389476605,-35.8869592834332,3.344833498576968,-4.647846145754254,-36.98383437124603,2.020984111169361e-13
319.4705492127445,-35.87709130781746,3.3447270931656123,-4.6461676500668965,-36.98601527003842,1.6841534259744677e-13
319.473557884095,-35.867223151058305,3.344620708962716,-4.644489361450352,-36.98819315898947,2.020984111169361e-13
319.47656496268786,-35.857354813302045,3.344514346018682,-4.642811279909029,-36.990368038677914,2.020984111169361e-13
319.47957044949845,-35.84748629469485,3.3444080043839137,-4.641133405447169,-36.99253990968239,2.3578147963642546e-13
319.4825743455015,-35.83761759538257,3.344301684108815,-4.63945573806871,-36.99470877258149,2.3578147963642546e-13
319.48557665167107,-35.82774871551111,3.3441953852437916,-4.637778277777381,-36.99687462795363,2.3578147963642546e-13
319.4885773689805,-35.817879655226065,3.344089107839244,-4.636101024576732,-36.999037476377254,1.6841534259744677e-13
319.4915764984024,-35.808010414673,3.3439828519455794,-4.634423978470084,-37.00119731843059,3.031476166754042e-13
319.49457404090884,-35.79814099399734,3.3438766176131987,-4.632747139460534,-37.00335415469191,3.031476166754042e-13
319.49756999747115,-35.788271393344246,3.3437704048925077,-4.631070507550932,-37.00550798573932,3.3683068519489354e-13
319.50056436906004,-35.77840161285888,3.3436642138339105,-4.629394082743925,-37.00765881215082,1.6841534259744677e-13
319.50355715664534,-35.768531652686114,3.3435580444878084,-4.627717865042005,-37.0098066345044,1.6841534259744677e-13
319.50654836119645,-35.758661512970804,3.343451896904607,-4.6260418544473545,-37.011951453377876,2.694645481559148e-13
319.50953798368204,-35.74879119385767,3.3433457711347097,-4.624366050962001,-37.01409326934903,1.6841534259744677e-13
319.5125260250701,-35.73892069549112,3.3432396672285205,-4.622690454587715,-37.016232082995565,3.3683068519489354e-13
319.5155124863278,-35.72905001801563,3.3431335852364428,-4.621015065326109,-37.01836789489505,2.3578147963642546e-13
319.51849736842195,-35.71917916157533,3.3430275252088815,-4.619339883178508,-37.02050070562498,2.020984111169361e-13
319.5214806723184,-35.709308126314426,3.3429214871962385,-4.617664908146065,-37.0226305157628,1.0104920555846805e-13
319.52446239898245,-35.699436912376754,3.3428154712489198,-4.615990140229745,-37.02475732588583,2.694645481559148e-13
319.52744254937875,-35.689565519906175,3.342709477417327,-4.61431557943024,-37.02688113657129,2.694645481559148e-13
319.53042112447116,-35.67969394904638,3.342603505751866,-4.612641225748091,-37.02900194839636,2.020984111169361e-13
319.53339812522313,-35.66982219994082,3.342497556302938,-4.610967079183558,-37.03111976193812,2.020984111169361e-13
319.53637355259724,-35.65995027273289,3.34239162912095,-4.60929313973672,-37.0332345777735,2.020984111169361e-13
319.5393474075554,-35.6500781675659,3.3422857242563038,-4.607619407407492,-37.035346396479426,1.6841534259744677e-13
319.542319691059,-35.64020588458284,3.342179841759403,-4.605945882195492,-37.0374552186327,2.020984111169361e-13
319.54529040406845,-35.63033342392676,3.342073981680652,-4.6042725641002065,-37.03956104481002,2.694645481559148e-13
319.54825954754403,-35.62046078574034,3.3419681440704547,-4.602599453120829,-37.04166387558803,1.6841534259744677e-13
319.5512271224448,-35.6105879701664,3.3418623289792144,-4.60092654925643,-37.043763711543264,2.694645481559148e-13
319.55419312972947,-35.60071497734732,3.3417565364573356,-4.599253852505833,-37.045860553252176,1.6841534259744677e-13
319.557157570356,-35.59084180742556,3.3416507665552215,-4.597581362867609,-37.04795440129112,1.6841534259744677e-13
319.5601204452818,-35.58096846054342,3.3415450193232763,-4.595909080340203,-37.05004525623641,1.347322740779574e-13
319.5630817554635,-35.57109493684288,3.341439294811903,-4.594237004921767,-37.0521331186642,2.3578147963642546e-13
319.56604150185694,-35.561221236465975,3.3413335930715062,-4.592565136610338,-37.0542179891506,1.6841534259744677e-13
319.56899968541757,-35.55134735955457,3.3412279141524905,-4.590893475403668,-37.05629986827164,2.3578147963642546e-13
319.5719563071001,-35.54147330625023,3.341122258105258,-4.589222021299335,-37.05837875660323,2.694645481559148e-13
319.5749113678585,-35.53159907669461,3.341016624980213,-4.587550774294699,-37.06045465472121,2.3578147963642546e-13
319.57786486864603,-35.52172467102903,3.3409110148277597,-4.585879734386925,-37.06252756320135,3.3683068519489354e-13
319.58081681041557,-35.51185008939482,3.3408054276983012,-4.584208901572978,-37.064597482619334,2.020984111169361e-13
319.583767194119,-35.501975331933004,3.340699863642242,-4.582538275849601,-37.0666644135507,2.3578147963642546e-13
319.5867160207078,-35.49210039878463,3.3405943227099857,-4.58086785721333,-37.068728356570944,2.694645481559148e-13
319.58966329113264,-35.48222529009058,3.3404888049519363,-4.579197645660539,-37.0707893122555,2.020984111169361e-13
319.59260900634365,-35.47235000599145,3.3403833104184977,-4.577527641187327,-37.07284728117965,2.3578147963642546e-13
319.5955531672901,-35.46247454662786,3.340277839160073,-4.5758578437896675,-37.074902263918645,1.6841534259744677e-13
319.59849577492093,-35.4525989121403,3.3401723912270658,-4.574188253463267,-37.07695426104763,2.020984111169361e-13
319.6014368301841,-35.44272310266892,3.3400669666698812,-4.572518870203653,-37.07900327314165,1.347322740779574e-13
319.60437633402717,-35.432847118354005,3.3399615655389217,-4.57084969400619,-37.081049300775675,2.020984111169361e-13
319.6073142873969,-35.42297095933543,3.339856187884592,-4.569180724865946,-37.083092344524594,2.020984111169361e-13
319.61025069123934,-35.413094625753175,3.339750833757295,-4.567511962777906,-37.085132404963204,2.020984111169361e-13
319.6131855465001,-35.403218117746874,3.3396455032074353,-4.565843407736748,-37.08716948266619,3.3683068519489354e-13
319.616118854124,-35.39334143545616,3.3395401962854168,-4.564175059737021,-37.089203578208185,1.347322740779574e-13
319.6190506150552,-35.38346457902054,3.339434913041643,-4.562506918773048,-37.09123469216374,2.020984111169361e-13
319.6219808302372,-35.37358754857924,3.339329653526517,-4.560838984838953,-37.09326282510727,3.031476166754042e-13
319.62490950061294,-35.36371034427147,3.3392244177904438,-4.559171257928649,-37.09528797761315,2.3578147963642546e-13
319.6278366271246,-35.35383296623633,3.3391192058838253,-4.557503738035903,-37.097310150255666,2.694645481559148e-13
319.6307622107139,-35.34395541461263,3.3390140178570675,-4.555836425154189,-37.09932934360898,1.6841534259744677e-13
319.6336862523217,-35.33407768953923,3.3389088537605733,-4.554169319276869,-37.1013455582472,3.031476166754042e-13
319.63660875288815,-35.324199791154626,3.3388037136447473,-4.5525024203971025,-37.10335879474433,2.694645481559148e-13
319.6395297133531,-35.31432171959747,3.3386985975599917,-4.550835728507783,-37.10536905367431,2.3578147963642546e-13
319.6424491346555,-35.304443475005975,3.3385935055567106,-4.549169243601659,-37.107376335610965,2.3578147963642546e-13
319.64536701773363,-35.29456505751841,3.3384884376853083,-4.5475029656713195,-37.10938064112806,3.3683068519489354e-13
319.64828336352525,-35.28468646727292,3.3383833939961898,-4.545836894709062,-37.111381970799236,2.020984111169361e-13
319.65119817296744,-35.27480770440733,3.338278374539757,-4.544171030707058,-37.113380325198094,2.020984111169361e-13
319.65411144699647,-35.26492876905957,3.3381733793664137,-4.542505373657292,-37.11537570489813,2.694645481559148e-13
319.6570231865483,-35.2550496613672,3.3380684085265653,-4.540839923551497,-37.11736811047272,2.694645481559148e-13
319.65993339255795,-35.245170381467794,3.337963462070615,-4.53917468038127,-37.11935754249519,2.020984111169361e-13
319.66284206595986,-35.235290929498824,3.337858540048965,-4.537509644137979,-37.12134400153879,1.347322740779574e-13
