galstreams/tracks/track.st.NGC1261a.ibata2024.ecsv
# %ECSV 1.0
# ---
# datatype:
# - {name: ra, unit: deg, datatype: float64}
# - {name: dec, unit: deg, datatype: float64}
# - {name: distance, unit: kpc, datatype: float64}
# - {name: pm_ra_cosdec, unit: mas / yr, datatype: float64}
# - {name: pm_dec, unit: mas / yr, datatype: float64}
# - {name: radial_velocity, unit: km / s, datatype: float64}
# delimiter: ','
# meta: !!omap
# - __serialized_columns__:
#     dec:
#       __class__: astropy.coordinates.angles.Latitude
#       unit: &id001 !astropy.units.Unit {unit: deg}
#       value: !astropy.table.SerializedColumn {name: dec}
#     distance:
#       __class__: astropy.coordinates.distances.Distance
#       unit: !astropy.units.Unit {unit: kpc}
#       value: !astropy.table.SerializedColumn {name: distance}
#     pm_dec:
#       __class__: astropy.units.quantity.Quantity
#       unit: !astropy.units.Unit {unit: mas / yr}
#       value: !astropy.table.SerializedColumn {name: pm_dec}
#     pm_ra_cosdec:
#       __class__: astropy.units.quantity.Quantity
#       unit: !astropy.units.Unit {unit: mas / yr}
#       value: !astropy.table.SerializedColumn {name: pm_ra_cosdec}
#     ra:
#       __class__: astropy.coordinates.angles.Longitude
#       unit: *id001
#       value: !astropy.table.SerializedColumn {name: ra}
#       wrap_angle: !astropy.coordinates.Angle
#         unit: *id001
#         value: 360.0
#     radial_velocity:
#       __class__: astropy.units.quantity.Quantity
#       unit: !astropy.units.Unit {unit: km / s}
#       value: !astropy.table.SerializedColumn {name: radial_velocity}
# schema: astropy-2.0
ra,dec,distance,pm_ra_cosdec,pm_dec,radial_velocity
[from data line 1163]
50.41300589860838,-50.33165885175136,1.0,2.272069933991215,-1.4074952392683096,15.817020332185804
50.41789631703076,-50.322063879580824,1.0,2.2729640082992058,-1.406529066538532,15.805278264920794
50.42279388627845,-50.312469991820564,1.0,2.273855861571697,-1.4055638200682732,15.79415129873584
50.42769862520987,-50.302877190668966,1.0,2.274745486003741,-1.4045995076732471,15.783640959900602
50.43261055267145,-50.293285478319646,0.9999999999999999,2.2756328737918543,-1.4036361371723831,15.77374877468471
50.43752968749771,-50.28369485696147,1.0,2.2765180171340202,-1.4026737163878389,15.76447626935783
50.44245604851129,-50.274105328778504,1.0,2.2774009082297026,-1.4017122531450148,15.755824970189588
50.44738965452294,-50.26451689595007,1.0,2.2782815392798597,-1.4007517552725601,15.747796403449632
50.45233052433152,-50.25492956065064,1.0,2.2791599024869527,-1.3997922306023909,15.740392095407596
50.45727867672414,-50.24534332504992,1.0,2.280035990054958,-1.3988336869696951,15.73361357233315
50.462234130476034,-50.235758191312755,1.0,2.2809097941893794,-1.397876132212948,15.727462360495915
50.46719690435069,-50.22617416159922,1.0,2.28178130709726,-1.3969195741739244,15.721939986165546
50.47216701709981,-50.216591238064495,0.9999999999999999,2.2826505209871946,-1.3959640206977073,15.71704797561168
50.47714448746338,-50.20700942285896,1.0,2.283517428069335,-1.3950094796326984,15.712787855103985
50.48212933416965,-50.197428718128094,0.9999999999999999,2.2843820205554133,-1.394055958830639,15.709161150912072
50.4871215759352,-50.18784912601252,1.0,2.285244290658743,-1.3931034661466084,15.706169389305606
50.492121231464914,-50.17827064864802,1.0000000000000002,2.286104230594235,-1.3921520094390458,15.703814096554218
50.49712831945206,-50.16869328816541,1.0,2.2869618325784113,-1.3912015965697584,15.702096798927572
50.50214285857825,-50.15911704669067,1.0,2.2878170888294127,-1.390252235403929,15.701019022695297
50.507164867513524,-50.149541926344845,1.0,2.2886699915670126,-1.3893039338101372,15.700582294127036
50.51219436491632,-50.13996792924407,1.0,2.2895205330126296,-1.3883566996603616,15.70078813949244
50.51723136943354,-50.130395057499555,1.0,2.290368705389338,-1.3874105408299984,15.701638085061155
50.522275899700524,-50.120823313217535,0.9999999999999999,2.291214500921883,-1.3864654651978667,15.703133657102816
50.52732797434114,-50.111252698499314,1.0000000000000002,2.292057911836685,-1.3855214806462293,15.705276381887076
50.53238761196773,-50.10168321544125,1.0,2.2928989303618614,-1.3845785950607956,15.708067785683582
50.537454831181186,-50.092114866134686,1.0,2.2937375487272305,-1.3836368163307373,15.711509394761972
50.54252965057098,-50.082547652666044,1.0,2.2945737591643285,-1.3826961523487005,15.715602735391894
50.547612088715105,-50.07298157711669,1.0,2.2954075539064203,-1.3817566110108173,15.720349333842973
50.55270216418021,-50.06341664156304,1.0,2.2962389251885087,-1.380818200216716,15.725750716384885
50.55779989552155,-50.05385284807643,1.0,2.2970678652473517,-1.379880927869538,15.731808409287256
50.562905301283,-50.044290198723246,1.0000000000000002,2.29789436632147,-1.3789448018759431,15.738523938819732
50.56801839999715,-50.03472869556477,1.0,2.2987184206511633,-1.378009830146124,15.74589883125196
50.573139210185246,-50.0251683406573,1.0,2.299540020478517,-1.37707602059382,15.753934612853586
50.57826775035726,-50.01560913605202,1.0,2.30035915804742,-1.3761433811363286,15.76263280989425
50.583404039011896,-50.00605108379509,1.0,2.3011758256035746,-1.375211919694514,15.7719949486436
50.58854809463662,-49.99649418592757,1.0,2.3019900153945083,-1.3742816441928238,15.782022555371276
50.593699935707654,-49.98693844448544,1.0,2.302801719669586,-1.373352562559298,15.792717156346924
50.59885958069005,-49.97738386149956,1.0,2.3036109306800236,-1.3724246827255824,15.804080277840196
50.60402704803768,-49.96783043899572,1.0,2.304417640678902,-1.3714980126269378,15.816113446120726
50.60920235619323,-49.958278178994554,0.9999999999999999,2.3052218419211723,-1.370572560202258,15.82881818745815
50.6143855235883,-49.948727083511564,1.0,2.3060235266636773,-1.3696483333940765,15.842196028122133
50.61957656864334,-49.93917715455715,1.0,2.3068226871651576,-1.368725340148579,15.856248494382317
50.62477550976774,-49.92962839413652,1.0,2.307619315686268,-1.3678035884156188,15.870977112508339
50.62998236535979,-49.92008080424973,1.0,2.3084134044895883,-1.3668830861487256,15.886383408769845
50.63519715380676,-49.91053438689165,1.0,2.3092049458396327,-1.365963841305119,15.90246890943647
50.64041989348489,-49.900989144051984,1.0,2.309993932002868,-1.365045861845723,15.919235140777868
50.645650602759424,-49.89144507771523,0.9999999999999999,2.310780355247725,-1.3641291557351725,15.936683629063689
50.65088929998461,-49.88190218986068,1.0,2.3115642078446066,-1.3632137309418308,15.954815900563569
50.65613600350376,-49.87236048246243,1.0,2.3123454820659055,-1.3622995954377974,15.973633481547148
50.66139073164922,-49.8628199574893,1.0,2.313124170186015,-1.3613867571989258,15.993137898284084
50.66665350274245,-49.853280616904904,1.0,2.3139002644813407,-1.3604752242048295,16.013330677044017
50.671924335094,-49.843742462667606,1.0,2.314673757230315,-1.3595650044388998,16.03421334409658
50.67720324700353,-49.83420549673049,0.9999999999999999,2.3154446407134097,-1.358656105888314,16.055787425711426
50.682490256759905,-49.82466972104138,0.9999999999999999,2.3162129072131457,-1.3577485365440498,16.078054448158206
50.68778538264111,-49.81513513754284,0.9999999999999999,2.3169785490141104,-1.3568423044008944,16.101015937706546
50.69308864291434,-49.805601748172094,1.0,2.3177415584029664,-1.3559374174574628,16.12467342062611
50.698400055836,-49.79606955486107,1.0,2.318501927668471,-1.3550338837162057,16.149028423186525
50.70371963965173,-49.78653855953641,1.0,2.319259649101478,-1.3541317111834212,16.174082471657456
50.70904741259644,-49.777008764119415,1.0,2.3200147149949615,-1.353230907869269,16.199837092308535
50.7143833928943,-49.76748017052603,1.0,2.3207671176440225,-1.3523314817877852,16.2262938114094
50.71972759875879,-49.757952780666876,1.0,2.3215168493459046,-1.3514334409568876,16.253454155229704
50.725080048392684,-49.7484265964472,1.0,2.322263902400006,-1.3505367933983963,16.281319650039094
50.730440759988156,-49.73890161976688,1.0,2.3230082691078904,-1.3496415471380379,16.309891822107197
50.73580975172669,-49.72937785252041,1.0,2.323749941773304,-1.3487477102054661,16.339172197703686
50.74118704177916,-49.71985529659688,0.9999999999999999,2.324488912702191,-1.34785529063427,16.369162303098186
50.74657264830587,-49.71033395388001,1.0,2.3252251742026933,-1.3469642964619841,16.399863664560343
50.75196658945652,-49.700813826248066,1.0,2.3259587185851816,-1.3460747357301055,16.431277808359795
50.75736888337028,-49.691294915573906,0.9999999999999998,2.326689538162256,-1.345186616484101,16.463406260766202
50.76277954817579,-49.68177722372494,0.9999999999999998,2.327417625248763,-1.344299946773429,16.496250548049208
50.76819860199115,-49.672260752563155,0.9999999999999999,2.3281429721618085,-1.3434147346515388,16.529812196478446
50.773626062924,-49.66274550394503,1.0,2.3288655712207715,-1.3425309881758953,16.564092732323562
50.77906194907148,-49.65323147972162,1.0,2.329585414747319,-1.3416487154079846,16.599093681854203
50.784506278520325,-49.643718681738456,1.0,2.3303024950654154,-1.3407679244133268,16.634816571340014
50.7899590693468,-49.634207111835615,1.0,2.3310168045013375,-1.3398886232614915,16.671262927050645
50.79542033961679,-49.62469677184763,0.9999999999999999,2.331728335383689,-1.33901082002611,16.708434275255716
50.80089010738577,-49.61518766360356,0.9999999999999999,2.3324370800434133,-1.338134522784883,16.746332142224908
50.806368390698886,-49.605679788926885,0.9999999999999999,2.3331430308138064,-1.3372597396196007,16.784958054227854
50.81185520759089,-49.596173149635575,1.0,2.333846180030529,-1.3363864786161503,16.824313537534174
50.81735057608625,-49.586667747542066,0.9999999999999999,2.3345465200316244,-1.3355147478645275,16.864400118413528
50.82285451419911,-49.577163584453196,0.9999999999999999,2.3352440431575268,-1.3346445554588562,16.90521932313558
50.82836703993334,-49.56766066217024,0.9999999999999999,2.335938741751077,-1.3337759094973938,16.94677267796994
50.83388817128256,-49.558158982488905,1.0,2.3366306081575368,-1.3329088180825432,16.98906170918628
50.83941792623011,-49.548658547199274,0.9999999999999999,2.337319634724603,-1.3320432893208758,17.032087943054222
50.84495632274913,-49.53915935808586,1.0,2.338005813802416,-1.331179331323132,17.075852905843423
50.85050337880257,-49.529661416927524,0.9999999999999998,2.3386891377435814,-1.3303169522042404,17.120358123823536
50.85605911234319,-49.5201647254975,0.9999999999999998,2.3393695989031755,-1.3294561600833286,17.165605123264182
50.861623541313584,-49.51066928556339,1.0,2.340047189638764,-1.3285969630837378,17.211595430435022
50.867196683646206,-49.50117509888716,0.9999999999999999,2.340721902310416,-1.3277393693330313,17.258330571605704
50.87277855726339,-49.49168216722507,0.9999999999999999,2.341393729280715,-1.326883386963013,17.30581207304586
50.87836918007738,-49.482190492327724,0.9999999999999999,2.3420626629147714,-1.3260290241097359,17.354041461025137
50.88396856999034,-49.47270007594004,0.9999999999999999,2.3427286955802438,-1.3251762889135155,17.403020261813186
50.88957674489435,-49.463210919801256,0.9999999999999999,2.3433918196473433,-1.3243251895189427,17.45275000167965
50.89519372267148,-49.45372302564485,1.0,2.344052027488853,-1.3234757340749006,17.503232206894165
50.90081952119377,-49.44423639519861,0.9999999999999998,2.344709311480141,-1.3226279307345685,17.55446840372638
50.906454158323264,-49.43475103018459,0.9999999999999999,2.3453636639991724,-1.321781787655444,17.606460118445945
50.912097651912006,-49.42526693231911,0.9999999999999999,2.346015077426525,-1.320937312999351,17.6592088773225
50.917750019802114,-49.41578410331269,0.9999999999999998,2.346663544145405,-1.320094514932451,17.712716206625686
50.923411279825736,-49.406302544870115,0.9999999999999999,2.3473090565416537,-1.319253401625259,17.766983632625152
50.92908144980514,-49.396822258690385,0.9999999999999998,2.3479516070037705,-1.3184139812526583,17.82201268159053
50.93476054755264,-49.387343246466706,0.9999999999999999,2.348591187922922,-1.3175762619939058,17.87780487979149
50.940448590870716,-49.377865509886476,0.9999999999999999,2.3492277916929547,-1.316740252032655,17.934361753497665
50.946145597551975,-49.36838905063127,1.0,2.349861410710414,-1.3159059595569569,17.991684828978673
50.95185158537917,-49.358913870376874,1.0,2.350492037374554,-1.3150733927592857,18.0497756325042
50.957566572125245,-49.34943997079317,0.9999999999999999,2.3511196640873533,-1.3142425598365435,18.108635690343874
50.96329057555333,-49.33996735354425,1.0,2.351744283253527,-1.3134134689900723,18.168266528767322
50.96902361341682,-49.33049602028832,0.9999999999999998,2.3523658872805457,-1.3125861284256728,18.22866967404421
50.97476570345928,-49.32102597267771,0.9999999999999999,2.352984468578645,-1.3117605463536137,18.289846652444183
50.98051686341459,-49.31155721235885,0.9999999999999999,2.3536000195608398,-1.3109367309886455,18.351798990236862
50.98627711100687,-49.30208974097229,0.9999999999999998,2.3542125326429435,-1.3101146905500123,18.41452821369192
50.99204646395056,-49.2926235601527,1.0,2.3548220002435754,-1.309294433261464,18.47803584907898
50.997824939950405,-49.283158671528774,1.0,2.3554284147841797,-1.3084759673512756,18.542323422667696
51.00361255670149,-49.273695076723286,1.0,2.3560317686890393,-1.3076593010522504,18.607392460727723
51.00940933188924,-49.264232777353094,0.9999999999999998,2.3566320543852886,-1.3068444426017432,18.673244489528685
51.0152152831895,-49.25477177502907,0.9999999999999999,2.357229264302926,-1.3060314002416618,18.739881035340222
51.02103042826845,-49.24531207135615,0.9999999999999999,2.357823390874834,-1.305220182218491,18.807303624432013
51.02685478478273,-49.23585366793325,1.0,2.3584144265367892,-1.3044107967833007,18.87551378307368
51.03268837037937,-49.226396566353316,1.0,2.3590023637274786,-1.3036032521917573,18.944513037534854
51.03853120269589,-49.21694076820328,1.0,2.35958719488851,-1.3027975567041392,19.014302914085192
51.04438329936027,-49.20748627506408,0.9999999999999999,2.3601689124644354,-1.3019937185853505,19.084884938994357
51.05024467799098,-49.19803308851059,0.9999999999999998,2.3607475089027545,-1.3011917461049314,19.156260638531958
51.056115356196976,-49.188581210111685,1.0,2.3613229766539345,-1.3003916475370707,19.22843153896768
51.061995351577785,-49.17913064143015,0.9999999999999999,2.361895308171431,-1.2995934311606268,19.301399166571123
51.06788468172343,-49.169681384022745,0.9999999999999998,2.3624644959116896,-1.298797105259129,19.375165047611944
51.073783364214535,-49.160233439440105,1.0,2.363030532334169,-1.298002678120798,19.449730708359823
51.07969141662232,-49.15078680922683,1.0,2.3635934099013562,-1.2972101580385595,19.525097675084375
51.085608856508564,-49.141341494921384,1.0,2.3641531210787754,-1.296419553310053,19.60126747405522
51.091535701425705,-49.131897498056134,0.9999999999999999,2.364709658335008,-1.2956308722376477,19.67824163154206
51.09747196891681,-49.12245482015734,0.9999999999999999,2.3652630141417044,-1.2948441231284535,19.75602167381451
51.10341767651561,-49.11301346274506,1.0,2.365813180973597,-1.2940593142943393,19.834609127142176
51.10937284174652,-49.103573427333295,0.9999999999999999,2.366360151308525,-1.2932764540519393,19.914005517794777
51.11533748212463,-49.09413471542982,0.9999999999999999,2.3669039176274334,-1.2924955507226703,19.994212372041915
51.12131161515579,-49.084697328536286,0.9999999999999999,2.367444472414399,-1.291716612632742,20.075231216153224
51.127295258336524,-49.075261268148104,0.9999999999999998,2.3679818081566446,-1.2909396481131772,20.157063576398357
51.13328842915418,-49.06582653575453,0.9999999999999999,2.3685159173445496,-1.2901646654998145,20.239710979046997
51.13929114508681,-49.056393132838615,1.0,2.369046792471664,-1.2893916731333295,20.323174950368728
51.14530342360331,-49.04696106087715,0.9999999999999998,2.369574426034732,-1.2886206793592456,20.407457016633234
51.15132528216335,-49.03753032134075,0.9999999999999999,2.3700988105336958,-1.2878516925279422,20.492558704110156
51.157356738217445,-49.02810091569374,1.0,2.370619938471718,-1.2870847209946814,20.578481539069116
51.163397809206955,-49.01867284539421,0.9999999999999999,2.371137802355194,-1.2863197731196034,20.66522704777978
51.16944851256411,-49.00924611189396,1.0,2.371652394693766,-1.2855568572677538,20.7527967565118
51.175508865712004,-48.99982071663854,0.9999999999999999,2.372163708000342,-1.2847959818090915,20.841192191534766
51.18157888606465,-48.990396661067166,0.9999999999999999,2.3726717347911035,-1.2840371551185008,20.930414879118388
51.187658591026974,-48.98097394661282,0.9999999999999998,2.373176467585531,-1.2832803855758044,21.0204663455323
51.193747997994834,-48.97155257470207,0.9999999999999997,2.373677898906408,-1.2825256815657842,21.111348117046088
51.19984712435506,-48.96213254675525,0.9999999999999999,2.374176021279842,-1.28177305147818,21.203061719929465
51.20595598748544,-48.952713864186265,0.9999999999999999,2.374670827235283,-1.28102250370772,21.295608680452055
51.21207460475474,-48.94329652840273,0.9999999999999998,2.3751623093055314,-1.28027404665412,21.38899052488348
51.218202993522794,-48.933880540805866,0.9999999999999999,2.3756504600267565,-1.279527688722103,21.483208779493427
51.2243411711404,-48.92446590279052,0.9999999999999998,2.376135271938511,-1.2787834383214132,21.578264970551476
51.23048915494944,-48.91505261574514,0.9999999999999999,2.3766167375837473,-1.2780413038668275,21.674160624327335
