galstreams/tracks/track.st.LMS-1.yuan2020.ecsv
# %ECSV 0.9
# ---
# datatype:
# - {name: ra, unit: deg, datatype: float64}
# - {name: dec, unit: deg, datatype: float64}
# - {name: distance, unit: kpc, datatype: float64}
# - {name: pm_ra_cosdec, unit: mas / yr, datatype: float64}
# - {name: pm_dec, unit: mas / yr, datatype: float64}
# - {name: radial_velocity, unit: km / s, datatype: float64}
# delimiter: ','
# meta: !!omap
# - __serialized_columns__:
#     dec:
#       __class__: astropy.coordinates.angles.Latitude
#       unit: &id001 !astropy.units.Unit {unit: deg}
#       value: !astropy.table.SerializedColumn {name: dec}
#     distance:
#       __class__: astropy.coordinates.distances.Distance
#       unit: !astropy.units.Unit {unit: kpc}
#       value: !astropy.table.SerializedColumn {name: distance}
#     pm_dec:
#       __class__: astropy.units.quantity.Quantity
#       unit: !astropy.units.Unit {unit: mas / yr}
#       value: !astropy.table.SerializedColumn {name: pm_dec}
#     pm_ra_cosdec:
#       __class__: astropy.units.quantity.Quantity
#       unit: !astropy.units.Unit {unit: mas / yr}
#       value: !astropy.table.SerializedColumn {name: pm_ra_cosdec}
#     ra:
#       __class__: astropy.coordinates.angles.Longitude
#       unit: *id001
#       value: !astropy.table.SerializedColumn {name: ra}
#       wrap_angle: !astropy.coordinates.Angle
#         unit: *id001
#         value: 360.0
#     radial_velocity:
#       __class__: astropy.units.quantity.Quantity
#       unit: !astropy.units.Unit {unit: km / s}
#       value: !astropy.table.SerializedColumn {name: radial_velocity}
# schema: astropy-2.0
ra,dec,distance,pm_ra_cosdec,pm_dec,radial_velocity
[from data line 10179]
249.83398160767956,28.140988399092326,18.049427664274496,0.6240840134289845,-1.6712942041092658,-127.54816981426522
249.84558911585836,28.13971870841962,18.04941751517842,0.6243320123185212,-1.6715109007878883,-127.58177467456917
249.85719641158525,28.13844708395557,18.04940747034304,0.6245799706972103,-1.671727732615873,-127.61537465356494
249.86880349429856,28.137173525798335,18.049397529830834,0.6248278885153739,-1.6719446996031384,-127.64896974968082
249.8804103634367,28.135898034046317,18.049387693704237,0.6250757657233404,-1.672161801759561,-127.68255996134442
249.8920170184383,28.134620608798176,18.04937796202563,0.6253236022714459,-1.6723790390949784,-127.71614528698247
249.90362345874198,28.1333412501528,18.049368334857373,0.6255713981100323,-1.6725964116191914,-127.74972572502081
249.9152296837864,28.132059958209332,18.049358812261765,0.6258191531894493,-1.6728139193419587,-127.78330127388466
249.92683569301036,28.130776733067183,18.04934939430107,0.6260668674600515,-1.6730315622729999,-127.8168719319984
249.93844148585274,28.12949157482596,18.049340081037517,0.6263145408722022,-1.6732493404219988,-127.8504376977855
249.9500470617524,28.12820448358556,18.049330872533275,0.6265621733762698,-1.673467253798595,-127.88399856966875
249.96165242014845,28.1269154594461,18.04932176885049,0.6268097649226312,-1.6736853024123934,-127.91755454607016
249.97325756048,28.125624502507957,18.04931277005125,0.6270573154616688,-1.6739034862729563,-127.95110562541068
249.9848624821862,28.12433161287174,18.04930387619761,0.6273048249437718,-1.67412180538981,-127.9846518061107
249.99646718470632,28.12303679063832,18.04929508735158,0.6275522933193376,-1.6743402597724386,-128.01819308658978
250.0080716674797,28.12174003590879,18.049286403575124,0.6277997205387681,-1.6745588494302885,-128.05172946526673
250.01967592994578,28.12044134878452,18.049277824930172,0.6280471065524746,-1.6747775743727666,-128.08526094055935
250.0312799715441,28.119140729367103,18.049269351478603,0.6282944513108742,-1.6749964346092416,-128.11878751088483
250.04288379171416,28.117838177758376,18.049260983282256,0.6285417547643902,-1.6752154301490405,-128.15230917465948
250.0544873898957,28.11653369406043,18.04925272040293,0.6287890168634541,-1.6754345610014538,-128.1858259302987
250.0660907655285,28.1152272783756,18.049244562902377,0.6290362375585038,-1.6756538271757324,-128.21933777621737
250.07769391805238,28.113918930806463,18.049236510842306,0.6292834167999839,-1.6758732286810865,-128.2528447108292
250.08929684690725,28.11260865145584,18.049228564284395,0.6295305545383472,-1.6760927655266875,-128.28634673254749
250.10089955153316,28.111296440426816,18.049220723290265,0.6297776507240517,-1.6763124377216687,-128.31984383978434
250.11250203137007,28.109982297822693,18.0492129879215,0.630024705307563,-1.6765322452751228,-128.35333603095137
250.12410428585835,28.108666223747043,18.04920535823964,0.6302717182393556,-1.6767521881961054,-128.3868233044591
250.13570631443807,28.107348218303656,18.04919783430619,0.6305186894699079,-1.6769722664936302,-128.42030565871758
250.14730811654968,28.106028281596583,18.04919041618259,0.6307656189497085,-1.6771924801766747,-128.45378309213567
250.1589096916336,28.10470641373014,18.04918310393028,0.6310125066292515,-1.6774128292541746,-128.48725560312167
250.17051103913036,28.103382614808844,18.049175897610596,0.6312593524590386,-1.6776333137350286,-128.52072319008315
250.1821121584805,28.102056884937497,18.049168797284885,0.6315061563895775,-1.6778539336280942,-128.55418585142655
250.19371304912468,28.10072922422112,18.04916180301444,0.6317529183713844,-1.6780746889421896,-128.58764358555786
250.20531371050373,28.099399632765,18.04915491486048,0.6319996383549831,-1.6782955796860968,-128.62109639088192
250.2169141420585,28.09806811067466,18.04914813288422,0.6322463162909029,-1.678516605868555,-128.65454426580303
250.22851434322993,28.096734658055848,18.049141457146803,0.6324929521296825,-1.6787377674982684,-128.6879872087245
250.24011431345897,28.095399275014596,18.049134887709354,0.6327395458218656,-1.6789590645838974,-128.72142521804906
250.25171405218686,28.09406196165715,18.049128424632933,0.632986097318005,-1.679180497134067,-128.75485829217823
250.2633135588547,28.092722718090023,18.049122067978573,0.6332326065686598,-1.6794020651573593,-128.7882864295131
250.2749128329038,28.091381544419946,18.049115817807255,0.6334790735243963,-1.679623768662321,-128.8217096284538
250.28651187377554,28.090038440753926,18.049109674179913,0.6337254981357896,-1.6798456076574584,-128.85512788739968
250.29811068091138,28.088693407199194,18.049103637157454,0.63397188035342,-1.6800675821512365,-128.8885412047491
250.30970925375289,28.08734644386322,18.04909770680073,0.6342182201278778,-1.6802896921520858,-128.92194957889987
250.32130759174163,28.085997550853758,18.049091883170544,0.6344645174097572,-1.6805119376683917,-128.95535300824886
250.33290569431944,28.084646728278756,18.049086166327683,0.6347107721496634,-1.680734318708504,-128.98875149119212
250.34450356092805,28.083293976246445,18.049080556332846,0.6349569842982072,-1.680956835280735,-129.02214502612486
250.35610119100934,28.081939294865276,18.049075053246735,0.6352031538060068,-1.6811794873933537,-129.05553361144155
250.36769858400535,28.080582684243964,18.049069657129976,0.635449280623689,-1.681402275054593,-129.08891724553573
250.37929573935813,28.07922414449145,18.049064368043176,0.635695364701886,-1.681625198272645,-129.1222959268004
250.39089265650992,28.077863675716955,18.04905918604687,0.6359414059912404,-1.6818482570556639,-129.1556696536273
250.4024893349029,28.076501278029887,18.049054111201578,0.6361874044424002,-1.6820714514117638,-129.1890384244077
250.41408577397942,28.075136951539964,18.049049143567768,0.6364333600060217,-1.6822947813490194,-129.22240223753192
250.42568197318195,28.073770696357094,18.049044283205845,0.6366792726327686,-1.6825182468754678,-129.25576109138945
250.437277931953,28.072402512591456,18.049039530176206,0.6369251422733121,-1.6827418479991068,-129.28911498436906
250.44887364973516,28.07103240035348,18.049034884539182,0.6371709688783314,-1.6829655847278921,-129.3224639148587
250.46046912597123,28.06966035975383,18.049030346355057,0.6374167523985138,-1.6831894570697437,-129.35580788124528
250.4720643601039,28.06828639090341,18.049025915684076,0.6376624927845524,-1.683413465032542,-129.38914688191508
250.48365935157616,28.066910493913372,18.049021592586456,0.6379081899871509,-1.6836376086241258,-129.42248091525352
250.4952540998309,28.065532668895127,18.04901737712235,0.6381538439570176,-1.6838618878522982,-129.45580997964532
250.5068486043113,28.06415291596031,18.04901326935188,0.6383994546448708,-1.6840863027248199,-129.48913407347413
250.5184428644604,28.06277123522081,18.04900926933512,0.6386450220014356,-1.6843108532494155,-129.5224531951231
250.53003687972156,28.061387626788772,18.049005377132094,0.6388905459774447,-1.6845355394337678,-129.55576734297406
250.5416306495381,28.060002090776567,18.049001592802796,0.6391360265236392,-1.6847603612855222,-129.58907651540858
250.5532241733534,28.05861462729681,18.048997916407156,0.6393814635907676,-1.6849853188122854,-129.62238071080702
250.5648174506112,28.05722523646238,18.04899434800509,0.6396268571295871,-1.6852104120216234,-129.65567992754913
250.57641048075487,28.055833918386373,18.048990887656448,0.6398722070908605,-1.6854356409210625,-129.6889741640137
250.5880032632283,28.054440673182164,18.048987535421038,0.6401175134253614,-1.6856610055180936,-129.72226341857873
250.59959579747522,28.053045500963346,18.04898429135862,0.6403627760838686,-1.6858865058201649,-129.7555476896215
250.6111880829396,28.051648401843764,18.048981155528946,0.640607995017171,-1.6861121418346852,-129.78882697551828
250.62278011906545,28.050249375937508,18.048978127991667,0.6408531701760646,-1.6863379135690288,-129.8221012746446
250.63437190529683,28.048848423358923,18.04897520880644,0.6410983015113527,-1.686563821030525,-129.85537058537534
250.64596344107798,28.047445544222562,18.04897239803285,0.6413433889738477,-1.6867898642264687,-129.88863490608426
250.6575547258531,28.046040738643278,18.04896969573044,0.6415884325143688,-1.6870160431641128,-129.92189423514446
250.66914575906668,28.04463400673613,18.04896710195873,0.6418334320837442,-1.6872423578506726,-129.9551485709281
250.6807365401631,28.043225348616414,18.048964616777166,0.6420783876328098,-1.687468808293323,-129.98839791180663
250.692327068587,28.041814764399714,18.048962240245185,0.6423232991124086,-1.6876953944992,-130.02164225615076
250.70391734378308,28.04040225420181,18.048959972422136,0.6425681664733947,-1.6879221164754048,-130.05488160233006
250.71550736519606,28.03898781813875,18.04895781336737,0.6428129896666267,-1.6881489742289917,-130.08811594871352
250.72709713227079,28.03757145632683,18.04895576314016,0.6430577686429727,-1.688375967766982,-130.12134529366924
250.73868664445226,28.03615316888259,18.04895382179975,0.6433025033533095,-1.6886030970963564,-130.1545696355644
250.75027590118546,28.034732955922788,18.048951989405335,0.6435471937485217,-1.6888303622240548,-130.18778897276556
250.76186490191566,28.03331081756447,18.04895026601607,0.6437918397795017,-1.689057763156981,-130.2210033036382
250.77345364608803,28.031886753924887,18.048948651691077,0.6440364413971507,-1.689285299901996,-130.2542126265472
250.7850421331479,28.030460765121568,18.048947146489404,0.6442809985523774,-1.6895129724659252,-130.28741693985657
250.7966303625408,28.029032851272245,18.048945750470082,0.6445255111960994,-1.6897407808555536,-130.32061624192906
250.8082183337122,28.027603012494932,18.04894446369208,0.6447699792792418,-1.6899687250776267,-130.3538105311273
250.81980604610777,28.026171248907865,18.048943286214335,0.6450144027527394,-1.690196805138852,-130.3869998058125
250.83139349917326,28.024737560629543,18.048942218095736,0.6452587815675337,-1.6904250210458969,-130.4201840643454
250.8429806923545,28.02330194777869,18.048941259395125,0.6455031156745751,-1.6906533728053903,-130.45336330508576
250.8545676250974,28.021864410474286,18.0489404101713,0.6457474050248231,-1.690881860423921,-130.4865375263925
250.866154296848,28.020424948835547,18.048939670483026,0.6459916495692437,-1.6911104839080406,-130.5197067266237
250.8777407070525,28.018983562981948,18.048939040389005,0.6462358492588134,-1.6913392432642609,-130.55287090413665
250.88932685515707,28.017540253033182,18.048938519947903,0.6464800040445154,-1.691568138499053,-130.5860300572877
250.9009127406081,28.016095019109212,18.04893810921835,0.6467241138773432,-1.691797169618853,-130.61918418443253
250.91249836285195,28.01464786133024,18.048937808258923,0.6469681787082964,-1.6920263366300519,-130.65233328392597
250.92408372133525,28.013198779816683,18.048937617128146,0.6472121984883854,-1.6922556395390091,-130.68547735412182
250.93566881550453,28.01174777468925,18.048937535884516,0.6474561731686265,-1.6924850783520378,-130.71861639337317
250.94725364480664,28.010294846068867,18.048937564586478,0.6477001027000475,-1.6927146530754167,-130.75175040003228
250.9588382086883,28.008839994076695,18.04893770329243,0.6479439870336813,-1.6929443637153847,-130.78487937245066
250.97042250659652,28.007383218834153,18.04893795206073,0.6481878261205725,-1.6931742102781395,-130.81800330897872
250.98200653797835,28.005924520462905,18.048938310949687,0.6484316199117731,-1.6934041927698429,-130.85112220796628
250.99359030228095,28.00446389908485,18.04893878001757,0.6486753683583434,-1.6936343111966166,-130.8842360677623
251.00517379895146,28.00300135482215,18.0489393593226,0.6489190714113513,-1.6938645655645408,-130.91734488671466
251.01675702743734,28.001536887797183,18.048940048922947,0.6491627290218764,-1.694094955879661,-130.9504486631707
251.02833998718594,28.000070498132587,18.04894084887676,0.6494063411410025,-1.6943254821479798,-130.9835473954768
251.0399226776449,27.998602185951246,18.048941759242105,0.6496499077198269,-1.694556144375464,-131.01664108197835
251.05150509826186,27.99713195137628,18.04894278007705,0.6498934287094521,-1.6947869425680384,-131.04972972102016
251.06308724848455,27.99565979453106,18.048943911439576,0.6501369040609901,-1.6950178767315913,-131.08281331094614
251.0746691277608,27.99418571553919,18.048945153387642,0.6503803337255628,-1.6952489468719711,-131.11589185009913
251.08625073553867,27.992709714524516,18.048946505979156,0.6506237176542996,-1.6954801529949863,-131.1489653368213
251.09783207126614,27.991231791611163,18.048947969271985,0.6508670557983388,-1.6957114951064072,-131.18203376945414
251.10941313439147,27.98975194692345,18.04894954332395,0.6511103481088285,-1.695942973211966,-131.215097146338
251.1209939243628,27.98827018058598,18.048951228192823,0.6513535945369243,-1.6961745873173542,-131.24815546581252
251.13257444062864,27.98678649272356,18.04895302393633,0.651596795033791,-1.6964063374282257,-131.28120872621653
251.1441546826374,27.985300883461278,18.048954930612155,0.6518399495506025,-1.6966382235501947,-131.31425692588792
251.15573464983774,27.98381335292445,18.04895694827795,0.6520830580385414,-1.6968702456888358,-131.34730006316377
251.1673143416783,27.982323901238633,18.0489590769913,0.6523261204488,-1.697102403849687,-131.38033813638037
251.17889375760788,27.98083252852962,18.048961316809752,0.6525691367325777,-1.6973346980382449,-131.4133711438731
251.19047289707544,27.979339234923486,18.048963667790822,0.6528121068410838,-1.6975671282599674,-131.4463990839766
251.20205175952992,27.97784402054649,18.04896612999197,0.6530550307255378,-1.697799694520275,-131.47942195502455
251.2136303444205,27.976346885525167,18.048968703470596,0.653297908337166,-1.6980323968245483,-131.51243975534965
251.22520865119637,27.974847829986324,18.048971388284084,0.6535407396272049,-1.6982652351781282,-131.54545248328412
251.2367866793069,27.97334685405696,18.04897418448975,0.6537835245469005,-1.6984982095863177,-131.57846013715903
251.24836442820148,27.971843957864337,18.048977092144884,0.6540262630475053,-1.6987313200543808,-131.6114627153047
251.25994189732967,27.970339141535977,18.048980111306715,0.6542689550802837,-1.6989645665875412,-131.64446021605062
251.27151908614118,27.968832405199606,18.048983242032428,0.6545116005965094,-1.6991979491909865,-131.67745263772548
251.28309599408573,27.967323748983247,18.048986484379167,0.6547541995474616,-1.699431467869863,-131.71043997865692
251.29467262061317,27.965813173015114,18.04898983840404,0.6549967518844325,-1.699665122629278,-131.74342223717187
251.30624896517347,27.964300677423708,18.048993304164092,0.6552392575587205,-1.6998989134743,-131.77639941159646
251.31782502721677,27.962786262337726,18.048996881716345,0.6554817165216353,-1.700132840409961,-131.8093715002559
251.3294008061932,27.96126992788617,18.049000571117745,0.6557241287244948,-1.7003669034412505,-131.84233850147453
251.34097630155316,27.959751674198216,18.049004372425216,0.655966494118627,-1.7006011025731227,-131.87530041357593
251.35255151274697,27.95823150140334,18.04900828569563,0.656208812655367,-1.7008354378104897,-131.90825723488265
251.36412643922515,27.956709409631234,18.04901231098582,0.6564510842860607,-1.7010699091582246,-131.94120896371658
251.37570108043838,27.95518539901183,18.049016448352564,0.656693308962063,-1.7013045166211644,-131.97415559839857
251.38727543583732,27.953659469675326,18.049020697852605,0.6569354866347387,-1.701539260204105,-132.00709713724888
251.39884950487294,27.952131621752127,18.049025059542615,0.6571776172554608,-1.7017741399118067,-132.04003357858667
251.41042328699612,27.950601855372923,18.049029533479256,0.657419700775612,-1.702009155748985,-132.07296492073033
251.42199678165795,27.949070170668616,18.049034119719124,0.6576617371465844,-1.7022443077203209,-132.10589116199733
251.4335699883096,27.947536567770367,18.049038818318774,0.6579037263197796,-1.7024795958304564,-132.13881230070447
