galstreams/tracks/track.st.M68-Fjorm.ibata2021.ecsv
# %ECSV 0.9
# ---
# datatype:
# - {name: ra, unit: deg, datatype: float64}
# - {name: dec, unit: deg, datatype: float64}
# - {name: distance, unit: kpc, datatype: float64}
# - {name: pm_ra_cosdec, unit: mas / yr, datatype: float64}
# - {name: pm_dec, unit: mas / yr, datatype: float64}
# - {name: radial_velocity, unit: km / s, datatype: float64}
# delimiter: ','
# meta: !!omap
# - __serialized_columns__:
#     dec:
#       __class__: astropy.coordinates.angles.Latitude
#       unit: &id001 !astropy.units.Unit {unit: deg}
#       value: !astropy.table.SerializedColumn {name: dec}
#     distance:
#       __class__: astropy.coordinates.distances.Distance
#       unit: !astropy.units.Unit {unit: kpc}
#       value: !astropy.table.SerializedColumn {name: distance}
#     pm_dec:
#       __class__: astropy.units.quantity.Quantity
#       unit: !astropy.units.Unit {unit: mas / yr}
#       value: !astropy.table.SerializedColumn {name: pm_dec}
#     pm_ra_cosdec:
#       __class__: astropy.units.quantity.Quantity
#       unit: !astropy.units.Unit {unit: mas / yr}
#       value: !astropy.table.SerializedColumn {name: pm_ra_cosdec}
#     ra:
#       __class__: astropy.coordinates.angles.Longitude
#       unit: *id001
#       value: !astropy.table.SerializedColumn {name: ra}
#       wrap_angle: !astropy.coordinates.Angle
#         unit: *id001
#         value: 360.0
#     radial_velocity:
#       __class__: astropy.units.quantity.Quantity
#       unit: !astropy.units.Unit {unit: km / s}
#       value: !astropy.table.SerializedColumn {name: radial_velocity}
# schema: astropy-2.0
ra,dec,distance,pm_ra_cosdec,pm_dec,radial_velocity
[from data line 4540]
194.49999494711827,-0.8800287087345492,5.514824430044087,-2.8306557187464243,3.0300810362942525,-2.315710960714893e-14
194.50193838725502,-0.8700205918330293,5.515190476675512,-2.8303565759897444,3.0307897615257664,-1.1841703776382976e-14
194.5038821976265,-0.8600125771813361,5.515556259220444,-2.830057293089226,3.031498586493886,5.789277401787233e-15
194.5058263783202,-0.8500046647916565,5.515921777751325,-2.829757870060845,3.0322075111162166,-5.526128428978722e-15
194.50777092942369,-0.8399968546760479,5.516287032340601,-2.829458306920568,3.0329165353103558,-1.3025874154021273e-14
194.50971585102465,-0.8299891468466949,5.516652023060708,-2.8291586036843492,3.0336256589939024,-4.473532537744679e-15
194.51166114321077,-0.8199815413157772,5.517016749984095,-2.8288587603681297,3.034334882084445,-1.9078300528617017e-14
194.5136068060698,-0.8099740380954625,5.517381213183203,-2.8285587769878413,3.035044204499572,-2.368340755276595e-15
194.51555283968955,-0.7999666371979116,5.517745412730475,-2.8282586535594003,3.0357536261568643,-7.499745725042552e-15
194.51749924415793,-0.7899593386353777,5.518109348698355,-2.827958390098714,3.036463146973901,-1.0525958912340423e-15
194.5194460195629,-0.7799521424199471,5.518473021159281,-2.82765798662168,3.0371727668682555,3.289362160106382e-15
194.52139316599255,-0.7699450485638448,5.5188364301857,-2.8273574431441784,3.037882485757498,-2.0262470906255314e-14
194.5233406835349,-0.7599380570792991,5.519199575850054,-2.8270567596820815,3.038592303559194,-2.5788599335234036e-14
194.5252885722781,-0.749931167978549,5.519562458224788,-2.826755936251248,3.0393022201909,-1.7104683232553188e-14
194.5272368323104,-0.739924381273722,5.51992507738234,-2.8264549728675266,3.0400122355701757,2.368340755276595e-15
194.5291854637201,-0.7299176969770902,5.520287433395158,-2.826153869546753,3.0407223496145726,-6.97344777942553e-15
194.5311344665955,-0.7199111151008925,5.52064952633568,-2.825852626304752,3.0414325622416363,-1.2499576208404252e-14
194.53308384102502,-0.7099046356573564,5.521011356276351,-2.825551243157334,3.0421428733689098,2.8946387008936164e-15
194.53503358709716,-0.6998982586587309,5.521372923289616,-2.8252497201203006,3.0428532829139328,4.73668151055319e-15
194.53698370490045,-0.6898919841173299,5.521734227447914,-2.8249480572094408,3.0435637907942397,-9.999660966723401e-15
194.5389341945235,-0.6798858120452936,5.522095268823689,-2.8246462544405317,3.044274396927359,-5.1314049697659564e-15
194.540885056055,-0.6698797424549425,5.522456047489386,-2.824344311829336,3.044985101230816,-1.3157448640425528e-14
194.54283628958368,-0.6598737753585546,5.522816563517447,-2.824042229391608,3.0456959036221294,-7.631320211446806e-15
194.5447878951983,-0.6498679107684674,5.523176816980311,-2.8237400071430896,3.0464068040188206,-2.065719436546808e-14
194.5467398729878,-0.6398621486968471,5.523536807950425,-2.82343764509951,3.0471178023383962,-1.763098117817021e-14
194.54869222304103,-0.6298564891560583,5.5238965365002315,-2.8231351432765854,3.0478288984983655,1.2104852749191486e-14
194.55064494544706,-0.6198509321583914,5.524256002702172,-2.822832501690022,3.048540092416233,-9.341788534702125e-15
194.5525980402949,-0.60984547771617,5.524615206628689,-2.8225297203555146,3.0492513840094966,-1.5920512854914888e-14
194.5545515076737,-0.5998401258417453,5.524974148352227,-2.822226799288744,3.049962773195648,-2.539387587602127e-14
194.5565053476726,-0.5898348765473345,5.5253328279452285,-2.821923738505381,3.050674259892179,-5.920851888191488e-15
194.55845956038095,-0.5798297298453327,5.525691245480134,-2.821620538021082,3.0513858440165746,-2.23676626887234e-14
194.560414145888,-0.569824685748073,5.5260494010293915,-2.8213171978514944,3.052097525486316,-1.3157448640425529e-15
194.56236910428314,-0.5598197442678927,5.526407294665435,-2.821013718012255,3.052809304218879,6.315575347404253e-15
194.56432443565586,-0.5498149054172061,5.526764926460717,-2.8207100985189824,3.053521180131735,-1.6973108746148932e-14
194.56628014009564,-0.539810169208264,5.527122296487674,-2.820406339387289,3.0542331531423517,-2.565702484882978e-14
194.56823621769203,-0.5298055356534707,5.527479404818752,-2.8201024406327715,3.054945223168191,-2.2367662688723396e-15
194.57019266853473,-0.5198010047652187,5.527836251526391,-2.819798402271021,3.055657390126713,5.2629794561702115e-15
194.57214949271346,-0.509796576555869,5.528192836683036,-2.8194942243176078,3.0563696539353717,-2.8683238036127654e-14
194.57410669031793,-0.49979225103787794,5.528549160361131,-2.819189906788096,3.057082014511615,9.21021404829787e-16
194.57606426143806,-0.4897880282235287,5.528905222633116,-2.8188854496980382,3.0577944717728878,-1.7499406691765953e-14
194.57802220616367,-0.47978390812527194,5.5292610235714355,-2.8185808530629717,3.058507025636634,-1.6052087341319144e-14
194.57998052458478,-0.4697798907555207,5.52961656324853,-2.818276116898426,3.0592196760202865,-2.394655652557446e-14
194.58193921679143,-0.45977597612667975,5.529971841736846,-2.817971241219913,3.0599324228412756,-4.210383564936169e-15
194.5838982828737,-0.4497721642512368,5.530326859108824,-2.8176662260429373,3.060645266017031,-1.2104852749191486e-14
194.58585772292176,-0.43976845514152496,5.5306816154369045,-2.8173610713829915,3.061358205464977,-2.315710960714893e-14
194.58781753702584,-0.42976484881000476,5.531036110793539,-2.8170557772555527,3.062071241102527,-6.578724320212764e-16
194.58977772527626,-0.4197613452691457,5.531390345251158,-2.816750343676092,3.0627843728470983,5.657702915382977e-15
194.59173828776335,-0.4097579445314013,5.531744318882214,-2.81644477066006,3.0634976006160977,-1.4867916963680847e-14
194.5936992245775,-0.399754646609257,5.532098031759145,-2.8161390582229036,3.064210924326932,-4.9998304833617005e-15
194.59566053580932,-0.38975145151510526,5.5324514839543975,-2.815833206380052,3.064924343896997,-7.960256427457444e-15
194.59762222154924,-0.37974835926146233,5.532804675540411,-2.8155272151469277,3.0656378592436933,-1.1381193073968082e-14
194.59958428188796,-0.36974536986079315,5.533157606589629,-2.8152210845389347,3.0663514702844106,1.0657533398744677e-14
194.60154671691612,-0.3597424833256549,5.533510277174496,-2.8149148145714715,3.0670651769365325,-2.4407067227989354e-14
194.6035095267245,-0.34973969966843427,5.533862687367453,-2.8146084052599214,3.067778979117446,-7.433958481840424e-15
194.6054727114039,-0.33973701890167907,5.534214837240942,-2.8143018566196547,3.0684928767445245,-1.0065448209925529e-14
194.60743627104523,-0.3297344410379142,5.534566726867409,-2.8139951686660307,3.069206869735141,7.894469184255318e-15
194.60940020573943,-0.31973196608963766,5.534918356319293,-2.8136883414144,3.0699209580066684,-1.4999491450085103e-14
194.61136451557752,-0.30972959406939393,5.535269725669042,-2.8133813748800938,3.0706351414764654,-8.223405400265956e-15
194.61332920065053,-0.29972732498975596,5.535620834989092,-2.8130742690784407,3.0713494200618943,-1.2499576208404252e-14
194.61529426104963,-0.2897251588631637,5.535971684351893,-2.812767024024746,3.0720637936803095,-7.433958481840424e-15
194.61725969686606,-0.27972309570220194,5.536322273829883,-2.8124596397343145,3.07277826224906,3.618298376117021e-15
194.61922550819105,-0.2697211355194419,5.5366726034955045,-2.8121521162224337,3.0734928256854954,6.447149833808509e-15
194.62119169511598,-0.25971927832749764,5.537022673421204,-2.811844453504377,3.0742074839069513,-1.7959917394180847e-14
194.62315825773223,-0.24971752413882006,5.537372483679422,-2.8115366515954077,3.074922236830769,-5.1314049697659564e-15
194.62512519613128,-0.23971587296604047,5.537722034342602,-2.811228710510778,3.075637084374279,-1.7762555664574464e-14
194.62709251040465,-0.22971432482174658,5.538071325483187,-2.810920630265728,3.076352026454807,5.4603411857765946e-15
194.629060200644,-0.21971287971853706,5.538420357173616,-2.8106124108754855,3.077067062989681,-2.151242852709574e-14
194.63102826694092,-0.2097115376689852,5.538769129486338,-2.810304052355263,3.077782193896215,-1.4210044531659571e-14
194.63299670938719,-0.19971029868576817,5.5391176424937925,-2.8099955547202664,3.078497419091725,-1.4670555234074465e-14
194.6349655280746,-0.1897091627813956,5.539465896268422,-2.809686917985687,3.0792127384935193,-4.605107024148935e-15
194.636934723095,-0.17970812996853566,5.539813890882671,-2.8093781421667026,3.0799281520189044,-1.7959917394180847e-14
194.63890429454034,-0.1697072002598099,5.540161626408981,-2.809069227278482,3.080643659585178,-2.3979450147175526e-14
194.64087424250258,-0.1597063736679109,5.540509102919795,-2.8087601733361773,3.0813592611096383,2.7301705928882973e-15
194.64284456707384,-0.14970565020538779,5.540856320487554,-2.8084509803549365,3.0820749565095755,-1.2302214478797868e-14
194.64481526834624,-0.13970502988491287,5.541203279184704,-2.808141648349885,3.082790745702276,-3.519617511313829e-14
194.6467863464119,-0.12970451271917535,5.541549979083689,-2.8078321773361443,3.0835066286050217,1.0525958912340423e-15
194.64875780136313,-0.11970409872082269,5.541896420256949,-2.807522567328819,3.0842226051350874,-1.5295534044494678e-14
194.65072963329223,-0.10970378790258874,5.542242602776924,-2.807212818343009,3.0849386752097523,7.82868194105319e-15
194.65270184229166,-0.099703580277041,5.542588526716064,-2.8069029303937914,3.0856548387462785,-2.1199939121885632e-14
194.6546744284538,-0.08970347585691765,5.542934192146805,-2.80659290349624,3.086371095661933,-1.2499576208404252e-14
194.6566473918712,-0.07970347465492823,5.543279599141594,-2.806282737665409,3.0870874458739737,7.861575562654253e-15
194.65862073263645,-0.06970357668375489,5.543624747772872,-2.8059724329163505,3.0878038892996535,-1.30916613972234e-14
194.66059445084213,-0.05970378195617666,5.543969638113084,-2.8056619892640944,3.0885204258562244,7.285937184635636e-15
194.66256854658107,-0.049704090484798055,5.54431427023467,-2.8053514067236645,3.089237055460931,2.4423514038789885e-15
194.66454301994602,-0.03970450228239395,5.544658644210076,-2.8050406853100696,3.0899537780310142,-1.6512598043734038e-14
194.6665178710298,-0.0297050173617036,5.545002760111738,-2.8047298250383084,3.0906705934837104,-2.0509173068263293e-14
194.66849309992534,-0.019705635735457187,5.545346618012108,-2.8044188259233658,3.09138750173625,-6.6691817796156896e-15
194.67046870672561,-0.009706357416469054,5.545690217983623,-2.8041076879802156,3.092104502705859,-1.0591746155542551e-14
194.67244469152368,0.00029281758262458016,5.546033560098726,-2.80379641122382,3.0928215963097614,1.0899995367343144e-14
194.67442105441265,0.010291889248998168,5.546376644429863,-2.8034849956691263,3.093538782465174,5.768718888286568e-15
194.6763977954857,0.020290857569888528,5.5467194710494745,-2.8031734413310727,3.0942560610893097,2.6438248361855045e-15
194.67837491483607,0.030289722532467162,5.547062040030003,-2.8028617482245846,3.094973432099376,3.1824578899029248e-15
194.6803524125571,0.04028848412404579,5.547404351443894,-2.8025499163645726,3.0956908954125777,-2.0747651824871005e-14
194.68233028874215,0.05028714233178699,5.547746405363588,-2.8022379457659405,3.0964084509461127,-1.6150768206122337e-14
194.68430854348466,0.060285697142883864,5.548088201861526,-2.801925836443575,3.0971260986171782,-1.0542405723140955e-14
194.6862871768781,0.07028414854452969,5.548429741010155,-2.8016135884123523,3.097843838342961,5.920851888191488e-16
194.68826618901613,0.08028249652391214,5.5487710228819145,-2.801301201687137,3.0985616700406475,-1.549289577410106e-14
194.69024557999228,0.09028074106815759,5.54911204754925,-2.8009886762827794,3.0992795936274176,1.083844831755053e-14
194.69222534990038,0.10027888216453354,5.549452815084603,-2.8006760122141223,3.099997609020446,5.262979456170211e-16
194.69420549883415,0.11027691980015354,5.549793325560415,-2.80036320949599,3.1007157161369077,-2.2400556310324462e-14
194.69618602688737,0.12027485396217168,5.550133579049131,-2.8000502681432002,3.101433914893966,5.920851888191488e-16
194.69816693415402,0.13027268463766944,5.550473575623191,-2.799737188170555,3.1021522052087827,-7.335277617037232e-15
194.70014822072807,0.14027041181391342,5.550813315355043,-2.799423969592846,3.1028705869985167,-1.0657533398744677e-14
194.70212988670352,0.15026803547796758,5.551152798317125,-2.799110612424851,3.1035890601803207,-6.381362590606381e-15
194.7041119321745,0.16026555561694822,5.551492024581883,-2.798797116681337,3.1043076246713395,-1.2499576208404251e-15
194.70609435723517,0.17026297221798967,5.551830994221755,-2.798483482377059,3.1050262803887207,6.644511563414892e-15
194.7080771619798,0.18026028526818014,5.552169707309191,-2.7981697095267575,3.1057450272496,-1.3321916748430848e-14
194.7100603465026,0.19025749475457632,5.5525081639166265,-2.7978557981451644,3.106463865171112,-6.776086049819147e-15
194.71204391089802,0.20025460066438655,5.55284636411651,-2.797541748246995,3.1071827940703867,1.644681080053191e-16
194.7140278552605,0.21025160298463125,5.55318430798128,-2.7972275598469567,3.1079018138645473,1.3289023126829784e-14
194.7160121796845,0.22024850170237603,5.553521995583383,-2.7969132329597435,3.1086209244707153,-1.0789107885148933e-14
194.7179968842646,0.23024529680466416,5.55385942699526,-2.796598767600033,3.1093401258060043,-7.8944691842553165e-16
194.71998196909544,0.2402419882786455,5.554196602289354,-2.7962841637824973,3.1100594177875256,-1.1578554803574466e-14
194.72196743427173,0.25023857611131384,5.554533521538107,-2.7959694215217903,3.110778800332385,-2.0459832635861696e-14
194.7239532798882,0.2602350602897378,5.5548701848139626,-2.7956545408325573,3.1114982733576833,2.6972769712872333e-15
194.72593950603974,0.2702314408009411,5.555206592189365,-2.795339521729431,3.1122178367805167,6.381362590606381e-15
194.7279261128212,0.280227717631899,5.555542743736754,-2.7950243642270314,3.112937490517978,-6.578724320212764e-17
194.72991310032756,0.2902238907697477,5.555878639528576,-2.794709068339964,3.1136572344871536,-1.144698031717021e-14
194.73190046865383,0.3002199602014478,5.5562142796372695,-2.794393634082825,3.1143770686051266,-1.0525958912340423e-15
194.73388821789518,0.31021592591400454,5.556549664135281,-2.794078061470197,3.1150969927889745,1.0131235453127657e-14
194.73587634814672,0.32021178789442084,5.556884793095054,-2.7937623505166513,3.1158170069557674,-7.697107454648934e-15
194.73786485950365,0.3302075461296229,5.557219666589025,-2.7934465012367458,3.116537111022577,1.4078470045255315e-14
194.73985375206138,0.3402032006067153,5.557554284689646,-2.7931305136450253,3.1172573049064662,-1.9341449501425526e-14
194.74184302591513,0.3501987513126219,5.557888647469352,-2.7928143877560263,3.1179775885244925,1.7104683232553186e-15
194.74383268116046,0.3601941982342938,5.558222755000588,-2.79249812358427,3.118697961793711,9.868086480319147e-16
194.7458227178928,0.37018954135871196,5.558556607355801,-2.792181721144262,3.1194184246311703,-2.4999152416808503e-15
194.7478131362077,0.3801847806727516,5.558890204607427,-2.7918651804505035,3.1201389769539154,-1.6907321502946803e-14
194.7498039362008,0.39017991616348596,5.559223546827915,-2.7915485015174752,3.1208596186789856,3.2235749169042546e-15
194.75179511796787,0.4001749478177892,5.559556634089704,-2.7912316843596523,3.1215803497234185,-4.605107024148935e-15
194.75378668160457,0.41016987562259366,5.559889466465236,-2.7909147289914937,3.1223011700042416,1.3749533829244677e-14
194.75577862720684,0.42016469956481933,5.560222044026959,-2.7905976354274467,3.1230220794384813,-6.315575347404253e-15
194.75777095487047,0.430159419631316,5.560554366847311,-2.790280403681947,3.123743077943159,-2.039404539265957e-14
194.75976366469146,0.4401540358091091,5.560886434998736,-2.7899630337694177,3.1244641654352914,7.236596752234041e-15
194.7617567567659,0.45014854808503424,5.561218248553677,-2.789645525704268,3.12518534183189,-1.11838313443617e-14
194.7637502311898,0.4601429564459893,5.561549807584577,-2.7893278795008984,3.1259066070499597,-2.6446471767255313e-14
