galstreams/tracks/track.st.Ophiuchus.ibata2024.ecsv
# %ECSV 1.0
# ---
# datatype:
# - {name: ra, unit: deg, datatype: float64}
# - {name: dec, unit: deg, datatype: float64}
# - {name: distance, unit: kpc, datatype: float64}
# - {name: pm_ra_cosdec, unit: mas / yr, datatype: float64}
# - {name: pm_dec, unit: mas / yr, datatype: float64}
# - {name: radial_velocity, unit: km / s, datatype: float64}
# delimiter: ','
# meta: !!omap
# - __serialized_columns__:
#     dec:
#       __class__: astropy.coordinates.angles.Latitude
#       unit: &id001 !astropy.units.Unit {unit: deg}
#       value: !astropy.table.SerializedColumn {name: dec}
#     distance:
#       __class__: astropy.coordinates.distances.Distance
#       unit: !astropy.units.Unit {unit: kpc}
#       value: !astropy.table.SerializedColumn {name: distance}
#     pm_dec:
#       __class__: astropy.units.quantity.Quantity
#       unit: !astropy.units.Unit {unit: mas / yr}
#       value: !astropy.table.SerializedColumn {name: pm_dec}
#     pm_ra_cosdec:
#       __class__: astropy.units.quantity.Quantity
#       unit: !astropy.units.Unit {unit: mas / yr}
#       value: !astropy.table.SerializedColumn {name: pm_ra_cosdec}
#     ra:
#       __class__: astropy.coordinates.angles.Longitude
#       unit: *id001
#       value: !astropy.table.SerializedColumn {name: ra}
#       wrap_angle: !astropy.coordinates.Angle
#         unit: *id001
#         value: 360.0
#     radial_velocity:
#       __class__: astropy.units.quantity.Quantity
#       unit: !astropy.units.Unit {unit: km / s}
#       value: !astropy.table.SerializedColumn {name: radial_velocity}
# schema: astropy-2.0
ra,dec,distance,pm_ra_cosdec,pm_dec,radial_velocity
[from data line 425]
241.1515303851611,-7.295700297884586,0.9999999999999989,-4.457280903705456,-4.467977489215505,278.1640062771411
241.16102318667174,-7.292224573921653,0.999999999999999,-4.463648827186741,-4.468188537831682,278.42728039725847
241.17052109929475,-7.28877198644614,0.9999999999999991,-4.470040284553445,-4.468398989238309,278.6875991281502
241.18002411456098,-7.285342491363966,0.999999999999999,-4.476455193317975,-4.468608846118939,278.9449737374397
241.18953222399878,-7.281936044581779,0.999999999999999,-4.482893470991755,-4.468818111150667,279.1994154927498
241.19904541913368,-7.2785526020070535,0.9999999999999991,-4.489355035085591,-4.46902678700406,279.45093566170385
241.20856369148862,-7.275192119548038,0.9999999999999991,-4.49583980310954,-4.469234876343174,279.6995455119248
241.2180870325841,-7.271854553113729,0.9999999999999989,-4.502347692572922,-4.469442381825562,279.9452563110359
241.22761543393776,-7.2685398586139325,0.9999999999999991,-4.508878620984326,-4.469649306102214,280.18807932666044
241.23714888706462,-7.265247991959253,0.9999999999999991,-4.515432505851695,-4.469855651817585,280.42802582642133
241.24668738347714,-7.261978909061033,0.999999999999999,-4.522009264682126,-4.470061421609571,280.6651070779419
241.25623091468495,-7.2587325658314334,0.9999999999999991,-4.528608814982004,-4.4702666181095,280.89933434884534
241.265779472195,-7.2555089181834145,0.999999999999999,-4.535231074257119,-4.47047124394212,281.1307189067544
241.2753330475118,-7.252307922030674,0.999999999999999,-4.541875960012504,-4.4706753017255885,281.35927201929263
241.28489163213675,-7.249129533287741,0.9999999999999991,-4.548543389752361,-4.470878794071467,281.58500495408305
241.2944552175688,-7.245973707869935,0.9999999999999991,-4.5552332809803815,-4.471081723584696,281.8079289787489
241.30402379530418,-7.242840401693323,0.9999999999999991,-4.561945551199415,-4.4712840928636135,282.0280553609132
241.3135973568362,-7.23972957067481,0.9999999999999992,-4.568680117911658,-4.47148590449991,282.24539536819907
241.32317589365547,-7.236641170732087,0.9999999999999991,-4.575436898618548,-4.471687161078646,282.4599602682297
241.3327593972501,-7.2335751577836,0.9999999999999989,-4.582215810821012,-4.4718878651782195,282.6717613286282
241.34234785910508,-7.230531487748628,0.9999999999999991,-4.589016772019033,-4.472088019370381,282.88080981701785
241.35194127070267,-7.227510116547249,0.9999999999999991,-4.595839699712073,-4.4722876262202025,283.0871170010216
241.3615396235225,-7.224511000100298,0.9999999999999991,-4.602684511398731,-4.472486688286074,283.2906941482629
241.37114290904148,-7.221534094329442,0.9999999999999991,-4.609551124577283,-4.472685208119703,283.4915525263646
241.38075111873331,-7.218579355157146,0.9999999999999991,-4.616439456744864,-4.472883188266087,283.68970340295
241.3903642440693,-7.215646738506644,0.999999999999999,-4.623349425398288,-4.473080631263524,283.88515804564213
241.39998227651776,-7.212736200301999,0.9999999999999991,-4.630280948033516,-4.473277539643589,284.07792772206426
241.409605207544,-7.209847696468081,0.999999999999999,-4.637233942145869,-4.473473915931118,284.2680236998395
241.4192330286108,-7.206981182930521,0.999999999999999,-4.644208325229965,-4.473669762644231,284.4554572465909
241.42886573117786,-7.204136615615791,0.9999999999999992,-4.651204014779886,-4.473865082294283,284.64023962994173
241.4385033067021,-7.201313950451168,0.999999999999999,-4.658220928288916,-4.474059877385883,284.8223821175151
241.44814574663752,-7.198513143364698,0.999999999999999,-4.665258983249618,-4.47425415041686,285.0018959769341
241.4577930424353,-7.195734150285267,0.999999999999999,-4.672318097154122,-4.4744479038782945,285.1787924758219
241.46744518554362,-7.192976927142566,0.9999999999999991,-4.67939818749371,-4.4746411402544535,285.3530828818018
241.47710216740793,-7.190241429867061,0.999999999999999,-4.686499171759056,-4.474833862022837,285.5247784624968
241.48676397947074,-7.1875276143900635,0.9999999999999991,-4.693620967440324,-4.475026071654128,285.69389048553
241.49643061317127,-7.184835436643688,0.9999999999999992,-4.700763492026674,-4.475217771612204,285.86043021852464
241.50610205994647,-7.18216485256083,0.999999999999999,-4.707926663007086,-4.475408964354127,286.0244089291037
241.51577831122978,-7.1795158180752265,0.999999999999999,-4.715110397869463,-4.475599652330126,286.1858378848906
241.52545935845194,-7.176888289121431,0.999999999999999,-4.722314614101361,-4.4757898379836,286.34472835350834
241.5351451930408,-7.17428222163477,0.9999999999999989,-4.729539229189562,-4.4759795237511,286.50109160258006
241.54483580642108,-7.17169757155142,0.999999999999999,-4.73678416062025,-4.476168712062327,286.6549388997289
241.5545311900146,-7.169134294808379,0.9999999999999991,-4.7440493258789935,-4.4763574053401065,286.8062815125781
241.5642313352403,-7.166592347343415,0.999999999999999,-4.751334642450697,-4.476545606000421,286.9551307087507
241.57393623351396,-7.16407168509515,0.999999999999999,-4.758640027819659,-4.476733316452353,287.1014977558699
241.58364587624843,-7.161572264003027,0.9999999999999992,-4.76596539946955,-4.476920539098109,287.24539392155873
241.59336025485365,-7.159094040007267,0.9999999999999993,-4.773310674883394,-4.477107276332994,287.38683047344057
241.6030793607365,-7.156636969048949,0.9999999999999991,-4.780675771543677,-4.477293530545426,287.5258186791382
241.61280318530058,-7.154201007069966,0.9999999999999991,-4.788060606932088,-4.47747930411689,287.66236980627514
241.62253171994695,-7.151786110013005,0.9999999999999992,-4.795465098529892,-4.47766459942197,287.7964951224744
241.6322649560733,-7.1493922338215965,0.9999999999999991,-4.8028891638177384,-4.477849418828323,287.9282058953591
241.6420028850742,-7.147019334440105,0.9999999999999992,-4.810332720275472,-4.478033764696661,288.0575133925525
241.65174549834146,-7.1446673678136765,0.9999999999999991,-4.81779568538251,-4.4782176393807624,288.1844288816775
241.66149278726368,-7.142336289888315,0.9999999999999992,-4.8252779766176666,-4.478401045227461,288.30896363035754
241.67124474322634,-7.1400260566108535,0.9999999999999992,-4.8327795114590835,-4.47858398457662,288.4311289062156
241.681001357612,-7.13773662392891,0.9999999999999991,-4.840300207384345,-4.478766459761153,288.55093597687477
241.69076262179985,-7.1354679477909615,0.999999999999999,-4.847839981870294,-4.478948473106992,288.6683961099583
241.70052852716628,-7.133219984146318,0.9999999999999992,-4.855398752393466,-4.479130026933083,288.78352057308945
241.7102990650846,-7.13099268894508,0.9999999999999993,-4.8629764364296655,-4.4793111235514065,288.89632063389104
241.72007422692465,-7.128786018138207,0.9999999999999992,-4.870572951453937,-4.479491765266933,289.0068075599864
241.72985400405346,-7.126599927677496,0.9999999999999991,-4.878188214941023,-4.479671954377624,289.1149926189987
241.739638387835,-7.124434373515528,0.9999999999999991,-4.885822144364937,-4.4798516931744565,289.22088707855113
241.74942736962979,-7.122289311605756,0.999999999999999,-4.893474657199125,-4.480030983941369,289.3245022062668
241.75922094079544,-7.1201646979024495,0.999999999999999,-4.901145670916414,-4.480209828955287,289.4258492697688
241.76901909268648,-7.118060488360712,0.9999999999999992,-4.908835102989226,-4.4803882304860965,289.5249395366803
241.7788218166541,-7.115976638936477,0.9999999999999991,-4.916542870889227,-4.480566190796667,289.6217842746245
241.78862910404644,-7.1139131055865095,0.9999999999999992,-4.924268892087618,-4.480743712142804,289.71639475122436
241.79844094620847,-7.1118698442684165,0.999999999999999,-4.932013084055033,-4.480920796773264,289.80878223410326
241.80825733448185,-7.109846810940633,0.9999999999999993,-4.939775364261415,-4.481097446929747,289.8989579908843
241.8180782602052,-7.1078439615624305,0.9999999999999991,-4.94755565017622,-4.481273664846899,289.9869332891905
241.82790371471404,-7.105861252093914,0.9999999999999992,-4.9553538592685555,-4.481449452752283,290.0727193966452
241.8377336893405,-7.103898638496033,0.9999999999999992,-4.9631699090066626,-4.481624812866389,290.1563275808713
241.84756817541353,-7.101956076730567,0.9999999999999992,-4.971003716858348,-4.481799747402612,290.2377691094921
241.85740716425897,-7.100033522760138,0.9999999999999992,-4.97885520029093,-4.481974258567267,290.31705525013075
241.86725064719946,-7.098130932548203,0.9999999999999993,-4.986724276771135,-4.482148348559564,290.39419727041036
241.87709861555422,-7.096248262059064,0.9999999999999991,-4.99461086376504,-4.482322019571617,290.46920643795414
241.88695106063943,-7.0943854672578555,0.9999999999999993,-5.002514878738349,-4.48249527378842,290.5420940203852
241.89680797376803,-7.09254250411056,0.9999999999999994,-5.01043623915616,-4.482668113387843,290.6128712853266
241.90666934624963,-7.090719328584,0.9999999999999992,-5.018374862483057,-4.482840540540655,290.68154950040145
241.9165351693906,-7.088915896645834,0.9999999999999992,-5.026330666183018,-4.483012557410475,290.74813993323323
241.92640543449417,-7.087132164264571,0.9999999999999993,-5.034303567719583,-4.483184166153793,290.8126538514448
241.93628013286002,-7.085368087409562,0.9999999999999993,-5.042293484555582,-4.48335536891995,290.8751025226592
241.94615925578495,-7.083623622050998,0.9999999999999993,-5.050300334153636,-4.483526167851147,290.9354972144999
241.9560427945622,-7.08189872415992,0.9999999999999992,-5.058324033975559,-4.483696565082417,290.99384919458987
241.96593074048178,-7.080193349708211,0.9999999999999991,-5.066364501482752,-4.483866562741658,291.05016973055217
241.9758230848305,-7.078507454668599,0.9999999999999993,-5.074421654136099,-4.484036162949566,291.10447009001024
241.98571981889177,-7.0768409950146625,0.9999999999999993,-5.0824954093959605,-4.484205367819693,291.1567615405869
241.99562093394582,-7.075193926720824,0.9999999999999993,-5.090585684722221,-4.484374179458391,291.20705534990543
242.0055264212694,-7.073566205762357,0.9999999999999992,-5.098692397574137,-4.484542599964846,291.25536278558906
242.01543627213607,-7.0719577881153795,0.9999999999999992,-5.106815465410612,-4.4847106314310325,291.3016951152608
242.02535047781603,-7.070368629756862,0.9999999999999992,-5.114954805689916,-4.484878275941741,291.3460636065438
242.0352690295763,-7.068798686664623,0.9999999999999991,-5.1231103358700025,-4.485045535574564,291.3884795270614
242.04519191868022,-7.067247914817333,0.9999999999999992,-5.13128197340799,-4.485212412399871,291.42895414443655
242.05511913638816,-7.065716270194511,0.9999999999999992,-5.1394696357609035,-4.485378908480831,291.4674987262924
242.06505067395688,-7.064203708776527,0.9999999999999993,-5.14767324038494,-4.485545025873387,291.5041245402522
242.0749865226399,-7.062710186544607,0.9999999999999994,-5.155892704736001,-4.485710766626256,291.538842853939
242.08492667368736,-7.061235659480831,0.9999999999999992,-5.164127946269357,-4.485876132780925,291.571664934976
242.0948711183462,-7.0597800835681195,0.9999999999999991,-5.17237888244005,-4.486041126371649,291.6026020509864
242.1048198478597,-7.058343414790262,0.9999999999999993,-5.180645430702327,-4.486205749425439,291.63166546959314
242.1147728534679,-7.056925609131897,0.9999999999999993,-5.188927508510083,-4.486370003962052,291.6588664584197
242.12473012640748,-7.0555266225785145,0.9999999999999993,-5.197225033316769,-4.486533891994006,291.68421628508895
242.13469165791173,-7.0541464111164665,0.9999999999999993,-5.205537922575314,-4.486697415526547,291.7077262172241
242.14465743921056,-7.052784930732952,0.9999999999999993,-5.213866093738236,-4.486860576557666,291.72940752244835
242.1546274615304,-7.051442137416037,0.9999999999999993,-5.222209464257478,-4.487023377078082,291.7492714683848
242.16460171609435,-7.0501179871546364,0.9999999999999994,-5.230567951584618,-4.4871858190712475,291.7673293226566
242.17458019412211,-7.048812435938529,0.9999999999999994,-5.238941473170716,-4.487347904513323,291.78359235288696
242.18456288682992,-7.047525439758347,0.9999999999999992,-5.247329946466351,-4.4875096353731925,291.79807182669884
242.19454978543055,-7.0462569546055835,0.9999999999999993,-5.255733288921636,-4.487671013612452,291.8107790117157
242.20454088113348,-7.045006936472592,0.9999999999999994,-5.264151417986323,-4.487832041185397,291.8217251755604
242.2145361651446,-7.043775341352585,0.9999999999999993,-5.2725842511095316,-4.48799272003903,291.83092158585623
242.22453562866656,-7.042562125239634,0.9999999999999994,-5.281031705740162,-4.488153052113042,291.83837951022633
242.23453926289835,-7.041367244128671,0.9999999999999993,-5.289493699326464,-4.488313039339832,291.8441102162937
242.24454705903565,-7.040190654015495,0.9999999999999994,-5.297970149316338,-4.488472683644451,291.8481249716818
242.25455900827063,-7.03903231089676,0.9999999999999994,-5.306460973157154,-4.488631986944663,291.8504350440135
242.2645751017921,-7.037892170769984,0.9999999999999994,-5.314966088295986,-4.488790951150894,291.85105170091185
242.2745953307853,-7.036770189633555,0.9999999999999993,-5.323485412179394,-4.48894957816624,291.8499862100003
242.28461968643197,-7.035666323486712,0.9999999999999994,-5.3320188622534275,-4.489107869886463,291.8472498389019
242.29464815991034,-7.034580528329569,0.9999999999999996,-5.340566355963656,-4.489265828199991,291.8428538552398
242.30468074239548,-7.033512760163099,0.9999999999999994,-5.349127810755519,-4.489423454987902,291.836809526637
242.31471742505863,-7.032462974989142,0.9999999999999993,-5.3577031440737635,-4.489580752123936,291.82912812071686
242.32475819906765,-7.031431128810401,0.9999999999999993,-5.366292273362713,-4.4897377214744685,291.81982090510223
242.33480305558686,-7.030417177630447,0.9999999999999994,-5.374895116066327,-4.48989436489852,291.8088991474167
242.3448519857772,-7.029421077453718,0.9999999999999994,-5.383511589628199,-4.490050684247752,291.7963741152832
242.35490498079602,-7.028442784285517,0.9999999999999993,-5.392141611491407,-4.490206681366463,291.7822570763246
242.36496203179718,-7.027482254132014,0.9999999999999994,-5.400785099098645,-4.490362358091572,291.76655929816434
242.37502312993098,-7.026539443000251,0.9999999999999992,-5.409441969892203,-4.490517716252624,291.7492920484256
242.3850882663443,-7.025614306898132,0.9999999999999997,-5.418112141313983,-4.490672757671784,291.73046659473135
242.39515743218033,-7.024706801834435,0.9999999999999994,-5.426795530805375,-4.490827484163839,291.7100942047049
242.4052306185789,-7.023816883818806,0.9999999999999994,-5.435492055807465,-4.490981897536173,291.6881861459694
242.41530781667623,-7.022944508861756,0.9999999999999996,-5.444201633760908,-4.4911359995887885,291.6647536861478
242.425389017605,-7.022089632974672,0.9999999999999996,-5.452924182105907,-4.491289792114287,291.63980809286346
242.4354742124944,-7.021252212169812,0.9999999999999993,-5.461659618282383,-4.491443276897864,291.6133606337393
242.44556339246998,-7.0204322024603005,0.9999999999999994,-5.4704078597297965,-4.491596455717315,291.5854225763987
242.45565654865374,-7.019629559860133,0.9999999999999994,-5.479168823887047,-4.491749330343013,291.55600518846467
242.4657536721642,-7.018844240384182,0.9999999999999994,-5.487942428192909,-4.491901902537924,291.5251197375605
242.47585475411626,-7.0180762000481876,0.9999999999999996,-5.496728590085624,-4.492054174057603,291.4927774913091
242.48595978562128,-7.01732539486877,0.9999999999999994,-5.505527227003071,-4.492206146650159,291.45898971733374
242.49606875778704,-7.01659178086341,0.9999999999999996,-5.514338256382761,-4.492357822056298,291.42376768325767
242.50618166171773,-7.015875314050474,0.9999999999999996,-5.523161595661744,-4.492509202009272,291.3871226567038
242.516298488514,-7.015175950449195,0.9999999999999996,-5.53199716227687,-4.492660288234913,291.3490659052955
242.52641922927285,-7.014493646079686,0.9999999999999996,-5.540844873664369,-4.492811082451606,291.30960869665586
