galstreams/tracks/track.st.Murrumbidgee.grillmair2017b.ecsv
# %ECSV 1.0
# ---
# datatype:
# - {name: ra, unit: deg, datatype: float64}
# - {name: dec, unit: deg, datatype: float64}
# - {name: distance, unit: kpc, datatype: float64}
# - {name: pm_ra_cosdec, unit: mas / yr, datatype: float64}
# - {name: pm_dec, unit: mas / yr, datatype: float64}
# - {name: radial_velocity, unit: km / s, datatype: float64}
# delimiter: ','
# meta: !!omap
# - __serialized_columns__:
#     dec:
#       __class__: astropy.coordinates.angles.Latitude
#       unit: &id001 !astropy.units.Unit {unit: deg}
#       value: !astropy.table.SerializedColumn {name: dec}
#     distance:
#       __class__: astropy.coordinates.distances.Distance
#       unit: !astropy.units.Unit {unit: kpc}
#       value: !astropy.table.SerializedColumn {name: distance}
#     pm_dec:
#       __class__: astropy.units.quantity.Quantity
#       unit: !astropy.units.Unit {unit: mas / yr}
#       value: !astropy.table.SerializedColumn {name: pm_dec}
#     pm_ra_cosdec:
#       __class__: astropy.units.quantity.Quantity
#       unit: !astropy.units.Unit {unit: mas / yr}
#       value: !astropy.table.SerializedColumn {name: pm_ra_cosdec}
#     ra:
#       __class__: astropy.coordinates.angles.Longitude
#       unit: *id001
#       value: !astropy.table.SerializedColumn {name: ra}
#       wrap_angle: !astropy.coordinates.Angle
#         unit: *id001
#         value: 360.0
#     radial_velocity:
#       __class__: astropy.units.quantity.Quantity
#       unit: !astropy.units.Unit {unit: km / s}
#       value: !astropy.table.SerializedColumn {name: radial_velocity}
# schema: astropy-2.0
ra,dec,distance,pm_ra_cosdec,pm_dec,radial_velocity
[from data line 6592]
16.32989508321352,-34.3107864532421,19.99999999999998,0.0,0.0,0.0
16.325670624237503,-34.30118609776088,19.99999999999998,0.0,0.0,0.0
16.32145032482343,-34.29158390673771,19.99999999999998,0.0,0.0,0.0
16.317234182381437,-34.28197988128634,19.99999999999998,0.0,0.0,0.0
16.313022194319903,-34.27237402252133,19.99999999999998,0.0,0.0,0.0
16.308814358045478,-34.26276633155809,19.99999999999998,0.0,0.0,0.0
16.304610670963072,-34.25315680951283,19.99999999999998,0.0,0.0,0.0
16.30041113047586,-34.243545457502606,19.99999999999998,0.0,0.0,0.0
16.296215733985278,-34.23393227664527,19.99999999999998,0.0,0.0,0.0
16.29202447889105,-34.22431726805956,19.999999999999982,0.0,0.0,0.0
16.287837362591166,-34.21470043286497,19.99999999999998,0.0,0.0,0.0
16.28365438248188,-34.20508177218189,19.99999999999998,0.0,0.0,0.0
16.279475535957744,-34.195461287131465,19.99999999999998,0.0,0.0,0.0
16.275300820411577,-34.185838978835726,19.99999999999998,0.0,0.0,0.0
16.271130233234487,-34.17621484841746,19.99999999999998,0.0,0.0,0.0
16.26696377181589,-34.16658889700037,19.999999999999975,0.0,0.0,0.0
16.26280143354347,-34.15696112570893,19.99999999999998,0.0,0.0,0.0
16.25864321580321,-34.14733153566843,19.99999999999998,0.0,0.0,0.0
16.254489115979393,-34.137700128005015,19.99999999999998,0.0,0.0,0.0
16.250339131454606,-34.12806690384564,19.99999999999998,0.0,0.0,0.0
16.24619325960973,-34.118431864318076,19.99999999999998,0.0,0.0,0.0
16.24205149782396,-34.10879501055095,19.99999999999998,0.0,0.0,0.0
16.237913843474807,-34.09915634367372,19.99999999999998,0.0,0.0,0.0
16.233780293938064,-34.0895158648166,19.999999999999975,0.0,0.0,0.0
16.22965084658787,-34.079873575110696,19.99999999999998,0.0,0.0,0.0
16.225525498796667,-34.070229475687924,19.999999999999982,0.0,0.0,0.0
16.221404247935208,-34.060583567680986,19.99999999999998,0.0,0.0,0.0
16.217287091372608,-34.050935852223496,19.999999999999975,0.0,0.0,0.0
16.213174026476256,-34.04128633044979,19.99999999999998,0.0,0.0,0.0
16.209065050611912,-34.031635003495126,19.99999999999998,0.0,0.0,0.0
16.204960161143642,-34.02198187249551,19.99999999999998,0.0,0.0,0.0
16.200859355433856,-34.01232693858779,19.999999999999982,0.0,0.0,0.0
16.196762630843303,-34.00267020290964,19.99999999999998,0.0,0.0,0.0
16.192669984731076,-33.99301166659963,19.999999999999982,0.0,0.0,0.0
16.188581414454614,-33.983351330797035,19.99999999999998,0.0,0.0,0.0
16.18449691736968,-33.973689196642034,19.99999999999998,0.0,0.0,0.0
16.18041649083042,-33.96402526527561,19.99999999999998,0.0,0.0,0.0
16.1763401321893,-33.95435953783956,19.99999999999998,0.0,0.0,0.0
16.172267838797158,-33.94469201547651,19.999999999999975,0.0,0.0,0.0
16.168199608003196,-33.93502269932993,19.99999999999998,0.0,0.0,0.0
16.164135437154968,-33.92535159054409,19.99999999999998,0.0,0.0,0.0
16.16007532359839,-33.91567869026408,19.999999999999982,0.0,0.0,0.0
16.156019264677756,-33.906003999635836,19.99999999999998,0.0,0.0,0.0
16.15196725773571,-33.89632751980611,19.99999999999998,0.0,0.0,0.0
16.14791930011328,-33.88664925192245,19.99999999999998,0.0,0.0,0.0
16.143875389149883,-33.87696919713329,19.99999999999998,0.0,0.0,0.0
16.139835522183294,-33.86728735658782,19.99999999999998,0.0,0.0,0.0
16.13579969654968,-33.8576037314361,19.999999999999982,0.0,0.0,0.0
16.13176790958358,-33.847918322828995,19.99999999999998,0.0,0.0,0.0
16.127740158617943,-33.83823113191818,19.99999999999998,0.0,0.0,0.0
16.123716440984076,-33.828542159856156,19.99999999999998,0.0,0.0,0.0
16.119696754011716,-33.818851407796295,19.99999999999998,0.0,0.0,0.0
16.11568109502896,-33.80915887689274,19.99999999999998,0.0,0.0,0.0
16.11166946136234,-33.79946456830046,19.99999999999998,0.0,0.0,0.0
16.10766185033675,-33.78976848317526,19.999999999999975,0.0,0.0,0.0
16.103658259275516,-33.78007062267377,19.999999999999975,0.0,0.0,0.0
16.099658685500355,-33.77037098795342,19.99999999999998,0.0,0.0,0.0
16.095663126331416,-33.76066958017253,19.99999999999998,0.0,0.0,0.0
16.091671579087247,-33.750966400490164,19.99999999999998,0.0,0.0,0.0
16.08768404108481,-33.741261450066226,19.99999999999998,0.0,0.0,0.0
16.083700509639478,-33.73155473006146,19.99999999999998,0.0,0.0,0.0
16.07972098206507,-33.72184624163744,19.99999999999998,0.0,0.0,0.0
16.075745455673804,-33.71213598595651,19.99999999999998,0.0,0.0,0.0
16.07177392777635,-33.70242396418192,19.99999999999998,0.0,0.0,0.0
16.06780639568178,-33.692710177477665,19.99999999999998,0.0,0.0,0.0
16.063842856697633,-33.682994627008604,19.99999999999998,0.0,0.0,0.0
16.059883308129855,-33.67327731394041,19.99999999999998,0.0,0.0,0.0
16.05592774728284,-33.663558239439546,19.99999999999998,0.0,0.0,0.0
16.051976171459422,-33.65383740467333,19.99999999999998,0.0,0.0,0.0
16.0480285779609,-33.64411481080992,19.99999999999998,0.0,0.0,0.0
16.044084964086984,-33.63439045901825,19.99999999999998,0.0,0.0,0.0
16.040145327135875,-33.62466435046809,19.99999999999998,0.0,0.0,0.0
16.036209664404186,-33.61493648633004,19.99999999999998,0.0,0.0,0.0
16.03227797318702,-33.60520686777553,19.99999999999998,0.0,0.0,0.0
16.02835025077792,-33.595475495976736,19.99999999999998,0.0,0.0,0.0
16.024426494468905,-33.5857423721068,19.99999999999998,0.0,0.0,0.0
16.020506701550442,-33.57600749733954,19.99999999999998,0.0,0.0,0.0
16.016590869311475,-33.566270872849664,19.99999999999998,0.0,0.0,0.0
16.012678995039423,-33.556532499812704,19.99999999999998,0.0,0.0,0.0
16.00877107602017,-33.546792379405,19.99999999999998,0.0,0.0,0.0
16.004867109538083,-33.537050512803674,19.99999999999998,0.0,0.0,0.0
16.000967092875996,-33.52730690118673,19.99999999999998,0.0,0.0,0.0
15.997071023315247,-33.51756154573297,19.99999999999998,0.0,0.0,0.0
15.993178898135639,-33.507814447622,19.99999999999998,0.0,0.0,0.0
15.989290714615466,-33.49806560803426,19.999999999999986,0.0,0.0,0.0
15.985406470031515,-33.488315028151,19.99999999999998,0.0,0.0,0.0
15.981526161659069,-33.47856270915428,19.99999999999998,0.0,0.0,0.0
15.977649786771918,-33.468808652227025,19.99999999999998,0.0,0.0,0.0
15.973777342642324,-33.45905285855293,19.99999999999998,0.0,0.0,0.0
15.969908826541076,-33.449295329316534,19.99999999999998,0.0,0.0,0.0
15.966044235737446,-33.43953606570317,19.999999999999982,0.0,0.0,0.0
15.962183567499233,-33.42977506889901,19.99999999999998,0.0,0.0,0.0
15.95832681909274,-33.42001234009107,19.999999999999982,0.0,0.0,0.0
15.954473987782775,-33.410247880467104,19.999999999999982,0.0,0.0,0.0
15.950625070832682,-33.40048169121578,19.99999999999998,0.0,0.0,0.0
15.946780065504306,-33.39071377352653,19.999999999999982,0.0,0.0,0.0
15.942938969058016,-33.3809441285896,19.99999999999998,0.0,0.0,0.0
15.939101778752713,-33.37117275759608,19.99999999999998,0.0,0.0,0.0
15.935268491845829,-33.36139966173785,19.999999999999975,0.0,0.0,0.0
15.931439105593304,-33.351624842207634,19.999999999999975,0.0,0.0,0.0
15.927613617249637,-33.34184830019896,19.99999999999998,0.0,0.0,0.0
15.923792024067861,-33.332070036906174,19.99999999999998,0.0,0.0,0.0
15.91997432329953,-33.32229005352443,19.99999999999998,0.0,0.0,0.0
15.916160512194747,-33.31250835124973,19.99999999999998,0.0,0.0,0.0
15.912350588002182,-33.302724931278874,19.999999999999975,0.0,0.0,0.0
15.90854454796901,-33.29293979480944,19.99999999999998,0.0,0.0,0.0
15.904742389341,-33.283152943039894,19.999999999999975,0.0,0.0,0.0
15.900944109362445,-33.273364377169486,19.99999999999998,0.0,0.0,0.0
15.897149705276213,-33.26357409839825,19.99999999999998,0.0,0.0,0.0
15.893359174323706,-33.25378210792708,19.999999999999975,0.0,0.0,0.0
15.889572513744913,-33.24398840695769,19.999999999999982,0.0,0.0,0.0
15.885789720778371,-33.23419299669255,19.99999999999998,0.0,0.0,0.0
15.88201079266121,-33.22439587833504,19.999999999999982,0.0,0.0,0.0
15.878235726629097,-33.214597053089264,19.999999999999975,0.0,0.0,0.0
15.87446451991629,-33.2047965221602,19.99999999999998,0.0,0.0,0.0
15.870697169755616,-33.194994286753605,19.99999999999998,0.0,0.0,0.0
15.86693367337849,-33.185190348076084,19.99999999999998,0.0,0.0,0.0
15.863174028014898,-33.17538470733502,19.999999999999982,0.0,0.0,0.0
15.859418230893423,-33.165577365738656,19.99999999999998,0.0,0.0,0.0
15.855666279241232,-33.15576832449602,19.999999999999982,0.0,0.0,0.0
15.85191817028407,-33.145957584816955,19.999999999999982,0.0,0.0,0.0
15.848173901246284,-33.13614514791212,19.99999999999998,0.0,0.0,0.0
15.844433469350816,-33.126331014992985,19.99999999999998,0.0,0.0,0.0
15.840696871819203,-33.11651518727184,19.99999999999998,0.0,0.0,0.0
15.836964105871594,-33.106697665961796,19.99999999999998,0.0,0.0,0.0
15.833235168726738,-33.09687845227679,19.99999999999998,0.0,0.0,0.0
15.82951005760197,-33.08705754743151,19.99999999999998,0.0,0.0,0.0
15.825788769713288,-33.07723495264154,19.999999999999975,0.0,0.0,0.0
15.82207130227523,-33.06741066912321,19.99999999999998,0.0,0.0,0.0
15.818357652501,-33.057584698093684,19.99999999999998,0.0,0.0,0.0
15.814647817602419,-33.04775704077098,19.99999999999998,0.0,0.0,0.0
15.810941794789908,-33.03792769837387,19.99999999999998,0.0,0.0,0.0
15.807239581272523,-33.02809667212197,19.999999999999975,0.0,0.0,0.0
15.803541174257944,-33.01826396323569,19.999999999999982,0.0,0.0,0.0
15.799846570952491,-33.00842957293627,19.99999999999998,0.0,0.0,0.0
15.796155768561093,-32.998593502445736,19.99999999999998,0.0,0.0,0.0
15.792468764287339,-32.98875575298699,19.99999999999998,0.0,0.0,0.0
15.788785555333448,-32.97891632578366,19.999999999999975,0.0,0.0,0.0
15.785106138900263,-32.96907522206024,19.99999999999998,0.0,0.0,0.0
15.781430512187303,-32.95923244304201,19.99999999999998,0.0,0.0,0.0
15.777758672392704,-32.949387989955085,19.999999999999982,0.0,0.0,0.0
15.774090616713261,-32.93954186402636,19.99999999999998,0.0,0.0,0.0
15.770426342344436,-32.929694066483584,19.99999999999998,0.0,0.0,0.0
15.766765846480325,-32.91984459855528,19.99999999999998,0.0,0.0,0.0
15.763109126313687,-32.90999346147078,19.99999999999998,0.0,0.0,0.0
15.75945617903595,-32.900140656460245,19.999999999999982,0.0,0.0,0.0
15.75580700183719,-32.89028618475464,19.99999999999998,0.0,0.0,0.0
15.752161591906164,-32.88043004758574,19.999999999999975,0.0,0.0,0.0
15.748519946430292,-32.87057224618614,19.999999999999975,0.0,0.0,0.0
15.744882062595668,-32.86071278178922,19.999999999999975,0.0,0.0,0.0
15.741247937587053,-32.85085165562917,19.99999999999998,0.0,0.0,0.0
15.737617568587893,-32.840988868941025,19.99999999999998,0.0,0.0,0.0
15.733990952780308,-32.8311244229606,19.99999999999998,0.0,0.0,0.0
15.730368087345107,-32.82125831892451,19.99999999999998,0.0,0.0,0.0
15.726748969461786,-32.81139055807021,19.99999999999998,0.0,0.0,0.0
15.72313359630852,-32.801521141635924,19.99999999999998,0.0,0.0,0.0
15.71952196506218,-32.79165007086072,19.99999999999998,0.0,0.0,0.0
15.715914072898336,-32.78177734698447,19.999999999999982,0.0,0.0,0.0
15.712309916991249,-32.77190297124783,19.99999999999998,0.0,0.0,0.0
15.708709494513869,-32.76202694489227,19.999999999999982,0.0,0.0,0.0
15.705112802637878,-32.752149269160086,19.99999999999998,0.0,0.0,0.0
15.701519838533635,-32.74226994529435,19.99999999999998,0.0,0.0,0.0
15.697930599370217,-32.73238897453899,19.99999999999998,0.0,0.0,0.0
15.694345082315417,-32.722506358138695,19.99999999999998,0.0,0.0,0.0
15.690763284535734,-32.712622097338965,19.99999999999998,0.0,0.0,0.0
15.687185203196378,-32.70273619338612,19.999999999999975,0.0,0.0,0.0
15.683610835461305,-32.692848647527306,19.99999999999998,0.0,0.0,0.0
15.680040178493146,-32.68295946101042,19.99999999999998,0.0,0.0,0.0
15.676473229453308,-32.67306863508423,19.99999999999998,0.0,0.0,0.0
15.672909985501887,-32.66317617099823,19.99999999999998,0.0,0.0,0.0
15.669350443797729,-32.65328207000281,19.99999999999998,0.0,0.0,0.0
15.665794601498407,-32.64338633334909,19.99999999999998,0.0,0.0,0.0
15.662242455760229,-32.63348896228905,19.999999999999975,0.0,0.0,0.0
15.65869400373824,-32.62358995807542,19.99999999999998,0.0,0.0,0.0
15.655149242586234,-32.613689321961786,19.99999999999998,0.0,0.0,0.0
15.651608169456738,-32.60378705520251,19.99999999999998,0.0,0.0,0.0
15.648070781501035,-32.593883159052744,19.99999999999998,0.0,0.0,0.0
15.644537075869156,-32.5839776347685,19.99999999999998,0.0,0.0,0.0
15.641007049709865,-32.57407048360651,19.999999999999986,0.0,0.0,0.0
15.637480700170729,-32.5641617068244,19.999999999999982,0.0,0.0,0.0
15.63395802439802,-32.55425130568052,19.99999999999998,0.0,0.0,0.0
15.630439019536789,-32.544339281434084,19.99999999999998,0.0,0.0,0.0
15.626923682730867,-32.53442563534506,19.99999999999998,0.0,0.0,0.0
15.623412011122836,-32.52451036867426,19.99999999999998,0.0,0.0,0.0
15.61990400185404,-32.51459348268325,19.999999999999975,0.0,0.0,0.0
15.616399652064617,-32.504674978634455,19.99999999999998,0.0,0.0,0.0
15.612898958893448,-32.494754857791044,19.99999999999998,0.0,0.0,0.0
15.609401919478225,-32.48483312141705,19.999999999999975,0.0,0.0,0.0
15.605908530955391,-32.474909770777245,19.999999999999982,0.0,0.0,0.0
15.602418790460199,-32.464984807137235,19.999999999999982,0.0,0.0,0.0
15.598932695126644,-32.455058231763395,19.999999999999986,0.0,0.0,0.0
15.595450242087578,-32.44513004592298,19.99999999999998,0.0,0.0,0.0
15.591971428474574,-32.43520025088397,19.999999999999982,0.0,0.0,0.0
15.58849625141803,-32.425268847915156,19.999999999999982,0.0,0.0,0.0
15.585024708047158,-32.41533583828615,19.999999999999986,0.0,0.0,0.0
15.581556795489933,-32.40540122326733,19.99999999999998,0.0,0.0,0.0
15.57809251087314,-32.39546500412991,19.999999999999982,0.0,0.0,0.0
15.574631851322394,-32.38552718214591,19.999999999999982,0.0,0.0,0.0
15.571174813962102,-32.37558775858809,19.99999999999998,0.0,0.0,0.0
15.56772139591547,-32.36564673473007,19.99999999999998,0.0,0.0,0.0
15.564271594304524,-32.35570411184623,19.999999999999986,0.0,0.0,0.0
15.56082540625012,-32.34575989121177,19.99999999999998,0.0,0.0,0.0
15.557382828871901,-32.33581407410266,19.999999999999986,0.0,0.0,0.0
15.553943859288362,-32.32586666179571,19.999999999999982,0.0,0.0,0.0
15.55050849461681,-32.3159176555685,19.999999999999982,0.0,0.0,0.0
15.547076731973378,-32.305967056699416,19.999999999999982,0.0,0.0,0.0
15.543648568473023,-32.29601486646761,19.999999999999982,0.0,0.0,0.0
15.540224001229547,-32.28606108615307,19.999999999999982,0.0,0.0,0.0
15.536803027355564,-32.27610571703655,19.999999999999982,0.0,0.0,0.0
15.533385643962562,-32.266148760399645,19.999999999999982,0.0,0.0,0.0
15.529971848160834,-32.256190217524704,19.99999999999998,0.0,0.0,0.0
15.526561637059524,-32.24623008969486,19.999999999999986,0.0,0.0,0.0
15.523155007766634,-32.23626837819409,19.999999999999982,0.0,0.0,0.0
15.519751957389008,-32.22630508430713,19.999999999999986,0.0,0.0,0.0
15.516352483032339,-32.21634020931951,19.99999999999998,0.0,0.0,0.0
15.512956581801179,-32.2063737545176,19.99999999999998,0.0,0.0,0.0
15.50956425079892,-32.196405721188476,19.99999999999998,0.0,0.0,0.0
15.506175487127832,-32.1864361106201,19.999999999999982,0.0,0.0,0.0
15.502790287889043,-32.17646492410117,19.99999999999998,0.0,0.0,0.0
15.499408650182543,-32.166492162921195,19.99999999999998,0.0,0.0,0.0
15.49603057110718,-32.156517828370475,19.999999999999982,0.0,0.0,0.0
15.492656047760685,-32.14654192174011,19.999999999999982,0.0,0.0,0.0
15.489285077239662,-32.13656444432197,19.99999999999998,0.0,0.0,0.0
15.485917656639588,-32.12658539740875,19.999999999999986,0.0,0.0,0.0
15.482553783054811,-32.116604782293926,19.999999999999982,0.0,0.0,0.0
15.479193453578569,-32.10662260027174,19.999999999999982,0.0,0.0,0.0
15.475836665302962,-32.09663885263723,19.999999999999982,0.0,0.0,0.0
15.47248341531903,-32.08665354068627,19.99999999999998,0.0,0.0,0.0
15.469133700716629,-32.076666665715486,19.999999999999986,0.0,0.0,0.0
15.465787518584568,-32.06667822902228,19.999999999999982,0.0,0.0,0.0
15.462444866010516,-32.05668823190489,19.99999999999998,0.0,0.0,0.0
15.459105740081048,-32.04669667566231,19.99999999999998,0.0,0.0,0.0
15.455770137881641,-32.03670356159432,19.999999999999982,0.0,0.0,0.0
