galstreams/tracks/track.ep.Willka_Yaku.shipp2018.ecsv
# %ECSV 0.9
# ---
# datatype:
# - {name: ra, unit: deg, datatype: float64}
# - {name: dec, unit: deg, datatype: float64}
# - {name: distance, unit: kpc, datatype: float64}
# - {name: pm_ra_cosdec, unit: mas / yr, datatype: float64}
# - {name: pm_dec, unit: mas / yr, datatype: float64}
# - {name: radial_velocity, unit: km / s, datatype: float64}
# delimiter: ','
# meta: !!omap
# - __serialized_columns__:
#     dec:
#       __class__: astropy.coordinates.angles.Latitude
#       unit: &id001 !astropy.units.Unit {unit: deg}
#       value: !astropy.table.SerializedColumn {name: dec}
#     distance:
#       __class__: astropy.coordinates.distances.Distance
#       unit: !astropy.units.Unit {unit: kpc}
#       value: !astropy.table.SerializedColumn {name: distance}
#     pm_dec:
#       __class__: astropy.units.quantity.Quantity
#       unit: !astropy.units.Unit {unit: mas / yr}
#       value: !astropy.table.SerializedColumn {name: pm_dec}
#     pm_ra_cosdec:
#       __class__: astropy.units.quantity.Quantity
#       unit: !astropy.units.Unit {unit: mas / yr}
#       value: !astropy.table.SerializedColumn {name: pm_ra_cosdec}
#     ra:
#       __class__: astropy.coordinates.angles.Longitude
#       unit: *id001
#       value: !astropy.table.SerializedColumn {name: ra}
#       wrap_angle: !astropy.coordinates.Angle
#         unit: *id001
#         value: 360.0
#     radial_velocity:
#       __class__: astropy.units.quantity.Quantity
#       unit: !astropy.units.Unit {unit: km / s}
#       value: !astropy.table.SerializedColumn {name: radial_velocity}
# schema: astropy-2.0
ra,dec,distance,pm_ra_cosdec,pm_dec,radial_velocity
36.09999999999999,-64.60000000000001,34.7,0.0,0.0,0.0
36.11416818812648,-64.56844943687595,34.70000000000001,0.0,0.0,0.0
36.128303598744154,-64.53689751815563,34.7,0.0,0.0,0.0
36.1424063526111,-64.50534424889118,34.7,0.0,0.0,0.0
36.15647656990284,-64.47378963411006,34.7,0.0,0.0,0.0
36.170514370215926,-64.4422336788151,34.7,0.0,0.0,0.0
36.18451987257135,-64.41067638798467,34.7,0.0,0.0,0.0
36.19849319541787,-64.37911776657299,34.7,0.0,0.0,0.0
36.21243445663557,-64.34755781950997,34.7,0.0,0.0,0.0
36.22634377353912,-64.31599655170163,34.7,0.0,0.0,0.0
36.24022126288117,-64.28443396803007,34.7,0.0,0.0,0.0
36.25406704085566,-64.25287007335372,34.7,0.0,0.0,0.0
36.26788122310109,-64.22130487250743,34.7,0.0,0.0,0.0
36.28166392470387,-64.18973837030266,34.7,0.0,0.0,0.0
36.29541526020152,-64.15817057152753,34.7,0.0,0.0,0.0
36.30913534358592,-64.12660148094707,34.70000000000001,0.0,0.0,0.0
36.322824288306506,-64.09503110330326,34.7,0.0,0.0,0.0
36.336482207273505,-64.06345944331525,34.7,0.0,0.0,0.0
36.35010921286104,-64.03188650567942,34.7,0.0,0.0,0.0
36.363705416910314,-64.00031229506962,34.70000000000001,0.0,0.0,0.0
36.377270930732706,-63.96873681613715,34.7,0.0,0.0,0.0
36.39080586511291,-63.937160073511066,34.7,0.0,0.0,0.0
36.40431033031198,-63.90558207179818,34.7,0.0,0.0,0.0
36.41778443607041,-63.87400281558322,34.7,0.0,0.0,0.0
36.431228291611106,-63.842422309429125,34.70000000000001,0.0,0.0,0.0
36.4446420056425,-63.81084055787687,34.7,0.0,0.0,0.0
36.458025686361516,-63.77925756544582,34.70000000000001,0.0,0.0,0.0
36.47137944145649,-63.74767333663382,34.7,0.0,0.0,0.0
36.48470337811016,-63.716087875917246,34.7,0.0,0.0,0.0
36.497997603002645,-63.684501187751245,34.7,0.0,0.0,0.0
36.51126222231427,-63.65291327656974,34.70000000000001,0.0,0.0,0.0
36.52449734172852,-63.62132414678566,34.70000000000001,0.0,0.0,0.0
36.5377030664349,-63.589733802790995,34.70000000000001,0.0,0.0,0.0
36.55087950113176,-63.558142248956976,34.7,0.0,0.0,0.0
36.5640267500292,-63.526549489634114,34.70000000000001,0.0,0.0,0.0
36.577144916851815,-63.4949555291524,34.7,0.0,0.0,0.0
36.590234104841514,-63.46336037182141,34.7,0.0,0.0,0.0
36.603294416760306,-63.43176402193037,34.7,0.0,0.0,0.0
36.61632595489304,-63.40016648374836,34.7,0.0,0.0,0.0
36.62932882105017,-63.36856776152434,34.7,0.0,0.0,0.0
36.64230311657046,-63.33696785948736,34.7,0.0,0.0,0.0
36.65524894232369,-63.305366781846566,34.70000000000001,0.0,0.0,0.0
36.668166398713296,-63.2737645327915,34.699999999999996,0.0,0.0,0.0
36.681055585679104,-63.24216111649199,34.7,0.0,0.0,0.0
36.69391660269998,-63.210556537098405,34.7,0.0,0.0,0.0
36.70674954879639,-63.178950798741724,34.7,0.0,0.0,0.0
36.71955452253303,-63.14734390553365,34.7,0.0,0.0,0.0
36.7323316220215,-63.11573586156674,34.70000000000001,0.0,0.0,0.0
36.74508094492278,-63.084126670914486,34.7,0.0,0.0,0.0
36.75780258844985,-63.052516337631474,34.7,0.0,0.0,0.0
36.77049664937019,-63.02090486575343,34.7,0.0,0.0,0.0
36.78316322400834,-62.98929225929739,34.70000000000001,0.0,0.0,0.0
36.795802408248406,-62.95767852226173,34.7,0.0,0.0,0.0
36.808414297536515,-62.92606365862638,34.70000000000001,0.0,0.0,0.0
36.820998986883346,-62.89444767235285,34.7,0.0,0.0,0.0
36.833556570866534,-62.862830567384314,34.7,0.0,0.0,0.0
36.84608714363315,-62.83121234764582,34.70000000000001,0.0,0.0,0.0
36.85859079890208,-62.79959301704431,34.7,0.0,0.0,0.0
36.87106762996653,-62.767972579468655,34.70000000000001,0.0,0.0,0.0
36.883517729696266,-62.73635103879006,34.7,0.0,0.0,0.0
36.89594119054015,-62.70472839886176,34.7,0.0,0.0,0.0
36.90833810452839,-62.67310466351941,34.7,0.0,0.0,0.0
36.920708563274964,-62.641479836581034,34.7,0.0,0.0,0.0
36.93305265797987,-62.609853921847225,34.7,0.0,0.0,0.0
36.9453704794315,-62.57822692310117,34.7,0.0,0.0,0.0
36.95766211800895,-62.54659884410881,34.7,0.0,0.0,0.0
36.969927663684224,-62.514969688618876,34.7,0.0,0.0,0.0
36.98216720602459,-62.483339460363055,34.70000000000001,0.0,0.0,0.0
36.994380834194786,-62.45170816305601,34.7,0.0,0.0,0.0
37.00656863695928,-62.420075800395544,34.70000000000001,0.0,0.0,0.0
37.01873070268446,-62.38844237606265,34.7,0.0,0.0,0.0
37.030867119340904,-62.35680789372164,34.7,0.0,0.0,0.0
37.042977974505526,-62.325172357020186,34.7,0.0,0.0,0.0
37.055063355363764,-62.293535769589504,34.70000000000001,0.0,0.0,0.0
37.06712334871177,-62.26189813504432,34.7,0.0,0.0,0.0
37.07915804095854,-62.23025945698306,34.70000000000001,0.0,0.0,0.0
37.091167518128024,-62.19861973898802,34.70000000000001,0.0,0.0,0.0
37.10315186586132,-62.16697898462521,34.7,0.0,0.0,0.0
37.115111169418746,-62.135337197444635,34.7,0.0,0.0,0.0
37.12704551368195,-62.10369438098034,34.7,0.0,0.0,0.0
37.138954983155934,-62.0720505387505,34.7,0.0,0.0,0.0
37.15083966197122,-62.0404056742575,34.7,0.0,0.0,0.0
37.16269963388583,-62.00875979098801,34.7,0.0,0.0,0.0
37.174534982287355,-61.97711289241312,34.7,0.0,0.0,0.0
37.18634579019498,-61.94546498198839,34.7,0.0,0.0,0.0
37.198132140261514,-61.91381606315391,34.7,0.0,0.0,0.0
37.20989411477538,-61.88216613933446,34.7,0.0,0.0,0.0
37.2216317956626,-61.850515213939545,34.7,0.0,0.0,0.0
37.233345264488776,-61.81886329036345,34.70000000000001,0.0,0.0,0.0
37.24503460246106,-61.787210371985424,34.7,0.0,0.0,0.0
37.25669989043011,-61.75555646216963,34.7,0.0,0.0,0.0
37.268341208892004,-61.723901564265354,34.7,0.0,0.0,0.0
37.279958637990184,-61.69224568160703,34.70000000000001,0.0,0.0,0.0
37.291552257517395,-61.66058881751423,34.699999999999996,0.0,0.0,0.0
37.30312214691751,-61.62893097529204,34.70000000000001,0.0,0.0,0.0
37.31466838528752,-61.59727215823077,34.7,0.0,0.0,0.0
37.32619105137931,-61.565612369606235,34.70000000000001,0.0,0.0,0.0
37.33769022360165,-61.53395161267984,34.7,0.0,0.0,0.0
37.34916598002187,-61.502289890698584,34.7,0.0,0.0,0.0
37.360618398367905,-61.47062720689522,34.7,0.0,0.0,0.0
37.372047556029955,-61.43896356448826,34.7,0.0,0.0,0.0
37.3834535300624,-61.40729896668209,34.7,0.0,0.0,0.0
37.39483639718558,-61.37563341666705,34.7,0.0,0.0,0.0
37.40619623378757,-61.34396691761949,34.70000000000001,0.0,0.0,0.0
37.417533115925984,-61.31229947270187,34.7,0.0,0.0,0.0
37.42884711932977,-61.280631085062794,34.7,0.0,0.0,0.0
37.4401383194009,-61.24896175783717,34.7,0.0,0.0,0.0
37.451406791216215,-61.217291494146174,34.70000000000001,0.0,0.0,0.0
37.46265260952907,-61.185620297097415,34.7,0.0,0.0,0.0
37.47387584877112,-61.15394816978493,34.7,0.0,0.0,0.0
37.485076583054024,-61.12227511528935,34.699999999999996,0.0,0.0,0.0
37.49625488617113,-61.09060113667789,34.70000000000001,0.0,0.0,0.0
37.5074108315992,-61.058926237004464,34.699999999999996,0.0,0.0,0.0
37.518544492500084,-61.02725041930975,34.70000000000001,0.0,0.0,0.0
37.52965594172238,-60.99557368662126,34.7,0.0,0.0,0.0
37.54074525180311,-60.96389604195338,34.7,0.0,0.0,0.0
37.55181249496936,-60.93221748830751,34.7,0.0,0.0,0.0
37.56285774313996,-60.90053802867208,34.7,0.0,0.0,0.0
37.57388106792704,-60.86885766602263,34.7,0.0,0.0,0.0
37.58488254063774,-60.83717640332188,34.7,0.0,0.0,0.0
37.595862232275756,-60.80549424351977,34.7,0.0,0.0,0.0
37.60682021354298,-60.77381118955362,34.699999999999996,0.0,0.0,0.0
37.61775655484106,-60.74212724434811,34.7,0.0,0.0,0.0
37.628671326273,-60.71044241081536,34.70000000000001,0.0,0.0,0.0
37.63956459764474,-60.67875669185503,34.70000000000001,0.0,0.0,0.0
37.650436438466684,-60.64707009035434,34.7,0.0,0.0,0.0
37.66128691795531,-60.61538260918821,34.7,0.0,0.0,0.0
37.672116105034625,-60.58369425121923,34.7,0.0,0.0,0.0
37.6829240683378,-60.552005019297816,34.7,0.0,0.0,0.0
37.69371087620859,-60.52031491626218,34.7,0.0,0.0,0.0
37.70447659670293,-60.48862394493851,34.7,0.0,0.0,0.0
37.71522129759041,-60.45693210814093,34.7,0.0,0.0,0.0
37.725945046355754,-60.42523940867163,34.70000000000001,0.0,0.0,0.0
37.736647910200325,-60.39354584932089,34.7,0.0,0.0,0.0
37.74732995604357,-60.361851432867134,34.7,0.0,0.0,0.0
37.75799125052456,-60.33015616207708,34.7,0.0,0.0,0.0
37.76863186000337,-60.29846003970566,34.7,0.0,0.0,0.0
37.779251850562545,-60.266763068496225,34.7,0.0,0.0,0.0
37.789851288008585,-60.23506525118051,34.7,0.0,0.0,0.0
37.80043023787333,-60.2033665904787,34.7,0.0,0.0,0.0
37.81098876541538,-60.1716670890996,34.7,0.0,0.0,0.0
37.82152693562156,-60.13996674974051,34.70000000000001,0.0,0.0,0.0
37.83204481320827,-60.10826557508744,34.70000000000001,0.0,0.0,0.0
37.8425424626229,-60.076563567815114,34.7,0.0,0.0,0.0
37.85301994804523,-60.044860730587025,34.7,0.0,0.0,0.0
37.8634773333888,-60.0131570660555,34.7,0.0,0.0,0.0
37.87391468230227,-59.981452576861734,34.70000000000001,0.0,0.0,0.0
37.884332058170806,-59.949747265635914,34.7,0.0,0.0,0.0
37.89472952411741,-59.918041134997196,34.70000000000001,0.0,0.0,0.0
37.90510714300428,-59.88633418755381,34.70000000000001,0.0,0.0,0.0
37.91546497743415,-59.85462642590312,34.70000000000001,0.0,0.0,0.0
37.925803089751604,-59.82291785263165,34.7,0.0,0.0,0.0
37.93612154204442,-59.79120847031516,34.70000000000001,0.0,0.0,0.0
37.94642039614488,-59.75949828151872,34.7,0.0,0.0,0.0
37.95669971363103,-59.72778728879672,34.7,0.0,0.0,0.0
37.96695955582806,-59.69607549469294,34.7,0.0,0.0,0.0
37.97719998380951,-59.664362901740645,34.7,0.0,0.0,0.0
37.98742105839863,-59.632649512462585,34.699999999999996,0.0,0.0,0.0
37.99762284016957,-59.6009353293711,34.7,0.0,0.0,0.0
38.00780538944873,-59.5692203549681,34.7,0.0,0.0,0.0
38.017968766315946,-59.537504591745204,34.70000000000001,0.0,0.0,0.0
38.02811303060581,-59.505788042183745,34.7,0.0,0.0,0.0
38.03823824190884,-59.47407070875483,34.70000000000001,0.0,0.0,0.0
38.0483444595728,-59.442352593919395,34.7,0.0,0.0,0.0
38.05843174270383,-59.410633700128244,34.7,0.0,0.0,0.0
38.068500150167786,-59.37891402982213,34.7,0.0,0.0,0.0
38.07854974059132,-59.34719358543177,34.7,0.0,0.0,0.0
38.088580572363206,-59.315472369377936,34.70000000000001,0.0,0.0,0.0
38.09859270363546,-59.28375038407149,34.70000000000001,0.0,0.0,0.0
38.10858619232459,-59.25202763191341,34.7,0.0,0.0,0.0
38.118561096112714,-59.22030411529485,34.7,0.0,0.0,0.0
38.12851747244882,-59.188579836597235,34.7,0.0,0.0,0.0
38.13845537854986,-59.156854798192285,34.7,0.0,0.0,0.0
38.148374871401955,-59.125129002441966,34.7,0.0,0.0,0.0
38.158276007761565,-59.09340245169874,34.70000000000001,0.0,0.0,0.0
38.1681588441566,-59.06167514830545,34.7,0.0,0.0,0.0
38.17802343688759,-59.02994709459539,34.7,0.0,0.0,0.0
38.1878698420288,-58.99821829289247,34.70000000000001,0.0,0.0,0.0
38.19769811542941,-58.96648874551108,34.70000000000001,0.0,0.0,0.0
38.20750831271456,-58.93475845475631,34.70000000000001,0.0,0.0,0.0
38.217300489286536,-58.90302742292388,34.70000000000001,0.0,0.0,0.0
38.227074700325836,-58.87129565230023,34.7,0.0,0.0,0.0
38.2368310007923,-58.83956314516261,34.7,0.0,0.0,0.0
38.24656944542621,-58.80782990377902,34.70000000000001,0.0,0.0,0.0
38.25629008874934,-58.776095930408374,34.7,0.0,0.0,0.0
38.265992985066084,-58.74436122730045,34.7,0.0,0.0,0.0
38.27567818846451,-58.71262579669601,34.7,0.0,0.0,0.0
38.28534575281745,-58.68088964082676,34.7,0.0,0.0,0.0
38.294995731783544,-58.64915276191552,34.7,0.0,0.0,0.0
38.304628178808294,-58.61741516217615,34.70000000000001,0.0,0.0,0.0
38.31424314712514,-58.58567684381362,34.70000000000001,0.0,0.0,0.0
38.32384068975653,-58.553937809024134,34.7,0.0,0.0,0.0
38.33342085951485,-58.522198059995056,34.7,0.0,0.0,0.0
38.34298370900362,-58.49045759890506,34.7,0.0,0.0,0.0
38.352529290618385,-58.458716427924095,34.7,0.0,0.0,0.0
38.362057656547776,-58.42697454921345,34.7,0.0,0.0,0.0
38.37156885877458,-58.395231964925856,34.70000000000001,0.0,0.0,0.0
38.381062949076686,-58.36348867720542,34.7,0.0,0.0,0.0
38.390539979028105,-58.33174468818775,34.70000000000001,0.0,0.0,0.0
38.399999999999984,-58.29999999999999,34.7,0.0,0.0,0.0
