galstreams/tracks/track.ep.Turbio.shipp2018.ecsv
# %ECSV 0.9
# ---
# datatype:
# - {name: ra, unit: deg, datatype: float64}
# - {name: dec, unit: deg, datatype: float64}
# - {name: distance, unit: kpc, datatype: float64}
# - {name: pm_ra_cosdec, unit: mas / yr, datatype: float64}
# - {name: pm_dec, unit: mas / yr, datatype: float64}
# - {name: radial_velocity, unit: km / s, datatype: float64}
# delimiter: ','
# meta: !!omap
# - __serialized_columns__:
#     dec:
#       __class__: astropy.coordinates.angles.Latitude
#       unit: &id001 !astropy.units.Unit {unit: deg}
#       value: !astropy.table.SerializedColumn {name: dec}
#     distance:
#       __class__: astropy.coordinates.distances.Distance
#       unit: !astropy.units.Unit {unit: kpc}
#       value: !astropy.table.SerializedColumn {name: distance}
#     pm_dec:
#       __class__: astropy.units.quantity.Quantity
#       unit: !astropy.units.Unit {unit: mas / yr}
#       value: !astropy.table.SerializedColumn {name: pm_dec}
#     pm_ra_cosdec:
#       __class__: astropy.units.quantity.Quantity
#       unit: !astropy.units.Unit {unit: mas / yr}
#       value: !astropy.table.SerializedColumn {name: pm_ra_cosdec}
#     ra:
#       __class__: astropy.coordinates.angles.Longitude
#       unit: *id001
#       value: !astropy.table.SerializedColumn {name: ra}
#       wrap_angle: !astropy.coordinates.Angle
#         unit: *id001
#         value: 360.0
#     radial_velocity:
#       __class__: astropy.units.quantity.Quantity
#       unit: !astropy.units.Unit {unit: km / s}
#       value: !astropy.table.SerializedColumn {name: radial_velocity}
# schema: astropy-2.0
ra,dec,distance,pm_ra_cosdec,pm_dec,radial_velocity
27.99999924512117,-61.00000000171433,16.6,2.3,2.0,0.0
27.99927265657386,-60.9246233717319,16.6,2.3,2.0,0.0
27.998549498138217,-60.84924673785453,16.600000000000005,2.3,2.0,0.0
27.99782974309655,-60.77387010011248,16.600000000000005,2.3,2.0,0.0
27.99711336500551,-60.69849345853591,16.6,2.3,2.0,0.0
27.99640033769256,-60.623116813154475,16.6,2.3,2.0,0.0
27.995690635252522,-60.54774016399754,16.600000000000005,2.3,2.0,0.0
27.99498423204415,-60.47236351109431,16.6,2.3,2.0,0.0
27.994281102686784,-60.396986854473596,16.600000000000005,2.3,2.0,0.0
27.99358122205703,-60.321610194163874,16.6,2.3,2.0,0.0
27.9928845652855,-60.24623353019337,16.6,2.3,2.0,0.0
27.992191107753598,-60.17085686259013,16.6,2.3,2.0,0.0
27.99150082509038,-60.09548019138177,16.6,2.3,2.0,0.0
27.990813693169414,-60.02010351659563,16.6,2.3,2.0,0.0
27.990129688105725,-59.94472683825896,16.6,2.3,2.0,0.0
27.989448786252773,-59.86935015639854,16.6,2.3,2.0,0.0
27.988770964199468,-59.79397347104096,16.600000000000005,2.3,2.0,0.0
27.988096198767273,-59.71859678221249,16.600000000000005,2.3,2.0,0.0
27.987424467007244,-59.643220089939284,16.6,2.3,2.0,0.0
27.986755746197275,-59.567843394247085,16.600000000000005,2.3,2.0,0.0
27.986090013839235,-59.492466695161404,16.600000000000005,2.3,2.0,0.0
27.985427247656215,-59.41708999270765,16.600000000000005,2.3,2.0,0.0
27.984767425589826,-59.3417132869108,16.600000000000005,2.3,2.0,0.0
27.9841105257975,-59.26633657779561,16.600000000000005,2.3,2.0,0.0
27.98345652664988,-59.19095986538675,16.6,2.3,2.0,0.0
27.98280540672814,-59.11558314970847,16.6,2.3,2.0,0.0
27.982157144821546,-59.04020643078489,16.600000000000005,2.3,2.0,0.0
27.9815117199248,-58.96482970863976,16.600000000000005,2.3,2.0,0.0
27.98086911123564,-58.88945298329686,16.6,2.3,2.0,0.0
27.98022929815234,-58.81407625477949,16.600000000000005,2.3,2.0,0.0
27.979592260271307,-58.73869952311081,16.600000000000005,2.3,2.0,0.0
27.978957977384685,-58.66332278831382,16.600000000000005,2.3,2.0,0.0
27.978326429478027,-58.58794605041123,16.600000000000005,2.3,2.0,0.0
27.977697596727975,-58.51256930942547,16.6,2.3,2.0,0.0
27.977071459499946,-58.43719256537897,16.600000000000005,2.3,2.0,0.0
27.976447998345918,-58.361815818293756,16.600000000000005,2.3,2.0,0.0
27.9758271940022,-58.28643906819168,16.6,2.3,2.0,0.0
27.975209027387233,-58.21106231509437,16.6,2.3,2.0,0.0
27.974593479599477,-58.13568555902341,16.600000000000005,2.3,2.0,0.0
27.973980531915227,-58.06030879999998,16.6,2.3,2.0,0.0
27.973370165786548,-57.9849320380451,16.600000000000005,2.3,2.0,0.0
27.972762362839216,-57.909555273179755,16.600000000000005,2.3000000000000003,2.0,0.0
27.97215710487068,-57.83417850542454,16.6,2.3,2.0,0.0
27.971554373848054,-57.758801734799945,16.6,2.2999999999999994,2.0,0.0
27.970954151906096,-57.68342496132619,16.6,2.3,2.0,0.0
27.970356421345336,-57.60804818502351,16.6,2.3,2.0,0.0
27.969761164630082,-57.53267140591173,16.6,2.3,2.0,0.0
27.96916836438655,-57.45729462401053,16.600000000000005,2.3,2.0,0.0
27.968578003401003,-57.38191783933958,16.6,2.3,2.0,0.0
27.96799006461787,-57.306541051918174,16.6,2.2999999999999994,2.0,0.0
27.967404531137973,-57.231164261765464,16.6,2.3,2.0,0.0
27.96682138621667,-57.15578746890057,16.6,2.3,2.0,0.0
27.96624061326217,-57.08041067334227,16.6,2.3,2.0,0.0
27.96566219583368,-57.00503387510924,16.600000000000005,2.3,2.0,0.0
27.96508611763979,-56.929657074219925,16.6,2.3,2.0,0.0
27.96451236253668,-56.854280270692755,16.600000000000005,2.2999999999999994,2.0,0.0
27.96394091452654,-56.77890346454584,16.6,2.3,2.0,0.0
27.963371757755795,-56.70352665579715,16.6,2.2999999999999994,2.0,0.0
27.962804876513612,-56.62814984446461,16.6,2.3,2.0,0.0
27.962240255230178,-56.55277303056586,16.600000000000005,2.3,2.0,0.0
27.96167787847517,-56.477396214118365,16.6,2.3,2.0,0.0
27.961117730956193,-56.40201939513958,16.600000000000005,2.3,2.0,0.0
27.960559797517202,-56.32664257364671,16.6,2.3,2.0,0.0
27.960004063136985,-56.251265749656746,16.6,2.3,2.0,0.0
27.959450512927706,-56.175888923186584,16.6,2.3,2.0,0.0
27.95889913213334,-56.10051209425307,16.6,2.3,2.0,0.0
27.958349906128312,-56.025135262872766,16.600000000000005,2.3,2.0,0.0
27.95780282041593,-55.949758429062086,16.6,2.3,2.0,0.0
27.957257860627077,-55.87438159283743,16.600000000000005,2.3,2.0,0.0
27.956715012518735,-55.799004754214934,16.6,2.3,2.0,0.0
27.956174261972617,-55.723627913210635,16.600000000000005,2.3,2.0,0.0
27.95563559499378,-55.64825106984036,16.6,2.3,2.0,0.0
27.955098997709324,-55.57287422411997,16.600000000000005,2.3,2.0,0.0
27.954564456366988,-55.49749737606503,16.6,2.3000000000000003,2.0,0.0
27.95403195733388,-55.42212052569098,16.6,2.3,2.0,0.0
27.95350148709519,-55.34674367301325,16.6,2.2999999999999994,2.0,0.0
27.95297303225285,-55.27136681804701,16.600000000000005,2.3,2.0,0.0
27.95244657952432,-55.19598996080728,16.6,2.3,2.0,0.0
27.951922115741336,-55.12061310130914,16.600000000000005,2.3,2.0,0.0
27.951399627848634,-55.04523623956735,16.6,2.3,2.0,0.0
27.95087910290277,-54.96985937559661,16.600000000000005,2.3,2.0,0.0
27.95036052807093,-54.89448250941143,16.6,2.3,2.0,0.0
27.9498438906297,-54.819105641026376,16.600000000000005,2.3,2.0,0.0
27.949329177963932,-54.74372877045571,16.600000000000005,2.3,2.0,0.0
27.94881637756557,-54.668351897713585,16.600000000000005,2.3,2.0,0.0
27.948305477032523,-54.5929750228142,16.600000000000005,2.3,2.0,0.0
27.94779646406752,-54.51759814577145,16.600000000000005,2.3,2.0,0.0
27.94728932647702,-54.442221266599134,16.6,2.3,2.0,0.0
27.94678405217007,-54.36684438531109,16.6,2.3,2.0,0.0
27.9462806291573,-54.29146750192088,16.6,2.3,2.0,0.0
27.945779045549763,-54.216090616441996,16.600000000000005,2.3,2.0,0.0
27.945279289557956,-54.14071372888778,16.6,2.3,2.0,0.0
27.944781349490707,-54.06533683927161,16.600000000000005,2.3,2.0,0.0
27.944285213754195,-53.9899599476066,16.6,2.3,2.0,0.0
27.94379087085092,-53.91458305390576,16.600000000000005,2.3,2.0,0.0
27.94329830937868,-53.83920615818213,16.600000000000005,2.3,2.0,0.0
27.94280751802959,-53.7638292604485,16.600000000000005,2.3,2.0,0.0
27.942318485589126,-53.688452360717605,16.600000000000005,2.3,2.0,0.0
27.941831200935102,-53.613075459002026,16.600000000000005,2.3,2.0,0.0
27.941345653036784,-53.53769855531439,16.600000000000005,2.3,2.0,0.0
27.940861830953867,-53.46232164966705,16.6,2.3,2.0,0.0
27.94037972383562,-53.38694474207235,16.6,2.3,2.0,0.0
27.93989932091991,-53.311567832542515,16.600000000000005,2.3,2.0,0.0
27.93942061153233,-53.23619092108965,16.6,2.3,2.0,0.0
27.938943585085248,-53.160814007725776,16.600000000000005,2.3,2.0,0.0
27.938468231076985,-53.08543709246284,16.6,2.3,2.0,0.0
27.9379945390909,-53.01006017531265,16.6,2.3,2.0,0.0
27.93752249879453,-52.934683256286945,16.600000000000005,2.3,2.0,0.0
27.937052099938732,-52.85930633539738,16.6,2.3,2.0,0.0
27.936583332356847,-52.78392941265546,16.600000000000005,2.3,2.0,0.0
27.93611618596386,-52.708552488072684,16.6,2.3,2.0,0.0
27.935650650755573,-52.633175561660366,16.600000000000005,2.3,2.0,0.0
27.935186716807795,-52.557798633429805,16.6,2.3,2.0,0.0
27.934724374275543,-52.48242170339217,16.600000000000005,2.3,2.0,0.0
27.934263613392222,-52.40704477155855,16.6,2.3,2.0,0.0
27.93380442446887,-52.33166783793997,16.600000000000005,2.3,2.0,0.0
27.93334679789337,-52.25629090254731,16.600000000000005,2.3,2.0,0.0
27.932890724129667,-52.180913965391404,16.600000000000005,2.3,2.0,0.0
27.932436193717038,-52.10553702648303,16.6,2.3,2.0,0.0
27.931983197269332,-52.0301600858328,16.600000000000005,2.3,2.0,0.0
27.93153172547421,-51.95478314345131,16.600000000000005,2.3,2.0,0.0
27.931081769092458,-51.879406199349056,16.6,2.3,2.0,0.0
27.930633318957213,-51.80402925353644,16.6,2.3,2.0,0.0
27.930186365973288,-51.72865230602379,16.6,2.3,2.0,0.0
27.929740901116453,-51.65327535682135,16.6,2.3,2.0,0.0
27.929296915432737,-51.577898405939294,16.6,2.3,2.0,0.0
27.928854400037736,-51.50252145338771,16.6,2.3,2.0,0.0
27.928413346115942,-51.4271444991766,16.6,2.3,2.0,0.0
27.927973744920056,-51.3517675433159,16.6,2.3,2.0,0.0
27.927535587770343,-51.27639058581548,16.600000000000005,2.3,2.0,0.0
27.92709886605396,-51.20101362668511,16.6,2.3,2.0,0.0
27.92666357122428,-51.125636665934486,16.6,2.3,2.0,0.0
27.92622969480033,-51.05025970357323,16.6,2.3,2.0,0.0
27.925797228366065,-50.97488273961095,16.600000000000005,2.3,2.0,0.0
27.925366163569795,-50.89950577405706,16.600000000000005,2.3,2.0,0.0
27.924936492123546,-50.824128806921024,16.6,2.3,2.0,0.0
27.924508205802457,-50.74875183821216,16.600000000000005,2.3,2.0,0.0
27.924081296444168,-50.67337486793973,16.6,2.3,2.0,0.0
27.923655755948218,-50.59799789611295,16.600000000000005,2.3,2.0,0.0
27.923231576275445,-50.522620922740934,16.6,2.3,2.0,0.0
27.92280874944744,-50.447243947832746,16.600000000000005,2.3,2.0,0.0
27.922387267545915,-50.37186697139738,16.600000000000005,2.3,2.0,0.0
27.921967122712168,-50.29648999344376,16.600000000000005,2.3,2.0,0.0
27.92154830714649,-50.22111301398074,16.600000000000005,2.3,2.0,0.0
27.92113081310765,-50.14573603301711,16.600000000000005,2.3,2.0,0.0
27.92071463291228,-50.070359050561606,16.6,2.3,2.0,0.0
27.920299758934387,-49.99498206662286,16.6,2.3,2.0,0.0
27.91988618360477,-49.91960508120949,16.600000000000005,2.3,2.0,0.0
27.91947389941052,-49.84422809433003,16.6,2.3,2.0,0.0
27.919062898894456,-49.76885110599294,16.600000000000005,2.3,2.0,0.0
27.918653174654626,-49.6934741162066,16.6,2.3,2.0,0.0
27.918244719343793,-49.61809712497939,16.600000000000005,2.3,2.0,0.0
27.917837525668904,-49.54272013231959,16.600000000000005,2.3,2.0,0.0
27.917431586390617,-49.4673431382354,16.6,2.3,2.0,0.0
27.917026894322753,-49.39196614273498,16.600000000000005,2.3,2.0,0.0
27.916623442331858,-49.31658914582644,16.6,2.3,2.0,0.0
27.916221223336663,-49.24121214751783,16.600000000000005,2.3,2.0,0.0
27.91582023030765,-49.16583514781711,16.6,2.3,2.0,0.0
27.915420456266528,-49.09045814673224,16.6,2.3,2.0,0.0
27.915021894285786,-49.015081144271036,16.6,2.3,2.0,0.0
27.91462453748823,-48.93970414044134,16.600000000000005,2.3,2.0,0.0
27.914228379046513,-48.8643271352509,16.6,2.3,2.0,0.0
27.913833412182655,-48.78895012870741,16.600000000000005,2.3,2.0,0.0
27.91343963016764,-48.713573120818516,16.600000000000005,2.3,2.0,0.0
27.913047026320932,-48.63819611159179,16.6,2.3,2.0,0.0
27.912655594010037,-48.562819101034776,16.6,2.3,2.0,0.0
27.91226532665007,-48.48744208915494,16.600000000000005,2.3,2.0,0.0
27.911876217703345,-48.412065075959724,16.6,2.3,2.0,0.0
27.91148826067889,-48.336688061456485,16.6,2.3,2.0,0.0
27.911101449132087,-48.26131104565254,16.600000000000005,2.3,2.0,0.0
27.910715776664222,-48.18593402855516,16.6,2.3,2.0,0.0
27.91033123692205,-48.11055701017156,16.6,2.3,2.0,0.0
27.90994782359744,-48.035179990508894,16.600000000000005,2.3,2.0,0.0
27.909565530426924,-47.95980296957429,16.6,2.3,2.0,0.0
27.909184351191307,-47.88442594737479,16.6,2.3,2.0,0.0
27.908804279715277,-47.80904892391743,16.600000000000005,2.3,2.0,0.0
27.908425309867017,-47.73367189920915,16.600000000000005,2.3,2.0,0.0
27.908047435557794,-47.65829487325688,16.6,2.3,2.0,0.0
27.907670650741604,-47.58291784606747,16.6,2.3,2.0,0.0
27.907294949414762,-47.50754081764776,16.600000000000005,2.3,2.0,0.0
27.906920325615555,-47.43216378800449,16.6,2.3,2.0,0.0
27.906546773423848,-47.3567867571444,16.6,2.3,2.0,0.0
27.906174286960738,-47.28140972507417,16.6,2.3,2.0,0.0
27.905802860388146,-47.206032691800424,16.600000000000005,2.3,2.0,0.0
27.905432487908513,-47.13065565732974,16.6,2.3,2.0,0.0
27.905063163764414,-47.055278621668656,16.600000000000005,2.3,2.0,0.0
27.904694882238196,-46.979901584823686,16.6,2.3,2.0,0.0
27.90432763765164,-46.90452454680125,16.600000000000005,2.3,2.0,0.0
27.90396142436563,-46.82914750760776,16.6,2.3,2.0,0.0
27.903596236779787,-46.75377046724957,16.600000000000005,2.3,2.0,0.0
27.90323206933213,-46.678393425733006,16.6,2.3,2.0,0.0
27.90286891649878,-46.603016383064336,16.6,2.3,2.0,0.0
27.902506772793576,-46.527639339249795,16.600000000000005,2.3,2.0,0.0
27.902145632767777,-46.452262294295565,16.600000000000005,2.3,2.0,0.0
27.901785491009726,-46.37688524820779,16.600000000000005,2.3,2.0,0.0
27.901426342144568,-46.30150820099258,16.600000000000005,2.3,2.0,0.0
27.901068180833832,-46.22613115265598,16.6,2.3,2.0,0.0
27.900711001775257,-46.15075410320404,16.6,2.3,2.0,0.0
27.900354799702345,-46.0753770526427,16.6,2.3,2.0,0.0
27.89999956938416,-46.00000000097794,16.600000000000005,2.3,2.0,0.0
