galstreams/tracks/track.st.NGC1261.ibata2024.ecsv
# %ECSV 1.0
# ---
# datatype:
# - {name: ra, unit: deg, datatype: float64}
# - {name: dec, unit: deg, datatype: float64}
# - {name: distance, unit: kpc, datatype: float64}
# - {name: pm_ra_cosdec, unit: mas / yr, datatype: float64}
# - {name: pm_dec, unit: mas / yr, datatype: float64}
# - {name: radial_velocity, unit: km / s, datatype: float64}
# delimiter: ','
# meta: !!omap
# - __serialized_columns__:
#     dec:
#       __class__: astropy.coordinates.angles.Latitude
#       unit: &id001 !astropy.units.Unit {unit: deg}
#       value: !astropy.table.SerializedColumn {name: dec}
#     distance:
#       __class__: astropy.coordinates.distances.Distance
#       unit: !astropy.units.Unit {unit: kpc}
#       value: !astropy.table.SerializedColumn {name: distance}
#     pm_dec:
#       __class__: astropy.units.quantity.Quantity
#       unit: !astropy.units.Unit {unit: mas / yr}
#       value: !astropy.table.SerializedColumn {name: pm_dec}
#     pm_ra_cosdec:
#       __class__: astropy.units.quantity.Quantity
#       unit: !astropy.units.Unit {unit: mas / yr}
#       value: !astropy.table.SerializedColumn {name: pm_ra_cosdec}
#     ra:
#       __class__: astropy.coordinates.angles.Longitude
#       unit: *id001
#       value: !astropy.table.SerializedColumn {name: ra}
#       wrap_angle: !astropy.coordinates.Angle
#         unit: *id001
#         value: 360.0
#     radial_velocity:
#       __class__: astropy.units.quantity.Quantity
#       unit: !astropy.units.Unit {unit: km / s}
#       value: !astropy.table.SerializedColumn {name: radial_velocity}
# schema: astropy-2.0
ra,dec,distance,pm_ra_cosdec,pm_dec,radial_velocity
[from data line 1116]
30.378624667470472,-58.32606576314055,0.9999999999999997,1.2364155143431752,-3.5112182442557156,-434.53340126484744
30.396226583834736,-58.32180122230747,0.9999999999999998,1.2374266258524642,-3.5093135046501303,-432.5608089822487
30.413826729486924,-58.31753854993201,0.9999999999999996,1.2384362184360285,-3.507409384038503,-430.5926822487692
30.431425109433246,-58.31327774636319,0.9999999999999997,1.2394442939804122,-3.5055058829264,-428.62901642854604
30.449021728677646,-58.30901881194855,0.9999999999999996,1.240450854371474,-3.5036030018175666,-426.6698068857138
30.46661659222134,-58.30476174703423,0.9999999999999997,1.241455901494291,-3.501700741214009,-424.71504898440855
30.48420970506308,-58.300506551964965,0.9999999999999998,1.2424594372332436,-3.499799101616034,-422.7647380887662
30.501801072198713,-58.296253227084094,0.9999999999999997,1.243461463471938,-3.4978980835222018,-420.81886956292254
30.51939069862185,-58.29200177273351,0.9999999999999997,1.2444619820933127,-3.495997687429359,-418.8774387710127
30.536978589323457,-58.287752189253695,0.9999999999999997,1.2454609949794886,-3.4940979138326185,-416.9404410771732
30.55456474929165,-58.28350447698375,0.9999999999999997,1.246458504011887,-3.492198763225332,-415.0078718455392
30.572149183512266,-58.279258636261346,0.9999999999999997,1.247454511071215,-3.490300236099202,-413.0797264402465
30.589731896968477,-58.275014667422724,0.9999999999999997,1.2484490180374053,-3.4884023329441405,-411.15600022543117
30.607312894640987,-58.27077257080271,0.9999999999999998,1.2494420267897048,-3.4865050542483402,-409.2366885652289
30.624892181507597,-58.26653234673478,0.9999999999999998,1.250433539206572,-3.484608400498324,-407.3217868237749
30.642469762543897,-58.262293995550955,0.9999999999999997,1.251423557165765,-3.482712372178902,-405.4112903652053
30.66004564272286,-58.258057517581804,0.9999999999999997,1.2524120825443141,-3.480816969773066,-403.50519455365594
30.677619827014635,-58.2538229131566,0.9999999999999997,1.253399117218482,-3.478922193762216,-401.6034947532621
30.69519232038709,-58.24959018260312,0.9999999999999996,1.2543846630638242,-3.4770280446260173,-399.70618632816
30.712763127805456,-58.24535932624776,0.9999999999999997,1.2553687219551541,-3.475134522842332,-397.81326464248525
30.73033225423251,-58.24113034441549,0.9999999999999997,1.256351295766553,-3.473241628887436,-395.92472506037313
30.747899704628164,-58.23690323742993,0.9999999999999996,1.2573323863713703,-3.4713493632358237,-394.0405629459602
30.76546548395009,-58.232678005613245,0.9999999999999997,1.2583119956422166,-3.4694577263602824,-392.16077366338124
30.78302959715341,-58.228454649286164,0.9999999999999996,1.2592901254509705,-3.467566718731959,-390.2853525767728
30.800592049190413,-58.22423316876813,0.9999999999999996,1.2602667776687895,-3.465676340820224,-388.41429505027037
30.818152845011127,-58.220013564377076,0.9999999999999997,1.2612419541660707,-3.463786593092806,-386.54759644800924
30.835711989563087,-58.21579583642955,0.9999999999999996,1.2622156568125042,-3.461897476015693,-384.68525213412573
30.85326948779095,-58.21157998524077,0.9999999999999997,1.2631878874770415,-3.460008990053211,-382.8272574727553
30.870825344637137,-58.20736601112444,0.9999999999999996,1.264158648027884,-3.458121135667959,-380.97360782803355
30.88837956504147,-58.20315391439298,0.9999999999999997,1.265127940332519,-3.4562339133208937,-379.12429856409665
30.90593215394134,-58.198943695357265,0.9999999999999998,1.2660957662577204,-3.454347323471211,-377.2793250450799
30.92348311627129,-58.194735354326944,0.9999999999999996,1.2670621276694796,-3.452461366576472,-375.438682635119
30.941032456963644,-58.19052889161014,0.9999999999999997,1.2680270264330922,-3.4505760430924894,-373.60236669835
30.95858018094823,-58.18632430751362,0.9999999999999997,1.2689904644131076,-3.448691353473478,-371.7703725989086
30.976126293152042,-58.18212160234278,0.9999999999999997,1.2699524434733611,-3.4468072981719047,-369.9426957009302
30.99367079849984,-58.177920776401564,0.9999999999999998,1.2709129654769136,-3.4449238776385727,-368.119331368551
31.011213701913825,-58.173721829992566,0.9999999999999996,1.2718720322861579,-3.443041092322602,-366.30027496590634
31.028755008313734,-58.16952476341693,0.9999999999999996,1.2728296457627053,-3.4411589426714144,-364.48552185713186
31.04629472261651,-58.1653295769745,0.9999999999999997,1.273785807767446,-3.43927742913079,-362.67506740636384
31.06383284973691,-58.161136270963624,0.9999999999999997,1.274740520160556,-3.437396552144783,-360.8689069777377
31.08136939458721,-58.156944845681295,0.9999999999999997,1.2756937848014793,-3.435516312155819,-359.0670359353888
31.09890436207679,-58.15275530142315,0.9999999999999998,1.2766456035488787,-3.433636709604656,-357.26944964345364
31.116437757112937,-58.14856763848339,0.9999999999999998,1.2775959782607593,-3.4317577449303442,-355.4761434660674
31.133969584600408,-58.14438185715482,0.9999999999999998,1.2785449107943698,-3.4298794185702732,-353.6871127673657
31.151499849441116,-58.14019795772888,0.9999999999999998,1.27949240300617,-3.4280017309601476,-351.9023529114847
31.169028556534883,-58.13601594049562,0.9999999999999997,1.2804384567519982,-3.4261246825340734,-350.12185926256006
31.18655571077886,-58.13183580574367,0.9999999999999997,1.2813830738868717,-3.424248273724416,-348.34562718472705
31.204081317067864,-58.12765755376028,0.9999999999999997,1.2823262562651259,-3.422372504961899,-346.5736520421221
31.221605380293887,-58.12348118483134,0.9999999999999998,1.2832680057403216,-3.4204973766756304,-344.8059291988803
31.239127905346784,-58.11930669924135,0.9999999999999996,1.284208324165359,-3.418622889293019,-343.0424540191379
31.256648897113898,-58.11513409727334,0.9999999999999997,1.2851472133923423,-3.4167490432397543,-341.2832218670304
31.27416836047982,-58.11096337920909,0.9999999999999998,1.2860846752726758,-3.4148758389400093,-339.5282281066933
31.291686300326955,-58.10679454532888,0.9999999999999998,1.2870207116570214,-3.4130032768161627,-337.77746810226273
31.30920272153515,-58.102627595911656,0.9999999999999998,1.287955324395334,-3.411131357289051,-336.0309372178743
31.326717628981868,-58.098462531234944,0.9999999999999998,1.2888885153368292,-3.409260080777784,-334.2886308176635
31.344231027541813,-58.09429935157495,0.9999999999999996,1.2898202863299701,-3.407389447699842,-332.5505442657664
31.361742922087547,-58.090138057206445,0.9999999999999996,1.290750639222523,-3.4055194584710833,-330.8166729263186
31.379253317489137,-58.08597864840279,0.9999999999999997,1.2916795758615152,-3.4036501135056625,-329.0870121634556
31.396762218613933,-58.081821125436036,0.9999999999999998,1.2926070980932387,-3.401781413216149,-327.3615573413136
31.41426963032708,-58.07766548857683,0.9999999999999997,1.293533207763268,-3.3999133580134533,-325.6403038240281
31.431775557491314,-58.07351173809436,0.9999999999999997,1.2944579067164241,-3.398045948306784,-323.92324697573423
31.44928000496659,-58.06935987425654,0.9999999999999996,1.295381196796832,-3.396179184503815,-322.21038216056877
31.466782977610738,-58.06520989732988,0.9999999999999998,1.296303079847867,-3.3943130670104864,-320.50170474266713
31.48428448027903,-58.061061807579456,0.9999999999999996,1.2972235577121936,-3.3924475962311718,-318.7972100861642
31.501784517824415,-58.05691560526899,0.9999999999999996,1.298142632231741,-3.3905827725685285,-317.09689355519697
31.51928309509706,-58.05277129066086,0.9999999999999998,1.2990603052476963,-3.3887185964236544,-315.4007505139006
31.536780216945036,-58.04862886401603,0.9999999999999996,1.2999765786005302,-3.386855068195999,-313.70877632641043
31.554275888213958,-58.044488325594074,0.9999999999999997,1.300891454130003,-3.3849921882833165,-312.0209663568628
31.571770113746695,-58.04034967565324,0.9999999999999994,1.3018049336751059,-3.3831299570818416,-310.33731596939316
31.589262898384032,-58.036212914450374,0.9999999999999998,1.3027170190741497,-3.3812683749860923,-308.6578205281373
31.606754246964183,-58.032078042240926,0.9999999999999997,1.303627712164694,-3.3794074423889917,-306.98247539723087
31.62424416432303,-58.02794505927897,0.9999999999999997,1.304537014783568,-3.3775471596818463,-305.3112759408096
31.641732655293772,-58.023813965817254,0.9999999999999997,1.3054449287668781,-3.3756875272543034,-303.6442175230095
31.659219724707455,-58.01968476210711,0.9999999999999998,1.3063514559500078,-3.3738285454944474,-301.981295507966
31.676705377392725,-58.015557448398496,0.9999999999999998,1.3072565981676245,-3.371970214788689,-300.32250525981476
31.694189618175496,-58.011432024940035,0.9999999999999997,1.3081603572536427,-3.370112535521841,-298.66784214269194
31.711672451879586,-58.007308491978904,0.9999999999999997,1.3090627350412767,-3.368255508077084,-297.017301520733
31.729153883326273,-58.003186849761015,0.9999999999999996,1.3099637333629914,-3.3663991328360368,-295.37087875807333
31.74663391733456,-57.99906709853078,0.9999999999999996,1.3108633540505448,-3.3645434101786016,-293.72856921884926
31.764112558720715,-57.99494923853138,0.9999999999999997,1.3117615989349574,-3.3626883404831993,-292.09036826719625
31.78158981229892,-57.99083327000451,0.9999999999999998,1.3126584698465251,-3.360833924126524,-290.4562712672498
31.799065682880954,-57.986719193190524,0.9999999999999997,1.3135539686148352,-3.3589801614837143,-288.8262735831462
31.81654017527589,-57.982607008328486,0.9999999999999997,1.3144480970687287,-3.3571270529283126,-287.2003705790207
31.83401329429071,-57.978496715655986,0.9999999999999997,1.3153408570363219,-3.3552745988322172,-285.5785576190091
31.851485044729895,-57.974388315409286,0.9999999999999997,1.3162322503450188,-3.353422799565731,-283.96083006724734
31.86895543139564,-57.970281807823284,0.9999999999999997,1.317122278821504,-3.3515716554975867,-282.34718328787113
31.886424459087436,-57.96617719313153,0.9999999999999996,1.3180109442917,-3.349721166994872,-280.7376126450157
31.903892132602707,-57.962074471566176,0.9999999999999998,1.318898248580842,-3.3478713344230897,-279.1321135028176
31.92135845673648,-57.95797364335802,0.9999999999999997,1.3197841935134367,-3.346022158146166,-277.53068122541197
31.93882343628112,-57.95387470873649,0.9999999999999997,1.3206687809132553,-3.3441736385263745,-275.9333111769346
31.956287076026864,-57.949777667929695,0.9999999999999998,1.321552012603325,-3.342325775924465,-274.33999872152145
31.973749380761628,-57.94568252116429,0.9999999999999997,1.3224338904060104,-3.3404785706995455,-272.75073922330813
31.991210355270614,-57.94158926866563,0.9999999999999996,1.3233144161428836,-3.3386320232091187,-271.1655280464302
32.00867000433695,-57.937497910657726,0.9999999999999997,1.3241935916348258,-3.3367861338091416,-269.5843605550238
32.02612833274134,-57.933408447363156,0.9999999999999997,1.3250714187020076,-3.334940902853944,-268.00723211322446
32.04358534526215,-57.92932087900317,0.9999999999999994,1.3259478991638431,-3.3330963306962964,-266.4341380851675
32.06104104667514,-57.925235205797726,0.9999999999999997,1.3268230348390446,-3.3312524176873666,-264.8650738349893
32.07849544175397,-57.92115142796529,0.9999999999999998,1.3276968275455907,-3.3294091641767096,-263.3000347268251
32.095948535269976,-57.91706954572306,0.9999999999999997,1.3285692791007566,-3.3275665705123636,-261.7390161248111
32.11340033199177,-57.91298955928686,0.9999999999999997,1.3294403913210573,-3.325724637040718,-260.1820133930826
32.13085083668598,-57.90891146887113,0.9999999999999997,1.330310166022322,-3.323883364106603,-258.6290218957754
32.148300054116724,-57.904835274688985,0.9999999999999996,1.3311786050196375,-3.3220427520532887,-257.08003699702545
32.165747989045926,-57.90076097695213,0.9999999999999996,1.3320457101273853,-3.320202801222461,-255.5350540609685
32.18319464623279,-57.89668857587098,0.9999999999999998,1.3329114831591866,-3.3183635119541925,-253.99406845173993
32.20064003043452,-57.892618071654546,0.9999999999999997,1.333775925927986,-3.316524884587018,-252.45707553347592
32.218084146405985,-57.88854946451048,0.9999999999999998,1.3346390402459782,-3.3146869194578983,-250.92407067031178
32.235526998899374,-57.88448275464512,0.9999999999999998,1.3355008279246476,-3.3128496169021986,-249.39504922638324
32.25296859266484,-57.88041794226343,0.9999999999999997,1.3363612907747413,-3.311012977253746,-247.8700065658264
32.270408932450245,-57.87635502756898,0.9999999999999996,1.3372204306063118,-3.3091770008447625,-246.34893805277693
32.28784802300075,-57.872294010764044,0.9999999999999997,1.338078249228655,-3.3073416880059128,-244.83183905137014
32.305285869059524,-57.868234892049514,0.9999999999999996,1.3389347484503702,-3.3055070390663204,-243.31870492574222
32.32272247536732,-57.86417767162492,0.9999999999999998,1.3397899300793377,-3.3036730543535135,-241.80953104002876
32.3401578466626,-57.86012234968844,0.9999999999999997,1.3406437959226984,-3.301839734193443,-240.30431275836523
32.35759198768127,-57.856068926436954,0.9999999999999997,1.3414963477868795,-3.3000070789105784,-238.80304544488783
32.37502490315716,-57.85201740206591,0.9999999999999997,1.342347587477592,-3.298175088827719,-237.30572446373202
32.39245659782181,-57.84796777676946,0.9999999999999996,1.3431975167998331,-3.29634376426619,-235.81234517903326
32.40988707640413,-57.84392005074039,0.9999999999999994,1.3440461375578518,-3.294513105545704,-234.32290295492783
32.42731634363101,-57.839874224170124,0.9999999999999997,1.344893451555203,-3.292683112984438,-232.83739315555135
32.44474440422693,-57.835830297248755,0.9999999999999996,1.3457394605947215,-3.290853786899035,-231.35581114503904
32.46217126291416,-57.831788270165006,0.9999999999999996,1.3465841664784985,-3.2890251276045532,-229.87815228752734
32.47959692441235,-57.82774814310629,0.9999999999999997,1.3474275710079198,-3.2871971354145124,-228.40441194715157
32.49702139343915,-57.82370991625862,0.9999999999999997,1.3482696759836514,-3.285369810640855,-226.93458548804725
32.514444674709914,-57.8196735898067,0.9999999999999997,1.3491104832056582,-3.283543153594035,-225.46866827435068
32.53186677293737,-57.8156391639339,0.9999999999999997,1.3499499944731337,-3.281717164582904,-224.006655670197
32.54928769283225,-57.811606638822184,0.9999999999999997,1.3507882115845984,-3.279891843914772,-222.54854303972255
32.56670743910291,-57.80757601465223,0.9999999999999996,1.3516251363378409,-3.278067191895442,-221.0943257470626
32.5841260164555,-57.80354729160333,0.9999999999999998,1.352460770529932,-3.276243208829122,-219.64399915635295
32.60154342959356,-57.79952046985346,0.9999999999999996,1.3532951159572146,-3.2744198950185073,-218.19755863172955
32.61895968321866,-57.79549554957924,0.9999999999999997,1.354128174415317,-3.2725972507647505,-216.75499953732805
32.63637478203006,-57.791472530955936,0.9999999999999997,1.3549599476991503,-3.2707752763674662,-215.31631723728387
32.653788730724436,-57.787451414157495,0.9999999999999996,1.3557904376029004,-3.2689539721247165,-213.8815070957332
32.67120153399651,-57.78343219935651,0.9999999999999997,1.3566196459200537,-3.2671333383330428,-212.45056447681162
32.688613196538675,-57.7794148867242,0.9999999999999997,1.3574475744433538,-3.2653133752874375,-211.02348474465444
32.70602372304079,-57.77539947643052,0.9999999999999997,1.3582742249648394,-3.263494083281376,-209.60026326339812
32.7234331181907,-57.771385968644,0.9999999999999997,1.359099599275826,-3.261675462606771,-208.1808953971779
32.740841386673885,-57.7673743635319,0.9999999999999997,1.3599236991669184,-3.259857513554053,-206.76537651012939
32.758248533173656,-57.763364661260056,0.9999999999999997,1.3607465264280023,-3.258040236412068,-205.3537019663888
32.77565456237075,-57.75935686199305,0.9999999999999996,1.3615680828482262,-3.2562236314681634,-203.9458671300916
32.793059478943945,-57.75535096589408,0.9999999999999997,1.3623883702160544,-3.254407699008148,-202.5418673653734
