galstreams/tracks/track.st.Kwando.grillmair2017.ecsv
# %ECSV 0.9
# ---
# datatype:
# - {name: ra, unit: deg, datatype: float64}
# - {name: dec, unit: deg, datatype: float64}
# - {name: distance, unit: kpc, datatype: float64}
# - {name: pm_ra_cosdec, unit: mas / yr, datatype: float64}
# - {name: pm_dec, unit: mas / yr, datatype: float64}
# - {name: radial_velocity, unit: km / s, datatype: float64}
# delimiter: ','
# meta: !!omap
# - __serialized_columns__:
#     dec:
#       __class__: astropy.coordinates.angles.Latitude
#       unit: &id001 !astropy.units.Unit {unit: deg}
#       value: !astropy.table.SerializedColumn {name: dec}
#     distance:
#       __class__: astropy.coordinates.distances.Distance
#       unit: !astropy.units.Unit {unit: kpc}
#       value: !astropy.table.SerializedColumn {name: distance}
#     pm_dec:
#       __class__: astropy.units.quantity.Quantity
#       unit: !astropy.units.Unit {unit: mas / yr}
#       value: !astropy.table.SerializedColumn {name: pm_dec}
#     pm_ra_cosdec:
#       __class__: astropy.units.quantity.Quantity
#       unit: !astropy.units.Unit {unit: mas / yr}
#       value: !astropy.table.SerializedColumn {name: pm_ra_cosdec}
#     ra:
#       __class__: astropy.coordinates.angles.Longitude
#       unit: *id001
#       value: !astropy.table.SerializedColumn {name: ra}
#       wrap_angle: !astropy.coordinates.Angle
#         unit: *id001
#         value: 360.0
#     radial_velocity:
#       __class__: astropy.units.quantity.Quantity
#       unit: !astropy.units.Unit {unit: km / s}
#       value: !astropy.table.SerializedColumn {name: radial_velocity}
# schema: astropy-2.0
ra,dec,distance,pm_ra_cosdec,pm_dec,radial_velocity
18.985907162373266,-23.92198476710402,20.0,0.0,0.0,0.0
18.997778027982605,-23.92286451808827,20.0,0.0,0.0,0.0
19.00964610191647,-23.923748535422533,20.000000000000004,0.0,0.0,0.0
19.02151138300133,-23.924636823457053,20.0,0.0,0.0,0.0
19.033373870065,-23.925529386542728,20.000000000000004,0.0,0.0,0.0
19.045233561936683,-23.926426229031076,20.0,0.0,0.0,0.0
19.057090457446872,-23.927327355274233,20.000000000000004,0.0,0.0,0.0
19.068944555427464,-23.928232769625005,20.000000000000007,0.0,0.0,0.0
19.08079585471165,-23.929142476436795,20.000000000000007,0.0,0.0,0.0
19.092644354134006,-23.930056480063648,20.0,0.0,0.0,0.0
19.104490052530423,-23.930974784860247,20.0,0.0,0.0,0.0
19.11633294873815,-23.9318973951819,20.000000000000004,0.0,0.0,0.0
19.128173041595787,-23.932824315384533,20.000000000000004,0.0,0.0,0.0
19.140010329943248,-23.933755549824728,20.0,0.0,0.0,0.0
19.151844812621828,-23.934691102859674,20.000000000000004,0.0,0.0,0.0
19.16367648847412,-23.935630978847186,20.0,0.0,0.0,0.0
19.175505356344093,-23.936575182145724,20.0,0.0,0.0,0.0
19.187331415077036,-23.937523717114356,20.000000000000007,0.0,0.0,0.0
19.19915466351959,-23.93847658811282,20.000000000000007,0.0,0.0,0.0
19.210975100519722,-23.939433799501423,20.000000000000004,0.0,0.0,0.0
19.22279272492675,-23.940395355641137,20.0,0.0,0.0,0.0
19.234607535591312,-23.941361260893537,20.0,0.0,0.0,0.0
19.246419531365405,-23.942331519620843,19.999999999999996,0.0,0.0,0.0
19.25822871110233,-23.943306136185893,20.0,0.0,0.0,0.0
19.270035073656768,-23.944285114952148,20.0,0.0,0.0,0.0
19.281838617884688,-23.94526846028369,20.000000000000004,0.0,0.0,0.0
19.29363934264343,-23.94625617654525,20.000000000000004,0.0,0.0,0.0
19.305437246791655,-23.947248268102136,20.000000000000007,0.0,0.0,0.0
19.31723232918934,-23.94824473932032,20.000000000000004,0.0,0.0,0.0
19.329024588697813,-23.949245594566378,20.0,0.0,0.0,0.0
19.340814024179743,-23.950250838207527,19.999999999999993,0.0,0.0,0.0
19.352600634499094,-23.951260474611566,20.000000000000004,0.0,0.0,0.0
19.3643844185212,-23.952274508146967,20.000000000000004,0.0,0.0,0.0
19.376165375112688,-23.953292943182777,20.000000000000004,0.0,0.0,0.0
19.387943503141553,-23.954315784088685,20.000000000000004,0.0,0.0,0.0
19.39971880147709,-23.955343035235025,20.0,0.0,0.0,0.0
19.411491268989927,-23.956374700992694,20.000000000000004,0.0,0.0,0.0
19.423260904552023,-23.95741078573326,20.0,0.0,0.0,0.0
19.435027707036664,-23.958451293828883,20.0,0.0,0.0,0.0
19.446791675318448,-23.95949622965234,20.0,0.0,0.0,0.0
19.458552808273332,-23.960545597577052,19.999999999999996,0.0,0.0,0.0
19.470311104778553,-23.961599401977026,20.0,0.0,0.0,0.0
19.482066563712696,-23.962657647226905,20.000000000000004,0.0,0.0,0.0
19.493819183955683,-23.963720337701947,20.0,0.0,0.0,0.0
19.505568964388722,-23.964787477778014,20.000000000000007,0.0,0.0,0.0
19.517315903894378,-23.96585907183162,20.0,0.0,0.0,0.0
19.529060001356505,-23.966935124239843,20.0,0.0,0.0,0.0
19.540801255660302,-23.968015639380408,20.0,0.0,0.0,0.0
19.55253966569228,-23.969100621631657,20.000000000000004,0.0,0.0,0.0
19.56427523034027,-23.97019007537253,20.0,0.0,0.0,0.0
19.576007948493412,-23.97128400498259,20.0,0.0,0.0,0.0
19.587737819042175,-23.97238241484202,20.0,0.0,0.0,0.0
19.599464840878348,-23.9734853093316,20.0,0.0,0.0,0.0
19.611189012895014,-23.97459269283274,20.0,0.0,0.0,0.0
19.622910333986592,-23.97570456972745,20.0,0.0,0.0,0.0
19.634628803048816,-23.97682094439836,20.0,0.0,0.0,0.0
19.646344418978725,-23.977941821228704,20.0,0.0,0.0,0.0
19.65805718067468,-23.979067204602327,20.0,0.0,0.0,0.0
19.669767087036345,-23.98019709890369,20.0,0.0,0.0,0.0
19.681474136964695,-23.981331508517872,20.0,0.0,0.0,0.0
19.693178329362034,-23.982470437830543,20.0,0.0,0.0,0.0
19.70487966313196,-23.983613891227986,20.0,0.0,0.0,0.0
19.716578137179393,-23.984761873097113,20.0,0.0,0.0,0.0
19.728273750410548,-23.98591438782542,20.000000000000004,0.0,0.0,0.0
19.73996650173296,-23.987071439801028,20.0,0.0,0.0,0.0
19.751656390055473,-23.98823303341266,20.000000000000004,0.0,0.0,0.0
19.763343414288222,-23.989399173049627,20.000000000000004,0.0,0.0,0.0
19.775027573342665,-23.990569863101882,20.000000000000004,0.0,0.0,0.0
19.786708866131573,-23.99174510795996,20.0,0.0,0.0,0.0
19.798387291568996,-23.99292491201502,20.0,0.0,0.0,0.0
19.81006284857031,-23.994109279658783,20.000000000000004,0.0,0.0,0.0
19.821735536052195,-23.99529821528366,20.000000000000004,0.0,0.0,0.0
19.833405352932616,-23.99649172328258,20.000000000000004,0.0,0.0,0.0
19.845072298130855,-23.997689808049117,20.0,0.0,0.0,0.0
19.856736370567493,-23.998892473977435,19.999999999999996,0.0,0.0,0.0
19.868397569164408,-24.00009972546232,20.0,0.0,0.0,0.0
19.880055892844787,-24.00131156689915,20.0,0.0,0.0,0.0
19.8917113405331,-24.002528002683896,20.000000000000004,0.0,0.0,0.0
19.90336391115515,-24.003749037213154,20.0,0.0,0.0,0.0
19.91501360363799,-24.004974674884085,20.0,0.0,0.0,0.0
19.926660416910007,-24.006204920094508,20.0,0.0,0.0,0.0
19.938304349900875,-24.007439777242784,20.0,0.0,0.0,0.0
19.949945401541566,-24.008679250727905,20.0,0.0,0.0,0.0
19.961583570764326,-24.009923344949463,20.0,0.0,0.0,0.0
19.97321885650273,-24.01117206430764,20.000000000000004,0.0,0.0,0.0
19.98485125769162,-24.012425413203214,20.0,0.0,0.0,0.0
19.99648077326715,-24.01368339603758,20.0,0.0,0.0,0.0
20.008107402166747,-24.01494601721273,20.000000000000004,0.0,0.0,0.0
20.01973114332915,-24.016213281131222,20.000000000000004,0.0,0.0,0.0
20.031351995694425,-24.017485192196276,20.0,0.0,0.0,0.0
20.042969958203784,-24.0187617548116,20.0,0.0,0.0,0.0
20.05458502979987,-24.020042973381592,20.000000000000004,0.0,0.0,0.0
20.066197209426573,-24.02132885231124,20.000000000000004,0.0,0.0,0.0
20.07780649602908,-24.022619396006085,20.000000000000004,0.0,0.0,0.0
20.089412888553838,-24.023914608872293,20.000000000000004,0.0,0.0,0.0
20.10101638594861,-24.025214495316614,20.000000000000004,0.0,0.0,0.0
20.11261698716243,-24.026519059746406,20.0,0.0,0.0,0.0
20.124214691145614,-24.027828306569596,20.0,0.0,0.0,0.0
20.135809496849777,-24.029142240194723,20.0,0.0,0.0,0.0
20.147401403227793,-24.030460865030918,20.000000000000004,0.0,0.0,0.0
20.158990409233848,-24.031784185487904,20.000000000000007,0.0,0.0,0.0
20.170576513823388,-24.033112205975986,20.000000000000004,0.0,0.0,0.0
20.182159715953148,-24.03444493090607,20.000000000000004,0.0,0.0,0.0
20.19374001458115,-24.03578236468965,20.000000000000004,0.0,0.0,0.0
20.205317408666687,-24.037124511738828,20.0,0.0,0.0,0.0
20.216891897170328,-24.03847137646625,20.000000000000004,0.0,0.0,0.0
20.228463479053932,-24.039822963285214,20.0,0.0,0.0,0.0
20.240032153280634,-24.04117927660956,20.000000000000004,0.0,0.0,0.0
20.25159791881483,-24.042540320853746,20.0,0.0,0.0,0.0
20.26316077462221,-24.043906100432793,20.0,0.0,0.0,0.0
20.274720719669734,-24.04527661976233,19.999999999999996,0.0,0.0,0.0
20.286277752925642,-24.046651883258583,20.0,0.0,0.0,0.0
20.29783187335942,-24.048031895338315,20.000000000000004,0.0,0.0,0.0
20.30938307994187,-24.049416660418945,20.000000000000004,0.0,0.0,0.0
20.320931371645038,-24.050806182918425,20.000000000000007,0.0,0.0,0.0
20.33247674744224,-24.052200467255325,20.000000000000007,0.0,0.0,0.0
20.344019206308076,-24.053599517848774,20.000000000000004,0.0,0.0,0.0
20.355558747218428,-24.055003339118528,20.0,0.0,0.0,0.0
20.3670953691504,-24.056411935484867,20.0,0.0,0.0,0.0
20.378629071082422,-24.05782531136872,20.0,0.0,0.0,0.0
20.390159851994134,-24.059243471191532,20.000000000000004,0.0,0.0,0.0
20.401687710866504,-24.06066641937541,20.0,0.0,0.0,0.0
20.41321264668172,-24.062094160342973,20.000000000000004,0.0,0.0,0.0
20.42473465842325,-24.063526698517464,20.0,0.0,0.0,0.0
20.436253745075838,-24.0649640383227,20.0,0.0,0.0,0.0
20.447769905625464,-24.066406184183066,20.0,0.0,0.0,0.0
20.459283139059398,-24.06785314052355,20.0,0.0,0.0,0.0
20.47079344436616,-24.069304911769688,19.999999999999996,0.0,0.0,0.0
20.48230082053554,-24.070761502347644,20.000000000000007,0.0,0.0,0.0
20.493805266558564,-24.072222916684115,20.000000000000004,0.0,0.0,0.0
20.50530678142756,-24.07368915920641,20.0,0.0,0.0,0.0
20.51680536413608,-24.07516023434241,20.0,0.0,0.0,0.0
20.52830101367894,-24.076636146520553,20.0,0.0,0.0,0.0
20.53979372905223,-24.07811690016988,19.999999999999996,0.0,0.0,0.0
20.551283509253278,-24.079602499720004,20.0,0.0,0.0,0.0
20.562770353280673,-24.08109294960111,20.000000000000004,0.0,0.0,0.0
20.57425426013427,-24.082588254243973,20.0,0.0,0.0,0.0
20.585735228815174,-24.084088418079926,20.0,0.0,0.0,0.0
20.59721325832572,-24.08559344554088,20.0,0.0,0.0,0.0
20.60868834766953,-24.08710334105934,20.000000000000004,0.0,0.0,0.0
20.62016049585147,-24.088618109068374,19.999999999999996,0.0,0.0,0.0
20.631629701877632,-24.090137754001617,20.0,0.0,0.0,0.0
20.643095964755382,-24.091662280293285,20.0,0.0,0.0,0.0
20.654559283493345,-24.093191692378184,20.0,0.0,0.0,0.0
20.66601965710136,-24.094725994691665,20.0,0.0,0.0,0.0
20.677477084590546,-24.09626519166967,20.0,0.0,0.0,0.0
20.688931564973252,-24.097809287748703,19.999999999999996,0.0,0.0,0.0
20.70038309726308,-24.099358287365856,20.0,0.0,0.0,0.0
20.711831680474873,-24.10091219495877,20.0,0.0,0.0,0.0
20.723277313624713,-24.10247101496568,20.000000000000004,0.0,0.0,0.0
20.73471999572995,-24.104034751825374,20.000000000000004,0.0,0.0,0.0
20.74615972580916,-24.105603409977224,20.0,0.0,0.0,0.0
20.757596502882155,-24.10717699386116,20.000000000000007,0.0,0.0,0.0
20.769030325969997,-24.10875550791769,20.0,0.0,0.0,0.0
20.780461194094975,-24.110338956587885,20.000000000000007,0.0,0.0,0.0
20.79188910628065,-24.111927344313386,20.000000000000004,0.0,0.0,0.0
20.80331406155179,-24.11352067553641,19.999999999999996,0.0,0.0,0.0
20.814736058934418,-24.115118954699717,20.0,0.0,0.0,0.0
20.82615509745579,-24.116722186246676,20.0,0.0,0.0,0.0
20.83757117614438,-24.118330374621173,20.0,0.0,0.0,0.0
20.84898429402993,-24.1199435242677,20.0,0.0,0.0,0.0
20.8603944501434,-24.121561639631302,20.000000000000004,0.0,0.0,0.0
20.871801643516992,-24.12318472515758,20.000000000000007,0.0,0.0,0.0
20.883205873184114,-24.124812785292708,20.0,0.0,0.0,0.0
20.894607138179452,-24.12644582448343,20.0,0.0,0.0,0.0
20.90600543753887,-24.12808384717703,20.000000000000007,0.0,0.0,0.0
20.917400770299516,-24.12972685782141,20.0,0.0,0.0,0.0
20.928793135499728,-24.131374860864966,20.0,0.0,0.0,0.0
20.940182532179087,-24.133027860756698,20.0,0.0,0.0,0.0
20.951568959378402,-24.13468586194615,20.0,0.0,0.0,0.0
20.962952416139718,-24.136348868883452,20.000000000000004,0.0,0.0,0.0
20.974332901506287,-24.138016886019273,20.000000000000004,0.0,0.0,0.0
20.985710414522604,-24.139689917804855,20.0,0.0,0.0,0.0
20.997084954234374,-24.141367968691988,20.0,0.0,0.0,0.0
21.008456519688536,-24.14305104313303,20.000000000000004,0.0,0.0,0.0
21.019825109933254,-24.14473914558091,20.0,0.0,0.0,0.0
21.0311907240179,-24.14643228048908,20.0,0.0,0.0,0.0
21.042553360993086,-24.148130452311594,19.999999999999996,0.0,0.0,0.0
21.05391301991062,-24.149833665503035,20.000000000000004,0.0,0.0,0.0
21.065269699823556,-24.151541924518565,20.0,0.0,0.0,0.0
21.07662339978615,-24.153255233813873,20.000000000000004,0.0,0.0,0.0
21.08797411885388,-24.15497359784523,20.0,0.0,0.0,0.0
21.099321856083442,-24.15669702106947,20.000000000000004,0.0,0.0,0.0
21.11066661053275,-24.158425507943953,20.000000000000004,0.0,0.0,0.0
21.12200838126092,-24.160159062926613,19.999999999999996,0.0,0.0,0.0
21.133347167328292,-24.161897690475936,20.0,0.0,0.0,0.0
21.144682967796435,-24.163641395050966,20.000000000000004,0.0,0.0,0.0
21.15601578172809,-24.165390181111302,20.000000000000004,0.0,0.0,0.0
21.167345608187265,-24.167144053117084,20.000000000000004,0.0,0.0,0.0
21.17867244623912,-24.168903015529025,20.0,0.0,0.0,0.0
21.189996294950067,-24.170667072808357,20.000000000000004,0.0,0.0,0.0
21.201317153387713,-24.172436229416917,20.0,0.0,0.0,0.0
21.212635020620866,-24.17421048981704,20.0,0.0,0.0,0.0
21.223949895719553,-24.17598985847165,20.000000000000004,0.0,0.0,0.0
21.235261777754996,-24.177774339844188,20.000000000000004,0.0,0.0,0.0
21.246570665799638,-24.17956393839869,20.000000000000004,0.0,0.0,0.0
21.257876558927116,-24.181358658599695,20.0,0.0,0.0,0.0
21.26917945621226,-24.183158504912324,20.000000000000004,0.0,0.0,0.0
21.280479356731128,-24.184963481802242,20.0,0.0,0.0,0.0
21.291776259560955,-24.186773593735648,20.000000000000004,0.0,0.0,0.0
21.303070163780195,-24.18858884517929,20.0,0.0,0.0,0.0
21.314361068468497,-24.190409240600488,20.0,0.0,0.0,0.0
21.325648972706702,-24.192234784467086,20.0,0.0,0.0,0.0
21.33693387557685,-24.194065481247478,20.0,0.0,0.0,0.0
21.348215776162196,-24.195901335410614,20.000000000000007,0.0,0.0,0.0
21.35949467354717,-24.19774235142598,20.0,0.0,0.0,0.0
21.3707705668174,-24.199588533763613,20.0,0.0,0.0,0.0
21.38204345505972,-24.201439886894082,20.0,0.0,0.0,0.0
21.39331333736216,-24.203296415288523,20.000000000000004,0.0,0.0,0.0
21.40458021281392,-24.205158123418613,20.000000000000004,0.0,0.0,0.0
21.415844080505412,-24.207025015756546,20.0,0.0,0.0,0.0
21.427104939528224,-24.208897096775072,20.000000000000004,0.0,0.0,0.0
21.43836278897517,-24.21077437094752,20.0,0.0,0.0,0.0
21.4496176279402,-24.2126568427477,20.000000000000004,0.0,0.0,0.0
21.460869455518488,-24.214544516649994,20.0,0.0,0.0,0.0
21.472118270806387,-24.21643739712934,20.0,0.0,0.0,0.0
21.48336407290143,-24.21833548866119,20.000000000000007,0.0,0.0,0.0
21.494606860902344,-24.22023879572156,20.000000000000004,0.0,0.0,0.0
21.505846633909037,-24.22214732278697,20.000000000000007,0.0,0.0,0.0
21.5170833910226,-24.224061074334525,20.000000000000007,0.0,0.0,0.0
21.5283171313453,-24.22598005484184,20.0,0.0,0.0,0.0
21.539547853980604,-24.227904268787075,20.0,0.0,0.0,0.0
21.55077555803314,-24.229833720648916,20.000000000000007,0.0,0.0,0.0
21.562000242608725,-24.23176841490661,20.000000000000007,0.0,0.0,0.0
21.57322190681435,-24.233708356039934,20.000000000000007,0.0,0.0,0.0
21.58444054975821,-24.235653548529196,20.0,0.0,0.0,0.0
21.595656170549617,-24.237603996855224,20.0,0.0,0.0,0.0
21.606868768299133,-24.239559705499428,20.0,0.0,0.0,0.0
21.618078342118434,-24.24152067894369,20.0,0.0,0.0,0.0
21.629284891120406,-24.243486921670485,20.0,0.0,0.0,0.0
21.640488414419092,-24.245458438162785,20.0,0.0,0.0,0.0
21.65168891112972,-24.247435232904127,20.0,0.0,0.0,0.0
21.662886380368672,-24.249417310378544,20.0,0.0,0.0,0.0
21.67408082125351,-24.251404675070635,20.0,0.0,0.0,0.0
21.685272232902967,-24.253397331465496,20.000000000000004,0.0,0.0,0.0
21.696460614436955,-24.255395284048806,20.0,0.0,0.0,0.0
21.707645964976518,-24.25739853730672,20.000000000000004,0.0,0.0,0.0
21.718828283643905,-24.25940709572596,20.000000000000004,0.0,0.0,0.0
21.73000756956251,-24.26142096379378,20.0,0.0,0.0,0.0
21.741183821856904,-24.26344014599793,20.0,0.0,0.0,0.0
21.752357039652797,-24.265464646826736,20.0,0.0,0.0,0.0
21.763527222077094,-24.26749447076901,19.999999999999996,0.0,0.0,0.0
21.774694368257833,-24.269529622314117,19.999999999999996,0.0,0.0,0.0
21.78585847732424,-24.271570105951948,20.0,0.0,0.0,0.0
21.79701954840667,-24.273615926172912,20.0,0.0,0.0,0.0
21.80817758063667,-24.275667087467962,20.0,0.0,0.0,0.0
21.819332573146916,-24.277723594328567,20.0,0.0,0.0,0.0
21.83048452507126,-24.279785451246724,20.000000000000004,0.0,0.0,0.0
21.84163343554469,-24.28185266271494,20.000000000000007,0.0,0.0,0.0
21.852779303703382,-24.28392523322628,20.0,0.0,0.0,0.0
21.86392212868462,-24.286003167274306,20.000000000000007,0.0,0.0,0.0
21.875061909626883,-24.288086469353114,20.0,0.0,0.0,0.0
21.886198645669786,-24.290175143957335,19.999999999999996,0.0,0.0,0.0
21.897332335954076,-24.292269195582108,20.000000000000007,0.0,0.0,0.0
21.908462979621678,-24.294368628723102,20.0,0.0,0.0,0.0
21.91959057581565,-24.296473447876487,20.000000000000004,0.0,0.0,0.0
21.930715123680216,-24.298583657539016,19.999999999999996,0.0,0.0,0.0
21.941836622360714,-24.300699262207896,20.000000000000004,0.0,0.0,0.0
21.952955071003665,-24.302820266380873,19.999999999999996,0.0,0.0,0.0
