galstreams/tracks/track.st.M5.grillmair2019.ecsv
# %ECSV 0.9
# ---
# datatype:
# - {name: ra, unit: deg, datatype: float64}
# - {name: dec, unit: deg, datatype: float64}
# - {name: distance, unit: kpc, datatype: float64}
# - {name: pm_ra_cosdec, unit: mas / yr, datatype: float64}
# - {name: pm_dec, unit: mas / yr, datatype: float64}
# - {name: radial_velocity, unit: km / s, datatype: float64}
# delimiter: ','
# meta: !!omap
# - __serialized_columns__:
#     dec:
#       __class__: astropy.coordinates.angles.Latitude
#       unit: &id001 !astropy.units.Unit {unit: deg}
#       value: !astropy.table.SerializedColumn {name: dec}
#     distance:
#       __class__: astropy.coordinates.distances.Distance
#       unit: !astropy.units.Unit {unit: kpc}
#       value: !astropy.table.SerializedColumn {name: distance}
#     pm_dec:
#       __class__: astropy.units.quantity.Quantity
#       unit: !astropy.units.Unit {unit: mas / yr}
#       value: !astropy.table.SerializedColumn {name: pm_dec}
#     pm_ra_cosdec:
#       __class__: astropy.units.quantity.Quantity
#       unit: !astropy.units.Unit {unit: mas / yr}
#       value: !astropy.table.SerializedColumn {name: pm_ra_cosdec}
#     ra:
#       __class__: astropy.coordinates.angles.Longitude
#       unit: *id001
#       value: !astropy.table.SerializedColumn {name: ra}
#       wrap_angle: !astropy.coordinates.Angle
#         unit: *id001
#         value: 360.0
#     radial_velocity:
#       __class__: astropy.units.quantity.Quantity
#       unit: !astropy.units.Unit {unit: km / s}
#       value: !astropy.table.SerializedColumn {name: radial_velocity}
# schema: astropy-2.0
ra,dec,distance,pm_ra_cosdec,pm_dec,radial_velocity
[from data line 274]
224.3419483139917,5.004953332197604,15.681122942394927,3.9870878973220774,-9.979234317356248,-1.0104920555846805e-13
224.3329659658543,5.009426071456549,15.680289564921903,3.98691241605896,-9.97852493816796,-4.210383564936169e-14
224.32398347105402,5.013898642288518,15.679456173991019,3.986736665262287,-9.977815523307903,-2.020984111169361e-13
224.31500082953988,5.018371044689992,15.678622769597567,3.986560645060118,-9.977106072741039,-1.0104920555846805e-13
224.30601804126061,5.022843278657445,15.677789351736857,3.986384355580499,-9.976396586432323,-1.0946997268834039e-13
224.2970351061652,5.027315344187353,15.676955920404204,3.9862077969514704,-9.975687064346731,-2.1051917824680845e-13
224.28805202420247,5.031787241276187,15.676122475594905,3.9860309693010643,-9.974977506449271,-1.4315304120782974e-13
224.27906879532134,5.036258969920419,15.675289017304268,3.9858538727573145,-9.974267912704956,-8.420767129872338e-14
224.2700854194707,5.040730530116519,15.67445554552759,3.985676507448237,-9.973558283078827,-2.020984111169361e-13
224.26110189659946,5.0452019218609525,15.673622060260188,3.985498873501854,-9.97284861753594,-5.0524602779234026e-14
224.25211822665648,5.049673145150182,15.672788561497361,3.985320971046171,-9.972138916041366,-1.0946997268834039e-13
224.24313440959074,5.054144199980676,15.671955049234414,3.9851428002091875,-9.971429178560193,-1.4315304120782974e-13
224.2341504453511,5.058615086348891,15.67112152346666,3.9849643611189043,-9.97071940505754,-1.1789073981821273e-13
224.2251663338865,5.063085804251289,15.670287984189397,3.9847856539033035,-9.970009595498528,-2.2736071250655313e-13
224.2161820751459,5.067556353684327,15.66945443139793,3.984606678690376,-9.969299749848311,-2.020984111169361e-13
224.20719766907817,5.072026734644461,15.66862086508757,3.9844274356080933,-9.968589868072048,-1.6841534259744677e-13
224.19821311563223,5.076496947128144,15.66778728525362,3.9842479247844267,-9.967879950134925,-2.3578147963642546e-13
224.18922841475708,5.080966991131827,15.666953691891385,3.984068146347335,-9.967169996002141,-1.515738083377021e-13
224.18024356640166,5.085436866651964,15.66612008499617,3.9838881004247786,-9.96646000563892,-1.0104920555846805e-13
224.17125857051482,5.089906573685001,15.665286464563277,3.9837077871447057,-9.9657499790105,-1.2631150694808508e-13
224.16227342704562,5.094376112227383,15.664452830588019,3.9835272066350615,-9.96503991608213,-1.0104920555846805e-13
224.153288135943,5.098845482275558,15.663619183065697,3.9833463590237814,-9.964329816819093,-1.347322740779574e-13
224.14430269715587,5.1033146838259675,15.662785521991617,3.9831652444387937,-9.963619681186678,-7.578690416885104e-14
224.13531711063322,5.107783716875051,15.661951847361081,3.982983863008023,-9.9629095091502,-1.2631150694808508e-13
224.126331376324,5.112252581419251,15.661118159169403,3.982802214859389,-9.962199300674978,-1.9367764398706378e-13
224.11734549417724,5.116721277455002,15.660284457411883,3.982620300120798,-9.961489055726368,-1.8525687685719145e-13
224.1083594641419,5.121189804978742,15.659450742083825,3.982438118920154,-9.960778774269727,-1.9367764398706378e-13
224.09937328616692,5.125658163986904,15.658617013180535,3.982255671385353,-9.960068456270447,-7.578690416885104e-14
224.0903869602013,5.13012635447592,15.657783270697319,3.9820729576442906,-9.959358101693924,-1.2631150694808508e-13
224.08140048619407,5.1345943764422195,15.656949514629487,3.9818899778248458,-9.958647710505575,-8.420767129872338e-14
224.07241386409416,5.139062229882233,15.656115744972336,3.9817067320548967,-9.957937282670843,-1.768361097273191e-13
224.06342709385066,5.143529914792387,15.65528196172118,3.981523220462317,-9.957226818155178,-1.515738083377021e-13
224.0544401754125,5.147997431169105,15.654448164871317,3.981339443174968,-9.956516316924054,-1.2631150694808508e-13
224.04545310872874,5.1524647790088105,15.653614354418057,3.981155400320705,-9.955805778942963,-2.1051917824680845e-13
224.03646589374836,5.156931958307926,15.652780530356706,3.9809710920273798,-9.955095204177415,-2.020984111169361e-13
224.0274785304204,5.161398969062871,15.651946692682568,3.980786518422838,-9.954384592592934,-1.5999457546757442e-13
224.01849101869388,5.165865811270065,15.651112841390946,3.9806016796349186,-9.953673944155069,-1.6841534259744677e-13
224.0095033585178,5.170332484925922,15.650278976477145,3.9804165757914474,-9.952963258829376,-1.347322740779574e-13
224.00051554984125,5.174798990026854,15.64944509793648,3.9802312070202497,-9.952252536581442,-1.0946997268834039e-13
223.9915275926132,5.179265326569282,15.648611205764242,3.9800455734491456,-9.951541777376864,-1.515738083377021e-13
223.98253948678274,5.183731494549609,15.647777299955749,3.979859675205944,-9.950830981181253,-1.9367764398706378e-13
223.97355123229895,5.18819749396425,15.646943380506297,3.979673512418449,-9.950120147960252,-5.894536990910637e-14
223.96456282911078,5.192663324809608,15.6461094474112,3.97948708521446,-9.949409277679504,-1.5999457546757442e-13
223.95557427716736,5.197128987082094,15.645275500665754,3.9793003937217635,-9.948698370304681,-1.515738083377021e-13
223.9465855764177,5.201594480778106,15.644441540265277,3.9791134380681465,-9.947987425801477,-2.2736071250655313e-13
223.9375967268109,5.206059805894052,15.643607566205059,3.9789262183813845,-9.947276444135586,-1.347322740779574e-13
223.92860772829604,5.210524962426329,15.64277357848042,3.978738734789247,-9.946565425272738,-2.1051917824680845e-13
223.91961858082217,5.214989950371339,15.641939577086655,3.9785509874195024,-9.945854369178672,-1.9367764398706378e-13
223.91062928433837,5.219454769725479,15.641105562019074,3.9783629763999064,-9.945143275819145,-2.2736071250655313e-13
223.90163983879373,5.223919420485141,15.640271533272985,3.978174701858206,-9.944432145159933,-1.2631150694808508e-13
223.89265024413731,5.228383902646726,15.639437490843687,3.9779861639221497,-9.943720977166832,-1.0104920555846805e-13
223.88366050031823,5.2328482162066186,15.638603434726491,3.977797362719471,-9.943009771805647,-1.6841534259744677e-13
223.8746706072856,5.237312361161218,15.637769364916695,3.977608298377901,-9.942298529042217,-7.578690416885104e-14
223.86568056498848,5.241776337506906,15.636935281409613,3.9774189710251644,-9.94158724884238,-5.0524602779234026e-14
223.85669037337595,5.2462401452400735,15.636101184200543,3.9772293807889807,-9.940875931172005,-2.3578147963642546e-13
223.84770003239723,5.250703784357104,15.635267073284798,3.9770395277970527,-9.940164575996967,-1.0104920555846805e-13
223.8387095420013,5.255167254854385,15.63443294865768,3.9768494121770894,-9.939453183283169,-1.4315304120782974e-13
223.82971890213736,5.259630556728295,15.633598810314496,3.9766590340567873,-9.938741752996528,-1.9367764398706378e-13
223.82072811275452,5.264093689975218,15.632764658250544,3.9764683935638327,-9.938030285102979,-1.515738083377021e-13
223.8117371738019,5.268556654591533,15.631930492461139,3.976277490825912,-9.937318779568468,-2.020984111169361e-13
223.80274608522862,5.2730194505736145,15.631096312941581,3.9760863259707024,-9.93660723635897,-1.4315304120782974e-13
223.79375484698383,5.277482077917843,15.630262119687178,3.9758948991258687,-9.935895655440467,-1.8525687685719145e-13
223.78476345901666,5.281944536620589,15.629427912693236,3.975703210419078,-9.935184036778969,-3.368306851948935e-14
223.77577192127626,5.286406826678227,15.628593691955057,3.975511259977988,-9.934472380340493,-5.0524602779234026e-14
223.76678023371176,5.290868948087127,15.627759457467947,3.9753190479302454,-9.933760686091077,-1.515738083377021e-13
223.75778839627233,5.295330900843659,15.626925209227213,3.9751265744034896,-9.933048953996778,-1.8525687685719145e-13
223.74879640890714,5.299792684944192,15.626090947228164,3.974933839525362,-9.93233718402367,-1.6841534259744677e-13
223.73980427156533,5.30425430038509,15.625256671466097,3.97474084342349,-9.931625376137847,-8.420767129872338e-14
223.7308119841961,5.3087157471627195,15.624422381936322,3.974547586225496,-9.930913530305412,-1.0946997268834039e-13
223.72181954674855,5.313177025273444,15.623588078634148,3.974354068058992,-9.930201646492494,-1.8525687685719145e-13
223.7128269591719,5.317638134713624,15.622753761554874,3.974160289051592,-9.92948972466523,-1.347322740779574e-13
223.70383422141535,5.32209907547962,15.62191943069381,3.97396624933089,-9.928777764789789,-2.5262301389617013e-14
223.69484133342806,5.326559847567788,15.621085086046257,3.973771949024492,-9.928065766832342,-1.2631150694808508e-13
223.68584829515922,5.331020450974488,15.620250727607525,3.97357738825998,-9.927353730759087,-6.73661370389787e-14
223.676855106558,5.335480885696074,15.619416355372918,3.973382567164931,-9.926641656536233,-6.73661370389787e-14
223.66786176757364,5.339941151728902,15.618581969337738,3.9731874858669287,-9.925929544130009,-1.1789073981821273e-13
223.6588682781553,5.344401249069317,15.617747569497299,3.9729921444935363,-9.925217393506662,-1.768361097273191e-13
223.64987463825221,5.348861177713678,15.616913155846898,3.972796543172314,-9.924505204632457,-7.578690416885104e-14
223.64088084781358,5.353320937658331,15.61607872838184,3.9726006820308175,-9.923792977473676,-1.347322740779574e-13
223.6318869067886,5.357780528899622,15.615244287097436,3.9724045611965924,-9.923080711996608,-2.020984111169361e-13
223.6228928151265,5.362239951433897,15.61440983198899,3.9722081807971783,-9.92236840816758,-1.2631150694808508e-13
223.61389857277652,5.366699205257502,15.613575363051806,3.9720115409601147,-9.921656065952915,-1.6841534259744677e-13
223.60490417968788,5.37115829036678,15.612740880281192,3.971814641812922,-9.920943685318967,-1.9367764398706378e-13
223.5959096358098,5.37561720675807,15.61190638367245,3.9716174834831257,-9.920231266232097,-1.6841534259744677e-13
223.58691494109152,5.380075954427716,15.611071873220887,3.9714200660982297,-9.919518808658692,-1.0946997268834039e-13
223.57792009548226,5.384534533372054,15.610237348921808,3.9712223897857486,-9.918806312565149,-1.5999457546757442e-13
223.56892509893132,5.388992943587419,15.609402810770524,3.9710244546731794,-9.918093777917889,-1.1789073981821273e-13
223.55992995138791,5.39345118507015,15.608568258762325,3.9708262608880123,-9.917381204683345,-6.73661370389787e-14
223.5509346528013,5.397909257816581,15.607733692892532,3.9706278085577376,-9.916668592827968,-5.0524602779234026e-14
223.54193920312068,5.40236716182304,15.606899113156448,3.970429097809831,-9.915955942318226,-5.0524602779234026e-14
223.53294360229538,5.406824897085861,15.606064519549372,3.970230128771761,-9.9152432531206,-1.1789073981821273e-13
223.52394785027468,5.411282463601376,15.60522991206661,3.9700309015709996,-9.914530525201604,-5.0524602779234026e-14
223.5149519470078,5.415739861365906,15.604395290703476,3.9698314163349995,-9.91381775852774,-8.420767129872338e-14
223.50595589244404,5.420197090375785,15.603560655455267,3.969631673191211,-9.91310495306556,-1.6841534259744677e-13
223.49695968653265,5.424654150627332,15.602726006317292,3.969431672267084,-9.912392108781601,-1.0946997268834039e-13
223.48796332922296,5.429111042116875,15.601891343284857,3.969231413690049,-9.911679225642445,-1.347322740779574e-13
223.47896682046422,5.433567764840735,15.601056666353264,3.969030897587542,-9.910966303614673,-1.347322740779574e-13
223.46997016020578,5.43802431879523,15.60022197551782,3.9688301240869843,-9.910253342664891,-1.347322740779574e-13
223.46097334839683,5.442480703976683,15.599387270773834,3.9686290933157906,-9.909540342759716,-1.347322740779574e-13
223.45197638498675,5.446936920381409,15.598552552116605,3.968427805401373,-9.908827303865783,-1.5999457546757442e-13
223.44297926992485,5.451392968005727,15.597717819541442,3.968226260471134,-9.90811422594975,-7.578690416885104e-14
223.43398200316037,5.455848846845949,15.596883073043653,3.968024458652467,-9.907401108978286,-2.3578147963642546e-13
223.4249845846427,5.46030455689839,15.59604831261854,3.967822400072765,-9.906687952918078,-5.0524602779234026e-14
223.41598701432108,5.464760098159365,15.595213538261405,3.967620084859406,-9.90597475773583,-2.020984111169361e-13
223.4069892921449,5.469215470625179,15.594378749967563,3.967417513139768,-9.90526152339826,-1.0946997268834039e-13
223.39799141806344,5.473670674292144,15.59354394773231,3.9672146850412133,-9.904548249872104,-2.5262301389617017e-13
223.3889933920261,5.4781257091565685,15.59270913155096,3.9670116006911087,-9.903834937124124,-9.262843842859572e-14
223.3799952139821,5.482580575214758,15.59187430141881,3.966808260216809,-9.903121585121083,-2.020984111169361e-13
223.37099688388088,5.487035272463017,15.59103945733117,3.9666046637456556,-9.902408193829766,-1.515738083377021e-13
223.36199840167174,5.491489800897651,15.590204599283346,3.966400811404996,-9.901694763216986,-8.420767129872338e-14
223.352999767304,5.495944160514962,15.589369727270642,3.9661967033221552,-9.900981293249552,-1.2631150694808508e-13
223.34400098072706,5.50039835131125,15.588534841288364,3.965992339624468,-9.900267783894313,-7.578690416885104e-14
223.33500204189025,5.504852373282814,15.587699941331817,3.965787720439246,-9.899554235118112,-5.894536990910637e-14
223.32600295074292,5.509306226425952,15.586865027396305,3.9655828458938043,-9.898840646887821,-1.1789073981821273e-13
223.31700370723445,5.513759910736964,15.586030099477133,3.965377716115449,-9.89812701917033,-1.8525687685719145e-13
223.30800431131425,5.518213426212142,15.585195157569611,3.9651723312314813,-9.897413351932542,-5.0524602779234026e-14
223.2990047629316,5.522666772847782,15.584360201669043,3.964966691369183,-9.896699645141371,-8.420767129872338e-14
223.29000506203593,5.527119950640175,15.58352523177073,3.964760796655848,-9.895985898763758,-1.0946997268834039e-13
223.2810052085766,5.5315729595856125,15.582690247869985,3.964554647218748,-9.895272112766651,-9.262843842859572e-14
223.272005202503,5.536025799680389,15.581855249962107,3.964348243185155,-9.894558287117022,-1.6841534259744677e-13
223.26300504376457,5.540478470920786,15.581020238042406,3.9641415846823342,-9.893844421781852,-1.2631150694808508e-13
223.25400473231062,5.544930973303097,15.58018521210618,3.9639346718375412,-9.893130516728153,-1.1789073981821273e-13
223.24500426809058,5.5493833068236045,15.579350172148741,3.9637275047780225,-9.892416571922933,-1.347322740779574e-13
223.23600365105386,5.553835471478593,15.578515118165395,3.9635200836310194,-9.891702587333224,-1.6841534259744677e-13
223.2270028811499,5.55828746726435,15.577680050151441,3.9633124085237723,-9.890988562926088,-1.8525687685719145e-13
223.21800195832805,5.562739294177153,15.57684496810219,3.9631044795835066,-9.890274498668584,-8.420767129872338e-14
223.2090008825377,5.567190952213285,15.576009872012948,3.962896296937442,-9.889560394527793,-1.1789073981821273e-13
223.19999965372833,5.5716424413690255,15.575174761879019,3.962687860712794,-9.88884625047082,-2.1051917824680845e-13
223.19099827184937,5.576093761640651,15.574339637695708,3.962479171036767,-9.88813206646478,-1.0946997268834039e-13
223.18199673685018,5.580544913024439,15.573504499458322,3.962270228036568,-9.8874178424768,-1.6841534259744677e-13
223.17299504868026,5.584995895516669,15.572669347162158,3.962061031839383,-9.88670357847404,-1.4315304120782974e-13
223.16399320728902,5.589446709113608,15.571834180802533,3.9618515825723994,-9.885989274423649,-1.515738083377021e-13
223.15499121262584,5.593897353811537,15.570999000374748,3.9616418803627953,-9.885274930292823,-8.420767129872338e-14
223.14598906464025,5.598347829606723,15.570163805874106,3.9614319253377466,-9.884560546048743,-1.6841534259744677e-13
223.13698676328164,5.602798136495436,15.569328597295915,3.961221717624412,-9.883846121658634,-1.515738083377021e-13
223.12798430849952,5.607248274473945,15.568493374635485,3.961011257349954,-9.88313165708972,-1.347322740779574e-13
223.11898170024327,5.611698243538523,15.567658137888111,3.9608005446415198,-9.882417152309246,-1.4315304120782974e-13
