galstreams/tracks/track.st.Yangtze.yang2023.ecsv
# %ECSV 1.0
# ---
# datatype:
# - {name: ra, unit: deg, datatype: float64}
# - {name: dec, unit: deg, datatype: float64}
# - {name: distance, unit: kpc, datatype: float64}
# - {name: pm_ra_cosdec, unit: mas / yr, datatype: float64}
# - {name: pm_dec, unit: mas / yr, datatype: float64}
# - {name: radial_velocity, unit: km / s, datatype: float64}
# delimiter: ','
# meta: !!omap
# - __serialized_columns__:
#     dec:
#       __class__: astropy.coordinates.angles.Latitude
#       unit: &id001 !astropy.units.Unit {unit: deg}
#       value: !astropy.table.SerializedColumn {name: dec}
#     distance:
#       __class__: astropy.coordinates.distances.Distance
#       unit: !astropy.units.Unit {unit: kpc}
#       value: !astropy.table.SerializedColumn {name: distance}
#     pm_dec:
#       __class__: astropy.units.quantity.Quantity
#       unit: !astropy.units.Unit {unit: mas / yr}
#       value: !astropy.table.SerializedColumn {name: pm_dec}
#     pm_ra_cosdec:
#       __class__: astropy.units.quantity.Quantity
#       unit: !astropy.units.Unit {unit: mas / yr}
#       value: !astropy.table.SerializedColumn {name: pm_ra_cosdec}
#     ra:
#       __class__: astropy.coordinates.angles.Longitude
#       unit: *id001
#       value: !astropy.table.SerializedColumn {name: ra}
#       wrap_angle: !astropy.coordinates.Angle
#         unit: *id001
#         value: 360.0
#     radial_velocity:
#       __class__: astropy.units.quantity.Quantity
#       unit: !astropy.units.Unit {unit: km / s}
#       value: !astropy.table.SerializedColumn {name: radial_velocity}
# schema: astropy-2.0
ra,dec,distance,pm_ra_cosdec,pm_dec,radial_velocity
[from data line 1382]
146.18481089161497,0.8542319403796521,9.120108393559097,-0.6999999999999997,1.0999999999999996,-2.0262470906255314e-14
146.18536797809062,0.8642199295006207,9.120108393559095,-0.6999999999999997,1.1,-1.6052087341319144e-14
146.18592609783852,0.8742078643777912,9.120108393559093,-0.7000000000000001,1.0999999999999999,-2.1709790256702122e-14
146.18648525084177,0.8841957450128518,9.120108393559095,-0.6999999999999998,1.0999999999999999,-1.3025874154021273e-14
146.18704543708364,0.8941835714074933,9.120108393559097,-0.7,1.0999999999999994,-1.197327826278723e-14
146.18760665654736,0.9041713435634025,9.120108393559095,-0.7,1.0999999999999996,-1.7762555664574464e-14
146.1881689092161,0.9141590614822632,9.120108393559097,-0.6999999999999997,1.0999999999999999,-1.6841534259744676e-14
146.1887321950731,0.92414672516576,9.120108393559095,-0.7,1.0999999999999996,-1.4341619018063827e-14
146.18929651410158,0.9341343346155692,9.120108393559097,-0.6999999999999998,1.0999999999999999,-1.5262640422893612e-14
146.18986186628473,0.9441218898333699,9.120108393559095,-0.6999999999999998,1.0999999999999999,-1.0789107885148933e-14
146.19042825160577,0.9541093908208367,9.120108393559095,-0.6999999999999998,1.1000000000000003,-9.47336302110638e-15
146.19099567004795,0.9640968375796429,9.120108393559097,-0.6999999999999998,1.0999999999999999,-1.171012928997872e-14
146.19156412159444,0.9740842301114582,9.120108393559095,-0.7,1.0999999999999999,-9.47336302110638e-15
146.19213360622848,0.9840715684179518,9.120108393559093,-0.7000000000000001,1.1,-1.7499406691765953e-14
146.19270412393328,0.9940588525007842,9.120108393559093,-0.7000000000000001,1.1,-1.5788938368510635e-14
146.19327567469207,1.0040460823616202,9.120108393559095,-0.7,1.0999999999999999,-1.5920512854914888e-14
146.19384825848803,1.0140332580021185,9.120108393559097,-0.7,1.0999999999999994,-1.0525958912340423e-14
146.19442187530447,1.024020379423936,9.120108393559095,-0.6999999999999998,1.0999999999999999,-1.144698031717021e-14
146.19499652512454,1.0340074466287266,9.120108393559095,-0.7,1.0999999999999996,-2.2762386147936163e-14
146.19557220793143,1.0439944596181423,9.120108393559093,-0.7000000000000001,1.1,-2.0130896419851058e-14
146.19614892370845,1.0539814183938276,9.120108393559097,-0.6999999999999998,1.0999999999999996,-1.5262640422893612e-14
146.19672667243876,1.0639683229574295,9.120108393559093,-0.7,1.0999999999999999,-1.0920682371553189e-14
146.19730545410556,1.0739551733105897,9.120108393559095,-0.7,1.0999999999999994,-5.920851888191488e-15
146.19788526869218,1.083941969454947,9.120108393559095,-0.7000000000000001,1.0999999999999999,-8.552341616276594e-15
146.19846611618172,1.0939287113921394,9.120108393559093,-0.7000000000000001,1.0999999999999999,-8.815490589085104e-15
146.1990479965575,1.1039153991237953,9.120108393559095,-0.7,1.0999999999999994,-1.4867916963680847e-14
146.19963090980272,1.1139020326515463,9.120108393559095,-0.7,1.0999999999999999,-2.1841364743106378e-14
146.20021485590055,1.1238886119770182,9.120108393559095,-0.7,1.0999999999999999,-1.1052256857957444e-14
146.20079983483427,1.1338751371018339,9.120108393559097,-0.6999999999999997,1.0999999999999996,-2.1051917824680846e-14
146.2013858465871,1.1438616080276127,9.120108393559095,-0.7,1.0999999999999996,-1.4604767990872335e-14
146.20197289114228,1.1538480247559726,9.120108393559095,-0.7,1.0999999999999999,-2.1051917824680846e-14
146.20256096848297,1.1638343872885226,9.120108393559093,-0.7000000000000001,1.0999999999999999,-2.2762386147936163e-14
146.20315007859247,1.173820695626873,9.120108393559097,-0.6999999999999998,1.0999999999999996,-1.1052256857957444e-14
146.203740221454,1.1838069497726302,9.120108393559095,-0.7000000000000001,1.0999999999999996,-1.2368001721999996e-14
146.20433139705077,1.1937931497273961,9.120108393559095,-0.7,1.0999999999999999,-7.236596752234041e-15
146.20492360536602,1.2037792954927682,9.120108393559093,-0.7000000000000002,1.0999999999999999,-1.61836618277234e-14
146.205516846383,1.2137653870703433,9.120108393559095,-0.7,1.1,-2.1841364743106378e-14
146.20611112008487,1.2237514244617087,9.120108393559097,-0.6999999999999998,1.0999999999999996,-9.868086480319147e-15
146.20670642645496,1.2337374076684535,9.120108393559097,-0.6999999999999998,1.0999999999999992,-1.6315236314127656e-14
146.2073027654764,1.243723336692161,9.120108393559095,-0.7,1.0999999999999999,-1.2762725181212762e-14
146.20790013713253,1.2537092115344102,9.120108393559095,-0.7,1.1,-1.6446810800531912e-14
146.2084985414065,1.2636950321967784,9.120108393559095,-0.7,1.0999999999999999,-1.0262809939531913e-14
146.2090979782816,1.2736807986808338,9.120108393559095,-0.7,1.0999999999999999,-2.0262470906255314e-14
146.20969844774098,1.2836665109881453,9.120108393559095,-0.6999999999999998,1.0999999999999994,-1.2104852749191486e-14
146.21029994976794,1.2936521691202767,9.120108393559093,-0.7000000000000002,1.0999999999999999,-7.236596752234041e-15
146.21090248434575,1.3036377730787871,9.120108393559095,-0.6999999999999998,1.0999999999999999,-1.1052256857957444e-14
146.2115060514576,1.3136233228652312,9.120108393559095,-0.7000000000000001,1.0999999999999996,-1.986774744704255e-14
146.2121106510867,1.3236088184811619,9.120108393559095,-0.6999999999999998,1.0999999999999999,-1.2894299667617018e-14
146.21271628321634,1.333594259928123,9.120108393559093,-0.7000000000000001,1.1000000000000003,-1.2631150694808506e-14
146.2133229478297,1.3435796472076573,9.120108393559095,-0.7,1.1,-1.5525789395702124e-14
146.21393064491008,1.353564980321304,9.120108393559095,-0.6999999999999998,1.0999999999999999,-2.039404539265957e-14
146.21453937444068,1.3635502592705957,9.120108393559097,-0.6999999999999997,1.0999999999999996,-1.3552172099638295e-14
146.21514913640473,1.3735354840570624,9.120108393559095,-0.6999999999999998,1.0999999999999996,-1.920987501502127e-14
146.2157599307855,1.3835206546822298,9.120108393559097,-0.6999999999999998,1.0999999999999994,-1.144698031717021e-14
146.2163717575662,1.3935057711476153,9.120108393559093,-0.7000000000000001,1.0999999999999994,-8.815490589085104e-15
146.21698461673012,1.4034908334547354,9.120108393559095,-0.6999999999999998,1.0999999999999996,-8.026043670659572e-15
146.21759850826044,1.413475841605101,9.120108393559093,-0.6999999999999998,1.0999999999999996,-5.657702915382977e-15
146.21821343214043,1.4234607956002188,9.120108393559093,-0.7000000000000001,1.0999999999999996,-1.1841703776382976e-14
146.21882938835333,1.4334456954415906,9.120108393559095,-0.6999999999999998,1.0999999999999994,-1.1315405830765954e-14
146.2194463768824,1.443430541130712,9.120108393559095,-0.6999999999999997,1.0999999999999999,-2.1051917824680846e-14
146.22006439771081,1.4534153326690749,9.120108393559095,-0.6999999999999998,1.0999999999999992,-1.6841534259744676e-14
146.2206834508219,1.4634000700581666,9.120108393559093,-0.7,1.0999999999999996,-1.4210044531659571e-14
146.22130353619883,1.4733847532994688,9.120108393559093,-0.7,1.0999999999999994,-1.2104852749191486e-14
146.22192465382489,1.4833693823944594,9.120108393559091,-0.7,1.1,-6.8418732930212744e-15
146.22254680368331,1.493353957344611,9.120108393559093,-0.7,1.0999999999999999,-1.868357706940425e-14
146.22316998575735,1.503338478151388,9.120108393559095,-0.6999999999999998,1.0999999999999994,-1.1315405830765954e-14
146.22379420003023,1.5133229448162546,9.120108393559091,-0.7000000000000001,1.1,-8.420767129872338e-15
146.2244194464852,1.5233073573406666,9.120108393559093,-0.7,1.0999999999999999,-8.420767129872338e-15
146.22504572510553,1.5332917157260757,9.120108393559093,-0.6999999999999997,1.0999999999999999,-1.6315236314127656e-14
146.22567303587445,1.5432760199739282,9.120108393559095,-0.6999999999999997,1.0999999999999994,-1.7104683232553188e-14
146.22630137877516,1.5532602700856668,9.120108393559091,-0.7000000000000001,1.1,-1.0525958912340423e-14
146.22693075379098,1.5632444660627238,9.120108393559095,-0.6999999999999998,1.0999999999999996,-9.999660966723401e-15
146.22756116090514,1.573228607906531,9.120108393559095,-0.6999999999999997,1.0999999999999994,-1.2894299667617018e-14
146.22819260010084,1.5832126956185135,9.120108393559093,-0.7,1.0999999999999999,-8.420767129872338e-15
146.22882507136137,1.5931967292000904,9.120108393559093,-0.7,1.0999999999999994,-5.2629794561702115e-15
146.22945857467,1.6031807086526777,9.120108393559091,-0.7000000000000002,1.0999999999999999,-1.5788938368510635e-14
146.2300931100099,1.6131646339776788,9.120108393559093,-0.6999999999999998,1.0999999999999996,-1.3157448640425528e-14
146.23072867736437,1.623148505176499,9.120108393559095,-0.6999999999999998,1.0999999999999996,-1.9736172960638293e-14
146.23136527671664,1.6331323222505356,9.120108393559095,-0.6999999999999997,1.0999999999999994,-9.999660966723401e-15
146.23200290805,1.6431160852011792,9.120108393559093,-0.7,1.0999999999999996,-8.683916102680848e-15
146.23264157134764,1.653099794029815,9.120108393559093,-0.6999999999999998,1.0999999999999996,-1.0789107885148933e-14
146.23328126659285,1.6630834487378257,9.120108393559093,-0.7,1.0999999999999996,-1.5525789395702124e-14
146.23392199376886,1.6730670493265798,9.120108393559093,-0.7000000000000001,1.0999999999999994,-8.683916102680848e-15
146.23456375285895,1.6830505957974473,9.120108393559093,-0.7000000000000001,1.0999999999999999,-1.0525958912340423e-14
146.23520654384632,1.6930340881517913,9.120108393559091,-0.7000000000000001,1.0999999999999996,-4.9998304833617005e-15
146.23585036671426,1.703017526390966,9.120108393559093,-0.7,1.0999999999999994,-6.578724320212764e-15
146.236495221446,1.7130009105163224,9.120108393559091,-0.7000000000000002,1.1,-1.0789107885148933e-14
146.23714110802482,1.7229842405292055,9.120108393559091,-0.7000000000000002,1.0999999999999999,-9.47336302110638e-15
146.23778802643395,1.7329675164309497,9.120108393559093,-0.7,1.0999999999999994,-1.2104852749191486e-14
146.23843597665663,1.742950738222887,9.120108393559095,-0.6999999999999997,1.0999999999999994,-1.0789107885148933e-14
146.23908495867613,1.752933905906344,9.120108393559095,-0.6999999999999997,1.0999999999999994,-1.7104683232553188e-14
146.2397349724757,1.7629170194826398,9.120108393559093,-0.7000000000000001,1.0999999999999996,-1.6315236314127656e-14
146.24038601803858,1.7729000789530869,9.120108393559093,-0.7,1.0999999999999994,-1.1841703776382976e-14
146.24103809534802,1.7828830843189898,9.120108393559091,-0.7000000000000001,1.0999999999999999,-4.9998304833617005e-15
146.24169120438728,1.7928660355816486,9.120108393559095,-0.6999999999999998,1.0999999999999994,-9.999660966723401e-15
146.24234534513965,1.8028489327423578,9.120108393559091,-0.7,1.0999999999999999,-8.157618157063828e-15
146.2430005175883,1.8128317758024037,9.120108393559093,-0.7,1.0999999999999996,-7.631320211446806e-15
146.2436567217166,1.8228145647630662,9.120108393559091,-0.7,1.0999999999999999,-1.394689555885106e-14
146.24431395750767,1.8327972996256205,9.120108393559093,-0.6999999999999998,1.0999999999999996,-8.683916102680848e-15
146.2449722249449,1.8427799803913303,9.120108393559093,-0.6999999999999998,1.0999999999999992,-1.394689555885106e-14
146.2456315240114,1.8527626070614582,9.120108393559091,-0.7,1.0999999999999996,-8.947065075489359e-15
146.24629185469053,1.8627451796372565,9.120108393559095,-0.6999999999999997,1.0999999999999994,-1.0525958912340423e-14
146.24695321696552,1.8727276981199732,9.120108393559093,-0.7,1.0999999999999996,-1.5262640422893612e-14
146.24761561081962,1.8827101625108478,9.120108393559093,-0.7,1.0999999999999994,-1.2631150694808506e-14
146.24827903623606,1.8926925728111137,9.120108393559093,-0.7000000000000001,1.0999999999999999,-1.1052256857957444e-14
146.2489434931981,1.9026749290219953,9.120108393559091,-0.7000000000000001,1.0999999999999999,-6.578724320212764e-15
146.24960898168905,1.9126572311447123,9.120108393559095,-0.6999999999999998,1.0999999999999992,-1.4210044531659571e-14
146.2502755016921,1.9226394791804766,9.120108393559093,-0.6999999999999997,1.0999999999999996,-1.0262809939531913e-14
146.25094305319053,1.9326216731304944,9.120108393559091,-0.7,1.1,-4.210383564936169e-15
146.2516116361676,1.9426038129959633,9.120108393559093,-0.6999999999999997,1.0999999999999996,-6.578724320212764e-15
146.25228125060656,1.952585898778072,9.120108393559091,-0.7000000000000002,1.1,-1.6315236314127656e-14
146.25295189649066,1.9625679304780046,9.120108393559091,-0.7000000000000001,1.1000000000000003,-1.2894299667617018e-14
146.25362357380314,1.972549908096938,9.120108393559093,-0.6999999999999997,1.0999999999999996,-4.73668151055319e-15
146.2542962825273,1.9825318316360414,9.120108393559093,-0.6999999999999998,1.0999999999999999,-7.368171238638296e-15
146.25497002264638,1.9925137010964762,9.120108393559091,-0.7000000000000001,1.0999999999999996,-1.763098117817021e-14
146.2556447941436,2.0024955164793976,9.120108393559091,-0.6999999999999998,1.0999999999999996,-8.157618157063828e-15
146.25632059700223,2.012477277785949,9.120108393559091,-0.7,1.0999999999999996,-4.210383564936169e-15
146.25699743120558,2.022458985017271,9.120108393559091,-0.7,1.0999999999999996,-6.578724320212764e-15
146.25767529673686,2.032440638174496,9.120108393559091,-0.6999999999999998,1.0999999999999996,-1.3683746586042549e-14
146.2583541935793,2.042422237258748,9.120108393559091,-0.7,1.0999999999999996,-4.210383564936169e-15
146.25903412171618,2.052403782271143,9.120108393559091,-0.7,1.0999999999999996,-1.6315236314127656e-14
146.2597150811308,2.062385273212792,9.120108393559091,-0.7,1.0999999999999996,-1.2631150694808506e-14
146.26039707180635,2.0723667100847916,9.12010839355909,-0.7000000000000001,1.0999999999999999,-1.4473193504468083e-14
146.2610800937261,2.082348092888237,9.120108393559091,-0.7,1.0999999999999996,-8.683916102680848e-15
146.26176414687336,2.092329421624215,9.120108393559091,-0.6999999999999998,1.0999999999999994,-2.0525619879063826e-14
146.2624492312313,2.102310696293802,9.12010839355909,-0.7,1.1,-7.1050222658297854e-15
146.26313534678323,2.11229191689807,9.12010839355909,-0.7000000000000002,1.0999999999999999,-7.894469184255318e-15
146.2638224935124,2.122273083438076,9.12010839355909,-0.7,1.0999999999999999,-1.7104683232553188e-14
146.26451067140204,2.1322541959148773,9.12010839355909,-0.7000000000000001,1.0999999999999996,-7.1050222658297854e-15
146.26519988043546,2.1422352543295173,9.120108393559091,-0.6999999999999998,1.0999999999999994,-6.052426374595743e-15
146.26589012059588,2.1522162586830356,9.120108393559091,-0.7,1.0999999999999996,-1.1052256857957444e-14
146.26658139186657,2.16219720897646,9.120108393559093,-0.6999999999999998,1.0999999999999996,-7.894469184255318e-15
146.26727369423074,2.1721781052108167,9.120108393559093,-0.7,1.0999999999999992,-6.578724320212764e-15
146.26796702767172,2.1821589473871117,9.12010839355909,-0.7,1.0999999999999999,-1.6578385286936164e-14
146.26866139217267,2.192139735506353,9.12010839355909,-0.7,1.1,-1.0525958912340423e-14
146.26935678771693,2.2021204695695364,9.120108393559091,-0.7000000000000001,1.0999999999999996,-1.0789107885148933e-14
146.27005321428774,2.212101149577651,9.12010839355909,-0.7,1.0999999999999999,-1.6841534259744676e-14
146.27075067186834,2.222081775531674,9.120108393559091,-0.6999999999999998,1.0999999999999996,-1.1052256857957444e-14
146.271449160442,2.232062347432583,9.12010839355909,-0.7000000000000002,1.0999999999999999,-1.394689555885106e-14
146.27214867999191,2.242042865281333,9.120108393559091,-0.6999999999999998,1.0999999999999994,-7.631320211446806e-15
146.2728492305014,2.2520233290788814,9.120108393559091,-0.6999999999999998,1.0999999999999994,-8.420767129872338e-15
146.27355081195373,2.2620037388261722,9.120108393559091,-0.7,1.0999999999999996,-1.2631150694808506e-14
146.2742534243321,2.2719840945241447,9.120108393559091,-0.6999999999999998,1.0999999999999996,-9.736511993914891e-15
146.2749570676198,2.281964396173729,9.120108393559091,-0.6999999999999998,1.0999999999999999,-1.0789107885148933e-14
