galstreams/tracks/track.st.Gaia-7.ibata2021.ecsv
# %ECSV 0.9
# ---
# datatype:
# - {name: ra, unit: deg, datatype: float64}
# - {name: dec, unit: deg, datatype: float64}
# - {name: distance, unit: kpc, datatype: float64}
# - {name: pm_ra_cosdec, unit: mas / yr, datatype: float64}
# - {name: pm_dec, unit: mas / yr, datatype: float64}
# - {name: radial_velocity, unit: km / s, datatype: float64}
# delimiter: ','
# meta: !!omap
# - __serialized_columns__:
#     dec:
#       __class__: astropy.coordinates.angles.Latitude
#       unit: &id001 !astropy.units.Unit {unit: deg}
#       value: !astropy.table.SerializedColumn {name: dec}
#     distance:
#       __class__: astropy.coordinates.distances.Distance
#       unit: !astropy.units.Unit {unit: kpc}
#       value: !astropy.table.SerializedColumn {name: distance}
#     pm_dec:
#       __class__: astropy.units.quantity.Quantity
#       unit: !astropy.units.Unit {unit: mas / yr}
#       value: !astropy.table.SerializedColumn {name: pm_dec}
#     pm_ra_cosdec:
#       __class__: astropy.units.quantity.Quantity
#       unit: !astropy.units.Unit {unit: mas / yr}
#       value: !astropy.table.SerializedColumn {name: pm_ra_cosdec}
#     ra:
#       __class__: astropy.coordinates.angles.Longitude
#       unit: *id001
#       value: !astropy.table.SerializedColumn {name: ra}
#       wrap_angle: !astropy.coordinates.Angle
#         unit: *id001
#         value: 360.0
#     radial_velocity:
#       __class__: astropy.units.quantity.Quantity
#       unit: !astropy.units.Unit {unit: km / s}
#       value: !astropy.table.SerializedColumn {name: radial_velocity}
# schema: astropy-2.0
ra,dec,distance,pm_ra_cosdec,pm_dec,radial_velocity
[from data line 1354]
183.57773327743783,-19.088104876516695,5.080273577395042,-10.375967329551194,-0.21701210995838452,4.105123975812765e-14
183.58465313405256,-19.095691885054045,5.080583559405825,-10.376264776878951,-0.21827828663176968,8.683916102680849e-14
183.59157453593434,-19.1032779516313,5.080892603756425,-10.376560195758632,-0.2195511374567593,1.047332911777872e-13
183.59849748462727,-19.110863075112043,5.081200708619535,-10.376853580819672,-0.22083067068728404,3.8946047975659563e-14
183.6054219816754,-19.118447254359555,5.081507872167846,-10.37714492668917,-0.2221168945763166,6.315575347404254e-14
183.61234802862302,-19.126030488236765,5.081814092574052,-10.37743422799179,-0.2234098173758863,8.762860794523402e-14
183.61927562701445,-19.13361277560628,5.082119368010839,-10.377721479349862,-0.22470944733706386,6.920817984863828e-14
183.6262047783942,-19.141194115330364,5.082423696650905,-10.378006675383284,-0.226015792709958,3.9998643866893604e-14
183.63313548430676,-19.14877450627097,5.082727076666937,-10.378289810709592,-0.22732886174372302,7.999728773378721e-14
183.6400677462968,-19.156353947289723,5.083029506231628,-10.378570879943911,-0.22864866268655037,1.0762792987868083e-13
183.64700156590914,-19.163932437247897,5.083330983517669,-10.378849877698974,-0.22997520378567265,5.078775175204254e-14
183.65393694468858,-19.171509975006458,5.08363150669775,-10.37912679858511,-0.23130849328734945,1.0657533398744678e-13
183.66087388418012,-19.179086559426015,5.083931073944568,-10.379401637210236,-0.23264853943688452,2.0262470906255314e-14
183.66781238592878,-19.18666218936687,5.0842296834308085,-10.379674388179883,-0.23399535047860218,8.789175691804252e-14
183.6747524514798,-19.194236863688975,5.084527333329166,-10.379945046097141,-0.23534893465586582,6.605039217493615e-14
183.6816940823784,-19.201810581251962,5.08482402181233,-10.380213605562716,-0.2367093002110614,4.7629964078340415e-14
183.68863728016998,-19.20938334091513,5.085119747052993,-10.380480061174872,-0.2380764553855988,9.157584253736168e-14
183.6955820464,-19.216955141537436,5.085414507223848,-10.380744407529464,-0.2394504084199193,1.0868052576991486e-13
183.70252838261405,-19.2245259819775,5.085708300497586,-10.381006639219923,-0.2408311675534816,1.0052290761285104e-13
183.70947629035783,-19.23209586109364,5.086001125046896,-10.381266750837257,-0.2422187410247672,1.4999491450085103e-14
183.71642577117706,-19.2396647777438,5.0862929790444715,-10.381524736970032,-0.2436131370712684,4.657736818710637e-14
183.72337682661768,-19.24723273078561,5.086583860663005,-10.381780592204393,-0.245014363929502,9.999660966723401e-15
183.7303294582256,-19.25479971907636,5.086873768075187,-10.382034311124036,-0.24642242983500115,4.157753770374467e-14
183.73728366754696,-19.26236574147302,5.087162699453707,-10.382285888310237,-0.24783734302230107,9.657567302072338e-14
183.74423945612793,-19.269930796832206,5.087450652971258,-10.382535318341809,-0.24925911172496193,8.499711821714891e-14
183.7511968255148,-19.277494884010206,5.087737626800532,-10.38278259579513,-0.25068774417553785,8.815490589085104e-14
183.7581557772539,-19.285058001862964,5.08802361911422,-10.383027715244127,-0.2521232486056025,8.631286308119147e-14
183.76511631289176,-19.292620149246105,5.088308628085014,-10.383270671260272,-0.2535656332457281,3.2893621601063823e-14
183.7720784339749,-19.300181325014904,5.088592651885604,-10.383511458412585,-0.25501490632548973,9.078639561893615e-14
183.7790421420501,-19.307741528024305,5.088875688688684,-10.383750071267627,-0.2564710760734662,8.499711821714891e-14
183.78600743866403,-19.315300757128906,5.0891577366669445,-10.38398650438949,-0.25793415071723624,6.683983909336168e-14
183.7929743253636,-19.322859011182977,5.089438793993076,-10.384220752339813,-0.2594041384833708,3.4209366465106376e-14
183.79994280369576,-19.330416289040457,5.0897188588397695,-10.384452809677763,-0.2608810475974423,1.0368069528655317e-13
183.80691287520762,-19.337972589554923,5.089997929379718,-10.384682670960029,-0.26236488628401744,5.762962504506381e-14
183.81388454144633,-19.345527911579634,5.090276003785613,-10.384910330740825,-0.2638556627666458,7.026077573987232e-14
183.82085780395917,-19.3530822539675,5.090553080230145,-10.385135783571897,-0.26535338526787455,7.631320211446807e-14
183.82783266429348,-19.36063561557111,5.090829156886005,-10.385359024002502,-0.26685806200923745,2.8420089063319142e-14
183.8348091239967,-19.368187995242675,5.091104231925889,-10.385580046579415,-0.2683697012112504,3.368306851948935e-14
183.8417871846164,-19.37573939183411,5.091378303522482,-10.385798845846924,-0.26988831109341693,9.789141788476593e-14
183.84876684770026,-19.383289804196956,5.0916513698484795,-10.386015416346822,-0.27141389987421705,6.73661370389787e-14
183.855748114796,-19.390839231182444,5.091923429076569,-10.386229752618423,-0.2729464757711235,4.289328256778722e-14
183.8627309874515,-19.39838767164143,5.092194479379448,-10.38644184919851,-0.27448604700056994,3.6051409274765946e-14
183.86971546721463,-19.405935124424452,5.092464518929805,-10.386651700621405,-0.27603262177797816,4.684051715991488e-14
183.87670155563347,-19.413481588381703,5.092733545900331,-10.386859301418895,-0.2775862083177374,7.841839389693615e-14
183.88368925425618,-19.42102706236304,5.093001558463718,-10.387064646120283,-0.2791468148332138,5.605073120821275e-14
183.89067856463095,-19.42857154521795,5.093268554792656,-10.387267729252345,-0.2807144495367395,4.5261623323063815e-14
183.8976694883061,-19.436115035795613,5.093534533059839,-10.387468545339354,-0.28228912063961775,3.105157879140425e-14
183.90466202683,-19.443657532944844,5.093799491437958,-10.387667088903061,-0.28387083635211774,1.0973312166114891e-13
183.91165618175125,-19.451199035514115,5.094063428099704,-10.387863354462691,-0.2854596048834711,1.2078537851910634e-13
183.91865195461844,-19.458739542351577,5.0943263412177675,-10.388057336534962,-0.2870554344418729,7.868154286974466e-14
183.92564934698024,-19.466279052305012,5.09458822896484,-10.388249029634053,-0.2886583332344782,6.315575347404254e-14
183.93264836038543,-19.473817564221857,5.094849089513615,-10.38843842827161,-0.2902683094673997,4.9735155860808497e-14
183.93964899638289,-19.48135507694923,5.095108921036783,-10.388625526956758,-0.29188537134570725,5.605073120821275e-14
183.94665125652162,-19.48889158933388,5.095367721707034,-10.388810320196072,-0.2935095270734227,6.631354114774466e-14
183.95365514235073,-19.49642710022221,5.095625489697062,-10.388992802493599,-0.2951407848535232,2.7367493172085098e-14
183.9606606554193,-19.503961608460298,5.095882223179557,-10.389172968350826,-0.2967791528879347,8.552341616276594e-14
183.96766779727662,-19.511495112893865,5.09613792032721,-10.389350812266727,-0.2984246393775362,8.789175691804252e-14
183.97467656947208,-19.51902761236827,5.096392579312713,-10.389526328737684,-0.3000772525221401,9.815456685757444e-14
183.9816869735551,-19.526559105728552,5.0966461983087585,-10.389699512257552,-0.30173700052051966,2.6841195226468077e-14
183.98869901107517,-19.534089591819388,5.096898775488039,-10.38987035731763,-0.3034038915703777,1.5525789395702124e-14
183.99571268358196,-19.541619069485115,5.097150309023241,-10.390038858406644,-0.30507793386836085,2.4209705498382972e-14
184.00272799262515,-19.549147537569713,5.09740079708706,-10.390205010010767,-0.3067591356100571,1.3157448640425528e-14
184.0097449397546,-19.556674994916822,5.097650237852188,-10.390368806613601,-0.3084475049899845,3.868289900285105e-14
184.01676352652012,-19.56420144036973,5.097898629491315,-10.390530242696183,-0.31014305020160393,9.078639561893615e-14
184.0237837544718,-19.571726872771375,5.098145970177132,-10.390689312736972,-0.31184577943730196,1.5262640422893612e-14
184.03080562515964,-19.579251290964354,5.09839225808233,-10.390846011211854,-0.31355570088839546,4.5261623323063815e-14
184.0378291401338,-19.586774693790893,5.098637491379605,-10.391000332594135,-0.3152728227451307,1.1473295214451061e-13
184.04485430094462,-19.594297080092907,5.098881668241643,-10.391152271354537,-0.3169971531966841,5.420868839855318e-14
184.05188110914239,-19.601818448711924,5.099124786841138,-10.391301821961195,-0.31872870043114776,2.5262301389617013e-14
184.05890956627755,-19.609338798489144,5.0993668453507786,-10.39144897887966,-0.3204674726355389,4.210383564936169e-14
184.0659396739006,-19.616858128265402,5.0996078419432616,-10.39159373657288,-0.3222134779957974,7.999728773378721e-14
184.0729714335622,-19.62437643688118,5.099847774791274,-10.391736089501215,-0.32396672469678267,5.210349661608509e-14
184.08000484681304,-19.63189372317664,5.10008664206751,-10.391876032122424,-0.3257272209222618,1.1052256857957444e-13
184.0870399152039,-19.63940998599154,5.100324441944663,-10.392013558891652,-0.32749497485492385,5.6840178126638284e-14
184.09407664028564,-19.646925224165336,5.100561172595417,-10.392148664261464,-0.3292699946763636,7.052392471268083e-14
184.10111502360925,-19.654439436537107,5.100796832192468,-10.392281342681795,-0.33105228856709107,2.8420089063319142e-14
184.10815506672577,-19.66195262194557,5.101031418908512,-10.392411588599954,-0.332841864706517,1.0104920555846805e-13
184.1151967711864,-19.669464779229124,5.101264930916232,-10.39253939646067,-0.3346387312729626,1.7367832205361697e-14
184.12224013854225,-19.676975907225767,5.101497366388325,-10.392664760706023,-0.33644289644365477,6.47346473108936e-14
184.1292851703447,-19.684486004773184,5.101728723497481,-10.392787675775478,-0.3382543683947118,7.210281854953189e-14
184.13633186814516,-19.69199507070869,5.10195900041639,-10.392908136105882,-0.34007315530116433,6.315575347404254e-14
184.1433802334951,-19.69950310386924,5.102188195317746,-10.393026136131438,-0.34189926533692916,6.947132882144679e-14
184.1504302679461,-19.70701010309143,5.102416306374241,-10.393141670283722,-0.3437327066748245,5.999796580034041e-14
184.1574819730498,-19.71451606721153,5.102643331758562,-10.393254732991682,-0.34557348748656164,7.73657980057021e-14
184.16453535035797,-19.72202099506543,5.1028692696434055,-10.39336531868161,-0.34742161594273974,5.841907196348934e-14
184.17159040142238,-19.72952488548867,5.103094118201461,-10.393473421777161,-0.3492771002128453,1.0736478090587231e-13
184.17864712779502,-19.737027737316417,5.10331787560542,-10.393579036699347,-0.3511399484652571,1.0946997268834039e-13
184.18570553102782,-19.74452954938352,5.103540540027972,-10.393682157866529,-0.35301016886723746,4.052494181251063e-14
184.1927656126729,-19.75203032052443,5.103762109641812,-10.39378277969441,-0.35488776958492274,7.526060622323402e-14
184.1998273742824,-19.75953004957327,5.103982582619629,-10.393880896596034,-0.3567727587833438,1.2262742132876593e-13
184.2068908174086,-19.76702873536379,5.104201957134115,-10.3939765029818,-0.358665144626402,1.473634247727659e-14
184.21395594360382,-19.774526376729387,5.104420231357963,-10.394069593259413,-0.3605649352768704,4.210383564936169e-14
184.22102275442043,-19.782022972503103,5.1046374034638635,-10.394160161833947,-0.3624721388964041,7.578690416885104e-14
184.228091251411,-19.789518521517607,5.104853471624509,-10.394248203107775,-0.3643867636455296,5.3682390452936155e-14
184.23516143612804,-19.797013022605242,5.105068434012586,-10.39433371148062,-0.36630881768363743,1.1368035625327657e-13
184.24223331012425,-19.804506474597943,5.105282288800792,-10.394416681349508,-0.36823830916899347,9.841771583038295e-14
184.2493068749524,-19.81199887632733,5.105495034161816,-10.39449710710879,-0.3701752462587239,4.210383564936169e-14
184.25638213216527,-19.819490226624634,5.105706668268349,-10.39457498315014,-0.372119637108816,1.5788938368510635e-14
184.26345908331575,-19.82698052432073,5.105917189293084,-10.39465030386253,-0.374071489874124,7.999728773378721e-14
184.27053772995689,-19.834469768246166,5.106126595408713,-10.394723063632258,-0.3760308127083628,6.631354114774466e-14
184.27761807364172,-19.841957957231074,5.106334884787924,-10.394793256842911,-0.3779976137640969,2.4209705498382972e-14
184.2847001159234,-19.849445090105263,5.106542055603412,-10.394860877875388,-0.3799719011927514,8.631286308119147e-14
