galstreams/tracks/track.st.Phoenix.ibata2024.ecsv
# %ECSV 1.0
# ---
# datatype:
# - {name: ra, unit: deg, datatype: float64}
# - {name: dec, unit: deg, datatype: float64}
# - {name: distance, unit: kpc, datatype: float64}
# - {name: pm_ra_cosdec, unit: mas / yr, datatype: float64}
# - {name: pm_dec, unit: mas / yr, datatype: float64}
# - {name: radial_velocity, unit: km / s, datatype: float64}
# delimiter: ','
# meta: !!omap
# - __serialized_columns__:
#     dec:
#       __class__: astropy.coordinates.angles.Latitude
#       unit: &id001 !astropy.units.Unit {unit: deg}
#       value: !astropy.table.SerializedColumn {name: dec}
#     distance:
#       __class__: astropy.coordinates.distances.Distance
#       unit: !astropy.units.Unit {unit: kpc}
#       value: !astropy.table.SerializedColumn {name: distance}
#     pm_dec:
#       __class__: astropy.units.quantity.Quantity
#       unit: !astropy.units.Unit {unit: mas / yr}
#       value: !astropy.table.SerializedColumn {name: pm_dec}
#     pm_ra_cosdec:
#       __class__: astropy.units.quantity.Quantity
#       unit: !astropy.units.Unit {unit: mas / yr}
#       value: !astropy.table.SerializedColumn {name: pm_ra_cosdec}
#     ra:
#       __class__: astropy.coordinates.angles.Longitude
#       unit: *id001
#       value: !astropy.table.SerializedColumn {name: ra}
#       wrap_angle: !astropy.coordinates.Angle
#         unit: *id001
#         value: 360.0
#     radial_velocity:
#       __class__: astropy.units.quantity.Quantity
#       unit: !astropy.units.Unit {unit: km / s}
#       value: !astropy.table.SerializedColumn {name: radial_velocity}
# schema: astropy-2.0
ra,dec,distance,pm_ra_cosdec,pm_dec,radial_velocity
[from data line 1747]
28.988565601461247,-38.203840114839025,1.0000000000000033,2.7039929296523884,-0.2800639652945458,-38.737304900266174
28.991227061921286,-38.19403149882536,1.0000000000000036,2.703392266997582,-0.28007404260739754,-38.89229916246107
28.99388737711484,-38.18422272876663,1.0000000000000033,2.7027899057014566,-0.28008337653342297,-39.04748111335208
28.9965465488533,-38.174413805001876,1.0000000000000036,2.7021858439253483,-0.28009196605503917,-39.202850885281755
28.999204578946983,-38.16460472786997,1.0000000000000036,2.701580079830553,-0.2800998101548453,-39.358408610592896
29.001861469205142,-38.1547954977096,1.0000000000000036,2.7009726115783117,-0.28010690781560976,-39.5141544216283
29.00451722143595,-38.14498611485931,1.0000000000000036,2.7003634373298184,-0.2801132580202821,-39.670088450730596
29.007171837446528,-38.13517657965746,1.0000000000000036,2.6997525552462203,-0.2801188597519859,-39.82621083024255
29.009825319042925,-38.12536689244226,1.0000000000000036,2.699139963488613,-0.28012371199402253,-39.98252169250695
29.012477668030158,-38.11555705355173,1.0000000000000036,2.6985256602180487,-0.2801278137298695,-40.139021169866474
29.01512888621211,-38.10574706332375,1.0000000000000036,2.6979096435955237,-0.28013116394318116,-40.29570939466383
29.017778975391685,-38.09593692209599,1.0000000000000036,2.6972919117819947,-0.2801337616177877,-40.45258649924179
29.020427937370687,-38.08612663020602,1.0000000000000036,2.6966724629383623,-0.28013560573769203,-40.609652615943155
29.02307577394987,-38.076316187991175,1.0000000000000036,2.6960512952254807,-0.2801366952870783,-40.766907877110526
29.025722486928913,-38.06650559578867,1.0000000000000036,2.695428406804158,-0.2801370292503105,-40.92435241508667
29.02836807810647,-38.05669485393553,1.0000000000000036,2.694803795835152,-0.2801366066119195,-41.081986362214415
29.03101254928011,-38.046883962768625,1.0000000000000033,2.6941774604791693,-0.2801354263566145,-41.23980985083637
29.033655902246363,-38.03707292262468,1.0000000000000036,2.693549398896871,-0.2801334874692918,-41.39782301329532
29.03629813880071,-38.027261733840184,1.0000000000000036,2.6929196092488716,-0.28013078893500865,-41.556025981934056
29.03893926073757,-38.01745039675158,1.0000000000000036,2.6922880896957313,-0.28012732973900967,-41.714418889095185
29.041579269850303,-38.007638911695004,1.0000000000000036,2.691654838397966,-0.2801231088667109,-41.87300186712153
29.044218167931245,-37.99782727900655,1.0000000000000036,2.691019853516039,-0.2801181253037113,-42.03177504835577
29.046855956771665,-37.98801549902207,1.0000000000000038,2.6903831332103723,-0.28011237803577593,-42.19073856514075
29.049492638161773,-37.97820357207728,1.0000000000000038,2.689744675641327,-0.280105866048852,-42.34989254981903
29.052128213890754,-37.968391498507756,1.0000000000000038,2.689104478969229,-0.28009858832906787,-42.50923713473346
29.05476268574675,-37.958579278648855,1.0000000000000038,2.6884625413543457,-0.2800905438627197,-42.668772452226776
29.057396055516833,-37.94876691283583,1.0000000000000038,2.687818860956901,-0.2800817316362858,-42.82849863464164
29.060028324987044,-37.938954401403706,1.0000000000000038,2.687173435937066,-0.2800721506364159,-42.988415814320845
29.062659495942402,-37.92914174468741,1.0000000000000038,2.686526264454969,-0.2800617998499453,-43.14852412360713
29.06528957016684,-37.919328943021675,1.0000000000000036,2.6858773446706814,-0.2800506782638763,-43.308823694843156
29.06791854944328,-37.90951599674106,1.0000000000000038,2.685226674744229,-0.28003878486539246,-43.46931466037168
29.070546435553613,-37.89970290617996,1.0000000000000038,2.6845742528355947,-0.28002611864185045,-43.62999715253545
29.073173230278655,-37.88988967167265,1.0000000000000038,2.6839200771047027,-0.2800126785807935,-43.790871303677285
29.075798935398236,-37.88007629355321,1.0000000000000038,2.683264145711438,-0.2799984636699273,-43.95193724613974
29.078423552691103,-37.87026277215555,1.0000000000000036,2.682606456815629,-0.2799834728971424,-44.113195112265664
29.081047083934987,-37.860449107813444,1.0000000000000036,2.681947008577057,-0.2799677052505096,-44.27464503439785
