galstreams/tracks/track.st.Fimbulthul.ibata2021.ecsv
# %ECSV 1.0
# ---
# datatype:
# - {name: ra, unit: deg, datatype: float64}
# - {name: dec, unit: deg, datatype: float64}
# - {name: distance, unit: kpc, datatype: float64}
# - {name: pm_ra_cosdec, unit: mas / yr, datatype: float64}
# - {name: pm_dec, unit: mas / yr, datatype: float64}
# - {name: radial_velocity, unit: km / s, datatype: float64}
# delimiter: ','
# meta: !!omap
# - __serialized_columns__:
#     dec:
#       __class__: astropy.coordinates.angles.Latitude
#       unit: &id001 !astropy.units.Unit {unit: deg}
#       value: !astropy.table.SerializedColumn {name: dec}
#     distance:
#       __class__: astropy.coordinates.distances.Distance
#       unit: !astropy.units.Unit {unit: kpc}
#       value: !astropy.table.SerializedColumn {name: distance}
#     pm_dec:
#       __class__: astropy.units.quantity.Quantity
#       unit: !astropy.units.Unit {unit: mas / yr}
#       value: !astropy.table.SerializedColumn {name: pm_dec}
#     pm_ra_cosdec:
#       __class__: astropy.units.quantity.Quantity
#       unit: !astropy.units.Unit {unit: mas / yr}
#       value: !astropy.table.SerializedColumn {name: pm_ra_cosdec}
#     ra:
#       __class__: astropy.coordinates.angles.Longitude
#       unit: *id001
#       value: !astropy.table.SerializedColumn {name: ra}
#       wrap_angle: !astropy.coordinates.Angle
#         unit: *id001
#         value: 360.0
#     radial_velocity:
#       __class__: astropy.units.quantity.Quantity
#       unit: !astropy.units.Unit {unit: km / s}
#       value: !astropy.table.SerializedColumn {name: radial_velocity}
# schema: astropy-2.0
ra,dec,distance,pm_ra_cosdec,pm_dec,radial_velocity
[from data line 2400]
209.20684049644544,-22.935746595572247,3.2252033096420525,-16.452363906208532,-11.345907947178265,110.5687458918747
209.21899324816425,-22.934001609019628,3.2244123964512736,-16.459658382614126,-11.348481641525167,110.43635010897164
209.23115243705797,-22.932263925246275,3.2236230441497264,-16.4669516817307,-11.3510548192303,110.30368525010716
209.24331806817708,-22.930533547230844,3.222835254679999,-16.474243799139284,-11.353627478698211,110.17075105182239
209.2554901465741,-22.928810477950858,3.2220490299846745,-16.48153473042106,-11.356199618333354,110.03754725065812
209.26766867730353,-22.92709472038265,3.22126437200634,-16.488824471157336,-11.358771236540056,109.90407358315521
209.27985366542174,-22.92538627750142,3.22048128268758,-16.496113016929513,-11.361342331722524,109.77032978585454
209.29204511598715,-22.923685152281156,3.2196997639709823,-16.503400363319134,-11.363912902284849,109.63631559529692
209.30424303406002,-22.921991347694725,3.218919817799131,-16.51068650590786,-11.366482946631033,109.50203074802334
209.31644742470272,-22.920304866713774,3.2181414461146125,-16.517971440277485,-11.369052463164952,109.36747498057437
209.32865829297936,-22.91862571230882,3.217364650860012,-16.525255162009902,-11.371621450290377,109.2326480294913
209.34087564395622,-22.916953887449193,3.216589433977916,-16.53253766668713,-11.374189906410976,109.09754963131462
209.35309948270148,-22.915289395103056,3.2158157974109094,-16.539818949891316,-11.376757829930318,108.96217952258526
209.3653298142852,-22.913632238237383,3.2150437431015786,-16.547099007204714,-11.379325219251868,108.82653743984433
209.37756664377952,-22.91198241981798,3.214273272992509,-16.554377834209692,-11.381892072779001,108.6906231196323
209.38980997625848,-22.910339942809525,3.213504389026285,-16.56165542648876,-11.384458388914979,108.55443629849033
209.40205981679816,-22.908704810175443,3.212737093145495,-16.568931779624506,-11.387024166062993,108.41797671295917
209.41431617047647,-22.90707702487805,3.2119713872927225,-16.576206889199668,-11.389589402626122,108.28124409957974
209.42657904237353,-22.905456589878426,3.211207273410555,-16.583480750797058,-11.392154097007351,108.1442381948928
209.4388484375712,-22.90384350813653,3.210444753441577,-16.590753359999646,-11.394718247609596,108.00695873543916
209.4511243611535,-22.90223778261111,3.209683829328374,-16.598024712390476,-11.397281852835686,107.86940545775994
209.4634068182063,-22.900639416259747,3.2089245030135327,-16.605294803552745,-11.399844911088355,107.73157809839589
209.47569581381757,-22.899048412038834,3.2081667764396378,-16.61256362906972,-11.40240742077025,107.59347639388774
209.48799135307715,-22.897464772903593,3.2074106515492753,-16.61983118452479,-11.404969380283957,107.45510008077645
209.500293441077,-22.895888501808052,3.2066561302850323,-16.627097465501475,-11.407530788031973,107.31644889560283
209.51260208291095,-22.894319601705075,3.2059032145894917,-16.63436246758338,-11.410091642416711,107.1775225749078
209.52491728367485,-22.89275807554632,3.2051519064052423,-16.641626186354227,-11.412651941840533,107.03832085523234
209.53723904846672,-22.891203926282277,3.204402207674868,-16.64888861739785,-11.41521168470572,106.89884347311693
209.54956738238627,-22.889657156862263,3.2036541203409548,-16.656149756298174,-11.417770869414461,106.75909016510279
209.56190229053547,-22.888117770234377,3.202907646346088,-16.66340959863925,-11.420329494368914,106.61906066773061
209.57424377801814,-22.88658576934556,3.2021627876328553,-16.670668140005215,-11.422887557971144,106.47875471754138
209.58659184994022,-22.885061157141557,3.2014195461438395,-16.67792537598033,-11.425445058623167,106.33817205107592
209.59894651140957,-22.883543936566912,3.2006779238216287,-16.68518130214894,-11.428001994726937,106.19731240487485
209.61130776753612,-22.88203411056501,3.199937922608807,-16.692435914095512,-11.430558364684346,106.05617551547938
209.62367562343172,-22.88053168207801,3.199199544447961,-16.69968920740461,-11.433114166897228,105.91476111943021
209.63605008421035,-22.879036654046914,3.1984627912816768,-16.706941177660866,-11.435669399767358,105.77306895326821
209.64843115498795,-22.87754902941151,3.197727665052539,-16.71419182044907,-11.438224061696474,105.63109875353416
209.66081884088243,-22.876068811110414,3.196994167703134,-16.72144113135408,-11.440778151086251,105.48885025676918
209.67321314701385,-22.87459600208103,3.196262301176048,-16.728689105960846,-11.443331666338306,105.3463231995139
209.68561407850422,-22.873130605259586,3.1955320674138648,-16.73593573985444,-11.445884605854248,105.20351731830914
209.69802164047752,-22.87167262358109,3.194803468359173,-16.743181028620008,-11.448436968035587,105.06043234969594
209.71043583805985,-22.870222059979383,3.194076505954555,-16.750424967842807,-11.450988751283836,104.91706803021505
209.7228566763793,-22.868778917387097,3.1933511821425995,-16.757667553108195,-11.453539954000448,104.77342409640725
209.73528416056598,-22.867343198735664,3.192627498865891,-16.764908780001605,-11.456090574586838,104.62950028481367
209.7477182957521,-22.86591490695533,3.1919054580670148,-16.77214864410858,-11.458640611444395,104.48529633197495
209.7601590870718,-22.864494044975125,3.1911850616885573,-16.779387141014755,-11.461190062974463,104.3408119744319
209.77260653966135,-22.8630806157229,3.190466311673103,-16.78662426630587,-11.463738927578362,104.19604694872555
209.785060658659,-22.861674622125292,3.1897492099632387,-16.793860015567724,-11.466287203657384,104.05100099139689
209.79752144920516,-22.860276067107733,3.189033758501551,-16.80109438438624,-11.468834889612783,103.90567383898644
209.80998891644217,-22.858884953594465,3.1883199592306237,-16.808327368347413,-11.4713819838458,103.76006522803506
209.82246306551437,-22.857501284508526,3.187607814093043,-16.81555896303734,-11.47392848475765,103.61417489508393
209.83494390156835,-22.856125062771746,3.186897325031397,-16.82278916404219,-11.476474390749518,103.46800257667373
209.84743142975256,-22.854756291304746,3.186188493988267,-16.83001796694825,-11.47901970022259,103.32154800934538
209.85992565521767,-22.85339497302696,3.1854813229062424,-16.837245367341872,-11.481564411578011,103.17481092963962
209.87242658311624,-22.85204111085658,3.184775813727908,-16.844471360809493,-11.484108523216936,103.02779107409735
209.884934218603,-22.85069470771063,3.1840719683958487,-16.85169594293764,-11.486652033540487,102.88048817925956
209.89744856683478,-22.849355766504907,3.1833697888526507,-16.85891910931295,-11.489194940949801,102.73290198166686
209.90996963297033,-22.848024290154,3.1826692770408993,-16.866140855522097,-11.491737243845972,102.58503221786044
209.9224974221706,-22.84670028157129,3.181970434903181,-16.87336117715189,-11.494278940630123,102.4368786243808
209.93503193959856,-22.845383743668947,3.181273264382082,-16.880580069789172,-11.496820029703343,102.28844093776917
209.94757319041926,-22.844074679357927,3.1805777674201856,-16.887797529020915,-11.499360509466761,102.13971889456616
209.96012117979984,-22.842773091547983,3.1798839459600803,-16.895013550434136,-11.501900378321462,101.99071223131256
209.97267591290947,-22.841478983147645,3.1791918019443504,-16.902228129615956,-11.504439634668554,101.84142068454958
209.98523739491947,-22.840192357064236,3.17850133731558,-16.909441262153575,-11.506978276909173,101.69184399081763
209.99780563100313,-22.838913216203846,3.1778125540163593,-16.916652943634233,-11.509516303444409,101.54198188665804
210.010380626336,-22.83764156347138,3.1771254539892704,-16.923863169645315,-11.512053712675414,101.39183410861132
210.02296238609554,-22.836377401770502,3.1764400391769,-16.93107193577422,-11.514590503003312,101.24140039321846
210.0355509154614,-22.83512073400366,3.175756311521833,-16.938279237608484,-11.517126672829281,101.0906804770204
210.04814621961538,-22.833871563072098,3.175074272966656,-16.945485070735664,-11.519662220554487,100.93967409655771
210.06074830374118,-22.832629891875836,3.174393925453955,-16.95268943074342,-11.52219714458011,100.78838098837161
210.07335717302476,-22.831395723313644,3.1737152709263157,-16.959892313219488,-11.52473144330738,100.63680088900273
210.08597283265416,-22.830169060283133,3.173038311326323,-16.96709371375167,-11.527265115137522,100.48493353499204
210.09859528781945,-22.828949905680613,3.1723630485965635,-16.974293627927842,-11.529798158471797,100.33277866288033
210.11122454371292,-22.827738262401247,3.171689484679622,-16.981492051335966,-11.532330571711505,100.18033600920847
210.12386060552882,-22.826534133338924,3.171017621518085,-16.98868897956404,-11.534862353257946,100.02760531051736
210.13650347846362,-22.825337521386334,3.1703474610545377,-16.995884408200173,-11.537393501512474,99.87458630334783
210.1491531677159,-22.824148429434906,3.169679005231566,-17.003078332832523,-11.53992401487649,99.72127872424076
210.16180967848624,-22.822966860374894,3.1690122559917557,-17.010270749049322,-11.542453891751396,99.5676823097371
210.1744730159775,-22.82179281709529,3.1683472152776933,-17.017461652438865,-11.544983130538654,99.41379679637748
210.1871431853946,-22.820626302483856,3.167683885031963,-17.024651038589514,-11.547511729639766,99.2596219207029
210.19982019194453,-22.819467319427137,3.1670222671971504,-17.031838903089724,-11.550039687456282,99.10515741925425
210.21250404083642,-22.818315870810448,3.166362363715843,-17.03902524152797,-11.552567002389779,98.95040302857235
210.22519473728156,-22.817171959517854,3.165704176530626,-17.046210049492828,-11.555093672841899,98.7953584851981
210.23789228649335,-22.816035588432214,3.165047707584085,-17.05339332257292,-11.55761969721432,98.64002352567239
210.25059669368738,-22.814906760435154,3.164392958818803,-17.06057505635695,-11.560145073908792,98.48439788653589
210.26330796408132,-22.813785478407034,3.1637399321773687,-17.067755246433666,-11.562669801327106,98.32848130432949
210.27602610289486,-22.812671745227,3.16308862960237,-17.074933888391875,-11.565193877871092,98.17227351559447
210.28875111535012,-22.811565563772966,3.1624390530363873,-17.08211097782047,-11.567717301942677,98.01577425687117
210.3014830066711,-22.810466936921593,3.1617912044220096,-17.089286510308387,-11.570240071943825,97.85898326470054
210.31422178208408,-22.80937586754833,3.161145085701821,-17.096460481444616,-11.572762186276567,97.70190027562364
210.32696744681738,-22.808292358527353,3.1605006988184092,-17.103632886818225,-11.575283643343003,97.54452502618122
210.3397200061016,-22.807216412731638,3.1598580457143584,-17.110803722018325,-11.57780444154529,97.38685725291431
210.35247946516944,-22.806148033032883,3.1592171283322537,-17.11797298263408,-11.580324579285671,97.22889669236352
210.3652458292557,-22.80508722230155,3.158577948614684,-17.125140664254722,-11.582844054966454,97.07064308106972
210.37801910359744,-22.804033983406896,3.1579405085042302,-17.132306762469543,-11.585362866990021,96.91209615557393
210.39079929343376,-22.802988319216883,3.1573048099434824,-17.13947127286787,-11.587881013758835,96.75325565241698
210.403586404006,-22.801950232598248,3.156670854875024,-17.146634191039105,-11.590398493675433,96.5941213081397
210.4163804405577,-22.800919726416506,3.156038645241442,-17.15379551257268,-11.592915305142434,96.43469285928288
210.42918140833453,-22.7998968035359,3.155408182985321,-17.16095523305811,-11.595431446562547,96.27497004238747
210.44198931258427,-22.798881466819417,3.154779470049247,-17.168113348084937,-11.597946916338568,96.11495259399423
210.45480415855693,-22.797873719128813,3.154152508375806,-17.175269853242757,-11.600461712873368,95.95464025064413
210.46762595150471,-22.796873563324596,3.1535272999075836,-17.182424744121228,-11.602975834569927,95.79403274887802
210.48045469668202,-22.795881002266018,3.152903846587165,-17.189578016310048,-11.605489279831303,95.63312982523678
210.4932903993453,-22.79489603881108,3.152282150357138,-17.196729665398955,-11.608002047060658,95.47193121626117
210.50613306475336,-22.793918675816517,3.1516622131600847,-17.20387968697775,-11.610514134661244,95.31043665849212
210.51898269816706,-22.79294891613784,3.151044036938594,-17.21102807663629,-11.613025541036432,95.14864588847054
210.53183930484957,-22.791986762629268,3.15042762363525,-17.21817482996443,-11.615536264589672,94.98655864273714
210.54470289006616,-22.791032218143805,3.1498129751926385,-17.225319942552137,-11.61804630372454,94.82417465783278
210.5575734590843,-22.790085285533166,3.1492000935533464,-17.232463409989357,-11.620555656844688,94.66149367029851
210.57045101717367,-22.789145967647833,3.148588980659958,-17.239605227866136,-11.623064322353917,94.49851541667513
210.5833355696062,-22.788214267336997,3.1479796384550607,-17.24674539177252,-11.62557229865611,94.33523963350345
210.59622712165594,-22.787290187448633,3.1473720688812383,-17.253883897298625,-11.62807958415528,94.17166605732436
210.60912567859924,-22.786373730829418,3.1467662738810773,-17.261020740034596,-11.630586177255552,94.0077944246785
210.62203124571454,-22.785464900324783,3.1461622553971633,-17.268155915570613,-11.633092076361164,93.84362447210708
210.6349438282826,-22.784563698778893,3.145560015372083,-17.2752894194969,-11.635597279876489,93.67915593615088
210.6478634315863,-22.783670129034665,3.1449595557484207,-17.282421247403725,-11.638101786206,93.51438855335057
210.66079006091087,-22.782784193933722,3.1443608784687624,-17.289551394881382,-11.640605593754326,93.34932206024715
210.67372372154364,-22.781905896316445,3.1437639854756956,-17.29667985752023,-11.643108700926199,93.18395619338136
210.68666441877414,-22.781035239021936,3.143168878711802,-17.303806630910618,-11.645611106126495,93.0182906892944
210.69961215789422,-22.78017222488804,3.1425755601196723,-17.31093171064297,-11.648112807760214,92.85232528452678
210.71256694419796,-22.779316856751336,3.1419840316418886,-17.318055092307727,-11.650613804232506,92.68605971561945
210.72552878298157,-22.7784691374471,3.1413942952210383,-17.32517677149537,-11.653114093948641,92.51949371911331
210.73849767954357,-22.77762906980938,3.140806352799706,-17.33229674379641,-11.655613675314049,92.35262703154916
210.7514736391847,-22.77679665667093,3.1402202063204783,-17.339415004801374,-11.65811254673427,92.18545938946801
210.76445666720792,-22.775971900863233,3.1396358577259407,-17.346531550100867,-11.660610706615032,92.01799052941047
210.7774467689185,-22.7751548052165,3.1390533089586796,-17.353646375285454,-11.66310815336217,91.85022018791761
210.79044394962384,-22.774345372559672,3.13847256196128,-17.360759475945787,-11.665604885381692,91.68214810153029
210.80344821463365,-22.7735436057204,3.1378936186763267,-17.367870847672542,-11.668100901079761,91.51377400678918
210.81645956925985,-22.772749507525077,3.137316481046406,-17.374980486056394,-11.670596198862684,91.34509764023545
210.82947801881676,-22.77196308079881,3.1367411510141046,-17.38208838668806,-11.673090777136913,91.17611873840956
210.84250356862074,-22.771184328365404,3.1361676305220083,-17.389194545158276,-11.675584634309077,91.00683703785266
210.85553622399055,-22.770413253047426,3.1355959215127007,-17.396298957057834,-11.678077768785977,90.8372522751056
210.86857599024717,-22.76964985766614,3.1350260259287697,-17.403401617977504,-11.680570178974538,90.66736418670916
210.88162287271382,-22.76889414504151,3.1344579457128003,-17.4105025235081,-11.68306186328189,90.49717250920423
210.894676876716,-22.768146117992252,3.133891682807378,-17.41760166924049,-11.685552820115324,90.32667697913165
210.90773800758154,-22.767405779335775,3.133327239155088,-17.42469905076551,-11.688043047882287,90.1558773330323
210.92080627064047,-22.7666731318882,3.1327646166985175,-17.431794663674047,-11.690532544990413,89.98477330744697
210.9338816712251,-22.765948178464377,3.1322038173802516,-17.43888850355701,-11.693021309847502,89.81336463891661
