galstreams/tracks/track.st.AAU-AliqaUma.li2021.ecsv
# %ECSV 0.9
# ---
# datatype:
# - {name: ra, unit: deg, datatype: float64}
# - {name: dec, unit: deg, datatype: float64}
# - {name: distance, unit: kpc, datatype: float64}
# - {name: pm_ra_cosdec, unit: mas / yr, datatype: float64}
# - {name: pm_dec, unit: mas / yr, datatype: float64}
# - {name: radial_velocity, unit: km / s, datatype: float64}
# delimiter: ','
# meta: !!omap
# - __serialized_columns__:
#     dec:
#       __class__: astropy.coordinates.angles.Latitude
#       unit: &id001 !astropy.units.Unit {unit: deg}
#       value: !astropy.table.SerializedColumn {name: dec}
#     distance:
#       __class__: astropy.coordinates.distances.Distance
#       unit: !astropy.units.Unit {unit: kpc}
#       value: !astropy.table.SerializedColumn {name: distance}
#     pm_dec:
#       __class__: astropy.units.quantity.Quantity
#       unit: !astropy.units.Unit {unit: mas / yr}
#       value: !astropy.table.SerializedColumn {name: pm_dec}
#     pm_ra_cosdec:
#       __class__: astropy.units.quantity.Quantity
#       unit: !astropy.units.Unit {unit: mas / yr}
#       value: !astropy.table.SerializedColumn {name: pm_ra_cosdec}
#     ra:
#       __class__: astropy.coordinates.angles.Longitude
#       unit: *id001
#       value: !astropy.table.SerializedColumn {name: ra}
#       wrap_angle: !astropy.coordinates.Angle
#         unit: *id001
#         value: 360.0
#     radial_velocity:
#       __class__: astropy.units.quantity.Quantity
#       unit: !astropy.units.Unit {unit: km / s}
#       value: !astropy.table.SerializedColumn {name: radial_velocity}
# schema: astropy-2.0
ra,dec,distance,pm_ra_cosdec,pm_dec,radial_velocity
[from data line 696]
38.19434722378727,-36.98796593315698,29.25193070777327,0.22113021648376766,-0.5918441903593399,-15.520232734329598
38.20480168120869,-36.99388910276845,29.257947565213932,0.22113764928374788,-0.5915152965616657,-15.45935069435856
38.21525724807443,-36.99981229484064,29.263966672136593,0.2211448892977107,-0.5911862732211135,-15.398458703216141
38.22571392492912,-37.005735509216215,29.269988028541263,0.22115193646780398,-0.5908571203910297,-15.337556760902403
38.23617171231763,-37.011658745737826,29.27601163442793,0.22115879073616757,-0.5905278381247938,-15.276644867417314
38.24663061078498,-37.017582004248005,29.282037489796608,0.22116545204493243,-0.5901984264758169,-15.215723022760868
38.25709062087632,-37.023505284589234,29.288065594647286,0.22117192033622005,-0.5898688854975425,-15.154791226933037
38.267551743136956,-37.02942858660388,29.29409594897997,0.22117819555214316,-0.5895392152434455,-15.093849479933892
38.27801397811237,-37.03535191013425,29.300128552794654,0.22118427763480664,-0.5892094157670338,-15.032897781763344
38.28847732634815,-37.0412752550226,29.306163406091347,0.22119016652630513,-0.5888794871218468,-14.971936132421492
38.29894178839012,-37.047198621111036,29.312200508870042,0.22119586216872564,-0.5885494293614564,-14.910964531908267
38.30940736478419,-37.053122008241694,29.318239861130735,0.22120136450414557,-0.5882192425394667,-14.849982980223668
38.31987405607643,-37.059045416256524,29.32428146287344,0.22120667347463357,-0.5878889267095135,-14.788991477367755
38.33034186281311,-37.06496884499746,29.330325314098147,0.22121178902224986,-0.5875584819252655,-14.727990023340435
38.34081078554062,-37.07089229430633,29.336371414804855,0.22121671108904548,-0.587227908240423,-14.666978618141782
38.3512808248055,-37.0768157640249,29.342419764993572,0.22122143961706275,-0.5868972057087192,-14.605957261771797
38.36175198115446,-37.08273925399485,29.348470364664287,0.22122597454833504,-0.5865663743839191,-14.544925954230424
38.37222425513438,-37.08866276405779,29.354523213817004,0.22123031582488706,-0.5862354143198201,-14.48388469551769
38.38269764729225,-37.094586294055205,29.36057831245173,0.22123446338873443,-0.5859043255702517,-14.422833485633616
38.39317215817527,-37.10050984382859,29.366635660568456,0.22123841718188442,-0.585573108189076,-14.361772324578181
38.40364778833075,-37.106433413219264,29.37269525816719,0.22124217714633487,-0.5852417622301874,-14.300701212351404
38.414124538306176,-37.11235700206854,29.378757105247928,0.22124574322407556,-0.5849102877475126,-14.239620148953263
38.4246024086492,-37.118280610217624,29.38482120181066,0.22124911535708694,-0.5845786847950107,-14.17852913438377
38.43508139990758,-37.12420423750763,29.390887547855403,0.2212522934873403,-0.5842469534266729,-14.117428168642912
38.445561512629304,-37.130127883779615,29.396956143382155,0.22125527755679872,-0.5839150936965232,-14.056317251730727
38.45604274736245,-37.13605154887454,29.403026988390906,0.2212580675074165,-0.583583105658618,-13.995196383647178
38.466525104655304,-37.141975232633314,29.409100082881658,0.2212606632811388,-0.5832509893670459,-13.93406556439224
38.47700858505626,-37.14789893489672,29.415175426854418,0.22126306481990188,-0.5829187448759278,-13.872924793965987
38.4874931891139,-37.15382265550552,29.421253020309177,0.22126527206563373,-0.5825863722394178,-13.811774072368333
38.497978917376926,-37.15974639430032,29.427332863245947,0.2212672849602527,-0.5822538715117014,-13.750613399599393
38.50846577039427,-37.16567015112175,29.433414955664713,0.22126910344566944,-0.581921242746998,-13.689442775659023
38.518953748714914,-37.17159392581026,29.43949929756549,0.2212707274637846,-0.5815884859995579,-13.628262200547342
38.52944285288809,-37.17751771820627,29.445585888948266,0.22127215695649113,-0.5812556013236655,-13.567071674264305
38.53993308346313,-37.183441528150134,29.451674729813043,0.22127339186567252,-0.5809225887736367,-13.50587119680988
38.55042444098955,-37.18936535548209,29.457765820159832,0.22127443213320339,-0.5805894484038205,-13.44466076818414
38.560916926017,-37.19528920004231,29.463859159988623,0.22127527770094976,-0.5802561802685982,-13.383440388387019
38.57141053909532,-37.201213061670906,29.46995474929941,0.22127592851076927,-0.5799227844223838,-13.322210057418557
38.581905280774464,-37.20713694020787,29.476052588092205,0.22127638450451037,-0.5795892609196243,-13.260969775278728
38.59240115160454,-37.21306083549315,29.48215267636701,0.22127664562401242,-0.5792556098147984,-13.19971954196756
38.60289815213588,-37.21898474736661,29.488255014123805,0.22127671181110653,-0.5789218311624187,-13.138459357485015
38.61339628291889,-37.224908675668004,29.494359601362618,0.2212765830076144,-0.5785879250170296,-13.077189221831134
38.62389554450417,-37.23083262023705,29.500466438083432,0.22127625915535004,-0.5782538914332087,-13.015909135005902
38.63439593744249,-37.236756580913344,29.506575524286248,0.22127574019611754,-0.5779197304655656,-12.954619097009301
38.64489746228475,-37.242680557536445,29.51268685997107,0.22127502607171268,-0.5775854421687436,-12.893319107841327
38.65540011958202,-37.24860454994578,29.518800445137888,0.2212741167239229,-0.5772510265974181,-12.832009167502044
38.66590390988553,-37.254528557980755,29.524916279786716,0.22127301209452585,-0.5769164838062975,-12.770689275991367
38.67640883374662,-37.26045258148064,29.531034363917545,0.22127171212529104,-0.5765818138501227,-12.709359433309347
38.686914891716874,-37.26637662028467,29.537154697530383,0.2212702167579795,-0.5762470167836682,-12.648019639455978
38.69742208434795,-37.272300674231964,29.543277280625215,0.2212685259343431,-0.5759120926617405,-12.586669894431253
38.70793041219171,-37.278224743161594,29.54940211320206,0.22126663959612472,-0.575577041539179,-12.525310198235198
38.71843987580016,-37.28414882691252,29.555529195260906,0.22126455768505882,-0.5752418634708563,-12.463940550867726
38.72895047572545,-37.290072925323635,29.561658526801757,0.2212622801428712,-0.574906558511678,-12.402560952328967
38.739462212519896,-37.29599703823377,29.567790107824614,0.22125980691127844,-0.5745711267165821,-12.341171402618789
38.74997508673598,-37.30192116548164,29.573923938329468,0.22125713793198878,-0.57423556814054,-12.279771901737318
38.760489098926335,-37.307845306905904,29.580060018316328,0.22125427314670157,-0.5738998828385559,-12.218362449684458
38.77100424964375,-37.31376946234516,29.586198347785192,0.22125121249710739,-0.5735640708656666,-12.156943046460224
38.781520539441146,-37.31969363163784,29.592338926736065,0.221247955924888,-0.5732281322769421,-12.095513692064703
38.792037968871654,-37.32561781462241,29.598481755168933,0.22124450337171658,-0.5728920671274857,-12.034074386497759
38.80255653848852,-37.33154201113719,29.604626833083802,0.2212408547792575,-0.5725558754724333,-11.972625129759503
38.813076248845135,-37.33746622102041,29.610774160480688,0.2212370100891662,-0.5722195573669538,-11.911165921849884
38.8235971004951,-37.343390444110256,29.616923737359574,0.22123296924308966,-0.5718831128662494,-11.849696762768863
38.83411909399213,-37.34931468024481,29.623075563720462,0.22122873218266592,-0.5715465420255554,-11.788217652516531
38.844642229890106,-37.35523892926208,29.629229639563356,0.22122429884952421,-0.5712098449001399,-11.726728591092831
38.855166508743096,-37.36116319099999,29.635385964888247,0.22121966918528546,-0.5708730215453042,-11.665229578497797
38.865691931105275,-37.36708746529639,29.641544539695143,0.22121484313156145,-0.5705360720163829,-11.603720614731403
38.876218497530985,-37.37301175198906,29.647705363984052,0.22120982062995515,-0.5701989963687433,-11.54220169979363
38.88674620857477,-37.378936050915655,29.653868437754948,0.22120460162206115,-0.5698617946577865,-11.480672833684523
38.897275064791295,-37.38486036191378,29.660033761007863,0.22119918604946526,-0.5695244669389459,-11.419134016404069
38.90780506673538,-37.39078468482098,29.66620133374278,0.2211935738537441,-0.5691870132676886,-11.357585247952246
38.918336214962004,-37.39670901947468,29.6723711559597,0.22118776497646625,-0.5688494336995156,-11.29602652832907
38.92886851002633,-37.40263336571224,29.678543227658622,0.2211817593591909,-0.5685117282899597,-11.234457857534553
38.939401952483614,-37.40855772337093,29.684717548839547,0.22117555694346921,-0.5681738970945879,-11.172879235568665
38.949936542889375,-37.41448209228797,29.690894119502474,0.22116915767084316,-0.567835940169,-11.111290662431415
38.96047228179918,-37.42040647230045,29.69707293964741,0.22116256148284572,-0.5674978575688293,-11.049692138122852
38.97100916976882,-37.42633086324541,29.703254009274346,0.2211557683210021,-0.5671596493497426,-10.98808366264289
38.98154720735421,-37.43225526495982,29.709437328383288,0.22114877812682787,-0.5668213155674396,-10.926465235991579
38.99208639511146,-37.43817967728052,29.715622896974235,0.22114159084183038,-0.5664828562776536,-10.864836858168946
39.0026267335968,-37.44410410004434,29.721810715047177,0.22113420640750833,-0.5661442715361513,-10.803198529174923
39.01316822336663,-37.45002853308796,29.728000782602138,0.221126624765351,-0.5658055613987322,-10.74155024900956
39.02371086497751,-37.45595297624799,29.734193099639093,0.22111884585683994,-0.5654667259212298,-10.679892017672854
39.034254658986164,-37.46187742936103,29.740387666158043,0.2211108696234475,-0.565127765159511,-10.618223835164743
39.04479960594947,-37.46780189226347,29.746584482159008,0.2211026960066373,-0.5647886791694756,-10.556545701485334
39.05534570642443,-37.473726364791744,29.752783547641982,0.22109432494786416,-0.5644494680070575,-10.494857616634572
39.0658929609683,-37.47965084678216,29.75898486260695,0.2210857563885747,-0.5641101317282236,-10.433159580612406
39.07644137013836,-37.48557533807089,29.765188427053925,0.22107699027020633,-0.5637706703889742,-10.371451593418932
39.08699093449214,-37.49149983849409,29.771394240982907,0.22106802653418794,-0.5634310840453436,-10.30973365505409
39.09754165458733,-37.497424347887815,29.77760230439389,0.22105886512194012,-0.563091372753399,-10.24800576551791
39.10809353098172,-37.503348866088054,29.783812617286873,0.221049505974874,-0.562751536569242,-10.18626792481032
39.118646564233316,-37.50927339293067,29.79002517966187,0.2210399490343926,-0.5624115755490067,-10.12452013293143
39.12920075490023,-37.51519792825148,29.79623999151886,0.2210301942418902,-0.5620714897488617,-10.062762389881186
39.139756103540776,-37.521122471886216,29.802457052857864,0.22102024153875185,-0.5617312792250081,-10.000994695659564
39.15031261071341,-37.52704702367052,29.808676363678863,0.22101009086635495,-0.5613909440336818,-9.939217050266596
39.16087027697674,-37.532971583439945,29.81489792398186,0.22099974216606752,-0.5610504842311518,-9.877429453702257
39.17142910288953,-37.53889615102997,29.821121733766876,0.2209891953792486,-0.5607098998737203,-9.815631905966594
39.18198908901072,-37.544820726275994,29.827347793033894,0.22097845044724918,-0.560369191017724,-9.753824407059561
39.192550235899404,-37.550745309013344,29.83357610178291,0.22096750731141174,-0.5600283577195325,-9.692006956981167
39.2031125441148,-37.556669899077235,29.839806660013927,0.22095636591306936,-0.55968740003555,-9.630179555731443
39.21367601421635,-37.562594496302815,29.84603946772696,0.22094502619354686,-0.5593463180222132,-9.568342203310342
39.22424064676359,-37.568519100525165,29.852274524921985,0.22093348809416047,-0.5590051117359937,-9.506494899717898
39.234806442316255,-37.57444371157927,29.858511831599017,0.22092175155621765,-0.5586637812333964,-9.444637644954081
39.24537340143422,-37.58036832930001,29.86475138775805,0.22090981652101724,-0.5583223265709596,-9.382770439018943
39.25594152467752,-37.58629295352224,29.870993193399094,0.22089768292984904,-0.5579807478052558,-9.320893281912413
39.26651081260636,-37.59221758408066,29.877237248522135,0.22088535072399518,-0.5576390449928916,-9.259006173634566
39.2770812657811,-37.59814222080995,29.883483553127185,0.22087281984472815,-0.5572972181905065,-9.197109114185345
39.28765288476223,-37.604066863544666,29.889732107214236,0.22086009023331185,-0.5569552674547751,-9.135202103564774
39.298225670110455,-37.6099915121193,29.89598291078329,0.2208471618310023,-0.5566131928424042,-9.07328514177285
39.3087996223866,-37.61591616636827,29.90223596383435,0.2208340345790464,-0.5562709944101363,-9.011358228809575
39.319374742151645,-37.62184082612588,29.908491266367417,0.22082070841868193,-0.5559286722147465,-8.949421364674935
39.329951029966715,-37.62776549122639,29.914748818382485,0.22080718329113885,-0.5555862263130449,-8.887474549368976
39.340528486393175,-37.63369016150395,29.92100861987956,0.22079345913763818,-0.555243656761874,-8.8255177828916
39.35110711199246,-37.63961483679262,29.92727067085863,0.2207795358993922,-0.554900963618112,-8.76355106524293
39.361686907326195,-37.64553951692639,29.933534971319713,0.22076541351760454,-0.5545581469386697,-8.701574396422846
39.37226787295618,-37.651464201739195,29.93980152126279,0.22075109193347037,-0.554215206780493,-8.63958777643148
39.382850009444354,-37.65738889106484,29.946070320687877,0.22073657108817618,-0.5538721432005604,-8.577591205268696
39.3934333173528,-37.663313584737075,29.95234136959497,0.22072185092289956,-0.5535289562558862,-8.515584682934584
39.40401779724381,-37.66923828258953,29.95861466798407,0.22070693137880978,-0.5531856460035169,-8.45356820942914
39.41460344967979,-37.67516298445583,29.96489021585516,0.22069181239706767,-0.5528422125005352,-8.391541784752329
39.42519027522333,-37.68108769016943,29.97116801320826,0.22067649391882485,-0.5524986558040557,-8.329505408904136
39.43577827443715,-37.68701239956375,29.97744806004337,0.2206609758852249,-0.5521549759712285,-8.267459081884645
39.446367447884185,-37.6929371124721,29.983730356360482,0.2206452582374024,-0.5518111730592373,-8.20540280369375
39.45695779612747,-37.69886182872775,29.990014902159587,0.22062934091648354,-0.5514672471253005,-8.143336574331524
39.467549319730225,-37.70478654816384,29.996301697440707,0.22061322386358567,-0.5511231982266696,-8.081260393797933
39.47814201925581,-37.71071127061343,30.002590742203825,0.22059690701981774,-0.5507790264206315,-8.019174262093005
39.48873589526781,-37.716635995909535,30.00888203644895,0.2205803903262802,-0.5504347317645062,-7.957078179216698
39.49933094832989,-37.72256072388506,30.015175580176074,0.22056367372406463,-0.550090314315649,-7.894972145169056
39.5099271790059,-37.728485454372816,30.02147137338521,0.22054675715425393,-0.5497457741314483,-7.8328561599500635
39.52052458785986,-37.734410187205555,30.027769416076346,0.22052964055792265,-0.549401111269328,-7.770730223559706
39.53112317545597,-37.74033492221593,30.034069708249493,0.22051232387613678,-0.5490563257867451,-7.708594335998005
39.54172294235852,-37.746259659236486,30.04037224990463,0.2204948070499535,-0.5487114177411916,-7.6464484972649815
39.55232388913204,-37.75218439809975,30.04667704104178,0.22047709002042157,-0.5483663871901935,-7.5842927073605395
39.56292601634117,-37.75810913863811,30.052984081660934,0.220459172728581,-0.5480212341913115,-7.522126966284787
39.57352932455074,-37.76403388068389,30.059293371762084,0.22044105511546347,-0.5476759588021405,-7.459951274037633
39.5841338143257,-37.769958624069325,30.065604911345243,0.22042273712209168,-0.5473305610803095,-7.397765630619198
39.5947394862312,-37.77588336862655,30.071918700410414,0.22040421868947985,-0.5469850410834817,-7.3355700360293525
39.60534634083253,-37.78180811418766,30.078234738957573,0.22038549975863442,-0.5466393988693559,-7.273364490268193
39.615954378695136,-37.78773286058463,30.08455302698675,0.2203665802705519,-0.5462936344956638,-7.211148993335632
39.62656360038464,-37.793657607649344,30.09087356449792,0.22034746016622123,-0.5459477480201731,-7.1489235452317645
39.63717400646683,-37.799582355213644,30.097196351491103,0.22032813938662227,-0.545601739500684,-7.08668814595652
