galstreams/tracks/track.st.Cetus-Palca.yuan2021.ecsv
# %ECSV 0.9
# ---
# datatype:
# - {name: ra, unit: deg, datatype: float64}
# - {name: dec, unit: deg, datatype: float64}
# - {name: distance, unit: kpc, datatype: float64}
# - {name: pm_ra_cosdec, unit: mas / yr, datatype: float64}
# - {name: pm_dec, unit: mas / yr, datatype: float64}
# - {name: radial_velocity, unit: km / s, datatype: float64}
# delimiter: ','
# meta: !!omap
# - __serialized_columns__:
#     dec:
#       __class__: astropy.coordinates.angles.Latitude
#       unit: &id001 !astropy.units.Unit {unit: deg}
#       value: !astropy.table.SerializedColumn {name: dec}
#     distance:
#       __class__: astropy.coordinates.distances.Distance
#       unit: !astropy.units.Unit {unit: kpc}
#       value: !astropy.table.SerializedColumn {name: distance}
#     pm_dec:
#       __class__: astropy.units.quantity.Quantity
#       unit: !astropy.units.Unit {unit: mas / yr}
#       value: !astropy.table.SerializedColumn {name: pm_dec}
#     pm_ra_cosdec:
#       __class__: astropy.units.quantity.Quantity
#       unit: !astropy.units.Unit {unit: mas / yr}
#       value: !astropy.table.SerializedColumn {name: pm_ra_cosdec}
#     ra:
#       __class__: astropy.coordinates.angles.Longitude
#       unit: *id001
#       value: !astropy.table.SerializedColumn {name: ra}
#       wrap_angle: !astropy.coordinates.Angle
#         unit: *id001
#         value: 360.0
#     radial_velocity:
#       __class__: astropy.units.quantity.Quantity
#       unit: !astropy.units.Unit {unit: km / s}
#       value: !astropy.table.SerializedColumn {name: radial_velocity}
# schema: astropy-2.0
ra,dec,distance,pm_ra_cosdec,pm_dec,radial_velocity
[from data line 8297]
28.961005043779416,-44.24162315095624,35.99514805073352,1.048786636068849,-0.1142787928547862,-6.315575347404254e-14
28.962413928194103,-44.25319920545419,35.99134979619635,1.0489795406192495,-0.11388881461189357,-3.5788260301957434e-14
28.96382262977226,-44.26477542708946,35.987549677909804,1.0491724572691439,-0.1134987146978857,-3.789345208442552e-14
28.965231148775555,-44.27635181577168,35.983747697198694,1.0493653859525023,-0.11310849320774169,-2.5262301389617013e-14
28.966639485466754,-44.287928371410345,35.979943855389465,1.0495583266032553,-0.11271815023651438,-3.789345208442552e-14
28.968047640109635,-44.299505093914725,35.97613815381019,1.0497512791553019,-0.11232768587932779,-3.9998643866893604e-14
28.969455612968908,-44.31108198319363,35.97233059379058,1.0499442435425013,-0.11193710023137847,-5.2629794561702114e-14
28.970863404310414,-44.3226590391559,35.96852117666197,1.0501372196986782,-0.111546393387935,0.0
28.972271014400874,-44.33423626170982,35.964709903757345,1.0503302075576202,-0.11115556544433963,-4.631421921429786e-14
28.973678443508167,-44.34581365076365,35.96089677641128,1.05052320705308,-0.11076461649600497,-2.315710960714893e-14
28.975085691901118,-44.357391206225365,35.95708179596005,1.0507162181187726,-0.11037354663841564,-2.315710960714893e-14
28.976492759849588,-44.36896892800257,35.95326496374149,1.050909240688378,-0.1099823559671299,-4.73668151055319e-14
28.97789964762444,-44.38054681600265,35.949446281095135,1.0511022746955374,-0.1095910445777778,-5.4734986344170195e-14
28.979306355497602,-44.392124870132776,35.94562574936211,1.0512953200738586,-0.10919961256606092,-4.315643154059573e-14
28.98071288374203,-44.40370309029991,35.941803369885214,1.0514883767569114,-0.10880806002775231,-6.420834936527658e-14
28.98211923263167,-44.41528147641062,35.93797914400882,1.0516814446782292,-0.10841638705869802,-3.157787673702127e-14
28.98352540244155,-44.42686002837137,35.934153073079045,1.0518745237713079,-0.10802459375481659,-5.2629794561702114e-14
28.984931393447653,-44.43843874608818,35.930325158443516,1.05206761396961,-0.10763268021209677,-2.7367493172085098e-14
28.986337205927065,-44.45001762946699,35.92649540145158,1.0522607152065575,-0.10724064652660087,-4.5261623323063815e-14
28.98774284015793,-44.46159667841347,35.92266380345421,1.052453827415538,-0.10684849279446185,-2.8420089063319142e-14
28.989148296419323,-44.47317589283286,35.91883036580402,1.0526469505299025,-0.10645621911188641,-5.0524602779234026e-14
28.99055357499146,-44.48475527263039,35.914995089855225,1.0528400844829648,-0.10606382557515065,-5.0524602779234026e-14
28.991958676155523,-44.496334817710775,35.91115797696373,1.053033229208001,-0.10567131228060458,-6.73661370389787e-14
28.993363600193796,-44.507914527978656,35.90731902848704,1.0532263846382524,-0.1052786793246692,-2.5262301389617013e-14
28.9947683473896,-44.51949440333843,35.90347824578434,1.0534195507069217,-0.10488592680383635,-2.6314897280851057e-14
28.996172918027238,-44.53107444369408,35.899635630216416,1.0536127273471765,-0.10449305481467155,-3.4735664410723393e-14
28.997577312392103,-44.54265464894941,35.89579118314575,1.0538059144921452,-0.10410006345381094,-2.5262301389617013e-14
28.998981530770653,-44.55423501900798,35.89194490593639,1.053999112074921,-0.10370695281796308,-3.263047262825531e-14
29.0003855734504,-44.56581555377318,35.88809679995411,1.05419232002856,-0.10331372300390587,-3.4735664410723393e-14
29.001789440719833,-44.57739625314791,35.88424686656626,1.054385538286081,-0.1029203741084922,-5.0524602779234026e-14
29.003193132868603,-44.588977117035064,35.880395107141894,1.054578766780465,-0.10252690622864424,-4.73668151055319e-14
29.00459665018731,-44.600558145337054,35.87654152305165,1.054772005444657,-0.10213331946135723,-4.105123975812765e-14
29.00599999296768,-44.61213933795618,35.87268611566784,1.0549652542115653,-0.10173961390369629,-4.315643154059573e-14
29.0074031615025,-44.623720694794514,35.868828886364454,1.0551585130140586,-0.10134578965279936,-5.2629794561702114e-14
29.008806156085544,-44.6353022157537,35.864969836517076,1.0553517817849707,-0.10095184680587635,-3.4735664410723393e-14
29.010208977011747,-44.64688390073529,35.861108967502965,1.055545060457098,-0.10055778546020624,-3.157787673702127e-14
29.011611624576997,-44.65846574964041,35.857246280701006,1.0557383489631986,-0.10016360571314235,-3.5788260301957434e-14
29.01301409907837,-44.67004776237015,35.85338177749176,1.0559316472359939,-0.09976930766210769,-2.5262301389617013e-14
29.01441640081388,-44.68162993882508,35.84951545925744,1.0561249552081673,-0.09937489140459783,-4.210383564936169e-14
29.01581853008272,-44.693212278905754,35.84564732738186,1.056318272812366,-0.09898035703817726,-1.7894130150978717e-14
29.017220487185046,-44.70479478251225,35.84177738325054,1.0565115999811985,-0.09858570466048547,-5.4734986344170195e-14
29.018622272422192,-44.716377449544545,35.83790562825059,1.0567049366472367,-0.09819093436923057,-5.894536990910637e-14
29.020023886096514,-44.727960279902334,35.83403206377085,1.0568982827430144,-0.0977960462621919,-5.3682390452936155e-14
29.021425328511416,-44.73954327348491,35.83015669120174,1.0570916382010282,-0.09740104043722178,-3.5788260301957434e-14
29.022826599971424,-44.751126430191555,35.826279511935375,1.0572850029537366,-0.09700591699224248,-5.3682390452936155e-14
29.024227700782095,-44.76270974992099,35.82240052736549,1.0574783769335614,-0.09661067602524856,-4.73668151055319e-14
29.025628631250118,-44.774293232571935,35.8185197388875,1.057671760072886,-0.09621531763430374,-5.894536990910637e-14
29.027029391683225,-44.78587687804272,35.81463714789846,1.0578651523040556,-0.09581984191754477,-4.4209027431829774e-14
29.02842998239025,-44.797460686231425,35.810752755797076,1.058058553559379,-0.09542424897317872,-5.2629794561702114e-14
29.029830403681085,-44.80904465703587,35.806866563983725,1.0582519637711263,-0.0950285388994842,-2.8420089063319142e-14
29.031230655866747,-44.82062879035366,35.80297857386042,1.0584453828715294,-0.09463271179480993,-2.1051917824680845e-15
29.03263073925929,-44.83221308608207,35.79908878683083,1.0586388107927838,-0.09423676775757683,-4.9472006887999985e-14
29.034030654171914,-44.84379754411814,35.79519720430031,1.0588322474670446,-0.09384070688627622,-5.2629794561702114e-14
29.03543040091887,-44.85538216435869,35.79130382767581,1.0590256928264323,-0.09344452927946947,-3.789345208442552e-14
29.03682997981551,-44.86696694670022,35.78740865836602,1.059219146803026,-0.0930482350357905,-3.8946047975659563e-14
29.038229391178284,-44.87855189103896,35.7835116977812,1.0594126093288694,-0.09265182425394332,-1.7894130150978717e-14
29.039628635324735,-44.890136997270936,35.779612947333355,1.0596060803359653,-0.09225529703270373,-4.73668151055319e-14
29.041027712573516,-44.90172226529187,35.77571240843607,1.0597995597562822,-0.0918586534709155,-2.6314897280851057e-14
29.04242662324434,-44.91330769499723,35.771810082504636,1.0599930475217467,-0.09146189366749702,-3.8946047975659563e-14
29.04382536765808,-44.92489328628221,35.76790597095601,1.0601865435642492,-0.09106501772143524,-3.0525280845787224e-14
29.04522394613666,-44.936479039041764,35.764000075208756,1.060380047815641,-0.0906680257317877,-6.315575347404254e-14
29.046622359003145,-44.94806495317058,35.76009239668316,1.0605735602077366,-0.09027091779768343,-2.2104513715914887e-14
29.04802060658167,-44.959651028563066,35.75618293680113,1.0607670806723106,-0.08987369401832238,-3.684085619319148e-14
29.049418689197505,-44.97123726511334,35.752271696986256,1.060960609141099,-0.08947635449297475,-2.6314897280851057e-14
29.050816607177023,-44.98282366271532,35.74835867866378,1.0611541455458007,-0.08907889932098062,-2.8420089063319142e-14
29.052214360847707,-44.994410221262626,35.744443883260615,1.061347689818075,-0.08868132860175174,-3.157787673702127e-14
29.05361195053814,-45.00599694064861,35.74052731220532,1.0615412418895438,-0.08828364243477012,-4.105123975812765e-14
29.055009376578038,-45.01758382076635,35.736608966928145,1.0617348016917891,-0.08788584091958863,-5.999796580034041e-14
29.05640663929823,-45.0291708615087,35.73268884886099,1.0619283691563552,-0.08748792415582912,-5.0524602779234026e-14
29.057803739030664,-45.04075806276821,35.7287669594374,1.0621219442147483,-0.0870898922431858,-2.7367493172085098e-14
29.059200676108382,-45.05234542443718,35.724843300092644,1.0623155267984343,-0.08669174528142284,-4.8419410996765944e-14
29.060597450865583,-45.063932946407654,35.72091787226358,1.0625091168388416,-0.08629348337037356,-3.9998643866893604e-14
29.06199406363757,-45.07552062857139,35.71699067738877,1.06270271426736,-0.08589510660994273,-3.263047262825531e-14
29.063390514760773,-45.0871084708199,35.71306171690848,1.062896319015339,-0.08549661510010596,-4.8419410996765944e-14
29.064786804572748,-45.098696473044384,35.70913099226459,1.0630899310140907,-0.08509800894090869,-5.4734986344170195e-14
29.066182933412183,-45.110284635135855,35.70519850490066,1.0632835501948885,-0.08469928823246489,-4.8419410996765944e-14
29.067578901618898,-45.12187295698503,35.701264256261936,1.0634771764889648,-0.0843004530749617,-2.4209705498382972e-14
29.068974709533826,-45.13346143848229,35.69732824779531,1.0636708098275154,-0.08390150356865561,-4.73668151055319e-14
29.07037035749906,-45.145050079517866,35.69339048094937,1.0638644501416954,-0.08350243981387093,-2.8420089063319142e-14
29.07176584585781,-45.15663887998164,35.689450957174344,1.0640580973626235,-0.08310326191100516,-3.684085619319148e-14
29.073161174954436,-45.16822783976326,35.685509677922155,1.064251751421375,-0.08270396996052447,-3.5788260301957434e-14
29.07455634513441,-45.17981695875208,35.681566644646416,1.0644454122489884,-0.0823045640629661,-5.0524602779234026e-14
29.07595135674439,-45.191406236837246,35.67762185880233,1.0646390797764644,-0.08190504431893536,-3.8946047975659563e-14
29.07734621013213,-45.202995673907566,35.67367532184688,1.0648327539347624,-0.08150541082910923,-3.263047262825531e-14
29.078740905646555,-45.21458526985163,35.669727035238644,1.0650264346548024,-0.08110566369423451,-3.263047262825531e-14
29.08013544363772,-45.226175024557726,35.665777000437906,1.0652201218674664,-0.08070580301512818,-5.2629794561702114e-14
29.08152982445685,-45.237764937913916,35.66182521890661,1.0654138155035966,-0.08030582889267535,-5.0524602779234026e-14
29.08292404845629,-45.249355009807964,35.65787169210841,1.0656075154939944,-0.07990574142783305,-7.683950006008508e-14
29.08431811598957,-45.260945240127356,35.65391642150857,1.0658012217694242,-0.07950554072162755,-3.157787673702127e-14
29.085712027411333,-45.27253562875936,35.64995940857409,1.0659949342606088,-0.07910522687515448,-3.263047262825531e-14
29.0871057830774,-45.28412617559092,35.646000654773616,1.0661886528982327,-0.07870479998957944,-3.8946047975659563e-14
29.088499383344754,-45.29571688050874,35.64204016157748,1.0663823776129395,-0.07830426016613815,-2.947268495455318e-14
29.089892828571518,-45.30730774339926,35.63807793045769,1.0665761083353344,-0.07790360750613612,-3.0525280845787224e-14
29.091286119116987,-45.31889876414864,35.63411396288793,1.0667698449959824,-0.07750284211094778,-3.5788260301957434e-14
29.092679255341622,-45.330489942642764,35.63014826034356,1.0669635875254089,-0.07710196408201726,-3.0525280845787224e-14
29.09407223760702,-45.34208127876726,35.626180824301635,1.0671573358540989,-0.07670097352086025,-5.3682390452936155e-14
29.095465066275988,-45.3536727724075,35.622211656240864,1.0673510899124983,-0.07629987052905828,-4.315643154059573e-14
29.096857741712448,-45.365264423448565,35.618240757641644,1.0675448496310131,-0.07589865520826591,-4.210383564936169e-14
29.09825026428155,-45.37685623177528,35.61426812998608,1.0677386149400088,-0.07549732766020559,-3.368306851948935e-14
29.09964263434955,-45.38844819727216,35.610293774757906,1.0679323857698115,-0.07509588798667,-1.5788938368510635e-14
29.101034852283938,-45.40004031982353,35.606317693442584,1.068126162050707,-0.07469433628951985,-3.368306851948935e-14
29.102426918453318,-45.411632599313386,35.60233988752723,1.0683199437129405,-0.07429267267068716,-4.315643154059573e-14
29.10381883322753,-45.42322503562546,35.59836035850068,1.0685137306867185,-0.07389089723217174,-4.73668151055319e-14
29.10521059697754,-45.434817628643216,35.594379107853385,1.068707522902206,-0.073489010076044,-5.4734986344170195e-14
29.106602210075536,-45.44641037824988,35.59039613707754,1.0689013202895283,-0.07308701130444226,-2.947268495455318e-14
29.107993672894846,-45.45800328432836,35.58641144766702,1.0690951227787706,-0.07268490101957525,-6.21031575828085e-14
29.10938498581002,-45.46959634676132,35.582425041117354,1.0692889302999773,-0.07228267932372101,-4.73668151055319e-14
29.110776149196777,-45.48118956543117,35.57843691892576,1.0694827427831535,-0.07188034631922496,-5.789277401787233e-14
29.112167163432023,-45.49278294022,35.57444708259118,1.0696765601582623,-0.07147790210850422,-4.4209027431829774e-14
29.11355802889383,-45.504376471009685,35.57045553361419,1.0698703823552278,-0.07107534679404345,-3.263047262825531e-14
29.114948745961513,-45.51597015768177,35.56646227349711,1.0700642093039323,-0.07067268047839725,-1.6841534259744676e-14
29.116339315015523,-45.527564000117586,35.56246730374388,1.0702580409342195,-0.07026990326418805,-5.157719867046807e-14
29.117729736437543,-45.539157998198164,35.55847062586018,1.07045187717589,-0.06986701525410842,-4.5261623323063815e-14
29.119120010610448,-45.550752151804254,35.55447224135337,1.0706457179587061,-0.06946401655091988,-2.2104513715914887e-14
29.12051013791828,-45.562346460816364,35.550472151732485,1.0708395632123877,-0.06906090725745201,-5.157719867046807e-14
29.121900118746336,-45.573940925114705,35.546470358508245,1.0710334128666152,-0.06865768747660383,-5.3682390452936155e-14
29.123289953481063,-45.58553554457924,35.54246686319309,1.0712272668510272,-0.06825435731134356,-4.4209027431829774e-14
29.124679642510127,-45.597130319089594,35.53846166730112,1.0714211250952221,-0.06785091686470834,-3.684085619319148e-14
29.126069186222423,-45.608725248525246,35.53445477234814,1.0716149875287575,-0.06744736623980263,-3.263047262825531e-14
29.12745858500801,-45.62032033276528,35.530446179851644,1.0718088540811497,-0.0670437055398018,-4.5261623323063815e-14
29.128847839258196,-45.63191557168856,35.526435891330806,1.072002724681874,-0.06663993486794809,-5.157719867046807e-14
29.13023694936549,-45.64351096517367,35.52242390830652,1.0721965992603653,-0.06623605432755421,-2.6314897280851057e-14
29.13162591572359,-45.65510651309895,35.518410232301356,1.072390477746016,-0.06583206402199954,-4.5261623323063815e-14
29.133014738727436,-45.66670221534242,35.51439486483957,1.0725843600681797,-0.06542796405473332,-5.0524602779234026e-14
29.13440341877318,-45.678298071781825,35.51037780744713,1.0727782461561661,-0.0650237545292739,-2.8420089063319142e-14
29.135791956258178,-45.68989408229471,35.506359061651686,1.0729721359392466,-0.06461943554920636,-4.4209027431829774e-14
29.137180351581023,-45.701490246758254,35.5023386289826,1.073166029346648,-0.0642150072181856,-2.947268495455318e-14
29.13856860514151,-45.71308656504943,35.498316510970895,1.0733599263075597,-0.06381046963993485,-5.2629794561702114e-14
29.13995671734069,-45.72468303704488,35.49429270914934,1.0735538267511253,-0.06340582291824635,-4.73668151055319e-14
29.14134468858083,-45.736279662621065,35.49026722505235,1.073747730606451,-0.06300106715697851,-3.368306851948935e-14
29.142732519265387,-45.74787644165405,35.486240060216076,1.0739416378025988,-0.06259620246006059,-4.631421921429786e-14
29.144120209799095,-45.7594733740197,35.482211216178335,1.0741355482685913,-0.06219122893148932,-3.684085619319148e-14
29.145507760587893,-45.77107045959362,35.47818069447869,1.074329461933407,-0.06178614667532892,-3.4735664410723393e-14
