galstreams/tracks/track.st.New-11.ibata2024.ecsv
# %ECSV 1.0
# ---
# datatype:
# - {name: ra, unit: deg, datatype: float64}
# - {name: dec, unit: deg, datatype: float64}
# - {name: distance, unit: kpc, datatype: float64}
# - {name: pm_ra_cosdec, unit: mas / yr, datatype: float64}
# - {name: pm_dec, unit: mas / yr, datatype: float64}
# - {name: radial_velocity, unit: km / s, datatype: float64}
# delimiter: ','
# meta: !!omap
# - __serialized_columns__:
#     dec:
#       __class__: astropy.coordinates.angles.Latitude
#       unit: &id001 !astropy.units.Unit {unit: deg}
#       value: !astropy.table.SerializedColumn {name: dec}
#     distance:
#       __class__: astropy.coordinates.distances.Distance
#       unit: !astropy.units.Unit {unit: kpc}
#       value: !astropy.table.SerializedColumn {name: distance}
#     pm_dec:
#       __class__: astropy.units.quantity.Quantity
#       unit: !astropy.units.Unit {unit: mas / yr}
#       value: !astropy.table.SerializedColumn {name: pm_dec}
#     pm_ra_cosdec:
#       __class__: astropy.units.quantity.Quantity
#       unit: !astropy.units.Unit {unit: mas / yr}
#       value: !astropy.table.SerializedColumn {name: pm_ra_cosdec}
#     ra:
#       __class__: astropy.coordinates.angles.Longitude
#       unit: *id001
#       value: !astropy.table.SerializedColumn {name: ra}
#       wrap_angle: !astropy.coordinates.Angle
#         unit: *id001
#         value: 360.0
#     radial_velocity:
#       __class__: astropy.units.quantity.Quantity
#       unit: !astropy.units.Unit {unit: km / s}
#       value: !astropy.table.SerializedColumn {name: radial_velocity}
# schema: astropy-2.0
ra,dec,distance,pm_ra_cosdec,pm_dec,radial_velocity
[from data line 569]
153.21030780477943,34.36426366031952,1.0000000000000009,-3.6489624061344985,-15.388642706399615,22.340812239067468
153.20709795888928,34.35416117746011,1.000000000000001,-3.6488832089445857,-15.389093476283888,22.75513827110206
153.20387144555156,34.344060145558515,1.000000000000001,-3.6488228204517403,-15.389524685190182,23.16114570700301
153.2006281913097,34.333960570279714,1.000000000000001,-3.6487813211150577,-15.389936240455107,23.558658632627203
153.19736812273686,34.323862457274664,1.0000000000000009,-3.6487587914390067,-15.390328049440779,23.94750113383126
153.1940911664357,34.31376581218032,1.000000000000001,-3.648755311973667,-15.39070001953506,24.3274972964724
153.1907972490385,34.30367064061951,1.0000000000000009,-3.6487709633149787,-15.391052058151834,24.698471206407238
153.18748629720693,34.293576948200815,1.000000000000001,-3.6488058261050016,-15.391384072731212,25.060246949492665
153.18415823763212,34.28348474051854,1.000000000000001,-3.6488599810321434,-15.391695970739862,25.41264861158555
153.18081299703445,34.273394023152555,1.000000000000001,-3.6489335088314165,-15.391987659671187,25.75550027854275
153.1774505021637,34.26330480166832,1.000000000000001,-3.6490264902847036,-15.392259047045641,26.088626036221157
153.17407067979883,34.253217081616675,1.000000000000001,-3.6491390062209828,-15.39251004041096,26.411849970477483
153.17067345674792,34.24313086853382,1.000000000000001,-3.6492711375165934,-15.392740547342422,26.72499616716869
153.16725875984812,34.23304616794121,1.0000000000000013,-3.6494229650954804,-15.392950475443108,27.027888712151583
153.16382651596578,34.22296298534546,1.000000000000001,-3.6495945699294703,-15.39313973234417,27.320351691283022
153.16037665199605,34.212881326238275,1.000000000000001,-3.64978603303848,-15.39330822570508,27.602209190419895
153.15690909486307,34.20280119609635,1.0000000000000013,-3.6499974354908185,-15.393455863213902,27.87328529541907
153.15342377151987,34.192722600381266,1.0000000000000009,-3.650228858403416,-15.393582552587553,28.13340409213728
153.14992060894815,34.18264554453942,1.000000000000001,-3.650480382942062,-15.39368820157204,28.38238966643146
153.1463995341585,34.17257003400192,1.000000000000001,-3.6507520903217205,-15.393772717942769,28.620066104158433
153.14286047419003,34.16249607418451,1.000000000000001,-3.651044061806714,-15.39383600950478,28.84625749117505
153.13930335611062,34.15242367048749,1.0000000000000009,-3.651356378711034,-15.393877984093015,29.060787913338267
153.13572810701655,34.14235282829555,1.000000000000001,-3.651689122398585,-15.39389854957259,29.263481456504774
153.1321346540327,34.1322835529778,1.000000000000001,-3.652042374283435,-15.39389761383906,29.454162206531485
153.12852292431234,34.122215849887596,1.000000000000001,-3.6524162158300806,-15.393875084818685,29.632654249275298
153.12489284503707,34.112149724362425,1.0000000000000013,-3.6528107285537015,-15.393830870468694,29.798781670592977
153.12124434341686,34.10208518172389,1.000000000000001,-3.65322599402044,-15.393764878777565,29.952368556341415
153.1175773466899,34.09202222727761,1.0000000000000013,-3.6536620938476467,-15.393677017765281,30.093238992377525
153.11389178212255,34.08196086631305,1.0000000000000013,-3.6541191097041317,-15.393567195483618,30.22121706455805
153.11018757700936,34.071901104103475,1.0000000000000013,-3.6545971233104666,-15.39343532001639,30.33612685873993
153.10646465867285,34.06184294590591,1.0000000000000013,-3.6550962164392056,-15.393281299479746,30.437792460779995
153.10272295446367,34.051786396960956,1.0000000000000016,-3.6556164709151826,-15.393105042022437,30.52603795653499
153.09896239176027,34.04173146249275,1.0000000000000013,-3.656157968615733,-15.392906455826072,30.600687431861836
153.0951828979691,34.03167814770884,1.0000000000000013,-3.656720791471038,-15.392685449105409,30.6615649726174
153.09138440052442,34.02162645780014,1.0000000000000013,-3.6573050214642926,-15.39244193010862,30.708494664658595
153.08756682688824,34.011576397940786,1.0000000000000013,-3.657910740632051,-15.392175807117592,30.74130059384213
153.0837301045502,34.00152797328806,1.0000000000000013,-3.6585380310644497,-15.391886988448144,30.75980684602497
153.07987416102773,33.991481188982334,1.0000000000000013,-3.659186974905496,-15.391575382450382,30.76383750706402
153.07599892386577,33.981436050146854,1.0000000000000013,-3.659857654353341,-15.39124089750891,30.75321666281591
153.07210432063675,33.97139256188781,1.0000000000000013,-3.6605501516605212,-15.390883442043137,30.72776839913765
153.06819027894068,33.96135072929411,1.0000000000000013,-3.661264549134267,-15.390502924507562,30.687316801886023
153.06425672640484,33.95131055743737,1.0000000000000013,-3.6620009291367364,-15.390099253392043,30.63168595691798
153.06030359068393,33.94127205137174,1.000000000000001,-3.6627593740853204,-15.38967233722207,30.560699950090402
153.05633079945997,33.93123521613387,1.0000000000000013,-3.663539966452877,-15.389222084559048,30.474182867259863
153.05233828044214,33.92120005674279,1.000000000000001,-3.664342788768044,-15.388748404000614,30.371958794283426
153.04832596136683,33.91116657819982,1.000000000000001,-3.665167923615501,-15.388251204180856,30.253851817017953
153.04429376999755,33.90113478548845,1.0000000000000013,-3.6660154536362093,-15.38773039377065,30.11968602132019
153.0402416341248,33.891104683574284,1.0000000000000013,-3.6668854615277304,-15.387185881477915,29.96928549304713
153.03616948156613,33.88107627740491,1.000000000000001,-3.667778030044488,-15.386617576047922,29.802474318055463
153.03207724016605,33.87104957190981,1.0000000000000013,-3.6686932419980325,-15.386025386263533,29.61907658220227
153.02796483779582,33.86102457200027,1.0000000000000016,-3.6696311802573236,-15.385409220945549,29.41891637134417
153.02383220235362,33.85100128256927,1.0000000000000018,-3.670591927749004,-15.38476898895293,29.20181777133802
153.01967926176434,33.8409797084914,1.0000000000000016,-3.6715755674576895,-15.384104599183157,28.967604868040805
153.0155059439796,33.83095985462274,1.0000000000000013,-3.672582182426247,-15.383415960572444,28.71610174730925
153.01131217697767,33.8209417258008,1.0000000000000016,-3.673611855756044,-15.382702982096067,28.44713249500035
153.00709788876327,33.81092532684437,1.0000000000000016,-3.674664670607261,-15.38196557276866,28.160521196970862
153.0028630073678,33.80091066255346,1.0000000000000016,-3.675740710199154,-15.381203641644497,27.856091939077654
152.9986074608491,33.79089773770918,1.0000000000000016,-3.676840057810346,-15.380417097817746,27.53366880717758
152.99433117729123,33.780886557073664,1.0000000000000016,-3.677962796779094,-15.379605850422823,27.193075887127467
152.99003408480488,33.77087712538993,1.0000000000000016,-3.6791090105035895,-15.37876980863464,26.83413726478412
152.98571611152676,33.76086944738181,1.0000000000000016,-3.680278782442212,-15.377908881668906,26.456677026004442
152.98137718561998,33.75086352775387,1.0000000000000016,-3.681472196113848,-15.377022978782437,26.060519256645367
152.97701723527376,33.74085937119126,1.0000000000000016,-3.6826893350981473,-15.37611200927342,25.645488042563745
152.97263618870343,33.73085698235963,1.0000000000000016,-3.6839302830358083,-15.375175882481741,25.211407469616272
152.96823397415034,33.720856365905036,1.0000000000000018,-3.6851951236288727,-15.374214507789247,24.758101623659815
152.9638105198819,33.71085752645386,1.0000000000000016,-3.6864839406410033,-15.373227794620082,24.28539459055136
152.9593657541914,33.70086046861268,1.0000000000000018,-3.687796817897781,-15.372215652440925,23.79311045614768
152.95489960539805,33.69086519696815,1.0000000000000013,-3.6891338392869804,-15.371177990761364,23.281073306305622
152.95041200184687,33.68087171608694,1.0000000000000016,-3.690495088758846,-15.3701147191341,22.749107226882085
152.94590287190863,33.67088003051563,1.0000000000000016,-3.6918806503264063,-15.369025747155355,22.197036303733917
152.94137214397975,33.66089014478059,1.0000000000000016,-3.693290608065727,-15.367910984465075,21.624684622717773
152.93681974648243,33.65090206338786,1.0000000000000016,-3.694725046116239,-15.366770340747276,21.031876269690674
152.93224560786436,33.64091579082309,1.0000000000000013,-3.6961840486809887,-15.365603725730345,20.418435330509627
152.92764965659876,33.63093133155142,1.0000000000000016,-3.6976677000269493,-15.364411049187318,19.784185891031125
152.9230318211844,33.620948690017364,1.0000000000000016,-3.699176084485308,-15.363192220936211,19.128952037112324
152.91839203014536,33.610967870644714,1.0000000000000018,-3.7007092864517466,-15.361947150840306,18.45255785461002
152.9137302120312,33.60098887783645,1.0000000000000016,-3.702267390386751,-15.36067574880845,17.754827429381013
152.9090462954167,33.59101171597461,1.0000000000000016,-3.703850480815874,-15.359377924795362,17.03558484728197
152.90434020890186,33.58103638942024,1.0000000000000018,-3.7054586423300435,-15.358053588801955,16.29465419416998
152.89961188111198,33.57106290251319,1.0000000000000018,-3.70709195958587,-15.356702650875604,15.531859555901846
152.89486124069742,33.561091259572116,1.0000000000000018,-3.708750517305907,-15.355325021110502,14.747025018334408
152.89008821633362,33.55112146489432,1.0000000000000018,-3.7104344002789613,-15.35392060964791,13.939974667324572
152.88529273672103,33.54115352275566,1.0000000000000018,-3.7121436933603897,-15.352489326676508,13.110532588729154
152.88047473058512,33.53118743741042,1.0000000000000018,-3.713878481472384,-15.351031082432685,12.258522868404755
152.87563412667615,33.52122321309126,1.0000000000000018,-3.7156388496042667,-15.34954578720085,11.383769592208465
152.87077085376936,33.511260854009045,1.0000000000000018,-3.7174248828127974,-15.348033351313727,10.486096845997302
152.86588484066468,33.50130036435278,1.0000000000000018,-3.719236666222452,-15.346493685152694,9.565328715627745
152.8609760161869,33.49134174828953,1.0000000000000018,-3.721074285025728,-15.344926699148074,8.621289286957015
152.85604430918534,33.48138500996421,1.000000000000002,-3.7229378244834392,-15.343332303779432,7.653802645841771
152.85108964853404,33.4714301534996,1.0000000000000018,-3.724827369925003,-15.341710409575933,6.662692878138868
152.84611196313156,33.46147718299618,1.0000000000000016,-3.7267430067487584,-15.340060927116593,5.647784069704974
152.84111118190108,33.451526102532014,1.0000000000000018,-3.728684820422253,-15.338383767030638,4.608900306397305
152.8360872337901,33.44157691616269,1.0000000000000016,-3.7306528964825265,-15.336678839997802,3.545865674072344
152.83104004777053,33.43162962792114,1.0000000000000018,-3.7326473205364237,-15.334946056748631,2.458504258587321
152.82596955283879,33.42168424181762,1.0000000000000018,-3.7346681782609115,-15.333185328064825,1.3466401457988821
152.82087567801537,33.411740761839525,1.0000000000000018,-3.736715555403333,-15.331396564779517,0.2100974215636967
152.81575835234514,33.401799191951326,1.0000000000000018,-3.7387895377817486,-15.329579677777625,-0.9512998282609858
152.81061750489712,33.391859536094465,1.0000000000000018,-3.740890211285218,-15.327734577996132,-2.1377275178186315
152.8054530647644,33.381921798187214,1.0000000000000018,-3.743017661874102,-15.325861176424443,-3.349361561252176
152.80026496106427,33.37198598212461,1.0000000000000018,-3.7451719755803716,-15.323959384104667,-4.586377872705085
152.79505312293787,33.36205209177832,1.0000000000000018,-3.7473532385078885,-15.32202911213195,-5.848952366320089
152.78981747955044,33.35212013099648,1.0000000000000018,-3.749561536832739,-15.320070271654814,-7.137260956240551
152.78455796009098,33.342190103603734,1.000000000000002,-3.751796956803504,-15.318082773875421,-8.451479556609598
152.77927449377248,33.33226201340098,1.0000000000000018,-3.75405958474159,-15.316066530049977,-9.791784081570517
152.7739670098317,33.32233586416531,1.0000000000000016,-3.756349507041512,-15.314021451488959,-11.158350445266223
152.76863543752904,33.31241165964993,1.0000000000000018,-3.7586668101712037,-15.311947449557502,-12.551354561840173
152.76327970614872,33.30248940358404,1.0000000000000018,-3.761011580672325,-15.309844435675716,-13.970972345435147
152.7578997449985,33.29256909967266,1.000000000000002,-3.76338390516056,-15.30771232131897,-15.417379710194467
152.75249548340977,33.28265075159661,1.0000000000000018,-3.765783870325931,-15.30555101801826,-16.890752570261366
152.7470668507374,33.27273436301238,1.000000000000002,-3.7682115629330877,-15.303360437360496,-18.391266839778815
152.74161377635977,33.262819937551946,1.0000000000000018,-3.77066706982163,-15.301140490988852,-19.91909843289026
152.7361361896787,33.25290747882276,1.000000000000002,-3.7731504779064045,-15.29889109060308,-21.474423263738363
152.73063402011928,33.24299699040758,1.000000000000002,-3.775661874177815,-15.296612147959841,-23.057417246466862
152.72510719713,33.233088475864406,1.0000000000000022,-3.778201345702122,-15.294303574873027,-24.66825629521841
152.71955565018257,33.22318193872627,1.000000000000002,-3.780768979621759,-15.291965283214093,-26.307116324136242
152.7139793087719,33.21327738250127,1.000000000000002,-3.783364863155632,-15.289597184912378,-27.974173247363726
152.70837810241608,33.20337481067232,1.000000000000002,-3.7859890835994325,-15.287199191955429,-29.669602979044097
152.70275196065626,33.19347422669717,1.000000000000002,-3.788641728325943,-15.284771216389354,-31.39358143332001
152.69710081305666,33.18357563400816,1.0000000000000018,-3.7913228847853504,-15.282313170319123,-33.146284524335236
152.6914245892045,33.17367903601221,1.000000000000002,-3.794032640505538,-15.279824965908906,-34.9278881662323
