galstreams/tracks/track.st.Jhelum-a.shipp2019.ecsv
# %ECSV 0.9
# ---
# datatype:
# - {name: ra, unit: deg, datatype: float64}
# - {name: dec, unit: deg, datatype: float64}
# - {name: distance, unit: kpc, datatype: float64}
# - {name: pm_ra_cosdec, unit: mas / yr, datatype: float64}
# - {name: pm_dec, unit: mas / yr, datatype: float64}
# - {name: radial_velocity, unit: km / s, datatype: float64}
# delimiter: ','
# meta: !!omap
# - __serialized_columns__:
#     dec:
#       __class__: astropy.coordinates.angles.Latitude
#       unit: &id001 !astropy.units.Unit {unit: deg}
#       value: !astropy.table.SerializedColumn {name: dec}
#     distance:
#       __class__: astropy.coordinates.distances.Distance
#       unit: !astropy.units.Unit {unit: kpc}
#       value: !astropy.table.SerializedColumn {name: distance}
#     pm_dec:
#       __class__: astropy.units.quantity.Quantity
#       unit: !astropy.units.Unit {unit: mas / yr}
#       value: !astropy.table.SerializedColumn {name: pm_dec}
#     pm_ra_cosdec:
#       __class__: astropy.units.quantity.Quantity
#       unit: !astropy.units.Unit {unit: mas / yr}
#       value: !astropy.table.SerializedColumn {name: pm_ra_cosdec}
#     ra:
#       __class__: astropy.coordinates.angles.Longitude
#       unit: *id001
#       value: !astropy.table.SerializedColumn {name: ra}
#       wrap_angle: !astropy.coordinates.Angle
#         unit: *id001
#         value: 360.0
#     radial_velocity:
#       __class__: astropy.units.quantity.Quantity
#       unit: !astropy.units.Unit {unit: km / s}
#       value: !astropy.table.SerializedColumn {name: radial_velocity}
# schema: astropy-2.0
ra,dec,distance,pm_ra_cosdec,pm_dec,radial_velocity
[from data line 1917]
351.75750078710774,-51.541967456311255,13.199999999996171,6.585002238578774,-3.962808997452627,1.0343059850279595e-09
351.77359436696315,-51.54242904245933,13.199999999996177,6.585747661550237,-3.9614913590733396,1.04813288465521e-09
351.7896882725057,-51.54288842517924,13.199999999996178,6.586492853339805,-3.960173534933645,1.0622797734333955e-09
351.80578250218764,-51.543345604373414,13.199999999996185,6.587237813783701,-3.9588555252510886,1.0761235145949055e-09
351.82187705446137,-51.54380057994468,13.199999999996185,6.587982542718312,-3.9575373302433228,1.0901188295647534e-09
351.83797192777854,-51.544253351796286,13.199999999996189,6.588727039980113,-3.9562189501281386,1.1039120461234842e-09
351.85406712059097,-51.5447039198318,13.199999999996196,6.589471305405754,-3.9549003851234428,1.1178063118877736e-09
351.8701626313501,-51.54515228395523,13.199999999996198,6.590215338831999,-3.9535816354472777,1.1317847853233618e-09
351.88625845850703,-51.54559844407093,13.1999999999962,6.590959140095734,-3.9522627013178067,1.1457969418274694e-09
351.9023546005127,-51.54604240008365,13.199999999996205,6.591702709034001,-3.9509435829533235,1.1595227922491611e-09
351.9184510558178,-51.546484151898554,13.199999999996209,6.592446045483959,-3.949624280572233,1.173720205630126e-09
351.93454782287273,-51.546923699421136,13.199999999996214,6.593189149282897,-3.9483047943930925,1.187513422188857e-09
351.95064490012777,-51.54736104255729,13.199999999996217,6.593932020268256,-3.946985124634552,1.2015255786929645e-09
351.9667422860327,-51.54779618121334,13.19999999999622,6.594674658277592,-3.9456652715154155,1.2153187952516953e-09
351.9828399790374,-51.54822911529595,13.199999999996226,6.595417063148603,-3.9443452352545885,1.2292804271530236e-09
351.9989379775913,-51.54865984471216,13.199999999996226,6.596159234719128,-3.9430250160711164,1.2431578513830532e-09
352.0150362801436,-51.549088369369436,13.199999999996232,6.596901172827124,-3.9417046141841596,1.25722053248994e-09
352.03113488514333,-51.549514689175595,13.199999999996235,6.597642877310691,-3.940384029813012,1.2712326889940476e-09
352.0472337910391,-51.54993880403886,13.19999999999624,6.598384348008057,-3.9390632631770908,1.2849080148129604e-09
352.06333299627966,-51.5503607138678,13.199999999996242,6.599125584757602,-3.937742314495921,1.2989201713170678e-09
352.0794324993132,-51.550780418571435,13.199999999996246,6.599866587397823,-3.936421183989169,1.3129996939582145e-09
352.0955322985877,-51.55119791805911,13.199999999996251,6.6006073557673535,-3.9350998718766235,1.3268771181882442e-09
352.11163239255114,-51.55161321224058,13.199999999996255,6.601347889704965,-3.9337783783781854,1.3408555916238321e-09
352.12773277965096,-51.55202630102598,13.19999999999626,6.602088189049572,-3.932456703713893,1.3546993327853423e-09
352.1438334583346,-51.552437184325846,13.19999999999626,6.602828253640215,-3.931134848103895,1.3686104400838914e-09
352.1599344270492,-51.552845862051065,13.199999999996265,6.603568083316069,-3.929812811768466,1.382622596587999e-09
352.17603568424164,-51.553252334112955,13.199999999996267,6.604307677916444,-3.928490594928015,1.3964326546809896e-09
352.19213722835866,-51.553656600423174,13.19999999999627,6.605047037280801,-3.9271681978030513,1.4105290188563958e-09
352.2082390578466,-51.554058660893794,13.199999999996276,6.60578616124871,-3.925845620614231,1.4243896015521657e-09
352.2243411711517,-51.554458515437275,13.199999999996281,6.6065250496599,-3.9245228635823164,1.4383680749877539e-09
352.2404435667201,-51.55485616396643,13.199999999996285,6.607263702354231,-3.923199926928194,1.4523128653548224e-09
352.2565462429975,-51.55525160639449,13.199999999996288,6.608002119171691,-3.921876810872878,1.4663081803246703e-09
352.2726491984294,-51.55564484263506,13.199999999996288,6.6087402999524105,-3.9205535156375033,1.4800677138148817e-09
352.28875243146126,-51.55603587260216,13.199999999996292,6.609478244536661,-3.919230041443315,1.4941135533875087e-09
352.3048559405381,-51.556424696210115,13.199999999996297,6.610215952764838,-3.9179063885116934,1.5080246606860578e-09
352.32095972410497,-51.55681131337373,13.199999999996304,6.610953424477486,-3.9165825570641317,1.5220873417929446e-09
352.33706378060634,-51.55719572400813,13.199999999996306,6.611690659515281,-3.915258547322253,1.5358973998859351e-09
352.3531681084869,-51.55757792802887,13.199999999996312,6.6124276577190395,-3.913934359507789,1.5499432394585624e-09
352.3692727061908,-51.557957925351865,13.199999999996313,6.613164418929714,-3.9126099938426013,1.56393855442841e-09
352.3853775721621,-51.558335715893435,13.199999999996315,6.613900942988388,-3.911285450548671,1.5778328201926994e-09
352.40148270484457,-51.558711299570255,13.19999999999632,6.614637229736292,-3.9099607298480925,1.5917944520940279e-09
352.4175881026819,-51.55908467629941,13.199999999996322,6.615373279014795,-3.908635831963089,1.6056718763240573e-09
352.43369376411755,-51.55945584599838,13.199999999996328,6.616109090665391,-3.9073107571159955,1.6197008743624247e-09
352.4497996875946,-51.559824808585006,13.199999999996331,6.616844664529729,-3.9059855055292774,1.6335277739896751e-09
352.4659058715561,-51.56019156397755,13.199999999996333,6.617580000449585,-3.9046600774255076,1.6475399304937828e-09
352.4820123144449,-51.56055611209461,13.199999999996336,6.618315098266876,-3.9033344730273853,1.6613836716552928e-09
352.4981190147035,-51.56091845285521,13.19999999999634,6.619049957823664,-3.9020086925577226,1.6755642435019978e-09
352.51422597077425,-51.56127858617875,13.199999999996347,6.619784578962132,-3.9006827362394656,1.6894416677320274e-09
352.5303331810993,-51.56163651198503,13.199999999996349,6.6205189615246205,-3.899356604295667,1.7033022504277973e-09
352.54644064412076,-51.56199223019422,13.199999999996352,6.621253105353604,-3.8980302969494947,1.717314406931905e-09
352.5625483582803,-51.56234574072687,13.199999999996354,6.621987010291699,-3.8967038144242405,1.7314276126415709e-09
352.57865632201947,-51.56269704350393,13.199999999996358,6.622720676181647,-3.895377156943322,1.7453050368716005e-09
352.59476453377965,-51.56304613844674,13.199999999996363,6.623454102866342,-3.8940503247302622,1.7592329857044093e-09
352.61087299200204,-51.56339302547701,13.199999999996368,6.624187290188818,-3.8927233180087057,1.7732283006742572e-09
352.6269816951276,-51.56373770451687,13.199999999996368,6.6249202379922405,-3.8913961370024253,1.7871057249042869e-09
352.64309064159704,-51.56408017548881,13.199999999996374,6.6256529461199225,-3.8900687819352946,1.8010336737370957e-09
352.65919982985093,-51.5644204383157,13.199999999996377,6.626385414415311,-3.888741253031315,1.8149447810356447e-09
352.6753092583298,-51.56475849292084,13.199999999996383,6.627117642722001,-3.8874135505146024,1.8289569375397524e-09
352.69141892547367,-51.56509433922785,13.199999999996383,6.627849630883724,-3.886085674609392,1.8429017279068209e-09
352.70752882972266,-51.5654279771608,13.199999999996384,6.628581378744351,-3.884757625540029,1.857014933616487e-09
352.7236389695165,-51.56575940664412,13.199999999996392,6.6293128861478845,-3.8834294035309886,1.8708249917094776e-09
352.7397493432949,-51.56608862760263,13.199999999996395,6.630044152938489,-3.8821010088068455,1.8848876728163645e-09
352.7558599494971,-51.56641563996154,13.199999999996399,6.63077517896045,-3.8807724415923053,1.8988156216491733e-09
352.7719707865625,-51.566740443646445,13.199999999996402,6.6315059640582055,-3.879443702112184,1.912642521276424e-09
352.7880818529302,-51.567063038583335,13.199999999996404,6.632236508076336,-3.8781147905914093,1.92672204391757e-09
352.80419314703886,-51.567383424698555,13.19999999999641,6.632966810859554,-3.876785707255032,1.94058262661334e-09
352.82030466732743,-51.567701601918905,13.199999999996413,6.633696872252723,-3.8754564523282085,1.9547463569257853e-09
352.83641641223414,-51.568017570171506,13.199999999996413,6.634426692100836,-3.87412702603623,1.968623781155815e-09
352.8525283801975,-51.5683313293839,13.199999999996418,6.635156270249041,-3.8727974286044797,1.982652779194182e-09
352.86864056965555,-51.56864287948402,13.199999999996423,6.635885606542622,-3.871467660258471,1.996563886492731e-09
352.8847529790463,-51.568952220400156,13.199999999996423,6.636614700827006,-3.8701377212238275,2.010576042996839e-09
352.9008656068075,-51.56925935206103,13.199999999996432,6.637343552947753,-3.8688076117262864,2.024419784158349e-09
352.9169784513768,-51.569564274395724,13.199999999996432,6.638072162750591,-3.867477331991701,2.0383645745254177e-09
352.93309151119155,-51.56986698733371,13.199999999996438,6.6388005300813635,-3.866146882246038,2.0523598894952654e-09
352.949204784689,-51.57016749080484,13.199999999996441,6.639528654786071,-3.8648162627153786,2.0663383629308534e-09
352.96531827030634,-51.570465784739405,13.199999999996441,6.6402565367108455,-3.8634854736259197,2.0803168363664418e-09
352.98143196648033,-51.570761869068015,13.199999999996445,6.640984175701981,-3.862154515203965,2.0944132005418478e-09
352.9975458716478,-51.571055743721715,13.19999999999645,6.64171157160589,-3.860823387675947,2.1082906247718774e-09
353.0136599842452,-51.5713474086319,13.199999999996454,6.642438724269152,-3.8594920912683914,2.1223027812759852e-09
353.029774302709,-51.57163686373041,13.199999999996459,6.6431656335384695,-3.8581606262079577,2.1361128393689756e-09
353.04588882547534,-51.57192410894942,13.19999999999646,6.643892299260708,-3.8568289927213995,2.150091312804564e-09
353.06200355098036,-51.57220914422152,13.199999999996463,6.644618721282865,-3.855497191035595,2.1641034693086713e-09
353.07811847766,-51.572491969479685,13.19999999999647,6.645344899452078,-3.854165221377526,2.178233516552597e-09
353.09423360394976,-51.572772584657265,13.199999999996471,6.646070833615643,-3.8528330839743066,2.1920772577141074e-09
353.11034892828536,-51.57305098968803,13.199999999996473,6.646796523620981,-3.851500779053139,2.206089414218215e-09
353.1264644491021,-51.573327184506105,13.199999999996479,6.64752196931568,-3.850168306841347,2.2200678876538028e-09
353.1425801648353,-51.57360116904603,13.199999999996479,6.6482471705474495,-3.848835667566375,2.2340126780208717e-09
353.15869607391994,-51.57387294324272,13.199999999996484,6.64897212716416,-3.847502861455763,2.2480079929907194e-09
353.174812174791,-51.57414250703147,13.199999999996486,6.649696839013818,-3.846169888737176,2.2619191002892685e-09
353.19092846588313,-51.57440986034799,13.199999999996491,6.650421305944581,-3.8448367496383793,2.2760828306017138e-09
353.20704494563097,-51.57467500312836,13.199999999996493,6.651145527804746,-3.843503444387262,2.290094987105821e-09
353.22316161246897,-51.57493793530904,13.199999999996496,6.651869504442754,-3.842169973211817,2.303905045198812e-09
353.23927846483133,-51.57519865682693,13.1999999999965,6.652593235707204,-3.8408363363401428,2.3179845678399586e-09
353.25539550115224,-51.57545716761924,13.199999999996505,6.6533167214468225,-3.8395025340004576,2.3320135658783258e-09
353.27151271986565,-51.57571346762364,13.199999999996505,6.654039961510497,-3.838168566421089,2.3459583562453943e-09
353.2876301194054,-51.575967556778146,13.199999999996512,6.654762955747246,-3.836834433830468,2.359835780475424e-09
353.30374769820503,-51.57621943502119,13.199999999996514,6.655485704006248,-3.835500136457142,2.3738647785137915e-09
353.3198654546982,-51.57646910229158,13.19999999999652,6.656208206136819,-3.834165674529764,2.3878432519493794e-09
353.33598338731815,-51.57671655852852,13.199999999996521,6.656930461988427,-3.832831048277103,2.401939616124786e-09
353.35210149449813,-51.576961803671594,13.199999999996523,6.657652471410671,-3.8314962579280354,2.415766515752036e-09
353.3682197746713,-51.57720483766077,13.19999999999653,6.658374234253319,-3.8301613037115336,2.429829196858923e-09
353.3843382262704,-51.57744566043644,13.19999999999653,6.6590957503662755,-3.828826185856704,2.4437571456917317e-09
353.4004568477284,-51.57768427193934,13.199999999996535,6.65981701959958,-3.8274909045927394,2.4577524606615794e-09
353.41657563747776,-51.577920672110636,13.199999999996537,6.66053804180344,-3.8261554601489536,2.471781458699947e-09
353.4326945939511,-51.578154860891864,13.19999999999654,6.6612588168281945,-3.824819852754765,2.4857936152040543e-09
353.4488137155806,-51.57838683822495,13.199999999996542,6.661979344524335,-3.8234840826397063,2.4996878809683437e-09
353.46493300079874,-51.5786166040522,13.199999999996546,6.662699624742498,-3.8221481500334002,2.5138684528150487e-09
353.4810524480373,-51.578844158316336,13.199999999996551,6.663419657333469,-3.8208120551656064,2.5277290355108186e-09
353.49717205572836,-51.57906950096044,13.199999999996553,6.6641394421481905,-3.819475798266164,2.541758033549186e-09
353.51329182230364,-51.57929263192801,13.199999999996558,6.664858979037725,-3.818139379565037,2.555736506984774e-09
353.5294117461949,-51.57951355116295,13.199999999996562,6.66557826785332,-3.8168027992922897,2.569816029625921e-09
353.5455318258335,-51.579732258609475,13.199999999996562,6.666297308446338,-3.8154660576781025,2.5836766123216903e-09
353.561652059651,-51.57994875421228,13.199999999996567,6.667016100668308,-3.8141291549527465,2.5976550857572787e-09
353.57777244607854,-51.58016303791641,13.199999999996571,6.667734644370907,-3.812792091346614,2.611734608398425e-09
353.5938929835473,-51.580375109667294,13.199999999996574,6.66845293940595,-3.8114548670901964,2.6258309725738314e-09
353.6100136704881,-51.58058496941076,13.199999999996576,6.669170985625404,-3.8101174824141015,2.6396915552696013e-09
353.62613450533206,-51.58079261709303,13.19999999999658,6.669888782881399,-3.808779937549028,2.6536700287051893e-09
353.6422554865097,-51.580998052660725,13.199999999996583,6.670606331026189,-3.8074422327257946,2.6676653436750374e-09
353.65837661245183,-51.58120127606083,13.199999999996587,6.6713236299121945,-3.806104368175313,2.681778549384703e-09
353.6744978815887,-51.58140228724074,13.199999999996592,6.672040679391983,-3.804766344128616,2.6958075474230707e-09
353.6906192923508,-51.58160108614824,13.199999999996592,6.6727574793182605,-3.8034281608168325,2.7096681301188406e-09
353.70674084316835,-51.58179767273149,13.199999999996598,6.673474029543899,-3.80208981847119,2.7237139696914674e-09
353.7228625324715,-51.581992046939064,13.1999999999966,6.674190329921905,-3.8007513173230363,2.7377766507983544e-09
353.73898435869006,-51.58218420871992,13.199999999996601,6.6749063803054405,-3.799412657603817,2.751721441165423e-09
353.755106320254,-51.58237415802338,13.19999999999661,6.675622180547816,-3.798073839545079,2.765683073066751e-09
353.77122841559316,-51.58256189479919,13.19999999999661,6.676337730502498,-3.7967348633784783,2.7796278634338197e-09
353.787350643137,-51.582747418997485,13.199999999996614,6.677053030023094,-3.7953957293357723,2.793724227609226e-09
353.80347300131524,-51.582930730568755,13.199999999996617,6.677768078963368,-3.7940564376488237,2.8078374333188922e-09
353.819595488557,-51.583111829463924,13.19999999999662,6.678482877177228,-3.792716988549608,2.8217316990831816e-09
353.83571810329175,-51.58329071563429,13.199999999996622,6.679197424518739,-3.791377382270184,2.835811221724328e-09
353.85184084394854,-51.58346738903153,13.199999999996624,6.679911720842111,-3.7900376190427365,2.849806536694176e-09
353.8679637089565,-51.58364184960775,13.199999999996631,6.680625766001706,-3.7886976990995356,2.863835534732543e-09
353.8840866967446,-51.5838140973154,13.199999999996633,6.681339559852041,-3.7873576226729675,2.87791505737369e-09
353.9002098057415,-51.58398413210732,13.199999999996638,6.682053102247778,-3.7860173899955187,2.8916914323981607e-09
353.9163330343761,-51.584151953936775,13.19999999999664,6.682766393043739,-3.784677001299765,2.9058214796420866e-09
353.93245638107686,-51.584317562757434,13.199999999996642,6.683479432094881,-3.783336456818409,2.9197325869406357e-09
