galstreams/tracks/track.st.Pegasus.perottoni2019.ecsv
# %ECSV 0.9
# ---
# datatype:
# - {name: ra, unit: deg, datatype: float64}
# - {name: dec, unit: deg, datatype: float64}
# - {name: distance, unit: kpc, datatype: float64}
# - {name: pm_ra_cosdec, unit: mas / yr, datatype: float64}
# - {name: pm_dec, unit: mas / yr, datatype: float64}
# - {name: radial_velocity, unit: km / s, datatype: float64}
# delimiter: ','
# meta: !!omap
# - __serialized_columns__:
#     dec:
#       __class__: astropy.coordinates.angles.Latitude
#       unit: &id001 !astropy.units.Unit {unit: deg}
#       value: !astropy.table.SerializedColumn {name: dec}
#     distance:
#       __class__: astropy.coordinates.distances.Distance
#       unit: !astropy.units.Unit {unit: kpc}
#       value: !astropy.table.SerializedColumn {name: distance}
#     pm_dec:
#       __class__: astropy.units.quantity.Quantity
#       unit: !astropy.units.Unit {unit: mas / yr}
#       value: !astropy.table.SerializedColumn {name: pm_dec}
#     pm_ra_cosdec:
#       __class__: astropy.units.quantity.Quantity
#       unit: !astropy.units.Unit {unit: mas / yr}
#       value: !astropy.table.SerializedColumn {name: pm_ra_cosdec}
#     ra:
#       __class__: astropy.coordinates.angles.Longitude
#       unit: *id001
#       value: !astropy.table.SerializedColumn {name: ra}
#       wrap_angle: !astropy.coordinates.Angle
#         unit: *id001
#         value: 360.0
#     radial_velocity:
#       __class__: astropy.units.quantity.Quantity
#       unit: !astropy.units.Unit {unit: km / s}
#       value: !astropy.table.SerializedColumn {name: radial_velocity}
# schema: astropy-2.0
ra,dec,distance,pm_ra_cosdec,pm_dec,radial_velocity
[from data line 474]
330.9780546034291,24.953461491905994,17.999999999999982,0.0,0.0,0.0
330.9839733468963,24.961908131095388,17.999999999999986,0.0,0.0,0.0
330.98989372332125,24.970354067862274,17.999999999999986,0.0,0.0,0.0
330.99581573341715,24.978799301867323,17.999999999999982,0.0,0.0,0.0
331.00173937789725,24.987243832771036,17.999999999999986,0.0,0.0,0.0
331.007664657475,24.995687660233738,17.999999999999982,0.0,0.0,0.0
331.013591572864,25.00413078391561,17.999999999999986,0.0,0.0,0.0
331.019520124778,25.012573203476638,17.999999999999982,0.0,0.0,0.0
331.02545031393106,25.021014918576665,17.999999999999986,0.0,0.0,0.0
331.03138214103734,25.029455928875354,17.999999999999986,0.0,0.0,0.0
331.03731560681115,25.03789623403219,17.999999999999982,0.0,0.0,0.0
331.0432507119671,25.046335833706525,17.999999999999986,0.0,0.0,0.0
331.0491874572199,25.054774727557508,17.999999999999986,0.0,0.0,0.0
331.05512584328443,25.063212915244144,17.999999999999982,0.0,0.0,0.0
331.0610658708759,25.071650396425245,17.999999999999982,0.0,0.0,0.0
331.0670075407095,25.08008717075948,17.999999999999986,0.0,0.0,0.0
331.0729508535007,25.088523237905342,17.999999999999982,0.0,0.0,0.0
331.0788958099652,25.096958597521144,17.999999999999982,0.0,0.0,0.0
331.08484241081885,25.10539324926505,17.999999999999982,0.0,0.0,0.0
331.09079065677764,25.11382719279503,17.999999999999986,0.0,0.0,0.0
331.0967405485579,25.12226042776892,17.999999999999982,0.0,0.0,0.0
331.1026920868758,25.13069295384435,17.999999999999982,0.0,0.0,0.0
331.10864527244814,25.1391247706788,17.999999999999982,0.0,0.0,0.0
331.11460010599166,25.14755587792958,17.999999999999986,0.0,0.0,0.0
331.1205565882232,25.155986275253824,17.999999999999982,0.0,0.0,0.0
331.12651471986,25.16441596230851,17.999999999999982,0.0,0.0,0.0
331.13247450161947,25.17284493875042,17.999999999999982,0.0,0.0,0.0
331.13843593421893,25.181273204236188,17.999999999999986,0.0,0.0,0.0
331.14439901837625,25.189700758422276,17.999999999999986,0.0,0.0,0.0
331.1503637548093,25.198127600964966,17.999999999999986,0.0,0.0,0.0
331.15633014423605,25.20655373152037,17.999999999999986,0.0,0.0,0.0
331.16229818737486,25.21497914974444,17.999999999999982,0.0,0.0,0.0
331.1682678849442,25.223403855292947,17.999999999999986,0.0,0.0,0.0
331.1742392376627,25.2318278478215,17.999999999999982,0.0,0.0,0.0
331.180212246249,25.240251126985516,17.999999999999986,0.0,0.0,0.0
331.18618691142234,25.248673692440263,17.999999999999986,0.0,0.0,0.0
331.19216323390185,25.257095543840826,17.999999999999986,0.0,0.0,0.0
331.19814121440686,25.265516680842133,17.999999999999986,0.0,0.0,0.0
331.20412085365695,25.273937103098913,17.999999999999982,0.0,0.0,0.0
331.210102152372,25.282356810265735,17.999999999999986,0.0,0.0,0.0
331.2160851112718,25.29077580199701,17.999999999999986,0.0,0.0,0.0
331.22206973107654,25.299194077946964,17.999999999999982,0.0,0.0,0.0
331.22805601250656,25.30761163776964,17.999999999999982,0.0,0.0,0.0
331.23404395628233,25.316028481118927,17.999999999999986,0.0,0.0,0.0
331.24003356312454,25.324444607648534,17.999999999999982,0.0,0.0,0.0
331.2460248337541,25.332860017011992,17.999999999999986,0.0,0.0,0.0
331.2520177688921,25.341274708862667,17.999999999999982,0.0,0.0,0.0
331.25801236925975,25.349688682853728,17.999999999999982,0.0,0.0,0.0
331.2640086355785,25.358101938638214,17.999999999999982,0.0,0.0,0.0
331.2700065685699,25.366514475868943,17.99999999999998,0.0,0.0,0.0
331.27600616895586,25.374926294198588,17.999999999999982,0.0,0.0,0.0
331.2820074374584,25.383337393279653,17.99999999999998,0.0,0.0,0.0
331.2880103747997,25.391747772764443,17.99999999999998,0.0,0.0,0.0
331.29401498170205,25.400157432305093,17.99999999999998,0.0,0.0,0.0
331.30002125888814,25.408566371553587,17.99999999999998,0.0,0.0,0.0
331.30602920708066,25.4169745901617,17.999999999999982,0.0,0.0,0.0
331.31203882700254,25.425382087781053,17.99999999999998,0.0,0.0,0.0
331.318050119377,25.4337888640631,17.99999999999998,0.0,0.0,0.0
331.32406308492716,25.442194918659094,17.999999999999982,0.0,0.0,0.0
331.3300777243768,25.450600251220127,17.99999999999998,0.0,0.0,0.0
331.33609403844935,25.459004861397116,17.999999999999982,0.0,0.0,0.0
331.3421120278689,25.467408748840807,17.999999999999982,0.0,0.0,0.0
331.34813169335933,25.475811913201742,17.999999999999982,0.0,0.0,0.0
331.3541530356451,25.484214354130334,17.99999999999998,0.0,0.0,0.0
331.3601760554505,25.492616071276768,17.99999999999998,0.0,0.0,0.0
331.3662007535002,25.501017064291087,17.999999999999982,0.0,0.0,0.0
331.3722271305191,25.509417332823148,17.999999999999982,0.0,0.0,0.0
331.3782551872321,25.517816876522627,17.99999999999998,0.0,0.0,0.0
331.3842849243645,25.526215695039028,17.99999999999998,0.0,0.0,0.0
331.3903163426416,25.53461378802167,17.999999999999982,0.0,0.0,0.0
331.396349442789,25.543011155119704,17.99999999999998,0.0,0.0,0.0
331.40238422553256,25.551407795982094,17.99999999999998,0.0,0.0,0.0
331.4084206915981,25.559803710257643,17.999999999999975,0.0,0.0,0.0
331.41445884171185,25.568198897594943,17.99999999999998,0.0,0.0,0.0
331.42049867660006,25.576593357642448,17.999999999999975,0.0,0.0,0.0
331.4265401969893,25.584987090048404,17.999999999999975,0.0,0.0,0.0
331.43258340360626,25.59338009446089,17.99999999999998,0.0,0.0,0.0
331.4386282971779,25.601772370527804,17.999999999999975,0.0,0.0,0.0
331.4446748784312,25.610163917896866,17.999999999999975,0.0,0.0,0.0
331.4507231480936,25.61855473621561,17.99999999999998,0.0,0.0,0.0
331.45677310689234,25.626944825131414,17.99999999999997,0.0,0.0,0.0
331.4628247555553,25.63533418429144,17.999999999999975,0.0,0.0,0.0
331.4688780948101,25.643722813342706,17.99999999999998,0.0,0.0,0.0
331.47493312538495,25.652110711932018,17.999999999999975,0.0,0.0,0.0
331.480989848008,25.660497879706035,17.999999999999975,0.0,0.0,0.0
331.48704826340764,25.668884316311203,17.99999999999998,0.0,0.0,0.0
331.4931083723125,25.67727002139382,17.999999999999975,0.0,0.0,0.0
331.49917017545135,25.68565499459997,17.999999999999975,0.0,0.0,0.0
331.5052336735532,25.694039235575584,17.999999999999975,0.0,0.0,0.0
331.5112988673472,25.702422743966395,17.99999999999998,0.0,0.0,0.0
331.5173657575627,25.71080551941797,17.99999999999997,0.0,0.0,0.0
331.5234343449292,25.71918756157568,17.99999999999997,0.0,0.0,0.0
331.5295046301765,25.72756887008471,17.99999999999997,0.0,0.0,0.0
331.53557661403454,25.735949444590098,17.99999999999997,0.0,0.0,0.0
331.5416502972334,25.744329284736665,17.99999999999997,0.0,0.0,0.0
331.5477256805033,25.75270839016905,17.999999999999975,0.0,0.0,0.0
331.5538027645748,25.76108676053174,17.999999999999968,0.0,0.0,0.0
331.5598815501787,25.769464395469008,17.99999999999997,0.0,0.0,0.0
331.56596203804577,25.777841294624963,17.99999999999997,0.0,0.0,0.0
331.572044228907,25.786217457643524,17.99999999999997,0.0,0.0,0.0
331.57812812349374,25.794592884168424,17.999999999999975,0.0,0.0,0.0
331.5842137225374,25.80296757384324,17.99999999999997,0.0,0.0,0.0
331.5903010267697,25.81134152631131,17.99999999999997,0.0,0.0,0.0
331.5963900369223,25.81971474121585,17.999999999999975,0.0,0.0,0.0
331.6024807537273,25.828087218199858,17.99999999999997,0.0,0.0,0.0
331.60857317791687,25.836458956906146,17.999999999999968,0.0,0.0,0.0
331.6146673102235,25.844829956977367,17.999999999999968,0.0,0.0,0.0
331.62076315137966,25.85320021805596,17.999999999999964,0.0,0.0,0.0
331.6268607021182,25.861569739784198,17.999999999999968,0.0,0.0,0.0
331.6329599631721,25.86993852180417,17.999999999999968,0.0,0.0,0.0
331.6390609352744,25.87830656375778,17.99999999999997,0.0,0.0,0.0
331.6451636191585,25.886673865286735,17.999999999999968,0.0,0.0,0.0
331.65126801555795,25.895040426032573,17.999999999999968,0.0,0.0,0.0
331.65737412520645,25.903406245636635,17.99999999999997,0.0,0.0,0.0
331.663481948838,25.91177132374008,17.999999999999968,0.0,0.0,0.0
331.6695914871866,25.920135659983885,17.99999999999997,0.0,0.0,0.0
331.6757027409866,25.928499254008845,17.99999999999997,0.0,0.0,0.0
331.68181571097244,25.936862105455553,17.999999999999968,0.0,0.0,0.0
331.68793039787886,25.945224213964433,17.99999999999997,0.0,0.0,0.0
331.6940468024407,25.953585579175716,17.999999999999968,0.0,0.0,0.0
331.700164925393,25.961946200729447,17.999999999999968,0.0,0.0,0.0
331.70628476747106,25.970306078265487,17.999999999999964,0.0,0.0,0.0
331.7124063294102,25.978665211423504,17.999999999999964,0.0,0.0,0.0
331.7185296119462,25.98702359984298,17.999999999999968,0.0,0.0,0.0
331.7246546158148,25.995381243163223,17.99999999999996,0.0,0.0,0.0
331.7307813417521,26.00373814102333,17.999999999999964,0.0,0.0,0.0
331.73690979049417,26.012094293062244,17.999999999999968,0.0,0.0,0.0
331.74303996277746,26.02044969891868,17.999999999999964,0.0,0.0,0.0
331.7491718593386,26.02880435823121,17.99999999999996,0.0,0.0,0.0
331.75530548091433,26.037158270638166,17.999999999999968,0.0,0.0,0.0
331.76144082824163,26.045511435777744,17.999999999999968,0.0,0.0,0.0
331.76757790205767,26.05386385328791,17.999999999999968,0.0,0.0,0.0
331.77371670309975,26.062215522806476,17.999999999999968,0.0,0.0,0.0
331.7798572321054,26.07056644397104,17.999999999999964,0.0,0.0,0.0
331.78599948981247,26.078916616419015,17.99999999999996,0.0,0.0,0.0
331.79214347695876,26.08726603978764,17.99999999999996,0.0,0.0,0.0
331.7982891942824,26.095614713713953,17.99999999999996,0.0,0.0,0.0
331.8044366425218,26.103962637834798,17.99999999999996,0.0,0.0,0.0
331.81058582241536,26.112309811786844,17.999999999999964,0.0,0.0,0.0
331.8167367347018,26.12065623520656,17.999999999999964,0.0,0.0,0.0
331.82288938012005,26.129001907730228,17.99999999999996,0.0,0.0,0.0
331.829043759409,26.137346828993937,17.999999999999964,0.0,0.0,0.0
331.83519987330817,26.145690998633587,17.99999999999996,0.0,0.0,0.0
331.8413577225568,26.15403441628489,17.99999999999996,0.0,0.0,0.0
331.84751730789463,26.162377081583372,17.99999999999996,0.0,0.0,0.0
331.85367863006155,26.170718994164357,17.99999999999996,0.0,0.0,0.0
331.8598416897975,26.179060153662988,17.99999999999996,0.0,0.0,0.0
331.86600648784275,26.18740055971421,17.99999999999996,0.0,0.0,0.0
331.8721730249377,26.195740211952774,17.999999999999957,0.0,0.0,0.0
331.87834130182296,26.20407911001325,17.999999999999957,0.0,0.0,0.0
331.88451131923927,26.21241725353002,17.999999999999957,0.0,0.0,0.0
331.8906830779277,26.220754642137244,17.999999999999957,0.0,0.0,0.0
331.8968565786294,26.229091275468928,17.999999999999957,0.0,0.0,0.0
331.9030318220857,26.237427153158865,17.999999999999957,0.0,0.0,0.0
331.9092088090383,26.245762274840654,17.999999999999957,0.0,0.0,0.0
331.9153875402288,26.254096640147722,17.999999999999957,0.0,0.0,0.0
331.9215680163992,26.26243024871327,17.999999999999957,0.0,0.0,0.0
331.92775023829165,26.270763100170345,17.999999999999957,0.0,0.0,0.0
331.93393420664853,26.279095194151754,17.999999999999957,0.0,0.0,0.0
331.94011992221226,26.28742653029016,17.999999999999957,0.0,0.0,0.0
331.9463073857257,26.295757108218,17.999999999999954,0.0,0.0,0.0
331.95249659793154,26.30408692756753,17.999999999999957,0.0,0.0,0.0
331.9586875595731,26.312415987970812,17.999999999999954,0.0,0.0,0.0
331.9648802713936,26.3207442890597,17.999999999999954,0.0,0.0,0.0
331.9710747341365,26.329071830465875,17.999999999999957,0.0,0.0,0.0
331.9772709485454,26.337398611820813,17.999999999999954,0.0,0.0,0.0
331.98346891536437,26.345724632755797,17.999999999999954,0.0,0.0,0.0
331.9896686353373,26.354049892901905,17.999999999999954,0.0,0.0,0.0
331.99587010920857,26.362374391890047,17.999999999999954,0.0,0.0,0.0
332.0020733377225,26.370698129350902,17.999999999999954,0.0,0.0,0.0
332.00827832162383,26.379021104914994,17.999999999999957,0.0,0.0,0.0
332.0144850616573,26.387343318212615,17.999999999999954,0.0,0.0,0.0
332.020693558568,26.39566476887387,17.999999999999957,0.0,0.0,0.0
332.0269038131011,26.40398545652869,17.99999999999995,0.0,0.0,0.0
332.03311582600213,26.41230538080679,17.99999999999995,0.0,0.0,0.0
332.0393295980166,26.42062454133769,17.99999999999995,0.0,0.0,0.0
332.04554512989023,26.428942937750715,17.999999999999954,0.0,0.0,0.0
332.0517624223691,26.437260569675008,17.999999999999954,0.0,0.0,0.0
332.0579814761994,26.44557743673949,17.999999999999954,0.0,0.0,0.0
332.0642022921275,26.453893538572906,17.999999999999954,0.0,0.0,0.0
332.0704248708999,26.462208874803796,17.99999999999995,0.0,0.0,0.0
332.0766492132634,26.470523445060493,17.999999999999954,0.0,0.0,0.0
332.08287531996496,26.478837248971157,17.99999999999995,0.0,0.0,0.0
332.0891031917517,26.487150286163732,17.99999999999995,0.0,0.0,0.0
332.095332829371,26.495462556265963,17.999999999999947,0.0,0.0,0.0
332.1015642335703,26.503774058905403,17.999999999999947,0.0,0.0,0.0
332.1077974050974,26.512084793709406,17.999999999999947,0.0,0.0,0.0
332.1140323447002,26.520394760305134,17.999999999999954,0.0,0.0,0.0
332.1202690531268,26.528703958319536,17.999999999999947,0.0,0.0,0.0
332.12650753112547,26.53701238737938,17.999999999999947,0.0,0.0,0.0
332.13274777944474,26.54532004711121,17.999999999999943,0.0,0.0,0.0
332.1389897988333,26.553626937141406,17.999999999999943,0.0,0.0,0.0
332.14523359004,26.561933057096113,17.999999999999947,0.0,0.0,0.0
332.1514791538139,26.5702384066013,17.99999999999995,0.0,0.0,0.0
332.15772649090434,26.57854298528274,17.999999999999947,0.0,0.0,0.0
332.1639756020607,26.586846792765975,17.999999999999943,0.0,0.0,0.0
332.1702264880327,26.595149828676387,17.999999999999943,0.0,0.0,0.0
332.17647914957007,26.603452092639127,17.999999999999947,0.0,0.0,0.0
332.18273358742294,26.61175358427916,17.999999999999943,0.0,0.0,0.0
332.18898980234155,26.62005430322125,17.999999999999947,0.0,0.0,0.0
332.1952477950763,26.628354249089952,17.999999999999943,0.0,0.0,0.0
332.2015075663778,26.636653421509635,17.999999999999943,0.0,0.0,0.0
332.2077691169968,26.644951820104453,17.999999999999943,0.0,0.0,0.0
332.2140324476845,26.65324944449836,17.999999999999943,0.0,0.0,0.0
332.2202975591918,26.661546294315123,17.999999999999943,0.0,0.0,0.0
332.22656445227034,26.66984236917829,17.99999999999994,0.0,0.0,0.0
332.23283312767154,26.678137668711212,17.999999999999943,0.0,0.0,0.0
332.23910358614734,26.686432192537055,17.99999999999994,0.0,0.0,0.0
332.2453758284496,26.69472594027875,17.99999999999994,0.0,0.0,0.0
332.25164985533047,26.703018911559056,17.99999999999994,0.0,0.0,0.0
332.25792566754234,26.711311106000508,17.999999999999943,0.0,0.0,0.0
332.2642032658378,26.719602523225443,17.999999999999943,0.0,0.0,0.0
332.2704826509695,26.72789316285602,17.999999999999936,0.0,0.0,0.0
332.27676382369043,26.736183024514165,17.999999999999936,0.0,0.0,0.0
332.28304678475376,26.744472107821608,17.999999999999936,0.0,0.0,0.0
332.2893315349127,26.75276041239987,17.99999999999994,0.0,0.0,0.0
332.2956180749209,26.761047937870288,17.99999999999994,0.0,0.0,0.0
332.301906405532,26.76933468385399,17.99999999999994,0.0,0.0,0.0
332.3081965274999,26.777620649971876,17.999999999999932,0.0,0.0,0.0
332.3144884415787,26.785905835844666,17.999999999999932,0.0,0.0,0.0
332.3207821485227,26.794190241092885,17.999999999999932,0.0,0.0,0.0
332.3270776490864,26.802473865336808,17.999999999999936,0.0,0.0,0.0
332.33337494402446,26.81075670819656,17.999999999999936,0.0,0.0,0.0
332.33967403409173,26.81903876929203,17.99999999999993,0.0,0.0,0.0
332.3459749200433,26.827320048242896,17.999999999999932,0.0,0.0,0.0
332.3522776026345,26.83560054466865,17.99999999999993,0.0,0.0,0.0
332.35858208262067,26.843880258188573,17.99999999999993,0.0,0.0,0.0
332.36488836075745,26.852159188421744,17.99999999999993,0.0,0.0,0.0
332.3711964378008,26.86043733498702,17.99999999999993,0.0,0.0,0.0
332.37750631450666,26.86871469750307,17.999999999999932,0.0,0.0,0.0
332.3838179916313,26.876991275588352,17.99999999999993,0.0,0.0,0.0
332.3901314699311,26.885267068861097,17.99999999999993,0.0,0.0,0.0
332.3964467501627,26.89354207693937,17.999999999999925,0.0,0.0,0.0
332.4027638330829,26.90181629944099,17.99999999999993,0.0,0.0,0.0
332.4090827194487,26.9100897359836,17.999999999999925,0.0,0.0,0.0
332.4154034100173,26.918362386184615,17.999999999999925,0.0,0.0,0.0
