galstreams/tracks/track.st.Orinoco.grillmair2017.ecsv
# %ECSV 0.9
# ---
# datatype:
# - {name: ra, unit: deg, datatype: float64}
# - {name: dec, unit: deg, datatype: float64}
# - {name: distance, unit: kpc, datatype: float64}
# - {name: pm_ra_cosdec, unit: mas / yr, datatype: float64}
# - {name: pm_dec, unit: mas / yr, datatype: float64}
# - {name: radial_velocity, unit: km / s, datatype: float64}
# delimiter: ','
# meta: !!omap
# - __serialized_columns__:
#     dec:
#       __class__: astropy.coordinates.angles.Latitude
#       unit: &id001 !astropy.units.Unit {unit: deg}
#       value: !astropy.table.SerializedColumn {name: dec}
#     distance:
#       __class__: astropy.coordinates.distances.Distance
#       unit: !astropy.units.Unit {unit: kpc}
#       value: !astropy.table.SerializedColumn {name: distance}
#     pm_dec:
#       __class__: astropy.units.quantity.Quantity
#       unit: !astropy.units.Unit {unit: mas / yr}
#       value: !astropy.table.SerializedColumn {name: pm_dec}
#     pm_ra_cosdec:
#       __class__: astropy.units.quantity.Quantity
#       unit: !astropy.units.Unit {unit: mas / yr}
#       value: !astropy.table.SerializedColumn {name: pm_ra_cosdec}
#     ra:
#       __class__: astropy.coordinates.angles.Longitude
#       unit: *id001
#       value: !astropy.table.SerializedColumn {name: ra}
#       wrap_angle: !astropy.coordinates.Angle
#         unit: *id001
#         value: 360.0
#     radial_velocity:
#       __class__: astropy.units.quantity.Quantity
#       unit: !astropy.units.Unit {unit: km / s}
#       value: !astropy.table.SerializedColumn {name: radial_velocity}
# schema: astropy-2.0
ra,dec,distance,pm_ra_cosdec,pm_dec,radial_velocity
[from data line 936]
10.531172071088648,-24.563493378816126,20.599999999999984,0.0,0.0,0.0
10.542170922580674,-24.56382130365945,20.59999999999999,0.0,0.0,0.0
10.553169379110859,-24.56415336121293,20.599999999999994,0.0,0.0,0.0
10.564167441452277,-24.564489555704924,20.59999999999999,0.0,0.0,0.0
10.57516511037929,-24.564829891363697,20.59999999999999,0.0,0.0,0.0
10.586162386667802,-24.565174372417516,20.59999999999999,0.0,0.0,0.0
10.597159271095132,-24.565523003094597,20.59999999999999,0.0,0.0,0.0
10.608155764440257,-24.565875787623128,20.59999999999999,0.0,0.0,0.0
10.61915186748345,-24.566232730231278,20.59999999999999,0.0,0.0,0.0
10.630147581006522,-24.566593835147145,20.599999999999984,0.0,0.0,0.0
10.641142905792695,-24.566959106598794,20.59999999999999,0.0,0.0,0.0
10.652137842626864,-24.567328548814306,20.59999999999999,0.0,0.0,0.0
10.663132392295209,-24.567702166021657,20.599999999999987,0.0,0.0,0.0
10.67412655558545,-24.568079962448824,20.59999999999999,0.0,0.0,0.0
10.685120333286719,-24.56846194232371,20.59999999999999,0.0,0.0,0.0
10.696113726189827,-24.56884810987425,20.59999999999999,0.0,0.0,0.0
10.70710673508686,-24.569238469328276,20.599999999999987,0.0,0.0,0.0
10.718099360771452,-24.569633024913596,20.59999999999999,0.0,0.0,0.0
10.729091604038654,-24.570031780858,20.599999999999987,0.0,0.0,0.0
10.740083465685183,-24.570434741389217,20.59999999999999,0.0,0.0,0.0
10.751074946509046,-24.57084191073494,20.59999999999999,0.0,0.0,0.0
10.762066047309787,-24.571253293122833,20.59999999999999,0.0,0.0,0.0
10.773056768888438,-24.57166889278051,20.599999999999987,0.0,0.0,0.0
10.784047112047444,-24.57208871393556,20.59999999999999,0.0,0.0,0.0
10.795037077590916,-24.572512760815513,20.59999999999999,0.0,0.0,0.0
10.806026666324257,-24.572941037647862,20.599999999999987,0.0,0.0,0.0
10.817015879054349,-24.57337354866006,20.59999999999999,0.0,0.0,0.0
10.828004716589746,-24.573810298079543,20.599999999999994,0.0,0.0,0.0
10.83899317974029,-24.574251290133667,20.59999999999999,0.0,0.0,0.0
10.84998126931737,-24.574696529049763,20.59999999999999,0.0,0.0,0.0
10.860968986133852,-24.575146019055133,20.599999999999987,0.0,0.0,0.0
10.871956331004014,-24.575599764376985,20.59999999999999,0.0,0.0,0.0
10.882943304743817,-24.576057769242578,20.59999999999999,0.0,0.0,0.0
10.893929908170504,-24.57652003787904,20.599999999999994,0.0,0.0,0.0
10.904916142102806,-24.5769865745135,20.59999999999999,0.0,0.0,0.0
10.915902007361119,-24.57745738337303,20.599999999999984,0.0,0.0,0.0
10.926887504767128,-24.577932468684654,20.599999999999987,0.0,0.0,0.0
10.937872635144071,-24.57841183467537,20.59999999999999,0.0,0.0,0.0
10.94885739931667,-24.578895485572133,20.59999999999999,0.0,0.0,0.0
10.959841798111055,-24.579383425601808,20.59999999999999,0.0,0.0,0.0
10.970825832355033,-24.579875658991284,20.59999999999999,0.0,0.0,0.0
10.981809502877699,-24.580372189967335,20.599999999999998,0.0,0.0,0.0
10.992792810509703,-24.580873022756748,20.599999999999994,0.0,0.0,0.0
11.003775756083112,-24.58137816158623,20.59999999999999,0.0,0.0,0.0
11.01475834043166,-24.58188761068246,20.59999999999999,0.0,0.0,0.0
11.025740564390375,-24.58240137427207,20.59999999999999,0.0,0.0,0.0
11.036722428795843,-24.582919456581624,20.599999999999987,0.0,0.0,0.0
11.047703934486051,-24.58344186183765,20.599999999999987,0.0,0.0,0.0
11.058685082300668,-24.583968594266643,20.599999999999994,0.0,0.0,0.0
11.069665873080673,-24.584499658095055,20.59999999999999,0.0,0.0,0.0
11.080646307668562,-24.58503505754926,20.59999999999999,0.0,0.0,0.0
11.091626386908276,-24.58557479685559,20.599999999999987,0.0,0.0,0.0
11.102606111645413,-24.586118880240363,20.599999999999994,0.0,0.0,0.0
11.113585482726883,-24.586667311929812,20.599999999999987,0.0,0.0,0.0
11.124564501001133,-24.58722009615014,20.59999999999999,0.0,0.0,0.0
11.135543167318032,-24.587777237127483,20.599999999999987,0.0,0.0,0.0
11.146521482529126,-24.58833873908797,20.599999999999987,0.0,0.0,0.0
11.15749944748725,-24.588904606257614,20.599999999999994,0.0,0.0,0.0
11.168477063046803,-24.58947484286244,20.59999999999999,0.0,0.0,0.0
11.179454330063596,-24.59004945312839,20.59999999999999,0.0,0.0,0.0
11.190431249395107,-24.59062844128136,20.59999999999999,0.0,0.0,0.0
11.20140782190013,-24.59121181154722,20.599999999999984,0.0,0.0,0.0
11.212384048438992,-24.59179956815174,20.59999999999999,0.0,0.0,0.0
11.223359929873455,-24.59239171532068,20.599999999999987,0.0,0.0,0.0
11.234335467066943,-24.592988257279742,20.59999999999999,0.0,0.0,0.0
11.245310660884192,-24.593589198254563,20.59999999999999,0.0,0.0,0.0
11.25628551219148,-24.594194542470742,20.59999999999999,0.0,0.0,0.0
11.267260021856517,-24.594804294153803,20.59999999999999,0.0,0.0,0.0
11.278234190748671,-24.595418457529252,20.59999999999999,0.0,0.0,0.0
11.289208019738632,-24.59603703682251,20.59999999999999,0.0,0.0,0.0
11.300181509698621,-24.596660036258974,20.59999999999999,0.0,0.0,0.0
11.311154661502304,-24.597287460063967,20.59999999999999,0.0,0.0,0.0
11.322127476025008,-24.59791931246276,20.599999999999987,0.0,0.0,0.0
11.33309995414336,-24.598555597680573,20.59999999999999,0.0,0.0,0.0
11.344072096735546,-24.599196319942575,20.59999999999999,0.0,0.0,0.0
11.35504390468118,-24.599841483473874,20.59999999999999,0.0,0.0,0.0
11.36601537886154,-24.60049109249955,20.59999999999999,0.0,0.0,0.0
11.376986520159221,-24.60114515124458,20.599999999999987,0.0,0.0,0.0
11.38795732945836,-24.601803663933925,20.599999999999987,0.0,0.0,0.0
11.398927807644524,-24.602466634792464,20.59999999999999,0.0,0.0,0.0
11.409897955604956,-24.603134068045055,20.599999999999987,0.0,0.0,0.0
11.420867774228205,-24.603805967916458,20.59999999999999,0.0,0.0,0.0
11.431837264404365,-24.604482338631403,20.599999999999994,0.0,0.0,0.0
11.442806427024976,-24.605163184414565,20.59999999999999,0.0,0.0,0.0
11.453775262983232,-24.605848509490546,20.59999999999999,0.0,0.0,0.0
11.464743773173652,-24.606538318083913,20.599999999999987,0.0,0.0,0.0
11.47571195849229,-24.607232614419146,20.59999999999999,0.0,0.0,0.0
11.486679819836649,-24.607931402720688,20.59999999999999,0.0,0.0,0.0
11.49764735810589,-24.608634687212923,20.59999999999999,0.0,0.0,0.0
11.508614574200497,-24.60934247212016,20.59999999999999,0.0,0.0,0.0
11.519581469022496,-24.610054761666692,20.59999999999999,0.0,0.0,0.0
11.530548043475347,-24.610771560076703,20.599999999999987,0.0,0.0,0.0
11.541514298464195,-24.611492871574335,20.599999999999987,0.0,0.0,0.0
11.55248023489548,-24.612218700383675,20.599999999999984,0.0,0.0,0.0
11.563445853677202,-24.61294905072876,20.59999999999999,0.0,0.0,0.0
11.5744111557188,-24.61368392683354,20.599999999999987,0.0,0.0,0.0
11.585376141931384,-24.614423332921955,20.59999999999999,0.0,0.0,0.0
11.59634081322737,-24.615167273217818,20.59999999999999,0.0,0.0,0.0
11.607305170520736,-24.615915751944918,20.59999999999999,0.0,0.0,0.0
11.618269214726915,-24.616668773326996,20.599999999999987,0.0,0.0,0.0
11.62923294676293,-24.61742634158771,20.59999999999999,0.0,0.0,0.0
11.640196367547215,-24.61818846095065,20.59999999999999,0.0,0.0,0.0
11.651159477999732,-24.618955135639368,20.59999999999999,0.0,0.0,0.0
11.66212227904192,-24.61972636987733,20.59999999999999,0.0,0.0,0.0
11.673084771596733,-24.620502167887977,20.599999999999987,0.0,0.0,0.0
11.684046956588599,-24.621282533894625,20.59999999999999,0.0,0.0,0.0
11.695008834943465,-24.62206747212059,20.599999999999987,0.0,0.0,0.0
11.70597040758876,-24.62285698678909,20.599999999999987,0.0,0.0,0.0
11.716931675453408,-24.623651082123285,20.599999999999994,0.0,0.0,0.0
11.727892639467836,-24.62444976234628,20.59999999999999,0.0,0.0,0.0
11.738853300563967,-24.625253031681112,20.59999999999999,0.0,0.0,0.0
11.749813659675224,-24.62606089435074,20.599999999999987,0.0,0.0,0.0
11.760773717736516,-24.626873354578084,20.59999999999999,0.0,0.0,0.0
11.771733475684258,-24.62769041658599,20.59999999999999,0.0,0.0,0.0
11.782692934456366,-24.628512084597208,20.59999999999999,0.0,0.0,0.0
11.793652094992245,-24.629338362834474,20.599999999999987,0.0,0.0,0.0
11.804610958232807,-24.63016925552041,20.59999999999999,0.0,0.0,0.0
11.815569525120459,-24.631004766877638,20.599999999999987,0.0,0.0,0.0
11.826527796599102,-24.63184490112862,20.59999999999999,0.0,0.0,0.0
11.837485773614144,-24.632689662495835,20.59999999999999,0.0,0.0,0.0
11.848443457112493,-24.63353905520165,20.599999999999984,0.0,0.0,0.0
11.859400848042547,-24.634393083468385,20.599999999999987,0.0,0.0,0.0
11.870357947354213,-24.635251751518286,20.59999999999999,0.0,0.0,0.0
11.881314755998897,-24.636115063573527,20.59999999999999,0.0,0.0,0.0
11.892271274929497,-24.636983023856214,20.599999999999987,0.0,0.0,0.0
11.903227505100425,-24.637855636588387,20.59999999999999,0.0,0.0,0.0
11.91418344746759,-24.638732905992036,20.59999999999999,0.0,0.0,0.0
11.925139102988387,-24.63961483628905,20.59999999999999,0.0,0.0,0.0
11.936094472621738,-24.64050143170127,20.599999999999987,0.0,0.0,0.0
11.947049557328045,-24.641392696450463,20.599999999999987,0.0,0.0,0.0
11.958004358069228,-24.64228863475833,20.599999999999987,0.0,0.0,0.0
11.968958875808697,-24.643189250846486,20.599999999999987,0.0,0.0,0.0
11.979913111511372,-24.6440945489365,20.599999999999994,0.0,0.0,0.0
11.990867066143679,-24.645004533249857,20.59999999999999,0.0,0.0,0.0
12.00182074067353,-24.64591920800797,20.59999999999999,0.0,0.0,0.0
12.012774136070364,-24.64683857743218,20.59999999999999,0.0,0.0,0.0
12.023727253305108,-24.64776264574377,20.59999999999999,0.0,0.0,0.0
12.034680093350195,-24.64869141716394,20.599999999999987,0.0,0.0,0.0
12.045632657179565,-24.64962489591381,20.59999999999999,0.0,0.0,0.0
12.05658494576867,-24.65056308621445,20.59999999999999,0.0,0.0,0.0
12.06753696009445,-24.651505992286854,20.59999999999999,0.0,0.0,0.0
12.078488701135367,-24.652453618351924,20.59999999999999,0.0,0.0,0.0
12.089440169871366,-24.653405968630498,20.59999999999999,0.0,0.0,0.0
12.10039136728393,-24.654363047343356,20.59999999999999,0.0,0.0,0.0
12.111342294356021,-24.655324858711182,20.59999999999999,0.0,0.0,0.0
12.122292952072115,-24.656291406954598,20.59999999999999,0.0,0.0,0.0
12.133243341418206,-24.65726269629416,20.59999999999999,0.0,0.0,0.0
12.144193463381773,-24.65823873095034,20.59999999999999,0.0,0.0,0.0
12.155143318951819,-24.65921951514352,20.59999999999999,0.0,0.0,0.0
12.166092909118854,-24.660205053094046,20.599999999999994,0.0,0.0,0.0
12.17704223487489,-24.661195349022144,20.59999999999999,0.0,0.0,0.0
12.187991297213445,-24.66219040714801,20.599999999999987,0.0,0.0,0.0
12.198940097129551,-24.663190231691726,20.59999999999999,0.0,0.0,0.0
12.209888635619746,-24.664194826873313,20.599999999999987,0.0,0.0,0.0
12.22083691368208,-24.66520419691273,20.59999999999999,0.0,0.0,0.0
12.231784932316106,-24.666218346029833,20.59999999999999,0.0,0.0,0.0
12.242732692522896,-24.667237278444418,20.599999999999994,0.0,0.0,0.0
12.253680195305023,-24.668260998376212,20.599999999999994,0.0,0.0,0.0
12.264627441666569,-24.669289510044837,20.599999999999987,0.0,0.0,0.0
12.275574432613139,-24.670322817669856,20.59999999999999,0.0,0.0,0.0
12.28652116915184,-24.671360925470765,20.599999999999987,0.0,0.0,0.0
12.297467652291283,-24.67240383766694,20.59999999999999,0.0,0.0,0.0
12.30841388304161,-24.673451558477755,20.59999999999999,0.0,0.0,0.0
12.319359862414453,-24.674504092122415,20.59999999999999,0.0,0.0,0.0
12.330305591422974,-24.675561442820108,20.599999999999987,0.0,0.0,0.0
12.341251071081832,-24.67662361478991,20.59999999999999,0.0,0.0,0.0
12.352196302407219,-24.677690612250867,20.599999999999984,0.0,0.0,0.0
12.363141286416813,-24.678762439421863,20.59999999999999,0.0,0.0,0.0
12.374086024129822,-24.67983910052177,20.599999999999987,0.0,0.0,0.0
12.385030516566973,-24.68092059976937,20.59999999999999,0.0,0.0,0.0
12.395974764750498,-24.682006941383328,20.59999999999999,0.0,0.0,0.0
12.406918769704136,-24.683098129582273,20.59999999999999,0.0,0.0,0.0
12.417862532453157,-24.684194168584725,20.59999999999999,0.0,0.0,0.0
12.428806054024335,-24.685295062609125,20.599999999999987,0.0,0.0,0.0
12.439749335445963,-24.68640081587385,20.599999999999994,0.0,0.0,0.0
12.45069237774785,-24.687511432597173,20.59999999999999,0.0,0.0,0.0
12.461635181961324,-24.688626916997304,20.599999999999994,0.0,0.0,0.0
12.472577749119214,-24.689747273292355,20.59999999999999,0.0,0.0,0.0
12.483520080255884,-24.69087250570035,20.59999999999999,0.0,0.0,0.0
12.49446217640721,-24.692002618439265,20.59999999999999,0.0,0.0,0.0
12.50540403861058,-24.693137615726954,20.599999999999987,0.0,0.0,0.0
12.516345667904897,-24.69427750178121,20.59999999999999,0.0,0.0,0.0
12.527287065330594,-24.695422280819717,20.599999999999987,0.0,0.0,0.0
12.53822823192962,-24.696571957060115,20.59999999999999,0.0,0.0,0.0
12.54916916874543,-24.69772653471993,20.599999999999987,0.0,0.0,0.0
12.560109876823006,-24.6988860180166,20.599999999999987,0.0,0.0,0.0
12.571050357208861,-24.7000504111675,20.59999999999999,0.0,0.0,0.0
12.581990610951001,-24.701219718389897,20.599999999999994,0.0,0.0,0.0
12.592930639098979,-24.702393943900997,20.59999999999999,0.0,0.0,0.0
12.60387044270385,-24.703573091917896,20.59999999999999,0.0,0.0,0.0
12.614810022818196,-24.704757166657615,20.59999999999999,0.0,0.0,0.0
12.625749380496126,-24.705946172337086,20.599999999999994,0.0,0.0,0.0
12.636688516793265,-24.70714011317317,20.599999999999987,0.0,0.0,0.0
12.647627432766756,-24.708338993382622,20.599999999999987,0.0,0.0,0.0
12.658566129475265,-24.709542817182108,20.599999999999984,0.0,0.0,0.0
12.669504607978983,-24.710751588788213,20.599999999999994,0.0,0.0,0.0
12.680442869339634,-24.711965312417448,20.599999999999987,0.0,0.0,0.0
12.691380914620442,-24.71318399228621,20.59999999999999,0.0,0.0,0.0
12.70231874488618,-24.71440763261083,20.599999999999987,0.0,0.0,0.0
12.713256361203117,-24.715636237607534,20.599999999999994,0.0,0.0,0.0
12.724193764639079,-24.716869811492476,20.599999999999987,0.0,0.0,0.0
12.73513095626339,-24.718108358481693,20.599999999999987,0.0,0.0,0.0
12.746067937146908,-24.71935188279117,20.599999999999987,0.0,0.0,0.0
12.75700470836202,-24.720600388636782,20.59999999999999,0.0,0.0,0.0
12.767941270982625,-24.721853880234292,20.599999999999994,0.0,0.0,0.0
12.778877626084178,-24.72311236179943,20.599999999999987,0.0,0.0,0.0
12.789813774743623,-24.724375837547775,20.59999999999999,0.0,0.0,0.0
12.800749718039455,-24.72564431169485,20.59999999999999,0.0,0.0,0.0
12.811685457051691,-24.726917788456074,20.599999999999987,0.0,0.0,0.0
12.82262099286188,-24.728196272046798,20.59999999999999,0.0,0.0,0.0
12.833556326553081,-24.729479766682235,20.59999999999999,0.0,0.0,0.0
12.844491459209907,-24.730768276577557,20.59999999999999,0.0,0.0,0.0
12.855426391918474,-24.732061805947804,20.59999999999999,0.0,0.0,0.0
12.866361125766447,-24.733360359007946,20.599999999999987,0.0,0.0,0.0
12.87729566184301,-24.73466393997285,20.59999999999999,0.0,0.0,0.0
12.888230001238885,-24.7359725530573,20.599999999999994,0.0,0.0,0.0
12.899164145046315,-24.737286202475993,20.59999999999999,0.0,0.0,0.0
12.910098094359084,-24.73860489244349,20.59999999999999,0.0,0.0,0.0
12.92103185027249,-24.73992862717432,20.59999999999999,0.0,0.0,0.0
12.931965413883379,-24.74125741088286,20.59999999999999,0.0,0.0,0.0
12.94289878629012,-24.742591247783427,20.59999999999999,0.0,0.0,0.0
12.953831968592626,-24.743930142090246,20.599999999999987,0.0,0.0,0.0
12.964764961892328,-24.745274098017426,20.599999999999987,0.0,0.0,0.0
12.975697767292191,-24.746623119778995,20.59999999999999,0.0,0.0,0.0
12.986630385896728,-24.747977211588875,20.599999999999984,0.0,0.0,0.0
12.997562818811971,-24.749336377660903,20.599999999999984,0.0,0.0,0.0
13.008495067145486,-24.750700622208807,20.599999999999987,0.0,0.0,0.0
13.019427132006387,-24.75206994944625,20.599999999999987,0.0,0.0,0.0
13.03035901450531,-24.753444363586752,20.599999999999984,0.0,0.0,0.0
13.041290715754437,-24.754823868843776,20.599999999999984,0.0,0.0,0.0
13.05222223686747,-24.756208469430664,20.599999999999987,0.0,0.0,0.0
13.063153578959664,-24.757598169560655,20.599999999999984,0.0,0.0,0.0
