galstreams/tracks/track.st.Perpendicular.weiss2018.ecsv
# %ECSV 0.9
# ---
# datatype:
# - {name: ra, unit: deg, datatype: float64}
# - {name: dec, unit: deg, datatype: float64}
# - {name: distance, unit: kpc, datatype: float64}
# - {name: pm_ra_cosdec, unit: mas / yr, datatype: float64}
# - {name: pm_dec, unit: mas / yr, datatype: float64}
# - {name: radial_velocity, unit: km / s, datatype: float64}
# delimiter: ','
# meta: !!omap
# - __serialized_columns__:
#     dec:
#       __class__: astropy.coordinates.angles.Latitude
#       unit: &id001 !astropy.units.Unit {unit: deg}
#       value: !astropy.table.SerializedColumn {name: dec}
#     distance:
#       __class__: astropy.coordinates.distances.Distance
#       unit: !astropy.units.Unit {unit: kpc}
#       value: !astropy.table.SerializedColumn {name: distance}
#     pm_dec:
#       __class__: astropy.units.quantity.Quantity
#       unit: !astropy.units.Unit {unit: mas / yr}
#       value: !astropy.table.SerializedColumn {name: pm_dec}
#     pm_ra_cosdec:
#       __class__: astropy.units.quantity.Quantity
#       unit: !astropy.units.Unit {unit: mas / yr}
#       value: !astropy.table.SerializedColumn {name: pm_ra_cosdec}
#     ra:
#       __class__: astropy.coordinates.angles.Longitude
#       unit: *id001
#       value: !astropy.table.SerializedColumn {name: ra}
#       wrap_angle: !astropy.coordinates.Angle
#         unit: *id001
#         value: 360.0
#     radial_velocity:
#       __class__: astropy.units.quantity.Quantity
#       unit: !astropy.units.Unit {unit: km / s}
#       value: !astropy.table.SerializedColumn {name: radial_velocity}
# schema: astropy-2.0
ra,dec,distance,pm_ra_cosdec,pm_dec,radial_velocity
[from data line 238]
185.78635674464306,9.831470190714208,14.768841226239598,0.0,0.0,0.0
185.78538884832548,9.84137960932321,14.767449802820439,0.0,0.0,0.0
185.78442086378178,9.851289030769898,14.766058379401276,0.0,0.0,0.0
185.78345279105935,9.861198455029799,14.764666955982118,0.0,0.0,0.0
185.78248463020557,9.871107882078668,14.763275532562956,0.0,0.0,0.0
185.78151638126795,9.88101731189204,14.761884109143793,0.0,0.0,0.0
185.78054804429377,9.890926744445656,14.760492685724634,0.0,0.0,0.0
185.77957961933046,9.900836179715073,14.75910126230547,0.0,0.0,0.0
185.77861110642544,9.910745617676026,14.757709838886312,0.0,0.0,0.0
185.77764250562606,9.920655058304064,14.756318415467147,0.0,0.0,0.0
185.77667381697972,9.93056450157494,14.754926992047986,0.0,0.0,0.0
185.77570504053375,9.940473947464202,14.753535568628825,0.0,0.0,0.0
185.77473617633558,9.950383395947597,14.752144145209664,0.0,0.0,0.0
185.77376722443253,9.96029284700068,14.750752721790503,0.0,0.0,0.0
185.77279818487196,9.970202300599206,14.749361298371344,0.0,0.0,0.0
185.77182905770124,9.980111756718724,14.74796987495218,0.0,0.0,0.0
185.7708598429677,9.990021215334988,14.746578451533018,0.0,0.0,0.0
185.7698905407187,9.999930676423556,14.74518702811386,0.0,0.0,0.0
185.76892115100156,10.00984013996019,14.743795604694697,0.0,0.0,0.0
185.76795167386368,10.019749605920445,14.742404181275537,0.0,0.0,0.0
185.76698210935228,10.02965907428007,14.741012757856375,0.0,0.0,0.0
185.76601245751476,10.039568545014642,14.739621334437212,0.0,0.0,0.0
185.76504271839838,10.049478018099913,14.73822991101805,0.0,0.0,0.0
185.7640728920505,10.05938749351145,14.736838487598886,0.0,0.0,0.0
185.76310297851845,10.069296971225011,14.73544706417973,0.0,0.0,0.0
185.76213297784952,10.07920645121616,14.734055640760566,0.0,0.0,0.0
185.76116289009093,10.089115933460674,14.732664217341405,0.0,0.0,0.0
185.7601927152901,10.099025417934104,14.731272793922246,0.0,0.0,0.0
185.75922245349426,10.108934904612225,14.729881370503081,0.0,0.0,0.0
185.75825210475068,10.118844393470612,14.72848994708392,0.0,0.0,0.0
185.75728166910662,10.128753884485027,14.727098523664761,0.0,0.0,0.0
185.75631114660948,10.138663377631037,14.7257071002456,0.0,0.0,0.0
185.75534053730638,10.148572872884428,14.724315676826437,0.0,0.0,0.0
185.75436984124468,10.158482370220758,14.722924253407276,0.0,0.0,0.0
185.7533990584716,10.168391869615819,14.721532829988115,0.0,0.0,0.0
185.75242818903445,10.178301371045169,14.720141406568954,0.0,0.0,0.0
185.7514572329804,10.188210874484586,14.71874998314979,0.0,0.0,0.0
185.75048619035678,10.198120379909659,14.717358559730634,0.0,0.0,0.0
185.74951506121081,10.208029887296155,14.715967136311468,0.0,0.0,0.0
185.74854384558972,10.217939396619661,14.714575712892309,0.0,0.0,0.0
185.7475725435407,10.227848907855954,14.713184289473146,0.0,0.0,0.0
185.74660115511105,10.237758420980612,14.711792866053987,0.0,0.0,0.0
185.74562968034797,10.247667935969424,14.710401442634824,0.0,0.0,0.0
185.74465811929872,10.257577452797975,14.709010019215661,0.0,0.0,0.0
185.7436864720104,10.267486971442038,14.7076185957965,0.0,0.0,0.0
185.7427147385304,10.277396491877209,14.70622717237734,0.0,0.0,0.0
185.74174291890574,10.287306014079272,14.70483574895818,0.0,0.0,0.0
185.74077101318375,10.297215538023812,14.703444325539017,0.0,0.0,0.0
185.73979902141159,10.307125063686623,14.702052902119853,0.0,0.0,0.0
185.73882694363647,10.317034591043292,14.700661478700694,0.0,0.0,0.0
185.73785477990552,10.326944120069612,14.699270055281534,0.0,0.0,0.0
185.73688253026603,10.336853650741169,14.697878631862372,0.0,0.0,0.0
185.7359101947651,10.346763183033765,14.696487208443209,0.0,0.0,0.0
185.7349377734499,10.356672716922985,14.695095785024048,0.0,0.0,0.0
185.73396526636768,10.36658225238463,14.693704361604887,0.0,0.0,0.0
185.73299267356552,10.376491789394292,14.69231293818573,0.0,0.0,0.0
185.73201999509064,10.38640132792777,14.690921514766565,0.0,0.0,0.0
185.73104723099019,10.396310867960663,14.689530091347402,0.0,0.0,0.0
185.73007438131128,10.406220409468768,14.688138667928243,0.0,0.0,0.0
185.72910144610114,10.416129952427687,14.686747244509078,0.0,0.0,0.0
185.72812842540685,10.426039496813223,14.685355821089919,0.0,0.0,0.0
185.7271553192756,10.435949042600972,14.68396439767076,0.0,0.0,0.0
185.72618212775447,10.44585858976674,14.682572974251599,0.0,0.0,0.0
185.72520885089065,10.45576813828613,14.681181550832436,0.0,0.0,0.0
185.72423548873124,10.465677688134951,14.679790127413273,0.0,0.0,0.0
185.72326204132335,10.475587239288863,14.678398703994114,0.0,0.0,0.0
185.72228850871414,10.485496791723513,14.677007280574953,0.0,0.0,0.0
185.7213148909507,10.495406345414658,14.675615857155787,0.0,0.0,0.0
185.72034118808017,10.505315900338074,14.674224433736628,0.0,0.0,0.0
185.71936740014962,10.5152254564694,14.672833010317468,0.0,0.0,0.0
185.71839352720622,10.525135013784313,14.671441586898302,0.0,0.0,0.0
185.71741956929694,10.535044572258618,14.670050163479143,0.0,0.0,0.0
185.71644552646902,10.544954131867936,14.668658740059982,0.0,0.0,0.0
185.71547139876947,10.55486369258807,14.667267316640825,0.0,0.0,0.0
185.71449718624538,10.56477325439464,14.665875893221662,0.0,0.0,0.0
185.71352288894388,10.574682817263465,14.664484469802497,0.0,0.0,0.0
185.71254850691201,10.58459238117016,14.663093046383338,0.0,0.0,0.0
185.71157404019684,10.594501946090544,14.661701622964177,0.0,0.0,0.0
185.71059948884547,10.604411512000237,14.660310199545016,0.0,0.0,0.0
185.70962485290494,10.614321078875054,14.658918776125853,0.0,0.0,0.0
185.70865013242235,10.624230646690624,14.657527352706689,0.0,0.0,0.0
185.70767532744472,10.634140215422763,14.656135929287533,0.0,0.0,0.0
185.7067004380191,10.644049785047098,14.65474450586837,0.0,0.0,0.0
185.7057254641926,10.653959355539458,14.65335308244921,0.0,0.0,0.0
185.70475040601218,10.663868926875454,14.651961659030047,0.0,0.0,0.0
185.70377526352496,10.673778499030925,14.650570235610886,0.0,0.0,0.0
185.70280003677794,10.683688071981491,14.649178812191725,0.0,0.0,0.0
185.70182472581817,10.69359764570299,14.647787388772564,0.0,0.0,0.0
185.70084933069268,10.703507220171039,14.646395965353403,0.0,0.0,0.0
185.69987385144847,10.713416795361475,14.645004541934238,0.0,0.0,0.0
185.6988982881326,10.723326371249927,14.643613118515079,0.0,0.0,0.0
185.69792264079206,10.733235947812227,14.642221695095916,0.0,0.0,0.0
185.6969469094739,10.74314552502401,14.640830271676755,0.0,0.0,0.0
185.6959710942251,10.75305510286111,14.639438848257596,0.0,0.0,0.0
185.69499519509267,10.762964681299161,14.638047424838433,0.0,0.0,0.0
185.69401921212364,10.772874260313994,14.636656001419272,0.0,0.0,0.0
185.69304314536498,10.782783839881253,14.635264578000111,0.0,0.0,0.0
185.69206699486372,10.792693419976782,14.63387315458095,0.0,0.0,0.0
185.6910907606668,10.802603000576203,14.632481731161787,0.0,0.0,0.0
185.69011444282128,10.812512581655369,14.631090307742626,0.0,0.0,0.0
185.6891380413741,10.822422163189918,14.629698884323464,0.0,0.0,0.0
185.6881615563722,10.832331745155686,14.628307460904303,0.0,0.0,0.0
185.68718498786265,10.842241327528324,14.626916037485142,0.0,0.0,0.0
185.68620833589233,10.852150910283674,14.625524614065979,0.0,0.0,0.0
185.6852316005083,10.86206049339737,14.62413319064682,0.0,0.0,0.0
185.68425478175746,10.871970076845276,14.622741767227657,0.0,0.0,0.0
185.6832778796868,10.881879660603026,14.621350343808498,0.0,0.0,0.0
185.68230089434329,10.891789244646475,14.619958920389337,0.0,0.0,0.0
185.68132382577386,10.901698828951261,14.618567496970174,0.0,0.0,0.0
185.68034667402546,10.911608413493243,14.617176073551015,0.0,0.0,0.0
185.67936943914506,10.921517998248065,14.615784650131852,0.0,0.0,0.0
185.6783921211796,10.931427583191587,14.614393226712693,0.0,0.0,0.0
185.67741472017602,10.941337168299452,14.613001803293532,0.0,0.0,0.0
185.67643723618121,10.951246753547526,14.611610379874369,0.0,0.0,0.0
185.67545966924217,10.961156338911445,14.610218956455206,0.0,0.0,0.0
185.6744820194058,10.97106592436708,14.608827533036045,0.0,0.0,0.0
185.67350428671904,10.980975509890078,14.607436109616886,0.0,0.0,0.0
185.6725264712288,10.990885095456306,14.606044686197722,0.0,0.0,0.0
185.67154857298198,11.000794681041409,14.604653262778562,0.0,0.0,0.0
185.6705705920255,11.010704266621255,14.603261839359396,0.0,0.0,0.0
185.66959252840635,11.020613852171497,14.601870415940239,0.0,0.0,0.0
185.66861438217134,11.030523437668007,14.600478992521076,0.0,0.0,0.0
185.66763615336743,11.040433023086436,14.599087569101915,0.0,0.0,0.0
185.66665784204147,11.050342608402653,14.597696145682754,0.0,0.0,0.0
185.6656794482404,11.060252193592317,14.596304722263591,0.0,0.0,0.0
185.66470097201113,11.070161778631299,14.59491329884443,0.0,0.0,0.0
185.66372241340054,11.080071363495259,14.59352187542527,0.0,0.0,0.0
185.66274377245549,11.089980948160063,14.592130452006105,0.0,0.0,0.0
185.66176504922288,11.099890532601382,14.590739028586945,0.0,0.0,0.0
185.66078624374958,11.109800116795087,14.589347605167786,0.0,0.0,0.0
185.6598073560825,11.119709700716836,14.587956181748623,0.0,0.0,0.0
185.65882838626848,11.129619284342514,14.58656475832946,0.0,0.0,0.0
185.65784933435438,11.13952886764778,14.5851733349103,0.0,0.0,0.0
185.65687020038712,11.149438450608512,14.58378191149114,0.0,0.0,0.0
185.65589098441353,11.15934803320038,14.582390488071978,0.0,0.0,0.0
185.65491168648046,11.169257615399264,14.580999064652817,0.0,0.0,0.0
185.65393230663483,11.179167197180826,14.579607641233656,0.0,0.0,0.0
185.65295284492342,11.189076778520958,14.578216217814497,0.0,0.0,0.0
185.65197330139313,11.198986359395324,14.576824794395336,0.0,0.0,0.0
185.65099367609076,11.208895939779811,14.575433370976173,0.0,0.0,0.0
185.6500139690632,11.218805519650086,14.57404194755701,0.0,0.0,0.0
185.64903418035723,11.22871509898204,14.572650524137849,0.0,0.0,0.0
185.64805431001977,11.238624677751345,14.571259100718688,0.0,0.0,0.0
185.64707435809763,11.24853425593389,14.569867677299527,0.0,0.0,0.0
185.64609432463763,11.25844383350535,14.568476253880366,0.0,0.0,0.0
185.64511420968654,11.26835341044161,14.567084830461203,0.0,0.0,0.0
185.6441340132913,11.278262986718353,14.565693407042042,0.0,0.0,0.0
185.64315373549863,11.288172562311471,14.564301983622881,0.0,0.0,0.0
185.64217337635543,11.298082137196639,14.562910560203722,0.0,0.0,0.0
185.64119293590846,11.307991711349752,14.561519136784561,0.0,0.0,0.0
185.64021241420457,11.31790128474649,14.560127713365398,0.0,0.0,0.0
185.63923181129053,11.327810857362747,14.558736289946236,0.0,0.0,0.0
185.63825112721318,11.337720429174214,14.557344866527075,0.0,0.0,0.0
185.6372703620193,11.34763000015678,14.555953443107912,0.0,0.0,0.0
185.63628951575572,11.35753957028613,14.554562019688753,0.0,0.0,0.0
185.6353085884692,11.367449139538163,14.55317059626959,0.0,0.0,0.0
185.6343275802066,11.377358707888563,14.551779172850427,0.0,0.0,0.0
185.6333464910146,11.387268275313236,14.550387749431266,0.0,0.0,0.0
185.6323653209401,11.397177841787865,14.548996326012105,0.0,0.0,0.0
185.6313840700298,11.407087407288358,14.547604902592946,0.0,0.0,0.0
185.63040273833056,11.416996971790402,14.546213479173783,0.0,0.0,0.0
185.6294213258891,11.426906535269897,14.54482205575462,0.0,0.0,0.0
185.62843983275224,11.43681609770254,14.543430632335461,0.0,0.0,0.0
185.6274582589667,11.446725659064231,14.5420392089163,0.0,0.0,0.0
185.62647660457932,11.456635219330668,14.540647785497137,0.0,0.0,0.0
185.62549486963678,11.466544778477761,14.539256362077976,0.0,0.0,0.0
185.62451305418594,11.476454336481202,14.537864938658814,0.0,0.0,0.0
185.6235311582735,11.486363893316895,14.536473515239654,0.0,0.0,0.0
185.6225491819462,11.496273448960544,14.535082091820493,0.0,0.0,0.0
185.62156712525083,11.506183003388053,14.533690668401333,0.0,0.0,0.0
185.6205849882342,11.516092556575135,14.532299244982172,0.0,0.0,0.0
185.61960277094298,11.526002108497687,14.530907821563009,0.0,0.0,0.0
185.61862047342393,11.535911659131415,14.529516398143846,0.0,0.0,0.0
185.6176380957238,11.545821208452235,14.528124974724685,0.0,0.0,0.0
185.61665563788938,11.55573075643585,14.526733551305524,0.0,0.0,0.0
185.61567309996732,11.565640303058174,14.525342127886363,0.0,0.0,0.0
185.61469048200445,11.575549848294907,14.5239507044672,0.0,0.0,0.0
185.6137077840474,11.585459392121974,14.52255928104804,0.0,0.0,0.0
185.61272500614302,11.595368934515074,14.521167857628878,0.0,0.0,0.0
185.61174214833792,11.605278475450133,14.519776434209717,0.0,0.0,0.0
185.61075921067894,11.615188014902852,14.518385010790556,0.0,0.0,0.0
185.60977619321267,11.625097552849162,14.516993587371395,0.0,0.0,0.0
185.608793095986,11.635007089264763,14.515602163952234,0.0,0.0,0.0
185.60780991904548,11.64491662412558,14.51421074053307,0.0,0.0,0.0
185.60682666243792,11.654826157407324,14.51281931711391,0.0,0.0,0.0
185.60584332621,11.664735689085923,14.511427893694746,0.0,0.0,0.0
185.60485991040844,11.674645219137082,14.510036470275589,0.0,0.0,0.0
185.60387641507995,11.684554747536739,14.508645046856428,0.0,0.0,0.0
185.60289284027124,11.694464274260596,14.507253623437263,0.0,0.0,0.0
185.601909186029,11.704373799284589,14.505862200018104,0.0,0.0,0.0
185.60092545239993,11.714283322584432,14.504470776598943,0.0,0.0,0.0
185.5999416394307,11.724192844136052,14.503079353179784,0.0,0.0,0.0
185.59895774716807,11.73410236391517,14.501687929760616,0.0,0.0,0.0
185.59797377565866,11.744011881897713,14.500296506341456,0.0,0.0,0.0
185.5969897249492,11.753921398059408,14.498905082922297,0.0,0.0,0.0
185.59600559508638,11.763830912376179,14.497513659503134,0.0,0.0,0.0
185.59502138611688,11.77374042482376,14.496122236083975,0.0,0.0,0.0
185.59403709808734,11.783649935378069,14.494730812664814,0.0,0.0,0.0
185.5930527310445,11.793559444014845,14.493339389245651,0.0,0.0,0.0
185.592068285035,11.80346895071001,14.491947965826487,0.0,0.0,0.0
185.5910837601055,11.813378455439294,14.490556542407331,0.0,0.0,0.0
185.5900991563027,11.823287958178643,14.489165118988169,0.0,0.0,0.0
185.58911447367328,11.833197458903769,14.487773695569004,0.0,0.0,0.0
185.58812971226388,11.843106957590622,14.486382272149843,0.0,0.0,0.0
185.58714487212117,11.853016454214927,14.48499084873068,0.0,0.0,0.0
185.58615995329183,11.86292594875262,14.483599425311523,0.0,0.0,0.0
185.58517495582248,11.872835441179447,14.482208001892362,0.0,0.0,0.0
185.5841898797598,11.882744931471327,14.480816578473197,0.0,0.0,0.0
185.58320472515047,11.89265441960401,14.479425155054036,0.0,0.0,0.0
185.5822194920411,11.902563905553434,14.478033731634877,0.0,0.0,0.0
185.5812341804784,11.912473389295332,14.476642308215718,0.0,0.0,0.0
185.58024879050893,11.922382870805643,14.475250884796553,0.0,0.0,0.0
185.5792633221794,11.932292350060115,14.473859461377392,0.0,0.0,0.0
185.5782777755364,11.942201827034685,14.47246803795823,0.0,0.0,0.0
185.57729215062665,11.9521113017051,14.47107661453907,0.0,0.0,0.0
185.57630644749673,11.962020774047296,14.469685191119906,0.0,0.0,0.0
185.5753206661933,11.97193024403702,14.468293767700747,0.0,0.0,0.0
185.57433480676298,11.98183971165022,14.466902344281584,0.0,0.0,0.0
185.57334886925238,11.99174917686269,14.465510920862426,0.0,0.0,0.0
185.5723628537082,12.00165863965022,14.464119497443264,0.0,0.0,0.0
185.571376760177,12.011568099988768,14.462728074024099,0.0,0.0,0.0
185.57039058870546,12.02147755785407,14.46133665060494,0.0,0.0,0.0
185.56940433934014,12.031387013222087,14.459945227185777,0.0,0.0,0.0
185.56841801212772,12.04129646606856,14.458553803766618,0.0,0.0,0.0
185.5674316071148,12.051205916369446,14.457162380347453,0.0,0.0,0.0
185.56644512434798,12.06111536410049,14.455770956928292,0.0,0.0,0.0
185.56545856387388,12.071024809237645,14.454379533509133,0.0,0.0,0.0
185.56447192573916,12.080934251756666,14.45298811008997,0.0,0.0,0.0
185.56348520999032,12.090843691633507,14.451596686670811,0.0,0.0,0.0
185.5624984166741,12.100753128843923,14.450205263251647,0.0,0.0,0.0
185.561511545837,12.110662563363865,14.448813839832486,0.0,0.0,0.0
185.5605245975257,12.120571995169092,14.447422416413326,0.0,0.0,0.0
185.55953757178673,12.13048142423556,14.446030992994164,0.0,0.0,0.0
185.5585504686668,12.14039085053903,14.444639569575006,0.0,0.0,0.0
