galstreams/tracks/track.st.Hrid.ibata2021.ecsv
# %ECSV 0.9
# ---
# datatype:
# - {name: ra, unit: deg, datatype: float64}
# - {name: dec, unit: deg, datatype: float64}
# - {name: distance, unit: kpc, datatype: float64}
# - {name: pm_ra_cosdec, unit: mas / yr, datatype: float64}
# - {name: pm_dec, unit: mas / yr, datatype: float64}
# - {name: radial_velocity, unit: km / s, datatype: float64}
# delimiter: ','
# meta: !!omap
# - __serialized_columns__:
#     dec:
#       __class__: astropy.coordinates.angles.Latitude
#       unit: &id001 !astropy.units.Unit {unit: deg}
#       value: !astropy.table.SerializedColumn {name: dec}
#     distance:
#       __class__: astropy.coordinates.distances.Distance
#       unit: !astropy.units.Unit {unit: kpc}
#       value: !astropy.table.SerializedColumn {name: distance}
#     pm_dec:
#       __class__: astropy.units.quantity.Quantity
#       unit: !astropy.units.Unit {unit: mas / yr}
#       value: !astropy.table.SerializedColumn {name: pm_dec}
#     pm_ra_cosdec:
#       __class__: astropy.units.quantity.Quantity
#       unit: !astropy.units.Unit {unit: mas / yr}
#       value: !astropy.table.SerializedColumn {name: pm_ra_cosdec}
#     ra:
#       __class__: astropy.coordinates.angles.Longitude
#       unit: *id001
#       value: !astropy.table.SerializedColumn {name: ra}
#       wrap_angle: !astropy.coordinates.Angle
#         unit: *id001
#         value: 360.0
#     radial_velocity:
#       __class__: astropy.units.quantity.Quantity
#       unit: !astropy.units.Unit {unit: km / s}
#       value: !astropy.table.SerializedColumn {name: radial_velocity}
# schema: astropy-2.0
ra,dec,distance,pm_ra_cosdec,pm_dec,radial_velocity
[from data line 690]
279.2009844731177,22.062091885888126,3.1648183743942915,-6.143959563925673,16.307704750806675,-6.73661370389787e-14
279.2018001471469,22.072075880673772,3.164754686535624,-6.144036981782733,16.31165275701665,-6.73661370389787e-14
279.20261564618147,22.082059882674486,3.1646910183808714,-6.144114124564211,16.315599793388042,-1.1789073981821273e-13
279.2034309703412,22.092043891886554,3.1646273699592946,-6.144190992292693,16.31954585975384,-1.1789073981821273e-13
279.2042461197459,22.1020279083061,3.1645637413001513,-6.1442675849907795,16.323490955947058,-5.0524602779234026e-14
279.2050610945155,22.112011931929445,3.164500132432707,-6.14434390268107,16.327435081800687,-1.0104920555846805e-13
279.2058758947696,22.121995962752713,3.164436543386217,-6.144419945386202,16.331378237147746,-6.73661370389787e-14
279.206690520628,22.131980000772206,3.1643729741899462,-6.144495713128801,16.335320421821237,-1.1789073981821273e-13
279.2075049722106,22.1419640459842,3.1643094248731543,-6.144571205931526,16.339261635654175,-6.73661370389787e-14
279.208319249637,22.15194809838481,3.164245895465101,-6.144646423817039,16.343201878479604,-5.0524602779234026e-14
279.2091333530271,22.161932157970398,3.1641823859950486,-6.144721366808015,16.347141150130515,-1.0104920555846805e-13
279.20994728250054,22.171916224737096,3.164118896492257,-6.1447960349271415,16.351079450439972,-1.1789073981821273e-13
279.21076103817717,22.1819002986812,3.164055426985988,-6.144870428197122,16.355016779240987,-1.0104920555846805e-13
279.2115746201767,22.191884379799003,3.1639919775055017,-6.144944546640675,16.358953136366612,-8.420767129872338e-14
279.2123880286189,22.20186846808663,3.1639285480800576,-6.145018390280525,16.362888521649893,-1.1789073981821273e-13
279.2132012636234,22.21185256354049,3.1638651387389185,-6.145091959139415,16.366822934923867,-5.0524602779234026e-14
279.2140143253101,22.22183666615665,3.163801749511344,-6.1451652532400995,16.3707563760216,-8.420767129872338e-14
279.21482721379857,22.231820775931475,3.1637383804265946,-6.145238272605346,16.37468884477615,-5.0524602779234026e-14
279.2156399292087,22.241804892861246,3.163675031513932,-6.145311017257929,16.378620341020564,-3.368306851948935e-14
279.21645247166015,22.251789016942112,3.163611702802616,-6.145383487220641,16.382550864587923,-1.1789073981821273e-13
279.2172648412726,22.26177314817046,3.1635483943219094,-6.145455682516291,16.386480415311286,-1.0104920555846805e-13
279.2180770381658,22.271757286542435,3.1634851061010707,-6.1455276031676975,16.39040899302374,-6.73661370389787e-14
279.2188890624594,22.28174143205434,3.1634218381693615,-6.145599249197686,16.394336597558368,-8.420767129872338e-14
279.2197009142733,22.29172558470251,3.163358590556043,-6.1456706206290965,16.39826322874825,-8.420767129872338e-14
279.22051259372694,22.30170974448309,3.1632953632903753,-6.145741717484792,16.402188886426472,-6.73661370389787e-14
279.2213241009402,22.311693911392418,3.163232156401619,-6.145812539787633,16.40611357042614,-3.368306851948935e-14
279.2221354360328,22.321678085426807,3.1631689699190364,-6.145883087560495,16.410037280580333,-1.0104920555846805e-13
279.22294659912427,22.331662266582438,3.1631058038718862,-6.1459533608262875,16.41396001672217,-6.73661370389787e-14
279.2237575903344,22.341646454855674,3.1630426582894313,-6.146023359607902,16.417881778684755,-3.368306851948935e-14
279.2245684097829,22.351630650242686,3.162979533200931,-6.146093083928259,16.4218025663012,-1.0104920555846805e-13
279.2253790575894,22.36161485273983,3.1629164286356457,-6.146162533810287,16.425722379404625,-5.0524602779234026e-14
279.2261895338736,22.371599062343414,3.162853344622837,-6.146231709276931,16.42964121782815,-6.73661370389787e-14
279.22699983875515,22.381583279049636,3.1627902811917656,-6.146300610351142,16.433559081404905,-3.368306851948935e-14
279.22780997235384,22.391567502854816,3.1627272383716925,-6.146369237055882,16.437475969968006,-1.347322740779574e-13
279.22861993478915,22.401551733755312,3.162664216191879,-6.1464375894141385,16.441391883350605,-8.420767129872338e-14
279.22942972618085,22.411535971747288,3.162601214681584,-6.146505667448898,16.44530682138584,-8.420767129872338e-14
279.23023934664855,22.421520216827172,3.1625382338700696,-6.146573471183165,16.449220783906856,-1.6841534259744676e-14
279.231048796312,22.431504468991115,3.1624752737865967,-6.146641000639942,16.453133770746792,-1.1789073981821273e-13
279.23185807529075,22.44148872823549,3.1624123344604254,-6.146708255842276,16.45704578173881,-3.368306851948935e-14
279.2326671837045,22.45147299455664,3.1623494159208163,-6.146775236813192,16.46095681671607,-6.73661370389787e-14
279.23347612167294,22.461457267950752,3.1622865181970314,-6.146841943575742,16.464866875511735,-1.0104920555846805e-13
279.23428488931563,22.471441548414244,3.162223641318331,-6.146908376152995,16.46877595795896,-1.0104920555846805e-13
279.23509348675225,22.481425835943305,3.1621607853139744,-6.146974534568024,16.472684063890945,-5.0524602779234026e-14
279.23590191410244,22.491410130534295,3.1620979502132243,-6.147040418843905,16.476591193140845,-5.0524602779234026e-14
279.23671017148587,22.50139443218358,3.162035136045341,-6.147106029003748,16.480497345541853,-8.420767129872338e-14
279.237518259022,22.511378740887356,3.1619723428395843,-6.147171365070664,16.484402520927148,-1.0104920555846805e-13
279.2383261768307,22.52136305664205,3.1619095706252156,-6.147236427067772,16.488306719129927,-1.1789073981821273e-13
279.23913392503147,22.531347379443858,3.1618468194314957,-6.147301215018196,16.492209939983386,-1.1789073981821273e-13
279.23994150374386,22.54133170928916,3.161784089287687,-6.147365728945098,16.49611218332071,-6.73661370389787e-14
279.2407489130876,22.551316046174307,3.1617213802230477,-6.147429968871624,16.500013448975125,-8.420767129872338e-14
279.24155615318233,22.56130039009552,3.1616586922668395,-6.147493934820945,16.503913736779836,-1.0104920555846805e-13
279.24236322414754,22.57128474104919,3.1615960254483237,-6.147557626816244,16.507813046568046,-5.0524602779234026e-14
279.24317012610294,22.581269099031672,3.16153337979676,-6.147621044880706,16.511711378172997,-8.420767129872338e-14
279.24397685916813,22.5912534640392,3.1614707553414103,-6.14768418903754,16.515608731427896,-5.0524602779234026e-14
279.24478342346265,22.601237836068194,3.1614081521115343,-6.147747059309959,16.519505106165976,-1.1789073981821273e-13
279.24558981910616,22.61122221511488,3.161345570136394,-6.147809655721195,16.52340050222046,-8.420767129872338e-14
279.2463960462182,22.62120660117564,3.1612830094452495,-6.147871978294476,16.527294919424605,-8.420767129872338e-14
279.24720210491836,22.631190994246868,3.161220470067361,-6.147934027053064,16.531188357611647,-1.6841534259744676e-14
279.24800799532636,22.641175394324783,3.161157952031991,-6.147995802020203,16.535080816614826,-6.73661370389787e-14
279.2488137175617,22.651159801405786,3.1610954553683976,-6.148057303219177,16.538972296267417,-1.6841534259744676e-14
279.24961927174394,22.661144215486242,3.1610329801058437,-6.148118530673266,16.54286279640264,-8.420767129872338e-14
279.2504246579927,22.67112863656242,3.1609705262735894,-6.148179484405759,16.54675231685379,-1.0104920555846805e-13
279.2512298764276,22.681113064630743,3.1609080939008956,-6.148240164439972,16.55064085745412,-1.1789073981821273e-13
279.2520349271681,22.69109749968746,3.160845683017024,-6.148300570799216,16.554528418036895,-8.420767129872338e-14
279.2528398103339,22.70108194172896,3.1607832936512334,-6.148360703506816,16.558414998435403,-8.420767129872338e-14
279.2536445260445,22.71106639075166,3.1607209258327855,-6.148420562586118,16.562300598482924,-5.0524602779234026e-14
279.25444907441965,22.721050846751794,3.160658579590942,-6.148480148060465,16.566185218012738,-8.420767129872338e-14
279.2552534555786,22.73103530972582,3.160596254954962,-6.148539459953227,16.570068856858136,-3.368306851948935e-14
279.25605766964117,22.741019779669983,3.1605339519541076,-6.148598498287767,16.573951514852414,-3.368306851948935e-14
279.2568617167268,22.75100425658067,3.160471670617639,-6.148657263087474,16.577833191828873,-8.420767129872338e-14
279.2576655969551,22.760988740454344,3.1604094109748164,-6.148715754375738,16.581713887620822,-1.6841534259744676e-14
279.2584693104457,22.77097323128721,3.160347173054903,-6.148773972175967,16.585593602061554,-8.420767129872338e-14
279.2592728573181,22.780957729075766,3.160284956887156,-6.148831916511579,16.589472334984414,-3.368306851948935e-14
279.2600762376918,22.79094223381624,3.160222762500838,-6.148889587405993,16.593350086222692,-8.420767129872338e-14
279.2608794516864,22.800926745505066,3.1601605899252103,-6.148946984882657,16.59722685560972,-8.420767129872338e-14
279.2616824994214,22.810911264138664,3.1600984391895346,-6.14900410896501,16.60110264297882,-5.0524602779234026e-14
279.26248538101646,22.820895789713287,3.1600363103230675,-6.149060959676521,16.60497744816336,-6.73661370389787e-14
279.26328809659105,22.830880322225376,3.1599742033550746,-6.149117537040649,16.60885127099663,-6.73661370389787e-14
279.2640906462648,22.84086486167133,3.1599121183148133,-6.1491738410808825,16.612724111312,-5.0524602779234026e-14
279.2648930301571,22.850849408047434,3.159850055231546,-6.1492298718207055,16.61659596894282,-1.1789073981821273e-13
279.26569524838766,22.86083396135017,3.1597880141345325,-6.1492856292836295,16.62046684372244,-1.0104920555846805e-13
279.2664973010759,22.870818521575796,3.1597259950530354,-6.149341113493163,16.6243367354842,-1.0104920555846805e-13
279.26729918834144,22.88080308872075,3.1596639980163124,-6.149396324472823,16.628205644061488,-8.420767129872338e-14
279.2681009103037,22.890787662781474,3.159602023053628,-6.149451262246151,16.63207356928765,-5.0524602779234026e-14
279.2689024670824,22.900772243754236,3.15954007019424,-6.1495059268366825,16.635940510996075,-6.73661370389787e-14
279.2697038587969,22.910756831635478,3.159478139467411,-6.149560318267977,16.639806469020126,-6.73661370389787e-14
279.2705050855668,22.920741426421632,3.1594162309024,-6.149614436563602,16.6436714431932,-8.420767129872338e-14
279.27130614751167,22.930726028108992,3.1593543445284697,-6.1496682817471315,16.647535433348658,-5.0524602779234026e-14
279.27210704475095,22.940710636694043,3.1592924803748788,-6.149721853842145,16.651398439319927,-5.0524602779234026e-14
279.27290777740427,22.950695252173077,3.159230638470891,-6.149775152872239,16.655260460940383,-1.6841534259744676e-14
279.27370834559105,22.960679874542524,3.1591688188457643,-6.149828178861022,16.659121498043415,-6.73661370389787e-14
279.2745087494309,22.970664503798854,3.15910702152876,-6.149880931832117,16.66298155046245,-6.73661370389787e-14
279.2753089890433,22.980649139938347,3.15904524654914,-6.149933411809137,16.6668406180309,-8.420767129872338e-14
279.27610906454777,22.990633782957506,3.1589834939361645,-6.149985618815731,16.670698700582165,-6.73661370389787e-14
279.2769089760638,23.00061843285264,3.1589217637190936,-6.150037552875538,16.674555797949676,-1.6841534259744676e-14
279.27770872371104,23.010603089620172,3.1588600559271898,-6.150089214012212,16.67841190996685,-1.0104920555846805e-13
279.27850830760883,23.020587753256606,3.158798370589712,-6.150140602249431,16.682267036467127,-6.73661370389787e-14
279.27930772787676,23.030572423758198,3.1587367077359216,-6.150191717610865,16.68612117728394,-5.0524602779234026e-14
279.28010698463436,23.040557101121493,3.1586750673950794,-6.150242560120202,16.68997433225073,-1.6841534259744676e-14
279.2809060780012,23.050541785342766,3.158613449596447,-6.150293129801135,16.693826501200938,-8.420767129872338e-14
279.28170500809665,23.060526476418495,3.1585518543692834,-6.150343426677376,16.697677683968017,-5.0524602779234026e-14
279.28250377504037,23.070511174345146,3.1584902817428517,-6.150393450772639,16.70152788038542,-1.0104920555846805e-13
279.28330237895176,23.08049587911903,3.158428731746411,-6.150443202110649,16.705377090286614,-1.0104920555846805e-13
279.2841008199503,23.090480590736604,3.1583672044092217,-6.150492680715148,16.709225313505048,-1.0104920555846805e-13
279.2848990981556,23.100465309194355,3.1583056997605468,-6.150541886609877,16.713072549874205,-6.73661370389787e-14
279.2856972136872,23.110450034488586,3.1582442178296444,-6.150590819818593,16.716918799227564,-1.1789073981821273e-13
279.2864951666644,23.120434766615833,3.1581827586457774,-6.150639480365062,16.720764061398594,-8.420767129872338e-14
279.28729295720694,23.130419505572398,3.1581213222382045,-6.150687868273062,16.72460833622079,-5.0524602779234026e-14
279.2880905854342,23.140404251354763,3.158059908636188,-6.15073598356637,16.728451623527633,-1.347322740779574e-13
279.2888880514656,23.15038900395943,3.157998517868988,-6.150783826268794,16.732293923152614,0.0
279.2896853554209,23.16037376338268,3.157937149965866,-6.150831396404122,16.73613523492924,-8.420767129872338e-14
279.2904824974193,23.170358529621016,3.157875804956083,-6.150878693996179,16.73997555869101,-1.0104920555846805e-13
279.29127947758053,23.180343302670945,3.1578144828688983,-6.150925719068786,16.743814894271445,-6.73661370389787e-14
279.292076296024,23.19032808252876,3.1577531837335746,-6.150972471645765,16.74765324150404,-8.420767129872338e-14
279.2928729528692,23.200312869191023,3.15769190757937,-6.151018951750976,16.751490600222336,-6.73661370389787e-14
279.29366944823556,23.210297662654042,3.1576306544355477,-6.151065159408264,16.75532697025985,-8.420767129872338e-14
279.29446578224275,23.22028246291433,3.1575694243313674,-6.151111094641484,16.7591623514501,-8.420767129872338e-14
279.2952619550101,23.230267269968383,3.1575082172960904,-6.151156757474511,16.76299674362663,-5.0524602779234026e-14
279.29605796665726,23.240252083812518,3.157447033358977,-6.151202147931224,16.766830146622983,-3.368306851948935e-14
279.29685381730366,23.250236904443288,3.1573858725492876,-6.151247266035507,16.770662560272694,-8.420767129872338e-14
279.29764950706874,23.260221731857026,3.157324734896284,-6.151292111811268,16.774493984409318,-1.0104920555846805e-13
279.29844503607205,23.270206566050252,3.157263620429226,-6.151336685282406,16.778324418866408,-1.6841534259744677e-13
279.299240404433,23.28019140701946,3.1572025291773755,-6.1513809864728435,16.78215386347752,-5.0524602779234026e-14
279.30003561227124,23.290176254760983,3.1571414611699935,-6.151425015406497,16.785982318076222,-6.73661370389787e-14
279.30083065970615,23.300161109271382,3.1570804164363384,-6.15146877210731,16.789809782496093,-1.1789073981821273e-13
279.3016255468572,23.310145970547012,3.157019395005673,-6.151512256599224,16.79363625657069,-3.368306851948935e-14
279.302420273844,23.320130838584365,3.156958396907257,-6.1515554689061895,16.7974617401336,-1.0104920555846805e-13
279.303214840786,23.33011571337998,3.1568974221703523,-6.1515984090521725,16.801286233018413,-8.420767129872338e-14
279.3040092478026,23.340100594930178,3.1568364708242194,-6.15164107706114,16.805109735058704,-1.0104920555846805e-13
279.30480349501335,23.350085483231485,3.1567755428981186,-6.1516834729570755,16.808932246088077,1.6841534259744676e-14
279.3055975825378,23.360070378280405,3.15671463842131,-6.151725596763961,16.81275376594014,-1.0104920555846805e-13
279.3063915104954,23.3700552800733,3.1566537574230566,-6.151767448505801,16.816574294448476,-1.347322740779574e-13
279.3071852790056,23.380040188606742,3.1565928999326163,-6.151809028206604,16.82039383144672,-1.1789073981821273e-13
279.30797888818796,23.390025103877107,3.156532065979252,-6.151850335890371,16.82421237676847,-8.420767129872338e-14
279.308772338162,23.40001002588089,3.156471255592225,-6.1518913715811365,16.828029930247343,-8.420767129872338e-14
279.3095656290471,23.40999495461463,3.1564104688007935,-6.151932135302936,16.83184649171698,-3.368306851948935e-14
279.3103587609628,23.41997989007468,3.15634970563422,-6.151972627079802,16.835662061011,-1.1789073981821273e-13
