galstreams/tracks/track.st.NGC3201.ibata2021.ecsv
# %ECSV 0.9
# ---
# datatype:
# - {name: ra, unit: deg, datatype: float64}
# - {name: dec, unit: deg, datatype: float64}
# - {name: distance, unit: kpc, datatype: float64}
# - {name: pm_ra_cosdec, unit: mas / yr, datatype: float64}
# - {name: pm_dec, unit: mas / yr, datatype: float64}
# - {name: radial_velocity, unit: km / s, datatype: float64}
# delimiter: ','
# meta: !!omap
# - __serialized_columns__:
#     dec:
#       __class__: astropy.coordinates.angles.Latitude
#       unit: &id001 !astropy.units.Unit {unit: deg}
#       value: !astropy.table.SerializedColumn {name: dec}
#     distance:
#       __class__: astropy.coordinates.distances.Distance
#       unit: !astropy.units.Unit {unit: kpc}
#       value: !astropy.table.SerializedColumn {name: distance}
#     pm_dec:
#       __class__: astropy.units.quantity.Quantity
#       unit: !astropy.units.Unit {unit: mas / yr}
#       value: !astropy.table.SerializedColumn {name: pm_dec}
#     pm_ra_cosdec:
#       __class__: astropy.units.quantity.Quantity
#       unit: !astropy.units.Unit {unit: mas / yr}
#       value: !astropy.table.SerializedColumn {name: pm_ra_cosdec}
#     ra:
#       __class__: astropy.coordinates.angles.Longitude
#       unit: *id001
#       value: !astropy.table.SerializedColumn {name: ra}
#       wrap_angle: !astropy.coordinates.Angle
#         unit: *id001
#         value: 360.0
#     radial_velocity:
#       __class__: astropy.units.quantity.Quantity
#       unit: !astropy.units.Unit {unit: km / s}
#       value: !astropy.table.SerializedColumn {name: radial_velocity}
# schema: astropy-2.0
ra,dec,distance,pm_ra_cosdec,pm_dec,radial_velocity
[from data line 415]
152.8774040243864,-46.166744556503836,4.642680177180203,8.58642720379053,-2.193169239384742,-5.0524602779234026e-14
152.8915316242298,-46.168951719983106,4.64226044973174,8.585596977283997,-2.191209711446656,-5.894536990910637e-14
152.90565937158667,-46.17115981639896,4.641846269459726,8.584735825368291,-2.189255195832505,-4.210383564936169e-14
152.9197872721348,-46.17336883375778,4.641437628731913,8.583843845898611,-2.1873056795370562,-8.420767129872338e-15
152.9339153315407,-46.175578760063466,4.641034519916054,8.58292113671493,-2.185361149489589,-4.210383564936169e-14
152.9480435554594,-46.17778958331743,4.6406369353799,8.581967795641967,-2.18342159255391,-3.368306851948935e-14
152.96217194953485,-46.18000129151862,4.640244867491206,8.580983920489166,-2.181486995528352,-1.2631150694808506e-14
152.9763005193994,-46.18221387266355,4.639858308617723,8.579969609050645,-2.1795573451458337,-2.1051917824680846e-14
152.99042927067413,-46.18442731474624,4.639477251127203,8.578924959105201,-2.177632628073847,-7.578690416885104e-14
153.00455820896883,-46.18664160575825,4.6391016873874,8.577850068416252,-2.1757128309144744,-5.894536990910637e-14
153.01868733988186,-46.1888567336887,4.638731609766064,8.576745034731845,-2.173797940204426,-5.4734986344170195e-14
153.0328166690001,-46.19107268652425,4.63836701063095,8.57560995578458,-2.1718879424150446,-4.631421921429786e-14
153.04694620189943,-46.19328945224913,4.63800788234981,8.574444929291632,-2.1699828239523056,-6.315575347404254e-14
153.06107594414397,-46.19550701884511,4.637654217290396,8.573250052954698,-2.1680825711568708,-3.368306851948935e-14
153.0752059012866,-46.19772537429153,4.6373060078204595,8.57202542445997,-2.1661871703040854,-6.315575347404254e-14
153.08933607886885,-46.199944506565274,4.636963246307757,8.57077114147811,-2.1642966076039842,-2.1051917824680846e-14
153.10346648242083,-46.202164403640815,4.636625925120034,8.56948730166423,-2.1624108692013375,-2.5262301389617013e-14
153.11759711746112,-46.20438505349016,4.636294036625051,8.56817400265785,-2.1605299411756436,-4.210383564936169e-14
153.13172798949725,-46.206606444082944,4.6359675731905545,8.566831342082892,-2.158653809541132,-3.368306851948935e-14
153.14585910402502,-46.20882856338633,4.6356465271843,8.565459417547627,-2.1567824602468244,-7.157652060391487e-14
153.15999046652897,-46.21105139936508,4.635330890974038,8.564058326644663,-2.154915879176513,-2.5262301389617013e-14
153.17412208248214,-46.21327493998155,4.635020656927523,8.562628166950912,-2.1530540521487973,-7.157652060391487e-14
153.18825395734623,-46.21549917319566,4.6347158174125065,8.561169036027572,-2.1511969649170766,-2.947268495455318e-14
153.2023860965714,-46.21772408696492,4.634416364796741,8.559681031420073,-2.149344603169605,-5.894536990910637e-14
153.2165185055966,-46.219949669244464,4.634122291447977,8.558164250658093,-2.1474969525294414,-8.420767129872338e-15
153.23065118984914,-46.22217590798699,4.633833589733973,8.556618791255486,-2.1456539985545415,-5.894536990910637e-14
153.24478415474496,-46.22440279114282,4.6335502520224745,8.555044750710284,-2.1438157267377163,-3.789345208442552e-14
153.25891740568858,-46.22663030665985,4.633272270681238,8.553442226504641,-2.141982122506673,-5.4734986344170195e-14
153.27305094807303,-46.228858442483606,4.632999638078015,8.551811316104844,-2.1401531712240223,-4.210383564936169e-14
153.2871847872798,-46.231087186557204,4.632732346580559,8.550152116961243,-2.1383288581873003,-2.947268495455318e-14
153.30131892867925,-46.233316526821426,4.6324703885566185,8.548464726508264,-2.13650916862895,-2.1051917824680846e-14
153.3154533776299,-46.23554645121461,4.632213756373952,8.546749242164339,-2.1346940877163894,-2.947268495455318e-14
153.32958813947894,-46.237776947672735,4.631962442400307,8.545005761331911,-2.1328836005519882,-5.0524602779234026e-14
153.34372321956218,-46.24000800412941,4.631716439003439,8.543234381397394,-2.131077692173085,-4.210383564936169e-14
153.35785862320378,-46.24223960851587,4.631475738551099,8.54143519973114,-2.129276347552015,-3.368306851948935e-14
153.37199435571645,-46.24447174876096,4.63124033341104,8.539608313687413,-2.127479551596122,-4.631421921429786e-14
153.38613042240164,-46.24670441279122,4.631010215951015,8.537753820604376,-2.125687289147732,-6.315575347404254e-14
153.40026682854898,-46.24893758853075,4.630785378538775,8.535871817804038,-2.123899544984231,-1.6841534259744676e-14
153.41440357943677,-46.25117126390134,4.630565813542074,8.533962402592238,-2.1221163038180393,-3.368306851948935e-14
153.42854068033176,-46.2534054268224,4.630351513328665,8.532025672258625,-2.120337550296627,-3.368306851948935e-14
153.4426781364892,-46.255640065211004,4.630142470266297,8.530061724076612,-2.1185632690025313,-4.631421921429786e-14
153.45681595315278,-46.25787516698187,4.629938676722726,8.528070655303367,-2.1167934444533785,-3.368306851948935e-14
153.47095413555482,-46.26011072004736,4.6297401250657035,8.52605256317976,-2.1150280611018593,-2.5262301389617013e-14
153.4850926889159,-46.26234671231753,4.629546807662981,8.524007544930368,-2.1132671033357973,-3.789345208442552e-14
153.49923161844524,-46.26458313170005,4.629358716882313,8.521935697763404,-2.1115105554781155,-1.6841534259744676e-14
153.51337092934034,-46.26681996610028,4.629175845091451,8.519837118870727,-2.109758401786874,-2.5262301389617013e-14
153.52751062678735,-46.269057203421255,4.628998184658146,8.517711905427808,-2.108010626455269,-2.947268495455318e-14
153.5416507159607,-46.27129483156367,4.628825727950152,8.51556015459366,-2.1062672136116443,-5.4734986344170195e-14
153.55579120202339,-46.27353283842587,4.628658467335222,8.513381963510867,-2.1045281473195123,-8.420767129872338e-15
153.5699320901268,-46.27577121190392,4.628496395181108,8.51117742930552,-2.1027934115775464,-6.73661370389787e-14
153.58407338541076,-46.278009939891575,4.628339503855562,8.508946649087203,-2.101062990319614,-6.73661370389787e-14
153.59821509300355,-46.28024901028023,4.628187785726337,8.506689719948952,-2.0993368674147828,-5.4734986344170195e-14
153.61235721802177,-46.28248841095897,4.628041233161185,8.504406738967242,-2.097615026667319,-5.4734986344170195e-14
153.6264997655705,-46.2847281298146,4.627899838527859,8.50209780320193,-2.0958974518167155,0.0
153.6406427407433,-46.286968154731625,4.62776359419411,8.499763009696276,-2.0941841265376757,-6.315575347404254e-14
153.65478614862204,-46.28920847359224,4.6276324925276935,8.497402455476848,-2.092475034440153,-3.789345208442552e-14
153.66892999427702,-46.2914490742763,4.627506525896359,8.495016237553559,-2.090770159069348,-8.420767129872338e-15
153.6830742827669,-46.29368994466143,4.6273856866678615,8.492604452919585,-2.089069483905721,-2.1051917824680846e-14
153.6972190191388,-46.29593107262293,4.627269967209951,8.490167198551378,-2.0873729923649984,-2.947268495455318e-14
153.71136420842814,-46.2981724460338,4.627159359890382,8.487704571408592,-2.0856806677981825,-2.947268495455318e-14
153.7255098556587,-46.300414052764786,4.6270538570769055,8.485216668434106,-2.083992493491574,-4.210383564936169e-14
153.7396559658428,-46.30265588068434,4.626953451137277,8.48270358655395,-2.0823084526667426,0.0
153.75380254398092,-46.30489791765864,4.626858134439244,8.480165422677306,-2.080628528480598,-4.210383564936169e-14
153.76794959506205,-46.307140151551565,4.626767899350561,8.477602273696462,-2.078952704025342,-4.631421921429786e-14
153.7820971240634,-46.30938257022477,4.626682738238984,8.475014236486771,-2.077280962328511,-2.5262301389617013e-14
153.7962451359506,-46.311625161537584,4.626602643472261,8.472401407906673,-2.075613286352978,-5.894536990910637e-14
153.81039363567757,-46.31386791334712,4.626527607418146,8.469763884797594,-2.0739496589969533,-1.2631150694808506e-14
153.8245426281867,-46.31611081350822,4.626457622444393,8.467101763983985,-2.0722900630939862,-4.210383564936169e-15
153.83869211840852,-46.31835384987344,4.626392680918752,8.46441514227324,-2.0706344814130033,-4.210383564936169e-14
153.85284211126205,-46.32059701029313,4.626332775208977,8.461704116455698,-2.06898289665829,-3.368306851948935e-14
153.86699261165447,-46.32284028261536,4.6262778976828205,8.458968783304591,-2.0673352914695076,-5.0524602779234026e-14
153.88114362448138,-46.32508365468592,4.626228040708033,8.456209239576047,-2.0656916484217005,-2.947268495455318e-14
153.89529515462655,-46.32732711434843,4.62618319665237,8.453425582009013,-2.0640519500253163,-5.894536990910637e-14
153.90944720696234,-46.329570649444214,4.626143357883581,8.450617907325283,-2.062416178726169,-5.0524602779234026e-14
153.92359978634906,-46.331814247812396,4.626108516769421,8.447786312229415,-2.0607843169055116,-5.894536990910637e-14
153.93775289763553,-46.334057897289824,4.626078665677643,8.444930893408731,-2.0591563468799965,-3.789345208442552e-14
153.95190654565874,-46.336301585711155,4.626053796975997,8.442051747533288,-2.0575322509017018,-1.6841534259744676e-14
153.96606073524393,-46.3385453009088,4.626033903032236,8.439148971255825,-2.055912011158135,-6.315575347404254e-14
153.98021547120464,-46.340789030712926,4.626018976214114,8.436222661211763,-2.0542956097722396,-4.631421921429786e-14
153.99437075834285,-46.34303276295153,4.626009008889382,8.43327291401916,-2.0526830288023814,-2.5262301389617013e-14
154.00852660144852,-46.34527648545036,4.626003993425794,8.430299826278672,-2.0510742502424,-4.210383564936169e-14
154.0226830053,-46.34752018603298,4.6260039221911,8.427303494573545,-2.0494692560215833,-4.210383564936169e-14
154.03683997466382,-46.34976385252067,4.6260087875530544,8.42428401546957,-2.0478680280046757,-6.73661370389787e-14
154.0509975142948,-46.3520074727326,4.62601858187941,8.421241485515045,-2.04627054799189,-1.2631150694808506e-14
154.06515562893588,-46.35425103448566,4.626033297537918,8.418176001240774,-2.0446767977189313,-1.2631150694808506e-14
154.0793143233185,-46.356494525594584,4.626052926896332,8.415087659160015,-2.043086758856948,-2.5262301389617013e-14
154.09347360216196,-46.3587379338719,4.626077462322403,8.41197655576845,-2.0415004130126055,-2.1051917824680846e-14
154.10763347017402,-46.360981247127945,4.626106896183885,8.408842787544156,-2.0399177417280505,0.0
154.12179393205054,-46.36322445317086,4.626141220848531,8.405686450947583,-2.0383387264809283,0.0
154.13595499247555,-46.36546753980659,4.626180428684091,8.402507642421524,-2.0367633486843877,-1.2631150694808506e-14
154.15011665612124,-46.36771049483891,4.626224512058319,8.399306458391074,-2.035191589687092,-3.789345208442552e-14
154.16427892764827,-46.36995330606943,4.6262734633389675,8.396082995263598,-2.033623430773189,4.210383564936169e-15
154.1784418117051,-46.37219596129758,4.6263272748937885,8.392837349428726,-2.0320588531623835,-6.315575347404254e-14
154.19260531292863,-46.37443844832058,4.626385939090536,8.389569617258289,-2.030497838009875,-1.2631150694808506e-14
154.20676943594376,-46.376680754933524,4.6264494482969605,8.386279895106311,-2.028940366406409,-4.210383564936169e-15
154.2209341853636,-46.37892286892933,4.626517794880815,8.382968279308969,-2.0273864193782587,-5.4734986344170195e-14
154.23509956578937,-46.38116477809871,4.626590971209854,8.379634866184563,-2.0258359778872332,-2.947268495455318e-14
154.24926558181062,-46.383406470230305,4.626668969651828,8.376279752033504,-2.024289022830671,-4.210383564936169e-14
154.26343223800484,-46.38564793311054,4.626751782574488,8.372903033138249,-2.0227455350414747,-3.789345208442552e-14
154.2775995389377,-46.387889154523684,4.626839402345592,8.369504805763285,-2.0212054952880876,-4.631421921429786e-14
154.291767489163,-46.390130122251875,4.626931821332886,8.366085166155123,-2.0196688842745125,-2.947268495455318e-14
154.30593609322267,-46.39237082407512,4.627029031904124,8.362644210542244,-2.018135682640306,-2.1051917824680846e-14
154.3201053556467,-46.394611247771245,4.627131026427063,8.359182035135044,-2.0166058709605927,8.420767129872338e-15
154.33427528095334,-46.396851381115994,4.627237797269451,8.355698736125857,-2.0150794297460446,-3.789345208442552e-14
154.34844587364879,-46.39909121188291,4.627349336799041,8.352194409688892,-2.013556339442917,-5.0524602779234026e-14
154.36261713822736,-46.40133072784347,4.627465637383588,8.348669151980191,-2.0120365804330307,-2.5262301389617013e-14
154.3767890791715,-46.40356991676697,4.627586691390843,8.345123059137634,-2.0105201330337925,-5.4734986344170195e-14
154.39096170095166,-46.4058087664206,4.627712491188556,8.341556227280892,-2.0090069774981743,-1.2631150694808506e-14
154.40513500802632,-46.40804726456943,4.627843029144484,8.337968752511365,-2.007497094014745,-2.5262301389617013e-14
154.41930900484232,-46.410285398976434,4.627978297626375,8.334360730912211,-2.0059904627076315,-6.315575347404254e-14
154.43348369583424,-46.41252315740243,4.628118289001985,8.330732258548261,-2.004487063636563,-2.5262301389617013e-14
154.44765908542482,-46.41476052760617,4.628262995639066,8.327083431466013,-2.002986876796862,-4.631421921429786e-14
154.4618351780248,-46.416997497344255,4.628412409905367,8.323414345693605,-2.0014898821194356,-1.2631150694808506e-14
154.47601197803306,-46.41923405437121,4.628566524168646,8.319725097240774,-1.9999960594707908,-5.0524602779234026e-14
154.49018948983635,-46.421470186439436,4.628725330796652,8.316015782098818,-1.9985053886530293,-4.631421921429786e-14
154.50436771780969,-46.42370588129927,4.628888822157139,8.312286496240585,-1.9970178494038318,-1.6841534259744676e-14
154.51854666631587,-46.42594112669894,4.629056990617857,8.308537335620432,-1.9955334213965064,-3.789345208442552e-14
154.53272633970585,-46.42817591038456,4.629229828546561,8.304768396174186,-1.9940520842399463,0.0
154.54690674231844,-46.4304102201002,4.629407328311003,8.30097977381911,-1.9925738174786598,-2.5262301389617013e-14
154.5610878784806,-46.43264404358781,4.629589482278933,8.297171564453906,-1.9910986005927507,-5.4734986344170195e-14
154.57526975250713,-46.43487736858726,4.629776282818109,8.293343863958636,-1.9896264129979384,-1.2631150694808506e-14
154.589452368701,-46.437110182836406,4.6299677222962785,8.289496768194716,-1.9881572340455314,-3.368306851948935e-14
154.603635731353,-46.43934247407094,4.630163793081196,8.285630373004894,-1.9866910430224662,-4.631421921429786e-14
154.61781984474197,-46.44157423002456,4.630364487540612,8.281744774213198,-1.985227819151281,-4.210383564936169e-15
154.63200471313462,-46.44380543842883,4.630569798042282,8.277840067624902,-1.9837675415901308,8.420767129872338e-15
154.64619034078567,-46.446036087013304,4.630779716953957,8.273916349026525,-1.982310189432779,-2.947268495455318e-14
154.66037673193776,-46.448266163505444,4.6309942366433905,8.269973714185754,-1.9808557417086026,-8.420767129872338e-15
154.67456389082156,-46.450495655630704,4.631213349478333,8.266012258851466,-1.979404177382583,-5.0524602779234026e-14
154.68875182165564,-46.45272455111242,4.631437047826537,8.26203207875365,-1.9779554753553223,0.0
154.70294052864634,-46.454952837671925,4.631665324055759,8.258033269603388,-1.976509614463043,-4.210383564936169e-14
154.71713001598815,-46.457180503028496,4.631898170533747,8.254015927092844,-1.9750665734775714,-4.631421921429786e-14
154.73132028786327,-46.45940753489934,4.632135579628254,8.249980146895206,-1.973626331106352,-1.2631150694808506e-14
154.74551134844185,-46.46163392099967,4.632377543707035,8.24592602466466,-1.9721888659924534,-1.6841534259744676e-14
154.75970320188213,-46.46385964904265,4.632624055137841,8.241853656036382,-1.9707541567145332,-4.210383564936169e-15
154.77389585233,-46.46608470673938,4.632875106288424,8.237763136626459,-1.9693221817868838,-1.6841534259744676e-14
154.78808930391932,-46.46830908179898,4.633130689526537,8.233654562031903,-1.967892919659409,-8.420767129872338e-15
154.8022835607718,-46.47053276192852,4.633390797219933,8.229528027830602,-1.9664663487176222,-3.789345208442552e-14
