galstreams/tracks/track.st.Vid.ibata2021.ecsv
# %ECSV 0.9
# ---
# datatype:
# - {name: ra, unit: deg, datatype: float64}
# - {name: dec, unit: deg, datatype: float64}
# - {name: distance, unit: kpc, datatype: float64}
# - {name: pm_ra_cosdec, unit: mas / yr, datatype: float64}
# - {name: pm_dec, unit: mas / yr, datatype: float64}
# - {name: radial_velocity, unit: km / s, datatype: float64}
# delimiter: ','
# meta: !!omap
# - __serialized_columns__:
#     dec:
#       __class__: astropy.coordinates.angles.Latitude
#       unit: &id001 !astropy.units.Unit {unit: deg}
#       value: !astropy.table.SerializedColumn {name: dec}
#     distance:
#       __class__: astropy.coordinates.distances.Distance
#       unit: !astropy.units.Unit {unit: kpc}
#       value: !astropy.table.SerializedColumn {name: distance}
#     pm_dec:
#       __class__: astropy.units.quantity.Quantity
#       unit: !astropy.units.Unit {unit: mas / yr}
#       value: !astropy.table.SerializedColumn {name: pm_dec}
#     pm_ra_cosdec:
#       __class__: astropy.units.quantity.Quantity
#       unit: !astropy.units.Unit {unit: mas / yr}
#       value: !astropy.table.SerializedColumn {name: pm_ra_cosdec}
#     ra:
#       __class__: astropy.coordinates.angles.Longitude
#       unit: *id001
#       value: !astropy.table.SerializedColumn {name: ra}
#       wrap_angle: !astropy.coordinates.Angle
#         unit: *id001
#         value: 360.0
#     radial_velocity:
#       __class__: astropy.units.quantity.Quantity
#       unit: !astropy.units.Unit {unit: km / s}
#       value: !astropy.table.SerializedColumn {name: radial_velocity}
# schema: astropy-2.0
ra,dec,distance,pm_ra_cosdec,pm_dec,radial_velocity
[from data line 1461]
31.320135968141784,-33.3587052505613,24.416584208055863,0.09467169038835843,-0.7243368838304047,-8.420767129872338e-15
31.330599199617343,-33.36358613432352,24.4105819556652,0.0951206686263666,-0.7244547009175654,-8.420767129872338e-15
31.341065007465616,-33.36846430805329,24.404552068331757,0.09557030774988182,-0.7245727605521807,-1.6841534259744676e-14
31.351533393998402,-33.37333976773344,24.398494505414128,0.09602060851412045,-0.7246910621926395,-8.420767129872338e-15
31.362004361525592,-33.37821250934575,24.39240922627088,0.09647157167420259,-0.7248096052968551,-8.420767129872338e-15
31.372477912355127,-33.383082528870986,24.3862961902606,0.09692319798515127,-0.7249283893222651,0.0
31.38295404879305,-33.38794982228887,24.380155356741863,0.09737548820189296,-0.7250474137258303,-1.6841534259744676e-14
31.393432773143452,-33.3928143855781,24.37398668507326,0.09782844307925605,-0.7251666779640342,0.0
31.403914087708458,-33.39767621471633,24.36779013461337,0.09828206337197196,-0.7252861814928837,-8.420767129872338e-15
31.41439799478827,-33.40253530568018,24.36156566472077,0.09873634983467387,-0.7254059237679082,0.0
31.424884496681173,-33.40739165444525,24.355313234754046,0.09919130322189736,-0.7255259042441585,-8.420767129872338e-15
31.435373595683455,-33.4122452569861,24.349032804071776,0.09964692428807924,-0.7256461223762076,-8.420767129872338e-15
31.445865294089455,-33.41709610927623,24.342724332032542,0.10010321378755754,-0.7257665776181488,-8.420767129872338e-15
31.456359594191603,-33.42194420728816,24.33638777799493,0.1005601724745722,-0.7258872694235969,0.0
31.466856498280315,-33.42678954699331,24.33002310131752,0.10101780110326321,-0.7260081972456865,0.0
31.47735600864406,-33.431632124362125,24.323630261358883,0.10147610042767134,-0.7261293605370736,-1.6841534259744676e-14
31.487858127569353,-33.436471935363954,24.317209217477608,0.10193507120173813,-0.7262507587499315,0.0
31.498362857340727,-33.441308975967154,24.310759929032276,0.10239471417930456,-0.7263723913359545,-8.420767129872338e-15
31.508870200240736,-33.44614324213904,24.304282355381478,0.1028550301141116,-0.7264942577463552,0.0
31.519380158549954,-33.45097472984585,24.29777645588379,0.10331601975980012,-0.7266163574318641,-1.6841534259744676e-14
31.52989273454701,-33.45580343505285,24.291242189897776,0.10377768386990961,-0.7267386898427307,-8.420767129872338e-15
31.54040793050849,-33.46062935372424,24.284679516782035,0.10424002319787903,-0.7268612544287212,8.420767129872338e-15
31.550925748709037,-33.46545248182312,24.27808839589515,0.10470303849704578,-0.7269840506391192,-2.5262301389617013e-14
31.56144619142129,-33.47027281531167,24.271468786595694,0.10516673052064622,-0.7271070779227256,-8.420767129872338e-15
31.57196926091589,-33.475090350150936,24.26482064824225,0.10563110002181397,-0.727230335727857,-1.6841534259744676e-14
31.582494959461464,-33.47990508230096,24.2581439401934,0.10609614775358149,-0.7273538235023467,-1.6841534259744676e-14
31.59302328932468,-33.48471700772075,24.25143862180773,0.10656187446887816,-0.7274775406935428,0.0
31.603554252770138,-33.48952612236827,24.24470465244381,0.10702828092053121,-0.72760148674831,0.0
31.614087852060493,-33.49433242220043,24.237941991460236,0.10749536786126469,-0.7277256611130263,-1.6841534259744676e-14
31.62462408945635,-33.49913590317312,24.231150598215578,0.10796313604369964,-0.7278500632335849,-2.5262301389617013e-14
31.63516296721631,-33.50393656124118,24.224330432068424,0.10843158622035355,-0.727974692555393,-1.6841534259744676e-14
31.645704487596948,-33.50873439235841,24.217481452377356,0.10890071914363997,-0.7280995485233714,-1.6841534259744676e-14
31.65624865285281,-33.51352939247758,24.21060361850095,0.10937053556586883,-0.7282246305819542,-1.6841534259744676e-14
31.666795465236444,-33.51832155755039,24.203696889797794,0.10984103623924561,-0.728349938175088,-8.420767129872338e-15
31.67734492699832,-33.52311088352752,24.196761225626453,0.11031222191587108,-0.728475470746233,-1.6841534259744676e-14
31.687897040386932,-33.527897366358616,24.18979658534553,0.1107840933477414,-0.7286012277383594,-8.420767129872338e-15
31.69845180764869,-33.53268100199226,24.1828029283136,0.11125665128674746,-0.7287272085939511,-2.5262301389617013e-14
31.70900923102799,-33.53746178637601,24.17578021388923,0.11172989648467503,-0.7288534127550025,-8.420767129872338e-15
31.71956931276716,-33.54223971545637,24.168728401431018,0.11220382969320372,-0.7289798396630183,-8.420767129872338e-15
31.730132055106512,-33.5470147851788,24.161647450297544,0.11267845166390739,-0.7291064887590138,8.420767129872338e-15
31.74069746028427,-33.55178699148772,24.154537319847382,0.11315376314825384,-0.7292333594835161,-1.6841534259744676e-14
31.75126553053664,-33.55655633032651,24.147397969439115,0.11362976489760407,-0.7293604512765596,-8.420767129872338e-15
31.76183626809773,-33.5613227976375,24.140229358431327,0.11410645766321262,-0.7294877635776895,8.420767129872338e-15
31.772409675199633,-33.56608638936199,24.133031446182603,0.11458384219622676,-0.7296152958259592,-8.420767129872338e-15
31.78298575407233,-33.57084710144021,24.125804192051515,0.11506191924768602,-0.7297430474599311,-1.6841534259744676e-14
31.793564506943774,-33.57560492981137,24.11854755539665,0.11554068956852309,-0.7298710179176753,-1.6841534259744676e-14
31.8041459360398,-33.58035987041361,24.11126149557659,0.1160201539095619,-0.7299992066367695,-1.6841534259744676e-14
31.81473004358421,-33.585111919184065,24.103945971949912,0.11650031302151892,-0.7301276130542995,-8.420767129872338e-15
31.825316831798705,-33.58986107205877,24.096600943875202,0.11698116765500123,-0.730256236606857,-8.420767129872338e-15
31.83590630290289,-33.59460732497274,24.089226370711042,0.11746271856050805,-0.7303850767305409,-8.420767129872338e-15
31.84649845911432,-33.59935067385997,24.08182221181601,0.11794496648842895,-0.7305141328609562,-1.6841534259744676e-14
31.857093302648437,-33.60409111465338,24.07438842654869,0.11842791218904401,-0.7306434044332131,-1.6841534259744676e-14
31.867690835718562,-33.60882864328484,24.06692497426766,0.1189115564125239,-0.730772890881928,-8.420767129872338e-15
31.878291060535975,-33.613563255685165,24.059431814331507,0.11939589990892947,-0.7309025916412214,8.420767129872338e-15
31.888893979309803,-33.61829494778416,24.05190890609881,0.1198809434282113,-0.7310325061447185,-1.6841534259744676e-14
31.89949959424711,-33.62302371551055,24.04435620892814,0.12036668772020924,-0.7311626338255495,-8.420767129872338e-15
31.910107907552813,-33.62774955479202,24.036773682178094,0.12085313353465216,-0.7312929741163469,0.0
31.920718921429753,-33.6324724615552,24.029161285207245,0.12134028162115816,-0.7314235264492482,-2.5262301389617013e-14
31.931332638078615,-33.63719243172571,24.021518977374175,0.12182813272923396,-0.7315542902558924,-8.420767129872338e-15
31.941949059698,-33.64190946122807,24.013846718037467,0.12231668760827441,-0.7316852649674223,-8.420767129872338e-15
31.95256818848437,-33.64662354598576,24.006144466555703,0.12280594700756223,-0.7318164500144817,-1.6841534259744676e-14
31.96319002663207,-33.651334681921234,23.998412182287463,0.12329591167626815,-0.7319478448272174,-8.420767129872338e-15
31.973814576333297,-33.656042864955886,23.99064982459133,0.12378658236345004,-0.7320794488352763,-1.6841534259744676e-14
31.98444183977812,-33.66074809101007,23.98285735282589,0.12427795981805312,-0.7322112614678072,-8.420767129872338e-15
31.995071819154482,-33.665450356003056,23.97503472634971,0.12477004478890938,-0.73234328215346,-8.420767129872338e-15
32.00570451664819,-33.67014965585311,23.96718190452138,0.12526283802473714,-0.7324755103203834,8.420767129872338e-15
32.01633993444286,-33.67484598647737,23.959298846699483,0.1257563402741412,-0.7326079453962266,-1.6841534259744676e-14
32.02697807472001,-33.679539343792044,23.951385512242595,0.1262505522856121,-0.7327405868081387,-8.420767129872338e-15
32.037618939659,-33.68422972371218,23.943441860509306,0.12674547480752596,-0.7328734339827669,-1.6841534259744676e-14
32.048262531437004,-33.68891712215183,23.93546785085819,0.12724110858814477,-0.733006486346258,0.0
32.05890885222906,-33.69360153502395,23.92746344264784,0.12773745437561462,-0.7331397433242558,-8.420767129872338e-15
32.06955790420805,-33.69828295824051,23.919428595236813,0.12823451291796725,-0.7332732043419037,-1.6841534259744676e-14
32.08020968954466,-33.70296138771238,23.911363267983713,0.12873228496311795,-0.733406868823841,-8.420767129872338e-15
32.090864210407425,-33.70763681934937,23.90326742024712,0.129230771258867,-0.7335407361942046,8.420767129872338e-15
32.101521468962694,-33.71230924906026,23.895141011385597,0.12972997255289787,-0.7336748058766285,-8.420767129872338e-15
32.11218146737466,-33.716978672752774,23.886984000757746,0.13022988959277754,-0.7338090772942422,0.0
32.122844207805315,-33.72164508633358,23.878796347722144,0.13073052312595687,-0.7339435498696715,-1.6841534259744676e-14
32.13350969241448,-33.72630848570829,23.870578011637356,0.13123187389976865,-0.7340782230250379,-1.6841534259744676e-14
32.14417792335976,-33.73096886678146,23.862328951861983,0.13173394266142902,-0.7342130961819577,-1.6841534259744676e-14
32.15484890279661,-33.735626225456606,23.8540491277546,0.13223673015803622,-0.7343481687615421,0.0
32.16552263287825,-33.740280557636154,23.845738498673782,0.13274023713657024,-0.734483440184396,-8.420767129872338e-15
32.17619911575571,-33.744931859221516,23.837397023978117,0.13324446434389275,-0.7346189098706195,-1.6841534259744676e-14
32.18687835357781,-33.74958012611303,23.829024663026196,0.13374941252674716,-0.7347545772398049,-1.6841534259744676e-14
32.1975603484912,-33.75422535420998,23.820621375176575,0.13425508243175766,-0.7348904417110387,-1.6841534259744676e-14
32.20824510264028,-33.75886753941058,23.812187119787854,0.13476147480542924,-0.7350265027028993,-8.420767129872338e-15
32.21893261816724,-33.76350667761203,23.80372185621862,0.13526859039414693,-0.7351627596334575,-1.6841534259744676e-14
32.22962289721207,-33.76814276471043,23.79522554382743,0.13577642994417682,-0.7352992119202771,-8.420767129872338e-15
32.24031594191249,-33.772775796600826,23.786698141972895,0.13628499420166362,-0.7354358589804124,-8.420767129872338e-15
32.251011754404075,-33.77740576917724,23.778139610013564,0.13679428391263282,-0.7355727002304099,-8.420767129872338e-15
32.261710336820094,-33.7820326783326,23.769549907308054,0.13730429982298809,-0.7357097350863049,-2.5262301389617013e-14
32.27241169129163,-33.78665651995882,23.760928993214918,0.13781504267851197,-0.7358469629636256,-8.420767129872338e-15
32.283115819947504,-33.791277289946706,23.752276827092754,0.1383265132248661,-0.7359843832773888,-8.420767129872338e-15
32.29382272491429,-33.79589498418605,23.743593368300132,0.1388387122075904,-0.7361219954421011,-1.6841534259744676e-14
32.30453240831635,-33.80050959856555,23.73487857619564,0.13935164037210196,-0.7362597988717582,-1.6841534259744676e-14
32.31524487227576,-33.80512112897287,23.726132410137854,0.13986529846369622,-0.7363977929798458,8.420767129872338e-15
32.32596011891237,-33.809729571294596,23.717354829485373,0.14037968722754535,-0.7365359771793358,-1.6841534259744676e-14
32.33667815034377,-33.81433492141629,23.70854579359675,0.14089480740869936,-0.7366743508826906,-8.420767129872338e-15
32.34739896868526,-33.81893717522241,23.699705261830587,0.1414106597520834,-0.7368129135018586,0.0
32.35812257604994,-33.82353632859639,23.690833193545462,0.1419272450025006,-0.7369516644482764,-8.420767129872338e-15
32.36884897454856,-33.82813237742057,23.68192954809995,0.1424445639046289,-0.7370906031328669,-1.6841534259744676e-14
32.379578166289676,-33.832725317576276,23.672994284852628,0.14296261720302283,-0.7372297289660403,-8.420767129872338e-15
32.390310153379524,-33.83731514494375,23.6640273631621,0.14348140564211095,-0.7373690413576913,-8.420767129872338e-15
32.401044937922066,-33.84190185540214,23.655028742386925,0.1440009299661983,-0.7375085397172024,-8.420767129872338e-15
32.411782522018996,-33.84648544482959,23.645998381885697,0.14452119091946397,-0.7376482234534397,-8.420767129872338e-15
32.4225229077697,-33.851065909103156,23.636936241016986,0.14504218924596166,-0.737788091974756,-8.420767129872338e-15
32.433266097271314,-33.85564324409883,23.627842279139383,0.14556392568961862,-0.7379281446889867,-8.420767129872338e-15
32.44401209261863,-33.86021744569155,23.618716455611466,0.14608640099423648,-0.7380683810034532,-8.420767129872338e-15
32.454760895904165,-33.864788509755186,23.60955872979182,0.1466096159034898,-0.7382088003249588,-8.420767129872338e-15
32.46551250921815,-33.86935643216256,23.600369061039018,0.1471335711609267,-0.7383494020597922,0.0
32.47626693464848,-33.87392120878541,23.591147408711652,0.14765826750996744,-0.7384901856137235,-2.5262301389617013e-14
32.487024174280776,-33.878482835494445,23.581893732168297,0.1481837056939055,-0.7386311503920066,-8.420767129872338e-15
32.497784230198306,-33.88304130815927,23.572607990767537,0.14870988645590563,-0.7387722957993768,-8.420767129872338e-15
32.50854710448205,-33.887596622648445,23.563290143867945,0.14923681053900495,-0.7389136212400516,-1.6841534259744676e-14
32.51931279921066,-33.89214877482948,23.55394015082811,0.1497644786861117,-0.7390551261177297,-1.6841534259744676e-14
32.53008131646046,-33.89669776056882,23.54455797100662,0.15029289164000542,-0.7391968098355913,-8.420767129872338e-15
32.54085265830545,-33.90124357573181,23.535143563762045,0.1508220501433364,-0.7393386717962976,-8.420767129872338e-15
32.551626826817305,-33.905786216182776,23.525696888452963,0.15135195493862535,-0.7394807114019891,-8.420767129872338e-15
32.56240382406534,-33.91032567778496,23.516217904437973,0.1518826067682629,-0.7396229280542865,-1.6841534259744676e-14
32.57318365211653,-33.91486195640055,23.506706571075643,0.15241400637450983,-0.7397653211542905,-8.420767129872338e-15
32.58396631303557,-33.91939504789063,23.49716284772456,0.15294615449949608,-0.739907890102581,-2.5262301389617013e-14
32.59475180888472,-33.9239249481153,23.487586693743292,0.15347905188522087,-0.7400506342992161,-8.420767129872338e-15
32.60554014172395,-33.92845165293351,23.477978068490433,0.15401269927355193,-0.7401935531437325,-8.420767129872338e-15
32.616331313610836,-33.93297515820318,23.468336931324572,0.1545470974062257,-0.740336646035145,-1.6841534259744676e-14
32.62712532660061,-33.93749545978119,23.458663241604274,0.1550822470248468,-0.7404799123719463,-8.420767129872338e-15
32.637922182746166,-33.94201255352331,23.448956958688132,0.15561814887088726,-0.7406233515521055,0.0
32.648721884097995,-33.94652643528425,23.439218041934716,0.15615480368568696,-0.740766962973069,-2.5262301389617013e-14
32.65952443270422,-33.9510371009177,23.42944645070262,0.1566922122104522,-0.74091074603176,-8.420767129872338e-15
32.670329830610605,-33.95554454627622,23.41964214435042,0.15723037518625654,-0.7410547001245773,-1.6841534259744676e-14
32.68113807986054,-33.96004876721136,23.409805082236687,0.15776929335404052,-0.7411988246473954,-8.420767129872338e-15
32.691949182495016,-33.964549759573565,23.399935223720025,0.15830896745460926,-0.7413431189955644,-1.6841534259744676e-14
32.702763140552655,-33.969047519212225,23.39003252815899,0.1588493982286348,-0.7414875825639092,0.0
32.71357995606966,-33.973542041975655,23.380096954912187,0.1593905864166541,-0.7416322147467291,-1.6841534259744676e-14
32.72439963107987,-33.97803332371112,23.370128463338176,0.1599325327590692,-0.7417770149377978,-1.6841534259744676e-14
32.73522216761472,-33.98252136026481,23.360127012795555,0.1604752379961467,-0.7419219825303625,-8.420767129872338e-15
32.746047567703236,-33.987006147481836,23.350092562642903,0.16101870286801842,-0.7420671169171438,0.0
32.75687583337205,-33.99148768120625,23.340025072238788,0.16156292811467848,-0.7422124174903357,-8.420767129872338e-15
32.76770696664535,-33.99596595728104,23.329924500941804,0.16210791447598621,-0.7423578836416043,0.0
