galstreams/tracks/track.st.TucanaIII.ibata2024.ecsv
# %ECSV 1.0
# ---
# datatype:
# - {name: ra, unit: deg, datatype: float64}
# - {name: dec, unit: deg, datatype: float64}
# - {name: distance, unit: kpc, datatype: float64}
# - {name: pm_ra_cosdec, unit: mas / yr, datatype: float64}
# - {name: pm_dec, unit: mas / yr, datatype: float64}
# - {name: radial_velocity, unit: km / s, datatype: float64}
# delimiter: ','
# meta: !!omap
# - __serialized_columns__:
#     dec:
#       __class__: astropy.coordinates.angles.Latitude
#       unit: &id001 !astropy.units.Unit {unit: deg}
#       value: !astropy.table.SerializedColumn {name: dec}
#     distance:
#       __class__: astropy.coordinates.distances.Distance
#       unit: !astropy.units.Unit {unit: kpc}
#       value: !astropy.table.SerializedColumn {name: distance}
#     pm_dec:
#       __class__: astropy.units.quantity.Quantity
#       unit: !astropy.units.Unit {unit: mas / yr}
#       value: !astropy.table.SerializedColumn {name: pm_dec}
#     pm_ra_cosdec:
#       __class__: astropy.units.quantity.Quantity
#       unit: !astropy.units.Unit {unit: mas / yr}
#       value: !astropy.table.SerializedColumn {name: pm_ra_cosdec}
#     ra:
#       __class__: astropy.coordinates.angles.Longitude
#       unit: *id001
#       value: !astropy.table.SerializedColumn {name: ra}
#       wrap_angle: !astropy.coordinates.Angle
#         unit: *id001
#         value: 360.0
#     radial_velocity:
#       __class__: astropy.units.quantity.Quantity
#       unit: !astropy.units.Unit {unit: km / s}
#       value: !astropy.table.SerializedColumn {name: radial_velocity}
# schema: astropy-2.0
ra,dec,distance,pm_ra_cosdec,pm_dec,radial_velocity
12.25832246202537,-58.91684415304843,1.0000000000000004,0.42525950966327875,-1.3823937287525754,-18.287420941856453
12.236801010197645,-58.91548934537195,1.0000000000000009,0.42386065304907394,-1.3824607075974924,-18.474298188229668
12.215290977708163,-58.91414605066065,1.0000000000000004,0.4224647050468847,-1.382529404275105,-18.660967590772557
12.193792325392565,-58.912814251659704,1.0000000000000007,0.42107165904032856,-1.382599819099851,-18.847429288126182
12.17230501416264,-58.91149393109418,1.0000000000000007,0.419681508418622,-1.3826719523735473,-19.03368341893152
12.150829005006292,-58.910185071669126,1.0000000000000007,0.4182942465765736,-1.3827458043854313,-19.219730121829627
12.129364258986909,-58.908887656069645,1.0000000000000007,0.41690986691456516,-1.3828213754121945,-19.405569535461513
12.107910737243852,-58.90760166696084,1.0000000000000007,0.41552836283855654,-1.3828986657180242,-19.591201798468223
12.08646840099184,-58.90632708698801,1.0000000000000007,0.414149727760065,-1.382977675554638,-19.77662704949074
12.065037211520904,-58.90506389877658,1.0000000000000009,0.4127739550961594,-1.3830584051613237,-19.961845427170115
12.043617130196198,-58.903812084932234,1.0000000000000007,0.4114010382694513,-1.3831408547649762,-20.14685707014736
12.022208118457844,-58.90257162804089,1.0000000000000004,0.41003097070808325,-1.3832250245801303,-20.3316621170635
12.000810137820844,-58.90134251066883,1.0000000000000007,0.4086637458457234,-1.3833109148090035,-20.516260706559578
11.979423149874547,-58.900124715362736,1.0000000000000007,0.40729935712154763,-1.3833985256415342,-20.700652977276572
11.958047116283046,-58.89891822464967,1.0000000000000007,0.405937797980242,-1.3834878572554132,-20.88483906785554
11.936681998784621,-58.89772302103721,1.0000000000000009,0.40457906187198317,-1.3835789098161169,-21.06881911693749
11.915327759191701,-58.89653908701345,1.0000000000000007,0.4032231422524368,-1.3836716834769576,-21.252593263163448
11.893984359390636,-58.89536640504707,1.0000000000000007,0.4018700325827406,-1.383766178379106,-21.436161645174437
11.872651761341608,-58.894204957587355,1.0000000000000007,0.400519726329501,-1.3838623946516306,-21.6195244016115
11.85132992707841,-58.89305472706432,1.0000000000000007,0.39917221696478206,-1.3839603324115417,-21.802681671115607
11.830018818708309,-58.89191569588865,1.0000000000000007,0.397827497966095,-1.3840599917638137,-21.98563359232783
11.808718398411978,-58.89078784645184,1.0000000000000007,0.396485562816392,-1.3841613728014337,-22.168380303889162
11.787428628442925,-58.88967116112624,1.0000000000000007,0.3951464050040496,-1.3842644756054294,-22.350921944440643
11.766149471127944,-58.88856562226504,1.0000000000000009,0.39381001802287013,-1.3843693002449065,-22.53325865262329
11.744880888866563,-58.88747121220237,1.0000000000000007,0.39247639537206647,-1.3844758467770855,-22.715390567078135
11.723622844130952,-58.88638791325329,1.0000000000000007,0.39114553055625156,-1.3845841152473275,-22.897317826446177
11.70237529946579,-58.88531570771398,1.0000000000000007,0.3898174170854332,-1.3846941056891884,-23.079040569368463
11.681138217488115,-58.884254577861576,1.0000000000000007,0.3884920484750039,-1.3848058181244327,-23.260558934486003
11.659911560887227,-58.88320450595438,1.0000000000000007,0.387169418245731,-1.3849192525630776,-23.441873060439818
11.638695292424162,-58.882165474231925,1.0000000000000007,0.38584951992374383,-1.3850344090034354,-23.622983085870928
11.617489374932132,-58.88113746491488,1.0000000000000009,0.38453234704053313,-1.3851512874321315,-23.803889149420375
11.596293771315974,-58.88012046020516,1.0000000000000007,0.38321789313293847,-1.3852698878241476,-23.98459138972915
11.575108444552066,-58.879114442286074,1.0000000000000004,0.3819061517431353,-1.3853902101428592,-24.165089945438297
11.553933357688193,-58.87811939332222,1.0000000000000007,0.38059711641863087,-1.3855122543400606,-24.345384955188845
11.532768473843424,-58.87713529545963,1.0000000000000007,0.3792907807122545,-1.385636020356007,-24.5254765576218
11.511613756207876,-58.87616213082576,1.0000000000000007,0.37798713818214663,-1.3857615081194399,-24.70536489137819
11.490469168042768,-58.87519988152957,1.0000000000000007,0.37668618239175566,-1.3858887175476273,-24.885050095099043
11.469334672679762,-58.87424852966163,1.0000000000000007,0.37538790690981644,-1.3860176485463975,-25.064532307425385
11.448210233521495,-58.873308057294004,1.0000000000000007,0.3740923053103564,-1.3861483010101632,-25.243811666998226
11.427095814040985,-58.87237844648044,1.0000000000000007,0.37279937117268,-1.386280674821966,-25.4228883124586
11.405991377781596,-58.87145967925639,1.0000000000000007,0.3715090980813596,-1.3864147698535025,-25.601762382447504
11.38489688835689,-58.870551737638976,1.0000000000000009,0.3702214796262282,-1.386550585965158,-25.780434015605977
11.363812309450454,-58.869654603627154,1.0000000000000007,0.3689365094023683,-1.38668812300604,-25.95890335057506
11.3427376048158,-58.86876825920165,1.0000000000000009,0.36765418101010716,-1.3868273808140086,-26.13717052599576
11.321672738276263,-58.8678926863251,1.0000000000000009,0.36637448805500844,-1.386968359215718,-26.315235680509094
11.300617673724489,-58.86702786694206,1.0000000000000007,0.3650974241478537,-1.3871110580266368,-26.493098952756082
11.279572375122871,-58.866173782978976,1.0000000000000007,0.3638229829046483,-1.387255477051076,-26.670760481377755
11.258536806503042,-58.86533041634435,1.0000000000000007,0.3625511579466059,-1.3874016160822462,-26.848220405015148
11.237510931965762,-58.86449774892875,1.0000000000000007,0.36128194290013776,-1.3875494749022632,-27.025478862309274
11.216494715680843,-58.86367576260477,1.0000000000000004,0.36001533139684866,-1.3876990532821911,-27.20253599190111
11.195488121886944,-58.862864439227174,1.0000000000000004,0.3587513170735251,-1.3878503509820685,-27.37939193243177
11.17449111489149,-58.86206376063294,1.0000000000000007,0.35748989357213135,-1.388003367750955,-27.556046822542196
11.15350365907058,-58.86127370864119,1.0000000000000004,0.35623105453979625,-1.3881581033269348,-27.73250080087347
11.132525718868454,-58.86049426505343,1.0000000000000004,0.35497479362880313,-1.3883145574371794,-27.908754006066545
11.111557258797978,-58.85972541165337,1.0000000000000004,0.35372110449659105,-1.3884727297979542,-28.084806576762503
11.090598243440084,-58.85896713020714,1.0000000000000004,0.35246998080573855,-1.3886326201146604,-28.260658651602355
11.069648637443732,-58.85821940246326,1.0000000000000004,0.35122141622395736,-1.388794228081867,-28.4363103692271
11.04870840552576,-58.857482210152675,1.0000000000000004,0.34997540442408437,-1.3889575533833338,-28.611761868277792
11.027777512470774,-58.856755534988864,1.0000000000000004,0.34873193908407396,-1.389122595692053,-28.787013287395435
11.006855923130969,-58.85603935866776,1.0000000000000004,0.34749101388698783,-1.3892893546702623,-28.962064765221054
10.985943602426154,-58.85533366286792,1.0000000000000004,0.3462526225209923,-1.3894578299694942,-29.13691644039567
10.965040515343134,-58.854638429250556,1.0000000000000004,0.3450167586793387,-1.3896280212306,-29.311568451560305
10.944146626936227,-58.853953639459476,1.0000000000000004,0.34378341606036894,-1.3897999280837685,-29.48602093735599
10.923261902326745,-58.85327927512123,1.0000000000000004,0.3425525883675005,-1.3899735501485737,-29.66027403642374
10.902386306702898,-58.85261531784509,1.0000000000000004,0.3413242693092192,-1.3901488870339906,-29.834327887404577
10.881519805319709,-58.851961749223136,1.0000000000000004,0.3400984525990694,-1.3903259383384303,-30.00818262893953
10.860662363498855,-58.851318550830264,1.0000000000000004,0.33887513195564933,-1.3905047036497735,-30.181838399669605
10.839813946628562,-58.85068570422423,1.0000000000000004,0.3376543011026033,-1.3906851825453885,-30.355295338235848
10.818974520163534,-58.850063190945754,1.0000000000000004,0.33643595376861124,-1.390867374592176,-30.52855358327927
10.798144049624433,-58.84945099251846,1.0000000000000004,0.3352200836873773,-1.3910512793465801,-30.701613273440902
10.777322500598391,-58.84884909044903,1.0000000000000004,0.33400668459763394,-1.3912368963546364,-30.874474547361725
10.756509838738406,-58.84825746622711,1.0000000000000004,0.33279575024312225,-1.3914242251519853,-31.047137543682826
10.735706029763374,-58.8476761013255,1.0000000000000002,0.3315872743725907,-1.3916132652639108,-31.219602401045186
10.714911039457911,-58.847104977200075,1.0000000000000004,0.3303812507397841,-1.3918040162053598,-31.391869258089837
10.694124833672278,-58.84654407528988,1.0000000000000004,0.3291776731034384,-1.3919964774809799,-31.563938253457803
10.673347378322202,-58.8459933770172,1.0000000000000004,0.327976535227271,-1.3921906485851459,-31.735809525790124
10.652578639388864,-58.84545286378751,1.0000000000000004,0.32677783087997536,-1.3923865290019792,-31.907483213727772
10.63181858291839,-58.844922516989634,1.0000000000000004,0.32558155383520804,-1.3925841182053906,-32.07895945591183
10.611067175022296,-58.844402317995694,1.0000000000000004,0.32438769787158805,-1.3927834156590952,-32.25023839098327
10.590324381876993,-58.843892248161175,1.0000000000000004,0.3231962567726867,-1.3929844208166484,-32.421320157583175
10.569590169723732,-58.843392288824994,1.0000000000000004,0.3220072243270181,-1.3931871331214718,-32.59220489435248
10.548864504868495,-58.84290242130947,1.0000000000000004,0.32082059432803367,-1.3933915520068743,-32.76289273993228
10.52814735368187,-58.84242262692047,1.0000000000000004,0.31963636057411426,-1.393597676896094,-32.933383832963564
10.507438682598918,-58.84195288694734,1.0000000000000004,0.31845451686856174,-1.3938055072023068,-33.10367831208737
10.486738458119175,-58.841493182663015,1.0000000000000004,0.3172750570195958,-1.394015042328673,-33.273776315944716
10.466046646806083,-58.84104349532407,1.0000000000000004,0.3160979748403355,-1.3942262816683515,-33.44367798317664
10.445363215287522,-58.8406038061707,1.0000000000000007,0.3149232641488079,-1.3944392246045347,-33.613383452424145
10.42468813025524,-58.840174096426765,1.0000000000000004,0.31375091876792804,-1.3946538705104614,-33.78289286232823
10.40402135846487,-58.83975434729989,1.0000000000000004,0.3125809325254967,-1.3948702187494666,-33.95220635152997
10.38336286673579,-58.83934453998146,1.0000000000000004,0.3114132992541927,-1.3950882686749897,-34.12132405867035
10.362712621951012,-58.83894465564666,1.0000000000000004,0.3102480127915669,-1.3953080196306047,-34.290246122390414
10.342070591057052,-58.83855467545449,1.0000000000000007,0.30908506698003124,-1.3955294709500503,-34.45897268133118
10.321436741063915,-58.838174580547864,1.0000000000000004,0.3079244556668571,-1.3957526219572602,-34.627503874133666
10.300811039044591,-58.83780435205366,1.0000000000000004,0.30676617270415796,-1.3959774719663796,-34.79583983943886
10.280193452135517,-58.83744397108268,1.0000000000000004,0.3056102119488977,-1.3962040202817994,-34.96398071588785
10.259583947536072,-58.83709341872968,1.0000000000000004,0.30445656726286985,-1.3964322661981727,-35.131926642121634
10.238982492508551,-58.83675267607351,1.0000000000000004,0.3033052325126977,-1.3966622090004526,-35.2996777567812
10.218389054378076,-58.836421724177086,1.0000000000000004,0.30215620156982537,-1.396893847963911,-35.46723419850763
10.197803600532437,-58.83610054408743,1.0000000000000004,0.30100946831051023,-1.397127182354163,-35.6345961059419
10.177226098422022,-58.835789116835734,1.0000000000000004,0.2998650266158168,-1.3973622114272048,-35.80176361772504
10.156656515559774,-58.83548742343734,1.0000000000000004,0.2987228703716125,-1.3975989344294177,-35.968736872498084
10.13609481952067,-58.83519544489188,1.0000000000000004,0.29758299346854933,-1.3978373505976136,-36.13551600890206
10.115540977942238,-58.834913162183206,1.0000000000000004,0.2964453898020738,-1.3980774591590488,-36.30210116557797
10.094994958524042,-58.83464055627947,1.0000000000000007,0.29531005327240945,-1.3983192593314522,-36.46849248116684
10.074456729027643,-58.834377608133195,1.0000000000000004,0.29417697778455176,-1.3985627503230593,-36.63469009430972
10.053926257276498,-58.83412429868129,1.0000000000000004,0.2930461572482622,-1.3988079313326196,-36.80069414364762
10.033403511155862,-58.833880608845014,1.0000000000000004,0.29191758557806213,-1.39905480154943,-36.96650476782153
10.01288845861267,-58.83364651953014,1.0000000000000002,0.2907912566932239,-1.3993033601533678,-37.1321221054725
9.992381067655533,-58.83342201162691,1.0000000000000004,0.28966716451776875,-1.399553606314904,-37.297546295241546
9.97188130635419,-58.83320706601011,1.0000000000000004,0.28854530298045045,-1.3998055391951336,-37.46277747576971
9.951389142840078,-58.83300166353906,1.0000000000000004,0.2874256660147614,-1.4000591579457944,-37.627815785698004
9.930904545305747,-58.8328057850577,1.0000000000000004,0.28630824755891726,-1.4003144617092977,-37.79266136366744
9.910427482004893,-58.8326194113946,1.0000000000000004,0.28519304155585445,-1.400571449618754,-37.957314348319045
9.889957921252241,-58.832442523363,1.0000000000000004,0.2840800419532217,-1.400830120797989,-38.121774878293834
9.869495831423436,-58.832275101760835,1.0000000000000004,0.2829692427033723,-1.4010904743615682,-38.28604309223284
9.84904118095494,-58.83211712737082,1.0000000000000004,0.28186063776336145,-1.401352509414835,-38.45011912877708
9.828593938344035,-58.831968580960414,1.0000000000000002,0.2807542210949405,-1.4016162250539135,-38.614003126567574
9.808154072148279,-58.83182944328193,1.0000000000000004,0.2796499866645371,-1.4018816203657551,-38.77769522424538
9.787721550986076,-58.83169969507252,1.0000000000000004,0.2785479284432727,-1.4021486944281394,-38.941195560451476
9.767296343536088,-58.83157931705419,1.0000000000000004,0.2774480404069356,-1.4024174463097072,-39.104504273826905
9.746878418537303,-58.83146828993394,1.0000000000000004,0.27635031653598474,-1.4026878750699985,-39.26762150301267
9.726467744788874,-58.83136659440366,1.0000000000000004,0.2752547508155392,-1.4029599797594519,-39.43054738664981
9.706064291150065,-58.83127421114026,1.0000000000000004,0.27416133723537583,-1.4032337594194355,-39.593282063379355
9.685668026540114,-58.83119112080569,1.0000000000000004,0.2730700697899191,-1.4035092130822826,-39.75582567184232
9.66527891993825,-58.83111730404695,1.0000000000000004,0.2719809424782381,-1.4037863397712975,-39.91817835067972
9.644896940383182,-58.83105274149618,1.0000000000000004,0.270893949304036,-1.404065138500795,-40.08034023853258
9.62452205697361,-58.8309974137706,1.0000000000000004,0.26980908427564954,-1.4043456082761052,-40.24231147404194
9.604154238867721,-58.83095130147263,1.0000000000000007,0.26872634140604057,-1.4046277480936071,-40.40409219584881
9.583793455283187,-58.8309143851899,1.0000000000000004,0.267645714712788,-1.4049115569407582,-40.5656825425942
9.563439675497067,-58.83088664549526,1.0000000000000007,0.26656719821808583,-1.4051970337960968,-40.727082652919115
9.543092868845712,-58.83086806294684,1.0000000000000004,0.26549078594873343,-1.4054841776292855,-40.888292665464625
9.52275300472465,-58.830858618088094,1.0000000000000004,0.2644164719361307,-1.4057729874011153,-41.04931271887174
9.502420052588635,-58.830858291447775,1.0000000000000004,0.2633442502162753,-1.4060634620635444,-41.21014295178148
9.482093981951083,-58.830867063540104,1.0000000000000004,0.2622741148297477,-1.4063556005597104,-41.37078350283484
9.461774762384643,-58.83088491486462,1.0000000000000004,0.26120605982171885,-1.406649401823958,-41.531234510672896
9.44146236352065,-58.83091182590635,1.0000000000000004,0.26014007924193217,-1.4069448647818508,-41.69149611393663
9.421156755049154,-58.830947777135776,1.0000000000000004,0.2590761671447056,-1.4072419883502039,-41.85156845126707
9.400857906718835,-58.830992749008935,1.0000000000000004,0.25801431758892157,-1.4075407714371062,-42.01145166130525
