galstreams/tracks/track.st.Alpheus.grillmair2013.ecsv
# %ECSV 1.0
# ---
# datatype:
# - {name: ra, unit: deg, datatype: float64}
# - {name: dec, unit: deg, datatype: float64}
# - {name: distance, unit: kpc, datatype: float64}
# - {name: pm_ra_cosdec, unit: mas / yr, datatype: float64}
# - {name: pm_dec, unit: mas / yr, datatype: float64}
# - {name: radial_velocity, unit: km / s, datatype: float64}
# delimiter: ','
# meta: !!omap
# - __serialized_columns__:
#     dec:
#       __class__: astropy.coordinates.angles.Latitude
#       unit: &id001 !astropy.units.Unit {unit: deg}
#       value: !astropy.table.SerializedColumn {name: dec}
#     distance:
#       __class__: astropy.coordinates.distances.Distance
#       unit: !astropy.units.Unit {unit: kpc}
#       value: !astropy.table.SerializedColumn {name: distance}
#     pm_dec:
#       __class__: astropy.units.quantity.Quantity
#       unit: !astropy.units.Unit {unit: mas / yr}
#       value: !astropy.table.SerializedColumn {name: pm_dec}
#     pm_ra_cosdec:
#       __class__: astropy.units.quantity.Quantity
#       unit: !astropy.units.Unit {unit: mas / yr}
#       value: !astropy.table.SerializedColumn {name: pm_ra_cosdec}
#     ra:
#       __class__: astropy.coordinates.angles.Longitude
#       unit: *id001
#       value: !astropy.table.SerializedColumn {name: ra}
#       wrap_angle: !astropy.coordinates.Angle
#         unit: *id001
#         value: 360.0
#     radial_velocity:
#       __class__: astropy.units.quantity.Quantity
#       unit: !astropy.units.Unit {unit: km / s}
#       value: !astropy.table.SerializedColumn {name: radial_velocity}
# schema: astropy-2.0
ra,dec,distance,pm_ra_cosdec,pm_dec,radial_velocity
[from data line 2102]
27.024680001274376,-48.14190906639207,1.9476293325285232,0.0,0.0,0.0
27.026800995648923,-48.13199972806363,1.9477944985613114,0.0,0.0,0.0
27.028921546799367,-48.122090378428496,1.9479596649385444,0.0,0.0,0.0
27.03104165471556,-48.11218101746689,1.9481248316609987,0.0,0.0,0.0
27.033161319387318,-48.102271645159085,1.94828999872945,0.0,0.0,0.0
27.035280540804443,-48.0923622614854,1.9484551661446743,0.0,0.0,0.0
27.037399318956695,-48.0824528664261,1.948620333907447,0.0,0.0,0.0
27.039517653833833,-48.07254345996156,1.9487855020185447,0.0,0.0,0.0
27.041635545425546,-48.0626340420721,1.9489506704787432,0.0,0.0,0.0
27.04375299372154,-48.052724612738125,1.9491158392888182,0.0,0.0,0.0
27.045869998711474,-48.04281517194002,1.9492810084495453,0.0,0.0,0.0
27.047986560384974,-48.03290571965821,1.9494461779617007,0.0,0.0,0.0
27.05010267873166,-48.02299625587313,1.9496113478260602,0.0,0.0,0.0
27.0522183537411,-48.01308678056526,1.9497765180434001,0.0,0.0,0.0
27.054333585402865,-48.00317729371507,1.949941688614496,0.0,0.0,0.0
27.056448373706473,-47.99326779530308,1.950106859540123,0.0,0.0,0.0
27.058562718641426,-47.9833582853098,1.950272030821058,0.0,0.0,0.0
27.060676620197192,-47.973448763715794,1.9504372024580765,0.0,0.0,0.0
27.06279007836323,-47.96353923050164,1.950602374451954,0.0,0.0,0.0
27.064903093128954,-47.95362968564792,1.950767546803467,0.0,0.0,0.0
27.067015664483765,-47.94372012913525,1.950932719513392,0.0,0.0,0.0
27.069127792417024,-47.93381056094428,1.9510978925825038,0.0,0.0,0.0
27.071239476918077,-47.92390098105565,1.951263066011578,0.0,0.0,0.0
27.073350717976233,-47.91399138945005,1.9514282398013914,0.0,0.0,0.0
27.075461515580777,-47.90408178610817,1.9515934139527198,0.0,0.0,0.0
27.07757186972098,-47.89417217101076,1.9517585884663384,0.0,0.0,0.0
27.079681780386068,-47.88426254413854,1.951923763343023,0.0,0.0,0.0
27.081791247565253,-47.87435290547229,1.9520889385835507,0.0,0.0,0.0
27.083900271247703,-47.86444325499279,1.9522541141886967,0.0,0.0,0.0
27.086008851422584,-47.85453359268085,1.9524192901592368,0.0,0.0,0.0
27.088116988079026,-47.84462391851729,1.9525844664959464,0.0,0.0,0.0
27.090224681206116,-47.834714232482995,1.9527496431996025,0.0,0.0,0.0
27.092331930792934,-47.824804534558815,1.9529148202709805,0.0,0.0,0.0
27.09443873682853,-47.81489482472562,1.9530799977108555,0.0,0.0,0.0
27.09654509930191,-47.80498510296437,1.9532451755200049,0.0,0.0,0.0
27.09865101820208,-47.79507536925598,1.953410353699203,0.0,0.0,0.0
27.100756493518,-47.78516562358141,1.9535755322492268,0.0,0.0,0.0
27.10286152523862,-47.775255865921665,1.9537407111708516,0.0,0.0,0.0
27.10496611335283,-47.765346096257694,1.9539058904648536,0.0,0.0,0.0
27.107070257849532,-47.75543631457055,1.9540710701320083,0.0,0.0,0.0
27.10917395871758,-47.745526520841295,1.954236250173092,0.0,0.0,0.0
27.11127721594581,-47.735616715050966,1.9544014305888806,0.0,0.0,0.0
27.11338002952302,-47.725706897180665,1.9545666113801499,0.0,0.0,0.0
27.115482399438,-47.71579706721148,1.9547317925476755,0.0,0.0,0.0
27.11758432567948,-47.70588722512457,1.9548969740922337,0.0,0.0,0.0
27.119685808236206,-47.695977370901055,1.9550621560145998,0.0,0.0,0.0
27.121786847096864,-47.686067504522114,1.9552273383155505,0.0,0.0,0.0
27.12388744225013,-47.67615762596894,1.955392520995861,0.0,0.0,0.0
27.125987593684645,-47.66624773522277,1.9555577040563075,0.0,0.0,0.0
27.12808730138903,-47.6563378322648,1.9557228874976655,0.0,0.0,0.0
27.13018656535186,-47.6464279170763,1.9558880713207116,0.0,0.0,0.0
27.13228538556172,-47.63651798963856,1.9560532555262207,0.0,0.0,0.0
27.134383762007126,-47.62660804993286,1.9562184401149703,0.0,0.0,0.0
27.13648169467661,-47.61669809794053,1.9563836250877342,0.0,0.0,0.0
27.13857918355864,-47.60678813364291,1.95654881044529,0.0,0.0,0.0
27.14067622864167,-47.59687815702136,1.9567139961884121,0.0,0.0,0.0
27.142772829914136,-47.58696816805725,1.9568791823178782,0.0,0.0,0.0
27.14486898736443,-47.57705816673199,1.9570443688344623,0.0,0.0,0.0
27.146964700980934,-47.56714815302699,1.9572095557389417,0.0,0.0,0.0
27.149059970752,-47.55723812692373,1.9573747430320911,0.0,0.0,0.0
27.151154796665946,-47.547328088403646,1.9575399307146877,0.0,0.0,0.0
27.153249178711054,-47.53741803744823,1.9577051187875063,0.0,0.0,0.0
27.155343116875613,-47.52750797403899,1.9578703072513233,0.0,0.0,0.0
27.157436611147848,-47.51759789815746,1.9580354961069144,0.0,0.0,0.0
27.15952966151597,-47.507687809785196,1.9582006853550558,0.0,0.0,0.0
27.161622267968177,-47.49777770890373,1.958365874996523,0.0,0.0,0.0
27.163714430492625,-47.48786759549469,1.9585310650320917,0.0,0.0,0.0
27.165806149077437,-47.47795746953968,1.9586962554625387,0.0,0.0,0.0
27.167897423710738,-47.46804733102034,1.958861446288639,0.0,0.0,0.0
27.16998825438059,-47.458137179918296,1.9590266375111678,0.0,0.0,0.0
27.172078641075043,-47.44822701621524,1.9591918291309034,0.0,0.0,0.0
27.17416858378214,-47.43831683989288,1.9593570211486195,0.0,0.0,0.0
27.176258082489866,-47.4284066509329,1.9595222135650927,0.0,0.0,0.0
27.178347137186183,-47.41849644931706,1.9596874063810994,0.0,0.0,0.0
27.180435747859047,-47.4085862350271,1.9598525995974145,0.0,0.0,0.0
27.18252391449637,-47.39867600804481,1.9600177932148144,0.0,0.0,0.0
27.184611637086054,-47.388765768351995,1.960182987234075,0.0,0.0,0.0
27.186698915615942,-47.37885551593045,1.9603481816559725,0.0,0.0,0.0
27.188785750073883,-47.368945250762025,1.9605133764812817,0.0,0.0,0.0
27.190872140447674,-47.35903497282859,1.9606785717107797,0.0,0.0,0.0
27.192958086725106,-47.34912468211201,1.9608437673452415,0.0,0.0,0.0
27.195043588893938,-47.3392143785942,1.9610089633854435,0.0,0.0,0.0
27.197128646941884,-47.32930406225708,1.9611741598321617,0.0,0.0,0.0
27.19921326085666,-47.31939373308258,1.9613393566861717,0.0,0.0,0.0
27.201297430625925,-47.309483391052666,1.961504553948249,0.0,0.0,0.0
27.203381156237327,-47.29957303614933,1.96166975161917,0.0,0.0,0.0
27.205464437678497,-47.28966266835458,1.9618349496997105,0.0,0.0,0.0
27.207547274937024,-47.27975228765042,1.9620001481906466,0.0,0.0,0.0
27.20962966800046,-47.26984189401892,1.9621653470927534,0.0,0.0,0.0
27.21171161685636,-47.259931487442124,1.962330546406808,0.0,0.0,0.0
27.213793121492223,-47.25002106790211,1.9624957461335852,0.0,0.0,0.0
27.215874181895536,-47.24011063538102,1.9626609462738616,0.0,0.0,0.0
27.21795479805376,-47.23020018986095,1.9628261468284123,0.0,0.0,0.0
27.220034969954323,-47.22028973132407,1.9629913477980139,0.0,0.0,0.0
27.22211469758463,-47.210379259752514,1.9631565491834422,0.0,0.0,0.0
27.22419398093206,-47.2004687751285,1.9633217509854723,0.0,0.0,0.0
27.226272819983937,-47.19055827743422,1.9634869532048815,0.0,0.0,0.0
27.228351214727617,-47.180647766651916,1.9636521558424447,0.0,0.0,0.0
27.230429165150372,-47.17073724276382,1.9638173588989376,0.0,0.0,0.0
27.23250667123948,-47.16082670575221,1.9639825623751364,0.0,0.0,0.0
27.23458373298217,-47.15091615559937,1.9641477662718174,0.0,0.0,0.0
27.23666035036567,-47.14100559228761,1.9643129705897562,0.0,0.0,0.0
27.238736523377153,-47.13109501579927,1.9644781753297278,0.0,0.0,0.0
27.240812252003785,-47.121184426116685,1.9646433804925096,0.0,0.0,0.0
27.242887536232686,-47.11127382322224,1.9648085860788767,0.0,0.0,0.0
27.244962376050978,-47.101363207098316,1.9649737920896053,0.0,0.0,0.0
27.24703677144573,-47.09145257772731,1.9651389985254701,0.0,0.0,0.0
27.249110722403987,-47.08154193509167,1.9653042053872485,0.0,0.0,0.0
27.25118422891278,-47.07163127917384,1.9654694126757157,0.0,0.0,0.0
27.2532572909591,-47.061720609956296,1.9656346203916482,0.0,0.0,0.0
27.255329908529912,-47.05180992742154,1.965799828535821,0.0,0.0,0.0
27.25740208161217,-47.04189923155206,1.9659650371090098,0.0,0.0,0.0
27.25947381019278,-47.03198852233038,1.9661302461119918,0.0,0.0,0.0
27.261545094258626,-47.02207779973909,1.9662954555455419,0.0,0.0,0.0
27.263615933796572,-47.012167063760714,1.9664606654104362,0.0,0.0,0.0
27.265686328793446,-47.002256314377874,1.9666258757074504,0.0,0.0,0.0
27.267756279236064,-46.99234555157317,1.9667910864373606,0.0,0.0,0.0
27.2698257851112,-46.982434775329246,1.9669562976009425,0.0,0.0,0.0
27.27189484640559,-46.97252398562873,1.9671215091989724,0.0,0.0,0.0
27.273963463105975,-46.96261318245431,1.9672867212322258,0.0,0.0,0.0
27.276031635199047,-46.952702365788674,1.9674519337014786,0.0,0.0,0.0
27.278099362671473,-46.94279153561453,1.9676171466075065,0.0,0.0,0.0
27.280166645509908,-46.93288069191461,1.967782359951086,0.0,0.0,0.0
27.282233483700946,-46.92296983467166,1.967947573732993,0.0,0.0,0.0
27.284299877231184,-46.91305896386845,1.9681127879540024,0.0,0.0,0.0
27.286365826087184,-46.903148079487785,1.9682780026148912,0.0,0.0,0.0
27.288431330255474,-46.89323718151246,1.9684432177164346,0.0,0.0,0.0
27.29049638972257,-46.883326269925305,1.9686084332594085,0.0,0.0,0.0
27.292561004474937,-46.87341534470917,1.9687736492445893,0.0,0.0,0.0
27.294625174499032,-46.86350440584693,1.9689388656727524,0.0,0.0,0.0
27.296688899781277,-46.85359345332148,1.9691040825446737,0.0,0.0,0.0
27.298752180308075,-46.84368248711571,1.9692692998611292,0.0,0.0,0.0
27.300815016065798,-46.83377150721257,1.9694345176228947,0.0,0.0,0.0
27.302877407040775,-46.82386051359498,1.9695997358307462,0.0,0.0,0.0
27.30493935321933,-46.81394950624593,1.9697649544854594,0.0,0.0,0.0
27.30700085458774,-46.8040384851484,1.9699301735878108,0.0,0.0,0.0
27.309061911132275,-46.79412745028541,1.9700953931385754,0.0,0.0,0.0
27.311122522839163,-46.78421640163997,1.9702606131385298,0.0,0.0,0.0
27.31318268969462,-46.774305339195145,1.9704258335884495,0.0,0.0,0.0
27.315242411684807,-46.764394262933976,1.9705910544891103,0.0,0.0,0.0
27.317301688795883,-46.75448317283957,1.9707562758412884,0.0,0.0,0.0
27.319360521013973,-46.74457206889502,1.9709214976457599,0.0,0.0,0.0
27.32141890832517,-46.734660951083455,1.9710867199032998,0.0,0.0,0.0
27.32347685071555,-46.72474981938802,1.9712519426146844,0.0,0.0,0.0
27.325534348171143,-46.71483867379189,1.9714171657806898,0.0,0.0,0.0
27.327591400677964,-46.704927514278225,1.9715823894020923,0.0,0.0,0.0
27.329648008222012,-46.695016340830236,1.9717476134796663,0.0,0.0,0.0
27.331704170789234,-46.68510515343117,1.9719128380141893,0.0,0.0,0.0
27.333759888365563,-46.67519395206423,1.9720780630064367,0.0,0.0,0.0
27.33581516093691,-46.665282736712705,1.9722432884571837,0.0,0.0,0.0
27.337869988489143,-46.65537150735987,1.9724085143672063,0.0,0.0,0.0
27.33992437100812,-46.645460263989015,1.9725737407372814,0.0,0.0,0.0
27.341978308479653,-46.63554900658346,1.972738967568184,0.0,0.0,0.0
27.344031800889553,-46.62563773512657,1.9729041948606905,0.0,0.0,0.0
27.34608484822357,-46.61572644960166,1.9730694226155765,0.0,0.0,0.0
27.348137450467448,-46.60581514999215,1.9732346508336176,0.0,0.0,0.0
27.35018960760691,-46.595903836281416,1.97339987951559,0.0,0.0,0.0
27.352241319627634,-46.58599250845288,1.9735651086622696,0.0,0.0,0.0
27.354292586515268,-46.576081166489956,1.9737303382744324,0.0,0.0,0.0
27.35634340825546,-46.566169810376145,1.9738955683528543,0.0,0.0,0.0
27.35839378483379,-46.55625844009488,1.9740607988983108,0.0,0.0,0.0
27.360443716235864,-46.54634705562965,1.9742260299115777,0.0,0.0,0.0
27.3624932024472,-46.53643565696402,1.9743912613934314,0.0,0.0,0.0
27.364542243453336,-46.526524244081465,1.9745564933446473,0.0,0.0,0.0
27.366590839239755,-46.51661281696556,1.9747217257660017,0.0,0.0,0.0
27.368638989791933,-46.506701375599896,1.974886958658271,0.0,0.0,0.0
27.3706866950953,-46.496789919968016,1.9750521920222293,0.0,0.0,0.0
27.372733955135264,-46.48687845005355,1.9752174258586541,0.0,0.0,0.0
27.37478076989721,-46.47696696584014,1.9753826601683209,0.0,0.0,0.0
27.3768271393665,-46.467055467311425,1.9755478949520056,0.0,0.0,0.0
27.37887306352845,-46.45714395445105,1.9757131302104831,0.0,0.0,0.0
27.38091854236837,-46.44723242724273,1.9758783659445311,0.0,0.0,0.0
27.38296357587153,-46.437320885670154,1.976043602154924,0.0,0.0,0.0
27.385008164023173,-46.427409329717044,1.9762088388424381,0.0,0.0,0.0
27.387052306808517,-46.417497759367144,1.9763740760078496,0.0,0.0,0.0
27.38909600421275,-46.40758617460421,1.976539313651934,0.0,0.0,0.0
27.391139256221038,-46.39767457541203,1.9767045517754676,0.0,0.0,0.0
27.393182062818518,-46.3877629617744,1.9768697903792254,0.0,0.0,0.0
27.395224423990296,-46.377851333675146,1.9770350294639845,0.0,0.0,0.0
27.397266339721444,-46.367939691098094,1.9772002690305197,0.0,0.0,0.0
27.399307809997023,-46.3580280340271,1.9773655090796083,0.0,0.0,0.0
27.401348834802054,-46.348116362446035,1.977530749612024,0.0,0.0,0.0
27.403389414121534,-46.338204676338805,1.977695990628545,0.0,0.0,0.0
27.405429547940436,-46.32829297568932,1.9778612321299456,0.0,0.0,0.0
27.407469236243703,-46.31838126048151,1.9780264741170022,0.0,0.0,0.0
27.409508479016235,-46.30846953069931,1.9781917165904908,0.0,0.0,0.0
27.411547276242942,-46.29855778632671,1.9783569595511867,0.0,0.0,0.0
27.413585627908656,-46.288646027347696,1.9785222029998668,0.0,0.0,0.0
27.415623533998232,-46.27873425374626,1.9786874469373064,0.0,0.0,0.0
27.41766099449646,-46.26882246550643,1.9788526913642812,0.0,0.0,0.0
27.419698009388124,-46.258910662612266,1.9790179362815672,0.0,0.0,0.0
27.421734578657965,-46.248998845047815,1.9791831816899408,0.0,0.0,0.0
27.423770702290707,-46.239087012797164,1.9793484275901772,0.0,0.0,0.0
27.425806380271037,-46.229175165844424,1.9795136739830523,0.0,0.0,0.0
27.427841612583645,-46.21926330417369,1.9796789208693424,0.0,0.0,0.0
27.429876399213136,-46.20935142776912,1.9798441682498236,0.0,0.0,0.0
27.43191074014414,-46.199439536614854,1.980009416125271,0.0,0.0,0.0
27.433944635361236,-46.189527630695075,1.980174664496461,0.0,0.0,0.0
27.435978084848973,-46.17961570999399,1.980339913364169,0.0,0.0,0.0
27.438011088591885,-46.16970377449579,1.9805051627291717,0.0,0.0,0.0
27.440043646574466,-46.159791824184715,1.9806704125922443,0.0,0.0,0.0
27.44207575878119,-46.149879859045015,1.980835662954163,0.0,0.0,0.0
27.44410742519651,-46.13996787906096,1.9810009138157036,0.0,0.0,0.0
27.446138645804822,-46.13005588421683,1.9811661651776418,0.0,0.0,0.0
27.448169420590524,-46.12014387449693,1.981331417040754,0.0,0.0,0.0
27.45019974953799,-46.11023184988558,1.9814966694058151,0.0,0.0,0.0
27.452229632631536,-46.10031981036714,1.9816619222736023,0.0,0.0,0.0
27.454259069855475,-46.09040775592595,1.9818271756448906,0.0,0.0,0.0
27.45628806119408,-46.0804956865464,1.981992429520456,0.0,0.0,0.0
27.458316606631602,-46.070583602212885,1.9821576839010746,0.0,0.0,0.0
27.46034470615227,-46.06067150290981,1.9823229387875216,0.0,0.0,0.0
27.462372359740264,-46.05075938862164,1.9824881941805745,0.0,0.0,0.0
27.464399567379775,-46.04084725933279,1.982653450081007,0.0,0.0,0.0
27.46642632905491,-46.03093511502775,1.9828187064895966,0.0,0.0,0.0
27.4684526447498,-46.021022955691,1.9829839634071191,0.0,0.0,0.0
27.47047851444853,-46.01111078130706,1.9831492208343495,0.0,0.0,0.0
27.472503938135144,-46.00119859186046,1.9833144787720645,0.0,0.0,0.0
27.47452891579368,-45.99128638733572,1.9834797372210389,0.0,0.0,0.0
27.476553447408122,-45.98137416771742,1.98364499618205,0.0,0.0,0.0
27.47857753296246,-45.97146193299014,1.9838102556558725,0.0,0.0,0.0
27.48060117244063,-45.961549683138465,1.9839755156432828,0.0,0.0,0.0
27.482624365826545,-45.95163741814703,1.984140776145057,0.0,0.0,0.0
27.484647113104103,-45.94172513800046,1.9843060371619712,0.0,0.0,0.0
27.486669414257154,-45.931812842683414,1.9844712986948,0.0,0.0,0.0
27.488691269269538,-45.92190053218056,1.9846365607443204,0.0,0.0,0.0
27.49071267812505,-45.911988206476586,1.984801823311308,0.0,0.0,0.0
27.49273364080748,-45.902075865556206,1.9849670863965387,0.0,0.0,0.0
27.494754157300573,-45.89216350940414,1.9851323500007887,0.0,0.0,0.0
27.49677422758804,-45.882251138005145,1.9852976141248333,0.0,0.0,0.0
27.498793851653588,-45.87233875134396,1.9854628787694486,0.0,0.0,0.0
27.500813029480884,-45.862426349405396,1.9856281439354104,0.0,0.0,0.0
27.502831761053557,-45.85251393217422,1.9857934096234948,0.0,0.0,0.0
