galstreams/tracks/track.st.Kshir.ibata2021.ecsv
# %ECSV 1.0
# ---
# datatype:
# - {name: ra, unit: deg, datatype: float64}
# - {name: dec, unit: deg, datatype: float64}
# - {name: distance, unit: kpc, datatype: float64}
# - {name: pm_ra_cosdec, unit: mas / yr, datatype: float64}
# - {name: pm_dec, unit: mas / yr, datatype: float64}
# - {name: radial_velocity, unit: km / s, datatype: float64}
# delimiter: ','
# meta: !!omap
# - __serialized_columns__:
#     dec:
#       __class__: astropy.coordinates.angles.Latitude
#       unit: &id001 !astropy.units.Unit {unit: deg}
#       value: !astropy.table.SerializedColumn {name: dec}
#     distance:
#       __class__: astropy.coordinates.distances.Distance
#       unit: !astropy.units.Unit {unit: kpc}
#       value: !astropy.table.SerializedColumn {name: distance}
#     pm_dec:
#       __class__: astropy.units.quantity.Quantity
#       unit: !astropy.units.Unit {unit: mas / yr}
#       value: !astropy.table.SerializedColumn {name: pm_dec}
#     pm_ra_cosdec:
#       __class__: astropy.units.quantity.Quantity
#       unit: !astropy.units.Unit {unit: mas / yr}
#       value: !astropy.table.SerializedColumn {name: pm_ra_cosdec}
#     ra:
#       __class__: astropy.coordinates.angles.Longitude
#       unit: *id001
#       value: !astropy.table.SerializedColumn {name: ra}
#       wrap_angle: !astropy.coordinates.Angle
#         unit: *id001
#         value: 360.0
#     radial_velocity:
#       __class__: astropy.units.quantity.Quantity
#       unit: !astropy.units.Unit {unit: km / s}
#       value: !astropy.table.SerializedColumn {name: radial_velocity}
# schema: astropy-2.0
ra,dec,distance,pm_ra_cosdec,pm_dec,radial_velocity
[from data line 712]
210.6085372860698,67.83554580795479,10.3735570671463,-7.627725752404274,-3.247172406006008,-251.61822836516544
210.63446664536423,67.83763916528832,10.375458182349249,-7.62747286842923,-3.2435642436208103,-251.5405007863942
210.66040045605013,67.83972876669138,10.37736079999051,-7.627219397778156,-3.2399554283492695,-251.4620694482098
210.68633871327367,67.84181460784097,10.379264908055406,-7.6269653377374365,-3.236345961882487,-251.38293857637765
210.71228141215863,67.84389668441442,10.381170494529268,-7.626710685594921,-3.2327358459170643,-251.30311239666338
210.73822854780636,67.84597499208942,10.383077547397418,-7.626455438639912,-3.2291250821550825,-251.22259513483243
210.76418011529577,67.84804952654407,10.38498605464519,-7.626199594163195,-3.2255136723041233,-251.14139101665052
210.79013610968335,67.85012028345675,10.386896004257903,-7.625943149457051,-3.2219016180772604,-251.05950426788297
210.81609652600312,67.8521872585063,10.388807384220883,-7.625686101815246,-3.2182889211930554,-250.9769391142956
210.8420613592666,67.85425044737194,10.390720182519463,-7.625428448533059,-3.2146755833755662,-250.89369978165377
210.8680306044629,67.85630984573321,10.392634387138962,-7.625170186907292,-3.2110616063543427,-250.809790495723
210.8940042565585,67.85836544927014,10.394549986064712,-7.624911314236261,-3.207446991864428,-250.725215482269
210.91998231049752,67.86041725366313,10.396466967282036,-7.6246518278198305,-3.2038317416463635,-250.63997896705717
210.94596476120157,67.86246525459299,10.398385318776265,-7.624391724959402,-3.2002158574461714,-250.55408517585312
210.97195160356964,67.86450944774099,10.40030502853272,-7.624131002957943,-3.1965993410153812,-250.46753833442247
210.99794283247826,67.8665498287888,10.402226084536734,-7.623869659119983,-3.192982194111005,-250.3803426685307
211.02393844278137,67.86858639341855,10.404148474773628,-7.623607690751626,-3.1893644184955625,-250.29250240394322
211.04993842931043,67.87061913731281,10.406072187228729,-7.623345095160568,-3.1857460159370525,-250.2040217664257
211.0759427868743,67.8726480561546,10.407997209887363,-7.6230818696561,-3.1821269882089767,-250.1149049817438
211.10195151025923,67.87467314562744,10.409923530734861,-7.62281801154911,-3.1785073370903247,-250.02515627566282
211.12796459422904,67.87669440141528,10.411851137756546,-7.622553518152134,-3.1748870643655707,-249.93477987394846
211.15398203352464,67.87871181920258,10.413780018937741,-7.622288386779283,-3.171266171824725,-249.84378000236651
211.18000382286462,67.88072539467423,10.41571016226378,-7.622022614746342,-3.1676446612632487,-249.75216088668193
211.2060299569449,67.88273512351573,10.417641555719985,-7.6217561993707434,-3.1640225344821054,-249.65992675266082
211.2320604304388,67.88474100141296,10.419574187291687,-7.621489137971556,-3.160399793287757,-249.56708182606837
211.25809523799688,67.8867430240524,10.421508044964206,-7.621221427869534,-3.1567764394921634,-249.47363033267033
211.28413437424723,67.88874118712098,10.42344311672287,-7.620953066387102,-3.1531524749127677,-249.37957649823213
211.31017783379522,67.89073548630624,10.425379390553008,-7.620684050848364,-3.14952790137251,-249.28492454851937
211.33622561122354,67.89272591729618,10.427316854439944,-7.620414378579129,-3.145902720699828,-249.18967870929762
211.36227770109227,67.89471247577939,10.42925549636901,-7.620144046906915,-3.1422769347286414,-249.09384320633242
211.38833409793872,67.89669515744497,10.431195304325522,-7.6198730531609495,-3.1386505452983724,-248.99742226538925
211.4143947962776,67.89867395798261,10.433136266294817,-7.619601394672193,-3.1350235542539333,-248.90042011223372
211.44045979060098,67.90064887308256,10.435078370262218,-7.619329068773344,-3.131395963445717,-248.8028409726314
211.46652907537808,67.90261989843565,10.437021604213045,-7.619056072798848,-3.1277677747296257,-248.70468907234772
211.49260264505548,67.90458702973326,10.438965956132634,-7.618782404084909,-3.12413898996704,-248.60596863714835
211.51868049405707,67.90655026266741,10.440911414006308,-7.618508059969484,-3.120509611024835,-248.50668389279872
211.54476261678406,67.90850959293068,10.442857965819394,-7.618233037792335,-3.1168796397753735,-248.4068390650646
211.57084900761475,67.91046501621629,10.444805599557213,-7.617957334894995,-3.11324907809651,-248.30643837971132
211.5969396609049,67.91241652821803,10.446754303205102,-7.617680948620791,-3.109617927871588,-248.2054860625045
211.6230345709874,67.91436412463034,10.44870406474838,-7.61740387631488,-3.105986190989439,-248.10398633920963
211.64913373217237,67.9163078011483,10.450654872172375,-7.617126115324217,-3.102353869344381,-248.0019434355924
211.67523713874726,67.9182475534676,10.45260671346241,-7.6168476629975945,-3.0987209648362315,-247.89936157741818
211.70134478497667,67.92018337728459,10.454559576603817,-7.616568516685648,-3.095087479370272,-247.7962449904526
211.72745666510244,67.92211526829627,10.45651344958192,-7.616288673740851,-3.0914534148572947,-247.69259790046124
211.75357277334362,67.92404322220031,10.458468320382048,-7.616008131517544,-3.0878187732135562,-247.58842453320963
211.77969310389645,67.92596723469505,10.460424176989525,-7.615726887371945,-3.084183556360817,-247.4837291144634
211.8058176509344,67.9278873014795,10.462381007389679,-7.615444938662144,-3.0805477662263097,-247.37851586998787
211.83194640860808,67.92980341825334,10.464338799567829,-7.615162282748117,-3.07691140474276,-247.27278902554866
211.85807937104533,67.93171558071698,10.466297541509315,-7.614878916991751,-3.073274473848362,-247.16655280691154
211.88421653235113,67.93362378457152,10.468257221199456,-7.614594838756837,-3.0696369754868083,-247.05981143984184
211.91035788660767,67.93552802551872,10.470217826623573,-7.614310045409092,-3.065998911607268,-246.9525691501051
211.93650342787424,67.93742829926114,10.472179345767003,-7.614024534316165,-3.062360284164384,-246.8448301634669
211.96265315018732,67.93932460150204,10.474141766615064,-7.613738302847644,-3.0587210951182833,-246.73659870569298
211.98880704756056,67.94121692794533,10.476105077153091,-7.613451348375072,-3.055081346434578,-246.6278790025486
212.01496511398463,67.94310527429579,10.478069265366402,-7.61316366827195,-3.0514410400843555,-246.51867527979945
212.04112734342752,67.94498963625888,10.480034319240326,-7.612875259913762,-3.0478001780441697,-246.40899176321108
212.0672937298342,67.94687000954083,10.482000226760194,-7.612586120677963,-3.0441587622960653,-246.29883267854905
212.09346426712682,67.94874638984861,10.483966975911327,-7.612296247944011,-3.0405167948275555,-246.18820225157876
212.11963894920464,67.95061877288998,10.485934554679057,-7.61200563909337,-3.036874277631629,-246.077104708066
212.14581776994402,67.95248715437354,10.487902951048705,-7.611714291509506,-3.033231212706746,-245.96554427377617
212.1720007231984,67.95435153000858,10.489872153005598,-7.611422202577927,-3.0295876020568464,-245.85352517447473
212.19818780279843,67.95621189550528,10.491842148535065,-7.6111293696861635,-3.0259434476913256,-245.74105163592736
212.22437900255164,67.95806824657453,10.493812925622432,-7.610835790223792,-3.0222987516250677,-245.62812788389965
212.25057431624282,67.95992057892812,10.495784472253025,-7.610541461582459,-3.018653515878418,-245.51475814415696
212.2767737376338,67.96176888827861,10.49775677641217,-7.6102463811558625,-3.015007742477184,-245.40094664246507
212.30297726046345,67.96361317033943,10.499729826085193,-7.6099505463397845,-3.011361433452646,-245.28669760458945
212.3291848784477,67.9654534208248,10.501703609257422,-7.6096539545320905,-3.007714590841555,-245.17201525629542
212.3553965852796,67.96728963544983,10.503678113914184,-7.609356603132754,-3.0040672166861153,-245.0569038233488
212.3816123746292,67.96912180993047,10.505653328040804,-7.60905848954384,-3.0004193130339947,-244.94136753151517
212.40783224014368,67.9709499399835,10.507629239622608,-7.608759611169553,-2.9967708819383367,-244.82541060655976
212.43405617544715,67.97277402132663,10.509605836644921,-7.608459965416209,-2.9931219254577304,-244.70903727424846
212.46028417414087,67.97459404967842,10.511583107093076,-7.608159549692273,-2.9894724456562276,-244.59225176034658
212.48651622980302,67.9764100207583,10.513561038952398,-7.607858361408354,-2.9858224446033472,-244.4750582906199
212.51275233598898,67.9782219302866,10.515539620208203,-7.607556397977236,-2.982171924374048,-244.35746109083374
212.53899248623097,67.98002977398457,10.51751883884583,-7.60725365681386,-2.9785208870487625,-244.23946438675367
212.56523667403837,67.98183354757437,10.5194986828506,-7.606950135335352,-2.974869334713356,-244.12107240414548
212.5914848928975,67.98363324677908,10.521479140207838,-7.606645830961033,-2.971217269459166,-244.00228936877437
212.61773713627178,67.98542886732268,10.523460198902875,-7.606340741112426,-2.967564693382966,-243.88311950640613
212.64399339760172,67.98722040493013,10.525441846921032,-7.606034863213277,-2.963911608586968,-243.76356704280624
212.6702536703044,67.98900785532727,10.527424072247642,-7.605728194689524,-2.9602580171788797,-243.64363620374021
212.6965179477743,67.99079121424097,10.529406862868028,-7.605420732969376,-2.9566039212718085,-243.5233312149737
212.72278622338285,67.99257047739898,10.531390206767512,-7.605112475483272,-2.952949322984322,-243.402656302272
212.7490584904784,67.99434564053011,10.53337409193143,-7.604803419663905,-2.949294224440419,-243.28161569140093
212.77533474238638,67.99611669936404,10.5353585063451,-7.604493562946239,-2.945638627769557,-243.16021360812596
212.80161497240906,67.99788364963155,10.537343437993853,-7.604182902767514,-2.941982535106616,-243.03845427821258
212.82789917382578,67.99964648706428,10.539328874863017,-7.603871436567246,-2.93832594859193,-242.91634192742652
212.85418733989292,68.001405207395,10.541314804937914,-7.603559161787272,-2.9346688703712585,-242.79388078153295
212.8804794638437,68.0031598063574,10.543301216203872,-7.603246075871713,-2.9310113025957922,-242.67107506629782
212.9067755388884,68.00491027968623,10.54528809664622,-7.602932176267027,-2.9273532474221615,-242.54792900748637
212.9330755582143,68.00665662311724,10.54727543425028,-7.602617460421991,-2.9236947070124244,-242.42444683086438
212.95937951498553,68.00839883238724,10.549263217001382,-7.6023019257877245,-2.920035683534067,-242.3006327621974
212.98568740234333,68.01013690323407,10.55125143288485,-7.601985569817707,-2.9163761791599985,-242.1764910272508
213.01199921340572,68.0118708313966,10.553240069886012,-7.601668389967765,-2.9127161960685672,-242.05202585179006
213.03831494126786,68.0136006126148,10.555229115990194,-7.601350383696108,-2.9090557364435234,-241.92724146158105
213.06463457900176,68.01532624262965,10.557218559182724,-7.601031548463321,-2.905394802474051,-241.8021420823891
213.09095811965642,68.01704771718327,10.55920838744893,-7.600711881732389,-2.901733396354753,-241.67673193997973
213.1172855562578,68.0187650320188,10.561198588774129,-7.600391380968698,-2.8980715202856406,-241.55101526011862
213.14361688180873,68.02047818288052,10.56318915114366,-7.600070043640044,-2.894409176472148,-241.42499626857122
213.16995208928913,68.02218716551378,10.565180062542838,-7.599747867216662,-2.8907463671251183,-241.29867919110308
213.19629117165573,68.02389197566505,10.567171310957002,-7.599424849171204,-2.8870830944608024,-241.1720682534798
213.22263412184225,68.02559260908191,10.569162884371465,-7.599100986978786,-2.88341936070087,-241.045167681467
213.2489809327594,68.02728906151306,10.571154770771564,-7.598776278116969,-2.879755168072382,-240.91798170083007
213.27533159729472,68.02898132870834,10.573146958142619,-7.5984507200657925,-2.876090518807819,-240.7905145373346
213.30168610831282,68.03066940641871,10.57513943446996,-7.598124310307767,-2.8724254151450466,-240.66277041674607
213.32804445865514,68.03235329039634,10.577132187738915,-7.5977970463278925,-2.868759859327339,-240.5347535648303
213.3544066411401,68.03403297639449,10.579125205934805,-7.597468925613674,-2.8650938536033714,-240.4064682073525
213.380772648563,68.03570846016758,10.58111847704296,-7.597139945655124,-2.861427400227206,-240.27791857007844
213.4071424736962,68.03737973747126,10.583111989048705,-7.596810103944778,-2.857760501458302,-240.14910887877352
213.4335161092889,68.03904680406232,10.585105729937371,-7.5964793979777,-2.854093159561505,-240.0200433592034
213.45989354806716,68.04070965569878,10.587099687694277,-7.596147825251501,-2.850425376807051,-239.8907262371336
213.4862747827341,68.04236828813978,10.589093850304758,-7.595815383266346,-2.846757155470557,-239.76116173832978
213.51265980596978,68.04402269714576,10.591088205754133,-7.595482069524959,-2.8430884978330333,-239.63135408855715
213.539048610431,68.0456728784783,10.593082742027727,-7.595147881532656,-2.8394194061808604,-239.5013075135815
213.5654411887517,68.04731882790027,10.595077447110876,-7.594812816797305,-2.835749882805792,-239.37102623916851
213.5918375335426,68.04896054117569,10.597072308988903,-7.5944768728294,-2.8320799300049733,-239.24051449108347
213.61823763739142,68.05059801406989,10.59906731564713,-7.594140047142039,-2.8284095500809108,-239.109776495092
213.64464149286286,68.05223124234942,10.601062455070885,-7.593802337250926,-2.824738745341476,-238.9788164769597
213.67104909249835,68.05386022178207,10.603057715245496,-7.593463740674403,-2.8210675180999267,-238.84763866245206
213.6974604288165,68.05548494813695,10.605053084156289,-7.593124254933448,-2.8173958706748614,-238.7162472773346
213.72387549431267,68.05710541718436,10.60704854978859,-7.592783877551687,-2.813723805390258,-238.58464654737304
213.75029428145916,68.05872162469596,10.609044100127731,-7.592442606055411,-2.810051324575447,-238.4528406983328
213.7767167827053,68.06033356644464,10.611039723159028,-7.5921004379735875,-2.806378430565118,-238.3208339559793
213.80314299047726,68.06194123820461,10.613035406867818,-7.591757370837847,-2.802705125699304,-238.1886305460784
213.82957289717814,68.0635446357514,10.615031139239417,-7.591413402182539,-2.7990314123234055,-238.0562346943953
213.856006495188,68.06514375486186,10.61702690825916,-7.591068529544703,-2.795357292788158,-237.92365062669586
213.88244377686382,68.06673859131412,10.61902270191237,-7.59072275046409,-2.791682769449647,-237.79088256874547
213.90888473453955,68.06832914088764,10.621018508184376,-7.590376062483184,-2.7880078446692966,-237.65793474630965
213.935329360526,68.0699153993633,10.623014315060498,-7.590028463147205,-2.7843325208138765,-237.524811385154
213.96177764711092,68.07149736252322,10.62501011052607,-7.5896799500041165,-2.780656800255488,-237.39151671104406
213.98822958655904,68.07307502615095,10.627005882566417,-7.58933052060464,-2.776980685371568,-237.25805494974531
214.01468517111203,68.0746483860314,10.62900161916686,-7.58898017250227,-2.7733041785448727,-237.12443032702348
214.04114439298843,68.07621743795079,10.630997308312732,-7.588628903253278,-2.7696272821635044,-236.99064706864382
214.06760724438382,68.07778217769679,10.632992937989357,-7.588276710416723,-2.7659499986208744,-236.85670940037218
214.09407371747062,68.07934260105843,10.634988496182055,-7.587923591554473,-2.762272330315718,-236.72262154797403
214.12054380439827,68.08089870382614,10.636983970876166,-7.5875695442311955,-2.758594279652093,-236.58838773721482
214.14701749729306,68.08245048179174,10.638979350057008,-7.58721456601439,-2.7549158490393673,-236.4540121938601
214.17349478825832,68.0839979307485,10.640974621709907,-7.586858654474393,-2.751237040892224,-236.3194991436755
214.19997566937434,68.08554104649107,10.642969773820191,-7.586501807184372,-2.747557857630643,-236.18485281242653
214.2264601326984,68.0870798248156,10.64496479437319,-7.586144021720371,-2.7438783016799047,-236.05007742587873
214.25294817026437,68.08861426151957,10.646959671354226,-7.585785295661264,-2.7401983754706425,-235.91517720979766
214.27943977408353,68.090144352402,10.648954392748623,-7.585425626588839,-2.7365180814387227,-235.78015638994887
