galstreams/tracks/track.st.Jhelum-b.bonaca2019.ecsv
# %ECSV 1.0
# ---
# datatype:
# - {name: ra, unit: deg, datatype: float64}
# - {name: dec, unit: deg, datatype: float64}
# - {name: distance, unit: kpc, datatype: float64}
# - {name: pm_ra_cosdec, unit: mas / yr, datatype: float64}
# - {name: pm_dec, unit: mas / yr, datatype: float64}
# - {name: radial_velocity, unit: km / s, datatype: float64}
# delimiter: ','
# meta: !!omap
# - __serialized_columns__:
#     dec:
#       __class__: astropy.coordinates.angles.Latitude
#       unit: &id001 !astropy.units.Unit {unit: deg}
#       value: !astropy.table.SerializedColumn {name: dec}
#     distance:
#       __class__: astropy.coordinates.distances.Distance
#       unit: !astropy.units.Unit {unit: kpc}
#       value: !astropy.table.SerializedColumn {name: distance}
#     pm_dec:
#       __class__: astropy.units.quantity.Quantity
#       unit: !astropy.units.Unit {unit: mas / yr}
#       value: !astropy.table.SerializedColumn {name: pm_dec}
#     pm_ra_cosdec:
#       __class__: astropy.units.quantity.Quantity
#       unit: !astropy.units.Unit {unit: mas / yr}
#       value: !astropy.table.SerializedColumn {name: pm_ra_cosdec}
#     ra:
#       __class__: astropy.coordinates.angles.Longitude
#       unit: *id001
#       value: !astropy.table.SerializedColumn {name: ra}
#       wrap_angle: !astropy.coordinates.Angle
#         unit: *id001
#         value: 360.0
#     radial_velocity:
#       __class__: astropy.units.quantity.Quantity
#       unit: !astropy.units.Unit {unit: km / s}
#       value: !astropy.table.SerializedColumn {name: radial_velocity}
# schema: astropy-2.0
ra,dec,distance,pm_ra_cosdec,pm_dec,radial_velocity
[from data line 832]
353.7945863261017,-51.43451279216567,13.000000000000007,7.156472184160644,-4.043839599374221,-3.1998915093514883e-13
353.77858191808184,-51.43379446370595,13.000000000000009,7.155797234559083,-4.045192518982886,-1.6841534259744677e-13
353.7625780023262,-51.43307405549792,13.000000000000009,7.155121830559089,-4.046545249585463,-2.8630608241565947e-13
353.74657458022824,-51.43235156766213,13.000000000000009,7.15444597234134,-4.047897790777643,-2.8630608241565947e-13
353.730571653181,-51.43162700031946,13.00000000000001,7.153769660086735,-4.049250142155281,-2.5262301389617017e-13
353.71456922257727,-51.430900353591134,13.000000000000009,7.153092893976387,-4.050602303314387,-2.020984111169361e-13
353.6985672898093,-51.43017162759871,13.000000000000007,7.1524156741916185,-4.051954273851124,-2.3578147963642546e-13
353.6825658562694,-51.42944082246409,13.000000000000007,7.151738000913973,-4.053306053361807,-3.031476166754042e-13
353.6665649233491,-51.42870793830953,13.000000000000007,7.151059874325214,-4.0546576414429065,-2.3578147963642546e-13
353.65056449243997,-51.42797297525761,13.000000000000009,7.150381294607308,-4.0560090376910525,-1.0104920555846805e-13
353.634564564933,-51.42723593343125,13.000000000000009,7.149702261942444,-4.057360241703034,-1.515738083377021e-13
353.618565142219,-51.426496812953694,13.000000000000009,7.14902277651303,-4.058711253075783,-2.020984111169361e-13
353.6025662256883,-51.425755613948596,13.000000000000009,7.148342838501672,-4.060062071406399,-2.5262301389617017e-13
353.5865678167311,-51.42501233653985,13.000000000000007,7.147662448091213,-4.061412696292132,-2.1893994537668078e-13
353.57056991673704,-51.424266980851776,13.000000000000007,7.146981605464688,-4.062763127330393,-2.5262301389617017e-13
353.5545725270956,-51.42351954700896,13.000000000000009,7.146300310805363,-4.064113364118745,-2.5262301389617017e-13
353.5385756491959,-51.422770035136374,13.00000000000001,7.145618564296705,-4.06546340625491,-2.1893994537668078e-13
353.5225792844265,-51.42201844535935,13.000000000000009,7.144936366122409,-4.066813253336772,-1.347322740779574e-13
353.5065834341759,-51.42126477780348,13.00000000000001,7.144253716466363,-4.068162904962365,-2.020984111169361e-13
353.4905880998322,-51.42050903259478,13.000000000000007,7.143570615512689,-4.069512360729887,-2.1893994537668078e-13
353.474593282783,-51.41975120985954,13.000000000000007,7.1428870634457065,-4.070861620237688,-1.6841534259744677e-13
353.45859898441574,-51.41899130972445,13.000000000000009,7.142203060449957,-4.072210683084284,-1.6841534259744677e-13
353.44260520611743,-51.41822933231646,13.000000000000009,7.141518606710191,-4.073559548868345,-2.1893994537668078e-13
353.4266119492748,-51.41746527776294,13.000000000000009,7.140833702411374,-4.074908217188696,-1.8525687685719145e-13
353.41061921527404,-51.41669914619156,13.00000000000001,7.140148347738676,-4.076256687644332,-2.694645481559148e-13
353.39462700550126,-51.41593093773032,13.000000000000007,7.139462542877492,-4.077604959834396,-3.031476166754042e-13
353.3786353213421,-51.415160652507566,13.000000000000009,7.138776288013417,-4.07895303335819,-2.3578147963642546e-13
353.36264416418186,-51.414388290652006,13.000000000000007,7.138089583332269,-4.0803009078151895,-1.515738083377021e-13
353.3466535354054,-51.41361385229264,13.00000000000001,7.13740242902006,-4.08164858280502,-1.8525687685719145e-13
353.3306634363974,-51.412837337558855,13.000000000000007,7.136714825263031,-4.082996057927468,-1.1789073981821273e-13
353.3146738685421,-51.412058746580335,13.000000000000009,7.136026772247628,-4.08434333278248,-1.1789073981821273e-13
353.2986848332233,-51.41127807948713,13.000000000000007,7.135338270160505,-4.085690406970169,-3.031476166754042e-13
353.28269633182475,-51.41049533640962,13.00000000000001,7.134649319188528,-4.0870372800907955,-2.694645481559148e-13
353.2667083657295,-51.40971051747851,13.000000000000007,7.133959919518782,-4.088383951744795,-1.515738083377021e-13
353.2507209363204,-51.40892362282486,13.000000000000009,7.133270071338545,-4.089730421532762,-2.020984111169361e-13
353.23473404498,-51.40813465258004,13.000000000000009,7.132579774835324,-4.091076689055445,-1.6841534259744677e-13
353.2187476930903,-51.40734360687581,13.000000000000009,7.131889030196821,-4.092422753913768,-3.536722194546382e-13
353.20276188203314,-51.406550485844214,13.000000000000007,7.131197837610962,-4.0937686157087985,-2.3578147963642546e-13
353.18677661319003,-51.405755289617666,13.00000000000001,7.130506197265864,-4.095114274041783,-2.5262301389617017e-13
353.1707918879419,-51.4049580183289,13.000000000000009,7.1298141093498755,-4.096459728514121,-1.347322740779574e-13
353.15480770766953,-51.40415867211098,13.000000000000009,7.129121574051535,-4.097804978727385,-2.020984111169361e-13
353.1388240737532,-51.403357251097326,13.00000000000001,7.128428591559601,-4.099150024283297,-2.1893994537668078e-13
353.12284098757294,-51.4025537554217,13.00000000000001,7.127735162063039,-4.100494864783752,-1.6841534259744677e-13
353.1068584505083,-51.401748185218146,13.000000000000007,7.127041285751023,-4.10183949983081,-3.536722194546382e-13
353.0908764639386,-51.40094054062115,13.000000000000007,7.126346962812937,-4.103183929026677,-1.0104920555846805e-13
353.0748950292427,-51.40013082176541,13.00000000000001,7.125652193438362,-4.104528151973749,-1.347322740779574e-13
353.05891414779916,-51.39931902878607,13.00000000000001,7.124956977817101,-4.105872168274579,-2.8630608241565947e-13
353.04293382098615,-51.39850516181852,13.000000000000009,7.124261316139169,-4.107215977531864,-2.5262301389617017e-13
353.0269540501814,-51.39768922099855,13.000000000000007,7.123565208594769,-4.1085595793484915,-1.515738083377021e-13
353.0109748367624,-51.39687120646226,13.000000000000009,7.122868655374327,-4.109902973327503,-3.3683068519489354e-13
352.9949961821062,-51.39605111834609,13.000000000000009,7.122171656668473,-4.111246159072102,-1.8525687685719145e-13
352.97901808758945,-51.3952289567868,13.000000000000007,7.1214742126680415,-4.112589136185667,-3.1998915093514883e-13
352.96304055458853,-51.39440472192152,13.000000000000009,7.120776323564076,-4.113931904271732,-2.694645481559148e-13
352.9470635844794,-51.39357841388768,13.000000000000007,7.120077989547828,-4.115274462934004,-2.694645481559148e-13
352.9310871786376,-51.39275003282306,13.000000000000009,7.119379210810754,-4.116616811776357,-3.8735528797412755e-13
352.9151113384384,-51.391919578865796,13.00000000000001,7.118679987544516,-4.117958950402818,-8.420767129872338e-14
352.8991360652566,-51.39108705215433,13.000000000000009,7.117980319940987,-4.119300878417606,-2.8630608241565947e-13
352.88316136046666,-51.390252452827426,13.000000000000007,7.117280208192241,-4.120642595425079,-1.8525687685719145e-13
352.8671872254427,-51.38941578102423,13.000000000000007,7.11657965249056,-4.121984101029782,-1.8525687685719145e-13
352.8512136615584,-51.38857703688421,13.000000000000009,7.115878653028424,-4.123325394836418,-1.515738083377021e-13
352.83524067018715,-51.38773622054711,13.00000000000001,7.115177209998534,-4.124666476449859,-2.020984111169361e-13
352.8192682527018,-51.386893332153114,13.000000000000009,7.114475323593786,-4.126007345475152,-3.031476166754042e-13
352.8032964104751,-51.38604837184263,13.00000000000001,7.1137729940072845,-4.127348001517496,-2.1893994537668078e-13
352.7873251448792,-51.385201339756485,13.00000000000001,7.113070221432335,-4.128688444182274,-3.031476166754042e-13
352.7713544572859,-51.3843522360358,13.000000000000007,7.112367006062452,-4.1300286730750315,-3.1998915093514883e-13
352.7553843490667,-51.38350106082202,13.000000000000007,7.1116633480913505,-4.131368687801481,-3.705137537143829e-13
352.73941482159256,-51.38264781425698,13.000000000000009,7.110959247712956,-4.1327084879675,-1.6841534259744677e-13
352.7234458762342,-51.38179249648278,13.000000000000007,7.110254705121392,-4.134048073179155,-1.8525687685719145e-13
352.70747751436204,-51.380935107641875,13.000000000000007,7.109549720510986,-4.135387443042654,-1.8525687685719145e-13
352.69150973734577,-51.3800756478771,13.000000000000005,7.108844294076273,-4.136726597164401,-3.1998915093514883e-13
352.67554254655516,-51.37921411733157,13.000000000000009,7.108138426011991,-4.138065535150946,-3.3683068519489354e-13
352.65957594335924,-51.37835051614876,13.000000000000007,7.107432116513084,-4.13940425660902,-8.420767129872338e-14
352.6436099291268,-51.377484844472434,13.000000000000009,7.106725365774689,-4.140742761145535,-1.515738083377021e-13
352.6276445052261,-51.37661710244675,13.000000000000009,7.106018173992154,-4.142081048367561,-3.3683068519489354e-13
352.6116796730253,-51.37574729021619,13.000000000000009,7.105310541361029,-4.143419117882335,-2.5262301389617017e-13
352.59571543389194,-51.37487540792551,13.000000000000009,7.104602468077069,-4.144756969297269,-1.347322740779574e-13
352.57975178919315,-51.37400145571988,13.000000000000007,7.103893954336228,-4.146094602219962,-2.5262301389617017e-13
352.5637887402959,-51.373125433744754,13.000000000000007,7.1031850003346575,-4.1474320162581595,-2.020984111169361e-13
352.5478262885664,-51.37224734214591,13.000000000000009,7.102475606268718,-4.1487692110197925,-2.5262301389617017e-13
352.53186443537084,-51.37136718106951,13.000000000000007,7.101765772334977,-4.150106186112959,-1.1789073981821273e-13
352.5159031820748,-51.37048495066199,13.00000000000001,7.101055498730181,-4.151442941145939,-2.3578147963642546e-13
352.4999425300436,-51.36960065107015,13.00000000000001,7.100344785651311,-4.152779475727169,-1.347322740779574e-13
352.483982480642,-51.36871428244111,13.000000000000007,7.0996336332955226,-4.154115789465275,-1.1789073981821273e-13
352.46802303523447,-51.36782584492236,13.000000000000009,7.098922041860176,-4.155451881969043,-2.1893994537668078e-13
352.4520641951851,-51.366935338661634,13.000000000000009,7.098210011542849,-4.156787752847435,-2.8630608241565947e-13
352.4361059618575,-51.36604276380712,13.000000000000009,7.097497542541305,-4.15812340170959,-2.020984111169361e-13
352.420148336615,-51.36514812050723,13.000000000000009,7.096784635053509,-4.1594588281648175,-2.8630608241565947e-13
352.4041913208204,-51.36425140891075,13.000000000000009,7.096071289277631,-4.160794031822598,-1.8525687685719145e-13
352.3882349158362,-51.36335262916681,13.00000000000001,7.0953575054120375,-4.162129012292597,-2.1893994537668078e-13
352.3722791230245,-51.362451781424866,13.000000000000009,7.094643283655298,-4.163463769184644,-2.8630608241565947e-13
352.35632394374693,-51.36154886583469,13.000000000000007,7.093928624206178,-4.164798302108743,-2.020984111169361e-13
352.3403693793647,-51.36064388254639,13.000000000000009,7.093213527263647,-4.166132610675076,-2.020984111169361e-13
352.32441543123866,-51.35973683171041,13.000000000000007,7.092497993026866,-4.167466694493999,-1.1789073981821273e-13
352.30846210072934,-51.35882771347752,13.000000000000009,7.091782021695202,-4.168800553176048,-3.1998915093514883e-13
352.29250938919677,-51.357916527998825,13.000000000000007,7.091065613468229,-4.170134186331918,-1.515738083377021e-13
352.2765572980005,-51.35700327542576,13.000000000000007,7.0903487685456925,-4.171467593572505,-2.694645481559148e-13
352.2606058284999,-51.356087955910105,13.000000000000007,7.089631487127559,-4.172800774508859,-3.8735528797412755e-13
352.2446549820537,-51.355170569603935,13.000000000000009,7.088913769413995,-4.174133728752208,-2.3578147963642546e-13
352.2287047600203,-51.35425111665968,13.000000000000009,7.088195615605353,-4.175466455913975,-4.041968222338722e-13
352.21275516375783,-51.35332959723012,13.000000000000009,7.087477025902188,-4.1767989556057366,-3.031476166754042e-13
352.19680619462383,-51.352406011468304,13.000000000000007,7.0867580005052595,-4.1781312274392555,-1.6841534259744677e-13
352.18085785397545,-51.35148035952767,13.00000000000001,7.086038539615502,-4.179463271026476,-2.5262301389617017e-13
352.1649101431695,-51.350552641561976,13.000000000000007,7.08531864343408,-4.180795085979514,-1.8525687685719145e-13
352.1489630635623,-51.34962285772527,13.000000000000009,7.084598312162323,-4.182126671910665,-3.031476166754042e-13
352.1330166165098,-51.34869100817198,13.000000000000009,7.083877546001786,-4.183458028432394,-2.1893994537668078e-13
352.1170708033676,-51.347757093056835,13.00000000000001,7.083156345154199,-4.184789155157359,-3.705137537143829e-13
352.1011256254908,-51.3468211125349,13.000000000000007,7.082434709821502,-4.18612005169838,-2.694645481559148e-13
352.0851810842341,-51.34588306676155,13.000000000000009,7.08171264020582,-4.187450717668463,-3.705137537143829e-13
352.0692371809518,-51.34494295589254,13.000000000000009,7.080990136509483,-4.188781152680793,-1.347322740779574e-13
352.05329391699775,-51.344000780083896,13.000000000000009,7.0802671989350126,-4.190111356348739,-3.1998915093514883e-13
352.0373512937254,-51.34305653949201,13.000000000000009,7.07954382768513,-4.191441328285829,-2.8630608241565947e-13
352.0214093124878,-51.34211023427361,13.000000000000007,7.078820022962748,-4.192771068105797,-2.8630608241565947e-13
352.00546797463755,-51.34116186458569,13.00000000000001,7.0780957849709685,-4.19410057542253,-3.536722194546382e-13
351.9895272815269,-51.340211430585654,13.00000000000001,7.077371113913104,-4.195429849850114,-3.031476166754042e-13
351.9735872345076,-51.339258932431186,13.000000000000009,7.076646009992653,-4.196758891002805,-1.347322740779574e-13
351.95764783493087,-51.338304370280305,13.000000000000007,7.075920473413306,-4.198087698495047,-2.694645481559148e-13
351.9417090841478,-51.33734774429137,13.000000000000009,7.075194504378948,-4.199416271941453,-3.3683068519489354e-13
351.92577098350887,-51.33638905462306,13.000000000000007,7.0744681030936665,-4.20074461095682,-1.1789073981821273e-13
351.9098335343641,-51.33542830143436,13.00000000000001,7.073741269761733,-4.202072715156133,-3.031476166754042e-13
351.8938967380632,-51.33446548488464,13.000000000000007,7.073014004587628,-4.203400584154551,-3.031476166754042e-13
351.8779605959553,-51.333500605133544,13.00000000000001,7.0722863077759985,-4.2047282175674106,-2.8630608241565947e-13
351.86202510938926,-51.33253366234108,13.000000000000009,7.071558179531714,-4.206055615010241,-3.031476166754042e-13
351.84609027971356,-51.33156465666753,13.000000000000007,7.070829620059827,-4.207382776098739,-1.6841534259744677e-13
351.83015610827596,-51.33059358827357,13.00000000000001,7.070100629565566,-4.208709700448796,-1.6841534259744677e-13
351.81422259642403,-51.32962045732016,13.000000000000007,7.0693712082543785,-4.21003638767648,-2.5262301389617017e-13
351.7982897455049,-51.32864526396862,13.000000000000007,7.06864135633189,-4.211362837398034,-1.0104920555846805e-13
351.7823575568651,-51.327668008380535,13.000000000000007,7.067911074003918,-4.212689049229898,-3.031476166754042e-13
351.76642603185104,-51.32668869071788,13.000000000000007,7.067180361476483,-4.214015022788675,-3.3683068519489354e-13
351.7504951718084,-51.325707311142956,13.000000000000009,7.066449218955787,-4.2153407576911714,-3.031476166754042e-13
351.73456497808246,-51.32472386981834,13.000000000000009,7.065717646648223,-4.2166662535543615,-2.1893994537668078e-13
351.71863545201825,-51.323738366906966,13.000000000000009,7.064985644760385,-4.217991509995409,-1.6841534259744677e-13
351.70270659496015,-51.32275080257211,13.000000000000007,7.064253213499048,-4.219316526631668,-3.536722194546382e-13
351.68677840825234,-51.321761176977354,13.000000000000009,7.063520353071183,-4.220641303080656,-3.031476166754042e-13
351.6708508932383,-51.32076949028658,13.000000000000009,7.062787063683961,-4.221965838960088,-1.6841534259744677e-13
351.6549240512613,-51.31977574266406,13.000000000000007,7.06205334554472,-4.223290133887871,-2.1893994537668078e-13
351.63899788366393,-51.31877993427434,13.00000000000001,7.0613191988610104,-4.224614187482079,-2.694645481559148e-13
