galstreams/tracks/track.st.Svol.ibata2021.ecsv
# %ECSV 0.9
# ---
# datatype:
# - {name: ra, unit: deg, datatype: float64}
# - {name: dec, unit: deg, datatype: float64}
# - {name: distance, unit: kpc, datatype: float64}
# - {name: pm_ra_cosdec, unit: mas / yr, datatype: float64}
# - {name: pm_dec, unit: mas / yr, datatype: float64}
# - {name: radial_velocity, unit: km / s, datatype: float64}
# delimiter: ','
# meta: !!omap
# - __serialized_columns__:
#     dec:
#       __class__: astropy.coordinates.angles.Latitude
#       unit: &id001 !astropy.units.Unit {unit: deg}
#       value: !astropy.table.SerializedColumn {name: dec}
#     distance:
#       __class__: astropy.coordinates.distances.Distance
#       unit: !astropy.units.Unit {unit: kpc}
#       value: !astropy.table.SerializedColumn {name: distance}
#     pm_dec:
#       __class__: astropy.units.quantity.Quantity
#       unit: !astropy.units.Unit {unit: mas / yr}
#       value: !astropy.table.SerializedColumn {name: pm_dec}
#     pm_ra_cosdec:
#       __class__: astropy.units.quantity.Quantity
#       unit: !astropy.units.Unit {unit: mas / yr}
#       value: !astropy.table.SerializedColumn {name: pm_ra_cosdec}
#     ra:
#       __class__: astropy.coordinates.angles.Longitude
#       unit: *id001
#       value: !astropy.table.SerializedColumn {name: ra}
#       wrap_angle: !astropy.coordinates.Angle
#         unit: *id001
#         value: 360.0
#     radial_velocity:
#       __class__: astropy.units.quantity.Quantity
#       unit: !astropy.units.Unit {unit: km / s}
#       value: !astropy.table.SerializedColumn {name: radial_velocity}
# schema: astropy-2.0
ra,dec,distance,pm_ra_cosdec,pm_dec,radial_velocity
[from data line 1125]
233.51052221179498,28.051891244132207,7.599034023621898,1.9525872460046678,-4.822733121255092,-4.210383564936169e-14
233.52160638673206,28.050200437953404,7.598070469832243,1.9537920024040951,-4.823819044612156,-1.6841534259744676e-14
233.53268971593192,28.048506997788067,7.597107269984861,1.954997299652475,-4.8249059012893944,-2.5262301389617013e-14
233.54377219929904,28.046810925860775,7.596144424054633,1.956203136886054,-4.825993690499493,-3.368306851948935e-14
233.5548538367389,28.045112224395993,7.5951819320164455,1.9574095132414104,-4.827082411454806,-2.5262301389617013e-14
233.56593462815806,28.043410895618113,7.594219793845187,1.9586164278554612,-4.8281720633673615,-3.368306851948935e-14
233.57701457346437,28.041706941751418,7.593258009515742,1.9598238798654446,-4.829262645448863,-5.0524602779234026e-14
233.58809367256666,28.040000365020106,7.592296579002994,1.961031868408939,-4.830354156910688,-1.6841534259744676e-14
233.59917192537483,28.038291167648307,7.591335502281835,1.9622403926238547,-4.831446596963884,-8.420767129872338e-15
233.61024933180002,28.036579351860034,7.590374779327147,1.9634494516484327,-4.8325399648191745,-3.368306851948935e-14
233.6213258917544,28.03486491987922,7.589414410113817,1.964659044621244,-4.83363425968696,-5.0524602779234026e-14
233.63240160515133,28.033147873929696,7.588454394616733,1.9658691706811926,-4.834729480777314,-8.420767129872338e-15
233.6434764719052,28.031428216235227,7.587494732810778,1.9670798289675215,-4.835825627299984,-5.894536990910637e-14
233.65455049193162,28.029705949019462,7.586535424670841,1.968291018619791,-4.836922698464396,-5.0524602779234026e-14
233.6656236651472,28.027981074505966,7.58557647017181,1.969502738777907,-4.838020693479647,-4.210383564936169e-14
233.67669599146967,28.02625359491823,7.584617869288565,1.970714988582102,-4.839119611554514,-3.368306851948935e-14
233.68776747081813,28.02452351247961,7.583659621995996,1.9719277671729347,-4.840219451897448,-1.6841534259744676e-14
233.69883810311242,28.022790829413402,7.58270172826899,1.973141073691305,-4.841320213716574,-4.210383564936169e-14
233.70990788827368,28.021055547942815,7.581744188082431,1.9743549072784394,-4.8424218962197,-6.73661370389787e-14
233.72097682622424,28.019317670290942,7.580787001411207,1.9755692670758946,-4.843524498614303,-1.6841534259744676e-14
233.73204491688736,28.017577198680797,7.5798301682302025,1.976784152225564,-4.8446280201075425,3.368306851948935e-14
233.74311216018745,28.015834135335304,7.578873688514306,1.9779995618696713,-4.845732459906251,-1.6841534259744676e-14
233.75417855605016,28.014088482477284,7.577917562238404,1.9792154951507668,-4.84683781721694,-5.0524602779234026e-14
233.76524410440223,28.012340242329476,7.576961789377377,1.9804319512117332,-4.847944091245802,-1.6841534259744676e-14
233.77630880517128,28.010589417114527,7.576006369906116,1.9816489291957926,-4.849051281198702,-3.368306851948935e-14
233.78737265828642,28.008836009054946,7.575051303799509,1.9828664282464843,-4.850159386281185,2.5262301389617013e-14
233.7984356636775,28.007080020373216,7.574096591032438,1.9840844475076969,-4.8512684056984785,-2.5262301389617013e-14
233.80949782127573,28.005321453291675,7.573142231579789,1.9853029861236318,-4.852378338655482,-4.210383564936169e-14
233.8205591310133,28.00356031003259,7.572188225416455,1.9865220432388344,-4.853489184356775,-6.73661370389787e-14
233.8316195928236,28.00179659281814,7.571234572517313,1.9877416179981757,-4.8546009420066225,-8.420767129872338e-14
233.84267920664115,28.000030303870382,7.570281272857255,1.9889617095468548,-4.855713610808962,8.420767129872338e-15
233.85373797240126,27.99826144541129,7.569328326411164,1.9901823170304163,-4.856827189967411,0.0
233.8647958900408,27.99649001966277,7.568375733153931,1.991403439594715,-4.8579416786852665,-5.0524602779234026e-14
233.87585295949742,27.9947160288466,7.567423493060438,1.9926250763859537,-4.859057076165513,-4.210383564936169e-14
233.88690918071018,27.992939475184464,7.566471606105571,1.993847226550653,-4.860173381610806,-8.420767129872338e-15
233.8979645536189,27.99116036089795,7.565520072264218,1.9950698892356766,-4.861290594223487,-2.5262301389617013e-14
233.90901907816476,27.989378688208568,7.564568891511265,1.9962930635882075,-4.862408713205575,1.6841534259744676e-14
233.92007275428986,27.987594459337718,7.563618063821597,1.9975167487557717,-4.86352773775877,-5.0524602779234026e-14
233.93112558193758,27.985807676506717,7.562667589170103,1.9987409438862114,-4.864647667084456,-5.894536990910637e-14
233.94217756105238,27.984018341936753,7.561717467531665,1.9999656481277104,-4.865768500383699,-8.420767129872338e-15
233.9532286915796,27.982226457848963,7.560767698881174,2.00119086062878,-4.866890236857237,-6.73661370389787e-14
233.96427897346604,27.980432026464353,7.559818283193511,2.002416580538259,-4.868012875705507,-3.368306851948935e-14
233.97532840665926,27.97863505000384,7.558869220443567,2.0036428070053245,-4.869136416128612,-5.894536990910637e-14
233.98637699110813,27.97683553068827,7.557920510606226,2.004869539179475,-4.870260857326344,-1.6841534259744676e-14
233.99742472676263,27.975033470738325,7.556972153656372,2.0060967762105406,-4.871386198498182,-2.5262301389617013e-14
234.00847161357376,27.973228872374666,7.556024149568894,2.0073245172486884,-4.87251243884328,-6.73661370389787e-14
234.01951765149363,27.971421737817796,7.555076498318679,2.008552761444408,-4.873639577560477,-5.0524602779234026e-14
234.0305628404755,27.969612069288168,7.554129199880613,2.009781507948521,-4.8747676138483005,-8.420767129872338e-15
234.0416071804736,27.967799869006107,7.553182254229578,2.011010755912188,-4.875896546904954,-4.210383564936169e-14
234.05265067144347,27.965985139191844,7.5522356613404655,2.0122405044868845,-4.877026375928333,0.0
234.0636933133416,27.96416788206552,7.551289421188158,2.0134707528244293,-4.878157100116008,-8.420767129872338e-15
234.07473510612556,27.962348099847166,7.550343533747545,2.014701500076964,-4.87928871866524,-6.73661370389787e-14
234.0857760497542,27.96052579475672,7.54939799899351,2.015932745396957,-4.880421230772974,-8.420767129872338e-15
234.09681614418713,27.95870096901404,7.54845281690094,2.01716448793722,-4.881554635635835,-5.0524602779234026e-14
234.10785538938552,27.956873624838828,7.547507987444721,2.0183967268508787,-4.88268893245014,-2.5262301389617013e-14
234.1188937853113,27.95504376445074,7.546563510599738,2.0196294612913976,-4.883824120411889,-2.5262301389617013e-14
234.12993133192757,27.95321139006932,7.545619386340881,2.020862690412568,-4.884960198716766,-8.420767129872338e-15
234.14096802919852,27.951376503914002,7.544675614643033,2.022096413368514,-4.886097166560135,-3.368306851948935e-14
234.15200387708944,27.94953910820413,7.543732195481081,2.0233306293136866,-4.887235023137056,-5.0524602779234026e-14
234.16303887556685,27.947699205158937,7.542789128829912,2.024565337402864,-4.888373767642271,-6.73661370389787e-14
234.1740730245982,27.94585679699756,7.54184641466441,2.025800536791157,-4.889513399270211,-5.0524602779234026e-14
234.1851063241521,27.944011885939048,7.540904052959465,2.0270362266340056,-4.890653917214987,-8.420767129872338e-15
234.1961387741981,27.942164474202333,7.539962043689959,2.0282724060871833,-4.8917953206704,-4.210383564936169e-14
234.2071703747072,27.940314564006236,7.5390203868307815,2.0295090743067807,-4.892937608829941,-1.6841534259744676e-14
234.21820112565112,27.938462157569496,7.538079082356816,2.0307462304492345,-4.894080780886786,-9.262843842859572e-14
234.22923102700298,27.936607257110754,7.53713813024295,2.0319838736712903,-4.895224836033801,-4.210383564936169e-14
234.24026007873672,27.934749864848524,7.5361975304640705,2.0332220031300423,-4.896369773463535,-3.368306851948935e-14
234.25128828082754,27.93288998300126,7.5352572829950635,2.034460617982903,-4.897515592368226,-6.73661370389787e-14
234.2623156332518,27.931027613787265,7.5343173878108125,2.035699717387615,-4.898662291939808,3.368306851948935e-14
234.27334213598664,27.92916275942478,7.533377844886207,2.0369393005022536,-4.899809871369893,0.0
234.28436778901062,27.92729542213192,7.532438654196132,2.0381793664852204,-4.900958329849786,-3.368306851948935e-14
234.29539259230322,27.925425604126687,7.531499815715473,2.039419914495244,-4.902107666570485,8.420767129872338e-15
234.30641654584502,27.923553307627046,7.530561329419117,2.040660943691387,-4.903257880722669,-4.210383564936169e-14
234.31743964961782,27.921678534850756,7.5296231952819515,2.0419024532330345,-4.904408971496712,-5.894536990910637e-14
234.32846190360442,27.919801288015545,7.52868541327886,2.0431444422799014,-4.905560938082679,-5.0524602779234026e-14
234.33948330778864,27.917921569339022,7.527747983384731,2.0443869099920366,-4.906713779670321,-5.894536990910637e-14
234.35050386215545,27.916039381038694,7.52681090557445,2.045629855529813,-4.90786749544908,-4.210383564936169e-14
234.361523566691,27.914154725331954,7.5258741798229005,2.046873278053932,-4.909022084608093,1.6841534259744676e-14
234.37254242138226,27.9122676044361,7.5249378061049725,2.0481171767254285,-4.910177546336179,-3.368306851948935e-14
234.38356042621763,27.91037802056832,7.5240017843955505,2.0493615507056573,-4.911333879821855,-2.5262301389617013e-14
234.39457758118635,27.9084859759457,7.523066114669522,2.050606399156308,-4.912491084253327,-4.210383564936169e-14
234.40559388627884,27.906591472785237,7.52213079690177,2.051851721239397,-4.913649158818492,0.0
234.4166093414866,27.904694513303784,7.521195831067185,2.053097516117265,-4.914808102704937,-2.5262301389617013e-14
234.4276239468023,27.902795099718123,7.520261217140652,2.0543437829525857,-4.915967915099946,1.6841534259744676e-14
234.4386377022194,27.900893234244926,7.519326955097053,2.0555905209083627,-4.917128595190489,-4.210383564936169e-14
234.44965060773288,27.898988919100752,7.51839304491128,2.056837729147918,-4.918290142163232,8.420767129872338e-15
234.4606626633384,27.89708215650205,7.517459486558215,2.0580854068349126,-4.919452555204534,8.420767129872338e-15
234.4716738690329,27.895172948665184,7.516526280012747,2.0593335531333308,-4.920615833500441,-3.368306851948935e-14
234.48268422481448,27.893261297806397,7.515593425249761,2.0605821672074813,-4.9217799762367,-5.0524602779234026e-14
234.49369373068214,27.89134720614182,7.5146609222441425,2.0618312482220045,-4.922944982598748,-3.368306851948935e-14
234.50470238663604,27.889430675887482,7.513728770970779,2.0630807953418717,-4.924110851771712,-5.0524602779234026e-14
234.51571019267743,27.88751170925934,7.512796971404558,2.0643308077323734,-4.925277582940415,0.0
234.52671714880867,27.88559030847317,7.511865523520362,2.0655812845591366,-4.926445175289378,-3.368306851948935e-14
234.5377232550332,27.88366647574471,7.51093442729308,2.066832224988106,-4.927613628002814,-5.0524602779234026e-14
234.54872851135545,27.88174021328956,7.510003682697596,2.0680836281855637,-4.928782940264624,-5.0524602779234026e-14
234.55973291778105,27.879811523323223,7.509073289708799,2.0693354933181114,-4.929953111258413,-1.6841534259744676e-14
234.57073647431656,27.877880408061092,7.508143248301572,2.070587819552686,-4.9311241401674755,-3.368306851948935e-14
234.58173918096975,27.87594686971844,7.507213558450804,2.071840606056546,-4.932296026174802,0.0
234.5927410377494,27.874010910510457,7.506284220131379,2.073093851997278,-4.933468768463079,-5.0524602779234026e-14
234.60374204466547,27.872072532652208,7.505355233318186,2.0743475565427945,-4.934642366214689,-1.6841534259744676e-14
234.61474220172883,27.870131738358662,7.504426597986111,2.0756017188613396,-4.935816818611707,-8.420767129872338e-15
234.6257415089516,27.86818852984465,7.503498314110034,2.0768563381214826,-4.936992124835912,-5.894536990910637e-14
234.63673996634688,27.86624290932493,7.502570381664849,2.0781114134921133,-4.938168284068771,-1.6841534259744676e-14
234.64773757392885,27.864294879014125,7.501642800625437,2.0793669441424583,-4.93934529549145,0.0
234.65873433171276,27.86234444112678,7.500715570966689,2.080622929242067,-4.9405231582848135,-2.5262301389617013e-14
234.669730239715,27.860391597877303,7.499788692663486,2.0818793679608145,-4.941701871629419,0.0
234.680725297953,27.858436351480012,7.49886216569072,2.083136259468904,-4.94288143470553,2.5262301389617013e-14
234.69171950644514,27.856478704149087,7.4979359900232705,2.0843936029368666,-4.944061846693094,-8.420767129872338e-15
234.7027128652111,27.854518658098634,7.49701016563603,2.085651397535554,-4.94524310677177,-8.420767129872338e-15
234.7137053742715,27.852556215542634,7.49608469250388,2.0869096424361535,-4.9464252141209055,-2.5262301389617013e-14
234.724697033648,27.850591378694965,7.495159570601707,2.088168336810175,-4.94760816791955,-8.420767129872338e-15
234.73568784336348,27.84862414976936,7.494234799904401,2.08942747982945,-4.948791967346452,-5.894536990910637e-14
234.74667780344177,27.84665453097948,7.4933103803868475,2.0906870706661405,-4.949976611580055,-5.894536990910637e-14
234.75766691390785,27.844682524538875,7.492386312023928,2.0919471084927355,-4.951162099798509,8.420767129872338e-15
234.76865517478763,27.842708132660963,7.491462594790533,2.0932075924820515,-4.9523484311796535,2.5262301389617013e-14
234.77964258610814,27.840731357559083,7.4905392286615475,2.094468521807232,-4.953535604901029,-5.894536990910637e-14
234.79062914789773,27.838752201446415,7.489616213611859,2.0957298956417345,-4.9547236201398865,8.420767129872338e-15
234.80161486018542,27.836770666536065,7.488693549616349,2.0969917131593627,-4.955912476073163,-1.6841534259744676e-14
234.81259972300163,27.83478675504103,7.48777123664991,2.098253973534227,-4.957102171877502,-8.420767129872338e-15
234.82358373637757,27.832800469174185,7.486849274687423,2.099516675940779,-4.958292706729249,8.420767129872338e-15
234.8345669003458,27.83081181114827,7.48592766370378,2.1007798195537855,-4.959484079804442,0.0
234.84554921493978,27.82882078317595,7.485006403673861,2.102043403548342,-4.960676290278832,-2.5262301389617013e-14
234.85653068019406,27.826827387469763,7.484085494572555,2.1033074270998733,-4.961869337327863,-3.368306851948935e-14
234.86751129614424,27.824831626242133,7.483164936374748,2.1045718893841263,-4.963063220126678,-2.5262301389617013e-14
234.87849106282707,27.822833501705375,7.482244729055328,2.1058367895771752,-4.964257937850128,-4.210383564936169e-14
234.88946998028024,27.820833016071685,7.481324872589178,2.1071021268554184,-4.965453489672761,-4.210383564936169e-14
234.90044804854267,27.818830171553167,7.480405366951188,2.108367900395579,-4.966649874768828,1.6841534259744676e-14
234.91142526765412,27.81682497036178,7.479486212116238,2.1096341093747135,-4.967847092312286,-3.368306851948935e-14
234.92240163765567,27.814817414709395,7.478567408059221,2.110900752970191,-4.969045141476789,-3.368306851948935e-14
234.93337715858922,27.812807506807772,7.47764895475502,2.1121678303597147,-4.970244021435695,-8.420767129872338e-15
234.94435183049796,27.81079524886853,7.476730852178521,2.113435340721309,-4.9714437313620685,-5.0524602779234026e-14
234.95532565342603,27.80878064310319,7.475813100304611,2.114703283233325,-4.972644270428671,-3.368306851948935e-14
234.96629862741867,27.806763691723166,7.474895699108176,2.1159716570744367,-4.973845637807974,1.6841534259744676e-14
234.97727075252203,27.80474439693977,7.473978648564102,2.1172404614236515,-4.975047832672148,-3.368306851948935e-14
234.98824202878353,27.802722760964155,7.473061948647275,2.1185096954602916,-4.976250854193065,-1.6841534259744676e-14
234.99921245625157,27.800698786007406,7.472145599332582,2.1197793583640063,-4.97745470154231,-4.210383564936169e-14
235.0101820349756,27.798672474280465,7.471229600594908,2.121049449314775,-4.978659373891164,-2.5262301389617013e-14
235.02115076500615,27.796643827994174,7.47031395240914,2.122319967492897,-4.979864870410615,8.420767129872338e-15
235.03211864639474,27.794612849359275,7.469398654750164,2.1235909120789995,-4.981071190271355,8.420767129872338e-15
