galstreams/tracks/track.st.Yangtze.yang2023.ecsv
# %ECSV 1.0
# ---
# datatype:
# - {name: ra, unit: deg, datatype: float64}
# - {name: dec, unit: deg, datatype: float64}
# - {name: distance, unit: kpc, datatype: float64}
# - {name: pm_ra_cosdec, unit: mas / yr, datatype: float64}
# - {name: pm_dec, unit: mas / yr, datatype: float64}
# - {name: radial_velocity, unit: km / s, datatype: float64}
# delimiter: ','
# meta: !!omap
# - __serialized_columns__:
#     dec:
#       __class__: astropy.coordinates.angles.Latitude
#       unit: &id001 !astropy.units.Unit {unit: deg}
#       value: !astropy.table.SerializedColumn {name: dec}
#     distance:
#       __class__: astropy.coordinates.distances.Distance
#       unit: !astropy.units.Unit {unit: kpc}
#       value: !astropy.table.SerializedColumn {name: distance}
#     pm_dec:
#       __class__: astropy.units.quantity.Quantity
#       unit: !astropy.units.Unit {unit: mas / yr}
#       value: !astropy.table.SerializedColumn {name: pm_dec}
#     pm_ra_cosdec:
#       __class__: astropy.units.quantity.Quantity
#       unit: !astropy.units.Unit {unit: mas / yr}
#       value: !astropy.table.SerializedColumn {name: pm_ra_cosdec}
#     ra:
#       __class__: astropy.coordinates.angles.Longitude
#       unit: *id001
#       value: !astropy.table.SerializedColumn {name: ra}
#       wrap_angle: !astropy.coordinates.Angle
#         unit: *id001
#         value: 360.0
#     radial_velocity:
#       __class__: astropy.units.quantity.Quantity
#       unit: !astropy.units.Unit {unit: km / s}
#       value: !astropy.table.SerializedColumn {name: radial_velocity}
# schema: astropy-2.0
ra,dec,distance,pm_ra_cosdec,pm_dec,radial_velocity
[from data line 1696]
146.41042640557455,3.9878015508260027,9.1201083935591,-0.7,1.1000000000000005,-7.894469184255318e-15
146.41130711568633,3.997772560760886,9.120108393559102,-0.6999999999999998,1.1000000000000003,2.6314897280851058e-15
146.4121888538007,4.007743516637727,9.120108393559098,-0.7000000000000002,1.1000000000000005,-1.3683746586042549e-14
146.4130716199007,4.0177144184552676,9.120108393559102,-0.6999999999999997,1.1000000000000005,-4.210383564936169e-15
146.41395541396946,4.027685266212222,9.1201083935591,-0.7,1.1000000000000003,-9.47336302110638e-15
146.41484023599006,4.0376560599073015,9.1201083935591,-0.6999999999999998,1.1000000000000003,-1.473634247727659e-14
146.41572608594555,4.047626799539186,9.120108393559102,-0.7,1.1000000000000003,-5.262979456170211e-16
146.41661296381906,4.057597485106558,9.120108393559102,-0.7,1.1000000000000003,-7.894469184255318e-15
146.41750086959365,4.067568116608063,9.120108393559102,-0.6999999999999998,1.1000000000000003,-9.47336302110638e-15
146.4183898032524,4.077538694042339,9.1201083935591,-0.7,1.1000000000000003,-3.1577876737021266e-15
146.4192797647784,4.087509217408011,9.120108393559102,-0.6999999999999998,1.1000000000000003,0.0
146.4201707541547,4.097479686703681,9.120108393559102,-0.7,1.1000000000000003,-3.684085619319148e-15
146.42106277136438,4.107450101927941,9.120108393559102,-0.7,1.1000000000000003,-9.47336302110638e-15
146.42195581639052,4.117420463079362,9.120108393559102,-0.7,1.1,-7.894469184255318e-15
146.4228498892162,4.127390770156489,9.1201083935591,-0.7,1.1000000000000003,-8.420767129872338e-15
146.42374498982443,4.137361023157874,9.120108393559102,-0.7,1.1,-5.789277401787233e-15
146.42464111819834,4.147331222082025,9.120108393559102,-0.6999999999999997,1.1000000000000003,-5.789277401787233e-15
146.42553827432099,4.157301366927455,9.120108393559102,-0.7,1.1,1.0525958912340423e-15
146.4264364581754,4.167271457692645,9.1201083935591,-0.7,1.1000000000000008,-4.210383564936169e-15
146.42733566974465,4.17724149437607,9.1201083935591,-0.7,1.1000000000000005,-1.3683746586042549e-14
146.42823590901182,4.187211476976179,9.1201083935591,-0.7,1.1000000000000003,-1.2631150694808506e-14
146.42913717595988,4.197181405491407,9.120108393559102,-0.6999999999999997,1.0999999999999999,-5.262979456170211e-16
146.430039470572,4.207151279920175,9.120108393559102,-0.7,1.1000000000000003,-5.789277401787233e-15
146.43094279283116,4.217121100260881,9.120108393559102,-0.7,1.1000000000000003,-4.73668151055319e-15
146.4318471427204,4.227090866511916,9.1201083935591,-0.7,1.1,1.0525958912340423e-15
146.4327525202228,4.237060578671642,9.120108393559102,-0.7,1.1,-1.1052256857957444e-14
146.4336589253214,4.247030236738404,9.120108393559102,-0.6999999999999997,1.1000000000000003,-8.947065075489359e-15
146.43456635799922,4.256999840710544,9.120108393559102,-0.7,1.1,-4.210383564936169e-15
146.43547481823933,4.266969390586367,9.120108393559102,-0.7,1.0999999999999999,-8.947065075489359e-15
146.43638430602476,4.27693888636418,9.120108393559102,-0.6999999999999998,1.1,-1.5788938368510635e-14
146.4372948213385,4.286908328042257,9.1201083935591,-0.7000000000000001,1.1000000000000003,-3.684085619319148e-15
146.43820636416362,4.296877715618863,9.120108393559102,-0.7,1.1,-5.789277401787233e-15
146.43911893448316,4.306847049092242,9.120108393559102,-0.6999999999999998,1.1,-9.999660966723401e-15
146.44003253228016,4.316816328460618,9.120108393559102,-0.6999999999999998,1.1000000000000003,-4.210383564936169e-15
146.44094715753758,4.326785553722206,9.120108393559102,-0.7,1.1000000000000003,-5.789277401787233e-15
146.44186281023852,4.336754724875195,9.1201083935591,-0.7,1.1000000000000003,-1.5262640422893612e-14
146.44277949036595,4.346723841917761,9.120108393559102,-0.7,1.0999999999999999,-4.73668151055319e-15
146.44369719790294,4.35669290484806,9.120108393559102,-0.6999999999999997,1.1,-1.3157448640425528e-14
146.44461593283242,4.366661913664229,9.120108393559102,-0.7,1.1,3.1577876737021266e-15
146.4455356951375,4.3766308683643915,9.120108393559102,-0.7,1.1,-9.47336302110638e-15
146.44645648480113,4.386599768946649,9.120108393559102,-0.7,1.1000000000000003,-1.0525958912340423e-15
146.44737830180637,4.396568615409088,9.1201083935591,-0.7000000000000002,1.1000000000000003,2.6314897280851058e-15
146.44830114613617,4.40653740774977,9.1201083935591,-0.7000000000000002,1.1000000000000003,-5.789277401787233e-15
146.44922501777359,4.416506145966755,9.120108393559102,-0.7,1.1000000000000005,-1.0525958912340423e-15
146.4501499167016,4.426474830058067,9.120108393559102,-0.7,1.1000000000000003,-9.47336302110638e-15
146.45107584290324,4.436443460021716,9.120108393559102,-0.7000000000000002,1.1000000000000005,-1.0525958912340423e-14
146.4520027963614,4.446412035855704,9.120108393559104,-0.7,1.1,-2.6314897280851058e-15
146.4529307770592,4.456380557558002,9.120108393559102,-0.7000000000000001,1.1000000000000008,-6.315575347404253e-15
146.45385978497958,4.466349025126574,9.120108393559102,-0.7000000000000002,1.1,-7.894469184255318e-15
146.45478982010553,4.476317438559352,9.120108393559104,-0.7,1.1,-1.1578554803574466e-14
146.45572088242005,4.48628579785427,9.120108393559102,-0.7,1.1000000000000005,-9.47336302110638e-15
146.45665297190612,4.496254103009223,9.120108393559104,-0.7,1.1000000000000003,-9.999660966723401e-15
146.45758608854672,4.506222354022095,9.120108393559104,-0.7,1.1,-4.210383564936169e-15
146.45852023232484,4.516190550890763,9.120108393559102,-0.7000000000000002,1.1000000000000003,-2.1051917824680845e-15
146.45945540322344,4.526158693613062,9.120108393559102,-0.7000000000000002,1.1000000000000003,-9.999660966723401e-15
146.46039160122552,4.536126782186832,9.120108393559104,-0.7,1.1,3.684085619319148e-15
146.46132882631403,4.546094816609882,9.120108393559102,-0.7000000000000001,1.1000000000000003,1.5788938368510633e-15
146.46226707847194,4.556062796880001,9.120108393559102,-0.7000000000000002,1.1000000000000003,3.1577876737021266e-15
146.46320635768225,4.566030722994969,9.120108393559102,-0.7000000000000001,1.1000000000000003,-3.1577876737021266e-15
146.46414666392792,4.575998594952536,9.120108393559102,-0.7000000000000001,1.1000000000000003,-8.420767129872338e-15
146.46508799719186,4.585966412750444,9.120108393559102,-0.7000000000000002,1.1000000000000003,0.0
146.4660303574571,4.595934176386405,9.120108393559104,-0.7,1.1,-1.0525958912340423e-14
146.46697374470654,4.605901885858127,9.120108393559104,-0.7000000000000001,1.1,-4.210383564936169e-15
146.46791815892317,4.615869541163286,9.120108393559102,-0.7000000000000002,1.1000000000000003,-2.6314897280851058e-15
146.46886360008995,4.625837142299539,9.120108393559104,-0.7,1.1000000000000003,-8.947065075489359e-15
146.4698100681898,4.63580468926454,9.120108393559102,-0.7000000000000002,1.1000000000000003,-7.894469184255318e-15
146.47075756320564,4.645772182055897,9.120108393559104,-0.7,1.1000000000000003,-3.684085619319148e-15
146.4717060851205,4.655739620671233,9.120108393559102,-0.7,1.1,-1.2104852749191486e-14
146.47265563391727,4.665707005108122,9.120108393559104,-0.7,1.1000000000000003,-1.1578554803574466e-14
146.47360620957883,4.67567433536413,9.120108393559104,-0.7000000000000001,1.1,-5.262979456170211e-16
146.47455781208825,4.6856416114368145,9.120108393559102,-0.7,1.1000000000000005,-6.8418732930212744e-15
146.47551044142838,4.6956088333236945,9.120108393559102,-0.7000000000000002,1.1000000000000008,-6.315575347404253e-15
146.47646409758215,4.705576001022287,9.120108393559102,-0.7000000000000001,1.1000000000000003,-8.420767129872338e-15
146.47741878053247,4.7155431145300755,9.120108393559102,-0.7000000000000002,1.1000000000000005,4.73668151055319e-15
146.47837449026235,4.725510173844533,9.120108393559104,-0.7,1.1,-2.1051917824680845e-15
146.47933122675465,4.735477178963117,9.120108393559102,-0.7000000000000002,1.1000000000000005,-1.0525958912340423e-15
146.48028898999226,4.745444129883248,9.120108393559102,-0.7000000000000002,1.1,-4.210383564936169e-15
146.48124777995818,4.755411026602352,9.120108393559102,-0.7000000000000002,1.1000000000000005,-9.47336302110638e-15
146.48220759663525,4.765377869117811,9.120108393559104,-0.7000000000000001,1.1000000000000005,-4.210383564936169e-15
146.48316844000638,4.775344657427009,9.120108393559102,-0.7000000000000002,1.1000000000000003,-1.5788938368510633e-15
146.48413031005455,4.785311391527298,9.120108393559102,-0.7000000000000002,1.1000000000000003,-6.315575347404253e-15
146.4850932067626,4.795278071416004,9.120108393559102,-0.7000000000000002,1.1000000000000003,-4.73668151055319e-15
146.48605713011344,4.805244697090455,9.120108393559102,-0.7000000000000002,1.1000000000000005,1.0525958912340423e-15
146.48702208009001,4.8152112685479365,9.120108393559102,-0.7000000000000003,1.1000000000000005,-8.420767129872338e-15
146.48798805667514,4.825177785785736,9.1201083935591,-0.7000000000000004,1.1000000000000003,4.73668151055319e-15
146.4889550598518,4.835144248801097,9.120108393559104,-0.7,1.1,3.1577876737021266e-15
146.48992308960283,4.845110657591268,9.120108393559102,-0.7000000000000002,1.1000000000000005,-1.1578554803574466e-14
146.49089214591112,4.855077012153458,9.120108393559105,-0.7,1.0999999999999999,-5.789277401787233e-15
146.49186222875954,4.865043312484869,9.120108393559102,-0.7000000000000002,1.1000000000000003,3.1577876737021266e-15
146.49283333813102,4.8750095585826765,9.120108393559102,-0.7000000000000003,1.1000000000000005,5.262979456170211e-16
146.4938054740084,4.884975750444034,9.120108393559102,-0.7000000000000002,1.1000000000000003,-8.420767129872338e-15
146.4947786363746,4.894941888066089,9.120108393559102,-0.7000000000000002,1.1000000000000005,-1.0525958912340423e-15
146.49575282521243,4.904907971445949,9.120108393559104,-0.7000000000000002,1.0999999999999999,-8.947065075489359e-15
146.4967280405048,4.914874000580714,9.120108393559102,-0.7000000000000002,1.1000000000000005,2.1051917824680845e-15
146.49770428223457,4.924839975467466,9.120108393559104,-0.7000000000000002,1.1,-1.6841534259744676e-14
146.49868155038456,4.934805896103257,9.120108393559102,-0.7000000000000002,1.1000000000000005,4.73668151055319e-15
146.4996598449377,4.944771762485129,9.120108393559102,-0.7000000000000002,1.1000000000000003,-1.2104852749191486e-14
146.5006391658768,4.954737574610092,9.120108393559102,-0.7000000000000002,1.1000000000000003,1.0525958912340423e-15
146.50161951318472,4.964703332475151,9.120108393559102,-0.7000000000000003,1.1000000000000005,2.1051917824680845e-15
146.50260088684433,4.9746690360772785,9.120108393559102,-0.7000000000000002,1.1000000000000005,3.684085619319148e-15
146.5035832868385,4.984634685413428,9.120108393559102,-0.7000000000000002,1.1000000000000003,-1.5262640422893612e-14
146.50456671314998,4.994600280480541,9.120108393559104,-0.7000000000000002,1.1,-6.8418732930212744e-15
146.5055511657617,5.004565821275531,9.120108393559104,-0.7000000000000002,1.1000000000000003,-5.262979456170211e-16
146.50653664465648,5.014531307795292,9.120108393559102,-0.7000000000000001,1.1000000000000003,-1.1578554803574466e-14
146.5075231498171,5.024496740036704,9.120108393559102,-0.7000000000000003,1.1000000000000003,-2.6314897280851058e-15
146.50851068122645,5.034462117996609,9.120108393559104,-0.7000000000000004,1.1,2.1051917824680845e-15
146.50949923886736,5.044427441671854,9.120108393559104,-0.7000000000000002,1.1,-8.420767129872338e-15
146.5104888227226,5.0543927110592435,9.120108393559102,-0.7000000000000003,1.1000000000000003,-5.262979456170211e-16
146.5114794327751,5.064357926155577,9.120108393559105,-0.7000000000000002,1.1,-1.2631150694808506e-14
146.51247106900755,5.074323086957619,9.120108393559104,-0.7000000000000003,1.1000000000000003,-2.6314897280851058e-15
146.51346373140282,5.084288193462128,9.120108393559105,-0.7000000000000003,1.1,-3.684085619319148e-15
146.51445741994374,5.094253245665832,9.120108393559105,-0.7000000000000002,1.1,5.262979456170211e-16
146.5154521346131,5.104218243565436,9.120108393559104,-0.7000000000000002,1.1,-5.262979456170211e-16
146.5164478753937,5.114183187157635,9.120108393559105,-0.7000000000000002,1.1,-8.947065075489359e-15
146.51744464226834,5.124148076439093,9.120108393559105,-0.7000000000000001,1.1,-7.894469184255318e-15
146.51844243521984,5.134112911406464,9.120108393559105,-0.7000000000000001,1.0999999999999999,-6.8418732930212744e-15
146.51944125423097,5.144077692056366,9.120108393559105,-0.7000000000000003,1.1,-6.315575347404253e-15
146.52044109928454,5.154042418385408,9.120108393559104,-0.7000000000000004,1.1000000000000003,5.262979456170211e-16
146.52144197036333,5.164007090390175,9.120108393559104,-0.7000000000000002,1.1000000000000003,-1.2631150694808506e-14
146.5224438674501,5.173971708067229,9.120108393559104,-0.7000000000000004,1.1,-8.420767129872338e-15
146.5234467905277,5.1839362714131125,9.120108393559105,-0.7000000000000001,1.1,-1.5788938368510633e-15
146.5244507395788,5.193900780424349,9.120108393559102,-0.7000000000000004,1.1000000000000008,5.262979456170211e-16
146.52545571458631,5.203865235097435,9.120108393559104,-0.7000000000000003,1.1000000000000003,-8.420767129872338e-15
146.52646171553286,5.213829635428854,9.120108393559104,-0.7000000000000004,1.1000000000000003,2.6314897280851058e-15
146.52746874240134,5.223793981415055,9.120108393559105,-0.7000000000000001,1.1000000000000003,-1.0525958912340423e-14
146.5284767951744,5.233758273052485,9.120108393559105,-0.7000000000000001,1.1000000000000003,-3.1577876737021266e-15
146.5294858738349,5.243722510337552,9.120108393559104,-0.7000000000000003,1.1000000000000005,8.947065075489359e-15
146.53049597836556,5.253686693266653,9.120108393559104,-0.7000000000000002,1.1000000000000005,-5.789277401787233e-15
146.5315071087491,5.263650821836159,9.120108393559104,-0.7000000000000003,1.1000000000000005,-5.789277401787233e-15
146.53251926496833,5.273614896042419,9.120108393559104,-0.7000000000000003,1.1000000000000003,-9.999660966723401e-15
146.5335324470059,5.283578915881767,9.120108393559104,-0.7000000000000002,1.1000000000000003,3.1577876737021266e-15
146.5345466548447,5.293542881350504,9.120108393559104,-0.7000000000000002,1.1000000000000008,-1.1578554803574466e-14
146.53556188846733,5.303506792444927,9.120108393559104,-0.7000000000000002,1.1000000000000005,-6.315575347404253e-15
146.53657814785655,5.313470649161288,9.120108393559105,-0.7000000000000001,1.1000000000000003,-5.262979456170211e-16
146.53759543299518,5.323434451495843,9.120108393559105,-0.7000000000000002,1.0999999999999999,-4.210383564936169e-15
146.53861374386585,5.333398199444806,9.120108393559104,-0.7000000000000002,1.1000000000000008,-6.315575347404253e-15
146.5396330804513,5.343361893004375,9.120108393559105,-0.7000000000000002,1.0999999999999996,2.1051917824680845e-15
146.5406534427343,5.353325532170736,9.120108393559105,-0.7000000000000003,1.0999999999999996,-3.684085619319148e-15
146.54167483069756,5.363289116940037,9.120108393559105,-0.7000000000000002,1.1,-3.1577876737021266e-15
146.54269724432373,5.373252647308419,9.120108393559105,-0.7000000000000002,1.1000000000000003,-1.5788938368510633e-15
146.54372068359558,5.3832161232719935,9.120108393559105,-0.7000000000000002,1.1,-7.368171238638296e-15
146.54474514849576,5.3931795448268485,9.120108393559105,-0.7000000000000003,1.1000000000000003,-7.368171238638296e-15
146.54577063900703,5.403142911969055,9.120108393559105,-0.7000000000000002,1.1,-3.684085619319148e-15
146.54679715511207,5.4131062246946575,9.120108393559105,-0.7000000000000002,1.1000000000000003,-6.8418732930212744e-15
146.54782469679355,5.423069482999688,9.120108393559105,-0.7000000000000002,1.1,-6.8418732930212744e-15
146.54885326403416,5.433032686880139,9.120108393559104,-0.7000000000000004,1.1000000000000005,-8.420767129872338e-15
146.5498828568166,5.442995836332003,9.120108393559105,-0.7000000000000002,1.1,2.6314897280851058e-15
