galstreams/tracks/track.st.Pal5.starkman2020.ecsv
# %ECSV 0.9
# ---
# datatype:
# - {name: ra, unit: deg, datatype: float64}
# - {name: dec, unit: deg, datatype: float64}
# - {name: distance, unit: kpc, datatype: float64}
# - {name: pm_ra_cosdec, unit: mas / yr, datatype: float64}
# - {name: pm_dec, unit: mas / yr, datatype: float64}
# - {name: radial_velocity, unit: km / s, datatype: float64}
# delimiter: ','
# meta: !!omap
# - __serialized_columns__:
#     dec:
#       __class__: astropy.coordinates.angles.Latitude
#       unit: &id001 !astropy.units.Unit {unit: deg}
#       value: !astropy.table.SerializedColumn {name: dec}
#     distance:
#       __class__: astropy.coordinates.distances.Distance
#       unit: !astropy.units.Unit {unit: kpc}
#       value: !astropy.table.SerializedColumn {name: distance}
#     pm_dec:
#       __class__: astropy.units.quantity.Quantity
#       unit: !astropy.units.Unit {unit: mas / yr}
#       value: !astropy.table.SerializedColumn {name: pm_dec}
#     pm_ra_cosdec:
#       __class__: astropy.units.quantity.Quantity
#       unit: !astropy.units.Unit {unit: mas / yr}
#       value: !astropy.table.SerializedColumn {name: pm_ra_cosdec}
#     ra:
#       __class__: astropy.coordinates.angles.Longitude
#       unit: *id001
#       value: !astropy.table.SerializedColumn {name: ra}
#       wrap_angle: !astropy.coordinates.Angle
#         unit: *id001
#         value: 360.0
#     radial_velocity:
#       __class__: astropy.units.quantity.Quantity
#       unit: !astropy.units.Unit {unit: km / s}
#       value: !astropy.table.SerializedColumn {name: radial_velocity}
# schema: astropy-2.0
ra,dec,distance,pm_ra_cosdec,pm_dec,radial_velocity
[from data line 741]
232.9566595810906,2.362704946860575,22.499999999999996,0.0,0.0,0.0
232.94760612544175,2.3578275555067223,22.5,0.0,0.0,0.0
232.93855512161124,2.352947401765865,22.499999999999996,0.0,0.0,0.0
232.92950656994415,2.348064485385964,22.499999999999996,0.0,0.0,0.0
232.92046047078526,2.343178806114796,22.499999999999996,0.0,0.0,0.0
232.91141682447906,2.3382903636998127,22.5,0.0,0.0,0.0
232.90237563137003,2.3333991578881705,22.5,0.0,0.0,0.0
232.89333689180216,2.328505188426734,22.499999999999996,0.0,0.0,0.0
232.88430060611918,2.3236084550621094,22.499999999999996,0.0,0.0,0.0
232.87526677466468,2.318708957540501,22.5,0.0,0.0,0.0
232.86623539778196,2.3138066956079304,22.499999999999996,0.0,0.0,0.0
232.85720647581405,2.3089016690100896,22.499999999999996,0.0,0.0,0.0
232.84818000910371,2.303993877492379,22.499999999999996,0.0,0.0,0.0
232.83915599799354,2.299083320799941,22.5,0.0,0.0,0.0
232.83013444282582,2.294169998677514,22.499999999999996,0.0,0.0,0.0
232.82111534394247,2.28925391086966,22.499999999999996,0.0,0.0,0.0
232.81209870168536,2.2843350571206025,22.5,0.0,0.0,0.0
232.80308451639604,2.2794134371742802,22.5,0.0,0.0,0.0
232.7940727884157,2.274489050774333,22.5,0.0,0.0,0.0
232.78506351808545,2.2695618976641505,22.499999999999996,0.0,0.0,0.0
232.77605670574602,2.2646319775867148,22.499999999999996,0.0,0.0,0.0
232.76705235173787,2.2596992902848254,22.499999999999996,0.0,0.0,0.0
232.7580504564014,2.254763835500956,22.5,0.0,0.0,0.0
232.7490510200766,2.249825612977288,22.5,0.0,0.0,0.0
232.7400540431032,2.244884622455706,22.499999999999996,0.0,0.0,0.0
232.73105952582083,2.2399408636778415,22.499999999999996,0.0,0.0,0.0
232.7220674685686,2.234994336384922,22.5,0.0,0.0,0.0
232.71307787168567,2.2300450403179926,22.499999999999996,0.0,0.0,0.0
232.70409073551076,2.2250929752177715,22.499999999999996,0.0,0.0,0.0
232.69510606038247,2.2201381408246808,22.499999999999996,0.0,0.0,0.0
232.68612384663902,2.2151805368788917,22.499999999999996,0.0,0.0,0.0
232.67714409461848,2.210220163120167,22.5,0.0,0.0,0.0
232.66816680465857,2.205257019288091,22.499999999999996,0.0,0.0,0.0
232.6591919770969,2.2002911051219183,22.5,0.0,0.0,0.0
232.65021961227072,2.1953224203606103,22.5,0.0,0.0,0.0
232.64124971051714,2.1903509647428363,22.500000000000004,0.0,0.0,0.0
232.632282272173,2.1853767380070135,22.499999999999996,0.0,0.0,0.0
232.62331729757463,2.1803997398911474,22.499999999999996,0.0,0.0,0.0
232.61435478705855,2.175419970133072,22.499999999999996,0.0,0.0,0.0
232.60539474096075,2.170437428470285,22.500000000000004,0.0,0.0,0.0
232.59643715961704,2.165452114639996,22.499999999999996,0.0,0.0,0.0
232.58748204336302,2.1604640283791197,22.5,0.0,0.0,0.0
232.57852939253402,2.1554731694243183,22.5,0.0,0.0,0.0
232.56957920746513,2.1504795375118486,22.499999999999996,0.0,0.0,0.0
232.56063148849114,2.1454831323777848,22.499999999999996,0.0,0.0,0.0
232.55168623594662,2.1404839537578773,22.499999999999996,0.0,0.0,0.0
232.542743450166,2.1354820013875795,22.499999999999996,0.0,0.0,0.0
232.5338031314834,2.130477275002093,22.499999999999996,0.0,0.0,0.0
232.52486528023258,2.125469774336212,22.5,0.0,0.0,0.0
232.51592989674725,2.1204594991245553,22.5,0.0,0.0,0.0
232.50699698136077,2.115446449101408,22.5,0.0,0.0,0.0
232.49806653440618,2.1104306240007653,22.499999999999996,0.0,0.0,0.0
232.48913855621646,2.1054120235563327,22.5,0.0,0.0,0.0
232.48021304712432,2.1003906475015572,22.5,0.0,0.0,0.0
232.47129000746204,2.0953664955694826,22.499999999999993,0.0,0.0,0.0
232.46236943756185,2.090339567492974,22.5,0.0,0.0,0.0
232.45345133775564,2.085309863004568,22.5,0.0,0.0,0.0
232.44453570837516,2.0802773818365083,22.499999999999996,0.0,0.0,0.0
232.4356225497518,2.075242123720746,22.5,0.0,0.0,0.0
232.42671186221676,2.0702040883889805,22.499999999999996,0.0,0.0,0.0
232.41780364610102,2.065163275572505,22.499999999999993,0.0,0.0,0.0
232.4088979017353,2.0601196850024337,22.499999999999996,0.0,0.0,0.0
232.39999462945002,2.0550733164095503,22.5,0.0,0.0,0.0
232.39109382957554,2.050024169524351,22.500000000000004,0.0,0.0,0.0
232.3821955024418,2.044972244077076,22.499999999999996,0.0,0.0,0.0
232.3732996483785,2.0399175397975586,22.5,0.0,0.0,0.0
232.36440626771525,2.034860056415456,22.499999999999996,0.0,0.0,0.0
232.35551536078137,2.0297997936600964,22.499999999999996,0.0,0.0,0.0
232.34662692790582,2.0247367512605146,22.500000000000004,0.0,0.0,0.0
232.3377409694174,2.019670928945458,22.5,0.0,0.0,0.0
232.32885748564485,2.0146023264434145,22.499999999999996,0.0,0.0,0.0
232.31997647691625,2.0095309434824724,22.499999999999993,0.0,0.0,0.0
232.31109794355987,2.004456779790539,22.5,0.0,0.0,0.0
232.30222188590358,1.9993798350951943,22.5,0.0,0.0,0.0
232.29334830427482,1.9943001091237251,22.5,0.0,0.0,0.0
232.28447719900123,1.9892176016031307,22.499999999999996,0.0,0.0,0.0
232.27560857040987,1.9841323122601515,22.500000000000004,0.0,0.0,0.0
232.2667424188276,1.979044240821128,22.5,0.0,0.0,0.0
232.2578787445811,1.9739533870122214,22.5,0.0,0.0,0.0
232.24901754799686,1.9688597505592618,22.499999999999996,0.0,0.0,0.0
232.2401588294011,1.9637633311877916,22.5,0.0,0.0,0.0
232.2313025891197,1.9586641286230595,22.500000000000004,0.0,0.0,0.0
232.22244882747856,1.953562142590065,22.5,0.0,0.0,0.0
232.21359754480306,1.9484573728133987,22.5,0.0,0.0,0.0
232.2047487414186,1.9433498190174756,22.5,0.0,0.0,0.0
232.19590241765002,1.9382394809263817,22.500000000000004,0.0,0.0,0.0
232.18705857382227,1.9331263582639133,22.499999999999996,0.0,0.0,0.0
232.17821721025996,1.9280104507536107,22.499999999999993,0.0,0.0,0.0
232.16937832728726,1.9228917581186125,22.500000000000004,0.0,0.0,0.0
232.16054192522844,1.9177702800818817,22.5,0.0,0.0,0.0
232.15170800440728,1.9126460163660477,22.499999999999996,0.0,0.0,0.0
232.1428765651475,1.907518966693453,22.500000000000004,0.0,0.0,0.0
232.13404760777235,1.9023891307861491,22.5,0.0,0.0,0.0
232.12522113260528,1.8972565083659332,22.500000000000004,0.0,0.0,0.0
232.11639713996902,1.8921210991541995,22.5,0.0,0.0,0.0
232.10757563018632,1.8869829028721659,22.5,0.0,0.0,0.0
232.09875660357974,1.8818419192407194,22.499999999999996,0.0,0.0,0.0
232.0899400604715,1.876698147980457,22.5,0.0,0.0,0.0
232.08112600118358,1.871551588811691,22.499999999999996,0.0,0.0,0.0
232.0723144260378,1.8664022414544723,22.5,0.0,0.0,0.0
232.06350533535576,1.8612501056284545,22.5,0.0,0.0,0.0
232.0546987294588,1.856095181053111,22.499999999999996,0.0,0.0,0.0
232.04589460866802,1.8509374674475871,22.5,0.0,0.0,0.0
232.0370929733042,1.845776964530742,22.5,0.0,0.0,0.0
232.02829382368816,1.8406136720211768,22.5,0.0,0.0,0.0
232.01949716014022,1.835447589637094,22.5,0.0,0.0,0.0
232.01070298298055,1.8302787170965154,22.499999999999996,0.0,0.0,0.0
232.00191129252912,1.8251070541171366,22.5,0.0,0.0,0.0
231.99312208910575,1.8199326004163638,22.5,0.0,0.0,0.0
231.9843353730299,1.8147553557113132,22.5,0.0,0.0,0.0
231.9755511446209,1.8095753197188467,22.500000000000004,0.0,0.0,0.0
231.96676940419772,1.8043924921554257,22.499999999999996,0.0,0.0,0.0
231.95799015207922,1.7992068727373336,22.5,0.0,0.0,0.0
231.94921338858407,1.7940184611805265,22.5,0.0,0.0,0.0
231.94043911403057,1.7888272572006707,22.5,0.0,0.0,0.0
231.93166732873692,1.7836332605131417,22.5,0.0,0.0,0.0
231.9228980330211,1.778436470833066,22.499999999999996,0.0,0.0,0.0
231.91413122720067,1.7732368878751634,22.500000000000004,0.0,0.0,0.0
231.9053669115932,1.7680345113539808,22.5,0.0,0.0,0.0
231.896605086516,1.7628293409837352,22.5,0.0,0.0,0.0
231.88784575228595,1.7576213764783557,22.499999999999996,0.0,0.0,0.0
231.87908890922,1.7524106175515182,22.499999999999996,0.0,0.0,0.0
231.87033455763466,1.7471970639164969,22.5,0.0,0.0,0.0
231.8615826978463,1.741980715286391,22.5,0.0,0.0,0.0
231.85283333017105,1.7367615713739692,22.500000000000004,0.0,0.0,0.0
231.84408645492488,1.7315396318917153,22.5,0.0,0.0,0.0
231.8353420724234,1.726314896551819,22.5,0.0,0.0,0.0
231.8266001829821,1.7210873650662235,22.5,0.0,0.0,0.0
231.81786078691638,1.7158570371464659,22.5,0.0,0.0,0.0
231.80912388454095,1.7106239125039082,22.5,0.0,0.0,0.0
231.8003894761709,1.7053879908495868,22.5,0.0,0.0,0.0
231.7916575621207,1.7001492718942484,22.5,0.0,0.0,0.0
231.78292814270472,1.6949077553483496,22.5,0.0,0.0,0.0
231.77420121823712,1.6896634409220992,22.499999999999996,0.0,0.0,0.0
231.76547678903182,1.6844163283252986,22.5,0.0,0.0,0.0
231.75675485540248,1.6791664172675775,22.5,0.0,0.0,0.0
231.74803541766263,1.6739137074582389,22.5,0.0,0.0,0.0
231.7393184761255,1.668658198606295,22.5,0.0,0.0,0.0
231.73060403110418,1.6633998904204712,22.499999999999996,0.0,0.0,0.0
231.7218920829115,1.6581387826092404,22.500000000000004,0.0,0.0,0.0
231.71318263185998,1.6528748748806765,22.5,0.0,0.0,0.0
231.7044756782621,1.6476081669426736,22.5,0.0,0.0,0.0
231.69577122242995,1.6423386585028026,22.5,0.0,0.0,0.0
231.68706926467556,1.6370663492683475,22.499999999999993,0.0,0.0,0.0
231.67836980531067,1.631791238946336,22.5,0.0,0.0,0.0
231.66967284464675,1.6265133272433994,22.5,0.0,0.0,0.0
231.66097838299507,1.6212326138659934,22.5,0.0,0.0,0.0
231.6522864206668,1.615949098520245,22.500000000000004,0.0,0.0,0.0
231.6435969579727,1.610662780911995,22.499999999999993,0.0,0.0,0.0
231.63490999522358,1.6053736607467952,22.499999999999996,0.0,0.0,0.0
231.6262255327298,1.600081737729947,22.499999999999996,0.0,0.0,0.0
231.6175435708015,1.5947870115663516,22.499999999999996,0.0,0.0,0.0
231.60886410974877,1.5894894819607344,22.5,0.0,0.0,0.0
231.60018714988144,1.5841891486174948,22.499999999999996,0.0,0.0,0.0
231.591512691509,1.5788860112407457,22.5,0.0,0.0,0.0
231.58284073494087,1.5735800695343487,22.499999999999993,0.0,0.0,0.0
231.5741712804862,1.5682713232017642,22.5,0.0,0.0,0.0
231.56550432845393,1.562959771946279,22.499999999999996,0.0,0.0,0.0
231.55683987915273,1.5576454154708534,22.5,0.0,0.0,0.0
231.54817793289112,1.552328253478162,22.499999999999996,0.0,0.0,0.0
231.53951848997744,1.547008285670589,22.499999999999996,0.0,0.0,0.0
231.53086155071983,1.5416855117502715,22.499999999999996,0.0,0.0,0.0
231.522207115426,1.5363599314189424,22.499999999999996,0.0,0.0,0.0
231.5135551844037,1.5310315443781657,22.499999999999996,0.0,0.0,0.0
231.50490575796047,1.5257003503291744,22.5,0.0,0.0,0.0
231.49625883640334,1.5203663489729196,22.499999999999996,0.0,0.0,0.0
231.4876144200395,1.5150295400100593,22.499999999999996,0.0,0.0,0.0
231.47897250917578,1.5096899231410077,22.5,0.0,0.0,0.0
231.47033310411862,1.5043474980657756,22.5,0.0,0.0,0.0
231.46169620517458,1.4990022644841998,22.499999999999996,0.0,0.0,0.0
231.45306181264976,1.4936542220957936,22.5,0.0,0.0,0.0
231.44442992685015,1.4883033705997821,22.5,0.0,0.0,0.0
231.43580054808157,1.4829497096951043,22.5,0.0,0.0,0.0
231.42717367664952,1.4775932390804487,22.5,0.0,0.0,0.0
231.41854931285934,1.4722339584541067,22.5,0.0,0.0,0.0
231.40992745701624,1.4668718675141923,22.5,0.0,0.0,0.0
231.40130810942506,1.4615069659584987,22.499999999999996,0.0,0.0,0.0
231.39269127039054,1.4561392534845283,22.5,0.0,0.0,0.0
231.38407694021734,1.45076872978954,22.499999999999996,0.0,0.0,0.0
231.37546511920954,1.4453953945703872,22.499999999999996,0.0,0.0,0.0
231.36685580767144,1.4400192475237545,22.499999999999996,0.0,0.0,0.0
231.3582490059068,1.434640288346,22.5,0.0,0.0,0.0
231.34964471421944,1.429258516733196,22.499999999999996,0.0,0.0,0.0
231.34104293291273,1.423873932381128,22.5,0.0,0.0,0.0
231.33244366229005,1.4184865349853353,22.499999999999996,0.0,0.0,0.0
231.32384690265434,1.4130963242409535,22.500000000000004,0.0,0.0,0.0
231.3152526543086,1.4077032998429502,22.5,0.0,0.0,0.0
231.30666091755535,1.4023074614859643,22.5,0.0,0.0,0.0
231.29807169269722,1.3969088088643522,22.5,0.0,0.0,0.0
231.28948498003638,1.3915073416721844,22.500000000000004,0.0,0.0,0.0
231.28090077987488,1.3861030596032804,22.499999999999996,0.0,0.0,0.0
231.2723190925145,1.380695962351063,22.499999999999996,0.0,0.0,0.0
231.263739918257,1.375286049608781,22.500000000000004,0.0,0.0,0.0
231.25516325740378,1.3698733210693617,22.5,0.0,0.0,0.0
231.24658911025608,1.3644577764254444,22.5,0.0,0.0,0.0
231.2380174771149,1.3590394153694223,22.5,0.0,0.0,0.0
231.2294483582811,1.3536182375932897,22.499999999999996,0.0,0.0,0.0
231.22088175405534,1.3481942427888667,22.5,0.0,0.0,0.0
231.21231766473795,1.3427674306476534,22.499999999999996,0.0,0.0,0.0
231.20375609062927,1.3373378008608603,22.500000000000004,0.0,0.0,0.0
231.19519703202934,1.3319053531194183,22.5,0.0,0.0,0.0
231.18664048923787,1.3264700871140063,22.5,0.0,0.0,0.0
231.17808646255463,1.3210320025349058,22.5,0.0,0.0,0.0
231.1695349522789,1.3155910990722257,22.500000000000004,0.0,0.0,0.0
231.16098595870994,1.3101473764157558,22.5,0.0,0.0,0.0
231.15243948214686,1.3047008342549966,22.5,0.0,0.0,0.0
231.14389552288847,1.2992514722791664,22.499999999999996,0.0,0.0,0.0
231.13535408123337,1.2937992901772344,22.499999999999996,0.0,0.0,0.0
231.12681515747997,1.2883442876377735,22.5,0.0,0.0,0.0
231.1182787519265,1.2828864643491837,22.499999999999996,0.0,0.0,0.0
231.10974486487112,1.2774258199995445,22.500000000000004,0.0,0.0,0.0
231.10121349661148,1.271962354276649,22.5,0.0,0.0,0.0
231.09268464744537,1.266496066868044,22.5,0.0,0.0,0.0
231.08415831767013,1.2610269574608792,22.5,0.0,0.0,0.0
231.07563450758306,1.2555550257421313,22.499999999999996,0.0,0.0,0.0
231.06711321748122,1.2500802713984591,22.499999999999996,0.0,0.0,0.0
231.05859444766145,1.2446026941162316,22.5,0.0,0.0,0.0
231.05007819842038,1.2391222935815378,22.5,0.0,0.0,0.0
231.0415644700546,1.2336390694802186,22.5,0.0,0.0,0.0
231.03305326286014,1.2281530214977183,22.5,0.0,0.0,0.0
231.0245445771333,1.2226641493193087,22.5,0.0,0.0,0.0
231.0160384131698,1.2171724526299428,22.5,0.0,0.0,0.0
231.00753477126548,1.2116779311142876,22.499999999999996,0.0,0.0,0.0
230.9990336517157,1.2061805844567266,22.5,0.0,0.0,0.0
230.99053505481587,1.200680412341398,22.499999999999996,0.0,0.0,0.0
230.98203898086092,1.1951774144520428,22.5,0.0,0.0,0.0
230.97354543014592,1.1896715904722313,22.500000000000004,0.0,0.0,0.0
230.96505440296556,1.1841629400852138,22.5,0.0,0.0,0.0
230.95656589961436,1.1786514629739546,22.5,0.0,0.0,0.0
230.94807992038656,1.173137158821137,22.5,0.0,0.0,0.0
230.93959646557653,1.1676200273091986,22.5,0.0,0.0,0.0
230.93111553547797,1.1621000681201787,22.499999999999996,0.0,0.0,0.0
230.92263713038474,1.156577280935949,22.5,0.0,0.0,0.0
230.91416125059044,1.1510516654380574,22.499999999999996,0.0,0.0,0.0
230.9056878963884,1.1455232213077724,22.499999999999996,0.0,0.0,0.0
230.89721706807185,1.1399919482261143,22.5,0.0,0.0,0.0
230.88874876593377,1.1344578458737091,22.5,0.0,0.0,0.0
230.88028299026695,1.1289209139310126,22.499999999999996,0.0,0.0,0.0
230.87181974136402,1.1233811520781591,22.5,0.0,0.0,0.0
230.86335901951747,1.1178385599950023,22.5,0.0,0.0,0.0
230.85490082501948,1.1122931373611111,22.5,0.0,0.0,0.0
230.8464451581621,1.106744883855812,22.5,0.0,0.0,0.0
230.83799201923722,1.101193799158033,22.5,0.0,0.0,0.0
230.82954140853653,1.0956398829465355,22.499999999999996,0.0,0.0,0.0
230.8210933263515,1.090083134899759,22.5,0.0,0.0,0.0
230.8126477729734,1.0845235546958623,22.500000000000004,0.0,0.0,0.0
230.80420474869345,1.0789611420127587,22.499999999999996,0.0,0.0,0.0
230.7957642538025,1.0733958965279662,22.499999999999996,0.0,0.0,0.0
230.7873262885913,1.0678278179188343,22.5,0.0,0.0,0.0
230.7788908533504,1.0622569058623936,22.5,0.0,0.0,0.0
230.77045794837022,1.0566831600353912,22.5,0.0,0.0,0.0
230.7620275739409,1.0511065801142936,22.499999999999996,0.0,0.0,0.0
230.75359973035256,1.045527165775323,22.5,0.0,0.0,0.0
230.7451744178949,1.0399449166943064,22.5,0.0,0.0,0.0
230.73675163685752,1.034359832546903,22.5,0.0,0.0,0.0
230.72833138752998,1.0287719130084525,22.5,0.0,0.0,0.0
230.71991367020152,1.0231811577540126,22.500000000000004,0.0,0.0,0.0
230.71149848516123,1.017587566458361,22.5,0.0,0.0,0.0
230.70308583269798,1.011991138796031,22.5,0.0,0.0,0.0
230.6946757131005,1.0063918744411615,22.499999999999996,0.0,0.0,0.0
230.68626812665732,1.0007897730677233,22.499999999999996,0.0,0.0,0.0
230.67786307365682,0.9951848343493686,22.500000000000004,0.0,0.0,0.0
