galstreams/tracks/track.st.C-5.ibata2021.ecsv
# %ECSV 0.9
# ---
# datatype:
# - {name: ra, unit: deg, datatype: float64}
# - {name: dec, unit: deg, datatype: float64}
# - {name: distance, unit: kpc, datatype: float64}
# - {name: pm_ra_cosdec, unit: mas / yr, datatype: float64}
# - {name: pm_dec, unit: mas / yr, datatype: float64}
# - {name: radial_velocity, unit: km / s, datatype: float64}
# delimiter: ','
# meta: !!omap
# - __serialized_columns__:
#     dec:
#       __class__: astropy.coordinates.angles.Latitude
#       unit: &id001 !astropy.units.Unit {unit: deg}
#       value: !astropy.table.SerializedColumn {name: dec}
#     distance:
#       __class__: astropy.coordinates.distances.Distance
#       unit: !astropy.units.Unit {unit: kpc}
#       value: !astropy.table.SerializedColumn {name: distance}
#     pm_dec:
#       __class__: astropy.units.quantity.Quantity
#       unit: !astropy.units.Unit {unit: mas / yr}
#       value: !astropy.table.SerializedColumn {name: pm_dec}
#     pm_ra_cosdec:
#       __class__: astropy.units.quantity.Quantity
#       unit: !astropy.units.Unit {unit: mas / yr}
#       value: !astropy.table.SerializedColumn {name: pm_ra_cosdec}
#     ra:
#       __class__: astropy.coordinates.angles.Longitude
#       unit: *id001
#       value: !astropy.table.SerializedColumn {name: ra}
#       wrap_angle: !astropy.coordinates.Angle
#         unit: *id001
#         value: 360.0
#     radial_velocity:
#       __class__: astropy.units.quantity.Quantity
#       unit: !astropy.units.Unit {unit: km / s}
#       value: !astropy.table.SerializedColumn {name: radial_velocity}
# schema: astropy-2.0
ra,dec,distance,pm_ra_cosdec,pm_dec,radial_velocity
[from data line 414]
117.83042349831938,34.69918231457432,4.64156650587387,-0.697699797428418,-9.656490560891832,-3.368306851948935e-14
117.84100292622924,34.69424472332254,4.645164572629548,-0.6967777002392204,-9.652110836553824,1.6841534259744676e-14
117.8515784488716,34.6893021372143,4.648773278743387,-0.6958532863966977,-9.647714239832842,-3.368306851948935e-14
117.86215004534553,34.68435452639982,4.652392684160686,-0.6949265244734271,-9.643300544945305,-3.368306851948935e-14
117.87271769474135,34.679401861035934,4.656022848826743,-0.6939973829560635,-9.638869526117796,-5.0524602779234026e-14
117.88328137614066,34.674444111286114,4.659663832686856,-0.6930658302454857,-9.634420957587079,0.0
117.89384106861624,34.669481247320455,4.663315695686321,-0.6921318346569625,-9.629954613600082,3.368306851948935e-14
117.90439675123228,34.66451323931564,4.666978497770439,-0.6911953644203153,-9.62547026841392,-3.368306851948935e-14
117.91494840304426,34.65954005745495,4.670652298884506,-0.6902563876800725,-9.620967696295894,-1.6841534259744676e-14
117.92549600309907,34.654561671928285,4.674337158973822,-0.6893148724956388,-9.616446671523487,-1.6841534259744676e-14
117.936039530435,34.649578052932135,4.678033137983684,-0.6883707868414481,-9.611906968384378,-3.368306851948935e-14
117.94657896408174,34.64458917066956,4.681740295859391,-0.6874240986071412,-9.607348361176438,-1.6841534259744676e-14
117.95711428306059,34.63959499535023,4.6854586925462405,-0.6864747755977298,-9.602770624207738,-3.368306851948935e-14
117.96764546638424,34.63459549719034,4.68918838798953,-0.685522785533742,-9.59817353179655,1.6841534259744676e-14
117.978172493057,34.629590646412716,4.692929442134558,-0.6845680960514102,-9.593556858271352,0.0
117.98869534207478,34.624580413246704,4.696681914926623,-0.6836106747028361,-9.588920377970826,1.6841534259744676e-14
117.99921399242507,34.61956476792823,4.700445866311021,-0.6826504889561502,-9.584263865243866,0.0
118.00972842308705,34.61454368069974,4.704221356233055,-0.6816875061956862,-9.579587094449568,-3.368306851948935e-14
118.02023861303165,34.609517121810256,4.708008444638019,-0.6807216937221552,-9.574889839957255,-3.368306851948935e-14
118.03074454122138,34.60448506151533,4.711807191471213,-0.6797530187528043,-9.570171876146453,0.0
118.04124618661068,34.59944747007704,4.715617656677933,-0.6787814484216057,-9.565432977406926,-1.6841534259744676e-14
118.05174352814569,34.59440431776398,4.719439900203478,-0.6778069497794137,-9.56067291813863,5.0524602779234026e-14
118.06223654476446,34.58935557485132,4.723273981993147,-0.6768294897941509,-9.555891472751757,-3.368306851948935e-14
118.07272521539687,34.58430121162064,4.72711996199224,-0.6758490353509707,-9.551088415666712,-5.0524602779234026e-14
118.08320951896472,34.57924119836014,4.7309779001460495,-0.6748655532524446,-9.546263521314128,-1.6841534259744676e-14
118.0936894343818,34.574175505364444,4.734847856399879,-0.673879010218736,-9.54141656413486,-3.368306851948935e-14
118.10416494055382,34.5691041029347,4.738729890699024,-0.672889372887765,-9.53654731857998,-5.0524602779234026e-14
118.11463601637858,34.56402696137854,4.742624062988783,-0.6718966078154063,-9.53165555911079,-1.6841534259744676e-14
118.12510264074587,34.55894405101009,4.7465304332144544,-0.6709006814756486,-9.526741060198816,0.0
118.13556479253764,34.553855342149916,4.750449061321334,-0.6699015602607887,-9.521803596325798,1.6841534259744676e-14
118.14602245062791,34.54876080512509,4.754380007254724,-0.6688992104816134,-9.516842941983713,-1.6841534259744676e-14
118.15647559388294,34.54366041026913,4.758323330959921,-0.6678935983675611,-9.51185887167474,-1.6841534259744676e-14
118.16692420116118,34.538554127922005,4.762279092382222,-0.666884690066931,-9.506851159911303,-3.368306851948935e-14
118.17736825131328,34.53344192843014,4.766247351466927,-0.6658724516470482,-9.501819581216033,-3.368306851948935e-14
118.18780772318222,34.52832378214639,4.770228168159331,-0.6648568490944495,-9.49676391012178,0.0
118.19824259560329,34.52319965943005,4.774221602404735,-0.663837848315082,-9.491683921171624,0.0
118.2086728474041,34.518069530646876,4.778227714148435,-0.6628154151344723,-9.486579388918848,-1.6841534259744676e-14
118.21909845740473,34.51293336616898,4.782246563335731,-0.6617895152979185,-9.481450087926962,-3.368306851948935e-14
118.22951940441762,34.50779113637493,4.786278209911922,-0.6607601144706832,-9.476295792769672,0.0
118.23993566724769,34.50264281164971,4.790322713822301,-0.6597271782381777,-9.471116278030925,0.0
118.25034722469249,34.497488362384665,4.794380135012171,-0.6586906721061563,-9.465911318304844,0.0
118.26075405554195,34.49232775897758,4.79845053342683,-0.6576505615008927,-9.460680688195774,1.6841534259744676e-14
118.27115613857866,34.48716097183257,4.802533969011573,-0.6566068117693831,-9.455424162318268,0.0
118.28155345257787,34.481987971360205,4.8066305017117,-0.6555593881795461,-9.450141515297075,-3.368306851948935e-14
118.29194597630747,34.47680872797733,4.81074019147251,-0.6545082559203952,-9.444832521767133,0.0
118.30233368852798,34.47162321210725,4.814863098239298,-0.6534533801022389,-9.439496956373592,-3.368306851948935e-14
118.31271656799281,34.46643139417955,4.818999281957366,-0.652394725756889,-9.434134593771773,-1.6841534259744676e-14
118.323094593448,34.461233244630215,4.823148802572012,-0.6513322578378355,-9.428745208627193,0.0
118.33346774363253,34.45602873390157,4.827311720028529,-0.650265941220463,-9.423328575615564,-1.6841534259744676e-14
118.34383599727815,34.450817832442226,4.831488094272221,-0.6491957407022269,-9.41788446942275,-1.6841534259744676e-14
118.35419933310955,34.44560051070718,4.835677985248383,-0.6481216210028695,-9.41241266474482,-3.368306851948935e-14
118.36455772984438,34.44037673915771,4.839881452902311,-0.6470435467646072,-9.406912936287984,0.0
118.37491116619319,34.435146488261445,4.844098557179309,-0.6459614825523368,-9.401385058768634,0.0
118.38525962085964,34.42990972849227,4.84832935802467,-0.6448753928538296,-9.395828806913315,1.6841534259744676e-14
118.39560307254042,34.42466643033041,4.8525739153836955,-0.6437852420799408,-9.39024395545873,-3.368306851948935e-14
118.40594149992528,34.41941656426236,4.856832289201683,-0.6426909945648045,-9.384630279151736,0.0
118.41627488169712,34.41416010078088,4.861104539423929,-0.6415926145660384,-9.378987552749324,1.6841534259744676e-14
118.42660319653204,34.40889701038506,4.865390725995732,-0.6404900662649491,-9.37331555101863,-1.6841534259744676e-14
118.43692642309934,34.40362726358019,4.86969090886239,-0.63938331376674,-9.367614048736916,-1.6841534259744676e-14
118.4472445400616,34.39835083087787,4.874005147969203,-0.6382723211007073,-9.361882820691575,1.6841534259744676e-14
118.45755752607465,34.39306768279592,4.878333503261466,-0.6371570522204533,-9.356121641680119,-1.6841534259744676e-14
118.4678653597877,34.38777778985841,4.88267603468448,-0.6360374710040915,-9.350330286510165,0.0
118.47816801984335,34.382481122595664,4.8870328021835405,-0.6349135412544622,-9.344508529999446,-5.0524602779234026e-14
118.48846548487754,34.377177651544194,4.891403865703949,-0.6337852266993249,-9.338656146975785,0.0
118.49875773351981,34.37186734724677,4.895789285191,-0.6326524909915829,-9.332772912277099,0.0
118.50904474439304,34.36655018025236,4.900189120589996,-0.6315152977094847,-9.32685860075139,-1.6841534259744676e-14
118.51932649611378,34.36122612111613,4.904603431846231,-0.630373610356844,-9.320912987256738,-1.6841534259744676e-14
118.5296029672921,34.35589514039945,4.909032278905003,-0.6292273923632461,-9.314935846661285,-1.6841534259744676e-14
118.53987413653174,34.35055720866985,4.913475721711613,-0.6280766070842538,-9.30892695384324,1.6841534259744676e-14
118.55013998243003,34.345212296501074,4.917933820211358,-0.6269212178016399,-9.302886083690854,1.6841534259744676e-14
118.5604004835781,34.33986037447303,4.922406634349535,-0.6257611877235834,-9.296813011102433,-1.6841534259744676e-14
118.57065561856076,34.33450141317176,4.926894224071443,-0.6245964799848929,-9.290707510986305,-5.0524602779234026e-14
118.58090536595668,34.329135383189474,4.931396649322382,-0.6234270576472316,-9.284569358260828,0.0
118.59114970433825,34.32376225512455,4.935913970047645,-0.6222528836993084,-9.278398327854383,3.368306851948935e-14
118.60138861227189,34.31838199958147,4.9404462461925345,-0.6210739210571283,-9.27219419470535,0.0
118.61162206831776,34.31299458717087,4.944993537702347,-0.6198901325641841,-9.265956733762101,-1.6841534259744676e-14
118.62185005103015,34.30759998850949,4.949555904522382,-0.6187014809916997,-9.259685719983011,-1.6841534259744676e-14
118.63207253895727,34.30219817422017,4.954133406597937,-0.617507929038827,-9.253380928336412,-5.0524602779234026e-14
118.64228951064135,34.296789114931876,4.958726103874309,-0.6163094393328785,-9.247042133800623,1.6841534259744676e-14
118.65250094461875,34.29137278127966,4.9633340562967945,-0.6151059744295548,-9.240669111363903,1.6841534259744676e-14
118.66270681941992,34.285949143904666,4.967957323810698,-0.6138974968131554,-9.234261636024463,1.6841534259744676e-14
118.67290711356956,34.2805181734541,4.972595966361311,-0.6126839688968178,-9.227819482790455,-1.6841534259744676e-14
118.68310180558647,34.275079840581235,4.977250043893936,-0.6114653530227201,-9.22134242667994,0.0
118.69329087398381,34.26963411594541,4.981919616353868,-0.6102416114623235,-9.214830242720904,-1.6841534259744676e-14
118.70347429726898,34.26418097021201,4.9866047436864065,-0.6090127064165987,-9.208282705951227,0.0
118.71365205394375,34.25872037405249,4.991305485836849,-0.6077786000162384,-9.201699591418686,-1.6841534259744676e-14
118.72382412250425,34.253252298144275,4.996021902750494,-0.6065392543218986,-9.195080674180923,-1.6841534259744676e-14
118.73399048144107,34.24777671317088,5.000754054372641,-0.6052946313244185,-9.188425729305445,1.6841534259744676e-14
118.74415110923927,34.2422935898218,5.005502000648587,-0.6040446929450611,-9.18173453186963,-3.368306851948935e-14
118.7543059843784,34.23680289879252,5.010265801523628,-0.6027894010357249,-9.175006856960671,1.6841534259744676e-14
118.7644550853326,34.231304610784555,5.015045516943067,-0.6015287173791917,-9.168242479675605,0.0
118.77459839057057,34.22579869650539,5.019841206852195,-0.6002626036893506,-9.161441175121281,0.0
118.78473587855572,34.22028512666849,5.024652931196317,-0.5989910216114307,-9.154602718414333,-1.6841534259744676e-14
118.7948675277461,34.214763871993284,5.029480749920728,-0.5977139327222365,-9.147726884681202,3.368306851948935e-14
118.80499331659453,34.209234903205186,5.034324722970727,-0.5964312985303752,-9.140813449058088,-5.0524602779234026e-14
118.81511322354856,34.2036981910355,5.039184910291611,-0.5951430804765003,-9.13386218669096,0.0
118.82522722705066,34.19815370622153,5.044061371828678,-0.5938492399335464,-9.126872872735529,1.6841534259744676e-14
118.83533530553804,34.19260141950651,5.048954167527228,-0.5925497382069542,-9.119845282357236,-1.6841534259744676e-14
118.8454374374429,34.18704130163953,5.053863357332557,-0.5912445365349215,-9.112779190731233,1.6841534259744676e-14
118.85553360119238,34.181473323375684,5.058789001189964,-0.5899335960886332,-9.105674373042385,-3.368306851948935e-14
118.86562377520863,34.1758974554759,5.063731159044748,-0.5886168779725027,-9.098530604485232,-1.6841534259744676e-14
118.87570793790881,34.17031366870701,5.0686898908422044,-0.5872943432244069,-9.091347660263997,1.6841534259744676e-14
118.88578606770527,34.164721933841776,5.073665256527635,-0.5859659528159391,-9.084125315592548,0.0
118.89585814300534,34.15912222165877,5.078657316046336,-0.584631667652628,-9.076863345694395,-1.6841534259744676e-14
118.90592414221167,34.15351450294247,5.083666129343605,-0.5832914485742033,-9.069561525802678,0.0
118.91598404372205,34.14789874848321,5.0886917563647405,-0.5819452563548191,-9.062219631160147,1.6841534259744676e-14
118.92603782592958,34.14227492907713,5.093734257055042,-0.5805930517033078,-9.05483743701913,-3.368306851948935e-14
118.93608546722264,34.136643015526246,5.0987936913598055,-0.5792347952634238,-9.047414718641548,3.368306851948935e-14
118.946126945985,34.131002978638385,5.10387011922433,-0.5778704476140775,-9.039951251298866,-3.368306851948935e-14
118.95616224059586,34.12535478922719,5.108963600593914,-0.5764999692696005,-9.032446810272099,-1.6841534259744676e-14
118.96619132942978,34.11969841811209,5.114074195413854,-0.5751233206799693,-9.024901170851784,0.0
118.97621419085694,34.11403383611835,5.119201963629451,-0.5737404622310747,-9.017314108337965,0.0
118.98623080324296,34.108361014077,5.1243469651860005,-0.5723513542449463,-9.009685398040178,-1.6841534259744676e-14
118.9962411449491,34.10267992282482,5.129509260028803,-0.5709559569800191,-9.002014815277427,-3.368306851948935e-14
119.00624519433221,34.09699053320439,5.134688908103153,-0.569554230631375,-8.994302135378176,0.0
119.0162429297449,34.09129281606405,5.139885969354353,-0.5681461353309984,-8.986547133680308,-1.6841534259744676e-14
119.02623432953546,34.08558674225785,5.145100503727696,-0.5667316311480188,-8.978749585531151,0.0
119.03621937204788,34.0798722826456,5.1503325711684855,-0.5653106780889607,-8.970909266287402,1.6841534259744676e-14
119.04619803562208,34.07414940809284,5.155582231622017,-0.5638832360980137,-8.96302595131516,0.0
119.05617029859386,34.0684180894708,5.160849545033586,-0.5624492650572688,-8.955099415989869,3.368306851948935e-14
119.06613613929474,34.06267829765644,5.166134571348498,-0.5610087247869677,-8.947129435696318,-1.6841534259744676e-14
119.07609553605246,34.0569300035324,5.1714373705120416,-0.5595615750457825,-8.939115785828628,0.0
119.08604846719055,34.05117317798699,5.176758002469523,-0.558107775531038,-8.9310582417902,-1.6841534259744676e-14
119.0959949110287,34.04540779191422,5.182096527166237,-0.5566472858789939,-8.922956578993741,0.0
119.10593484588269,34.03963381621376,5.187453004547479,-0.5551800656650923,-8.914810572861203,1.6841534259744676e-14
119.11586825006441,34.033851221790904,5.192827494558553,-0.5537060744042084,-8.906619998823782,-1.6841534259744676e-14
119.12579510188193,34.02805997955662,5.198220057144752,-0.5522252715509155,-8.8983846323219,0.0
119.13571537963963,34.0222600604275,5.203630752251377,-0.5507376164997482,-8.89010424880517,0.0
119.14562906163809,34.01645143532573,5.209059639823725,-0.5492430685854495,-8.881778623732387,0.0
119.15553612617431,34.010634075179134,5.2145067798070945,-0.5477415870832465,-8.873407532571509,-1.6841534259744676e-14
119.16543655154157,34.00480795092112,5.219972232146783,-0.5462331312090956,-8.86499075079962,0.0
119.17533031602966,33.99897303349069,5.225456056788089,-0.544717660119951,-8.856528053902924,1.6841534259744676e-14
119.18521739792477,33.99312929383245,5.230958313676312,-0.5431951329140361,-8.848019217376718,-1.6841534259744676e-14
119.19509777550971,33.98727670289651,5.2364790627567475,-0.5416655086310869,-8.839464016725362,-1.6841534259744676e-14
119.20497142706377,33.981415231638586,5.242018363974695,-0.5401287462526367,-8.830862227462267,0.0
119.21483833086289,33.97554485101992,5.247576277275452,-0.5385848047022666,-8.822213625109871,0.0
119.22469846517964,33.969665532007305,5.253152862604318,-0.5370336428458728,-8.813517985199615,1.6841534259744676e-14
119.23455180828344,33.96377724557303,5.25874817990659,-0.5354752194919403,-8.804775083271911,1.6841534259744676e-14
119.24439833844025,33.95787996269491,5.2643622891275665,-0.5339094933917956,-8.795984694876136,0.0
119.25423803391301,33.951973654356266,5.269995250212545,-0.5323364232398886,-8.78714659557059,-1.6841534259744676e-14
119.26407087296144,33.9460582915459,5.2756471231068245,-0.5307559676740552,-8.778260560922494,0.0
119.27389683384223,33.94013384525809,5.281317967755702,-0.5291680852757807,-8.769326366507944,3.368306851948935e-14
