galstreams/tracks/track.st.C-19.martin2022.ecsv
# %ECSV 0.9
# ---
# datatype:
# - {name: ra, unit: deg, datatype: float64}
# - {name: dec, unit: deg, datatype: float64}
# - {name: distance, unit: kpc, datatype: float64}
# - {name: pm_ra_cosdec, unit: mas / yr, datatype: float64}
# - {name: pm_dec, unit: mas / yr, datatype: float64}
# - {name: radial_velocity, unit: km / s, datatype: float64}
# delimiter: ','
# meta: !!omap
# - __serialized_columns__:
#     dec:
#       __class__: astropy.coordinates.angles.Latitude
#       unit: &id001 !astropy.units.Unit {unit: deg}
#       value: !astropy.table.SerializedColumn {name: dec}
#     distance:
#       __class__: astropy.coordinates.distances.Distance
#       unit: !astropy.units.Unit {unit: kpc}
#       value: !astropy.table.SerializedColumn {name: distance}
#     pm_dec:
#       __class__: astropy.units.quantity.Quantity
#       unit: !astropy.units.Unit {unit: mas / yr}
#       value: !astropy.table.SerializedColumn {name: pm_dec}
#     pm_ra_cosdec:
#       __class__: astropy.units.quantity.Quantity
#       unit: !astropy.units.Unit {unit: mas / yr}
#       value: !astropy.table.SerializedColumn {name: pm_ra_cosdec}
#     ra:
#       __class__: astropy.coordinates.angles.Longitude
#       unit: *id001
#       value: !astropy.table.SerializedColumn {name: ra}
#       wrap_angle: !astropy.coordinates.Angle
#         unit: *id001
#         value: 360.0
#     radial_velocity:
#       __class__: astropy.units.quantity.Quantity
#       unit: !astropy.units.Unit {unit: km / s}
#       value: !astropy.table.SerializedColumn {name: radial_velocity}
# schema: astropy-2.0
ra,dec,distance,pm_ra_cosdec,pm_dec,radial_velocity
[from data line 2278]
355.2268712275263,12.407646390011312,17.999999999999996,1.1906517566522274,-3.2727695691551117,-189.44000000000005
355.22706486301337,12.397229476091445,17.999999999999996,1.1906353268671697,-3.272823642203385,-189.44000000000003
355.22725830033073,12.386812554897876,18.0,1.190618968353086,-3.272877321885698,-189.44000000000005
355.2274515395067,12.376395626431458,18.0,1.1906026811055268,-3.2729306082045633,-189.44000000000005
355.2276445805695,12.365978690693069,17.999999999999996,1.1905864651200437,-3.2729835011624924,-189.44
355.2278374235473,12.355561747683566,18.0,1.190570320392182,-3.2730360007619907,-189.44000000000005
355.2280300684681,12.345144797403808,17.999999999999996,1.1905542469174888,-3.2730881070055706,-189.44000000000003
355.22822251536013,12.334727839854663,17.999999999999993,1.1905382446915143,-3.2731398198957393,-189.44
355.2284147642513,12.324310875036987,17.999999999999993,1.190522313709802,-3.2731911394350033,-189.44
355.2286068151696,12.313893902951644,17.999999999999996,1.1905064539678967,-3.2732420656258667,-189.44000000000005
355.228798668143,12.303476923599506,17.999999999999993,1.1904906654613465,-3.2732925984708396,-189.44000000000014
355.22899032319947,12.29305993698141,17.999999999999996,1.1904749481856944,-3.2733427379724236,-189.44000000000005
355.22918178036684,12.282642943098246,17.999999999999996,1.1904593021364847,-3.2733924841331246,-189.44000000000003
355.22937303967285,12.272225941950852,17.999999999999996,1.1904437273092592,-3.2734418369554454,-189.44
355.2295641011453,12.261808933540092,18.0,1.1904282236995605,-3.2734907964418873,-189.44000000000003
355.229754964812,12.251391917866847,17.999999999999996,1.1904127913029328,-3.2735393625949585,-189.44000000000005
355.2299456307005,12.240974894931945,18.0,1.1903974301149143,-3.27358753541715,-189.44000000000005
355.2301360988386,12.230557864736268,17.999999999999996,1.1903821401310493,-3.2736353149109716,-189.4400000000001
355.23032636925393,12.220140827280662,18.0,1.1903669213468762,-3.2736827010789193,-189.44
355.23051644197386,12.209723782566002,17.999999999999996,1.1903517737579343,-3.273729693923493,-189.44
355.23070631702603,12.199306730593142,17.999999999999996,1.1903366973597627,-3.2737762934471886,-189.44000000000003
355.23089599443784,12.188889671362922,17.999999999999996,1.1903216921478998,-3.273822499652509,-189.44000000000005
355.23108547423686,12.178472604876223,18.0,1.1903067581178837,-3.2738683125419445,-189.4400000000001
355.23127475645043,12.168055531133895,17.999999999999996,1.1902918952652537,-3.273913732117998,-189.44
355.2314638411059,12.157638450136796,18.0,1.190277103585544,-3.2739587583831624,-189.44000000000005
355.2316527282305,12.147221361885785,17.999999999999996,1.1902623830742916,-3.2740033913399307,-189.44
355.23184141785157,12.13680426638172,18.0,1.1902477337270323,-3.2740476309907995,-189.44000000000005
355.23202990999636,12.126387163625457,17.999999999999996,1.1902331555393018,-3.2740914773382617,-189.44000000000005
355.232218204692,12.115970053617858,18.0,1.1902186485066346,-3.2741349303848075,-189.44
355.2324063019656,12.105552936359768,17.999999999999996,1.190204212624564,-3.274177990132934,-189.4400000000001
355.2325942018444,12.095135811852051,17.999999999999996,1.1901898478886253,-3.2742206565851304,-189.4400000000001
355.2327819043553,12.084718680095571,17.999999999999996,1.1901755542943508,-3.2742629297438848,-189.44000000000005
355.2329694095254,12.074301541091165,17.999999999999996,1.190161331837273,-3.274304809611691,-189.44
355.2331567173817,12.063884394839713,17.999999999999996,1.1901471805129247,-3.2743462961910352,-189.44
355.233343827951,12.053467241342052,17.999999999999996,1.1901331003168363,-3.274387389484408,-189.4400000000001
355.2335307412603,12.04305008059904,18.0,1.1901190912445405,-3.2744280894942976,-189.44
355.23371745733647,12.032632912611543,17.999999999999996,1.1901051532915667,-3.274468396223189,-189.4400000000001
355.23390397620614,12.022215737380414,17.999999999999993,1.1900912864534459,-3.2745083096735725,-189.44000000000005
355.2340902978963,12.011798554906498,17.999999999999996,1.190077490725708,-3.274547829847929,-189.44000000000003
355.2342764224335,12.00138136519065,18.0,1.1900637661038815,-3.2745869567487467,-189.44
355.2344623498445,11.990964168233743,17.999999999999996,1.190050112583497,-3.2746256903785116,-189.44
355.23464808015586,11.980546964036607,18.0,1.1900365301600804,-3.274664030739704,-189.44000000000005
355.2348336133943,11.970129752600117,17.999999999999996,1.1900230188291614,-3.2747019778348108,-189.44000000000003
355.2350189495862,11.95971253392511,17.999999999999996,1.190009578586267,-3.2747395316663117,-189.44000000000005
355.2352040887582,11.94929530801245,17.999999999999996,1.1899962094269245,-3.274776692236688,-189.44000000000005
355.2353890309368,11.93887807486299,18.0,1.1899829113466605,-3.2748134595484233,-189.44000000000005
355.2355737761483,11.928460834477578,18.0,1.1899696843410013,-3.2748498336039966,-189.44000000000003
355.2357583244192,11.918043586857076,17.99999999999999,1.1899565284054732,-3.27488581440589,-189.44000000000003
355.2359426757757,11.907626332002325,17.999999999999996,1.1899434435355987,-3.2749214019565773,-189.44000000000005
355.2361268302442,11.89720906991419,18.0,1.1899304297269069,-3.274956596258541,-189.4400000000001
355.236310787851,11.886791800593507,18.0,1.1899174869749212,-3.2749913973142615,-189.44000000000003
355.2364945486222,11.876374524041152,17.999999999999996,1.189904615275165,-3.2750258051262113,-189.44
355.236678112584,11.86595724025796,17.999999999999996,1.1898918146231612,-3.275059819696867,-189.44000000000005
355.23686147976264,11.855539949244783,18.000000000000004,1.1898790850144363,-3.275093441028708,-189.44
355.23704465018403,11.845122651002493,17.999999999999993,1.1898664264445111,-3.2751266691242087,-189.44000000000003
355.2372276238744,11.834705345531903,17.999999999999996,1.1898538389089082,-3.2751595039858414,-189.44000000000003
355.23741040085963,11.824288032833902,18.0,1.1898413224031505,-3.275191945616081,-189.44000000000003
355.2375929811658,11.813870712909326,17.999999999999993,1.1898288769227616,-3.275223994017403,-189.44000000000005
355.2377753648187,11.803453385759028,18.0,1.1898165024632603,-3.2752556491922746,-189.44
355.23795755184426,11.793036051383856,18.0,1.1898041990201695,-3.2752869111431733,-189.44000000000003
355.23813954226836,11.782618709784668,17.999999999999993,1.1897919665890102,-3.27531777987257,-189.44000000000014
355.23832133611677,11.772201360962306,18.0,1.1897798051653024,-3.275348255382931,-189.44000000000014
355.2385029334153,11.76178400491762,17.999999999999993,1.1897677147445689,-3.2753783376767314,-189.44000000000005
355.23868433418954,11.75136664165147,17.999999999999996,1.189755695322325,-3.275408026756437,-189.44000000000005
355.2388655384653,11.740949271164697,17.999999999999993,1.1897437468940937,-3.27543732262452,-189.44000000000005
355.23904654626807,11.73053189345816,18.0,1.1897318694553933,-3.2754662252834446,-189.44000000000003
355.2392273576236,11.720114508532703,17.999999999999996,1.1897200630017437,-3.275494734735683,-189.44000000000005
355.2394079725573,11.709697116389174,17.999999999999996,1.189708327528664,-3.2755228509836996,-189.44
355.23958839109474,11.699279717028421,18.000000000000004,1.1896966630316705,-3.2755505740299586,-189.44000000000003
355.23976861326133,11.688862310451311,17.999999999999996,1.1896850695062822,-3.275577903876929,-189.44000000000014
355.23994863908257,11.678444896658672,18.0,1.1896735469480186,-3.275604840527075,-189.44000000000003
355.2401284685838,11.668027475651357,17.99999999999999,1.1896620953523962,-3.2756313839828626,-189.44000000000005
355.24030810179033,11.657610047430225,17.999999999999993,1.1896507147149311,-3.2756575342467524,-189.4400000000001
355.24048753872756,11.64719261199611,18.0,1.1896394050311423,-3.275683291321208,-189.44000000000003
355.2406667794206,11.63677516934988,18.0,1.1896281662965444,-3.2757086552086934,-189.4400000000001
355.2408458238948,11.626357719492365,17.999999999999996,1.1896169985066578,-3.275733625911673,-189.44000000000005
355.24102467217523,11.61594026242442,18.0,1.1896059016569946,-3.275758203432601,-189.44000000000003
355.2412033242871,11.6055227981469,17.999999999999996,1.1895948757430737,-3.275782387773947,-189.44000000000005
355.24138178025544,11.595105326660644,18.0,1.1895839207604086,-3.2758061789381645,-189.4400000000001
355.24156004010536,11.584687847966508,17.999999999999996,1.1895730367045185,-3.275829576927718,-189.44
355.2417381038618,11.574270362065329,17.999999999999993,1.1895622235709147,-3.2758525817450614,-189.44000000000005
355.24191597154976,11.563852868957962,17.999999999999996,1.189551481355114,-3.2758751933926566,-189.44000000000005
355.24209364319415,11.553435368645255,17.999999999999996,1.1895408100526321,-3.2758974118729607,-189.44000000000005
355.2422711188199,11.543017861128053,17.999999999999993,1.1895302096589833,-3.2759192371884303,-189.44000000000005
355.24244839845176,11.532600346407207,17.999999999999996,1.189519680169682,-3.2759406693415216,-189.4400000000001
355.2426254821146,11.522182824483554,17.999999999999996,1.189509221580242,-3.275961708334692,-189.44
355.24280236983316,11.511765295357955,17.999999999999996,1.189498833886178,-3.2759823541703956,-189.4400000000001
355.2429790616322,11.501347759031248,17.999999999999996,1.1894885170830045,-3.2760026068510872,-189.44
355.2431555575362,11.490930215504283,18.0,1.1894782711662337,-3.276022466379222,-189.44000000000014
355.2433318575701,11.480512664777903,17.999999999999996,1.1894680961313813,-3.2760419327572543,-189.44
355.2435079617583,11.470095106852954,18.0,1.189457991973959,-3.2760610059876343,-189.44000000000005
355.2436838701254,11.45967754173029,17.999999999999993,1.1894479586894815,-3.2760796860728183,-189.44
355.24385958269585,11.449259969410754,18.0,1.1894379962734596,-3.2760979730152533,-189.44000000000003
355.2440350994942,11.438842389895191,17.999999999999996,1.1894281047214095,-3.2761158668173946,-189.44
355.2442104205448,11.428424803184443,18.0,1.1894182840288403,-3.276133367481692,-189.4400000000001
355.24438554587215,11.418007209279365,17.999999999999996,1.1894085341912688,-3.276150475010596,-189.44000000000003
355.24456047550046,11.40758960818079,17.999999999999996,1.1893988552042043,-3.2761671894065545,-189.44000000000003
355.24473520945406,11.397171999889581,18.0,1.1893892470631602,-3.2761835106720167,-189.4400000000001
355.24490974775733,11.386754384406569,17.999999999999996,1.1893797097636496,-3.276199438809433,-189.44000000000005
355.24508409043443,11.376336761732606,17.999999999999996,1.1893702433011841,-3.2762149738212503,-189.44000000000003
355.24525823750946,11.365919131868534,18.0,1.1893608476712754,-3.2762301157099145,-189.44000000000005
355.24543218900664,11.35550149481521,17.999999999999996,1.189351522869437,-3.2762448644778743,-189.44000000000005
355.24560594495,11.345083850573463,17.999999999999993,1.1893422688911792,-3.276259220127577,-189.44
355.2457795053637,11.334666199144143,17.999999999999996,1.1893330857320135,-3.2762731826614635,-189.44
355.24595287027165,11.324248540528103,18.0,1.189323973387452,-3.2762867520819823,-189.44000000000003
355.24612603969786,11.313830874726174,17.999999999999993,1.1893149318530076,-3.2762999283915804,-189.4400000000001
355.24629901366626,11.30341320173922,17.999999999999996,1.18930596112419,-3.2763127115926953,-189.4400000000001
355.24647179220074,11.292995521568068,18.0,1.1892970611965117,-3.2763251016877737,-189.44000000000005
355.2466443753252,11.282577834213566,17.999999999999996,1.189288232065484,-3.2763370986792606,-189.4400000000001
355.2468167630634,11.27216013967657,18.0,1.1892794737266188,-3.276348702569595,-189.43999999999997
355.2469889554391,11.26174243795791,18.0,1.1892707861754257,-3.2763599133612207,-189.43999999999997
355.247160952476,11.25132472905844,17.999999999999993,1.1892621694074168,-3.2763707310565784,-189.44
355.24733275419794,11.240907012979001,18.0,1.1892536234181044,-3.2763811556581075,-189.44
355.2475043606284,11.23048928972044,18.0,1.1892451482029986,-3.2763911871682496,-189.44
355.24767577179097,11.220071559283598,17.999999999999996,1.1892367437576101,-3.276400825589445,-189.44
355.2478469877093,11.209653821669322,17.999999999999996,1.1892284100774504,-3.2764100709241295,-189.44000000000003
355.2480180084069,11.199236076878453,17.999999999999996,1.1892201471580308,-3.2764189231747447,-189.44000000000003
355.24818883390725,11.188818324911828,17.999999999999996,1.1892119549948619,-3.276427382343729,-189.44000000000005
355.2483594642338,11.178400565770312,17.999999999999993,1.1892038335834556,-3.2764354484335185,-189.4400000000001
355.24852989940985,11.167982799454725,17.999999999999996,1.1891957829193232,-3.2764431214465466,-189.44
355.2487001394589,11.157565025965933,17.999999999999993,1.1891878029979737,-3.2764504013852553,-189.44000000000003
355.24887018440415,11.147147245304755,17.999999999999996,1.1891798938149198,-3.276457288252079,-189.44000000000003
355.2490400342689,11.13672945747206,17.999999999999996,1.1891720553656717,-3.2764637820494507,-189.44000000000003
355.24920968907645,11.126311662468673,17.99999999999999,1.189164287645743,-3.276469882779809,-189.44
355.24937914884987,11.115893860295442,18.0,1.1891565906506396,-3.2764755904455836,-189.44000000000005
355.24954841361244,11.105476050953218,17.999999999999993,1.1891489643758788,-3.276480905049213,-189.44000000000005
355.2497174833872,11.095058234442837,17.999999999999993,1.1891414088169676,-3.2764858265931274,-189.43999999999997
355.2498863581973,11.084640410765143,17.999999999999996,1.1891339239694185,-3.2764903550797584,-189.44
355.2500550380657,11.074222579920983,17.99999999999999,1.1891265098287447,-3.2764944905115434,-189.44000000000003
355.25022352301534,11.063804741911197,17.999999999999996,1.1891191663904537,-3.2764982328909076,-189.44000000000005
355.2503918130692,11.05338689673662,17.999999999999996,1.189111893650058,-3.2765015822202868,-189.44
355.2505599082503,11.042969044398117,17.99999999999999,1.1891046916030727,-3.276504538502113,-189.44
355.25072780858136,11.032551184896514,17.999999999999996,1.189097560245005,-3.2765071017388103,-189.44
355.25089551408524,11.022133318232655,17.999999999999993,1.1890904995713678,-3.2765092719328144,-189.44000000000003
355.2510630247848,11.01171544440739,18.0,1.1890835095776733,-3.27651104908655,-189.43999999999997
355.2512303407027,11.001297563421563,17.99999999999999,1.189076590259434,-3.2765124332024493,-189.44000000000003
355.25139746186164,10.990879675276004,17.999999999999993,1.1890697416121592,-3.2765134242829377,-189.44000000000005
355.2515643882844,10.980461779971561,17.999999999999996,1.1890629636313648,-3.276514022330444,-189.43999999999997
355.25173111999345,10.970043877509088,18.0,1.1890562563125575,-3.2765142273473953,-189.44000000000003
355.2518976570115,10.959625967889412,17.999999999999996,1.1890496196512557,-3.27651403933622,-189.44
355.2520639993609,10.949208051113393,18.0,1.1890430536429661,-3.276513458299341,-189.44000000000005
355.2522301470644,10.938790127181862,17.999999999999993,1.1890365582832048,-3.276512484239188,-189.44000000000005
355.25239610014427,10.928372196095658,17.999999999999993,1.1890301335674838,-3.276511117158183,-189.44
355.252561858623,10.917954257855634,17.999999999999996,1.1890237794913134,-3.2765093570587513,-189.44000000000005
355.2527274225229,10.907536312462621,17.999999999999996,1.1890174960502096,-3.276507203943317,-189.44
355.2528927918664,10.897118359917478,18.0,1.1890112832396829,-3.2765046578143058,-189.44000000000003
355.2530579666757,10.88670040022103,17.999999999999993,1.1890051410552487,-3.2765017186741394,-189.44000000000003
355.2532229469732,10.876282433374136,17.999999999999993,1.188999069492419,-3.276498386525242,-189.44
