galstreams/tracks/track.st.Alpheus.grillmair2013.ecsv
# %ECSV 0.9
# ---
# datatype:
# - {name: ra, unit: deg, datatype: float64}
# - {name: dec, unit: deg, datatype: float64}
# - {name: distance, unit: kpc, datatype: float64}
# - {name: pm_ra_cosdec, unit: mas / yr, datatype: float64}
# - {name: pm_dec, unit: mas / yr, datatype: float64}
# - {name: radial_velocity, unit: km / s, datatype: float64}
# delimiter: ','
# meta: !!omap
# - __serialized_columns__:
#     dec:
#       __class__: astropy.coordinates.angles.Latitude
#       unit: &id001 !astropy.units.Unit {unit: deg}
#       value: !astropy.table.SerializedColumn {name: dec}
#     distance:
#       __class__: astropy.coordinates.distances.Distance
#       unit: !astropy.units.Unit {unit: kpc}
#       value: !astropy.table.SerializedColumn {name: distance}
#     pm_dec:
#       __class__: astropy.units.quantity.Quantity
#       unit: !astropy.units.Unit {unit: mas / yr}
#       value: !astropy.table.SerializedColumn {name: pm_dec}
#     pm_ra_cosdec:
#       __class__: astropy.units.quantity.Quantity
#       unit: !astropy.units.Unit {unit: mas / yr}
#       value: !astropy.table.SerializedColumn {name: pm_ra_cosdec}
#     ra:
#       __class__: astropy.coordinates.angles.Longitude
#       unit: *id001
#       value: !astropy.table.SerializedColumn {name: ra}
#       wrap_angle: !astropy.coordinates.Angle
#         unit: *id001
#         value: 360.0
#     radial_velocity:
#       __class__: astropy.units.quantity.Quantity
#       unit: !astropy.units.Unit {unit: km / s}
#       value: !astropy.table.SerializedColumn {name: radial_velocity}
# schema: astropy-2.0
ra,dec,distance,pm_ra_cosdec,pm_dec,radial_velocity
[from data line 1170]
24.855753442660337,-57.37595673861804,1.7937393230124363,0.0,0.0,0.0
24.8582866583275,-57.36604588835603,1.7939045053590266,0.0,0.0,0.0
24.860819428791366,-57.356135056825856,1.7940696873269386,0.0,0.0,0.0
24.8633517540667,-57.34622424398082,1.7942348689169494,0.0,0.0,0.0
24.86588363416829,-57.33631344977412,1.7944000501298338,0.0,0.0,0.0
24.86841506911089,-57.326402674158935,1.794565230966369,0.0,0.0,0.0
24.870946058909187,-57.31649191708872,1.7947304114273295,0.0,0.0,0.0
24.873476603577885,-57.30658117851667,1.7948955915134923,0.0,0.0,0.0
24.876006703131623,-57.2966704583963,1.7950607712256323,0.0,0.0,0.0
24.87853635758502,-57.28675975668093,1.7952259505645267,0.0,0.0,0.0
24.881065566952692,-57.27684907332397,1.7953911295309497,0.0,0.0,0.0
24.883594331249178,-57.26693840827901,1.7955563081256782,0.0,0.0,0.0
24.886122650489018,-57.25702776149952,1.7957214863494886,0.0,0.0,0.0
24.888650524686735,-57.24711713293899,1.7958866642031557,0.0,0.0,0.0
24.891177953856776,-57.237206522551105,1.7960518416874558,0.0,0.0,0.0
24.893704938013617,-57.227295930289394,1.796217018803165,0.0,0.0,0.0
24.896231477171632,-57.21738535610762,1.7963821955510586,0.0,0.0,0.0
24.898757571345232,-57.207474799959414,1.796547371931913,0.0,0.0,0.0
24.901283220548784,-57.19756426179845,1.796712547946504,0.0,0.0,0.0
24.903808424796587,-57.18765374157862,1.796877723595608,0.0,0.0,0.0
24.906333184102966,-57.17774323925359,1.7970428988799998,0.0,0.0,0.0
24.908857498482163,-57.167832754777315,1.7972080738004554,0.0,0.0,0.0
24.91138136794842,-57.157922288103606,1.7973732483577518,0.0,0.0,0.0
24.913904792515968,-57.14801183918631,1.7975384225526638,0.0,0.0,0.0
24.916427772198954,-57.138101407979484,1.797703596385967,0.0,0.0,0.0
24.918950307011553,-57.12819099443699,1.7978687698584388,0.0,0.0,0.0
24.92147239696786,-57.11828059851295,1.798033942970854,0.0,0.0,0.0
24.923994042081983,-57.108370220161355,1.798199115723989,0.0,0.0,0.0
24.926515242367987,-57.09845985933622,1.798364288118619,0.0,0.0,0.0
24.929035997839883,-57.088549515991794,1.7985294601555204,0.0,0.0,0.0
24.931556308511695,-57.078639190082086,1.7986946318354688,0.0,0.0,0.0
24.93407617439737,-57.06872888156141,1.7988598031592402,0.0,0.0,0.0
24.936595595510873,-57.058818590383936,1.7990249741276105,0.0,0.0,0.0
24.939114571866117,-57.048908316503855,1.7991901447413556,0.0,0.0,0.0
24.941633103476967,-57.03899805987558,1.7993553150012518,0.0,0.0,0.0
24.944151190357303,-57.02908782045332,1.7995204849080741,0.0,0.0,0.0
24.94666883252092,-57.01917759819155,1.7996856544625988,0.0,0.0,0.0
24.949186029981636,-57.0092673930446,1.7998508236656023,0.0,0.0,0.0
24.951702782753227,-56.999357204966856,1.8000159925178598,0.0,0.0,0.0
24.954219090849403,-56.9894470339129,1.800181161020147,0.0,0.0,0.0
24.956734954283892,-56.97953687983714,1.8003463291732404,0.0,0.0,0.0
24.95925037307037,-56.96962674269416,1.8005114969779157,0.0,0.0,0.0
24.96176534722247,-56.95971662243851,1.800676664434949,0.0,0.0,0.0
24.96427987675384,-56.949806519024804,1.8008418315451156,0.0,0.0,0.0
24.966793961678054,-56.93989643240769,1.8010069983091916,0.0,0.0,0.0
24.969307602008676,-56.929986362541825,1.8011721647279533,0.0,0.0,0.0
24.97182079775924,-56.92007630938195,1.801337330802176,0.0,0.0,0.0
24.974333548943243,-56.91016627288278,1.801502496532636,0.0,0.0,0.0
24.976845855574176,-56.90025625299912,1.801667661920109,0.0,0.0,0.0
24.979357717665465,-56.890346249685784,1.801832826965371,0.0,0.0,0.0
24.981869135230543,-56.88043626289761,1.8019979916691977,0.0,0.0,0.0
24.98438010828279,-56.870526292589496,1.8021631560323652,0.0,0.0,0.0
24.986890636835557,-56.860616338716355,1.8023283200556492,0.0,0.0,0.0
24.989400720902186,-56.85070640123315,1.8024934837398254,0.0,0.0,0.0
24.99191036049596,-56.840796480094866,1.80265864708567,0.0,0.0,0.0
24.994419555630163,-56.83088657525653,1.802823810093959,0.0,0.0,0.0
24.996928306318033,-56.820976686673205,1.8029889727654687,0.0,0.0,0.0
24.99943661257278,-56.81106681429999,1.8031541351009732,0.0,0.0,0.0
25.00194447440759,-56.801156958092,1.8033192971012495,0.0,0.0,0.0
25.00445189183562,-56.791247118004414,1.8034844587670749,0.0,0.0,0.0
25.006958864869986,-56.781337293992436,1.8036496200992234,0.0,0.0,0.0
25.009465393523797,-56.77142748601128,1.8038147810984708,0.0,0.0,0.0
25.01197147781011,-56.761517694016234,1.8039799417655944,0.0,0.0,0.0
25.014477117741965,-56.7516079179626,1.8041451021013688,0.0,0.0,0.0
25.01698231333237,-56.74169815780571,1.80431026210657,0.0,0.0,0.0
25.019487064594315,-56.73178841350094,1.804475421781975,0.0,0.0,0.0
25.021991371540743,-56.72187868500369,1.8046405811283588,0.0,0.0,0.0
25.024495234184577,-56.71196897226941,1.8048057401464972,0.0,0.0,0.0
25.026998652538712,-56.702059275253575,1.804970898837166,0.0,0.0,0.0
25.029501626616014,-56.69214959391171,1.805136057201142,0.0,0.0,0.0
25.03200415642932,-56.68223992819935,1.8053012152392,0.0,0.0,0.0
25.034506241991433,-56.672330278072074,1.8054663729521163,0.0,0.0,0.0
25.037007883315134,-56.6624206434855,1.8056315303406671,0.0,0.0,0.0
25.03950908041316,-56.65251102439529,1.8057966874056282,0.0,0.0,0.0
25.042009833298263,-56.64260142075711,1.8059618441477747,0.0,0.0,0.0
25.044510141983103,-56.632691832526696,1.8061270005678831,0.0,0.0,0.0
25.047010006480356,-56.62278225965979,1.8062921566667296,0.0,0.0,0.0
25.049509426802654,-56.6128727021122,1.8064573124450898,0.0,0.0,0.0
25.052008402962606,-56.60296315983973,1.8066224679037395,0.0,0.0,0.0
25.05450693497278,-56.59305363279825,1.806787623043454,0.0,0.0,0.0
25.057005022845726,-56.58314412094364,1.8069527778650105,0.0,0.0,0.0
25.05950266659397,-56.57323462423185,1.8071179323691842,0.0,0.0,0.0
25.061999866230003,-56.56332514261882,1.8072830865567506,0.0,0.0,0.0
25.064496621766278,-56.55341567606055,1.8074482404284862,0.0,0.0,0.0
25.06699293321522,-56.54350622451308,1.8076133939851666,0.0,0.0,0.0
25.069488800589255,-56.533596787932474,1.8077785472275671,0.0,0.0,0.0
25.07198422390075,-56.523687366274814,1.8079437001564649,0.0,0.0,0.0
25.07447920316205,-56.51377795949627,1.8081088527726348,0.0,0.0,0.0
25.076973738385465,-56.50386856755296,1.8082740050768533,0.0,0.0,0.0
25.079467829583297,-56.49395919040113,1.8084391570698957,0.0,0.0,0.0
25.081961476767802,-56.484049827997005,1.8086043087525387,0.0,0.0,0.0
25.084454679951218,-56.474140480296846,1.808769460125557,0.0,0.0,0.0
25.08694743914573,-56.464231147256974,1.8089346111897275,0.0,0.0,0.0
25.089439754363536,-56.45432182883372,1.809099761945826,0.0,0.0,0.0
25.091931625616773,-56.44441252498346,1.809264912394628,0.0,0.0,0.0
25.094423052917552,-56.43450323566261,1.8094300625369097,0.0,0.0,0.0
25.096914036277976,-56.42459396082761,1.809595212373447,0.0,0.0,0.0
25.099404575710096,-56.41468470043494,1.8097603619050153,0.0,0.0,0.0
25.10189467122594,-56.40477545444109,1.8099255111323909,0.0,0.0,0.0
25.10438432283752,-56.39486622280265,1.810090660056349,0.0,0.0,0.0
25.10687353055681,-56.38495700547615,1.8102558086776666,0.0,0.0,0.0
25.10936229439576,-56.375047802418244,1.8104209569971188,0.0,0.0,0.0
25.111850614366286,-56.365138613585586,1.8105861050154821,0.0,0.0,0.0
25.11433849048027,-56.35522943893481,1.8107512527335314,0.0,0.0,0.0
25.11682592274958,-56.3453202784227,1.8109164001520435,0.0,0.0,0.0
25.119312911186054,-56.33541113200595,1.8110815472717938,0.0,0.0,0.0
25.121799455801487,-56.325501999641375,1.8112466940935583,0.0,0.0,0.0
25.12428555660765,-56.315592881285795,1.8114118406181134,0.0,0.0,0.0
25.126771213616312,-56.30568377689606,1.811576986846234,0.0,0.0,0.0
25.12925642683917,-56.295774686429056,1.8117421327786967,0.0,0.0,0.0
25.131741196287923,-56.285865609841714,1.8119072784162775,0.0,0.0,0.0
25.134225521974237,-56.275956547090985,1.8120724237597514,0.0,0.0,0.0
25.13670940390974,-56.26604749813386,1.8122375688098953,0.0,0.0,0.0
25.13919284210605,-56.25613846292736,1.8124027135674845,0.0,0.0,0.0
25.14167583657472,-56.24622944142856,1.8125678580332945,0.0,0.0,0.0
25.14415838732732,-56.23632043359455,1.8127330022081025,0.0,0.0,0.0
25.14664049437537,-56.22641143938244,1.8128981460926832,0.0,0.0,0.0
25.149122157730346,-56.21650245874941,1.8130632896878125,0.0,0.0,0.0
25.151603377403735,-56.20659349165265,1.813228432994267,0.0,0.0,0.0
25.15408415340695,-56.19668453804938,1.8133935760128224,0.0,0.0,0.0
25.15656448575141,-56.186775597896876,1.8135587187442541,0.0,0.0,0.0
25.159044374448488,-56.17686667115243,1.8137238611893383,0.0,0.0,0.0
25.161523819509547,-56.16695775777339,1.8138890033488508,0.0,0.0,0.0
25.164002820945896,-56.15704885771709,1.814054145223568,0.0,0.0,0.0
25.16648137876884,-56.147139970940955,1.814219286814265,0.0,0.0,0.0
25.168959492989636,-56.13723109740243,1.8143844281217179,0.0,0.0,0.0
25.171437163619522,-56.12732223705894,1.8145495691467033,0.0,0.0,0.0
25.173914390669722,-56.11741338986803,1.8147147098899958,0.0,0.0,0.0
25.176391174151398,-56.1075045557872,1.8148798503523722,0.0,0.0,0.0
25.17886751407572,-56.097595734774046,1.815044990534608,0.0,0.0,0.0
25.181343410453803,-56.08768692678616,1.8152101304374793,0.0,0.0,0.0
25.183818863296743,-56.07777813178119,1.815375270061762,0.0,0.0,0.0
25.186293872615614,-56.06786934971679,1.8155404094082321,0.0,0.0,0.0
25.188768438421462,-56.05796058055068,1.8157055484776652,0.0,0.0,0.0
25.191242560725286,-56.04805182424058,1.8158706872708372,0.0,0.0,0.0
25.19371623953808,-56.03814308074429,1.8160358257885243,0.0,0.0,0.0
25.196189474870796,-56.028234350019595,1.8162009640315016,0.0,0.0,0.0
25.19866226673437,-56.01832563202435,1.8163661020005457,0.0,0.0,0.0
25.201134615139686,-56.008416926716414,1.8165312396964326,0.0,0.0,0.0
25.203606520097633,-55.9985082340537,1.8166963771199374,0.0,0.0,0.0
25.206077981619046,-55.98859955399417,1.816861514271837,0.0,0.0,0.0
25.20854899971475,-55.97869088649577,1.8170266511529063,0.0,0.0,0.0
25.211019574395518,-55.96878223151652,1.8171917877639217,0.0,0.0,0.0
25.21348970567212,-55.95887358901447,1.8173569241056593,0.0,0.0,0.0
25.215959393555284,-55.948964958947684,1.8175220601788944,0.0,0.0,0.0
25.21842863805572,-55.93905634127429,1.817687195984403,0.0,0.0,0.0
25.220897439184093,-55.92914773595241,1.8178523315229616,0.0,0.0,0.0
25.223365796951057,-55.91923914294025,1.8180174667953455,0.0,0.0,0.0
25.22583371136724,-55.90933056219599,1.8181826018023306,0.0,0.0,0.0
25.22830118244323,-55.899421993677905,1.818347736544693,0.0,0.0,0.0
25.230768210189577,-55.88951343734424,1.8185128710232086,0.0,0.0,0.0
25.23323479461683,-55.87960489315335,1.818678005238653,0.0,0.0,0.0
25.235700935735498,-55.869696361063546,1.8188431391918023,0.0,0.0,0.0
25.238166633556055,-55.859787841033224,1.8190082728834323,0.0,0.0,0.0
25.240631888088952,-55.849879333020795,1.8191734063143192,0.0,0.0,0.0
25.24309669934462,-55.83997083698469,1.8193385394852382,0.0,0.0,0.0
25.24556106733345,-55.83006235288341,1.8195036723969658,0.0,0.0,0.0
25.248024992065815,-55.82015388067547,1.8196688050502776,0.0,0.0,0.0
25.250488473552053,-55.810245420319404,1.8198339374459502,0.0,0.0,0.0
25.252951511802483,-55.800336971773795,1.8199990695847577,0.0,0.0,0.0
25.255414106827374,-55.79042853499727,1.820164201467478,0.0,0.0,0.0
25.257876258637,-55.78052010994847,1.8203293330948855,0.0,0.0,0.0
25.260337967241586,-55.77061169658607,1.820494464467757,0.0,0.0,0.0
25.26279923265132,-55.76070329486879,1.8206595955868679,0.0,0.0,0.0
25.2652600548764,-55.75079490475538,1.8208247264529946,0.0,0.0,0.0
25.26772043392695,-55.74088652620462,1.8209898570669125,0.0,0.0,0.0
25.270180369813097,-55.730978159175336,1.8211549874293977,0.0,0.0,0.0
25.272639862544928,-55.72106980362636,1.8213201175412255,0.0,0.0,0.0
25.275098912132506,-55.711161459516575,1.8214852474031729,0.0,0.0,0.0
25.27755751858587,-55.701253126804914,1.8216503770160148,0.0,0.0,0.0
25.280015681915028,-55.6913448054503,1.8218155063805277,0.0,0.0,0.0
25.28247340212996,-55.68143649541174,1.821980635497487,0.0,0.0,0.0
25.2849306792406,-55.67152819664825,1.822145764367669,0.0,0.0,0.0
25.28738751325689,-55.66161990911885,1.822310892991849,0.0,0.0,0.0
25.289843904188714,-55.65171163278266,1.8224760213708033,0.0,0.0,0.0
25.292299852045947,-55.64180336759876,1.8226411495053088,0.0,0.0,0.0
25.294755356838436,-55.63189511352633,1.8228062773961393,0.0,0.0,0.0
25.297210418575986,-55.621986870524545,1.8229714050440722,0.0,0.0,0.0
25.299665037268376,-55.6120786385526,1.8231365324498825,0.0,0.0,0.0
25.30211921292537,-55.602170417569766,1.8233016596143468,0.0,0.0,0.0
25.304572945556703,-55.59226220753531,1.823466786538241,0.0,0.0,0.0
25.30702623517207,-55.58235400840856,1.82363191322234,0.0,0.0,0.0
25.309479081781145,-55.57244582014887,1.8237970396674206,0.0,0.0,0.0
25.311931485393576,-55.562537642715604,1.8239621658742589,0.0,0.0,0.0
25.314383446018986,-55.552629476068184,1.8241272918436295,0.0,0.0,0.0
25.316834963666963,-55.54272132016606,1.8242924175763098,0.0,0.0,0.0
25.319286038347066,-55.53281317496871,1.8244575430730743,0.0,0.0,0.0
25.321736670068848,-55.52290504043566,1.8246226683346998,0.0,0.0,0.0
25.3241868588418,-55.51299691652645,1.8247877933619623,0.0,0.0,0.0
25.326636604675404,-55.50308880320064,1.8249529181556372,0.0,0.0,0.0
25.329085907579124,-55.49318070041789,1.8251180427165001,0.0,0.0,0.0
25.331534767562385,-55.48327260813781,1.8252831670453278,0.0,0.0,0.0
25.333983184634576,-55.47336452632008,1.825448291142895,0.0,0.0,0.0
25.336431158805077,-55.46345645492444,1.825613415009979,0.0,0.0,0.0
25.338878690083224,-55.45354839391061,1.825778538647355,0.0,0.0,0.0
25.341325778478343,-55.443640343238386,1.825943662055798,0.0,0.0,0.0
25.343772423999713,-55.43373230286758,1.8261087852360853,0.0,0.0,0.0
25.346218626656597,-55.423824272758026,1.8262739081889923,0.0,0.0,0.0
25.34866438645823,-55.41391625286961,1.8264390309152942,0.0,0.0,0.0
25.351109703413808,-55.404008243162245,1.8266041534157682,0.0,0.0,0.0
25.353554577532528,-55.39410024359587,1.8267692756911889,0.0,0.0,0.0
25.35599900882353,-55.384192254130475,1.826934397742333,0.0,0.0,0.0
25.358442997295928,-55.37428427472606,1.827099519569976,0.0,0.0,0.0
25.36088654295884,-55.36437630534265,1.8272646411748934,0.0,0.0,0.0
25.363329645821313,-55.354468345940354,1.8274297625578624,0.0,0.0,0.0
25.365772305892403,-55.34456039647927,1.8275948837196576,0.0,0.0,0.0
25.368214523181113,-55.334652456919535,1.8277600046610554,0.0,0.0,0.0
25.370656297696435,-55.324744527221334,1.8279251253828317,0.0,0.0,0.0
25.373097629447333,-55.31483660734485,1.828090245885762,0.0,0.0,0.0
25.37553851844273,-55.30492869725037,1.828255366170623,0.0,0.0,0.0
25.377978964691525,-55.29502079689812,1.8284204862381899,0.0,0.0,0.0
25.3804189682026,-55.28511290624843,1.8285856060892385,0.0,0.0,0.0
25.382858528984816,-55.27520502526164,1.8287507257245452,0.0,0.0,0.0
25.385297647046976,-55.26529715389811,1.8289158451448857,0.0,0.0,0.0
25.387736322397885,-55.25538929211826,1.8290809643510353,0.0,0.0,0.0
25.390174555046304,-55.245481439882525,1.8292460833437707,0.0,0.0,0.0
25.392612345000984,-55.235573597151365,1.8294112021238673,0.0,0.0,0.0
25.395049692270618,-55.22566576388529,1.8295763206921016,0.0,0.0,0.0
25.39748659686391,-55.21575794004484,1.8297414390492486,0.0,0.0,0.0
25.399923058789508,-55.20585012559057,1.8299065571960846,0.0,0.0,0.0
25.40235907805604,-55.195942320483105,1.8300716751333854,0.0,0.0,0.0
25.404794654672116,-55.18603452468305,1.8302367928619274,0.0,0.0,0.0
25.407229788646305,-55.17612673815111,1.8304019103824858,0.0,0.0,0.0
25.409664479987168,-55.16621896084794,1.8305670276958368,0.0,0.0,0.0
25.412098728703207,-55.15631119273431,1.8307321448027565,0.0,0.0,0.0
25.414532534802923,-55.14640343377096,1.8308972617040205,0.0,0.0,0.0
25.416965898294794,-55.1364956839187,1.8310623784004036,0.0,0.0,0.0
25.419398819187258,-55.12658794313836,1.831227494892684,0.0,0.0,0.0
25.421831297488705,-55.11668021139081,1.8313926111816363,0.0,0.0,0.0
25.424263333207538,-55.10677248863691,1.8315577272680363,0.0,0.0,0.0
25.426694926352113,-55.096864774837634,1.8317228431526595,0.0,0.0,0.0
25.429126076930753,-55.08695706995392,1.8318879588362829,0.0,0.0,0.0
