galstreams/tracks/track.po.PS1-C.bernard2016.ecsv
# %ECSV 0.9
# ---
# datatype:
# - {name: ra, unit: deg, datatype: float64}
# - {name: dec, unit: deg, datatype: float64}
# - {name: distance, unit: kpc, datatype: float64}
# - {name: pm_ra_cosdec, unit: mas / yr, datatype: float64}
# - {name: pm_dec, unit: mas / yr, datatype: float64}
# - {name: radial_velocity, unit: km / s, datatype: float64}
# delimiter: ','
# meta: !!omap
# - __serialized_columns__:
#     dec:
#       __class__: astropy.coordinates.angles.Latitude
#       unit: &id001 !astropy.units.Unit {unit: deg}
#       value: !astropy.table.SerializedColumn {name: dec}
#     distance:
#       __class__: astropy.coordinates.distances.Distance
#       unit: !astropy.units.Unit {unit: kpc}
#       value: !astropy.table.SerializedColumn {name: distance}
#     pm_dec:
#       __class__: astropy.units.quantity.Quantity
#       unit: !astropy.units.Unit {unit: mas / yr}
#       value: !astropy.table.SerializedColumn {name: pm_dec}
#     pm_ra_cosdec:
#       __class__: astropy.units.quantity.Quantity
#       unit: !astropy.units.Unit {unit: mas / yr}
#       value: !astropy.table.SerializedColumn {name: pm_ra_cosdec}
#     ra:
#       __class__: astropy.coordinates.angles.Longitude
#       unit: *id001
#       value: !astropy.table.SerializedColumn {name: ra}
#       wrap_angle: !astropy.coordinates.Angle
#         unit: *id001
#         value: 360.0
#     radial_velocity:
#       __class__: astropy.units.quantity.Quantity
#       unit: !astropy.units.Unit {unit: km / s}
#       value: !astropy.table.SerializedColumn {name: radial_velocity}
# schema: astropy-2.0
ra,dec,distance,pm_ra_cosdec,pm_dec,radial_velocity
[from data line 724]
334.53404973696405,17.637760906176865,17.399999999999892,0.0,0.0,0.0
334.54018915913707,17.645886369319566,17.399999999999892,0.0,0.0,0.0
334.54632913524875,17.654011642409458,17.399999999999892,0.0,0.0,0.0
334.55246966560816,17.662136725336058,17.399999999999892,0.0,0.0,0.0
334.55861075052417,17.67026161798889,17.399999999999885,0.0,0.0,0.0
334.5647523903061,17.678386320257403,17.399999999999885,0.0,0.0,0.0
334.5708945852632,17.68651083203104,17.39999999999988,0.0,0.0,0.0
334.5770373357047,17.694635153199208,17.39999999999988,0.0,0.0,0.0
334.5831806419398,17.70275928365128,17.399999999999874,0.0,0.0,0.0
334.5893245042782,17.710883223276586,17.399999999999878,0.0,0.0,0.0
334.5954689230293,17.71900697196444,17.399999999999874,0.0,0.0,0.0
334.6016138985026,17.727130529604107,17.399999999999878,0.0,0.0,0.0
334.60775943100793,17.735253896084828,17.39999999999987,0.0,0.0,0.0
334.6139055208549,17.743377071295814,17.39999999999987,0.0,0.0,0.0
334.6200521683533,17.751500055126236,17.39999999999987,0.0,0.0,0.0
334.6261993738131,17.759622847465238,17.39999999999987,0.0,0.0,0.0
334.6323471375442,17.76774544820193,17.39999999999987,0.0,0.0,0.0
334.63849545985653,17.775867857225375,17.399999999999864,0.0,0.0,0.0
334.6446443410603,17.78399007442463,17.399999999999867,0.0,0.0,0.0
334.6507937814657,17.792112099688698,17.399999999999856,0.0,0.0,0.0
334.65694378138284,17.80023393290655,17.39999999999986,0.0,0.0,0.0
334.66309434112213,17.80835557396714,17.39999999999986,0.0,0.0,0.0
334.669245460994,17.816477022759376,17.399999999999856,0.0,0.0,0.0
334.67539714130874,17.824598279172125,17.399999999999856,0.0,0.0,0.0
334.681549382377,17.832719343094247,17.399999999999853,0.0,0.0,0.0
334.68770218450936,17.840840214414538,17.39999999999985,0.0,0.0,0.0
334.6938555480166,17.848960893021786,17.39999999999985,0.0,0.0,0.0
334.7000094732093,17.857081378804736,17.39999999999985,0.0,0.0,0.0
334.70616396039844,17.8652016716521,17.399999999999842,0.0,0.0,0.0
334.7123190098948,17.87332177145254,17.399999999999842,0.0,0.0,0.0
334.71847462200947,17.881441678094724,17.399999999999842,0.0,0.0,0.0
334.7246307970534,17.889561391467257,17.399999999999835,0.0,0.0,0.0
334.73078753533775,17.89768091145871,17.399999999999835,0.0,0.0,0.0
334.7369448371737,17.905800237957635,17.399999999999835,0.0,0.0,0.0
334.7431027028726,17.913919370852543,17.399999999999835,0.0,0.0,0.0
334.7492611327457,17.922038310031915,17.39999999999983,0.0,0.0,0.0
334.7554201271044,17.930157055384193,17.399999999999824,0.0,0.0,0.0
334.76157968626023,17.93827560679779,17.399999999999824,0.0,0.0,0.0
334.7677398105248,17.94639396416109,17.399999999999824,0.0,0.0,0.0
334.7739005002097,17.95451212736243,17.399999999999817,0.0,0.0,0.0
334.78006175562666,17.962630096290127,17.399999999999814,0.0,0.0,0.0
334.78622357708747,17.97074787083246,17.399999999999814,0.0,0.0,0.0
334.79238596490393,17.97886545087767,17.399999999999814,0.0,0.0,0.0
334.79854891938805,17.986982836313977,17.39999999999981,0.0,0.0,0.0
334.8047124408518,17.99510002702955,17.399999999999807,0.0,0.0,0.0
334.81087652960736,18.003217022912537,17.399999999999803,0.0,0.0,0.0
334.8170411859667,18.011333823851054,17.3999999999998,0.0,0.0,0.0
334.82320641024216,18.01945042973317,17.399999999999796,0.0,0.0,0.0
334.8293722027461,18.027566840446934,17.399999999999793,0.0,0.0,0.0
334.83553856379075,18.03568305588035,17.399999999999793,0.0,0.0,0.0
334.8417054936887,18.04379907592141,17.39999999999979,0.0,0.0,0.0
334.84787299275246,18.05191490045804,17.399999999999782,0.0,0.0,0.0
334.8540410612946,18.06003052937816,17.399999999999782,0.0,0.0,0.0
334.86020969962783,18.06814596256963,17.399999999999775,0.0,0.0,0.0
334.8663789080648,18.076261199920324,17.39999999999977,0.0,0.0,0.0
334.8725486869185,18.08437624131802,17.399999999999768,0.0,0.0,0.0
334.87871903650165,18.092491086650497,17.399999999999764,0.0,0.0,0.0
334.8848899571274,18.1006057358055,17.399999999999764,0.0,0.0,0.0
334.8910614491087,18.108720188670745,17.39999999999976,0.0,0.0,0.0
334.89723351275876,18.116834445133893,17.399999999999757,0.0,0.0,0.0
334.9034061483907,18.124948505082596,17.399999999999753,0.0,0.0,0.0
334.9095793563177,18.13306236840444,17.39999999999975,0.0,0.0,0.0
334.9157531368533,18.141176034987005,17.39999999999974,0.0,0.0,0.0
334.9219274903109,18.14928950471784,17.399999999999736,0.0,0.0,0.0
334.92810241700397,18.157402777484428,17.399999999999736,0.0,0.0,0.0
334.934277917246,18.165515853174256,17.399999999999725,0.0,0.0,0.0
