galstreams/tracks/track.st.NGC2298.ibata2024.ecsv
# %ECSV 1.0
# ---
# datatype:
# - {name: ra, unit: deg, datatype: float64}
# - {name: dec, unit: deg, datatype: float64}
# - {name: distance, unit: kpc, datatype: float64}
# - {name: pm_ra_cosdec, unit: mas / yr, datatype: float64}
# - {name: pm_dec, unit: mas / yr, datatype: float64}
# - {name: radial_velocity, unit: km / s, datatype: float64}
# delimiter: ','
# meta: !!omap
# - __serialized_columns__:
#     dec:
#       __class__: astropy.coordinates.angles.Latitude
#       unit: &id001 !astropy.units.Unit {unit: deg}
#       value: !astropy.table.SerializedColumn {name: dec}
#     distance:
#       __class__: astropy.coordinates.distances.Distance
#       unit: !astropy.units.Unit {unit: kpc}
#       value: !astropy.table.SerializedColumn {name: distance}
#     pm_dec:
#       __class__: astropy.units.quantity.Quantity
#       unit: !astropy.units.Unit {unit: mas / yr}
#       value: !astropy.table.SerializedColumn {name: pm_dec}
#     pm_ra_cosdec:
#       __class__: astropy.units.quantity.Quantity
#       unit: !astropy.units.Unit {unit: mas / yr}
#       value: !astropy.table.SerializedColumn {name: pm_ra_cosdec}
#     ra:
#       __class__: astropy.coordinates.angles.Longitude
#       unit: *id001
#       value: !astropy.table.SerializedColumn {name: ra}
#       wrap_angle: !astropy.coordinates.Angle
#         unit: *id001
#         value: 360.0
#     radial_velocity:
#       __class__: astropy.units.quantity.Quantity
#       unit: !astropy.units.Unit {unit: km / s}
#       value: !astropy.table.SerializedColumn {name: radial_velocity}
# schema: astropy-2.0
ra,dec,distance,pm_ra_cosdec,pm_dec,radial_velocity
93.78594802601685,-32.10039692257625,0.9999999999999997,3.081492726587518,-2.451063366679975,1015.8851768969496
93.7968894394349,-32.104734390998836,0.9999999999999998,3.0803905192022984,-2.448352584238336,1015.7015009397443
93.80783112266734,-32.10907188089066,0.9999999999999998,3.079293265093023,-2.445650730367589,1015.5183750870692
93.81877307288492,-32.113409396009516,0.9999999999999997,3.078200959510413,-2.442957793199753,1015.3357986886668
93.82971528725967,-32.11774694011427,0.9999999999999998,3.077113597702075,-2.4402737608684504,1015.153771094279
93.84065776296494,-32.12208451696488,0.9999999999999998,3.07603117491265,-2.4375986215088687,1014.9722916536475
93.85160049717531,-32.126422130322354,0.9999999999999999,3.0749536863834486,-2.4349323632578006,1014.7913597165149
93.86254348706673,-32.130759783948726,0.9999999999999997,3.073881127352829,-2.432274974253886,1014.6109746326223
93.87348672981638,-32.135097481607175,0.9999999999999998,3.0728134930559,-2.429626442637101,1014.4311357517118
93.88443022260275,-32.139435227061895,0.9999999999999998,3.071750778724791,-2.426986756549198,1014.251842423526
93.8953739626056,-32.14377302407817,0.9999999999999997,3.07069297958839,-2.4243559041335203,1014.0730939978062
93.90631794700607,-32.148110876422336,0.9999999999999998,3.0696400908724293,-2.4217338735351888,1013.8948898242952
93.91726217298651,-32.15244878786181,0.9999999999999997,3.0685921077995637,-2.41912065290083,1013.717229252734
93.9282066377306,-32.15678676216506,0.9999999999999996,3.067549025589315,-2.416516230378747,1013.5401116328649
93.9391513384233,-32.16112480310167,0.9999999999999997,3.066510839457969,-2.4139205941189488,1013.3635363144301
93.95009627225092,-32.16546291444223,0.9999999999999994,3.0654775446187355,-2.4113337322730217,1013.1875026471714
93.96104143640102,-32.16980109995842,0.9999999999999998,3.0644491362816453,-2.408755632994243,1013.0120099808311
93.9719868280625,-32.17413936342302,0.9999999999999996,3.0634256096535495,-2.406186284437581,1012.8370576651503
93.98293244442554,-32.17847770860985,0.9999999999999996,3.062406959938121,-2.4036256747596525,1012.662645049872
93.99387828268164,-32.18281613929378,0.9999999999999997,3.0613931823359266,-2.4010737921187513,1012.4887714847372
94.0048243400236,-32.18715465925079,0.9999999999999996,3.0603842720442795,-2.3985306246747484,1012.3154363194889
94.01577061364556,-32.19149327225791,0.9999999999999997,3.059380224257339,-2.395996160589391,1012.1426389038683
94.0267171007429,-32.195831982093225,0.9999999999999999,3.0583810341661355,-2.393470388025932,1011.9703785876177
94.03766379851237,-32.20017079253592,0.9999999999999998,3.057386696958446,-2.390953295149373,1011.7986547204783
94.04861070415204,-32.20450970736621,0.9999999999999998,3.0563972078188417,-2.3884448701264347,1011.6274666521928
94.05955781486124,-32.20884873036543,0.9999999999999997,3.0554125619287777,-2.3859451011253583,1011.4568137325034
94.07050512784066,-32.213187865315945,0.9999999999999996,3.054432754466408,-2.383453976316332,1011.2866953111518
94.0814526402923,-32.21752711600118,0.9999999999999998,3.0534577806067915,-2.380971483871093,1011.1171107378798
94.09240034941946,-32.221866486205684,0.9999999999999998,3.052487635521688,-2.3784976119630414,1010.9480593624293
94.10334825242677,-32.226205979715026,0.9999999999999996,3.0515223143797012,-2.3760323487673674,1010.7795405345425
94.1142963465202,-32.23054560031584,0.9999999999999996,3.050561812346162,-2.3735756824608956,1010.6115536039614
94.12524462890701,-32.234885351795874,0.9999999999999997,3.049606124583196,-2.371127601222369,1010.4440979204276
94.1361930967958,-32.23922523794392,0.9999999999999997,3.0486552462497976,-2.3686880932318815,1010.2771728336835
94.14714174739646,-32.24356526254982,0.9999999999999998,3.0477091725015875,-2.3662571466714866,1010.1107776934707
94.15809057792028,-32.24790542940454,0.9999999999999998,3.0467678984910407,-2.3638347497249868,1009.9449118495314
94.1690395855798,-32.252245742300055,0.9999999999999997,3.0458314193673584,-2.361420890577733,1009.7795746516073
94.17998876758894,-32.25658620502943,0.9999999999999997,3.044899730276539,-2.359015557417024,1009.6147654494409
94.19093812116293,-32.26092682138683,0.9999999999999999,3.0439728263612444,-2.356618738431635,1009.4504835927738
94.2018876435183,-32.265267595167465,0.9999999999999997,3.0430507027610467,-2.3542304218122467,1009.2867284313478
94.21283733187298,-32.26960853016761,0.9999999999999996,3.042133354612126,-2.351850595751287,1009.1234993149048
94.22378718344619,-32.27394963018461,0.9999999999999997,3.041220777047405,-2.349479248442762,1008.9607955931874
94.23473719545848,-32.2782908990169,0.9999999999999998,3.0403129651966356,-2.3471163680826805,1008.798616615937
94.24568736513173,-32.28263234046397,0.9999999999999996,3.0394099141862547,-2.3447619428684874,1008.636961732896
94.25663768968921,-32.28697395832638,0.9999999999999996,3.038511619139369,-2.3424159609996593,1008.475830293806
94.26758816635545,-32.291315756405766,0.9999999999999998,3.037618075175967,-2.3400784106772647,1008.3152216484089
94.2785387923564,-32.295657738504836,0.9999999999999996,3.0367292774125563,-2.33774928010412,1008.1551351464469
94.28948956491928,-32.29999990842737,0.9999999999999996,3.035845220962557,-2.335428557484832,1007.9955701376621
94.3004404812727,-32.304342269978164,0.9999999999999998,3.0349659009359566,-2.333116231025997,1007.8365259717959
94.31139153864659,-32.3086848269632,0.9999999999999996,3.0340913124395,-2.3308122889355047,1007.6780019985911
94.32234273427223,-32.31302758318943,0.9999999999999997,3.0332214505766935,-2.328516719423419,1007.5199975677884
94.33329406538225,-32.31737054246493,0.9999999999999997,3.032356310447641,-2.326229510701353,1007.3625120291313
94.34424552921061,-32.3217137085988,0.9999999999999997,3.031495887149248,-2.32395065098288,1007.2055447323606
94.35519712299265,-32.32605708540125,0.9999999999999997,3.030640175775046,-2.3216801284832513,1007.0490950272186
94.36614884396502,-32.33040067668356,0.9999999999999997,3.029789171415258,-2.3194179314193804,1006.893162263448
94.37710068936576,-32.33474448625805,0.9999999999999997,3.0289428691568254,-2.317164048010227,1006.7377457907895
94.38805265643424,-32.33908851793815,0.9999999999999998,3.0281012640833787,-2.3149184664762856,1006.5828449589861
94.39900474241117,-32.343432775538325,0.9999999999999997,3.0272643512751696,-2.3126811750401117,1006.428459117779
94.40995694453865,-32.34777726287412,0.9999999999999996,3.026432125809146,-2.3104521619258236,1006.2745876169104
94.4209092600601,-32.35212198376219,0.9999999999999998,3.02560458275895,-2.3082314153593444,1006.1212298061226
94.43186168622032,-32.356466942020205,0.9999999999999997,3.024781717194916,-2.3060189235685726,1005.9683850351572
94.44281422026546,-32.36081214146693,0.9999999999999997,3.0239635241839355,-2.303814674783112,1005.8160526537567
94.45376685944304,-32.36515758592221,0.9999999999999998,3.0231499987896413,-2.3016186572343997,1005.6642320116623
94.4647196010019,-32.369503279206945,0.9999999999999997,3.022341136072342,-2.2994308591556774,1005.5129224586161
94.4756724421923,-32.37384922514311,0.9999999999999998,3.021536931088889,-2.297251268781906,1005.3621233443607
94.48662538026583,-32.37819542755376,0.9999999999999997,3.020737378892875,-2.2950798743500513,1005.2118340186373
94.49757841247543,-32.38254189026301,0.9999999999999997,3.0199424745345453,-2.2929166640987972,1005.0620538311885
94.50853153607547,-32.38688861709607,0.9999999999999997,3.019152213060689,-2.290761626268619,1004.9127821317559
94.51948474832157,-32.39123561187917,0.9999999999999997,3.0183665895148195,-2.2886147491018676,1004.7640182700816
94.53043804647085,-32.39558287843966,0.9999999999999996,3.017585598936998,-2.286476020842798,1004.6157615959069
94.5413914277817,-32.39993042060595,0.9999999999999998,3.0168092363640504,-2.2843454297374137,1004.468011458975
94.55234488951389,-32.404278242207475,0.9999999999999997,3.016037496829254,-2.2822229640334797,1004.3207672090269
94.56329842892868,-32.40862634707485,0.9999999999999998,3.01527037536262,-2.280108611980779,1004.1740281958052
94.57425204328854,-32.41297473903965,0.9999999999999996,3.014507866990785,-2.2780023618309,1004.0277937690513
94.5852057298574,-32.41732342193457,0.9999999999999997,3.0137499667368726,-2.2759042018371503,1003.8820632785078
94.59615948590057,-32.4216723995934,0.9999999999999998,3.0129966696207475,-2.2738141202547553,1003.7368360739159
94.60711330868469,-32.42602167585091,0.9999999999999997,3.0122479706588283,-2.271732105341016,1003.5921115050181
94.6180671954778,-32.430371254543054,0.9999999999999997,3.011503864864144,-2.2696581453546685,1003.4478889215565
94.62902114354935,-32.4347211395068,0.9999999999999996,3.010764347246239,-2.267592228556623,1003.304167673272
94.6399751501701,-32.43907133458017,0.9999999999999997,3.010029412811434,-2.2655343432096373,1003.1609471099079
94.65092921261225,-32.443421843602295,0.9999999999999996,3.0092990565624316,-2.2634844775781744,1003.0182265812056
94.66188332814937,-32.447772670413364,0.9999999999999997,3.0085732734986728,-2.261442619928772,1002.8760054369069
94.67283749405641,-32.45212381885462,0.9999999999999997,3.0078520586160504,-2.259408758529716,1002.7342830267545
94.68379170760967,-32.45647529276843,0.9999999999999994,3.00713540690721,-2.257382881651054,1002.5930587004887
94.6947459660869,-32.460827095998155,0.9999999999999996,3.0064233133611484,-2.2553649775650797,1002.4523318078532
94.70570026676718,-32.4651792323883,0.9999999999999997,3.005715772963635,-2.253355034545578,1002.3121016985895
94.71665460693103,-32.469531705784384,0.9999999999999997,3.0050127806968785,-2.251353040868551,1002.172367722439
94.72760898386028,-32.47388452003303,0.9999999999999997,3.0043143315397316,-2.249358984811664,1002.0331292291439
94.73856339483825,-32.47823767898194,0.9999999999999998,3.0036204204674934,-2.2473728546544294,1001.894385568447
94.74951783714958,-32.48259118647985,0.9999999999999998,3.00293104245217,-2.2453946386785617,1001.7561360900893
94.76047230808032,-32.486945046376604,0.9999999999999997,3.0022461924621915,-2.243424325167396,1001.6183801438127
94.77142680491792,-32.49129926252309,0.9999999999999996,3.0015658654626236,-2.2414619024063143,1001.4811170793596
94.78238132495122,-32.49565383877128,0.9999999999999998,3.000890056414997,-2.2395073586825873,1001.3443462464724
94.79333586547047,-32.500008778974234,0.9999999999999998,3.0002187602774413,-2.237560682285263,1001.208066994892
94.8042904237673,-32.504364086986044,0.9999999999999996,2.999551972004584,-2.235621861505578,1001.072278674361
94.81524499713473,-32.50871976666192,0.9999999999999997,2.998889686547651,-2.233690884636374,1000.9369806346215
94.8261995828672,-32.51307582185809,0.9999999999999997,2.9982318988542893,-2.231767739972639,1000.8021722254149
94.83715417826056,-32.5174322564319,0.9999999999999998,2.997578603868785,-2.2298524158112087,1000.6678527964838
94.84810878061202,-32.52178907424174,0.9999999999999997,2.996929796531889,-2.2279449004508507,1000.5340216975696
94.85906338722025,-32.526146279147085,0.9999999999999996,2.9962854717808405,-2.22604518219228,1000.4006782784144
94.87001799538527,-32.53050387500846,0.9999999999999997,2.995645624549434,-2.2241532493381158,1000.2678218887604
94.8809726024085,-32.534861865687496,0.9999999999999998,2.9950102497680575,-2.222269090192924,1000.1354518783494
94.89192720559286,-32.53922025504688,0.9999999999999997,2.994379342363416,-2.220392693063161,1000.0035675969237
94.90288180224258,-32.54357904695035,0.9999999999999998,2.9937528972588474,-2.218524046257386,999.8721683942251
94.9138363896633,-32.54793824526272,0.9999999999999998,2.9931309093741927,-2.2166631380859343,999.7412536199948
94.92479096516213,-32.55229785384993,0.9999999999999996,2.9925133736257816,-2.2148099568611315,999.6108226239755
94.93574552604758,-32.55665787657888,0.9999999999999996,2.9919002849263254,-2.212964490897363,999.4808747559093
94.9467000696295,-32.56101831731766,0.9999999999999998,2.9912916381852277,-2.2111267285108767,999.3514093655383
94.95765459321926,-32.56537917993537,0.9999999999999998,2.990687428308201,-2.209296658019852,999.2224258026034
94.96860909412955,-32.56974046830216,0.9999999999999997,2.990087650197502,-2.207474267744516,999.0939234168477
94.97956356967453,-32.57410218628932,0.9999999999999998,2.989492298751923,-2.2056595460069275,998.9659015580127
94.99051801716976,-32.57846433776914,0.9999999999999997,2.988901368866644,-2.203852481131392,998.83835957584
95.00147243393222,-32.582826926615034,0.9999999999999997,2.9883148554333587,-2.2020530614438627,998.7112968200728
95.01242681728031,-32.587189956701444,0.9999999999999997,2.9877327533402216,-2.200261275272439,998.5847126404512
95.02338116453384,-32.59155343190391,0.9999999999999998,2.987155057471856,-2.1984771109472376,998.4586063867183
95.03433547301407,-32.59591735609902,0.9999999999999997,2.986581762709326,-2.1967005568002946,998.3329774086163
95.04528974004364,-32.600281733164486,0.9999999999999996,2.9860128639301973,-2.1949316011655355,998.2078250558868
95.05624396294664,-32.60464656697902,0.9999999999999997,2.9854483560084564,-2.193170232378975,998.0831486782718
95.06719813904857,-32.60901186142245,0.9999999999999997,2.984888233814548,-2.1914164387787167,997.9589476255129
95.07815226567638,-32.61337762037566,0.9999999999999997,2.984332492215337,-2.1896702087046833,997.8352212473527
95.08910634015842,-32.6177438477206,0.9999999999999997,2.9837811260742377,-2.1879315304989433,997.7119688935329
95.10006035982448,-32.622110547340284,0.9999999999999997,2.983234130250926,-2.1862003925053983,997.5891899137953
95.11101432200577,-32.62647772311883,0.9999999999999996,2.9826914996016907,-2.1844767830701386,997.466883657882
95.12196822403493,-32.6308453789414,0.9999999999999997,2.982153228979165,-2.1827606905411585,997.3450494755349
95.13292206324607,-32.635213518694236,0.9999999999999996,2.981619313232386,-2.181052103268428,997.223686716496
95.14387583697466,-32.63958214626462,0.9999999999999997,2.9810897472069158,-2.1793510096040762,997.1027947305073
95.15482954255766,-32.64395126554094,0.9999999999999997,2.9805645257446187,-2.1776573979021663,996.9823728673107
95.16578317733345,-32.64832088041266,0.9999999999999997,2.980043643683869,-2.175971256518636,996.8624204766486
95.17673673864185,-32.65269099477028,0.9999999999999997,2.9795270958594298,-2.174292573811769,996.7429369082622
95.18769022382406,-32.65706161250539,0.9999999999999998,2.9790148771025073,-2.1726213381415818,996.623921511894
95.19864363022282,-32.661432737510644,0.9999999999999997,2.97850698224061,-2.1709575378702795,996.5053736372853
95.20959695518223,-32.66580437367976,0.9999999999999997,2.978003406097775,-2.169301161362057,996.387292634179
95.22055019604785,-32.67017652490757,0.9999999999999997,2.9775041434944107,-2.1676521969830986,996.2696778523167
95.23150335016669,-32.674549195089895,0.9999999999999997,2.9770091892473225,-2.166010633101763,996.1525286414401
95.2424564148872,-32.678922388123695,0.9999999999999997,2.9765185381696,-2.164376458088313,996.0358443512913
95.25340938755923,-32.68329610790697,0.9999999999999997,2.9760321850709612,-2.1627496603151144,995.9196243316126
95.26436226553417,-32.687670358338785,0.9999999999999996,2.9755501247572482,-2.1611302281566225,995.803867932145
95.27531504616478,-32.692045143319305,0.9999999999999998,2.9750723520308924,-2.1595181499892675,995.6885745026318
95.28626772680524,-32.69642046674971,0.9999999999999998,2.9745988616906303,-2.1579134141916114,995.5737433928142
95.29722030481128,-32.70079633253231,0.9999999999999997,2.974129648531548,-2.156316009144149,995.4593739524345
95.30817277753997,-32.70517274457046,0.9999999999999997,2.973664707345158,-2.1547259232295914,995.345465531234
95.31912514234989,-32.70954970676857,0.9999999999999998,2.973204032919334,-2.153143144832711,995.2320174789551
95.33007739660106,-32.713927223032115,0.9999999999999998,2.9727476200383087,-2.151567662340156,995.11902914534
