galstreams/tracks/track.st.NGC5466.jensen2021.ecsv
# %ECSV 1.0
# ---
# datatype:
# - {name: ra, unit: deg, datatype: float64}
# - {name: dec, unit: deg, datatype: float64}
# - {name: distance, unit: kpc, datatype: float64}
# - {name: pm_ra_cosdec, unit: mas / yr, datatype: float64}
# - {name: pm_dec, unit: mas / yr, datatype: float64}
# - {name: radial_velocity, unit: km / s, datatype: float64}
# delimiter: ','
# meta: !!omap
# - __serialized_columns__:
#     dec:
#       __class__: astropy.coordinates.angles.Latitude
#       unit: &id001 !astropy.units.Unit {unit: deg}
#       value: !astropy.table.SerializedColumn {name: dec}
#     distance:
#       __class__: astropy.coordinates.distances.Distance
#       unit: !astropy.units.Unit {unit: kpc}
#       value: !astropy.table.SerializedColumn {name: distance}
#     pm_dec:
#       __class__: astropy.units.quantity.Quantity
#       unit: !astropy.units.Unit {unit: mas / yr}
#       value: !astropy.table.SerializedColumn {name: pm_dec}
#     pm_ra_cosdec:
#       __class__: astropy.units.quantity.Quantity
#       unit: !astropy.units.Unit {unit: mas / yr}
#       value: !astropy.table.SerializedColumn {name: pm_ra_cosdec}
#     ra:
#       __class__: astropy.coordinates.angles.Longitude
#       unit: *id001
#       value: !astropy.table.SerializedColumn {name: ra}
#       wrap_angle: !astropy.coordinates.Angle
#         unit: *id001
#         value: 360.0
#     radial_velocity:
#       __class__: astropy.units.quantity.Quantity
#       unit: !astropy.units.Unit {unit: km / s}
#       value: !astropy.table.SerializedColumn {name: radial_velocity}
# schema: astropy-2.0
ra,dec,distance,pm_ra_cosdec,pm_dec,radial_velocity
[from data line 1099]
204.98722950019487,31.237530576779864,19.44811362846056,-4.886080763994979,-1.0946466718889027,2.020984111169361e-13
204.99781639231566,31.233274107184126,19.442884460284294,-4.886861670103105,-1.0941962474880373,6.73661370389787e-14
205.0084024637808,31.229017015076895,19.437657960435335,-4.8876426793221395,-1.0937458255613586,2.442022467662978e-13
205.0189877147058,31.224759300647776,19.432434128913687,-4.8884237916721185,-1.0932954061106854,5.0524602779234026e-14
205.029572145206,31.22050096408631,19.427212965719356,-4.889205007173081,-1.0928449891378442,1.768361097273191e-13
205.04015575539697,31.216242005582128,19.42199447085233,-4.889986325845065,-1.092394574644676,1.6841534259744677e-13
205.05073854539432,31.211982425324745,19.41677864431263,-4.890767747708101,-1.0919441626330189,2.5262301389617013e-14
205.06132051531372,31.207722223503694,19.41156548610023,-4.891549272782224,-1.0914937531047273,1.5999457546757442e-13
205.07190166527099,31.203461400308534,19.40635499621516,-4.892330901087458,-1.091043346061655,6.73661370389787e-14
205.08248199538193,31.199199955928737,19.40114717465739,-4.893112632643839,-1.0905929415056708,1.347322740779574e-13
205.0930615057625,31.19493789055382,19.395942021426936,-4.8938944674713865,-1.090142539438646,4.210383564936169e-14
205.1036401965287,31.190675204373274,19.3907395365238,-4.894676405590126,-1.0896921398624615,1.5999457546757442e-13
205.11421806779663,31.18641189757656,19.385539719947978,-4.895458447020078,-1.0892417427790035,1.5999457546757442e-13
205.12479511968246,31.182147970353117,19.380342571699465,-4.896240591781265,-1.0887913481901696,2.3578147963642546e-13
205.13537135230246,31.177883422892428,19.375148091778268,-4.8970228398937,-1.0883409560978596,3.368306851948935e-14
205.1459467657729,31.173618255383893,19.369956280184383,-4.897805191377403,-1.0878905665039875,1.0946997268834039e-13
205.15652136021026,31.16935246801694,19.364767136917813,-4.898587646252382,-1.0874401794104673,9.262843842859572e-14
205.16709513573096,31.16508606098095,19.35958066197856,-4.899370204538652,-1.0869897948192278,8.420767129872338e-14
205.1776680924516,31.160819034465334,19.354396855366613,-4.90015286625622,-1.0865394127321997,1.8525687685719145e-13
205.18824023048884,31.15655138865944,19.349215717081986,-4.900935631425095,-1.0860890331513227,9.262843842859572e-14
205.19881154995937,31.152283123752664,19.34403724712467,-4.901718500065281,-1.085638656078545,1.2631150694808508e-13
205.20938205098,31.148014239934316,19.338861445494672,-4.902501472196784,-1.0851882815158227,1.4315304120782974e-13
205.21995173366764,31.143744737393746,19.333688312191974,-4.903284547839601,-1.0847379094651173,5.894536990910637e-14
205.2305205981392,31.139474616320268,19.3285178472166,-4.90406772701373,-1.084287539928402,1.6841534259744677e-13
205.24108864451182,31.13520387690318,19.323350050568543,-4.904851009739173,-1.083837172907649,-3.368306851948935e-14
205.2516558729025,31.130932519331775,19.318184922247795,-4.90563439603592,-1.0833868084048497,5.0524602779234026e-14
205.26222228342849,31.126660543795314,19.31302246225436,-4.906417885923966,-1.0829364464219928,4.210383564936169e-14
205.27278787620705,31.12238795048309,19.307862670588236,-4.907201479423303,-1.0824860869610795,3.368306851948935e-14
205.28335265135553,31.11811473958434,19.30270554724943,-4.907985176553916,-1.0820357300241206,1.347322740779574e-13
205.29391660899142,31.113840911288275,19.297551092237935,-4.908768977335795,-1.0815853756131264,5.0524602779234026e-14
205.30447974923226,31.109566465784116,19.292399305553754,-4.909552881788925,-1.0811350237301198,0.0
205.31504207219547,31.105291403261095,19.28725018719689,-4.9103368899332835,-1.0806846743771386,7.578690416885104e-14
205.32560357799883,31.101015723908397,19.28210373716734,-4.911121001788857,-1.080234327556215,1.347322740779574e-13
205.33616426676008,31.096739427915196,19.276959955465095,-4.91190521737562,-1.079783983269396,1.515738083377021e-13
205.34672413859704,31.092462515470654,19.271818842090173,-4.912689536713549,-1.0793336415187345,2.1893994537668078e-13
205.35728319362764,31.08818498676391,19.266680397042556,-4.91347395982262,-1.0788833023062903,1.1789073981821273e-13
205.36784143196982,31.08390684198412,19.261544620322262,-4.9142584867228045,-1.0784329656341327,8.420767129872338e-15
205.37839885374163,31.079628081320376,19.256411511929276,-4.915043117434072,-1.077982631504338,1.2631150694808508e-13
205.38895545906126,31.07534870496181,19.251281071863602,-4.915827851976394,-1.0775322999189885,1.4315304120782974e-13
205.39951124804688,31.07106871309751,19.246153300125247,-4.916612690369734,-1.0770819708801747,8.420767129872338e-14
205.41006622081682,31.066788105916547,19.2410281967142,-4.917397632634055,-1.076631644389996,4.210383564936169e-14
205.42062037748937,31.062506883607988,19.235905761630477,-4.918182678789319,-1.076181320450559,1.6841534259744677e-13
205.4311737181831,31.058225046360892,19.23078599487405,-4.918967828855489,-1.075730999063976,1.0104920555846805e-13
205.44172624301643,31.053942594364276,19.225668896444947,-4.919753082852522,-1.0752806802323693,1.0104920555846805e-13
205.45227795210803,31.049659527807187,19.220554466343156,-4.920538440800371,-1.074830363957867,8.420767129872338e-14
205.46282884557658,31.045375846878606,19.215442704568677,-4.921323902718994,-1.0743800502426057,1.2631150694808508e-13
205.4733789235408,31.041091551767554,19.21033361112152,-4.922109468628337,-1.0739297390887295,1.8525687685719145e-13
205.48392818611953,31.03680664266298,19.205227186001665,-4.9228951385483555,-1.0734794304983897,1.5999457546757442e-13
205.49447663343173,31.032521119753888,19.200123429209132,-4.923680912498995,-1.0730291244737455,9.262843842859572e-14
205.50502426559632,31.028234983229186,19.195022340743908,-4.924466790500199,-1.0725788210169642,1.1789073981821273e-13
205.51557108273244,31.023948233277846,19.189923920605995,-4.925252772571917,-1.0721285201302195,1.0104920555846805e-13
205.5261170849592,31.019660870088767,19.184828168795406,-4.926038858734084,-1.0716782218156937,1.5999457546757442e-13
205.53666227239583,31.015372893850866,19.17973508531212,-4.926825049006641,-1.071227926075577,2.1051917824680845e-13
205.54720664516162,31.01108430475305,19.174644670156155,-4.927611343409529,-1.070777632912066,2.020984111169361e-13
205.55775020337597,31.00679510298419,19.169556923327498,-4.928397741962681,-1.0703273423273645,1.6841534259744677e-13
205.56829294715834,31.002505288733133,19.164471844826156,-4.929184244686029,-1.0698770543236868,1.768361097273191e-13
205.5788348766283,30.998214862188735,19.159389434652134,-4.929970851599508,-1.0694267689032482,1.0946997268834039e-13
205.58937599190534,30.99392382353985,19.154309692805416,-4.930757562723043,-1.0689764860682842,9.262843842859572e-14
205.5999162931092,30.989632172975313,19.149232619286018,-4.931544378076562,-1.0685262058210263,4.210383564936169e-14
205.61045578035964,30.9853399106839,19.144158214093927,-4.932331297679994,-1.0680759281637187,1.8525687685719145e-13
205.62099445377655,30.981047036854427,19.139086477229156,-4.933118321553258,-1.0676256530986097,1.0946997268834039e-13
205.63153231347977,30.976753551675674,19.134017408691697,-4.933905449716276,-1.067175380627958,1.1789073981821273e-13
205.64206935958936,30.97245945533638,19.12895100848155,-4.934692682188968,-1.0667251107540312,1.6841534259744677e-13
205.65260559222534,30.968164748025323,19.123887276598712,-4.935480018991251,-1.0662748434791025,2.020984111169361e-13
205.6631410115079,30.963869429931233,19.118826213043203,-4.936267460143036,-1.0658245788054508,1.1789073981821273e-13
205.67367561755722,30.95957350124283,19.113767817814992,-4.937055005664243,-1.065374316735367,5.0524602779234026e-14
205.68420941049362,30.95527696214881,19.1087120909141,-4.937842655574778,-1.064924057271147,6.73661370389787e-14
205.69474239043743,30.950979812837904,19.10365903234052,-4.938630409894551,-1.064473800415096,2.1051917824680845e-13
205.7052745575092,30.946682053498748,19.098608642094256,-4.939418268643468,-1.0640235461695253,1.6841534259744677e-13
205.7158059118294,30.942383684320028,19.093560920175303,-4.940206231841435,-1.0635732945367538,1.1789073981821273e-13
205.7263364535186,30.938084705490397,19.088515866583666,-4.940994299508353,-1.0631230455191087,1.9367764398706378e-13
205.73686618269753,30.933785117198475,19.08347348131934,-4.941782471664124,-1.062672799118926,2.3578147963642546e-13
205.74739509948694,30.929484919632902,19.078433764382332,-4.942570748328645,-1.062222555338546,1.347322740779574e-13
205.75792320400765,30.925184112982265,19.07339671577264,-4.943359129521815,-1.0617723141803217,1.2631150694808508e-13
205.76845049638058,30.920882697435186,19.068362335490256,-4.944147615263526,-1.061322075646609,1.768361097273191e-13
205.7789769767267,30.91658067318021,19.063330623535183,-4.944936205573674,-1.0608718397397745,2.5262301389617013e-14
205.78950264516706,30.912278040405923,19.058301579907425,-4.945724900472144,-1.0604216064621923,2.610437810260425e-13
205.80002750182283,30.907974799300874,19.053275204606983,-4.946513699978828,-1.059971375816242,1.515738083377021e-13
205.81055154681522,30.903670950053584,19.048251497633853,-4.947302604113613,-1.0595211478043103,5.0524602779234026e-14
205.8210747802655,30.899366492852568,19.043230458988038,-4.94809161289638,-1.0590709224287982,2.5262301389617013e-14
205.831597202295,30.895061427886354,19.038212088669535,-4.948880726347013,-1.0586206996921077,2.020984111169361e-13
205.84211881302525,30.890755755343438,19.03319638667835,-4.949669944485393,-1.0581704795966491,2.5262301389617013e-14
205.85263961257772,30.88644947541224,19.02818335301447,-4.950459267331399,-1.0577202621448412,1.1789073981821273e-13
205.86315960107396,30.882142588281287,19.02317298767791,-4.951248694904901,-1.0572700473391161,1.347322740779574e-13
205.87367877863565,30.877835094139012,19.018165290668666,-4.952038227225781,-1.0568198351819063,1.5999457546757442e-13
205.88419714538455,30.873526993173826,19.01316026198673,-4.952827864313907,-1.0563696256756545,1.515738083377021e-13
205.8947147014425,30.86921828557418,19.008157901632107,-4.953617606189149,-1.0559194188228092,6.73661370389787e-14
205.9052314469313,30.864908971528447,19.0031582096048,-4.954407452871374,-1.0554692146258318,1.9367764398706378e-13
205.91574738197303,30.860599051225037,18.99816118590481,-4.95519740438045,-1.0550190130871855,9.262843842859572e-14
205.92626250668965,30.856288524852314,18.99316683053213,-4.95598746073624,-1.0545688142093466,2.1893994537668078e-13
205.93677682120335,30.85197739259863,18.98817514348676,-4.956777621958607,-1.054118617994792,7.578690416885104e-14
205.94729032563623,30.84766565465235,18.98318612476871,-4.957567888067406,-1.0536684244460162,2.2736071250655313e-13
205.95780302011065,30.843353311201795,18.97819977437797,-4.958358259082503,-1.0532182335655125,2.1051917824680845e-13
205.9683149047489,30.839040362435274,18.97321609231454,-4.959148735023747,-1.052768045355787,2.1051917824680845e-13
205.97882597967342,30.834726808541102,18.96823507857843,-4.959939315910993,-1.0523178598193508,1.0104920555846805e-13
205.98933624500665,30.83041264970755,18.96325673316963,-4.960730001764094,-1.0518676769587256,1.768361097273191e-13
205.99984570087125,30.82609788612292,18.958281056088147,-4.961520792602899,-1.0514174967764371,0.0
206.01035434738975,30.821782517975436,18.95330804733397,-4.9623116884472545,-1.0509673192750233,5.894536990910637e-14
206.02086218468494,30.817466545453357,18.948337706907118,-4.963102689317006,-1.0505171444570267,1.1789073981821273e-13
206.03136921287958,30.813149968744916,18.94337003480757,-4.963893795231998,-1.0500669723249987,1.4315304120782974e-13
206.0418754320966,30.808832788038316,18.93840503103534,-4.964685006212072,-1.0496168028814976,7.578690416885104e-14
206.05238084245883,30.804515003521754,18.933442695590426,-4.965476322277066,-1.0491666361290912,9.262843842859572e-14
206.06288544408937,30.800196615383424,18.92848302847282,-4.966267743446819,-1.0487164720703528,1.0946997268834039e-13
206.07338923711126,30.795877623811496,18.923526029682534,-4.967059269741166,-1.0482663107078654,1.347322740779574e-13
206.0838922216477,30.791558028994118,18.91857169921955,-4.967850901179938,-1.047816152044219,1.5999457546757442e-13
206.0943943978219,30.78723783111943,18.91362003708389,-4.96864263778297,-1.047365996082012,1.4315304120782974e-13
206.1048957657572,30.782917030375557,18.90867104327554,-4.969434479570087,-1.0469158428238488,1.5999457546757442e-13
206.11539632557694,30.77859562695062,18.903724717794507,-4.970226426561117,-1.0464656922723437,1.5999457546757442e-13
206.1258960774047,30.774273621032673,18.898781060640786,-4.97101847877589,-1.0460155444301158,9.262843842859572e-14
206.1363950213638,30.76995101280986,18.893840071814378,-4.971810636234226,-1.045565399299798,1.0104920555846805e-13
206.146893157578,30.765627802470224,18.888901751315274,-4.972602898955944,-1.0451152568840265,9.262843842859572e-14
206.15739048617098,30.761303990201796,18.883966099143496,-4.973395266960862,-1.0446651171854446,1.1789073981821273e-13
206.16788700726642,30.75697957619265,18.879033115299027,-4.9741877402688015,-1.0442149802067062,1.9367764398706378e-13
206.17838272098822,30.752654560630756,18.874102799781873,-4.974980318899576,-1.0437648459504687,-1.6841534259744676e-14
206.18887762746024,30.748328943704173,18.869175152592035,-4.9757730028729945,-1.0433147144194042,7.578690416885104e-14
206.1993717268065,30.74400272560086,18.864250173729502,-4.9765657922088735,-1.0428645856161858,8.420767129872338e-15
206.20986501915098,30.739675906508804,18.859327863194295,-4.977358686927015,-1.0424144595434999,1.6841534259744677e-13
206.22035750461788,30.735348486615965,18.854408220986397,-4.978151687047234,-1.0419643362040352,9.262843842859572e-14
206.23084918333137,30.731020466110298,18.849491247105803,-4.978944792589331,-1.0415142156004935,1.0946997268834039e-13
206.2413400554157,30.72669184517973,18.844576941552532,-4.979738003573108,-1.0410640977355812,1.0946997268834039e-13
206.25183012099524,30.722362624012174,18.839665304326573,-4.980531320018366,-1.0406139826120127,4.210383564936169e-14
206.2623193801944,30.718032802795545,18.834756335427926,-4.9813247419449045,-1.0401638702325122,1.4315304120782974e-13
206.27280783313768,30.71370238171773,18.829850034856594,-4.982118269372519,-1.0397137605998115,1.5999457546757442e-13
206.28329547994963,30.70937136096659,18.824946402612575,-4.982911902321007,-1.039263653716647,9.262843842859572e-14
206.2937823207549,30.70503974072999,18.820045438695868,-4.983705640810157,-1.0388135495857669,9.262843842859572e-14
206.3042683556782,30.700707521195774,18.815147143106476,-4.984499484859763,-1.0383634482099247,1.2631150694808508e-13
206.3147535848443,30.69637470255177,18.8102515158444,-4.985293434489609,-1.0379133495918826,6.73661370389787e-14
206.32523800837808,30.6920412849858,18.805358556909635,-4.986087489719486,-1.0374632537344133,1.347322740779574e-13
206.33572162640445,30.687707268685642,18.800468266302182,-4.986881650569176,-1.0370131606402921,1.0946997268834039e-13
206.34620443904845,30.683372653839108,18.79558064402205,-4.9876759170584615,-1.0365630703123057,8.420767129872338e-14
206.35668644643508,30.67903744063394,18.79069569006922,-4.9884702892071235,-1.0361129827532487,1.6841534259744677e-13
206.3671676486896,30.6747016292579,18.78581340444371,-4.989264767034942,-1.0356628979659206,1.0946997268834039e-13
206.3776480459371,30.670365219898734,18.780933787145514,-4.990059350561689,-1.035212815953134,1.515738083377021e-13
206.38812763830308,30.66602821274415,18.776056838174632,-4.990854039807142,-1.0347627367177008,9.262843842859572e-14
206.39860642591265,30.661690607981875,18.77118255753106,-4.9916488347910715,-1.0343126602624553,1.2631150694808508e-13
