galstreams/tracks/track.st.LMS-1.yuan2020.ecsv
# %ECSV 1.0
# ---
# datatype:
# - {name: ra, unit: deg, datatype: float64}
# - {name: dec, unit: deg, datatype: float64}
# - {name: distance, unit: kpc, datatype: float64}
# - {name: pm_ra_cosdec, unit: mas / yr, datatype: float64}
# - {name: pm_dec, unit: mas / yr, datatype: float64}
# - {name: radial_velocity, unit: km / s, datatype: float64}
# delimiter: ','
# meta: !!omap
# - __serialized_columns__:
#     dec:
#       __class__: astropy.coordinates.angles.Latitude
#       unit: &id001 !astropy.units.Unit {unit: deg}
#       value: !astropy.table.SerializedColumn {name: dec}
#     distance:
#       __class__: astropy.coordinates.distances.Distance
#       unit: !astropy.units.Unit {unit: kpc}
#       value: !astropy.table.SerializedColumn {name: distance}
#     pm_dec:
#       __class__: astropy.units.quantity.Quantity
#       unit: !astropy.units.Unit {unit: mas / yr}
#       value: !astropy.table.SerializedColumn {name: pm_dec}
#     pm_ra_cosdec:
#       __class__: astropy.units.quantity.Quantity
#       unit: !astropy.units.Unit {unit: mas / yr}
#       value: !astropy.table.SerializedColumn {name: pm_ra_cosdec}
#     ra:
#       __class__: astropy.coordinates.angles.Longitude
#       unit: *id001
#       value: !astropy.table.SerializedColumn {name: ra}
#       wrap_angle: !astropy.coordinates.Angle
#         unit: *id001
#         value: 360.0
#     radial_velocity:
#       __class__: astropy.units.quantity.Quantity
#       unit: !astropy.units.Unit {unit: km / s}
#       value: !astropy.table.SerializedColumn {name: radial_velocity}
# schema: astropy-2.0
ra,dec,distance,pm_ra_cosdec,pm_dec,radial_velocity
[from data line 11721]
267.1716683940593,24.00081082835861,18.184068311652076,0.9310582256107408,-2.1632440943418105,-172.39074029918436
267.18237727775704,23.99681762990927,18.184261624265094,0.9311933970794567,-2.163658464114834,-172.41436421588108
267.1930852946752,23.992822917489484,18.18445507226838,0.9313284711332148,-2.1640729419450984,-172.43797962011774
267.2037924445796,23.988826691523325,18.184648655629974,0.9314634477549166,-2.16448752779177,-172.4615865085871
267.21449872723616,23.98482895243503,18.184842374317853,0.9315983269274936,-2.1649022216139855,-172.48518487798032
267.2252041424112,23.980829700648986,18.185036228299907,0.9317331086339146,-2.165317023370859,-172.50877472498743
267.23590868987117,23.976828936589772,18.185230217543936,0.9318677928571789,-2.165731933021481,-172.5323560462967
267.24661236938306,23.972826660682106,18.185424342017672,0.9320023795803222,-2.1661469505249187,-172.55592883859518
267.2573151807139,23.96882287335086,18.185618601688766,0.932136868786411,-2.166562075840216,-172.57949309856824
267.2680171236311,23.96481757502108,18.185812996524785,0.9322712604585497,-2.1669773089263935,-172.60304882289986
267.2787181979025,23.96081076611798,18.18600752649321,0.9324055545798735,-2.1673926497424443,-172.62659600827283
267.2894184032959,23.956802447066902,18.186202191561456,0.9325397511335505,-2.1678080982473453,-172.65013465136806
267.3001177395795,23.952792618293387,18.186396991696846,0.9326738501027847,-2.168223654400041,-172.67366474886543
267.310816206522,23.94878128022313,18.186591926866623,0.9328078514708144,-2.168639318159459,-172.69718629744293
267.32151380389206,23.944768433281958,18.186786997037952,0.9329417552209085,-2.1690550894845018,-172.72069929377736
267.33221053145894,23.94075407789589,18.18698220217792,0.9330755613363735,-2.169470968334046,-172.7442037345441
267.3429063889919,23.936738214491086,18.18717754225353,0.9332092698005474,-2.1698869546669473,-172.76769961641688
267.35360137626054,23.932720843493875,18.187373017231703,0.9333428805968026,-2.170303048442037,-172.7911869360683
267.364295493035,23.92870196533075,18.187568627079283,0.933476393708547,-2.1707192496181227,-172.81466569016888
267.37498873908527,23.924681580428356,18.187764371763038,0.9336098091192173,-2.1711355581539866,-172.83813587538845
267.38568111418203,23.9206596892135,18.18796025124964,0.933743126812292,-2.171551974008392,-172.86159748839475
267.39637261809594,23.916636292113147,18.188156265505686,0.9338763467712768,-2.1719684971400754,-172.88505052585444
267.4070632505982,23.912611389554442,18.18835241449771,0.9340094689797145,-2.1723851275077504,-172.9084949844326
267.41775301146,23.908584981964644,18.188548698192143,0.9341424934211798,-2.172801865070106,-172.9319308607928
267.4284419004531,23.90455706977123,18.188745116555342,0.9342754200792852,-2.1732187097858118,-172.9553581515972
267.43912991734925,23.90052765340179,18.188941669553586,0.9344082489376727,-2.173635661613508,-172.97877685350662
267.4498170619208,23.896496733284106,18.189138357153077,0.9345409799800195,-2.174052720511815,-173.00218696318012
267.46050333394015,23.892464309846083,18.189335179319922,0.9346736131900394,-2.1744698864393324,-173.02558847727545
267.47118873318004,23.88843038351582,18.189532136020155,0.9348061485514767,-2.17488715935463,-173.0489813924491
267.48187325941353,23.884394954721575,18.189729227219736,0.9349385860481125,-2.1753045392162593,-173.07236570535576
267.49255691241393,23.88035802389173,18.189926452884535,0.9350709256637604,-2.1757220259827457,-173.0957414126489
267.5032396919549,23.87631959145487,18.19012381298035,0.9352031673822686,-2.1761396196125933,-173.11910851098025
267.51392159781017,23.87227965783971,18.19032130747288,0.9353353111875191,-2.176557320064281,-173.14246699700055
267.524602629754,23.868238223475128,18.190518936327766,0.9354673570634278,-2.1769751272962656,-173.1658168673586
267.53528278756085,23.864195288790164,18.190716699510553,0.9355993049939448,-2.1773930412669795,-173.1891581187019
267.5459620710053,23.86015085421403,18.190914596986705,0.9357311549630544,-2.1778110619348343,-173.2124907476766
267.55664047986255,23.856104920176083,18.19111262872162,0.9358629069547758,-2.1782291892582135,-173.2358147509273
267.5673180139078,23.852057487105846,18.191310794680586,0.9359945609531614,-2.1786474231954824,-173.2591301250969
267.57799467291665,23.848008555432994,18.19150909482884,0.936126116942298,-2.179065763704981,-173.28243686682728
267.58867045666483,23.843958125587342,18.191707529131534,0.9362575749063055,-2.1794842107450236,-173.30573497275853
267.59934536492864,23.8399061979989,18.19190609755371,0.936388934829341,-2.1799027642739084,-173.32902443952938
267.61001939748434,23.835852773097848,18.192104800060356,0.9365201966955925,-2.1803214242498994,-173.3523052637772
267.6206925541087,23.831797851314462,18.19230363661638,0.9366513604892817,-2.1807401906312482,-173.37557744213754
267.63136483457873,23.82774143307923,18.19250260718659,0.9367824261946697,-2.1811590633761764,-173.3988409712448
267.64203623867155,23.823683518822765,18.19270171173573,0.9369133937960465,-2.1815780424428843,-173.42209584773192
267.65270676616484,23.819624108975876,18.192900950228456,0.9370442632777379,-2.18199712778955,-173.4453420682302
267.66337641683646,23.81556320396948,18.193100322629338,0.9371750346241066,-2.1824163193743304,-173.4685796293695
267.67404519046426,23.81150080423471,18.19329982890287,0.937305707819543,-2.1828356171553516,-173.49180852777832
267.6847130868269,23.80743691020281,18.193499469013467,0.9374362828484812,-2.183255021090724,-173.51502876008345
267.69538010570284,23.8033715223052,18.193699242925458,0.9375667596953805,-2.1836745311385326,-173.53824032291053
267.70604624687115,23.799304640973464,18.193899150603094,0.9376971383447401,-2.1840941472568383,-173.56144321288355
267.71671151011105,23.795236266639332,18.19409919201054,0.937827418781092,-2.1845138694036796,-173.58463742662508
267.727375895202,23.791166399734692,18.19429936711188,0.9379576009890014,-2.1849336975370726,-173.60782296075615
267.7380394019238,23.787095040691607,18.19449967587112,0.93808768495307,-2.1853536316150093,-173.63099981189632
267.7487020300565,23.783022189942265,18.194700118252186,0.9382176706579319,-2.185773671595459,-173.6541679766637
267.7593637793805,23.778947847919056,18.194900694218923,0.9383475580882564,-2.186193817436367,-173.67732745167487
267.77002464967643,23.774872015054488,18.19510140373508,0.9384773472287476,-2.186614069095659,-173.70047823354525
267.78068464072516,23.77079469178124,18.195302246764342,0.9386070380641436,-2.1870344265312323,-173.72362031888835
267.79134375230797,23.766715878532146,18.195503223270304,0.938736630579216,-2.187454889700966,-173.74675370431638
267.8020019842063,23.762635575740212,18.195704333216483,0.9388661247587732,-2.187875458562713,-173.76987838644013
267.8126593362018,23.75855378383859,18.195905576566307,0.9389955205876543,-2.188296133074304,-173.7929943618688
267.8233158080767,23.75447050326058,18.196106953283138,0.9391248180507368,-2.1887169131935496,-173.81610162721026
267.8339713996132,23.750385734439657,18.196308463330237,0.9392540171329307,-2.1891377988782317,-173.83920017907084
267.84462611059394,23.746299477809437,18.196510106670793,0.9393831178191812,-2.1895587900861146,-173.8622900140553
267.85527994080184,23.74221173380369,18.196711883267916,0.9395121200944669,-2.1899798867749385,-173.885371128767
267.86593289001996,23.738122502856367,18.19691379308463,0.9396410239438003,-2.190401088902417,-173.90844351980786
267.87658495803186,23.734031785401566,18.197115836083874,0.9397698293522316,-2.1908223964262437,-173.93150718377817
267.8872361446213,23.72993958187352,18.19731801222851,0.9398985363048434,-2.191243809304091,-173.95456211727694
267.8978864495721,23.725845892706644,18.197520321481328,0.9400271447867512,-2.1916653274936064,-173.9776083169017
267.9085358726688,23.72175071833549,18.197722763805004,0.9401556547831096,-2.1920869509524135,-174.00064577924812
267.91918441369586,23.717654059194793,18.197925339162175,0.9402840662791033,-2.192508679638115,-174.0236745009109
267.92983207243805,23.71355591571942,18.198128047515354,0.9404123792599534,-2.192930513508289,-174.04669447848303
267.94047884868064,23.70945628834441,18.19833088882701,0.9405405937109159,-2.193352452520492,-174.06970570855592
267.951124742209,23.70535517750494,18.1985338630595,0.9406687096172806,-2.1937744966322565,-174.0927081877198
267.9617697528089,23.701252583636364,18.198736970175116,0.940796726964374,-2.194196645801095,-174.11570191256286
267.9724138802661,23.697148507174173,18.19894021013607,0.9409246457375522,-2.1946188999844924,-174.1386868796726
267.9830571243672,23.693042948554016,18.199143582904476,0.9410524659222136,-2.195041259139916,-174.16166308563422
267.99369948489846,23.688935908211725,18.199347088442376,0.9411801875037845,-2.195463723224807,-174.1846305270321
268.00434096164685,23.68482738658326,18.19955072671173,0.9413078104677284,-2.1958862921965836,-174.20758920044867
268.0149815543994,23.68071738410474,18.19975449767441,0.9414353347995446,-2.1963089660126442,-174.23053910246512
268.0256212629436,23.676605901212433,18.19995840129222,0.9415627604847651,-2.1967317446303616,-174.25348022966108
268.0362600870671,23.672492938342792,18.200162437526878,0.9416900875089579,-2.1971546280070857,-174.27641257861478
268.04689802655776,23.668378495932398,18.200366606339998,0.9418173158577251,-2.1975776161001463,-174.29933614590286
268.0575350812039,23.664262574418004,18.200570907693127,0.9419444455167044,-2.1980007088668505,-174.3222509281004
268.068171250794,23.660145174236504,18.200775341547747,0.942071476471567,-2.198423906264477,-174.34515692178124
268.0788065351169,23.656026295824955,18.200979907865232,0.9421984087080206,-2.1988472082502897,-174.3680541235175
268.0894409339616,23.65190593962057,18.201184606606873,0.942325242211805,-2.1992706147815255,-174.39094252987996
268.1000744471176,23.64778410606071,18.20138943773391,0.9424519769686985,-2.1996941258153977,-174.41382213743776
268.11070707437443,23.643660795582896,18.20159440120747,0.9425786129645104,-2.2001177413090995,-174.43669294275887
268.121338815522,23.639536008624813,18.201799496988603,0.9427051501850858,-2.2005414612197995,-174.45955494240943
268.1319696703506,23.635409745624287,18.202004725038286,0.9428315886163087,-2.200965285504646,-174.48240813295396
268.1425996386506,23.6312820070193,18.202210085317397,0.9429579282440915,-2.2013892141207627,-174.50525251095607
268.1532287202129,23.627152793248005,18.202415577786756,0.9430841690543855,-2.201813247025252,-174.52808807297745
268.1638569148285,23.623022104748678,18.202621202407084,0.9432103110331777,-2.202237384175192,-174.55091481557835
268.1744842222887,23.618889941959786,18.20282695913902,0.9433363541664845,-2.2026616255276394,-174.57373273531778
268.1851106423851,23.61475630531993,18.20303284794312,0.943462298440365,-2.20308597103963,-174.59654182875286
268.19573617490965,23.610621195267857,18.203238868779874,0.9435881438409063,-2.2035104206681715,-174.6193420924393
268.20636081965444,23.606484612242504,18.203445021609657,0.9437138903542353,-2.2039349743702568,-174.6421335229317
268.2169845764121,23.602346556682914,18.20365130639279,0.9438395379665111,-2.2043596321028494,-174.66491611678276
268.2276074449752,23.598207029028316,18.203857723089506,0.9439650866639288,-2.2047843938228957,-174.68768987054378
268.2382294251368,23.594066029718107,18.204064271659938,0.9440905364327175,-2.2052092594873147,-174.71045478076482
268.24885051669025,23.589923559191785,18.204270952064167,0.9442158872591423,-2.2056342290530058,-174.73321084399402
268.2594707194291,23.58577961788906,18.204477764262162,0.9443411391295033,-2.206059302476846,-174.75595805677838
268.2700900331472,23.581634206249745,18.204684708213826,0.9444662920301344,-2.2064844797156877,-174.7786964156632
268.2807084576387,23.57748732471386,18.20489178387896,0.9445913459474071,-2.206909760726365,-174.8014259171923
268.29132599269803,23.573338973721537,18.20509899121732,0.9447163008677237,-2.2073351454656844,-174.82414655790828
268.3019426381199,23.569189153713065,18.205306330188535,0.9448411567775268,-2.2077606338904348,-174.84685833435182
268.3125583936993,23.56503786512891,18.205513800752186,0.9449659136632901,-2.2081862259573772,-174.86956124306232
268.3231732592315,23.560885108409682,18.205721402867745,0.9450905715115226,-2.2086119216232563,-174.89225528057773
268.3337872345121,23.556730883996135,18.20592913649462,0.9452151303087726,-2.209037720844789,-174.9149404434344
268.34440031933684,23.55257519232918,18.20613700159213,0.9453395900416156,-2.209463623578675,-174.93761672816726
268.3550125135019,23.548418033849885,18.206344998119505,0.9454639506966711,-2.209889629781586,-174.96028413130978
268.36562381680363,23.54425940899948,18.2065531260359,0.9455882122605879,-2.2103157394101767,-174.98294264939372
268.37623422903874,23.540099318219323,18.206761385300382,0.945712374720051,-2.210741952421075,-175.00559227894962
268.3868437500042,23.535937761950958,18.20696977587194,0.945836438061782,-2.2111682687708885,-175.02823301650622
268.39745237949717,23.531774740636052,18.207178297709476,0.9459604022725367,-2.2115946884162048,-175.05086485859098
268.4080601173153,23.527610254716436,18.20738695077181,0.946084267339107,-2.2120212113135835,-175.07348780172978
268.4186669632563,23.523444304634094,18.207595735017676,0.9462080332483187,-2.2124478374195693,-175.09610184244707
268.4292729171183,23.519276890831183,18.207804650405738,0.9463316999870314,-2.212874566690676,-175.1187069772658
268.4398779786996,23.515108013749973,18.208013696894554,0.9464552675421435,-2.2133013990834005,-175.14130320270712
268.45048214779894,23.510937673832924,18.208222874442615,0.9465787359005873,-2.2137283345542205,-175.1638905152913
268.4610854242151,23.506765871522617,18.208432183008327,0.9467021050493293,-2.214155373059582,-175.1864689115364
268.47168780774746,23.50259260726181,18.20864162255002,0.9468253749753719,-2.214582514555918,-175.20903838795942
268.48228929819544,23.498417881493395,18.20885119302591,0.9469485456657536,-2.2150097589996354,-175.23159894107582
268.4928898953588,23.49424169466045,18.209060894394167,0.9470716171075475,-2.2154371063471183,-175.2541505673994
268.5034895990376,23.490064047206147,18.209270726612868,0.9471945892878606,-2.215864556554728,-175.2766932634425
268.5140884090321,23.485884939573868,18.209480689639985,0.9473174621938378,-2.2162921095788075,-175.29922702571614
268.5246863251431,23.481704372207115,18.209690783433434,0.9474402358126568,-2.2167197653756734,-175.3217518507295
268.53528334717134,23.47752234554956,18.20990100795104,0.9475629101315337,-2.2171475239016205,-175.34426773499064
268.54587947491797,23.473338860044993,18.21011136315052,0.947685485137716,-2.2175753851129265,-175.36677467500576
268.55647470818457,23.469153916137405,18.210321848989555,0.9478079608184903,-2.21800334896584,-175.38927266727976
268.5670690467728,23.46496751427091,18.210532465425693,0.9479303371611757,-2.218431415416591,-175.4117617083159
268.5776624904847,23.460779654889766,18.210743212416443,0.9480526141531294,-2.2188595844213888,-175.43424179461627
268.58825503912266,23.456590338438414,18.21095408991919,0.9481747917817418,-2.2192878559364173,-175.45671292268088
268.59884669248913,23.452399565361404,18.211165097891264,0.9482968700344402,-2.2197162299178412,-175.47917508900872
268.609437450387,23.448207336103472,18.211376236289908,0.948418848898685,-2.2201447063218005,-175.50162829009716
268.62002731261947,23.444013651109508,18.21158750507226,0.9485407283619752,-2.220573285104414,-175.52407252244188
268.6306162789899,23.439818510824516,18.2117989041954,0.948662508411843,-2.221001966221781,-175.5465077825371
268.6412043493021,23.435621915693687,18.212010433616317,0.9487841890358572,-2.221430749629974,-175.56893406687584
268.6517915233599,23.431423866162362,18.212222093291913,0.9489057702216201,-2.221859635285048,-175.59135137194932
