galstreams/tracks/track.po.PS1-B.bernard2016.ecsv
# %ECSV 0.9
# ---
# datatype:
# - {name: ra, unit: deg, datatype: float64}
# - {name: dec, unit: deg, datatype: float64}
# - {name: distance, unit: kpc, datatype: float64}
# - {name: pm_ra_cosdec, unit: mas / yr, datatype: float64}
# - {name: pm_dec, unit: mas / yr, datatype: float64}
# - {name: radial_velocity, unit: km / s, datatype: float64}
# delimiter: ','
# meta: !!omap
# - __serialized_columns__:
#     dec:
#       __class__: astropy.coordinates.angles.Latitude
#       unit: &id001 !astropy.units.Unit {unit: deg}
#       value: !astropy.table.SerializedColumn {name: dec}
#     distance:
#       __class__: astropy.coordinates.distances.Distance
#       unit: !astropy.units.Unit {unit: kpc}
#       value: !astropy.table.SerializedColumn {name: distance}
#     pm_dec:
#       __class__: astropy.units.quantity.Quantity
#       unit: !astropy.units.Unit {unit: mas / yr}
#       value: !astropy.table.SerializedColumn {name: pm_dec}
#     pm_ra_cosdec:
#       __class__: astropy.units.quantity.Quantity
#       unit: !astropy.units.Unit {unit: mas / yr}
#       value: !astropy.table.SerializedColumn {name: pm_ra_cosdec}
#     ra:
#       __class__: astropy.coordinates.angles.Longitude
#       unit: *id001
#       value: !astropy.table.SerializedColumn {name: ra}
#       wrap_angle: !astropy.coordinates.Angle
#         unit: *id001
#         value: 360.0
#     radial_velocity:
#       __class__: astropy.units.quantity.Quantity
#       unit: !astropy.units.Unit {unit: km / s}
#       value: !astropy.table.SerializedColumn {name: radial_velocity}
# schema: astropy-2.0
ra,dec,distance,pm_ra_cosdec,pm_dec,radial_velocity
[from data line 464]
148.20210537852213,-11.402021683541417,14.49999999999999,0.0,0.0,0.0
148.20771266180114,-11.393655763615419,14.49999999999999,0.0,0.0,0.0
148.21331961510444,-11.38528973742518,14.499999999999993,0.0,0.0,0.0
148.21892623869599,-11.376923605057033,14.499999999999991,0.0,0.0,0.0
148.2245325328398,-11.36855736659741,14.49999999999999,0.0,0.0,0.0
148.23013849779966,-11.3601910221326,14.499999999999988,0.0,0.0,0.0
148.23574413383957,-11.351824571748862,14.49999999999999,0.0,0.0,0.0
148.2413494412233,-11.343458015532587,14.49999999999999,0.0,0.0,0.0
148.24695442021462,-11.33509135356996,14.49999999999999,0.0,0.0,0.0
148.2525590710772,-11.326724585947328,14.499999999999993,0.0,0.0,0.0
148.25816339407478,-11.31835771275089,14.49999999999999,0.0,0.0,0.0
148.26376738947104,-11.309990734066812,14.49999999999999,0.0,0.0,0.0
148.26937105752947,-11.3016236499814,14.49999999999999,0.0,0.0,0.0
148.27497439851365,-11.293256460580789,14.499999999999988,0.0,0.0,0.0
148.2805774126871,-11.284889165951101,14.499999999999991,0.0,0.0,0.0
148.28618010031323,-11.276521766178577,14.499999999999988,0.0,0.0,0.0
148.2917824616555,-11.26815426134931,14.49999999999999,0.0,0.0,0.0
148.29738449697726,-11.259786651549355,14.49999999999999,0.0,0.0,0.0
148.30298620654176,-11.251418936864914,14.49999999999999,0.0,0.0,0.0
148.30858759061235,-11.243051117381961,14.49999999999999,0.0,0.0,0.0
148.31418864945223,-11.23468319318666,14.49999999999999,0.0,0.0,0.0
148.31978938332455,-11.226315164365001,14.499999999999991,0.0,0.0,0.0
148.32538979249244,-11.217947031002964,14.49999999999999,0.0,0.0,0.0
148.33098987721905,-11.20957879318665,14.49999999999999,0.0,0.0,0.0
148.33658963776736,-11.201210451001996,14.49999999999999,0.0,0.0,0.0
148.34218907440038,-11.192842004534933,14.499999999999988,0.0,0.0,0.0
148.3477881873811,-11.184473453871508,14.499999999999988,0.0,0.0,0.0
148.3533869769724,-11.176104799097558,14.499999999999988,0.0,0.0,0.0
148.35898544343712,-11.167736040299099,14.49999999999999,0.0,0.0,0.0
148.36458358703808,-11.159367177561986,14.49999999999999,0.0,0.0,0.0
148.37018140803812,-11.150998210972052,14.49999999999999,0.0,0.0,0.0
148.3757789066999,-11.14262914061525,14.499999999999988,0.0,0.0,0.0
148.3813760832861,-11.134259966577376,14.499999999999988,0.0,0.0,0.0
148.38697293805942,-11.125890688944265,14.49999999999999,0.0,0.0,0.0
148.39256947128237,-11.11752130780174,14.499999999999988,0.0,0.0,0.0
148.3981656832175,-11.109151823235587,14.49999999999999,0.0,0.0,0.0
148.4037615741274,-11.100782235331584,14.499999999999988,0.0,0.0,0.0
148.40935714427448,-11.092412544175492,14.49999999999999,0.0,0.0,0.0
148.41495239392114,-11.084042749853053,14.49999999999999,0.0,0.0,0.0
148.4205473233297,-11.075672852449987,14.49999999999999,0.0,0.0,0.0
148.42614193276262,-11.067302852052006,14.499999999999993,0.0,0.0,0.0
148.43173622248202,-11.058932748744793,14.499999999999993,0.0,0.0,0.0
148.43733019275024,-11.050562542614026,14.49999999999999,0.0,0.0,0.0
148.44292384382945,-11.042192233745354,14.49999999999999,0.0,0.0,0.0
148.44851717598175,-11.033821822224416,14.49999999999999,0.0,0.0,0.0
148.45411018946928,-11.025451308136827,14.49999999999999,0.0,0.0,0.0
148.45970288455408,-11.017080691568195,14.49999999999999,0.0,0.0,0.0
148.4652952614982,-11.008709972604098,14.499999999999991,0.0,0.0,0.0
148.47088732056355,-11.000339151330103,14.49999999999999,0.0,0.0,0.0
148.4764790620121,-10.991968227831759,14.499999999999993,0.0,0.0,0.0
148.4820704861057,-10.983597202194604,14.499999999999993,0.0,0.0,0.0
148.48766159310617,-10.975226074504148,14.499999999999993,0.0,0.0,0.0
148.49325238327532,-10.966854844845884,14.499999999999993,0.0,0.0,0.0
148.49884285687492,-10.9584835133053,14.499999999999991,0.0,0.0,0.0
148.5044330141666,-10.950112079967848,14.499999999999993,0.0,0.0,0.0
148.5100228554121,-10.941740544918982,14.499999999999991,0.0,0.0,0.0
148.515612380873,-10.933368908244125,14.499999999999993,0.0,0.0,0.0
148.52120159081085,-10.924997170028691,14.499999999999991,0.0,0.0,0.0
148.5267904854872,-10.91662533035807,14.499999999999991,0.0,0.0,0.0
148.5323790651635,-10.908253389317636,14.499999999999993,0.0,0.0,0.0
148.53796733010122,-10.899881346992752,14.49999999999999,0.0,0.0,0.0
148.54355528056175,-10.891509203468756,14.499999999999993,0.0,0.0,0.0
148.5491429168064,-10.883136958830976,14.49999999999999,0.0,0.0,0.0
148.55473023909653,-10.874764613164713,14.499999999999991,0.0,0.0,0.0
148.56031724769335,-10.866392166555263,14.499999999999993,0.0,0.0,0.0
148.56590394285814,-10.858019619087894,14.499999999999993,0.0,0.0,0.0
148.571490324852,-10.849646970847868,14.499999999999991,0.0,0.0,0.0
148.5770763939361,-10.84127422192041,14.499999999999995,0.0,0.0,0.0
148.58266215037156,-10.832901372390754,14.499999999999995,0.0,0.0,0.0
148.58824759441936,-10.8245284223441,14.499999999999993,0.0,0.0,0.0
148.5938327263405,-10.816155371865634,14.499999999999993,0.0,0.0,0.0
148.59941754639598,-10.807782221040524,14.499999999999995,0.0,0.0,0.0
148.6050020548467,-10.799408969953927,14.499999999999995,0.0,0.0,0.0
148.61058625195352,-10.791035618690978,14.499999999999993,0.0,0.0,0.0
148.6161701379773,-10.782662167336794,14.499999999999993,0.0,0.0,0.0
148.62175371317872,-10.774288615976477,14.499999999999991,0.0,0.0,0.0
148.62733697781863,-10.765914964695114,14.499999999999993,0.0,0.0,0.0
148.63291993215768,-10.757541213577767,14.499999999999993,0.0,0.0,0.0
148.63850257645652,-10.749167362709493,14.499999999999995,0.0,0.0,0.0
148.64408491097578,-10.740793412175321,14.499999999999995,0.0,0.0,0.0
148.649666935976,-10.732419362060275,14.499999999999995,0.0,0.0,0.0
148.6552486517177,-10.724045212449347,14.499999999999995,0.0,0.0,0.0
148.66083005846139,-10.71567096342752,14.499999999999995,0.0,0.0,0.0
148.66641115646746,-10.707296615079768,14.499999999999995,0.0,0.0,0.0
148.67199194599635,-10.698922167491034,14.499999999999995,0.0,0.0,0.0
148.67757242730838,-10.690547620746251,14.499999999999995,0.0,0.0,0.0
148.68315260066387,-10.682172974930339,14.499999999999996,0.0,0.0,0.0
148.68873246632307,-10.673798230128192,14.499999999999995,0.0,0.0,0.0
148.69431202454624,-10.66542338642469,14.499999999999995,0.0,0.0,0.0
148.6998912755935,-10.657048443904703,14.499999999999995,0.0,0.0,0.0
148.70547021972502,-10.648673402653076,14.499999999999995,0.0,0.0,0.0
148.7110488572009,-10.640298262754646,14.499999999999996,0.0,0.0,0.0
148.71662718828117,-10.63192302429422,14.499999999999995,0.0,0.0,0.0
148.72220521322583,-10.623547687356599,14.499999999999996,0.0,0.0,0.0
148.7277829322949,-10.61517225202657,14.499999999999996,0.0,0.0,0.0
148.73336034574822,-10.606796718388887,14.499999999999998,0.0,0.0,0.0
148.73893745384572,-10.598421086528308,14.499999999999996,0.0,0.0,0.0
148.74451425684725,-10.590045356529556,14.499999999999995,0.0,0.0,0.0
148.75009075501254,-10.58166952847735,14.499999999999995,0.0,0.0,0.0
148.7556669486014,-10.573293602456388,14.499999999999995,0.0,0.0,0.0
148.76124283787354,-10.56491757855135,14.499999999999998,0.0,0.0,0.0
148.76681842308858,-10.556541456846901,14.499999999999995,0.0,0.0,0.0
148.7723937045062,-10.548165237427693,14.499999999999995,0.0,0.0,0.0
148.77796868238588,-10.539788920378347,14.499999999999996,0.0,0.0,0.0
148.78354335698728,-10.53141250578349,14.499999999999996,0.0,0.0,0.0
148.78911772856986,-10.52303599372771,14.499999999999998,0.0,0.0,0.0
148.79469179739306,-10.514659384295596,14.499999999999998,0.0,0.0,0.0
148.8002655637163,-10.50628267757171,14.499999999999998,0.0,0.0,0.0
148.80583902779892,-10.497905873640601,14.5,0.0,0.0,0.0
148.81141218990027,-10.489528972586804,14.499999999999998,0.0,0.0,0.0
148.81698505027967,-10.481151974494827,14.499999999999998,0.0,0.0,0.0
148.82255760919634,-10.472774879449181,14.499999999999998,0.0,0.0,0.0
148.82812986690945,-10.46439768753434,14.499999999999998,0.0,0.0,0.0
148.83370182367818,-10.456020398834772,14.499999999999998,0.0,0.0,0.0
148.83927347976166,-10.44764301343493,14.499999999999998,0.0,0.0,0.0
148.844844835419,-10.439265531419244,14.499999999999998,0.0,0.0,0.0
148.85041589090915,-10.430887952872132,14.5,0.0,0.0,0.0
148.85598664649115,-10.422510277877993,14.499999999999998,0.0,0.0,0.0
148.861557102424,-10.414132506521218,14.499999999999996,0.0,0.0,0.0
148.8671272589665,-10.405754638886167,14.5,0.0,0.0,0.0
148.8726971163776,-10.397376675057199,14.5,0.0,0.0,0.0
148.8782666749161,-10.388998615118645,14.5,0.0,0.0,0.0
148.88383593484073,-10.380620459154825,14.5,0.0,0.0,0.0
148.88940489641035,-10.372242207250038,14.5,0.0,0.0,0.0
148.89497355988357,-10.36386385948858,14.5,0.0,0.0,0.0
148.90054192551906,-10.355485415954714,14.500000000000002,0.0,0.0,0.0
148.90610999357548,-10.347106876732694,14.5,0.0,0.0,0.0
148.91167776431135,-10.338728241906761,14.5,0.0,0.0,0.0
148.91724523798524,-10.330349511561135,14.499999999999998,0.0,0.0,0.0
148.92281241485566,-10.321970685780022,14.5,0.0,0.0,0.0
148.928379295181,-10.31359176464761,14.500000000000002,0.0,0.0,0.0
148.93394587921972,-10.305212748248072,14.499999999999998,0.0,0.0,0.0
148.9395121672302,-10.29683363666557,14.5,0.0,0.0,0.0
148.94507815947068,-10.288454429984236,14.500000000000002,0.0,0.0,0.0
148.95064385619958,-10.2800751282882,14.499999999999998,0.0,0.0,0.0
148.95620925767503,-10.27169573166157,14.499999999999998,0.0,0.0,0.0
148.96177436415527,-10.26331624018844,14.500000000000002,0.0,0.0,0.0
148.9673391758985,-10.254936653952882,14.500000000000004,0.0,0.0,0.0
148.9729036931628,-10.24655697303896,14.500000000000002,0.0,0.0,0.0
148.97846791620626,-10.23817719753072,14.5,0.0,0.0,0.0
148.98403184528695,-10.229797327512182,14.500000000000002,0.0,0.0,0.0
148.9895954806628,-10.221417363067369,14.500000000000002,0.0,0.0,0.0
148.99515882259186,-10.213037304280267,14.500000000000002,0.0,0.0,0.0
149.00072187133196,-10.204657151234864,14.500000000000002,0.0,0.0,0.0
149.00628462714104,-10.196276904015122,14.500000000000002,0.0,0.0,0.0
149.0118470902769,-10.187896562704985,14.500000000000002,0.0,0.0,0.0
149.0174092609973,-10.179516127388393,14.500000000000002,0.0,0.0,0.0
149.0229711395601,-10.171135598149258,14.500000000000004,0.0,0.0,0.0
149.02853272622292,-10.162754975071481,14.500000000000004,0.0,0.0,0.0
149.03409402124348,-10.154374258238944,14.500000000000004,0.0,0.0,0.0
149.03965502487938,-10.145993447735522,14.5,0.0,0.0,0.0
149.04521573738822,-10.137612543645062,14.500000000000002,0.0,0.0,0.0
149.05077615902758,-10.129231546051404,14.500000000000004,0.0,0.0,0.0
149.0563362900549,-10.120850455038367,14.500000000000002,0.0,0.0,0.0
149.06189613072775,-10.11246927068976,14.500000000000002,0.0,0.0,0.0
149.0674556813035,-10.104087993089369,14.500000000000002,0.0,0.0,0.0
149.07301494203952,-10.09570662232097,14.500000000000004,0.0,0.0,0.0
149.07857391319317,-10.087325158468321,14.500000000000002,0.0,0.0,0.0
149.08413259502177,-10.078943601615162,14.500000000000002,0.0,0.0,0.0
149.0896909877826,-10.070561951845217,14.500000000000002,0.0,0.0,0.0
149.09524909173288,-10.062180209242209,14.500000000000002,0.0,0.0,0.0
149.1008069071298,-10.05379837388982,14.500000000000004,0.0,0.0,0.0
149.10636443423047,-10.045416445871734,14.500000000000002,0.0,0.0,0.0
149.11192167329202,-10.037034425271615,14.500000000000002,0.0,0.0,0.0
149.11747862457153,-10.028652312173108,14.500000000000002,0.0,0.0,0.0
149.12303528832604,-10.020270106659849,14.500000000000002,0.0,0.0,0.0
149.1285916648125,-10.011887808815455,14.500000000000002,0.0,0.0,0.0
149.13414775428788,-10.003505418723526,14.500000000000002,0.0,0.0,0.0
149.13970355700906,-9.995122936467645,14.5,0.0,0.0,0.0
149.1452590732329,-9.986740362131385,14.500000000000002,0.0,0.0,0.0
149.15081430321626,-9.978357695798298,14.5,0.0,0.0,0.0
149.15636924721593,-9.969974937551923,14.500000000000002,0.0,0.0,0.0
149.16192390548866,-9.961592087475786,14.500000000000002,0.0,0.0,0.0
149.1674782782911,-9.95320914565339,14.500000000000002,0.0,0.0,0.0
149.17303236587998,-9.944826112168235,14.500000000000002,0.0,0.0,0.0
149.17858616851188,-9.936442987103788,14.500000000000002,0.0,0.0,0.0
149.18413968644344,-9.928059770543513,14.500000000000004,0.0,0.0,0.0
149.18969291993116,-9.919676462570855,14.500000000000004,0.0,0.0,0.0
149.19524586923157,-9.91129306326925,14.5,0.0,0.0,0.0
149.2007985346011,-9.902909572722104,14.500000000000002,0.0,0.0,0.0
149.20635091629626,-9.894525991012824,14.5,0.0,0.0,0.0
149.21190301457338,-9.886142318224788,14.499999999999998,0.0,0.0,0.0
149.21745482968882,-9.877758554441364,14.500000000000002,0.0,0.0,0.0
149.22300636189888,-9.869374699745913,14.499999999999998,0.0,0.0,0.0
149.22855761145988,-9.860990754221765,14.5,0.0,0.0,0.0
149.234108578628,-9.852606717952245,14.500000000000002,0.0,0.0,0.0
149.23965926365946,-9.844222591020653,14.500000000000002,0.0,0.0,0.0
149.2452096668104,-9.835838373510297,14.500000000000002,0.0,0.0,0.0
149.25075978833692,-9.827454065504437,14.500000000000002,0.0,0.0,0.0
149.25630962849513,-9.819069667086344,14.500000000000002,0.0,0.0,0.0
149.26185918754106,-9.810685178339257,14.500000000000002,0.0,0.0,0.0
149.26740846573068,-9.802300599346411,14.500000000000004,0.0,0.0,0.0
149.27295746331995,-9.793915930191018,14.500000000000004,0.0,0.0,0.0
149.27850618056482,-9.78553117095628,14.500000000000004,0.0,0.0,0.0
149.28405461772115,-9.777146321725379,14.500000000000004,0.0,0.0,0.0
149.28960277504478,-9.76876138258149,14.500000000000004,0.0,0.0,0.0
149.29515065279148,-9.760376353607757,14.500000000000004,0.0,0.0,0.0
149.30069825121706,-9.751991234887333,14.500000000000002,0.0,0.0,0.0
149.30624557057726,-9.743606026503329,14.500000000000004,0.0,0.0,0.0
149.3117926111277,-9.735220728538863,14.500000000000004,0.0,0.0,0.0
149.31733937312404,-9.726835341077022,14.500000000000004,0.0,0.0,0.0
149.32288585682193,-9.718449864200888,14.500000000000002,0.0,0.0,0.0
149.3284320624769,-9.710064297993526,14.500000000000002,0.0,0.0,0.0
149.3339779903445,-9.701678642537978,14.500000000000004,0.0,0.0,0.0
149.3395236406802,-9.693292897917285,14.500000000000002,0.0,0.0,0.0
149.34506901373945,-9.684907064214462,14.500000000000004,0.0,0.0,0.0
149.35061410977772,-9.67652114151251,14.500000000000002,0.0,0.0,0.0
149.3561589290503,-9.668135129894415,14.500000000000002,0.0,0.0,0.0
149.36170347181258,-9.659749029443153,14.500000000000004,0.0,0.0,0.0
149.36724773831983,-9.651362840241685,14.500000000000002,0.0,0.0,0.0
149.37279172882734,-9.64297656237295,14.500000000000002,0.0,0.0,0.0
149.37833544359034,-9.63459019591988,14.5,0.0,0.0,0.0
149.38387888286397,-9.626203740965384,14.500000000000004,0.0,0.0,0.0
149.38942204690338,-9.617817197592363,14.500000000000002,0.0,0.0,0.0
149.39496493596369,-9.609430565883693,14.499999999999998,0.0,0.0,0.0
149.40050755029998,-9.601043845922252,14.500000000000002,0.0,0.0,0.0
149.40604989016725,-9.59265703779089,14.499999999999998,0.0,0.0,0.0
149.4115919558205,-9.58427014157244,14.500000000000002,0.0,0.0,0.0
149.4171337475147,-9.575883157349736,14.5,0.0,0.0,0.0
149.42267526550475,-9.56749608520558,14.499999999999998,0.0,0.0,0.0
149.42821651004553,-9.559108925222768,14.499999999999998,0.0,0.0,0.0
149.4337574813919,-9.550721677484072,14.499999999999998,0.0,0.0,0.0
149.4392981797986,-9.542334342072268,14.499999999999998,0.0,0.0,0.0
149.44483860552046,-9.533946919070097,14.5,0.0,0.0,0.0
149.45037875881218,-9.525559408560294,14.5,0.0,0.0,0.0
149.4559186399284,-9.517171810625586,14.499999999999998,0.0,0.0,0.0
149.4614582491238,-9.508784125348669,14.5,0.0,0.0,0.0
149.46699758665306,-9.500396352812237,14.500000000000004,0.0,0.0,0.0
149.47253665277069,-9.492008493098968,14.499999999999998,0.0,0.0,0.0
149.4780754477312,-9.48362054629152,14.5,0.0,0.0,0.0
149.48361397178908,-9.475232512472544,14.499999999999998,0.0,0.0,0.0
149.4891522251989,-9.466844391724662,14.5,0.0,0.0,0.0
149.49469020821493,-9.458456184130503,14.5,0.0,0.0,0.0
149.50022792109172,-9.450067889772658,14.5,0.0,0.0,0.0
149.5057653640835,-9.44167950873372,14.500000000000002,0.0,0.0,0.0
149.51130253744455,-9.433291041096261,14.500000000000002,0.0,0.0,0.0
