galstreams/tracks/track.st.Murrumbidgee.grillmair2017b.ecsv
# %ECSV 0.9
# ---
# datatype:
# - {name: ra, unit: deg, datatype: float64}
# - {name: dec, unit: deg, datatype: float64}
# - {name: distance, unit: kpc, datatype: float64}
# - {name: pm_ra_cosdec, unit: mas / yr, datatype: float64}
# - {name: pm_dec, unit: mas / yr, datatype: float64}
# - {name: radial_velocity, unit: km / s, datatype: float64}
# delimiter: ','
# meta: !!omap
# - __serialized_columns__:
#     dec:
#       __class__: astropy.coordinates.angles.Latitude
#       unit: &id001 !astropy.units.Unit {unit: deg}
#       value: !astropy.table.SerializedColumn {name: dec}
#     distance:
#       __class__: astropy.coordinates.distances.Distance
#       unit: !astropy.units.Unit {unit: kpc}
#       value: !astropy.table.SerializedColumn {name: distance}
#     pm_dec:
#       __class__: astropy.units.quantity.Quantity
#       unit: !astropy.units.Unit {unit: mas / yr}
#       value: !astropy.table.SerializedColumn {name: pm_dec}
#     pm_ra_cosdec:
#       __class__: astropy.units.quantity.Quantity
#       unit: !astropy.units.Unit {unit: mas / yr}
#       value: !astropy.table.SerializedColumn {name: pm_ra_cosdec}
#     ra:
#       __class__: astropy.coordinates.angles.Longitude
#       unit: *id001
#       value: !astropy.table.SerializedColumn {name: ra}
#       wrap_angle: !astropy.coordinates.Angle
#         unit: *id001
#         value: 360.0
#     radial_velocity:
#       __class__: astropy.units.quantity.Quantity
#       unit: !astropy.units.Unit {unit: km / s}
#       value: !astropy.table.SerializedColumn {name: radial_velocity}
# schema: astropy-2.0
ra,dec,distance,pm_ra_cosdec,pm_dec,radial_velocity
[from data line 11064]
2.9198407248893488,9.185069564350522,20.00000000000003,0.0,0.0,0.0
2.9149913506935303,9.193642254873488,20.00000000000003,0.0,0.0,0.0
2.9101419113643923,9.202215007957191,20.00000000000003,0.0,0.0,0.0
2.905292405595831,9.210787823041274,20.000000000000025,0.0,0.0,0.0
2.9004428320715907,9.219360699560834,20.00000000000003,0.0,0.0,0.0
2.8955931894654547,9.227933636946483,20.00000000000003,0.0,0.0,0.0
2.8907434764409756,9.23650663462433,20.00000000000003,0.0,0.0,0.0
2.8858936916517064,9.245079692015938,20.00000000000003,0.0,0.0,0.0
2.8810438337409843,9.253652808538382,20.000000000000032,0.0,0.0,0.0
2.8761939013419897,9.262225983604148,20.00000000000003,0.0,0.0,0.0
2.871343893077733,9.270799216621246,20.00000000000003,0.0,0.0,0.0
2.8664938075610396,9.279372506993054,20.000000000000025,0.0,0.0,0.0
2.8616436433944936,9.287945854118437,20.00000000000003,0.0,0.0,0.0
2.856793399170418,9.296519257391703,20.00000000000003,0.0,0.0,0.0
2.851943073470918,9.305092716202575,20.00000000000003,0.0,0.0,0.0
2.8470926648677994,9.313666229936189,20.00000000000003,0.0,0.0,0.0
2.8422421719225492,9.322239797973086,20.00000000000003,0.0,0.0,0.0
2.8373915931863354,9.330813419689216,20.00000000000003,0.0,0.0,0.0
2.8325409272000144,9.339387094455914,20.000000000000032,0.0,0.0,0.0
2.8276901724940346,9.347960821639932,20.000000000000025,0.0,0.0,0.0
2.8228393275885,9.356534600603373,20.000000000000025,0.0,0.0,0.0
2.8179883909930714,9.365108430703717,20.000000000000032,0.0,0.0,0.0
2.8131373612070525,9.37368231129384,20.00000000000003,0.0,0.0,0.0
2.808286236719233,9.382256241721885,20.00000000000003,0.0,0.0,0.0
2.8034350160079646,9.390830221331445,20.00000000000003,0.0,0.0,0.0
2.7985836975411424,9.399404249461414,20.00000000000003,0.0,0.0,0.0
2.793732279776107,9.407978325445997,20.00000000000003,0.0,0.0,0.0
2.7888807611597044,9.416552448614759,20.00000000000003,0.0,0.0,0.0
2.7840291401282187,9.425126618292573,20.00000000000003,0.0,0.0,0.0
2.77917741510741,9.433700833799596,20.00000000000003,0.0,0.0,0.0
2.774325584512402,9.442275094451313,20.00000000000003,0.0,0.0,0.0
2.769473646747724,9.450849399558498,20.00000000000003,0.0,0.0,0.0
2.7646216002072945,9.459423748427206,20.00000000000003,0.0,0.0,0.0
2.75976944327437,9.467998140358773,20.00000000000003,0.0,0.0,0.0
2.754917174321547,9.476572574649825,20.00000000000003,0.0,0.0,0.0
2.750064791710724,9.4851470505922,20.00000000000003,0.0,0.0,0.0
2.7452122937931147,9.493721567473024,20.00000000000003,0.0,0.0,0.0
2.740359678909165,9.502296124574677,20.00000000000003,0.0,0.0,0.0
2.7355069453885967,9.510870721174765,20.00000000000003,0.0,0.0,0.0
2.7306540915503588,9.519445356546136,20.00000000000003,0.0,0.0,0.0
2.7258011157025828,9.528020029956838,20.00000000000003,0.0,0.0,0.0
2.7209480161426365,9.536594740670159,20.00000000000003,0.0,0.0,0.0
2.716094791157,9.54516948794456,20.00000000000003,0.0,0.0,0.0
2.711241439021334,9.553744271033752,20.000000000000032,0.0,0.0,0.0
2.706387958000435,9.562319089186586,20.00000000000003,0.0,0.0,0.0
2.7015343463481525,9.57089394164715,20.00000000000003,0.0,0.0,0.0
2.696680602307474,9.579468827654665,20.00000000000003,0.0,0.0,0.0
2.691826724110432,9.588043746443514,20.000000000000025,0.0,0.0,0.0
2.686972709978072,9.596618697243262,20.00000000000003,0.0,0.0,0.0
2.6821185581205054,9.605193679278624,20.00000000000003,0.0,0.0,0.0
2.6772642667368216,9.613768691769476,20.00000000000003,0.0,0.0,0.0
2.6724098340150992,9.622343733930792,20.00000000000003,0.0,0.0,0.0
2.6675552581323574,9.630918804972705,20.00000000000002,0.0,0.0,0.0
2.6627005372545596,9.639493904100416,20.000000000000025,0.0,0.0,0.0
2.6578456695365986,9.648069030514304,20.00000000000003,0.0,0.0,0.0
2.6529906531222522,9.656644183409808,20.000000000000025,0.0,0.0,0.0
2.6481354861441697,9.665219361977494,20.00000000000003,0.0,0.0,0.0
2.643280166723886,9.673794565402998,20.000000000000025,0.0,0.0,0.0
2.63842469297171,9.682369792867021,20.00000000000003,0.0,0.0,0.0
2.6335690629867923,9.690945043545364,20.000000000000025,0.0,0.0,0.0
2.6287132748570863,9.699520316608854,20.000000000000025,0.0,0.0,0.0
2.6238573266593153,9.70809561122342,20.000000000000025,0.0,0.0,0.0
2.6190012164589156,9.716670926550018,20.00000000000002,0.0,0.0,0.0
2.614144942310096,9.725246261744612,20.000000000000025,0.0,0.0,0.0
2.609288502255709,9.733821615958242,20.000000000000025,0.0,0.0,0.0
2.604431894327344,9.742396988336985,20.00000000000002,0.0,0.0,0.0
2.599575116545275,9.750972378021839,20.00000000000003,0.0,0.0,0.0
2.5947181669183257,9.759547784148905,20.00000000000002,0.0,0.0,0.0
2.5898610434440466,9.768123205849248,20.00000000000002,0.0,0.0,0.0
2.585003744108507,9.776698642248938,20.000000000000025,0.0,0.0,0.0
2.5801462668863886,9.785274092468985,20.00000000000002,0.0,0.0,0.0
2.575288609740918,9.79384955562543,20.00000000000002,0.0,0.0,0.0
2.570430770623866,9.80242503082922,20.00000000000002,0.0,0.0,0.0
2.565572747475541,9.81100051718631,20.00000000000003,0.0,0.0,0.0
2.5607145382246688,9.819576013797588,20.000000000000025,0.0,0.0,0.0
2.5558561407885363,9.828151519758883,20.00000000000003,0.0,0.0,0.0
2.550997553072806,9.836727034160944,20.00000000000003,0.0,0.0,0.0
2.5461387729716183,9.845302556089486,20.00000000000003,0.0,0.0,0.0
2.5412797983674698,9.853878084625073,20.000000000000025,0.0,0.0,0.0
2.53642062713133,9.862453618843237,20.000000000000025,0.0,0.0,0.0
2.5315612571224078,9.87102915781438,20.000000000000025,0.0,0.0,0.0
2.52670168618836,9.879604700603812,20.00000000000003,0.0,0.0,0.0
2.521841912165108,9.888180246271729,20.00000000000002,0.0,0.0,0.0
2.516981932876886,9.896755793873192,20.000000000000025,0.0,0.0,0.0
2.5121217461361884,9.905331342458124,20.000000000000025,0.0,0.0,0.0
2.5072613497438176,9.913906891071312,20.00000000000003,0.0,0.0,0.0
2.502400741488737,9.922482438752407,20.00000000000003,0.0,0.0,0.0
2.4975399191481626,9.931057984535892,20.00000000000003,0.0,0.0,0.0
2.492678880487479,9.939633527451072,20.00000000000003,0.0,0.0,0.0
2.4878176232602716,9.948209066522114,20.00000000000002,0.0,0.0,0.0
2.4829561452082447,9.956784600767948,20.00000000000002,0.0,0.0,0.0
2.4780944440612256,9.96536012920238,20.000000000000025,0.0,0.0,0.0
2.4732325175371748,9.973935650833958,20.000000000000025,0.0,0.0,0.0
2.4683703633420735,9.982511164666054,20.00000000000002,0.0,0.0,0.0
2.4635079791700227,9.991086669696813,20.000000000000025,0.0,0.0,0.0
2.458645362703105,9.99966216491917,20.00000000000003,0.0,0.0,0.0
2.45378251161147,10.00823764932081,20.00000000000003,0.0,0.0,0.0
2.448919423553242,10.016813121884185,20.00000000000003,0.0,0.0,0.0
2.444056096174498,10.025388581586492,20.000000000000025,0.0,0.0,0.0
2.439192527109258,10.03396402739969,20.000000000000025,0.0,0.0,0.0
2.4343287139795002,10.042539458290447,20.000000000000025,0.0,0.0,0.0
2.4294646543951,10.051114873220188,20.000000000000025,0.0,0.0,0.0
2.4246003459537677,10.059690271145001,20.00000000000002,0.0,0.0,0.0
2.419735786241164,10.06826565101573,20.00000000000003,0.0,0.0,0.0
2.4148709728307165,10.076841011777928,20.00000000000003,0.0,0.0,0.0
2.410005903283655,10.085416352371789,20.00000000000002,0.0,0.0,0.0
2.4051405751490833,10.093991671732244,20.000000000000025,0.0,0.0,0.0
2.400274985963778,10.102566968788864,20.00000000000003,0.0,0.0,0.0
2.395409133252363,10.111142242465897,20.00000000000002,0.0,0.0,0.0
2.3905430145271183,10.119717491682245,20.000000000000025,0.0,0.0,0.0
2.3856766272880363,10.128292715351467,20.00000000000002,0.0,0.0,0.0
2.3808099690228124,10.136867912381756,20.00000000000003,0.0,0.0,0.0
2.3759430372068193,10.145443081675971,20.00000000000003,0.0,0.0,0.0
2.3710758293030048,10.154018222131533,20.000000000000025,0.0,0.0,0.0
2.366208342761987,10.162593332640524,20.000000000000025,0.0,0.0,0.0
2.361340575021958,10.17116841208961,20.00000000000003,0.0,0.0,0.0
2.3564725235086783,10.17974345936009,20.000000000000025,0.0,0.0,0.0
2.351604185635445,10.188318473327802,20.000000000000025,0.0,0.0,0.0
2.3467355588031307,10.196893452863224,20.000000000000025,0.0,0.0,0.0
2.34186664040002,10.205468396831355,20.000000000000025,0.0,0.0,0.0
2.3369974278019905,10.214043304091772,20.000000000000025,0.0,0.0,0.0
2.3321279183722456,10.222618173498628,20.000000000000025,0.0,0.0,0.0
2.327258109461566,10.231193003900609,20.00000000000002,0.0,0.0,0.0
2.3223879984080362,10.239767794140933,20.00000000000002,0.0,0.0,0.0
2.317517582537158,10.248342543057362,20.000000000000025,0.0,0.0,0.0
2.312646859161814,10.256917249482187,20.00000000000003,0.0,0.0,0.0
2.3077758255822656,10.26549191224216,20.000000000000025,0.0,0.0,0.0
2.3029044790860107,10.274066530158594,20.00000000000002,0.0,0.0,0.0
2.2980328169479227,10.282641102047274,20.000000000000025,0.0,0.0,0.0
2.2931608364300886,10.29121562671848,20.000000000000025,0.0,0.0,0.0
2.288288534781921,10.299790102976978,20.00000000000002,0.0,0.0,0.0
2.28341590923998,10.30836452962197,20.000000000000025,0.0,0.0,0.0
2.278542957028114,10.316938905447149,20.000000000000025,0.0,0.0,0.0
2.273669675357288,10.325513229240634,20.00000000000003,0.0,0.0,0.0
2.268796061425693,10.334087499785035,20.000000000000025,0.0,0.0,0.0
2.263922112418605,10.34266171585732,20.00000000000002,0.0,0.0,0.0
2.2590478255084254,10.351235876228973,20.00000000000002,0.0,0.0,0.0
2.2541731978546737,10.359809979665833,20.000000000000025,0.0,0.0,0.0
2.249298226603919,10.368384024928158,20.000000000000025,0.0,0.0,0.0
2.2444229088898,10.376958010770615,20.00000000000003,0.0,0.0,0.0
2.239547241832946,10.385531935942263,20.00000000000002,0.0,0.0,0.0
2.2346712225410355,10.394105799186539,20.00000000000002,0.0,0.0,0.0
2.2297948481086336,10.402679599241248,20.000000000000025,0.0,0.0,0.0
2.224918115617374,10.411253334838564,20.000000000000025,0.0,0.0,0.0
2.2200410221357534,10.41982700470504,20.000000000000025,0.0,0.0,0.0
2.215163564719196,10.428400607561528,20.00000000000002,0.0,0.0,0.0
2.210285740409997,10.436974142123244,20.00000000000002,0.0,0.0,0.0
2.2054075462373595,10.445547607099753,20.00000000000002,0.0,0.0,0.0
2.2005289792172564,10.4541210011949,20.000000000000018,0.0,0.0,0.0
2.1956500363525127,10.462694323106872,20.00000000000002,0.0,0.0,0.0
2.1907707146327513,10.471267571528156,20.00000000000002,0.0,0.0,0.0
2.1858910110343883,10.479840745145525,20.000000000000018,0.0,0.0,0.0
2.1810109225205156,10.488413842640016,20.00000000000002,0.0,0.0,0.0
2.1761304460410082,10.496986862686981,20.000000000000018,0.0,0.0,0.0
2.1712495785324077,10.505559803956022,20.00000000000002,0.0,0.0,0.0
2.166368316917954,10.514132665111015,20.00000000000002,0.0,0.0,0.0
2.1614866581075054,10.522705444810056,20.00000000000002,0.0,0.0,0.0
2.156604598997602,10.531278141705481,20.00000000000002,0.0,0.0,0.0
2.1517221364713683,10.5398507544439,20.000000000000018,0.0,0.0,0.0
2.1468392673984753,10.548423281666095,20.000000000000018,0.0,0.0,0.0
2.141955988635173,10.556995722007098,20.00000000000002,0.0,0.0,0.0
2.1370722970242975,10.565568074096149,20.000000000000018,0.0,0.0,0.0
2.132188189395105,10.574140336556653,20.000000000000025,0.0,0.0,0.0
2.1273036625634125,10.58271250800621,20.000000000000025,0.0,0.0,0.0
2.1224187133314647,10.59128458705661,20.000000000000018,0.0,0.0,0.0
2.1175333384879726,10.599856572313803,20.00000000000002,0.0,0.0,0.0
2.1126475348080183,10.608428462377923,20.00000000000002,0.0,0.0,0.0
2.107761299053146,10.6170002558432,20.000000000000018,0.0,0.0,0.0
2.102874627971203,10.62557195129809,20.00000000000002,0.0,0.0,0.0
2.0979875182964203,10.63414354732507,20.00000000000002,0.0,0.0,0.0
2.0930999667493357,10.642715042500855,20.00000000000002,0.0,0.0,0.0
2.0882119700368054,10.651286435396207,20.000000000000018,0.0,0.0,0.0
2.083323524851939,10.659857724576,20.000000000000018,0.0,0.0,0.0
2.07843462787409,10.668428908599225,20.000000000000018,0.0,0.0,0.0
2.073545275768848,10.676999986018961,20.000000000000018,0.0,0.0,0.0
2.068655465188034,10.685570955382333,20.000000000000018,0.0,0.0,0.0
2.063765192769604,10.694141815230553,20.00000000000002,0.0,0.0,0.0
2.0588744551376825,10.702712564098906,20.000000000000018,0.0,0.0,0.0
2.0539832489025605,10.711283200516728,20.000000000000018,0.0,0.0,0.0
2.049091570660565,10.719853723007379,20.00000000000002,0.0,0.0,0.0
2.044199416994171,10.728424130088273,20.000000000000018,0.0,0.0,0.0
2.0393067844718837,10.73699442027083,20.00000000000002,0.0,0.0,0.0
2.0344136696482504,10.745564592060479,20.000000000000018,0.0,0.0,0.0
2.0295200690638135,10.754134643956672,20.000000000000018,0.0,0.0,0.0
2.0246259792451338,10.762704574452853,20.00000000000002,0.0,0.0,0.0
2.0197313967046897,10.77127438203645,20.000000000000025,0.0,0.0,0.0
2.014836317940937,10.779844065188898,20.00000000000002,0.0,0.0,0.0
2.009940739438232,10.78841362238551,20.00000000000002,0.0,0.0,0.0
2.005044657666813,10.796983052095667,20.00000000000002,0.0,0.0,0.0
2.0001480690828193,10.805552352782637,20.000000000000018,0.0,0.0,0.0
1.9952509701281713,10.814121522903656,20.00000000000002,0.0,0.0,0.0
1.990353357230662,10.822690560909878,20.00000000000002,0.0,0.0,0.0
1.985455226803831,10.831259465246394,20.000000000000018,0.0,0.0,0.0
1.980556575247034,10.839828234352176,20.000000000000018,0.0,0.0,0.0
1.9756573989453325,10.848396866660119,20.00000000000002,0.0,0.0,0.0
1.9707576942695249,10.856965360597037,20.000000000000018,0.0,0.0,0.0
1.9658574575761212,10.865533714583597,20.00000000000002,0.0,0.0,0.0
1.9609566852072422,10.874101927034342,20.000000000000018,0.0,0.0,0.0
1.956055373490729,10.882669996357711,20.00000000000002,0.0,0.0,0.0
1.9511535187399947,10.89123792095596,20.000000000000025,0.0,0.0,0.0
1.94625111725411,10.899805699225237,20.00000000000002,0.0,0.0,0.0
1.9413481653176097,10.908373329555486,20.000000000000025,0.0,0.0,0.0
1.9364446592006792,10.916940810330491,20.000000000000025,0.0,0.0,0.0
1.9315405951589777,10.925508139927894,20.00000000000002,0.0,0.0,0.0
1.926635969433706,10.934075316719115,20.00000000000002,0.0,0.0,0.0
1.9217307782514728,10.942642339069335,20.000000000000018,0.0,0.0,0.0
1.9168250178243758,10.95120920533762,20.000000000000025,0.0,0.0,0.0
1.9119186843499614,10.95977591387674,20.00000000000002,0.0,0.0,0.0
1.9070117740111343,10.968342463033274,20.000000000000014,0.0,0.0,0.0
1.902104282976211,10.976908851147568,20.00000000000002,0.0,0.0,0.0
1.8971962073988007,10.985475076553715,20.00000000000002,0.0,0.0,0.0
1.89228754341791,10.994041137579515,20.00000000000002,0.0,0.0,0.0
1.8873782871577944,11.002607032546551,20.00000000000002,0.0,0.0,0.0
1.8824684347280196,11.01117275977013,20.00000000000002,0.0,0.0,0.0
1.8775579822233628,11.019738317559238,20.00000000000002,0.0,0.0,0.0
1.8726469257238902,11.028303704216608,20.00000000000002,0.0,0.0,0.0
1.8677352612947975,11.036868918038664,20.000000000000025,0.0,0.0,0.0
1.8628229849865152,11.045433957315495,20.00000000000002,0.0,0.0,0.0
1.8579100928345962,11.053998820330861,20.000000000000025,0.0,0.0,0.0
1.852996580859726,11.062563505362242,20.00000000000002,0.0,0.0,0.0
1.8480824450676907,11.071128010680724,20.00000000000002,0.0,0.0,0.0
1.843167681449351,11.079692334551076,20.00000000000002,0.0,0.0,0.0
1.8382522859806163,11.088256475231669,20.00000000000002,0.0,0.0,0.0
1.833336254622444,11.096820430974576,20.000000000000018,0.0,0.0,0.0
1.828419583320762,11.105384200025407,20.00000000000002,0.0,0.0,0.0
1.8235022680065254,11.113947780623429,20.00000000000002,0.0,0.0,0.0
1.8185843045955459,11.122511171001491,20.000000000000018,0.0,0.0,0.0
1.8136656889886809,11.131074369386065,20.000000000000018,0.0,0.0,0.0
1.808746417071579,11.139637373997164,20.000000000000018,0.0,0.0,0.0
1.8038264847148495,11.148200183048425,20.000000000000018,0.0,0.0,0.0
1.798905887773894,11.156762794746971,20.000000000000014,0.0,0.0,0.0
1.793984622088967,11.165325207293563,20.000000000000014,0.0,0.0,0.0
1.789062683485096,11.173887418882442,20.000000000000018,0.0,0.0,0.0
1.7841400677721548,11.182449427701433,20.000000000000018,0.0,0.0,0.0
1.7792167707446525,11.191011231931839,20.000000000000014,0.0,0.0,0.0
1.7742927881818897,11.199572829748503,20.000000000000018,0.0,0.0,0.0
1.7693681158479013,11.208134219319765,20.000000000000014,0.0,0.0,0.0
