galstreams/tracks/track.st.M5.grillmair2019.ecsv
# %ECSV 1.0
# ---
# datatype:
# - {name: ra, unit: deg, datatype: float64}
# - {name: dec, unit: deg, datatype: float64}
# - {name: distance, unit: kpc, datatype: float64}
# - {name: pm_ra_cosdec, unit: mas / yr, datatype: float64}
# - {name: pm_dec, unit: mas / yr, datatype: float64}
# - {name: radial_velocity, unit: km / s, datatype: float64}
# delimiter: ','
# meta: !!omap
# - __serialized_columns__:
#     dec:
#       __class__: astropy.coordinates.angles.Latitude
#       unit: &id001 !astropy.units.Unit {unit: deg}
#       value: !astropy.table.SerializedColumn {name: dec}
#     distance:
#       __class__: astropy.coordinates.distances.Distance
#       unit: !astropy.units.Unit {unit: kpc}
#       value: !astropy.table.SerializedColumn {name: distance}
#     pm_dec:
#       __class__: astropy.units.quantity.Quantity
#       unit: !astropy.units.Unit {unit: mas / yr}
#       value: !astropy.table.SerializedColumn {name: pm_dec}
#     pm_ra_cosdec:
#       __class__: astropy.units.quantity.Quantity
#       unit: !astropy.units.Unit {unit: mas / yr}
#       value: !astropy.table.SerializedColumn {name: pm_ra_cosdec}
#     ra:
#       __class__: astropy.coordinates.angles.Longitude
#       unit: *id001
#       value: !astropy.table.SerializedColumn {name: ra}
#       wrap_angle: !astropy.coordinates.Angle
#         unit: *id001
#         value: 360.0
#     radial_velocity:
#       __class__: astropy.units.quantity.Quantity
#       unit: !astropy.units.Unit {unit: km / s}
#       value: !astropy.table.SerializedColumn {name: radial_velocity}
# schema: astropy-2.0
ra,dec,distance,pm_ra_cosdec,pm_dec,radial_velocity
[from data line 1250]
215.49764176477885,9.289629510935983,14.860618076048853,3.707080062133467,-9.265056431458472,2.1893994537668078e-13
215.48849251492842,9.293936079781025,14.859769330023262,3.706701281379086,-9.264297741358096,1.6841534259744677e-13
215.47934307010829,9.298242476612307,14.858920565957906,3.7063223523342175,-9.263538987406701,5.0524602779234026e-14
215.47019343027003,9.302548701426765,14.858071783848095,3.70594327511861,-9.262780169578763,1.515738083377021e-13
215.46104359536508,9.306854754221357,14.857222983689129,3.7055640498520104,-9.262021287848766,8.420767129872338e-14
215.451893565345,9.311160634993032,14.856374165476314,3.7051846766541563,-9.2612623421912,3.368306851948935e-14
215.44274334016123,9.315466343738734,14.855525329204958,3.7048051556447703,-9.260503332580543,1.0104920555846805e-13
215.43359291976532,9.319771880455427,14.85467647487037,3.704425486943565,-9.259744258991281,1.347322740779574e-13
215.42444230410874,9.324077245140076,14.853827602467845,3.7040456706702445,-9.258985121397908,1.515738083377021e-13
215.415291493143,9.328382437789633,14.852978711992698,3.7036657069445047,-9.258225919774903,1.515738083377021e-13
215.40614048681962,9.332687458401065,14.852129803440228,3.703285595886026,-9.25746665409676,6.73661370389787e-14
215.39698928509011,9.33699230697134,14.851280876805749,3.702905337614478,-9.256707324337961,1.6841534259744676e-14
215.38783788790602,9.341296983497433,14.850431932084556,3.7025249322495277,-9.255947930473006,1.1789073981821273e-13
215.37868629521876,9.345601487976309,14.849582969271962,3.7021443799108207,-9.255188472476384,1.347322740779574e-13
215.3695345069799,9.349905820404953,14.848733988363266,3.7017636807180043,-9.254428950322588,8.420767129872338e-14
215.36038252314097,9.354209980780336,14.847884989353783,3.7013828347907007,-9.2536693639861,2.1893994537668078e-13
215.3512303436534,9.35851396909945,14.847035972238807,3.7010018422485373,-9.252909713441426,1.515738083377021e-13
215.34207796846877,9.36281778535927,14.846186937013652,3.7006207032111194,-9.252149998663057,1.347322740779574e-13
215.33292539753856,9.367121429556793,14.845337883673619,3.700239417798048,-9.251390219625492,5.0524602779234026e-14
215.32377263081432,9.371424901689002,14.844488812214015,3.6998579861289103,-9.250630376303219,1.1789073981821273e-13
215.3146196682475,9.375728201752898,14.843639722630146,3.699476408323281,-9.249870468670743,6.73661370389787e-14
215.30546650978965,9.38003132974547,14.842790614917318,3.6990946845007353,-9.249110496702555,6.73661370389787e-14
215.29631315539234,9.384334285663721,14.84194148907083,3.6987128147808237,-9.24835046037316,1.1789073981821273e-13
215.28715960500696,9.388637069504654,14.841092345085999,3.698330799283097,-9.24759035965705,8.420767129872338e-14
215.27800585858512,9.392939681265272,14.840243182958123,3.6979486381270856,-9.246830194528732,6.73661370389787e-14
215.2688519160783,9.397242120942591,14.839394002682502,3.697566331432321,-9.246069964962704,1.1789073981821273e-13
215.25969777743802,9.401544388533612,14.838544804254454,3.697183879318314,-9.245309670933464,6.73661370389787e-14
215.2505434426158,9.405846484035353,14.837695587669277,3.6968012819045724,-9.244549312415518,3.368306851948935e-14
215.24138891156318,9.410148407444831,14.836846352922276,3.696418539310587,-9.243788889383367,2.3578147963642546e-13
215.23223418423163,9.414450158759072,14.835997100008763,3.6960356516558424,-9.243028401811511,1.6841534259744677e-13
215.2230792605727,9.41875173797509,14.83514782892403,3.695652619059815,-9.24226784967446,1.6841534259744677e-13
215.21392414053787,9.423053145089913,14.834298539663402,3.695269441641961,-9.24150723294671,6.73661370389787e-14
215.20476882407874,9.427354380100574,14.833449232222165,3.6948861195217364,-9.240746551602777,1.1789073981821273e-13
215.19561331114676,9.4316554430041,14.832599906595636,3.6945026528185823,-9.239985805617158,1.347322740779574e-13
215.18645760169346,9.435956333797531,14.831750562779119,3.694119041651926,-9.239224994964358,1.6841534259744676e-14
215.1773016956704,9.440257052477898,14.830901200767917,3.6937352861411945,-9.238464119618884,8.420767129872338e-14
215.16814559302907,9.44455759904225,14.830051820557333,3.693351386405791,-9.237703179555249,1.1789073981821273e-13
215.158989293721,9.448857973487625,14.829202422142679,3.692967342565116,-9.236942174747954,1.347322740779574e-13
215.14983279769768,9.453158175811073,14.828353005519254,3.692583154738562,-9.236181105171507,3.368306851948935e-14
215.1406761049107,9.457458206009637,14.827503570682369,3.692198823045503,-9.23541997080042,1.515738083377021e-13
215.13151921531156,9.461758064080378,14.826654117627326,3.691814347605309,-9.2346587716092,8.420767129872338e-14
215.12236212885176,9.466057750020347,14.825804646349438,3.6914297285373325,-9.233897507572348,1.515738083377021e-13
215.11320484548284,9.470357263826607,14.824955156843995,3.6910449659609252,-9.233136178664385,1.0104920555846805e-13
215.1040473651563,9.474656605496218,14.82410564910631,3.6906600599954222,-9.232374784859815,1.0104920555846805e-13
215.09488968782372,9.478955775026241,14.823256123131696,3.6902750107601467,-9.231613326133147,1.347322740779574e-13
215.0857318134366,9.483254772413748,14.82240657891545,3.6898898183744118,-9.230851802458893,1.347322740779574e-13
215.07657374194642,9.487553597655808,14.821557016452878,3.6895044829575268,-9.230090213811563,3.368306851948935e-14
215.0674154733048,9.491852250749492,14.82070743573929,3.6891190046287807,-9.22932856016567,1.0104920555846805e-13
215.05825700746323,9.496150731691884,14.819857836769986,3.6887333835074587,-9.228566841495724,1.6841534259744676e-14
215.04909834437322,9.500449040480056,14.819008219540278,3.68834761971283,-9.22780505777623,1.347322740779574e-13
215.0399394839863,9.5047471771111,14.818158584045461,3.687961713364162,-9.227043208981708,1.347322740779574e-13
215.030780426254,9.509045141582092,14.817308930280852,3.6875756645806996,-9.226281295086666,1.347322740779574e-13
215.02162117112786,9.513342933890131,14.816459258241748,3.6871894734816872,-9.225519316065618,8.420767129872338e-14
215.01246171855942,9.517640554032301,14.815609567923456,3.686803140186352,-9.224757271893075,1.0104920555846805e-13
215.0033020685002,9.521938002005701,14.81475985932129,3.6864166648139145,-9.223995162543543,8.420767129872338e-14
214.99414222090175,9.52623527780743,14.81391013243054,3.6860300474835865,-9.22323298799155,8.420767129872338e-14
214.98498217571557,9.530532381434588,14.813060387246523,3.685643288314561,-9.222470748211594,1.6841534259744676e-14
214.9758219328932,9.534829312884277,14.812210623764543,3.6852563874260293,-9.221708443178192,8.420767129872338e-14
214.9666614923862,9.539126072153609,14.811360841979903,3.6848693449371623,-9.22094607286586,1.515738083377021e-13
214.95750085414608,9.54342265923969,14.810511041887912,3.6844821609671334,-9.220183637249104,1.347322740779574e-13
214.94834001812436,9.547719074139634,14.809661223483866,3.684094835635092,-9.219421136302445,6.73661370389787e-14
214.93917898427262,9.552015316850566,14.808811386763082,3.683707369060188,-9.218658570000393,1.0104920555846805e-13
214.93001775254234,9.556311387369597,14.80796153172086,3.683319761361553,-9.217895938317458,1.0104920555846805e-13
214.92085632288513,9.560607285693854,14.807111658352504,3.68293201265831,-9.217133241228156,8.420767129872338e-14
214.91169469525244,9.564903011820455,14.806261766653321,3.682544123069573,-9.216370478706997,5.0524602779234026e-14
214.90253286959583,9.56919856574654,14.805411856618623,3.682156092714443,-9.215607650728494,5.0524602779234026e-14
214.8933708458669,9.573493947469235,14.804561928243702,3.6817679217120127,-9.214844757267166,1.6841534259744677e-13
214.8842086240171,9.577789156985679,14.803711981523875,3.681379610181362,-9.214081798297515,1.1789073981821273e-13
214.87504620399804,9.582084194293008,14.802862016454437,3.680991158241565,-9.213318773794066,1.515738083377021e-13
214.8658835857612,9.586379059388369,14.802012033030707,3.6806025660116743,-9.212555683731324,8.420767129872338e-14
214.85672076925817,9.590673752268895,14.80116203124798,3.680213833610743,-9.211792528083802,1.8525687685719145e-13
214.84755775444043,9.594968272931741,14.800312011101566,3.6798249611578098,-9.21102930682601,1.347322740779574e-13
214.83839454125956,9.599262621374063,14.799461972586762,3.6794359487719017,-9.210266019932467,6.73661370389787e-14
214.8292311296671,9.60355679759301,14.798611915698888,3.6790467965720346,-9.209502667377679,1.1789073981821273e-13
214.82006751961458,9.607850801585741,14.797761840433237,3.6786575046772136,-9.20873924913616,1.0104920555846805e-13
214.81090371105353,9.61214463334941,14.796911746785126,3.678268073206435,-9.207975765182418,1.515738083377021e-13
214.8017397039355,9.616438292881188,14.796061634749844,3.6778785022786877,-9.207212215490975,3.368306851948935e-14
214.79257549821207,9.620731780178241,14.795211504322715,3.677488792012938,-9.206448600036328,1.515738083377021e-13
214.7834110938347,9.625025095237733,14.794361355499028,3.6770989425281533,-9.205684918792997,1.6841534259744677e-13
214.774246490755,9.629318238056847,14.793511188274103,3.676708953943287,-9.204921171735487,1.515738083377021e-13
214.76508168892448,9.633611208632752,14.792661002643234,3.6763188263772815,-9.204157358838316,6.73661370389787e-14
214.7559166882947,9.63790400696263,14.791810798601729,3.6759285599490643,-9.203393480075988,1.515738083377021e-13
214.74675148881715,9.642196633043667,14.790960576144895,3.6755381547775596,-9.202629535423009,1.0104920555846805e-13
214.73758609044347,9.646489086873041,14.790110335268041,3.6751476109816728,-9.201865524853897,6.73661370389787e-14
214.72842049312513,9.65078136844795,14.78926007596647,3.6747569286803072,-9.201101448343154,3.368306851948935e-14
214.71925469681372,9.655073477765578,14.788409798235481,3.674366107992346,-9.20033730586529,1.8525687685719145e-13
214.7100887014607,9.659365414823124,14.787559502070389,3.6739751490366737,-9.199573097394818,1.347322740779574e-13
214.70092250701774,9.66365717961779,14.786709187466496,3.6735840519321505,-9.198808822906235,1.1789073981821273e-13
214.6917561134363,9.667948772146778,14.785858854419104,3.6731928167976373,-9.19804448237406,1.6841534259744677e-13
214.6825895206679,9.672240192407285,14.785008502923525,3.6728014437519745,-9.197280075772795,8.420767129872338e-14
214.67342272866418,9.67653144039653,14.784158132975056,3.6724099329140008,-9.19651560307694,1.6841534259744677e-13
214.66425573737664,9.680822516111714,14.783307744569008,3.6720182844025366,-9.195751064261009,1.1789073981821273e-13
214.6550885467568,9.685113419550065,14.782457337700688,3.6716264983363964,-9.194986459299502,6.73661370389787e-14
214.6459211567562,9.68940415070879,14.781606912365397,3.6712345748343846,-9.19422178816693,1.6841534259744676e-14
214.63675356732648,9.69369470958511,14.780756468558447,3.670842514015285,-9.193457050837786,1.8525687685719145e-13
214.62758577841905,9.697985096176259,14.77990600627513,3.670450315997889,-9.192692247286589,3.368306851948935e-14
214.61841778998556,9.702275310479457,14.779055525510763,3.6700579809009586,-9.191927377487827,1.6841534259744676e-14
214.60924960197758,9.706565352491936,14.778205026260657,3.669665508843253,-9.19116244141601,1.347322740779574e-13
214.60008121434655,9.710855222210933,14.7773545085201,3.6692728999435245,-9.190397439045643,6.73661370389787e-14
214.59091262704408,9.715144919633689,14.776503972284411,3.6688801543205067,-9.189632370351218,0.0
214.58174384002172,9.719434444757436,14.775653417548892,3.668487272092929,-9.188867235307239,5.0524602779234026e-14
214.57257485323103,9.723723797579426,14.774802844308843,3.668094253379506,-9.18810203388821,1.6841534259744677e-13
214.5634056666235,9.728012978096903,14.773952252559573,3.6677010982989438,-9.187336766068627,1.515738083377021e-13
214.55423628015075,9.732301986307116,14.773101642296394,3.667307806969936,-9.186571431822989,3.368306851948935e-14
214.5450666937643,9.73659082220732,14.7722510135146,3.666914379511165,-9.185806031125791,1.347322740779574e-13
214.53589690741572,9.740879485794776,14.771400366209507,3.666520816041302,-9.185040563951532,3.368306851948935e-14
214.5267269210565,9.745167977066744,14.770549700376414,3.6661271166790135,-9.184275030274707,2.020984111169361e-13
214.51755673463825,9.749456296020483,14.769699016010625,3.6657332815429466,-9.183509430069815,8.420767129872338e-14
214.5083863481125,9.75374444265327,14.76884831310745,3.6653393107517447,-9.182743763311347,1.1789073981821273e-13
214.4992157614308,9.758032416962365,14.767997591662196,3.6649452044240314,-9.181978029973799,-1.6841534259744676e-14
214.49004497454473,9.762320218945046,14.76714685167016,3.6645509626784296,-9.181212230031658,1.0104920555846805e-13
214.4808739874058,9.766607848598587,14.766296093126657,3.664156585633547,-9.180446363459424,8.420767129872338e-14
214.47170279996558,9.770895305920273,14.765445316026987,3.663762073407978,-9.179680430231585,1.0104920555846805e-13
214.46253141217562,9.775182590907391,14.764594520366456,3.66336742612031,-9.178914430322628,6.73661370389787e-14
214.45335982398746,9.77946970355722,14.763743706140371,3.662972643889119,-9.17814836370705,1.0104920555846805e-13
214.44418803535268,9.78375664386706,14.762892873344034,3.662577726832968,-9.177382230359335,1.347322740779574e-13
214.43501604622284,9.788043411834193,14.762042021972759,3.662182675070409,-9.17661603025397,1.515738083377021e-13
214.4258438565494,9.792330007455927,14.761191152021839,3.661787488719986,-9.175849763365438,0.0
214.41667146628404,9.796616430729557,14.760340263486588,3.661392167900231,-9.175083429668234,8.420767129872338e-14
214.40749887537825,9.800902681652389,14.75948935636231,3.6609967127296628,-9.174317029136834,1.347322740779574e-13
214.3983260837836,9.805188760221728,14.758638430644305,3.660601123326792,-9.17355056174573,1.347322740779574e-13
214.3891530914516,9.80947466643489,14.757787486327887,3.6602053998101196,-9.172784027469397,6.73661370389787e-14
214.37997989833386,9.813760400289185,14.756936523408358,3.6598095422981305,-9.17201742628232,1.347322740779574e-13
214.37080650438187,9.818045961781928,14.756085541881022,3.659413550909305,-9.171250758158973,8.420767129872338e-14
214.3616329095473,9.82233135091044,14.75523454174119,3.6590174257621064,-9.170484023073849,1.347322740779574e-13
214.35245911378155,9.826616567672051,14.754383522984156,3.658621166974993,-9.169717221001417,1.347322740779574e-13
214.3432851170363,9.830901612064087,14.753532485605236,3.6582247746664067,-9.168950351916155,6.73661370389787e-14
214.33411091926305,9.83518648408388,14.752681429599727,3.6578282489547824,-9.168183415792539,1.347322740779574e-13
214.32493652041336,9.839471183728758,14.751830354962946,3.657431589958541,-9.167416412605045,1.1789073981821273e-13
214.3157619204388,9.843755710996064,14.750979261690187,3.657034797796095,-9.166649342328148,1.6841534259744677e-13
214.3065871192909,9.84804006588314,14.750128149776758,3.656637872585849,-9.16588220493632,8.420767129872338e-14
214.2974121169212,9.852324248387326,14.749277019217972,3.656240814446187,-9.16511500040403,-6.73661370389787e-14
214.28823691328134,9.856608258505974,14.748425870009127,3.6558436234954903,-9.16434772870575,5.0524602779234026e-14
214.27906150832283,9.860892096236434,14.747574702145528,3.6554462998521284,-9.16358038981595,1.8525687685719145e-13
214.26988590199716,9.865175761576062,14.746723515622486,3.6550488436344564,-9.162812983709097,-3.368306851948935e-14
214.26071009425596,9.869459254522216,14.745872310435301,3.6546512549608208,-9.162045510359654,1.0104920555846805e-13
214.25153408505076,9.873742575072255,14.745021086579282,3.6542535339495594,-9.161277969742091,1.1789073981821273e-13
214.24235787433315,9.878025723223544,14.74416984404973,3.6538556807189924,-9.160510361830871,1.347322740779574e-13
214.23318146205463,9.882308698973459,14.743318582841956,3.653457695387436,-9.159742686600454,1.0104920555846805e-13
