galstreams/tracks/track.st.C-12.ibata2024.ecsv
# %ECSV 1.0
# ---
# datatype:
# - {name: ra, unit: deg, datatype: float64}
# - {name: dec, unit: deg, datatype: float64}
# - {name: distance, unit: kpc, datatype: float64}
# - {name: pm_ra_cosdec, unit: mas / yr, datatype: float64}
# - {name: pm_dec, unit: mas / yr, datatype: float64}
# - {name: radial_velocity, unit: km / s, datatype: float64}
# delimiter: ','
# meta: !!omap
# - __serialized_columns__:
#     dec:
#       __class__: astropy.coordinates.angles.Latitude
#       unit: &id001 !astropy.units.Unit {unit: deg}
#       value: !astropy.table.SerializedColumn {name: dec}
#     distance:
#       __class__: astropy.coordinates.distances.Distance
#       unit: !astropy.units.Unit {unit: kpc}
#       value: !astropy.table.SerializedColumn {name: distance}
#     pm_dec:
#       __class__: astropy.units.quantity.Quantity
#       unit: !astropy.units.Unit {unit: mas / yr}
#       value: !astropy.table.SerializedColumn {name: pm_dec}
#     pm_ra_cosdec:
#       __class__: astropy.units.quantity.Quantity
#       unit: !astropy.units.Unit {unit: mas / yr}
#       value: !astropy.table.SerializedColumn {name: pm_ra_cosdec}
#     ra:
#       __class__: astropy.coordinates.angles.Longitude
#       unit: *id001
#       value: !astropy.table.SerializedColumn {name: ra}
#       wrap_angle: !astropy.coordinates.Angle
#         unit: *id001
#         value: 360.0
#     radial_velocity:
#       __class__: astropy.units.quantity.Quantity
#       unit: !astropy.units.Unit {unit: km / s}
#       value: !astropy.table.SerializedColumn {name: radial_velocity}
# schema: astropy-2.0
ra,dec,distance,pm_ra_cosdec,pm_dec,radial_velocity
[from data line 1301]
95.64915017888521,-29.72567021279697,0.9999999999999999,-0.6449077091655191,-1.4975999860961409,279.40958284552704
95.66071545688548,-29.72677950210803,1.0,-0.6459880797402704,-1.4972728156862622,279.4217085611593
95.67228089031671,-29.727888530249924,1.0,-0.6470685657018667,-1.496945599807173,279.4338445895642
95.68384647871295,-29.728997300938072,1.0000000000000002,-0.6481491644432831,-1.4966183381122384,279.445991048059
95.69541222160987,-29.730105817888127,0.9999999999999999,-0.6492298733575916,-1.4962910302536763,279.45814805396134
95.7069781185449,-29.731214084815896,0.9999999999999999,-0.6503106898380127,-1.4959636758826917,279.47031572458866
95.71854416905714,-29.732322105437394,1.0,-0.651391611277881,-1.4956362746493888,279.48249417725833
95.73011037268746,-29.733429883468823,1.0,-0.6524726350706542,-1.4953088262027947,279.49468352928795
95.74167672897825,-29.73453742262657,1.0,-0.6535537586098963,-1.494981330190857,279.50688389799484
95.75324323747375,-29.735644726627203,1.0,-0.6546349792893187,-1.4946537862604536,279.51909540069653
95.76480989771991,-29.73675179918751,1.0,-0.6557162945027457,-1.4943261940573969,279.53131815471056
95.7763767092643,-29.73785864402442,1.0,-0.6567977016441118,-1.4939985532264046,279.5435522773544
95.78794367165621,-29.73896526485508,1.0,-0.6578791981074765,-1.4936708634111575,279.55579788594537
95.79951078444667,-29.740071665396826,1.0,-0.6589607812870435,-1.4933431242541957,279.56805509780094
95.81107804718837,-29.741177849367165,1.0,-0.6600424485771228,-1.4930153353970539,279.5803240302388
95.82264545943579,-29.742283820483806,1.0,-0.6611241973721462,-1.4926874964801264,279.5926048005763
95.8342130207449,-29.74338958246462,1.0,-0.6622060250666832,-1.492359607142788,279.6048975261308
95.84578073067357,-29.744495139027695,1.0,-0.6632879290554134,-1.492031667023305,279.6172023242199
95.8573485887813,-29.74560049389128,1.0,-0.6643699067331408,-1.491703675758881,279.6295193121609
95.86891659462934,-29.746705650773826,0.9999999999999999,-0.6654519554948228,-1.4913756329856227,279.6418486072715
95.88048474778057,-29.747810613393963,0.9999999999999999,-0.666534072735498,-1.4910475383385915,279.654190326869
95.89205304779964,-29.748915385470482,0.9999999999999999,-0.6676162558503638,-1.4907193914517656,279.66654458827094
95.90362149425282,-29.7500199707224,0.9999999999999999,-0.6686985022347223,-1.490391191958043,279.6789115087948
95.9151900867082,-29.751124372868887,1.0,-0.6697808092840276,-1.4900629394892277,279.69129120575803
95.92675882473551,-29.75222859562931,0.9999999999999999,-0.6708631743938245,-1.4897346336760826,279.70368379647806
95.93832770790613,-29.75333264272321,1.0,-0.6719455949598343,-1.489406274148262,279.71608939827235
95.9498967357932,-29.754436517870314,1.0,-0.6730280683778451,-1.4890778605343655,279.72850812845854
95.96146590797161,-29.755540224790536,1.0,-0.6741105920438235,-1.4887493924619228,279.7409401043538
95.97303522401788,-29.756643767203958,1.0,-0.6751931633538266,-1.4884208695573768,279.75338544327576
95.9846046835103,-29.757747148830866,0.9999999999999999,-0.6762757797040813,-1.4880922914460726,279.76584426254203
95.99617428602879,-29.758850373391706,1.0,-0.6773584384908897,-1.4877636577523212,279.7783166794698
96.00774403115506,-29.759953444607117,1.0,-0.6784411371107231,-1.487434968099329,279.7908028113768
96.01931391847253,-29.761056366197916,0.9999999999999999,-0.6795238729601749,-1.4871062221092437,279.8033027755802
96.03088394756615,-29.762159141885085,0.9999999999999999,-0.6806066434359481,-1.4867774194031291,279.8158166893978
96.0424541180228,-29.763261775389804,1.0,-0.6816894459348939,-1.4864485596009693,279.82834467014686
96.05402442943098,-29.76436427043344,0.9999999999999999,-0.6827722778539975,-1.4861196423216647,279.8408868351447
96.06559488138087,-29.765466630737507,1.0,-0.6838551365903527,-1.485790667183089,279.85344330170915
96.07716547346442,-29.766568860023725,0.9999999999999999,-0.6849380195412005,-1.4854616338019682,279.8660141871574
96.08873620527524,-29.767670962013987,0.9999999999999998,-0.6860209241039126,-1.4851325417939911,279.87859960880724
96.10030707640867,-29.76877294043035,0.9999999999999999,-0.6871038476759761,-1.484803390773802,279.8911996839758
96.11187808646183,-29.769874798995076,0.9999999999999999,-0.6881867876550256,-1.484474180354887,279.90381452998054
96.12344923503333,-29.770976541430567,0.9999999999999998,-0.6892697414388298,-1.4841449101497375,279.91644426413916
96.13502052172372,-29.772078171459427,0.9999999999999998,-0.690352706425263,-1.483815579769729,279.92908900376904
96.14659194613515,-29.773179692804426,1.0,-0.6914356800123622,-1.4834861888251574,279.9417488661877
96.15816350787154,-29.774281109188525,0.9999999999999998,-0.6925186595982717,-1.4831567369252738,279.9544239687124
96.16973520653846,-29.77538242433485,0.9999999999999999,-0.6936016425812914,-1.4828272236782034,279.96711442866075
96.18130704174325,-29.7764836419667,0.9999999999999999,-0.6946846263598507,-1.482497648691055,279.97982036335026
96.19287901309492,-29.777584765807543,0.9999999999999999,-0.6957676083324884,-1.4821680115698186,279.99254189009827
96.20445112020427,-29.778685799581048,0.9999999999999999,-0.6968505858978924,-1.481838311919418,280.0052791262224
96.21602336268363,-29.77978674701102,1.0,-0.6979335564549087,-1.4815085493437188,280.01803218904007
96.22759574014722,-29.780887611821466,0.9999999999999999,-0.699016517402475,-1.4811787234454883,280.0308011958687
96.23916825221093,-29.781988397736566,0.9999999999999999,-0.7000994661396884,-1.4808488338264176,280.0435862640258
96.25074089849231,-29.783089108480652,1.0,-0.7011824000657692,-1.4805188800871605,280.0563875108288
96.26231367861072,-29.78418974777825,0.9999999999999999,-0.7022653165800943,-1.4801888618272407,280.06920505359517
96.27388659218714,-29.785290319354058,0.9999999999999999,-0.7033482130821396,-1.4798587786451414,280.08203900964236
96.2854596388443,-29.78639082693292,0.9999999999999999,-0.7044310869715513,-1.479528630138251,280.0948894962879
96.29703281820669,-29.78749127423988,1.0,-0.7055139356480984,-1.479198415902907,280.1077566308493
96.3086061299005,-29.788591665000155,0.9999999999999999,-0.7065967565116802,-1.4788681355343414,280.1206405306439
96.32017957355347,-29.789692002939102,1.0,-0.7076795469623347,-1.4785377886267277,280.1335413129892
96.33175314879531,-29.79079229178228,1.0,-0.7087623044002482,-1.4782073747731737,280.1464590952027
96.3433268552573,-29.791892535255407,1.0,-0.709845026225735,-1.4778768935656679,280.1593939946019
96.35490069257249,-29.792992737084365,1.0,-0.7109277098392432,-1.4775463445951722,280.17234612850416
96.36647466037559,-29.794092900995203,1.0,-0.7120103526413617,-1.4772157274515685,280.185315614227
96.3780487583031,-29.795193030714163,1.0,-0.7130929520328202,-1.47688504172363,280.19830256908796
96.38962298599317,-29.79629312996762,1.0,-0.7141755054144925,-1.4765542869990824,280.2113071104043
96.4011973430858,-29.797393202482166,0.9999999999999998,-0.7152580101873705,-1.4762234628645494,280.2243293554938
96.41277182922245,-29.798493251984507,1.0,-0.7163404637526058,-1.4758925689056,280.2373694216738
96.42434644404653,-29.79959328220155,0.9999999999999999,-0.7174228635114837,-1.47556160470673,280.25042742626164
96.4359211872031,-29.800693296860356,1.0,-0.7185052068654256,-1.4752305698513588,280.26350348657485
96.44749605833893,-29.80179329968816,1.0,-0.7195874912159788,-1.474899463921819,280.27659771993086
96.45907105710253,-29.802893294412364,1.0,-0.7206697139648712,-1.474568286499366,280.2897102436474
96.4706461831441,-29.803993284760534,1.0,-0.721751872513936,-1.4742370371641833,280.3028411750416
96.48222143611558,-29.805093274460397,0.9999999999999999,-0.7228339642651518,-1.4739057154954018,280.3159906314312
96.49379681567069,-29.806193267239856,0.9999999999999999,-0.723915986620649,-1.4735743210710268,280.32915873013343
96.50537232146468,-29.80729326682696,0.9999999999999999,-0.7249979369826862,-1.4732428534680508,280.3423455884658
96.5169479531547,-29.808393276949946,1.0,-0.7260798127536745,-1.472911312262319,280.3555513237459
96.52852371039958,-29.80949330133721,1.0,-0.727161611336169,-1.4725796970286567,280.36877605329124
96.54009959285987,-29.810593343717283,1.0,-0.7282433301328526,-1.47224800734082,280.38201989441905
96.55167560019785,-29.811693407818918,1.0,-0.7293249665465655,-1.471916242771428,280.395282964447
96.56325173207748,-29.812793497370972,1.0,-0.7304065179802821,-1.4715844028920912,280.4085653806924
96.57482798816446,-29.8138936161025,1.0,-0.7314879818371223,-1.47125248727329,280.42186726047294
96.58640436812624,-29.814993767742703,0.9999999999999999,-0.7325693555203454,-1.470920495484485,280.43518872110576
96.59798087163198,-29.816093956020953,0.9999999999999999,-0.7336506364333601,-1.4705884270939968,280.44852987990873
96.60955749835254,-29.81719418466678,0.9999999999999999,-0.734731821979727,-1.4702562816691263,280.46189085419905
96.62113424796055,-29.818294457409888,0.9999999999999999,-0.735812909563129,-1.4699240587760691,280.4752717612942
96.63271112013034,-29.81939477798011,0.9999999999999999,-0.7368938965874143,-1.4695917579799591,280.4886727185118
96.64428811453793,-29.820495150107476,1.0,-0.7379747804565513,-1.4692593788448498,280.50209384316906
96.65586523086114,-29.821595577522153,1.0,-0.739055558574691,-1.4689269209337077,280.5155352525837
96.66744246877944,-29.82269606395448,1.0,-0.7401362283460946,-1.468594383808444,280.52899706407305
96.67901982797409,-29.823796613134952,1.0,-0.7412167871751958,-1.468261767029876,280.5424793949547
96.69059730812802,-29.82489722879422,0.9999999999999998,-0.7422972324665418,-1.4679290701577656,280.5559823625459
96.70217490892591,-29.825997914663095,0.9999999999999999,-0.7433775616248575,-1.4675962927507875,280.5695060841643
96.7137526300542,-29.827098674472555,1.0,-0.7444577720550036,-1.467263434366533,280.5830506771274
96.725330471201,-29.82819951195372,0.9999999999999999,-0.7455378611619867,-1.4669304945615345,280.5966162587524
96.73690843205618,-29.829300430837886,1.0,-0.74661782635095,-1.4665974728912339,280.6102029463571
96.74848651231133,-29.830401434856494,1.0,-0.7476976650272116,-1.4662643689100072,280.6238108572589
96.7600647116598,-29.831502527741144,0.9999999999999999,-0.7487773745962203,-1.4659311821711718,280.63744010877497
96.77164302979658,-29.83260371322358,1.0000000000000002,-0.7498569524635554,-1.4655979122269223,280.6510908182232
96.78322146641847,-29.83370499503575,1.0,-0.7509363960349758,-1.4652645586284265,280.66476310292074
96.79480002122399,-29.83480637690969,1.0,-0.7520157027163767,-1.4649311209257583,280.6784570801852
96.80637869391336,-29.835907862577653,1.0,-0.7530948699137996,-1.4645975986678934,280.6921728673339
96.81795748418853,-29.83700945577199,1.0,-0.7541738950334285,-1.4642639914027917,280.7059105816845
96.82953639175322,-29.838111160225264,0.9999999999999999,-0.7552527754816278,-1.4639302986772726,280.71967034055444
96.84111541631283,-29.839212979670155,1.0,-0.756331508664859,-1.463596520037111,280.73345226126116
96.85269455757452,-29.84031491783951,0.9999999999999999,-0.7574100919897955,-1.4632626550269983,280.74725646112205
96.86427381524719,-29.84141697846632,1.0,-0.7584885228632166,-1.462928703190574,280.76108305745464
96.87585318904142,-29.84251916528375,1.0,-0.759566798692064,-1.4625946640703802,280.7749321675764
96.88743267866958,-29.84362148202508,1.0,-0.7606449168834342,-1.4622605372079,280.7888039088048
96.89901228384574,-29.844723932423797,0.9999999999999998,-0.7617228748445717,-1.4619263221435048,280.80269839845727
96.91059200428572,-29.845826520213485,1.0,-0.7628006699828909,-1.4615920184165248,280.8166157538514
96.92217183970705,-29.84692924912792,1.0,-0.7638782997059179,-1.4612576255652243,280.8305560923045
96.93375178982899,-29.848032122901007,1.0,-0.7649557614213656,-1.460923143126763,280.84451953113404
96.94533185437257,-29.849135145266818,0.9999999999999999,-0.7660330525371002,-1.4605885706372277,280.8585061876576
96.95691203306052,-29.85023831995956,1.0,-0.767110170461117,-1.4602539076316532,280.87251617919264
96.9684923256173,-29.8513416507136,0.9999999999999999,-0.7681871126015691,-1.4599191536439946,280.8865496230565
96.98007273176916,-29.852445141263452,1.0,-0.7692638763667965,-1.4595843082070985,280.90060663656675
96.99165325124397,-29.85354879534378,0.9999999999999999,-0.770340459165249,-1.4592493708527918,280.91468733704085
97.00323388377147,-29.854652616689407,1.0,-0.7714168584055558,-1.4589143411117753,280.92879184179634
97.01481462908303,-29.855756609035275,0.9999999999999999,-0.7724930714964806,-1.4585792185137088,280.9429202681504
97.02639548691182,-29.85686077611652,0.9999999999999999,-0.7735690958469865,-1.458244002587172,280.95707273342094
97.0379764569927,-29.85796512166838,1.0,-0.7746449288661257,-1.4579086928596396,280.9712493549251
97.04955753906228,-29.859069649426274,0.9999999999999999,-0.7757205679631625,-1.4575732888575672,280.9854502499803
97.06113873285891,-29.86017436312576,1.0,-0.776796010547474,-1.4572377901062694,280.9996755359043
97.0727200381227,-29.86127926650253,1.0,-0.777871254028641,-1.4569021961300486,281.0139253300144
97.08430145459545,-29.86238436329243,0.9999999999999998,-0.778946295816354,-1.456566506452095,281.02819974962796
97.09588298202073,-29.863489657231472,0.9999999999999999,-0.7800211333204885,-1.456230720594526,281.04249891206274
97.10746462014383,-29.864595152055788,0.9999999999999999,-0.7810957639510621,-1.4558948380784003,281.05682293463593
97.11904636871178,-29.865700851501657,0.9999999999999999,-0.7821701851182539,-1.4555588584237,281.0711719346651
97.13062822747335,-29.8668067593055,1.0,-0.783244394232403,-1.4552227811493346,281.08554602946765
97.14221019617905,-29.86791287920393,1.0,-0.7843183887040048,-1.454886605773087,281.09994533636126
97.15379227458115,-29.869019214933637,1.0,-0.7853921659437244,-1.4545503318117632,281.11436997266316
97.16537446243359,-29.870125770231496,1.0,-0.7864657233623555,-1.4542139587810112,281.128820055691
97.17695675949211,-29.871232548834502,1.0,-0.7875390583708697,-1.4538774861954487,281.1432957027621
97.18853916551419,-29.872339554479836,1.0,-0.7886121683804035,-1.4535409135685953,281.157797031194
97.20012168025903,-29.873446790904772,0.9999999999999999,-0.7896850508022526,-1.4532042404129157,281.17232415830404
97.21170430348754,-29.87455426184675,1.0,-0.7907577030478476,-1.452867466239777,281.1868772014099
97.22328703496242,-29.875661971043343,0.9999999999999999,-0.7918301225288129,-1.4525305905595047,281.201456277829
97.23486987444811,-29.876769922232285,0.9999999999999999,-0.7929023066569014,-1.4521936128813344,281.21606150487867
97.24645282171072,-29.877878119151433,1.0,-0.7939742528440368,-1.4518565327133963,281.23069299987645
97.25803587651819,-29.87898656553879,0.9999999999999999,-0.795045958502338,-1.4515193495627976,281.2453508801398
97.26961903864016,-29.8800952651325,0.9999999999999999,-0.796117421044026,-1.451182062935544,281.26003526298626
97.281202307848,-29.881204221670846,1.0,-0.7971886378815078,-1.4508446723365758,281.2747462657333
97.29278568391484,-29.88231343889226,0.9999999999999999,-0.7982596064273872,-1.450507177269742,281.28948400569845
97.30436916661556,-29.883422920535306,1.0,-0.7993303240943703,-1.450169577237844,281.30424860019883
97.31595275572676,-29.884532670338686,1.0,-0.8004007882953683,-1.4498318717425853,281.31904016655216
97.32753645102677,-29.885642692041237,0.9999999999999999,-0.8014709964434426,-1.449494060284625,281.3338588220759
97.33912025229571,-29.886752989381943,1.0,-0.8025409459517956,-1.4491561423635204,281.3487046840876
97.35070415931541,-29.887863566099927,0.9999999999999999,-0.8036106342338396,-1.4488181174777495,281.36357786990453
97.36228817186947,-29.88897442593445,1.0,-0.8046800587031058,-1.4484799851247345,281.3784784968443
