galstreams/tracks/track.st.M68.ibata2021.ecsv
# %ECSV 0.9
# ---
# datatype:
# - {name: ra, unit: deg, datatype: float64}
# - {name: dec, unit: deg, datatype: float64}
# - {name: distance, unit: kpc, datatype: float64}
# - {name: pm_ra_cosdec, unit: mas / yr, datatype: float64}
# - {name: pm_dec, unit: mas / yr, datatype: float64}
# - {name: radial_velocity, unit: km / s, datatype: float64}
# delimiter: ','
# meta: !!omap
# - __serialized_columns__:
#     dec:
#       __class__: astropy.coordinates.angles.Latitude
#       unit: &id001 !astropy.units.Unit {unit: deg}
#       value: !astropy.table.SerializedColumn {name: dec}
#     distance:
#       __class__: astropy.coordinates.distances.Distance
#       unit: !astropy.units.Unit {unit: kpc}
#       value: !astropy.table.SerializedColumn {name: distance}
#     pm_dec:
#       __class__: astropy.units.quantity.Quantity
#       unit: !astropy.units.Unit {unit: mas / yr}
#       value: !astropy.table.SerializedColumn {name: pm_dec}
#     pm_ra_cosdec:
#       __class__: astropy.units.quantity.Quantity
#       unit: !astropy.units.Unit {unit: mas / yr}
#       value: !astropy.table.SerializedColumn {name: pm_ra_cosdec}
#     ra:
#       __class__: astropy.coordinates.angles.Longitude
#       unit: *id001
#       value: !astropy.table.SerializedColumn {name: ra}
#       wrap_angle: !astropy.coordinates.Angle
#         unit: *id001
#         value: 360.0
#     radial_velocity:
#       __class__: astropy.units.quantity.Quantity
#       unit: !astropy.units.Unit {unit: km / s}
#       value: !astropy.table.SerializedColumn {name: radial_velocity}
# schema: astropy-2.0
ra,dec,distance,pm_ra_cosdec,pm_dec,radial_velocity
[from data line 421]
187.60658542711363,-39.729573073691846,3.9742065464575003,-4.494190622684833,9.86327633688777,-1.6841534259744676e-14
187.6088125132656,-39.71976900273645,3.974409790144916,-4.493521623131017,9.861716018589277,-3.368306851948935e-14
187.61103761466916,-39.709964700597496,3.974614620078465,-4.492850161650264,9.860144970762791,-1.6841534259744676e-14
187.61326074224888,-39.70016016877039,3.974821031524248,-4.492176247600336,9.858563214756732,-8.420767129872338e-14
187.61548190692298,-39.69035540874937,3.9750290197483693,-4.491499890340418,9.856970771919432,0.0
187.61770111960348,-39.680550422028084,3.975238580016927,-4.490821099231118,9.855367663599136,-3.368306851948935e-14
187.61991839119614,-39.670745210098985,3.975449707596024,-4.490139883634436,9.853753911143995,0.0
187.6221337326003,-39.66093977445392,3.975662397751759,-4.489456252913746,9.852129535902087,-6.73661370389787e-14
187.62434715470926,-39.65113411658357,3.975876645750235,-4.488770216433778,9.850494559221413,-6.73661370389787e-14
187.62655866840984,-39.64132823797798,3.976092446857554,-4.48808178356061,9.848849002449903,-5.0524602779234026e-14
187.62876828458283,-39.63152214012609,3.9763097963398146,-4.487390963661649,9.84719288693541,-1.6841534259744676e-14
187.63097601410263,-39.621715824516194,3.976528689463118,-4.486697766105595,9.845526234025737,-8.420767129872338e-14
187.63318186783746,-39.611909292635424,3.9767491214935675,-4.48600220026245,9.84384906506861,-1.6841534259744676e-14
187.63538585664935,-39.602102545970325,3.9769710876972626,-4.485304275503486,9.842161401411714,-6.73661370389787e-14
187.63758799139407,-39.592295586006294,3.9771945833403044,-4.484604001201227,9.840463264402667,-3.368306851948935e-14
187.6397882829211,-39.582488414228116,3.977419603688795,-4.483901386729432,9.838754675389062,-3.368306851948935e-14
187.64198674207393,-39.572681032119455,3.9776461440088338,-4.483196441463102,9.837035655718417,-5.0524602779234026e-14
187.64418337968965,-39.56287344116331,3.977874199566523,-4.482489174778417,9.835306226738233,-5.0524602779234026e-14
187.6463782065992,-39.55306564284165,3.978103765627963,-4.481779596052757,9.833566409795974,-1.6841534259744676e-14
187.64857123362737,-39.54325763863575,3.9783348374592564,-4.481067714664672,9.831816226239054,-1.6841534259744676e-14
187.65076247159283,-39.53344943002581,3.978567410326502,-4.480353539993872,9.830055697414874,-5.0524602779234026e-14
187.6529519313079,-39.52364101849139,3.9788014794958015,-4.479637081421194,9.828284844670808,-5.0524602779234026e-14
187.65513962357892,-39.51383240551097,3.9790370402332584,-4.478918348328602,9.826503689354201,-3.368306851948935e-14
187.65732555920593,-39.50402359256241,3.97927408780497,-4.478197350099167,9.824712252812393,-3.368306851948935e-14
187.65950974898294,-39.49421458112246,3.97951261747704,-4.477474096117052,9.822910556392694,-1.6841534259744676e-14
187.66169220369773,-39.484405372667275,3.979752624515569,-4.476748595767482,9.82109862144242,-5.0524602779234026e-14
187.66387293413192,-39.4745959686719,3.979994104186657,-4.476020858436746,9.819276469308871,-3.368306851948935e-14
187.66605195106106,-39.46478637061078,3.9802370517564047,-4.475290893512172,9.817444121339355,-6.73661370389787e-14
187.66822926525455,-39.454976579957275,3.9804814624909164,-4.4745587103821105,9.815601598881166,-3.368306851948935e-14
187.67040488747566,-39.445166598184116,3.9807273316562903,-4.473824318435926,9.813748923281608,0.0
187.67257882848162,-39.43535642676299,3.980974654518627,-4.473087727063973,9.811886115888004,-3.368306851948935e-14
187.67475109902338,-39.42554606716496,3.9812234263440294,-4.472348945657574,9.81001319804768,-1.6841534259744676e-14
187.67692170984597,-39.41573552085999,3.9814736423985986,-4.4716079836090294,9.80813019110797,-5.0524602779234026e-14
187.67909067168824,-39.40592478931746,3.9817252979484343,-4.470864850311571,9.806237116416238,-1.6841534259744676e-14
187.68125799528298,-39.39611387400571,3.9819783882596376,-4.470119555159377,9.804333995319872,-6.73661370389787e-14
187.6834236913568,-39.38630277639242,3.982232908598311,-4.469372107547516,9.80242084916627,-1.6841534259744676e-14
187.68558777063043,-39.37649149794425,3.982488854230554,-4.468622516871979,9.800497699302879,-1.6841534259744676e-14
187.68775024381836,-39.36668004012725,3.982746220422468,-4.467870792529629,9.798564567077168,-5.0524602779234026e-14
187.6899111216291,-39.35686840440638,3.9830050024401564,-4.467116943918202,9.796621473836636,-3.368306851948935e-14
187.69207041476503,-39.34705659224604,3.9832651955497167,-4.466360980436286,9.794668440928834,-1.6841534259744676e-14
187.69422813392262,-39.33724460510957,3.9835267950172515,-4.465602911483313,9.792705489701348,-1.6841534259744676e-14
187.69638428979218,-39.327432444459696,3.9837897961088626,-4.464842746459531,9.790732641501814,-3.368306851948935e-14
187.698538893058,-39.31762011175812,3.9840541940906493,-4.464080494766006,9.788749917677906,-1.6841534259744676e-14
187.70069195439837,-39.30780760846592,3.984319984228715,-4.463316165804587,9.786757339577367,-1.6841534259744676e-14
187.70284348448558,-39.29799493604316,3.9845871617891593,-4.4625497689779134,9.784754928547983,-8.420767129872338e-14
187.7049934939858,-39.288182095949296,3.9848557220380822,-4.461781313689379,9.782742705937604,-1.6841534259744676e-14
187.70714199355933,-39.278369089642716,3.9851256602415877,-4.461010809343138,9.780720693094146,-1.6841534259744676e-14
187.70928899386038,-39.2685559185813,3.9853969716657742,-4.460238265344077,9.778688911365569,-1.6841534259744676e-14
187.71143450553717,-39.258742584221814,3.9856696515767447,-4.459463691097801,9.776647382099931,-1.6841534259744676e-14
187.71357853923197,-39.248929088020475,3.985943695240598,-4.458687096010625,9.774596126645342,-1.6841534259744676e-14
187.71572110558105,-39.23911543143245,3.9862190979234366,-4.457908489489554,9.772535166349993,-6.73661370389787e-14
187.71786221521464,-39.22930161591235,3.986495854891362,-4.457127880942273,9.770464522562147,-3.368306851948935e-14
187.7200018787571,-39.21948764291372,3.9867739614104747,-4.4563452797771355,9.76838421663015,-1.6841534259744676e-14
187.72214010682677,-39.20967351388956,3.987053412746876,-4.455560695403136,9.766294269902428,-1.6841534259744676e-14
187.72427691003608,-39.19985923029183,3.987334204166666,-4.454774137229923,9.764194703727505,-6.73661370389787e-14
187.72641229899142,-39.190044793571914,3.987616330935947,-4.453985614667739,9.762085539453976,-5.0524602779234026e-14
187.72854628429332,-39.18023020518018,3.98789978832082,-4.453195137127467,9.759966798430545,-8.420767129872338e-14
187.7306788765363,-39.1704154665664,3.9881845715873845,-4.4524027140205575,9.757838502006003,-5.0524602779234026e-14
187.7328100863091,-39.16060057917937,3.9884706760017434,-4.451608354759068,9.755700671529235,-1.6841534259744676e-14
187.7349399241943,-39.15078554446728,3.9887580968299963,-4.4508120687556065,9.753553328349229,-3.368306851948935e-14
187.73706840076875,-39.14097036387733,3.989046829338245,-4.450013865423336,9.751396493815083,-3.368306851948935e-14
187.73919552660334,-39.13115503885613,3.989336868792592,-4.449213754175967,9.749230189275988,-1.6841534259744676e-14
187.741321312263,-39.121339570849294,3.9896282104591365,-4.448411744427733,9.747054436081259,-3.368306851948935e-14
187.74344576830688,-39.111523961301856,3.9899208496039793,-4.447607845593388,9.74486925558031,-1.6841534259744676e-14
187.74556890528814,-39.10170821165787,3.9902147814932216,-4.446802067088184,9.742674669122682,-6.73661370389787e-14
187.747690733754,-39.0918923233608,3.9905100013929657,-4.445994418327857,9.740470698058017,-6.73661370389787e-14
187.74981126424598,-39.08207629785311,3.9908065045693117,-4.445184908728617,9.738257363736084,-1.6841534259744676e-14
187.75193050729956,-39.072260136576745,3.991104286288361,-4.444373547707145,9.736034687506782,-1.6841534259744676e-14
187.7540484734445,-39.06244384097258,3.9914033418162145,-4.443560344680569,9.733802690720122,-3.368306851948935e-14
187.75616517320452,-39.052627412480994,3.991703666418974,-4.4427453090664395,9.73156139472625,-1.6841534259744676e-14
187.75828061709768,-39.04281085254132,3.9920052553627396,-4.441928450282754,9.729310820875435,-3.368306851948935e-14
187.76039481563603,-39.032994162592395,3.992308103913613,-4.441109777747896,9.72705099051809,-5.0524602779234026e-14
187.76250777932592,-39.023177344071996,3.992612207337694,-4.440289300880666,9.724781925004756,-6.73661370389787e-14
187.76461951866776,-39.01336039841738,3.992917560901086,-4.439467029100244,9.722503645686105,-3.368306851948935e-14
187.7667300441562,-39.003543327064854,3.993224159869887,-4.438642971826179,9.720216173912963,-1.6841534259744676e-14
187.76883936628,-38.993726131450096,3.9935319995102008,-4.437817138478383,9.717919531036284,-3.368306851948935e-14
187.7709474955222,-38.98390881300786,3.993841075088127,-4.436989538477125,9.715613738407175,-3.368306851948935e-14
187.77305444235995,-38.974091373172314,3.994151381869767,-4.436160181242993,9.71329881737689,-1.6841534259744676e-14
187.77516021726464,-38.96427381337667,3.994462915121222,-4.435329076196916,9.710974789296833,-5.0524602779234026e-14
187.77726483070188,-38.954456135053576,3.9947756701085937,-4.4344962327601225,9.708641675518553,-6.73661370389787e-14
187.77936829313143,-38.94463833963472,3.9950896420979816,-4.433661660354152,9.70629949739376,-6.73661370389787e-14
187.7814706150073,-38.9348204285512,3.995404826355488,-4.432825368400822,9.70394827627431,-3.368306851948935e-14
187.7835718067778,-38.92500240323321,3.995721218147213,-4.431987366322236,9.701588033512243,-3.368306851948935e-14
187.78567187888532,-38.91518426511034,3.9960388127392585,-4.4311476635407505,9.699218790459721,-1.6841534259744676e-14
187.78777084176662,-38.905366015611236,3.996357605397725,-4.43030626947898,9.69684056846911,-3.368306851948935e-14
187.78986870585268,-38.89554765616401,3.9966775913887145,-4.429463193559785,9.694453388892907,-3.368306851948935e-14
187.79196548156864,-38.88572918819579,3.996998765978327,-4.428618445206248,9.692057273083796,-1.6841534259744676e-14
187.794061179334,-38.875910613133165,3.997321124432664,-4.427772033841673,9.689652242394626,-3.368306851948935e-14
187.7961558095625,-38.866091932401766,3.9976446620178265,-4.426923968889566,9.687238318178416,-3.368306851948935e-14
187.79824938266214,-38.856273147426684,3.9979693739999154,-4.426074259773634,9.684815521788355,-1.6841534259744676e-14
187.80034190903515,-38.846454259632054,3.9982952556450324,-4.425222915917763,9.682383874577823,-3.368306851948935e-14
187.80243339907813,-38.83663527044148,3.9986223022192777,-4.424369946746015,9.67994339790036,-5.0524602779234026e-14
187.8045238631819,-38.82681618127756,3.998950508988753,-4.423515361682612,9.677494113109688,0.0
187.8066133117316,-38.816996993562434,3.9992798712195596,-4.42265917015192,9.675036041559727,-1.6841534259744676e-14
187.80870175510674,-38.80717770871726,3.999610384177798,-4.4218013815784545,9.672569204604562,-3.368306851948935e-14
187.810789203681,-38.79735832816264,3.9999420431295682,-4.420942005386852,9.670093623598474,-5.0524602779234026e-14
187.81287566782248,-38.7875388533182,4.000274843340973,-4.420081051001871,9.66760931989593,-3.368306851948935e-14
187.81496115789358,-38.77771928560314,4.000608780078113,-4.419218527848374,9.66511631485158,-5.0524602779234026e-14
187.817045684251,-38.767899626435614,4.00094384860709,-4.418354445351318,9.662614629820276,-5.0524602779234026e-14
187.81912925724583,-38.75807987723328,4.001280044194002,-4.417488812935746,9.660104286157061,-3.368306851948935e-14
187.82121188722343,-38.74826003941285,4.001617362104955,-4.416621640026773,9.657585305217154,-5.0524602779234026e-14
187.82329358452353,-38.73844011439051,4.001955797606046,-4.415752936049586,9.655057708356006,-5.0524602779234026e-14
187.82537435948026,-38.72862010358151,4.002295345963377,-4.414882710429415,9.652521516929244,0.0
187.82745422242206,-38.718800008400564,4.00263600244305,-4.414010972591543,9.649976752292698,-1.6841534259744676e-14
187.82953318367183,-38.708979830261455,4.002977762311166,-4.413137731961279,9.647423435802398,-6.73661370389787e-14
187.8316112535466,-38.69915957057742,4.003320620833825,-4.412262997963952,9.644861588814589,-1.6841534259744676e-14
187.83368844235812,-38.6893392307608,4.0036645732771285,-4.4113867800249125,9.6422912326857,-3.368306851948935e-14
187.83576476041227,-38.67951881222338,4.004009614907178,-4.4105090875695065,9.639712388772395,-3.368306851948935e-14
187.83784021800943,-38.669698316376,4.004355740990074,-4.4096299300230735,9.63712507843153,1.6841534259744676e-14
187.8399148254443,-38.65987774462906,4.004702946791918,-4.408749316810933,9.634529323020178,-1.6841534259744676e-14
187.84198859300614,-38.650057098391905,4.005051227578811,-4.407867257358384,9.63192514389561,-5.0524602779234026e-14
187.84406153097842,-38.64023637907347,4.005400578616854,-4.406983761090679,9.629312562415336,-5.0524602779234026e-14
187.8461336496392,-38.630415588081696,4.005750995172147,-4.406098837433026,9.62669159993706,-3.368306851948935e-14
187.84820495926087,-38.62059472682405,4.006102472510793,-4.405212495810577,9.624062277818709,-5.0524602779234026e-14
187.85027547011023,-38.610773796707036,4.006455005898893,-4.404324745648418,9.621424617418429,-3.368306851948935e-14
187.85234519244864,-38.60095279913667,4.006808590602547,-4.403435596371556,9.61877864009459,-3.368306851948935e-14
187.85441413653183,-38.59113173551802,4.007163221887854,-4.402545057404916,9.616124367205773,-3.368306851948935e-14
187.85648231260987,-38.581310607255666,4.00751889502092,-4.4016531381733195,9.613461820110794,-5.0524602779234026e-14
187.85854973092754,-38.57148941575324,4.0078756052678415,-4.400759848101498,9.610791020168689,-3.368306851948935e-14
187.86061640172377,-38.56166816241384,4.008233347894723,-4.399865196614047,9.608111988738706,-1.6841534259744676e-14
187.86268233523228,-38.551846848639826,4.0085921181676625,-4.398969193135464,9.605424747180349,0.0
187.86474754168103,-38.542025475832766,4.008951911352764,-4.398071847090092,9.60272931685332,-1.6841534259744676e-14
187.86681203129254,-38.53220404539348,4.0093127227161265,-4.3971731679021495,9.600025719117564,0.0
187.86887581428385,-38.5223825587222,4.009674547523851,-4.396273164995692,9.59731397533327,-1.6841534259744676e-14
187.87093890086643,-38.51256101721845,4.01003738104204,-4.395371847794616,9.594594106860825,1.6841534259744676e-14
187.87300130124635,-38.50273942228089,4.010401218536795,-4.394469225722661,9.591866135060883,-3.368306851948935e-14
187.87506302562406,-38.49291777530766,4.010766055274213,-4.393565308203384,9.589130081294318,-5.0524602779234026e-14
187.87712408419463,-38.483096077696,4.0111318865204,-4.392660104660144,9.586385966922244,-6.73661370389787e-14
187.87918448714754,-38.47327433084265,4.011498707541455,-4.391753624516119,9.583633813306001,-3.368306851948935e-14
187.88124424466696,-38.4634525361434,4.011866513603478,-4.390845877194282,9.580873641807184,0.0
187.88330336693147,-38.45363069499363,4.012235299972573,-4.389936872117389,9.57810547378761,-5.0524602779234026e-14
187.88536186411417,-38.4438088087877,4.0126050619148375,-4.389026618707981,9.57532933060936,-1.6841534259744676e-14
187.8874197463828,-38.43398687891955,4.012975794696374,-4.38811512638836,9.572545233634733,-1.6841534259744676e-14
187.8894770238996,-38.424164906782174,4.013347493583285,-4.387202404580602,9.569753204226284,0.0
187.89153370682135,-38.41434289376809,4.01372015384167,-4.386288462706531,9.566953263746804,-1.6841534259744676e-14
187.89358980529946,-38.404520841268905,4.014093770737631,-4.38537331018772,9.564145433559336,-1.0104920555846805e-13
187.8956453294798,-38.39469875067568,4.0144683395372684,-4.384456956445475,9.561329735027162,-1.6841534259744676e-14
187.89770028950298,-38.38487662337867,4.014843855506682,-4.383539410900836,9.558506189513825,-6.73661370389787e-14
