galstreams/tracks/track.st.Sagittarius.antoja2020.ecsv
# %ECSV 0.9
# ---
# datatype:
# - {name: ra, unit: deg, datatype: float64}
# - {name: dec, unit: deg, datatype: float64}
# - {name: distance, unit: kpc, datatype: float64}
# - {name: pm_ra_cosdec, unit: mas / yr, datatype: float64}
# - {name: pm_dec, unit: mas / yr, datatype: float64}
# - {name: radial_velocity, unit: km / s, datatype: float64}
# delimiter: ','
# meta: !!omap
# - __serialized_columns__:
#     dec:
#       __class__: astropy.coordinates.angles.Latitude
#       unit: &id001 !astropy.units.Unit {unit: deg}
#       value: !astropy.table.SerializedColumn {name: dec}
#     distance:
#       __class__: astropy.coordinates.distances.Distance
#       unit: !astropy.units.Unit {unit: kpc}
#       value: !astropy.table.SerializedColumn {name: distance}
#     pm_dec:
#       __class__: astropy.units.quantity.Quantity
#       unit: !astropy.units.Unit {unit: mas / yr}
#       value: !astropy.table.SerializedColumn {name: pm_dec}
#     pm_ra_cosdec:
#       __class__: astropy.units.quantity.Quantity
#       unit: !astropy.units.Unit {unit: mas / yr}
#       value: !astropy.table.SerializedColumn {name: pm_ra_cosdec}
#     ra:
#       __class__: astropy.coordinates.angles.Longitude
#       unit: *id001
#       value: !astropy.table.SerializedColumn {name: ra}
#       wrap_angle: !astropy.coordinates.Angle
#         unit: *id001
#         value: 360.0
#     radial_velocity:
#       __class__: astropy.units.quantity.Quantity
#       unit: !astropy.units.Unit {unit: km / s}
#       value: !astropy.table.SerializedColumn {name: radial_velocity}
# schema: astropy-2.0
ra,dec,distance,pm_ra_cosdec,pm_dec,radial_velocity
62.81863612494435,16.006257900744973,37.31490637044987,0.29827888929997787,-1.2404524317386936,0.0
61.51028239493865,15.379189326469625,36.540196584262766,0.363942579164938,-1.3301540644359116,-8.420767129872338e-15
60.20982918608837,14.744527407954862,35.87191133678232,0.39551725771581714,-1.3978413541016292,-3.368306851948935e-14
58.9169786143375,14.102643260406344,35.28062539962321,0.4016166537091962,-1.449822677626164,-1.6841534259744676e-14
57.63142352796688,13.453904265427248,34.743455681687266,0.3893283662626753,-1.4910847553178141,-5.0524602779234026e-14
56.35284834405831,12.798674075399754,34.24297283431882,0.3644047214127918,-1.5255104101587162,-2.5262301389617013e-14
55.08092983149212,12.137312646052901,33.76625079095778,0.3314380805200172,-1.5560667251697113,-2.5262301389617013e-14
53.81533784157795,11.470176294997028,33.304040860403305,0.29402097172430547,-1.5849669478918982,-4.210383564936169e-14
52.555735987798926,10.797617784095738,32.85005797718788,0.25489153514987545,-1.6138091900420737,-3.368306851948935e-14
51.30178227647351,10.119986423644022,32.400367643492274,0.2160648685333057,-1.6436946864371846,-1.6841534259744676e-14
50.05312969040905,9.437628196422152,31.95286297647355,0.17895093471309287,-1.675328110844056,-4.210383564936169e-14
48.80942672784519,8.750885899798027,31.506822104878886,0.14445974822423183,-1.7091021977175271,-3.368306851948935e-14
47.570317899166156,8.060099304153507,31.062536941280502,0.11309459727440896,-1.7451686878049113,-2.5262301389617013e-14
46.33544418400778,7.365605326011634,30.62100509309277,0.08503408171058272,-1.7834974020599672,-8.420767129872338e-15
45.104443451498014,6.667738214339657,30.183677368569896,0.0602037591718316,-1.823925051787215,-1.2631150694808506e-14
43.87695084645795,5.966829748597213,29.752253985021255,0.038338192280645444,-1.8661952128423116,-1.2631150694808506e-14
42.65259914445531,5.263209447187659,29.328523197287137,0.019034181125568053,-1.9099907273549404,-1.6841534259744676e-14
41.43101907864882,4.5572047850540045,28.914236636768443,0.0017959489612524165,-1.9549596470377981,-3.789345208442552e-14
40.21183964139441,3.8491414192372133,28.51101618670699,-0.013926973620358558,-2.000735696864095,-4.4209027431829774e-14
38.99468836360356,3.139343421284147,28.120287719538897,-0.028708448567476633,-2.0469541158689477,-5.6840178126638284e-14
37.77919157485653,2.4281335154546455,27.74323748858737,-0.04312032858437882,-2.093263622167699,-3.9998643866893604e-14
36.56497464727778,1.7158333217309467,27.380787400670876,-0.05771230276342377,-2.139335151100372,-5.894536990910637e-14
35.35166222618248,1.002763602679473,27.03358579982538,-0.07299637565939118,-2.184867927828216,-6.105056169157445e-14
34.13887845050047,0.28924451325177647,26.702010766755148,-0.0894354041956473,-2.229593357871733,-8.394452232591487e-14
32.92624716598267,-0.42440414735832066,26.38618328522994,-0.10743515592810667,-2.2732771501619133,-6.052426374595744e-14
31.71339213419165,-1.1378626826640401,26.085987946791086,-0.12733939155256202,-2.315720026389282,-6.631354114774466e-14
30.499937240276374,-1.8508112454918304,25.801099160151683,-0.1494275136609447,-2.356757317026548,-6.73661370389787e-14
29.285506702530892,-2.562929585091226,25.53101110285264,-0.17391436224459475,-2.396257697662942,-7.368171238638296e-14
28.06972528673721,-3.27389679560041,25.27506990131112,-0.20095177498908084,-2.4341212785577437,-8.420767129872338e-14
26.852218528294788,-3.9833910667333323,25.032506752579074,-0.23063156674694682,-2.470277224978397,-7.157652060391487e-14
25.632612965141583,-4.691089437576532,24.802470908079655,-0.26298961750741656,-2.5046810553615613,-7.578690416885104e-14
24.41053638447397,-5.396667554414969,24.584061627442143,-0.29801079154762516,-2.537311738093635,-7.578690416885104e-14
23.185618086274232,-6.099799433545288,24.37635838040223,-0.33563444213178223,-2.5681686852646393,-7.157652060391487e-14
21.957489166652437,-6.800157230082731,24.17844872762558,-0.3757602860409525,-2.5972687226604942,-7.578690416885104e-14
20.725782824003534,-7.4974110138235055,23.989453448278223,-0.4182544603164079,-2.6246430991180985,-8.420767129872338e-14
19.49013469096733,-8.191228553287855,23.8085486041809,-0.46295559985847917,-2.650334584806882,-8.420767129872338e-14
18.2501831951569,-8.881275109139985,23.634984338402795,-0.5096807989379155,-2.6743946966863956,-8.420767129872338e-14
17.005569951586374,-9.56721323825878,23.468100301085,-0.5582313422633106,-2.696881080021563,-7.578690416885104e-14
15.755940189679336,-10.248702609817622,23.30733767801958,-0.608398112037316,-2.717855067145635,-6.73661370389787e-14
14.50094321766963,-10.925399834821564,23.152247868891255,-0.6599665964695559,-2.7373794284036688,-7.578690416885104e-14
13.240232927114993,-11.596958310644997,23.002497922933077,-0.712721442548793,-2.7555163251712345,-5.0524602779234026e-14
11.973468340122915,-12.26302808221225,22.85787289083974,-0.7664505115728483,-2.7723254708314697,-5.894536990910637e-14
10.700314201737436,-12.923255721564697,22.718275293870583,-0.8209484100592198,-2.7878625024392223,-9.262843842859572e-14
9.420441619745416,-13.577284227661469,22.58372194488451,-0.8760194812846199,-2.8021775633526955,-9.262843842859572e-14
8.133528753929316,-14.224752948363218,22.454338382266542,-0.9314802539025027,-2.815314095239233,-6.73661370389787e-14
6.839261556513174,-14.865297526649535,22.330351196996887,-0.9871613539409875,-2.8273078364461055,-5.894536990910637e-14
5.537334565214978,-15.498549873216472,22.212078546103236,-1.0429088950666021,-2.8381860226684164,-1.0104920555846805e-13
4.227451749925672,-16.124138167690543,22.099919153034737,-1.0985853693893444,-2.8479667850565247,-8.420767129872338e-14
2.909327413577117,-16.741686890775394,21.994340097669603,-1.1540700673574926,-2.85665874030878,-5.0524602779234026e-14
1.5826871472342445,-17.350816889714984,21.895863696269803,-1.2092590605209081,-2.8642607668267206,-1.0104920555846805e-13
0.2472688388446935,-17.951145479508348,21.805053765241844,-1.26406478520113,-2.870761960614051,-6.73661370389787e-14
358.902823734399,-18.542286582342957,21.72250155254653,-1.3184152684646104,-2.8761417642311633,-3.368306851948935e-14
357.54911754949507,-19.12385090772127,21.648811607490053,-1.3722530403179498,-2.8803702617356537,-6.73661370389787e-14
356.1859316284545,-19.69544617573605,21.584587843864718,-1.4255337777934922,-2.88340863211531,-1.6841534259744676e-14
354.8130641472171,-20.256677385896605,21.53042003340746,-1.4782247276289293,-2.8852097532297156,-3.368306851948935e-14
353.4303313552309,-20.807147133820017,21.48687094669957,-1.530302954620679,-2.8857189477027028,-1.6841534259744676e-14
352.03756885047716,-21.346455977969704,21.454464337311208,-1.5817534624988907,-2.8848748615392172,-3.368306851948935e-14
350.63463288061996,-21.874202858447774,21.433673942543557,-1.632567233379499,-2.882610465471835,-6.73661370389787e-14
349.22140166206464,-22.38998556961942,21.424913650864042,-1.6827392305395346,-2.878854168174671,6.73661370389787e-14
347.79777670746006,-22.893401288066688,21.428528962364254,-1.7322664074766227,-2.8735310295223484,-1.6841534259744676e-14
346.3636841509015,-23.3840471570289,21.444789844577333,-1.7811457639899366,-2.866564061030817,-5.0524602779234026e-14
344.91907605881505,-23.8615209280868,21.473885062027783,-1.8293724873931065,-2.8578755995126217,-3.368306851948935e-14
343.4639317132386,-24.32542166038515,21.51591803419029,-1.876938213973526,-2.847388738834472,-1.347322740779574e-13
341.9982588530098,-24.77535047716233,21.570904253322038,-1.923829442479734,-2.835028803507677,-5.0524602779234026e-14
340.52209485724165,-25.210911378767804,21.63877027110456,-1.970026127781545,-2.820724846704785,3.368306851948935e-14
339.0355078544578,-25.631712110700185,21.719354241363888,-2.015500478939896,-2.8044111542161763,-6.73661370389787e-14
337.53859773991417,-26.037365084494958,21.812407985494744,-2.0602159817796992,-2.7860287348792503,-1.347322740779574e-13
336.0314970829784,-26.427488348537747,21.91760052773757,-2.1041266617171708,-2.76552677717473,-1.8525687685719145e-13
334.51437190603485,-26.8017066050847,22.034523029273615,-2.147176598094388,-2.7428640510355207,-3.368306851948935e-14
332.98742231625135,-27.159652268946616,22.16269503332212,-2.1892996966636735,-2.718010233500946,-3.368306851948935e-14
331.45088297174044,-27.500966562450984,22.301571918139057,-2.230419722193629,-2.690947136719292,-1.347322740779574e-13
329.90502336419996,-27.825300640450816,22.450553441106358,-2.270450588492964,-2.661669816998928,-8.420767129872338e-14
328.3501479010507,-28.13231673831863,22.608993245028067,-2.309296898529661,-2.6301875441724643,1.1789073981821273e-13
326.78659577143867,-28.421689335065913,22.77620918736349,-2.346854722827842,-2.5965246115036393,8.420767129872338e-14
325.21474058223015,-28.693106322984974,22.95149434446293,-2.383012600024835,-2.5607209677580283,-1.1789073981821273e-13
323.63498975231994,-28.94627017453969,23.13412853594997,-2.4176527394410017,-2.5228326548917432,-5.0524602779234026e-14
322.04778365616875,-29.18089909665799,23.32339020922523,-2.4506524018319773,-2.482932037089868,1.6841534259744676e-14
320.45359451046977,-29.396728162121548,23.518568520646326,-2.481885431233806,-2.4411078095977974,-1.0104920555846805e-13
318.85292500117407,-29.593510407426894,23.71897544825326,-2.5112239080502388,-2.397464778908278,-8.420767129872338e-14
317.24630665172657,-29.771017886325403,23.923957770931153,-2.5385398913373356,-2.3521234093534575,-1.347322740779574e-13
315.63429793720445,-29.92904266825142,24.132908750597537,-2.563707216674166,-2.3052191349476674,8.420767129872338e-14
314.01748215303934,-30.067397771030492,24.345279357322504,-2.586603315119461,-2.2569014393612896,-8.420767129872338e-14
312.3964650510357,-30.185918017629753,24.560588882181428,-2.6071110185780157,-2.207332711093322,-1.1789073981821273e-13
310.771872259389,-30.284460807272833,24.778434789037433,-2.6251203174561257,-2.1566868851538294,8.420767129872338e-14
309.144346507233,-30.36290679198879,24.998501664281008,-2.6405300377725114,-2.105147886762057,-3.368306851948935e-14
307.5145446778211,-30.421160450591284,25.220569132737243,-2.6532494068894628,-2.052907896602227,-6.73661370389787e-14
305.8831347176579,-30.459150553174943,25.4445186183987,-2.6631994796972838,-2.000165460946244,5.0524602779234026e-14
304.2507924316481,-30.47683051045386,25.670338840260392,-2.6703144003616104,-1.947123473343762,-8.420767129872338e-14
302.61819819654477,-30.474178603626175,25.898129946221562,-2.6745424785465968,-1.8939870574963087,1.6841534259744676e-14
300.9860336265875,-30.4511980919032,26.128106201671333,-2.675847063258875,-1.8409613832864364,3.368306851948935e-14
299.35497822616287,-30.407917196358,26.360597163881426,-2.6742072020052676,-1.788249449653455,1.1789073981821273e-13
297.7257060645808,-30.34438896029601,26.596047288572368,-2.669618077698649,-1.7360498690421735,1.1789073981821273e-13
296.0988825076202,-30.26069098789209,26.835013930882674,-2.662091220552722,-1.6845546884680327,8.420767129872338e-14
294.47516103937494,-30.156925064342747,27.078163719328863,-2.6516544969483027,-1.6339472818321183,-5.0524602779234026e-14
292.8551802061613,-30.033216662213903,27.32626729807434,-2.638351881805194,-1.5844003469954884,6.73661370389787e-14
291.23956071188684,-29.889714339995457,27.580192449798826,-2.6222430252375166,-1.536074039318783,8.420767129872338e-14
289.62890269139683,-29.72658904007469,27.840895628547973,-2.6034026281018074,-1.4891142709443854,-1.6841534259744676e-14
288.0237831850035,-29.544033294390907,28.109411949015584,-2.5819196443774994,-1.4436512021159809,1.6841534259744676e-14
286.42475383375,-29.34226034691419,28.386843695637147,-2.5578963310789233,-1.3997979473792141,-1.0104920555846805e-13
284.8323388110818,-29.12150320279031,28.674347431522662,-2.5314471685374764,-1.357649515682417,1.1789073981821273e-13
283.247033002587,-28.882013614504615,28.97311980349923,-2.502697675384329,-1.3172819992991052,1.8525687685719145e-13
281.6693004414381,-28.62406101573852,29.28438215523959,-2.4717831434014843,-1.27875202222697,8.420767129872338e-15
280.09957300320855,-28.347931413726677,29.60936407549616,-2.4388473176057404,-1.2420964543826485,1.9367764398706378e-13
278.5382493599459,-28.053926250879748,29.949286022713878,-2.404041046518115,-1.2073323936032943,2.1893994537668078e-13
276.98569418983243,-27.742361246228853,30.30534118063875,-2.36752092659836,-1.174457413272758,-2.5262301389617013e-14
275.44223763551963,-27.413565226889396,30.67867671185267,-2.3294479633510226,-1.1434500693893828,5.894536990910637e-14
273.9081750013384,-27.06787895925213,31.070374587333845,-2.289986269706679,-1.1142706571495298,-1.6841534259744676e-14
272.38376667709076,-26.705653989008447,31.48143218005517,-2.2493018200267056,-1.0868622036888862,-4.210383564936169e-14
270.8692382740535,-26.327251498425483,31.912742819185347,-2.2075612755527456,-1.0611516805422898,2.5262301389617013e-14
269.3647809571676,-25.933041188526825,32.36507650854778,-2.164930894404219,-1.037051416679587,2.020984111169361e-13
267.8705519561508,-25.52340019302622,32.83906101852838,-2.1215755363979447,-1.0144606906656153,2.1893994537668078e-13
266.38667523743544,-25.0987120300256,33.335163564516044,-2.077657770098342,-0.9932674785818818,8.420767129872338e-14
264.91324231838246,-24.65936559664271,33.853673287129745,-2.0333370866739244,-0.9733503328320019,2.020984111169361e-13
263.45031320511214,-24.205754210894167,34.394684749861604,-1.9887692223979823,-0.9545803658210428,1.4315304120782974e-13
261.9979174354974,-23.738274704341762,34.9580826682813,-1.9441055890427432,-0.9368233117333724,-6.73661370389787e-14
260.55605520934324,-23.25732656822557,35.54352808154873,-1.8994928090224585,-0.9199416392130825,8.420767129872338e-14
259.1246985884794,-22.763311155065846,36.15044617162403,-1.8550723499792474,-0.9037966876512936,0.0
257.703792750389,-22.25663093702661,36.77801592820997,-1.8109802516052003,-0.8882507999802112,6.73661370389787e-14
256.29325728003874,-21.737688821700853,37.42516184808632,-1.7673469358762004,-0.8731694253389553,2.1893994537668078e-13
254.8929874857276,-21.206887525405335,38.09054784608667,-1.7242970905513721,-0.8584231656857984,6.73661370389787e-14
253.5028557259968,-20.6646290035638,38.772573541519215,-1.681949614774297,-0.8438897413620524,2.3578147963642546e-13
252.12271273591327,-20.111313937310975,39.469373068358486,-1.6404176148997502,-0.8294558517427044,1.0946997268834039e-13
250.75238894231785,-19.547341275065772,40.178816540052885,-1.5998084382594224,-0.81501890841869,-5.0524602779234026e-14
249.39169575890338,-18.9731078274977,40.89851428034253,-1.5602237324640136,-0.8004886198285578,7.578690416885104e-14
248.0404268532253,-18.389007914043326,41.62582391011041,-1.52175951800605,-0.7857884078786727,-8.420767129872338e-15
246.6983593789404,-17.795433058916085,42.35786035706277,-1.4845062623633147,-0.7708566388490263,1.1789073981821273e-13
245.3652551677017,-17.192771734388362,43.09150883002978,-1.4485489444901765,-0.7556476527662193,7.578690416885104e-14
244.04086187619683,-16.581409149004923,43.82344077299083,-1.4139670995043985,-0.7401325774281027,1.515738083377021e-13
242.724914084805,-15.961727078308224,44.550132785668595,-1.3808348345098782,-0.7242999153795915,1.5999457546757442e-13
241.4171343452482,-15.334103735612246,45.267888467832414,-1.3492208078191343,-0.7081558943607789,-1.0104920555846805e-13
240.11723417543658,-14.69891368034967,45.97286311344538,-1.3191881653303223,-0.6917245740723945,2.3578147963642546e-13
238.82491500044674,-14.056527761531552,46.66109114864681,-1.2907944294479452,-0.6750477045257023,2.3999186320136165e-13
237.53986903922916,-13.407313093896033,47.32851617445901,-1.2640913376893208,-0.6581843337602299,1.4315304120782974e-13
236.2617801372263,-12.751633064378563,47.97102344124651,-1.239124629964207,-0.6412101653189516,1.0525958912340423e-13
234.99032454558818,-12.089847366607096,48.58447454755463,-1.2159337854262136,-0.6242166685617847,1.4736342477276593e-13
