galstreams/tracks/track.st.Leiptr.ibata2021.ecsv
# %ECSV 0.9
# ---
# datatype:
# - {name: ra, unit: deg, datatype: float64}
# - {name: dec, unit: deg, datatype: float64}
# - {name: distance, unit: kpc, datatype: float64}
# - {name: pm_ra_cosdec, unit: mas / yr, datatype: float64}
# - {name: pm_dec, unit: mas / yr, datatype: float64}
# - {name: radial_velocity, unit: km / s, datatype: float64}
# delimiter: ','
# meta: !!omap
# - __serialized_columns__:
#     dec:
#       __class__: astropy.coordinates.angles.Latitude
#       unit: &id001 !astropy.units.Unit {unit: deg}
#       value: !astropy.table.SerializedColumn {name: dec}
#     distance:
#       __class__: astropy.coordinates.distances.Distance
#       unit: !astropy.units.Unit {unit: kpc}
#       value: !astropy.table.SerializedColumn {name: distance}
#     pm_dec:
#       __class__: astropy.units.quantity.Quantity
#       unit: !astropy.units.Unit {unit: mas / yr}
#       value: !astropy.table.SerializedColumn {name: pm_dec}
#     pm_ra_cosdec:
#       __class__: astropy.units.quantity.Quantity
#       unit: !astropy.units.Unit {unit: mas / yr}
#       value: !astropy.table.SerializedColumn {name: pm_ra_cosdec}
#     ra:
#       __class__: astropy.coordinates.angles.Longitude
#       unit: *id001
#       value: !astropy.table.SerializedColumn {name: ra}
#       wrap_angle: !astropy.coordinates.Angle
#         unit: *id001
#         value: 360.0
#     radial_velocity:
#       __class__: astropy.units.quantity.Quantity
#       unit: !astropy.units.Unit {unit: km / s}
#       value: !astropy.table.SerializedColumn {name: radial_velocity}
# schema: astropy-2.0
ra,dec,distance,pm_ra_cosdec,pm_dec,radial_velocity
[from data line 6247]
106.84797240816673,-40.173120669658616,6.518416005399576,9.436172616542212,-6.447106480202621,-6.73661370389787e-14
106.85863543076323,-40.178945170394286,6.517926994236847,9.43521519041538,-6.44489222242358,-3.368306851948935e-14
106.86930012429822,-40.18476887945988,6.517437638656304,9.434257124880462,-6.442677585942782,0.0
106.87996648918056,-40.190591796550805,6.516947938509107,9.433298419715301,-6.440462571009576,-3.368306851948935e-14
106.89063452581905,-40.19641392136245,6.516457893646411,9.432339074697701,-6.4382471778734915,0.0
106.90130423462237,-40.20223525359006,6.515967503919367,9.431379089605413,-6.4360314067842515,0.0
106.91197561599921,-40.2080557929288,6.515476769179133,9.430418464216103,-6.433815257991732,-6.73661370389787e-14
106.92264867035814,-40.213875539073776,6.514985689276864,9.42945719830742,-6.431598731746004,0.0
106.9333233981077,-40.219694491719935,6.514494264063714,9.428495291656926,-6.429381828297316,-3.368306851948935e-14
106.94399979965634,-40.22551265056221,6.51400249339084,9.42753274404214,-6.42716454789609,0.0
106.95467787541246,-40.23133001529542,6.513510377109393,9.42656955524052,-6.424946890792935,1.6841534259744676e-14
106.96535762578434,-40.23714658561426,6.513017915070532,9.42560572502948,-6.422728857238633,5.0524602779234026e-14
106.9760390511803,-40.24296236121337,6.512525107125411,9.424641253186351,-6.420510447484144,8.420767129872338e-14
106.98672215200847,-40.2487773417873,6.5120319531251845,9.423676139488439,-6.418291661780616,1.6841534259744676e-14
106.99740692867701,-40.254591527030506,6.511538452921009,9.422710383712973,-6.416072500379364,-3.368306851948935e-14
107.00809338159398,-40.260404916637334,6.5110446063640355,9.421743985637132,-6.413852963531893,-3.368306851948935e-14
107.01878151116735,-40.26621751030206,6.510550413305424,9.42077694503804,-6.411633051489888,-1.0104920555846805e-13
107.02947131780506,-40.27202930771888,6.510055873596326,9.41980926169277,-6.409412764505202,-3.368306851948935e-14
107.04016280191493,-40.27784030858189,6.509560987087899,9.41884093537833,-6.407192102829885,0.0
107.05085596390477,-40.283650512585055,6.509065753631296,9.417871965871676,-6.4049710667161515,-8.420767129872338e-14
107.0615508041823,-40.28945991942231,6.508570173077672,9.416902352949709,-6.402749656416403,0.0
107.07224732315514,-40.29526852878749,6.508074245278184,9.415932096389271,-6.400527872183225,0.0
107.0829455212309,-40.30107634037431,6.507577970083984,9.414961195967155,-6.398305714269377,-3.368306851948935e-14
107.09364539881706,-40.30688335387641,6.507081347346231,9.41398965146009,-6.396083182927798,0.0
107.10434695632108,-40.312689568987345,6.506584376916077,9.413017462644756,-6.393860278411614,-5.0524602779234026e-14
107.11505019415031,-40.318494985400584,6.506087058644679,9.412044629297773,-6.391637000974125,0.0
107.1257551127121,-40.32429960280948,6.5055893923831905,9.411071151195712,-6.389413350868819,1.6841534259744676e-14
107.13646171241363,-40.33010342090735,6.505091377982768,9.41009702811508,-6.387189328349359,-1.1789073981821273e-13
107.14716999366208,-40.335906439387344,6.5045930152945655,9.409122259832335,-6.384964933669588,-5.0524602779234026e-14
107.15787995686456,-40.341708657942604,6.504094304169737,9.40814684612388,-6.382740167083538,5.0524602779234026e-14
107.16859160242805,-40.347510076266104,6.50359524445944,9.407170786766052,-6.380515028845413,0.0
107.17930493075954,-40.353310694050805,6.503095836014826,9.406194081535151,-6.378289519209604,1.6841534259744676e-14
107.1900199422659,-40.3591105109895,6.502596078687054,9.405216730207409,-6.376063638430679,0.0
107.20073663735393,-40.36490952677495,6.502095972327277,9.404238732559005,-6.373837386763391,1.6841534259744676e-14
107.21145501643038,-40.37070774109981,6.50159551678665,9.40326008836606,-6.371610764462674,-1.6841534259744676e-14
107.2221750799019,-40.37650515365664,6.501094711916329,9.402280797404648,-6.369383771783642,3.368306851948935e-14
107.23289682817511,-40.38230176413791,6.500593557567466,9.401300859450789,-6.367156408981594,1.6841534259744676e-14
107.24362026165653,-40.388097572236,6.500092053591222,9.400320274280432,-6.364928676312004,3.368306851948935e-14
107.2543453807526,-40.393892577643186,6.499590199838748,9.39933904166949,-6.362700574030537,-3.368306851948935e-14
107.26507218586971,-40.39968678005169,6.499087996161197,9.398357161393815,-6.360472102393034,3.368306851948935e-14
107.27580067741415,-40.405480179153614,6.498585442409728,9.3973746332292,-6.358243261655524,-5.0524602779234026e-14
107.28653085579221,-40.411272774641,6.498082538435494,9.396391456951386,-6.356014052074205,-3.368306851948935e-14
107.29726272140998,-40.41706456620574,6.4975792840896505,9.395407632336058,-6.3537844739054705,1.6841534259744676e-14
107.3079962746736,-40.4228555535397,6.497075679223353,9.394423159158851,-6.351554527405897,-5.0524602779234026e-14
107.31873151598909,-40.42864573633464,6.4965717236877545,9.393438037195345,-6.349324212832234,0.0
107.32946844576234,-40.434435114282195,6.4960674173340145,9.392452266221058,-6.34709353044142,0.0
107.34020706439931,-40.44022368707395,6.495562760013283,9.39146584601146,-6.344862480490573,1.6841534259744676e-14
107.35094737230571,-40.44601145440138,6.495057751576718,9.390478776341968,-6.342631063237,-3.368306851948935e-14
107.36168936988732,-40.45179841595588,6.494552391875475,9.389491056987938,-6.3403992789381824,0.0
107.37243305754977,-40.45758457142876,6.494046680760705,9.388502687724685,-6.3381671278517935,8.420767129872338e-14
107.38317843569864,-40.46336992051119,6.493540618083568,9.387513668327445,-6.335934610235679,-1.1789073981821273e-13
107.39392550473943,-40.46915446289436,6.493034203695215,9.386523998571434,-6.333701726347877,0.0
107.40467426507757,-40.47493819826922,6.492527437446804,9.38553367823178,-6.331468476446609,-1.6841534259744676e-14
107.41542471711841,-40.48072112632677,6.4920203191894865,9.384542707083588,-6.329234860790278,6.73661370389787e-14
107.42617686126722,-40.486503246757806,6.491512848774424,9.383551084901875,-6.32700087963746,0.0
107.43693069792923,-40.49228455925315,6.491005026052766,9.382558811461635,-6.324766533246933,-5.0524602779234026e-14
107.44768622750954,-40.49806506350342,6.490496850875669,9.381565886537794,-6.322531821877645,3.368306851948935e-14
107.4584434504132,-40.50384475919922,6.489988323094287,9.380572309905235,-6.320296745788743,0.0
107.46920236704518,-40.50962364603102,6.489479442559776,9.37957808133876,-6.3180613052395405,-5.0524602779234026e-14
107.47996297781044,-40.515401723689244,6.488970209123291,9.378583200613154,-6.31582550048954,3.368306851948935e-14
107.49072528311373,-40.5211789918642,6.488460622635987,9.377587667503118,-6.313589331798436,-1.6841534259744676e-14
107.50148928335983,-40.52695545024607,6.48795068294902,9.376591481783315,-6.311352799426101,1.6841534259744676e-14
107.51225497895341,-40.53273109852501,6.4874403899135435,9.37559464322835,-6.309115903632591,-8.420767129872338e-14
107.52302237029906,-40.53850593639106,6.486929743380715,9.374597151612782,-6.306878644678152,1.6841534259744676e-14
107.5337914578013,-40.54427996353415,6.4864187432016855,9.3735990067111,-6.304641022823207,-1.6841534259744676e-14
107.54456224186457,-40.55005317964416,6.485907389227614,9.37260020829776,-6.3024030383283725,-5.0524602779234026e-14
107.55533472289324,-40.55582558441083,6.485395681309651,9.371600756147153,-6.3001646914544445,0.0
107.56610890129159,-40.56159717752386,6.484883619298957,9.370600650033614,-6.2979259824624,1.6841534259744676e-14
107.5768847774638,-40.567367958672826,6.484371203046683,9.369599889731433,-6.295686911613413,-1.6841534259744676e-14
107.58766235181405,-40.57313792754723,6.483858432403987,9.368598475014839,-6.293447479168827,-1.6841534259744676e-14
107.59844162474636,-40.57890708383648,6.483345307222021,9.367596405658018,-6.291207685390186,0.0
107.60922259666472,-40.584675427229875,6.482831827351941,9.366593681435097,-6.288967530539213,5.0524602779234026e-14
107.62000526797301,-40.590442957416656,6.482317992644902,9.365590302120145,-6.2867270148778065,8.420767129872338e-14
107.63078963907505,-40.596209674085955,6.4818038029520615,9.364586267487184,-6.28448613866807,0.0
107.64157571037458,-40.60197557692681,6.481289258124571,9.36358157731019,-6.282244902172279,-1.6841534259744676e-14
107.65236348227526,-40.60774066562819,6.480774358013588,9.362576231363073,-6.2800033056528966,3.368306851948935e-14
107.6631529551807,-40.613504939878965,6.480259102470266,9.361570229419698,-6.2777613493725735,1.6841534259744676e-14
107.67394412949433,-40.61926839936789,6.4797434913457606,9.360563571253874,-6.275519033594149,-5.0524602779234026e-14
107.68473700561962,-40.625031043783636,6.479227524491227,9.359556256639362,-6.2732763585806435,-1.347322740779574e-13
107.6955315839599,-40.63079287281485,6.47871120175782,9.358548285349864,-6.271033324595266,3.368306851948935e-14
107.70632786491844,-40.63655388615,6.478194522996697,9.357539657159034,-6.268789931901414,1.6841534259744676e-14
107.71712584889839,-40.64231408347749,6.4776774880590064,9.356530371840472,-6.266546180762665,-5.0524602779234026e-14
107.72792553630288,-40.64807346448566,6.477160096795909,9.355520429167733,-6.264302071442787,-1.6841534259744676e-14
107.73872692753491,-40.653832028862745,6.476642349058559,9.354509828914303,-6.262057604205738,-3.368306851948935e-14
107.74953002299743,-40.659589776296876,6.476124244698112,9.353498570853633,-6.259812779315652,-1.6841534259744676e-14
107.76033482309329,-40.66534670647612,6.4756057835657215,9.352486654759108,-6.257567597036866,5.0524602779234026e-14
107.77114132822527,-40.67110281908842,6.475086965512541,9.351474080404078,-6.255322057633892,1.6841534259744676e-14
107.78194953879606,-40.67685811382167,6.4745677903897265,9.350460847561818,-6.2530761613714265,1.6841534259744676e-14
107.79275945520826,-40.68261259036364,6.474048258048437,9.349446956005572,-6.250829908514363,5.0524602779234026e-14
107.8035710778644,-40.688366248402005,6.4735283683398235,9.348432405508515,-6.248583299327776,-8.420767129872338e-14
107.81438440716694,-40.694119087624394,6.4730081211150425,9.347417195843786,-6.246336334076931,-8.420767129872338e-14
107.82519944351829,-40.699871107718316,6.472487516225246,9.34640132678447,-6.244089013027272,6.73661370389787e-14
107.83601618732065,-40.70562230837118,6.471966553521595,9.345384798103577,-6.241841336444441,8.420767129872338e-14
107.84683463897628,-40.711372689270306,6.471445232855239,9.344367609574105,-6.23959330459427,3.368306851948935e-14
107.85765479888724,-40.71712225010295,6.470923554077336,9.343349760968959,-6.237344917742762,-1.6841534259744676e-14
107.86847666745562,-40.72287099055627,6.470401517039039,9.342331252061026,-6.235096176156127,3.368306851948935e-14
107.87930024508337,-40.7286189103173,6.469879121591505,9.341312082623121,-6.232847080100745,8.420767129872338e-14
107.8901255321723,-40.73436600907302,6.469356367585888,9.340292252428014,-6.230597629843199,-3.368306851948935e-14
107.90095252912425,-40.74011228651032,6.468833254873345,9.339271761248426,-6.228347825650255,-1.6841534259744676e-14
107.91178123634093,-40.74585774231598,6.468309783305027,9.33825060885702,-6.226097667788858,5.0524602779234026e-14
107.92261165422387,-40.75160237617668,6.4677859527320924,9.337228795026421,-6.2238471565261655,-6.73661370389787e-14
107.9334437831747,-40.757346187779056,6.467261763005694,9.336206319529188,-6.221596292129493,-5.0524602779234026e-14
107.94427762359483,-40.763089176809615,6.466737213976989,9.335183182137833,-6.219345074866361,3.368306851948935e-14
107.95511317588559,-40.768831342954776,6.466212305497131,9.334159382624819,-6.217093505004486,0.0
107.96595044044828,-40.77457268590088,6.4656870374172755,9.333134920762564,-6.214841582811755,-3.368306851948935e-14
107.97678941768412,-40.78031320533418,6.465161409588579,9.332109796323417,-6.212589308556252,-1.6841534259744676e-14
107.98763010799419,-40.78605290094083,6.464635421862191,9.331084009079703,-6.210336682506261,1.6841534259744676e-14
107.99847251177951,-40.79179177240689,6.464109074089276,9.330057558803663,-6.208083704930231,-3.368306851948935e-14
108.009316629441,-40.79752981941834,6.46358236612098,9.329030445267518,-6.205830376096825,0.0
108.02016246137953,-40.80326704166106,6.463055297808461,9.328002668243421,-6.2035766962748795,-6.73661370389787e-14
108.03101000799587,-40.809003438820845,6.462527869002876,9.32697422750348,-6.201322665733426,1.6841534259744676e-14
108.04185926969069,-40.8147390105834,6.462000079555379,9.325945122819748,-6.199068284741681,1.6841534259744676e-14
108.05271024686454,-40.82047375663435,6.461471929317125,9.32491535396423,-6.19681355356906,1.6841534259744676e-14
108.06356293991799,-40.8262076766592,6.460943418139268,9.323884920708885,-6.194558472485157,0.0
108.0744173492514,-40.83194077034341,6.460414545872961,9.322853822825618,-6.192303041759763,-1.6841534259744676e-14
108.08527347526514,-40.837673037372284,6.459885312369364,9.321822060086278,-6.190047261662855,-3.368306851948935e-14
108.09613131835943,-40.843404477431115,6.45935571747963,9.320789632262672,-6.187791132464604,5.0524602779234026e-14
108.10699087893441,-40.84913509020503,6.458825761054914,9.319756539126553,-6.185534654435367,5.0524602779234026e-14
108.11785215739016,-40.854864875379114,6.45829544294637,9.31872278044962,-6.183277827845695,0.0
108.12871515412667,-40.860593832638365,6.457764763005155,9.317688356003535,-6.181020652966323,3.368306851948935e-14
108.1395798695438,-40.86632196166764,6.457233721082423,9.316653265559895,-6.178763130068185,-1.6841534259744676e-14
108.15044630404137,-40.87204926215178,6.456702317029329,9.315617508890258,-6.176505259422399,5.0524602779234026e-14
108.16131445801909,-40.877775733775465,6.456170550697028,9.314581085766122,-6.174247041300276,5.0524602779234026e-14
108.17218433187658,-40.883501376223336,6.455638421936674,9.313543995958938,-6.171988475973315,5.0524602779234026e-14
108.1830559260134,-40.8892261891799,6.455105930599422,9.312506239240118,-6.169729563713208,1.6841534259744676e-14
108.19392924082891,-40.894950172329615,6.454573076536429,9.311467815381011,-6.167470304791846,-1.6841534259744676e-14
108.20480427672256,-40.90067332535681,6.4540398595988515,9.31042872415292,-6.165210699481289,1.6841534259744676e-14
108.21568103409355,-40.90639564794577,6.45350627963784,9.309388965327106,-6.162950748053816,0.0
108.22655951334112,-40.91211713978065,6.452972336504551,9.30834853867476,-6.160690450781871,3.368306851948935e-14
108.23743971486428,-40.91783780054551,6.452438030050142,9.307307443967055,-6.15842980793811,-6.73661370389787e-14
108.24832163906207,-40.923557629924375,6.4519033601257645,9.306265680975086,-6.156168819795371,-3.368306851948935e-14
108.2592052863334,-40.929276627601126,6.4513683265825765,9.305223249469911,-6.153907486626679,6.73661370389787e-14
108.27009065707706,-40.93499479325954,6.450832929271732,9.304180149222546,-6.151645808705258,3.368306851948935e-14
108.28097775169176,-40.940712126583364,6.450297168044384,9.303136380003934,-6.1493837863045275,-3.368306851948935e-14
108.29186657057619,-40.94642862725623,6.449761042751691,9.302091941584994,-6.147121419698083,5.0524602779234026e-14
108.30275711412881,-40.952144294961656,6.449224553244805,9.301046833736587,-6.144858709159733,0.0
108.31364938274811,-40.95785912938309,6.448687699374882,9.300001056229515,-6.142595654963458,0.0
108.32454337683242,-40.96357313020387,6.448150480993081,9.298954608834547,-6.140332257383445,-1.0104920555846805e-13
108.33543909678006,-40.969286297107324,6.44761289795055,9.297907491322393,-6.1380685166940605,5.0524602779234026e-14
108.34633654298916,-40.97499862977654,6.4470749500984486,9.29685970346372,-6.135804433169876,-1.6841534259744676e-14
108.3572357158578,-40.98071012789465,6.446536637287931,9.295811245029142,-6.133540007085654,1.6841534259744676e-14
