galstreams/tracks/track.st.Gaia-12.ibata2021.ecsv
# %ECSV 1.0
# ---
# datatype:
# - {name: ra, unit: deg, datatype: float64}
# - {name: dec, unit: deg, datatype: float64}
# - {name: distance, unit: kpc, datatype: float64}
# - {name: pm_ra_cosdec, unit: mas / yr, datatype: float64}
# - {name: pm_dec, unit: mas / yr, datatype: float64}
# - {name: radial_velocity, unit: km / s, datatype: float64}
# delimiter: ','
# meta: !!omap
# - __serialized_columns__:
#     dec:
#       __class__: astropy.coordinates.angles.Latitude
#       unit: &id001 !astropy.units.Unit {unit: deg}
#       value: !astropy.table.SerializedColumn {name: dec}
#     distance:
#       __class__: astropy.coordinates.distances.Distance
#       unit: !astropy.units.Unit {unit: kpc}
#       value: !astropy.table.SerializedColumn {name: distance}
#     pm_dec:
#       __class__: astropy.units.quantity.Quantity
#       unit: !astropy.units.Unit {unit: mas / yr}
#       value: !astropy.table.SerializedColumn {name: pm_dec}
#     pm_ra_cosdec:
#       __class__: astropy.units.quantity.Quantity
#       unit: !astropy.units.Unit {unit: mas / yr}
#       value: !astropy.table.SerializedColumn {name: pm_ra_cosdec}
#     ra:
#       __class__: astropy.coordinates.angles.Longitude
#       unit: *id001
#       value: !astropy.table.SerializedColumn {name: ra}
#       wrap_angle: !astropy.coordinates.Angle
#         unit: *id001
#         value: 360.0
#     radial_velocity:
#       __class__: astropy.units.quantity.Quantity
#       unit: !astropy.units.Unit {unit: km / s}
#       value: !astropy.table.SerializedColumn {name: radial_velocity}
# schema: astropy-2.0
ra,dec,distance,pm_ra_cosdec,pm_dec,radial_velocity
[from data line 143]
37.199867221861076,19.40155231336514,13.087788011463472,5.310681832567168,-5.2141118507826185,-3.368306851948935e-14
37.207931208221936,19.39504334831593,13.085703864221948,5.312398063045724,-5.21500532419702,1.6841534259744676e-14
37.21599530999687,19.388534905088807,13.083612250066516,5.314109382796887,-5.215899889872673,0.0
37.224059525699396,19.382026981692636,13.08151318834282,5.315815803321749,-5.21679554630188,3.368306851948935e-14
37.23212385384283,19.375519576136615,13.079406698396518,5.317517336121674,-5.2176922919794615,6.73661370389787e-14
37.240188292940324,19.369012686430285,13.077292799573275,5.319213992698286,-5.218590125402767,-1.6841534259744676e-14
37.24825284150485,19.36250631058351,13.07517151121874,5.320905784553484,-5.219489045071674,5.0524602779234026e-14
37.25631749804918,19.35600044660649,13.07304285267856,5.322592723189437,-5.220389049488582,1.6841534259744676e-14
37.264382261085935,19.349495092509773,13.0709068432984,5.324274820108579,-5.221290137158412,6.73661370389787e-14
37.272447129127514,19.342990246304215,13.068763502423915,5.325952086813605,-5.2221923065886084,5.0524602779234026e-14
37.28051210068615,19.336485906001034,13.066612849400753,5.327624534807491,-5.223095556289131,0.0
37.28857717427395,19.32998206961177,13.064454903574578,5.3292921755934675,-5.223999884772471,-5.0524602779234026e-14
37.296642348402735,19.323478735148278,13.062289684291034,5.330955020675037,-5.224905290553633,-1.6841534259744676e-14
37.304707621584186,19.316975900622808,13.060117210895786,5.332613081555967,-5.225811772150134,-1.6841534259744676e-14
37.31277299232991,19.310473564047825,13.057937502734484,5.3342663697402894,-5.22671932808202,-1.6841534259744676e-14
37.320838459151204,19.303971723436238,13.055750579152782,5.3359148967323025,-5.227627956871851,0.0
37.328904020559214,19.297470376801243,13.053556459496338,5.337558674036567,-5.228537657044692,1.6841534259744676e-14
37.336969675064914,19.290969522156388,13.051355163110806,5.339197713157914,-5.2294484271281405,3.368306851948935e-14
37.34503542117911,19.284469157515527,13.049146709341843,5.340832025601429,-5.230360265652287,5.0524602779234026e-14
37.353101257412405,19.27796928089287,13.0469311175351,5.342461622872471,-5.231273171149756,1.6841534259744676e-14
37.36116718227524,19.271469890302946,13.044708407036238,5.344086516476659,-5.23218714215567,1.6841534259744676e-14
37.3692331942779,19.264970983760616,13.042478597190904,5.345706717919871,-5.2331021772076705,6.73661370389787e-14
37.37729929193043,19.258472559281085,13.040241707344753,5.347322238708251,-5.234018274845903,1.6841534259744676e-14
37.38536547374272,19.251974614879874,13.03799775684345,5.348933090348207,-5.234935433613024,5.0524602779234026e-14
37.39343173822451,19.245477148572835,13.035746765032648,5.350539284346404,-5.235853652054203,-5.0524602779234026e-14
37.401498083885336,19.23898015837618,13.033488751257988,5.352140832209779,-5.236772928717118,-1.6841534259744676e-14
37.4095645092345,19.23248364230644,13.03122373486514,5.353737745445513,-5.237693262151938,0.0
37.4176310127813,19.225987598380417,13.028951735199755,5.3553300355610585,-5.238614650911356,5.0524602779234026e-14
37.425697593034656,19.219492024615317,13.026672771607485,5.356917714064133,-5.239537093550561,8.420767129872338e-14
37.43376424850342,19.21299691902866,13.024386863433987,5.358500792462698,-5.240460588627251,-3.368306851948935e-14
37.44183097769622,19.20650227963829,13.022094030024919,5.360079282264993,-5.2413851347016145,6.73661370389787e-14
37.44989777912152,19.200008104462377,13.019794290725926,5.3616531949795085,-5.242310730336357,-1.6841534259744676e-14
37.45796465128762,19.19351439151943,13.01748766488268,5.363222542114989,-5.243237374096673,-1.6841534259744676e-14
37.46603159270262,19.187021138828282,13.015174171840817,5.364787335180445,-5.244165064550267,3.368306851948935e-14
37.47409860187445,19.180528344408103,13.012853830946003,5.366347585685141,-5.245093800267332,0.0
37.48216567731087,19.174036006278378,13.010526661543894,5.367903305138601,-5.246023579820566,-1.6841534259744676e-14
37.49023281751944,19.16754412245894,13.00819268298014,5.369454505050603,-5.24695440178516,1.6841534259744676e-14
37.498300021007566,19.161052690969928,13.0058519146004,5.371001196931191,-5.2478862647388045,5.0524602779234026e-14
37.50636728628246,19.15456170983184,13.00350437575033,5.372543392290653,-5.24881916726168,1.6841534259744676e-14
37.51443461185113,19.148071177065514,13.001150085775574,5.374081102639549,-5.249753107936468,1.6841534259744676e-14
37.52250199622052,19.141581090692014,12.9987890640218,5.375614339488678,-5.250688085348339,5.0524602779234026e-14
37.53056943789727,19.135091448732865,12.996421329834655,5.377143114349104,-5.251624098084951,-3.368306851948935e-14
37.53863693538789,19.12860224920984,12.994046902559798,5.378667438732145,-5.252561144736463,1.6841534259744676e-14
37.54670448719871,19.12211349014507,12.991665801542887,5.3801873241493725,-5.2534992238955125,6.73661370389787e-14
37.554772091835886,19.115625169561014,12.989278046129566,5.381702782112614,-5.254438334157237,5.0524602779234026e-14
37.56283974780539,19.109137285480454,12.986883655665503,5.383213824133951,-5.2553784741192535,-1.6841534259744676e-14
37.57090745361303,19.102649835926496,12.984482649496345,5.384720461725715,-5.25631964238167,3.368306851948935e-14
37.57897520776443,19.096162818922583,12.982075046967744,5.386222706400499,-5.257261837547079,1.6841534259744676e-14
37.58704300876503,19.089676232492472,12.979660867425366,5.3877205696711385,-5.258205058220561,3.368306851948935e-14
37.595110855120105,19.083190074660248,12.977240130214861,5.389214063050728,-5.259149303009675,0.0
37.603178745334745,19.076704343450345,12.97481285468188,5.390703198052615,-5.2600945705244655,5.0524602779234026e-14
37.61124667791383,19.07021903688754,12.97237906017208,5.392187986190396,-5.26104085937746,3.368306851948935e-14
37.61931465136218,19.063734152996833,12.969938766031119,5.393668438977919,-5.26198816818367,-1.6841534259744676e-14
37.62738266418434,19.057249689803662,12.967491991604648,5.39514456792928,-5.262936495560577,1.6841534259744676e-14
37.63545071488466,19.05076564533374,12.965038756238329,5.396616384558833,-5.263885840128146,-5.0524602779234026e-14
37.64351880196741,19.044282017613135,12.962579079277806,5.39808390038118,-5.26483620050883,6.73661370389787e-14
37.65158692393657,19.037798804668217,12.960112980068745,5.399547126911167,-5.265787575327537,-3.368306851948935e-14
37.65965507929605,19.031316004525692,12.957640477956792,5.401006075663899,-5.266739963211673,1.6841534259744676e-14
37.667723266549515,19.024833615212597,12.955161592287608,5.402460758154723,-5.267693362791102,1.6841534259744676e-14
37.67579148420048,19.01835163475627,12.952676342406843,5.403911185899237,-5.268647772698172,5.0524602779234026e-14
37.68385973075229,19.011870061184407,12.95018474766016,5.405357370413288,-5.269603191567696,0.0
37.69192800470809,19.00538889252501,12.947686827393207,5.406799323212971,-5.270559618036961,3.368306851948935e-14
37.69999630457089,18.998908126806406,12.945182600951638,5.408237055814631,-5.2715170507457305,3.368306851948935e-14
37.70806462884349,18.99242776205726,12.942672087681112,5.4096705797348505,-5.2724754883362275,-3.368306851948935e-14
37.71613297602849,18.985947796306583,12.940155306927286,5.411099906490474,-5.273434929453146,0.0
37.72420134462844,18.97946822758361,12.937632278035812,5.41252504759858,-5.274395372743652,5.0524602779234026e-14
37.732269733145586,18.972989053918006,12.935103020352342,5.413946014576501,-5.275356816857377,1.6841534259744676e-14
37.740338140082045,18.966510273339722,12.932567553222537,5.415362818941809,-5.276319260446407,-3.368306851948935e-14
37.74840656393976,18.96003188387905,12.930025895992044,5.416775472212328,-5.277282702165309,3.368306851948935e-14
37.75647500322051,18.953553883566578,12.927478068006527,5.418183985906122,-5.278247140671091,5.0524602779234026e-14
37.76454345642586,18.947076270433236,12.924924088611638,5.419588371541501,-5.279212574623244,-1.6841534259744676e-14
37.772611922057244,18.94059904251028,12.922363977153031,5.420988640637022,-5.280179002683706,3.368306851948935e-14
37.78068039861593,18.934122197829268,12.919797752976354,5.422384804711484,-5.2811464235168835,6.73661370389787e-14
37.78874888460296,18.927645734422104,12.91722543542728,5.423776875283927,-5.28211483578963,6.73661370389787e-14
37.79681737851926,18.921169650321016,12.914647043851442,5.425164863873641,-5.283084238171274,3.368306851948935e-14
37.804885878865534,18.914693943558536,12.912062597594513,5.42654878200015,-5.2840546293335775,3.368306851948935e-14
37.81295438414236,18.908218612167534,12.909472116002135,5.427928641183229,-5.285026007950778,1.6841534259744676e-14
37.82102289285005,18.90174365418122,12.906875618419976,5.42930445294289,-5.285998372699551,-1.6841534259744676e-14
37.829091403488924,18.895269067633045,12.904273124193685,5.430676228799385,-5.286971722259038,6.73661370389787e-14
37.83715991455897,18.88879485055687,12.901664652668908,5.432043980273214,-5.287946055310828,1.6841534259744676e-14
37.84522842456003,18.882321000986856,12.899050223191313,5.433407718885112,-5.288921370538952,-3.368306851948935e-14
37.85329693199182,18.875847516957467,12.896429855106549,5.434767456156058,-5.289897666629903,0.0
37.861365435353854,18.869374396503506,12.893803567760274,5.436123203607269,-5.290874942272615,3.368306851948935e-14
37.86943393314547,18.862901637660087,12.89117138049814,5.437474972760207,-5.291853196158474,0.0
37.87750242386585,18.856429238462656,12.888533312665798,5.438822775136567,-5.292832426981304,5.0524602779234026e-14
37.885570906014,18.849957196946974,12.885889383608914,5.440166622258284,-5.293812633437383,-1.6841534259744676e-14
37.89363937808874,18.843485511149115,12.883239612673133,5.441506525647536,-5.294793814225429,-3.368306851948935e-14
37.901707838588756,18.837014179105488,12.880584019204116,5.442842496826733,-5.295775968046598,-8.420767129872338e-14
37.909776286012516,18.8305431988528,12.877922622547517,5.44417454731853,-5.296759093604498,0.0
37.9178447188583,18.82407256842815,12.87525544204899,5.445502688645817,-5.297743189605167,-3.368306851948935e-14
37.92591313562433,18.817602285868823,12.872582497054188,5.446826932331721,-5.298728254757092,0.0
37.93398153480855,18.81113234921253,12.869903806908768,5.448147289899599,-5.299714287771187,-3.368306851948935e-14
37.942049914908786,18.804662756497283,12.867219390958386,5.44946377287306,-5.300701287360816,8.420767129872338e-14
37.95011827442262,18.7981935057614,12.864529268548695,5.450776392775934,-5.301689252241761,0.0
37.95818661184757,18.791724595043526,12.861833459025352,5.452085161132295,-5.302678181132259,5.0524602779234026e-14
37.9662549256809,18.785256022382622,12.85913198173401,5.453390089466451,-5.303668072752964,-1.6841534259744676e-14
37.97432321441975,18.77878778581796,12.856424856020327,5.4546911893029435,-5.304658925826969,1.6841534259744676e-14
37.982391476561055,18.772319883389155,12.853712101229952,5.45598847216655,-5.305650739079802,0.0
37.990459710601606,18.765852313136115,12.850993736708546,5.457281949582282,-5.306643511239411,-5.0524602779234026e-14
37.998527915038025,18.75938507309906,12.848269781801763,5.458571633075382,-5.307637241036181,1.6841534259744676e-14
38.006596088366734,18.752918161318572,12.845540255855257,5.4598575341713325,-5.308631927202921,-5.0524602779234026e-14
38.01466422908404,18.746451575835515,12.842805178214684,5.461139664395842,-5.309627568474866,-8.420767129872338e-14
38.02273233568599,18.739985314691115,12.840064568225696,5.46241803527486,-5.3106241635896785,5.0524602779234026e-14
38.03080040666859,18.733519375926797,12.837318445233949,5.463692658334558,-5.311621711287444,-3.368306851948935e-14
38.03886844052758,18.72705375758444,12.834566828585102,5.464963545101345,-5.312620210310666,1.6841534259744676e-14
38.04693643575856,18.720588457706178,12.831809737624807,5.466230707101865,-5.313619659404276,5.0524602779234026e-14
38.05500439085696,18.714123474334475,12.829047191698715,5.467494155862989,-5.314620057315627,0.0
38.06307230431803,18.707658805512114,12.826279210152485,5.468753902911821,-5.315621402794482,3.368306851948935e-14
38.07114017463686,18.701194449282184,12.823505812331776,5.470009959775689,-5.316623694593029,-5.0524602779234026e-14
38.0792080003084,18.694730403688094,12.820727017582234,5.471262337982164,-5.317626931465875,-1.6841534259744676e-14
38.08727577982737,18.68826666677357,12.81794284524953,5.4725110490590305,-5.318631112170029,1.6841534259744676e-14
38.09534351168838,18.68180323658267,12.815153314679295,5.4737561045343215,-5.319636235464935,-6.73661370389787e-14
38.10341119438585,18.67534011115974,12.812358445217201,5.474997515936283,-5.320642300112434,-1.6841534259744676e-14
38.11147882641403,18.668877288549467,12.8095582562089,5.476235294793395,-5.321649304876779,3.368306851948935e-14
38.11954640626699,18.662414766796832,12.806752767000047,5.477469452634367,-5.322657248524642,5.0524602779234026e-14
38.12761393243861,18.65595254394719,12.803941996936295,5.4787000009881375,-5.323666129825102,0.0
38.13568140342274,18.64949061804608,12.801125965363301,5.4799269513838675,-5.324675947549643,-1.6841534259744676e-14
38.1437488177129,18.643028987139488,12.798304691626717,5.481150315350952,-5.325686700472158,1.6841534259744676e-14
38.151816173802516,18.636567649273662,12.7954781950722,5.482370104419005,-5.3266983873689435,-1.6841534259744676e-14
38.15988347018484,18.630106602495164,12.792646495045407,5.483586330117875,-5.327711007018704,-5.0524602779234026e-14
38.167950705352936,18.623645844850888,12.78980961089199,5.48479900397763,-5.3287245582025395,5.0524602779234026e-14
38.17601787779974,18.61718537438802,12.786967561957605,5.486008137528568,-5.3297390397039655,3.368306851948935e-14
38.18408498601799,18.61072518915408,12.784120367587906,5.487213742301208,-5.3307544503088815,0.0
38.192152028500274,18.604265287196892,12.781268047128549,5.488415829826302,-5.331770788805603,-1.6841534259744676e-14
38.200219003739,18.597805666564586,12.77841061992519,5.4896144116348164,-5.332788053984829,-3.368306851948935e-14
38.20828591022643,18.59134632530563,12.775548105323482,5.4908094992579475,-5.333806244639663,3.368306851948935e-14
38.21635274645463,18.584887261468783,12.772680522669079,5.492001104227115,-5.334825359565604,-5.0524602779234026e-14
38.22441951091554,18.578428473103113,12.769807891307646,5.49318923807396,-5.335845397560543,0.0
38.23248620210086,18.571969958258066,12.766930230584821,5.494373912330353,-5.336866357424764,0.0
38.240552818502266,18.565511714983266,12.764047559846272,5.495555138528376,-5.3378882379609465,5.0524602779234026e-14
38.24861935861113,18.55905374132878,12.76115989843765,5.496732928200343,-5.3389110379741584,3.368306851948935e-14
38.25668582091872,18.552596035344923,12.758267265704609,5.4979072928787875,-5.339934756271853,-3.368306851948935e-14
38.264752203916125,18.546138595082343,12.755369680992802,5.499078244096465,-5.340959391663876,-1.6841534259744676e-14
38.27281850609428,18.539681418592004,12.75246716364789,5.500245793386345,-5.341984942962458,8.420767129872338e-14
38.280884725943935,18.533224503925158,12.749559733015527,5.5014099522816275,-5.343011408982214,-1.6841534259744676e-14
38.288950861955705,18.526767849133392,12.746647408441364,5.502570732315729,-5.344038788540146,6.73661370389787e-14
38.297016912620016,18.52031145226861,12.743730209271057,5.503728145022289,-5.345067080455639,-1.6841534259744676e-14
38.30508287642713,18.51385531138299,12.740808154850265,5.504882201935157,-5.346096283550452,-3.368306851948935e-14
38.313148751867175,18.50739942452906,12.737881264524637,5.506032914588417,-5.3471263966487355,-1.6841534259744676e-14
38.32121453743008,18.500943789759642,12.73494955763983,5.5071802945163615,-5.348157418577009,0.0
38.32928023160563,18.494488405127864,12.732013053541504,5.508324353253499,-5.349189348164173,0.0
