galstreams/tracks/track.st.C-25.ibata2024.ecsv
# %ECSV 1.0
# ---
# datatype:
# - {name: ra, unit: deg, datatype: float64}
# - {name: dec, unit: deg, datatype: float64}
# - {name: distance, unit: kpc, datatype: float64}
# - {name: pm_ra_cosdec, unit: mas / yr, datatype: float64}
# - {name: pm_dec, unit: mas / yr, datatype: float64}
# - {name: radial_velocity, unit: km / s, datatype: float64}
# delimiter: ','
# meta: !!omap
# - __serialized_columns__:
#     dec:
#       __class__: astropy.coordinates.angles.Latitude
#       unit: &id001 !astropy.units.Unit {unit: deg}
#       value: !astropy.table.SerializedColumn {name: dec}
#     distance:
#       __class__: astropy.coordinates.distances.Distance
#       unit: !astropy.units.Unit {unit: kpc}
#       value: !astropy.table.SerializedColumn {name: distance}
#     pm_dec:
#       __class__: astropy.units.quantity.Quantity
#       unit: !astropy.units.Unit {unit: mas / yr}
#       value: !astropy.table.SerializedColumn {name: pm_dec}
#     pm_ra_cosdec:
#       __class__: astropy.units.quantity.Quantity
#       unit: !astropy.units.Unit {unit: mas / yr}
#       value: !astropy.table.SerializedColumn {name: pm_ra_cosdec}
#     ra:
#       __class__: astropy.coordinates.angles.Longitude
#       unit: *id001
#       value: !astropy.table.SerializedColumn {name: ra}
#       wrap_angle: !astropy.coordinates.Angle
#         unit: *id001
#         value: 360.0
#     radial_velocity:
#       __class__: astropy.units.quantity.Quantity
#       unit: !astropy.units.Unit {unit: km / s}
#       value: !astropy.table.SerializedColumn {name: radial_velocity}
# schema: astropy-2.0
ra,dec,distance,pm_ra_cosdec,pm_dec,radial_velocity
[from data line 1895]
118.86811404856779,41.56252729469167,0.9999999999999996,6.1645803645127755,-2.0566514437670786,-11.723373788752832
118.88026722784204,41.567283212938456,0.9999999999999998,6.16534246552809,-2.0575832483313867,-11.704641644833293
118.89242033031628,41.57204873287216,0.9999999999999993,6.166106384016757,-2.058515910968882,-11.68585268019144
118.90457335890801,41.5768238706599,0.9999999999999997,6.166872121837487,-2.0594494335283464,-11.667006781744949
118.9167263165476,41.58160864246884,0.9999999999999996,6.167639680847887,-2.0603838178607488,-11.648103836411464
118.92887920617818,41.58640306446606,0.9999999999999996,6.168409062904405,-2.0613190658192333,-11.629143731108675
118.94103203075588,41.59120715281862,0.9999999999999997,6.169180269862364,-2.0622551792591404,-11.610126352754213
118.95318479324962,41.59602092369352,0.9999999999999996,6.169953303575951,-2.063192160037999,-11.591051588265733
118.96533749664118,41.600844393257766,0.9999999999999994,6.170728165898205,-2.0641300100155204,-11.571919324560943
118.97749014392534,41.605677577678286,0.9999999999999996,6.171504858681027,-2.0650687310536187,-11.55272944855746
118.98964273810968,41.610520493121925,0.9999999999999997,6.172283383775179,-2.0660083250163943,-11.533481847172956
119.00179528221474,41.61537315575554,0.9999999999999997,6.173063743030272,-2.066948793770149,-11.514176407325094
119.01394777927398,41.62023558174591,0.9999999999999997,6.1738459382947735,-2.0678901391833846,-11.494813015931536
119.02610023233375,41.62510778725971,0.9999999999999998,6.174629971416,-2.0688323631267984,-11.475391559909948
119.0382526444534,41.62998978846362,0.9999999999999997,6.175415844240117,-2.0697754674732947,-11.455911926177974
119.05040501870515,41.6348816015242,0.9999999999999996,6.176203558612144,-2.070719454097979,-11.436374001653299
119.06255735817427,41.63978324260798,0.9999999999999994,6.1769931163759395,-2.071664324878169,-11.416777673253561
119.07470966595898,41.64469472788143,0.9999999999999994,6.177784519374207,-2.0726100816933872,-11.397122827896432
119.08686194517043,41.649616073510884,0.9999999999999994,6.178577769448496,-2.0735567264253687,-11.37740935249957
119.09901419893275,41.65454729566264,0.9999999999999994,6.179372868439195,-2.07450426095806,-11.357637133980637
119.11116643038312,41.659488410502924,0.9999999999999993,6.18016981818553,-2.0754526871776253,-11.337806059257296
119.12331864267172,41.664439434197845,0.9999999999999993,6.180968620525564,-2.076402006972445,-11.317916015247205
119.1354708389617,41.66940038291345,0.9999999999999993,6.181769277296198,-2.0773522222331176,-11.297966888868022
119.14762302242929,41.674371272815684,0.9999999999999994,6.182571790333162,-2.0783033348524658,-11.277958567037427
119.15977519626372,41.67935212007041,0.9999999999999994,6.18337616147102,-2.0792553467255375,-11.25789093667304
119.1719273636673,41.68434294084337,0.9999999999999996,6.184182392543166,-2.0802082597495994,-11.237763884692567
119.18407952785535,41.689343751300235,0.9999999999999996,6.184990485381819,-2.081162075824154,-11.217577298013648
119.1962316920563,41.69435456760656,0.9999999999999994,6.185800441818029,-2.082116796850932,-11.197331063553941
119.20838385951166,41.699375405927775,0.9999999999999994,6.186612263681665,-2.083072424733895,-11.177025068231105
119.22053603347595,41.70440628242924,0.9999999999999996,6.1874259528014175,-2.0840289613792384,-11.156659198962824
119.23268821721688,41.70944721327615,0.9999999999999996,6.188241511004804,-2.084986408695401,-11.136233342666724
119.24484041401523,41.71449821463366,0.9999999999999994,6.1890589401181515,-2.085944768593052,-11.115747386260491
119.2569926271649,41.7195593026667,0.9999999999999994,6.189878241966612,-2.086904042985111,-11.095201216661765
119.26914485997288,41.7246304935402,0.9999999999999994,6.190699418374145,-2.087864233786733,-11.074594720788237
119.28129711575937,41.729711803418844,0.9999999999999993,6.191522471163529,-2.0888253429153223,-11.053927785557546
119.29344939785766,41.73480324846728,0.9999999999999994,6.192347402156345,-2.0897873722905365,-11.033200297887358
119.30560170961421,41.73990484484999,0.9999999999999996,6.193174213172994,-2.090750323834276,-11.012412144695336
119.31775405438869,41.745016608731305,0.9999999999999993,6.194002906032672,-2.0917141994707014,-10.99156321289913
119.32990643555388,41.750138556275424,0.9999999999999994,6.194833482553389,-2.0926790011262195,-10.970653389416425
119.34205885649583,41.75527070364644,0.9999999999999996,6.195665944551953,-2.0936447307295056,-10.949682561164847
119.35421132061371,41.760413067008244,0.9999999999999994,6.196500293843978,-2.094611390211488,-10.92865061506209
119.36636383131994,41.76556566252464,0.9999999999999997,6.197336532243872,-2.095578981505355,-10.907557438025808
119.37851639204025,41.77072850635922,0.9999999999999994,6.198174661564843,-2.096547506546571,-10.886402916973632
119.3906690062134,41.77590161467546,0.9999999999999996,6.1990146836188895,-2.0975169672728535,-10.865186938823264
119.4028216772916,41.78108500363668,0.9999999999999996,6.199856600216812,-2.0984873656242007,-10.843909390492337
119.41497440874018,41.786278689406025,0.9999999999999997,6.2007004131681995,-2.099458703542875,-10.822570158898522
119.42712720403782,41.79148268814649,0.9999999999999997,6.201546124281423,-2.1004309829734167,-10.801169130959495
119.43928006667642,41.79669701602087,0.9999999999999996,6.20239373536365,-2.1014042058626465,-10.779706193592885
119.4514330001612,41.80192168919183,0.9999999999999994,6.203243248220827,-2.102378374159657,-10.758181233716375
119.46358600801068,41.80715672382183,0.9999999999999994,6.204094664657688,-2.1033534898158255,-10.736594138247618
119.47573909375666,41.81240213607318,0.9999999999999996,6.2049479864777455,-2.1043295547848135,-10.714944794104289
119.48789226094432,41.817657942108006,0.9999999999999996,6.2058032154832965,-2.1053065710225742,-10.693233088204021
119.50004551313214,41.82292415808822,0.9999999999999996,6.2066603534754075,-2.1062845404873443,-10.671458907464485
119.5121988538919,41.82820080017557,0.9999999999999996,6.207519402253922,-2.107263465139651,-10.649622138803364
119.5243522868088,41.83348788453164,0.9999999999999994,6.208380363617465,-2.1082433469423205,-10.627722669138295
119.53650581548146,41.83878542731779,0.9999999999999993,6.209243239363424,-2.1092241878604736,-10.605760385386946
119.54865944352171,41.84409344469517,0.9999999999999996,6.210108031287954,-2.11020598986153,-10.583735174466982
119.56081317455495,41.849411952824774,0.9999999999999996,6.210974741185989,-2.1111887549152106,-10.561646923296056
119.57296701221983,41.85474096786736,0.9999999999999994,6.211843370851213,-2.112172484993546,-10.539495518791835
119.58512096016858,41.86008050598347,0.9999999999999994,6.212713922076086,-2.1131571820708697,-10.517280847871975
119.5972750220667,41.865430583333506,0.9999999999999996,6.213586396651814,-2.114142848123824,-10.495002797454145
119.60942920159322,41.87079121607757,0.9999999999999996,6.214460796368383,-2.1151294851313662,-10.472661254455993
119.62158350244059,41.87616242037559,0.9999999999999996,6.215337123014512,-2.1161170950747668,-10.450256105795187
119.63373792831472,41.881544212387304,0.9999999999999993,6.216215378377694,-2.117105679937616,-10.427787238389394
119.64589248293503,41.88693660827218,0.9999999999999994,6.217095564244159,-2.1180952417058236,-10.405254539156266
119.65804717003437,41.89233962418947,0.9999999999999996,6.217977682398901,-2.1190857823676215,-10.382657895013471
119.6702019933591,41.89775327629822,0.9999999999999994,6.218861734625652,-2.120077303913565,-10.359997192878668
119.68235695666918,41.90317758075723,0.9999999999999994,6.219747722706895,-2.1210698083365496,-10.337272319669498
119.69451206373795,41.908612553725064,0.9999999999999996,6.220635648423855,-2.122063297631782,-10.314483162303667
119.70666731835242,41.914058211360064,0.9999999999999997,6.2215255135565,-2.1230577737968233,-10.29162960769879
119.71882272431304,41.91951456982031,0.9999999999999996,6.222417319883538,-2.1240532388315616,-10.26871154277255
119.73097828543388,41.924981645263635,0.9999999999999996,6.223311069182413,-2.125049694738221,-10.245728854442598
119.74313400554254,41.93045945384766,0.9999999999999997,6.224206763229305,-2.1260471435213724,-10.222681429626606
119.75528988848029,41.93594801172971,0.9999999999999996,6.225104403799126,-2.1270455871879363,-10.19956915524223
119.76744593810191,41.94144733506689,0.9999999999999994,6.226003992665521,-2.12804502774717,-10.176391918207129
119.77960215827581,41.94695744001603,0.9999999999999994,6.22690553160086,-2.129045467210691,-10.153149605438976
119.79175855288405,41.952478342733706,0.9999999999999996,6.2278090223762455,-2.1300469075924653,-10.129842103855417
119.80391512582233,41.95801005937623,0.9999999999999996,6.228714466761502,-2.131049350908821,-10.106469300374107
119.81607188099991,41.96355260609963,0.9999999999999996,6.229621866525169,-2.132052799178437,-10.083031081912726
119.82822882233988,41.9691059990597,0.9999999999999994,6.230531223434516,-2.133057254422363,-10.059527335388912
119.84038595377883,41.97467025441193,0.9999999999999994,6.231442539255527,-2.134062718664002,-10.035957947720359
119.85254327926715,41.98024538831155,0.9999999999999994,6.232355815752899,-2.1350691939291417,-10.012322805824692
119.86470080276888,41.9858314169135,0.9999999999999996,6.233271054690041,-2.1360766822459256,-9.9886217966196
119.8768585282618,41.99142835637244,0.9999999999999994,6.2341882578290795,-2.137085185644878,-9.964854807022734
119.8890164597374,41.997036222842745,0.9999999999999997,6.235107426930845,-2.138094706158898,-9.941021723951758
119.90117460120095,42.00265503247849,0.9999999999999996,6.236028563754871,-2.1391052458232727,-9.917122434324305
119.91333295667137,42.00828480143349,0.9999999999999996,6.236951670059406,-2.1401168066756537,-9.893156825058082
119.9254915301815,42.013925545861206,0.9999999999999994,6.237876747601387,-2.1411293907560953,-9.869124783070706
119.93765032577782,42.01957728191485,0.9999999999999994,6.23880379813646,-2.1421430001070343,-9.845026195279875
119.94980934752067,42.02524002574732,0.9999999999999996,6.239732823418962,-2.143157636773296,-9.820860948603231
119.96196859948422,42.03091379351121,0.9999999999999993,6.240663825201933,-2.14417330280211,-9.796628929958441
119.97412808575643,42.03659860135877,0.9999999999999994,6.241596805237095,-2.145190000243093,-9.772330026263143
119.9862878104391,42.042294465441984,0.9999999999999994,6.242531765274867,-2.1462077311482686,-9.747964124435029
119.99844777764784,42.048001401912494,0.9999999999999996,6.2434687070643555,-2.1472264975720634,-9.723531111391756
120.0106079915122,42.05371942692163,0.9999999999999994,6.244407632353353,-2.1482463015713114,-9.699030874050969
120.02276845617556,42.0594485566204,0.9999999999999996,6.245348542888331,-2.1492671452052567,-9.674463299330347
120.03492917579517,42.06518880715951,0.9999999999999996,6.246291440414446,-2.150289030535555,-9.64982827414754
120.04709015454227,42.07094019468926,0.9999999999999994,6.247236326675531,-2.151311959626285,-9.625125685420196
120.05925139660194,42.076702735359724,0.9999999999999996,6.248183203414092,-2.1523359345439363,-9.600355420066004
120.07141290617321,42.08247644532055,0.9999999999999994,6.249132072371319,-2.153360957357428,-9.575517365002593
120.08357468746905,42.088261340721104,0.9999999999999994,6.250082935287059,-2.1543870301381007,-9.550611407147658
120.09573674471645,42.09405743771038,0.9999999999999994,6.251035793899843,-2.155414154959729,-9.525637433418826
120.1078990821563,42.09986475243705,0.9999999999999993,6.251990649946854,-2.156442333898518,-9.50059533073378
120.12006170404348,42.10568330104942,0.9999999999999994,6.252947505163946,-2.1574715690331043,-9.475484986010189
120.13222461464697,42.11151309969543,0.9999999999999994,6.253906361285638,-2.158501862444573,-9.450306286165686
120.1443878182497,42.117354164522695,0.9999999999999994,6.254867220045105,-2.1595332162164445,-9.425059118117957
120.15655131914862,42.123206511678475,0.9999999999999993,6.255830083174173,-2.160565632434686,-9.399743368784643
120.16871512165476,42.12907015730964,0.9999999999999994,6.256794952403329,-2.1615991131877133,-9.374358925083415
120.1808792300932,42.13494511756271,0.9999999999999993,6.257761829461713,-2.162633660566399,-9.348905673931943
120.19304364880313,42.140831408583836,0.9999999999999994,6.258730716077109,-2.1636692766640677,-9.323383502247859
120.20520838213778,42.1467290465188,0.9999999999999994,6.259701613975951,-2.1647059635764996,-9.29779229694887
120.21737343446453,42.15263804751297,0.9999999999999994,6.260674524883315,-2.1657437234019454,-9.27213194495259
120.22953881016487,42.15855842771142,0.9999999999999996,6.2616494505229205,-2.1667825582411147,-9.246402333176704
120.24170451363443,42.164490203258765,0.9999999999999996,6.2626263926171255,-2.1678224701971915,-9.22060334853887
120.253870549283,42.170433390299266,0.9999999999999994,6.263605352886928,-2.1688634613758273,-9.19473487795674
120.26603692153455,42.17638800497679,0.9999999999999996,6.264586333051955,-2.1699055338851547,-9.168796808347995
120.27820363482718,42.18235406343484,0.9999999999999996,6.265569334830467,-2.170948689835782,-9.142789026630274
120.29037069361327,42.188331581816485,0.9999999999999994,6.2665543599393585,-2.171992931340802,-9.116711419721241
120.30253810235932,42.19432057626438,0.9999999999999994,6.26754141009414,-2.173038260515793,-9.090563874538585
120.31470586554617,42.20032106292084,0.9999999999999996,6.268530487008952,-2.1740846794788276,-9.064346277999931
120.32687398766886,42.20633305792774,0.9999999999999994,6.269521592396565,-2.175132190350467,-9.038058517022954
120.33904247323666,42.21235657742656,0.9999999999999996,6.270514727968353,-2.1761807952537717,-9.01170047852531
120.35121132677314,42.218391637558334,0.9999999999999996,6.271509895434315,-2.1772304963142997,-8.985272049424673
120.36338055281621,42.22443825446372,0.9999999999999994,6.27250709650306,-2.178281295660122,-8.958773116638678
120.37555015591799,42.23049644428295,0.9999999999999994,6.27350633288181,-2.1793331954218065,-8.932203567085008
120.38772014064503,42.23656622315581,0.9999999999999996,6.274507606276399,-2.180386197732437,-8.90556328768133
120.39989051157816,42.242647607221706,0.9999999999999994,6.275510918391262,-2.1814403047276163,-8.878852165345288
120.41206127331259,42.248740612619564,0.9999999999999994,6.276516270929433,-2.1824955185454598,-8.852070086994555
120.4242324304579,42.25484525548791,0.9999999999999996,6.277523665592554,-2.183551841326611,-8.825216939546777
120.43640398763809,42.26096155196485,0.9999999999999994,6.278533104080863,-2.1846092752142336,-8.798292609919622
120.4485759494915,42.267089518187994,0.9999999999999996,6.27954458809319,-2.1856678223540227,-8.771296985030766
120.46074832067097,42.27322917029458,0.9999999999999994,6.2805581193269635,-2.186727484894215,-8.744229951797836
120.47292110584372,42.27938052442135,0.9999999999999994,6.28157369947819,-2.1877882649855707,-8.717091397138528
120.48509430969148,42.28554359670463,0.9999999999999996,6.282591330241481,-2.1888501647814014,-8.689881207970476
120.49726793691039,42.29171840328026,0.9999999999999996,6.283611013310014,-2.1899131864375603,-8.662599271211352
120.50944199221112,42.297904960283674,0.9999999999999996,6.284632750375558,-2.1909773321124453,-8.635245473778836
120.52161648031885,42.304103283849784,0.9999999999999996,6.285656543128459,-2.192042603967013,-8.607819702590556
120.53379140597332,42.3103133901131,0.9999999999999993,6.2866823932576406,-2.193109004164774,-8.580321844564189
120.54596677392871,42.31653529520763,0.9999999999999994,6.287710302450594,-2.1941765348717976,-8.552751786617387
120.55814258895383,42.32276901526694,0.9999999999999992,6.2887402723933885,-2.1952451982567167,-8.525109415667826
