galstreams/tracks/track.st.Cetus.yam2013.ecsv
# %ECSV 0.9
# ---
# datatype:
# - {name: ra, unit: deg, datatype: float64}
# - {name: dec, unit: deg, datatype: float64}
# - {name: distance, unit: kpc, datatype: float64}
# - {name: pm_ra_cosdec, unit: mas / yr, datatype: float64}
# - {name: pm_dec, unit: mas / yr, datatype: float64}
# - {name: radial_velocity, unit: km / s, datatype: float64}
# delimiter: ','
# meta: !!omap
# - __serialized_columns__:
#     dec:
#       __class__: astropy.coordinates.angles.Latitude
#       unit: &id001 !astropy.units.Unit {unit: deg}
#       value: !astropy.table.SerializedColumn {name: dec}
#     distance:
#       __class__: astropy.coordinates.distances.Distance
#       unit: !astropy.units.Unit {unit: kpc}
#       value: !astropy.table.SerializedColumn {name: distance}
#     pm_dec:
#       __class__: astropy.units.quantity.Quantity
#       unit: !astropy.units.Unit {unit: mas / yr}
#       value: !astropy.table.SerializedColumn {name: pm_dec}
#     pm_ra_cosdec:
#       __class__: astropy.units.quantity.Quantity
#       unit: !astropy.units.Unit {unit: mas / yr}
#       value: !astropy.table.SerializedColumn {name: pm_ra_cosdec}
#     ra:
#       __class__: astropy.coordinates.angles.Longitude
#       unit: *id001
#       value: !astropy.table.SerializedColumn {name: ra}
#       wrap_angle: !astropy.coordinates.Angle
#         unit: *id001
#         value: 360.0
#     radial_velocity:
#       __class__: astropy.units.quantity.Quantity
#       unit: !astropy.units.Unit {unit: km / s}
#       value: !astropy.table.SerializedColumn {name: radial_velocity}
# schema: astropy-2.0
ra,dec,distance,pm_ra_cosdec,pm_dec,radial_velocity
[from data line 1116]
24.149657078528705,6.252358918783869,30.08508410060258,-5.551115123125783e-17,-2.7755575615628914e-17,-117.6398676116154
24.153592726343284,6.261563693101771,30.08667121674151,1.1102230246251565e-16,0.0,-117.66504476706523
24.157528748326662,6.270768336554434,30.088257061387516,0.0,-2.7755575615628914e-17,-117.69021680092035
24.161465144414933,6.279972849214643,30.089841636024293,5.551115123125782e-17,0.0,-117.71538371264047
24.165401914544198,6.289177231155164,30.091424942135564,0.0,-2.7755575615628914e-17,-117.74054550168545
24.1693390586506,6.298381482448701,30.093006981205022,-5.551115123125783e-17,-4.163336342344337e-17,-117.765702167515
24.173276576670375,6.307585603168098,30.09458775471639,0.0,0.0,-117.79085370958893
24.177214468539734,6.3167895933860345,30.09616726415337,-5.551115123125783e-17,-1.3877787807814457e-17,-117.81600012736705
24.18115273419496,6.325993453175221,30.09774551099967,5.551115123125783e-17,1.3877787807814457e-17,-117.84114142030901
24.185091373572362,6.335197182608368,30.099322496738996,5.551115123125783e-17,4.163336342344337e-17,-117.86627758787476
24.189030386608298,6.344400781758153,30.10089822285507,0.0,1.3877787807814457e-17,-117.89140862952394
24.19296977323916,6.35360425069726,30.102472690831576,0.0,-1.3877787807814457e-17,-117.91653454471638
24.19690953340137,6.3628075894983,30.10404590215225,-5.551115123125782e-17,0.0,-117.94165533291185
24.20084966703144,6.3720107982340215,30.105617858300782,0.0,-2.7755575615628914e-17,-117.9667709935701
24.204790174065874,6.381213876977017,30.107188560760875,5.551115123125783e-17,1.3877787807814457e-17,-117.99188152615096
24.208731054441213,6.390416825799905,30.108758011016267,5.551115123125783e-17,5.551115123125783e-17,-118.01698693011419
24.21267230809407,6.399619644775299,30.11032621055064,0.0,2.7755575615628914e-17,-118.04208720491948
24.21661393496106,6.408822333975792,30.11189316084772,-5.551115123125783e-17,0.0,-118.06718235002677
24.22055593497888,6.418024893473976,30.113458863391205,0.0,1.3877787807814457e-17,-118.0922723648957
24.2244983080842,6.427227323342364,30.115023319664804,-5.551115123125783e-17,0.0,-118.11735724898612
24.228441054213842,6.436429623653627,30.116586531152223,5.551115123125783e-17,2.7755575615628914e-17,-118.14243700175774
24.232384173304563,6.445631794480252,30.118148499337185,-5.551115123125783e-17,-2.7755575615628914e-17,-118.16751162267043
24.236327665293203,6.454833835894777,30.11970922570338,0.0,0.0,-118.19258111118391
24.240271530116633,6.464035747969719,30.121268711734533,-1.6653345369377348e-16,0.0,-118.2176454667579
24.24421576771178,6.473237530777589,30.12282695891433,0.0,-1.3877787807814457e-17,-118.24270468885229
24.24816037801558,6.48243918439088,30.12438396872651,-5.551115123125782e-17,-2.7755575615628914e-17,-118.26775877692674
24.25210536096501,6.491640708882021,30.125939742654765,-5.551115123125783e-17,-4.163336342344337e-17,-118.29280773044113
24.256050716497157,6.5008421043235876,30.1274942821828,0.0,1.3877787807814457e-17,-118.3178515488552
24.25999644454906,6.5100433707879795,30.12904758879434,0.0,-1.3877787807814457e-17,-118.34289023162872
24.263942545057837,6.519244508347646,30.130599663973065,0.0,-1.3877787807814457e-17,-118.36792377822142
24.26788901796064,6.528445517075016,30.132150509202717,-5.551115123125783e-17,0.0,-118.39295218809316
24.271835863194653,6.537646397042507,30.13370012596698,-1.1102230246251565e-16,-2.7755575615628914e-17,-118.41797546070363
24.275783080697124,6.546847148322526,30.13524851574957,5.551115123125783e-17,-1.3877787807814457e-17,-118.44299359551273
24.27973067040529,6.556047770987413,30.1367956800342,0.0,-2.7755575615628914e-17,-118.4680065919801
24.283678632256507,6.56524826510965,30.138341620304583,-5.551115123125782e-17,-1.3877787807814457e-17,-118.49301444956562
24.287626966188103,6.574448630761554,30.13988633804441,1.1102230246251565e-16,-4.163336342344337e-17,-118.51801716772897
24.291575672137466,6.583648868015484,30.141429834737412,5.551115123125783e-17,-1.3877787807814457e-17,-118.54301474593002
24.29552475004203,6.592848976943775,30.142972111867277,0.0,-4.163336342344337e-17,-118.56800718362852
24.29947419983927,6.602048957618764,30.144513170917723,5.551115123125782e-17,1.3877787807814457e-17,-118.59299448028419
24.303424021466682,6.6112488101127616,30.14605301337246,5.551115123125783e-17,-4.163336342344337e-17,-118.61797663535688
24.307374214861788,6.620448534498027,30.147591640715188,-5.551115123125783e-17,-1.3877787807814457e-17,-118.64295364830633
24.311324779962234,6.62964813084695,30.149129054429633,5.551115123125782e-17,-4.163336342344337e-17,-118.66792551859231
24.315275716705614,6.638847599231763,30.150665255999485,5.551115123125783e-17,0.0,-118.69289224567461
24.319227025029594,6.64804693972473,30.152200246908468,0.0,-1.3877787807814457e-17,-118.71785382901298
24.323178704871886,6.6572461523981055,30.153734028640272,0.0,-1.3877787807814457e-17,-118.74281026806723
24.32713075617023,6.666445237324137,30.15526660267863,0.0,0.0,-118.76776156229715
24.331083178862414,6.675644194575048,30.156797970507228,5.551115123125783e-17,0.0,-118.79270771116246
24.335035972886228,6.684843024223006,30.158328133609793,5.551115123125783e-17,-1.3877787807814457e-17,-118.81764871412298
24.338989138179585,6.694041726340321,30.15985709347002,-1.1102230246251564e-16,0.0,-118.8425845706385
24.34294267468038,6.703240300999133,30.161384851571622,0.0,0.0,-118.86751528016872
24.346896582326533,6.712438748271622,30.162911409398315,5.551115123125783e-17,1.3877787807814457e-17,-118.89244084217351
24.350850861056035,6.721637068229955,30.164436768433788,0.0,-6.938893903907228e-17,-118.91736125611257
24.354805510806894,6.730835260946292,30.165960930161773,0.0,1.3877787807814457e-17,-118.94227652144576
24.358760531517188,6.740033326492768,30.167483896065967,5.551115123125783e-17,1.3877787807814457e-17,-118.96718663763275
24.362715923124977,6.74923126494147,30.16900566763008,-5.551115123125783e-17,0.0,-118.9920916041334
24.366671685568452,6.758429076364617,30.17052624633782,5.551115123125783e-17,0.0,-119.0169914204074
24.370627818785767,6.767626760834265,30.17204563367289,1.1102230246251565e-16,1.3877787807814457e-17,-119.04188608591463
24.374584322715123,6.7768243184225065,30.173563831119015,-5.551115123125782e-17,0.0,-119.06677560011487
24.378541197294794,6.786021749201423,30.175080840159886,-1.1102230246251564e-16,-4.163336342344337e-17,-119.09165996246776
24.382498442463064,6.795219053243089,30.176596662279227,-5.551115123125782e-17,-4.163336342344337e-17,-119.11653917243318
24.38645605815827,6.804416230619556,30.178111298960733,0.0,-2.7755575615628914e-17,-119.14141322947093
24.39041404431876,6.813613281402825,30.17962475168812,5.551115123125783e-17,0.0,-119.16628213304071
24.39437240088299,6.822810205665025,30.181137021945094,0.0,-2.7755575615628914e-17,-119.19114588260236
24.398331127789387,6.832007003478133,30.182648111215364,-5.551115123125783e-17,-1.3877787807814457e-17,-119.2160044776156
24.402290224976444,6.841203674914154,30.18415802098264,0.0,-4.163336342344337e-17,-119.24085791754025
24.406249692382683,6.850400220045087,30.18566675273063,5.551115123125783e-17,-2.7755575615628914e-17,-119.26570620183605
24.410209529946666,6.859596638942914,30.187174307943046,-5.551115123125783e-17,-1.3877787807814457e-17,-119.29054932996281
24.414169737607015,6.868792931679611,30.188680688103595,0.0,-2.7755575615628914e-17,-119.31538730138031
24.418130315302363,6.87798909832714,30.190185894695986,0.0,-1.3877787807814457e-17,-119.34022011554829
24.422091262971374,6.887185138957394,30.191689929203918,-5.551115123125782e-17,-2.7755575615628914e-17,-119.36504777192648
24.42605258055283,6.896381053642418,30.19319279311111,0.0,2.7755575615628914e-17,-119.38987026997484
24.43001426798545,6.9055768424540815,30.194694487901273,5.551115123125783e-17,-2.7755575615628914e-17,-119.41468760915294
24.43397632520804,6.914772505464303,30.19619501505811,0.0,-1.3877787807814457e-17,-119.4394997889207
24.43793875215944,6.923968042744981,30.197694376065318,-5.551115123125783e-17,-4.163336342344337e-17,-119.46430680873782
24.44190154877854,6.933163454368004,30.19919257240663,0.0,-4.163336342344337e-17,-119.48910866806408
24.445864715004245,6.942358740405252,30.200689605565735,5.551115123125782e-17,-1.3877787807814457e-17,-119.5139053663593
24.44982825077549,6.951553900928536,30.202185477026358,-5.551115123125783e-17,0.0,-119.53869690308318
24.453792156031323,6.960748936009816,30.20368018827219,0.0,1.3877787807814457e-17,-119.56348327769557
24.45775643071074,6.969943845720877,30.205173740786964,0.0,-2.7755575615628914e-17,-119.58826448965627
24.461721074752827,6.979138630133555,30.206666136054356,1.1102230246251565e-16,-4.163336342344337e-17,-119.61304053842494
24.46568608809669,6.988333289319668,30.208157375558105,0.0,-1.3877787807814457e-17,-119.63781142346144
24.469651470681484,6.997527823351019,30.209647460781902,0.0,-2.7755575615628914e-17,-119.66257714422555
24.473617222446382,7.006722232299407,30.21113639320946,-5.551115123125783e-17,0.0,-119.687337700177
24.47758334333061,7.015916516236561,30.212624174324485,0.0,-1.3877787807814457e-17,-119.71209309077561
24.481549833273466,7.025110675234357,30.214110805610694,0.0,-1.3877787807814457e-17,-119.73684331548112
24.485516692214237,7.034304709364502,30.215596288551783,0.0,-2.7755575615628914e-17,-119.76158837375334
24.489483920092262,7.0434986186987425,30.217080624631475,5.551115123125783e-17,-5.551115123125783e-17,-119.78632826505205
24.49345151684692,7.052692403308821,30.218563815333475,0.0,0.0,-119.81106298883698
24.497419482417644,7.061886063266457,30.220045862141486,0.0,4.163336342344337e-17,-119.83579254456795
24.501387816743883,7.071079598643365,30.221526766539213,0.0,-4.163336342344337e-17,-119.86051693170471
24.505356519765115,7.0802730095111945,30.223006530010373,0.0,-2.7755575615628914e-17,-119.885236149707
24.50932559142092,7.089466295941741,30.22448515403867,-5.551115123125783e-17,-2.7755575615628914e-17,-119.90995019803474
24.513295031650856,7.0986594580066305,30.225962640107817,0.0,-2.7755575615628914e-17,-119.93465907614753
24.51726484039453,7.107852495777529,30.22743898970153,-5.551115123125783e-17,-1.3877787807814457e-17,-119.95936278350527
24.521235017591597,7.117045409326091,30.228914204303496,5.551115123125782e-17,-1.3877787807814457e-17,-119.98406131956767
24.52520556318174,7.126238198723963,30.23038828539744,0.0,-4.163336342344337e-17,-120.00875468379449
24.5291764771047,7.135430864042778,30.23186123446706,5.551115123125783e-17,2.7755575615628914e-17,-120.03344287564559
24.533147759300206,7.144623405354102,30.233333052996084,-5.551115123125783e-17,-1.3877787807814457e-17,-120.05812589458067
24.537119409708126,7.15381582272965,30.234803742468202,5.551115123125783e-17,-1.3877787807814457e-17,-120.08280374005956
24.54109142826827,7.163008116240966,30.236273304367128,-5.551115123125783e-17,-2.7755575615628914e-17,-120.10747641154201
24.54506381492052,7.172200285959641,30.237741740176567,0.0,0.0,-120.1321439084878
24.549036569604805,7.181392331957246,30.239209051380243,0.0,-4.163336342344337e-17,-120.15680623035671
24.553009692261078,7.19058425430535,30.240675239461844,0.0,-4.163336342344337e-17,-120.18146337660849
24.556983182829338,7.199776053075506,30.24214030590509,0.0,0.0,-120.2061153467029
24.560957041249598,7.208967728339193,30.24360425219369,0.0,-5.551115123125783e-17,-120.23076214009981
24.564931267461976,7.218159280168057,30.245067079811346,0.0,0.0,-120.25540375625893
24.568905861406563,7.22735070863356,30.246528790241776,5.551115123125783e-17,-1.3877787807814457e-17,-120.28004019464005
24.57288082302351,7.23654201380721,30.247989384968683,5.551115123125783e-17,-4.163336342344337e-17,-120.30467145470293
24.576856152253008,7.2457331957605025,30.249448865475774,1.1102230246251565e-16,1.3877787807814457e-17,-120.32929753590736
24.580831849035278,7.254924254564921,30.250907233246767,5.551115123125783e-17,-1.3877787807814457e-17,-120.35391843771313
24.584807913310584,7.264115190291942,30.25236448976536,0.0,-5.551115123125783e-17,-120.37853415957994
24.588784345019224,7.273306003012977,30.253820636515258,1.1102230246251565e-16,-2.7755575615628914e-17,-120.40314470096772
24.592761144101566,7.2824966927995805,30.255275674980183,-5.551115123125783e-17,1.3877787807814457e-17,-120.42775006133607
24.596738310497976,7.291687259723139,30.25672960664384,5.551115123125782e-17,-1.3877787807814457e-17,-120.4523502401449
24.600715844148866,7.300877703855082,30.258182432989937,1.1102230246251565e-16,-1.3877787807814457e-17,-120.4769452368539
24.6046937449947,7.310068025266829,30.259634155502177,0.0,-2.7755575615628914e-17,-120.5015350509229
24.60867201297597,7.319258224029789,30.261084775664273,5.551115123125783e-17,1.3877787807814457e-17,-120.52611968181166
24.612650648033206,7.328448300215349,30.262534294959938,1.1102230246251565e-16,-6.938893903907228e-17,-120.55069912897996
24.61662965010696,7.337638253894855,30.26398271487286,5.551115123125783e-17,-1.3877787807814457e-17,-120.57527339188755
24.62060901913788,7.3468280851397765,30.265430036886777,-5.551115123125783e-17,0.0,-120.59984246999423
24.624588755066597,7.356017794021424,30.26687626248539,0.0,-2.7755575615628914e-17,-120.6244063627598
24.628568857833788,7.365207380611153,30.268321393152398,1.1102230246251565e-16,-4.163336342344337e-17,-120.648965069644
24.63254932738018,7.374396844980301,30.269765430371507,-5.551115123125782e-17,-1.3877787807814457e-17,-120.67351859010658
24.636530163646533,7.3835861872002,30.271208375626433,1.1102230246251565e-16,-2.7755575615628914e-17,-120.6980669236074
24.640511366573644,7.392775407342169,30.272650230400885,0.0,-2.7755575615628914e-17,-120.72261006960615
24.644492936102335,7.401964505477464,30.274090996178582,5.551115123125782e-17,1.3877787807814457e-17,-120.74714802756267
24.648474872173512,7.411153481677485,30.27553067444321,0.0,0.0,-120.7716807969367
24.65245717472808,7.420342336013467,30.276969266678485,5.551115123125783e-17,0.0,-120.79620837718801
24.65643984370698,7.429531068556685,30.278406774368126,1.1102230246251565e-16,0.0,-120.82073076777644
24.660422879051204,7.438719679378402,30.279843198995838,5.551115123125782e-17,-1.3877787807814457e-17,-120.84524796816164
24.66440628070177,7.4479081685498745,30.281278542045325,5.551115123125783e-17,-2.7755575615628914e-17,-120.86975997780353
24.668390048599758,7.457096536142347,30.282712805000294,5.551115123125782e-17,0.0,-120.8942667961618
24.672374182686234,7.466284782226995,30.284145989344463,0.0,-1.3877787807814457e-17,-120.91876842269625
24.676358682902386,7.4754729068751455,30.285578096561533,1.1102230246251565e-16,-4.163336342344337e-17,-120.9432648568666
24.680343549189374,7.4846609101579595,30.287009128135214,0.0,-1.3877787807814457e-17,-120.96775609813277
24.684328781488407,7.493848792146634,30.28843908554921,5.551115123125783e-17,4.163336342344337e-17,-120.9922421459544
24.68831437974074,7.50303655291236,30.289867970287244,-1.1102230246251565e-16,-1.3877787807814457e-17,-121.01672299979133
24.692300343887666,7.512224192526316,30.291295783833007,0.0,-2.7755575615628914e-17,-121.04119865910332
24.696286673870517,7.521411711059668,30.292722527670225,0.0,0.0,-121.06566912335013
24.70027336963063,7.530599108583521,30.29414820328259,-5.551115123125783e-17,-2.7755575615628914e-17,-121.09013439199151
24.704260431109454,7.539786385169129,30.29557281215382,-5.551115123125782e-17,-5.551115123125783e-17,-121.11459446448734
24.708247858248413,7.548973540887575,30.29699635576762,5.551115123125783e-17,0.0,-121.13904934029733
24.712235650988987,7.558160575809985,30.298418835607713,-1.6653345369377348e-16,-1.3877787807814457e-17,-121.16349901888125
24.716223809272687,7.567347490007468,30.29984025315778,-5.551115123125783e-17,-1.3877787807814457e-17,-121.18794349969885
24.720212333041076,7.576534283551136,30.301260609901558,0.0,0.0,-121.21238278220999
