galstreams/tracks/track.st.NGC288.sollima2020.ecsv
# %ECSV 1.0
# ---
# datatype:
# - {name: ra, unit: deg, datatype: float64}
# - {name: dec, unit: deg, datatype: float64}
# - {name: distance, unit: kpc, datatype: float64}
# - {name: pm_ra_cosdec, unit: mas / yr, datatype: float64}
# - {name: pm_dec, unit: mas / yr, datatype: float64}
# - {name: radial_velocity, unit: km / s, datatype: float64}
# delimiter: ','
# meta: !!omap
# - __serialized_columns__:
#     dec:
#       __class__: astropy.coordinates.angles.Latitude
#       unit: &id001 !astropy.units.Unit {unit: deg}
#       value: !astropy.table.SerializedColumn {name: dec}
#     distance:
#       __class__: astropy.coordinates.distances.Distance
#       unit: !astropy.units.Unit {unit: kpc}
#       value: !astropy.table.SerializedColumn {name: distance}
#     pm_dec:
#       __class__: astropy.units.quantity.Quantity
#       unit: !astropy.units.Unit {unit: mas / yr}
#       value: !astropy.table.SerializedColumn {name: pm_dec}
#     pm_ra_cosdec:
#       __class__: astropy.units.quantity.Quantity
#       unit: !astropy.units.Unit {unit: mas / yr}
#       value: !astropy.table.SerializedColumn {name: pm_ra_cosdec}
#     ra:
#       __class__: astropy.coordinates.angles.Longitude
#       unit: *id001
#       value: !astropy.table.SerializedColumn {name: ra}
#       wrap_angle: !astropy.coordinates.Angle
#         unit: *id001
#         value: 360.0
#     radial_velocity:
#       __class__: astropy.units.quantity.Quantity
#       unit: !astropy.units.Unit {unit: km / s}
#       value: !astropy.table.SerializedColumn {name: radial_velocity}
# schema: astropy-2.0
ra,dec,distance,pm_ra_cosdec,pm_dec,radial_velocity
12.199190658449284,-24.246199910146537,8.988000000000522,0.0,0.0,0.0
12.192619727959618,-24.266636411535174,8.988000000000515,0.0,0.0,0.0
12.18629921117098,-24.286741397230774,8.988000000000511,0.0,0.0,0.0
12.180235176973195,-24.306507136646943,8.988000000000502,0.0,0.0,0.0
12.174432970541583,-24.32592685055038,8.988000000000497,0.0,0.0,0.0
12.168897238780923,-24.344994676074524,8.988000000000488,0.0,0.0,0.0
12.163631955306878,-24.363705632467585,8.988000000000484,0.0,0.0,0.0
12.158640444970105,-24.382055587565375,8.988000000000477,0.0,0.0,0.0
12.153925407930043,-24.400041224979372,8.98800000000047,0.0,0.0,0.0
12.14948894328118,-24.417660011991764,8.988000000000463,0.0,0.0,0.0
12.145332572238223,-24.434910168146978,8.988000000000456,0.0,0.0,0.0
12.14145726088435,-24.451790634531466,8.988000000000453,0.0,0.0,0.0
12.137863442485322,-24.46830104373236,8.988000000000449,0.0,0.0,0.0
12.134551039375234,-24.484441690464774,8.988000000000442,0.0,0.0,0.0
12.131519484415906,-24.500213502859538,8.988000000000435,0.0,0.0,0.0
12.128767742034414,-24.515618014402136,8.98800000000043,0.0,0.0,0.0
12.126294328841912,-24.530657336512174,8.988000000000426,0.0,0.0,0.0
12.124097333836014,-24.54533413175661,8.98800000000042,0.0,0.0,0.0
12.122174438191285,-24.559651587684797,8.988000000000413,0.0,0.0,0.0
12.12052293463978,-24.57361339127897,8.988000000000408,0.0,0.0,0.0
12.119139746444644,-24.58722370400925,8.988000000000405,0.0,0.0,0.0
12.11802144597043,-24.60048713748453,8.9880000000004,0.0,0.0,0.0
12.117164272851399,-24.613408729691407,8.988000000000394,0.0,0.0,0.0
12.116564151762958,-24.625993921810807,8.98800000000039,0.0,0.0,0.0
12.11621670979668,-24.638248535604625,8.988000000000385,0.0,0.0,0.0
12.116117293443459,-24.650178751363146,8.98800000000038,0.0,0.0,0.0
12.116260985186436,-24.66179108640508,8.988000000000378,0.0,0.0,0.0
12.116642619708148,-24.673092374121097,8.988000000000369,0.0,0.0,0.0
12.117256799712969,-24.684089743553134,8.988000000000365,0.0,0.0,0.0
12.118097911369283,-24.69479059950078,8.988000000000362,0.0,0.0,0.0
12.119160139373962,-24.705202603145757,8.988000000000358,0.0,0.0,0.0
12.120437481642126,-24.715333653188427,8.988000000000355,0.0,0.0,0.0
12.121923763625581,-24.725191867485787,8.988000000000351,0.0,0.0,0.0
12.12361265226329,-24.73478556518464,8.988000000000342,0.0,0.0,0.0
12.125497669566617,-24.744123249341403,8.98800000000034,0.0,0.0,0.0
12.127572205843965,-24.75321359002122,8.988000000000337,0.0,0.0,0.0
12.12982953256693,-24.762065407868132,8.988000000000334,0.0,0.0,0.0
12.132262814882386,-24.770687658139444,8.988000000000328,0.0,0.0,0.0
12.134865123774087,-24.779089415195667,8.988000000000325,0.0,0.0,0.0
12.137629447877407,-24.787279857440456,8.988000000000321,0.0,0.0,0.0
12.140548704950836,-24.79526825270145,8.988000000000318,0.0,0.0,0.0
12.143615753008675,-24.80306394404579,8.988000000000314,0.0,0.0,0.0
12.14682340111802,-24.8106763360232,8.988000000000312,0.0,0.0,0.0
12.150164419865593,-24.818114881329105,8.988000000000307,0.0,0.0,0.0
12.153631551496566,-24.825389067881808,8.988000000000303,0.0,0.0,0.0
12.157217519731278,-24.83250840630586,8.988000000000302,0.0,0.0,0.0
12.160915039263184,-24.839482417815248,8.988000000000298,0.0,0.0,0.0
12.164716824942763,-24.846320622490655,8.988000000000293,0.0,0.0,0.0
12.168615600651492,-24.853032527942684,8.988000000000289,0.0,0.0,0.0
12.172604107870464,-24.859627618355937,8.988000000000287,0.0,0.0,0.0
12.17667511394806,-24.866115343906547,8.988000000000284,0.0,0.0,0.0
12.180821420071556,-24.872505110547966,8.988000000000278,0.0,0.0,0.0
12.185035868946608,-24.878806270157597,8.988000000000277,0.0,0.0,0.0
12.189311352189915,-24.885028111038974,8.988000000000273,0.0,0.0,0.0
12.193640817438899,-24.891179848773092,8.98800000000027,0.0,0.0,0.0
12.198017275184187,-24.897270617413227,8.988000000000268,0.0,0.0,0.0
12.202433805328475,-24.90330946101677,8.988000000000264,0.0,0.0,0.0
12.206883563477247,-24.90930532550877,8.98800000000026,0.0,0.0,0.0
12.211359786965586,-24.915267050871005,8.988000000000259,0.0,0.0,0.0
12.215855800626468,-24.92120336365162,8.988000000000255,0.0,0.0,0.0
12.220365022304724,-24.92712286978846,8.988000000000252,0.0,0.0,0.0
12.224880968121171,-24.933034047741923,8.988000000000252,0.0,0.0,0.0
12.229397257493094,-24.938945241930824,8.988000000000246,0.0,0.0,0.0
12.23390761791398,-24.94486465646625,8.988000000000245,0.0,0.0,0.0
12.238405889498546,-24.9508003491782,8.988000000000241,0.0,0.0,0.0
12.242886029297171,-24.956760225929095,8.988000000000241,0.0,0.0,0.0
12.2473421153851,-24.962752035209657,8.988000000000238,0.0,0.0,0.0
12.251768350730083,-24.968783363011518,8.988000000000234,0.0,0.0,0.0
12.256159066844237,-24.974861627971336,8.98800000000023,0.0,0.0,0.0
12.260508727223783,-24.980994076781567,8.988000000000227,0.0,0.0,0.0
12.264811930582335,-24.98718777986305,8.988000000000225,0.0,0.0,0.0
12.269063413881204,-24.993449627293856,8.988000000000225,0.0,0.0,0.0
12.273258055162271,-24.999786324989827,8.98800000000022,0.0,0.0,0.0
12.277390876186827,-25.00620439113209,8.988000000000218,0.0,0.0,0.0
12.281457044886446,-25.012710152836316,8.988000000000216,0.0,0.0,0.0
12.28545187762852,-25.01930974305927,8.988000000000213,0.0,0.0,0.0
12.289370841302112,-25.02600909773773,8.988000000000213,0.0,0.0,0.0
12.29320955522782,-25.032813953155006,8.98800000000021,0.0,0.0,0.0
12.296963792896394,-25.039729843530996,8.988000000000206,0.0,0.0,0.0
12.300629483539916,-25.046762098830182,8.988000000000206,0.0,0.0,0.0
12.304202713539947,-25.053915842783923,8.988000000000204,0.0,0.0,0.0
12.307679727676428,-25.061195991122048,8.9880000000002,0.0,0.0,0.0
12.311056930222241,-25.06860725000956,8.988000000000195,0.0,0.0,0.0
12.314330885886424,-25.07615411468353,8.988000000000197,0.0,0.0,0.0
12.317498320610538,-25.083840868286565,8.988000000000193,0.0,0.0,0.0
12.320556122221848,-25.091671580891614,8.988000000000191,0.0,0.0,0.0
12.323501340947733,-25.099650108714656,8.98800000000019,0.0,0.0,0.0
12.32633118979404,-25.107780093510318,8.988000000000184,0.0,0.0,0.0
12.329043044792074,-25.11606496214665,8.988000000000184,0.0,0.0,0.0
12.33163444511711,-25.124507926354422,8.988000000000183,0.0,0.0,0.0
12.334103093082897,-25.13311198264749,8.98800000000018,0.0,0.0,0.0
12.336446854014596,-25.14187991240923,8.988000000000177,0.0,0.0,0.0
12.33866375600448,-25.150814282141734,8.988000000000177,0.0,0.0,0.0
12.340751989553128,-25.159917443873066,8.988000000000175,0.0,0.0,0.0
12.34270990710028,-25.169191535719417,8.988000000000175,0.0,0.0,0.0
12.344536022447649,-25.17863848259707,8.98800000000017,0.0,0.0,0.0
12.346229010077526,-25.188259997081424,8.98800000000017,0.0,0.0,0.0
12.347787704369948,-25.19805758040813,8.988000000000167,0.0,0.0,0.0
12.349211098722195,-25.20803252361336,8.988000000000167,0.0,0.0,0.0
12.350498344572552,-25.21818590880879,8.988000000000163,0.0,0.0,0.0
12.351648750332227,-25.228518610587805,8.988000000000163,0.0,0.0,0.0
12.35266178022775,-25.239031297558842,8.988000000000161,0.0,0.0,0.0
12.353537053057213,-25.249724434002886,8.988000000000158,0.0,0.0,0.0
12.354274340862526,-25.260598281650513,8.988000000000156,0.0,0.0,0.0
12.354873567520821,-25.271652901575607,8.988000000000154,0.0,0.0,0.0
12.355334807257439,-25.28288815620142,8.988000000000152,0.0,0.0,0.0
12.355658283083544,-25.294303711416376,8.98800000000015,0.0,0.0,0.0
12.355844365160152,-25.305899038795108,8.988000000000149,0.0,0.0,0.0
12.355893569091867,-25.31767341792175,8.98800000000015,0.0,0.0,0.0
12.355806554151926,-25.32962593881196,8.988000000000147,0.0,0.0,0.0
12.355584121442114,-25.341755504430314,8.988000000000145,0.0,0.0,0.0
12.355227211988577,-25.354060833299435,8.988000000000145,0.0,0.0,0.0
12.354736904776555,-25.366540462197584,8.988000000000142,0.0,0.0,0.0
12.354114414726478,-25.37919274894189,8.98800000000014,0.0,0.0,0.0
12.353361090612896,-25.392015875253055,8.98800000000014,0.0,0.0,0.0
12.352478412929019,-25.405007849699064,8.988000000000135,0.0,0.0,0.0
12.35146799169838,-25.418166510714233,8.988000000000135,0.0,0.0,0.0
12.350331564236637,-25.431489529690797,8.988000000000136,0.0,0.0,0.0
12.349070992864233,-25.444974414139637,8.988000000000133,0.0,0.0,0.0
12.347688262573032,-25.458618510917027,8.988000000000131,0.0,0.0,0.0
12.346185478647875,-25.472419009514535,8.988000000000131,0.0,0.0,0.0
12.344564864246145,-25.486372945409144,8.988000000000127,0.0,0.0,0.0
12.342828757935814,-25.50047720347025,8.988000000000126,0.0,0.0,0.0
12.340979611194854,-25.514728521420867,8.988000000000127,0.0,0.0,0.0
12.339019985873023,-25.5291234933501,8.988000000000126,0.0,0.0,0.0
12.336952551618694,-25.543658573274076,8.988000000000122,0.0,0.0,0.0
12.33478008327131,-25.55833007874234,8.988000000000124,0.0,0.0,0.0
12.332505458222027,-25.573134194487064,8.988000000000119,0.0,0.0,0.0
12.33013165374352,-25.588066976112188,8.988000000000119,0.0,0.0,0.0
12.327661744291467,-25.603124353820164,8.988000000000119,0.0,0.0,0.0
12.32509889877814,-25.618302136173075,8.988000000000115,0.0,0.0,0.0
12.322446377820643,-25.63359601388585,8.988000000000115,0.0,0.0,0.0
12.319707530964513,-25.649001563648905,8.988000000000113,0.0,0.0,0.0
12.316885793885199,-25.66451425197787,8.988000000000111,0.0,0.0,0.0
12.313984685567753,-25.680129439087295,8.988000000000111,0.0,0.0,0.0
12.311007805467067,-25.695842382786616,8.98800000000011,0.0,0.0,0.0
12.307958830649397,-25.711648242395203,8.988000000000108,0.0,0.0,0.0
12.304841512917479,-25.72754208267497,8.988000000000108,0.0,0.0,0.0
12.30165967591963,-25.743518877777174,8.988000000000106,0.0,0.0,0.0
12.2984172122449,-25.759573515201968,8.988000000000104,0.0,0.0,0.0
12.29511808050513,-25.775700799767716,8.988000000000103,0.0,0.0,0.0
12.291766302405996,-25.79189545758867,8.988000000000103,0.0,0.0,0.0
12.288365959807427,-25.808152140057825,8.9880000000001,0.0,0.0,0.0
12.284921191775364,-25.824465427833612,8.988000000000103,0.0,0.0,0.0
12.281436191625726,-25.84082983482771,8.988000000000099,0.0,0.0,0.0
12.277915203962454,-25.857239812192567,8.988000000000095,0.0,0.0,0.0
12.274362521710138,-25.873689752305793,8.988000000000095,0.0,0.0,0.0
12.270782483142986,-25.890173992750068,8.988000000000095,0.0,0.0,0.0
12.267179468911026,-25.906686820286183,8.988000000000097,0.0,0.0,0.0
12.263557899065413,-25.923222474817745,8.988000000000095,0.0,0.0,0.0
12.259922230083115,-25.939775153345096,8.988000000000092,0.0,0.0,0.0
12.2562769518929,-25.956339013907076,8.988000000000092,0.0,0.0,0.0
12.252626584903398,-25.97290817950845,8.988000000000092,0.0,0.0,0.0
12.248975677034952,-25.98947674203178,8.988000000000088,0.0,0.0,0.0
12.245328800755713,-26.006038766131255,8.988000000000088,0.0,0.0,0.0
12.241690550123698,-26.022588293107514,8.988000000000088,0.0,0.0,0.0
12.238065537835551,-26.039119344761165,8.988000000000087,0.0,0.0,0.0
12.234458392283873,-26.055625927224174,8.988000000000085,0.0,0.0,0.0
12.230873754623246,-26.072102034766672,8.988000000000087,0.0,0.0,0.0
12.227316275846952,-26.08854165357832,8.988000000000083,0.0,0.0,0.0
12.223790613874856,-26.10493876552226,8.988000000000081,0.0,0.0,0.0
12.220301430654409,-26.121287351860765,8.988000000000081,0.0,0.0,0.0
12.216853389274926,-26.13758139695052,8.988000000000081,0.0,0.0,0.0
12.213451151096663,-26.153814891906446,8.988000000000081,0.0,0.0,0.0
12.210099372896368,-26.16998183823303,8.988000000000081,0.0,0.0,0.0
12.20680270402926,-26.186076251421188,8.988000000000078,0.0,0.0,0.0
12.203565783609482,-26.202092164509974,8.988000000000078,0.0,0.0,0.0
12.200393237709479,-26.21802363161145,8.988000000000076,0.0,0.0,0.0
12.197289676580095,-26.233864731398093,8.988000000000076,0.0,0.0,0.0
12.194259691891627,-26.2496095705508,8.988000000000074,0.0,0.0,0.0
12.191307853997456,-26.265252287167115,8.988000000000074,0.0,0.0,0.0
12.188438709221012,-26.280787054127906,8.988000000000074,0.0,0.0,0.0
12.185656777167626,-26.296208082422176,8.988000000000072,0.0,0.0,0.0
12.182966548061557,-26.311509624428197,8.988000000000072,0.0,0.0,0.0
12.18037248010988,-26.32668597715064,8.98800000000007,0.0,0.0,0.0
12.177878996893684,-26.341731485412108,8.98800000000007,0.0,0.0,0.0
12.175490484788487,-26.356640544999017,8.988000000000067,0.0,0.0,0.0
12.173211290413764,-26.37140760575989,8.988000000000069,0.0,0.0,0.0
12.171045718113461,-26.386027174656068,8.988000000000067,0.0,0.0,0.0
12.168998027467902,-26.400493818763405,8.988000000000067,0.0,0.0,0.0
12.167072430838749,-26.414802168224742,8.988000000000067,0.0,0.0,0.0
12.165273090947203,-26.428946919151826,8.988000000000067,0.0,0.0,0.0
12.163604118486983,-26.442922836476246,8.988000000000065,0.0,0.0,0.0
12.162069569772571,-26.456724756748574,8.988000000000065,0.0,0.0,0.0
12.160673444424452,-26.470347590885286,8.988000000000065,0.0,0.0,0.0
12.1594196830912,-26.48378632686244,8.988000000000063,0.0,0.0,0.0
12.158312165210193,-26.497036032355773,8.988000000000063,0.0,0.0,0.0
12.157354706807252,-26.510091857326373,8.98800000000006,0.0,0.0,0.0
12.156551058336838,-26.522949036551918,8.988000000000062,0.0,0.0,0.0
12.155904902562748,-26.535602892102162,8.98800000000006,0.0,0.0,0.0
12.155419852480902,-26.54804883575892,8.98800000000006,0.0,0.0,0.0
12.155099449284487,-26.560282371379383,8.988000000000058,0.0,0.0,0.0
12.154947160373098,-26.572299097203153,8.988000000000058,0.0,0.0,0.0
12.15496637740565,-26.58409470810166,8.98800000000006,0.0,0.0,0.0
12.15516041439865,-26.595664997770303,8.988000000000056,0.0,0.0,0.0
12.155532505870008,-26.60700586086239,8.988000000000058,0.0,0.0,0.0
12.156085805029946,-26.61811329506513,8.988000000000056,0.0,0.0,0.0
12.156823382018707,-26.62898340311672,8.988000000000055,0.0,0.0,0.0
12.157748222192561,-26.63961239476471,8.988000000000056,0.0,0.0,0.0
12.158863224458234,-26.649996588664994,8.988000000000055,0.0,0.0,0.0
12.160171199657219,-26.66013241422167,8.988000000000053,0.0,0.0,0.0
12.161674868999532,-26.67001641336699,8.988000000000053,0.0,0.0,0.0
12.163376862548443,-26.679645242281616,8.988000000000053,0.0,0.0,0.0
12.165279717756109,-26.689015673054573,8.988000000000051,0.0,0.0,0.0
12.167385878051446,-26.698124595283375,8.988000000000053,0.0,0.0,0.0
12.169697691479874,-26.70696901761348,8.988000000000051,0.0,0.0,0.0
12.172217409396168,-26.715546069217442,8.988000000000051,0.0,0.0,0.0
12.174947185210335,-26.72385300121323,8.988000000000051,0.0,0.0,0.0
12.177889073187798,-26.73188718802231,8.98800000000005,0.0,0.0,0.0
12.181045027303279,-26.73964612866658,8.98800000000005,0.0,0.0,0.0
12.184416900149614,-26.747127448004758,8.98800000000005,0.0,0.0,0.0
12.18800644190129,-26.75432889790772,8.98800000000005,0.0,0.0,0.0
12.191815299333825,-26.761248358373454,8.988000000000046,0.0,0.0,0.0
12.195845014898367,-26.76788383858072,8.988000000000048,0.0,0.0,0.0
12.200097025852246,-26.7742334778821,8.988000000000046,0.0,0.0,0.0
12.204572663446237,-26.780295546736404,8.988000000000046,0.0,0.0,0.0
12.209273152167718,-26.78606844758023,8.988000000000046,0.0,0.0,0.0
12.214199609040802,-26.79155071563891,8.988000000000044,0.0,0.0,0.0
12.219353042982982,-26.796741019676844,8.988000000000042,0.0,0.0,0.0
12.224734354219205,-26.801638162687617,8.988000000000046,0.0,0.0,0.0
12.230344333752509,-26.80624108252356,8.988000000000044,0.0,0.0,0.0
12.23618366289205,-26.810548852465136,8.988000000000046,0.0,0.0,0.0
12.242252912838012,-26.814560681730267,8.988000000000044,0.0,0.0,0.0
12.248552544324165,-26.818275915923984,8.988000000000042,0.0,0.0,0.0
12.255082907317048,-26.821694037427935,8.98800000000004,0.0,0.0,0.0
12.261844240772556,-26.82481466573076,8.988000000000042,0.0,0.0,0.0
12.268836672449144,-26.82763755769867,8.98800000000004,0.0,0.0,0.0
12.276060218778495,-26.830162607787432,8.98800000000004,0.0,0.0,0.0
12.283514784792285,-26.832389848194936,8.98800000000004,0.0,0.0,0.0
12.291200164105838,-26.834319448955398,8.98800000000004,0.0,0.0,0.0
12.299116038957733,-26.83595171797485,8.988000000000039,0.0,0.0,0.0
12.307261980305995,-26.837287101008872,8.988000000000039,0.0,0.0,0.0
12.3156374479795,-26.838326181581955,8.988000000000039,0.0,0.0,0.0
12.32424179088517,-26.839069680849555,8.988000000000039,0.0,0.0,0.0
