galstreams/tracks/track.st.NGC3201.ibata2021.ecsv
# %ECSV 0.9
# ---
# datatype:
# - {name: ra, unit: deg, datatype: float64}
# - {name: dec, unit: deg, datatype: float64}
# - {name: distance, unit: kpc, datatype: float64}
# - {name: pm_ra_cosdec, unit: mas / yr, datatype: float64}
# - {name: pm_dec, unit: mas / yr, datatype: float64}
# - {name: radial_velocity, unit: km / s, datatype: float64}
# delimiter: ','
# meta: !!omap
# - __serialized_columns__:
#     dec:
#       __class__: astropy.coordinates.angles.Latitude
#       unit: &id001 !astropy.units.Unit {unit: deg}
#       value: !astropy.table.SerializedColumn {name: dec}
#     distance:
#       __class__: astropy.coordinates.distances.Distance
#       unit: !astropy.units.Unit {unit: kpc}
#       value: !astropy.table.SerializedColumn {name: distance}
#     pm_dec:
#       __class__: astropy.units.quantity.Quantity
#       unit: !astropy.units.Unit {unit: mas / yr}
#       value: !astropy.table.SerializedColumn {name: pm_dec}
#     pm_ra_cosdec:
#       __class__: astropy.units.quantity.Quantity
#       unit: !astropy.units.Unit {unit: mas / yr}
#       value: !astropy.table.SerializedColumn {name: pm_ra_cosdec}
#     ra:
#       __class__: astropy.coordinates.angles.Longitude
#       unit: *id001
#       value: !astropy.table.SerializedColumn {name: ra}
#       wrap_angle: !astropy.coordinates.Angle
#         unit: *id001
#         value: 360.0
#     radial_velocity:
#       __class__: astropy.units.quantity.Quantity
#       unit: !astropy.units.Unit {unit: km / s}
#       value: !astropy.table.SerializedColumn {name: radial_velocity}
# schema: astropy-2.0
ra,dec,distance,pm_ra_cosdec,pm_dec,radial_velocity
[from data line 414]
152.86327656636735,-46.16453833795233,4.643105459437362,8.587226407017468,-2.1951337925864807,-4.210383564936169e-14
152.8774040243864,-46.166744556503836,4.6426801771802015,8.586427203790523,-2.19316923938474,-5.4734986344170195e-14
152.8915316242298,-46.1689517199831,4.642260449731738,8.585596977283993,-2.1912097114466516,-2.1051917824680846e-14
152.90565937158667,-46.17115981639896,4.641846269459724,8.584735825368288,-2.189255195832504,-6.73661370389787e-14
152.9197872721348,-46.17336883375778,4.641437628731911,8.583843845898604,-2.187305679537057,-7.999728773378721e-14
152.9339153315407,-46.17557876006347,4.641034519916052,8.582921136714923,-2.1853611494895864,-2.947268495455318e-14
152.9480435554594,-46.17778958331743,4.6406369353798995,8.581967795641958,-2.1834215925539073,-2.947268495455318e-14
152.96217194953482,-46.18000129151862,4.640244867491205,8.580983920489155,-2.1814869955283522,-6.73661370389787e-14
152.9763005193994,-46.18221387266356,4.639858308617721,8.57996960905064,-2.179557345145832,-3.368306851948935e-14
152.99042927067413,-46.18442731474624,4.639477251127201,8.578924959105194,-2.1776326280738454,-7.578690416885104e-14
153.00455820896883,-46.186641605758254,4.639101687387397,8.577850068416247,-2.1757128309144727,-5.0524602779234026e-14
153.01868733988186,-46.1888567336887,4.638731609766062,8.57674503473184,-2.173797940204424,-4.631421921429786e-14
153.0328166690001,-46.19107268652425,4.638367010630948,8.575609955784573,-2.1718879424150432,-5.0524602779234026e-14
153.04694620189943,-46.19328945224914,4.638007882349808,8.574444929291626,-2.1699828239523034,-5.0524602779234026e-14
153.06107594414397,-46.19550701884512,4.637654217290394,8.573250052954691,-2.1680825711568694,-2.947268495455318e-14
153.0752059012866,-46.19772537429153,4.637306007820459,8.57202542445996,-2.1661871703040827,-5.894536990910637e-14
153.08933607886883,-46.19994450656528,4.636963246307754,8.570771141478103,-2.1642966076039847,-6.73661370389787e-14
153.10346648242083,-46.202164403640815,4.6366259251200335,8.569487301664223,-2.1624108692013353,-2.1051917824680846e-14
153.11759711746112,-46.20438505349016,4.636294036625049,8.568174002657843,-2.160529941175642,-3.789345208442552e-14
153.13172798949725,-46.20660644408294,4.635967573190554,8.566831342082887,-2.1586538095411303,-4.631421921429786e-14
153.14585910402502,-46.20882856338633,4.635646527184299,8.565459417547618,-2.156782460246822,-5.894536990910637e-14
153.15999046652897,-46.21105139936508,4.635330890974037,8.564058326644655,-2.154915879176511,-8.420767129872338e-15
153.17412208248217,-46.213274939981545,4.635020656927522,8.562628166950905,-2.1530540521487915,-1.2631150694808506e-14
153.18825395734623,-46.21549917319566,4.634715817412505,8.561169036027565,-2.1511969649170757,-2.5262301389617013e-14
153.2023860965714,-46.21772408696492,4.634416364796739,8.559681031420066,-2.1493446031696033,-5.0524602779234026e-14
153.2165185055966,-46.219949669244464,4.6341222914479765,8.558164250658086,-2.14749695252944,-8.420767129872338e-15
153.23065118984914,-46.222175907986994,4.633833589733971,8.556618791255483,-2.14565399855454,-4.631421921429786e-14
153.24478415474496,-46.224402791142815,4.633550252022474,8.555044750710277,-2.143815726737714,-3.789345208442552e-14
153.25891740568858,-46.22663030665985,4.633272270681237,8.553442226504634,-2.141982122506671,-5.4734986344170195e-14
153.27305094807303,-46.2288584424836,4.632999638078014,8.551811316104835,-2.1401531712240196,-4.631421921429786e-14
153.2871847872798,-46.231087186557204,4.632732346580557,8.550152116961238,-2.1383288581872986,-3.789345208442552e-14
153.30131892867925,-46.23331652682142,4.632470388556618,8.548464726508255,-2.1365091686289475,-3.368306851948935e-14
153.3154533776299,-46.23554645121461,4.63221375637395,8.546749242164331,-2.1346940877163876,-2.1051917824680846e-14
153.32958813947894,-46.23777694767273,4.631962442400305,8.545005761331907,-2.1328836005519864,-6.73661370389787e-14
153.34372321956218,-46.240008004129415,4.631716439003438,8.543234381397388,-2.1310776921730836,-3.789345208442552e-14
153.35785862320378,-46.242239608515874,4.6314757385510985,8.541435199731136,-2.1292763475520142,-2.947268495455318e-14
153.37199435571645,-46.24447174876096,4.631240333411039,8.539608313687406,-2.127479551596119,-3.368306851948935e-14
153.38613042240164,-46.24670441279122,4.631010215951013,8.537753820604372,-2.1256872891477308,-5.4734986344170195e-14
153.40026682854898,-46.24893758853075,4.630785378538774,8.535871817804033,-2.123899544984229,-2.5262301389617013e-14
153.41440357943677,-46.251171263901334,4.630565813542073,8.53396240259223,-2.1221163038180384,-4.631421921429786e-14
153.42854068033176,-46.2534054268224,4.630351513328662,8.53202567225862,-2.120337550296626,-2.947268495455318e-14
153.4426781364892,-46.255640065211004,4.630142470266295,8.530061724076608,-2.118563269002531,-5.894536990910637e-14
153.45681595315278,-46.25787516698187,4.629938676722725,8.528070655303361,-2.1167934444533767,-3.789345208442552e-14
153.47095413555482,-46.260110720047365,4.629740125065703,8.526052563179755,-2.115028061101857,-1.6841534259744676e-14
153.4850926889159,-46.26234671231753,4.62954680766298,8.524007544930361,-2.1132671033357946,-3.368306851948935e-14
153.49923161844524,-46.26458313170004,4.6293587168823125,8.521935697763396,-2.1115105554781137,-2.5262301389617013e-14
153.51337092934034,-46.266819966100286,4.62917584509145,8.519837118870722,-2.109758401786873,-2.1051917824680846e-14
153.52751062678735,-46.269057203421255,4.628998184658144,8.517711905427799,-2.108010626455267,-3.368306851948935e-14
153.5416507159607,-46.27129483156367,4.628825727950151,8.515560154593654,-2.106267213611643,-6.73661370389787e-14
153.55579120202339,-46.27353283842587,4.628658467335221,8.513381963510858,-2.1045281473195105,-8.420767129872338e-15
153.5699320901268,-46.27577121190394,4.628496395181108,8.511177429305514,-2.1027934115775446,-6.73661370389787e-14
153.58407338541076,-46.278009939891575,4.628339503855561,8.508946649087196,-2.1010629903196127,-6.315575347404254e-14
153.59821509300355,-46.28024901028022,4.628187785726336,8.506689719948948,-2.0993368674147814,-5.4734986344170195e-14
153.61235721802177,-46.282488410958976,4.628041233161184,8.504406738967237,-2.0976150266673175,-4.210383564936169e-14
153.6264997655705,-46.2847281298146,4.627899838527858,8.502097803201925,-2.095897451816713,8.420767129872338e-15
153.6406427407433,-46.286968154731625,4.62776359419411,8.49976300969627,-2.094184126537675,-5.4734986344170195e-14
153.65478614862204,-46.28920847359224,4.6276324925276935,8.497402455476845,-2.0924750344401515,-4.210383564936169e-14
153.66892999427702,-46.2914490742763,4.627506525896359,8.495016237553553,-2.090770159069346,-8.420767129872338e-15
153.6830742827669,-46.29368994466143,4.627385686667861,8.49260445291958,-2.0890694839057193,-2.5262301389617013e-14
153.6972190191388,-46.29593107262293,4.627269967209951,8.49016719855137,-2.0873729923649966,-2.5262301389617013e-14
153.71136420842814,-46.2981724460338,4.627159359890382,8.487704571408585,-2.08568066779818,-2.5262301389617013e-14
153.7255098556587,-46.30041405276478,4.6270538570769055,8.485216668434099,-2.0839924934915723,-3.789345208442552e-14
153.73965596584276,-46.30265588068435,4.626953451137275,8.482703586553944,-2.0823084526667444,-6.73661370389787e-14
153.75380254398092,-46.304897917658636,4.626858134439243,8.4801654226773,-2.0806285284805957,-4.631421921429786e-14
153.76794959506205,-46.307140151551565,4.626767899350561,8.477602273696455,-2.078952704025341,-4.631421921429786e-14
153.7820971240634,-46.30938257022477,4.6266827382389835,8.475014236486766,-2.07728096232851,-2.947268495455318e-14
153.7962451359506,-46.31162516153759,4.6266026434722605,8.472401407906666,-2.075613286352976,-5.894536990910637e-14
153.81039363567757,-46.31386791334712,4.626527607418146,8.469763884797588,-2.0739496589969506,-1.6841534259744676e-14
153.8245426281867,-46.31611081350822,4.626457622444392,8.467101763983978,-2.0722900630939844,-4.210383564936169e-15
153.83869211840852,-46.31835384987344,4.626392680918752,8.464415142273234,-2.0706344814130024,-4.631421921429786e-14
153.85284211126205,-46.32059701029313,4.626332775208977,8.46170411645569,-2.0689828966582877,-4.210383564936169e-14
153.86699261165447,-46.32284028261536,4.6262778976828205,8.458968783304583,-2.067335291469506,-5.0524602779234026e-14
153.88114362448138,-46.325083654685926,4.626228040708032,8.45620923957604,-2.065691648421699,-2.1051917824680846e-14
153.89529515462655,-46.32732711434843,4.62618319665237,8.453425582009006,-2.064051950025314,-5.0524602779234026e-14
153.90944720696234,-46.329570649444214,4.626143357883581,8.450617907325277,-2.062416178726168,-4.210383564936169e-14
153.92359978634906,-46.331814247812396,4.626108516769421,8.44778631222941,-2.06078431690551,-5.894536990910637e-14
153.93775289763553,-46.334057897289824,4.626078665677643,8.444930893408724,-2.0591563468799947,-2.947268495455318e-14
153.95190654565874,-46.336301585711155,4.626053796975996,8.44205174753328,-2.0575322509016996,-1.2631150694808506e-14
153.96606073524393,-46.3385453009088,4.626033903032236,8.439148971255818,-2.0559120111581337,-6.73661370389787e-14
153.98021547120464,-46.340789030712926,4.626018976214114,8.43622266121176,-2.054295609772238,-3.368306851948935e-14
153.99437075834285,-46.34303276295153,4.626009008889382,8.433272914019152,-2.0526830288023796,-3.368306851948935e-14
154.00852660144852,-46.34527648545037,4.626003993425794,8.430299826278665,-2.0510742502423978,-2.947268495455318e-14
154.0226830053,-46.34752018603298,4.6260039221911,8.427303494573541,-2.049469256021582,-5.4734986344170195e-14
154.03683997466382,-46.34976385252067,4.6260087875530544,8.424284015469562,-2.0478680280046735,-7.578690416885104e-14
154.0509975142948,-46.3520074727326,4.62601858187941,8.42124148551504,-2.0462705479918886,-8.420767129872338e-15
154.06515562893588,-46.35425103448566,4.626033297537918,8.418176001240768,-2.044676797718929,-2.5262301389617013e-14
154.0793143233185,-46.356494525594584,4.626052926896332,8.41508765916001,-2.043086758856947,-2.5262301389617013e-14
154.09347360216196,-46.3587379338719,4.626077462322403,8.411976555768444,-2.041500413012604,-1.6841534259744676e-14
154.10763347017402,-46.360981247127945,4.626106896183885,8.408842787544149,-2.0399177417280483,8.420767129872338e-15
154.12179393205054,-46.36322445317086,4.626141220848531,8.405686450947577,-2.0383387264809265,-4.210383564936169e-15
154.13595499247555,-46.36546753980659,4.626180428684091,8.402507642421519,-2.036763348684386,0.0
154.15011665612124,-46.36771049483891,4.626224512058319,8.399306458391068,-2.03519158968709,-4.210383564936169e-14
154.16427892764827,-46.36995330606943,4.6262734633389675,8.396082995263592,-2.0336234307731873,0.0
154.1784418117051,-46.37219596129758,4.626327274893789,8.392837349428719,-2.0320588531623818,-6.73661370389787e-14
154.19260531292863,-46.37443844832058,4.626385939090536,8.389569617258285,-2.0304978380098735,-1.2631150694808506e-14
154.20676943594376,-46.376680754933524,4.6264494482969605,8.386279895106304,-2.028940366406408,-8.420767129872338e-15
154.2209341853636,-46.37892286892933,4.626517794880815,8.382968279308962,-2.027386419378257,-4.631421921429786e-14
154.23509956578937,-46.38116477809871,4.626590971209854,8.37963486618456,-2.0258359778872315,-3.789345208442552e-14
154.24926558181062,-46.383406470230305,4.626668969651828,8.376279752033495,-2.0242890228306694,-3.789345208442552e-14
154.26343223800484,-46.38564793311054,4.626751782574488,8.372903033138241,-2.022745535041473,-2.947268495455318e-14
154.2775995389377,-46.387889154523684,4.626839402345592,8.36950480576328,-2.0212054952880862,-3.789345208442552e-14
154.291767489163,-46.390130122251875,4.626931821332886,8.366085166155123,-2.0196688842745125,-4.631421921429786e-14
154.30593609322267,-46.39237082407512,4.627029031904125,8.362644210542237,-2.0181356826403047,-2.1051917824680846e-14
154.32010535564666,-46.394611247771245,4.627131026427064,8.359182035135037,-2.016605870960594,-5.4734986344170195e-14
154.33427528095334,-46.396851381115994,4.627237797269451,8.35569873612585,-2.0150794297460424,-3.368306851948935e-14
154.34844587364879,-46.39909121188291,4.627349336799042,8.352194409688884,-2.0135563394429146,-5.0524602779234026e-14
154.36261713822736,-46.40133072784347,4.6274656373835885,8.348669151980184,-2.0120365804330294,-1.6841534259744676e-14
154.3767890791715,-46.40356991676697,4.627586691390843,8.345123059137629,-2.0105201330337916,-5.4734986344170195e-14
154.39096170095166,-46.4058087664206,4.627712491188556,8.341556227280883,-2.009006977498171,0.0
154.40513500802632,-46.40804726456943,4.627843029144484,8.33796875251136,-2.0074970940147434,-4.210383564936169e-15
154.41930900484232,-46.410285398976434,4.627978297626375,8.334360730912206,-2.00599046270763,-5.4734986344170195e-14
154.43348369583424,-46.41252315740243,4.628118289001985,8.330732258548256,-2.0044870636365606,-1.6841534259744676e-14
154.44765908542482,-46.41476052760617,4.628262995639066,8.327083431466006,-2.0029868767968604,-3.789345208442552e-14
154.4618351780248,-46.416997497344255,4.628412409905369,8.3234143456936,-2.001489882119434,-1.2631150694808506e-14
154.47601197803306,-46.419234054371216,4.628566524168647,8.319725097240765,-1.999996059470789,-3.368306851948935e-14
154.49018948983635,-46.421470186439436,4.628725330796652,8.316015782098813,-1.9985053886530282,-4.631421921429786e-14
154.50436771780969,-46.42370588129927,4.628888822157139,8.31228649624058,-1.9970178494038304,-2.947268495455318e-14
154.51854666631587,-46.42594112669894,4.629056990617857,8.308537335620425,-1.9955334213965048,-3.789345208442552e-14
154.53272633970582,-46.42817591038457,4.629229828546562,8.304768396174177,-1.9940520842399474,-5.4734986344170195e-14
154.54690674231844,-46.4304102201002,4.629407328311003,8.300979773819103,-1.9925738174786582,-3.789345208442552e-14
154.5610878784806,-46.43264404358781,4.629589482278934,8.297171564453901,-1.9910986005927487,-4.210383564936169e-14
154.57526975250713,-46.43487736858726,4.629776282818109,8.29334386395863,-1.9896264129979362,-8.420767129872338e-15
154.589452368701,-46.437110182836406,4.629967722296279,8.289496768194711,-1.9881572340455302,-3.368306851948935e-14
154.603635731353,-46.43934247407094,4.630163793081196,8.28563037300489,-1.9866910430224642,-4.210383564936169e-14
154.61781984474197,-46.441574230024564,4.6303644875406125,8.281744774213193,-1.98522781915128,4.210383564936169e-15
154.6320047131346,-46.44380543842883,4.630569798042283,8.277840067624895,-1.9837675415901317,-4.631421921429786e-14
154.64619034078567,-46.44603608701331,4.630779716953958,8.273916349026521,-1.9823101894327775,-2.947268495455318e-14
154.66037673193776,-46.448266163505444,4.630994236643391,8.269973714185749,-1.9808557417086015,-1.2631150694808506e-14
154.67456389082156,-46.450495655630704,4.631213349478334,8.266012258851461,-1.9794041773825821,-5.894536990910637e-14
154.68875182165564,-46.452724551112425,4.631437047826538,8.262032078753645,-1.977955475355321,4.210383564936169e-15
154.70294052864634,-46.454952837671925,4.63166532405576,8.258033269603382,-1.9765096144630419,-4.631421921429786e-14
154.71713001598815,-46.45718050302849,4.631898170533747,8.254015927092842,-1.9750665734775703,-5.4734986344170195e-14
154.73132028786327,-46.45940753489934,4.632135579628255,8.2499801468952,-1.97362633110635,0.0
154.74551134844185,-46.461633920999674,4.632377543707036,8.245926024664657,-1.9721888659924516,8.420767129872338e-15
154.75970320188213,-46.46385964904264,4.632624055137842,8.241853656036374,-1.970754156714531,-1.2631150694808506e-14
154.77389585233,-46.466084706739395,4.632875106288424,8.237763136626455,-1.9693221817868831,0.0
154.78808930391932,-46.46830908179898,4.6331306895265385,8.2336545620319,-1.9678929196594075,0.0
