galstreams/tracks/track.st.C-13.ibata2024.ecsv
# %ECSV 1.0
# ---
# datatype:
# - {name: ra, unit: deg, datatype: float64}
# - {name: dec, unit: deg, datatype: float64}
# - {name: distance, unit: kpc, datatype: float64}
# - {name: pm_ra_cosdec, unit: mas / yr, datatype: float64}
# - {name: pm_dec, unit: mas / yr, datatype: float64}
# - {name: radial_velocity, unit: km / s, datatype: float64}
# delimiter: ','
# meta: !!omap
# - __serialized_columns__:
#     dec:
#       __class__: astropy.coordinates.angles.Latitude
#       unit: &id001 !astropy.units.Unit {unit: deg}
#       value: !astropy.table.SerializedColumn {name: dec}
#     distance:
#       __class__: astropy.coordinates.distances.Distance
#       unit: !astropy.units.Unit {unit: kpc}
#       value: !astropy.table.SerializedColumn {name: distance}
#     pm_dec:
#       __class__: astropy.units.quantity.Quantity
#       unit: !astropy.units.Unit {unit: mas / yr}
#       value: !astropy.table.SerializedColumn {name: pm_dec}
#     pm_ra_cosdec:
#       __class__: astropy.units.quantity.Quantity
#       unit: !astropy.units.Unit {unit: mas / yr}
#       value: !astropy.table.SerializedColumn {name: pm_ra_cosdec}
#     ra:
#       __class__: astropy.coordinates.angles.Longitude
#       unit: *id001
#       value: !astropy.table.SerializedColumn {name: ra}
#       wrap_angle: !astropy.coordinates.Angle
#         unit: *id001
#         value: 360.0
#     radial_velocity:
#       __class__: astropy.units.quantity.Quantity
#       unit: !astropy.units.Unit {unit: km / s}
#       value: !astropy.table.SerializedColumn {name: radial_velocity}
# schema: astropy-2.0
ra,dec,distance,pm_ra_cosdec,pm_dec,radial_velocity
[from data line 1012]
34.185795525173546,44.413080909468,1.0000000000000002,3.125096192452162,2.2710784822182006,1969.7182580652407
34.18763231087508,44.40213715530369,1.0000000000000002,3.1254960780493093,2.271277653167715,1963.1565624333866
34.189468613885204,44.39119338982602,1.0000000000000002,3.125895660944252,2.2714761923808453,1956.594943540466
34.191304445304525,44.38024961399674,1.0000000000000002,3.1262949425125157,2.2716740947183496,1950.0334534128435
34.19313981622546,44.36930582877693,1.0000000000000002,3.1266939241288014,2.2718713550413554,1943.4721440768867
34.194974737732146,44.35836203512696,1.0000000000000002,3.127092607167299,2.2720679682113314,1936.9110675589602
34.196809220900555,44.34741823400653,1.0000000000000002,3.127490993001146,2.27226392908986,1930.3502758854315
34.19864327679844,44.33647442637468,1.0000000000000002,3.127889083002941,2.2724592325389494,1923.7898210826668
34.20047691648534,44.32553061318969,1.0000000000000002,3.128286878544685,2.272653873421092,1917.2297551770314
34.202310151012675,44.31458679540923,1.0000000000000002,3.1286843809973277,2.2728478465987223,1910.6701301948935
34.20414299142366,44.303642973990264,1.0000000000000002,3.129081591731307,2.2730411469347302,1904.110998162619
34.20597544875335,44.29269914988904,1.0000000000000002,3.1294785121161794,2.2732337692926876,1897.5524111065731
34.20780753402869,44.28175532406117,1.0000000000000002,3.1298751435208487,2.2734257085357967,1890.9944210531228
34.20963925826847,44.270811497461565,1.0000000000000002,3.1302714873134505,2.273616959528084,1884.4370800286338
34.211470632483355,44.25986767104443,1.0000000000000002,3.1306675448614385,2.273807517133804,1877.8804400594731
34.21330166767595,44.24892384576336,1.0000000000000002,3.131063317531442,2.2739973762172667,1871.3245531720067
34.215132374840685,44.2379800225712,1.0000000000000002,3.1314588066893805,2.2741865316432097,1864.7694713926007
34.21696276496398,44.22703620242012,1.0000000000000004,3.131854013700462,2.2743749782769953,1858.215246747621
34.218792849024126,44.21609238626167,1.0000000000000002,3.132248939929127,2.2745627109839006,1851.6619312634355
34.22062263799138,44.20514857504667,1.0000000000000004,3.1326435867390785,2.2747497246297144,1845.1095769664103
34.222452142827954,44.19420476972525,1.0000000000000002,3.133037955493151,2.2749360140804527,1838.5582358829095
34.224281374487994,44.18326097124695,1.0000000000000002,3.133432047553754,2.275121574202359,1832.0079600393017
34.22611034391764,44.17231718056053,1.0000000000000002,3.1338258642823007,2.2753063998623304,1825.4588014619524
34.227939062054986,44.16137339861413,1.0000000000000002,3.134219407039538,2.2754904859271505,1818.9108121772274
34.229767539830156,44.150429626355205,1.0000000000000002,3.1346126771853733,2.2756738272642565,1812.3640442114938
34.23159578816526,44.13948586473053,1.0000000000000002,3.1350056760791176,2.2758564187411423,1805.818549591117
34.23342381797441,44.128542114686226,1.0000000000000002,3.1353984050793144,2.276038255225842,1799.2743803424635
34.23525164016378,44.11759837716772,1.0,3.1357908655436972,2.276219331586475,1792.731588491901
34.23707926563154,44.106654653119755,1.0000000000000002,3.1361830588292747,2.276399642691729,1786.1902260657944
34.23890670526797,44.095710943486445,1.0000000000000002,3.1365749862922314,2.276579183410405,1779.6503450905109
34.24073396995534,44.0847672492112,1.0000000000000002,3.1369666492882544,2.2767579486116176,1773.1119975924157
34.24256107056806,44.07382357123675,1.0000000000000002,3.1373580491719935,2.2769359331650207,1766.5752355978761
34.24438801797255,44.062879910505195,1.0000000000000004,3.1377491872975725,2.2771131319402116,1760.0401111332583
34.24621482302739,44.05193626795791,1.0000000000000004,3.1381400650182485,2.27728953980764,1753.5066762249278
34.24804149658323,44.04099264453566,1.0000000000000004,3.1385306836865254,2.277465151637415,1746.9749828992512
34.24986804948287,44.0300490411785,1.0000000000000002,3.1389210446541824,2.2776399623004977,1740.445083182595
34.2516944925612,44.01910545882581,1.0000000000000002,3.1393111492723307,2.277813966667992,1733.9170291013252
34.253520836645244,44.00816189841635,1.0000000000000002,3.139700998891229,2.277987159611172,1727.3908726818088
34.25534709255423,43.99721836088815,1.0000000000000002,3.140090594860439,2.2781595360018514,1720.8666659504124
34.257173271099504,43.98627484717862,1.0000000000000002,3.140479938528699,2.2783310907119017,1714.3444609335006
34.25899938308458,43.97533135822447,1.0000000000000004,3.1408690312441507,2.278501818613904,1707.8243096574413
34.26082543930519,43.96438789496179,1.0000000000000002,3.141257874354011,2.2786717145803266,1701.3062641486001
34.26265145054922,43.95344445832593,1.0000000000000002,3.1416464692047583,2.278840773484177,1694.790376433343
34.264477427596795,43.94250104925164,1.0000000000000002,3.142034817142388,2.2790089901989745,1688.2766985380374
34.26630338122025,43.93155766867298,1.0000000000000004,3.142422919511688,2.27917635959804,1681.765282489049
34.26812932218412,43.92061431752333,1.0000000000000004,3.142810777657118,2.279342876555603,1675.2561803127428
34.26995526124521,43.90967099673545,1.0000000000000002,3.1431983929221303,2.2795085359456664,1668.7494440354874
34.27178120915257,43.898727707241385,1.0000000000000002,3.143585766649494,2.279673332642915,1662.2451256836473
34.273607176647495,43.88778444997253,1.0000000000000002,3.1439729001812395,2.2798372615223457,1655.7432772835903
34.27543317446357,43.87684122585963,1.0000000000000002,3.144359794858559,2.280000317459013,1649.2439508616822
34.277259213326644,43.865898035832764,1.0,3.1447464520220336,2.280162495328483,1642.747198444288
34.27908530395488,43.85495488082133,1.0000000000000004,3.14513287301142,2.2803237900066904,1636.2530720577759
34.28091145705873,43.844011761754096,1.0000000000000002,3.1455190591656503,2.2804841963696845,1629.761623728511
34.282737683340955,43.83306867955912,1.0000000000000004,3.1459050118229754,2.280643709294111,1623.2729054828603
34.28456399349667,43.82212563516383,1.0000000000000002,3.146290732320807,2.2808023236567863,1616.7869693471887
34.286390398213285,43.81118262949499,1.0000000000000002,3.146676221996003,2.2809600343346688,1610.3038673478645
34.28821690817062,43.80023966347871,1.0000000000000002,3.1470614821842844,2.281116836205314,1603.823651511253
34.290043534040784,43.7892967380404,1.0000000000000002,3.147446514221002,2.281272724146561,1597.3463738637204
34.2918702864883,43.77835385410485,1.0000000000000004,3.147831319440513,2.28142769303642,1590.8720864316338
34.29369717617006,43.76741101259617,1.0000000000000002,3.148215899176506,2.2815817377533563,1584.4008412413582
34.295524213735355,43.75646821443781,1.0000000000000002,3.148600254761817,2.28173485317609,1577.932690319261
34.29735140982586,43.74552546055255,1.0000000000000002,3.148984387528614,2.281887034183711,1571.4676856917076
34.299178775075674,43.73458275186253,1.0000000000000002,3.149368298808241,2.282038275655623,1565.005879385065
34.30100632011132,43.723640089289205,1.0000000000000002,3.149751989931289,2.282188572471455,1558.547323425698
34.30283405555176,43.71269747375341,1.0000000000000002,3.150135462227553,2.2823379195112636,1552.0920698399761
34.3046619920084,43.701754906175275,1.0000000000000002,3.1505187170261735,2.282486311655447,1545.640170654263
34.306490140085096,43.69081238747428,1.0000000000000002,3.150901755655383,2.2826337437846007,1539.1916778949258
34.30831851037816,43.67986991856927,1.0000000000000002,3.1512845794427307,2.2827802107797766,1532.7466435883312
34.31014711347641,43.6689275003784,1.0000000000000002,3.151667189714871,2.282925707522196,1526.3051197608443
34.311975959961146,43.65798513381919,1.0000000000000002,3.152049587797876,2.2830702288936777,1519.8671584388321
34.31380506040613,43.64704281980847,1.0000000000000002,3.1524317750169644,2.2832137697761254,1513.4328116486613
34.3156344253777,43.63610055926245,1.0000000000000004,3.1528137526964173,2.283356325051585,1507.0021314166981
34.31746406543466,43.625158353096644,1.0000000000000002,3.153195522160061,2.2834978896030407,1500.5751697693072
34.31929399112837,43.61421620222594,1.0000000000000002,3.1535770847306424,2.2836384583130496,1494.1519787328568
34.3211242130027,43.60327410756452,1.0000000000000004,3.153958441730424,2.283778026065164,1487.7326103337134
34.32295474159412,43.59233207002597,1.0000000000000002,3.154339594480547,2.2839165877428513,1481.3171165982415
34.324785587431656,43.58139009052315,1.0000000000000002,3.1547205443015685,2.2840541382300046,1474.9055495528091
34.32661676103686,43.57044816996833,1.0000000000000004,3.155101292513436,2.2841906724108014,1468.497961223782
34.32844827292393,43.55950630927307,1.0000000000000002,3.1554818404349305,2.2843261851698173,1462.0944036375254
34.33028013359961,43.54856450934827,1.0000000000000002,3.155862189384436,2.284460671391969,1455.6949288204082
34.33211235356328,43.537622771104196,1.0000000000000004,3.1562423406792703,2.2845941259623714,1449.299588798794
34.33394494330694,43.52668109545045,1.0000000000000002,3.1566222956360264,2.2847265437666238,1442.9084355990499
34.33577791331519,43.51573948329598,1.0000000000000002,3.157002055570672,2.2848579196905234,1436.5215212475416
34.33761127406528,43.504797935549064,1.0000000000000002,3.157381621798237,2.2849882486202375,1430.1388977706379
34.339445036027115,43.493856453117296,1.0000000000000004,3.1577609956330406,2.285117525442246,1423.7606171947034
34.34127920966326,43.48291503690768,1.0000000000000004,3.1581401783884786,2.2852457450433405,1417.3867315461034
34.34311380542894,43.47197368782649,1.0000000000000002,3.158519171377364,2.2853729023107405,1411.0172928512059
34.344948833772065,43.46103240677939,1.0000000000000002,3.1588979759115716,2.2854989921318065,1404.6523531363766
34.34678430513323,43.45009119467135,1.0000000000000002,3.1592765933022235,2.2856240093943825,1398.291964427982
34.34862022994573,43.439150052406696,1.0000000000000002,3.159655024859731,2.285747948986568,1391.9361787523883
34.35045661863558,43.428208980889124,1.0000000000000002,3.160033271893525,2.2858708057966908,1385.585048135961
34.35229348162152,43.41726798102161,1.0000000000000002,3.1604113357124675,2.2859925747137027,1379.2386246050662
34.354130829315,43.40632705370651,1.0000000000000002,3.1607892176244974,2.2861132506265562,1372.8969601860724
34.355968672120255,43.39538619984554,1.0000000000000002,3.161166918936715,2.2862328284246587,1366.5601069053446
34.35780702043421,43.38444542033968,1.0000000000000002,3.161544440955552,2.2863513029978435,1360.228116789249
34.35964588464662,43.37350471608936,1.0000000000000004,3.1619217849865464,2.286468669236001,1353.9010418641517
34.36148527513997,43.36256408799425,1.0000000000000002,3.162298952334467,2.2865849220296184,1347.5789341564196
34.36332520228953,43.351623536953404,1.0000000000000002,3.1626759443033308,2.2867000562694386,1341.2618456924185
34.36516567646343,43.34068306386524,1.0000000000000002,3.1630527621962443,2.2868140668463184,1334.949828498515
34.36700670802249,43.32974266962747,1.0000000000000002,3.16342940731559,2.286926948651768,1328.642934601075
34.36884830732044,43.318802355137166,1.0000000000000004,3.1638058809629968,2.2870386965774117,1322.3412160264652
34.370690484703815,43.30786212129074,1.0000000000000002,3.1641821844391558,2.287149305515328,1316.0447248010516
34.37253325051195,43.296921968983945,1.0000000000000002,3.1645583190440476,2.287258770357738,1309.7535129512016
34.37437661507709,43.285981899111874,1.0000000000000002,3.1649342860768,2.2873670859973174,1303.46763250328
34.37622058872426,43.27504191256895,1.0000000000000004,3.165310086835774,2.287474247327026,1297.1871354836542
34.378065181771426,43.26410201024894,1.0000000000000002,3.165685722618477,2.287580249240193,1290.9120739186899
34.37991040452939,43.25316219304497,1.0000000000000002,3.1660611947216353,2.287685086630404,1284.6424998347525
34.38175626730185,43.24222246184945,1.0000000000000002,3.1664365044411795,2.287788754391755,1278.378465258211
34.3836027803854,43.23128281755421,1.0000000000000004,3.1668116530722017,2.287891247418287,1272.120022215429
34.38544995406956,43.220343261050324,1.0000000000000002,3.1671866419088985,2.287992560604806,1265.8672227327727
34.38729779863674,43.20940379322829,1.0000000000000002,3.1675614722448557,2.288092688846092,1259.6201188366113
34.389146324362294,43.198464414977884,1.0000000000000002,3.1679361453726926,2.28819162703752,1253.3787625533087
34.39099554151453,43.187525127188245,1.0000000000000002,3.16831066258419,2.2882893700745797,1247.143205909232
34.39284546035468,43.176585930747855,1.0000000000000002,3.168685025170376,2.288385912853215,1240.9135009307477
34.39469609113696,43.16564682654451,1.0000000000000004,3.1690592344214537,2.288481250269541,1234.6896996442217
34.396547444108535,43.15470781546535,1.0000000000000004,3.169433291626831,2.288575377220326,1228.47185407602
34.398399529509575,43.143768898396885,1.0000000000000004,3.1698071980749347,2.288668288602196,1222.260016252509
34.40025235757321,43.13283007622492,1.0000000000000004,3.1701809550536098,2.2887599793124593,1216.0542382000558
34.40210593852557,43.121891349834605,1.0000000000000002,3.1705545638496915,2.288850444248652,1209.8545719450262
34.40396028258586,43.11095272011043,1.0000000000000002,3.1709280257492622,2.28893967830858,1203.6610695137852
34.405815399966215,43.10001418793621,1.0000000000000004,3.171301342037566,2.2890276763904893,1197.4737829327016
34.40767130087186,43.089075754195136,1.0000000000000002,3.1716745139990365,2.289114433392811,1191.2927642281404
34.409527995501044,43.07813741976967,1.0000000000000004,3.172047542917227,2.2891999442143884,1185.1180654264679
34.41138549404508,43.06719918554166,1.0000000000000002,3.172420430074851,2.289284203754292,1178.9497385540503
34.413243806688314,43.05626105239225,1.0000000000000002,3.1727931767538564,2.2893672069121607,1172.7878356372544
34.4151029436082,43.04532302120197,1.0000000000000002,3.1731657842353798,2.2894489485875624,1166.6324087024464
34.416962914975244,43.03438509285063,1.0000000000000002,3.173538253799535,2.2895294236806905,1160.4835097759922
34.418823730953044,43.02344726821737,1.0000000000000002,3.1739105867258814,2.2896086270921217,1154.341190884258
34.420685401698336,43.01250954818071,1.0000000000000002,3.174282784292842,2.289686553722504,1148.2055040536093
34.42254793736094,43.00157193361847,1.0000000000000004,3.1746548477782284,2.2897631984729685,1142.0765013104146
34.42441134808379,42.99063442540782,1.0000000000000004,3.1750267784589,2.2898385562448595,1135.9542346810397
34.42627564400296,42.97969702442523,1.0000000000000002,3.175398577610892,2.289912621940033,1129.8387561918498
34.428140835247696,42.968759731546534,1.0000000000000004,3.1757702465094155,2.2899853904604157,1123.7301178692119
34.43000693194035,42.95782254764688,1.0000000000000004,3.1761417864288006,2.2900568567084747,1117.628371739492
34.431873944196454,42.94688547360075,1.0000000000000002,3.1765131986425814,2.290127015586833,1111.5335698290564
34.433741882124735,42.93594851028196,1.0000000000000002,3.17688448442334,2.2901958619986686,1105.4457641642716
34.435610755827064,42.92501165856363,1.0000000000000002,3.1772556450429335,2.290263390847244,1099.3650067715037
34.43748057539853,42.91407491931827,1.0000000000000002,3.1776266817722814,2.290329597036205,1093.291349677119
34.439351350927396,42.90313829341763,1.0000000000000004,3.1779975958815925,2.2903944754696255,1087.2248449074839
34.44122309249519,42.892201781732865,1.0000000000000002,3.1783683886399245,2.2904580210517906,1081.1655444889648
34.44309581017662,42.88126538513442,1.0000000000000002,3.1787390613158095,2.2905202286874555,1075.1135004479283
34.444969514039634,42.870329104492065,1.0000000000000002,3.1791096151766993,2.2905810932814035,1069.0687648107398
34.44684421414542,42.85939294067492,1.0000000000000002,3.179480051489236,2.290640609739029,1063.031389603767
34.44871992054842,42.84845689455141,1.0000000000000002,3.1798503715193362,2.2906987729660386,1057.0014268533748
