galstreams/tracks/track.st.Orphan-Chenab.koposov2023.ecsv
# %ECSV 1.0
# ---
# datatype:
# - {name: ra, unit: deg, datatype: float64}
# - {name: dec, unit: deg, datatype: float64}
# - {name: distance, unit: kpc, datatype: float64}
# - {name: pm_ra_cosdec, unit: mas / yr, datatype: float64}
# - {name: pm_dec, unit: mas / yr, datatype: float64}
# - {name: radial_velocity, unit: km / s, datatype: float64}
# delimiter: ','
# meta: !!omap
# - __serialized_columns__:
#     dec:
#       __class__: astropy.coordinates.angles.Latitude
#       unit: &id001 !astropy.units.Unit {unit: deg}
#       value: !astropy.table.SerializedColumn {name: dec}
#     distance:
#       __class__: astropy.coordinates.distances.Distance
#       unit: !astropy.units.Unit {unit: kpc}
#       value: !astropy.table.SerializedColumn {name: distance}
#     pm_dec:
#       __class__: astropy.units.quantity.Quantity
#       unit: !astropy.units.Unit {unit: mas / yr}
#       value: !astropy.table.SerializedColumn {name: pm_dec}
#     pm_ra_cosdec:
#       __class__: astropy.units.quantity.Quantity
#       unit: !astropy.units.Unit {unit: mas / yr}
#       value: !astropy.table.SerializedColumn {name: pm_ra_cosdec}
#     ra:
#       __class__: astropy.coordinates.angles.Longitude
#       unit: *id001
#       value: !astropy.table.SerializedColumn {name: ra}
#       wrap_angle: !astropy.coordinates.Angle
#         unit: *id001
#         value: 360.0
#     radial_velocity:
#       __class__: astropy.units.quantity.Quantity
#       unit: !astropy.units.Unit {unit: km / s}
#       value: !astropy.table.SerializedColumn {name: radial_velocity}
# schema: astropy-2.0
ra,dec,distance,pm_ra_cosdec,pm_dec,radial_velocity
[from data line 17992]
141.80602166818846,49.35507782593678,51.14524470846216,-0.35040571249586044,-0.6518990491095263,79.9635471193555
141.80183902890815,49.364815129080704,51.15838269879971,-0.3503740432821882,-0.6520247503987924,79.89566844792074
141.79765463656838,49.374552273228026,51.17152068913728,-0.35034234257101826,-0.6521504595911363,79.82778977648594
141.79346848998733,49.38428925826238,51.18465867947484,-0.3503106103388629,-0.6522761766900098,79.75991110505117
141.78928058798212,49.39402608406729,51.1977966698124,-0.35027884656221137,-0.6524019016988667,79.69203243361633
141.78509092936872,49.40376275052616,51.210934660149974,-0.3502470512175289,-0.6525276346211596,79.62415376218159
141.7808995129621,49.41349925752236,51.224072650487486,-0.3502152242812592,-0.6526533754603424,79.556275090747
141.77670633757606,49.42323560493913,51.23721064082504,-0.3501833657298219,-0.6527791242198691,79.48839641931222
141.7725114020234,49.43297179265955,51.25034863116261,-0.3501514755396131,-0.6529048809031933,79.42051774787745
141.76831470511578,49.44270782056662,51.26348662150018,-0.35011955368700676,-0.6530306455137697,79.35263907644267
141.76411624566373,49.452443688543305,51.27662461183774,-0.3500876001483526,-0.6531564180550532,79.28476040500787
141.75991602247674,49.462179396472365,51.2897626021753,-0.3500556148999773,-0.6532821985304986,79.2168817335731
141.75571403436325,49.471914944236524,51.30290059251286,-0.3500235979181855,-0.653407986943561,79.14900306213833
141.75151028013056,49.48165033171835,51.31603858285042,-0.34999154917925707,-0.6535337832976958,79.08112439070354
141.74730475858485,49.49138555880034,51.32917657318795,-0.34995946865944877,-0.6536595875963586,79.01324571926897
141.7430974685312,49.501120625364926,51.34231456352551,-0.34992735633499417,-0.6537853998430059,78.94536704783418
141.73888840877368,49.510855531294354,51.355452553863074,-0.3498952121821042,-0.6539112200410935,78.8774883763994
141.7346775781152,49.520590276470784,51.368590544200636,-0.34986303617696546,-0.6540370481940784,78.80960970496461
141.73046497535748,49.530324860776325,51.3817285345382,-0.34983082829574097,-0.6541628843054172,78.74173103352983
141.72625059930135,49.540059284092926,51.394866524875766,-0.349798588514571,-0.6542887283785663,78.67385236209512
141.72203444874637,49.54979354630247,51.40800451521333,-0.3497663168095725,-0.6544145804169835,78.60597369066028
141.71781652249112,49.559527647286636,51.42114250555088,-0.34973401315683816,-0.6545404404241262,78.5380950192255
141.71359681933288,49.56926158692714,51.43428049588841,-0.34970167753243697,-0.654666308403452,78.47021634779094
141.70937533806804,49.57899536510555,51.44741848622597,-0.3496693099124154,-0.6547921843584187,78.40233767635611
141.70515207749176,49.58872898170326,51.46055647656353,-0.34963691027279553,-0.6549180682924849,78.33445900492134
141.70092703639813,49.59846243660157,51.473694466901094,-0.349604478589576,-0.6550439602091086,78.2665803334866
141.69670021358013,49.608195729681775,51.486832457238656,-0.3495720148387315,-0.6551698601117484,78.19870166205186
141.69247160782962,49.617928860824975,51.49997044757621,-0.34953951899621366,-0.6552957680038632,78.13082299061702
141.68824121793733,49.627661829912164,51.51310843791378,-0.34950699103795024,-0.655421683888912,78.06294431918225
141.684009042693,49.637394636824204,51.526246428251305,-0.3494744309398453,-0.6555476077703536,77.99506564774765
141.67977508088504,49.64712728144202,51.53938441858887,-0.34944183867777856,-0.6556735396516481,77.92718697631283
141.67553933130088,49.65685976364619,51.55252240892642,-0.34940921422760635,-0.6557994795362552,77.85930830487806
141.67130179272687,49.666592083317354,51.565660399264,-0.34937655756516117,-0.6559254274276339,77.79142963344334
141.66706246394816,49.67632424033595,51.578798389601545,-0.34934386866625233,-0.6560513833292451,77.72355096200856
141.6628213437488,49.6860562345824,51.59193637993911,-0.3493111475066637,-0.6561773472445482,77.65567229057373
141.6585784309117,49.695788065936945,51.605074370276675,-0.34927839406215666,-0.656303319177004,77.58779361913899
141.6543337242187,49.70551973427975,51.61821236061423,-0.3492456083084685,-0.6564292991300735,77.51991494770421
141.65008722245054,49.71525123949079,51.63135035095176,-0.34921279022131224,-0.6565552871072158,77.45203627626962
141.6458389243867,49.72498258145013,51.64448834128932,-0.3491799397763763,-0.6566812831118938,77.38415760483483
141.64158882880568,49.73471376003755,51.65762633162688,-0.34914705694932613,-0.6568072871475678,77.31627893340007
141.6373369344848,49.744444775132756,51.67076432196444,-0.3491141417158029,-0.6569332992176987,77.24840026196527
141.63308324020022,49.754175626615385,51.68390231230201,-0.34908119405142357,-0.657059319325748,77.1805215905305
141.628827744727,49.76390631436493,51.69704030263957,-0.34904821393178087,-0.6571853474751778,77.11264291909569
141.6245704468391,49.77363683826082,51.710178292977126,-0.3490152013324432,-0.6573113836694489,77.04476424766094
141.6203113453093,49.78336719818233,51.723316283314695,-0.348982156228956,-0.6574374279120239,76.97688557622614
141.61605043890924,49.793097394008626,51.73645427365223,-0.34894907859683905,-0.6575634802063642,76.90900690479155
141.6117877264095,49.80282742561878,51.749592263989776,-0.3489159684115891,-0.6576895405559329,76.84112823335681
141.60752320657943,49.81255729289184,51.762730254327344,-0.34888282564867773,-0.6578156089641912,76.773249561922
141.60325687818727,49.82228699570658,51.77586824466491,-0.3488496502835525,-0.6579416854346022,76.70537089048729
141.5989887400002,49.8320165339418,51.78900623500246,-0.34881644229163766,-0.6580677699706284,76.63749221905243
141.59471879078419,49.84174590747607,51.80214422534004,-0.34878320164833176,-0.6581938625757319,76.56961354761768
141.59044702930404,49.851475116187984,51.81528221567759,-0.34874992832900975,-0.6583199632533764,76.50173487618292
141.58617345432347,49.86120415995596,51.82842020601516,-0.34871662230902184,-0.6584460720070238,76.43385620474812
141.58189806460504,49.87093303865826,51.84155819635267,-0.3486832835636948,-0.6585721888401375,76.36597753331354
141.57762085891017,49.88066175217312,51.854696186690234,-0.3486499120683294,-0.6586983137561808,76.29809886187877
141.57334183599912,49.89039030037865,51.8678341770278,-0.3486165077982034,-0.6588244467586171,76.23022019044394
141.56906099463097,49.900118683152805,51.880972167365364,-0.348583070728569,-0.6589505878509092,76.16234151900917
141.5647783335637,49.909846900373466,51.89411015770292,-0.34854960083465447,-0.6590767370365211,76.09446284757439
141.56049385155418,49.91957495191835,51.90724814804048,-0.34851609809166395,-0.6592028943189157,76.02658417613965
141.55620754735804,49.929302837665205,51.92038613837804,-0.3484825624747761,-0.6593290597015571,75.95870550470485
141.5519194197298,49.93903055749147,51.93352412871557,-0.348448993959145,-0.6594552331879087,75.89082683327028
141.54762946742287,49.94875811127465,51.94666211905314,-0.34841539251990106,-0.6595814147814343,75.8229481618355
141.5433376891894,49.958485498892,51.9598001093907,-0.3483817581321498,-0.6597076044855978,75.75506949040069
141.53904408378042,49.968212720220805,51.97293809972826,-0.3483480907709706,-0.6598338023038636,75.68719081896586
141.53474864994593,49.97793977513809,51.98607609006582,-0.34831439041142054,-0.6599600082396948,75.61931214753116
141.53045138643455,49.98766666352089,51.999214080403384,-0.3482806570285294,-0.6600862222965562,75.55143347609638
141.52615229199392,49.99739338524605,52.01235207074095,-0.3482468905973045,-0.6602124444779113,75.4835548046616
141.52185136537048,50.00711994019033,52.02549006107851,-0.3482130910927269,-0.6603386747872249,75.41567613322684
141.51754860530946,50.0168463282304,52.03862805141603,-0.3481792584897535,-0.6604649132279603,75.34779746179218
141.51324401055496,50.02657254924279,52.0517660417536,-0.348145392763316,-0.6605911598035825,75.27991879035744
141.50893757984986,50.03629860310394,52.06490403209115,-0.3481114938883211,-0.660717414517556,75.21204011892266
141.5046293119359,50.04602448969017,52.078042022428725,-0.3480775618396509,-0.6608436773733449,75.14416144748792
141.5003192055538,50.05575020887768,52.09118001276629,-0.3480435965921628,-0.660969948374413,75.07628277605312
141.49600725944285,50.06547576054256,52.10431800310384,-0.3480095981206885,-0.6610962275242256,75.00840410461834
141.49169347234138,50.0752011445608,52.11745599344141,-0.34797556640003524,-0.6612225148262467,74.94052543318352
141.48737784298646,50.0849263608082,52.130593983778965,-0.3479415014049858,-0.6613488102839408,74.87264676174878
141.48306037011398,50.0946514091606,52.143731974116484,-0.3479074031102962,-0.6614751139007721,74.80476809031418
141.47874105245864,50.10437628949362,52.15686996445405,-0.3478732714906991,-0.6616014256802053,74.73688941887937
141.47441988875406,50.11410100168278,52.170007954791615,-0.3478391065209006,-0.6617277456257054,74.66901074744464
141.4700968777326,50.123825545603495,52.18314594512917,-0.3478049081755832,-0.661854073740736,74.60113207600982
141.46577201812545,50.133549921131085,52.19628393546674,-0.3477706764294026,-0.6619804100287623,74.53325340457508
141.46144530866266,50.14327412814074,52.20942192580431,-0.34773641125699106,-0.6621067544932486,74.46537473314028
141.45711674807302,50.15299816650751,52.22255991614186,-0.34770211263295403,-0.6622331071376593,74.3974960617055
141.45278633508426,50.16272203610636,52.23569790647942,-0.34766778053187275,-0.6623594679654589,74.32961739027071
141.44845406842282,50.17244573681214,52.24883589681695,-0.34763341492830235,-0.6624858369801113,74.26173871883611
141.44411994681394,50.18216926849964,52.261973887154504,-0.3475990157967728,-0.6626122141850825,74.19386004740139
141.43978396898183,50.19189263104344,52.27511187749207,-0.34756458311178984,-0.6627385995838353,74.12598137596657
141.43544613364935,50.20161582431802,52.28824986782964,-0.3475301168478324,-0.6628649931798347,74.05810270453179
141.4311064395382,50.21133884819782,52.30138785816719,-0.3474956169793546,-0.6629913949765454,73.99022403309704
141.42676488536898,50.221061702557115,52.31452584850476,-0.34746108348078514,-0.6631178049774313,73.92234536166228
141.422421469861,50.23078438727006,52.32766383884232,-0.34742651632652716,-0.6632442231859567,73.85446669022747
141.41807619173247,50.24050690221066,52.340801829179846,-0.3473919154909586,-0.6633706496055851,73.78658801879288
141.4137290497003,50.25022924725294,52.3539398195174,-0.3473572809484314,-0.6634970842397818,73.71870934735809
141.40938004248022,50.259951422270674,52.36707780985497,-0.347322612673272,-0.6636235270920107,73.65083067592332
141.40502916878685,50.269673427137576,52.38021580019252,-0.34728791063978187,-0.6637499781657356,73.58295200448852
141.4006764273336,50.27939526172721,52.39335379053009,-0.34725317482223583,-0.6638764374644202,73.51507333305375
141.39632181683254,50.28911692591309,52.406491780867654,-0.3472184051948841,-0.664002904991529,73.44719466161897
141.3919653359947,50.298838419568554,52.419629771205216,-0.3471836017319505,-0.6641293807505254,73.37931599018424
141.38760698352985,50.308559742566864,52.432767761542785,-0.34714876440763365,-0.6642558647448731,73.31143731874944
141.38324675814656,50.31828089478111,52.445905751880304,-0.34711389319610597,-0.6643823569780358,73.24355864731484
141.37888465855215,50.32800187608436,52.459043742217865,-0.3470789880715145,-0.6645088574534772,73.17567997588006
141.3745206834528,50.337722686349494,52.472181732555434,-0.34704404900798036,-0.6646353661746611,73.10780130444526
141.37015483155344,50.34744332544928,52.48531972289299,-0.3470090759795986,-0.6647618831450502,73.0399226330105
141.3657871015578,50.35716379325639,52.49845771323055,-0.3469740689604385,-0.6648884083681084,72.97204396157572
141.36141749216847,50.36688408964334,52.51159570356811,-0.3469390279245441,-0.6650149418472983,72.90416529014091
141.35704600208666,50.37660421448263,52.52473369390568,-0.3469039528459327,-0.6651414835860833,72.83628661870617
141.35267263001253,50.38632416764655,52.53787168424324,-0.34686884369859583,-0.6652680335879265,72.7684079472714
141.348297374645,50.39604394900726,52.551009674580754,-0.34683370045649964,-0.6653945918562898,72.7005292758368
141.34392023468163,50.40576355843687,52.564147664918316,-0.34679852309358306,-0.665521158394637,72.632650604402
141.33954120881899,50.41548299580737,52.57728565525589,-0.3467633115837604,-0.6656477332064301,72.5647719329672
141.33516029575225,50.42520226099059,52.590423645593454,-0.34672806590091865,-0.6657743162951318,72.49689326153249
141.3307774941754,50.43492135385826,52.60356163593101,-0.34669278601891984,-0.6659009076642043,72.4290145900977
141.32639280278133,50.444640274281944,52.61669962626856,-0.3466574719115996,-0.6660275073171091,72.3611359186629
141.3220062202615,50.45435902213323,52.629837616606146,-0.3466221235527659,-0.6661541152573092,72.29325724722813
141.31761774530634,50.464077597283435,52.64297560694366,-0.3465867409162028,-0.6662807314882655,72.2253785757935
141.3132273766049,50.47379599960385,52.65611359728122,-0.3465513239756667,-0.6664073560134405,72.15749990435874
141.30883511284512,50.48351422896557,52.66925158761878,-0.3465158727048881,-0.6665339888362951,72.08962123292396
141.30444095271366,50.493232285239685,52.68238957795636,-0.34648038707757134,-0.6666606299602909,72.02174256148915
141.30004489489593,50.50295016829706,52.69552756829392,-0.3464448670673945,-0.6667872793888889,71.9538638900544
141.29564693807612,50.512667878008486,52.70866555863149,-0.34640931264800856,-0.6669139371255504,71.88598521861962
141.2912470809373,50.522385414244624,52.721803548969014,-0.3463737237930398,-0.6670406031737359,71.81810654718491
