galstreams/tracks/track.st.Hyllus.grillmair2014.ecsv
# %ECSV 1.0
# ---
# datatype:
# - {name: ra, unit: deg, datatype: float64}
# - {name: dec, unit: deg, datatype: float64}
# - {name: distance, unit: kpc, datatype: float64}
# - {name: pm_ra_cosdec, unit: mas / yr, datatype: float64}
# - {name: pm_dec, unit: mas / yr, datatype: float64}
# - {name: radial_velocity, unit: km / s, datatype: float64}
# delimiter: ','
# meta: !!omap
# - __serialized_columns__:
#     dec:
#       __class__: astropy.coordinates.angles.Latitude
#       unit: &id001 !astropy.units.Unit {unit: deg}
#       value: !astropy.table.SerializedColumn {name: dec}
#     distance:
#       __class__: astropy.coordinates.distances.Distance
#       unit: !astropy.units.Unit {unit: kpc}
#       value: !astropy.table.SerializedColumn {name: distance}
#     pm_dec:
#       __class__: astropy.units.quantity.Quantity
#       unit: !astropy.units.Unit {unit: mas / yr}
#       value: !astropy.table.SerializedColumn {name: pm_dec}
#     pm_ra_cosdec:
#       __class__: astropy.units.quantity.Quantity
#       unit: !astropy.units.Unit {unit: mas / yr}
#       value: !astropy.table.SerializedColumn {name: pm_ra_cosdec}
#     ra:
#       __class__: astropy.coordinates.angles.Longitude
#       unit: *id001
#       value: !astropy.table.SerializedColumn {name: ra}
#       wrap_angle: !astropy.coordinates.Angle
#         unit: *id001
#         value: 360.0
#     radial_velocity:
#       __class__: astropy.units.quantity.Quantity
#       unit: !astropy.units.Unit {unit: km / s}
#       value: !astropy.table.SerializedColumn {name: radial_velocity}
# schema: astropy-2.0
ra,dec,distance,pm_ra_cosdec,pm_dec,radial_velocity
[from data line 1178]
245.93572064666145,22.577767865186,20.73462565402645,0.0,0.0,0.0
245.93480614541383,22.587740042754692,20.73267437539371,0.0,0.0,0.0
245.9338946070426,22.597712478128358,20.7307230487429,0.0,0.0,0.0
245.93298603176456,22.607685171325013,20.72877167407506,0.0,0.0,0.0
245.93208041979713,22.617658122362517,20.72682025139124,0.0,0.0,0.0
245.93117777135848,22.62763133125862,20.72486878069249,0.0,0.0,0.0
245.9302780866671,22.63760479803091,20.72291726197987,0.0,0.0,0.0
245.92938136594256,22.64757852269688,20.72096569525443,0.0,0.0,0.0
245.92848760940473,22.657552505273838,20.719014080517223,0.0,0.0,0.0
245.92759681727418,22.667526745779004,20.7170624177693,0.0,0.0,0.0
245.92670898977232,22.677501244229433,20.715110707011707,0.0,0.0,0.0
245.92582412712096,22.68747600064206,20.713158948245507,0.0,0.0,0.0
245.92494222954264,22.69745101503368,20.711207141471746,0.0,0.0,0.0
245.92406329726063,22.707426287420944,20.70925528669148,0.0,0.0,0.0
245.92318733049868,22.717401817820388,20.707303383905757,0.0,0.0,0.0
245.92231432948137,22.727377606248385,20.705351433115634,0.0,0.0,0.0
245.92144429443366,22.737353652721186,20.70339943432216,0.0,0.0,0.0
245.9205772255814,22.74732995725491,20.701447387526382,0.0,0.0,0.0
245.919713123151,22.757306519865516,20.699495292729363,0.0,0.0,0.0
245.91885198736955,22.76728334056884,20.69754314993215,0.0,0.0,0.0
245.91799381846465,22.7772604193806,20.695590959135792,0.0,0.0,0.0
245.91713861666472,22.787237756316326,20.693638720341355,0.0,0.0,0.0
245.9162863821987,22.797215351391447,20.691686433549876,0.0,0.0,0.0
245.91543711529619,22.807193204621242,20.689734098762408,0.0,0.0,0.0
245.91459081618754,22.81717131602086,20.68778171598001,0.0,0.0,0.0
245.91374748510358,22.827149685605292,20.685829285203734,0.0,0.0,0.0
245.91290712227598,22.83712831338939,20.683876806434633,0.0,0.0,0.0
245.91206972793688,22.84710719938787,20.68192427967375,0.0,0.0,0.0
245.91123530231914,22.85708634361533,20.67997170492215,0.0,0.0,0.0
245.91040384565628,22.867065746086173,20.678019082180874,0.0,0.0,0.0
245.90957535818242,22.877045406814712,20.676066411450986,0.0,0.0,0.0
245.9087498401324,22.887025325815102,20.674113692733524,0.0,0.0,0.0
245.90792729174163,22.89700550310134,20.672160926029555,0.0,0.0,0.0
245.90710771324626,22.90698593868729,20.670208111340123,0.0,0.0,0.0
245.90629110488302,22.916966632586682,20.668255248666274,0.0,0.0,0.0
245.90547746688927,22.926947584813085,20.66630233800907,0.0,0.0,0.0
245.9046667995031,22.936928795379934,20.664349379369565,0.0,0.0,0.0
245.90385910296314,22.94691026430053,20.662396372748812,0.0,0.0,0.0
245.90305437750882,22.956891991588,20.660443318147852,0.0,0.0,0.0
245.9022526233801,22.966873977255357,20.65849021556775,0.0,0.0,0.0
245.90145384081754,22.976856221315455,20.656537065009545,0.0,0.0,0.0
245.90065803006257,22.986838723781013,20.654583866474297,0.0,0.0,0.0
245.89986519135707,22.99682148466456,20.65263061996306,0.0,0.0,0.0
245.8990753249436,23.006804503978547,20.650677325476885,0.0,0.0,0.0
245.89828843106542,23.016787781735218,20.64872398301682,0.0,0.0,0.0
245.89750450996655,23.026771317946718,20.646770592583927,0.0,0.0,0.0
245.8967235618914,23.036755112625006,20.644817154179247,0.0,0.0,0.0
245.89594558708524,23.046739165781922,20.642863667803834,0.0,0.0,0.0
245.89517058579395,23.05672347742913,20.640910133458746,0.0,0.0,0.0
245.89439855826404,23.066708047578178,20.638956551145032,0.0,0.0,0.0
245.89362950474262,23.076692876240433,20.637002920863743,0.0,0.0,0.0
245.89286342547757,23.086677963427135,20.635049242615935,0.0,0.0,0.0
245.8921003207174,23.09666330914936,20.63309551640267,0.0,0.0,0.0
245.8913401907112,23.10664891341806,20.631141742224973,0.0,0.0,0.0
245.8905830357087,23.116634776243995,20.62918792008392,0.0,0.0,0.0
245.8898288559604,23.126620897637824,20.62723404998055,0.0,0.0,0.0
245.8890776517174,23.136607277609997,20.625280131915925,0.0,0.0,0.0
245.88832942323148,23.146593916170872,20.62332616589109,0.0,0.0,0.0
245.88758417075502,23.15658081333061,20.621372151907106,0.0,0.0,0.0
245.88684189454105,23.166567969099244,20.619418089965013,0.0,0.0,0.0
245.8861025948434,23.176555383486654,20.617463980065867,0.0,0.0,0.0
245.88536627191638,23.186543056502558,20.61550982221073,0.0,0.0,0.0
245.88463292601506,23.196530988156525,20.613555616400646,0.0,0.0,0.0
245.8839025573951,23.206519178457974,20.611601362636662,0.0,0.0,0.0
245.88317516631292,23.216507627416167,20.609647060919844,0.0,0.0,0.0
245.88245075302552,23.226496335040206,20.607692711251232,0.0,0.0,0.0
245.88172931779056,23.236485301339055,20.60573831363189,0.0,0.0,0.0
245.88101086086638,23.246474526321496,20.603783868062852,0.0,0.0,0.0
245.88029538251197,23.256464009996186,20.601829374545197,0.0,0.0,0.0
245.87958288298702,23.26645375237162,20.59987483307995,0.0,0.0,0.0
245.87887336255176,23.276443753456128,20.59792024366818,0.0,0.0,0.0
245.8781668214673,23.286434013257875,20.595965606310934,0.0,0.0,0.0
245.87746325999518,23.296424531784904,20.594010921009264,0.0,0.0,0.0
245.8767626783978,23.30641530904505,20.592056187764232,0.0,0.0,0.0
245.87606507693803,23.31640634504604,20.590101406576867,0.0,0.0,0.0
245.87537045587953,23.326397639795424,20.58814657744825,0.0,0.0,0.0
245.8746788154866,23.336389193300583,20.586191700379402,0.0,0.0,0.0
245.87399015602415,23.34638100556875,20.584236775371405,0.0,0.0,0.0
245.87330447775784,23.356373076607014,20.582281802425296,0.0,0.0,0.0
245.87262178095398,23.366365406422286,20.58032678154213,0.0,0.0,0.0
245.87194206587944,23.37635799502132,20.578371712722966,0.0,0.0,0.0
245.87126533280187,23.386350842410717,20.576416595968833,0.0,0.0,0.0
245.8705915819895,23.396343948596915,20.57446143128081,0.0,0.0,0.0
245.86992081371133,23.40633731358618,20.572506218659935,0.0,0.0,0.0
245.8692530282369,23.416330937384647,20.570550958107273,0.0,0.0,0.0
245.86858822583656,23.426324819998264,20.568595649623852,0.0,0.0,0.0
245.8679264067812,23.436318961432825,20.566640293210753,0.0,0.0,0.0
245.8672675713424,23.446313361693967,20.564684888869014,0.0,0.0,0.0
245.86661171979247,23.45630802078715,20.562729436599685,0.0,0.0,0.0
245.8659588524043,23.466302938717703,20.560773936403823,0.0,0.0,0.0
245.86530896945155,23.47629811549076,20.558818388282475,0.0,0.0,0.0
245.86466207120844,23.48629355111131,20.556862792236693,0.0,0.0,0.0
245.86401815794994,23.49628924558417,20.554907148267546,0.0,0.0,0.0
245.86337722995162,23.506285198914007,20.552951456376068,0.0,0.0,0.0
245.86273928748983,23.51628141110529,20.550995716563317,0.0,0.0,0.0
245.86210433084145,23.526277882162372,20.54903992883034,0.0,0.0,0.0
245.86147236028418,23.5362746120894,20.547084093178206,0.0,0.0,0.0
245.86084337609614,23.54627160089039,20.54512820960795,0.0,0.0,0.0
245.86021737855643,23.556268848569168,20.543172278120625,0.0,0.0,0.0
245.85959436794468,23.566266355129393,20.54121629871729,0.0,0.0,0.0
245.85897434454114,23.57626412057458,20.539260271399,0.0,0.0,0.0
245.85835730862675,23.58626214490805,20.537304196166804,0.0,0.0,0.0
245.85774326048318,23.59626042813299,20.535348073021744,0.0,0.0,0.0
245.85713220039278,23.606258970252398,20.53339190196489,0.0,0.0,0.0
245.85652412863848,23.616257771269087,20.53143568299728,0.0,0.0,0.0
245.855919045504,23.626256831185756,20.52947941611998,0.0,0.0,0.0
245.85531695127366,23.636256150004872,20.52752310133403,0.0,0.0,0.0
245.85471784623235,23.646255727728796,20.52556673864048,0.0,0.0,0.0
245.85412173066592,23.656255564359665,20.523610328040398,0.0,0.0,0.0
245.85352860486063,23.666255659899484,20.52165386953482,0.0,0.0,0.0
245.85293846910352,23.67625601435006,20.519697363124813,0.0,0.0,0.0
245.85235132368229,23.686256627713064,20.51774080881141,0.0,0.0,0.0
245.85176716888532,23.69625749998997,20.515784206595683,0.0,0.0,0.0
245.85118600500164,23.706258631182084,20.513827556478684,0.0,0.0,0.0
245.85060783232103,23.716260021290577,20.511870858461442,0.0,0.0,0.0
245.8500326511339,23.726261670316386,20.50991411254503,0.0,0.0,0.0
245.84946046173127,23.736263578260317,20.507957318730497,0.0,0.0,0.0
245.84889126440495,23.746265745122994,20.506000477018894,0.0,0.0,0.0
245.84832505944735,23.75626817090489,20.504043587411267,0.0,0.0,0.0
245.84776184715165,23.766270855606273,20.50208664990868,0.0,0.0,0.0
245.8472016278115,23.776273799227255,20.500129664512176,0.0,0.0,0.0
245.84664440172156,23.786277001767758,20.49817263122281,0.0,0.0,0.0
245.8460901691768,23.79628046322756,20.49621555004164,0.0,0.0,0.0
245.84553893047314,23.80628418360626,20.4942584209697,0.0,0.0,0.0
245.84499068590713,23.81628816290324,20.49230124400807,0.0,0.0,0.0
245.8444454357759,23.82629240111776,20.49034401915778,0.0,0.0,0.0
245.8439031803773,23.83629689824888,20.48838674641989,0.0,0.0,0.0
245.84336392000995,23.846301654295495,20.48642942579545,0.0,0.0,0.0
245.84282765497298,23.856306669256313,20.48447205728552,0.0,0.0,0.0
245.84229438556642,23.866311943129862,20.482514640891136,0.0,0.0,0.0
245.84176411209083,23.876317475914515,20.480557176613374,0.0,0.0,0.0
245.8412368348474,23.88632326760845,20.478599664453267,0.0,0.0,0.0
245.84071255413815,23.896329318209677,20.476642104411876,0.0,0.0,0.0
245.84019127026576,23.906335627716032,20.474684496490244,0.0,0.0,0.0
245.83967298353357,23.91634219612515,20.472726840689436,0.0,0.0,0.0
245.83915769424544,23.92634902343452,20.47076913701049,0.0,0.0,0.0
245.83864540270625,23.93635610964143,20.468811385454472,0.0,0.0,0.0
245.83813610922124,23.946363454743,20.46685358602243,0.0,0.0,0.0
245.83762981409654,23.95637105873616,20.46489573871542,0.0,0.0,0.0
245.83712651763884,23.966378921617686,20.46293784353448,0.0,0.0,0.0
245.83662622015567,23.976387043384133,20.46097990048067,0.0,0.0,0.0
245.83612892195507,23.98639542403191,20.45902190955505,0.0,0.0,0.0
245.83563462334584,23.99640406355724,20.45706387075867,0.0,0.0,0.0
245.83514332463747,24.00641296195615,20.455105784092567,0.0,0.0,0.0
245.83465502614024,24.016422119224504,20.453147649557813,0.0,0.0,0.0
245.83416972816482,24.026431535357972,20.451189467155448,0.0,0.0,0.0
245.83368743102295,24.03644121035205,20.449231236886526,0.0,0.0,0.0
245.8332081350268,24.046451144202035,20.447272958752112,0.0,0.0,0.0
245.83273184048926,24.05646133690307,20.445314632753238,0.0,0.0,0.0
245.832258547724,24.066471788450094,20.443356258890965,0.0,0.0,0.0
245.83178825704528,24.076482498837866,20.441397837166353,0.0,0.0,0.0
245.83132096876815,24.086493468060965,20.43943936758044,0.0,0.0,0.0
245.83085668320828,24.096504696113783,20.437480850134293,0.0,0.0,0.0
245.830395400682,24.10651618299053,20.435522284828956,0.0,0.0,0.0
245.82993712150645,24.116527928685233,20.43356367166547,0.0,0.0,0.0
245.82948184599934,24.12653993319173,20.431605010644915,0.0,0.0,0.0
245.82902957447908,24.13655219650368,20.42964630176833,0.0,0.0,0.0
245.8285803072649,24.14656471861455,20.42768754503675,0.0,0.0,0.0
245.8281340446766,24.15657749951761,20.42572874045125,0.0,0.0,0.0
245.82769078703467,24.166590539205977,20.423769888012878,0.0,0.0,0.0
245.8272505346604,24.17660383767255,20.421810987722676,0.0,0.0,0.0
245.82681328787558,24.18661739491006,20.41985203958171,0.0,0.0,0.0
245.82637904700294,24.19663121091102,20.41789304359102,0.0,0.0,0.0
245.82594781236568,24.2066452856678,20.41593399975167,0.0,0.0,0.0
245.8255195842879,24.216659619172553,20.413974908064702,0.0,0.0,0.0
245.82509436309417,24.226674211417254,20.412015768531173,0.0,0.0,0.0
245.82467214910997,24.23668906239368,20.410056581152137,0.0,0.0,0.0
245.82425294266133,24.246704172093423,20.40809734592863,0.0,0.0,0.0
245.82383674407507,24.25671954050789,20.406138062861732,0.0,0.0,0.0
245.8234235536786,24.2667351676283,20.404178731952477,0.0,0.0,0.0
245.82301337180007,24.276751053445672,20.402219353201925,0.0,0.0,0.0
245.82260619876843,24.286767197950834,20.400259926611128,0.0,0.0,0.0
245.8222020349132,24.296783601134432,20.398300452181132,0.0,0.0,0.0
245.82180088056458,24.30680026298693,20.396340929912988,0.0,0.0,0.0
245.82140273605367,24.316817183498575,20.394381359807756,0.0,0.0,0.0
245.82100760171195,24.326834362659437,20.39242174186648,0.0,0.0,0.0
245.8206154778719,24.33685180045939,20.390462076090227,0.0,0.0,0.0
245.82022636486653,24.34686949688811,20.38850236248004,0.0,0.0,0.0
245.81984026302965,24.35688745193511,20.38654260103696,0.0,0.0,0.0
245.81945717269562,24.366905665589684,20.38458279176206,0.0,0.0,0.0
245.81907709419966,24.376924137840913,20.382622934656375,0.0,0.0,0.0
245.81870002787755,24.38694286867773,20.380663029720964,0.0,0.0,0.0
245.81832597406594,24.396961858088826,20.378703076956892,0.0,0.0,0.0
245.81795493310204,24.406981106062748,20.37674307636519,0.0,0.0,0.0
245.81758690532382,24.417000612587813,20.37478302794692,0.0,0.0,0.0
245.8172218910699,24.42702037765215,20.372822931703137,0.0,0.0,0.0
245.81685989067972,24.437040401243696,20.37086278763488,0.0,0.0,0.0
245.81650090449335,24.447060683350166,20.368902595743222,0.0,0.0,0.0
245.81614493285144,24.457081223959143,20.366942356029202,0.0,0.0,0.0
245.8157919760956,24.46710202305795,20.364982068493877,0.0,0.0,0.0
245.81544203456792,24.477123080633742,20.363021733138293,0.0,0.0,0.0
245.81509510861136,24.48714439667348,20.36106134996351,0.0,0.0,0.0
245.81475119856947,24.49716597116389,20.359100918970565,0.0,0.0,0.0
245.81441030478652,24.507187804091547,20.357140440160535,0.0,0.0,0.0
245.81407242760756,24.51720989544281,20.355179913534464,0.0,0.0,0.0
245.81373756737824,24.52723224520384,20.353219339093382,0.0,0.0,0.0
245.81340572444503,24.53725485336058,20.35125871683837,0.0,0.0,0.0
245.81307689915505,24.547277719898798,20.349298046770468,0.0,0.0,0.0
245.8127510918561,24.557300844804065,20.347337328890728,0.0,0.0,0.0
245.81242830289665,24.567324228061732,20.345376563200205,0.0,0.0,0.0
245.8121085326261,24.57734786965695,20.343415749699954,0.0,0.0,0.0
245.81179178139425,24.587371769574705,20.341454888391013,0.0,0.0,0.0
245.81147804955185,24.597395927799727,20.33949397927445,0.0,0.0,0.0
245.81116733745029,24.607420344316584,20.337533022351312,0.0,0.0,0.0
245.81085964544155,24.617445019109628,20.33557201762265,0.0,0.0,0.0
245.81055497387848,24.62746995216302,20.333610965089516,0.0,0.0,0.0
245.8102533231146,24.63749514346069,20.33164986475297,0.0,0.0,0.0
245.80995469350412,24.647520592986403,20.32968871661405,0.0,0.0,0.0
245.80965908540193,24.6575463007237,20.32772752067382,0.0,0.0,0.0
245.8093664991637,24.66757226665591,20.32576627693333,0.0,0.0,0.0
245.80907693514575,24.677598490766183,20.323804985393625,0.0,0.0,0.0
245.80879039370512,24.687624973037437,20.32184364605576,0.0,0.0,0.0
245.80850687519967,24.697651713452416,20.3198822589208,0.0,0.0,0.0
245.8082263799878,24.70767871199363,20.317920823989784,0.0,0.0,0.0
245.8079489084287,24.717705968643394,20.315959341263767,0.0,0.0,0.0
245.80767446088237,24.727733483383822,20.313997810743807,0.0,0.0,0.0
245.80740303770938,24.737761256196833,20.31203623243094,0.0,0.0,0.0
245.80713463927108,24.7477892870641,20.31007460632624,0.0,0.0,0.0
245.80686926592952,24.75781757596714,20.30811293243074,0.0,0.0,0.0
245.80660691804752,24.767846122887224,20.30615121074551,0.0,0.0,0.0
245.80634759598854,24.77787492780543,20.30418944127159,0.0,0.0,0.0
245.80609130011675,24.78790399070263,20.302227624010037,0.0,0.0,0.0
245.80583803079713,24.797933311559508,20.300265758961892,0.0,0.0,0.0
245.8055877883953,24.80796289035647,20.29830384612823,0.0,0.0,0.0
245.8053405732776,24.817992727073808,20.29634188551008,0.0,0.0,0.0
245.80509638581114,24.82802282169153,20.294379877108508,0.0,0.0,0.0
245.8048552263637,24.83805317418947,20.29241782092457,0.0,0.0,0.0
245.8046170953038,24.848083784547246,20.29045571695931,0.0,0.0,0.0
245.80438199300065,24.858114652744266,20.288493565213773,0.0,0.0,0.0
245.80414991982428,24.86814577875971,20.28653136568903,0.0,0.0,0.0
245.8039208761452,24.87817716257259,20.284569118386113,0.0,0.0,0.0
245.80369486233502,24.888208804161664,20.282606823306093,0.0,0.0,0.0
245.80347187876572,24.8982407035055,20.280644480450007,0.0,0.0,0.0
245.80325192581014,24.90827286058244,20.27868208981891,0.0,0.0,0.0
245.8030350038419,24.918305275370635,20.27671965141387,0.0,0.0,0.0
