galstreams/tracks/track.st.Jhelum-b.bonaca2019.ecsv
# %ECSV 0.9
# ---
# datatype:
# - {name: ra, unit: deg, datatype: float64}
# - {name: dec, unit: deg, datatype: float64}
# - {name: distance, unit: kpc, datatype: float64}
# - {name: pm_ra_cosdec, unit: mas / yr, datatype: float64}
# - {name: pm_dec, unit: mas / yr, datatype: float64}
# - {name: radial_velocity, unit: km / s, datatype: float64}
# delimiter: ','
# meta: !!omap
# - __serialized_columns__:
#     dec:
#       __class__: astropy.coordinates.angles.Latitude
#       unit: &id001 !astropy.units.Unit {unit: deg}
#       value: !astropy.table.SerializedColumn {name: dec}
#     distance:
#       __class__: astropy.coordinates.distances.Distance
#       unit: !astropy.units.Unit {unit: kpc}
#       value: !astropy.table.SerializedColumn {name: distance}
#     pm_dec:
#       __class__: astropy.units.quantity.Quantity
#       unit: !astropy.units.Unit {unit: mas / yr}
#       value: !astropy.table.SerializedColumn {name: pm_dec}
#     pm_ra_cosdec:
#       __class__: astropy.units.quantity.Quantity
#       unit: !astropy.units.Unit {unit: mas / yr}
#       value: !astropy.table.SerializedColumn {name: pm_ra_cosdec}
#     ra:
#       __class__: astropy.coordinates.angles.Longitude
#       unit: *id001
#       value: !astropy.table.SerializedColumn {name: ra}
#       wrap_angle: !astropy.coordinates.Angle
#         unit: *id001
#         value: 360.0
#     radial_velocity:
#       __class__: astropy.units.quantity.Quantity
#       unit: !astropy.units.Unit {unit: km / s}
#       value: !astropy.table.SerializedColumn {name: radial_velocity}
# schema: astropy-2.0
ra,dec,distance,pm_ra_cosdec,pm_dec,radial_velocity
[from data line 139]
334.38768018690246,-48.94272348691536,12.999999999999996,6.019650874080841,-5.487566514730498,-1.0104920555846805e-13
334.17001817461977,-48.89506684110162,12.999999999999993,6.003733697614254,-5.500496219880025,-1.6841534259744677e-13
333.95276097318356,-48.84702343394964,12.999999999999991,5.987788409684697,-5.513306013523949,-1.347322740779574e-13
333.7359103573678,-48.79859469030524,12.999999999999991,5.971815953221257,-5.525995515479197,-1.6841534259744677e-13
333.5194680610788,-48.7497820398625,12.999999999999991,5.955817268042372,-5.538564356913914,-1.0104920555846805e-13
333.3034357774977,-48.70058691700361,12.999999999999991,5.939793290742912,-5.551012180258299,-6.73661370389787e-14
333.08781515923124,-48.651010760639736,12.999999999999993,5.923744954583645,-5.563338639113894,-1.0104920555846805e-13
332.8726078184682,-48.60105501405279,12.999999999999993,5.907673189383022,-5.575543398161334,-1.347322740779574e-13
332.6578153271434,-48.55072112473845,12.999999999999993,5.891578921411277,-5.587626133066675,-1.0104920555846805e-13
332.4434392171081,-48.50001054425003,12.999999999999993,5.875463073286923,-5.59958653038631,-1.347322740779574e-13
332.2294809803068,-48.448924728043615,12.999999999999993,5.85932656387554,-5.611424287470566,-1.6841534259744677e-13
332.0159420689605,-48.39746513532422,12.999999999999996,5.843170308190961,-5.623139112365996,-1.347322740779574e-13
331.80282389575615,-48.345633228893135,12.999999999999993,5.8269952172987525,-5.63473072371649,-2.3578147963642546e-13
331.5901278340418,-48.29343047499645,12.999999999999993,5.810802198222086,-5.646198850663163,-1.6841534259744677e-13
331.37785521802806,-48.240858343174715,12.999999999999993,5.794592153849908,-5.6575432327431905,-6.73661370389787e-14
331.16600734299476,-48.18791830611395,12.999999999999993,5.778365982847471,-5.668763619787558,-6.73661370389787e-14
330.9545854655037,-48.13461183949772,12.999999999999991,5.762124579569189,-5.679859771817809,-6.73661370389787e-14
330.74359080361654,-48.08094042186056,12.999999999999993,5.745868833973807,-5.690831458941852,-2.3578147963642546e-13
330.5330245371179,-48.02690553444268,12.999999999999991,5.72959963154191,-5.701678461248871,-2.3578147963642546e-13
330.32288780774365,-47.972508661045964,12.99999999999999,5.713317853195682,-5.712400568703415,-2.020984111169361e-13
330.11318171941394,-47.91775128789123,12.99999999999999,5.697024375221037,-5.722997581038662,-2.020984111169361e-13
329.90390733847164,-47.862634903476874,12.999999999999991,5.680720069191986,-5.733469307648975,-2.020984111169361e-13
329.6950656939245,-47.80716099843885,12.999999999999991,5.66440580189728,-5.743815567481768,-2.020984111169361e-13
329.48665777769287,-47.751331065412,12.999999999999991,5.64808243526934,-5.754036188928719,-3.368306851948935e-14
329.2786845448607,-47.69514659889275,12.99999999999999,5.631750826315405,-5.764131009716427,0.0
329.07114691393167,-47.63860909510321,12.99999999999999,5.615411827050939,-5.774099876796495,-1.6841534259744677e-13
328.86404576708884,-47.581720051856756,12.99999999999999,5.59906628443525,-5.783942646235146,-1.0104920555846805e-13
328.6573819504583,-47.52448096842482,12.99999999999999,5.5827150403092896,-5.793659183102411,-2.020984111169361e-13
328.45115627437673,-47.46689334540532,12.999999999999988,5.566358931335668,-5.803249361360876,-2.020984111169361e-13
328.24536951366275,-47.40895868459251,12.99999999999999,5.549998788940824,-5.8127130637541224,-1.6841534259744677e-13
328.0400224078911,-47.35067848884807,12.99999999999999,5.533635439259337,-5.822050181694837,3.368306851948935e-14
327.8351156616708,-47.292054261973945,12.999999999999988,5.517269703080395,-5.8312606151526865,0.0
327.63064994492635,-47.23308750858645,12.99999999999999,5.50090239579634,-5.840344272541933,-1.6841534259744677e-13
327.426625893182,-47.17377973399191,12.999999999999988,5.484534327353339,-5.849301070608911,-1.0104920555846805e-13
327.2230441078487,-47.11413244406388,12.99999999999999,5.468166302204091,-5.858130934319371,1.0104920555846805e-13
327.0199051565141,-47.05414714512161,12.999999999999984,5.45179911926261,-5.866833796745708,-1.347322740779574e-13
326.8172095732356,-46.993825343810364,12.999999999999984,5.4354335718610445,-5.875409598954136,-6.73661370389787e-14
326.6149578588346,-46.933168546982905,12.999999999999988,5.4190704477084415,-5.883858289891894,-1.6841534259744677e-13
326.4131504811951,-46.87217826158266,12.999999999999984,5.40271052885158,-5.892179826274422,-1.6841534259744677e-13
326.21178787556266,-46.81085599452847,12.999999999999982,5.386354591637681,-5.900374172472631,-2.3578147963642546e-13
326.0108704448468,-46.749203252600616,12.999999999999984,5.370003406679113,-5.908441300400268,-3.368306851948935e-14
325.8103985599247,-46.68722154232863,12.999999999999982,5.353657738819968,-5.916381189401424,-1.0104920555846805e-13
325.6103725599473,-46.624912369880455,12.999999999999986,5.337318347104541,-5.92419382613818,-6.73661370389787e-14
325.4107927526468,-46.562277240953215,12.999999999999982,5.320985984747687,-5.931879204478511,-6.73661370389787e-14
325.2116594146459,-46.49931766066548,12.999999999999982,5.304661399106959,-5.939437325384373,-1.347322740779574e-13
325.01297279176873,-46.43603513345106,12.999999999999982,5.288345331656624,-5.9468681968001,-3.368306851948935e-14
324.81473309935274,-46.37243116295434,12.99999999999998,5.272038517963392,-5.954171833541093,-1.0104920555846805e-13
324.6169405225626,-46.308507251927196,12.99999999999998,5.255741687663981,-5.961348257182836,-2.020984111169361e-13
324.4195952167045,-46.244264902127284,12.999999999999982,5.239455564444344,-5.96839749595026,-3.368306851948935e-14
324.22269730754215,-46.17970561421804,12.999999999999977,5.223180866020633,-5.975319584607564,-1.0104920555846805e-13
324.02624689161337,-46.11483088767014,12.99999999999998,5.206918304121818,-5.982114564348356,-1.0104920555846805e-13
323.83024403654764,-46.049642220664396,12.999999999999979,5.1906685844740235,-5.9887824826863305,-6.73661370389787e-14
323.6346887813843,-45.98414110999633,12.999999999999975,5.17443240678636,-5.995323393346382,-1.0104920555846805e-13
323.4395811368917,-45.91832905098213,12.999999999999979,5.158210464738492,-6.001737356156202,-1.347322740779574e-13
323.24492108588646,-45.852207537366226,12.999999999999979,5.142003445969679,-6.008024436938456,-1.6841534259744677e-13
323.0507085835534,-45.78577806123032,12.999999999999973,5.12581203206939,-6.01418470740345,-2.020984111169361e-13
322.85694355776565,-45.719042112903935,12.999999999999975,5.109636898569415,-6.020218245042401,-2.020984111169361e-13
322.6636259094055,-45.65200118087647,12.999999999999975,5.093478714937502,-6.02612513302131,-2.020984111169361e-13
322.47075551268466,-45.58465675171074,12.999999999999973,5.0773381445723915,-6.031905460075419,-2.3578147963642546e-13
322.27833221546484,-45.51701030995808,12.999999999999972,5.061215844800315,-6.037559320404357,-3.031476166754042e-13
322.08635583957886,-45.44906333807485,12.999999999999973,5.045112466872903,-6.043086813567877,0.0
