galstreams/tracks/track.st.Hermus.grillmair2014.ecsv
# %ECSV 0.9
# ---
# datatype:
# - {name: ra, unit: deg, datatype: float64}
# - {name: dec, unit: deg, datatype: float64}
# - {name: distance, unit: kpc, datatype: float64}
# - {name: pm_ra_cosdec, unit: mas / yr, datatype: float64}
# - {name: pm_dec, unit: mas / yr, datatype: float64}
# - {name: radial_velocity, unit: km / s, datatype: float64}
# delimiter: ','
# meta: !!omap
# - __serialized_columns__:
#     dec:
#       __class__: astropy.coordinates.angles.Latitude
#       unit: &id001 !astropy.units.Unit {unit: deg}
#       value: !astropy.table.SerializedColumn {name: dec}
#     distance:
#       __class__: astropy.coordinates.distances.Distance
#       unit: !astropy.units.Unit {unit: kpc}
#       value: !astropy.table.SerializedColumn {name: distance}
#     pm_dec:
#       __class__: astropy.units.quantity.Quantity
#       unit: !astropy.units.Unit {unit: mas / yr}
#       value: !astropy.table.SerializedColumn {name: pm_dec}
#     pm_ra_cosdec:
#       __class__: astropy.units.quantity.Quantity
#       unit: !astropy.units.Unit {unit: mas / yr}
#       value: !astropy.table.SerializedColumn {name: pm_ra_cosdec}
#     ra:
#       __class__: astropy.coordinates.angles.Longitude
#       unit: *id001
#       value: !astropy.table.SerializedColumn {name: ra}
#       wrap_angle: !astropy.coordinates.Angle
#         unit: *id001
#         value: 360.0
#     radial_velocity:
#       __class__: astropy.units.quantity.Quantity
#       unit: !astropy.units.Unit {unit: km / s}
#       value: !astropy.table.SerializedColumn {name: radial_velocity}
# schema: astropy-2.0
ra,dec,distance,pm_ra_cosdec,pm_dec,radial_velocity
245.41607028968522,4.999980848603853,18.947016470080754,0.0,0.0,0.0
245.47598105096756,5.22715149023151,18.98514711674529,0.0,0.0,0.0
245.5285654909548,5.4544826384737695,19.01341423810408,0.0,0.0,0.0
245.57405801904844,5.681975963931147,19.033813256139293,0.0,0.0,0.0
245.61269201710468,5.909632802451267,19.048054580349103,0.0,0.0,0.0
245.64469958049827,6.137454127847876,19.057593399538646,0.0,0.0,0.0
245.67031127541406,6.365440530471036,19.063657179090495,0.0,0.0,0.0
245.68975591173887,6.593592201254056,19.067270991684225,0.0,0.0,0.0
245.70326033094776,6.8219089208618495,19.06928080450806,0.0,0.0,0.0
245.7110492083931,7.050390053561901,19.07037484119658,0.0,0.0,0.0
245.71334486942337,7.27903454544489,19.071103132036487,0.0,0.0,0.0
245.71036711877392,7.507840926624702,19.071895361405286,0.0,0.0,0.0
245.70233308268712,7.73680731705399,19.0730771169443,0.0,0.0,0.0
245.68945706323635,7.9659314356023785,19.07488464061709,0.0,0.0,0.0
245.67195040434007,8.195210612050936,19.077478177564604,0.0,0.0,0.0
245.6500213689705,8.424641801670981,19.080954014539085,0.0,0.0,0.0
245.62387502707182,8.654221602065839,19.085355295677278,0.0,0.0,0.0
245.59371315371996,8.883946271967341,19.090681699460156,0.0,0.0,0.0
245.55973413706772,9.113811751694476,19.096898056898237,0.0,0.0,0.0
245.5221328956342,9.343813684994569,19.10394198727804,0.0,0.0,0.0
245.4811008045089,9.573947442002535,19.11173062420561,0.0,0.0,0.0
245.43682563005646,9.804208143070616,19.120166501184382,0.0,0.0,0.0
245.38949147271876,10.034590683233855,19.129142662567443,0.0,0.0,0.0
245.33927871752627,10.265089757094806,19.13854706242561,0.0,0.0,0.0
245.28636399194122,10.495699883924628,19.148266310672813,0.0,0.0,0.0
245.23092013066912,10.726415432793134,19.158188822685904,0.0,0.0,0.0
245.17311614708746,10.957230647557354,19.168207425648188,0.0,0.0,0.0
245.11311721095154,11.188139671550008,19.178221471931003,0.0,0.0,0.0
245.05108463205173,11.419136571826831,19.188138507005856,0.0,0.0,0.0
244.98717584950552,11.650215362844007,19.197875536649416,0.0,0.0,0.0
244.92154442638213,11.881370029450522,19.207359935562476,0.0,0.0,0.0
244.85434004936684,12.112594549095023,19.216530036972497,0.0,0.0,0.0
244.7857085331853,12.343882913158133,19.225335440324688,0.0,0.0,0.0
244.71579182951768,12.575229147332845,19.233737071787683,0.0,0.0,0.0
244.64472804014412,12.806627330989631,19.241707030006207,0.0,0.0,0.0
244.57265143407332,13.038071615470464,19.24922824732247,0.0,0.0,0.0
244.49969246841724,13.269556241269669,19.256293994559268,0.0,0.0,0.0
244.42597781278332,13.501075554067251,19.262907255410205,0.0,0.0,0.0
244.3516303769676,13.732624019589478,19.26907999451349,0.0,0.0,0.0
244.27676934173905,13.96419623728244,19.274832341395758,0.0,0.0,0.0
244.2015101925188,14.195786952788604,19.28019171065826,0.0,0.0,0.0
244.12596475576171,14.427391069227582,19.285191877039374,0.0,0.0,0.0
244.0502412378612,14.659003657286611,19.289872022323323,0.0,0.0,0.0
243.97444426640433,14.890619964132835,19.29427576947317,0.0,0.0,0.0
243.89867493361248,15.122235421166877,19.29845021784591,0.0,0.0,0.0
243.8230308418122,15.353845650640222,19.302444991897655,0.0,0.0,0.0
243.74760615078603,15.585446471164266,19.306311314405153,0.0,0.0,0.0
243.6724916268641,15.817033902144356,19.31010111391638,0.0,0.0,0.0
243.59777469362015,16.04860416717301,19.31386617489465,0.0,0.0,0.0
243.52353948404692,16.28015369642269,19.317657337837993,0.0,0.0,0.0
243.4498668940874,16.511679128079212,19.321523755535715,0.0,0.0,0.0
243.3768346374108,16.743177308859195,19.325512210566593,0.0,0.0,0.0
243.30451730132225,16.974645293658437,19.329666498146466,0.0,0.0,0.0
243.23298640370473,17.206080344378048,19.33402687749574,0.0,0.0,0.0
243.16231045089728,17.43747992797619,19.338629594018126,0.0,0.0,0.0
243.09255499641563,17.668841713796134,19.34350647375978,0.0,0.0,0.0
243.02378270043172,17.900163570218595,19.34868459085096,0.0,0.0,0.0
242.95605338992806,18.131443560689867,19.35418600791996,0.0,0.0,0.0
242.88942411945163,18.362679939174768,19.36002758880892,0.0,0.0,0.0
242.8239492323944,18.59387114508363,19.366220882313062,0.0,0.0,0.0
242.759680422733,18.825015797723086,19.37277207510659,0.0,0.0,0.0
242.6966667971625,19.0561126903184,19.379682011509196,0.0,0.0,0.0
242.63495493756602,19.287160783653917,19.38694627728545,0.0,0.0,0.0
242.57458896376164,19.51815919937897,19.394555344253636,0.0,0.0,0.0
242.51561059647673,19.749107213022434,19.402494772109947,0.0,0.0,0.0
242.4580592204971,19.98000424676039,19.41074546354686,0.0,0.0,0.0
242.40197194794825,20.21084986197835,19.419283968459354,0.0,0.0,0.0
242.3473836816633,20.441643751667087,19.428082832788892,0.0,0.0,0.0
242.29432717859876,20.67238573269224,19.437110987350156,0.0,0.0,0.0
242.2428331132608,20.90307573797209,19.446334171819814,0.0,0.0,0.0
242.1929301411072,21.133713808599662,19.455715388936635,0.0,0.0,0.0
242.1446449618935,21.364300085941178,19.465215383869108,0.0,0.0,0.0
242.09800238293383,21.59483480374096,19.474793143646714,0.0,0.0,0.0
242.05302538224825,21.82531828026245,19.484406411524628,0.0,0.0,0.0
242.00973517157317,22.05575091049151,19.49401221115684,0.0,0.0,0.0
241.96815125921052,22.286133158425958,19.503567375487485,0.0,0.0,0.0
241.92829151269558,22.516465549475356,19.513029075334984,0.0,0.0,0.0
241.8901722212637,22.74674866298998,19.522355342735047,0.0,0.0,0.0
241.85380815809944,22.976983124938908,19.531505584226927,0.0,0.0,0.0
241.81921264235146,23.207169600753282,19.54044107941048,0.0,0.0,0.0
241.78639760089996,23.437308788348936,19.549125460268264,0.0,0.0,0.0
241.75537362986344,23.667401411342595,19.5575251669361,0.0,0.0,0.0
241.72615005583376,23.89744821247088,19.56560987581544,0.0,0.0,0.0
241.6987349968297,24.127449947222733,19.57335289615089,0.0,0.0,0.0
241.67313542296006,24.357407377692205,19.580731531444073,0.0,0.0,0.0
241.6493572167886,24.58732126665671,19.58772740234014,0.0,0.0,0.0
241.62740523339426,24.817192371885962,19.594326727904246,0.0,0.0,0.0
241.60728336012158,25.047021440683686,19.600520562500037,0.0,0.0,0.0
241.58899457601487,25.27680920466246,19.60630498579071,0.0,0.0,0.0
241.5725410109338,25.506556374752847,19.611681243702847,0.0,0.0,0.0
241.55792400434635,25.73626363644331,19.616655838523513,0.0,0.0,0.0
241.54514416379533,25.965931645249213,19.62124056664048,0.0,0.0,0.0
241.53420142303787,26.19556102240609,19.62545250278214,0.0,0.0,0.0
241.5250950998542,26.425152350781257,19.629313929967587,0.0,0.0,0.0
241.51782395352552,26.654706170998047,19.632852214735216,0.0,0.0,0.0
241.51238624197833,26.88422297776468,19.63609962758083,0.0,0.0,0.0
241.50877977859508,27.11370321639855,19.639093108900642,0.0,0.0,0.0
241.5070019886888,27.34314727953786,19.64187398110041,0.0,0.0,0.0
241.50704996564153,27.57255550402854,19.64448760789723,0.0,0.0,0.0
241.50892052670412,27.801928167976822,19.64698300220458,0.0,0.0,0.0
241.51261026845665,28.031265487954887,19.649412384352157,0.0,0.0,0.0
241.51811562192694,28.260567616346734,19.651830692748813,0.0,0.0,0.0
241.52543290736497,28.489834638822202,19.654295049448198,0.0,0.0,0.0
241.53455838867035,28.719066571924472,19.656864183420964,0.0,0.0,0.0
241.545488327469,28.948263360757412,19.659597814673823,0.0,0.0,0.0
241.5582190368358,29.17742487675806,19.662556002682017,0.0,0.0,0.0
241.57274693465644,29.406550915539107,19.66579846291794,0.0,0.0,0.0
241.5890685966244,29.635641194786142,19.669383855562,0.0,0.0,0.0
241.60718080886434,29.864695352194012,19.673369050771925,0.0,0.0,0.0
241.62708062017575,30.093712943426237,19.6778083751623,0.0,0.0,0.0
241.64876539388504,30.32269344008137,19.682752844404806,0.0,0.0,0.0
241.67223285929748,30.55163622765008,19.688249387101447,0.0,0.0,0.0
241.69748116273593,30.780540603446262,19.6943400653061,0.0,0.0,0.0
241.72450891815197,31.00940577449567,19.70106129727194,0.0,0.0,0.0
241.7533152572957,31.238230855365416,19.70844308818391,0.0,0.0,0.0
241.7838998794247,31.467014865917406,19.7165082747935,0.0,0.0,0.0
241.81626310053466,31.695756728969176,19.725271790007774,0.0,0.0,0.0
241.8504059020899,31.92445526784505,19.734739953592936,0.0,0.0,0.0
241.88632997922934,32.15310920380118,19.744909795235284,0.0,0.0,0.0
241.92403778842385,32.38171715330743,19.755768416256068,0.0,0.0,0.0
241.96353259455472,32.610277625169736,19.76729239630144,0.0,0.0,0.0
242.00481851738357,32.838789017476245,19.779447251322402,0.0,0.0,0.0
242.0479005773803,33.067249614350835,19.792186949121533,0.0,0.0,0.0
242.09278474087074,33.29565758249772,19.805453488671294,0.0,0.0,0.0
242.13947796446655,33.524010967521086,19.81917654930262,0.0,0.0,0.0
242.1879882387329,33.75230769000378,19.83327321571976,0.0,0.0,0.0
242.23832463104813,33.980545541329235,19.84764778461756,0.0,0.0,0.0
242.2904973276063,34.208722179231295,19.86219165845879,0.0,0.0,0.0
242.34451767450804,34.43683512305667,19.876783331710456,0.0,0.0,0.0
242.40039821788315,34.66488174872505,19.89128847453808,0.0,0.0,0.0
242.45815274298306,34.89285928337238,19.90556011861412,0.0,0.0,0.0
242.5177963121776,35.12076479966294,19.91943894931023,0.0,0.0,0.0
242.57934530178554,35.34859520975669,19.932753708110717,0.0,0.0,0.0
242.64281743766446,35.57634725891818,19.94532170860592,0.0,0.0,0.0
242.70823182948018,35.804017518754584,19.956949468897662,0.0,0.0,0.0
242.77560900357014,36.03160238007032,19.96743346267257,0.0,0.0,0.0
242.84497093431168,36.259098045326716,19.976560990572537,0.0,0.0,0.0
242.91634107389828,36.48650052069612,19.984111172812824,0.0,0.0,0.0
242.98974438042325,36.71380560769986,19.98985606326632,0.0,0.0,0.0
243.06520734416227,36.94100889442138,19.993561884445764,0.0,0.0,0.0
243.14275801194148,37.16810574628606,19.994990381973224,0.0,0.0,0.0
243.22242600947064,37.395091296400906,19.99390029622613,0.0,0.0,0.0
243.30424256151304,37.621960435448145,19.99004894789073,0.0,0.0,0.0
243.388240509759,37.848707801128384,19.983193933135297,0.0,0.0,0.0
243.47445432825972,38.07532776715078,19.973094923035777,0.0,0.0,0.0
243.56292013627294,38.301814431768825,19.959515560744148,0.0,0.0,0.0
243.653675708361,38.528161605862714,19.942225448683715,0.0,0.0,0.0
243.74676048157767,38.75436280057158,19.9210022167837,0.0,0.0,0.0
243.84221555956606,38.98041121448075,19.895633661427922,0.0,0.0,0.0
243.94008371338649,39.206299720372364,19.865919943385876,0.0,0.0,0.0
244.0404093788796,39.432020851550135,19.831675831519846,0.0,0.0,0.0
244.14323865036226,39.65756678775277,19.792732977515307,0.0,0.0,0.0
244.24861927044427,39.88292934067387,19.748942205264974,0.0,0.0,0.0
244.3566006157418,40.10809993910989,19.700175796845276,0.0,0.0,0.0
244.46723367825496,40.33306961376263,19.646329755259238,0.0,0.0,0.0
244.5805710421637,40.55782898172663,19.587326022278113,0.0,0.0,0.0
244.69666685578773,40.782368230698,19.523114627795884,0.0,0.0,0.0
244.8155767984413,41.00667710294582,19.453675745113756,0.0,0.0,0.0
244.93735804190518,41.230744879094445,19.379021624494897,0.0,0.0,0.0
245.06206920622333,41.4545603617707,19.299198375171816,0.0,0.0,0.0
245.18977030952158,41.6781118591783,19.214287563748204,0.0,0.0,0.0
245.32052271153094,41.901387168668606,19.124407594612915,0.0,0.0,0.0
245.4543890504882,42.1243735603864,19.02971483557421,0.0,0.0,0.0
245.59143317307115,42.347057761077615,18.930404449426486,0.0,0.0,0.0
245.73172005701403,42.569425938156435,18.826710889578063,0.0,0.0,0.0
245.87531572603632,42.79146368413964,18.718908015195705,0.0,0.0,0.0
246.02228715670458,43.013156001567395,18.60730877855829,0.0,0.0,0.0
246.17270217683492,43.23448728854168,18.4922644344569,0.0,0.0,0.0
246.32662935503024,43.455441325027074,18.374163218530374,0.0,0.0,0.0
246.48413788093654,43.67600126007177,18.253428438382983,0.0,0.0,0.0
246.6452974357886,43.89614960012187,18.130515918192067,0.0,0.0,0.0
246.81017805280626,44.115868198617235,18.005910734278373,0.0,0.0,0.0
246.97884996699142,44.33513824707373,17.88012317577772,0.0,0.0,0.0
247.15138345386694,44.55394026787404,17.75368386111898,0.0,0.0,0.0
247.32784865669038,44.77225410900718,17.62713793747881,0.0,0.0,0.0
247.5083154016693,44.99005894101613,17.501038286746084,0.0,0.0,0.0
247.69285300069745,45.20733325643255,17.375937657788633,0.0,0.0,0.0
247.88153004113056,45.424054871998685,17.25237964096855,0.0,0.0,0.0
248.0744141621156,45.64020093399724,17.130888396900318,0.0,0.0,0.0
248.2715718169905,45.855747927033,17.011957047385916,0.0,0.0,0.0
248.4730680212719,46.07067168663202,16.896034632292153,0.0,0.0,0.0
248.67896608575623,46.28494741604765,16.783511531855943,0.0,0.0,0.0
248.88932733426702,46.49854970768679,16.674703249512437,0.0,0.0,0.0
249.10421080559266,46.7114525695929,16.569832445836568,0.0,0.0,0.0
249.32367293917727,46.923629457447454,16.46900910957041,0.0,0.0,0.0
249.5477672441431,47.135053312574776,16.37220874697462,0.0,0.0,0.0
249.77654395124975,47.34569660645953,16.279248465890966,0.0,0.0,0.0
250.01004964742276,47.555531392309916,16.18976082593398,0.0,0.0,0.0
250.24832689251585,47.76452936422135,16.103165321140345,0.0,0.0,0.0
250.4914138180117,47.97266192451871,16.01863735619488,0.0,0.0,0.0
250.7393437074062,48.17990025987429,15.935074572019605,0.0,0.0,0.0
250.99214455807237,48.38621542681886,15.85106037105644,0.0,0.0,0.0
251.24983862445114,48.59157844727918,15.764824486993325,0.0,0.0,0.0
251.51244194247738,48.795960414790635,15.674200437976127,0.0,0.0,0.0
251.77996383521253,48.999332612044824,15.576579696514454,0.0,0.0,0.0
252.05240639972422,49.20166664044112,15.46886240332508,0.0,0.0,0.0
252.32976397532838,49.402934562315345,15.347404446263607,0.0,0.0,0.0
252.61202259338557,49.603109056519344,15.207960719268558,0.0,0.0,0.0
252.89915940892632,49.80216358802121,15.0456243698845,0.0,0.0,0.0
253.19114211446208,50.000072592185134,14.854761837437273,0.0,0.0,0.0
