galstreams/tracks/track.st.Turranburra.shipp2019.ecsv
# %ECSV 0.9
# ---
# datatype:
# - {name: ra, unit: deg, datatype: float64}
# - {name: dec, unit: deg, datatype: float64}
# - {name: distance, unit: kpc, datatype: float64}
# - {name: pm_ra_cosdec, unit: mas / yr, datatype: float64}
# - {name: pm_dec, unit: mas / yr, datatype: float64}
# - {name: radial_velocity, unit: km / s, datatype: float64}
# delimiter: ','
# meta: !!omap
# - __serialized_columns__:
#     dec:
#       __class__: astropy.coordinates.angles.Latitude
#       unit: &id001 !astropy.units.Unit {unit: deg}
#       value: !astropy.table.SerializedColumn {name: dec}
#     distance:
#       __class__: astropy.coordinates.distances.Distance
#       unit: !astropy.units.Unit {unit: kpc}
#       value: !astropy.table.SerializedColumn {name: distance}
#     pm_dec:
#       __class__: astropy.units.quantity.Quantity
#       unit: !astropy.units.Unit {unit: mas / yr}
#       value: !astropy.table.SerializedColumn {name: pm_dec}
#     pm_ra_cosdec:
#       __class__: astropy.units.quantity.Quantity
#       unit: !astropy.units.Unit {unit: mas / yr}
#       value: !astropy.table.SerializedColumn {name: pm_ra_cosdec}
#     ra:
#       __class__: astropy.coordinates.angles.Longitude
#       unit: *id001
#       value: !astropy.table.SerializedColumn {name: ra}
#       wrap_angle: !astropy.coordinates.Angle
#         unit: *id001
#         value: 360.0
#     radial_velocity:
#       __class__: astropy.units.quantity.Quantity
#       unit: !astropy.units.Unit {unit: km / s}
#       value: !astropy.table.SerializedColumn {name: radial_velocity}
# schema: astropy-2.0
ra,dec,distance,pm_ra_cosdec,pm_dec,radial_velocity
[from data line 1080]
69.9056787022182,-23.708786928866978,27.500000000004206,0.37184524395737484,-0.7958664181317285,-2.1617035506766577e-09
69.91497453875986,-23.714073276957727,27.50000000000419,0.3717856729109643,-0.7954411016017886,-2.1564489919876176e-09
69.92427022950918,-23.7193605718249,27.500000000004174,0.37172595071569997,-0.7950155076147811,-2.1511860125314474e-09
69.93356577484067,-23.724648813460323,27.500000000004153,0.37166607730168816,-0.7945896361992378,-2.145931453842407e-09
69.9428611751291,-23.72993800185582,27.500000000004135,0.3716060525990239,-0.7941634873837066,-2.140643212084847e-09
69.95215643074921,-23.735228137003237,27.500000000004114,0.3715458765377899,-0.793737061196753,-2.1353381287930276e-09
69.96145154207598,-23.740519218894384,27.500000000004096,0.37148554904805814,-0.7933103576669587,-2.130016203966948e-09
69.97074650948441,-23.745811247521107,27.500000000004075,0.3714250700598888,-0.7928833768229218,-2.124677437606609e-09
69.98004133334966,-23.751104222875252,27.500000000004057,0.3713644395033305,-0.7924561186932573,-2.1193134089448806e-09
69.98933601404693,-23.756398144948662,27.50000000000404,0.3713036573084198,-0.7920285833065969,-2.1139578010502817e-09
69.99863055195159,-23.76169301373318,27.50000000000402,0.37124272340518255,-0.7916007706915884,-2.108576930854293e-09
70.0079249474391,-23.76698882922067,27.500000000004,0.37118163772363205,-0.791172680876897,-2.1031876398911748e-09
70.01721920088501,-23.772285591402987,27.50000000000398,0.3711204001937713,-0.7907443138912039,-2.0977562450924074e-09
70.02651331266499,-23.77758330027199,27.500000000003958,0.37105901074558983,-0.7903156697632072,-2.0923416918278993e-09
70.03580728315482,-23.78288195581956,27.500000000003944,0.37099746930906796,-0.7898867485216216,-2.086885034727742e-09
70.04510111273038,-23.788181558037536,27.50000000000392,0.37093577581417264,-0.7894575501951785,-2.081428377627585e-09
70.05439480176767,-23.793482106917818,27.5000000000039,0.3708739301908602,-0.7890280748126259,-2.0759632997602977e-09
70.06368835064279,-23.79878360245226,27.500000000003883,0.3708119323690746,-0.788598322402728,-2.070489801125881e-09
70.07298175973195,-23.804086044632772,27.50000000000387,0.37074978227874933,-0.788168292994267,-2.0649657778886843e-09
70.08227502941142,-23.809389433451216,27.500000000003848,0.37068747984980555,-0.7877379866160406,-2.059450175418618e-09
70.09156816005768,-23.814693768899485,27.500000000003826,0.37062502501215355,-0.7873074032968634,-2.053917731414292e-09
70.10086115204723,-23.81999905096947,27.50000000000381,0.370562417695691,-0.7868765430655665,-2.0483600251085763e-09
70.1101540057567,-23.825305279653072,27.50000000000379,0.37049965783030486,-0.7864454059509982,-2.0427938980357303e-09
70.11944672156287,-23.83061245494218,27.50000000000377,0.37043674534587134,-0.7860139919820234,-2.03723198134645e-09
70.12873929984254,-23.835920576828702,27.500000000003748,0.37037368017225303,-0.7855823011875231,-2.031623750437955e-09
70.13803174097269,-23.84122964530454,27.50000000000373,0.3703104622393029,-0.785150333596396,-2.02601551952946e-09
70.14732404533041,-23.84653966036161,27.500000000003713,0.37024709147686125,-0.7847180892375563,-2.020398867853835e-09
70.15661621329285,-23.85185062199182,27.50000000000369,0.370183567814758,-0.7842855681399361,-2.014740112342561e-09
70.16590824523729,-23.857162530187072,27.50000000000367,0.37011989118281047,-0.7838527703324834,-2.0090939879819816e-09
70.17520014154114,-23.8624753849393,27.500000000003652,0.370056061510825,-0.7834196958441627,-2.0034226013200124e-09
70.18449190258187,-23.867789186240426,27.50000000000363,0.36999207872859613,-0.7829863447039567,-1.9977385835073484e-09
70.19378352873713,-23.87310393408236,27.50000000000361,0.3699279427659072,-0.7825527169408629,-1.9920461449275548e-09
70.20307502038457,-23.878419628457046,27.50000000000359,0.36986365355253054,-0.782118812583897,-1.986341075197066e-09
70.21236637790209,-23.883736269356408,27.500000000003578,0.36979921101822544,-0.7816846316620907,-1.9805981120144934e-09
70.22165760166754,-23.889053856772378,27.500000000003553,0.3697346150927418,-0.7812501742044928,-1.9748551488319205e-09
70.23094869205903,-23.894372390696894,27.500000000003535,0.36966986570581617,-0.7808154402401686,-1.969086923347958e-09
70.24023964945467,-23.899691871121895,27.500000000003517,0.3696049627871747,-0.7803804297982002,-1.9633144874804305e-09
70.2495304742327,-23.905012298039328,27.500000000003492,0.3695399062665318,-0.7799451429076867,-1.957529420462208e-09
70.25882116677151,-23.91033367144113,27.50000000000348,0.3694746960735903,-0.779509579597743,-1.9517233015261612e-09
70.26811172744955,-23.915655991319262,27.500000000003457,0.36940933213804217,-0.779073739897503,-1.945912972206549e-09
70.27740215664541,-23.92097925766566,27.50000000000344,0.3693438143895664,-0.7786376238361146,-1.940081590969113e-09
70.28669245473777,-23.926303470472288,27.500000000003414,0.3692781427578323,-0.7782012314427443,-1.9342207370467216e-09
70.29598262210544,-23.9316286297311,27.500000000003403,0.36921231717249653,-0.7777645627465748,-1.9283598831243303e-09
70.30527265912731,-23.936954735434057,27.50000000000337,0.36914633756320536,-0.777327617776806,-1.9224863980512445e-09
70.3145625661824,-23.94228178757311,27.500000000003354,0.3690802038595924,-0.7768903965626535,-1.916600281827464e-09
70.32385234364985,-23.947609786140227,27.500000000003332,0.3690139159912803,-0.7764528991333511,-1.910684692918728e-09
70.33314199190883,-23.952938731127382,27.500000000003315,0.36894747388788124,-0.7760151255181487,-1.9047817351606878e-09
70.34243151133873,-23.958268622526543,27.500000000003293,0.368880877478994,-0.7755770757463128,-1.898824042416303e-09
70.35172090231896,-23.96359946032968,27.50000000000328,0.3688141266942079,-0.775138749847127,-1.892878980822613e-09
70.3610101652291,-23.968931244528758,27.500000000003258,0.3687472214630996,-0.774700147849892,-1.8869212880782287e-09
70.37029930044882,-23.974263975115758,27.500000000003244,0.3686801617152347,-0.7742612697839252,-1.880938333032454e-09
70.37958830835787,-23.97959765208267,27.50000000000321,0.3686129473801674,-0.7738221156785604,-1.8749259053017254e-09
70.38887718933613,-23.984932275421453,27.5000000000032,0.36854557838744045,-0.7733826855631479,-1.8689261087216915e-09
70.39816594376359,-23.990267845124105,27.500000000003176,0.36847805466658534,-0.7729429794670563,-1.8629221017580924e-09
70.40745457202036,-23.99560436118261,27.500000000003155,0.36841037614712174,-0.77250299741967,-1.856875990958844e-09
70.41674307448663,-24.000941823588953,27.50000000000314,0.3683425427585585,-0.7720627394503898,-1.850813038625336e-09
70.42603145154274,-24.00628023233512,27.500000000003123,0.36827455443039203,-0.7716222055886346,-1.8447585070589578e-09
70.43531970356909,-24.011619587413104,27.500000000003094,0.36820641109210916,-0.7711813958638403,-1.83867871319119e-09
70.44460783094621,-24.0169598888149,27.500000000003077,0.36813811267318347,-0.7707403103054572,-1.8325904985562922e-09
70.45389583405476,-24.0223011365325,27.50000000000306,0.36806965910307815,-0.7702989489429553,-1.826468600852875e-09
70.46318371327548,-24.0276433305579,27.500000000003034,0.36800105031124447,-0.7698573118058205,-1.820346703149458e-09
70.47247146898924,-24.03298647088311,27.50000000000302,0.3679322862271228,-0.7694153989235544,-1.8142205950624757e-09
70.48175910157701,-24.038330557500107,27.500000000003,0.36786336678014214,-0.7689732103256774,-1.8080608039069741e-09
70.49104661141983,-24.043675590400927,27.500000000002974,0.3677942918997195,-0.7685307460417261,-1.801871540066518e-09
70.50033399889894,-24.04902156957754,27.50000000000296,0.36772506151526074,-0.7680880061012528,-1.7957075385274514e-09
70.5096212643956,-24.054368495021976,27.500000000002935,0.36765567555616124,-0.7676449905338288,-1.7895140643034303e-09
70.51890840829121,-24.05971636672622,27.500000000002913,0.3675861339518034,-0.7672016993690408,-1.7833163796958442e-09
70.52819543096732,-24.065065184682307,27.500000000002895,0.36751643663155964,-0.7667581326364927,-1.7770808016361739e-09
70.53748233280551,-24.070414948882235,27.500000000002874,0.36744658352479026,-0.7663142903658053,-1.7708494339600683e-09
70.54676911418755,-24.07576565931801,27.50000000000286,0.36737657456084494,-0.765870172586617,-1.7645885935990082e-09
70.55605577549527,-24.081117315981658,27.50000000000283,0.3673064096690607,-0.7654257793285824,-1.758331963621513e-09
70.56534231711062,-24.086469918865184,27.500000000002814,0.36723608877876457,-0.764981110621373,-1.7520332298083686e-09
70.57462873941566,-24.0918234679606,27.500000000002792,0.36716561181927176,-0.7645361664946778,-1.7457429167623539e-09
70.58391504279254,-24.09717796325995,27.500000000002775,0.3670949787198857,-0.7640909469782022,-1.7394483933327743e-09
70.59320122762357,-24.102533404755217,27.500000000002757,0.36702418940989867,-0.7636454521016689,-1.7331201868346752e-09
70.60248729429112,-24.107889792438453,27.500000000002736,0.3669532438185922,-0.7631996818948175,-1.7267751388023165e-09
70.61177324317771,-24.113247126301655,27.500000000002718,0.36688214187523577,-0.7627536363874039,-1.7204343011535225e-09
70.62105907466592,-24.118605406336858,27.500000000002697,0.366810883509088,-0.7623073156092023,-1.7140850427375988e-09
70.63034478913849,-24.123964632536094,27.500000000002668,0.36673946864939566,-0.7618607195900028,-1.7076852597188958e-09
70.63963038697824,-24.129324804891368,27.500000000002657,0.3666678972253948,-0.7614138483596123,-1.7013065286180176e-09
70.6489158685681,-24.134685923394716,27.500000000002633,0.3665961691663096,-0.7609667019478563,-1.6948941144486198e-09
70.65820123429111,-24.14004798803817,27.50000000000261,0.3665242844013534,-0.7605192803845753,-1.688477489895657e-09
70.66748648453046,-24.145410998813755,27.500000000002597,0.36645224285972744,-0.7600715836996271,-1.6820398134248697e-09
70.67677161966938,-24.150774955713487,27.50000000000257,0.36638004447062317,-0.7596236119228889,-1.6756063473376473e-09
70.68605664009125,-24.15613985872942,27.500000000002547,0.36630768916321915,-0.7591753650842511,-1.6691391981819052e-09
70.69534154617959,-24.161505707853557,27.50000000000253,0.3662351768666826,-0.758726843213624,-1.6626594178754685e-09
70.70462633831795,-24.166872503077954,27.500000000002505,0.3661625075101713,-0.7582780463409339,-1.6561754271854668e-09
70.71391101689008,-24.172240244394633,27.500000000002483,0.3660896810228299,-0.7578289744961239,-1.6496703845776405e-09
70.72319558227976,-24.177608931795625,27.500000000002462,0.36601669733379216,-0.7573796277091543,-1.6431485004355542e-09
70.73248003487093,-24.182978565272958,27.500000000002444,0.3659435563721812,-0.7569300060100028,-1.6366392474441629e-09
70.74176437504762,-24.18834914481868,27.50000000000242,0.3658702580671077,-0.756480109428664,-1.6300794698499924e-09
70.751048603194,-24.193720670424806,27.50000000000241,0.36579680234767226,-0.7560299379951486,-1.6235365337900816e-09
70.76033271969429,-24.1990931420834,27.500000000002384,0.3657231891429636,-0.7555794917394862,-1.6169641250452162e-09
70.76961672493287,-24.20446655978648,27.50000000000236,0.36564941838205905,-0.7551287706917218,-1.6103790851496561e-09
70.77890061929423,-24.209840923526073,27.50000000000234,0.3655754899940246,-0.7546777748819177,-1.603789834870531e-09
70.78818440316293,-24.21521623329424,27.50000000000232,0.3655014039079155,-0.7542265043401543,-1.5971711119064513e-09
70.79746807692369,-24.220592489082996,27.500000000002302,0.3654271600527757,-0.7537749590965275,-1.5905608097095014e-09
70.80675164096132,-24.225969690884387,27.50000000000228,0.3653527583576369,-0.7533231391811519,-1.5839084036769025e-09
70.81603509566072,-24.231347838690457,27.500000000002263,0.3652781987515205,-0.7528710446241578,-1.5772475768771734e-09
70.82531844140692,-24.236726932493234,27.500000000002235,0.36520348116343665,-0.7524186754556939,-1.5705867500774444e-09
70.83460167858507,-24.242106972284756,27.500000000002217,0.36512860552238324,-0.7519660317059242,-1.5639132921270205e-09
70.84388480758041,-24.247487958057068,27.500000000002196,0.36505357175734837,-0.7515131134050319,-1.5572229926423369e-09
70.8531678287783,-24.25286988980221,27.50000000000218,0.36497837979730735,-0.7510599205832151,-1.5505200620069585e-09
70.8624507425642,-24.258252767512204,27.500000000002156,0.36490302957122567,-0.7506064532706915,-1.5438002898373205e-09
70.87173354932372,-24.263636591179107,27.50000000000214,0.3648275210080563,-0.7501527114976931,-1.5370678865169876e-09
70.88101624944252,-24.269021360794948,27.500000000002114,0.364751854036742,-0.7496986952944715,-1.5303312728130896e-09
70.89029884330643,-24.274407076351768,27.50000000000209,0.36467602858621345,-0.749244404691294,-1.5235609760406722e-09
70.89958133130132,-24.279793737841604,27.50000000000207,0.3646000445853906,-0.7487898397184455,-1.5167991000353848e-09
70.90886371381326,-24.285181345256493,27.50000000000205,0.36452390196318235,-0.7483350004062276,-1.5100203824958375e-09
70.91814599122836,-24.290569898588483,27.500000000002036,0.3644476006484855,-0.7478798867849595,-1.5032079818877708e-09
70.92742816393287,-24.2959593978296,27.500000000002004,0.36437114057018677,-0.7474244988849779,-1.4963955812797041e-09
70.93671023231315,-24.301349842971884,27.50000000000199,0.3642945216571603,-0.7469688367366351,-1.4895747599045075e-09
70.94599219675564,-24.30674123400737,27.500000000001968,0.3642177438382703,-0.7465129003703024,-1.4827455177621811e-09
70.95527405764696,-24.312133570928104,27.500000000001943,0.3641408070423691,-0.7460566898163671,-1.47589522370203e-09
70.96455581537376,-24.317526853726115,27.500000000001922,0.36406371119829745,-0.745600205105234,-1.4690196673404892e-09
70.97383747032286,-24.322921082393435,27.500000000001904,0.36398645623488607,-0.7451434462673251,-1.4621609525132081e-09
70.98311902288117,-24.32831625692212,27.50000000000188,0.3639090420809532,-0.7446864133330797,-1.455251713083148e-09
70.99240047343571,-24.33371237730417,27.500000000001865,0.36383146866530647,-0.7442291063329537,-1.4483551048037824e-09
71.00168182237361,-24.33910944353165,27.500000000001837,0.3637537359167422,-0.7437715252974209,-1.4414290238394625e-09
71.01096307008211,-24.344507455596585,27.500000000001815,0.36367584376404577,-0.7433136702569718,-1.4345113636422724e-09
71.02024421694857,-24.349906413491002,27.500000000001798,0.36359779213599075,-0.7428555412421141,-1.4275852826779522e-09
71.02952526336047,-24.35530631720694,27.50000000000178,0.3635195809613402,-0.7423971382833732,-1.420617097877983e-09
71.03880620970536,-24.36070716673643,27.50000000000175,0.3634412101688451,-0.7419384614112913,-1.4136404923108837e-09
71.04808705637095,-24.3661089620715,27.500000000001734,0.36336267968724656,-0.7414795106564276,-1.4066554659766546e-09
71.05736780374501,-24.371511703204185,27.500000000001712,0.3632839894452732,-0.7410202860493591,-1.3996746500259904e-09
71.0666484522155,-24.376915390126506,27.50000000000169,0.3632051393716429,-0.7405607876206793,-1.3926685717739365e-09
71.07592900217041,-24.382320022830495,27.500000000001673,0.36312612939506245,-0.7401010154009995,-1.385654072754753e-09
71.08520945399789,-24.387725601308183,27.500000000001652,0.36304695944422755,-0.7396409694209483,-1.3786185218177447e-09
71.09448980808617,-24.393132125551592,27.500000000001627,0.36296762944782246,-0.739180649711171,-1.3715913916478662e-09
71.1037700648236,-24.398539595552766,27.500000000001613,0.3628881393345206,-0.7387200563023303,-1.3645221576423385e-09
71.1130502245987,-24.4039480113037,27.500000000001585,0.36280848903298374,-0.7382591892251067,-1.3574445028696806e-09
71.12233028779998,-24.409357372796432,27.500000000001567,0.36272867847186274,-0.737798048510197,-1.3503794792477177e-09
71.1316102548162,-24.414767680022983,27.500000000001545,0.36264870757979717,-0.7373366341883161,-1.3432849829408004e-09
