galstreams/tracks/track.st.Jhelum-b.bonaca2019.ecsv
# %ECSV 0.9
# ---
# datatype:
# - {name: ra, unit: deg, datatype: float64}
# - {name: dec, unit: deg, datatype: float64}
# - {name: distance, unit: kpc, datatype: float64}
# - {name: pm_ra_cosdec, unit: mas / yr, datatype: float64}
# - {name: pm_dec, unit: mas / yr, datatype: float64}
# - {name: radial_velocity, unit: km / s, datatype: float64}
# delimiter: ','
# meta: !!omap
# - __serialized_columns__:
#     dec:
#       __class__: astropy.coordinates.angles.Latitude
#       unit: &id001 !astropy.units.Unit {unit: deg}
#       value: !astropy.table.SerializedColumn {name: dec}
#     distance:
#       __class__: astropy.coordinates.distances.Distance
#       unit: !astropy.units.Unit {unit: kpc}
#       value: !astropy.table.SerializedColumn {name: distance}
#     pm_dec:
#       __class__: astropy.units.quantity.Quantity
#       unit: !astropy.units.Unit {unit: mas / yr}
#       value: !astropy.table.SerializedColumn {name: pm_dec}
#     pm_ra_cosdec:
#       __class__: astropy.units.quantity.Quantity
#       unit: !astropy.units.Unit {unit: mas / yr}
#       value: !astropy.table.SerializedColumn {name: pm_ra_cosdec}
#     ra:
#       __class__: astropy.coordinates.angles.Longitude
#       unit: *id001
#       value: !astropy.table.SerializedColumn {name: ra}
#       wrap_angle: !astropy.coordinates.Angle
#         unit: *id001
#         value: 360.0
#     radial_velocity:
#       __class__: astropy.units.quantity.Quantity
#       unit: !astropy.units.Unit {unit: km / s}
#       value: !astropy.table.SerializedColumn {name: radial_velocity}
# schema: astropy-2.0
ra,dec,distance,pm_ra_cosdec,pm_dec,radial_velocity
7.1431806714368555,-51.3069031132556,12.999999999999966,7.54797203582194,-2.893843049607513,2.1893994537668078e-13
6.903179437399301,-51.32205803017477,12.99999999999997,7.54403289194088,-2.91437155579981,2.020984111169361e-13
6.6630261093560375,-51.33674481179951,12.99999999999997,7.539975838142587,-2.9349381018524223,1.347322740779574e-13
6.42272529947124,-51.35096290258467,12.999999999999973,7.5358007848853665,-2.955541199357712,1.8525687685719145e-13
6.182281641895174,-51.364711763915935,12.999999999999975,7.531507655965334,-2.9761793556868716,1.515738083377021e-13
5.9416997921214,-51.37799087420575,12.999999999999972,7.527096388578585,-2.996851074210598,1.515738083377021e-13
5.700984426336359,-51.390799728986515,12.999999999999975,7.522566933379705,-3.017554854521716,1.6841534259744677e-13
5.460140240762417,-51.4031378410008,12.999999999999975,7.517919254536554,-3.0382891926595645,1.347322740779574e-13
5.2191719509923455,-51.415004740288836,12.999999999999975,7.513153329781167,-3.059052581336279,1.1789073981821273e-13
4.978084291318165,-51.42639997427293,12.999999999999979,7.508269150456914,-3.0798435101646158,1.0104920555846805e-13
4.736882014052327,-51.43732310783902,12.999999999999979,7.503266721561721,-3.1006604658874646,1.1789073981821273e-13
4.495569888842336,-51.447773723415224,12.999999999999982,7.498146061787398,-3.1215019326088433,1.0104920555846805e-13
4.2541527019798995,-51.457751421047334,12.999999999999982,7.492907203555053,-3.142366392026225,1.1789073981821273e-13
4.012635255703165,-51.467255818471266,12.999999999999979,7.487550193046511,-3.1632523236642602,1.347322740779574e-13
3.771022367493131,-51.47628655118246,12.999999999999982,7.482075090231711,-3.1841582051097084,1.1789073981821273e-13
3.5293188693653024,-51.484843272502104,12.999999999999984,7.476481968892161,-3.205082512247416,1.1789073981821273e-13
3.287529607155162,-51.49292565364023,12.999999999999984,7.470770916640255,-3.226023719497398,1.1789073981821273e-13
3.045659439798587,-51.50053338375569,12.999999999999984,7.464942034934567,-3.2469803000528463,6.73661370389787e-14
2.8037132386082084,-51.50766617001283,12.999999999999982,7.458995439091071,-3.2679507261188876,1.1789073981821273e-13
2.5616958865444097,-51.514323737635046,12.999999999999984,7.452931258290219,-3.2889334691521555,1.0104920555846805e-13
2.31961227748202,-51.52050582995505,12.999999999999988,7.4467496355799305,-3.3099270001009815,1.6841534259744677e-13
2.07746731547383,-51.52621220846177,12.999999999999984,7.4404507278744685,-3.3309297896460484,6.73661370389787e-14
1.8352659140090177,-51.53144265284425,12.999999999999984,7.434034705949114,-3.35194030844157,5.0524602779234026e-14
1.5930129952693526,-51.53619696103185,12.999999999999988,7.427501754430789,-3.372957027356708,1.0104920555846805e-13
1.3507134893813526,-51.54047494923144,12.99999999999999,7.420852071784467,-3.3939784177172725,1.1789073981821273e-13
1.1083723336653881,-51.54427645196106,12.999999999999988,7.41408587029544,-3.415002951547557,1.1789073981821273e-13
0.8659944718829709,-51.54760132208041,12.999999999999988,7.407203376047472,-3.4360291018121116,1.1789073981821273e-13
0.6235848534808187,-51.5504494308177,12.999999999999988,7.400204828896797,-3.4570553426575215,1.0104920555846805e-13
0.3811484328327528,-51.55282066779342,12.999999999999988,7.393090482441934,-3.47808014965399,1.0104920555846805e-13
0.1386901684807082,-51.55471494104051,12.99999999999999,7.385860603989452,-3.4991020000365562,6.73661370389787e-14
359.8962150223728,-51.55613217702119,12.999999999999991,7.378515474515556,-3.520119372946053,1.0104920555846805e-13
359.6537279591015,-51.557072320640415,12.999999999999988,7.371055388623593,-3.5411307496694384,8.420767129872338e-14
359.4112339451397,-51.55753533525588,12.99999999999999,7.36348065449746,-3.562134613879619,-3.368306851948935e-14
359.1687379480768,-51.5575212026846,12.99999999999999,7.355791593850947,-3.5831294518745844,8.420767129872338e-14
358.92624493585384,-51.5570299232061,12.99999999999999,7.347988541873045,-3.6041137528156764,-6.73661370389787e-14
358.6837598759994,-51.55606151556219,12.999999999999988,7.340071847169205,-3.6250860089649883,1.6841534259744677e-13
358.44128773486375,-51.554616016953254,12.99999999999999,7.332041871698583,-3.6460447159218603,-6.73661370389787e-14
358.19883347685646,-51.552693483031206,12.99999999999999,7.32389899070739,-3.666988372858078,3.368306851948935e-14
357.9564020636816,-51.55029398788895,12.99999999999999,7.315643592658199,-3.6879154827520595,5.0524602779234026e-14
357.71399845357575,-51.54741762404643,12.99999999999999,7.307276079155413,-3.7088245526216825,1.0104920555846805e-13
357.4716276005473,-51.54406450243342,12.999999999999991,7.298796864866837,-3.729714093755671,-3.368306851948935e-14
357.2292944536168,-51.54023475236867,12.99999999999999,7.290206377441445,-3.750582621943537,1.0104920555846805e-13
356.9870039560585,-51.535928521535816,12.99999999999999,7.281505057423256,-3.7714286577039946,-8.420767129872338e-14
356.7447610446464,-51.531145975955994,12.999999999999991,7.272693358161606,-3.792250726511533,5.0524602779234026e-14
356.5025706488997,-51.52588729995679,12.999999999999991,7.2637717457175786,-3.8130473590214304,8.420767129872338e-14
356.2604376903333,-51.52015269613822,12.999999999999991,7.254740698766846,-3.8338170912926985,0.0
356.01836708171055,-51.51394238533497,12.999999999999991,7.245600708498883,-3.854558465009191,1.0104920555846805e-13
355.77636372629837,-51.50725660657569,12.999999999999991,7.236352278512571,-3.8752700276986913,6.73661370389787e-14
355.53443251712747,-51.50009561703873,12.99999999999999,7.226995924708395,-3.895950332949747,-6.73661370389787e-14
355.2925783362552,-51.492459692004644,12.999999999999991,7.21753217517707,-3.9165979406263753,-3.368306851948935e-14
355.0508060540328,-51.4843491248055,12.999999999999993,7.207961570084823,-3.9372114170804937,-3.368306851948935e-14
354.8091205283774,-51.47576422677086,12.99999999999999,7.198284661555371,-3.9577893353618454,-3.368306851948935e-14
354.5675266040478,-51.46670532717063,12.999999999999991,7.18850201354854,-3.978330275425553,6.73661370389787e-14
354.32602911192583,-51.45717277315455,12.999999999999991,7.1786142017357015,-3.998832824337136,1.1789073981821273e-13
354.0846328683026,-51.4471669296888,12.999999999999991,7.168621813372089,-4.019295576474794,-3.368306851948935e-14
353.8433426741699,-51.43668817948909,12.999999999999991,7.158525447165973,-4.03971713372911,1.6841534259744676e-14
353.60216331451727,-51.425736922950996,12.999999999999991,7.148325713144832,-4.060096105699888,1.6841534259744676e-14
353.3610995576356,-51.41431357807695,12.999999999999993,7.13802323251859,-4.080431109890185,1.1789073981821273e-13
353.1201561544253,-51.40241858040033,12.999999999999991,7.127618637539927,-4.100720771897451,1.6841534259744676e-14
352.87933783771257,-51.39005238290643,12.99999999999999,7.117112571361843,-4.12096372560157,1.347322740779574e-13
352.6386493215713,-51.377215455950534,12.999999999999988,7.106505687892417,-4.141158613349974,5.0524602779234026e-14
352.39809530065105,-51.36390828717294,12.99999999999999,7.095798651646928,-4.161304086139586,-6.73661370389787e-14
352.1576804495142,-51.35013138141116,12.999999999999988,7.084992137597425,-4.18139880379553,8.420767129872338e-14
351.91740942197794,-51.335885260609196,12.999999999999991,7.07408683101971,-4.201441435146702,5.0524602779234026e-14
351.6772868504649,-51.32117046372388,12.999999999999988,7.063083427337944,-4.221430658197978,1.1789073981821273e-13
351.43731734536186,-51.305987546628685,12.99999999999999,7.051982631966892,-4.241365160299052,6.73661370389787e-14
351.1975054943849,-51.290337082014396,12.999999999999991,7.040785160151838,-4.261243638309938,1.0104920555846805e-13
350.9578558619542,-51.2742196592874,12.99999999999999,7.029491736806405,-4.281064798762943,-1.0104920555846805e-13
350.7183729885761,-51.25763588446503,12.99999999999999,7.018103096348167,-4.30082735802114,-5.0524602779234026e-14
350.4790613902333,-51.24058638006849,12.99999999999999,7.00661998253226,-4.320530042433386,1.0104920555846805e-13
350.23992555778483,-51.22307178501304,12.99999999999999,6.995043148283065,-4.340171588485596,-8.420767129872338e-14
350.0009699563742,-51.20509275449567,12.99999999999999,6.983373355524023,-4.359750742948457,3.368306851948935e-14
349.76219902484576,-51.186649959880306,12.99999999999999,6.9716113750056135,-4.379266263021524,-1.1789073981821273e-13
349.52361717517186,-51.1677440885805,12.99999999999999,6.959757986131739,-4.398716916473444,-6.73661370389787e-14
349.2852287918877,-51.14837584393976,12.999999999999988,6.947813976784395,-4.4181014817785895,-1.347322740779574e-13
349.0470382315365,-51.128545945109515,12.999999999999991,6.935780143146853,-4.437418748249838,0.0
348.80904982212405,-51.10825512692468,12.999999999999991,6.923657289525464,-4.456667516167528,5.0524602779234026e-14
348.5712678625829,-51.087504139777124,12.99999999999999,6.911446228169983,-4.475846596904644,-6.73661370389787e-14
348.3336966222467,-51.06629374948675,12.999999999999988,6.899147779092742,-4.494954813048046,8.420767129872338e-14
348.0963403403342,-51.04462473717054,12.99999999999999,6.886762769886572,-4.5139909985159115,1.6841534259744676e-14
347.8592032254433,-51.02249789910937,12.999999999999988,6.87429203554165,-4.532953998671243,5.0524602779234026e-14
347.62228945505603,-50.99991404661291,12.99999999999999,6.861736418261338,-4.551842670431399,1.347322740779574e-13
347.38560317505295,-50.976874005882365,12.99999999999999,6.8490967672771035,-4.570655882373777,-6.73661370389787e-14
347.14914849923866,-50.95337861787133,12.999999999999988,6.836373938662559,-4.589392514837503,1.6841534259744676e-14
346.91292950887765,-50.92942873814483,12.999999999999988,6.823568795146825,-4.608051460021164,1.6841534259744676e-14
346.6769502522409,-50.905025236736286,12.999999999999988,6.810682205927138,-4.626631622076574,-8.420767129872338e-14
346.4412147441628,-50.8801689980029,12.99999999999999,6.797715046480939,-4.645131917198609,0.0
346.2057269656095,-50.854860920479226,12.99999999999999,6.784668198377441,-4.663551273710998,3.368306851948935e-14
345.9704908632579,-50.82910191672899,12.99999999999999,6.77154254908878,-4.6818886321481905,-1.6841534259744676e-14
345.73551034908525,-50.80289291319536,12.99999999999999,6.758338991800809,-4.700142945333266,-1.0104920555846805e-13
345.5007892999705,-50.776234850049605,12.999999999999993,6.745058425223707,-4.718313178451781,-1.6841534259744676e-14
345.2663315573057,-50.74912868103825,12.999999999999991,6.731701753402337,-4.736398309121797,0.0
345.03214092661983,-50.72157537332874,12.999999999999991,6.718269885526599,-4.7543973274598015,1.0104920555846805e-13
344.7982211772126,-50.693575907353676,12.999999999999991,6.704763735741712,-4.772309236142776,-1.347322740779574e-13
344.56457604180014,-50.66513127665375,12.999999999999991,6.691184222958602,-4.790133050466332,-1.6841534259744676e-14
344.33120921617166,-50.636242487719386,12.999999999999991,6.677532270664432,-4.80786779839887,1.6841534259744676e-14
344.09812435885766,-50.60691055983097,12.999999999999993,6.66380880673338,-4.82551252063187,-8.420767129872338e-14
343.8653250908088,-50.577136524898165,12.99999999999999,6.650014763237671,-4.8430662706263305,-1.0104920555846805e-13
343.6328149950871,-50.54692142729787,12.999999999999991,6.6361510762590745,-4.860528114655258,-1.6841534259744677e-13
343.4005976165674,-50.5162663237112,12.999999999999991,6.622218685700786,-4.877897131842401,-1.1789073981821273e-13
343.1686764616504,-50.4851722829594,12.999999999999993,6.608218535099859,-4.895172414197129,-3.368306851948935e-14
342.9370549979879,-50.4536403858388,12.999999999999991,6.594151571440267,-4.9123530666455,-8.420767129872338e-14
342.70573665421773,-50.42167172495496,12.999999999999991,6.580018744966606,-4.929438207057604,-2.020984111169361e-13
342.4747248197117,-50.38926740455574,12.999999999999991,6.565821008998558,-4.946426966271134,-6.73661370389787e-14
342.2440228443332,-50.35642854036376,12.999999999999993,6.551559319746172,-4.9633184881113035,-1.347322740779574e-13
342.01363403820733,-50.323156259408066,12.999999999999991,6.537234636126,-4.980111929407034,3.368306851948935e-14
341.7835616715014,-50.28945169985503,12.999999999999991,6.522847919578212,-4.996806460003554,-1.0104920555846805e-13
341.5538089742171,-50.2553160108387,12.999999999999991,6.5084001338847,-5.0134012627713656,-2.020984111169361e-13
341.32437913599347,-50.22075035229051,12.99999999999999,6.493892244988276,-5.029895533611681,-1.6841534259744677e-13
341.09527530592135,-50.18575589476844,12.999999999999991,6.4793252208129735,-5.0462884814583076,-1.6841534259744677e-13
340.86650059236825,-50.1503338192858,12.999999999999991,6.464700031085586,-5.062579328276067,-6.73661370389787e-14
340.6380580628149,-50.11448531713944,12.999999999999991,6.45001764715844,-5.078767309055772,-3.368306851948935e-14
340.40995074370204,-50.078211589737705,12.999999999999993,6.435279041833466,-5.094851671805802,-2.3578147963642546e-13
340.18218162028893,-50.04151384842802,12.999999999999993,6.420485189187698,-5.110831677540316,-1.6841534259744677e-13
339.95475363652173,-50.00439331432414,12.999999999999995,6.405637064400117,-5.12670660026418,0.0
339.72766969491295,-49.966851218133314,12.999999999999993,6.390735643580024,-5.1424757269546415,-2.020984111169361e-13
339.50093265643204,-49.92888879998316,12.999999999999991,6.375781903596962,-5.158138357539725,-3.368306851948935e-14
339.2745453404056,-49.89050730924848,12.999999999999993,6.360776821912118,-5.17369380487357,-2.694645481559148e-13
339.048510524429,-49.851708004377954,12.999999999999993,6.345721376411502,-5.189141394708543,-1.0104920555846805e-13
338.8228309442874,-49.81249215272084,12.999999999999993,6.330616545240641,-5.204480465664396,-1.347322740779574e-13
338.59750929388804,-49.772861030353745,12.999999999999991,6.315463306641113,-5.219710369194324,-1.347322740779574e-13
338.3725482252022,-49.73281592190732,12.999999999999991,6.3002626387887775,-5.234830469548095,-1.347322740779574e-13
338.1479503482172,-49.69235812039321,12.999999999999993,6.285015519633838,-5.249840143732321,-2.3578147963642546e-13
337.92371823089843,-49.6514889270312,12.999999999999993,6.269722926742748,-5.264738781467797,-3.368306851948935e-14
337.6998543991616,-49.610209651076346,12.999999999999993,6.254385837141959,-5.279525785144116,0.0
337.4763613368542,-49.568521609646616,12.999999999999993,6.23900522716367,-5.294200569771501,-1.347322740779574e-13
337.25324148574737,-49.52642612755064,12.999999999999993,6.223582072293439,-5.308762562929964,-2.020984111169361e-13
337.0304972455362,-49.48392453711596,12.999999999999991,6.208117347019871,-5.323211204715845,-1.6841534259744677e-13
336.80813097385067,-49.4410181780175,12.999999999999991,6.192612024686244,-5.337545947685778,0.0
336.586144986275,-49.397708397106584,12.999999999999993,6.177067077344255,-5.351766256798156,-2.694645481559148e-13
336.3645415563767,-49.353996548240374,12.999999999999991,6.161483475609821,-5.365871609352096,-2.020984111169361e-13
336.1433229157442,-49.3098839921118,12.999999999999995,6.145862188520976,-5.379861494924073,-3.368306851948935e-14
335.9224912540339,-49.26537209608004,12.999999999999996,6.130204183397908,-5.393735415302178,-1.6841534259744677e-13
335.7020487190255,-49.22046223400168,12.999999999999996,6.114510425705186,-5.407492884418096,-2.020984111169361e-13
335.4819974166868,-49.17515578606224,12.999999999999996,6.09878187891612,-5.421133428276872,-2.020984111169361e-13
335.2623394112455,-49.12945413860879,12.999999999999995,6.083019504379352,-5.434656584884538,-1.347322740779574e-13
335.04307672527125,-49.08335868398272,12.999999999999993,6.067224261187671,-5.448061904173604,-6.73661370389787e-14
334.82421133976436,-49.03687082035377,12.999999999999996,6.051397106049037,-5.461348947926526,-2.020984111169361e-13
