galstreams/tracks/track.Acheron.grillmair2009.ecsv
# %ECSV 0.9
# ---
# datatype:
# - {name: sc.ra, unit: deg, datatype: float64}
# - {name: sc.dec, unit: deg, datatype: float64}
# - {name: sc.distance, unit: kpc, datatype: float64}
# - {name: width, datatype: float64}
# meta: !!omap
# - __serialized_columns__:
#     sc:
#       __class__: astropy.coordinates.sky_coordinate.SkyCoord
#       dec: !astropy.table.SerializedColumn
#         __class__: astropy.coordinates.angles.Latitude
#         unit: &id001 !astropy.units.Unit {unit: deg}
#         value: !astropy.table.SerializedColumn {name: sc.dec}
#       distance: !astropy.table.SerializedColumn
#         __class__: astropy.coordinates.distances.Distance
#         unit: !astropy.units.Unit {unit: kpc}
#         value: !astropy.table.SerializedColumn {name: sc.distance}
#       frame: icrs
#       ra: !astropy.table.SerializedColumn
#         __class__: astropy.coordinates.angles.Longitude
#         unit: *id001
#         value: !astropy.table.SerializedColumn {name: sc.ra}
#         wrap_angle: !astropy.coordinates.Angle
#           unit: *id001
#           value: 360.0
#       representation_type: spherical
# schema: astropy-2.0
sc.ra sc.dec sc.distance width
[from data line 526]
234.00389719558717 1.42345124292031 3.5414196261612467 0.9
234.0115006596091 1.4299491790330638 3.5414982826856116 0.9
234.01910416668198 1.4364470899736683 3.541576939655331 0.9
234.0267077170016 1.4429449756275223 3.5416555970724306 0.9
234.03431131076388 1.4494428358800702 3.5417342549389366 0.9
234.04191494816433 1.4559406706167217 3.5418129132568725 0.9
234.04951862939902 1.4624384797228935 3.5418915720282658 0.9
234.05712235466356 1.4689362630840066 3.5419702312551404 0.9
234.0647261241539 1.4754340205854488 3.5420488909395234 0.9
234.07232993806568 1.4819317521126536 3.5421275510834382 0.9
234.07993379659482 1.4884294575510288 3.542206211688912 0.9
234.08753769993703 1.494927136785954 3.5422848727579694 0.9
234.09514164828823 1.5014247897028652 3.5423635342926367 0.9
234.1027456418441 1.5079224161871376 3.542442196294939 0.9
234.1103496808005 1.5144200161241703 3.5425208587669017 0.9
234.1179537653532 1.5209175893993832 3.5425995217105504 0.9
234.12555789569808 1.5274151358981454 3.542678185127911 0.9
234.13316207203098 1.5339126555058569 3.54275684902101 0.9
234.14076629454757 1.5404101481079062 3.5428355133918714 0.9
234.14837056344376 1.5469076135896722 3.5429141782425217 0.9
234.15597487891534 1.553405051836564 3.5429928435749862 0.9
234.16357924115812 1.559902462733939 3.543071509391291 0.9
234.1711836503679 1.5663998461671855 3.543150175693461 0.9
234.17878810674057 1.57289720202168 3.543228842483523 0.9
234.18639261047187 1.579394530182807 3.543307509763502 0.9
234.19399716175766 1.5858918305359144 3.543386177535424 0.9
234.2016017607938 1.5923891029663964 3.5434648458013154 0.9
234.209206407776 1.5988863473596215 3.5435435145632 0.9
234.21681110290024 1.6053835636009308 3.5436221838231057 0.9
234.22441584636226 1.61188075157572 3.543700853583058 0.9
234.23202063835785 1.6183779111693173 3.5437795238450813 0.9
234.2396254790829 1.6248750422671057 3.5438581946112024 0.9
234.24723036873328 1.6313721447544405 3.5439368658834476 0.9
234.25483530750472 1.6378692185166515 3.544015537663842 0.9
234.26244029559314 1.6443662634391218 3.544094209954412 0.9
234.27004533319433 1.6508632794071756 3.5441728827571826 0.9
234.2776504205042 1.6573602663061588 3.5442515560741814 0.9
234.28525555771847 1.6638572240214404 3.5443302299074326 0.9
234.29286074503312 1.6703541524383358 3.5444089042589635 0.9
234.30046598264389 1.6768510514421926 3.5444875791307986 0.9
234.30807127074664 1.6833479209183466 3.544566254524965 0.9
234.31567660953726 1.68984476075214 3.544644930443489 0.9
234.32328199921162 1.6963415708288783 3.544723606888396 0.9
234.33088743996547 1.7028383510339156 3.5448022838617117 0.9
234.33849293199475 1.7093351012525688 3.544880961365463 0.9
234.34609847549527 1.7158318213701624 3.544959639401675 0.9
234.35370407066293 1.7223285112720246 3.545038317972375 0.9
234.36130971769356 1.7288251708434494 3.5451169970795884 0.9
234.36891541678298 1.7353217999697768 3.545195676725341 0.9
234.37652116812714 1.7418183985363203 3.5452743569116603 0.9
234.3841269719218 1.748314966428365 3.54535303764057 0.9
234.3917328283629 1.7548115035312526 3.545431718914099 0.9
234.3993387376463 1.7613080097302634 3.545510400734272 0.9
234.40694469996777 1.7678044849106982 3.5455890831031147 0.9
234.41455071552338 1.7743009289578846 3.5456677660226554 0.9
234.42215678450873 1.7807973417570853 3.545746449494918 0.9
234.42976290711994 1.7872937231936281 3.54582513352193 0.9
234.4373690835528 1.79379007315278 3.5459038181057188 0.9
234.4449753140031 1.800286391519831 3.545982503248308 0.9
234.45258159866682 1.806782678180091 3.5460611889517257 0.9
234.4601879377398 1.81327893301882 3.546139875217998 0.9
234.46779433141796 1.8197751559213076 3.5462185620491513 0.9
234.47540077989714 1.826271346772832 3.546297249447212 0.9
234.48300728337324 1.8327675054586774 3.546375937414206 0.9
234.4906138420421 1.839263631864091 3.5464546259521597 0.9
234.4982204560997 1.8457597258743685 3.5465333150631 0.9
234.50582712574186 1.8522557873747771 3.5466120047490537 0.9
234.5134338511645 1.858751816250557 3.5466906950120465 0.9
234.52104063256354 1.8652478123870027 3.5467693858541054 0.9
234.5286474701348 1.8717437756693402 3.546848077277257 0.9
234.53625436407424 1.8782397059828508 3.5469267692835267 0.9
234.54386131457775 1.884735603212788 3.5470054618749423 0.9
234.5514683218412 1.891231467244377 3.54708415505353 0.9
234.55907538606056 1.8977272979628999 3.547162848821316 0.9
234.5666825074316 1.904223095253575 3.547241543180327 0.9
234.57428968615042 1.910718859001646 3.5473202381325906 0.9
234.5818969224128 1.917214589092376 3.547398933680132 0.9
234.58950421641464 1.9237102854109773 3.547477629824979 0.9
234.59711156835186 1.9302059478426912 3.547556326569157 0.9
234.60471897842044 1.9367015762727475 3.5476350239146943 0.9
234.61232644681627 1.9431971705863675 3.5477137218636163 0.9
234.61993397373527 1.9496927306688 3.547792420417951 0.9
234.6275415593733 1.9561882564052402 3.5478711195797237 0.9
234.63514920392637 1.9626837476809178 3.5479498193509627 0.9
234.64275690759032 1.9691792043810477 3.548028519733693 0.9
234.65036467056115 1.9756746263908516 3.5481072207299427 0.9
234.6579724930347 1.9821700135955143 3.5481859223417382 0.9
234.665580375207 1.988665365880267 3.548264624571107 0.9
234.67318831727397 1.9951606831303161 3.5483433274200755 0.9
234.68079631943144 2.001655965230836 3.54842203089067 0.9
234.68840438187547 2.0081512120670575 3.5485007349849185 0.9
234.69601250480187 2.0146464235241526 3.548579439704847 0.9
234.7036206884067 2.021141599487313 3.548658145052483 0.9
234.71122893288583 2.0276367398417516 3.5487368510298536 0.9
234.71883723843524 2.034131844472622 3.548815557638985 0.9
234.72644560525086 2.0406269132651413 3.5488942648819055 0.9
234.7340540335286 2.047121946104462 3.5489729727606405 0.9
234.74166252346444 2.053616942875763 3.549051681277218 0.9
234.74927107525437 2.060111903464243 3.5491303904336657 0.9
234.75687968909423 2.066606827755046 3.549209100232009 0.9
234.76448836518017 2.073101715633351 3.5492878106742776 0.9
234.77209710370792 2.0795965669843195 3.549366521762496 0.9
234.77970590487362 2.0860913816931137 3.549445233498693 0.9
234.78731476887316 2.092586159644893 3.5495239458848946 0.9
234.79492369590247 2.099080900724811 3.549602658923129 0.9
234.80253268615752 2.1055756048180214 3.5496813726154226 0.9
234.81014173983434 2.112070271809671 3.5497600869638033 0.9
234.8177508571289 2.1185649015849153 3.549838801970299 0.9
234.82536003823705 2.1250594940288714 3.549917517636935 0.9
234.8329692833549 2.131554049026703 3.5499962339657403 0.9
234.84057859267833 2.1380485664635467 3.5500749509587415 0.9
234.84818796640343 2.1445430462245096 3.5501536686179667 0.9
234.85579740472602 2.1510374881947563 3.5502323869454417 0.9
234.86340690784223 2.1575318922593874 3.5503111059431953 0.9
234.87101647594795 2.164026258303526 3.5503898256132547 0.9
234.8786261092393 2.1705205862123162 3.550468545957648 0.9
234.88623580791202 2.1770148758708516 3.5505472669784 0.9
234.89384557216235 2.1835091271642533 3.5506259886775413 0.9
234.90145540218614 2.1900033399776304 3.550704711057098 0.9
234.90906529817943 2.196497514196083 3.5507834341190976 0.9
234.91667526033817 2.2029916497047384 3.5508621578655672 0.9
234.92428528885844 2.2094857463886735 3.5509408822985358 0.9
234.9318953839362 2.215979804132992 3.5510196074200295 0.9
234.9395055457674 2.222473822822788 3.5510983332320762 0.9
234.9471157745481 2.2289678023431523 3.5511770597367045 0.9
234.95472607047438 2.2354617425791714 3.551255786935942 0.9
234.96233643374214 2.2419556434159293 3.551334514831815 0.9
234.9699468645474 2.2484495047385153 3.5514132434263526 0.9
234.9775573630862 2.2549433264319796 3.5514919727215815 0.9
234.98516792955454 2.2614371083814215 3.5515707027195296 0.9
234.99277856414844 2.2679308504719033 3.551649433422225 0.9
235.00038926706398 2.274424552588492 3.5517281648316965 0.9
235.00800003849713 2.2809182146162583 3.5518068969499703 0.9
235.01561087864388 2.2874118364402376 3.5518856297790746 0.9
235.02322178770032 2.293905417945519 3.5519643633210376 0.9
235.0308327658624 2.3003989590171323 3.552043097577887 0.9
235.0384438133262 2.3068924595401255 3.5521218325516504 0.9
235.04605493028782 2.3133859193995696 3.552200568244357 0.9
235.05366611694322 2.3198793384804834 3.5522793046580334 0.9
235.06127737348842 2.3263727166679136 3.5523580417947076 0.9
235.06888870011954 2.332866053846897 3.552436779656409 0.9
235.0765000970325 2.339359349902464 3.5525155182451638 0.9
235.08411156442344 2.3458526047196444 3.552594257563001 0.9
235.0917231024884 2.3523458181834647 3.552672997611949 0.9
235.0993347114234 2.3588389901789433 3.5527517383940355 0.9
235.10694639142451 2.3653321205911007 3.552830479911288 0.9
235.11455814268777 2.3718252093049506 3.5529092221657357 0.9
235.12216996540926 2.3783182562055054 3.552987965159406 0.9
235.129781859785 2.384811261177771 3.5530667088943275 0.9
235.13739382601108 2.39130422410676 3.553145453372528 0.9
235.14500586428358 2.3977971448774476 3.553224198596037 0.9
235.1526179747985 2.4042900233748554 3.5533029445668807 0.9
235.16023015775195 2.410782859483977 3.5533816912870893 0.9
235.16784241334005 2.417275653089777 3.55346043875869 0.9
235.17545474175876 2.4237684040772733 3.5535391869837114 0.9
235.1830671432042 2.430261112331416 3.5536179359641813 0.9
235.1906796178725 2.436753777737209 3.5536966857021293 0.9
235.1982921659597 2.4432464001796257 3.553775436199583 0.9
235.2059047876619 2.449738979543613 3.553854187458571 0.9
235.2135174831751 2.4562315157141716 3.553932939481122 0.9
235.22113025269553 2.4627240085762416 3.554011692269264 0.9
235.22874309641915 2.4692164580147904 3.5540904458250258 0.9
235.2363560145421 2.475708863914775 3.5541692001504357 0.9
235.2439690072605 2.482201226161147 3.554247955247522 0.9
235.25158207477043 2.488693544638857 3.5543267111183146 0.9
235.25919521726792 2.4951858192328493 3.5544054677648407 0.9
235.2668084349492 2.5016780498280746 3.5544842251891295 0.9
235.27442172801025 2.508170236309446 3.5545629833932093 0.9
235.2820350966473 2.514662378561921 3.55464174237911 0.9
235.28964854105632 2.5211544764704215 3.5547205021488586 0.9
235.29726206143349 2.527646529919876 3.5547992627044844 0.9
235.30487565797497 2.5341385387952147 3.554878024048017 0.9
235.31248933087673 2.5406305029813305 3.5549567861814833 0.9
235.32010308033506 2.547122422363164 3.5550355491069143 0.9
235.32771690654602 2.5536142968256272 3.5551143128263383 0.9
235.33533080970562 2.560106126253603 3.5551930773417824 0.9
235.34294479001014 2.5665979105320265 3.5552718426552774 0.9
235.35055884765566 2.5730896495457727 3.5553506087688516 0.9
235.35817298283828 2.5795813431797403 3.555429375684534 0.9
235.36578719575417 2.586072991318842 3.5555081434043534 0.9
235.37340148659942 2.592564593847936 3.5555869119303387 0.9
235.3810158555702 2.5990561506519385 3.5556656812645193 0.9
235.38863030286268 2.6055476616157045 3.5557444514089243 0.9
235.39624482867293 2.612039126624121 3.555823222365582 0.9
235.4038594331971 2.618530545562057 3.555901994136522 0.9
235.41147411663144 2.625021918314385 3.5559807667237733 0.9
235.419088879172 2.6315132447659666 3.5560595401293655 0.9
235.42670372101497 2.638004524801663 3.5561383143553273 0.9
235.43431864235646 2.6444957583063404 3.5562170894036873 0.9
235.44193364339273 2.650986945164826 3.5562958652764767 0.9
235.44954872431978 2.657478085261994 3.556374641975722 0.9
235.45716388533393 2.6639691784826884 3.5564534195034545 0.9
235.46477912663127 2.6704602247117264 3.556532197861703 0.9
235.47239444840798 2.676951223833976 3.5566109770524963 0.9
235.48000985086023 2.683442175734239 3.5566897570778644 0.9
235.4876253341842 2.6899330802973673 3.5567685379398366 0.9
235.49524089857607 2.6964239374081873 3.556847319640442 0.9
235.50285654423197 2.702914746951494 3.55692610218171 0.9
235.51047227134816 2.7094055088121367 3.5570048855656706 0.9
235.51808808012075 2.715896222874904 3.5570836697943524 0.9
235.52570397074598 2.722386889024604 3.5571624548697858 0.9
235.53331994342003 2.728877507146065 3.557241240794 0.9
235.54093599833908 2.735368077124065 3.557320027569025 0.9
235.54855213569928 2.7418585988434048 3.557398815196889 0.9
235.5561683556969 2.7483490721888804 3.557477603679623 0.9
235.5637846585281 2.7548394970452694 3.557556393019256 0.9
235.57140104438912 2.76132987329738 3.5576351832178186 0.9
235.57901751347612 2.767820200829968 3.557713974277339 0.9
235.58663406598532 2.7743104795278177 3.557792766199848 0.9
235.59425070211296 2.7808007092756997 3.5578715589873755 0.9
235.6018674220552 2.7872908899583897 3.5579503526419503 0.9
235.60948422600828 2.7937810214606253 3.5580291471656027 0.9
235.61710111416838 2.800271103667191 3.5581079425603623 0.9
235.62471808673186 2.8067611364628418 3.5581867388282604 0.9
235.63233514389475 2.813251119732301 3.558265535971325 0.9
235.63995228585347 2.81974105336035 3.5583443339915877 0.9
235.64756951280407 2.826230937231706 3.5584231328910767 0.9
235.65518682494286 2.8327207712311058 3.5585019326718226 0.9
235.6628042224661 2.8392105552433082 3.558580733335856 0.9
235.67042170557 2.8457002891530094 3.558659534885207 0.9
235.67803927445078 2.852189972844966 3.5587383373219046 0.9
235.6856569293047 2.858679606203876 3.55881714064798 0.9
235.693274670328 2.865169189114454 3.558895944865462 0.9
235.700892497717 2.8716587214614386 3.558974749976383 0.9
235.7085104116679 2.878148203129512 3.5590535559827714 0.9
235.7161284123769 2.8846376340033837 3.5591323628866576 0.9
235.72374650004028 2.8911270139677563 3.5592111706900718 0.9
235.7313646748543 2.8976163429073303 3.5592899793950443 0.9
235.73898293701532 2.9041056207067735 3.5593687890036065 0.9
235.74660128671943 2.9105948472507945 3.559447599517787 0.9
235.75421972416305 2.9170840224240684 3.559526410939618 0.9
235.7618382495424 2.9235731461112717 3.559605223271128 0.9
235.7694568630537 2.9300622181970852 3.5596840365143487 0.9
235.77707556489327 2.9365512385661536 3.5597628506713095 0.9
235.78469435525744 2.9430402071031656 3.5598416657440426 0.9
235.7923132343424 2.94952912369278 3.5599204817345766 0.9
235.79993220234448 2.956017988219628 3.559999298644943 0.9
235.80755125945998 2.962506800568393 3.560078116477172 0.9
235.81517040588517 2.9689955606236986 3.560156935233295 0.9
235.82278964181634 2.975484268270183 3.5602357549153414 0.9
235.83040896744978 2.981972923392512 3.5603145755253425 0.9
235.8380283829818 2.9884615258752913 3.560393397065329 0.9
235.8456478886087 2.994950075603159 3.5604722195373313 0.9
235.85326748452675 3.001438572460739 3.56055104294338 0.9
235.8608871709324 3.007927016332642 3.5606298672855075 0.9
235.86850694802175 3.0144154071035074 3.560708692565742 0.9
235.87612681599128 3.020903744657922 3.5607875187861167 0.9
235.8837467750372 3.0273920288805 3.5608663459486607 0.9
235.89136682535585 3.0338802596558416 3.5609451740554054 0.9
235.89898696714363 3.040368436868551 3.561024003108382 0.9
235.9066072005968 3.046856560403199 3.561102833109622 0.9
235.91422752591166 3.053344630144395 3.561181664061155 0.9
235.9218479432846 3.0598326459767238 3.561260495965013 0.9
235.92946845291186 3.0663206077847387 3.5613393288232262 0.9
235.93708905498994 3.0728085154530462 3.561418162637827 0.9
235.944709749715 3.079296368866182 3.561496997410845 0.9
235.95233053728356 3.0857841679087366 3.5615758331443126 0.9
235.95995141789177 3.0922719124652702 3.5616546698402596 0.9
235.96757239173613 3.098759602420312 3.5617335075007186 0.9
235.97519345901296 3.1052472376584475 3.56181234612772 0.9
235.98281461991857 3.1117348180641953 3.5618911857232955 0.9
235.9904358746493 3.1182223435221004 3.5619700262894756 0.9
235.99805722340164 3.124709813916722 3.5620488678282927 0.9
236.00567866637178 3.131197229132567 3.5621277103417768 0.9
236.0133002037562 3.1376845890541727 3.5622065538319605 0.9
236.02092183575127 3.14417189356606 3.562285398300875 0.9
236.0285435625533 3.1506591425527546 3.5623642437505514 0.9
