galstreams/tracks/track.st.Jhelum-b.bonaca2019.ecsv
# %ECSV 0.9
# ---
# datatype:
# - {name: ra, unit: deg, datatype: float64}
# - {name: dec, unit: deg, datatype: float64}
# - {name: distance, unit: kpc, datatype: float64}
# - {name: pm_ra_cosdec, unit: mas / yr, datatype: float64}
# - {name: pm_dec, unit: mas / yr, datatype: float64}
# - {name: radial_velocity, unit: km / s, datatype: float64}
# delimiter: ','
# meta: !!omap
# - __serialized_columns__:
#     dec:
#       __class__: astropy.coordinates.angles.Latitude
#       unit: &id001 !astropy.units.Unit {unit: deg}
#       value: !astropy.table.SerializedColumn {name: dec}
#     distance:
#       __class__: astropy.coordinates.distances.Distance
#       unit: !astropy.units.Unit {unit: kpc}
#       value: !astropy.table.SerializedColumn {name: distance}
#     pm_dec:
#       __class__: astropy.units.quantity.Quantity
#       unit: !astropy.units.Unit {unit: mas / yr}
#       value: !astropy.table.SerializedColumn {name: pm_dec}
#     pm_ra_cosdec:
#       __class__: astropy.units.quantity.Quantity
#       unit: !astropy.units.Unit {unit: mas / yr}
#       value: !astropy.table.SerializedColumn {name: pm_ra_cosdec}
#     ra:
#       __class__: astropy.coordinates.angles.Longitude
#       unit: *id001
#       value: !astropy.table.SerializedColumn {name: ra}
#       wrap_angle: !astropy.coordinates.Angle
#         unit: *id001
#         value: 360.0
#     radial_velocity:
#       __class__: astropy.units.quantity.Quantity
#       unit: !astropy.units.Unit {unit: km / s}
#       value: !astropy.table.SerializedColumn {name: radial_velocity}
# schema: astropy-2.0
ra,dec,distance,pm_ra_cosdec,pm_dec,radial_velocity
[from data line 2919]
323.1105630111595,-45.806300067840816,12.99999999999998,5.130804344333163,-6.012298177308214,0.0
323.09768262665625,-45.80188752685836,12.999999999999979,5.129730192788625,-6.012705054214933,-1.6841534259744677e-13
323.08480421251056,-45.79747363487761,12.999999999999979,5.128656112212058,-6.0131113730242,-1.347322740779574e-13
323.07192776869897,-45.79305839233386,12.999999999999979,5.127582102800311,-6.013517133759145,-2.3578147963642546e-13
323.05905329519766,-45.78864179966234,12.999999999999979,5.126508164750123,-6.013922336443006,3.368306851948935e-14
323.0461807919821,-45.78422385729823,12.999999999999979,5.1254342982581065,-6.014326981099143,-6.73661370389787e-14
323.03331025902736,-45.779804565676734,12.99999999999998,5.124360503520763,-6.0147310677510095,-1.0104920555846805e-13
323.020441696308,-45.77538392523294,12.999999999999977,5.123286780734481,-6.015134596422179,-1.347322740779574e-13
323.00757510379793,-45.77096193640199,12.999999999999975,5.122213130095514,-6.015537567136329,-3.368306851948935e-14
322.9947104814707,-45.76653859961891,12.999999999999979,5.121139551800013,-6.015939979917251,-6.73661370389787e-14
322.9818478292992,-45.762113915318714,12.999999999999975,5.120066046044012,-6.016341834788847,-1.347322740779574e-13
322.9689871472559,-45.75768788393643,12.999999999999975,5.118992613023417,-6.016743131775122,-6.73661370389787e-14
322.9561284353127,-45.753260505906965,12.999999999999975,5.117919252934018,-6.017143870900201,-2.3578147963642546e-13
322.9432716934409,-45.74883178166528,12.999999999999975,5.116845965971503,-6.017544052188304,-1.347322740779574e-13
322.9304169216115,-45.74440171164621,12.999999999999975,5.115772752331421,-6.017943675663771,-1.0104920555846805e-13
322.91756411979475,-45.73997029628462,12.999999999999975,5.114699612209218,-6.0183427413510495,-1.6841534259744677e-13
322.90471328796053,-45.73553753601529,12.999999999999975,5.1136265458002175,-6.018741249274688,-6.73661370389787e-14
322.89186442607814,-45.73110343127301,12.999999999999975,5.112553553299621,-6.019139199459353,-6.73661370389787e-14
322.8790175341163,-45.72666798249252,12.999999999999979,5.11148063490252,-6.01953659192982,-6.73661370389787e-14
322.86617261204333,-45.72223119010849,12.999999999999979,5.11040779080388,-6.019933426710963,-1.347322740779574e-13
322.853329659827,-45.717793054555585,12.999999999999977,5.1093350211985635,-6.020329703827773,-1.6841534259744677e-13
322.84048867743456,-45.71335357626842,12.999999999999975,5.108262326281302,-6.020725423305346,-1.6841534259744677e-13
322.8276496648327,-45.70891275568159,12.999999999999979,5.107189706246709,-6.021120585168876,-6.73661370389787e-14
322.8148126219876,-45.70447059322962,12.999999999999975,5.106117161289288,-6.021515189443688,-1.347322740779574e-13
322.8019775488649,-45.70002708934703,12.999999999999975,5.105044691603419,-6.021909236155197,-1.0104920555846805e-13
322.7891444454299,-45.69558224446829,12.999999999999975,5.103972297383369,-6.022302725328929,-1.347322740779574e-13
322.77631331164713,-45.691136059027826,12.999999999999975,5.102899978823284,-6.022695656990518,-1.347322740779574e-13
322.7634841474808,-45.686688533460035,12.999999999999975,5.101827736117191,-6.0230880311657025,-3.368306851948935e-14
322.75065695289453,-45.68223966819926,12.999999999999973,5.100755569459005,-6.023479847880338,-1.347322740779574e-13
322.7378317278514,-45.67778946367983,12.999999999999975,5.099683479042515,-6.023871107160375,-1.6841534259744677e-13
322.725008472314,-45.673337920336024,12.999999999999975,5.098611465061403,-6.024261809031879,-2.020984111169361e-13
322.71218718624453,-45.66888503860207,12.999999999999979,5.097539527709224,-6.024651953521014,-6.73661370389787e-14
322.69936786960443,-45.66443081891218,12.999999999999973,5.096467667179424,-6.025041540654061,-1.347322740779574e-13
322.68655052235476,-45.659975261700524,12.999999999999973,5.095395883665313,-6.025430570457402,-2.020984111169361e-13
322.6737351444562,-45.65551836740122,12.999999999999975,5.094324177360109,-6.025819042957522,-1.347322740779574e-13
322.6609217358686,-45.65106013644835,12.999999999999975,5.093252548456893,-6.026206958181016,0.0
322.6481102965516,-45.64660056927596,12.999999999999972,5.092180997148637,-6.0265943161545925,-2.020984111169361e-13
322.63530082646423,-45.64213966631807,12.999999999999975,5.091109523628193,-6.026981116905044,-1.0104920555846805e-13
322.6224933255649,-45.63767742800863,12.999999999999972,5.090038128088293,-6.027367360459296,-1.347322740779574e-13
322.6096877938117,-45.63321385478157,12.999999999999972,5.088966810721559,-6.027753046844355,-1.0104920555846805e-13
322.59688423116205,-45.628748947070804,12.999999999999973,5.087895571720486,-6.028138176087355,-6.73661370389787e-14
322.58408263757286,-45.624282705310165,12.999999999999972,5.086824411277449,-6.028522748215522,-2.3578147963642546e-13
322.57128301300077,-45.61981512993347,12.999999999999973,5.0857533295847235,-6.028906763256185,-2.020984111169361e-13
322.55848535740165,-45.61534622137448,12.999999999999973,5.08468232683445,-6.029290221236785,-6.73661370389787e-14
322.5456896707309,-45.61087598006694,12.999999999999973,5.083611403218651,-6.029673122184874,-6.73661370389787e-14
322.53289595294353,-45.60640440644453,12.999999999999973,5.082540558929247,-6.030055466128088,-6.73661370389787e-14
322.5201042039939,-45.60193150094091,12.999999999999973,5.081469794158017,-6.030437253094194,-1.347322740779574e-13
322.5073144238361,-45.59745726398969,12.999999999999973,5.080399109096649,-6.030818483111041,-6.73661370389787e-14
322.4945266124234,-45.592981696024445,12.999999999999973,5.07932850393669,-6.031199156206597,-3.368306851948935e-14
322.48174076970867,-45.5885047974787,12.999999999999972,5.0782579788695825,-6.0315792724089246,-1.0104920555846805e-13
322.4689568956445,-45.58402656878593,12.999999999999973,5.077187534086649,-6.031958831746195,-1.347322740779574e-13
322.45617499018266,-45.57954701037962,12.999999999999972,5.076117169779095,-6.03233783424669,-3.368306851948935e-14
322.4433950532746,-45.575066122693165,12.999999999999972,5.075046886137999,-6.032716279938784,-2.3578147963642546e-13
322.43061708487124,-45.570583906159925,12.999999999999972,5.073976683354336,-6.033094168850956,-3.368306851948935e-14
322.41784108492294,-45.56610036121323,12.999999999999973,5.072906561618948,-6.0334715010118,-1.0104920555846805e-13
322.4050670533796,-45.561615488286364,12.99999999999997,5.071836521122579,-6.033848276450001,-1.6841534259744677e-13
322.3922949901906,-45.55712928781259,12.999999999999973,5.070766562055832,-6.034224495194351,-6.73661370389787e-14
322.3795248953048,-45.5526417602251,12.999999999999972,5.069696684609211,-6.034600157273751,-6.73661370389787e-14
322.36675676867065,-45.54815290595707,12.999999999999973,5.0686268889730925,-6.0349752627172,-3.368306851948935e-14
322.353990610236,-45.543662725441585,12.99999999999997,5.0675571753377415,-6.035349811553802,-1.0104920555846805e-13
322.3412264199482,-45.53917121911178,12.999999999999972,5.066487543893295,-6.035723803812754,0.0
322.3284641977541,-45.53467838740065,12.999999999999973,5.065417994829776,-6.036097239523375,-1.0104920555846805e-13
322.31570394360017,-45.53018423074121,12.999999999999972,5.0643485283371055,-6.036470118715071,-2.3578147963642546e-13
322.30294565743225,-45.52568874956643,12.999999999999973,5.0632791446050645,-6.036842441417351,-1.6841534259744677e-13
322.29018933919576,-45.521191944309194,12.99999999999997,5.06220984382333,-6.03721420765984,-2.3578147963642546e-13
322.2774349888355,-45.516693815402384,12.999999999999968,5.061140626181451,-6.037585417472244,-3.368306851948935e-14
322.2646826062959,-45.51219436327884,12.999999999999968,5.060071491868869,-6.03795607088439,-6.73661370389787e-14
322.2519321915208,-45.507693588371346,12.99999999999997,5.059002441074896,-6.038326167926199,-1.0104920555846805e-13
322.2391837444536,-45.50319149111264,12.99999999999997,5.057933473988743,-6.038695708627696,-1.347322740779574e-13
322.22643726503725,-45.498688071935426,12.999999999999972,5.056864590799486,-6.039064693018999,-1.347322740779574e-13
322.21369275321405,-45.49418333127236,12.99999999999997,5.055795791696094,-6.039433121130339,-6.73661370389787e-14
322.200950208926,-45.489677269556076,12.99999999999997,5.054727076867412,-6.039800992992047,-1.347322740779574e-13
322.18820963211436,-45.485169887219136,12.999999999999972,5.053658446502173,-6.040168308634543,0.0
322.1754710227201,-45.480661184694064,12.999999999999972,5.0525899007889885,-6.040535068088369,-2.694645481559148e-13
322.1627343806837,-45.476151162413366,12.99999999999997,5.051521439916357,-6.040901271384144,-1.0104920555846805e-13
322.14999970594494,-45.47163982080948,12.99999999999997,5.050453064072647,-6.041266918552609,-1.6841534259744677e-13
322.13726699844324,-45.46712716031482,12.99999999999997,5.049384773446118,-6.041632009624594,-2.3578147963642546e-13
322.12453625811764,-45.46261318136173,12.999999999999972,5.048316568224922,-6.041996544631025,0.0
322.11180748490654,-45.458097884382525,12.99999999999997,5.04724844859707,-6.042360523602947,-3.368306851948935e-14
322.0990806787477,-45.45358126980949,12.999999999999968,5.046180414750472,-6.042723946571491,-1.6841534259744677e-13
322.0863558395788,-45.449063338074836,12.999999999999968,5.045112466872916,-6.0430868135678875,-2.3578147963642546e-13
