galstreams/tracks/track.st.ACS.ramos2021.ecsv
# %ECSV 0.9
# ---
# datatype:
# - {name: ra, unit: deg, datatype: float64}
# - {name: dec, unit: deg, datatype: float64}
# - {name: distance, unit: kpc, datatype: float64}
# - {name: pm_ra_cosdec, unit: mas / yr, datatype: float64}
# - {name: pm_dec, unit: mas / yr, datatype: float64}
# - {name: radial_velocity, unit: km / s, datatype: float64}
# delimiter: ','
# meta: !!omap
# - __serialized_columns__:
#     dec:
#       __class__: astropy.coordinates.angles.Latitude
#       unit: &id001 !astropy.units.Unit {unit: deg}
#       value: !astropy.table.SerializedColumn {name: dec}
#     distance:
#       __class__: astropy.coordinates.distances.Distance
#       unit: !astropy.units.Unit {unit: kpc}
#       value: !astropy.table.SerializedColumn {name: distance}
#     pm_dec:
#       __class__: astropy.units.quantity.Quantity
#       unit: !astropy.units.Unit {unit: mas / yr}
#       value: !astropy.table.SerializedColumn {name: pm_dec}
#     pm_ra_cosdec:
#       __class__: astropy.units.quantity.Quantity
#       unit: !astropy.units.Unit {unit: mas / yr}
#       value: !astropy.table.SerializedColumn {name: pm_ra_cosdec}
#     ra:
#       __class__: astropy.coordinates.angles.Longitude
#       unit: *id001
#       value: !astropy.table.SerializedColumn {name: ra}
#       wrap_angle: !astropy.coordinates.Angle
#         unit: *id001
#         value: 360.0
#     radial_velocity:
#       __class__: astropy.units.quantity.Quantity
#       unit: !astropy.units.Unit {unit: km / s}
#       value: !astropy.table.SerializedColumn {name: radial_velocity}
# schema: astropy-2.0
ra,dec,distance,pm_ra_cosdec,pm_dec,radial_velocity
[from data line 2591]
129.14461042448735,55.376979613334655,11.699999999999982,0.40231808079989206,-0.5767695329629181,0.0
129.14238461628813,55.367056616090515,11.699999999999982,0.4022052976968602,-0.5769559376498622,-8.420767129872338e-15
129.14015880306803,55.35713367148189,11.699999999999982,0.402091575693419,-0.5771419268938829,-1.0525958912340423e-14
129.13793298431418,55.347210779514185,11.699999999999982,0.4019769161257296,-0.577327499628237,-1.6841534259744676e-14
129.13570715951693,55.33728794019262,11.699999999999982,0.4018613203463793,-0.5775126547881712,-1.2631150694808506e-14
129.13348132817,55.32736515352191,11.699999999999982,0.4017447897243328,-0.5776973913109377,-1.2631150694808506e-14
129.13125548977035,55.317442419506754,11.699999999999982,0.401627325644884,-0.5778817081358125,-1.473634247727659e-14
129.12902964381834,55.30751973815148,11.699999999999982,0.4015089295096041,-0.5780656042041126,-4.210383564936169e-15
129.12680378981744,55.29759710946018,11.699999999999982,0.40138960273629437,-0.5782490784592115,-6.315575347404253e-15
129.12457792727457,55.2876745334367,11.699999999999982,0.40126934675893244,-0.5784321298465597,-6.315575347404253e-15
129.1223520556998,55.2777520100846,11.699999999999982,0.401148163027626,-0.5786147573136978,-1.6841534259744676e-14
129.12012617460658,55.26782953940717,11.699999999999982,0.40102605300855804,-0.5787969598102775,-1.0525958912340423e-14
129.11790028351157,55.25790712140746,11.699999999999982,0.40090301818393764,-0.5789787362880771,-2.1051917824680845e-15
129.11567438193464,55.247984756088286,11.699999999999982,0.4007790600519488,-0.5791600857010191,-1.2631150694808506e-14
129.11344846939906,55.23806244345215,11.699999999999982,0.4006541801266968,-0.579341007005189,-1.0525958912340423e-14
129.11122254543122,55.22814018350133,11.699999999999982,0.400528379938158,-0.5795214991588518,-1.473634247727659e-14
129.10899660956085,55.21821797623784,11.69999999999998,0.400401661032126,-0.5797015611224705,-8.420767129872338e-15
129.1067706613209,55.208295821663434,11.69999999999998,0.40027402497016,-0.579881191858723,-8.420767129872338e-15
129.1045447002475,55.1983737197796,11.699999999999982,0.4001454733295313,-0.58006039033252,-6.315575347404253e-15
129.1023187258801,55.18845167058758,11.699999999999982,0.4000160077031701,-0.580239155511025,-8.420767129872338e-15
129.10009273776137,55.17852967408836,11.699999999999982,0.3998856296996111,-0.5804174863636702,0.0
129.09786673543718,55.168607730282666,11.699999999999982,0.39975434094294154,-0.5805953818621741,-1.0525958912340423e-14
129.09564071845665,55.158685839171014,11.699999999999982,0.39962214307274446,-0.5807728409805618,-1.473634247727659e-14
129.09341468637209,55.1487640007535,11.699999999999983,0.39948903774404615,-0.5809498626951817,-8.420767129872338e-15
129.09118863873906,55.13884221503014,11.699999999999982,0.3993550266272611,-0.5811264459847246,-6.315575347404253e-15
129.08896257511626,55.12892048200063,11.699999999999982,0.3992201114081359,-0.5813025898302411,-8.420767129872338e-15
129.0867364950657,55.11899880166442,11.699999999999985,0.3990842937876942,-0.5814782932151601,-8.420767129872338e-15
129.08451039815256,55.10907717402068,11.699999999999983,0.3989475754821824,-0.5816535551253099,-6.315575347404253e-15
129.08228428394514,55.099155599068375,11.699999999999983,0.39880995822301213,-0.5818283745489319,-8.420767129872338e-15
129.08005815201506,55.08923407680616,11.699999999999985,0.3986714437567042,-0.5820027504767031,-6.315575347404253e-15
129.07783200193703,55.07931260723245,11.699999999999985,0.3985320338448331,-0.5821766819017541,-8.420767129872338e-15
129.07560583328896,55.069391190345435,11.699999999999982,0.3983917302639693,-0.5823501678196864,-1.0525958912340423e-14
129.07337964565198,55.05946982614303,11.699999999999987,0.3982505348056221,-0.5825232072285923,-1.2631150694808506e-14
129.07115343861042,55.049548514622884,11.699999999999982,0.39810844927618305,-0.5826957991290742,-6.315575347404253e-15
129.06892721175166,55.03962725578241,11.699999999999985,0.3979654754968678,-0.5828679425242614,-6.315575347404253e-15
129.06670096466635,55.02970604961879,11.699999999999983,0.39782161530365845,-0.5830396364198323,-1.2631150694808506e-14
129.0644746969483,55.0197848961289,11.699999999999985,0.39767687054724443,-0.5832108798240303,-1.2631150694808506e-14
129.06224840819448,55.00986379530945,11.699999999999983,0.39753124309296517,-0.5833816717476858,-6.315575347404253e-15
129.0600220980049,54.99994274715674,11.699999999999982,0.397384734820752,-0.5835520112042322,-1.473634247727659e-14
129.05779576598292,54.99002175166697,11.699999999999982,0.3972373476250663,-0.5837218972097279,-1.473634247727659e-14
129.05556941173487,54.980100808836035,11.699999999999985,0.39708908341484317,-0.5838913287828743,-1.0525958912340423e-14
129.05334303487027,54.97017991865959,11.699999999999983,0.3969399441134311,-0.5840603049450351,-1.6841534259744676e-14
129.05111663500188,54.960259081133,11.699999999999982,0.39678993165853094,-0.5842288247202565,-1.0525958912340423e-14
129.0488902117455,54.95033829625145,11.699999999999983,0.39663904800213673,-0.5843968871352854,-6.315575347404253e-15
129.04666376471997,54.94041756400982,11.699999999999982,0.3964872951104765,-0.5845644912195896,-8.420767129872338e-15
129.04443729354745,54.93049688440274,11.699999999999982,0.3963346749639493,-0.5847316360053787,-2.1051917824680845e-15
129.04221079785304,54.920576257424635,11.699999999999985,0.39618118955706605,-0.5848983205276205,-6.315575347404253e-15
129.03998427726515,54.91065568306964,11.699999999999987,0.39602684089838763,-0.585064543824064,-1.473634247727659e-14
129.03775773141513,54.90073516133163,11.699999999999985,0.3958716310104644,-0.585230304935258,-8.420767129872338e-15
129.0355311599375,54.89081469220427,11.699999999999982,0.3957155619297736,-0.5853956029045693,-4.210383564936169e-15
129.03330456246988,54.88089427568098,11.699999999999985,0.3955586357066572,-0.5855604367782045,-8.420767129872338e-15
129.03107793865297,54.870973911754895,11.699999999999982,0.39540085440526174,-0.5857248056052303,-1.2631150694808506e-14
129.02885128813062,54.8610536004189,11.699999999999985,0.3952422201034733,-0.5858887084375907,-4.210383564936169e-15
129.0266246105497,54.85113334166569,11.699999999999982,0.39508273489285683,-0.5860521443301303,-1.473634247727659e-14
129.02439790556025,54.84121313548764,11.699999999999985,0.3949224008785913,-0.5862151123406119,-1.0525958912340423e-14
129.02217117281532,54.831292981876985,11.699999999999985,0.39476122017940957,-0.5863776115297384,-4.210383564936169e-15
129.019944411971,54.82137288082555,11.699999999999983,0.3945991949275321,-0.586539640961171,-1.473634247727659e-14
129.0177176226866,54.811452832325024,11.699999999999985,0.39443632726860434,-0.5867011997015518,-2.1051917824680845e-15
129.01549080462436,54.80153283636687,11.699999999999982,0.3942726193616337,-0.586862286820522,-6.315575347404253e-15
129.01326395744962,54.79161289294224,11.699999999999985,0.3941080733789233,-0.5870229013907429,-1.2631150694808506e-14
129.01103708083085,54.781693002042076,11.699999999999983,0.39394269150601,-0.5871830424879172,-8.420767129872338e-15
129.00881017443947,54.77177316365707,11.699999999999987,0.39377647594159854,-0.5873427091908076,-6.315575347404253e-15
129.00658323795,54.76185337777767,11.699999999999985,0.39360942889749684,-0.5875019005812586,-1.473634247727659e-14
129.00435627104005,54.75193364439407,11.699999999999985,0.39344155259855057,-0.5876606157442177,-1.2631150694808506e-14
129.00212927339024,54.74201396349622,11.699999999999985,0.39327284928257833,-0.5878188537677533,-8.420767129872338e-15
128.99990224468416,54.732094335073846,11.699999999999983,0.39310332120030655,-0.587976613743078,-1.2631150694808506e-14
128.9976751846086,54.72217475911641,11.699999999999985,0.392932970615302,-0.5881338947645673,-8.420767129872338e-15
128.99544809285314,54.71225523561315,11.699999999999982,0.392761799803909,-0.588290695929782,-1.0525958912340423e-14
128.9932209691106,54.70233576455302,11.699999999999985,0.39258981105517854,-0.5884470163394873,-4.210383564936169e-15
128.99099381307676,54.692416345924784,11.699999999999982,0.39241700667080626,-0.5886028550976756,-2.1051917824680845e-15
128.98876662445036,54.68249697971696,11.699999999999987,0.3922433889650627,-0.5887582113115836,-1.2631150694808506e-14
128.98653940293326,54.67257766591782,11.699999999999983,0.39206896026472887,-0.5889130840917193,-1.2631150694808506e-14
128.98431214823017,54.66265840451528,11.699999999999985,0.3918937229090267,-0.5890674725518756,-6.315575347404253e-15
128.98208486004896,54.652739195497176,11.699999999999985,0.3917176792495531,-0.5892213758091572,-4.210383564936169e-15
128.97985753810045,54.64282003885104,11.699999999999982,0.3915408316502123,-0.5893747929839985,-2.1051917824680845e-15
128.9776301820984,54.63290093456418,11.699999999999985,0.3913631824871478,-0.5895277232001852,-1.0525958912340423e-14
128.97540279175968,54.62298188262362,11.699999999999985,0.3911847341486742,-0.5896801655848759,-1.2631150694808506e-14
128.97317536680404,54.613062883016184,11.699999999999982,0.3910054890352092,-0.5898321192686234,-4.210383564936169e-15
128.97094790695422,54.60314393572844,11.699999999999983,0.39082544955920545,-0.5899835833853936,-4.210383564936169e-15
128.96872041193603,54.59322504074674,11.699999999999983,0.3906446181450815,-0.5901345570725901,-1.0525958912340423e-14
128.96649288147816,54.58330619805715,11.699999999999985,0.3904629972291526,-0.5902850394710729,-1.0525958912340423e-14
128.96426531531233,54.57338740764555,11.699999999999985,0.39028058925956266,-0.590435029725181,-8.420767129872338e-15
128.9620377131732,54.563468669497546,11.699999999999983,0.39009739669621435,-0.5905845269827529,-2.1051917824680845e-15
128.9598100747984,54.55354998359851,11.699999999999985,0.3899134220106994,-0.590733530395147,-1.0525958912340423e-14
128.95758239992853,54.543631349933584,11.699999999999982,0.3897286676862295,-0.5908820391172667,-1.0525958912340423e-14
128.9553546883071,54.53371276848768,11.699999999999982,0.38954313621756576,-0.5910300523075771,-8.420767129872338e-15
128.95312693968066,54.523794239245476,11.699999999999985,0.38935683011094857,-0.5911775691281289,-8.420767129872338e-15
128.95089915379856,54.513875762191375,11.699999999999982,0.3891697518840298,-0.5913245887445804,-1.2631150694808506e-14
128.94867133041328,54.50395733730958,11.699999999999983,0.3889819040657975,-0.5914711103262176,-8.420767129872338e-15
128.94644346928007,54.49403896458411,11.699999999999985,0.3887932891965103,-0.5916171330459759,-8.420767129872338e-15
128.94421557015724,54.48412064399856,11.699999999999982,0.38860390982762294,-0.591762656080463,-8.420767129872338e-15
128.94198763280593,54.474202375536485,11.699999999999985,0.3884137685217166,-0.5919076786099778,-6.315575347404253e-15
128.93975965699028,54.464284159181126,11.699999999999982,0.38822286785242854,-0.5920521998185355,-2.1051917824680845e-15
128.93753164247727,54.4543659949155,11.699999999999985,0.3880312104043787,-0.5921962188938863,-2.1051917824680845e-15
128.9353035890369,54.4444478827224,11.699999999999983,0.3878387987730994,-0.5923397350275391,-1.0525958912340423e-14
128.93307549644197,54.434529822584345,11.699999999999985,0.38764563556496345,-0.5924827474147811,-1.2631150694808506e-14
128.93084736446835,54.42461181448366,11.699999999999987,0.3874517233971114,-0.5926252552547017,-8.420767129872338e-15
128.92861919289462,54.41469385840242,11.699999999999985,0.3872570648973813,-0.5927672577502134,-6.315575347404253e-15
128.9263909815024,54.40477595432249,11.699999999999983,0.38706166270423287,-0.5929087541080731,-8.420767129872338e-15
128.92416273007615,54.39485810222545,11.699999999999983,0.3868655194666787,-0.5930497435389037,-6.315575347404253e-15
128.92193443840318,54.384940302092694,11.699999999999985,0.3866686378442096,-0.5931902252572174,-8.420767129872338e-15
128.91970610627385,54.37502255390537,11.699999999999983,0.3864710205067213,-0.5933301984814369,-6.315575347404253e-15
128.9174777334812,54.36510485764438,11.699999999999985,0.38627267013444294,-0.5934696624339155,-1.0525958912340423e-14
128.9152493198213,54.35518721329043,11.699999999999985,0.386073589417863,-0.5936086163409625,-1.2631150694808506e-14
128.91302086509305,54.34526962082392,11.699999999999982,0.385873781057655,-0.5937470594328622,4.210383564936169e-15
128.91079236909812,54.335352080225185,11.699999999999983,0.3856732477646062,-0.593884990943896,-6.315575347404253e-15
128.90856383164126,54.325434591474085,11.699999999999985,0.38547199225954154,-0.5940224101123668,-8.420767129872338e-15
128.90633525252986,54.31551715455041,11.699999999999985,0.3852700172732515,-0.5941593161806178,-2.1051917824680845e-15
128.9041066315743,54.30559976943371,11.699999999999985,0.3850673255464167,-0.5942957083950575,-4.210383564936169e-15
128.90187796858785,54.295682436103284,11.699999999999987,0.38486391982953433,-0.5944315860061791,-1.0525958912340423e-14
128.8996492633865,54.28576515453817,11.699999999999982,0.38465980288284396,-0.5945669482685848,-4.210383564936169e-15
128.89742051578918,54.27584792471725,11.699999999999987,0.3844549774762524,-0.5947017944410048,-1.0525958912340423e-14
128.89519172561762,54.26593074661909,11.699999999999983,0.3842494463892602,-0.5948361237863239,-2.1051917824680845e-15
128.8929628926964,54.256013620222106,11.699999999999983,0.3840432124108847,-0.5949699355715987,-1.0525958912340423e-14
128.890734016853,54.24609654550443,11.699999999999985,0.383836278339587,-0.595103229068084,-4.210383564936169e-15
128.8885050979176,54.236179522444,11.699999999999982,0.38362864698319643,-0.5952360035512514,-1.0525958912340423e-14
128.8862761357233,54.226262551018515,11.699999999999982,0.3834203211588336,-0.5953682583008132,-1.0525958912340423e-14
128.88404713010604,54.21634563120543,11.699999999999985,0.38321130369283757,-0.5954999926007447,-4.210383564936169e-15
128.88181808090448,54.206428762982,11.699999999999982,0.3830015974206886,-0.5956312057393068,-8.420767129872338e-15
128.87958898796018,54.19651194632523,11.699999999999985,0.3827912051869319,-0.5957618970090651,-6.315575347404253e-15
128.87735985111746,54.18659518121191,11.699999999999985,0.3825801298451037,-0.5958920657069163,-6.315575347404253e-15
128.8751306702235,54.17667846761863,11.699999999999983,0.3823683742576531,-0.5960217111341075,-6.315575347404253e-15
128.87290144512826,54.16676180552175,11.699999999999983,0.3821559412958676,-0.5961508325962593,-2.1051917824680845e-15
128.87067217568443,54.15684519489728,11.699999999999985,0.38194283383979577,-0.5962794294033877,-8.420767129872338e-15
128.8684428617476,54.14692863572118,11.699999999999985,0.381729054778171,-0.5964075008699277,-8.420767129872338e-15
128.86621350317606,54.137012127969086,11.699999999999982,0.3815146070083356,-0.596535046314753,-6.315575347404253e-15
128.86398409983096,54.12709567161645,11.699999999999983,0.38129949343616254,-0.5966620650612001,-6.315575347404253e-15
128.86175465157618,54.11717926663849,11.699999999999982,0.3810837169759801,-0.5967885564370916,-6.315575347404253e-15
128.85952515827842,54.10726291301019,11.699999999999982,0.38086728055049435,-0.5969145197747541,-4.210383564936169e-15
128.8572956198071,54.09734661070631,11.699999999999985,0.3806501870907124,-0.5970399544110452,-6.315575347404253e-15
128.85506603603446,54.0874303597014,11.699999999999983,0.3804324395358646,-0.5971648596873731,-4.210383564936169e-15
128.85283640683545,54.07751415996979,11.699999999999985,0.380214040833327,-0.5972892349497201,-1.2631150694808506e-14
128.85060673208784,54.06759801148555,11.699999999999983,0.37999499393854524,-0.5974130795486636,-8.420767129872338e-15
128.84837701167214,54.057681914222584,11.699999999999983,0.379775301814955,-0.5975363928393993,-2.1051917824680845e-15
