galstreams/tracks/track.st.NGC5466.ibata2021.ecsv
# %ECSV 0.9
# ---
# datatype:
# - {name: ra, unit: deg, datatype: float64}
# - {name: dec, unit: deg, datatype: float64}
# - {name: distance, unit: kpc, datatype: float64}
# - {name: pm_ra_cosdec, unit: mas / yr, datatype: float64}
# - {name: pm_dec, unit: mas / yr, datatype: float64}
# - {name: radial_velocity, unit: km / s, datatype: float64}
# delimiter: ','
# meta: !!omap
# - __serialized_columns__:
#     dec:
#       __class__: astropy.coordinates.angles.Latitude
#       unit: &id001 !astropy.units.Unit {unit: deg}
#       value: !astropy.table.SerializedColumn {name: dec}
#     distance:
#       __class__: astropy.coordinates.distances.Distance
#       unit: !astropy.units.Unit {unit: kpc}
#       value: !astropy.table.SerializedColumn {name: distance}
#     pm_dec:
#       __class__: astropy.units.quantity.Quantity
#       unit: !astropy.units.Unit {unit: mas / yr}
#       value: !astropy.table.SerializedColumn {name: pm_dec}
#     pm_ra_cosdec:
#       __class__: astropy.units.quantity.Quantity
#       unit: !astropy.units.Unit {unit: mas / yr}
#       value: !astropy.table.SerializedColumn {name: pm_ra_cosdec}
#     ra:
#       __class__: astropy.coordinates.angles.Longitude
#       unit: *id001
#       value: !astropy.table.SerializedColumn {name: ra}
#       wrap_angle: !astropy.coordinates.Angle
#         unit: *id001
#         value: 360.0
#     radial_velocity:
#       __class__: astropy.units.quantity.Quantity
#       unit: !astropy.units.Unit {unit: km / s}
#       value: !astropy.table.SerializedColumn {name: radial_velocity}
# schema: astropy-2.0
ra,dec,distance,pm_ra_cosdec,pm_dec,radial_velocity
[from data line 1495]
222.96461065830357,21.872231107528577,14.12083489735392,-6.658466274444755,-0.276205359268186,1.4631082888153188e-13
222.974090346614,21.867351956489426,14.120817112595795,-6.658680515313778,-0.27623559194885805,1.1052256857957444e-13
222.9835709898407,21.862474369315137,14.120799442551709,-6.658891688368821,-0.2762682865416862,6.420834936527658e-14
222.99305259007554,21.857598348162096,14.120781884803407,-6.659099789371284,-0.2763034474654824,1.221011233831489e-13
223.00253514941056,21.852723895186376,14.120764436932644,-6.65930481408343,-0.2763410791399964,1.1894333570944678e-13
223.01201866993813,21.8478510125437,14.120747096521184,-6.6595067582683765,-0.27638118598591854,-1.894672604221276e-14
223.02150315375064,21.842979702389528,14.120729861150778,-6.6597056176901255,-0.27642377242488747,2.515704180049361e-13
223.03098860294094,21.83810996687896,14.120712728403179,-6.659901388113525,-0.27646884287947615,1.5578419190263825e-13
223.04047501960196,21.833241808166804,14.12069569586015,-6.660094065304296,-0.276516401773203,1.0525958912340423e-13
223.04996240582685,21.828375228407555,14.120678761103443,-6.66028364502902,-0.27656645353052467,2.1893994537668078e-13
223.05945076370907,21.82351022975538,14.120661921714813,-6.660470123055148,-0.276619002576838,1.642049590325106e-13
223.06894009534224,21.81864681436414,14.120645175276017,-6.660653495150987,-0.2766740533384828,1.8630947274842547e-13
223.07843040282023,21.813784984387393,14.120628519368815,-6.660833757085712,-0.2767316102427346,1.3367967818672336e-13
223.08792168823715,21.80892474197837,14.120611951574956,-6.661010904629363,-0.27679167771780944,1.8525687685719145e-13
223.09741395368727,21.80406608928999,14.120595469476196,-6.661184933552841,-0.2768542601928611,1.5052121244646804e-13
223.1069072012652,21.799209028474866,14.120579070654298,-6.661355839627909,-0.2769193620979823,-4.210383564936169e-14
223.11640143306562,21.794353561685288,14.120562752691017,-6.6615236186271956,-0.27698698786420495,1.2525891105685104e-13
223.12589665118355,21.789499691073242,14.1205465131681,-6.661688266324195,-0.2770571419234952,8.736545897242551e-14
223.1353928577142,21.7846474187904,14.12053034966731,-6.6618497784932575,-0.2771298287087578,1.8630947274842547e-13
223.14489005475306,21.779796746988126,14.120514259770408,-6.662008150909603,-0.27720505265383344,2.589385892435744e-13
223.15438824439573,21.774947677817448,14.12049824105913,-6.6621633793493125,-0.27728281819350037,1.6841534259744677e-13
223.16388742873815,21.770100213429117,14.120482291115255,-6.662315459589322,-0.27736312976347166,6.947132882144679e-14
223.17338760987636,21.765254355973546,14.12046640752053,-6.66246438740744,-0.2774459918003983,1.6104717135880846e-13
223.18288878990677,21.76041010760085,14.120450587856707,-6.6626101585823365,-0.27753140874185933,3.9998643866893604e-14
223.19239097092589,21.75556747046083,14.120434829705545,-6.662752768893538,-0.2776193850263777,1.1262776036204252e-13
223.20189415503052,21.75072644670295,14.120419130648806,-6.662892214121438,-0.2777099250934014,7.052392471268083e-14
223.21139834431762,21.74588703847642,14.120403488268233,-6.6630284900472905,-0.2778030333833197,1.294692946217872e-13
223.22090354088454,21.74104924793008,14.120387900145593,-6.663161592453209,-0.2778987143374513,5.6840178126638284e-14
223.2304097468286,21.73621307721249,14.12037236386264,-6.663291517122169,-0.2779969723980499,1.820990891834893e-13
223.23991696424758,21.7313785284719,14.120356877001122,-6.663418259838019,-0.27809781200829864,1.7052053437991484e-13
223.24942519523933,21.726545603856227,14.120341437142804,-6.663541816385452,-0.27820123761231746,1.4210044531659572e-13
223.258934441902,21.721714305513114,14.12032604186944,-6.663662182550031,-0.278307253655154,1.24206315165617e-13
223.26844470633395,21.716884635589853,14.120310688762784,-6.663779354118184,-0.27841586458279044,1.2631150694808506e-14
223.2779559906337,21.71205659623346,14.12029537540459,-6.66389332687719,-0.27852707484213857,1.589419795763404e-13
223.2874682969001,21.707230189590607,14.120280099376622,-6.664004096615199,-0.27864088888104005,1.6841534259744677e-13
223.2969816272322,21.702405417807704,14.120264858260626,-6.664111659121218,-0.2787573111482671,7.368171238638296e-14
223.30649598372915,21.6975822830308,14.120249649638364,-6.664216010185115,-0.27887634609352374,8.21024795162553e-14
223.3160113684905,21.692760787405664,14.120234471091592,-6.6643171455976145,-0.27899799816744225,8.841805486365955e-14
223.3255277836159,21.687940933077748,14.120219320202057,-6.664415061150317,-0.279122271821583,1.1789073981821273e-13
223.33504523120527,21.683122722192202,14.12020419455153,-6.664509752635659,-0.279249171508436,0.0
223.34456371335878,21.678306156893857,14.120189091721757,-6.66460121584696,-0.2793787016814204,8.420767129872338e-14
223.35408323217675,21.67349123932724,14.1201740092945,-6.664689446578386,-0.27951086679488146,1.4104784942536167e-13
223.36360378975976,21.668677971636562,14.120158944851505,-6.6647744406249725,-0.27964567130409257,1.3367967818672336e-13
223.37312538820868,21.66386635596574,14.120143895974534,-6.664856193782608,-0.27978311966525493,1.1368035625327657e-13
223.38264802962445,21.659056394458375,14.120128860245346,-6.664934701848045,-0.27992321633549555,1.547315960114042e-13
223.3921717161084,21.65424808925776,14.120113835245695,-6.6650099606188915,-0.2800659657728675,1.294692946217872e-13
223.401696449762,21.64944144250688,14.120098818557333,-6.665081965893622,-0.28021137243635275,1.1789073981821273e-13
223.4112222326869,21.6446364563484,14.120083807762018,-6.665150713471565,-0.2803594407858544,-1.6841534259744676e-14
223.42074906698505,21.639833132924707,14.120068800441508,-6.66521619915291,-0.2805101752822051,8.420767129872338e-14
223.4302769547586,21.635031474377854,14.120053794177556,-6.665278418738708,-0.2806635803871593,1.5788938368510635e-13
223.4398058981099,21.630231482849588,14.120038786551921,-6.665337368030871,-0.2808196605633932,4.9472006887999985e-14
223.44933589914154,21.625433160481375,14.12002377514636,-6.6653930428321555,-0.28097842027451564,1.8104649329225526e-13
223.45886695995634,21.620636509414343,14.120008757542623,-6.665445438946203,-0.2811398639850502,2.2315032894161697e-13
223.46839908265738,21.615841531789325,14.119993731322467,-6.66549455217749,-0.2813039961604469,1.547315960114042e-13
223.47793226934783,21.61104822974685,14.119978694067656,-6.6655403783313645,-0.28147082126708106,9.578622610229784e-14
223.4874665221312,21.60625660542714,14.119963643359936,-6.6655829132140285,-0.281640343772248,1.9999321933446803e-13
223.49700184311124,21.601466660970118,14.11994857678107,-6.665622152632547,-0.28181256814416233,5.3682390452936155e-14
223.5065382343918,21.596678398515373,14.119933491912809,-6.665658092394841,-0.2819874988519677,1.7578351383608505e-13
223.5160756980771,21.591891820202218,14.11991838633691,-6.665690728309686,-0.28216514036572227,7.999728773378721e-14
223.52561423627142,21.587106928169646,14.11990325763513,-6.665720056186723,-0.2823454971564059,2.2315032894161697e-13
223.53515385107943,21.582323724556357,14.119888103389226,-6.665746071836448,-0.28252857369592466,2.631489728085106e-13
223.5446945446059,21.577542211500724,14.119872921180955,-6.66576877107021,-0.2827143744570946,1.9578283576953187e-13
223.5542363189559,21.572762391140824,14.119857708592066,-6.6657881497002265,-0.28290290391366146,5.894536990910637e-14
223.56377917623462,21.567984265614445,14.119842463204321,-6.665804203539565,-0.2830941665402879,2.578859933523404e-13
223.5733231185476,21.56320783705905,14.119827182599476,-6.665816928402151,-0.2832881668125481,1.4104784942536167e-13
223.5828681480005,21.55843310761181,14.119811864359283,-6.665826320102775,-0.283484909206943,1.1999593160068083e-13
223.59241426669928,21.553660079409575,14.119796506065502,-6.665832374457075,-0.28368439820089053,4.631421921429786e-14
223.60196147675,21.5488887545889,14.119781105299884,-6.665835087281553,-0.28388663827272376,1.4210044531659572e-13
223.61150978025915,21.544119135286046,14.119765659644194,-6.665834454393565,-0.28409163390169445,1.1052256857957444e-13
223.6210591793332,21.539351223636956,14.119750166680179,-6.665830471611324,-0.2842993895679707,1.6841534259744677e-13
223.63060967607902,21.534585021777268,14.119734623989599,-6.665823134753909,-0.2845099097526369,1.4210044531659572e-13
223.64016127260365,21.529820531842336,14.119719029154208,-6.66581243964124,-0.284723198937696,8.420767129872338e-14
223.64971397101428,21.525057755967175,14.119703379755764,-6.665798382094106,-0.28493926160606453,1.2525891105685104e-13
223.6592677734184,21.520296696286543,14.11968767337602,-6.665780957934151,-0.28515810224157545,2.2104513715914888e-13
223.66882268192376,21.515537354934835,14.119671907596732,-6.665760162983872,-0.28537972532897554,2.1683475359421271e-13
223.6783786986382,21.51077973404621,14.119656079999665,-6.665735993066624,-0.2856041353539277,1.589419795763404e-13
223.6879358256699,21.50602383575447,14.119640188166564,-6.66570844400662,-0.28583133680300654,1.473634247727659e-14
223.6974940651272,21.501269662193152,14.11962422967919,-6.665677511628928,-0.2860613341637064,2.063087946818723e-13
223.70705341911867,21.49651721549545,14.119608202119288,-6.665643191759475,-0.28629413192442776,1.1578554803574466e-13
223.71661388975312,21.491766497794305,14.119592103068635,-6.665605480225036,-0.2865297345744883,1.5788938368510635e-14
223.72617547913953,21.48701751122231,14.119575930108969,-6.665564372853252,-0.2867681466041183,1.5788938368510635e-13
223.7357381893872,21.482270257911786,14.119559680822055,-6.665519865472612,-0.2870093725044607,1.3578486996919146e-13
223.74530202260559,21.477524739994735,14.119543352789647,-6.665471953912467,-0.2872534167675677,1.7262572616238293e-13
223.75486698090432,21.47278095960287,14.119526943593494,-6.6654206340030235,-0.28750028388640514,1.8525687685719145e-13
223.7644330663933,21.468038918867588,14.119510450815367,-6.665365901575331,-0.2877499783548514,1.6104717135880846e-13
223.77400028118274,21.463298619920007,14.119493872037008,-6.665307752461317,-0.2880025046676915,1.6631015081497867e-13
223.7835686273829,21.45856006489091,14.119477204840178,-6.665246182493742,-0.28825786732062453,1.1683814392697868e-13
223.79313810710434,21.453823255910816,14.119460446806631,-6.665181187506239,-0.2885160708102583,-1.473634247727659e-14
223.8027087224579,21.449088195109915,14.11944359551813,-6.665112763333281,-0.28877711963411135,7.999728773378721e-14
223.81228047555453,21.444354884618107,14.119426648556422,-6.6650409058102085,-0.28904101829060935,1.0525958912340423e-14
223.82185336850546,21.439623326564995,14.119409603503268,-6.66496561077321,-0.28930777127908963,2.1262437002927655e-13
223.8314274034222,21.43489352307988,14.11939245794042,-6.664886874059333,-0.2895773830997918,1.4841602066399995e-13
223.84100258241637,21.430165476291744,14.119375209449638,-6.664804691506475,-0.2898498582538733,7.894469184255317e-14
223.8505789075998,21.425439188329303,14.119357855612678,-6.664719058953391,-0.29012520124339275,2.3999186320136165e-13
223.86015638108472,21.420714661320943,14.119340394011294,-6.664629972239694,-0.29040341657131413,-1.894672604221276e-14
223.86973500498337,21.415991897394772,14.119322822227241,-6.6645374272058415,-0.2906845087415155,7.999728773378721e-14
223.87931478140828,21.41127089867858,14.119305137842275,-6.664441419693156,-0.2909684822587789,8.631286308119147e-14
223.88889571247228,21.40655166729988,14.119287338438156,-6.664341945543807,-0.2912553416287853,6.21031575828085e-14
223.8984778002883,21.40183420538585,14.119269421596636,-6.664239000600818,-0.2915450913581327,1.515738083377021e-13
223.9080610469696,21.397118515063415,14.119251384899473,-6.664132580708075,-0.29183773595431656,2.0736139057310634e-13
223.9176454546296,21.392404598459155,14.119233225928419,-6.664022681710305,-0.2921332799257409,5.6840178126638284e-14
223.92723102538187,21.387692457699394,14.119214942265234,-6.663909299453103,-0.2924317277817145,1.9262504809582973e-13
223.93681776134036,21.382982094910115,14.119196531491674,-6.663792429782902,-0.29273308403244774,1.7052053437991484e-13
223.94640566461914,21.378273512217046,14.119177991189495,-6.663672068547001,-0.29303735318905677,7.999728773378721e-14
223.9559947373325,21.373566711745575,14.119159318940447,-6.6635482115935485,-0.2933445397635614,9.157584253736168e-14
223.96558498159496,21.368861695620826,14.119140512326295,-6.663420854771543,-0.29365464826888393,8.736545897242551e-14
223.97517639952125,21.3641584659676,14.119121568928788,-6.663289993930842,-0.2939676832188524,2.315710960714893e-13
223.98476899322637,21.35945702491042,14.119102486329687,-6.663155624922152,-0.29428364912818966,1.8525687685719145e-13
223.9943627648255,21.35475737457349,14.119083262110744,-6.663017743597029,-0.29460255051252904,1.9262504809582973e-13
224.00395771643403,21.35005951708075,14.119063893853715,-6.662876345807893,-0.29492439188839914,2.557808015698723e-13
224.0135538501676,21.345363454555805,14.119044379140357,-6.662731427408006,-0.2952491777732331,5.4734986344170195e-14
224.02315116814202,21.34066918912199,14.119024715552428,-6.66258298425149,-0.29557691268536646,1.1368035625327657e-13
224.03274967247333,21.33597672290232,14.11900490067168,-6.662431012193316,-0.2959076011440286,1.589419795763404e-13
224.04234936527791,21.331286058019543,14.118984932079874,-6.662275507089301,-0.29624124766935617,9.683882199353189e-14
224.05195024867217,21.326597196596076,14.118964807358761,-6.6621164647961315,-0.29657785678238224,6.526094525651062e-14
224.06155232477283,21.321910140754074,14.1189445240901,-6.661953881171328,-0.2969174330050384,1.7473091794485103e-13
224.07115559569687,21.31722489261536,14.118924079855642,-6.661787752073277,-0.2972599808601576,2.115717741380425e-13
224.08076006356146,21.312541454301503,14.11890347223715,-6.661618073361208,-0.2976055048714657,8.104988362502126e-14
224.0903657304839,21.30785982793374,14.118882698816378,-6.661444840895202,-0.2979540095635967,5.6840178126638284e-14
224.09997259858187,21.30318001563302,14.118861757175079,-6.661268050536199,-0.29830549946207446,1.8104649329225526e-13
224.10958066997313,21.29850201952001,14.118840644895007,-6.661087698145988,-0.29865997909332026,9.789141788476593e-14
224.11918994677572,21.293825841715076,14.118819359557927,-6.660903779587208,-0.29901745298465704,7.578690416885104e-14
224.12880043110786,21.289151484338277,14.118797898745584,-6.66071629072335,-0.29937792566430066,2.6735935637344673e-13
224.1384121250881,21.284478949509403,14.118776260039743,-6.660525227418754,-0.29974140166136315,1.3789006175165953e-13
224.1480250308351,21.27980823934791,14.118754441022158,-6.660330585538616,-0.3001078855058547,5.157719867046807e-14
224.15763915046776,21.275139355973003,14.11873243927458,-6.66013236094898,-0.30047738172867927,2.947268495455318e-14
224.16725448610515,21.270472301503556,14.118710252378769,-6.659930549516743,-0.3008498948616416,8.841805486365955e-14
224.17687103986668,21.265807078058174,14.118687877916477,-6.659725147109652,-0.3012254294374294,2.0736139057310634e-13
224.18648881387188,21.261143687755144,14.11866531346947,-6.6595161495963024,-0.3016039899896334,2.3999186320136165e-13
224.1961078102406,21.25648213271249,14.11864255661949,-6.659303552846147,-0.301985581052737,1.8104649329225526e-13
224.20572803109275,21.25182241504792,14.118619604948304,-6.6590873527294825,-0.30237020716211516,1.4315304120782974e-13
224.21534947854857,21.247164536878845,14.118596456037661,-6.658867545117461,-0.302757872854038,1.4210044531659572e-13
224.22497215472856,21.2425085003224,14.11857310746932,-6.658644125882079,-0.30314858266566913,1.3999525353412762e-13
224.2345960617533,21.237854307495407,14.118549556825036,-6.658417090896188,-0.3035423411350618,1.021018014497021e-13
224.2442212017437,21.233201960514425,14.11852580168657,-6.658186436033493,-0.303939152801163,1.0631218501463827e-13
