galstreams/tracks/track.st.TucanaIII.shipp2019.ecsv
# %ECSV 0.9
# ---
# datatype:
# - {name: ra, unit: deg, datatype: float64}
# - {name: dec, unit: deg, datatype: float64}
# - {name: distance, unit: kpc, datatype: float64}
# - {name: pm_ra_cosdec, unit: mas / yr, datatype: float64}
# - {name: pm_dec, unit: mas / yr, datatype: float64}
# - {name: radial_velocity, unit: km / s, datatype: float64}
# delimiter: ','
# meta: !!omap
# - __serialized_columns__:
#     dec:
#       __class__: astropy.coordinates.angles.Latitude
#       unit: &id001 !astropy.units.Unit {unit: deg}
#       value: !astropy.table.SerializedColumn {name: dec}
#     distance:
#       __class__: astropy.coordinates.distances.Distance
#       unit: !astropy.units.Unit {unit: kpc}
#       value: !astropy.table.SerializedColumn {name: distance}
#     pm_dec:
#       __class__: astropy.units.quantity.Quantity
#       unit: !astropy.units.Unit {unit: mas / yr}
#       value: !astropy.table.SerializedColumn {name: pm_dec}
#     pm_ra_cosdec:
#       __class__: astropy.units.quantity.Quantity
#       unit: !astropy.units.Unit {unit: mas / yr}
#       value: !astropy.table.SerializedColumn {name: pm_ra_cosdec}
#     ra:
#       __class__: astropy.coordinates.angles.Longitude
#       unit: *id001
#       value: !astropy.table.SerializedColumn {name: ra}
#       wrap_angle: !astropy.coordinates.Angle
#         unit: *id001
#         value: 360.0
#     radial_velocity:
#       __class__: astropy.units.quantity.Quantity
#       unit: !astropy.units.Unit {unit: km / s}
#       value: !astropy.table.SerializedColumn {name: radial_velocity}
# schema: astropy-2.0
ra,dec,distance,pm_ra_cosdec,pm_dec,radial_velocity
[from data line 134]
357.2425499494275,-59.65951290271793,24.491077767737938,-0.1736734159472736,-1.6556496604145143,5.323506246146308e-08
357.26234494302037,-59.65883502365963,24.49941342311021,-0.17204501029146324,-1.6547431797851646,5.405639040424231e-08
357.2821394821831,-59.65815797845084,24.50774901879254,-0.1704230250577954,-1.653837949272317,5.486347040903779e-08
357.30193357018493,-59.657481767129504,24.51608455478493,-0.16880745864651278,-1.6529339744078007,5.565630247584953e-08
357.32172721029434,-59.656806389732445,24.524420031087384,-0.1671983094548663,-1.6520312607218934,5.643473503086919e-08
357.3415204057801,-59.656131846295324,24.532755447699888,-0.16559557587708965,-1.6511298137433255,5.719895333097362e-08
357.3613131599101,-59.65545813685267,24.541090804622467,-0.16399925630442444,-1.6502296389992708,5.794899105923135e-08
357.3811054759521,-59.65478526143782,24.549426101855097,-0.16240934912510208,-1.6493307420153633,5.8684696641834036e-08
357.40089735717356,-59.65411322008297,24.557761339397793,-0.1608258527243515,-1.648433128315687,5.9406120603384464e-08
357.42068880684127,-59.65344201281916,24.566096517250546,-0.15924876548440953,-1.6475368034227793,6.011336399308819e-08
357.440479828222,-59.652771639676295,24.57443163541336,-0.15767808578449893,-1.6466417728576332,6.080629207867112e-08
357.4602704245822,-59.6521021006831,24.58276669388623,-0.15611381200084656,-1.6457480421397015,6.148503959240735e-08
357.4800605991875,-59.65143339586715,24.591101692669167,-0.15455594250668156,-1.6448556167868906,6.214952232662558e-08
357.4998503553036,-59.65076552525487,24.599436631762163,-0.15300447567222822,-1.6439645023155676,6.27997402813258e-08
357.5196396961956,-59.65009848887154,24.60777151116522,-0.15145940986471546,-1.6430747042405607,6.34358281887821e-08
357.5394286251284,-59.64943228674127,24.616106330878342,-0.14992074344836917,-1.642186228075159,6.405761763365187e-08
357.5592171453665,-59.64876691888703,24.624441090901517,-0.14838847478441416,-1.641299079331113,6.466520966514068e-08
357.5790052601738,-59.64810238533063,24.632775791234756,-0.14686260223108558,-1.6404132635186375,6.525863796631703e-08
357.59879297281424,-59.64743868609272,24.641110431878054,-0.14534312414360961,-1.6395287861464125,6.583781832950966e-08
357.6185802865511,-59.64677582119281,24.649445012831418,-0.1438300388742198,-1.6386456527215827,6.640280127932131e-08
357.63836720464735,-59.64611379064923,24.657779534094836,-0.14232334477215394,-1.637763868749761,6.695358681575199e-08
357.6581537303656,-59.6454525944792,24.666113995668322,-0.14082304018364866,-1.6368834397350276,6.749024230493876e-08
357.67793986696813,-59.64479223269877,24.674448397551863,-0.13932912345194756,-1.636004371179933,6.801266669767605e-08
357.69772561771674,-59.64413270532282,24.68278273974547,-0.13784159291729592,-1.6351266685854973,6.852099472623792e-08
357.71751098587305,-59.64347401236507,24.691117022249127,-0.1363604469169403,-1.6342503374512127,6.901502429221327e-08
357.73729597469804,-59.64281615383812,24.699451245062853,-0.13488568378513874,-1.6333753832750426,6.949494065247895e-08
357.75708058745266,-59.642159129753416,24.707785408186638,-0.1334173018531447,-1.6325018115534278,6.996072696550071e-08
357.7768648273971,-59.64150294012123,24.716119511620487,-0.13195529944922763,-1.6316296277812798,7.04123158651415e-08
357.79664869779134,-59.640847584950706,24.724453555364395,-0.13049967489865438,-1.63075883745199,7.084979155907263e-08
357.81643220189534,-59.64019306424978,24.732787539418364,-0.12905042652369583,-1.6298894460574247,7.127305299808854e-08
357.836215342968,-59.639539378025326,24.74112146378239,-0.1276075526436387,-1.6290214590879293,7.168220123139477e-08
357.8559981242683,-59.63888652628299,24.749455328456477,-0.12617105157476785,-1.628154882032329,7.207721941745708e-08
357.87578054905487,-59.6382345090273,24.75778913344062,-0.12474092163037462,-1.6272897203779304,7.24580907147412e-08
357.89556262058557,-59.63758332626165,24.76612287873484,-0.12331716112076666,-1.626425979610518,7.282491617245271e-08
357.9153443421185,-59.636932977988195,24.774456564339108,-0.1218997683532464,-1.6255636652143663,7.31774768506462e-08
357.93512571691065,-59.63628346420809,24.78279019025344,-0.1204887416321356,-1.624702782672227,7.351602537233559e-08
357.95490674821906,-59.635634784921194,24.791123756477834,-0.11908407925875882,-1.62384333746534,7.384041016371254e-08
357.9746874393006,-59.63498694012629,24.79945726301229,-0.1176857795314432,-1.622985335073433,7.415069859091406e-08
357.9944677934112,-59.63433992982102,24.8077907098568,-0.11629384074553789,-1.6221287809747182,7.444687381240594e-08
358.0142478138067,-59.6336937540018,24.81612409701138,-0.11490826119339129,-1.6212736806458974,7.472896951125666e-08
358.03402750374283,-59.633048412663975,24.824457424476016,-0.11352903916435984,-1.6204200395621626,7.49969183213292e-08
358.0538068664743,-59.63240390580174,24.832790692250708,-0.11215617294482103,-1.619567863197197,7.525085497489763e-08
358.073585905256,-59.63176023340804,24.84112390033547,-0.11078966081814787,-1.6187171570231744,7.549057737355083e-08
358.09336462334204,-59.63111739547481,24.849457048730287,-0.10942950106473673,-1.6178679265107618,7.571637182337124e-08
358.1131430239864,-59.63047539199272,24.857790137435167,-0.10807569196198503,-1.6170201771291215,7.59279520182764e-08
358.13292111044274,-59.62983422295136,24.866123166450105,-0.10672823178430266,-1.6161739143459104,7.612553689821172e-08
358.15269888596384,-59.629193888339145,24.87445613577511,-0.10538711880311877,-1.6153291436272803,7.63090422555059e-08
358.1724763538027,-59.62855438814333,24.882789045410174,-0.10405235128686277,-1.6144858704378842,7.647845124862468e-08
358.19225351721167,-59.62791572235004,24.891121895355294,-0.1027239275009791,-1.6136441002408692,7.663376387756805e-08
358.21203037944247,-59.62727789094424,24.899454685610472,-0.10140184570793168,-1.612803838497886,7.67750643500073e-08
358.2318069437469,-59.626640893909766,24.907787416175722,-0.10008610416718475,-1.6119650906690839,7.690231898287394e-08
358.2515832133758,-59.62600473122929,24.916120087051027,-0.09877670113522782,-1.611127862213114,7.701551093463368e-08
358.27135919158025,-59.62536940288431,24.92445269823639,-0.0974736348655511,-1.610292158587132,7.711464020528654e-08
358.29113488161056,-59.62473490885522,24.932785249731822,-0.09617690360866168,-1.6094579852467954,7.719977416096955e-08
358.3109102867166,-59.62410124912123,24.941117741537305,-0.09488650561208675,-1.6086253476462697,7.727081175247714e-08
358.33068541014796,-59.623468423660434,24.949450173652856,-0.0936024391203597,-1.6077942512382246,7.732780350441212e-08
358.350460255154,-59.622836432449766,24.957782546078462,-0.09232470237502657,-1.6069647014738375,7.737083362444577e-08
358.37023482498324,-59.62220527546499,24.966114858814137,-0.0910532936146565,-1.6061367038027956,7.739980106337253e-08
358.3900091228843,-59.62157495268074,24.974447111859867,-0.08978821107482086,-1.6053102636732945,7.74147058211924e-08
358.4097831521049,-59.62094546407052,24.982779305215654,-0.08852945298811656,-1.6044853865320414,7.741568263017947e-08
358.4295569158929,-59.62031680960666,24.991111438881507,-0.08727701758414824,-1.6036620778242536,7.740256307499113e-08
358.44933041749545,-59.61968898926035,24.999443512857425,-0.08603090308953563,-1.6028403429936633,7.737543136329868e-08
358.4691036601591,-59.61906200300163,25.0077755271434,-0.08479110772792112,-1.602020187482515,7.73343380197049e-08
358.4888766471305,-59.61843585079941,25.01610748173944,-0.08355762971995051,-1.6012016167315706,7.727921567807276e-08
358.5086493816554,-59.61781053262142,25.02443937664553,-0.08233046728329843,-1.6003846361801057,7.721006433840224e-08
358.52842186697944,-59.617186048434284,25.032771211861686,-0.08110961863264632,-1.599569251265914,7.712696820836467e-08
358.548194106348,-59.61656239820346,25.04110298738791,-0.07989508197968985,-1.5987554674253075,7.702985992182298e-08
358.5679661030056,-59.615939581893244,25.04943470322419,-0.07868685553315136,-1.5979432900931179,7.691880684491423e-08
358.5877378601966,-59.615317599466785,25.05776635937053,-0.0774849374987619,-1.5971327247026985,7.679365740383006e-08
358.6075093811652,-59.61469645088614,25.066097955826923,-0.07628932607926725,-1.5963237766859208,7.665461369698161e-08
358.6272806691546,-59.614076136112146,25.07442949259339,-0.07510001947444045,-1.5955164514731826,7.650150730902626e-08
358.6470517274082,-59.61345665510456,25.082760969669906,-0.07391701588105752,-1.594710754493403,7.63345234968409e-08
358.6668225591685,-59.61283800782192,25.09109238705649,-0.07274031349292735,-1.593906691174027,7.615347700354865e-08
358.686593167678,-59.61222019422171,25.09942374475314,-0.07156991050086266,-1.5931042669410247,7.595858676909488e-08
358.70636355617864,-59.611603214260164,25.10775504275984,-0.07040580509269766,-1.592303487218895,7.574956648739718e-08
358.72613372791164,-59.61098706789247,25.11608628107661,-0.06924799545329242,-1.5915043574306627,7.552668562300373e-08
358.74590368611825,-59.6103717550726,25.124417459703434,-0.06809647976451555,-1.590706882997883,7.528979260210617e-08
358.7656734340393,-59.60975727575342,25.132748578640317,-0.06695125620525236,-1.5899110693406406,7.50390053154443e-08
358.7854429749147,-59.60914362988663,25.141079637887273,-0.06581232295141942,-1.58911692187755,7.477425639688112e-08
358.8052123119846,-59.608530817422775,25.14941063744428,-0.064679678175935,-1.5883244460257624,7.449547848027956e-08
358.82498144848813,-59.60791883831132,25.157741577311345,-0.06355332004875269,-1.5875336472009574,7.420283998098224e-08
358.8447503876645,-59.6073076925005,25.166072457488482,-0.06243324673683252,-1.5867445308173518,7.389622300824932e-08
358.86451913275226,-59.60669737993744,25.17440327797567,-0.06131945640415451,-1.5859571022876975,7.357559387901231e-08
358.88428768698947,-59.60608790056815,25.18273403877292,-0.06021194721172855,-1.5851713670232828,7.324108732554525e-08
358.904056053614,-59.60547925433745,25.19106473988024,-0.05911071731757123,-1.5843873304339322,7.289266966477967e-08
358.92382423586326,-59.60487144118905,25.199395381297606,-0.05801576487672206,-1.5836049979280116,7.253029037211274e-08
358.94359223697387,-59.6042644610655,25.20772596302504,-0.05692708804124712,-1.5828243749124242,7.2153983130613e-08
358.96336006018265,-59.603658313908184,25.216056485062538,-0.05584468496022077,-1.5820454667926152,7.176371425721193e-08
358.9831277087254,-59.60305299965739,25.224386947410096,-0.05476855377974915,-1.5812682789725696,7.135955111804659e-08
359.0028951858379,-59.60244851825226,25.23271735006771,-0.05369869264295064,-1.5804928168548198,7.094147687158268e-08
359.02266249475537,-59.60184486963073,25.24104769303539,-0.05263509968996091,-1.5797190858404369,7.050950835935448e-08
359.0424296387125,-59.60124205372964,25.24937797631312,-0.05157777305794642,-1.5789470913290415,7.006351084908794e-08
359.0621966209438,-59.60064007048471,25.25770819990093,-0.050526710881086234,-1.5781768387187944,6.960370328072838e-08
359.08196344468325,-59.600038919830475,25.266038363798785,-0.0494819112905782,-1.5774083334064095,6.912996776353602e-08
359.10173011316414,-59.599438601700335,25.27436846800671,-0.04844337241464872,-1.5766415807871468,6.864232113904512e-08
359.12149662961986,-59.59883911602654,25.282698512524693,-0.04741109237853607,-1.5758765862548125,6.814069604111863e-08
359.14126299728275,-59.59824046274026,25.291028497352734,-0.04638506930450949,-1.575113355201767,6.762527772663339e-08
359.16102921938534,-59.5976426417714,25.299358422490837,-0.04536530131184795,-1.5743518930189195,6.709589778024684e-08
359.18079529915923,-59.597045653048866,25.307688287939,-0.04435178651685889,-1.5735922050957325,6.655265725116451e-08
359.2005612398359,-59.59644949650031,25.31601809369722,-0.04334452303286728,-1.5728342968202216,6.59954382486466e-08
359.22032704464635,-59.595854172052285,25.324347839765508,-0.04234350897022056,-1.572078173578956,6.54243249803644e-08
359.2400927168209,-59.595259679630225,25.33267752614385,-0.0413487424362896,-1.5713238407570596,6.48393679709207e-08
359.2598582595898,-59.59466601915839,25.34100715283226,-0.04036022153546211,-1.5705713037382156,6.42405503787812e-08
359.27962367618267,-59.594073190559875,25.349336719830728,-0.03937794436914925,-1.5698205679046613,6.362778799627466e-08
359.2993889698286,-59.593481193756716,25.35766622713926,-0.03840190903578645,-1.569071638637195,6.300119871414086e-08
359.3191541437566,-59.59289002866971,25.365995674757844,-0.03743211363082537,-1.568324521315172,6.236063095857147e-08
359.3389192011948,-59.59229969521859,25.374325062686495,-0.03646855624674343,-1.56757922131651,6.17062868279776e-08
359.3586841453712,-59.591710193321916,25.382654390925204,-0.03551123497303899,-1.5668357440176879,6.103798106548243e-08
359.3784489795133,-59.5911215228971,25.390983659473978,-0.0345601478962303,-1.566094094793745,6.035583156182573e-08
359.398213706848,-59.59053368386041,25.399312868332803,-0.0336152930998604,-1.5653542790182873,5.965977095087047e-08
359.41797833060207,-59.589946676127006,25.4076420175017,-0.0326766686644909,-1.5646163020634827,5.894990028182224e-08
359.4377428540015,-59.589360499610876,25.41597110698065,-0.03174427266770839,-1.5638801693000663,5.8226118505475454e-08
359.4575072802721,-59.58877515422487,25.42430013676966,-0.03081810318411799,-1.563145886097339,5.748842562183011e-08
359.47727161263913,-59.588190639880736,25.432629106868735,-0.029898158285352354,-1.562413457823169,5.673692268009179e-08
359.49703585432735,-59.58760695648902,25.440958017277868,-0.02898443604006034,-1.561682889843994,5.597152547258917e-08
359.51680000856123,-59.58702410395917,25.449286867997067,-0.02807693451391593,-1.5609541875248198,5.5192250840856524e-08
359.5365640785647,-59.5864420821995,25.45761565902632,-0.027175651769614124,-1.5602273562292248,5.439914930949663e-08
359.5563280675612,-59.58586089111715,25.465944390365628,-0.026280585866875004,-1.559502401319357,5.359215351237245e-08
359.5760919787739,-59.58528053061814,25.474273062015012,-0.025391734862435168,-1.558779328155938,5.2771313974086745e-08
359.59585581542524,-59.58470100060737,25.48260167397445,-0.024509096810059708,-1.5580581420982618,5.193661385310528e-08
359.61561958073753,-59.58412230098855,25.490930226243943,-0.023632669760532597,-1.5573388485041995,5.108805314942805e-08
359.6353832779324,-59.583544431664286,25.499258718823505,-0.022762451761659253,-1.5566214527301954,5.022559817998652e-08
359.65514691023117,-59.58296739253607,25.50758715171312,-0.021898440858269946,-1.555905960131272,4.9349333152452005e-08
359.67491048085463,-59.582391183504186,25.5159155249128,-0.021040635092215067,-1.5551923760610276,4.8459190700687463e-08
359.6946739930231,-59.581815804467844,25.52424383842254,-0.020189032502369784,-1.5544807058716401,4.7555238190829927e-08
359.7144374499566,-59.58124125532509,25.53257209224234,-0.019343631124628537,-1.5537709549138663,4.663745878134514e-08
359.73420085487453,-59.580667535972815,25.540900286372196,-0.018504428991910224,-1.5530631285370469,4.5705751423027546e-08
359.753964210996,-59.58009464630679,25.549228420812117,-0.017671424134155303,-1.5523572320890975,4.476016664047992e-08
359.7737275215394,-59.579522586221664,25.5575564955621,-0.01684461457832769,-1.5516532709165214,4.3800839165976345e-08
359.79349078972297,-59.5789513556109,25.565884510622137,-0.016023998348411367,-1.5509512503644054,4.282755005957144e-08
359.8132540187643,-59.57838095436687,25.574212465992243,-0.015209573465413916,-1.5502511757764177,4.1840484578142065e-08
359.83301721188064,-59.5778113823808,25.582540361672404,-0.014401337947366432,-1.549553052494813,4.083957535555118e-08
359.8527803722887,-59.577242639542774,25.590868197662637,-0.013599289809319955,-1.548856885860433,3.982482239179878e-08
359.8725435032048,-59.57667472574172,25.599195973962914,-0.012803427063347734,-1.5481626812127094,3.87962593699534e-08
