galstreams/tracks/track.st.M92.ibata2021.ecsv
# %ECSV 0.9
# ---
# datatype:
# - {name: ra, unit: deg, datatype: float64}
# - {name: dec, unit: deg, datatype: float64}
# - {name: distance, unit: kpc, datatype: float64}
# - {name: pm_ra_cosdec, unit: mas / yr, datatype: float64}
# - {name: pm_dec, unit: mas / yr, datatype: float64}
# - {name: radial_velocity, unit: km / s, datatype: float64}
# delimiter: ','
# meta: !!omap
# - __serialized_columns__:
#     dec:
#       __class__: astropy.coordinates.angles.Latitude
#       unit: &id001 !astropy.units.Unit {unit: deg}
#       value: !astropy.table.SerializedColumn {name: dec}
#     distance:
#       __class__: astropy.coordinates.distances.Distance
#       unit: !astropy.units.Unit {unit: kpc}
#       value: !astropy.table.SerializedColumn {name: distance}
#     pm_dec:
#       __class__: astropy.units.quantity.Quantity
#       unit: !astropy.units.Unit {unit: mas / yr}
#       value: !astropy.table.SerializedColumn {name: pm_dec}
#     pm_ra_cosdec:
#       __class__: astropy.units.quantity.Quantity
#       unit: !astropy.units.Unit {unit: mas / yr}
#       value: !astropy.table.SerializedColumn {name: pm_ra_cosdec}
#     ra:
#       __class__: astropy.coordinates.angles.Longitude
#       unit: *id001
#       value: !astropy.table.SerializedColumn {name: ra}
#       wrap_angle: !astropy.coordinates.Angle
#         unit: *id001
#         value: 360.0
#     radial_velocity:
#       __class__: astropy.units.quantity.Quantity
#       unit: !astropy.units.Unit {unit: km / s}
#       value: !astropy.table.SerializedColumn {name: radial_velocity}
# schema: astropy-2.0
ra,dec,distance,pm_ra_cosdec,pm_dec,radial_velocity
[from data line 1519]
267.185727418218,39.64808799642646,8.995045015714265,-4.768381106488081,0.42555693641509956,-1.6841534259744676e-14
267.1971699976625,39.64366636391375,8.992662922705964,-4.7689672642583805,0.42779129929160237,4.4209027431829774e-14
267.20861797484616,39.63925005187236,8.99027308494957,-4.769556722937936,0.43002984062941507,5.894536990910637e-14
267.2200713680499,39.63483907404652,8.98787549307324,-4.770149484792497,0.4322725697116846,-1.0525958912340423e-14
267.23153019556133,39.63043344417335,8.985470137705143,-4.770745552081289,0.43451949582459215,-3.368306851948935e-14
267.2429944756748,39.62603317598292,8.983057009473448,-4.771344927056998,0.43677062825737,4.631421921429786e-14
267.2544642266915,39.621638283198166,8.980636099006322,-4.7719476119657775,0.43902597630231244,6.73661370389787e-14
267.2659394669192,39.61724877953492,8.97820739693193,-4.772553609047215,0.44128554925477104,7.578690416885104e-14
267.2774202146726,39.61286467870186,8.975770893878439,-4.773162920534329,0.44354935641317184,-2.4209705498382972e-14
267.28890648827297,39.608485994400596,8.973326580474016,-4.7737755486535605,0.4458174070790112,8.841805486365955e-14
267.3003983060487,39.60411274032553,8.970874447346826,-4.774391495624754,0.4480897105568847,1.7894130150978717e-14
267.31189568633476,39.59974493016399,8.968414485125036,-4.775010763661147,0.4503662761544702,3.368306851948935e-14
267.323398647473,39.59538257759608,8.965946684436817,-4.775633354969358,0.45264711318255346,-3.789345208442552e-14
267.33490720781214,39.5910256962948,8.96347103591033,-4.776259271749381,0.45493223095502655,7.789209595131913e-14
267.34642138570786,39.586674299925924,8.960987530173739,-4.776888516194557,0.45722163878890554,2.5262301389617013e-14
267.3579411995226,39.58232840214813,8.95849615785522,-4.777521090491579,0.45951534600431976,1.0104920555846805e-13
267.3694666676258,39.57798801661282,8.955996909582938,-4.7781569968204645,0.4618133619245417,-1.2631150694808506e-14
267.3809978083937,39.573653156964276,8.953489775985048,-4.778796237354559,0.46411569587597556,-4.4209027431829774e-14
267.3925346402096,39.56932383683952,8.95097474768973,-4.779438814260507,0.4664223571881768,0.0
267.4040771814637,39.56500006986841,8.948451815325146,-4.780084729698247,0.46873335519385906,-5.0524602779234026e-14
267.41562545055314,39.560681869673544,8.945920969519456,-4.7807339858210085,0.4710486992288943,6.947132882144679e-14
267.4271794658822,39.55636924987034,8.94338220090084,-4.781386584775272,0.4733683986323336,1.0525958912340423e-14
267.43873924586205,39.552062224066944,8.940835500097453,-4.782042528700791,0.47569246274639754,-1.2631150694808506e-14
267.4503048089108,39.547760805864286,8.938280857737466,-4.782701819730556,0.4780209009164986,2.947268495455318e-14
267.4618761734538,39.54346500885601,8.935718264449045,-4.783364459990782,0.4803537224912457,5.4734986344170195e-14
267.47345335792335,39.53917484662855,8.933147710860359,-4.7840304516009065,0.4826909368224455,5.0524602779234026e-14
267.4850363807588,39.534890332761016,8.93056918759957,-4.784699796673573,0.4850325532651218,-6.105056169157445e-14
267.49662526040663,39.530611480825314,8.927982685294847,-4.785372497314611,0.48737858117750354,7.999728773378721e-14
267.5082200153205,39.526338304385966,8.925388194574358,-4.786048555623029,0.48972902992106243,8.631286308119147e-14
267.51982066396107,39.5220708170003,8.92278570606627,-4.786727973691009,0.49208390886049536,2.5262301389617013e-14
267.5314272247963,39.517809032218295,8.920175210398746,-4.787410753603873,0.49444322736373825,7.789209595131913e-14
267.54303971630117,39.51355296358261,8.917556698199952,-4.788096897440096,0.4968069948019861,3.157787673702127e-14
267.5546581569579,39.50930262462861,8.914930160098063,-4.788786407271264,0.49917522054968066,3.5788260301957434e-14
267.5662825652559,39.505058028884335,8.912295586721234,-4.789479285162083,0.5015479139845377,1.894672604221276e-14
267.5779129596919,39.50081918987046,8.909652968697639,-4.7901755331703635,0.503925084487544,-8.420767129872338e-15
267.5895493587697,39.49658612110035,8.907002296655442,-4.790875153346994,0.5063067414429648,5.894536990910637e-14
267.6011917810005,39.492358836079994,8.904343561222811,-4.7915781477359385,0.5086928942383643,-2.5262301389617013e-14
267.6128402449027,39.48813734830804,8.901676753027912,-4.792284518374223,0.5110835522645911,-1.473634247727659e-14
267.62449476900196,39.48392167127574,8.899001862698912,-4.792994267291914,0.5134787249158085,0.0
267.6361553718313,39.47971181846699,8.896318880863975,-4.7937073965121195,0.5158784215894927,2.315710960714893e-14
267.6478220719311,39.47550780335828,8.893627798151273,-4.794423908050953,0.518282651686437,5.0524602779234026e-14
267.65949488784906,39.47130963941873,8.890928605188968,-4.795143803917549,0.5206914246107721,-2.1051917824680846e-14
267.6711738381402,39.46711734011003,8.888221292605223,-4.7958670861140265,0.5231047497699581,-2.947268495455318e-14
267.68285894136693,39.46293091888647,8.885505851028213,-4.796593756635478,0.5255226365748035,2.5262301389617013e-14
267.6945502160991,39.45875038919491,8.882782271086105,-4.797323817469966,0.5279450944394729,9.052324664612763e-14
267.70624768091403,39.454575764474775,8.880050543407059,-4.798057270598508,0.5303721327814945,6.73661370389787e-14
267.7179513543964,39.45040705815808,8.877310658619244,-4.798794117995054,0.5328037610217611,4.8419410996765944e-14
267.7296612551383,39.446244283669344,8.874562607350825,-4.799534361626474,0.5352399885845486,1.0525958912340423e-14
267.7413774017394,39.44208745442565,8.871806380229973,-4.800278003452553,0.5376808248975137,-1.0525958912340423e-14
267.7530998128068,39.43793658383663,8.869041967884847,-4.801025045425973,0.5401262793917135,-2.947268495455318e-14
267.7648285069551,39.433791685304406,8.866269360943624,-4.801775489492291,0.542576361501605,-2.7367493172085098e-14
267.7765635028066,39.42965277222365,8.863488550034463,-4.802529337589937,0.5450310806650549,-2.5262301389617013e-14
267.78830481899087,39.42551985798151,8.860699525785531,-4.803286591650194,0.5474904463233514,1.2631150694808506e-14
267.8000524741452,39.42139295595764,8.857902278824996,-4.804047253597179,0.5499544679212095,8.841805486365955e-14
267.8118064869147,39.417272079524196,8.855096799781029,-4.804811325347848,0.5524231549067815,-7.789209595131913e-14
267.8235668759515,39.4131572420458,8.852283079281788,-4.805578808811953,0.5548965167316526,5.894536990910637e-14
267.835333659916,39.409048456879525,8.849461107955447,-4.806349705892055,0.5573745628508779,-4.210383564936169e-14
267.8471068574758,39.40494573737494,8.84663087643017,-4.8071240184834885,0.5598573027229551,3.9998643866893604e-14
267.85888648730645,39.40084909687402,8.84379237533412,-4.807901748474366,0.5623447458098649,-5.894536990910637e-14
267.87067256809087,39.39675854871124,8.84094559529547,-4.808682897745548,0.5648369015770522,-8.420767129872338e-15
267.88246511852003,39.39267410621346,8.838090526942379,-4.809467468170642,0.5673337794934564,-2.1051917824680846e-14
267.89426415729235,39.38859578269998,8.835227160903024,-4.810255461615968,0.5698353890315027,3.157787673702127e-14
267.9060697031142,39.384523591482505,8.832355487805563,-4.811046879940569,0.5723417396671233,6.105056169157445e-14
267.91788177469965,39.38045754586515,8.82947549827816,-4.811841724996184,0.5748528408797611,-1.894672604221276e-14
267.92970039077034,39.376397659144416,8.826587182948995,-4.812639998627229,0.5773687021523699,5.0524602779234026e-14
267.94152557005606,39.37234394460919,8.823690532446221,-4.813441702670792,0.5798893329714405,-6.526094525651062e-14
267.95335733129417,39.36829641554077,8.820785537398011,-4.814246838956609,0.5824147428269839,5.0524602779234026e-14
267.96519569323,39.36425508521276,8.81787218843253,-4.81505540930706,0.5849449412125735,-1.894672604221276e-14
267.97704067461655,39.36021996689117,8.814950476177948,-4.815867415537143,0.587479937625315,1.0946997268834039e-13
267.988892294215,39.35619107383432,8.812020391262426,-4.816682859454471,0.5900197415658919,4.8419410996765944e-14
268.00075057079425,39.35216841929289,8.809081924314134,-4.817501742859248,0.5925643625385427,3.368306851948935e-14
268.01261552313105,39.34815201650987,8.806135065961236,-4.818324067544255,0.5951138100510909,-3.9998643866893604e-14
268.0244871700102,39.3441418787206,8.803179806831901,-4.81914983529484,0.5976680936149364,1.894672604221276e-14
268.03636553022454,39.3401380191527,8.800216137554298,-4.819979047888898,0.600227222745086,1.2631150694808506e-14
268.04825062257464,39.33614045102609,8.797244048756585,-4.820811707096863,0.6027912069601382,4.210383564936169e-15
268.0601424658693,39.33214918755298,8.794263531066937,-4.821647814681684,0.6053600557823058,6.73661370389787e-14
268.0720410789253,39.32816424193787,8.791274575113516,-4.822487372398812,0.6079337787374226,-3.368306851948935e-14
268.0839464805672,39.32418562737752,8.788277171524495,-4.823330381996195,0.6105123853549452,6.315575347404253e-15
268.095858689628,39.32021335706095,8.785271310928033,-4.82417684521425,0.6130958851679719,1.0525958912340423e-14
268.1077777249487,39.316247444169434,8.782256983952298,-4.82502676378585,0.6156842877132422,-1.894672604221276e-14
268.11970360537805,39.31228790187647,8.779234181225458,-4.825880139436317,0.6182776025311505,3.9998643866893604e-14
268.13163634977343,39.3083347433478,8.776202893375682,-4.826736973883398,0.6208758391657525,2.1051917824680846e-14
268.14357597699995,39.30438798174139,8.773163111031133,-4.827597268837255,0.6234790071647768,-3.157787673702127e-14
268.1555225059312,39.3004476302074,8.770114824819979,-4.828461026000443,0.6260871160796253,-4.210383564936169e-14
268.1674759554486,39.29651370188819,8.767058025370389,-4.829328247067902,0.6287001754653906,-3.789345208442552e-14
268.1794363444421,39.29258620991833,8.763992703310523,-4.830198933726943,0.6313181948808653,-5.6840178126638284e-14
268.1914036918097,39.288665167424554,8.76091884926855,-4.831073087657217,0.6339411838885368,7.157652060391487e-14
268.2033780164577,39.28475058752576,8.757836453872644,-4.83195071053072,0.6365691520546207,2.315710960714893e-14
268.2153593373007,39.280842483333004,8.754745507750961,-4.832831804011764,0.6392021089490412,1.0525958912340423e-14
268.2273476732614,39.27694086794951,8.751646001531673,-4.833716369756964,0.6418400641454578,7.578690416885104e-14
268.23934304327116,39.27304575447063,8.748537925842948,-4.834604409415226,0.6444830272212738,6.315575347404253e-15
268.2513454662693,39.26915715598383,8.74542127131295,-4.835495924627724,0.6471310077576335,-3.157787673702127e-14
268.2633549612036,39.26527508556871,8.742296028569845,-4.836390917027896,0.6497840153394413,-1.473634247727659e-14
268.2753715470304,39.26139955629698,8.7391621882418,-4.837289388241411,0.6524420595553658,-2.947268495455318e-14
268.28739524271407,39.25753058123243,8.736019740956982,-4.838191339886173,0.6551051499978503,2.5262301389617013e-14
268.29942606722784,39.25366817343096,8.732868677343559,-4.839096773572289,0.657773296263126,-3.789345208442552e-14
268.31146403955296,39.24981234594054,8.729708988029698,-4.84000569090206,0.6604465079512045,2.947268495455318e-14
268.3235091786794,39.24596311180118,8.726540663643563,-4.840918093469963,0.663124794665908,-1.473634247727659e-14
268.33556150360545,39.24212048404498,8.723363694813317,-4.84183398286264,0.6658081660148636,2.315710960714893e-14
268.347621033338,39.23828447569608,8.720178072167137,-4.842753360658869,0.6684966316095142,6.315575347404253e-15
268.3596877868924,39.234455099770635,8.716983786333184,-4.843676228429567,0.6711902010651349,2.315710960714893e-14
268.3717617832925,39.23063236927682,8.713780827939619,-4.844602587737759,0.673888884000831,8.631286308119147e-14
268.3838430415709,39.22681629721488,8.710569187614615,-4.845532440138562,0.6765926900395571,1.473634247727659e-14
268.3959315807686,39.22300689657698,8.707348855986343,-4.846465787179172,0.6793016288081146,-2.5262301389617013e-14
268.40802741993514,39.219204180347354,8.70411982368296,-4.847402630398858,0.6820157099371704,4.210383564936169e-15
268.4201305781289,39.215408161502154,8.700882081332637,-4.848342971328928,0.6847349430612644,1.894672604221276e-14
268.4322410744168,39.211618853009554,8.697635619563542,-4.8492868114927195,0.6874593378188105,4.631421921429786e-14
268.4443589278744,39.20783626782965,8.694380429003834,-4.850234152405587,0.6901889038521165,2.315710960714893e-14
268.4564841575861,39.20406041891451,8.691116500281689,-4.851184995574882,0.6929236508073873,-3.9998643866893604e-14
268.4686167826447,39.20029131920813,8.687843824025268,-4.8521393424999335,0.6956635883347264,-2.1051917824680846e-14
268.48075682215205,39.19652898164642,8.684562390862745,-4.853097194672034,0.6984087260881598,-2.1051917824680845e-15
268.4929042952186,39.19277341915727,8.681272191422279,-4.8540585535744265,0.7011590737256377,6.105056169157445e-14
268.5050592209637,39.18902464466039,8.677973216332036,-4.8550234206822855,0.7039146409090442,-1.473634247727659e-14
268.51722161851524,39.185282671067434,8.674665456220186,-4.855991797462693,0.7066754373041954,6.947132882144679e-14
268.52939150701036,39.18154751128193,8.671348901714898,-4.85696368537463,0.7094414725808742,-6.315575347404253e-15
268.54156890559454,39.177819178199286,8.668023543444331,-4.8579390858689635,0.7122127564128075,4.8419410996765944e-14
268.55375383342255,39.17409768470676,8.66468937203666,-4.858918000388408,0.7149892984777051,-6.947132882144679e-14
268.56594630965776,39.170383043683465,8.661346378120045,-4.859900430367542,0.7177711084572405,5.0524602779234026e-14
268.5781463534727,39.166675268000354,8.65799455232266,-4.860886377232755,0.7205581960370868,5.4734986344170195e-14
268.59035398404865,39.16297437052022,8.65463388527266,-4.861875842402264,0.7233505709069097,-6.105056169157445e-14
268.6025692205758,39.15928036409764,8.651264367598221,-4.862868827286066,0.72614824276037,6.105056169157445e-14
268.6147920822536,39.155593261579035,8.64788598992751,-4.863865333285945,0.7289512212951603,-4.8419410996765944e-14
268.6270225882901,39.151913075802604,8.644498742888688,-4.864865361795439,0.7317595162129781,6.315575347404253e-15
268.6392607579028,39.14823981959834,8.64110261710992,-4.865868914199835,0.734573137219565,7.368171238638296e-14
268.65150661031794,39.144573505787996,8.637697603219383,-4.866875991876132,0.737392094024702,3.789345208442552e-14
268.66376016477096,39.14091414718507,8.634283691845235,-4.867886596193051,0.7402163963422158,8.21024795162553e-14
268.67602144050636,39.13726175659485,8.630860873615642,-4.868900728510995,0.7430460538899977,-2.947268495455318e-14
268.68829045677774,39.133616346814364,8.62742913915878,-4.869918390182038,0.7458810763900008,1.6841534259744676e-14
268.7005672328478,39.12997793063229,8.623988479102804,-4.870939582549918,0.7487214735682629,3.789345208442552e-14
268.71285178798854,39.126346520829124,8.620538884075888,-4.871964306949999,0.7515672551549044,3.5788260301957434e-14
268.72514414148105,39.122722130176996,8.617080344706196,-4.872992564709274,0.7544184308841458,2.315710960714893e-14
268.7374443126156,39.119104771439765,8.613612851621895,-4.874024357146331,0.7572750104943067,4.210383564936169e-14
268.74975232069175,39.11549445737294,8.61013639545115,-4.875059685571344,0.7601370037278264,-6.315575347404253e-15
268.7620681850182,39.111891200723726,8.606650966822128,-4.876098551286057,0.7630044203312634,-2.315710960714893e-14
268.7743919249131,39.10829501423098,8.603156556363,-4.877140955583757,0.7658772700553109,5.894536990910637e-14
268.7867235597038,39.104705910625206,8.599653154701928,-4.878186899749263,0.7687555626548068,2.1051917824680845e-15
268.79906310872695,39.101123902628515,8.596140752467079,-4.879236385058907,0.7716393078887351,8.420767129872338e-15
268.8114105913286,39.0975490029547,8.592619340286621,-4.880289412780516,0.7745285155202417,-4.210383564936169e-15
