galstreams/tracks/track.st.Gaia-8.ibata2021.ecsv
# %ECSV 1.0
# ---
# datatype:
# - {name: ra, unit: deg, datatype: float64}
# - {name: dec, unit: deg, datatype: float64}
# - {name: distance, unit: kpc, datatype: float64}
# - {name: pm_ra_cosdec, unit: mas / yr, datatype: float64}
# - {name: pm_dec, unit: mas / yr, datatype: float64}
# - {name: radial_velocity, unit: km / s, datatype: float64}
# delimiter: ','
# meta: !!omap
# - __serialized_columns__:
#     dec:
#       __class__: astropy.coordinates.angles.Latitude
#       unit: &id001 !astropy.units.Unit {unit: deg}
#       value: !astropy.table.SerializedColumn {name: dec}
#     distance:
#       __class__: astropy.coordinates.distances.Distance
#       unit: !astropy.units.Unit {unit: kpc}
#       value: !astropy.table.SerializedColumn {name: distance}
#     pm_dec:
#       __class__: astropy.units.quantity.Quantity
#       unit: !astropy.units.Unit {unit: mas / yr}
#       value: !astropy.table.SerializedColumn {name: pm_dec}
#     pm_ra_cosdec:
#       __class__: astropy.units.quantity.Quantity
#       unit: !astropy.units.Unit {unit: mas / yr}
#       value: !astropy.table.SerializedColumn {name: pm_ra_cosdec}
#     ra:
#       __class__: astropy.coordinates.angles.Longitude
#       unit: *id001
#       value: !astropy.table.SerializedColumn {name: ra}
#       wrap_angle: !astropy.coordinates.Angle
#         unit: *id001
#         value: 360.0
#     radial_velocity:
#       __class__: astropy.units.quantity.Quantity
#       unit: !astropy.units.Unit {unit: km / s}
#       value: !astropy.table.SerializedColumn {name: radial_velocity}
# schema: astropy-2.0
ra,dec,distance,pm_ra_cosdec,pm_dec,radial_velocity
181.7066673335037,-24.91907209542044,7.467913092473268,-10.122257632629319,-8.529467589752397,121.12033301236772
181.71690588303798,-24.91489348253308,7.466089006352206,-10.119341112152904,-8.52909038257426,120.89797504814648
181.72714142541378,-24.910711176835107,7.4642689241919555,-10.116432319302731,-8.528714742568365,120.67749212742149
181.73737396233352,-24.906525181826492,7.462452842344653,-10.113531245405179,-8.528340669071198,120.45888075302386
181.74760349550138,-24.902335501006295,7.460640757162424,-10.11063788178758,-8.52796816141487,120.24213742778491
181.75783002662317,-24.898142137872746,7.458832664997404,-10.10775221977824,-8.52759721892703,120.02725865453542
181.7680535574064,-24.893945095923115,7.457028562201721,-10.10487425070644,-8.527227840930946,119.81424093610671
181.77827408956037,-24.88974437865377,7.455228445127513,-10.102003965902394,-8.526860026745464,119.60308077532987
181.7884916247959,-24.885539989560172,7.453432310126906,-10.099141356697304,-8.526493775685019,119.39377467503606
181.7987061648257,-24.88133193213692,7.451640153552031,-10.096286414423343,-8.526129087059672,119.18631913805622
181.80891771136393,-24.877120209877678,7.44985197175502,-10.093439130413628,-8.525765960175066,118.98071066722179
181.81912626612666,-24.87290482627521,7.448067761088009,-10.09059949600225,-8.52540439433245,118.77694576536359
181.8293318308315,-24.868685784821377,7.446287517903125,-10.087767502524274,-8.525044388828706,118.57502093531282
181.8395344071977,-24.86446308900721,7.444511238552501,-10.084943141315716,-8.524685942956307,118.37493267990067
181.84973399694624,-24.860236742322765,7.442738919388267,-10.082126403713579,-8.524329056003372,118.17667750195837
181.85993060179985,-24.85600674825721,7.440970556762557,-10.07931728105581,-8.523973727253633,117.98025190431662
181.87012422348275,-24.851773110298836,7.439206147027504,-10.076515764681325,-8.52361995598645,117.78565238980703
181.88031486372103,-24.847535831935033,7.437445686535233,-10.073721845930033,-8.523267741476834,117.5928754612604
181.89050252424224,-24.843294916652273,7.435689171637882,-10.070935516142772,-8.522917082995411,117.40191762150795
181.90068720677579,-24.839050367936128,7.433936598687579,-10.068156766661371,-8.522567979808477,117.21277537338088
181.91086891305244,-24.834802189271354,7.432187964036455,-10.065385588828626,-8.522220431177939,117.02544521971025
181.92104764480496,-24.830550384141727,7.4304432640366445,-10.062621973988286,-8.52187443636139,116.83992366332711
181.93122340376755,-24.826294956030143,7.428702495040279,-10.059865913485076,-8.521529994612058,116.65620720706278
181.94139619167615,-24.822035908418613,7.426965653399486,-10.057117398664698,-8.521187105178848,116.47429235374804
181.95156601026827,-24.817773244788256,7.425232735466401,-10.054376420873801,-8.520845767306314,116.29417560621434
181.9617328612831,-24.813506968619286,7.423503737593154,-10.051642971460021,-8.520505980234688,116.11585346729265
181.9718967464616,-24.809237083391004,7.421778656131877,-10.04891704177195,-8.520167743199877,115.93932243981409
181.98205766754606,-24.804963592581917,7.420057487434699,-10.046198623159157,-8.51983105543345,115.76457902660972
181.99221562628065,-24.800686499669524,7.418340227853754,-10.04348770697218,-8.519495916162674,115.59161973051094
182.00237062441118,-24.796405808130476,7.416626873741175,-10.040784284562507,-8.519162324610493,115.42044105434846
182.01252266368493,-24.79212152144053,7.414917421449091,-10.038088347282624,-8.518830279995546,115.25103950095381
182.02267174585094,-24.78783364307456,7.413211867329633,-10.035399886485964,-8.518499781532167,115.08341157315776
182.03281787265982,-24.78354217650654,7.411510207734933,-10.032718893526937,-8.518170828430385,114.91755377379168
182.0429610458638,-24.779247125209547,7.409812439017127,-10.03004535976092,-8.51784341989593,114.75346260568661
182.05310126721682,-24.774948492655746,7.408118557528339,-10.02737927654426,-8.517517555130254,114.59113457167372
182.06323853847425,-24.770646282316513,7.406428559620706,-10.024720635234281,-8.517193233330497,114.43056617458404
182.07337286139324,-24.76634049766222,7.4047424416463565,-10.022069427189267,-8.516870453689535,114.27175391724863
182.08350423773248,-24.762031142162403,7.403060199957423,-10.019425643768475,-8.516549215395948,114.11469430249863
182.09363266925226,-24.757718219285692,7.40138183090604,-10.016789276332132,-8.516229517634056,113.9593838331655
182.10375815771457,-24.753401732499846,7.3997073308443335,-10.014160316241437,-8.5159113595839,113.80581901207992
182.1138807048829,-24.74908168527172,7.398036696124438,-10.011538754858556,-8.515594740421259,113.65399634207303
182.1240003125224,-24.744758081067253,7.396369923098487,-10.008924583546625,-8.515279659317638,113.50391232597619
182.13411698239972,-24.740430923351603,7.394707008118607,-10.00631779366976,-8.514966115440291,113.3555634666206
182.14423071628323,-24.736100215588948,7.3930479475369335,-10.003718376593033,-8.514654107952216,113.20894626683709
182.15434151594283,-24.731765961242584,7.3913927377055995,-10.001126323682497,-8.514343636012168,113.06405722945695
182.16444938315007,-24.727428163774967,7.38974137497673,-9.99854162630518,-8.51403469877465,112.92089285731126
182.17455431967798,-24.723086826647616,7.388093855702461,-9.995964275829069,-8.513727295389916,112.77944965323115
182.18465632730133,-24.7187419533212,7.386450176234925,-9.993394263623124,-8.513421425004001,112.63972412004767
182.1947554077963,-24.714393547255497,7.384810332926251,-9.990831581057284,-8.513117086758692,112.50171276059203
182.20485156294077,-24.710041611909368,7.383174322128571,-9.98827621950245,-8.512814279791558,112.36541207769534
182.2149447945142,-24.705686150740892,7.381542140194019,-9.98572817033051,-8.51251300323593,112.23081857418866
182.2250351042975,-24.701327167207143,7.379913783474723,-9.983187424914309,-8.512213256220932,112.09792875290313
182.23512249407327,-24.696964664764387,7.378289248322815,-9.98065397462767,-8.511915037871463,111.96673911666994
182.24520696562573,-24.69259864686797,7.376668531090427,-9.97812781084538,-8.511618347308223,111.8372461683199
182.2552885207405,-24.688229116972376,7.375051628129694,-9.975608924943206,-8.511323183647683,111.70944641068479
182.26536716120492,-24.68385607853121,7.373438535792741,-9.973097308297897,-8.51102954600214,111.58333634659506
182.27544288880785,-24.679479534997142,7.3718292504317064,-9.970592952287141,-8.510737433479669,111.4589124788823
182.28551570533958,-24.67509948982208,7.370223768398718,-9.968095848289636,-8.510446845184148,111.33617131037732
182.29558561259216,-24.67071594645696,7.368622086045907,-9.96560598768504,-8.510157780215287,111.21510934391131
182.3056526123591,-24.666328908351847,7.367024199725404,-9.963123361853961,-8.509870237668592,111.09572308231546
182.31571670643544,-24.66193837895595,7.365430105789344,-9.960647962178015,-8.509584216635396,110.97800902842103
182.3257778966178,-24.65754436171757,7.363839800589856,-9.95817978003977,-8.509299716202845,110.86196368505877
182.3358361847044,-24.65314686008417,7.362253280479072,-9.955718806822762,-8.509016735453924,110.74758355506012
182.34589157249493,-24.64874587750227,7.360670541809124,-9.953265033911519,-8.508735273467437,110.63486514125594
182.35594406179058,-24.644341417417625,7.359091580932142,-9.95081845269153,-8.50845532931803,110.52380494647767
182.36599365439417,-24.639933483275005,7.35751639420026,-9.948379054549251,-8.508176902076181,110.41439947355613
182.3760403521101,-24.635522078518356,7.355944977965608,-9.945946830872124,-8.507899990808225,110.30664522532264
182.38608415674418,-24.631107206590727,7.354377328580318,-9.943521773048566,-8.507624594576335,110.20053870460815
182.39612507010384,-24.6266888709343,7.352813442396521,-9.941103872467947,-8.50735071243853,110.09607641424408
182.40616309399798,-24.622267074990383,7.351253315766348,-9.938693120520629,-8.507078343448706,109.99325485706123
182.41619823023711,-24.617841822199402,7.3496969450419325,-9.936289508597936,-8.506807486656596,109.89207053589071
182.42623048063322,-24.6134131160009,7.348144326575403,-9.933893028092173,-8.506538141107814,109.79251995356402
182.43625984699975,-24.608980959833612,7.346595456718894,-9.931503670396625,-8.506270305843834,109.69459961291187
182.44628633115175,-24.604545357135304,7.345050331824537,-9.929121426905535,-8.506003979902005,109.59830601676569
182.4563099349058,-24.600106311342934,7.3435089482444615,-9.926746289014124,-8.505739162315558,109.50363566795633
182.46633066007993,-24.595663825892558,7.3419713023307995,-9.924378248118597,-8.505475852113602,109.41058506931496
182.47634850849377,-24.59121790421937,7.3404373904356826,-9.922017295616119,-8.505214048321132,109.31915072367285
182.4863634819683,-24.58676854975769,7.338907208911243,-9.919663422904836,-8.504953749959032,109.22932913386104
182.4963755823263,-24.582315765940947,7.33738075410961,-9.917316621383867,-8.504694956044085,109.14111680271074
182.50638481139168,-24.57785955620177,7.335858022382919,-9.914976882453304,-8.50443766558896,109.05451023305291
182.51639117099012,-24.573399923971834,7.334339010083299,-9.912644197514215,-8.504181877602242,108.96950592771864
182.52639466294872,-24.568936872682,7.332823713562879,-9.910318557968646,-8.503927591088422,108.88610038953928
182.53639528909605,-24.564470405762208,7.331312129173798,-9.907999955219594,-8.503674805047886,108.80429012134594
182.54639305126227,-24.560000526641574,7.329804253268183,-9.90568838067106,-8.503423518476964,108.72407162596934
182.55638795127894,-24.555527238748336,7.3283000821981625,-9.90338382572801,-8.50317373036788,108.64544140624115
182.56637999097907,-24.551050545509852,7.326799612315872,-9.901086281796376,-8.50292543970879,108.56839596499216
182.57636917219742,-24.546570450352593,7.325302839973441,-9.898795740283074,-8.502678645483789,108.49293180505349
182.5863554967698,-24.542086956702235,7.3238097615230044,-9.896512192595976,-8.502433346672873,108.41904542925649
182.59633896653395,-24.537600067983526,7.322320373316691,-9.894235630143955,-8.502189542252015,108.34673334043195
182.60631958332874,-24.53310978762035,7.32083467170663,-9.891966044336844,-8.501947231193096,108.27599204141126
182.61629734899475,-24.528616119035757,7.319352653044958,-9.889703426585443,-8.50170641246396,108.20681803502539
182.6262722653739,-24.524119065651888,7.317874313683804,-9.887447768301541,-8.501467085028391,108.13920782410553
182.63624433430974,-24.51961863089006,7.316399649975298,-9.885199060897895,-8.501229247846135,108.0731579114826
182.6462135576471,-24.515114818170673,7.314928658271576,-9.882957295788232,-8.500992899872882,108.00866479998815
182.65617993723234,-24.51060763091336,7.313461334924765,-9.880722464387262,-8.500758040060292,107.94572499245294
182.66614347491333,-24.506097072536797,7.311997676286998,-9.878494558110665,-8.50052466735599,107.88433499170834
182.67610417253945,-24.501583146458835,7.310537678710406,-9.876273568375096,-8.500292780703571,107.82449130058512
182.68606203196137,-24.49706585609645,7.309081338547123,-9.87405948659818,-8.500062379042598,107.76619042191481
182.6960170550314,-24.492545204865767,7.307628652149279,-9.871852304198523,-8.499833461308624,107.7094288585283
182.70596924360325,-24.488021196182036,7.306179615869001,-9.86965201259571,-8.499606026433176,107.6542031132567
182.71591859953205,-24.48349383345963,7.304734226058429,-9.867458603210276,-8.499380073343767,107.60050968893121
182.72586512467433,-24.478963120112148,7.303292479069689,-9.865272067463767,-8.499155600963904,107.54834508838285
182.73580882088817,-24.474429059552232,7.301854371254913,-9.863092396778681,-8.498932608213085,107.49770581444285
182.74574969003305,-24.469891655191702,7.300419898966235,-9.86091958257848,-8.498711094006808,107.44858836994224
182.75568773396995,-24.465350910441508,7.298989058555784,-9.858753616287636,-8.498491057256576,107.4009892577123
182.7656229545612,-24.46080682871175,7.297561846375691,-9.856594489331563,-8.498272496869907,107.35490498058391
182.77555535367063,-24.456259413411672,7.296138258778088,-9.854442193136661,-8.498055411750313,107.3103320413884
182.7854849331635,-24.45170866794964,7.294718292115112,-9.8522967191303,-8.497839800797333,107.26726694295675
182.79541169490653,-24.447154595733156,7.293301942738886,-9.850158058740838,-8.497625662906533,107.22570618812033
182.8053356407678,-24.44259720016895,7.291889207001545,-9.848026203397595,-8.497412996969478,107.18564627970981
182.8152567726168,-24.438036484662796,7.290480081255224,-9.845901144530867,-8.497201801873784,107.14708372055681
182.8251750923246,-24.433472452619643,7.2890745618520505,-9.843782873571927,-8.49699207650309,107.11001501349213
182.83509060176354,-24.428905107443594,7.287672645144156,-9.841671381953025,-8.496783819737084,107.07443666134697
182.8450033028075,-24.424334452537888,7.286274327483674,-9.839566661107382,-8.496577030451471,107.04034516695245
182.85491319733168,-24.419760491304903,7.284879605222734,-9.837468702469181,-8.496371707518021,107.00773703313968
182.86482028721275,-24.415183227146183,7.283488474713469,-9.835377497473615,-8.496167849804543,106.97660876273977
182.8747245743288,-24.41060266346236,7.282100932308009,-9.833293037556807,-8.49596545617491,106.94695685858396
182.88462606055927,-24.406018803653332,7.280716974358487,-9.831215314155891,-8.495764525489028,106.9187778235032
182.8945247477851,-24.40143165111803,7.279336597217036,-9.829144318708948,-8.495565056602889,106.89206816032869
182.9044206378886,-24.396841209254585,7.2779597972357815,-9.82708004265506,-8.495367048368546,106.86682437189144
182.91431373275344,-24.392247481460256,7.27658657076686,-9.825022477434262,-8.495170499634108,106.84304296102295
182.9242040342648,-24.38765047113145,7.275216914162407,-9.822971614487559,-8.494975409243771,106.82072043055382
182.9340915443091,-24.383050181663737,7.273850823774544,-9.82092744525696,-8.494781776037808,106.7998532833156
182.94397626477436,-24.378446616451793,7.27248829595541,-9.818889961185414,-8.49458959885257,106.78043802213917
182.9538581975498,-24.37383977888955,7.271129327057131,-9.816859153716875,-8.494398876520492,106.7624711498558
182.96373734452618,-24.369229672369976,7.269773913431845,-9.81483501429624,-8.494209607870093,106.74594916929635
182.97361370759555,-24.364616300285242,7.268422051431679,-9.812817534369406,-8.494021791726013,106.73086858329219
182.98348728865145,-24.359999666026656,7.267073737408766,-9.810806705383232,-8.493835426908957,106.71722589467434
182.99335808958867,-24.355379772984698,7.265728967715235,-9.808802518785555,-8.493650512235758,106.70501760627408
183.00322611230354,-24.350756624548957,7.264387738703223,-9.806804966025178,-8.493467046519342,106.69424022092215
183.01309135869366,-24.346130224108194,7.263050046724856,-9.804814038551884,-8.493285028568755,106.68489024145022
183.02295383065805,-24.34150057505038,7.261715888132268,-9.802829727816436,-8.493104457189144,106.67696417068878
183.0328135300971,-24.33686768076257,7.260385259277592,-9.800852025270563,-8.492925331181786,106.67045851146945
183.04267045891254,-24.33223154463097,7.259058156512956,-9.798880922366966,-8.49274764934408,106.66536976662313
183.05252461900753,-24.32759217004099,7.257734576190493,-9.796916410559325,-8.492571410469552,106.66169443898106
183.06237601228662,-24.32294956037716,7.256414514662336,-9.794958481302288,-8.492396613347848,106.65942903137423
183.07222464065563,-24.318303719023163,7.255097968280615,-9.793007126051489,-8.492223256764776,106.6585700466338
183.08207050602186,-24.31365464936185,7.253784933397463,-9.791062336263515,-8.492051339502256,106.65911398759096
183.0919136102939,-24.3090023547752,7.252475406365009,-9.789124103395945,-8.491880860338368,106.66105735707684
183.10175395538164,-24.304346838644435,7.2511693835353865,-9.787192418907328,-8.491711818047326,106.66439665792235
183.11159154319643,-24.299688104349837,7.249866861260725,-9.785267274257178,-8.491544211399518,106.669128392959
