galstreams/tracks/track.st.NGC3201.palau2020.ecsv
# %ECSV 0.9
# ---
# datatype:
# - {name: ra, unit: deg, datatype: float64}
# - {name: dec, unit: deg, datatype: float64}
# - {name: distance, unit: kpc, datatype: float64}
# - {name: pm_ra_cosdec, unit: mas / yr, datatype: float64}
# - {name: pm_dec, unit: mas / yr, datatype: float64}
# - {name: radial_velocity, unit: km / s, datatype: float64}
# delimiter: ','
# meta: !!omap
# - __serialized_columns__:
#     dec:
#       __class__: astropy.coordinates.angles.Latitude
#       unit: &id001 !astropy.units.Unit {unit: deg}
#       value: !astropy.table.SerializedColumn {name: dec}
#     distance:
#       __class__: astropy.coordinates.distances.Distance
#       unit: !astropy.units.Unit {unit: kpc}
#       value: !astropy.table.SerializedColumn {name: distance}
#     pm_dec:
#       __class__: astropy.units.quantity.Quantity
#       unit: !astropy.units.Unit {unit: mas / yr}
#       value: !astropy.table.SerializedColumn {name: pm_dec}
#     pm_ra_cosdec:
#       __class__: astropy.units.quantity.Quantity
#       unit: !astropy.units.Unit {unit: mas / yr}
#       value: !astropy.table.SerializedColumn {name: pm_ra_cosdec}
#     ra:
#       __class__: astropy.coordinates.angles.Longitude
#       unit: *id001
#       value: !astropy.table.SerializedColumn {name: ra}
#       wrap_angle: !astropy.coordinates.Angle
#         unit: *id001
#         value: 360.0
#     radial_velocity:
#       __class__: astropy.units.quantity.Quantity
#       unit: !astropy.units.Unit {unit: km / s}
#       value: !astropy.table.SerializedColumn {name: radial_velocity}
# schema: astropy-2.0
ra,dec,distance,pm_ra_cosdec,pm_dec,radial_velocity
42.44064647037277,20.98443893440132,6.473775524469514,7.9991360320673595,-7.211253638057586,-2.5262301389617013e-14
43.03202301351226,20.578191637691774,6.366982045063954,8.232670911795367,-7.455802986975229,-5.0524602779234026e-14
43.61969653754336,20.169281257494283,6.262597554326629,8.467952779329057,-7.704729730100291,-9.262843842859572e-14
44.20374719929,19.757783999208012,6.160603991532393,8.704780881353349,-7.957791681115865,-3.368306851948935e-14
44.784255514677746,19.34377471768308,6.060983207090721,8.942961829539746,-8.214745504115523,-1.6841534259744676e-14
45.36130228647127,18.927326939983406,5.963716962545768,9.182309363865944,-8.47534699860782,-4.210383564936169e-14
45.93496853694115,18.508512888822363,5.868786930576353,9.422644119205685,-8.739351370203279,4.210383564936169e-14
46.50533544526621,18.08740350658563,5.77617469499596,9.663793395503454,-9.006513487543204,-7.578690416885104e-14
47.07248428947973,17.66406847986099,5.685861750752728,9.905590931803207,-9.276588126025366,-2.5262301389617013e-14
47.636496392768024,17.23857626440064,5.597829503929465,10.147876684362148,-9.549330198877975,-1.6841534259744676e-14
48.1974530739337,16.81099411044606,5.512059271743653,10.390496609042103,-9.824494976125258,-1.347322740779574e-13
48.755435601837604,16.38138808835114,5.428532282547413,10.633302448137051,-10.101838291979446,-1.6841534259744676e-14
49.31052515363766,15.949823114443499,5.347229675827549,10.876151521764045,-10.38111674118351,-5.894536990910637e-14
49.862802776646745,15.516362977068315,5.26813250220552,11.118906523915562,-10.662087864817511,8.420767129872338e-15
50.412349353635534,15.081070362763928,5.191221723437455,11.361435323245495,-10.944510326068762,-3.368306851948935e-14
50.959245571411266,14.644006882521932,5.116478212414144,11.603610768636145,-11.228144076452029,-5.0524602779234026e-14
51.50357189250799,14.20523309808854,5.043882753161029,11.84531049957324,-11.51275051295284,-1.768361097273191e-13
52.04540852982915,13.764808548267741,4.973416040838228,12.086416761335244,-11.798092626551323,1.6841534259744676e-14
52.584835424087785,13.322791775190389,4.905058681740528,12.326816224986807,-12.083935142569683,-6.73661370389787e-14
53.12193222389635,12.87924035051591,4.838791193297364,12.566399812149685,-12.37004465327066,-9.262843842859572e-14
53.65677826836159,12.434210901537458,4.7745940040728385,12.80506252451167,-12.656189743119532,-9.262843842859572e-14
54.189452572046854,11.987759137163394,4.712447453765725,13.04270327802098,-12.942141107106016,-3.368306851948935e-14
54.72003381216861,11.539939873750958,4.652331793209455,13.279224741703857,-13.227671662508158,-3.368306851948935e-14
55.248600317899665,11.0908070607708,4.594227184372122,13.51453318103314,-13.512556654463808,-4.210383564936169e-14
55.7752300616565,10.640413806283062,4.538113700356485,13.748538305768442,-13.796573755701385,-1.0946997268834039e-13
56.30000065225389,10.188812402207938,4.483971325399964,13.981153122181471,-14.079503160766198,-3.368306851948935e-14
56.82298932981421,9.736054349376056,4.431779954874651,14.212293789574932,-14.361127675064376,-7.578690416885104e-14
57.34427296232437,9.28219038234574,4.381519395287293,14.441879480998534,-14.641232799032021,-1.2631150694808508e-13
57.863928043738454,8.827270493975638,4.3331693642793,14.669832248062784,-14.91960680772407,-1.0946997268834039e-13
58.38203069352712,8.371343959744252,4.286709490626744,14.896076889747988,-15.196040826102971,-6.73661370389787e-14
58.898656657582634,7.91445936180681,4.242119314240375,15.120540825104303,-15.47032890029518,-1.0946997268834039e-13
59.413881310388724,7.456664612784824,4.199378286165586,15.343153969737948,-15.742268065070565,-1.1789073981821273e-13
59.92777965837231,6.998006979281848,4.1584657685824435,15.563848615977404,-16.011658407787376,-9.262843842859572e-14
60.440426344356,6.538533105122061,4.119361034805685,15.782559316614446,-16.278303129034413,-1.0946997268834039e-13
60.9518956530352,6.078289034308799,4.082043269284693,15.999222772114916,-16.542008600190083,-1.894672604221276e-13
61.46226151740724,5.617320233700987,4.046491567603534,16.213777721195566,-16.802584418107735,-1.1368035625327657e-13
61.97159752608283,5.155671615407198,4.012684936480917,16.42616483466508,-17.059843457126068,-9.262843842859572e-14
62.47997693141524,4.693387558896545,3.980602293770233,16.636326612428675,-17.313601918593303,-1.642049590325106e-13
62.987472658384135,4.230511932827735,3.9502224684595246,16.84420728355891,-17.56367937808477,-1.1789073981821273e-13
63.49415731417488,3.7670881165977366,3.921524200671503,17.04975270933745,-17.80989883048413,-5.894536990910637e-14
64.00010319839753,3.303159021611672,3.894486141663538,17.2529102891753,-18.052086733089553,-8.420767129872338e-14
64.50538231389095,2.8387671122777336,3.869086853827673,17.45362886932259,-18.29007304689865,-1.4525823299029783e-13
65.010066378063,2.3739544267286457,3.845304810690602,17.651858654282186,-18.523691276217253,-2.1051917824680845e-13
65.5142268347163,1.9087625972751665,3.82311839691369,17.84755112084478,-18.75277850673003,-1.0525958912340423e-13
66.01793486631499,1.4432328705943571,3.8025059082929635,18.04065893466701,-18.977175442163837,-1.5052121244646804e-13
66.5212614066483,0.9774061276576538,3.783445551759115,18.231135869317924,-19.1967264396675,-9.999660966723402e-14
67.02427715384871,0.5113229034033535,3.765915445377494,18.41893672772316,-19.411279544025778,-1.2789040078493614e-13
67.52705258372528,0.045023406158333376,3.7498936183481217,18.60401726594002,-19.62068652081856,-9.31876299958138e-14
68.02965796337331,-0.4214524631852419,3.735358011005672,18.786334119201157,-19.82480288863096,-1.24732613111234e-13
68.53216336502466,-0.8880650922336002,3.7222864748194953,18.965844730168413,-20.023487950413948,-1.1052256857957444e-13
69.03463868010277,-1.3547751383893023,3.710656772393598,19.142507279342993,-20.216604824090407,-1.6631015081497867e-13
69.53715363344921,-1.821543510377862,3.7004465774666473,19.316280617582027,-20.404020472495702,-1.5788938368510635e-13
70.03977779768907,-2.288331349997739,3.691633474911979,19.487124200676785,-20.585605732738113,-1.0736478090587231e-13
70.54258060770334,-2.75510001408687,3.684194960737592,19.65499802595084,-20.761235345058502,-1.6631015081497867e-13
71.04563137517925,-3.221811056701568,3.6781084420861427,19.8198625708427,-20.930787981265848,-1.4315304120782974e-13
71.54899930320707,-3.688426211500153,3.6733512372349577,19.981678733440145,-21.094146272819557,-1.1789073981821273e-13
72.05275350089605,-4.154907374326894,3.6699005755960283,20.140407774939135,-21.25119683862666,-1.515738083377021e-13
72.55696299798086,-4.621216585989915,3.667733597715998,20.29601126400431,-21.40183031261753,-1.9788802755199994e-13
73.06169675939068,-5.087316015227563,3.6668273552761854,20.448451023012275,-21.545941371160175,-2.063087946818723e-13
73.56702369975405,-5.553167941857861,3.6671588110925675,20.597689076163967,-21.683428760370003,-1.2631150694808508e-13
74.0730126978119,-6.01873474010514,3.668704839115787,20.743687599456383,-21.81419532336801,-1.515738083377021e-13
74.57973261071325,-6.483978862099336,3.671442224431147,20.88640887250878,-21.938148027537334,-1.9367764398706378e-13
75.0872522881655,-6.948862821542331,3.675347663258614,21.025815232242834,-22.05519799182502,-1.4315304120782974e-13
75.59564058641362,-7.413349177536527,3.680397762952821,21.16186902842077,-22.165260514132182,-1.8525687685719145e-13
76.10496638202149,-7.877400518571424,3.6865690420030646,21.294532581050206,-22.268255098833514,-1.4315304120782974e-13
76.61529858542735,-8.340979446662693,3.693837930033299,21.423768139668628,-22.36410548446307,-2.1051917824680845e-13
77.12670615424815,-8.804048561641313,3.702180767802146,21.54953784452533,-22.452739671601073,-2.020984111169361e-13
77.63925810630275,-9.266570445586945,3.711573807202894,21.67180368968288,-22.534089950993007,-1.4315304120782974e-13
78.1530235323277,-9.728507647403346,3.7219932112634875,21.790527488065084,-22.608092931929594,-1.8525687685719145e-13
78.668071608356,-10.18982266753197,3.733415054146542,21.905670838482575,-22.674689570912847,-2.1893994537668078e-13
79.18447160772955,-10.650477942800903,3.745815321149327,22.017195094672072,-22.73382520063079,-1.6841534259744677e-13
79.70229291271524,-11.110435831406699,3.7591699087037873,22.125061336389855,-22.78544955926015,-2.1893994537668078e-13
80.22160502569328,-11.569658598026608,3.773454624376521,22.229230342604527,-22.82951682011307,-2.020984111169361e-13
80.74247757988634,-12.028108399059931,3.788645186868796,22.32966256683861,-22.865985621640775,-2.020984111169361e-13
81.26498034959585,-12.485747267996885,3.804717226016536,22.426318114713784,-22.89481909780389,-1.515738083377021e-13
81.78918325991152,-12.942537100914048,3.821646282790338,22.519156723758282,-22.915984908815425,-1.8525687685719145e-13
82.31515639585905,-13.398439642096516,3.839407809295457,22.608137745540517,-22.92945527225906,-1.347322740779574e-13
82.84297001094794,-13.853416469785904,3.8579771687718107,22.693220130196863,-22.935206994581485,-2.020984111169361e-13
83.37269453508354,-14.307428982056525,3.8773296355939793,22.774362413427117,-22.933221502953774,-1.6841534259744677e-13
83.90440058180127,-14.76043838281925,3.8974403952712127,22.851522706034714,-22.92348487749244,-2.020984111169361e-13
84.4381589547836,-15.21240566795626,3.918284544447417,22.924658686094627,-22.905987883826903,-1.6841534259744677e-13
84.97404065361634,-15.663291611588637,3.9398370909011655,22.993727593835754,-22.88072600599507,-1.8525687685719145e-13
85.51211687873956,-16.11305675248014,3.9620729535456936,23.058686229329506,-22.84769947964432,-1.8525687685719145e-13
86.0524590355474,-16.561661380581196,3.9849669624289006,23.119490953081183,-22.80691332550986,-2.3578147963642546e-13
86.5951387375877,-17.009065523717375,4.008493858733351,23.176097689625106,-22.758377383137315,-2.1893994537668078e-13
87.14022780881238,-17.455228934428455,4.032628294776269,23.228461934229237,-22.702106344810414,-2.5262301389617017e-13
87.68779828482573,-17.90011107696385,4.0573448340095455,23.276538762819545,-22.63811978963876,-2.1893994537668078e-13
88.23792241307663,-18.343671114441584,4.082617951019731,23.32028284523901,-22.56644221775453,-1.347322740779574e-13
88.79067265193889,-18.78586789617932,4.108422031528044,23.359648461960383,-22.48710308455943,-1.6841534259744677e-13
89.34612166862019,-19.226659945205615,4.134731372390362,23.394589524376613,-22.40013683495727,-1.8525687685719145e-13
89.9043423358404,-19.666005445962305,4.161520181597231,23.42505959879657,-22.305582937498365,-1.515738083377021e-13
90.46540772721538,-20.103862232208442,4.188762578273855,23.451011934278476,-22.203485918355366,-2.020984111169361e-13
91.02939111128161,-20.540187775138072,4.216432592680105,23.47239949443696,-22.09389539504045,-2.694645481559148e-13
91.59636594409413,-20.974939171725243,4.244504166210512,23.489174993363793,-21.97686610976545,-2.020984111169361e-13
92.16640586032814,-21.408073133310438,4.272951151394277,23.501290935805805,-21.852457962336356,-2.020984111169361e-13
92.73958466281267,-21.83954597444455,4.301747311895256,23.508699661747208,-21.720736042464026,-3.3683068519489354e-13
93.31597631042143,-22.269313602006697,4.330866322511976,23.51135339554623,-21.581770661361745,-2.020984111169361e-13
93.89565490424509,-22.69733150461489,4.360281769177618,23.50920429977926,-21.43563738248914,-6.73661370389787e-14
94.47869467196628,-23.12355474234894,4.38996714896004,23.502204533947776,-21.282417051290025,-2.694645481559148e-13
95.06516995035656,-23.547937936806687,4.419895870061749,23.49030631820602,-21.122195823759366,-1.347322740779574e-13
95.65515516581293,-23.970435261516656,4.450041251819927,23.473462002268064,-20.95506519366071,-1.6841534259744677e-13
96.24872481284852,-24.3910004327304,4.48037652470641,23.45162413965508,-20.781122018202602,-3.3683068519489354e-13
96.84595343045308,-24.80958670062201,4.5108748303277055,23.424745567443598,-20.600468541966514,-2.020984111169361e-13
97.44691557623271,-25.226146840920354,4.541509221424978,23.392779491675523,-20.41321241886532,-1.347322740779574e-13
98.05168579824185,-25.6406331470048,4.57225266187406,23.355679578590177,-20.219466731893714,-2.020984111169361e-13
98.66033860441566,-26.052997422494656,4.603078026685445,23.31340005183696,-20.01935001041651,-2.3578147963642546e-13
99.2729484295117,-26.463190974365173,4.633958102004289,23.265895795824743,-19.81298624472313,-1.6841534259744677e-13
99.88958959946893,-26.871164606624998,4.664865585110416,23.213122465361117,-19.600504897558437,-2.020984111169361e-13
100.51033629309094,-27.276868614591226,4.695773084418304,23.1550366017299,-19.382040912321678,-1.347322740779574e-13
101.13526250096157,-27.680252779800796,4.72665311947711,23.09159575535028,-19.157734717606075,-3.3683068519489354e-13
101.7644419815003,-28.081266365598577,4.757478120970638,23.02275861515398,-18.9277322277316,-2.694645481559148e-13
102.39794821406622,-28.47985811344433,4.788220430717364,22.948485144808892,-18.6921848389032,-1.347322740779574e-13
103.03585434902097,-28.87597623998331,4.818852301670426,22.868736725908484,-18.451249420605777,-2.020984111169361e-13
103.67823315466126,-29.269568434926097,4.849345897917628,22.783476308234853,-18.205088301826205,-3.3683068519489354e-13
104.32515696093768,-29.660581859787438,4.879673294681428,22.69266856719138,-17.95386925167015,-3.705137537143829e-13
104.97669759987424,-30.048963147532863,4.909806478318958,22.59628006848546,-17.697765453920614,-2.020984111169361e-13
105.63292634261221,-30.434658403186567,4.93971734632201,22.49427944012687,-17.43695547506204,-2.3578147963642546e-13
106.29391383300269,-30.81761320545473,4.969377707317039,22.3866375517878,-17.171623225271986,-1.6841534259744677e-13
106.95973001767936,-31.19777260941995,4.998759281065163,22.273327701550727,-16.901957911860222,-2.694645481559148e-13
107.63044407254876,-31.575081150365733,5.027833698462161,22.15432581004763,-16.62815398461298,-1.0104920555846805e-13
108.30612432564193,-31.949482848789906,5.056572501538481,22.029610621968356,-16.350411072478877,-2.3578147963642546e-13
108.98683817628066,-32.32092121666952,5.084947143459229,21.899163914889122,-16.06893391101155,-1.0104920555846805e-13
109.67265201051943,-32.689339265039536,5.112928988524178,21.76297071534107,-15.783932259964226,-2.3578147963642546e-13
110.3636311128354,-33.05467951295032,5.140489312167764,21.62101952200656,-15.495620810412202,-1.347322740779574e-13
111.0598395740498,-33.41688399786971,5.167599300959084,21.47330253589438,-15.204219080760913,-3.031476166754042e-13
111.76134019547601,-33.775894287596174,5.194230052601902,21.319815897306853,-14.909951300981447,-6.73661370389787e-14
112.46819438930633,-34.13165149375182,5.220352575934641,21.160559929370088,-14.613046284399887,-1.6841534259744677e-13
113.18046207526027,-34.48409628692289,5.245937790930391,20.99553938785354,-14.313737286355432,-1.6841534259744677e-13
113.8982015735383,-34.83316891351713,5.270956528696904,20.824763716957815,-14.012261849031168,-1.347322740779574e-13
114.62146949414014,-35.17880921440716,5.295379531476596,20.64824731069855,-13.70886163175502,-6.73661370389787e-14
115.35032062262701,-35.52095664542878,5.319177452646546,20.466009779460162,-13.403782226063853,-3.368306851948935e-14
116.08480780242904,-35.85955029980253,5.342320856718494,20.278076221237107,-13.097272954823723,-1.347322740779574e-13
116.82498181381932,-36.19452893254592,5.36478021933885,20.084477497019527,-12.789586654702674,-1.347322740779574e-13
117.57089124970256,-36.525830986943085,5.38652592728868,19.8852505097187,-12.480979441300732,-2.020984111169361e-13
118.32258238838936,-36.85339462313568,5.407528278483715,19.68043848596171,-12.17171045625468,-2.694645481559148e-13
119.08009906355517,-37.17715774889785,5.427757481974357,19.470091260017746,-11.862041595653665,-1.347322740779574e-13
