galstreams/tracks/track.po.20.0-1.mateu2018.ecsv
# %ECSV 0.9
# ---
# datatype:
# - {name: ra, unit: deg, datatype: float64}
# - {name: dec, unit: deg, datatype: float64}
# - {name: distance, unit: kpc, datatype: float64}
# - {name: pm_ra_cosdec, unit: mas / yr, datatype: float64}
# - {name: pm_dec, unit: mas / yr, datatype: float64}
# - {name: radial_velocity, unit: km / s, datatype: float64}
# delimiter: ','
# meta: !!omap
# - __serialized_columns__:
#     dec:
#       __class__: astropy.coordinates.angles.Latitude
#       unit: &id001 !astropy.units.Unit {unit: deg}
#       value: !astropy.table.SerializedColumn {name: dec}
#     distance:
#       __class__: astropy.coordinates.distances.Distance
#       unit: !astropy.units.Unit {unit: kpc}
#       value: !astropy.table.SerializedColumn {name: distance}
#     pm_dec:
#       __class__: astropy.units.quantity.Quantity
#       unit: !astropy.units.Unit {unit: mas / yr}
#       value: !astropy.table.SerializedColumn {name: pm_dec}
#     pm_ra_cosdec:
#       __class__: astropy.units.quantity.Quantity
#       unit: !astropy.units.Unit {unit: mas / yr}
#       value: !astropy.table.SerializedColumn {name: pm_ra_cosdec}
#     ra:
#       __class__: astropy.coordinates.angles.Longitude
#       unit: *id001
#       value: !astropy.table.SerializedColumn {name: ra}
#       wrap_angle: !astropy.coordinates.Angle
#         unit: *id001
#         value: 360.0
#     radial_velocity:
#       __class__: astropy.units.quantity.Quantity
#       unit: !astropy.units.Unit {unit: km / s}
#       value: !astropy.table.SerializedColumn {name: radial_velocity}
# schema: astropy-2.0
ra,dec,distance,pm_ra_cosdec,pm_dec,radial_velocity
[from data line 1876]
298.56883908221596,-29.59112744488686,26.80660959343577,0.0,0.0,0.0
298.57712214596785,-29.584184997117674,26.80588619090622,0.0,0.0,0.0
298.5854038500322,-29.577241836180647,26.8051625173818,0.0,0.0,0.0
298.59368419479324,-29.570297962326897,26.80443857289989,0.0,0.0,0.0
298.60196318063504,-29.563353375807473,26.803714357497896,0.0,0.0,0.0
298.6102408079419,-29.556408076873296,26.802989871213235,0.0,0.0,0.0
298.618517077098,-29.549462065775224,26.802265114083337,0.0,0.0,0.0
298.6267919884873,-29.542515342764016,26.80154008614565,0.0,0.0,0.0
298.635065542494,-29.535567908090336,26.800814787437623,0.0,0.0,0.0
298.6433377395022,-29.52861976200475,26.800089217996735,0.0,0.0,0.0
298.651608579896,-29.521670904757755,26.799363377860466,0.0,0.0,0.0
298.65987806405934,-29.51472133659971,26.798637267066308,0.0,0.0,0.0
298.66814619237635,-29.507771057780946,26.797910885651774,0.0,0.0,0.0
298.67641296523095,-29.500820068551647,26.79718423365439,0.0,0.0,0.0
298.6846783830072,-29.49386836916193,26.796457311111677,0.0,0.0,0.0
298.692942446089,-29.48691595986182,26.795730118061194,0.0,0.0,0.0
298.70120515486025,-29.479962840901244,26.79500265454051,0.0,0.0,0.0
298.70946650970495,-29.47300901253003,26.794274920587196,0.0,0.0,0.0
298.7177265110069,-29.466054474997936,26.79354691623883,0.0,0.0,0.0
298.72598515915,-29.45909922855462,26.79281864153302,0.0,0.0,0.0
298.7342424545182,-29.45214327344963,26.79209009650738,0.0,0.0,0.0
298.7424983974952,-29.445186609932446,26.79136128119954,0.0,0.0,0.0
298.7507529884648,-29.438229238252433,26.790632195647145,0.0,0.0,0.0
298.7590062278108,-29.431271158658888,26.78990283988783,0.0,0.0,0.0
298.767258115917,-29.424312371401008,26.789173213959284,0.0,0.0,0.0
298.77550865316704,-29.417352876727897,26.78844331789918,0.0,0.0,0.0
298.78375783994477,-29.41039267488856,26.787713151745205,0.0,0.0,0.0
298.7920056766337,-29.403431766131924,26.78698271553507,0.0,0.0,0.0
298.8002521636177,-29.396470150706815,26.78625200930649,0.0,0.0,0.0
298.80849730128017,-29.389507828861966,26.785521033097208,0.0,0.0,0.0
298.81674109000494,-29.382544800846038,26.78478978694496,0.0,0.0,0.0
298.8249835301755,-29.375581066907568,26.78405827088751,0.0,0.0,0.0
298.8332246221754,-29.368616627295026,26.783326484962625,0.0,0.0,0.0
298.8414643663882,-29.361651482256775,26.782594429208103,0.0,0.0,0.0
298.84970276319746,-29.35468563204111,26.781862103661723,0.0,0.0,0.0
298.85793981298673,-29.347719076896226,26.781129508361303,0.0,0.0,0.0
298.8661755161394,-29.340751817070192,26.780396643344677,0.0,0.0,0.0
298.87440987303887,-29.33378385281103,26.77966350864967,0.0,0.0,0.0
298.88264288406873,-29.326815184366662,26.778930104314142,0.0,0.0,0.0
298.89087454961225,-29.319845811984898,26.778196430375953,0.0,0.0,0.0
298.8991048700529,-29.312875735913483,26.777462486872984,0.0,0.0,0.0
298.90733384577396,-29.305904956400042,26.776728273843112,0.0,0.0,0.0
298.9155614771588,-29.29893347369214,26.775993791324254,0.0,0.0,0.0
298.9237877645907,-29.291961288037225,26.77525903935432,0.0,0.0,0.0
298.932012708453,-29.284988399682668,26.774524017971235,0.0,0.0,0.0
298.9402363091289,-29.278014808875753,26.773788727212946,0.0,0.0,0.0
298.9484585670017,-29.271040515863657,26.77305316711741,0.0,0.0,0.0
298.95667948245455,-29.26406552089347,26.772317337722598,0.0,0.0,0.0
298.96489905587066,-29.257089824212205,26.771581239066485,0.0,0.0,0.0
298.9731172876332,-29.250113426066775,26.77084487118706,0.0,0.0,0.0
298.9813341781253,-29.24313632670399,26.770108234122343,0.0,0.0,0.0
298.98954972773004,-29.236158526370605,26.769371327910346,0.0,0.0,0.0
298.99776393683055,-29.229180025313223,26.768634152589108,0.0,0.0,0.0
299.00597680580984,-29.22220082377842,26.767896708196687,0.0,0.0,0.0
299.014188335051,-29.215220922012637,26.767158994771112,0.0,0.0,0.0
299.02239852493705,-29.208240320262252,26.766421012350484,0.0,0.0,0.0
299.03060737585093,-29.20125901877355,26.765682760972876,0.0,0.0,0.0
299.03881488817564,-29.194277017792693,26.764944240676396,0.0,0.0,0.0
299.0470210622941,-29.18729431756578,26.764205451499144,0.0,0.0,0.0
299.05522589858924,-29.18031091833882,26.763466393479256,0.0,0.0,0.0
299.0634293974439,-29.173326820357733,26.76272706665486,0.0,0.0,0.0
299.0716315592409,-29.16634202386834,26.76198747106412,0.0,0.0,0.0
299.0798323843632,-29.15935652911637,26.76124760674519,0.0,0.0,0.0
299.0880318731935,-29.152370336347442,26.760507473736254,0.0,0.0,0.0
299.09623002611465,-29.14538344580714,26.759767072075498,0.0,0.0,0.0
299.10442684350943,-29.138395857740907,26.759026401801126,0.0,0.0,0.0
299.11262232576047,-29.131407572394107,26.75828546295136,0.0,0.0,0.0
299.1208164732505,-29.12441859001203,26.75754425556442,0.0,0.0,0.0
299.12900928636225,-29.117428910839855,26.75680277967856,0.0,0.0,0.0
299.1372007654783,-29.110438535122693,26.75606103533202,0.0,0.0,0.0
299.14539091098135,-29.103447463105528,26.75531902256308,0.0,0.0,0.0
299.153579723254,-29.0964556950333,26.754576741410027,0.0,0.0,0.0
299.16176720267873,-29.08946323115083,26.753834191911142,0.0,0.0,0.0
299.1699533496382,-29.082470071702836,26.753091374104745,0.0,0.0,0.0
299.1781381645148,-29.075476216933993,26.752348288029143,0.0,0.0,0.0
299.18632164769116,-29.06848166708883,26.751604933722692,0.0,0.0,0.0
299.19450379954964,-29.061486422411825,26.750861311223712,0.0,0.0,0.0
299.2026846204728,-29.054490483147347,26.750117420570582,0.0,0.0,0.0
299.2108641108429,-29.047493849539695,26.74937326180167,0.0,0.0,0.0
299.21904227104244,-29.040496521833035,26.748628834955348,0.0,0.0,0.0
299.22721910145367,-29.03349850027149,26.74788414007005,0.0,0.0,0.0
299.23539460245905,-29.026499785099077,26.747139177184145,0.0,0.0,0.0
299.2435687744408,-29.01950037655971,26.746393946336088,0.0,0.0,0.0
299.25174161778125,-29.01250027489722,26.74564844756431,0.0,0.0,0.0
299.2599131328626,-29.005499480355354,26.74490268090725,0.0,0.0,0.0
299.2680833200671,-28.998497993177764,26.744156646403397,0.0,0.0,0.0
299.276252179777,-28.99149581360803,26.743410344091192,0.0,0.0,0.0
299.2844197123743,-28.984492941889602,26.742663774009163,0.0,0.0,0.0
299.2925859182413,-28.97748937826588,26.741916936195782,0.0,0.0,0.0
299.30075079776003,-28.970485122980143,26.741169830689586,0.0,0.0,0.0
299.3089143513126,-28.963480176275596,26.740422457529096,0.0,0.0,0.0
299.31707657928104,-28.95647453839536,26.739674816752853,0.0,0.0,0.0
299.32523748204744,-28.949468209582456,26.738926908399417,0.0,0.0,0.0
299.3333970599938,-28.94246119007981,26.738178732507343,0.0,0.0,0.0
299.341555313502,-28.935453480130285,26.73743028911523,0.0,0.0,0.0
299.34971224295407,-28.928445079976616,26.73668157826166,0.0,0.0,0.0
299.3578678487319,-28.92143598986148,26.735932599985244,0.0,0.0,0.0
299.3660221312174,-28.914426210027436,26.735183354324594,0.0,0.0,0.0
299.3741750907924,-28.907415740716978,26.734433841318356,0.0,0.0,0.0
299.38232672783863,-28.90040458217251,26.733684061005164,0.0,0.0,0.0
299.3904770427381,-28.893392734636322,26.732934013423687,0.0,0.0,0.0
299.3986260358725,-28.886380198350633,26.73218369861259,0.0,0.0,0.0
299.40677370762353,-28.879366973557577,26.731433116610557,0.0,0.0,0.0
299.4149200583729,-28.872353060499172,26.73068226745629,0.0,0.0,0.0
299.4230650885024,-28.86533845941739,26.729931151188502,0.0,0.0,0.0
299.4312087983936,-28.85832317055408,26.729179767845903,0.0,0.0,0.0
299.43935118842813,-28.851307194150994,26.72842811746725,0.0,0.0,0.0
299.44749225898767,-28.84429053044983,26.727676200091274,0.0,0.0,0.0
299.45563201045366,-28.837273179692165,26.72692401575675,0.0,0.0,0.0
299.4637704432078,-28.830255142119494,26.726171564502444,0.0,0.0,0.0
299.4719075576315,-28.823236417973252,26.725418846367152,0.0,0.0,0.0
299.4800433541063,-28.816217007494732,26.724665861389667,0.0,0.0,0.0
299.48817783301354,-28.809196910925177,26.72391260960881,0.0,0.0,0.0
299.49631099473476,-28.80217612850573,26.72315909106341,0.0,0.0,0.0
299.5044428396514,-28.795154660477447,26.7224053057923,0.0,0.0,0.0
299.5125733681447,-28.788132507081272,26.721651253834338,0.0,0.0,0.0
299.52070258059604,-28.781109668558095,26.720896935228392,0.0,0.0,0.0
299.52883047738675,-28.774086145148708,26.720142350013333,0.0,0.0,0.0
299.5369570588981,-28.767061937093782,26.719387498228055,0.0,0.0,0.0
299.5450823255114,-28.76003704463395,26.718632379911476,0.0,0.0,0.0
299.5532062776077,-28.753011468009714,26.717876995102497,0.0,0.0,0.0
299.56132891556837,-28.7459852074615,26.717121343840052,0.0,0.0,0.0
299.5694502397745,-28.73895826322966,26.71636542616309,0.0,0.0,0.0
299.57757025060715,-28.731930635554427,26.71560924211057,0.0,0.0,0.0
299.58568894844757,-28.724902324675977,26.71485279172145,0.0,0.0,0.0
299.59380633367664,-28.717873330834376,26.714096075034725,0.0,0.0,0.0
299.60192240667556,-28.71084365426961,26.713339092089385,0.0,0.0,0.0
299.6100371678253,-28.703813295221565,26.712581842924426,0.0,0.0,0.0
299.6181506175067,-28.696782253930042,26.711824327578896,0.0,0.0,0.0
299.6262627561009,-28.68975053063478,26.711066546091807,0.0,0.0,0.0
299.63437358398875,-28.68271812557539,26.710308498502215,0.0,0.0,0.0
299.642483101551,-28.675685038991407,26.709550184849167,0.0,0.0,0.0
299.6505913091688,-28.66865127112229,26.70879160517176,0.0,0.0,0.0
299.6586982072227,-28.661616822207392,26.70803275950906,0.0,0.0,0.0
299.6668037960936,-28.654581692485984,26.707273647900177,0.0,0.0,0.0
299.67490807616224,-28.647545882197267,26.706514270384208,0.0,0.0,0.0
299.6830110478094,-28.640509391580306,26.705754627000296,0.0,0.0,0.0
299.6911127114157,-28.63347222087414,26.70499471778756,0.0,0.0,0.0
299.6992130673618,-28.626434370317657,26.70423454278517,0.0,0.0,0.0
299.7073121160285,-28.6193958401497,26.70347410203227,0.0,0.0,0.0
299.7154098577962,-28.612356630608996,26.702713395568047,0.0,0.0,0.0
299.72350629304566,-28.60531674193422,26.70195242343168,0.0,0.0,0.0
299.73160142215727,-28.59827617436392,26.70119118566238,0.0,0.0,0.0
299.73969524551165,-28.59123492813657,26.700429682299372,0.0,0.0,0.0
299.7477877634892,-28.584193003490554,26.699667913381855,0.0,0.0,0.0
299.7558789764704,-28.577150400664163,26.698905878949095,0.0,0.0,0.0
299.7639688848357,-28.570107119895617,26.69814357904033,0.0,0.0,0.0
299.7720574889655,-28.563063161423038,26.697381013694837,0.0,0.0,0.0
299.78014478924007,-28.55601852548445,26.696618182951884,0.0,0.0,0.0
299.7882307860397,-28.548973212317808,26.69585508685077,0.0,0.0,0.0
299.79631547974486,-28.541927222160947,26.695091725430796,0.0,0.0,0.0
299.8043988707357,-28.534880555251654,26.694328098731283,0.0,0.0,0.0
299.8124809593925,-28.527833211827588,26.693564206791557,0.0,0.0,0.0
299.8205617460953,-28.520785192126358,26.69280004965097,0.0,0.0,0.0
299.82864123122437,-28.51373649638545,26.692035627348865,0.0,0.0,0.0
299.83671941515985,-28.506687124842294,26.69127093992462,0.0,0.0,0.0
299.84479629828184,-28.499637077734203,26.690505987417616,0.0,0.0,0.0
299.8528718809704,-28.492586355298414,26.68974076986725,0.0,0.0,0.0
299.86094616360555,-28.48553495777209,26.68897528731292,0.0,0.0,0.0
299.86901914656727,-28.47848288539227,26.68820953979406,0.0,0.0,0.0
299.8770908302356,-28.47143013839595,26.68744352735009,0.0,0.0,0.0
299.8851612149903,-28.464376717019995,26.686677250020477,0.0,0.0,0.0
299.89323030121153,-28.45732262150122,26.68591070784465,0.0,0.0,0.0
299.901298089279,-28.45026785207632,26.685143900862098,0.0,0.0,0.0
299.9093645795725,-28.443212408981918,26.684376829112303,0.0,0.0,0.0
299.91742977247196,-28.436156292454555,26.683609492634776,0.0,0.0,0.0
299.9254936683571,-28.42909950273067,26.682841891469003,0.0,0.0,0.0
299.9335562676076,-28.422042040046616,26.68207402565451,0.0,0.0,0.0
299.9416175706033,-28.414983904638678,26.681305895230853,0.0,0.0,0.0
299.9496775777237,-28.407925096743007,26.680537500237573,0.0,0.0,0.0
299.95773628934865,-28.400865616595738,26.679768840714218,0.0,0.0,0.0
299.9657937058575,-28.393805464432845,26.678999916700377,0.0,0.0,0.0
299.97384982763003,-28.386744640490253,26.678230728235633,0.0,0.0,0.0
299.9819046550457,-28.37968314500381,26.677461275359583,0.0,0.0,0.0
299.98995818848397,-28.37262097820923,26.67669155811185,0.0,0.0,0.0
299.9980104283244,-28.365558140342184,26.675921576532044,0.0,0.0,0.0
300.00606137494634,-28.35849463163824,26.67515133065981,0.0,0.0,0.0
300.01411102872925,-28.351430452332878,26.674380820534804,0.0,0.0,0.0
300.02215939005254,-28.344365602661476,26.67361004619669,0.0,0.0,0.0
300.03020645929547,-28.33730008285936,26.67283900768514,0.0,0.0,0.0
300.03825223683737,-28.330233893161736,26.672067705039847,0.0,0.0,0.0
300.0462967230574,-28.323167033803735,26.671296138300512,0.0,0.0,0.0
300.0543399183351,-28.31609950502039,26.670524307506852,0.0,0.0,0.0
300.06238182304935,-28.309031307046673,26.66975221269859,0.0,0.0,0.0
300.07042243757945,-28.301962440117432,26.668979853915474,0.0,0.0,0.0
300.0784617623045,-28.294892904467456,26.66820723119725,0.0,0.0,0.0
300.08649979760366,-28.287822700331443,26.667434344583693,0.0,0.0,0.0
300.0945365438559,-28.280751827943988,26.666661194114578,0.0,0.0,0.0
300.1025720014403,-28.273680287539616,26.665887779829696,0.0,0.0,0.0
300.1106061707359,-28.266608079352746,26.665114101768854,0.0,0.0,0.0
300.1186390521216,-28.259535203617737,26.664340159971864,0.0,0.0,0.0
300.1266706459763,-28.252461660568834,26.663565954478567,0.0,0.0,0.0
300.13470095267894,-28.245387450440205,26.662791485328807,0.0,0.0,0.0
300.14272997260844,-28.238312573465933,26.662016752562423,0.0,0.0,0.0
300.15075770614345,-28.231237029880013,26.661241756219294,0.0,0.0,0.0
300.1587841536629,-28.224160819916353,26.660466496339307,0.0,0.0,0.0
300.1668093155455,-28.21708394380877,26.659690972962352,0.0,0.0,0.0
300.17483319216996,-28.210006401791002,26.658915186128333,0.0,0.0,0.0
300.18285578391493,-28.20292819409669,26.658139135877168,0.0,0.0,0.0
300.1908770911591,-28.19584932095939,26.657362822248796,0.0,0.0,0.0
300.1988971142811,-28.188769782612578,26.65658624528316,0.0,0.0,0.0
300.2069158536595,-28.181689579289646,26.655809405020218,0.0,0.0,0.0
300.2149333096728,-28.174608711223872,26.65503230149995,0.0,0.0,0.0
300.22294948269956,-28.167527178648477,26.654254934762314,0.0,0.0,0.0
300.2309643731181,-28.16044498179661,26.65347730484733,0.0,0.0,0.0
300.23897798130713,-28.15336212090126,26.652699411795002,0.0,0.0,0.0
300.2469903076448,-28.14627859619541,26.651921255645348,0.0,0.0,0.0
300.25500135250957,-28.13919440791192,26.651142836438403,0.0,0.0,0.0
300.2630111162798,-28.13210955628355,26.650364154214223,0.0,0.0,0.0
300.2710195993338,-28.125024041543004,26.64958520901286,0.0,0.0,0.0
300.2790268020497,-28.117937863922887,26.648806000874377,0.0,0.0,0.0
300.28703272480584,-28.11085102365571,26.648026529838877,0.0,0.0,0.0
300.2950373679803,-28.103763520973903,26.647246795946455,0.0,0.0,0.0
300.30304073195134,-28.096675356109806,26.646466799237217,0.0,0.0,0.0
300.311042817097,-28.089586529295676,26.645686539751285,0.0,0.0,0.0
300.31904362379544,-28.082497040763688,26.6449060175288,0.0,0.0,0.0
300.3270431524246,-28.07540689074593,26.64412523260991,0.0,0.0,0.0
300.3350414033626,-28.06831607947438,26.64334418503478,0.0,0.0,0.0
300.34303837698724,-28.061224607180964,26.64256287484358,0.0,0.0,0.0
300.3510340736766,-28.0541324740975,26.641781302076502,0.0,0.0,0.0
300.3590284938086,-28.047039680455725,26.640999466773735,0.0,0.0,0.0
300.36702163776096,-28.039946226487295,26.640217368975502,0.0,0.0,0.0
300.3750135059115,-28.032852112423765,26.63943500872204,0.0,0.0,0.0
300.3830040986382,-28.025757338496618,26.63865238605356,0.0,0.0,0.0
300.3909934163187,-28.018661904937254,26.63786950101033,0.0,0.0,0.0
300.3989814593307,-28.01156581197696,26.63708635363261,0.0,0.0,0.0
300.4069682280518,-28.004469059846972,26.63630294396068,0.0,0.0,0.0
300.41495372285976,-27.997371648778408,26.635519272034827,0.0,0.0,0.0
300.42293794413223,-27.990273579002327,26.634735337895346,0.0,0.0,0.0
300.4309208922466,-27.98317485074968,26.63395114158256,0.0,0.0,0.0
300.4389025675806,-27.976075464251355,26.633166683136796,0.0,0.0,0.0
300.4468829705115,-27.96897541973812,26.63238196259839,0.0,0.0,0.0
