galstreams/tracks/track.st.M5.ibata2020.ecsv
# %ECSV 0.9
# ---
# datatype:
# - {name: ra, unit: deg, datatype: float64}
# - {name: dec, unit: deg, datatype: float64}
# - {name: distance, unit: kpc, datatype: float64}
# - {name: pm_ra_cosdec, unit: mas / yr, datatype: float64}
# - {name: pm_dec, unit: mas / yr, datatype: float64}
# - {name: radial_velocity, unit: km / s, datatype: float64}
# delimiter: ','
# meta: !!omap
# - __serialized_columns__:
#     dec:
#       __class__: astropy.coordinates.angles.Latitude
#       unit: &id001 !astropy.units.Unit {unit: deg}
#       value: !astropy.table.SerializedColumn {name: dec}
#     distance:
#       __class__: astropy.coordinates.distances.Distance
#       unit: !astropy.units.Unit {unit: kpc}
#       value: !astropy.table.SerializedColumn {name: distance}
#     pm_dec:
#       __class__: astropy.units.quantity.Quantity
#       unit: !astropy.units.Unit {unit: mas / yr}
#       value: !astropy.table.SerializedColumn {name: pm_dec}
#     pm_ra_cosdec:
#       __class__: astropy.units.quantity.Quantity
#       unit: !astropy.units.Unit {unit: mas / yr}
#       value: !astropy.table.SerializedColumn {name: pm_ra_cosdec}
#     ra:
#       __class__: astropy.coordinates.angles.Longitude
#       unit: *id001
#       value: !astropy.table.SerializedColumn {name: ra}
#       wrap_angle: !astropy.coordinates.Angle
#         unit: *id001
#         value: 360.0
#     radial_velocity:
#       __class__: astropy.units.quantity.Quantity
#       unit: !astropy.units.Unit {unit: km / s}
#       value: !astropy.table.SerializedColumn {name: radial_velocity}
# schema: astropy-2.0
ra,dec,distance,pm_ra_cosdec,pm_dec,radial_velocity
195.78361184100748,17.38607852912646,7.464679021942314,3.3666333174433456,-7.653920372393288,-1.1789073981821273e-13
195.82681110641508,17.381851097443416,7.447930051981775,3.3518736123402375,-7.678455936961814,-5.0524602779234026e-14
195.8699535474114,17.377462065118948,7.431566554146241,3.3374809504930623,-7.7026086855266165,-1.0104920555846805e-13
195.91303951245803,17.372912746802598,7.415585299039519,3.3234513361339815,-7.726381668382804,-6.73661370389787e-14
195.95606935168297,17.36820445669711,7.399983057265412,3.3097807694891497,-7.749777930966148,-8.420767129872338e-14
195.99904341687085,17.363338508559195,7.384756599427728,3.2964652468023576,-7.772800513875129,-1.1789073981821273e-13
196.04196206145298,17.358316215700423,7.369902696130276,3.28350076035866,-7.795452452892994,-1.1789073981821273e-13
196.08482564049731,17.353138890988077,7.355418117976862,3.2708832985079583,-7.817736779009737,-1.347322740779574e-13
196.12763451069853,17.347807846846102,7.341299635571288,3.2586088456885496,-7.839656518444074,-1.347322740779574e-13
196.17038903036837,17.342324395255837,7.327544019517365,3.246673382450588,-7.861214692665367,-1.0104920555846805e-13
196.21308955942558,17.336689847756972,7.314148040418899,3.235072885479569,-7.882414318415496,-1.1789073981821273e-13
196.25573645938627,17.330905515448446,7.301108468879693,3.2238033276197045,-7.903258407730704,-1.0104920555846805e-13
196.298330093354,17.324972708989296,7.288422075503556,3.2128606778972624,-7.923749967963358,-8.420767129872338e-14
196.34087082601016,17.31889273859954,7.276085630894296,3.202240901543848,-7.943892001803686,-6.73661370389787e-14
196.38335902360419,17.31266691406111,7.264095905655715,3.1919399600196305,-7.963687507301435,-1.1789073981821273e-13
196.42579505394406,17.3062965447187,7.252449670391624,3.1819538110364904,-7.983139477887464,-8.420767129872338e-14
196.4681792863864,17.299782939480693,7.241143695705826,3.1722784085811124,-8.002250902395282,-1.1789073981821273e-13
196.51051209182722,17.293127406820062,7.230174752202129,3.162909702937999,-8.021024765082501,-1.0104920555846805e-13
196.55279384269213,17.286331254775245,7.219539610484341,3.1538436407124193,-8.039464045652213,-1.0104920555846805e-13
196.59502491292702,17.279395790951078,7.2092350411562665,3.1450761648532732,-8.05757171927431,-8.420767129872338e-14
196.6372056779883,17.27232232251973,7.199257814821711,3.1366032146758935,-8.075350756606696,-1.0104920555846805e-13
196.67933651483392,17.265112156221527,7.189604702084483,3.128420725884735,-8.092804123816414,-8.420767129872338e-14
196.72141780191367,17.257766598365944,7.1802724735483885,3.120524630596018,-8.109934782600723,-1.1789073981821273e-13
196.76344991916002,17.250286954832465,7.171257899817231,3.1129108573602475,-8.126745690208018,-1.1789073981821273e-13
196.80543324797873,17.24267453107154,7.162557751494822,3.105575331184676,-8.143239799458698,-1.1789073981821273e-13
196.84736817123965,17.234930632105467,7.154168799184965,3.0985139735556593,-8.159420058765951,-1.1789073981821273e-13
196.88925507326766,17.227056562529327,7.146087813491466,3.091722702460909,-8.175289412156376,-8.420767129872338e-14
196.93109433983332,17.219053626511894,7.138311565018132,3.085197432411663,-8.190850799290558,-1.0104920555846805e-13
196.97288635814397,17.210923127796544,7.13083682436877,3.0789340744647564,-8.206107155483506,-1.0104920555846805e-13
197.01463151683453,17.202666369702197,7.123660362147184,3.072928536244577,-8.221061411724985,-1.0104920555846805e-13
197.05633020595872,17.194284655124196,7.116778948957186,3.0671767219649304,-8.235716494699737,-1.0104920555846805e-13
197.0979828169799,17.18577928653527,7.110189355402578,3.0616745324508,-8.250075326807579,-1.347322740779574e-13
197.13958974276244,17.1771515659864,7.103888352087165,3.0564178651599843,-8.264140826183409,-1.515738083377021e-13
197.18115137756251,17.16840279510781,7.097872709614759,3.051402614204647,-8.277915906717018,-1.347322740779574e-13
197.2226681170198,17.159534275109806,7.0921391985891615,3.046624670372724,-8.29140347807288,-1.1789073981821273e-13
197.26414035814838,17.150547306783732,7.086684589614179,3.0420799211492473,-8.304606445709723,-1.347322740779574e-13
197.30556849932825,17.141443190502873,7.0815056532936245,3.037764250737527,-8.31752771090002,-1.515738083377021e-13
197.34695294029677,17.132223226223385,7.0765991602312965,3.0336735400802435,-8.33017017074934,-1.0104920555846805e-13
197.38829408213988,17.122888713485178,7.071961881031004,3.029803666880389,-8.342536718215548,-1.347322740779574e-13
197.42959232728384,17.11344095141287,7.067590586296554,3.0261505056220974,-8.354630242127875,-1.0104920555846805e-13
197.47084807948667,17.10388123871666,7.063482046631754,3.02270992759137,-8.366453627205864,-1.0104920555846805e-13
197.51206174382983,17.09421087369324,7.0596330326404075,3.0194778008966465,-8.378009754078159,-8.420767129872338e-14
197.55323372670986,17.08443115422673,7.0560403149263236,3.016449990489264,-8.389301499301139,-1.347322740779574e-13
197.5943644358301,17.074543377789535,7.052700664093309,3.013622358183787,-8.400331735377426,-1.0104920555846805e-13
197.6354542801926,17.0645488414433,7.049610850745167,3.010990762678204,-8.411103330774257,-1.0104920555846805e-13
197.67650367008986,17.054448841839758,7.046767645485707,3.0085510595739926,-8.42161914994165,-1.0104920555846805e-13
197.7175130170967,17.044244675221698,7.044167818918733,3.0062991013960603,-8.431882053330476,-1.0104920555846805e-13
197.75848273406257,17.03393763742377,7.041808141648055,3.004230737612514,-8.44189489741036,-8.420767129872338e-14
197.79941323510317,17.023529023873433,7.039685384277476,3.0023418146543563,-8.451660534687411,-8.420767129872338e-14
197.84030493559285,17.013020129591833,7.037796317410804,3.000628175934984,-8.461181813721797,-1.347322740779574e-13
197.88115825215667,17.0024122491947,7.036137711651845,2.999085661869574,-8.470461579145178,-1.1789073981821273e-13
197.92197360266266,16.99170667689319,7.034706337604406,2.997710109894334,-8.479502671677972,-1.0104920555846805e-13
197.96275140621407,16.980904706494833,7.033498965872291,2.996497354485602,-8.488307928146435,-1.1789073981821273e-13
198.00349208314182,16.970007631404336,7.0325123670593115,2.995443227178794,-8.49688018149961,-1.0104920555846805e-13
198.0441960549969,16.9590167446245,7.031743311769268,2.994543556587238,-8.505222260826091,-1.1789073981821273e-13
198.08486374454273,16.94793333875708,7.031188570605972,2.993794168420815,-8.513336991370617,-1.1789073981821273e-13
198.125495575748,16.93675870600363,7.030844914173227,2.993190885504508,-8.521227194550509,-1.0104920555846805e-13
198.16609197377903,16.92549413816639,7.030709113074839,2.992729527796757,-8.528895687971927,-1.347322740779574e-13
198.2066533649925,16.914140926649168,7.030777937914617,2.992405912407703,-8.536345285445963,-1.347322740779574e-13
198.2471801769284,16.902700362458102,7.031048159296366,2.9922158536172474,-8.543578797004551,-1.1789073981821273e-13
198.2876728383026,16.891173736202603,7.031516547823891,2.9921551628929897,-8.550599028916217,-1.1789073981821273e-13
198.32813177899993,16.879562338096136,7.032179874101001,2.992219648908,-8.557408783701632,-1.6841534259744677e-13
198.36855743006709,16.867867457957075,7.033034908731501,2.9924051175584383,-8.564010860149022,-6.73661370389787e-14
198.40895022370552,16.85609038520959,7.034078422319198,2.9927073719810293,-8.570408053329357,-6.73661370389787e-14
198.44931059326473,16.844232408884395,7.035307185467898,2.993122212570383,-8.576603154611405,-1.0104920555846805e-13
198.48963897323532,16.832294817619612,7.036717968781408,2.9936454369961436,-8.58259895167657,-1.347322740779574e-13
198.52993579924225,16.8202788996616,7.038307542863533,2.9942728402200083,-8.588398228533574,-8.420767129872338e-14
198.57020150803814,16.808185942865762,7.040072678318082,2.9950002145125705,-8.594003765532943,-1.0104920555846805e-13
198.61043653749655,16.79601723469735,7.042010145748859,2.9958233494700197,-8.599418339381334,-8.420767129872338e-14
198.65064132660558,16.783774062232254,7.044116715759669,2.9967380320306773,-8.604644723155632,-1.0104920555846805e-13
198.69081631546132,16.771457712157822,7.046389158954325,2.997740046491368,-8.60968568631691,-1.1789073981821273e-13
198.73096194526116,16.75906947077369,7.048824245936627,2.998825174523659,-8.614543994724187,-1.1789073981821273e-13
198.77107865829788,16.746610623992503,7.051418747310384,2.999989195189905,-8.619222410648002,-8.420767129872338e-14
198.81116689795311,16.734082457340698,7.054169433679402,3.0012278849591545,-8.62372369278379,-1.0104920555846805e-13
198.85122710869103,16.721486255959352,7.057073075647487,3.002537017722904,-8.628050596265084,-1.1789073981821273e-13
198.8912597360525,16.708823304604877,7.0601264438184455,3.0039123648106703,-8.632205872676533,-1.1789073981821273e-13
198.93126522664866,16.696094887649828,7.0633263087960865,3.0053496950054135,-8.636192270066722,-1.347322740779574e-13
198.97124402815513,16.683302289083656,7.066669441184212,3.0068447745588123,-8.640012532960819,-6.73661370389787e-14
199.01119658930605,16.67044679251345,7.070152611586631,3.0083933672063488,-8.643669402373,-1.0104920555846805e-13
199.05112335988812,16.657529681164675,7.073772590607152,3.0099912341822592,-8.647165615818729,-5.0524602779234026e-14
199.0910247907349,16.64455223788196,7.077526148849575,3.011634134234301,-8.650503907326819,-1.0104920555846805e-13
199.13090133372103,16.631515745129768,7.081410056917714,3.013317823638384,-8.653687007451307,-8.420767129872338e-14
199.1707534417566,16.61842148499315,7.08542108541537,3.015038056213005,-8.656717643283155,-6.73661370389787e-14
199.2105815687814,16.60527073917853,7.089556004946353,3.016790583333571,-8.659598538461733,-1.0104920555846805e-13
199.25038616975974,16.592064789014294,7.093811586114466,3.018571153946487,-8.662332413186144,-1.0104920555846805e-13
199.2901677006747,16.57880491545159,7.098184599523518,3.02037551458315,-8.664921984226327,-6.73661370389787e-14
199.32992661852282,16.565492399065015,7.102671815777316,3.0221994093737496,-8.667369964933993,-5.0524602779234026e-14
199.369663381309,16.5521285200533,7.107270005479663,3.0240385800609104,-8.66967906525336,-6.73661370389787e-14
199.40937844804085,16.53871455823998,7.111975939234366,3.0258887660131593,-8.671851991731687,-6.73661370389787e-14
199.44907227872397,16.52525179307411,7.116786387645236,3.0277457042382516,-8.673891447529634,-1.0104920555846805e-13
199.48874533435657,16.511741503630926,7.121698121316077,3.0296051293963244,-8.675800132431437,-6.73661370389787e-14
199.52839807692445,16.4981849686125,7.126707910850692,3.0314627738128856,-8.677580742854852,-8.420767129872338e-14
199.5680309693962,16.48458346634843,7.131812526852893,3.0333143674916414,-8.679235971860946,-1.0104920555846805e-13
199.60764447571825,16.47093827479646,7.1370087399264825,3.035155638127158,-8.680768509163691,-1.0104920555846805e-13
199.6472390608099,16.457250671543143,7.142293320675266,3.0369823111173706,-8.682181041139362,-8.420767129872338e-14
199.68681519055895,16.443521933804483,7.147663039703054,3.0387901095759227,-8.683476250835723,-1.0104920555846805e-13
199.7263733318164,16.429753338426593,7.15311466761365,3.0405747543443495,-8.684656817981049,-6.73661370389787e-14
199.7659139523925,16.41594616188624,7.158644975010864,3.042331964004081,-8.685725418992964,-8.420767129872338e-14
199.80543752105189,16.402101680291544,7.164250732498498,3.044057454888309,-8.686684726987073,-1.6841534259744676e-14
199.84494450750907,16.38822116938257,7.169928710680361,3.0457469410936815,-8.687537411785376,-6.73661370389787e-14
199.88443538242421,16.374305904531884,7.175675680160258,3.047396134491819,-8.68828613992455,-5.0524602779234026e-14
199.9239106173986,16.360357160745217,7.181488411541995,3.0490007447407073,-8.688933574663997,-6.73661370389787e-14
199.9633706849706,16.346376212662005,7.187363675429381,3.050556479295894,-8.689482375993716,-6.73661370389787e-14
200.00281605861127,16.332364334555987,7.193298242426221,3.0520590434215418,-8.689935200642001,-5.0524602779234026e-14
200.04224721272033,16.31832280033579,7.1992888831363215,3.053504140201319,-8.690294702082914,-1.0104920555846805e-13
200.08166462262213,16.304252883545466,7.2053323681634875,3.0548874705491245,-8.690563530543603,-1.0104920555846805e-13
200.12106876456158,16.290155857365068,7.2114254681115275,3.056204733219668,-8.690744333011416,-5.0524602779234026e-14
200.16046011570026,16.27603299461122,7.217564953584247,3.057451624818866,-8.69083975324082,-1.0104920555846805e-13
200.1998391541127,16.261885567737608,7.223747595185454,3.058623839814112,-8.690852431760156,-5.0524602779234026e-14
200.23920635878238,16.247714848835574,7.229970163518954,3.0597170705443593,-8.690785005878194,-8.420767129872338e-14
200.2785622095981,16.233522109634595,7.23622942918855,3.060727007230056,-8.690640109690472,-8.420767129872338e-14
200.31790718735047,16.21930862150284,7.242522162798053,3.061649337982932,-8.690420374085518,-1.0104920555846805e-13
200.3572417737281,16.20507565544765,7.248845134951267,3.062479748815607,-8.690128426750798,-3.368306851948935e-14
200.39656645131424,16.190824482116074,7.255195116252001,3.063213923651071,-8.68976689217856,-6.73661370389787e-14
200.43588170358325,16.176556371795332,7.261568877304059,3.063847544331984,-8.689338391671443,-6.73661370389787e-14
200.47518801489733,16.16227259441335,7.26796318871125,3.064376290629824,-8.688845543347906,-8.420767129872338e-14
200.51448587050317,16.147974419539185,7.274374821077375,3.0647958402539017,-8.688290962147512,-6.73661370389787e-14
200.55377575652847,16.133663116383534,7.280800545006246,3.0651018688601837,-8.687677259835949,-1.0104920555846805e-13
200.59305815997922,16.119339953799198,7.2872371311016675,3.0652900500599896,-8.687007045009972,-6.73661370389787e-14
200.63233356873616,16.10500620028152,7.293681349967446,3.0653560554285333,-8.68628292310206,-5.0524602779234026e-14
200.67160247155192,16.090663123968863,7.300129972207387,3.065295554513294,-8.685507496384977,-6.73661370389787e-14
200.7108653580481,16.076311992643024,7.306579768425298,3.0651042148422523,-8.684683363976081,-1.6841534259744676e-14
200.75012271871213,16.06195407372968,7.313027509224985,3.0647777019319635,-8.683813121841503,-5.0524602779234026e-14
200.78937504489468,16.04759063429881,7.319469965210256,3.0643116792954888,-8.68289936280011,-3.368306851948935e-14
200.82862282880666,16.03322294106513,7.325903906984916,3.0637018084501624,-8.681944676527326,-5.0524602779234026e-14
200.8678665635166,16.018852260388464,7.3323261051527675,3.062943748925224,-8.680951649558734,-5.0524602779234026e-14
200.90710674294795,16.004479858274188,7.338733330317624,3.062033158269288,-8.679922865293511,-6.73661370389787e-14
200.9463438618766,15.990107000373598,7.34512235308329,3.0609656920576653,-8.678860903997705,-5.0524602779234026e-14
200.98557841592813,15.975734951984306,7.3514899440535695,3.0597370038995555,-8.677768342807314,-6.73661370389787e-14
201.02481090157545,15.961364978050607,7.357832873832271,3.058342745445058,-8.676647755731183,-3.368306851948935e-14
201.06404181613652,15.946998343163864,7.3641479130231975,3.056778566392064,-8.675501713653757,-6.73661370389787e-14
201.10327165777178,15.932636311562863,7.37043183223016,3.0550401144929893,-8.674332784337597,-8.420767129872338e-14
201.14250092548204,15.918280147134153,7.376681402056963,3.053123035561359,-8.673143532425797,-1.6841534259744676e-14
201.18173011910616,15.903931113412415,7.3828933931074125,3.0510229734782595,-8.671936519444165,-3.368306851948935e-14
201.22095973931897,15.88959047358079,7.389064575985315,3.0487355701986294,-8.670714303803248,-5.0524602779234026e-14
201.26019028762911,15.8752594904712,7.395191721294478,3.0462564657574145,-8.669479440800206,-6.73661370389787e-14
201.2994222663771,15.860939426564672,7.401271599638709,3.0435812982755777,-8.668234482620466,-5.0524602779234026e-14
