galstreams/tracks/track.st.Spectre.chandra2022.ecsv
# %ECSV 1.0
# ---
# datatype:
# - {name: ra, unit: deg, datatype: float64}
# - {name: dec, unit: deg, datatype: float64}
# - {name: distance, unit: kpc, datatype: float64}
# - {name: pm_ra_cosdec, unit: mas / yr, datatype: float64}
# - {name: pm_dec, unit: mas / yr, datatype: float64}
# - {name: radial_velocity, unit: km / s, datatype: float64}
# delimiter: ','
# meta: !!omap
# - __serialized_columns__:
#     dec:
#       __class__: astropy.coordinates.angles.Latitude
#       unit: &id001 !astropy.units.Unit {unit: deg}
#       value: !astropy.table.SerializedColumn {name: dec}
#     distance:
#       __class__: astropy.coordinates.distances.Distance
#       unit: !astropy.units.Unit {unit: kpc}
#       value: !astropy.table.SerializedColumn {name: distance}
#     pm_dec:
#       __class__: astropy.units.quantity.Quantity
#       unit: !astropy.units.Unit {unit: mas / yr}
#       value: !astropy.table.SerializedColumn {name: pm_dec}
#     pm_ra_cosdec:
#       __class__: astropy.units.quantity.Quantity
#       unit: !astropy.units.Unit {unit: mas / yr}
#       value: !astropy.table.SerializedColumn {name: pm_ra_cosdec}
#     ra:
#       __class__: astropy.coordinates.angles.Longitude
#       unit: *id001
#       value: !astropy.table.SerializedColumn {name: ra}
#       wrap_angle: !astropy.coordinates.Angle
#         unit: *id001
#         value: 360.0
#     radial_velocity:
#       __class__: astropy.units.quantity.Quantity
#       unit: !astropy.units.Unit {unit: km / s}
#       value: !astropy.table.SerializedColumn {name: radial_velocity}
# schema: astropy-2.0
ra,dec,distance,pm_ra_cosdec,pm_dec,radial_velocity
[from data line 588]
213.07404252324667,39.20813202813276,12.5,-5.5965776997650885,-5.577042746597499,-127.79117324401592
213.0652374506911,39.20079383597049,12.500000000000002,-5.596251208729354,-5.578266883065652,-127.75508381019338
213.0564342268049,39.19345497518319,12.500000000000002,-5.595924721567972,-5.579490818418654,-127.71899437637101
213.04763285090388,39.18611544607446,12.500000000000005,-5.595598238343758,-5.580714552726518,-127.68290494254855
213.038833322304,39.178775248947794,12.500000000000002,-5.5952717591194805,-5.5819380860592585,-127.64681550872612
213.0300356403213,39.17143438410655,12.500000000000002,-5.594945283957845,-5.583161418486852,-127.61072607490387
213.0212398042721,39.164092851853866,12.500000000000002,-5.594618812921503,-5.584384550079281,-127.57463664108127
213.0124458134729,39.156750652492825,12.500000000000002,-5.59429234607306,-5.585607480906507,-127.53854720725886
213.0036536672403,39.149407786326364,12.500000000000002,-5.593965883475054,-5.586830211038479,-127.50245777343642
212.99486336489102,39.14206425365722,12.500000000000005,-5.593639425189976,-5.588052740545138,-127.466368339614
212.98607490574207,39.13472005478803,12.5,-5.593312971280266,-5.589275069496405,-127.4302789057916
212.9772882891105,39.12737519002129,12.500000000000002,-5.592986521808295,-5.590497197962186,-127.39418947196913
212.96850351431368,39.12002965965934,12.5,-5.592660076836392,-5.591719126012382,-127.35810003814665
212.959720580669,39.11268346400439,12.5,-5.592333636426829,-5.592940853716875,-127.32201060432423
212.9509394874941,39.10533660335848,12.500000000000002,-5.592007200641815,-5.594162381145532,-127.28592117050175
212.94216023410678,39.09798907802358,12.5,-5.591680769543519,-5.595383708368213,-127.24983173667935
212.93338281982497,39.09064088830143,12.500000000000002,-5.591354343194041,-5.596604835454759,-127.21374230285683
212.9246072439668,39.08329203449369,12.5,-5.5910279216554395,-5.597825762475001,-127.17765286903439
212.91583350585054,39.07594251690186,12.500000000000002,-5.590701504989703,-5.59904648949875,-127.14156343521206
212.90706160479468,39.06859233582728,12.500000000000004,-5.59037509325878,-5.600267016595815,-127.10547400138954
212.89829154011784,39.06124149157121,12.500000000000002,-5.590048686524559,-5.601487343835981,-127.06938456756717
212.88952331113873,39.05388998443469,12.500000000000004,-5.589722284848872,-5.602707471289023,-127.0332951337447
212.88075691717646,39.04653781471867,12.5,-5.589395888293501,-5.603927399024702,-126.99720569992226
212.87199235755003,39.039184982723945,12.500000000000004,-5.5890694969201675,-5.605147127112769,-126.96111626609988
212.86322963157878,39.03183148875117,12.500000000000002,-5.588743110790549,-5.606366655622954,-126.92502683227748
212.85446873858217,39.02447733310087,12.5,-5.588416729966259,-5.607585984624982,-126.88893739845511
212.84570967787982,39.0171225160734,12.500000000000002,-5.588090354508859,-5.6088051141885575,-126.85284796463255
212.83695244879155,39.009767037969006,12.500000000000002,-5.58776398447986,-5.610024044383374,-126.81675853081003
212.82819705063736,39.0024108990878,12.500000000000004,-5.587437619940718,-5.611242775279111,-126.78066909698774
212.81944348273728,38.99505409972971,12.5,-5.587111260952833,-5.6124613069454385,-126.74457966316531
212.81069174441174,38.987696640194564,12.500000000000002,-5.586784907577552,-5.613679639452,-126.70849022934287
212.80194183498108,38.98033852078203,12.500000000000002,-5.586458559876165,-5.614897772868442,-126.67240079552032
212.79319375376608,38.97297974179165,12.500000000000004,-5.586132217909916,-5.616115707264383,-126.63631136169792
212.78444750008745,38.9656203035228,12.500000000000002,-5.58580588173999,-5.617333442709439,-126.60022192787547
212.7757030732662,38.95826020627476,12.500000000000004,-5.585479551427517,-5.618550979273203,-126.56413249405306
212.76696047262348,38.95089945034663,12.500000000000002,-5.585153227033578,-5.619768317025258,-126.52804306023067
212.7582196974806,38.94353803603739,12.500000000000004,-5.58482690861919,-5.620985456035174,-126.4919536264082
212.74948074715905,38.93617596364586,12.500000000000005,-5.584500596245331,-5.622202396372509,-126.45586419258578
212.74074362098048,38.928813233470756,12.500000000000002,-5.584174289972916,-5.6234191381068035,-126.41977475876332
212.7320083182667,38.921449845810635,12.500000000000005,-5.5838479898628055,-5.624635681307579,-126.3836853249409
212.72327483833976,38.91408580096389,12.500000000000004,-5.583521695975815,-5.625852026044353,-126.3475958911185
212.71454318052173,38.90672109922881,12.500000000000002,-5.583195408372698,-5.627068172386627,-126.31150645729608
212.705813344135,38.89935574090354,12.500000000000002,-5.582869127114156,-5.6282841204038805,-126.27541702347364
212.69708532850203,38.89198972628607,12.500000000000002,-5.582542852260842,-5.629499870165592,-126.2393275896512
212.68835913294552,38.884623055674254,12.500000000000005,-5.58221658387335,-5.630715421741213,-126.20323815582873
212.67963475678832,38.877255729365835,12.500000000000004,-5.581890322012226,-5.631930775200189,-126.16714872200626
212.67091219935338,38.869887747658375,12.500000000000005,-5.581564066737958,-5.63314593061195,-126.13105928818385
212.6621914599639,38.862519110849306,12.500000000000005,-5.581237818110984,-5.634360888045909,-126.09496985436145
212.65347253794326,38.855149819235955,12.500000000000004,-5.580911576191686,-5.635575647571469,-126.05888042053903
212.64475543261494,38.84777987311547,12.500000000000004,-5.580585341040398,-5.636790209258013,-126.02279098671669
212.63604014330264,38.84040927278488,12.500000000000004,-5.580259112717395,-5.6380045731749195,-125.98670155289417
212.62732666933016,38.833038018541075,12.500000000000005,-5.5799328912828985,-5.639218739391541,-125.95061211907165
212.6186150100216,38.82566611068079,12.500000000000002,-5.5796066767970895,-5.640432707977228,-125.9145226852493
212.60990516470113,38.818293549500645,12.500000000000005,-5.579280469320075,-5.6416464790013,-125.8784332514268
212.60119713269313,38.81092033529711,12.500000000000005,-5.578954268911927,-5.642860052533079,-125.84234381760457
212.59249091332205,38.803546468366505,12.500000000000005,-5.578628075632659,-5.644073428641871,-125.806254383782
212.58378650591268,38.79617194900504,12.500000000000004,-5.578301889542232,-5.645286607396958,-125.7701649499596
212.57508390978987,38.788796777508765,12.500000000000002,-5.577975710700548,-5.646499588867611,-125.73407551613714
212.56638312427862,38.78142095417358,12.500000000000004,-5.577649539167466,-5.647712373123092,-125.69798608231466
212.55768414870423,38.77404447929529,12.500000000000005,-5.577323375002786,-5.648924960232641,-125.66189664849227
212.548986982392,38.7666673531695,12.500000000000002,-5.576997218266261,-5.650137350265494,-125.62580721466976
212.54029162466753,38.759289576091746,12.500000000000004,-5.576671069017584,-5.651349543290863,-125.58971778084742
212.5315980748565,38.751911148357365,12.500000000000004,-5.576344927316399,-5.652561539377944,-125.55362834702495
212.52290633228486,38.74453207026161,12.500000000000005,-5.576018793222301,-5.653773338595929,-125.5175389132026
212.51421639627864,38.73715234209954,12.500000000000005,-5.575692666794828,-5.654984941013994,-125.48144947938002
212.5055282661641,38.729771964166126,12.500000000000005,-5.575366548093467,-5.656196346701286,-125.4453600455577
212.4968419412676,38.722390936756156,12.500000000000005,-5.575040437177652,-5.657407555726958,-125.40927061173517
212.48815742091577,38.71500926016434,12.500000000000005,-5.574714334106767,-5.658618568160132,-125.37318117791283
212.4794747044353,38.70762693468517,12.500000000000004,-5.574388238940141,-5.659829384069926,-125.3370917440903
212.47079379115314,38.70024396061308,12.500000000000005,-5.574062151737053,-5.661040003525435,-125.301002310268
212.4621146803964,38.69286033824232,12.500000000000002,-5.57373607255673,-5.662250426595749,-125.26491287644549
212.4534373714923,38.68547606786699,12.500000000000004,-5.573410001458339,-5.6634606533499365,-125.228823442623
212.4447618637683,38.678091149781125,12.500000000000004,-5.573083938501007,-5.66467068385705,-125.1927340088007
212.43608815655193,38.67070558427852,12.500000000000005,-5.572757883743802,-5.665880518186134,-125.15664457497813
212.42741624917107,38.66331937165293,12.500000000000007,-5.572431837245743,-5.667090156406211,-125.12055514115583
212.41874614095357,38.65593251219789,12.500000000000005,-5.572105799065793,-5.668299598586301,-125.08446570733328
212.41007783122762,38.64854500620688,12.500000000000005,-5.57177976926287,-5.669508844795393,-125.04837627351093
212.40141131932145,38.641156853973165,12.500000000000005,-5.571453747895831,-5.6707178951024755,-125.01228683968854
212.39274660456354,38.63376805578993,12.500000000000002,-5.571127735023489,-5.67192674957651,-124.9761974058661
212.38408368628248,38.62637861195017,12.500000000000002,-5.5708017307045985,-5.673135408286452,-124.94010797204359
212.37542256380712,38.6189885227468,12.500000000000005,-5.570475734997867,-5.6743438713012395,-124.90401853822118
212.3667632364664,38.611597788472565,12.500000000000005,-5.570149747961953,-5.675552138689798,-124.8679291043988
212.35810570358944,38.60420640942007,12.500000000000004,-5.569823769655457,-5.676760210521038,-124.83183967057622
212.3494499645056,38.596814385881814,12.500000000000004,-5.56949780013693,-5.677968086863846,-124.79575023675388
212.34079601854435,38.58942171815012,12.500000000000005,-5.56917183946487,-5.679175767787104,-124.75966080293144
212.33214386503536,38.58202840651718,12.500000000000005,-5.56884588769773,-5.680383253359677,-124.72357136910902
212.32349350330838,38.574634451275095,12.500000000000005,-5.568519944893905,-5.6815905436504135,-124.68748193528658
212.31484493269352,38.567239852715794,12.500000000000002,-5.56819401111174,-5.682797638728152,-124.65139250146424
212.30619815252084,38.55984461113104,12.500000000000004,-5.567868086409526,-5.6840045386617035,-124.61530306764168
212.29755316212075,38.55244872681251,12.500000000000005,-5.5675421708455115,-5.68521124351988,-124.57921363381925
212.28890996082376,38.545052200051714,12.500000000000005,-5.5672162644778815,-5.686417753371467,-124.54312419999673
212.28026854796053,38.537655031140076,12.500000000000005,-5.566890367364783,-5.687624068285239,-124.5070347661743
212.27162892286196,38.5302572203688,12.500000000000002,-5.5665644795643034,-5.68883018832996,-124.47094533235195
212.26299108485904,38.52285876802902,12.500000000000005,-5.566238601134476,-5.690036113574369,-124.43485589852942
212.25435503328296,38.51545967441173,12.500000000000002,-5.565912732133291,-5.691241844087197,-124.39876646470711
212.24572076746514,38.50805993980773,12.500000000000005,-5.565586872618681,-5.6924473799371595,-124.36267703088465
212.2370882867371,38.500659564507764,12.500000000000005,-5.565261022648533,-5.693652721192958,-124.32658759706223
212.22845759043054,38.49325854880238,12.500000000000005,-5.56493518228068,-5.694857867923273,-124.29049816323982
212.21982867787742,38.48585689298202,12.500000000000002,-5.564609351572908,-5.696062820196778,-124.25440872941746
212.2112015484097,38.47845459733698,12.500000000000002,-5.56428353058294,-5.697267578082123,-124.2183192955949
212.20257620135965,38.471051662157414,12.500000000000005,-5.563957719368464,-5.698472141647947,-124.18222986177241
212.19395263605972,38.46364808773337,12.500000000000004,-5.5636319179871085,-5.699676510962878,-124.14614042794996
212.18533085184248,38.456243874354705,12.500000000000005,-5.563306126496448,-5.70088068609552,-124.11005099412753
212.17671084804067,38.44883902231121,12.500000000000005,-5.562980344954019,-5.7020846671144705,-124.07396156030522
212.16809262398718,38.441433531892486,12.500000000000005,-5.562654573417294,-5.703288454088306,-124.03787212648272
212.15947617901512,38.43402740338803,12.500000000000005,-5.562328811943701,-5.704492047085591,-124.00178269266023
212.15086151245782,38.42662063708717,12.500000000000004,-5.562003060590616,-5.705695446174868,-123.96569325883793
212.14224862364864,38.419213233279145,12.500000000000002,-5.561677319415367,-5.706898651424679,-123.92960382501553
212.13363751192122,38.411805192253006,12.500000000000005,-5.5613515884752225,-5.708101662903534,-123.89351439119292
212.1250281766094,38.40439651429773,12.500000000000005,-5.561025867827414,-5.709304480679935,-123.8574249573706
212.11642061704708,38.39698719970209,12.500000000000005,-5.5607001575291175,-5.710507104822375,-123.82133552354819
212.1078148325684,38.38957724875478,12.500000000000004,-5.560374457637449,-5.711709535399319,-123.7852460897257
212.09921082250767,38.382166661744336,12.500000000000004,-5.560048768209487,-5.712911772479226,-123.74915665590318
212.09060858619938,38.37475543895917,12.500000000000004,-5.559723089302256,-5.714113816130536,-123.71306722208072
212.0820081229782,38.36734358068754,12.500000000000002,-5.559397420972729,-5.715315666421674,-123.67697778825838
212.07340943217892,38.359931087217575,12.500000000000004,-5.559071763277824,-5.71651732342105,-123.64088835443603
212.06481251313653,38.352517958837296,12.500000000000005,-5.558746116274419,-5.717718787197061,-123.60479892061359
212.05621736518623,38.345104195834544,12.500000000000005,-5.558420480019331,-5.718920057818083,-123.56870948679108
212.04762398766334,38.33768979849705,12.500000000000005,-5.5580948545693385,-5.720121135352482,-123.53262005296864
212.03903237990343,38.33027476711243,12.500000000000004,-5.557769239981161,-5.7213220198686034,-123.49653061914627
212.0304425412421,38.32285910196813,12.500000000000004,-5.5574436363114685,-5.722522711434783,-123.46044118532376
212.0218544710153,38.31544280335147,12.500000000000004,-5.557118043616887,-5.723723210119335,-123.42435175150135
212.01326816855902,38.30802587154967,12.500000000000002,-5.556792461953989,-5.7249235159905645,-123.38826231767887
212.00468363320948,38.30060830684977,12.500000000000005,-5.556466891379289,-5.726123629116751,-123.35217288385648
211.9961008643031,38.29319010953868,12.500000000000004,-5.55614133194927,-5.727323549566176,-123.31608345003393
211.98751986117637,38.285771279903216,12.500000000000002,-5.555815783720352,-5.728523277407084,-123.27999401621167
211.97894062316607,38.278351818230014,12.500000000000005,-5.555490246748902,-5.729722812707717,-123.24390458238922
211.97036314960908,38.27093172480562,12.500000000000002,-5.555164721091251,-5.730922155536304,-123.20781514856674
211.96178743984248,38.26351099991639,12.500000000000005,-5.554839206803669,-5.732121305961049,-123.17172571474433
211.95321349320355,38.25608964384861,12.500000000000005,-5.55451370394238,-5.733320264050143,-123.13563628092196
211.94464130902966,38.248667656888365,12.500000000000002,-5.554188212563561,-5.73451902987177,-123.09954684709938
211.93607088665848,38.24124503932166,12.500000000000005,-5.553862732723331,-5.735717603494081,-123.06345741327694
211.92750222542773,38.233821791434366,12.500000000000002,-5.553537264477773,-5.736915984985231,-123.02736797945447
211.91893532467537,38.22639791351217,12.500000000000005,-5.553211807882907,-5.73811417441334,-122.99127854563213
211.91037018373956,38.21897340584069,12.500000000000002,-5.552886362994715,-5.739312171846535,-122.95518911180976
211.90180680195854,38.21154826870535,12.500000000000005,-5.552560929869115,-5.740509977352901,-122.91909967798736
211.89324517867078,38.20412250239147,12.500000000000002,-5.552235508561994,-5.741707591000532,-122.8830102441649
211.88468531321493,38.19669610718425,12.500000000000005,-5.551910099129174,-5.742905012857488,-122.84692081034237
211.87612720492984,38.189269083368735,12.500000000000005,-5.551584701626439,-5.74410224299182,-122.81083137651991
211.86757085315446,38.18184143122984,12.500000000000005,-5.551259316109517,-5.745299281471566,-122.77474194269757
211.85901625722798,38.17441315105235,12.500000000000005,-5.550933942634088,-5.746496128364746,-122.73865250887502
