galstreams/tracks/track.st.Gaia-9.ibata2021.ecsv
# %ECSV 1.0
# ---
# datatype:
# - {name: ra, unit: deg, datatype: float64}
# - {name: dec, unit: deg, datatype: float64}
# - {name: distance, unit: kpc, datatype: float64}
# - {name: pm_ra_cosdec, unit: mas / yr, datatype: float64}
# - {name: pm_dec, unit: mas / yr, datatype: float64}
# - {name: radial_velocity, unit: km / s, datatype: float64}
# delimiter: ','
# meta: !!omap
# - __serialized_columns__:
#     dec:
#       __class__: astropy.coordinates.angles.Latitude
#       unit: &id001 !astropy.units.Unit {unit: deg}
#       value: !astropy.table.SerializedColumn {name: dec}
#     distance:
#       __class__: astropy.coordinates.distances.Distance
#       unit: !astropy.units.Unit {unit: kpc}
#       value: !astropy.table.SerializedColumn {name: distance}
#     pm_dec:
#       __class__: astropy.units.quantity.Quantity
#       unit: !astropy.units.Unit {unit: mas / yr}
#       value: !astropy.table.SerializedColumn {name: pm_dec}
#     pm_ra_cosdec:
#       __class__: astropy.units.quantity.Quantity
#       unit: !astropy.units.Unit {unit: mas / yr}
#       value: !astropy.table.SerializedColumn {name: pm_ra_cosdec}
#     ra:
#       __class__: astropy.coordinates.angles.Longitude
#       unit: *id001
#       value: !astropy.table.SerializedColumn {name: ra}
#       wrap_angle: !astropy.coordinates.Angle
#         unit: *id001
#         value: 360.0
#     radial_velocity:
#       __class__: astropy.units.quantity.Quantity
#       unit: !astropy.units.Unit {unit: km / s}
#       value: !astropy.table.SerializedColumn {name: radial_velocity}
# schema: astropy-2.0
ra,dec,distance,pm_ra_cosdec,pm_dec,radial_velocity
[from data line 1566]
240.8956037816163,57.564836409666924,4.456600175932633,-10.197440564594288,6.778375298990737,-213.53829989702754
240.9033385628798,57.555557243632556,4.457483757240968,-10.19416530280009,6.776359142480716,-213.64704451078566
240.91106611343616,57.54627671282367,4.458368652713863,-10.19089314005325,6.774341742824028,-213.75618210440652
240.91878643309562,57.5369948168045,4.4592548637670415,-10.187624078983216,6.772323103125755,-213.8657133623894
240.92649952166872,57.527711555139206,4.460142391816228,-10.184358122218345,6.770303226490679,-213.97563896923384
240.93420537896603,57.51842692739191,4.461031238277141,-10.181095272385932,6.768282116023256,-214.08595960943913
240.94190400479843,57.50914093312664,4.461921404565505,-10.177835532112162,6.76625977482763,-214.19667596750455
240.949595398977,57.49985357190744,4.462812892097042,-10.174578904022155,6.764236206007649,-214.30778872792968
240.95727956131307,57.490564843298266,4.463705702287474,-10.171325390739918,6.762211412666834,-214.4192985752138
240.96495649161795,57.481274746863015,4.464599836552524,-10.168074994888446,6.760185397908359,-214.5312061938563
240.97262618970342,57.47198328216552,4.465495296307913,-10.1648277190896,6.758158164835093,-214.64351226835666
240.98028865538132,57.462690448769614,4.466392082969362,-10.1615835659642,6.756129716549584,-214.75621748321404
240.98794388846363,57.45339624623901,4.467290197952597,-10.158342538132,6.754100056154003,-214.869322522928
240.9955918887627,57.444100674137374,4.468189642673338,-10.155104638211668,6.752069186750239,-214.982828071998
241.003232656091,57.434803732028335,4.469090418547308,-10.151869868820825,6.750037111439797,-215.0967348149232
241.0108661902611,57.42550541947541,4.469992526990227,-10.148638232576047,6.748003833323857,-215.2110434362032
241.018492491086,57.41620573604213,4.47089596941782,-10.145409732092808,6.745969355503245,-215.3257546203372
241.02611155837863,57.40690468129188,4.47180074724581,-10.142184369985578,6.743933681078437,-215.44086905182468
241.03372339195232,57.397602254788005,4.4727068618899155,-10.138962148867744,6.741896813149555,-215.55638741516498
241.04132799162062,57.3882984560938,4.473614314765862,-10.13574307135165,6.739858754816371,-215.6723103948576
241.04892535719708,57.378993284772456,4.47452310728937,-10.132527140048605,6.737819509178269,-215.78863867540173
241.0565154884956,57.36968674038714,4.475433240876163,-10.129314357568864,6.735779079334296,-215.9053729412969
241.06409838533034,57.36037882250089,4.476344716941961,-10.126104726521639,6.733737468383124,-216.02251387704248
241.07167404751553,57.35106953067672,4.477257536902489,-10.122898249515115,6.731694679423043,-216.14006216713784
241.07924247486568,57.3417588644775,4.478171702173468,-10.119694929156422,6.729650715551973,-216.25801849608237
241.0868036671955,57.332446823466086,4.479087214170621,-10.11649476805168,6.727605579867454,-216.37638354837551
241.09435762431985,57.32313340720524,4.48000407430967,-10.113297768805976,6.725559275466648,-216.49515800851648
241.10190434605383,57.313818615257624,4.4809222840063345,-10.110103934023364,6.723511805446327,-216.6143425610047
241.10944383221283,57.30450244718581,4.481841844676341,-10.106913266306853,6.721463172902878,-216.73393789033977
241.11697608261224,57.29518490255233,4.482762757735409,-10.103725768258473,6.719413380932291,-216.8539446810208
241.1245010970679,57.28586598091958,4.4836850245992625,-10.100541442479193,6.717362432630158,-216.97436361754737
241.13201887539566,57.27654568184989,4.484608646683622,-10.097360291569,6.71531033109167,-217.09519538441876
241.13952941741167,57.26722400490552,4.48553362540421,-10.094182318126855,6.713257079411638,-217.21644066613433
241.14703272293232,57.257900949648594,4.486459962176751,-10.091007524750681,6.711202680684428,-217.33810014719356
241.1545287917741,57.248576515641204,4.487387658416965,-10.087835914037441,6.70914713800404,-217.4601745120957
241.16201762375377,57.23925070244528,4.4883167155405745,-10.084667488583062,6.7070904544640175,-217.58266444534036
241.16949921868832,57.22992350962272,4.489247134963302,-10.081502250982469,6.705032633157524,-217.70557063142667
241.17697357639494,57.22059493673529,4.49017891810087,-10.078340203829583,6.70297367717729,-217.82889375485442
241.1844406966909,57.21126498334464,4.491112066369001,-10.075181349717376,6.700913589615597,-217.95263450012234
241.19190057939386,57.2019336490124,4.492046581183418,-10.072025691237753,6.6988523735643435,-218.07679355173033
241.19935322432164,57.1926009333,4.492982463959841,-10.068873230981666,6.696790032114985,-218.20137159417771
241.20679863129217,57.18326683576884,4.493919716113993,-10.065723971539082,6.694726568358519,-218.3263693119637
241.2142368001237,57.173931355980166,4.494858339061597,-10.06257791549897,6.692661985385531,-218.4517873895878
241.22166773063464,57.16459449349515,4.495798334218375,-10.059435065449318,6.6905962862861585,-218.5776265115492
241.22909142264365,57.15525624787486,4.49673970300005,-10.056295423977122,6.6885294741501085,-218.7038873623477
241.23650787596955,57.14591661868023,4.497682446822343,-10.053158993668424,6.6864615520666195,-218.83057062648234
241.24391709043132,57.13657560547212,4.498626567100976,-10.050025777108283,6.684392523124484,-218.95767698845256
241.25131906584826,57.12723320781122,4.499572065251672,-10.046895776880763,6.6823223904120574,-219.08520713275774
241.25871380203984,57.11788942525818,4.500518942690154,-10.043768995568993,6.680251157017214,-219.2131617438973
241.26610129882582,57.10854425737348,4.501467200832143,-10.04064543575509,6.67817882602741,-219.3415415063708
241.2734815560259,57.099197703717515,4.502416841093361,-10.037525100020265,6.676105400529575,-219.47034710467722
241.28085457346035,57.089849763850545,4.503367864889532,-10.034407990944711,6.674030883610232,-219.5995792233163
241.28822035094936,57.08050043733272,4.504320273636376,-10.031294111107698,6.671955278355403,-219.72923854678726
241.29557888831357,57.071149723724055,4.505274068749617,-10.028183463087508,6.669878587850635,-219.85932575958952
241.30293018537355,57.061797622584486,4.506229251644977,-10.025076049461523,6.667800815180999,-219.98984154622246
241.31027424195037,57.052444133473756,4.507185823738178,-10.02197187280612,6.665721963431109,-220.12078659118544
241.31761105786512,57.04308925595156,4.508143786444942,-10.018870935696743,6.663642035685065,-220.2521615789779
241.32494063293922,57.033732989577395,4.509103141180992,-10.015773240707897,6.661561035026507,-220.38396719409937
241.3322629669942,57.02437533391069,4.510063889362049,-10.012678790413155,6.659478964538552,-220.51620412104893
241.3395780598519,57.015016288510715,4.511026032403836,-10.00958758738512,6.657395827303857,-220.64887304432614
241.34688591133423,57.005655852936606,4.511989571722075,-10.006499634195494,6.65531162640456,-220.7819746484303
241.35418652126341,56.99629402674738,4.51295450873249,-10.003414933415026,6.6532263649223005,-220.91550961786066
241.36147988946198,56.9869308095019,4.5139208448508,-10.000333487613512,6.651140045938233,-221.04947863711712
241.3687660157525,56.97756620075893,4.51488858149273,-9.997255299359853,6.649052672532986,-221.18388239069856
241.37604489995783,56.968200200077064,4.515857720074001,-9.994180371222015,6.646964247786686,-221.31872156310456
241.383316541901,56.95883280701476,4.5168282620103355,-9.991108705767036,6.644874774778933,-221.45399683883437
241.39058094140535,56.94946402113037,4.517800208717456,-9.988040305561025,6.642784256588838,-221.58970890238763
241.3978380982943,56.940093841982055,4.518773561611084,-9.984975173169197,6.640692696294957,-221.72585843826346
241.40508801239164,56.930722269127884,4.519748322106944,-9.981913311155818,6.638600096975364,-221.86244613096144
241.41233068352125,56.92134930212573,4.5207244916207525,-9.978854722084275,6.636506461707567,-221.99947266498074
241.41956611150727,56.91197494053338,4.521702071568239,-9.975799408517016,6.634411793568566,-222.13693872482108
241.426794296174,56.90259918390843,4.5226810633651215,-9.972747373015604,6.632316095634819,-222.2748449949815
241.43401523734607,56.893222031808314,4.5236614684271235,-9.969698618140685,6.630219370982252,-222.4131921599616
241.4412289348482,56.88384348379037,4.524643288169969,-9.96665314645202,6.628121622686248,-222.55198090426063
241.44843538850546,56.87446353941174,4.525626524009375,-9.963610960508436,6.626022853821659,-222.6912119123781
241.45563459814298,56.86508219822946,4.526611177361069,-9.960572062867904,6.623923067462769,-222.83088586881337
241.46282656358616,56.855699459800334,4.52759724964077,-9.957536456087489,6.621822266683324,-222.9710034580656
241.47001128466073,56.84631532368108,4.5285847422642025,-9.954504142723342,6.619720454556526,-223.11156536463454
241.47718876119245,56.836929789428254,4.529573656647089,-9.95147512533076,6.617617634155002,-223.25257227301933
241.48435899300748,56.827542856598214,4.530563994205148,-9.948449406464126,6.615513808550839,-223.39402486771942
241.49152197993192,56.818154524747165,4.531555756354106,-9.94542698867698,6.613408980815537,-223.53592383323405
241.49867772179252,56.8087647934312,4.532548944509683,-9.942407874521919,6.611303154020067,-223.67826985406296
241.5058262184158,56.79937366220619,4.533543560087601,-9.939392066550731,6.609196331234789,-223.82106361470525
241.51296746962873,56.78998113062787,4.534539604503584,-9.936379567314287,6.607088515529524,-223.96430579966034
241.52010147525854,56.780587198251794,4.535537079173354,-9.93337037936259,6.604979709973495,-224.10799709342774
241.52722823513247,56.77119186463338,4.536535985512631,-9.930364505244802,6.602869917635362,-224.25213818050662
241.53434774907814,56.76179512932784,4.53753632493714,-9.927361947509194,6.600759141583183,-224.3967297453965
241.54146001692337,56.75239699189023,4.538538098862602,-9.924362708703171,6.598647384884461,-224.54177247259673
241.54856503849615,56.74299745187543,4.53954130870474,-9.92136679137329,6.596534650606078,-224.6872670466068
241.5556628136247,56.73359650883817,4.540545955879273,-9.918374198065253,6.59442094181435,-224.833214151926
241.56275334213746,56.724194162332964,4.541552041801929,-9.915384931323892,6.59230626157498,-224.9796144730538
241.5698366238631,56.714790411914194,4.542559567888425,-9.912398993693206,6.590190612953085,-225.1264686944893
241.57691265863053,56.70538525713602,4.543568535554487,-9.909416387716313,6.588073999013169,-225.2737775007323
241.58398144626875,56.69597869755247,4.544578946215833,-9.906437115935532,6.585956422819141,-225.42154157628184
241.59104298660714,56.68657073271736,4.545590801288189,-9.903461180892293,6.583837887434299,-225.5697616056374
241.5980972794752,56.6771613621843,4.546604102187278,-9.900488585127206,6.581718395921323,-225.71843827329863
241.6051443247027,56.66775058550679,4.547618850328818,-9.897519331180042,6.579597951342299,-225.86757226376454
241.61218412211957,56.65833840223808,4.548635047128536,-9.894553421589727,6.57747655675867,-226.01716426153467
241.61921667155605,56.648924811931266,4.549652694002149,-9.891590858894366,6.575354215231268,-226.16721495110852
241.62624197284237,56.63950981413923,4.550671792365384,-9.888631645631243,6.5732309298202996,-226.31772501698518
241.63326002580936,56.6300934084147,4.551692343633962,-9.885675784336765,6.571106703585368,-226.46869514366432
241.6402708302877,56.620675594310185,4.552714349223602,-9.882723277546582,6.568981539585404,-226.62012601564507
241.64727438610848,56.611256371378005,4.553737810550031,-9.879774127795471,6.56685544087873,-226.77201831742704
241.65427069310303,56.6018357391703,4.55476272902897,-9.8768283376174,6.564728410523042,-226.92437273350964
241.66125975110273,56.592413697239,4.555789106076137,-9.873885909545553,6.562600451575365,-227.077189948392
241.66824155993936,56.58299024513586,4.556816943107259,-9.870946846112252,6.560471567092103,-227.2304706465737
241.67521611944477,56.573565382412404,4.557846241538059,-9.868011149849048,6.558341760129006,-227.3842155125541
241.68218342945124,56.56413910861998,4.558877002784256,-9.865078823286641,6.556211033741192,-227.53842523083267
241.68914348979095,56.55471142330974,4.559909228261573,-9.862149868954985,6.554079390983089,-227.69310048590847
241.69609630029655,56.54528232603263,4.560942919385733,-9.85922428938318,6.551946834908506,-227.84824196228112
241.70304186080085,56.53585181633935,4.561978077572458,-9.856302087099536,6.549813368570579,-228.0038503444501
241.70998017113683,56.52641989378046,4.563014704237471,-9.853383264631583,6.547678995021773,-228.15992631691455
241.71691123113777,56.51698655790628,4.564052800796491,-9.850467824506048,6.545543717313905,-228.31647056417407
241.7238350406371,56.50755180826693,4.565092368665245,-9.84755576924885,6.543407538498114,-228.47348377072805
241.73075159946842,56.4981156444123,4.566133409259451,-9.844647101385156,6.541270461624855,-228.6309666210755
241.7376609074657,56.4886780658921,4.567175923994835,-9.841741823439303,6.539132489743943,-228.7889197997163
241.74456296446306,56.47923907225582,4.568219914287117,-9.838839937934873,6.536993625904481,-228.94734399114964
241.75145777029473,56.469798663052714,4.569265381552019,-9.835941447394664,6.534853873154903,-229.1062398798748
241.7583453247953,56.46035683783184,4.570312327205264,-9.833046354340686,6.53271323454296,-229.26560815039124
241.76522562779957,56.45091359614204,4.571360752662575,-9.83015466129418,6.530571713115721,-229.42544948719836
241.77209867914243,56.44146893753192,4.572410659339673,-9.827266370775618,6.528429311919556,-229.58576457479558
241.77896447865913,56.432022861549896,4.57346204865228,-9.824381485304704,6.526286034000133,-229.7465540976821
241.78582302618514,56.42257536774415,4.57451492201612,-9.821500007400338,6.524141882402455,-229.90781874035764
241.79267432155604,56.41312645566263,4.575569280846914,-9.818621939580714,6.521996860170792,-230.06955918732137
241.79951836460765,56.40367612485306,4.576625126560385,-9.815747284363232,6.519850970348719,-230.23177612307256
241.8063551551761,56.394224374862965,4.577682460572254,-9.812876044264536,6.517704215979126,-230.39447023211082
241.81318469309767,56.38477120523961,4.578741284298244,-9.810008221800512,6.515556600104162,-230.55764219893535
241.82000697820885,56.37531661553007,4.579801599154076,-9.807143819486306,6.513408125765289,-230.7212927080457
241.8268220103464,56.36586060528114,4.580863406555476,-9.804282839836295,6.511258796003236,-230.88542244394122
241.8336297893473,56.356403174039436,4.581926707918163,-9.801425285364106,6.509108613858032,-231.05003209112115
241.84043031504868,56.34694432135131,4.582991504657859,-9.79857115858265,6.506957582368966,-231.21512233408504
241.84722358728794,56.33748404676288,4.584057798190289,-9.795720462004066,6.504805704574615,-231.3806938573322
241.85400960590266,56.32802234982006,4.585125589931171,-9.792873198139784,6.5026529835128155,-231.54674734536198
241.86078837073072,56.31855923006848,4.5861948812962305,-9.790029369500452,6.5004994222206935,-231.71328348267394
241.86755988161008,56.30909468705357,4.58726567370119,-9.78718897859603,6.4983450237346085,-231.8803029537672
241.87432413837914,56.2996287203205,4.588337968561772,-9.7843520279357,6.496189791090221,-232.04780644314135
241.88108114087626,56.290161329414204,4.589411767293695,-9.78151852002797,6.494033727322429,-232.21579463529568
241.8878308889403,56.280692513879394,4.590487071312685,-9.778688457380566,6.4918768354653995,-232.38426821472973
241.89457338240996,56.27122227326052,4.591563882034463,-9.77586184250055,6.489719118552518,-232.55322786594252
241.90130862112457,56.26175060710175,4.592642200874752,-9.77303867789421,6.487560579616478,-232.72267427343382
241.9080366049234,56.25227751494708,4.593722029249272,-9.77021896606714,6.485401221689179,-232.89260812170278
241.91475733364612,56.24280299634022,4.594803368573747,-9.767402709524225,6.483241047801776,-233.06303009524896
241.92147080713244,56.23332705082461,4.595886220263899,-9.764589910769624,6.481080060984669,-233.23394087857164
