galstreams/tracks/track.ep.Gaia-5.malhan2018.ecsv
# %ECSV 0.9
# ---
# datatype:
# - {name: ra, unit: deg, datatype: float64}
# - {name: dec, unit: deg, datatype: float64}
# - {name: distance, unit: kpc, datatype: float64}
# - {name: pm_ra_cosdec, unit: mas / yr, datatype: float64}
# - {name: pm_dec, unit: mas / yr, datatype: float64}
# - {name: radial_velocity, unit: km / s, datatype: float64}
# delimiter: ','
# meta: !!omap
# - __serialized_columns__:
#     dec:
#       __class__: astropy.coordinates.angles.Latitude
#       unit: &id001 !astropy.units.Unit {unit: deg}
#       value: !astropy.table.SerializedColumn {name: dec}
#     distance:
#       __class__: astropy.coordinates.distances.Distance
#       unit: !astropy.units.Unit {unit: kpc}
#       value: !astropy.table.SerializedColumn {name: distance}
#     pm_dec:
#       __class__: astropy.units.quantity.Quantity
#       unit: !astropy.units.Unit {unit: mas / yr}
#       value: !astropy.table.SerializedColumn {name: pm_dec}
#     pm_ra_cosdec:
#       __class__: astropy.units.quantity.Quantity
#       unit: !astropy.units.Unit {unit: mas / yr}
#       value: !astropy.table.SerializedColumn {name: pm_ra_cosdec}
#     ra:
#       __class__: astropy.coordinates.angles.Longitude
#       unit: *id001
#       value: !astropy.table.SerializedColumn {name: ra}
#       wrap_angle: !astropy.coordinates.Angle
#         unit: *id001
#         value: 360.0
#     radial_velocity:
#       __class__: astropy.units.quantity.Quantity
#       unit: !astropy.units.Unit {unit: km / s}
#       value: !astropy.table.SerializedColumn {name: radial_velocity}
# schema: astropy-2.0
ra,dec,distance,pm_ra_cosdec,pm_dec,radial_velocity
136.99999999999997,22.999999999999968,18.5,0.0,0.0,0.0
137.06999009164423,23.100209662569572,18.51005025125628,0.0,0.0,0.0
137.1400846724396,23.20038842472022,18.52010050251256,0.0,0.0,0.0
137.21028437357944,23.300536090169192,18.530150753768844,0.0,0.0,0.0
137.28058982870954,23.400652461725056,18.540201005025125,0.0,0.0,0.0
137.35100167394359,23.50073734128074,18.550251256281406,0.0,0.0,0.0
137.42152054787877,23.600790529806737,18.560301507537687,0.0,0.0,0.0
137.49214709161132,23.70081182734385,18.570351758793965,0.0,0.0,0.0
137.56288194875233,23.800801032996468,18.580402010050246,0.0,0.0,0.0
137.63372576544342,23.900757944925328,18.59045226130653,0.0,0.0,0.0
137.70467919037247,24.00068236034043,18.600502512562812,0.0,0.0,0.0
137.77574287478944,24.100574075493878,18.6105527638191,0.0,0.0,0.0
137.8469174725224,24.20043288567265,18.62060301507538,0.0,0.0,0.0
137.91820363999312,24.300258585191372,18.63065326633166,0.0,0.0,0.0
137.98960203623363,24.400050967385,18.64070351758794,0.0,0.0,0.0
138.06111332290163,24.49980982460143,18.650753768844222,0.0,0.0,0.0
138.13273816429705,24.599534948194183,18.660804020100503,0.0,0.0,0.0
138.2044772273779,24.699226128514855,18.670854271356784,0.0,0.0,0.0
138.27633118177667,24.798883154905702,18.680904522613066,0.0,0.0,0.0
138.3483006998164,24.89850581569202,18.690954773869343,0.0,0.0,0.0
138.42038645652713,24.998093898174623,18.701005025125625,0.0,0.0,0.0
138.49258912966206,25.09764718862213,18.71105527638191,0.0,0.0,0.0
138.56490939971425,25.197165472263315,18.72110552763819,0.0,0.0,0.0
138.63734794993266,25.296648533279324,18.73115577889447,0.0,0.0,0.0
138.70990546633902,25.3960961547959,18.741206030150753,0.0,0.0,0.0
138.78258263774404,25.495508118875513,18.751256281407034,0.0,0.0,0.0
138.8553801557643,25.594884206509473,18.761306532663315,0.0,0.0,0.0
138.92829871483872,25.694224197609984,18.771356783919593,0.0,0.0,0.0
139.00133901224527,25.7935278710021,18.78140703517588,0.0,0.0,0.0
139.07450174811774,25.892795004415724,18.791457286432156,0.0,0.0,0.0
139.14778762546246,25.99202537447742,18.801507537688444,0.0,0.0,0.0
139.2211973501752,26.091218756702332,18.811557788944725,0.0,0.0,0.0
139.29473163105803,26.190374925485873,18.82160804020101,0.0,0.0,0.0
139.36839117983615,26.289493654095523,18.831658291457288,0.0,0.0,0.0
139.44217671117502,26.38857471466248,18.84170854271357,0.0,0.0,0.0
139.51608894269722,26.487617878173246,18.851758793969847,0.0,0.0,0.0
139.59012859499956,26.58662291446122,18.86180904522613,0.0,0.0,0.0
139.6642963916702,26.685589592198195,18.871859296482413,0.0,0.0,0.0
139.7385930593057,26.784517678885784,18.88190954773869,0.0,0.0,0.0
139.81301932752837,26.883406940846864,18.891959798994975,0.0,0.0,0.0
139.88757592900328,26.982257143216827,18.902010050251253,0.0,0.0,0.0
139.96226359945572,27.081068049934945,18.912060301507537,0.0,0.0,0.0
140.03708307768835,27.179839423735515,18.92211055276382,0.0,0.0,0.0
140.11203510559866,27.278571026139062,18.932160804020103,0.0,0.0,0.0
140.18712042819627,27.377262617443446,18.94221105527638,0.0,0.0,0.0
140.26233979362038,27.475913956714873,18.952261306532662,0.0,0.0,0.0
140.3376939531573,27.574524801778892,18.96231155778894,0.0,0.0,0.0
140.41318366125776,27.673094909211326,18.97236180904523,0.0,0.0,0.0
140.48880967555465,27.77162403432913,18.982412060301506,0.0,0.0,0.0
140.56457275688044,27.870111931181196,18.992462311557787,0.0,0.0,0.0
140.64047366928486,27.968558352539084,19.00251256281407,0.0,0.0,0.0
140.7165131800525,28.066963049887722,19.012562814070353,0.0,0.0,0.0
140.79269205972045,28.165325773415994,19.022613065326638,0.0,0.0,0.0
140.86901108209605,28.263646272007346,19.032663316582916,0.0,0.0,0.0
140.94547102427458,28.361924293230206,19.042713567839197,0.0,0.0,0.0
141.02207266665704,28.4601595833285,19.05276381909548,0.0,0.0,0.0
141.0988167929679,28.558351887211955,19.06281407035176,0.0,0.0,0.0
141.17570419027297,28.656500948446425,19.07286432160804,0.0,0.0,0.0
141.25273564899717,28.754606509244145,19.082914572864322,0.0,0.0,0.0
141.3299119629424,28.85266831045386,19.092964824120603,0.0,0.0,0.0
141.4072339293055,28.950686091550995,19.103015075376884,0.0,0.0,0.0
141.48470234869603,29.048659590627658,19.113065326633166,0.0,0.0,0.0
141.56231802515444,29.14658854438262,19.123115577889447,0.0,0.0,0.0
141.64008176616971,29.244472688111248,19.133165829145728,0.0,0.0,0.0
141.7179943826975,29.34231175569535,19.14321608040201,0.0,0.0,0.0
141.79605668917816,29.44010547959293,19.15326633165829,0.0,0.0,0.0
141.8742695035547,29.537853590827883,19.16331658291457,0.0,0.0,0.0
141.95263364729075,29.63555581897972,19.173366834170853,0.0,0.0,0.0
142.03114994538865,29.733211892173077,19.18341708542713,0.0,0.0,0.0
142.1098192264075,29.83082153706721,19.193467336683415,0.0,0.0,0.0
142.1886423224812,29.92838447884546,19.203517587939697,0.0,0.0,0.0
142.26762006933657,30.025900441204637,19.21356783919598,0.0,0.0,0.0
142.34675330631137,30.12336914634429,19.223618090452266,0.0,0.0,0.0
142.4260428763723,30.220790314955952,19.233668341708544,0.0,0.0,0.0
142.5054896261333,30.318163666212307,19.243718592964825,0.0,0.0,0.0
142.58509440587346,30.415488917756146,19.253768844221103,0.0,0.0,0.0
142.6648580695551,30.512765785689606,19.263819095477388,0.0,0.0,0.0
142.74478147484203,30.609993984562987,19.273869346733672,0.0,0.0,0.0
142.8248654831175,30.707173227363594,19.28391959798995,0.0,0.0,0.0
142.90511095950228,30.8043032255046,19.29396984924623,0.0,0.0,0.0
142.9855187728728,30.90138368881373,19.304020100502512,0.0,0.0,0.0
143.06608979587918,30.998414325521942,19.31407035175879,0.0,0.0,0.0
143.14682490496332,31.09539484225197,19.324120603015075,0.0,0.0,0.0
143.22772498037688,31.192324944006863,19.334170854271356,0.0,0.0,0.0
143.30879090619942,31.289204334158384,19.344221105527637,0.0,0.0,0.0
143.39002357035625,31.38603271443538,19.35427135678392,0.0,0.0,0.0
143.47142386463668,31.482809784912064,19.3643216080402,0.0,0.0,0.0
143.55299268471177,31.579535243996165,19.374371859296478,0.0,0.0,0.0
143.63473093015233,31.676208788417142,19.384422110552762,0.0,0.0,0.0
143.716639504447,31.77283011321418,19.394472361809044,0.0,0.0,0.0
143.7987193150199,31.869398911724137,19.404522613065332,0.0,0.0,0.0
143.8809712732488,31.965914875569513,19.41457286432161,0.0,0.0,0.0
143.96339629448278,32.06237769464618,19.424623115577887,0.0,0.0,0.0
144.04599529805992,32.158787057111205,19.434673366834172,0.0,0.0,0.0
144.12876920732538,32.25514264937044,19.444723618090453,0.0,0.0,0.0
144.21171894964894,32.35144415606616,19.454773869346734,0.0,0.0,0.0
144.29484545644266,32.447691260064495,19.46482412060302,0.0,0.0,0.0
144.37814966317862,32.54388364244294,19.474874371859297,0.0,0.0,0.0
144.46163250940646,32.64002098247765,19.48492462311558,0.0,0.0,0.0
144.54529493877092,32.73610295763068,19.494974874371863,0.0,0.0,0.0
144.62913789902942,32.8321292435372,19.50502512562814,0.0,0.0,0.0
144.7131623420693,32.92809951399261,19.515075376884425,0.0,0.0,0.0
144.7973692239254,33.02401344093952,19.525125628140703,0.0,0.0,0.0
144.88175950479723,33.119870694454704,19.535175879396984,0.0,0.0,0.0
144.96633414906634,33.21567094273595,19.545226130653262,0.0,0.0,0.0
145.05109412531337,33.31141385208886,19.555276381909543,0.0,0.0,0.0
145.13604040633518,33.407099086913504,19.565326633165828,0.0,0.0,0.0
145.22117396916198,33.502726309691056,19.57537688442211,0.0,0.0,0.0
145.30649579507408,33.59829518097029,19.585427135678387,0.0,0.0,0.0
145.39200686961902,33.69380535935405,19.595477386934675,0.0,0.0,0.0
145.47770818262802,33.7892565014856,19.605527638190956,0.0,0.0,0.0
145.56360072823298,33.88464826203485,19.615577889447234,0.0,0.0,0.0
145.64968550488294,33.97998029368462,19.625628140703515,0.0,0.0,0.0
145.73596351536042,34.075252247116694,19.6356783919598,0.0,0.0,0.0
145.82243576679818,34.17046377099785,19.64572864321608,0.0,0.0,0.0
145.9091032706951,34.26561451196579,19.65577889447236,0.0,0.0,0.0
145.99596704293268,34.36070411461495,19.665829145728644,0.0,0.0,0.0
146.08302810379095,34.45573222148237,19.67587939698492,0.0,0.0,0.0
146.17028747796442,34.55069847303323,19.685929648241206,0.0,0.0,0.0
146.25774619457792,34.64560250764654,19.69597989949749,0.0,0.0,0.0
146.34540528720234,34.74044396160058,19.70603015075377,0.0,0.0,0.0
146.43326579387013,34.835222469058344,19.71608040201005,0.0,0.0,0.0
146.5213287570908,34.92993766205288,19.726130653266328,0.0,0.0,0.0
146.60959522386614,35.024589170472474,19.736180904522612,0.0,0.0,0.0
146.69806624570543,35.11917662204585,19.74623115577889,0.0,0.0,0.0
146.78674287864038,35.21369964232723,19.75628140703518,0.0,0.0,0.0
146.87562618324003,35.3081578546813,19.766331658291456,0.0,0.0,0.0
146.96471722462536,35.402550880268045,19.776381909547737,0.0,0.0,0.0
147.0540170724839,35.49687833802767,19.78643216080402,0.0,0.0,0.0
147.143526801084,35.591139844665186,19.796482412060296,0.0,0.0,0.0
147.233247489289,35.685335014635136,19.806532663316585,0.0,0.0,0.0
147.32318022057126,35.77946346012602,19.81658291457287,0.0,0.0,0.0
147.41332608302602,35.87352479104481,19.826633165829147,0.0,0.0,0.0
147.5036861693849,35.9675186150013,19.83668341708543,0.0,0.0,0.0
147.59426157702933,36.06144453729237,19.84673366834171,0.0,0.0,0.0
147.68505340800382,36.1553021608861,19.85678391959799,0.0,0.0,0.0
147.776062769029,36.24909108640595,19.86683417085427,0.0,0.0,0.0
147.86729077151432,36.34281091211468,19.876884422110557,0.0,0.0,0.0
147.9587385315706,36.43646123389832,19.886934673366834,0.0,0.0,0.0
148.05040717002242,36.53004164524992,19.896984924623116,0.0,0.0,0.0
148.1422978124204,36.62355173725334,19.907035175879397,0.0,0.0,0.0
148.23441158905268,36.71699109856681,19.91708542713568,0.0,0.0,0.0
148.32674963495683,36.810359315406586,19.92713567839196,0.0,0.0,0.0
148.41931308993122,36.903655971530306,19.937185929648237,0.0,0.0,0.0
148.5121030985459,36.996880648220404,19.94723618090452,0.0,0.0,0.0
148.60512081015375,37.090032924267376,19.957286432160803,0.0,0.0,0.0
148.69836737890077,37.183112375953,19.967336683417084,0.0,0.0,0.0
148.7918439637365,37.27611857703336,19.97738693467337,0.0,0.0,0.0
148.88555172842402,37.36905109872193,19.987437185929647,0.0,0.0,0.0
148.9794918415496,37.461909509672466,19.997487437185935,0.0,0.0,0.0
149.07366547653214,37.554693375961804,20.007537688442216,0.0,0.0,0.0
149.16807381163215,37.64740226107268,20.01758793969849,0.0,0.0,0.0
149.26271802996072,37.740035725876254,20.027638190954775,0.0,0.0,0.0
149.3575993194877,37.83259332861482,20.037688442211053,0.0,0.0,0.0
149.45271887305003,37.92507462488417,20.047738693467338,0.0,0.0,0.0
149.54807788835933,38.017479167616,20.05778894472362,0.0,0.0,0.0
149.64367756800937,38.109806507060256,20.0678391959799,0.0,0.0,0.0
149.73951911948322,38.20205619076728,20.07788944723618,0.0,0.0,0.0
149.83560375515972,38.294227763569964,20.087939698492463,0.0,0.0,0.0
149.93193269231995,38.38632076756578,20.097989949748744,0.0,0.0,0.0
150.02850715315304,38.478334742098674,20.108040201005025,0.0,0.0,0.0
150.12532836476174,38.57026922374101,20.11809045226131,0.0,0.0,0.0
150.22239755916746,38.66212374627529,20.12814070351759,0.0,0.0,0.0
150.31971597331514,38.75389784067583,20.13819095477387,0.0,0.0,0.0
150.41728484907725,38.845591035090386,20.14824120603015,0.0,0.0,0.0
150.51510543325787,38.93720285482165,20.158291457286428,0.0,0.0,0.0
150.61317897759596,39.02873282230867,20.16834170854271,0.0,0.0,0.0
150.71150673876838,39.12018045710822,20.178391959798994,0.0,0.0,0.0
150.8100899783922,39.211545275876034,20.188442211055275,0.0,0.0,0.0
150.9089299630269,39.302826792347986,20.198492462311552,0.0,0.0,0.0
151.00802796417582,39.39402451732119,20.208542713567844,0.0,0.0,0.0
151.10738525828705,39.485137958635036,20.218592964824122,0.0,0.0,0.0
151.2070031267542,39.57616662115203,20.228643216080403,0.0,0.0,0.0
151.30688285591606,39.66711000673875,20.238693467336685,0.0,0.0,0.0
151.40702573705644,39.75796761424653,20.248743718592966,0.0,0.0,0.0
151.5074330664028,39.848738939492186,20.258793969849247,0.0,0.0,0.0
151.60810614512474,39.939423475238605,20.268844221105525,0.0,0.0,0.0
151.70904627933186,40.03002071117529,20.27889447236181,0.0,0.0,0.0
151.81025478007084,40.1205301338988,20.28894472361809,0.0,0.0,0.0
151.91173296332227,40.21095122689311,20.298994974874372,0.0,0.0,0.0
152.0134821499966,40.30128347050995,20.309045226130653,0.0,0.0,0.0
152.11550366592954,40.391526341948975,20.319095477386934,0.0,0.0,0.0
152.2177988418769,40.48167931523796,20.329145728643216,0.0,0.0,0.0
152.32036901350892,40.57174186121284,20.339195979899493,0.0,0.0,0.0
152.4232155214034,40.66171344749773,20.349246231155778,0.0,0.0,0.0
152.526339711039,40.75159353848486,20.35929648241206,0.0,0.0,0.0
152.62974293278708,40.841381595314445,20.369346733668344,0.0,0.0,0.0
152.73342654190344,40.93107707585442,20.37939698492462,0.0,0.0,0.0
152.8373918985189,41.020679434680254,20.38944723618091,0.0,0.0,0.0
152.9416403676294,41.110188123054535,20.399497487437184,0.0,0.0,0.0
153.04617331908545,41.1996025889066,20.40954773869347,0.0,0.0,0.0
153.1509921275806,41.28892227681206,20.41959798994975,0.0,0.0,0.0
153.2560981726392,41.37814662797225,20.42964824120603,0.0,0.0,0.0
153.36149283860365,41.467275080193644,20.439698492462313,0.0,0.0,0.0
153.46717751462032,41.5563070678672,20.449748743718594,0.0,0.0,0.0
153.57315359462535,41.64524202194764,20.45979899497488,0.0,0.0,0.0
153.67942247732893,41.734079369932715,20.469849246231156,0.0,0.0,0.0
153.78598556619934,41.82281853584228,20.479899497487438,0.0,0.0,0.0
153.8928442694457,41.911458940197534,20.48994974874372,0.0,0.0,0.0
154.0,42.00000000000001,20.5,0.0,0.0,0.0
