galstreams/tracks/track.po.Sangarius.grillmair2017.ecsv
# %ECSV 1.0
# ---
# datatype:
# - {name: ra, unit: deg, datatype: float64}
# - {name: dec, unit: deg, datatype: float64}
# - {name: distance, unit: kpc, datatype: float64}
# - {name: pm_ra_cosdec, unit: mas / yr, datatype: float64}
# - {name: pm_dec, unit: mas / yr, datatype: float64}
# - {name: radial_velocity, unit: km / s, datatype: float64}
# delimiter: ','
# meta: !!omap
# - __serialized_columns__:
#     dec:
#       __class__: astropy.coordinates.angles.Latitude
#       unit: &id001 !astropy.units.Unit {unit: deg}
#       value: !astropy.table.SerializedColumn {name: dec}
#     distance:
#       __class__: astropy.coordinates.distances.Distance
#       unit: !astropy.units.Unit {unit: kpc}
#       value: !astropy.table.SerializedColumn {name: distance}
#     pm_dec:
#       __class__: astropy.units.quantity.Quantity
#       unit: !astropy.units.Unit {unit: mas / yr}
#       value: !astropy.table.SerializedColumn {name: pm_dec}
#     pm_ra_cosdec:
#       __class__: astropy.units.quantity.Quantity
#       unit: !astropy.units.Unit {unit: mas / yr}
#       value: !astropy.table.SerializedColumn {name: pm_ra_cosdec}
#     ra:
#       __class__: astropy.coordinates.angles.Longitude
#       unit: *id001
#       value: !astropy.table.SerializedColumn {name: ra}
#       wrap_angle: !astropy.coordinates.Angle
#         unit: *id001
#         value: 360.0
#     radial_velocity:
#       __class__: astropy.units.quantity.Quantity
#       unit: !astropy.units.Unit {unit: km / s}
#       value: !astropy.table.SerializedColumn {name: radial_velocity}
# schema: astropy-2.0
ra,dec,distance,pm_ra_cosdec,pm_dec,radial_velocity
[from data line 3752]
132.26286792482642,19.885960044605422,20.999999999999986,0.0,0.0,0.0
132.26235243036308,19.895950287758758,20.999999999999986,0.0,0.0,0.0
132.26183687083565,19.90594052942776,20.999999999999986,0.0,0.0,0.0
132.26132124620045,19.915930769611442,20.999999999999986,0.0,0.0,0.0
132.2608055564138,19.925921008308794,20.999999999999982,0.0,0.0,0.0
132.26028980143204,19.935911245518835,20.999999999999982,0.0,0.0,0.0
132.2597739812114,19.94590148124054,20.999999999999982,0.0,0.0,0.0
132.25925809570816,19.95589171547293,20.999999999999982,0.0,0.0,0.0
132.25874214487854,19.965881948215014,20.999999999999982,0.0,0.0,0.0
132.2582261286788,19.97587217946577,20.999999999999986,0.0,0.0,0.0
132.25771004706513,19.985862409224215,20.999999999999986,0.0,0.0,0.0
132.2571938999937,19.995852637489353,20.999999999999986,0.0,0.0,0.0
132.25667768742068,20.005842864260178,20.999999999999986,0.0,0.0,0.0
132.2561614093022,20.015833089535683,20.999999999999982,0.0,0.0,0.0
132.25564506559442,20.025823313314874,20.999999999999982,0.0,0.0,0.0
132.25512865625345,20.03581353559674,20.999999999999986,0.0,0.0,0.0
132.25461218123536,20.045803756380295,20.999999999999986,0.0,0.0,0.0
132.25409564049625,20.055793975664518,20.999999999999986,0.0,0.0,0.0
132.25357903399208,20.065784193448426,20.999999999999982,0.0,0.0,0.0
132.253062361679,20.075774409731007,20.999999999999986,0.0,0.0,0.0
132.25254562351293,20.08576462451125,20.999999999999986,0.0,0.0,0.0
132.25202881944995,20.09575483778816,20.999999999999982,0.0,0.0,0.0
132.25151194944593,20.105745049560728,20.999999999999982,0.0,0.0,0.0
132.25099501345693,20.11573525982794,20.999999999999986,0.0,0.0,0.0
132.25047801143882,20.12572546858882,20.999999999999986,0.0,0.0,0.0
132.24996094334753,20.135715675842327,20.999999999999982,0.0,0.0,0.0
132.24944380913894,20.14570588158747,20.999999999999986,0.0,0.0,0.0
132.24892660876898,20.15569608582326,20.999999999999986,0.0,0.0,0.0
132.24840934219344,20.165686288548656,20.999999999999982,0.0,0.0,0.0
132.24789200936823,20.17567648976267,20.999999999999982,0.0,0.0,0.0
132.24737461024912,20.18566668946429,20.999999999999986,0.0,0.0,0.0
132.24685714479193,20.195656887652515,20.999999999999986,0.0,0.0,0.0
132.24633961295243,20.205647084326326,20.999999999999986,0.0,0.0,0.0
132.24582201468638,20.21563727948471,20.999999999999982,0.0,0.0,0.0
132.24530434994952,20.22562747312667,20.999999999999986,0.0,0.0,0.0
132.24478661869762,20.235617665251187,20.999999999999986,0.0,0.0,0.0
132.2442688208863,20.245607855857248,20.99999999999999,0.0,0.0,0.0
132.24375095647133,20.255598044943852,20.999999999999986,0.0,0.0,0.0
132.2432330254083,20.265588232509984,20.999999999999986,0.0,0.0,0.0
132.2427150276529,20.275578418554623,20.999999999999986,0.0,0.0,0.0
132.24219696316072,20.285568603076772,20.999999999999986,0.0,0.0,0.0
132.2416788318874,20.2955587860754,20.999999999999986,0.0,0.0,0.0
132.24116063378855,20.30554896754949,20.99999999999999,0.0,0.0,0.0
132.24064236881966,20.315539147498068,20.999999999999982,0.0,0.0,0.0
132.24012403693635,20.32552932592007,20.99999999999999,0.0,0.0,0.0
132.23960563809408,20.335519502814513,20.999999999999982,0.0,0.0,0.0
132.23908717224842,20.345509678180374,20.999999999999982,0.0,0.0,0.0
132.23856863935484,20.35549985201663,20.999999999999986,0.0,0.0,0.0
132.2380500393688,20.365490024322273,20.999999999999986,0.0,0.0,0.0
132.2375313722457,20.37548019509628,20.999999999999986,0.0,0.0,0.0
132.23701263794106,20.38547036433764,20.999999999999986,0.0,0.0,0.0
132.23649383641026,20.395460532045337,20.999999999999982,0.0,0.0,0.0
132.23597496760866,20.40545069821834,20.999999999999986,0.0,0.0,0.0
132.23545603149165,20.41544086285564,20.999999999999986,0.0,0.0,0.0
132.23493702801457,20.425431025956225,20.999999999999986,0.0,0.0,0.0
132.23441795713276,20.43542118751906,20.999999999999986,0.0,0.0,0.0
132.23389881880155,20.445411347543146,20.999999999999986,0.0,0.0,0.0
132.2333796129762,20.455401506027442,20.999999999999986,0.0,0.0,0.0
132.232860339612,20.46539166297093,20.999999999999986,0.0,0.0,0.0
132.23234099866414,20.475381818372608,20.999999999999986,0.0,0.0,0.0
132.23182159008797,20.48537197223143,20.999999999999986,0.0,0.0,0.0
132.2313021138386,20.495362124546386,20.999999999999986,0.0,0.0,0.0
132.23078256987128,20.50535227531646,20.999999999999986,0.0,0.0,0.0
132.23026295814117,20.515342424540616,20.999999999999982,0.0,0.0,0.0
132.2297432786034,20.525332572217838,20.999999999999982,0.0,0.0,0.0
132.2292235312131,20.535322718347103,20.999999999999986,0.0,0.0,0.0
132.22870371592543,20.54531286292738,20.999999999999982,0.0,0.0,0.0
132.22818383269544,20.555303005957654,20.999999999999982,0.0,0.0,0.0
132.2276638814782,20.56529314743689,20.999999999999986,0.0,0.0,0.0
132.2271438622288,20.575283287364062,20.99999999999999,0.0,0.0,0.0
132.2266237749022,20.58527342573815,20.999999999999986,0.0,0.0,0.0
132.22610361945348,20.59526356255813,20.999999999999986,0.0,0.0,0.0
132.22558339583762,20.605253697822977,20.999999999999986,0.0,0.0,0.0
132.22506310400956,20.615243831531647,20.999999999999986,0.0,0.0,0.0
132.2245427439243,20.625233963683126,20.999999999999986,0.0,0.0,0.0
132.22402231553676,20.63522409427638,20.999999999999986,0.0,0.0,0.0
132.2235018188018,20.645214223310386,20.999999999999982,0.0,0.0,0.0
132.22298125367436,20.6552043507841,20.999999999999986,0.0,0.0,0.0
132.22246062010927,20.665194476696517,20.999999999999986,0.0,0.0,0.0
132.22193991806148,20.675184601046585,20.999999999999982,0.0,0.0,0.0
132.2214191474857,20.685174723833285,20.999999999999982,0.0,0.0,0.0
132.22089830833684,20.695164845055576,20.999999999999986,0.0,0.0,0.0
132.22037740056962,20.705154964712435,20.999999999999986,0.0,0.0,0.0
132.21985642413884,20.71514508280283,20.999999999999986,0.0,0.0,0.0
132.21933537899923,20.725135199325724,20.999999999999986,0.0,0.0,0.0
132.21881426510555,20.735125314280083,20.999999999999982,0.0,0.0,0.0
132.21829308241252,20.74511542766488,20.999999999999982,0.0,0.0,0.0
132.2177718308748,20.75510553947907,20.999999999999986,0.0,0.0,0.0
132.21725051044703,20.765095649721633,20.999999999999982,0.0,0.0,0.0
132.21672912108392,20.77508575839153,20.999999999999982,0.0,0.0,0.0
132.21620766274006,20.785075865487713,20.999999999999986,0.0,0.0,0.0
132.21568613537005,20.795065971009162,20.999999999999986,0.0,0.0,0.0
132.21516453892852,20.80505607495483,20.999999999999982,0.0,0.0,0.0
132.21464287337002,20.815046177323687,20.999999999999982,0.0,0.0,0.0
132.2141211386491,20.825036278114695,20.999999999999982,0.0,0.0,0.0
132.21359933472024,20.835026377326813,20.999999999999982,0.0,0.0,0.0
132.213077461538,20.845016474958996,20.999999999999986,0.0,0.0,0.0
132.21255551905688,20.855006571010232,20.999999999999982,0.0,0.0,0.0
132.21203350723127,20.864996665479456,20.999999999999982,0.0,0.0,0.0
132.21151142601568,20.874986758365637,20.999999999999982,0.0,0.0,0.0
132.2109892753645,20.884976849667726,20.999999999999982,0.0,0.0,0.0
132.2104670552322,20.894966939384695,20.999999999999986,0.0,0.0,0.0
132.20994476557303,20.904957027515508,20.999999999999982,0.0,0.0,0.0
132.20942240634145,20.914947114059107,20.999999999999982,0.0,0.0,0.0
132.20889997749182,20.924937199014455,20.999999999999982,0.0,0.0,0.0
132.2083774789784,20.934927282380517,20.999999999999982,0.0,0.0,0.0
132.20785491075554,20.94491736415624,20.999999999999986,0.0,0.0,0.0
132.20733227277745,20.954907444340595,20.999999999999986,0.0,0.0,0.0
132.20680956499845,20.964897522932525,20.999999999999986,0.0,0.0,0.0
132.20628678737276,20.974887599930987,20.999999999999982,0.0,0.0,0.0
132.2057639398546,20.984877675334946,20.999999999999982,0.0,0.0,0.0
132.20524102239818,20.994867749143346,20.999999999999986,0.0,0.0,0.0
132.20471803495766,21.00485782135514,20.99999999999999,0.0,0.0,0.0
132.2041949774872,21.014847891969303,20.99999999999999,0.0,0.0,0.0
132.20367184994092,21.02483796098476,20.999999999999993,0.0,0.0,0.0
132.20314865227294,21.034828028400486,20.99999999999999,0.0,0.0,0.0
132.20262538443737,21.044818094215415,20.99999999999999,0.0,0.0,0.0
132.20210204638826,21.05480815842851,20.999999999999982,0.0,0.0,0.0
132.2015786380797,21.064798221038725,20.99999999999999,0.0,0.0,0.0
132.20105515946568,21.074788282045,20.99999999999999,0.0,0.0,0.0
132.2005316105002,21.084778341446295,20.99999999999999,0.0,0.0,0.0
132.2000079911373,21.094768399241566,20.99999999999999,0.0,0.0,0.0
132.19948430133093,21.104758455429746,20.99999999999999,0.0,0.0,0.0
132.198960541035,21.114748510009793,20.99999999999999,0.0,0.0,0.0
132.19843671020348,21.12473856298065,20.99999999999999,0.0,0.0,0.0
132.19791280879025,21.13472861434127,20.99999999999999,0.0,0.0,0.0
132.19738883674924,21.144718664090608,20.99999999999999,0.0,0.0,0.0
132.19686479403424,21.154708712227595,20.999999999999993,0.0,0.0,0.0
132.19634068059915,21.164698758751186,20.99999999999999,0.0,0.0,0.0
132.19581649639773,21.174688803660338,20.99999999999999,0.0,0.0,0.0
132.19529224138384,21.18467884695397,20.999999999999993,0.0,0.0,0.0
132.19476791551125,21.19466888863106,20.99999999999999,0.0,0.0,0.0
132.19424351873369,21.204658928690527,20.99999999999999,0.0,0.0,0.0
132.19371905100493,21.214648967131325,20.99999999999999,0.0,0.0,0.0
132.19319451227867,21.224639003952404,20.999999999999986,0.0,0.0,0.0
132.19266990250858,21.234629039152697,20.99999999999999,0.0,0.0,0.0
132.1921452216484,21.244619072731144,20.999999999999986,0.0,0.0,0.0
132.1916204696517,21.254609104686697,20.99999999999999,0.0,0.0,0.0
132.19109564647215,21.264599135018297,20.99999999999999,0.0,0.0,0.0
132.19057075206337,21.27458916372489,20.999999999999986,0.0,0.0,0.0
132.19004578637893,21.2845791908054,20.99999999999999,0.0,0.0,0.0
132.18952074937243,21.294569216258772,20.99999999999999,0.0,0.0,0.0
132.18899564099738,21.304559240083965,20.99999999999999,0.0,0.0,0.0
132.1884704612073,21.314549262279897,20.99999999999999,0.0,0.0,0.0
132.18794520995573,21.324539282845514,20.99999999999999,0.0,0.0,0.0
132.1874198871961,21.334529301779764,20.99999999999999,0.0,0.0,0.0
132.18689449288195,21.344519319081567,20.99999999999999,0.0,0.0,0.0
132.18636902696664,21.354509334749878,20.99999999999999,0.0,0.0,0.0
132.18584348940362,21.364499348783617,20.99999999999999,0.0,0.0,0.0
132.18531788014633,21.374489361181734,20.99999999999999,0.0,0.0,0.0
132.18479219914806,21.384479371943165,20.99999999999999,0.0,0.0,0.0
132.1842664463622,21.39446938106683,20.99999999999999,0.0,0.0,0.0
132.18374062174212,21.404459388551683,20.999999999999986,0.0,0.0,0.0
132.18321472524107,21.41444939439665,20.999999999999986,0.0,0.0,0.0
132.18268875681238,21.42443939860067,20.999999999999986,0.0,0.0,0.0
132.18216271640932,21.43442940116266,20.999999999999986,0.0,0.0,0.0
132.1816366039851,21.44441940208157,20.99999999999999,0.0,0.0,0.0
132.181110419493,21.45440940135633,20.99999999999999,0.0,0.0,0.0
132.18058416288616,21.464399398985872,20.99999999999999,0.0,0.0,0.0
132.1800578341178,21.474389394969123,20.99999999999999,0.0,0.0,0.0
132.17953143314108,21.484379389305012,20.99999999999999,0.0,0.0,0.0
132.17900495990918,21.494369381992485,20.99999999999999,0.0,0.0,0.0
132.1784784143751,21.504359373030454,20.99999999999999,0.0,0.0,0.0
132.177951796492,21.514349362417857,20.99999999999999,0.0,0.0,0.0
132.177425106213,21.524339350153628,20.999999999999986,0.0,0.0,0.0
132.1768983434911,21.534329336236677,20.99999999999999,0.0,0.0,0.0
132.17637150827935,21.544319320665966,20.99999999999999,0.0,0.0,0.0
132.17584460053072,21.55430930344038,20.99999999999999,0.0,0.0,0.0
132.17531762019826,21.564299284558878,20.99999999999999,0.0,0.0,0.0
132.17479056723488,21.574289264020383,20.99999999999999,0.0,0.0,0.0
132.17426344159355,21.584279241823808,20.999999999999986,0.0,0.0,0.0
132.17373624322718,21.594269217968083,20.999999999999986,0.0,0.0,0.0
132.1732089720887,21.604259192452144,20.999999999999986,0.0,0.0,0.0
132.17268162813093,21.614249165274902,20.99999999999999,0.0,0.0,0.0
132.17215421130678,21.62423913643529,20.99999999999999,0.0,0.0,0.0
132.17162672156906,21.63422910593222,20.99999999999999,0.0,0.0,0.0
132.1710991588706,21.644219073764624,20.99999999999999,0.0,0.0,0.0
132.17057152316414,21.654209039931434,20.99999999999999,0.0,0.0,0.0
132.1700438144025,21.664199004431556,20.999999999999986,0.0,0.0,0.0
132.1695160325384,21.674188967263916,20.99999999999999,0.0,0.0,0.0
132.1689881775246,21.684178928427443,20.99999999999999,0.0,0.0,0.0
132.16846024931377,21.694168887921048,20.999999999999986,0.0,0.0,0.0
132.1679322478586,21.70415884574366,20.99999999999999,0.0,0.0,0.0
132.16740417311178,21.714148801894186,20.999999999999986,0.0,0.0,0.0
132.16687602502586,21.724138756371556,20.99999999999999,0.0,0.0,0.0
132.16634780355352,21.734128709174687,20.99999999999999,0.0,0.0,0.0
132.1658195086474,21.744118660302497,20.99999999999999,0.0,0.0,0.0
132.16529114025994,21.754108609753896,20.99999999999999,0.0,0.0,0.0
132.1647626983438,21.764098557527817,20.999999999999993,0.0,0.0,0.0
132.16423418285146,21.77408850362316,20.99999999999999,0.0,0.0,0.0
132.16370559373541,21.78407844803885,20.99999999999999,0.0,0.0,0.0
132.16317693094817,21.794068390773806,20.999999999999986,0.0,0.0,0.0
132.16264819444217,21.804058331826926,20.99999999999999,0.0,0.0,0.0
132.1621193841699,21.814048271197155,20.999999999999986,0.0,0.0,0.0
132.16159050008366,21.82403820888337,20.99999999999999,0.0,0.0,0.0
132.161061542136,21.834028144884506,20.99999999999999,0.0,0.0,0.0
132.16053251027915,21.84401807919949,20.99999999999999,0.0,0.0,0.0
132.16000340446556,21.8540080118272,20.99999999999999,0.0,0.0,0.0
132.15947422464745,21.86399794276658,20.99999999999999,0.0,0.0,0.0
132.15894497077727,21.873987872016514,20.999999999999993,0.0,0.0,0.0
132.15841564280717,21.883977799575938,20.99999999999999,0.0,0.0,0.0
132.15788624068946,21.893967725443755,20.999999999999986,0.0,0.0,0.0
132.15735676437637,21.903957649618857,20.999999999999986,0.0,0.0,0.0
132.15682721382015,21.913947572100174,20.999999999999993,0.0,0.0,0.0
132.1562975889729,21.92393749288661,20.999999999999993,0.0,0.0,0.0
132.15576788978692,21.933927411977066,20.999999999999993,0.0,0.0,0.0
132.15523811621426,21.94391732937047,20.999999999999993,0.0,0.0,0.0
132.1547082682071,21.953907245065707,20.999999999999993,0.0,0.0,0.0
132.15417834571747,21.9638971590617,20.99999999999999,0.0,0.0,0.0
132.15364834869752,21.97388707135734,20.999999999999993,0.0,0.0,0.0
132.15311827709928,21.98387698195154,20.999999999999993,0.0,0.0,0.0
132.1525881308748,21.993866890843208,20.999999999999993,0.0,0.0,0.0
132.15205790997604,22.003856798031254,20.99999999999999,0.0,0.0,0.0
132.15152761435505,22.013846703514567,20.99999999999999,0.0,0.0,0.0
132.1509972439638,22.023836607292075,20.999999999999993,0.0,0.0,0.0
132.1504667987542,22.03382650936265,20.999999999999993,0.0,0.0,0.0
132.14993627867813,22.043816409725217,20.99999999999999,0.0,0.0,0.0
132.1494056836876,22.05380630837868,20.999999999999993,0.0,0.0,0.0
132.14887501373443,22.06379620532192,20.99999999999999,0.0,0.0,0.0
132.14834426877044,22.07378610055386,20.99999999999999,0.0,0.0,0.0
132.1478134487475,22.083775994073395,20.999999999999993,0.0,0.0,0.0
132.14728255361743,22.093765885879414,20.999999999999993,0.0,0.0,0.0
132.146751583332,22.103755775970825,20.999999999999993,0.0,0.0,0.0
132.14622053784296,22.11374566434654,20.999999999999996,0.0,0.0,0.0
132.14568941710203,22.123735551005435,20.999999999999993,0.0,0.0,0.0
132.145158221061,22.133725435946424,20.99999999999999,0.0,0.0,0.0
132.1446269496715,22.143715319168393,20.999999999999993,0.0,0.0,0.0
132.14409560288524,22.15370520067025,20.99999999999999,0.0,0.0,0.0
132.1435641806538,22.16369508045088,20.999999999999993,0.0,0.0,0.0
132.14303268292895,22.17368495850919,20.99999999999999,0.0,0.0,0.0
132.14250110966213,22.183674834844076,20.99999999999999,0.0,0.0,0.0
132.14196946080503,22.19366470945442,20.999999999999993,0.0,0.0,0.0
132.14143773630911,22.20365458233913,20.999999999999993,0.0,0.0,0.0
132.14090593612602,22.2136444534971,20.999999999999993,0.0,0.0,0.0
