galstreams/tracks/track.po.PS1-B.bernard2016.ecsv
# %ECSV 0.9
# ---
# datatype:
# - {name: ra, unit: deg, datatype: float64}
# - {name: dec, unit: deg, datatype: float64}
# - {name: distance, unit: kpc, datatype: float64}
# - {name: pm_ra_cosdec, unit: mas / yr, datatype: float64}
# - {name: pm_dec, unit: mas / yr, datatype: float64}
# - {name: radial_velocity, unit: km / s, datatype: float64}
# delimiter: ','
# meta: !!omap
# - __serialized_columns__:
#     dec:
#       __class__: astropy.coordinates.angles.Latitude
#       unit: &id001 !astropy.units.Unit {unit: deg}
#       value: !astropy.table.SerializedColumn {name: dec}
#     distance:
#       __class__: astropy.coordinates.distances.Distance
#       unit: !astropy.units.Unit {unit: kpc}
#       value: !astropy.table.SerializedColumn {name: distance}
#     pm_dec:
#       __class__: astropy.units.quantity.Quantity
#       unit: !astropy.units.Unit {unit: mas / yr}
#       value: !astropy.table.SerializedColumn {name: pm_dec}
#     pm_ra_cosdec:
#       __class__: astropy.units.quantity.Quantity
#       unit: !astropy.units.Unit {unit: mas / yr}
#       value: !astropy.table.SerializedColumn {name: pm_ra_cosdec}
#     ra:
#       __class__: astropy.coordinates.angles.Longitude
#       unit: *id001
#       value: !astropy.table.SerializedColumn {name: ra}
#       wrap_angle: !astropy.coordinates.Angle
#         unit: *id001
#         value: 360.0
#     radial_velocity:
#       __class__: astropy.units.quantity.Quantity
#       unit: !astropy.units.Unit {unit: km / s}
#       value: !astropy.table.SerializedColumn {name: radial_velocity}
# schema: astropy-2.0
ra,dec,distance,pm_ra_cosdec,pm_dec,radial_velocity
[from data line 929]
150.77820781762765,-7.501810959548116,14.499999999999925,0.0,0.0,0.0
150.78368944691044,-7.493404671584725,14.499999999999925,0.0,0.0,0.0
150.78917086462167,-7.484998315814598,14.499999999999922,0.0,0.0,0.0
150.79465207100782,-7.476591892317288,14.49999999999992,0.0,0.0,0.0
150.80013306631545,-7.468185401172333,14.499999999999922,0.0,0.0,0.0
150.80561385079102,-7.459778842459272,14.49999999999992,0.0,0.0,0.0
150.8110944246809,-7.451372216257617,14.49999999999992,0.0,0.0,0.0
150.81657478823155,-7.442965522646876,14.499999999999918,0.0,0.0,0.0
150.82205494168932,-7.434558761706555,14.499999999999917,0.0,0.0,0.0
150.82753488530054,-7.426151933516131,14.499999999999915,0.0,0.0,0.0
150.8330146193115,-7.417745038155081,14.499999999999913,0.0,0.0,0.0
150.8384941439686,-7.409338075702868,14.499999999999913,0.0,0.0,0.0
150.84397345951797,-7.400931046238942,14.499999999999913,0.0,0.0,0.0
150.84945256620597,-7.392523949842751,14.499999999999913,0.0,0.0,0.0
150.85493146427865,-7.384116786593716,14.49999999999991,0.0,0.0,0.0
150.8604101539823,-7.3757095565712625,14.49999999999991,0.0,0.0,0.0
150.86588863556298,-7.367302259854795,14.499999999999908,0.0,0.0,0.0
150.87136690926687,-7.358894896523706,14.499999999999908,0.0,0.0,0.0
150.87684497534,-7.350487466657384,14.499999999999908,0.0,0.0,0.0
150.88232283402846,-7.342079970335202,14.499999999999904,0.0,0.0,0.0
150.88780048557825,-7.333672407636529,14.499999999999906,0.0,0.0,0.0
150.8932779302354,-7.325264778640708,14.499999999999902,0.0,0.0,0.0
150.89875516824583,-7.316857083427082,14.499999999999902,0.0,0.0,0.0
150.90423219985553,-7.308449322074981,14.4999999999999,0.0,0.0,0.0
150.9097090253104,-7.300041494663725,14.499999999999899,0.0,0.0,0.0
150.91518564485628,-7.291633601272621,14.499999999999897,0.0,0.0,0.0
150.92066205873908,-7.2832256419809625,14.499999999999897,0.0,0.0,0.0
150.92613826720464,-7.274817616868041,14.499999999999897,0.0,0.0,0.0
150.9316142704987,-7.266409526013124,14.499999999999895,0.0,0.0,0.0
150.937090068867,-7.258001369495481,14.499999999999892,0.0,0.0,0.0
150.94256566255538,-7.24959314739436,14.499999999999892,0.0,0.0,0.0
150.9480410518095,-7.241184859789003,14.499999999999892,0.0,0.0,0.0
150.95351623687506,-7.232776506758643,14.499999999999888,0.0,0.0,0.0
150.95899121799766,-7.2243680883825006,14.499999999999888,0.0,0.0,0.0
150.964465995423,-7.215959604739779,14.499999999999885,0.0,0.0,0.0
150.96994056939664,-7.207551055909681,14.499999999999883,0.0,0.0,0.0
150.97541494016414,-7.199142441971391,14.499999999999883,0.0,0.0,0.0
150.98088910797108,-7.190733763004089,14.499999999999881,0.0,0.0,0.0
150.98636307306293,-7.182325019086934,14.49999999999988,0.0,0.0,0.0
150.99183683568523,-7.1739162102990885,14.499999999999877,0.0,0.0,0.0
150.99731039608338,-7.1655073367196875,14.499999999999876,0.0,0.0,0.0
151.00278375450287,-7.157098398427866,14.499999999999874,0.0,0.0,0.0
151.00825691118905,-7.148689395502751,14.499999999999872,0.0,0.0,0.0
151.0137298663873,-7.140280328023447,14.499999999999869,0.0,0.0,0.0
151.01920262034298,-7.131871196069061,14.499999999999865,0.0,0.0,0.0
151.0246751733014,-7.1234619997186766,14.499999999999867,0.0,0.0,0.0
151.0301475255079,-7.115052739051373,14.499999999999865,0.0,0.0,0.0
151.03561967720768,-7.106643414146225,14.499999999999861,0.0,0.0,0.0
151.04109162864594,-7.098234025082282,14.49999999999986,0.0,0.0,0.0
151.046563380068,-7.089824571938596,14.499999999999854,0.0,0.0,0.0
151.05203493171896,-7.0814150547942,14.499999999999853,0.0,0.0,0.0
151.05750628384396,-7.073005473728119,14.499999999999853,0.0,0.0,0.0
151.06297743668821,-7.06459582881937,14.499999999999847,0.0,0.0,0.0
151.0684483904967,-7.056186120146955,14.499999999999845,0.0,0.0,0.0
151.07391914551457,-7.047776347789867,14.499999999999845,0.0,0.0,0.0
151.07938970198683,-7.03936651182709,14.499999999999842,0.0,0.0,0.0
151.0848600601585,-7.030956612337599,14.499999999999837,0.0,0.0,0.0
151.09033022027455,-7.02254664940035,14.499999999999835,0.0,0.0,0.0
151.09580018257998,-7.014136623094295,14.499999999999833,0.0,0.0,0.0
151.10126994731968,-7.005726533498376,14.499999999999831,0.0,0.0,0.0
151.10673951473854,-6.997316380691523,14.499999999999826,0.0,0.0,0.0
