galstreams/tracks/track.st.Gaia-8.ibata2021.ecsv
# %ECSV 1.0
# ---
# datatype:
# - {name: ra, unit: deg, datatype: float64}
# - {name: dec, unit: deg, datatype: float64}
# - {name: distance, unit: kpc, datatype: float64}
# - {name: pm_ra_cosdec, unit: mas / yr, datatype: float64}
# - {name: pm_dec, unit: mas / yr, datatype: float64}
# - {name: radial_velocity, unit: km / s, datatype: float64}
# delimiter: ','
# meta: !!omap
# - __serialized_columns__:
#     dec:
#       __class__: astropy.coordinates.angles.Latitude
#       unit: &id001 !astropy.units.Unit {unit: deg}
#       value: !astropy.table.SerializedColumn {name: dec}
#     distance:
#       __class__: astropy.coordinates.distances.Distance
#       unit: !astropy.units.Unit {unit: kpc}
#       value: !astropy.table.SerializedColumn {name: distance}
#     pm_dec:
#       __class__: astropy.units.quantity.Quantity
#       unit: !astropy.units.Unit {unit: mas / yr}
#       value: !astropy.table.SerializedColumn {name: pm_dec}
#     pm_ra_cosdec:
#       __class__: astropy.units.quantity.Quantity
#       unit: !astropy.units.Unit {unit: mas / yr}
#       value: !astropy.table.SerializedColumn {name: pm_ra_cosdec}
#     ra:
#       __class__: astropy.coordinates.angles.Longitude
#       unit: *id001
#       value: !astropy.table.SerializedColumn {name: ra}
#       wrap_angle: !astropy.coordinates.Angle
#         unit: *id001
#         value: 360.0
#     radial_velocity:
#       __class__: astropy.units.quantity.Quantity
#       unit: !astropy.units.Unit {unit: km / s}
#       value: !astropy.table.SerializedColumn {name: radial_velocity}
# schema: astropy-2.0
ra,dec,distance,pm_ra_cosdec,pm_dec,radial_velocity
[from data line 284]
184.50041345663428,-23.596934727969312,7.09699603849735,-9.572001227500552,-8.481702594315879,120.11066962698081
184.5098721319146,-23.59184471243054,7.0961624840043305,-9.570934461142894,-8.481728221489053,120.28028678710959
184.51932834235288,-23.586751963459406,7.095331897477473,-9.569872998093869,-8.48175506560081,120.45078579477271
184.52878209003572,-23.58165648431756,7.0945042752689105,-9.568816829954576,-8.481783124898948,120.62216315280168
184.53823337705091,-23.576558278265786,7.0936796137307745,-9.567765948327034,-8.481812397627998,120.7944153640274
184.54768220548732,-23.571457348564138,7.092857909215196,-9.566720344814234,-8.48184288202922,120.96753893128086
184.55712857743464,-23.56635369847186,7.09203915807431,-9.565680011020097,-8.481874576340605,121.14153035739335
184.56657249498386,-23.56124733124749,7.091223356660244,-9.564644938549504,-8.481907478796893,121.31638614519598
184.57601396022676,-23.55613825014874,7.09041050132513,-9.563615119008269,-8.481941587629564,121.49210279751988
184.58545297525635,-23.55102645843255,7.089600588421102,-9.562590544003166,-8.48197690106684,121.66867681719614
184.59488954216647,-23.545911959355173,7.088793614300288,-9.561571205141917,-8.482013417333691,121.84610470705579
184.60432366305213,-23.54079475617202,7.087989575314822,-9.560557094033175,-8.482051134651847,122.02438296992996
184.61375534000928,-23.535674852137735,7.087188467816836,-9.559548202286548,-8.482090051239801,122.20350810864997
184.62318457513496,-23.530552250506208,7.086390288158459,-9.558544521512594,-8.48213016531279,122.38347662604677
184.63261137052714,-23.525426954530587,7.085595032691823,-9.557546043322802,-8.482171475082831,122.56428502495162
184.6420357282849,-23.520298967463212,7.084802697769062,-9.556552759329621,-8.482213978758697,122.74592980819543
184.65145765050826,-23.515168292555675,7.084013279742305,-9.555564661146434,-8.482257674545943,122.92840747860954
184.66087713929835,-23.510034933058783,7.083226774963687,-9.554581740387572,-8.482302560646902,123.11171453902493
184.6702941967571,-23.50489889222266,7.082443179785334,-9.553603988668318,-8.482348635260674,123.29584749227274
184.67970882498767,-23.499760173296565,7.0816624905593795,-9.552631397604896,-8.482395896583146,123.4808028411841
184.68912102609414,-23.49461877952905,7.080884703637959,-9.551663958814446,-8.482444342806994,123.6665770885902
184.69853080218158,-23.48947471416786,7.0801098153731985,-9.550701663915095,-8.482493972121695,123.85316673732197
184.7079381553561,-23.484327980460026,7.0793378221172345,-9.549744504525892,-8.482544782713498,124.04056829021077
184.71734308772474,-23.47917858165179,7.078568720222193,-9.548792472266827,-8.482596772765465,124.22877825008761
184.7267456013957,-23.474026520988595,7.077802506040211,-9.547845558758825,-8.482649940457454,124.41779311978358
184.73614569847794,-23.468871801715245,7.077039175923417,-9.546903755623777,-8.482704283966124,124.60760940212981
184.74554338108155,-23.46371442707565,7.0762787262239435,-9.545967054484494,-8.482759801464944,124.7982235999575
184.75493865131762,-23.458554400313034,7.075521153293922,-9.54503544696474,-8.482816491124206,124.98963221609765
184.76433151129822,-23.453391724669824,7.0747664534854815,-9.544108924689219,-8.482874351110997,125.18183175338153
184.77372196313638,-23.4482264033877,7.074014623150757,-9.543187479283567,-8.482933379589246,125.37481871464013
184.78311000894612,-23.443058439707592,7.073265658641878,-9.542271102374379,-8.482993574719684,125.5685896027046
184.79249565084254,-23.437887836869635,7.0725195563109775,-9.541359785589162,-8.48305493465988,125.7631409204061
184.80187889094154,-23.43271459811329,7.071776312510186,-9.540453520556404,-8.483117457564228,125.95846917057571
184.8112597313601,-23.427538726677195,7.0710359235916345,-9.539552298905495,-8.48318114158396,126.1545708560446
184.8206381742163,-23.422360225799224,7.070298385907456,-9.538656112266784,-8.483245984867143,126.3514424796438
184.83001422162891,-23.41717909871652,7.069563695809779,-9.537764952271552,-8.483311985558679,126.54908054420451
184.83938787571793,-23.411995348665457,7.06883184965074,-9.536878810552016,-8.483379141800315,126.74748155255787
184.8487591386043,-23.406808978881678,7.068102843782467,-9.535997678741355,-8.483447451730662,126.94664200753492
184.85812801240976,-23.401619992600036,7.067376674557092,-9.535121548473649,-8.483516913485156,127.14655841196677
184.86749449925722,-23.396428393054613,7.066653338326746,-9.534250411383953,-8.483587525196116,127.34722726868466
184.8768586012704,-23.39123418347885,7.065932831443563,-9.533384259108233,-8.483659284992685,127.54864508051965
184.88622032057415,-23.38603736710531,7.0652151502596725,-9.532523083283408,-8.48373219100091,127.75080835030276
184.89557965929407,-23.380837947165848,7.064500291127206,-9.531666875547327,-8.483806241343663,127.95371358086535
184.90493661955696,-23.37563592689158,7.063788250398294,-9.530815627538779,-8.483881434140715,128.15735727503824
184.9142912034904,-23.370431309512846,7.06307902442507,-9.529969330897492,-8.48395776750869,128.36173593565277
184.92364341322295,-23.36522409825924,7.062372609559665,-9.52912797726412,-8.484035239561093,128.5668460655401
184.93299325088432,-23.360014296359584,7.061669002154211,-9.528291558280262,-8.484113848408327,128.77268416753114
184.94234071860484,-23.354801907042045,7.060968198560839,-9.52746006558846,-8.484193592157647,128.97924674445713
184.95168581851607,-23.34958693353393,7.060270195131678,-9.526633490832179,-8.484274468913217,129.18653029914915
184.9610285527504,-23.344369379061842,7.059574988218865,-9.525811825655815,-8.484356476776078,129.39453133443837
184.97036892344119,-23.339149246851623,7.058882574174527,-9.52499506170472,-8.484439613844177,129.60324635315592
184.97970693272276,-23.33392654012838,7.058192949350797,-9.524183190625159,-8.484523878212354,129.8126718581328
184.98904258273035,-23.328701262116464,7.0575061100998076,-9.523376204064347,-8.484609267972347,130.0228043522003
184.99837587560015,-23.323473416039477,7.05682205277369,-9.522574093670418,-8.484695781212796,130.23364033818945
185.00770681346935,-23.318243005120248,7.056140773724572,-9.52177685109245,-8.484783416019258,130.44517631893135
185.01703539847597,-23.31301003258095,7.05546226930459,-9.520984467980467,-8.484872170474196,130.65740879725712
185.026361632759,-23.307774501642914,7.054786535865871,-9.520196935985393,-8.48496204265698,130.87033427599798
185.03568551845845,-23.30253641552677,7.05411356976055,-9.51941424675911,-8.485053030643916,131.08394925798498
185.04500705771517,-23.29729577745237,7.05344336734076,-9.518636391954427,-8.48514513250821,131.2982502460492
185.054326252671,-23.292052590638864,7.05277592495863,-9.517863363225086,-8.485238346320013,131.51323374302189
185.06364310546866,-23.28680685830464,7.0521112389662886,-9.517095152225759,-8.485332670146406,131.72889625173391
185.07295761825188,-23.281558583667284,7.051449305715873,-9.51633175061204,-8.485428102051374,131.94523427501667
185.08226979316512,-23.276307769943774,7.050790121559511,-9.515573150040474,-8.485524640095871,132.16224431570126
185.09157963235404,-23.27105442035024,7.050133682849335,-9.51481934216853,-8.485622282337774,132.37992287661854
185.100887137965,-23.26579853810209,7.049479985937476,-9.514070318654598,-8.485721026831905,132.59826646059983
185.11019231214541,-23.260540126413993,7.048829027176068,-9.51332607115801,-8.48582087163003,132.81727157047638
185.1194951570436,-23.255279188499888,7.048180802917239,-9.512586591339023,-8.485921814780873,133.03693470907902
185.12879567480866,-23.25001572757295,7.0475353095131235,-9.511851870858816,-8.4860238543301,133.25725237923905
185.13809386759075,-23.244749746845653,7.046892543315851,-9.511121901379516,-8.486126988320342,133.47822108378753
185.147389737541,-23.239481249529653,7.046252500677554,-9.510396674564161,-8.486231214791193,133.69983732555565
185.15668328681122,-23.234210238836003,7.045615177950363,-9.509676182076731,-8.486336531779196,133.92209760737447
185.16597451755433,-23.22893671797489,7.044980571486411,-9.508960415582132,-8.486442937317873,134.144998432075
185.17526343192404,-23.223660690155818,7.044348677637828,-9.50824936674618,-8.486550429437715,134.36853630248868
185.18455003207507,-23.218382158587538,7.043719492756748,-9.50754302723565,-8.486659006166185,134.5927077214462
185.19383432016295,-23.21310112647808,7.043093013195299,-9.506841388718223,-8.486768665527721,134.81750919177904
185.20311629834418,-23.207817597034715,7.0424692353056155,-9.506144442862512,-8.486879405543748,135.04293721631822
185.21239596877618,-23.20253157346396,7.041848155439828,-9.505452181338054,-8.486991224232675,135.26898829789482
185.2216733336171,-23.197243058971697,7.041229769950068,-9.504764595815328,-8.48710411960989,135.49565893933996
185.2309483950262,-23.191952056762965,7.040614075188465,-9.50408167796572,-8.48721808968778,135.72294564348482
185.24022115516354,-23.186658570042106,7.040001067507154,-9.503403419461542,-8.487333132475724,135.95084491316035
185.24949161619003,-23.18136260201273,7.039390743258265,-9.502729811976055,-8.487449245980102,136.17935325119788
185.25875978026755,-23.176064155877704,7.038783098793929,-9.50206084718342,-8.487566428204287,136.4084671604285
185.26802564955887,-23.17076323483917,7.038178130466279,-9.501396516758733,-8.487684677148671,136.63818314368325
185.2772892262276,-23.165459842098542,7.037575834627443,-9.500736812378019,-8.487803990810638,136.8684977037931
185.28655051243825,-23.160153980856453,7.036976207629557,-9.500081725718218,-8.487924367184602,137.0994073435896
185.2958095103562,-23.154845654312908,7.036379245824752,-9.499431248457197,-8.488045804261969,137.3309085659034
185.30506622214773,-23.149534865667103,7.035784945565156,-9.498785372273757,-8.48816830003118,137.562997873566
185.31432064998003,-23.144221618117513,7.035193303202901,-9.49814408884761,-8.4882918524777,137.7956717694082
185.32357279602112,-23.138905914861883,7.034604315090121,-9.497507389859392,-8.488416459584007,138.02892675626146
185.33282266243995,-23.133587759097235,7.034017977578947,-9.496875266990665,-8.488542119329615,138.26275933695672
185.3420702514063,-23.128267154019863,7.033434287021512,-9.496247711923912,-8.488668829691068,138.49716601432496
185.3513155650909,-23.122944102825297,7.0328532397699455,-9.495624716342542,-8.488796588641952,138.73214329119756
185.36055860566518,-23.117618608708437,7.032274832176377,-9.495006271930885,-8.488925394152885,138.96768767040547
185.3697993753016,-23.11229067486336,7.031699060592938,-9.494392370374193,-8.489055244191519,139.20379565477978
185.37903787617344,-23.106960304483444,7.031125921371766,-9.493783003358622,-8.489186136722566,139.44046374715188
185.38827411045483,-23.10162750076133,7.030555410864989,-9.49317816257127,-8.489318069707783,139.67768845035258
185.39750808032082,-23.096292266888963,7.029987525424735,-9.492577839700159,-8.48945104110598,139.91546626721308
185.4067397879473,-23.090954606057537,7.02942226140314,-9.49198202643421,-8.48958504887302,140.15379370056465
185.41596923551097,-23.085614521457487,7.028859615152336,-9.491390714463273,-8.489720090961823,140.39266725323833
185.42519642518943,-23.080272016278634,7.02829958302445,-9.49080389547813,-8.489856165322374,140.63208342806502
185.43442135916112,-23.074927093709977,7.027742161371619,-9.490221561170454,-8.489993269901722,140.87203872787615
185.44364403960537,-23.06957975693981,7.027187346545969,-9.489643703232872,-8.490131402643996,141.1125296555028
185.4528644687024,-23.06423000915571,7.026635134899634,-9.489070313358901,-8.490270561490378,141.35355271377588
185.46208264863313,-23.058877853544544,7.026085522784749,-9.48850138324299,-8.490410744379142,141.59510440552674
185.47129858157948,-23.05352329329244,7.025538506553442,-9.487936904580497,-8.490551949245631,141.83718123358653
185.48051226972416,-23.0481663315848,7.024994082557841,-9.48737686906771,-8.490694174022282,142.07977970078608
185.48972371525082,-23.04280697160629,7.024452247150085,-9.486821268401819,-8.490837416638602,142.32289630995677
185.49893292034375,-23.03744521654095,7.0239129966822995,-9.486270094280954,-8.490981675021207,142.56652756392955
185.50813988718824,-23.032081069571987,7.023376327506621,-9.485723338404119,-8.491126947093775,142.8106699655358
185.51734461797042,-23.026714533881925,7.022842235975176,-9.485180992471287,-8.491273230777114,143.0553200176062
185.52654711487722,-23.021345612652585,7.0223107184400995,-9.484643048183305,-8.491420523989117,143.30047422297218
185.5357473800964,-23.015974309065054,7.021781771253522,-9.484109497241958,-8.49156882464477,143.54612908446504
185.54494541581667,-23.010600626299706,7.021255390767574,-9.48358033134994,-8.491718130656174,143.79228110491536
185.5541412242274,-23.005224567536157,7.020731573334389,-9.483055542210854,-8.491868439932546,144.03892678715476
185.56333480751883,-22.999846135953412,7.020210315306096,-9.48253512152923,-8.492019750380198,144.28606263401434
185.57252616788216,-22.994465334729647,7.019691613034832,-9.482019061010496,-8.492172059902563,144.53368514832474
185.58171530750934,-22.989082167042383,7.019175462872719,-9.481507352361009,-8.492325366400214,144.78179083291747
185.59090222859308,-22.983696636068398,7.018661861171897,-9.480999987288028,-8.49247966777082,145.03037619062368
185.60008693332705,-22.978308744983764,7.018150804284494,-9.480496957499737,-8.492634961909179,145.2794377242744
185.60926942390566,-22.97291849696384,7.017642288562642,-9.479998254705219,-8.49279124670723,145.52897193670069
185.61844970252417,-22.96752589518326,7.017136310358474,-9.479503870614476,-8.49294852005403,145.77897533073374
185.6276277713787,-22.96213094281592,7.016632866024119,-9.479013796938418,-8.493106779835795,146.0294444092046
185.63680363266607,-22.956733643035115,7.016131951911708,-9.478528025388881,-8.493266023935847,146.28037567494448
185.64597728858402,-22.951333999013293,7.015633564373376,-9.478046547678591,-8.49342625023467,146.53176563078446
185.65514874133106,-22.945932013922256,7.015137699761252,-9.477569355521208,-8.493587456609893,146.7836107795557
185.66431799310664,-22.940527690933088,7.0146443544274675,-9.477096440631282,-8.493749640936292,147.0359076240891
185.67348504611076,-22.93512103321613,7.014153524724156,-9.47662779472428,-8.493912801085783,147.28865266721613
185.6826499025445,-22.929712043941056,7.013665207003448,-9.47616340951659,-8.494076934927453,147.54184241176773
185.6918125646097,-22.924300726276773,7.0131793976174714,-9.47570327672549,-8.494242040327547,147.79547336057507
185.70097303450885,-22.918887083391564,7.012696092918365,-9.475247388069178,-8.494408115149453,148.04954201646908
185.71013131444533,-22.913471118452943,7.012215289258255,-9.47479573526677,-8.494575157253744,148.3040448822812
185.71928740662344,-22.908052834627714,7.011736982989273,-9.474348310038275,-8.49474316449815,148.55897846084233
185.7284413132481,-22.90263223508198,7.011261170463553,-9.473905104104613,-8.494912134737573,148.8143392549835
185.73759303652517,-22.897209322981144,7.010787848033225,-9.473466109187626,-8.495082065824093,149.0701237675361
185.74674257866124,-22.891784101489893,7.010317012050419,-9.47303131701004,-8.49525295560697,149.32632850133118
185.75588994186378,-22.886356573772176,7.009848658867272,-9.472600719295503,-8.495424801932641,149.5829499591998
185.76503512834088,-22.880926742991342,7.009382784835909,-9.472174307768572,-8.495597602644715,149.8399846439731
185.77417814030161,-22.875494612309915,7.008919386308466,-9.47175207415471,-8.495771355584015,150.09742905848205
185.78331897995577,-22.870060184889777,7.008458459637072,-9.471334010180273,-8.495946058588535,150.355279705558
185.79245764951392,-22.86462346389208,7.008000001173859,-9.470920107572535,-8.496121709493465,150.61353308803209
185.80159415118746,-22.85918445247728,7.007544007270959,-9.470510358059675,-8.4962983061312,150.87218570873512
