galstreams/tracks/track.st.TucanaIII.shipp2019.ecsv
# %ECSV 1.0
# ---
# datatype:
# - {name: ra, unit: deg, datatype: float64}
# - {name: dec, unit: deg, datatype: float64}
# - {name: distance, unit: kpc, datatype: float64}
# - {name: pm_ra_cosdec, unit: mas / yr, datatype: float64}
# - {name: pm_dec, unit: mas / yr, datatype: float64}
# - {name: radial_velocity, unit: km / s, datatype: float64}
# delimiter: ','
# meta: !!omap
# - __serialized_columns__:
#     dec:
#       __class__: astropy.coordinates.angles.Latitude
#       unit: &id001 !astropy.units.Unit {unit: deg}
#       value: !astropy.table.SerializedColumn {name: dec}
#     distance:
#       __class__: astropy.coordinates.distances.Distance
#       unit: !astropy.units.Unit {unit: kpc}
#       value: !astropy.table.SerializedColumn {name: distance}
#     pm_dec:
#       __class__: astropy.units.quantity.Quantity
#       unit: !astropy.units.Unit {unit: mas / yr}
#       value: !astropy.table.SerializedColumn {name: pm_dec}
#     pm_ra_cosdec:
#       __class__: astropy.units.quantity.Quantity
#       unit: !astropy.units.Unit {unit: mas / yr}
#       value: !astropy.table.SerializedColumn {name: pm_ra_cosdec}
#     ra:
#       __class__: astropy.coordinates.angles.Longitude
#       unit: *id001
#       value: !astropy.table.SerializedColumn {name: ra}
#       wrap_angle: !astropy.coordinates.Angle
#         unit: *id001
#         value: 360.0
#     radial_velocity:
#       __class__: astropy.units.quantity.Quantity
#       unit: !astropy.units.Unit {unit: km / s}
#       value: !astropy.table.SerializedColumn {name: radial_velocity}
# schema: astropy-2.0
ra,dec,distance,pm_ra_cosdec,pm_dec,radial_velocity
[from data line 141]
357.38110546955255,-59.65478525270773,24.549426099717873,-0.16240930420071953,-1.6493316949311032,1.6841534259744676e-14
357.40089735066994,-59.65411321123393,24.55776133722439,-0.16082580755670794,-1.6484340806960625,0.0
357.4206888002352,-59.653442003853336,24.566096515041536,-0.1592487200736203,-1.647537755268786,1.6841534259744676e-14
357.44047982151494,-59.65277163059581,24.574431633169304,-0.15767804013068837,-1.646642724170265,3.368306851948935e-14
357.4602704177755,-59.6521020914901,24.582766691607723,-0.1561137661041328,-1.6457489929199496,1.6841534259744676e-14
357.4800605922827,-59.651433386563774,24.59110169035676,-0.15455589636718475,-1.644856567035751,-3.368306851948935e-14
357.49985034830223,-59.65076551584329,24.599436629416427,-0.1530044292900648,-1.6439654520340332,0.0
357.51963968909917,-59.650098479353886,24.60777150878673,-0.1514593632400023,-1.6430756534296251,3.368306851948935e-14
357.5394286179384,-59.64943227711968,24.616106328467666,-0.14992069658121837,-1.6421871767358156,-1.6841534259744676e-14
357.5592171380844,-59.648766909163655,24.62444108845923,-0.14838842767494445,-1.6413000274643554,-1.6841534259744676e-14
357.5790052528012,-59.648102375507605,24.63277578876143,-0.14686255487940603,-1.6404142111254587,1.6841534259744676e-14
357.59879296535263,-59.647438676172186,24.641110429374255,-0.1453430765498335,-1.6395297332278052,0.0
357.6185802790019,-59.64677581117691,24.64944501029771,-0.14382999103846172,-1.6386465992785404,3.368306851948935e-14
357.6383671970122,-59.646113780540105,24.6577795315318,-0.14232329669452012,-1.6377648147832762,0.0
357.6581537226458,-59.645452584279,24.66611399307653,-0.14082299186425337,-1.636884385246093,1.6841534259744676e-14
357.6779398591654,-59.644792222409606,24.674448394931876,-0.1393290748908951,-1.6360053161695418,-1.6841534259744676e-14
357.6977256098325,-59.64413269494684,24.682782737097863,-0.13784154411469488,-1.6351276130546413,-1.6841534259744676e-14
357.7175109779089,-59.64347400190443,24.691117019574484,-0.13636039787289705,-1.6342512814008843,1.6841534259744676e-14
357.73729596665544,-59.64281614329495,24.69945124236172,-0.13488563449975877,-1.633376326706236,-1.6841534259744676e-14
357.7570805793332,-59.64215911912986,24.707785405459596,-0.1334172523265324,-1.6325027544671342,-1.6841534259744676e-14
357.7768648192022,-59.6415029294194,24.71611950886811,-0.13195524968148656,-1.6316305701784906,0.0
357.7966486895229,-59.64084757417273,24.724453552587253,-0.13049962488988232,-1.6307597793336974,3.368306851948935e-14
357.8164321935545,-59.64019305339783,24.73278753661702,-0.12905037627400073,-1.629890387424621,0.0
357.8362153345565,-59.639539367101506,24.741121460957427,-0.12760750215311517,-1.6290223999416062,0.0
357.85599811578777,-59.63888651528944,24.74945532560846,-0.12617100084351698,-1.628155822373479,0.0
357.8757805405067,-59.63823449796616,24.757789130570124,-0.12474087065849655,-1.6272906602075436,0.0
357.8955626119714,-59.637583315135025,24.76612287584242,-0.12331710990835708,-1.6264269189295875,0.0
357.91534433343986,-59.63693296679827,24.77445656142535,-0.12189971690040115,-1.6255646040238823,3.368306851948935e-14
357.9351257081692,-59.63628345295693,24.78279018731891,-0.12048868993894842,-1.6247037209731816,0.0
357.9549067394164,-59.63563477361097,24.791123753523102,-0.11908402732532498,-1.6238442752587248,-1.6841534259744676e-14
357.9746874304382,-59.63498692875912,24.799457260037922,-0.11768572735785705,-1.622986272360238,-1.6841534259744676e-14
357.99446778449067,-59.63433991839901,24.807790706863376,-0.11629378833189036,-1.6221297177559344,-6.73661370389787e-14
358.0142478048298,-59.63369374252711,24.81612409399946,-0.11490820853977128,-1.6212746169225172,0.0
358.0340274947108,-59.63304840113873,24.82445742144618,-0.11352898627086386,-1.6204209753351757,-1.6841534259744676e-14
358.053806857389,-59.63240389422803,24.832790689203524,-0.11215611981153117,-1.6195687984675948,-5.0524602779234026e-14
358.0735858961188,-59.63176022178805,24.841123897271505,-0.11078960744515888,-1.6187180917919457,0.0
358.0933646141548,-59.63111738381062,24.849457045650112,-0.10942944745212996,-1.617868860778899,0.0
358.11314301475056,-59.63047538028647,24.85779013433935,-0.10807563810984958,-1.6170211108976136,-1.6841534259744676e-14
358.13292110115987,-59.629834211205164,24.86612316333923,-0.10672817769272316,-1.6161748476157483,0.0
358.15269887663567,-59.62919387655513,24.87445613264973,-0.10538706447217874,-1.6153300763994545,-1.6841534259744676e-14
358.1724763444309,-59.62855437632363,24.88278904227087,-0.1040522967166426,-1.6144868027133834,0.0
358.1922535077976,-59.627915710496765,24.89112189220263,-0.10272387269156785,-1.6136450320206852,1.6841534259744676e-14
358.21203036998804,-59.627277879059505,24.899454682445022,-0.10140179065940289,-1.6128047697830086,-3.368306851948935e-14
358.2318069342534,-59.626640881995705,24.907787412998058,-0.10008604887962569,-1.6119660214605003,1.6841534259744676e-14
358.2515832038453,-59.626004719288,24.916120083861713,-0.09877664560870891,-1.6111287925118165,0.0
358.2713591820142,-59.62536939091792,24.924452695036003,-0.09747357910015289,-1.6102930883941082,0.0
358.29113487201045,-59.624734896865846,24.932785246520933,-0.09617684760446635,-1.6094589145630358,-3.368306851948935e-14
358.3109102770842,-59.624101237111,24.941117738316482,-0.09488644936916565,-1.6086262764727635,-1.6841534259744676e-14
358.3306854004849,-59.623468411631464,24.949450170422672,-0.0936023826387892,-1.6077951795759606,0.0
358.3504602454619,-59.62283642040416,24.957782542839485,-0.09232464565488137,-1.6069656293238055,-1.6841534259744676e-14
358.3702348152637,-59.62220526340487,24.966114855566932,-0.09105323665600878,-1.6061376311659838,0.0
358.39000911313906,-59.621574940608234,24.97444710860501,-0.08978815387774206,-1.605311190550692,-1.6841534259744676e-14
358.4097831423356,-59.62094545198772,24.982779301953723,-0.08852939555267952,-1.604486312924636,1.6841534259744676e-14
358.42955690610125,-59.6203167975157,24.99111143561306,-0.08727695991041895,-1.603663003733036,1.6841534259744676e-14
358.4493304076829,-59.61968897716331,24.999443509583035,-0.08603084517758872,-1.6028412684196205,-5.0524602779234026e-14
358.4691036503276,-59.61906199090065,25.00777552386364,-0.08479104957781941,-1.6020211124266361,-1.6841534259744676e-14
358.48887663728146,-59.6184358386966,25.01610747845488,-0.08355757133176686,-1.6012025411948423,1.6841534259744676e-14
358.5086493717908,-59.61781052051888,25.024439373356742,-0.0823304086570916,-1.6003855601635182,-1.6841534259744676e-14
358.5284218571008,-59.61718603633412,25.03277120856924,-0.08110955976848472,-1.5995701747704543,-1.6841534259744676e-14
358.548194096457,-59.61656238610777,25.04110298409237,-0.0798950228776377,-1.5987563904519644,-6.73661370389787e-14
358.5679660931039,-59.61593956980415,25.049434699926124,-0.07868679619327168,-1.5979442126428787,-1.6841534259744676e-14
358.587737850286,-59.615317587386414,25.05776635607052,-0.0774848779211145,-1.59713364677655,-3.368306851948935e-14
358.6075093712473,-59.61469643881657,25.06609795252555,-0.07628926626391444,-1.5963246982848518,-1.6841534259744676e-14
358.6272806592311,-59.6140761240555,25.074429489291195,-0.0750999594214429,-1.5955173725981802,-1.6841534259744676e-14
358.64705171748085,-59.61345664306294,25.082760966367488,-0.07391695559047459,-1.594711675145454,0.0
358.666822549239,-59.61283799579743,25.0910923837544,-0.0727402529648152,-1.5939076113541197,-1.6841534259744676e-14
358.6865931577481,-59.61222018221644,25.099423741451954,-0.07156984973527639,-1.5931051866501467,0.0
358.7063635462498,-59.61160320227624,25.107755039460134,-0.07040574408970005,-1.5923044064580325,0.0
358.72613371798593,-59.61098705593198,25.11608627777894,-0.06924793421293096,-1.5915052762008026,-1.6841534259744676e-14
358.7459036761972,-59.61037174313764,25.124417456408384,-0.06809641828684743,-1.5907078013000118,-3.368306851948935e-14
358.7656734241246,-59.609757263846106,25.13274857534846,-0.06695119449033142,-1.589911987175745,0.0
358.78544296500814,-59.60914361800906,25.14107963459916,-0.06581226099929656,-1.5891178392466185,0.0
358.8052123020879,-59.60853080557704,25.1494106341605,-0.06467961598666225,-1.5883253629297795,-3.368306851948935e-14
358.82498143860306,-59.60791882649952,25.157741574032464,-0.06355325762237765,-1.5875345636409102,-1.6841534259744676e-14
358.8447503777928,-59.60730768072474,25.16607245421507,-0.06243318407340302,-1.5867454467942264,0.0
358.86451912289556,-59.606697368199825,25.174403274708293,-0.061319393503724874,-1.5859580178024806,0.0
358.88428767714976,-59.60608788887075,25.18273403551215,-0.06021188407433749,-1.5851722820769596,-1.6841534259744676e-14
358.9040560437928,-59.6054792426824,25.19106473662665,-0.05911065394326999,-1.5843882450274893,1.6841534259744676e-14
358.9238242260623,-59.6048714295784,25.199395378051772,-0.05801570126555486,-1.583605912062434,1.6841534259744676e-14
358.94359222719515,-59.604264449501365,25.207725959787524,-0.056927024193254856,-1.5828252885886978,1.6841534259744676e-14
358.9633600504277,-59.60365830239267,25.216056481833917,-0.05584462087545184,-1.5820463800117253,-3.368306851948935e-14
358.98312769899616,-59.603052988192594,25.224386944190933,-0.05476848945824035,-1.5812691917355037,1.6841534259744676e-14
359.002895176136,-59.60244850684023,25.232717346858582,-0.05369862808474361,-1.5804937291625611,-1.6841534259744676e-14
359.0226624850826,-59.601844858273594,25.241047689836858,-0.052635034895097854,-1.579719997693972,0.0
359.0424296290707,-59.6012420424295,25.249377973125764,-0.05157770802646611,-1.5789480027293537,-1.6841534259744676e-14
359.06219661133474,-59.60064005924364,25.257708196725314,-0.05052664561302271,-1.5781777496668707,5.0524602779234026e-14
359.0819634351086,-59.600038908650546,25.266038360635488,-0.0494818457859733,-1.5774092439032348,-1.6841534259744676e-14
359.10173010362587,-59.59943859058365,25.27436846485629,-0.048443306673534935,-1.5766424908337044,-1.6841534259744676e-14
359.1214966201195,-59.59883910497521,25.28269850938773,-0.04741102640095314,-1.575877495852088,0.0
359.14126298782236,-59.598240451756325,25.291028494229796,-0.04638500309048453,-1.5751142643507448,-3.368306851948935e-14
359.16102920996656,-59.597642630857,25.299358419382497,-0.045365234861417664,-1.5743528017205837,0.0
359.18079528978393,-59.59704564220604,25.307688284845824,-0.04435171983005465,-1.5735931133510679,-1.6841534259744676e-14
359.20056123050585,-59.59644948573117,25.31601809061979,-0.043344456109720375,-1.5728352046302119,-3.368306851948935e-14
359.22032703536325,-59.595854161358915,25.324347836704376,-0.04234344181076163,-1.5720790809445857,0.0
359.24009270758677,-59.595259669014695,25.332677523099605,-0.04134867504054571,-1.5713247476793128,-1.6841534259744676e-14
359.2598582504064,-59.594666008622774,25.341007149805456,-0.04036015390346087,-1.570572210218076,-5.0524602779234026e-14
359.27962366705174,-59.59407318010629,25.349336716821945,-0.039377876500919604,-1.5698214739431129,1.6841534259744676e-14
359.299388960752,-59.59348118338721,25.35766622414906,-0.03840184093135285,-1.5690725442352211,0.0
359.31915413473615,-59.59289001838639,25.36599567178681,-0.037432045290213815,-1.5683254264737567,-1.6841534259744676e-14
359.3389191922323,-59.592299685023534,25.3743250597352,-0.03646848766997773,-1.567580126036636,0.0
359.3586841364686,-59.591710183217174,25.382654387994208,-0.03551116616014094,-1.566836648300338,-1.6841534259744676e-14
359.37844897067225,-59.59112151288476,25.39098365656385,-0.03456007884722316,-1.566094998639904,-1.6841534259744676e-14
359.3982136980705,-59.590533673942566,25.399312865444124,-0.03361522381476402,-1.5653551824289376,1.6841534259744676e-14
359.41797832188985,-59.589946666305735,25.407642014635027,-0.03267659914332553,-1.5646172050396074,1.6841534259744676e-14
359.43774284535647,-59.589360489888236,25.41597110413657,-0.031744202910493166,-1.5638810718426477,-1.6841534259744676e-14
359.4575072716961,-59.58877514460296,25.424300133948734,-0.030818033190872635,-1.5631467882073604,-1.6841534259744676e-14
359.477271604134,-59.5881906303616,25.432629104071538,-0.029898088056090698,-1.5624143595016124,-5.0524602779234026e-14
359.49703584589497,-59.58760694707477,25.440958014504965,-0.028984365574800126,-1.5616837910918426,1.6841534259744676e-14
359.51680000020343,-59.58702409465185,25.44928686524903,-0.028076863812671583,-1.5609550883430559,-1.6841534259744676e-14
359.53656407028336,-59.586442073001194,25.457615656303723,-0.027175580832400376,-1.5602282566188297,-1.6841534259744676e-14
359.55632805935824,-59.58586088202992,25.46594438766905,-0.0262805146937033,-1.559503301281313,0.0
359.5760919706511,-59.585280521644066,25.474273059345002,-0.025391663453319585,-1.5587802276912281,-1.6841534259744676e-14
359.5958558073845,-59.58470099174852,25.482601671331597,-0.024509025165009815,-1.5580590412078679,1.6841534259744676e-14
359.61561957278076,-59.58412229224698,25.490930223628812,-0.023632597879557113,-1.5573397471891035,-1.6841534259744676e-14
359.63538327006154,-59.58354442304209,25.499258716236664,-0.022762379644768335,-1.5566223509913792,1.6841534259744676e-14
359.655146902448,-59.5829673840353,25.507587149155142,-0.021898368505471607,-1.5559068579697155,0.0
359.67491047316105,-59.58239117512691,25.515915522384258,-0.02104056250351761,-1.555193273477714,-1.6841534259744676e-14
359.69467398542105,-59.58181579621613,25.524243835924004,-0.020188959677777226,-1.5544816028675497,-3.368306851948935e-14
359.71443744244795,-59.581241247201,25.532572089774373,-0.01934355806414724,-1.5537718514899823,0.0
359.73420084746124,-59.58066752797841,25.540900283935382,-0.01850435569554344,-1.553064024694347,-1.6841534259744676e-14
359.75396420367986,-59.58009463844415,25.549228418407022,-0.017671350601906485,-1.552358127828565,1.6841534259744676e-14
359.7737275143224,-59.579522578492835,25.55755649318929,-0.016844540810198285,-1.5516541662391377,0.0
359.79349078260697,-59.57895134801795,25.565884508282185,-0.016023924344403008,-1.5509521452711494,0.0
359.81325401175127,-59.57838094691188,25.57421246368572,-0.01520949922552619,-1.550252070268271,0.0
359.83301720497246,-59.57781137506581,25.58254035939988,-0.014401263471597987,-1.5495539465727566,-1.6841534259744676e-14
359.85278036548726,-59.577242632369824,25.59086819542467,-0.013599215097669686,-1.5488577795254486,-5.0524602779234026e-14
359.8725434965121,-59.576674718712894,25.5991959717601,-0.012803352115812504,-1.5481635744657753,0.0
359.8923066012626,-59.57610763398277,25.60752368840616,-0.012013672535124593,-1.5474713367317534,-1.6841534259744676e-14
359.9120696829543,-59.57554137806616,25.615851345362852,-0.01123017436172146,-1.5467810716599912,-3.368306851948935e-14
359.9318327448021,-59.574975950848575,25.624178942630166,-0.010452855598744497,-1.5460927845856844,-3.368306851948935e-14
359.95159579002035,-59.57441135221442,25.632506480208114,-0.009681714246354627,-1.5454064808426213,-1.6841534259744676e-14
359.9713588218231,-59.57384758204693,25.640833958096696,-0.00891674830173596,-1.5447221657631829,-1.6841534259744676e-14
359.991121843424,-59.57328464022822,25.64916137629591,-0.008157955759093527,-1.5440398446783419,-5.0524602779234026e-14
0.01088485803601554,-59.57272252663932,25.657488734805757,-0.0074053346096576425,-1.5433595229176666,3.368306851948935e-14
0.030647868871737365,-59.57216124116,25.665816033626232,-0.006658882841676891,-1.5426812058093202,-1.6841534259744676e-14
0.050410879143343926,-59.571600783669034,25.674143272757334,-0.00591859844042318,-1.5420048986800616,-3.368306851948935e-14
0.07017389206251641,-59.57104115404396,25.682470452199077,-0.005184479388190168,-1.5413306068552464,-1.6841534259744676e-14
0.0899369108404728,-59.57048235216122,25.690797571951446,-0.0044565236642932675,-1.5406583356588286,-3.368306851948935e-14
