galstreams/tracks/track.st.Kwando.ibata2024.ecsv
# %ECSV 1.0
# ---
# datatype:
# - {name: ra, unit: deg, datatype: float64}
# - {name: dec, unit: deg, datatype: float64}
# - {name: distance, unit: kpc, datatype: float64}
# - {name: pm_ra_cosdec, unit: mas / yr, datatype: float64}
# - {name: pm_dec, unit: mas / yr, datatype: float64}
# - {name: radial_velocity, unit: km / s, datatype: float64}
# delimiter: ','
# meta: !!omap
# - __serialized_columns__:
#     dec:
#       __class__: astropy.coordinates.angles.Latitude
#       unit: &id001 !astropy.units.Unit {unit: deg}
#       value: !astropy.table.SerializedColumn {name: dec}
#     distance:
#       __class__: astropy.coordinates.distances.Distance
#       unit: !astropy.units.Unit {unit: kpc}
#       value: !astropy.table.SerializedColumn {name: distance}
#     pm_dec:
#       __class__: astropy.units.quantity.Quantity
#       unit: !astropy.units.Unit {unit: mas / yr}
#       value: !astropy.table.SerializedColumn {name: pm_dec}
#     pm_ra_cosdec:
#       __class__: astropy.units.quantity.Quantity
#       unit: !astropy.units.Unit {unit: mas / yr}
#       value: !astropy.table.SerializedColumn {name: pm_ra_cosdec}
#     ra:
#       __class__: astropy.coordinates.angles.Longitude
#       unit: *id001
#       value: !astropy.table.SerializedColumn {name: ra}
#       wrap_angle: !astropy.coordinates.Angle
#         unit: *id001
#         value: 360.0
#     radial_velocity:
#       __class__: astropy.units.quantity.Quantity
#       unit: !astropy.units.Unit {unit: km / s}
#       value: !astropy.table.SerializedColumn {name: radial_velocity}
# schema: astropy-2.0
ra,dec,distance,pm_ra_cosdec,pm_dec,radial_velocity
[from data line 1392]
20.45930272747714,4.964071519508952,1.0000000000000004,0.7637507596319466,-0.4098987304096888,-121.65891502273271
20.46150523966549,4.954000175359665,1.0000000000000004,0.7637993198947983,-0.4100642872551732,-121.62451870817432
20.463708264668966,4.94392896872429,1.0000000000000004,0.7638478064188714,-0.41022976573819747,-121.59012827385091
20.4659118022043,4.93385789951272,1.0000000000000002,0.7638962192559058,-0.410395165851245,-121.55574370969835
20.46811585198835,4.923786967634844,1.0000000000000004,0.7639445584576627,-0.41056048758681607,-121.52136500565253
20.47032041373807,4.913716173000709,1.0000000000000004,0.7639928240758893,-0.41072573093740594,-121.48699215164936
20.47252548717053,4.903645515520241,1.0000000000000004,0.764041016162337,-0.4108908958955211,-121.45262513762472
20.47473107200291,4.893574995103439,1.0000000000000004,0.7640891347687466,-0.41105598245367414,-121.41826395351458
20.476937167952517,4.883504611660325,1.0000000000000004,0.7641371799468812,-0.41122099060437733,-121.38390858925473
20.479143774736748,4.873434365100939,1.0000000000000004,0.7641851517484799,-0.4113859203401491,-121.34955903478111
20.481350892073117,4.863364255335359,1.0000000000000004,0.7642330502252941,-0.4115507716535194,-121.31521528002963
20.483558519679246,4.853294282273667,1.0000000000000004,0.7642808754290744,-0.411715544537016,-121.2808773149362
20.485766657272894,4.843224445825925,1.0000000000000004,0.764328627411567,-0.4118802389831733,-121.24654512943667
20.48797530457186,4.833154745902377,1.0000000000000002,0.7643763062245128,-0.41204485498453325,-121.212218713467
20.49018446129413,4.823085182413131,1.0000000000000004,0.7644239119196659,-0.4122093925336392,-121.17789805696306
20.49239412715776,4.813015755268376,1.0000000000000004,0.7644714445487715,-0.4123738516230433,-121.14358314986072
20.494604301880923,4.802946464378308,1.0000000000000002,0.7645189041635758,-0.4125382322453057,-121.10927398209586
20.496814985181906,4.792877309653155,1.0000000000000004,0.7645662908158215,-0.41270253439298,-121.0749705436045
20.499026176779104,4.782808291003188,1.0000000000000002,0.7646136045572547,-0.4128667580586365,-121.04067282432236
20.50123787639102,4.772739408338667,1.0000000000000002,0.764660845439626,-0.41303090323484426,-121.00638081418548
20.503450083736272,4.762670661569841,1.0000000000000002,0.76470801351467,-0.4131949699141817,-120.97209450312967
20.505662798533564,4.752602050607138,1.0000000000000002,0.7647551088341364,-0.4133589580892303,-120.93781388109092
20.507876020501737,4.742533575360857,1.0000000000000002,0.7648021314497706,-0.4135228677525711,-120.90353893800508
20.510089749359725,4.732465235741366,1.0000000000000002,0.764849081413308,-0.4136866988968042,-120.869269663808
20.512303984826588,4.722397031659045,1.0000000000000002,0.7648959587764956,-0.4138504515145187,-120.83500604843563
20.514518726621475,4.712328963024316,1.0000000000000004,0.7649427635910726,-0.4140141255983205,-120.80074808182383
20.51673397446365,4.7022610297476195,1.0000000000000004,0.7649894959087886,-0.4141777211408164,-120.76649575390854
20.518949728072492,4.692193231739413,1.0000000000000004,0.7650361557813703,-0.4143412381346159,-120.73224905462567
20.52116598716749,4.682125568910184,1.0000000000000002,0.7650827432605691,-0.41450467657233814,-120.6980079739111
20.523382751468237,4.672058041170382,1.0000000000000002,0.7651292583981197,-0.414668036446606,-120.66377250170065
20.525600020694412,4.661990648430647,1.0000000000000004,0.7651757012457585,-0.41483131775004445,-120.6295426279303
20.52781779456584,4.651923390601481,1.0000000000000004,0.765222071855236,-0.4149945204752874,-120.59531834253596
20.53003607280243,4.6418562675934565,1.0000000000000002,0.7652683702782825,-0.4151576446149732,-120.5610996354535
20.532254855124215,4.631789279317165,1.0000000000000002,0.7653145965666264,-0.4153206901617441,-120.5268864966188
20.53447414125132,4.621722425683243,1.0000000000000004,0.7653607507720199,-0.4154836571082505,-120.49267891596776
20.536693930903986,4.611655706602334,1.0000000000000004,0.7654068329461934,-0.41564654544713786,-120.4584768834363
20.538914223802568,4.601589121985101,1.0000000000000002,0.7654528431408849,-0.41580935517107287,-120.42428038896031
20.541135019667507,4.591522671742235,1.0000000000000002,0.765498781407822,-0.4159720862727134,-120.39008942247573
20.54335631821939,4.581456355784406,1.0000000000000004,0.7655446477987464,-0.41613473874472984,-120.35590397391837
20.545578119178856,4.571390174022451,1.0000000000000002,0.7655904423653901,-0.4162973125797964,-120.32172403322419
20.5478004222667,4.561324126367082,1.0000000000000004,0.7656361651594876,-0.41645980777059055,-120.28754959032898
20.550023227203805,4.5512582127290715,1.0000000000000004,0.7656818162327719,-0.41662222430979634,-120.25338063516881
20.552246533711156,4.541192433019245,1.0000000000000002,0.7657273956369712,-0.41678456219010274,-120.21921715767947
20.554470341509862,4.531126787148424,1.0000000000000002,0.7657729034238256,-0.4169468214042029,-120.1850591477969
20.55669465032112,4.521061275027453,1.0000000000000002,0.7658183396450555,-0.4171090019447985,-120.15090659545695
20.558919459866253,4.510995896567216,1.0000000000000004,0.7658637043523981,-0.41727110380459287,-120.11675949059558
20.56114476986668,4.500930651678561,1.0000000000000002,0.7659089975975819,-0.4174331269762941,-120.08261782314865
20.5633705800439,4.490865540272518,1.0000000000000004,0.7659542194323317,-0.41759507145261865,-120.04848158305204
20.565596890119576,4.48080056225997,1.0000000000000004,0.7659993699083802,-0.41775693722628704,-120.01435076024165
20.56782369981543,4.47073571755189,1.0000000000000004,0.7660444490774614,-0.4179187242900204,-119.98022534465343
20.57005100885331,4.460671006059268,1.0000000000000004,0.7660894569912884,-0.4180804326365526,-119.94610532622322
20.572278816955162,4.450606427693126,1.0000000000000004,0.7661343937015896,-0.4182420622586178,-119.91199069488697
20.57450712384306,4.440541982364483,1.0000000000000004,0.7661792592601016,-0.41840361314895613,-119.87788144058052
20.576735929239142,4.430477669984422,1.0000000000000004,0.7662240537185401,-0.4185650853003129,-119.8437775532398
20.578965232865716,4.420413490463955,1.0000000000000004,0.7662687771286372,-0.41872647870543966,-119.80967902280065
20.581195034445113,4.410349443714296,1.0000000000000004,0.766313429542107,-0.4188877933570918,-119.77558583919914
20.583425333699825,4.400285529646531,1.0000000000000004,0.7663580110106771,-0.4190490292480298,-119.74149799237098
20.585656130352447,4.390221748171805,1.0000000000000004,0.7664025215860706,-0.4192101863710227,-119.70741547225212
20.58788742412567,4.380158099201294,1.0000000000000004,0.7664469613200078,-0.41937126471883657,-119.67333826877852
20.590119214742277,4.370094582646197,1.0000000000000004,0.7664913302642029,-0.4195322642842523,-119.63926637188595
20.592351501925183,4.360031198417732,1.0000000000000004,0.7665356284703853,-0.41969318506005115,-119.60519977151048
20.59458428539739,4.349967946427144,1.0000000000000004,0.7665798559902681,-0.4198540270390161,-119.57113845758784
20.59681756488201,4.339904826585706,1.0000000000000004,0.7666240128755772,-0.42001479021394306,-119.53708242005409
20.599051340102278,4.329841838804641,1.0000000000000004,0.7666680991780206,-0.4201754745776296,-119.50303164884498
20.60128561078149,4.319778982995379,1.0000000000000004,0.7667121149493221,-0.42033608012287615,-119.46898613389644
20.603520376643072,4.3097162590692,1.0000000000000004,0.7667560602411934,-0.42049660684249046,-119.43494586514444
20.60575563741056,4.299653666937456,1.0000000000000004,0.7667999351053467,-0.4206570547292827,-119.40091083252483
20.607991392807598,4.289591206511545,1.0000000000000002,0.7668437395934999,-0.42081742377607356,-119.36688102597346
20.61022764255792,4.279528877702848,1.0000000000000004,0.7668874737573717,-0.42097771397568895,-119.33285643542634
20.612464386385376,4.269466680422808,1.0000000000000004,0.7669311376486716,-0.42113792532095173,-119.29883705081929
20.614701624013907,4.259404614582879,1.0000000000000002,0.7669747313191104,-0.4212980578046963,-119.26482286208821
20.616939355167567,4.249342680094516,1.0000000000000002,0.7670182548203988,-0.4214581114197611,-119.230813859169
20.619177579570533,4.2392808768691745,1.0000000000000002,0.7670617082042455,-0.4216180861589931,-119.1968100319976
20.62141629694703,4.229219204818482,1.0000000000000004,0.7671050915223621,-0.42177798201523675,-119.16281137050989
20.62365550702144,4.219157663853914,1.0000000000000004,0.767148404826461,-0.4219377989813502,-119.12881786464168
20.625895209518234,4.209096253887051,1.0000000000000004,0.7671916481682421,-0.42209753705018804,-119.09482950432898
20.62813540416198,4.199034974829469,1.0000000000000004,0.7672348215994171,-0.42225719621461955,-119.06084627950763
20.630376090677355,4.188973826592777,1.0000000000000002,0.767277925171693,-0.42241677646750864,-119.02686818011358
20.632617268789136,4.178912809088615,1.0000000000000004,0.7673209589367698,-0.42257627780173435,-118.99289519608267
20.63485893822221,4.168851922228638,1.0000000000000004,0.7673639229463607,-0.42273570021017415,-118.95892731735081
20.63710109870157,4.158791165924469,1.0000000000000004,0.7674068172521569,-0.4228950436857164,-118.92496453385392
20.639343749952292,4.148730540087911,1.0000000000000004,0.767449641905877,-0.4230543082212481,-118.89100683552789
20.641586891699564,4.138670044630654,1.0000000000000002,0.7674923969592058,-0.42321349380966167,-118.85705421230863
20.643830523668687,4.128609679464423,1.0000000000000004,0.7675350824638558,-0.42337260044386626,-118.82310665413202
20.646074645585056,4.118549444501002,1.0000000000000002,0.7675776984715181,-0.42353162811676315,-118.78916415093386
20.648319257174183,4.108489339652179,1.0000000000000002,0.7676202450339025,-0.4236905768212609,-118.75522669265025
20.650564358161656,4.098429364829767,1.0000000000000004,0.7676627222026973,-0.42384944655028,-118.72129426921695
20.652809948273184,4.08836951994561,1.0000000000000002,0.7677051300295998,-0.42400823729673487,-118.68736687056987
20.655056027234597,4.07830980491151,1.0000000000000002,0.7677474685663102,-0.42416694905356267,-118.65344448664493
20.65730259477177,4.0682502196394585,1.0000000000000004,0.7677897378645211,-0.4243255818136855,-118.61952710737808
20.659549650610735,4.058190764041323,1.0000000000000002,0.7678319379759353,-0.4244841355700444,-118.5856147227051
20.6617971944776,4.048131438029017,1.0000000000000002,0.7678740689522296,-0.42464261031558204,-118.55170732256195
20.664045226098594,4.038072241514497,1.0000000000000002,0.7679161308451095,-0.4248010060432439,-118.5178048968846
20.666293745200015,4.0280131744097325,1.0000000000000004,0.7679581237062605,-0.42495932274598247,-118.48390743560883
20.668542751508305,4.01795423662674,1.0000000000000004,0.7680000475873738,-0.42511756041675763,-118.45001492867057
20.670792244749975,4.007895428077521,1.0000000000000002,0.7680419025401442,-0.42527571904852857,-118.41612736600571
20.67304222465165,3.997836748674126,1.0000000000000004,0.7680836886162457,-0.4254337986342691,-118.38224473755018
20.675292690940065,3.987778198328572,1.0000000000000004,0.7681254058673801,-0.42559179916694423,-118.34836703323991
20.677543643342037,3.977719776953045,1.0000000000000004,0.768167054345227,-0.42574972063953775,-118.31449424301071
20.679795081584487,3.9676614844596165,1.0000000000000004,0.768208634101474,-0.42590756304503685,-118.28062635679852
20.682047005394466,3.9576033207604135,1.0000000000000002,0.7682501451878103,-0.4260653263764218,-118.24676336453922
20.684299414499087,3.9475452857675837,1.0000000000000004,0.7682915876559031,-0.4262230106266893,-118.21290525616878
20.68655230862559,3.9374873793933203,1.0000000000000004,0.7683329615574497,-0.4263806157888437,-118.17905202162302
20.688805687501304,3.9274296015498273,1.0000000000000002,0.7683742669441251,-0.42653814185588335,-118.14520365083783
20.69105955085367,3.917371952149319,1.0000000000000004,0.7684155038676126,-0.42669558882081904,-118.11136013374919
20.69331389841022,3.9073144311039947,1.0000000000000002,0.7684566723795836,-0.42685295667667056,-118.07752146029287
20.695568729898582,3.897257038326235,1.0000000000000004,0.7684977725317239,-0.4270102454164513,-118.04368762040488
20.6978240450465,3.887199773728281,1.0000000000000002,0.7685388043757078,-0.4271674550331863,-118.0098586040211
20.700079843581804,3.877142637222439,1.0000000000000004,0.7685797679632111,-0.4273245855199108,-117.97603440107738
20.70233612523243,3.8670856287210547,1.0000000000000004,0.7686206633459083,-0.42748163686966123,-117.94221500150962
20.704592889726428,3.857028748136493,1.0000000000000004,0.7686614905754734,-0.42763860907547135,-117.90840039525379
20.706850136791918,3.846971995381127,1.0000000000000004,0.7687022497035754,-0.42779550213039363,-117.87459057224575
20.709107866157147,3.836915370367368,1.0000000000000004,0.7687429407818938,-0.4279523160274763,-117.84078552242136
20.711366077550455,3.8268588730076525,1.0000000000000002,0.7687835638620921,-0.42810905075977423,-117.80698523571654
20.71362477070029,3.8168025032143693,1.0000000000000002,0.7688241189958394,-0.428265706320353,-117.77318970206717
20.715883945335158,3.8067462609001037,1.0000000000000004,0.7688646062348097,-0.42842228270227944,-117.7393989114092
20.718143601183712,3.7966901459773035,1.0000000000000002,0.7689050256306649,-0.4285787798986198,-117.70561285367849
20.720403737974685,3.786634158358478,1.0000000000000004,0.7689453772350676,-0.42873519790245607,-117.67183151881098
20.72266435543692,3.77657829795618,1.0000000000000004,0.7689856610996877,-0.4288915367068711,-117.63805489674245
20.724925453299342,3.7665225646829703,1.0000000000000004,0.7690258772761904,-0.42904779630495016,-117.60428297740894
20.727187031291006,3.7564669584514285,1.0000000000000002,0.7690660258162358,-0.42920397668978794,-117.57051575074627
20.729449089141017,3.7464114791741774,1.0000000000000004,0.7691061067714813,-0.4293600778544804,-117.53675320669038
20.731711626578637,3.7363561267637952,1.0000000000000004,0.7691461201935876,-0.4295160997921328,-117.5029953351771
20.733974643333177,3.726300901133038,1.0000000000000004,0.7691860661342202,-0.42967204249585134,-117.46924212614233
20.736238139134073,3.7162458021945293,1.0000000000000004,0.7692259446450267,-0.4298279059587533,-117.4354935695221
20.738502113710858,3.706190829860975,1.0000000000000002,0.7692657557776785,-0.4299836901739533,-117.40174965525219
20.740766566793155,3.6961359840450925,1.0000000000000004,0.7693054995838153,-0.4301393951345758,-117.3680103732685
20.743031498110696,3.6860812646596317,1.0000000000000004,0.7693451761150971,-0.4302950208337577,-117.33427571350694
20.745296907393303,3.676026671617356,1.0000000000000004,0.7693847854231786,-0.4304505672646237,-117.30054566590344
20.747562794370904,3.665972204831065,1.0000000000000004,0.769424327559709,-0.4306060344203164,-117.26682022039387
20.749829158773522,3.6559178642135626,1.0000000000000004,0.7694638025763387,-0.43076142229398395,-117.23309936691413
20.75209600033128,3.6458636496776338,1.0000000000000004,0.7695032105247162,-0.43091673087877447,-117.19938309540008
20.754363318774388,3.635809561136245,1.0000000000000004,0.7695425514564933,-0.43107196016784366,-117.16567139578768
20.756631113833166,3.62575559850222,1.0000000000000004,0.769581825423308,-0.4312271101543488,-117.13196425801284
20.758899385238024,3.6157017616884644,1.0000000000000004,0.7696210324768176,-0.43138218083146174,-117.09826167201143
20.761168132719483,3.605648050607903,1.0000000000000004,0.7696601726686563,-0.4315371721923493,-117.06456362771925
20.76343735600815,3.595594465173486,1.0000000000000002,0.7696992460504708,-0.431692084230189,-117.03087011507235
20.765707054834728,3.5855410052981798,1.0000000000000004,0.7697382526739016,-0.4318469169381618,-116.99718112400654
