galstreams/tracks/track.st.Gaia-2.ibata2021.ecsv
# %ECSV 1.0
# ---
# datatype:
# - {name: ra, unit: deg, datatype: float64}
# - {name: dec, unit: deg, datatype: float64}
# - {name: distance, unit: kpc, datatype: float64}
# - {name: pm_ra_cosdec, unit: mas / yr, datatype: float64}
# - {name: pm_dec, unit: mas / yr, datatype: float64}
# - {name: radial_velocity, unit: km / s, datatype: float64}
# delimiter: ','
# meta: !!omap
# - __serialized_columns__:
#     dec:
#       __class__: astropy.coordinates.angles.Latitude
#       unit: &id001 !astropy.units.Unit {unit: deg}
#       value: !astropy.table.SerializedColumn {name: dec}
#     distance:
#       __class__: astropy.coordinates.distances.Distance
#       unit: !astropy.units.Unit {unit: kpc}
#       value: !astropy.table.SerializedColumn {name: distance}
#     pm_dec:
#       __class__: astropy.units.quantity.Quantity
#       unit: !astropy.units.Unit {unit: mas / yr}
#       value: !astropy.table.SerializedColumn {name: pm_dec}
#     pm_ra_cosdec:
#       __class__: astropy.units.quantity.Quantity
#       unit: !astropy.units.Unit {unit: mas / yr}
#       value: !astropy.table.SerializedColumn {name: pm_ra_cosdec}
#     ra:
#       __class__: astropy.coordinates.angles.Longitude
#       unit: *id001
#       value: !astropy.table.SerializedColumn {name: ra}
#       wrap_angle: !astropy.coordinates.Angle
#         unit: *id001
#         value: 360.0
#     radial_velocity:
#       __class__: astropy.units.quantity.Quantity
#       unit: !astropy.units.Unit {unit: km / s}
#       value: !astropy.table.SerializedColumn {name: radial_velocity}
# schema: astropy-2.0
ra,dec,distance,pm_ra_cosdec,pm_dec,radial_velocity
[from data line 1251]
8.252958329107752,-19.37425516545818,7.105878269853798,0.14817517172156158,0.23341579169766646,-54048.99293244504
8.257985792233182,-19.383143861684232,7.105660501499315,0.14723619024542245,0.23304901445226278,-54352.20092200404
8.263010683134894,-19.392034350890064,7.105440856061202,0.14629011811885562,0.232675184756431,-54656.490865248204
8.268032995775268,-19.400926636969213,7.105219330149856,0.145336942021828,0.232294285568571,-54961.86462486801
8.273052724115372,-19.40982072381589,7.104995920375674,0.14437664863601185,0.23190629984537736,-55268.32406355406
8.278069862114958,-19.418716615324985,7.104770623349055,0.14340922464504047,0.23151121054331725,-55575.87104399678
8.283084403732456,-19.427614315392084,7.104543435680393,0.14243465673365563,0.2311090006168115,-55884.50742888677
8.288096342924971,-19.43651382791344,7.104314353980088,0.14145293158861705,0.2306996530193146,-56194.23508091454
8.293105673648288,-19.44541515678601,7.104083374858539,0.14046403589827605,0.23028315070337158,-56505.05586277063
8.298112389856858,-19.454318305907414,7.1038504949261405,0.1394679563523482,0.22985947662004946,-56816.971637145536
8.303116485503796,-19.46322327917596,7.10361571079329,0.1384646796423965,0.22942861372007428,-57129.984266729814
8.308117954540894,-19.472130080490636,7.103379019070384,0.1374541924615471,0.22899054495235305,-57444.095614213955
8.313116790918594,-19.4810387137511,7.1031404163678245,0.1364364815043757,0.22854525326499697,-57759.307542288545
8.318112988586,-19.48994918285771,7.102899899296003,0.1354115334673054,0.22809272160463934,-58075.62191364406
8.323106541490874,-19.498861491711484,7.102657464465319,0.13437933504815192,0.22763293291711761,-58393.040590971024
8.328097443579624,-19.50777564421412,7.102413108486172,0.13333987294626581,0.22716587014781453,-58711.56543695997
8.333085688797313,-19.516691644267997,7.102166827968956,0.1322931338628166,0.22669151623983907,-59031.19831430146
8.338071271087648,-19.525609495776177,7.1019186195240716,0.1312391045004233,0.22620985413527706,-59351.94108568604
8.34305418439298,-19.53452920264238,7.101668479761912,0.13017777156323973,0.22572086677655534,-59673.795613804126
8.348034422654294,-19.543450768771013,7.10141640529288,0.1291091217568976,0.2252245371042818,-59996.76376134635
8.35301197981122,-19.552374198067156,7.1011623927273675,0.12803314178884762,0.2247208480567906,-60320.8473910032
8.357986849802018,-19.561299494436568,7.100906438675777,0.12694981836787633,0.22420978257309798,-60646.04836546519
8.36295902656357,-19.570226661785664,7.1006485397485,0.12585913820441874,0.22369132359006016,-60972.36854742286
8.367928504031399,-19.57915570402155,7.100388692555938,0.12476108801038777,0.22316545404464705,-61299.80979956675
8.372895276139644,-19.58808662505198,7.100126893708486,0.12365565449934479,0.2226321568714411,-61628.373984587386
8.377859336821064,-19.59701942878541,7.099863139816545,0.12254282438601649,0.22209141500513851,-61958.062965175275
8.382820680007036,-19.605954119130946,7.099597427490508,0.12142258438737485,0.221543211378048,-62288.87860402095
8.387779299627558,-19.61489069999837,7.099329753340775,0.12029492122113083,0.22098752892281937,-62620.82276381497
8.392735189611225,-19.62382917529811,7.099060113977744,0.11915982160701333,0.22042435057096554,-62953.897307247804
8.39768834388525,-19.6327695489413,7.098788506011809,0.1180172722660302,0.21985365925183942,-63288.10409701004
8.40263875637545,-19.641711824839724,7.098514926053369,0.11686725992075253,0.21927543789513493,-63623.444995792124
8.407586421006243,-19.65065600690582,7.0982393707128235,0.11570977129542825,0.21868966942861334,-63959.92186628467
8.41253133170064,-19.659602099052712,7.097961836600566,0.11454479311549903,0.2180963367793538,-64297.53657117815
8.41747348238025,-19.66855010519417,7.097682320326997,0.11337231210796972,0.21749542287398071,-64636.29097316312
8.422412866965272,-19.677500029244648,7.0974008185025115,0.11219231500143678,0.21688691063695842,-64976.186934930076
8.427349479374499,-19.686451875119246,7.097117327737508,0.11100478852591777,0.21627078299309233,-65317.226319169604
8.4322833135253,-19.69540564673374,7.096831844642386,0.10980971941290818,0.21564702286480042,-65659.41098857216
8.43721436333363,-19.70436134800455,7.096544365827539,0.10860709439538141,0.2150156131752965,-66002.7428058283
8.442142622714028,-19.71331898284879,7.096254887903365,0.10739690020767512,0.21437653684517954,-66347.22363362859
8.447068085579591,-19.722278555184193,7.095963407480263,0.10617912358571857,0.21372977679493488,-66692.85533466352
8.451990745842005,-19.731240068929186,7.09566992116863,0.1049537512666916,0.21307531594402462,-67039.63977162361
8.456910597411518,-19.74020352800283,7.095374425578862,0.10372076998947932,0.21241313721145616,-67387.57880719933
8.461827634196942,-19.749168936324867,7.095076917321359,0.10248016649410374,0.21174322351373576,-67736.67430408142
8.466741850105649,-19.758136297815682,7.094777393006514,0.10123192752240584,0.21106555776793812,-68086.92812496015
8.471653239043569,-19.767105616396307,7.09447584924473,0.09997603981724978,0.2103801228897737,-68438.34213252617
8.47656179491519,-19.776076895988453,7.094172282646399,0.09871249012292083,0.20968690179427085,-68790.91818946999
8.481467511623553,-19.785050140514468,7.093866689821922,0.09744126518569374,0.20898587739497998,-69144.65815848215
8.486370383070245,-19.794025353897368,7.093559067381693,0.09616235175246857,0.20827703260488306,-69499.56390225314
8.49127040315539,-19.80300254006081,7.093249411936114,0.09487573657190751,0.20756035033605258,-69855.63728347352
8.496167565777665,-19.81198170292911,7.092937720095579,0.09358140639432122,0.20683581349965152,-70212.88016483384
8.501061864834275,-19.820962846427232,7.092623988470485,0.09227934797081616,0.20610340500616076,-70571.29440902456
8.505953294220973,-19.82994597448079,7.092308213671231,0.09096954805443147,0.20536310776515165,-70930.88187873627
8.510841847832024,-19.83893109101606,7.091990392308212,0.08965199339917262,0.20461490468449028,-71291.64443665945
8.515727519560238,-19.84791819995996,7.091670520991828,0.08832667076097778,0.20385877867204272,-71653.58394548467
8.520610303296932,-19.85690730524004,7.091348596332475,0.08699356689612614,0.20309471263533396,-72016.70226790242
8.525490192931962,-19.865898410784517,7.091024614940553,0.08565266856345488,0.20232268948007004,-72381.00126660327
8.530367182353686,-19.874891520522254,7.090698573426454,0.08430396252214223,0.2015426921107064,-72746.48280427768
8.535241265448981,-19.883886638382748,7.0903704684005815,0.08294743553346962,0.20075470343249435,-73113.14874361627
8.540112436103243,-19.892883768296162,7.090040296473324,0.08158307435974166,0.1999587063482977,-73481.00094730944
8.544980688200356,-19.901882914193273,7.08970805425509,0.08021086576411562,0.19915468376098033,-73850.04127804785
8.549846015622725,-19.91088408000553,7.08937373835627,0.07883079651219305,0.1983426185723829,-74220.27159852194
8.55470841225124,-19.919887269665004,7.08903734538726,0.07744285336957546,0.19752249368332286,-74591.69377142229
8.559567871965296,-19.928892487104413,7.088698871958463,0.07604702310408129,0.19669429199461774,-74964.30965943936
8.564424388642783,-19.937899736257126,7.0883583146802716,0.07464329248477952,0.19585799640515233,-75338.12112526373
8.569277956160066,-19.946909021057138,7.088015670163086,0.07323164828159179,0.1950135898134704,-75713.13003158593
8.574128568392014,-19.955920345439086,7.087670935017303,0.07181207726608818,0.19416105511743353,-76089.33824109648
8.578976219211963,-19.964933713338247,7.087324105853317,0.07038456621086198,0.19330037521444865,-76466.74761648584
8.583820902491736,-19.97394912869054,7.086975179281529,0.06894910189009806,0.19243153300089944,-76845.36002044467
8.588662612101626,-19.982966595432508,7.086624151912336,0.06750567107889083,0.19155451137169166,-77225.17731566337
8.593501341910397,-19.99198611750134,7.086271020356134,0.06605426055403996,0.19066929322218584,-77606.20136483257
8.598337085785284,-20.001007698834858,7.085915781223318,0.06459485709297041,0.18977586144615088,-77988.4340306427
8.603169837591983,-20.01003134337151,7.085558431124291,0.06312744747481247,0.1888741989364462,-78371.87717578434
8.60799959119465,-20.01905705505037,7.085198966669446,0.06165201848006063,0.18796428858672698,-78756.53266294804
8.612826340455902,-20.02808483781118,7.084837384469183,0.060168556890062064,0.18704611328757892,-79142.40235482428
8.617650079236803,-20.037114695594262,7.084473681133895,0.058677049487698696,0.18611965593072455,-79529.48811410359
8.622470801396872,-20.046146632340605,7.084107853273986,0.057177483056875644,0.18518489940663585,-79917.79180347655
8.627288500794071,-20.05518065199181,7.083739897499847,0.05566984438274858,0.18424182660453425,-80307.3152856336
8.632103171284802,-20.06421675849011,7.08336981042188,0.054154120251723725,0.1832904204135275,-80698.06042326536
8.636914806723905,-20.073254955778363,7.082997588650479,0.05263029745105996,0.18233066372226858,-81090.0290790623
8.64172340096466,-20.08229524780005,7.082623228796043,0.05109836277023305,0.18136253941747782,-81483.22311571492
8.646528947858773,-20.09133763849929,7.08224672746897,0.049558302998434556,0.1803860303868987,-81877.64439591383
8.651331441256387,-20.10038213182081,7.081868081279656,0.048010104927527664,0.1794011195161147,-82273.2947823495
8.656130875006049,-20.109428731709958,7.081487286838498,0.046453755349318726,0.17840778969127769,-82670.17613771246
8.660927242954742,-20.118477442112727,7.081104340755895,0.04488924105737624,0.17740602379683423,-83068.29032469325
8.665720538947866,-20.12752826697571,7.080719239642242,0.04331654884663294,0.17639580471688987,-83467.63920598241
8.670510756829222,-20.136581210246124,7.080331980107939,0.04173566551241947,0.17537711533509537,-83868.22464427046
8.675297890441028,-20.145636275871794,7.079942558763381,0.04014657785211284,0.1743499385351015,-84270.0485022479
8.680081933623901,-20.1546934678012,7.079550972218967,0.038549272663317424,0.173314257198399,-84673.11264260528
8.68486288021687,-20.163752789983395,7.079157217085092,0.036943736745683964,0.17227005420727437,-85077.41892803308
8.689640724057346,-20.172814246368066,7.078761289972159,0.03532995689914742,0.17121731244230887,-85482.96922122194
8.694415458981146,-20.181877840905525,7.078363187490558,0.03370791992546174,0.17015601478397002,-85889.76538486236
8.699187078822474,-20.19094357754669,7.077962906250691,0.03207761262706299,0.1690861441117022,-86297.80928164475
8.703955577413907,-20.200011460243072,7.0775604428629535,0.030439021807183053,0.16800768330642768,-86707.10277425969
8.708720948586427,-20.209081492946833,7.077155793937744,0.028792134270872793,0.16692061524497603,-87117.64772539774
8.713483186169379,-20.218153679610708,7.076748956085458,0.027136936823978886,0.16582492280633687,-87529.44599774944
8.71824228399048,-20.227228024188058,7.076339925916497,0.025473416273314342,0.16472058886824925,-87942.49945400523
8.722998235875828,-20.236304530632864,7.075928700041254,0.023801559426658514,0.1636075963069743,-88356.80995685574
8.727751035649886,-20.245383202899692,7.075515275070126,0.022121353093496054,0.1624859279992279,-88772.37936899146
8.732500677135471,-20.254464044943727,7.075099647613512,0.02043278408336846,0.1613555668209301,-89189.20955310288
8.737247154153769,-20.263547060720764,7.074681814281812,0.01873583920769306,0.1602164956472052,-89607.30237188059
8.74199046052431,-20.272632254187183,7.074261771685419,0.017030505278341934,0.15906869735272267,-90026.65968801508
8.746730590064987,-20.28171962929999,7.073839516434733,0.015316769108494555,0.15791215481226573,-90447.28336419685
8.751467536592035,-20.290809190016773,7.073415045140149,0.01359461751252411,0.15674685089936702,-90869.17526311646
8.756201293920029,-20.299900940295736,7.072988354412068,0.011864037305713282,0.15557276848721813,-91292.3372474645
8.760931855861894,-20.308994884095686,7.072559440860884,0.010125015304083718,0.15438989044787377,-91716.77117993141
8.765659216228876,-20.31809102537601,7.072128301096994,0.008377538324850775,0.15319819965372972,-92142.47892320773
8.77038336883056,-20.327189368096704,7.071694931730798,0.006621593186082464,0.15199767897729544,-92569.46233998398
8.775104307474859,-20.336289916218355,7.071259329372691,0.004857166707211036,0.15078831128914771,-92997.72329295072
8.779822025968015,-20.345392673702168,7.070821490633073,0.003084245708407707,0.14957007946054546,-93427.26364479844
8.784536518114574,-20.35449764450991,7.07038141212234,0.0013028170103552839,0.14834296636104227,-93858.08525821775
8.789247777717412,-20.36360483260395,7.069939090450887,-0.00048713256438759345,0.14710695486144232,-94290.18999589903
8.793955798577713,-20.37271424194728,7.069494522229115,-0.0022856161929780683,0.14586202783004865,-94723.57972053291
8.798660574494956,-20.38182587650343,7.0690477040674216,-0.004092647051720633,0.14460816813630117,-95158.25629480995
8.803362099266954,-20.390939740236565,7.068598632576199,-0.005908238315271319,0.14334535864918507,-95594.2215814206
8.808060366689784,-20.400055837111417,7.068147304365848,-0.007732403158001944,0.14207358223575284,-96031.47744305542
8.812755370557841,-20.4091741710933,7.067693716046767,-0.009565154753317984,0.14079282176498964,-96470.02574240489
8.817447104663803,-20.418294746148142,7.067237864229355,-0.011406506273374362,0.1395030601029248,-96909.86834215965
8.822135562798644,-20.42741756624243,7.066779745524,-0.013256470889530192,0.13820428011695185,-97351.0071050101
8.826820738751605,-20.436542635343244,7.06631935654111,-0.015115061772974059,0.13689646467366856,-97793.44389364678
8.831502626310222,-20.44566995741824,7.065856693891079,-0.01698229209262081,0.13557959663887686,-98237.18057076033
8.836181219260297,-20.454799536435672,7.065391754184301,-0.01885817501749898,0.13425365887815133,-98682.21899904122
8.840856511385912,-20.46393137636437,7.064924534031176,-0.020742723715727607,0.13291863425683914,-99128.56104117991
8.845528496469402,-20.47306548117372,7.064455030042103,-0.022635951354516237,0.13157450564074225,-99576.20855986702
8.850197168291379,-20.482201854833715,7.0639832388274755,-0.024537871099596487,0.13022125589327516,-100025.16341779297
8.85486252063071,-20.491340501314916,7.063509156997693,-0.026448496116643128,0.12885886787898926,-100475.42747764842
8.859524547264503,-20.500481424588454,7.0630327811631535,-0.028367839570535125,0.1274873244626633,-100927.00260212379
8.864183241968139,-20.50962462862604,7.062554107934251,-0.030295914624502984,0.12610660850657496,-101379.89065390968
8.868838598515223,-20.518770117399946,7.062073133921391,-0.03223273444160668,0.1247167028751619,-101834.09349569656
8.87349061067762,-20.52791789488304,7.061589855734962,-0.03417831218422407,0.12331759043104285,-102289.61299017494
8.878139272225427,-20.537067965048752,7.061104269985363,-0.036132661013255074,0.12190925403638175,-102746.45100003545
8.882784576926968,-20.546220331871066,7.060616373282993,-0.03809579408942909,0.12049167655356996,-103204.60938796852
8.887426518548804,-20.555374999324542,7.060126162238251,-0.040067724572622865,0.11906484084545355,-103664.09001666476
8.892065090855715,-20.564531971384316,7.059633633461532,-0.0420484656217468,0.11762872977385541,-104124.89474881461
8.896700287610711,-20.573691252026094,7.059138783563233,-0.044038030394744965,0.11618332619900684,-104587.02544710864
8.90133210257501,-20.582852845226128,7.058641609153752,-0.04603643204961827,0.1147286129830718,-105050.48397423733
8.905960529508047,-20.592016754961236,7.058142106843486,-0.04804368374254864,0.1132645729876458,-105515.27219289131
8.91058556216746,-20.60118298520881,7.057640273242836,-0.05005979862994536,0.11179118907284646,-105981.39196576102
8.915207194309103,-20.6103515399468,7.0571361049621935,-0.05208478986668297,0.11030844409879137,-106448.84515553703
8.919825419687017,-20.619522423153718,7.056629598611957,-0.05411867060746545,0.10881632092650761,-106917.63362490985
