galstreams/tracks/track.ep.NGC5053.lauchner2006.ecsv
# %ECSV 1.0
# ---
# datatype:
# - {name: ra, unit: deg, datatype: float64}
# - {name: dec, unit: deg, datatype: float64}
# - {name: distance, unit: kpc, datatype: float64}
# - {name: pm_ra_cosdec, unit: mas / yr, datatype: float64}
# - {name: pm_dec, unit: mas / yr, datatype: float64}
# - {name: radial_velocity, unit: km / s, datatype: float64}
# delimiter: ','
# meta: !!omap
# - __serialized_columns__:
#     dec:
#       __class__: astropy.coordinates.angles.Latitude
#       unit: &id001 !astropy.units.Unit {unit: deg}
#       value: !astropy.table.SerializedColumn {name: dec}
#     distance:
#       __class__: astropy.coordinates.distances.Distance
#       unit: !astropy.units.Unit {unit: kpc}
#       value: !astropy.table.SerializedColumn {name: distance}
#     pm_dec:
#       __class__: astropy.units.quantity.Quantity
#       unit: !astropy.units.Unit {unit: mas / yr}
#       value: !astropy.table.SerializedColumn {name: pm_dec}
#     pm_ra_cosdec:
#       __class__: astropy.units.quantity.Quantity
#       unit: !astropy.units.Unit {unit: mas / yr}
#       value: !astropy.table.SerializedColumn {name: pm_ra_cosdec}
#     ra:
#       __class__: astropy.coordinates.angles.Longitude
#       unit: *id001
#       value: !astropy.table.SerializedColumn {name: ra}
#       wrap_angle: !astropy.coordinates.Angle
#         unit: *id001
#         value: 360.0
#     radial_velocity:
#       __class__: astropy.units.quantity.Quantity
#       unit: !astropy.units.Unit {unit: km / s}
#       value: !astropy.table.SerializedColumn {name: radial_velocity}
# schema: astropy-2.0
ra,dec,distance,pm_ra_cosdec,pm_dec,radial_velocity
194.99999999999997,14.999999999999986,17.400000000000002,0.0,0.0,0.0
195.02032754311296,15.013759495775645,17.4,0.0,0.0,0.0
195.04065770479312,15.02751718685476,17.4,0.0,0.0,0.0
195.06099048754731,15.04127307127252,17.4,0.0,0.0,0.0
195.08132589388234,15.055027147063424,17.400000000000002,0.0,0.0,0.0
195.10166392630467,15.068779412261323,17.4,0.0,0.0,0.0
195.1220045873207,15.082529864899408,17.399999999999995,0.0,0.0,0.0
195.14234787943664,15.096278503010142,17.4,0.0,0.0,0.0
195.16269380515865,15.11002532462545,17.400000000000002,0.0,0.0,0.0
195.1830423669926,15.123770327776471,17.400000000000002,0.0,0.0,0.0
195.2033935674442,15.137513510493715,17.399999999999995,0.0,0.0,0.0
195.22374740901907,15.15125487080703,17.4,0.0,0.0,0.0
195.2441038942226,15.164994406745581,17.4,0.0,0.0,0.0
195.26446302556005,15.178732116337871,17.4,0.0,0.0,0.0
195.28482480553643,15.192467997611725,17.4,0.0,0.0,0.0
195.3051892366568,15.206202048594317,17.4,0.0,0.0,0.0
195.32555632142572,15.219934267312123,17.399999999999995,0.0,0.0,0.0
195.34592606234787,15.233664651790967,17.4,0.0,0.0,0.0
195.36629846192753,15.247393200055953,17.399999999999995,0.0,0.0,0.0
195.38667352266907,15.261119910131628,17.4,0.0,0.0,0.0
195.40705124707654,15.27484478004174,17.4,0.0,0.0,0.0
195.42743163765368,15.288567807809427,17.400000000000002,0.0,0.0,0.0
195.4478146969043,15.302288991457127,17.4,0.0,0.0,0.0
195.46820042733185,15.316008329006623,17.399999999999995,0.0,0.0,0.0
195.48858883143973,15.329725818479,17.4,0.0,0.0,0.0
195.5089799117311,15.343441457894693,17.4,0.0,0.0,0.0
195.5293736707089,15.357155245273425,17.400000000000002,0.0,0.0,0.0
195.54977011087598,15.370867178634283,17.400000000000002,0.0,0.0,0.0
195.57016923473495,15.38457725599565,17.4,0.0,0.0,0.0
195.5905710447882,15.398285475375193,17.4,0.0,0.0,0.0
195.61097554353802,15.411991834790024,17.4,0.0,0.0,0.0
195.63138273348656,15.425696332256456,17.4,0.0,0.0,0.0
195.6517926171356,15.439398965790158,17.4,0.0,0.0,0.0
195.67220519698688,15.453099733406122,17.4,0.0,0.0,0.0
195.69262047554193,15.466798633118664,17.4,0.0,0.0,0.0
195.713038455302,15.480495662941413,17.4,0.0,0.0,0.0
195.73345913876832,15.494190820887308,17.4,0.0,0.0,0.0
195.75388252844175,15.50788410496862,17.400000000000002,0.0,0.0,0.0
195.77430862682306,15.521575513196932,17.4,0.0,0.0,0.0
195.7947374364128,15.535265043583147,17.4,0.0,0.0,0.0
195.8151689597113,15.54895269413743,17.4,0.0,0.0,0.0
195.8356031992188,15.562638462869387,17.4,0.0,0.0,0.0
195.85604015743525,15.576322347787828,17.4,0.0,0.0,0.0
195.87647983686037,15.590004346900912,17.4,0.0,0.0,0.0
195.89692223999378,15.60368445821611,17.4,0.0,0.0,0.0
195.91736736933484,15.617362679740207,17.4,0.0,0.0,0.0
195.9378152273827,15.631039009479313,17.4,0.0,0.0,0.0
195.95826581663636,15.644713445438828,17.399999999999995,0.0,0.0,0.0
195.97871913959457,15.65838598562347,17.4,0.0,0.0,0.0
195.9991751987559,15.672056628037287,17.4,0.0,0.0,0.0
196.0196339966187,15.685725370683615,17.400000000000002,0.0,0.0,0.0
196.04009553568113,15.699392211565113,17.4,0.0,0.0,0.0
196.06055981844105,15.713057148683712,17.4,0.0,0.0,0.0
196.08102684739637,15.726720180040752,17.4,0.0,0.0,0.0
196.10149662504455,15.740381303636788,17.4,0.0,0.0,0.0
196.12196915388284,15.754040517471706,17.4,0.0,0.0,0.0
196.14244443640843,15.767697819544706,17.400000000000002,0.0,0.0,0.0
196.16292247511814,15.781353207854297,17.4,0.0,0.0,0.0
196.1834032725087,15.795006680398291,17.4,0.0,0.0,0.0
196.20388683107657,15.808658235173802,17.4,0.0,0.0,0.0
196.22437315331797,15.82230787017727,17.4,0.0,0.0,0.0
196.24486224172898,15.835955583404415,17.400000000000002,0.0,0.0,0.0
196.26535409880537,15.849601372850268,17.399999999999995,0.0,0.0,0.0
196.28584872704272,15.863245236509147,17.4,0.0,0.0,0.0
196.30634612893647,15.876887172374753,17.400000000000002,0.0,0.0,0.0
196.32684630698174,15.890527178440003,17.4,0.0,0.0,0.0
196.34734926367346,15.90416525269714,17.4,0.0,0.0,0.0
196.3678550015063,15.917801393137728,17.4,0.0,0.0,0.0
196.38836352297486,15.931435597752612,17.400000000000002,0.0,0.0,0.0
196.40887483057327,15.945067864531945,17.4,0.0,0.0,0.0
196.4293889267956,15.958698191465185,17.400000000000002,0.0,0.0,0.0
196.4499058141357,15.972326576541082,17.400000000000002,0.0,0.0,0.0
196.47042549508706,15.985953017747702,17.4,0.0,0.0,0.0
196.49094797214306,15.999577513072389,17.4,0.0,0.0,0.0
196.5114732477968,16.01320006050177,17.4,0.0,0.0,0.0
196.5320013245412,16.026820658021858,17.4,0.0,0.0,0.0
196.55253220486887,16.04043930361787,17.4,0.0,0.0,0.0
196.57306589127222,16.054055995274354,17.4,0.0,0.0,0.0
196.59360238624342,16.067670730975145,17.4,0.0,0.0,0.0
196.61414169227442,16.08128350870339,17.4,0.0,0.0,0.0
196.63468381185686,16.094894326441526,17.4,0.0,0.0,0.0
196.65522874748228,16.10850318217128,17.400000000000002,0.0,0.0,0.0
196.67577650164185,16.122110073873678,17.399999999999995,0.0,0.0,0.0
196.69632707682655,16.135714999529036,17.4,0.0,0.0,0.0
196.7168804755271,16.149317957116963,17.400000000000002,0.0,0.0,0.0
196.73743670023396,16.162918944616347,17.400000000000002,0.0,0.0,0.0
196.75799575343743,16.17651796000544,17.400000000000002,0.0,0.0,0.0
196.7785576376275,16.190115001261713,17.4,0.0,0.0,0.0
196.7991223552939,16.20371006636194,17.4,0.0,0.0,0.0
196.8196899089261,16.21730315328219,17.4,0.0,0.0,0.0
196.8402603010134,16.230894259997847,17.4,0.0,0.0,0.0
196.86083353404476,16.244483384483544,17.4,0.0,0.0,0.0
196.8814096105089,16.25807052471325,17.400000000000002,0.0,0.0,0.0
196.90198853289436,16.27165567866019,17.4,0.0,0.0,0.0
196.92257030368933,16.285238844296885,17.4,0.0,0.0,0.0
196.94315492538183,16.298820019595144,17.400000000000002,0.0,0.0,0.0
196.96374240045955,16.312399202526088,17.399999999999995,0.0,0.0,0.0
196.98433273140992,16.32597639106005,17.4,0.0,0.0,0.0
197.00492592072018,16.339551583166774,17.4,0.0,0.0,0.0
197.02552197087732,16.353124776815203,17.4,0.0,0.0,0.0
197.04612088436798,16.36669596997358,17.4,0.0,0.0,0.0
197.06672266367852,16.380265160609422,17.4,0.0,0.0,0.0
197.08732731129513,16.393832346689557,17.4,0.0,0.0,0.0
197.1079348297037,16.40739752618009,17.4,0.0,0.0,0.0
197.12854522138989,16.420960697046418,17.400000000000002,0.0,0.0,0.0
197.14915848883894,16.434521857253188,17.400000000000002,0.0,0.0,0.0
197.16977463453603,16.448081004764372,17.4,0.0,0.0,0.0
197.1903936609659,16.461638137543204,17.4,0.0,0.0,0.0
197.21101557061314,16.47519325355219,17.4,0.0,0.0,0.0
197.23164036596194,16.48874635075315,17.400000000000002,0.0,0.0,0.0
197.25226804949637,16.502297427107145,17.4,0.0,0.0,0.0
197.2728986237001,16.515846480574552,17.4,0.0,0.0,0.0
197.29353209105653,16.52939350911501,17.4,0.0,0.0,0.0
197.31416845404888,16.54293851068744,17.400000000000002,0.0,0.0,0.0
197.33480771516,16.55648148325004,17.400000000000002,0.0,0.0,0.0
197.35544987687248,16.570022424760296,17.400000000000002,0.0,0.0,0.0
197.37609494166867,16.583561333174966,17.4,0.0,0.0,0.0
197.39674291203053,16.597098206450077,17.4,0.0,0.0,0.0
197.41739379043986,16.61063304254096,17.4,0.0,0.0,0.0
197.4380475793781,16.6241658394022,17.400000000000002,0.0,0.0,0.0
197.45870428132642,16.637696594987656,17.4,0.0,0.0,0.0
197.4793638987657,16.65122530725048,17.399999999999995,0.0,0.0,0.0
197.50002643417656,16.66475197414309,17.400000000000002,0.0,0.0,0.0
197.52069189003927,16.678276593617184,17.399999999999995,0.0,0.0,0.0
197.54136026883384,16.691799163623724,17.4,0.0,0.0,0.0
197.56203157304003,16.70531968211295,17.400000000000002,0.0,0.0,0.0
197.58270580513724,16.7188381470344,17.4,0.0,0.0,0.0
197.60338296760455,16.732354556336848,17.4,0.0,0.0,0.0
197.62406306292084,16.745868907968354,17.4,0.0,0.0,0.0
197.64474609356463,16.759381199876255,17.4,0.0,0.0,0.0
197.66543206201413,16.772891430007167,17.400000000000002,0.0,0.0,0.0
197.68612097074725,16.786399596306968,17.400000000000002,0.0,0.0,0.0
197.7068128222417,16.799905696720792,17.4,0.0,0.0,0.0
197.7275076189747,16.813409729193076,17.399999999999995,0.0,0.0,0.0
197.74820536342332,16.826911691667505,17.4,0.0,0.0,0.0
197.76890605806423,16.840411582087032,17.400000000000002,0.0,0.0,0.0
197.7896097053739,16.8539093983939,17.4,0.0,0.0,0.0
197.81031630782837,16.86740513852959,17.4,0.0,0.0,0.0
197.83102586790338,16.880898800434878,17.400000000000002,0.0,0.0,0.0
197.85173838807447,16.894390382049792,17.4,0.0,0.0,0.0
197.87245387081677,16.907879881313637,17.400000000000002,0.0,0.0,0.0
197.8931723186051,16.921367296164977,17.400000000000002,0.0,0.0,0.0
197.91389373391405,16.93485262454165,17.4,0.0,0.0,0.0
197.93461811921773,16.948335864380752,17.400000000000002,0.0,0.0,0.0
197.95534547699006,16.96181701361865,17.4,0.0,0.0,0.0
197.97607580970464,16.97529607019096,17.400000000000002,0.0,0.0,0.0
197.9968091198347,16.988773032032597,17.4,0.0,0.0,0.0
198.01754540985317,17.002247897077712,17.4,0.0,0.0,0.0
198.0382846822326,17.015720663259728,17.4,0.0,0.0,0.0
198.05902693944532,17.02919132851133,17.4,0.0,0.0,0.0
198.07977218396323,17.042659890764458,17.4,0.0,0.0,0.0
198.100520418258,17.056126347950336,17.4,0.0,0.0,0.0
198.12127164480088,17.069590697999427,17.4,0.0,0.0,0.0
198.14202586606285,17.083052938841472,17.4,0.0,0.0,0.0
198.1627830845145,17.096513068405454,17.4,0.0,0.0,0.0
198.18354330262616,17.10997108461964,17.4,0.0,0.0,0.0
198.2043065228678,17.123426985411545,17.4,0.0,0.0,0.0
198.22507274770896,17.136880768707933,17.4,0.0,0.0,0.0
198.24584197961897,17.150332432434848,17.399999999999995,0.0,0.0,0.0
198.26661422106682,17.163781974517576,17.4,0.0,0.0,0.0
198.28738947452104,17.177229392880676,17.4,0.0,0.0,0.0
198.30816774244988,17.190674685447952,17.4,0.0,0.0,0.0
198.32894902732133,17.204117850142463,17.399999999999995,0.0,0.0,0.0
198.3497333316029,17.217558884886543,17.4,0.0,0.0,0.0
198.3705206577618,17.23099778760177,17.4,0.0,0.0,0.0
198.39131100826498,17.24443455620898,17.400000000000002,0.0,0.0,0.0
198.4121043855789,17.257869188628256,17.400000000000002,0.0,0.0,0.0
198.4329007921698,17.271301682778958,17.4,0.0,0.0,0.0
198.45370023050342,17.28473203657968,17.4,0.0,0.0,0.0
198.4745027030453,17.298160247948275,17.4,0.0,0.0,0.0
198.4953082122605,17.31158631480185,17.4,0.0,0.0,0.0
198.51611676061384,17.325010235056784,17.400000000000002,0.0,0.0,0.0
198.53692835056967,17.338432006628683,17.4,0.0,0.0,0.0
198.55774298459207,17.351851627432403,17.4,0.0,0.0,0.0
198.57856066514472,17.365269095382093,17.4,0.0,0.0,0.0
198.5993813946909,17.378684408391102,17.4,0.0,0.0,0.0
198.62020517569363,17.39209756437206,17.4,0.0,0.0,0.0
198.64103201061542,17.405508561236854,17.4,0.0,0.0,0.0
198.66186190191857,17.418917396896592,17.4,0.0,0.0,0.0
198.68269485206488,17.432324069261654,17.4,0.0,0.0,0.0
198.70353086351588,17.445728576241674,17.4,0.0,0.0,0.0
198.72436993873268,17.459130915745515,17.399999999999995,0.0,0.0,0.0
198.745212080176,17.472531085681304,17.4,0.0,0.0,0.0
198.76605729030624,17.48592908395641,17.4,0.0,0.0,0.0
198.78690557158336,17.49932490847745,17.4,0.0,0.0,0.0
198.80775692646705,17.5127185571503,17.400000000000002,0.0,0.0,0.0
198.82861135741643,17.52611002788007,17.400000000000002,0.0,0.0,0.0
198.84946886689048,17.539499318571114,17.399999999999995,0.0,0.0,0.0
198.8703294573476,17.552886427127035,17.4,0.0,0.0,0.0
198.89119313124596,17.56627135145069,17.4,0.0,0.0,0.0
198.9120598910432,17.57965408944419,17.4,0.0,0.0,0.0
198.93292973919668,17.593034639008852,17.400000000000002,0.0,0.0,0.0
198.95380267816336,17.60641299804528,17.4,0.0,0.0,0.0
198.97467871039976,17.619789164453298,17.4,0.0,0.0,0.0
198.99555783836203,17.63316313613198,17.4,0.0,0.0,0.0
199.01644006450599,17.646534910979653,17.4,0.0,0.0,0.0
199.03732539128697,17.65990448689386,17.4,0.0,0.0,0.0
199.05821382115997,17.673271861771422,17.4,0.0,0.0,0.0
199.0791053565796,17.68663703350837,17.4,0.0,0.0,0.0
199.1,17.699999999999996,17.400000000000002,0.0,0.0,0.0
