galstreams/tracks/track.st.SGP-S.ibata2024.ecsv
# %ECSV 1.0
# ---
# datatype:
# - {name: ra, unit: deg, datatype: float64}
# - {name: dec, unit: deg, datatype: float64}
# - {name: distance, unit: kpc, datatype: float64}
# - {name: pm_ra_cosdec, unit: mas / yr, datatype: float64}
# - {name: pm_dec, unit: mas / yr, datatype: float64}
# - {name: radial_velocity, unit: km / s, datatype: float64}
# delimiter: ','
# meta: !!omap
# - __serialized_columns__:
#     dec:
#       __class__: astropy.coordinates.angles.Latitude
#       unit: &id001 !astropy.units.Unit {unit: deg}
#       value: !astropy.table.SerializedColumn {name: dec}
#     distance:
#       __class__: astropy.coordinates.distances.Distance
#       unit: !astropy.units.Unit {unit: kpc}
#       value: !astropy.table.SerializedColumn {name: distance}
#     pm_dec:
#       __class__: astropy.units.quantity.Quantity
#       unit: !astropy.units.Unit {unit: mas / yr}
#       value: !astropy.table.SerializedColumn {name: pm_dec}
#     pm_ra_cosdec:
#       __class__: astropy.units.quantity.Quantity
#       unit: !astropy.units.Unit {unit: mas / yr}
#       value: !astropy.table.SerializedColumn {name: pm_ra_cosdec}
#     ra:
#       __class__: astropy.coordinates.angles.Longitude
#       unit: *id001
#       value: !astropy.table.SerializedColumn {name: ra}
#       wrap_angle: !astropy.coordinates.Angle
#         unit: *id001
#         value: 360.0
#     radial_velocity:
#       __class__: astropy.units.quantity.Quantity
#       unit: !astropy.units.Unit {unit: km / s}
#       value: !astropy.table.SerializedColumn {name: radial_velocity}
# schema: astropy-2.0
ra,dec,distance,pm_ra_cosdec,pm_dec,radial_velocity
5.7241378820127276,-21.777191146460755,1.0000000000000009,1.4483025396593767,1.8978923910601253,632.1762426262073
5.722888257999166,-21.787536811387735,1.0000000000000007,1.4494727881468865,1.898475889611582,633.0657143522411
5.7216430771479265,-21.79788166766561,1.0000000000000009,1.4506412389641667,1.8990591442583806,633.9539994725106
5.720402337042224,-21.808225715868105,1.0000000000000004,1.4518078932924876,1.8996421552297207,634.8410986940371
5.719166035265314,-21.818568956568647,1.0000000000000004,1.4529727523131708,1.9002249227545107,635.7270127238427
5.717934169400592,-21.828911390340817,1.0000000000000004,1.4541358172075647,1.9008074470616094,636.6117422689485
5.716706737031501,-21.839253017757944,1.0000000000000004,1.4552970891570567,1.901389728379705,637.495288036376
5.715483735741575,-21.8495938393933,1.0000000000000004,1.4564565693430733,1.9019717669374359,638.3776507331474
5.714265163114465,-21.85993385582026,1.0000000000000007,1.4576142589470926,1.902553562963213,639.2588310662838
5.713051016733863,-21.87027306761187,1.0000000000000004,1.4587701591506175,1.9031351166854051,640.1388297428068
5.711841294183588,-21.880611475341336,1.0000000000000004,1.4599242711351916,1.9037164283321744,641.0176474697381
5.710635993047514,-21.890949079581638,1.0000000000000004,1.461076596082398,1.9042974981315908,641.8952849540991
5.709435110909589,-21.90128588090567,1.0000000000000004,1.4622271351738565,1.9048783263116391,642.7717429029115
5.708238645353879,-21.91162187988642,1.0000000000000004,1.4633758895912408,1.9054589131000625,643.6470220231969
5.707046593964489,-21.92195707709657,1.0000000000000004,1.464522860516242,1.9060392587245758,644.5211230219765
5.705858954325643,-21.93229147310896,1.0000000000000007,1.4656680491306044,1.9066193634127302,645.3940466062724
5.704675724021606,-21.942625068496167,1.0000000000000004,1.4668114566161083,1.9071992273919065,646.2657934831059
5.703496900636733,-21.95295786383073,1.0000000000000004,1.4679530841545727,1.9077788508894287,647.1363643594982
5.702322481755474,-21.96328985968521,1.0000000000000004,1.469092932927861,1.9083582341324004,648.0057599424715
5.701152464962321,-21.97362105663195,1.0000000000000004,1.470231004117874,1.9089373773478542,648.8739809390471
5.699986847841876,-21.983951455243357,1.0000000000000007,1.471367298906543,1.9095162807626664,649.7410280562467
5.6988256279787874,-21.994281056091655,1.0000000000000004,1.4725018184758625,1.9100949446035642,650.6069020010916
5.6976688029577724,-22.00460985974896,1.0000000000000004,1.4736345640078419,1.9106733690972106,651.4716034806036
5.696516370363654,-22.014937866787477,1.0000000000000004,1.4747655366845382,1.911251554470084,652.3351332018042
5.695368327781282,-22.025265077779103,1.0000000000000004,1.4758947376880727,1.9118295009484427,653.1974918717149
5.694224672795618,-22.035591493295893,1.0000000000000004,1.477022168200575,1.9124072087585802,654.058680197357
5.693085402991661,-22.045917113909642,1.0000000000000007,1.4781478294042216,1.9129846781265059,654.9186988857527
5.691950515954477,-22.056241940192063,1.0000000000000004,1.4792717224812524,1.9135619092781724,655.7775486439231
5.690820009269232,-22.066565972714955,1.0000000000000004,1.4803938486139128,1.9141389024394115,656.6352301788899
5.68969388052111,-22.07688921204983,1.0000000000000004,1.4815142089845388,1.9147156578358135,657.4917441976748
5.68857212729541,-22.087211658768318,1.0000000000000007,1.482632804775447,1.9152921756929757,658.3470914072994
5.687454747177457,-22.09753331344178,1.0000000000000004,1.4837496371690477,1.915868456236197,659.2012725147848
5.686341737752641,-22.10785417664156,1.0000000000000004,1.4848647073477643,1.916444499690769,660.0542882271526
5.685233096606445,-22.11817424893902,1.0000000000000004,1.485978016494066,1.9170203062818132,660.9061392514252
5.68412882132437,-22.128493530905253,1.0000000000000004,1.4870895657904803,1.917595876234273,661.7568262946235
5.683028909492022,-22.138812023111456,1.0000000000000004,1.4881993564195444,1.9181712097729644,662.606350063769
5.681933358695031,-22.149129726128617,1.0000000000000004,1.4893073895638782,1.9187463071225679,663.4547112658836
5.680842166519088,-22.1594466405276,1.0000000000000004,1.4904136664061038,1.9193211685076719,664.3019106079882
5.679755330549967,-22.16976276687937,1.0000000000000007,1.4915181881289215,1.9198957941525947,665.1479487971058
5.678672848373465,-22.180078105754582,1.0000000000000004,1.4926209559150418,1.9204701842816974,665.9928265402561
5.677594717575469,-22.190392657724036,1.0000000000000007,1.4937219709472416,1.9210443391190566,666.8365445444624
5.676520935741894,-22.20070642335824,1.0000000000000004,1.4948212344083274,1.9216182588886639,667.6791035167447
5.675451500458701,-22.211019403227663,1.0000000000000007,1.495918747481154,1.922191943814326,668.5205041641262
5.674386409311941,-22.221331597902818,1.0000000000000002,1.497014511348624,1.9227653941197573,669.3607471936268
5.673325659887673,-22.231643007953927,1.0000000000000004,1.4981085271936703,1.9233386100285017,670.1998333122691
5.672269249772048,-22.24195363395135,1.0000000000000004,1.499200796199279,1.9239115917640035,671.0377632270746
5.671217176551237,-22.252263476465153,1.0000000000000004,1.5002913195484737,1.9244843395494229,671.8745376450647
5.670169437811454,-22.262572536065377,1.0000000000000004,1.5013800984243275,1.9250568536080053,672.7101572732607
5.669126031138999,-22.27288081332207,1.0000000000000004,1.5024671340099562,1.9256291341626266,673.5446228186847
5.668086954120171,-22.283188308805027,1.0000000000000004,1.503552427488513,1.9262011814361557,674.3779349883579
5.667052204341361,-22.293495023084137,1.0000000000000004,1.5046359800431937,1.9267729956513122,675.210094489302
5.666021779388969,-22.30380095672905,1.0000000000000007,1.5057177928572596,1.9273445770305742,676.0411020285383
5.664995676849443,-22.314106110309304,1.0000000000000004,1.5067978671139777,1.9279159257963414,676.8709583130889
5.663973894309306,-22.324410484394555,1.0000000000000007,1.5078762039967,1.9284870421708646,677.6996640499754
5.662956429355074,-22.334714079554093,1.0000000000000007,1.5089528046887928,1.9290579263762666,678.5272199462185
5.661943279573352,-22.345016896357382,1.0000000000000002,1.5100276703736863,1.9296285786344853,679.3536267088402
5.6609344425507535,-22.355318935373592,1.0000000000000004,1.5111008022348411,1.930198999167267,680.1788850448626
5.659929915873928,-22.365620197171825,1.0000000000000004,1.512172201455769,1.9307691881963365,681.0029956613064
5.658929697129598,-22.37592068232124,1.0000000000000004,1.5132418692200282,1.9313391459431983,681.8259592651937
5.657933783904479,-22.3862203913907,1.0000000000000004,1.514309806711216,1.931908872629144,682.647776563546
5.656942173785366,-22.396519324949168,1.0000000000000004,1.515376015112981,1.9324783684754792,683.4684482633849
5.655954864359053,-22.406817483565373,1.0000000000000004,1.5164404956090092,1.9330476337031754,684.2879750717321
5.654971853212376,-22.417114867807935,1.0000000000000004,1.5175032493830436,1.9336166685332046,685.1063576956088
5.653993137932234,-22.42741147824555,1.0000000000000004,1.5185642776188715,1.9341854731862824,685.9235968420368
5.653018716105514,-22.437707315446584,1.0000000000000004,1.5196235815002996,1.9347540478829757,686.7396932180372
5.652048585319175,-22.448002379979556,1.0000000000000002,1.520681162211229,1.9353223928438226,687.5546475306323
5.651082743160182,-22.458296672412715,1.0000000000000002,1.52173702093555,1.935890508289141,688.3684604868434
5.650121187215519,-22.468590193314185,1.0000000000000004,1.5227911588572471,1.936458394439022,689.181132793692
5.649163915072244,-22.478882943252195,1.0000000000000002,1.5238435771603172,1.9370260515135058,689.9926651581993
5.648210924317388,-22.489174922794636,1.0000000000000002,1.5248942770288245,1.9375934797324277,690.8030582873876
5.6472622125380605,-22.49946613250952,1.0000000000000002,1.525943259646871,1.9381606793154589,691.6123128882776
5.646317777321359,-22.509756572964633,1.0000000000000002,1.5269905261986079,1.9387276504822282,692.4204296678918
5.6453776162544065,-22.520046244727606,1.0000000000000002,1.5280360778682276,1.9392943934520162,693.2274093332512
5.644441726924389,-22.53033514836617,1.0000000000000002,1.5290799158399686,1.939860908444139,694.0332525913774
5.643510106918457,-22.54062328444774,1.0000000000000004,1.5301220412981316,1.9404271956776782,694.8379601492927
5.642582753823849,-22.550910653539848,1.0,1.5311624554270384,1.9409932553715308,695.6415327140171
5.641659665227773,-22.561197256209745,1.0000000000000002,1.5322011594110805,1.94155908774448,696.4439709925737
5.640740838717466,-22.571483093024607,1.0000000000000002,1.533238154434688,1.9421246930151455,697.245275691983
5.639826271880214,-22.581768164551658,1.0000000000000002,1.534273441682334,1.9426900714020192,698.0454475192673
5.638915962303283,-22.592052471357814,1.0000000000000002,1.5353070223385377,1.943255223123387,698.8444871814479
5.6380099075739905,-22.6023360140101,1.0000000000000002,1.536338897587889,1.9438201483973927,699.6423953855466
5.637108105279648,-22.612618793075274,1.0000000000000004,1.5373690686149892,1.944384847442052,700.4391728385843
5.636210553007578,-22.62290080912001,1.0000000000000002,1.5383975366045082,1.9449493204752244,701.2348202475833
5.635317248345147,-22.633182062711025,1.0000000000000004,1.5394243027411587,1.9455135677145705,702.0293383195648
5.634428188879697,-22.64346255441472,1.0000000000000002,1.5404493682097211,1.946077589377559,702.82272776155
5.633543372198628,-22.653742284797634,1.0000000000000002,1.5414727341949774,1.9466413856817013,703.6149892805613
5.632662795889311,-22.664021254426007,1.0000000000000002,1.542494401881811,1.9472049568440752,704.4061235836198
5.631786457539136,-22.67429946386599,1.0000000000000002,1.543514372455114,1.9477683030818085,705.1961313777474
5.630914354735531,-22.684576913683806,1.0000000000000004,1.5445326470998477,1.9483314246117729,705.9850133699648
5.6300464850658924,-22.69485360444534,1.0000000000000004,1.5455492270010147,1.9488943216506698,706.7727702672944
5.629182846117666,-22.705129536716594,1.0000000000000002,1.5465641133436652,1.9494569944151365,707.5594027767578
5.628323435478261,-22.715404711063265,1.0000000000000004,1.5475773073129009,1.950019443121569,708.3449116053758
5.627468250735141,-22.725679128051127,1.0000000000000002,1.5485888100938734,1.950581667986178,709.1292974601706
5.6266172894757345,-22.735952788245747,1.0000000000000004,1.5495986228717733,1.9511436692251678,709.9125610481639
5.625770549287483,-22.746225692212516,1.0000000000000002,1.550606746831857,1.9517054470543513,710.694703076377
5.62492802775786,-22.756497840516943,1.0000000000000002,1.5516131831594198,1.9522670016896129,711.4757242518313
5.624089722474294,-22.76676923372417,1.0000000000000002,1.5526179330398069,1.9528283333465026,712.2556252815484
5.623255631024267,-22.777039872399484,1.0000000000000002,1.5536209976584097,1.9533894422405425,713.0344068725499
5.622425750995221,-22.787309757107874,1.0000000000000004,1.5546223782006852,1.9539503285869202,713.8120697318578
5.6216000799746055,-22.797578888414247,1.0000000000000002,1.5556220758521047,1.954510992600845,714.5886145664932
5.620778615549896,-22.807847266883552,1.0000000000000004,1.5566200917982354,1.955071434497249,715.3640420834776
5.619961355308521,-22.81811489308042,1.0000000000000002,1.557616427224664,1.9556316544909436,716.1383529898328
5.619148296837958,-22.828381767569606,1.0000000000000002,1.5586110833170252,1.9561916527966474,716.9115479925804
5.618339437725639,-22.83864789091555,1.0000000000000004,1.5596040612610231,1.9567514296287456,717.6836277987421
5.617534775558994,-22.848913263682633,1.0000000000000002,1.5605953622424007,1.957310985201552,718.4545931153389
5.616734307925481,-22.859177886435273,1.0000000000000002,1.5615849874469525,1.9578703197293166,719.224444649393
5.615938032412508,-22.86944175973756,1.0000000000000002,1.562572938060514,1.9584294334259482,719.9931831079253
5.615145946607518,-22.879704884153682,1.0000000000000002,1.563559215268997,1.9589883265052634,720.7608091979581
5.614358048097912,-22.88996726024759,1.0000000000000002,1.5645438202583328,1.959546999181029,721.5273236265126
5.61357433447108,-22.90022888858309,1.0000000000000002,1.5655267542145257,1.960105451666621,722.2927271006099
5.61279480331444,-22.91048976972405,1.0000000000000002,1.5665080183236224,1.9606636841754366,723.0570203272728
5.61201945221535,-22.92074990423404,1.0000000000000002,1.5674876137717213,1.961221696920603,723.8202040135218
5.611248278761202,-22.931009292676695,1.0000000000000002,1.5684655417449633,1.9617794901151697,724.5822788663789
5.6104812805393385,-22.941267935615393,1.0000000000000002,1.5694418034295659,1.9623370639719155,725.3432455928652
5.609718455137093,-22.95152583361343,1.0000000000000002,1.5704164000117675,1.96289441870357,726.1031049000029
5.60895980014181,-22.961782987234102,1.0000000000000002,1.5713893326778816,1.9634515545225781,726.8618574948132
5.608205313140783,-22.97203939704042,1.0000000000000002,1.5723606026142498,1.964008471641307,727.6195040843177
5.607454991721325,-22.98229506359549,1.0000000000000002,1.5733302110072902,1.964565170271932,728.3760453755381
5.606708833470702,-22.992549987462123,1.0000000000000002,1.57429815904346,1.965121650626422,729.1314820754957
5.605966835976156,-23.00280416920305,1.0000000000000004,1.5752644479092641,1.9656779129166466,729.8858148912125
5.605228996824952,-23.013057609381036,1.0000000000000002,1.5762290787912718,1.9662339573542482,730.6390445297096
5.604495313604281,-23.02331030855851,1.0000000000000002,1.577192052876093,1.966789784150727,731.3911716980089
5.6037657839013635,-23.033562267298024,1.0000000000000002,1.5781533713503855,1.9673453935174052,732.1421971031317
5.603040405303355,-23.04381348616184,1.0000000000000002,1.579113035400887,1.967900785665499,732.8921214520999
5.602319175397401,-23.05406396571212,1.0000000000000002,1.5800710462143552,1.968455960805926,733.640945451935
5.601602091770644,-23.06431370651106,1.0000000000000002,1.5810274049776218,1.9690109191495182,734.3886698096584
5.600889152010164,-23.07456270912054,1.0000000000000002,1.581982112877549,1.96956566090698,735.1352952322914
5.600180353703058,-23.08481097410255,1.0000000000000002,1.5829351711010755,1.9701201862887814,735.8808224268563
5.599475694436359,-23.095058502018766,1.0000000000000002,1.5838865808351859,1.9706744955052073,736.6252521003736
5.598775171797072,-23.10530529343078,1.0000000000000002,1.5848363432669164,1.9712285887663938,737.368584959866
5.598078783372214,-23.115551348900244,1.0000000000000002,1.5857844595833495,1.9717824662823347,738.1108217123544
5.5973865267487195,-23.12579666898845,1.0000000000000002,1.5867309309716244,1.9723361282628318,738.8519630648609
5.5966983995135395,-23.136041254256813,1.0000000000000004,1.5876757586189374,1.9728895749175663,739.5920097244066
5.596014399253564,-23.14628510526645,1.0000000000000002,1.5886189437125378,1.9734428064558571,740.330962398013
5.595334523555643,-23.156528222578387,1.0000000000000002,1.58956048743973,1.973995823087158,741.0688217927016
5.594658770006631,-23.166770606753683,1.0000000000000002,1.5905003909878683,1.9745486250204607,741.8055886154947
5.593987136193302,-23.17701225835306,1.0,1.5914386555443496,1.9751012124647787,742.541263573413
5.59331961970244,-23.187253177937357,1.0000000000000002,1.592375282296656,1.9756535856288764,743.2758473734785
5.59265621812076,-23.19749336606712,1.0,1.5933102724322872,1.9762057447213337,744.0093407227129
5.59199692903494,-23.207732823302784,1.0,1.594243627138816,1.976757689950567,744.7417443281375
5.5913417500316465,-23.21797155020483,1.0,1.5951753476038721,1.9773094215249003,745.4730588967738
5.590690678697473,-23.228209547333407,1.0,1.5961054350151436,1.9778609396523095,746.2032851356435
5.5900437126190115,-23.238446815248768,1.0,1.5970338905603416,1.9784122445407988,746.9324237517685
