galstreams/tracks/track.st.Gunnthra.ibata2021.ecsv
# %ECSV 1.0
# ---
# datatype:
# - {name: ra, unit: deg, datatype: float64}
# - {name: dec, unit: deg, datatype: float64}
# - {name: distance, unit: kpc, datatype: float64}
# - {name: pm_ra_cosdec, unit: mas / yr, datatype: float64}
# - {name: pm_dec, unit: mas / yr, datatype: float64}
# - {name: radial_velocity, unit: km / s, datatype: float64}
# delimiter: ','
# meta: !!omap
# - __serialized_columns__:
#     dec:
#       __class__: astropy.coordinates.angles.Latitude
#       unit: &id001 !astropy.units.Unit {unit: deg}
#       value: !astropy.table.SerializedColumn {name: dec}
#     distance:
#       __class__: astropy.coordinates.distances.Distance
#       unit: !astropy.units.Unit {unit: kpc}
#       value: !astropy.table.SerializedColumn {name: distance}
#     pm_dec:
#       __class__: astropy.units.quantity.Quantity
#       unit: !astropy.units.Unit {unit: mas / yr}
#       value: !astropy.table.SerializedColumn {name: pm_dec}
#     pm_ra_cosdec:
#       __class__: astropy.units.quantity.Quantity
#       unit: !astropy.units.Unit {unit: mas / yr}
#       value: !astropy.table.SerializedColumn {name: pm_ra_cosdec}
#     ra:
#       __class__: astropy.coordinates.angles.Longitude
#       unit: *id001
#       value: !astropy.table.SerializedColumn {name: ra}
#       wrap_angle: !astropy.coordinates.Angle
#         unit: *id001
#         value: 360.0
#     radial_velocity:
#       __class__: astropy.units.quantity.Quantity
#       unit: !astropy.units.Unit {unit: km / s}
#       value: !astropy.table.SerializedColumn {name: radial_velocity}
# schema: astropy-2.0
ra,dec,distance,pm_ra_cosdec,pm_dec,radial_velocity
[from data line 1412]
296.81176804279306,-65.7284411048856,3.0858513016885136,-9.691518764408535,-28.995444335943226,46.99029735180543
296.81866554881674,-65.71870300076672,3.0859478911225926,-9.687777447798215,-28.999345725555962,47.00946585464731
296.82555650311804,-65.70896435635193,3.086045000407793,-9.684038522986055,-29.003241906114305,47.02871023808489
296.8324409254232,-65.6992251743099,3.0861426303572914,-9.680301983602831,-29.00713287357793,47.048030146210834
296.8393188354314,-65.68948545730623,3.08624078178427,-9.676567823289535,-29.01101862389667,47.067425223118065
296.84619025281467,-65.67974520800335,3.0863394555019075,-9.672836035697454,-29.014899153010596,47.08689511289953
296.85305519721777,-65.6700044290606,3.086438652323383,-9.669106614488243,-29.018774456849965,47.10643945964788
296.85991368825864,-65.66026312313417,3.086538373061879,-9.665379553333727,-29.022644531335313,47.126057907456264
296.8667657455283,-65.65052129287717,3.086638618530573,-9.661654845916049,-29.02650937237747,47.145750100417345
296.8736113885907,-65.64077894093958,3.0867393895426454,-9.657932485927637,-29.030368975877536,47.16551568262388
296.8804506369828,-65.63103606996833,3.0868406869112768,-9.654212467071163,-29.034223337726935,47.185354298168974
296.88728351021507,-65.62129268260725,3.0869425114496454,-9.650494783059553,-29.038072453807462,47.20526559114515
296.8941100277708,-65.61154878149708,3.0870448639709323,-9.64677942761606,-29.041916319991245,47.22524920564564
296.90093020910666,-65.60180436927547,3.0871477452883163,-9.6430663944741,-29.045754932140824,47.245304785763004
296.9077440736526,-65.59205944857703,3.087251156214979,-9.63935567737741,-29.049588286109113,47.26543197559031
296.91455164081196,-65.58231402203333,3.0873550975640978,-9.635647270079945,-29.05341637773951,47.285630419220304
296.92135292996124,-65.57256809227282,3.0874595701488543,-9.63194116634595,-29.057239202865834,47.305899760745824
296.92814796045053,-65.56282166192099,3.087564574782428,-9.62823735994983,-29.06105675731241,47.326239644259715
296.93493675160335,-65.55307473360021,3.0876701122779986,-9.62453584467631,-29.06486903689403,47.346649713854816
296.94171932271666,-65.5433273099299,3.0877761834487454,-9.620836614320325,-29.06867603741602,47.36712961362417
296.9484956930609,-65.53357939352635,3.087882789107849,-9.617139662687023,-29.07247775467427,47.38767898766029
296.9552658818802,-65.52383098700292,3.087989930068488,-9.613444983591831,-29.07627418445522,47.40829748005624
296.96202990839225,-65.51408209296993,3.088097607143844,-9.609752570860339,-29.080065322535873,47.42898473490498
296.9687877917885,-65.50433271403467,3.0882058211470946,-9.606062418328401,-29.083851164683896,47.44974039629913
296.9755395512338,-65.49458285280147,3.088314572891421,-9.602374519842105,-29.087631706657533,47.470564108331715
296.9822852058671,-65.48483251187163,3.0884238631900036,-9.598688869257712,-29.091406944205715,47.4914555150956
296.989024774801,-65.47508169384348,3.0885336928560214,-9.595005460441698,-29.095176873068045,47.512414260683464
296.9957582771219,-65.46533040131236,3.0886440627026537,-9.591324287270798,-29.098941488974834,47.533439989188345
297.00248573189015,-65.45557863687064,3.0887549735430815,-9.587645343631886,-29.102700787647052,47.554532344702864
297.0092071581399,-65.44582640310772,3.0888664261904832,-9.583968623422109,-29.106454764796496,47.57569097132004
297.0159225748793,-65.43607370261006,3.08897842145804,-9.580294120548754,-29.110203416125643,47.59691551313274
297.0226320010906,-65.42632053796112,3.0890909601589316,-9.576621828929348,-29.113946737327822,47.61820561423382
297.02933545572995,-65.41656691174147,3.0892040431063377,-9.572951742491547,-29.117684724087113,47.6395609187161
297.0360329577276,-65.40681282652866,3.0893176711134362,-9.569283855173314,-29.121417372078437,47.660981070672456
297.04272452598815,-65.39705828489738,3.0894318449934093,-9.565618160922654,-29.125144676967615,47.68246571419568
297.04941017939007,-65.38730328941935,3.0895465655594347,-9.56195465369783,-29.128866634411246,47.70401449337863
297.0560899367861,-65.37754784266336,3.089661833624695,-9.5582933274673,-29.132583240056867,47.725627052314245
297.0627638170033,-65.36779194719529,3.089777650002368,-9.554634176209678,-29.13629448954292,47.74730303509533
297.0694318388431,-65.35803560557812,3.089894015505634,-9.550977193913731,-29.14000037849879,47.76904208581472
297.07609402108113,-65.3482788203719,3.090010930947672,-9.547322374578403,-29.1437009025448,47.79084384856517
297.0827503824674,-65.33852159413381,3.0901283971416644,-9.543669712212843,-29.14739605729224,47.812707967439714
297.08940094172635,-65.32876392941813,3.090246414900788,-9.540019200836296,-29.151085838343416,47.83463408653116
297.096045717557,-65.31900582877623,3.0903649850382235,-9.536370834478225,-29.154770241291637,47.85662184993239
297.1026847286327,-65.30924729475659,3.090484108367152,-9.532724607178222,-29.158449261721238,47.87867090173614
297.10931799360145,-65.29948832990486,3.0906037857007522,-9.529080512986008,-29.162122895207638,47.90078088603535
297.1159455310858,-65.2897289367638,3.090724017852204,-9.52543854596149,-29.16579113731732,47.9229514469228
297.1225673596828,-65.27996911787328,3.0908448056346867,-9.521798700174749,-29.169453983607838,47.9451822284915
297.1291834979645,-65.27020887577035,3.090966149861381,-9.518160969705898,-29.173111429627916,47.96747287483408
297.13579396447733,-65.26044821298916,3.091088051345466,-9.514525348645318,-29.176763470917386,47.98982303004353
297.1423987777426,-65.2506871320611,3.0912105109001233,-9.51089183109345,-29.180410103007226,48.01223233821271
297.1489979562564,-65.24092563551463,3.091333529338531,-9.507260411160857,-29.18405132141963,48.034700443434446
297.1555915184896,-65.2311637258754,3.091457107473868,-9.50363108296831,-29.187687121668,48.0572269898016
297.162179482888,-65.22140140566627,3.0915812461193166,-9.50000384064663,-29.191317499256897,48.07981162140711
297.16876186787243,-65.21163867740724,3.0917059460880547,-9.496378678336765,-29.194942449682202,48.1024539823436
297.1753386918384,-65.20187554361547,3.091831208193262,-9.492755590189859,-29.19856196843099,48.12515371670406
297.1819099731566,-65.19211200680539,3.091957033248121,-9.489134570367057,-29.202176050981638,48.14791046858145
297.18847573017285,-65.18234806948854,3.0920834220658087,-9.485515613039688,-29.205784692803874,48.17072388206844
297.1950359812077,-65.17258373417371,3.092210375459505,-9.481898712389226,-29.209387889358695,48.193593601257994
297.2015907445572,-65.16281900336686,3.0923378942423922,-9.478283862607139,-29.21298563609845,48.21651927024283
297.20814003849233,-65.15305387957122,3.092465979227648,-9.474671057895106,-29.21657792846684,48.23950053311599
297.21468388125936,-65.14328836528716,3.092594631228452,-9.471060292464873,-29.220164761899,48.262537033970304
297.2212222910797,-65.13352246301234,3.0927238510579835,-9.467451560538246,-29.223746131821414,48.28562841689843
297.2277552861503,-65.12375617524161,3.0928536395294257,-9.46384485634714,-29.227322033651994,48.30877432599337
297.234282884643,-65.11398950446704,3.0929839974559554,-9.460240174133617,-29.23089246280012,48.33197440534806
297.2408051047055,-65.10422245317801,3.093114925650753,-9.456637508149742,-29.23445741466664,48.35522829905519
297.24732196446047,-65.09445502386106,3.0932464249269978,-9.45303685265773,-29.238016884643827,48.37853565120765
297.2538334820063,-65.08468721900003,3.0933784960978716,-9.449438201929835,-29.241570868115513,48.401896105898494
297.26033967541673,-65.074919041076,3.0935111399765525,-9.445841550248423,-29.24511936045702,48.42530930722016
297.2668405627411,-65.06515049256733,3.0936443573762205,-9.442246891905892,-29.24866235703523,48.448774899265786
297.2733361620043,-65.05538157594962,3.093778149110056,-9.438654221204763,-29.252199853208577,48.472292526128285
297.27982649120673,-65.04561229369577,3.0939125159912386,-9.435063532457555,-29.255731844327073,48.49586183190037
297.28631156832466,-65.03584264827592,3.0940474588329474,-9.431474819986928,-29.259258325732326,48.51948246067487
297.2927914113097,-65.02607264215753,3.0941829784483628,-9.427888078125589,-29.26277929275757,48.54315405654494
297.2992660380895,-65.01630227780532,3.094319075650665,-9.42430330121623,-29.266294740727677,48.56687626360284
297.30573546656746,-65.00653155768131,3.0944557512530326,-9.42072048361167,-29.269804664959175,48.5906487259419
297.31219971462247,-64.99676048424489,3.094593006068648,-9.417139619674796,-29.273309060760244,48.61447108765497
297.3186588001097,-64.9869890599526,3.0947308409106875,-9.413560703778488,-29.27680792343081,48.638342992834744
297.3251127408598,-64.97721728725845,3.0948692565923333,-9.409983730305695,-29.280301248262486,48.66226408557395
297.33156155467964,-64.96744516861366,3.095008253926764,-9.406408693649423,-29.283789030538586,48.686234009965816
297.338005259352,-64.95767270646681,3.09514783372716,-9.402835588212696,-29.287271265534244,48.710252410102896
297.34444387263545,-64.9478999032638,3.095287996806702,-9.399264408408575,-29.29074794851631,48.73431893007814
297.35087741226494,-64.93812676144788,3.095428743978568,-9.395695148660185,-29.294219074743467,48.758433213984425
297.35730589595124,-64.92835328345959,3.0955700760559393,-9.392127803400651,-29.297684639466155,48.782594905914486
297.3637293413814,-64.91857947173685,3.0957119938519946,-9.388562367073144,-29.30114463792671,48.80680364996134
297.37014776621857,-64.9088053287149,3.0958544981799148,-9.384998834130833,-29.304599065359263,48.83105909021762
297.3765611881021,-64.89903085682639,3.0959975898528787,-9.381437199036949,-29.308047916989835,48.855360870776515
297.38296962464756,-64.8892560585012,3.096141269684067,-9.377877456264713,-29.311491188036324,48.87970863573059
297.3893730934469,-64.87948093616673,3.0962855384866583,-9.374319600297357,-29.31492887370854,48.90410202917282
297.3957716120683,-64.86970549224762,3.0964303970738336,-9.370763625628156,-29.318360969208204,48.92854069519608
297.40216519805637,-64.85992972916594,3.096575846258773,-9.367209526760368,-29.321787469728978,48.95302427789314
297.408553868932,-64.85015364934111,3.0967218868546533,-9.363657298207267,-29.325208370456515,48.97755242135678
297.41493764219274,-64.84037725518998,3.0968685196746586,-9.360106934492133,-29.328623666568383,49.00212476968002
297.4213165353124,-64.83060054912673,3.097015745531967,-9.356558430148224,-29.332033353234213,49.02674096695576
297.42769056574144,-64.82082353356294,3.097163565239757,-9.353011779718852,-29.33543742561562,49.051400657276695
297.4340597509068,-64.81104621090762,3.09731197961121,-9.349466977757256,-29.33883587886625,49.07610348473568
297.4404241082121,-64.80126858356715,3.0974609894595044,-9.34592401882671,-29.342228708131813,49.10084909342562
297.44678365503745,-64.79149065394533,3.0976105955978213,-9.342382897500464,-29.345615908550062,49.12563712743943
297.4531384087398,-64.78171242444336,3.0977607988393405,-9.33884360836174,-29.34899747525089,49.15046723086995
297.45948838665277,-64.77193389745985,3.0979115999972406,-9.33530614600379,-29.352373403356246,49.17533904780984
297.46583360608673,-64.76215507539087,3.098062999884703,-9.331770505029771,-29.35574368798023,49.20025222235216
297.47217408432886,-64.75237596062988,3.098214999314906,-9.328236680052887,-29.359108324229076,49.22520639858975
297.478509838643,-64.74259655556773,3.0983675991010307,-9.324704665696276,-29.362467307201186,49.2502012206153
297.48484088627015,-64.7328168625928,3.0985208000562556,-9.321174456593068,-29.365820631987138,49.27523633252181
297.49116724442797,-64.72303688409085,3.0986746029937624,-9.317646047386361,-29.36916829366969,49.30031137840217
297.49748893031114,-64.71325662244507,3.0988290087267294,-9.314119432729216,-29.37251028732386,49.32542600234917
297.5038059610915,-64.70347608003618,3.0989840180683355,-9.310594607284603,-29.375846608016836,49.3505798484557
297.5101183539177,-64.69369525924222,3.0991396318317634,-9.307071565725547,-29.379177250808105,49.37577256081445
297.51642612591536,-64.68391416243881,3.09929585083019,-9.303550302735008,-29.38250221074941,49.40100378351852
297.5227292941876,-64.67413279199897,3.099452675876797,-9.3000308130058,-29.38582148288479,49.42627316066052
297.52902787581434,-64.6643511502932,3.0996101077847626,-9.29651309124083,-29.38913506225056,49.451580336333436
297.53532188785283,-64.6545692396895,3.0997681473672696,-9.292997132152857,-29.392442943875373,49.47692495463009
297.54161134733744,-64.64478706255328,3.0999267954374945,-9.289482930464612,-29.39574512278023,49.502306659643445
297.54789627127985,-64.6350046212475,3.1000860528086185,-9.285970480908793,-29.39904159397848,49.527725095466224
297.5541766766691,-64.62522191813258,3.1002459202938217,-9.282459778228004,-29.402332352475835,49.55317990619128
297.56045258047146,-64.61543895556642,3.100406398706284,-9.278950817174794,-29.405617393270422,49.578670735911516
297.56672399963054,-64.60565573590442,3.100567488859184,-9.275443592511685,-29.408896711352774,49.60419722871978
297.5729909510675,-64.5958722614995,3.100729191565702,-9.271938099011086,-29.412170301705824,49.629759028708975
297.5792534516808,-64.58608853470203,3.1008915076390187,-9.268434331455332,-29.415438159304983,49.65535577997187
297.5855115183465,-64.57630455785994,3.1010544378923135,-9.264932284636725,-29.418700279118116,49.68098712660129
297.59176516791814,-64.56652033331866,3.1012179831387656,-9.261431953357453,-29.421956656105543,49.70665271269023
297.59801441722675,-64.55673586342112,3.1013821441915552,-9.257933332429658,-29.425207285220104,49.73235218233143
297.6042592830811,-64.5469511505078,3.101546921863862,-9.254436416675363,-29.428452161407172,49.75808517961768
297.61049978226754,-64.53716619691667,3.1017123169688667,-9.25094120092651,-29.431691279604586,49.78385134864201
297.61673593155,-64.52738100498325,3.1018783303197472,-9.247447680024985,-29.434924634742806,49.809650333497196
297.62296774767026,-64.51759557704062,3.102044962729686,-9.243955848822578,-29.438152221744804,49.83548177827611
297.62919524734775,-64.50780991541933,3.10221221501186,-9.240465702180972,-29.441374035526163,49.861345327071504
297.6354184472797,-64.49802402244752,3.1023800879794514,-9.23697723497175,-29.444590070995044,49.88724062397625
297.6416373641412,-64.4882379004509,3.1025485824456385,-9.233490442076397,-29.447800323052252,49.91316731308338
297.6478520145853,-64.47845155175266,3.1027176992236014,-9.230005318386336,-29.4510047865912,49.93912503848561
297.6540624152426,-64.4686649786736,3.1028874391265204,-9.226521858802863,-29.45420345649796,49.96511344427578
297.66026858272215,-64.4588781835321,3.1030578029675753,-9.22304005823711,-29.457396327651285,49.991132174546834
297.66647053361055,-64.44909116864402,3.103228791559945,-9.219559911610183,-29.46058339492258,50.01718087339141
297.67266828447254,-64.43930393632286,3.10340040571681,-9.216081413853088,-29.463764653175975,50.043259184902624
297.678861851851,-64.42951648887967,3.1035726462513518,-9.21260455990661,-29.46694009726829,50.06936675317318
297.6850512522668,-64.41972882862308,3.1037455139767456,-9.20912934472155,-29.470109722049127,50.095503222295946
297.691236502219,-64.40994095785929,3.1039190097061766,-9.205655763258461,-29.473273522360806,50.121668236363874
297.6974176181847,-64.4001528788921,3.10409313425282,-9.202183810487892,-29.476431493038405,50.147861439469736
297.70359461661934,-64.39036459402287,3.10426788842986,-9.198713481390202,-29.47958362890979,50.174082475706335
297.70976751395654,-64.38057610555059,3.1044432730504723,-9.195244770955638,-29.48272992479568,50.20033098916659
297.7159363266082,-64.37078741577183,3.10461928892784,-9.191777674184307,-29.485870375509514,50.226606623943326
297.7221010709644,-64.36099852698075,3.1047959368751403,-9.188312186086208,-29.489004975857647,50.2529090241295
