galstreams/tracks/track.st.M68.ibata2021.ecsv
# %ECSV 0.9
# ---
# datatype:
# - {name: ra, unit: deg, datatype: float64}
# - {name: dec, unit: deg, datatype: float64}
# - {name: distance, unit: kpc, datatype: float64}
# - {name: pm_ra_cosdec, unit: mas / yr, datatype: float64}
# - {name: pm_dec, unit: mas / yr, datatype: float64}
# - {name: radial_velocity, unit: km / s, datatype: float64}
# delimiter: ','
# meta: !!omap
# - __serialized_columns__:
#     dec:
#       __class__: astropy.coordinates.angles.Latitude
#       unit: &id001 !astropy.units.Unit {unit: deg}
#       value: !astropy.table.SerializedColumn {name: dec}
#     distance:
#       __class__: astropy.coordinates.distances.Distance
#       unit: !astropy.units.Unit {unit: kpc}
#       value: !astropy.table.SerializedColumn {name: distance}
#     pm_dec:
#       __class__: astropy.units.quantity.Quantity
#       unit: !astropy.units.Unit {unit: mas / yr}
#       value: !astropy.table.SerializedColumn {name: pm_dec}
#     pm_ra_cosdec:
#       __class__: astropy.units.quantity.Quantity
#       unit: !astropy.units.Unit {unit: mas / yr}
#       value: !astropy.table.SerializedColumn {name: pm_ra_cosdec}
#     ra:
#       __class__: astropy.coordinates.angles.Longitude
#       unit: *id001
#       value: !astropy.table.SerializedColumn {name: ra}
#       wrap_angle: !astropy.coordinates.Angle
#         unit: *id001
#         value: 360.0
#     radial_velocity:
#       __class__: astropy.units.quantity.Quantity
#       unit: !astropy.units.Unit {unit: km / s}
#       value: !astropy.table.SerializedColumn {name: radial_velocity}
# schema: astropy-2.0
ra,dec,distance,pm_ra_cosdec,pm_dec,radial_velocity
186.34675513778396,-43.81627188081575,4.088841678096587,-4.44459965216711,9.298821311786485,0.0
186.3508756835734,-43.80671370403428,4.087956595184954,-4.445746015325565,9.303684726083507,-3.368306851948935e-14
186.35498900534222,-43.79715454030928,4.087075091490905,-4.44688645734549,9.308528321291202,-1.6841534259744676e-14
186.35909511723136,-43.78759439189456,4.086197162280545,-4.4480209841251686,9.3133521195612,1.6841534259744676e-14
186.36319403337285,-43.7780332610409,4.085322802819974,-4.449149601581429,9.318156143040445,1.6841534259744676e-14
186.36728576788983,-43.76847114999567,4.084452008375293,-4.450272315649577,9.322940413871272,-1.6841534259744676e-14
186.37137033489665,-43.75890806100324,4.083584774212604,-4.451389132283315,9.327704954191347,0.0
186.37544774849877,-43.749343996304574,4.082721095598008,-4.452500057454691,9.33244978613375,1.6841534259744676e-14
186.37951802279292,-43.739778958137705,4.0818609677976045,-4.453605097154022,9.337174931826944,-1.6841534259744676e-14
186.38358117186687,-43.73021294873724,4.0810043860774945,-4.454704257389822,9.341880413394831,0.0
186.38763720979964,-43.72064597033488,4.080151345703782,-4.455797544188732,9.34656625295673,-3.368306851948935e-14
186.39168615066143,-43.711078025158905,4.079301841942565,-4.456884963595465,9.35123247262744,-3.368306851948935e-14
186.39572800851357,-43.701509115434696,4.078455870059946,-4.457966521672724,9.355879094517217,-1.6841534259744676e-14
186.39976279740867,-43.69193924338431,4.077613425322024,-4.459042224501149,9.360506140731815,-3.368306851948935e-14
186.40379053139046,-43.682368411226854,4.076774502994904,-4.4601120781792245,9.365113633372488,-1.6841534259744676e-14
186.40781122449386,-43.672796621178136,4.0759390983446835,-4.461176088823242,9.369701594536009,-3.368306851948935e-14
186.41182489074504,-43.66322387545106,4.075107206637467,-4.462234262567215,9.374270046314713,0.0
186.4158315441614,-43.653650176255205,4.074278823139351,-4.463286605562812,9.378819010796484,-3.368306851948935e-14
186.41983119875144,-43.644075525797305,4.073453943116441,-4.464333123979299,9.38334851006477,-1.6841534259744676e-14
186.42382386851497,-43.63449992628079,4.072632561834835,-4.465373824003456,9.387858566198632,-1.6841534259744676e-14
186.42780956744303,-43.624923379906235,4.071814674560636,-4.466408711839538,9.392349201272726,-1.6841534259744676e-14
186.43178830951783,-43.61534588887096,4.0710002765599445,-4.467437793709171,9.396820437357341,-1.6841534259744676e-14
186.4357601087128,-43.605767455369424,4.0701893630988595,-4.468461075851322,9.401272296518417,1.6841534259744676e-14
186.4397249789927,-43.59618808159285,4.069381929443485,-4.469478564522217,9.405704800817537,-1.6841534259744676e-14
186.44368293431341,-43.586607769729625,4.068577970859921,-4.470490265995261,9.41011797231198,0.0
186.44763398862221,-43.57702652196492,4.067777482614269,-4.471496186561007,9.414511833054704,-5.0524602779234026e-14
186.4515781558574,-43.567444340481075,4.066980459972628,-4.472496332527046,9.418886405094396,0.0
186.45551544994876,-43.55786122745727,4.066186898201101,-4.473490710217989,9.423241710475464,-1.6841534259744676e-14
186.4594458848172,-43.54827718506988,4.06539679256579,-4.474479325975355,9.427577771238052,-1.6841534259744676e-14
186.46336947437496,-43.53869221549202,4.064610138332794,-4.475462186157548,9.43189460941808,0.0
186.4672862325255,-43.52910632089415,4.063826930768213,-4.476439297139766,9.436192247047245,-5.0524602779234026e-14
186.47119617316358,-43.519519503443455,4.063047165138152,-4.477410665313933,9.440470706153027,-3.368306851948935e-14
186.47509931017518,-43.50993176530442,4.06227083670871,-4.478376297088658,9.44473000875874,0.0
186.4789956574377,-43.50034310863838,4.061497940745987,-4.479336198889147,9.448970176883508,0.0
186.4828852288197,-43.49075353560391,4.060728472516085,-4.480290377157161,9.453191232542311,-1.6841534259744676e-14
186.48676803818108,-43.48116304835644,4.0599624272851065,-4.48123883835092,9.457393197745986,-3.368306851948935e-14
186.49064409937301,-43.47157164904872,4.05919980031915,-4.4821815889450685,9.461576094501261,-1.6841534259744676e-14
186.49451342623806,-43.461979339830364,4.058440586884319,-4.483118635430605,9.465739944810737,-1.6841534259744676e-14
186.49837603260994,-43.45238612284826,4.057684782246712,-4.4840499843148045,9.469884770672962,0.0
186.50223193231383,-43.442792000246236,4.056932381672432,-4.484975642121169,9.474010594082367,-1.6841534259744676e-14
186.50608113916613,-43.43319697416542,4.056183380427578,-4.485895615389364,9.478117437029375,-1.6841534259744676e-14
186.50992366697466,-43.42360104674383,4.055437773778255,-4.486809910675142,9.482205321500334,-3.368306851948935e-14
186.51375952953842,-43.41400422011689,4.05469555699056,-4.487718534550291,9.486274269477597,0.0
186.5175887406479,-43.40440649641688,4.053956725330595,-4.48862149360258,9.490324302939499,-5.0524602779234026e-14
186.52141131408482,-43.394807877773474,4.053221274064463,-4.489518794435661,9.494355443860378,-3.368306851948935e-14
186.5252272636223,-43.38520836631329,4.052489198458263,-4.490410443669054,9.498367714210623,-5.0524602779234026e-14
186.52903660302476,-43.37560796416031,4.051760493778096,-4.491296447938049,9.502361135956644,-1.6841534259744676e-14
186.53283934604804,-43.366006673435486,4.051035155290066,-4.492176813893658,9.506335731060911,-1.6841534259744676e-14
186.53663550643924,-43.35640449625717,4.05031317826027,-4.493051548202545,9.510291521481996,0.0
186.54042509793697,-43.3468014347407,4.049594557954811,-4.4939206575469814,9.514228529174538,-5.0524602779234026e-14
186.544208134271,-43.33719749099879,4.0488792896397925,-4.494784148624754,9.5181467760893,-1.6841534259744676e-14
186.54798462916273,-43.32759266714118,4.048167368581311,-4.495642028149144,9.52204628417315,-1.6841534259744676e-14
186.5517545963247,-43.31798696527503,4.047458790045469,-4.496494302848825,9.525927075369122,-1.6841534259744676e-14
186.55551804946097,-43.30838038750454,4.046753549298369,-4.497340979467824,9.52978917161639,-3.368306851948935e-14
186.55927500226696,-43.298772935931304,4.046051641606112,-4.4981820647654525,9.53363259485031,-6.73661370389787e-14
186.5630254684295,-43.28916461265396,4.045353062234797,-4.499017565516258,9.537457367002421,-1.6841534259744676e-14
186.5667694616267,-43.27955541976865,4.0446578064505285,-4.49984748850994,9.541263510000473,-1.6841534259744676e-14
186.57050699552826,-43.26994535936853,4.043965869519404,-4.5006718405513135,9.545051045768432,-1.6841534259744676e-14
186.5742380837952,-43.26033443354421,4.043277246707527,-4.501490628460235,9.548819996226513,0.0
186.57796274007993,-43.25072264438344,4.042591933280996,-4.502303859071544,9.552570383291162,-3.368306851948935e-14
186.5816809780263,-43.24110999397138,4.041909924505913,-4.503111539234995,9.556302228875122,-3.368306851948935e-14
186.5853928112696,-43.23149648439033,4.0412312156483825,-4.503913675815219,9.560015554887395,-3.368306851948935e-14
186.58909825343653,-43.221882117720064,4.040555801974502,-4.504710275691638,9.5637103832333,-1.6841534259744676e-14
186.59279731814527,-43.21226689603749,4.039883678750372,-4.505501345758426,9.567386735814472,-1.6841534259744676e-14
186.59649001900536,-43.20265082141703,4.039214841242097,-4.506286892924433,9.571044634528873,-1.6841534259744676e-14
186.60017636961786,-43.19303389593019,4.038549284715773,-4.507066924113142,9.574684101270819,-3.368306851948935e-14
186.60385638357525,-43.183416121646076,4.037887004437507,-4.507841446262589,9.57830515793098,0.0
186.6075300744615,-43.173797500630876,4.037227995673397,-4.508610466325321,9.581907826396417,-3.368306851948935e-14
186.61119745585196,-43.16417803494838,4.036572253689542,-4.509373991268335,9.585492128550587,-1.6841534259744676e-14
186.61485854131354,-43.15455772665948,4.035919773752046,-4.510132028073007,9.589058086273337,1.6841534259744676e-14
186.61851334440456,-43.14493657782269,4.03527055112701,-4.510884583735044,9.592605721440972,-3.368306851948935e-14
186.62216187867483,-43.13531459049367,4.034624581080533,-4.511631665264425,9.596135055926226,-3.368306851948935e-14
186.6258041576657,-43.125691766725666,4.033981858878719,-4.512373279685336,9.599646111598272,1.6841534259744676e-14
186.62944019490993,-43.116068108569095,4.033342379787666,-4.513109434036121,9.603138910322789,0.0
186.6330700039318,-43.10644361807203,4.032706139073477,-4.51384013536921,9.606613473961925,3.368306851948935e-14
186.63669359824715,-43.0968182972797,4.032073132002253,-4.514565390751084,9.610069824374332,-1.6841534259744676e-14
186.64031099136318,-43.08719214823494,4.0314433538400944,-4.515285207262181,9.613507983415186,0.0
186.64392219677882,-43.077565172977856,4.030816799853103,-4.5159995919968825,9.616927972936207,0.0
186.64752722798426,-43.067937373546165,4.030193465307379,-4.516708552063413,9.620329814785647,-3.368306851948935e-14
186.65112609846142,-43.0583087519748,4.029573345469024,-4.517412094583817,9.623713530808343,-3.368306851948935e-14
186.65471882168362,-43.04867931029637,4.028956435604139,-4.518110226693882,9.627079142845691,-3.368306851948935e-14
186.6583054111158,-43.03904905054071,4.0283427309788244,-4.518802955543088,9.630426672735709,-3.368306851948935e-14
186.66188588021436,-43.02941797473537,4.027732226859183,-4.519490288294541,9.633756142313004,-3.368306851948935e-14
186.66546024242732,-43.0197860849051,4.027124918511313,-4.520172232124942,9.637067573408828,-5.0524602779234026e-14
186.66902851119414,-43.01015338307239,4.026520801201318,-4.520848794224494,9.640360987851057,-1.6841534259744676e-14
186.67259069994597,-43.00051987125696,4.025919870195298,-4.521519981796874,9.643636407464241,-1.6841534259744676e-14
186.67614682210538,-42.990885551476296,4.025322120759355,-4.522185802059162,9.646893854069589,-3.368306851948935e-14
186.67969689108668,-42.9812504257451,4.024727548159588,-4.522846262241794,9.650133349485005,0.0
186.68324092029556,-42.97161449607586,4.024136147662102,-4.5235013695885,9.653354915525096,-5.0524602779234026e-14
186.68677892312937,-42.96197776447832,4.023547914532992,-4.524151131356243,9.656558574001185,0.0
186.69031091297708,-42.95234023296,4.022962844038364,-4.524795554815178,9.659744346721325,-1.6841534259744676e-14
186.69383690321925,-42.942701903525716,4.022380931444319,-4.525434647248583,9.662912255490312,-5.0524602779234026e-14
186.69735690722788,-42.933062778178055,4.021802172016955,-4.526068415952807,9.66606232210972,-3.368306851948935e-14
186.70087093836682,-42.9234228589169,4.021226561022375,-4.526696868237222,9.669194568377886,-1.6841534259744676e-14
186.70437900999127,-42.91378214773996,4.02065409372668,-4.527320011424148,9.672309016089939,0.0
186.70788113544822,-42.90414064664226,4.02008476539597,-4.527937852848831,9.675405687037824,-5.0524602779234026e-14
186.71137732807617,-42.894498357616605,4.019518571296348,-4.528550399859347,9.678484603010302,-1.6841534259744676e-14
186.71486760120533,-42.88485528265318,4.0189555066939135,-4.529157659816587,9.681545785792972,-5.0524602779234026e-14
186.71835196815744,-42.87521142373994,4.018395566854768,-4.529759640094173,9.68458925716828,1.6841534259744676e-14
186.72183044224596,-42.86556678286229,4.017838747045012,-4.530356348078414,9.687615038915553,-1.6841534259744676e-14
186.7253030367759,-42.85592136200335,4.017285042530749,-4.530947791168257,9.69062315281096,-1.6841534259744676e-14
186.72876976504404,-42.84627516314372,4.0167344485780765,-4.531533976775233,9.69361362062762,-1.6841534259744676e-14
186.73223064033863,-42.8366281882618,4.016186960453098,-4.532114912323376,9.696586464135521,-1.6841534259744676e-14
186.73568567593978,-42.826980439333376,4.015642573421915,-4.532690605249219,9.699541705101588,-3.368306851948935e-14
186.73913488511906,-42.81733191833211,4.015101282750624,-4.533261063001689,9.702479365289694,-3.368306851948935e-14
186.74257828113983,-42.80768262722906,4.014563083705332,-4.533826293042086,9.705399466460642,1.6841534259744676e-14
186.74601587725715,-42.7980325679932,4.014027971552137,-4.534386302844021,9.70830203037223,-1.6841534259744676e-14
186.74944768671762,-42.78838174259085,4.0134959415571405,-4.534941099893361,9.711187078779217,-1.6841534259744676e-14
186.75287372275966,-42.7787301529863,4.012966988986444,-4.53549069168817,9.71405463343337,-3.368306851948935e-14
186.7562939986133,-42.76907780114123,4.012441109106148,-4.536035085738668,9.716904716083466,-1.6841534259744676e-14
186.75970852750027,-42.75942468901523,4.011918297182353,-4.536574289567167,9.719737348475306,-3.368306851948935e-14
186.76311732263403,-42.74977081856537,4.011398548481162,-4.537108310708026,9.722552552351727,-5.0524602779234026e-14
186.76652039721975,-42.7401161917466,4.010881858268675,-4.537637156707596,9.725350349452627,-3.368306851948935e-14
186.76991776445428,-42.73046081051137,4.010368221810992,-4.538160835124169,9.728130761514969,0.0
186.77330943752617,-42.72080467681003,4.009857634374215,-4.538679353527918,9.7308938102728,-5.0524602779234026e-14
186.77669542961578,-42.71114779259046,4.009350091224445,-4.539192719500856,9.733639517457256,0.0
186.78007575389512,-42.701490159798425,4.008845587627785,-4.539700940636771,9.736367904796591,-1.6841534259744676e-14
186.783450423528,-42.69183178037725,4.0083441188503315,-4.540204024541195,9.739078994016195,-6.73661370389787e-14
186.78681945166983,-42.68217265626816,4.00784568015819,-4.540701978831315,9.741772806838572,-5.0524602779234026e-14
186.790182851468,-42.672512789409936,4.007350266817459,-4.5411948111359735,9.744449364983392,-3.368306851948935e-14
186.79354063606138,-42.662852181739325,4.006857874094241,-4.541682529095562,9.7471086901675,0.0
186.79689281858086,-42.65319083519059,4.006368497254636,-4.542165140362016,9.749750804104913,-5.0524602779234026e-14
186.80023941214887,-42.64352875169599,4.0058821315647455,-4.542642652598724,9.752375728506845,-1.6841534259744676e-14
186.80358042987982,-42.63386593318531,4.005398772290671,-4.543115073480522,9.754983485081706,-3.368306851948935e-14
186.8069158848797,-42.62420238158637,4.004918414698513,-4.543582410693588,9.757574095535157,-5.0524602779234026e-14
186.81024579024637,-42.61453809882449,4.0044410540543725,-4.544044671935438,9.760147581570074,0.0
186.81357015906954,-42.604873086823076,4.00396668562435,-4.544501864914853,9.76270396488659,-3.368306851948935e-14
186.81688900443058,-42.595207347503035,4.003495304674548,-4.544953997351829,9.765243267182099,-1.6841534259744676e-14
186.82020233940278,-42.58554088278336,4.003026906471068,-4.545401076977531,9.767765510151282,-5.0524602779234026e-14
186.82351017705116,-42.57587369458058,4.002561486280009,-4.545843111534245,9.770270715486102,-1.6841534259744676e-14
186.82681253043256,-42.5662057848093,4.002099039367473,-4.546280108775319,9.772758904875836,-5.0524602779234026e-14
186.8301094125957,-42.55653715538169,4.0016395609995605,-4.546712076465123,9.775230100007068,0.0
186.83340083658103,-42.54686780820803,4.0011830464423745,-4.54713902237899,9.777684322563728,-3.368306851948935e-14
186.8366868154209,-42.537197745196146,4.000729490962013,-4.5475609543031785,9.78012159422709,1.6841534259744676e-14
186.83996736213945,-42.527526968252005,4.000278889824581,-4.547977880034803,9.782541936675777,-1.6841534259744676e-14
186.84324248975267,-42.51785547927912,3.999831238296175,-4.548389807381811,9.784945371585799,-1.6841534259744676e-14
186.84651221126842,-42.50818328017914,3.9993865316429,-4.548796744162907,9.787331920630544,-3.368306851948935e-14
186.8497765396864,-42.49851037285135,3.998944765130854,-4.549198698207523,9.789701605480808,-6.73661370389787e-14
186.85303548799814,-42.488836759193106,3.9985059340261406,-4.549595677355756,9.792054447804789,-5.0524602779234026e-14
186.85628906918714,-42.479162441099426,3.9980700335948596,-4.549987689458337,9.794390469268127,-1.6841534259744676e-14
186.85953729622858,-42.46948742046346,3.997637059103111,-4.550374742376555,9.796709691533898,-3.368306851948935e-14
