galstreams/tracks/track.st.Hrid.ibata2020.ecsv
# %ECSV 0.9
# ---
# datatype:
# - {name: ra, unit: deg, datatype: float64}
# - {name: dec, unit: deg, datatype: float64}
# - {name: distance, unit: kpc, datatype: float64}
# - {name: pm_ra_cosdec, unit: mas / yr, datatype: float64}
# - {name: pm_dec, unit: mas / yr, datatype: float64}
# - {name: radial_velocity, unit: km / s, datatype: float64}
# delimiter: ','
# meta: !!omap
# - __serialized_columns__:
#     dec:
#       __class__: astropy.coordinates.angles.Latitude
#       unit: &id001 !astropy.units.Unit {unit: deg}
#       value: !astropy.table.SerializedColumn {name: dec}
#     distance:
#       __class__: astropy.coordinates.distances.Distance
#       unit: !astropy.units.Unit {unit: kpc}
#       value: !astropy.table.SerializedColumn {name: distance}
#     pm_dec:
#       __class__: astropy.units.quantity.Quantity
#       unit: !astropy.units.Unit {unit: mas / yr}
#       value: !astropy.table.SerializedColumn {name: pm_dec}
#     pm_ra_cosdec:
#       __class__: astropy.units.quantity.Quantity
#       unit: !astropy.units.Unit {unit: mas / yr}
#       value: !astropy.table.SerializedColumn {name: pm_ra_cosdec}
#     ra:
#       __class__: astropy.coordinates.angles.Longitude
#       unit: *id001
#       value: !astropy.table.SerializedColumn {name: ra}
#       wrap_angle: !astropy.coordinates.Angle
#         unit: *id001
#         value: 360.0
#     radial_velocity:
#       __class__: astropy.units.quantity.Quantity
#       unit: !astropy.units.Unit {unit: km / s}
#       value: !astropy.table.SerializedColumn {name: radial_velocity}
# schema: astropy-2.0
ra,dec,distance,pm_ra_cosdec,pm_dec,radial_velocity
[from data line 140]
282.2463671078368,58.512554372793446,3.3003812944053967,-4.687578409891517,22.96124218500409,0.0
282.29077469384475,58.821831511221525,3.306732275470971,-4.658332876165625,22.94075220427415,0.0
282.33610447683816,59.13108842225434,3.313205612535773,-4.628670495348992,22.918800800518042,-6.73661370389787e-14
282.38238942185643,59.44032430120712,3.319802176883654,-4.598583048406063,22.895384374453407,0.0
282.4296638209502,59.74953831051753,3.3265228397984665,-4.568061988908272,22.870499349610686,-6.73661370389787e-14
282.4779633617272,60.05872957797367,3.3333684725640604,-4.537098428154417,22.844142172417158,-3.368306851948935e-14
282.52732520013876,60.36789719482914,3.3403399464642862,-4.505683119383233,22.816309312237507,-6.73661370389787e-14
282.577788037814,60.67704021379714,3.3474381327829965,-4.473806441012478,22.786997261364114,0.0
282.6293922042754,60.986157646914485,3.3546639028040417,-4.441458378832254,22.756202534949296,6.73661370389787e-14
282.6821797444,61.295248463265786,3.3620181278112757,-4.408628507074822,22.723921670870972,-1.0104920555846805e-13
282.73619451151717,61.60431158655744,3.3695016790885446,-4.37530596827661,22.69015122952174,0.0
282.7914822665724,61.913345892529584,3.377115427919704,-4.341479451840219,22.654887793510337,0.0
282.84809078381966,62.22235020619387,3.3848602455886025,-4.307137171197331,22.618127967263042,-1.6841534259744676e-14
282.90606996354956,62.53132329888336,3.392737003379095,-4.272266839463351,22.5798683765107,-1.6841534259744676e-14
282.96547195240186,62.84026388509958,3.4007465725750277,-4.2368556434665265,22.54010566764547,6.73661370389787e-14
283.02635127186403,63.14917061914071,3.4088898244602546,-4.200890216022132,22.498836506929024,-1.6841534259744676e-14
283.0887649556089,63.458042091493276,3.4171676303186276,-4.1643566063121815,22.45605757953184,1.6841534259744676e-14
283.15277269638693,63.76687682496792,3.4255808614339966,-4.127240248217148,22.411765588380224,3.368306851948935e-14
283.21843700325417,64.07567327055835,3.434130389090213,-4.08952592643275,22.365957252784764,1.6841534259744676e-14
283.2858233699903,64.38442980300013,3.4428170845711286,-4.051197740188849,22.318629306820505,5.0524602779234026e-14
283.35500045564294,64.69314471600411,3.4516418191605944,-4.012239064370516,22.269778497424834,1.6841534259744676e-14
283.4260402782242,65.00181621713689,3.4606054641424615,-3.9726325078221305,22.21940158217484,1.6841534259744676e-14
283.49901842268486,65.31044242231734,3.46970889080058,-3.932359868594121,22.167495326700358,3.368306851948935e-14
283.57401426440407,65.61902134989607,3.478952970418805,-3.891402085868673,22.114056501683347,1.6841534259744676e-14
283.651111209553,65.92755091428074,3.488338574280983,-3.8497391882746985,22.059081879387094,8.420767129872338e-14
283.7303969538306,66.23602891906624,3.4978665736709678,-3.80735023827331,22.002568229650958,3.368306851948935e-14
283.8119637612212,66.54445304962545,3.50753783987261,-3.7642132722628143,21.944512315277738,1.0104920555846805e-13
283.8959087645932,66.85282086511013,3.5173532441697604,-3.720305236016877,21.884910886730086,0.0
283.98233429015124,67.16112978980787,3.5273136578462725,-3.675601915028805,21.823760676040663,3.368306851948935e-14
284.0713482079633,67.4693771037936,3.5374199521859944,-3.6300778592909806,21.761058389827344,-1.6841534259744676e-14
284.1630643110266,67.77755993280896,3.547672998472779,-3.5837063019879443,21.696800701288723,8.420767129872338e-14
284.2576027255992,68.08567523729401,3.558073667990477,-3.5364590715266644,21.630984241037357,1.6841534259744676e-14
284.35509035582896,68.39371980048888,3.5686228320229407,-3.4883064962640424,21.563605586607245,5.0524602779234026e-14
284.4556613660444,68.70169021551206,3.5793213618540203,-3.4392173012223624,21.494661250447365,1.6841534259744676e-14
284.559457704456,69.00958287131265,3.590170128767568,-3.389158496003975,21.424147666185686,-3.368306851948935e-14
284.66662967244133,69.31739393738108,3.6011700040474333,-3.3380952530284467,21.352061172914883,1.6841534259744676e-14
284.77733654407535,69.62511934708968,3.6123218589774684,-3.2859907751149287,21.278397997213208,5.0524602779234026e-14
284.8917472411103,69.93275477951876,3.623626564841525,-3.2328061513204185,21.203154232569865,-1.6841534259744676e-14
285.01004106923267,70.24029563960664,3.635084992923454,-3.1785001998173614,21.126325815832462,0.0
285.1324085221275,70.54773703644184,3.646698014507106,-3.1230292964498676,21.04790850023395,-1.6841534259744676e-14
285.2590521606791,70.85507375949335,3.658466500876333,-3.066347187445348,20.967897824485604,-1.6841534259744676e-14
285.39018757554715,71.16230025254852,3.670391323314986,-3.0084047845737376,20.886289077340166,5.0524602779234026e-14
285.52604444239614,71.46941058509894,3.6824733531069165,-2.949149940836543,20.803077256931278,6.73661370389787e-14
285.6668676802409,71.7763984208804,3.6947134615359762,-2.888527204529348,20.718257024081133,-1.6841534259744676e-14
285.81291872472434,72.0832569832341,3.707112519886015,-2.826477549250521,20.631822648632717,3.368306851948935e-14
285.964476929703,72.38997901691144,3.7196713994408848,-2.7629380771181618,20.543767947702666,6.73661370389787e-14
286.1218411122955,72.69655674589299,3.732390971484437,-2.6978416921043076,20.45408621456166,-3.368306851948935e-14
286.2853312586069,73.00298182673247,3.745272107300522,-2.631116739990585,20.362770136623396,-3.368306851948935e-14
286.4552904097053,73.30924529686725,3.7583156781729916,-2.5626866109859137,20.269811700755294,6.73661370389787e-14
286.63208675016256,73.6153375172568,3.7715225553856975,-2.492469300515885,20.175202083804272,3.368306851948935e-14
286.81611592463287,73.92124810861696,3.7848936102224915,-2.4203769230826966,20.078931525848166,0.0
287.0078036116099,74.22696588040911,3.7984297139672223,-2.3463151733928838,19.980989183224892,1.1789073981821273e-13
287.20760838776226,74.53247875161587,3.812131737903744,-2.270182728142009,19.88136295784036,1.6841534259744676e-14
287.41602492120677,74.83777366218672,3.826000553315906,-2.1918705809139416,19.780039298592193,5.0524602779234026e-14
287.633587537863,75.14283647386097,3.8400370314875603,-2.111261301577355,19.67700296994437,6.73661370389787e-14
287.8608742117915,75.44765185886993,3.8542420437025573,-2.0282282103204894,19.572236781716317,0.0
288.09851103834126,75.7522031747779,3.86861646124475,-1.9426344550294887,19.465721272970505,8.420767129872338e-14
288.34717725822196,76.0564723234319,3.883161155397987,-1.854331979055181,19.35743434144553,3.368306851948935e-14
288.6076109115539,76.36043959165099,3.8978769974461223,-1.7631603644911769,19.247350808226344,3.368306851948935e-14
288.8806152138291,76.66408347087734,3.9127648586730044,-1.6689455338618089,19.135441905193787,-3.368306851948935e-14
