galstreams/tracks/track.st.Pal5.ibata2021.ecsv
# %ECSV 1.0
# ---
# datatype:
# - {name: ra, unit: deg, datatype: float64}
# - {name: dec, unit: deg, datatype: float64}
# - {name: distance, unit: kpc, datatype: float64}
# - {name: pm_ra_cosdec, unit: mas / yr, datatype: float64}
# - {name: pm_dec, unit: mas / yr, datatype: float64}
# - {name: radial_velocity, unit: km / s, datatype: float64}
# delimiter: ','
# meta: !!omap
# - __serialized_columns__:
#     dec:
#       __class__: astropy.coordinates.angles.Latitude
#       unit: &id001 !astropy.units.Unit {unit: deg}
#       value: !astropy.table.SerializedColumn {name: dec}
#     distance:
#       __class__: astropy.coordinates.distances.Distance
#       unit: !astropy.units.Unit {unit: kpc}
#       value: !astropy.table.SerializedColumn {name: distance}
#     pm_dec:
#       __class__: astropy.units.quantity.Quantity
#       unit: !astropy.units.Unit {unit: mas / yr}
#       value: !astropy.table.SerializedColumn {name: pm_dec}
#     pm_ra_cosdec:
#       __class__: astropy.units.quantity.Quantity
#       unit: !astropy.units.Unit {unit: mas / yr}
#       value: !astropy.table.SerializedColumn {name: pm_ra_cosdec}
#     ra:
#       __class__: astropy.coordinates.angles.Longitude
#       unit: *id001
#       value: !astropy.table.SerializedColumn {name: ra}
#       wrap_angle: !astropy.coordinates.Angle
#         unit: *id001
#         value: 360.0
#     radial_velocity:
#       __class__: astropy.units.quantity.Quantity
#       unit: !astropy.units.Unit {unit: km / s}
#       value: !astropy.table.SerializedColumn {name: radial_velocity}
# schema: astropy-2.0
ra,dec,distance,pm_ra_cosdec,pm_dec,radial_velocity
[from data line 141]
223.82076476823124,-6.043948865342892,19.20618488601783,-2.925391301785444,-3.479355605711259,-74.3760954260209
223.8262030287539,-6.0341636744139215,19.214992952364618,-2.9253532317496895,-3.477997513388558,-74.30741225016338
223.83164522729462,-6.024384310071145,19.223786403571467,-2.9253143693803727,-3.47664021560845,-74.23884879396903
223.83709136165612,-6.014610769199525,19.232565249254723,-2.925274716547766,-3.475283712571109,-74.170404944706
223.84254142964207,-6.00484304868409,19.241329499030705,-2.9252342751217224,-3.473928004476861,-74.10208058964272
223.84799542905708,-5.9950811454098325,19.25007916251575,-2.925193046971684,-3.472573091526172,-74.03387561604718
223.853453357707,-5.9853250562616225,19.25881424932619,-2.9251510339666646,-3.47121897391965,-73.96578991118763
223.85891521339846,-5.975574778124417,19.267534769078342,-2.925108237975276,-3.469865651858057,-73.89782336233212
223.86438099393933,-5.965830307883024,19.27624073138855,-2.925064660865701,-3.4685131255422883,-73.829975856749
223.86985069713828,-5.956091642422341,19.284932145873142,-2.925020304505716,-3.4671613951733917,-73.76224728170635
223.87532432080528,-5.946358778627116,19.293609022148445,-2.9249751707626803,-3.4658104609525595,-73.69463752447267
223.88080186275093,-5.936631713382191,19.30227136983079,-2.924929261503545,-3.464460323081129,-73.62714647231574
223.88628332078721,-5.926910443572254,19.310919198536517,-2.924882578594839,-3.4631109817605794,-73.55977401250388
223.89176869272686,-5.917194966082097,19.31955251788194,-2.9248351239026933,-3.4617624371925477,-73.49252003230544
223.89725797638374,-5.907485277796355,19.3281713374834,-2.9247868992928168,-3.4604146895788053,-73.42538441898839
223.90275116957264,-5.897781375599733,19.336775666957223,-2.9247379066305155,-3.4590677391212763,-73.35836705982102
223.90824827010934,-5.888083256376915,19.345365515919745,-2.924688147780684,-3.4577215860220303,-73.2914678420716
223.9137492758107,-5.878390917012468,19.353940893987293,-2.924637624607807,-3.456376230483282,-73.2246866530081
223.91925418449446,-5.868704354391059,19.36250181077619,-2.9245863389759674,-3.4550316727074013,-73.15802337989908
223.92476299397947,-5.859023565397205,19.371048275902787,-2.924534292748835,-3.453687912896896,-73.09147791001226
223.93027570208537,-5.849348546915537,19.379580298983385,-2.9244814877896776,-3.4523449512544273,-73.02505013061611
223.935792306633,-5.839679295830531,19.388097889634334,-2.9244279259613597,-3.451002787982803,-72.95873992897882
223.94131280544403,-5.83001580902677,19.396601057471965,-2.9243736091263357,-3.44966142328498,-72.89254719236853
223.9468371963412,-5.820358083388702,19.4050898121126,-2.92431853914666,-3.4483208573640614,-72.82647180805345
223.95236547714805,-5.810706115800872,19.41356416317258,-2.9242627178839875,-3.4469810904233027,-72.76051366330181
223.95789764568931,-5.801059903147687,19.422024120268222,-2.924206147199566,-3.445642122666107,-72.69467264538171
223.9634336997905,-5.791419442313635,19.430469693015873,-2.9241488289542468,-3.444303954296025,-72.62894864156137
223.9689736372781,-5.781784730183187,19.438900891031842,-2.9240907650084775,-3.442966585516758,-72.56334153910895
223.9745174559798,-5.7721557636407,19.447317723932475,-2.9240319572223075,-3.4416300165321583,-72.49785122529279
223.98006515372384,-5.762532539570648,19.455720201334103,-2.9239724074553877,-3.4402942475462255,-72.43247758738082
223.98561672833978,-5.752915054857368,19.464108332853048,-2.923912117566971,-3.438959278763111,-72.36722051264147
223.99117217765783,-5.743303306385306,19.472482128105643,-2.9238510894159124,-3.437625110387116,-72.30207988834275
223.99673149950945,-5.733697291038774,19.480841596708224,-2.923789324860673,-3.436291742622692,-72.23705560175314
224.00229469172672,-5.724097005702198,19.48918674827711,-2.923726825759319,-3.434959175674443,-72.17214754014047
224.00786175214293,-5.714502447259868,19.49751759242865,-2.9236635939695135,-3.4336274097471184,-72.10735559077311
224.01343267859215,-5.70491361259616,19.505834138779154,-2.9235996313485364,-3.432296445045627,-72.0426796409192
224.01900746890936,-5.695330498595444,19.51413639694497,-2.923534939753268,-3.4309662817750217,-71.97811957784694
224.02458612093065,-5.685753102141985,19.52242437654241,-2.9234695210402,-3.4296369201405126,-71.91367528882463
224.0301686324928,-5.6761814201201695,19.53069808718782,-2.923403377065429,-3.4283083603474553,-71.84934666112026
224.03575500143373,-5.666615449414248,19.538957538497517,-2.9233365096846633,-3.4269806026013634,-71.78513358200225
224.04134522559212,-5.657055186908597,19.54720274008785,-2.9232689207532188,-3.4256536471078975,-71.72103593873862
224.0469393028077,-5.647500629487459,19.555433701575133,-2.9232006121260232,-3.4243274940728736,-71.65705361859756
224.0525372309209,-5.6379517740352005,19.563650432575702,-2.923131585657616,-3.4230021437022606,-71.59318650884737
224.05813900777338,-5.628408617436062,19.571852942705892,-2.9230618432021487,-3.421677596202177,-71.52943449675615
224.0637446312074,-5.618871156574402,19.580041241582023,-2.922991386613386,-3.4203538517788967,-71.46579746959219
224.06935409906637,-5.6093393883344564,19.588215338820433,-2.922920217744707,-3.419030910638848,-71.40227531462357
224.07496740919441,-5.5998133096005525,19.596375244037446,-2.9228483384491044,-3.417708772988609,-71.3388679191184
224.08058455943663,-5.59029291725702,19.6045209668494,-2.9227757505791856,-3.4163874390349114,-71.27557517034519
224.08620554763908,-5.58077820818809,19.612652516872625,-2.9227024559871726,-3.415066908984644,-71.2123969555718
224.09183037164857,-5.571269179278133,19.62076990372345,-2.92262845652491,-3.413747183044845,-71.14933316206664
224.09745902931294,-5.5617658274113815,19.628873137018196,-2.922553754043854,-3.412428261422711,-71.08638367709764
224.10309151848082,-5.552268149472207,19.63696222637321,-2.9224783503950813,-3.411110144325588,-71.02354838793332
224.10872783700185,-5.542776142344853,19.64503718140481,-2.9224022474292894,-3.4097928319609805,-70.96082718184167
224.11436798272632,-5.533289802913703,19.653098011729334,-2.922325446996793,-3.408476324536546,-70.89821994609088
224.1200119535057,-5.52380912806301,19.661144726963105,-2.922247950947529,-3.4071606222600948,-70.83572656794908
224.1256597471921,-5.514334114677126,19.669177336722452,-2.922169761131056,-3.4058457253395966,-70.77334693468478
224.13131136163852,-5.504864759640427,19.677195850623722,-2.9220908793965523,-3.4045316339831686,-70.7110809335658
224.13696679469905,-5.495401059837181,19.68520027828323,-2.922011307592823,-3.4032183483990956,-70.64892845186053
224.14262604422834,-5.485943012151805,19.69319062931731,-2.921931047568291,-3.4019058687957995,-70.58688937683705
224.14828910808217,-5.476490613468594,19.70116691334229,-2.92185010117101,-3.4005941953818755,-70.52496359576371
224.153955984117,-5.467043860671979,19.709129139974504,-2.9217684702486557,-3.399283328366066,-70.4631509959086
224.15962667019022,-5.457602750646275,19.717077318830285,-2.9216861566485304,-3.3979732679572696,-70.40145146453975
224.16530116416007,-5.448167280275937,19.725011459525955,-2.9216031622175613,-3.39666401436454,-70.33986488892565
224.17097946388571,-5.438737446445302,19.732931571677852,-2.921519488802306,-3.3953555677970932,-70.2783911563343
224.176661567227,-5.429313246038851,19.74083766490231,-2.921435138248948,-3.3940479284642913,-70.21703015403405
224.1823474720448,-5.419894675940948,19.748729748815645,-2.9213501124032994,-3.392741096575663,-70.15578176929283
224.18803717620068,-5.410481733036069,19.75660783303419,-2.9212644131108036,-3.3914350723408866,-70.094645889379
224.19373067755714,-5.401074414208703,19.764471927174295,-2.921178042216535,-3.3901298559698017,-70.0336224015608
224.19942797397755,-5.391672716343259,19.772322040852274,-2.9210910015651956,-3.388825447672402,-69.97271119310635
224.20512906332596,-5.3822766363242955,19.78015818368446,-2.9210032930011245,-3.3875218476588382,-69.91191215128384
224.21083394346743,-5.372886171036251,19.787980365287172,-2.920914918368288,-3.3862190561394225,-69.8512251633613
224.21654261226774,-5.363501317363719,19.79578859527676,-2.9208258795102893,-3.384917073324619,-69.79065011660732
224.22225506759358,-5.354122072191178,19.80358288326955,-2.920736178270364,-3.38361589942505,-69.73018689828966
224.22797130731234,-5.344748432403255,19.811363238881864,-2.9206458164913838,-3.382315534651498,-69.66983539567676
224.23369132929244,-5.335380394884469,19.81912967173004,-2.9205547960158547,-3.381015979214906,-69.60959549603673
224.23941513140284,-5.326017956519488,19.8268821914304,-2.9204631186859205,-3.3797172333263656,-69.54946708663789
224.24514271151355,-5.316661114192876,19.834620807599283,-2.9203707863433603,-3.378419297197136,-69.48945005474816
224.2508740674953,-5.307309864789309,19.842345529853016,-2.9202778008295924,-3.3771221710386286,-69.42954428763605
224.25660919721955,-5.297964205193491,19.85005636780793,-2.9201841639856743,-3.375825855062417,-69.36974967256947
224.26234809855882,-5.288624132290051,19.857753331080357,-2.920089877652301,-3.3745303494802306,-69.31006609681688
224.2680907693861,-5.279289642963772,19.865436429286618,-2.9199949436698067,-3.373235654503959,-69.25049344764616
224.2738372075755,-5.269960734099336,19.873105672043057,-2.919899363878169,-3.37194177034565,-69.19103161232566
224.27958741100164,-5.260637402581569,19.880761068966,-2.919803140117005,-3.3706486972175083,-69.13168047812353
224.28534137754022,-5.251319645295204,19.888402629671774,-2.919706274225576,-3.3693564353319037,-69.07243993230807
224.29109910506753,-5.242007459125132,19.896030363776713,-2.9196087680427842,-3.368064984901357,-69.01330986214745
224.29686059146073,-5.2327008409561335,19.90364428089714,-2.919510623407178,-3.3667743461385577,-68.9542901549098
224.30262583459768,-5.22339978767315,19.91124439064939,-2.9194118421569453,-3.365484519256343,-68.8953806978632
224.30839483235724,-5.214104296161027,19.918830702649803,-2.919312426129923,-3.3641955044677188,-68.8365813782761
224.31416758261884,-5.204814363304735,19.92640322651469,-2.919212377163594,-3.36290730198585,-68.77789208341656
224.31994408326273,-5.195529985989267,19.9339619718604,-2.9191116970950852,-3.361619912024055,-68.7193127005526
224.32572433217004,-5.186251161099561,19.941506948303253,-2.919010387761175,-3.36033333479582,-68.66084311695273
224.33150832722254,-5.176977885520712,19.949038165459584,-2.918908450998283,-3.359047570514785,-68.60248321988497
224.3372960663029,-5.167710156137715,19.95655563294572,-2.918805888642485,-3.3577626193947543,-68.54423289661744
224.34308754729446,-5.158447969835733,19.964059360377988,-2.9187027025295027,-3.3564784816496878,-68.48609203441833
224.34888276808144,-5.149191323499829,19.971549357372727,-2.918598894494705,-3.3551951574937116,-68.42806052055609
224.35468172654862,-5.1399402140152315,19.979025633546268,-2.918494466373118,-3.3539126471411067,-68.37013824229858
224.3604844205818,-5.130694638267073,19.986488198514927,-2.9183894199994156,-3.3526309508063212,-68.31232508691431
224.3662908480674,-5.121454593140624,19.99393706189505,-2.9182837572079228,-3.351350068703957,-68.25462094167116
224.3721010068925,-5.112220075521185,20.001372233302963,-2.9181774798326208,-3.3500700010487785,-68.1970256938376
224.37791489494518,-5.102991082294,20.008793722354998,-2.918070589707144,-3.3487907480557153,-68.1395392306815
224.38373251011402,-5.093767610344479,20.016201538667477,-2.917963088664778,-3.3475123099398516,-68.08216143947134
224.38955385028856,-5.084549656557944,20.02359569185674,-2.9178549785384664,-3.3462346869164397,-68.02489220747518
224.39537891335894,-5.075337217819883,20.030976191539107,-2.91774626116081,-3.3449578792008876,-67.96773142196128
224.40120769721608,-5.066130291015691,20.038343047330923,-2.9176369383640637,-3.343681887008766,-67.91067897019762
224.40704019975166,-5.056928873030943,20.045696268848502,-2.9175270119801398,-3.342406710555808,-67.85373473945265
224.41287641885816,-5.047732960751108,20.053035865708182,-2.9174164838406083,-3.341132350057907,-67.7968986169945
224.41871635242865,-5.038542551061847,20.060361847526302,-2.917305355776699,-3.339858805731118,-67.7401704900914
224.42455999835704,-5.02935764084872,20.067674223919184,-2.9171936296193026,-3.3385860777916596,-67.68355024601122
224.43040735453795,-5.02017822699743,20.07497300450316,-2.9170813071989663,-3.337314166455912,-67.62703777202262
224.43625841886663,-5.011004306393727,20.08225819889455,-2.9169683903459034,-3.336043071940413,-67.57063295539332
224.4421131892393,-5.001835875923305,20.089529816709703,-2.9168548808899804,-3.3347727944618684,-67.514335683392
224.4479716635526,-4.992672932472034,20.096787867564935,-2.9167407806607333,-3.3335033342371405,-67.45814584328652
224.45383383970415,-4.983515472925697,20.104032361076577,-2.916626091487361,-3.332234691483261,-67.40206332234509
224.45969971559205,-4.974363494170257,20.111263306860977,-2.9165108151987207,-3.330966866417413,-67.3460880078358
224.4655692891154,-4.96521699309159,20.118480714534446,-2.9163949536233384,-3.329699859256952,-67.2902197870273
224.47144255817366,-4.956075966575756,20.125684593713316,-2.9162785085894036,-3.328433670219392,-67.23445854718734
224.47731952066738,-4.9469404115087245,20.13287495401393,-2.916161481924771,-3.327168299522408,-67.17880417558428
224.48320017449754,-4.937810324776617,20.1400518050526,-2.9160438754569635,-3.32590374738384,-67.12325655948639
224.48908451756583,-4.928685703265601,20.14721515644568,-2.915925691013169,-3.32464001402169,-67.06781558616157
224.49497254777486,-4.919566543861801,20.15436501780948,-2.9158069304202456,-3.323377099654123,-67.0124811428782
224.50086426302772,-4.910452843451519,20.161501398760343,-2.915687595504717,-3.322115004499463,-66.9572531169046
224.50675966122836,-4.901344598920977,20.168624308914588,-2.91556768809278,-3.3208537287762057,-66.90213139550866
224.51265874028127,-4.892241807156581,20.17573375788855,-2.9154472100102975,-3.319593272702999,-66.84711586595886
224.5185614980917,-4.88314446504466,20.182829755298567,-2.9153261630828045,-3.318333636498661,-66.79220641552313
224.52446793256567,-4.874052569471726,20.18991231076096,-2.9152045491355087,-3.317074820382171,-66.73740293146986
224.5303780416098,-4.864966117324211,20.196981433892066,-2.915082369993286,-3.3158168245726705,-66.68270530106714
224.53629182313134,-4.8558851054887375,20.20403713430821,-2.914959627480689,-3.3145596492894662,-66.62811341158339
224.54220927503835,-4.846809530851845,20.211079421625726,-2.914836323421943,-3.313303294752026,-66.57362715028621
224.54813039523953,-4.837739390300232,20.218108305460945,-2.914712459640944,-3.3120477611799815,-66.51924640444447
224.55405518164415,-4.828674680720658,20.225123795430186,-2.914588037961269,-3.3107930487931316,-66.46497106132598
224.55998363216239,-4.819615398999829,20.232125901149796,-2.914463060206163,-3.309539157811433,-66.4108010081991
224.56591574470474,-4.810561542024646,20.2391146322361,-2.914337528198552,-3.3082860884550067,-66.3567361323318
224.5718515171828,-4.801513106681938,20.24608999830543,-2.9142114437610362,-3.3070338409441407,-66.30277632099259
224.57779094750845,-4.792470089858722,20.2530520089741,-2.914084808715898,-3.3057824154992854,-66.24892146144936
224.58373403359454,-4.783432488441944,20.260000673858464,-2.913957624885092,-3.3045318123410556,-66.19517144097054
224.58968077335425,-4.7744002993187395,20.26693600257484,-2.913829894090256,-3.303282031690226,-66.14152614682402
224.59563116470179,-4.7653735193761735,20.27385800473956,-2.9137016181527025,-3.3020330737677392,-66.08798546627825
224.60158520555171,-4.756352145501504,20.280766689968953,-2.913572798893428,-3.300784938794701,-66.03454928660135
224.6075428938195,-4.747336174581919,20.287662067879353,-2.913443438133112,-3.299537626992379,-65.98121749506154
