galstreams/tracks/track.st.Gaia-11.ibata2020.ecsv
# %ECSV 0.9
# ---
# datatype:
# - {name: ra, unit: deg, datatype: float64}
# - {name: dec, unit: deg, datatype: float64}
# - {name: distance, unit: kpc, datatype: float64}
# - {name: pm_ra_cosdec, unit: mas / yr, datatype: float64}
# - {name: pm_dec, unit: mas / yr, datatype: float64}
# - {name: radial_velocity, unit: km / s, datatype: float64}
# delimiter: ','
# meta: !!omap
# - __serialized_columns__:
#     dec:
#       __class__: astropy.coordinates.angles.Latitude
#       unit: &id001 !astropy.units.Unit {unit: deg}
#       value: !astropy.table.SerializedColumn {name: dec}
#     distance:
#       __class__: astropy.coordinates.distances.Distance
#       unit: !astropy.units.Unit {unit: kpc}
#       value: !astropy.table.SerializedColumn {name: distance}
#     pm_dec:
#       __class__: astropy.units.quantity.Quantity
#       unit: !astropy.units.Unit {unit: mas / yr}
#       value: !astropy.table.SerializedColumn {name: pm_dec}
#     pm_ra_cosdec:
#       __class__: astropy.units.quantity.Quantity
#       unit: !astropy.units.Unit {unit: mas / yr}
#       value: !astropy.table.SerializedColumn {name: pm_ra_cosdec}
#     ra:
#       __class__: astropy.coordinates.angles.Longitude
#       unit: *id001
#       value: !astropy.table.SerializedColumn {name: ra}
#       wrap_angle: !astropy.coordinates.Angle
#         unit: *id001
#         value: 360.0
#     radial_velocity:
#       __class__: astropy.units.quantity.Quantity
#       unit: !astropy.units.Unit {unit: km / s}
#       value: !astropy.table.SerializedColumn {name: radial_velocity}
# schema: astropy-2.0
ra,dec,distance,pm_ra_cosdec,pm_dec,radial_velocity
[from data line 139]
274.65000038634804,34.412479601930656,12.779230189344455,-3.7295385078009073,4.532489498032368,8.420767129872338e-14
274.6953673524332,34.309939423002874,12.788943367282796,-3.721608529737371,4.535306821155816,-1.6841534259744676e-14
274.7406724036555,34.207396409370396,12.798846676058737,-3.7136992764963956,4.538245807887975,1.6841534259744677e-13
274.785915565075,34.104850471950506,12.808944089773037,-3.7058114210463544,4.541306494343983,0.0
274.8310968609113,34.00230152216423,12.819239582526484,-3.697945637708901,4.5444889178002335,1.347322740779574e-13
274.8762163145486,33.899749471932545,12.829737128419843,-3.6901026021562147,4.547793116682146,1.347322740779574e-13
274.9212739485399,33.79719423367259,12.840440701553893,-3.6822829914082846,4.551219130551877,-5.0524602779234026e-14
274.9662697846118,33.69463572029389,12.851354276029404,-3.674487483830212,4.554767000096027,1.515738083377021e-13
275.01120384366897,33.59207384519448,12.862481825947157,-3.6667167591294874,4.558436767113343,5.0524602779234026e-14
275.05607614579816,33.4895085222572,12.873827325407918,-3.6589714983533264,4.562228474502392,3.368306851948935e-14
275.1008867102729,33.38693966584578,12.885394748512464,-3.6512523838859767,4.5661421662491986,-1.6841534259744676e-14
275.1456355555574,33.28436719080097,12.897188069361578,-3.6435600994460535,4.5701778874149035,3.368306851948935e-14
275.1903226993109,33.18179101243683,12.909211262056012,-3.635895330083879,4.574335684123394,8.420767129872338e-14
275.2349481583915,33.07921104653667,12.92146830069656,-3.6282587621788243,4.578615603548882,1.0104920555846805e-13
275.27951194886,32.976627209349296,12.933963159383989,-3.620651083436684,4.583017693903537,3.368306851948935e-14
275.32401408598406,32.87403941758512,12.94669981221907,-3.6130729828870147,4.587542004425039,3.368306851948935e-14
275.368454584242,32.77144758841221,12.959682233302585,-3.6055251508805166,4.592188585364163,1.0104920555846805e-13
275.4128334573263,32.66885163945241,12.972914396735298,-3.5980082790864074,4.5969574879723325,5.0524602779234026e-14
275.4571507181473,32.56625148877745,12.98640027661799,-3.590523060489798,4.601848764489155,0.0
275.5014063788369,32.463647054904925,13.000143847051431,-3.5830701893890797,4.606862468129963,8.420767129872338e-14
275.545600450752,32.361038256794465,13.0141490821364,-3.575650361393306,4.6119986530733295,6.73661370389787e-14
275.5897329444778,32.2584250138437,13.028419955973668,-3.568264273419588,4.617257374448589,-1.6841534259744676e-14
275.6338038698314,32.15580724588436,13.042960442664002,-3.560912623690494,4.622638688323331,1.6841534259744676e-14
275.6778132358649,32.05318487317827,13.05777451630819,-3.55359611173143,4.6281426516908875,-3.368306851948935e-14
275.7217610508685,31.95055781641341,13.07286615100699,-3.5463154383680515,4.6337693224578445,8.420767129872338e-14
275.76564732237415,31.847925996699885,13.088239320861188,-3.5390713057236454,4.639518759431479,6.73661370389787e-14
275.809472057158,31.745289335565964,13.103897999971553,-3.531864417216546,4.645391022307274,-3.368306851948935e-14
275.8532352612437,31.642647754954027,13.119846162438863,-3.524695477557524,4.65138617165634,3.368306851948935e-14
275.8969369399055,31.540001177216652,13.13608778236389,-3.5175651927471785,4.657504268912906,5.0524602779234026e-14
275.94057709767077,31.437349525112477,13.152626833847401,-3.510474270073345,4.66374537636176,-1.6841534259744676e-14
275.984155738323,31.334692721802273,13.16946729099018,-3.503423418108476,4.670109557125691,1.515738083377021e-13
276.02767286490473,31.232030690844805,13.186613127892993,-3.49641334670704,4.6765968751529465,1.1789073981821273e-13
276.07112847971973,31.12936335619291,13.204068318656624,-3.489444767002905,4.683207395204668,8.420767129872338e-14
276.1145225843361,31.02669064218932,13.221836837381838,-3.482518391406722,4.689941182842331,-3.368306851948935e-14
276.1578551795884,30.924012473562726,13.23992265816941,-3.475634933603316,4.69679830441518,1.515738083377021e-13
276.2011262655808,30.821328775423577,13.258329755120116,-3.468795108549037,4.703778827047675,1.6841534259744676e-14
276.2443358416885,30.718639473260147,13.277062102334728,-3.4619996324691553,4.710882818626907,1.6841534259744676e-14
276.28748390656096,30.615944492934346,13.296123673914026,-3.455249222855203,4.7181103477900574,1.347322740779574e-13
276.33057045812404,30.513243760677693,13.315518443958776,-3.4485445984623424,4.725461483911819,6.73661370389787e-14
276.3735954935816,30.410537203087205,13.335250386569756,-3.441886479306713,4.7329362970918325,1.347322740779574e-13
276.4165590094188,30.307824747121295,13.355323475847738,-3.4352755866627698,4.740534858142146,-1.6841534259744676e-14
276.45946100140293,30.20510632009566,13.3757416858935,-3.428712643060624,4.748257238574624,0.0
276.50230146458665,30.1023818496792,13.39650899080781,-3.4221983722833533,4.756103510588424,8.420767129872338e-14
276.54508039330926,29.999651263889877,13.417629364691448,-3.4157334993643276,4.764073747057433,1.0104920555846805e-13
276.58779778119896,29.89691449109059,13.439106781645183,-3.4093187505845126,4.772168021517725,1.6841534259744676e-14
276.63045362117447,29.794171459985066,13.460945215769787,-3.4029548534697645,4.780386408155016,1.0104920555846805e-13
276.6730479054472,29.691422099613686,13.483148641166043,-3.3966425367881006,4.788728981792131,1.347322740779574e-13
276.715580625523,29.588666339349412,13.50572103193472,-3.39038253054699,4.797195817876492,5.0524602779234026e-14
276.7580517722033,29.485904108893596,13.528666362176587,-3.3841755659906063,4.8057869924675725,3.368306851948935e-14
276.80046133558767,29.38313533827184,13.551988605992422,-3.378022375597059,4.814502582224399,3.368306851948935e-14
276.8428093050748,29.28035995782987,13.575691737483004,-3.3719236930756455,4.823342664393062,-8.420767129872338e-14
276.88509566936426,29.177577898229337,13.599779730749102,-3.3658802533640637,4.832307316794187,0.0
276.927320416458,29.07478909044368,13.624256559891489,-3.3598927926256197,4.841396617810487,1.1789073981821273e-13
276.96948353366184,28.971993465753986,13.64912619901094,-3.3539620482464025,4.850610646374271,1.347322740779574e-13
277.0115850075868,28.86919095574477,13.674392622208229,-3.3480887588324806,4.859949481954985,1.0104920555846805e-13
277.0536248241505,28.766381492299853,13.700059803584127,-3.3422736642070454,4.869413204546769,-6.73661370389787e-14
277.0956029685783,28.66356500759816,13.726131717239417,-3.33651750540756,4.879001894656003,3.368306851948935e-14
277.1375194254049,28.560741434109552,13.752612337274863,-3.330821024682874,4.888715633288917,8.420767129872338e-14
277.1793741784751,28.45791070459062,13.779505637791246,-3.325184965490343,4.898554501939152,1.347322740779574e-13
277.22116721094534,28.35507275208057,13.806815592889334,-3.3196100724929067,4.908518582575385,8.420767129872338e-14
277.26289850528445,28.25222750989693,13.834546176669907,-3.314097091556167,4.918607957628936,1.347322740779574e-13
