galstreams/tracks/track.st.Orinoco.grillmair2017.ecsv
# %ECSV 1.0
# ---
# datatype:
# - {name: ra, unit: deg, datatype: float64}
# - {name: dec, unit: deg, datatype: float64}
# - {name: distance, unit: kpc, datatype: float64}
# - {name: pm_ra_cosdec, unit: mas / yr, datatype: float64}
# - {name: pm_dec, unit: mas / yr, datatype: float64}
# - {name: radial_velocity, unit: km / s, datatype: float64}
# delimiter: ','
# meta: !!omap
# - __serialized_columns__:
#     dec:
#       __class__: astropy.coordinates.angles.Latitude
#       unit: &id001 !astropy.units.Unit {unit: deg}
#       value: !astropy.table.SerializedColumn {name: dec}
#     distance:
#       __class__: astropy.coordinates.distances.Distance
#       unit: !astropy.units.Unit {unit: kpc}
#       value: !astropy.table.SerializedColumn {name: distance}
#     pm_dec:
#       __class__: astropy.units.quantity.Quantity
#       unit: !astropy.units.Unit {unit: mas / yr}
#       value: !astropy.table.SerializedColumn {name: pm_dec}
#     pm_ra_cosdec:
#       __class__: astropy.units.quantity.Quantity
#       unit: !astropy.units.Unit {unit: mas / yr}
#       value: !astropy.table.SerializedColumn {name: pm_ra_cosdec}
#     ra:
#       __class__: astropy.coordinates.angles.Longitude
#       unit: *id001
#       value: !astropy.table.SerializedColumn {name: ra}
#       wrap_angle: !astropy.coordinates.Angle
#         unit: *id001
#         value: 360.0
#     radial_velocity:
#       __class__: astropy.units.quantity.Quantity
#       unit: !astropy.units.Unit {unit: km / s}
#       value: !astropy.table.SerializedColumn {name: radial_velocity}
# schema: astropy-2.0
ra,dec,distance,pm_ra_cosdec,pm_dec,radial_velocity
[from data line 1881]
20.90814585955702,-27.306687890743113,20.599999999999984,0.0,0.0,0.0
20.919336236426886,-27.312793080570337,20.599999999999987,0.0,0.0,0.0
20.930527675343054,-27.3189063434759,20.599999999999984,0.0,0.0,0.0
20.94172017877005,-27.325027683524596,20.599999999999984,0.0,0.0,0.0
20.952913749174943,-27.331157104780846,20.599999999999984,0.0,0.0,0.0
20.96410838902734,-27.33729461130878,20.599999999999987,0.0,0.0,0.0
20.9753041007994,-27.34344020717219,20.59999999999999,0.0,0.0,0.0
20.9865008869658,-27.349593896434488,20.599999999999984,0.0,0.0,0.0
20.997698750003778,-27.35575568315879,20.599999999999984,0.0,0.0,0.0
21.008897692393116,-27.36192557140786,20.599999999999984,0.0,0.0,0.0
21.020097716616153,-27.368103565244102,20.599999999999987,0.0,0.0,0.0
21.031298825157783,-27.374289668729627,20.599999999999987,0.0,0.0,0.0
21.04250102050547,-27.380483885926168,20.59999999999998,0.0,0.0,0.0
21.05370430514921,-27.386686220895132,20.59999999999998,0.0,0.0,0.0
21.064908681581585,-27.39289667769759,20.599999999999984,0.0,0.0,0.0
21.076114152297755,-27.39911526039426,20.599999999999984,0.0,0.0,0.0
21.087320719795436,-27.405341973045545,20.59999999999998,0.0,0.0,0.0
21.098528386574902,-27.41157681971146,20.599999999999987,0.0,0.0,0.0
21.109737155139054,-27.41781980445172,20.599999999999987,0.0,0.0,0.0
21.12094702799333,-27.42407093132569,20.59999999999999,0.0,0.0,0.0
21.132158007645774,-27.430330204392376,20.599999999999984,0.0,0.0,0.0
21.143370096607,-27.436597627710448,20.599999999999984,0.0,0.0,0.0
21.15458329739024,-27.44287320533825,20.599999999999984,0.0,0.0,0.0
21.16579761251129,-27.449156941333733,20.599999999999984,0.0,0.0,0.0
21.177013044488568,-27.455448839754553,20.599999999999987,0.0,0.0,0.0
21.188229595843083,-27.46174890465802,20.599999999999984,0.0,0.0,0.0
21.199447269098435,-27.468057140101056,20.59999999999999,0.0,0.0,0.0
21.210666066780863,-27.474373550140278,20.599999999999987,0.0,0.0,0.0
21.221885991419185,-27.48069813883193,20.599999999999984,0.0,0.0,0.0
21.23310704554485,-27.487030910231915,20.59999999999998,0.0,0.0,0.0
21.244329231691903,-27.493371868395798,20.599999999999984,0.0,0.0,0.0
21.25555255239704,-27.499721017378796,20.599999999999987,0.0,0.0,0.0
21.266777010199576,-27.506078361235765,20.599999999999987,0.0,0.0,0.0
21.278002607641433,-27.512443904021225,20.599999999999987,0.0,0.0,0.0
21.289229347267167,-27.51881764978933,20.599999999999987,0.0,0.0,0.0
21.30045723162399,-27.5251996025939,20.599999999999984,0.0,0.0,0.0
21.311686263261723,-27.531589766488384,20.599999999999984,0.0,0.0,0.0
21.32291644473284,-27.537988145525922,20.599999999999987,0.0,0.0,0.0
21.334147778592474,-27.54439474375927,20.599999999999984,0.0,0.0,0.0
21.345380267398376,-27.550809565240804,20.599999999999984,0.0,0.0,0.0
21.356613913710966,-27.557232614022613,20.599999999999984,0.0,0.0,0.0
21.367848720093324,-27.56366389415639,20.599999999999984,0.0,0.0,0.0
21.379084689111167,-27.570103409693488,20.59999999999998,0.0,0.0,0.0
21.39032182333288,-27.57655116468491,20.599999999999984,0.0,0.0,0.0
21.401560125329528,-27.58300716318128,20.599999999999984,0.0,0.0,0.0
21.412799597674827,-27.589471409232903,20.599999999999984,0.0,0.0,0.0
21.424040242945164,-27.595943906889698,20.599999999999987,0.0,0.0,0.0
21.435282063719615,-27.60242466020125,20.599999999999987,0.0,0.0,0.0
21.446525062579926,-27.608913673216783,20.599999999999984,0.0,0.0,0.0
21.457769242110516,-27.615410949985165,20.599999999999987,0.0,0.0,0.0
21.469014604898497,-27.621916494554885,20.599999999999987,0.0,0.0,0.0
21.48026115353368,-27.62843031097409,20.599999999999984,0.0,0.0,0.0
21.491508890608532,-27.634952403290594,20.59999999999999,0.0,0.0,0.0
21.502757818718273,-27.641482775551815,20.599999999999987,0.0,0.0,0.0
21.514007940460772,-27.64802143180483,20.599999999999984,0.0,0.0,0.0
21.525259258436623,-27.654568376096353,20.599999999999984,0.0,0.0,0.0
21.536511775249117,-27.66112361247273,20.599999999999987,0.0,0.0,0.0
21.547765493504265,-27.667687144979954,20.599999999999987,0.0,0.0,0.0
21.559020415810785,-27.674258977663673,20.599999999999987,0.0,0.0,0.0
21.570276544780125,-27.680839114569146,20.599999999999987,0.0,0.0,0.0
21.58153388302642,-27.68742755974128,20.599999999999984,0.0,0.0,0.0
21.592792433166554,-27.69402431722462,20.599999999999984,0.0,0.0,0.0
21.60405219782015,-27.700629391063355,20.599999999999987,0.0,0.0,0.0
21.61531317960953,-27.7072427853013,20.599999999999984,0.0,0.0,0.0
21.626575381159775,-27.713864503981927,20.599999999999984,0.0,0.0,0.0
21.6378388050987,-27.720494551148292,20.599999999999984,0.0,0.0,0.0
21.649103454056853,-27.727132930843148,20.599999999999984,0.0,0.0,0.0
21.660369330667535,-27.733779647108857,20.599999999999984,0.0,0.0,0.0
21.671636437566807,-27.7404347039874,20.59999999999998,0.0,0.0,0.0
21.682904777393464,-27.747098105520415,20.599999999999984,0.0,0.0,0.0
21.694174352789044,-27.75376985574915,20.59999999999999,0.0,0.0,0.0
21.705445166397904,-27.760449958714524,20.59999999999998,0.0,0.0,0.0
21.71671722086711,-27.767138418457044,20.599999999999984,0.0,0.0,0.0
21.7279905188465,-27.773835239016865,20.599999999999984,0.0,0.0,0.0
21.73926506298871,-27.780540424433784,20.599999999999984,0.0,0.0,0.0
21.75054085594914,-27.787253978747216,20.599999999999984,0.0,0.0,0.0
21.761817900385957,-27.793975905996216,20.599999999999984,0.0,0.0,0.0
21.773096198960136,-27.800706210219467,20.59999999999998,0.0,0.0,0.0
21.784375754335397,-27.807444895455266,20.599999999999984,0.0,0.0,0.0
21.79565656917829,-27.81419196574155,20.599999999999987,0.0,0.0,0.0
21.806938646158148,-27.820947425115886,20.599999999999987,0.0,0.0,0.0
21.818221987947105,-27.827711277615474,20.599999999999984,0.0,0.0,0.0
21.829506597220057,-27.834483527277122,20.599999999999987,0.0,0.0,0.0
21.840792476654777,-27.841264178137287,20.599999999999984,0.0,0.0,0.0
21.852079628931783,-27.848053234232037,20.599999999999984,0.0,0.0,0.0
21.863368056734426,-27.85485069959705,20.599999999999987,0.0,0.0,0.0
21.874657762748896,-27.86165657826768,20.599999999999984,0.0,0.0,0.0
21.885948749664177,-27.86847087427885,20.599999999999984,0.0,0.0,0.0
21.897241020172082,-27.87529359166514,20.599999999999984,0.0,0.0,0.0
21.908534576967256,-27.882124734460753,20.599999999999984,0.0,0.0,0.0
21.91982942274718,-27.888964306699492,20.599999999999984,0.0,0.0,0.0
21.931125560212166,-27.895812312414815,20.599999999999984,0.0,0.0,0.0
21.942422992065364,-27.902668755639752,20.599999999999984,0.0,0.0,0.0
21.953721721012762,-27.909533640407023,20.599999999999984,0.0,0.0,0.0
21.965021749763217,-27.916406970748906,20.599999999999984,0.0,0.0,0.0
21.97632308102842,-27.923288750697346,20.599999999999984,0.0,0.0,0.0
21.98762571752291,-27.93017898428387,20.599999999999987,0.0,0.0,0.0
21.998929661964112,-27.937077675539644,20.599999999999984,0.0,0.0,0.0
22.01023491707228,-27.94398482849546,20.599999999999987,0.0,0.0,0.0
22.021541485570577,-27.950900447181716,20.59999999999999,0.0,0.0,0.0
22.032849370184994,-27.95782453562844,20.599999999999984,0.0,0.0,0.0
22.04415857364443,-27.964757097865238,20.599999999999984,0.0,0.0,0.0
22.055469098680643,-27.971698137921404,20.599999999999984,0.0,0.0,0.0
22.06678094802827,-27.978647659825775,20.599999999999984,0.0,0.0,0.0
22.078094124424865,-27.985605667606855,20.599999999999984,0.0,0.0,0.0
22.089408630610855,-27.992572165292735,20.599999999999987,0.0,0.0,0.0
22.100724469329545,-27.999547156911127,20.599999999999984,0.0,0.0,0.0
22.112041643327156,-28.00653064648937,20.599999999999987,0.0,0.0,0.0
22.123360155352827,-28.013522638054408,20.599999999999984,0.0,0.0,0.0
22.13468000815858,-28.020523135632782,20.599999999999984,0.0,0.0,0.0
22.146001204499353,-28.027532143250674,20.599999999999987,0.0,0.0,0.0
22.157323747133017,-28.034549664933866,20.599999999999984,0.0,0.0,0.0
22.16864763882033,-28.04157570470774,20.599999999999984,0.0,0.0,0.0
22.179972882324996,-28.04861026659731,20.599999999999984,0.0,0.0,0.0
22.191299480413655,-28.055653354627175,20.599999999999984,0.0,0.0,0.0
22.202627435855852,-28.062704972821564,20.599999999999984,0.0,0.0,0.0
22.2139567514241,-28.069765125204327,20.599999999999987,0.0,0.0,0.0
22.225287429893818,-28.07683381579888,20.599999999999987,0.0,0.0,0.0
22.236619474043394,-28.083911048628288,20.599999999999984,0.0,0.0,0.0
22.24795288665415,-28.090996827715216,20.599999999999984,0.0,0.0,0.0
22.259287670510368,-28.098091157081903,20.599999999999987,0.0,0.0,0.0
22.270623828399295,-28.105194040750252,20.599999999999984,0.0,0.0,0.0
22.28196136311112,-28.112305482741718,20.599999999999984,0.0,0.0,0.0
22.293300277439002,-28.11942548707739,20.59999999999998,0.0,0.0,0.0
22.304640574179075,-28.126554057777955,20.599999999999984,0.0,0.0,0.0
22.31598225613045,-28.133691198863726,20.599999999999984,0.0,0.0,0.0
22.327325326095202,-28.14083691435457,20.59999999999999,0.0,0.0,0.0
22.338669786878413,-28.147991208270003,20.59999999999999,0.0,0.0,0.0
22.350015641288117,-28.155154084629135,20.59999999999999,0.0,0.0,0.0
22.361362892135364,-28.162325547450664,20.599999999999987,0.0,0.0,0.0
22.372711542234196,-28.169505600752903,20.599999999999987,0.0,0.0,0.0
22.384061594401636,-28.176694248553744,20.599999999999987,0.0,0.0,0.0
22.39541305145773,-28.183891494870718,20.599999999999987,0.0,0.0,0.0
22.406765916225517,-28.191097343720923,20.59999999999999,0.0,0.0,0.0
22.418120191531077,-28.19831179912108,20.599999999999987,0.0,0.0,0.0
22.429475880203473,-28.205534865087493,20.59999999999999,0.0,0.0,0.0
22.44083298507479,-28.212766545636054,20.59999999999999,0.0,0.0,0.0
22.452191508980157,-28.22000684478229,20.59999999999999,0.0,0.0,0.0
22.463551454757734,-28.227255766541298,20.599999999999987,0.0,0.0,0.0
22.474912825248694,-28.23451331492777,20.59999999999999,0.0,0.0,0.0
22.486275623297264,-28.24177949395601,20.59999999999999,0.0,0.0,0.0
22.497639851750705,-28.249054307639902,20.59999999999999,0.0,0.0,0.0
22.509005513459325,-28.256337759992935,20.599999999999987,0.0,0.0,0.0
22.520372611276496,-28.2636298550282,20.59999999999999,0.0,0.0,0.0
22.53174114805864,-28.27093059675836,20.59999999999999,0.0,0.0,0.0
22.54311112666522,-28.278239989195697,20.59999999999999,0.0,0.0,0.0
22.554482549958795,-28.285558036352057,20.59999999999999,0.0,0.0,0.0
22.565855420804965,-28.292884742238904,20.59999999999999,0.0,0.0,0.0
22.57722974207244,-28.300220110867286,20.599999999999987,0.0,0.0,0.0
22.588605516632956,-28.30756414624784,20.599999999999987,0.0,0.0,0.0
22.599982747361377,-28.3149168523908,20.599999999999987,0.0,0.0,0.0
22.611361437135635,-28.322278233305962,20.599999999999984,0.0,0.0,0.0
22.622741588836757,-28.32964829300276,20.599999999999987,0.0,0.0,0.0
22.634123205348857,-28.337027035490166,20.599999999999987,0.0,0.0,0.0
22.645506289559172,-28.344414464776793,20.59999999999999,0.0,0.0,0.0
22.656890844358024,-28.351810584870794,20.59999999999999,0.0,0.0,0.0
22.668276872638856,-28.35921539977994,20.599999999999984,0.0,0.0,0.0
22.679664377298213,-28.366628913511576,20.59999999999999,0.0,0.0,0.0
22.691053361235777,-28.37405113007263,20.599999999999987,0.0,0.0,0.0
22.702443827354333,-28.381482053469632,20.599999999999987,0.0,0.0,0.0
