galstreams/tracks/track.st.Turranburra.shipp2019.ecsv
# %ECSV 0.9
# ---
# datatype:
# - {name: ra, unit: deg, datatype: float64}
# - {name: dec, unit: deg, datatype: float64}
# - {name: distance, unit: kpc, datatype: float64}
# - {name: pm_ra_cosdec, unit: mas / yr, datatype: float64}
# - {name: pm_dec, unit: mas / yr, datatype: float64}
# - {name: radial_velocity, unit: km / s, datatype: float64}
# delimiter: ','
# meta: !!omap
# - __serialized_columns__:
#     dec:
#       __class__: astropy.coordinates.angles.Latitude
#       unit: &id001 !astropy.units.Unit {unit: deg}
#       value: !astropy.table.SerializedColumn {name: dec}
#     distance:
#       __class__: astropy.coordinates.distances.Distance
#       unit: !astropy.units.Unit {unit: kpc}
#       value: !astropy.table.SerializedColumn {name: distance}
#     pm_dec:
#       __class__: astropy.units.quantity.Quantity
#       unit: !astropy.units.Unit {unit: mas / yr}
#       value: !astropy.table.SerializedColumn {name: pm_dec}
#     pm_ra_cosdec:
#       __class__: astropy.units.quantity.Quantity
#       unit: !astropy.units.Unit {unit: mas / yr}
#       value: !astropy.table.SerializedColumn {name: pm_ra_cosdec}
#     ra:
#       __class__: astropy.coordinates.angles.Longitude
#       unit: *id001
#       value: !astropy.table.SerializedColumn {name: ra}
#       wrap_angle: !astropy.coordinates.Angle
#         unit: *id001
#         value: 360.0
#     radial_velocity:
#       __class__: astropy.units.quantity.Quantity
#       unit: !astropy.units.Unit {unit: km / s}
#       value: !astropy.table.SerializedColumn {name: radial_velocity}
# schema: astropy-2.0
ra,dec,distance,pm_ra_cosdec,pm_dec,radial_velocity
[from data line 676]
66.1342036933288,-21.650657397185462,27.500000000008733,0.38430682135235256,-0.944697905894959,-2.805462776988268e-09
66.143587926048,-21.65556048275795,27.500000000008733,0.3843027299859641,-0.9443868376837307,-2.8079637448258404e-09
66.1529718700584,-21.660464519236914,27.500000000008733,0.38429851470653237,-0.9440754817957011,-2.8103973465263734e-09
66.16235552569373,-21.66536950660894,27.500000000008733,0.3842941754492587,-0.9437638382530624,-2.8128141066926468e-09
66.1717388932877,-21.67027544486056,27.500000000008722,0.38428971214933194,-0.9434519070780235,-2.81523086685892e-09
66.18112197317433,-21.675182333978462,27.50000000000872,0.38428512474192655,-0.9431396882928063,-2.817605523189544e-09
66.1905047656875,-21.680090173949196,27.500000000008722,0.3842804131622028,-0.9428271819196481,-2.8199633379859085e-09
66.19988727116143,-21.684998964759505,27.50000000000872,0.3842755773453084,-0.9425143879808022,-2.822304311248013e-09
66.20926948993021,-21.689908706395993,27.50000000000871,0.38427061722637545,-0.9422013064985351,-2.8246200222087275e-09
66.21865142232818,-21.69481939884539,27.500000000008708,0.38426553274052366,-0.9418879374951297,-2.826918891635183e-09
66.22803306868975,-21.699731042094452,27.5000000000087,0.3842603238228589,-0.9415742809928827,-2.8292009195273784e-09
66.23741442934934,-21.704643636129855,27.5000000000087,0.38425499040847194,-0.9412603370141059,-2.8314408435839245e-09
66.24679550464161,-21.70955718093843,27.500000000008697,0.38424953243244137,-0.9409461055811265,-2.8336639261062105e-09
66.25617629490115,-21.714471676506896,27.500000000008697,0.384243949829831,-0.9406315867162862,-2.835878587861367e-09
66.26555680046276,-21.7193871228221,27.50000000000869,0.38423824253569105,-0.9403167804419414,-2.8380679873151337e-09
66.2749370216614,-21.724303519870894,27.50000000000869,0.38423241048505863,-0.9400016867804636,-2.840223703700381e-09
66.2843169588319,-21.729220867640063,27.500000000008683,0.3842264536129557,-0.93968630575424,-2.8423794200856287e-09
66.29369661230945,-21.734139166116545,27.500000000008686,0.38422037185439206,-0.9393706373856706,-2.8444930326352266e-09
66.30307598242908,-21.739058415287175,27.500000000008676,0.3842141651443624,-0.9390546816971733,-2.8465982244176946e-09
66.31245506952618,-21.743978615138904,27.500000000008676,0.3842078334178491,-0.9387384387111782,-2.848678153898773e-09
66.32183387393599,-21.74889976565863,27.50000000000867,0.38420137660981896,-0.9384219084501317,-2.850741241845592e-09
66.33121239599403,-21.75382186683333,27.500000000008672,0.3841947946552266,-0.9381050909364947,-2.8527622259567612e-09
66.34059063603586,-21.758744918650017,27.50000000000866,0.3841880874890128,-0.9377879861927435,-2.854766368533671e-09
66.34996859439703,-21.76366892109561,27.50000000000866,0.3841812550461032,-0.937470594241369,-2.8567620903434503e-09
66.35934627141343,-21.768593874157197,27.50000000000866,0.3841742972614123,-0.9371529151048764,-2.8587325498518405e-09
66.36872366742074,-21.773519777821765,27.500000000008654,0.38416721406983795,-0.9368349488057873,-2.860669326291711e-09
66.37810078275504,-21.778446632076417,27.500000000008654,0.3841600054062664,-0.9365166953666367,-2.862597681964452e-09
66.38747761775223,-21.783374436908176,27.50000000000865,0.3841526712055696,-0.9361981548099763,-2.864517616870063e-09
66.39685417274852,-21.788303192304188,27.500000000008644,0.38414521140260527,-0.9358793271583707,-2.8663786064057646e-09
66.40623044808015,-21.79323289825159,27.500000000008644,0.3841376259322188,-0.9355602124344004,-2.8682395959414663e-09
66.41560644408337,-21.798163554737467,27.500000000008637,0.3841299147292405,-0.9352408106606623,-2.8700837439429084e-09
66.4249821610947,-21.80309516174904,27.500000000008633,0.38412207772848816,-0.9349211218597653,-2.871894208875831e-09
66.43435759945055,-21.808027719273436,27.500000000008633,0.3841141148647643,-0.9346011460543358,-2.8737046738087536e-09
66.44373275948765,-21.81296122729791,27.500000000008626,0.3841060260728603,-0.9342808832670138,-2.8754730349060267e-09
66.45310764154259,-21.81789568580964,27.500000000008622,0.3840978112875514,-0.9339603335204553,-2.87722455446904e-09
66.46248224595222,-21.82283109479589,27.50000000000862,0.38408947044360076,-0.93363949683733,-2.878950811730664e-09
66.47185657305353,-21.827767454243965,27.500000000008612,0.3840810034757577,-0.9333183732403236,-2.8806518066908983e-09
66.48123062318341,-21.832704764141077,27.50000000000861,0.384072410318757,-0.932996962752137,-2.882319118582613e-09
66.49060439667905,-21.837643024474584,27.500000000008605,0.3840636909073211,-0.9326752653954844,-2.8840201135428472e-09
66.49997789387756,-21.842582235231777,27.5000000000086,0.384054845176158,-0.9323532811930969,-2.8856453215989125e-09
66.50935111511632,-21.847522396400052,27.500000000008594,0.38404587305996285,-0.9320310101677198,-2.887262108887848e-09
66.51872406073264,-21.852463507966704,27.50000000000859,0.384036774493416,-0.9317084523421135,-2.8888620546425236e-09
66.52809673106404,-21.857405569919163,27.500000000008587,0.3840275494111851,-0.9313856077390534,-2.89043673809581e-09
66.53746912644817,-21.86234858224485,27.50000000000858,0.38401819774792506,-0.9310624763813296,-2.8920114215490962e-09
66.54684124722262,-21.867292544931143,27.50000000000858,0.3840087194382749,-0.9307390582917474,-2.893552421933863e-09
66.55621309372525,-21.872237457965547,27.500000000008576,0.3839991144168623,-0.9304153534931277,-2.8950597392501097e-09
66.56558466629386,-21.87718332133546,27.50000000000857,0.3839893826183004,-0.9300913620083061,-2.896567056566357e-09
66.57495596526651,-21.882130135028437,27.500000000008562,0.38397952397718876,-0.929767083860132,-2.8980322700469546e-09
66.58432699098118,-21.887077899031922,27.500000000008562,0.38396953842811316,-0.9294425190714717,-2.8994469589247732e-09
66.59369774377608,-21.892026613333464,27.50000000000856,0.38395942590564675,-0.9291176676652055,-2.900912172405371e-09
66.60306822398954,-21.89697627792064,27.500000000008555,0.38394918634434905,-0.9287925296642292,-2.90229317821467e-09
66.61243843195983,-21.901926892780953,27.500000000008548,0.383938819678765,-0.928467105091453,-2.903699446325359e-09
66.62180836802551,-21.90687845790205,27.500000000008544,0.3839283258434273,-0.9281413939698029,-2.905072031367528e-09
66.63117803252501,-21.91183097327149,27.500000000008534,0.3839177047728535,-0.9278153963222201,-2.9063856710397882e-09
66.64054742579714,-21.916784438876924,27.500000000008534,0.38390695640154954,-0.9274891121716584,-2.9077161522463078e-09
66.64991654818051,-21.921738854705964,27.500000000008523,0.38389608066400693,-0.927162541541091,-2.9090213711514384e-09
66.65928540001404,-21.92669422074629,27.500000000008523,0.38388507749470335,-0.9268356844535023,-2.910309748522309e-09
66.66865398163674,-21.931650536985607,27.500000000008512,0.38387394682810466,-0.9265085409318938,-2.9115728635917895e-09
66.67802229338754,-21.936607803411576,27.500000000008512,0.38386268859866046,-0.926181110999281,-2.9128022955927507e-09
66.6873903356057,-21.94156602001196,27.50000000000851,0.38385130274080964,-0.9258533946786955,-2.9140064652923225e-09
66.69675810863035,-21.94652518677445,27.5000000000085,0.3838397891889755,-0.9255253919931836,-2.9152022142247643e-09
66.70612561280093,-21.951485303686855,27.500000000008495,0.3838281478775698,-0.9251971029658062,-2.9163727008558167e-09
66.7154928484568,-21.956446370736906,27.50000000000849,0.383816378740989,-0.9248685276196398,-2.9175095044183497e-09
66.72485981593752,-21.96140838791241,27.500000000008484,0.3838044817136177,-0.9245396659777753,-2.9186547287480123e-09
66.7342265155828,-21.96637135520124,27.500000000008484,0.3837924567298263,-0.9242105180633191,-2.9197578492420254e-09
66.74359294773224,-21.971335272591155,27.50000000000847,0.38378030372397154,-0.9238810838993945,-2.9208609697360386e-09
66.75295911272578,-21.976300140070073,27.50000000000847,0.38376802263039744,-0.9235513635091361,-2.921913565627273e-09
66.76232501090327,-21.981265957625812,27.50000000000846,0.3837556133834339,-0.9232213569156973,-2.922957740751377e-09
66.7716906426048,-21.986232725246317,27.500000000008455,0.38374307591739826,-0.9228910641422441,-2.9239766535740913e-09
66.78105600817041,-21.991200442919453,27.500000000008455,0.38373041016659304,-0.9225604852119583,-2.924987145629676e-09
66.79042110794038,-21.996169110633172,27.500000000008445,0.3837176160653092,-0.922229620148038,-2.9259471130824815e-09
66.79978594225504,-22.00113872837544,27.500000000008438,0.3837046935478235,-0.9218984689736951,-2.926923922069547e-09
66.80915051145476,-22.00610929613419,27.50000000000843,0.38369164254839855,-0.9215670317121569,-2.9278417856867027e-09
66.81851481588012,-22.01108081389745,27.50000000000843,0.38367846300128433,-0.9212353083866653,-2.9287849116052487e-09
66.82787885587163,-22.016053281653175,27.50000000000842,0.3836651548407179,-0.9209032990204793,-2.929677512921015e-09
66.8372426317701,-22.02102669938945,27.50000000000842,0.38365171800092224,-0.920571003636871,-2.930561693469652e-09
66.84660614391625,-22.026001067094256,27.50000000000841,0.38363815241610694,-0.9202384222591283,-2.9314037701826387e-09
66.85596939265102,-22.030976384755682,27.50000000000841,0.38362445802046874,-0.9199055549105544,-2.9322374261284963e-09
66.86533237831549,-22.035952652361836,27.500000000008402,0.3836106347481907,-0.9195724016144671,-2.9330626613072238e-09
66.87469510125064,-22.040929869900765,27.50000000000839,0.38359668253344337,-0.9192389623942008,-2.933837371883172e-09
66.88405756179775,-22.04590803736064,27.500000000008388,0.38358260131038235,-0.9189052372731024,-2.93462050322625e-09
66.89341976029807,-22.05088715472954,27.500000000008384,0.3835683910131511,-0.9185712262745375,-2.935353109966549e-09
66.90278169709303,-22.055867221995666,27.500000000008374,0.38355405157587946,-0.9182369294218835,-2.936094137473978e-09
66.91214337252408,-22.060848239147145,27.50000000000837,0.38353958293268375,-0.9179023467385352,-2.936801481912887e-09
66.92150478693284,-22.06583020617219,27.50000000000836,0.3835249850176681,-0.9175674782479021,-2.9374751432832767e-09
66.93086594066106,-22.07081312305904,27.50000000000836,0.3835102577649221,-0.9172323239734075,-2.9381488046536667e-09
66.9402268340504,-22.075796989795865,27.500000000008352,0.3834954011085221,-0.9168968839384919,-2.938780362188407e-09
66.94958746744288,-22.080781806370958,27.500000000008345,0.38348041498253216,-0.9165611581666094,-2.939428761257407e-09
66.95894784118036,-22.085767572772546,27.500000000008338,0.3834652993210017,-0.9162251466812307,-2.9400097941893685e-09
66.96830795560498,-22.09075428898891,27.50000000000833,0.38345005405796817,-0.9158888495058404,-2.9405992478884595e-09
66.97766781105896,-22.0957419550084,27.500000000008317,0.3834346791274552,-0.9155522666639393,-2.941146597751901e-09
66.98702740788451,-22.100730570819263,27.50000000000832,0.3834191744634726,-0.9152153981790419,-2.9417023683824726e-09
66.9963867464241,-22.105720136409893,27.50000000000831,0.3834035400000183,-0.9148782440746799,-2.9421991936431354e-09
67.00574582702005,-22.11071065176859,27.500000000008306,0.38338777567107557,-0.9145408043743989,-2.9427128604380575e-09
67.0151046500151,-22.115702116883778,27.500000000008303,0.38337188141061573,-0.9142030791017601,-2.9431675818630703e-09
67.0244632157518,-22.120694531743784,27.500000000008292,0.3833558571525951,-0.9138650682803402,-2.9436391448223433e-09
67.03382152457297,-22.12568789633705,27.500000000008285,0.38333970283095886,-0.9135267719337303,-2.944060183178837e-09
67.04317957682153,-22.13068221065202,27.50000000000828,0.3833234183796379,-0.9131881900855373,-2.9444896423024606e-09
67.05253737284033,-22.135677474677085,27.500000000008267,0.38330700373254967,-0.9128493227593838,-2.9448938391246943e-09
67.06189491297258,-22.14067368840076,27.500000000008257,0.38329045882359924,-0.9125101699789062,-2.945247511344149e-09
67.07125219756128,-22.14567085181146,27.50000000000826,0.3832737835866776,-0.9121707317677576,-2.9456096043307335e-09
67.08060922694985,-22.150668964897733,27.500000000008253,0.38325697795566316,-0.9118310081496057,-2.9459380142487986e-09
67.08996600148151,-22.15566802764805,27.500000000008242,0.38324004186442057,-0.9114909991481336,-2.946232741098344e-09
67.0993225214998,-22.16066804005094,27.50000000000824,0.3832229752468022,-0.9111507047870394,-2.9465274679478897e-09
67.10867878734831,-22.165669002095008,27.500000000008228,0.3832057780366465,-0.9108101250900362,-2.9467969324960456e-09
67.11803479937062,-22.17067091376874,27.50000000000822,0.38318845016777886,-0.9104692600808536,-2.9470579762770715e-09
67.12739055791056,-22.175673775060776,27.500000000008214,0.38317099157401235,-0.910128109783235,-2.947268495455318e-09
67.13674606331189,-22.180677585959664,27.500000000008207,0.3831534021891453,-0.90978667422094,-2.9474790146335653e-09
67.14610131591863,-22.185682346454062,27.500000000008203,0.38313568194696435,-0.909444953417743,-2.9476726922775523e-09
67.15545631607483,-22.19068805653258,27.50000000000819,0.38311783078124184,-0.9091029473974342,-2.9478411076201495e-09
67.1648110641246,-22.19569471618387,27.500000000008182,0.3830998486257385,-0.9087606561838182,-2.9479842606613573e-09
67.17416556041225,-22.200702325396602,27.50000000000818,0.3830817354141999,-0.9084180798007153,-2.948085309866916e-09
67.18351980528207,-22.20571088415945,27.500000000008175,0.38306349108036053,-0.9080752182719618,-2.948211621373864e-09
67.19287379907853,-22.21072039246113,27.50000000000816,0.38304511555794063,-0.9077320716214083,-2.948278987510903e-09
67.20222754214616,-22.21573085029035,27.500000000008153,0.383026608780647,-0.9073886398729211,-2.9483716159493317e-09
67.21158103482963,-22.220742257635845,27.500000000008143,0.38300797068217474,-0.9070449230503819,-2.948396878250721e-09
67.22093427747366,-22.225754614486373,27.50000000000814,0.38298920119620455,-0.9067009211776872,-2.9484137197849808e-09
67.2302872704231,-22.230767920830683,27.50000000000813,0.38297030025640416,-0.9063566342787497,-2.9484137197849808e-09
67.2396400140229,-22.235782176657583,27.500000000008125,0.3829512677964294,-0.9060120623774959,-2.948396878250721e-09
67.24899250861809,-22.240797381955858,27.500000000008118,0.38293210374992137,-0.9056672054978698,-2.9483379328808123e-09
67.25834475455378,-22.24581353671434,27.500000000008107,0.3829128080505092,-0.9053220636638291,-2.948287408278033e-09
67.26769675217524,-22.25083064092185,27.500000000008104,0.3828933806318089,-0.9049766368993466,-2.9481947798396044e-09
67.27704850182779,-22.25584869456725,27.500000000008093,0.38287382142742327,-0.9046309252284117,-2.9481105721683054e-09
67.2864000038569,-22.2608676976394,27.500000000008082,0.38285413037094185,-0.9042849286750287,-2.9479758398942277e-09
67.29575125860805,-22.26588765012719,27.50000000000807,0.38283430739594076,-0.9039386472632163,-2.94783268685302e-09
67.3051022664269,-22.270908552019517,27.500000000008068,0.38281435243598433,-0.9035920810170098,-2.9476726922775523e-09
67.31445302765918,-22.275930403305296,27.500000000008058,0.38279426542462264,-0.9032452299604591,-2.947495856167825e-09
67.32380354265072,-22.280953203973475,27.500000000008054,0.38277404629539363,-0.9028980941176293,-2.947285336989578e-09
67.33315381174747,-22.28597695401299,27.500000000008043,0.3827536949818218,-0.9025506735126022,-2.9470579762770715e-09
67.3425038352954,-22.291001653412817,27.50000000000804,0.3827332114174184,-0.9022029681694727,-2.946822194797435e-09
67.35185361364071,-22.29602730216193,27.50000000000803,0.3827125955356821,-0.901854978112353,-2.9465274679478897e-09
67.36120314712957,-22.30105390024932,27.50000000000802,0.3826918472700983,-0.9015067033653699,-2.946283265701123e-09
67.37055243610834,-22.306081447664027,27.50000000000801,0.38267096655414,-0.9011581439526657,-2.9459801180844477e-09
67.37990148092342,-22.31110994439506,27.500000000008004,0.3826499533212663,-0.9008092998983979,-2.9456601289335126e-09
