galstreams/tracks/track.st.Gaia-2.ibata2021.ecsv
# %ECSV 1.0
# ---
# datatype:
# - {name: ra, unit: deg, datatype: float64}
# - {name: dec, unit: deg, datatype: float64}
# - {name: distance, unit: kpc, datatype: float64}
# - {name: pm_ra_cosdec, unit: mas / yr, datatype: float64}
# - {name: pm_dec, unit: mas / yr, datatype: float64}
# - {name: radial_velocity, unit: km / s, datatype: float64}
# delimiter: ','
# meta: !!omap
# - __serialized_columns__:
#     dec:
#       __class__: astropy.coordinates.angles.Latitude
#       unit: &id001 !astropy.units.Unit {unit: deg}
#       value: !astropy.table.SerializedColumn {name: dec}
#     distance:
#       __class__: astropy.coordinates.distances.Distance
#       unit: !astropy.units.Unit {unit: kpc}
#       value: !astropy.table.SerializedColumn {name: distance}
#     pm_dec:
#       __class__: astropy.units.quantity.Quantity
#       unit: !astropy.units.Unit {unit: mas / yr}
#       value: !astropy.table.SerializedColumn {name: pm_dec}
#     pm_ra_cosdec:
#       __class__: astropy.units.quantity.Quantity
#       unit: !astropy.units.Unit {unit: mas / yr}
#       value: !astropy.table.SerializedColumn {name: pm_ra_cosdec}
#     ra:
#       __class__: astropy.coordinates.angles.Longitude
#       unit: *id001
#       value: !astropy.table.SerializedColumn {name: ra}
#       wrap_angle: !astropy.coordinates.Angle
#         unit: *id001
#         value: 360.0
#     radial_velocity:
#       __class__: astropy.units.quantity.Quantity
#       unit: !astropy.units.Unit {unit: km / s}
#       value: !astropy.table.SerializedColumn {name: radial_velocity}
# schema: astropy-2.0
ra,dec,distance,pm_ra_cosdec,pm_dec,radial_velocity
[from data line 832]
5.993240808037348,-15.76050612546849,7.073813198192621,0.08466107260362321,-0.024919056429881792,794.4221755886105
5.998827820853845,-15.76897734738327,7.0740836767407345,0.08549706326702688,-0.023811734343383684,780.6546406374115
6.0044147042707685,-15.77744879356843,7.074353698448735,0.08633171879228474,-0.022704462836681927,766.5856193318659
6.01000145261371,-15.785920467623596,7.074623259927019,0.08716502501664536,-0.021597258254915985,752.2132489814461
6.015588060207687,-15.794392373149002,7.074892357785983,0.08799696777921939,-0.02049013694492796,737.5356668956259
6.021174521377155,-15.802864513745531,7.075160988636026,0.08882753292099066,-0.019383115255266148,722.5510103838775
6.026760830445995,-15.811336893014683,7.075429149087545,0.08965670628481259,-0.018276209536201016,707.2574167556743
6.032346981737518,-15.819809514558585,7.075696835750935,0.09048447371541535,-0.017169436139704786,691.6530233204896
6.037932969574465,-15.828282381979998,7.075964045236596,0.09131082105940624,-0.016062811419478962,675.7359673877962
6.043518788279,-15.83675549888232,7.076230774154925,0.09213573416527265,-0.014956351730926798,659.5043862670668
6.049104432172717,-15.845228868869565,7.076497019116318,0.09295919888338422,-0.013850073431175502,642.9564172677752
6.054689895576633,-15.853702495546397,7.076762776731174,0.09378120106599552,-0.012743992879070909,626.0901976993938
6.06027517281119,-15.862176382518099,7.077028043609889,0.09460172656724919,-0.01163812643518547,608.9038648713962
6.065860258196255,-15.870650533390593,7.077292816362862,0.09542076124317589,-0.010532490461807598,591.3955560932548
6.071445146051119,-15.879124951770434,7.077557091600487,0.09623829095170122,-0.009427101322951437,573.5634086744429
6.077029830694485,-15.887599641264817,7.077820865933166,0.09705430155264483,-0.008321975384355085,555.4055599244336
6.08261430644449,-15.896074605481566,7.0780841359712925,0.09786877890772194,-0.007217129013485035,536.9201471527001
6.088198567618681,-15.90454984802914,7.078346898325266,0.09868170888055006,-0.006112578579540617,518.1053076687151
6.093782608534025,-15.913025372516636,7.078609149605484,0.0994930773366478,-0.005008340453442006,498.9591787819521
6.099366423506916,-15.921501182553802,7.078870886422341,0.10030287014343786,-0.0039044310078453215,479.4798978018835
6.1049500068531515,-15.929977281751007,7.079132105386237,0.10111107317024959,-0.0028008666171404073,459.66560203798275
6.110533352887953,-15.938453673719259,7.0793928031075675,0.10191767228832505,-0.0016976636574521642,439.51442879972285
6.116116455925957,-15.946930362070221,7.079652976196733,0.10272265337081277,-0.0005948385066361084,419.02451539657346
6.121699310281209,-15.955407350416177,7.0799126212641275,0.1035260022927802,0.000507592455710526,398.1939991380142
6.127281910267173,-15.963884642370072,7.0801717349201505,0.10432770493120946,0.0016096128482558925,377.02101733351486
6.13286425019672,-15.972362241545476,7.0804303137751985,0.10512774716500028,0.0027112062879255383,355.5037072925486
6.13844632438214,-15.980840151556604,7.080688354439667,0.10592611487497505,0.003812356389903737,333.64020632458835
6.144028127135124,-15.989318376018327,7.080945853523956,0.10672279394388018,0.0049130467676370415,311.4286517391074
6.149609652766779,-15.997796918546141,7.081202807638463,0.10751777025638687,0.006013261032822292,288.8671808455783
6.155190895587616,-16.0062757827562,7.081459213393583,0.10831102969909567,0.007112982795415501,265.95393095347447
6.160771849907557,-16.014754972265298,7.081715067399715,0.10910255816053627,0.008212195663621413,242.68703937226857
6.166352510035925,-16.02323449069087,7.081970366267255,0.10989234153117233,0.009310883243903945,219.06464341143413
6.171932870281455,-16.031714341651007,7.082225106606603,0.11068036570340212,0.010409029140971082,195.08488038044388
6.177512924952281,-16.040194528764435,7.082479285028154,0.11146661657156132,0.011506616957785099,170.74588758877096
6.183092668355943,-16.04867505565054,7.0827328981423054,0.11225108003192513,0.012603630295555446,146.04580234588832
6.18867209479938,-16.057155925929347,7.082985942559456,0.11303374198271143,0.013700052753737202,120.98276196126947
6.194251198588939,-16.06563714322153,7.08323841489,0.11381458832408103,0.014795867930032514,95.55490374438659
6.199829974030358,-16.074118711148415,7.083490311744339,0.11459360495814205,0.015891059420388043,69.7603650047132
6.205408415428785,-16.08260063333198,7.083741629732869,0.11537077778895069,0.016985610818993746,43.59728305172233
6.210986517088759,-16.091082913394864,7.083992365465986,0.1161460927225142,0.01807950571828204,17.063795194887003
6.216564273314218,-16.099565554960318,7.084242515554087,0.11691953566679286,0.019172727708925336,-9.84196125631979
6.222141678408494,-16.108048561652293,7.084492076607573,0.11769109253170199,0.020265260379836614,-37.12184899242492
6.227718726674325,-16.116531937095367,7.084741045236834,0.1184607492291145,0.02135708731816688,-64.7777307039555
6.233295412413827,-16.125015684914775,7.084989418052275,0.11922849167286251,0.022448192109304155,-92.81146908143828
6.238871729928518,-16.133499808736396,7.085237191664288,0.11999430577874015,0.023538558336874238,-121.2249268154004
6.244447673519313,-16.141984312186786,7.0854843626832755,0.12075817746450529,0.02462816958273506,-150.01996659636868
6.25002323748651,-16.15046919889314,7.085730927719632,0.12152009264988167,0.025717009426982296,-179.19845111487027
6.255598416129803,-16.15895447248331,7.085976883383752,0.12228003725656156,0.02680506144793937,-208.76224306143195
6.261173203748267,-16.167440136585803,7.086222226286038,0.12303799720820674,0.0278923092221659,-238.71320512658002
6.266747594640375,-16.1759261948298,7.086466953036885,0.12379395843045171,0.028978736324448917,-269.05320000084316
6.272321583103984,-16.184412650845108,7.08671106024669,0.124547906850906,0.030064326327806423,-299.7840903747467
6.277895163436331,-16.192899508262222,7.08695454452585,0.125299828399154,0.031149062803484284,-330.9077389388185
6.283468329934048,-16.201386770712286,7.087197402484762,0.12604970900676027,0.03223292932095534,-362.42600838358504
6.2890410768931435,-16.209874441827086,7.087439630733826,0.1267975346072694,0.03331590944791829,-394.3407613995737
6.294613398609014,-16.218362525239094,7.087681225883435,0.1275432911362091,0.034397986750295484,-426.6538606773112
6.300185289376431,-16.22685102458143,7.087922184543992,0.12828696453109023,0.03547914479223824,-459.36716890732464
6.305756743489554,-16.235339943487872,7.0881625033258935,0.12902854073141157,0.03655936713611574,-492.4825487801406
6.311327755241921,-16.24382928559287,7.08840217883953,0.12976800567866098,0.037638637342520376,-526.0018629862866
6.3168983189264445,-16.252319054531526,7.088641207695307,0.13050534531631763,0.03871693897026507,-559.9269742162894
6.3224684288354185,-16.260809253939605,7.088879586503616,0.13124054558985,0.039794255576385495,-594.2597451606755
6.328038079260517,-16.269299887453556,7.089117311874856,0.13197359244672668,0.04087057071613387,-629.0020385099723
6.333607264492777,-16.277790958710455,7.089354380419427,0.13270447183640632,0.04194586794297894,-664.1557169547068
6.339175978822625,-16.286282471348073,7.0895907887477225,0.13343316971035257,0.04302013080860867,-699.7226431854058
6.344744216539849,-16.29477442900484,7.089826533470144,0.13415967202202594,0.04409334286292488,-735.7046798925969
6.350311971933618,-16.30326683531984,7.0900616111970844,0.1348839647268898,0.045165487654050374,-772.1036897668057
6.355879239292466,-16.311759693932835,7.090296018538945,0.13560603378241343,0.04623654872831651,-808.9215354985597
6.3614460129043024,-16.320253008484254,7.09052975210612,0.1363258651480712,0.04730650963026495,-846.160079778387
6.367012287056402,-16.328746782615188,7.090762808509009,0.1370434447853457,0.04837535390265746,-883.8211852968125
6.372578056035408,-16.337241019967394,7.0909951843580075,0.1377587586577298,0.049443065086463456,-921.9067147443649
6.378143314127334,-16.345735724183303,7.091226876263515,0.13847179273073174,0.05050962672086268,-960.4185308115706
6.383708055617553,-16.35423089890602,7.091457880835926,0.13918253297186478,0.05157502234323985,-999.3584961889566
6.389272274790806,-16.362726547779317,7.09168819468564,0.13989096535066725,0.05263923548919891,-1038.7284735670576
6.3948359659311995,-16.37122267444762,7.091917814423053,0.14059707583868875,0.05370224969254167,-1078.5303256363845
6.4003991233222,-16.379719282556042,7.092146736658565,0.14130085040950613,0.05476404848529093,-1118.7659150874726
6.405961741246636,-16.38821637575037,7.092374958002569,0.14200227503870533,0.05582461539765049,-1159.4371046108497
6.4115238139866975,-16.396713957677054,7.092602475065466,0.1427013357039053,0.056883933958058464,-1200.5457568970407
6.4170853358239315,-16.40521203198323,7.092829284457652,0.1433980183847483,0.05794198769313752,-1242.093734636575
6.422646301039241,-16.413710602316677,7.093055382789525,0.1440923090628945,0.05899876012772687,-1284.082900519977
6.428206703912894,-16.422209672325888,7.093280766671481,0.14478419372204776,0.06005423478485916,-1326.5151172377755
6.433766538724506,-16.43070924566,7.093505432713916,0.14547365834792814,0.06110839518576938,-1369.3922474804976
6.43932579975305,-16.439209325968836,7.093729377527232,0.14616068892829315,0.062161224849905494,-1412.7161539386682
6.444884481276852,-16.44770991690289,7.093952597721824,0.1468452714529338,0.0632127072949018,-1456.4886993028165
6.450442577573592,-16.456211022113347,7.09417508990809,0.14752739191367858,0.06426282603660383,-1500.711746263468
6.456000082920301,-16.464712645252046,7.094396850696423,0.14820703630438903,0.06531156458904519,-1545.387157511151
6.46155699159336,-16.473214789971525,7.094617876697224,0.14888419062096325,0.06635890646447073,-1590.5167957363913
6.467113297868493,-16.48171745992497,7.094838164520893,0.14955884086134485,0.06740483517331697,-1636.1025236297166
6.472668996020783,-16.490220658766276,7.095057710777821,0.1502309730255229,0.0684493342242174,-1682.1462038816526
6.478224080324647,-16.49872439015,7.095276512078412,0.15090057311551774,0.06949238712400252,-1728.6496991827273
6.483778545053862,-16.507228657731385,7.095494565033058,0.15156762713540672,0.07053397737769451,-1775.6148722234682
6.489332384481533,-16.51573346516634,7.0957118662521586,0.15223212109130646,0.07157408848852675,-1823.0435856944018
6.49488559288012,-16.524238816111474,7.095928412346112,0.15289404099138793,0.07261270395790476,-1870.937702286053
6.5004381645214195,-16.53274471422407,7.096144199925313,0.15355337284586668,0.0736498072854399,-1919.299084688952
6.505990093676573,-16.541251163162073,7.096359225600161,0.15421010266701618,0.07468538196894414,-1968.129595593624
6.511541374616057,-16.549758166584137,7.096573485981055,0.15486421646915804,0.07571941150441575,-2017.431097690596
6.517092001609688,-16.558265728149586,7.096786977678387,0.15551570026867179,0.07675187938602335,-2067.2054536703963
6.522641968926623,-16.56677385151843,7.096999697302558,0.15616454008399305,0.077782769106161,-2117.4545262235506
6.528191270835347,-16.57528254035135,7.097211641463965,0.1568107219356092,0.07881206415541442,-2168.180178040585
6.533739901603688,-16.583791798309722,7.0974228067730065,0.15745423184607965,0.07983974802251481,-2219.3842718120295
6.539287855498804,-16.592301629055616,7.097633189840075,0.15809505584001116,0.08086580419444545,-2271.068670228407
6.544835126787189,-16.60081203625176,7.0978427872755745,0.15873317994408787,0.08189021615632797,-2323.2352359802485
6.550381709734659,-16.609323023561597,7.0980515956899,0.1593685901870403,0.082912967391497,-2375.8858317580775
6.555927598606373,-16.617834594649224,7.098259611693444,0.16000127259968444,0.08393404138147531,-2429.022320252423
6.561472787666806,-16.62634675317945,7.09846683189661,0.16063121321487728,0.08495342160597374,-2482.6465641538125
6.567017271179771,-16.634859502817765,7.098673252909795,0.16125839806757725,0.08597109154287708,-2536.760426152771
6.572561043408402,-16.64337284723034,7.098878871343391,0.16188281319478293,0.08698703466827595,-2591.3657689398265
6.578104098615159,-16.651886790084028,7.099083683807801,0.16250444463558722,0.08800123445642782,-2646.464455205507
6.583646431061827,-16.66040133504639,7.099287686913418,0.16312327843113295,0.08901367437980312,-2702.058347640337
6.58918803500951,-16.668916485785658,7.099490877270645,0.16373930062464837,0.09002433790903908,-2758.1493089348423
6.594728904718641,-16.677432245970763,7.099693251489873,0.16435249726144896,0.09103320851293617,-2814.7392017795546
6.600269034448965,-16.68594861927132,7.099894806181503,0.16496285438891078,0.09204026965853274,-2871.8298888650006
6.605808418459551,-16.69446560935762,7.100095537955929,0.16557035805649,0.09304550481103391,-2929.4232328817016
6.611347051008786,-16.70298321990069,7.100295443423554,0.16617499431572824,0.09404889743377964,-2987.5210965201913
6.616884926354371,-16.711501454572193,7.100494519194771,0.166776749220249,0.09505043098836907,-3046.125342470993
6.622422038753323,-16.720020317044522,7.100692761879978,0.16737560882574343,0.09605008893452904,-3105.2378334246337
6.627958382461972,-16.72853981099074,7.100890168089575,0.16797155919000595,0.09704785473019584,-3164.8604320716418
6.633493951735967,-16.73705994008462,7.101086734433954,0.16856458637290572,0.0980437118314903,-3224.9950011025408
6.639028740830257,-16.7455807080006,7.101282457523519,0.1691546764363956,0.09903764369270363,-3285.6434032078632
6.644562743999113,-16.754102118413847,7.101477333968661,0.16974181544452271,0.10002963376630802,-3346.8075010781317
6.650095955496107,-16.7626241750002,7.10167136037978,0.17032598946341437,0.10101966550296027,-3408.489157403874
6.655628369574125,-16.771146881436195,7.101864533367275,0.17090718456129395,0.10200772235151945,-3470.6902348756275
6.661159980485352,-16.779670241399064,7.102056849541541,0.17148538680848624,0.1029937877589866,-3533.4125961839
6.666690782481285,-16.78819425856673,7.102248305512978,0.17206058227737842,0.10397784517057573,-3596.6581040192286
6.672220769812721,-16.796718936617815,7.102438897891978,0.17263275704248215,0.10495987802970319,-3660.428621072137
6.67774993672976,-16.805244279231644,7.102628623288946,0.1732018971803786,0.10593986977789527,-3724.726010033157
6.683278277481805,-16.813770290088232,7.102817478314272,0.17376798876977517,0.10691780385490546,-3789.552133592812
6.688805786317559,-16.82229697286828,7.103005459578356,0.17433101789144523,0.10789366369867537,-3854.9088544416295
6.694332457485019,-16.830824331253204,7.1031925636916,0.1748909706282724,0.1088674327453063,-3920.798035270137
6.699858285231488,-16.83935236892511,7.103378787264394,0.17544783306524891,0.10983909442907702,-3987.2215387688643
6.705383263803557,-16.847881089566798,7.103564126907137,0.17600159128945414,0.1108086321824544,-4054.1812276283326
6.710907387447112,-16.856410496861777,7.1037485792302295,0.17655223139006537,0.11177602943612897,-4121.678964539073
6.716430650407342,-16.86494059449424,7.103932140844068,0.17709973945838442,0.11274126961889408,-4189.716612191606
6.721953046928716,-16.873471386149095,7.104114808359048,0.1776441015877932,0.11370433615773834,-4258.296033276472
6.727474571255001,-16.882002875511944,7.1042965783855685,0.17818530387379106,0.11466521247785266,-4327.419090484187
6.732995217629253,-16.89053506626908,7.104477447534026,0.17872333241397875,0.11562388200266582,-4397.087646505279
6.738514980293814,-16.899067962107516,7.104657412414818,0.17925817330807092,0.11658032815363129,-4467.303564030275
6.744033853490313,-16.907601566714938,7.104836469638341,0.17978981265787475,0.11753453435056826,-4538.068705749709
6.749551831459666,-16.916135883779756,7.105014615814994,0.1803182365673237,0.11848648401131356,-4609.384934354101
6.755068908442072,-16.924670916991087,7.105191847555175,0.18084343114244028,0.11943616055197026,-4681.254112533978
