galstreams/tracks/track.st.Gaia-9.ibata2024.ecsv
# %ECSV 1.0
# ---
# datatype:
# - {name: ra, unit: deg, datatype: float64}
# - {name: dec, unit: deg, datatype: float64}
# - {name: distance, unit: kpc, datatype: float64}
# - {name: pm_ra_cosdec, unit: mas / yr, datatype: float64}
# - {name: pm_dec, unit: mas / yr, datatype: float64}
# - {name: radial_velocity, unit: km / s, datatype: float64}
# delimiter: ','
# meta: !!omap
# - __serialized_columns__:
#     dec:
#       __class__: astropy.coordinates.angles.Latitude
#       unit: &id001 !astropy.units.Unit {unit: deg}
#       value: !astropy.table.SerializedColumn {name: dec}
#     distance:
#       __class__: astropy.coordinates.distances.Distance
#       unit: !astropy.units.Unit {unit: kpc}
#       value: !astropy.table.SerializedColumn {name: distance}
#     pm_dec:
#       __class__: astropy.units.quantity.Quantity
#       unit: !astropy.units.Unit {unit: mas / yr}
#       value: !astropy.table.SerializedColumn {name: pm_dec}
#     pm_ra_cosdec:
#       __class__: astropy.units.quantity.Quantity
#       unit: !astropy.units.Unit {unit: mas / yr}
#       value: !astropy.table.SerializedColumn {name: pm_ra_cosdec}
#     ra:
#       __class__: astropy.coordinates.angles.Longitude
#       unit: *id001
#       value: !astropy.table.SerializedColumn {name: ra}
#       wrap_angle: !astropy.coordinates.Angle
#         unit: *id001
#         value: 360.0
#     radial_velocity:
#       __class__: astropy.units.quantity.Quantity
#       unit: !astropy.units.Unit {unit: km / s}
#       value: !astropy.table.SerializedColumn {name: radial_velocity}
# schema: astropy-2.0
ra,dec,distance,pm_ra_cosdec,pm_dec,radial_velocity
[from data line 1706]
236.591114765835,58.17555137471154,1.0000000000000009,-11.747672981352531,6.253020358727468,-370.3804611524938
236.59901902732483,58.166363158476244,1.0000000000000007,-11.744309338567215,6.251198521275242,-370.4210722083295
236.60691944844044,58.157174511918534,1.0000000000000007,-11.740946496324028,6.249375597725518,-370.4616685544248
236.6148160332066,58.147985435617464,1.0000000000000007,-11.737584454265516,6.247551590240867,-370.50225017154344
236.62270878564408,58.13879593015176,1.0000000000000007,-11.73422321203449,6.245726500982215,-370.5428170404486
236.63059770976972,58.12960599609929,1.0000000000000007,-11.730862769274221,6.243900332108609,-370.5833691419037
236.6384828095965,58.12041563403735,1.0000000000000007,-11.72750312562828,6.242073085777349,-370.6239064566722
236.6463640891334,58.111224844542754,1.0000000000000009,-11.724144280740619,6.2402447641439736,-370.66442896551763
236.65424155238574,58.10203362819149,1.0000000000000007,-11.720786234255453,6.238415369362265,-370.7049366492031
236.66211520335457,58.092841985559154,1.0000000000000007,-11.717428985817552,6.236584903584216,-370.74542948849216
236.66998504603748,58.083649917220534,1.0000000000000007,-11.714072535071727,6.234753368960014,-370.7859074641485
236.6778510844279,58.07445742374985,1.0000000000000007,-11.710716881663435,6.232920767638184,-370.8263705569352
236.68571332251548,58.065264505720776,1.0000000000000007,-11.707362025238297,6.231087101765375,-370.86681874761564
236.69357176428596,58.05607116370629,1.0000000000000007,-11.704007965442406,6.229252373486595,-370.9072520169536
236.7014264137211,58.046877398278845,1.0000000000000007,-11.700654701922204,6.227416584944976,-370.94767034571197
236.70927727479906,58.03768321001016,1.0000000000000007,-11.697302234324374,6.225579738282008,-370.9880737146545
236.717124351494,58.02848859947149,1.0000000000000009,-11.69395056229597,6.223741835637327,-371.0284621045447
236.72496764777605,58.01929356723333,1.0000000000000007,-11.690599685484644,6.2219028791488995,-371.06883549614554
236.7328071676119,58.01009811386561,1.0000000000000007,-11.687249603538024,6.220062870952923,-371.10919387022096
236.74064291496393,58.00090223993776,1.0000000000000007,-11.683900316104367,6.218221813183817,-371.1495372075339
236.74847489379104,57.99170594601841,1.0000000000000007,-11.680551822832195,6.216379707974312,-371.18986548884806
236.75630310804806,57.98250923267578,1.0000000000000007,-11.677204123370352,6.2145365574553395,-371.23017869492685
236.76412756168605,57.973312100477344,1.0000000000000007,-11.673857217368159,6.212692363756155,-371.2704768065336
236.77194825865232,57.964114549989965,1.0000000000000007,-11.670511104475157,6.210847129004229,-371.3107598044316
236.77976520289027,57.95491658178002,1.0000000000000007,-11.667165784341272,6.209000855325328,-371.35102766938445
236.78757839833952,57.94571819641314,1.0000000000000007,-11.663821256616854,6.207153544843486,-371.3912803821555
236.79538784893577,57.936519394454486,1.0000000000000007,-11.660477520952524,6.205305199680986,-371.43151792350807
236.80319355861104,57.927320176468484,1.0000000000000007,-11.657134576999374,6.2034558219584,-371.47174027420584
236.81099553129357,57.9181205430191,1.0000000000000009,-11.653792424408648,6.20160541379461,-371.51194741501195
236.81879377090755,57.908920494669545,1.0000000000000007,-11.650451062832197,6.199753977306678,-371.5521393266898
236.82658828137366,57.8997200319825,1.0000000000000004,-11.64711049192206,6.197901514610109,-371.59231599000293
236.83437906660856,57.89051915552012,1.0000000000000009,-11.643770711330719,6.196048027818499,-371.63247738571494
236.84216613052533,57.88131786584379,1.0000000000000007,-11.640431720710927,6.194193519043893,-371.67262349458866
236.84994947703302,57.8721161635145,1.0000000000000007,-11.63709351971586,6.192337990396524,-371.71275429738813
236.85772911003716,57.86291404909243,1.0000000000000007,-11.633756107999039,6.19048144398495,-371.7528697748762
236.86550503343918,57.8537115231374,1.0000000000000007,-11.630419485214391,6.188623881916037,-371.79296990781677
236.8732772511371,57.844508586208406,1.0000000000000007,-11.627083651016038,6.186765306294916,-371.8330546769732
236.88104576702486,57.83530523886393,1.0000000000000007,-11.623748605058701,6.184905719225021,-371.8731240631086
236.88881058499285,57.82610148166196,1.0000000000000007,-11.620414346997224,6.18304512280811,-371.91317804698633
236.89657170892764,57.816897315159714,1.0000000000000007,-11.617080876486943,6.181183519144241,-371.95321660937026
236.90432914271187,57.80769273991399,1.0000000000000007,-11.613748193183584,6.17932091033169,-371.99323973102344
236.91208289022458,57.798487756480874,1.0000000000000007,-11.610416296743155,6.177457298467161,-372.03324739270937
236.91983295534118,57.789282365415836,1.0000000000000004,-11.607085186822026,6.17559268564559,-372.0732395751915
236.92757934193313,57.78007656727394,1.0000000000000007,-11.603754863076912,6.173727073960265,-372.11321625923324
236.93532205386825,57.770870362609415,1.0000000000000007,-11.600425325164949,6.171860465502768,-372.15317742559785
236.94306109501053,57.76166375197611,1.0000000000000007,-11.597096572743611,6.169992862362967,-372.193123055049
236.95079646922034,57.75245673592719,1.0000000000000007,-11.593768605470721,6.168124266629128,-372.23305312835
236.9585281803543,57.743249315015134,1.0000000000000007,-11.590441423004439,6.166254680387759,-372.2729676262642
236.96625623226518,57.734041489792084,1.0000000000000007,-11.587115025003342,6.164384105723705,-372.3128665295548
236.97398062880225,57.72483326080931,1.0000000000000007,-11.58378941112634,6.162512544720151,-372.35274981898556
236.98170137381084,57.71562462861779,1.0000000000000007,-11.58046458103268,6.160639999458638,-372.3926174753199
236.98941847113284,57.70641559376761,1.0000000000000007,-11.577140534381943,6.158766472018968,-372.432469479321
236.99713192460598,57.697206156808555,1.0000000000000007,-11.573817270834262,6.156891964479279,-372.4723058117524
237.0048417380648,57.687996318289635,1.0000000000000007,-11.570494790049816,6.155016478916146,-372.51212645337756
237.0125479153399,57.678786078759295,1.0000000000000009,-11.567173091689398,6.15314001740434,-372.5519313849597
237.02025046025815,57.66957543876557,1.0000000000000007,-11.563852175414048,6.151262582017097,-372.59172058726233
237.02794937664274,57.66036439885563,1.0000000000000009,-11.560532040885285,6.149384174825855,-372.631494041049
237.03564466831327,57.651152959576365,1.0000000000000007,-11.557212687764785,6.14750479790051,-372.6712517270829
237.04333633908558,57.64194112147382,1.0000000000000007,-11.553894115714785,6.14562445330926,-372.7109936261275
237.05102439277186,57.63272888509371,1.0000000000000007,-11.550576324397712,6.143743143118648,-372.75071971894636
237.0587088331806,57.62351625098098,1.0000000000000004,-11.547259313476552,6.141860869393561,-372.79042998630257
237.06638966411663,57.61430321968002,1.0000000000000007,-11.543943082614533,6.139977634197237,-372.8301244089599
237.0740668893812,57.60508979173476,1.0000000000000009,-11.540627631475113,6.138093439591266,-372.8698029676817
237.08174051277174,57.59587596768842,1.0000000000000004,-11.537312959722442,6.136208287635647,-372.90946564323116
237.0894105380821,57.5866617480838,1.0000000000000007,-11.533999067020762,6.134322180388644,-372.9491124163718
237.0970769691025,57.577447133462954,1.0000000000000009,-11.53068595303477,6.132435119906923,-372.9887432678671
237.10473980961956,57.56823212436743,1.0000000000000007,-11.527373617429506,6.130547108245565,-373.0283581784804
237.11239906341604,57.559016721338274,1.0000000000000007,-11.524062059870422,6.128658147457905,-373.06795712897514
237.12005473427138,57.54980092491583,1.0000000000000007,-11.520751280023251,6.126768239595741,-373.1075401001147
237.12770682596104,57.540584735640046,1.0000000000000004,-11.517441277554173,6.1248773867092225,-373.14710707266255
237.13535534225707,57.53136815405013,1.0000000000000007,-11.514132052129701,6.122985590846774,-373.18665802738195
237.14300028692793,57.52215118068473,1.0000000000000007,-11.51082360341667,6.121092854055341,-373.22619294503653
237.15064166373827,57.512933816082096,1.0000000000000007,-11.507515931082297,6.1191991783801285,-373.26571180638956
237.15827947644928,57.503716060779674,1.0000000000000007,-11.504209034794215,6.117304565864792,-373.3052145922045
237.16591372881837,57.494497915314604,1.0000000000000007,-11.500902914220383,6.115409018551318,-373.34470128324466
237.17354442459956,57.48527938022317,1.0000000000000007,-11.497597569029068,6.113512538480116,-373.3841718602737
237.18117156754295,57.47606045604136,1.0000000000000007,-11.494292998889069,6.111615127689873,-373.42362630405484
237.18879516139538,57.466841143304435,1.0000000000000007,-11.490989203469317,6.109716788217838,-373.4630645953513
237.1964152099,57.45762144254706,1.0000000000000007,-11.48768618243922,6.107817522099538,-373.5024867149267
237.2040317167961,57.44840135430353,1.0000000000000004,-11.484383935468681,6.105917331368872,-373.54189264354466
237.21164468581975,57.439180879107326,1.0000000000000007,-11.48108246222773,6.104016218058177,-373.58128236196836
237.21925412070308,57.429960017491624,1.0000000000000007,-11.477781762386947,6.1021141841981645,-373.62065585096116
237.22686002517497,57.42073876998881,1.0000000000000007,-11.474481835617143,6.100211231817994,-373.66001309128666
237.23446240296045,57.411517137130886,1.0000000000000007,-11.47118268158963,6.098307362945114,-373.699354063708
237.24206125778113,57.402295119449185,1.0000000000000007,-11.467884299975942,6.096402579605474,-373.7386787489888
237.24965659335513,57.39307271747446,1.0000000000000004,-11.464586690448034,6.0944968838234175,-373.77798712789235
237.2572484133967,57.38384993173705,1.0000000000000007,-11.461289852678284,6.092590277621618,-373.81727918118213
237.26483672161686,57.37462676276657,1.0000000000000007,-11.457993786339342,6.090682763021249,-373.85655488962163
237.27242152172286,57.365403211092215,1.0000000000000007,-11.454698491104258,6.088774342041816,-373.8958142339742
237.28000281741834,57.35617927724254,1.0000000000000007,-11.451403966646563,6.086865016701289,-373.93505719500314
237.2875806124037,57.34695496174549,1.0000000000000007,-11.448110212639932,6.0849547890160025,-373.9742837534719
237.29515491037543,57.33773026512866,1.0000000000000007,-11.444817228758577,6.083043661000794,-374.01349389014405
237.30272571502672,57.328505187918836,1.0000000000000007,-11.44152501467704,6.0811316346688,-374.0526875857828
237.3102930300472,57.3192797306425,1.0000000000000007,-11.43823357007009,6.0792187120316825,-374.09186482115166
237.31785685912274,57.31005389382537,1.0000000000000007,-11.434942894613135,6.077304895099438,-374.1310255770142
237.3254172059361,57.30082767799269,1.0000000000000007,-11.431652987981646,6.075390185880593,-374.17016983413345
237.332974074166,57.291601083669235,1.0000000000000007,-11.428363849851724,6.073474586381984,-374.20929757327303
237.34052746748807,57.282374111379056,1.0000000000000007,-11.425075479899668,6.071558098608946,-374.2484087751965
237.34807738957414,57.273146761645876,1.0000000000000007,-11.421787877802204,6.0696407245652395,-374.28750342066706
237.35562384409278,57.26391903499261,1.0000000000000007,-11.418501043236365,6.067722466253038,-374.3265814904482
237.3631668347087,57.254690931941894,1.0000000000000007,-11.41521497587968,6.065803325672931,-374.3656429653033
237.37070636508344,57.24546245301561,1.0000000000000007,-11.411929675409878,6.063883304824024,-374.40468782599567
237.37824243887488,57.23623359873513,1.0000000000000007,-11.408645141505215,6.06196240570376,-374.44371605328877
237.3857750597374,57.22700436962141,1.0000000000000007,-11.405361373844196,6.0600406303080945,-374.48272762794636
237.39330423132196,57.21777476619467,1.0000000000000007,-11.402078372105693,6.058117980631415,-374.5217225307313
237.4008299572759,57.20854478897479,1.0000000000000009,-11.398796135969068,6.056194458666525,-374.56070074240745
237.40835224124328,57.19931443848087,1.0000000000000007,-11.395514665113868,6.054270066404698,-374.599662243738
237.41587108686434,57.19008371523171,1.0000000000000007,-11.392233959220226,6.052344805835624,-374.6386070154863
237.42338649777625,57.1808526197454,1.0000000000000007,-11.388954017968365,6.05041867894753,-374.67753503841595
237.43089847761237,57.1716211525395,1.0000000000000007,-11.38567484103916,6.04849168772698,-374.71644629329006
237.4384070300028,57.16238931413112,1.0000000000000007,-11.38239642811366,6.046563834159102,-374.75534076087257
237.44591215857398,57.153157105036755,1.0000000000000004,-11.3791187788734,6.044635120227348,-374.7942184219263
237.45341386694915,57.14392452577239,1.0000000000000007,-11.375841893000093,6.042705547913819,-374.83307925721493
237.46091215874787,57.134691576853456,1.0000000000000009,-11.372565770176044,6.040775119198912,-374.871923247502
237.46840703758625,57.12545825879486,1.0000000000000007,-11.369290410083883,6.0388438360615595,-374.91075037355074
237.47589850707712,57.116224572110944,1.0000000000000007,-11.366015812406433,6.036911700479109,-374.9495606161246
237.48338657082965,57.10699051731555,1.0000000000000007,-11.362741976827074,6.034978714427481,-374.98835395598695
237.4908712324498,57.097756094921955,1.0000000000000007,-11.359468903029457,6.033044879880961,-375.02713037390134
237.49835249553982,57.08852130544291,1.0000000000000007,-11.356196590697651,6.03111019881235,-375.06588985063104
237.50583036369875,57.079286149390626,1.0000000000000007,-11.352925039516041,6.029174673192898,-375.1046323669395
237.51330484052204,57.0700506272768,1.0000000000000007,-11.349654249169452,6.027238304992366,-375.14335790359
237.52077592960197,57.06081473961256,1.0000000000000007,-11.346384219342909,6.025301096179007,-375.1820664413463
237.5282436345269,57.051578486908525,1.0000000000000007,-11.343114949722116,6.023363048719446,-375.22075796097147
237.53570795888237,57.04234186967479,1.0000000000000007,-11.339846439992773,6.021424164578967,-375.2594324432291
237.54316890625003,57.03310488842089,1.0000000000000007,-11.336578689841215,6.01948444572114,-375.29808986888247
237.5506264802084,57.02386754365586,1.0000000000000007,-11.333311698954036,6.017543894108194,-375.33673021869515
237.55808068433245,57.014629835888165,1.0000000000000007,-11.330045467018229,6.015602511700742,-375.3753534734305
237.56553152219374,57.00539176562578,1.0000000000000007,-11.326779993721152,6.013660300457936,-375.4139596138519
237.57297899736054,56.99615333337614,1.0000000000000007,-11.32351527875051,6.011717262337378,-375.45254862072267
237.58042311339761,56.986914539646136,1.0000000000000007,-11.32025132179437,6.009773399295199,-375.4911204748064
237.5878638738664,56.97767538494215,1.0000000000000007,-11.316988122541197,6.007828713286017,-375.52967515686635
237.59530128232495,56.96843586977001,1.0000000000000009,-11.31372568067978,6.005883206262922,-375.568212647666
237.6027353423278,56.95919599463507,1.0000000000000007,-11.310463995899402,6.003936880177569,-375.6067329279687
237.61016605742634,56.9499557600421,1.0000000000000007,-11.307203067889505,6.0019897369800645,-375.6452359785379
237.6175934311683,56.940715166495394,1.0000000000000007,-11.30394289634009,6.000041778619014,-375.6837217801372
237.62501746709833,56.93147421449867,1.0000000000000007,-11.30068348094136,5.99809300704154,-375.7221903135296
237.63243816875755,56.92223290455518,1.0000000000000007,-11.297424821384006,5.996143424193328,-375.760641559479
237.63985553968354,56.9129912371676,1.0000000000000007,-11.29416691735914,5.994193032018437,-375.7990754987483
237.64726958341092,56.90374921283812,1.0000000000000007,-11.290909768558,5.992241832459619,-375.83749211210136
237.65468030347063,56.8945068320684,1.0000000000000007,-11.287653374672468,5.9902898274579925,-375.87589138030125
