galstreams/tracks/track.st.Gunnthra.ibata2020.ecsv
# %ECSV 0.9
# ---
# datatype:
# - {name: ra, unit: deg, datatype: float64}
# - {name: dec, unit: deg, datatype: float64}
# - {name: distance, unit: kpc, datatype: float64}
# - {name: pm_ra_cosdec, unit: mas / yr, datatype: float64}
# - {name: pm_dec, unit: mas / yr, datatype: float64}
# - {name: radial_velocity, unit: km / s, datatype: float64}
# delimiter: ','
# meta: !!omap
# - __serialized_columns__:
#     dec:
#       __class__: astropy.coordinates.angles.Latitude
#       unit: &id001 !astropy.units.Unit {unit: deg}
#       value: !astropy.table.SerializedColumn {name: dec}
#     distance:
#       __class__: astropy.coordinates.distances.Distance
#       unit: !astropy.units.Unit {unit: kpc}
#       value: !astropy.table.SerializedColumn {name: distance}
#     pm_dec:
#       __class__: astropy.units.quantity.Quantity
#       unit: !astropy.units.Unit {unit: mas / yr}
#       value: !astropy.table.SerializedColumn {name: pm_dec}
#     pm_ra_cosdec:
#       __class__: astropy.units.quantity.Quantity
#       unit: !astropy.units.Unit {unit: mas / yr}
#       value: !astropy.table.SerializedColumn {name: pm_ra_cosdec}
#     ra:
#       __class__: astropy.coordinates.angles.Longitude
#       unit: *id001
#       value: !astropy.table.SerializedColumn {name: ra}
#       wrap_angle: !astropy.coordinates.Angle
#         unit: *id001
#         value: 360.0
#     radial_velocity:
#       __class__: astropy.units.quantity.Quantity
#       unit: !astropy.units.Unit {unit: km / s}
#       value: !astropy.table.SerializedColumn {name: radial_velocity}
# schema: astropy-2.0
ra,dec,distance,pm_ra_cosdec,pm_dec,radial_velocity
265.94483478188965,-76.43766291410589,3.0857086111797716,-21.302135878449082,-16.91259658481881,2.1051917824680845e-13
266.41394180555824,-76.41671458841347,3.0874004175313665,-21.165534036732055,-17.080343932185134,2.5262301389617017e-13
266.87944277514794,-76.39424748832133,3.089031415288328,-21.02900925634852,-17.24637943555477,2.1893994537668078e-13
267.3412461293594,-76.37028231372504,3.0906023921572983,-20.89260848406749,-17.410685981579384,1.9367764398706378e-13
267.79926494618604,-76.34483989132329,3.0921141358449193,-20.756378077186284,-17.573248847330515,2.2736071250655313e-13
268.2534169500528,-76.31794115402155,3.0935674340578307,-20.62036371628921,-17.734055646567256,3.115683838052765e-13
268.7036245078295,-76.2896071206875,3.094963074502674,-20.484610323272506,-17.89309627119333,2.2736071250655313e-13
269.1498146141804,-76.25985887630344,3.0963018448860926,-20.349161984760833,-18.050362828361987,2.1051917824680845e-13
269.59191886673403,-76.22871755255835,3.097584532914726,-20.214061881004653,-18.205849573686237,2.694645481559148e-13
270.0298734315891,-76.19620430891788,3.098811926295217,-20.079352220310916,-18.35955284101064,2.442022467662978e-13
270.46361899968565,-76.16234031420794,3.099984812734206,-19.94507417902698,-18.511470969193283,2.3578147963642546e-13
270.8931007345947,-76.1271467287425,3.101103979938334,-19.81126784706347,-18.661604226340664,2.2736071250655313e-13
271.3182682122856,-76.09064468702415,3.102170215614244,-19.67797217891326,-18.809954731924563,2.2736071250655313e-13
271.73907535344176,-76.0528552810407,3.1031843074685757,-19.54522495009437,-18.95652637719866,2.2736071250655313e-13
272.1554803488964,-76.01379954417949,3.104147043207972,-19.413062718920674,-19.101324744315026,2.020984111169361e-13
272.5674455787606,-75.97349843577581,3.1050592105390726,-19.281520793479263,-19.24435702452533,2.8630608241565947e-13
272.97493752581425,-75.93197282631014,3.1059215971685212,-19.150633203673802,-19.385631935831356,2.9472684954553185e-13
273.377926683722,-75.88924348326437,3.106734990802957,-19.020432678173467,-19.525159640431145,2.610437810260425e-13
273.77638746062576,-75.84533105764508,3.107500179149024,-18.890950626092515,-19.66295166228407,2.1893994537668078e-13
274.1702980786556,-75.80025607117894,3.10821794991336,-18.762217123210213,-19.79902080509887,1.768361097273191e-13
274.55964046988447,-75.75403890418183,3.1088890908026094,-18.634260902530624,-19.93338107102501,2.694645481559148e-13
274.94440016923795,-75.7066997841015,3.109514389523412,-18.50710934897085,-20.06604758030726,2.5262301389617017e-13
275.3245662048465,-75.65825877473111,3.110094633782409,-18.38078849796134,-20.197036492138864,2.1893994537668078e-13
275.7001309863148,-75.60873576608799,3.1106306112862443,-18.255323037734417,-20.32636492692906,2.610437810260425e-13
276.0710901913565,-75.55815046495124,3.1111231097415564,-18.13073631507502,-20.45405089017741,1.8525687685719145e-13
276.4374426512242,-75.50652238604809,3.1115729168549886,-18.00705034430507,-20.58011319812703,2.020984111169361e-13
276.7991902353374,-75.45387084387917,3.111980820333181,-17.88428581927415,-20.7045714053473,2.2736071250655313e-13
277.1563377354924,-75.40021494516976,3.112347607882776,-17.76246212812865,-20.827445734377648,2.1893994537668078e-13
277.5088927500119,-75.34557358193375,3.1126740672104147,-17.641597370635942,-20.94875700754418,2.2736071250655313e-13
277.8568655681697,-75.28996542513451,3.1129609860227374,-17.521708377842177,-21.06852658104338,2.3578147963642546e-13
278.20026905519927,-75.23340891892781,3.113209152026388,-17.402810733849122,-21.186776281368633,2.3578147963642546e-13
278.53911853817596,-75.17592227546875,3.113419352928006,-17.284918799499586,-21.303528344140265,2.3578147963642546e-13
278.873431693036,-75.11752347026554,3.1135923764342324,-17.168045737768235,-21.41880535538381,2.020984111169361e-13
279.2032284329734,-75.05823023806181,3.113729010251709,-17.052203540661978,-21.532630195286504,1.8525687685719145e-13
279.528530798436,-74.99806006922769,3.113830042087079,-16.937403057440946,-21.645025984450406,1.6841534259744677e-13
279.8493628489165,-74.93703020664155,3.1138962596469817,-16.82365402398096,-21.756016032645714,2.020984111169361e-13
280.1657505567167,-74.87515764304176,3.1139284506380593,-16.71096509310492,-21.865623790059338,2.1893994537668078e-13
280.4777217028423,-74.81245911882935,3.113927402766954,-16.599343865721227,-21.973872801021372,2.694645481559148e-13
280.78530577516767,-74.74895112030102,3.1138939037403057,-16.488796922614128,-22.080786660185204,2.3578147963642546e-13
281.0885338689879,-74.68464987829329,3.1138287412647565,-16.37932985674276,-22.18638897112587,2.5262301389617017e-13
281.38743859006416,-74.61957136721745,3.113732703046947,-16.270947305911836,-22.290703307316722,2.1893994537668078e-13
281.6820539602467,-74.55373130446603,3.1136065767935204,-16.163652985687904,-22.393753175436093,2.020984111169361e-13
281.9724153257488,-74.48714515017085,3.113451150211117,-16.057449722442705,-22.49556198095125,2.3578147963642546e-13
282.2585592681263,-74.41982810729404,3.1132672110063786,-15.952339486415058,-22.596152995920832,1.515738083377021e-13
282.5405235180085,-74.3517951220328,3.1130555468859447,-15.84832342469044,-22.6955493289539,2.694645481559148e-13
282.81834687160944,-74.28306088451981,3.1128169455564594,-15.745401894005552,-22.793773897259864,1.8525687685719145e-13
283.09206911004037,-74.21363982980063,3.112552194724564,-15.643574493294022,-22.89084940072091,1.8525687685719145e-13
283.361730921432,-74.1435461390712,3.1122620820968976,-15.542840095896517,-22.986798297916017,2.1893994537668078e-13
283.6273738258644,-74.07279374115802,3.111947395380103,-15.443196881365914,-23.08164278402444,2.3578147963642546e-13
283.8890401030955,-74.00139631422444,3.1116089222808214,-15.344642366806191,-23.175404770535025,1.6841534259744677e-13
284.14677272307034,-73.92936728768679,3.111247450505695,-15.247173437688524,-23.26810586668772,2.5262301389617017e-13
284.40061527918454,-73.85671984432534,3.1108637677613644,-15.150786378097056,-23.359767362572413,1.515738083377021e-13
284.6506119242704,-73.78346692257465,3.1104586617544703,-15.055476900360858,-23.45041021381094,2.3578147963642546e-13
284.8968073092672,-73.7096212189793,3.1100329201916557,-14.961240174035161,-23.540055027748767,1.6841534259744677e-13
285.1392465245339,-73.63519519080057,3.1095873307795614,-14.868070854200042,-23.628722051083106,1.515738083377021e-13
285.37797504375317,-73.56020105876163,3.109122681224828,-14.77596310905038,-23.716431158855336,2.1893994537668078e-13
285.6130386703781,-73.48465080991791,3.1086397592340984,-14.684910646754593,-23.803201844737217,2.020984111169361e-13
285.8444834865644,-73.4085562006407,3.108139352514012,-14.594906741565007,-23.889053212541562,2.3578147963642546e-13
286.07235580452874,-73.33192875970278,3.107622248771213,-14.505944259166153,-23.9740039688892,1.8525687685719145e-13
286.29670212027577,-73.25477979145421,3.10708923571234,-14.418015681250823,-24.058072416967203,1.347322740779574e-13
286.51756906962686,-73.1771203790789,3.1065411010440362,-14.331113129318325,-24.141276451313495,2.5262301389617017e-13
286.7350033864883,-73.09896138792104,3.1059786324729415,-14.245228387690844,-24.223633553566216,1.8525687685719145e-13
286.94905186329305,-73.02031346887303,3.105402617705699,-14.160352925748265,-24.305160789117604,1.8525687685719145e-13
287.15976131354904,-72.94118706181457,3.104813844448949,-14.076477919382874,-24.385874804614975,2.3578147963642546e-13
287.3671785364264,-72.86159239909617,3.104213100409334,-13.993594271679424,-24.465791826252435,1.6841534259744677e-13
287.5713502833171,-72.78153950905777,3.103601173293494,-13.911692632826593,-24.544927658800233,2.020984111169361e-13
287.7723232262982,-72.70103821957605,3.1029788508080705,-13.830763419268866,-24.623297685320228,1.6841534259744677e-13
287.9701439284333,-72.62009816163244,3.102346920659705,-13.750796832108572,-24.70091686751848,1.8525687685719145e-13
288.1648588158431,-72.53872877289632,3.1017061705550417,-13.671782874770647,-24.77779974668777,2.020984111169361e-13
288.3565141514807,-72.45693930131623,3.1010573882007177,-13.593711369942461,-24.85396044519533,1.8525687685719145e-13
288.54515601054476,-72.37473880871445,3.1004013613033776,-13.516571975803544,-24.929412668473034,2.020984111169361e-13
288.7308302574676,-72.29213617437829,3.09973887756966,-13.440354201559625,-25.00416970746984,1.8525687685719145e-13
288.91358252441347,-72.20914009864423,3.0990707247062095,-13.365047422297877,-25.07824444152716,1.6841534259744677e-13
289.09345819122547,-72.12575910646977,3.0983976904196644,-13.290640893179578,-25.151649341641487,1.6841534259744677e-13
289.2705023667594,-72.04200155098889,3.0977205624166677,-13.217123762987514,-25.22439647407894,1.6841534259744677e-13
289.444759871547,-71.95787561704655,3.097040128403862,-13.144485087045688,-25.296497504309663,2.020984111169361e-13
289.61627522172734,-71.8733893247096,3.0963571760878867,-13.072713839529987,-25.367963701230742,1.515738083377021e-13
289.78509261419305,-71.7885505327499,3.095672493175384,-13.001798925187304,-25.43880594164874,1.515738083377021e-13
289.9512559128928,-71.70336694209695,3.0949868673729957,-12.931729190482493,-25.5090347149943,1.6841534259744677e-13
290.1148086362405,-71.61784609925684,3.094301086387361,-12.862493434190572,-25.578660128243634,1.347322740779574e-13
290.2757939455752,-71.53199539969552,3.093615937925124,-12.794080417454058,-25.64769191102178,1.0104920555846805e-13
290.4342546346248,-71.4458220911835,3.092932209692926,-12.726478873322652,-25.716139420865943,1.515738083377021e-13
290.59023311992223,-71.35933327710038,3.0922506893974053,-12.659677515794705,-25.784011648627132,1.0104920555846805e-13
290.7437714321292,-71.27253591969647,3.091572164745208,-12.593665048378032,-25.85131722399048,1.6841534259744677e-13
290.89491120822026,-71.18543684331088,3.0908974234429714,-12.528430172188097,-25.918064421095924,1.347322740779574e-13
291.04369368448454,-71.09804273754385,3.090227253197339,-12.463961593601859,-25.984261164241648,1.347322740779574e-13
291.190159690302,-71.0103601603822,3.089562441714952,-12.400248031484214,-26.04991503365472,1.515738083377021e-13
291.33434964265484,-70.92239554127646,3.0889037767024514,-12.337278224004166,-26.115033271313806,1.6841534259744677e-13
291.47630354133327,-70.8341551841692,3.088252045866479,-12.275040935057973,-26.179622786810242,1.1789073981821273e-13
291.61606096479903,-70.74564527047332,3.087608036913676,-12.213524960315256,-26.243690163234657,1.347322740779574e-13
291.7536610666709,-70.65687186199943,3.086972537550684,-12.152719132904295,-26.30724166307753,1.347322740779574e-13
291.8891425727956,-70.56784090383235,3.086346335484143,-12.092612328752434,-26.370283234132565,5.0524602779234026e-14
292.02254377887454,-70.4785582271552,3.0857302184206965,-12.033193471596002,-26.432820515393278,2.020984111169361e-13
292.15390254861035,-70.38902955202187,3.0851249740669857,-11.974451537675568,-26.494858842933226,1.1789073981821273e-13
292.2832563123454,-70.29926049007676,3.0845313901296496,-11.916375560130389,-26.556403255761772,1.515738083377021e-13
292.4106420661626,-70.20925654722214,3.083950254315332,-11.858954633106002,-26.617458501647473,1.6841534259744677e-13
292.53609637142085,-70.11902312623234,3.0833823543306735,-11.80217791558844,-26.678029042902537,1.0104920555846805e-13
292.6596553546975,-70.02856552931577,3.082828477882316,-11.746034634978532,-26.738119062121488,1.1789073981821273e-13
292.78135470811355,-69.93788896062397,3.082289412676901,-11.69051409041847,-26.797732467868663,1.347322740779574e-13
292.901229690017,-69.84699852870834,3.0817659464210694,-11.635605655883184,-26.85687290030923,1.0104920555846805e-13
293.0193151260009,-69.75589924892442,3.0812588668214618,-11.581298783048036,-26.915543736779227,1.6841534259744677e-13
293.13564541023516,-69.66459604578426,3.0807689615847202,-11.52758300394447,-26.973748097290194,1.1789073981821273e-13
293.25025450708915,-69.57309375525706,3.080297018417486,-11.474447933414407,-27.03148884996508,1.1789073981821273e-13
293.3631759530276,-69.48139712701851,3.0798438250264026,-11.421883271373858,-27.088768616401868,1.1789073981821273e-13
293.474442858759,-69.38951082664914,3.079410169118109,-11.369878804896098,-27.145589776962318,5.0524602779234026e-14
293.5840879116191,-69.29743943778234,3.0789968383992465,-11.318424410123889,-27.201954475983037,1.0104920555846805e-13
293.6921433781729,-69.20518746420227,3.0786046205764572,-11.267510054020216,-27.2578646269071,6.73661370389787e-14
293.7986411070173,-69.11275933189242,3.078234303356384,-11.217125795966536,-27.313321917334182,1.1789073981821273e-13
293.9036125317714,-69.0201593910353,3.0778866744456654,-11.167261789217019,-27.368327813987815,1.515738083377021e-13
294.00708867423737,-68.92739191796387,3.077562521550945,-11.117908282217092,-27.42288356759834,1.1789073981821273e-13
294.1091001477193,-68.83446111706515,3.0772626323788637,-11.069055619794252,-27.476990217700873,1.0104920555846805e-13
294.2096771604872,-68.74137112263695,3.076987794636062,-11.02069424422843,-27.530648597347298,8.420767129872338e-14
294.3088495193728,-68.64812600069811,3.0767387960291828,-10.972814696209365,-27.583859337731955,1.347322740779574e-13
294.4066466334854,-68.55472975075303,3.076516424264866,-10.92540761568791,-27.636622872730385,1.0104920555846805e-13
294.50309751803803,-68.46118630751106,3.076321467049755,-10.878463742627531,-27.68893944335151,1.0104920555846805e-13
294.5982307982714,-68.36749954256175,3.076154712090489,-10.831973917662726,-27.740809102102716,8.420767129872338e-14
294.6920747134675,-68.27367326600617,3.07601694709371,-10.785929082669938,-27.792231717268386,5.0524602779234026e-14
294.7846571210421,-68.1797112280455,3.0759089597660605,-10.740320281257087,-27.84320697710214,8.420767129872338e-14
294.8760055007081,-68.08561712052716,3.0758315378141803,-10.695138659176822,-27.893734393933066,1.1789073981821273e-13
294.9661469587017,-67.99139457844961,3.0757854689447126,-10.650375464668844,-27.9438133081868,6.73661370389787e-14
295.0551082320619,-67.89704718142633,3.075771540864297,-10.606022048736387,-27.99344289232179,1.347322740779574e-13
295.1429156929586,-67.8025784551096,3.075790541279576,-10.562069865361057,-28.042622154681833,1.1789073981821273e-13
295.22959535305944,-67.70799187257502,3.0758432578971915,-10.51851047166121,-28.09134994326549,5.0524602779234026e-14
295.31517286793115,-67.6132908556675,3.075930478423783,-10.475335527997554,-28.139624949413488,1.1789073981821273e-13
295.399673541468,-67.51847877630914,3.076052990565994,-10.432536798030178,-28.18744571141495,1.0104920555846805e-13
295.4831223303422,-67.42355895777008,3.0762115820304645,-10.390106148730933,-28.23481061803365,-1.6841534259744676e-14
295.56554384847027,-67.32853467590299,3.0764070405238364,-10.348035550354723,-28.281717911955322,3.368306851948935e-14
295.6469623714911,-67.23340916034142,3.0766401537527517,-10.306317076373066,-28.328165693157224,1.347322740779574e-13
295.7274018412503,-67.13818559566363,3.0769117094238503,-10.264942903373388,-28.374151922201122,6.73661370389787e-14
295.80688587028675,-67.04286712252167,3.077222495243775,-10.223905310926915,-28.419674423450957,1.1789073981821273e-13
295.8854377463168,-66.94745683873704,3.077573298919167,-10.18319668142836,-28.464730888216415,8.420767129872338e-14
295.96308043671337,-66.85195780036332,3.077964908156667,-10.142809499909832,-28.50931887782385,6.73661370389787e-14
296.0398365929746,-66.75637302271652,3.078398110662917,-10.102736353831954,-28.55343582661557,5.0524602779234026e-14
296.11572855518034,-66.6607054813739,3.0788736941445585,-10.062969932854301,-28.5970790448791,1.0104920555846805e-13
296.1907783564326,-66.5649581131418,3.079392446308232,-10.023503028587792,-28.64024572170768,1.0104920555846805e-13
296.2650077272767,-66.46913381699322,3.0799551548605804,-9.984328534331196,-28.68293292779323,6.73661370389787e-14
