galstreams/tracks/track.st.M92.sollima2020.ecsv
# %ECSV 1.0
# ---
# datatype:
# - {name: ra, unit: deg, datatype: float64}
# - {name: dec, unit: deg, datatype: float64}
# - {name: distance, unit: kpc, datatype: float64}
# - {name: pm_ra_cosdec, unit: mas / yr, datatype: float64}
# - {name: pm_dec, unit: mas / yr, datatype: float64}
# - {name: radial_velocity, unit: km / s, datatype: float64}
# delimiter: ','
# meta: !!omap
# - __serialized_columns__:
#     dec:
#       __class__: astropy.coordinates.angles.Latitude
#       unit: &id001 !astropy.units.Unit {unit: deg}
#       value: !astropy.table.SerializedColumn {name: dec}
#     distance:
#       __class__: astropy.coordinates.distances.Distance
#       unit: !astropy.units.Unit {unit: kpc}
#       value: !astropy.table.SerializedColumn {name: distance}
#     pm_dec:
#       __class__: astropy.units.quantity.Quantity
#       unit: !astropy.units.Unit {unit: mas / yr}
#       value: !astropy.table.SerializedColumn {name: pm_dec}
#     pm_ra_cosdec:
#       __class__: astropy.units.quantity.Quantity
#       unit: !astropy.units.Unit {unit: mas / yr}
#       value: !astropy.table.SerializedColumn {name: pm_ra_cosdec}
#     ra:
#       __class__: astropy.coordinates.angles.Longitude
#       unit: *id001
#       value: !astropy.table.SerializedColumn {name: ra}
#       wrap_angle: !astropy.coordinates.Angle
#         unit: *id001
#         value: 360.0
#     radial_velocity:
#       __class__: astropy.units.quantity.Quantity
#       unit: !astropy.units.Unit {unit: km / s}
#       value: !astropy.table.SerializedColumn {name: radial_velocity}
# schema: astropy-2.0
ra,dec,distance,pm_ra_cosdec,pm_dec,radial_velocity
[from data line 492]
261.6642268984887,42.692177665648344,8.500999999999994,0.0,0.0,0.0
261.67652887493904,42.68687647732864,8.500999999999994,0.0,0.0,0.0
261.68881687511174,42.68154077475594,8.500999999999992,0.0,0.0,0.0
261.7010907957535,42.676170319847486,8.500999999999992,0.0,0.0,0.0
261.71335053351333,42.67076487458182,8.500999999999994,0.0,0.0,0.0
261.7255959849852,42.66532420111354,8.500999999999992,0.0,0.0,0.0
261.7378270467507,42.65984806188907,8.500999999999994,0.0,0.0,0.0
261.75004361542244,42.65433621976371,8.500999999999994,0.0,0.0,0.0
261.76224558768826,42.64878843811961,8.500999999999994,0.0,0.0,0.0
261.77443286035526,42.64320448098515,8.500999999999994,0.0,0.0,0.0
261.7866053303952,42.63758411315517,8.500999999999994,0.0,0.0,0.0
261.79876289498964,42.63192710031254,8.500999999999994,0.0,0.0,0.0
261.81090545157633,42.62623320915078,8.500999999999992,0.0,0.0,0.0
261.82303289789576,42.62050220749776,8.500999999999994,0.0,0.0,0.0
261.8351451320382,42.61473386444065,8.500999999999992,0.0,0.0,0.0
261.8472420524914,42.608927950451886,8.500999999999992,0.0,0.0,0.0
261.8593235581891,42.60308423751635,8.500999999999994,0.0,0.0,0.0
261.87138954855914,42.59720249925961,8.500999999999994,0.0,0.0,0.0
261.88343992357363,42.59128251107737,8.500999999999992,0.0,0.0,0.0
261.895474583798,42.585324050265925,8.500999999999992,0.0,0.0,0.0
261.9074934304418,42.57932689615392,8.500999999999994,0.0,0.0,0.0
261.91949636540954,42.573290830235095,8.500999999999994,0.0,0.0,0.0
261.9314832913521,42.567215636302215,8.500999999999994,0.0,0.0,0.0
261.9434541117184,42.56110110058204,8.500999999999994,0.0,0.0,0.0
261.9554087308086,42.55494701187167,8.500999999999992,0.0,0.0,0.0
261.9673470538264,42.54875316167568,8.500999999999994,0.0,0.0,0.0
261.97926898693333,42.542519344344655,8.500999999999994,0.0,0.0,0.0
261.9911744373021,42.53624535721473,8.500999999999992,0.0,0.0,0.0
262.0030633131717,42.52993100074829,8.500999999999994,0.0,0.0,0.0
262.0149355239027,42.5235760786757,8.500999999999992,0.0,0.0,0.0
262.02679098003244,42.51718039813841,8.500999999999994,0.0,0.0,0.0
262.0386295933319,42.51074376983284,8.500999999999994,0.0,0.0,0.0
262.05045127686174,42.50426600815577,8.500999999999992,0.0,0.0,0.0
262.0622559450303,42.49774693135049,8.500999999999992,0.0,0.0,0.0
262.0740435136508,42.491186361654364,8.500999999999994,0.0,0.0,0.0
262.0858139000003,42.48458412544738,8.500999999999994,0.0,0.0,0.0
262.0975670228779,42.47794005340185,8.500999999999994,0.0,0.0,0.0
262.1093028026648,42.4712539806332,8.500999999999994,0.0,0.0,0.0
262.1210211613836,42.46452574685202,8.500999999999992,0.0,0.0,0.0
262.13272202275925,42.457755196517084,8.500999999999996,0.0,0.0,0.0
262.1444053122797,42.450942178989536,8.500999999999992,0.0,0.0,0.0
262.15607095725755,42.444086548688304,8.500999999999992,0.0,0.0,0.0
262.1677188868919,42.43718816524649,8.500999999999994,0.0,0.0,0.0
262.17934903233123,42.430246893669,8.500999999999992,0.0,0.0,0.0
262.1909613267358,42.4232626044912,8.500999999999994,0.0,0.0,0.0
262.2025557053419,42.41623517393884,8.500999999999994,0.0,0.0,0.0
262.2141321055256,42.40916448408895,8.500999999999994,0.0,0.0,0.0
262.2256904668672,42.40205042303192,8.500999999999994,0.0,0.0,0.0
262.2372307312166,42.394892885034785,8.500999999999994,0.0,0.0,0.0
262.2487528427589,42.38769177070547,8.500999999999992,0.0,0.0,0.0
262.26025674808045,42.38044698715831,8.500999999999992,0.0,0.0,0.0
262.2717423962354,42.37315844818064,8.500999999999992,0.0,0.0,0.0
262.283209738813,42.365826074400445,8.500999999999992,0.0,0.0,0.0
262.29465873000515,42.35844979345528,8.500999999999992,0.0,0.0,0.0
262.3060893266748,42.35102954016216,8.500999999999992,0.0,0.0,0.0
262.3175014884241,42.34356525668869,8.500999999999992,0.0,0.0,0.0
262.3288951776643,42.336056892725246,8.50099999999999,0.0,0.0,0.0
262.34027035968484,42.328504405658315,8.50099999999999,0.0,0.0,0.0
262.35162700272366,42.32090776074495,8.500999999999992,0.0,0.0,0.0
262.3629650780381,42.313266931288375,8.500999999999992,0.0,0.0,0.0
262.3742845599758,42.305581898814616,8.500999999999992,0.0,0.0,0.0
262.3855854260467,42.29785265325043,8.50099999999999,0.0,0.0,0.0
262.3968676569947,42.29007919310219,8.50099999999999,0.0,0.0,0.0
262.4081312368709,42.282261525635946,8.50099999999999,0.0,0.0,0.0
262.4193761531064,42.27439966705868,8.500999999999992,0.0,0.0,0.0
262.43060239658604,42.266493642700596,8.500999999999994,0.0,0.0,0.0
262.44180996172275,42.258543487198565,8.500999999999994,0.0,0.0,0.0
262.4529988465317,42.250549244680684,8.50099999999999,0.0,0.0,0.0
262.464169052706,42.242510968951976,8.500999999999992,0.0,0.0,0.0
262.4753205856919,42.23442872368124,8.500999999999992,0.0,0.0,0.0
262.4864534547652,42.22630258258892,8.500999999999992,0.0,0.0,0.0
262.4975676731075,42.21813262963619,8.50099999999999,0.0,0.0,0.0
262.5086632578836,42.209918959215166,8.50099999999999,0.0,0.0,0.0
262.5197402303189,42.20166167634017,8.500999999999992,0.0,0.0,0.0
262.53079861577766,42.193360896840204,8.500999999999992,0.0,0.0,0.0
262.5418384438409,42.18501674755243,8.50099999999999,0.0,0.0,0.0
262.5528597483863,42.176629366516885,8.500999999999992,0.0,0.0,0.0
262.56386256766706,42.16819890317231,8.500999999999992,0.0,0.0,0.0
262.57484694439205,42.15972551855298,8.500999999999992,0.0,0.0,0.0
262.58581292580635,42.15120938548681,8.500999999999992,0.0,0.0,0.0
262.59676056377214,42.14265068879446,8.500999999999992,0.0,0.0,0.0
262.6076899148499,42.13404962548967,8.500999999999992,0.0,0.0,0.0
262.6186010403808,42.125406404980644,8.500999999999994,0.0,0.0,0.0
262.62949400656834,42.11672124927253,8.500999999999992,0.0,0.0,0.0
262.64036888456195,42.107994393171104,8.50099999999999,0.0,0.0,0.0
262.6512257505398,42.099226084487555,8.50099999999999,0.0,0.0,0.0
262.66206468579287,42.09041658424431,8.500999999999992,0.0,0.0,0.0
262.672885776809,42.08156616688208,8.500999999999992,0.0,0.0,0.0
262.6836891153578,42.072675120467956,8.500999999999992,0.0,0.0,0.0
262.6944747985759,42.06374374690473,8.500999999999992,0.0,0.0,0.0
262.7052429290526,42.05477236214114,8.50099999999999,0.0,0.0,0.0
262.71599361491604,42.045761296383446,8.500999999999992,0.0,0.0,0.0
262.72672696991987,42.03671089430801,8.50099999999999,0.0,0.0,0.0
262.7374431135304,42.027621515275,8.500999999999992,0.0,0.0,0.0
262.7481421710143,42.01849353354326,8.500999999999992,0.0,0.0,0.0
262.75882427352656,42.00932733848623,8.500999999999992,0.0,0.0,0.0
262.7694895581992,42.000123334809096,8.50099999999999,0.0,0.0,0.0
262.7801381682303,41.99088194276688,8.50099999999999,0.0,0.0,0.0
262.7907702529735,41.98160359838388,8.500999999999992,0.0,0.0,0.0
262.801385968028,41.97228875367397,8.500999999999992,0.0,0.0,0.0
262.81198547532927,41.96293787686225,8.50099999999999,0.0,0.0,0.0
262.8225689432399,41.95355145260765,8.50099999999999,0.0,0.0,0.0
262.83313654664113,41.944129982226755,8.500999999999994,0.0,0.0,0.0
262.84368846702483,41.93467398391865,8.50099999999999,0.0,0.0,0.0
262.85422489258605,41.925183992990966,8.500999999999992,0.0,0.0,0.0
262.8647460183158,41.915660562087005,8.500999999999992,0.0,0.0,0.0
262.875252046095,41.90610426141396,8.500999999999992,0.0,0.0,0.0
262.88574318478777,41.896515678972264,8.500999999999994,0.0,0.0,0.0
262.8962196503365,41.88689542078611,8.500999999999992,0.0,0.0,0.0
262.90668166585664,41.87724411113496,8.500999999999992,0.0,0.0,0.0
262.91712946173203,41.86756239278626,8.500999999999992,0.0,0.0,0.0
262.9275632757113,41.857850927229286,8.500999999999994,0.0,0.0,0.0
262.937983353004,41.84811039490999,8.500999999999992,0.0,0.0,0.0
262.9483899463779,41.83834149546706,8.500999999999992,0.0,0.0,0.0
262.9587833162566,41.82854494796907,8.500999999999994,0.0,0.0,0.0
262.9691637308174,41.818721491152694,8.500999999999994,0.0,0.0,0.0
262.97953146609024,41.808871883662036,8.500999999999992,0.0,0.0,0.0
262.9898868060567,41.798996904289154,8.500999999999992,0.0,0.0,0.0
263.00023004274993,41.78909735221558,8.500999999999994,0.0,0.0,0.0
263.0105614763546,41.77917404725499,8.500999999999994,0.0,0.0,0.0
263.02088141530817,41.769227830097,8.500999999999992,0.0,0.0,0.0
263.0311901764019,41.759259562552025,8.500999999999994,0.0,0.0,0.0
263.04148808488304,41.74927012779727,8.500999999999996,0.0,0.0,0.0
263.05177547455764,41.73926043062383,8.500999999999994,0.0,0.0,0.0
263.062052687893,41.729231397684856,8.500999999999994,0.0,0.0,0.0
263.0723200761221,41.71918397774486,8.50099999999999,0.0,0.0,0.0
263.0825779993475,41.7091191419301,8.500999999999994,0.0,0.0,0.0
263.0928268266465,41.699037883980004,8.500999999999992,0.0,0.0,0.0
263.1030669361766,41.68894122049987,8.500999999999994,0.0,0.0,0.0
263.1132987152816,41.678830191214466,8.500999999999992,0.0,0.0,0.0
263.1235225605986,41.66870585922277,8.500999999999992,0.0,0.0,0.0
263.1337388781652,41.65856931125392,8.500999999999992,0.0,0.0,0.0
263.14394808352796,41.648421657924104,8.500999999999992,0.0,0.0,0.0
263.15415060185063,41.63826403399467,8.500999999999994,0.0,0.0,0.0
263.16434686802427,41.62809759863117,8.500999999999992,0.0,0.0,0.0
263.17453732677666,41.617923535663685,8.500999999999996,0.0,0.0,0.0
263.18472243278376,41.607743053848104,8.500999999999994,0.0,0.0,0.0
263.19490265078076,41.59755738712844,8.500999999999994,0.0,0.0,0.0
263.2050784556745,41.58736779490044,8.500999999999992,0.0,0.0,0.0
263.2152503326565,41.577175562276054,8.500999999999994,0.0,0.0,0.0
263.2254187773167,41.56698200034911,8.500999999999994,0.0,0.0,0.0
263.2355842957577,41.556788446462015,8.500999999999992,0.0,0.0,0.0
263.24574740471036,41.546596264473564,8.500999999999994,0.0,0.0,0.0
263.2559086316497,41.53640684502779,8.500999999999994,0.0,0.0,0.0
263.2660685149115,41.52622160582393,8.500999999999994,0.0,0.0,0.0
263.27622760381064,41.51604199188742,8.500999999999992,0.0,0.0,0.0
263.28638645875867,41.50586947584195,8.500999999999994,0.0,0.0,0.0
263.29654565138406,41.495705558182635,8.500999999999994,0.0,0.0,0.0
263.306705764652,41.48555176755026,8.500999999999994,0.0,0.0,0.0
263.31686739298544,41.47540966100646,8.500999999999994,0.0,0.0,0.0
263.32703114238734,41.465280824310106,8.500999999999992,0.0,0.0,0.0
263.33719763056365,41.45516687219468,8.500999999999992,0.0,0.0,0.0
263.3473674870469,41.44506944864672,8.500999999999994,0.0,0.0,0.0
263.3575413533215,41.4349902271853,8.500999999999994,0.0,0.0,0.0
263.36771988294936,41.42493091114255,8.500999999999996,0.0,0.0,0.0
263.3779037416967,41.41489323394529,8.500999999999994,0.0,0.0,0.0
263.38809360766203,41.404878959397614,8.500999999999992,0.0,0.0,0.0
263.39829017140534,41.394889881964566,8.500999999999996,0.0,0.0,0.0
263.4084941360777,41.38492782705684,8.500999999999994,0.0,0.0,0.0
263.4187062175528,41.37499465131656,8.500999999999994,0.0,0.0,0.0
263.428927144559,41.365092242904005,8.500999999999992,0.0,0.0,0.0
263.43915765881286,41.355222521785414,8.500999999999992,0.0,0.0,0.0
263.4493985151538,41.3453874400218,8.500999999999994,0.0,0.0,0.0
263.45965048167966,41.33558898205882,8.500999999999996,0.0,0.0,0.0
263.4699143398842,41.32582916501763,8.500999999999996,0.0,0.0,0.0
263.4801908847951,41.316110038986714,8.500999999999996,0.0,0.0,0.0
263.4904809251137,41.306433687314815,8.500999999999996,0.0,0.0,0.0
263.500785283356,41.29680222690479,8.500999999999994,0.0,0.0,0.0
263.511104795995,41.287217808508544,8.500999999999998,0.0,0.0,0.0
263.52144031360433,41.27768261702284,8.500999999999996,0.0,0.0,0.0
263.5317927010035,41.26819887178624,8.500999999999996,0.0,0.0,0.0
263.54216283740465,41.25876882687696,8.500999999999994,0.0,0.0,0.0
263.5525516165601,41.2493947714117,8.500999999999996,0.0,0.0,0.0
263.5629599469129,41.24007902984551,8.500999999999996,0.0,0.0,0.0
263.5733887517472,41.23082396227255,8.500999999999994,0.0,0.0,0.0
263.58383896934174,41.22163196472793,8.500999999999996,0.0,0.0,0.0
263.59431155312393,41.21250546949037,8.500999999999996,0.0,0.0,0.0
263.6048074718263,41.20344694538598,8.500999999999996,0.0,0.0,0.0
263.6153277096442,41.19445889809285,8.500999999999996,0.0,0.0,0.0
263.6258732663958,41.18554387044669,8.500999999999996,0.0,0.0,0.0
263.6364451576834,41.17670444274741,8.500999999999994,0.0,0.0,0.0
263.64704441505694,41.16794323306648,8.500999999999996,0.0,0.0,0.0
263.6576720861792,41.15926289755549,8.500999999999996,0.0,0.0,0.0
263.66832923499334,41.150666130755425,8.500999999999996,0.0,0.0,0.0
263.6790169418919,41.1421556659069,8.500999999999994,0.0,0.0,0.0
263.68973630388854,41.133734275261375,8.500999999999996,0.0,0.0,0.0
263.70048843479094,41.125404770393246,8.500999999999994,0.0,0.0,0.0
263.7112744653774,41.117170002512744,8.500999999999994,0.0,0.0,0.0
263.72209554357374,41.1090328627799,8.500999999999994,0.0,0.0,0.0
263.73295283463403,41.100996282619235,8.500999999999996,0.0,0.0,0.0
263.7438475213231,41.093063234035434,8.500999999999996,0.0,0.0,0.0
263.7547808041013,41.085236729929825,8.500999999999996,0.0,0.0,0.0
263.765753901312,41.07751982441773,8.500999999999994,0.0,0.0,0.0
263.77676804937147,41.069915613146726,8.500999999999996,0.0,0.0,0.0
263.7878245029613,41.06242723361568,8.500999999999996,0.0,0.0,0.0
263.7989245352237,41.05505786549466,8.500999999999994,0.0,0.0,0.0
263.8100694379593,41.04781073094567,8.500999999999996,0.0,0.0,0.0
263.82126052182804,41.04068909494419,8.500999999999996,0.0,0.0,0.0
263.8324991165523,41.03369626560156,8.500999999999996,0.0,0.0,0.0
263.8437865711238,41.026835594488126,8.500999999999996,0.0,0.0,0.0
263.85512425401305,41.020110476957214,8.500999999999996,0.0,0.0,0.0
263.8665135533817,41.013524352469844,8.500999999999996,0.0,0.0,0.0
263.8779558772986,41.00708070492025,8.500999999999994,0.0,0.0,0.0
263.8894526539587,41.000783062962185,8.500999999999994,0.0,0.0,0.0
263.9010053319054,40.99463500033588,8.500999999999996,0.0,0.0,0.0
263.91261538025674,40.98864013619588,8.500999999999996,0.0,0.0,0.0
263.92428428893396,40.98280213543944,8.500999999999996,0.0,0.0,0.0
263.9360135688953,40.97712470903585,8.500999999999994,0.0,0.0,0.0
263.94780475237184,40.97161161435624,8.500999999999994,0.0,0.0,0.0
263.95965939310867,40.96626665550423,8.500999999999994,0.0,0.0,0.0
263.9715790666084,40.96109368364724,8.500999999999996,0.0,0.0,0.0
263.9835653703804,40.95609659734839,8.500999999999996,0.0,0.0,0.0
263.99561992419234,40.95127934289911,8.500999999999996,0.0,0.0,0.0
264.0077443703274,40.94664591465244,8.500999999999994,0.0,0.0,0.0
264.01994037384486,40.942200355356846,8.500999999999996,0.0,0.0,0.0
264.03220962284576,40.93794675649068,8.500999999999996,0.0,0.0,0.0
264.0445538287426,40.93388925859735,8.500999999999996,0.0,0.0,0.0
264.056974726534,40.930032051620856,8.500999999999996,0.0,0.0,0.0
264.069474075084,40.926379375242135,8.500999999999996,0.0,0.0,0.0
264.0820536574062,40.92293551921575,8.500999999999996,0.0,0.0,0.0
264.0947152809536,40.91970482370722,8.500999999999996,0.0,0.0,0.0
264.10746077791237,40.916691679630866,8.500999999999996,0.0,0.0,0.0
264.12029200550205,40.91390052898807,8.500999999999994,0.0,0.0,0.0
264.1332108462807,40.91133586520617,8.500999999999996,0.0,0.0,0.0
264.14621920845576,40.909002233477615,8.500999999999996,0.0,0.0,0.0
264.1593190262003,40.90690423109976,8.500999999999994,0.0,0.0,0.0
264.1725122599761,40.90504650781494,8.500999999999994,0.0,0.0,0.0
264.18580089686134,40.903433766151004,8.500999999999996,0.0,0.0,0.0
264.199186950886,40.90207076176225,8.500999999999992,0.0,0.0,0.0
264.21267246337237,40.9009623037707,8.500999999999994,0.0,0.0,0.0
264.2262595032831,40.900113255107684,8.500999999999994,0.0,0.0,0.0
264.23995016757516,40.899528532855776,8.500999999999992,0.0,0.0,0.0
264.25374658156113,40.89921310859107,8.500999999999994,0.0,0.0,0.0
264.2676508992777,40.899172008725564,8.500999999999994,0.0,0.0,0.0
264.2816653038609,40.899410314850016,8.500999999999996,0.0,0.0,0.0
264.2957920079293,40.89993316407683,8.500999999999994,0.0,0.0,0.0
264.31003325397444,40.90074574938318,8.500999999999994,0.0,0.0,0.0
264.3243913147595,40.901853319954434,8.500999999999992,0.0,0.0,0.0
264.3388684937262,40.9032611815275,8.500999999999994,0.0,0.0,0.0
