galstreams/tracks/track.st.NGC3201.ibata2021.ecsv
# %ECSV 0.9
# ---
# datatype:
# - {name: ra, unit: deg, datatype: float64}
# - {name: dec, unit: deg, datatype: float64}
# - {name: distance, unit: kpc, datatype: float64}
# - {name: pm_ra_cosdec, unit: mas / yr, datatype: float64}
# - {name: pm_dec, unit: mas / yr, datatype: float64}
# - {name: radial_velocity, unit: km / s, datatype: float64}
# delimiter: ','
# meta: !!omap
# - __serialized_columns__:
#     dec:
#       __class__: astropy.coordinates.angles.Latitude
#       unit: &id001 !astropy.units.Unit {unit: deg}
#       value: !astropy.table.SerializedColumn {name: dec}
#     distance:
#       __class__: astropy.coordinates.distances.Distance
#       unit: !astropy.units.Unit {unit: kpc}
#       value: !astropy.table.SerializedColumn {name: distance}
#     pm_dec:
#       __class__: astropy.units.quantity.Quantity
#       unit: !astropy.units.Unit {unit: mas / yr}
#       value: !astropy.table.SerializedColumn {name: pm_dec}
#     pm_ra_cosdec:
#       __class__: astropy.units.quantity.Quantity
#       unit: !astropy.units.Unit {unit: mas / yr}
#       value: !astropy.table.SerializedColumn {name: pm_ra_cosdec}
#     ra:
#       __class__: astropy.coordinates.angles.Longitude
#       unit: *id001
#       value: !astropy.table.SerializedColumn {name: ra}
#       wrap_angle: !astropy.coordinates.Angle
#         unit: *id001
#         value: 360.0
#     radial_velocity:
#       __class__: astropy.units.quantity.Quantity
#       unit: !astropy.units.Unit {unit: km / s}
#       value: !astropy.table.SerializedColumn {name: radial_velocity}
# schema: astropy-2.0
ra,dec,distance,pm_ra_cosdec,pm_dec,radial_velocity
[from data line 553]
154.8306745066925,-46.47497798821555,4.633924555443581,8.221221462823443,-1.963621193611229,-2.947268495455318e-14
154.84487120394354,-46.47719950977711,4.6341981907093395,8.21704162307744,-1.9622025658957045,-4.631421921429786e-14
154.85906872282328,-46.479420287216705,4.634476319901391,8.212844205844307,-1.9607865422640365,-3.789345208442552e-14
154.87326706739273,-46.48164030823134,4.6347589353874845,8.208629306605832,-1.9593731007797965,8.420767129872338e-15
154.88746624170065,-46.48385956051602,4.635046029535379,8.204397020824452,-1.9579622194421629,-3.368306851948935e-14
154.90166624978374,-46.486078031763704,4.635337594712822,8.20014744394327,-1.9565538761859131,-3.368306851948935e-14
154.91586709566639,-46.488295709665415,4.635633623287567,8.195880671386007,-1.955148048881445,-4.210383564936169e-15
154.93006878336098,-46.49051258191015,4.635934107627366,8.191596798556969,-1.9537447153347354,-1.6841534259744676e-14
154.9442713168675,-46.492728636184935,4.636239040099974,8.187295920840999,-1.9523438532873856,-8.420767129872338e-15
154.95847470017387,-46.49494386017478,4.636548413073142,8.182978133603479,-1.9509454404165925,-2.1051917824680846e-14
154.97267893725572,-46.49715824156272,4.636862218914622,8.178643532190263,-1.949549454335144,-1.6841534259744676e-14
154.98688403207646,-46.49937176802984,4.637180449992168,8.174292211927671,-1.9481558725914336,1.2631150694808506e-14
155.00108998858718,-46.501584427255196,4.6375030986735295,8.169924268122433,-1.9467646726694556,-1.2631150694808506e-14
155.01529681072708,-46.50379620691592,4.637830157326461,8.165539796061676,-1.945375831988768,4.210383564936169e-15
155.02950450242272,-46.50600709468717,4.6381616183187155,8.161138891012877,-1.9439893279045486,-1.6841534259744676e-14
155.04371306758864,-46.50821707824209,4.638497474018045,8.156721648223844,-1.9426051377075506,4.210383564936169e-15
155.057922510127,-46.510426145251905,4.638837716792202,8.152288162922668,-1.941223238624116,-4.210383564936169e-15
155.07213283392775,-46.51263428338589,4.639182339008939,8.147838530317703,-1.9398436078161694,-8.420767129872338e-15
155.0863440428685,-46.51484148031132,4.639531333036008,8.14337284559753,-1.9384662223812243,-2.1051917824680846e-14
155.10055614081475,-46.51704772369355,4.639884691241161,8.138891203930916,-1.9370910593523436,-5.0524602779234026e-14
155.11476913161957,-46.51925300119599,4.640242405992152,8.134393700466791,-1.9357180956981885,0.0
155.12898301912372,-46.52145730048009,4.640604469656734,8.129880430334211,-1.9343473083229932,-1.2631150694808506e-14
155.14319780715573,-46.52366060920534,4.640970874602656,8.125351488642329,-1.9329786740665513,-2.5262301389617013e-14
155.15741349953177,-46.52586291502936,4.641341613197675,8.120806970480354,-1.9316121697042234,-2.1051917824680846e-14
155.17163010005564,-46.52806420560772,4.64171667780954,8.11624697091752,-1.930247771946941,-1.6841534259744676e-14
155.185847612519,-46.5302644685942,4.642096060806004,8.111671585003062,-1.9288854574411713,-2.1051917824680846e-14
155.20006604070105,-46.53246369164054,4.642479754554823,8.107080907766175,-1.927525202768956,1.2631150694808506e-14
155.21428538836852,-46.534661862396604,4.642867751423743,8.102475034215981,-1.926166984447891,-5.0524602779234026e-14
155.22850565927607,-46.53685896851033,4.643260043780522,8.097854059341481,-1.9248107789311026,-3.368306851948935e-14
155.24272685716576,-46.53905499762775,4.643656623992912,8.093218078111573,-1.923456562607274,8.420767129872338e-15
155.25694898576734,-46.541249937392934,4.644057484428662,8.088567185474947,-1.9221043118006382,-4.210383564936169e-15
155.27117204879835,-46.54344377544809,4.644462617455528,8.08390147636011,-1.920754002770929,-1.2631150694808506e-14
155.28539604996374,-46.54563649943355,4.644872015441261,8.079221045675324,-1.9194056117134473,-4.210383564936169e-14
155.2996209929562,-46.54782809698764,4.645285670753613,8.074525988308576,-1.9180591147590016,-1.6841534259744676e-14
155.31384688145596,-46.55001855574687,4.645703575760339,8.069816399127552,-1.9167144879739357,-3.789345208442552e-14
155.32807371913086,-46.552207863345814,4.646125722829188,8.0650923729796,-1.9153717073601024,2.5262301389617013e-14
155.34230150963623,-46.55439600741718,4.646552104327915,8.060354004691687,-1.9140307488548904,-3.368306851948935e-14
155.35653025661526,-46.55658297559179,4.646982712624271,8.055601389070386,-1.912691588331157,-2.1051917824680846e-14
155.37075996369848,-46.55876875549855,4.64741754008601,8.05083462090182,-1.911354201597299,-2.5262301389617013e-14
155.38499063450402,-46.560953334764484,4.647856579080882,8.04605379495165,-1.910018564397204,-1.6841534259744676e-14
155.39922227263756,-46.56313670101477,4.648299821976644,8.041259005965015,-1.9086846524102552,-1.6841534259744676e-14
155.41345488169236,-46.5653188418727,4.648747261141043,8.036450348666529,-1.9073524412513243,-1.6841534259744676e-14
155.42768846524928,-46.56749974495968,4.649198888941836,8.031627917760222,-1.9060219064707706,-2.947268495455318e-14
155.44192302687657,-46.56967939789526,4.649654697746771,8.026791807929516,-1.90469302355443,-2.947268495455318e-14
155.45615857013016,-46.57185778829711,4.650114679923604,8.0219421138372,-1.903365767923615,-8.420767129872338e-15
155.47039509855333,-46.57403490378106,4.650578827840088,8.017078930125367,-1.9020401149351098,-2.1051917824680846e-14
155.48463261567707,-46.576210731961076,4.651047133863973,8.012202351415427,-1.9007160398811591,-2.1051917824680846e-14
155.4988711250197,-46.578385260449274,4.651519590363013,8.00731247230803,-1.8993935179894703,-4.210383564936169e-15
155.51311063008706,-46.5805584768559,4.65199618970496,8.00240938738305,-1.8980725244232022,-5.894536990910637e-14
155.5273511343726,-46.582730368789356,4.652476924257566,7.997493191199545,-1.8967530342809527,-3.789345208442552e-14
155.5415926413571,-46.58490092385624,4.652961786388585,7.9925639782957365,-1.89543502259677,1.2631150694808506e-14
155.5558351545089,-46.58707012966126,4.653450768465768,7.98762184318896,-1.8941184643401412,-2.947268495455318e-14
155.5700786772838,-46.589237973807315,4.653943862856867,7.982666880375652,-1.8928033344159731,-1.6841534259744676e-14
155.58432321312497,-46.59140444389548,4.654441061929638,7.977699184331266,-1.8914896076645955,4.210383564936169e-15
155.59856876546314,-46.593569527524956,4.654942358051828,7.972718849510316,-1.8901772588617671,-2.5262301389617013e-14
155.61281533771637,-46.59573321229317,4.655447743591194,7.967725970346257,-1.8888662627186434,-8.420767129872338e-15
155.6270629332902,-46.59789548579571,4.655957210915488,7.962720641251525,-1.8875565938817913,1.6841534259744676e-14
155.64131155557763,-46.600056335626334,4.65647075239246,7.957702956617462,-1.8862482269331786,4.210383564936169e-15
155.65556120795904,-46.602215749376995,4.656988360389864,7.9526730108142845,-1.8849411363901596,-2.5262301389617013e-14
155.6698118938022,-46.60437371463782,4.657510027275453,7.947630898191052,-1.8836352967054675,4.210383564936169e-15
155.68406361646228,-46.60653021899717,4.65803574541698,7.942576713075651,-1.882330682267229,0.0
155.69831637928186,-46.60868525004154,4.658565507182194,7.937510549774734,-1.8810272673989286,0.0
155.7125701855909,-46.61083879535568,4.6590993049388505,7.932432502573691,-1.8797250263594254,-2.5262301389617013e-14
155.72682503870675,-46.612990842522514,4.659637131054703,7.927342665736628,-1.878423933342925,4.210383564936169e-15
155.74108094193406,-46.61514137912317,4.660178977897501,7.922241133506333,-1.877123962478993,-2.947268495455318e-14
155.75533789856487,-46.617290392737004,4.660724837834999,7.9171280001042055,-1.8758250878325327,-2.1051917824680846e-14
155.76959591187867,-46.619437870941574,4.661274703234949,7.912003359730274,-1.8745272834037827,1.2631150694808506e-14
155.7838549851421,-46.62158380131266,4.661828566465103,7.906867306563124,-1.873230523128318,4.210383564936169e-15
155.7981151216093,-46.62372817142426,4.662386419893215,7.901719934759884,-1.8719347808770264,-8.420767129872338e-15
155.81237632452164,-46.62587096884861,4.662948255887034,7.896561338456176,-1.8706400304561146,8.420767129872338e-15
155.82663859710786,-46.62801218115612,4.663514066814317,7.891391611766086,-1.8693462456070926,1.2631150694808506e-14
155.84090194258394,-46.630151795915516,4.664083845042813,7.886210848782131,-1.8680534000067737,-2.947268495455318e-14
155.8551663641533,-46.63228980069368,4.6646575829402765,7.881019143575233,-1.8667614672672541,-4.210383564936169e-15
155.86943186500645,-46.6344261830558,4.665235272874459,7.875816590194658,-1.865470420935922,-4.210383564936169e-14
155.88369844832135,-46.63656093056526,4.665816907213114,7.870603282668004,-1.8641802344954348,-1.6841534259744676e-14
155.8979661172632,-46.63869403078371,4.666402478323993,7.865379315001164,-1.8628908813637224,-1.2631150694808506e-14
155.91223487498442,-46.64082547127105,4.666991978574848,7.860144781178281,-1.8616023348939712,-3.368306851948935e-14
155.92650472462472,-46.642955239585405,4.667585400333433,7.854899775161719,-1.8603145683746174,-4.210383564936169e-14
155.9407756693111,-46.64508332328319,4.668182735967499,7.8496443908920295,-1.8590275550293396,8.420767129872338e-15
155.9550477121577,-46.64720970991908,4.6687839778448,7.844378722287909,-1.857741268017062,-8.420767129872338e-15
155.969320856266,-46.649334387046004,4.669389118333087,7.839102863246175,-1.8564556804319232,-2.5262301389617013e-14
155.98359510472466,-46.65145734221514,4.669998149800114,7.833816907641722,-1.855170765303282,-4.210383564936169e-15
155.99787046060956,-46.653578562975966,4.670611064613633,7.828520949327479,-1.8538864955957122,-1.2631150694808506e-14
156.01214692698377,-46.65569803687623,4.671227855141397,7.823215082134398,-1.8526028442089841,-8.420767129872338e-15
156.02642450689765,-46.657815751461946,4.671848513751157,7.817899399871405,-1.8513197839780622,1.2631150694808506e-14
156.0407032033887,-46.659931694277425,4.672473032810666,7.812573996325353,-1.8500372876730964,8.420767129872338e-15
156.05498301948148,-46.66204585286524,4.673101404687675,7.807238965261004,-1.848755327999411,-3.789345208442552e-14
156.06926395818797,-46.664158214766275,4.67373362174994,7.801894400420988,-1.8474738775974902,-2.947268495455318e-14
156.08354602250716,-46.666268767519696,4.6743696763652105,7.796540395525767,-1.8461929090429834,4.210383564936169e-15
156.09782921542524,-46.668377498663,4.675009560901242,7.791177044273591,-1.8449123948466868,1.6841534259744676e-14
156.1121135399155,-46.670484395731904,4.675653267725785,7.7858044403404865,-1.843632307454538,-3.368306851948935e-14
156.12639899893847,-46.672589446260524,4.67630078920659,7.780422677380196,-1.8423526192475967,-1.2631150694808506e-14
156.1406855954418,-46.674692637781206,4.676952117711415,7.775031849024146,-1.8410733025420485,4.210383564936169e-15
156.15497333236016,-46.67679395782466,4.677607245608005,7.76963204888143,-1.8397943295891945,-4.210383564936169e-15
156.16926221261545,-46.67889339391989,4.6782661652641195,7.76422337053875,-1.838515672575431,0.0
156.18355223911666,-46.68099093359421,4.678928869047507,7.758805907560394,-1.8372373036222536,-2.947268495455318e-14
156.1978434147599,-46.68308656437327,4.679595349325922,7.7533797534882005,-1.835959194786236,-2.5262301389617013e-14
156.2121357424283,-46.68518027378102,4.680265598467116,7.747945001841512,-1.8346813180590271,-2.5262301389617013e-14
156.22642922499213,-46.68727204933981,4.680939608838841,7.7425017461171475,-1.8334036453673441,-8.420767129872338e-15
156.24072386530875,-46.68936187857022,4.681617372808851,7.7370500797893795,-1.832126148572954,1.2631150694808506e-14
156.25501966622258,-46.69144974899124,4.682298882744895,7.731590096309859,-1.8308487994726725,2.5262301389617013e-14
156.26931663056502,-46.69353564812019,4.682984131014732,7.726121889107621,-1.8295715697983495,-4.210383564936169e-14
156.28361476115467,-46.695619563472704,4.683673109986109,7.720645551589029,-1.8282944312168543,0.0
156.29791406079707,-46.69770148256279,4.684365812026778,7.715161177137752,-1.827017355330081,8.420767129872338e-15
156.3122145322848,-46.69978139290281,4.685062229504496,7.709668859114691,-1.8257403136749228,4.210383564936169e-15
156.32651617839755,-46.70185928200346,4.685762354787012,7.704168690858001,-1.8244632777232699,2.947268495455318e-14
156.34081900190193,-46.70393513737381,4.686466180242079,7.698660765683009,-1.8231862188819985,-8.420767129872338e-15
156.3551230055516,-46.706008946521294,4.6871736982374514,7.693145176882192,-1.8219091084929597,-2.1051917824680846e-14
156.36942819208724,-46.7080806969517,4.68788490114088,7.687622017725151,-1.8206319178329644,-4.210383564936169e-15
156.38373456423653,-46.710150376169175,4.688599781320115,7.682091381458559,-1.8193546181137852,4.210383564936169e-15
156.3980421247141,-46.712217971676296,4.689318331142915,7.676553361306127,-1.8180771804821325,2.1051917824680846e-14
156.41235087622152,-46.714283470973946,4.6900405429770275,7.67100805046859,-1.816799576019661,-2.5262301389617013e-14
156.42666082144746,-46.716346861561426,4.690766409190206,7.665455542123636,-1.8155217757429298,1.2631150694808506e-14
156.44097196306743,-46.718408130936425,4.691495922150205,7.659895929425893,-1.814243750603429,1.2631150694808506e-14
156.45528430374395,-46.720467266595,4.692229074224774,7.654329305506887,-1.8129654714875398,8.420767129872338e-15
156.46959784612648,-46.72252425603161,4.692965857781668,7.6487557634750045,-1.8116869092165402,2.5262301389617013e-14
156.48391259285134,-46.724579086739126,4.693706265188637,7.6431753964154545,-1.8104080345465878,-4.210383564936169e-15
156.49822854654192,-46.72663174620879,4.694450288813436,7.637588297390239,-1.809128818168704,8.420767129872338e-15
156.5125457098084,-46.72868222193025,4.695197921023816,7.6319945594381045,-1.8078492307087797,-2.5262301389617013e-14
156.52686408524792,-46.730730501391584,4.695949154187531,7.626394275574519,-1.806569242727543,-8.420767129872338e-15
156.54118367544456,-46.73277657207926,4.696703980672331,7.620787538791629,-1.805288824720567,-1.2631150694808506e-14
156.5555044829692,-46.734820421478176,4.69746239284597,7.615174442058217,-1.8040079471182495,-3.368306851948935e-14
156.56982651037973,-46.73686203707162,4.698224383076202,7.609555078319672,-1.8027265802857975,-1.2631150694808506e-14
156.58414976022075,-46.73890140634133,4.698989943730775,7.603929540497955,-1.801444694523231,-8.420767129872338e-15
156.5984742350239,-46.74093851676746,4.699759067177447,7.598297921491563,-1.800162260065357,-1.2631150694808506e-14
156.61279993730759,-46.74297335582858,4.700531745783967,7.59266031417548,-1.7988792470817656,-4.210383564936169e-15
156.62712686957704,-46.74500591100172,4.701307971918087,7.587016811401148,-1.7975956256768173,-2.1051917824680846e-14
156.64145503432445,-46.74703616976232,4.702087737947563,7.581367505996437,-1.7963113658896293,1.6841534259744676e-14
156.6557844340287,-46.749064119584276,4.702871036240143,7.575712490765599,-1.7950264376940726,3.368306851948935e-14
156.67011507115558,-46.751089747939915,4.703657859163584,7.570051858489229,-1.793740810998746,3.789345208442552e-14
156.68444694815767,-46.753113042300015,4.704448199085634,7.56438570192425,-1.7924544556469844,4.210383564936169e-15
156.69878006747442,-46.75513399013383,4.705242048374051,7.558714113803831,-1.7911673414168203,2.5262301389617013e-14
156.71311443153195,-46.757152578909036,4.706039399396581,7.5530371868373996,-1.7898794380210028,-4.210383564936169e-15
156.72745004274333,-46.75916879609178,4.706840244520982,7.547355013710576,-1.7885907151069595,2.5262301389617013e-14
156.7417869035083,-46.76118262914666,4.707644576115004,7.541667687085159,-1.7873011422568066,2.947268495455318e-14
156.75612501621345,-46.76319406553677,4.708452386546399,7.535975299599043,-1.7860106889873197,2.947268495455318e-14
156.770464383232,-46.76520309272367,4.7092636681829205,7.530277943866234,-1.7847193247499336,4.210383564936169e-15
