galstreams/tracks/track.st.Jhelum.ibata2020.ecsv
# %ECSV 0.9
# ---
# datatype:
# - {name: ra, unit: deg, datatype: float64}
# - {name: dec, unit: deg, datatype: float64}
# - {name: distance, unit: kpc, datatype: float64}
# - {name: pm_ra_cosdec, unit: mas / yr, datatype: float64}
# - {name: pm_dec, unit: mas / yr, datatype: float64}
# - {name: radial_velocity, unit: km / s, datatype: float64}
# delimiter: ','
# meta: !!omap
# - __serialized_columns__:
#     dec:
#       __class__: astropy.coordinates.angles.Latitude
#       unit: &id001 !astropy.units.Unit {unit: deg}
#       value: !astropy.table.SerializedColumn {name: dec}
#     distance:
#       __class__: astropy.coordinates.distances.Distance
#       unit: !astropy.units.Unit {unit: kpc}
#       value: !astropy.table.SerializedColumn {name: distance}
#     pm_dec:
#       __class__: astropy.units.quantity.Quantity
#       unit: !astropy.units.Unit {unit: mas / yr}
#       value: !astropy.table.SerializedColumn {name: pm_dec}
#     pm_ra_cosdec:
#       __class__: astropy.units.quantity.Quantity
#       unit: !astropy.units.Unit {unit: mas / yr}
#       value: !astropy.table.SerializedColumn {name: pm_ra_cosdec}
#     ra:
#       __class__: astropy.coordinates.angles.Longitude
#       unit: *id001
#       value: !astropy.table.SerializedColumn {name: ra}
#       wrap_angle: !astropy.coordinates.Angle
#         unit: *id001
#         value: 360.0
#     radial_velocity:
#       __class__: astropy.units.quantity.Quantity
#       unit: !astropy.units.Unit {unit: km / s}
#       value: !astropy.table.SerializedColumn {name: radial_velocity}
# schema: astropy-2.0
ra,dec,distance,pm_ra_cosdec,pm_dec,radial_velocity
10.4235454999695,-49.86282912239977,10.860267202989734,7.735215317310644,-2.612542021960687,3.368306851948935e-14
10.214023109949606,-49.89693343742245,10.835320949934923,7.745120508500866,-2.634083720751001,1.0104920555846805e-13
10.004252032416671,-49.9307690334667,10.810932472096233,7.754602831745407,-2.6557790371644647,1.6841534259744676e-14
9.794232764454257,-49.964333493727736,10.787097353602546,7.763664130849601,-2.6776240033428946,8.420767129872338e-14
9.583965849437579,-49.997624399887414,10.763811178582749,7.772306275755781,-2.69961466148463,4.210383564936169e-14
9.37345187734619,-50.03063933228661,10.741069531165722,7.780531162642645,-2.721747064097605,1.0946997268834039e-13
9.162691485071399,-50.063375870099414,10.718867995480348,7.788340714022565,-2.744017274256941,9.262843842859572e-14
8.951685356718647,-50.09583159150922,10.697202155655512,7.795736878836862,-2.7664213658669503,1.2631150694808508e-13
8.740434223903597,-50.12800407388679,10.676067595820102,7.802721632548845,-2.7889554239277308,5.894536990910637e-14
8.52893886604317,-50.15989089397017,10.655459900102995,7.809296977234648,-2.811615544806136,1.0104920555846805e-13
8.317200110640243,-50.19148962804631,10.635374652633077,7.815464941671554,-2.834397836511278,8.420767129872338e-14
8.105218833562295,-50.222797852134754,10.615807437539234,7.82122758142391,-2.8572984189744677,6.73661370389787e-14
7.892995959313643,-50.25381314217291,10.596753838950347,7.826586978926395,-2.880313424333616,9.262843842859572e-14
7.680532461301144,-50.28453307420326,10.5782094409953,7.831545243564554,-2.903438997222068,1.0104920555846805e-13
7.467829362093164,-50.31495522456229,10.560169827802971,7.836104511752521,-2.926671295061852,7.578690416885104e-14
7.254887733671556,-50.34507717007112,10.542630583502255,7.840266947007803,-2.9500064883613284,7.578690416885104e-14
7.041708697676527,-50.374896488227876,10.525587292222028,7.8440347400230035,-2.973440761017206,8.420767129872338e-14
6.828293425644093,-50.404410757401784,10.509035538091176,7.847410108734381,-2.9969703106209007,7.578690416885104e-14
6.614643139236095,-50.433617557028825,10.492970905238582,7.850395298387144,-3.020591348769217,8.420767129872338e-14
6.400759110462238,-50.46251446780912,10.477388977793128,7.852992581597345,-3.044300101379295,8.420767129872338e-14
6.1866426618947505,-50.491099071905836,10.462285339883705,7.855204258410291,-3.068092809007781,1.1789073981821273e-13
5.972295166873925,-50.519368953145715,10.447655575639185,7.857032656355331,-3.0919657271742653,1.0104920555846805e-13
5.757718049706263,-50.547321697221115,10.433495269188459,7.8584801304968686,-3.115915126688797,5.0524602779234026e-14
5.542912785853573,-50.574954891893526,10.419800004660411,7.859549063481641,-3.139937293983543,6.73661370389787e-14
5.3278809021134705,-50.60226612719862,10.406565366183921,7.860241865581941,-3.1640285314485026,6.73661370389787e-14
5.112623976790912,-50.62925299565261,10.393786937887878,7.860560974734793,-3.1881851577712235,1.0104920555846805e-13
4.897143639860607,-50.65591309246011,10.381460303901155,7.860508856576997,-3.2124035082804445,8.420767129872338e-14
4.681441573120093,-50.68224401572336,10.369581048352645,7.860088004475803,-3.236679935293636,6.73661370389787e-14
4.465519510333313,-50.708243366652674,10.35814475537123,7.859300939555222,-3.261010808468348,6.73661370389787e-14
4.249379237364446,-50.73390874977817,10.347147009085791,7.858150210717792,-3.285392515157305,6.73661370389787e-14
4.033022592301866,-50.75923777316286,10.336583393625219,7.856638394661719,-3.309821460767165,1.1789073981821273e-13
3.8164514655719097,-50.784228048616725,10.326449493118387,7.854768095893277,-3.334294069120897,6.73661370389787e-14
3.5996678000428157,-50.80887719191216,10.316740891694188,7.852541946734325,-3.3588067828236006,8.420767129872338e-14
3.382673591117311,-50.83318282300029,10.307453173481496,7.849962607324876,-3.383356063631883,5.0524602779234026e-14
3.1654708868154064,-50.85714256622857,10.298581922609202,7.847032765620585,-3.4079383928264475,1.1789073981821273e-13
2.948061787846003,-50.88075405055913,10.290122723206183,7.843755137385027,-3.432550271588011,6.73661370389787e-14
2.730448447667507,-50.90401490978838,10.282071159401335,7.840132466176726,-3.457188221376324,3.368306851948935e-14
2.5126330725373163,-50.9269227827672,10.27442281532353,7.836167523330754,-3.4818487843122985,6.73661370389787e-14
2.2946179215499085,-50.94947531362224,10.267173275101655,7.8318631079348195,-3.506528523563026,8.420767129872338e-14
2.0764053066634838,-50.971670151977875,10.260318122864595,7.827222046799753,-3.5312240237296812,8.420767129872338e-14
1.8579975927148404,-50.993504953179006,10.25385294274123,7.822247194424328,-3.5559318912381404,1.1789073981821273e-13
1.6393971974224735,-51.014977378514445,10.247773318860446,7.816941432954181,-3.5806487547322154,1.0104920555846805e-13
1.4206065913776245,-51.03608509544105,10.242074835351128,7.811307672134919,-3.6053712654693797,1.1789073981821273e-13
1.201628298023111,-51.05682577780837,10.236753076342158,7.80534884925916,-3.6300960977189005,6.73661370389787e-14
0.9824648936202528,-51.077197106083844,10.23180362596242,7.7990679291075224,-3.6548199491621376,8.420767129872338e-14
0.7631190072025099,-51.09719676757844,10.227222068340796,7.792467903883372,-3.6795395412950946,8.420767129872338e-14
0.5435933205173331,-51.11682245667277,10.223003987606175,7.785551793141328,-3.704251619832829,6.73661370389787e-14
0.32389056795488946,-51.13607187504344,10.219144967887432,7.778322643709396,-3.728952955115771,6.73661370389787e-14
0.10401353646399532,-51.15494273188979,10.215640593313456,7.770783529604659,-3.753640342517743,6.73661370389787e-14
359.88396506545496,-51.17343274416077,10.212486448013134,7.762937551942386,-3.7783106028555316,-1.0104920555846805e-13
359.66374804668965,-51.19153963678204,10.209678116115343,7.754787838838609,-3.8029605827998774,8.420767129872338e-14
359.44336542415755,-51.20926114288312,10.207211181748967,7.746337545305927,-3.827587155287759,6.73661370389787e-14
359.22282019393936,-51.226595004024595,10.205081229042895,7.737589853142597,-3.852187219935721,6.73661370389787e-14
359.00211540405655,-51.24353897042525,10.203283842126005,7.728547970814784,-3.8767577034542158,-6.73661370389787e-14
358.78125415430776,-51.260090801189094,10.201814605127185,7.719215133331907,-3.9012955600626906,-5.0524602779234026e-14
358.5602395960907,-51.276248264532335,10.200669102175313,7.7095946021149855,-3.9257977719053514,6.73661370389787e-14
358.3390749322117,-51.292009138009846,10.199842917399279,7.6996896648580355,-3.950261349467308,3.368306851948935e-14
358.1177634166798,-51.30737120874161,10.199331634927962,7.6895036353823105,-3.9746833319910935,0.0
357.89630835448827,-51.32233227363861,10.199130838890252,7.679039853483431,-3.9990607878932307,6.73661370389787e-14
357.6747131013813,-51.336890139628274,10.199236113415022,7.668301684771341,-4.023390815180777,3.368306851948935e-14
357.45298106360707,-51.35104262387947,10.199643042631164,7.657292520503017,-4.047670541867584,1.0104920555846805e-13
357.23111569765643,-51.36478755402686,10.200347210667559,7.646015777407903,-4.071897126390191,-3.368306851948935e-14
357.00912050998767,-51.37812276839452,10.20134420165309,7.634474897506054,-4.0960677580230485,8.420767129872338e-14
356.7869990567367,-51.391046116218945,10.202629599716643,7.622673347918885,-4.120179657293014,-3.368306851948935e-14
356.5647549434135,-51.403555457871136,10.204198988987098,7.6106146206726155,-4.144230076392789,1.6841534259744676e-14
356.34239182458384,-51.415648665077825,10.206047953593343,7.598302232494257,-4.168216299593256,-3.368306851948935e-14
356.11991340353677,-51.427323621141724,10.208172077664255,7.5857397246002005,-4.192135643654371,1.6841534259744676e-14
355.89732343193805,-51.43857822116076,10.210566945328726,7.572930662477354,-4.215985458234575,5.0524602779234026e-14
355.674625709469,-51.449410372246135,10.213228140715636,7.559878635656876,-4.239763126298339,1.0104920555846805e-13
355.45182408345096,-51.45981799373922,10.216151247953864,7.546587257480401,-4.263466064521877,-3.368306851948935e-14
355.22892244845576,-51.469799017427235,10.219331851172301,7.533060164858814,-4.287091723696568,6.73661370389787e-14
355.00592474590144,-51.47935138775746,10.222765534499825,7.519301018023619,-4.310637589130124,-1.1789073981821273e-13
354.78283496363406,-51.488473062050105,10.22644788206532,7.5053135002708045,-4.334101181045089,-1.6841534259744676e-14
354.559657135495,-51.49716201070967,10.230374477997676,7.491101317697299,-4.357480054974667,-1.0104920555846805e-13
354.33639534087433,-51.50541621743473,10.23454090642577,7.476668198930018,-4.380771802155494,1.6841534259744676e-14
354.1130537042494,-51.51323367942595,10.238942751478488,7.4620178948475075,-4.403974049917269,3.368306851948935e-14
353.8896363947102,-51.52061240759259,10.243575597284712,7.4471541782942055,-4.427084462068976,-3.368306851948935e-14
353.66614762547,-51.527550426757,10.24843502797333,7.432080843787417,-4.450100739281506,3.368306851948935e-14
353.4425916533619,-51.53404577585731,10.25351662767322,7.41680170721693,-4.473020619466499,3.368306851948935e-14
353.2189727783223,-51.54009650814814,10.258815980513267,7.4013206055374505,-4.495841878151138,5.0524602779234026e-14
352.9952953428599,-51.54570069139927,10.26432867062236,7.385641396453787,-4.51856232884871,-3.368306851948935e-14
352.77156373151075,-51.55085640809222,10.270050282129374,7.369767958098899,-4.541179823424801,6.73661370389787e-14
352.5477823702804,-51.55556175561459,10.275976399163198,7.353704188704849,-4.563692252458785,5.0524602779234026e-14
352.32395572607214,-51.559814846452134,10.282102605852716,7.337454006266772,-4.58609754560049,-5.0524602779234026e-14
352.10008830610195,-51.563613808378534,10.288424486326809,7.3210213481998405,-4.608393671921808,0.0
351.87618465730014,-51.56695678464271,10.294937624714361,7.304410170989372,-4.630578640263052,5.0524602779234026e-14
351.65224936569984,-51.56984193415365,10.301637605144258,7.287624449834138,-4.652650499573854,3.368306851948935e-14
351.428287055813,-51.57226743166267,10.30852001174538,7.270668178282991,-4.6746073392483565,-6.73661370389787e-14
351.2043023899928,-51.57423146794304,10.315580428646614,7.2535453678648185,-4.69644728945458,5.0524602779234026e-14
350.98030006778407,-51.57573224996684,10.322814439976842,7.236260047712014,-4.718168521457709,1.6841534259744676e-14
350.75628482526105,-51.576768001079174,10.330217629864947,7.218816264177513,-4.73976924793708,-1.1789073981821273e-13
350.5322614343528,-51.5773369611693,10.337785582439814,7.201218080445552,-4.761247723296713,1.6841534259744676e-14
350.3082347021562,-51.57743738683907,10.345513881830325,7.183469576136137,-4.782602243969236,-1.1789073981821273e-13
350.08420947023836,-51.577067551568206,10.353398112165364,7.165574846903574,-4.803831148712817,-1.0104920555846805e-13
349.86019061392545,-51.57622574587651,10.361433857573816,7.147538004028888,-4.824932818901218,-1.0104920555846805e-13
349.6361830415815,-51.57491027748308,10.369616702184564,7.129363174006524,-4.845905678806503,-1.515738083377021e-13
349.4121916938752,-51.5731194714622,10.377942230126491,7.111054498125305,-4.8667481958743455,3.368306851948935e-14
349.18822154303615,-51.57085167039597,10.386406025528483,7.092616132043828,-4.887458880991771,1.6841534259744676e-14
348.9642775921,-51.56810523452362,10.39500367251942,7.074052245360478,-4.908036288747071,-1.6841534259744676e-14
348.7403648741433,-51.56487854188751,10.403730755228189,7.055367021178129,-4.928479017681796,-8.420767129872338e-14
348.5164884515078,-51.5611699884755,10.412582857783665,7.036564655663781,-4.94878571053461,-1.6841534259744676e-14
348.2926534150147,-51.556977988359954,10.421555564314747,7.017649357603171,-4.968955054476856,-1.347322740779574e-13
348.0688648831695,-51.552300973833084,10.430644458950306,6.998625347950693,-4.988985781339643,-1.515738083377021e-13
347.8451280013572,-51.547137395538684,10.439845125819229,6.979496859374567,-5.00887666783233,-3.368306851948935e-14
347.6214479410277,-51.54148572260018,10.449153149050403,6.960268135797634,-5.028626535752237,0.0
347.39782989887357,-51.53534444274485,10.45856411277271,6.940943431933847,-5.0482342521854076,-1.347322740779574e-13
347.17427909599786,-51.52871206242438,10.468073601115028,6.921527012820666,-5.067698729698297,-8.420767129872338e-14
346.9508007770743,-51.521587106931456,10.477677198206246,6.902023153347472,-5.087018926520279,-1.6841534259744676e-14
346.72740020949925,-51.51396812051243,10.487370488175248,6.882436137780325,-5.106193846716746,-1.0104920555846805e-13
346.5040826825362,-51.505853666476135,10.497149055150915,6.862770259283155,-5.125222540352739,-1.0104920555846805e-13
346.2808535064524,-51.49724232729861,10.507008483262132,6.843029819435558,-5.144104103646988,-1.6841534259744677e-13
346.0577180116489,-51.488132704723746,10.516944356637783,6.823219127747495,-5.162837679116151,-6.73661370389787e-14
345.8346815477835,-51.47852341985998,10.526952259406752,6.803342501171003,-5.1814224557092725,-1.8525687685719145e-13
345.61174948288755,-51.46841311327268,10.53702777569792,6.783404263609179,-5.199857668932188,0.0
345.38892720247617,-51.45780044507243,10.547166489640173,6.7634087454225895,-5.218142600961947,-1.347322740779574e-13
345.1662201086539,-51.44668409499909,10.557363985362397,6.743360282933418,-5.236276580750954,-1.6841534259744676e-14
344.943633619213,-51.43506276250164,10.56761584699347,6.723263217927376,-5.254258984120961,-1.0104920555846805e-13
344.72117316672916,-51.42293516681364,10.577917658662276,6.703121897153833,-5.272089233846572,-1.347322740779574e-13
344.49884419765027,-51.41030004702443,10.588265004497703,6.682940671824174,-5.289766799728408,-3.368306851948935e-14
344.2766521713822,-51.397156162145976,10.598653468628632,6.662723897108708,-5.307291198655719,-1.6841534259744677e-13
344.05460255937044,-51.383502291175276,10.609078635183945,6.64247593163236,-5.32466199465836,-8.420767129872338e-14
343.83270084417774,-51.36933723315244,10.619536088292529,6.622201136969273,-5.341878798948224,-1.0104920555846805e-13
343.6109525185587,-51.35465980721422,10.630021412083266,6.601903877136678,-5.358941269949832,0.0
343.38936308453174,-51.33946885264317,10.64053019068504,6.5815885180881395,-5.375849113320287,-1.1789073981821273e-13
343.1679380524483,-51.3237632289123,10.651058008226736,6.56125942720646,-5.392602081958308,-8.420767129872338e-14
342.9466829400599,-51.30754181572519,10.661600448837236,6.540920972796486,-5.409199976002526,-1.6841534259744677e-13
342.72560327158374,-51.29080351305159,10.672153096645419,6.5205775235780035,-5.42564264281881,-6.73661370389787e-14
342.50470457676664,-51.27354724115859,10.682711535780177,6.500233448178942,-5.441929976976775,-8.420767129872338e-14
342.28399238994825,-51.255771940637025,10.69327135037039,6.47989311462921,-5.4580619202152985,-1.515738083377021e-13
342.0634722491233,-51.23747657242358,10.703828124544938,6.459560889855277,-5.474038461397166,-2.020984111169361e-13
341.8431496950041,-51.21866011781809,10.714377442432712,6.439241139175778,-5.489859636452721,-1.6841534259744676e-14
341.6230302700827,-51.19932157849644,10.724914888162589,6.418938225798412,-5.505525528312679,-1.6841534259744677e-13
341.40311951769405,-51.179459976518785,10.735436045863457,6.398656510318292,-5.521036266829878,-1.0104920555846805e-13
341.1834229810796,-51.159074354333214,10.7459364996642,6.3784003502180076,-5.536392028690264,-1.1789073981821273e-13
340.96394620245275,-51.13816377477489,10.756411833693694,6.358174099369657,-5.551593037312883,-5.0524602779234026e-14
340.7446947220651,-51.11672732106049,10.76685763208083,6.337982107539013,-5.566639562739077,-8.420767129872338e-14
340.52567407727594,-51.0947640967782,10.77726947895449,6.317828719892111,-5.581531921510829,-1.8525687685719145e-13
340.30688980162324,-51.07227322587304,10.78764295844356,6.297718276504437,-5.59627047653834,-5.0524602779234026e-14
