galstreams/tracks/track.st.Spectre.chandra2022.ecsv
# %ECSV 1.0
# ---
# datatype:
# - {name: ra, unit: deg, datatype: float64}
# - {name: dec, unit: deg, datatype: float64}
# - {name: distance, unit: kpc, datatype: float64}
# - {name: pm_ra_cosdec, unit: mas / yr, datatype: float64}
# - {name: pm_dec, unit: mas / yr, datatype: float64}
# - {name: radial_velocity, unit: km / s, datatype: float64}
# delimiter: ','
# meta: !!omap
# - __serialized_columns__:
#     dec:
#       __class__: astropy.coordinates.angles.Latitude
#       unit: &id001 !astropy.units.Unit {unit: deg}
#       value: !astropy.table.SerializedColumn {name: dec}
#     distance:
#       __class__: astropy.coordinates.distances.Distance
#       unit: !astropy.units.Unit {unit: kpc}
#       value: !astropy.table.SerializedColumn {name: distance}
#     pm_dec:
#       __class__: astropy.units.quantity.Quantity
#       unit: !astropy.units.Unit {unit: mas / yr}
#       value: !astropy.table.SerializedColumn {name: pm_dec}
#     pm_ra_cosdec:
#       __class__: astropy.units.quantity.Quantity
#       unit: !astropy.units.Unit {unit: mas / yr}
#       value: !astropy.table.SerializedColumn {name: pm_ra_cosdec}
#     ra:
#       __class__: astropy.coordinates.angles.Longitude
#       unit: *id001
#       value: !astropy.table.SerializedColumn {name: ra}
#       wrap_angle: !astropy.coordinates.Angle
#         unit: *id001
#         value: 360.0
#     radial_velocity:
#       __class__: astropy.units.quantity.Quantity
#       unit: !astropy.units.Unit {unit: km / s}
#       value: !astropy.table.SerializedColumn {name: radial_velocity}
# schema: astropy-2.0
ra,dec,distance,pm_ra_cosdec,pm_dec,radial_velocity
[from data line 298]
215.7083769357442,41.30670436669421,12.499999999999998,-5.691148180161721,-5.213266030075275,-138.2571090525216
215.69900621919928,41.29957348872459,12.499999999999998,-5.6908234565973395,-5.21455149087237,-138.22101961869922
215.68963755642088,41.292441847832954,12.499999999999998,-5.690498716171388,-5.215836729799566,-138.18493018487672
215.68027094668042,41.285309444366746,12.499999999999998,-5.690173958964669,-5.217121746929554,-138.14884075105428
215.6709063892494,41.27817627867328,12.499999999999998,-5.689849185057922,-5.218406542335024,-138.1127513172318
215.66154388339953,41.27104235109967,12.499999999999998,-5.689524394531813,-5.219691116088652,-138.0766618834094
215.65218342840254,41.26390766199292,12.5,-5.689199587466939,-5.2209754682631235,-138.04057244958696
215.64282502353043,41.256772211699825,12.499999999999998,-5.688874763943833,-5.222259598931105,-138.00448301576458
215.63346866805523,41.24963600056704,12.499999999999995,-5.688549924042956,-5.223543508165272,-137.96839358194197
215.62411436124916,41.24249902894106,12.499999999999998,-5.6882250678446935,-5.224827196038282,-137.93230414811958
215.6147621023846,41.235361297168254,12.499999999999998,-5.687900195429374,-5.226110662622794,-137.89621471429737
215.60541189073396,41.22822280559473,12.499999999999998,-5.687575306877248,-5.2273939079914715,-137.8601252804748
215.5960637255699,41.221083554566576,12.499999999999995,-5.687250402268505,-5.228676932216955,-137.82403584665238
215.58671760616517,41.21394354442959,12.499999999999995,-5.686925481683258,-5.229959735371895,-137.78794641282988
215.57737353179266,41.20680277552951,12.5,-5.686600545201553,-5.231242317528928,-137.75185697900744
215.56803150172541,41.19966124821184,12.499999999999996,-5.686275592903375,-5.232524678760688,-137.71576754518512
215.5586915152366,41.192518962821964,12.499999999999998,-5.685950624868627,-5.233806819139809,-137.67967811136273
215.54935357159948,41.1853759197051,12.499999999999998,-5.685625641177158,-5.235088738738914,-137.6435886775401
215.54001767008756,41.17823211920632,12.499999999999998,-5.685300641908739,-5.236370437630625,-137.60749924371783
215.5306838099744,41.171087561670504,12.5,-5.684975627143071,-5.237651915887552,-137.5714098098954
215.52135199053367,41.16394224744239,12.499999999999998,-5.684650596959799,-5.238933173582311,-137.535320376073
215.5120222110393,41.156796176866564,12.499999999999998,-5.684325551438484,-5.240214210787502,-137.49923094225045
215.50269447076528,41.149649350287426,12.5,-5.68400049065863,-5.241495027575725,-137.46314150842804
215.49336876898568,41.14250176804926,12.5,-5.683675414699669,-5.242775624019581,-137.4270520746056
215.48404510497483,41.13535343049615,12.499999999999998,-5.683350323640965,-5.244056000191651,-137.39096264078324
215.47472347800712,41.12820433797204,12.5,-5.683025217561809,-5.245336156164521,-137.35487320696066
215.46540388735716,41.121054490820725,12.499999999999998,-5.682700096541435,-5.246616092010769,-137.31878377313834
215.45608633229952,41.1139038893858,12.499999999999995,-5.682374960659001,-5.247895807802974,-137.28269433931578
215.44677081210915,41.10675253401077,12.499999999999998,-5.682049809993597,-5.249175303613694,-137.24660490549346
215.43745732606095,41.09960042503891,12.499999999999998,-5.681724644624245,-5.250454579515496,-137.21051547167102
215.42814587343005,41.09244756281336,12.499999999999998,-5.681399464629905,-5.251733635580939,-137.1744260378486
215.4188364534917,41.085293947677144,12.499999999999995,-5.681074270089465,-5.253012471882572,-137.13833660402614
215.4095290655213,41.07813957997305,12.499999999999995,-5.680749061081743,-5.254291088492942,-137.10224717020355
215.40022370879436,41.070984460043775,12.499999999999998,-5.68042383768549,-5.255569485484585,-137.06615773638117
215.39092038258653,41.063828588231836,12.499999999999995,-5.680098599979397,-5.256847662930039,-137.03006830255867
215.38161908617369,41.05667196487956,12.499999999999998,-5.679773348042076,-5.258125620901832,-136.99397886873638
215.37231981883173,41.04951459032915,12.499999999999998,-5.679448081952078,-5.259403359472484,-136.95788943491397
215.36302257983675,41.042356464922655,12.499999999999998,-5.679122801787891,-5.2606808787145205,-136.92180000109153
215.353727368465,41.03519758900196,12.499999999999998,-5.678797507627919,-5.2619581787004455,-136.88571056726911
215.34443418399277,41.02803796290875,12.499999999999998,-5.6784721995505185,-5.2632352595027685,-136.84962113344656
215.3351430256967,41.020877586984625,12.499999999999998,-5.678146877633968,-5.264512121193988,-136.81353169962415
215.32585389285342,41.013716461570965,12.499999999999998,-5.677821541956479,-5.265788763846597,-136.77744226580177
215.31656678473962,41.00655458700901,12.499999999999998,-5.677496192596196,-5.267065187533086,-136.74135283197927
215.30728170063233,40.99939196363988,12.5,-5.677170829631201,-5.268341392325937,-136.70526339815697
215.2979986398086,40.99222859180448,12.499999999999998,-5.676845453139505,-5.2696173782976246,-136.6691739643345
215.28871760154564,40.985064471843586,12.499999999999998,-5.676520063199044,-5.27089314552062,-136.63308453051198
215.27943858512086,40.977899604097836,12.499999999999998,-5.676194659887707,-5.272168694067385,-136.59699509668965
215.2701615898117,40.97073398890764,12.499999999999998,-5.6758692432833,-5.273444024010381,-136.56090566286716
215.26088661489584,40.96356762661332,12.499999999999998,-5.675543813463562,-5.274719135422058,-136.52481622904477
215.25161365965104,40.956400517555025,12.499999999999995,-5.675218370506174,-5.275994028374864,-136.4887267952223
215.24234272335525,40.94923266207274,12.499999999999996,-5.674892914488741,-5.277268702941235,-136.45263736139978
215.23307380528655,40.94206406050628,12.499999999999998,-5.674567445488812,-5.278543159193603,-136.41654792757743
215.22380690472318,40.93489471319531,12.5,-5.674241963583857,-5.279817397204399,-136.38045849375504
215.2145420209434,40.92772462047935,12.499999999999995,-5.673916468851292,-5.2810914170460475,-136.34436905993246
215.20527915322583,40.920553782697766,12.499999999999996,-5.673590961368452,-5.2823652187909484,-136.30827962611014
215.19601830084903,40.913382200189744,12.499999999999998,-5.673265441212621,-5.2836388025115255,-136.27219019228772
215.1867594630918,40.90620987329431,12.499999999999998,-5.672939908461001,-5.284912168280173,-136.2361007584653
215.1775026392331,40.89903680235037,12.499999999999998,-5.672614363190739,-5.286185316169285,-136.20001132464287
215.16824782855198,40.891862987696626,12.499999999999996,-5.672288805478914,-5.287458246251251,-136.1639218908204
215.15899503032765,40.88468842967168,12.499999999999998,-5.671963235402529,-5.288730958598455,-136.12783245699796
215.1497442438395,40.87751312861392,12.5,-5.671637653038535,-5.290003453283271,-136.09174302317555
215.140495468367,40.870337084861596,12.499999999999998,-5.671312058463807,-5.29127573037807,-136.0556535893531
215.13124870318984,40.863160298752824,12.5,-5.670986451755157,-5.292547789955209,-136.01956415553067
215.12200394758776,40.85598277062554,12.499999999999995,-5.670660832989331,-5.2938196320870485,-135.9834747217083
215.1127612008407,40.848804500817515,12.499999999999998,-5.6703352022430025,-5.295091256845936,-135.94738528788577
215.1035204622288,40.84162548966641,12.499999999999998,-5.670009559592792,-5.296362664304213,-135.91129585406335
215.09428173103223,40.83444573750967,12.499999999999998,-5.669683905115242,-5.297633854534213,-135.87520642024103
215.08504500653137,40.82726524468461,12.499999999999998,-5.669358238886836,-5.298904827608271,-135.83911698641847
215.07581028800672,40.82008401152841,12.499999999999998,-5.669032560983987,-5.300175583598701,-135.80302755259603
215.066577574739,40.81290203837807,12.499999999999998,-5.668706871483048,-5.301446122577822,-135.76693811877377
215.05734686600897,40.8057193255704,12.499999999999998,-5.668381170460297,-5.302716444617943,-135.73084868495127
215.04811816109753,40.79853587344213,12.499999999999998,-5.6680554579919535,-5.303986549791362,-135.69475925112874
215.03889145928585,40.79135168232978,12.499999999999998,-5.66772973415417,-5.305256438170373,-135.65866981730645
215.02966675985513,40.784166752569746,12.499999999999998,-5.667403999023033,-5.306526109827266,-135.6225803834839
215.02044406208677,40.77698108449823,12.499999999999995,-5.667078252674566,-5.30779556483432,-135.5864909496615
215.0112233652623,40.769794678451305,12.499999999999998,-5.666752495184717,-5.309064803263805,-135.550401515839
215.0020046686634,40.762607534764875,12.499999999999998,-5.66642672662938,-5.310333825187992,-135.5143120820166
214.99278797157186,40.755419653774716,12.5,-5.666100947084379,-5.311602630679134,-135.47822264819413
214.98357327326968,40.748231035816396,12.499999999999998,-5.665775156625471,-5.312871219809488,-135.44213321437175
214.97436057303895,40.74104168122539,12.499999999999998,-5.6654493553283505,-5.314139592651295,-135.4060437805493
214.96514987016198,40.73385159033697,12.5,-5.665123543268645,-5.31540774927679,-135.36995434672693
214.9559411639211,40.726660763486265,12.499999999999998,-5.664797720521918,-5.316675689758208,-135.33386491290437
214.94673445359894,40.71946920100826,12.499999999999998,-5.664471887163664,-5.317943414167766,-135.29777547908205
214.9375297384781,40.71227690323778,12.499999999999998,-5.664146043269318,-5.319210922577684,-135.26168604525947
214.92832701784153,40.70508387050948,12.499999999999998,-5.663820188914244,-5.320478215060166,-135.2255966114372
214.91912629097214,40.69789010315788,12.499999999999998,-5.663494324173746,-5.321745291687413,-135.18950717761476
214.9099275571531,40.690695601517334,12.5,-5.663168449123061,-5.3230121525316205,-135.15341774379218
214.90073081566774,40.683500365922036,12.499999999999995,-5.662842563837365,-5.324278797664974,-135.11732830996982
214.89153606579947,40.67630439670605,12.499999999999995,-5.662516668391756,-5.325545227159643,-135.0812388761474
214.8823433068318,40.66910769420324,12.499999999999995,-5.662190762861283,-5.326811441087809,-135.04514944232497
214.87315253804857,40.66191025874737,12.499999999999998,-5.661864847320919,-5.328077439521621,-135.00906000850244
214.86396375873358,40.65471209067201,12.499999999999996,-5.661538921845581,-5.329343222533252,-134.97297057468012
214.85477696817088,40.64751319031057,12.499999999999998,-5.661212986510112,-5.330608790194834,-134.93688114085765
214.8455921656446,40.640313557996336,12.499999999999998,-5.660887041389302,-5.331874142578516,-134.9007917070353
214.8364093504391,40.63311319406243,12.499999999999998,-5.660561086557863,-5.333139279756427,-134.8647022732128
214.82722852183886,40.625912098841816,12.499999999999998,-5.660235122090449,-5.334404201800687,-134.82861283939033
214.81804967912848,40.618710272667286,12.499999999999995,-5.659909148061656,-5.335668908783422,-134.79252340556798
214.80887282159267,40.6115077158715,12.499999999999998,-5.659583164546001,-5.336933400776731,-134.7564339717455
214.79969794851644,40.60430442878695,12.5,-5.6592571716179485,-5.338197677852721,-134.72034453792307
214.79052505918477,40.59710041174599,12.499999999999995,-5.658931169351897,-5.339461740083484,-134.68425510410057
214.7813541528829,40.58989566508082,12.499999999999998,-5.658605157822171,-5.340725587541099,-134.64816567027813
214.7721852288962,40.58269018912344,12.499999999999995,-5.658279137103047,-5.341989220297654,-134.6120762364557
214.76301828651017,40.575483984205775,12.499999999999998,-5.657953107268719,-5.3432526384252075,-134.57598680263328
214.75385332501045,40.56827705065953,12.499999999999998,-5.657627068393335,-5.344515841995829,-134.53989736881093
214.74469034368283,40.561069388816286,12.499999999999998,-5.657301020550961,-5.345778831081563,-134.50380793498846
214.7355293418133,40.553860999007455,12.499999999999996,-5.656974963815617,-5.347041605754464,-134.467718501166
214.72637031868794,40.54665188156429,12.499999999999998,-5.656648898261244,-5.348304166086564,-134.43162906734352
214.71721327359302,40.539442036817924,12.499999999999996,-5.656322823961725,-5.349566512149892,-134.39553963352108
214.70805820581492,40.532231465099315,12.499999999999998,-5.655996740990881,-5.350828644016467,-134.35945019969864
214.6989051146402,40.52502016673926,12.499999999999998,-5.655670649422465,-5.352090561758302,-134.32336076587617
214.6897539993556,40.51780814206842,12.499999999999998,-5.65534454933017,-5.353352265447404,-134.28727133205382
214.68060485924792,40.51059539141726,12.499999999999996,-5.655018440787623,-5.354613755155763,-134.25118189823144
214.67145769360417,40.503381915116165,12.499999999999998,-5.654692323868389,-5.355875030955374,-134.21509246440897
214.66231250171148,40.4961677134953,12.499999999999996,-5.654366198645964,-5.357136092918214,-134.17900303058659
214.6531692828572,40.48895278688471,12.499999999999995,-5.654040065193789,-5.358396941116252,-134.14291359676406
214.6440280363288,40.481737135614274,12.499999999999998,-5.653713923585233,-5.3596575756214495,-134.10682416294165
214.6348887614138,40.47452076001374,12.499999999999998,-5.653387773893607,-5.360917996505761,-134.07073472911935
214.62575145739999,40.467303660412654,12.499999999999998,-5.653061616192158,-5.362178203841138,-134.03464529529685
214.6166161235753,40.46008583714046,12.499999999999998,-5.652735450554064,-5.363438197699509,-133.99855586147441
214.60748275922774,40.45286729052642,12.499999999999998,-5.652409277052447,-5.364697978152808,-133.96246642765198
214.59835136364558,40.445648020899654,12.499999999999996,-5.652083095760365,-5.365957545272954,-133.9263769938295
214.5892219361171,40.43842802858913,12.499999999999998,-5.651756906750807,-5.367216899131857,-133.8902875600071
214.58009447593085,40.431207313923665,12.499999999999996,-5.651430710096701,-5.368476039801422,-133.85419812618466
214.5709689823755,40.42398587723192,12.499999999999996,-5.651104505870913,-5.3697349673535415,-133.8181086923623
214.56184545473982,40.416763718842375,12.499999999999998,-5.650778294146248,-5.370993681860099,-133.7820192585398
214.55272389231277,40.40954083908341,12.499999999999998,-5.650452074995446,-5.372252183392979,-133.7459298247173
214.54360429438353,40.40231723828322,12.499999999999998,-5.650125848491181,-5.373510472024042,-133.70984039089493
214.5344866602413,40.39509291676986,12.5,-5.649799614706067,-5.374768547825152,-133.67375095707246
214.5253709891755,40.387867874871205,12.499999999999998,-5.649473373712656,-5.376026410868155,-133.63766152325005
214.51625728047577,40.38064211291502,12.499999999999998,-5.649147125583436,-5.377284061224894,-133.60157208942758
214.50714553343175,40.37341563122889,12.499999999999998,-5.64882087039083,-5.378541498967205,-133.56548265560517
214.49803574733332,40.36618843014024,12.499999999999998,-5.648494608207201,-5.3797987241669105,-133.52939322178273
214.48892792147052,40.358960509976384,12.499999999999995,-5.648168339104849,-5.381055736895823,-133.49330378796037
214.47982205513355,40.35173187106444,12.499999999999998,-5.647842063156007,-5.382312537225749,-133.457214354138
214.47071814761273,40.34450251373137,12.499999999999998,-5.647515780432855,-5.383569125228491,-133.4211249203154
214.46161619819853,40.337272438304055,12.499999999999998,-5.647189491007499,-5.384825500975831,-133.38503548649297
214.4525162061816,40.330041645109134,12.499999999999998,-5.646863194951991,-5.38608166453955,-133.3489460526706
214.44341817085268,40.32281013447315,12.499999999999998,-5.646536892338312,-5.387337615991416,-133.31285661884823
214.43432209150276,40.31557790672247,12.499999999999995,-5.646210583238394,-5.388593355403196,-133.27676718502573
214.42522796742293,40.30834496218331,12.499999999999998,-5.6458842677240915,-5.389848882846632,-133.24067775120338
214.41613579790442,40.30111130118177,12.499999999999998,-5.645557945867206,-5.391104198393477,-133.20458831738088
