galstreams/tracks/track.st.Leiptr.ibata2021.ecsv
# %ECSV 1.0
# ---
# datatype:
# - {name: ra, unit: deg, datatype: float64}
# - {name: dec, unit: deg, datatype: float64}
# - {name: distance, unit: kpc, datatype: float64}
# - {name: pm_ra_cosdec, unit: mas / yr, datatype: float64}
# - {name: pm_dec, unit: mas / yr, datatype: float64}
# - {name: radial_velocity, unit: km / s, datatype: float64}
# delimiter: ','
# meta: !!omap
# - __serialized_columns__:
#     dec:
#       __class__: astropy.coordinates.angles.Latitude
#       unit: &id001 !astropy.units.Unit {unit: deg}
#       value: !astropy.table.SerializedColumn {name: dec}
#     distance:
#       __class__: astropy.coordinates.distances.Distance
#       unit: !astropy.units.Unit {unit: kpc}
#       value: !astropy.table.SerializedColumn {name: distance}
#     pm_dec:
#       __class__: astropy.units.quantity.Quantity
#       unit: !astropy.units.Unit {unit: mas / yr}
#       value: !astropy.table.SerializedColumn {name: pm_dec}
#     pm_ra_cosdec:
#       __class__: astropy.units.quantity.Quantity
#       unit: !astropy.units.Unit {unit: mas / yr}
#       value: !astropy.table.SerializedColumn {name: pm_ra_cosdec}
#     ra:
#       __class__: astropy.coordinates.angles.Longitude
#       unit: *id001
#       value: !astropy.table.SerializedColumn {name: ra}
#       wrap_angle: !astropy.coordinates.Angle
#         unit: *id001
#         value: 360.0
#     radial_velocity:
#       __class__: astropy.units.quantity.Quantity
#       unit: !astropy.units.Unit {unit: km / s}
#       value: !astropy.table.SerializedColumn {name: radial_velocity}
# schema: astropy-2.0
ra,dec,distance,pm_ra_cosdec,pm_dec,radial_velocity
[from data line 864]
63.828821615559676,-2.8481109913561182,8.031459674907953,8.778437922613502,-9.939719238291733,13.810075385570435
63.83565795872353,-2.8554319988742787,8.030667747007236,8.779387332033684,-9.940823343813557,13.880967430744496
63.842494270147306,-2.862753069587897,8.029876275921179,8.780336403375173,-9.941926806471205,13.951827795349692
63.849330550054574,-2.8700742033922,8.029085261500935,8.781285136718362,-9.943029626223844,14.022656490565836
63.85616679866907,-2.8773954001826008,8.028294703597666,8.782233532143586,-9.94413180303068,14.093453527573002
63.86300301621438,-2.8847166598543446,8.027504602062523,8.783181589731141,-9.945233336850949,14.164218917551162
63.86983920291421,-2.892037982302871,8.026714956746657,8.784129309561282,-9.94633422764393,14.2349526716803
63.8766753589922,-2.8993593674234557,8.025925767501228,8.785076691714202,-9.947434475368935,14.30565480114023
63.88351148467198,-2.9066808151114207,8.02513703417739,8.78602373627005,-9.948534079985286,14.376325317111009
63.89034758017731,-2.914002325262211,8.024348756626297,8.786970443308933,-9.94963304145237,14.446964230772776
63.897183645731786,-2.9213238977711082,8.023560934699105,8.787916812910906,-9.950731359729597,14.51757155330503
63.90401968155916,-2.928645532533554,8.02277356824697,8.788862845155974,-9.951829034776397,14.5881472958882
63.91085568788308,-2.935967229444852,8.02198665712105,8.789808540124097,-9.952926066552243,14.65869146970197
63.91769166492728,-2.9432889884004694,8.02120020117249,8.790753897895186,-9.954022455016647,14.729204085926405
63.92452761291545,-2.9506108092957524,8.020414200252452,8.791698918549109,-9.955118200129153,14.799685155741486
63.93136353207125,-2.9579326920260516,8.019628654212092,8.79264360216567,-9.95621330184932,14.87013469032703
63.938199422618474,-2.965254636486862,8.01884356290256,8.793587948824653,-9.957307760136771,14.940552700863226
63.945035284780765,-2.9725766425734994,8.018058926175016,8.794531958605766,-9.958401574951138,15.010939198529762
63.95187111878191,-2.979898710181463,8.017274743880613,8.795475631588685,-9.95949474625209,15.08129419450671
63.958706924845586,-2.9872208392061044,8.016491015870507,8.796418967853027,-9.960587273999337,15.151617699974242
63.96554270319559,-2.994543029542916,8.015707741995852,8.797361967478379,-9.96167915815262,15.221909726111942
63.97237845405562,-3.0018652810873063,8.014924922107802,8.798304630544262,-9.962770398671712,15.292170284100111
63.97921417764941,-3.009187593734671,8.014142556057514,8.79924695713016,-9.963860995516416,15.362399385118513
63.98604987420077,-3.0165099673805273,8.013360643696144,8.800188947315503,-9.964950948646567,15.432597040347215
63.99288554393338,-3.023832401920261,8.012579184874845,8.801130601179675,-9.966040258022042,15.502763260966116
63.999721187071096,-3.0311548972494156,8.01179817944477,8.802071918802017,-9.96712892360275,15.572898058155133
64.00655680383763,-3.038477453263404,8.011017627257077,8.803012900261816,-9.968216945348626,15.643001443094226
64.01339239445672,-3.045800069857655,8.010237528162923,8.80395354563831,-9.969304323219637,15.713073426963318
64.02022795915225,-3.0531227469277455,8.009457882013457,8.804893855010699,-9.970391057175796,15.783114020942632
64.0270634981479,-3.060445484369065,8.00867868865984,8.805833828458118,-9.971477147177131,15.85312323621196
64.03389901166756,-3.0677682820771843,8.007899947953222,8.806773466059672,-9.972562593183715,15.923101083951096
64.04073449993494,-3.0750911399475336,8.007121659744762,8.807712767894413,-9.973647395155663,15.993047575340205
64.04756996317391,-3.0824140578756745,8.006343823885613,8.808651734041337,-9.974731553053093,16.06296272155919
64.05440540160825,-3.0897370357570604,8.005566440226932,8.809590364579403,-9.97581506683619,16.13284653378804
64.06124081546179,-3.0970600734872766,8.004789508619874,8.810528659587511,-9.976897936465148,16.20269902320667
64.06807620495836,-3.104383170961797,8.004013028915589,8.811466619144529,-9.977980161900206,16.272520200995057
64.07491157032173,-3.111706328076115,8.003237000965237,8.812404243329258,-9.979061743101633,16.342310078333192
64.08174691177581,-3.1190295447258465,8.002461424619971,8.813341532220466,-9.980142680029727,16.412068666400923
64.08858222954439,-3.1263528208064475,8.001686299730949,8.814278485896867,-9.981222972644826,16.481795976378365
64.09541752385134,-3.1336761562135482,8.000911626149323,8.815215104437126,-9.982302620907292,16.55149201944544
64.10225279492052,-3.140999550842659,8.000137403726248,8.81615138791987,-9.983381624777538,16.62115680678195
64.10908804297571,-3.148323004589299,7.999363632312881,8.817087336423665,-9.984459984215981,16.690790349568104
64.1159232682409,-3.1556465173491137,7.998590311760374,8.818022950027036,-9.985537699183094,16.76039265898367
64.12275847093983,-3.162970089017584,7.997817441919886,8.818958228808457,-9.986614769639377,16.82996374620854
64.12959365129647,-3.170293719490378,7.997045022642568,8.819893172846363,-9.987691195545363,16.89950362242301
64.13642880953465,-3.1776174086629925,7.996273053779579,8.820827782219126,-9.988766976861609,16.96901229880678
64.1432639458783,-3.184941156431099,7.99550153518207,8.82176205700509,-9.989842113548724,17.038489786539827
64.1500990605513,-3.1922649626902526,7.9947304667012,8.82269599728253,-9.990916605567326,17.10793609680216
64.1569341537775,-3.199588827336003,7.99395984818812,8.823629603129689,-9.991990452878087,17.177351240773834
64.16376922578085,-3.206912750264051,7.993189679493987,8.824562874624755,-9.993063655441695,17.246735229634492
64.17060427678526,-3.214236731369921,7.9924199604699595,8.82549581184587,-9.994136213218884,17.316088074564462
64.17743930701465,-3.221560770549319,7.9916506909671865,8.826428414871131,-9.995208126170409,17.38540978674353
64.1842743166929,-3.2288848676977726,7.990881870836826,8.827360683778583,-9.996279394257071,17.454700377351497
64.19110930604403,-3.2362090227110127,7.9901134999300325,8.828292618646223,-9.997350017439691,17.523959857568745
64.1979442752919,-3.243533235484621,7.9893455780979625,8.829224219552005,-9.998419995679127,17.593188238574843
64.20477922466046,-3.2508575059142046,7.988578105191769,8.830155486573831,-9.99948932893628,17.662385531549997
64.2116141543737,-3.2581818338954966,7.987811081062607,8.831086419789559,-10.000558017172063,17.731551747674004
64.2184490646555,-3.2655062193240574,7.9870445055616335,8.832017019276995,-10.001626060347443,17.800686898126838
64.2252839557299,-3.272830662095639,7.9862783785400016,8.8329472851139,-10.002693458423398,17.869790994088564
64.23211882782086,-3.2801551621058596,7.985512699848867,8.833877217377985,-10.00376021136096,17.938864046739024
64.23895368115228,-3.2874797192503613,7.984747469339385,8.834806816146921,-10.004826319121182,18.00790606725828
64.24578851594822,-3.294804333424884,7.983982686862711,8.835736081498318,-10.005891781665147,18.076917066826184
64.25262333243259,-3.302129004525043,7.983218352270001,8.836665013509752,-10.00695659895398,18.145897056622772
64.25945813082947,-3.309453732446607,7.982454465412405,8.83759361225874,-10.008020770948834,18.2148460478281
64.2662929113628,-3.316778517085187,7.981691026141082,8.83852187782276,-10.009084297610887,18.283764051622004
64.27312767425661,-3.3241033583365622,7.9809280343071896,8.839449810279238,-10.010147178901361,18.352651079184376
64.27996241973486,-3.331428256096368,7.980165489761879,8.840377409705551,-10.011209414781504,18.421507141695283
64.28679714802166,-3.3387532102603896,7.9794033923563035,8.841304676179034,-10.0122710052126,18.49033225033467
64.29363185934096,-3.3460782207243005,7.978641741941622,8.842231609776974,-10.01333195015597,18.55912641628242
64.3004665539168,-3.35340328738379,7.977880538368989,8.843158210576595,-10.014392249572952,18.627889650718664
64.30730123197327,-3.36072841013467,7.977119781489558,8.844084478655098,-10.01545190342493,18.696621964823265
64.3141358937343,-3.368053588872586,7.976359471154484,8.845010414089618,-10.016510911673317,18.765323369776056
64.32097053942408,-3.3753788234933686,7.9755996072149244,8.845936016957248,-10.017569274279548,18.833993876757187
64.3278051692666,-3.3827041138927205,7.974840189522033,8.846861287335036,-10.018626991205114,18.902633496946542
64.33463978348587,-3.3900294599663523,7.974081217926963,8.847786225299982,-10.019684062411521,18.971242241524116
64.34147438230605,-3.3973548616101072,7.97332269228087,8.848710830929036,-10.020740487860307,19.03982012166975
64.34830896595115,-3.4046803187196475,7.972564612434912,8.849635104299097,-10.021796267513047,19.108367148563556
64.3551435346453,-3.4120058311908594,7.971806978240242,8.850559045487019,-10.022851401331343,19.17688333338544
64.36197808861253,-3.419331398919403,7.971049789548014,8.851482654569617,-10.023905889276842,19.245368687315324
64.36881262807702,-3.426657021801158,7.970293046209383,8.852405931623649,-10.024959731311212,19.313823221533177
64.37564715326278,-3.433982699731824,7.969536748075507,8.853328876725822,-10.026012927396154,19.382246947219063
64.38248166439399,-3.441308432607273,7.968780894997538,8.854251489952809,-10.027065477493405,19.450639875552792
64.38931616169477,-3.448634220323264,7.968025486826634,8.855173771381223,-10.028117381564734,19.519002017714346
64.39615064538914,-3.455960062775554,7.967270523413946,8.856095721087632,-10.02916863957194,19.587333384883767
64.40298511570136,-3.4632859598600416,7.966516004610631,8.857017339148566,-10.030219251476861,19.65563398824103
64.40981957285545,-3.4706119114724445,7.965761930267844,8.857938625640493,-10.031269217241347,19.723903838965988
64.41665401707564,-3.477937917508676,7.965008300236741,8.858859580639844,-10.03231853682731,19.792142948238656
64.42348844858606,-3.485263977864517,7.964255114368479,8.859780204222995,-10.033367210196666,19.860351327238934
64.43032286761078,-3.492590092435756,7.963502372514206,8.860700496466281,-10.034415237311386,19.928528987146855
64.4371572743741,-3.499916261118306,7.962750074525082,8.861620457445987,-10.035462618133455,19.9966759391424
64.44399166910007,-3.5072424838079366,7.961998220252262,8.862540087238349,-10.036509352624908,20.06479219440549
64.45082605201296,-3.514568760400571,7.961246809546901,8.863459385919557,-10.037555440747797,20.132877764116028
64.45766042333688,-3.521895090791976,7.960495842260154,8.864378353565748,-10.038600882464204,20.200932659454214
64.46449478329606,-3.5292214748781006,7.959745318243174,8.865296990253029,-10.039645677736267,20.26895689159958
64.47132913211469,-3.5365479125547528,7.9589952373471196,8.866215296057433,-10.040689826526124,20.336950471732443
64.47816347001692,-3.5438744037177714,7.958245599423141,8.867133271054971,-10.041733328795976,20.404913411032606
64.48499779722705,-3.551200948263112,7.957496404322395,8.868050915321591,-10.042776184508023,20.472845720680162
64.49183211396922,-3.5585275460865664,7.95674765189604,8.868968228933191,-10.043818393624528,20.54074741185491
64.49866642046773,-3.5658541970841013,7.955999341995231,8.869885211965638,-10.044859956107768,20.60861849573694
64.5055007169467,-3.573180901151534,7.955251474471115,8.870801864494737,-10.04590087192006,20.676458983506066
64.5123350036305,-3.580507658184829,7.954504049174857,8.87171818659625,-10.046941141023746,20.744268886342343
64.51916928074328,-3.5878344680798513,7.953757065957605,8.872634178345894,-10.0479807633812,20.81204821542568
64.5260035485093,-3.595161330732471,7.953010524670518,8.873549839819333,-10.049019738954842,20.87979698193626
64.53283780715286,-3.6024882460386825,7.952264425164749,8.87446517109219,-10.05005806770711,20.94751519705375
64.53967205689817,-3.6098152138943065,7.951518767291456,8.875380172240032,-10.051095749600467,21.015202871958234
64.54650629796956,-3.6171422341953585,7.95077355090179,8.87629484333839,-10.052132784597434,21.08286001782957
64.55334053059129,-3.624469306837726,7.950028775846907,8.877209184462743,-10.053169172660542,21.150486645847884
64.5601747549876,-3.6317964317172944,7.949284441977963,8.878123195688511,-10.05420491375236,21.218082767193042
64.56700897138285,-3.6391236087300842,7.948540549146114,8.879036877091083,-10.055240007835486,21.28564839304499
64.57384318000128,-3.6464508377719658,7.947797097202514,8.879950228745793,-10.056274454872552,21.353183534583764
64.58067738106728,-3.6537781187389626,7.947054085998318,8.88086325072793,-10.057308254826232,21.420688202989364
64.58751157480505,-3.6611054515269448,7.94631151538468,8.881775943112734,-10.058341407659217,21.488162409441596
64.59434576143902,-3.6684328360319536,7.945569385212757,8.882688305975392,-10.059373913334236,21.555606165120388
64.60117994119345,-3.675760272149874,7.944827695333703,8.883600339391059,-10.060405771814045,21.623019481205933
64.60801411429273,-3.6830877597767584,7.944086445598671,8.884512043434825,-10.061436983061443,21.690402368878036
64.61484828096116,-3.6904152988085324,7.94334563585882,8.885423418181746,-10.062467547039251,21.75775483931653
64.62168244142306,-3.6977428891411432,7.9426052659653035,8.886334463706822,-10.06349746371032,21.825076903701607
64.62851659590288,-3.7050705306706524,7.9418653357692754,8.88724518008501,-10.064526733037544,21.89236857321318
64.6353507446249,-3.71239822329297,7.94112584512189,8.888155567391214,-10.065555354983838,21.95962985903121
64.64218488781356,-3.7197259669041727,7.940386793874306,8.889065625700303,-10.06658332951215,22.026860772335617
64.64901902569319,-3.727053761400225,7.939648181877675,8.889975355087085,-10.06761065658547,22.09406132430616
64.65585315848817,-3.7343816066770796,7.9389100089831555,8.890884755626328,-10.068637336166807,22.16123152612323
64.66268728642294,-3.741709502630842,7.938172275041899,8.891793827392746,-10.069663368219205,22.22837138896647
64.66952140972185,-3.749037449157427,7.937434979905061,8.89270257046102,-10.070688752705749,22.295480924015884
64.67635552860936,-3.7563654461529645,7.936698123423799,8.893610984905765,-10.071713489589536,22.362560142451567
64.68318964330984,-3.763693493513369,7.935961705449265,8.894519070801564,-10.072737578833715,22.42960905545331
64.69002375404776,-3.7710215911347738,7.935225725832616,8.895426828222941,-10.073761020401454,22.496627674201214
64.69685786104749,-3.7783497389131258,7.934490184425007,8.896334257244384,-10.074783814255964,22.56361600987513
64.70369196453352,-3.7856779367445506,7.9337550810775905,8.897241357940326,-10.075805960360475,22.630574073655083
64.71052606473029,-3.793006184525044,7.933020415641526,8.898148130385149,-10.07682745867825,22.697501876720928
64.71736016186219,-3.8003344821506237,7.932286187967965,8.899054574653196,-10.077848309172593,22.764399430252805
64.72419425615378,-3.8076628295174255,7.931552397908063,8.89996069081876,-10.078868511806828,22.83126674543059
64.73102834782944,-3.814991226521431,7.930819045312977,8.90086647895609,-10.079888066544324,22.898103833434178
64.7378624371137,-3.8223196730587863,7.9300861300338585,8.901771939139385,-10.080906973348476,22.964910705443604
64.74469652423103,-3.8296481690255133,7.929353651921866,8.902677071442787,-10.081925232182696,23.031687372638768
64.75153060940588,-3.836976714317659,7.928621610828155,8.9035818759404,-10.082942843010448,23.098433846199647
64.75836469286281,-3.844305308831377,7.927890006603874,8.904486352706291,-10.08395980579522,23.16515013730632
64.76519877482627,-3.8516339524626715,7.927158839100188,8.905390501814457,-10.084976120500524,23.231836257138543
64.77203285552082,-3.8589626451077246,7.926428108168244,8.906294323338866,-10.08599178708992,23.298492216876447
64.77886693517094,-3.8662913866625312,7.925697813659199,8.907197817353433,-10.087006805526983,23.365118027699822
64.78570101400119,-3.8736201770232874,7.924967955424211,8.908100983932021,-10.088021175775326,23.431713700788737
64.7925350922361,-3.880949016086062,7.924238533314433,8.909003823148446,-10.089034897798594,23.498279247323357
64.79936917010016,-3.888277903746902,7.923509547181019,8.909906335076492,-10.090047971560466,23.564814678483128
