galstreams/tracks/track.st.New-18.ibata2024.ecsv
# %ECSV 1.0
# ---
# datatype:
# - {name: ra, unit: deg, datatype: float64}
# - {name: dec, unit: deg, datatype: float64}
# - {name: distance, unit: kpc, datatype: float64}
# - {name: pm_ra_cosdec, unit: mas / yr, datatype: float64}
# - {name: pm_dec, unit: mas / yr, datatype: float64}
# - {name: radial_velocity, unit: km / s, datatype: float64}
# delimiter: ','
# meta: !!omap
# - __serialized_columns__:
#     dec:
#       __class__: astropy.coordinates.angles.Latitude
#       unit: &id001 !astropy.units.Unit {unit: deg}
#       value: !astropy.table.SerializedColumn {name: dec}
#     distance:
#       __class__: astropy.coordinates.distances.Distance
#       unit: !astropy.units.Unit {unit: kpc}
#       value: !astropy.table.SerializedColumn {name: distance}
#     pm_dec:
#       __class__: astropy.units.quantity.Quantity
#       unit: !astropy.units.Unit {unit: mas / yr}
#       value: !astropy.table.SerializedColumn {name: pm_dec}
#     pm_ra_cosdec:
#       __class__: astropy.units.quantity.Quantity
#       unit: !astropy.units.Unit {unit: mas / yr}
#       value: !astropy.table.SerializedColumn {name: pm_ra_cosdec}
#     ra:
#       __class__: astropy.coordinates.angles.Longitude
#       unit: *id001
#       value: !astropy.table.SerializedColumn {name: ra}
#       wrap_angle: !astropy.coordinates.Angle
#         unit: *id001
#         value: 360.0
#     radial_velocity:
#       __class__: astropy.units.quantity.Quantity
#       unit: !astropy.units.Unit {unit: km / s}
#       value: !astropy.table.SerializedColumn {name: radial_velocity}
# schema: astropy-2.0
ra,dec,distance,pm_ra_cosdec,pm_dec,radial_velocity
209.2504951677463,16.093997947156748,0.999999999999999,-1.7752987228811463,-0.40188128894992303,1000.0000000000022
209.26294440835767,16.099514314614318,0.9999999999999991,-1.7784007798529302,-0.4035410368339285,1000.0000000000023
209.27538265034403,16.105034202816437,0.9999999999999989,-1.7815007588456382,-0.4052115846442703,1000.0000000000023
209.28780986922365,16.110557621660575,0.999999999999999,-1.7845986649955563,-0.40689292355775564,1000.0000000000024
209.3002260405137,16.11608458105082,0.9999999999999991,-1.78769450343529,-0.4085850447527051,1000.0000000000025
209.31263113973017,16.12161509089817,0.9999999999999989,-1.790788279293622,-0.4102879394089527,1000.0000000000023
209.32502514238766,16.12714916112033,0.999999999999999,-1.7938799976951287,-0.41200159870763997,1000.000000000002
209.33740802399973,16.13268680164175,0.9999999999999989,-1.7969696637608763,-0.4137260138315,1000.0000000000023
209.34977976007855,16.138228022393623,0.9999999999999989,-1.8000572826075398,-0.4154611759646514,1000.0000000000023
209.36214032613512,16.143772833313925,0.999999999999999,-1.8031428593480854,-0.4172070762926765,1000.0000000000018
209.3744896976791,16.149321244347224,0.9999999999999991,-1.8062263990915852,-0.41896370600263566,1000.0000000000022
209.38682785021896,16.15487326544495,0.999999999999999,-1.8093079069427205,-0.4207310562830031,1000.0000000000022
209.3991547592618,16.160428906565212,0.9999999999999991,-1.8123873880024064,-0.42250911832372395,1000.0000000000023
209.41147040031353,16.165988177672848,0.9999999999999989,-1.8154648473675508,-0.42429788331627094,1000.000000000002
209.42377474887866,16.17155108873937,0.9999999999999992,-1.8185402901307555,-0.42609734245346687,1000.0000000000023
209.4360677804605,16.17711764974308,0.9999999999999989,-1.8216137213807144,-0.4279074869296622,1000.000000000002
209.4483494705609,16.182687870668804,0.999999999999999,-1.8246851462020857,-0.42972830794062133,1000.0000000000022
209.46061979468055,16.188261761508212,0.9999999999999991,-1.8277545696750934,-0.431559796683608,1000.0000000000022
209.47287872831865,16.193839332259614,0.9999999999999991,-1.8308219968760113,-0.43340194435733537,1000.0000000000023
209.48512624697312,16.199420592928004,0.999999999999999,-1.8338874328768782,-0.43525474216199456,1000.0000000000022
209.4973623261406,16.205005553525044,0.999999999999999,-1.8369508827456826,-0.4371181812992049,1000.000000000002
209.50958694131623,16.210594224069116,0.999999999999999,-1.8400123515458233,-0.43899225297205646,1000.0000000000018
209.52180006799387,16.216186614585094,0.9999999999999992,-1.843071844337004,-0.4408769483851316,1000.0000000000022
209.5340016816659,16.22178273510468,0.9999999999999991,-1.8461293661741394,-0.4427722587444265,1000.0000000000022
209.54619175782344,16.227382595666175,0.9999999999999991,-1.8491849221082362,-0.44467817525750775,1000.0000000000022
209.55837027195608,16.2329862063145,0.9999999999999991,-1.852238517185782,-0.4465946891332919,1000.000000000002
209.57053719955215,16.23859357710129,0.9999999999999991,-1.8552901564492146,-0.4485217915822517,1000.0000000000022
209.58269251609832,16.24420471808463,0.9999999999999992,-1.858339844936168,-0.4504594738162382,1000.0000000000022
209.5948361970801,16.249819639329388,0.9999999999999989,-1.8613875876804826,-0.4524077270486515,1000.000000000002
209.60696821798132,16.255438350907003,0.9999999999999991,-1.864433389711067,-0.45436654249433417,1000.0000000000022
209.61908855428453,16.261060862895526,0.9999999999999989,-1.867477256052922,-0.4563359113696279,1000.000000000002
209.6311971814707,16.266687185379595,0.9999999999999991,-1.8705191917262738,-0.4583158248923027,1000.0000000000022
209.64329407501947,16.27231732845052,0.9999999999999992,-1.8735592017471419,-0.46030627428165616,1000.0000000000022
209.65537921040885,16.277951302206006,0.999999999999999,-1.8765972911270126,-0.46230725075840695,1000.0000000000018
209.66745256311535,16.283589116750527,0.9999999999999991,-1.8796334648726543,-0.46431874554480146,1000.000000000002
209.67951410861414,16.28923078219507,0.9999999999999991,-1.8826677279867,-0.46634074986451424,1000.0000000000018
209.69156382237875,16.294876308657184,0.999999999999999,-1.8857000854672066,-0.4683732549427546,1000.0000000000016
209.7036016798812,16.300525706260988,0.999999999999999,-1.8887305423073428,-0.470416252006153,1000.0000000000018
209.71562765659203,16.306178985137212,0.9999999999999991,-1.8917591034961703,-0.4724697322829172,1000.0000000000018
209.72764172798014,16.311836155422938,0.999999999999999,-1.894785774017791,-0.4745336870026122,1000.0000000000018
209.73964386951295,16.31749722726199,0.9999999999999991,-1.897810558851944,-0.47660810739634485,1000.0000000000017
209.75163405665631,16.323162210804643,0.999999999999999,-1.9008334629737504,-0.4786929846967851,1000.0000000000017
209.76361226487452,16.328831116207713,0.999999999999999,-1.903854491353556,-0.4807883101379815,1000.000000000002
209.7755784696302,16.334503953634517,0.9999999999999991,-1.9068736489570028,-0.48289407495548176,1000.0000000000018
209.78753264638448,16.340180733254943,0.9999999999999991,-1.9098909407452709,-0.485010270386411,1000.0000000000018
209.7994747705968,16.34586146524521,0.9999999999999991,-1.9129063716746089,-0.487136887669287,1000.0000000000018
209.81140481772496,16.351546159788217,0.9999999999999992,-1.9159199466966044,-0.4892739180441623,1000.0000000000018
209.8233227632253,16.357234827073256,0.9999999999999991,-1.918931670758269,-0.4914213527525817,1000.0000000000016
209.83522858255233,16.36292747729614,0.9999999999999991,-1.9219415488016978,-0.4935791830376246,1000.0000000000018
209.84712225115902,16.368624120659163,0.9999999999999992,-1.9249495857640255,-0.4957474001437703,1000.000000000002
209.85900374449662,16.374324767370965,0.9999999999999992,-1.9279557865778827,-0.4979259953170825,1000.000000000002
209.8708730380147,16.38002942764676,0.9999999999999991,-1.9309601561709826,-0.50011495980511,1000.0000000000016
209.88273010716125,16.38573811170819,0.9999999999999993,-1.9339626994661927,-0.5023142848568938,1000.0000000000018
209.89457492738245,16.391450829783302,0.9999999999999992,-1.9369634213813214,-0.5045239617229456,1000.0000000000016
209.90640747412277,16.397167592106612,0.9999999999999992,-1.9399623268296153,-0.5067439816553687,1000.000000000002
209.9182277228251,16.40288840891907,0.9999999999999992,-1.9429594207192054,-0.5089743359076664,1000.0000000000016
209.93003564893044,16.408613290467912,0.9999999999999991,-1.9459547079532626,-0.5112150157348907,1000.0000000000016
209.9418312278781,16.414342247006932,0.9999999999999991,-1.9489481934300983,-0.5134660123936783,1000.0000000000016
209.9536144351057,16.42007528879625,0.9999999999999991,-1.951939882043078,-0.5157273171420371,1000.0000000000016
209.965385246049,16.425812426102397,0.9999999999999992,-1.9549297786804232,-0.5179989212396165,1000.0000000000017
209.97714363614207,16.431553669198276,0.9999999999999993,-1.9579178882255945,-0.5202808159475154,1000.0000000000016
209.98888958081716,16.43729902836322,0.9999999999999991,-1.9609042155567664,-0.522572992528346,1000.0000000000018
210.00062305550472,16.443048513882754,0.9999999999999991,-1.9638887655472388,-0.5248754422462767,1000.0000000000016
210.01234403563336,16.44880213604893,0.9999999999999991,-1.966871543065153,-0.5271881563669538,1000.0000000000017
210.0240524966299,16.454559905160075,0.9999999999999992,-1.9698525529735917,-0.5295111261575798,1000.0000000000017
210.03574841391935,16.460321831520872,0.9999999999999992,-1.9728318001304075,-0.5318443428868491,1000.0000000000015
210.0474317629248,16.46608792544233,0.9999999999999992,-1.9758092893884651,-0.5341877978250196,1000.0000000000015
210.0591025190676,16.47185819724182,0.9999999999999991,-1.9787850255955703,-0.5365414822438197,1000.0000000000015
210.0707606577671,16.47763265724286,0.9999999999999992,-1.9817590135939298,-0.5389053874165768,1000.0000000000015
210.08240615444086,16.483411315775452,0.9999999999999992,-1.9847312582211174,-0.541279504618096,1000.0000000000017
210.09403898450446,16.48919418317582,0.9999999999999992,-1.987701764309051,-0.5436638251247317,1000.0000000000015
210.1056591233717,16.494981269786468,0.9999999999999992,-1.9906705366846182,-0.546058340214401,1000.0000000000017
210.11726654645435,16.500772585956227,0.9999999999999992,-1.993637580169306,-0.5484630411665066,1000.0000000000016
210.12886122916228,16.50656814204005,0.9999999999999991,-1.9966028995795284,-0.550877919262021,1000.0000000000017
210.1404431469034,16.51236794839928,0.9999999999999991,-1.999566499726214,-0.5533029657834518,1000.0000000000015
210.15201227508376,16.518172015401472,0.9999999999999991,-2.0025283854150757,-0.5557381720148342,1000.0000000000016
210.1635685891073,16.523980353420413,0.9999999999999992,-2.0054885614465263,-0.558183529241802,1000.0000000000017
210.17511206437612,16.529792972836113,0.9999999999999993,-2.008447032615436,-0.5606390287514458,1000.0000000000015
210.1866426762902,16.53560988403484,0.9999999999999993,-2.0114038037114312,-0.5631046618324973,1000.0000000000016
210.1981604002476,16.541431097408932,0.9999999999999993,-2.0143588795188094,-0.5655804197751522,1000.0000000000016
210.20966521164428,16.547256623357075,0.9999999999999993,-2.0173122648162405,-0.5680662938712686,1000.0000000000016
210.22115708587427,16.553086472284082,0.9999999999999992,-2.020263964377037,-0.5705622754141473,1000.0000000000015
210.2326359983295,16.55892065460096,0.9999999999999993,-2.02321398296921,-0.5730683556987017,1000.0000000000015
210.2441019243998,16.56475918072487,0.9999999999999992,-2.0261623253550454,-0.5755845260214159,1000.0000000000016
210.25555483947306,16.570602061079178,0.9999999999999993,-2.029108996291427,-0.5781107776803012,1000.0000000000016
210.26699471893494,16.576449306093267,0.9999999999999993,-2.0320540005298113,-0.5806471019749537,1000.0000000000014
210.27842153816908,16.582300926202784,0.9999999999999991,-2.0349973428158847,-0.5831934902065186,1000.0000000000014
210.28983527255699,16.588156931849472,0.9999999999999992,-2.037939027889962,-0.585749933677775,1000.0000000000015
210.30123589747808,16.594017333481187,0.9999999999999994,-2.0408790604867733,-0.5883164236929375,1000.0000000000015
210.3126233883096,16.599882141551888,0.9999999999999994,-2.043817445335179,-0.5908929515579757,1000.0000000000016
210.3239977204267,16.605751366521677,0.9999999999999993,-2.0467541871588537,-0.5934795085801738,1000.0000000000016
210.33535886920222,16.611625018856603,0.9999999999999992,-2.049689290675417,-0.5960760860687344,1000.0000000000014
210.34670681000702,16.617503109028927,0.9999999999999993,-2.052622760597032,-0.5986826753341745,1000.0000000000016
210.35804151820966,16.623385647516947,0.9999999999999992,-2.055554601630135,-0.6012992676886881,1000.0000000000016
210.3693629691765,16.629272644804992,0.9999999999999992,-2.0584848184753355,-0.603925854446068,1000.0000000000016
210.38067113827168,16.635164111383443,0.9999999999999993,-2.061413415827687,-0.6065624269216272,1000.0000000000015
210.39196600085722,16.641060057748774,0.9999999999999992,-2.0643403983765296,-0.6092089764323418,1000.0000000000015
210.40324753229268,16.646960494403306,0.9999999999999991,-2.067265770805008,-0.6118654942967368,1000.0000000000014
210.41451570793555,16.65286543185556,0.9999999999999993,-2.0701895377911654,-0.6145319718349853,1000.0000000000014
210.42577050314097,16.65877488061997,0.9999999999999993,-2.073111704006564,-0.6172084003687885,1000.0000000000011
210.4370118932618,16.664688851216972,0.9999999999999993,-2.0760322741173667,-0.6198947712214817,1000.0000000000011
210.44823985364857,16.670607354173054,0.9999999999999993,-2.078951252783611,-0.6225910757180202,1000.0000000000014
210.4594543596496,16.676530400020468,0.9999999999999993,-2.0818686446597354,-0.6252973051849082,1000.0000000000015
210.4706553866108,16.682457999297625,0.9999999999999993,-2.0847844543940823,-0.6280134509503199,1000.0000000000014
210.48184290987564,16.688390162548796,0.9999999999999993,-2.0876986866289826,-0.6307395043439996,1000.0000000000011
210.49301690478546,16.694326900324214,0.9999999999999992,-2.0906113460011966,-0.6334754566973757,1000.0000000000015
210.50417734667909,16.70026822318,0.9999999999999993,-2.0935224371410754,-0.6362212993433403,1000.0000000000016
210.51532421089294,16.706214141678263,0.9999999999999994,-2.0964319646733287,-0.6389770236165333,1000.0000000000015
210.52645747276108,16.71216466638685,0.9999999999999994,-2.0993399332164984,-0.6417426208531936,1000.0000000000014
210.5375771076152,16.718119807879642,0.9999999999999996,-2.102246347383243,-0.644518082391194,1000.0000000000015
210.54868309078444,16.724079576736358,0.9999999999999993,-2.1051512117800115,-0.6473033995700064,1000.0000000000015
210.55977539759564,16.730043983542554,0.9999999999999993,-2.108054531007312,-0.6500985637306727,1000.0000000000014
210.57085400337309,16.736013038889674,0.9999999999999992,-2.1109563096594712,-0.6529035662159899,1000.0000000000014
210.58191888343868,16.741986753375024,0.9999999999999992,-2.1138565523249184,-0.6557183983703325,1000.0000000000011
210.59297001311162,16.747965137601593,0.9999999999999996,-2.1167552635855884,-0.6585430515396737,1000.0000000000014
210.60400736770885,16.75394820217835,0.9999999999999993,-2.1196524480177033,-0.6613775170716991,1000.0000000000015
210.6150309225447,16.759935957719996,0.9999999999999996,-2.122548110190948,-0.6642217863156716,1000.0000000000011
210.62604065293093,16.765928414847053,0.9999999999999992,-2.125442254669153,-0.6670758506226235,1000.000000000001
210.6370365341768,16.771925584185787,0.9999999999999994,-2.128334886009654,-0.6699397013450223,1000.0000000000014
210.648018541589,16.77792747636832,0.9999999999999994,-2.1312260087636616,-0.6728133298372256,1000.0000000000011
210.65898665047158,16.783934102032333,0.9999999999999994,-2.1341156274761914,-0.6756967274550547,1000.0000000000011
210.6699408361261,16.789945471821436,0.9999999999999993,-2.1370037466859486,-0.6785898855560717,1000.000000000001
210.6808810738514,16.795961596384917,0.9999999999999993,-2.1398903709252863,-0.6814927954995511,1000.000000000001
210.69180733894373,16.801982486377756,0.9999999999999994,-2.1427755047203902,-0.684405448646352,1000.000000000001
210.70271960669683,16.80800815246072,0.9999999999999993,-2.14565915259098,-0.6873278363590032,1000.000000000001
210.71361785240154,16.81403860530009,0.9999999999999996,-2.1485413190504516,-0.6902599500017672,1000.000000000001
210.7245020513462,16.820073855567983,0.9999999999999996,-2.151422008605877,-0.6932017809405053,1000.0000000000011
210.73537217881642,16.82611391394216,0.9999999999999993,-2.154301225757891,-0.6961533205428765,1000.0000000000011
210.74622821009513,16.832158791105986,0.9999999999999994,-2.1571789750007895,-0.6991145601780246,1000.000000000001
210.75707012046243,16.838208497748504,0.9999999999999994,-2.1600552608221903,-0.7020854912169554,1000.000000000001
210.76789788519585,16.844263044564432,0.9999999999999992,-2.1629300877035575,-0.7050661050322873,1000.0000000000014
210.77871147957003,16.850322442253926,0.9999999999999994,-2.1658034601197045,-0.7080563929983015,1000.0000000000011
210.7895108788569,16.856386701522933,0.9999999999999996,-2.1686753825390497,-0.7110563464910555,1000.0000000000014
210.80029605832564,16.86245583308289,0.9999999999999994,-2.1715458594233894,-0.7140659568882342,1000.0000000000011
210.81106699324252,16.868529847650862,0.9999999999999994,-2.174414895227912,-0.7170852155692344,1000.0000000000011
210.82182365887112,16.874608755949435,0.9999999999999996,-2.1772824944015383,-0.7201141139152227,1000.0000000000014
210.83256603047215,16.88069256870681,0.9999999999999992,-2.1801486613862835,-0.7231526433089357,1000.0000000000011
210.84329408330333,16.886781296656554,0.9999999999999994,-2.183013400617668,-0.7262007951349361,1000.0000000000014
210.85400779261974,16.892874950537934,0.9999999999999996,-2.185876716524632,-0.7292585607794351,1000.0000000000011
