galstreams/tracks/track.st.C-4.ibata2021.ecsv
# %ECSV 1.0
# ---
# datatype:
# - {name: ra, unit: deg, datatype: float64}
# - {name: dec, unit: deg, datatype: float64}
# - {name: distance, unit: kpc, datatype: float64}
# - {name: pm_ra_cosdec, unit: mas / yr, datatype: float64}
# - {name: pm_dec, unit: mas / yr, datatype: float64}
# - {name: radial_velocity, unit: km / s, datatype: float64}
# delimiter: ','
# meta: !!omap
# - __serialized_columns__:
#     dec:
#       __class__: astropy.coordinates.angles.Latitude
#       unit: &id001 !astropy.units.Unit {unit: deg}
#       value: !astropy.table.SerializedColumn {name: dec}
#     distance:
#       __class__: astropy.coordinates.distances.Distance
#       unit: !astropy.units.Unit {unit: kpc}
#       value: !astropy.table.SerializedColumn {name: distance}
#     pm_dec:
#       __class__: astropy.units.quantity.Quantity
#       unit: !astropy.units.Unit {unit: mas / yr}
#       value: !astropy.table.SerializedColumn {name: pm_dec}
#     pm_ra_cosdec:
#       __class__: astropy.units.quantity.Quantity
#       unit: !astropy.units.Unit {unit: mas / yr}
#       value: !astropy.table.SerializedColumn {name: pm_ra_cosdec}
#     ra:
#       __class__: astropy.coordinates.angles.Longitude
#       unit: *id001
#       value: !astropy.table.SerializedColumn {name: ra}
#       wrap_angle: !astropy.coordinates.Angle
#         unit: *id001
#         value: 360.0
#     radial_velocity:
#       __class__: astropy.units.quantity.Quantity
#       unit: !astropy.units.Unit {unit: km / s}
#       value: !astropy.table.SerializedColumn {name: radial_velocity}
# schema: astropy-2.0
ra,dec,distance,pm_ra_cosdec,pm_dec,radial_velocity
[from data line 1168]
246.22398701442324,78.73601507579052,3.2209168642015875,-15.962861726679044,14.633128704967756,1000.0
246.2473227875344,78.7270060039745,3.220747746778757,-15.961598635404123,14.643988777103157,1000.0000000000001
246.27060928801575,78.71799369494151,3.220581531792768,-15.960340696145595,14.65483317086231,1000.0
246.29384659128323,78.70897815299743,3.2204182245738022,-15.959087909490462,14.665661890921754,1000.0000000000001
246.31703477259407,78.69995938243365,3.220257830452036,-15.957840275989605,14.676474941899315,1000.0000000000001
246.34017390704665,78.69093738752711,3.220100354757649,-15.956597796157848,14.687272328354027,1000.0
246.36326406958113,78.68191217254038,3.21994580282082,-15.955360470474162,14.698054054786391,1000.0
246.38630533497965,78.67288374172169,3.2197941799717285,-15.954128299381765,14.708820125638402,999.9999999999999
246.40929777786647,78.66385209930493,3.219645491540553,-15.952901283288295,14.71957054529382,1000.0000000000001
246.43224147270837,78.65481724950965,3.219499742857471,-15.951679422565952,14.730305318078232,1000.0
246.45513649381485,78.64577919654118,3.2193569392526618,-15.950462717551616,14.741024448259115,999.9999999999999
246.47798291533854,78.63673794459064,3.2192170860563047,-15.949251168546995,14.751727940046102,1000.0
246.5007808112753,78.62769349783484,3.2190801885985794,-15.948044775818776,14.76241579759104,1000.0000000000001
246.5235302554647,78.6186458604365,3.2189462522096632,-15.946843539598762,14.773088024988187,1000.0
246.54623132158997,78.60959503654418,3.2188152822197353,-15.945647460083975,14.783744626274165,1000.0000000000001
246.56888408317883,78.60054103029226,3.2186872839589755,-15.94445653743685,14.794385605428454,1000.0000000000002
246.59148861360305,78.59148384580114,3.2185622627575614,-15.943270771785315,14.805010966373068,1000.0
246.61404498607942,78.58242348717705,3.2184402239456715,-15.942090163222968,14.815620712973114,1000.0000000000002
246.63655327366948,78.57335995851227,3.218321172853486,-15.940914711809182,14.826214849036623,1000.0000000000003
246.65901354928027,78.56429326388505,3.218205114811183,-15.939744417569239,14.836793378314857,1000.0
246.68142588566423,78.55522340735966,3.2180920551489414,-15.938579280494487,14.847356304502366,1000.0000000000001
246.7037903554196,78.54615039298645,3.21798199919694,-15.937419300542437,14.857903631237168,1000.0000000000001
246.7261070309908,78.53707422480183,3.2178749522853574,-15.936264477636916,14.868435362100803,1000.0000000000002
246.74837598466866,78.52799490682837,3.217770919744372,-15.935114811668193,14.878951500618609,1000.0000000000002
246.77059728859066,78.51891244307478,3.2176699069041637,-15.933970302493085,14.889452050259681,1000.0000000000001
246.79277101474125,78.5098268375359,3.2175719190949112,-15.932830949935102,14.899937014437162,1000.0000000000001
246.814897234952,78.5007380941928,3.217476961646792,-15.931696753784609,14.910406396508332,1000.0000000000001
246.8369760209021,78.49164621701281,3.217385039889987,-15.930567713798853,14.92086019977458,1000.0000000000001
246.85900744411848,78.48255120994949,3.217296159154673,-15.929443829702203,14.931298427481861,1000.0000000000002
246.88099157597625,78.47345307694272,3.21721032477103,-15.928325101186186,14.94172108282055,1000.0000000000001
246.90292848769872,78.46435182191864,3.2171275420692353,-15.927211527909655,14.95212816892567,1000.0000000000003
246.92481825035787,78.45524744878982,3.21704781637947,-15.926103109498898,14.962519688877052,1000.0000000000001
246.94666093487473,78.44613996145513,3.2169711530319103,-15.924999845547752,14.972895645699445,1000.0000000000001
246.96845661201945,78.4370293637999,3.2168975573567384,-15.923901735617726,14.983256042362687,1000.0000000000002
246.99020535241158,78.42791565969584,3.21682703468413,-15.922808779238146,14.993600881781774,1000.0
247.01190722652052,78.41879885300116,3.216759590344265,-15.921720975906226,15.003930166816982,1000.0000000000003
247.0335623046658,78.40967894756058,3.2166952296673226,-15.920638325087225,15.014243900274112,1000.0000000000002
247.0551706570171,78.40055594720525,3.2166339579834813,-15.919560826214543,15.024542084904535,1000.0000000000002
247.0767323535948,78.39142985575295,3.21657578062292,-15.91848847868985,15.034824723405332,1000.0000000000002
247.0982474642702,78.38230067700798,3.2165207029158176,-15.917421281883184,15.04509181841943,1000.0
247.11971605876576,78.37316841476125,3.216468730192352,-15.916359235133083,15.055343372535788,1000.0000000000002
247.14113820665537,78.36403307279033,3.2164198677827027,-15.915302337746684,15.06557938828945,1000.0000000000001
247.16251397736468,78.3548946548594,3.2163741210170493,-15.914250588999845,15.075799868161733,1000.0000000000003
247.18384344017142,78.34575316471931,3.216331495225569,-15.913203988137266,15.08600481458036,1000.0000000000001
247.20512666420547,78.33660860610766,3.2162919957384415,-15.912162534372557,15.096194229919531,1000.0000000000001
247.22636371844953,78.3274609827488,3.2162556278858463,-15.911126226888406,15.10636811650015,1000.0
247.24755467173898,78.31831029835378,3.2162223969979604,-15.910095064836653,15.116526476589874,1000.0000000000002
247.26869959276243,78.30915655662047,3.216192308404964,-15.909069047338404,15.126669312403305,1000.0000000000001
247.28979855006196,78.29999976123356,3.2161653674370365,-15.908048173484143,15.136796626102093,1000.0000000000003
247.31085161203333,78.29083991586458,3.216141579424355,-15.907032442333826,15.14690841979506,1000.0000000000003
247.3318588469263,78.28167702417193,3.2161209496970984,-15.906021852917023,15.157004695538383,1000.0000000000001
247.35282032284496,78.27251108980091,3.2161034835854476,-15.905016404232965,15.167085455335638,1000.0000000000002
247.37373610774793,78.26334211638371,3.2160891864195795,-15.90401609525071,15.177150701138043,1000.0000000000001
247.39460626944867,78.25417010753952,3.2160780635296726,-15.90302092490921,15.18720043484447,1000.0000000000002
247.4154308756159,78.24499506687448,3.2160701202459077,-15.902030892117416,15.197234658301692,1000.0000000000003
247.43620999377356,78.23581699798171,3.2160653618984614,-15.901045995754398,15.207253373304436,1000.0000000000003
247.45694369130152,78.22663590444141,3.216063793817514,-15.900066234669417,15.217256581595564,1000.0000000000001
247.47763203543542,78.21745178982076,3.216065421333244,-15.89909160768207,15.227244284866146,1000.0000000000002
247.4982750932673,78.2082646576741,3.2160702497758296,-15.898122113582343,15.237216484755614,1000.0000000000003
247.51887293174576,78.19907451154283,3.216078284475451,-15.897157751130736,15.247173182851977,1000.0000000000007
247.5394256176762,78.18988135495547,3.2160895307622845,-15.896198519058368,15.257114380691839,1000.0000000000003
247.55993321772107,78.18068519142774,3.2161039939665117,-15.895244416067055,15.267040079760545,1000.0000000000003
247.58039579840036,78.17148602446248,3.2161216794183103,-15.894295440829413,15.276950281492407,1000.0000000000003
247.60081342609158,78.16228385754982,3.216142592447859,-15.89335159198895,15.286844987270666,1000.0000000000006
247.62118616703043,78.15307869416705,3.2161667383853354,-15.892412868160207,15.296724198427876,1000.0000000000003
247.6415140873106,78.14387053777875,3.21619412256092,-15.89147926792877,15.30658791624571,1000.0000000000001
247.66179725288455,78.13465939183679,3.216224750304791,-15.890550789851419,15.316436141955425,1000.0000000000003
247.68203572956332,78.12544525978035,3.2162586269471283,-15.889627432456226,15.326268876737686,1000.0000000000002
247.70222958301724,78.1162281450359,3.2162957578181084,-15.888709194242622,15.336086121722966,1000.0000000000002
247.72237887877597,78.10700805101733,3.2163361482479127,-15.887796073681509,15.345887877991473,1000.0000000000003
247.74248368222877,78.0977849811259,3.216379803566718,-15.88688806921533,15.355674146573381,1000.0000000000003
247.76254405862483,78.08855893875024,3.2164267291047035,-15.885985179258174,15.365444928448934,1000.0000000000002
247.78256007307374,78.07932992726647,3.2164769301920497,-15.88508740219586,15.375200224548607,1000.0000000000002
247.80253179054534,78.07009795003812,3.216530412158932,-15.884194736386057,15.384940035753175,1000.0000000000003
247.82245927587044,78.06086301041621,3.2165871803355337,-15.883307180158312,15.394664362893888,1000.0000000000003
247.84234259374097,78.0516251117393,3.2166472400520294,-15.88242473181418,15.404373206752606,1000.0000000000002
247.86218180870992,78.04238425733348,3.2167105966386003,-15.881547389627313,15.414066568061848,1000.0000000000002
247.88197698519227,78.03314045051236,3.216777255425425,-15.880675151843526,15.423744447505081,1000.0000000000002
247.9017281874646,78.02389369457714,3.2168472217426816,-15.879808016680894,15.433406845716643,1000.0000000000003
247.92143547966597,78.01464399281666,3.216920500920549,-15.878945982329839,15.44305376328207,1000.0000000000001
247.94109892579766,78.00539134850736,3.2169970982892067,-15.87808904695321,15.452685200738088,1000.0000000000003
247.96071858972388,77.9961357649133,3.2170770191788325,-15.877237208686367,15.46230115857282,1000.0000000000002
247.98029453517188,77.98687724528631,3.2171602689196055,-15.876390465637261,15.47190163722583,1000.0000000000002
247.99982682573207,77.97761579286583,3.2172468528417055,-15.875548815886523,15.481486637088357,1000.0000000000003
248.0193155248586,77.96835141087907,3.2173367762753102,-15.874712257487552,15.491056158503358,1000.0000000000006
248.03876069586946,77.95908410254097,3.217430044550599,-15.873880788466574,15.500610201765692,1000.0000000000006
248.05816240194684,77.94981387105427,3.2175266629977504,-15.873054406822739,15.510148767122189,1000.0000000000006
248.07752070613725,77.94054071960946,3.217626636946942,-15.872233110528216,15.51967185477184,1000.0000000000002
248.096835671352,77.9312646513849,3.217729971728356,-15.871416897528215,15.529179464865877,1000.0000000000003
248.11610736036747,77.92198566954673,3.217836672672168,-15.870605765741148,15.538671597507982,1000.0000000000006
248.13533583582517,77.91270377724904,3.2179467451085584,-15.869799713058633,15.548148252754238,1000.0000000000003
248.1545211602323,77.9034189776337,3.218060194367705,-15.868998737345622,15.557609430613475,1000.0000000000002
248.17366339596174,77.89413127383062,3.2181770257797866,-15.86820283644045,15.567055131047216,1000.0000000000003
248.19276260525265,77.88484066895754,3.218297244674984,-15.867412008154897,15.576485353969916,1000.0000000000003
248.2118188502105,77.8755471661202,3.2184208563834735,-15.866626250274331,15.58590009924907,1000.0000000000006
248.23083219280747,77.8662507684123,3.218547866235436,-15.865845560557693,15.595299366705294,1000.0000000000003
248.24980269488262,77.85695147891559,3.2186782795610487,-15.86506993673764,15.604683156112449,1000.0000000000007
248.26873041814227,77.8476493006998,3.2188121016904896,-15.864299376520597,15.614051467197866,1000.0000000000006
248.28761542416032,77.83834423682273,3.2189493379539402,-15.8635338775868,15.623404299642324,1000.0000000000001
248.30645777437834,77.82903629033025,3.2190899936815787,-15.862773437590423,15.632741653080318,1000.0000000000003
248.3252575301061,77.81972546425631,3.219234074203582,-15.862018054159616,15.642063527100117,1000.0000000000006
248.34401475252145,77.81041176162299,3.2193815848501304,-15.86126772489657,15.651369921243806,1000.0000000000003
248.36272950267116,77.80109518544052,3.219532530951402,-15.860522447377612,15.660660835007604,1000.0000000000003
248.38140184147073,77.79177573870724,3.2196869178375773,-15.859782219153253,15.669936267841821,1000.0000000000002
248.40003182970491,77.78245342440975,3.2198447508388326,-15.859047037748287,15.679196219151088,1000.0000000000003
248.41861952802773,77.7731282455228,3.220006035285348,-15.85831690066182,15.68844068829438,1000.0000000000006
248.43716499696308,77.76380020500939,3.2201707765073033,-15.857591805367356,15.697669674585205,1000.0000000000007
248.45566829690486,77.75446930582076,3.220338979834875,-15.856871749312893,15.706883177291768,1000.0000000000007
248.4741294881172,77.74513555089642,3.220510650598244,-15.856156729920938,15.716081195637033,1000.0000000000003
248.4925486307348,77.73579894316418,3.2206857941275877,-15.855446744588612,15.725263728798836,1000.0000000000006
248.51092578476306,77.72645948554013,3.2208644157530855,-15.854741790687708,15.73443077591006,1000.0000000000007
248.5292610100787,77.7171171809288,3.2210465208049164,-15.85404186556474,15.7435823360587,1000.0000000000006
248.54755436642964,77.70777203222293,3.221232114613259,-15.853346966541025,15.752718408288061,1000.0000000000007
248.56580591343544,77.69842404230377,3.221421202508293,-15.852657090912752,15.761838991596797,1000.0000000000007
248.5840157105877,77.68907321404089,3.2216137898201938,-15.851972235951031,15.770944084939131,1000.0000000000007
248.60218381725016,77.67971955029232,3.2218098818791447,-15.851292398901943,15.780033687224854,1000.0000000000007
248.62031029265898,77.67036305390451,3.222009484015323,-15.850617576986654,15.789107797319584,1000.0000000000006
248.63839519592312,77.6610037277124,3.2222126015589057,-15.849947767401424,15.79816641404479,1000.0000000000006
248.65643858602454,77.65164157453938,3.2224192398400735,-15.849282967317688,15.807209536177936,1000.0000000000006
248.67444052181844,77.64227659719742,3.222629404189005,-15.848623173882128,15.816237162452602,1000.0000000000007
248.6924010620337,77.63290879848691,3.222843099935878,-15.847968384216713,15.825249291558691,1000.0000000000006
248.71032026527286,77.62353818119688,3.223060332410871,-15.847318595418784,15.8342459221424,1000.0000000000003
248.72819819001273,77.6141647481049,3.223281106944166,-15.84667380456108,15.843227052806427,1000.0000000000007
248.74603489460438,77.60478850197711,3.223505428865938,-15.846034008691824,15.8521926821101,1000.0000000000006
248.76383043727353,77.59540944556828,3.2237333035063673,-15.84539920483478,15.861142808569493,1000.0000000000006
248.78158487612095,77.5860275816218,3.223964736195635,-15.844769389989283,15.870077430657526,1000.0000000000003
248.79929826912237,77.57664291286976,3.2241997322639158,-15.84414456113036,15.878996546804084,1000.0000000000006
248.8169706741292,77.56725544203286,3.2244382970413907,-15.84352471520869,15.887900155396155,1000.0000000000006
248.83460214886844,77.55786517182052,3.2246804358582386,-15.842909849150749,15.89678825477792,1000.0000000000006
248.8521927509432,77.54847210493088,3.2249261540446366,-15.842299959858828,15.905660843250981,1000.0000000000006
248.86974253783276,77.53907624405078,3.2251754569307662,-15.841695044211075,15.914517919074305,1000.0000000000007
248.8872515668929,77.52967759185587,3.225428349846805,-15.841095099061583,15.923359480464441,1000.0000000000006
248.90471989535632,77.52027615101052,3.2256848381229304,-15.840500121240416,15.932185525595706,1000.0000000000008
248.92214758033282,77.51087192416793,3.2259449270893237,-15.839910107553685,15.940996052600202,1000.0000000000006
248.93953467880937,77.50146491397011,3.226208622076162,-15.839325054783577,15.94979105956791,1000.0000000000007
248.95688124765064,77.49205512304788,3.226475928413624,-15.838744959688443,15.958570544546943,1000.0000000000007
248.9741873435993,77.48264255402093,3.2267468514318893,-15.838169819002795,15.96733450554356,1000.0000000000006
248.99145302327602,77.47322720949782,3.2270213964611374,-15.837599629437424,15.976082940522307,1000.0000000000007
249.00867834317987,77.46380909207603,3.2272995688315453,-15.837034387679395,15.984815847406109,1000.0000000000006
249.02586335968866,77.4543882043419,3.227581373873293,-15.836474090392148,15.993533224076513,1000.0000000000006
249.04300812905913,77.44496454887076,3.2278668169165594,-15.83591873421549,16.002235068373604,1000.0000000000007
249.06011270742724,77.43553812822682,3.228155903291523,-15.835368315765697,16.010921378096292,1000.0000000000003
