galstreams/tracks/track.st.Jet.ferguson2022.ecsv
# %ECSV 1.0
# ---
# datatype:
# - {name: ra, unit: deg, datatype: float64}
# - {name: dec, unit: deg, datatype: float64}
# - {name: distance, unit: kpc, datatype: float64}
# - {name: pm_ra_cosdec, unit: mas / yr, datatype: float64}
# - {name: pm_dec, unit: mas / yr, datatype: float64}
# - {name: radial_velocity, unit: km / s, datatype: float64}
# delimiter: ','
# meta: !!omap
# - __serialized_columns__:
#     dec:
#       __class__: astropy.coordinates.angles.Latitude
#       unit: &id001 !astropy.units.Unit {unit: deg}
#       value: !astropy.table.SerializedColumn {name: dec}
#     distance:
#       __class__: astropy.coordinates.distances.Distance
#       unit: !astropy.units.Unit {unit: kpc}
#       value: !astropy.table.SerializedColumn {name: distance}
#     pm_dec:
#       __class__: astropy.units.quantity.Quantity
#       unit: !astropy.units.Unit {unit: mas / yr}
#       value: !astropy.table.SerializedColumn {name: pm_dec}
#     pm_ra_cosdec:
#       __class__: astropy.units.quantity.Quantity
#       unit: !astropy.units.Unit {unit: mas / yr}
#       value: !astropy.table.SerializedColumn {name: pm_ra_cosdec}
#     ra:
#       __class__: astropy.coordinates.angles.Longitude
#       unit: *id001
#       value: !astropy.table.SerializedColumn {name: ra}
#       wrap_angle: !astropy.coordinates.Angle
#         unit: *id001
#         value: 360.0
#     radial_velocity:
#       __class__: astropy.units.quantity.Quantity
#       unit: !astropy.units.Unit {unit: km / s}
#       value: !astropy.table.SerializedColumn {name: radial_velocity}
# schema: astropy-2.0
ra,dec,distance,pm_ra_cosdec,pm_dec,radial_velocity
[from data line 282]
130.70843501112378,-32.00406701441308,33.23802550323455,-0.2957974429295641,-1.1091949106392351,3.368306851948935e-14
130.71466127316606,-31.995383687853497,33.2372076708597,-0.2960682405579872,-1.1095154415037178,1.6841534259744676e-14
130.72088791060716,-31.986701209818975,33.23638702411021,-0.2963389497089072,-1.1098359403124678,0.0
130.72711492324356,-31.97801957985478,33.23556356499329,-0.29660957053170134,-1.1101564070257708,3.368306851948935e-14
130.73334231087162,-31.969338797506282,33.2347372955162,-0.2968801031757594,-1.1104768416039326,1.6841534259744676e-14
130.7395700732879,-31.960658862318873,33.23390821768616,-0.2971505477904825,-1.1107972440072849,1.6841534259744676e-14
130.7457982102889,-31.951979773838143,33.233076333510404,-0.29742090452528436,-1.1111176141961818,3.368306851948935e-14
130.7520267216712,-31.94330153160979,33.23224164499617,-0.29769117352959185,-1.111437952131,1.6841534259744676e-14
130.75825560723146,-31.934624135179483,33.231404154150695,-0.2979613549528415,-1.1117582577721397,0.0
130.7644848667663,-31.925947584093112,33.230563862981214,-0.2982314489444844,-1.1120785310800245,1.6841534259744676e-14
130.77071450007253,-31.91727187789668,33.22972077349495,-0.29850145565398223,-1.112398772015101,1.6841534259744676e-14
130.7769445069469,-31.908597016136135,33.22887488769916,-0.2987713752308089,-1.1127189805378381,3.368306851948935e-14
130.78317488718628,-31.89992299835767,33.228026207601054,-0.2990412078244503,-1.1130391566087297,1.6841534259744676e-14
130.78940564058746,-31.89124982410757,33.227174735207896,-0.29931095358440574,-1.1133593001882913,1.6841534259744676e-14
130.79563676694744,-31.882577492932118,33.22632047252689,-0.29958061266018465,-1.113679411237063,3.368306851948935e-14
130.8018682660632,-31.873906004377762,33.225463421565294,-0.2998501852013089,-1.1139994897156058,0.0
130.80810013773166,-31.86523535799112,33.22460358433033,-0.3001196713573139,-1.114319535584507,0.0
130.81433238175003,-31.856565553318735,33.22374096282923,-0.3003890712777444,-1.1146395488043752,1.6841534259744676e-14
130.8205649979154,-31.847896589907393,33.222875559069244,-0.3006583851121593,-1.114959529335842,0.0
130.82679798602484,-31.839228467303982,33.2220073750576,-0.30092761301012927,-1.115279477139563,5.0524602779234026e-14
130.8330313458757,-31.830561185055334,33.22113641280152,-0.30119675512123517,-1.115599392176217,1.6841534259744676e-14
130.83926507726517,-31.821894742708558,33.22026267430826,-0.3014658115950709,-1.1159192744065052,1.6841534259744676e-14
130.84549917999055,-31.813229139810772,33.21938616158504,-0.30173478258124364,-1.1162391237911535,3.368306851948935e-14
130.85173365384924,-31.804564375909255,33.2185068766391,-0.30200366822937036,-1.11655894029091,-1.6841534259744676e-14
130.85796849863863,-31.79590045055128,33.21762482147767,-0.30227246868908075,-1.1168787238665456,1.6841534259744676e-14
130.8642037141562,-31.7872373632843,33.21673999810799,-0.30254118411001657,-1.1171984744788568,5.0524602779234026e-14
130.87043930019937,-31.778575113655897,33.21585240853731,-0.3028098146418309,-1.1175181920886597,0.0
130.87667525656576,-31.769913701213635,33.214962054772826,-0.30307836043418973,-1.1178378766567967,1.6841534259744676e-14
130.882911583053,-31.76125312550527,33.214068938821804,-0.303346821636769,-1.1181575281441323,3.368306851948935e-14
130.8891482794586,-31.752593386078694,33.21317306269147,-0.30361519839925916,-1.1184771465115546,6.73661370389787e-14
130.89538534558037,-31.743934482481723,33.21227442838906,-0.3038834908713599,-1.1187967317199743,0.0
130.90162278121602,-31.735276414262465,33.211373037921796,-0.30415169920278434,-1.1191162837303268,3.368306851948935e-14
130.90786058616325,-31.72661918096907,33.21046889329694,-0.30441982354325636,-1.1194358025035682,1.6841534259744676e-14
130.91409876021999,-31.717962782149705,33.20956199652169,-0.304687864042513,-1.1197552880006816,1.6841534259744676e-14
130.92033730318408,-31.70930721735272,33.20865234960333,-0.3049558208503012,-1.1200747401826696,-1.6841534259744676e-14
130.92657621485338,-31.700652486126614,33.20773995454905,-0.30522369411638195,-1.1203941590105608,3.368306851948935e-14
130.93281549502598,-31.691998588019803,33.20682481336609,-0.3054914839905252,-1.120713544445406,3.368306851948935e-14
130.9390551434998,-31.68334552258097,33.20590692806173,-0.3057591906225149,-1.121032896448279,1.6841534259744676e-14
130.94529516007285,-31.674693289358878,33.20498630064314,-0.3060268141621463,-1.1213522149802784,-1.6841534259744676e-14
130.95153554454336,-31.666041887902292,33.2040629331176,-0.3062943547592255,-1.1216715000025248,3.368306851948935e-14
130.9577762967094,-31.657391317760165,33.203136827492315,-0.30656181256357073,-1.1219907514761616,1.6841534259744676e-14
130.9640174163692,-31.648741578481523,33.202207985774564,-0.3068291877250121,-1.122309969362357,3.368306851948935e-14
130.97025890332088,-31.64009266961554,33.20127640997153,-0.3070964803933924,-1.1226291536223028,0.0
130.97650075736288,-31.631444590711357,33.20034210209047,-0.3073636907185633,-1.1229483042172115,0.0
130.9827429782935,-31.622797341318353,33.19940506413863,-0.30763081885039056,-1.1232674211083222,5.0524602779234026e-14
130.98898556591098,-31.614150920985985,33.198465298123246,-0.3078978649387511,-1.1235865042568949,1.6841534259744676e-14
130.9952285200139,-31.605505329263703,33.19752280605152,-0.3081648291335323,-1.1239055536242146,0.0
131.00147184040065,-31.596860565701174,33.196577589930705,-0.3084317115846352,-1.1242245691715893,1.6841534259744676e-14
131.00771552686967,-31.588216629848166,33.19562965176806,-0.30869851244197083,-1.124543550860348,3.368306851948935e-14
131.0139595792197,-31.579573521254414,33.194678993570776,-0.3089652318554614,-1.1248624986518478,0.0
131.02020399724915,-31.57093123946989,33.19372561734613,-0.3092318699750428,-1.1251814125074648,-1.6841534259744676e-14
131.0264487807567,-31.562289784044687,33.192769525101326,-0.30949842695066077,-1.1255002923886006,3.368306851948935e-14
131.0326939295411,-31.55364915452882,33.19181071884361,-0.3097649029322731,-1.1258191382566802,1.6841534259744676e-14
131.03893944340103,-31.545009350472565,33.190849200580224,-0.3100312980698484,-1.1261379500731508,6.73661370389787e-14
131.04518532213524,-31.536370371426305,33.189884972318396,-0.31029761251336885,-1.126456727799484,3.368306851948935e-14
131.05143156554263,-31.527732216940354,33.18891803606535,-0.31056384641282564,-1.1267754713971745,-1.6841534259744676e-14
131.05767817342195,-31.519094886565316,33.187948393828336,-0.31082999991822335,-1.127094180827741,1.6841534259744676e-14
131.06392514557217,-31.510458379851805,33.186976047614586,-0.31109607317957677,-1.1274128560527241,3.368306851948935e-14
131.07017248179218,-31.501822696350587,33.186000999431336,-0.3113620663469133,-1.1277314970336896,3.368306851948935e-14
131.07642018188102,-31.493187835612407,33.18502325128581,-0.3116279795702712,-1.1280501037322248,0.0
131.08266824563773,-31.484553797188248,33.18404280518526,-0.3118938129996991,-1.1283686761099418,1.6841534259744676e-14
131.0889166728613,-31.475920580629168,33.183059663136895,-0.31215956678526,-1.1286872141284767,0.0
131.09516546335095,-31.46728818548622,33.18207382714797,-0.31242524107702513,-1.1290057177494877,1.6841534259744676e-14
131.1014146169058,-31.458656611310683,33.18108529922573,-0.3126908360250791,-1.1293241869346557,-1.6841534259744676e-14
131.10766413332496,-31.450025857653923,33.18009408137738,-0.31295635177951764,-1.129642621645687,3.368306851948935e-14
131.11391401240783,-31.44139592406728,33.17910017561018,-0.31322178849044646,-1.1299610218443104,3.368306851948935e-14
131.12016425395362,-31.432766810102347,33.17810358393135,-0.3134871463079849,-1.1302793874922787,3.368306851948935e-14
131.12641485776163,-31.424138515310776,33.177104308348135,-0.3137524253822624,-1.1305977185513671,3.368306851948935e-14
131.13266582363133,-31.415511039244237,33.17610235086776,-0.3140176258634191,-1.1309160149833746,1.6841534259744676e-14
131.13891715136205,-31.406884381454596,33.175097713497465,-0.31428274790160804,-1.1312342767501247,3.368306851948935e-14
131.1451688407532,-31.398258541493824,33.17409039824449,-0.31454779164699315,-1.1315525038134626,1.6841534259744676e-14
131.1514208916044,-31.389633518913882,33.17308040711605,-0.3148127572497487,-1.1318706961352585,-1.6841534259744676e-14
131.15767330371514,-31.38100931326696,33.1720677421194,-0.3150776448600613,-1.1321888536774047,5.0524602779234026e-14
131.163926076885,-31.372385924105263,33.171052405261776,-0.31534245462812804,-1.1325069764018187,1.6841534259744676e-14
131.17017921091352,-31.363763350981195,33.1700343985504,-0.31560718670415855,-1.1328250642704396,0.0
131.1764327056005,-31.355141593447108,33.169013723992514,-0.31587184123837253,-1.1331431172452313,1.6841534259744676e-14
131.18268656074557,-31.346520651055577,33.16799038359535,-0.3161364183810008,-1.1334611352881805,-1.6841534259744676e-14
131.18894077614846,-31.337900523359295,33.166964379366135,-0.31640091828228734,-1.1337791183612982,1.6841534259744676e-14
131.19519535160902,-31.329281209910903,33.165935713312116,-0.3166653410924848,-1.1340970664266175,3.368306851948935e-14
131.20145028692704,-31.3206627102633,33.16490438744054,-0.3169296869618581,-1.1344149794461948,1.6841534259744676e-14
131.20770558190233,-31.312045023969453,33.16387040375861,-0.3171939560406851,-1.134732857382113,-1.6841534259744676e-14
131.21396123633494,-31.303428150582356,33.16283376427358,-0.3174581484792513,-1.1350507001964754,5.0524602779234026e-14
131.22021725002475,-31.294812089655156,33.16179447099268,-0.3177222644278563,-1.13536850785141,1.6841534259744676e-14
131.22647362277166,-31.286196840741166,33.16075252592315,-0.31798630403681094,-1.1356862803090677,3.368306851948935e-14
131.23273035437586,-31.277582403393644,33.15970793107222,-0.31825026745643464,-1.1360040175316242,0.0
131.2389874446373,-31.26896877716608,33.15866068844713,-0.31851415483706036,-1.136321719481277,0.0
131.24524489335613,-31.26035596161207,33.1576108000551,-0.31877796632903127,-1.1366393861202477,1.6841534259744676e-14
131.25150270033257,-31.251743956285175,33.156558267903385,-0.3190417020827009,-1.1369570174107826,3.368306851948935e-14
131.2577608653667,-31.243132760739186,33.15550309399921,-0.31930536224843653,-1.13727461331515,1.6841534259744676e-14
131.2640193882588,-31.234522374528012,33.15444528034981,-0.3195689469766137,-1.137592173795642,3.368306851948935e-14
131.27027826880914,-31.2259127972055,33.153384828962416,-0.31983245641762026,-1.1379096988145756,-1.6841534259744676e-14
131.27653750681804,-31.217304028325785,33.15232174184426,-0.32009589072185474,-1.1382271883342892,3.368306851948935e-14
131.28279710208588,-31.20869606744299,33.1512560210026,-0.32035925003972743,-1.1385446423171455,3.368306851948935e-14
131.28905705441295,-31.200088914111426,33.15018766844465,-0.32062253452165934,-1.1388620607255318,0.0
131.29531736359976,-31.19148256788538,33.149116686177635,-0.3208857443180818,-1.1391794435218578,3.368306851948935e-14
131.3015780294468,-31.182877028319336,33.14804307620882,-0.32114887957943816,-1.1394967906685571,1.6841534259744676e-14
131.30783905175448,-31.17427229496792,33.14696684054542,-0.32141194045618293,-1.1398141021280863,3.368306851948935e-14
131.31410043032344,-31.165668367385695,33.145887981194676,-0.32167492709877993,-1.1401313778629258,1.6841534259744676e-14
131.32036216495422,-31.15706524512748,33.1448065001638,-0.32193783965770606,-1.1404486178355815,1.6841534259744676e-14
131.32662425544743,-31.148462927748184,33.143722399460074,-0.3222006782834481,-1.1407658220085795,3.368306851948935e-14
131.33288670160377,-31.139861414802688,33.142635681090695,-0.32246344312650393,-1.1410829903444712,8.420767129872338e-14
131.33914950322395,-31.1312607058461,33.141546347062906,-0.3227261343373818,-1.141400122805832,3.368306851948935e-14
131.34541266010862,-31.122660800433646,33.14045439938394,-0.32298875206660294,-1.14171721935526,3.368306851948935e-14
131.35167617205872,-31.114061698120505,33.13935984006105,-0.3232512964646962,-1.1420342799553769,3.368306851948935e-14
131.35794003887491,-31.105463398462103,33.138262671101444,-0.3235137676822045,-1.1423513045688276,1.6841534259744676e-14
131.3642042603581,-31.096865901013956,33.13716289451237,-0.32377616586968094,-1.1426682931582832,1.6841534259744676e-14
131.37046883630921,-31.088269205331553,33.13606051230108,-0.32403849117768735,-1.1429852456864338,1.6841534259744676e-14
131.37673376652916,-31.07967331097063,33.134955526474776,-0.32430074375679907,-1.1433021621159971,3.368306851948935e-14
131.38299905081888,-31.071078217487,33.1338479390407,-0.3245629237576012,-1.1436190424097123,0.0
131.3892646889794,-31.062483924436478,33.132737752006115,-0.32482503133068974,-1.1439358865303428,5.0524602779234026e-14
131.39553068081182,-31.053890431375066,33.13162496737822,-0.3250870666266712,-1.1442526944406763,1.6841534259744676e-14
131.40179702611715,-31.045297737858878,33.130509587164276,-0.32534902979616354,-1.1445694661035217,-1.6841534259744676e-14
131.40806372469646,-31.036705843444143,33.129391613371496,-0.32561092098979605,-1.144886201481714,3.368306851948935e-14
131.41433077635102,-31.02811474768706,33.12827104800714,-0.3258727403582068,-1.1452029005381101,1.6841534259744676e-14
131.42059818088197,-31.01952445014406,33.12714789307842,-0.3261344880520467,-1.1455195632355926,0.0
131.42686593809051,-31.0109349503717,33.12602215059258,-0.3263961642219766,-1.1458361895370648,3.368306851948935e-14
131.43313404777797,-31.002346247926482,33.124893822556864,-0.32665776901866794,-1.146152779405456,6.73661370389787e-14
131.43940250974566,-30.993758342365147,33.123762910978485,-0.3269193025928031,-1.146469332803718,5.0524602779234026e-14
131.44567132379484,-30.985171233244543,33.12262941786469,-0.3271807650950755,-1.146785849694826,3.368306851948935e-14
131.45194048972695,-30.976584920121486,33.121493345222724,-0.32744215667618903,-1.1471023300417795,1.6841534259744676e-14
131.4582100073434,-30.967999402553026,33.1203546950598,-0.32770347748685785,-1.1474187738076007,1.6841534259744676e-14
131.4644798764456,-30.959414680096316,33.11921346938317,-0.32796472767780815,-1.147735180955337,1.6841534259744676e-14
131.4707500968351,-30.950830752308494,33.118069670200065,-0.32822590739977536,-1.1480515514480576,3.368306851948935e-14
131.4770206683134,-30.942247618746897,33.116923299517715,-0.32848701680350567,-1.1483678852488564,1.6841534259744676e-14
131.48329159068203,-30.93366527896894,33.11577435934336,-0.32874805603975754,-1.1486841823208502,5.0524602779234026e-14
131.48956286374255,-30.925083732532194,33.11462285168423,-0.32900902525929876,-1.1490004426271798,3.368306851948935e-14
131.49583448729672,-30.916502978994192,33.11346877854756,-0.32926992461290766,-1.1493166661310097,3.368306851948935e-14
131.50210646114613,-30.907923017912704,33.112312141940585,-0.3295307542513731,-1.1496328527955284,6.73661370389787e-14
131.5083787850924,-30.899343848845575,33.11115294387055,-0.3297915143254966,-1.1499490025839467,3.368306851948935e-14
131.51465145893744,-30.890765471350676,33.109991186344686,-0.3300522049860868,-1.1502651154595,0.0
131.52092448248294,-30.88218788498606,33.10882687137021,-0.3303128263839653,-1.1505811913854478,0.0
131.52719785553066,-30.873611089309904,33.107660000954375,-0.3305733786699653,-1.1508972303250717,1.6841534259744676e-14
131.5334715778825,-30.86503508388036,33.10649057710442,-0.33083386199492715,-1.1512132322416782,1.6841534259744676e-14
131.53974564934038,-30.856459868255808,33.105318601827555,-0.3310942765097043,-1.1515291970985972,1.6841534259744676e-14
131.54602006970612,-30.847885441994723,33.10414407713104,-0.3313546223651611,-1.1518451248591814,0.0
131.55229483878176,-30.839311804655573,33.1029670050221,-0.33161489971216984,-1.1521610154868087,-1.6841534259744676e-14
