galstreams/tracks/track.st.M30.sollima2020.ecsv
# %ECSV 1.0
# ---
# datatype:
# - {name: ra, unit: deg, datatype: float64}
# - {name: dec, unit: deg, datatype: float64}
# - {name: distance, unit: kpc, datatype: float64}
# - {name: pm_ra_cosdec, unit: mas / yr, datatype: float64}
# - {name: pm_dec, unit: mas / yr, datatype: float64}
# - {name: radial_velocity, unit: km / s, datatype: float64}
# delimiter: ','
# meta: !!omap
# - __serialized_columns__:
#     dec:
#       __class__: astropy.coordinates.angles.Latitude
#       unit: &id001 !astropy.units.Unit {unit: deg}
#       value: !astropy.table.SerializedColumn {name: dec}
#     distance:
#       __class__: astropy.coordinates.distances.Distance
#       unit: !astropy.units.Unit {unit: kpc}
#       value: !astropy.table.SerializedColumn {name: distance}
#     pm_dec:
#       __class__: astropy.units.quantity.Quantity
#       unit: !astropy.units.Unit {unit: mas / yr}
#       value: !astropy.table.SerializedColumn {name: pm_dec}
#     pm_ra_cosdec:
#       __class__: astropy.units.quantity.Quantity
#       unit: !astropy.units.Unit {unit: mas / yr}
#       value: !astropy.table.SerializedColumn {name: pm_ra_cosdec}
#     ra:
#       __class__: astropy.coordinates.angles.Longitude
#       unit: *id001
#       value: !astropy.table.SerializedColumn {name: ra}
#       wrap_angle: !astropy.coordinates.Angle
#         unit: *id001
#         value: 360.0
#     radial_velocity:
#       __class__: astropy.units.quantity.Quantity
#       unit: !astropy.units.Unit {unit: km / s}
#       value: !astropy.table.SerializedColumn {name: radial_velocity}
# schema: astropy-2.0
ra,dec,distance,pm_ra_cosdec,pm_dec,radial_velocity
[from data line 726]
327.64606438302286,-21.00323011710658,8.458000000000006,0.0,0.0,0.0
327.6538677642516,-20.990465013285142,8.458000000000004,0.0,0.0,0.0
327.66168850905103,-20.97779539335585,8.458000000000006,0.0,0.0,0.0
327.66952729044493,-20.965224619582386,8.458000000000006,0.0,0.0,0.0
327.67738478987604,-20.952756093737044,8.458000000000004,0.0,0.0,0.0
327.6852616972701,-20.9403932573358,8.458000000000006,0.0,0.0,0.0
327.6931587110997,-20.928139591873883,8.458000000000006,0.0,0.0,0.0
327.70107653844974,-20.91599861906196,8.458000000000007,0.0,0.0,0.0
327.7090158950825,-20.903973901062848,8.458000000000006,0.0,0.0,0.0
327.7169775055041,-20.892069040728753,8.458000000000004,0.0,0.0,0.0
327.72496210303154,-20.88028768183917,8.458000000000004,0.0,0.0,0.0
327.73297042986013,-20.8686335093392,8.458000000000004,0.0,0.0,0.0
327.7410032371318,-20.857110249578536,8.458000000000006,0.0,0.0,0.0
327.74906128500453,-20.84572167055091,8.458000000000006,0.0,0.0,0.0
327.7571453427214,-20.834471582134196,8.458000000000004,0.0,0.0,0.0
327.765256188682,-20.823363836330913,8.458000000000006,0.0,0.0,0.0
327.77339461051315,-20.812402327509467,8.458000000000004,0.0,0.0,0.0
327.78156140514125,-20.801590992645714,8.458000000000007,0.0,0.0,0.0
327.7897573788653,-20.79093381156527,8.458000000000004,0.0,0.0,0.0
327.7979833474305,-20.780434807186253,8.458000000000006,0.0,0.0,0.0
327.80624013610264,-20.77009804576258,8.458000000000002,0.0,0.0,0.0
327.81452857974415,-20.759927637127806,8.458000000000002,0.0,0.0,0.0
327.82284952288984,-20.74992773493954,8.458000000000002,0.0,0.0,0.0
327.83120381982457,-20.740102536924322,8.458000000000004,0.0,0.0,0.0
327.839592334661,-20.730456285123097,8.458000000000002,0.0,0.0,0.0
327.84801594141913,-20.720993266137175,8.458000000000002,0.0,0.0,0.0
327.8564755241059,-20.71171781137476,8.458000000000004,0.0,0.0,0.0
327.8649719767967,-20.70263429729798,8.458,0.0,0.0,0.0
327.8735062037169,-20.69374714567043,8.458000000000004,0.0,0.0,0.0
327.8820791193254,-20.685060823805276,8.458000000000002,0.0,0.0,0.0
327.89069164839844,-20.67657984481386,8.458000000000004,0.0,0.0,0.0
327.89934472611486,-20.668308767854782,8.458000000000004,0.0,0.0,0.0
327.90803929814234,-20.660252198383613,8.458000000000004,0.0,0.0,0.0
327.91677632072503,-20.652414788402957,8.458000000000002,0.0,0.0,0.0
327.92555676077166,-20.64480123671317,8.458000000000006,0.0,0.0,0.0
327.93438159594575,-20.63741628916353,8.458000000000004,0.0,0.0,0.0
327.943251814756,-20.630264738903872,8.458000000000004,0.0,0.0,0.0
327.9521684166491,-20.62335142663681,8.458000000000002,0.0,0.0,0.0
327.96113241210236,-20.61668124087038,8.458000000000004,0.0,0.0,0.0
327.97014482271885,-20.610259118171275,8.458000000000002,0.0,0.0,0.0
327.9792066813235,-20.60409004341844,8.458000000000002,0.0,0.0,0.0
327.9883190320599,-20.59817905005729,8.458000000000004,0.0,0.0,0.0
327.99748293048947,-20.59253122035436,8.458,0.0,0.0,0.0
328.00669944369133,-20.5871516856524,8.458,0.0,0.0,0.0
328.01596965036396,-20.582045626626076,8.458,0.0,0.0,0.0
328.02529464092805,-20.577218273537987,8.458000000000002,0.0,0.0,0.0
328.03467551763106,-20.57267490649531,8.458,0.0,0.0,0.0
328.0441133946534,-20.568420855706798,8.458,0.0,0.0,0.0
328.05360939821577,-20.564461501740343,8.458,0.0,0.0,0.0
328.0631646666888,-20.560802275780937,8.458000000000002,0.0,0.0,0.0
328.07278035070345,-20.557448659889126,8.458000000000002,0.0,0.0,0.0
328.082457613264,-20.554406187259904,8.458000000000002,0.0,0.0,0.0
328.0921976298621,-20.551680442482105,8.458000000000004,0.0,0.0,0.0
328.1020015885929,-20.549277061798186,8.458,0.0,0.0,0.0
328.111870690273,-20.54720173336447,8.458000000000002,0.0,0.0,0.0
328.12180614856027,-20.545460197511886,8.458000000000002,0.0,0.0,0.0
328.1318091900752,-20.544058247007072,8.458,0.0,0.0,0.0
328.14188105452496,-20.543001727313946,8.458,0.0,0.0,0.0
328.15202299482854,-20.542296536855716,8.458,0.0,0.0,0.0
328.16223627724474,-20.541948627277282,8.457999999999998,0.0,0.0,0.0
328.1725221815018,-20.541964003708095,8.457999999999998,0.0,0.0,0.0
328.18288200092917,-20.542348725025384,8.457999999999998,0.0,0.0,0.0
328.193317042592,-20.54310890411783,8.457999999999998,0.0,0.0,0.0
328.203828627427,-20.544250708149633,8.457999999999998,0.0,0.0,0.0
328.2144180903817,-20.545780358824974,8.458,0.0,0.0,0.0
328.2250867805548,-20.547704132652836,8.457999999999998,0.0,0.0,0.0
328.2358360613405,-20.550028361212256,8.458,0.0,0.0,0.0
328.24666731057374,-20.55275943141799,8.457999999999998,0.0,0.0,0.0
328.25758192067923,-20.55590378578643,8.458,0.0,0.0,0.0
328.2685812988224,-20.55946792270201,8.457999999999997,0.0,0.0,0.0
