galstreams/tracks/track.st.Orphan-Chenab.ibata2021.ecsv
# %ECSV 0.9
# ---
# datatype:
# - {name: ra, unit: deg, datatype: float64}
# - {name: dec, unit: deg, datatype: float64}
# - {name: distance, unit: kpc, datatype: float64}
# - {name: pm_ra_cosdec, unit: mas / yr, datatype: float64}
# - {name: pm_dec, unit: mas / yr, datatype: float64}
# - {name: radial_velocity, unit: km / s, datatype: float64}
# delimiter: ','
# meta: !!omap
# - __serialized_columns__:
#     dec:
#       __class__: astropy.coordinates.angles.Latitude
#       unit: &id001 !astropy.units.Unit {unit: deg}
#       value: !astropy.table.SerializedColumn {name: dec}
#     distance:
#       __class__: astropy.coordinates.distances.Distance
#       unit: !astropy.units.Unit {unit: kpc}
#       value: !astropy.table.SerializedColumn {name: distance}
#     pm_dec:
#       __class__: astropy.units.quantity.Quantity
#       unit: !astropy.units.Unit {unit: mas / yr}
#       value: !astropy.table.SerializedColumn {name: pm_dec}
#     pm_ra_cosdec:
#       __class__: astropy.units.quantity.Quantity
#       unit: !astropy.units.Unit {unit: mas / yr}
#       value: !astropy.table.SerializedColumn {name: pm_ra_cosdec}
#     ra:
#       __class__: astropy.coordinates.angles.Longitude
#       unit: *id001
#       value: !astropy.table.SerializedColumn {name: ra}
#       wrap_angle: !astropy.coordinates.Angle
#         unit: *id001
#         value: 360.0
#     radial_velocity:
#       __class__: astropy.units.quantity.Quantity
#       unit: !astropy.units.Unit {unit: km / s}
#       value: !astropy.table.SerializedColumn {name: radial_velocity}
# schema: astropy-2.0
ra,dec,distance,pm_ra_cosdec,pm_dec,radial_velocity
[from data line 6251]
168.23905754084592,-18.732881591765334,14.629776036695423,-2.5398874039595434,1.8528989839809882,3.368306851948935e-14
168.24260925704607,-18.74229871970612,14.62870007873451,-2.5402664602656153,1.85342837554292,3.368306851948935e-14
168.2461610501781,-18.751715899716118,14.627624864519749,-2.5406455156325327,1.8539576989095787,3.368306851948935e-14
168.24971292029508,-18.761133131826853,14.626550394185907,-2.5410245700499976,1.854486954022831,-8.420767129872338e-15
168.25326486744987,-18.770550416069902,14.625476667867735,-2.5414036235077053,1.8550161408245487,5.0524602779234026e-14
168.25681689169556,-18.779967752476832,14.624403685700011,-2.5417826759953353,1.8555452592566037,1.6841534259744676e-14
168.26036899308517,-18.789385141079233,14.623331447817483,-2.542161727502569,1.8560743092608782,-1.6841534259744676e-14
168.26392117167163,-18.798802581908717,14.622259954354917,-2.5425407780190685,1.856603290779253,5.894536990910637e-14
168.26747342750804,-18.808220074996893,14.621189205447074,-2.542919827534493,1.857132203753614,4.210383564936169e-14
168.27102576064743,-18.817637620375383,14.62011920122872,-2.54329887603849,1.8576610481258529,5.0524602779234026e-14
168.27457817114285,-18.827055218075838,14.619049941834607,-2.5436779235207005,1.8581898238378634,-2.5262301389617013e-14
168.27813065904732,-18.836472868129892,14.617981427399508,-2.544056969970753,1.8587185308315433,-5.0524602779234026e-14
168.28168322441388,-18.845890570569214,14.616913658058177,-2.544436015378271,1.8592471690487962,6.73661370389787e-14
168.2852358672957,-18.855308325425494,14.615846633945377,-2.544815059732865,1.8597757384315274,-3.368306851948935e-14
168.2887885877458,-18.864726132730407,14.61478035519587,-2.545194103024141,1.8603042389216473,8.420767129872338e-15
168.29234138581728,-18.874143992515656,14.61371482194442,-2.5455731452416903,1.8608326704610703,4.210383564936169e-14
168.29589426156326,-18.88356190481297,14.612650034325783,-2.5459521863751013,1.8613610329917154,-1.6841534259744676e-14
168.29944721503682,-18.892979869654056,14.611585992474728,-2.546331226413949,1.8618893264555028,3.368306851948935e-14
168.3030002462911,-18.90239788707066,14.610522696526012,-2.5467102653477998,1.862417550794359,0.0
168.30655335537924,-18.911815957094532,14.609460146614397,-2.547089303166214,1.8629457059502137,1.6841534259744676e-14
168.3101065423544,-18.92123407975744,14.608398342874649,-2.54746833985874,1.8634737918650022,0.0
168.31365980726966,-18.930652255091164,14.607337285441519,-2.547847375414918,1.8640018084806613,2.5262301389617013e-14
168.31721315017828,-18.94007048312748,14.60627697444978,-2.5482264098242795,1.8645297557391316,-1.6841534259744676e-14
168.32076657113333,-18.949488763898213,14.605217410034182,-2.5486054430763483,1.8650576335823614,-8.420767129872338e-15
168.32432007018804,-18.95890709743515,14.604158592329501,-2.548984475160634,1.8655854419522993,0.0
168.3278736473956,-18.968325483770137,14.603100521470488,-2.5493635060666433,1.8661131807908988,3.368306851948935e-14
168.3314273028092,-18.977743922935005,14.602043197591902,-2.549742535783871,1.8666408500401184,1.6841534259744676e-14
168.33498103648205,-18.987162414961603,14.600986620828518,-2.5501215643018016,1.867168449641918,2.5262301389617013e-14
168.3385348484674,-18.996580959881797,14.599930791315087,-2.5505005916099135,1.8676959795382646,-1.6841534259744676e-14
168.34208873881838,-19.00599955772749,14.598875709186373,-2.5508796176976745,1.8682234396711284,2.5262301389617013e-14
168.3456427075883,-19.015418208530523,14.59782137457714,-2.551258642554542,1.8687508299824813,5.894536990910637e-14
168.34919675483044,-19.024836912322836,14.596767787622143,-2.5516376661699685,1.8692781504143026,-8.420767129872338e-15
168.352750880598,-19.03425566913633,14.595714948456155,-2.5520166885333886,1.8698054009085714,8.420767129872338e-15
168.3563050849442,-19.043674479002927,14.59466285721393,-2.5523957096342413,1.8703325814072767,5.894536990910637e-14
168.35985936792247,-19.05309334195458,14.593611514030224,-2.5527747294619445,1.8708596918524043,4.210383564936169e-14
168.36341372958597,-19.062512258023226,14.592560919039808,-2.5531537480059114,1.8713867321859499,1.6841534259744676e-14
168.36696816998798,-19.071931227240864,14.591511072377438,-2.553532765255549,1.8719137023499115,3.368306851948935e-14
168.37052268918188,-19.081350249639428,14.590461974177883,-2.5539117812002488,1.872440602286289,8.420767129872338e-15
168.37407728722096,-19.090769325250932,14.589413624575895,-2.5542907958293988,1.8729674319370888,4.210383564936169e-14
168.37763196415855,-19.10018845410737,14.588366023706248,-2.554669809132374,1.873494191244318,-8.420767129872338e-15
168.38118672004794,-19.109607636240767,14.58731917170369,-2.555048821098544,1.8740208801499936,1.6841534259744676e-14
168.3847415549425,-19.119026871683133,14.586273068702988,-2.5554278317172665,1.8745474985961315,5.0524602779234026e-14
168.3882964688956,-19.128446160466538,14.58522771483891,-2.555806840977891,1.8750740465247526,2.5262301389617013e-14
168.3918514619606,-19.13786550262301,14.584183110246203,-2.556185848869759,1.875600523877884,3.368306851948935e-14
168.39540653419087,-19.147284898184626,14.583139255059642,-2.5565648553821987,1.8761269305975525,6.73661370389787e-14
168.3989616856398,-19.156704347183453,14.582096149413985,-2.556943860504534,1.876653266625794,8.420767129872338e-15
168.40251691636072,-19.166123849651605,14.58105379344399,-2.5573228642260775,1.8771795319046443,3.368306851948935e-14
168.4060722264071,-19.17554340562116,14.580012187284426,-2.557701866536131,1.8777057263761452,3.368306851948935e-14
168.40962761583233,-19.184963015124243,14.578971331070049,-2.558080867423991,1.8782318499823423,3.368306851948935e-14
168.41318308468985,-19.194382678193,14.577931224935616,-2.558459866878944,1.8787579026652872,1.6841534259744676e-14
168.41673863303305,-19.203802394859554,14.576891869015896,-2.5588388648902636,1.8792838843670303,5.0524602779234026e-14
168.42029426091543,-19.21322216515606,14.575853263445651,-2.559217861447216,1.879809795029629,1.6841534259744676e-14
168.42384996839039,-19.222641989114685,14.57481540835964,-2.5595968565390614,1.8803356345951472,2.5262301389617013e-14
168.42740575551142,-19.23206186676762,14.573778303892622,-2.559975850155047,1.8808614030056492,4.210383564936169e-14
168.43096162233195,-19.241481798147046,14.572741950179363,-2.5603548422844122,1.881387100203205,4.210383564936169e-14
168.4345175689055,-19.250901783285173,14.571706347354628,-2.560733832916387,1.8819127261298867,4.210383564936169e-14
168.43807359528557,-19.260321822214223,14.570671495553166,-2.5611128220401933,1.8824382807277733,1.6841534259744676e-14
168.44162970152564,-19.269741914966417,14.56963739490975,-2.5614918096450414,1.8829637639389465,1.6841534259744676e-14
168.44518588767923,-19.279162061573995,14.568604045559136,-2.5618707957201345,1.8834891757054912,8.420767129872338e-15
168.44874215379983,-19.288582262069223,14.56757144763609,-2.5622497802546658,1.8840145159694976,-3.368306851948935e-14
168.45229849994098,-19.298002516484363,14.566539601275364,-2.5626287632378197,1.8845397846730598,5.894536990910637e-14
168.45585492615626,-19.307422824851702,14.565508506611735,-2.563007744658771,1.8850649817582754,-1.6841534259744676e-14
168.4594114324992,-19.316843187203524,14.564478163779953,-2.5633867245066835,1.8855901071672443,2.5262301389617013e-14
168.46296801902335,-19.326263603572155,14.563448572914783,-2.5637657027707172,1.8861151608420759,0.0
168.46652468578228,-19.33568407398989,14.562419734150987,-2.5641446794400156,1.8866401427248765,-3.368306851948935e-14
168.47008143282955,-19.345104598489073,14.56139164762332,-2.564523654503719,1.887165052757763,-8.420767129872338e-15
168.47363826021876,-19.354525177102047,14.560364313466557,-2.564902627950953,1.8876898908828499,8.420767129872338e-15
168.47719516800356,-19.36394580986116,14.559337731815452,-2.5652815997708407,1.8882146570422618,0.0
168.48075215623751,-19.373366496798802,14.558311902804764,-2.5656605699524895,1.8887393511781236,8.420767129872338e-15
168.48430922497423,-19.382787237947344,14.557286826569259,-2.5660395384850014,1.8892639732325671,3.368306851948935e-14
168.48786637426738,-19.392208033339177,14.556262503243698,-2.566418505357467,1.8897885231477245,5.0524602779234026e-14
168.4914236041706,-19.401628883006712,14.555238932962839,-2.5667974705589702,1.8903130008657343,0.0
168.49498091473748,-19.411049786982367,14.554216115861447,-2.567176434078582,1.89083740632874,4.210383564936169e-14
168.49853830602174,-19.42047074529858,14.553194052074288,-2.5675553959053667,1.8913617394788866,8.420767129872338e-15
168.50209577807703,-19.429891757987804,14.552172741736111,-2.5679343560283803,1.8918860002583253,-8.420767129872338e-15
168.50565333095705,-19.439312825082485,14.551152184981687,-2.5683133144366668,1.8924101886092086,4.210383564936169e-14
168.50921096471544,-19.448733946615107,14.550132381945776,-2.568692271119261,1.8929343044736984,1.6841534259744676e-14
168.51276867940595,-19.458155122618145,14.54911333276314,-2.5690712260651907,1.8934583477939537,2.5262301389617013e-14
168.51632647508228,-19.467576353124088,14.54809503756854,-2.569450179263472,1.893982318512143,1.6841534259744676e-14
168.5198843517981,-19.476997638165468,14.547077496496737,-2.569829130703114,1.8945062165704358,2.5262301389617013e-14
168.52344230960725,-19.486418977774797,14.546060709682493,-2.570208080373115,1.8950300419110089,-2.5262301389617013e-14
168.52700034856338,-19.495840371984595,14.54504467726057,-2.570587028262463,1.895553794476039,-2.5262301389617013e-14
168.53055846872024,-19.50526182082744,14.54402939936573,-2.5709659743601403,1.8960774742077093,8.420767129872338e-15
168.53411667013162,-19.514683324335873,14.54301487613273,-2.5713449186551154,1.896601081048209,3.368306851948935e-14
168.5376749528513,-19.524104882542474,14.54200110769634,-2.5717238611363484,1.8971246149397258,3.368306851948935e-14
168.54123331693305,-19.533526495479826,14.540988094191313,-2.572102801792796,1.8976480758244578,-2.5262301389617013e-14
168.54479176243063,-19.542948163180522,14.539975835752417,-2.5724817406133957,1.898171463644601,-8.420767129872338e-15
168.54835028939792,-19.552369885677194,14.53896433251441,-2.5728606775870846,1.8986947783423611,-3.368306851948935e-14
168.55190889788864,-19.56179166300244,14.537953584612058,-2.5732396127027832,1.8992180198599442,8.420767129872338e-15
168.55546758795666,-19.571213495188935,14.536943592180117,-2.5736185459494085,1.8997411881395634,2.5262301389617013e-14
168.5590263596558,-19.5806353822693,14.535934355353353,-2.5739974773158623,1.9002642831234318,3.368306851948935e-14
168.56258521303997,-19.590057324276195,14.53492587426652,-2.5743764067910453,1.9007873047537713,-4.210383564936169e-14
168.5661441481629,-19.59947932124231,14.533918149054394,-2.574755334363839,1.9013102529728023,-3.368306851948935e-14
168.56970316507852,-19.608901373200325,14.532911179851723,-2.5751342600231237,1.901833127722756,8.420767129872338e-15
168.5732622638407,-19.618323480182948,14.531904966793276,-2.5755131837577654,1.902355928945864,8.420767129872338e-15
168.5768214445033,-19.6277456422229,14.530899510013805,-2.5758921055566244,1.9028786565843614,4.210383564936169e-14
168.58038070712027,-19.637167859352903,14.529894809648084,-2.5762710254085466,1.9034013105804872,-8.420767129872338e-15
168.58394005174546,-19.646590131605684,14.52889086583087,-2.576649943302373,1.903923890876486,1.6841534259744676e-14
168.58749947843282,-19.656012459014015,14.527887678696926,-2.577028859226933,1.9044463974146066,-8.420767129872338e-15
168.5910589872362,-19.665434841610644,14.526885248381008,-2.577407773171048,1.9049688301371024,2.5262301389617013e-14
168.59461857820963,-19.674857279428355,14.525883575017879,-2.5777866851235296,1.9054911889862283,3.368306851948935e-14
168.598178251407,-19.68427977249995,14.524882658742305,-2.5781655950731786,1.9060134739042454,4.210383564936169e-14
168.6017380068823,-19.693702320858232,14.523882499689044,-2.5785445030087875,1.906535684833418,3.368306851948935e-14
168.60529784468946,-19.703124924536002,14.522883097992864,-2.578923408919139,1.9070578217160157,2.5262301389617013e-14
168.6088577648825,-19.712547583566096,14.521884453788516,-2.5793023127930064,1.9075798844943122,8.420767129872338e-15
168.61241776751532,-19.72197029798137,14.520886567210766,-2.579681214619156,1.9081018731105817,3.368306851948935e-14
168.61597785264203,-19.731393067814665,14.519889438394381,-2.58006011438634,1.908623787507107,5.0524602779234026e-14
168.61953802031655,-19.74081589309886,14.518893067474117,-2.5804390120833043,1.9091456276261731,5.894536990910637e-14
168.62309827059295,-19.75023877386682,14.517897454584736,-2.5808179076987847,1.9096673934100712,-8.420767129872338e-15
168.6266586035252,-19.75966171015146,14.516902599861005,-2.581196801221508,1.9101890848010923,5.0524602779234026e-14
168.6302190191674,-19.769084701985673,14.515908503437673,-2.5815756926401914,1.910710701741534,-2.5262301389617013e-14
168.63377951757357,-19.778507749402387,14.514915165449512,-2.58195458194354,1.9112322441736993,0.0
168.63734009879775,-19.78793085243452,14.513922586031285,-2.5823334691202544,1.911753712039894,5.894536990910637e-14
168.64090076289406,-19.797354011115036,14.51293076531775,-2.58271235415902,1.9122751052824276,0.0
168.64446150991654,-19.80677722547689,14.511939703443666,-2.5830912370485186,1.9127964238436146,-8.420767129872338e-15
168.6480223399193,-19.81620049555304,14.510949400543797,-2.5834701177774195,1.9133176676657733,-2.5262301389617013e-14
168.6515832529564,-19.82562382137648,14.509959856752907,-2.583848996334381,1.9138388366912251,4.210383564936169e-14
168.655144249082,-19.835047202980217,14.50897107220575,-2.5842278727080554,1.9143599308622985,1.6841534259744676e-14
168.6587053283502,-19.844470640397237,14.507983047037097,-2.5846067468870815,1.9148809501213213,0.0
168.66226649081514,-19.853894133660585,14.506995781381708,-2.584985618860093,1.915401894410631,3.368306851948935e-14
168.66582773653099,-19.863317682803288,14.506009275374339,-2.5853644886157103,1.9159227636725655,8.420767129872338e-15
168.66938906555183,-19.872741287858386,14.505023529149753,-2.585743356142548,1.9164435578494685,-8.420767129872338e-15
168.6729504779319,-19.88216494885897,14.504038542842713,-2.586122221429207,1.916964276883687,-8.420767129872338e-15
168.6765119737253,-19.89158866583808,14.503054316587985,-2.5865010844642806,1.9174849207175697,-1.6841534259744676e-14
168.68007355298624,-19.90101243882882,14.502070850520326,-2.5868799452363533,1.9180054892934766,4.210383564936169e-14
168.68363521576896,-19.910436267864288,14.501088144774497,-2.587258803734001,1.9185259825537635,4.210383564936169e-14
168.68719696212767,-19.919860152977595,14.500106199485257,-2.587637659945788,1.9190464004407972,-1.6841534259744676e-14
168.6907587921165,-19.929284094201872,14.499125014787376,-2.5880165138602687,1.9195667428969454,8.420767129872338e-15
168.69432070578975,-19.93870809157026,14.49814459081561,-2.588395365465988,1.9200870098645768,8.420767129872338e-15
168.69788270320163,-19.948132145115913,14.497164927704723,-2.588774214751484,1.920607201286072,8.420767129872338e-15
168.7014447844064,-19.957556254871985,14.496186025589472,-2.589153061705284,1.9211273171038092,-1.6841534259744676e-14
168.7050069494583,-19.96698042087166,14.495207884604627,-2.5895319063159024,1.9216473572601727,8.420767129872338e-15
168.7085691984116,-19.97640464314813,14.494230504884937,-2.5899107485718496,1.9221673216975532,-1.6841534259744676e-14
168.7121315313206,-19.985828921734587,14.493253886565174,-2.5902895884616215,1.9226872103583423,1.6841534259744676e-14
168.7156939482396,-19.99525325666427,14.492278029780097,-2.5906684259737087,1.9232070231849385,0.0
168.71925644922285,-20.0046776479704,14.49130293466447,-2.5910472610965876,1.9237267601197403,-2.5262301389617013e-14
