galstreams/tracks/track.st.Gaia-8.ibata2021.ecsv
# %ECSV 0.9
# ---
# datatype:
# - {name: ra, unit: deg, datatype: float64}
# - {name: dec, unit: deg, datatype: float64}
# - {name: distance, unit: kpc, datatype: float64}
# - {name: pm_ra_cosdec, unit: mas / yr, datatype: float64}
# - {name: pm_dec, unit: mas / yr, datatype: float64}
# - {name: radial_velocity, unit: km / s, datatype: float64}
# delimiter: ','
# meta: !!omap
# - __serialized_columns__:
#     dec:
#       __class__: astropy.coordinates.angles.Latitude
#       unit: &id001 !astropy.units.Unit {unit: deg}
#       value: !astropy.table.SerializedColumn {name: dec}
#     distance:
#       __class__: astropy.coordinates.distances.Distance
#       unit: !astropy.units.Unit {unit: kpc}
#       value: !astropy.table.SerializedColumn {name: distance}
#     pm_dec:
#       __class__: astropy.units.quantity.Quantity
#       unit: !astropy.units.Unit {unit: mas / yr}
#       value: !astropy.table.SerializedColumn {name: pm_dec}
#     pm_ra_cosdec:
#       __class__: astropy.units.quantity.Quantity
#       unit: !astropy.units.Unit {unit: mas / yr}
#       value: !astropy.table.SerializedColumn {name: pm_ra_cosdec}
#     ra:
#       __class__: astropy.coordinates.angles.Longitude
#       unit: *id001
#       value: !astropy.table.SerializedColumn {name: ra}
#       wrap_angle: !astropy.coordinates.Angle
#         unit: *id001
#         value: 360.0
#     radial_velocity:
#       __class__: astropy.units.quantity.Quantity
#       unit: !astropy.units.Unit {unit: km / s}
#       value: !astropy.table.SerializedColumn {name: radial_velocity}
# schema: astropy-2.0
ra,dec,distance,pm_ra_cosdec,pm_dec,radial_velocity
[from data line 552]
186.95396821845466,-22.14520388611166,6.968219136214006,-9.449401541340345,-8.525903288321722,2.3578147963642546e-13
186.96284387563745,-22.139495659165743,6.968050483214227,-9.449458508980475,-8.526182720413768,2.3578147963642546e-13
186.9717176585569,-22.13378554684355,6.967883820551857,-9.449518561952209,-8.526462793739805,2.5262301389617017e-13
186.98058956951468,-22.128073552217376,6.967719144579032,-9.449581692099173,-8.526743505791407,2.5262301389617017e-13
186.98945961081296,-22.12235967835892,6.967556451647877,-9.449647891265846,-8.527024854057737,2.5262301389617017e-13
186.9983277847545,-22.11664392833922,6.967395738110529,-9.449717151297579,-8.52730683602555,1.347322740779574e-13
187.0071940936427,-22.110926305228706,6.967237000319114,-9.449789464040572,-8.527589449179196,1.515738083377021e-13
187.01605853978148,-22.10520681209713,6.967080234625769,-9.449864821341869,-8.527872691000619,2.5262301389617017e-13
187.02492112547552,-22.099485452013596,6.966925437382621,-9.449943215049371,-8.528156558969366,1.515738083377021e-13
187.03378185302975,-22.093762228046657,6.966772604941806,-9.450024637011854,-8.528441050562577,2.020984111169361e-13
187.04264072475007,-22.08803714326415,6.966621733655451,-9.450109079078922,-8.528726163255016,1.8525687685719145e-13
187.0514977429427,-22.082310200733268,6.9664728198756904,-9.450196533101058,-8.529011894519037,1.6841534259744677e-13
187.06035290991454,-22.076581403520613,6.966325859954654,-9.450286990929579,-8.52929824182462,2.8630608241565947e-13
187.0692062279731,-22.070850754692103,6.966180850244475,-9.450380444416659,-8.529585202639343,2.5262301389617017e-13
187.07805769942644,-22.065118257313063,6.966037787097283,-9.450476885415334,-8.529872774428414,2.694645481559148e-13
187.08690732658323,-22.059383914448112,6.965896666865213,-9.450576305779478,-8.530160954654654,1.6841534259744677e-13
187.09575511175257,-22.053647729161366,6.965757485900393,-9.45067869736383,-8.530449740778495,2.3578147963642546e-13
187.1046010572443,-22.047909704516194,6.965620240554953,-9.450784052023986,-8.530739130258016,2.694645481559148e-13
187.11344516536883,-22.04216984357534,6.96548492718103,-9.450892361616363,-8.531029120548904,1.6841534259744677e-13
187.12228743843707,-22.036428149400948,6.965351542130754,-9.451003617998259,-8.53131970910448,2.1893994537668078e-13
187.13112787876057,-22.030684625054516,6.965220081756252,-9.451117813027812,-8.531610893375705,1.515738083377021e-13
187.13996648865134,-22.024939273596896,6.965090542409662,-9.451234938564015,-8.531902670811165,1.515738083377021e-13
187.1488032704221,-22.019192098088336,6.96496292044311,-9.451354986466706,-8.532195038857092,2.8630608241565947e-13
187.15763822638613,-22.013443101588386,6.96483721220873,-9.451477948596558,-8.532487994957352,2.3578147963642546e-13
187.1664713588571,-22.007692287156093,6.964713414058653,-9.45160381681513,-8.532781536553454,2.1893994537668078e-13
187.17530267014942,-22.001939657849746,6.964591522345013,-9.45173258298479,-8.533075661084553,2.694645481559148e-13
187.18413216257807,-21.996185216727064,6.964471533419936,-9.451864238968783,-8.533370365987459,1.8525687685719145e-13
187.19295983845848,-21.99042896684511,6.964353443635559,-9.45199877663118,-8.533665648696621,1.347322740779574e-13
187.20178570010668,-21.984670911260338,6.964237249344014,-9.452136187836919,-8.533961506644149,1.8525687685719145e-13
187.2106097498394,-21.97891105302856,6.964122946897424,-9.45227646445178,-8.534257937259818,2.5262301389617017e-13
187.21943198997374,-21.97314939520493,6.9640105326479285,-9.452419598342365,-8.534554937971045,2.3578147963642546e-13
187.22825242282744,-21.96738594084407,6.963900002947658,-9.452565581376168,-8.534852506202908,2.020984111169361e-13
187.23707105071878,-21.961620692999873,6.963791354148744,-9.45271440542148,-8.535150639378159,1.347322740779574e-13
187.24588787596662,-21.95585365472566,6.963684582603315,-9.452866062347491,-8.535449334917224,2.1893994537668078e-13
187.25470290089038,-21.95008482907409,6.963579684663503,-9.453020544024179,-8.535748590238182,2.020984111169361e-13
187.26351612781,-21.944314219097215,6.963476656681443,-9.453177842322411,-8.536048402756785,2.694645481559148e-13
187.272327559046,-21.938541827846457,6.963375495009265,-9.453337949113875,-8.536348769886475,2.5262301389617017e-13
187.28113719691947,-21.93276765837262,6.963276195999099,-9.453500856271113,-8.536649689038352,1.8525687685719145e-13
187.28994504375206,-21.926991713725833,6.963178756003078,-9.453666555667507,-8.536951157621214,1.8525687685719145e-13
187.2987511018658,-21.921213996955714,6.963083171373333,-9.453835039177276,-8.537253173041517,1.515738083377021e-13
187.3075553735835,-21.91543451111116,6.962989438461995,-9.454006298675507,-8.53755573270343,1.347322740779574e-13
187.31635786122837,-21.909653259240464,6.962897553621198,-9.4541803260381,-8.537858834008789,1.1789073981821273e-13
187.32515856712425,-21.903870244391303,6.96280751320307,-9.454357113141809,-8.53816247435713,2.3578147963642546e-13
187.33395749359548,-21.898085469610734,6.9627193135597425,-9.454536651864226,-8.53846665114568,1.8525687685719145e-13
187.34275464296692,-21.892298937945185,6.962632951043349,-9.4547189340838,-8.538771361769362,2.3578147963642546e-13
187.35155001756408,-21.886510652440418,6.962548422006023,-9.45490395167979,-8.539076603620792,2.3578147963642546e-13
187.36034361971284,-21.8807206161417,6.962465722799893,-9.455091696532332,-8.53938237409029,1.8525687685719145e-13
187.36913545173974,-21.87492883209357,6.96238484977709,-9.455282160522378,-8.539688670565873,2.020984111169361e-13
187.37792551597184,-21.869135303339963,6.962305799289747,-9.455475335531732,-8.539995490433284,2.3578147963642546e-13
187.3867138147367,-21.86334003292421,6.962228567689996,-9.455671213443026,-8.540302831075953,2.3578147963642546e-13
187.39550035036248,-21.857543023889022,6.962153151329966,-9.455869786139736,-8.540610689875024,3.031476166754042e-13
187.40428512517784,-21.851744279276467,6.9620795465617915,-9.456071045506185,-8.540919064209362,1.8525687685719145e-13
187.41306814151193,-21.84594380212803,6.9620077497376025,-9.456274983427521,-8.541227951455536,1.6841534259744677e-13
187.42184940169452,-21.840141595484518,6.961937757209532,-9.456481591789737,-8.541537348987852,2.020984111169361e-13
187.43062890805578,-21.834337662386247,6.9618695653297085,-9.456690862479672,-8.54184725417832,2.3578147963642546e-13
187.43940666292653,-21.82853200587277,6.961803170450265,-9.456902787384983,-8.54215766439668,2.1893994537668078e-13
187.44818266863808,-21.82272462898311,6.9617385689233355,-9.457117358394175,-8.542468577010393,2.5262301389617017e-13
187.4569569275223,-21.816915534755637,6.961675757101046,-9.4573345673966,-8.542779989384666,2.020984111169361e-13
187.46572944191152,-21.81110472622812,6.961614731335534,-9.457554406282421,-8.543091898882414,1.8525687685719145e-13
187.47450021413857,-21.805292206437706,6.961555487978928,-9.457776866942655,-8.543404302864293,2.1893994537668078e-13
187.483269246537,-21.799477978420896,6.961498023383359,-9.458001941269154,-8.543717198688713,2.5262301389617017e-13
187.4920365414406,-21.793662045213686,6.96144233390096,-9.458229621154592,-8.544030583711795,2.5262301389617017e-13
187.5008021011839,-21.787844409851346,6.96138841588386,-9.458459898492496,-8.544344455287415,2.5262301389617017e-13
187.5095659281018,-21.78202507536855,6.961336265684196,-9.458692765177211,-8.544658810767196,1.8525687685719145e-13
187.51832802452986,-21.776204044799403,6.961285879654094,-9.45892821310393,-8.544973647500502,2.694645481559148e-13
187.52708839280407,-21.770381321177354,6.961237254145686,-9.459166234168665,-8.54528896283445,1.0104920555846805e-13
187.53584703526093,-21.764556907535276,6.961190385511108,-9.459406820268267,-8.5456047541139,2.3578147963642546e-13
187.54460395423754,-21.75873080690536,6.961145270102487,-9.459649963300418,-8.545921018681472,2.3578147963642546e-13
187.55335915207138,-21.75290302231931,6.961101904271955,-9.459895655163644,-8.546237753877547,1.6841534259744677e-13
187.56211263110055,-21.747073556808118,6.961060284371647,-9.46014388775729,-8.54655495704025,1.6841534259744677e-13
187.57086439366358,-21.74124241340219,6.961020406753688,-9.460394652981542,-8.54687262550549,1.8525687685719145e-13
187.5796144420996,-21.735409595131326,6.960982267770217,-9.460647942737399,-8.54719075660691,2.020984111169361e-13
187.58836277874823,-21.729575105024722,6.96094586377336,-9.460903748926714,-8.547509347675948,2.1893994537668078e-13
187.5971094059495,-21.723738946110952,6.960911191115253,-9.461162063452148,-8.54782839604179,2.5262301389617017e-13
187.6058543260441,-21.717901121417984,6.960878246148024,-9.461422878217215,-8.548147899031408,2.3578147963642546e-13
187.61459754137317,-21.712061633973164,6.960847025223805,-9.461686185126247,-8.548467853969548,1.515738083377021e-13
187.62333905427818,-21.706220486803307,6.960817524694727,-9.461951976084402,-8.548788258178705,2.3578147963642546e-13
187.63207886710137,-21.70037768293453,6.960789740912926,-9.46222024299767,-8.54910910897919,2.020984111169361e-13
187.64081698218533,-21.69453322539238,6.960763670230527,-9.462490977772871,-8.54943040368907,1.6841534259744677e-13
187.6495534018732,-21.688687117201788,6.960739308999665,-9.462764172317657,-8.549752139624205,2.5262301389617017e-13
187.6582881285086,-21.682839361387085,6.960716653572471,-9.463039818540494,-8.550074314098248,2.020984111169361e-13
187.66702116443562,-21.676989960972005,6.960695700301079,-9.4633179083507,-8.550396924422625,2.5262301389617017e-13
187.675752511999,-21.671138918979622,6.960676445537616,-9.46359843365838,-8.55071996790656,2.3578147963642546e-13
187.68448217354373,-21.665286238432532,6.960658885634218,-9.463881386374515,-8.551043441857068,2.694645481559148e-13
187.69321015141546,-21.6594319223526,6.9606430169430125,-9.464166758410872,-8.55136734357897,1.347322740779574e-13
187.70193644796032,-21.65357597376115,6.960628835816131,-9.464454541680071,-8.551691670374877,1.8525687685719145e-13
187.71066106552487,-21.647718395678865,6.96061633860571,-9.464744728095534,-8.552016419545193,2.020984111169361e-13
187.71938400645627,-21.641859191125874,6.960605521663877,-9.465037309571528,-8.552341588388142,1.6841534259744677e-13
187.72810527310202,-21.635998363121658,6.9605963813427625,-9.465332278023137,-8.552667174199742,2.1893994537668078e-13
187.73682486781024,-21.630135914685123,6.960588913994503,-9.465629625366265,-8.55299317427382,2.1893994537668078e-13
187.74554279292954,-21.624271848834525,6.9605831159712235,-9.46592934351764,-8.553319585902024,1.8525687685719145e-13
187.75425905080888,-21.61840616858764,6.9605789836250604,-9.466231424394833,-8.553646406373801,2.020984111169361e-13
187.7629736437978,-21.612538876961516,6.960576513308143,-9.466535859916219,-8.553973632976417,2.020984111169361e-13
187.77168657424636,-21.60666997697266,6.960575701372606,-9.466842642000985,-8.554301262994954,2.1893994537668078e-13
187.78039784450505,-21.600799471636968,6.960576544170574,-9.467151762569177,-8.554629293712328,1.515738083377021e-13
187.78910745692482,-21.594927363969727,6.960579038054187,-9.467463213541624,-8.554957722409256,2.020984111169361e-13
187.7978154138572,-21.589053656985648,6.960583179375569,-9.467776986840004,-8.5552865463643,2.1893994537668078e-13
187.80652171765414,-21.583178353698788,6.960588964486858,-9.468093074386807,-8.555615762853838,2.3578147963642546e-13
187.81522637066797,-21.577301457122722,6.9605963897401795,-9.468411468105339,-8.555945369152074,2.8630608241565947e-13
187.82392937525168,-21.571422970270316,6.9606054514876705,-9.468732159919739,-8.556275362531053,2.3578147963642546e-13
187.8326307337586,-21.565542896153886,6.96061614608146,-9.469055141754952,-8.556605740260649,2.5262301389617017e-13
187.84133044854264,-21.559661237785143,6.960628469873679,-9.469380405536755,-8.55693649960858,1.6841534259744677e-13
187.85002852195808,-21.5537779981752,6.96064241921646,-9.469707943191738,-8.557267637840397,2.5262301389617017e-13
187.85872495635977,-21.54789318033458,6.960657990461932,-9.470037746647309,-8.557599152219495,2.3578147963642546e-13
187.86741975410297,-21.542006787273213,6.960675179962229,-9.4703698078317,-8.557931040007107,2.3578147963642546e-13
187.87611291754348,-21.536118822000386,6.960693984069484,-9.470704118673956,-8.558263298462323,2.020984111169361e-13
187.8848044490374,-21.53022928752491,6.960714399135825,-9.471040671103946,-8.55859592484207,2.1893994537668078e-13
187.8934943509415,-21.524338186854898,6.960736421513386,-9.471379457052358,-8.558928916401134,2.1893994537668078e-13
187.90218262561294,-21.518445522997894,6.960760047554297,-9.47172046845068,-8.559262270392153,2.3578147963642546e-13
187.91086927540934,-21.512551298960858,6.960785273610691,-9.472063697231237,-8.559595984065622,1.515738083377021e-13
187.91955430268877,-21.50665551775016,6.960812096034697,-9.472409135327165,-8.55993005466989,2.020984111169361e-13
187.9282377098098,-21.50075818237157,6.960840511178447,-9.472756774672414,-8.56026447945117,1.8525687685719145e-13
187.93691949913148,-21.494859295830235,6.9608705153940775,-9.473106607201744,-8.560599255653536,2.1893994537668078e-13
187.94559967301325,-21.488958861130804,6.960902105033715,-9.473458624850746,-8.560934380518924,1.515738083377021e-13
187.95427823381502,-21.483056881277264,6.960935276449491,-9.473812819555812,-8.561269851287147,2.694645481559148e-13
187.9629551838973,-21.47715335927301,6.9609700259935385,-9.47416918325415,-8.561605665195879,1.1789073981821273e-13
187.97163052562087,-21.471248298120873,6.96100635001799,-9.474527707883793,-8.56194181948067,1.8525687685719145e-13
187.98030426134707,-21.465341700823075,6.961044244874974,-9.474888385383572,-8.562278311374941,1.8525687685719145e-13
187.98897639343767,-21.459433570381265,6.961083706916623,-9.47525120769315,-8.562615138109999,2.3578147963642546e-13
187.997646924255,-21.453523909796456,6.961124732495073,-9.47561616675298,-8.56295229691502,2.020984111169361e-13
188.00631585616165,-21.4476127220692,6.961167317962449,-9.475983254504357,-8.563289785017066,1.6841534259744677e-13
188.01498319152077,-21.44170001019932,6.961211459670887,-9.476352462889361,-8.563627599641077,2.5262301389617017e-13
188.02364893269598,-21.43578577718612,6.961257153972518,-9.476723783850899,-8.56396573800989,1.347322740779574e-13
188.03231308205133,-21.429870026028315,6.961304397219468,-9.477097209332694,-8.564304197344223,2.1893994537668078e-13
188.04097564195135,-21.423952759724003,6.961353185763875,-9.477472731279263,-8.564642974862686,1.6841534259744677e-13
188.04963661476094,-21.41803398127074,6.961403515957868,-9.477850341635948,-8.56498206778178,2.694645481559148e-13
188.05829600284554,-21.412113693665457,6.961455384153581,-9.478230032348891,-8.565321473315905,2.5262301389617017e-13
188.06695380857104,-21.406191899904492,6.961508786703141,-9.47861179536506,-8.565661188677364,2.1893994537668078e-13
188.07561003430362,-21.4002686029837,6.961563719958683,-9.47899562263222,-8.566001211076339,2.3578147963642546e-13
188.08426468241012,-21.39434380589823,6.9616201802723365,-9.479381506098951,-8.566341537720941,1.8525687685719145e-13
188.09291775525764,-21.3884175116427,6.961678163996236,-9.479769437714632,-8.56668216581716,1.8525687685719145e-13
188.1015692552139,-21.382489723211147,6.961737667482509,-9.480159409429472,-8.567023092568913,2.1893994537668078e-13
188.1102191846469,-21.37656044359701,6.961798687083289,-9.480551413194464,-8.567364315178018,1.8525687685719145e-13
188.11886754592518,-21.370629675793154,6.96186121915071,-9.480945440961422,-8.567705830844206,2.5262301389617017e-13
188.1275143414178,-21.36469742279183,6.961925260036898,-9.48134148468297,-8.56804763676512,1.8525687685719145e-13
188.13615957349393,-21.358763687584812,6.961990806093989,-9.481739536312535,-8.568389730136314,1.8525687685719145e-13
