galstreams/tracks/track.st.Orphan-Chenab.ibata2021.ecsv
# %ECSV 1.0
# ---
# datatype:
# - {name: ra, unit: deg, datatype: float64}
# - {name: dec, unit: deg, datatype: float64}
# - {name: distance, unit: kpc, datatype: float64}
# - {name: pm_ra_cosdec, unit: mas / yr, datatype: float64}
# - {name: pm_dec, unit: mas / yr, datatype: float64}
# - {name: radial_velocity, unit: km / s, datatype: float64}
# delimiter: ','
# meta: !!omap
# - __serialized_columns__:
#     dec:
#       __class__: astropy.coordinates.angles.Latitude
#       unit: &id001 !astropy.units.Unit {unit: deg}
#       value: !astropy.table.SerializedColumn {name: dec}
#     distance:
#       __class__: astropy.coordinates.distances.Distance
#       unit: !astropy.units.Unit {unit: kpc}
#       value: !astropy.table.SerializedColumn {name: distance}
#     pm_dec:
#       __class__: astropy.units.quantity.Quantity
#       unit: !astropy.units.Unit {unit: mas / yr}
#       value: !astropy.table.SerializedColumn {name: pm_dec}
#     pm_ra_cosdec:
#       __class__: astropy.units.quantity.Quantity
#       unit: !astropy.units.Unit {unit: mas / yr}
#       value: !astropy.table.SerializedColumn {name: pm_ra_cosdec}
#     ra:
#       __class__: astropy.coordinates.angles.Longitude
#       unit: *id001
#       value: !astropy.table.SerializedColumn {name: ra}
#       wrap_angle: !astropy.coordinates.Angle
#         unit: *id001
#         value: 360.0
#     radial_velocity:
#       __class__: astropy.units.quantity.Quantity
#       unit: !astropy.units.Unit {unit: km / s}
#       value: !astropy.table.SerializedColumn {name: radial_velocity}
# schema: astropy-2.0
ra,dec,distance,pm_ra_cosdec,pm_dec,radial_velocity
[from data line 139]
146.02513069435363,38.714407932794714,29.969479609565578,-0.49485309283329715,-0.34386816257012637,103.79575807414135
146.02923764025252,38.70487328264708,29.9663754007918,-0.49504179787745145,-0.3440493557292853,103.81848611708291
146.0333442354499,38.69533875081619,29.963271112101275,-0.4952306229013796,-0.3442302629406292,103.84122152739528
146.03745048011962,38.68580433724784,29.96016674362875,-0.49541956784162433,-0.3444108842452489,103.86396430078216
146.04155637443526,38.676270041888024,29.95706229550899,-0.49560863263475163,-0.344591219684251,103.88671443294749
146.0456619185705,38.66673586468258,29.953957767876773,-0.4957978172173504,-0.3447712692987537,103.90947191959486
146.04976711269867,38.65720180557752,29.950853160866842,-0.4959871215260331,-0.3449510331298913,103.93223675642822
146.05387195699322,38.64766786451871,29.947748474613956,-0.49617654549743606,-0.3451305112188102,103.95500893915127
146.05797645162738,38.63813404145204,29.94464370925289,-0.49636608906821916,-0.34530970360667124,103.97778846346785
146.06208059677422,38.62860033632358,29.941538864918403,-0.49655575217506465,-0.34548861033464984,104.00057532508173
146.06618439260677,38.619066749079195,29.938433941745256,-0.49674553475467853,-0.34566723144393385,104.02336951969673
146.07028783929795,38.609533279664944,29.935328939868207,-0.4969354367437908,-0.3458455669757267,104.04617104301661
146.07439093702052,38.5999999280268,29.932223859422013,-0.49712545807915454,-0.3460236169712436,104.06897989074513
146.0784936859472,38.59046669411068,29.92911870054144,-0.4973155986975447,-0.34620138147171564,104.09179605858617
146.08259608625053,38.58093357786272,29.92601346336126,-0.49750585853576196,-0.34637886051838573,104.11461954224343
146.08669813810297,38.57140057922884,29.922908148016223,-0.4976962375306291,-0.34655605415251184,104.13745033742079
146.0907998416769,38.56186769815518,29.919802754641093,-0.4978867356189919,-0.3467329624153658,104.16028843982193
146.09490119714454,38.552334934587726,29.916697283370638,-0.49807735273772014,-0.3469095853482325,104.18313384515072
146.099002204678,38.542802288472515,29.9135917343396,-0.4982680888237069,-0.34708592299241137,104.20598654911099
146.10310286444934,38.5332697597557,29.91048610768277,-0.4984589438138679,-0.34726197538921494,104.22884654740639
146.1072031766305,38.52373734838327,29.907380403534887,-0.49864991764514355,-0.3474377425799696,104.25171383574082
146.11130314139317,38.51420505430142,29.904274622030716,-0.4988410102544957,-0.3476132246060165,104.27458840981801
146.11540275890917,38.50467287745621,29.901168763305026,-0.49903222157891186,-0.3477884215087085,104.29747026534181
146.11950202935,38.49514081779371,29.89806282749258,-0.49922355155539966,-0.34796333332941454,104.32035939801597
146.12360095288716,38.48560887526016,29.894956814728133,-0.49941500012099305,-0.3481379601095157,104.34325580354428
146.12769952969202,38.47607704980162,29.891850725146437,-0.4996065672127473,-0.3483123018904075,104.3661594776306
146.13179775993584,38.466545341364316,29.888744558882273,-0.4997982527677423,-0.3484863587134992,104.38907041597862
146.13589564378975,38.45701374989436,29.8856383160704,-0.4999900567230805,-0.3486601306202122,104.41198861429218
146.1399931814248,38.44748227533791,29.882531996845557,-0.5001819790158872,-0.3488336176519849,104.43491406827508
146.14409037301192,38.43795091764126,29.87942560134254,-0.5003740195833126,-0.3490068198502667,104.45784677363108
146.14818721872197,38.42841967675049,29.876319129696085,-0.5005661783625283,-0.3491797372565205,104.48078672606394
146.15228371872556,38.41888855261193,29.87321258204096,-0.5007584552907293,-0.34935236991222646,104.50373392127759
146.15637987319337,38.40935754517176,29.87010595851194,-0.5009508503051356,-0.34952471785887296,104.52668835497568
146.16047568229592,38.399826654376156,29.86699925924376,-0.5011433633429889,-0.3496967811379663,104.54965002286204
146.16457114620357,38.3902958801715,29.863892484371203,-0.5013359943415547,-0.3498685597910254,104.57261892064045
146.16866626508656,38.38076522250393,29.86078563402902,-0.5015287432381212,-0.3500400538595815,104.59559504401469
146.17276103911513,38.37123468131983,29.857678708351976,-0.5017216099700007,-0.3502112633851819,104.61857838868863
146.17685546845925,38.361704256565446,29.854571707474836,-0.5019145944745274,-0.35038218840938534,104.64156895036602
146.18094955328903,38.352173948187,29.851464631532362,-0.502107696689061,-0.35055282897376483,104.66456672475057
146.18504329377413,38.34264375613094,29.848357480659303,-0.5023009165509811,-0.3507231851199084,104.68757170754623
146.18913669008444,38.333113680343466,29.845250254990443,-0.5024942539976938,-0.3508932568894149,104.71058389445663
146.19322974238955,38.323583720771026,29.84214295466052,-0.5026877089666267,-0.35106304432389973,104.73360328118567
146.19732245085896,38.31405387735991,29.83903557980431,-0.5028812813952307,-0.35123254746499033,104.75662986343704
146.2014148156621,38.30452415005645,29.835928130556578,-0.5030749712209798,-0.3514017663543285,104.77966363691462
146.2055068369683,38.29499453880708,29.832820607052064,-0.5032687783813721,-0.35157070103356824,104.80270459732222
146.2095985149468,38.285465043558105,29.829713009425554,-0.5034627028139277,-0.351739351544379,104.8257527403635
146.2136898497666,38.27593566425602,29.8266053378118,-0.5036567444561906,-0.35190771792844255,104.84880806174239
146.21778084159675,38.266406400847195,29.823497592345568,-0.5038509032457276,-0.3520758002274546,104.87187055716262
146.22187149060616,38.25687725327798,29.820389773161608,-0.5040451791201294,-0.3522435984831249,104.89494022232795
146.22596179696356,38.24734822149492,29.817281880394688,-0.5042395720170088,-0.3524111127371762,104.91801705294222
146.23005176083768,38.23781930544435,29.814173914179566,-0.5044340818740028,-0.3525783430313445,104.94110104470921
146.234141382397,38.22829050507281,29.811065874651014,-0.5046287086287705,-0.35274528940738,104.96419219333266
146.23823066181006,38.218761820326776,29.807957761943786,-0.5048234522189947,-0.3529119519070475,104.98729049451644
146.24231959924518,38.209233251152625,29.804849576192645,-0.5050183125823814,-0.3530783305721225,105.01039594396428
146.24640819487058,38.199704797496956,29.80174131753235,-0.5052132896566599,-0.35324442544439677,105.03350853738003
146.25049644885442,38.190176459306244,29.79863298609767,-0.505408383379582,-0.35341023656567416,105.05662827046746
146.2545843613648,38.18064823652694,29.79552458202336,-0.5056035936889235,-0.35357576397777213,105.07975513893028
146.25867193256954,38.17112012910568,29.792416105444183,-0.5057989205224827,-0.3537410077225228,105.10288913847236
146.26275916263654,38.16159213698889,29.789307556494894,-0.5059943638180807,-0.3539059678417695,105.12603026479752
146.2668460517335,38.15206426012323,29.78619893531027,-0.5061899235135623,-0.354070644377372,105.14917851360947
146.27093260002798,38.14253649845526,29.783090242025057,-0.5063855995467954,-0.35423503737120166,105.17233388061203
146.2750188076876,38.13300885193142,29.779981476774033,-0.5065813918556712,-0.35439914686514307,105.19549636150902
146.27910467487965,38.12348132049846,29.776872639691938,-0.5067773003781033,-0.35456297290109573,105.21866595200417
146.28319020177148,38.11395390410292,29.773763730913565,-0.5069733250520285,-0.35472651552097173,105.24184264780133
146.28727538853025,38.10442660269135,29.77065475057364,-0.5071694658154073,-0.35488977476669703,105.26502644460432
146.29136023532308,38.09489941621048,29.767545698806938,-0.5073657226062229,-0.35505275068021014,105.28821733811681
146.29544474231696,38.08537234460687,29.764436575748242,-0.5075620953624815,-0.3552154433034641,105.31141532404266
146.29952890967874,38.07584538782723,29.76132738153228,-0.5077585840222127,-0.35537785267842525,105.33462039808566
146.30361273757515,38.0663185458182,29.75821811629384,-0.5079551885234678,-0.35553997884707333,105.35783255594968
146.30769622617296,38.056791818526385,29.755108780167664,-0.5081519088043239,-0.35570182185140076,105.38105179333833
146.31177937563865,38.04726520589858,29.75199937328852,-0.5083487448028791,-0.355863381733414,105.40427810595558
146.3158621861387,38.037738707881395,29.748889895791176,-0.5085456964572544,-0.35602465853513277,105.42751148950511
146.31994465783947,38.02821232442162,29.745780347810395,-0.5087427637055946,-0.3561856522985912,105.45075193969073
146.3240267909072,38.01868605546594,29.74267072948092,-0.5089399464860671,-0.35634636306583567,105.47399945221619
146.3281085855081,38.00915990096103,29.739561040937538,-0.509137244736864,-0.3565067908789256,105.49725402278544
146.3321900418081,37.999633860853734,29.736451282314995,-0.5093346583961976,-0.3566669357799345,105.52051564710202
146.33627115997322,37.99010793509073,29.73334145374805,-0.5095321874023051,-0.3568267978109512,105.54378432087
146.34035194016923,37.980582123618866,29.73023155537147,-0.5097298316934462,-0.35698637701407393,105.56706003979299
146.3444323825619,37.9710564263849,29.727121587320017,-0.5099275912079041,-0.3571456734314171,105.59034279957477
146.34851248731687,37.96153084333555,29.724011549728466,-0.5101254658839841,-0.35730468710510727,105.61363259591927
146.35259225459964,37.95200537441772,29.720901442731545,-0.5103234556600156,-0.3574634180772854,105.63692942453014
146.35667168457564,37.94248001957817,29.717791266464054,-0.5105215604743495,-0.3576218663901057,105.66023328111123
146.36075077741015,37.932954778763786,29.71468102106073,-0.5107197802653616,-0.3577800320857343,105.68354416136637
146.36482953326842,37.9234296519214,29.71157070665633,-0.5109181149714495,-0.3579379152063524,105.70686206099924
146.36890795231562,37.91390463899779,29.708460323385644,-0.5111165645310337,-0.35809551579415366,105.7301869757137
146.37298603471663,37.90437973993991,29.70534987138341,-0.5113151288825578,-0.3582528338913449,105.75351890121361
146.3770637806364,37.894854954694594,29.70223935078439,-0.511513807964489,-0.3584098695401472,105.77685783320263
146.38114119023976,37.8853302832088,29.699128761723355,-0.5117126017153169,-0.35856662278279455,105.80020376738457
146.38521826369137,37.87580572542937,29.696018104335064,-0.5119115100735536,-0.35872309366153365,105.82355669946335
146.3892950011559,37.866281281303195,29.69290737875427,-0.5121105329777357,-0.35887928221862453,105.8469166251426
146.39337140279773,37.856756950777275,29.689796585115758,-0.5123096703664212,-0.35903518849634164,105.87028354012622
146.39744746878137,37.84723273379849,29.686685723554255,-0.5125089221781919,-0.3591908125369718,105.89365744011795
146.40152319927097,37.837708630313884,29.683574794204556,-0.5127082883516523,-0.35934615438281603,105.91703832082159
146.40559859443084,37.82818464027035,29.6804637972014,-0.5129077688254294,-0.35950121407618696,105.9404261779409
146.409673654425,37.81866076361484,29.67735273267956,-0.5131073635381741,-0.3596559916594121,105.96382100717972
146.41374837941746,37.80913700029441,29.67424160077379,-0.5133070724285599,-0.359810487174831,105.98722280424178
146.4178227695721,37.799613350256,29.67113040161887,-0.5135068954352817,-0.3599647006647979,106.01063156483097
146.42189682505264,37.790089813446706,29.668019135349535,-0.5137068324970604,-0.36011863217167966,106.03404728465098
146.42597054602282,37.780566389813515,29.664907802100558,-0.5139068835526368,-0.36027228173785575,106.0574699594057
146.4300439326462,37.771043079303396,29.6617964020067,-0.5141070485407769,-0.3604256494057191,106.0808995847988
146.43411698508623,37.76151988186353,29.658684935202732,-0.5143073274002674,-0.36057873521767686,106.10433615653417
146.4381897035063,37.751996797440846,29.655573401823407,-0.51450772006992,-0.3607315392161483,106.12777967031553
146.4422620880697,37.74247382598255,29.652461802003486,-0.5147082264885685,-0.3608840614435668,106.15123012184672
146.44633413893953,37.732950967435656,29.64935013587773,-0.5149088465950687,-0.36103630194237746,106.1746875068315
146.45040585627896,37.723428221747234,29.646238403580902,-0.5151095803283011,-0.3611882607550412,106.19815182097368
146.45447724025084,37.713905588864485,29.643126605247758,-0.5153104276271667,-0.3613399379240299,106.22162305997703
146.4585482910181,37.704383068734444,29.64001474101308,-0.5155113884305915,-0.36149133349182877,106.2451012195454
146.46261900874353,37.69486066130434,29.636902811011602,-0.515712462677524,-0.36164244750093744,106.2685862953825
146.46668939358972,37.685338366521265,29.63379081537811,-0.5159136503069344,-0.3617932799938676,106.29207828319215
146.47075944571927,37.675816184332334,29.630678754247345,-0.5161149512578167,-0.3619438310131452,106.31557717867817
146.47482916529464,37.66629411468483,29.627566627754085,-0.5163163654691884,-0.36209410060130787,106.33908297754436
146.47889855247823,37.656772157525836,29.624454436033076,-0.5165178928800884,-0.3622440888009082,106.36259567549439
146.48296760743222,37.647250312802655,29.621342179219102,-0.5167195334295787,-0.3623937956545108,106.3861152682322
146.4870363303188,37.63772858046242,29.618229857446902,-0.5169212870567452,-0.3625432212046935,106.40964175146149
146.49110472130008,37.628206960452346,29.615117470851253,-0.5171231537006952,-0.3626923654940476,106.43317512088608
146.49517278053796,37.61868545271973,29.6120050195669,-0.5173251333005608,-0.3628412285651772,106.45671537220977
146.4992405081943,37.60916405721175,29.60889250372862,-0.5175272257954953,-0.3629898104607,106.48026250113634
146.50330790443093,37.59964277387575,29.605779923471175,-0.5177294311246745,-0.36313811122324635,106.50381650336958
146.5073749694094,37.59012160265896,29.602667278929307,-0.5179317492272989,-0.36328613089546025,106.52737737461327
146.51144170329138,37.5806005435086,29.59955457023781,-0.5181341800425895,-0.36343386951999823,106.55094511057123
146.51550810623823,37.57107959637208,29.596441797531412,-0.5183367235097924,-0.36358132713953006,106.57451970694721
146.51957417841137,37.561558761196665,29.5933289609449,-0.518539379568175,-0.36372850379674027,106.59810115944502
146.52363991997208,37.5520380379296,29.590216060613027,-0.5187421481570282,-0.36387539953432235,106.62168946376843
146.5277053310815,37.54251742651834,29.587103096670536,-0.5189450292156654,-0.36402201439498727,106.64528461562124
146.53177041190065,37.53299692691014,29.583990069252213,-0.5191480226834219,-0.36416834842145773,106.66888661070733
146.53583516259053,37.523476539052425,29.580876978492828,-0.5193511284996577,-0.3643144016564679,106.69249544473037
146.539899583312,37.513956262892535,29.577763824527107,-0.5195543466037542,-0.3644601741427669,106.71611111339415
146.54396367422586,37.50443609837782,29.574650607489833,-0.5197576769351164,-0.36460566592311666,106.73973361240255
146.54802743549266,37.49491604545577,29.571537327515774,-0.5199611194331707,-0.3647508770402911,106.7633629374593
146.5520908672731,37.485396104073715,29.568423984739688,-0.5201646740373682,-0.3648958075370782,106.7869990842682
146.5561539697276,37.47587627417905,29.56531057929632,-0.5203683406871812,-0.36504045745627844,106.81064204853313
146.5602167430165,37.4663565557193,29.562197111320447,-0.520572119322106,-0.3651848268407055,106.83429182595765
146.56427918730014,37.45683694864181,29.55908358094683,-0.5207760098816601,-0.3653289157331865,106.85794841224576
146.5683413027386,37.44731745289413,29.555969988310228,-0.5209800123053849,-0.3654727241765618,106.88161180310118
146.57240308949198,37.4377980684237,29.552856333545403,-0.5211841265328441,-0.3656162522136831,106.90528199422772
146.57646454772032,37.42827879517794,29.549742616787118,-0.5213883525036249,-0.3657594998874171,106.92895898132916
146.5805256775834,37.418759633104436,29.54662883817013,-0.5215926901573367,-0.3659024672406421,106.95264276010927
146.58458647924112,37.40924058215061,29.543514997829202,-0.5217971394336106,-0.3660451543162507,106.97633332627187
146.58864695285305,37.39972164226408,29.5404010958991,-0.5220017002721024,-0.36618756115714673,107.0000306755207
