galstreams/tracks/track.st.Gaia-1.ibata2021.ecsv
# %ECSV 1.0
# ---
# datatype:
# - {name: ra, unit: deg, datatype: float64}
# - {name: dec, unit: deg, datatype: float64}
# - {name: distance, unit: kpc, datatype: float64}
# - {name: pm_ra_cosdec, unit: mas / yr, datatype: float64}
# - {name: pm_dec, unit: mas / yr, datatype: float64}
# - {name: radial_velocity, unit: km / s, datatype: float64}
# delimiter: ','
# meta: !!omap
# - __serialized_columns__:
#     dec:
#       __class__: astropy.coordinates.angles.Latitude
#       unit: &id001 !astropy.units.Unit {unit: deg}
#       value: !astropy.table.SerializedColumn {name: dec}
#     distance:
#       __class__: astropy.coordinates.distances.Distance
#       unit: !astropy.units.Unit {unit: kpc}
#       value: !astropy.table.SerializedColumn {name: distance}
#     pm_dec:
#       __class__: astropy.units.quantity.Quantity
#       unit: !astropy.units.Unit {unit: mas / yr}
#       value: !astropy.table.SerializedColumn {name: pm_dec}
#     pm_ra_cosdec:
#       __class__: astropy.units.quantity.Quantity
#       unit: !astropy.units.Unit {unit: mas / yr}
#       value: !astropy.table.SerializedColumn {name: pm_ra_cosdec}
#     ra:
#       __class__: astropy.coordinates.angles.Longitude
#       unit: *id001
#       value: !astropy.table.SerializedColumn {name: ra}
#       wrap_angle: !astropy.coordinates.Angle
#         unit: *id001
#         value: 360.0
#     radial_velocity:
#       __class__: astropy.units.quantity.Quantity
#       unit: !astropy.units.Unit {unit: km / s}
#       value: !astropy.table.SerializedColumn {name: radial_velocity}
# schema: astropy-2.0
ra,dec,distance,pm_ra_cosdec,pm_dec,radial_velocity
[from data line 3229]
201.92502189613748,5.682193924123389,4.658204517099133,-16.667870537091066,-20.987501676806858,-6.591023788869315
201.93093658821078,5.690281860619953,4.657499403307742,-16.668980739811467,-20.98696630074092,-6.633372503824087
201.93685131624053,5.698369829190459,4.656793605133498,-16.670090622276675,-20.986429537873363,-6.6754720822268325
201.9427660802156,5.706457829928399,4.656087122287576,-16.671200184243627,-20.985891388184655,-6.717322277038239
201.94868088012478,5.714545862927305,4.655379954481137,-16.67230942546916,-20.985351851655377,-6.758922841219523
201.954595715957,5.722633928280711,4.654672101425352,-16.673418345709937,-20.984810928266146,-6.8002735277314565
201.96051058770107,5.730722026082165,4.653963562831386,-16.67452694472252,-20.98426861799769,-6.841374089534861
201.9664254953459,5.738810156425222,4.653254338410409,-16.675635222263303,-20.98372492083076,-6.8822242795905355
201.97234043888037,5.746898319403461,4.652544427873586,-16.676743178088586,-20.98317983674624,-6.922823850859704
201.97825541829334,5.754986515110464,4.651833830932087,-16.6778508119545,-20.982633365725025,-6.963172556303054
201.98417043357375,5.7630747436398355,4.651122547297076,-16.678958123617058,-20.982085507748135,-7.003270148881543
201.99008548471048,5.771163005085198,4.650410576679723,-16.68006511283213,-20.981536262796613,-7.043116381556036
201.9960005716924,5.7792512995401735,4.649697918791195,-16.68117177935544,-20.980985630851617,-7.082711007287631
202.00191569450843,5.7873396270984,4.64898457334266,-16.682278122942613,-20.980433611894348,-7.12205377903678
202.00783085314754,5.79542798785354,4.648270540045282,-16.68338414334911,-20.979880205906095,-7.161144449764896
202.01374604759857,5.803516381899259,4.647555818610234,-16.68448984033025,-20.97932541286821,-7.1999827724325804
202.01966127785053,5.811604809329229,4.64684040874868,-16.685595213641253,-20.978769232762133,-7.238568500000866
202.02557654389227,5.819693270237159,4.646124310171789,-16.686700263037164,-20.978211665569344,-7.2769013854303495
202.03149184571282,5.8277817647167645,4.645407522590724,-16.68780498827293,-20.977652711271453,-7.314981181682599
202.03740718330104,5.835870292861759,4.6446900457166596,-16.688909389103323,-20.977092369850062,-7.3528076417178925
202.04332255664593,5.843958854765877,4.643971879260758,-16.690013465283013,-20.97653064128691,-7.390380518497336
202.04923796573644,5.852047450522878,4.643253022934187,-16.691117216566532,-20.975967525563796,-7.427699564981803
202.05515341056153,5.860136080226519,4.642533476448116,-16.69222064270825,-20.97540302266256,-7.464764534132435
202.06106889111018,5.86822474397058,4.641813239513714,-16.69332374346243,-20.974837132565156,-7.5015751789097855
202.06698440737134,5.876313441848861,4.641092311842142,-16.694426518583207,-20.974269855253603,-7.538131252274879
202.072899959334,5.884402173955162,4.640370693144574,-16.69552896782454,-20.973701190709953,-7.574432507188772
202.07881554698716,5.892490940383297,4.639648383132175,-16.696631090940286,-20.973131138916372,-7.610478696612101
202.08473117031983,5.900579741227112,4.638925381516112,-16.697732887684168,-20.972559699855093,-7.646269573506161
202.09064682932095,5.90866857658044,4.638201688007551,-16.698834357809773,-20.971986873508417,-7.681804890831353
202.09656252397957,5.916757446537155,4.637477302317664,-16.699935501070524,-20.971412659858697,-7.7170844015490365
202.1024782542847,5.92484635119113,4.636752224157614,-16.70103631721975,-20.970837058888403,-7.75210785861985
202.10839402022535,5.932935290636256,4.63602645323857,-16.702136806010614,-20.970260070580032,-7.786875015004682
202.11430982179053,5.941024264966429,4.6352999892717,-16.70323696719617,-20.969681694916193,-7.821385623664489
202.1202256589693,5.949113274275572,4.634572831968172,-16.70433680052932,-20.96910193187952,-7.855639437560346
202.12614153175068,5.957202318657611,4.633844981039151,-16.705436305762838,-20.968520781452785,-7.889636209653025
202.1320574401237,5.965291398206498,4.633116436195808,-16.706535482649354,-20.967938243618775,-7.923375692903247
202.13797338407738,5.97338051301619,4.632387197149306,-16.707634330941374,-20.96735431836038,-7.956857640272077
202.1438893636009,5.981469663180665,4.631657263610815,-16.70873285039128,-20.966769005660556,-7.990081804720802
202.14980537868317,5.989558848793901,4.630926635291503,-16.709831040751283,-20.966182305502326,-8.023047939209627
202.1557214293133,5.997648069949908,4.630195311902535,-16.710928901773492,-20.9655942178688,-8.055755796699673
202.16163751548038,6.005737326742695,4.629463293155083,-16.71202643320987,-20.965004742743144,-8.088205130152135
202.1675536371735,6.013826619266299,4.62873057876031,-16.713123634812256,-20.96441388010862,-8.120395692527698
202.17346979438176,6.021915947614766,4.627997168429384,-16.71422050633234,-20.963821629948537,-8.152327236787297
202.17938598709418,6.030005311882147,4.6272630618734745,-16.715317047521673,-20.96322799224629,-8.183999515891873
202.1853022152999,6.038094712162519,4.626528258803749,-16.716413258131684,-20.962632966985343,-8.215412282802243
202.19121847898802,6.046184148549976,4.625792758931372,-16.717509137913677,-20.962036554149254,-8.24656529047941
202.1971347781476,6.0542736211385995,4.625056561967512,-16.7186046866188,-20.961438753721634,-8.27745829188398
202.20305111276787,6.062363130022529,4.624319667623338,-16.719699903998077,-20.960839565686165,-8.308091039977313
202.20896748283783,6.070452675295884,4.6235820756100185,-16.720794789802383,-20.960238990026596,-8.338463287720138
202.2148838883467,6.078542257052807,4.622843785638716,-16.7218893437825,-20.959637026726796,-8.368574788073353
202.22080032928352,6.08663187538746,4.622104797420601,-16.72298356568903,-20.95903367577065,-8.398425293997562
202.22671680563752,6.094721530394019,4.621365110666843,-16.724077455272454,-20.95842893714215,-8.428014558454235
202.23263331739776,6.102811222166664,4.620624725088606,-16.725171012283123,-20.957822810825334,-8.45734233440367
202.23854986455345,6.1109009507996,4.619883640397059,-16.72626423647126,-20.957215296804357,-8.486408374807308
202.2444664470937,6.118990716387051,4.61914185630337,-16.72735712758694,-20.956606395063403,-8.51521243262573
202.25038306500775,6.127080519023245,4.618399372518705,-16.728449685380113,-20.955996105586756,-8.543754260819915
202.2562997182847,6.135170358802427,4.61765618875423,-16.7295419096006,-20.955384428358787,-8.572033612350841
202.26221640691375,6.143260235818863,4.616912304721116,-16.730633799998063,-20.954771363363886,-8.600050240179407
202.26813313088408,6.151350150166812,4.61616772013053,-16.73172535632205,-20.95415691058657,-8.627803897266377
202.2740498901849,6.159440101940576,4.615422434693637,-16.73281657832198,-20.953541070011415,-8.655294336572876
202.27996668480534,6.167530091234456,4.614676448121608,-16.73390746574711,-20.952923841623047,-8.682521311059448
202.28588351473465,6.175620118142776,4.613929760125606,-16.734998018346595,-20.952305225406214,-8.709484573687217
202.29180037996204,6.1837101827598655,4.6131823704168005,-16.736088235869445,-20.9516852213457,-8.736183877417217
202.2977172804767,6.191800285180076,4.612434278706361,-16.737178118064513,-20.951063829426364,-8.762618975210135
202.30363421626788,6.199890425497766,4.611685484705451,-16.73826766468056,-20.950441049633156,-8.788789620027078
202.30955118732476,6.207980603807309,4.610935988125242,-16.739356875466168,-20.949816881951097,-8.814695564828702
202.3154681936366,6.216070820203108,4.610185788676898,-16.740445750169823,-20.949191326365266,-8.84033656257598
202.32138523519262,6.224161074779569,4.609434886071589,-16.741534288539853,-20.948564382860837,-8.8657123662299
202.32730231198212,6.232251367631112,4.60868328002048,-16.742622490324457,-20.947936051423046,-8.890822728751523
202.33321942399425,6.240341698852173,4.607930970234741,-16.743710355271695,-20.9473063320372,-8.915667403101349
202.33913657121838,6.248432068537207,4.607177956425536,-16.74479788312953,-20.946675224688715,-8.940246142240724
202.34505375364367,6.256522476780672,4.6064242383040375,-16.745885073645717,-20.946042729363015,-8.96455869913003
202.35097097125944,6.264612923677062,4.605669815581409,-16.74697192656794,-20.94540884604565,-8.988604826730555
202.35688822405498,6.272703409320869,4.604914687968818,-16.748058441643742,-20.94477357472225,-9.012384278003319
202.36280551201958,6.280793933806601,4.604158855177433,-16.74914461862051,-20.94413691537848,-9.035896805909031
202.36872283514242,6.288884497228791,4.603402316918422,-16.75023045724549,-20.9434988680001,-9.059142163408485
202.37464019341292,6.296975099681977,4.602645072902952,-16.751315957265817,-20.942859432572934,-9.08212010346262
202.3805575868203,6.305065741260706,4.60188712284219,-16.752401118428494,-20.942218609082925,-9.104830379032252
202.3864750153539,6.313156422059567,4.601128466447303,-16.753485940480374,-20.941576397516023,-9.127272743078597
202.39239247900306,6.321247142173142,4.60036910342946,-16.75457042316818,-20.9409327978583,-9.149446948562344
202.39830997775707,6.329337901696031,4.599609033499827,-16.755654566238505,-20.94028781009589,-9.17135274844466
202.40422751160523,6.337428700722847,4.598848256369572,-16.75673836943781,-20.93964143421499,-9.192989895685994
202.4101450805369,6.345519539348228,4.598086771749862,-16.757821832512413,-20.938993670201903,-9.214358143247676
202.4160626845414,6.353610417666813,4.5973245793518664,-16.758904955208497,-20.938344518042957,-9.235457244090208
202.4219803236081,6.361701335773276,4.59656167888675,-16.759987737272123,-20.9376939777246,-9.256286951174824
202.42789799772632,6.369792293762288,4.595798070065682,-16.76107017844921,-20.937042049233334,-9.276847017462277
202.43381570688544,6.377883291728546,4.595033752599829,-16.76215227848555,-20.93638873255575,-9.297137195913553
202.43973345107486,6.385974329766757,4.594268726200357,-16.7632340371268,-20.93573402767849,-9.317157239489605
202.44565123028386,6.394065407971636,4.593502990578437,-16.76431545411846,-20.93507793458829,-9.336906901151005
202.45156904450187,6.402156526437931,4.592736545445234,-16.765396529205926,-20.934420453271958,-9.356385933859054
202.45748689371825,6.410247685260397,4.591969390511916,-16.766477262134448,-20.933761583716368,-9.375594090574412
202.4634047779224,6.4183388845337985,4.59120152548965,-16.767557652649145,-20.933101325908485,-9.394531124258057
202.46932269710373,6.426430124352927,4.590432950089604,-16.768637700494995,-20.93243967983533,-9.413196787870966
202.47524065125162,6.4345214048125765,4.589663664022944,-16.769717405416856,-20.931776645484028,-9.431590834373958
202.4811586403555,6.442612726007569,4.58889366700084,-16.77079676715944,-20.931112222841737,-9.449713016727868
202.48707666440475,6.450704088032723,4.588122958734457,-16.771875785467326,-20.93044641189573,-9.46756308789389
202.49299472338882,6.458795490982899,4.587351538934965,-16.77295446008496,-20.92977921263333,-9.485140800832466
202.4989128172971,6.466886934952955,4.58657940731353,-16.77403279075665,-20.929110625041943,-9.502445908504765
202.50483094611909,6.474978420037763,4.585806563581319,-16.77511077722659,-20.92844064910906,-9.519478163871844
202.51074910984417,6.483069946332226,4.5850330074495,-16.77618841923882,-20.927769284822233,-9.536237319894525
202.5166673084618,6.491161513931243,4.58425873862924,-16.77726571653725,-20.927096532169088,-9.552723129533327
202.52258554196143,6.499253122929747,4.583483756831704,-16.77834266886567,-20.926422391137358,-9.568935345749628
202.52850381033252,6.507344773422669,4.582708061768067,-16.779419275967697,-20.925746861714792,-9.584873721504072
202.53442211356455,6.515436465504979,4.58193165314949,-16.78049553758687,-20.92506994388927,-9.600538009757804
202.54034045164698,6.52352819927163,4.58115453068714,-16.781571453466558,-20.924391637648732,-9.615927963471373
202.54625882456926,6.531619974817628,4.580376694092188,-16.782647023350005,-20.923711942981175,-9.631043335605964
202.55217723232093,6.539711792237956,4.5795981430758,-16.78372224698031,-20.923030859874682,-9.645883879122284
202.55809567489146,6.547803651627649,4.578818877349142,-16.78479712410047,-20.922348388317438,-9.66044934698164
202.56401415227032,6.555895553081725,4.578038896623385,-16.78587165445331,-20.921664528297654,-9.674739492144326
202.56993266444704,6.56398749669525,4.577258200609694,-16.786945837781538,-20.920979279803653,-9.688754067571727
202.5758512114111,6.572079482563282,4.576476789019236,-16.78801967382774,-20.92029264282383,-9.702492826224479
202.5817697931521,6.5801715107809065,4.575694661563178,-16.789093162334357,-20.919604617346643,-9.715955521063675
202.58768840965945,6.588263581443217,4.574911817952691,-16.790166303043687,-20.91891520336063,-9.729141905050017
202.59360706092278,6.596355694645325,4.574128257898936,-16.79123909569792,-20.918224400854413,-9.742051731144803
202.59952574693153,6.6044478504823605,4.573343981113088,-16.792311540039076,-20.91753220981668,-9.754684752308464
202.6054444676753,6.612540049049469,4.5725589873063095,-16.79338363580908,-20.9168386302362,-9.767040721502033
202.61136322314366,6.62063229044182,4.571773276189769,-16.794455382749696,-20.91614366210182,-9.779119391686576
202.61728201332613,6.628724574754574,4.570986847474636,-16.79552678060256,-20.91544730540245,-9.79092051582274
202.62320083821226,6.636816902082946,4.570199700872073,-16.7965978291092,-20.914749560127103,-9.802443846871675
202.62911969779162,6.644909272522125,4.569411836093253,-16.797668528010963,-20.914050426264833,-9.813689137794109
202.63503859205383,6.653001686167338,4.568623252849341,-16.7987388770491,-20.913349903804793,-9.824656141551177
202.64095752098845,6.661094143113835,4.567833950851503,-16.799808875964725,-20.912647992736225,-9.835344611103666
202.64687648458505,6.669186643456869,4.567043929810908,-16.800878524498795,-20.911944693048397,-9.845754299412249
202.65279548283323,6.677279187291714,4.566253189438725,-16.801947822392158,-20.911240004730715,-9.855884959438148
202.6587145157226,6.68537177471366,4.5654617294461195,-16.803016769385515,-20.910533927772608,-9.865736344142197
202.6646335832428,6.693464405818007,4.5646695495442575,-16.804085365219446,-20.90982646216363,-9.875308206485101
202.67055268538337,6.701557080700075,4.56387664944431,-16.805153609634377,-20.90911760789336,-9.884600299428074
202.67647182213395,6.709649799455219,4.563083028857443,-16.806221502370626,-20.908407364951497,-9.893612375931587
202.6823909934842,6.7177425621787785,4.562288687494822,-16.807289043168364,-20.907695733327806,-9.902344188956992
202.68831019942377,6.7258353689661226,4.561493625067616,-16.808356231767622,-20.9069827130121,-9.910795491465036
202.6942294399423,6.733928219912643,4.560697841286994,-16.80942306790831,-20.906268303994306,-9.918966036416649
202.70014871502934,6.74202111511374,4.559901335864119,-16.810489551330203,-20.905552506264407,-9.926855576772526
202.70606802467464,6.75011405466483,4.559104108510164,-16.81155568177293,-20.90483531981247,-9.93446386549373
202.71198736886782,6.758207038661359,4.558306158936291,-16.81262145897601,-20.904116744628627,-9.941790655541295
202.7179067475986,6.7663000671987685,4.557507486853673,-16.813686882678795,-20.90339678070309,-9.948835699875845
202.7238261608566,6.77439314037253,4.556708091973473,-16.81475195262055,-20.90267542802618,-9.955598751458554
202.72974560863148,6.782486258278129,4.55590797400686,-16.81581666854036,-20.901952686588253,-9.962079563250045
202.735665090913,6.79057942101107,4.555107132665001,-16.816881030177214,-20.90122855637975,-9.968277888211583
202.74158460769078,6.798672628666849,4.554305567659066,-16.817945037269933,-20.900503037391196,-9.97419347930374
202.74750415895457,6.806765881341028,4.5535032787002185,-16.819008689557226,-20.899776129613198,-9.979826089487435
202.75342374469406,6.814859179129148,4.552700265499628,-16.820071986777677,-20.89904783303643,-9.98517547172384
