galstreams/tracks/track.st.C-19.martin2022.ecsv
# %ECSV 1.0
# ---
# datatype:
# - {name: ra, unit: deg, datatype: float64}
# - {name: dec, unit: deg, datatype: float64}
# - {name: distance, unit: kpc, datatype: float64}
# - {name: pm_ra_cosdec, unit: mas / yr, datatype: float64}
# - {name: pm_dec, unit: mas / yr, datatype: float64}
# - {name: radial_velocity, unit: km / s, datatype: float64}
# delimiter: ','
# meta: !!omap
# - __serialized_columns__:
#     dec:
#       __class__: astropy.coordinates.angles.Latitude
#       unit: &id001 !astropy.units.Unit {unit: deg}
#       value: !astropy.table.SerializedColumn {name: dec}
#     distance:
#       __class__: astropy.coordinates.distances.Distance
#       unit: !astropy.units.Unit {unit: kpc}
#       value: !astropy.table.SerializedColumn {name: distance}
#     pm_dec:
#       __class__: astropy.units.quantity.Quantity
#       unit: !astropy.units.Unit {unit: mas / yr}
#       value: !astropy.table.SerializedColumn {name: pm_dec}
#     pm_ra_cosdec:
#       __class__: astropy.units.quantity.Quantity
#       unit: !astropy.units.Unit {unit: mas / yr}
#       value: !astropy.table.SerializedColumn {name: pm_ra_cosdec}
#     ra:
#       __class__: astropy.coordinates.angles.Longitude
#       unit: *id001
#       value: !astropy.table.SerializedColumn {name: ra}
#       wrap_angle: !astropy.coordinates.Angle
#         unit: *id001
#         value: 360.0
#     radial_velocity:
#       __class__: astropy.units.quantity.Quantity
#       unit: !astropy.units.Unit {unit: km / s}
#       value: !astropy.table.SerializedColumn {name: radial_velocity}
# schema: astropy-2.0
ra,dec,distance,pm_ra_cosdec,pm_dec,radial_velocity
[from data line 2083]
355.18528716427,14.438804499736218,18.000000000000007,1.1952230821609222,-3.254704899312216,-189.44
355.1855200368929,14.428389021128794,18.000000000000014,1.1951926706858123,-3.2548357277613524,-189.43999999999997
355.1857527050063,14.417973535072036,18.00000000000001,1.1951623313294315,-3.2549661623382193,-189.44000000000005
355.18598516864705,14.407558041566883,18.00000000000001,1.195132064087572,-3.255096203045505,-189.44000000000003
355.1862174278519,14.397142540614286,18.00000000000001,1.1951018689560233,-3.2552258498859037,-189.44000000000005
355.1864494826577,14.386727032215198,18.000000000000007,1.1950717459305746,-3.2553551028621066,-189.44000000000005
355.1866813331011,14.376311516370558,18.00000000000001,1.1950416950070124,-3.255483961976803,-189.44
355.18691297921873,14.36589599308132,18.00000000000001,1.1950117161811216,-3.2556124272326836,-189.44
355.18714442104726,14.355480462348424,18.00000000000001,1.1949818094486848,-3.255740498632435,-189.44000000000003
355.18737565862324,14.345064924172817,18.00000000000001,1.1949519748054838,-3.2558681761787476,-189.44000000000003
355.18760669198315,14.334649378555442,18.000000000000004,1.194922212247298,-3.255995459874304,-189.44000000000003
355.18783752116354,14.32423382549725,18.00000000000001,1.1948925217699047,-3.256122349721788,-189.44
355.18806814620075,14.313818264999185,18.000000000000007,1.1948629033690814,-3.2562488457238885,-189.44000000000003
355.1882985671313,14.303402697062179,18.000000000000007,1.1948333570406007,-3.256374947883283,-189.44000000000003
355.1885287839914,14.292987121687181,18.00000000000001,1.1948038827802345,-3.256500656202655,-189.44000000000005
355.1887587968174,14.28257153887513,18.000000000000014,1.1947744805837557,-3.2566259706846834,-189.44
355.1889886056456,14.27215594862698,18.00000000000001,1.1947451504469324,-3.25675089133205,-189.43999999999997
355.18921821051214,14.261740350943654,18.000000000000007,1.1947158923655303,-3.256875418147432,-189.44
355.1894476114531,14.2513247458261,18.00000000000001,1.1946867063353153,-3.256999551133506,-189.44000000000005
355.18967680850477,14.240909133275252,18.00000000000001,1.1946575923520526,-3.257123290292948,-189.44
355.1899058017031,14.230493513292066,18.00000000000001,1.194628550411502,-3.2572466356284306,-189.44
355.19013459108413,14.220077885877462,18.000000000000007,1.1945995805094252,-3.257369587142632,-189.43999999999994
355.1903631766839,14.209662251032384,18.00000000000001,1.1945706826415803,-3.25749214483822,-189.43999999999997
355.1905915585382,14.199246608757761,18.000000000000014,1.194541856803723,-3.2576143087178697,-189.44
355.190819736683,14.188830959054547,18.00000000000001,1.1945131029916098,-3.2577360787842493,-189.44
355.1910477111542,14.17841530192367,18.000000000000007,1.194484421200994,-3.25785745504003,-189.44
355.19127548198753,14.167999637366055,18.000000000000004,1.1944558114276271,-3.25797843748788,-189.44
355.1915030492187,14.157583965382644,18.00000000000001,1.1944272736672565,-3.258099026130463,-189.44
355.19173041288354,14.147168285974384,18.00000000000001,1.1943988079156351,-3.25821922097045,-189.44
355.19195757301753,14.136752599142188,18.00000000000001,1.1943704141685059,-3.258339022010501,-189.44
355.19218452965646,14.126336904887001,18.000000000000007,1.1943420924216162,-3.2584584292532854,-189.44
355.19241128283585,14.11592120320975,18.00000000000001,1.1943138426707074,-3.258577442701462,-189.43999999999994
355.1926378325911,14.105505494111375,18.000000000000007,1.1942856649115223,-3.258696062357694,-189.44
355.19286417895785,14.095089777592802,18.000000000000007,1.1942575591397997,-3.258814288224641,-189.44000000000003
355.1930903219714,14.084674053654956,18.00000000000001,1.1942295253512791,-3.258932120304962,-189.43999999999994
355.19331626166723,14.07425832229878,18.00000000000001,1.194201563541697,-3.2590495586013186,-189.44
355.19354199808066,14.063842583525194,18.00000000000001,1.1941736737067878,-3.259166603116366,-189.43999999999997
355.193767531247,14.05342683733513,18.00000000000001,1.1941458558422853,-3.2592832538527627,-189.44
355.1939928612014,14.043011083729512,18.000000000000007,1.1941181099439224,-3.2593995108131613,-189.44
355.1942179879792,14.032595322709282,18.00000000000001,1.194090436007426,-3.2595153740002174,-189.44000000000003
355.1944429116155,14.02217955427535,18.00000000000001,1.1940628340285282,-3.2596308434165837,-189.44000000000003
355.19466763214547,14.011763778428652,18.000000000000014,1.1940353040029545,-3.2597459190649127,-189.44
355.1948921496041,14.001347995170123,18.000000000000007,1.1940078459264312,-3.259860600947858,-189.44
355.1951164640264,13.990932204500668,18.00000000000001,1.19398045979468,-3.259974889068064,-189.44000000000003
355.19534057544746,13.980516406421234,18.00000000000001,1.1939531456034251,-3.2600887834281833,-189.44
355.19556448390216,13.970100600932732,18.00000000000001,1.1939259033483876,-3.2602022840308638,-189.43999999999994
355.19578818942534,13.959684788036089,18.000000000000014,1.193898733025283,-3.2603153908787528,-189.43999999999994
355.19601169205197,13.949268967732227,18.000000000000007,1.1938716346298333,-3.260428103974495,-189.44
355.1962349918167,13.938853140022072,18.000000000000007,1.1938446081577507,-3.2605404233207365,-189.44
355.1964580887544,13.928437304906547,18.000000000000007,1.193817653604751,-3.26065234892012,-189.44
355.19668098289975,13.91802146238658,18.000000000000007,1.1937907709665476,-3.260763880775288,-189.44
355.1969036742874,13.90760561246308,18.000000000000014,1.193763960238852,-3.2608750188888806,-189.43999999999997
355.197126162952,13.897189755136973,18.00000000000001,1.193737221417372,-3.2609857632635433,-189.43999999999997
355.197348448928,13.886773890409184,18.000000000000007,1.1937105544978173,-3.2610961139019126,-189.44000000000003
355.19757053225015,13.876358018280627,18.000000000000007,1.193683959475896,-3.261206070806627,-189.44
355.1977924129528,13.86594213875223,18.000000000000014,1.1936574363473094,-3.261315633980323,-189.43999999999997
355.1980140910704,13.855526251824898,18.00000000000001,1.1936309851077642,-3.26142480342564,-189.43999999999997
355.1982355666374,13.84511035749956,18.000000000000014,1.1936046057529615,-3.261533579145212,-189.43999999999997
355.198456839688,13.834694455777136,18.000000000000007,1.193578298278602,-3.2616419611416743,-189.44000000000005
355.1986779102567,13.824278546658535,18.00000000000001,1.1935520626803848,-3.2617499494176574,-189.44
355.1988987783777,13.813862630144676,18.00000000000001,1.1935258989540085,-3.261857543975798,-189.43999999999997
355.1991194440852,13.803446706236484,18.000000000000007,1.193499807095169,-3.2619647448187252,-189.44
355.1993399074134,13.793030774934861,18.00000000000001,1.1934737870995586,-3.2620715519490697,-189.44
355.1995601683963,13.78261483624073,18.000000000000014,1.1934478389628727,-3.2621779653694603,-189.44
355.1997802270682,13.77219889015501,18.000000000000007,1.1934219626808042,-3.262283985082528,-189.44
355.20000008346295,13.761782936678605,18.000000000000004,1.1933961582490413,-3.262389611090897,-189.43999999999997
355.20021973761465,13.751366975812445,18.000000000000004,1.1933704256632744,-3.262494843397196,-189.43999999999997
355.2004391895572,13.740951007557426,18.00000000000001,1.193344764919188,-3.2625996820040477,-189.44
355.20065843932457,13.730535031914464,18.000000000000007,1.193319176012472,-3.262704126914078,-189.44
355.2008774869505,13.720119048884483,18.000000000000007,1.1932936589388081,-3.26280817812991,-189.43999999999997
355.201096332469,13.709703058468378,18.00000000000001,1.1932682136938813,-3.2629118356541684,-189.43999999999994
355.2013149759136,13.699287060667075,18.000000000000007,1.193242840273371,-3.263015099489472,-189.43999999999997
355.2015334173182,13.688871055481474,18.000000000000007,1.1932175386729602,-3.263117969638442,-189.43999999999994
355.2017516567164,13.6784550429125,18.00000000000001,1.1931923088883256,-3.2632204461036958,-189.44000000000005
355.20196969414195,13.668039022961047,18.00000000000001,1.193167150915146,-3.2633225288878545,-189.44
355.20218752962825,13.657622995628037,18.000000000000007,1.1931420647490967,-3.2634242179935353,-189.44000000000003
355.20240516320905,13.64720696091437,18.000000000000007,1.1931170503858528,-3.263525513423354,-189.44000000000003
355.2026225949177,13.636790918820953,18.000000000000007,1.1930921078210877,-3.2636264151799246,-189.44
355.2028398247878,13.626374869348702,18.000000000000007,1.1930672370504727,-3.2637269232658643,-189.44
355.2030568528526,13.61595881249852,18.00000000000001,1.1930424380696782,-3.2638270376837832,-189.44000000000003
355.20327367914564,13.605542748271315,18.00000000000001,1.193017710874375,-3.263926758436297,-189.43999999999994
355.2034903037001,13.595126676667988,18.000000000000007,1.1929930554602288,-3.264026085526017,-189.43999999999994
355.20370672654934,13.584710597689456,18.00000000000001,1.1929684718229063,-3.264125018955551,-189.43999999999997
355.20392294772665,13.574294511336628,18.00000000000001,1.1929439599580751,-3.2642235587275104,-189.43999999999997
355.2041389672651,13.563878417610384,18.00000000000001,1.1929195198613962,-3.264321704844505,-189.43999999999994
355.2043547851979,13.553462316511657,18.000000000000014,1.1928951515285318,-3.2644194573091396,-189.44
355.20457040155816,13.543046208041334,18.000000000000007,1.1928708549551463,-3.264516816124024,-189.44
355.20478581637894,13.532630092200327,18.000000000000007,1.1928466301368965,-3.2646137812917617,-189.44
355.2050010296932,13.522213968989533,18.000000000000007,1.1928224770694416,-3.2647103528149573,-189.44
355.205216041534,13.51179783840986,18.000000000000014,1.192798395748438,-3.2648065306962137,-189.44
355.20543085193424,13.501381700462202,18.00000000000001,1.1927743861695432,-3.264902314938138,-189.44
355.2056454609268,13.490965555147474,18.00000000000001,1.1927504483284108,-3.264997705543329,-189.44
355.20585986854445,13.480549402466568,18.000000000000014,1.1927265822206934,-3.265092702514386,-189.44000000000005
355.2060740748201,13.470133242420392,18.000000000000007,1.192702787842045,-3.265187305853914,-189.44
355.2062880797865,13.459717075009841,18.000000000000007,1.192679065188114,-3.265281515564507,-189.44
355.20650188347616,13.449300900235812,18.000000000000007,1.1926554142545507,-3.265375331648765,-189.44
355.206715485922,13.43888471809921,18.00000000000001,1.192631835037003,-3.265468754109285,-189.43999999999997
355.20692888715644,13.428468528600934,18.000000000000007,1.1926083275311183,-3.2655617829486645,-189.44000000000003
355.20714208721216,13.418052331741881,18.00000000000001,1.1925848917325406,-3.2656544181694955,-189.44
355.20735508612165,13.40763612752295,18.00000000000001,1.192561527636916,-3.265746659774375,-189.44000000000005
355.2075678839175,13.397219915945035,18.00000000000001,1.1925382352398874,-3.2658385077658965,-189.44
355.207780480632,13.386803697009048,18.000000000000007,1.1925150145370953,-3.26592996214665,-189.44000000000003
355.2079928762976,13.37638747071587,18.00000000000001,1.1924918655241823,-3.266021022919229,-189.43999999999997
355.2082050709467,13.365971237066402,18.000000000000004,1.1924687881967861,-3.266111690086224,-189.43999999999997
355.2084170646115,13.355554996061544,18.000000000000007,1.1924457825505457,-3.2662019636502233,-189.44
355.2086288573244,13.345138747702187,18.000000000000007,1.1924228485810977,-3.266291843613816,-189.43999999999997
355.2088404491176,13.33472249198923,18.00000000000001,1.1923999862840768,-3.26638132997959,-189.44
355.20905184002316,13.324306228923556,18.000000000000007,1.1923771956551192,-3.2664704227501344,-189.44
355.2092630300733,13.313889958506081,18.000000000000007,1.1923544766898575,-3.2665591219280303,-189.44000000000005
355.20947401930016,13.303473680737685,18.000000000000007,1.192331829383925,-3.266647427515867,-189.43999999999997
355.20968480773564,13.293057395619265,18.00000000000001,1.1923092537329498,-3.266735339516226,-189.44000000000005
355.20989539541193,13.282641103151704,18.000000000000007,1.1922867497325642,-3.2668228579316914,-189.44
355.21010578236087,13.272224803335913,18.000000000000007,1.1922643173783967,-3.266909982764847,-189.44
355.21031596861434,13.261808496172764,18.00000000000001,1.192241956666073,-3.2669967140182705,-189.43999999999994
355.2105259542043,13.25139218166317,18.00000000000001,1.1922196675912196,-3.2670830516945455,-189.44
355.2107357391625,13.240975859808012,18.000000000000007,1.1921974501494634,-3.2671689957962498,-189.43999999999997
355.21094532352083,13.23055953060818,18.000000000000014,1.1921753043364274,-3.2672545463259617,-189.44000000000003
355.2111547073109,13.220143194064564,18.000000000000007,1.1921532301477338,-3.267339703286262,-189.43999999999997
355.2113638905645,13.209726850178052,18.000000000000007,1.1921312275790044,-3.267424466679724,-189.43999999999994
355.21157287331323,13.199310498949549,18.000000000000014,1.1921092966258602,-3.267508836508922,-189.43999999999997
355.2117816555887,13.188894140379922,18.000000000000007,1.1920874372839194,-3.2675928127764373,-189.44
355.2119902374225,13.178477774470089,18.000000000000004,1.1920656495488033,-3.2676763954848393,-189.44
355.2121986188462,13.168061401220905,18.00000000000001,1.1920439334161246,-3.2677595846367016,-189.44000000000003
355.21240679989114,13.157645020633279,18.00000000000001,1.1920222888815024,-3.2678423802345975,-189.44
355.2126147805888,13.147228632708096,18.000000000000007,1.1920007159405515,-3.2679247822810984,-189.44
355.21282256097066,13.136812237446238,18.000000000000014,1.191979214588884,-3.2680067907787738,-189.44
355.213030141068,13.126395834848598,18.00000000000001,1.1919577848221143,-3.268088405730195,-189.44
355.2132375209121,13.115979424916056,18.000000000000007,1.1919364266358539,-3.26816962713793,-189.44
355.2134447005343,13.105563007649511,18.00000000000001,1.191915140025713,-3.268250455004544,-189.43999999999994
355.2136516799657,13.095146583049832,18.000000000000014,1.1918939249873008,-3.268330889332607,-189.43999999999994
355.21385845923754,13.084730151117915,18.000000000000014,1.1918727815162253,-3.268410930124685,-189.43999999999997
355.2140650383809,13.074313711854648,18.000000000000007,1.1918517096080954,-3.2684905773833446,-189.44
355.2142714174269,13.063897265260906,18.00000000000001,1.1918307092585152,-3.2685698311111455,-189.44
355.21447759640665,13.053480811337586,18.000000000000007,1.191809780463093,-3.268648691310656,-189.43999999999997
355.214683575351,13.043064350085547,18.000000000000007,1.1917889232174301,-3.268727157984435,-189.43999999999988
355.214889354291,13.032647881505701,18.00000000000001,1.1917681375171307,-3.268805231135046,-189.43999999999994
355.21509493325755,13.02223140559892,18.00000000000001,1.1917474233577972,-3.2688829107650497,-189.44
355.21530031228144,13.011814922366087,18.000000000000007,1.1917267807350305,-3.2689601968770057,-189.44
355.2155054913936,13.001398431808083,18.00000000000001,1.191706209644431,-3.269037089473473,-189.43999999999997
355.2157104706248,12.990981933925788,18.000000000000014,1.1916857100815983,-3.269113588557012,-189.43999999999994
355.2159152500057,12.980565428720087,18.000000000000014,1.1916652820421278,-3.2691896941301777,-189.44000000000003
355.21611982956705,12.970148916191865,18.00000000000001,1.191644925521621,-3.2692654061955273,-189.43999999999994
355.21632420933946,12.959732396341996,18.00000000000001,1.1916246405156694,-3.269340724755617,-189.43999999999997
355.2165283893536,12.949315869171363,18.000000000000004,1.1916044270198711,-3.2694156498130016,-189.43999999999994
355.21673236963994,12.938899334680846,18.00000000000001,1.1915842850298182,-3.2694901813702324,-189.43999999999994
355.21693615022906,12.928482792871332,18.000000000000004,1.1915642145411047,-3.2695643194298674,-189.44000000000005
355.2171397311514,12.918066243743683,18.000000000000014,1.191544215549323,-3.269638063994454,-189.44
