galstreams/tracks/track.st.M5.ibata2024.ecsv
# %ECSV 1.0
# ---
# datatype:
# - {name: ra, unit: deg, datatype: float64}
# - {name: dec, unit: deg, datatype: float64}
# - {name: distance, unit: kpc, datatype: float64}
# - {name: pm_ra_cosdec, unit: mas / yr, datatype: float64}
# - {name: pm_dec, unit: mas / yr, datatype: float64}
# - {name: radial_velocity, unit: km / s, datatype: float64}
# delimiter: ','
# meta: !!omap
# - __serialized_columns__:
#     dec:
#       __class__: astropy.coordinates.angles.Latitude
#       unit: &id001 !astropy.units.Unit {unit: deg}
#       value: !astropy.table.SerializedColumn {name: dec}
#     distance:
#       __class__: astropy.coordinates.distances.Distance
#       unit: !astropy.units.Unit {unit: kpc}
#       value: !astropy.table.SerializedColumn {name: distance}
#     pm_dec:
#       __class__: astropy.units.quantity.Quantity
#       unit: !astropy.units.Unit {unit: mas / yr}
#       value: !astropy.table.SerializedColumn {name: pm_dec}
#     pm_ra_cosdec:
#       __class__: astropy.units.quantity.Quantity
#       unit: !astropy.units.Unit {unit: mas / yr}
#       value: !astropy.table.SerializedColumn {name: pm_ra_cosdec}
#     ra:
#       __class__: astropy.coordinates.angles.Longitude
#       unit: *id001
#       value: !astropy.table.SerializedColumn {name: ra}
#       wrap_angle: !astropy.coordinates.Angle
#         unit: *id001
#         value: 360.0
#     radial_velocity:
#       __class__: astropy.units.quantity.Quantity
#       unit: !astropy.units.Unit {unit: km / s}
#       value: !astropy.table.SerializedColumn {name: radial_velocity}
# schema: astropy-2.0
ra,dec,distance,pm_ra_cosdec,pm_dec,radial_velocity
[from data line 1885]
207.48709216252846,13.369030977140063,1.0,3.404026799148581,-8.731300347569405,-38.306980248341745
207.49651120129755,13.365017719871409,1.0,3.4043372337201867,-8.731783584090898,-38.28469231936161
207.50592985650297,13.361003957431404,0.9999999999999999,3.4046477667332278,-8.732266854092297,-38.26237590259398
207.51534812815407,13.356989689820844,1.0,3.4049583981876532,-8.73275015825237,-38.240030947518534
207.52476601626014,13.35297491704053,1.0,3.405269128083292,-8.733233497249884,-38.21765740361497
207.5341835208305,13.348959639091253,1.0,3.4055799564198708,-8.733716871763603,-38.195255220362974
207.54360064187455,13.34494385597381,0.9999999999999998,3.4058908831970145,-8.734200282472282,-38.17282434724223
207.5530173794016,13.340927567688995,0.9999999999999999,3.4062019084142405,-8.734683730054675,-38.15036473373245
207.56243373342113,13.33691077423761,0.9999999999999998,3.4065130320709573,-8.735167215189536,-38.12787632931329
207.57184970394255,13.332893475620445,1.0,3.4068242541664677,-8.735650738555613,-38.105359083464485
207.58126529097527,13.328875671838304,1.0,3.407135574699972,-8.736134300831651,-38.08281294566571
207.59068049452878,13.32485736289198,1.0,3.4074469936705665,-8.736617902696388,-38.06023786539661
207.60009531461253,13.320838548782268,1.0,3.407758511077234,-8.737101544828562,-38.037633792136944
207.60950975123606,13.31681922950997,1.0,3.4080701269188567,-8.737585227906903,-38.01500067536637
207.61892380440887,13.312799405075882,1.0,3.408381841194216,-8.738068952610144,-37.99233846456459
207.6283374741405,13.308779075480802,0.9999999999999999,3.4086936539019774,-8.738552719617012,-37.96964710921129
207.63775076044055,13.304758240725524,1.0,3.4090055650407094,-8.739036529606222,-37.94692655878615
207.64716366331857,13.300736900810852,0.9999999999999999,3.409317574608877,-8.739520383256501,-37.92417676276888
207.6565761827842,13.296715055737577,0.9999999999999999,3.409629682604832,-8.740004281246554,-37.90139767063914
207.665988318847,13.2926927055065,1.0,3.4099418890268276,-8.7404882242551,-37.878589231876674
207.67540007151672,13.288669850118419,1.0,3.4102541938730084,-8.740972212960843,-37.85575139596113
207.68481144080295,13.284646489574131,0.9999999999999999,3.410566597141416,-8.741456248042486,-37.832884112372206
207.69422242671538,13.280622623874436,1.0,3.4108790988299873,-8.741940330178725,-37.8099873305896
207.70363302926376,13.276598253020131,0.9999999999999999,3.411191698936558,-8.74242446004826,-37.787061000093
207.7130432484578,13.272573377012014,1.0,3.4115043974588546,-8.742908638329784,-37.76410507036209
207.72245308430726,13.268547995850886,0.9999999999999999,3.411817194394497,-8.743392865701983,-37.74111949087659
207.73186253682186,13.264522109537545,0.9999999999999999,3.412130089741005,-8.743877142843543,-37.718104211116156
207.74127160601148,13.260495718072777,0.9999999999999999,3.4124430834957975,-8.744361470433141,-37.69505918056048
207.75068029188583,13.256468821457396,1.0,3.4127561756561797,-8.744845849149456,-37.67198434868928
207.76008859445483,13.252441419692193,0.9999999999999998,3.4130693662193625,-8.745330279671165,-37.64887966498223
207.76949651372828,13.248413512777967,0.9999999999999999,3.4133826551824464,-8.745814762676932,-37.62574507891903
207.77890404971606,13.244385100715519,0.9999999999999999,3.4136960425424308,-8.746299298845425,-37.60258053997934
207.78831120242808,13.24035618350564,0.9999999999999999,3.4140095282962104,-8.746783888855305,-37.579385997642895
207.79771797187425,13.236326761149133,1.0,3.4143231124405746,-8.747268533385226,-37.556161401389346
207.80712435806444,13.232296833646798,0.9999999999999999,3.4146367949722105,-8.747753233113848,-37.53290670069845
207.81653036100872,13.22826640099943,1.0,3.414950575887707,-8.748237988719819,-37.50962184504982
207.82593598071702,13.224235463207824,1.0,3.4152644551835425,-8.748722800881783,-37.48630678392318
207.8353412171993,13.220204020272783,1.0,3.415578432856091,-8.749207670278388,-37.46296146679823
207.8447460704656,13.216172072195103,0.9999999999999999,3.4158925089016248,-8.749692597588268,-37.43958584315464
207.85415054052592,13.212139618975579,1.0,3.4162066833163185,-8.750177583490053,-37.41617986247211
207.86355462739039,13.20810666061501,0.9999999999999999,3.416520956096239,-8.750662628662383,-37.39274347423035
207.87295833106907,13.2040731971142,1.0,3.4168353272373513,-8.75114773378388,-37.369276627909024
207.88236165157198,13.200039228473932,1.0,3.4171497967355116,-8.751632899533169,-37.345779272987826
207.89176458890935,13.196004754695014,1.0,3.4174643645864835,-8.752118126588865,-37.32225135894645
207.90116714309124,13.19196977577824,0.9999999999999999,3.4177790307859226,-8.75260341562959,-37.298692835264596
207.91056931412786,13.187934291724408,0.9999999999999999,3.4180937953293786,-8.753088767333951,-37.275103651421965
207.91997110202934,13.183898302534313,0.9999999999999999,3.4184086582123068,-8.753574182380554,-37.251483756898224
207.92937250680592,13.179861808208749,0.9999999999999999,3.418723619430048,-8.754059661448004,-37.22783310117306
207.9387735284678,13.175824808748516,1.0,3.419038678977853,-8.754545205214901,-37.20415163372619
207.94817416702526,13.17178730415441,1.0,3.419353836850864,-8.75503081435984,-37.18043930403729
207.95757442248848,13.167749294427226,1.0,3.419669093044119,-8.75551648956141,-37.156696061586054
207.96697429486784,13.163710779567758,0.9999999999999999,3.419984447552561,-8.756002231498204,-37.13292185585216
207.9763737841736,13.1596717595768,1.0,3.420299900371025,-8.7564880408488,-37.10911663631531
207.98577289041603,13.155632234455153,1.0,3.420615451494239,-8.756973918291783,-37.085280352455214
207.99517161360558,13.15159220420361,1.0,3.4209311009168464,-8.757459864505725,-37.061412953751535
208.00456995375254,13.147551668822963,1.0,3.4212468486333694,-8.757945880169196,-37.03751438968397
208.01396791086734,13.143510628314008,0.9999999999999999,3.4215626946382405,-8.75843196596077,-37.01358460973223
208.02336548496032,13.139469082677536,1.0,3.4218786389257865,-8.758918122559002,-36.989623563375964
208.03276267604198,13.13542703191435,1.0,3.4221946814902346,-8.759404350642457,-36.96563120009489
208.04215948412272,13.131384476025234,1.0,3.4225108223257026,-8.759890650889691,-36.94160746936872
208.05155590921302,13.127341415010985,1.0,3.4228270614262217,-8.760377023979256,-36.9175523206771
208.06095195132337,13.123297848872397,0.9999999999999999,3.423143398785707,-8.760863470589694,-36.89346570349976
208.0703476104643,13.119253777610261,1.0,3.4234598343979834,-8.761349991399555,-36.869347567316346
208.0797428866463,13.11520920122537,0.9999999999999998,3.423776368256769,-8.761836587087377,-36.8451978616066
208.08913777987996,13.111164119718516,0.9999999999999998,3.4240930003556773,-8.762323258331694,-36.8210165358502
208.09853229017577,13.107118533090492,0.9999999999999999,3.424409730688226,-8.762810005811033,-36.79680353952681
208.1079264175444,13.103072441342091,1.0,3.4247265592478366,-8.763296830203927,-36.77255882211616
208.11732016199647,13.099025844474097,1.0,3.425043486027823,-8.763783732188902,-36.74828233309788
208.12671352354258,13.094978742487307,0.9999999999999999,3.425360511021396,-8.76427071244447,-36.72397402195173
208.13610650219334,13.090931135382508,1.0,3.4256776342216737,-8.76475777164915,-36.699633838157354
208.1454990979595,13.086883023160489,1.0,3.4259948556216653,-8.765244910481453,-36.67526173119447
208.1548913108517,13.082834405822048,0.9999999999999999,3.426312175214286,-8.765732129619884,-36.650857650542754
208.16428314088068,13.078785283367964,0.9999999999999999,3.426629592992349,-8.766219429742945,-36.6264215456819
208.17367458805717,13.074735655799032,0.9999999999999999,3.4269471089485655,-8.766706811529138,-36.60195336609161
208.18306565239186,13.070685523116037,1.0,3.4272647230755435,-8.767194275656955,-36.57745306125157
208.19245633389568,13.066634885319766,0.9999999999999998,3.427582435365805,-8.767681822804889,-36.55292058064143
208.20184663257928,13.062583742411013,0.9999999999999999,3.427900245811755,-8.768169453651424,-36.528355873740956
208.2112365484535,13.058532094390555,1.0,3.428218154405702,-8.768657168875041,-36.503758890029786
208.22062608152925,13.05447994125919,0.9999999999999999,3.4285361611398684,-8.76914496915422,-36.47912957898764
208.2300152318173,13.050427283017696,0.9999999999999999,3.4288542660063555,-8.769632855167435,-36.45446789009417
208.23940399932857,13.046374119666856,1.0,3.4291724689971814,-8.770120827593155,-36.429773772829115
208.248792384074,13.042320451207466,0.9999999999999998,3.4294907701042607,-8.770608887109843,-36.40504717667213
208.25818038606442,13.038266277640302,1.0,3.429809169319403,-8.771097034395961,-36.3802880511029
208.26756800531084,13.034211598966154,1.0,3.430127666634325,-8.771585270129972,-36.35549634560117
208.27695524182417,13.030156415185798,1.0,3.430446262040639,-8.772073594990324,-36.33067200964657
208.28634209561542,13.026100726300026,0.9999999999999998,3.4307649555298636,-8.772562009655466,-36.30581499271882
208.2957285666956,13.022044532309614,0.9999999999999999,3.431083747093414,-8.773050514803842,-36.28092524429762
208.3051146550757,13.017987833215349,0.9999999999999999,3.4314026367226047,-8.773539111113893,-36.25600271386264
208.31450036076677,13.013930629018006,1.0,3.4317216244086532,-8.774027799264054,-36.23104735089358
208.3238856837799,13.009872919718372,1.0,3.4320407101426853,-8.774516579932763,-36.206059104870135
208.33327062412616,13.005814705317228,1.0,3.4323598939157134,-8.77500545379844,-36.18103792527198
208.34265518181658,13.001755985815349,1.0,3.4326791757186648,-8.77549442153951,-36.155983761578824
208.35203935686243,12.997696761213517,1.0,3.432998555542362,-8.775983483834397,-36.13089656327034
208.36142314927474,12.993637031512511,0.9999999999999998,3.4333180333775317,-8.776472641361512,-36.10577627982624
208.37080655906473,12.98957679671311,1.0,3.4336376092147916,-8.776961894799262,-36.0806228607262
208.38018958624352,12.985516056816085,1.0,3.4339572830446765,-8.777451244826059,-36.05543625544991
208.3895722308224,12.981454811822223,0.9999999999999999,3.434277054857611,-8.777940692120307,-36.03021641347708
208.39895449281252,12.977393061732297,0.9999999999999999,3.434596924643929,-8.778430237360398,-36.00496328428739
208.4083363722252,12.973330806547079,1.0,3.4349168923938658,-8.77891988122473,-35.97967681736054
208.41771786907165,12.969268046267349,0.9999999999999999,3.4352369580975495,-8.779409624391691,-35.9543569621762
208.4270989833632,12.965204780893872,0.9999999999999999,3.4355571217450223,-8.779899467539668,-35.92900366821406
208.43647971511112,12.961141010427434,1.0,3.4358773833262224,-8.780389411347034,-35.90361688495382
208.44586006432678,12.9570767348688,1.0,3.436197742830989,-8.780879456492178,-35.87819656187518
208.4552400310215,12.953011954218747,1.0,3.4365182002490675,-8.781369603653463,-35.852742648457806
208.46461961520663,12.948946668478044,0.9999999999999999,3.436838755570101,-8.78185985350926,-35.82725509418142
208.47399881689364,12.944880877647464,0.9999999999999999,3.4371594087836432,-8.782350206737933,-35.80173384852569
208.48337763609385,12.940814581727773,0.9999999999999999,3.4374801598791396,-8.782840664017836,-35.77617886097035
208.49275607281874,12.936747780719747,0.9999999999999999,3.437801008845947,-8.783331226027332,-35.75059008099503
208.50213412707976,12.932680474624147,1.0,3.438121955673317,-8.783821893444763,-35.72496745807946
208.51151179888836,12.92861266344175,0.9999999999999999,3.4384430003504165,-8.784312666948484,-35.69931094170332
208.52088908825607,12.924544347173319,0.9999999999999999,3.438764142866301,-8.784803547216832,-35.67362048134628
208.5302659951944,12.920475525819619,1.0,3.439085383209937,-8.785294534928145,-35.64789602648806
208.53964251971487,12.916406199381415,1.0,3.439406721370194,-8.785785630760756,-35.62213752660835
208.549018661829,12.91233636785948,1.0,3.4397281573358396,-8.786276835392997,-35.596344931186835
208.55839442154843,12.908266031254572,0.9999999999999999,3.4400496910955516,-8.786768149503192,-35.570518189703186
208.5677697988847,12.904195189567455,1.0,3.4403713226379065,-8.787259573769655,-35.54465725163712
208.57714479384947,12.900123842798894,0.9999999999999999,3.4406930519513863,-8.787751108870706,-35.51876206646832
208.58651940645436,12.89605199094965,1.0,3.4410148790243715,-8.788242755484656,-35.49283258367652
208.59589363671103,12.891979634020483,1.0,3.441336803845156,-8.788734514289812,-35.4668687527413
208.60526748463116,12.887906772012157,1.0,3.441658826401928,-8.789226385964477,-35.44087052314245
208.61464095022643,12.883833404925428,1.0,3.441980946682784,-8.78971837118695,-35.41483784435964
208.6240140335086,12.879759532761057,0.9999999999999998,3.4423031646757245,-8.790210470635524,-35.38877066587253
208.63338673448933,12.875685155519799,0.9999999999999998,3.4426254803686502,-8.790702684988485,-35.36266893716085
208.6427590531805,12.87161027320241,1.0,3.4429478937493716,-8.791195014924119,-35.33653260770426
208.6521309895938,12.867534885809654,0.9999999999999998,3.4432704048055993,-8.791687461120713,-35.31036162698246
208.66150254374105,12.863458993342277,1.0,3.4435930135249455,-8.792180024256533,-35.28415594447516
208.6708737156341,12.859382595801044,1.0,3.4439157198949357,-8.792672705009856,-35.25791550966203
208.68024450528475,12.855305693186697,1.0,3.4442385239029907,-8.793165504058951,-35.231640272022766
208.68961491270488,12.851228285500001,1.0,3.444561425536441,-8.793658422082075,-35.20533018103705
208.6989849379064,12.847150372741694,0.9999999999999999,3.4448844247825163,-8.794151459757492,-35.17898518618459
208.7083545809012,12.843071954912537,1.0,3.4452075216283595,-8.794644617763453,-35.15260523694507
208.71772384170114,12.838993032013278,0.9999999999999999,3.4455307160610076,-8.795137896778206,-35.126190282798184
208.72709272031827,12.834913604044662,1.0,3.4458540080674127,-8.79563129748,-35.09974027322362
208.73646121676452,12.830833671007442,1.0,3.4461773976344237,-8.796124820547071,-35.07325515770106
208.74582933105185,12.82675323290236,0.9999999999999999,3.4465008847488017,-8.796618466657657,-35.046734885710194
208.7551970631923,12.822672289730168,1.0,3.4468244693972085,-8.79711223648999,-35.02017940673075
208.76456441319783,12.818590841491606,1.0,3.4471481515662066,-8.797606130722292,-34.99358867024238
208.7739313810806,12.814508888187422,1.0,3.447471931242272,-8.798100150032791,-34.96696262572477
208.78329796685256,12.810426429818362,0.9999999999999998,3.447795808411782,-8.798594295099704,-34.94030122265765
208.79266417052588,12.806343466385155,1.0,3.4481197830610193,-8.799088566601242,-34.91360441052068
208.80202999211267,12.802259997888559,0.9999999999999999,3.448443855176175,-8.799582965215615,-34.886872138793564
208.811395431625,12.798176024329303,0.9999999999999999,3.44876802474334,-8.80007749162103,-34.86010435695598
208.82076048907504,12.79409154570813,0.9999999999999999,3.449092291748517,-8.800572146495682,-34.83330101448762
208.83012516447502,12.790006562025777,1.0,3.449416656177613,-8.801066930517768,-34.8064620608682
208.8394894578371,12.785921073282983,1.0,3.4497411180164335,-8.80156184436548,-34.77958744557738
208.8488533691734,12.781835079480484,0.9999999999999999,3.4500656772507026,-8.802056888717003,-34.752677118094866
208.85821689849632,12.777748580619015,0.9999999999999999,3.4503903338660398,-8.80255206425052,-34.72573102790035
208.867580045818,12.773661576699306,1.0,3.450715087847975,-8.803047371644206,-34.698749124473515
208.8769428111507,12.769574067722093,1.0,3.4510399391819426,-8.803542811576236,-34.671731357294064
208.8863051945068,12.765486053688111,1.0,3.4513648878532894,-8.804038384724775,-34.644677675841685
208.89566719589857,12.761397534598089,1.0,3.451689933847262,-8.804534091767986,-34.61758802959606
208.90502881533834,12.75730851045275,1.0,3.4520150771490115,-8.805029933384034,-34.59046236803688
