galstreams/tracks/track.st.Fimbulthul.ibata2021.ecsv
# %ECSV 0.9
# ---
# datatype:
# - {name: ra, unit: deg, datatype: float64}
# - {name: dec, unit: deg, datatype: float64}
# - {name: distance, unit: kpc, datatype: float64}
# - {name: pm_ra_cosdec, unit: mas / yr, datatype: float64}
# - {name: pm_dec, unit: mas / yr, datatype: float64}
# - {name: radial_velocity, unit: km / s, datatype: float64}
# delimiter: ','
# meta: !!omap
# - __serialized_columns__:
#     dec:
#       __class__: astropy.coordinates.angles.Latitude
#       unit: &id001 !astropy.units.Unit {unit: deg}
#       value: !astropy.table.SerializedColumn {name: dec}
#     distance:
#       __class__: astropy.coordinates.distances.Distance
#       unit: !astropy.units.Unit {unit: kpc}
#       value: !astropy.table.SerializedColumn {name: distance}
#     pm_dec:
#       __class__: astropy.units.quantity.Quantity
#       unit: !astropy.units.Unit {unit: mas / yr}
#       value: !astropy.table.SerializedColumn {name: pm_dec}
#     pm_ra_cosdec:
#       __class__: astropy.units.quantity.Quantity
#       unit: !astropy.units.Unit {unit: mas / yr}
#       value: !astropy.table.SerializedColumn {name: pm_ra_cosdec}
#     ra:
#       __class__: astropy.coordinates.angles.Longitude
#       unit: *id001
#       value: !astropy.table.SerializedColumn {name: ra}
#       wrap_angle: !astropy.coordinates.Angle
#         unit: *id001
#         value: 360.0
#     radial_velocity:
#       __class__: astropy.units.quantity.Quantity
#       unit: !astropy.units.Unit {unit: km / s}
#       value: !astropy.table.SerializedColumn {name: radial_velocity}
# schema: astropy-2.0
ra,dec,distance,pm_ra_cosdec,pm_dec,radial_velocity
[from data line 1240]
198.24604300696473,-29.02133633217964,4.68706410030055,-8.369297881595092,-8.394872740112087,1.0104920555846805e-13
198.25374025107635,-29.013392664865503,4.685770653970231,-8.374912828981088,-8.397100702365192,5.0524602779234026e-14
198.26143899562723,-29.00545217919823,4.684476515129709,-8.380531922554546,-8.39932961953358,8.420767129872338e-14
198.26913924435829,-28.997514879232295,4.683181685721574,-8.386155157513706,-8.40155949078336,1.0104920555846805e-13
198.27684100101095,-28.989580769021458,4.681886167688414,-8.391782529057195,-8.40379031527985,8.420767129872338e-14
198.28454426932697,-28.981649852618688,4.6805899629728085,-8.39741403238403,-8.406022092187587,8.420767129872338e-14
198.29224905304855,-28.973722134076194,4.679293073517348,-8.40304966269358,-8.408254820670297,1.0104920555846805e-13
198.29995535591834,-28.965797617445368,4.677995501264617,-8.40868941518559,-8.410488499890914,6.73661370389787e-14
198.30766318167926,-28.957876306776953,4.6766972481572,-8.414333285060193,-8.412723129011558,1.1789073981821273e-13
198.31537253407484,-28.94995820612081,4.6753983161376835,-8.419981267517892,-8.414958707193588,6.73661370389787e-14
198.3230834168489,-28.942043319526093,4.674098707148654,-8.425633357759557,-8.417195233597537,1.1789073981821273e-13
198.33079583374573,-28.934131651041152,4.672798423132696,-8.431289550986435,-8.419432707383159,1.1789073981821273e-13
198.33850978851004,-28.926223204713594,4.671497466032396,-8.436949842400145,-8.421671127709397,8.420767129872338e-14
198.346225284887,-28.918317984590225,4.67019583779034,-8.442614227202677,-8.423910493734418,1.347322740779574e-13
198.35394232662208,-28.910415994717162,4.668893540349114,-8.448282700596417,-8.426150804615572,6.73661370389787e-14
198.36166091746122,-28.90251723913968,4.667590575651301,-8.453955257784102,-8.428392059509427,1.347322740779574e-13
198.36938106115093,-28.8946217219023,4.666286945639491,-8.459631893968846,-8.430634257571754,1.347322740779574e-13
198.37710276143795,-28.886729447048786,4.664982652256265,-8.465312604354157,-8.432877397957528,1.0104920555846805e-13
198.38482602206957,-28.878840418622122,4.6636776974442125,-8.470997384143889,-8.43512147982093,1.6841534259744677e-13
198.39255084679354,-28.870954640664515,4.662372083145918,-8.476686228542292,-8.43736650231534,6.73661370389787e-14
198.40027723935788,-28.86307211721741,4.661065811303967,-8.48237913275398,-8.439612464593354,1.515738083377021e-13
198.40800520351118,-28.855192852321533,4.6597588838609445,-8.48807609198395,-8.44185936580676,8.420767129872338e-14
198.4157347430024,-28.84731685001677,4.6584513027594365,-8.493777101437571,-8.444107205106564,1.1789073981821273e-13
198.42346586158098,-28.83944411434226,4.657143069942031,-8.499482156320582,-8.44635598164297,3.368306851948935e-14
198.43119856299674,-28.83157464933638,4.65583418735131,-8.505191251839106,-8.448605694565389,1.347322740779574e-13
198.43893285100006,-28.823708459036716,4.654524656929861,-8.510904383199627,-8.450856343022444,1.1789073981821273e-13
198.4466687293417,-28.815845547480063,4.653214480620273,-8.51662154560901,-8.453107926161952,6.73661370389787e-14
198.45440620177268,-28.80798591870255,4.651903660365125,-8.522342734274513,-8.455360443130948,5.0524602779234026e-14
198.46214527204472,-28.80012957673943,4.650592198107007,-8.528067944403752,-8.457613893075665,8.420767129872338e-14
198.46988594390987,-28.792276525625223,4.649280095788507,-8.533797171204704,-8.45986827514154,1.0104920555846805e-13
198.47762822112063,-28.78442676939366,4.647967355352204,-8.539530409885753,-8.462123588473231,8.420767129872338e-14
198.48537210742998,-28.776580312077723,4.646653978740689,-8.545267655655639,-8.46437983221459,5.0524602779234026e-14
198.49311760659128,-28.768737157709594,4.645339967896547,-8.551008903723478,-8.466637005508673,8.420767129872338e-14
198.5008647223585,-28.760897310320694,4.644025324762362,-8.556754149298769,-8.46889510749776,8.420767129872338e-14
198.50861345848577,-28.753060773941712,4.642710051280719,-8.562503387591391,-8.47115413732332,8.420767129872338e-14
198.5163638187279,-28.745227552602515,4.641394149394207,-8.56825661381158,-8.473414094126028,1.0104920555846805e-13
198.52411580684014,-28.737397650332195,4.6400776210454096,-8.574013823169963,-8.47567497704578,1.1789073981821273e-13
198.53186942657814,-28.7295710711591,4.638760468176915,-8.579775010877533,-8.477936785221674,8.420767129872338e-14
198.53962468169797,-28.721747819110785,4.6374426927313035,-8.585540172145672,-8.480199517792007,1.1789073981821273e-13
198.54738157595625,-28.71392789821403,4.636124296651167,-8.59130930218612,-8.482463173894295,6.73661370389787e-14
198.55514011311004,-28.706111312494826,4.6348052818790855,-8.597082396211016,-8.484727752665265,8.420767129872338e-14
198.56290029691675,-28.698298065978474,4.633485650357651,-8.60285944943285,-8.486993253240819,6.73661370389787e-14
198.57066213113436,-28.690488162689398,4.632165404029442,-8.608640457064514,-8.48925967475611,5.0524602779234026e-14
198.57842561952128,-28.682681606651304,4.63084454483705,-8.614425414319248,-8.491527016345467,8.420767129872338e-14
198.5861907658364,-28.67487840188709,4.62952307472306,-8.620214316410694,-8.49379527714244,1.515738083377021e-13
198.59395757383905,-28.667078552418893,4.628200995630055,-8.626007158552847,-8.496064456279791,1.347322740779574e-13
198.6017260472891,-28.65928206226805,4.626878309500621,-8.631803935960106,-8.49833455288949,8.420767129872338e-14
198.60949618994675,-28.651488935455227,4.625555018277347,-8.637604643847217,-8.500605566102696,6.73661370389787e-14
198.61726800557273,-28.643699176000176,4.624231123902817,-8.64340927742933,-8.502877495049791,6.73661370389787e-14
198.6250414979283,-28.63591278792196,4.622906628319615,-8.649217831921945,-8.505150338860368,1.1789073981821273e-13
198.63281667077513,-28.62812977523882,4.621581533470328,-8.655030302540956,-8.507424096663224,6.73661370389787e-14
198.6405935278754,-28.620350141968256,4.620255841297544,-8.66084668450263,-8.50969876758636,8.420767129872338e-14
198.64837207299172,-28.612573892126957,4.618929553743842,-8.666666973023617,-8.511974350756997,5.0524602779234026e-14
198.65615230988726,-28.604801029730844,4.617602672751817,-8.672491163320926,-8.514250845301552,1.1789073981821273e-13
198.6639342423255,-28.597031558795106,4.616275200264048,-8.678319250611958,-8.516528250345655,6.73661370389787e-14
198.67171787407054,-28.589265483334113,4.614947138223122,-8.684151230114491,-8.518806565014144,1.0104920555846805e-13
198.67950320888693,-28.58150280736145,4.613618488571626,-8.689987097046668,-8.521085788431071,1.0104920555846805e-13
198.6872902505397,-28.573743534889925,4.612289253252145,-8.695826846627025,-8.52336591971969,8.420767129872338e-14
198.69507900279436,-28.565987669931598,4.610959434207265,-8.701670474074463,-8.525646958002469,8.420767129872338e-14
198.70286946941684,-28.558235216497717,4.609629033379572,-8.707517974608265,-8.527928902401076,1.1789073981821273e-13
198.71066165417378,-28.550486178598753,4.60829805271165,-8.713369343448086,-8.530211752036408,1.1789073981821273e-13
198.71845556083193,-28.542740560244457,4.606966494146085,-8.719224575813973,-8.532495506028546,1.0104920555846805e-13
198.72625119315882,-28.534998365443734,4.6056343596254665,-8.725083666926327,-8.53478016349679,1.0104920555846805e-13
198.7340485549224,-28.527259598204733,4.604301651092374,-8.730946612005953,-8.537065723559662,8.420767129872338e-14
198.74184764989107,-28.519524262534816,4.6029683704894,-8.736813406274017,-8.539352185334872,1.347322740779574e-13
198.74964848183376,-28.511792362440577,4.601634519759125,-8.742684044952057,-8.54163954793935,8.420767129872338e-14
198.75745105451995,-28.504063901927793,4.600300100844137,-8.748558523262,-8.543927810489247,5.0524602779234026e-14
198.76525537171938,-28.496338885001556,4.5989651156870215,-8.754436836426153,-8.546216972099895,1.1789073981821273e-13
198.77306143720256,-28.48861731566607,4.5976295662303635,-8.7603189796672,-8.548507031885858,8.420767129872338e-14
198.7808692547403,-28.480899197924817,4.596293454416751,-8.76620494820819,-8.550797988960902,1.515738083377021e-13
198.7886788281041,-28.473184535780472,4.594956782188765,-8.772094737272566,-8.55308984243801,1.0104920555846805e-13
198.7964901610658,-28.465473333234954,4.593619551488995,-8.777988342084136,-8.555382591429362,8.420767129872338e-14
198.80430325739778,-28.457765594289373,4.592281764260025,-8.78388575786709,-8.557676235046358,6.73661370389787e-14
198.81211812087295,-28.450061322944045,4.590943422444444,-8.789786979846,-8.559970772399604,1.1789073981821273e-13
198.81993475526468,-28.442360523198605,4.589604527984835,-8.795692003245815,-8.56226620259891,1.1789073981821273e-13
198.8277531643469,-28.434663199051787,4.588265082823781,-8.801600823291865,-8.564562524753306,8.420767129872338e-14
198.83557335189394,-28.426969354501583,4.5869250889038735,-8.807513435209843,-8.566859737971024,1.0104920555846805e-13
198.84339532168082,-28.419278993545227,4.585584548167696,-8.813429834225847,-8.569157841359512,1.1789073981821273e-13
198.85121907748285,-28.411592120179122,4.584243462557831,-8.819350015566327,-8.571456834025426,1.347322740779574e-13
198.85904462307607,-28.403908738398936,4.582901834016868,-8.825273974458126,-8.573756715074632,8.420767129872338e-14
198.8668719622369,-28.396228852199506,4.581559664487393,-8.831201706128454,-8.576057483612203,8.420767129872338e-14
198.87470109874218,-28.38855246557496,4.580216955911988,-8.837133205804921,-8.578359138742428,1.1789073981821273e-13
198.8825320363695,-28.38087958251858,4.578873710233242,-8.843068468715495,-8.580661679568797,6.73661370389787e-14
198.89036477889675,-28.37321020702287,4.577529929393739,-8.849007490088532,-8.582965105194019,1.515738083377021e-13
198.89819933010253,-28.365544343079566,4.576185615336066,-8.854950265152766,-8.58526941472001,8.420767129872338e-14
198.90603569376574,-28.357881994679605,4.57484077000281,-8.860896789137296,-8.587574607247893,6.73661370389787e-14
198.91387387366603,-28.350223165813123,4.573495395336553,-8.866847057271627,-8.589880681878016,1.1789073981821273e-13
198.92171387358337,-28.342567860469565,4.572149493279883,-8.872801064785628,-8.592187637709916,1.0104920555846805e-13
198.92955569729835,-28.33491608263748,4.570803065775385,-8.878758806909543,-8.594495473842352,1.0104920555846805e-13
198.93739934859207,-28.327267836304678,4.5694561147656465,-8.884720278874,-8.596804189373287,1.1789073981821273e-13
198.94524483124616,-28.319623125458175,4.56810864219325,-8.890685475910002,-8.599113783399911,1.0104920555846805e-13
198.95309214904273,-28.311981954084217,4.5667606500007825,-8.896654393248944,-8.601424255018605,1.0104920555846805e-13
198.9609413057645,-28.304344326168238,4.565412140130831,-8.902627026122582,-8.603735603324974,1.0104920555846805e-13
198.9687923051947,-28.29671024569488,4.56406311452598,-8.908603369763059,-8.606047827413823,1.1789073981821273e-13
198.97664515111697,-28.28907971664808,4.562713575128818,-8.914583419402907,-8.608360926379168,1.0104920555846805e-13
198.98449984731562,-28.28145274301089,4.561363523881926,-8.920567170275026,-8.61067489931425,6.73661370389787e-14
198.9923563975754,-28.27382932876562,4.5600129627278925,-8.9265546176127,-8.612989745311502,8.420767129872338e-14
199.0002148056817,-28.266209477893774,4.558661893609303,-8.932545756649587,-8.61530546346258,5.0524602779234026e-14
199.00807507542032,-28.258593194376097,4.557310318468742,-8.938540582619732,-8.617622052858351,8.420767129872338e-14
199.01593721057776,-28.25098048219248,4.555958239248797,-8.944539090757555,-8.619939512588886,6.73661370389787e-14
199.0238012149408,-28.243371345322156,4.554605657892053,-8.95054127629786,-8.622257841743462,1.0104920555846805e-13
199.031667092297,-28.235765787743436,4.553252576341095,-8.956547134475825,-8.624577039410578,8.420767129872338e-14
199.03953484643432,-28.22816381343391,4.551898996538512,-8.962556660527014,-8.626897104677946,1.0104920555846805e-13
199.04740448114137,-28.220565426370364,4.550544920426883,-8.968569849687372,-8.62921803663248,1.0104920555846805e-13
199.05527600020721,-28.212970630528787,4.5491903499488,-8.974586697193205,-8.631539834360298,8.420767129872338e-14
199.06314940742146,-28.20537942988441,4.547835287046845,-8.980607198281227,-8.63386249694675,1.1789073981821273e-13
199.0710247065744,-28.197791828411592,4.546479733663608,-8.986631348188508,-8.636186023476382,1.0104920555846805e-13
199.07890190145662,-28.19020783008405,4.54512369174167,-8.992659142152522,-8.63851041303295,1.515738083377021e-13
199.08678099585944,-28.18262743887458,4.543767163223619,-8.998690575411107,-8.640835664699427,8.420767129872338e-14
199.0946619935747,-28.17505065875524,4.54241015005204,-9.004725643202482,-8.643161777557992,1.1789073981821273e-13
199.1025448983948,-28.167477493697273,4.541052654169521,-9.01076434076525,-8.645488750690044,1.0104920555846805e-13
199.1104297141126,-28.15990794767117,4.539694677518644,-9.016806663338395,-8.64781658317618,8.420767129872338e-14
199.1183164445216,-28.152342024646615,4.538336222041997,-9.02285260616127,-8.650145274096213,5.0524602779234026e-14
199.1262050934159,-28.14477972859244,4.536977289682165,-9.028902164473635,-8.652474822529182,6.73661370389787e-14
199.13409566458998,-28.137221063476815,4.535617882381734,-9.034955333515606,-8.654805227553304,1.0104920555846805e-13
199.141988161839,-28.129666033267032,4.534258002083289,-9.041012108527683,-8.657136488246037,6.73661370389787e-14
199.14988258895872,-28.122114641929585,4.532897650729417,-9.04707248475076,-8.659468603684035,5.0524602779234026e-14
199.15777894974534,-28.11456689343019,4.531536830262704,-9.0531364574261,-8.661801572943165,1.515738083377021e-13
199.16567724799572,-28.107022791733794,4.530175542625734,-9.059204021795345,-8.664135395098516,3.368306851948935e-14
199.1735774875072,-28.09948234080453,4.528813789761093,-9.065275173100533,-8.666470069224367,8.420767129872338e-14
199.1814796720778,-28.091945544605704,4.527451573611368,-9.07134990658406,-8.66880559439423,6.73661370389787e-14
199.18938380550594,-28.084412407099933,4.526088896119145,-9.07742821748873,-8.67114196968081,1.1789073981821273e-13
199.1972898915907,-28.076882932248953,4.524725759227007,-9.083510101057708,-8.673479194156032,1.1789073981821273e-13
199.2051979341318,-28.069357124013727,4.523362164877542,-9.089595552534544,-8.675817266891036,6.73661370389787e-14
199.21310793692933,-28.061834986354416,4.521998115013337,-9.09568456716317,-8.678156186956159,1.347322740779574e-13
199.2210199037842,-28.054316523230405,4.520633611576972,-9.101777140187908,-8.680495953420964,8.420767129872338e-14
199.2289338384977,-28.04680173860026,4.519268656511038,-9.107873266853442,-8.682836565354224,1.515738083377021e-13
199.2368497448717,-28.039290636421796,4.517903251758121,-9.11397294240486,-8.685178021823901,5.0524602779234026e-14
199.24476762670872,-28.031783220652017,4.5165373992608036,-9.12007616208762,-8.687520321897194,1.515738083377021e-13
199.2526874878119,-28.024279495247104,4.515171100961673,-9.126182921147556,-8.689863464640506,6.73661370389787e-14
199.26060933198477,-28.01677946416246,4.5138043588033145,-9.132293214830897,-8.692207449119445,8.420767129872338e-14
199.2685331630316,-28.009283131352706,4.512437174728316,-9.138407038384235,-8.694552274398829,6.73661370389787e-14
199.27645898475723,-28.001790500771644,4.511069550679258,-9.144524387054572,-8.696897939542701,1.1789073981821273e-13
199.28438680096704,-27.99430157637227,4.509701488598733,-9.150645256089254,-8.699244443614301,6.73661370389787e-14
199.2923166154669,-27.98681636210687,4.508332990429322,-9.15676964073604,-8.701591785676078,1.1789073981821273e-13
199.3002484320634,-27.979334861926834,4.506964058113612,-9.162897536243063,-8.703939964789702,1.0104920555846805e-13
199.3081822545637,-27.971857079782797,4.505594693594188,-9.169028937858835,-8.706288980016055,8.420767129872338e-14
