galstreams/tracks/track.st.NGC288.ibata2021.ecsv
# %ECSV 1.0
# ---
# datatype:
# - {name: ra, unit: deg, datatype: float64}
# - {name: dec, unit: deg, datatype: float64}
# - {name: distance, unit: kpc, datatype: float64}
# - {name: pm_ra_cosdec, unit: mas / yr, datatype: float64}
# - {name: pm_dec, unit: mas / yr, datatype: float64}
# - {name: radial_velocity, unit: km / s, datatype: float64}
# delimiter: ','
# meta: !!omap
# - __serialized_columns__:
#     dec:
#       __class__: astropy.coordinates.angles.Latitude
#       unit: &id001 !astropy.units.Unit {unit: deg}
#       value: !astropy.table.SerializedColumn {name: dec}
#     distance:
#       __class__: astropy.coordinates.distances.Distance
#       unit: !astropy.units.Unit {unit: kpc}
#       value: !astropy.table.SerializedColumn {name: distance}
#     pm_dec:
#       __class__: astropy.units.quantity.Quantity
#       unit: !astropy.units.Unit {unit: mas / yr}
#       value: !astropy.table.SerializedColumn {name: pm_dec}
#     pm_ra_cosdec:
#       __class__: astropy.units.quantity.Quantity
#       unit: !astropy.units.Unit {unit: mas / yr}
#       value: !astropy.table.SerializedColumn {name: pm_ra_cosdec}
#     ra:
#       __class__: astropy.coordinates.angles.Longitude
#       unit: *id001
#       value: !astropy.table.SerializedColumn {name: ra}
#       wrap_angle: !astropy.coordinates.Angle
#         unit: *id001
#         value: 360.0
#     radial_velocity:
#       __class__: astropy.units.quantity.Quantity
#       unit: !astropy.units.Unit {unit: km / s}
#       value: !astropy.table.SerializedColumn {name: radial_velocity}
# schema: astropy-2.0
ra,dec,distance,pm_ra_cosdec,pm_dec,radial_velocity
[from data line 998]
13.665800095642785,-26.983094350928038,10.762929800173827,4.132664550424861,-5.635206363910817,3.368306851948935e-14
13.67329619894896,-26.99046339103619,10.762303846956675,4.132613375085879,-5.635297813404511,6.73661370389787e-14
13.680797477089152,-26.99782887958481,10.761677121939567,4.132560255030126,-5.635386235364602,-3.368306851948935e-14
13.688303947452583,-27.005190803081476,10.761049622174449,4.132505183972192,-5.6354716222543075,3.368306851948935e-14
13.695815627428656,-27.012549148029265,10.760421344713276,4.132448155624739,-5.635553966538776,3.368306851948935e-14
13.70333253440695,-27.01990390092683,10.759792286607983,4.132389163698478,-5.6356332606850685,1.6841534259744676e-14
13.710854685777193,-27.02725504826831,10.75916244491052,4.132328201902163,-5.635709497162193,1.6841534259744676e-14
13.718382098929272,-27.034602576543346,10.75853181667284,4.132265263942581,-5.635782668441083,3.368306851948935e-14
13.72591479125321,-27.041946472237115,10.757900398946882,4.132200343524546,-5.6358527669946366,1.6841534259744676e-14
13.733452780139142,-27.04928672183025,10.757268188784598,4.132133434350878,-5.635919785297707,1.6841534259744676e-14
13.740996082977315,-27.05662331179889,10.756635183237934,4.132064530122408,-5.635983715827117,0.0
13.748544717158065,-27.063956228614654,10.756001379358837,4.131993624537949,-5.63604455106167,-1.6841534259744676e-14
13.756098700071826,-27.071285458744608,10.755366774199251,4.131920711294301,-5.636102283482157,-1.6841534259744676e-14
13.763658049109074,-27.078610988651278,10.754731364811127,4.13184578408623,-5.636156905571358,0.0
13.771222781660354,-27.085932804792662,10.754095148246407,4.131768836606466,-5.63620840981407,1.6841534259744676e-14
13.778792915116256,-27.09325089362217,10.753458121557037,4.131689862545688,-5.636256788697103,-3.368306851948935e-14
13.786368466867376,-27.10056524158865,10.752820281794971,4.131608855592506,-5.6363020347092805,-3.368306851948935e-14
13.79394945430434,-27.107875835136376,10.75218162601215,4.131525809433469,-5.636344140341472,0.0
13.801535894817764,-27.115182660705038,10.751542151260525,4.131440717753033,-5.636383098086582,1.6841534259744676e-14
13.80912780579825,-27.12248570472972,10.75090185459204,4.131353574233564,-5.636418900439572,-3.368306851948935e-14
13.816725204636372,-27.129784953640915,10.750260733058642,4.131264372555326,-5.6364515398974655,-1.6841534259744676e-14
13.824328108722657,-27.137080393864487,10.749618783712275,4.131173106396464,-5.63648100895935,-1.6841534259744676e-14
13.831936535447582,-27.14437201182168,10.748976003604893,4.131079769432995,-5.636507300126398,3.368306851948935e-14
13.83955050220154,-27.151659793929113,10.748332389788436,4.130984355338807,-5.636530405901879,0.0
13.84717002637484,-27.15894372659875,10.747687939314856,4.130886857785628,-5.6365503187911425,-5.0524602779234026e-14
13.854795125357702,-27.166223796237926,10.747042649236095,4.130787270443032,-5.636567031301666,-3.368306851948935e-14
13.862425816540219,-27.173499989249297,10.746396516604099,4.13068558697843,-5.636580535943035,1.6841534259744676e-14
13.870062117312347,-27.180772292030852,10.745749538470823,4.130581801057038,-5.636590825226967,-1.6841534259744676e-14
13.877704045063918,-27.18804069097591,10.745101711888204,4.13047590634189,-5.636597891667318,-1.6841534259744676e-14
13.885351617184593,-27.1953051724731,10.744453033908197,4.130367896493808,-5.636601727780082,1.6841534259744676e-14
13.893004851063855,-27.202565722906343,10.743803501582743,4.130257765171407,-5.636602326083422,-3.368306851948935e-14
13.90066376409101,-27.20982232865487,10.743153111963794,4.130145506031072,-5.63659967909766,-1.6841534259744676e-14
13.90832837365515,-27.217074976093194,10.742501862103287,4.130031112726951,-5.636593779345301,1.6841534259744676e-14
13.915998697145149,-27.22432365159109,10.74184974905318,4.1299145789109435,-5.6365846193510265,5.0524602779234026e-14
13.923674751949656,-27.23156834151361,10.74119676986542,4.129795898232689,-5.636572191641722,0.0
13.93135655545707,-27.23880903222107,10.740542921591944,4.129675064339557,-5.636556488746475,5.0524602779234026e-14
13.939044125055513,-27.246045710068998,10.739888201284705,4.129552070876632,-5.6365375031965925,-1.6841534259744676e-14
13.946737478132848,-27.253278361408213,10.739232605995646,4.129426911486709,-5.636515227525604,1.6841534259744676e-14
13.954436632076618,-27.26050697258471,10.73857613277672,4.12929957981027,-5.6364896542692735,-5.0524602779234026e-14
13.962141604274091,-27.26773152993975,10.73791877867987,4.129170069485486,-5.636460775965613,1.6841534259744676e-14
13.969852412112175,-27.27495201980975,10.737260540757044,4.129038374148199,-5.636428585154892,-1.6841534259744676e-14
13.977569072977463,-27.282168428526386,10.736601416060186,4.12890448743191,-5.63639307437964,0.0
13.985291604256178,-27.289380742416473,10.735941401641243,4.128768402967767,-5.636354236184668,3.368306851948935e-14
13.993020023334179,-27.296588947802025,10.735280494552164,4.128630114384556,-5.636312063117073,1.6841534259744676e-14
14.000754347596924,-27.303793031000232,10.734618691844897,4.128489615308691,-5.636266547726244,-1.6841534259744676e-14
14.008494594429486,-27.310992978323448,10.733955990571387,4.128346899364192,-5.636217682563876,-3.368306851948935e-14
14.016240781216512,-27.318188776079158,10.733292387783582,4.128201960172685,-5.636165460183986,-1.6841534259744676e-14
14.023992925342204,-27.325380410570013,10.732627880533425,4.1280547913533905,-5.6361098731429164,1.6841534259744676e-14
14.031751044190333,-27.332567868093772,10.731962465872867,4.127905386523099,-5.636050913999343,1.6841534259744676e-14
14.039515155144173,-27.339751134943327,10.731296140853855,4.127753739296169,-5.635988575314291,-3.368306851948935e-14
14.04728527558655,-27.346930197406696,10.73062890252833,4.1275998432845205,-5.635922849651148,3.368306851948935e-14
14.055061422899769,-27.35410504176697,10.729960747948246,4.1274436920976045,-5.635853729575663,3.368306851948935e-14
14.062843614465612,-27.36127565430236,10.729291674165548,4.12728527934241,-5.635781207655965,-1.6841534259744676e-14
14.070631867665355,-27.36844202128615,10.728621678232178,4.127124598623444,-5.635705276462579,3.368306851948935e-14
14.078426199879706,-27.375604128986676,10.727950757200087,4.126961643542719,-5.635625928568421,-1.6841534259744676e-14
14.086226628488804,-27.382761963667374,10.727278908121223,4.126796407699744,-5.635543156548828,3.368306851948935e-14
14.094033170872224,-27.389915511586697,10.72660612804753,4.126628884691498,-5.63545695298154,-1.6841534259744676e-14
14.101845844408933,-27.397064758998173,10.725932414030956,4.126459068112454,-5.635367310446751,1.6841534259744676e-14
14.109664666477274,-27.404209692150335,10.72525776312345,4.126286951554521,-5.635274221527081,-1.6841534259744676e-14
14.117489654454982,-27.411350297286763,10.724582172376948,4.126112528607065,-5.635177678807609,1.6841534259744676e-14
14.125320825719113,-27.418486560646027,10.723905638843409,4.1259357928568825,-5.635077674875879,-1.6841534259744676e-14
14.13315819764608,-27.425618468461714,10.72322815957478,4.125756737888191,-5.634974202321901,1.6841534259744676e-14
14.141001787611607,-27.43274600696239,10.722549731623,4.125575357282621,-5.634867253738182,0.0
14.148851612990718,-27.43986916237162,10.721870352040023,4.125391644619193,-5.634756821719717,0.0
14.156707691157715,-27.446987920907947,10.721190017877786,4.12520559347432,-5.634642898864012,1.6841534259744676e-14
14.16457003948617,-27.454102268784844,10.720508726188246,4.12501719742178,-5.6345254777710885,5.0524602779234026e-14
14.172438675348904,-27.46121219221075,10.719826474023346,4.124826450032715,-5.634404551043497,0.0
14.180313616117964,-27.468317677389056,10.71914325843503,4.124633344875611,-5.634280111286329,-1.6841534259744676e-14
14.188194879164623,-27.47541871051809,10.718459076475256,4.124437875516289,-5.634152151107223,-3.368306851948935e-14
14.196082481859335,-27.482515277791073,10.717773925195953,4.1242400355179,-5.634020663116389,1.6841534259744676e-14
14.203976441571738,-27.489607365396147,10.717087801649079,4.124039818440892,-5.633885639926596,-1.6841534259744676e-14
14.211876775670637,-27.496694959516383,10.71640070288658,4.123837217843015,-5.633747074153208,-3.368306851948935e-14
14.219783501523976,-27.503778046329693,10.715712625960403,4.123632227279307,-5.633604958414175,0.0
14.227696636498818,-27.510856612008908,10.715023567922488,4.123424840302076,-5.633459285330066,0.0
14.235616197961335,-27.5179306427217,10.714333525824793,4.123215050460883,-5.633310047524055,1.6841534259744676e-14
14.243542203276794,-27.52500012463063,10.713642496719258,4.123002851302544,-5.633157237621953,1.6841534259744676e-14
14.251474669809532,-27.532065043893066,10.712950477657833,4.1227882363711,-5.633000848252203,-3.368306851948935e-14
14.25941361492294,-27.539125386661258,10.712257465692456,4.122571199207821,-5.632840872045911,-3.368306851948935e-14
14.267359055979435,-27.546181139082258,10.711563457875084,4.122351733351179,-5.632677301636835,1.6841534259744676e-14
14.27531101034046,-27.553232287297927,10.710868451257662,4.12212983233684,-5.632510129661409,1.6841534259744676e-14
14.28326949536645,-27.560278817444953,10.710172442892134,4.121905489697653,-5.632339348758759,0.0
14.291234528416824,-27.567320715654795,10.709475429830448,4.121678698963644,-5.6321649515707,0.0
14.29920612684996,-27.57435796805373,10.708777409124549,4.121449453661979,-5.631986930741763,-1.6841534259744676e-14
14.307184308023182,-27.581390560762785,10.708078377826386,4.121217747316984,-5.631805278919196,-1.6841534259744676e-14
14.31516908929273,-27.58841847989774,10.707378332987906,4.120983573450104,-5.631619988752978,-1.6841534259744676e-14
14.323160488013759,-27.595441711569155,10.706677271661052,4.1207469255799,-5.631431052895827,3.368306851948935e-14
14.331158521540306,-27.60246024188232,10.705975190897776,4.120507797222044,-5.631238464003224,5.0524602779234026e-14
14.339163207225265,-27.609474056937238,10.705272087750025,4.120266181889292,-5.631042214733412,0.0
14.3471745624204,-27.616483142828667,10.70456795926974,4.120022073091485,-5.6308422977474155,0.0
14.355192604476294,-27.623487485646045,10.703862802508874,4.119775464335517,-5.630638705709047,-1.6841534259744676e-14
14.36321735074233,-27.63048707147353,10.70315661451937,4.1195263491253415,-5.630431431284918,3.368306851948935e-14
14.371248818566698,-27.637481886389953,10.702449392353177,4.119274720961949,-5.63022046714446,0.0
14.37928702529635,-27.644471916468806,10.70174113306224,4.119020573343349,-5.630005805959921,-3.368306851948935e-14
14.387331988276996,-27.651457147778302,10.701031833698504,4.118763899764569,-5.6297874404064014,3.368306851948935e-14
14.395383724853076,-27.658437566381245,10.700321491313924,4.118504693717622,-5.629565363161831,3.368306851948935e-14
14.40344225236775,-27.66541315833512,10.699610102960435,4.118242948691523,-5.629339566907023,0.0
14.411507588162864,-27.672383909692037,10.698897665689987,4.117978658172244,-5.629110044325649,5.0524602779234026e-14
14.419579749578938,-27.679349806498728,10.698184176554536,4.117711815642713,-5.628876788104266,0.0
14.427658753955145,-27.686310834796522,10.69746963260602,4.117442414582809,-5.628639790932333,-6.73661370389787e-14
14.43574461862931,-27.69326698062138,10.696754030896392,4.117170448469336,-5.6283990455022215,3.368306851948935e-14
14.443837360937856,-27.700218230003816,10.69603736847759,4.116895910776021,-5.628154544509221,-3.368306851948935e-14
14.451936998215803,-27.70716456896895,10.695319642401566,4.116618794973483,-5.627906280651551,5.0524602779234026e-14
14.460043547796744,-27.714105983536424,10.69460084972027,4.116339094529238,-5.6276542466303825,-5.0524602779234026e-14
14.468157027012838,-27.721042459720504,10.693880987485644,4.116056802907678,-5.62739843514985,3.368306851948935e-14
14.476277453194774,-27.727973983529935,10.693160052749635,4.115771913570049,-5.627138838917045,3.368306851948935e-14
14.484404843671745,-27.73490054096804,10.692438042564193,4.11548441997445,-5.6268754506420535,5.0524602779234026e-14
14.492539215771451,-27.74182211803263,10.69171495398126,4.115194315575816,-5.626608263037952,-1.6841534259744676e-14
14.500680586820055,-27.748738700716054,10.690990784052785,4.114901593825897,-5.626337268820828,1.6841534259744676e-14
14.508828974142185,-27.75565027500513,10.690265529830722,4.114606248173252,-5.626062460709782,0.0
14.516984395060893,-27.76255682688119,10.689539188367004,4.114308272063232,-5.625783831426958,0.0
14.525146866897641,-27.769458342320025,10.688811756713587,4.1140076589379655,-5.625501373697537,-6.73661370389787e-14
14.53331640697229,-27.776354807291913,10.688083231922418,4.113704402236348,-5.625215080249761,5.0524602779234026e-14
14.54149303260306,-27.78324620776155,10.68735361104544,4.113398495394021,-5.624924943814942,0.0
14.549676761106534,-27.7901325296881,10.686622891134602,4.1130899318433665,-5.624630957127473,0.0
14.557867609797615,-27.797013759025155,10.68589106924185,4.112778705013489,-5.62433311292485,1.6841534259744676e-14
14.566065595989516,-27.803889881720714,10.685158142419128,4.112464808330196,-5.624031403947666,-1.6841534259744676e-14
14.574270736993723,-27.810760883717194,10.684424107718389,4.112148235215995,-5.623725822939646,1.6841534259744676e-14
14.582483050120016,-27.8176267509514,10.683688962191576,4.111828979090065,-5.623416362647639,5.0524602779234026e-14
14.590702552676385,-27.824487469354533,10.682952702890635,4.111507033368262,-5.623103015821648,1.6841534259744676e-14
14.598929261969067,-27.831343024852142,10.682215326867516,4.111182391463087,-5.622785775214837,3.368306851948935e-14
14.607163195302483,-27.838193403364166,10.681476831174162,4.110855046783675,-5.6224646335835295,-1.6841534259744676e-14
14.615404369979252,-27.845038590804894,10.680737212862521,4.11052499273579,-5.622139583687254,3.368306851948935e-14
14.623652803300134,-27.85187857308291,10.679996468984546,4.110192222721801,-5.621810618288718,-1.6841534259744676e-14
14.631908512564026,-27.85871333610117,10.679254596592173,4.109856730140672,-5.621477730153854,5.0524602779234026e-14
14.640171515067948,-27.86554286575692,10.678511592737356,4.109518508387946,-5.621140912051812,0.0
14.64844182810701,-27.87236714794173,10.677767454472043,4.109177550855729,-5.62080015675498,0.0
14.65671946897438,-27.87918616854142,10.677022178848175,4.108833850932686,-5.620455457038998,-3.368306851948935e-14
14.665004454961293,-27.885999913436148,10.6762757629177,4.108487402004008,-5.620106805682774,1.6841534259744676e-14
14.673296803357006,-27.89280836850028,10.675528203732568,4.108138197451413,-5.619754195468478,6.73661370389787e-14
14.681596531448761,-27.899611519602466,10.674779498344721,4.107786230653126,-5.61939761918159,-5.0524602779234026e-14
14.689903656521807,-27.906409352605596,10.674029643806112,4.107431494983861,-5.619037069610876,0.0
14.698218195859337,-27.91320185336681,10.673278637168686,4.107073983814812,-5.618672539548426,3.368306851948935e-14
14.706540166742483,-27.919989007737417,10.672526475484387,4.106713690513639,-5.618304021789663,-1.6841534259744676e-14
14.714869586450304,-27.926770801563,10.671773155805159,4.106350608444448,-5.617931509133346,1.6841534259744676e-14
14.723206472259728,-27.933547220683266,10.671018675182962,4.105984730967772,-5.617554994381592,0.0
14.731550841445577,-27.94031825093217,10.670263030669727,4.105616051440577,-5.617174470339895,-1.6841534259744676e-14
14.7399027112805,-27.9470838781378,10.66950621931741,4.105244563216221,-5.616789929817125,0.0
14.748262099034973,-27.95384408812241,10.668748238177956,4.1048702596444535,-5.61640136562555,-5.0524602779234026e-14
14.756629021977295,-27.960598866702423,10.66798908430331,4.104493134071406,-5.616008770580852,5.0524602779234026e-14
14.765003497373502,-27.96734819968834,10.667228754745423,4.1041131798395565,-5.61561213750213,0.0
