galstreams/tracks/track.po.PS1-D.bernard2016.ecsv
# %ECSV 0.9
# ---
# datatype:
# - {name: ra, unit: deg, datatype: float64}
# - {name: dec, unit: deg, datatype: float64}
# - {name: distance, unit: kpc, datatype: float64}
# - {name: pm_ra_cosdec, unit: mas / yr, datatype: float64}
# - {name: pm_dec, unit: mas / yr, datatype: float64}
# - {name: radial_velocity, unit: km / s, datatype: float64}
# delimiter: ','
# meta: !!omap
# - __serialized_columns__:
#     dec:
#       __class__: astropy.coordinates.angles.Latitude
#       unit: &id001 !astropy.units.Unit {unit: deg}
#       value: !astropy.table.SerializedColumn {name: dec}
#     distance:
#       __class__: astropy.coordinates.distances.Distance
#       unit: !astropy.units.Unit {unit: kpc}
#       value: !astropy.table.SerializedColumn {name: distance}
#     pm_dec:
#       __class__: astropy.units.quantity.Quantity
#       unit: !astropy.units.Unit {unit: mas / yr}
#       value: !astropy.table.SerializedColumn {name: pm_dec}
#     pm_ra_cosdec:
#       __class__: astropy.units.quantity.Quantity
#       unit: !astropy.units.Unit {unit: mas / yr}
#       value: !astropy.table.SerializedColumn {name: pm_ra_cosdec}
#     ra:
#       __class__: astropy.coordinates.angles.Longitude
#       unit: *id001
#       value: !astropy.table.SerializedColumn {name: ra}
#       wrap_angle: !astropy.coordinates.Angle
#         unit: *id001
#         value: 360.0
#     radial_velocity:
#       __class__: astropy.units.quantity.Quantity
#       unit: !astropy.units.Unit {unit: km / s}
#       value: !astropy.table.SerializedColumn {name: radial_velocity}
# schema: astropy-2.0
ra,dec,distance,pm_ra_cosdec,pm_dec,radial_velocity
138.66263797642594,-21.59912050997048,22.899999999999363,0.0,0.0,0.0
138.67385479189647,-21.373733906683885,22.899999999999427,0.0,0.0,0.0
138.68503712285684,-21.14834656042805,22.89999999999948,0.0,0.0,0.0
138.6961854724747,-20.922958482046123,22.89999999999952,0.0,0.0,0.0
138.70730033877314,-20.697569682270313,22.89999999999956,0.0,0.0,0.0
138.71838221472723,-20.472180171723956,22.8999999999996,0.0,0.0,0.0
138.72943158835952,-20.2467899609236,22.899999999999633,0.0,0.0,0.0
138.7404489428334,-20.021399060281006,22.89999999999966,0.0,0.0,0.0
138.75143475654514,-19.796007480105118,22.899999999999682,0.0,0.0,0.0
138.76238950321388,-19.570615230604034,22.899999999999714,0.0,0.0,0.0
138.77331365197088,-19.345222321886972,22.899999999999732,0.0,0.0,0.0
138.78420766744628,-19.11982876396592,22.89999999999975,0.0,0.0,0.0
138.7950720098552,-18.89443456675783,22.899999999999768,0.0,0.0,0.0
138.80590713508195,-18.669039740086195,22.899999999999782,0.0,0.0,0.0
138.81671349476284,-18.443644293682922,22.899999999999793,0.0,0.0,0.0
138.82749153636792,-18.218248237190085,22.899999999999807,0.0,0.0,0.0
138.83824170328106,-17.99285158016163,22.899999999999817,0.0,0.0,0.0
138.8489644348788,-17.76745433206509,22.89999999999983,0.0,0.0,0.0
138.85966016660814,-17.54205650228328,22.899999999999835,0.0,0.0,0.0
138.87032933006267,-17.316658100115923,22.899999999999842,0.0,0.0,0.0
138.8809723530579,-17.091259134781275,22.899999999999856,0.0,0.0,0.0
138.89158965970515,-16.865859615417712,22.899999999999864,0.0,0.0,0.0
138.90218167048428,-16.640459551085314,22.899999999999867,0.0,0.0,0.0
138.9127488023155,-16.41505895076742,22.899999999999874,0.0,0.0,0.0
138.92329146862977,-16.189657823372105,22.89999999999988,0.0,0.0,0.0
138.93381007943842,-15.96425617773373,22.899999999999885,0.0,0.0,0.0
138.94430504140138,-15.738854022614385,22.899999999999892,0.0,0.0,0.0
138.9547767578949,-15.513451366705375,22.899999999999903,0.0,0.0,0.0
138.96522562907748,-15.288048218628614,22.899999999999906,0.0,0.0,0.0
138.9756520519558,-15.062644586938049,22.89999999999991,0.0,0.0,0.0
138.98605642044873,-14.837240480121066,22.899999999999913,0.0,0.0,0.0
138.99643912545116,-14.611835906599843,22.89999999999992,0.0,0.0,0.0
139.00680055489644,-14.386430874732765,22.89999999999992,0.0,0.0,0.0
139.01714109381828,-14.161025392815521,22.899999999999928,0.0,0.0,0.0
139.0274611244114,-13.935619469082768,22.89999999999993,0.0,0.0,0.0
139.03776102609172,-13.710213111709189,22.899999999999938,0.0,0.0,0.0
139.04804117555554,-13.484806328810835,22.899999999999938,0.0,0.0,0.0
139.0583019468379,-13.259399128446372,22.899999999999938,0.0,0.0,0.0
139.06854371137015,-13.033991518618333,22.89999999999994,0.0,0.0,0.0
139.0787668380369,-12.80858350727435,22.89999999999995,0.0,0.0,0.0
139.0889716932321,-12.583175102308342,22.89999999999995,0.0,0.0,0.0
139.09915864091437,-12.35776631156174,22.899999999999952,0.0,0.0,0.0
139.1093280426618,-12.132357142824633,22.89999999999996,0.0,0.0,0.0
139.11948025772574,-11.906947603836961,22.899999999999956,0.0,0.0,0.0
139.1296156430844,-11.68153770228965,22.89999999999996,0.0,0.0,0.0
139.1397345534953,-11.456127445825741,22.899999999999963,0.0,0.0,0.0
139.14983734154728,-11.230716842041543,22.899999999999963,0.0,0.0,0.0
139.1599243577122,-11.005305898487693,22.899999999999967,0.0,0.0,0.0
139.1699959503955,-10.779894622670302,22.899999999999974,0.0,0.0,0.0
139.18005246598642,-10.554483022052008,22.899999999999974,0.0,0.0,0.0
139.19009424890774,-10.329071104053046,22.899999999999974,0.0,0.0,0.0
139.20012164166502,-10.103658876052378,22.899999999999974,0.0,0.0,0.0
139.21013498489486,-9.878246345388513,22.899999999999977,0.0,0.0,0.0
139.22013461741324,-9.652833519360861,22.89999999999998,0.0,0.0,0.0
139.23012087626282,-9.427420405230569,22.899999999999977,0.0,0.0,0.0
139.2400940967602,-9.202007010221546,22.89999999999998,0.0,0.0,0.0
139.25005461254224,-8.976593341521511,22.89999999999998,0.0,0.0,0.0
139.2600027556124,-8.751179406282954,22.89999999999998,0.0,0.0,0.0
139.2699388563862,-8.525765211624135,22.899999999999984,0.0,0.0,0.0
139.27986324373646,-8.300350764630064,22.899999999999988,0.0,0.0,0.0
139.28977624503818,-8.07493607235346,22.899999999999988,0.0,0.0,0.0
139.29967818621284,-7.849521141815686,22.899999999999988,0.0,0.0,0.0
139.3095693917723,-7.624105980007744,22.899999999999984,0.0,0.0,0.0
139.31945018486252,-7.398690593891175,22.89999999999998,0.0,0.0,0.0
139.3293208873067,-7.173274990399002,22.899999999999988,0.0,0.0,0.0
139.3391818196481,-6.947859176436667,22.899999999999988,0.0,0.0,0.0
139.3490333011927,-6.722443158882933,22.899999999999988,0.0,0.0,0.0
139.35887565005115,-6.497026944590782,22.899999999999988,0.0,0.0,0.0
139.36870918318075,-6.271610540388354,22.899999999999984,0.0,0.0,0.0
139.37853421642706,-6.046193953079804,22.89999999999999,0.0,0.0,0.0
139.38835106456492,-5.820777189446218,22.899999999999995,0.0,0.0,0.0
139.3981600413396,-5.59536025624648,22.899999999999995,0.0,0.0,0.0
139.4079614595073,-5.369943160218158,22.89999999999999,0.0,0.0,0.0
139.4177556308758,-5.144525908078419,22.9,0.0,0.0,0.0
139.42754286634434,-4.919108506524688,22.899999999999995,0.0,0.0,0.0
139.4373234759437,-4.693690962235826,22.899999999999995,0.0,0.0,0.0
139.44709776887584,-4.46827328187278,22.9,0.0,0.0,0.0
139.45686605355326,-4.242855472079476,22.9,0.0,0.0,0.0
139.46662863763845,-4.0174375394836686,22.9,0.0,0.0,0.0
139.47638582808273,-3.792019490697783,22.900000000000006,0.0,0.0,0.0
139.48613793116527,-3.566601332319757,22.900000000000002,0.0,0.0,0.0
139.49588525253168,-3.3411830709338655,22.9,0.0,0.0,0.0
139.50562809723252,-3.1157647131115604,22.900000000000002,0.0,0.0,0.0
139.51536676976167,-2.8903462654122936,22.9,0.0,0.0,0.0
139.52510157409455,-2.664927734384337,22.900000000000002,0.0,0.0,0.0
139.53483281372624,-2.439509126565608,22.900000000000002,0.0,0.0,0.0
139.54456079170927,-2.214090448484487,22.900000000000006,0.0,0.0,0.0
139.55428581069165,-1.9886717066606328,22.900000000000006,0.0,0.0,0.0
139.56400817295443,-1.7632529076057915,22.900000000000002,0.0,0.0,0.0
139.57372818044936,-1.5378340578246121,22.900000000000006,0.0,0.0,0.0
139.5834461348365,-1.3124151638154584,22.900000000000002,0.0,0.0,0.0
139.59316233752156,-1.0869962320712065,22.900000000000002,0.0,0.0,0.0
139.60287708969346,-0.8615772690801172,22.90000000000001,0.0,0.0,0.0
139.6125906923615,-0.636158281326411,22.90000000000001,0.0,0.0,0.0
139.6223034463927,-0.41073927529140986,22.90000000000001,0.0,0.0,0.0
139.6320156525491,-0.18532025745411587,22.900000000000006,0.0,0.0,0.0
139.64172761152489,0.04009876570792889,22.900000000000006,0.0,0.0,0.0
139.65143962398383,0.2655177877178436,22.900000000000002,0.0,0.0,0.0
139.66115199059618,0.49093680209860324,22.90000000000001,0.0,0.0,0.0
139.670865012076,0.7163558023722386,22.90000000000001,0.0,0.0,0.0
139.68057898921842,0.9417747820590419,22.90000000000001,0.0,0.0,0.0
139.69029422293687,1.1671937346767292,22.90000000000001,0.0,0.0,0.0
139.7000110143002,1.3926126537396941,22.90000000000001,0.0,0.0,0.0
139.7097296645702,1.6180315327581654,22.900000000000006,0.0,0.0,0.0
139.71945047523877,1.8434503652373995,22.900000000000006,0.0,0.0,0.0
139.7291737480655,2.068869144676893,22.900000000000013,0.0,0.0,0.0
139.73889978511494,2.2942878645695663,22.90000000000001,0.0,0.0,0.0
139.74862888879437,2.5197065184009495,22.900000000000006,0.0,0.0,0.0
139.75836136189145,2.7451250996483765,22.90000000000001,0.0,0.0,0.0
139.76809750761174,2.970543601780164,22.90000000000001,0.0,0.0,0.0
139.7778376296169,3.195962018254806,22.900000000000013,0.0,0.0,0.0
139.7875820320624,3.421380342520146,22.90000000000001,0.0,0.0,0.0
139.7973310196358,3.646798568012561,22.90000000000001,0.0,0.0,0.0
139.80708489759502,3.872216688156132,22.900000000000013,0.0,0.0,0.0
139.81684397180658,4.097634696361813,22.90000000000001,0.0,0.0,0.0
139.82660854878435,4.323052586026611,22.900000000000013,0.0,0.0,0.0
139.8363789357282,4.548470350532746,22.900000000000006,0.0,0.0,0.0
139.84615544056297,4.773887983246804,22.900000000000013,0.0,0.0,0.0
139.85593837197752,4.9993054775189,22.900000000000013,0.0,0.0,0.0
139.8657280394642,5.224722826681832,22.900000000000013,0.0,0.0,0.0
139.8755247533581,5.4501400240502305,22.900000000000013,0.0,0.0,0.0
139.88532882487718,5.675557062919692,22.900000000000016,0.0,0.0,0.0
139.895140566162,5.900973936565928,22.90000000000002,0.0,0.0,0.0
139.904960290316,6.126390638243883,22.90000000000002,0.0,0.0,0.0
139.91478831144607,6.351807161186877,22.900000000000016,0.0,0.0,0.0
139.9246249447033,6.577223498605724,22.900000000000016,0.0,0.0,0.0
139.93447050632398,6.802639643687834,22.90000000000002,0.0,0.0,0.0
139.944325313671,7.028055589596329,22.90000000000002,0.0,0.0,0.0
139.95418968527545,7.25347132946916,22.90000000000002,0.0,0.0,0.0
139.96406394087867,7.478886856418175,22.900000000000027,0.0,0.0,0.0
139.97394840147436,7.704302163528234,22.900000000000027,0.0,0.0,0.0
139.98384338935136,7.929717243856269,22.900000000000023,0.0,0.0,0.0
139.99374922813672,8.15513209043036,22.900000000000027,0.0,0.0,0.0
140.0036662428387,8.38054669624882,22.900000000000027,0.0,0.0,0.0
140.01359475989085,8.605961054279227,22.900000000000027,0.0,0.0,0.0
140.02353510719595,8.831375157457497,22.900000000000034,0.0,0.0,0.0
140.03348761417055,9.0567889986869,22.90000000000003,0.0,0.0,0.0
140.04345261178986,9.282202570837102,22.90000000000003,0.0,0.0,0.0
140.0534304326332,9.507615866743194,22.90000000000003,0.0,0.0,0.0
140.0634214109298,9.733028879204701,22.900000000000034,0.0,0.0,0.0
140.07342588260488,9.95844160098459,22.900000000000034,0.0,0.0,0.0
140.08344418532667,10.18385402480822,22.900000000000038,0.0,0.0,0.0
140.09347665855333,10.409266143362396,22.900000000000038,0.0,0.0,0.0
140.1035236435809,10.634677949294279,22.900000000000038,0.0,0.0,0.0
140.1135854835914,10.860089435210385,22.900000000000038,0.0,0.0,0.0
140.12366252370157,11.085500593675501,22.900000000000038,0.0,0.0,0.0
140.1337551110123,11.310911417211667,22.900000000000038,0.0,0.0,0.0
140.14386359465834,11.53632189829705,22.900000000000038,0.0,0.0,0.0
140.15398832585888,11.761732029364872,22.90000000000004,0.0,0.0,0.0
140.16412965796837,11.987141802802356,22.90000000000004,0.0,0.0,0.0
140.17428794652844,12.212551210949526,22.900000000000045,0.0,0.0,0.0
140.18446354931984,12.43796024609817,22.90000000000004,0.0,0.0,0.0
140.1946568264157,12.663368900490628,22.900000000000038,0.0,0.0,0.0
140.20486814023474,12.888777166318674,22.900000000000045,0.0,0.0,0.0
140.2150978555957,13.114185035722357,22.900000000000045,0.0,0.0,0.0
140.22534633977224,13.33959250078877,22.900000000000045,0.0,0.0,0.0
140.23561396254857,13.564999553550898,22.900000000000045,0.0,0.0,0.0
140.24590109627584,13.790406185986377,22.90000000000005,0.0,0.0,0.0
140.2562081159292,14.015812390016256,22.900000000000052,0.0,0.0,0.0
140.26653539916578,14.241218157503782,22.900000000000055,0.0,0.0,0.0
140.2768833263833,14.46662348025311,22.900000000000055,0.0,0.0,0.0
140.28725228077963,14.692028350008,22.90000000000006,0.0,0.0,0.0
140.29764264841296,14.91743275845056,22.900000000000063,0.0,0.0,0.0
140.30805481826326,15.1428366971999,22.900000000000066,0.0,0.0,0.0
140.31848918229394,15.368240157810805,22.90000000000007,0.0,0.0,0.0
140.32894613551522,15.593643131772362,22.900000000000073,0.0,0.0,0.0
140.33942607604757,15.819045610506594,22.90000000000008,0.0,0.0,0.0
140.34992940518677,16.044447585367074,22.900000000000084,0.0,0.0,0.0
140.3604565274696,16.269849047637475,22.90000000000009,0.0,0.0,0.0
140.37100785074063,16.49524998853018,22.900000000000095,0.0,0.0,0.0
140.3815837862198,16.720650399184752,22.900000000000105,0.0,0.0,0.0
140.3921847485715,16.946050270666497,22.900000000000112,0.0,0.0,0.0
140.40281115597418,17.17144959396499,22.900000000000116,0.0,0.0,0.0
140.41346343019146,17.396848359992443,22.900000000000123,0.0,0.0,0.0
140.42414199664398,17.622246559582262,22.900000000000134,0.0,0.0,0.0
140.43484728448294,17.847644183487372,22.900000000000144,0.0,0.0,0.0
140.4455797266642,18.073041222378688,22.900000000000155,0.0,0.0,0.0
140.4563397600239,18.298437666843455,22.900000000000162,0.0,0.0,0.0
140.46712782535533,18.523833507383564,22.90000000000018,0.0,0.0,0.0
140.47794436748703,18.749228734413933,22.900000000000183,0.0,0.0,0.0
140.48878983536196,18.974623338260724,22.900000000000194,0.0,0.0,0.0
140.4996646821184,19.200017309159637,22.90000000000021,0.0,0.0,0.0
140.5105693651718,19.425410637254174,22.90000000000022,0.0,0.0,0.0
140.52150434629831,19.650803312593766,22.900000000000233,0.0,0.0,0.0
140.53247009171955,19.876195325131985,22.900000000000247,0.0,0.0,0.0
140.5434670721889,20.10158666472472,22.90000000000026,0.0,0.0,0.0
140.55449576307927,20.32697732112818,22.900000000000276,0.0,0.0,0.0
140.56555664447248,20.5523672839971,22.900000000000293,0.0,0.0,0.0
140.57665020125006,20.777756542882635,22.90000000000031,0.0,0.0,0.0
140.58777692318571,21.003145087230504,22.900000000000325,0.0,0.0,0.0
140.59893730503947,21.228532906378856,22.900000000000347,0.0,0.0,0.0
140.6101318466535,21.45391998955627,22.900000000000368,0.0,0.0,0.0
140.62136105304953,21.6793063258796,22.900000000000396,0.0,0.0,0.0
140.63262543452822,21.904691904351886,22.900000000000418,0.0,0.0,0.0
140.64392550677022,22.130076713860095,22.90000000000045,0.0,0.0,0.0
140.65526179093916,22.355460743173012,22.90000000000048,0.0,0.0,0.0
140.66663481378637,22.580843980938862,22.90000000000052,0.0,0.0,0.0
140.67804510775778,22.806226415683096,22.900000000000563,0.0,0.0,0.0
140.6894932111027,23.031608035805974,22.90000000000062,0.0,0.0,0.0
140.70097966798454,23.25698882958023,22.900000000000674,0.0,0.0,0.0
