galstreams/tracks/track.st.M92.ibata2021.ecsv
# %ECSV 0.9
# ---
# datatype:
# - {name: ra, unit: deg, datatype: float64}
# - {name: dec, unit: deg, datatype: float64}
# - {name: distance, unit: kpc, datatype: float64}
# - {name: pm_ra_cosdec, unit: mas / yr, datatype: float64}
# - {name: pm_dec, unit: mas / yr, datatype: float64}
# - {name: radial_velocity, unit: km / s, datatype: float64}
# delimiter: ','
# meta: !!omap
# - __serialized_columns__:
#     dec:
#       __class__: astropy.coordinates.angles.Latitude
#       unit: &id001 !astropy.units.Unit {unit: deg}
#       value: !astropy.table.SerializedColumn {name: dec}
#     distance:
#       __class__: astropy.coordinates.distances.Distance
#       unit: !astropy.units.Unit {unit: kpc}
#       value: !astropy.table.SerializedColumn {name: distance}
#     pm_dec:
#       __class__: astropy.units.quantity.Quantity
#       unit: !astropy.units.Unit {unit: mas / yr}
#       value: !astropy.table.SerializedColumn {name: pm_dec}
#     pm_ra_cosdec:
#       __class__: astropy.units.quantity.Quantity
#       unit: !astropy.units.Unit {unit: mas / yr}
#       value: !astropy.table.SerializedColumn {name: pm_ra_cosdec}
#     ra:
#       __class__: astropy.coordinates.angles.Longitude
#       unit: *id001
#       value: !astropy.table.SerializedColumn {name: ra}
#       wrap_angle: !astropy.coordinates.Angle
#         unit: *id001
#         value: 360.0
#     radial_velocity:
#       __class__: astropy.units.quantity.Quantity
#       unit: !astropy.units.Unit {unit: km / s}
#       value: !astropy.table.SerializedColumn {name: radial_velocity}
# schema: astropy-2.0
ra,dec,distance,pm_ra_cosdec,pm_dec,radial_velocity
[from data line 832]
259.65874258336265,43.13709627079499,9.309913937152322,-4.972196053123727,-0.604924278871562,2.315710960714893e-14
259.67050610619157,43.13261138396086,9.310637659440252,-4.971335072298161,-0.6034807148218437,-1.894672604221276e-14
259.6822637657962,43.1281208969363,9.31136007542964,-4.970474636640786,-0.6020388912812227,1.0315439734093615e-13
259.69401557605084,43.123624827760125,9.31208117574865,-4.969614751806928,-0.6005988002054355,1.894672604221276e-14
259.7057615508418,43.11912319446436,9.312800951025453,-4.968755423446378,-0.5991604335478016,9.683882199353189e-14
259.71750170406875,43.114616015073935,9.313519391888214,-4.9678966572034176,-0.5977237832591735,-2.1051917824680846e-14
259.7292360496434,43.11010330760707,9.314236488965097,-4.967038458716799,-0.5962888412880114,4.631421921429786e-14
259.7409646014908,43.10558509007492,9.314952232884274,-4.966180833619786,-0.5948555995803252,-2.1051917824680845e-15
259.75268737354793,43.101061380481866,9.315666614273907,-4.96532378754012,-0.5934240500797469,6.73661370389787e-14
259.76440437976487,43.09653219682532,9.316379623762163,-4.964467326100068,-0.5919941847274846,2.1051917824680846e-14
259.7761156341039,43.0919975570958,9.317091251977214,-4.963611454916394,-0.5905659954623704,1.1157516447080849e-13
259.78782115053997,43.087457479277056,9.31780148954722,-4.962756179600395,-0.5891394742208507,2.315710960714893e-14
259.79952094306026,43.082911981345795,9.318510327100347,-4.961901505757885,-0.5877146129369997,1.2631150694808506e-14
259.8112150256644,43.07836108127204,9.319217755264765,-4.961047438989214,-0.5862914035425347,1.368374658604255e-13
259.8229034123646,43.07380479701876,9.319923764668644,-4.96019398488927,-0.5848698379667996,5.0524602779234026e-14
259.8345861171851,43.06924314654223,9.320628345940145,-4.959341149047489,-0.5834499081368153,1.894672604221276e-14
259.84626315416256,43.06467614779176,9.321331489707436,-4.95848893704786,-0.5820316059772501,-2.1051917824680846e-14
259.8579345373458,43.060103818709806,9.322033186598683,-4.957637354468931,-0.580614923410445,3.9998643866893604e-14
259.86960028079585,43.055526177232075,9.322733427242055,-4.956786406883815,-0.5791998523564302,9.894401377599997e-14
259.8812603985861,43.05094324128732,9.323432202265716,-4.955936099860199,-0.5777863847329083,1.1789073981821273e-13
259.8929149048017,43.04635502879757,9.324129502297833,-4.955086438960348,-0.5763745124552926,3.157787673702127e-14
259.90456381354016,43.04176155767792,9.324825317966575,-4.954237429741115,-0.5749642274366977,3.157787673702127e-14
259.9162071389109,43.037162845836676,9.325519639900104,-4.953389077753944,-0.5735555215879464,5.6840178126638284e-14
259.9278448950353,43.03255891117536,9.326212458726593,-4.952541388544875,-0.5721483868175952,9.683882199353189e-14
259.9394770960469,43.02794977158859,9.326903765074201,-4.9516943676545635,-0.5707428150319143,8.21024795162553e-14
259.9511037560909,43.02333544496429,9.3275935495711,-4.950848020618267,-0.56933879813493,2.7367493172085098e-14
259.96272488932453,43.0187159491835,9.328281802845456,-4.950002352965865,-0.5679363280284084,2.315710960714893e-14
259.97434050991683,43.01409130212043,9.328968515525434,-4.9491573702218625,-0.5665353966118671,1.2841669873055315e-13
259.9859506320487,43.009461521642585,9.329653678239204,-4.948313077905395,-0.5651359957825939,1.4736342477276593e-13
259.99755526991277,43.004826625610576,9.330337281614923,-4.947469481530241,-0.5637381174356375,2.947268495455318e-14
260.0091544377132,43.00018663187835,9.331019316280768,-4.946626586604812,-0.5623417534638488,8.420767129872338e-14
260.02074814966625,42.99554155829292,9.331699772864907,-4.945784398632184,-0.5609468957578404,1.2631150694808508e-13
260.03233641999947,42.99089142269468,9.332378641995495,-4.944942923110085,-0.5595535362060375,-2.1051917824680846e-14
260.0439192629521,42.98623624291713,9.333055914300708,-4.944102165530902,-0.5581616666946698,3.368306851948935e-14
260.0554966927751,42.98157603678702,9.33373158040871,-4.943262131381697,-0.5567712791077655,1.4104784942536167e-13
260.06706872373087,42.97691082212442,9.334405630947666,-4.942422826144212,-0.5553823653271837,8.420767129872338e-15
260.07863537009325,42.97224061674252,9.335078056545743,-4.941584255294863,-0.553994917232612,1.6841534259744676e-14
260.0901966461475,42.96756543844787,9.335748847831109,-4.940746424304763,-0.5526089267015741,8.631286308119147e-14
260.10175256619067,42.962885305040174,9.336417995431935,-4.939909338639715,-0.5512243856094228,-2.315710960714893e-14
260.1133031445305,42.95820023431251,9.337085489976376,-4.939073003760227,-0.5498412858293924,1.347322740779574e-13
260.1248483954868,42.95351024405109,9.337751322092608,-4.938237425121517,-0.5484596192325422,9.894401377599997e-14
260.13638833339047,42.94881535203542,9.338415482408793,-4.937402608173515,-0.5470793776878164,7.999728773378721e-14
260.1479229725833,42.94411557603837,9.339077961553105,-4.936568558360866,-0.5457005530620362,1.6841534259744676e-14
260.15945232741876,42.93941093382596,9.3397387501537,-4.935735281122958,-0.5443231372198976,1.0525958912340423e-14
260.17097641226127,42.93470144315762,9.34039783883875,-4.9349027818938955,-0.5429471220239925,2.5262301389617013e-14
260.18249524148655,42.92998712178595,9.341055218236422,-4.93407106610253,-0.5415724993348053,1.473634247727659e-14
260.1940088294815,42.92526798745683,9.341710878974883,-4.933240139172459,-0.540199261010724,1.894672604221276e-14
260.20551719064383,42.920544057909574,9.342364811682296,-4.93241000652203,-0.5388273989080583,8.21024795162553e-14
260.21702033938266,42.91581535087663,9.343017006986832,-4.931580673564352,-0.5374569048810218,2.315710960714893e-14
260.22851829011773,42.91108188408391,9.343667455516655,-4.93075214570729,-0.5360877707817773,9.262843842859572e-14
260.24001105728007,42.906343675250504,9.344316147899931,-4.929924428353489,-0.5347199884604039,9.683882199353189e-14
260.25149865531165,42.901600742088824,9.34496307476483,-4.929097526900365,-0.5333535497649241,9.262843842859572e-14
260.262981098665,42.89685310230473,9.345608226739513,-4.9282714467401165,-0.5319884465413243,6.315575347404254e-14
260.274458401804,42.89210077359721,9.346251594452152,-4.927446193259735,-0.5306246706335292,7.999728773378721e-14
260.28593057920295,42.88734377365876,9.34689316853091,-4.926621771841,-0.529262213883444,7.368171238638296e-14
260.29739764534725,42.88258212017508,9.347532939603957,-4.925798187860497,-0.5279010681309287,1.2841669873055315e-13
260.30885961473274,42.8778158308253,9.34817089829946,-4.924975446689615,-0.5265412252138362,7.157652060391487e-14
260.32031650186633,42.87304492328183,9.348807035245576,-4.924153553694559,-0.5251826769679947,0.0
260.3317683212655,42.86826941521039,9.349441341070483,-4.923332514236351,-0.5238254152272268,8.420767129872338e-15
260.34321508745813,42.86348932427019,9.350073806402344,-4.922512333670837,-0.5224694318233631,1.1368035625327657e-13
260.35465681498323,42.85870466811363,9.350704421869322,-4.921693017348695,-0.5211147185862197,-2.315710960714893e-14
260.3660935183898,42.85391546438661,9.351333178099592,-4.920874570615439,-0.5197612673436547,6.947132882144679e-14
260.3775252122379,42.84912173072827,9.35196006572131,-4.920056998811425,-0.5184090699215194,5.0524602779234026e-14
260.38895191109776,42.84432348477126,9.352585075362647,-4.9192403072718625,-0.5170581181437127,6.315575347404254e-14
260.40037362955024,42.83952074414146,9.353208197651774,-4.918424501326805,-0.5157084038321588,1.1999593160068083e-13
260.4117903821868,42.83471352645818,9.353829423216853,-4.917609586301178,-0.5143599188068113,6.947132882144679e-14
260.42320218360885,42.829901849334185,9.354448742686053,-4.916795567514765,-0.5130126548856973,8.841805486365955e-14
260.43460904842874,42.82508573037552,9.355066146687534,-4.915982450282228,-0.5116666038848754,4.210383564936169e-14
260.4460109912686,42.82026518718172,9.355681625849474,-4.915170239913097,-0.5103217576184798,1.6841534259744676e-14
260.45740802676124,42.81544023734561,9.356295170800028,-4.914358941711801,-0.508978107898705,8.841805486365955e-14
260.4688001695498,42.81061089845347,9.356906772167369,-4.913548560977639,-0.5076356465358158,6.105056169157445e-14
260.48018743428725,42.80577718808505,9.357516420579664,-4.912739103004822,-0.5062943653381713,7.368171238638296e-14
260.4915698356373,42.80093912381338,9.358124106665075,-4.911930573082454,-0.5049542561122037,6.315575347404253e-15
260.5029473882732,42.79609672320501,9.358729821051774,-4.911122976494545,-0.5036153106624544,5.6840178126638284e-14
260.5143201068788,42.79125000381988,9.359333554367925,-4.910316318520023,-0.5022775207915527,1.0946997268834039e-13
260.52568800614813,42.78639898321128,9.359935297241694,-4.909510604432729,-0.500940878300233,1.1789073981821273e-13
260.5370511007849,42.78154367892606,9.360535040301247,-4.9087058395014305,-0.4996053749873563,0.0
260.548409405503,42.776684108504384,9.361132774174756,-4.90790202898982,-0.49827100264989393,8.841805486365955e-14
260.5597629350264,42.771820289479976,9.36172848949038,-4.907099178156531,-0.49693775308294913,1.2631150694808508e-13
260.57111170408905,42.76695223937984,9.362322176876292,-4.906297292255136,-0.4956056180797468,1.347322740779574e-13
260.58245572743476,42.7620799757246,9.362913826960652,-4.905496376534152,-0.4942745894316635,7.578690416885104e-14
260.59379501981726,42.757203516028206,9.363503430371633,-4.904696436237048,-0.49294465892821276,4.4209027431829774e-14
260.60512959600015,42.75232287779807,9.364090977737398,-4.903897476602252,-0.4916158183570578,3.368306851948935e-14
260.6164594707568,42.74743807853515,9.364676459686113,-4.903099502863154,-0.4902880595040297,3.9998643866893604e-14
260.62778465887055,42.74254913573377,9.36525986684595,-4.902302520248112,-0.48896137415310903,3.789345208442552e-14
260.63910517513426,42.73765606688182,9.365841189845066,-4.901506533980462,-0.4876357540864572,5.0524602779234026e-14
260.65042103435087,42.73275888946054,9.366420419311636,-4.900711549278512,-0.48631119108440213,8.420767129872338e-14
260.6617322513327,42.727857620944796,9.366997545873826,-4.8999175713555605,-0.48498767692545874,-3.5788260301957434e-14
260.6730388409019,42.7229522788028,9.367572560159797,-4.8991246054199005,-0.4836652033863301,-2.7367493172085098e-14
260.6843408178902,42.71804288049628,9.368145452797718,-4.898332656674809,-0.48234376224190934,9.683882199353189e-14
260.695638197139,42.71312944348055,9.36871621441576,-4.897541730318572,-0.4810233452652892,8.420767129872338e-14
260.70693099349927,42.70821198520428,9.369284835642084,-4.896751831544485,-0.4797039442277658,1.2841669873055315e-13
260.7182192218315,42.70329052310977,9.369851307104858,-4.895962965540848,-0.4783855508988539,9.894401377599997e-14
260.72950289700555,42.698365074632726,9.370415619432247,-4.895175137490984,-0.47706815704627675,4.210383564936169e-14
260.7407820339011,42.69343565720236,9.370977763252428,-4.89438835257323,-0.4757517544359828,1.347322740779574e-13
260.752056647407,42.6885022882415,9.37153772919355,-4.8936026159609725,-0.47443633483215025,1.2631150694808506e-14
260.76332675242156,42.683564985166335,9.372095507883795,-4.892817932822603,-0.4731218899971909,1.0736478090587231e-13
260.77459236385255,42.678623765386746,9.372651089951322,-4.89203430832157,-0.4718084116917542,5.2629794561702114e-14
260.78585349661705,42.673678646306,9.373204466024301,-4.891251747616361,-0.47049589167473554,4.4209027431829774e-14
260.7971101656415,42.66872964532096,9.373755626730894,-4.890470255860516,-0.4691843217032808,-4.210383564936169e-14
260.8083623858616,42.66377677982199,9.374304562699272,-4.889689838202623,-0.46787369353279706,3.5788260301957434e-14
260.81961017222227,42.658820067193034,9.374851264557595,-4.888910499786334,-0.46656399891694594,6.105056169157445e-14
260.83085353967766,42.65385952481153,9.375395722934039,-4.888132245750361,-0.4652552296076591,1.1368035625327657e-13
260.8420925031914,42.64889517004848,9.37593792845677,-4.887355081228488,-0.46394737735513836,2.1051917824680846e-14
260.85332707773574,42.64392702026846,9.376477871753943,-4.886579011349582,-0.4626404339078711,4.8419410996765944e-14
260.86455727829264,42.63895509282956,9.377015543453735,-4.885804041237577,-0.4613343910126222,1.0946997268834039e-13
260.87578311985277,42.633979405083466,9.377550934184312,-4.8850301760115045,-0.4600292404144443,1.0104920555846805e-13
260.8870046174161,42.6289999743754,9.378084034573838,-4.884257420785472,-0.45872497385668576,2.1051917824680846e-14
260.8982217859915,42.62401681804415,9.378614835250476,-4.883485780668699,-0.45742158308100067,7.368171238638296e-14
260.909434640597,42.61902995342208,9.3791433268424,-4.882715260765488,-0.45611905982733525,7.368171238638296e-14
260.9206431962595,42.61403939783514,9.379669499977771,-4.881945866175262,-0.45481739583395586,8.21024795162553e-14
260.9318474680149,42.60904516860286,9.380193345284761,-4.881177601992544,-0.4535165828374372,6.315575347404254e-14
260.9430474709081,42.60404728303834,9.38071485339153,-4.880410473306979,-0.4522166125726794,7.157652060391487e-14
260.9542432199927,42.59904575844828,9.381234014926253,-4.879644485203324,-0.4509174767729013,-3.5788260301957434e-14
260.96543473033137,42.594040612132936,9.381750820517086,-4.878879642761472,-0.44961916716966144,2.7367493172085098e-14
260.9766220169956,42.589031861386204,9.382265260792204,-4.878115951056439,-0.44832167549284335,6.315575347404254e-14
260.98780509506554,42.58401952349556,9.382777326379767,-4.877353415158377,-0.44702499347067404,5.4734986344170195e-14
260.9989839796303,42.57900361574211,9.383287007907951,-4.876592040132577,-0.4457291128297289,5.2629794561702114e-14
261.0101586857876,42.57398415540052,9.383794296004911,-4.875831831039478,-0.4444340252949315,1.1368035625327657e-13
261.021329228644,42.56896115973908,9.384299181298822,-4.875072792934665,-0.44313972258955425,3.9998643866893604e-14
261.0324956233146,42.56393464601974,9.38480165441785,-4.874314930868879,-0.4418461964352415,9.894401377599997e-14
261.04365788492345,42.558904631498,9.385301705990159,-4.873558249888018,-0.4405534385519872,-3.368306851948935e-14
261.0548160286029,42.553871133423065,9.385799326643912,-4.872802755033151,-0.4392614406581713,1.2631150694808506e-14
261.06597006949397,42.54883416903768,9.386294507007285,-4.872048451340501,-0.43797019447053304,5.2629794561702114e-14
261.07712002274656,42.543793755578314,9.386787237708436,-4.8712953438414806,-0.43667969170419635,-1.6841534259744676e-14
261.0882659035188,42.53874991027497,9.387277509375537,-4.870543437562669,-0.435389924072671,0.0
261.09940772697735,42.53370265035139,9.387765312636754,-4.869792737525833,-0.4341008832878521,9.894401377599997e-14
261.11054550829766,42.52865199302488,9.388250638120248,-4.869043248747927,-0.43281256106002275,7.368171238638296e-14
261.12167926266335,42.523597955506446,9.38873347645419,-4.868294976241093,-0.4315249490978709,8.420767129872338e-14
261.13280900526655,42.518540555000726,9.389213818266748,-4.867547925012675,-0.4302380391084801,-3.368306851948935e-14
261.1439347513078,42.51347980870601,9.389691654186086,-4.866802100065214,-0.42895182279734756,6.105056169157445e-14
261.15505651599625,42.50841573381425,9.390166974840373,-4.866057506396457,-0.4276662918683719,2.7367493172085098e-14
261.1661743145489,42.50334834751108,9.390639770857774,-4.865314148999364,-0.42638143802387407,4.9472006887999985e-14
261.17728816219164,42.49827766697574,9.391110032866452,-4.86457203286211,-0.42509725296458856,1.0315439734093615e-13
261.18839807415833,42.493203709381234,9.39157775149458,-4.86383116296808,-0.4238137283896753,-1.5788938368510635e-14
261.1995040656911,42.488126491894164,9.39204291737032,-4.863091544295896,-0.4225308559967292,4.5261623323063815e-14
261.21060615204044,42.483046031674846,9.392505521121844,-4.862353181819399,-0.4212486274817675,8.420767129872338e-14
