galstreams/tracks/track.st.ACS.ramos2021.ecsv
# %ECSV 0.9
# ---
# datatype:
# - {name: ra, unit: deg, datatype: float64}
# - {name: dec, unit: deg, datatype: float64}
# - {name: distance, unit: kpc, datatype: float64}
# - {name: pm_ra_cosdec, unit: mas / yr, datatype: float64}
# - {name: pm_dec, unit: mas / yr, datatype: float64}
# - {name: radial_velocity, unit: km / s, datatype: float64}
# delimiter: ','
# meta: !!omap
# - __serialized_columns__:
#     dec:
#       __class__: astropy.coordinates.angles.Latitude
#       unit: &id001 !astropy.units.Unit {unit: deg}
#       value: !astropy.table.SerializedColumn {name: dec}
#     distance:
#       __class__: astropy.coordinates.distances.Distance
#       unit: !astropy.units.Unit {unit: kpc}
#       value: !astropy.table.SerializedColumn {name: distance}
#     pm_dec:
#       __class__: astropy.units.quantity.Quantity
#       unit: !astropy.units.Unit {unit: mas / yr}
#       value: !astropy.table.SerializedColumn {name: pm_dec}
#     pm_ra_cosdec:
#       __class__: astropy.units.quantity.Quantity
#       unit: !astropy.units.Unit {unit: mas / yr}
#       value: !astropy.table.SerializedColumn {name: pm_ra_cosdec}
#     ra:
#       __class__: astropy.coordinates.angles.Longitude
#       unit: *id001
#       value: !astropy.table.SerializedColumn {name: ra}
#       wrap_angle: !astropy.coordinates.Angle
#         unit: *id001
#         value: 360.0
#     radial_velocity:
#       __class__: astropy.units.quantity.Quantity
#       unit: !astropy.units.Unit {unit: km / s}
#       value: !astropy.table.SerializedColumn {name: radial_velocity}
# schema: astropy-2.0
ra,dec,distance,pm_ra_cosdec,pm_dec,radial_velocity
[from data line 685]
137.4141338100803,74.1605036942363,11.699999999999905,0.6869175493739742,-0.29804821919642865,-5.262979456170211e-16
137.4020384845176,74.15104427634445,11.699999999999905,0.6869542844014922,-0.29822723727880696,-4.210383564936169e-15
137.38996472735434,74.14158361010091,11.699999999999905,0.6869899973861693,-0.2984080895947519,-1.0525958912340423e-15
137.37791249353808,74.13212169864511,11.699999999999905,0.6870246922945489,-0.29859076632272474,-4.73668151055319e-15
137.36588173811498,74.12265854510748,11.699999999999903,0.6870583730768194,-0.2987752575869774,1.5788938368510633e-15
137.35387241622954,74.11319415260964,11.699999999999907,0.6870910436664808,-0.29896155345820574,2.1051917824680845e-15
137.3418844831245,74.10372852426428,11.699999999999905,0.6871227079800819,-0.2991496439543617,-2.6314897280851058e-15
137.3299178941405,74.09426166317527,11.699999999999909,0.687153369916944,-0.2993395190414443,5.262979456170211e-16
137.31797260471598,74.08479357243765,11.699999999999905,0.6871830333590006,-0.29953116863425794,1.0525958912340423e-15
137.30604857038682,74.07532425513769,11.699999999999909,0.6872117021702733,-0.29972458259711604,1.5788938368510633e-15
137.29414574678623,74.06585371435287,11.699999999999909,0.6872393801969263,-0.2999197507447039,2.1051917824680845e-15
137.28226408964449,74.05638195315198,11.699999999999907,0.6872660712668155,-0.3001166628427569,-3.1577876737021266e-15
137.27040355478866,74.04690897459508,11.699999999999907,0.6872917791892923,-0.3003153086088615,-3.684085619319148e-15
137.25856409814259,74.03743478173362,11.699999999999909,0.6873165077549556,-0.3005156777132081,-1.0525958912340423e-15
137.24674567572623,74.02795937761023,11.699999999999909,0.68734026073546,-0.30071775977932375,5.262979456170211e-16
137.23494824365596,74.01848276525912,11.699999999999909,0.6873630418831607,-0.30092154438487395,-3.684085619319148e-15
137.22317175814408,74.0090049477058,11.699999999999905,0.6873848549309455,-0.3011270210623372,-4.73668151055319e-15
137.21141617549858,73.99952592796728,11.699999999999909,0.6874057035920994,-0.30133417929982925,1.0525958912340423e-15
137.19968145212295,73.99004570905198,11.699999999999909,0.6874255915598786,-0.3015430085417813,1.5788938368510633e-15
137.18796754451606,73.98056429395987,11.699999999999909,0.6874445225074447,-0.3017534981897495,1.0525958912340423e-15
137.17627440927183,73.9710816856824,11.699999999999909,0.6874625000875925,-0.3019656376030945,1.0525958912340423e-15
137.16460200307904,73.96159788720257,11.699999999999909,0.6874795279325375,-0.302179416099804,0.0
137.15295028272115,73.95211290149498,11.699999999999909,0.6874956096537063,-0.3023948229571053,5.262979456170211e-16
137.14131920507597,73.94262673152583,11.699999999999907,0.6875107488414711,-0.30261184741232383,5.789277401787233e-15
137.12970872711563,73.93313938025294,11.699999999999909,0.6875249490650944,-0.30283047866351953,-1.0525958912340423e-15
137.1181188059062,73.92365085062576,11.699999999999909,0.6875382138723501,-0.3030507058702858,-4.210383564936169e-15
137.10654939860757,73.91416114558548,11.699999999999907,0.6875505467894416,-0.303272518154459,-1.0525958912340423e-15
137.09500046247317,73.90467026806499,11.699999999999909,0.6875619513207727,-0.30349590460079057,3.684085619319148e-15
137.08347195484976,73.8951782209889,11.699999999999909,0.6875724309487912,-0.3037208542577579,-2.1051917824680845e-15
137.0719638331774,73.88568500727364,11.69999999999991,0.6875819891336892,-0.3039473561381861,0.0
137.06047605498873,73.87619062982725,11.699999999999909,0.6875906293134213,-0.3041753992200937,5.262979456170211e-16
137.0490085779095,73.86669509154983,11.699999999999909,0.6875983549032848,-0.30440497244724307,1.0525958912340423e-15
137.03756135965764,73.85719839533319,11.699999999999912,0.6876051692959779,-0.3046360647300057,-5.262979456170211e-16
137.02613435804363,73.84770054406104,11.699999999999912,0.6876110758612267,-0.30486866494597803,3.684085619319148e-15
137.01472753096982,73.838201540609,11.699999999999912,0.6876160779457613,-0.3051027619407467,-1.0525958912340423e-15
137.0033408364305,73.8287013878446,11.699999999999914,0.68762017887309,-0.3053383445285097,-5.2629794561702115e-15
136.99197423251167,73.81920008862733,11.69999999999991,0.687623381943315,-0.3055754014928923,1.5788938368510633e-15
136.9806276773906,73.80969764580863,11.699999999999914,0.6876256904330293,-0.30581392158754,-3.684085619319148e-15
136.96930112933597,73.80019406223197,11.699999999999912,0.687627107595129,-0.30605389353689255,-3.1577876737021266e-15
136.95799454670737,73.79068934073284,11.699999999999912,0.6876276366586851,-0.30629530603684507,2.6314897280851058e-15
136.94670788795517,73.78118348413881,11.699999999999912,0.6876272808287378,-0.30653814775543897,3.1577876737021266e-15
136.93544111162046,73.77167649526947,11.699999999999914,0.68762604328624,-0.306782407333536,0.0
136.9241941763346,73.76216837693657,11.699999999999914,0.6876239271878459,-0.3070280733855424,-2.1051917824680845e-15
136.9129670408192,73.75265913194396,11.699999999999914,0.6876209356658141,-0.30727513450008137,-2.6314897280851058e-15
136.90175966388583,73.74314876308767,11.699999999999912,0.687617071827836,-0.3075235792406262,1.0525958912340423e-15
136.89057200443574,73.73363727315589,11.699999999999914,0.6876123387569139,-0.30777339614628435,-5.262979456170211e-16
136.87940402145986,73.72412466492904,11.699999999999912,0.6876067395112989,-0.3080245737322889,-1.0525958912340423e-15
136.8682556740384,73.71461094117979,11.699999999999912,0.6876002771242629,-0.3082771004909459,-2.1051917824680845e-15
136.85712692134072,73.70509610467293,11.699999999999912,0.6875929546040744,-0.3085309648919876,5.789277401787233e-15
136.84601772262508,73.6955801581657,11.69999999999991,0.6875847749337798,-0.30878615538351567,-1.0525958912340423e-15
136.83492803723854,73.68606310440758,11.699999999999912,0.6875757410711658,-0.30904266039247036,2.6314897280851058e-15
136.8238578246166,73.67654494614041,11.699999999999918,0.6875658559486219,-0.3093004683253679,-1.0525958912340423e-15
136.81280704428312,73.6670256860983,11.699999999999914,0.6875551224730692,-0.30955956756905073,-2.1051917824680845e-15
136.80177565585012,73.65750532700788,11.699999999999914,0.6875435435257458,-0.3098199464911379,-2.6314897280851058e-15
136.7907636190175,73.64798387158807,11.699999999999914,0.6875311219622643,-0.3100815934408209,-3.1577876737021266e-15
136.7797708935728,73.63846132255024,11.699999999999914,0.6875178606123445,-0.31034449674951964,-2.6314897280851058e-15
136.76879743939114,73.62893768259826,11.699999999999914,0.687503762279885,-0.3106086447314682,-5.262979456170211e-16
136.75784321643488,73.61941295442846,11.699999999999916,0.6874888297427383,-0.3108740256843479,1.0525958912340423e-15
136.74690818475355,73.60988714072967,11.699999999999918,0.6874730657526391,-0.3111406278900082,-5.262979456170211e-16
136.7359923044835,73.60036024418324,11.699999999999914,0.6874564730352228,-0.3114084396150599,-3.684085619319148e-15
136.7250955358478,73.59083226746304,11.699999999999914,0.6874390542898282,-0.31167744911146605,5.262979456170211e-16
136.714217839156,73.5813032132356,11.699999999999912,0.6874208121894385,-0.3119476446172342,-4.210383564936169e-15
136.70335917480404,73.57177308416003,11.699999999999914,0.687401749380677,-0.312219014357049,-2.1051917824680845e-15
136.69251950327376,73.56224188288793,11.699999999999918,0.6873818684836197,-0.31249154654285805,-3.1577876737021266e-15
136.68169878513302,73.55270961206371,11.699999999999918,0.6873611720917833,-0.31276522937450246,2.1051917824680845e-15
136.6708969810353,73.5431762743244,11.699999999999914,0.6873396627721399,-0.31304005104037647,-4.73668151055319e-15
136.66011405171972,73.53364187229971,11.699999999999918,0.6873173430648449,-0.31331599971795965,0.0
136.64934995801042,73.52410640861206,11.699999999999916,0.6872942154833713,-0.31359306357457556,-3.684085619319148e-15
136.63860466081692,73.51456988587663,11.699999999999918,0.6872702825143644,-0.31387123076782264,1.5788938368510633e-15
136.6278781211335,73.50503230670138,11.699999999999914,0.6872455466175885,-0.31415048944633595,1.0525958912340423e-15
136.61717030003905,73.49549367368701,11.699999999999914,0.6872200102258561,-0.3144308277502863,-1.0525958912340423e-15
136.60648115869714,73.48595398942709,11.699999999999918,0.6871936757450563,-0.31471223381206814,-3.1577876737021266e-15
136.59581065835556,73.47641325650798,11.699999999999918,0.6871665455539678,-0.3149946957568115,-2.1051917824680845e-15
136.58515876034613,73.4668714775089,11.699999999999918,0.6871386220043821,-0.315278201703049,-2.1051917824680845e-15
136.57452542608473,73.45732865500199,11.699999999999918,0.6871099074209072,-0.3155627397632629,-4.210383564936169e-15
136.5639106170708,73.44778479155221,11.699999999999918,0.6870804041010306,-0.3158482980445181,-1.0525958912340423e-15
136.55331429488746,73.43823988971755,11.69999999999992,0.6870501143150194,-0.3161348646489569,3.1577876737021266e-15
136.54273642120097,73.42869395204889,11.699999999999918,0.6870190403059625,-0.3164224276745702,-4.210383564936169e-15
136.53217695776087,73.41914698109007,11.699999999999918,0.686987184289588,-0.3167109752155065,-4.210383564936169e-15
136.52163586639963,73.40959897937795,11.699999999999918,0.6869545484544501,-0.31700049536290525,2.1051917824680845e-15
136.51111310903244,73.40004994944248,11.69999999999992,0.6869211349617137,-0.3172909762053277,2.1051917824680845e-15
136.50060864765686,73.39049989380642,11.69999999999992,0.6868869459451994,-0.31758240582934455,-4.210383564936169e-15
136.49012244435306,73.38094881498581,11.69999999999992,0.686851983511422,-0.3178747723201305,-2.1051917824680845e-15
136.4796544612833,73.37139671548974,11.699999999999921,0.6868162497394664,-0.3181680637620552,-3.1577876737021266e-15
136.46920466069182,73.3618435978203,11.699999999999921,0.6867797466810204,-0.31846226823916335,5.2629794561702115e-15
136.4587730049045,73.35228946447282,11.699999999999921,0.6867424763603879,-0.31875737383576747,-4.210383564936169e-15
136.448359456329,73.34273431793572,11.69999999999992,0.6867044407744302,-0.31905336863709066,-1.0525958912340423e-15
136.4379639774543,73.33317816069064,11.69999999999992,0.6866656418925624,-0.31935024072963586,-1.0525958912340423e-15
136.42758653085056,73.32362099521232,11.699999999999921,0.6866260816568241,-0.31964797820192714,-1.0525958912340423e-15
136.41722707916904,73.31406282396884,11.69999999999992,0.686585761981764,-0.31994656914491365,3.1577876737021266e-15
136.4068855851417,73.30450364942142,11.69999999999992,0.6865446847545019,-0.3202460016525935,0.0
136.3965620115813,73.29494347402458,11.699999999999921,0.6865028518347015,-0.3205462638224938,-1.0525958912340423e-15
136.38625632138093,73.2853823002261,11.69999999999992,0.6864602650546386,-0.32084734375627216,-2.1051917824680845e-15
136.37596847751396,73.27582013046711,11.699999999999921,0.6864169262191231,-0.3211492295601814,-5.2629794561702115e-15
136.36569844303395,73.26625696718197,11.69999999999992,0.6863728371055469,-0.32145190934567003,3.1577876737021266e-15
136.35544618107414,73.25669281279852,11.699999999999921,0.6863279994639206,-0.32175537122981746,-5.2629794561702115e-15
136.34521165484773,73.24712766973788,11.69999999999992,0.6862824150168034,-0.3220596033359622,-1.0525958912340423e-15
136.33499482764714,73.23756154041448,11.699999999999923,0.6862360854594348,-0.32236459379412025,1.0525958912340423e-15
136.32479566284437,73.2279944272363,11.699999999999921,0.6861890124596848,-0.3226703307415824,1.0525958912340423e-15
136.31461412389038,73.21842633260468,11.699999999999921,0.6861411976580342,-0.3229768023233828,-2.1051917824680845e-15
136.30445017431526,73.20885725891445,11.699999999999923,0.6860926426676983,-0.3232839966928109,1.0525958912340423e-15
136.29430377772775,73.19928720855387,11.699999999999921,0.686043349074581,-0.3235919020119565,-1.0525958912340423e-15
136.28417489781518,73.18971618390472,11.699999999999921,0.6859933184373309,-0.3239005064521473,-1.0525958912340423e-15
136.27406349834337,73.18014418734226,11.699999999999923,0.6859425522873609,-0.32420979819450607,2.1051917824680845e-15
136.26396954315624,73.17057122123533,11.699999999999923,0.6858910521288534,-0.3245197654304359,-1.0525958912340423e-15
136.25389299617586,73.16099728794632,11.699999999999921,0.6858388194388422,-0.3248303963620719,0.0
136.24383382140206,73.1514223898311,11.699999999999921,0.6857858556672479,-0.3251416792028279,1.0525958912340423e-15
136.23379198291244,73.14184652923927,11.699999999999921,0.6857321622368658,-0.32545360217788327,2.1051917824680845e-15
136.22376744486195,73.13226970851399,11.699999999999921,0.6856777405434618,-0.32576615352461824,-3.1577876737021266e-15
136.213760171483,73.12269192999204,11.699999999999925,0.6856225919557437,-0.3260793214931114,0.0
136.20377012708502,73.11311319600385,11.699999999999925,0.6855667178155309,-0.3263930943466329,3.1577876737021266e-15
136.19379727605437,73.1035335088736,11.699999999999925,0.6855101194376538,-0.3267074603621288,0.0
136.1838415828543,73.09395287091907,11.699999999999925,0.6854527981101062,-0.32702240783067427,0.0
136.1739030120245,73.0843712844518,11.699999999999925,0.6853947550940592,-0.32733792505792053,0.0
136.1639815281812,73.07478875177716,11.699999999999925,0.6853359916239186,-0.3276540003645967,-1.0525958912340423e-15
136.1540770960167,73.06520527519406,11.699999999999923,0.6852765089073702,-0.3279706220869666,0.0
136.1441896802994,73.05562085699538,11.699999999999925,0.6852163081254625,-0.32828777857725905,-2.1051917824680845e-15
136.13431924587366,73.0460354994677,11.699999999999925,0.6851553904326337,-0.32860545820413795,-2.1051917824680845e-15
136.12446575765944,73.03644920489148,11.699999999999925,0.6850937569567832,-0.3289236493531745,2.1051917824680845e-15
136.1146291806522,73.026861975541,11.699999999999923,0.6850314087993844,-0.3292423404272418,-1.0525958912340423e-15
136.1048094799228,73.01727381368434,11.699999999999923,0.684968347035457,-0.3295615198470277,0.0
136.09500662061723,73.00768472158352,11.699999999999925,0.6849045727137206,-0.32988117605142175,2.1051917824680845e-15
136.08522056795636,72.99809470149441,11.699999999999925,0.6848400868565738,-0.33020129749800103,3.1577876737021266e-15
136.075451287236,72.98850375566687,11.699999999999925,0.684774890460283,-0.33052187266339705,-2.1051917824680845e-15
136.06569874382654,72.97891188634459,11.699999999999925,0.6847089844949262,-0.3308428900438064,-2.1051917824680845e-15
136.05596290317285,72.96931909576529,11.699999999999925,0.6846423699045927,-0.33116433815536395,1.0525958912340423e-15
136.04624373079398,72.95972538616064,11.699999999999926,0.6845750476073528,-0.3314862055345885,-4.210383564936169e-15
136.0365411922832,72.95013075975629,11.699999999999925,0.6845070184953918,-0.33180848073881336,0.0
136.02685525330762,72.94053521877193,11.699999999999925,0.6844382834350685,-0.3321311523465681,-4.210383564936169e-15
136.0171858796082,72.93093876542129,11.699999999999925,0.68436884326705,-0.33245420895806527,4.210383564936169e-15
136.0075330369993,72.92134140191203,11.699999999999925,0.6842986988062933,-0.33277763919551573,-3.1577876737021266e-15
135.99789669136885,72.911743130446,11.699999999999926,0.6842278508422414,-0.3331014317036351,-2.1051917824680845e-15
135.98827680867805,72.90214395321914,11.699999999999925,0.6841563001388205,-0.33342557514996723,0.0
135.97867335496102,72.89254387242144,11.699999999999925,0.6840840474345911,-0.3337500582253589,2.1051917824680845e-15
135.9690862963248,72.88294289023705,11.699999999999925,0.6840110934427921,-0.3340748696443087,-1.0525958912340423e-15
135.95951559894925,72.87334100884424,11.699999999999928,0.6839374388514896,-0.3343999981453784,-7.368171238638296e-15
135.94996122908665,72.86373823041542,11.699999999999925,0.6838630843235919,-0.3347254324915839,-2.1051917824680845e-15
