galstreams/tracks/track.st.Turranburra.shipp2019.ecsv
# %ECSV 0.9
# ---
# datatype:
# - {name: ra, unit: deg, datatype: float64}
# - {name: dec, unit: deg, datatype: float64}
# - {name: distance, unit: kpc, datatype: float64}
# - {name: pm_ra_cosdec, unit: mas / yr, datatype: float64}
# - {name: pm_dec, unit: mas / yr, datatype: float64}
# - {name: radial_velocity, unit: km / s, datatype: float64}
# delimiter: ','
# meta: !!omap
# - __serialized_columns__:
#     dec:
#       __class__: astropy.coordinates.angles.Latitude
#       unit: &id001 !astropy.units.Unit {unit: deg}
#       value: !astropy.table.SerializedColumn {name: dec}
#     distance:
#       __class__: astropy.coordinates.distances.Distance
#       unit: !astropy.units.Unit {unit: kpc}
#       value: !astropy.table.SerializedColumn {name: distance}
#     pm_dec:
#       __class__: astropy.units.quantity.Quantity
#       unit: !astropy.units.Unit {unit: mas / yr}
#       value: !astropy.table.SerializedColumn {name: pm_dec}
#     pm_ra_cosdec:
#       __class__: astropy.units.quantity.Quantity
#       unit: !astropy.units.Unit {unit: mas / yr}
#       value: !astropy.table.SerializedColumn {name: pm_ra_cosdec}
#     ra:
#       __class__: astropy.coordinates.angles.Longitude
#       unit: *id001
#       value: !astropy.table.SerializedColumn {name: ra}
#       wrap_angle: !astropy.coordinates.Angle
#         unit: *id001
#         value: 360.0
#     radial_velocity:
#       __class__: astropy.units.quantity.Quantity
#       unit: !astropy.units.Unit {unit: km / s}
#       value: !astropy.table.SerializedColumn {name: radial_velocity}
# schema: astropy-2.0
ra,dec,distance,pm_ra_cosdec,pm_dec,radial_velocity
[from data line 1079]
69.8963827195096,-23.703501527560846,27.500000000004217,0.37190466392481314,-0.7962914571760841,-2.1669328470643085e-09
69.9056787022182,-23.708786928866974,27.500000000004196,0.3718452439573747,-0.7958664181317276,-2.1617035506766577e-09
69.91497453875988,-23.71407327695772,27.500000000004178,0.3717856729109647,-0.7954411016017883,-2.1564574127547472e-09
69.92427022950918,-23.7193605718249,27.50000000000416,0.37172595071570036,-0.7950155076147807,-2.1512112748328368e-09
69.93356577484067,-23.724648813460323,27.500000000004135,0.3716660773016884,-0.7945896361992373,-2.1459230330752772e-09
69.94286117512908,-23.729938001855825,27.50000000000412,0.3716060525990239,-0.7941634873837059,-2.140651632851977e-09
69.95215643074921,-23.735228137003237,27.5000000000041,0.37154587653779025,-0.7937370611967527,-2.1353297080258975e-09
69.96145154207598,-23.740519218894384,27.50000000000408,0.3714855490480586,-0.7933103576669582,-2.130016203966948e-09
69.97074650948441,-23.745811247521107,27.50000000000406,0.37142507005988895,-0.7928833768229214,-2.1246690168394794e-09
69.98004133334965,-23.751104222875245,27.500000000004047,0.3713644395033307,-0.7924561186932569,-2.11933867124627e-09
69.98933601404693,-23.75639814494866,27.500000000004025,0.37130365730842,-0.7920285833065962,-2.1139578010502817e-09
69.99863055195159,-23.761693013733176,27.500000000004,0.3712427234051828,-0.7916007706915882,-2.1085685100871634e-09
70.0079249474391,-23.76698882922067,27.500000000003986,0.37118163772363233,-0.7911726808768966,-2.103179219124045e-09
70.017219200885,-23.772285591402984,27.50000000000397,0.3711204001937714,-0.7907443138912033,-2.0977815073937967e-09
70.02651331266499,-23.777583300271992,27.500000000003944,0.3710590107455902,-0.7903156697632067,-2.0923416918278993e-09
70.03580728315481,-23.78288195581955,27.500000000003926,0.370997469309068,-0.789886748521621,-2.086901876262002e-09
70.04510111273038,-23.788181558037532,27.500000000003908,0.3709357758141729,-0.7894575501951778,-2.0814367983947146e-09
70.05439480176767,-23.79348210691782,27.500000000003887,0.37087393019086046,-0.7890280748126253,-2.0759632997602977e-09
70.06368835064279,-23.798783602452264,27.500000000003872,0.3708119323690747,-0.7885983224027275,-2.070464538824491e-09
70.07298175973193,-23.80408604463277,27.500000000003855,0.37074978227874944,-0.7881682929942666,-2.064982619422944e-09
70.08227502941142,-23.809389433451212,27.500000000003833,0.37068747984980566,-0.7877379866160399,-2.059458596185748e-09
70.09156816005768,-23.814693768899488,27.500000000003812,0.37062502501215366,-0.787307403296863,-2.053909310647162e-09
70.10086115204722,-23.81999905096947,27.500000000003787,0.37056241769569126,-0.7868765430655661,-2.048376866642836e-09
70.1101540057567,-23.82530527965307,27.500000000003773,0.3704996578303053,-0.7864454059509978,-2.0427981084192956e-09
70.11944672156285,-23.830612454942184,27.500000000003748,0.37043674534587145,-0.786013991982023,-2.03722356057932e-09
70.12873929984254,-23.835920576828702,27.500000000003734,0.37037368017225325,-0.7855823011875226,-2.0316279608215198e-09
70.13803174097269,-23.84122964530454,27.50000000000372,0.3703104622393031,-0.7851503335963954,-2.02600709876233e-09
70.14732404533041,-23.846539660361607,27.5000000000037,0.3702470914768615,-0.7847180892375556,-2.02039465747027e-09
70.15661621329285,-23.85185062199181,27.500000000003684,0.37018356781475814,-0.7842855681399353,-2.0147443227261257e-09
70.16590824523729,-23.857162530187072,27.50000000000366,0.37011989118281075,-0.7838527703324827,-2.0090939879819816e-09
70.17520014154113,-23.862475384939298,27.500000000003634,0.37005606151082526,-0.7834196958441622,-2.003439442854272e-09
70.18449190258187,-23.867789186240426,27.500000000003617,0.36999207872859635,-0.782986344703956,-1.9977385835073484e-09
70.19378352873713,-23.873103934082362,27.500000000003595,0.3699279427659076,-0.7825527169408623,-1.99204193454399e-09
70.20307502038459,-23.878419628457046,27.500000000003578,0.36986365355253076,-0.7821188125838965,-1.9863200232792416e-09
70.21236637790209,-23.883736269356405,27.500000000003556,0.3697992110182259,-0.7816846316620905,-1.9805981120144934e-09
70.22165760166754,-23.889053856772378,27.500000000003542,0.36973461509274186,-0.7812501742044923,-1.9748509384483557e-09
70.23094869205902,-23.89437239069689,27.50000000000352,0.3696698657058162,-0.7808154402401679,-1.9691037648822176e-09
70.24023964945467,-23.8996918711219,27.500000000003503,0.36960496278717475,-0.7803804297981995,-1.9633102770968656e-09
70.2495304742327,-23.905012298039324,27.50000000000348,0.36953990626653227,-0.779945142907686,-1.957533630845773e-09
70.2588211667715,-23.910333671441133,27.500000000003464,0.36947469607359057,-0.7795095795977426,-1.951727511909726e-09
70.26811172744954,-23.915655991319262,27.50000000000344,0.369409332138042,-0.7790737398975022,-1.9459087618229843e-09
70.27740215664541,-23.92097925766566,27.500000000003425,0.36934381438956637,-0.7786376238361141,-1.9400731702019828e-09
70.28669245473777,-23.926303470472288,27.500000000003403,0.3692781427578324,-0.7782012314427439,-1.9342207370467216e-09
70.29598262210544,-23.931628629731094,27.500000000003386,0.3692123171724966,-0.7777645627465741,-1.9283683038914603e-09
70.30527265912731,-23.93695473543405,27.500000000003357,0.36914633756320553,-0.7773276177768054,-1.922494818818374e-09
70.3145625661824,-23.942281787573105,27.500000000003343,0.3690802038595924,-0.7768903965626529,-1.9165960714438986e-09
70.32385234364985,-23.947609786140223,27.500000000003325,0.36901391599128064,-0.7764528991333504,-1.910697324069423e-09
70.33314199190883,-23.952938731127382,27.500000000003304,0.36894747388788135,-0.776015125518148,-1.9047817351606878e-09
70.34243151133872,-23.95826862252654,27.50000000000328,0.36888087747899434,-0.7755770757463124,-1.8988535151012576e-09
70.35172090231896,-23.96359946032968,27.500000000003265,0.36881412669420793,-0.7751387498471267,-1.8928663496719186e-09
70.3610101652291,-23.968931244528754,27.50000000000324,0.3687472214630997,-0.7747001478498917,-1.8869128673110987e-09
70.37029930044882,-23.97426397511576,27.500000000003226,0.36868016171523493,-0.7742612697839248,-1.8809214914981945e-09
70.37958830835785,-23.979597652082667,27.500000000003197,0.3686129473801675,-0.7738221156785595,-1.8749301156852902e-09
70.38887718933611,-23.984932275421453,27.500000000003183,0.3685455783874407,-0.7733826855631474,-1.8689303191052564e-09
70.39816594376357,-23.990267845124105,27.500000000003162,0.3684780546665855,-0.7729429794670559,-1.8629263121416573e-09
70.40745457202036,-23.995604361182608,27.500000000003148,0.36841037614712185,-0.7725029974196692,-1.8568633598081493e-09
70.41674307448663,-24.00094182358895,27.500000000003126,0.3683425427585585,-0.7720627394503893,-1.850808828241771e-09
70.42603145154274,-24.006280232335115,27.50000000000311,0.3682745544303924,-0.7716222055886343,-1.8447711382096527e-09
70.43531970356909,-24.011619587413097,27.500000000003084,0.36820641109210944,-0.7711813958638396,-1.8386871339583198e-09
70.44460783094621,-24.016959888814895,27.500000000003062,0.3681381126731837,-0.7707403103054569,-1.8325778674055976e-09
70.45389583405476,-24.022301136532498,27.500000000003045,0.36806965910307843,-0.7702989489429547,-1.8264601800857452e-09
70.46318371327548,-24.0276433305579,27.50000000000302,0.36800105031124486,-0.7698573118058198,-1.820338282382328e-09
70.47247146898924,-24.032986470883106,27.500000000003006,0.36793228622712304,-0.7694153989235539,-1.814216384678911e-09
70.481759101577,-24.038330557500107,27.500000000002984,0.36786336678014225,-0.7689732103256771,-1.8080650142905391e-09
70.49104661141983,-24.043675590400913,27.500000000002963,0.3677942918997196,-0.7685307460417254,-1.8018968023679077e-09
70.50033399889894,-24.049021569577533,27.50000000000295,0.36772506151526074,-0.7680880061012522,-1.7957117489110164e-09
70.50962126439559,-24.054368495021972,27.50000000000292,0.36765567555616135,-0.7676449905338284,-1.7895098539198653e-09
70.51890840829121,-24.05971636672622,27.500000000002903,0.3675861339518035,-0.7672016993690403,-1.7833079589287144e-09
70.52819543096732,-24.065065184682307,27.500000000002885,0.3675164366315597,-0.7667581326364921,-1.777068170485479e-09
70.53748233280551,-24.07041494888223,27.50000000000286,0.36744658352479054,-0.7663142903658049,-1.7708410131929385e-09
70.54676911418755,-24.075765659318005,27.500000000002842,0.36737657456084516,-0.7658701725866164,-1.7645928039825732e-09
70.55605577549527,-24.08111731598165,27.50000000000282,0.36730640966906075,-0.7654257793285815,-1.758331963621513e-09
70.56534231711062,-24.086469918865184,27.5000000000028,0.36723608877876496,-0.7649811106213726,-1.7520374401919335e-09
70.57462873941564,-24.091823467960605,27.500000000002775,0.36716561181927204,-0.7645361664946775,-1.7457513375294837e-09
70.58391504279254,-24.097177963259945,27.50000000000276,0.36709497871988583,-0.7640909469782018,-1.7394441829492094e-09
70.59320122762357,-24.102533404755217,27.500000000002736,0.3670241894098989,-0.7636454521016682,-1.7331243972182403e-09
70.60248729429112,-24.107889792438446,27.50000000000272,0.36695324381859257,-0.7631996818948168,-1.726800401103706e-09
70.61177324317771,-24.113247126301655,27.5000000000027,0.36688214187523593,-0.7627536363874033,-1.7204469323042174e-09
70.62105907466592,-24.118605406336854,27.500000000002682,0.3668108835090883,-0.7623073156092016,-1.7140850427375988e-09
70.63034478913849,-24.123964632536087,27.500000000002657,0.36673946864939583,-0.761860719590002,-1.7076978908695907e-09
70.63963038697823,-24.129324804891368,27.500000000002643,0.3666678972253949,-0.7614138483596118,-1.7013065286180176e-09
70.6489158685681,-24.134685923394716,27.50000000000262,0.36659616916631,-0.7609667019478557,-1.69488569368149e-09
70.65820123429111,-24.14004798803817,27.500000000002597,0.3665242844013535,-0.7605192803845747,-1.688473279512092e-09
70.66748648453044,-24.145410998813748,27.50000000000258,0.3664522428597279,-0.7600715836996268,-1.6820608653426944e-09
70.67677161966938,-24.150774955713484,27.500000000002558,0.36638004447062333,-0.7596236119228881,-1.6756105577212121e-09
70.68605664009125,-24.156139858729414,27.500000000002537,0.3663076891632191,-0.7591753650842505,-1.6691434085654703e-09
70.69534154617959,-24.161505707853557,27.500000000002515,0.3662351768666829,-0.7587268432136234,-1.6626552074919035e-09
70.70462633831795,-24.16687250307795,27.500000000002494,0.36616250751017154,-0.7582780463409331,-1.6561838479525966e-09
70.71391101689008,-24.172240244394622,27.500000000002473,0.36608968102283007,-0.7578289744961231,-1.6496872261119002e-09
70.72319558227976,-24.177608931795614,27.500000000002448,0.36601669733379233,-0.7573796277091537,-1.643165341969814e-09
70.73248003487093,-24.18297856527295,27.50000000000243,0.3659435563721813,-0.7569300060100024,-1.636635037060598e-09
70.74176437504762,-24.188349144818673,27.50000000000241,0.3658702580671081,-0.7564801094286633,-1.6301005217678171e-09
70.751048603194,-24.193720670424803,27.50000000000239,0.36579680234767237,-0.7560299379951482,-1.6235239026393867e-09
70.76033271969429,-24.1990931420834,27.500000000002373,0.36572318914296365,-0.7555794917394857,-1.6169514938945215e-09
70.76961672493287,-24.204466559786475,27.50000000000234,0.36564941838205905,-0.7551287706917211,-1.610387505916786e-09
70.77890061929422,-24.209840923526073,27.500000000002327,0.36557548999402467,-0.7546777748819171,-1.603785624486966e-09
70.78818440316293,-24.21521623329424,27.50000000000231,0.36550140390791586,-0.7542265043401535,-1.5971795326735812e-09
70.79746807692369,-24.220592489082996,27.50000000000229,0.3654271600527759,-0.7537749590965268,-1.5905481785588067e-09
70.80675164096132,-24.225969690884387,27.500000000002267,0.36535275835763714,-0.753323139181151,-1.5839168244440323e-09
70.81603509566072,-24.231347838690457,27.50000000000224,0.3652781987515208,-0.7528710446241573,-1.5772559976443033e-09
70.82531844140692,-24.236726932493227,27.500000000002224,0.3652034811634367,-0.7524186754556932,-1.570607801995269e-09
70.83460167858506,-24.242106972284756,27.500000000002203,0.3651286055223834,-0.7519660317059236,-1.5639217128941504e-09
70.8438848075804,-24.247487958057068,27.50000000000218,0.3650535717573486,-0.751513113405031,-1.5572356237930318e-09
70.85316782877828,-24.252869889802202,27.500000000002167,0.3649783797973073,-0.7510599205832144,-1.5505369035412183e-09
70.8624507425642,-24.258252767512204,27.50000000000214,0.3649030295712258,-0.7506064532706908,-1.5438087106044504e-09
70.87173354932372,-24.2636365911791,27.50000000000212,0.3648275210080564,-0.7501527114976925,-1.5370763072841174e-09
70.88101624944252,-24.26902136079494,27.500000000002096,0.364751854036742,-0.7496986952944709,-1.5303228520459597e-09
70.89029884330643,-24.274407076351764,27.50000000000208,0.36467602858621356,-0.7492444046912935,-1.5235609760406722e-09
70.89958133130133,-24.2797937378416,27.500000000002053,0.3646000445853909,-0.7487898397184449,-1.516790679268255e-09
70.90886371381326,-24.285181345256493,27.500000000002036,0.3645239019631826,-0.748335000406227,-1.5100203824958375e-09
70.91814599122836,-24.290569898588483,27.500000000002014,0.3644476006484856,-0.747879886784959,-1.5032079818877708e-09
70.92742816393287,-24.2959593978296,27.500000000001997,0.36437114057018694,-0.7474244988849772,-1.496399791663269e-09
70.93671023231315,-24.301349842971874,27.50000000000197,0.3642945216571605,-0.7469688367366344,-1.489595811822332e-09
70.94599219675564,-24.30674123400737,27.50000000000195,0.3642177438382704,-0.7465129003703017,-1.482741307378616e-09
70.95527405764695,-24.3121335709281,27.500000000001936,0.36414080704236906,-0.7460566898163662,-1.4758994340855947e-09
70.96455581537376,-24.31752685372611,27.500000000001904,0.3640637111982976,-0.7456002051052335,-1.469023877724054e-09
70.97383747032286,-24.322921082393435,27.50000000000189,0.3639864562348861,-0.7451434462673245,-1.4621525317460782e-09
70.98311902288117,-24.328316256922108,27.500000000001865,0.3639090420809533,-0.744686413333079,-1.4552643442338426e-09
70.99240047343571,-24.333712377304167,27.500000000001847,0.3638314686653065,-0.7442291063329531,-1.4483593151873474e-09
71.00168182237361,-24.33910944353165,27.500000000001826,0.36375373591674226,-0.7437715252974201,-1.4414290238394625e-09
71.01096307008211,-24.34450745559658,27.500000000001805,0.363675843764046,-0.743313670256971,-1.4345113636422724e-09
71.02024421694857,-24.349906413490995,27.500000000001787,0.3635977921359909,-0.7428555412421133,-1.4275894930615173e-09
71.02952526336047,-24.355306317206928,27.500000000001766,0.3635195809613403,-0.7423971382833725,-1.4206297290286777e-09
71.03880620970536,-24.36070716673643,27.50000000000174,0.3634412101688453,-0.7419384614112905,-1.4136447026944486e-09
71.04808705637095,-24.366108962071493,27.500000000001723,0.36336267968724667,-0.7414795106564268,-1.4066723075109143e-09
71.05736780374501,-24.371511703204177,27.500000000001698,0.3632839894452732,-0.7410202860493584,-1.3996872811766851e-09
71.0666484522155,-24.3769153901265,27.500000000001673,0.36320513937164306,-0.7405607876206786,-1.3926727821575016e-09
71.07592900217041,-24.382320022830495,27.50000000000166,0.3631261293950626,-0.7401010154009989,-1.385641441604058e-09
71.08520945399789,-24.387725601308187,27.500000000001638,0.3630469594442276,-0.7396409694209476,-1.3786143114341796e-09
71.09448980808615,-24.3931321255516,27.500000000001613,0.3629676294478228,-0.7391806497111705,-1.3715787604971713e-09
71.1037700648236,-24.398539595552762,27.500000000001588,0.3628881393345208,-0.7387200563023298,-1.3645179472587734e-09
71.1130502245987,-24.403948011303697,27.500000000001567,0.3628084890329841,-0.738259189225106,-1.3574529236368105e-09
71.12233028779998,-24.409357372796432,27.50000000000155,0.36272867847186274,-0.7377980485101965,-1.350366848097023e-09
71.1316102548162,-24.414767680022983,27.500000000001524,0.36264870757979734,-0.7373366341883155,-1.3432807725572353e-09
