galstreams/tracks/track.st.NGC2808.ibata2024.ecsv
# %ECSV 1.0
# ---
# datatype:
# - {name: ra, unit: deg, datatype: float64}
# - {name: dec, unit: deg, datatype: float64}
# - {name: distance, unit: kpc, datatype: float64}
# - {name: pm_ra_cosdec, unit: mas / yr, datatype: float64}
# - {name: pm_dec, unit: mas / yr, datatype: float64}
# - {name: radial_velocity, unit: km / s, datatype: float64}
# delimiter: ','
# meta: !!omap
# - __serialized_columns__:
#     dec:
#       __class__: astropy.coordinates.angles.Latitude
#       unit: &id001 !astropy.units.Unit {unit: deg}
#       value: !astropy.table.SerializedColumn {name: dec}
#     distance:
#       __class__: astropy.coordinates.distances.Distance
#       unit: !astropy.units.Unit {unit: kpc}
#       value: !astropy.table.SerializedColumn {name: distance}
#     pm_dec:
#       __class__: astropy.units.quantity.Quantity
#       unit: !astropy.units.Unit {unit: mas / yr}
#       value: !astropy.table.SerializedColumn {name: pm_dec}
#     pm_ra_cosdec:
#       __class__: astropy.units.quantity.Quantity
#       unit: !astropy.units.Unit {unit: mas / yr}
#       value: !astropy.table.SerializedColumn {name: pm_ra_cosdec}
#     ra:
#       __class__: astropy.coordinates.angles.Longitude
#       unit: *id001
#       value: !astropy.table.SerializedColumn {name: ra}
#       wrap_angle: !astropy.coordinates.Angle
#         unit: *id001
#         value: 360.0
#     radial_velocity:
#       __class__: astropy.units.quantity.Quantity
#       unit: !astropy.units.Unit {unit: km / s}
#       value: !astropy.table.SerializedColumn {name: radial_velocity}
# schema: astropy-2.0
ra,dec,distance,pm_ra_cosdec,pm_dec,radial_velocity
[from data line 1129]
150.47668357799407,-67.66221603921652,1.0000000000000009,1.420841949325489,0.4150222430201618,73.93195551628324
150.49840865522538,-67.66917615243146,1.0000000000000009,1.4217430514789537,0.4152083527687003,73.88366508942143
150.52013410160714,-67.6761470167455,1.0000000000000007,1.4226431962939086,0.41539494248748454,73.83538267768188
150.5418599289601,-67.6831286576233,1.0000000000000009,1.423542375225239,0.4155820136984101,73.78710840746574
150.56358614921115,-67.6901211005319,1.0000000000000009,1.42444057972453,0.4157695679147224,73.73884240517431
150.5853127743935,-67.6971243709406,1.0000000000000009,1.4253378012400844,0.4159576066410109,73.69058479720877
150.60703981664702,-67.70413849432097,1.0000000000000009,1.4262340312169117,0.41614613137321754,73.64233570997038
150.62876728821837,-67.7111634961468,1.0000000000000009,1.4271292610967488,0.41633514359864954,73.59409526986036
150.65049520146127,-67.71819940189404,1.0000000000000007,1.4280234823180609,0.4165246447959978,73.54586360327991
150.6722235688367,-67.72524623704084,1.0000000000000009,1.4289166863160399,0.4167146364353149,73.49764083663032
150.6939524029132,-67.73230402706749,1.0000000000000009,1.4298088645226232,0.4169051199780558,73.44942709631276
150.71568171636704,-67.73937279745635,1.0000000000000009,1.4307000083664894,0.41709609687707516,73.4012225087285
150.73741152198255,-67.74645257369185,1.0000000000000009,1.4315901092730658,0.41728756857662574,73.35302720027876
150.7591418326522,-67.7535433812605,1.0000000000000009,1.4324791586645431,0.41747953651238134,73.30484129736477
150.78087266137697,-67.7606452456508,1.0000000000000009,1.4333671479598622,0.4176720021114404,73.2566649263878
150.80260402126657,-67.7677581923532,1.0000000000000009,1.434254068574742,0.41786496679232155,73.20849821374901
150.8243359255396,-67.77488224686014,1.0000000000000009,1.4351399119216695,0.4180584319650009,73.16034128584967
150.846068387524,-67.78201743466599,1.0000000000000009,1.436024669409902,0.41825239903089173,73.11219426909099
150.86780142065697,-67.78916378126692,1.0000000000000009,1.4369083324454983,0.4184468693828647,73.06405728987424
150.8895350384855,-67.79632131216108,1.0000000000000009,1.4377908924312948,0.4186418444052631,73.01593047460061
150.91126925466654,-67.80349005284836,1.0000000000000009,1.4386723407669213,0.41883732547389396,72.96781394967135
150.93300408296716,-67.81067002883046,1.0000000000000009,1.439552668848814,0.41903331395605736,72.91970784148766
150.95473953726494,-67.81786126561086,1.0000000000000007,1.4404318680702095,0.4192298112105348,72.87161227645085
150.97647563154806,-67.82506378869476,1.0000000000000009,1.441309929821158,0.4194268185876151,72.82352738096206
150.99821237991574,-67.8322776235891,1.0000000000000009,1.4421868454885287,0.41962433742909067,72.7754532814226
151.01994979657835,-67.83950279580247,1.0000000000000007,1.4430626064560061,0.4198223690682754,72.72739010423362
151.0416878958577,-67.84673933084505,1.0000000000000009,1.4439372041041065,0.4200209148299967,72.67933797579639
151.06342669218736,-67.85398725422874,1.0000000000000009,1.4448106298101775,0.42021997603063,72.63129702251216
151.08516620011287,-67.86124659146691,1.0000000000000009,1.445682874948403,0.4204195539780802,72.58326737078211
151.106906434292,-67.86851736807455,1.0000000000000007,1.4465539308898117,0.42061964997181267,72.53524914700753
151.128647409495,-67.87579960956813,1.0000000000000009,1.4474237890022734,0.4208202653028348,72.48724247758962
151.15038914060491,-67.88309334146564,1.0000000000000009,1.448292440650518,0.4210214012537463,72.43924748892961
151.17213164261784,-67.89039858928652,1.0000000000000009,1.4491598771961327,0.4212230590987067,72.39126430742874
151.19387493064315,-67.8977153785516,1.0000000000000009,1.4500260899975623,0.4214252401034573,72.3432930594882
151.21561901990373,-67.9050437347831,1.0000000000000009,1.4508910704101272,0.4216279455253389,72.29533387150931
151.23736392573645,-67.91238368350471,1.0000000000000009,1.451754809786011,0.42183117661329383,72.24738686989319
151.25910966359217,-67.91973525024132,1.0000000000000009,1.4526172994742887,0.422034934607872,72.19945218104118
151.28085624903622,-67.92709846051919,1.0000000000000009,1.4534785308209044,0.42223922074124154,72.15152993135442
151.30260369774854,-67.93447333986585,1.0000000000000007,1.4543384951686964,0.4224440362371995,72.1036202472342
151.3243520255241,-67.94185991381002,1.0000000000000009,1.4551971838573976,0.42264938231117455,72.0557232550817
151.34610124827296,-67.9492582078817,1.0000000000000009,1.4560545882236353,0.4228552601702438,72.00783908129817
151.3678513820208,-67.95666824761201,1.0000000000000009,1.4569106996009398,0.42306167101312653,71.95996785228489
151.38960244290908,-67.96409005853323,1.0000000000000009,1.4577655093197466,0.42326861603021904,71.91210969444303
151.41135444719532,-67.97152366617877,1.0000000000000009,1.458619008707407,0.4234760964035704,71.86426473417384
151.4331074112534,-67.97896909608309,1.0000000000000009,1.459471189088181,0.42368411330691913,71.81643309787857
151.4548613515738,-67.98642637378175,1.0000000000000009,1.4603220417832625,0.42389266790568314,71.76861491195841
151.47661628476405,-67.99389552481128,1.0000000000000007,1.4611715581107616,0.4241017613569795,71.72081030281463
151.4983722275488,-68.00137657470925,1.0000000000000009,1.4620197293857176,0.4243113948096271,71.6730193968484
151.52012919677037,-68.00886954901414,1.0000000000000009,1.4628665469201076,0.424521569404158,71.62524232046103
151.54188720938873,-68.01637447326534,1.0000000000000007,1.4637120020228536,0.4247322862728149,71.57747920005372
151.56364628248213,-68.02389137300322,1.0000000000000007,1.4645560859998112,0.42494354653958144,71.52973016202768
151.58540643324707,-68.03142027376894,1.0000000000000007,1.4653987901537924,0.42515535132017224,71.48199533278417
151.607167678999,-68.03896120110453,1.0000000000000009,1.4662401057845529,0.4253677017220481,71.43427483872438
151.62893003717213,-68.04651418055279,1.0000000000000009,1.4670800241888202,0.425580598844431,71.38656880624957
151.65069352532024,-68.05407923765729,1.0000000000000009,1.4679185366602674,0.42579404377828656,71.33887736176099
151.67245816111657,-68.06165639796237,1.0000000000000009,1.4687556344895407,0.42600803760637085,71.29120063165982
151.6942239623544,-68.06924568701302,1.0000000000000007,1.4695913089642598,0.4262225814032119,71.24353874234733
151.71599094694724,-68.07684713035498,1.0000000000000009,1.470425551369013,0.42643767623512385,71.19589182022476
151.7377591329291,-68.08446075353454,1.000000000000001,1.4712583529853691,0.42665332316021676,71.14825999169328
151.75952853845504,-68.09208658209869,1.0000000000000009,1.4720897050918762,0.42686952322841343,71.1006433831542
151.78129918180116,-68.09972464159492,1.0000000000000007,1.4729195989640747,0.42708627748143524,71.05304212100869
151.80307108136512,-68.10737495757132,1.0000000000000009,1.4737480258744926,0.4273035869528439,71.00545633165801
151.8248442556664,-68.11503755557649,1.0000000000000007,1.4745749770926575,0.42752145266801467,70.95788614150337
151.8466187233467,-68.12271246115947,1.0000000000000009,1.4754004438850845,0.42773987564416416,70.91033167694603
151.86839450317012,-68.13039969986981,1.0000000000000007,1.4762244175153063,0.4279588568903687,70.86279306438716
151.89017161402367,-68.13809929725741,1.0000000000000009,1.4770468892438484,0.4281783974075397,70.81527043022805
151.9119500749174,-68.14581127887264,1.0000000000000009,1.4778678503282558,0.4283984981884732,70.76776390086997
151.9337299049849,-68.15353567026612,1.0000000000000009,1.4786872920230874,0.4286191602178153,70.72027360271406
151.95551112348343,-68.16127249698891,1.0000000000000009,1.4795052055799196,0.4288403844721129,70.67279966216157
151.9772937497946,-68.16902178459227,1.0000000000000009,1.4803215822473448,0.42906217191978424,70.62534220561375
151.99907780342426,-68.17678355862778,1.0000000000000007,1.4811364132709928,0.4292845235211642,70.57790135947184
152.02086330400323,-68.18455784464717,1.0000000000000009,1.4819496898935158,0.42950744022847065,70.53047725013705
152.0426502712874,-68.19234466820244,1.0000000000000009,1.4827614033545973,0.42973092298585147,70.4830700040106
152.06443872515823,-68.20014405484572,1.0000000000000009,1.4835715448909625,0.42995497272937033,70.43567974749378
152.08622868562287,-68.20795603012927,1.0000000000000009,1.484380105736378,0.4301795903870218,70.38830660698774
152.10802017281478,-68.21578061960544,1.0000000000000009,1.4851870771216498,0.43040477687874645,70.3409507088938
152.1298132069939,-68.22361784882666,1.0000000000000009,1.4859924502746304,0.43063053311641575,70.2936121796131
152.15160780854708,-68.2314677433454,1.0000000000000007,1.4867962164202324,0.43085686000387025,70.24629114554689
152.1734039979884,-68.23933032871409,1.0000000000000007,1.4875983667804167,0.4310837584369116,70.19898773309647
152.1952017959595,-68.24720563048517,1.0000000000000009,1.488398892574197,0.4313112293033132,70.151702068663
152.21700122323,-68.255093674211,1.0000000000000009,1.4891977850176576,0.4315392734828283,70.10443427864773
152.2388023006978,-68.26299448544381,1.0000000000000009,1.4899950353239437,0.43176789184719055,70.05718448945191
152.26060504938957,-68.27090808973576,1.0000000000000007,1.4907906347032658,0.4319970852601447,70.00995282747675
152.2824094904609,-68.27883451263878,1.0000000000000009,1.4915845743629104,0.4322268545774284,69.96273941912347
152.30421564519682,-68.28677377970469,1.0000000000000009,1.4923768455072313,0.4324572006468035,69.91554439079333
152.32602353501213,-68.29472591648499,1.0000000000000007,1.493167439337667,0.4326881243080418,69.86836786888753
152.34783318145182,-68.30269094853098,1.0000000000000009,1.4939563470527324,0.4329196263929562,69.82120997980735
152.36964460619134,-68.31066890139363,1.0000000000000009,1.4947435598480252,0.43315170772538103,69.77407084995394
152.39145783103706,-68.31865980062362,1.0000000000000009,1.495529068916233,0.4333843691212165,69.72695060572862
152.41327287792663,-68.32666367177123,1.0000000000000009,1.4963128654471303,0.4336176113884074,69.67984937353255
152.43508976892932,-68.33468054038634,1.0000000000000007,1.4970949406275857,0.4338514353269529,69.632767279767
152.4569085262465,-68.34271043201848,1.0000000000000009,1.497875285641561,0.4340858417289377,69.58570445083318
152.4787291722119,-68.35075337221666,1.0000000000000009,1.4986538916701198,0.4343208313785185,69.53866101313234
152.50055172929208,-68.35880938652937,1.0000000000000009,1.4994307498914208,0.4345564050519304,69.49163709306573
152.52237622008684,-68.36687850050464,1.0000000000000009,1.500205851480731,0.4347925635175134,69.4446328170345
152.54420266732953,-68.3749607396899,1.0000000000000009,1.5009791876104208,0.4350293075357179,69.39764831143998
152.5660310938875,-68.383056129632,1.0000000000000007,1.5017507494499782,0.4352666378590788,69.35068370268328
152.58786152276247,-68.39116469587718,1.0000000000000009,1.5025205281659912,0.4355045552322805,69.30373911716576
152.60969397709098,-68.39928646397098,1.0000000000000009,1.50328851492217,0.4357430603921104,69.25681468128862
152.63152848014477,-68.40742145945829,1.0000000000000007,1.5040547008793375,0.4359821540675064,69.20991052145303
152.6533650553311,-68.41556970788326,1.0000000000000009,1.5048190771954402,0.43622183697953876,69.16302676406023
152.67520372619336,-68.42373123478927,1.000000000000001,1.5055816350255424,0.43646210984143785,69.11616353551153
152.69704451641127,-68.4319060657189,1.0000000000000007,1.506342365521832,0.4367029733585852,69.06932096220807
152.71888744980137,-68.44009422621399,1.0000000000000007,1.5071012598336324,0.43694442822854285,69.02249917055111
152.7407325503175,-68.44829574181534,1.0000000000000007,1.5078583091073823,0.43718647514102127,68.9756982869419
152.7625798420511,-68.45651063806304,1.0000000000000007,1.5086135044866624,0.4374291147779452,68.9289184377817
152.78442934923174,-68.46473894049615,1.0000000000000007,1.5093668371121836,0.43767234781340214,68.88215974947164
152.80628109622748,-68.4729806746528,1.0000000000000007,1.5101182981217918,0.43791617491369994,68.83542234841303
152.82813510754534,-68.48123586607012,1.0000000000000007,1.5108678786504735,0.4381605967373421,68.78870636100709
152.84999140783165,-68.4895045402842,1.0000000000000007,1.5116155698303466,0.43840561393504807,68.74201191365502
152.87185002187263,-68.4977867228301,1.0000000000000007,1.5123613627906796,0.4386512271497587,68.69533913275808
152.89371097459457,-68.50608243924172,1.0000000000000007,1.513105248657886,0.4388974370166423,68.64868814471748
152.91557429106462,-68.5143917150519,1.0000000000000007,1.5138472185555167,0.43914424416311704,68.60205907593449
152.93743999649084,-68.52271457579226,1.0000000000000007,1.5145872636042799,0.4393916492088321,68.5554520528103
152.95930811622304,-68.53105104699324,1.0000000000000004,1.5153253749220237,0.4396396527656936,68.50886720174617
152.98117867575286,-68.53940115418405,1.0000000000000009,1.5160615436237541,0.43988825543787424,68.4623046491433
153.00305170071448,-68.54776492289263,1.0000000000000007,1.5167957608216305,0.4401374578218098,68.41576452140293
153.02492721688498,-68.55614237864559,1.0000000000000007,1.5175280176249646,0.440387260506216,68.36924694492629
153.04680525018466,-68.56453354696825,1.0000000000000004,1.5182583051402274,0.4406376640720939,68.32275204611464
153.0686858266778,-68.57293845338452,1.0000000000000007,1.5189866144710436,0.4408886690927263,68.27627995136918
153.09056897257284,-68.58135712341691,1.0000000000000004,1.5197129367182038,0.4411402761337069,68.22983078709113
153.112454714223,-68.58978958258648,1.0000000000000007,1.520437262979652,0.441392485752929,68.18340467968176
153.13434307812668,-68.59823585641283,1.0000000000000007,1.5211595843505017,0.44164529850060674,68.13700175554224
153.15623409092788,-68.60669597041405,1.0000000000000004,1.5218798919230307,0.4418987149192697,68.09062214107387
153.17812777941688,-68.61516995010668,1.0000000000000007,1.5225981767866754,0.4421527355437824,68.04426596267787
153.20002417053044,-68.62365782100565,1.0000000000000007,1.5233144300280503,0.4424073609013428,67.99793334675543
153.22192329135248,-68.63215960862432,1.0000000000000007,1.5240286427309229,0.442662591511497,67.95162441970778
153.24382516911444,-68.64067533847437,1.0000000000000007,1.5247408059762462,0.4429184278861422,67.90533930793622
153.26572983119584,-68.64920503606578,1.0000000000000007,1.5254509108421332,0.44317487052952664,67.85907813784188
153.28763730512478,-68.65774872690683,1.0000000000000007,1.5261589484038705,0.44343191993828057,67.81284103582605
153.30954761857834,-68.66630643650404,1.0000000000000004,1.5268649097339182,0.44368957660139596,67.76662812828998
153.33146079938314,-68.67487819036215,1.0000000000000007,1.52756878590191,0.44394784100025575,67.72043954163487
153.35337687551578,-68.68346401398405,1.0000000000000007,1.5282705679746575,0.44420671360862407,67.67427540226198
153.3752958751035,-68.69206393287074,1.0000000000000007,1.5289702470161417,0.4444661948926658,67.62813583657247
153.39721782642437,-68.70067797252138,1.0000000000000004,1.5296678140875282,0.44472628531095015,67.58202097096763
153.41914275790822,-68.70930615843317,1.0000000000000007,1.5303632602471477,0.44498698531445413,67.53593093184867
153.44107069813677,-68.7179485161013,1.0000000000000007,1.531056576550522,0.44524829534657506,67.48986584561683
153.46300167584428,-68.72660507101904,1.0000000000000007,1.5317477540503428,0.4455102158431332,67.44382583867338
153.48493571991816,-68.73527584867752,1.0000000000000007,1.5324367837964885,0.44577274723238514,67.39781103741944
153.50687285939938,-68.74396087456586,1.0000000000000007,1.5331236568360074,0.44603588993502985,67.35182156825634
153.528813123483,-68.75266017417103,1.0000000000000007,1.5338083642131386,0.4462996443642009,67.3058575575853
