galstreams/tracks/track.st.SGP-S.yang2022.ecsv
# %ECSV 1.0
# ---
# datatype:
# - {name: ra, unit: deg, datatype: float64}
# - {name: dec, unit: deg, datatype: float64}
# - {name: distance, unit: kpc, datatype: float64}
# - {name: pm_ra_cosdec, unit: mas / yr, datatype: float64}
# - {name: pm_dec, unit: mas / yr, datatype: float64}
# - {name: radial_velocity, unit: km / s, datatype: float64}
# delimiter: ','
# meta: !!omap
# - __serialized_columns__:
#     dec:
#       __class__: astropy.coordinates.angles.Latitude
#       unit: &id001 !astropy.units.Unit {unit: deg}
#       value: !astropy.table.SerializedColumn {name: dec}
#     distance:
#       __class__: astropy.coordinates.distances.Distance
#       unit: !astropy.units.Unit {unit: kpc}
#       value: !astropy.table.SerializedColumn {name: distance}
#     pm_dec:
#       __class__: astropy.units.quantity.Quantity
#       unit: !astropy.units.Unit {unit: mas / yr}
#       value: !astropy.table.SerializedColumn {name: pm_dec}
#     pm_ra_cosdec:
#       __class__: astropy.units.quantity.Quantity
#       unit: !astropy.units.Unit {unit: mas / yr}
#       value: !astropy.table.SerializedColumn {name: pm_ra_cosdec}
#     ra:
#       __class__: astropy.coordinates.angles.Longitude
#       unit: *id001
#       value: !astropy.table.SerializedColumn {name: ra}
#       wrap_angle: !astropy.coordinates.Angle
#         unit: *id001
#         value: 360.0
#     radial_velocity:
#       __class__: astropy.units.quantity.Quantity
#       unit: !astropy.units.Unit {unit: km / s}
#       value: !astropy.table.SerializedColumn {name: radial_velocity}
# schema: astropy-2.0
ra,dec,distance,pm_ra_cosdec,pm_dec,radial_velocity
[from data line 2870]
6.659237469406827,-32.42864413483461,9.500000000000002,2.0000000000000004,2.500000000000001,-8.420767129872338e-15
6.658142091042324,-32.418684463609395,9.500000000000004,2.0000000000000004,2.5,0.0
6.657046860817565,-32.408724790277944,9.500000000000004,2.0000000000000004,2.4999999999999996,-8.420767129872338e-15
6.65595177858841,-32.39876511484595,9.500000000000002,2.0000000000000013,2.5,0.0
6.654856844210698,-32.388805437318894,9.500000000000002,2.000000000000001,2.500000000000001,-1.6841534259744676e-14
6.653762057540288,-32.37884575770243,9.500000000000002,2.000000000000001,2.5,-1.6841534259744676e-14
6.652667418433026,-32.36888607600212,9.500000000000002,2.000000000000001,2.5000000000000004,-8.420767129872338e-15
6.651572926744752,-32.35892639222348,9.500000000000002,2.0,2.500000000000001,-2.5262301389617013e-14
6.650478582331326,-32.3489667063722,9.500000000000004,2.000000000000001,2.5000000000000004,-8.420767129872338e-15
6.649384385048587,-32.33900701845377,9.500000000000004,2.0,2.5,8.420767129872338e-15
6.648290334752397,-32.329047328473926,9.500000000000002,2.0,2.500000000000001,-2.5262301389617013e-14
6.647196431298586,-32.319087636438105,9.500000000000004,2.0000000000000004,2.5,-8.420767129872338e-15
6.646102674543019,-32.30912794235205,9.500000000000002,2.0000000000000004,2.500000000000001,0.0
6.645009064341529,-32.299168246221264,9.500000000000002,2.0000000000000004,2.5,8.420767129872338e-15
6.643915600549979,-32.289208548051455,9.500000000000002,2.000000000000001,2.5000000000000004,-1.6841534259744676e-14
6.642822283024204,-32.27924884784812,9.500000000000002,2.0000000000000004,2.500000000000001,-2.5262301389617013e-14
6.641729111620061,-32.269289145617,9.5,2.000000000000001,2.500000000000001,-1.6841534259744676e-14
6.6406360861933855,-32.25932944136358,9.500000000000004,2.0000000000000004,2.5,-8.420767129872338e-15
6.639543206600042,-32.249369735093644,9.500000000000002,2.000000000000001,2.5000000000000004,-8.420767129872338e-15
6.63845047269586,-32.23941002681267,9.500000000000002,2.0000000000000004,2.5,-8.420767129872338e-15
6.6373578843367005,-32.22945031652639,9.5,2.0000000000000018,2.500000000000001,0.0
6.636265441378404,-32.21949060424041,9.5,2.000000000000001,2.500000000000001,-1.6841534259744676e-14
6.635173143676812,-32.2095308899603,9.500000000000004,2.0000000000000004,2.5,-8.420767129872338e-15
6.634080991087782,-32.19957117369182,9.500000000000005,2.0,2.4999999999999996,-2.5262301389617013e-14
6.632988983467148,-32.189611455440485,9.5,2.000000000000001,2.500000000000001,8.420767129872338e-15
6.631897120670774,-32.17965173521208,9.500000000000004,2.000000000000001,2.4999999999999996,-1.6841534259744676e-14
6.630805402554486,-32.16969201301212,9.500000000000002,2.0000000000000013,2.500000000000001,0.0
6.629713828974148,-32.159732288846385,9.500000000000004,2.0,2.5,-1.6841534259744676e-14
6.628622399785592,-32.14977256272042,9.500000000000002,2.000000000000001,2.5,-1.6841534259744676e-14
6.627531114844675,-32.13981283464,9.500000000000004,2.0,2.5,0.0
6.626439974007233,-32.12985310461066,9.5,2.000000000000001,2.500000000000001,-8.420767129872338e-15
6.625348977129121,-32.1198933726382,9.5,2.000000000000001,2.500000000000001,-1.6841534259744676e-14
6.624258124066174,-32.10993363872817,9.500000000000002,2.0000000000000004,2.5,0.0
6.623167414674251,-32.09997390288637,9.500000000000002,2.000000000000001,2.5000000000000004,0.0
6.622076848809181,-32.09001416511835,9.500000000000004,2.0000000000000004,2.4999999999999996,-8.420767129872338e-15
6.620986426326824,-32.080054425429914,9.500000000000002,2.0000000000000013,2.5000000000000004,-8.420767129872338e-15
6.61989614708302,-32.07009468382669,9.500000000000002,2.0000000000000004,2.500000000000001,-1.6841534259744676e-14
6.618806010933605,-32.06013494031429,9.500000000000004,2.0000000000000004,2.4999999999999996,8.420767129872338e-15
6.617716017734437,-32.05017519489855,9.500000000000004,2.0,2.500000000000001,-8.420767129872338e-15
6.616626167341349,-32.04021544758503,9.500000000000004,2.0000000000000004,2.4999999999999996,8.420767129872338e-15
6.615536459610199,-32.03025569837956,9.500000000000002,2.000000000000001,2.5,-8.420767129872338e-15
6.614446894396816,-32.02029594728772,9.500000000000002,2.000000000000001,2.500000000000001,-3.368306851948935e-14
6.61335747155706,-32.010336194315315,9.500000000000002,2.0000000000000004,2.5000000000000004,0.0
6.612268190946758,-32.00037643946795,9.500000000000002,2.000000000000001,2.5000000000000004,0.0
6.611179052421768,-31.990416682751448,9.500000000000002,2.000000000000001,2.5,-8.420767129872338e-15
6.610090055837929,-31.98045692417147,9.500000000000002,2.000000000000001,2.5000000000000004,-3.368306851948935e-14
6.609001201051083,-31.970497163733704,9.500000000000005,2.0,2.5,8.420767129872338e-15
6.607912487917077,-31.960537401443933,9.500000000000004,2.0,2.500000000000001,-1.6841534259744676e-14
6.606823916291752,-31.950577637307838,9.500000000000002,2.000000000000001,2.5000000000000004,0.0
6.605735486030952,-31.94061787133118,9.500000000000004,2.0000000000000004,2.5,-2.5262301389617013e-14
6.604647196990522,-31.930658103519654,9.500000000000004,2.0000000000000004,2.5000000000000004,-8.420767129872338e-15
6.603559049026302,-31.920698333879045,9.5,2.000000000000001,2.5000000000000004,-3.368306851948935e-14
6.6024710419941375,-31.91073856241504,9.500000000000002,2.0000000000000004,2.5,-8.420767129872338e-15
6.60138317574987,-31.900778789133405,9.5,2.0000000000000013,2.5000000000000004,-1.6841534259744676e-14
6.600295450149342,-31.890819014039884,9.500000000000002,2.0000000000000004,2.5000000000000004,-8.420767129872338e-15
6.599207865048396,-31.880859237140232,9.500000000000002,2.000000000000001,2.5000000000000004,-8.420767129872338e-15
6.598120420302877,-31.8708994584402,9.500000000000004,2.0000000000000004,2.5000000000000004,-1.6841534259744676e-14
6.597033115768629,-31.860939677945524,9.5,2.0000000000000013,2.5000000000000004,-8.420767129872338e-15
6.595945951301488,-31.850979895661986,9.500000000000004,1.9999999999999998,2.5,-8.420767129872338e-15
6.594858926757299,-31.84102011159533,9.500000000000005,1.9999999999999998,2.5,0.0
6.593772041991905,-31.831060325751338,9.500000000000004,2.0000000000000004,2.5000000000000004,-8.420767129872338e-15
6.5926852968611485,-31.821100538135767,9.500000000000004,2.0000000000000004,2.5000000000000004,-8.420767129872338e-15
6.5915986912208675,-31.811140748754394,9.500000000000004,2.0,2.5,-1.6841534259744676e-14
6.590512224926909,-31.801180957612992,9.500000000000002,2.0000000000000004,2.5,-8.420767129872338e-15
6.58942589783511,-31.791221164717335,9.500000000000004,2.000000000000001,2.4999999999999996,-8.420767129872338e-15
6.588339709801318,-31.78126137007321,9.5,2.0000000000000013,2.500000000000001,-8.420767129872338e-15
6.587253660681365,-31.771301573686404,9.500000000000002,2.000000000000001,2.500000000000001,0.0
6.586167750331099,-31.761341775562695,9.500000000000005,2.0,2.499999999999999,0.0
6.58508197860636,-31.751381975707886,9.500000000000004,1.9999999999999996,2.4999999999999996,-8.420767129872338e-15
6.5839963453629915,-31.741422174127777,9.500000000000002,2.0000000000000013,2.5000000000000004,0.0
6.5829108504568286,-31.73146237082815,9.5,2.0000000000000013,2.500000000000001,0.0
6.581825493743717,-31.721502565814816,9.500000000000002,2.0000000000000004,2.5,0.0
6.580740275079494,-31.711542759093575,9.500000000000002,2.0,2.5000000000000004,-1.6841534259744676e-14
6.579655194320002,-31.701582950670232,9.500000000000004,2.0000000000000004,2.5,8.420767129872338e-15
6.578570251321081,-31.691623140550607,9.500000000000002,2.0000000000000004,2.5,8.420767129872338e-15
6.5774854459385725,-31.681663328740523,9.5,2.0000000000000018,2.500000000000001,-2.5262301389617013e-14
6.5764007780283125,-31.671703515245767,9.500000000000002,2.000000000000001,2.5000000000000004,-1.6841534259744676e-14
6.575316247446148,-31.66174370007219,9.500000000000002,2.000000000000001,2.500000000000001,-3.368306851948935e-14
6.574231854047911,-31.651783883225587,9.5,2.0000000000000013,2.500000000000001,-8.420767129872338e-15
6.573147597689448,-31.641824064711816,9.500000000000002,2.0000000000000004,2.500000000000001,-1.6841534259744676e-14
6.572063478226593,-31.631864244536693,9.500000000000005,2.0,2.499999999999999,-1.6841534259744676e-14
6.570979495515191,-31.62190442270605,9.500000000000002,2.0000000000000004,2.5000000000000004,8.420767129872338e-15
6.569895649411081,-31.61194459922574,9.500000000000002,2.0000000000000004,2.5000000000000013,-2.5262301389617013e-14
6.568811939770098,-31.601984774101574,9.500000000000004,2.0,2.5,0.0
6.567728366448087,-31.59202494733943,9.500000000000002,2.000000000000001,2.5,-8.420767129872338e-15
6.56664492930088,-31.582065118945124,9.500000000000004,2.0,2.499999999999999,0.0
6.565561628184323,-31.572105288924526,9.5,2.0000000000000013,2.500000000000001,-8.420767129872338e-15
6.564478462954252,-31.562145457283485,9.500000000000004,2.0000000000000004,2.5,-2.5262301389617013e-14
6.563395433466504,-31.552185624027842,9.500000000000002,2.0000000000000004,2.5,0.0
6.562312539576921,-31.54222578916349,9.500000000000004,2.0000000000000004,2.5000000000000004,-8.420767129872338e-15
6.56122978114134,-31.532265952696253,9.500000000000004,2.0000000000000004,2.5000000000000004,0.0
6.560147158015601,-31.522306114632034,9.500000000000002,2.000000000000001,2.5,-8.420767129872338e-15
6.559064670055542,-31.512346274976675,9.5,2.0000000000000013,2.5000000000000013,8.420767129872338e-15
6.557982317117,-31.50238643373607,9.500000000000002,2.0000000000000004,2.5000000000000004,-1.6841534259744676e-14
6.556900099055811,-31.492426590916075,9.500000000000002,2.0,2.500000000000001,-3.368306851948935e-14
6.5558180157278185,-31.48246674652257,9.500000000000004,1.9999999999999998,2.5000000000000004,-8.420767129872338e-15
6.554736066988858,-31.472506900561456,9.500000000000002,2.000000000000001,2.5000000000000004,-8.420767129872338e-15
6.553654252694766,-31.46254705303861,9.500000000000002,2.000000000000001,2.5,8.420767129872338e-15
6.552572572701381,-31.45258720395991,9.500000000000004,2.0000000000000004,2.4999999999999996,-8.420767129872338e-15
6.551491026864544,-31.44262735333127,9.5,2.0000000000000004,2.500000000000001,-2.5262301389617013e-14
6.550409615040085,-31.432667501158548,9.500000000000004,2.0,2.5000000000000004,0.0
6.549328337083851,-31.422707647447677,9.500000000000002,2.000000000000001,2.5,-1.6841534259744676e-14
6.5482471928516714,-31.41274779220455,9.500000000000002,2.000000000000001,2.5,1.6841534259744676e-14
6.547166182199388,-31.40278793543507,9.500000000000002,2.0,2.5000000000000004,-2.5262301389617013e-14
6.546085304982835,-31.392828077145136,9.500000000000002,2.000000000000001,2.5000000000000004,-1.6841534259744676e-14
6.5450045610578504,-31.382868217340672,9.500000000000002,2.000000000000001,2.5000000000000004,0.0
6.543923950280273,-31.372908356027583,9.500000000000002,2.000000000000001,2.5000000000000004,-1.6841534259744676e-14
6.542843472505936,-31.362948493211782,9.500000000000004,2.0000000000000004,2.5,-8.420767129872338e-15
6.54176312759068,-31.352988628899205,9.5,2.000000000000001,2.500000000000001,-8.420767129872338e-15
6.54068291539034,-31.343028763095763,9.5,2.0000000000000013,2.500000000000001,-8.420767129872338e-15
6.539602835760751,-31.333068895807397,9.500000000000002,2.000000000000001,2.5000000000000004,-1.6841534259744676e-14
6.538522888557753,-31.323109027040022,9.500000000000002,2.0000000000000004,2.5,-1.6841534259744676e-14
6.537443073637176,-31.313149156799565,9.500000000000002,2.0000000000000004,2.5000000000000004,0.0
6.536363390854863,-31.303189285091985,9.500000000000004,2.0000000000000004,2.5,-8.420767129872338e-15
6.535283840066646,-31.29322941192321,9.500000000000002,2.0000000000000013,2.5000000000000004,-1.6841534259744676e-14
6.534204421128362,-31.28326953729917,9.500000000000004,2.0,2.4999999999999996,1.6841534259744676e-14
6.533125133895848,-31.273309661225838,9.500000000000002,2.000000000000001,2.5000000000000004,-8.420767129872338e-15
6.53204597822494,-31.263349783709145,9.5,2.000000000000001,2.5000000000000013,0.0
6.530966953971469,-31.253389904755043,9.500000000000004,2.0000000000000004,2.5,-2.5262301389617013e-14
6.529888060991275,-31.243430024369484,9.500000000000002,2.000000000000001,2.5000000000000004,-2.5262301389617013e-14
6.528809299140193,-31.23347014255843,9.500000000000005,2.0,2.4999999999999996,8.420767129872338e-15
6.52773066827406,-31.22351025932786,9.500000000000002,2.000000000000001,2.5,-8.420767129872338e-15
6.526652168248706,-31.213550374683702,9.500000000000002,2.0000000000000004,2.5000000000000004,0.0
6.525573798919972,-31.203590488631956,9.500000000000004,2.0000000000000004,2.4999999999999996,1.6841534259744676e-14
6.52449556014369,-31.19363060117859,9.500000000000002,2.0000000000000013,2.5,-1.6841534259744676e-14
6.523417451775695,-31.183670712329562,9.500000000000002,2.000000000000001,2.5,0.0
6.522339473671819,-31.17371082209084,9.500000000000004,2.0000000000000004,2.5,-8.420767129872338e-15
6.521261625687906,-31.16375093046845,9.500000000000002,2.0000000000000013,2.5,-1.6841534259744676e-14
6.5201839076797805,-31.153791037468313,9.500000000000002,2.000000000000001,2.5,8.420767129872338e-15
6.519106319503283,-31.143831143096467,9.5,2.0000000000000018,2.500000000000001,-8.420767129872338e-15
6.518028861014247,-31.13387124735887,9.500000000000002,2.000000000000001,2.5,8.420767129872338e-15
6.516951532068505,-31.12391135026154,9.500000000000002,2.0,2.500000000000001,-8.420767129872338e-15
6.515874332521892,-31.113951451810443,9.500000000000004,2.000000000000001,2.5,-8.420767129872338e-15
6.514797262230245,-31.10399155201161,9.5,2.0000000000000018,2.500000000000001,-2.5262301389617013e-14
6.513720321049393,-31.094031650871003,9.500000000000004,2.0000000000000004,2.5,0.0
6.512643508835175,-31.084071748394667,9.500000000000002,2.000000000000001,2.500000000000001,-8.420767129872338e-15
6.511566825443421,-31.07411184458859,9.500000000000002,2.0000000000000013,2.500000000000001,0.0
6.510490270729968,-31.064151939458785,9.500000000000002,2.0000000000000004,2.500000000000001,-1.6841534259744676e-14
6.509413844550649,-31.054192033011265,9.500000000000004,2.0000000000000004,2.4999999999999996,0.0
6.508337546761295,-31.04423212525205,9.500000000000005,2.0,2.499999999999999,-8.420767129872338e-15
6.507261377217744,-31.034272216187155,9.500000000000004,2.0000000000000004,2.5,0.0
6.506185335775827,-31.024312305822615,9.5,2.000000000000001,2.500000000000001,-1.6841534259744676e-14
6.505109422291375,-31.014352394164447,9.500000000000002,2.0000000000000013,2.500000000000001,-2.5262301389617013e-14
6.504033636620225,-31.004392481218673,9.500000000000002,2.0000000000000013,2.5000000000000004,8.420767129872338e-15
6.50295797861821,-30.99443256699135,9.5,2.0000000000000013,2.5000000000000013,1.6841534259744676e-14
6.501882448141159,-30.984472651488485,9.500000000000005,2.0,2.4999999999999996,1.6841534259744676e-14
6.50080704504491,-30.974512734716146,9.5,2.000000000000001,2.500000000000001,0.0
6.499731769185292,-30.964552816680342,9.500000000000004,2.000000000000001,2.5,-8.420767129872338e-15
6.498656620418142,-30.954592897387148,9.500000000000004,2.0000000000000004,2.4999999999999996,-1.6841534259744676e-14
6.497581598599288,-30.944632976842588,9.500000000000004,2.000000000000001,2.4999999999999996,0.0
6.496506703584569,-30.93467305505273,9.500000000000002,2.0000000000000004,2.5000000000000004,-8.420767129872338e-15
6.495431935229808,-30.924713132023612,9.500000000000004,2.0,2.4999999999999996,-8.420767129872338e-15
6.4943572933908476,-30.914753207761315,9.500000000000002,2.000000000000001,2.500000000000001,-2.5262301389617013e-14
6.493282777923512,-30.904793282271857,9.500000000000004,2.0,2.499999999999999,1.6841534259744676e-14
6.492208388683639,-30.894833355561353,9.500000000000004,2.0000000000000013,2.4999999999999996,8.420767129872338e-15
