galstreams/tracks/track.st.NGC2808.ibata2024.ecsv
# %ECSV 1.0
# ---
# datatype:
# - {name: ra, unit: deg, datatype: float64}
# - {name: dec, unit: deg, datatype: float64}
# - {name: distance, unit: kpc, datatype: float64}
# - {name: pm_ra_cosdec, unit: mas / yr, datatype: float64}
# - {name: pm_dec, unit: mas / yr, datatype: float64}
# - {name: radial_velocity, unit: km / s, datatype: float64}
# delimiter: ','
# meta: !!omap
# - __serialized_columns__:
#     dec:
#       __class__: astropy.coordinates.angles.Latitude
#       unit: &id001 !astropy.units.Unit {unit: deg}
#       value: !astropy.table.SerializedColumn {name: dec}
#     distance:
#       __class__: astropy.coordinates.distances.Distance
#       unit: !astropy.units.Unit {unit: kpc}
#       value: !astropy.table.SerializedColumn {name: distance}
#     pm_dec:
#       __class__: astropy.units.quantity.Quantity
#       unit: !astropy.units.Unit {unit: mas / yr}
#       value: !astropy.table.SerializedColumn {name: pm_dec}
#     pm_ra_cosdec:
#       __class__: astropy.units.quantity.Quantity
#       unit: !astropy.units.Unit {unit: mas / yr}
#       value: !astropy.table.SerializedColumn {name: pm_ra_cosdec}
#     ra:
#       __class__: astropy.coordinates.angles.Longitude
#       unit: *id001
#       value: !astropy.table.SerializedColumn {name: ra}
#       wrap_angle: !astropy.coordinates.Angle
#         unit: *id001
#         value: 360.0
#     radial_velocity:
#       __class__: astropy.units.quantity.Quantity
#       unit: !astropy.units.Unit {unit: km / s}
#       value: !astropy.table.SerializedColumn {name: radial_velocity}
# schema: astropy-2.0
ra,dec,distance,pm_ra_cosdec,pm_dec,radial_velocity
[from data line 986]
147.36973782992885,-66.76499900951163,1.0000000000000009,1.2863166406903215,0.39243133722610946,80.85710794744298
147.39148252177316,-66.77068220315881,1.0000000000000009,1.2872684216371773,0.39256893595789055,80.80897278517486
147.4132268922661,-66.77637254518066,1.0000000000000009,1.288220429914046,0.39270670394015017,80.76082756265293
147.43497093986443,-66.78207006040388,1.0000000000000009,1.289172657518574,0.3928446440118627,80.71267240627849
147.45671466310867,-66.78777477366175,1.0000000000000009,1.2901250964440623,0.3929827590023214,80.66450744245276
147.47845806062298,-66.79348670979407,1.0000000000000009,1.2910777386794856,0.39312105173116496,80.61633279757693
147.50020113111555,-66.79920589364708,1.0000000000000009,1.292030576209494,0.3932595250083475,80.56814859805228
147.5219438733785,-66.80493235007356,1.0000000000000009,1.2929836010144173,0.3933981816341907,80.51995497027998
147.54368628628808,-66.81066610393265,1.000000000000001,1.2939368050702744,0.39353702439934146,80.47175204066136
147.5654283688048,-66.81640718008994,1.0000000000000009,1.2948901803487987,0.39367605608481426,80.42353993559755
147.58717011997348,-66.82215560341737,1.0000000000000007,1.2958437188174163,0.3938152794619718,80.37531878148982
147.6089115389234,-66.82791139879322,1.0000000000000009,1.2967974124392794,0.3939546972925356,80.32708870473944
147.63065262486836,-66.83367459110212,1.0000000000000009,1.2977512531732578,0.3940943123286038,80.27884983174756
147.652393377107,-66.83944520523494,1.0000000000000007,1.298705232973957,0.3942341273126493,80.23060228891546
147.67413379502253,-66.84522326608885,1.0000000000000009,1.2996593437917228,0.39437414497751444,80.18234620264442
147.6958738780832,-66.85100879856722,1.0000000000000009,1.3006135775726526,0.39451436804643514,80.1340816993356
147.71761362584226,-66.85680182757962,1.0000000000000007,1.3015679262585937,0.3946547992330238,80.0858089053902
147.7393530379381,-66.8626023780418,1.0000000000000009,1.3025223817871634,0.39479544124130417,80.03752794720951
147.7610921140943,-66.86841047487566,1.0000000000000009,1.3034769360917484,0.3949362967656933,79.98923895119474
147.78283085411994,-66.87422614300917,1.0000000000000009,1.3044315811015195,0.39507736849100983,79.94094204374716
147.80456925790938,-66.88004940737643,1.000000000000001,1.3053863087414346,0.39521865909249243,79.89263735126794
147.82630732544277,-66.88588029291759,1.0000000000000009,1.3063411109322498,0.39536017123579104,79.84432500015836
147.8480450567859,-66.89171882457879,1.0000000000000009,1.3072959795905206,0.39550190757698545,79.79600511681964
147.86978245209033,-66.89756502731217,1.0000000000000009,1.3082509066286265,0.39564387076257557,79.74767782765296
147.89151951159374,-66.90341892607589,1.0000000000000007,1.3092058839547525,0.39578606342950984,79.69934325905959
147.91325623561968,-66.90928054583397,1.0000000000000009,1.3101609034729305,0.395928488205163,79.6510015374408
147.93499262457803,-66.9151499115564,1.0000000000000009,1.3111159570830146,0.3960711477073655,79.60265278919778
147.95672867896494,-66.921027048219,1.0000000000000007,1.312071036680711,0.39621404454439535,79.55429714073173
147.978464399363,-66.92691198080348,1.0000000000000009,1.313026134157576,0.3963571813149924,79.50593471844394
148.0001997864413,-66.93280473429733,1.0000000000000009,1.3139812414010317,0.39650056060835315,79.45756564873562
148.02193484095574,-66.93870533369387,1.0000000000000009,1.3149363502943636,0.39664418500416154,79.40919005800797
148.04366956374878,-66.94461380399217,1.0000000000000009,1.3158914527167394,0.39678805707255727,79.36080807266227
148.06540395575007,-66.950530170197,1.0000000000000009,1.3168465405432017,0.39693217937417113,79.31241981909969
148.08713801797606,-66.95645445731886,1.0000000000000009,1.3178016056447,0.39707655446012247,79.26402542372153
148.10887175153056,-66.96238669037395,1.0000000000000009,1.3187566398880777,0.39722118487203417,79.21562501292897
148.13060515760452,-66.96832689438406,1.0000000000000009,1.3197116351360854,0.3973660731420141,79.16721871312326
148.1523382374764,-66.97427509437662,1.0000000000000009,1.3206665832473883,0.39751122179267906,79.11880665070564
148.17407099251218,-66.98023131538469,1.0000000000000009,1.3216214760765852,0.39765663333716894,79.07038895207732
148.19580342416546,-66.98619558244677,1.0000000000000009,1.3225763054742035,0.3978023102791335,79.02196574363954
148.21753553397767,-66.99216792060702,1.0000000000000009,1.3235310632867012,0.39794825511275533,78.97353715179351
148.23926732357813,-66.99814835491502,1.0000000000000009,1.3244857413565012,0.39809447032273937,78.92510330294051
148.26099879468424,-67.00413691042584,1.0000000000000009,1.325440331521972,0.3982409583843376,78.87666432348172
148.2827299491016,-67.01013361219998,1.0000000000000009,1.3263948256174465,0.3983877217633447,78.82822033981842
148.30446078872401,-67.01613848530337,1.0000000000000007,1.327349215473237,0.3985347629160989,78.77977147835179
148.32619131553378,-67.0221515548073,1.0000000000000009,1.3283034929156283,0.39868208428950247,78.73131786548312
148.34792153160177,-67.02817284578842,1.0000000000000009,1.3292576497668973,0.3988296883210234,78.68285962761352
148.36965143908756,-67.03420238332869,1.0000000000000009,1.3302116778453095,0.3989775774386892,78.6343968911444
148.3913810402395,-67.04024019251541,1.0000000000000009,1.3311655689651412,0.3991257540611173,78.58592978247685
148.41311033739493,-67.04628629844109,1.0000000000000009,1.3321193149366803,0.3992742205975013,78.53745842801213
148.43483933298026,-67.05234072620347,1.0000000000000007,1.3330729075662267,0.3994229794476212,78.4889829541515
148.45656802951115,-67.05840350090556,1.0000000000000009,1.3340263386561149,0.39957203300186084,78.44050348729618
148.4782964295926,-67.06447464765546,1.0000000000000009,1.3349796000047052,0.39972138364119925,78.3920201538474
148.50002453591907,-67.07055419156647,1.0000000000000009,1.335932683406413,0.39987103373723176,78.34353308020638
148.5217523512747,-67.07664215775704,1.0000000000000009,1.3368855806516904,0.4000209856521719,78.29504239277438
148.5434798785334,-67.08273857135059,1.0000000000000009,1.337838283527053,0.40017124173884255,78.24654821795258
148.56520712065887,-67.08884345747573,1.0000000000000009,1.3387907838150874,0.4003218043407122,78.19805068214227
148.586934080705,-67.09495684126601,1.0000000000000009,1.3397430732944446,0.4004726757918746,78.14954991174464
148.60866076181574,-67.10107874786002,1.0000000000000009,1.3406951437398593,0.40062385841707027,78.10104603316091
148.6303871672254,-67.1072092024013,1.0000000000000009,1.3416469869221581,0.400775354531695,78.05253917279235
148.65211330025872,-67.11334823003833,1.0000000000000007,1.3425985946082628,0.40092716644179216,78.00402945704019
148.673839164331,-67.11949585592454,1.0000000000000009,1.3435499585611979,0.40107929644408014,77.9555170123056
148.6955647629484,-67.1256521052182,1.0000000000000009,1.344501070540101,0.4012317468259381,77.90700196498987
148.7172900997078,-67.1318170030824,1.0000000000000009,1.3454519223002297,0.4013845198654238,77.85848444149424
148.7390151782972,-67.13799057468515,1.0000000000000009,1.3464025055929607,0.40153761783128417,77.80996456821988
148.76074000249565,-67.14417284519918,1.0000000000000009,1.347352812165823,0.40169104298295544,77.7614424715681
148.78246457617365,-67.150363839802,1.0000000000000009,1.348302833762467,0.4018447975705701,77.71291827794005
148.804188903293,-67.15656358367585,1.000000000000001,1.3492525621227096,0.4019988838349722,77.66439211373701
148.82591298790717,-67.16277210200768,1.0000000000000007,1.3502019889825163,0.40215330400771165,77.61586410536017
148.84763683416134,-67.16898941998913,1.0000000000000009,1.3511511060740233,0.4023080603110616,77.56733437921082
148.86936044629263,-67.17521556281648,1.0000000000000009,1.3520999051255322,0.4024631549580233,77.51880306169015
148.89108382863006,-67.18145055569057,1.0000000000000009,1.3530483778615316,0.4026185901523238,77.47027027919937
148.91280698559495,-67.18769442381692,1.0000000000000007,1.3539965160026959,0.40277436808844147,77.42173615813978
148.9345299217009,-67.19394719240555,1.0000000000000007,1.3549443112658908,0.40293049095159716,77.37320082491259
148.95625264155402,-67.20020888667102,1.0000000000000009,1.3558917553641905,0.4030869609177721,77.32466440591897
148.97797514985297,-67.20647953183237,1.0000000000000009,1.3568388400068734,0.40324378015370055,77.2761270275602
148.9996974513892,-67.21275915311315,1.0000000000000009,1.3577855568994424,0.40340095081689853,77.22758881623749
149.0214195510472,-67.2190477757413,1.0000000000000009,1.358731897743621,0.40355847505564757,77.1790498983521
149.0431414538044,-67.22534542494923,1.0000000000000009,1.359677854237366,0.40371635500902325,77.13051040030521
149.06486316473152,-67.23165212597365,1.0000000000000009,1.3606234180748726,0.40387459280688276,77.08197044849811
149.08658468899267,-67.23796790405571,1.0000000000000009,1.3615685809465907,0.40403319056989684,77.03343016933202
149.10830603184556,-67.24429278444079,1.0000000000000009,1.3625133345392109,0.40419215040953116,76.98488968920816
149.13002719864144,-67.25062679237864,1.0000000000000009,1.3634576705357018,0.4043514744280641,76.93634913452775
149.15174819482564,-67.25696995312322,1.0000000000000009,1.36440158061529,0.40451116471860615,76.88780863169198
149.1734690259373,-67.26332229193275,1.0000000000000009,1.3653450564534821,0.4046712233650842,76.83926830710217
149.19518969760983,-67.26968383406965,1.0000000000000009,1.3662880897220742,0.4048316524422688,76.7907282871595
149.21691021557095,-67.27605460480046,1.0000000000000009,1.3672306720891456,0.4049924540157699,76.74218869826524
149.23863058564288,-67.28243462939598,1.0000000000000007,1.3681727952190785,0.40515363014205263,76.69364966682052
149.26035081374252,-67.288823933131,1.0000000000000009,1.3691144507725606,0.4053151828684367,76.64511131922669
149.28207090588148,-67.29522254128446,1.0000000000000009,1.370055630406593,0.4054771142331157,76.59657378188493
149.30379086816646,-67.30163047913933,1.0000000000000009,1.3709963257744961,0.4056394262651466,76.54803718119643
149.32551070679926,-67.30804777198264,1.0000000000000009,1.371936528525919,0.4058021209844682,76.4995016435625
149.34723042807693,-67.31447444510536,1.0000000000000009,1.3728762303068491,0.40596520040191564,76.4509672953843
149.36895003839206,-67.32091052380247,1.0000000000000009,1.3738154227596089,0.40612866651921475,76.40243426306316
149.39066954423288,-67.32735603337287,1.0000000000000009,1.3747540975228711,0.40629252132900007,76.35390267300016
149.41238895218333,-67.33381099911935,1.0000000000000009,1.375692246231674,0.406456766814812,76.30537265159666
149.43410826892347,-67.3402754463486,1.0000000000000009,1.376629860517404,0.40662140495111565,76.25684432525385
149.45582750122932,-67.34674940037115,1.0000000000000009,1.3775669320078336,0.40678643770329437,76.20831782037293
149.47754665597333,-67.35323288650136,1.0000000000000009,1.3785034523271045,0.4069518670276846,76.15979326335517
149.49926574012443,-67.35972593005734,1.0000000000000009,1.3794394130957417,0.40711769487154026,76.1112707806018
149.52098476074812,-67.36622855636097,1.0000000000000009,1.3803748059306666,0.40728392317308515,76.06275049851399
149.54270372500682,-67.3727407907379,1.0000000000000007,1.3813096224451977,0.40745055386149787,76.01423254349305
149.56442264015988,-67.37926265851739,1.0000000000000009,1.3822438542490574,0.40761758885690735,75.96571704194021
149.5861415135638,-67.38579418503248,1.0000000000000009,1.3831774929483889,0.40778503007044176,75.91720412025663
149.60786035267253,-67.39233539561975,1.0000000000000009,1.3841105301457395,0.4079528794041902,75.86869390484355
149.62957916503748,-67.39888631561944,1.0000000000000007,1.3850429574400989,0.408121138751234,75.82018652210228
149.6512979583077,-67.40544697037535,1.0000000000000007,1.385974766426883,0.40828980999566244,75.77168209843397
149.67301674023025,-67.41201738523483,1.0000000000000009,1.3869059486979474,0.40845889501255606,75.72318076023991
149.69473551865013,-67.41859758554877,1.0000000000000009,1.3878364958415994,0.40862839566801945,75.67468263392128
149.71645430151068,-67.42518759667153,1.0000000000000009,1.3887663994425967,0.40879831381917153,75.62618784587934
149.73817309685356,-67.43178744396091,1.0000000000000009,1.389695651082162,0.40896865131416327,75.5776965225153
149.75989191281909,-67.43839715277818,1.0000000000000009,1.390624242337983,0.4091394099921777,75.52920879023043
149.7816107576464,-67.44501674848799,1.0000000000000009,1.3915521647842215,0.40931059168344586,75.48072477542591
149.80332963967354,-67.45164625645833,1.0000000000000009,1.3924794099915199,0.4094821982092496,75.43224460450301
149.82504856733772,-67.45828570206059,1.0000000000000009,1.3934059695270182,0.40965423138193024,75.38376840386293
149.84676754917555,-67.46493511066943,1.0000000000000009,1.3943318349543343,0.40982669300490393,75.33529629990696
149.8684865938231,-67.47159450766279,1.0000000000000009,1.395256997833607,0.4099995848726561,75.28682841903623
149.89020571001615,-67.47826391842187,1.0000000000000009,1.396181449721471,0.41017290877076107,75.23836488765204
149.9119249065905,-67.4849433683311,1.0000000000000009,1.3971051821710767,0.4103466664758857,75.18990583215563
149.93364419248198,-67.49163288277806,1.0000000000000009,1.398028186732103,0.41052085975578656,75.14145137894819
149.95536357672665,-67.49833248715353,1.0000000000000009,1.398950454950748,0.4106954903693456,75.09300165443098
149.97708306846116,-67.50504220685141,1.0000000000000009,1.3998719783697575,0.410870560066555,75.04455678500523
149.99880267692276,-67.51176206726872,1.0000000000000009,1.4007927485284042,0.41104607058852416,74.99611689707214
150.02052241144966,-67.51849209380548,1.0000000000000009,1.4017127569625185,0.4112220236675057,74.94768211703295
150.04224228148104,-67.52523231186481,1.0000000000000009,1.4026319952044832,0.4113984210268882,74.89925257128893
150.06396229655743,-67.53198274685285,1.0000000000000009,1.40355045478324,0.41157526438121206,74.85082838624128
150.08568246632078,-67.53874342417868,1.0000000000000009,1.4044681272243016,0.41175255543616984,74.80240968829122
150.10740280051468,-67.54551436925432,1.0000000000000009,1.4053850040497546,0.4119302958886273,74.75399660384
150.12912330898467,-67.55229560749478,1.0000000000000009,1.406301076778263,0.4121084874266163,74.70558925928884
150.1508440016783,-67.55908716431792,1.0000000000000009,1.407216336925078,0.41228713172935993,74.65718778103897
150.17256488864547,-67.5658890651444,1.0000000000000009,1.4081307760020467,0.4124662304672615,74.60879229549165
150.19428598003842,-67.5727013353978,1.0000000000000009,1.4090443855176165,0.41264578530192075,74.56040292904807
150.21600728611216,-67.57952400050446,1.0000000000000007,1.4099571569768312,0.4128257978861578,74.51201980810947
150.23772881722462,-67.5863570858935,1.0000000000000009,1.4108690818813656,0.41300626986399536,74.46364305907707
150.25945058383672,-67.59320061699674,1.0000000000000009,1.4117801517294963,0.41318720287068267,74.41527280835216
150.28117259651282,-67.60005461924877,1.0000000000000009,1.412690358016129,0.41336859853270624,74.36690918233592
150.3028948659207,-67.60691911808682,1.0000000000000009,1.4135996922328038,0.4135504584677747,74.31855230742957
150.32461740283188,-67.61379413895078,1.0000000000000009,1.4145081458676976,0.4137327842848677,74.27020231003436
150.34634021812187,-67.62067970728314,1.0000000000000007,1.4154157104056284,0.4139155775841985,74.22185931655153
150.36806332277027,-67.62757584852902,1.0000000000000009,1.416322377328064,0.4140988399572656,74.17352345338232
150.38978672786115,-67.63448258813604,1.0000000000000009,1.4172281381131304,0.41428257298681714,74.12519484692793
150.411510444583,-67.64139995155439,1.0000000000000009,1.4181329842356152,0.4144667782469025,74.07687362358955
150.4332344842293,-67.64832796423676,1.0000000000000009,1.419036907166971,0.41465145730285347,74.0285599097685
