galstreams/tracks/track.st.NGC3201-Gjoll.ibata2021.ecsv
# %ECSV 1.0
# ---
# datatype:
# - {name: ra, unit: deg, datatype: float64}
# - {name: dec, unit: deg, datatype: float64}
# - {name: distance, unit: kpc, datatype: float64}
# - {name: pm_ra_cosdec, unit: mas / yr, datatype: float64}
# - {name: pm_dec, unit: mas / yr, datatype: float64}
# - {name: radial_velocity, unit: km / s, datatype: float64}
# delimiter: ','
# meta: !!omap
# - __serialized_columns__:
#     dec:
#       __class__: astropy.coordinates.angles.Latitude
#       unit: &id001 !astropy.units.Unit {unit: deg}
#       value: !astropy.table.SerializedColumn {name: dec}
#     distance:
#       __class__: astropy.coordinates.distances.Distance
#       unit: !astropy.units.Unit {unit: kpc}
#       value: !astropy.table.SerializedColumn {name: distance}
#     pm_dec:
#       __class__: astropy.units.quantity.Quantity
#       unit: !astropy.units.Unit {unit: mas / yr}
#       value: !astropy.table.SerializedColumn {name: pm_dec}
#     pm_ra_cosdec:
#       __class__: astropy.units.quantity.Quantity
#       unit: !astropy.units.Unit {unit: mas / yr}
#       value: !astropy.table.SerializedColumn {name: pm_ra_cosdec}
#     ra:
#       __class__: astropy.coordinates.angles.Longitude
#       unit: *id001
#       value: !astropy.table.SerializedColumn {name: ra}
#       wrap_angle: !astropy.coordinates.Angle
#         unit: *id001
#         value: 360.0
#     radial_velocity:
#       __class__: astropy.units.quantity.Quantity
#       unit: !astropy.units.Unit {unit: km / s}
#       value: !astropy.table.SerializedColumn {name: radial_velocity}
# schema: astropy-2.0
ra,dec,distance,pm_ra_cosdec,pm_dec,radial_velocity
[from data line 3550]
91.68173209427562,-21.620026227190454,3.284476235123259,23.817812604380524,-22.058025288995218,166.06933684571635
91.69013933760527,-21.626270917844135,3.2844455044693777,23.81742887996952,-22.05569524665741,166.15072131871483
91.69854728713518,-21.632515209534684,3.2844148310518197,23.817044227367425,-22.05336381180386,166.23210741449077
91.70695594306736,-21.63875910214567,3.28438421484544,23.81665864671432,-22.051030984937977,166.31349513028
91.71536530560383,-21.645002595560655,3.284353655825094,23.816272138150197,-22.048696766563236,166.39488446331887
91.72377537494665,-21.651245689663163,3.2843231539656377,23.815884701815023,-22.04636115718318,166.4762754108436
91.7321861512979,-21.6574883843367,3.2842927092419236,23.815496337848696,-22.044024157301422,166.55766797009014
91.74059763485961,-21.663730679464727,3.2842623216288103,23.815107046391052,-22.041685767421622,166.63906213829495
91.74900982583392,-21.66997257493069,3.284231991101151,23.81471682758187,-22.039345988047526,166.720457912694
91.75742272442288,-21.67621407061802,3.284201717633799,23.8143256815609,-22.03700481968296,166.80185529052352
91.76583633082863,-21.682455166410087,3.284171501201613,23.81393360846778,-22.03466226283175,166.88325426901972
91.77425064525329,-21.688695862190265,3.284141341779446,23.81354060844214,-22.032318317997834,166.96465484541875
91.78266566789898,-21.69493615784188,3.284111239342153,23.81314668162353,-22.029972985685223,167.0460570169567
91.79108139896788,-21.701176053248254,3.2840811938645897,23.812751828151455,-22.02762626639798,167.12746078086994
91.79949783866212,-21.70741554829266,3.2840512053216107,23.812356048165334,-22.025278160640198,167.2088661343944
91.80791498718388,-21.71365464285834,3.284021273688072,23.811959341804588,-22.0229286689161,167.29027307476645
91.81633284473536,-21.719893336828527,3.2839913989388285,23.811561709208508,-22.020577791729913,167.37168159922211
91.82475141151875,-21.726131630086424,3.2839615810487337,23.811163150516382,-22.018225529585965,167.45309170499777
91.83317068773624,-21.732369522515192,3.2839318199926453,23.81076366586742,-22.01587188298863,167.5345033893293
91.84159067359009,-21.73860701399798,3.2839021157454162,23.810363255400798,-22.013516852442365,167.6159166494531
91.85001136928251,-21.7448441044179,3.283872468281903,23.80996191925558,-22.011160438451665,167.69733148260534
91.85843277501577,-21.751080793658037,3.2838428775769604,23.80955965757083,-22.008802641521115,167.77874788602196
91.8668548909921,-21.757317081601457,3.2838133436054435,23.80915647048554,-22.00644346215534,167.86016585693943
91.8752777174138,-21.763552968131194,3.283783866342205,23.80875235813864,-22.004082900859064,167.9415853925938
91.88370125448314,-21.769788453130243,3.283754445762104,23.808347320669,-22.00172095813703,168.02300649022112
91.89212550240244,-21.776023536481592,3.283725081839994,23.807941358215434,-21.99935763449407,168.10442914705783
91.90055046137395,-21.782258218068186,3.2836957745507287,23.807534470916714,-21.996992930435106,168.18585336033985
91.90897613160006,-21.78849249777295,3.2836665238691647,23.807126658911546,-21.994626846465064,168.26727912730342
91.91740251328308,-21.794726375478778,3.283637329770158,23.80671792233856,-21.992259383088978,168.34870644518486
91.92582960662534,-21.800959851068534,3.2836081922285607,23.80630826133638,-21.989890540811945,168.43013531122006
91.93425741182922,-21.807192924425063,3.283579111219231,23.805897676043532,-21.9875203201391,168.51156572264546
91.94268592909708,-21.813425595431184,3.2835500867170215,23.805486166598502,-21.985148721575683,168.59299767669714
91.95111515863132,-21.819657863969667,3.2835211186967896,23.805073733139693,-21.98277574562693,168.67443117061129
91.95954510063432,-21.825889729923283,3.2834922071333885,23.804660375805504,-21.98040139279823,168.755866201624
91.96797575530847,-21.832121193174757,3.2834633520016743,23.804246094734243,-21.978025663594973,168.83730276697148
91.97640712285623,-21.83835225360679,3.283434553276502,23.80383089006415,-21.975648558522614,168.91874086388995
91.98483920348,-21.84458291110206,3.2834058109327273,23.803414761933457,-21.973270078086713,169.0001804896156
91.99327199738225,-21.850813165543208,3.283377124945203,23.8029977104803,-21.970890222792857,169.08162164138443
92.00170550476541,-21.857043016812863,3.283348495288787,23.80257973584275,-21.968508993146703,169.16306431643284
92.01013972583199,-21.86327246479361,3.2833199219383324,23.80216083815888,-21.966126389653994,169.24450851199683
92.01857466078442,-21.869501509368018,3.2832914048686956,23.801741017566652,-21.96374241282052,169.32595422531273
92.02701030982522,-21.875730150418622,3.2832629440547305,23.801320274203995,-21.96135706315212,169.4074014536165
92.03544667315688,-21.881958387827936,3.2832345394712936,23.800898608208765,-21.95897034115472,169.4888501941445
92.04388375098196,-21.888186221478442,3.2832061910932393,23.8004760197188,-21.956582247334314,169.5703004441329
92.05232154350294,-21.894413651252584,3.283177898895422,23.800052508871854,-21.954192782196937,169.65175220081773
92.06076005092238,-21.900640677032797,3.2831496628526975,23.799628075805618,-21.951801946248704,169.73320546143518
92.06919927344285,-21.906867298701478,3.2831214829399227,23.79920272065775,-21.949409739995787,169.8146602232216
92.07763921126688,-21.91309351614101,3.2830933591319487,23.798776443565863,-21.947016163944433,169.896116483413
92.08607986459708,-21.91931932923372,3.2830652914036333,23.798349244667474,-21.94462121860093,169.97757423924563
92.09452123363604,-21.92554473786193,3.2830372797298324,23.79792112410007,-21.94222490447164,170.05903348795565
92.10296331858633,-21.931769741907935,3.283009324085398,23.797492082001103,-21.939827222063027,170.14049422677908
92.11140611965061,-21.937994341253994,3.282981424445188,23.79706211850792,-21.937428171881546,170.22195645295244
92.11984963703146,-21.94421853578232,3.2829535807840564,23.79663123375785,-21.935027754433765,170.30342016371154
92.12829387093154,-21.950442325375153,3.2829257930768585,23.79619942788817,-21.932625970226315,170.38488535629273
92.13673882155352,-21.956665709914656,3.282898061298448,23.795766701036094,-21.930222819765888,170.4663520279322
92.14518448910002,-21.962888689282973,3.2828703854236827,23.795333053338755,-21.927818303559203,170.547820175866
92.15363087377375,-21.96911126336224,3.2828427654274157,23.794898484933267,-21.92541242211309,170.62928979733042
92.16207797577736,-21.97533343203454,3.282815201284503,23.7944629959567,-21.923005175934435,170.71076088956167
92.1705257953136,-21.98155519518195,3.2827876929698,23.794026586546003,-21.920596565530136,170.7922334497957
92.17897433258514,-21.987776552686505,3.28276024045816,23.79358925683815,-21.91818659140724,170.87370747526893
92.1874235877947,-21.99399750443021,3.2827328437244394,23.793151006970035,-21.915775254072805,170.95518296321737
92.19587356114504,-22.000218050295068,3.2827055027434935,23.792711837078457,-21.91336255403395,171.03665991087723
92.2043242528389,-22.00643819016302,3.2826782174901767,23.792271747300205,-21.910948491797868,171.1181383154848
92.212775663079,-22.01265792391601,3.2826509879393453,23.791830737772003,-21.908533067871815,171.1996181742761
92.22122779206816,-22.018877251435928,3.282623814065853,23.791388808630522,-21.90611628276313,171.28109948448733
92.22968064000915,-22.025096172604645,3.2825966958445565,23.790945960012376,-21.90369813697917,171.36258224335472
92.23813420710475,-22.031314687304018,3.282569633250308,23.790502192054124,-21.90127863102741,171.4440664481144
92.24658849355775,-22.03753279541586,3.282542626257966,23.79005750489227,-21.89885776541535,171.52555209600257
92.25504349957102,-22.043750496821964,3.282515674842383,23.789611898663285,-21.896435540650554,171.60703918425537
92.26349922534733,-22.04996779140409,3.282488778978416,23.789165373503547,-21.894011957240668,171.68852771010896
92.27195567108956,-22.056184679043977,3.282461938640919,23.7887179295494,-21.891587015693403,171.77001767079955
92.28041283700054,-22.06240115962333,3.2824351538047467,23.788269566937153,-21.88916071651652,171.85150906356344
92.28887072328314,-22.068617233023826,3.282408424444756,23.78782028580303,-21.886733060217832,171.9330018856365
92.29732933014026,-22.074832899127124,3.2823817505358006,23.787370086283225,-21.88430404730525,172.0144961342552
92.30578865777474,-22.08104815781485,3.282355132052736,23.786918968513863,-21.881873678286716,172.09599180665552
92.31424870638953,-22.08726300896858,3.282328568970417,23.786466932631036,-21.879441953670252,172.17748890007354
92.32270947618751,-22.093477452469912,3.282302061263699,23.786013978770757,-21.877008873963952,172.25898741174578
92.33117096737162,-22.09969148820038,3.2822756089074363,23.785560107069013,-21.87457443967595,172.34048733890825
92.33963318014477,-22.10590511604148,3.2822492118764863,23.785105317661692,-21.872138651314447,172.421988678797
92.34809611470995,-22.112118335874715,3.282222870145701,23.784649610684674,-21.86970150938773,172.50349142864826
92.35655977127008,-22.118331147581532,3.282196583689938,23.78419298627378,-21.867263014404124,172.58499558569832
92.36502415002813,-22.12454355104337,3.282170352484051,23.78373544456477,-21.86482316687203,172.6665011471832
92.3734892511871,-22.13075554614163,3.2821441765028956,23.783276985693345,-21.862381967299914,172.74800811033907
92.38195507494999,-22.136967132757682,3.282118055721326,23.78281760979516,-21.859939416196294,172.8295164724024
92.39042162151979,-22.143178310772875,3.2820919901141985,23.78235731700581,-21.85749551406977,172.911026230609
92.3988888910995,-22.149389080068524,3.2820659796563683,23.78189610746084,-21.855050261428985,172.99253738219514
92.40735688389218,-22.155599440525926,3.28204002432269,23.78143398129575,-21.85260365878264,173.07404992439703
92.41582560010086,-22.161809392026345,3.282014124088018,23.780970938645996,-21.850155706639537,173.15556385445097
92.42429503992858,-22.16801893445101,3.2819882789272086,23.780506979646944,-21.847706405508507,173.2370791695929
92.43276520357841,-22.17422806768114,3.2819624888151164,23.780042104433942,-21.845255755898442,173.31859586705914
92.44123609125343,-22.180436791597895,3.2819367537265958,23.779576313142282,-21.84280375831833,173.40011394408575
92.44970770315672,-22.18664510608244,3.281911073636504,23.779109605907177,-21.84035041327718,173.4816333979089
92.4581800394914,-22.19285301101591,3.281885448519693,23.77864198286383,-21.8378957212841,173.56315422576503
92.46665310046053,-22.199060506279384,3.2818598783510216,23.778173444147356,-21.83543968284824,173.64467642489006
92.47512688626729,-22.205267591753934,3.2818343631053417,23.777703989892835,-21.83298229847883,173.7261999925202
92.48360139711477,-22.211474267320614,3.281808902757509,23.777233620235283,-21.830523568685127,173.80772492589168
92.49207663320612,-22.217680532860413,3.28178349728238,23.77676233530968,-21.8280634939765,173.88925122224057
92.5005525947445,-22.22388638825434,3.281758146654809,23.776290135250942,-21.82560207486236,173.97077887880312
92.5090292819331,-22.23009183338333,3.281732850849651,23.77581702019393,-21.82313931185216,174.0523078928155
92.51750669497505,-22.236296868128335,3.2817076098417606,23.77534299027347,-21.82067520545544,174.13383826151386
92.52598483407358,-22.242501492370238,3.2816824236059947,23.774868045624306,-21.818209756181798,174.21536998213438
92.5344636994319,-22.24870570598992,3.2816572921172065,23.774392186381164,-21.81574296454089,174.29690305191323
92.54294329125317,-22.25490950886823,3.281632215350252,23.77391541267871,-21.813274831042463,174.3784374680866
92.55142360974067,-22.26111290088598,3.281607193279986,23.773437724651526,-21.81080535619626,174.45997322789066
92.5599046550976,-22.26731588192396,3.2815822258812637,23.772959122434205,-21.808334540512174,174.5415103285616
92.5683864275272,-22.27351845186293,3.2815573131289404,23.77247960616121,-21.80586238450008,174.6230487673355
92.57686892723277,-22.27972061058363,3.28153245499787,23.771999175967036,-21.80338888866999,174.70458854144857
92.58535215441755,-22.28592235796677,3.28150765146291,23.771517831986042,-21.800914053531894,174.7861296481371
92.59383610928482,-22.292123693893014,3.2814829024989134,23.771035574352616,-21.79843787959593,174.8676720846371
92.60232079203789,-22.298324618243022,3.2814582080807364,23.77055240320104,-21.795960367372253,174.94921584818482
92.61080620288004,-22.30452513089742,3.281433568183233,23.77006831866555,-21.793481517371074,175.0307609360165
92.61929234201463,-22.310725231736797,3.281408982781259,23.769583320880354,-21.791001330102702,175.11230734536824
92.62777920964493,-22.316924920641707,3.2813844518496706,23.769097409979594,-21.788519806077463,175.19385507347613
92.63626680597429,-22.32312419749271,3.2813599753633214,23.768610586097363,-21.786036945805794,175.27540411757644
92.6447551312061,-22.329323062170303,3.281335553297067,23.768122849367714,-21.78355274979817,175.35695447490536
92.65324418554367,-22.335521514554983,3.2813111856257615,23.76763419992464,-21.781067218565113,175.43850614269897
92.6617339691904,-22.341719554527184,3.281286872324262,23.767144637902046,-21.778580352617233,175.52005911819356
92.67022448234967,-22.347917181967347,3.281262613367421,23.766654163433866,-21.77609215246521,175.60161339862512
92.67871572522486,-22.354114396755875,3.2812384087300965,23.766162776653914,-21.773602618619755,175.68316898123024
92.68720769801939,-22.360311198773122,3.281214258387142,23.765670477695984,-21.77111175159165,175.7647258632445
92.69570040093667,-22.36650758789944,3.281190162313413,23.76517726669382,-21.768619551891764,175.84628404190448
92.70419383418013,-22.372703564015154,3.281166120483764,23.7646831437811,-21.766126020031006,175.9278435144463
92.7126879979532,-22.378899127000533,3.2811421328730503,23.764188109091457,-21.763631156520354,176.00940427810593
92.72118289245934,-22.38509427673585,3.2811181994561274,23.76369216275848,-21.761134961870848,176.09096633011984
92.72967851790202,-22.391289013101325,3.2810943202078513,23.763195304915712,-21.758637436593588,176.17252966772395
92.7381748744847,-22.397483335977164,3.2810704951030742,23.762697535696635,-21.756138581199746,176.25409428815456
92.74667196241086,-22.403677245243543,3.281046724116654,23.762198855234672,-21.753638396200543,176.3356601886479
92.75516978188399,-22.409870740780608,3.2810230072234448,23.761699263663235,-21.75113688210727,176.4172273664399
92.7636683331076,-22.416063822468484,3.2809993443983014,23.761198761115622,-21.748634039431288,176.49879581876695
92.77216761628523,-22.422256490187255,3.2809757356160794,23.760697347725127,-21.74612986868399,176.5803655428652
92.78066763162037,-22.42844874381699,3.280952180851634,23.76019502362499,-21.74362437037689,176.66193653597077
92.78916837931659,-22.434640583237716,3.28092868007982,23.759691788948402,-21.741117545021492,176.7435087953198
92.79766985957743,-22.440832008329448,3.2809052332754916,23.759187643828497,-21.73860939312942,176.82508231814862
92.80617207260643,-22.447023018972153,3.2808818404135054,23.758682588398337,-21.73609991521233,176.90665710169318
92.8146750186072,-22.453213615045794,3.280858501468716,23.75817662279097,-21.73358911178195,176.98823314318983
92.82317869778329,-22.459403796430287,3.2808352164159778,23.75766974713937,-21.731076983350064,177.06981043987463
92.8316831103383,-22.465593563005523,3.280811985230147,23.757161961576493,-21.728563530428545,177.15138898898374
92.84018825647587,-22.471782914651385,3.2807888078860796,23.756653266235194,-21.726048753529273,177.23296878775355
92.84869413639956,-22.477971851247684,3.2807656843586273,23.756143661248327,-21.723532653164263,177.31454983341985
92.85720075031303,-22.484160372674257,3.2807426146226484,23.75563314674867,-21.721015229845523,177.39613212321916
92.86570809841993,-22.490348478810873,3.280719598652996,23.755121722868967,-21.71849648408517,177.47771565438765
