galstreams/tracks/track.st.C-13.ibata2024.ecsv
# %ECSV 1.0
# ---
# datatype:
# - {name: ra, unit: deg, datatype: float64}
# - {name: dec, unit: deg, datatype: float64}
# - {name: distance, unit: kpc, datatype: float64}
# - {name: pm_ra_cosdec, unit: mas / yr, datatype: float64}
# - {name: pm_dec, unit: mas / yr, datatype: float64}
# - {name: radial_velocity, unit: km / s, datatype: float64}
# delimiter: ','
# meta: !!omap
# - __serialized_columns__:
#     dec:
#       __class__: astropy.coordinates.angles.Latitude
#       unit: &id001 !astropy.units.Unit {unit: deg}
#       value: !astropy.table.SerializedColumn {name: dec}
#     distance:
#       __class__: astropy.coordinates.distances.Distance
#       unit: !astropy.units.Unit {unit: kpc}
#       value: !astropy.table.SerializedColumn {name: distance}
#     pm_dec:
#       __class__: astropy.units.quantity.Quantity
#       unit: !astropy.units.Unit {unit: mas / yr}
#       value: !astropy.table.SerializedColumn {name: pm_dec}
#     pm_ra_cosdec:
#       __class__: astropy.units.quantity.Quantity
#       unit: !astropy.units.Unit {unit: mas / yr}
#       value: !astropy.table.SerializedColumn {name: pm_ra_cosdec}
#     ra:
#       __class__: astropy.coordinates.angles.Longitude
#       unit: *id001
#       value: !astropy.table.SerializedColumn {name: ra}
#       wrap_angle: !astropy.coordinates.Angle
#         unit: *id001
#         value: 360.0
#     radial_velocity:
#       __class__: astropy.units.quantity.Quantity
#       unit: !astropy.units.Unit {unit: km / s}
#       value: !astropy.table.SerializedColumn {name: radial_velocity}
# schema: astropy-2.0
ra,dec,distance,pm_ra_cosdec,pm_dec,radial_velocity
[from data line 144]
30.94411542627236,53.774172855292214,1.000000000000002,2.4866269769837004,2.4240700674670848,2003.9664236348854
30.9517816561892,53.76376076462539,1.0000000000000018,2.487956877258455,2.4228824786865175,2016.9596545554941
30.959433134174173,53.75334708018832,1.0000000000000018,2.4892845780191237,2.4216986143242423,2029.9078033290823
30.967069883909517,53.74293180589093,1.0000000000000018,2.4906100834708838,2.420518470103133,2042.8109219820194
30.97469192905685,53.73251494563362,1.0000000000000018,2.4919333978093334,2.4193420417414018,2055.6690625406704
30.982299293257295,53.722096503306844,1.000000000000002,2.49325452522055,2.418169324952828,2068.4822770314017
30.989892000131338,53.71167648279162,1.0000000000000018,2.4945734698809616,2.417000315446444,2081.250617480578
30.997470073279022,53.70125488795909,1.0000000000000018,2.49589023595739,2.4158350089268197,2093.9741359145683
31.005033536279747,53.690831722670985,1.0000000000000018,2.4972048276073195,2.414673401094035,2106.652884359738
31.01258241269244,53.68040699077928,1.000000000000002,2.4985172489785725,2.4135154876434513,2119.2869148424547
31.020116726055488,53.66998069612637,1.0000000000000016,2.499827504209634,2.412361264266309,2131.8762793890796
31.0276364998867,53.65955284254527,1.0000000000000018,2.501135597429581,2.4112107266491023,2144.421030025984
31.03514175768343,53.64912343385924,1.0000000000000018,2.502441532757942,2.410063870473948,2156.921218779532
31.04263252292246,53.63869247388227,1.0000000000000018,2.503745314304922,2.4089206914186434,2169.376897676092
31.050108819060103,53.62825996641868,1.000000000000002,2.5050469461714187,2.407781185156125,2181.7881187420276
31.057570669532108,53.61782591526352,1.0000000000000018,2.5063464324489786,2.406645347355834,2194.154934003706
31.06501809775381,53.60739032420228,1.0000000000000018,2.5076437772197693,2.4055131736816406,2206.477395487494
31.072451127119944,53.59695319701119,1.0000000000000018,2.508938984556835,2.404384659794033,2218.7555552197614
31.07986978100484,53.58651453745701,1.0000000000000018,2.510232058523698,2.4032598013486393,2230.9894652268667
31.087274082762324,53.576074349297116,1.0000000000000018,2.511523003175,2.4021385939969946,2243.1791775351826
31.09466405572569,53.565632636279766,1.0000000000000016,2.5128118225559604,2.4010210333863142,2255.32474417107
31.102039723207866,53.5551894021437,1.000000000000002,2.514098520702518,2.399907115159266,2267.426217160902
31.10940110850117,53.5447446506186,1.0000000000000018,2.515383101641774,2.3987968349545667,2279.4836485310393
31.11674823487763,53.534298385424705,1.000000000000002,2.5166655693913356,2.397690188406443,2291.4970903078497
31.12408112558867,53.52385061027326,1.000000000000002,2.517945927960099,2.3965871711450006,2303.4665945177017
31.131399803865357,53.51340132886609,1.0000000000000018,2.5192241813474823,2.395487778796195,2315.3922131869585
31.138704292918277,53.5029505448961,1.000000000000002,2.520500333544163,2.3943920069814055,2327.2739983419874
31.14599461593761,53.492498262046844,1.0000000000000018,2.521774388531668,2.39329985131846,2339.1120020091575
31.153270796093118,53.482044483992844,1.0000000000000018,2.523046350282385,2.3922113074202116,2350.906276214832
31.16053285653406,53.47158921439961,1.000000000000002,2.5243162227601488,2.39112637089616,2362.6568729853775
31.167780820389428,53.46113245692344,1.0000000000000018,2.5255840099192426,2.390045037351115,2374.3638443471605
31.175014710767638,53.45067421521177,1.000000000000002,2.526849715705623,2.388967302385936,2386.0272423265474
31.182234550756863,53.44021449290285,1.0000000000000016,2.5281133440557255,2.3878931615974466,2397.6471189499043
31.18944036342476,53.42975329362611,1.0000000000000016,2.5293748988977427,2.3868226105781787,2409.2235262435984
31.19663217181868,53.4192906210019,1.0000000000000018,2.530634384150602,2.3857556449168555,2420.756516233995
31.203809998965582,53.40882647864159,1.0000000000000016,2.5318918037245055,2.3846922601981078,2432.2461409474618
31.210973867872017,53.39836087014783,1.0000000000000016,2.533147161520816,2.383632452002331,2443.6924524103647
31.21812380152424,53.387893799114174,1.0000000000000016,2.5344004614321705,2.3825762159060844,2455.095502649068
31.22525982288806,53.3774252691255,1.0000000000000016,2.5356517073425664,2.381523547481777,2466.4553436899396
31.23238195490904,53.36695528375766,1.0000000000000016,2.536900903126906,2.380474442297725,2477.772027559346
31.239490220512312,53.35648384657787,1.0000000000000016,2.5381480526518203,2.379428895918835,2489.045606283652
31.246584642602755,53.346010961144394,1.0000000000000016,2.539393159775045,2.378386903905408,2500.2761318892267
31.25366524406484,53.335536631006896,1.0000000000000016,2.5406362283456474,2.3773484618141936,2511.4636564024345
31.26073204776281,53.32506085970618,1.0000000000000016,2.5418772622039114,2.376313565197819,2522.6082318496406
31.26778507654056,53.314583650774296,1.0000000000000016,2.5431162651819363,2.3752822096049613,2533.709910257214
31.27482435322165,53.3041050077348,1.0000000000000016,2.5443532411029537,2.374254390580802,2544.768743651518
31.281849900609416,53.293624934102326,1.0000000000000016,2.5455881937816116,2.3732301036662307,2555.7847840589216
31.288861741486848,53.28314343338313,1.0000000000000018,2.54682112702406,2.3722093443983,2566.7580835057925
31.295859898616712,53.27266050907459,1.0000000000000018,2.5480520446280934,2.3711921083103675,2577.688694018492
31.30284439474147,53.26217616466574,1.0000000000000016,2.549280950382638,2.3701783909321534,2588.576667623388
31.30981525258334,53.25169040363678,1.0000000000000016,2.550507848068804,2.369168187789114,2599.42205634685
31.316772494844287,53.241203229459614,1.0000000000000016,2.5517327414585225,2.368161494403239,2610.2249122152416
31.32371614420605,53.23071464559749,1.0000000000000018,2.552955634315822,2.367158306292481,2620.985287254928
31.330646223330135,53.22022465550509,1.0000000000000016,2.55417653039612,2.3661586189712693,2631.7032334922783
31.337562754857778,53.20973326262882,1.0000000000000016,2.5553954334465914,2.365162427950281,2642.378802953658
31.344465761410085,53.19924047040643,1.0000000000000016,2.556612347205828,2.3641697287363854,2653.0120476654333
31.35135526558786,53.18874628226744,1.0000000000000016,2.5578272754044633,2.3631805168325286,2663.6030196539687
31.35823128997179,53.17825070163273,1.0000000000000018,2.5590402217645476,2.3621947877383604,2674.1517709456334
31.365093857122314,53.16775373191508,1.0000000000000018,2.5602511900000025,2.361212536949381,2684.6583535667924
31.371942989579725,53.157255376518684,1.0000000000000018,2.561460183816564,2.360233759958021,2695.1228195438107
31.3787787098642,53.14675563883946,1.0000000000000016,2.5626672069113567,2.35925845225222,2705.5452209030564
31.385601040475617,53.13625452226512,1.0000000000000016,2.5638722629738595,2.358286609317304,2715.925609670894
31.39241000389385,53.125752030174915,1.0000000000000016,2.5650753556847974,2.3573182266339927,2726.2640378736933
31.39920562257852,53.115248165940045,1.0000000000000016,2.566276488717392,2.356353299679995,2736.560557537816
31.4059879189692,53.10474293292325,1.0000000000000018,2.567475665736197,2.3553918239291534,2746.815220689633
31.412756915485286,53.09423633447928,1.0000000000000016,2.5686728903978064,2.3544337948520138,2757.0280793555075
31.419512634526093,53.08372837395444,1.0000000000000018,2.569868166350915,2.3534792079152567,2767.1991855618066
31.426255098470804,53.07321905468715,1.0000000000000016,2.571061497235945,2.3525280585820383,2777.3285913348964
31.43298432967854,53.06270838000744,1.0000000000000016,2.572252886685277,2.351580342312104,2787.416348701142
31.43970035048834,53.05219635323728,1.0000000000000016,2.5734423383234457,2.3506360545617895,2797.4625096869127
31.446403183219125,53.04168297769067,1.0000000000000016,2.574629855766972,2.3496951907835637,2807.4671263185746
31.45309285016982,53.03116825667333,1.0000000000000016,2.5758154426242186,2.3487577464266565,2817.430250622491
31.459769373619228,53.020652193483144,1.0000000000000016,2.5769991024957335,2.347823716937114,2827.351934625031
31.466432775826174,53.01013479140975,1.0000000000000016,2.5781808389741627,2.346893097756606,2837.232230352559
31.473083079029404,52.99961605373498,1.0000000000000016,2.579360655644166,2.34596588432413,2847.071189831441
31.479720305447653,52.98909598373246,1.0000000000000016,2.5805385560827574,2.34504207207533,2856.868865088046
31.486344477279655,52.97857458466812,1.0000000000000016,2.5817145438588227,2.344121656441871,2866.6253081487366
31.492955616704126,52.96805185979971,1.0000000000000018,2.5828886225335452,2.343204632852121,2876.340571039883
31.499553745879837,52.95752781237712,1.0000000000000016,2.584060795660207,2.3422909967316627,2886.0147057878494
31.506138886945493,52.94700244564251,1.0000000000000018,2.5852310667845586,2.3413807435018157,2895.6477644190013
31.51271106201993,52.93647576282991,1.0000000000000018,2.5863994394442216,2.340473868581398,2905.239798959706
31.519270293201927,52.92594776716574,1.0000000000000016,2.587565917169485,2.3395703673853063,2914.790861436331
31.5258166025704,52.915418461868384,1.0000000000000016,2.5887305034824806,2.3386702353250257,2924.301003875242
31.532350012184256,52.90488785014863,1.0000000000000016,2.5898932018980645,2.3377734678092565,2933.7702783028035
31.538870544082528,52.894355935209276,1.0000000000000018,2.591054015923163,2.336880060242777,2943.198736745386
31.545378220284306,52.88382272024554,1.0000000000000016,2.5922129490570853,2.3359900080278635,2952.5864312293493
31.551873062788758,52.873288208444805,1.0000000000000018,2.5933700047916943,2.335103306562587,2961.9334137810642
31.558355093575237,52.862752402986665,1.0000000000000018,2.594525186610923,2.334219951242403,2971.239736426897
31.564824334603117,52.85221530704325,1.0000000000000016,2.595678497991429,2.333339937459243,2980.5054511932117
31.571280807811952,52.84167692377878,1.0000000000000016,2.5968299424022234,2.3324632606017985,2989.7306101063764
31.577724535121394,52.83113725634998,1.0000000000000016,2.597979523304815,2.331589916056032,2998.915265192758
31.584155538431336,52.820596307905845,1.0000000000000016,2.5991272441528395,2.3307198992036433,3008.059468478723
31.59057383962171,52.81005408158789,1.0000000000000016,2.6002731083930826,2.3298532054242855,3017.163271990635
31.596979460552728,52.799510580529876,1.0000000000000018,2.601417119464344,2.328989830093576,3026.2267277548603
31.603372423064705,52.788965807858204,1.0000000000000018,2.6025592807981752,2.328129768584404,3035.249887797769
31.60975274897821,52.77841976669157,1.0000000000000016,2.603699595818796,2.3272730162667585,3044.232804145723
31.616120460093985,52.76787246014115,1.0000000000000016,2.6048380679428647,2.3264195685065943,3053.1755288250906
31.622475578193026,52.75732389131081,1.0000000000000016,2.6059747005794804,2.3255694206675344,3062.078113862241
31.628818125036517,52.746774063296705,1.0000000000000013,2.607109497131006,2.3247225681099053,3070.940611283536
31.635148122365916,52.736222979187744,1.0000000000000013,2.608242460991704,2.3238790061906798,3079.7630731153436
31.641465591902925,52.72567064206522,1.0000000000000013,2.6093735955491013,2.323038730264102,3088.545551384031
31.6477705553495,52.715117055003205,1.0000000000000016,2.6105029041831074,2.322201735680892,3097.2880981159624
31.65406303438791,52.70456222106824,1.0000000000000013,2.6116303902664413,2.3213680177892115,3105.990765337506
31.660343050680666,52.69400614331947,1.0000000000000013,2.612756057164802,2.320537571933869,3114.6536050750296
31.666610625870607,52.6834488248089,1.0000000000000013,2.6138799082362993,2.319710393456546,3123.2766693548947
31.672865781580914,52.672890268580936,1.0000000000000013,2.6150019468320522,2.318886477696367,3131.8600102034698
31.67910853941503,52.66233047767298,1.0000000000000013,2.616122176295761,2.318065819988874,3140.403679647123
31.6853389209568,52.65176945511486,1.0000000000000013,2.6172405999644752,2.317248415667052,3148.90772971222
31.691556947770344,52.641207203929405,1.0000000000000013,2.618357221167571,2.316434260060589,3157.372212425124
31.697762641400242,52.63064372713196,1.0000000000000013,2.619472043227489,2.315623348496274,3165.7971798122057
31.703956023371358,52.62007902773088,1.0000000000000016,2.6205850694596506,2.3148156762983945,3174.182683899829
31.710137115189,52.60951310872718,1.0000000000000013,2.621696303172172,2.3140112387874296,3182.5287767143604
31.71630593833886,52.59894597311467,1.0000000000000013,2.622805747666547,2.313210031281585,3190.835510282166
31.722462514287017,52.58837762388016,1.0000000000000013,2.623913406236767,2.3124120490961104,3199.102936629612
31.728606864480025,52.57780806400318,1.0000000000000016,2.625019282170115,2.3116172875429584,3207.331107783066
31.734739010344814,52.56723729645625,1.0000000000000016,2.626123378746712,2.3108257419316374,3215.520075768893
31.74085897328884,52.55666532420468,1.0000000000000013,2.6272256992396876,2.3100374075685863,3223.6698926134604
31.74696677469992,52.546092150206896,1.0000000000000013,2.6283262469154636,2.309252279757061,3231.780610343133
31.753062435946436,52.535517777414064,1.0000000000000013,2.629425025033271,2.3084703537981,3239.8522809842793
31.759145978377237,52.524942208770405,1.0000000000000013,2.630522036845491,2.3076916249892747,3247.884956563263
31.76521742332161,52.51436544721321,1.0000000000000016,2.6316172855978834,2.3069160886257123,3255.878689106452
31.77127679208945,52.50378749567261,1.0000000000000013,2.632710774528931,2.3061437399996976,3263.8335306402137
31.7773241059711,52.49320835707198,1.0000000000000013,2.6338025068703814,2.305374574400446,3271.7495331909117
31.783359386237496,52.48262803432752,1.0000000000000013,2.634892485847473,2.3046085871146715,3279.626748784914
31.789382654140077,52.47204653034874,1.0000000000000013,2.635980714678226,2.303845773426133,3287.465229448587
31.795393930910905,52.46146384803799,1.0000000000000016,2.6370671965741224,2.303086128615689,3295.2650272082956
31.801393237762536,52.45087999029098,1.0000000000000016,2.6381519347398523,2.3023296479621536,3303.026194090408
31.807380595888226,52.44029495999637,1.0000000000000016,2.639234932373199,2.301576326740701,3310.7487821212894
31.813356026461744,52.429708760036014,1.0000000000000013,2.6403161926654377,2.3008261602240623,3318.4328433273054
31.81931955063751,52.419121393285046,1.0000000000000013,2.6413957188010784,2.30007914368241,3326.0784297348237
31.825271189550577,52.40853286261162,1.0000000000000016,2.6424735139578672,2.299335272382791,3333.6855933702095
31.831210964316643,52.3979431708773,1.0000000000000016,2.643549581306928,2.2985945415907167,3341.25438625983
31.837138896032044,52.387352320936664,1.0000000000000013,2.6446239240130467,2.2978569465674354,3348.784860430051
31.843055005773792,52.3767603156378,1.0000000000000013,2.6456965452338466,2.2971224825723766,3356.2770679072387
31.848959314599632,52.366167157821785,1.0000000000000016,2.6467674481205563,2.296391144862355,3363.7310607177596
31.854851843547912,52.35557285032328,1.0000000000000013,2.6478366358181518,2.2956629286914563,3371.14689088798
31.860732613637758,52.344977395970034,1.0000000000000013,2.6489041114647023,2.2949378293106406,3378.5246104442667
31.86660164586904,52.3343807975832,1.0000000000000013,2.6499698781916834,2.294215841968878,3385.864271412986
31.872458961222282,52.323783057977366,1.0000000000000013,2.6510339391243463,2.2934969619124104,3393.1659258205023
31.87830458065884,52.313184179960345,1.0000000000000013,2.65209629738132,2.292781184384296,3400.4296256931866
31.884138525120765,52.30258416633352,1.0000000000000013,2.6531569560747243,2.292068504625945,3407.655423057399
31.889960815530966,52.29198301989148,1.0000000000000013,2.6542159183101433,2.291358917875357,3414.843369939509
31.89577147279306,52.28138074342248,1.0000000000000013,2.6552731871869355,2.2906524193685414,3421.9935183658836
