galstreams/tracks/track.st.Phlegethon.ibata2021.ecsv
# %ECSV 1.0
# ---
# datatype:
# - {name: ra, unit: deg, datatype: float64}
# - {name: dec, unit: deg, datatype: float64}
# - {name: distance, unit: kpc, datatype: float64}
# - {name: pm_ra_cosdec, unit: mas / yr, datatype: float64}
# - {name: pm_dec, unit: mas / yr, datatype: float64}
# - {name: radial_velocity, unit: km / s, datatype: float64}
# delimiter: ','
# meta: !!omap
# - __serialized_columns__:
#     dec:
#       __class__: astropy.coordinates.angles.Latitude
#       unit: &id001 !astropy.units.Unit {unit: deg}
#       value: !astropy.table.SerializedColumn {name: dec}
#     distance:
#       __class__: astropy.coordinates.distances.Distance
#       unit: !astropy.units.Unit {unit: kpc}
#       value: !astropy.table.SerializedColumn {name: distance}
#     pm_dec:
#       __class__: astropy.units.quantity.Quantity
#       unit: !astropy.units.Unit {unit: mas / yr}
#       value: !astropy.table.SerializedColumn {name: pm_dec}
#     pm_ra_cosdec:
#       __class__: astropy.units.quantity.Quantity
#       unit: !astropy.units.Unit {unit: mas / yr}
#       value: !astropy.table.SerializedColumn {name: pm_ra_cosdec}
#     ra:
#       __class__: astropy.coordinates.angles.Longitude
#       unit: *id001
#       value: !astropy.table.SerializedColumn {name: ra}
#       wrap_angle: !astropy.coordinates.Angle
#         unit: *id001
#         value: 360.0
#     radial_velocity:
#       __class__: astropy.units.quantity.Quantity
#       unit: !astropy.units.Unit {unit: km / s}
#       value: !astropy.table.SerializedColumn {name: radial_velocity}
# schema: astropy-2.0
ra,dec,distance,pm_ra_cosdec,pm_dec,radial_velocity
[from data line 5047]
324.73495934015335,1.6798019804098347,3.5355829962377894,0.43810295883852834,-28.587186337022153,-291.4609106009132
324.7356109664666,1.6899112663686349,3.535909169448797,0.43908593433729326,-28.581632150787314,-291.5964742030257
324.7362624844543,1.7000205633568672,3.536235552580074,0.4400685728113407,-28.57607675989751,-291.7320793585514
324.7369138942914,1.7101298713563573,3.5365621456820238,0.4410508740648167,-28.57052016479165,-291.8677260827625
324.73756519615296,1.720239190348919,3.5368889488050503,0.4420328379017855,-28.564962365908585,-292.003414390931
324.7382163902139,1.7303485203163693,3.537215961999558,0.44301446412624657,-28.55940336368719,-292.13914429832874
324.7388674766492,1.7404578612405415,3.537543185315949,0.4439957525421496,-28.553843158566316,-292.27491582022793
324.7395184556338,1.750567213103269,3.537870618804629,0.4449767029533378,-28.548281750984856,-292.4107289719006
324.7401693273427,1.7606765758863754,3.5381982625159996,0.4459573151636045,-28.542719141381657,-292.54658376861886
324.74082009195064,1.7707859495716876,3.538526116500467,0.44693758897665425,-28.537155330195578,-292.6824802256547
324.74147074963264,1.7808953341410332,3.5388541808084333,0.44791752419614284,-28.531590317865483,-292.81841835828
324.74212130056355,1.7910047295762517,3.5391824554903026,0.44889712062564957,-28.52602410483022,-292.9543981817671
324.74277174491823,1.8011141358591765,3.5395109405964793,0.44987637806866054,-28.520456691528643,-293.09041971138794
324.7434220828715,1.8112235529716354,3.539839636177367,0.4508552963286272,-28.51488807839961,-293.22648296241454
324.74407231459827,1.8213329808954666,3.5401685422833684,0.4518338752089006,-28.509318265881966,-293.3625879501189
324.7447224402732,1.8314424196124974,3.54049765896489,0.4528121145127715,-28.50374725441454,-293.4987346897731
324.7453724600713,1.8415518691045771,3.5408269862723327,0.45379001404345587,-28.4981750444362,-293.6349231966492
324.7460223741672,1.8516613293535378,3.5411565242561003,0.4547675736041139,-28.492601636385785,-293.77115348601933
324.74667218273567,1.8617708003412188,3.5414862729666003,0.4557447929978151,-28.48702703070211,-293.9074255731555
324.7473218859515,1.871880282049466,3.5418162324542313,0.45672167202756775,-28.481451227824042,-294.04373947332954
324.74797148398943,1.8819897744601166,3.542146402769401,0.45769821049630455,-28.475874228190392,-294.18009520181397
324.7486209770242,1.8920992775550194,3.542476783962511,0.4586744082069094,-28.470296032240004,-294.3164927738804
324.7492703652304,1.9022087913160084,3.5428073760839673,0.45965026496214634,-28.464716640411705,-294.4529322048011
324.74991964878296,1.9123183157249333,3.543138179184172,0.4606257805647802,-28.45913605314432,-294.58941350984793
324.7505688278563,1.9224278507636345,3.543469193313529,0.461600954817424,-28.453554270876683,-294.725936704293
324.7512179026251,1.9325373964139763,3.5438004185224417,0.46257578752268813,-28.44797129404762,-294.8625018034086
324.75186687326425,1.9426469526577943,3.544131854861315,0.46355027848309316,-28.442387123095934,-294.9991088224666
324.7525157399481,1.9527565194769374,3.544463502380554,0.46452442750105494,-28.436801758460447,-295.135757776739
324.75316450285146,1.962866096853262,3.5447953611305594,0.46549823437897686,-28.431215200579995,-295.27244868149796
324.75381316214873,1.9729756847686102,3.545127431161735,0.46647169891913,-28.42562744989338,-295.4091815520153
324.7544617180147,1.9830852832048442,3.545459712524488,0.46744482092378004,-28.420038506839404,-295.54595640356325
324.7551101706238,1.9931948921438207,3.545792205269219,0.4684176001950737,-28.4144483718569,-295.682773251414
324.75575852015066,2.003304511567382,3.5461249094463327,0.46939003653509825,-28.40885704538466,-295.81963211083917
324.7564067667698,2.013414141457393,3.546457825106234,0.4703621297458964,-28.403264527861506,-295.9565329971113
324.75705491065577,2.023523781795718,3.5467909522993257,0.4713338796293991,-28.397670819726216,-296.0934759255021
324.757702951983,2.0336334325642054,3.547124291076012,0.4723052859874972,-28.39207592141762,-296.23046091128384
324.75835089092595,2.0437430937447134,3.547457841486695,0.4732763486219955,-28.38647983337451,-296.36748796972836
324.75899872765933,2.053852765319111,3.547791603581781,0.47424706733466415,-28.380882556035672,-296.5045571161079
324.75964646235735,2.063962447269243,3.548125577411673,0.47521744192714976,-28.375284089839912,-296.6416683656943
324.7602940951946,2.0740721395769905,3.548459763026774,0.4761874722010653,-28.36968443522602,-296.77882173375974
324.7609416263455,2.0841818422242127,3.5487941604774886,0.47715715795796854,-28.364083592632785,-296.91601723557625
324.7615890559845,2.094291555192779,3.54912876981422,0.47812649899927706,-28.358481562499005,-297.05325488641597
324.7622363842859,2.104401278464535,3.5494635910873726,0.4790954951264137,-28.35287834526348,-297.1905347015507
324.7628836114242,2.114511012021375,3.549798624347349,0.4800641461406947,-28.347273941364964,-297.3278566962528
324.7635307375737,2.1246207558451524,3.5501338696445557,0.4810324518433964,-28.341668351242255,-297.46522088579417
324.76417776290884,2.1347305099177416,3.5504693270293934,0.48200041203567956,-28.33606157533414,-297.6026272854467
324.76482468760383,2.1448402742210106,3.550804996552267,0.48296802651866066,-28.330453614079403,-297.7400759104828
324.76547151183325,2.15495004873682,3.5511408782635807,0.48393529509342237,-28.324844467916808,-297.8775667761741
324.7661182357712,2.165059833447066,3.551476972213738,0.4849022175609017,-28.319234137285136,-298.015099897793
324.7667648595922,2.175169628333606,3.5518132784531433,0.48586879372203384,-28.313622622623175,-298.15267529061134
324.76741138347035,2.1852794333783234,3.5521497970321994,0.48683502337765994,-28.30800992436968,-298.2902929699013
324.76805780757996,2.1953892485630826,3.5524865280013107,0.4878009063285207,-28.302396042963423,-298.42795295093487
324.76870413209537,2.205499073869763,3.55282347141088,0.48876644237534883,-28.296780978843188,-298.56565524898383
324.7693503571908,2.2156089092802604,3.553160627311314,0.48973163131875364,-28.29116473244771,-298.70339987932084
324.7699964830405,2.225718754776439,3.5534979957530126,0.49069647295932484,-28.285547304215786,-298.84118685721745
324.7706425098187,2.2358286103401834,3.5538355767863816,0.4916609670975429,-28.27992869458618,-298.97901619794584
324.7712884376995,2.2459384759533627,3.5541733704618252,0.4926251135338209,-28.274308903997632,-299.1168879167781
324.77193426685733,2.256048351597878,3.5545113768297467,0.4935889120685468,-28.2686879328889,-299.25480202898626
324.77257999746627,2.2661582372555986,3.5548495959405497,0.49455236250199164,-28.263065781698756,-299.3927585498423
324.7732256297004,2.276268132908419,3.5551880278446384,0.4955154646343569,-28.25744245086595,-299.5307574946184
324.77387116373393,2.2863780385382255,3.5555266725924155,0.49647821826583094,-28.251817940829227,-299.6687988785866
324.77451659974105,2.296487954126891,3.5558655302342865,0.4974406231964572,-28.246192252027367,-299.8068827170187
324.77516193789586,2.306597879656316,3.556204600820653,0.49840267922627834,-28.240565384899107,-299.94500902518706
324.77580717837253,2.3167078151083818,3.556543884401921,0.49936438615522327,-28.234937339883178,-300.08317781836354
324.7764523213451,2.3268177604649907,3.5568833810284937,0.5003257437831845,-28.229308117418334,-300.22138911182026
324.7770973669877,2.3369277157080166,3.557223090750774,0.5012867519099489,-28.223677717943332,-300.35964292082923
324.7777423154743,2.3470376808193687,3.5575630136191667,0.5022474103352632,-28.218046141896913,-300.49793926066263
324.77838716697914,2.3571476557809325,3.557903149684075,0.503207718858806,-28.212413389717806,-300.6362781465925
324.77903192167616,2.367257640574602,3.558243498995903,0.5041676772801695,-28.20677946184476,-300.7746595938906
324.7796765797395,2.3773676351822663,3.5585840616050537,0.5051272853989115,-28.201144358716522,-300.9130836178292
324.78032114134305,2.387477639585831,3.5589248375619325,0.5060865430144643,-28.19550808077182,-301.0515502336804
324.7809656066609,2.397587653767194,3.5592658269169415,0.5070454499262409,-28.189870628449377,-301.190059456716
324.78160997586707,2.407697677708245,3.5596070297204863,0.5080040059335804,-28.184232002187937,-301.32861130220834
324.7822542491355,2.417807711390889,3.559948446022968,0.5089622108357235,-28.178592202426245,-301.46720578542937
324.7828984266402,2.4279177547970248,3.560290075874794,0.5099200644318866,-28.172951229602994,-301.6058429216511
324.7835425085551,2.438027807908557,3.5606319193263656,0.5108775665211747,-28.167309084156955,-301.7445227261455
324.78418649505426,2.448137870707393,3.560973976428086,0.5118347169026718,-28.161665766526838,-301.88324521418485
324.78483038631146,2.4582479431754254,3.561316247230361,0.5127915153753309,-28.15602127715136,-302.02201040104103
324.7854741825007,2.4683580252945636,3.5616587317835937,0.5137479617381047,-28.150375616469248,-302.160818301986
324.78611788379595,2.4784681170467073,3.5620014301381873,0.5147040557898412,-28.144728784919238,-302.299668932292
324.78676149037096,2.488578218413779,3.5623443423445456,0.5156597973293211,-28.139080782940027,-302.438562307231
324.7874050023998,2.4986883293776794,3.5626874684530736,0.5166151861552661,-28.133431610970348,-302.57749844207507
324.78804842005627,2.5087984499203153,3.563030808514174,0.517570222066337,-28.127781269448906,-302.71647735209626
324.78869174351416,2.5189085800235906,3.563374362578252,0.5185249048610912,-28.122129758814438,-302.85549905256664
324.7893349729475,2.52901871966942,3.5637181306957078,0.5194792343380739,-28.116477079505664,-302.99456355875793
324.7899781085299,2.53912886883973,3.5640621129169503,0.520433210295713,-28.110823231961255,-303.1336708859428
324.79062115043536,2.5492390275164207,3.5644063092923797,0.5213868325323956,-28.105168216619944,-303.2728210493929
324.7912640988376,2.559349195681405,3.5647507198724004,0.5223401008464394,-28.099512033920462,-303.41201406438023
324.7919069539105,2.5694593733165965,3.5650953447074167,0.5232930150360859,-28.09385468430149,-303.551249946177
324.7925497158278,2.5795695604039226,3.565440183847833,0.5242455748995258,-28.08819616820174,-303.69052871005505
324.7931923847633,2.589679756925297,3.5657852373440515,0.5251977802348406,-28.082536486059922,-303.8298503712868
324.7938349608908,2.599789962862632,3.566130505246477,0.5261496308401181,-28.076875638314746,-303.969214945144
324.79447744438403,2.6099001781978544,3.5664759876055134,0.5271011265133065,-28.071213625404894,-304.10862244689895
324.79511983541664,2.620010402912873,3.566821684471565,0.5280522670523142,-28.065550447769095,-304.2480728918234
324.79576213416254,2.6301206369896253,3.5671675958950333,0.5290030522550051,-28.05988610584602,-304.3875662951895
324.79640434079533,2.640230880410022,3.567513721926325,0.5299534819191365,-28.05422060007439,-304.5271026722694
324.7970464554887,2.650341133155991,3.567860062615842,0.5309035558424133,-28.048553930892886,-304.66668203833495
324.7976884784165,2.6604513952094595,3.5682066180139884,0.5318532738225032,-28.042886098740205,-304.8063044086585
324.7983304097523,2.670561666552332,3.5685533881711686,0.5328026356569655,-28.037217104055067,-304.9459697985117
324.79897224966976,2.6806719471665708,3.5689003731377857,0.5337516411433123,-28.031546947276123,-305.0856782231669
324.7996139983426,2.69078223703409,3.569247572964244,0.5347002900789759,-28.02587562884209,-305.22542969789623
324.8002556559445,2.700892536136809,3.569594987700948,0.5356485822613557,-28.020203149191648,-305.3652242379715
324.800897222649,2.711002844456649,3.5699426173982993,0.5365965174877241,-28.0145295087635,-305.50506185866465
324.80153869862977,2.721113161975565,3.570290462106704,0.5375440955553579,-28.00885470799631,-305.6449425752481
324.80218008406047,2.7312234886754854,3.570638521876564,0.5384913162614025,-28.003178747328796,-305.78486640299377
324.8028213791147,2.7413338245383314,3.5709867967582847,0.5394381794029925,-27.997501627199615,-305.92483335717355
324.803462583966,2.751444169546043,3.5713352868022694,0.5403846847771492,-27.991823348047458,-306.0648434530596
324.80410369878797,2.76155452368054,3.5716839920589205,0.5413308321808579,-27.98614391031102,-306.20489670592383
324.80474472375425,2.7716648869237908,3.572032912578644,0.5422766214110402,-27.98046331442896,-306.3449931310386
324.8053856590384,2.7817752592577025,3.5723820484118427,0.543222052264519,-27.97478156083997,-306.4851327436756
324.80602650481393,2.7918856406642276,3.5727313996089194,0.5441671245380837,-27.969098649982737,-306.6253155591073
324.8066672612544,2.8019960311253005,3.5730809662202803,0.5451118380284434,-27.963414582295915,-306.76554159260536
324.80730792853336,2.8121064306228587,3.5734307482963272,0.5460561925322409,-27.9577293582182,-306.905810859442
324.80794850682423,2.8222168391388465,3.5737807458874644,0.5470001878460407,-27.952042978188253,-307.0461233748892
324.8085889963006,2.8323272566552053,3.5741309590440955,0.5479438237663752,-27.946355442644773,-307.1864791542191
324.80922939713605,2.8424376831538782,3.574481387816626,0.5488871000896918,-27.940666752026385,-307.3268782127036
324.80986970950397,2.852548118616809,3.5748320322554568,0.5498300166123569,-27.93497690677181,-307.46732056561484
324.8105099335778,2.8626585630259456,3.5751828924109925,0.5507725731306783,-27.929285907319706,-307.607806228225
324.8111500695311,2.872769016363233,3.575533968333639,0.5517147694409354,-27.923593754108715,-307.7483352158059
324.8117901175373,2.88287947861062,3.575885260073799,0.5526566053392861,-27.917900447577512,-307.8889075436297
324.8124300777698,2.8929899497500484,3.5762367676818743,0.5535980806218452,-27.912205988164803,-308.02952322696854
324.81306995040217,2.9031004297634553,3.5765884912082715,0.5545391950846685,-27.90651037630921,-308.1701822810943
324.81370973560774,2.9132109186328186,3.5769404307033925,0.5554799485237689,-27.90081361244941,-308.31088472127885
324.81434943355987,2.923321416340079,3.577292586217642,0.5564203407350128,-27.89511569702408,-308.45163056279483
324.8149890444321,2.933431922867181,3.5776449578014238,0.5573603715143154,-27.88941663047187,-308.59241982091385
324.8156285683977,2.943542438196077,3.5779975455051423,0.5583000406574081,-27.883716413231447,-308.73325251090796
324.8162680056302,2.953652962308731,3.5783503493791993,0.5592393479600588,-27.878015045741446,-308.8741286480492
324.81690735630286,2.963763495187092,3.578703369474001,0.560178293217894,-27.872312528440556,-309.01504824760997
324.81754662058904,2.9738740368131267,3.579056605839949,0.5611168762265146,-27.866608861767432,-309.156011324862
324.81818579866217,2.983984587168778,3.5794100585274484,0.5620550967814628,-27.860904046160716,-309.29701789507726
324.81882489069557,2.994095146236,3.5797637275869025,0.5629929546781796,-27.85519808205908,-309.43806797352795
324.8194638968626,3.004205713996763,3.580117613068716,0.5639304497120801,-27.849490969901165,-309.5791615754861
324.8201028173366,3.0143162904330274,3.5804717150232914,0.5648675816784854,-27.843782710125637,-309.7202987162239
324.8207416522908,3.024426875526755,3.580826033501033,0.5658043503726562,-27.838073303171136,-309.8614794110133
324.82138040189864,3.0345374692598974,3.581180568552345,0.5667407555898167,-27.832362749476324,-310.0027036751262
324.82201906633327,3.044648071614422,3.5815353202276303,0.5676767971250714,-27.826651049479857,-310.1439715238347
324.82265764576806,3.0547586825723037,3.5818902885772936,0.5686124747735084,-27.820938203620372,-310.2852829724109
324.8232961403763,3.06486930211549,3.582245473651739,0.5695477883301354,-27.81522421233651,-310.426638036127
324.8239345503313,3.074979930225971,3.582600875501369,0.5704827375898924,-27.80950907606695,-310.568036730255
324.8245728758062,3.085090566885669,3.582956494176589,0.5714173223476546,-27.803792795250324,-310.70947907006655
