galstreams/tracks/track.st.C-8.ibata2021.ecsv
# %ECSV 1.0
# ---
# datatype:
# - {name: ra, unit: deg, datatype: float64}
# - {name: dec, unit: deg, datatype: float64}
# - {name: distance, unit: kpc, datatype: float64}
# - {name: pm_ra_cosdec, unit: mas / yr, datatype: float64}
# - {name: pm_dec, unit: mas / yr, datatype: float64}
# - {name: radial_velocity, unit: km / s, datatype: float64}
# delimiter: ','
# meta: !!omap
# - __serialized_columns__:
#     dec:
#       __class__: astropy.coordinates.angles.Latitude
#       unit: &id001 !astropy.units.Unit {unit: deg}
#       value: !astropy.table.SerializedColumn {name: dec}
#     distance:
#       __class__: astropy.coordinates.distances.Distance
#       unit: !astropy.units.Unit {unit: kpc}
#       value: !astropy.table.SerializedColumn {name: distance}
#     pm_dec:
#       __class__: astropy.units.quantity.Quantity
#       unit: !astropy.units.Unit {unit: mas / yr}
#       value: !astropy.table.SerializedColumn {name: pm_dec}
#     pm_ra_cosdec:
#       __class__: astropy.units.quantity.Quantity
#       unit: !astropy.units.Unit {unit: mas / yr}
#       value: !astropy.table.SerializedColumn {name: pm_ra_cosdec}
#     ra:
#       __class__: astropy.coordinates.angles.Longitude
#       unit: *id001
#       value: !astropy.table.SerializedColumn {name: ra}
#       wrap_angle: !astropy.coordinates.Angle
#         unit: *id001
#         value: 360.0
#     radial_velocity:
#       __class__: astropy.units.quantity.Quantity
#       unit: !astropy.units.Unit {unit: km / s}
#       value: !astropy.table.SerializedColumn {name: radial_velocity}
# schema: astropy-2.0
ra,dec,distance,pm_ra_cosdec,pm_dec,radial_velocity
[from data line 728]
342.4060724052129,-75.12813685253231,3.263571793178594,8.21044929503637,6.7827577651664015,1000.0000000000017
342.4146099733679,-75.11854790700754,3.2633298978878016,8.209001758721524,6.782493451901338,1000.0000000000016
342.42318721218766,-75.1089600189654,3.2630943346614893,8.207548213381322,6.782223446776637,1000.0000000000016
342.4318042882039,-75.09937318991156,3.2628651271422164,8.206088652080286,6.781947739119747,1000.0000000000017
342.44046136756225,-75.08978742129605,3.262642298972543,8.204623067984784,6.781666318173967,1000.0000000000017
342.44915861602317,-75.08020271451288,3.2624258737950305,8.203151454363239,6.781379173098516,1000.0000000000016
342.4578961989638,-75.07061907089965,3.262215875252237,8.201673804586296,6.781086292968762,1000.0000000000014
342.46667428137897,-75.06103649173728,3.2620123269867247,8.20019011212705,6.780787666776323,1000.0000000000015
342.4754930278827,-75.05145497824958,3.2618152526410538,8.198700370561236,6.780483283429291,1000.0000000000017
342.4843526027095,-75.04187453160299,3.261624675857782,8.197204573567353,6.78017313175236,1000.0000000000017
342.4932531697158,-75.03229515290616,3.261440620279472,8.195702714926947,6.77985720048701,1000.0000000000017
342.50219489238094,-75.02271684320964,3.2612631095486817,8.1941947885248,6.779535478291656,1000.0000000000016
342.5111779338089,-75.01313960350558,3.2610921673079747,8.192680788349074,6.779207953741841,1000.0000000000016
342.5202024567293,-75.00356343472724,3.2609278171999074,8.191160708491582,6.778874615330327,1000.0000000000017
342.52926862349887,-74.99398833774879,3.260770082867043,8.18963454314794,6.778535451467382,1000.0000000000017
342.5383765961027,-74.98441431338485,3.2606189879519385,8.188102286617791,6.778190450480837,1000.0000000000016
342.54752653615554,-74.9748413623902,3.2604745560971566,8.186563933305033,6.777839600616247,1000.0000000000016
342.5567186049029,-74.96526948545937,3.2603368109452586,8.185019477717944,6.777482890037179,1000.0000000000017
342.5659529632227,-74.95569868322639,3.2602057761388012,8.183468914469554,6.77712030682525,1000.0000000000017
342.5752297716261,-74.94612895626425,3.260081475320347,8.181912238277636,6.776751838980314,1000.0000000000018
342.58454919025894,-74.93656030508475,3.2599639321324556,8.180349443965145,6.776377474420679,1000.0000000000016
342.5939113789033,-74.92699273013801,3.259853170217686,8.178780526460242,6.775997200983234,1000.0000000000017
342.603316496978,-74.91742623181213,3.2597492132186003,8.177205480796651,6.775611006423574,1000.0000000000017
342.61276470354073,-74.90786081043284,3.2596520847777577,8.17562430211374,6.7752188784162595,1000.0000000000015
342.62225615728846,-74.89829646626315,3.259561808537718,8.174036985656908,6.774820804554917,1000.0000000000017
342.6317910165593,-74.88873319950298,3.259478408141042,8.17244352677764,6.774416772352373,1000.0000000000014
342.6413694393332,-74.87917101028879,3.2594019072302896,8.170843920933834,6.774006769240906,1000.0000000000017
342.6509915832336,-74.86960989869321,3.259332329448022,8.169238163689952,6.77359078257232,1000.0000000000017
342.6606576055281,-74.8600498647247,3.2592696984367975,8.167626250717362,6.773168799618208,1000.0000000000017
342.6703676631305,-74.85049090832713,3.259214037839178,8.166008177794387,6.772740807569981,1000.0000000000017
342.680121912601,-74.84093302937949,3.259165371297722,8.164383940806658,6.7723067935391885,1000.0000000000017
342.68992051014783,-74.83137622769543,3.259123722454992,8.162753535747386,6.77186674455753,1000.0000000000017
342.6997636116288,-74.82182050302295,3.2590891149535457,8.161116958717393,6.771420647577161,1000.0000000000018
342.70965137255155,-74.81226585504405,3.259061572435945,8.159474205925582,6.770968489470736,1000.0000000000017
342.71958394807575,-74.80271228337429,3.259041118544749,8.157825273688992,6.770510257031683,1000.0000000000016
342.7295614930133,-74.79315978756244,3.259027776922518,8.156170158433115,6.77004593697424,1000.0000000000017
342.7395841618302,-74.78360836709015,3.259021571211813,8.15450885669214,6.769575515933711,1000.0000000000017
342.74965210864707,-74.77405802137152,3.2590225250551943,8.152841365109136,6.7690989804666515,1000.0000000000017
342.759765487241,-74.76450874975271,3.25903066209522,8.151167680436316,6.768616317050958,1000.0000000000018
342.7699244510458,-74.75496055151167,3.259046005974453,8.149487799535324,6.7681275120860676,1000.0000000000018
342.78012915315384,-74.74541342585763,3.2590685803354513,8.147801719377412,6.767632551893106,1000.0000000000018
342.79037974631683,-74.73586737193081,3.259098408820777,8.146109437043696,6.767131422715099,1000.0000000000018
342.8006763829469,-74.72632238880199,3.259135515072989,8.144410949725437,6.766624110717084,1000.0000000000016
342.81101921511777,-74.71677847547218,3.2591799227346465,8.142706254724253,6.7661106019863055,1000.0000000000016
342.82140839456576,-74.70723563087218,3.259231655448312,8.140995349452355,6.765590882532372,1000.0000000000018
342.83184407269107,-74.6976938538622,3.2592907368565447,8.139278231432883,6.765064938287399,1000.0000000000018
342.8423264005585,-74.68815314323159,3.2593571906019037,8.137554898300017,6.764532755106256,1000.0000000000018
342.8528555288987,-74.67861349769825,3.2594310403269513,8.135825347799377,6.763994318766567,1000.0000000000018
342.8634316081094,-74.66907491590844,3.259512309674246,8.13408957778816,6.76344961496908,1000.0000000000017
342.8740547882562,-74.6595373964363,3.2596010222863487,8.132347586235449,6.762898629337698,1000.000000000002
342.8847252190735,-74.65000093778347,3.2596972018058197,8.130599371222479,6.762341347419667,1000.0000000000018
342.89544304996605,-74.64046553837869,3.259800871875218,8.128844930942835,6.761777754685813,1000.0000000000018
342.90620843000926,-74.63093119657746,3.259912056137105,8.127084263702852,6.76120783653057,1000.0000000000017
342.9170215079509,-74.62139791066161,3.2600307782340407,8.125317367921665,6.760631578272299,1000.0000000000018
342.9278824322116,-74.6118656788389,3.2601570618085853,8.123544242131675,6.760048965153352,1000.0000000000017
342.9387913508861,-74.60233449924266,3.2602909305032988,8.121764884978708,6.75945998234026,1000.0000000000016
342.9497484117443,-74.59280436993139,3.260432407960741,8.11997929522224,6.758864614923969,1000.0000000000016
342.960753762232,-74.58327528888832,3.260581517823472,8.118187471735807,6.75826284791988,1000.0000000000017
342.97180754947203,-74.5737472540211,3.2607382837340535,8.116389413507141,6.757654666268127,1000.0000000000017
342.98290992026534,-74.56422026316137,3.2609027293350437,8.114585119638514,6.757040054833734,1000.0000000000016
342.99406102109174,-74.5546943140643,3.2610748782690044,8.112774589346971,6.756418998406694,1000.000000000002
343.00526099811094,-74.5451694044083,3.2612547541784953,8.110957821964613,6.755791481702243,1000.0000000000018
343.01650999716355,-74.53564553179449,3.261442380706075,8.109134816938914,6.755157489360943,1000.000000000002
343.02780816377185,-74.52612269374646,3.261637781494305,8.107305573832939,6.7545170059489585,1000.0000000000018
343.0391556431412,-74.51660088770974,3.2618409801857466,8.1054700923256,6.753870015958093,1000.0000000000018
343.05055258016034,-74.5070801110515,3.2620520004229583,8.10362837221204,6.753216503806069,1000.000000000002
343.06199911940257,-74.49756036106004,3.2622708658485005,8.101780413403855,6.752556453836657,1000.0000000000017
343.0734954051269,-74.48804163494445,3.262497600104934,8.09992621592934,6.751889850319785,1000.0000000000017
343.0850415812786,-74.47852392983422,3.2627322268348187,8.098065779933814,6.751216677451829,1000.0000000000016
343.0966377914903,-74.46900724277886,3.2629747696807154,8.096199105679887,6.750536919355728,1000.0000000000017
343.1082841790829,-74.45949157074736,3.263225252285183,8.09432619354781,6.749850560081093,1000.0000000000017
343.1199808870662,-74.44997691062791,3.263483698290783,8.09244704403566,6.749157583604461,1000.000000000002
343.13172805814025,-74.44046325922751,3.2637501313400743,8.090561657759674,6.7484579738294705,1000.0000000000018
343.1435258346955,-74.43095061327145,3.2640245750756174,8.088670035454616,6.747751714586947,1000.0000000000018
343.1553743588146,-74.421438969403,3.264307053139972,8.086772177973916,6.747038789635184,1000.000000000002
343.1672737722723,-74.41192832418297,3.264597589175701,8.084868086290086,6.7463191826600415,1000.0000000000017
343.17922421653714,-74.40241867408926,3.2648962068253615,8.082957761494992,6.745592877275154,1000.0000000000018
343.19122583277147,-74.39291001551649,3.265202929731515,8.08104120480014,6.744859857022032,1000.000000000002
343.20327876183313,-74.38340234477565,3.265517781536722,8.07911841753691,6.7441201053703885,1000.0000000000018
343.21538314427556,-74.37389565809353,3.2658407858835417,8.077189401157002,6.743373605718162,1000.0000000000018
343.2275391203491,-74.36438995161247,3.2661719664145346,8.075254157232589,6.742620341391763,1000.0000000000018
343.23974683000137,-74.35488522138982,3.2665113467722606,8.073312687456736,6.741860295646223,1000.0000000000017
343.2520064128786,-74.34538146339762,3.2668589505992798,8.071364993643588,6.7410934516653995,1000.0000000000017
343.26431800832603,-74.33587867352215,3.267214801538154,8.069411077728782,6.740319792562133,1000.0000000000018
343.2766817553887,-74.32637684756345,3.2675789232314423,8.067450941769724,6.739539301378411,1000.0000000000018
343.28909779281247,-74.31687598123506,3.267951339321705,8.065484587945864,6.738751961085551,1000.000000000002
343.3015662590447,-74.3073760701634,3.2683320734515013,8.06351201855901,6.7379577545844285,1000.0000000000022
343.3140872922348,-74.29787710988755,3.2687211492633925,8.061533236033702,6.737156664705594,1000.0000000000018
343.32666103023536,-74.28837909585867,3.2691185903999376,8.05954824291743,6.73634867420942,1000.0000000000018
343.3392876106025,-74.27888202343969,3.2695244205036986,8.057557041881054,6.7355337657863785,1000.0000000000018
343.3519671705972,-74.26938588790482,3.269938663217235,8.055559635719012,6.734711922057166,1000.000000000002
343.3646998471852,-74.2598906844392,3.2703613421831066,8.053556027349735,6.733883125572877,1000.000000000002
343.37748577703854,-74.25039640813836,3.2707924810438733,8.051546219815878,6.733047358815178,1000.0000000000022
343.39032509653566,-74.24090305400793,3.271232103442095,8.049530216284738,6.732204604196507,1000.0000000000017
343.40321794176276,-74.23141061696316,3.2716802330203323,8.047508020048431,6.731354844060309,1000.0000000000017
343.4161644485137,-74.22191909182845,3.272136893421147,8.045479634524419,6.730498060681054,1000.000000000002
343.42916475229146,-74.21242847333704,3.272602108287097,8.04344506325564,6.729634236264598,1000.000000000002
343.4422189883084,-74.20293875613044,3.273075901260744,8.04140430991092,6.728763352948285,1000.0000000000017
343.4553272914869,-74.19344993475809,3.273558295984647,8.039357378285345,6.727885392801085,1000.000000000002
343.46848979646046,-74.18396200367698,3.274049316101366,8.037304272300503,6.727000337823913,1000.0000000000017
343.48170663757395,-74.17447495725109,3.2745489852534635,8.035244996004833,6.726108169949626,1000.000000000002
343.49497794888435,-74.16498878975109,3.275057327083497,8.033179553574016,6.725208871043417,1000.0000000000022
343.50830386416163,-74.15550349535383,3.275574365234028,8.031107949311252,6.724302422902799,1000.000000000002
343.5216845168892,-74.14601906814191,3.2761001233476166,8.029030187647578,6.72338880725793,1000.0000000000017
343.5351200402644,-74.13653550210331,3.276634625066823,8.026946273142308,6.722468005771738,1000.0000000000017
343.5486105671997,-74.12705279113092,3.277177894034206,8.024856210483222,6.721540000040154,1000.0000000000018
343.5621562303226,-74.11757092902211,3.2777299538923277,8.022760004487019,6.720604771592242,1000.0000000000018
343.5757571619768,-74.1080899094783,3.278290828283747,8.020657660099603,6.719662301890409,1000.0000000000018
343.5894134942224,-74.09860972610451,3.2788605408510256,8.018549182396471,6.718712572330613,1000.000000000002
343.60312535883696,-74.08913037240896,3.279439115236722,8.016434576582995,6.717755564242513,1000.0000000000022
343.6168928873157,-74.07965184180262,3.2800265750833972,8.014313847994785,6.716791258889721,1000.0000000000022
343.6307162108722,-74.07017412759875,3.28062294403361,8.012187002098088,6.7158196374699415,1000.0000000000022
343.6445954604391,-74.06069722301251,3.2812282457299236,8.010054044490076,6.714840681115124,1000.0000000000022
343.6585307666685,-74.0512211211605,3.2818425038148957,8.007914980899194,6.713854370891788,1000.000000000002
343.67252225993263,-74.04174581506032,3.282465741931087,8.005769817185572,6.712860687801086,1000.000000000002
343.6865700703245,-74.03227129763012,3.283097983721058,8.003618559341255,6.711859612779065,1000.0000000000022
343.700674327658,-74.02279756168821,3.283739252827369,8.001461213490737,6.7108511266967845,1000.0000000000018
343.7148351614692,-74.01332459995255,3.284389572892579,7.999297785891126,6.709835210360659,1000.000000000002
343.72905270101614,-74.00385240504039,3.2850489675592502,7.997128282932608,6.708811844512475,1000.000000000002
343.7433270752798,-73.99438096946776,3.2857174604699413,7.994952711138821,6.707781009829706,1000.0000000000018
343.7576584129645,-73.98491028564906,3.2863950752672135,7.992771077167116,6.706742686925693,1000.0000000000022
343.77204684249836,-73.97544034589664,3.2870818355936255,7.9905833878090045,6.705696856349778,1000.0000000000023
343.78649249203374,-73.96597114242033,3.2877777650917377,7.988389649990517,6.704643498587576,1000.000000000002
343.80099548944816,-73.95650266732696,3.288482887404112,7.986189870772451,6.703582594061128,1000.000000000002
343.81555596234415,-73.94703491262003,3.289197226173306,7.983984057350919,6.7025141231291485,1000.0000000000022
343.8301740380502,-73.93756787019912,3.289920805041883,7.981772217057545,6.701438066087146,1000.000000000002
343.84484984362103,-73.92810153185958,3.2906536476524,7.979554357359927,6.7003544031677045,1000.0000000000022
343.8595835058382,-73.91863588929202,3.29139577764742,7.977330485861998,6.6992631145406385,1000.0000000000018
343.87437515121036,-73.90917093408183,3.292147218669501,7.9751006103043665,6.698164180313196,1000.0000000000022
343.88922490597383,-73.89970665770883,3.2929079943612036,7.972864738564667,6.697057580530309,1000.0000000000018
343.9041328960932,-73.89024305154673,3.2936781283650904,7.970622878657991,6.695943295174722,1000.0000000000023
343.9190992472614,-73.88078010686272,3.2944576443237175,7.96837503873721,6.694821304167252,1000.0000000000022
343.93412408490036,-73.87131781481706,3.295246565879648,7.966121227093393,6.693691587367006,1000.000000000002
343.9492075341615,-73.86185616646256,3.296044916675441,7.963861452156161,6.692554124571508,1000.0000000000022
343.96434971992585,-73.85239515274417,3.296852720353657,7.961595722494053,6.691408895516986,1000.0000000000022
343.9795507668048,-73.84293476449855,3.297670000556856,7.959324046814912,6.690255879878556,1000.0000000000018
343.99481079914034,-73.83347499245357,3.2984967809275982,7.9570464339662506,6.6890950572704,1000.0000000000018
344.01012994100535,-73.82401582722792,3.2993330851084446,7.9547628929356815,6.687926407246028,1000.0000000000022
344.025508316204,-73.8145572593306,3.300178936741954,7.952473432851251,6.686749909298474,1000.000000000002
344.0409460482726,-73.8050992791605,3.3010343594706875,7.950178062981825,6.685565542860445,1000.0000000000022
344.0564432604789,-73.79564187700592,3.301899376937204,7.947876792737551,6.684373287304595,1000.0000000000018
344.0720000758237,-73.78618504304421,3.3027740127840657,7.945569631670091,6.683173121943778,1000.000000000002
344.08761661704034,-73.77672876734115,3.3036582906538317,7.943256589473154,6.681965026031143,1000.0000000000023
344.1032930065954,-73.7672730398507,3.3045522341890607,7.940937675982803,6.680748978760466,1000.000000000002
