galstreams/tracks/track.st.Leiptr.ibata2021.ecsv
# %ECSV 0.9
# ---
# datatype:
# - {name: ra, unit: deg, datatype: float64}
# - {name: dec, unit: deg, datatype: float64}
# - {name: distance, unit: kpc, datatype: float64}
# - {name: pm_ra_cosdec, unit: mas / yr, datatype: float64}
# - {name: pm_dec, unit: mas / yr, datatype: float64}
# - {name: radial_velocity, unit: km / s, datatype: float64}
# delimiter: ','
# meta: !!omap
# - __serialized_columns__:
#     dec:
#       __class__: astropy.coordinates.angles.Latitude
#       unit: &id001 !astropy.units.Unit {unit: deg}
#       value: !astropy.table.SerializedColumn {name: dec}
#     distance:
#       __class__: astropy.coordinates.distances.Distance
#       unit: !astropy.units.Unit {unit: kpc}
#       value: !astropy.table.SerializedColumn {name: distance}
#     pm_dec:
#       __class__: astropy.units.quantity.Quantity
#       unit: !astropy.units.Unit {unit: mas / yr}
#       value: !astropy.table.SerializedColumn {name: pm_dec}
#     pm_ra_cosdec:
#       __class__: astropy.units.quantity.Quantity
#       unit: !astropy.units.Unit {unit: mas / yr}
#       value: !astropy.table.SerializedColumn {name: pm_ra_cosdec}
#     ra:
#       __class__: astropy.coordinates.angles.Longitude
#       unit: *id001
#       value: !astropy.table.SerializedColumn {name: ra}
#       wrap_angle: !astropy.coordinates.Angle
#         unit: *id001
#         value: 360.0
#     radial_velocity:
#       __class__: astropy.units.quantity.Quantity
#       unit: !astropy.units.Unit {unit: km / s}
#       value: !astropy.table.SerializedColumn {name: radial_velocity}
# schema: astropy-2.0
ra,dec,distance,pm_ra_cosdec,pm_dec,radial_velocity
[from data line 6678]
111.60387345861709,-42.60595676703183,6.273764359003996,8.961254307618933,-5.461238653259446,-5.0524602779234026e-14
111.61529338762182,-42.61141064085387,6.273113111045758,8.960000045859132,-5.458886791797792,-1.6841534259744676e-14
111.6267151549725,-42.61686358338671,6.272461454517526,8.958745044521088,-5.456534677003906,-1.6841534259744676e-14
111.63813876102994,-42.62231559428708,6.271809389270456,8.95748930336436,-5.454182309213563,-3.368306851948935e-14
111.64956420615474,-42.62776667321156,6.271156915155704,8.956232822148488,-5.451829688762765,-1.6841534259744676e-14
111.66099149070733,-42.63321681981667,6.270504032024424,8.954975600632986,-5.44947681598774,-1.6841534259744676e-14
111.67242061504798,-42.63866603375878,6.269850739727772,8.953717638577338,-5.447123691224935,-6.73661370389787e-14
111.68385157953686,-42.644114314694285,6.269197038116901,8.952458935741014,-5.444770314811018,1.6841534259744676e-14
111.69528438453389,-42.649561662279375,6.268542927042969,8.951199491883454,-5.4424166870828845,-3.368306851948935e-14
111.70671903039883,-42.65500807617022,6.26788840635713,8.949939306764065,-5.4400628083776486,-3.368306851948935e-14
111.71815551749135,-42.66045355602291,6.267233475910537,8.948678380142251,-5.437708679032648,3.368306851948935e-14
111.72959384617086,-42.665898101493376,6.266578135554348,8.947416711777375,-5.435354299385452,-1.6841534259744676e-14
111.74103401679668,-42.67134171223755,6.265922385139718,8.946154301428784,-5.432999669773839,-5.0524602779234026e-14
111.75247602972792,-42.67678438791119,6.265266224517799,8.944891148855795,-5.430644790535819,-6.73661370389787e-14
111.76391988532353,-42.68222612817005,6.264609653539749,8.943627253817706,-5.42828966200962,-1.6841534259744676e-14
111.7753655839423,-42.687666932669735,6.263952672056721,8.942362616073794,-5.425934284533708,-1.6841534259744676e-14
111.78681312594286,-42.693106801065774,6.263295279919871,8.941097235383307,-5.42357865844676,0.0
111.79826251168366,-42.698545733013624,6.262637476980354,8.93983111150547,-5.42122278408767,0.0
111.80971374152296,-42.70398372816864,6.261979263089325,8.938564244199485,-5.418866661795573,1.6841534259744676e-14
111.8211668158189,-42.70942078618608,6.2613206380979385,8.937296633224545,-5.41651029190982,-1.6841534259744676e-14
111.83262173492945,-42.71485690672118,6.260661601857348,8.9360282783398,-5.414153674769981,3.368306851948935e-14
111.84407849921232,-42.720292089428966,6.2600021542187125,8.934759179304383,-5.411796810715863,3.368306851948935e-14
111.85553710902515,-42.725726333964474,6.2593422950331865,8.933489335877402,-5.409439700087483,-1.6841534259744676e-14
111.8669975647254,-42.731159639982614,6.2586820241519225,8.932218747817956,-5.407082343225094,-8.420767129872338e-14
111.87845986667035,-42.73659200713826,6.258021341426077,8.930947414885107,-5.404724740469154,6.73661370389787e-14
111.88992401521705,-42.74202343508609,6.257360246706804,8.929675336837903,-5.402366892160378,-1.6841534259744676e-14
111.90139001072245,-42.74745392348078,6.256698739845258,8.928402513435369,-5.400008798639682,-3.368306851948935e-14
111.91285785354334,-42.75288347197693,6.256036820692596,8.927128944436493,-5.397650460248203,1.6841534259744676e-14
111.92432754403626,-42.75831208022896,6.255374489099973,8.925854629600263,-5.395291877327322,-8.420767129872338e-14
111.93579908255766,-42.76373974789132,6.254711744918542,8.924579568685632,-5.392933050218632,3.368306851948935e-14
111.94727246946378,-42.76916647461826,6.254048587999461,8.923303761451525,-5.390573979263946,-3.368306851948935e-14
111.95874770511071,-42.77459226006404,6.253385018193882,8.922027207656873,-5.388214664805325,1.6841534259744676e-14
111.9702247898543,-42.78001710388275,6.252721035352962,8.920749907060552,-5.38585510718503,1.6841534259744676e-14
111.9817037240503,-42.78544100572844,6.252056639327855,8.919471859421433,-5.38349530674556,-1.6841534259744676e-14
111.99318450805433,-42.79086396525507,6.251391829969714,8.91819306449837,-5.381135263829635,1.6841534259744676e-14
112.00466714222168,-42.79628598211648,6.2507266071297005,8.91691352205018,-5.378774978780204,-5.0524602779234026e-14
112.01615162690763,-42.80170705596646,6.250060970658963,8.915633231835669,-5.376414451940439,1.6841534259744676e-14
112.0276379624672,-42.80712718645871,6.249394920408661,8.91435219361362,-5.374053683653736,-3.368306851948935e-14
112.03912614925524,-42.8125463732468,6.248728456229945,8.9130704071428,-5.371692674263727,-1.6841534259744676e-14
112.05061618762643,-42.81796461598426,6.248061577973975,8.911787872181947,-5.369331424114256,1.6841534259744676e-14
112.06210807793532,-42.82338191432451,6.247394285491902,8.910504588489776,-5.3669699335494006,-5.0524602779234026e-14
112.07360182053624,-42.828798267920874,6.246726578634883,8.909220555825005,-5.364608202913468,-3.368306851948935e-14
112.08509741578335,-42.83421367642661,6.246058457254074,8.907935773946285,-5.362246232550979,5.0524602779234026e-14
112.09659486403066,-42.83962813949488,6.245389921200627,8.906650242612299,-5.359884022806696,0.0
112.10809416563197,-42.84504165677875,6.244720970325698,8.90536396158167,-5.357521574025592,-1.6841534259744676e-14
112.11959532094092,-42.85045422793119,6.244051604480446,8.90407693061302,-5.355158886552882,3.368306851948935e-14
112.131098330311,-42.85586585260512,6.243381823516019,8.902789149464951,-5.352795960733996,8.420767129872338e-14
112.14260319409547,-42.86127653045335,6.242711627283576,8.901500617896033,-5.350432796914596,3.368306851948935e-14
112.15410991264746,-42.86668626112857,6.242041015634276,8.900211335664823,-5.348069395440572,0.0
112.1656184863199,-42.87209504428345,6.241369988419266,8.898921302529864,-5.345705756658035,6.73661370389787e-14
112.17712891546554,-42.877502879570514,6.240698545489707,8.897630518249665,-5.343341880913328,5.0524602779234026e-14
112.18864120043696,-42.88290976664222,6.2400266866967495,8.896338982582733,-5.340977768553026,1.6841534259744676e-14
112.20015534158661,-42.88831570515094,6.239354411891553,8.89504669528754,-5.338613419923913,3.368306851948935e-14
112.21167133926666,-42.893720694748964,6.23868172092527,8.893753656122549,-5.336248835373022,-1.6841534259744676e-14
112.22318919382921,-42.89912473508849,6.238008613649055,8.892459864846192,-5.333884015247595,5.0524602779234026e-14
112.23470890562609,-42.90452782582164,6.237335089914065,8.891165321216896,-5.331518959895115,3.368306851948935e-14
112.24623047500899,-42.90992996660038,6.236661149571454,8.889870024993058,-5.32915366966329,3.368306851948935e-14
112.25775390232945,-42.91533115707667,6.235986792472377,8.888573975933056,-5.326788144900048,-6.73661370389787e-14
112.26927918793878,-42.92073139690238,6.23531201846799,8.887277173795257,-5.324422385953551,0.0
112.28080633218815,-42.926130685729255,6.234636827409447,8.88597961833801,-5.32205639317219,-1.6841534259744676e-14
112.29233533542855,-42.93152902320895,6.233961219147901,8.88468130931963,-5.319690166904575,1.6841534259744676e-14
112.30386619801072,-42.93692640899305,6.23328519353451,8.883382246498433,-5.317323707499562,-5.0524602779234026e-14
112.31539892028532,-42.94232284273306,6.2326087504204315,8.882082429632701,-5.314957015306216,-3.368306851948935e-14
112.32693350260274,-42.94771832408038,6.231931889656814,8.880781858480704,-5.31259009067384,3.368306851948935e-14
112.33846994531329,-42.95311285268634,6.231254611094817,8.879480532800688,-5.3102229339519536,-1.6841534259744676e-14
112.35000824876701,-42.95850642820217,6.230576914585593,8.878178452350898,-5.3078555454903285,3.368306851948935e-14
112.36154841331377,-42.963899050279004,6.229898799980299,8.876875616889542,-5.305487925638949,8.420767129872338e-14
112.3730904393033,-42.9692907185679,6.229220267130089,8.875572026174817,-5.303120074748019,6.73661370389787e-14
112.38463432708511,-42.97468143271985,6.22854131588612,8.874267679964904,-5.300751993167994,1.6841534259744676e-14
112.39618007700855,-42.98007119238572,6.227861946099546,8.872962578017964,-5.2983836812495415,-3.368306851948935e-14
112.4077276894228,-42.98545999721631,6.227182157621521,8.871656720092137,-5.29601513934356,0.0
112.41927716467683,-42.99084784686236,6.226501950303197,8.870350105945553,-5.293646367801182,-3.368306851948935e-14
112.43082850311941,-42.99623474097444,6.225821323995737,8.869042735336322,-5.291277366973767,1.6841534259744676e-14
112.44238170509914,-43.001620679203114,6.225140278550291,8.86773460802253,-5.288908137212905,0.0
112.45393677096449,-43.007005661198804,6.2244588138180115,8.866425723762251,-5.286538678870409,-5.0524602779234026e-14
112.46549370106368,-43.01238968661191,6.223776929650058,8.865116082313554,-5.284168992298328,0.0
112.47705249574476,-43.01777275509268,6.223094625897586,8.863805683434467,-5.281799077848943,5.0524602779234026e-14
112.48861315535562,-43.0231548662913,6.222411902411746,8.862494526883019,-5.279428935874753,1.6841534259744676e-14
112.50017568024394,-43.028536019857874,6.221728759043698,8.861182612417212,-5.277058566728499,3.368306851948935e-14
112.51174007075721,-43.033916215442424,6.221045195644593,8.859869939795042,-5.274687970763143,1.6841534259744676e-14
112.52330632724274,-43.03929545269485,6.2203612120655905,8.858556508774473,-5.272317148331885,-5.0524602779234026e-14
112.53487445004772,-43.044673731265014,6.21967680815784,8.857242319113473,-5.269946099788141,-1.6841534259744676e-14
112.54644443951902,-43.05005105080266,6.218991983772501,8.855927370569978,-5.2675748254855765,1.6841534259744676e-14
112.55801629600344,-43.055427410957435,6.2183067387607265,8.854611662901908,-5.265203325778072,1.6841534259744676e-14
112.56959001984758,-43.060802811378935,6.217621072973671,8.85329519586718,-5.26283160101974,-3.368306851948935e-14
112.58116561139775,-43.06617725171664,6.2169349862624905,8.851977969223679,-5.260459651564933,-1.6841534259744676e-14
112.5927430710002,-43.07155073161994,6.2162484784783425,8.850659982729283,-5.258087477768224,-3.368306851948935e-14
112.60432239900094,-43.076923250738204,6.215561549472376,8.849341236141857,-5.2557150799844194,-3.368306851948935e-14
112.61590359574575,-43.0822948087206,6.2148741990957515,8.84802172921924,-5.253342458568559,1.6841534259744676e-14
112.6274866615803,-43.08766540521629,6.214186427199621,8.84670146171927,-5.25096961387591,-1.6841534259744676e-14
112.63907159685003,-43.09303503987433,6.213498233635144,8.84538043339975,-5.248596546261968,0.0
112.6506584019002,-43.0984037123437,6.212809618253468,8.844058644018485,-5.246223256082465,-1.6841534259744676e-14
112.66224707707588,-43.103771422273276,6.212120580905753,8.842736093333263,-5.243849743693367,1.6841534259744676e-14
112.67383762272193,-43.10913816931185,6.211431121443154,8.841412781101852,-5.24147600945086,5.0524602779234026e-14
112.68543003918305,-43.11450395310811,6.210741239716825,8.840088707081991,-5.239102053711367,3.368306851948935e-14
112.69702432680373,-43.11986877331069,6.210050935577922,8.838763871031437,-5.236727876831545,-3.368306851948935e-14
112.70862048592828,-43.12523262956815,6.209360208877599,8.837438272707907,-5.234353479168281,-1.6841534259744676e-14
112.72021851690084,-43.13059552152891,6.2086690594670095,8.836111911869107,-5.231978861078685,6.73661370389787e-14
112.73181842006528,-43.13595744884133,6.207977487197312,8.834784788272735,-5.229604022920116,-1.6841534259744676e-14
112.74342019576541,-43.141318411153705,6.207285491919661,8.833456901676476,-5.227228965050146,-1.6841534259744676e-14
112.75502384434472,-43.14667840811419,6.20659307348521,8.83212825183799,-5.224853687826592,0.0
112.76662936614662,-43.15203743937092,6.205900231745113,8.83079883851493,-5.222478191607495,-6.73661370389787e-14
112.77823676151421,-43.15739550457188,6.205206966550526,8.829468661464936,-5.220102476751132,-1.6841534259744676e-14
112.78984603079046,-43.162752603365014,6.204513277752605,8.828137720445635,-5.217726543616013,-1.6841534259744676e-14
112.8014571743182,-43.168108735398185,6.203819165202506,8.826806015214634,-5.2153503925608735,5.0524602779234026e-14
112.81307019243997,-43.173463900319085,6.203124628751381,8.825473545529526,-5.212974023944692,0.0
112.82468508549816,-43.178818097775434,6.202429668250387,8.824140311147904,-5.210597438126669,3.368306851948935e-14
112.836301853835,-43.18417132741481,6.201734283550679,8.822806311827325,-5.208220635466237,6.73661370389787e-14
112.84792049779243,-43.18952358888467,6.201038474503411,8.821471547325352,-5.205843616323078,-6.73661370389787e-14
112.85954101771232,-43.19487488183245,6.200342240959741,8.820136017399527,-5.203466381057082,-1.1789073981821273e-13
112.87116341393626,-43.2002252059055,6.199645582770819,8.818799721807387,-5.2010889300283925,-1.6841534259744676e-14
112.88278768680568,-43.205574560751,6.198948499787804,8.817462660306436,-5.198711263597366,-1.6841534259744676e-14
112.89441383666178,-43.21092294601615,6.198250991861849,8.816124832654188,-5.196333382124617,-3.368306851948935e-14
112.90604186384562,-43.216270361347966,6.197553058844109,8.814786238608134,-5.193955285970974,-1.6841534259744676e-14
112.91767176869801,-43.221616806393456,6.1968547005857415,8.813446877925747,-5.191576975497494,0.0
112.92930355155961,-43.2269622807995,6.196155916937899,8.812106750364494,-5.189198451065487,-1.6841534259744676e-14
112.94093721277083,-43.2323067842129,6.195456707751739,8.81076585568183,-5.186819713036483,6.73661370389787e-14
112.95257275267197,-43.23765031628039,6.194757072878412,8.809424193635198,-5.1844407617722466,1.6841534259744676e-14
112.96421017160301,-43.24299287664856,6.194057012169078,8.808081763982024,-5.182061597634781,3.368306851948935e-14
112.97584946990385,-43.248334464963996,6.19335652547489,8.80673856647973,-5.179682220986317,-1.6841534259744676e-14
112.98749064791411,-43.25367508087314,6.192655612647004,8.805394600885714,-5.1773026321893205,-5.0524602779234026e-14
112.99913370597328,-43.25901472402238,6.191954273536571,8.804049866957369,-5.174922831606493,-1.6841534259744676e-14
113.01077864442061,-43.26435339405796,6.19125250799475,8.802704364452087,-5.172542819600768,-1.6841534259744676e-14
113.02242546359514,-43.26969109062613,6.190550315872698,8.801358093127229,-5.170162596535316,3.368306851948935e-14
113.03407416383577,-43.27502781337298,6.189847697021564,8.800011052740157,-5.167782162773536,-5.894536990910637e-14
113.04572474548114,-43.28036356194455,6.189144651292507,8.798663243048217,-5.165401518679068,3.368306851948935e-14
113.0573772088697,-43.28569833598675,6.188441178536682,8.797314663808741,-5.163020664615781,8.420767129872338e-15
113.06903155433974,-43.29103213514547,6.187737278605242,8.79596531477906,-5.1606396009477775,-5.894536990910637e-14
113.0806877822293,-43.29636495906648,6.187032951349344,8.794615195716483,-5.158258328039397,-4.210383564936169e-14
113.09234589287628,-43.30169680739545,6.186328196620142,8.793264306378322,-5.155876846255218,4.210383564936169e-14
113.10400588661831,-43.30702767977797,6.185623014268792,8.791912646521855,-5.153495155960043,2.5262301389617013e-14
113.1156677637929,-43.31235757585956,6.184917404146448,8.790560215904367,-5.151113257518912,-1.6841534259744676e-14
113.12733152473727,-43.31768649528566,6.184211366104264,8.78920701428314,-5.1487311512971115,7.578690416885104e-14
113.13899716978847,-43.32301443770159,6.183504899993399,8.787853041415419,-5.146348837660152,-2.5262301389617013e-14
113.15066469928344,-43.32834140275262,6.182798005665001,8.786498297058465,-5.143966316973771,5.0524602779234026e-14
113.16233411355873,-43.3336673900839,6.182090682970235,8.785142780969514,-5.1415835896039646,-2.5262301389617013e-14
113.17400541295088,-43.338992399340526,6.181382931760248,8.783786492905794,-5.139200655916939,-1.6841534259744676e-14
113.18567859779613,-43.3443164301675,6.180674751886196,8.782429432624529,-5.13681751627915,8.420767129872338e-15
113.19735366843048,-43.34963948220972,6.1799661431992385,8.781071599882921,-5.134434171057288,-3.368306851948935e-14
