galstreams/tracks/track.st.Phlegethon.ibata2021.ecsv
# %ECSV 0.9
# ---
# datatype:
# - {name: ra, unit: deg, datatype: float64}
# - {name: dec, unit: deg, datatype: float64}
# - {name: distance, unit: kpc, datatype: float64}
# - {name: pm_ra_cosdec, unit: mas / yr, datatype: float64}
# - {name: pm_dec, unit: mas / yr, datatype: float64}
# - {name: radial_velocity, unit: km / s, datatype: float64}
# delimiter: ','
# meta: !!omap
# - __serialized_columns__:
#     dec:
#       __class__: astropy.coordinates.angles.Latitude
#       unit: &id001 !astropy.units.Unit {unit: deg}
#       value: !astropy.table.SerializedColumn {name: dec}
#     distance:
#       __class__: astropy.coordinates.distances.Distance
#       unit: !astropy.units.Unit {unit: kpc}
#       value: !astropy.table.SerializedColumn {name: distance}
#     pm_dec:
#       __class__: astropy.units.quantity.Quantity
#       unit: !astropy.units.Unit {unit: mas / yr}
#       value: !astropy.table.SerializedColumn {name: pm_dec}
#     pm_ra_cosdec:
#       __class__: astropy.units.quantity.Quantity
#       unit: !astropy.units.Unit {unit: mas / yr}
#       value: !astropy.table.SerializedColumn {name: pm_ra_cosdec}
#     ra:
#       __class__: astropy.coordinates.angles.Longitude
#       unit: *id001
#       value: !astropy.table.SerializedColumn {name: ra}
#       wrap_angle: !astropy.coordinates.Angle
#         unit: *id001
#         value: 360.0
#     radial_velocity:
#       __class__: astropy.units.quantity.Quantity
#       unit: !astropy.units.Unit {unit: km / s}
#       value: !astropy.table.SerializedColumn {name: radial_velocity}
# schema: astropy-2.0
ra,dec,distance,pm_ra_cosdec,pm_dec,radial_velocity
[from data line 5928]
325.2867474418145,10.5883177935293,3.9100398767372617,1.1496545419902562,-23.276807595527902,-1.6841534259744676e-14
325.2873709126285,10.598429855397567,3.91057052823262,1.1502578331597981,-23.2703622110184,0.0
325.2879944288825,10.60854191261858,3.9111014340539905,1.1508605929398568,-23.263916008665483,-1.6841534259744676e-14
325.28861799075736,10.618653965174826,3.9116325942517784,1.151462821092229,-23.257468988909377,-6.73661370389787e-14
325.28924159843416,10.628766013048793,3.912164008876387,1.1520645173786743,-23.251021152190273,-5.0524602779234026e-14
325.2898652520938,10.638878056223001,3.9126956779782183,1.152665681560938,-23.244572498948386,-3.368306851948935e-14
325.2904889519175,10.648990094679924,3.91322760160768,1.1532663134007441,-23.23812302962392,1.6841534259744676e-14
325.2911126980861,10.659102128402091,3.9137597798151726,1.153866412659795,-23.231672744657093,-1.6841534259744676e-14
325.291736490781,10.669214157371977,3.914292212651101,1.1544659790997622,-23.22522164448813,1.6841534259744676e-14
325.29236033018304,10.679326181572074,3.914824900165868,1.1550650124823107,-23.218769729557266,3.368306851948935e-14
325.2929842164736,10.68943820098491,3.9153578424098794,1.155663512569065,-23.212317000304704,0.0
325.29360814983386,10.699550215592977,3.9158910394335367,1.1562614791216423,-23.205863457170707,-8.420767129872338e-14
325.2942321304449,10.709662225378754,3.916424491287246,1.1568589119016346,-23.19940910059547,1.6841534259744676e-14
325.29485615848824,10.719774230324763,3.9169581980214097,1.1574558106706048,-23.192953931019275,6.73661370389787e-14
325.295480234145,10.729886230413522,3.917492159686432,1.1580521751901083,-23.186497948882344,-1.6841534259744676e-14
325.2961043575965,10.739998225627494,3.9180263763327163,1.1586480052216643,-23.180041154624917,3.368306851948935e-14
325.29672852902416,10.750110215949212,3.9185608480106664,1.159243300526781,-23.17358354868726,0.0
325.2973527486094,10.760222201361154,3.919095574770687,1.1598380608669374,-23.16712513150963,-3.368306851948935e-14
325.2979770165336,10.77033418184585,3.91963055666318,1.1604322860035954,-23.160665903532298,-3.368306851948935e-14
325.29860133297814,10.780446157385782,3.9201657937385526,1.1610259756982027,-23.154205865195483,-3.368306851948935e-14
325.29922569812464,10.790558127963473,3.920701286047204,1.1616191297121656,-23.147745016939506,-1.6841534259744676e-14
325.2998501121546,10.800670093561413,3.921237033639543,1.1622117478068903,-23.141283359204596,0.0
325.3004745752495,10.810782054162114,3.921773036565969,1.162803829743751,-23.134820892431048,1.6841534259744676e-14
325.30109908759096,10.820894009748079,3.9223092948768876,1.163395375284102,-23.128357617059137,5.0524602779234026e-14
325.3017236493606,10.831005960301828,3.922845808622705,1.1639863841892795,-23.12189353352915,0.0
325.3023482607401,10.841117905805852,3.923382577853819,1.1645768562205918,-23.11542864228138,3.368306851948935e-14
325.302972921911,10.851229846242658,3.9239196026206393,1.1651667911393429,-23.108962943756104,-8.420767129872338e-14
325.30359763305523,10.861341781594755,3.9244568829735664,1.165756188706792,-23.102496438393622,-1.6841534259744676e-14
325.3042223943543,10.87145371184465,3.924994418963007,1.1663450486841995,-23.096029126634228,5.0524602779234026e-14
325.30484720599026,10.881565636974864,3.9255322106393615,1.1669333708327863,-23.089561008918235,5.0524602779234026e-14
325.30547206814464,10.891677556967895,3.9260702580530347,1.1675211549137725,-23.08309208568595,0.0
325.3060969809995,10.901789471806246,3.9266085612544313,1.1681084006883387,-23.07662235737767,3.368306851948935e-14
325.3067219447365,10.911901381472445,3.927147120293956,1.16869510791766,-23.070151824433726,-8.420767129872338e-14
325.3073469595378,10.922013285948985,3.9276859352220095,1.1692812763628782,-23.06368048729443,-3.368306851948935e-14
325.3079720255852,10.932125185218391,3.9282250060889985,1.1698669057851276,-23.05720834640008,-5.0524602779234026e-14
325.30859714306064,10.942237079263153,3.9287643329453252,1.170451995945512,-23.050735402191044,0.0
325.3092223121461,10.952348968065792,3.9293039158413943,1.1710365466051262,-23.04426165510763,0.0
325.30984753302374,10.962460851608832,3.9298437548276084,1.171620557525023,-23.037787105590187,-5.0524602779234026e-14
325.31047280587563,10.972572729874777,3.9303838499543726,1.1722040284662603,-23.031311754079013,1.6841534259744676e-14
325.31109813088375,10.98268460284613,3.9309242012720897,1.1727869591898652,-23.024835601014512,-1.6841534259744676e-14
325.3117235082303,10.992796470505414,3.9314648088311643,1.1733693494568431,-23.018358646836973,1.6841534259744676e-14
325.31234893809744,11.002908332835137,3.932005672682,1.1739511990281766,-23.011880891986774,-5.0524602779234026e-14
325.3129744206674,11.013020189817826,3.9325467928750006,1.1745325076648416,-23.005402336904268,-3.368306851948935e-14
325.31359995612246,11.023132041435973,3.93308816946057,1.1751132751277775,-22.9989229820298,0.0
325.3142255446447,11.033243887672118,3.933629802489111,1.175693501177919,-22.992442827803757,-1.6841534259744676e-14
325.3148511864167,11.043355728508741,3.9341716920110277,1.1762731855761674,-22.98596187466648,-3.368306851948935e-14
325.3154768816206,11.053467563928393,3.934713838076726,1.1768523280834204,-22.97948012305834,-1.6841534259744676e-14
325.3161026304388,11.063579393913583,3.935256240736607,1.177430928460537,-22.97299757341972,0.0
325.31672843305375,11.073691218446807,3.935798900041075,1.1780089864683767,-22.966514226191,3.368306851948935e-14
325.3173542896479,11.083803037510611,3.9363418160405352,1.1785865018677653,-22.96003008181255,-3.368306851948935e-14
325.31798020040355,11.093914851087474,3.93688498878539,1.179163474419514,-22.953545140724763,-1.6841534259744676e-14
325.3186061655034,11.104026659159937,3.9374284183260446,1.179739903884415,-22.947059403368026,3.368306851948935e-14
325.3192321851299,11.114138461710526,3.9379721047129013,1.1803157900232368,-22.940572870182738,3.368306851948935e-14
325.3198582594657,11.12425025872175,3.938516047996364,1.1808911325967393,-22.934085541609296,-8.420767129872338e-14
325.32048438869333,11.134362050176112,3.9390602482268373,1.1814659313656497,-22.927597418088087,-1.6841534259744676e-14
325.32111057299545,11.144473836056155,3.9396047054547245,1.1820401860906926,-22.921108500059525,1.6841534259744676e-14
325.3217368125547,11.154585616344397,3.9401494197304303,1.1826138965325566,-22.914618787964024,-1.6841534259744676e-14
325.3223631075539,11.164697391023331,3.9406943911043575,1.1831870624519252,-22.908128282241986,1.6841534259744676e-14
325.3229894581756,11.174809160075514,3.94123961962691,1.183759683609452,-22.901636983333834,-6.73661370389787e-14
325.3236158646027,11.184920923483428,3.9417851053484916,1.1843317597657839,-22.895144891679987,0.0
325.324242327018,11.195032681229627,3.942330848319506,1.1849032906815347,-22.888652007720882,0.0
325.3248688456044,11.205144433296619,3.9428768485903585,1.1854742761173078,-22.882158331896918,-5.0524602779234026e-14
325.32549542054466,11.215256179666923,3.9434231062114513,1.186044715833693,-22.87566386464856,3.368306851948935e-14
325.3261220520218,11.225367920323059,3.9439696212331876,1.1866146095912473,-22.869168606416242,-1.6841534259744676e-14
325.3267487402186,11.235479655247563,3.944516393705973,1.1871839571505318,-22.86267255764037,-3.368306851948935e-14
325.32737548531827,11.245591384422939,3.9450634236802102,1.187752758272059,-22.856175718761417,-3.368306851948935e-14
325.3280022875037,11.25570310783174,3.9456107112063026,1.188321012716353,-22.849678090219832,-3.368306851948935e-14
325.32862914695795,11.26581482545646,3.9461582563346562,1.1888887202438985,-22.84317967245605,3.368306851948935e-14
325.329256063864,11.275926537279629,3.9467060591156717,1.1894558806151758,-22.836680465910554,-3.368306851948935e-14
325.3298830384052,11.28603824328378,3.947254119599755,1.1900224935906363,-22.830180471023777,-3.368306851948935e-14
325.3305100707646,11.296149943451436,3.947802437837309,1.190588558930717,-22.823679688236197,-1.6841534259744676e-14
325.33113716112535,11.30626163776512,3.9483510138787388,1.1911540763958428,-22.817178117988277,0.0
325.33176430967063,11.316373326207351,3.9488998477744466,1.191719045746414,-22.810675760720493,-3.368306851948935e-14
325.33239151658387,11.326485008760669,3.949448939574837,1.1922834667428146,-22.804172616873313,3.368306851948935e-14
325.3330187820482,11.336596685407587,3.949998289330313,1.1928473391454106,-22.79766868688724,0.0
325.33364610624704,11.346708356130643,3.9505478970912797,1.193410662714553,-22.79116397120272,1.6841534259744676e-14
325.33427348936374,11.356820020912362,3.9510977629081396,1.1939734372105706,-22.78465847026028,-1.6841534259744676e-14
325.33490093158167,11.366931679735256,3.951647886831297,1.1945356623937826,-22.77815218450038,0.0
325.33552843308433,11.377043332581879,3.952198268911156,1.1950973380244774,-22.771645114363526,-5.0524602779234026e-14
325.33615599405516,11.38715497943473,3.9527489091981214,1.1956584638629366,-22.765137260290224,3.368306851948935e-14
325.3367836146776,11.39726662027636,3.953299807742595,1.1962190396694266,-22.758628622720977,3.368306851948935e-14
325.33741129513527,11.407378255089295,3.953850964594981,1.1967790652041905,-22.752119202096274,-1.6841534259744676e-14
325.33803903561176,11.417489883856058,3.9544023798056833,1.197338540227446,-22.74560899885665,0.0
325.3386668362906,11.427601506559176,3.954954053425106,1.1978974644994147,-22.739098013442614,0.0
325.3392946973555,11.43771312318119,3.955505985503653,1.198455837780283,-22.732586246294684,-3.368306851948935e-14
325.33992261899016,11.447824733704616,3.9560581760917293,1.1990136598302275,-22.726073697853373,-1.6841534259744676e-14
325.34055060137825,11.457936338111999,3.9566106252397355,1.1995709304094069,-22.71956036855922,-1.6841534259744676e-14
325.3411786447036,11.468047936385867,3.9571633329980775,1.2001276492779627,-22.71304625885275,-6.73661370389787e-14
325.3418067491499,11.47815952850874,3.9577162994171595,1.2006838161960225,-22.70653136917449,-5.0524602779234026e-14
325.34243491490105,11.488271114463167,3.9582695245473842,1.2012394309236896,-22.700015699964997,-3.368306851948935e-14
325.3430631421409,11.498382694231665,3.9588230084391562,1.2017944932210538,-22.693499251664797,-6.73661370389787e-14
325.34369143105334,11.508494267796767,3.9593767511428792,1.2023490028482002,-22.686982024714446,1.6841534259744676e-14
325.3443197818223,11.518605835141022,3.959930752708957,1.2029029595651746,-22.6804640195545,-3.368306851948935e-14
325.3449481946318,11.528717396246954,3.960485013187792,1.203456363132029,-22.673945236625492,-1.6841534259744676e-14
325.34557666966583,11.538828951097097,3.961039532629789,1.2040092133087785,-22.66742567636801,0.0
325.3462052071084,11.548940499673972,3.961594311085353,1.2045615098554388,-22.66090533922259,-3.368306851948935e-14
325.3468338071436,11.559052041960134,3.962149348604886,1.205113252532002,-22.654384225629816,-6.73661370389787e-14
325.3474624699556,11.569163577938113,3.962704645238794,1.2056644410984378,-22.64786233603024,1.6841534259744676e-14
325.3480911957285,11.579275107590442,3.963260201037478,1.2062150753147118,-22.64133967086446,-6.73661370389787e-14
325.3487199846465,11.589386630899645,3.963816016051342,1.206765154940769,-22.63481623057303,-5.0524602779234026e-14
325.34934883689385,11.599498147848264,3.9643720903307917,1.2073146797365346,-22.628292015596546,0.0
325.3499777526548,11.609609658418844,3.9649284239262306,1.2078636494619184,-22.621767026375586,-1.6841534259744676e-14
325.3506067321137,11.61972116259392,3.9654850168880618,1.2084120638768179,-22.61524126335075,-3.368306851948935e-14
325.35123577545477,11.629832660356017,3.96604186926669,1.2089599227411172,-22.60871472696262,0.0
325.3518648828625,11.639944151687681,3.9665989811125173,1.2095072258146697,-22.602187417651812,-3.368306851948935e-14
325.35249405452123,11.650055636571452,3.967156352475948,1.2100539728573363,-22.595659335858894,-1.6841534259744676e-14
325.35312329061543,11.66016711498986,3.9677139834073882,1.2106001636289396,-22.589130482024505,0.0
325.3537525913296,11.670278586925454,3.968271873957238,1.2111457978893025,-22.582600856589238,-1.6841534259744676e-14
325.35438195684833,11.680390052360758,3.9688300241759036,1.2116908753982254,-22.576070459993712,-1.6841534259744676e-14
325.35501138735606,11.69050151127832,3.969388434113789,1.2122353959154897,-22.569539292678527,-6.73661370389787e-14
325.3556408830375,11.70061296366067,3.9699471038212963,1.2127793592008675,-22.56300735508434,1.6841534259744676e-14
325.3562704440771,11.710724409490366,3.970506033348831,1.2133227650141232,-22.55647464765174,-1.6841534259744676e-14
325.3569000706597,11.720835848749935,3.971065222746795,1.2138656131149859,-22.549941170821377,-8.420767129872338e-14
325.35752976297005,11.730947281421921,3.971624672065594,1.2144079032631825,-22.543406925033867,-1.6841534259744676e-14
325.35815952119276,11.741058707488845,3.972184381355631,1.2149496352184284,-22.536871910729868,-5.0524602779234026e-14
325.3587893455127,11.75117012693328,3.9727443506673104,1.2154908087404084,-22.53033612835,0.0
325.3594192361146,11.761281539737748,3.973304580051035,1.2160314235888143,-22.52379957833492,-1.6841534259744676e-14
325.3600491931834,11.771392945884802,3.973865069557208,1.2165714795233027,-22.517262261125268,-1.6841534259744676e-14
325.36067921690403,11.78150434535696,3.974425819236235,1.2171109763035162,-22.510724177161705,-6.73661370389787e-14
325.36130930746134,11.791615738136795,3.9749868291385195,1.2176499136891057,-22.50418532688488,0.0
325.3619394650404,11.801727124206835,3.975548099314464,1.218188291439679,-22.497645710735462,-5.0524602779234026e-14
325.3625696898261,11.811838503549618,3.9761096298144736,1.2187261093148483,-22.491105329154102,-3.368306851948935e-14
325.3631999820036,11.821949876147695,3.976671420688952,1.219263367074198,-22.484564182581472,-3.368306851948935e-14
325.36383034175793,11.832061241983594,3.977233471988302,1.2198000644773113,-22.47802227145825,1.6841534259744676e-14
325.36446076927416,11.842172601039886,3.9777957837629274,1.2203362012837484,-22.471479596225105,-5.0524602779234026e-14
325.36509126473766,11.852283953299086,3.978358356063233,1.22087177725305,-22.464936157322725,3.368306851948935e-14
325.3657218283334,11.862395298743767,3.9789211889396223,1.2214067921447564,-22.45839195519177,-1.6841534259744676e-14
325.36635246024673,11.872506637356443,3.9794842824424994,1.221941245718384,-22.451846990272966,-3.368306851948935e-14
325.3669831606629,11.882617969119686,3.980047636622267,1.2224751377334326,-22.445301263006986,-3.368306851948935e-14
325.3676139297673,11.892729294016029,3.9806112515293304,1.2230084679493984,-22.438754773834503,-3.368306851948935e-14
325.3682447677452,11.902840612028015,3.981175127214092,1.2235412361257578,-22.43220752319624,0.0
325.36887567478203,11.912951923138198,3.981739263726956,1.2240734420219683,-22.425659511532885,3.368306851948935e-14
325.3695066510632,11.923063227329115,3.9823036611183267,1.2246050853974808,-22.419110739285173,-5.0524602779234026e-14
325.37013769677424,11.933174524583318,3.982868319438608,1.225136166011731,-22.412561206893784,3.368306851948935e-14
325.3707688121006,11.943285814883357,3.983433238738202,1.2256666836241326,-22.406010914799452,-5.0524602779234026e-14
325.37139999722785,11.953397098211775,3.9839984190675137,1.2261966379941018,-22.39945986344288,-1.6841534259744676e-14
325.37203125234157,11.96350837455111,3.984563860476948,1.2267260288810224,-22.3929080532648,1.6841534259744676e-14
325.3726625776274,11.973619643883929,3.985129563016907,1.2272548560442806,-22.38635548470594,-1.6841534259744676e-14
325.373293973271,11.98373090619276,3.985695526737796,1.2277831192432378,-22.379802158207017,0.0
