galstreams/tracks/track.st.Hrid.ibata2021.ecsv
# %ECSV 0.9
# ---
# datatype:
# - {name: ra, unit: deg, datatype: float64}
# - {name: dec, unit: deg, datatype: float64}
# - {name: distance, unit: kpc, datatype: float64}
# - {name: pm_ra_cosdec, unit: mas / yr, datatype: float64}
# - {name: pm_dec, unit: mas / yr, datatype: float64}
# - {name: radial_velocity, unit: km / s, datatype: float64}
# delimiter: ','
# meta: !!omap
# - __serialized_columns__:
#     dec:
#       __class__: astropy.coordinates.angles.Latitude
#       unit: &id001 !astropy.units.Unit {unit: deg}
#       value: !astropy.table.SerializedColumn {name: dec}
#     distance:
#       __class__: astropy.coordinates.distances.Distance
#       unit: !astropy.units.Unit {unit: kpc}
#       value: !astropy.table.SerializedColumn {name: distance}
#     pm_dec:
#       __class__: astropy.units.quantity.Quantity
#       unit: !astropy.units.Unit {unit: mas / yr}
#       value: !astropy.table.SerializedColumn {name: pm_dec}
#     pm_ra_cosdec:
#       __class__: astropy.units.quantity.Quantity
#       unit: !astropy.units.Unit {unit: mas / yr}
#       value: !astropy.table.SerializedColumn {name: pm_ra_cosdec}
#     ra:
#       __class__: astropy.coordinates.angles.Longitude
#       unit: *id001
#       value: !astropy.table.SerializedColumn {name: ra}
#       wrap_angle: !astropy.coordinates.Angle
#         unit: *id001
#         value: 360.0
#     radial_velocity:
#       __class__: astropy.units.quantity.Quantity
#       unit: !astropy.units.Unit {unit: km / s}
#       value: !astropy.table.SerializedColumn {name: radial_velocity}
# schema: astropy-2.0
ra,dec,distance,pm_ra_cosdec,pm_dec,radial_velocity
[from data line 415]
278.96961171579864,19.316780947643053,3.1829777678540525,-6.112155088857946,15.185783886905615,-8.420767129872338e-14
278.97048008404704,19.326762806363387,3.1829097718653623,-6.112308954786836,15.18999224638875,-3.368306851948935e-14
278.97134824406237,19.33674467343457,3.182841787533873,-6.112462540053333,15.19419968211235,-3.368306851948935e-14
278.97221619596706,19.346726548851944,3.182773814888846,-6.112615844675065,15.198406193908369,-5.894536990910637e-14
278.97308393988345,19.35670843261104,3.182705853959542,-6.112768868669667,15.202611781608756,-9.262843842859572e-14
278.9739514759339,19.366690324707374,3.1826379047752216,-6.112921612054806,15.206816445045472,-8.420767129872338e-14
278.9748188042406,19.3766722251363,3.1825699673651457,-6.113074074848177,15.211020184050483,-7.578690416885104e-14
278.975685924926,19.38665413389335,3.1825020417585743,-6.113226257067487,15.215222998455745,-5.894536990910637e-14
278.97655283811224,19.396636050974063,3.1824341279847705,-6.113378158730465,15.219424888093231,-4.210383564936169e-14
278.9774195439217,19.40661797637379,3.1823662260729932,-6.113529779854874,15.223625852794902,-7.578690416885104e-14
278.9782860424766,19.416599910088145,3.1822983360525035,-6.11368112045849,15.227825892392755,-5.894536990910637e-14
278.97915233389926,19.426581852112488,3.1822304579525618,-6.113832180559115,15.232025006718743,-7.578690416885104e-14
278.98001841831183,19.436563802442382,3.1821625918024283,-6.113982960174578,15.236223195604865,-8.420767129872338e-14
278.98088429583646,19.446545761073363,3.182094737631367,-6.114133459322726,15.240420458883083,1.6841534259744676e-14
278.98174996659554,19.456527728000815,3.1820268954686344,-6.114283678021419,15.244616796385408,-7.578690416885104e-14
278.9826154307111,19.466509703220353,3.1819590653434946,-6.11443361628856,15.248812207943807,-7.578690416885104e-14
278.98348068830546,19.476491686727382,3.1818912472852063,-6.11458327414206,15.253006693390292,-5.0524602779234026e-14
278.98434573950067,19.486473678517452,3.1818234413230315,-6.1147326515998515,15.257200252556846,-1.0104920555846805e-13
278.9852105844189,19.496455678586134,3.1817556474862303,-6.114881748679905,15.261392885275464,-5.894536990910637e-14
278.9860752231823,19.50643768692882,3.181687865804063,-6.115030565400198,15.265584591378177,-1.0946997268834039e-13
278.986939655913,19.51641970354116,3.1816200963057915,-6.1151791017787325,15.269775370696957,-4.210383564936169e-14
278.98780388273315,19.526401728418538,3.181552339020677,-6.115327357833536,15.273965223063826,-6.73661370389787e-14
278.9886679037648,19.536383761556557,3.1814845939779777,-6.1154753335826575,15.278154148310799,-7.578690416885104e-14
278.98953171913,19.546365802950795,3.1814168612069578,-6.115623029044169,15.282342146269885,-5.0524602779234026e-14
278.9903953289509,19.55634785259666,3.181349140736875,-6.115770444236166,15.286529216773108,-5.894536990910637e-14
278.9912587333495,19.566329910489802,3.1812814325969927,-6.115917579176765,15.290715359652477,-8.420767129872338e-15
278.99212193244796,19.57631197662565,3.1812137368165687,-6.1160644338840955,15.29490057474004,-6.73661370389787e-14
278.99298492636814,19.5862940509998,3.181146053424867,-6.116211008376329,15.299084861867799,-1.6841534259744676e-14
278.9938477152322,19.596276133607848,3.1810783824511466,-6.116357302671636,15.3032682208678,-1.2631150694808508e-13
278.9947102991621,19.60625822444523,3.181010723924667,-6.116503316788233,15.307450651572077,-7.578690416885104e-14
278.99557267827976,19.616240323507572,3.1809430778746925,-6.116649050744334,15.311632153812655,-8.420767129872338e-14
278.99643485270724,19.62622243079047,3.1808754443304808,-6.116794504558195,15.31581272742159,-4.210383564936169e-14
278.99729682256645,19.636204546289353,3.1808078233212935,-6.116939678248085,15.319992372230919,-2.5262301389617013e-14
278.9981585879794,19.646186669999913,3.180740214876392,-6.117084571832293,15.324171088072694,-1.0946997268834039e-13
278.99902014906803,19.65616880191761,3.180672619025037,-6.117229185329135,15.328348874778952,-5.0524602779234026e-14
278.99988150595425,19.666150942038037,3.180605035796488,-6.11737351875694,15.332525732181765,-1.0104920555846805e-13
279.0007426587599,19.676133090356856,3.1805374652200067,-6.117517572134081,15.336701660113174,1.6841534259744676e-14
279.0016036076071,19.686115246869498,3.1804699073248552,-6.117661345478918,15.340876658405245,-7.578690416885104e-14
279.0024643526175,19.696097411571625,3.180402362140292,-6.117804838809862,15.34505072689005,-3.368306851948935e-14
279.0033248939131,19.70607958445885,3.180334829695579,-6.117948052145337,15.349223865399644,-9.262843842859572e-14
279.00418523161574,19.716061765526653,3.180267310019977,-6.11809098550378,15.3533960737661,-6.73661370389787e-14
279.0050453658472,19.72604395477074,3.180199803142746,-6.118233638903663,15.357567351821489,-1.0104920555846805e-13
279.00590529672945,19.736026152186582,3.1801323090931475,-6.118376012363473,15.361737699397892,0.0
279.0067650243842,19.74600835776983,3.180064827900443,-6.118518105901713,15.365907116327385,-4.210383564936169e-14
279.0076245489334,19.75599057151613,3.1799973595938913,-6.118659919536918,15.370075602442054,-5.894536990910637e-14
279.0084838704987,19.765972793420985,3.1799299042027553,-6.118801453287637,15.374243157573986,-3.368306851948935e-14
279.00934298920197,19.7759550234801,3.1798624617562945,-6.118942707172445,15.37840978155527,0.0
279.010201905165,19.785937261688968,3.179795032283769,-6.119083681209935,15.382575474218001,-1.0104920555846805e-13
279.01106061850953,19.795919508043262,3.179727615814441,-6.119224375418723,15.38674023539427,-8.420767129872338e-14
279.01191912935724,19.80590176253865,3.1796602123775717,-6.119364789817447,15.390904064916178,-3.368306851948935e-14
279.01277743783,19.815884025170632,3.17959282200242,-6.119504924424766,15.395066962615832,-1.6841534259744676e-14
279.01363554404946,19.825866295934933,3.179525444718247,-6.119644779259357,15.399228928325334,-7.578690416885104e-14
279.0144934481373,19.83584857482708,3.1794580805543156,-6.1197843543399255,15.403389961876794,-4.210383564936169e-14
279.01535115021534,19.84583086184274,3.1793907295398833,-6.1199236496851865,15.407550063102335,-1.2631150694808508e-13
279.01620865040513,19.85581315697761,3.1793233917042145,-6.120062665313888,15.411709231834053,-8.420767129872338e-14
279.01706594882836,19.86579546022721,3.1792560670765675,-6.120201401244797,15.415867467904084,2.5262301389617013e-14
279.0179230456069,19.87577777158721,3.179188755686203,-6.120339857496689,15.42002477114455,-4.210383564936169e-14
279.01877994086215,19.88576009105333,3.179121457562383,-6.120478034088379,15.424181141387571,-5.894536990910637e-14
279.0196366347159,19.89574241862109,3.179054172734367,-6.12061593103869,15.428336578465286,-1.0946997268834039e-13
279.0204931272897,19.90572475428625,3.1789869012314176,-6.120753548366474,15.432491082209813,-1.1789073981821273e-13
279.0213494187052,19.915707098044354,3.178919643082794,-6.120890886090598,15.436644652453294,-3.368306851948935e-14
279.0222055090841,19.925689449891085,3.178852398317756,-6.121027944229949,15.440797289027891,-1.0946997268834039e-13
279.0230613985477,19.93567180982217,3.1787851669655685,-6.121164722803442,15.444948991765715,-8.420767129872338e-14
279.0239170872179,19.945654177833163,3.1787179490554887,-6.121301221830006,15.449099760498926,-6.73661370389787e-14
279.0247725752161,19.955636553919756,3.1786507446167773,-6.1214374413286015,15.45324959505968,-2.5262301389617013e-14
279.02562786266395,19.96561893807768,3.1785835536786964,-6.121573381318192,15.45739849528013,-6.73661370389787e-14
279.026482949683,19.975601330302503,3.178516376270507,-6.121709041817767,15.461546460992412,-6.73661370389787e-14
279.0273378363946,19.985583730589983,3.178449212421469,-6.121844422846355,15.465693492028716,-1.0946997268834039e-13
279.02819252292045,19.995566138935718,3.178382062160843,-6.1219795244229855,15.469839588221191,-3.368306851948935e-14
279.02904700938205,20.00554855533539,3.1783149255178906,-6.122114346566709,15.473984749402005,-8.420767129872338e-14
279.02990129590086,20.015530979784785,3.178247802521873,-6.122248889296609,15.478128975403331,-9.262843842859572e-14
279.0307553825983,20.025513412279437,3.178180693202049,-6.12238315263178,15.482272266057343,-8.420767129872338e-14
279.03160926959595,20.035495852815156,3.178113597587681,-6.12251713659134,15.486414621196209,-1.0104920555846805e-13
279.03246295701524,20.04547830138753,3.178046515708029,-6.122650841194424,15.490556040652123,-5.0524602779234026e-14
279.0333164449776,20.0554607579923,3.1779794475923544,-6.122784266460191,15.494696524257263,-7.578690416885104e-14
279.0341697336045,20.0654432226252,3.1779123932699176,-6.122917412407824,15.498836071843826,-6.73661370389787e-14
279.03502282301736,20.07542569528184,3.177845352769979,-6.123050279056516,15.50297468324399,-7.578690416885104e-14
279.03587571333753,20.085408175958023,3.1777783261218002,-6.123182866425489,15.507112358289962,-6.73661370389787e-14
279.0367284046865,20.095390664649347,3.1777113133546426,-6.123315174533979,15.511249096813918,-1.6841534259744676e-14
279.03758089718565,20.10537316135155,3.1776443144977646,-6.1234472034012555,15.515384898648088,-2.5262301389617013e-14
279.0384331909564,20.11535566606043,3.1775773295804286,-6.123578953046584,15.51951976362467,-7.578690416885104e-14
279.03928528612005,20.12533817877158,3.1775103586318956,-6.123710423489277,15.523653691575866,-4.210383564936169e-14
279.040137182798,20.13532069948076,3.1774434016814253,-6.123841614748648,15.527786682333888,-8.420767129872338e-14
279.04098888111156,20.145303228183757,3.1773764587582796,-6.123972526844043,15.531918735730953,-1.1789073981821273e-13
279.04184038118206,20.155285764876197,3.1773095298917187,-6.124103159794819,15.536049851599277,-6.73661370389787e-14
279.04269168313084,20.165268309553888,3.1772426151110027,-6.124233513620355,15.540180029771097,-8.420767129872338e-15
279.04354278707933,20.175250862212437,3.1771757144453936,-6.124363588340052,15.544309270078623,-1.0104920555846805e-13
279.04439369314866,20.185233422847688,3.1771088279241515,-6.12449338397333,15.548437572354098,-7.578690416885104e-14
279.0452444014602,20.195215991455374,3.1770419555765366,-6.124622900539634,15.552564936429754,-1.0104920555846805e-13
279.04609491213523,20.205198568031154,3.176975097431812,-6.124752138058421,15.556691362137805,-3.368306851948935e-14
279.046945225295,20.215181152570814,3.1769082535192363,-6.124881096549167,15.56081684931052,-5.0524602779234026e-14
279.04779534106086,20.22516374507015,3.176841423868071,-6.125009776031376,15.564941397780128,-3.368306851948935e-14
279.048645259554,20.2351463455248,3.176774608507576,-6.125138176524565,15.569065007378885,-1.1789073981821273e-13
279.0494949808956,20.245128953930646,3.176707807467013,-6.125266298048279,15.573187677939037,-6.73661370389787e-14
279.05034450520685,20.25511157028329,3.1766410207756426,-6.125394140622073,15.577309409292841,-3.368306851948935e-14
279.05119383260916,20.26509419457856,3.1765742484627255,-6.125521704265523,15.581430201272553,-1.0104920555846805e-13
279.0520429632236,20.27507682681229,3.1765074905575235,-6.1256489889982335,15.585550053710431,-5.0524602779234026e-14
279.0528918971714,20.2850594669801,3.1764407470892944,-6.125775994839818,15.589668966438754,-5.0524602779234026e-14
279.0537406345737,20.295042115077887,3.176374018087303,-6.1259027218099105,15.593786939289776,-1.0104920555846805e-13
279.0545891755517,20.3050247711013,3.1763073035808063,-6.12602916992818,15.597903972095782,-8.420767129872338e-14
279.0554375202266,20.315007435046166,3.176240603599068,-6.126155339214294,15.602020064689034,-3.368306851948935e-14
279.0562856687195,20.32499010690832,3.1761739181713473,-6.1262812296879465,15.606135216901826,-6.73661370389787e-14
279.05713362115154,20.334972786683412,3.176107247326905,-6.126406841368858,15.61024942856643,-3.368306851948935e-14
279.0579813776439,20.344955474367346,3.1760405910950027,-6.126532174276762,15.614362699515137,-3.368306851948935e-14
279.0588289383177,20.354938169955787,3.1759739495049004,-6.126657228431408,15.618475029580246,-1.347322740779574e-13
279.05967630329394,20.364920873444586,3.1759073225858594,-6.12678200385258,15.622586418594036,-5.0524602779234026e-14
279.0605234726938,20.37490358482958,3.17584071036714,-6.126906500560061,15.626696866388812,-1.6841534259744676e-14
279.06137044663836,20.384886304106434,3.1757741128780035,-6.127030718573666,15.630806372796883,-8.420767129872338e-14
279.06221722524873,20.39486903127103,3.1757075301477102,-6.127154657913226,15.63491493765054,-6.73661370389787e-14
279.06306380864595,20.404851766319194,3.1756409622055206,-6.1272783185985915,15.639022560782108,-6.73661370389787e-14
279.0639101969511,20.414834509246617,3.1755744090806965,-6.127401700649634,15.643129242023877,-1.1789073981821273e-13
279.06475639028514,20.424817260049235,3.175507870802499,-6.127524804086239,15.647234981208172,-5.0524602779234026e-14
279.0656023887692,20.43480001872272,3.1754413474001866,-6.127647628928312,15.651339778167332,-6.73661370389787e-14
279.0664481925242,20.44478278526294,3.1753748389030223,-6.127770175195787,15.655443632733649,-5.0524602779234026e-14
279.0672938016713,20.454765559665777,3.175308345340265,-6.127892442908601,15.659546544739477,-6.73661370389787e-14
279.0681392163315,20.464748341926914,3.1752418667411777,-6.128014432086723,15.663648514017128,-1.0104920555846805e-13
279.06898443662556,20.474731132042233,3.1751754031350194,-6.128136142750138,15.667749540398944,-5.0524602779234026e-14
279.06982946267476,20.484713930007604,3.1751089545510514,-6.1282575749188455,15.67184962371727,-1.1789073981821273e-13
279.0706742945999,20.494696735818767,3.1750425210185345,-6.128378728612869,15.675948763804433,-1.0104920555846805e-13
279.071518932522,20.50467954947163,3.17497610256673,-6.128499603852244,15.680046960492787,-8.420767129872338e-14
279.07236337656195,20.514662370961904,3.1749096992248975,-6.1286202006570365,15.684144213614678,-8.420767129872338e-14
279.07320762684077,20.52464520028551,3.1748433110222987,-6.1287405190473185,15.688240523002458,-8.420767129872338e-14
279.0740516834794,20.534628037438306,3.174776937988194,-6.12886055904319,15.692335888488484,-8.420767129872338e-14
279.0748955465988,20.54461088241604,3.174710580151844,-6.128980320664759,15.696430309905129,-6.73661370389787e-14
279.07573921631973,20.554593735214652,3.17464423754251,-6.129099803932168,15.700523787084737,-5.0524602779234026e-14
279.07658269276317,20.564576595829873,3.1745779101894525,-6.129219008865564,15.704616319859687,-5.0524602779234026e-14
279.0774259760501,20.57455946425761,3.1745115981219327,-6.1293379354851165,15.708707908062337,-6.73661370389787e-14
279.07826906630135,20.58454234049377,3.1744453013692113,-6.129456583811018,15.712798551525072,-6.73661370389787e-14
279.07911196363773,20.594525224534085,3.174379019960548,-6.1295749538634725,15.716888250080281,-8.420767129872338e-14
279.0799546681802,20.604508116374536,3.174312753925204,-6.1296930456627114,15.720977003560336,-3.368306851948935e-14
279.08079718004956,20.614491016010838,3.1742465032924416,-6.129810859228977,15.72506481179761,-5.0524602779234026e-14
279.08163949936664,20.624473923438945,3.1741802680915194,-6.12992839458253,15.729151674624525,-6.73661370389787e-14
279.0824816262524,20.634456838654756,3.174114048351699,-6.130045651743654,15.73323759187345,-5.0524602779234026e-14
279.08332356082747,20.644439761654024,3.1740478441022417,-6.130162630732651,15.737322563376782,-6.73661370389787e-14
279.08416530321284,20.65442269243268,3.1739816553724083,-6.130279331569832,15.741406588966928,-8.420767129872338e-14
279.0850068535292,20.66440563098664,3.1739154821914592,-6.130395754275541,15.745489668476301,-1.6841534259744676e-14
