galstreams/tracks/track.st.M3-Svol.yang2023.ecsv
# %ECSV 1.0
# ---
# datatype:
# - {name: ra, unit: deg, datatype: float64}
# - {name: dec, unit: deg, datatype: float64}
# - {name: distance, unit: kpc, datatype: float64}
# - {name: pm_ra_cosdec, unit: mas / yr, datatype: float64}
# - {name: pm_dec, unit: mas / yr, datatype: float64}
# - {name: radial_velocity, unit: km / s, datatype: float64}
# delimiter: ','
# meta: !!omap
# - __serialized_columns__:
#     dec:
#       __class__: astropy.coordinates.angles.Latitude
#       unit: &id001 !astropy.units.Unit {unit: deg}
#       value: !astropy.table.SerializedColumn {name: dec}
#     distance:
#       __class__: astropy.coordinates.distances.Distance
#       unit: !astropy.units.Unit {unit: kpc}
#       value: !astropy.table.SerializedColumn {name: distance}
#     pm_dec:
#       __class__: astropy.units.quantity.Quantity
#       unit: !astropy.units.Unit {unit: mas / yr}
#       value: !astropy.table.SerializedColumn {name: pm_dec}
#     pm_ra_cosdec:
#       __class__: astropy.units.quantity.Quantity
#       unit: !astropy.units.Unit {unit: mas / yr}
#       value: !astropy.table.SerializedColumn {name: pm_ra_cosdec}
#     ra:
#       __class__: astropy.coordinates.angles.Longitude
#       unit: *id001
#       value: !astropy.table.SerializedColumn {name: ra}
#       wrap_angle: !astropy.coordinates.Angle
#         unit: *id001
#         value: 360.0
#     radial_velocity:
#       __class__: astropy.units.quantity.Quantity
#       unit: !astropy.units.Unit {unit: km / s}
#       value: !astropy.table.SerializedColumn {name: radial_velocity}
# schema: astropy-2.0
ra,dec,distance,pm_ra_cosdec,pm_dec,radial_velocity
[from data line 3644]
230.41210297953953,27.994004002006985,8.144944182760153,1.8346918010708877,-4.799499458489198,-197.62848113384342
230.42362140105743,27.99280761564048,8.144103501263832,1.8356301515545361,-4.800708441807959,-197.6309804434556
230.43513954166485,27.991609969256004,8.143263172223032,1.8365685675986176,-4.801917701935143,-197.6334587567276
230.44665740107578,27.990411062914283,8.142423195637749,1.8375070491926262,-4.803127238892669,-197.63591607365953
230.45817497900427,27.989210896676113,8.141583571507987,1.8384455963260626,-4.804337052702423,-197.63835239425123
230.46969227516436,27.98800947060235,8.140744299833747,1.8393842089884493,-4.80554714338626,-197.64076771850276
230.48120928927037,27.98680678475392,8.139905380615025,1.8403228871693338,-4.806757510966025,-197.64316204641412
230.49272602103633,27.985602839191824,8.139066813851818,1.8412616308582648,-4.807968155463519,-197.6455353779853
230.50424247017676,27.984397633977117,8.138228599544139,1.8422004400448178,-4.809179076900524,-197.6478877132163
230.51575863640588,27.983191169170958,8.137390737691975,1.8431393147185833,-4.810390275298793,-197.65021905210736
230.5272745194383,27.981983444834512,8.136553228295334,1.8440782548691685,-4.811601750680055,-197.65252939465796
230.53879011898837,27.98077446102907,8.135716071354212,1.8450172604861934,-4.812813503066011,-197.65481874086854
230.55030543477076,27.97956421781597,8.134879266868609,1.8459563315592993,-4.814025532478335,-197.6570870907389
230.56182046650014,27.978352715256605,8.134042814838525,1.8468954680781462,-4.8152378389386765,-197.65933444426915
230.57333521389128,27.977139953412458,8.133206715263965,1.8478346700324089,-4.816450422468654,-197.66156080145913
230.58484967665882,27.97592593234507,8.132370968144922,1.8487739374117695,-4.81766328308986,-197.66376616230906
230.59636385451773,27.97471065211605,8.1315355734814,1.8497132702059438,-4.818876420823862,-197.6659505268188
230.60787774718293,27.973494112787076,8.130700531273398,1.850652668404647,-4.820089835692206,-197.66811389498844
230.61939135436944,27.972276314419886,8.129865841520914,1.8515921319976287,-4.821303527716401,-197.67025626681777
230.63090467579227,27.971057257076307,8.129031504223951,1.8525316609746394,-4.822517496917938,-197.67237764230697
230.64241771116662,27.96983694081821,8.128197519382509,1.8534712553254573,-4.823731743318274,-197.67447802145608
230.65393046020762,27.968615365707553,8.127363886996585,1.8544109150398702,-4.824946266938847,-197.67655740426503
230.66544292263066,27.967392531806354,8.126530607066185,1.8553506401076898,-4.8261610678010625,-197.6786157907337
230.676955098151,27.96616843917669,8.125697679591298,1.8562904305187384,-4.827376145926303,-197.68065318086235
230.68846698648403,27.964943087880723,8.124865104571933,1.8572302862628547,-4.8285915013359215,-197.6826695746508
230.69997858734536,27.963716477980668,8.124032882008091,1.8581702073299022,-4.8298071340512445,-197.68466497209903
230.71148990045046,27.962488609538816,8.123201011899768,1.8591101937097505,-4.831023044093575,-197.6866393732071
230.7230009255149,27.961259482617532,8.122369494246964,1.8600502453922931,-4.832239231484184,-197.688592777975
230.73451166225453,27.96002909727924,8.121538329049681,1.8609903623674418,-4.833455696244327,-197.69052518640285
230.74602211038498,27.958797453586413,8.12070751630792,1.8619305446251175,-4.834672438395216,-197.69243659849045
230.75753226962215,27.957564551601642,8.119877056021675,1.862870792155263,-4.8358894579580545,-197.69432701423784
230.7690421396819,27.956330391387535,8.119046948190952,1.863811104947838,-4.837106754954002,-197.69619643364513
230.78055172028027,27.955094973006794,8.118217192815747,1.86475148299282,-4.838324329404208,-197.69804485671222
230.79206101113323,27.953858296522185,8.117387789896062,1.8656919262801988,-4.83954218132978,-197.69987228343913
230.80357001195696,27.952620361996544,8.1165587394319,1.8666324347999843,-4.84076031075181,-197.70167871382588
230.8150787224676,27.951381169492766,8.115730041423255,1.867573008542204,-4.8419787176913625,-197.70346414787258
230.82658714238144,27.95014071907382,8.114901695870131,1.8685136474969024,-4.843197402169467,-197.70522858557902
230.83809527141472,27.948899010802727,8.114073702772526,1.8694543516541333,-4.844416364207131,-197.70697202694532
230.84960310928398,27.94765604474261,8.113246062130441,1.8703951210039826,-4.845635603825345,-197.70869447197143
230.86111065570555,27.946411820956627,8.112418773943878,1.8713359555365339,-4.8468551210450554,-197.7103959206574
230.87261791039606,27.945166339508027,8.111591838212833,1.8722768552419053,-4.848074915887196,-197.71207637300313
230.88412487307204,27.943919600460102,8.110765254937307,1.8732178201102219,-4.84929498837267,-197.71373582900875
230.89563154345026,27.942671603876242,8.109939024117303,1.8741588501316289,-4.850515338522349,-197.71537428867424
230.9071379212474,27.941422349819877,8.109113145752818,1.875099945296285,-4.851735966357085,-197.7169917519996
230.91864400618027,27.940171838354516,8.108287619843853,1.876041105594367,-4.852956871897698,-197.71858821898465
230.93014979796578,27.93892006954373,8.10746244639041,1.8769823310160756,-4.854178055164987,-197.72016368962971
230.94165529632096,27.937667043451167,8.106637625392485,1.877923621551619,-4.855399516179724,-197.7217181639345
230.95316050096272,27.936412760140545,8.105813156850079,1.878864977191225,-4.856621254962644,-197.72325164189917
230.96466541160828,27.935157219675638,8.104989040763193,1.879806397925142,-4.857843271534473,-197.7247641235236
230.9761700279747,27.93390042212028,8.10416527713183,1.880747883743629,-4.859065565915892,-197.726255608808
230.98767434977933,27.93264236753841,8.103341865955983,1.8816894346369692,-4.86028813812757,-197.72772609775214
230.99917837673945,27.93138305599398,8.102518807235658,1.8826310505954573,-4.861510988190144,-197.7291755903561
231.01068210857235,27.930122487551053,8.10169610097085,1.8835727316094035,-4.862734116124224,-197.73060408661996
231.02218554499566,27.928860662273742,8.100873747161568,1.884514477669143,-4.863957521950394,-197.73201158654362
231.03368868572684,27.92759758022623,8.100051745807802,1.8854562887650193,-4.865181205689207,-197.73339809012708
231.0451915304834,27.92633324147278,8.099230096909556,1.8863981648873973,-4.866405167361201,-197.7347635973705
231.05669407898318,27.925067646077686,8.098408800466832,1.887340106026658,-4.867629406986878,-197.73610810827367
231.0681963309438,27.92380079410534,8.097587856479626,1.8882821121731994,-4.868853924586716,-197.73743162283665
231.0796982860831,27.922532685620208,8.096767264947939,1.889224183317437,-4.870078720181166,-197.7387341410595
231.091199944119,27.92126332068679,8.095947025871775,1.890166319449799,-4.871303793790651,-197.7400156629421
231.10270130476945,27.91999269936969,8.095127139251126,1.8911085205607394,-4.872529145435576,-197.74127618848462
231.11420236775243,27.91872082173355,8.094307605086001,1.8920507866407188,-4.873754775136307,-197.74251571768713
231.12570313278613,27.91744768784309,8.093488423376394,1.8929931176802235,-4.874980682913193,-197.74373425054924
231.13720359958873,27.91617329776311,8.092669594122308,1.8939355136697553,-4.876206868786555,-197.74493178707124
231.14870376787837,27.914897651558455,8.091851117323742,1.8948779745998225,-4.877433332776681,-197.74610832725307
231.16020363737348,27.913620749294047,8.091032992980697,1.8958205004609647,-4.8786600749038405,-197.7472638710948
231.17170320779238,27.912342591034886,8.090215221093167,1.896763091243731,-4.879887095188276,-197.7483984185963
231.1832024788536,27.911063176846028,8.089397801661162,1.8977057469386882,-4.8811143936501935,-197.74951196975766
231.1947014502756,27.909782506792578,8.088580734684676,1.8986484675364197,-4.882341970309788,-197.75060452457882
231.20620012177704,27.908500580939737,8.087764020163709,1.8995912530275314,-4.883569825187218,-197.75167608305992
231.21769849307654,27.90721739935277,8.086947658098262,1.9005341034026335,-4.884797958302614,-197.75272664520082
231.229196563893,27.905932962097,8.086131648488337,1.9014770186523726,-4.886026369676092,-197.75375621100153
231.24069433394507,27.90464726923782,8.08531599133393,1.9024199987673907,-4.887255059327724,-197.7547647804621
231.25219180295178,27.903360320840683,8.084500686635042,1.9033630437383637,-4.888484027277573,-197.75575235358247
231.26368897063205,27.902072116971116,8.083685734391674,1.9043061535559755,-4.889713273545663,-197.75671893036267
231.27518583670494,27.900782657694716,8.08287113460383,1.905249328210928,-4.890942798151996,-197.7576645108027
231.2866824008895,27.89949194307714,8.082056887271502,1.9061925676939442,-4.8921726011165525,-197.75858909490273
231.29817866290503,27.89819997318411,8.081242992394694,1.9071358719957598,-4.893402682459279,-197.75949268266234
231.30967462247068,27.896906748081427,8.080429449973405,1.908079241107129,-4.894633042200102,-197.76037527408195
231.32117027930593,27.895612267834952,8.079616260007638,1.9090226750188288,-4.895863680358913,-197.7612368691613
231.33266563313006,27.894316532510604,8.078803422497392,1.909966173721639,-4.897094596955587,-197.76207746790058
231.34416068366264,27.893019542174393,8.077990937442662,1.9109097372063728,-4.898325792009965,-197.76289707029957
231.3556554306231,27.89172129689236,8.077178804843454,1.9118533654638443,-4.8995572655418655,-197.76369567635848
231.36714987373117,27.890421796730646,8.076367024699769,1.912797058484899,-4.900789017571081,-197.76447328607736
231.3786440127066,27.889121041755445,8.075555597011597,1.9137408162603982,-4.90202104811738,-197.7652298994559
231.39013784726905,27.887819032033004,8.074744521778952,1.9146846387812047,-4.9032533572004935,-197.76596551649433
231.40163137713844,27.886515767629668,8.073933799001821,1.915628526038217,-4.90448594484014,-197.76668013719257
231.41312460203466,27.88521124861182,8.073123428680216,1.9165724780223383,-4.905718811056003,-197.76737376155057
231.4246175216777,27.88390547504594,8.072313410814129,1.9175164947244965,-4.906951955867742,-197.76804638956853
231.4361101357877,27.88259844699854,8.07150374540356,1.9184605761356355,-4.908185379294995,-197.76869802124634
231.4476024440847,27.881290164536214,8.07069443244851,1.919404722246708,-4.909419081357364,-197.76932865658392
231.45909444628901,27.87998062772563,8.069885471948982,1.9203489330486971,-4.910653062074433,-197.7699382955813
231.47058614212085,27.878669836633513,8.069076863904973,1.9212932085325907,-4.911887321465754,-197.7705269382386
231.4820775313006,27.87735779132666,8.068268608316487,1.9222375486894008,-4.913121859550854,-197.77109458455578
231.49356861354875,27.876044491871934,8.067460705183517,1.9231819535101535,-4.914356676349243,-197.7716412345327
231.50505938858575,27.87472993833625,8.066653154506067,1.924126422985897,-4.915591771880389,-197.77216688816944
231.5165498561322,27.87341413078662,8.06584595628414,1.9250709571076894,-4.916827146163743,-197.7726715454661
231.5280400159088,27.872097069290096,8.06503911051773,1.926015555866611,-4.918062799218728,-197.7731552064225
231.53952986763628,27.8707787539138,8.064232617206843,1.9269602192537567,-4.9192987310647425,-197.7736178710388
231.55101941103533,27.86945918472493,8.063426476351472,1.927904947260238,-4.920534941721156,-197.77405953931495
231.56250864582705,27.86813836179076,8.062620687951625,1.9288497398771893,-4.921771431207313,-197.77448021125093
231.57399757173224,27.86681628517859,8.061815252007294,1.929794597095754,-4.923008199542534,-197.7748798868466
231.58548618847195,27.865492954955837,8.061010168518484,1.9307395189070973,-4.924245246746109,-197.77525856610228
231.59697449576728,27.864168371189947,8.060205437485195,1.9316845053023997,-4.925482572837302,-197.7756162490177
231.60846249333943,27.862842533948452,8.059401058907426,1.9326295562728584,-4.926720177835351,-197.77595293559312
231.61995018090974,27.86151544329894,8.058597032785176,1.9335746718096942,-4.927958061759473,-197.77626862582815
231.63143755819942,27.860187099309076,8.057793359118447,1.9345198519041342,-4.929196224628855,-197.77656331972318
231.64292462492995,27.858857502046575,8.056990037907237,1.9354650965474334,-4.93043466646266,-197.77683701727798
231.65441138082272,27.857526651579235,8.056187069151546,1.9364104057308529,-4.931673387280014,-197.77708971849265
231.66589782559936,27.856194547974912,8.055384452851378,1.9373557794456797,-4.932912387100032,-197.7773214233672
231.67738395898152,27.854861191301527,8.054582189006727,1.9383012176832157,-4.934151665941792,-197.7775321319014
231.68886978069082,27.853526581627072,8.053780277617598,1.9392467204347805,-4.935391223824356,-197.77772184409562
231.70035529044912,27.85219071901961,8.052978718683988,1.9401922876917064,-4.9366310607667465,-197.7778905599496
231.71184048797824,27.850853603547257,8.052177512205898,1.9411379194453477,-4.937871176787973,-197.77803827946343
231.7233253730001,27.84951523527819,8.051376658183326,1.9420836156870749,-4.939111571907009,-197.7781650026371
231.73480994523678,27.848175614280684,8.050576156616277,1.9430293764082758,-4.940352246142806,-197.7782707294705
231.74629420441028,27.846834740623052,8.049776007504747,1.943975201600353,-4.9415931995142905,-197.77835545996388
231.75777815024273,27.845492614373676,8.048976210848735,1.9449210912547281,-4.942834432040361,-197.77841919411702
231.76926178245645,27.844149235601012,8.048176766648247,1.9458670453628393,-4.944075943739889,-197.77846193193
231.7807451007736,27.84280460437358,8.047377674903275,1.9468130639161423,-4.945317734631718,-197.7784836734029
231.79222810491677,27.841458720759967,8.046578935613825,1.9477591469061115,-4.946559804734676,-197.77848441853564
231.8037107946083,27.840111584828822,8.045780548779893,1.9487052943242387,-4.947802154067548,-197.77846416732814
231.81519316957073,27.83876319664886,8.044982514401484,1.9496515061620268,-4.949044782649111,-197.77842291978047
231.82667522952661,27.837413556288862,8.044184832478592,1.9505977824110021,-4.950287690498102,-197.7783606758927
231.83815697419877,27.836062663817685,8.043387503011221,1.951544123062708,-4.951530877633239,-197.77827743566473
231.84963840330994,27.834710519304245,8.04259052599937,1.9524905281087046,-4.952774344073207,-197.7781731990965
231.86111951658285,27.833357122817503,8.04179390144304,1.9534369975405639,-4.954018089836676,-197.77804796618818
231.87260031374043,27.832002474426538,8.040997629342229,1.95438353134988,-4.9552621149422755,-197.77790173693975
231.8840807945057,27.830646574200436,8.040201709696937,1.955330129528264,-4.956506419408624,-197.77773451135118
231.8955609586018,27.829289422208394,8.039406142507165,1.956276792067348,-4.957751003254303,-197.77754628942242
231.90704080575182,27.82793101851964,8.038610927772915,1.9572235189587741,-4.958995866497876,-197.77733707115334
231.91852033567886,27.826571363203495,8.037816065494182,1.9581703101941996,-4.9602410091578655,-197.77710685654435
231.92999954810642,27.82521045632933,8.037021555670972,1.959117165765312,-4.961486431252787,-197.776855645595
231.9414784427577,27.823848297966588,8.036227398303277,1.9600640856638039,-4.962732132801124,-197.77658343830552
231.95295701935623,27.82248488818478,8.035433593391108,1.9610110698813887,-4.963978113821321,-197.77629023467597
231.96443527762557,27.821120227053473,8.034640140934455,1.961958118409802,-4.965224374331816,-197.77597603470616
231.97591321728922,27.81975431464231,8.033847040933324,1.962905231240788,-4.966470914351008,-197.77564083839616
231.98739083807084,27.818387151021003,8.033054293387712,1.9638524083661124,-4.967717733897272,-197.7752846457461
231.99886813969425,27.817018736259307,8.03226189829762,1.9647996497775597,-4.968964832988959,-197.77490745675576
232.01034512188332,27.815649070427078,8.031469855663047,1.9657469554669307,-4.970212211644396,-197.77450927142542
232.0218217843619,27.81427815359419,8.030678165483996,1.9666943254260436,-4.971459869881881,-197.7740900897548
