galstreams/tracks/track.st.NGC2298.sollima2020.ecsv
# %ECSV 1.0
# ---
# datatype:
# - {name: ra, unit: deg, datatype: float64}
# - {name: dec, unit: deg, datatype: float64}
# - {name: distance, unit: kpc, datatype: float64}
# - {name: pm_ra_cosdec, unit: mas / yr, datatype: float64}
# - {name: pm_dec, unit: mas / yr, datatype: float64}
# - {name: radial_velocity, unit: km / s, datatype: float64}
# delimiter: ','
# meta: !!omap
# - __serialized_columns__:
#     dec:
#       __class__: astropy.coordinates.angles.Latitude
#       unit: &id001 !astropy.units.Unit {unit: deg}
#       value: !astropy.table.SerializedColumn {name: dec}
#     distance:
#       __class__: astropy.coordinates.distances.Distance
#       unit: !astropy.units.Unit {unit: kpc}
#       value: !astropy.table.SerializedColumn {name: distance}
#     pm_dec:
#       __class__: astropy.units.quantity.Quantity
#       unit: !astropy.units.Unit {unit: mas / yr}
#       value: !astropy.table.SerializedColumn {name: pm_dec}
#     pm_ra_cosdec:
#       __class__: astropy.units.quantity.Quantity
#       unit: !astropy.units.Unit {unit: mas / yr}
#       value: !astropy.table.SerializedColumn {name: pm_ra_cosdec}
#     ra:
#       __class__: astropy.coordinates.angles.Longitude
#       unit: *id001
#       value: !astropy.table.SerializedColumn {name: ra}
#       wrap_angle: !astropy.coordinates.Angle
#         unit: *id001
#         value: 360.0
#     radial_velocity:
#       __class__: astropy.units.quantity.Quantity
#       unit: !astropy.units.Unit {unit: km / s}
#       value: !astropy.table.SerializedColumn {name: radial_velocity}
# schema: astropy-2.0
ra,dec,distance,pm_ra_cosdec,pm_dec,radial_velocity
[from data line 237]
102.38340641464717,-36.07528946804725,9.828000000000007,0.0,0.0,0.0
102.37288360605903,-36.07088633001513,9.828000000000007,0.0,0.0,0.0
102.36239372934784,-36.06643334478255,9.828000000000007,0.0,0.0,0.0
102.35193731680192,-36.061929722561764,9.828000000000008,0.0,0.0,0.0
102.34151488591505,-36.05737469676597,9.828000000000008,0.0,0.0,0.0
102.33112693924673,-36.052767524188624,9.828000000000005,0.0,0.0,0.0
102.32077396428714,-36.04810748517668,9.828000000000007,0.0,0.0,0.0
102.31045643332625,-36.04339388379705,9.828000000000007,0.0,0.0,0.0
102.30017480332738,-36.03862604799704,9.828000000000007,0.0,0.0,0.0
102.28992951580459,-36.03380332975796,9.828000000000007,0.0,0.0,0.0
102.279720996705,-36.02892510524267,9.828000000000005,0.0,0.0,0.0
102.26954965629511,-36.02399077493654,9.828000000000005,0.0,0.0,0.0
102.2594158890518,-36.01899976378219,9.828000000000007,0.0,0.0,0.0
102.2493200735571,-36.01395152130758,9.828000000000007,0.0,0.0,0.0
102.2392625723981,-36.00884552174798,9.828000000000007,0.0,0.0,0.0
102.2292437320707,-36.00368126416141,9.828000000000007,0.0,0.0,0.0
102.21926388288836,-35.998458272537874,9.828000000000007,0.0,0.0,0.0
102.20932333889444,-35.99317609590191,9.828000000000007,0.0,0.0,0.0
102.19942239777994,-35.98783430840914,9.828000000000008,0.0,0.0,0.0
102.18956134080507,-35.982432509436265,9.828000000000007,0.0,0.0,0.0
102.17974043272551,-35.97697032366471,9.828000000000007,0.0,0.0,0.0
102.16995992172316,-35.97144740115797,9.828000000000007,0.0,0.0,0.0
102.16022003934138,-35.965863417432615,9.828000000000007,0.0,0.0,0.0
102.15052100042473,-35.96021807352291,9.828000000000007,0.0,0.0,0.0
102.14086300306322,-35.95451109603911,9.828000000000008,0.0,0.0,0.0
102.13124622854107,-35.94874223721948,9.828000000000007,0.0,0.0,0.0
102.12167084129014,-35.94291127497586,9.828000000000007,0.0,0.0,0.0
102.11213698884771,-35.93701801293309,9.828000000000007,0.0,0.0,0.0
102.10264480181893,-35.93106228046186,9.828000000000005,0.0,0.0,0.0
102.09319439384383,-35.925043932705506,9.828000000000007,0.0,0.0,0.0
102.08378586156888,-35.91896285060033,9.828000000000007,0.0,0.0,0.0
102.07441928462308,-35.912818940889586,9.828000000000008,0.0,0.0,0.0
102.06509472559864,-35.906612136131315,9.828000000000007,0.0,0.0,0.0
102.05581223003641,-35.90034239469968,9.828000000000007,0.0,0.0,0.0
102.04657182641553,-35.89400970078011,9.828000000000007,0.0,0.0,0.0
102.0373735261481,-35.88761406435813,9.828000000000007,0.0,0.0,0.0
102.02821732357808,-35.88115552120191,9.828000000000008,0.0,0.0,0.0
102.01910319598502,-35.87463413283837,9.828000000000007,0.0,0.0,0.0
102.01003110359223,-35.86804998652323,9.828000000000007,0.0,0.0,0.0
102.00100098957971,-35.86140319520455,9.828000000000007,0.0,0.0,0.0
101.99201278010146,-35.854693897480104,9.828000000000007,0.0,0.0,0.0
101.98306638430762,-35.84792225754842,9.828000000000007,0.0,0.0,0.0
101.97416169437102,-35.84108846515352,9.828000000000007,0.0,0.0,0.0
101.96529858551843,-35.834192735523416,9.828000000000008,0.0,0.0,0.0
101.95647691606631,-35.82723530930228,9.82800000000001,0.0,0.0,0.0
101.94769652746132,-35.820216452476316,9.828000000000008,0.0,0.0,0.0
101.93895724432517,-35.81313645629343,9.828000000000008,0.0,0.0,0.0
101.93025887450428,-35.8059956371765,9.828000000000007,0.0,0.0,0.0
101.92160120912384,-35.7987943366305,9.828000000000007,0.0,0.0,0.0
101.91298402264663,-35.79153292114319,9.828000000000008,0.0,0.0,0.0
101.90440707293622,-35.784211782079645,9.828000000000008,0.0,0.0,0.0
101.89587010132479,-35.77683133557052,9.828000000000008,0.0,0.0,0.0
101.88737283268563,-35.76939202239385,9.828000000000008,0.0,0.0,0.0
101.87891497551001,-35.761894307850824,9.828000000000008,0.0,0.0,0.0
101.87049622198872,-35.75433868163512,9.828000000000007,0.0,0.0,0.0
101.86211624809803,-35.74672565769596,9.828000000000008,0.0,0.0,0.0
101.85377471369029,-35.73905577409497,9.82800000000001,0.0,0.0,0.0
101.845471262589,-35.731329592856724,9.828000000000007,0.0,0.0,0.0
101.83720552268836,-35.72354769981298,9.828000000000008,0.0,0.0,0.0
101.82897710605734,-35.71571070444065,9.82800000000001,0.0,0.0,0.0
101.82078560904824,-35.707819239693535,9.828000000000008,0.0,0.0,0.0
101.81263061240976,-35.699873961827706,9.82800000000001,0.0,0.0,0.0
101.80451168140448,-35.69187555022068,9.828000000000008,0.0,0.0,0.0
101.79642836593078,-35.68382470718426,9.828000000000007,0.0,0.0,0.0
101.78838020064934,-35.67572215777109,9.828000000000008,0.0,0.0,0.0
101.78036670511392,-35.667568649575,9.828000000000008,0.0,0.0,0.0
101.77238738390658,-35.65936495252497,9.828000000000008,0.0,0.0,0.0
101.76444172677743,-35.65111185867287,9.828000000000008,0.0,0.0,0.0
101.75652920878865,-35.64281018197492,9.82800000000001,0.0,0.0,0.0
101.74864929046294,-35.63446075806677,9.828000000000008,0.0,0.0,0.0
101.74080141793631,-35.62606444403247,9.828000000000007,0.0,0.0,0.0
101.73298502311535,-35.61762211816699,9.82800000000001,0.0,0.0,0.0
101.7251995238386,-35.609134679732456,9.82800000000001,0.0,0.0,0.0
101.7174443240425,-35.60060304870824,9.82800000000001,0.0,0.0,0.0
101.70971881393154,-35.59202816553459,9.828000000000008,0.0,0.0,0.0
101.70202237015269,-35.583410990850076,9.828000000000008,0.0,0.0,0.0
101.69435435597413,-35.57475250522266,9.828000000000012,0.0,0.0,0.0
101.68671412146836,-35.56605370887456,9.828000000000012,0.0,0.0,0.0
101.67910100369937,-35.55731562140071,9.82800000000001,0.0,0.0,0.0
101.67151432691428,-35.54853928148102,9.82800000000001,0.0,0.0,0.0
101.66395340273895,-35.53972574658624,9.82800000000001,0.0,0.0,0.0
101.65641753037815,-35.53087609267764,9.828000000000012,0.0,0.0,0.0
101.64890599681951,-35.52199141390021,9.82800000000001,0.0,0.0,0.0
101.64141807704203,-35.51307282226979,9.82800000000001,0.0,0.0,0.0
101.63395303422863,-35.50412144735363,9.82800000000001,0.0,0.0,0.0
101.62651011998265,-35.49513843594487,9.82800000000001,0.0,0.0,0.0
101.61908857454894,-35.48612495173055,9.828000000000012,0.0,0.0,0.0
101.61168762703862,-35.47708217495338,9.828000000000012,0.0,0.0,0.0
101.60430649565826,-35.46801130206723,9.828000000000012,0.0,0.0,0.0
101.59694438794305,-35.458913545386196,9.82800000000001,0.0,0.0,0.0
101.58960050099404,-35.44979013272744,9.82800000000001,0.0,0.0,0.0
101.58227402171956,-35.4406423070477,9.828000000000012,0.0,0.0,0.0
101.5749641270805,-35.43147132607347,9.82800000000001,0.0,0.0,0.0
101.56766998433994,-35.42227846192477,9.82800000000001,0.0,0.0,0.0
101.56039075131652,-35.41306500073283,9.82800000000001,0.0,0.0,0.0
101.55312557664196,-35.40383224225118,9.828000000000012,0.0,0.0,0.0
101.54587360002272,-35.394581499460564,9.828000000000014,0.0,0.0,0.0
101.53863395250536,-35.38531409816756,9.828000000000012,0.0,0.0,0.0
101.53140575674624,-35.376031376596735,9.828000000000014,0.0,0.0,0.0
101.52418812728484,-35.366734684976635,9.828000000000012,0.0,0.0,0.0
101.51698017082144,-35.35742538511927,9.828000000000014,0.0,0.0,0.0
101.50978098649836,-35.348104849993504,9.828000000000012,0.0,0.0,0.0
101.50258966618547,-35.33877446329182,9.828000000000012,0.0,0.0,0.0
101.4954052947694,-35.329435618991084,9.828000000000014,0.0,0.0,0.0
101.48822695044693,-35.32008972090663,9.82800000000001,0.0,0.0,0.0
101.48105370502202,-35.31073818224039,9.828000000000012,0.0,0.0,0.0
101.47388462420696,-35.301382425122355,9.828000000000014,0.0,0.0,0.0
101.46671876792738,-35.2920238801459,9.82800000000001,0.0,0.0,0.0
101.45955519063111,-35.28266398589675,9.828000000000012,0.0,0.0,0.0
101.45239294160096,-35.27330418847554,9.828000000000012,0.0,0.0,0.0
101.44523106527146,-35.26394594101418,9.828000000000012,0.0,0.0,0.0
101.43806860154933,-35.25459070318573,9.828000000000012,0.0,0.0,0.0
101.43090458613801,-35.24523994070806,9.828000000000012,0.0,0.0,0.0
101.42373805086591,-35.2358951248412,9.828000000000012,0.0,0.0,0.0
101.41656802401864,-35.22655773187818,9.828000000000012,0.0,0.0,0.0
101.40939353067509,-35.21722924262983,9.828000000000012,0.0,0.0,0.0
101.40221359304728,-35.20791114190296,9.828000000000014,0.0,0.0,0.0
101.39502723082427,-35.19860491797245,9.828000000000012,0.0,0.0,0.0
101.38783346151975,-35.189312062046874,9.82800000000001,0.0,0.0,0.0
101.38063130082361,-35.18003406772784,9.828000000000014,0.0,0.0,0.0
101.37341976295735,-35.17077243046307,9.828000000000012,0.0,0.0,0.0
101.36619786103338,-35.16152864699305,9.828000000000012,0.0,0.0,0.0
101.35896460741812,-35.15230421479149,9.828000000000014,0.0,0.0,0.0
101.35171901409907,-35.14310063149936,9.828000000000014,0.0,0.0,0.0
101.3444600930558,-35.13391939435263,9.828000000000012,0.0,0.0,0.0
101.33718685663462,-35.124761999603855,9.828000000000012,0.0,0.0,0.0
101.32989831792739,-35.11562994193721,9.828000000000015,0.0,0.0,0.0
101.32259349115414,-35.10652471387738,9.828000000000014,0.0,0.0,0.0
101.31527139204944,-35.09744780519215,9.828000000000014,0.0,0.0,0.0
101.30793103825303,-35.08840070228864,9.828000000000015,0.0,0.0,0.0
101.30057144970405,-35.07938488760325,9.828000000000012,0.0,0.0,0.0
101.29319164903936,-35.07040183898537,9.828000000000014,0.0,0.0,0.0
101.28579066199582,-35.06145302907478,9.828000000000014,0.0,0.0,0.0
101.27836751781649,-35.0525399246727,9.828000000000015,0.0,0.0,0.0
101.27092124966079,-35.0436639861067,9.828000000000014,0.0,0.0,0.0
101.26345089501866,-35.034826666589225,9.828000000000014,0.0,0.0,0.0
101.25595549612879,-35.02602941156989,9.828000000000015,0.0,0.0,0.0
101.24843410040076,-35.017273658081514,9.828000000000015,0.0,0.0,0.0
101.24088576084128,-35.00856083407992,9.828000000000015,0.0,0.0,0.0
101.2333095364844,-34.99989235777743,9.828000000000015,0.0,0.0,0.0
101.225704492826,-34.99126963697014,9.828000000000015,0.0,0.0,0.0
101.21806970226201,-34.98269406835897,9.828000000000015,0.0,0.0,0.0
101.21040424453119,-34.97416703686447,9.828000000000015,0.0,0.0,0.0
101.20270720716155,-34.965689914935375,9.828000000000015,0.0,0.0,0.0
101.19497768592137,-34.957264061851,9.828000000000014,0.0,0.0,0.0
101.18721478527404,-34.948890823017265,9.828000000000014,0.0,0.0,0.0
101.1794176188373,-34.940571529256744,9.828000000000014,0.0,0.0,0.0
101.17158530984669,-34.93230749609233,9.828000000000015,0.0,0.0,0.0
101.16371699162308,-34.92410002302474,9.828000000000014,0.0,0.0,0.0
101.15581180804469,-34.91595039280389,9.828000000000012,0.0,0.0,0.0
101.14786891402326,-34.90785987069404,9.828000000000014,0.0,0.0,0.0
101.13988747598458,-34.899829703732784,9.828000000000014,0.0,0.0,0.0
101.13186667235337,-34.891861119983815,9.828000000000014,0.0,0.0,0.0
101.12380569404256,-34.8839553277837,9.828000000000014,0.0,0.0,0.0
101.11570374494697,-34.876113514982286,9.828000000000015,0.0,0.0,0.0
101.10756004244143,-34.86833684817711,9.828000000000014,0.0,0.0,0.0
101.09937381788335,-34.86062647194164,9.828000000000015,0.0,0.0,0.0
101.0911443171198,-34.852983508047416,9.828000000000014,0.0,0.0,0.0
101.08287080099916,-34.84540905467998,9.828000000000015,0.0,0.0,0.0
101.07455254588733,-34.837904185648874,9.828000000000014,0.0,0.0,0.0
101.06618884418843,-34.83046994959135,9.828000000000014,0.0,0.0,0.0
101.05777900487038,-34.82310736917012,9.828000000000015,0.0,0.0,0.0
101.04932235399487,-34.81581744026498,9.828000000000015,0.0,0.0,0.0
101.04081823525217,-34.80860113115844,9.828000000000014,0.0,0.0,0.0
101.0322660105008,-34.801459381715105,9.828000000000012,0.0,0.0,0.0
101.02366506031169,-34.79439310255526,9.828000000000015,0.0,0.0,0.0
101.01501478451742,-34.78740317422225,9.828000000000015,0.0,0.0,0.0
101.00631460276617,-34.78049044634382,9.828000000000014,0.0,0.0,0.0
100.99756395508057,-34.773655736787575,9.828000000000014,0.0,0.0,0.0
100.98876230242158,-34.766899830810324,9.828000000000014,0.0,0.0,0.0
100.97990912725712,-34.76022348020139,9.828000000000015,0.0,0.0,0.0
100.97100393413596,-34.753627402420086,9.828000000000017,0.0,0.0,0.0
100.96204625026647,-34.74711227972705,9.828000000000015,0.0,0.0,0.0
100.95303562610046,-34.74067875830971,9.828000000000017,0.0,0.0,0.0
100.9439716359222,-34.73432744740179,9.828000000000015,0.0,0.0,0.0
100.93485387844262,-34.728058918396805,9.828000000000015,0.0,0.0,0.0
100.92568197739858,-34.72187370395569,9.828000000000017,0.0,0.0,0.0
100.91645558215745,-34.71577229710847,9.828000000000015,0.0,0.0,0.0
100.90717436832699,-34.709755150350055,9.828000000000015,0.0,0.0,0.0
100.89783803837048,-34.70382267473008,9.828000000000017,0.0,0.0,0.0
100.88844632222717,-34.69797523893682,9.828000000000017,0.0,0.0,0.0
100.87899897793822,-34.69221316837542,9.828000000000015,0.0,0.0,0.0
100.86949579227796,-34.686536744239945,9.828000000000015,0.0,0.0,0.0
100.8599365813906,-34.68094620257987,9.828000000000015,0.0,0.0,0.0
100.85032119143254,-34.675441733360486,9.828000000000014,0.0,0.0,0.0
100.84064949922008,-34.670023479517624,9.828000000000017,0.0,0.0,0.0
100.83092141288273,-34.66469153600648,9.828000000000017,0.0,0.0,0.0
100.82113687252219,-34.65944594884456,9.828000000000015,0.0,0.0,0.0
100.81129585087685,-34.654286714148945,9.828000000000015,0.0,0.0,0.0
100.80139835399196,-34.649213777167674,9.828000000000015,0.0,0.0,0.0
100.79144442189558,-34.64422703130529,9.828000000000015,0.0,0.0,0.0
100.78143412928016,-34.639326317142725,9.828000000000014,0.0,0.0,0.0
100.77136758618988,-34.634511421451286,9.828000000000015,0.0,0.0,0.0
100.7612449387138,-34.62978207620095,9.828000000000015,0.0,0.0,0.0
100.75106636968476,-34.625137957562835,9.828000000000017,0.0,0.0,0.0
100.74083209938412,-34.620578684906,9.828000000000015,0.0,0.0,0.0
100.73054238625241,-34.61610381978844,9.828000000000017,0.0,0.0,0.0
100.7201975276057,-34.61171286494233,9.828000000000017,0.0,0.0,0.0
100.70979786035804,-34.6074052632536,9.828000000000019,0.0,0.0,0.0
100.69934376174953,-34.60318039673573,9.828000000000019,0.0,0.0,0.0
100.68883565008065,-34.59903758549786,9.828000000000015,0.0,0.0,0.0
100.67827398545225,-34.59497608670711,9.828000000000019,0.0,0.0,0.0
100.66765927051152,-34.59099509354535,9.828000000000017,0.0,0.0,0.0
100.656992051204,-34.58709373416002,9.828000000000015,0.0,0.0,0.0
100.64627291753143,-34.583271070609506,9.828000000000019,0.0,0.0,0.0
100.63550250431561,-34.57952609780263,9.828000000000017,0.0,0.0,0.0
100.62468149196816,-34.5758577424325,9.828000000000019,0.0,0.0,0.0
100.61381060726623,-34.57226486190469,9.82800000000002,0.0,0.0,0.0
100.60289062413418,-34.56874624325968,9.828000000000019,0.0,0.0,0.0
100.59192236443111,-34.565300602089614,9.828000000000017,0.0,0.0,0.0
100.58090669874434,-34.56192658144937,9.828000000000019,0.0,0.0,0.0
100.56984454718872,-34.55862275076187,9.828000000000019,0.0,0.0,0.0
100.5587368802119,-34.5553876047178,9.828000000000017,0.0,0.0,0.0
