galstreams/tracks/track.st.AAU-ATLAS.li2021.ecsv
# %ECSV 0.9
# ---
# datatype:
# - {name: ra, unit: deg, datatype: float64}
# - {name: dec, unit: deg, datatype: float64}
# - {name: distance, unit: kpc, datatype: float64}
# - {name: pm_ra_cosdec, unit: mas / yr, datatype: float64}
# - {name: pm_dec, unit: mas / yr, datatype: float64}
# - {name: radial_velocity, unit: km / s, datatype: float64}
# delimiter: ','
# meta: !!omap
# - __serialized_columns__:
#     dec:
#       __class__: astropy.coordinates.angles.Latitude
#       unit: &id001 !astropy.units.Unit {unit: deg}
#       value: !astropy.table.SerializedColumn {name: dec}
#     distance:
#       __class__: astropy.coordinates.distances.Distance
#       unit: !astropy.units.Unit {unit: kpc}
#       value: !astropy.table.SerializedColumn {name: distance}
#     pm_dec:
#       __class__: astropy.units.quantity.Quantity
#       unit: !astropy.units.Unit {unit: mas / yr}
#       value: !astropy.table.SerializedColumn {name: pm_dec}
#     pm_ra_cosdec:
#       __class__: astropy.units.quantity.Quantity
#       unit: !astropy.units.Unit {unit: mas / yr}
#       value: !astropy.table.SerializedColumn {name: pm_ra_cosdec}
#     ra:
#       __class__: astropy.coordinates.angles.Longitude
#       unit: *id001
#       value: !astropy.table.SerializedColumn {name: ra}
#       wrap_angle: !astropy.coordinates.Angle
#         unit: *id001
#         value: 360.0
#     radial_velocity:
#       __class__: astropy.units.quantity.Quantity
#       unit: !astropy.units.Unit {unit: km / s}
#       value: !astropy.table.SerializedColumn {name: radial_velocity}
# schema: astropy-2.0
ra,dec,distance,pm_ra_cosdec,pm_dec,radial_velocity
[from data line 825]
16.719609235174143,-25.174413153120064,21.913666102199166,-3.745181146219689e-05,-0.9322692940977962,-122.87264417276671
16.729106258144796,-25.179544915431116,21.910515030727513,-0.0003161823025770172,-0.9323804941398293,-122.83868178811367
16.738603494602376,-25.18467689534917,21.90736517883604,-0.0005950804455284175,-0.9324915320625352,-122.80470731623267
16.748100944829456,-25.189809092785026,21.904216546524754,-0.0008741462738993677,-0.9326024079195484,-122.77072075712373
16.757598609108676,-25.194941507649506,21.901069133793655,-0.001153379821282552,-0.9327131217645275,-122.73672211078681
16.76709648772272,-25.200074139853406,21.89792294064273,-0.0014327811212784813,-0.9328236736511515,-122.7027113772219
16.776594580954335,-25.20520698930755,21.894777967071988,-0.0017123502074973818,-0.9329340636331227,-122.66868855642899
16.786092889086294,-25.2103400559227,21.89163421308142,-0.001992087113558194,-0.933044291764165,-122.63465364840822
16.79559141240156,-25.215473339609748,21.888491678671045,-0.0022719918730874644,-0.9331543580980237,-122.60060665315937
16.80509015118304,-25.220606840279494,21.885350363840843,-0.0025520645197219527,-0.9332642626884691,-122.56654757068264
16.814589105713704,-25.225740557842737,21.882210268590825,-0.0028323050871070232,-0.9333740055892912,-122.53247640097791
16.824088276276623,-25.23087449221032,21.879071392920988,-0.003112713608895923,-0.9334835868543029,-122.4983931440452
16.83358766315491,-25.23600864329304,21.875933736831335,-0.0033932901187517794,-0.9335930065373399,-122.46429779988453
16.843087266631752,-25.24114301100177,21.872797300321864,-0.0036740346503459365,-0.9337022646922606,-122.43019036849591
16.852587086990386,-25.24627759524732,21.86966208339257,-0.00395494723735812,-0.933811361372944,-122.39607084987928
16.86208712451411,-25.251412395940534,21.86652808604346,-0.0042360279134777135,-0.933920296633293,-122.36193924403472
16.871587379486247,-25.256547412992216,21.863395308274526,-0.00451727671240254,-0.9340290705272327,-122.32779555096215
16.881087852190312,-25.261682646313258,21.860263750085778,-0.004798693667837917,-0.9341376831087091,-122.29363977066168
16.89058854290975,-25.266818095814493,21.85713341147721,-0.005080278813499484,-0.9342461344316924,-122.25947190313317
16.90008945192811,-25.271953761406763,21.854004292448824,-0.005362032183110765,-0.9343544245501736,-122.22529194837675
16.90959057952898,-25.2770896430009,21.85087639300062,-0.005643953810404667,-0.9344625535181669,-122.19109990639235
16.91909192599606,-25.28222574050777,21.84774971313259,-0.0059260437291219215,-0.9345705213897091,-122.15689577717997
16.928593491613057,-25.287362053838226,21.844624252844753,-0.006208301973012309,-0.9346783282188578,-122.12267956073958
16.938095276663777,-25.292498582903132,21.84150001213709,-0.006490728575834437,-0.9347859740596952,-122.08845125707128
16.94759728143207,-25.297635327613335,21.838376991009607,-0.006773323571355294,-0.9348934589663245,-122.05421086617501
16.957099506201796,-25.302772287879662,21.835255189462313,-0.0070560869933512516,-0.9350007829928707,-122.0199583880508
16.96660195125704,-25.307909463613054,21.832134607495185,-0.007339018875605453,-0.9351079461934831,-121.98569382269854
16.976104616881788,-25.313046854724327,21.829015245108256,-0.007622119251911918,-0.9352149486223308,-121.95141717011836
16.985607503360132,-25.318184461124364,21.825897102301504,-0.00790538815607189,-0.9353217903336078,-121.91712843031024
16.99511061097625,-25.323322282724035,21.822780179074922,-0.008188825621895435,-0.9354284713815296,-121.8828276032741
17.00461394001435,-25.328460319434214,21.819664475428528,-0.008472431683201664,-0.9355349918203333,-121.84851468900999
17.014117490758725,-25.333598571165766,21.816549991362315,-0.00875620637381802,-0.9356413517042798,-121.81418968751792
17.023621263493713,-25.338737037829574,21.813436726876287,-0.009040149727580216,-0.9357475510876503,-121.77985259879792
17.033125258503723,-25.343875719336516,21.81032468197044,-0.009324261778333232,-0.9358535900247508,-121.74550342284992
17.042629476073177,-25.349014615597454,21.80721385664477,-0.009608542559929767,-0.9359594685699086,-121.71114215967397
17.052133916486703,-25.354153726523318,21.804104250899282,-0.009892992106231402,-0.9360651867774739,-121.67676880927002
17.061638580028838,-25.35929305202496,21.800995864733977,-0.01017761045110871,-0.9361707447018179,-121.64238337163818
17.07114346698425,-25.36443259201329,21.797888698148856,-0.010462397628439812,-0.936276142397336,-121.60798584677828
17.080648577637636,-25.36957234639918,21.794782751143913,-0.01074735367211238,-0.9363813799184457,-121.57357623469046
17.090153912273788,-25.374712315093532,21.791678023719147,-0.011032478616022412,-0.9364864573195869,-121.53915453537466
17.099659471177535,-25.379852498007235,21.78857451587457,-0.011317772494073564,-0.9365913746552206,-121.50472074883089
17.10916525463378,-25.384992895051187,21.78547222761017,-0.011603235340178708,-0.9366961319798323,-121.47027487505915
17.118671262927485,-25.390133506136277,21.782371158925947,-0.011888867188259322,-0.9368007293479288,-121.43581691405944
17.12817749634362,-25.3952743311734,21.77927130982191,-0.012174668072245043,-0.9369051668140396,-121.4013468658318
17.137683955167375,-25.40041537007349,21.776172680298053,-0.012460638026073723,-0.9370094444327169,-121.36686473037618
17.147190639683846,-25.405556622747426,21.77307527035438,-0.012746777083691707,-0.9371135622585349,-121.33237050769256
17.156697550178233,-25.410698089106138,21.76997907999089,-0.01303308527905439,-0.9372175203460916,-121.297864197781
17.16620468693582,-25.4158397690605,21.76688410920757,-0.013319562646124883,-0.937321318750006,-121.26334580064145
17.175712050241927,-25.42098166252143,21.763790358004446,-0.013606209218875676,-0.9374249575249194,-121.22881531627398
17.18521964038196,-25.426123769399855,21.760697826381495,-0.013893025031286421,-0.9375284367254981,-121.1942727446785
17.194727457641363,-25.431266089606677,21.75760651433873,-0.014180010117345985,-0.9376317564064282,-121.15971808585503
17.204235502305657,-25.436408623052806,21.754516421876136,-0.014467164511051567,-0.93773491662242,-121.12515133980362
17.213743774660376,-25.441551369649133,21.751427548993735,-0.014754488246408683,-0.9378379174282051,-121.09057250652424
17.223252274991253,-25.446694329306638,21.74833989569151,-0.015041981357430345,-0.9379407588785391,-121.0559815860169
17.23276100358395,-25.451837501936197,21.745253461969465,-0.015329643878139563,-0.9380434410281984,-121.02137857828161
17.24226996072423,-25.456980887448744,21.7421682478276,-0.015617475842566233,-0.9381459639319838,-120.9867634833183
17.251779146697917,-25.462124485755197,21.73908425326592,-0.015905477284749725,-0.9382483276447176,-120.95213630112708
17.2612885617909,-25.46726829676648,21.736001478284418,-0.01619364823873709,-0.9383505322212444,-120.91749703170784
17.27079820628913,-25.472412320393527,21.732919922883102,-0.016481988738583364,-0.9384525777164333,-120.88284567506072
17.280308080478623,-25.477556556547245,21.729839587061964,-0.016770498818352908,-0.9385544641851726,-120.84818223118555
17.289818184645448,-25.482701005138566,21.72676047082101,-0.01705917851211769,-0.9386561916823766,-120.81350670008243
17.29932851907569,-25.487845666078414,21.723682574160236,-0.017348027853958337,-0.9387577602629805,-120.77881908175132
17.308839084055663,-25.492990539277745,21.720605897079636,-0.017637046877963136,-0.9388591699819424,-120.74411937619226
17.31834987987156,-25.498135624647492,21.717530439579225,-0.01792623561822887,-0.9389604208942427,-120.70940758340525
17.327860906809715,-25.50328092209857,21.714456201658994,-0.01821559410886109,-0.9390615130548854,-120.67468370339027
17.337372165156516,-25.508426431541917,21.711383183318944,-0.018505122383973394,-0.9391624465188956,-120.63994773614729
17.346883655198393,-25.51357215288847,21.70831138455908,-0.018794820477687213,-0.9392632213413219,-120.60519968167635
17.356395377221872,-25.518718086049173,21.705240805379386,-0.019084688424132412,-0.9393638375772377,-120.57043953997747
17.365907331513515,-25.523864230934944,21.702171445779886,-0.01937472625744774,-0.939464295281734,-120.53566731105063
17.375419518359966,-25.52901058745675,21.699103305760556,-0.0196649340117791,-0.9395645945099295,-120.5008829948958
17.38493193804785,-25.53415715552549,21.696036385321417,-0.019955311721281288,-0.939664735316962,-120.466086591513
17.394444590864044,-25.539303935052153,21.692970684462452,-0.020245859420116974,-0.9397647177579942,-120.4312781009023
17.403957477095314,-25.544450925947668,21.68990620318367,-0.020536577142456658,-0.9398645418882108,-120.39645752306356
17.413470597028546,-25.549598128122984,21.686842941485068,-0.02082746492248022,-0.939964207762819,-120.36162485799683
17.42298395095067,-25.554745541489027,21.683780899366653,-0.02111852279437454,-0.9400637154370484,-120.32678010570216
17.4324975391487,-25.55989316595675,21.68072007682841,-0.021409750792335203,-0.9401630649661521,-120.29192326617954
17.44201136190971,-25.565041001437116,21.677660473870358,-0.021701148950565907,-0.9402622564054053,-120.25705433942895
17.45152541952083,-25.570189047841048,21.674602090492478,-0.02199271730327801,-0.9403612898101064,-120.2221733254504
17.461039712269248,-25.575337305079515,21.67154492669479,-0.02228445588469169,-0.9404601652355753,-120.18728022424388
17.470554240442226,-25.580485773063465,21.66848898247727,-0.02257636472903468,-0.9405588827371569,-120.15237503580933
17.48006900432702,-25.5856344517038,21.665434257839948,-0.022868443870544042,-0.9406574423702161,-120.11745776014682
17.489584004211128,-25.59078334091155,21.662380752782788,-0.023160693343462546,-0.9407558441901439,-120.08252839725643
17.499099240381934,-25.595932440597643,21.65932846730582,-0.02345311318204296,-0.94085408825235,-120.047586947138
17.508614713126942,-25.601081750673004,21.65627740140903,-0.023745703420545716,-0.9409521746122698,-120.01263340979162
17.518130422733716,-25.606231271048607,21.653227555092432,-0.02403846409323912,-0.94105010332536,-119.97766778521732
17.527646369489904,-25.611381001635415,21.650178928356,-0.024331395234399755,-0.9411478744471025,-119.942690073415
17.537162553683185,-25.616530942344372,21.647131521199753,-0.024624496878311752,-0.9412454880329983,-119.9077002743847
17.546678975601303,-25.621681093086426,21.644085333623693,-0.02491776905926857,-0.9413429441385732,-119.87269838812644
17.556195635532042,-25.626831453772514,21.641040365627816,-0.025211211811570156,-0.9414402428193756,-119.83768441464028
17.56571253376338,-25.631982024313658,21.63799661721211,-0.025504825169524625,-0.9415373841309779,-119.80265835392605
17.5752296705832,-25.637132804620773,21.6349540883766,-0.02579860916744925,-0.9416343681289723,-119.76762020598392
17.584747046279524,-25.642283794604825,21.631912779121258,-0.026092563839668348,-0.9417311948689773,-119.73256997081383
17.594264661140407,-25.647434994176777,21.628872689446098,-0.026386689220514292,-0.9418278644066314,-119.69750764841574
17.60378251545398,-25.65258640324758,21.625833819351122,-0.026680985344328112,-0.9419243767975973,-119.66243323878967
17.613300609508435,-25.657738021728196,21.62279616883633,-0.026975452245457943,-0.9420207320975603,-119.62734674193568
17.622818943592033,-25.66288984952959,21.619759737901713,-0.027270089958260746,-0.9421169303622287,-119.59224815785366
17.632337517993086,-25.668041886562722,21.616724526547284,-0.027564898517100367,-0.9422129716473326,-119.55713748654374
17.64185633299998,-25.67319413273855,21.613690534773035,-0.02785987795634942,-0.9423088560086275,-119.52201472800583
17.6513753889011,-25.678346587968004,21.610657762578967,-0.028155028310388686,-0.9424045835018877,-119.48687988223992
17.66089468598506,-25.68349925216211,21.607626209965076,-0.028450349613605316,-0.9425001541829148,-119.45173294924606
17.670414224540377,-25.68865212523182,21.604595876931366,-0.028745841900396144,-0.9425955681075304,-119.4165739290242
17.67993400485568,-25.693805207088047,21.60156676347784,-0.029041505205164908,-0.9426908253315794,-119.38140282157447
17.68945402721966,-25.698958497641797,21.598538869604496,-0.02933733956232387,-0.9427859259109299,-119.34621962689666
17.698974291921083,-25.704111996804013,21.595512195311336,-0.029633345006292278,-0.9428808699014737,-119.31102434499098
17.708494799248758,-25.709265704485674,21.59248674059835,-0.029929521571498533,-0.942975657359124,-119.27581697585724
17.71801554949157,-25.714419620597724,21.58946250546555,-0.030225869292377527,-0.9430702883398172,-119.2405975194956
17.72753654293847,-25.719573745051147,21.58643948991293,-0.030522388203372833,-0.9431647628995143,-119.20536597590592
17.73705777987841,-25.724728077756858,21.58341769394049,-0.03081907833893588,-0.9432590810941974,-119.17012234508836
17.746579260600555,-25.729882618625886,21.58039711754824,-0.03111593973352572,-0.943353242979871,-119.13486662704281
17.756100985394006,-25.735037367569163,21.577377760736162,-0.031412972421608454,-0.9434472486125649,-119.0995988217693
17.765622954547947,-25.740192324497677,21.574359623504265,-0.031710176437659054,-0.9435410980483308,-119.06431892926777
17.77514516835164,-25.745347489322352,21.57134270585255,-0.03200755181616083,-0.9436347913432415,-119.0290269495383
17.784667627094404,-25.750502861954185,21.568327007781015,-0.03230509859160313,-0.9437283285533957,-118.99372288258085
17.79419033106562,-25.75565844230412,21.565312529289663,-0.03260281679848448,-0.9438217097349129,-118.95840672839543
17.803713280554756,-25.760814230283135,21.562299270378496,-0.03290070647131027,-0.9439149349439369,-118.92307848698208
17.813236475851298,-25.765970225802178,21.55928723104751,-0.03319876764459473,-0.9440080042366334,-118.88773815834077
17.822759917244785,-25.7711264287722,21.5562764112967,-0.03349700035285896,-0.9441009176691919,-118.85238574247148
17.832283605024944,-25.7762828391042,21.553266811126075,-0.03379540463063163,-0.9441936752978239,-118.81702123937417
17.841807539481437,-25.781439456709144,21.55025843053563,-0.034093980512449606,-0.9442862771787657,-118.78164464904896
17.85133172090402,-25.786596281497967,21.54725126952537,-0.0343927280328577,-0.9443787233682744,-118.74625597149571
17.860856149582517,-25.791753313381644,21.544245328095286,-0.03469164722640805,-0.944471013922632,-118.71085520671456
17.870380825806816,-25.79691055227113,21.54124060624539,-0.03499073812766079,-0.9445631488981416,-118.67544235470542
17.879905749866875,-25.802067998077394,21.538237103975664,-0.035290000771183105,-0.9446551283511317,-118.64001741546831
17.889430922052707,-25.8072256507114,21.535234821286124,-0.03558943519155067,-0.9447469523379521,-118.60458038900325
17.898956342654387,-25.8123835100841,21.532233758176766,-0.03588904142334659,-0.9448386209149755,-118.56913127531021
17.90848201196201,-25.81754157610643,21.529233914647588,-0.03618881950116137,-0.9449301341385984,-118.53367007438914
17.91800793026588,-25.82269984868941,21.526235290698597,-0.03648876945959317,-0.9450214920652402,-118.49819678624017
17.927534097856213,-25.827858327743964,21.523237886329778,-0.036788891333247975,-0.9451126947513435,-118.46271141086321
17.93706051502334,-25.83301701318107,21.520241701541142,-0.03708918515673937,-0.9452037422533733,-118.42721394825828
17.94658718205765,-25.838175904911658,21.517246736332698,-0.0373896509646891,-0.9452946346278184,-118.39170439842545
17.95611409924961,-25.843335002846715,21.514252990704428,-0.03769028879172537,-0.9453853719311903,-118.3561827613646
17.965641266889744,-25.84849430689718,21.511260464656335,-0.03799109867248446,-0.945475954220024,-118.32064903707575
17.97516868526862,-25.853653816974028,21.508269158188426,-0.03829208064161099,-0.9455663815508768,-118.28510322555896
17.984696354676895,-25.858813532988204,21.505279071300702,-0.038593234733756254,-0.94565665398033,-118.24954532681421
