galstreams/tracks/track.st.GD-1.ibata2021.ecsv
# %ECSV 0.9
# ---
# datatype:
# - {name: ra, unit: deg, datatype: float64}
# - {name: dec, unit: deg, datatype: float64}
# - {name: distance, unit: kpc, datatype: float64}
# - {name: pm_ra_cosdec, unit: mas / yr, datatype: float64}
# - {name: pm_dec, unit: mas / yr, datatype: float64}
# - {name: radial_velocity, unit: km / s, datatype: float64}
# delimiter: ','
# meta: !!omap
# - __serialized_columns__:
#     dec:
#       __class__: astropy.coordinates.angles.Latitude
#       unit: &id001 !astropy.units.Unit {unit: deg}
#       value: !astropy.table.SerializedColumn {name: dec}
#     distance:
#       __class__: astropy.coordinates.distances.Distance
#       unit: !astropy.units.Unit {unit: kpc}
#       value: !astropy.table.SerializedColumn {name: distance}
#     pm_dec:
#       __class__: astropy.units.quantity.Quantity
#       unit: !astropy.units.Unit {unit: mas / yr}
#       value: !astropy.table.SerializedColumn {name: pm_dec}
#     pm_ra_cosdec:
#       __class__: astropy.units.quantity.Quantity
#       unit: !astropy.units.Unit {unit: mas / yr}
#       value: !astropy.table.SerializedColumn {name: pm_ra_cosdec}
#     ra:
#       __class__: astropy.coordinates.angles.Longitude
#       unit: *id001
#       value: !astropy.table.SerializedColumn {name: ra}
#       wrap_angle: !astropy.coordinates.Angle
#         unit: *id001
#         value: 360.0
#     radial_velocity:
#       __class__: astropy.units.quantity.Quantity
#       unit: !astropy.units.Unit {unit: km / s}
#       value: !astropy.table.SerializedColumn {name: radial_velocity}
# schema: astropy-2.0
ra,dec,distance,pm_ra_cosdec,pm_dec,radial_velocity
[from data line 824]
126.32441115915428,-2.3413785677363883,8.800691267345924,-1.6679949012499953,-9.528011052009544,8.841805486365955e-14
126.3282204759589,-2.3320416114099647,8.800215893051979,-1.6688317323800748,-9.530263583568722,6.315575347404254e-14
126.33203009502039,-2.322704819806101,8.799740550467162,-1.6696685063547276,-9.532515353031915,9.262843842859572e-14
126.33584001648194,-2.313368192952194,8.799265239634687,-1.6705052232243438,-9.53476636044037,1.0736478090587231e-13
126.33965024048672,-2.304031730875683,8.798789960597748,-1.6713418830393199,-9.537016605835362,6.315575347404254e-14
126.34346076717806,-2.2946954336039025,8.798314713399565,-1.6721784858500508,-9.539266089258135,8.631286308119147e-14
126.34727159669919,-2.2853593011643167,8.797839498083334,-1.6730150317069261,-9.541514810749929,1.6841534259744676e-14
126.35108272919341,-2.2760233335843942,8.797364314692265,-1.6738515206603375,-9.543762770351988,1.0525958912340423e-13
126.35489416480415,-2.266687530891568,8.79688916326956,-1.6746879527606797,-9.546009968105551,6.315575347404254e-14
126.35870590367473,-2.257351893113317,8.796414043858432,-1.6755243280583434,-9.548256404051838,1.3052189051302125e-13
126.36251794594862,-2.2480164202771094,8.795938956502082,-1.6763606466037193,-9.550502078232075,1.1578554803574466e-13
126.36633029176927,-2.238681112410492,8.79546390124372,-1.6771969084471987,-9.552746990687487,3.9998643866893604e-14
126.37014294128025,-2.229345969540882,8.79498887812655,-1.6780331136391684,-9.554991141459274,5.2629794561702114e-14
126.37395589462507,-2.2200109916958386,8.794513887193778,-1.6788692622300214,-9.557234530588651,7.157652060391487e-14
126.37776915194732,-2.210676178902893,8.794038928488611,-1.6797053542701414,-9.55947715811681,4.8419410996765944e-14
126.38158271339063,-2.2013415311896,8.793564002054254,-1.680541389809925,-9.561719024084955,4.4209027431829774e-14
126.38539657909864,-2.1920070485835077,8.793089107933914,-1.6813773688997564,-9.563960128534275,5.4734986344170195e-14
126.38921074921511,-2.1826727311121887,8.792614246170798,-1.6822132915900216,-9.566200471505947,3.9998643866893604e-14
126.39302522388373,-2.1733385788032322,8.79213941680811,-1.6830491579311113,-9.56844005304116,9.894401377599997e-14
126.39684000324829,-2.164004591684266,8.791664619889058,-1.6838849679734083,-9.57067887318108,4.210383564936169e-14
126.40065508745263,-2.1546707697828222,8.791189855456848,-1.6847207217672988,-9.572916931966871,5.4734986344170195e-14
126.40447047664058,-2.145337113126552,8.790715123554685,-1.6855564193631716,-9.575154229439702,1.0946997268834039e-13
126.4082861709561,-2.1360036217431078,8.790240424225777,-1.686392060811413,-9.577390765640729,5.4734986344170195e-14
126.41210217054304,-2.1266702956601287,8.78976575751333,-1.687227646162401,-9.579626540611098,1.1789073981821273e-13
126.41591847554544,-2.117337134905277,8.789291123460547,-1.6880631754665263,-9.581861554391955,1.0946997268834039e-13
126.41973508610722,-2.1080041395062725,8.788816522110638,-1.6888986487741675,-9.584095807024438,6.105056169157445e-14
126.42355200237255,-2.098671309490698,8.788341953506807,-1.6897340661357108,-9.586329298549686,6.105056169157445e-14
126.42736922448543,-2.08933864488632,8.787867417692262,-1.6905694276015395,-9.588562029008822,7.578690416885104e-14
126.43118675259004,-2.0800061457208288,8.787392914710205,-1.6914047332220323,-9.59079399844297,1.24206315165617e-13
126.43500458683052,-2.0706738120219614,8.78691844460385,-1.6922399830475745,-9.593025206893252,3.5788260301957434e-14
126.43882272735107,-2.061341643817456,8.786444007416396,-1.6930751771285437,-9.595255654400772,9.683882199353189e-14
126.44264117429593,-2.0520096411350646,8.785969603191054,-1.6939103155153221,-9.597485341006633,1.221011233831489e-13
126.44645992780941,-2.0426778040025395,8.785495231971026,-1.6947453982582898,-9.599714266751946,7.999728773378721e-14
126.45027898803583,-2.03334613244766,8.785020893799516,-1.6955804254078262,-9.601942431677799,5.4734986344170195e-14
126.45409835511948,-2.024014626498285,8.78454658871974,-1.696415397014309,-9.604169835825278,1.1368035625327657e-13
126.45791802920485,-2.0146832861820907,8.784072316774894,-1.6972503131281198,-9.606396479235473,8.631286308119147e-14
126.46173801043633,-2.005352111526966,8.783598078008195,-1.6980851737996299,-9.60862236194945,9.47336302110638e-14
126.46555829895841,-1.9960211025607248,8.783123872462836,-1.6989199790792233,-9.6108474840083,1.0946997268834039e-13
126.46937889491561,-1.9866902593112037,8.78264970018203,-1.6997547290172728,-9.613071845453073,5.6840178126638284e-14
126.47319979845246,-1.9773595818062795,8.782175561208987,-1.700589423664156,-9.615295446324831,6.105056169157445e-14
126.47702100971351,-1.968029070073847,8.781701455586909,-1.701424063070248,-9.617518286664636,5.0524602779234026e-14
126.4808425288435,-1.9586987241417095,8.781227383358997,-1.702258647285926,-9.619740366513533,1.0315439734093615e-13
126.48466435598706,-1.949368544037783,8.780753344568469,-1.7030931763615602,-9.621961685912567,5.2629794561702114e-14
126.48848649128884,-1.9400385297900005,8.780279339258524,-1.7039276503475267,-9.624182244902773,1.0315439734093615e-13
126.49230893489369,-1.9307086814262602,8.779805367472365,-1.7047620692941992,-9.62640204352519,4.210383564936169e-14
126.49613168694628,-1.921378998974513,8.779331429253208,-1.7055964332519484,-9.628621081820832,1.0104920555846805e-13
126.49995474759153,-1.9120494824626928,8.778857524644247,-1.7064307422711502,-9.630839359830736,1.0946997268834039e-13
126.50377811697426,-1.9027201319187699,8.7783836536887,-1.7072649964021733,-9.633056877595905,1.0736478090587231e-13
126.50760179523938,-1.893390947370754,8.777909816429762,-1.7080991956953877,-9.635273635157354,5.0524602779234026e-14
126.51142578253184,-1.8840619288465252,8.777436012910648,-1.7089333402011682,-9.637489632556088,5.0524602779234026e-14
126.51525007899662,-1.8747330763741599,8.77696224317456,-1.70976742996988,-9.639704869833103,8.841805486365955e-14
126.51907468477876,-1.8654043899816446,8.776488507264705,-1.7106014650518937,-9.641919347029388,6.105056169157445e-14
126.52289960002328,-1.8560758696970046,8.77601480522429,-1.7114354454975782,-9.64413306418594,7.999728773378721e-14
126.52672482487532,-1.8467475155482906,8.775541137096521,-1.7122693713573036,-9.646346021343733,1.368374658604255e-13
126.53055035947999,-1.8374193275635404,8.775067502924607,-1.7131032426814339,-9.64855821854374,2.7367493172085098e-14
126.53437620398245,-1.828091305770889,8.774593902751747,-1.7139370595203367,-9.65076965582694,1.3262708229548932e-13
126.53820235852795,-1.8187634501982748,8.77412033662115,-1.7147708219243782,-9.652980333234288,8.420767129872338e-14
126.54202882326179,-1.8094357608738747,8.773646804576025,-1.7156045299439258,-9.655190250806747,7.368171238638296e-14
126.5458555983292,-1.8001082378257753,8.773173306659574,-1.716438183629344,-9.657399408585272,5.4734986344170195e-14
126.54968268387552,-1.790780881082088,8.772699842915012,-1.7172717830309943,-9.6596078066108,7.157652060391487e-14
126.55351008004614,-1.7814536906709708,8.772226413385532,-1.7181053281992433,-9.661815444924288,1.2841669873055315e-13
126.5573377869865,-1.7721266666205306,8.77175301811435,-1.718938819184453,-9.664022323566659,9.47336302110638e-14
126.56116580484198,-1.7627998089589452,8.77127965714467,-1.7197722560369855,-9.66622844257885,9.47336302110638e-14
126.56499413375812,-1.7534731177144192,8.770806330519695,-1.7206056388072026,-9.668433802001783,3.368306851948935e-14
126.56882277388047,-1.7441465929150644,8.770333038282637,-1.7214389675454658,-9.670638401876372,9.052324664612763e-14
126.57265172535456,-1.7348202345890853,8.769859780476693,-1.7222722423021375,-9.672842242243538,4.631421921429786e-14
126.57648098832605,-1.7254940427647123,8.76938655714508,-1.7231054631275748,-9.675045323144186,2.1051917824680846e-14
126.58031056294054,-1.716168017470182,8.768913368330994,-1.7239386300721367,-9.677247644619216,1.1368035625327657e-13
126.58414044934375,-1.7068421587336995,8.768440214077652,-1.724771743186183,-9.679449206709519,8.420767129872338e-14
126.58797064768136,-1.697516466583585,8.76796709442825,-1.7256048025200743,-9.681650009455993,8.841805486365955e-14
126.5918011580992,-1.6881909410479878,8.767494009426002,-1.726437808124163,-9.683850052899517,8.841805486365955e-14
126.59563198074308,-1.678865582155239,8.76702095911411,-1.7272707600488082,-9.686049337080972,7.368171238638296e-14
126.59946311575881,-1.6695403899336236,8.766547943535782,-1.7281036583443656,-9.68824786204123,3.9998643866893604e-14
126.6032945632923,-1.660215364411452,8.76607496273422,-1.7289365030611905,-9.69044562782116,5.6840178126638284e-14
126.60712632348945,-1.6508905056170367,8.765602016752634,-1.7297692942496383,-9.692642634461624,9.683882199353189e-14
126.61095839649624,-1.6415658135786892,8.765129105634228,-1.7306020319600623,-9.694838882003472,1.0315439734093615e-13
126.61479078245871,-1.6322412883247726,8.764656229422213,-1.7314347162428139,-9.697034370487552,1.6841534259744676e-14
126.61862348152286,-1.6229169298836286,8.76418338815979,-1.7322673471482486,-9.69922909995472,4.210383564936169e-14
126.62245649383476,-1.613592738283685,8.763710581890168,-1.733099924726718,-9.701423070445808,6.947132882144679e-14
126.62628981954059,-1.6042687135532125,8.763237810656552,-1.7339324490285686,-9.703616282001644,3.9998643866893604e-14
126.6301234587865,-1.5949448557206642,8.762765074502148,-1.7347649201041568,-9.705808734663059,9.683882199353189e-14
126.6339574117187,-1.5856211648144547,8.76229237347016,-1.7355973380038319,-9.708000428470879,1.2631150694808508e-13
126.63779167848341,-1.5762976408629772,8.7618197076038,-1.73642970277794,-9.710191363465912,5.4734986344170195e-14
126.64162625922694,-1.566974283894702,8.761347076946272,-1.7372620144768303,-9.712381539688963,1.2631150694808506e-14
126.64546115409556,-1.557651093938104,8.760874481540782,-1.7380942731508506,-9.714570957180849,1.2631150694808508e-13
126.6492963632357,-1.5483280710215466,8.760401921430532,-1.7389264788503502,-9.71675961598236,3.5788260301957434e-14
126.65313188679373,-1.5390052151735758,8.75992939665873,-1.7397586316256748,-9.718947516134293,8.420767129872338e-14
126.65696772491611,-1.5296825264226515,8.759456907268586,-1.740590731527167,-9.721134657677426,8.21024795162553e-14
126.66080387774933,-1.5203600047972974,8.758984453303306,-1.7414227786051737,-9.723321040652545,7.368171238638296e-14
126.6646403454399,-1.5110376503260106,8.758512034806088,-1.74225477291004,-9.725506665100427,5.894536990910637e-14
126.66847712813438,-1.501715463037333,8.758039651820148,-1.7430867144921072,-9.72769153106184,5.4734986344170195e-14
126.67231422597938,-1.4923934429597998,8.75756730438869,-1.74391860340172,-9.729875638577546,1.4315304120782974e-13
126.67615163912153,-1.4830715901219735,8.757094992554913,-1.74475043968922,-9.732058987688307,7.157652060391487e-14
126.67998936770753,-1.4737499045524594,8.756622716362035,-1.745582223404947,-9.734241578434858,3.368306851948935e-14
126.6838274118841,-1.4644283862797536,8.756150475853254,-1.7464139545992428,-9.736423410857967,5.894536990910637e-14
126.68766577179801,-1.4551070353325077,8.755678271071776,-1.7472456333224466,-9.73860448499836,4.4209027431829774e-14
126.69150444759605,-1.4457858517393136,8.75520610206081,-1.748077259624897,-9.740784800896773,1.1368035625327657e-13
126.69534343942507,-1.4364648355287997,8.754733968863562,-1.7489088335569338,-9.742964358593944,6.526094525651062e-14
126.69918274743198,-1.4271439867296,8.754261871523235,-1.7497403551688957,-9.74514315813059,5.4734986344170195e-14
126.70302237176364,-1.417823305370416,8.753789810083042,-1.7505718245111161,-9.747321199547423,5.4734986344170195e-14
126.70686231256707,-1.408502791479825,8.753317784586185,-1.75140324163393,-9.749498482885153,7.999728773378721e-14
126.71070256998928,-1.399182445086534,8.752845795075865,-1.7522346065876786,-9.751675008184504,1.1368035625327657e-13
126.71454314417727,-1.389862266219239,8.752373841595299,-1.7530659194226916,-9.75385077548615,3.5788260301957434e-14
126.71838403527818,-1.380542254906647,8.751901924187685,-1.7538971801893068,-9.756025784830806,6.947132882144679e-14
126.72222524343907,-1.3712224111774782,8.751430042896231,-1.7547283889378509,-9.758200036259144,7.999728773378721e-14
126.72606676880719,-1.3619027350604593,8.750958197764144,-1.7555595457186608,-9.760373529811853,7.999728773378721e-14
126.72990861152968,-1.3525832265843225,8.750486388834632,-1.7563906505820657,-9.762546265529606,-6.315575347404253e-15
126.73375077175376,-1.3432638857779013,8.750014616150898,-1.7572217035784004,-9.76471824345308,5.4734986344170195e-14
126.73759324962678,-1.3339447126698518,8.749542879756147,-1.7580527047579912,-9.766889463622935,7.368171238638296e-14
126.74143604529607,-1.324625707289004,8.749071179693589,-1.758883654171167,-9.769059926079828,9.894401377599997e-14
126.74527915890897,-1.3153068696641739,8.74859951600643,-1.7597145518682558,-9.771229630864417,7.894469184255317e-14
126.74912259061291,-1.3059881998241565,8.748127888737873,-1.7605453978995866,-9.773398578017343,9.789141788476593e-14
126.7529663405553,-1.296669697797786,8.74765629793113,-1.7613761923154874,-9.77556676757925,1.0946997268834039e-13
126.75681040888367,-1.287351363613902,8.7471847436294,-1.7622069351662797,-9.777734199590768,1.1157516447080849e-13
126.76065479574551,-1.2780331973014043,8.746713225875892,-1.7630376265022938,-9.77990087409254,7.157652060391487e-14
126.76449950128843,-1.2687151988890575,8.746241744713814,-1.7638682663738487,-9.782066791125178,5.894536990910637e-14
126.76834452566001,-1.2593973684058037,8.745770300186368,-1.7646988548312743,-9.784231950729307,5.3682390452936155e-14
126.77218986900795,-1.2500797058805226,8.745298892336766,-1.7655293919248876,-9.786396352945527,5.0524602779234026e-14
126.77603553147988,-1.2407622113421453,8.744827521208212,-1.7663598777050122,-9.788559997814456,1.1473295214451061e-13
126.77988151322356,-1.231444884819547,8.744356186843909,-1.7671903122219703,-9.790722885376686,1.1578554803574466e-14
126.78372781438675,-1.2221277263417063,8.743884889287065,-1.7680206955260827,-9.792885015672823,4.631421921429786e-14
126.78757443511729,-1.2128107359375644,8.743413628580889,-1.7688510276676643,-9.79504638874344,8.841805486365955e-14
126.791421375563,-1.2034939136361191,8.742942404768584,-1.7696813086970398,-9.797207004629131,7.157652060391487e-14
126.7952686358718,-1.1941772594662612,8.742471217893357,-1.7705115386645223,-9.799366863370466,6.21031575828085e-14
126.79911621619163,-1.1848607734570147,8.742000067998413,-1.7713417176204305,-9.80152596500802,1.1683814392697868e-13
126.80296411667047,-1.1755444556373904,8.74152895512696,-1.7721718456150795,-9.803684309582357,1.6841534259744676e-14
126.80681233745631,-1.166228306036408,8.741057879322204,-1.7730019226987874,-9.805841897134032,2.2104513715914887e-14
126.81066087869722,-1.1569123246831026,8.74058684062735,-1.7738319489218661,-9.807998727703604,9.262843842859572e-14
126.81450974054128,-1.1475965116065643,8.740115839085608,-1.7746619243346284,-9.810154801331615,7.157652060391487e-14
126.81835892313669,-1.1382808668357312,8.739644874740181,-1.7754918489873899,-9.812310118058608,6.105056169157445e-14
126.82220842663156,-1.1289653903997605,8.73917394763427,-1.7763217229304573,-9.81446467792512,6.420834936527658e-14
126.82605825117416,-1.1196500823277171,8.738703057811088,-1.7771515462141485,-9.816618480971684,5.157719867046807e-14
126.82990839691273,-1.110334942648709,8.738232205313844,-1.77798131888877,-9.818771527238814,1.0525958912340423e-13
126.8337588639956,-1.1010199713918343,8.737761390185737,-1.7788110410046298,-9.820923816767035,8.94706507548936e-14
126.83760965257106,-1.091705168586237,8.737290612469975,-1.779640712612038,-9.823075349596852,6.526094525651062e-14
