galstreams/tracks/track.st.M68-Fjorm.ibata2021.ecsv
# %ECSV 0.9
# ---
# datatype:
# - {name: ra, unit: deg, datatype: float64}
# - {name: dec, unit: deg, datatype: float64}
# - {name: distance, unit: kpc, datatype: float64}
# - {name: pm_ra_cosdec, unit: mas / yr, datatype: float64}
# - {name: pm_dec, unit: mas / yr, datatype: float64}
# - {name: radial_velocity, unit: km / s, datatype: float64}
# delimiter: ','
# meta: !!omap
# - __serialized_columns__:
#     dec:
#       __class__: astropy.coordinates.angles.Latitude
#       unit: &id001 !astropy.units.Unit {unit: deg}
#       value: !astropy.table.SerializedColumn {name: dec}
#     distance:
#       __class__: astropy.coordinates.distances.Distance
#       unit: !astropy.units.Unit {unit: kpc}
#       value: !astropy.table.SerializedColumn {name: distance}
#     pm_dec:
#       __class__: astropy.units.quantity.Quantity
#       unit: !astropy.units.Unit {unit: mas / yr}
#       value: !astropy.table.SerializedColumn {name: pm_dec}
#     pm_ra_cosdec:
#       __class__: astropy.units.quantity.Quantity
#       unit: !astropy.units.Unit {unit: mas / yr}
#       value: !astropy.table.SerializedColumn {name: pm_ra_cosdec}
#     ra:
#       __class__: astropy.coordinates.angles.Longitude
#       unit: *id001
#       value: !astropy.table.SerializedColumn {name: ra}
#       wrap_angle: !astropy.coordinates.Angle
#         unit: *id001
#         value: 360.0
#     radial_velocity:
#       __class__: astropy.units.quantity.Quantity
#       unit: !astropy.units.Unit {unit: km / s}
#       value: !astropy.table.SerializedColumn {name: radial_velocity}
# schema: astropy-2.0
ra,dec,distance,pm_ra_cosdec,pm_dec,radial_velocity
[from data line 6501]
199.5739800522168,19.33985171359171,5.996239955524678,-1.8996078070245375,4.643095319434803,-62.53244575034551
199.57705092224106,19.349728926203934,5.995851561501516,-1.8991217961255107,4.643575537654328,-62.542457877330946
199.58012240276744,19.359606019507932,5.995462926549424,-1.8986356723490232,4.644055642309674,-62.55246988338824
199.58319449412681,19.36948299344482,5.9950740510123826,-1.8981494356299118,4.644535633467898,-62.562481768457864
199.58626719665017,19.37935984795549,5.994684935234423,-1.897663085902986,4.645015511196058,-62.572493532480095
199.5893405106687,19.389236582980978,5.994295579559608,-1.8971766231030303,4.645495275561199,-62.58250517539488
199.59241443651388,19.3991131984622,5.993905984332033,-1.896690047164794,4.645974926630369,-62.59251669714258
199.5954889745173,19.408989694340043,5.993516149895833,-1.896203358023004,4.646454464470615,-62.60252809766321
199.5985641250109,19.418866070555314,5.993126076595185,-1.8957165556123565,4.646933889148967,-62.61253937689688
199.60163988832662,19.428742327048862,5.992735764774297,-1.8952296398675235,4.647413200732461,-62.62255053478357
199.60471626479676,19.438618463761312,5.9923452147774245,-1.8947426107231433,4.647892399288118,-62.63256157126303
199.60779325475374,19.44849448063341,5.991954426948845,-1.894255468113826,4.648371484882963,-62.64257248627549
199.61087085853026,19.4583703776058,5.991563401632882,-1.89376821197416,4.648850457584017,-62.652583279760606
199.61394907645914,19.468246154619074,5.991172139173897,-1.8932808422387044,4.64932931745828,-62.66259395165821
199.6170279099307,19.478121811313205,5.9907806388705565,-1.8927933586322367,4.6498080640556525,-62.67260450136985
199.62010736034964,19.487997347324058,5.990388900014506,-1.8923057608763179,4.650286696920894,-62.68261492828907
199.6231874259224,19.497872763196842,5.989996925057765,-1.89181804932725,4.650765217162372,-62.69262523343842
199.6262681069826,19.50774805887198,5.989604714344842,-1.8913302239194716,4.651243624847076,-62.70263541675734
199.62934940386415,19.517623234289832,5.989212268220273,-1.890842284587398,4.651721920042001,-62.71264547818553
199.6324313169012,19.527498289390707,5.988819587028647,-1.8903542312654202,4.652200102814106,-62.722655417662516
199.63551384642798,19.537373224114944,5.9884266711145715,-1.889866063887894,4.652678173230379,-62.73266523512772
199.63859699277904,19.547248038402643,5.988033520822701,-1.8893777823891587,4.653156131357776,-62.74267493052068
199.64168075628905,19.557122732194046,5.98764013649772,-1.8888893867035115,4.6536339772632695,-62.752684503780664
199.64476513729295,19.566997305429283,5.987246518484354,-1.8884008767652338,4.654111711013799,-62.76269395484688
199.64785013612584,19.576871758048433,5.986852667127356,-1.8879122525085705,4.65458933267632,-62.77270328365895
199.65093575312312,19.58674608999153,5.986458582771523,-1.887423513867739,4.6550668423177735,-62.78271249015601
199.65402198862026,19.596620301198577,5.986064265761685,-1.886934660776938,4.655544240005093,-62.792721574277046
199.657108842953,19.60649439160956,5.985669716442707,-1.8864456931703262,4.656021525805209,-62.802730535961395
199.6601963164573,19.616368361164287,5.985274935159482,-1.885956610982037,4.656498699785048,-62.81273937514808
199.6632844094693,19.626242209802637,5.984879922256949,-1.8854674141461851,4.6569757620115215,-62.82274809177616
199.66637312232535,19.636115937464428,5.984484678080081,-1.8849781025968435,4.657452712551537,-62.83275668578476
199.6694624553621,19.645989544089407,5.984089202973877,-1.8844886762680684,4.657929551472007,-62.84276515711262
199.6725524089162,19.655863029617297,5.983693497283375,-1.883999135093883,4.65840627883982,-62.85277350569881
199.67564298332468,19.665736393987757,5.983297561353654,-1.8835094790082818,4.658882894721865,-62.862781731482286
199.6787341789247,19.675609637140404,5.982901395529819,-1.8830197079452322,4.65935939918503,-62.872789834401544
199.68182599605376,19.685482759014796,5.982505000157016,-1.882529821838674,4.659835792296189,-62.88279781439557
199.68491843504935,19.69535575955046,5.982108375580421,-1.8820398206225204,4.660312074122205,-62.89280567140307
199.6880114962493,19.705228638686876,5.981711522145243,-1.881549704230655,4.660788244729947,-62.90281340536269
199.6911051799916,19.715101396363536,5.981314440196729,-1.881059472596931,4.661264304186268,-62.91282101621314
199.6941994866145,19.7249740325197,5.980917130080164,-1.8805691256551782,4.661740252558009,-62.922828503892845
199.69729441645643,19.734846547094744,5.980519592140853,-1.8800786633391957,4.662216089912017,-62.932835868340376
199.70038996985605,19.744718940027976,5.980121826724149,-1.8795880855827583,4.662691816315122,-62.94284310949423
199.7034861471521,19.75459121125864,5.979723834175432,-1.8790973923196042,4.663167431834148,-62.95285022729298
199.70658294868372,19.764463360725912,5.979325614840116,-1.878606583483455,4.663642936535911,-62.96285722167478
199.70968037479014,19.774335388368996,5.978927169063651,-1.8781156590079955,4.664118330487224,-62.97286409257807
199.71277842581085,19.784207294126883,5.978528497191518,-1.8776246188268852,4.664593613754886,-62.9828708399412
199.71587710208547,19.794079077938683,5.97812959956923,-1.8771334628737586,4.665068786405694,-62.99287746370237
199.71897640395392,19.803950739743406,5.9777304765423365,-1.8766421910822157,4.665543848506433,-63.002883963799825
199.72207633175626,19.813822279480004,5.97733112845642,-1.8761508033858365,4.666018800123882,-63.01289034017156
199.7251768858328,19.823693697087386,5.976931555657095,-1.8756592997181687,4.66649364132481,-63.02289659275572
199.72827806652404,19.833564992504403,5.976531758490009,-1.875167680012733,4.66696837217598,-63.03290272149039
199.73137987417076,19.84343616566989,5.976131737300841,-1.8746759442030176,4.6674429927441405,-63.0429087263137
199.73448230911373,19.85330721652261,5.975731492435304,-1.8741840922224888,4.667917503096045,-63.052914607163466
199.73758537169422,19.863178145001278,5.975331024239139,-1.873692124004583,4.668391903298432,-63.06292036397756
199.74068906225352,19.87304895104457,5.97493033305813,-1.8732000394827093,4.668866193418026,-63.07292599669393
199.7437933811332,19.88291963459117,5.974529419238083,-1.8727078385902463,4.669340373521548,-63.08293150525047
199.74689832867494,19.89279019557955,5.974128283124842,-1.8722155212605494,4.66981444367571,-63.092936889584735
199.75000390522078,19.902660633948287,5.973726925064287,-1.8717230874269406,4.670288403947215,-63.10294214963455
199.75311011111282,19.912530949635876,5.9733253454023165,-1.871230537022719,4.670762254402758,-63.11294728533754
199.75621694669354,19.92240114258074,5.972923544484868,-1.8707378699811512,4.671235995109027,-63.12295229663146
199.75932441230546,19.932271212721282,5.972521522657915,-1.8702450862354794,4.671709626132696,-63.13295718345377
199.76243250829143,19.942141159995835,5.972119280267461,-1.8697521857189159,4.672183147540435,-63.14296194574198
199.76554123499443,19.95201098434276,5.971716817659541,-1.8692591683646433,4.672656559398903,-63.15296658343356
199.76865059275767,19.96188068570018,5.971314135180216,-1.8687660341058228,4.673129861774749,-63.16297109646596
199.77176058192458,19.971750264006353,5.97091123317558,-1.8682727828755796,4.6736030547346195,-63.17297548477667
199.77487120283885,19.981619719199426,5.970508111991764,-1.8677794146070175,4.6740761383451375,-63.18297974830288
199.77798245584427,19.99148905121752,5.97010477197493,-1.8672859292332071,4.674549112672928,-63.19298388698191
199.78109434128487,20.00135825999868,5.969701213471271,-1.8667923266872024,4.675021977784602,-63.20298790075097
199.78420685950502,20.01122734548092,5.969297436826994,-1.8662986069020104,4.6754947337467705,-63.21299178954735
199.78732001084913,20.021096307602186,5.968893442388364,-1.8658047698106242,4.67596738062602,-63.22299555330806
199.79043379566193,20.030965146300407,5.968489230501659,-1.865310815346004,4.6764399184889385,-63.23299919197024
199.79354821428828,20.040833861513438,5.968084801513192,-1.8648167434410876,4.676912347402094,-63.243002705470964
199.7966632670733,20.050702453179156,5.967680155769309,-1.8643225540287762,4.67738466743206,-63.25300609374719
199.79977895436232,20.060570921235225,5.9672752936163835,-1.8638282470419534,4.677856878645386,-63.26300935673583
199.8028952765009,20.070439265619424,5.966870215400816,-1.8633338224134657,4.6783289811086215,-63.27301249437384
199.80601223383468,20.080307486269422,5.966464921469049,-1.8628392800761386,4.678800974888293,-63.28301550659813
199.80912982670972,20.090175583122846,5.966059412167542,-1.8623446199627622,4.679272860050933,-63.29301839334536
199.81224805547214,20.100043556117278,5.965653687842797,-1.8618498420061045,4.679744636663053,-63.303021154552326
199.81536692046828,20.10991140519025,5.9652477488413345,-1.861354946138908,4.680216304791155,-63.313023790155725
199.8184864220448,20.119779130279284,5.964841595509705,-1.8608599322938741,4.680687864501738,-63.32302630009235
199.82160656054845,20.129646731321724,5.964435228194499,-1.8603648004036963,4.681159315861286,-63.33302868429863
199.82472733632622,20.139514208255015,5.9640286472423325,-1.85986955040102,4.681630658936266,-63.3430309427111
199.82784874972538,20.14938156101648,5.963621852999841,-1.8593741822184842,4.682101893793146,-63.35303307526643
199.8309708010933,20.159248789543415,5.963214845813706,-1.8588786957886776,4.682573020498378,-63.36303508190101
199.83409349077763,20.16911589377308,5.96280762603063,-1.8583830910441765,4.6830440391184,-63.3730369625512
199.8372168191263,20.178982873642646,5.96240019399734,-1.8578873679175238,4.683514949719636,-63.38303871715344
199.8403407864873,20.188849729089274,5.961992550060595,-1.8573915263412362,4.683985752368523,-63.393040345643996
199.84346539416364,20.19871645977854,5.961584693739271,-1.8568955660524593,4.684456446695307,-63.40304184746437
199.8465906438421,20.208583065266865,5.961176624226496,-1.8563994867095055,4.684927032156821,-63.4130432218563
199.84971653358014,20.218449546142903,5.960768343859831,-1.8559032887134095,4.685397509867204,-63.42304446994366
199.85284306372654,20.228315902343684,5.960359852986153,-1.8554069719965827,4.685867879892826,-63.43304559166238
199.85597023463058,20.238182133805967,5.959951151952371,-1.8549105364913998,4.686338142300053,-63.443046586948626
199.8590980466415,20.2480482404667,5.959542241105414,-1.854413982130207,4.686808297155239,-63.453047455738364
199.86222650010887,20.25791422226267,5.9591331207922495,-1.8539173088453291,4.687278344524726,-63.46304819796738
199.8653555953825,20.267780079130638,5.9587237913598665,-1.8534205165690558,4.687748284474844,-63.47304881357195
199.86848533281233,20.27764581100734,5.958314253155284,-1.852923605233653,4.688218117071908,-63.48304930248772
199.87161571274856,20.287511417829453,5.957904506525557,-1.8524265747713593,4.68868784238222,-63.49304966465055
199.87474673554155,20.297376899533525,5.957494551817746,-1.8519294251143779,4.689157460472089,-63.50304989999627
199.877878401542,20.307242256056163,5.95708438937896,-1.8514321561948957,4.68962697140779,-63.51305000846063
199.8810107111007,20.31710748733388,5.95667401955633,-1.8509347679450645,4.690096375255601,-63.52304998997913
199.88414366456868,20.32697259330316,5.9562634426970185,-1.8504372602970114,4.690565672081769,-63.5330498444875
199.88727726229723,20.33683757390041,5.955852659148204,-1.849939633182831,4.691034861952554,-63.54304957192138
199.89041150463774,20.346702429062024,5.955441669257102,-1.849441886534604,4.691503944934183,-63.553049172216234
199.89354639194192,20.356567158724317,5.955030473370955,-1.8489440202843603,4.691972921092885,-63.56304864530762
199.89668192456173,20.366431762823552,5.954619071837026,-1.8484460343641178,4.692441790494869,-63.57304799113091
199.89981810284928,20.376296241295986,5.954207465002616,-1.8479479287058649,4.69291055320633,-63.583047209621405
199.9029549271568,20.386160594077786,5.953795653215044,-1.8474497032415607,4.693379209293459,-63.59304630071455
199.90609239783697,20.396024821105122,5.953383636821654,-1.8469513579031362,4.693847758822429,-63.60304526434559
199.90923051524234,20.405888922314002,5.952971416169825,-1.8464528926224952,4.694316201859401,-63.61304410044978
199.91236927972602,20.415752897640502,5.952558991606959,-1.8459543073315121,4.694784538470524,-63.62304280896222
199.91550869164118,20.425616747020584,5.9521463634804865,-1.8454556019620365,4.6952527687219305,-63.63304138981816
199.91864875134118,20.43548047039021,5.951733532137857,-1.8449567764458892,4.695720892679745,-63.6430398429527
199.92178945917965,20.445344067685273,5.951320497926557,-1.844457830714859,4.696188910410077,-63.65303816830076
199.92493081551035,20.455207538841595,5.950907261194093,-1.8439587647007145,4.696656821979024,-63.663036365797375
199.92807282068745,20.46507088379503,5.950493822287992,-1.843459578335188,4.697124627452678,-63.67303443537764
199.93121547506507,20.474934102481207,5.950080181555819,-1.8429602715499898,4.697592326897102,-63.68303237697618
199.93435877899776,20.484797194835878,5.949666339345162,-1.842460844276805,4.698059920378353,-63.69303019052798
199.93750273284013,20.494660160794705,5.949252296003629,-1.8419612964472816,4.69852740796248,-63.70302787596778
199.94064733694714,20.504523000293247,5.948838051878857,-1.8414616279930482,4.6989947897155115,-63.71302543323039
199.94379259167388,20.514385713267064,5.948423607318511,-1.840961838845704,4.699462065703464,-63.72302286225052
199.9469384973757,20.524248299651678,5.948008962670277,-1.8404619289368171,4.699929235992346,-63.7330201629627
199.95008505440805,20.534110759382525,5.947594118281866,-1.8399618981979282,4.7003963006481495,-63.74301733530155
199.95323226312678,20.543973092395,5.947179074501022,-1.839461746560552,4.700863259736847,-63.75301437920171
199.9563801238878,20.553835298624456,5.946763831675508,-1.8389614739561806,4.701330113324403,-63.76301129459758
199.9595286370474,20.563697378006196,5.946348390153112,-1.8384610803162666,4.701796861476769,-63.773008081423605
199.96267780296193,20.573559330475526,5.945932750281645,-1.837960565572248,4.702263504259882,-63.78300473961423
199.96582762198796,20.583421155967546,5.945516912408947,-1.8374599296555223,4.702730041739661,-63.793001269103804
199.96897809448237,20.593282854417463,5.945100876882892,-1.8369591724974677,4.703196473982014,-63.80299766982653
199.97212922080223,20.603144425760394,5.944684644051353,-1.836458294029434,4.703662801052836,-63.812993941716776
199.97528100130475,20.613005869931374,5.944268214262253,-1.8359572941827405,4.704129023018007,-63.822990084708714
199.9784334363475,20.62286718686543,5.94385158786353,-1.8354561728886822,4.704595139943385,-63.832986098736306
199.98158652628814,20.63272837649757,5.943434765203137,-1.8349549300785175,4.705061151894833,-63.842981983733964
199.9847402714845,20.642589438762595,5.9430177466290655,-1.8344535656834893,4.705527058938179,-63.852977739635506
199.98789467229489,20.65245037359542,5.942600532489324,-1.8339520796348054,4.705992861139251,-63.862973366375
199.9910497290775,20.662311180930857,5.94218312313195,-1.8334504718636475,4.706458558563852,-63.872968863886356
199.99420544219097,20.672171860703678,5.941765518904998,-1.8329487423011697,4.706924151277775,-63.882964232103475
199.9973618119941,20.68203241284857,5.941347720156558,-1.8324468908785008,4.707389639346796,-63.89295947096018
200.00051883884586,20.691892837300216,5.940929727234723,-1.831944917526734,4.707855022836686,-63.90295458039049
200.00367652310547,20.701753133993236,5.940511540487626,-1.831442822176943,4.708320301813188,-63.91294956032786
200.00683486513236,20.711613302862187,5.940093160263423,-1.8309406047601704,4.708785476342033,-63.92294441070615
200.0099938652862,20.721473343841584,5.939674586910291,-1.8304382652074354,4.709250546488943,-63.9329391314589
