galstreams/tracks/track.st.OmegaCen-Fimbulthul.ibata2021.ecsv
# %ECSV 0.9
# ---
# datatype:
# - {name: ra, unit: deg, datatype: float64}
# - {name: dec, unit: deg, datatype: float64}
# - {name: distance, unit: kpc, datatype: float64}
# - {name: pm_ra_cosdec, unit: mas / yr, datatype: float64}
# - {name: pm_dec, unit: mas / yr, datatype: float64}
# - {name: radial_velocity, unit: km / s, datatype: float64}
# delimiter: ','
# meta: !!omap
# - __serialized_columns__:
#     dec:
#       __class__: astropy.coordinates.angles.Latitude
#       unit: &id001 !astropy.units.Unit {unit: deg}
#       value: !astropy.table.SerializedColumn {name: dec}
#     distance:
#       __class__: astropy.coordinates.distances.Distance
#       unit: !astropy.units.Unit {unit: kpc}
#       value: !astropy.table.SerializedColumn {name: distance}
#     pm_dec:
#       __class__: astropy.units.quantity.Quantity
#       unit: !astropy.units.Unit {unit: mas / yr}
#       value: !astropy.table.SerializedColumn {name: pm_dec}
#     pm_ra_cosdec:
#       __class__: astropy.units.quantity.Quantity
#       unit: !astropy.units.Unit {unit: mas / yr}
#       value: !astropy.table.SerializedColumn {name: pm_ra_cosdec}
#     ra:
#       __class__: astropy.coordinates.angles.Longitude
#       unit: *id001
#       value: !astropy.table.SerializedColumn {name: ra}
#       wrap_angle: !astropy.coordinates.Angle
#         unit: *id001
#         value: 360.0
#     radial_velocity:
#       __class__: astropy.units.quantity.Quantity
#       unit: !astropy.units.Unit {unit: km / s}
#       value: !astropy.table.SerializedColumn {name: radial_velocity}
# schema: astropy-2.0
ra,dec,distance,pm_ra_cosdec,pm_dec,radial_velocity
[from data line 1653]
194.96840121998244,-31.8003707607197,5.4192680085575535,-5.18755548789945,-6.955529125817392,8.420767129872338e-14
194.97512215835644,-31.792042139861923,5.418299684978747,-5.192493517078201,-6.957610954821592,1.6841534259744676e-14
194.9818491051836,-31.783717223313428,5.41733044164924,-5.19743701849673,-6.959695012727045,8.420767129872338e-14
194.9885820552838,-31.77539600748143,5.416360279440992,-5.202385988397576,-6.961781298933653,5.0524602779234026e-14
194.99532100347977,-31.767078488773777,5.4153891992259675,-5.2073404230232505,-6.963869812840304,3.368306851948935e-14
195.00206594459686,-31.758764663598793,5.41441720187612,-5.212300318616262,-6.965960553844904,8.420767129872338e-14
195.00881687346345,-31.75045452836539,5.413444288263416,-5.217265671419091,-6.968053521344319,6.73661370389787e-14
195.01557378491057,-31.74214807948305,5.412470459259812,-5.222236477674217,-6.970148714734424,3.368306851948935e-14
195.02233667377203,-31.73384531336182,5.411495715737271,-5.227212733624103,-6.972246133410051,6.73661370389787e-14
195.0291055348845,-31.725546226412295,5.41052005856775,-5.2321944355112056,-6.974345776765019,6.73661370389787e-14
195.0358803630873,-31.717250815045624,5.4095434886232105,-5.237181579577975,-6.976447644192105,6.73661370389787e-14
195.0426611532226,-31.708959075673576,5.408566006775613,-5.242174162066859,-6.9785517350830535,3.368306851948935e-14
195.04944790013525,-31.70067100470845,5.40758761389692,-5.2471721792203025,-6.980658048828563,1.6841534259744676e-14
195.05624059867282,-31.69238659856314,5.406608310859087,-5.252175627280762,-6.982766584818283,8.420767129872338e-14
195.06303924368575,-31.68410585365112,5.405628098534079,-5.257184502490688,-6.984877342440816,1.6841534259744676e-14
195.06984383002705,-31.67582876638644,5.404646977793853,-5.262198801092541,-6.9869903210836934,5.0524602779234026e-14
195.07665435255257,-31.667555333183753,5.403664949510369,-5.267218519328793,-6.9891055201334,5.0524602779234026e-14
195.08347080612072,-31.659285550458282,5.402682014555588,-5.272243653441928,-6.991222938975337,5.0524602779234026e-14
195.0902931855928,-31.651019414625843,5.401698173801473,-5.277274199674437,-6.993342576993836,5.0524602779234026e-14
195.09712148583262,-31.642756922102844,5.400713428119983,-5.282310154268832,-6.9954644335721525,1.6841534259744676e-14
195.10395570170684,-31.634498069306307,5.399727778383073,-5.287351513467652,-6.997588508092461,3.368306851948935e-14
195.1107958280847,-31.62624285265385,5.398741225462711,-5.292398273513437,-6.999714799935831,6.73661370389787e-14
195.11764185983816,-31.617991268563664,5.397753770230851,-5.297450430648772,-7.001843308482263,5.0524602779234026e-14
195.1244937918418,-31.609743313454587,5.396765413559459,-5.30250798111625,-7.003974033110623,1.6841534259744676e-14
195.13135161897287,-31.60149898374604,5.39577615632049,-5.307570921158508,-7.006106973198709,5.0524602779234026e-14
195.1382153361113,-31.59325827585807,5.394785999385906,-5.312639247018199,-7.00824212812319,3.368306851948935e-14
195.1450849381397,-31.585021186211318,5.393794943627667,-5.317712954938022,-7.010379497259627,3.368306851948935e-14
195.15196041994318,-31.576787711227055,5.392802989917737,-5.3227920411606995,-7.012519079982448,5.0524602779234026e-14
195.1588417764096,-31.568557847327174,5.3918101391280695,-5.327876501929001,-7.014660875664978,3.368306851948935e-14
195.1657290024294,-31.56033159093418,5.390816392130632,-5.332966333485728,-7.016804883679396,3.368306851948935e-14
195.17262209289566,-31.552108938471232,5.389821749797376,-5.3380615320737315,-7.018951103396754,5.0524602779234026e-14
195.179521042704,-31.543889886362066,5.3888262130002715,-5.3431620939358995,-7.02109953418696,6.73661370389787e-14
195.18642584675274,-31.53567443103109,5.387829782611271,-5.348268015315178,-7.023250175418785,8.420767129872338e-14
195.1933364999427,-31.527462568903317,5.386832459502339,-5.353379292454548,-7.025403026459841,6.73661370389787e-14
195.20025299717733,-31.519254296404434,5.385834244545433,-5.3584959215970525,-7.027558086676596,5.0524602779234026e-14
195.20717533336264,-31.51104960996074,5.384835138612517,-5.363617898985783,-7.029715355434344,5.0524602779234026e-14
195.21410350340722,-31.50284850599916,5.383835142575547,-5.368745220863897,-7.031874832097233,1.6841534259744676e-14
195.22103750222223,-31.49465098094731,5.3828342573064845,-5.373877883474596,-7.034036516028231,3.368306851948935e-14
195.22797732472137,-31.486457031233403,5.381832483677292,-5.37901588306115,-7.0362004065891295,5.0524602779234026e-14
195.2349229658209,-31.47826665328634,5.380829822559928,-5.384159215866893,-7.038366503140551,3.368306851948935e-14
195.24187442043964,-31.470079843535654,5.379826274826352,-5.389307878135225,-7.040534805041929,6.73661370389787e-14
195.2488316834989,-31.461896598411535,5.378821841348527,-5.394461866109609,-7.042705311651508,8.420767129872338e-14
195.25579474992261,-31.45371691434485,5.377816522998408,-5.399621176033581,-7.044878022326337,3.368306851948935e-14
195.26276361463707,-31.445540787767094,5.376810320647962,-5.40478580415075,-7.047052936422272,1.6841534259744676e-14
195.2697382725712,-31.437368215110453,5.375803235169143,-5.409955746704799,-7.049230053293968,3.368306851948935e-14
195.27671871865638,-31.429199192807776,5.374795267433917,-5.415130999939488,-7.051409372294857,6.73661370389787e-14
195.28370494782664,-31.42103371729256,5.373786418314238,-5.420311560098652,-7.053590892777178,5.0524602779234026e-14
195.29069695501823,-31.412871784998988,5.372776688682071,-5.4254974234262185,-7.055774614091938,3.368306851948935e-14
195.29769473517007,-31.404713392361916,5.371766079409376,-5.430688586166189,-7.057960535588934,6.73661370389787e-14
195.30469828322362,-31.39655853581691,5.37075459136811,-5.435885044562652,-7.0601486566167235,5.0524602779234026e-14
195.31170759412257,-31.38840721180014,5.369742225430235,-5.4410867948597845,-7.062338976522641,5.0524602779234026e-14
195.3187226628133,-31.38025941674852,5.368728982467713,-5.446293833301863,-7.06453149465278,6.73661370389787e-14
195.32574348424455,-31.372115147099628,5.367714863352502,-5.451506156133243,-7.066726210351994,5.0524602779234026e-14
195.33277005336757,-31.36397439929174,5.366699868956562,-5.456723759598385,-7.068923122963895,1.6841534259744676e-14
195.33980236513594,-31.35583716976381,5.365684000151856,-5.461946639941841,-7.071122231830836,5.0524602779234026e-14
195.34684041450578,-31.347703454955475,5.36466725781034,-5.467174793408269,-7.073323536293921,8.420767129872338e-14
195.35388419643562,-31.339573251307108,5.363649642803979,-5.47240821624242,-7.075527035692988,5.0524602779234026e-14
195.3609337058864,-31.33144655525973,5.3626311560047295,-5.477646904689159,-7.077732729366621,8.420767129872338e-14
195.36798893782145,-31.32332336325509,5.361611798284552,-5.482890854993453,-7.079940616652124,3.368306851948935e-14
195.37504988720656,-31.31520367173564,5.36059157051541,-5.488140063400376,-7.082150696885529,5.0524602779234026e-14
195.38211654900994,-31.30708747714455,5.35957047356926,-5.493394526155109,-7.08436296940159,8.420767129872338e-14
195.3891889182021,-31.298974775925664,5.358548508318063,-5.49865423950296,-7.0865774335337886,1.6841534259744676e-14
195.39626698975604,-31.290865564523564,5.3575256756337835,-5.5039191996893315,-7.088794088614294,1.6841534259744676e-14
195.4033507586471,-31.282759839383534,5.356501976388375,-5.5091894029597706,-7.091012933974006,5.0524602779234026e-14
195.41044021985297,-31.27465759695157,5.355477411453802,-5.514464845559919,-7.093233968942515,6.73661370389787e-14
195.41753536835375,-31.26655883367442,5.354451981702024,-5.519745523735555,-7.095457192848119,3.368306851948935e-14
195.4246361991319,-31.25846354599951,5.353425688004999,-5.525031433732575,-7.097682605017796,3.368306851948935e-14
195.43174270717222,-31.250371730375015,5.352398531234691,-5.530322571797005,-7.099910204777224,6.73661370389787e-14
195.43885488746184,-31.242283383249834,5.351370512263057,-5.535618934174994,-7.102139991450759,6.73661370389787e-14
195.44597273499033,-31.234198501073585,5.35034163196206,-5.540920517112826,-7.104371964361445,3.368306851948935e-14
195.45309624474947,-31.22611708029664,5.349311891203659,-5.546227316856925,-7.106606122830991,6.73661370389787e-14
195.46022541173343,-31.218039117370076,5.348281290859812,-5.5515393296538385,-7.108842466179789,5.0524602779234026e-14
195.4673602309387,-31.209964608745715,5.3472498318024835,-5.556856551750256,-7.1110809937268815,8.420767129872338e-14
195.4745006973641,-31.201893550876147,5.346217514903631,-5.562178979393008,-7.113321704789989,1.6841534259744676e-14
195.48164680601073,-31.193825940214662,5.345184341035216,-5.567506608829063,-7.115564598685479,5.0524602779234026e-14
195.48879855188198,-31.185761773215344,5.344150311069197,-5.5728394363055385,-7.117809674728376,3.368306851948935e-14
195.4959559299836,-31.17770104633296,5.343115425877536,-5.578177458069698,-7.120056932232349,5.0524602779234026e-14
195.5031189353236,-31.169643756023092,5.34207968633219,-5.583520670368949,-7.122306370509721,8.420767129872338e-14
195.51028756291228,-31.161589898742015,5.341043093305124,-5.588869069450855,-7.124557988871443,6.73661370389787e-14
195.51746180776212,-31.1535394709468,5.3400056476682956,-5.594222651563122,-7.126811786627098,6.73661370389787e-14
195.52464166488804,-31.145492469095274,5.338967350293666,-5.599581412953624,-7.129067763084917,6.73661370389787e-14
195.53182712930712,-31.13744888964601,5.337928202053194,-5.604945349870383,-7.131325917551741,3.368306851948935e-14
195.53901819603868,-31.129408729058337,5.336888203818842,-5.610314458561588,-7.13358624933304,6.73661370389787e-14
195.54621486010439,-31.12137198379236,5.335847356462566,-5.615688735275581,-7.135848757732903,8.420767129872338e-14
195.55341711652807,-31.113338650308954,5.334805660856331,-5.621068176260874,-7.138113442054024,3.368306851948935e-14
195.56062496033582,-31.105308725069754,5.333763117872094,-5.626452777766139,-7.1403803015977125,5.0524602779234026e-14
195.56783838655593,-31.097282204537173,5.33271972838182,-5.631842536040218,-7.142649335663874,3.368306851948935e-14
195.575057390219,-31.08925908517439,5.331675493257465,-5.637237447332128,-7.144920543551026,1.6841534259744676e-14
195.58228196635775,-31.081239363445402,5.3306304133709865,-5.642637507891056,-7.147193924556277,1.0104920555846805e-13
195.58951211000723,-31.073223035814905,5.329584489594351,-5.648042713966355,-7.149469477975316,1.6841534259744676e-14
195.59674781620458,-31.065210098748473,5.328537722799516,-5.653453061807568,-7.1517472031024365,1.0104920555846805e-13
195.60398907998922,-31.057200548712366,5.32749011385844,-5.658868547664406,-7.154027099230499,3.368306851948935e-14
195.61123589640272,-31.049194382173727,5.326441663643088,-5.6642891677867615,-7.156309165650949,1.6841534259744676e-14
195.61848826048882,-31.041191595600413,5.325392373025415,-5.669714918424718,-7.158593401653808,5.0524602779234026e-14
195.6257461672935,-31.033192185461125,5.324342242877384,-5.675145795828539,-7.160879806527663,6.73661370389787e-14
195.63300961186494,-31.02519614822532,5.3232912740709555,-5.68058179624867,-7.163168379559666,5.0524602779234026e-14
195.64027858925337,-31.01720348036328,5.322239467478087,-5.686022915935753,-7.165459120035532,3.368306851948935e-14
195.6475530945113,-31.00921417834605,5.321186823970742,-5.691469151140621,-7.167752027239533,3.368306851948935e-14
195.65483312269328,-31.001228238645524,5.320133344420879,-5.696920498114299,-7.170047100454491,5.0524602779234026e-14
195.66211866885615,-30.993245657734377,5.319079029700459,-5.702376953108002,-7.172344338961778,5.0524602779234026e-14
195.66940972805878,-30.985266432086085,5.318023880681442,-5.7078385123731525,-7.174643742041312,5.0524602779234026e-14
195.6767062953623,-30.97729055817494,5.316967898235789,-5.713305172161362,-7.176945308971545,3.368306851948935e-14
195.68400836582975,-30.969318032476036,5.315911083235457,-5.718776928724459,-7.1792490390294725,8.420767129872338e-14
195.69131593452659,-30.961348851465303,5.3148534365524105,-5.724253778314462,-7.181554931490611,6.73661370389787e-14
195.69862899652014,-30.95338301161945,5.313794959058606,-5.729735717183601,-7.183862985629016,5.0524602779234026e-14
195.70594754688003,-30.94542050941605,5.312735651626006,-5.735222741584315,-7.186173200717259,3.368306851948935e-14
195.71327158067785,-30.93746134133347,5.311675515126573,-5.740714847769246,-7.188485576026423,1.6841534259744676e-14
195.72060109298738,-30.929505503850894,5.310614550432261,-5.746212031991265,-7.190800110826126,8.420767129872338e-14
195.72793607888448,-30.921552993448344,5.309552758415035,-5.751714290503437,-7.193116804384479,3.368306851948935e-14
195.73527653344706,-30.913603806606677,5.308490139946854,-5.7572216195590595,-7.195435655968104,3.368306851948935e-14
195.74262245175518,-30.905657939807558,5.307426695899679,-5.762734015411641,-7.197756664842126,1.6841534259744676e-14
195.7499738288909,-30.89771538953351,5.3063624271454675,-5.768251474314914,-7.200079830270171,3.368306851948935e-14
195.75733065993836,-30.88977615226787,5.305297334556183,-5.773773992522825,-7.202405151514353,5.0524602779234026e-14
195.7646929399839,-30.881840224494827,5.304231419003785,-5.779301566289562,-7.204732627835282,8.420767129872338e-14
195.77206066411577,-30.873907602699404,5.303164681360232,-5.784834191869522,-7.20706225849205,3.368306851948935e-14
195.77943382742427,-30.86597828336746,5.302097122497485,-5.790371865517348,-7.209394042742233,1.0104920555846805e-13
195.78681242500184,-30.858052262985698,5.301028743287506,-5.795914583487897,-7.211727979841877,5.0524602779234026e-14
195.79419645194295,-30.8501295380417,5.299959544602253,-5.801462342036269,-7.2140640690455164,5.0524602779234026e-14
195.80158590334403,-30.84221010502385,5.298889527313688,-5.8070151374178005,-7.2164023096061385,5.0524602779234026e-14
195.80898077430362,-30.834293960421412,5.297818692293769,-5.812572965888059,-7.2187427007752145,8.420767129872338e-14
195.8163810599222,-30.826381100724483,5.296747040414458,-5.818135823702858,-7.221085241802655,1.6841534259744676e-14
195.82378675530236,-30.818471522424048,5.295674572547716,-5.823703707118247,-7.223429931936851,3.368306851948935e-14
195.83119785554865,-30.810565222011935,5.2946012895655015,-5.829276612390516,-7.225776770424627,5.0524602779234026e-14
195.83861435576765,-30.8026621959808,5.2935271923397735,-5.834854535776211,-7.228125756511271,5.0524602779234026e-14
195.8460362510679,-30.79476244082423,5.292452281742496,-5.8404374735321145,-7.23047688944051,1.0104920555846805e-13
195.85346353655996,-30.786865953036603,5.291376558645627,-5.846025421915264,-7.232830168454514,5.0524602779234026e-14
195.86089620735643,-30.77897272911323,5.290300023921126,-5.85161837718295,-7.235185592793892,5.0524602779234026e-14
195.8683342585718,-30.77108276555024,5.289222678440955,-5.857216335592711,-7.237543161697681,8.420767129872338e-14
195.8757776853226,-30.763196058844656,5.288144523077071,-5.8628192934023495,-7.239902874403352,5.0524602779234026e-14
195.8832264827273,-30.755312605494403,5.287065558701439,-5.868427246869911,-7.242264730146806,6.73661370389787e-14
195.89068064590637,-30.74743240199822,5.285985786186017,-5.874040192253716,-7.244628728162354,5.0524602779234026e-14
195.89814016998224,-30.739555444855778,5.284905206402764,-5.879658125812336,-7.246994867682736,3.368306851948935e-14
195.9056050500792,-30.73168173056761,5.283823820223643,-5.885281043804613,-7.2493631479391,6.73661370389787e-14
195.91307528132364,-30.723811255635113,5.282741628520612,-5.89090894248965,-7.251733568161004,3.368306851948935e-14
195.9205508588438,-30.71594401656063,5.281658632165629,-5.896541818126824,-7.254106127576417,5.0524602779234026e-14
195.92803177776986,-30.70808000984732,5.28057483203066,-5.9021796669757665,-7.256480825411703,1.6841534259744676e-14
