galstreams/tracks/track.st.Gaia-11.ibata2024.ecsv
# %ECSV 1.0
# ---
# datatype:
# - {name: ra, unit: deg, datatype: float64}
# - {name: dec, unit: deg, datatype: float64}
# - {name: distance, unit: kpc, datatype: float64}
# - {name: pm_ra_cosdec, unit: mas / yr, datatype: float64}
# - {name: pm_dec, unit: mas / yr, datatype: float64}
# - {name: radial_velocity, unit: km / s, datatype: float64}
# delimiter: ','
# meta: !!omap
# - __serialized_columns__:
#     dec:
#       __class__: astropy.coordinates.angles.Latitude
#       unit: &id001 !astropy.units.Unit {unit: deg}
#       value: !astropy.table.SerializedColumn {name: dec}
#     distance:
#       __class__: astropy.coordinates.distances.Distance
#       unit: !astropy.units.Unit {unit: kpc}
#       value: !astropy.table.SerializedColumn {name: distance}
#     pm_dec:
#       __class__: astropy.units.quantity.Quantity
#       unit: !astropy.units.Unit {unit: mas / yr}
#       value: !astropy.table.SerializedColumn {name: pm_dec}
#     pm_ra_cosdec:
#       __class__: astropy.units.quantity.Quantity
#       unit: !astropy.units.Unit {unit: mas / yr}
#       value: !astropy.table.SerializedColumn {name: pm_ra_cosdec}
#     ra:
#       __class__: astropy.coordinates.angles.Longitude
#       unit: *id001
#       value: !astropy.table.SerializedColumn {name: ra}
#       wrap_angle: !astropy.coordinates.Angle
#         unit: *id001
#         value: 360.0
#     radial_velocity:
#       __class__: astropy.units.quantity.Quantity
#       unit: !astropy.units.Unit {unit: km / s}
#       value: !astropy.table.SerializedColumn {name: radial_velocity}
# schema: astropy-2.0
ra,dec,distance,pm_ra_cosdec,pm_dec,radial_velocity
[from data line 1579]
266.8569183228428,50.80195520439949,1.000000000000001,-4.810872776477137,5.059808328684312,-1163.8395651784626
266.8627448617264,50.79266368147858,1.0000000000000013,-4.810124012808156,5.0597282046968814,-1160.8042293860447
266.8685686318849,50.783371755110934,1.000000000000001,-4.809375465847814,5.059647689715902,-1157.7742748024793
266.8743896361324,50.77407942581871,1.000000000000001,-4.808627135340894,5.059566784070469,-1154.7496964928862
266.8802078772808,50.76478669412349,1.000000000000001,-4.807879021032469,5.0594854880887254,-1151.7304895223854
266.88602335813977,50.755493560546505,1.000000000000001,-4.807131122667755,5.059403802098942,-1148.7166489560973
266.89183608151694,50.74620002560845,1.000000000000001,-4.806383439992255,5.059321726428493,-1145.7081698591423
266.89764605021765,50.73690608982961,1.000000000000001,-4.805635972751221,5.0592392614048265,-1142.7050472966398
266.903453267045,50.72761175372983,1.000000000000001,-4.804888720690617,5.059156407354905,-1139.7072763337105
266.90925773480006,50.718317017828454,1.000000000000001,-4.804141683556015,5.059073164605081,-1136.7148520354742
266.9150594562816,50.70902188264439,1.000000000000001,-4.803394861093574,5.0589895334815935,-1133.7277694670513
266.92085843428623,50.69972634869608,1.0000000000000009,-4.8026482530492345,5.0589055143102115,-1130.7460236935622
266.92665467160845,50.69043041650157,1.000000000000001,-4.8019018591693685,5.0588211074162786,-1127.7696097801265
266.9324481710405,50.681134086578375,1.000000000000001,-4.801155679200422,5.058736313124854,-1124.7985227918653
266.93823893537257,50.67183735944361,1.000000000000001,-4.800409712888747,5.058651131760556,-1121.8327577938971
266.9440269673925,50.662540235613925,1.000000000000001,-4.79966395998132,5.058565563647733,-1118.8723098513437
266.94981226988614,50.653242715605494,1.000000000000001,-4.798918420224765,5.058479609110165,-1115.9171740293239
266.95559484563705,50.64394479993409,1.000000000000001,-4.798173093366328,5.058393268471505,-1112.9673453929588
266.96137469742666,50.63464648911499,1.000000000000001,-4.797427979153055,5.0583065420547655,-1110.0228190073683
266.9671518280343,50.62534778366306,1.000000000000001,-4.796683077332359,5.058219430182774,-1107.0835899376723
266.97292624023703,50.6160486840927,1.000000000000001,-4.795938387651469,5.058131933178032,-1104.1496532489914
266.97869793680985,50.60674919091786,1.000000000000001,-4.7951939098582415,5.058044051362529,-1101.2210040064456
266.9844669205255,50.59744930465202,1.000000000000001,-4.794449643700521,5.057955785057885,-1098.2976372751543
266.9902331941547,50.58814902580826,1.000000000000001,-4.7937055889259605,5.057867134585422,-1095.3795481202399
266.99599676046597,50.57884835489919,1.000000000000001,-4.792961745282743,5.057778100266134,-1092.4667316068196
267.00175762222557,50.569547292436965,1.0000000000000009,-4.792218112519173,5.0576886824204195,-1089.5591828000145
267.00751578219774,50.56024583893331,1.000000000000001,-4.791474690383665,5.0575988813686195,-1086.6568967649462
267.0132712431446,50.550943994899505,1.000000000000001,-4.790731478624508,5.057508697430507,-1083.759868566733
267.01902400782586,50.54164176084637,1.0000000000000013,-4.78998847699064,5.057418130925498,-1080.8680932704963
267.02477407899954,50.53233913728431,1.000000000000001,-4.789245685230628,5.05732718217277,-1077.9815659413553
267.03052145942115,50.523036124723184,1.000000000000001,-4.7885031030936265,5.057235851490901,-1075.1002816444316
267.0362661518442,50.51373272367263,1.000000000000001,-4.787760730328728,5.057144139198414,-1072.2242354448433
267.04200815902,50.504428934641645,1.000000000000001,-4.787018566685135,5.057052045613162,-1069.3534224077123
267.04774748369766,50.49512475813884,1.000000000000001,-4.786276611912548,5.056959571052772,-1066.4878375981584
267.0534841286245,50.4858201946724,1.000000000000001,-4.7855348657601455,5.0568667158345875,-1063.6274760813003
267.0592180965454,50.47651524475005,1.000000000000001,-4.784793327977946,5.056773480275368,-1060.77233292226
267.064949390203,50.467209908879106,1.000000000000001,-4.784051998315879,5.056679864691731,-1057.9224031861565
267.0706780123383,50.45790418756641,1.000000000000001,-4.783310876523657,5.056585869399839,-1055.077681938111
267.07640396568974,50.44859808131838,1.000000000000001,-4.782569962351703,5.056491494715345,-1052.238164243242
267.08212725299364,50.43929159064101,1.000000000000001,-4.781829255550358,5.056396740953872,-1049.403845166672
267.0878478769845,50.429984716039826,1.000000000000001,-4.7810887558700355,5.056301608430388,-1046.5747197735197
267.0935658403945,50.42067745801995,1.000000000000001,-4.780348463061351,5.056206097459608,-1043.7507831289042
267.0992811459537,50.41136981708605,1.000000000000001,-4.779608376875236,5.0561102083559035,-1040.9320302979477
267.1049937963901,50.40206179374235,1.000000000000001,-4.778868497062463,5.056013941433193,-1038.1184563457687
267.1107037944295,50.39275338849263,1.000000000000001,-4.778128823374266,5.055917297005138,-1035.310056337489
267.1164111427958,50.38344460184029,1.000000000000001,-4.7773893555617075,5.055820275385031,-1032.5068253382271
267.12211584421055,50.374135434288235,1.000000000000001,-4.776650093376327,5.055722876885639,-1029.7087584131043
267.1278179013933,50.36482588633897,1.000000000000001,-4.775911036569652,5.0556251018197,-1026.9158506272413
267.13351731706155,50.35551595849454,1.000000000000001,-4.775172184893298,5.0555269504991855,-1024.128097045756
267.13921409393055,50.3462056512566,1.000000000000001,-4.774433538099253,5.05542842323608,-1021.3454927337705
267.14490823471357,50.336894965126305,1.000000000000001,-4.773695095939352,5.055329520341644,-1018.5680327564031
267.15059974212176,50.32758390060446,1.000000000000001,-4.772956858165826,5.0552302421272515,-1015.7957121787769
267.15628861886415,50.31827245819136,1.000000000000001,-4.772218824530887,5.055130588903367,-1013.0285260660088
267.16197486764764,50.308960638386935,1.000000000000001,-4.771480994787129,5.0550305609804695,-1010.2664694832215
267.1676584911771,50.29964844169065,1.000000000000001,-4.770743368687032,5.0549301586686965,-1007.5095374955339
267.17333949215526,50.29033586860154,1.000000000000001,-4.77000594598347,5.054829382277632,-1004.7577251680656
267.1790178732829,50.281022919618216,1.000000000000001,-4.7692687264292,5.054728232116602,-1002.0110275659385
267.18469363725853,50.27170959523887,1.000000000000001,-4.768531709777259,5.054626708494467,-999.2694397542709
267.19036678677855,50.262395895961255,1.0000000000000009,-4.767794895781087,5.05452481172,-996.5329567981846
267.1960373245375,50.2530818222827,1.000000000000001,-4.7670582841937765,5.054422542101335,-993.801573762798
267.20170525322766,50.2437673747001,1.000000000000001,-4.766321874768964,5.054319899946364,-991.0752857132333
267.2073705755393,50.23445255370994,1.000000000000001,-4.765585667260206,5.054216885562653,-988.3540877146088
267.21303329416054,50.22513735980826,1.000000000000001,-4.764849661421472,5.054113499257369,-985.6379748320452
267.21869341177745,50.215821793490676,1.000000000000001,-4.764113857006658,5.054009741337296,-982.9269421306635
267.22435093107424,50.20650585525239,1.000000000000001,-4.763378253769734,5.053905612109006,-980.2209846755824
267.2300058547326,50.197189545588195,1.000000000000001,-4.762642851465202,5.053801111878585,-977.5200975319237
267.2356581854326,50.18787286499242,1.000000000000001,-4.761907649847284,5.053696240951766,-974.8242757648057
267.2413079258521,50.17855581395894,1.0000000000000009,-4.761172648670457,5.0535909996339115,-972.1335144393505
267.2469550786666,50.169238392981384,1.000000000000001,-4.7604378476896745,5.053485388230342,-969.4478086206765
267.2525996465499,50.15992060255273,1.000000000000001,-4.759703246659698,5.053379407045384,-966.7671533739052
267.2582416321736,50.1506024431657,1.000000000000001,-4.758968845335662,5.053273056383773,-964.0915437641564
267.2638810382074,50.14128391531249,1.0000000000000009,-4.758234643472445,5.053166336549239,-961.4209748565489
267.2695178673186,50.13196501948492,1.000000000000001,-4.757500640825616,5.05305924784561,-958.7554417162052
267.2751521221727,50.122645756174414,1.000000000000001,-4.7567668371506,5.052951790576145,-956.094939408243
267.2807838054332,50.11332612587191,1.0000000000000013,-4.7560332322028245,5.052843965043806,-953.4394629977847
267.28641291976135,50.10400612906798,1.000000000000001,-4.755299825738283,5.052735771551113,-950.7890075499486
267.2920394678163,50.09468576625279,1.000000000000001,-4.754566617512853,5.052627210400544,-948.1435681298564
267.29766345225556,50.08536503791602,1.000000000000001,-4.7538336072825444,5.052518281893867,-945.5031398026275
267.3032848757341,50.076043944546996,1.000000000000001,-4.753100794803593,5.052408986332637,-942.8677176333813
267.3089037409051,50.06672248663458,1.0000000000000009,-4.7523681798323745,5.0522993240182075,-940.2372966872392
267.3145200504198,50.05740066466727,1.0000000000000009,-4.751635762125396,5.052189295251324,-937.6118720293208
267.32013380692706,50.048078479133096,1.0000000000000009,-4.750903541439405,5.052078900332489,-934.9914387247469
267.325745013074,50.03875593051971,1.000000000000001,-4.7501715175311885,5.0519681395620495,-932.3759918386359
267.3313536715056,50.02943301931432,1.000000000000001,-4.749439690157676,5.051857013239669,-929.7655264361103
267.33695978486486,50.020109746003726,1.000000000000001,-4.74870805907595,5.051745521664898,-927.1600375822883
267.3425633557925,50.01078611107435,1.000000000000001,-4.7479766240434795,5.051633665137004,-924.5595203422906
267.3481643869276,50.001462115012124,1.000000000000001,-4.747245384817536,5.051521443954599,-921.9639697812383
267.35376288090686,49.99213775830266,1.000000000000001,-4.746514341155794,5.051408858416224,-919.3733809642499
267.35935884036525,49.98281304143109,1.000000000000001,-4.745783492815757,5.051295908820052,-916.7877489564474
267.3649522679354,49.97348796488215,1.000000000000001,-4.745052839555651,5.051182595463715,-914.2070688229488
267.3705431662482,49.964162529140175,1.000000000000001,-4.744322381133333,5.051068918644745,-911.6313356288767
267.37613153793234,49.95483673468908,1.0000000000000009,-4.743592117306941,5.050954878660235,-909.06054443935
267.38171738561465,49.945510582012375,1.000000000000001,-4.74286204783479,5.050840475806822,-906.4946903194877
267.38730071191964,49.936184071593146,1.000000000000001,-4.742132172475513,5.050725710380988,-903.9337683344119
267.39288151947017,49.926857203914096,1.000000000000001,-4.741402490987699,5.050610582678814,-901.3777735492416
267.39845981088683,49.91752997945748,1.000000000000001,-4.740673003130018,5.0504950929959165,-898.8267010290978
267.40403558878836,49.908202398705185,1.000000000000001,-4.7399437086614675,5.05037924162778,-896.2805458390989
267.4096088557913,49.898874462138664,1.000000000000001,-4.7392146073412285,5.050263028869367,-893.7393030443676
267.41517961451046,49.88954617023898,1.000000000000001,-4.738485698928381,5.05014645501538,-891.2029677100226
267.4207478675583,49.88021752348676,1.000000000000001,-4.737756983182416,5.0500295203602406,-888.6715349011835
267.4263136175456,49.870888522362264,1.000000000000001,-4.737028459862829,5.049912225197886,-886.1449996829718
267.4318768670808,49.86155916734531,1.000000000000001,-4.736300128729448,5.049794569822069,-883.623357120506
267.43743761877073,49.85222945891532,1.000000000000001,-4.735571989541771,5.04967655452603,-881.1066022789082
267.4429958752199,49.84289939755133,1.000000000000001,-4.734844042060185,5.049558179602869,-878.5947302232968
267.44855163903094,49.833568983731894,1.000000000000001,-4.7341162860446095,5.0494394453452,-876.0877360187936
267.4541049128045,49.82423821793534,1.000000000000001,-4.733388721255428,5.04932035204537,-873.5856147305167
267.4596556991392,49.81490710063943,1.0000000000000009,-4.7326613474530355,5.049200899995412,-871.0883614235886
267.46520400063173,49.80557563232153,1.000000000000001,-4.731934164398,5.049081089486805,-868.5959711631283
267.4707498198767,49.79624381345869,1.000000000000001,-4.731207171851025,5.048960920811027,-866.1084390142549
267.47629315946676,49.786911644527486,1.000000000000001,-4.730480369573186,5.048840394259088,-863.6257600420903
267.48183402199265,49.77757912600413,1.000000000000001,-4.729753757325355,5.048719510121515,-861.1479293117534
267.48737241004306,49.76824625836439,1.000000000000001,-4.7290273348688,5.048598268688707,-858.6749418883655
267.4929083262046,49.758913042083705,1.000000000000001,-4.728301101964919,5.048476670250594,-856.2067928370452
267.49844177306215,49.749579477637035,1.000000000000001,-4.727575058375062,5.048354715096778,-853.7434772229146
267.5039727531983,49.740245565498995,1.000000000000001,-4.726849203861065,5.048232403516636,-851.2849901110927
267.50950126919395,49.73091130614378,1.000000000000001,-4.726123538184497,5.048109735799201,-848.8313265666989
267.5150273236278,49.72157670004519,1.0000000000000009,-4.7253980611075255,5.047986712232984,-846.3824816548549
267.52055091907675,49.712241747676615,1.000000000000001,-4.7246727723921715,5.047863333106363,-843.9384504406798
267.5260720581156,49.70290644951106,1.000000000000001,-4.723947671800633,5.047739598707295,-841.4992279892945
267.5315907433172,49.69357080602113,1.000000000000001,-4.723222759095393,5.04761550932345,-839.0648093658178
267.5371069772526,49.68423481767904,1.000000000000001,-4.722498034038909,5.047491065242099,-836.6351896353718
267.5426207624906,49.674898484956586,1.000000000000001,-4.721773496393937,5.047366266750316,-834.2103638630758
267.54813210159836,49.6655618083252,1.000000000000001,-4.7210491459232085,5.047241114134664,-831.7903271140489
267.5536409971407,49.656224788255884,1.000000000000001,-4.720324982389965,5.047115607681448,-829.3750744534129
267.5591474516807,49.64688742521928,1.000000000000001,-4.7196010055572355,5.046989747676761,-826.9646009462865
267.5646514677795,49.637549719685595,1.000000000000001,-4.718877215188342,5.046863534406157,-824.5589016577911
267.57015304799637,49.6282116721247,1.000000000000001,-4.718153611046624,5.046736968155116,-822.1579716530457
267.57565219488833,49.618873283005996,1.000000000000001,-4.7174301928958275,5.046610049208468,-819.7618059971718
267.58114891101064,49.60953455279855,1.000000000000001,-4.716706960499601,5.046482777850912,-817.3703997552885
267.58664319891665,49.60019548197103,1.000000000000001,-4.715983913621921,5.046355154366921,-814.983747992516
267.5921350611576,49.59085607099168,1.000000000000001,-4.71526105202687,5.046227179040386,-812.6018457739749
267.59762450028296,49.581516320328376,1.000000000000001,-4.7145383754785595,5.046098852155083,-810.2246881647847
267.60311151884014,49.57217623044861,1.000000000000001,-4.713815883741331,5.045970173994334,-807.8522702300664
267.60859611937457,49.56283580181945,1.000000000000001,-4.713093576579846,5.045841144841148,-805.4845870349394
267.6140783044299,49.55349503490765,1.000000000000001,-4.7123714537585,5.045711764978336,-803.1216336445245
267.6195580765476,49.54415393017945,1.000000000000001,-4.711649515042441,5.045582034688167,-800.7634051239415
267.62503543826756,49.53481248810082,1.000000000000001,-4.710927760196336,5.045451954252812,-798.4098965383107
267.6305103921273,49.525470709137274,1.000000000000001,-4.7102061889854046,5.045321523953916,-796.0611029527523
267.63598294066276,49.51612859375395,1.000000000000001,-4.709484801174822,5.045190744072926,-793.7170194323854
267.64145308640775,49.50678614241561,1.000000000000001,-4.708763596530096,5.045059614890917,-791.3776410423318
267.64692083189414,49.497443355586626,1.000000000000001,-4.708042574816801,5.044928136688611,-789.0429628477104
267.65238617965207,49.48810023373093,1.000000000000001,-4.707321735800536,5.044796309746587,-786.7129799136422
