galstreams/tracks/track.st.C-7.ibata2024.ecsv
# %ECSV 1.0
# ---
# datatype:
# - {name: ra, unit: deg, datatype: float64}
# - {name: dec, unit: deg, datatype: float64}
# - {name: distance, unit: kpc, datatype: float64}
# - {name: pm_ra_cosdec, unit: mas / yr, datatype: float64}
# - {name: pm_dec, unit: mas / yr, datatype: float64}
# - {name: radial_velocity, unit: km / s, datatype: float64}
# delimiter: ','
# meta: !!omap
# - __serialized_columns__:
#     dec:
#       __class__: astropy.coordinates.angles.Latitude
#       unit: &id001 !astropy.units.Unit {unit: deg}
#       value: !astropy.table.SerializedColumn {name: dec}
#     distance:
#       __class__: astropy.coordinates.distances.Distance
#       unit: !astropy.units.Unit {unit: kpc}
#       value: !astropy.table.SerializedColumn {name: distance}
#     pm_dec:
#       __class__: astropy.units.quantity.Quantity
#       unit: !astropy.units.Unit {unit: mas / yr}
#       value: !astropy.table.SerializedColumn {name: pm_dec}
#     pm_ra_cosdec:
#       __class__: astropy.units.quantity.Quantity
#       unit: !astropy.units.Unit {unit: mas / yr}
#       value: !astropy.table.SerializedColumn {name: pm_ra_cosdec}
#     ra:
#       __class__: astropy.coordinates.angles.Longitude
#       unit: *id001
#       value: !astropy.table.SerializedColumn {name: ra}
#       wrap_angle: !astropy.coordinates.Angle
#         unit: *id001
#         value: 360.0
#     radial_velocity:
#       __class__: astropy.units.quantity.Quantity
#       unit: !astropy.units.Unit {unit: km / s}
#       value: !astropy.table.SerializedColumn {name: radial_velocity}
# schema: astropy-2.0
ra,dec,distance,pm_ra_cosdec,pm_dec,radial_velocity
[from data line 3115]
306.8989087404935,-41.6899524984835,1.0000000000000007,-8.802695528597347,-14.738603317915057,-111.40440525310004
306.90931210851664,-41.68365319522472,1.0000000000000007,-8.799073627076798,-14.73741291944784,-111.49404763980026
306.91971305742334,-41.67735259330852,1.0000000000000009,-8.79545167179974,-14.736218805104883,-111.58367498220119
306.9301115872517,-41.67105069280869,1.0000000000000007,-8.791829663744835,-14.735020974337868,-111.67328730955143
306.94050769804005,-41.66474749379899,1.0000000000000004,-8.78820760389029,-14.733819426598863,-111.7628846510993
306.95090138982675,-41.65844299635316,1.0000000000000007,-8.784585493213687,-14.732614161340294,-111.85246703609332
306.9612926626506,-41.65213720054489,1.0000000000000007,-8.7809633326921,-14.731405178015024,-111.94203449378183
306.9716815165502,-41.64583010644793,1.0000000000000007,-8.77734112330209,-14.730192476076274,-112.03158705341335
306.98206795156455,-41.63952171413595,1.0000000000000007,-8.773718866019664,-14.728976054977677,-112.12112474423628
306.99245196773285,-41.63321202368262,1.0000000000000007,-8.770096561820278,-14.727755914173242,-112.21064759549905
307.0028335650943,-41.626901035161595,1.0000000000000007,-8.766474211678894,-14.726532053117365,-112.30015563645014
307.0132127436883,-41.62058874864652,1.0000000000000004,-8.762851816569938,-14.725304471264831,-112.38964889633785
307.0235895035546,-41.61427516421097,1.0000000000000007,-8.759229377467227,-14.724073168070813,-112.47912740441082
307.0339638447328,-41.607960281928584,1.0000000000000007,-8.755606895344132,-14.72283814299088,-112.56859118991737
307.0443357672629,-41.601644101872935,1.0000000000000007,-8.751984371173435,-14.721599395480988,-112.65804028210599
307.054705271185,-41.59532662411756,1.0000000000000007,-8.748361805927415,-14.720356924997457,-112.74747471022494
307.0650723565394,-41.589007848736024,1.0000000000000009,-8.744739200577758,-14.719110730997015,-112.8368945035229
307.0754370233664,-41.58268777580182,1.0000000000000007,-8.741116556095706,-14.717860812936767,-112.92629969124818
307.0857992717067,-41.5763664053885,1.0000000000000004,-8.737493873451852,-14.716607170274212,-113.0156903026492
307.096159101601,-41.5700437375695,1.0000000000000007,-8.733871153616358,-14.715349802467198,-113.1050663669745
307.1065165130902,-41.56371977241832,1.0000000000000007,-8.730248397558768,-14.714088708974021,-113.1944279134724
307.1168715062153,-41.55739451000838,1.0000000000000007,-8.726625606248161,-14.712823889253297,-113.28377497139142
307.12722408101763,-41.551067950413135,1.0000000000000007,-8.723002780653,-14.71155534276406,-113.37310756997995
307.13757423753856,-41.54474009370597,1.0000000000000009,-8.719379921741265,-14.710283068965712,-113.46242573848642
307.14792197581954,-41.538410939960286,1.0000000000000007,-8.715757030480393,-14.70900706731805,-113.55172950615925
307.1582672959024,-41.532080489249445,1.0000000000000007,-8.712134107837258,-14.70772733728124,-113.64101890224698
307.168610197829,-41.5257487416468,1.0000000000000007,-8.708511154778234,-14.706443878315826,-113.73029395599796
307.17895068164137,-41.519415697225696,1.0000000000000009,-8.704888172269097,-14.705156689882749,-113.81955469666062
307.1892887473817,-41.51308135605942,1.0000000000000007,-8.701265161275144,-14.703865771443327,-113.90880115348342
307.19962439509226,-41.506745718221275,1.0000000000000007,-8.697642122761103,-14.702571122459236,-113.99803335571481
307.2099576248157,-41.50040878378453,1.0000000000000007,-8.694019057691193,-14.701272742392543,-114.08725133260322
307.2202884365946,-41.49407055282243,1.0000000000000007,-8.690395967029032,-14.699970630705717,-114.17645511339704
307.2306168304719,-41.4877310254082,1.0000000000000007,-8.686772851737771,-14.698664786861567,-114.26564472734485
307.2409428064905,-41.48139020161508,1.0000000000000007,-8.683149712779965,-14.69735521032331,-114.35482020369481
307.25126636469366,-41.47504808151622,1.0000000000000007,-8.679526551117675,-14.69604190055451,-114.44398157169566
307.26158750512457,-41.468704665184816,1.0000000000000007,-8.6759033677124,-14.694724857019144,-114.53312886059564
307.27190622782683,-41.46235995269401,1.0000000000000007,-8.672280163525064,-14.69340407918153,-114.62226209964328
307.282222532844,-41.45601394411693,1.0000000000000007,-8.668656939516135,-14.692079566506388,-114.71138131808696
307.2925364202199,-41.44966663952668,1.0000000000000009,-8.665033696645455,-14.690751318458783,-114.80048654517522
307.3028478899985,-41.44331803899635,1.0000000000000007,-8.661410435872385,-14.68941933450421,-114.88957781015631
307.3131569422238,-41.436968142599,1.0000000000000007,-8.65778715815574,-14.688083614108459,-114.97865514227882
307.32346357694036,-41.43061695040769,1.0000000000000007,-8.654163864453709,-14.686744156737774,-115.06771857079114
307.33376779419234,-41.42426446249542,1.0000000000000007,-8.650540555724085,-14.685400961858708,-115.15676812494175
307.34406959402446,-41.41791067893522,1.0000000000000007,-8.646917232923975,-14.684054028938242,-115.24580383397898
307.3543689764814,-41.411555599800046,1.0000000000000007,-8.643293897010073,-14.682703357443668,-115.33482572715135
307.3646659416081,-41.40519922516286,1.0000000000000007,-8.639670548938467,-14.681348946842705,-115.42383383370725
307.3749604894497,-41.398841555096624,1.0000000000000007,-8.636047189664666,-14.67999079660342,-115.5128281828952
307.38525262005135,-41.39248258967423,1.0000000000000007,-8.632423820143694,-14.678628906194243,-115.60180880396352
307.3955423334585,-41.38612232896859,1.0000000000000007,-8.628800441330021,-14.677263275083996,-115.6907757261608
307.4058296297165,-41.37976077305256,1.0000000000000007,-8.62517705417762,-14.675893902741839,-115.77972897873522
307.41611450887126,-41.373397921999015,1.0000000000000007,-8.621553659639794,-14.674520788637338,-115.86866859093548
307.42639697096854,-41.367033775880756,1.0000000000000007,-8.617930258669446,-14.673143932240405,-115.95759459200995
307.43667701605443,-41.36066833477061,1.0000000000000007,-8.614306852218823,-14.671763333021335,-116.04650701120703
307.4469546441751,-41.35430159874135,1.0000000000000007,-8.61068344123971,-14.670378990450764,-116.13540587777511
307.45722985537674,-41.34793356786575,1.0000000000000004,-8.607060026683344,-14.668990903999727,-116.22429122096268
307.467502649706,-41.34156424221656,1.0000000000000007,-8.603436609500335,-14.667599073139609,-116.31316307001818
307.47777302720937,-41.33519362186647,1.0000000000000007,-8.599813190640862,-14.666203497342153,-116.40202145418999
307.48804098793374,-41.3288217068882,1.0000000000000007,-8.596189771054474,-14.664804176079507,-116.49086640272668
307.4983065319261,-41.322448497354415,1.0000000000000007,-8.592566351690232,-14.663401108824146,-116.57969794487653
307.5085696592335,-41.31607399333777,1.0000000000000007,-8.58894293349663,-14.661994295048911,-116.66851610988809
307.51883036990324,-41.309698194910894,1.0000000000000007,-8.585319517421585,-14.660583734227032,-116.7573209270097
307.52908866398275,-41.30332110214637,1.0000000000000007,-8.58169610441256,-14.659169425832085,-116.84611242548985
307.53934454151954,-41.296942715116806,1.0000000000000004,-8.578072695416395,-14.657751369338008,-116.934890634577
307.54959800256137,-41.29056303389475,1.0000000000000007,-8.574449291379398,-14.65632956421911,-117.0236555835195
307.55984904715626,-41.28418205855273,1.0000000000000007,-8.570825893247324,-14.654904009950082,-117.11240730156595
307.5700976753521,-41.27779978916329,1.0000000000000009,-8.567202501965474,-14.65347470600593,-117.20114581796462
307.58034388719716,-41.27141622579888,1.0000000000000007,-8.563579118478447,-14.652041651862074,-117.28987116196404
307.59058768273974,-41.265031368532,1.0000000000000007,-8.559955743730459,-14.650604846994248,-117.37858336281256
307.6008290620284,-41.25864521743506,1.0000000000000009,-8.55633237866506,-14.649164290878563,-117.4672824497587
307.6110680251119,-41.252257772580506,1.0000000000000007,-8.552709024225324,-14.647719982991536,-117.5559684520509
307.6213045720389,-41.24586903404073,1.0000000000000007,-8.549085681353722,-14.646271922809976,-117.64464139893754
307.63153870285845,-41.23947900188808,1.0000000000000004,-8.54546235099226,-14.644820109811068,-117.73330131966708
307.6417704176196,-41.23308767619492,1.0000000000000007,-8.541839034082333,-14.643364543472378,-117.821948243488
307.65199971637185,-41.22669505703358,1.0000000000000007,-8.538215731564772,-14.641905223271838,-117.91058219964859
307.6622265991644,-41.22030114447636,1.0000000000000007,-8.534592444379962,-14.640442148687695,-117.9992032173974
307.67245106604696,-41.213905938595516,1.0000000000000007,-8.530969173467618,-14.638975319198597,-118.08781132598295
307.68267311706927,-41.207509439463315,1.0000000000000007,-8.527345919767026,-14.63750473428351,-118.17640655465344
307.69289275228124,-41.201111647151976,1.0000000000000007,-8.523722684216821,-14.636030393421805,-118.26498893265762
307.70310997173283,-41.19471256173371,1.0000000000000007,-8.52009946775517,-14.634552296093164,-118.35355848924368
307.7133247754744,-41.188312183280686,1.0000000000000007,-8.516476271319638,-14.633070441777638,-118.44211525366013
307.72353716355616,-41.18191051186506,1.0000000000000007,-8.512853095847309,-14.631584829955646,-118.53065925515533
307.73374713602874,-41.175507547558965,1.0000000000000007,-8.509229942274626,-14.630095460107952,-118.61919052297793
307.74395469294274,-41.1691032904345,1.0000000000000007,-8.50560681153758,-14.628602331715673,-118.70770908637613
307.75415983434897,-41.162697740563736,1.0000000000000007,-8.501983704571545,-14.62710544426028,-118.79621497459853
307.7643625602985,-41.156290898018746,1.0000000000000007,-8.498360622311393,-14.625604797223605,-118.88470821689347
307.7745628708423,-41.14988276287154,1.0000000000000007,-8.494737565691425,-14.624100390087825,-118.9731888425094
307.7847607660318,-41.14347333519414,1.0000000000000007,-8.491114535645373,-14.622592222335474,-119.06165688069478
307.79495624591834,-41.137062615058504,1.0000000000000007,-8.487491533106486,-14.621080293449431,-119.15011236069805
307.8051493105535,-41.13065060253659,1.0000000000000007,-8.483868559007421,-14.619564602912924,-119.23855531176767
307.81533995998905,-41.12423729770035,1.0000000000000007,-8.480245614280262,-14.618045150209554,-119.32698576315201
307.82552819427684,-41.117822700621645,1.0000000000000007,-8.476622699856623,-14.61652193482324,-119.41540374409954
307.83571401346893,-41.111406811372376,1.0000000000000007,-8.47299981666747,-14.614994956238283,-119.50380928385881
307.8458974176175,-41.104989630024384,1.0000000000000007,-8.469376965643333,-14.613464213939306,-119.592202411678
307.8560784067749,-41.09857115664951,1.0000000000000007,-8.465754147714062,-14.61192970741131,-119.6805831568057
307.86625698099357,-41.09215139131954,1.0000000000000007,-8.462131363809064,-14.610391436139619,-119.76895154849036
307.8764331403262,-41.08573033410625,1.0000000000000009,-8.458508614857195,-14.608849399609905,-119.8573076159804
307.8866068848256,-41.07930798508138,1.0000000000000007,-8.454885901786652,-14.607303597308217,-119.94565138852418
307.8967782145446,-41.07288434431667,1.0000000000000007,-8.451263225525226,-14.60575402872092,-120.03398289537026
307.90694712953643,-41.06645941188378,1.0000000000000004,-8.447640587000071,-14.604200693334732,-120.12230216576702
307.9171136298542,-41.06003318785441,1.0000000000000007,-8.444017987137793,-14.602643590636728,-120.21060922896292
307.92727771555144,-41.05360567230018,1.0000000000000007,-8.440395426864493,-14.601082720114318,-120.29890411420635
307.9374393866816,-41.04717686529271,1.0000000000000009,-8.436772907105684,-14.599518081255269,-120.38718685074579
307.9475986432984,-41.04074676690361,1.0000000000000004,-8.43315042878634,-14.59794967354769,-120.47545746782956
307.9577554854557,-41.034315377204415,1.0000000000000007,-8.42952799283089,-14.596377496480017,-120.56371599470636
307.9679099132075,-41.027882696266666,1.0000000000000004,-8.425905600163201,-14.594801549541064,-120.65196246062435
307.97806192660784,-41.021448724161885,1.0000000000000007,-8.422283251706629,-14.593221832219937,-120.74019689483212
307.98821152571116,-41.015013460961534,1.0000000000000007,-8.418660948383911,-14.59163834400614,-120.82841932657801
307.9983587105717,-41.00857690673708,1.0000000000000007,-8.415038691117296,-14.590051084389493,-120.91662978511052
308.00850348124425,-41.002139061559944,1.0000000000000007,-8.411416480828457,-14.588460052860144,-121.00482829967808
308.0186458377835,-40.99569992550152,1.0000000000000007,-8.40779431843849,-14.586865248908623,-121.09301489952905
308.0287857802442,-40.98925949863319,1.0000000000000007,-8.404172204867997,-14.585266672025757,-121.18118961391214
308.0389233086816,-40.98281778102629,1.0000000000000007,-8.400550141036966,-14.583664321702742,-121.26935247207538
308.04905842315065,-40.976374772752145,1.0000000000000007,-8.396928127864921,-14.582058197431099,-121.35750350326745
308.0591911237069,-40.96993047388204,1.0000000000000004,-8.393306166270724,-14.58044829870271,-121.44564273673676
308.06932141040573,-40.96348488448724,1.0000000000000007,-8.389684257172748,-14.578834625009765,-121.53377020173176
308.0794492833027,-40.95703800463895,1.0000000000000004,-8.386062401488836,-14.577217175844815,-121.62188592750088
308.0895747424537,-40.95058983440843,1.0000000000000007,-8.382440600136224,-14.575595950700754,-121.70998994329251
308.0996977879146,-40.94414037386683,1.0000000000000007,-8.378818854031648,-14.573970949070791,-121.7980822783551
308.1098184197414,-40.93768962308529,1.0000000000000009,-8.375197164091258,-14.572342170448477,-121.88616296193706
308.1199366379904,-40.93123758213493,1.0000000000000009,-8.371575531230658,-14.570709614327724,-121.9742320232869
308.13005244271795,-40.92478425108688,1.0000000000000009,-8.367953956364893,-14.569073280202762,-122.06228949165303
308.14016583398063,-40.91832963001216,1.0000000000000009,-8.364332440408472,-14.56743316756815,-122.15033539628382
308.15027681183494,-40.911873718981845,1.0000000000000009,-8.360710984275354,-14.565789275918807,-122.23836976642781
308.16038537633784,-40.90541651806691,1.000000000000001,-8.357089588878917,-14.564141604749945,-122.3263926313334
308.1704915275462,-40.898958027338345,1.0000000000000009,-8.353468255132016,-14.562490153557171,-122.41440402024894
308.18059526551707,-40.892498246867106,1.0000000000000009,-8.349846983946964,-14.56083492183636,-122.50240396242299
308.1906965903079,-40.886037176724116,1.0000000000000009,-8.346225776235437,-14.55917590908378,-122.59039248710401
308.2007955019758,-40.879574816980266,1.0000000000000009,-8.342604632908694,-14.557513114795988,-122.67836962354028
308.21089200057844,-40.87311116770642,1.0000000000000009,-8.338983554877336,-14.555846538469886,-122.76633540098028
308.2209860861735,-40.86664622897341,1.0000000000000009,-8.335362543051428,-14.554176179602727,-122.85428984867254
308.23107775881886,-40.860180000852054,1.0000000000000009,-8.331741598340521,-14.55250203769208,-122.94223299586542
308.2411670185724,-40.853712483413105,1.0000000000000009,-8.328120721653548,-14.55082411223584,-123.03016487180746
308.2512538654923,-40.84724367672732,1.0000000000000009,-8.32449991389898,-14.549142402732237,-123.11808550574695
308.2613382996368,-40.84077358086543,1.0000000000000009,-8.320879175984617,-14.547456908679848,-123.20599492693238
308.2714203210642,-40.83430219589812,1.0000000000000009,-8.317258508817858,-14.545767629577554,-123.29389316461217
308.28149992983333,-40.82782952189603,1.0000000000000009,-8.313637913305355,-14.544074564924586,-123.38178024803481
308.2915771260026,-40.8213555589298,1.0000000000000009,-8.310017390353403,-14.542377714220478,-123.46965620644872
308.301651909631,-40.81488030707004,1.0000000000000009,-8.306396940867586,-14.540677076965137,-123.55752106910231
308.31172428077747,-40.8084037663873,1.0000000000000009,-8.302776565753017,-14.538972652658748,-123.64537486524414
