galstreams/tracks/track.st.300S.fu2018.ecsv
# %ECSV 0.9
# ---
# datatype:
# - {name: ra, unit: deg, datatype: float64}
# - {name: dec, unit: deg, datatype: float64}
# - {name: distance, unit: kpc, datatype: float64}
# - {name: pm_ra_cosdec, unit: mas / yr, datatype: float64}
# - {name: pm_dec, unit: mas / yr, datatype: float64}
# - {name: radial_velocity, unit: km / s, datatype: float64}
# delimiter: ','
# meta: !!omap
# - __serialized_columns__:
#     dec:
#       __class__: astropy.coordinates.angles.Latitude
#       unit: &id001 !astropy.units.Unit {unit: deg}
#       value: !astropy.table.SerializedColumn {name: dec}
#     distance:
#       __class__: astropy.coordinates.distances.Distance
#       unit: !astropy.units.Unit {unit: kpc}
#       value: !astropy.table.SerializedColumn {name: distance}
#     pm_dec:
#       __class__: astropy.units.quantity.Quantity
#       unit: !astropy.units.Unit {unit: mas / yr}
#       value: !astropy.table.SerializedColumn {name: pm_dec}
#     pm_ra_cosdec:
#       __class__: astropy.units.quantity.Quantity
#       unit: !astropy.units.Unit {unit: mas / yr}
#       value: !astropy.table.SerializedColumn {name: pm_ra_cosdec}
#     ra:
#       __class__: astropy.coordinates.angles.Longitude
#       unit: *id001
#       value: !astropy.table.SerializedColumn {name: ra}
#       wrap_angle: !astropy.coordinates.Angle
#         unit: *id001
#         value: 360.0
#     radial_velocity:
#       __class__: astropy.units.quantity.Quantity
#       unit: !astropy.units.Unit {unit: km / s}
#       value: !astropy.table.SerializedColumn {name: radial_velocity}
# schema: astropy-2.0
ra,dec,distance,pm_ra_cosdec,pm_dec,radial_velocity
[from data line 139]
159.76274195666204,15.004886115828896,15.247332587557313,0.0,2.220446049250313e-16,293.8146070334504
159.81966182158885,14.995976011057287,15.231001403521837,8.881784197001252e-16,2.220446049250313e-16,293.7420282051822
159.87657689419225,14.987051494418436,15.21471664286619,6.661338147750939e-16,-2.220446049250313e-16,293.6689424324824
159.9334871888565,14.97811268867767,15.198478318128277,8.881784197001252e-16,-2.220446049250313e-16,293.5953506939776
159.99039272010305,14.969159716594522,15.182286441846015,-6.661338147750939e-16,-2.220446049250313e-16,293.5212539682943
160.04729350259035,14.96019270092265,15.166141026557309,8.881784197001252e-16,-2.220446049250313e-16,293.44665323405906
160.10418955111382,14.951211764409802,15.150042084800074,4.440892098500626e-16,-6.661338147750939e-16,293.37154946989835
160.1610808806053,14.942217029797694,15.133989629112229,-4.4408920985006257e-16,2.220446049250313e-16,293.2959436544391
160.21796750613302,14.933208619822022,15.11798367203167,-6.661338147750939e-16,0.0,293.21983676630737
160.27484944290129,14.92418665721232,15.102024226096322,-1.1102230246251565e-15,0.0,293.1432297841302
160.33172670625027,14.915151264691941,15.086111303844088,-6.661338147750939e-16,0.0,293.06612368653384
160.38859931165575,14.906102564977976,15.070244917812888,4.440892098500626e-16,0.0,292.988519452145
160.44546727472903,14.897040680781203,15.054425080540627,-8.881784197001252e-16,-2.220446049250313e-16,292.9104180595902
160.5023306112163,14.887965734805997,15.038651804565221,-8.881784197001252e-16,2.220446049250313e-16,292.83182048749603
160.55918933699894,14.878877849750301,15.022925102424574,-6.661338147750939e-16,2.220446049250313e-16,292.75272771448897
160.6160434680928,14.86977714830554,15.007244986656609,-4.440892098500626e-16,0.0,292.67314071919577
160.67289302064827,14.86066375315655,14.991611469799226,2.220446049250313e-16,2.220446049250313e-16,292.5930604802428
160.72973801094997,14.851537786981543,14.976024564390345,-1.1102230246251565e-15,-2.220446049250313e-16,292.5124879762567
160.78657845541636,14.84239937245203,14.960484282967874,-8.881784197001251e-16,2.220446049250313e-16,292.4314241858641
160.8434143705997,14.833248632232749,14.94499063806973,-1.5543122344752192e-15,0.0,292.34987008769156
160.90024577318567,14.82408568898163,14.929543642233812,2.2204460492503128e-16,0.0,292.26782666036553
160.95707267999336,14.814910665349707,14.914143307998044,-8.881784197001252e-16,0.0,292.1852948825127
161.01389510797463,14.805723683981075,14.89878964790033,-2.220446049250313e-16,0.0,292.1022757327595
161.07071307421424,14.796524867512819,14.883482674478588,-2.220446049250313e-16,0.0,292.0187701897327
161.12752659592945,14.787314338574964,14.868222400270724,-8.881784197001252e-16,2.220446049250313e-16,291.9347792320587
161.18433569046974,14.778092219790418,14.853008837814656,-6.661338147750939e-16,-2.220446049250313e-16,291.8503038383641
161.24114037531666,14.768858633774883,14.837841999648287,8.881784197001251e-16,4.440892098500626e-16,291.7653449872755
161.29794066808364,14.759613703136852,14.822721898309531,-8.881784197001252e-16,-4.440892098500626e-16,291.6799036574195
161.3547365865155,14.75035755047748,14.807648546336306,-2.220446049250313e-16,2.220446049250313e-16,291.59398082742257
161.41152814848843,14.741090298390594,14.792621956266519,0.0,0.0,291.50757747591126
161.46831537200978,14.73181206946259,14.77764214063808,2.220446049250313e-16,0.0,291.4206945815123
161.52509827521757,14.722522986272404,14.762709111988906,-2.220446049250313e-16,0.0,291.33333312285225
161.5818768763805,14.713223171391425,14.747822882856902,-2.220446049250313e-16,0.0,291.24549407855744
161.63865119389757,14.703912747383471,14.73298346577998,0.0,0.0,291.1571784272546
161.69542124629788,14.694591836804706,14.71819087329606,2.220446049250313e-16,-4.440892098500626e-16,291.0683871475703
161.75218705224037,14.685260562203604,14.703445117943042,-4.440892098500626e-16,2.220446049250313e-16,290.9791212181311
161.80894863051353,14.675919046120894,14.688746212258847,8.881784197001252e-16,0.0,290.8893816175636
161.86570600003535,14.66656741108947,14.674094168781382,-4.440892098500626e-16,0.0,290.79916932449424
161.92245917985272,14.65720577963439,14.659489000048563,2.220446049250313e-16,0.0,290.7084853175496
161.9792081891416,14.647834274272789,14.644930718598294,0.0,-2.220446049250313e-16,290.6173305753565
162.0359530472064,14.638453017513815,14.630419336968492,-4.440892098500626e-16,0.0,290.52570607654127
162.09269377348005,14.629062131858614,14.61595486769707,-8.881784197001252e-16,-2.220446049250313e-16,290.43361279973055
162.14943038752347,14.619661739800248,14.601537323321933,-8.881784197001252e-16,-2.220446049250313e-16,290.3410517235508
162.20616290902552,14.610251963823641,14.587166716380997,6.661338147750939e-16,2.220446049250313e-16,290.24802382662875
162.26289135780277,14.60083292640555,14.572843059412175,2.2204460492503128e-16,-4.440892098500626e-16,290.1545300875908
162.319615753799,14.59140475001447,14.558566364953377,8.881784197001251e-16,2.220446049250313e-16,290.0605714850637
162.37633611708534,14.58196755711065,14.544336645542517,-2.220446049250313e-16,0.0,289.9661489976738
162.4330524678596,14.57252147014597,14.5301539137175,0.0,-2.220446049250313e-16,289.8712636040479
162.48976482644636,14.56306661156394,14.516018182016243,-4.440892098500626e-16,0.0,289.77591628281243
162.5464732132965,14.55360310379962,14.501929462976653,6.661338147750939e-16,0.0,289.680108012594
162.6031776489872,14.544131069279597,14.487887769136652,-2.220446049250313e-16,4.440892098500626e-16,289.58383977201925
162.65987815422136,14.534650630421906,14.473893113034137,-2.2204460492503128e-16,-4.440892098500626e-16,289.4871125397146
162.71657474982766,14.525161909636003,14.45994550720703,-2.2204460492503128e-16,-2.220446049250313e-16,289.3899272943066
162.77326745676004,14.515665029322703,14.446044964193243,6.661338147750939e-16,-2.220446049250313e-16,289.29228501442185
162.82995629609775,14.506160111874141,14.432191496530681,2.2204460492503128e-16,0.0,289.1941866786872
162.8866412890448,14.496647279673724,14.418385116757259,-6.661338147750939e-16,0.0,289.09563326572874
162.94332245692993,14.487126655096066,14.40462583741089,-2.220446049250313e-16,0.0,288.99662575417335
162.99999982120625,14.47759836050697,14.390913671029482,0.0,-4.440892098500626e-16,288.89716512264755
163.05667340345101,14.468062518263341,14.37724863015095,0.0,0.0,288.797252349778
163.11334322536538,14.458519250713193,14.3636307273132,-2.220446049250313e-16,-4.440892098500626e-16,288.69688841419105
163.17000930877413,14.448968680195541,14.350059975054153,0.0,-2.220446049250313e-16,288.5960742945132
