galstreams/tracks/track.st.Jhelum.ibata2021.ecsv
# %ECSV 0.9
# ---
# datatype:
# - {name: ra, unit: deg, datatype: float64}
# - {name: dec, unit: deg, datatype: float64}
# - {name: distance, unit: kpc, datatype: float64}
# - {name: pm_ra_cosdec, unit: mas / yr, datatype: float64}
# - {name: pm_dec, unit: mas / yr, datatype: float64}
# - {name: radial_velocity, unit: km / s, datatype: float64}
# delimiter: ','
# meta: !!omap
# - __serialized_columns__:
#     dec:
#       __class__: astropy.coordinates.angles.Latitude
#       unit: &id001 !astropy.units.Unit {unit: deg}
#       value: !astropy.table.SerializedColumn {name: dec}
#     distance:
#       __class__: astropy.coordinates.distances.Distance
#       unit: !astropy.units.Unit {unit: kpc}
#       value: !astropy.table.SerializedColumn {name: distance}
#     pm_dec:
#       __class__: astropy.units.quantity.Quantity
#       unit: !astropy.units.Unit {unit: mas / yr}
#       value: !astropy.table.SerializedColumn {name: pm_dec}
#     pm_ra_cosdec:
#       __class__: astropy.units.quantity.Quantity
#       unit: !astropy.units.Unit {unit: mas / yr}
#       value: !astropy.table.SerializedColumn {name: pm_ra_cosdec}
#     ra:
#       __class__: astropy.coordinates.angles.Longitude
#       unit: *id001
#       value: !astropy.table.SerializedColumn {name: ra}
#       wrap_angle: !astropy.coordinates.Angle
#         unit: *id001
#         value: 360.0
#     radial_velocity:
#       __class__: astropy.units.quantity.Quantity
#       unit: !astropy.units.Unit {unit: km / s}
#       value: !astropy.table.SerializedColumn {name: radial_velocity}
# schema: astropy-2.0
ra,dec,distance,pm_ra_cosdec,pm_dec,radial_velocity
[from data line 139]
8.314823090252961,-50.19184251253893,10.635152249350867,7.815531841124354,-2.8346541250143824,5.894536990910637e-14
8.299563425992291,-50.19410693222154,10.63372611625736,7.815960077594477,-2.836299686089184,6.73661370389787e-14
8.284302504058838,-50.196369843884526,10.632302668465057,7.816386212391582,-2.8379458591000253,5.894536990910637e-14
8.269040324790964,-50.19863124662224,10.630881904324154,7.816810246289856,-2.8395926426000893,5.894536990910637e-14
8.253776888528613,-50.200891139529,10.629463822184842,7.817232180064213,-2.841240035142857,6.73661370389787e-14
8.23851219561279,-50.20314952169917,10.628048420397317,7.81765201449028,-2.8428880352821713,1.0946997268834039e-13
8.22324624638587,-50.20540639222707,10.626635697311768,7.818069750344417,-2.844536641572196,5.894536990910637e-14
8.207979041191491,-50.20766175020707,10.625225651278388,7.818485388403701,-2.8461858525674306,9.262843842859572e-14
8.192710580374817,-50.20991559473348,10.623818280647379,7.818898929445935,-2.847835666822686,6.73661370389787e-14
8.1774408642821,-50.212167924900655,10.622413583768928,7.819310374249652,-2.8494860828931277,8.420767129872338e-14
8.162169893260895,-50.214418739802966,10.621011558993226,7.819719723594099,-2.851137099334257,1.347322740779574e-13
8.146897667660319,-50.2166680385347,10.619612204670474,7.820126978259256,-2.8527887147018802,5.0524602779234026e-14
8.131624187830562,-50.21891582019024,10.618215519150864,7.820532139025826,-2.8544409275521643,1.0104920555846805e-13
8.116349454123199,-50.221162083863916,10.616821500784587,7.820935206675234,-2.8560937364416046,5.894536990910637e-14
8.10107346689105,-50.22340682865011,10.615430147921836,7.821336181989621,-2.8577471399270378,6.73661370389787e-14
8.08579622648849,-50.225650053643136,10.61404145891281,7.821735065751877,-2.859401136565611,7.578690416885104e-14
8.070517733270963,-50.22789175793736,10.612655432107697,7.822131858745601,-2.861055724914835,6.73661370389787e-14
8.05523798759532,-50.23013194062713,10.611272065856694,7.822526561755117,-2.8627109035325455,6.73661370389787e-14
8.039956989819633,-50.23237060080683,10.609891358509993,7.822919175565476,-2.8643666709769313,6.73661370389787e-14
8.024674740303551,-50.23460773757081,10.608513308417788,7.823309700962459,-2.866023025806483,4.210383564936169e-14
8.009391239407798,-50.23684335001345,10.60713791393027,7.823698138732577,-2.867679966580063,1.0104920555846805e-13
7.9941064874943875,-50.239077437229106,10.605765173397636,7.824084489663046,-2.8693374918568733,6.73661370389787e-14
7.978820484926937,-50.241309998312175,10.604395085170083,7.824468754541831,-2.870995600196426,7.578690416885104e-14
7.963533232070109,-50.243541032357044,10.603027647597802,7.8248509341576105,-2.8726542901586023,1.0946997268834039e-13
7.948244729289988,-50.24577053845807,10.601662859030982,7.8252310292997995,-2.874313560303613,6.73661370389787e-14
7.932954976953877,-50.2479985157097,10.600300717819822,7.825609040758528,-2.8759734091920217,6.73661370389787e-14
7.917663975430669,-50.25022496320631,10.59894122231451,7.825984969324669,-2.877633835384708,1.0946997268834039e-13
7.902371725090307,-50.252449880042306,10.597584370865249,7.826358815789795,-2.8792948374429157,5.894536990910637e-14
7.887078226304077,-50.25467326531213,10.596230161822225,7.826730580946233,-2.880956413928237,1.1789073981821273e-13
7.87178347944483,-50.25689511811017,10.594878593535633,7.827100265587031,-2.8826185634025805,1.1789073981821273e-13
7.85648748488649,-50.25911543753089,10.593529664355668,7.827467870505951,-2.8842812844282246,1.0946997268834039e-13
7.841190243004376,-50.261334222668715,10.592183372632526,7.827833396497496,-2.885944575567783,1.0104920555846805e-13
7.825891754175063,-50.26355147261812,10.590839716716394,7.828196844356889,-2.8876084353842253,2.5262301389617013e-14
7.810592018776707,-50.26576718647353,10.589498694957472,7.828558214880092,-2.889272862440839,5.894536990910637e-14
7.795291037188518,-50.26798136332944,10.588160305705948,7.8289175088637775,-2.890937855301286,6.73661370389787e-14
7.779988809791032,-50.27019400228034,10.586824547312021,7.82927472710536,-2.8926034125295765,8.420767129872338e-14
7.764685336966398,-50.27240510242069,10.585491418125887,7.829629870402979,-2.8942695326900374,1.2631150694808508e-13
7.7493806190977885,-50.27461466284499,10.584160916497733,7.829982939555499,-2.8959362143473752,9.262843842859572e-14
7.734074656569824,-50.276822682647776,10.582833040777752,7.830333935362521,-2.897603456066637,1.1789073981821273e-13
7.718767449768349,-50.279029160923564,10.581507789316147,7.830682858624354,-2.899271256413223,5.894536990910637e-14
7.70345899908081,-50.28123409676688,10.580185160463095,7.831029710142071,-2.900939613952864,7.578690416885104e-14
7.688149304895701,-50.283437489272266,10.578865152568808,7.831374490717443,-2.9026085272516604,6.73661370389787e-14
7.672838367602952,-50.28563933753429,10.577547763983475,7.831717201152981,-2.9042779948760575,8.420767129872338e-14
7.657526187593719,-50.28783964064754,10.576232993057278,7.832057842251922,-2.9059480153928687,5.0524602779234026e-14
7.642212765260767,-50.29003839770657,10.574920838140425,7.832396414818246,-2.9076185873692197,1.0104920555846805e-13
7.6268981009979155,-50.29223560780598,10.573611297583097,7.83273291965665,-2.909289709372628,8.420767129872338e-14
7.6115821952003175,-50.29443127004041,10.5723043697355,7.833067357572548,-2.91096137997096,5.0524602779234026e-14
7.596265048264719,-50.29662538350447,10.57100005294782,7.833399729372116,-2.9126335977324063,5.894536990910637e-14
7.580946660588944,-50.29881794729279,10.569698345570254,7.833730035862238,-2.9143063612255418,7.578690416885104e-14
7.5656270325722295,-50.30100896050004,10.568399245952994,7.834058277850526,-2.9159796690192907,6.73661370389787e-14
7.550306164615057,-50.30319842222092,10.567102752446235,7.834384456145333,-2.9176535196829376,1.0104920555846805e-13
7.534984057119496,-50.30538633155006,10.56580886340017,7.834708571555742,-2.9193279117861,9.262843842859572e-14
7.519660710488708,-50.307572687582194,10.564517577164994,7.835030624891558,-2.9210028438987763,5.0524602779234026e-14
7.504336125127182,-50.30975748941208,10.563228892090896,7.835350616963322,-2.922678314591324,1.1789073981821273e-13
7.489010301440986,-50.31194073613438,10.561942806528071,7.835668548582309,-2.924354322434434,1.0104920555846805e-13
7.473683239837277,-50.31412242684389,10.560659318826715,7.835984420560522,-2.926030865999179,1.1789073981821273e-13
7.458354940724632,-50.31630256063538,10.559378427337027,7.836298233710687,-2.9277079438569844,7.578690416885104e-14
7.44302540451288,-50.31848113660366,10.55810013040919,7.8366099888462735,-2.9293855545796452,1.0104920555846805e-13
7.427694631613448,-50.3206581538435,10.556824426393405,7.836919686781473,-2.9310636967392876,7.578690416885104e-14
7.4123626224388275,-50.32283361144975,10.555551313639862,7.837227328331219,-2.93274236890843,9.262843842859572e-14
7.397029377402946,-50.32500750851726,10.554280790498758,7.837532914311164,-2.934421569659939,3.368306851948935e-14
7.38169489692098,-50.3271798441409,10.553012855320281,7.8378364455377065,-2.9361012975670553,6.73661370389787e-14
7.366359181409704,-50.32935061741554,10.55174750645463,7.838137922827961,-2.937781551203356,1.0104920555846805e-13
7.351022231286969,-50.331519827436104,10.550484742251998,7.838437346999787,-2.939462329142806,1.0946997268834039e-13
7.335684046971971,-50.33368747329751,10.549224561062575,7.838734718871769,-2.941143629959738,1.0946997268834039e-13
7.320344628885489,-50.3358535540947,10.547966961236561,7.839030039263227,-2.942825452228818,7.578690416885104e-14
7.305003977449413,-50.33801806892265,10.546711941124148,7.839323308994207,-2.9445077945251077,9.262843842859572e-14
7.2896620930870295,-50.34018101687636,10.54545949907552,7.839614528885507,-2.94619065542403,9.262843842859572e-14
7.274318976222899,-50.34234239705084,10.544209633440884,7.839903699758623,-2.9478740335013693,1.0946997268834039e-13
7.258974627283171,-50.34450220854112,10.542962342570426,7.84019082243582,-2.9495579273332666,6.73661370389787e-14
7.243629046695093,-50.346660450442265,10.54171762481434,7.84047589774008,-2.9512423354962456,7.578690416885104e-14
7.228282234887239,-50.348817121849365,10.540475478522822,7.840758926495108,-2.9529272565672064,6.73661370389787e-14
7.212934192289786,-50.35097222185752,10.53923590204607,7.841039909525363,-2.9546126891233837,8.420767129872338e-14
7.197584919334012,-50.35312574956185,10.537998893734267,7.841318847656023,-2.9562986317424143,6.73661370389787e-14
7.18223441645261,-50.355277704057535,10.536764451937616,7.841595741713002,-2.9579850830022956,1.0946997268834039e-13
7.166882684079527,-50.357428084439746,10.535532575006306,7.8418705925229455,-2.9596720414814026,8.420767129872338e-14
7.151529722650336,-50.35957688980366,10.534303261290528,7.842143400913246,-2.9613595057584527,9.262843842859572e-14
7.1361755326016745,-50.36172411924455,10.533076509140484,7.842414167712013,-2.963047474412569,5.0524602779234026e-14
7.120820114371532,-50.363869771857665,10.531852316906361,7.842682893748094,-2.964735946023242,1.0104920555846805e-13
7.105463468399514,-50.366013846738255,10.530630682938355,7.842949579851083,-2.9664249191703087,6.73661370389787e-14
7.090105595126293,-50.36815634298167,10.529411605586661,7.843214226851289,-2.968114392434008,6.73661370389787e-14
7.074746494993987,-50.37029725968323,10.52819508320147,7.843476835579773,-2.969804364394941,8.420767129872338e-14
7.059386168445982,-50.3724365959383,10.526981114132978,7.843737406868313,-2.971494833634101,7.578690416885104e-14
7.044024615927258,-50.37457435084227,10.525769696731375,7.843995941549444,-2.9731857987328203,1.4315304120782974e-13
7.028661837883881,-50.37671052349055,10.524560829346859,7.844252440456414,-2.9748772582728398,4.210383564936169e-14
7.013297834763372,-50.37884511297862,10.523354510329623,7.8445069044232145,-2.976569210836264,2.5262301389617013e-14
6.997932607014509,-50.380978118401956,10.522150738029854,7.844759334284579,-2.97826165500559,8.420767129872338e-14
6.982566155087656,-50.38310953885603,10.520949510797756,7.845009730875961,-2.9799545893636603,5.894536990910637e-14
6.967198479434291,-50.385239373436406,10.51975082698352,7.84525809503356,-2.981648012493726,5.894536990910637e-14
6.951829580507246,-50.38736762123867,10.518554684937333,7.8455044275943076,-2.983341922979415,9.262843842859572e-14
6.936459458760935,-50.38949428135837,10.517361083009396,7.845748729395877,-2.98503631940471,5.894536990910637e-14
6.921088114650901,-50.391619352891176,10.516170019549897,7.845991001276671,-2.9867312003540016,1.2631150694808508e-13
6.905715548634103,-50.39374283493273,10.514981492909037,7.846231244075817,-2.988426564412049,5.894536990910637e-14
6.8903417611687585,-50.39586472657875,10.513795501437002,7.8464694586331944,-2.9901224101640063,9.262843842859572e-14
6.874966752714718,-50.39798502692492,10.512612043483989,7.846705645789428,-2.9918187361953805,7.578690416885104e-14
6.859590523732921,-50.40010373506703,10.51143111740019,7.84693980638585,-2.9935155410920875,1.0104920555846805e-13
6.844213074685644,-50.40222085010085,10.510252721535803,7.847171941264545,-2.9952128234404296,1.1789073981821273e-13
6.828834406036795,-50.40433637112222,10.509076854241016,7.847402051268333,-2.9969105818270627,6.73661370389787e-14
6.813454518251371,-50.40645029722698,10.507903513866028,7.847630137240773,-2.9986088148390584,7.578690416885104e-14
6.798073411795803,-50.40856262751103,10.506732698761033,7.847856200026155,-3.00030752106386,8.420767129872338e-14
6.7826910871378,-50.4106733610703,10.505564407276221,7.848080240469504,-3.002006699089309,8.420767129872338e-14
6.767307544746693,-50.412782497000734,10.504398637761785,7.848302259416595,-3.003706347503605,6.73661370389787e-14
6.751922785092891,-50.41489003439834,10.503235388567917,7.848522257713924,-3.005406464895364,6.73661370389787e-14
6.736536808648263,-50.41699597235914,10.502074658044819,7.8487402362087275,-3.007107049853576,9.262843842859572e-14
6.721149615885922,-50.41910030997922,10.500916444542678,7.848956195748985,-3.0088081009676353,6.73661370389787e-14
6.705761207280634,-50.42120304635465,10.49976074641169,7.849170137183414,-3.0105096168272905,5.894536990910637e-14
6.690371583308245,-50.423304180581596,10.498607562002048,7.849382061361456,-3.012211596022715,8.420767129872338e-14
6.674980744445954,-50.425403711756225,10.497456889663944,7.849591969133308,-3.0139140371444624,9.262843842859572e-14
6.659588691172587,-50.42750163897475,10.496308727747575,7.849799861349898,-3.0156169387834613,7.578690416885104e-14
6.644195423968059,-50.42959796133342,10.495163074603132,7.850005738862881,-3.0173202995310486,6.73661370389787e-14
6.628800943313752,-50.43169267792853,10.494019928580812,7.850209602524664,-3.0190241179789497,1.0104920555846805e-13
6.613405249692296,-50.43378578785642,10.492879288030803,7.8504114531883795,-3.0207283927192945,9.262843842859572e-14
6.598008343587961,-50.43587729021343,10.491741151303302,7.850611291707916,-3.022433122344574,1.1789073981821273e-13
6.582610225486095,-50.437967184095974,10.49060551674851,7.850809118937877,-3.024138305447699,3.368306851948935e-14
6.567210895873435,-50.44005546860052,10.489472382716606,7.8510049357336245,-3.0258439406219826,3.368306851948935e-14
6.551810355238323,-50.442142142823556,10.488341747557794,7.851198742951249,-3.027550026461098,6.73661370389787e-14
6.536408604070203,-50.444227205861566,10.487213609622264,7.851390541447576,-3.029256561559144,7.578690416885104e-14
6.521005642859975,-50.44631065681116,10.48608796726021,7.851580332080185,-3.030963544510609,5.894536990910637e-14
6.505601472099801,-50.448392494768946,10.484964818821828,7.851768115707366,-3.032670973910384,8.420767129872338e-14
6.490196092283485,-50.45047271883155,10.483844162657308,7.851953893188186,-3.034378848353736,5.0524602779234026e-14
6.474789503905916,-50.45255132809568,10.482725997116844,7.852137665382415,-3.03608716643635,5.0524602779234026e-14
6.459381707463368,-50.454628321658085,10.481610320550635,7.85231943315058,-3.0377959267543155,6.73661370389787e-14
6.443972703453716,-50.45670369861552,10.480497131308871,7.852499197353946,-3.039505127904092,9.262843842859572e-14
6.428562492375954,-50.458777458064816,10.479386427741744,7.852676958854517,-3.041214768482571,5.0524602779234026e-14
6.41315107473053,-50.46084959910285,10.478278208199448,7.852852718515037,-3.0429248470870256,9.262843842859572e-14
6.397738451019153,-50.46292012082653,10.47717247103218,7.853026477198975,-3.044635362315148,7.578690416885104e-14
6.3823246217451794,-50.46498902233279,10.476069214590133,7.853198235770563,-3.0463463127650066,4.210383564936169e-14
6.36690958741306,-50.46705630271864,10.474968437223492,7.853367995094764,-3.0480576970350937,8.420767129872338e-14
6.351493348528706,-50.46912196108113,10.473870137282464,7.853535756037266,-3.0497695137242964,9.262843842859572e-14
6.336075905599295,-50.47118599651736,10.472774313117236,7.8537015194645114,-3.0514817614319196,1.0104920555846805e-13
6.320657259133639,-50.47324840812445,10.471680963078002,7.8538652862436855,-3.053194438757643,1.0946997268834039e-13
6.305237409641673,-50.475309194999575,10.470590085514955,7.854027057242704,-3.054907544301579,8.420767129872338e-14
6.289816357634679,-50.47736835623999,10.469501678778292,7.854186833330224,-3.0566210766642414,8.420767129872338e-14
6.274394103625573,-50.479425890942935,10.4684157412182,7.854344615375655,-3.0583350344465337,7.578690416885104e-14
6.258970648128389,-50.48148179820578,10.46733227118488,7.854500404249124,-3.0600494162497824,9.262843842859572e-14
6.243545991658606,-50.483536077125855,10.466251267028523,7.854654200821519,-3.0617642206757196,6.73661370389787e-14
6.228120134732993,-50.48558872680061,10.465172727099322,7.854806005964456,-3.063479446326494,8.420767129872338e-14
