galstreams/tracks/track.st.Yangtze.yang2023.ecsv
# %ECSV 1.0
# ---
# datatype:
# - {name: ra, unit: deg, datatype: float64}
# - {name: dec, unit: deg, datatype: float64}
# - {name: distance, unit: kpc, datatype: float64}
# - {name: pm_ra_cosdec, unit: mas / yr, datatype: float64}
# - {name: pm_dec, unit: mas / yr, datatype: float64}
# - {name: radial_velocity, unit: km / s, datatype: float64}
# delimiter: ','
# meta: !!omap
# - __serialized_columns__:
#     dec:
#       __class__: astropy.coordinates.angles.Latitude
#       unit: &id001 !astropy.units.Unit {unit: deg}
#       value: !astropy.table.SerializedColumn {name: dec}
#     distance:
#       __class__: astropy.coordinates.distances.Distance
#       unit: !astropy.units.Unit {unit: kpc}
#       value: !astropy.table.SerializedColumn {name: distance}
#     pm_dec:
#       __class__: astropy.units.quantity.Quantity
#       unit: !astropy.units.Unit {unit: mas / yr}
#       value: !astropy.table.SerializedColumn {name: pm_dec}
#     pm_ra_cosdec:
#       __class__: astropy.units.quantity.Quantity
#       unit: !astropy.units.Unit {unit: mas / yr}
#       value: !astropy.table.SerializedColumn {name: pm_ra_cosdec}
#     ra:
#       __class__: astropy.coordinates.angles.Longitude
#       unit: *id001
#       value: !astropy.table.SerializedColumn {name: ra}
#       wrap_angle: !astropy.coordinates.Angle
#         unit: *id001
#         value: 360.0
#     radial_velocity:
#       __class__: astropy.units.quantity.Quantity
#       unit: !astropy.units.Unit {unit: km / s}
#       value: !astropy.table.SerializedColumn {name: radial_velocity}
# schema: astropy-2.0
ra,dec,distance,pm_ra_cosdec,pm_dec,radial_velocity
[from data line 136]
146.29884117815675,-11.632464872711962,9.120108393559248,-0.7000000000000122,1.1000000000000187,-2.315710960714893e-14
146.2980979290765,-11.622412249208072,9.120108393559246,-0.7000000000000123,1.1000000000000187,-2.6314897280851057e-14
146.29735573287272,-11.612359667919653,9.120108393559246,-0.7000000000000121,1.1000000000000185,-2.8420089063319142e-14
146.29661458953456,-11.60230712887974,9.120108393559242,-0.7000000000000121,1.1000000000000187,-2.315710960714893e-14
146.29587449905125,-11.592254632121147,9.12010839355924,-0.700000000000012,1.1000000000000183,-1.7894130150978717e-14
146.29513546141195,-11.58220217767678,9.120108393559242,-0.7000000000000117,1.1000000000000179,-1.3683746586042549e-14
146.29439747660584,-11.57214976557946,9.120108393559242,-0.7000000000000115,1.1000000000000179,-1.894672604221276e-14
146.293660544622,-11.562097395861946,9.12010839355924,-0.7000000000000116,1.1000000000000176,-2.2104513715914887e-14
146.29292466544956,-11.552045068556989,9.120108393559239,-0.7000000000000115,1.1000000000000176,-1.0525958912340423e-14
146.29218983907765,-11.54199278369713,9.120108393559237,-0.7000000000000114,1.1000000000000176,-1.1578554803574466e-14
146.2914560654953,-11.53194054131502,9.120108393559237,-0.7000000000000115,1.1000000000000176,-2.1051917824680846e-14
146.29072334469163,-11.521888341443205,9.120108393559235,-0.7000000000000113,1.1000000000000172,-1.9999321933446802e-14
146.28999167665566,-11.51183618411421,9.120108393559235,-0.7000000000000113,1.1000000000000174,-2.1051917824680846e-14
146.2892610613764,-11.501784069360378,9.120108393559233,-0.7000000000000112,1.100000000000017,-1.894672604221276e-14
146.28853149884287,-11.49173199721413,9.12010839355923,-0.7000000000000113,1.100000000000017,-1.5788938368510635e-14
146.28780298904408,-11.481679967707795,9.120108393559233,-0.7000000000000108,1.1000000000000167,-1.2631150694808506e-14
146.287075531969,-11.471627980873649,9.12010839355923,-0.700000000000011,1.1000000000000165,-1.2631150694808506e-14
146.2863491276066,-11.461576036743963,9.12010839355923,-0.7000000000000111,1.1000000000000163,-1.894672604221276e-14
146.28562377594582,-11.451524135350786,9.120108393559228,-0.7000000000000111,1.100000000000016,-2.4209705498382972e-14
146.28489947697554,-11.441472276726289,9.120108393559228,-0.7000000000000108,1.1000000000000165,-2.4209705498382972e-14
146.2841762306847,-11.431420460902526,9.120108393559228,-0.7000000000000107,1.1000000000000159,-2.1051917824680846e-14
146.2834540370622,-11.421368687911505,9.120108393559226,-0.7000000000000108,1.100000000000016,-1.9999321933446802e-14
146.28273289609692,-11.41131695778522,9.120108393559224,-0.7000000000000107,1.1000000000000156,-2.4209705498382972e-14
146.28201280777768,-11.40126527055547,9.120108393559224,-0.7000000000000106,1.100000000000016,-2.8420089063319142e-14
146.28129377209333,-11.391213626254146,9.120108393559223,-0.7000000000000105,1.1000000000000159,-2.8420089063319142e-14
146.2805757890327,-11.38116202491304,9.120108393559223,-0.7000000000000103,1.100000000000016,-2.2104513715914887e-14
146.2798588585846,-11.371110466563943,9.12010839355922,-0.7000000000000104,1.1000000000000154,-2.315710960714893e-14
146.27914298073782,-11.361058951238418,9.12010839355922,-0.7000000000000103,1.1000000000000152,-2.315710960714893e-14
146.2784281554811,-11.351007478968157,9.120108393559219,-0.7000000000000102,1.1000000000000154,-1.9999321933446802e-14
146.27771438280325,-11.340956049784737,9.120108393559217,-0.7000000000000103,1.1000000000000154,-3.5788260301957434e-14
146.27700166269292,-11.330904663719673,9.120108393559217,-0.7000000000000102,1.1000000000000154,-1.5788938368510635e-14
146.27628999513894,-11.320853320804497,9.120108393559217,-0.70000000000001,1.100000000000015,-3.0525280845787224e-14
146.27557938012993,-11.31080202107051,9.120108393559217,-0.70000000000001,1.1000000000000147,-2.2104513715914887e-14
146.2748698176546,-11.300750764549127,9.120108393559216,-0.70000000000001,1.100000000000015,-2.4209705498382972e-14
146.27416130770163,-11.290699551271661,9.120108393559217,-0.7000000000000098,1.1000000000000145,-2.7367493172085098e-14
146.27345385025967,-11.280648381269366,9.120108393559216,-0.7000000000000096,1.1000000000000145,-2.2104513715914887e-14
146.27274744531732,-11.270597254573504,9.120108393559212,-0.7000000000000097,1.100000000000015,-1.9999321933446802e-14
146.27204209286327,-11.26054617121511,9.120108393559216,-0.7000000000000095,1.1000000000000143,-2.6314897280851057e-14
146.27133779288607,-11.250495131225337,9.12010839355921,-0.7000000000000097,1.1000000000000145,-2.315710960714893e-14
146.27063454537435,-11.24044413463522,9.120108393559212,-0.7000000000000096,1.1000000000000143,-2.8420089063319142e-14
146.2699323503166,-11.230393181475824,9.12010839355921,-0.7000000000000094,1.1000000000000143,-2.4209705498382972e-14
146.26923120770144,-11.220342271777959,9.120108393559208,-0.7000000000000096,1.100000000000014,-2.6314897280851057e-14
146.26853111751737,-11.210291405572567,9.12010839355921,-0.7000000000000093,1.1000000000000139,-1.6841534259744676e-14
146.26783207975296,-11.200240582890487,9.120108393559208,-0.7000000000000091,1.1000000000000139,-2.315710960714893e-14
146.26713409439665,-11.190189803762493,9.120108393559208,-0.7000000000000093,1.1000000000000136,-1.3683746586042549e-14
146.26643716143698,-11.180139068219367,9.120108393559207,-0.7000000000000092,1.1000000000000134,-2.1051917824680846e-14
146.26574128086241,-11.170088376291673,9.120108393559205,-0.7000000000000093,1.1000000000000136,-3.263047262825531e-14
146.26504645266138,-11.16003772801008,9.120108393559205,-0.7000000000000093,1.1000000000000134,-2.7367493172085098e-14
146.26435267682228,-11.149987123405163,9.120108393559203,-0.7000000000000092,1.1000000000000134,-2.315710960714893e-14
146.26365995333362,-11.139936562507428,9.120108393559205,-0.700000000000009,1.1000000000000132,-2.315710960714893e-14
146.26296828218378,-11.129886045347401,9.120108393559205,-0.700000000000009,1.1000000000000132,-2.4209705498382972e-14
146.2622776633611,-11.119835571955385,9.120108393559203,-0.700000000000009,1.1000000000000134,-3.157787673702127e-14
146.261588096854,-11.109785142361773,9.120108393559203,-0.7000000000000087,1.100000000000013,-3.0525280845787224e-14
146.26089958265084,-11.099734756596884,9.120108393559203,-0.7000000000000087,1.1000000000000132,-2.4209705498382972e-14
146.2602121207399,-11.089684414691023,9.120108393559203,-0.7000000000000085,1.1000000000000125,-2.8420089063319142e-14
146.2595257111096,-11.079634116674272,9.120108393559201,-0.7000000000000086,1.1000000000000127,-3.5788260301957434e-14
146.25884035374816,-11.06958386257684,9.120108393559203,-0.7000000000000084,1.1000000000000125,-2.8420089063319142e-14
146.25815604864394,-11.059533652428819,9.1201083935592,-0.7000000000000086,1.1000000000000125,-3.157787673702127e-14
146.25747279578516,-11.049483486260252,9.1201083935592,-0.7000000000000085,1.1000000000000127,-3.0525280845787224e-14
146.25679059516008,-11.039433364101178,9.1201083935592,-0.7000000000000084,1.1000000000000123,-2.4209705498382972e-14
146.25610944675702,-11.029383285981426,9.120108393559198,-0.7000000000000085,1.100000000000012,-3.0525280845787224e-14
146.25542935056413,-11.019333251930933,9.1201083935592,-0.7000000000000083,1.1000000000000123,-3.263047262825531e-14
146.2547503065696,-11.009283261979538,9.120108393559198,-0.7000000000000082,1.1000000000000123,-2.6314897280851057e-14
146.25407231476174,-10.999233316157015,9.120108393559196,-0.7000000000000082,1.100000000000012,-3.4735664410723393e-14
146.2533953751286,-10.98918341449315,9.120108393559196,-0.7000000000000083,1.100000000000012,-2.6314897280851057e-14
146.25271948765848,-10.979133557017507,9.120108393559194,-0.7000000000000084,1.100000000000012,-3.789345208442552e-14
146.25204465233938,-10.969083743759754,9.120108393559196,-0.7000000000000081,1.100000000000012,-2.315710960714893e-14
146.25137086915956,-10.959033974749481,9.120108393559194,-0.700000000000008,1.1000000000000119,-3.263047262825531e-14
146.25069813810703,-10.948984250016192,9.120108393559194,-0.7000000000000081,1.1000000000000119,-2.4209705498382972e-14
146.25002645917,-10.938934569589419,9.120108393559194,-0.700000000000008,1.1000000000000119,-3.157787673702127e-14
146.24935583233645,-10.92888493349846,9.12010839355919,-0.7000000000000081,1.100000000000012,-2.4209705498382972e-14
146.2486862575945,-10.918835341772734,9.120108393559192,-0.700000000000008,1.1000000000000119,-3.4735664410723393e-14
146.2480177349322,-10.908785794441549,9.120108393559192,-0.7000000000000076,1.1000000000000116,-2.315710960714893e-14
146.24735026433763,-10.89873629153423,9.120108393559192,-0.700000000000008,1.1000000000000114,-3.157787673702127e-14
146.2466838457987,-10.888686833079857,9.120108393559192,-0.7000000000000075,1.1000000000000112,-3.263047262825531e-14
146.24601847930356,-10.878637419107658,9.12010839355919,-0.7000000000000076,1.1000000000000116,-2.947268495455318e-14
146.2453541648401,-10.868588049646721,9.120108393559189,-0.7000000000000077,1.1000000000000114,-3.0525280845787224e-14
146.24469090239631,-10.858538724726102,9.120108393559189,-0.7000000000000075,1.1000000000000112,-2.6314897280851057e-14
146.24402869196018,-10.848489444374861,9.120108393559189,-0.7000000000000076,1.1000000000000107,-2.6314897280851057e-14
146.24336753351966,-10.83844020862183,9.120108393559189,-0.7000000000000075,1.100000000000011,-3.684085619319148e-14
146.24270742706264,-10.828391017495958,9.12010839355919,-0.7000000000000072,1.1000000000000107,-3.5788260301957434e-14
146.24204837257707,-10.818341871026096,9.120108393559187,-0.7000000000000074,1.1000000000000107,-2.947268495455318e-14
146.2413903700508,-10.808292769241092,9.120108393559187,-0.7000000000000073,1.1000000000000107,-2.5262301389617013e-14
146.24073341947178,-10.798243712169572,9.120108393559185,-0.7000000000000075,1.1000000000000112,-3.684085619319148e-14
146.24007752082784,-10.78819469984028,9.120108393559187,-0.7000000000000073,1.100000000000011,-3.684085619319148e-14
146.23942267410683,-10.778145732281857,9.120108393559187,-0.7000000000000071,1.1000000000000105,-2.8420089063319142e-14
146.2387688792966,-10.768096809522891,9.120108393559185,-0.7000000000000073,1.10000000000001,-3.368306851948935e-14
146.23811613638497,-10.75804793159197,9.120108393559185,-0.7000000000000071,1.1000000000000105,-3.789345208442552e-14
146.23746444535973,-10.747999098517466,9.120108393559185,-0.7000000000000071,1.1000000000000107,-2.6314897280851057e-14
146.23681380620872,-10.73795031032787,9.120108393559182,-0.7000000000000073,1.1000000000000103,-3.9998643866893604e-14
146.23616421891964,-10.727901567051555,9.120108393559182,-0.700000000000007,1.1000000000000105,-3.0525280845787224e-14
146.23551568348032,-10.717852868716857,9.120108393559184,-0.7000000000000068,1.10000000000001,-3.0525280845787224e-14
146.2348681998785,-10.707804215352112,9.120108393559182,-0.7000000000000072,1.1000000000000103,-3.5788260301957434e-14
146.2342217681019,-10.697755606985428,9.120108393559184,-0.7000000000000071,1.10000000000001,-3.4735664410723393e-14
146.23357638813818,-10.687707043645041,9.120108393559182,-0.7000000000000068,1.1000000000000099,-2.7367493172085098e-14
146.23293205997513,-10.677658525359076,9.120108393559182,-0.7000000000000068,1.1000000000000096,-3.8946047975659563e-14
146.2322887836004,-10.667610052155608,9.120108393559182,-0.7000000000000068,1.1000000000000099,-4.315643154059573e-14
146.23164655900166,-10.657561624062707,9.120108393559182,-0.7000000000000068,1.1000000000000099,-3.368306851948935e-14
146.23100538616654,-10.647513241108236,9.12010839355918,-0.7000000000000066,1.10000000000001,-2.8420089063319142e-14
146.23036526508275,-10.637464903320172,9.12010839355918,-0.7000000000000066,1.1000000000000099,-3.157787673702127e-14
146.22972619573787,-10.627416610726385,9.12010839355918,-0.7000000000000066,1.1000000000000099,-3.4735664410723393e-14
146.22908817811953,-10.617368363354746,9.12010839355918,-0.7000000000000067,1.1000000000000096,-3.5788260301957434e-14
146.2284512122153,-10.607320161232913,9.12010839355918,-0.7000000000000064,1.1000000000000094,-3.8946047975659563e-14
146.22781529801279,-10.597272004388657,9.120108393559178,-0.7000000000000066,1.1000000000000096,-3.157787673702127e-14
146.22718043549955,-10.587223892849641,9.120108393559176,-0.7000000000000065,1.10000000000001,-3.0525280845787224e-14
146.22654662466314,-10.577175826643476,9.120108393559178,-0.7000000000000064,1.1000000000000094,-3.0525280845787224e-14
146.22591386549112,-10.567127805797789,9.120108393559178,-0.7000000000000063,1.1000000000000096,-3.263047262825531e-14
146.225282157971,-10.557079830339976,9.120108393559176,-0.7000000000000064,1.1000000000000092,-3.368306851948935e-14
146.2246515020903,-10.54703190029756,9.120108393559176,-0.7000000000000063,1.1000000000000094,-3.368306851948935e-14
146.22402189783648,-10.536984015697943,9.120108393559176,-0.7000000000000063,1.100000000000009,-4.105123975812765e-14
146.22339334519702,-10.52693617656849,9.120108393559176,-0.7000000000000065,1.1000000000000087,-3.157787673702127e-14
146.22276584415943,-10.516888382936568,9.120108393559175,-0.7000000000000061,1.100000000000009,-2.6314897280851057e-14
146.22213939471112,-10.506840634829324,9.120108393559176,-0.7000000000000061,1.1000000000000087,-2.947268495455318e-14
146.2215139968396,-10.49679293227402,9.120108393559175,-0.7000000000000063,1.100000000000009,-4.105123975812765e-14
146.2208896505322,-10.486745275297821,9.120108393559173,-0.7000000000000064,1.1000000000000094,-4.105123975812765e-14
146.22026635577637,-10.47669766392788,9.120108393559173,-0.7000000000000062,1.1000000000000092,-3.5788260301957434e-14
146.2196441125595,-10.466650098191142,9.120108393559173,-0.7000000000000061,1.100000000000009,-3.8946047975659563e-14
146.21902292086895,-10.456602578114676,9.120108393559173,-0.700000000000006,1.100000000000009,-3.157787673702127e-14
146.21840278069217,-10.44655510372544,9.120108393559173,-0.7000000000000061,1.1000000000000085,-3.263047262825531e-14
146.21778369201638,-10.436507675050333,9.120108393559173,-0.700000000000006,1.1000000000000085,-2.947268495455318e-14
146.21716565482902,-10.426460292116273,9.120108393559173,-0.7000000000000058,1.1000000000000085,-2.7367493172085098e-14
146.21654866911737,-10.416412954949946,9.120108393559171,-0.7000000000000057,1.1000000000000085,-2.947268495455318e-14
146.21593273486874,-10.406365663578166,9.120108393559171,-0.7000000000000057,1.1000000000000083,-3.8946047975659563e-14
146.21531785207046,-10.39631841802764,9.120108393559171,-0.700000000000006,1.1000000000000083,-3.8946047975659563e-14
146.2147040207097,-10.386271218325016,9.120108393559171,-0.7000000000000056,1.1000000000000087,-2.7367493172085098e-14
146.21409124077388,-10.376224064496961,9.120108393559171,-0.7000000000000056,1.100000000000008,-3.9998643866893604e-14
146.2134795122501,-10.366176956569907,9.120108393559171,-0.7000000000000055,1.1000000000000079,-2.7367493172085098e-14
146.21286883512576,-10.356129894570431,9.12010839355917,-0.7000000000000057,1.1000000000000076,-3.789345208442552e-14
146.21225920938795,-10.346082878524971,9.12010839355917,-0.7000000000000056,1.1000000000000083,-3.157787673702127e-14
146.21165063502391,-10.336035908459937,9.12010839355917,-0.7000000000000056,1.1000000000000083,-3.368306851948935e-14
146.2110431120209,-10.32598898440174,9.120108393559168,-0.7000000000000054,1.1000000000000083,-3.5788260301957434e-14
146.21043664036603,-10.315942106376568,9.12010839355917,-0.7000000000000055,1.1000000000000079,-3.684085619319148e-14
146.20983122004645,-10.305895274410735,9.120108393559168,-0.7000000000000055,1.1000000000000079,-3.263047262825531e-14
146.2092268510494,-10.29584848853044,9.120108393559168,-0.7000000000000055,1.1000000000000079,-3.684085619319148e-14
