galstreams/tracks/track.st.M92.sollima2020.ecsv
# %ECSV 0.9
# ---
# datatype:
# - {name: ra, unit: deg, datatype: float64}
# - {name: dec, unit: deg, datatype: float64}
# - {name: distance, unit: kpc, datatype: float64}
# - {name: pm_ra_cosdec, unit: mas / yr, datatype: float64}
# - {name: pm_dec, unit: mas / yr, datatype: float64}
# - {name: radial_velocity, unit: km / s, datatype: float64}
# delimiter: ','
# meta: !!omap
# - __serialized_columns__:
#     dec:
#       __class__: astropy.coordinates.angles.Latitude
#       unit: &id001 !astropy.units.Unit {unit: deg}
#       value: !astropy.table.SerializedColumn {name: dec}
#     distance:
#       __class__: astropy.coordinates.distances.Distance
#       unit: !astropy.units.Unit {unit: kpc}
#       value: !astropy.table.SerializedColumn {name: distance}
#     pm_dec:
#       __class__: astropy.units.quantity.Quantity
#       unit: !astropy.units.Unit {unit: mas / yr}
#       value: !astropy.table.SerializedColumn {name: pm_dec}
#     pm_ra_cosdec:
#       __class__: astropy.units.quantity.Quantity
#       unit: !astropy.units.Unit {unit: mas / yr}
#       value: !astropy.table.SerializedColumn {name: pm_ra_cosdec}
#     ra:
#       __class__: astropy.coordinates.angles.Longitude
#       unit: *id001
#       value: !astropy.table.SerializedColumn {name: ra}
#       wrap_angle: !astropy.coordinates.Angle
#         unit: *id001
#         value: 360.0
#     radial_velocity:
#       __class__: astropy.units.quantity.Quantity
#       unit: !astropy.units.Unit {unit: km / s}
#       value: !astropy.table.SerializedColumn {name: radial_velocity}
# schema: astropy-2.0
ra,dec,distance,pm_ra_cosdec,pm_dec,radial_velocity
[from data line 506]
261.8351451320382,42.61473386444066,8.099999999999998,0.0,0.0,0.0
261.8472420524914,42.60892795045189,8.099999999999998,0.0,0.0,0.0
261.8593235581891,42.603084237516356,8.099999999999996,0.0,0.0,0.0
261.87138954855914,42.59720249925963,8.099999999999998,0.0,0.0,0.0
261.88343992357363,42.59128251107737,8.099999999999998,0.0,0.0,0.0
261.895474583798,42.58532405026592,8.099999999999998,0.0,0.0,0.0
261.9074934304418,42.57932689615392,8.099999999999996,0.0,0.0,0.0
261.91949636540954,42.573290830235116,8.099999999999998,0.0,0.0,0.0
261.93148329135204,42.567215636302215,8.099999999999998,0.0,0.0,0.0
261.9434541117184,42.56110110058205,8.1,0.0,0.0,0.0
261.9554087308086,42.554947011871675,8.099999999999998,0.0,0.0,0.0
261.9673470538264,42.54875316167568,8.099999999999998,0.0,0.0,0.0
261.97926898693333,42.54251934434466,8.099999999999998,0.0,0.0,0.0
261.9911744373021,42.536245357214746,8.099999999999996,0.0,0.0,0.0
262.0030633131717,42.52993100074829,8.099999999999996,0.0,0.0,0.0
262.0149355239027,42.52357607867572,8.099999999999996,0.0,0.0,0.0
262.02679098003244,42.51718039813841,8.099999999999998,0.0,0.0,0.0
262.03862959333185,42.51074376983286,8.099999999999998,0.0,0.0,0.0
262.05045127686174,42.504266008155774,8.099999999999998,0.0,0.0,0.0
262.06225594503024,42.49774693135049,8.099999999999998,0.0,0.0,0.0
262.0740435136508,42.49118636165438,8.099999999999998,0.0,0.0,0.0
262.0858139000003,42.4845841254474,8.099999999999998,0.0,0.0,0.0
262.0975670228779,42.47794005340185,8.099999999999998,0.0,0.0,0.0
262.1093028026648,42.471253980633215,8.099999999999996,0.0,0.0,0.0
262.1210211613836,42.46452574685203,8.099999999999998,0.0,0.0,0.0
262.13272202275925,42.45775519651709,8.099999999999998,0.0,0.0,0.0
262.1444053122797,42.45094217898955,8.099999999999998,0.0,0.0,0.0
262.15607095725755,42.44408654868831,8.099999999999998,0.0,0.0,0.0
262.1677188868919,42.437188165246496,8.099999999999998,0.0,0.0,0.0
262.17934903233123,42.43024689366899,8.099999999999996,0.0,0.0,0.0
262.1909613267358,42.42326260449119,8.099999999999998,0.0,0.0,0.0
262.2025557053419,42.416235173938844,8.099999999999998,0.0,0.0,0.0
262.2141321055256,42.40916448408895,8.099999999999996,0.0,0.0,0.0
262.2256904668672,42.40205042303192,8.099999999999998,0.0,0.0,0.0
262.2372307312166,42.39489288503479,8.099999999999998,0.0,0.0,0.0
262.2487528427589,42.38769177070547,8.099999999999998,0.0,0.0,0.0
262.26025674808045,42.38044698715832,8.099999999999998,0.0,0.0,0.0
262.2717423962354,42.37315844818064,8.099999999999998,0.0,0.0,0.0
262.283209738813,42.36582607440045,8.099999999999998,0.0,0.0,0.0
262.29465873000515,42.35844979345529,8.099999999999996,0.0,0.0,0.0
262.3060893266748,42.351029540162166,8.099999999999998,0.0,0.0,0.0
262.3175014884241,42.34356525668869,8.099999999999998,0.0,0.0,0.0
262.3288951776643,42.33605689272525,8.099999999999996,0.0,0.0,0.0
262.34027035968484,42.328504405658315,8.099999999999998,0.0,0.0,0.0
262.35162700272366,42.320907760744966,8.099999999999998,0.0,0.0,0.0
262.3629650780381,42.313266931288375,8.099999999999998,0.0,0.0,0.0
262.3742845599758,42.30558189881463,8.099999999999998,0.0,0.0,0.0
262.3855854260467,42.297852653250445,8.099999999999996,0.0,0.0,0.0
262.3968676569947,42.29007919310219,8.099999999999998,0.0,0.0,0.0
262.4081312368709,42.282261525635946,8.099999999999996,0.0,0.0,0.0
262.4193761531064,42.27439966705869,8.099999999999998,0.0,0.0,0.0
262.43060239658604,42.266493642700596,8.099999999999998,0.0,0.0,0.0
262.4418099617227,42.258543487198565,8.099999999999996,0.0,0.0,0.0
262.45299884653167,42.25054924468069,8.099999999999998,0.0,0.0,0.0
262.4641690527059,42.24251096895199,8.099999999999998,0.0,0.0,0.0
262.4753205856919,42.23442872368125,8.099999999999996,0.0,0.0,0.0
262.4864534547652,42.22630258258892,8.099999999999998,0.0,0.0,0.0
262.4975676731075,42.21813262963619,8.099999999999998,0.0,0.0,0.0
262.5086632578836,42.20991895921516,8.099999999999996,0.0,0.0,0.0
262.5197402303189,42.20166167634018,8.099999999999998,0.0,0.0,0.0
262.53079861577766,42.193360896840204,8.099999999999998,0.0,0.0,0.0
262.5418384438409,42.185016747552424,8.099999999999998,0.0,0.0,0.0
262.5528597483863,42.1766293665169,8.099999999999998,0.0,0.0,0.0
262.56386256766706,42.16819890317231,8.099999999999998,0.0,0.0,0.0
262.57484694439205,42.15972551855299,8.099999999999998,0.0,0.0,0.0
262.58581292580635,42.1512093854868,8.099999999999998,0.0,0.0,0.0
262.59676056377214,42.14265068879446,8.099999999999996,0.0,0.0,0.0
262.6076899148499,42.13404962548967,8.099999999999996,0.0,0.0,0.0
262.6186010403808,42.125406404980644,8.099999999999998,0.0,0.0,0.0
262.62949400656834,42.11672124927254,8.099999999999998,0.0,0.0,0.0
262.64036888456195,42.10799439317111,8.099999999999998,0.0,0.0,0.0
262.6512257505398,42.099226084487555,8.099999999999998,0.0,0.0,0.0
262.66206468579287,42.090416584244316,8.099999999999998,0.0,0.0,0.0
262.672885776809,42.08156616688208,8.099999999999998,0.0,0.0,0.0
262.6836891153578,42.07267512046797,8.1,0.0,0.0,0.0
262.6944747985759,42.063743746904734,8.1,0.0,0.0,0.0
262.7052429290526,42.05477236214114,8.099999999999998,0.0,0.0,0.0
262.71599361491604,42.045761296383446,8.099999999999996,0.0,0.0,0.0
262.72672696991987,42.03671089430801,8.099999999999998,0.0,0.0,0.0
262.7374431135304,42.027621515275,8.099999999999998,0.0,0.0,0.0
262.7481421710143,42.01849353354326,8.099999999999998,0.0,0.0,0.0
262.75882427352656,42.00932733848623,8.1,0.0,0.0,0.0
262.7694895581992,42.00012333480909,8.099999999999998,0.0,0.0,0.0
262.7801381682303,41.9908819427669,8.099999999999998,0.0,0.0,0.0
262.7907702529735,41.98160359838387,8.099999999999996,0.0,0.0,0.0
262.801385968028,41.97228875367397,8.099999999999998,0.0,0.0,0.0
262.81198547532927,41.96293787686225,8.099999999999998,0.0,0.0,0.0
262.8225689432399,41.95355145260765,8.099999999999998,0.0,0.0,0.0
262.83313654664113,41.94412998222675,8.1,0.0,0.0,0.0
262.84368846702483,41.93467398391865,8.099999999999998,0.0,0.0,0.0
262.85422489258605,41.925183992990966,8.099999999999996,0.0,0.0,0.0
262.8647460183158,41.915660562087,8.099999999999998,0.0,0.0,0.0
262.875252046095,41.90610426141395,8.099999999999998,0.0,0.0,0.0
262.88574318478777,41.896515678972264,8.099999999999996,0.0,0.0,0.0
262.8962196503365,41.88689542078611,8.099999999999996,0.0,0.0,0.0
262.90668166585664,41.87724411113495,8.099999999999998,0.0,0.0,0.0
262.91712946173203,41.86756239278626,8.099999999999998,0.0,0.0,0.0
262.9275632757113,41.857850927229286,8.099999999999996,0.0,0.0,0.0
262.937983353004,41.84811039490999,8.099999999999996,0.0,0.0,0.0
262.9483899463779,41.83834149546706,8.099999999999998,0.0,0.0,0.0
262.9587833162566,41.82854494796907,8.099999999999996,0.0,0.0,0.0
262.9691637308174,41.81872149115268,8.099999999999996,0.0,0.0,0.0
262.97953146609024,41.808871883662036,8.099999999999998,0.0,0.0,0.0
262.9898868060567,41.79899690428915,8.099999999999998,0.0,0.0,0.0
263.00023004274993,41.78909735221558,8.099999999999996,0.0,0.0,0.0
263.0105614763546,41.77917404725499,8.099999999999998,0.0,0.0,0.0
263.02088141530817,41.769227830096995,8.099999999999998,0.0,0.0,0.0
263.0311901764019,41.75925956255201,8.099999999999996,0.0,0.0,0.0
263.04148808488304,41.74927012779726,8.099999999999998,0.0,0.0,0.0
263.05177547455764,41.73926043062382,8.099999999999998,0.0,0.0,0.0
263.062052687893,41.72923139768485,8.099999999999998,0.0,0.0,0.0
263.0723200761221,41.71918397774485,8.099999999999998,0.0,0.0,0.0
263.0825779993475,41.70911914193008,8.099999999999996,0.0,0.0,0.0
263.0928268266465,41.69903788398,8.099999999999996,0.0,0.0,0.0
263.1030669361766,41.68894122049987,8.1,0.0,0.0,0.0
263.1132987152816,41.67883019121446,8.099999999999998,0.0,0.0,0.0
263.1235225605986,41.66870585922277,8.099999999999998,0.0,0.0,0.0
263.13373887816516,41.65856931125391,8.099999999999998,0.0,0.0,0.0
263.14394808352796,41.6484216579241,8.099999999999998,0.0,0.0,0.0
263.15415060185063,41.63826403399466,8.099999999999998,0.0,0.0,0.0
263.16434686802427,41.62809759863116,8.099999999999996,0.0,0.0,0.0
263.17453732677666,41.617923535663685,8.099999999999996,0.0,0.0,0.0
263.18472243278376,41.6077430538481,8.1,0.0,0.0,0.0
263.1949026507807,41.59755738712844,8.099999999999998,0.0,0.0,0.0
263.2050784556745,41.58736779490042,8.099999999999998,0.0,0.0,0.0
263.2152503326565,41.577175562276054,8.099999999999998,0.0,0.0,0.0
263.2254187773167,41.56698200034909,8.099999999999998,0.0,0.0,0.0
263.2355842957577,41.556788446462015,8.099999999999996,0.0,0.0,0.0
263.24574740471036,41.54659626447355,8.1,0.0,0.0,0.0
263.2559086316497,41.536406845027784,8.099999999999998,0.0,0.0,0.0
263.2660685149115,41.52622160582393,8.099999999999998,0.0,0.0,0.0
263.27622760381064,41.51604199188741,8.099999999999998,0.0,0.0,0.0
263.28638645875867,41.50586947584193,8.099999999999998,0.0,0.0,0.0
263.29654565138406,41.495705558182635,8.099999999999998,0.0,0.0,0.0
263.306705764652,41.485551767550255,8.099999999999998,0.0,0.0,0.0
263.31686739298544,41.47540966100645,8.099999999999998,0.0,0.0,0.0
263.32703114238734,41.46528082431009,8.1,0.0,0.0,0.0
263.33719763056365,41.455166872194674,8.099999999999996,0.0,0.0,0.0
263.3473674870469,41.44506944864672,8.099999999999998,0.0,0.0,0.0
263.3575413533215,41.4349902271853,8.099999999999998,0.0,0.0,0.0
263.3677198829493,41.424930911142546,8.099999999999998,0.0,0.0,0.0
263.3779037416967,41.41489323394529,8.099999999999998,0.0,0.0,0.0
263.38809360766203,41.404878959397614,8.099999999999998,0.0,0.0,0.0
263.3982901714053,41.39488988196456,8.099999999999996,0.0,0.0,0.0
263.4084941360777,41.38492782705683,8.099999999999996,0.0,0.0,0.0
263.4187062175528,41.374994651316555,8.099999999999996,0.0,0.0,0.0
263.428927144559,41.365092242904,8.099999999999996,0.0,0.0,0.0
263.43915765881286,41.3552225217854,8.099999999999998,0.0,0.0,0.0
263.4493985151538,41.34538744002178,8.099999999999998,0.0,0.0,0.0
263.45965048167966,41.335588982058816,8.099999999999998,0.0,0.0,0.0
263.4699143398842,41.325829165017616,8.099999999999998,0.0,0.0,0.0
263.4801908847951,41.31611003898671,8.099999999999998,0.0,0.0,0.0
263.4904809251137,41.3064336873148,8.099999999999996,0.0,0.0,0.0
263.500785283356,41.29680222690478,8.099999999999996,0.0,0.0,0.0
263.511104795995,41.28721780850852,8.099999999999996,0.0,0.0,0.0
263.52144031360433,41.277682617022826,8.099999999999994,0.0,0.0,0.0
263.5317927010035,41.26819887178623,8.099999999999996,0.0,0.0,0.0
263.54216283740465,41.258768826876945,8.099999999999996,0.0,0.0,0.0
263.5525516165601,41.24939477141169,8.099999999999994,0.0,0.0,0.0
263.5629599469129,41.24007902984549,8.099999999999996,0.0,0.0,0.0
263.5733887517472,41.230823962272545,8.099999999999996,0.0,0.0,0.0
263.58383896934174,41.22163196472791,8.099999999999996,0.0,0.0,0.0
263.59431155312393,41.21250546949035,8.099999999999996,0.0,0.0,0.0
263.6048074718263,41.20344694538596,8.099999999999994,0.0,0.0,0.0
263.6153277096442,41.19445889809284,8.099999999999996,0.0,0.0,0.0
263.6258732663958,41.185543870446686,8.099999999999996,0.0,0.0,0.0
263.6364451576834,41.176704442747386,8.099999999999996,0.0,0.0,0.0
263.64704441505694,41.16794323306647,8.099999999999996,0.0,0.0,0.0
263.6576720861792,41.15926289755548,8.099999999999996,0.0,0.0,0.0
263.66832923499334,41.15066613075541,8.099999999999996,0.0,0.0,0.0
263.6790169418919,41.142155665906884,8.099999999999998,0.0,0.0,0.0
263.68973630388854,41.133734275261375,8.099999999999996,0.0,0.0,0.0
263.70048843479094,41.12540477039323,8.099999999999994,0.0,0.0,0.0
263.7112744653774,41.11717000251272,8.099999999999994,0.0,0.0,0.0
263.7220955435737,41.109032862779884,8.099999999999996,0.0,0.0,0.0
263.73295283463403,41.10099628261922,8.099999999999996,0.0,0.0,0.0
263.7438475213231,41.09306323403542,8.099999999999996,0.0,0.0,0.0
263.7547808041013,41.08523672992981,8.099999999999996,0.0,0.0,0.0
263.765753901312,41.07751982441771,8.099999999999996,0.0,0.0,0.0
263.77676804937147,41.069915613146705,8.099999999999994,0.0,0.0,0.0
263.7878245029613,41.06242723361566,8.099999999999996,0.0,0.0,0.0
263.7989245352237,41.055057865494646,8.099999999999998,0.0,0.0,0.0
263.8100694379593,41.047810730945656,8.099999999999996,0.0,0.0,0.0
263.82126052182804,41.04068909494418,8.099999999999996,0.0,0.0,0.0
263.8324991165523,41.03369626560155,8.099999999999994,0.0,0.0,0.0
263.8437865711238,41.02683559448812,8.099999999999996,0.0,0.0,0.0
263.85512425401305,41.0201104769572,8.099999999999994,0.0,0.0,0.0
263.8665135533817,41.01352435246982,8.099999999999996,0.0,0.0,0.0
263.8779558772986,41.00708070492024,8.099999999999994,0.0,0.0,0.0
263.8894526539587,41.00078306296217,8.099999999999994,0.0,0.0,0.0
263.9010053319054,40.994635000335876,8.099999999999996,0.0,0.0,0.0
263.91261538025674,40.98864013619586,8.099999999999996,0.0,0.0,0.0
263.92428428893396,40.98280213543943,8.099999999999996,0.0,0.0,0.0
263.9360135688953,40.977124709035834,8.099999999999996,0.0,0.0,0.0
263.94780475237184,40.97161161435623,8.099999999999996,0.0,0.0,0.0
263.95965939310867,40.96626665550423,8.099999999999996,0.0,0.0,0.0
263.9715790666084,40.961093683647235,8.099999999999996,0.0,0.0,0.0
263.9835653703804,40.95609659734838,8.099999999999996,0.0,0.0,0.0
263.99561992419234,40.9512793428991,8.099999999999994,0.0,0.0,0.0
264.0077443703274,40.946645914652436,8.099999999999996,0.0,0.0,0.0
264.01994037384486,40.942200355356825,8.099999999999996,0.0,0.0,0.0
264.03220962284576,40.93794675649067,8.099999999999996,0.0,0.0,0.0
264.0445538287426,40.933889258597326,8.099999999999996,0.0,0.0,0.0
264.056974726534,40.93003205162084,8.099999999999996,0.0,0.0,0.0
264.069474075084,40.92637937524212,8.099999999999994,0.0,0.0,0.0
264.0820536574062,40.92293551921574,8.099999999999994,0.0,0.0,0.0
264.0947152809536,40.9197048237072,8.099999999999994,0.0,0.0,0.0
264.10746077791237,40.91669167963085,8.099999999999994,0.0,0.0,0.0
264.12029200550205,40.91390052898806,8.099999999999993,0.0,0.0,0.0
264.1332108462807,40.911335865206155,8.099999999999993,0.0,0.0,0.0
264.14621920845576,40.9090022334776,8.099999999999994,0.0,0.0,0.0
264.1593190262003,40.90690423109975,8.099999999999994,0.0,0.0,0.0
264.1725122599761,40.905046507814916,8.099999999999993,0.0,0.0,0.0
264.18580089686134,40.90343376615099,8.099999999999994,0.0,0.0,0.0
264.199186950886,40.90207076176224,8.099999999999993,0.0,0.0,0.0
264.21267246337237,40.9009623037707,8.099999999999993,0.0,0.0,0.0
264.2262595032831,40.90011325510767,8.099999999999993,0.0,0.0,0.0
264.23995016757516,40.89952853285577,8.099999999999993,0.0,0.0,0.0
264.25374658156113,40.89921310859105,8.099999999999993,0.0,0.0,0.0
264.2676508992777,40.89917200872556,8.099999999999994,0.0,0.0,0.0
264.2816653038609,40.899410314849995,8.099999999999993,0.0,0.0,0.0
264.2957920079293,40.89993316407681,8.099999999999994,0.0,0.0,0.0
264.31003325397444,40.90074574938317,8.099999999999996,0.0,0.0,0.0
264.3243913147595,40.901853319954434,8.099999999999994,0.0,0.0,0.0
264.3388684937262,40.90326118152749,8.099999999999994,0.0,0.0,0.0
264.353467125409,40.90497469673445,8.099999999999993,0.0,0.0,0.0
264.36818957585905,40.90699928544616,8.099999999999993,0.0,0.0,0.0
264.3830382430762,40.90934042511602,8.099999999999994,0.0,0.0,0.0
264.39801555745004,40.9120036511236,8.099999999999994,0.0,0.0,0.0
264.4131239822105,40.914994557118455,8.099999999999993,0.0,0.0,0.0
264.4283660138874,40.91831879536371,8.09999999999999,0.0,0.0,0.0
264.4437441827804,40.921982077079676,8.09999999999999,0.0,0.0,0.0
264.4592610534383,40.92599017278736,8.09999999999999,0.0,0.0,0.0
264.47491922514916,40.93034891265172,8.099999999999993,0.0,0.0,0.0
264.4907213324406,40.93506418682492,8.099999999999993,0.0,0.0,0.0
264.50667004559125,40.94014194578908,8.09999999999999,0.0,0.0,0.0
264.5227680711532,40.94558820069911,8.099999999999993,0.0,0.0,0.0
264.539018152486,40.951409023724985,8.099999999999993,0.0,0.0,0.0
264.5554230703021,40.957610548393696,8.099999999999993,0.0,0.0,0.0
264.5719856432252,40.96419896993097,8.099999999999993,0.0,0.0,0.0
264.58870872836025,40.97118054560241,8.099999999999993,0.0,0.0,0.0
264.6055952218767,40.97856159505419,8.09999999999999,0.0,0.0,0.0
