galstreams/tracks/track.st.Alpheus.grillmair2013.ecsv
# %ECSV 0.9
# ---
# datatype:
# - {name: ra, unit: deg, datatype: float64}
# - {name: dec, unit: deg, datatype: float64}
# - {name: distance, unit: kpc, datatype: float64}
# - {name: pm_ra_cosdec, unit: mas / yr, datatype: float64}
# - {name: pm_dec, unit: mas / yr, datatype: float64}
# - {name: radial_velocity, unit: km / s, datatype: float64}
# delimiter: ','
# meta: !!omap
# - __serialized_columns__:
#     dec:
#       __class__: astropy.coordinates.angles.Latitude
#       unit: &id001 !astropy.units.Unit {unit: deg}
#       value: !astropy.table.SerializedColumn {name: dec}
#     distance:
#       __class__: astropy.coordinates.distances.Distance
#       unit: !astropy.units.Unit {unit: kpc}
#       value: !astropy.table.SerializedColumn {name: distance}
#     pm_dec:
#       __class__: astropy.units.quantity.Quantity
#       unit: !astropy.units.Unit {unit: mas / yr}
#       value: !astropy.table.SerializedColumn {name: pm_dec}
#     pm_ra_cosdec:
#       __class__: astropy.units.quantity.Quantity
#       unit: !astropy.units.Unit {unit: mas / yr}
#       value: !astropy.table.SerializedColumn {name: pm_ra_cosdec}
#     ra:
#       __class__: astropy.coordinates.angles.Longitude
#       unit: *id001
#       value: !astropy.table.SerializedColumn {name: ra}
#       wrap_angle: !astropy.coordinates.Angle
#         unit: *id001
#         value: 360.0
#     radial_velocity:
#       __class__: astropy.units.quantity.Quantity
#       unit: !astropy.units.Unit {unit: km / s}
#       value: !astropy.table.SerializedColumn {name: radial_velocity}
# schema: astropy-2.0
ra,dec,distance,pm_ra_cosdec,pm_dec,radial_velocity
21.580100101512052,-68.99998008374233,1.6000089280546421,0.0,0.0,0.0
21.617441835553926,-68.87873186076881,1.6020286076210584,0.0,0.0,0.0
21.654710852629716,-68.75749829885466,1.604048098375222,0.0,0.0,0.0
21.69190730116399,-68.63627923050882,1.6060674017107535,0.0,0.0,0.0
21.729031326777477,-68.51507448917184,1.608086519021273,0.0,0.0,0.0
21.766083072357233,-68.39388390921614,1.6101054517004014,0.0,0.0,0.0
21.80306267812456,-68.27270732594603,1.6121242011417594,0.0,0.0,0.0
21.839970281700467,-68.1515445755979,1.614142768738968,0.0,0.0,0.0
21.87680601816919,-68.03039549533999,1.616161155885647,0.0,0.0,0.0
21.913570020139428,-67.90925992327244,1.6181793639754174,0.0,0.0,0.0
21.950262417803465,-67.78813769842736,1.6201973944019008,0.0,0.0,0.0
21.98688333899462,-67.66702866076838,1.6222152485587158,0.0,0.0,0.0
22.023432909242597,-67.54593265119068,1.6242329278394847,0.0,0.0,0.0
22.059911251827078,-67.42484951152066,1.6262504336378283,0.0,0.0,0.0
22.0963184878295,-67.3037790845159,1.628267767347366,0.0,0.0,0.0
22.132654736183433,-67.18272121386444,1.630284930361719,0.0,0.0,0.0
22.168920113723015,-67.06167574418474,1.6323019240745085,0.0,0.0,0.0
22.205114735229937,-66.94064252102531,1.6343187498793539,0.0,0.0,0.0
22.241238713479103,-66.81962139086397,1.636335409169877,0.0,0.0,0.0
22.27729215928262,-66.69861220110762,1.6383519033396974,0.0,0.0,0.0
22.31327518153252,-66.5776148000916,1.6403682337824372,0.0,0.0,0.0
22.34918788724204,-66.45662903707925,1.6423844018917155,0.0,0.0,0.0
22.385030381585775,-66.33565476226116,1.644400409061154,0.0,0.0,0.0
22.420802767938483,-66.21469182675445,1.6464162566843725,0.0,0.0,0.0
22.456505147912587,-66.09374008260241,1.6484319461549923,0.0,0.0,0.0
22.49213762139474,-65.97279938277336,1.6504474788666341,0.0,0.0,0.0
22.527700286581137,-65.85186958116016,1.6524628562129178,0.0,0.0,0.0
22.56319324001174,-65.73095053257916,1.654478079587465,0.0,0.0,0.0
22.598616576603412,-65.6100420927697,1.6564931503838947,0.0,0.0,0.0
22.63397038968229,-65.4891441183928,1.6585080699958301,0.0,0.0,0.0
22.669254771014884,-65.36825646703042,1.6605228398168896,0.0,0.0,0.0
22.704469810838347,-65.2473789971846,1.6625374612406945,0.0,0.0,0.0
22.73961559788997,-65.12651156827621,1.6645519356608658,0.0,0.0,0.0
22.774692219435575,-65.00565404064399,1.6665662644710242,0.0,0.0,0.0
22.809699761297257,-64.88480627554347,1.6685804490647898,0.0,0.0,0.0
22.844638307880086,-64.76396813514593,1.6705944908357837,0.0,0.0,0.0
22.879507942198295,-64.64313948253701,1.672608391177626,0.0,0.0,0.0
22.914308745900488,-64.52232018171557,1.674622151483938,0.0,0.0,0.0
22.949040799294128,-64.4015100975927,1.6766357731483394,0.0,0.0,0.0
22.983704181369433,-64.28070909599,1.6786492575644518,0.0,0.0,0.0
23.018298969822446,-64.15991704363859,1.6806626061258954,0.0,0.0,0.0
23.05282524107752,-64.03913380817748,1.6826758202262908,0.0,0.0,0.0
23.087283070309013,-63.91835925815256,1.6846889012592592,0.0,0.0,0.0
23.121672531462597,-63.797593263014726,1.6867018506184206,0.0,0.0,0.0
23.155993697275726,-63.676835693118576,1.6887146696973956,0.0,0.0,0.0
23.190246639297563,-63.55608641972113,1.6907273598898054,0.0,0.0,0.0
23.224431427908502,-63.43534531497986,1.69273992258927,0.0,0.0,0.0
23.258548132338884,-63.31461225195142,1.6947523591894103,0.0,0.0,0.0
23.292596820687365,-63.193887104589855,1.6967646710838473,0.0,0.0,0.0
23.3265775599386,-63.07316974774514,1.6987768596662014,0.0,0.0,0.0
23.360490415980642,-62.952460057161254,1.7007889263300924,0.0,0.0,0.0
23.394335453621682,-62.83175790947457,1.7028008724691424,0.0,0.0,0.0
23.42811273660623,-62.71106318221218,1.7048126994769712,0.0,0.0,0.0
23.46182232763116,-62.590375753789914,1.706824408747199,0.0,0.0,0.0
23.495464288360996,-62.46969550351063,1.7088360016734483,0.0,0.0,0.0
23.52903867944287,-62.34902231156223,1.7108474796493374,0.0,0.0,0.0
23.562545560521077,-62.22835605901609,1.7128588440684882,0.0,0.0,0.0
23.595984990251235,-62.10769662782465,1.7148700963245207,0.0,0.0,0.0
23.629357026314036,-61.98704390081972,1.7168812378110563,0.0,0.0,0.0
23.662661725428475,-61.86639776171058,1.7188922699217155,0.0,0.0,0.0
23.69589914336502,-61.745758095081676,1.7209031940501185,0.0,0.0,0.0
23.729069334958044,-61.625124786390685,1.7229140115898864,0.0,0.0,0.0
23.762172354118242,-61.50449772196644,1.7249247239346392,0.0,0.0,0.0
23.79520825384437,-61.38387678900682,1.7269353324779981,0.0,0.0,0.0
23.828177086235005,-61.26326187557649,1.7289458386135836,0.0,0.0,0.0
23.8610789024997,-61.14265287060473,1.730956243735016,0.0,0.0,0.0
23.89391375296998,-61.022049663883166,1.7329665492359168,0.0,0.0,0.0
23.926681687109895,-60.90145214606379,1.7349767565099063,0.0,0.0,0.0
23.95938275352648,-60.78086020865622,1.7369868669506043,0.0,0.0,0.0
23.99201699997973,-60.66027374402561,1.7389968819516326,0.0,0.0,0.0
24.024584473392345,-60.539692645390474,1.7410068029066106,0.0,0.0,0.0
24.057085219859314,-60.41911680681994,1.7430166312091597,0.0,0.0,0.0
24.08951928465706,-60.29854612323154,1.745026368252901,0.0,0.0,0.0
24.121886712252465,-60.1779804903887,1.7470360154314544,0.0,0.0,0.0
24.154187546311505,-60.05741980489841,1.7490455741384408,0.0,0.0,0.0
24.186421829707808,-59.9368639642085,1.7510550457674807,0.0,0.0,0.0
24.21858960453085,-59.81631286660515,1.7530644317121948,0.0,0.0,0.0
24.250690912093905,-59.695766411210556,1.755073733366204,0.0,0.0,0.0
24.2827257929419,-59.575224497979995,1.7570829521231282,0.0,0.0,0.0
24.314694286858884,-59.454687027699414,1.759092089376589,0.0,0.0,0.0
24.346596432875415,-59.334153901982646,1.7611011465202067,0.0,0.0,0.0
24.378432269275613,-59.213625023269,1.7631101249476013,0.0,0.0,0.0
24.410201833604162,-59.09310029482019,1.7651190260523941,0.0,0.0,0.0
24.441905162672988,-58.97257962071772,1.7671278512282056,0.0,0.0,0.0
24.473542292567704,-58.852062905860386,1.7691366018686567,0.0,0.0,0.0
24.505113258654095,-58.73155005596104,1.7711452793673679,0.0,0.0,0.0
24.536618095584156,-58.61104097754408,1.7731538851179591,0.0,0.0,0.0
24.56805683730209,-58.49053557794244,1.775162420514052,0.0,0.0,0.0
24.599429517050066,-58.37003376529491,1.7771708869492666,0.0,0.0,0.0
24.630736167373893,-58.249535448543,1.7791792858172237,0.0,0.0,0.0
24.66197682012847,-58.12904053742809,1.7811876185115443,0.0,0.0,0.0
24.69315150648297,-58.008548942488645,1.7831958864258481,0.0,0.0,0.0
24.724260256926122,-57.88806057505696,1.7852040909537565,0.0,0.0,0.0
24.75530310127107,-57.76757534725633,1.7872122334888902,0.0,0.0,0.0
24.786280068660254,-57.647093171997895,1.7892203154248696,0.0,0.0,0.0
24.817191187570003,-57.52661396297783,1.7912283381553147,0.0,0.0,0.0
24.848036485815175,-57.40613763467393,1.7932363030738478,0.0,0.0,0.0
24.878815990553466,-57.28566410234269,1.7952442115740879,0.0,0.0,0.0
24.909529728289634,-57.16519328201624,1.7972520650496562,0.0,0.0,0.0
24.94017772487969,-57.044725090498986,1.7992598648941736,0.0,0.0,0.0
24.970760005534824,-56.92425944536452,1.80126761250126,0.0,0.0,0.0
25.001276594825242,-56.8037962649525,1.8032753092645377,0.0,0.0,0.0
25.031727516683954,-56.683335468365314,1.8052829565776256,0.0,0.0,0.0
25.062112794410275,-56.562876975464846,1.8072905558341446,0.0,0.0,0.0
25.092432450673403,-56.44242070686922,1.8092981084277164,0.0,0.0,0.0
25.122686507515724,-56.3219665839495,1.8113056157519603,0.0,0.0,0.0
25.152874986356057,-56.20151452882633,1.8133130792004974,0.0,0.0,0.0
25.182997907992824,-56.08106446436665,1.8153205001669488,0.0,0.0,0.0
25.213055292607034,-55.960616314180264,1.8173278800449353,0.0,0.0,0.0
25.243047159765215,-55.84017000261648,1.8193352202280764,0.0,0.0,0.0
25.272973528422206,-55.71972545476072,1.8213425221099937,0.0,0.0,0.0
25.3028344169239,-55.59928259643107,1.8233497870843076,0.0,0.0,0.0
25.3326298430098,-55.478841354174726,1.8253570165446382,0.0,0.0,0.0
25.36235982381556,-55.35840165526472,1.8273642118846072,0.0,0.0,0.0
25.39202437587537,-55.237963427696236,1.8293713744978346,0.0,0.0,0.0
25.421623515124274,-55.117526600183176,1.831378505777941,0.0,0.0,0.0
25.451157256900398,-54.99709110215461,1.833385607118547,0.0,0.0,0.0
25.48062561594707,-54.8766568637512,1.8353926799132736,0.0,0.0,0.0
25.510028606414863,-54.756223815821635,1.8373997255557406,0.0,0.0,0.0
25.539366241863537,-54.63579188991903,1.83940674543957,0.0,0.0,0.0
25.568638535263904,-54.51536101829724,1.841413740958381,0.0,0.0,0.0
25.59784549899962,-54.39493113390737,1.8434207135057954,0.0,0.0,0.0
25.6269871448689,-54.27450217039394,1.8454276644754335,0.0,0.0,0.0
25.656063484086072,-54.154074062091325,1.8474345952609152,0.0,0.0,0.0
25.685074527283188,-54.03364674402,1.8494415072558623,0.0,0.0,0.0
25.714020284511435,-53.91322015188286,1.8514484018538946,0.0,0.0,0.0
25.74290076524256,-53.792794222061445,1.853455280448633,0.0,0.0,0.0
25.771715978370143,-53.672368891612216,1.855462144433698,0.0,0.0,0.0
25.800465932210844,-53.551944098262766,1.8574689952027108,0.0,0.0,0.0
25.82915063450559,-53.43151978040805,1.8594758341492912,0.0,0.0,0.0
25.857770092420644,-53.311095877106546,1.8614826626670604,0.0,0.0,0.0
25.886324312548616,-53.19067232807647,1.863489482149639,0.0,0.0,0.0
25.91481330090947,-53.07024907369188,1.8654962939906472,0.0,0.0,0.0
25.943237062951365,-52.94982605497891,1.8675030995837065,0.0,0.0,0.0
25.971595603551513,-52.82940321361176,1.8695099003224367,0.0,0.0,0.0
25.999888927016897,-52.70898049190893,1.871516697600459,0.0,0.0,0.0
26.02811703708502,-52.588557832829245,1.8735234928113935,0.0,0.0,0.0
26.056279936924508,-52.46813517996795,1.8755302873488608,0.0,0.0,0.0
26.084377629135663,-52.347712477552754,1.8775370826064828,0.0,0.0,0.0
26.11241011575104,-52.227289670439895,1.8795438799778783,0.0,0.0,0.0
26.14037739823584,-52.10686670411013,1.8815506808566689,0.0,0.0,0.0
26.168279477488323,-51.98644352466484,1.883557486636476,0.0,0.0,0.0
26.196116353840182,-51.866020078821904,1.8855642987109187,0.0,0.0,0.0
26.22388802705677,-51.74559631391179,1.8875711184736184,0.0,0.0,0.0
26.25159449633737,-51.62517217787342,1.889577947318196,0.0,0.0,0.0
26.279235760315345,-51.50474761925025,1.8915847866382713,0.0,0.0,0.0
26.306811817058293,-51.384322587186084,1.8935916378274658,0.0,0.0,0.0
26.334322664068065,-51.26389703142112,1.8955985022794,0.0,0.0,0.0
26.361768298280833,-51.14347090228778,1.8976053813876939,0.0,0.0,0.0
26.389148716067023,-51.023044150706625,1.8996122765459689,0.0,0.0,0.0
26.416463913231237,-50.90261672818224,1.901619189147845,0.0,0.0,0.0
26.443713885012155,-50.78218858679916,1.9036261205869431,0.0,0.0,0.0
26.470898626082278,-50.661759679217674,1.9056330722568844,0.0,0.0,0.0
26.498018130547788,-50.54132995866965,1.9076400455512883,0.0,0.0,0.0
26.52507239194821,-50.42089937895448,1.909647041863777,0.0,0.0,0.0
26.552061403256126,-50.300467894434796,1.9116540625879699,0.0,0.0,0.0
26.57898515687678,-50.18003546003232,1.913661109117488,0.0,0.0,0.0
26.6058436446477,-50.05960203122368,1.915668182845952,0.0,0.0,0.0
26.63263685783821,-49.93916756403618,1.9176752851669823,0.0,0.0,0.0
26.659364787148945,-49.81873201504359,1.9196824174742002,0.0,0.0,0.0
26.686027422711316,-49.69829534136188,1.9216895811612256,0.0,0.0,0.0
26.712624754086924,-49.57785750064506,1.9236967776216791,0.0,0.0,0.0
26.739156770266916,-49.4574184510808,1.925704008249182,0.0,0.0,0.0
26.76562345967132,-49.33697815138628,1.9277112744373548,0.0,0.0,0.0
26.792024810148398,-49.21653656080385,1.929718577579818,0.0,0.0,0.0
26.818360808973804,-49.096093639096786,1.9317259190701916,0.0,0.0,0.0
26.844631442849852,-48.97564934654495,1.9337333003020971,0.0,0.0,0.0
26.870836697904704,-48.855203643940506,1.9357407226691554,0.0,0.0,0.0
26.896976559691463,-48.73475649258364,1.9377481875649858,0.0,0.0,0.0
26.923051013187305,-48.61430785427819,1.93975569638321,0.0,0.0,0.0
26.94906004279253,-48.49385769132735,1.941763250517448,0.0,0.0,0.0
26.97500363232958,-48.37340596652929,1.9437708513613214,0.0,0.0,0.0
27.00088176504205,-48.25295264317286,1.94577850030845,0.0,0.0,0.0
27.026694423593582,-48.13249768503319,1.9477861987524545,0.0,0.0,0.0
27.05244159006688,-48.01204105636736,1.949793948086956,0.0,0.0,0.0
27.078123245962498,-47.891582721909984,1.9518017497055744,0.0,0.0,0.0
27.103739372197722,-47.77112264686889,1.9538096050019313,0.0,0.0,0.0
27.129289949105402,-47.65066079692069,1.9558175153696467,0.0,0.0,0.0
27.15477495643273,-47.530197138206404,1.9578254822023415,0.0,0.0,0.0
27.18019437333991,-47.40973163732704,1.9598335068936357,0.0,0.0,0.0
27.205548178399013,-47.28926426133925,1.961841590837151,0.0,0.0,0.0
27.230836349592508,-47.16879497775081,1.9638497354265072,0.0,0.0,0.0
27.256058864312013,-47.04832375451629,1.965857942055325,0.0,0.0,0.0
27.281215699356874,-46.92785056003261,1.9678662121172255,0.0,0.0,0.0
27.30630683093273,-46.807375363134575,1.969874547005829,0.0,0.0,0.0
27.3313322346501,-46.68689813309048,1.9718829481147564,0.0,0.0,0.0
27.356291885522907,-46.56641883959765,1.9738914168376278,0.0,0.0,0.0
27.381185757966943,-46.445937452778,1.9758999545680649,0.0,0.0,0.0
27.40601382579834,-46.32545394317355,1.9779085626996868,0.0,0.0,0.0
27.430776062232002,-46.20496828174201,1.9799172426261153,0.0,0.0,0.0
27.455472439880033,-46.08448043985233,1.981925995740971,0.0,0.0,0.0
27.480102930750057,-45.963990389280184,1.9839348234378735,0.0,0.0,0.0
27.504667506243617,-45.84349810220355,1.985943727110445,0.0,0.0,0.0
27.52916613715444,-45.72300355119817,1.987952708152305,0.0,0.0,0.0
27.55359879366678,-45.60250670923318,1.9899617679570742,0.0,0.0,0.0
27.5779654453536,-45.48200754966654,1.991970907918374,0.0,0.0,0.0
27.602266061174873,-45.36150604624057,1.9939801294298247,0.0,0.0,0.0
27.626500609475773,-45.24100217307752,1.995989433885046,0.0,0.0,0.0
27.650669057984786,-45.12049590467498,1.99799882267766,0.0,0.0,0.0
27.674771373811943,-44.999987215901506,2.000008297201286,0.0,0.0,0.0
