galstreams/tracks/track.st.Sagittarius.antoja2020.ecsv
# %ECSV 0.9
# ---
# datatype:
# - {name: ra, unit: deg, datatype: float64}
# - {name: dec, unit: deg, datatype: float64}
# - {name: distance, unit: kpc, datatype: float64}
# - {name: pm_ra_cosdec, unit: mas / yr, datatype: float64}
# - {name: pm_dec, unit: mas / yr, datatype: float64}
# - {name: radial_velocity, unit: km / s, datatype: float64}
# delimiter: ','
# meta: !!omap
# - __serialized_columns__:
#     dec:
#       __class__: astropy.coordinates.angles.Latitude
#       unit: &id001 !astropy.units.Unit {unit: deg}
#       value: !astropy.table.SerializedColumn {name: dec}
#     distance:
#       __class__: astropy.coordinates.distances.Distance
#       unit: !astropy.units.Unit {unit: kpc}
#       value: !astropy.table.SerializedColumn {name: distance}
#     pm_dec:
#       __class__: astropy.units.quantity.Quantity
#       unit: !astropy.units.Unit {unit: mas / yr}
#       value: !astropy.table.SerializedColumn {name: pm_dec}
#     pm_ra_cosdec:
#       __class__: astropy.units.quantity.Quantity
#       unit: !astropy.units.Unit {unit: mas / yr}
#       value: !astropy.table.SerializedColumn {name: pm_ra_cosdec}
#     ra:
#       __class__: astropy.coordinates.angles.Longitude
#       unit: *id001
#       value: !astropy.table.SerializedColumn {name: ra}
#       wrap_angle: !astropy.coordinates.Angle
#         unit: *id001
#         value: 360.0
#     radial_velocity:
#       __class__: astropy.units.quantity.Quantity
#       unit: !astropy.units.Unit {unit: km / s}
#       value: !astropy.table.SerializedColumn {name: radial_velocity}
# schema: astropy-2.0
ra,dec,distance,pm_ra_cosdec,pm_dec,radial_velocity
[from data line 27869]
151.22349863455463,27.549870766754754,19.001667031221864,-1.3085127091372344,-2.127170399496769,-3.368306851948935e-14
151.2125343948237,27.55221843246194,19.003144405097007,-1.3086206440385664,-2.1267182413570946,-1.6841534259744676e-14
151.2015696863936,27.55456523768922,19.004645554865395,-1.3087289318027133,-2.1262634267199862,-1.6841534259744676e-14
151.19060450936922,27.556911182313893,19.006170531075767,-1.3088375735448794,-2.1258059506241294,0.0
151.17963886385573,27.559256266213247,19.007719384352043,-1.3089465703826593,-2.1253458081014913,-3.368306851948935e-14
151.16867274995823,27.561600489264624,19.00929216538722,-1.3090559234362522,-2.124882994178032,-1.6841534259744676e-14
151.15770616778207,27.56394385134537,19.010888924946517,-1.3091656338284192,-2.124417503873211,-1.6841534259744676e-14
151.1467391174326,27.566286352332884,19.012509713866272,-1.3092757026843629,-2.123949332200042,-3.368306851948935e-14
151.13577159901516,27.568627992104595,19.014154583057195,-1.309386131131911,-2.123478474165282,0.0
151.12480361263547,27.57096877053792,19.01582358349911,-1.3094969203014757,-2.1230049247693463,-3.368306851948935e-14
151.1138351583991,27.57330868751034,19.01751676624765,-1.3096080713258786,-2.1225286790060633,0.0
151.10286623641176,27.575647742899378,19.019234182427226,-1.3097195853406451,-2.122049731863006,0.0
151.0918968467793,27.57798593658255,19.020975883237192,-1.3098314634837893,-2.1215680783213164,-3.368306851948935e-14
151.08092698960755,27.580323268437425,19.022741919947567,-1.3099437068958883,-2.121083713355786,-1.6841534259744676e-14
151.06995666500254,27.58265973834159,19.024532343900777,-1.310056316720162,-2.1205966319347165,-1.6841534259744676e-14
151.05898587307024,27.584995346172686,19.026347206512582,-1.3101692941022878,-2.1201068290200795,1.6841534259744676e-14
151.04801461391708,27.58733009180833,19.02818655927275,-1.3102826401906391,-2.119614299567324,-5.0524602779234026e-14
151.03704288764914,27.589663975126204,19.030050453740184,-1.3103963561360745,-2.1191190385254797,-3.368306851948935e-14
151.02607069437278,27.591996996004028,19.031938941549285,-1.310510443092088,-2.1186210408372963,-3.368306851948935e-14
151.01509803419444,27.594329154319528,19.03385207440625,-1.3106249022147254,-2.1181203014388923,-1.6841534259744676e-14
151.00412490722067,27.596660449950466,19.035789904090663,-1.310739734662714,-2.1176168152599986,-1.6841534259744676e-14
150.99315131355803,27.59899088277467,19.03775248245492,-1.3108549415973119,-2.1171105772239738,-3.368306851948935e-14
150.9821772533133,27.601320452669906,19.03973986142442,-1.3109705241823535,-2.116601582247556,0.0
150.97120272659325,27.60364915951407,19.041752092997328,-1.3110864835843878,-2.1160898252411924,0.0
150.96022773350475,27.605977003185018,19.043789229245785,-1.3112028209724194,-2.1155753011089042,0.0
150.9492522741548,27.60830398356069,19.045851322314203,-1.311319537518198,-2.1150580047478527,-5.0524602779234026e-14
150.9382763486504,27.61063010051898,19.04793842442112,-1.3114366343960582,-2.114537931049198,0.0
150.92729995709874,27.61295535393791,19.0500505878586,-1.3115541127829142,-2.1140150748973445,-5.0524602779234026e-14
150.91632309960698,27.615279743695446,19.052187864990877,-1.311671973858403,-2.11348943117024,0.0
150.9053457762826,27.617603269669623,19.054350308257384,-1.3117902188046933,-2.112960994739341,-3.368306851948935e-14
150.89436798723293,27.619925931738482,19.056537970170897,-1.3119088488066342,-2.1124297604696776,-3.368306851948935e-14
150.88338973256546,27.622247729780135,19.058750903316845,-1.3120278650517148,-2.1118957232196585,0.0
150.87241101238783,27.62456866367269,19.06098916035583,-1.3121472687300944,-2.1113588778412673,-1.6841534259744676e-14
150.8614318268077,27.62688873329428,19.063252794021277,-1.3122670610344918,-2.110819219179834,-1.6841534259744676e-14
150.85045217593282,27.629207938523088,19.065541857119413,-1.3123872431604413,-2.1102767420743964,1.6841534259744676e-14
150.839472059871,27.631526279237338,19.067856402534705,-1.3125078163059514,-2.1097314413571464,0.0
150.8284914787304,27.63384375531522,19.070196483221597,-1.3126287816717834,-2.1091833118539767,1.6841534259744676e-14
150.81751043261892,27.636160366635025,19.0725621522101,-1.3127501404613966,-2.1086323483841185,0.0
150.80652892164468,27.63847611307503,19.074953462604302,-1.31287189388089,-2.108078545760371,-1.6841534259744676e-14
150.79554694591593,27.64079099451357,19.077370467581822,-1.3129940431389917,-2.10752189878882,0.0
150.78456450554097,27.643105010828993,19.079813220397302,-1.3131165894471317,-2.106962402269034,0.0
150.7735816006282,27.645418161899666,19.082281774377655,-1.3132395340194722,-2.1064000509941048,-1.6841534259744676e-14
150.76259823128603,27.647730447604033,19.0847761829243,-1.3133628780728448,-2.1058348397504685,-3.368306851948935e-14
150.75161439762317,27.6500418678205,19.08729649951305,-1.3134866228267235,-2.105266763317947,-1.6841534259744676e-14
150.74063009974827,27.652352422427533,19.089842777696273,-1.3136107695033428,-2.104695816469906,-1.6841534259744676e-14
150.72964533777,27.654662111303654,19.092415071099765,-1.3137353193275256,-2.1041219939729285,-3.368306851948935e-14
150.71866011179725,27.656970934327376,19.095013433423304,-1.313860273526987,-2.1035452905871765,-1.6841534259744676e-14
150.70767442193892,27.659278891377273,19.097637918444505,-1.3139856333319857,-2.1029657010661253,0.0
150.6966882683041,27.66158598233191,19.100288580011817,-1.3141113999755387,-2.1023832201566184,0.0
150.68570165100175,27.66389220706994,19.102965472052094,-1.3142375746934531,-2.1017978425989514,-3.368306851948935e-14
150.67471457014125,27.66619756546997,19.105668648565548,-1.3143641587241397,-2.1012095631266163,-1.6841534259744676e-14
150.6637270258318,27.66850205741069,19.10839816362868,-1.3144911533088428,-2.100618376466846,1.6841534259744676e-14
150.65273901818284,27.670805682770816,19.111154071393564,-1.3146185596914213,-2.1000242773397773,-1.6841534259744676e-14
150.64175054730373,27.673108441429076,19.113936426085377,-1.3147463791185843,-2.099427260459255,0.0
150.63076161330412,27.675410333264235,19.116745282007294,-1.3148746128397348,-2.098827320532429,0.0
150.6197722162936,27.677711358155104,19.119580693536186,-1.315003262106992,-2.0982244522595415,0.0
150.6087823563819,27.680011515980496,19.122442715126002,-1.3151323281752438,-2.0976186503344776,-1.6841534259744676e-14
150.5977920336789,27.682310806619263,19.125331401305143,-1.3152618123021658,-2.097009909444311,0.0
150.58680124829448,27.684609229950297,19.128246806678014,-1.3153917157481179,-2.096398224269521,0.0
150.57581000033863,27.686906785852518,19.13118898592551,-1.3155220397762848,-2.0957835894837062,-3.368306851948935e-14
150.56481828992148,27.689203474204852,19.134157993804344,-1.315652785652547,-2.0951659997541,-3.368306851948935e-14
150.55382611715314,27.691499294886302,19.137153885145995,-1.3157839546456673,-2.0945454497410014,-1.6841534259744676e-14
150.54283348214392,27.693794247775852,19.140176714858793,-1.315915548027044,-2.0939219340981055,-3.368306851948935e-14
150.53184038500413,27.69608833275256,19.14322653792823,-1.3160475670709741,-2.0932954474724452,-1.6841534259744676e-14
150.52084682584433,27.69838154969547,19.14630340941301,-1.3161800130544719,-2.0926659845041824,0.0
150.50985280477497,27.700673898483668,19.149407384451493,-1.3163128872573437,-2.092033539827071,3.368306851948935e-14
150.4988583219067,27.702965378996304,19.152538518256396,-1.3164461909621985,-2.091398108067756,-1.6841534259744676e-14
150.4878633773502,27.705255991112534,19.155696866117438,-1.31657992545443,-2.0907596838464233,-5.0524602779234026e-14
150.4768679712163,27.707545734711527,19.15888248340132,-1.3167140920222444,-2.090118261776587,-1.6841534259744676e-14
150.4658721036159,27.7098346096725,19.162095425549698,-1.3168486919566817,-2.089473836464703,0.0
150.45487577465994,27.712122615874726,19.16533574808271,-1.3169837265514788,-2.0888264025107626,-1.6841534259744676e-14
150.4438789844596,27.71440975319745,19.16860350659651,-1.3171191971033354,-2.088175954507932,-5.0524602779234026e-14
150.4328817331259,27.71669602151998,19.17189875676297,-1.3172551049117291,-2.0875224870426754,-3.368306851948935e-14
150.42188402077014,27.71898142072167,19.175221554333273,-1.3173914512788052,-2.086865994694531,0.0
150.4108858475037,27.721265950681868,19.178571955133293,-1.3175282375097261,-2.0862064720363978,-1.6841534259744676e-14
150.39988721343795,27.72354961127999,19.181950015067567,-1.3176654649124422,-2.085543913634403,0.0
150.3888881186844,27.725832402395454,19.185355790114563,-1.3178031347976964,-2.084878314047893,-1.6841534259744676e-14
150.3778885633547,27.72811432390771,19.188789336334928,-1.3179412484790511,-2.08420966782932,0.0
150.36688854756054,27.73039537569626,19.19225070986328,-1.3180798072730489,-2.083537969524542,-1.6841534259744676e-14
150.3558880714137,27.732675557640608,19.19573996691241,-1.3182188124988725,-2.082863213672384,1.6841534259744676e-14
150.34488713502603,27.73495486962031,19.199257163770582,-1.3183582654787243,-2.082185394805124,1.6841534259744676e-14
150.33388573850948,27.73723331151495,19.202802356807656,-1.3184981675375902,-2.0815045074479714,0.0
150.3228838819761,27.73951088320412,19.206375602468295,-1.3186385200033761,-2.0808205461194844,1.6841534259744676e-14
150.31188156553802,27.741787584567497,19.20997695727474,-1.318779324206772,-2.080133505331326,-1.6841534259744676e-14
150.30087878930752,27.744063415484703,19.21360647782722,-1.318920581481397,-2.0794433795885143,3.368306851948935e-14
150.28987555339694,27.746338375835464,19.21726422080418,-1.319062293163751,-2.0787501633889485,-3.368306851948935e-14
150.27887185791857,27.74861246549951,19.22095024296226,-1.3192044605931494,-2.078053851223765,-5.0524602779234026e-14
150.267867702985,27.750885684356593,19.22466460113551,-1.3193470851118796,-2.077354437577528,-1.6841534259744676e-14
150.25686308870877,27.75315803228652,19.228407352235536,-1.3194901680650475,-2.076651916927518,-3.368306851948935e-14
150.24585801520257,27.755429509169108,19.232178553253444,-1.319633710800717,-2.075946283744426,-6.73661370389787e-14
150.2348524825791,27.757700114884212,19.235978261256143,-1.319777714669774,-2.0752375324920984,-3.368306851948935e-14
150.2238464909513,27.7599698493117,19.239806533392034,-1.319922181026065,-2.0745256576274094,-3.368306851948935e-14
150.21284004043207,27.762238712331502,19.24366342688452,-1.3200671112263094,-2.073810653600299,-5.0524602779234026e-14
150.20183313113444,27.764506703823553,19.247548999038735,-1.3202125066302144,-2.0730925148540944,1.6841534259744676e-14
150.19082576317155,27.766773823667837,19.251463307236364,-1.3203583686002256,-2.0723712358248347,-1.6841534259744676e-14
150.17981793665658,27.76904007174436,19.25540640893599,-1.3205046985019422,-2.071646810942024,-3.368306851948935e-14
150.1688096517028,27.771305447933155,19.25937836167951,-1.3206514977037196,-2.070919234628083,-1.6841534259744676e-14
150.15780090842358,27.773569952114308,19.263379223083387,-1.320798767576917,-2.0701885012985075,-5.0524602779234026e-14
150.1467917069325,27.775833584167884,19.267409050844577,-1.3209465094957311,-2.0694546053618854,-3.368306851948935e-14
150.13578204734304,27.778096343974035,19.27146790273867,-1.3210947248374953,-2.068717541220126,-6.73661370389787e-14
150.12477192976883,27.78035823141291,19.27555583661953,-1.3212434149822652,-2.0679773032678463,-1.6841534259744676e-14
150.1137613543237,27.782619246364703,19.279672910422576,-1.3213925813131846,-2.067233885892963,-1.6841534259744676e-14
150.10275032112142,27.784879388709637,19.283819182158815,-1.321542225216306,-2.0664872834764463,1.6841534259744676e-14
150.09173883027592,27.78713865832797,19.287994709920426,-1.3216923480806315,-2.0657374903921855,-5.0524602779234026e-14
150.0807268819011,27.789397055099986,19.292199551879882,-1.3218429512982013,-2.064984501007289,-1.6841534259744676e-14
150.06971447611124,27.79165457890598,19.29643376628639,-1.3219940362638527,-2.0642283096818144,-1.6841534259744676e-14
150.05870161302045,27.79391122962631,19.30069741147076,-1.3221456043755062,-2.0634689107687314,-3.368306851948935e-14
150.04768829274298,27.796167007141353,19.304990545841576,-1.3222976570341223,-2.062706298614362,-3.368306851948935e-14
150.0366745153932,27.79842191133152,19.30931322788883,-1.322450195643498,-2.0619404675577235,-3.368306851948935e-14
150.02566028108555,27.800675942077238,19.31366551618148,-1.3226032216105348,-2.0611714119310687,-3.368306851948935e-14
150.01464558993462,27.80292909925898,19.31804746936737,-1.3227567363450352,-2.0603991260596124,-1.6841534259744676e-14
150.0036304420549,27.80518138275726,19.322459146174452,-1.3229107412598533,-2.0596236042615335,-3.368306851948935e-14
149.9926148375613,27.807432792452587,19.3269006054122,-1.3230652377708179,-2.0588448408479745,-1.6841534259744676e-14
149.98159877656852,27.809683328225532,19.331371905967547,-1.3232202272967188,-2.058062830123199,0.0
149.97058225919147,27.811932989956684,19.33587310681077,-1.3233757112594766,-2.0572775663843674,1.6841534259744676e-14
149.95956528554518,27.814181777526674,19.340404266987644,-1.3235316910838952,-2.056489043921632,-1.6841534259744676e-14
149.94854785574466,27.81642969081615,19.34496544562881,-1.323688168197867,-2.0556972570181307,-5.0524602779234026e-14
149.93752996990509,27.81867672970581,19.34955670194359,-1.3238451440322991,-2.05490219995005,0.0
149.9265116281416,27.82092289407638,19.354178095218487,-1.3240026200210382,-2.054103866986326,-3.368306851948935e-14
149.91549283056978,27.823168183808573,19.35882968482605,-1.324160597601128,-2.053302252389059,1.6841534259744676e-14
149.9044735773049,27.82541259878319,19.363511530215856,-1.3243190782124856,-2.0524973504132156,-1.6841534259744676e-14
149.89345386846256,27.82765613888104,19.36822369091869,-1.3244780632981739,-2.051689155306724,-1.6841534259744676e-14
149.88243370415827,27.829898803982964,19.3729662265467,-1.3246375543042648,-2.0508776613104645,-3.368306851948935e-14
149.8714130845078,27.832140593969843,19.377739196790646,-1.324797552679864,-2.050062862658187,-3.368306851948935e-14
149.86039200962688,27.83438150872257,19.382542661426232,-1.3249580598771107,-2.049244753576703,1.6841534259744676e-14
149.84937047963138,27.836621548122096,19.387376680305287,-1.3251190773513177,-2.0484233282855517,-1.6841534259744676e-14
149.83834849463736,27.838860712049385,19.392241313365272,-1.3252806065607532,-2.0475985809973216,-3.368306851948935e-14
149.82732605476076,27.84109900038542,19.397136620620348,-1.325442648966731,-2.0467705059174635,-5.0524602779234026e-14
149.81630316011774,27.843336413011247,19.402062662170447,-1.3256052060337353,-2.0459390972443012,0.0
149.8052798108246,27.845572949807917,19.407019498191183,-1.325768279229298,-2.045104349169169,-1.6841534259744676e-14
149.79425600699756,27.84780861065654,19.412007188945378,-1.3259318700239824,-2.0442662558762494,0.0
