galstreams/tracks/track.st.M5.ibata2021.ecsv
# %ECSV 1.0
# ---
# datatype:
# - {name: ra, unit: deg, datatype: float64}
# - {name: dec, unit: deg, datatype: float64}
# - {name: distance, unit: kpc, datatype: float64}
# - {name: pm_ra_cosdec, unit: mas / yr, datatype: float64}
# - {name: pm_dec, unit: mas / yr, datatype: float64}
# - {name: radial_velocity, unit: km / s, datatype: float64}
# delimiter: ','
# meta: !!omap
# - __serialized_columns__:
#     dec:
#       __class__: astropy.coordinates.angles.Latitude
#       unit: &id001 !astropy.units.Unit {unit: deg}
#       value: !astropy.table.SerializedColumn {name: dec}
#     distance:
#       __class__: astropy.coordinates.distances.Distance
#       unit: !astropy.units.Unit {unit: kpc}
#       value: !astropy.table.SerializedColumn {name: distance}
#     pm_dec:
#       __class__: astropy.units.quantity.Quantity
#       unit: !astropy.units.Unit {unit: mas / yr}
#       value: !astropy.table.SerializedColumn {name: pm_dec}
#     pm_ra_cosdec:
#       __class__: astropy.units.quantity.Quantity
#       unit: !astropy.units.Unit {unit: mas / yr}
#       value: !astropy.table.SerializedColumn {name: pm_ra_cosdec}
#     ra:
#       __class__: astropy.coordinates.angles.Longitude
#       unit: *id001
#       value: !astropy.table.SerializedColumn {name: ra}
#       wrap_angle: !astropy.coordinates.Angle
#         unit: *id001
#         value: 360.0
#     radial_velocity:
#       __class__: astropy.units.quantity.Quantity
#       unit: !astropy.units.Unit {unit: km / s}
#       value: !astropy.table.SerializedColumn {name: radial_velocity}
# schema: astropy-2.0
ra,dec,distance,pm_ra_cosdec,pm_dec,radial_velocity
[from data line 714]
202.96621019701135,15.28252369119973,7.571466967528455,2.6919589654739875,-8.640349306360891,351.1575986163454
202.9761421847901,15.279360738418438,7.571719427875173,2.6881587305363133,-8.640519439533662,355.8718334965309
202.9860756738791,15.276201871175317,7.571960178364368,2.684334324701477,-8.640695680553925,360.6121403685256
202.99601067265206,15.273047108884375,7.572189168726422,2.6804856788166465,-8.640878066996935,365.3785895090157
203.0059471894858,15.269896470958285,7.572406348691712,2.676612723722066,-8.641066636425474,370.17125119468767
203.01588523276013,15.26674997680838,7.5726116679906195,2.672715390251059,-8.641261426389852,374.990195702228
203.0258248108581,15.263607645844655,7.572805076353529,2.668793609230012,-8.641462474427888,379.83549330832284
203.03576593216573,15.26046949747575,7.572986523510818,2.664847311478403,-8.641669818064925,384.70721428965885
203.04570860507235,15.257335551108993,7.573155959192868,2.6608764278087484,-8.64188349481381,389.60542892292284
203.05565283797023,15.254205826150345,7.573313333130061,2.656880889026672,-8.642103542174883,394.53020748480014
203.0655986392548,15.251080342004444,7.573458595052778,2.6528606259308534,-8.642329997635992,399.48162025197803
203.07554601732465,15.24795911807457,7.573591694691398,2.6488155693130535,-8.642562898672459,404.4597375011424
203.08549498058142,15.244842173762683,7.573712581776305,2.644745649958093,-8.642802282747109,409.46462950897995
203.0954455374299,15.241729528469387,7.573821206037877,2.640650798643885,-8.64304818731022,414.496366552177
203.10539769627798,15.238621201593949,7.573917517206495,2.6365309461413853,-8.643300649799563,419.5550189074202
203.11535146553666,15.23551721253431,7.574001465012542,2.6323860232146545,-8.643559707640357,424.6406568513953
203.12530685362006,15.232417580687038,7.574072999186401,2.6282159606208104,-8.643825398245287,429.75335066078947
203.13526386894546,15.229322325447397,7.5741320694584475,2.6240206891100293,-8.644097759014494,434.89317061228894
203.14522251993318,15.22623146620928,7.574178625559065,2.619800139425582,-8.644376827335563,440.06018698257964
203.1551828150067,15.223145022365257,7.574212617218635,2.6155542423038067,-8.644662640583508,445.2544700483485
203.1651447625926,15.220063013306552,7.574233994167538,2.611282928474096,-8.64495523612079,450.4760900862817
203.17510837112064,15.216985458423048,7.574242706136156,2.60698612865892,-8.645254651297295,455.72511737306564
203.1850736490236,15.213912377103282,7.574238702854866,2.602663773573835,-8.645560923450326,461.00162218538674
203.19504060473744,15.210843788734463,7.574221934054052,2.598315793927447,-8.645874089904598,466.3056747999319
203.20500924670128,15.207779712702445,7.574192349464097,2.5939421204214375,-8.64619418797224,471.63734549338636
203.21497958335723,15.20472016839173,7.574149898815379,2.589542683750559,-8.646521254952773,476.9967045424376
203.22495162315067,15.201665175185527,7.574094531838281,2.585117414602629,-8.64685532813313,482.38382222377146
203.23492537453,15.198614752465637,7.574026198263178,2.5806662436585395,-8.647196444787614,487.7987688140747
203.24490084594686,15.195568919612576,7.573944847820459,2.576189101592238,-8.647544642177913,493.2416145900336
203.25487804585586,15.192527696005477,7.573850430240501,2.5716859190707444,-8.647899957553093,498.7124298283345
203.26485698271486,15.189491101022162,7.573742895253685,2.5671566267541452,-8.64826242814959,504.2112848056635
203.27483766498474,15.186459154039088,7.573622192590393,2.5626011552956047,-8.648632091191196,509.7382497987077
203.2848201011296,15.183431874431383,7.573488271981006,2.558019435341331,-8.649008983889058,515.2933950841531
203.2948042996167,15.180409281572832,7.573341083155904,2.553411397530591,-8.64939314344167,520.8767909386862
203.30479026891626,15.177391394835873,7.573180575845467,2.5487769724957454,-8.64978460703487,526.4885076389932
203.3147780175018,15.174378233591606,7.573006699780079,2.5441160908621905,-8.650183411841823,532.1286154617608
203.32476755384988,15.171369817209781,7.572819404690116,2.5394286832483965,-8.650589595023032,537.7971846836751
203.33475888644023,15.168366165058814,7.572618640305964,2.5347146802658944,-8.651003193726293,543.4942855814228
203.34475202375566,15.165367296505778,7.572404356358002,2.529974012519263,-8.651424245086751,549.2199884316902
203.35474697428222,15.162373230916394,7.572176502576612,2.5252066106061566,-8.651852786226826,554.9743635111641
203.364743746509,15.159383987655042,7.571935028692172,2.52041240511727,-8.652288854256248,560.7574810965302
203.37474234892824,15.156399586084774,7.571679884435066,2.5155913266363745,-8.65273248627204,566.5694114644751
203.38474279003532,15.153420045567277,7.571411019535674,2.510743305740288,-8.653183719358495,572.4102248916851
203.39474507832878,15.150445385462913,7.5711283837243775,2.5058682729988737,-8.653642590587197,578.2799916548471
203.4047492223103,15.14747562513069,7.570831926731556,2.5009661589750687,-8.654109137016992,584.1787820306473
203.41475523048467,15.144510783928279,7.570521598287592,2.4960368942248543,-8.65458339569399,590.1066662957718
203.4247631113598,15.141550881211998,7.570197348122863,2.4910804092972603,-8.65506540365155,596.0637147269074
203.4347728734468,15.138595936336827,7.5698591259677555,2.486096634734361,-8.655555197910271,602.0499976007402
203.44478452525993,15.1356459686564,7.569506881552646,2.481085501071295,-8.656052815478011,608.065585193957
203.45479807531652,15.132700997523015,7.569140564607917,2.47604693883625,-8.656558293349844,614.1105477832439
203.46481353213707,15.129761042287619,7.5687601248639504,2.4709808785504492,-8.657071668508069,620.1849556452869
203.47483090424527,15.126826122299805,7.568365512051126,2.4658872507281684,-8.657592977922198,626.2888790567735
203.4848502001679,15.123896256907841,7.567956675899825,2.460765985876738,-8.658122258548959,632.4223882943891
203.49487142843492,15.120971465458636,7.567533566140428,2.455617014496501,-8.658659547332277,638.5855536348205
203.50489459757947,15.118051767297759,7.567096132503317,2.4504402670808725,-8.659204881203264,644.7784453547547
203.51491971613774,15.11513718176944,7.56664432471887,2.4452356741163106,-8.65975829708023,651.0011337308769
203.52494679264916,15.112227728216553,7.566178092517471,2.44000316608229,-8.660319831868652,657.2536890398743
203.5349758356563,15.109323425980628,7.565697385629502,2.4347426734513267,-8.660889522461169,663.5361815584331
203.54500685370482,15.10642429440186,7.565202153785341,2.429454126689011,-8.661467405737593,669.8486815632393
203.55503985534364,15.103530352819087,7.56469234671537,2.4241374562539173,-8.662053518564882,676.1912593309797
203.56507484912473,15.100641620569803,7.5641679141499685,2.4187925925976703,-8.66264789779715,682.5639851383413
203.57511184360328,15.097758116990166,7.563628805819521,2.413419466164953,-8.663250580275632,688.9669292620098
203.58515084733762,15.094879861414977,7.563074971454406,2.408018007393455,-8.663861602828696,695.4001619786713
203.59519186888923,15.092006873177697,7.5625063607850045,2.4025881467138968,-8.664481002271838,701.8637535650132
203.60523491682275,15.089139171610435,7.561922923541699,2.3971298145500146,-8.665108815407661,708.357774297721
203.61527999970605,15.086276776043963,7.561324609454868,2.391642941318607,-8.665745079025871,714.8822944534819
203.62532712611002,15.083419705807692,7.560711368254893,2.3861274574294615,-8.666389829903268,721.4373843089814
203.63537630460883,15.080567980229695,7.560083149672157,2.3805832932854107,-8.667043104803739,728.0231141409066
203.64542754377982,15.077721618636701,7.559439903437039,2.375010379282294,-8.66770494047826,734.6395542259438
203.65548085220343,15.074880640354088,7.55878157927992,2.36940864580897,-8.668375373664858,741.286774840779
203.66553623846323,15.072045064705884,7.558108126931183,2.3637780232473373,-8.66905444108864,747.9648462620997
203.67559371114615,15.06921491101477,7.557419496121205,2.3581184419722714,-8.669742179461755,754.6738387665906
203.68565327884207,15.066390198602083,7.556715636580373,2.3524298323517083,-8.6704386254834,761.4138226309395
203.6957149501442,15.06357094678781,7.555996498039062,2.3467121247465386,-8.671143815839805,768.184868131832
203.70577873364883,15.060757174890593,7.555262030227654,2.3409652495107185,-8.67185778720424,774.9870455459549
203.71584463795543,15.05794890222772,7.554512182876533,2.3351891369911897,-8.672580576236975,781.8204251499943
203.72591267166672,15.055146148115128,7.553746905716079,2.3293837175278806,-8.673312219585295,788.6850772206371
203.7359828433885,15.052348931867414,7.5529661484766715,2.323548921453769,-8.67405275388349,795.5810720345695
203.74605516172986,15.049557272797829,7.552169860888693,2.3176846790947767,-8.674802215752848,802.5084798684776
203.75612963530295,15.046771190218259,7.5513579926825205,2.3117909207698784,-8.675560641801628,809.4673709990478
203.7662062727232,15.043990703439249,7.55053049358854,2.3058675767910213,-8.676328068625065,816.4578157029677
203.77628508260912,15.041215831770007,7.549687313337131,2.299914577463154,-8.67710453280536,823.4798842569217
203.7863660735825,15.038446594518367,7.548828401658674,2.2939318530842137,-8.677890070911676,830.5336469375982
203.7964492542683,15.035683010990834,7.547953708283549,2.287919333945135,-8.678684719500113,837.619174021681
