galstreams/tracks/track.st.Alpheus.grillmair2013.ecsv
# %ECSV 1.0
# ---
# datatype:
# - {name: ra, unit: deg, datatype: float64}
# - {name: dec, unit: deg, datatype: float64}
# - {name: distance, unit: kpc, datatype: float64}
# - {name: pm_ra_cosdec, unit: mas / yr, datatype: float64}
# - {name: pm_dec, unit: mas / yr, datatype: float64}
# - {name: radial_velocity, unit: km / s, datatype: float64}
# delimiter: ','
# meta: !!omap
# - __serialized_columns__:
#     dec:
#       __class__: astropy.coordinates.angles.Latitude
#       unit: &id001 !astropy.units.Unit {unit: deg}
#       value: !astropy.table.SerializedColumn {name: dec}
#     distance:
#       __class__: astropy.coordinates.distances.Distance
#       unit: !astropy.units.Unit {unit: kpc}
#       value: !astropy.table.SerializedColumn {name: distance}
#     pm_dec:
#       __class__: astropy.units.quantity.Quantity
#       unit: !astropy.units.Unit {unit: mas / yr}
#       value: !astropy.table.SerializedColumn {name: pm_dec}
#     pm_ra_cosdec:
#       __class__: astropy.units.quantity.Quantity
#       unit: !astropy.units.Unit {unit: mas / yr}
#       value: !astropy.table.SerializedColumn {name: pm_ra_cosdec}
#     ra:
#       __class__: astropy.coordinates.angles.Longitude
#       unit: *id001
#       value: !astropy.table.SerializedColumn {name: ra}
#       wrap_angle: !astropy.coordinates.Angle
#         unit: *id001
#         value: 360.0
#     radial_velocity:
#       __class__: astropy.units.quantity.Quantity
#       unit: !astropy.units.Unit {unit: km / s}
#       value: !astropy.table.SerializedColumn {name: radial_velocity}
# schema: astropy-2.0
ra,dec,distance,pm_ra_cosdec,pm_dec,radial_velocity
[from data line 470]
22.97209049632509,-64.3212081386011,1.6779742269425038,0.0,0.0,0.0
22.974940930795825,-64.311270548925,1.6781398647262744,0.0,0.0,0.0
22.977790900921164,-64.30133302004084,1.67830550158825,0.0,0.0,0.0
22.980640406744133,-64.2913955518747,1.6784711375292054,0.0,0.0,0.0
22.983489448307743,-64.28145814435246,1.6786367725499172,0.0,0.0,0.0
22.986338025654906,-64.27152079740023,1.678802406651161,0.0,0.0,0.0
22.9891861388285,-64.26158351094408,1.6789680398337126,0.0,0.0,0.0
22.99203378787137,-64.25164628491002,1.6791336720983483,0.0,0.0,0.0
22.994880972826238,-64.24170911922437,1.6792993034458437,0.0,0.0,0.0
22.99772769373584,-64.23177201381318,1.6794649338769738,0.0,0.0,0.0
23.00057395064277,-64.22183496860282,1.6796305633925164,0.0,0.0,0.0
23.003419743589653,-64.21189798351952,1.679796191993246,0.0,0.0,0.0
23.006265072619023,-64.20196105848953,1.6799618196799384,0.0,0.0,0.0
23.009109937773303,-64.19202419343934,1.6801274464533704,0.0,0.0,0.0
23.011954339094956,-64.18208738829524,1.680293072314317,0.0,0.0,0.0
23.014798276626287,-64.17215064298381,1.6804586972635542,0.0,0.0,0.0
23.01764175040962,-64.16221395743145,1.680624321301859,0.0,0.0,0.0
23.020484760487218,-64.15227733156466,1.680789944430006,0.0,0.0,0.0
23.02332730690121,-64.14234076531011,1.6809555666487714,0.0,0.0,0.0
23.026169389693752,-64.13240425859438,1.6811211879589312,0.0,0.0,0.0
23.029011008906927,-64.12246781134405,1.6812868083612615,0.0,0.0,0.0
23.031852164582705,-64.11253142348595,1.681452427856538,0.0,0.0,0.0
23.034692856763087,-64.10259509494668,1.681618046445536,0.0,0.0,0.0
23.037533085489923,-64.09265882565316,1.681783664129032,0.0,0.0,0.0
23.04037285080507,-64.08272261553213,1.6819492809078023,0.0,0.0,0.0
23.043212152750343,-64.07278646451043,1.6821148967826216,0.0,0.0,0.0
23.046050991367416,-64.06285037251506,1.682280511754267,0.0,0.0,0.0
23.048889366698003,-64.05291433947284,1.6824461258235133,0.0,0.0,0.0
23.05172727878369,-64.0429783653109,1.682611738991138,0.0,0.0,0.0
23.054564727666044,-64.03304244995618,1.682777351257915,0.0,0.0,0.0
23.05740171338658,-64.02310659333571,1.6829429626246213,0.0,0.0,0.0
23.060238235986716,-64.01317079537674,1.6831085730920328,0.0,0.0,0.0
23.063074295507867,-64.00323505600628,1.6832741826609245,0.0,0.0,0.0
23.06590989199134,-63.99329937515164,1.6834397913320736,0.0,0.0,0.0
23.068745025478428,-63.98336375274001,1.6836053991062556,0.0,0.0,0.0
23.071579696010364,-63.97342818869861,1.6837710059842452,0.0,0.0,0.0
23.07441390362828,-63.96349268295489,1.6839366119668195,0.0,0.0,0.0
23.07724764837333,-63.953557235436065,1.6841022170547542,0.0,0.0,0.0
23.080080930286506,-63.943621846069675,1.6842678212488253,0.0,0.0,0.0
23.082913749408863,-63.93368651478309,1.6844334245498078,0.0,0.0,0.0
23.085746105781325,-63.92375124150377,1.684599026958479,0.0,0.0,0.0
23.088577999444762,-63.91381602615932,1.684764628475614,0.0,0.0,0.0
23.09140943044004,-63.90388086867721,1.6849302291019879,0.0,0.0,0.0
23.09424039880789,-63.893945768985155,1.685095828838378,0.0,0.0,0.0
23.097070904589067,-63.884010727010754,1.6852614276855595,0.0,0.0,0.0
23.099900947824242,-63.874075742681654,1.685427025644308,0.0,0.0,0.0
23.102730528553987,-63.86414081592569,1.6855926227154001,0.0,0.0,0.0
23.105559646818914,-63.85420594667052,1.685758218899611,0.0,0.0,0.0
23.108388302659467,-63.8442711348441,1.685923814197717,0.0,0.0,0.0
23.111216496116118,-63.8343363803742,1.6860894086104936,0.0,0.0,0.0
23.114044227229282,-63.82440168318866,1.6862550021387173,0.0,0.0,0.0
23.116871496039252,-63.814467043215565,1.6864205947831636,0.0,0.0,0.0
23.119698302586325,-63.80453246038283,1.6865861865446088,0.0,0.0,0.0
23.122524646910755,-63.794597934618395,1.6867517774238279,0.0,0.0,0.0
23.125350529052678,-63.78466346585046,1.6869173674215971,0.0,0.0,0.0
23.128175949052245,-63.774729054007025,1.6870829565386933,0.0,0.0,0.0
23.131000906949488,-63.76479469901634,1.687248544775891,0.0,0.0,0.0
23.133825402784424,-63.75486040080654,1.6874141321339664,0.0,0.0,0.0
23.136649436597043,-63.744926159305784,1.687579718613696,0.0,0.0,0.0
23.139473008427203,-63.73499197444247,1.687745304215855,0.0,0.0,0.0
23.142296118314793,-63.72505784614481,1.6879108889412195,0.0,0.0,0.0
23.14511876629956,-63.71512377434125,1.688076472790566,0.0,0.0,0.0
23.147940952421266,-63.70518975896013,1.6882420557646698,0.0,0.0,0.0
23.15076267671963,-63.69525579992983,1.6884076378643063,0.0,0.0,0.0
23.153583939234224,-63.68532189717895,1.6885732190902525,0.0,0.0,0.0
23.15640474000468,-63.675388050635895,1.6887387994432834,0.0,0.0,0.0
23.15922507907048,-63.66545426022933,1.688904378924175,0.0,0.0,0.0
23.162044956471114,-63.6555205258878,1.6890699575337038,0.0,0.0,0.0
23.16486437224603,-63.645586847539896,1.689235535272645,0.0,0.0,0.0
23.16768332643454,-63.63565322511442,1.6894011121417747,0.0,0.0,0.0
23.17050181907599,-63.62571965853996,1.689566688141869,0.0,0.0,0.0
23.173319850209626,-63.61578614774543,1.6897322632737033,0.0,0.0,0.0
23.176137419874642,-63.60585269265955,1.6898978375380538,0.0,0.0,0.0
23.17895452811023,-63.59591929321113,1.6900634109356965,0.0,0.0,0.0
23.18177117495544,-63.58598594932918,1.690228983467407,0.0,0.0,0.0
23.184587360449363,-63.576052660942494,1.6903945551339619,0.0,0.0,0.0
23.187403084630944,-63.56611942798017,1.6905601259361358,0.0,0.0,0.0
23.19021834753916,-63.55618625037118,1.6907256958747054,0.0,0.0,0.0
23.193033149212894,-63.546253128044484,1.6908912649504468,0.0,0.0,0.0
23.19584748969097,-63.53632006092932,1.6910568331641351,0.0,0.0,0.0
23.198661369012168,-63.52638704895476,1.6912224005165473,0.0,0.0,0.0
23.201474787215254,-63.516454092049926,1.6913879670084582,0.0,0.0,0.0
23.204287744338842,-63.50652119014416,1.6915535326406441,0.0,0.0,0.0
23.207100240421624,-63.4965883431666,1.6917190974138812,0.0,0.0,0.0
23.20991227550211,-63.48665555104666,1.6918846613289449,0.0,0.0,0.0
23.21272384961885,-63.47672281371363,1.692050224386611,0.0,0.0,0.0
23.215534962810345,-63.46679013109684,1.6922157865876564,0.0,0.0,0.0
23.218345615114956,-63.456857503125796,1.6923813479328549,0.0,0.0,0.0
23.221155806571083,-63.44692492972991,1.6925469084229847,0.0,0.0,0.0
23.22396553721701,-63.43699241083876,1.6927124680588206,0.0,0.0,0.0
23.226774807091015,-63.42705994638185,1.6928780268411383,0.0,0.0,0.0
23.229583616231324,-63.4171275362887,1.693043584770714,0.0,0.0,0.0
23.232391964676044,-63.40719518048909,1.6932091418483235,0.0,0.0,0.0
23.235199852463342,-63.397262878912535,1.6933746980747428,0.0,0.0,0.0
23.238007279631212,-63.38733063148888,1.693540253450748,0.0,0.0,0.0
23.240814246217685,-63.377398438147836,1.6937058079771141,0.0,0.0,0.0
23.243620752260735,-63.36746629881911,1.6938713616546182,0.0,0.0,0.0
23.246426797798204,-63.357534213432686,1.6940369144840355,0.0,0.0,0.0
23.249232382867994,-63.34760218191829,1.6942024664661415,0.0,0.0,0.0
23.25203750750786,-63.33767020420598,1.6943680176017124,0.0,0.0,0.0
23.254842171755563,-63.32773828022566,1.6945335678915245,0.0,0.0,0.0
23.257646375648818,-63.31780640990726,1.6946991173363535,0.0,0.0,0.0
23.260450119225226,-63.30787459318095,1.694864665936975,0.0,0.0,0.0
23.263253402522416,-63.29794282997667,1.695030213694165,0.0,0.0,0.0
23.266056225577895,-63.288011120224695,1.6951957606086996,0.0,0.0,0.0
23.26885858842917,-63.27807946385509,1.6953613066813542,0.0,0.0,0.0
23.271660491113703,-63.26814786079805,1.6955268519129052,0.0,0.0,0.0
23.274461933668828,-63.25821631098389,1.6956923963041288,0.0,0.0,0.0
23.27726291613195,-63.248284814342824,1.6958579398558,0.0,0.0,0.0
23.280063438540285,-63.23835337080527,1.6960234825686948,0.0,0.0,0.0
23.282863500931107,-63.22842198030155,1.6961890244435893,0.0,0.0,0.0
23.28566310334162,-63.218490642762006,1.6963545654812597,0.0,0.0,0.0
23.288462245808912,-63.2085593581172,1.6965201056824815,0.0,0.0,0.0
23.2912609283701,-63.19862812629759,1.6966856450480305,0.0,0.0,0.0
23.294059151062225,-63.188696947233645,1.6968511835786828,0.0,0.0,0.0
23.29685691392224,-63.17876582085604,1.6970167212752143,0.0,0.0,0.0
23.299654216987115,-63.168834747095296,1.697182258138401,0.0,0.0,0.0
23.302451060293695,-63.15890372588216,1.6973477941690183,0.0,0.0,0.0
23.305247443878837,-63.148972757147284,1.6975133293678428,0.0,0.0,0.0
23.308043367779344,-63.13904184082135,1.69767886373565,0.0,0.0,0.0
23.3108388320319,-63.12911097683523,1.6978443972732153,0.0,0.0,0.0
23.313633836673244,-63.11918016511967,1.6980099299813154,0.0,0.0,0.0
23.31642838173996,-63.10924940560562,1.6981754618607257,0.0,0.0,0.0
23.31922246726866,-63.09931869822392,1.698340992912222,0.0,0.0,0.0
23.32201609329589,-63.08938804290547,1.6985065231365806,0.0,0.0,0.0
23.324809259858096,-63.079457439581354,1.698672052534577,0.0,0.0,0.0
23.327601966991768,-63.069526888182494,1.6988375811069876,0.0,0.0,0.0
23.33039421473323,-63.05959638864006,1.6990031088545876,0.0,0.0,0.0
23.33318600311885,-63.049665940885106,1.6991686357781535,0.0,0.0,0.0
23.335977332184942,-63.03973554484872,1.6993341618784608,0.0,0.0,0.0
23.3387682019677,-63.0298052004622,1.6994996871562853,0.0,0.0,0.0
23.34155861250334,-63.019874907656664,1.6996652116124034,0.0,0.0,0.0
23.34434856382798,-63.00994466636349,1.6998307352475903,0.0,0.0,0.0
23.347138055977712,-63.000014476513954,1.6999962580626227,0.0,0.0,0.0
23.349927088988622,-62.99008433803932,1.7001617800582756,0.0,0.0,0.0
23.352715662896635,-62.98015425087111,1.7003273012353255,0.0,0.0,0.0
23.355503777737752,-62.970224214940636,1.7004928215945478,0.0,0.0,0.0
23.358291433547826,-62.960294230179485,1.7006583411367189,0.0,0.0,0.0
23.361078630362723,-62.950364296519126,1.7008238598626146,0.0,0.0,0.0
23.363865368218253,-62.94043441389104,1.7009893777730103,0.0,0.0,0.0
23.36665164715012,-62.93050458222696,1.7011548948686823,0.0,0.0,0.0
23.36943746719406,-62.92057480145844,1.701320411150407,0.0,0.0,0.0
23.37222282838573,-62.91064507151712,1.7014859266189593,0.0,0.0,0.0
23.3750077307607,-62.90071539233481,1.701651441275115,0.0,0.0,0.0
23.377792174354568,-62.89078576384319,1.7018169551196511,0.0,0.0,0.0
23.38057615920279,-62.880856185974125,1.7019824681533424,0.0,0.0,0.0
23.383359685340846,-62.87092665865946,1.7021479803769652,0.0,0.0,0.0
23.386142752804172,-62.86099718183097,1.7023134917912957,0.0,0.0,0.0
23.388925361628083,-62.851067755420694,1.7024790023971095,0.0,0.0,0.0
23.39170751184793,-62.8411383793605,1.702644512195182,0.0,0.0,0.0
23.39448920349894,-62.831209053582505,1.7028100211862898,0.0,0.0,0.0
23.397270436616353,-62.82127977801869,1.7029755293712088,0.0,0.0,0.0
23.400051211235347,-62.81135055260108,1.7031410367507147,0.0,0.0,0.0
23.402831527391015,-62.80142137726191,1.7033065433255825,0.0,0.0,0.0
23.405611385118462,-62.791492251933235,1.7034720490965893,0.0,0.0,0.0
23.40839078445268,-62.78156317654739,1.7036375540645106,0.0,0.0,0.0
23.411169725428664,-62.77163415103655,1.703803058230122,0.0,0.0,0.0
23.413948208081354,-62.76170517533296,1.7039685615942002,0.0,0.0,0.0
23.416726232445605,-62.75177624936905,1.70413406415752,0.0,0.0,0.0
23.419503798556285,-62.74184737307707,1.7042995659208582,0.0,0.0,0.0
23.422280906448137,-62.731918546389565,1.7044650668849903,0.0,0.0,0.0
23.42505755615593,-62.72198976923891,1.7046305670506916,0.0,0.0,0.0
23.42783374771438,-62.71206104155756,1.7047960664187387,0.0,0.0,0.0
23.430609481158072,-62.70213236327813,1.7049615649899077,0.0,0.0,0.0
23.433384756521658,-62.69220373433312,1.7051270627649742,0.0,0.0,0.0
23.43615957383964,-62.68227515465523,1.7052925597447133,0.0,0.0,0.0
23.438933933146558,-62.67234662417706,1.7054580559299017,0.0,0.0,0.0
23.441707834476865,-62.66241814283124,1.705623551321316,0.0,0.0,0.0
23.444481277864945,-62.65248971055064,1.7057890459197305,0.0,0.0,0.0
23.447254263345194,-62.642561327267906,1.7059545397259217,0.0,0.0,0.0
23.45002679095189,-62.632632992915966,1.7061200327406663,0.0,0.0,0.0
23.452798860719327,-62.62270470742764,1.7062855249647388,0.0,0.0,0.0
23.45557047268172,-62.61277647073574,1.7064510163989164,0.0,0.0,0.0
23.45834162687324,-62.602848282773344,1.7066165070439738,0.0,0.0,0.0
23.461112323328013,-62.592920143473364,1.7067819969006874,0.0,0.0,0.0
23.46388256208014,-62.58299205276876,1.7069474859698333,0.0,0.0,0.0
23.46665234316362,-62.5730640105927,1.7071129742521873,0.0,0.0,0.0
23.46942166661248,-62.56313601687818,1.707278461748525,0.0,0.0,0.0
23.472190532460615,-62.553208071558466,1.7074439484596233,0.0,0.0,0.0
23.474958940741956,-62.54328017456665,1.7076094343862562,0.0,0.0,0.0
23.47772689149036,-62.53335232583592,1.707774919529201,0.0,0.0,0.0
23.48049438473959,-62.52342452529965,1.7079404038892334,0.0,0.0,0.0
23.48326142052344,-62.51349677289103,1.7081058874671284,0.0,0.0,0.0
23.48602799887559,-62.503569068543506,1.7082713702636632,0.0,0.0,0.0
23.48879411982971,-62.49364141219042,1.708436852279613,0.0,0.0,0.0
23.491559783419444,-62.48371380376512,1.7086023335157536,0.0,0.0,0.0
23.494324989678326,-62.473786243201204,1.7087678139728615,0.0,0.0,0.0
23.497089738639925,-62.463858730432065,1.7089332936517116,0.0,0.0,0.0
23.49985403033766,-62.45393126539134,1.7090987725530804,0.0,0.0,0.0
23.502617864805007,-62.44400384801258,1.7092642506777438,0.0,0.0,0.0
23.50538124207537,-62.43407647822934,1.7094297280264774,0.0,0.0,0.0
23.50814416218204,-62.424149155975414,1.7095952046000573,0.0,0.0,0.0
23.51090662515836,-62.414221881184375,1.7097606803992598,0.0,0.0,0.0
23.51366863103754,-62.40429465379012,1.7099261554248595,0.0,0.0,0.0
23.516430179852808,-62.39436747372635,1.7100916296776334,0.0,0.0,0.0
23.519191271637336,-62.38444034092684,1.7102571031583576,0.0,0.0,0.0
23.5219519064242,-62.374513255325574,1.7104225758678069,0.0,0.0,0.0
23.524712084246516,-62.36458621685635,1.7105880478067577,0.0,0.0,0.0
23.527471805137264,-62.35465922545324,1.7107535189759857,0.0,0.0,0.0
23.530231069129435,-62.344732281050184,1.7109189893762675,0.0,0.0,0.0
23.532989876255982,-62.33480538358113,1.7110844590083785,0.0,0.0,0.0
23.535748226549757,-62.32487853298027,1.7112499278730946,0.0,0.0,0.0
23.538506120043618,-62.314951729181665,1.7114153959711915,0.0,0.0,0.0
23.54126355677038,-62.30502497211941,1.7115808633034455,0.0,0.0,0.0
23.544020536762766,-62.295098261727816,1.711746329870632,0.0,0.0,0.0
23.54677706005351,-62.285171597940995,1.711911795673527,0.0,0.0,0.0
23.54953312667524,-62.275244980693316,1.7120772607129064,0.0,0.0,0.0
23.552288736660586,-62.26531840991907,1.7122427249895462,0.0,0.0,0.0
23.555043890042146,-62.25539188555253,1.7124081885042228,0.0,0.0,0.0
23.55779858685241,-62.245465407528215,1.7125736512577105,0.0,0.0,0.0
23.56055282712389,-62.235538975780436,1.7127391132507874,0.0,0.0,0.0
23.563306610888993,-62.22561259024378,1.7129045744842275,0.0,0.0,0.0
23.566059938180114,-62.2156862508527,1.713070034958808,0.0,0.0,0.0
23.568812809029648,-62.20575995754171,1.7132354946753032,0.0,0.0,0.0
23.571565223469836,-62.195833710245516,1.7134009536344912,0.0,0.0,0.0
23.574317181532987,-62.18590750889863,1.7135664118371454,0.0,0.0,0.0
23.57706868325127,-62.175981353435844,1.7137318692840435,0.0,0.0,0.0
23.579819728656883,-62.16605524379182,1.713897325975961,0.0,0.0,0.0
23.582570317781965,-62.15612917990126,1.7140627819136733,0.0,0.0,0.0
23.585320450658557,-62.146203161699056,1.7142282370979567,0.0,0.0,0.0
23.58807012731874,-62.13627718911996,1.7143936915295863,0.0,0.0,0.0
23.590819347794454,-62.12635126209893,1.7145591452093396,0.0,0.0,0.0
23.59356811211769,-62.11642538057085,1.7147245981379908,0.0,0.0,0.0
23.596316420320356,-62.10649954447062,1.7148900503163171,0.0,0.0,0.0
23.599064272434276,-62.09657375373334,1.7150555017450935,0.0,0.0,0.0
23.601811668491308,-62.08664800829393,1.7152209524250963,0.0,0.0,0.0
23.60455860852318,-62.07672230808758,1.715386402357101,0.0,0.0,0.0
23.607305092561642,-62.06679665304939,1.715551851541884,0.0,0.0,0.0
23.610051120638406,-62.05687104311439,1.7157172999802204,0.0,0.0,0.0
23.612796692785064,-62.046945478217964,1.7158827476728866,0.0,0.0,0.0
23.61554180903325,-62.03701995829519,1.7160481946206592,0.0,0.0,0.0
23.61828646941449,-62.02709448328147,1.7162136408243132,0.0,0.0,0.0
