galstreams/tracks/track.po.Corvus.mateu2018.ecsv
# %ECSV 1.0
# ---
# datatype:
# - {name: ra, unit: deg, datatype: float64}
# - {name: dec, unit: deg, datatype: float64}
# - {name: distance, unit: kpc, datatype: float64}
# - {name: pm_ra_cosdec, unit: mas / yr, datatype: float64}
# - {name: pm_dec, unit: mas / yr, datatype: float64}
# - {name: radial_velocity, unit: km / s, datatype: float64}
# delimiter: ','
# meta: !!omap
# - __serialized_columns__:
#     dec:
#       __class__: astropy.coordinates.angles.Latitude
#       unit: &id001 !astropy.units.Unit {unit: deg}
#       value: !astropy.table.SerializedColumn {name: dec}
#     distance:
#       __class__: astropy.coordinates.distances.Distance
#       unit: !astropy.units.Unit {unit: kpc}
#       value: !astropy.table.SerializedColumn {name: distance}
#     pm_dec:
#       __class__: astropy.units.quantity.Quantity
#       unit: !astropy.units.Unit {unit: mas / yr}
#       value: !astropy.table.SerializedColumn {name: pm_dec}
#     pm_ra_cosdec:
#       __class__: astropy.units.quantity.Quantity
#       unit: !astropy.units.Unit {unit: mas / yr}
#       value: !astropy.table.SerializedColumn {name: pm_ra_cosdec}
#     ra:
#       __class__: astropy.coordinates.angles.Longitude
#       unit: *id001
#       value: !astropy.table.SerializedColumn {name: ra}
#       wrap_angle: !astropy.coordinates.Angle
#         unit: *id001
#         value: 360.0
#     radial_velocity:
#       __class__: astropy.units.quantity.Quantity
#       unit: !astropy.units.Unit {unit: km / s}
#       value: !astropy.table.SerializedColumn {name: radial_velocity}
# schema: astropy-2.0
ra,dec,distance,pm_ra_cosdec,pm_dec,radial_velocity
[from data line 4433]
186.79122395917776,-15.2810002393344,10.030325292551856,0.0,0.0,-0.0
186.80157650128297,-15.282180476164157,10.03199276156554,0.0,0.0,-0.0
186.8119291169564,-15.283360961512345,10.03366038590033,0.0,0.0,-0.0
186.8222818062683,-15.28454169527041,10.035328165455164,0.0,0.0,-0.0
186.83263456928879,-15.285722677329721,10.036996100128954,0.0,0.0,-0.0
186.84298740608799,-15.286903907581605,10.038664189820558,0.0,0.0,-0.0
186.853340316736,-15.28808538591732,10.040332434428812,0.0,0.0,-0.0
186.863693301303,-15.289267112228078,10.042000833852503,0.0,0.0,-0.0
186.874046359859,-15.290449086405017,10.043669387990386,0.0,0.0,-0.0
186.88439949247413,-15.291631308339248,10.045338096741183,0.0,0.0,-0.0
186.89475269921843,-15.2928137779218,10.047006960003568,0.0,0.0,-0.0
186.90510598016195,-15.293996495043643,10.048675977676192,0.0,0.0,-0.0
186.91545933537475,-15.295179459595715,10.050345149657652,0.0,0.0,-0.0
186.9258127649268,-15.296362671468877,10.052014475846521,0.0,0.0,-0.0
186.93616626888817,-15.297546130553933,10.053683956141333,0.0,0.0,-0.0
186.94651984732877,-15.298729836741636,10.05535359044058,0.0,0.0,-0.0
186.95687350031866,-15.299913789922696,10.057023378642718,0.0,0.0,-0.0
186.96722722792776,-15.30109798998775,10.058693320646166,0.0,0.0,-0.0
186.97758103022602,-15.302282436827364,10.060363416349317,0.0,0.0,-0.0
186.98793490728337,-15.303467130332086,10.062033665650501,0.0,0.0,-0.0
186.99828885916975,-15.304652070392377,10.063704068448041,0.0,0.0,-0.0
187.008642885955,-15.30583725689866,10.065374624640206,0.0,0.0,-0.0
187.0189969877091,-15.307022689741279,10.067045334125226,0.0,0.0,-0.0
187.02935116450186,-15.308208368810552,10.068716196801306,0.0,0.0,-0.0
187.03970541640317,-15.309394293996716,10.070387212566605,0.0,0.0,-0.0
187.05005974348288,-15.310580465189965,10.072058381319243,0.0,0.0,-0.0
187.06041414581077,-15.31176688228043,10.073729702957316,0.0,0.0,-0.0
187.0707686234567,-15.312953545158187,10.075401177378865,0.0,0.0,-0.0
187.08112317649048,-15.314140453713257,10.077072804481912,0.0,0.0,-0.0
187.09147780498185,-15.315327607835611,10.078744584164433,0.0,0.0,-0.0
187.10183250900064,-15.316515007415148,10.080416516324362,0.0,0.0,-0.0
187.11218728861655,-15.317702652341731,10.08208860085961,0.0,0.0,-0.0
187.12254214389932,-15.31889054250515,10.083760837668041,0.0,0.0,-0.0
187.13289707491876,-15.320078677795154,10.085433226647483,0.0,0.0,-0.0
187.14325208174446,-15.321267058101418,10.087105767695732,0.0,0.0,-0.0
187.1536071644462,-15.322455683313574,10.088778460710543,0.0,0.0,-0.0
187.16396232309364,-15.323644553321204,10.090451305589639,0.0,0.0,-0.0
187.17431755775644,-15.324833668013813,10.092124302230701,0.0,0.0,-0.0
187.18467286850426,-15.326023027280877,10.09379745053137,0.0,0.0,-0.0
187.19502825540673,-15.327212631011786,10.095470750389273,0.0,0.0,-0.0
187.20538371853348,-15.328402479095901,10.097144201701964,0.0,0.0,-0.0
187.2157392579541,-15.32959257142251,10.098817804366995,0.0,0.0,-0.0
187.2260948737382,-15.33078290788086,10.100491558281856,0.0,0.0,-0.0
187.23645056595532,-15.33197348836012,10.102165463344017,0.0,0.0,-0.0
187.24680633467506,-15.333164312749433,10.103839519450903,0.0,0.0,-0.0
187.25716217996694,-15.334355380937867,10.105513726499906,0.0,0.0,-0.0
187.2675181019005,-15.335546692814427,10.107188084388387,0.0,0.0,-0.0
187.27787410054526,-15.336738248268093,10.10886259301365,0.0,0.0,-0.0
187.2882301759707,-15.337930047187758,10.110537252272989,0.0,0.0,-0.0
187.29858632824636,-15.339122089462276,10.112212062063639,0.0,0.0,-0.0
187.3089425574416,-15.340314374980432,10.113887022282823,0.0,0.0,-0.0
187.319298863626,-15.341506903630979,10.115562132827703,0.0,0.0,-0.0
187.3296552468689,-15.342699675302594,10.117237393595419,0.0,0.0,-0.0
187.34001170723977,-15.343892689883905,10.118912804483067,0.0,0.0,-0.0
187.35036824480798,-15.34508594726349,10.120588365387718,0.0,0.0,-0.0
187.36072485964297,-15.346279447329866,10.122264076206395,0.0,0.0,-0.0
187.3710815518141,-15.347473189971485,10.123939936836091,0.0,0.0,-0.0
187.3814383213907,-15.348667175076768,10.125615947173765,0.0,0.0,-0.0
187.39179516844217,-15.349861402534064,10.127292107116329,0.0,0.0,-0.0
187.40215209303778,-15.351055872231665,10.128968416560669,0.0,0.0,-0.0
187.4125090952469,-15.352250584057822,10.130644875403632,0.0,0.0,-0.0
187.4228661751388,-15.353445537900718,10.132321483542025,0.0,0.0,-0.0
187.43322333278272,-15.354640733648477,10.133998240872634,0.0,0.0,-0.0
187.443580568248,-15.355836171189189,10.135675147292183,0.0,0.0,-0.0
187.45393788160388,-15.357031850410866,10.137352202697382,0.0,0.0,-0.0
187.46429527291957,-15.35822777120149,10.1390294069849,0.0,0.0,-0.0
187.47465274226425,-15.359423933448957,10.140706760051359,0.0,0.0,-0.0
187.48501028970722,-15.360620337041135,10.142384261793364,0.0,0.0,-0.0
187.4953679153176,-15.361816981865822,10.144061912107466,0.0,0.0,-0.0
187.5057256191646,-15.363013867810764,10.14573971089019,0.0,0.0,-0.0
187.51608340131733,-15.364210994763658,10.147417658038021,0.0,0.0,-0.0
187.52644126184495,-15.365408362612142,10.149095753447414,0.0,0.0,-0.0
187.53679920081663,-15.366605971243803,10.15077399701478,0.0,0.0,-0.0
187.54715721830144,-15.367803820546163,10.1524523886365,0.0,0.0,-0.0
187.55751531436846,-15.369001910406704,10.154130928208916,0.0,0.0,-0.0
187.5678734890868,-15.370200240712835,10.155809615628337,0.0,0.0,-0.0
187.5782317425255,-15.371398811351934,10.157488450791032,0.0,0.0,-0.0
187.58859007475357,-15.372597622211307,10.159167433593241,0.0,0.0,-0.0
187.59894848584014,-15.3737966731782,10.160846563931164,0.0,0.0,-0.0
187.60930697585414,-15.374995964139835,10.16252584170096,0.0,0.0,-0.0
187.61966554486457,-15.376195494983348,10.164205266798762,0.0,0.0,-0.0
187.63002419294045,-15.377395265595828,10.165884839120666,0.0,0.0,-0.0
187.64038292015073,-15.378595275864319,10.167564558562724,0.0,0.0,-0.0
187.65074172656435,-15.379795525675807,10.16924442502096,0.0,0.0,-0.0
187.66110061225024,-15.380996014917214,10.17092443839136,0.0,0.0,-0.0
187.67145957727732,-15.38219674347543,10.172604598569878,0.0,0.0,-0.0
187.6818186217145,-15.383397711237262,10.174284905452426,0.0,0.0,-0.0
187.6921777456307,-15.384598918089488,10.175965358934883,0.0,0.0,-0.0
187.70253694909468,-15.385800363918815,10.177645958913097,0.0,0.0,-0.0
187.71289623217538,-15.3870020486119,10.179326705282872,0.0,0.0,-0.0
187.7232555949416,-15.388203972055358,10.181007597939981,0.0,0.0,-0.0
187.7336150374622,-15.38940613413573,10.18268863678017,0.0,0.0,-0.0
187.74397455980596,-15.390608534739519,10.184369821699132,0.0,0.0,-0.0
187.75433416204163,-15.391811173753164,10.186051152592539,0.0,0.0,-0.0
187.76469384423805,-15.393014051063052,10.18773262935602,0.0,0.0,-0.0
187.7750536064639,-15.39421716655552,10.189414251885177,0.0,0.0,-0.0
187.78541344878795,-15.395420520116858,10.191096020075559,0.0,0.0,-0.0
187.79577337127893,-15.39662411163328,10.192777933822704,0.0,0.0,-0.0
187.80613337400553,-15.39782794099097,10.194459993022097,0.0,0.0,-0.0
187.81649345703644,-15.399032008076038,10.196142197569191,0.0,0.0,-0.0
187.82685362044037,-15.400236312774553,10.197824547359408,0.0,0.0,-0.0
187.83721386428587,-15.401440854972535,10.199507042288136,0.0,0.0,-0.0
187.8475741886417,-15.402645634555926,10.201189682250723,0.0,0.0,-0.0
187.8579345935764,-15.403850651410648,10.202872467142479,0.0,0.0,-0.0
187.86829507915863,-15.405055905422547,10.204555396858682,0.0,0.0,-0.0
187.87865564545692,-15.40626139647741,10.206238471294588,0.0,0.0,-0.0
187.88901629253988,-15.407467124460993,10.207921690345392,0.0,0.0,-0.0
187.89937702047604,-15.408673089258981,10.209605053906275,0.0,0.0,-0.0
187.90973782933398,-15.409879290757017,10.211288561872372,0.0,0.0,-0.0
187.9200987191822,-15.411085728840675,10.212972214138793,0.0,0.0,-0.0
187.93045969008918,-15.412292403395494,10.214656010600601,0.0,0.0,-0.0
187.9408207421234,-15.413499314306938,10.216339951152833,0.0,0.0,-0.0
187.95118187535337,-15.414706461460446,10.218024035690481,0.0,0.0,-0.0
187.96154308984754,-15.415913844741375,10.219708264108519,0.0,0.0,-0.0
187.97190438567435,-15.41712146403505,10.221392636301871,0.0,0.0,-0.0
187.9822657629022,-15.41832931922673,10.22307715216543,0.0,0.0,-0.0
187.99262722159946,-15.419537410201626,10.224761811594057,0.0,0.0,-0.0
188.0029887618346,-15.420745736844896,10.226446614482574,0.0,0.0,-0.0
188.0133503836759,-15.421954299041644,10.228131560725773,0.0,0.0,-0.0
188.0237120871918,-15.423163096676921,10.229816650218405,0.0,0.0,-0.0
188.03407387245056,-15.424372129635715,10.231501882855197,0.0,0.0,-0.0
188.04443573952057,-15.425581397802986,10.233187258530826,0.0,0.0,-0.0
188.05479768847007,-15.42679090106362,10.234872777139945,0.0,0.0,-0.0
188.06515971936736,-15.428000639302445,10.236558438577175,0.0,0.0,-0.0
188.07552183228069,-15.429210612404258,10.238244242737089,0.0,0.0,-0.0
188.08588402727835,-15.430420820253788,10.239930189514237,0.0,0.0,-0.0
188.09624630442858,-15.43163126273572,10.241616278803127,0.0,0.0,-0.0
188.10660866379953,-15.432841939734672,10.243302510498243,0.0,0.0,-0.0
188.11697110545944,-15.434052851135219,10.244988884494022,0.0,0.0,-0.0
188.12733362947648,-15.435263996821886,10.246675400684873,0.0,0.0,-0.0
188.13769623591887,-15.436475376679137,10.248362058965172,0.0,0.0,-0.0
188.14805892485467,-15.4376869905914,10.250048859229253,0.0,0.0,-0.0
188.15842169635206,-15.43889883844302,10.251735801371424,0.0,0.0,-0.0
188.16878455047913,-15.440110920118318,10.253422885285955,0.0,0.0,-0.0
188.179147487304,-15.441323235501544,10.255110110867076,0.0,0.0,-0.0
188.18951050689472,-15.442535784476918,10.25679747800899,0.0,0.0,-0.0
188.19987360931938,-15.443748566928575,10.25848498660587,0.0,0.0,-0.0
188.21023679464597,-15.444961582740627,10.260172636551838,0.0,0.0,-0.0
188.22060006294257,-15.446174831797112,10.261860427740999,0.0,0.0,-0.0
188.23096341427714,-15.447388313982032,10.263548360067416,0.0,0.0,-0.0
188.2413268487177,-15.448602029179327,10.265236433425114,0.0,0.0,-0.0
188.25169036633224,-15.449815977272893,10.266924647708086,0.0,0.0,-0.0
188.26205396718868,-15.45103015814656,10.268613002810298,0.0,0.0,-0.0
188.272417651355,-15.452244571684112,10.27030149862567,0.0,0.0,-0.0
188.28278141889905,-15.453459217769291,10.271990135048101,0.0,0.0,-0.0
188.29314526988878,-15.45467409628577,10.273678911971448,0.0,0.0,-0.0
188.30350920439207,-15.455889207117187,10.275367829289522,0.0,0.0,-0.0
188.3138732224768,-15.457104550147102,10.27705688689613,0.0,0.0,-0.0
188.32423732421077,-15.458320125259053,10.278746084685014,0.0,0.0,-0.0
188.33460150966184,-15.459535932336513,10.280435422549902,0.0,0.0,-0.0
188.34496577889786,-15.460751971262892,10.282124900384478,0.0,0.0,-0.0
188.3553301319866,-15.461968241921571,10.283814518082394,0.0,0.0,-0.0
188.36569456899576,-15.463184744195853,10.285504275537273,0.0,0.0,-0.0
188.37605908999325,-15.464401477969014,10.287194172642694,0.0,0.0,-0.0
188.38642369504672,-15.465618443124251,10.288884209292215,0.0,0.0,-0.0
188.3967883842239,-15.466835639544742,10.290574385379344,0.0,0.0,-0.0
188.4071531575925,-15.468053067113582,10.29226470079757,0.0,0.0,-0.0
188.41751801522022,-15.469270725713834,10.29395515544034,0.0,0.0,-0.0
188.42788295717472,-15.470488615228499,10.295645749201066,0.0,0.0,-0.0
188.43824798352367,-15.471706735540534,10.297336481973135,0.0,0.0,-0.0
188.4486130943347,-15.472925086532838,10.29902735364989,0.0,0.0,-0.0
188.4589782896754,-15.474143668088251,10.300718364124647,0.0,0.0,-0.0
188.46934356961341,-15.475362480089592,10.302409513290682,0.0,0.0,-0.0
188.47970893421632,-15.476581522419584,10.304100801041244,0.0,0.0,-0.0
188.49007438355164,-15.477800794960935,10.305792227269542,0.0,0.0,-0.0
188.50043991768692,-15.479020297596286,10.307483791868757,0.0,0.0,-0.0
188.51080553668973,-15.480240030208229,10.309175494732031,0.0,0.0,-0.0
188.52117124062755,-15.4814599926793,10.310867335752476,0.0,0.0,-0.0
188.53153702956791,-15.482680184891988,10.312559314823163,0.0,0.0,-0.0
188.54190290357826,-15.48390060672873,10.314251431837148,0.0,0.0,-0.0
188.552268862726,-15.485121258071906,10.315943686687431,0.0,0.0,-0.0
188.56263490707863,-15.486342138803867,10.31763607926699,0.0,0.0,-0.0
188.57300103670357,-15.48756324880688,10.31932860946877,0.0,0.0,-0.0
188.58336725166816,-15.488784587963176,10.321021277185677,0.0,0.0,-0.0
188.59373355203988,-15.490006156154951,10.322714082310586,0.0,0.0,-0.0
188.604099937886,-15.491227953264314,10.324407024736342,0.0,0.0,-0.0
188.6144664092739,-15.49244997917335,10.326100104355753,0.0,0.0,-0.0
188.6248329662709,-15.493672233764096,10.327793321061588,0.0,0.0,-0.0
188.63519960894433,-15.49489471691851,10.329486674746597,0.0,0.0,-0.0
188.6455663373615,-15.496117428518533,10.331180165303477,0.0,0.0,-0.0
188.65593315158958,-15.497340368446027,10.332873792624916,0.0,0.0,-0.0
188.66630005169594,-15.49856353658281,10.334567556603547,0.0,0.0,-0.0
188.67666703774773,-15.499786932810661,10.336261457131982,0.0,0.0,-0.0
188.68703410981223,-15.501010557011304,10.337955494102788,0.0,0.0,-0.0
188.6974012679566,-15.502234409066402,10.339649667408516,0.0,0.0,-0.0
188.707768512248,-15.50345848885757,10.341343976941666,0.0,0.0,-0.0
188.71813584275367,-15.504682796266385,10.343038422594715,0.0,0.0,-0.0
188.72850325954067,-15.50590733117435,10.344733004260107,0.0,0.0,-0.0
188.73887076267616,-15.507132093462948,10.346427721830244,0.0,0.0,-0.0
188.74923835222722,-15.508357083013582,10.348122575197506,0.0,0.0,-0.0
188.759606028261,-15.509582299707612,10.34981756425424,0.0,0.0,-0.0
188.76997379084446,-15.510807743426366,10.351512688892736,0.0,0.0,-0.0
188.78034164004475,-15.512033414051096,10.35320794900529,0.0,0.0,-0.0
188.79070957592884,-15.513259311463019,10.354903344484136,0.0,0.0,-0.0
188.8010775985638,-15.514485435543298,10.35659887522148,0.0,0.0,-0.0
188.81144570801655,-15.515711786173036,10.358294541109505,0.0,0.0,-0.0
188.82181390435412,-15.516938363233301,10.359990342040346,0.0,0.0,-0.0
188.8321821876434,-15.518165166605101,10.361686277906122,0.0,0.0,-0.0
188.84255055795143,-15.519392196169399,10.363382348598902,0.0,0.0,-0.0
188.852919015345,-15.520619451807095,10.365078554010736,0.0,0.0,-0.0
188.86328755989112,-15.521846933399056,10.366774894033632,0.0,0.0,-0.0
188.8736561916566,-15.523074640826087,10.368471368559574,0.0,0.0,-0.0
188.88402491070835,-15.524302573968946,10.370167977480499,0.0,0.0,-0.0
188.89439371711316,-15.525530732708337,10.371864720688325,0.0,0.0,-0.0
188.9047626109379,-15.526759116924929,10.37356159807493,0.0,0.0,-0.0
188.91513159224934,-15.527987726499315,10.375258609532162,0.0,0.0,-0.0
188.92550066111426,-15.529216561312069,10.376955754951835,0.0,0.0,-0.0
188.93586981759947,-15.53044562124369,10.378653034225726,0.0,0.0,-0.0
188.94623906177168,-15.531674906174628,10.380350447245592,0.0,0.0,-0.0
188.95660839369762,-15.532904415985293,10.382047993903141,0.0,0.0,-0.0
188.966977813444,-15.534134150556046,10.383745674090058,0.0,0.0,-0.0
188.97734732107756,-15.535364109767198,10.385443487697994,0.0,0.0,-0.0
188.98771691666488,-15.53659429349899,10.38714143461857,0.0,0.0,-0.0
188.99808660027267,-15.53782470163164,10.388839514743367,0.0,0.0,-0.0
189.00845637196753,-15.539055334045305,10.39053772796394,0.0,0.0,-0.0
189.0188262318161,-15.54028619062009,10.392236074171803,0.0,0.0,-0.0
189.02919617988496,-15.541517271236053,10.39393455325845,0.0,0.0,-0.0
189.03956621624067,-15.542748575773198,10.395633165115337,0.0,0.0,-0.0
189.04993634094984,-15.543980104111482,10.397331909633877,0.0,0.0,-0.0
189.06030655407895,-15.54521185613082,10.39903078670547,0.0,0.0,-0.0
189.07067685569453,-15.546443831711064,10.400729796221464,0.0,0.0,-0.0
189.08104724586306,-15.54767603073203,10.402428938073193,0.0,0.0,-0.0
189.09141772465108,-15.548908453073466,10.404128212151944,0.0,0.0,-0.0
189.10178829212498,-15.55014109861508,10.40582761834898,0.0,0.0,-0.0
189.11215894835124,-15.551373967236547,10.40752715655552,0.0,0.0,-0.0
189.12252969339625,-15.552607058817467,10.40922682666277,0.0,0.0,-0.0
