galstreams/tracks/track.st.Turranburra.shipp2019.ecsv
# %ECSV 1.0
# ---
# datatype:
# - {name: ra, unit: deg, datatype: float64}
# - {name: dec, unit: deg, datatype: float64}
# - {name: distance, unit: kpc, datatype: float64}
# - {name: pm_ra_cosdec, unit: mas / yr, datatype: float64}
# - {name: pm_dec, unit: mas / yr, datatype: float64}
# - {name: radial_velocity, unit: km / s, datatype: float64}
# delimiter: ','
# meta: !!omap
# - __serialized_columns__:
#     dec:
#       __class__: astropy.coordinates.angles.Latitude
#       unit: &id001 !astropy.units.Unit {unit: deg}
#       value: !astropy.table.SerializedColumn {name: dec}
#     distance:
#       __class__: astropy.coordinates.distances.Distance
#       unit: !astropy.units.Unit {unit: kpc}
#       value: !astropy.table.SerializedColumn {name: distance}
#     pm_dec:
#       __class__: astropy.units.quantity.Quantity
#       unit: !astropy.units.Unit {unit: mas / yr}
#       value: !astropy.table.SerializedColumn {name: pm_dec}
#     pm_ra_cosdec:
#       __class__: astropy.units.quantity.Quantity
#       unit: !astropy.units.Unit {unit: mas / yr}
#       value: !astropy.table.SerializedColumn {name: pm_ra_cosdec}
#     ra:
#       __class__: astropy.coordinates.angles.Longitude
#       unit: *id001
#       value: !astropy.table.SerializedColumn {name: ra}
#       wrap_angle: !astropy.coordinates.Angle
#         unit: *id001
#         value: 360.0
#     radial_velocity:
#       __class__: astropy.units.quantity.Quantity
#       unit: !astropy.units.Unit {unit: km / s}
#       value: !astropy.table.SerializedColumn {name: radial_velocity}
# schema: astropy-2.0
ra,dec,distance,pm_ra_cosdec,pm_dec,radial_velocity
[from data line 856]
67.81903757377323,-22.548519920974254,27.499999999999996,0.38151162477485245,-0.8840929998727702,1000.0000000000002
67.82837530807879,-22.553593972294404,27.500000000000004,0.381484172224702,-0.8837305217361049,1000.0000000000003
67.83771281531753,-22.55866897241225,27.499999999999996,0.38145658388137216,-0.8833677601605148,1000.0000000000002
67.84705009584083,-22.563744921317582,27.499999999999996,0.38142885967767937,-0.883004715170931,1000.0000000000002
67.85638715000023,-22.56882181900019,27.499999999999996,0.38140099954642936,-0.8826413867923022,1000.0000000000002
67.86572397814734,-22.57389966544989,27.5,0.3813730034204137,-0.8822777750495878,1000.0000000000002
67.87506058063387,-22.578978460656497,27.499999999999993,0.38134487123241545,-0.8819138799677684,1000.0000000000003
67.88439695781165,-22.58405820460985,27.499999999999996,0.3813166029151982,-0.8815497015718363,1000.0000000000003
67.89373311003257,-22.5891388972998,27.499999999999996,0.38128819840151973,-0.8811852398868028,1000.0000000000003
67.90306903764866,-22.59422053871622,27.5,0.3812596576241205,-0.8808204949376903,1000.0000000000002
67.91240474101205,-22.599303128848984,27.499999999999996,0.3812309805157277,-0.8804554667495403,1000.0000000000003
67.92174022047496,-22.604386667687976,27.499999999999993,0.3812021670090604,-0.8800901553474092,1000.0000000000002
67.93107547638971,-22.609471155223105,27.499999999999996,0.38117321703682183,-0.8797245607563702,1000.0000000000002
67.94041050910869,-22.61455659144429,27.499999999999996,0.38114413053170315,-0.879358683001509,1000.0000000000002
67.94974531898444,-22.619642976341474,27.499999999999996,0.3811149074263849,-0.8789925221079278,1000.0000000000001
67.9590799063696,-22.62473030990459,27.499999999999996,0.3810855476535293,-0.8786260781007478,1000.0000000000002
67.96841427161685,-22.629818592123605,27.499999999999996,0.38105605114579433,-0.8782593510050996,1000.0000000000006
67.97774841507905,-22.634907822988485,27.500000000000004,0.38102641783581825,-0.8778923408461377,1000.0000000000002
67.9870823371091,-22.639998002489214,27.499999999999996,0.380996647656231,-0.8775250476490255,1000.0000000000002
67.99641603806003,-22.6450891306158,27.499999999999996,0.38096674053964463,-0.8771574714389438,1000.0000000000002
68.00574951828497,-22.650181207358255,27.5,0.38093669641866823,-0.8767896122410899,1000.0000000000006
68.01508277813716,-22.6552742327066,27.499999999999996,0.3809065152258859,-0.8764214700806754,1000.0000000000002
68.0244158179699,-22.660368206650865,27.499999999999996,0.38087619689387964,-0.87605304498293,1000.0000000000001
68.03374863813663,-22.665463129181116,27.500000000000004,0.38084574135521354,-0.8756843369730976,1000.0000000000007
68.04308123899087,-22.670559000287412,27.5,0.3808151485424416,-0.8753153460764369,1000.0000000000003
68.05241362088624,-22.675655819959836,27.5,0.3807844183881026,-0.8749460723182216,1000.0000000000003
68.06174578417651,-22.68075358818847,27.5,0.3807535508247235,-0.8745765157237462,1000.0000000000002
68.07107772921547,-22.685852304963422,27.500000000000004,0.38072254578482223,-0.8742066763183147,1000.0000000000006
68.08040945635709,-22.69095197027481,27.500000000000004,0.380691403200899,-0.8738365541272501,1000.0000000000002
68.08974096595537,-22.696052584112756,27.499999999999996,0.38066012300544383,-0.873466149175889,1000.0000000000006
68.09907225836444,-22.701154146467417,27.499999999999996,0.38062870513093827,-0.8730954614895876,1000.0000000000002
68.10840333393858,-22.706256657328936,27.5,0.38059714950983903,-0.8727244910937109,1000.0000000000002
68.11773419303208,-22.711360116687473,27.5,0.38056545607460723,-0.8723532380136496,1000.0000000000003
68.1270648359994,-22.716464524533226,27.500000000000004,0.3805336247576787,-0.8719817022748,1000.0000000000002
68.13639526319508,-22.721569880856386,27.500000000000004,0.3805016554914804,-0.8716098839025799,1000.0000000000002
68.14572547497374,-22.726676185647143,27.500000000000004,0.38046954820842993,-0.8712377829224223,1000.0000000000006
68.15505547169016,-22.731783438895732,27.499999999999996,0.38043730284092425,-0.8708653993597726,1000.0000000000002
68.16438525369914,-22.736891640592372,27.499999999999996,0.380404919321361,-0.8704927332400976,1000.0000000000006
68.17371482135565,-22.742000790727303,27.499999999999996,0.3803723975821123,-0.8701197845888755,1000.0000000000003
68.18304417501473,-22.74711088929079,27.499999999999996,0.38033973755554396,-0.8697465534316002,1000.0000000000002
68.19237331503152,-22.752221936273102,27.5,0.38030693917400904,-0.8693730397937833,1000.0000000000001
68.20170224176125,-22.757333931664505,27.499999999999996,0.38027400236984854,-0.8689992437009506,1000.0000000000001
68.21103095555932,-22.762446875455304,27.5,0.3802409270753877,-0.8686251651786456,1000.0000000000002
68.22035945678114,-22.7675607676358,27.5,0.3802077132229438,-0.8682508042524253,1000.0000000000006
68.22968774578227,-22.77267560819631,27.5,0.38017436074481803,-0.8678761609478638,1000.0000000000002
68.23901582291838,-22.777791397127164,27.499999999999996,0.38014086957329996,-0.8675012352905482,1000.0000000000003
68.24834368854519,-22.782908134418697,27.499999999999996,0.38010723964066906,-0.8671260273060888,1000.0000000000003
68.25767134301859,-22.788025820061257,27.500000000000004,0.3800734708791911,-0.8667505370201032,1000.0000000000002
68.26699878669453,-22.793144454045237,27.5,0.3800395632211151,-0.8663747644582269,1000.0000000000003
68.27632601992906,-22.798264036360976,27.499999999999996,0.38000551659868687,-0.8659987096461168,1000.0000000000002
68.28565304307834,-22.803384566998883,27.499999999999993,0.3799713309441306,-0.8656223726094385,1000.0000000000002
68.29497985649864,-22.808506045949358,27.5,0.3799370061896623,-0.8652457533738769,1000.0000000000002
68.30430646054633,-22.813628473202808,27.5,0.37990254226748443,-0.8648688519651313,1000.0000000000003
68.31363285557786,-22.818751848749667,27.499999999999996,0.37986793910979033,-0.8644916684089172,1000.0000000000002
68.32295904194982,-22.823876172580352,27.499999999999996,0.37983319664875714,-0.8641142027309665,1000.0000000000003
68.33228502001886,-22.829001444685336,27.499999999999996,0.3797983148165507,-0.863736454957027,1000.0000000000003
68.34161079014176,-22.834127665055057,27.499999999999996,0.37976329354532323,-0.8633584251128612,1000.0000000000002
68.35093635267538,-22.839254833679995,27.5,0.37972813276721773,-0.8629801132242476,1000.0000000000002
68.3602617079767,-22.844382950550635,27.5,0.37969283241436447,-0.8626015193169811,1000.0000000000003
68.36958685640282,-22.849512015657464,27.499999999999996,0.3796573924188753,-0.8622226434168745,1000.0000000000003
68.3789117983109,-22.85464202899099,27.499999999999996,0.37962181271285744,-0.8618434855497505,1000.0000000000002
68.3882365340582,-22.859772990541728,27.499999999999996,0.3795860932284034,-0.8614640457414553,1000.0000000000003
68.39756106400213,-22.864904900300214,27.499999999999996,0.3795502338975896,-0.8610843240178423,1000.0000000000006
68.40688538850017,-22.87003775825698,27.499999999999996,0.3795142346524847,-0.8607043204047895,1000.0000000000003
68.41620950790991,-22.87517156440258,27.5,0.37947809542514266,-0.8603240349281842,1000.0000000000003
68.42553342258901,-22.880306318727577,27.499999999999996,0.3794418161476061,-0.8599434676139324,1000.0000000000003
68.43485713289529,-22.88544202122254,27.5,0.3794053967519062,-0.8595626184879563,1000.0000000000002
68.44418063918664,-22.89057867187806,27.499999999999996,0.37936883717005765,-0.8591814875761914,1000.0000000000001
68.45350394182104,-22.895716270684726,27.500000000000007,0.3793321373340681,-0.8588000749045936,1000.0000000000002
68.46282704115659,-22.900854817633153,27.499999999999996,0.3792952971759327,-0.8584183804991281,1000.0000000000002
68.47214993755149,-22.905994312713954,27.499999999999996,0.37925831662762466,-0.8580364043857838,1000.0000000000002
68.48147263136404,-22.91113475591776,27.5,0.37922119562112,-0.857654146590558,1000.0000000000003
68.49079512295266,-22.91627614723521,27.499999999999996,0.3791839340883685,-0.8572716071394697,1000.0000000000003
68.50011741267583,-22.921418486656954,27.499999999999996,0.3791465319613194,-0.8568887860585495,1000.0000000000002
68.50943950089217,-22.926561774173646,27.499999999999996,0.37910898917189995,-0.856505683373848,1000.0000000000002
68.5187613879604,-22.931706009775972,27.5,0.37907130565203073,-0.8561222991114268,1000.0000000000003
68.52808307423929,-22.93685119345461,27.499999999999996,0.37903348133362114,-0.8557386332973675,1000.0000000000002
68.5374045600878,-22.94199732520025,27.500000000000004,0.3789955161485614,-0.8553546859577663,1000.0000000000003
68.54672584586491,-22.94714440500361,27.500000000000004,0.3789574100287374,-0.8549704571187333,1000.0000000000002
68.55604693192977,-22.952292432855387,27.500000000000004,0.3789191629060158,-0.8545859468063988,1000.0000000000002
68.56536781864159,-22.957441408746323,27.5,0.37888077471225734,-0.8542011550469049,1000.0000000000006
68.57468850635969,-22.96259133266715,27.5,0.37884224537930566,-0.8538160818664111,1000.0000000000002
68.58400899544351,-22.967742204608605,27.500000000000004,0.37880357483899396,-0.8534307272910944,1000.0000000000002
68.59332928625255,-22.972894024561455,27.500000000000004,0.3787647630231439,-0.8530450913471461,1000.0000000000003
68.60264937914647,-22.978046792516473,27.500000000000004,0.3787258098635651,-0.8526591740607707,1000.0000000000006
68.61196927448498,-22.983200508464435,27.500000000000007,0.3786867152920528,-0.8522729754581935,1000.0000000000002
68.62128897262795,-22.98835517239613,27.500000000000004,0.3786474792403902,-0.8518864955656542,1000.0000000000003
68.63060847393527,-22.993510784302345,27.5,0.37860810164035086,-0.8514997344094084,1000.0
68.63992777876702,-22.998667344173896,27.500000000000004,0.3785685824236964,-0.8511126920157288,1000.0000000000002
68.64924688748333,-23.003824852001614,27.5,0.37852892152217077,-0.8507253684108975,1000.0000000000002
68.65856580044445,-23.008983307776315,27.500000000000004,0.3784891188675106,-0.8503377636212215,1000.0000000000003
68.66788451801071,-23.01414271148885,27.5,0.37844917439144155,-0.8499498776730179,1000.0
68.67720304054261,-23.019303063130064,27.500000000000004,0.3784090880256714,-0.8495617105926212,1000.0000000000006
68.68652136840066,-23.024464362690825,27.499999999999996,0.37836885970189904,-0.8491732624063837,1000.0000000000002
68.69583950194553,-23.029626610161984,27.5,0.3783284893518124,-0.8487845331406736,1000.0000000000003
68.70515744153799,-23.03478980553443,27.5,0.3782879769070844,-0.8483955228218734,1000.0000000000002
68.71447518753891,-23.039953948799067,27.500000000000007,0.3782473222993783,-0.8480062314763792,1000.0000000000001
68.72379274030922,-23.045119039946783,27.500000000000004,0.3782065254603457,-0.8476166591306065,1000.0000000000002
68.73311010021003,-23.050285078968486,27.500000000000004,0.3781655863216229,-0.8472268058109895,1000.0000000000001
68.74242726760248,-23.0554520658551,27.500000000000007,0.3781245048148334,-0.8468366715439712,1000.0000000000003
68.75174424284786,-23.06062000059756,27.499999999999996,0.3780832808715946,-0.8464462563560149,1000.0
68.76106102630757,-23.065788883186794,27.5,0.3780419144235043,-0.846055560273602,1000.0000000000006
68.77037761834305,-23.070958713613756,27.5,0.37800040540215485,-0.8456645833232246,1000.0000000000002
68.77969401931591,-23.076129491869406,27.500000000000004,0.3779587537391207,-0.8452733255313958,1000.0000000000003
68.78901022958782,-23.081301217944713,27.5,0.3779169593659699,-0.8448817869246406,1000.0000000000003
68.7983262495206,-23.08647389183065,27.500000000000004,0.3778750222142504,-0.8444899675295034,1000.0000000000002
68.80764207947611,-23.091647513518208,27.500000000000004,0.37783294221550623,-0.8440978673725414,1000.0000000000006
68.81695771981636,-23.096822082998383,27.500000000000004,0.3777907193012673,-0.8437054864803311,1000.0000000000006
68.82627317090346,-23.10199760026218,27.500000000000007,0.37774835340304525,-0.8433128248794635,1000.0000000000003
68.8355884330996,-23.10717406530062,27.500000000000007,0.3777058444523489,-0.8429198825965427,1000.0000000000002
68.8449035067671,-23.112351478104724,27.500000000000004,0.3776631923806686,-0.8425266596581946,1000.0000000000003
68.85421839226835,-23.11752983866552,27.500000000000004,0.3776203971194845,-0.8421331560910579,1000.0000000000002
68.86353308996587,-23.122709146974056,27.499999999999996,0.3775774586002627,-0.8417393719217898,1000.0000000000001
68.87284760022229,-23.127889403021396,27.5,0.3775343767544621,-0.8413453071770554,1000.0000000000003
68.88216192340032,-23.13307060679858,27.499999999999996,0.37749115151352397,-0.8409509618835487,1000.0000000000002
68.89147605986277,-23.138252758296698,27.500000000000004,0.37744778280888136,-0.840556336067968,1000.0000000000002
68.90079000997258,-23.14343585750681,27.500000000000007,0.3774042705719536,-0.8401614297570368,1000.0000000000002
68.91010377409279,-23.148619904420027,27.500000000000004,0.3773606147341484,-0.8397662429774861,1000.0000000000002
68.9194173525865,-23.153804899027435,27.500000000000004,0.37731681522686134,-0.839370775756072,1000.0000000000002
68.92873074581699,-23.158990841320147,27.500000000000004,0.3772728719814753,-0.8389750281195587,1000.0000000000002
68.93804395414757,-23.164177731289264,27.500000000000004,0.37722878492936074,-0.8385790000947333,1000.0000000000006
68.9473569779417,-23.169365568925933,27.499999999999996,0.37718455400187767,-0.8381826917083903,1000.0000000000006
68.95666981756293,-23.17455435422127,27.500000000000004,0.37714017913037257,-0.8377861029873506,1000.0000000000006
68.96598247337488,-23.17974408716642,27.500000000000004,0.37709566024618235,-0.8373892339584454,1000.0000000000006
68.97529494574134,-23.18493476775254,27.499999999999996,0.37705099728062885,-0.836992084648521,1000.0000000000002
68.98460723502616,-23.190126395970793,27.5,0.37700619016502235,-0.8365946550844425,1000.0000000000002
68.99391934159328,-23.195318971812334,27.500000000000004,0.376961238830662,-0.8361969452930906,1000.0000000000002
69.00323126580679,-23.20051249526835,27.500000000000007,0.37691614320883904,-0.8357989553013607,1000.0000000000002
69.01254300803087,-23.20570696633002,27.5,0.37687090323082084,-0.8354006851361655,1000.0000000000003
69.02185456862976,-23.210902384988543,27.500000000000004,0.3768255188278764,-0.8350021348244354,1000.0000000000003
69.03116594796786,-23.216098751235116,27.500000000000007,0.37677998993125406,-0.8346033043931134,1000.0
69.04047714640967,-23.221296065060965,27.500000000000004,0.3767343164721917,-0.8342041938691622,1000.0000000000003
69.04978816431972,-23.226494326457292,27.500000000000004,0.37668849838191965,-0.8338048032795573,1000.0000000000002
69.05909900206277,-23.231693535415328,27.500000000000007,0.37664253559164806,-0.8334051326512926,1000.0000000000003
69.06840966000352,-23.23689369192632,27.499999999999996,0.376596428032586,-0.8330051820113757,1000.0000000000002
69.07772013850696,-23.2420947959815,27.500000000000004,0.3765501756359162,-0.8326049513868363,1000.0000000000002
69.08703043793805,-23.24729684757212,27.500000000000004,0.37650377833282445,-0.8322044408047131,1000.0000000000002
69.0963405586619,-23.25249984668945,27.5,0.3764572360544767,-0.8318036502920654,1000.0000000000002
69.10565050104371,-23.257703793324747,27.5,0.3764105487320244,-0.8314025798759661,1000.0000000000002
69.1149602654488,-23.262908687469302,27.5,0.3763637162966136,-0.8310012295835052,1000.0000000000002
69.12426985224259,-23.268114529114392,27.500000000000004,0.37631673867937443,-0.8305995994417912,1000.0000000000006
69.1335792617906,-23.273321318251305,27.5,0.3762696158114245,-0.8301976894779441,1000.0000000000001
69.14288849445846,-23.27852905487135,27.500000000000004,0.37622234762387263,-0.829795499719105,1000.0000000000002
69.1521975506119,-23.283737738965833,27.500000000000004,0.376174934047814,-0.8293930301924268,1000.0000000000002
