galstreams/tracks/track.Phoenix.balbinot2016.ecsv
# %ECSV 0.9
# ---
# datatype:
# - {name: sc.ra, unit: deg, datatype: float64}
# - {name: sc.dec, unit: deg, datatype: float64}
# - {name: sc.distance, unit: kpc, datatype: float64}
# - {name: width, datatype: float64}
# meta: !!omap
# - __serialized_columns__:
#     sc:
#       __class__: astropy.coordinates.sky_coordinate.SkyCoord
#       dec: !astropy.table.SerializedColumn
#         __class__: astropy.coordinates.angles.Latitude
#         unit: &id001 !astropy.units.Unit {unit: deg}
#         value: !astropy.table.SerializedColumn {name: sc.dec}
#       distance: !astropy.table.SerializedColumn
#         __class__: astropy.coordinates.distances.Distance
#         unit: !astropy.units.Unit {unit: kpc}
#         value: !astropy.table.SerializedColumn {name: sc.distance}
#       frame: icrs
#       ra: !astropy.table.SerializedColumn
#         __class__: astropy.coordinates.angles.Longitude
#         unit: *id001
#         value: !astropy.table.SerializedColumn {name: sc.ra}
#         wrap_angle: !astropy.coordinates.Angle
#           unit: *id001
#           value: 360.0
#       representation_type: spherical
# schema: astropy-2.0
sc.ra sc.dec sc.distance width
20.00051957096918 -56.99933176596153 17.5 0.18
20.007677427226458 -56.99012319404652 17.5 0.18
20.014831742666022 -56.98091421381661 17.5 0.18
20.02198252012713 -56.9717048256173 17.5 0.18
20.02912976244633 -56.962495029793715 17.5 0.18
20.036273472457296 -56.953284826690634 17.5 0.18
20.04341365299097 -56.94407421665244 17.5 0.18
20.05055030687546 -56.934863200023166 17.5 0.18
20.057683436936117 -56.92565177714649 17.5 0.18
20.06481304599551 -56.916439948365685 17.5 0.18
20.071939136873404 -56.90722771402368 17.5 0.18
20.0790617123868 -56.898015074463046 17.5 0.18
20.086180775349966 -56.88880203002601 17.5 0.18
20.093296328574347 -56.87958858105435 17.5 0.18
20.100408374868643 -56.87037472788959 17.5 0.18
20.107516917038797 -56.86116047087281 17.5 0.18
20.114621957887973 -56.85194581034478 17.5 0.18
20.121723500216635 -56.84273074664588 17.5 0.18
20.128821546822397 -56.8335152801161 17.5 0.18
20.1359161005002 -56.82429941109514 17.5 0.18
20.143007164042224 -56.815083139922265 17.5 0.18
20.150094740237883 -56.805866466936436 17.5 0.18
20.15717883187388 -56.79664939247623 17.5 0.18
20.16425944173415 -56.78743191687987 17.5 0.18
20.171336572599916 -56.7782140404852 17.5 0.18
20.178410227249646 -56.76899576362973 17.5 0.18
20.18548040845911 -56.759777086650594 17.5 0.18
20.192547119001333 -56.7505580098846 17.5 0.18
20.199610361646613 -56.741338533668134 17.5 0.18
20.20667013916256 -56.73211865833733 17.5 0.18
20.21372645431403 -56.72289838422784 17.5 0.18
20.220779309863175 -56.713677711675054 17.5 0.18
20.22782870856946 -56.70445664101397 17.5 0.18
20.23487465318962 -56.695235172579224 17.5 0.18
20.241917146477714 -56.686013306705135 17.5 0.18
20.24895619118505 -56.6767910437256 17.5 0.18
20.25599179006028 -56.66756838397425 17.5 0.18
20.263023945849348 -56.65834532778429 17.5 0.18
20.270052661295534 -56.64912187548861 17.5 0.18
20.277077939139375 -56.63989802741974 17.5 0.18
20.284099782118766 -56.630673783909835 17.5 0.18
20.291118192968895 -56.621449145290725 17.5 0.18
20.2981331744223 -56.612224111893894 17.5 0.18
20.305144729208813 -56.60299868405044 17.5 0.18
20.312152860055605 -56.59377286209117 17.5 0.18
20.319157569687192 -56.58454664634649 17.5 0.18
20.32615886082539 -56.575320037146454 17.5 0.18
20.33315673618938 -56.5660930348208 17.5 0.18
20.34015119849567 -56.556865639698906 17.5 0.18
20.3471422504581 -56.5476378521098 17.5 0.18
20.35412989478789 -56.53840967238217 17.5 0.18
20.361114134193556 -56.52918110084431 17.5 0.18
20.368094971381012 -56.51995213782426 17.5 0.18
20.375072409053505 -56.510722783649626 17.5 0.18
20.382046449911645 -56.5014930386477 17.5 0.18
20.389017096653372 -56.492262903145445 17.5 0.18
20.39598435197406 -56.483032377469456 17.5 0.18
20.402948218566383 -56.473801461946 17.5 0.18
20.409908699120393 -56.464570156901 17.5 0.18
20.41686579632354 -56.455338462659995 17.5 0.18
20.423819512860643 -56.44610637954826 17.5 0.18
20.430769851413878 -56.436873907890636 17.5 0.18
20.437716814662824 -56.427641048011715 17.5 0.18
20.444660405284438 -56.41840780023565 17.5 0.18
20.451600625953056 -56.40917416488633 17.5 0.18
20.458537479340425 -56.399940142287264 17.5 0.18
20.46547096811564 -56.39070573276165 17.5 0.18
20.472401094945248 -56.38147093663231 17.5 0.18
20.479327862493168 -56.372235754221755 17.5 0.18
20.48625127342069 -56.36300018585213 17.5 0.18
20.493171330386573 -56.35376423184526 17.5 0.18
20.500088036046943 -56.344527892522635 17.5 0.18
20.507001393055337 -56.3352911682054 17.5 0.18
20.51391140406271 -56.326054059214364 17.5 0.18
20.52081807171745 -56.31681656587 17.5 0.18
20.527721398665328 -56.307578688492434 17.5 0.18
20.53462138754958 -56.298340427401456 17.5 0.18
20.541518041010832 -56.28910178291654 17.5 0.18
20.548411361687165 -56.279862755356824 17.5 0.18
20.555301352214066 -56.27062334504109 17.5 0.18
20.562188015224464 -56.261383552287775 17.5 0.18
20.569071353348754 -56.25214337741503 17.5 0.18
20.575951369214717 -56.24290282074063 17.5 0.18
20.58282806544763 -56.23366188258204 17.5 0.18
20.589701444670172 -56.22442056325637 17.5 0.18
20.5965715095025 -56.215178863080446 17.5 0.18
20.603438262562197 -56.205936782370664 17.5 0.18
20.61030170646433 -56.196694321443196 17.5 0.18
20.617161843821396 -56.18745148061384 17.5 0.18
20.624018677243367 -56.17820826019804 17.5 0.18
20.630872209337696 -56.168964660510944 17.5 0.18
20.63772244270924 -56.15972068186735 17.5 0.18
20.6445693799604 -56.150476324581746 17.5 0.18
20.65141302369099 -56.14123158896827 17.5 0.18
20.658253376498322 -56.13198647534074 17.5 0.18
20.665090440977206 -56.12274098401262 17.5 0.18
20.67192421971988 -56.11349511529711 17.5 0.18
20.67875471531612 -56.10424886950703 17.5 0.18
20.685581930353145 -56.09500224695489 17.5 0.18
20.69240586741569 -56.085755247952875 17.5 0.18
20.699226529085962 -56.07650787281282 17.5 0.18
20.706043917943692 -56.06726012184627 17.5 0.18
20.71285803656607 -56.058011995364424 17.5 0.18
20.719668887527785 -56.048763493678145 17.5 0.18
20.726476473401085 -56.039514617098014 17.5 0.18
20.73328079675568 -56.030265365934255 17.5 0.18
20.74008186015877 -56.02101574049674 17.5 0.18
20.746879666175104 -56.011765741095104 17.5 0.18
20.753674217366925 -56.002515368038566 17.5 0.18
20.76046551629401 -55.99326462163606 17.5 0.18
20.767253565513638 -55.98401350219624 17.5 0.18
20.774038367580616 -55.97476201002736 17.5 0.18
20.780819925047265 -55.96551014543742 17.5 0.18
20.787598240463463 -55.956257908734045 17.5 0.18
20.794373316376593 -55.947005300224575 17.5 0.18
20.801145155331586 -55.93775232021604 17.5 0.18
20.8079137598709 -55.928498969015095 17.5 0.18
20.814679132534526 -55.919245246928135 17.5 0.18
20.82144127586002 -55.909991154261206 17.5 0.18
20.828200192382447 -55.90073669132003 17.5 0.18
20.83495588463447 -55.89148185841004 17.5 0.18
20.841708355146263 -55.88222665583633 17.5 0.18
20.848457606445542 -55.87297108390368 17.5 0.18
20.85520364105762 -55.86371514291654 17.5 0.18
20.86194646150536 -55.85445883317908 17.5 0.18
20.868686070309153 -55.845202154995114 17.5 0.18
20.87542246998697 -55.83594510866816 17.5 0.18
20.88215566305437 -55.82668769450142 17.5 0.18
20.888885652024474 -55.817429912797785 17.5 0.18
20.895612439407937 -55.8081717638598 17.5 0.18
20.902336027713044 -55.798913247989745 17.5 0.18
20.909056419445623 -55.78965436548957 17.5 0.18
20.915773617109096 -55.78039511666089 17.5 0.18
20.922487623204454 -55.77113550180501 17.5 0.18
20.929198440230287 -55.76187552122296 17.5 0.18
20.93590607068278 -55.7526151752154 17.5 0.18
20.942610517055684 -55.74335446408273 17.5 0.18
20.949311781840365 -55.73409338812501 17.5 0.18
20.9560098675258 -55.724831947642016 17.5 0.18
20.962704776598528 -55.71557014293317 17.5 0.18
20.969396511542687 -55.706307974297616 17.5 0.18
20.976085074840082 -55.69704544203419 17.5 0.18
20.982770468970045 -55.6877825464414 17.5 0.18
20.989452696409597 -55.67851928781744 17.5 0.18
20.996131759633304 -55.669255666460224 17.5 0.18
21.002807661113383 -55.65999168266735 17.5 0.18
21.009480403319667 -55.65072733673608 17.5 0.18
21.016149988719594 -55.641462628963424 17.5 0.18
21.02281641977824 -55.632197559646016 17.5 0.18
21.02947969895831 -55.62293212908022 17.5 0.18
21.036139828720135 -55.613666337562115 17.5 0.18
21.04279681152167 -55.60440018538742 17.5 0.18
21.049450649818514 -55.59513367285161 17.5 0.18
21.056101346063873 -55.58586680024979 17.5 0.18
21.06274890270864 -55.57659956787681 17.5 0.18
21.069393322201346 -55.56733197602721 17.5 0.18
21.076034606988106 -55.55806402499519 17.5 0.18
21.082672759512757 -55.54879571507469 17.5 0.18
21.089307782216743 -55.539527046559314 17.5 0.18
21.09593967753917 -55.530258019742384 17.5 0.18
21.102568447916816 -55.52098863491691 17.5 0.18
21.10919409578409 -55.5117188923756 17.5 0.18
21.115816623573085 -55.502448792410874 17.5 0.18
21.122436033713534 -55.493178335314816 17.5 0.18
21.12905232863286 -55.483907521379244 17.5 0.18
21.13566551075615 -55.47463635089568 17.5 0.18
21.142275582506137 -55.46536482415529 17.5 0.18
21.14888254630326 -55.45609294144899 17.5 0.18
21.15548640456563 -55.446820703067395 17.5 0.18
21.162087159709024 -55.43754810930082 17.5 0.18
21.16868481414689 -55.42827516043926 17.5 0.18
21.175279370290397 -55.419001856772404 17.5 0.18
21.181870830548377 -55.409728198589704 17.5 0.18
21.188459197327344 -55.40045418618022 17.5 0.18
21.195044473031526 -55.391179819832814 17.5 0.18
21.201626660062832 -55.381905099835976 17.5 0.18
21.20820576082087 -55.37263002647796 17.5 0.18
21.21478177770295 -55.363354600046634 17.5 0.18
21.22135471310408 -55.354078820829656 17.5 0.18
21.22792456941698 -55.34480268911438 17.5 0.18
21.234491349032073 -55.33552620518781 17.5 0.18
21.24105505433749 -55.32624936933673 17.5 0.18
21.2476156877191 -55.31697218184755 17.5 0.18
21.254173251560424 -55.30769464300642 17.5 0.18
21.260727748242786 -55.29841675309925 17.5 0.18
21.267279180145167 -55.28913851241156 17.5 0.18
21.27382754964429 -55.27985992122864 17.5 0.18
21.280372859114618 -55.27058097983549 17.5 0.18
21.2869151109283 -55.26130168851678 17.5 0.18
21.293454307455285 -55.25202204755691 17.5 0.18
21.299990451063184 -55.24274205724 17.5 0.18
21.306523544117386 -55.23346171784985 17.5 0.18
21.313053588981 -55.22418102966998 17.5 0.18
21.319580588014897 -55.21489999298364 17.5 0.18
21.32610454357767 -55.20561860807376 17.5 0.18
21.332625458025667 -55.19633687522302 17.5 0.18
21.33914333371299 -55.187054794713745 17.5 0.18
21.345658172991456 -55.17777236682804 17.5 0.18
21.352169978210693 -55.168489591847695 17.5 0.18
21.358678751718045 -55.15920647005419 17.5 0.18
21.36518449585864 -55.149923001728745 17.5 0.18
21.37168721297534 -55.14063918715229 17.5 0.18
21.378186905408775 -55.13135502660543 17.5 0.18
21.38468357549736 -55.12207052036856 17.5 0.18
21.391177225577277 -55.11278566872172 17.5 0.18
21.397667857982466 -55.10350047194468 17.5 0.18
21.40415547504462 -55.094214930316944 17.5 0.18
21.410640079093284 -55.0849290441177 17.5 0.18
21.417121672455682 -55.07564281362588 17.5 0.18
21.423600257456883 -55.06635623912014 17.5 0.18
21.43007583641973 -55.057069320878796 17.5 0.18
21.43654841166484 -55.04778205917992 17.5 0.18
21.443017985510632 -55.03849445430132 17.5 0.18
21.449484560273305 -55.029206506520474 17.5 0.18
21.45594813826684 -55.0199182161146 17.5 0.18
21.462408721803065 -55.01062958336064 17.5 0.18
21.46886631319153 -55.00134060853524 17.5 0.18
21.47532091473965 -54.99205129191478 17.5 0.18
21.481772528752607 -54.982761633775326 17.5 0.18
21.488221157533413 -54.9734716343927 17.5 0.18
21.494666803382863 -54.96418129404246 17.5 0.18
21.501109468599594 -54.95489061299978 17.5 0.18
21.507549155480017 -54.94559959153968 17.5 0.18
21.513985866318393 -54.93630822993685 17.5 0.18
21.520419603406783 -54.92701652846565 17.5 0.18
21.52685036903506 -54.917724487400235 17.5 0.18
21.533278165490962 -54.908432107014455 17.5 0.18
21.539702995060004 -54.899139387581876 17.5 0.18
21.546124860025557 -54.88984632937579 17.5 0.18
21.552543762668797 -54.880552932669204 17.5 0.18
21.55895970526875 -54.87125919773486 17.5 0.18
21.565372690102294 -54.86196512484522 17.5 0.18
21.571782719444126 -54.85267071427244 17.5 0.18
21.578189795566754 -54.84337596628846 17.5 0.18
21.58459392074059 -54.834080881164894 17.5 0.18
21.590995097233836 -54.824785459173086 17.5 0.18
21.597393327312563 -54.81548970058415 17.5 0.18
21.6037886132407 -54.80619360566884 17.5 0.18
21.610180957280022 -54.79689717469771 17.5 0.18
21.616570361690147 -54.78760040794102 17.5 0.18
21.62295682872856 -54.77830330566873 17.5 0.18
21.6293403606506 -54.769005868150565 17.5 0.18
21.63572095970948 -54.75970809565595 17.5 0.18
21.642098628156262 -54.75040998845404 17.5 0.18
21.648473368239877 -54.74111154681373 17.5 0.18
21.654845182207122 -54.73181277100361 17.5 0.18
21.661214072302688 -54.72251366129205 17.5 0.18
21.667580040769106 -54.71321421794712 17.5 0.18
21.673943089846784 -54.70391444123659 17.5 0.18
21.680303221774057 -54.69461433142804 17.5 0.18
21.686660438787094 -54.68531388878866 17.5 0.18
21.693014743119946 -54.67601311358549 17.5 0.18
21.699366137004553 -54.666712006085234 17.5 0.18
21.705714622670783 -54.65741056655432 17.5 0.18
21.712060202346354 -54.64810879525895 17.5 0.18
21.718402878256853 -54.638806692464996 17.5 0.18
21.72474265262583 -54.62950425843815 17.5 0.18
21.731079527674687 -54.620201493443744 17.5 0.18
21.737413505622705 -54.610898397746894 17.5 0.18
21.74374458868713 -54.60159497161244 17.5 0.18
21.750072779083055 -54.59229121530492 17.5 0.18
21.756398079023512 -54.58298712908868 17.5 0.18
21.762720490719424 -54.57368271322771 17.5 0.18
21.76904001637963 -54.56437796798583 17.5 0.18
21.775356658210896 -54.55507289362648 17.5 0.18
21.781670418417878 -54.54576749041293 17.5 0.18
21.787981299203167 -54.536461758608155 17.5 0.18
21.794289302767275 -54.52715569847484 17.5 0.18
21.800594431308618 -54.517849310275416 17.5 0.18
21.80689668702357 -54.50854259427211 17.5 0.18
21.813196072106397 -54.49923555072679 17.5 0.18
21.819492588749316 -54.48992817990108 17.5 0.18
21.825786239142484 -54.48062048205643 17.5 0.18
21.83207702547395 -54.471312457453905 17.5 0.18
21.838364949929755 -54.46200410635441 17.5 0.18
21.844650014693848 -54.45269542901849 17.5 0.18
21.850932221948092 -54.443386425706485 17.5 0.18
21.857211573872362 -54.434077096678514 17.5 0.18
21.863488072644422 -54.42476744219433 17.5 0.18
21.869761720439996 -54.415457462513515 17.5 0.18
21.876032519432762 -54.40614715789533 17.5 0.18
21.882300471794377 -54.396836528598826 17.5 0.18
21.888565579694422 -54.387525574882744 17.5 0.18
21.894827845300426 -54.37821429700562 17.5 0.18
21.901087270777893 -54.36890269522568 17.5 0.18
21.907343858290304 -54.359590769800896 17.5 0.18
21.913597609999062 -54.35027852098903 17.5 0.18
21.9198485280636 -54.34096594904753 17.5 0.18
21.926096614641235 -54.3316530542336 17.5 0.18
21.932341871887328 -54.32233983680419 17.5 0.18
21.938584301955185 -54.313026297016016 17.5 0.18
21.944823906996067 -54.3037124351255 17.5 0.18
21.951060689159256 -54.29439825138881 17.5 0.18
21.957294650591983 -54.285083746061886 17.5 0.18
21.963525793439466 -54.27576891940039 17.5 0.18
21.969754119844918 -54.26645377165975 17.5 0.18
21.9759796319495 -54.25713830309507 17.5 0.18
21.98220233189242 -54.247822513961296 17.5 0.18
21.98842222181083 -54.23850640451305 17.5 0.18
21.9946393038399 -54.229189975004715 17.5 0.18
22.000853580112786 -54.21987322569043 17.5 0.18
22.007065052760645 -54.21055615682407 17.5 0.18
22.01327372391262 -54.201238768659266 17.5 0.18
22.01947959569588 -54.19192106144938 17.5 0.18
22.025682670235568 -54.18260303544753 17.5 0.18
22.031882949654875 -54.173284690906584 17.5 0.18
22.038080436074953 -54.16396602807915 17.5 0.18
22.04427513161501 -54.154647047217594 17.5 0.18
22.050467038392206 -54.14532774857401 17.5 0.18
22.056656158521804 -54.136008132400256 17.5 0.18
22.062842494116996 -54.126688198947924 17.5 0.18
22.06902604728906 -54.117367948468406 17.5 0.18
22.075206820147233 -54.10804738121274 17.5 0.18
22.081384814798835 -54.098726497431834 17.5 0.18
22.087560033349188 -54.08940529737624 17.5 0.18
22.093732477901632 -54.08008378129633 17.5 0.18
22.099902150557558 -54.07076194944221 17.5 0.18
22.10606905341637 -54.0614398020637 17.5 0.18
22.112233188575527 -54.05211733941043 17.5 0.18
22.118394558130486 -54.04279456173174 17.5 0.18
22.124553164174802 -54.03347146927672 17.5 0.18
22.130709008800032 -54.02414806229425 17.5 0.18
22.136862094095765 -54.01482434103291 17.5 0.18
22.143012422149685 -54.00550030574107 17.5 0.18
22.149159995047462 -53.99617595666685 17.5 0.18
22.155304814872885 -53.98685129405811 17.5 0.18
22.161446883707722 -53.97752631816245 17.5 0.18
22.167586203631853 -53.96820102922725 17.5 0.18
22.173722776723185 -53.95887542749963 17.5 0.18
22.17985660505768 -53.949549513226486 17.5 0.18
22.18598769070939 -53.94022328665444 17.5 0.18
22.19211603575042 -53.93089674802988 17.5 0.18
22.1982416422509 -53.92156989759893 17.5 0.18
22.204364512279085 -53.912242735607514 17.5 0.18
