galstreams/tracks/track.st.Jhelum-b.bonaca2019.ecsv
# %ECSV 0.9
# ---
# datatype:
# - {name: ra, unit: deg, datatype: float64}
# - {name: dec, unit: deg, datatype: float64}
# - {name: distance, unit: kpc, datatype: float64}
# - {name: pm_ra_cosdec, unit: mas / yr, datatype: float64}
# - {name: pm_dec, unit: mas / yr, datatype: float64}
# - {name: radial_velocity, unit: km / s, datatype: float64}
# delimiter: ','
# meta: !!omap
# - __serialized_columns__:
#     dec:
#       __class__: astropy.coordinates.angles.Latitude
#       unit: &id001 !astropy.units.Unit {unit: deg}
#       value: !astropy.table.SerializedColumn {name: dec}
#     distance:
#       __class__: astropy.coordinates.distances.Distance
#       unit: !astropy.units.Unit {unit: kpc}
#       value: !astropy.table.SerializedColumn {name: distance}
#     pm_dec:
#       __class__: astropy.units.quantity.Quantity
#       unit: !astropy.units.Unit {unit: mas / yr}
#       value: !astropy.table.SerializedColumn {name: pm_dec}
#     pm_ra_cosdec:
#       __class__: astropy.units.quantity.Quantity
#       unit: !astropy.units.Unit {unit: mas / yr}
#       value: !astropy.table.SerializedColumn {name: pm_ra_cosdec}
#     ra:
#       __class__: astropy.coordinates.angles.Longitude
#       unit: *id001
#       value: !astropy.table.SerializedColumn {name: ra}
#       wrap_angle: !astropy.coordinates.Angle
#         unit: *id001
#         value: 360.0
#     radial_velocity:
#       __class__: astropy.units.quantity.Quantity
#       unit: !astropy.units.Unit {unit: km / s}
#       value: !astropy.table.SerializedColumn {name: radial_velocity}
# schema: astropy-2.0
ra,dec,distance,pm_ra_cosdec,pm_dec,radial_velocity
[from data line 145]
333.08781515923124,-48.65101076063973,12.999999999999998,6.787488831530906,-9.203353168012551,30.958062776975517
332.8726078184682,-48.6010550140528,13.0,6.762393853317958,-9.218415448506779,30.630943425634
332.6578153271434,-48.55072112473845,13.0,6.737281742336881,-9.233322449074304,30.30369112753173
332.4434392171081,-48.50001054425004,13.0,6.712153681612564,-9.248073899153166,29.97630820578031
332.2294809803068,-48.44892472804363,13.000000000000002,6.687010847635376,-9.262669541326261,29.648796984999127
332.0159420689605,-48.397465135324225,13.000000000000002,6.661854410250924,-9.27710913118344,29.321159791299905
331.80282389575615,-48.345633228893135,13.000000000000002,6.63668553255303,-9.291392437182381,28.993398952272308
331.5901278340418,-48.29343047499644,13.000000000000002,6.611505370779908,-9.305519240508328,28.665516796969833
331.37785521802806,-48.240858343174715,12.999999999999998,6.586315074213541,-9.319489334932769,28.33751565589425
331.16600734299476,-48.18791830611396,13.000000000000002,6.561115785082195,-9.333302526671108,28.009397860980577
330.9545854655037,-48.13461183949772,13.0,6.535908638466183,-9.346958634239435,27.681165745583804
330.7435908036166,-48.08094042186056,13.0,6.51069476220666,-9.360457488310377,27.352821644463344
330.5330245371179,-48.02690553444269,13.000000000000002,6.485475276817609,-9.373798931568246,27.024367893767764
330.32288780774365,-47.972508661045964,12.999999999999998,6.4602512954009255,-9.386982818563373,26.69580683102158
330.113181719414,-47.91775128789123,13.000000000000002,6.435023923564552,-9.400009015565836,26.367140795109407
329.90390733847164,-47.86263490347688,13.000000000000002,6.409794259343691,-9.41287740041859,26.03837212626098
329.69506569392456,-47.80716099843885,13.000000000000002,6.38456339312509,-9.425587862390033,25.709503166037948
329.48665777769287,-47.751331065412,13.000000000000002,6.359332407574241,-9.438140302026147,25.38053625731739
329.2786845448607,-47.69514659889275,13.000000000000002,6.334102377565685,-9.450534631002164,25.051473744278745
329.07114691393167,-47.63860909510323,13.000000000000004,6.308874370116168,-9.462770771973979,24.722317972387568
328.86404576708884,-47.58172005185676,12.999999999999998,6.2836494443208455,-9.474848658429181,24.393071288382664
328.6573819504583,-47.52448096842481,13.000000000000002,6.258428651292229,-9.486768234537909,24.063736040259133
328.45115627437673,-47.46689334540533,13.000000000000002,6.233213034102195,-9.498529455003526,23.734314577256193
328.2453695136628,-47.40895868459251,12.999999999999998,6.208003627726681,-9.510132284913162,23.404809249840078
328.0400224078911,-47.350678488848075,12.999999999999998,6.18280145899327,-9.52157669958821,23.075222409690717
327.8351156616708,-47.292054261973945,12.999999999999998,6.157607546531576,-9.532862684434788,22.74555640968699
327.6306499449264,-47.23308750858645,13.0,6.132422900726309,-9.543990234794272,22.415813603891937
327.426625893182,-47.173779733991935,13.000000000000002,6.107248523673112,-9.55495935579393,22.08599634753727
327.2230441078487,-47.11413244406388,13.000000000000002,6.0820854091370595,-9.56577006219766,21.756106997009958
327.01990515651414,-47.05414714512162,12.999999999999998,6.056934542513806,-9.576422378256966,21.426147909836637
326.8172095732356,-46.99382534381037,12.999999999999998,6.031796900793336,-9.586916337562158,21.096121444669063
326.6149578588346,-46.933168546982905,12.999999999999998,6.006673452526348,-9.597251982893836,20.766029961269687
326.4131504811951,-46.87217826158267,12.999999999999993,5.981565157793092,-9.607429366074719,20.435875820496946
326.21178787556266,-46.810855994528474,12.999999999999996,5.956472968174765,-9.617448547821862,20.105661384290354
326.0108704448468,-46.74920325260062,12.999999999999996,5.931397826727392,-9.627309597599282,19.775389015655477
325.8103985599247,-46.687221542328636,12.999999999999996,5.906340667958089,-9.637012593471052,19.445061078649868
325.6103725599473,-46.62491236988046,12.999999999999993,5.88130241780377,-9.646557621954901,19.1146799383681
325.4107927526468,-46.56227724095323,12.999999999999993,5.856283993612162,-9.655944777876362,18.784247960927313
325.2116594146459,-46.49931766066548,12.999999999999993,5.831286304125182,-9.665174164223526,18.453767513451695
325.01297279176873,-46.436035133451064,12.999999999999993,5.80631024946458,-9.674245892002368,18.123240964059494
324.81473309935274,-46.37243116295435,12.999999999999988,5.781356721119779,-9.683160080092811,17.792670681845827
324.61694052256263,-46.3085072519272,12.99999999999999,5.756426601937995,-9.691916855105372,17.46205903687057
324.4195952167045,-46.24426490212728,12.99999999999999,5.731520766116467,-9.700516351238686,17.131408400141503
324.22269730754215,-46.179705614218044,12.999999999999988,5.7066400791968235,-9.708958710137633,16.80072114360121
324.02624689161337,-46.114830887670145,12.999999999999988,5.681785398061508,-9.717244080752396,16.46999964011142
323.83024403654764,-46.0496422206644,12.999999999999984,5.6569575709323425,-9.725372619198243,16.139246263439038
323.6346887813843,-45.98414110999634,12.999999999999984,5.63215743737094,-9.733344488616243,15.808463388240181
323.4395811368917,-45.91832905098214,12.999999999999982,5.607385828281235,-9.741159859034799,15.477653390047283
323.24492108588646,-45.85220753736623,12.99999999999998,5.582643565913858,-9.748818907232144,15.146818645252766
323.0507085835534,-45.785778061230324,12.999999999999979,5.557931463872402,-9.75632181659974,14.81596153109554
322.85694355776565,-45.71904211290395,12.999999999999979,5.533250327121552,-9.763668777006675,14.485084425645281
322.66362590940554,-45.65200118087647,12.999999999999975,5.5086009519970425,-9.770859984665012,14.154189707788674
322.47075551268466,-45.58465675171075,12.999999999999973,5.4839841262173055,-9.777895641996174,13.823279757213966
322.2783322154649,-45.517010309958096,12.99999999999997,5.4594006288969625,-9.784775957498356,13.492356954396806
322.08635583957886,-45.44906333807485,12.999999999999968,5.434851230561882,-9.791501145615008,13.161423680585171
