galstreams/tracks/track.st.Jhelum-a.shipp2019.ecsv
# %ECSV 0.9
# ---
# datatype:
# - {name: ra, unit: deg, datatype: float64}
# - {name: dec, unit: deg, datatype: float64}
# - {name: distance, unit: kpc, datatype: float64}
# - {name: pm_ra_cosdec, unit: mas / yr, datatype: float64}
# - {name: pm_dec, unit: mas / yr, datatype: float64}
# - {name: radial_velocity, unit: km / s, datatype: float64}
# delimiter: ','
# meta: !!omap
# - __serialized_columns__:
#     dec:
#       __class__: astropy.coordinates.angles.Latitude
#       unit: &id001 !astropy.units.Unit {unit: deg}
#       value: !astropy.table.SerializedColumn {name: dec}
#     distance:
#       __class__: astropy.coordinates.distances.Distance
#       unit: !astropy.units.Unit {unit: kpc}
#       value: !astropy.table.SerializedColumn {name: distance}
#     pm_dec:
#       __class__: astropy.units.quantity.Quantity
#       unit: !astropy.units.Unit {unit: mas / yr}
#       value: !astropy.table.SerializedColumn {name: pm_dec}
#     pm_ra_cosdec:
#       __class__: astropy.units.quantity.Quantity
#       unit: !astropy.units.Unit {unit: mas / yr}
#       value: !astropy.table.SerializedColumn {name: pm_ra_cosdec}
#     ra:
#       __class__: astropy.coordinates.angles.Longitude
#       unit: *id001
#       value: !astropy.table.SerializedColumn {name: ra}
#       wrap_angle: !astropy.coordinates.Angle
#         unit: *id001
#         value: 360.0
#     radial_velocity:
#       __class__: astropy.units.quantity.Quantity
#       unit: !astropy.units.Unit {unit: km / s}
#       value: !astropy.table.SerializedColumn {name: radial_velocity}
# schema: astropy-2.0
ra,dec,distance,pm_ra_cosdec,pm_dec,radial_velocity
[from data line 1231]
340.8740599639343,-50.71480053528036,13.199999999992484,6.029023312052308,-4.8125414870317655,-8.361804918428972e-09
340.88958817060393,-50.71673105393412,13.199999999992494,6.029883229980111,-4.811394428124426,-8.348314849486916e-09
340.9051176537408,-50.71865951959766,13.199999999992501,6.030743050560158,-4.810247070974876,-8.335043720490237e-09
340.92064841218365,-50.72058593194371,13.199999999992505,6.031602773580989,-4.809099415687087,-8.321486285411143e-09
340.93618044477086,-50.72251029064526,13.199999999992514,6.032462398831143,-4.807951462365199,-8.30787832572927e-09
340.9517137503396,-50.72443259537557,13.19999999999252,6.03332192609916,-4.806803211113569,-8.294405098321473e-09
340.96724832772634,-50.72635284580814,13.19999999999253,6.034181355173586,-4.805654662036716,-8.281016078584977e-09
340.9827841757668,-50.72827104161678,13.199999999992533,6.035040685842977,-4.804505815239347,-8.267492326574402e-09
340.99832129329593,-50.73018718247552,13.19999999999254,6.035899917895885,-4.8033566708263535,-8.254002257632346e-09
341.01385967914774,-50.73210126805872,13.199999999992546,6.03675905112087,-4.802207228902816,-8.24054587175881e-09
341.0293993321555,-50.734013298040956,13.199999999992555,6.0376180853065025,-4.8010574895739895,-8.227106327419534e-09
341.0449402511517,-50.7359232720971,13.19999999999256,6.038477020241352,-4.799907452945328,-8.213666783080258e-09
341.06048243496804,-50.73783118990229,13.199999999992565,6.039335855713999,-4.7987571191224445,-8.200210397206722e-09
341.0760258824355,-50.73973705113194,13.199999999992576,6.040194591513024,-4.797606488211158,-8.186821377470224e-09
341.0915705923841,-50.74164085546172,13.199999999992583,6.041053227427023,-4.796455560317462,-8.173162893185572e-09
341.10711656364305,-50.74354260256759,13.199999999992588,6.041911763244582,-4.7953043355475415,-8.159571775037958e-09
341.12266379504086,-50.74544229212574,13.199999999992595,6.042770198754305,-4.794152814007761,-8.146199596835721e-09
341.1382122854053,-50.74733992381269,13.199999999992603,6.043628533744806,-4.793000995804666,-8.132692686359405e-09
341.15376203356317,-50.74923549730517,13.199999999992608,6.044486768004687,-4.791848881044996,-8.119168934348831e-09
341.1693130383406,-50.75112901228024,13.199999999992615,6.0453449013225855,-4.790696469835658,-8.105914646886411e-09
341.18486529856295,-50.75302046841521,13.199999999992622,6.046202933487126,-4.789543762283749,-8.092256162601758e-09
341.2004188130547,-50.754909865387646,13.199999999992631,6.047060864286939,-4.788390758496561,-8.078698727522664e-09
341.21597358063946,-50.756797202875376,13.199999999992638,6.047918693510671,-4.787237458581565,-8.065326549320427e-09
341.2315296001402,-50.75868248055655,13.199999999992645,6.048776420946974,-4.786083862646408,-8.051802797309851e-09
341.247086870379,-50.760565698109545,13.199999999992652,6.049634046384505,-4.784929970798931,-8.038413777573355e-09
341.26264539017717,-50.762446855213035,13.199999999992656,6.050491569611928,-4.78377578314716,-8.024957391699819e-09
341.2782051583554,-50.764325951545956,13.199999999992665,6.051348990417926,-4.782621299799279,-8.011265224346647e-09
341.2937661737332,-50.76620298678753,13.199999999992674,6.052206308591182,-4.781466520863696,-7.99790988767867e-09
341.30932843512966,-50.76807796061725,13.199999999992679,6.053063523920379,-4.780311446448978,-7.984402977202353e-09
341.32489194136286,-50.769950872714844,13.199999999992686,6.053920636194226,-4.779156076663883,-7.971013957465857e-09
341.3404566912502,-50.77182172276039,13.199999999992693,6.054777645201427,-4.778000411617349,-7.957473363921022e-09
341.3560226836082,-50.773690510434164,13.199999999992695,6.055634550730707,-4.776844451418506,-7.944000136513226e-09
341.3715899172526,-50.77555723541676,13.199999999992706,6.056491352570788,-4.77568819617666,-7.93052690910543e-09
341.3871583909985,-50.777421897389054,13.199999999992713,6.057348050510407,-4.774531646001302,-7.916935790957816e-09
341.40272810366,-50.779284496032155,13.199999999992718,6.058204644338323,-4.773374801002113,-7.903327831275942e-09
341.4182990540505,-50.781145031027485,13.199999999992723,6.059061133843273,-4.772217661288957,-7.890023019210744e-09
341.4338712409827,-50.78300350205674,13.19999999999273,6.059917518814042,-4.771060226971872,-7.876364534926091e-09
341.44944466326825,-50.78485990880185,13.199999999992738,6.060773799039395,-4.769902498161096,-7.862992356723854e-09
341.4650193197184,-50.78671425094506,13.199999999992745,6.06162997430813,-4.768744474967032,-7.849468604713279e-09
341.4805952091433,-50.78856652816892,13.199999999992755,6.062486044409036,-4.767586157500282,-7.835826961962886e-09
341.4961723303524,-50.790416740156175,13.199999999992759,6.063342009130931,-4.766427545871634,-7.82238741762361e-09
341.5117506821544,-50.792264886589905,13.199999999992766,6.064197868262625,-4.765268640192048,-7.808880507147294e-09
341.52733026335716,-50.79411096715346,13.199999999992773,6.065053621592958,-4.764109440572673,-7.795525170479317e-09
341.5429110727678,-50.795954981530436,13.199999999992778,6.06590926891077,-4.762949947124843,-7.782051943071521e-09
341.55849310919274,-50.79779692940477,13.199999999992786,6.066764810004909,-4.7617901599600785,-7.768561874129466e-09
341.5740763714374,-50.799636810460605,13.19999999999279,6.067620244664254,-4.760630079190076,-7.754886548310553e-09
341.5896608583065,-50.801474624382394,13.1999999999928,6.068475572677669,-4.759469704926726,-7.741514370108316e-09
341.6052465686042,-50.80331037085488,13.199999999992809,6.069330793834049,-4.758309037282095,-7.727973776563481e-09
341.6208335011334,-50.805144049563076,13.19999999999281,6.070185907922302,-4.757148076368443,-7.714450024552906e-09
341.6364216546968,-50.80697566019226,13.199999999992821,6.0710409147313324,-4.755986822298199,-7.700875747939553e-09
341.6520110280958,-50.80880520242799,13.199999999992826,6.071895814050075,-4.75482527518399,-7.687385678997497e-09
341.66760162013134,-50.81063267595612,13.199999999992835,6.072750605667465,-4.753663435138622,-7.67389561005544e-09
341.6831934296035,-50.81245808046278,13.199999999992839,6.073605289372459,-4.7525013022750855,-7.660489748784685e-09
341.6987864553115,-50.81428141563436,13.199999999992848,6.074459864954025,-4.751338876706547,-7.646848106034291e-09
341.71438069605387,-50.81610268115756,13.199999999992855,6.0753143322011365,-4.750176158546374,-7.633391720160754e-09
341.7299761506283,-50.817921876719325,13.19999999999286,6.076168690902792,-4.749013147908104,-7.619969017355738e-09
341.7455728178319,-50.81973900200691,13.199999999992865,6.0770229408480025,-4.747849844905462,-7.606394740742385e-09
341.76117069646057,-50.82155405670784,13.199999999992876,6.0778770818257755,-4.746686249652355,-7.59283730566329e-09
341.77676978530985,-50.82336704050991,13.19999999999288,6.078731113625165,-4.745522362262883,-7.579279870584195e-09
341.7923700831743,-50.825177953101196,13.199999999992889,6.079585036035204,-4.7443581828513235,-7.566008741587517e-09
341.80797158884786,-50.82698679417009,13.199999999992892,6.080438848844967,-4.743193711532131,-7.552434464974162e-09
341.8235743011235,-50.82879356340523,13.1999999999929,6.0812925518435295,-4.742028948419954,-7.53877598068951e-09
341.83917821879345,-50.83059826049553,13.199999999992906,6.082146144819987,-4.740863893629623,-7.525319594815974e-09
341.8547833406493,-50.83240088513022,13.199999999992913,6.08299962756345,-4.7396985472761495,-7.511779001271139e-09
341.8703896654817,-50.834201436998775,13.19999999999292,6.083852999863037,-4.738532909474737,-7.498373140000382e-09
341.8859971920807,-50.83599991579098,13.199999999992928,6.084706261507893,-4.7373669803407585,-7.484916754126847e-09
341.90160591923546,-50.83779632119688,13.199999999992931,6.085559412287175,-4.736200759989779,-7.471359319047751e-09
341.9172158457344,-50.83959065290683,13.199999999992938,6.08641245199005,-4.735034248537552,-7.457953457776996e-09
341.9328269703651,-50.84138291061146,13.199999999992947,6.087265380405712,-4.733867446100007,-7.444294973492341e-09
341.94843929191455,-50.843173094001635,13.199999999992956,6.088118197323354,-4.73270035279326,-7.430788063016027e-09
341.96405280916866,-50.84496120276858,13.19999999999296,6.088970902532208,-4.731532968733617,-7.417314835608231e-09
341.979667520913,-50.84674723660377,13.199999999992967,6.089823495821507,-4.7303652940375525,-7.403656351323578e-09
341.99528342593186,-50.84853119519892,13.199999999992974,6.090675976980501,-4.729197328821743,-7.390284173121341e-09
342.01090052300924,-50.85031307824611,13.199999999992981,6.091528345798468,-4.728029073203032,-7.376541481165389e-09
342.02651881092805,-50.852092885437656,13.199999999992986,6.092380602064692,-4.726860527298464,-7.363068253757593e-09
342.0421382884705,-50.85387061646615,13.199999999992992,6.093232745568477,-4.725691691225257,-7.3495950263497975e-09
342.0577589544182,-50.8556462710245,13.199999999992999,6.094084776099145,-4.724522565100808,-7.3361217989420015e-09
342.07338080755176,-50.85741984880588,13.199999999993008,6.094936693446043,-4.723353149042708,-7.322581205397167e-09
342.08900384665117,-50.859191349503746,13.199999999993013,6.095788497398525,-4.722183443168728,-7.309141661057891e-09
342.1046280704956,-50.86096077281187,13.199999999993022,6.096640187745968,-4.721013447596819,-7.295634750581576e-09
342.1202534778635,-50.86272811842426,13.199999999993029,6.097491764277773,-4.71984316244512,-7.281976266296922e-09
342.13588006753247,-50.86449338603525,13.199999999993034,6.098343226783347,-4.718672587831958,-7.268587246560425e-09
342.15150783827943,-50.86625657533943,13.199999999993043,6.0991945750521275,-4.717501723875831,-7.255029811481331e-09
342.1671367888805,-50.868017686031706,13.199999999993043,6.100045808873563,-4.716330570695433,-7.241455534867977e-09
342.182766918111,-50.86977671780725,13.19999999999305,6.100896928037126,-4.715159128409635,-7.227931782857402e-09
342.19839822474546,-50.871533670361536,13.199999999993059,6.101747932332306,-4.713987397137494,-7.214374347778307e-09
342.21403070755787,-50.873288543390316,13.199999999993064,6.102598821548613,-4.712815376998249,-7.2008337542334725e-09
342.22966436532124,-50.87504133658961,13.199999999993073,6.103449595475571,-4.711643068111325,-7.187326843757157e-09
342.2452991968078,-50.87679204965576,13.199999999993079,6.104300253902739,-4.710470470596329,-7.173786250212323e-09
342.2609352007892,-50.878540682285376,13.199999999993086,6.105150796619673,-4.709297584573052,-7.1603298643387865e-09
342.27657237603626,-50.88028723417537,13.199999999993093,6.106001223415979,-4.708124410161464,-7.146671380054134e-09
342.29221072131884,-50.88203170502292,13.199999999993098,6.106851534081255,-4.706950947481731,-7.133164469577819e-09
342.3078502354063,-50.883774094525506,13.199999999993105,6.107701728405135,-4.705777196654191,-7.119573351430205e-09
342.3234909170672,-50.8855144023809,13.19999999999311,6.10855180617727,-4.7046031577993705,-7.106083282488149e-09
342.3391327650692,-50.88725262828714,13.199999999993121,6.109401767187329,-4.7034288310379715,-7.092576372011834e-09
342.3547757781793,-50.8889887719426,13.199999999993123,6.110251611225008,-4.702254216490896,-7.07898525386422e-09
342.37041995516387,-50.89072283304589,13.199999999993132,6.111101338080028,-4.701079314279214,-7.065596234127723e-09
342.3860652947883,-50.892454811295934,13.199999999993137,6.11195094754212,-4.699904124524183,-7.05193774984307e-09
342.4017117958172,-50.894184706391954,13.199999999993146,6.112800439401036,-4.698728647347251,-7.0385150470380535e-09
342.41735945701475,-50.89591251803344,13.199999999993153,6.113649813446571,-4.697552882870038,-7.024974453493219e-09
342.4330082771441,-50.897638245920206,13.199999999993157,6.11449906946852,-4.696376831214356,-7.011349652277086e-09
342.4486582549676,-50.89936188975231,13.199999999993166,6.115348207256699,-4.695200492502201,-6.997960632540589e-09
342.46430938924703,-50.90108344923015,13.19999999999317,6.116197226600975,-4.694023866855742,-6.9843189897901955e-09
342.47996167874345,-50.902802924054356,13.199999999993175,6.1170461272912044,-4.692846954397341,-6.970744713176841e-09
342.4956151222169,-50.90452031392592,13.199999999993185,6.117894909117283,-4.691669755249544,-6.957103070426448e-09
342.51126971842695,-50.90623561854606,13.199999999993185,6.1187435718691265,-4.690492269535077,-6.9436466845529115e-09
342.5269254661322,-50.907948837616324,13.199999999993196,6.1195921153366735,-4.689314497376847,-6.930240823282155e-09
342.54258236409066,-50.90965997083854,13.199999999993203,6.120440539309892,-4.688136438897945,-6.916599180531762e-09
342.55824041105956,-50.91136901791482,13.199999999993207,6.121288843578771,-4.686958094221648,-6.902991220849888e-09
342.57389960579525,-50.913075978547596,13.199999999993215,6.122137027933312,-4.685779463471419,-6.889568518044872e-09
342.58955994705354,-50.914780852439556,13.19999999999322,6.122985092163552,-4.684600546770895,-6.8760447660342965e-09
342.60522143358935,-50.91648363929371,13.199999999993228,6.123833036059559,-4.683421344243902,-6.8622515494755655e-09
342.6208840641569,-50.91818433881332,13.199999999993235,6.1246808594114075,-4.682241856014453,-6.848896212807588e-09
342.6365478375095,-50.919882950702004,13.199999999993244,6.125528562009208,-4.681062082206739,-6.835422985399793e-09
342.6522127524001,-50.92157947466361,13.199999999993247,6.126376143643097,-4.679882022945131,-6.821899233389217e-09
342.66787880758056,-50.92327391040234,13.199999999993253,6.12722360410323,-4.678701678354187,-6.808274432173084e-09
342.6835460018021,-50.92496625762263,13.199999999993262,6.1280709431797895,-4.6775210485586545,-6.794750680162509e-09
342.6992143338151,-50.92665651602923,13.199999999993267,6.128918160662991,-4.67634013368345,-6.781226928151934e-09
342.7148838023695,-50.92834468532722,13.199999999993274,6.1297652563430605,-4.675158933853683,-6.7675516023330215e-09
342.73055440621414,-50.93003076522193,13.199999999993281,6.130612230010262,-4.673977449194648,-6.754061533390966e-09
342.7462261440973,-50.93171475541898,13.199999999993283,6.131459081454885,-4.672795679831817,-6.74063883058595e-09
342.76189901476647,-50.933396655624335,13.199999999993292,6.132305810467239,-4.67161362589084,-6.7270477124383355e-09
342.77757301696846,-50.93507646554422,13.199999999993297,6.13315241683766,-4.670431287497561,-6.713406069687942e-09
342.79324814944925,-50.936754184885146,13.199999999993308,6.1339989003565165,-4.669248664778002,-6.6999496838144065e-09
342.80892441095415,-50.93842981335394,13.199999999993311,6.134845260814205,-4.668065757858367,-6.686409090269572e-09
342.8246018002277,-50.940103350657715,13.199999999993318,6.135691498001144,-4.6668825668650395,-6.67264955677936e-09
342.84028031601366,-50.94177479650388,13.199999999993324,6.136537611707772,-4.665699091924601,-6.659277378577123e-09
342.8559599570551,-50.943444150600136,13.199999999993327,6.1373836017245775,-4.664515333163795,-6.64560205275821e-09
342.8716407220944,-50.94511141265452,13.199999999993338,6.138229467842049,-4.663331290709561,-6.631994093076336e-09
342.88732260987314,-50.94677658237528,13.199999999993342,6.139075209850719,-4.662146964689019,-6.618487182600022e-09
342.9030056191321,-50.94843965947105,13.199999999993352,6.139920827541148,-4.660962355229469,-6.604828698315368e-09
342.9186897486114,-50.95010064365071,13.199999999993356,6.1407663207039205,-4.659777462458398,-6.591338629373313e-09
342.93437499705055,-50.951759534623434,13.199999999993365,6.141611689129647,-4.65859228650347,-6.577915926568297e-09
342.95006136318807,-50.95341633209874,13.19999999999337,6.142456932608976,-4.657406827492537,-6.564375333023462e-09
342.9657488457619,-50.955071035786396,13.199999999993375,6.143302050932573,-4.6562210855536295,-6.550801056410108e-09
342.9814374435092,-50.95672364539649,13.199999999993382,6.144147043891144,-4.65503506081496,-6.537142572125454e-09
