galstreams/tracks/track.st.NGC3201-Gjoll.palau2021.ecsv
# %ECSV 0.9
# ---
# datatype:
# - {name: ra, unit: deg, datatype: float64}
# - {name: dec, unit: deg, datatype: float64}
# - {name: distance, unit: kpc, datatype: float64}
# - {name: pm_ra_cosdec, unit: mas / yr, datatype: float64}
# - {name: pm_dec, unit: mas / yr, datatype: float64}
# - {name: radial_velocity, unit: km / s, datatype: float64}
# delimiter: ','
# meta: !!omap
# - __serialized_columns__:
#     dec:
#       __class__: astropy.coordinates.angles.Latitude
#       unit: &id001 !astropy.units.Unit {unit: deg}
#       value: !astropy.table.SerializedColumn {name: dec}
#     distance:
#       __class__: astropy.coordinates.distances.Distance
#       unit: !astropy.units.Unit {unit: kpc}
#       value: !astropy.table.SerializedColumn {name: distance}
#     pm_dec:
#       __class__: astropy.units.quantity.Quantity
#       unit: !astropy.units.Unit {unit: mas / yr}
#       value: !astropy.table.SerializedColumn {name: pm_dec}
#     pm_ra_cosdec:
#       __class__: astropy.units.quantity.Quantity
#       unit: !astropy.units.Unit {unit: mas / yr}
#       value: !astropy.table.SerializedColumn {name: pm_ra_cosdec}
#     ra:
#       __class__: astropy.coordinates.angles.Longitude
#       unit: *id001
#       value: !astropy.table.SerializedColumn {name: ra}
#       wrap_angle: !astropy.coordinates.Angle
#         unit: *id001
#         value: 360.0
#     radial_velocity:
#       __class__: astropy.units.quantity.Quantity
#       unit: !astropy.units.Unit {unit: km / s}
#       value: !astropy.table.SerializedColumn {name: radial_velocity}
# schema: astropy-2.0
ra,dec,distance,pm_ra_cosdec,pm_dec,radial_velocity
[from data line 3171]
67.31129233055088,0.5024701363558536,3.4008420293824146,18.142343122407816,-19.11658389390708,-8.578656513557444e-14
67.31851496356443,0.49552753980078634,3.400112491313469,18.145687670841486,-19.120294605605107,-1.2315371927438294e-13
67.3257374552666,0.48858479586258413,3.3993838631994886,18.149031846024137,-19.124004514192094,-8.526026718995742e-14
67.33295980597214,0.48164190476161634,3.3986561451838737,18.15237564714689,-19.12771361837155,-8.052358567940423e-14
67.34018201599551,0.4746988667183554,3.397929337409111,18.15571907340102,-19.131421916847373,-5.789277401787233e-14
67.34740408565155,0.46775568195332196,3.397203440017077,18.159062123977794,-19.135129408323326,-1.0736478090587231e-13
67.35462601525491,0.46081235068710014,3.3964784531489167,18.16240479806873,-19.138836091503514,-9.47336302110638e-14
67.36184780512035,0.4538688731401753,3.395754376945045,18.165747094865306,-19.14254196509219,-4.684051715991488e-14
67.36906945556282,0.4469252495332303,3.395031211545137,18.169089013559184,-19.146247027793628,-7.420801033199997e-14
67.37629096689705,0.4399814800869509,3.3943089570882004,18.172430553342153,-19.14995127831251,-7.94709897881702e-14
67.3835123394381,0.4330375650220123,3.393587613712512,18.17577171340608,-19.15365471535347,-6.341890244685105e-14
67.39073357350075,0.42609350455918305,3.39286718155558,18.17911249294303,-19.157357337621495,-1.2604835797527655e-13
67.39795466940026,0.4191492989193136,3.3921476607541905,18.182452891145036,-19.16105914382157,-9.052324664612763e-14
67.40517562745157,0.4122049483232458,3.391429051444571,18.185792907204274,-19.164760132658927,-8.420767129872338e-14
67.41239644796978,0.40526045299181984,3.390711353762045,18.189132540313214,-19.168460302839016,-9.157584253736168e-14
67.41961713127017,0.3983158131459623,3.3899945678412737,18.19247178966422,-19.17215965306729,-9.47336302110638e-14
67.42683767766783,0.3913710290067145,3.3892786938162685,18.195810654449804,-19.17585818204961,-7.683950006008508e-14
67.43405808747816,0.38442610079504896,3.3885637318202577,18.199149133862758,-19.17955588849182,-8.7102309999617e-14
67.44127836101633,0.3774810287320253,3.3878496819857156,18.202487227095663,-19.183252771099973,-1.2104852749191486e-14
67.44849849859786,0.37053581303878985,3.387136544444537,18.20582493334156,-19.186948828580437,-1.3420597613234039e-14
67.45571850053798,0.36359045393645767,3.3864243193278503,18.20916225179348,-19.190644059639553,-6.71029880661702e-14
67.46293836715225,0.3566449516462245,3.3857130067659766,18.21249918164436,-19.194338462983858,-1.2841669873055315e-13
67.4701580987562,0.34969930638926067,3.3850026068887193,18.215835722087732,-19.198032037320424,-7.236596752234041e-14
67.47737769566537,0.34275351838701545,3.3842931198248447,18.219171872316743,-19.201724781355917,-8.236562848906381e-14
67.4845971581953,0.3358075878606528,3.383584545702789,18.22250763152489,-19.205416693797638,-1.0736478090587231e-13
67.49181648666176,0.32886151503157157,3.382876884650031,18.225842998905794,-19.209107773352795,-8.473396924434041e-14
67.49903568138039,0.32191530012118214,3.3821701367934187,18.22917797365325,-19.212798018729092,-3.9998643866893604e-14
67.50625474266688,0.31496894335097725,3.3814643022590567,18.232512554960955,-19.21648742863408,-4.73668151055319e-14
67.5134736708371,0.3080224449424603,3.3807593811723913,18.23584674202284,-19.220176001775545,-1.1052256857957444e-13
67.5206924662069,0.30107580511704346,3.3800553736581116,18.23918053403305,-19.223863736861695,-9.157584253736168e-14
67.52791112909212,0.29412902409644853,3.3793522798401887,18.242513930185726,-19.22755063260068,-5.920851888191488e-14
67.53512965980869,0.2871821021022095,3.3786500998419555,18.245846929675235,-19.231236687701028,-1.044701422049787e-13
67.54234805867272,0.2802350393560173,3.37794883378597,18.24917953169579,-19.234921900871225,-1.0815422782429784e-13
67.5495663260001,0.27328783607951357,3.37724848179411,18.252511735442273,-19.23860627082017,-9.97334606944255e-14
67.55678446210698,0.26634049249458086,3.37654904398753,18.255843540109,-19.24228979625684,-7.157652060391487e-14
67.56400246730948,0.2593930088229548,3.3758505204866633,18.259174944890926,-19.24597247589026,-1.3973210456131912e-13
67.57122034192382,0.2524453852863908,3.3751529114113157,18.26250594898298,-19.24965430843004,-3.9998643866893604e-14
67.57843808626615,0.2454976221068756,3.3744562168804797,18.26583655158007,-19.253335292585483,-5.552443326259573e-14
67.58565570065281,0.23854971950632864,3.373760437012553,18.269166751877524,-19.25701542706662,-1.2236427235595742e-13
67.59287318540011,0.23160167770660628,3.373065571925137,18.272496549070414,-19.260694710583135,-6.71029880661702e-14
67.60009054082443,0.2246534969297661,3.3723716217351734,18.275825942354157,-19.264373141845237,-3.710400516599999e-14
67.60730776724208,0.2177051773979053,3.3716785865587955,18.279154930924406,-19.268050719563394,-8.236562848906381e-14
67.6145248649696,0.21075671933304208,3.370986466511667,18.282483513976608,-19.271727442447908,-5.447183737136169e-14
67.6217418343236,0.20380812295734566,3.3702952617085287,18.28581169070672,-19.2754033092097,-7.841839389693615e-14
67.6289586756205,0.1968593884930379,3.369604972263495,18.28913946031053,-19.2790783185596,-7.315541444076594e-14
67.63617538917694,0.18991051616228563,3.36891559829005,18.292466821984096,-19.282752469208802,-7.512903173682977e-14
67.64339197530964,0.18296150618732057,3.3682271399007284,18.295793774923464,-19.28642575986844,-5.841907196348934e-14
67.65060843433523,0.17601235879042978,3.367539597207702,18.29912031832502,-19.290098189250294,-5.35508159665319e-14
67.65782476657043,0.1690630741940802,3.366852970322172,18.302446451385013,-19.293769756065803,-1.3381125267312763e-13
67.66504097233214,0.1621136526206195,3.3661672593548566,18.305772173300152,-19.297440459027136,-9.894401377599997e-14
67.67225705193715,0.15516409429236233,3.365482464415587,18.309097483266942,-19.301110296846304,-9.460205572465955e-14
67.67947300570232,0.14821439943192624,3.3647985856135842,18.312422380482143,-19.304779268235553,-9.012852318691487e-14
67.68668883394461,0.14126456826176978,3.3641156230573164,18.315746864142714,-19.308447371907608,-6.8550307416617e-14
67.69390453698102,0.1343146010043628,3.3634335768546224,18.319070933445637,-19.312114606575054,-4.131438873093616e-14
67.70112011512856,0.1273644978823875,3.3627524471126056,18.32239458758814,-19.31578097095094,-8.82864803772553e-14
67.70833556870431,0.12041425911855687,3.3620722339376443,18.325717825767526,-19.319446463748385,-4.934043240159573e-14
67.7155508980254,0.11346388493548619,3.361392937435512,18.329040647181078,-19.32311108368067,-9.604937507510636e-14
67.72276610340903,0.10651337555584317,3.3607145577112307,18.332363051026356,-19.32677482946142,-8.776018243163827e-14
67.72998118517238,0.09956273120250705,3.3600370948690106,18.33568503650124,-19.330437699804513,-8.407609681231913e-14
67.73719614363264,0.09261195209817073,3.3593605490125062,18.339006602803295,-19.33409969342378,-1.0229916317930848e-13
67.74441097910734,0.0856610384657906,3.358684920244707,18.342327749130707,-19.337760809033586,-3.868289900285105e-14
67.75162569191366,0.07870999052817838,3.358010208667805,18.345648474681255,-19.341421045348195,-1.0920682371553189e-13
67.75884028236902,0.07175880850834977,3.3573364143833215,18.348968778653408,-19.34508040108243,-8.440503302832977e-14
67.76605475079093,0.0648074926292741,3.3566635374920644,18.352288660245325,-19.3487388749509,-6.73661370389787e-14
67.77326909749686,0.057856043113869146,3.3559915780942493,18.35560811865554,-19.352396465668825,-2.888059976573403e-14
67.78048332280436,0.050904460185355375,3.355320536289218,18.35892715308254,-19.356053171951363,-1.0854895128351061e-13
67.78769742703098,0.04395274406670094,3.3546504121758205,18.36224576272531,-19.35970899251419,-7.670792557368083e-14
67.79491141049445,0.03700089498109978,3.353981205852108,18.36556394678253,-19.36336392607289,-1.0243073766571274e-13
67.80212527351242,0.030048913151751764,3.3533129174153835,18.368881704453212,-19.367017971343383,-8.108277724662232e-14
67.80933901640255,0.023096798801921524,3.3526455469624326,18.37219903493664,-19.370671127041977,-6.864898828142019e-14
67.81655263948265,0.016144552154808665,3.3519790945891104,18.375515937431928,-19.374323391884843,-3.761385630081648e-14
67.82376614307063,0.009192173433767057,3.3513135603908637,18.378832411138525,-19.3779747645887,-9.386194923863561e-14
67.83097952748425,0.002239662862163539,3.350648944462118,18.382148455255965,-19.381625243870296,-7.287993035985703e-14
67.83819279304143,-0.004712979336634177,3.349985246896883,18.385464068983886,-19.385274828446732,-6.89614776866303e-14
67.84540594006025,-0.011665752939190295,3.3493224677883555,18.388779251522255,-19.388923517035277,-1.2053867635709837e-13
67.85261896885865,-0.018618657722026047,3.348660607229127,18.39209400207093,-19.392571308353297,-3.269625987145744e-14
67.8598318797546,-0.025571693461550152,3.347999665310971,18.39540831983009,-19.396218201118764,-6.225117888001328e-14
67.86704467306632,-0.03252485993421191,3.347339642125064,18.39872220399976,-19.399864194049346,-6.812269033580317e-14
67.8742573491119,-0.03947815691652361,3.346680537761836,18.402035653780516,-19.403509285863382,-7.029366936147338e-14
67.88146990820954,-0.04643158418468901,3.346022352311151,18.405348668372856,-19.40715347527929,-5.6248092937819134e-14
67.88868235067746,-0.05338514151509347,3.3453650858619786,18.408661246977346,-19.410796761015657,-1.2094984662711167e-13
67.89589467683403,-0.060338828684015175,3.344708738502826,18.411973388794703,-19.414439141791213,-1.2696937938010636e-13
67.90310688699746,-0.06729264546765187,3.3440533103213492,18.415285093026036,-19.41808061632532,-5.986639131393616e-14
67.91031898148624,-0.07424659164220294,3.3433988014045517,18.418596358872364,-19.42172118333715,-1.1558818630613826e-13
67.91753096061873,-0.08120066698374252,3.342745211838928,18.421907185534764,-19.42536084154624,-7.966835151777657e-14
67.9247428247134,-0.08815487126851443,3.342092541709966,18.425217572214706,-19.4289995896724,-6.874766914622339e-14
67.93195457408873,-0.09510920427246286,3.3414407911026784,18.428527518113626,-19.432637426435694,-1.1558818630613826e-13
67.93916620906334,-0.10206366577162673,3.340789960101358,18.431837022433236,-19.43627435055641,-9.144426805095742e-14
67.94637772995586,-0.10901825554205637,3.3401400487896122,18.435146084375344,-19.43991036075506,-8.914171453888296e-14
67.95358913708483,-0.11597297335959636,3.3394910572504095,18.43845470314166,-19.443545455752247,-7.815524492412763e-14
67.96080043076907,-0.12292781900021015,3.3388429855659694,18.441762877934543,-19.447179634269176,-7.315541444076594e-14
67.96801161132723,-0.12988279223970048,3.3381958338177764,18.4450706079559,-19.450812895026864,-5.407711391214892e-14
67.97522267907816,-0.1368378928539028,3.3375496020867526,18.448377892408285,-19.454445236746867,-1.0394384425936167e-13
67.98243363434057,-0.1437931206186269,3.336904290453096,18.451684730494012,-19.458076658150823,-1.0368069528655317e-13
67.98964447743349,-0.1507484753094905,3.3362598989962713,18.454991121415993,-19.461707157960777,-1.0420699323217018e-13
67.9968552086758,-0.15770395670233728,3.335616427795157,18.458297064376794,-19.465336734898887,-6.881345638942551e-14
68.00406582838643,-0.16465956457266495,3.3349738769278314,18.461602558579305,-19.46896538768743,-7.61816276280638e-14
68.01127633688438,-0.1716152986961907,3.3343322464718494,18.464907603226877,-19.472593115049364,-1.0841737679710636e-13
68.01848673448883,-0.17857115884840707,3.333691536503906,18.468212197522483,-19.476219915707382,-1.0052290761285104e-13
68.02569702151881,-0.18552714480490073,3.3330517471001726,18.47151634066956,-19.4798457883847,-1.3104818845863826e-13
68.03290719829336,-0.1924832563411269,3.332412878336063,18.47482003187172,-19.483470731804807,-6.552409422931913e-14
68.04011726513183,-0.1994394932324757,3.3317749302863384,18.478123270332425,-19.48709474469125,-8.276035194827658e-14
68.04732722235343,-0.20639585525444368,3.331137903025005,18.48142605525573,-19.490717825768098,-2.394655652557446e-14
68.05453707027736,-0.2133523421823054,3.3305017966255024,18.484728385845237,-19.494339973759253,-1.3091661397223402e-13
68.06174680922302,-0.22030895379142032,3.3298666111605026,18.488030261305475,-19.497961187389475,-8.618128859478721e-14
68.06895643950983,-0.22726568985709547,3.3292323467021565,18.491331680840617,-19.501581465383264,-9.368103431982976e-14
68.07616596145714,-0.23422255015455198,3.328599003321678,18.49463264365479,-19.505200806465446,-8.7102309999617e-14
68.08337537538439,-0.24117953445891246,3.3279665810898753,18.49793314895288,-19.508819209361334,-1.2262742132876593e-13
68.09058468161112,-0.248136642545416,3.3273350800766774,18.50123319593945,-19.51243667279628,-1.1341720728046805e-13
68.09779388045695,-0.25509387418917523,3.326704500351463,18.504532783819222,-19.516053195495893,-9.315473637421274e-14
68.10500297224135,-0.26205122916521956,3.3260748419828667,18.50783191179737,-19.519668776186233,-7.210281854953189e-14
68.11221195728406,-0.2690087072485638,3.3254461050388726,18.511130579079158,-19.523283413593493,-1.3315338024110635e-13
68.1194208359048,-0.2759663082142638,3.3248182895867817,18.51442878486965,-19.526897106444064,-1.523632552561276e-13
68.12662960842322,-0.2829240318373025,3.324191395693284,18.51772652837451,-19.530509853464725,-1.0420699323217018e-13
68.13383827515908,-0.28988187789246656,3.323565423424328,18.52102380879927,-19.534121653382364,-1.021018014497021e-13
68.14104683643228,-0.2968398461546634,3.322940372845127,18.524320625349617,-19.537732504924197,-1.0683848296025529e-13
68.14825529256267,-0.3037979363988305,3.3223162440204512,18.52761697723166,-19.541342406817847,-7.131337163110636e-14
68.1554636438701,-0.31075614839960475,3.3216930370141435,18.530912863651444,-19.544951357791007,-8.420767129872338e-14
68.16267189067459,-0.31771448193181095,3.321070751889482,18.53420828381508,-19.548559356571584,-9.262843842859572e-14
68.16988003329615,-0.3246729367701782,3.3204493887090605,18.537503236929016,-19.55216640188799,-1.2578520900246805e-13
68.1770880720548,-0.3316315126893616,3.319828947534851,18.54079772219986,-19.555772492468794,-4.789311305114892e-14
68.1842960072706,-0.33859020946389257,3.3192094284282003,18.544091738834233,-19.559377627042686,-1.021018014497021e-13
68.19150383926366,-0.34554902686850086,3.3185908314495163,18.54738528603899,-19.56298180433879,-6.789243498459573e-14
68.1987115683543,-0.35250796467762135,3.3179731566588595,18.550678363021078,-19.566585023086464,-1.1157516447080849e-13
68.20591919486257,-0.3594670226658132,3.317356404115482,18.553970968987805,-19.570187282015283,-1.1052256857957444e-13
68.21312671910883,-0.36642620060750847,3.3167405738779467,18.55726310314648,-19.573788579855293,-1.0078605658565955e-13
68.2203341414134,-0.3733854982771839,3.316125666004158,18.56055476470449,-19.5773889153364,-8.157618157063828e-14
68.22754146209662,-0.38034491544918964,3.3155116805514404,18.563845952869475,-19.580988287189157,-9.47336302110638e-14
68.23474868147883,-0.3873044518978224,3.314898617576253,18.567136666849347,-19.584586694144274,-2.763064214489361e-14
68.24195579988051,-0.3942641073974269,3.3142864771346305,18.570426905852027,-19.588184134932735,-6.44714983380851e-14
68.2491628176222,-0.4012238817222914,3.313675259281808,18.573716669085464,-19.591780608285628,-5.1840347643276585e-14
68.25636973502432,-0.4081837746465986,3.3130649640723107,18.577005955758146,-19.59537611293463,-9.447048123825529e-14
68.26357655240753,-0.4151437859445434,3.3124555915601492,18.58029476507833,-19.598970647611416,-1.1999593160068083e-13
68.27078327009245,-0.4221039153902814,3.3118471417985127,18.583583096254767,-19.60256421104817,-1.071016319330638e-13
68.27798988839973,-0.4290641627579037,3.3112396148400123,18.58687094849605,-19.60615680197709,-5.920851888191488e-14
