galstreams/tracks/track.st.NGC2298.ibata2021.ecsv
# %ECSV 0.9
# ---
# datatype:
# - {name: ra, unit: deg, datatype: float64}
# - {name: dec, unit: deg, datatype: float64}
# - {name: distance, unit: kpc, datatype: float64}
# - {name: pm_ra_cosdec, unit: mas / yr, datatype: float64}
# - {name: pm_dec, unit: mas / yr, datatype: float64}
# - {name: radial_velocity, unit: km / s, datatype: float64}
# delimiter: ','
# meta: !!omap
# - __serialized_columns__:
#     dec:
#       __class__: astropy.coordinates.angles.Latitude
#       unit: &id001 !astropy.units.Unit {unit: deg}
#       value: !astropy.table.SerializedColumn {name: dec}
#     distance:
#       __class__: astropy.coordinates.distances.Distance
#       unit: !astropy.units.Unit {unit: kpc}
#       value: !astropy.table.SerializedColumn {name: distance}
#     pm_dec:
#       __class__: astropy.units.quantity.Quantity
#       unit: !astropy.units.Unit {unit: mas / yr}
#       value: !astropy.table.SerializedColumn {name: pm_dec}
#     pm_ra_cosdec:
#       __class__: astropy.units.quantity.Quantity
#       unit: !astropy.units.Unit {unit: mas / yr}
#       value: !astropy.table.SerializedColumn {name: pm_ra_cosdec}
#     ra:
#       __class__: astropy.coordinates.angles.Longitude
#       unit: *id001
#       value: !astropy.table.SerializedColumn {name: ra}
#       wrap_angle: !astropy.coordinates.Angle
#         unit: *id001
#         value: 360.0
#     radial_velocity:
#       __class__: astropy.units.quantity.Quantity
#       unit: !astropy.units.Unit {unit: km / s}
#       value: !astropy.table.SerializedColumn {name: radial_velocity}
# schema: astropy-2.0
ra,dec,distance,pm_ra_cosdec,pm_dec,radial_velocity
[from data line 411]
97.96606039673046,-33.74363604027776,13.413564558728657,2.8549735311498545,-2.123374431339472,-4.210383564936169e-14
97.97677982566672,-33.74827680950842,13.408807402074261,2.8556600794047116,-2.1234641631685407,-4.210383564936169e-14
97.98749648345472,-33.752921712120624,13.404029384981818,2.8563520840971,-2.123554040866019,-5.894536990910637e-14
97.99821037473465,-33.75757074462706,13.39923060746176,2.857049520320089,-2.1236440619218815,-6.73661370389787e-14
98.0089215041454,-33.76222390353908,13.394411169524522,2.8577523631660897,-2.123734223836757,-6.73661370389787e-14
98.01962987632432,-33.7668811853666,13.38957117118054,2.858460587726846,-2.1238245241219307,-2.5262301389617013e-14
98.03033549590764,-33.77154258661834,13.38471071244025,2.8591741690934565,-2.1239149602993304,-5.0524602779234026e-14
98.04103836752999,-33.776208103801544,13.37982989331408,2.859893082356362,-2.124005529901532,-3.368306851948935e-14
98.05173849582486,-33.78087773342222,13.374928813812472,2.8606173026053594,-2.124096230471747,-6.73661370389787e-14
98.06243588542436,-33.78555147198504,13.370007573945852,2.8613468049295996,-2.124187059563818,-5.0524602779234026e-14
98.07313054095914,-33.79022931599323,13.365066273724661,2.8620815644175868,-2.1242780147422247,-3.368306851948935e-14
98.0838224670586,-33.79491126194879,13.36010501315933,2.862821556157189,-2.1243690935820654,-3.368306851948935e-14
98.09451166835082,-33.79959730635241,13.355123892260295,2.8635667552356407,-2.1244602936690624,-4.210383564936169e-14
98.10519814946242,-33.804287445703295,13.35012301103799,2.864317136739535,-2.1245516125995554,-5.0524602779234026e-14
98.11588191501882,-33.80898167649947,13.345102469502846,2.8650726757548455,-2.124643047980494,-4.210383564936169e-14
98.12656296964406,-33.81367999523759,13.3400623676653,2.865833347366913,-2.124734597429435,-4.210383564936169e-14
98.13724131796073,-33.8183823984129,13.335002805535781,2.8665991266604527,-2.1248262585745454,-5.894536990910637e-14
98.14791696459025,-33.82308888251939,13.329923883124733,2.867369988719562,-2.124918029054582,-5.0524602779234026e-14
98.15858991415267,-33.82779944404977,13.324825700442586,2.8681459086277203,-2.125009906518901,-7.578690416885104e-14
98.16926017126659,-33.83251407949526,13.319708357499772,2.8689268614677927,-2.1251018886274533,-2.5262301389617013e-14
98.17992774054945,-33.8372327853459,13.314571954306729,2.8697128223220303,-2.125193973050769,-5.894536990910637e-14
98.19059262661717,-33.84195555809031,13.309416590873886,2.870503766272077,-2.1252861574699664,-4.210383564936169e-14
98.20125483408452,-33.84668239421585,13.304242367211677,2.871299668398971,-2.125378439576738,-4.210383564936169e-14
98.21191436756493,-33.85141329020853,13.299049383330544,2.8721005037831495,-2.125470817073349,-3.368306851948935e-14
98.22257123167033,-33.856148242552955,13.293837739240912,2.8729062475044453,-2.125563287672641,-4.210383564936169e-14
98.2332254310115,-33.86088724773255,13.288607534953224,2.8737168746421022,-2.1256558490980124,-8.420767129872338e-15
98.24387697019792,-33.86563030222933,13.28335887047791,2.8745323602747623,-2.1257484990834272,-1.6841534259744676e-14
98.25452585383756,-33.870377402523935,13.2780918458254,2.8753526794804847,-2.125841235373408,-4.210383564936169e-14
98.26517208653723,-33.875128545095784,13.272806561006137,2.876177807336734,-2.125934055723028,-4.210383564936169e-14
98.27581567290247,-33.879883726422946,13.267503116030548,2.877007718920398,-2.126026957897906,-4.210383564936169e-14
98.28645661753728,-33.88464294298209,13.26218161090907,2.8778423893077765,-2.1261199396742123,-3.368306851948935e-14
98.29709492504462,-33.889406191248696,13.256842145652135,2.8786817935745974,-2.1262129988386533,-2.5262301389617013e-14
98.30773060002585,-33.89417346769677,13.251484820270182,2.879525906796004,-2.126306133188473,-5.894536990910637e-14
98.31836364708127,-33.898944768799105,13.246109734773642,2.880374704046578,-2.126399340531449,-7.578690416885104e-14
98.32899407080983,-33.90372009102718,13.240716989172949,2.8812281604003234,-2.1264926186858806,-5.0524602779234026e-14
98.33962187580897,-33.90849943085105,13.23530668347854,2.882086250930682,-2.126585965480603,-6.73661370389787e-14
98.35024706667507,-33.91328278473956,13.229878917700841,2.8829489507105333,-2.1266793787549627,-2.5262301389617013e-14
98.36086964800313,-33.9180701491602,13.224433791850297,2.8838162348121954,-2.1267728563588237,-3.368306851948935e-14
98.37148962438673,-33.9228615205791,13.218971405937339,2.8846880783074216,-2.1268663961525656,-4.210383564936169e-14
98.38210700041827,-33.927656895461126,13.213491859972391,2.8855644562674247,-2.1269599960070744,-3.368306851948935e-14
98.3927217806889,-33.93245627026984,13.207995253965905,2.8864453437628566,-2.1270536538037375,-1.6841534259744676e-14
98.40333396978826,-33.93725964146739,13.202481687928303,2.8873307158638215,-2.127147367434448,-8.420767129872338e-15
98.4139435723049,-33.94206700551472,13.196951261870023,2.888220547639883,-2.1272411348015936,-5.0524602779234026e-14
98.42455059282607,-33.94687835887144,13.191404075801493,2.8891148141600596,-2.1273349538180506,-5.894536990910637e-14
98.43515503593751,-33.95169369799575,13.185840229733161,2.890013490492825,-2.127428822407189,-4.210383564936169e-14
98.44575690622393,-33.956513019344676,13.180259823675447,2.8909165517061304,-2.1275227385028606,-1.6841534259744676e-14
98.45635620826853,-33.96133631937378,13.174662957638795,2.8918239728673756,-2.1276167000494004,-5.0524602779234026e-14
98.4669529466534,-33.96616359453744,13.16904973163363,2.8927357290434452,-2.1277107050016184,-4.210383564936169e-14
98.47754712595926,-33.97099484128869,13.163420245670398,2.8936517953006877,-2.1278047513247946,-4.210383564936169e-14
98.48813875076549,-33.97583005607919,13.157774599759524,2.894572146704931,-2.127898836994688,-6.73661370389787e-14
98.49872782565026,-33.98066923535935,13.152112893911443,2.895496758321478,-2.1279929599975125,-4.210383564936169e-14
98.50931435519051,-33.985512375578296,13.146435228136594,2.8964256052151143,-2.1280871183299457,-5.894536990910637e-14
98.51989834396171,-33.99035947318372,13.140741702445407,2.8973586624501135,-2.1281813099991305,-1.6841534259744676e-14
98.53047979653822,-33.99521052462213,13.135032416848318,2.8982959050902313,-2.128275533022657,-5.894536990910637e-14
98.54105871749312,-34.00006552633872,13.129307471355762,2.8992373081987153,-2.1283697854285633,-2.5262301389617013e-14
98.55163511139803,-34.00492447477726,13.123566965978169,2.900182846838307,-2.1284640652553426,-5.0524602779234026e-14
98.56220898282355,-34.00978736638035,13.11781100072598,2.901132496071245,-2.1285583705519215,-6.73661370389787e-14
98.57278033633875,-34.01465419758918,13.112039675609623,2.902086230959264,-2.1286526993776764,-4.210383564936169e-14
98.5833491765116,-34.019524964843704,13.106253090639534,2.9030440265636006,-2.1287470498024077,-3.368306851948935e-14
98.59391550790883,-34.024399664582546,13.100451345826151,2.9040058579450014,-2.128841419906352,-5.0524602779234026e-14
98.60447933509568,-34.029278293242996,13.094634541179898,2.9049717001637156,-2.12893580778018,-3.368306851948935e-14
98.6150406626363,-34.03416084726106,13.088802776711226,2.9059415282795036,-2.1290302115249773,-4.210383564936169e-14
98.62559949509361,-34.0390473230715,13.082956152430555,2.906915317351642,-2.1291246292522525,-5.0524602779234026e-14
98.63615583702908,-34.04393771710765,13.077094768348326,2.9078930424389227,-2.129219059083937,-4.210383564936169e-14
98.64670969300305,-34.04883202580164,13.071218724474969,2.9088746785996573,-2.12931349915237,-5.894536990910637e-14
98.65726106757462,-34.0537302455843,13.065328120820919,2.909860200891681,-2.1294079476003,-4.210383564936169e-14
98.66780996530144,-34.05863237288506,13.05942305739661,2.9108495843723508,-2.1295024025808877,-5.894536990910637e-14
98.67835639074019,-34.063538404132174,13.05350363421248,2.9118428040985567,-2.129596862257688,-5.894536990910637e-14
98.68890034844601,-34.068448335752485,13.047569951278964,2.912839835126715,-2.129691324804664,-8.420767129872338e-15
98.69944184297292,-34.073362164171606,13.041622108606488,2.9138406525127807,-2.129785788406168,-5.894536990910637e-14
98.70998087887375,-34.07827988581386,13.035660206205494,2.914845231312244,-2.129880251256943,-5.0524602779234026e-14
98.72051746069987,-34.083201497102195,13.029684344086412,2.9158535465801325,-2.1299747115621273,-2.5262301389617013e-14
98.73105159300157,-34.08812699445833,13.02369462225968,2.91686557337102,-2.1300691675372407,-5.894536990910637e-14
98.74158328032792,-34.09305637430269,13.017691140735726,2.9178812867390276,-2.1301636174081815,-4.210383564936169e-14
98.7521125272265,-34.09798963305431,13.011673999524993,2.918900661737818,-2.130258059411232,-2.5262301389617013e-14
98.76263933824387,-34.102926767131045,13.005643298637908,2.9199236734206115,-2.1303524917930434,-8.420767129872338e-15
98.77316371792533,-34.10786777294942,12.999599138084909,2.920950296840182,-2.1304469128106396,-2.5262301389617013e-14
98.78368567081473,-34.112812646924596,12.993541617876428,2.921980507048858,-2.1305413207314174,-2.5262301389617013e-14
98.79420520145496,-34.117761385470544,12.987470838022896,2.9230142790985316,-2.1306357138331298,-5.0524602779234026e-14
98.80472231438739,-34.12271398499983,12.981386898534753,2.924051588040654,-2.130730090403897,-2.5262301389617013e-14
98.81523701415233,-34.127670441923804,12.975289899422433,2.925092408926246,-2.1308244487421932,-4.210383564936169e-14
98.82574930528887,-34.132630752652545,12.969179940696371,2.926136716805897,-2.1309187871568467,-5.0524602779234026e-14
98.83625919233467,-34.13759491359474,12.963057122366994,2.9271844867297627,-2.1310131039670384,-8.420767129872338e-15
98.8467666798263,-34.14256292115785,12.956921544444743,2.928235693747581,-2.131107397502299,-3.368306851948935e-14
98.85727177229917,-34.14753477174808,12.950773306940052,2.9292903129086625,-2.131201666102494,-4.210383564936169e-14
98.86777447428719,-34.152510461770234,12.944612509863353,2.9303483192618973,-2.1312959081178393,-4.210383564936169e-14
98.87827479032326,-34.15748998762792,12.938439253225079,2.9314096878557643,-2.1313901219088867,-2.5262301389617013e-14
98.88877272493905,-34.16247334572346,12.932253637035664,2.932474393738323,-2.131484305846516,-1.6841534259744676e-14
98.89926828266479,-34.16746053245779,12.926055761305548,2.9335424119572218,-2.131578458311946,-2.5262301389617013e-14
98.90976146802969,-34.17245154423065,12.91984572604516,2.934613717559703,-2.131672577696718,-3.368306851948935e-14
98.92025228556173,-34.17744637744047,12.913623631264935,2.935688285592604,-2.131766662402697,-6.73661370389787e-14
98.93074073978748,-34.182445028484366,12.907389576975309,2.93676609110236,-2.1318607108420755,-2.5262301389617013e-14
98.9412268352325,-34.187447493758214,12.901143663186712,2.937847109135001,-2.1319547214373573,-4.210383564936169e-14
98.95171057642091,-34.19245376965651,12.894885989909586,2.9389313147361658,-2.132048692621364,-3.368306851948935e-14
98.96219196787577,-34.19746385257257,12.888616657154357,2.940018682951098,-2.1321426228372284,-3.368306851948935e-14
98.97267101411893,-34.20247773889841,12.882335764931465,2.9411091888246497,-2.132236510538391,-4.210383564936169e-14
98.98314771967088,-34.20749542502466,12.87604341325134,2.9422028074012836,-2.132330354188601,8.420767129872338e-15
98.99362208905097,-34.212516907340785,12.869739702124415,2.943299513725078,-2.1324241522619056,-4.210383564936169e-14
99.00409412677745,-34.21754218223493,12.863424731561132,2.944399282839729,-2.1325179032426504,-1.6841534259744676e-14
99.01456383736708,-34.2225712460939,12.857098601571924,2.9455020897885498,-2.132611605625482,-5.0524602779234026e-14
99.02503122533562,-34.22760409530329,12.850761412167213,2.9466079096144817,-2.1327052579153376,-5.894536990910637e-14
99.03549629519766,-34.23264072624741,12.844413263357445,2.9477167173600893,-2.1327988586274387,-5.0524602779234026e-14
99.04595905146633,-34.2376811353092,12.83805425515305,2.948828488067563,-2.1328924062873034,-1.6841534259744676e-14
99.0564194986538,-34.24272531887047,12.831684487564464,2.949943196778729,-2.1329858994307247,-1.6841534259744676e-14
99.06687764127084,-34.24777327331156,12.825304060602123,2.9510608185350438,-2.1330793366037826,0.0
99.07733348382713,-34.25282499501168,12.818913074276459,2.9521813283776046,-2.1331727163628313,-2.5262301389617013e-14
99.08778703083121,-34.25788048034873,12.812511628597903,2.95330470134715,-2.1332660372744963,-5.894536990910637e-14
99.09823828679018,-34.262939725699276,12.806099823576897,2.9544309124840535,-2.1333592979156832,-5.0524602779234026e-14
99.10868725621013,-34.26800272743865,12.799677759223863,2.955559936828344,-2.133452496873561,-1.6841534259744676e-14
99.11913394359597,-34.27306948194093,12.793245535549248,2.9566917494196905,-2.133545632745561,-1.6841534259744676e-14
99.1295783534512,-34.27813998557883,12.78680325256348,2.9578263252974173,-2.1336387041393854,-4.210383564936169e-14
99.1400204902783,-34.28321423472388,12.780351010276993,2.9589636395005017,-2.1337317096729898,-2.5262301389617013e-14
99.15046035857858,-34.2882922257463,12.773888908700222,2.960103667067581,-2.1338246479745866,-8.420767129872338e-15
99.16089796285196,-34.293373955014985,12.7674170478436,2.9612463830369453,-2.133917517682649,-2.5262301389617013e-14
99.17133330759734,-34.298459418897615,12.760935527717566,2.9623917624465523,-2.1340103174458918,-3.368306851948935e-14
99.18176639731243,-34.303548613760626,12.75444444833255,2.9635397803340253,-2.1341030459232826,-2.5262301389617013e-14
99.19219723649356,-34.30864153596905,12.747943909698987,2.964690411736651,-2.1341957017840376,-2.5262301389617013e-14
99.2026258296361,-34.3137381818868,12.74143401182731,2.9658436316913925,-2.1342882837076074,-4.210383564936169e-14
99.21305218123403,-34.31883854787639,12.734914854727958,2.966999415234881,-2.1343807903836916,-4.210383564936169e-14
99.22347629578029,-34.32394263029913,12.728386538411359,2.9681577374034283,-2.134473220512218,-3.368306851948935e-14
99.23389817776662,-34.32905042551507,12.721849162887947,2.9693185732330263,-2.134565572803355,-2.5262301389617013e-14
99.24431783168342,-34.3341619298829,12.715302828168163,2.97048189775934,-2.134657845977497,-3.368306851948935e-14
99.25473526202008,-34.33927713976013,12.70874763426244,2.9716476860177297,-2.1347500387652696,-8.420767129872338e-15
99.26515047326478,-34.344396051503004,12.702183681181204,2.972815913043239,-2.1348421499075245,-3.368306851948935e-14
99.27556346990441,-34.3495186614664,12.695611068934898,2.9739865538706,-2.134934178155336,-3.368306851948935e-14
99.28597425642475,-34.354644966004,12.689029897533953,2.975159583534241,-2.1350261222699967,-5.0524602779234026e-14
99.29638283731052,-34.35977496146825,12.682440266988802,2.9763349770682845,-2.1351179810230168,-5.0524602779234026e-14
99.30678921704498,-34.36490864421021,12.675842277309881,2.9775127095065512,-2.1352097531961265,-1.6841534259744676e-14
99.3171934001105,-34.370046010579806,12.669236028507623,2.978692755882564,-2.1353014375812593,-2.5262301389617013e-14
99.32759539098805,-34.37518705692556,12.662621620592466,2.9798750912295495,-2.1353930329805673,-1.6841534259744676e-14
99.33799519415756,-34.380331779594854,12.655999153574836,2.981059690580439,-2.1354845382064025,-5.0524602779234026e-14
99.34839281409785,-34.38548017493376,12.649368727465175,2.982246528967883,-2.1355759520813233,2.5262301389617013e-14
99.35878825528631,-34.390632239287,12.642730442273916,2.9834355814242297,-2.1356672734380915,-4.210383564936169e-14
99.3691815221994,-34.39578796899817,12.636084398011489,2.9846268229815522,-2.135758501119664,-5.0524602779234026e-14
99.3795726193124,-34.400947360409525,12.629430694688336,2.985820228671641,-2.1358496339791957,-5.0524602779234026e-14
99.38996155109923,-34.40611040986204,12.622769432314879,2.9870157735260063,-2.1359406708800397,-1.6841534259744676e-14
