galstreams/tracks/track.st.Svol.ibata2021.ecsv
# %ECSV 0.9
# ---
# datatype:
# - {name: ra, unit: deg, datatype: float64}
# - {name: dec, unit: deg, datatype: float64}
# - {name: distance, unit: kpc, datatype: float64}
# - {name: pm_ra_cosdec, unit: mas / yr, datatype: float64}
# - {name: pm_dec, unit: mas / yr, datatype: float64}
# - {name: radial_velocity, unit: km / s, datatype: float64}
# delimiter: ','
# meta: !!omap
# - __serialized_columns__:
#     dec:
#       __class__: astropy.coordinates.angles.Latitude
#       unit: &id001 !astropy.units.Unit {unit: deg}
#       value: !astropy.table.SerializedColumn {name: dec}
#     distance:
#       __class__: astropy.coordinates.distances.Distance
#       unit: !astropy.units.Unit {unit: kpc}
#       value: !astropy.table.SerializedColumn {name: distance}
#     pm_dec:
#       __class__: astropy.units.quantity.Quantity
#       unit: !astropy.units.Unit {unit: mas / yr}
#       value: !astropy.table.SerializedColumn {name: pm_dec}
#     pm_ra_cosdec:
#       __class__: astropy.units.quantity.Quantity
#       unit: !astropy.units.Unit {unit: mas / yr}
#       value: !astropy.table.SerializedColumn {name: pm_ra_cosdec}
#     ra:
#       __class__: astropy.coordinates.angles.Longitude
#       unit: *id001
#       value: !astropy.table.SerializedColumn {name: ra}
#       wrap_angle: !astropy.coordinates.Angle
#         unit: *id001
#         value: 360.0
#     radial_velocity:
#       __class__: astropy.units.quantity.Quantity
#       unit: !astropy.units.Unit {unit: km / s}
#       value: !astropy.table.SerializedColumn {name: radial_velocity}
# schema: astropy-2.0
ra,dec,distance,pm_ra_cosdec,pm_dec,radial_velocity
[from data line 2823]
251.3654935900498,23.14959231663418,6.452407741797589,4.180295886793143,-7.282321410670182,1.6841534259744676e-14
251.37575030449798,23.146512988179566,6.452008999198605,4.1814201169308385,-7.283663202395088,0.0
251.3860072360062,23.143434571279524,6.451610567898661,4.182543840360293,-7.285004279833833,6.73661370389787e-14
251.3962643857146,23.140357067854147,6.451212447872639,4.183667056678537,-7.286344641900813,-1.6841534259744676e-14
251.406521754764,23.13728047982329,6.4508146390954275,4.184789765482817,-7.28768428751032,8.420767129872338e-14
251.41677934429535,23.134204809106613,6.450417141541913,4.185911966370602,-7.289023215576565,0.0
251.4270371554503,23.131130057623583,6.450019955186978,4.1870336589395905,-7.290361425013687,0.0
251.43729518937073,23.128056227293428,6.449623080005515,4.188154842787695,-7.29169891473572,1.6841534259744676e-14
251.44755344719903,23.124983320035188,6.449226515972404,4.18927551751306,-7.293035683656635,0.0
251.45781193007795,23.121911337767685,6.448830263062534,4.190395682714046,-7.294371730690301,6.73661370389787e-14
251.46807063915065,23.118840282409543,6.448434321250793,4.191515337989238,-7.2957070547505065,-1.6841534259744676e-14
251.47832957556082,23.115770155879165,6.448038690512064,4.192634482937449,-7.297041654750966,1.6841534259744676e-14
251.48858874045246,23.11270096009475,6.447643370821233,4.193753117157709,-7.298375529605304,3.368306851948935e-14
251.49884813496996,23.109632696974288,6.447248362153188,4.194871240249271,-7.2997086782270495,1.6841534259744676e-14
251.50910776025825,23.106565368435565,6.446853664482819,4.195988851811615,-7.301041099529661,3.368306851948935e-14
251.5193676174626,23.10349897639615,6.446459277785005,4.19710595144444,-7.302372792426514,5.0524602779234026e-14
251.52962770772862,23.100433522773415,6.446065202034635,4.198222538747675,-7.303703755830891,-6.73661370389787e-14
251.53988803220258,23.09736900948451,6.445671437206596,4.199338613321457,-7.305033988655994,-1.6841534259744676e-14
251.5501485920309,23.09430543844638,6.445277983275772,4.2004541747661595,-7.306363489814949,3.368306851948935e-14
251.5604093883605,23.09124281157577,6.444884840217052,4.20156922268237,-7.307692258220778,5.0524602779234026e-14
251.57067042233882,23.088181130789213,6.444492008005322,4.202683756670907,-7.309020292786439,-1.6841534259744676e-14
251.5809316951136,23.08512039800302,6.444099486615466,4.203797776332802,-7.310347592424801,6.73661370389787e-14
251.591193207833,23.082060615133315,6.443707276022373,4.204911281269317,-7.311674156048641,5.0524602779234026e-14
251.60145496164566,23.079001784096,6.4433153762009265,4.206024271081931,-7.3129999825706635,3.368306851948935e-14
251.61171695770057,23.07594390680676,6.4429237871260145,4.207136745372354,-7.314325070903483,1.6841534259744676e-14
251.6219791971472,23.072886985181093,6.442532508772524,4.208248703742504,-7.315649419959634,1.6841534259744676e-14
251.63224168113538,23.069831021134277,6.442141541115337,4.209360145794533,-7.316973028651563,6.73661370389787e-14
251.64250441081535,23.066776016581382,6.441750884129342,4.210471071130816,-7.318295895891639,-1.6841534259744676e-14
251.65276738733786,23.063721973437268,6.441360537789428,4.211581479353937,-7.31961802059214,6.73661370389787e-14
251.66303061185388,23.060668893616597,6.440970502070477,4.212691370066726,-7.320939401665268,-3.368306851948935e-14
251.67329408551507,23.0576167790338,6.44058077694738,4.213800742872204,-7.322260038023136,1.6841534259744676e-14
251.6835578094732,23.054565631603122,6.440191362395018,4.214909597373643,-7.3235799285777805,6.73661370389787e-14
251.69382178488067,23.051515453238594,6.43980225838828,4.2160179331745224,-7.324899072241144,0.0
251.70408601289026,23.048466245854023,6.43941346490205,4.217125749878545,-7.3262174679251,3.368306851948935e-14
251.71435049465504,23.045418011363036,6.439024981911219,4.218233047089639,-7.327535114541428,6.73661370389787e-14
251.72461523132858,23.042370751679034,6.438636809390668,4.219339824411955,-7.328852011001826,-3.368306851948935e-14
251.73488022406497,23.039324468715197,6.4382489473152855,4.220446081449862,-7.3301681562179155,-1.6841534259744676e-14
251.74514547401856,23.03627916438453,6.437861395659957,4.221551817807951,-7.331483549101231,8.420767129872338e-14
251.75541098234407,23.033234840599803,6.437474154399571,4.222657033091039,-7.332798188563215,-1.6841534259744676e-14
251.76567675019677,23.030191499273585,6.43708722350901,4.223761726904164,-7.334112073515246,-3.368306851948935e-14
251.77594277873234,23.027149142318233,6.436700602963165,4.224865898852582,-7.335425202868604,0.0
251.7862090691068,23.02410777164591,6.436314292736917,4.225969548541776,-7.336737575534498,5.0524602779234026e-14
251.79647562247652,23.02106738916855,6.435928292805154,4.22707267557745,-7.338049190424042,-1.6841534259744676e-14
251.8067424399985,23.018027996797894,6.435542603142763,4.228175279565525,-7.339360046448277,1.0104920555846805e-13
251.81700952282986,23.01498959644548,6.435157223724631,4.229277360112148,-7.340670142518157,0.0
251.82727687212844,23.011952190022615,6.434772154525642,4.230378916823687,-7.341979477544555,6.73661370389787e-14
251.8375444890522,23.008915779440418,6.434387395520684,4.2314799493067365,-7.343288050438263,6.73661370389787e-14
251.84781237475968,23.00588036660978,6.434002946684641,4.232580457168103,-7.3445958601099885,0.0
251.85808053040986,23.00284595344141,6.433618807992403,4.233680440014823,-7.345902905470354,5.0524602779234026e-14
251.86834895716197,22.999812541845795,6.433234979418852,4.234779897454146,-7.347209185429907,-1.6841534259744676e-14
251.87861765617586,22.99678013373321,6.4328514609388785,4.2358788290935525,-7.348514698899111,1.0104920555846805e-13
251.88888662861157,22.99374873101373,6.4324682525273635,4.236977234540742,-7.349819444788338,3.368306851948935e-14
251.8991558756297,22.990718335597204,6.432085354159197,4.238075113403629,-7.351123422007889,5.0524602779234026e-14
251.9094253983912,22.98768894939331,6.4317027658092645,4.239172465290362,-7.352426629467978,-3.368306851948935e-14
251.91969519805747,22.984660574311462,6.431320487452451,4.2402692898092935,-7.353729066078741,8.420767129872338e-14
251.9299652757902,22.981633212260938,6.430938519063646,4.241365586569017,-7.355030730750225,3.368306851948935e-14
251.9402356327517,22.97860686515074,6.43055686061773,4.2424613551783334,-7.356331622392402,3.368306851948935e-14
251.95050627010448,22.975581534889702,6.430175512089594,4.243556595246271,-7.357631739915158,-3.368306851948935e-14
251.9607771890116,22.97255722338644,6.4297944734541215,4.244651306382079,-7.358931082228297,0.0
251.97104839063647,22.969533932549343,6.429413744686203,4.245745488195219,-7.360229648241546,8.420767129872338e-14
251.9813198761428,22.966511664286635,6.42903332576072,4.246839140295392,-7.3615274368645425,-1.6841534259744676e-14
251.99159164669496,22.963490420506282,6.428653216652559,4.247932262292509,-7.362824447006854,-3.368306851948935e-14
252.00186370345753,22.96047020311608,6.428273417336608,4.249024853796694,-7.364120677577953,6.73661370389787e-14
252.01213604759553,22.95745101402361,6.427893927787755,4.25011691441831,-7.365416127487238,3.368306851948935e-14
252.02240868027448,22.95443285513623,6.42751474798088,4.251208443767933,-7.366710795644031,5.0524602779234026e-14
252.03268160266015,22.951415728361088,6.427135877890877,4.252299441456354,-7.368004680957556,3.368306851948935e-14
252.04295481591882,22.948399635605153,6.426757317492625,4.253389907094595,-7.369297782336975,0.0
252.05322832121718,22.945384578775155,6.426379066761016,4.254479840293893,-7.370590098691357,0.0
252.06350211972233,22.942370559777643,6.426001125670932,4.255569240665708,-7.371881628929694,5.0524602779234026e-14
252.07377621260173,22.939357580518926,6.425623494197263,4.25665810782172,-7.373172371960891,3.368306851948935e-14
252.08405060102325,22.93634564290513,6.425246172314892,4.257746441373833,-7.374462326693781,5.0524602779234026e-14
252.09432528615514,22.933334748842185,6.424869159998705,4.258834240934172,-7.375751492037107,-6.73661370389787e-14
252.10460026916618,22.93032490023576,6.42449245722359,4.259921506115077,-7.3770398668995405,0.0
252.11487555122545,22.927316098991383,6.4241160639644335,4.2610082365291095,-7.378327450189661,-1.6841534259744676e-14
252.12515113350247,22.924308347014318,6.423739980196122,4.26209443178906,-7.379614240815974,0.0
252.1354270171671,22.921301646209663,6.423364205893538,4.263180091507932,-7.380900237686908,-1.6841534259744676e-14
252.14570320338973,22.918295998482275,6.4229887410315705,4.264265215298954,-7.382185439710801,3.368306851948935e-14
252.155979693341,22.915291405736838,6.422613585585108,4.265349802775572,-7.383469845795915,-1.6841534259744676e-14
252.16625648819215,22.912287869877783,6.422238739529032,4.266433853551452,-7.384753454850431,1.0104920555846805e-13
252.17653358911454,22.909285392809398,6.421864202838231,4.26751736724049,-7.386036265782451,-1.6841534259744676e-14
252.18681099728028,22.90628397643568,6.421489975487591,4.268600343456789,-7.387318277499994,3.368306851948935e-14
252.19708871386158,22.903283622660485,6.421116057452,4.269682781814685,-7.388599488910996,5.0524602779234026e-14
252.20736674003126,22.900284333387443,6.420742448706342,4.270764681928722,-7.3898798989233185,8.420767129872338e-14
252.2176450769624,22.897286110519968,6.420369149225503,4.271846043413678,-7.391159506444741,3.368306851948935e-14
252.22792372582862,22.89428895596128,6.419996158984371,4.27292686588454,-7.392438310382959,1.6841534259744676e-14
252.2382026878038,22.891292871614368,6.41962347795783,4.274007148956521,-7.393716309645589,-5.0524602779234026e-14
252.24848196406242,22.888297859382032,6.419251106120767,4.275086892245053,-7.3949935031401735,6.73661370389787e-14
252.25876155577907,22.88530392116687,6.4188790434480705,4.27616609536579,-7.396269889774163,5.0524602779234026e-14
252.269041464129,22.88231105887125,6.418507289914622,4.277244757934607,-7.39754546845494,3.368306851948935e-14
252.27932169028776,22.879319274397346,6.418135845495312,4.278322879567595,-7.398820238089794,5.0524602779234026e-14
252.28960223543132,22.87632856964714,6.417764710165025,4.27940045988107,-7.400094197585948,8.420767129872338e-14
252.299883100736,22.873338946522377,6.417393883898648,4.280477498491565,-7.401367345850533,1.6841534259744676e-14
252.3101642873786,22.87035040692461,6.417023366671064,4.28155399501584,-7.402639681790609,-5.0524602779234026e-14
252.32044579653632,22.867362952755187,6.416653158457164,4.282629949070858,-7.403911204313151,0.0
252.33072762938667,22.864376585915235,6.4162832592318315,4.283705360273825,-7.405181912325057,-3.368306851948935e-14
252.34100978710768,22.861391308305688,6.415913668969952,4.284780228242152,-7.406451804733143,-5.0524602779234026e-14
252.35129227087765,22.85840712182727,6.415544387646414,4.285854552593473,-7.407720880444144,-1.6841534259744676e-14
252.36157508187543,22.85542402838049,6.415175415236103,4.286928332945641,-7.408989138364722,3.368306851948935e-14
252.37185822128015,22.852442029865664,6.414806751713903,4.288001568916738,-7.410256577401451,-1.6841534259744676e-14
252.38214169027137,22.84946112818288,6.414438397054703,4.289074260125057,-7.411523196460828,-3.368306851948935e-14
252.3924254900291,22.84648132523203,6.414070351233389,4.29014640618911,-7.412788994449274,0.0
252.4027096217337,22.84350262291282,6.413702614224844,4.291218006727636,-7.414053970273127,-3.368306851948935e-14
252.4129940865659,22.840525023124687,6.413335186003959,4.292289061359587,-7.4153181228386424,1.6841534259744676e-14
252.42327888570694,22.83754852776693,6.412968066545617,4.293359569704139,-7.416581451052005,3.368306851948935e-14
252.4335640203383,22.834573138738612,6.412601255824705,4.294429531380688,-7.4178439538193155,0.0
252.4438494916421,22.831598857938577,6.412234753816107,4.295498946008848,-7.419105630046596,5.0524602779234026e-14
252.4541353008006,22.828625687265482,6.411868560494711,4.296567813208454,-7.420366478639787,-3.368306851948935e-14
252.46442144899657,22.82565362861776,6.411502675835408,4.297636132599559,-7.421626498504747,5.0524602779234026e-14
252.4747079374132,22.822682683893657,6.411137099813077,4.298703903802436,-7.4228856885472645,0.0
252.48499476723407,22.81971285499119,6.410771832402606,4.299771126437586,-7.424144047673044,-3.368306851948935e-14
252.49528193964315,22.816744143808187,6.410406873578885,4.30083780012571,-7.425401574787708,-5.0524602779234026e-14
252.5055694558248,22.813776552242246,6.410042223316794,4.301903924487749,-7.42665826879681,6.73661370389787e-14
252.51585731696375,22.810810082190784,6.409677881591224,4.302969499144854,-7.427914128605808,0.0
252.5261455242452,22.807844735550994,6.40931384837706,4.304034523718396,-7.429169153120096,6.73661370389787e-14
252.53643407885463,22.804880514219874,6.408950123649186,4.305098997829972,-7.430423341244987,-3.368306851948935e-14
252.54672298197806,22.801917420094203,6.408586707382493,4.306162921101382,-7.431676691885705,-1.6841534259744676e-14
252.55701223480187,22.79895545507056,6.408223599551864,4.307226293154663,-7.432929203947404,1.6841534259744676e-14
252.56730183851278,22.79599462104531,6.407860800132185,4.308289113612067,-7.434180876335162,1.6841534259744676e-14
252.57759179429792,22.79303491991462,6.407498309098344,4.309351382096057,-7.4354317079539705,5.0524602779234026e-14
252.5878821033448,22.79007635357445,6.407136126425222,4.310413098229331,-7.436681697708748,-3.368306851948935e-14
252.59817276684146,22.787118923920545,6.406774252087713,4.311474261634786,-7.4379308445043275,3.368306851948935e-14
252.60846378597614,22.78416263284845,6.406412686060697,4.312534871935558,-7.439179147245476,3.368306851948935e-14
252.6187551619376,22.781207482253492,6.406051428319063,4.313594928754991,-7.44042660483687,5.0524602779234026e-14
252.629046895915,22.778253474030805,6.405690478837697,4.314654431716647,-7.441673216183107,1.6841534259744676e-14
252.63933898909784,22.77530061007532,6.405329837591485,4.315713380444315,-7.442918980188722,8.420767129872338e-14
252.64963144267603,22.772348892281745,6.404969504555314,4.316771774561997,-7.444163895758154,1.6841534259744676e-14
252.65992425783983,22.76939832254458,6.404609479704067,4.31782961369392,-7.445407961795775,-6.73661370389787e-14
252.67021743578013,22.76644890275813,6.404249763012634,4.3188868974645205,-7.446651177205869,3.368306851948935e-14
252.68051097768785,22.763500634816495,6.4038903544559,4.319943625498464,-7.44789354089265,-5.0524602779234026e-14
252.6908048847546,22.760553520613552,6.40353125400875,4.320999797420628,-7.449135051760255,5.0524602779234026e-14
252.70109915817224,22.757607562042992,6.403172461646074,4.322055412856117,-7.450375708712734,5.0524602779234026e-14
252.71139379913302,22.75466276099829,6.4028139773427535,4.323110471430244,-7.451615510654068,5.0524602779234026e-14
252.72168880882967,22.751719119372712,6.402455801073675,4.324164972768553,-7.452854456488154,-1.6841534259744676e-14
252.7319841884553,22.748776639059304,6.402097932813727,4.325218916496789,-7.454092545118818,1.6841534259744676e-14
252.7422799392033,22.74583532195094,6.4017403725377955,4.326272302240936,-7.455329775449799,0.0
252.75257606226765,22.742895169940255,6.401383120220767,4.327325129627187,-7.456566146384765,1.6841534259744676e-14
252.7628725588425,22.739956184919684,6.401026175837523,4.328377398281957,-7.457801656827307,6.73661370389787e-14
252.77316943012252,22.737018368781477,6.400669539362958,4.3294291078318725,-7.459036305680929,0.0
252.78346667730284,22.73408172341766,6.400313210771953,4.330480257903778,-7.460270091849068,6.73661370389787e-14
252.7937643015788,22.73114625072004,6.399957190039395,4.3315308481247605,-7.461503014235084,-5.0524602779234026e-14
252.80406230414636,22.728211952580242,6.399601477140168,4.3325808781220925,-7.462735071742251,6.73661370389787e-14
