galstreams/tracks/track.st.C-22.ibata2024.ecsv
# %ECSV 1.0
# ---
# datatype:
# - {name: ra, unit: deg, datatype: float64}
# - {name: dec, unit: deg, datatype: float64}
# - {name: distance, unit: kpc, datatype: float64}
# - {name: pm_ra_cosdec, unit: mas / yr, datatype: float64}
# - {name: pm_dec, unit: mas / yr, datatype: float64}
# - {name: radial_velocity, unit: km / s, datatype: float64}
# delimiter: ','
# meta: !!omap
# - __serialized_columns__:
#     dec:
#       __class__: astropy.coordinates.angles.Latitude
#       unit: &id001 !astropy.units.Unit {unit: deg}
#       value: !astropy.table.SerializedColumn {name: dec}
#     distance:
#       __class__: astropy.coordinates.distances.Distance
#       unit: !astropy.units.Unit {unit: kpc}
#       value: !astropy.table.SerializedColumn {name: distance}
#     pm_dec:
#       __class__: astropy.units.quantity.Quantity
#       unit: !astropy.units.Unit {unit: mas / yr}
#       value: !astropy.table.SerializedColumn {name: pm_dec}
#     pm_ra_cosdec:
#       __class__: astropy.units.quantity.Quantity
#       unit: !astropy.units.Unit {unit: mas / yr}
#       value: !astropy.table.SerializedColumn {name: pm_ra_cosdec}
#     ra:
#       __class__: astropy.coordinates.angles.Longitude
#       unit: *id001
#       value: !astropy.table.SerializedColumn {name: ra}
#       wrap_angle: !astropy.coordinates.Angle
#         unit: *id001
#         value: 360.0
#     radial_velocity:
#       __class__: astropy.units.quantity.Quantity
#       unit: !astropy.units.Unit {unit: km / s}
#       value: !astropy.table.SerializedColumn {name: radial_velocity}
# schema: astropy-2.0
ra,dec,distance,pm_ra_cosdec,pm_dec,radial_velocity
[from data line 286]
197.02153945076702,16.499236942897284,1.0000000000000009,2.0369955973710017,-3.5206151906031637,156.87976614643676
197.03169123565183,16.50156626877437,1.0000000000000009,2.036068862930298,-3.5208976103059975,156.81726717908063
197.04184374714654,16.50389296231776,1.0000000000000009,2.0351404691019344,-3.5211750185530333,156.75446299659419
197.05199698291253,16.506217032303063,1.0000000000000009,2.0342104268644654,-3.521447434838646,156.691357748248
197.06215094061255,16.508538487506225,1.0000000000000009,2.0332787471927922,-3.5217148786592842,156.62795558331246
197.07230561791107,16.510857336703666,1.0000000000000009,2.0323454410581565,-3.521977369513481,156.56426065105808
197.08246101247425,16.51317358867217,1.0000000000000007,2.0314105194281282,-3.5222349269018345,156.50027710075517
197.0926171219696,16.51548725218894,1.0000000000000009,2.0304739932666163,-3.5224875703270326,156.43600908167426
197.10277394406643,16.517798336031596,1.0000000000000009,2.0295358735338844,-3.52273531929384,156.37146074308583
197.11293147643548,16.520106848978138,1.0000000000000009,2.0285961711864946,-3.5229781933091058,156.30663623426017
197.12308971674935,16.522412799807025,1.0000000000000009,2.027654897177335,-3.5232162118817616,156.24153970446787
197.1332486626819,16.524716197297057,1.0000000000000009,2.026712062455667,-3.523449394522814,156.17617530297926
197.14340831190884,16.527017050227496,1.0000000000000009,2.0257676779670195,-3.523677760745361,156.1105471790648
197.15356866210752,16.529315367378,1.0000000000000009,2.024821754653253,-3.523901330064584,156.04465948199498
197.1637297109566,16.531611157528605,1.0000000000000009,2.02387430345256,-3.5241201219977523,155.9785163610402
197.17389145613672,16.533904429459795,1.000000000000001,2.0229253352994263,-3.5243341560642065,155.91212196547093
197.18405389532978,16.536195191952423,1.0000000000000009,2.0219748611246775,-3.524543451785396,155.84548044455755
197.1942170262196,16.538483453787794,1.0000000000000009,2.0210228918553934,-3.524748028684842,155.77859594757052
197.20438084649135,16.54076922374757,1.0000000000000009,2.020069438415028,-3.5249479062881575,155.7114726237804
197.21454535383197,16.543052510613865,1.0000000000000009,2.0191145117232665,-3.5251431041230497,155.64411462245738
197.22471054592998,16.545333323169178,1.0000000000000009,2.0181581226961516,-3.525333641719307,155.57652609287214
197.23487642047547,16.54761167019641,1.000000000000001,2.017200282245991,-3.525519538608817,155.50871118429495
197.24504297516026,16.549887560478897,1.0000000000000009,2.016241001281383,-3.525700814325562,155.44067404599636
197.25521020767758,16.552161002800343,1.0000000000000007,2.0152802907072296,-3.5258774884055955,155.37241882724672
197.26537811572257,16.554432005944907,1.0000000000000009,2.0143181614247077,-3.526049580387091,155.30394967731658
197.27554669699163,16.556700578697107,1.0000000000000009,2.0133546243313027,-3.5262171098103003,155.2352707454762
197.28571594918307,16.5589667298419,1.0000000000000009,2.0123896903207577,-3.5263800962175678,155.16638618099623
197.29588586999682,16.561230468164645,1.0000000000000009,2.011423370283099,-3.526538559153341,155.09730013314694
197.30605645713416,16.563491802451097,1.0000000000000007,2.010455675104648,-3.5266925181641646,155.0280167511989
197.31622770829833,16.565750741487438,1.0000000000000009,2.0094866156679796,-3.526841992798669,154.95854018442242
197.32639962119396,16.568007294060237,1.0000000000000009,2.0085162028519328,-3.5269870026075942,154.88887458208802
197.33657219352745,16.570261468956485,1.0000000000000007,2.0075444475316484,-3.527127567143772,154.81902409346614
197.3467454230066,16.57251327496357,1.0000000000000009,2.0065713605785174,-3.5272637059621283,154.74899286782718
197.3569193073412,16.574762720869295,1.0000000000000009,2.00559695286017,-3.527395438619709,154.67878505444165
197.36709384424245,16.577009815461874,1.0000000000000009,2.0046212352405224,-3.5275227846756296,154.6084048025799
197.37726903142308,16.57925456752991,1.0000000000000009,2.0036442185797387,-3.5276457636911376,154.53785626151242
197.38744486659778,16.581496985862454,1.0000000000000009,2.002665913734244,-3.5277643952295605,154.46714358050957
197.3976213474825,16.5837370792489,1.0000000000000009,2.001686331556721,-3.5278786988563358,154.39627090884184
197.40779847179505,16.5859748564791,1.0000000000000009,2.0007054828960893,-3.5279886941390064,154.32524239577972
197.41797623725495,16.58821032634332,1.0000000000000009,1.999723378597487,-3.528094400647218,154.2540621905937
197.4281546415831,16.590443497632183,1.0000000000000009,1.9987400295023665,-3.5281958379527216,154.182734442554
197.43833368250225,16.59267437913677,1.0000000000000009,1.997755446448366,-3.5282930256293694,154.11126330093123
197.4485133577367,16.594902979648527,1.0000000000000009,1.9967696402693775,-3.52838598325312,154.03965291499583
197.45869366501245,16.597129307959356,1.0000000000000009,1.9957826217955308,-3.5284747304020456,153.96790743401806
197.46887460205699,16.59935337286151,1.0000000000000009,1.9947944018531985,-3.528559286656325,153.89603100726865
197.47905616659972,16.601575183147702,1.000000000000001,1.9938049912649465,-3.5286396715982313,153.8240277840178
197.48923835637152,16.603794747611026,1.0000000000000009,1.9928144008495945,-3.528715904812173,153.751901913536
197.49942116910486,16.60601207504497,1.0000000000000009,1.9918226414222122,-3.5287880058846355,153.67965754509376
197.509604602534,16.608227174243467,1.0000000000000009,1.9908297237940484,-3.528855994404239,153.60729882796144
197.51978865439474,16.610440054000808,1.0000000000000009,1.9898356587725878,-3.5289198899617054,153.5348299114095
197.5299733224247,16.61265072311175,1.0000000000000009,1.988840457161528,-3.5289797121498703,153.46225494470843
197.54015860436283,16.614859190371394,1.0000000000000009,1.9878441297607896,-3.5290354805636817,153.38957807712865
197.55034449795005,16.6170654645753,1.0000000000000009,1.9868466873665138,-3.529087214800196,153.31680345794047
197.56053100092885,16.619269554519427,1.0000000000000009,1.9858481407710329,-3.5291349344585905,153.2439352364146
197.57071811104322,16.6214714690001,1.0000000000000009,1.9848485007628849,-3.5291786591401486,153.1709775618212
197.58090582603913,16.623671216814103,1.0000000000000009,1.9838477781267958,-3.5292184084482745,153.09793458343083
197.5910941436638,16.625868806758586,1.000000000000001,1.9828459836437489,-3.5292542019884845,153.02481045051397
197.6012830616665,16.628064247631148,1.0000000000000009,1.9818431280908655,-3.529286059368421,152.95160931234093
197.6114725777978,16.63025754822974,1.0000000000000009,1.98083922224151,-3.5293140001978234,152.87833531818237
197.6216626898102,16.632448717352773,1.0000000000000009,1.979834276865212,-3.529338044088564,152.80499261730844
197.63185339545788,16.634637763799052,1.0000000000000009,1.9788283027276812,-3.529358210654628,152.73158535898975
197.6420446924964,16.636824696367754,1.0000000000000009,1.977821310590846,-3.5293745195121238,152.65811769249675
197.65223657868336,16.639009523858522,1.0000000000000009,1.9768133112127888,-3.5293869902792787,152.58459376709982
197.66242905177765,16.641192255071335,1.0000000000000009,1.975804315347803,-3.529395642576426,152.51101773206943
197.67262210954013,16.643372898806657,1.000000000000001,1.9747943337463632,-3.529400496026038,152.43739373667609
197.68281574973315,16.645551463865285,1.0000000000000009,1.9737833771550957,-3.5294015702527037,152.36372593019004
197.6930099701208,16.64772795904847,1.0000000000000009,1.97277145631681,-3.529398884883122,152.29001846188186
197.70320476846894,16.64990239315788,1.0000000000000009,1.9717585819704961,-3.529392459546134,152.21627548102197
197.71340014254486,16.652074774995526,1.0000000000000009,1.9707447648513163,-3.529382313872685,152.14250113688087
197.72359609011778,16.654245113363896,1.0000000000000009,1.9697300156905815,-3.5293684674958516,152.06869957872883
197.7337926089583,16.65641341706583,1.0000000000000009,1.9687143452158136,-3.5293509400508363,151.99487495583637
197.74398969683907,16.658579694904624,1.0000000000000007,1.9676977641506141,-3.5293297511749735,151.921031417474
197.75418735153414,16.66074395568395,1.0000000000000007,1.966680283214835,-3.5293049205077027,151.84717311291215
197.76438557081931,16.66290620820788,1.0000000000000009,1.965661913124416,-3.529276467690604,151.7733041914212
197.77458435247215,16.665066461280922,1.0000000000000009,1.9646426645914872,-3.5292444123673903,151.69942880227154
197.7847836942717,16.667224723707957,1.0000000000000009,1.9636225483243308,-3.5292087741838802,151.62555109473368
197.79498359399895,16.669381004294316,1.0000000000000009,1.962601575027353,-3.529169572788043,151.5516752180781
197.80518404943635,16.671535311845673,1.000000000000001,1.961579755401127,-3.5291268278299563,151.47780532157518
197.81538505836815,16.673687655168173,1.0000000000000009,1.9605571001423794,-3.529080558961849,151.40394555449535
197.8255866185803,16.675838043068346,1.0000000000000009,1.9595336199439597,-3.5290307858380574,151.33010006610905
197.83578872786038,16.67798648435309,1.0000000000000009,1.9585093254948482,-3.5289775281150577,151.25627300568675
197.8459913839977,16.68013298782978,1.0000000000000009,1.9574842274801814,-3.5289208054514605,151.18246852249885
197.8561945847831,16.682277562306123,1.0000000000000009,1.9564583365812513,-3.528860637507999,151.10869076581588
197.86639832800947,16.684420216590294,1.0000000000000009,1.9554316634754194,-3.528797043947546,151.03494388490805
197.876602611471,16.68656095949083,1.0000000000000009,1.9544042188362347,-3.5287300444351066,150.9612320290461
197.88680743296376,16.688699799816707,1.0000000000000009,1.9533760133333349,-3.5286596586378085,150.88755934750031
197.89701279028563,16.690836746377304,1.0000000000000009,1.95234705763251,-3.5285859062249276,150.81392998954112
197.90721868123592,16.692971807982353,1.000000000000001,1.951317362395642,-3.528508806867854,150.740348104439
197.91742510361587,16.695104993442083,1.0000000000000009,1.9502869382807564,-3.5284283802401353,150.6668178414643
197.92763205522817,16.697236311567046,1.0000000000000009,1.9492557959420047,-3.5283446460174375,150.59334334988756
197.93783953387754,16.699365771168253,1.0000000000000009,1.9482239460296196,-3.528257623877572,150.51992877897922
197.94804753737006,16.701493381057087,1.0000000000000009,1.9471913991899577,-3.5281673335004733,150.44657827800964
197.95825606351377,16.70361915004536,1.0000000000000009,1.9461581660654925,-3.528073794568235,150.3732959962493
197.96846511011833,16.705743086945294,1.0000000000000009,1.9451242572948129,-3.527977026765063,150.30008608296868
197.97867467499498,16.707865200569476,1.000000000000001,1.9440896835125816,-3.5278770497773104,150.2269526874382
197.98888475595686,16.709985499730962,1.000000000000001,1.9430544553495963,-3.5277738832934817,150.15389995892824
197.99909535081866,16.712103993243147,1.0000000000000007,1.9420185834327413,-3.5276675470041976,150.0809320467093
198.00930645739697,16.71422068991989,1.0000000000000009,1.9409820783849767,-3.5275580606022325,150.00805310005174
198.0195180735098,16.71633559857541,1.0000000000000009,1.9399449508253923,-3.527445443782498,149.93526726822614
198.02973019697706,16.718448728024367,1.0000000000000007,1.9389072113691714,-3.5273297162420487,149.8625787005028
198.0399428256205,16.720560087081807,1.0000000000000009,1.937868870627529,-3.527210897680063,149.7899915461522
198.05015595726326,16.72266968456317,1.0000000000000009,1.936829939207831,-3.5270890077978825,149.71750995444478
198.0603695897304,16.724777529284346,1.0000000000000009,1.9357904277135205,-3.526964066298981,149.64513807465104
198.07058372084865,16.72688363006157,1.0000000000000009,1.9347503467440852,-3.526836092888977,149.57288005604138
198.08079834844645,16.728987995711538,1.0000000000000007,1.9337097068951348,-3.5267051072756255,149.50074004788618
198.09101347035406,16.73109063505132,1.0000000000000009,1.9326685187583212,-3.526571129168831,149.42872219945593
198.10122908440317,16.73319155689839,1.0000000000000009,1.9316267929214046,-3.5264341782806365,149.35683066002105
198.11144518842755,16.73529077007066,1.0000000000000009,1.9305845399681854,-3.5262942743252372,149.285069578852
198.12166178026243,16.73738828338639,1.0000000000000009,1.9295417704785631,-3.5261514370189646,149.21344310521923
198.13187885774488,16.739484105664307,1.0000000000000009,1.9284984950285047,-3.5260056860803006,149.14195538839317
198.1420964187136,16.741578245723485,1.0000000000000009,1.9274547241900137,-3.525857041229866,149.07061057764417
198.15231446100913,16.743670712383455,1.0000000000000009,1.9264104685311771,-3.5257055221904414,148.99941282224282
198.1625329824737,16.745761514464135,1.0000000000000009,1.9253657386161471,-3.525551148686934,148.92836627145942
198.17275198095115,16.747850660785826,1.0000000000000009,1.9243205450051288,-3.525393940446417,148.85747507456458
198.18297145428727,16.74993816016926,1.0000000000000009,1.9232748982543857,-3.525233917198096,148.78674338082854
198.19319140032928,16.75202402143556,1.0000000000000009,1.9222288089162252,-3.5250710986733367,148.71617533952187
198.20341181692646,16.75410825340627,1.0000000000000009,1.9211822875390183,-3.524905504605643,148.64577509991486
198.21363270192947,16.756190864903314,1.0000000000000009,1.9201353446671945,-3.524737154730678,148.57554681127812
198.22385405319105,16.75827186474903,1.0000000000000009,1.9190879908411898,-3.5245660687862417,148.50549462288208
198.23407586856547,16.760351261766193,1.0000000000000007,1.918040236597534,-3.5243922665122884,148.435622683997
198.24429814590866,16.762429064777923,1.0000000000000009,1.916992092468762,-3.524215767650931,148.36593514389358
198.25452088307856,16.764505282607807,1.0000000000000007,1.915943568983474,-3.5240365919464285,148.296436151842
198.26474407793452,16.766579924079775,1.0000000000000009,1.914894676666293,-3.5238547591451734,148.22712985711289
198.2749677283379,16.768652998018222,1.0000000000000007,1.9138454260378808,-3.523670288995742,148.1580204089766
198.2851918321516,16.770724513247885,1.0000000000000007,1.9127958276149428,-3.5234832012488324,148.08911195670356
198.29541638724035,16.772794478593955,1.0000000000000009,1.9117458919101953,-3.5232935156573113,148.02040864956425
198.3056413914707,16.77486290288202,1.0000000000000009,1.9106956294323947,-3.523101251976196,147.95191463682912
198.31586684271068,16.77692979493804,1.000000000000001,1.9096450506863256,-3.5229064299626494,147.88363406776853
198.3260927388304,16.77899516358843,1.0000000000000009,1.9085941661727865,-3.522709069376,147.81557109165303
198.3363190777014,16.781059017659945,1.0000000000000009,1.9075429863886182,-3.5225091899777174,147.7477298577529
198.3465458571972,16.78312136597981,1.0000000000000009,1.906491521826661,-3.522306811531429,147.68011451533874
198.35677307519296,16.785182217375603,1.0000000000000009,1.9054397829757566,-3.5221019538029275,147.6127292136809
198.36700072956552,16.787241580675335,1.0000000000000009,1.9043877803208087,-3.521894636560151,147.54557810204986
198.3772288181937,16.789299464707415,1.0000000000000009,1.903335524342694,-3.521684879573189,147.478665329716
198.38745733895772,16.791355878300646,1.000000000000001,1.902283025518308,-3.5214727026142922,147.41199504594988
198.39768628973985,16.79341083028426,1.0000000000000009,1.901230294320582,-3.521258125457871,147.34557140002175
198.407915668424,16.79546432948784,1.000000000000001,1.9001773412183933,-3.5210411678804903,147.2793985412022
198.41814547289582,16.797516384741442,1.0000000000000009,1.8991241766766862,-3.5208218496608623,147.2134806187616
198.42837570104268,16.79956700487546,1.0000000000000009,1.8980708111563604,-3.5206001905798745,147.14782178197044
198.43860635075376,16.80161619872074,1.0000000000000009,1.8970172551143563,-3.5203762104205563,147.08242618009913
