galstreams/tracks/track.st.Sagittarius.antoja2020.ecsv
# %ECSV 0.9
# ---
# datatype:
# - {name: ra, unit: deg, datatype: float64}
# - {name: dec, unit: deg, datatype: float64}
# - {name: distance, unit: kpc, datatype: float64}
# - {name: pm_ra_cosdec, unit: mas / yr, datatype: float64}
# - {name: pm_dec, unit: mas / yr, datatype: float64}
# - {name: radial_velocity, unit: km / s, datatype: float64}
# delimiter: ','
# meta: !!omap
# - __serialized_columns__:
#     dec:
#       __class__: astropy.coordinates.angles.Latitude
#       unit: &id001 !astropy.units.Unit {unit: deg}
#       value: !astropy.table.SerializedColumn {name: dec}
#     distance:
#       __class__: astropy.coordinates.distances.Distance
#       unit: !astropy.units.Unit {unit: kpc}
#       value: !astropy.table.SerializedColumn {name: distance}
#     pm_dec:
#       __class__: astropy.units.quantity.Quantity
#       unit: !astropy.units.Unit {unit: mas / yr}
#       value: !astropy.table.SerializedColumn {name: pm_dec}
#     pm_ra_cosdec:
#       __class__: astropy.units.quantity.Quantity
#       unit: !astropy.units.Unit {unit: mas / yr}
#       value: !astropy.table.SerializedColumn {name: pm_ra_cosdec}
#     ra:
#       __class__: astropy.coordinates.angles.Longitude
#       unit: *id001
#       value: !astropy.table.SerializedColumn {name: ra}
#       wrap_angle: !astropy.coordinates.Angle
#         unit: *id001
#         value: 360.0
#     radial_velocity:
#       __class__: astropy.units.quantity.Quantity
#       unit: !astropy.units.Unit {unit: km / s}
#       value: !astropy.table.SerializedColumn {name: radial_velocity}
# schema: astropy-2.0
ra,dec,distance,pm_ra_cosdec,pm_dec,radial_velocity
62.81863612494435,16.006257900744988,37.26727195305963,0.307475757555345,-1.2471313924374976,-5.0524602779234026e-14
61.51028239493865,15.379189326469632,36.51689701759863,0.3693954396182153,-1.3343302474805396,-2.5262301389617013e-14
60.20982918608837,14.744527407954866,35.864805851905196,0.39834144158367424,-1.4001821617361325,-2.5262301389617013e-14
58.9169786143375,14.102643260406348,35.28351484744265,0.40267654602551006,-1.4508554308154125,-3.368306851948935e-14
57.63142352796688,13.453904265427244,34.751735043917186,0.3892809129524673,-1.4912214648660915,-3.368306851948935e-14
56.35284834405831,12.79867407539975,34.253331754753916,0.3637371319566275,-1.5250686421422326,8.420767129872338e-15
55.08092983149212,12.137312646052898,33.77641693512539,0.3305003017320918,-1.5552871239054744,-3.368306851948935e-14
53.81533784157795,11.470176294997021,33.312561351135294,0.29305347168274304,-1.5840279069643135,-8.420767129872338e-15
52.55573598779894,10.797617784095731,32.856114564365846,0.25404889989044316,-1.6128390970637103,0.0
51.3017822764735,10.119986423644018,32.403621649567526,0.21543567810673497,-1.6427821096242978,-3.368306851948935e-14
50.05312969040906,9.437628196422146,31.953326416716376,0.17857434990573828,-1.6745302445368955,-2.5262301389617013e-14
48.809426727845185,8.75088589979802,31.504751713990775,0.1443392049072656,-1.7084518390901378,-2.5262301389617013e-14
47.570317899166156,8.060099304153503,31.058348147275034,0.11320897217797328,-1.744679977633767,-1.2631150694808506e-14
46.335444184007784,7.365605326011632,30.615203266449054,0.08534666158242572,-1.7831705280237247,-2.947268495455318e-14
45.10444345149801,6.667738214339653,30.17680394075297,0.06066931489566914,-1.8237500828520086,-1.6841534259744676e-14
43.87695084645795,5.966829748597211,29.744845276703373,0.03890843069145894,-1.8661552073815195,-5.4734986344170195e-14
42.65259914445531,5.263209447187659,29.321080024058805,0.019661820026303276,-1.9100642353205242,-4.210383564936169e-14
41.431019078648816,4.557204785054003,28.907202969872966,0.0024376352534751233,-1.955122707340259,-6.73661370389787e-14
40.21183964139442,3.8491414192372093,28.504765339359142,-0.013308706716801899,-2.0009634147586937,-3.157787673702127e-14
38.99468836360356,3.139343421284143,28.115114706669225,-0.028144011521649498,-2.0472218912456968,-3.5788260301957434e-14
37.77919157485653,2.4281335154546433,27.7393563703363,-0.042632539769519584,-2.0935480878937334,-3.9998643866893604e-14
36.564974647277786,1.7158333217309454,27.378332568493583,-0.057316352937542996,-2.1396148706847264,-2.4209705498382972e-14
35.35166222618248,1.0027636026794728,27.03261629956145,-0.07270017630086484,-2.1851238934183046,-4.5261623323063815e-14
34.13887845050047,0.2892445132517747,26.70251687624692,-0.08924021932803587,-2.229809322721385,-4.184068667655318e-14
32.92624716598267,-0.42440414735832277,26.38809467584242,-0.10733643168529092,-2.273439824030675,-5.578758223540424e-14
31.71339213419165,-1.1378626826640414,26.089182859237194,-0.1273277109920455,-2.3158191576620015,-4.5261623323063815e-14
30.49993724027638,-1.8508112454918315,25.805414116078676,-0.14948961629871285,-2.3567856815228785,-4.210383564936169e-14
29.285506702530892,-2.562929585091228,25.536250755373622,-0.17403417853171585,-2.3962110109986416,-4.631421921429786e-14
28.069725286737214,-3.273896795600412,25.28101670073336,-0.20111143555092115,-2.433998046401832,-3.789345208442552e-14
26.852218528294788,-3.9833910667333328,25.038930168596895,-0.23081235473394057,-2.470078543516893,-3.368306851948935e-14
25.63261296514158,-4.691089437576532,24.80913600726481,-0.2631728399340576,-2.504410372637642,-3.789345208442552e-14
24.410536384473968,-5.396667554414969,24.59073685553498,-0.29817855209538213,-2.5369745855682555,-4.210383564936169e-14
23.18561808627423,-6.099799433545289,24.38282244321891,-0.33577030363127885,-2.567772387863482,-4.210383564936169e-14
21.957489166652433,-6.800157230082731,24.184496502860007,-0.3758498157967475,-2.5968220946871376,-3.789345208442552e-14
20.72578282400353,-7.4974110138235055,23.994900893566417,-0.4182856556589395,-2.6241561326720175,-5.894536990910637e-14
19.49013469096733,-8.191228553287855,23.813236654972954,-0.4629191948645359,-2.6498181367101448,-5.0524602779234026e-14
18.250183195156893,-8.881275109139981,23.638781812878104,-0.5095704562128629,-2.673860179362775,-5.894536990910637e-14
17.005569951586374,-9.56721323825878,23.470905848961362,-0.5580437360817606,-2.6963401612613778,-5.0524602779234026e-14
15.75594018967934,-10.248702609817618,23.309080826025845,-0.6081329110473587,-2.7173193832090505,-5.894536990910637e-14
14.50094321766963,-10.925399834821562,23.152889228259873,-0.6596263556294868,-2.736860314449808,-4.210383564936169e-14
13.240232927114993,-11.596958310644997,23.002028633863823,-0.7123114150318506,-2.755024566538905,-3.368306851948935e-14
11.973468340122913,-12.263028082212246,22.856313385805112,-0.7659783920889911,-2.7718710782329,-4.210383564936169e-14
10.700314201737436,-12.9232557215647,22.715673466178362,-0.8204240214449565,-2.7874545136558497,-5.0524602779234026e-14
9.420441619745414,-13.577284227661467,22.58015081136215,-0.8754544163405823,-2.8018238735403034,-5.894536990910637e-14
8.133528753929317,-14.224752948363216,22.44989332954685,-0.9308874843496941,-2.815021317458455,-4.210383564936169e-14
6.8392615565131685,-14.865297526649531,22.325146899907118,-0.9865548180532309,-2.827081193535259,-2.5262301389617013e-14
5.537334565214977,-15.498549873216472,22.206245644317367,-1.0423030750492646,-2.838029271072084,-6.73661370389787e-14
4.22745174992567,-16.124138167690543,22.093600768648887,-1.0979948689406462,-2.847882170719227,-6.73661370389787e-14
2.9093274135771154,-16.741686890775387,21.987688271898715,-1.153509199094439,-2.8566469862435775,-5.0524602779234026e-14
1.5826871472342403,-17.350816889714988,21.889035818216218,-1.2087414521004565,-2.864321091479139,-3.368306851948935e-14
0.2472688388446901,-17.95114547950835,21.7982090598178,-1.2636030120400257,-2.8708921256682247,-3.368306851948935e-14
358.902823734399,-18.54228658234295,21.715797688292714,-1.3180205199778834,-2.876338150053726,-6.73661370389787e-14
357.54911754949507,-19.12385090772127,21.642401478356824,-1.3719348255740027,-2.8806279682297404,-3.368306851948935e-14
356.1859316284545,-19.69544617573605,21.578616572136045,-1.4252996754391307,-2.8837216023682952,-3.368306851948935e-14
354.8130641472171,-20.256677385896605,21.525022233960488,-1.4780801838850575,-2.8855709169897983,0.0
353.4303313552309,-20.807147133820013,21.4821682858062,-1.5302511321019256,-2.8861203814167773,-5.0524602779234026e-14
352.03756885047716,-21.346455977969708,21.450563412290315,-1.5817951415799936,-2.885307961432857,1.6841534259744676e-14
350.63463288061996,-21.874202858447777,21.430664501842845,-1.6327007668286677,-2.883066129956263,-5.0524602779234026e-14
349.22140166206464,-22.38998556961942,21.42286716765717,-1.6829605511740025,-2.879322985729486,8.420767129872338e-14
347.79777670746006,-22.893401288066695,21.427497568552205,-1.7325690876770152,-2.8740034681298354,6.73661370389787e-14
346.3636841509015,-23.384047157028895,21.444805626232984,-1.781521125046018,-2.8670306552305296,1.6841534259744676e-14
344.91907605881505,-23.8615209280868,21.47495971186224,-1.8298097558511546,-2.8583271312054395,1.6841534259744676e-14
343.46393171323854,-24.325421660385153,21.518042851583353,-1.877424721421782,-2.847816408094244,6.73661370389787e-14
341.9982588530098,-24.77535047716233,21.5740504778747,-1.9243508645489846,-2.8354243858557453,-3.368306851948935e-14
340.52209485724165,-25.210911378767804,21.642889731559112,-1.9705667575584662,-2.8210808335668554,5.0524602779234026e-14
339.0355078544578,-25.63171211070019,21.724380298111875,-2.016043529496077,-2.804720873609672,3.368306851948935e-14
337.53859773991417,-26.037365084494958,21.81825674176239,-2.060743912113617,-2.7862864497688684,-1.347322740779574e-13
336.0314970829784,-26.427488348537743,21.92417228190605,-2.104621520093341,-2.7657277593793737,-1.0104920555846805e-13
334.51437190603485,-26.801706605084703,22.041703938655207,-2.147620376546461,-2.7430046290649575,6.73661370389787e-14
332.98742231625135,-27.159652268946612,22.170358958066643,-2.189674690308472,-2.718087813237888,-5.0524602779234026e-14
331.4508829717404,-27.500966562450984,22.309582412776663,-2.230708886982291,-2.690960194433326,6.73661370389787e-14
329.90502336419996,-27.82530064045082,22.458765860528967,-2.2706378911038225,-2.6616178647728788,-3.368306851948935e-14
328.3501479010508,-28.13231673831863,22.617256931453714,-2.3093676522842452,-2.6300710684282995,-6.73661370389787e-14
326.78659577143867,-28.421689335065906,22.78436970499499,-2.346795903784491,-2.5963449859220087,3.368306851948935e-14
325.21474058223015,-28.693106322984967,22.959395729120853,-2.3828131377703317,-2.560480342480178,-1.515738083377021e-13
323.63498975231994,-28.94627017453969,23.14161552790343,-2.4173037775545128,-2.5225338244617896,-5.0524602779234026e-14
322.04778365616875,-29.18089909665799,23.33031043873505,-2.4501475235309083,-2.4825782901258675,3.368306851948935e-14
320.45359451046977,-29.39672816212154,23.52477461734324,-2.481220846320025,-2.440702763658563,-1.1789073981821273e-13
318.85292500117407,-29.593510407426894,23.72432704736842,-2.5103985979478844,-2.3970122044367255,-6.73661370389787e-14
317.24630665172657,-29.771017886325403,23.92832339154461,-2.537555709738995,-2.351627046914747,-8.420767129872338e-14
315.63429793720445,-29.92904266825142,24.136167523439966,-2.5625689440782073,-2.304682510231016,8.420767129872338e-14
314.0174821530393,-30.067397771030485,24.347322582222265,-2.585318666334066,-2.2563276805692998,1.515738083377021e-13
312.3964650510357,-30.185918017629753,24.561321397959745,-2.605690603072353,-2.206724373395294,-5.0524602779234026e-14
310.77187225938906,-30.284460807272826,24.777776141484782,-2.6235775532410437,-2.1560457868253087,-1.8525687685719145e-13
309.144346507233,-30.362906791988785,24.996387060764583,-2.6388810202764663,-2.1044749614702507,-3.368306851948935e-14
307.5145446778211,-30.421160450591277,25.21695017495899,-2.651512735044938,-2.0522030660266326,-8.420767129872338e-14
305.8831347176579,-30.459150553174943,25.439363807813965,-2.6613960421537883,-1.9994275315499621,6.73661370389787e-14
304.25079243164805,-30.47683051045385,25.66363385364665,-2.668467125379664,-1.9463500606401165,1.347322740779574e-13
302.61819819654477,-30.474178603626175,25.889877681824604,-2.672676051690594,-1.8931745405970837,5.0524602779234026e-14
300.9860336265875,-30.45119809190319,26.11832659922367,-2.673987617484635,-1.8401048918840937,1.6841534259744676e-14
299.35497822616287,-30.407917196357992,26.349326804555957,-2.6723819851220187,-1.787342884894468,1.347322740779574e-13
297.7257060645808,-30.344388960295994,26.58333878357812,-2.667855102469006,-1.7350859590077476,5.0524602779234026e-14
296.0988825076202,-30.260690987892083,26.820935109902916,-2.660418902874432,-1.683525078209464,8.420767129872338e-14
294.47516103937494,-30.156925064342733,27.06279663232349,-2.65010128763722,-1.6328426571286756,-6.73661370389787e-14
292.8551802061613,-30.033216662213896,27.309707046096275,-2.6369458974718514,-1.5832105902313938,6.73661370389787e-14
291.23956071188684,-29.889714339995443,27.56254586238987,-2.6210116836242325,-1.5347884151304676,8.420767129872338e-14
289.62890269139683,-29.72658904007468,27.822279806966556,-2.6023722930299216,-1.4877216385868866,-5.0524602779234026e-14
288.0237831850035,-29.5440332943909,28.089952695992306,-2.581115285153942,-1.4421402508539893,0.0
286.42475383375,-29.342260346914188,28.366673853542288,-2.5573412008381404,-1.398157450637897,-1.0104920555846805e-13
284.8323388110818,-29.121503202790304,28.653605151752448,-2.5311625055605407,-1.355868599207954,1.1789073981821273e-13
283.247033002587,-28.882013614504615,28.95194677053788,-2.5027024309543093,-1.31535041818857,1.6841534259744677e-13
281.6693004414381,-28.624061015738512,29.26292178922683,-2.472093739235981,-1.2766604413991316,1.6841534259744676e-14
280.09957300320855,-28.347931413726673,29.58775973722199,-2.4394774353667867,-1.2398367268803256,1.8525687685719145e-13
278.5382493599459,-28.053926250879744,29.927679244774783,-2.4050014513491904,-1.204897831046359,2.3578147963642546e-13
276.98569418983243,-27.74236124622885,30.283869948023934,-2.3688193260899175,-1.1718430428187196,-4.210383564936169e-14
275.44223763551963,-27.413565226889386,30.657473814490363,-2.331088902800621,-1.1406528717034048,5.0524602779234026e-14
273.9081750013384,-27.06787895925213,31.04956606612382,-2.291971064027219,-1.1112897801333954,-1.6841534259744676e-14
272.38376667709076,-26.705653989008443,31.461135886653675,-2.25162852217459,-1.0836991470627861,-1.6841534259744676e-14
270.8692382740535,-26.327251498425483,31.893067108304727,-2.2102246809036896,-1.05781044680676,4.210383564936169e-14
269.3647809571676,-25.933041188526822,32.346119079799976,-2.1679225801030557,-1.0335386244986509,1.8525687685719145e-13
267.8705519561508,-25.52340019302622,32.8209079228949,-2.1248839343535795,-1.0107856472964707,2.5262301389617017e-13
266.38667523743544,-25.098712030025602,33.31788838838619,-2.081268271988028,-0.9894422086208594,1.0946997268834039e-13
264.91324231838246,-24.659365596642715,33.83733652453441,-2.037232179062825,-0.9693895612401686,2.2736071250655313e-13
263.45031320511214,-24.20575421089417,34.37933337106396,-1.9929286498698517,-0.9505014539246146,1.6841534259744677e-13
261.9979174354974,-23.738274704341766,34.94374989029275,-1.9485065430736273,-0.9326461456529368,-5.894536990910637e-14
260.55605520934324,-23.25732656822557,35.53023334344531,-1.9041101402087877,-0.9156884709504866,8.420767129872338e-14
259.1246985884794,-22.76331115506585,36.13819531477077,-1.8598788011510285,-0.8994919298431714,5.0524602779234026e-14
257.703792750389,-22.25663093702661,36.766801578689325,-1.8159467093098598,-0.8839207761020649,7.578690416885104e-14
256.29325728003874,-21.737688821700853,37.414963995800655,-1.7724426977044931,-0.8688420779034588,2.2736071250655313e-13
254.8929874857276,-21.206887525405346,38.08133461219473,-1.7294901457886236,-0.8541277257139647,9.262843842859572e-14
253.5028557259968,-20.664629003563803,38.76430212310549,-1.6872069358930641,-0.8396563631070224,2.1893994537668078e-13
252.12271273591327,-20.111313937310975,39.461990846553334,-1.6457054574587178,-0.8253152173045615,1.1789073981821273e-13
250.75238894231785,-19.547341275065776,40.1722623352547,-1.6050926468330906,-0.8110018074967879,-2.5262301389617013e-14
249.39169575890338,-18.973107827497703,40.89271973577228,-1.5654700502938024,-0.7966255104077431,5.894536990910637e-14
248.0404268532253,-18.389007914043326,41.62071498268805,-1.5269338981314737,-0.7821089641303779,8.420767129872338e-15
246.6983593789404,-17.795433058916085,42.35335889256609,-1.4895751780579658,-0.76738929294085,1.515738083377021e-13
245.3652551677017,-17.192771734388362,43.08753419771078,-1.4534796968879002,-0.7524191376081351,6.73661370389787e-14
244.04086187619683,-16.581409149004926,43.81991153331489,-1.418728120353337,-0.7371674776341344,2.020984111169361e-13
242.724914084805,-15.961727078308227,44.54696836363618,-1.3853959820336166,-0.7216202338854736,1.347322740779574e-13
241.4171343452482,-15.334103735612242,45.26501080347118,-1.3535536536932633,-0.7057806422060275,-5.894536990910637e-14
240.11723417543658,-14.698913680349666,45.97019826054831,-1.323266270798229,-0.6896693908251745,2.1893994537668078e-13
238.82491500044674,-14.056527761531555,46.65857079270448,-1.2945936086010994,-0.6733245166971845,2.3578147963642546e-13
237.53986903922916,-13.40731309389604,47.32607904101242,-1.2675899059249705,-0.6568010583187429,1.7262572616238293e-13
236.2617801372263,-12.75163306437856,47.9686165665919,-1.2423036356081927,-0.6401704650706328,8.841805486365955e-14
234.99032454558824,-12.089847366607094,48.58205438487737,-1.2187772224721494,-0.6235197657119157,-1.0946997268834039e-13
